times:
  edit-metadata: 1.3984038978815079
  landing: 0.9969633668661118
  view-data: 3.514412634074688
