times:
  edit-metadata: 1.4304175153374672
  landing: 1.0012091547250748
  view-data: 3.4755826741456985
