times:
  edit-metadata: 1.3907500654459
  landing: 0.8704355396330357
  view-data: 3.3504681512713432
