times:
  edit-metadata: 1.4805863797664642
  landing: 0.7880903631448746
  view-data: 3.3251798376441
