times:
  edit-metadata: 1.3721681088209152
  landing: 0.7830713987350464
  view-data: 3.419095903635025
