times:
  edit-metadata: 1.4672793969511986
  landing: 0.8398163244128227
  view-data: 3.59346155077219
