times:
  edit-metadata: 1.4126332700252533
  landing: 0.7702971547842026
  view-data: 3.417420372366905
