times:
  edit-metadata: 1.428141288459301
  landing: 0.9998584873974323
  view-data: 3.407981563359499
