times:
  edit-metadata: 1.431394923478365
  landing: 0.7887962386012077
  view-data: 3.335251923650503
