times:
  edit-metadata: 1.551171712577343
  landing: 1.0079893693327904
  view-data: 3.304963178932667
