times:
  edit-metadata: 1.4167161211371422
  landing: 0.7234692052006721
  view-data: 3.4416648596525192
