times:
  edit-metadata: 1.3567463755607605
  landing: 0.8435893505811691
  view-data: 3.448820859193802
