times:
  edit-metadata: 1.3772917985916138
  landing: 0.7776021212339401
  view-data: 3.413697235286236
