times:
  edit-metadata: 1.4151925593614578
  landing: 0.7129663974046707
  view-data: 3.385601483285427
