times:
  edit-metadata: 1.353879526257515
  landing: 0.8525017127394676
  view-data: 3.3993885181844234
