times:
  edit-metadata: 1.452434815466404
  landing: 0.9057267010211945
  view-data: 3.280042450875044
