times:
  edit-metadata: 1.544766589999199
  landing: 0.7939078286290169
  view-data: 3.377087317407131
