times:
  edit-metadata: 1.3512295559048653
  landing: 0.7514291405677795
  view-data: 3.4694174975156784
