times:
  edit-metadata: 1.4765350818634033
  landing: 1.0924078077077866
  view-data: 3.336674027144909
