times:
  edit-metadata: 1.3762697279453278
  landing: 0.8070153743028641
  view-data: 3.446652129292488
