times:
  edit-metadata: 1.9074976779520512
  landing: 0.9941023029386997
  view-data: 3.652261398732662
