times:
  edit-metadata: 1.3835532143712044
  landing: 0.7908361330628395
  view-data: 3.545171968638897
