times:
  edit-metadata: 1.4290929362177849
  landing: 0.7806921750307083
  view-data: 3.3561753258109093
