times:
  edit-metadata: 1.3205711133778095
  landing: 0.7738076187670231
  view-data: 3.2480164729058743
