times:
  edit-metadata: 1.3508803993463516
  landing: 0.7828927524387836
  view-data: 3.339526627212763
