times:
  edit-metadata: 1.4223914444446564
  landing: 0.9178147315979004
  view-data: 3.3382349759340286
