times:
  edit-metadata: 1.4011872038245201
  landing: 0.725383348762989
  view-data: 3.430311255156994
