times:
  edit-metadata: 1.4816187173128128
  landing: 0.7453181892633438
  view-data: 3.5121736600995064
