times:
  edit-metadata: 1.5409099571406841
  landing: 0.7807420156896114
  view-data: 3.7938479967415333
