times:
  edit-metadata: 1.441310591995716
  landing: 0.7638925835490227
  view-data: 3.4275241792201996
