times:
  edit-metadata: 1.6497819498181343
  landing: 1.196240171790123
  view-data: 3.365346398204565
