times:
  edit-metadata: 1.303970143198967
  landing: 0.80237927287817
  view-data: 3.3865721598267555
