times:
  edit-metadata: 2.4212162494659424
  landing: 1.313346117734909
  view-data: 4.089992396533489
