times:
  edit-metadata: 1.3257891684770584
  landing: 0.7823046371340752
  view-data: 3.4962594732642174
