times:
  edit-metadata: 1.476396232843399
  landing: 0.7501034587621689
  view-data: 3.3971563950181007
