times:
  edit-metadata: 1.440209060907364
  landing: 1.001979149878025
  view-data: 3.5767209604382515
