times:
  edit-metadata: 1.4635595977306366
  landing: 0.9266507253050804
  view-data: 3.4685114324092865
