times:
  edit-metadata: 2.0831191912293434
  landing: 1.0609448552131653
  view-data: 3.711466208100319
