times:
  edit-metadata: 1.4063365459442139
  landing: 0.7798321917653084
  view-data: 3.46787142008543
