times:
  edit-metadata: 1.3679632544517517
  landing: 0.8408183306455612
  view-data: 3.3063318729400635
