times:
  edit-metadata: 1.4341264069080353
  landing: 0.7704083025455475
  view-data: 3.4776984825730324
