times:
  edit-metadata: 1.6470410525798798
  landing: 0.9531072080135345
  view-data: 3.547999531030655
