times:
  edit-metadata: 1.394925370812416
  landing: 0.8101894482970238
  view-data: 3.341497704386711
