times:
  edit-metadata: 1.3824863359332085
  landing: 0.777859590947628
  view-data: 3.475008100271225
