times:
  edit-metadata: 1.4739862158894539
  landing: 0.7971833646297455
  view-data: 3.3169579580426216
