times:
  edit-metadata: 1.4611019119620323
  landing: 0.7674613147974014
  view-data: 0.47477392107248306
