times:
  edit-metadata: 1.624534722417593
  landing: 0.9714686162769794
  view-data: 3.3217032365500927
