times:
  edit-metadata: 1.414386585354805
  landing: 0.8001540750265121
  view-data: 3.468734823167324
