times:
  edit-metadata: 2.0851500928401947
  landing: 1.1672037355601788
  view-data: 3.4701642356812954
