times:
  edit-metadata: 1.2930980995297432
  landing: 0.7659358084201813
  view-data: 3.471217729151249
