times:
  edit-metadata: 1.3611354753375053
  landing: 0.7447563260793686
  view-data: 3.3382849916815758
