times:
  edit-metadata: 1.4208334051072598
  landing: 0.7406486757099628
  view-data: 3.3082709312438965
