times:
  edit-metadata: 1.4448916465044022
  landing: 0.7110935151576996
  view-data: 3.500333309173584
