times:
  edit-metadata: 1.3759529441595078
  landing: 0.7670507505536079
  view-data: 3.2976785227656364
