times:
  edit-metadata: 1.4660601168870926
  landing: 0.7574270442128181
  view-data: 3.3141773529350758
