times:
  edit-metadata: 1.5418307334184647
  landing: 0.9046719446778297
  view-data: 3.474520079791546
