times:
  edit-metadata: 1.3370962366461754
  landing: 0.8280419036746025
  view-data: 3.320747748017311
