times:
  edit-metadata: 1.4429864808917046
  landing: 0.7875226885080338
  view-data: 3.359234392642975
