times:
  edit-metadata: 1.453220508992672
  landing: 0.789054162800312
  view-data: 3.2985659912228584
