times:
  edit-metadata: 1.3869743309915066
  landing: 0.8375678099691868
  view-data: 3.321579847484827
