times:
  edit-metadata: 1.4421349205076694
  landing: 0.7602445855736732
  view-data: 3.3529199846088886
