times:
  edit-metadata: 1.5931196436285973
  landing: 0.7814090251922607
  view-data: 3.3448108546435833
