times:
  edit-metadata: 1.3476601615548134
  landing: 0.8751888126134872
  view-data: 0.49140312522649765
