times:
  edit-metadata: 1.4039442352950573
  landing: 0.8966808393597603
  view-data: 3.3536130003631115
