times:
  edit-metadata: 1.3643813654780388
  landing: 0.7695211060345173
  view-data: 3.3076571598649025
