times:
  edit-metadata: 1.3587078303098679
  landing: 0.8042567446827888
  view-data: 3.287464275956154
