times:
  edit-metadata: 1.375988058745861
  landing: 0.8186986669898033
  view-data: 3.489835575222969
