times:
  edit-metadata: 1.4175263419747353
  landing: 0.7764071635901928
  view-data: 3.252372670918703
