times:
  edit-metadata: 1.3452956974506378
  landing: 0.7483268454670906
  view-data: 3.495818965137005
