times:
  edit-metadata: 1.3736326321959496
  landing: 0.8560220524668694
  view-data: 3.4509396329522133
