times:
  edit-metadata: 1.4538129419088364
  landing: 0.7560413107275963
  view-data: 3.5558413341641426
