times:
  edit-metadata: 1.3854114562273026
  landing: 0.7346518859267235
  view-data: 3.4311190024018288
