times:
  edit-metadata: 1.5190178975462914
  landing: 0.7955691441893578
  view-data: 3.524521589279175
