times:
  edit-metadata: 1.38427609577775
  landing: 0.8716676793992519
  view-data: 3.288922894746065
