times:
  edit-metadata: 1.2937759384512901
  landing: 0.7481586039066315
  view-data: 3.4174829497933388
