times:
  edit-metadata: 1.3782833218574524
  landing: 0.7369994074106216
  view-data: 3.453528016805649
