times:
  edit-metadata: 1.5153367221355438
  landing: 0.8466902673244476
  view-data: 3.4301615804433823
