times:
  edit-metadata: 1.6370612494647503
  landing: 0.9505658186972141
  view-data: 3.30718482285738
