times:
  edit-metadata: 1.3925051614642143
  landing: 0.785510815680027
  view-data: 3.4221929609775543
