times:
  edit-metadata: 1.3889377042651176
  landing: 0.7942986190319061
  view-data: 3.383791409432888
