times:
  edit-metadata: 1.376553412526846
  landing: 0.9372301995754242
  view-data: 3.2702530547976494
