times:
  edit-metadata: 1.4748811349272728
  landing: 0.8240616396069527
  view-data: 0.5291361063718796
