times:
  edit-metadata: 1.3944928422570229
  landing: 0.8223221600055695
  view-data: 3.2626244015991688
