times:
  edit-metadata: 1.295532125979662
  landing: 0.780137225985527
  view-data: 3.3103059716522694
