times:
  edit-metadata: 1.2998701706528664
  landing: 0.8275751918554306
  view-data: 3.4667057245969772
