times:
  edit-metadata: 1.5171836018562317
  landing: 0.9516198858618736
  view-data: 3.338426373898983
