times:
  edit-metadata: 1.767017774283886
  landing: 0.8106852024793625
  view-data: 3.3127974197268486
