times:
  edit-metadata: 1.8900330737233162
  landing: 1.1097764074802399
  view-data: 3.4044480994343758
