times:
  edit-metadata: 1.6915654689073563
  landing: 0.9332701936364174
  view-data: 3.331650346517563
