times:
  edit-metadata: 1.2261421456933022
  landing: 0.8373612761497498
  view-data: 3.4446743354201317
