times:
  edit-metadata: 1.4955820366740227
  landing: 0.8909292668104172
  view-data: 3.33120010048151
