times:
  edit-metadata: 1.437964677810669
  landing: 0.7144166082143784
  view-data: 3.4704351872205734
