times:
  edit-metadata: 1.5159342586994171
  landing: 0.8026307672262192
  view-data: 3.40310325473547
