times:
  edit-metadata: 1.5042449198663235
  landing: 0.772884588688612
  view-data: 3.2581806518137455
