times:
  edit-metadata: 1.4792223572731018
  landing: 0.8722513914108276
  view-data: 3.319902591407299
