times:
  edit-metadata: 1.9316564053297043
  landing: 1.059369444847107
  view-data: 3.352760672569275
