times:
  edit-metadata: 1.4579320177435875
  landing: 0.9587767757475376
  view-data: 3.3666034378111362
