times:
  edit-metadata: 1.5350396558642387
  landing: 0.9175803065299988
  view-data: 3.3063680678606033
