times:
  edit-metadata: 1.384359486401081
  landing: 0.8788594827055931
  view-data: 3.4065410047769547
