times:
  edit-metadata: 1.4703635685145855
  landing: 0.9600345157086849
  view-data: 3.48964586853981
