times:
  edit-metadata: 1.4983294643461704
  landing: 0.9099666588008404
  view-data: 3.7705774642527103
