times:
  edit-metadata: 1.4471135884523392
  landing: 0.7154669165611267
  view-data: 3.563490331172943
