times:
  edit-metadata: 1.3561799004673958
  landing: 0.9301247745752335
  view-data: 3.319797243922949
