times:
  edit-metadata: 1.4627183303236961
  landing: 0.6848434582352638
  view-data: 3.4283668845891953
