times:
  edit-metadata: 1.4875316694378853
  landing: 0.7903786189854145
  view-data: 3.302508417516947
