times:
  edit-metadata: 1.4158631078898907
  landing: 0.7715030536055565
  view-data: 3.3004030101001263
