times:
  edit-metadata: 1.459526740014553
  landing: 0.8156868368387222
  view-data: 3.3650185838341713
