times:
  edit-metadata: 1.4294478632509708
  landing: 0.8054712042212486
  view-data: 3.3903231285512447
