times:
  edit-metadata: 1.5795138254761696
  landing: 0.8436565883457661
  view-data: 3.3191273026168346
