times:
  edit-metadata: 1.4379164725542068
  landing: 0.9794001132249832
  view-data: 3.5741158351302147
