times:
  edit-metadata: 1.4269158691167831
  landing: 0.7582861110568047
  view-data: 3.483608730137348
