times:
  edit-metadata: 1.398276835680008
  landing: 0.8386087119579315
  view-data: 3.2896530590951443
