times:
  edit-metadata: 1.4544089138507843
  landing: 0.8486070334911346
  view-data: 3.2811223939061165
