times:
  edit-metadata: 1.4235537238419056
  landing: 0.7533762156963348
  view-data: 3.3530429787933826
