times:
  edit-metadata: 1.604760229587555
  landing: 0.8182755708694458
  view-data: 3.433453470468521
