times:
  edit-metadata: 1.3785099014639854
  landing: 0.8413144201040268
  view-data: 3.470352791249752
