times:
  edit-metadata: 1.459313914179802
  landing: 0.8019906207919121
  view-data: 3.4942827001214027
