times:
  edit-metadata: 1.5597901493310928
  landing: 0.8804625943303108
  view-data: 3.420777842402458
