times:
  edit-metadata: 1.3677195608615875
  landing: 0.8065459877252579
  view-data: 3.534614384174347
