times:
  edit-metadata: 1.3976471722126007
  landing: 0.7467209547758102
  view-data: 3.353773921728134
