times:
  edit-metadata: 1.648185558617115
  landing: 0.93502626568079
  view-data: 3.386886715888977
