times:
  edit-metadata: 1.410493180155754
  landing: 0.8067695274949074
  view-data: 3.4201133027672768
