times:
  edit-metadata: 1.358422126621008
  landing: 0.7822873033583164
  view-data: 3.2755437567830086
