times:
  edit-metadata: 1.4657788202166557
  landing: 0.7953587248921394
  view-data: 3.4723199605941772
