times:
  edit-metadata: 1.3847271651029587
  landing: 0.7309039905667305
  view-data: 3.454818658530712
