times:
  edit-metadata: 1.629675067961216
  landing: 1.0446929782629013
  view-data: 3.6143194139003754
