times:
  edit-metadata: 1.45334292948246
  landing: 1.0755438171327114
  view-data: 3.4162100553512573
