times:
  edit-metadata: 1.3756781965494156
  landing: 0.8102743998169899
  view-data: 3.3726245909929276
