times:
  edit-metadata: 1.4502669796347618
  landing: 0.716282457113266
  view-data: 3.3874724954366684
