times:
  edit-metadata: 1.3844364322721958
  landing: 0.8449775911867619
  view-data: 3.317311204969883
