times:
  edit-metadata: 1.3807448372244835
  landing: 0.7229674607515335
  view-data: 3.501121513545513
