times:
  edit-metadata: 1.4942918419837952
  landing: 0.9003216773271561
  view-data: 3.5109980031847954
