times:
  edit-metadata: 1.4842069186270237
  landing: 0.7576497197151184
  view-data: 3.357355609536171
