times:
  edit-metadata: 1.4431017488241196
  landing: 0.756514273583889
  view-data: 3.3874727338552475
