times:
  edit-metadata: 1.7209018245339394
  landing: 0.7886838093400002
  view-data: 3.4018819592893124
