times:
  edit-metadata: 1.3562324345111847
  landing: 0.8268591165542603
  view-data: 3.3408189937472343
