times:
  edit-metadata: 1.4091254621744156
  landing: 0.7346628531813622
  view-data: 3.28555903211236
