times:
  edit-metadata: 1.3910813853144646
  landing: 1.1334917694330215
  view-data: 3.5051827505230904
