times:
  edit-metadata: 1.4649933390319347
  landing: 0.8691188581287861
  view-data: 3.4316565729677677
