times:
  edit-metadata: 1.375028558075428
  landing: 0.7578960955142975
  view-data: 3.4979815259575844
