times:
  edit-metadata: 1.3849345743656158
  landing: 0.7257464677095413
  view-data: 3.4600376337766647
