times:
  edit-metadata: 1.3766395710408688
  landing: 0.8336932323873043
  view-data: 3.241626713424921
