times:
  edit-metadata: 1.375267319381237
  landing: 0.7352999523282051
  view-data: 3.4871483892202377
