times:
  edit-metadata: 1.467095859348774
  landing: 0.7379472628235817
  view-data: 3.3090594485402107
