times:
  edit-metadata: 1.4263806566596031
  landing: 0.8575546219944954
  view-data: 3.417498141527176
