times:
  edit-metadata: 1.4677979536354542
  landing: 0.8090017028152943
  view-data: 3.3433528803288937
