times:
  edit-metadata: 1.5160044059157372
  landing: 0.9036179110407829
  view-data: 3.684360131621361
