times:
  edit-metadata: 1.4016374871134758
  landing: 0.7516388297080994
  view-data: 3.459588147699833
