times:
  edit-metadata: 1.7470105178654194
  landing: 0.9094425775110722
  view-data: 3.321837689727545
