times:
  edit-metadata: 1.45494544506073
  landing: 0.757749117910862
  view-data: 3.3199952356517315
