times:
  edit-metadata: 1.3315524235367775
  landing: 0.7729998119175434
  view-data: 3.3329858258366585
