times:
  edit-metadata: 1.4010890424251556
  landing: 0.7943543717265129
  view-data: 0.7194501608610153
