times:
  edit-metadata: 1.6099126413464546
  landing: 1.0828182063996792
  view-data: 3.485402178019285
