times:
  edit-metadata: 0.5443655475974083
  landing: 0.050035979598760605
  view-data: 0.18948468565940857
