times:
  edit-metadata: 0.5584081970155239
  landing: 0.052394118160009384
  view-data: 0.1844601146876812
