times:
  edit-metadata: 1.5294129438698292
  landing: 0.02103794924914837
  view-data: 0.4022138472646475
