times:
  edit-metadata: 2.0090015158057213
  landing: 0.13828649185597897
  view-data: 0.3941326439380646
