times:
  edit-metadata: 1.3962841499596834
  landing: 0.01945387478917837
  view-data: 0.023941325955092907
