times:
  edit-metadata: 1.9976806156337261
  landing: 0.9344795569777489
  view-data: 3.3907140232622623
