times:
  edit-metadata: 1.5779231078922749
  landing: 0.7113088853657246
  view-data: 3.3946325853466988
