times:
  edit-metadata: 0.5508419908583164
  landing: 0.04255404695868492
  view-data: 0.19019779562950134
