times:
  edit-metadata: 0.6596403792500496
  landing: 0.9021562281996012
  view-data: 0.2234772928059101
