times:
  edit-metadata: 1.4619535617530346
  landing: 0.7945616878569126
  view-data: 3.3391455374658108
