times:
  edit-metadata: 1.5881479047238827
  landing: 0.8154538981616497
  view-data: 3.395452857017517
