times:
  edit-metadata: 1.6563124768435955
  landing: 0.7593252845108509
  view-data: 3.355805367231369
