times:
  edit-metadata: 0.49165827105753124
  landing: 0.04180473496671766
  view-data: 0.20197673595976084
