times:
  edit-metadata: 1.4633274003863335
  landing: 0.1354213859885931
  view-data: 0.3051251657307148
