times:
  edit-metadata: 0.48591353092342615
  landing: 0.044795538298785686
  view-data: 0.1929228762164712
