times:
  edit-metadata: 0.5967595539987087
  landing: 0.04795128107070923
  view-data: 0.19942756369709969
