times:
  edit-metadata: 1.9462101496756077
  landing: 0.9903532154858112
  view-data: 3.318662367761135
