times:
  edit-metadata: 0.5163043178617954
  landing: 0.04785697069019079
  view-data: 0.20820510480552912
