times:
  edit-metadata: 0.5939563699066639
  landing: 0.04638680815696716
  view-data: 0.1912517286837101
