times:
  edit-metadata: 0.6337909559952095
  landing: 0.07746353599941358
  view-data: 0.2220628140203189
