times:
  edit-metadata: 0.4933503451757133
  landing: 0.04264162387698889
  view-data: 0.19203521823510528
