times:
  edit-metadata: 1.4092821069061756
  landing: 0.2074637208133936
  view-data: 0.025141448713839054
