times:
  edit-metadata: 0.6648981440812349
  landing: 0.17367895925417542
  view-data: 0.20509147783741355
