times:
  edit-metadata: 0.5661953550297767
  landing: 0.048859124071896076
  view-data: 0.19640687992796302
