times:
  edit-metadata: 0.506536889821291
  landing: 0.06961826607584953
  view-data: 0.21751237427815795
