times:
  edit-metadata: 3.902069143950939
  landing: 1.6231889594346285
  view-data: 4.020878627896309
