times:
  edit-metadata: 0.49032788700424135
  landing: 0.06914116791449487
  view-data: 0.2137589599005878
