times:
  edit-metadata: 0.5506267361342907
  landing: 0.04095406457781792
  view-data: 0.18815907835960388
