times:
  edit-metadata: 1.730723563581705
  landing: 0.27409023977816105
  view-data: 0.02873362973332405
