times:
  edit-metadata: 2.153607863932848
  landing: 1.1498286537826061
  view-data: 3.5523243471980095
