times:
  edit-metadata: 0.4879920771345496
  landing: 0.04099474009126425
  view-data: 0.19776018802076578
