times:
  edit-metadata: 2.1017557065933943
  landing: 0.3661711011081934
  view-data: 0.16966858133673668
