times:
  edit-metadata: 0.530182832852006
  landing: 0.0820770189166069
  view-data: 0.2271055649034679
