times:
  edit-metadata: 0.5588105800561607
  landing: 0.055494330008514225
  view-data: 0.18642239301698282
