times:
  edit-metadata: 0.5002864090492949
  landing: 0.06671965506393462
  view-data: 0.21199555799830705
