times:
  edit-metadata: 1.561701038852334
  landing: 0.7873822040855885
  view-data: 3.427851863205433
