times:
  edit-metadata: 0.5125955279218033
  landing: 0.08359398192260414
  view-data: 0.2163341660052538
