times:
  edit-metadata: 0.5265929070301354
  landing: 0.041035930160433054
  view-data: 0.19658611807972193
