times:
  edit-metadata: 1.6113977264612913
  landing: 0.019060300663113594
  view-data: 0.02542891912162304
