times:
  edit-metadata: 1.647443350404501
  landing: 0.8366465866565704
  view-data: 3.304112147539854
