times:
  edit-metadata: 3.727083249948919
  landing: 2.017622308805585
  view-data: 3.7189539317041636
