times:
  edit-metadata: 1.4905156902968884
  landing: 0.7617652378976345
  view-data: 3.36758691072464
