times:
  edit-metadata: 1.5966445375233889
  landing: 0.021324487403035164
  view-data: 0.024178676307201385
