times:
  edit-metadata: 1.489019200205803
  landing: 0.7633610032498837
  view-data: 3.3427496068179607
