times:
  edit-metadata: 2.097350113093853
  landing: 0.021822618320584297
  view-data: 0.17610892839729786
