times:
  edit-metadata: 2.890852741897106
  landing: 2.2898641228675842
  view-data: 3.758632183074951
