times:
  edit-metadata: 0.4517002576030791
  landing: 0.050195856019854546
  view-data: 0.19298176001757383
