times:
  edit-metadata: 1.4673488298431039
  landing: 0.7834459906443954
  view-data: 3.3441094858571887
