times:
  edit-metadata: 1.4413874000310898
  landing: 0.7415279783308506
  view-data: 3.348138650879264
