times:
  edit-metadata: 1.4541699588298798
  landing: 0.023230223916471004
  view-data: 0.026836969889700413
