times:
  edit-metadata: 1.5784471072256565
  landing: 0.8053318401798606
  view-data: 3.397791157476604
