times:
  edit-metadata: 0.5201809760183096
  landing: 0.04328684788197279
  view-data: 0.21533529926091433
