times:
  edit-metadata: 0.5530111389234662
  landing: 0.0515023588668555
  view-data: 0.20159738697111607
