times:
  edit-metadata: 1.5217389725148678
  landing: 0.02192988432943821
  view-data: 0.12345594353973866
