times:
  edit-metadata: 1.5903923343867064
  landing: 0.8337968364357948
  view-data: 3.3265187200158834
