times:
  edit-metadata: 1.5220383992418647
  landing: 0.8835337217897177
  view-data: 3.3626875495538116
