times:
  edit-metadata: 1.592311936430633
  landing: 0.9005273524671793
  view-data: 3.336402554064989
