times:
  edit-metadata: 1.769725065678358
  landing: 1.2492649853229523
  view-data: 3.397771194577217
