times:
  edit-metadata: 0.5360542789567262
  landing: 0.05259827198460698
  view-data: 0.20886855106800795
