times:
  edit-metadata: 0.44628825783729553
  landing: 0.03931150399148464
  view-data: 0.1962491418235004
