times:
  edit-metadata: 1.7200872339308262
  landing: 1.0355468951165676
  view-data: 3.381588079035282
