times:
  edit-metadata: 1.5634988564997911
  landing: 0.691869592294097
  view-data: 3.3269205912947655
