times:
  edit-metadata: 0.5179881660733372
  landing: 0.058823912986554205
  view-data: 0.21069472993258387
