times:
  edit-metadata: 1.4199005868285894
  landing: 0.021094816736876965
  view-data: 0.024132204242050648
