times:
  edit-metadata: 0.5193954985588789
  landing: 0.04313350887969136
  view-data: 0.20684654684737325
