times:
  edit-metadata: 1.5412214137613773
  landing: 0.8755689449608326
  view-data: 3.37869156524539
