times:
  edit-metadata: 0.49815566098550335
  landing: 0.04608905903296545
  view-data: 0.18985459301620722
