times:
  edit-metadata: 1.4822761937975883
  landing: 0.018878672271966934
  view-data: 0.21116223838180304
