times:
  edit-metadata: 1.3912348349695094
  landing: 0.29584859299939126
  view-data: 0.31464585702633485
