times:
  edit-metadata: 0.4681307328864932
  landing: 0.04105029907077551
  view-data: 0.201411671936512
