times:
  edit-metadata: 0.6542625036090612
  landing: 0.6402138192206621
  view-data: 0.30369103141129017
