times:
  edit-metadata: 0.5050155217759311
  landing: 0.07335038599558175
  view-data: 0.21103143692016602
