times:
  edit-metadata: 1.4913663193583488
  landing: 0.22159823589026928
  view-data: 0.3253086004406214
