times:
  edit-metadata: 1.548509705811739
  landing: 0.7140380684286356
  view-data: 3.4018057510256767
