times:
  edit-metadata: 0.512361059198156
  landing: 0.044521259143948555
  view-data: 0.19421959202736616
