times:
  edit-metadata: 1.5933880237862468
  landing: 0.1187279000878334
  view-data: 0.2310953764244914
