times:
  edit-metadata: 0.5964250266551971
  landing: 2.3247334882616997
  view-data: 0.9042646195739508
