times:
  edit-metadata: 1.6525137536227703
  landing: 1.976400826126337
  view-data: 3.3149449340999126
