times:
  edit-metadata: 0.5946169458329678
  landing: 0.05546567030251026
  view-data: 0.22610394284129143
