times:
  edit-metadata: 0.5252873479985283
  landing: 0.046683731001394335
  view-data: 0.21153656100068474
