times:
  edit-metadata: 0.5123352529481053
  landing: 0.044962862972170115
  view-data: 0.21044078096747398
