times:
  edit-metadata: 0.6119862087070942
  landing: 0.04589074105024338
  view-data: 0.19256425648927689
