times:
  edit-metadata: 1.5959825292229652
  landing: 0.8356544896960258
  view-data: 0.702374417334795
