times:
  edit-metadata: 1.6390888132154942
  landing: 0.8278292175382376
  view-data: 3.446282345801592
