times:
  edit-metadata: 0.5834270859486423
  landing: 0.08221503696404397
  view-data: 0.21551334398100153
