times:
  edit-metadata: 0.5663401049969252
  landing: 0.07526940100069623
  view-data: 0.235940500999277
