times:
  edit-metadata: 1.4991759061813354
  landing: 0.7506007328629494
  view-data: 3.2990457862615585
