times:
  edit-metadata: 0.612079244107008
  landing: 1.1016888413578272
  view-data: 0.34851082414388657
