times:
  edit-metadata: 0.584744131192565
  landing: 0.7318361718207598
  view-data: 0.31214641965925694
