times:
  edit-metadata: 1.379244082607329
  landing: 0.018327773548662663
  view-data: 0.03235546685755253
