times:
  edit-metadata: 2.34804892167449
  landing: 1.2204977460205555
  view-data: 3.4297074377536774
