times:
  edit-metadata: 0.4624576158821583
  landing: 0.04645738285034895
  view-data: 0.20238521229475737
