times:
  edit-metadata: 0.5240360209718347
  landing: 0.05707402108237147
  view-data: 0.20165479043498635
