times:
  edit-metadata: 0.6078793630003929
  landing: 0.06176035851240158
  view-data: 0.18608615547418594
