times:
  edit-metadata: 1.4156470689922571
  landing: 0.02117915078997612
  view-data: 0.025085785426199436
