times:
  edit-metadata: 0.7022260897792876
  landing: 0.04883127985522151
  view-data: 0.34527878277003765
