times:
  edit-metadata: 1.6462077777832747
  landing: 0.30677676387131214
  view-data: 0.16048636846244335
