times:
  edit-metadata: 1.4034951301291585
  landing: 0.20077199768275023
  view-data: 0.02483350597321987
