times:
  edit-metadata: 0.4913888599257916
  landing: 0.07812234992161393
  view-data: 0.36540965002495795
