times:
  edit-metadata: 1.550531892105937
  landing: 0.14172022975981236
  view-data: 0.30801542289555073
