times:
  edit-metadata: 0.5497798200085526
  landing: 0.04333389400562737
  view-data: 0.1934849609970115
