times:
  edit-metadata: 1.5941808801144361
  landing: 0.762644661590457
  view-data: 3.434064209461212
