times:
  edit-metadata: 1.4623059290461242
  landing: 0.9507411662489176
  view-data: 3.3676641420461237
