times:
  edit-metadata: 0.5818436574190855
  landing: 0.811421288177371
  view-data: 0.32806403562426567
