times:
  edit-metadata: 1.9791466370224953
  landing: 0.9302264079451561
  view-data: 3.3986152932047844
