times:
  edit-metadata: 0.5252293818630278
  landing: 0.052014175802469254
  view-data: 0.20387791888788342
