times:
  edit-metadata: 1.6881798952817917
  landing: 0.021552450954914093
  view-data: 0.1767142191529274
