times:
  edit-metadata: 0.5730102709494531
  landing: 0.04347455408424139
  view-data: 0.19236938701942563
