times:
  edit-metadata: 0.49450884480029345
  landing: 0.04364290274679661
  view-data: 0.20500750374048948
