times:
  edit-metadata: 0.5767039693892002
  landing: 0.04229285940527916
  view-data: 0.19620924443006516
