times:
  edit-metadata: 1.719491895288229
  landing: 0.024529829621315002
  view-data: 0.14874957129359245
