times:
  edit-metadata: 1.529641155153513
  landing: 0.7574371006339788
  view-data: 3.3562665479257703
