times:
  edit-metadata: 0.5884331320412457
  landing: 0.06311234785243869
  view-data: 0.21802616026252508
