times:
  edit-metadata: 1.6823407225310802
  landing: 0.14762191474437714
  view-data: 0.026508089154958725
