times:
  edit-metadata: 2.104337544180453
  landing: 0.9245165325701237
  view-data: 3.632320269010961
