times:
  edit-metadata: 2.5477034226059914
  landing: 0.6194341033697128
  view-data: 0.40190403815358877
