times:
  edit-metadata: 1.5137660931795835
  landing: 0.8264729846268892
  view-data: 3.38739091809839
