times:
  edit-metadata: 2.362085672095418
  landing: 1.345473513007164
  view-data: 3.5211166366934776
