times:
  edit-metadata: 0.6072450338397175
  landing: 0.041004026075825095
  view-data: 0.20587378507480025
