times:
  edit-metadata: 0.7128169799980242
  landing: 0.16939964098855853
  view-data: 0.23805443602032028
