times:
  edit-metadata: 0.6030070893466473
  landing: 0.04268527403473854
  view-data: 0.19232185557484627
