times:
  edit-metadata: 0.5028903251513839
  landing: 0.04274954833090305
  view-data: 0.20584607031196356
