times:
  edit-metadata: 1.7310518622398376
  landing: 0.3009335622191429
  view-data: 0.4333379175513983
