times:
  edit-metadata: 0.5771856112405658
  landing: 0.04877488315105438
  view-data: 0.2103691059164703
