times:
  edit-metadata: 1.693596275523305
  landing: 0.12841184064745903
  view-data: 0.15120860002934933
