times:
  edit-metadata: 1.5534475699532777
  landing: 0.8805311389733106
  view-data: 3.3641226569889113
