times:
  edit-metadata: 0.5305700809694827
  landing: 0.04824554407969117
  view-data: 0.34246489917859435
