times:
  edit-metadata: 1.4215066190809011
  landing: 0.019408716820180416
  view-data: 0.02325776033103466
