times:
  edit-metadata: 1.5276855528354645
  landing: 0.02076079696416855
  view-data: 0.14570763148367405
