times:
  edit-metadata: 1.416474288329482
  landing: 0.7136502210050821
  view-data: 3.287598617374897
