times:
  edit-metadata: 1.528926650993526
  landing: 0.8013243090827018
  view-data: 3.355146958027035
