times:
  edit-metadata: 0.6389373820275068
  landing: 0.0597491217777133
  view-data: 0.21383798820897937
