times:
  edit-metadata: 1.5380164552479982
  landing: 0.8829696904867887
  view-data: 3.3005178924649954
