times:
  edit-metadata: 0.5771019450039603
  landing: 0.04778227204224095
  view-data: 0.23225897504016757
