times:
  edit-metadata: 1.450008139014244
  landing: 0.870104257017374
  view-data: 0.7675713524222374
