times:
  edit-metadata: 1.466030857525766
  landing: 0.886686535552144
  view-data: 3.4312554439529777
