times:
  edit-metadata: 0.7190182360354811
  landing: 0.060760583030059934
  view-data: 0.21025776001624763
