times:
  edit-metadata: 1.3565547363832593
  landing: 0.10867119394242764
  view-data: 0.09813617449253798
