times:
  edit-metadata: 0.6004471518099308
  landing: 0.043379541486501694
  view-data: 0.18803364783525467
