times:
  edit-metadata: 0.4966129108797759
  landing: 0.06671823188662529
  view-data: 0.2122004150878638
