times:
  edit-metadata: 0.7256479375064373
  landing: 0.04842487350106239
  view-data: 0.19291988760232925
