times:
  edit-metadata: 1.3509124871343374
  landing: 0.02065990772098303
  view-data: 0.0970612158998847
