times:
  edit-metadata: 1.5733447521924973
  landing: 0.9757386147975922
  view-data: 3.4055795706808567
