times:
  edit-metadata: 0.6566740162670612
  landing: 0.04420820251107216
  view-data: 0.1817279439419508
