times:
  edit-metadata: 0.4500006400048733
  landing: 0.0413055750541389
  view-data: 0.19194598263129592
