times:
  edit-metadata: 1.6162445694208145
  landing: 0.911136569455266
  view-data: 3.3367392513900995
