times:
  edit-metadata: 0.5183808440342546
  landing: 0.05347390193492174
  view-data: 0.18122237804345787
