times:
  edit-metadata: 1.37678936496377
  landing: 0.02004516962915659
  view-data: 0.11953924223780632
