times:
  edit-metadata: 1.4585289899259806
  landing: 0.01920061931014061
  view-data: 0.35506453923881054
