times:
  edit-metadata: 1.361808367073536
  landing: 0.14750560373067856
  view-data: 0.02462633978575468
