times:
  edit-metadata: 1.7684808634221554
  landing: 0.27752687968313694
  view-data: 0.3204442001879215
