times:
  edit-metadata: 0.5942498594522476
  landing: 0.05228739231824875
  view-data: 0.18743233010172844
