times:
  edit-metadata: 0.6145136095583439
  landing: 0.04147391393780708
  view-data: 0.18968098610639572
