times:
  edit-metadata: 1.6696693114936352
  landing: 0.8091441467404366
  view-data: 3.409234680235386
