times:
  edit-metadata: 0.5520109720528126
  landing: 0.053924277890473604
  view-data: 0.19191876612603664
