times:
  edit-metadata: 0.5909054577350616
  landing: 0.0484604574739933
  view-data: 0.1974487416446209
