times:
  edit-metadata: 0.45849849842488766
  landing: 0.04789312183856964
  view-data: 0.21254704985767603
