times:
  edit-metadata: 0.5142647649627179
  landing: 0.05680050200317055
  view-data: 0.19433702994138002
