times:
  edit-metadata: 0.4967808648943901
  landing: 0.051605384796857834
  view-data: 0.21326227486133575
