times:
  edit-metadata: 1.5684072524309158
  landing: 0.8877576813101768
  view-data: 3.369821146130562
