times:
  edit-metadata: 0.6003400683403015
  landing: 0.49741206876933575
  view-data: 0.19239570014178753
