times:
  edit-metadata: 1.5565397534519434
  landing: 0.7390947323292494
  view-data: 3.3710398208349943
