times:
  edit-metadata: 1.822132783010602
  landing: 0.020270181819796562
  view-data: 0.47216116078197956
