times:
  edit-metadata: 1.4183551846072078
  landing: 0.12009044643491507
  view-data: 0.024167928844690323
