times:
  edit-metadata: 1.3776608956977725
  landing: 0.019189965911209583
  view-data: 0.11725572776049376
