times:
  edit-metadata: 1.5008640177547932
  landing: 0.811468887142837
  view-data: 3.379611101001501
