times:
  edit-metadata: 1.712411480024457
  landing: 0.16522709652781487
  view-data: 0.5022314973175526
