times:
  edit-metadata: 0.5906081311404705
  landing: 0.5035165883600712
  view-data: 0.3141736835241318
