times:
  edit-metadata: 0.5921156816184521
  landing: 0.710719408467412
  view-data: 0.18667304143309593
