times:
  edit-metadata: 0.5161040052771568
  landing: 0.0402719471603632
  view-data: 0.20638959109783173
