times:
  edit-metadata: 0.5919565968215466
  landing: 0.04319608211517334
  view-data: 0.19358494877815247
