times:
  edit-metadata: 0.528974728891626
  landing: 0.04893381800502539
  view-data: 0.2005271448288113
