times:
  edit-metadata: 0.5463421309832484
  landing: 0.05098876298870891
  view-data: 0.20733415696304291
