times:
  edit-metadata: 1.5302307829260826
  landing: 0.9147570356726646
  view-data: 3.407517373561859
