times:
  edit-metadata: 1.4470542762428522
  landing: 0.7219647411257029
  view-data: 3.3288298416882753
