times:
  edit-metadata: 0.5970471400069073
  landing: 0.06644345098175108
  view-data: 0.21686823497293517
