times:
  edit-metadata: 0.49651877593714744
  landing: 0.04119301796890795
  view-data: 0.1901618279516697
