times:
  edit-metadata: 0.5098349598702043
  landing: 0.07163024600595236
  view-data: 0.2078525829128921
