times:
  edit-metadata: 0.5583122838288546
  landing: 1.0358059518039227
  view-data: 0.30042062141001225
