times:
  edit-metadata: 0.6145643424242735
  landing: 0.47431130707263947
  view-data: 0.191494669765234
