times:
  edit-metadata: 0.515871630050242
  landing: 0.05445708706974983
  view-data: 0.21124174119904637
