times:
  edit-metadata: 1.5636730324476957
  landing: 0.7661960050463676
  view-data: 0.7008761502802372
