times:
  edit-metadata: 0.5912147145718336
  landing: 0.6128439269959927
  view-data: 0.3083120808005333
