times:
  edit-metadata: 0.5109551530331373
  landing: 0.04850289481692016
  view-data: 0.18821427994407713
