times:
  edit-metadata: 1.563611263409257
  landing: 0.7314366921782494
  view-data: 3.3510270081460476
