times:
  edit-metadata: 0.5976100619882345
  landing: 0.7394391223788261
  view-data: 0.20168733596801758
