times:
  edit-metadata: 0.6052210703492165
  landing: 0.04872624948620796
  view-data: 0.20372335985302925
