times:
  edit-metadata: 0.6272128700002213
  landing: 0.04289852100009739
  view-data: 0.19480331699924136
