times:
  edit-metadata: 1.474335621111095
  landing: 0.01801808550953865
  view-data: 0.03014062438160181
