times:
  edit-metadata: 0.4894785531796515
  landing: 0.04536262899637222
  view-data: 0.18840584624558687
