times:
  edit-metadata: 1.6199230644851923
  landing: 0.8678910452872515
  view-data: 3.4119784999638796
