times:
  edit-metadata: 1.5766214989125729
  landing: 0.7293720114976168
  view-data: 3.410930283367634
