times:
  edit-metadata: 1.8645511697977781
  landing: 0.9467962756752968
  view-data: 3.4385171998292208
