times:
  edit-metadata: 0.5670000850223005
  landing: 0.05974649591371417
  view-data: 0.2072542360983789
