times:
  edit-metadata: 1.501945030875504
  landing: 0.8170065889135003
  view-data: 3.359820246696472
