times:
  edit-metadata: 0.5730874669970945
  landing: 0.07946223899489269
  view-data: 0.21680272599041928
