times:
  edit-metadata: 0.5079325439874083
  landing: 0.0753235699958168
  view-data: 0.21145862000412308
