times:
  edit-metadata: 1.6640420109033585
  landing: 0.9472099430859089
  view-data: 3.4416919574141502
