times:
  edit-metadata: 1.5626184735447168
  landing: 0.8521297555416822
  view-data: 3.322053142823279
