times:
  edit-metadata: 1.7980386037379503
  landing: 0.7975976187735796
  view-data: 3.2939723636955023
