times:
  edit-metadata: 0.5133511843159795
  landing: 0.04144552256911993
  view-data: 0.20318884029984474
