times:
  edit-metadata: 0.5066014649346471
  landing: 0.04851612262427807
  view-data: 0.20964944828301668
