times:
  edit-metadata: 1.3665751796215773
  landing: 0.02322536613792181
  view-data: 0.40067039895802736
