times:
  edit-metadata: 0.6358689450134989
  landing: 0.19914939801674336
  view-data: 0.2930366420187056
