times:
  edit-metadata: 1.5810407660901546
  landing: 0.9281177297234535
  view-data: 3.311871513724327
