times:
  edit-metadata: 0.5470000458881259
  landing: 0.05922654690220952
  view-data: 0.20863032480701804
