times:
  edit-metadata: 0.5857426673173904
  landing: 0.05012637376785278
  view-data: 0.203422199934721
