times:
  edit-metadata: 1.578236309811473
  landing: 0.8477247599512339
  view-data: 3.3681530226022005
