times:
  edit-metadata: 1.4290540516376495
  landing: 0.02025636099278927
  view-data: 0.10024417284876108
