times:
  edit-metadata: 1.4393124408088624
  landing: 0.7572175159584731
  view-data: 3.2663865650538355
