times:
  edit-metadata: 1.6160997790284455
  landing: 0.8074558291118592
  view-data: 3.380766951944679
