times:
  edit-metadata: 0.5499017275869846
  landing: 0.05037964507937431
  view-data: 0.19857699796557426
