times:
  edit-metadata: 0.6097778119146824
  landing: 0.5728017073124647
  view-data: 0.2099714521318674
