times:
  edit-metadata: 1.6331262402236462
  landing: 0.795311382971704
  view-data: 3.288974590599537
