times:
  edit-metadata: 0.5429109479300678
  landing: 0.05870522791519761
  view-data: 0.2115404240321368
