times:
  edit-metadata: 1.5706165619194508
  landing: 0.741995308548212
  view-data: 3.410263206809759
