times:
  edit-metadata: 1.5978397689759731
  landing: 0.132324006408453
  view-data: 0.47548828087747097
