times:
  edit-metadata: 1.3889677925035357
  landing: 0.02055928483605385
  view-data: 0.02293156087398529
