times:
  edit-metadata: 0.5688168110791594
  landing: 0.05047751194797456
  view-data: 0.19239071011543274
