times:
  edit-metadata: 2.2723589427769184
  landing: 1.2289498448371887
  view-data: 4.206445824354887
