times:
  edit-metadata: 1.476208289153874
  landing: 0.7966107279062271
  view-data: 3.325100320391357
