times:
  edit-metadata: 0.6968720257282257
  landing: 0.04472384601831436
  view-data: 0.20424702763557434
