times:
  edit-metadata: 0.5010086596012115
  landing: 0.04258900415152311
  view-data: 0.1917746802791953
