times:
  edit-metadata: 1.5609069969505072
  landing: 0.8836267869919538
  view-data: 3.3529186192899942
