times:
  edit-metadata: 0.5818895343691111
  landing: 0.5645385887473822
  view-data: 0.19568738341331482
