times:
  edit-metadata: 5.37820803001523
  landing: 2.0786695666611195
  view-data: 3.5578096471726894
