times:
  edit-metadata: 0.5943300351500511
  landing: 0.03804090619087219
  view-data: 0.19604138284921646
