times:
  edit-metadata: 0.6136625669896603
  landing: 0.6500776447355747
  view-data: 0.1969876904040575
