times:
  edit-metadata: 1.7857182789593935
  landing: 0.13346061669290066
  view-data: 0.34591927751898766
