times:
  edit-metadata: 1.4343350268900394
  landing: 0.02337891422212124
  view-data: 0.2817834224551916
