times:
  edit-metadata: 1.4405365511775017
  landing: 0.13600892946124077
  view-data: 0.025155864655971527
