times:
  edit-metadata: 2.296387542039156
  landing: 1.5219477619975805
  view-data: 3.4637801400385797
