times:
  edit-metadata: 0.6357485027983785
  landing: 0.05694912187755108
  view-data: 0.38282868592068553
