times:
  edit-metadata: 0.5016980639193207
  landing: 0.06769861397333443
  view-data: 0.20969149586744606
