times:
  edit-metadata: 0.4502303530462086
  landing: 0.044254431035369635
  view-data: 0.20166788203641772
