times:
  edit-metadata: 0.5754038039995066
  landing: 0.038193306001630845
  view-data: 0.20588797199889086
