times:
  edit-metadata: 0.45548044331371784
  landing: 0.04564283136278391
  view-data: 0.20603233389556408
