times:
  edit-metadata: 1.5108776800334454
  landing: 6.0043453010730445
  view-data: 0.5401495480909944
