times:
  edit-metadata: 0.5558500869665295
  landing: 0.045468518044799566
  view-data: 0.183691191021353
