times:
  edit-metadata: 0.520573205081746
  landing: 0.046472455840557814
  view-data: 0.19111017300747335
