times:
  edit-metadata: 1.6208948139101267
  landing: 0.7979587856680155
  view-data: 3.414716540835798
