times:
  edit-metadata: 0.5449335819866974
  landing: 0.043511412979569286
  view-data: 0.19677272398257628
