times:
  edit-metadata: 0.5074423479381949
  landing: 0.05366531200706959
  view-data: 0.18304689810611308
