times:
  edit-metadata: 0.595369178801775
  landing: 0.038255736231803894
  view-data: 0.20228873565793037
