times:
  edit-metadata: 0.5297291148453951
  landing: 0.05392437055706978
  view-data: 0.20614756178110838
