times:
  edit-metadata: 0.5506779551506042
  landing: 0.8226160798221827
  view-data: 0.20438518561422825
