times:
  edit-metadata: 1.611711461097002
  landing: 0.9232007004320621
  view-data: 3.4467608705163
