times:
  edit-metadata: 1.5084987366572022
  landing: 0.7681250302121043
  view-data: 3.3089651241898537
