times:
  edit-metadata: 1.3940410315990448
  landing: 0.023580280132591724
  view-data: 0.4638990769162774
