times:
  edit-metadata: 3.3881135564297438
  landing: 1.918742585927248
  view-data: 3.67562223225832
