times:
  edit-metadata: 2.0823637321591377
  landing: 0.3880967851728201
  view-data: 0.15281222015619278
