times:
  edit-metadata: 1.4279410457238555
  landing: 0.019760564900934696
  view-data: 0.027548065409064293
