times:
  edit-metadata: 0.5384273249655962
  landing: 0.0656477645970881
  view-data: 0.22535582911223173
