times:
  edit-metadata: 0.5019442570046522
  landing: 0.0770817439770326
  view-data: 0.20768650597892702
