times:
  edit-metadata: 0.6387791112065315
  landing: 0.048191528767347336
  view-data: 0.19126299396157265
