times:
  edit-metadata: 1.474392468109727
  landing: 0.12334930337965488
  view-data: 0.24319979175925255
