times:
  edit-metadata: 1.4660167125985026
  landing: 0.019267385825514793
  view-data: 0.02755438257008791
