times:
  edit-metadata: 0.7160721491090953
  landing: 0.07962897792458534
  view-data: 0.28478342993184924
