times:
  edit-metadata: 1.5094429273158312
  landing: 0.02120993845164776
  view-data: 0.35256536677479744
