times:
  edit-metadata: 1.5910489782691002
  landing: 0.8036876115947962
  view-data: 3.439856670796871
