times:
  edit-metadata: 2.1980305165052414
  landing: 1.1647093929350376
  view-data: 3.604353152215481
