times:
  edit-metadata: 1.6068198159337044
  landing: 0.8597392626106739
  view-data: 3.464528938755393
