times:
  edit-metadata: 1.580407113302499
  landing: 0.8160215080715716
  view-data: 3.386650685220957
