times:
  edit-metadata: 0.48431137995794415
  landing: 0.0436236010864377
  view-data: 0.198015077970922
