times:
  edit-metadata: 1.6443203315138817
  landing: 0.8171187620609999
  view-data: 3.4669818207621574
