times:
  edit-metadata: 1.540549410507083
  landing: 0.7143156062811613
  view-data: 3.3570389598608017
