times:
  edit-metadata: 1.4966722261160612
  landing: 0.1367835346609354
  view-data: 0.26584260538220406
