times:
  edit-metadata: 1.4844746571034193
  landing: 0.777878719381988
  view-data: 3.3336635688319802
