times:
  edit-metadata: 1.4764345660805702
  landing: 0.019797727465629578
  view-data: 0.3709482215344906
