times:
  edit-metadata: 1.6332096457481384
  landing: 0.7966471388936043
  view-data: 3.2568855937570333
