times:
  edit-metadata: 0.5916143227368593
  landing: 1.5969870574772358
  view-data: 0.46462278440594673
