times:
  edit-metadata: 1.7918162159621716
  landing: 0.9597449824213982
  view-data: 3.382136095315218
