times:
  edit-metadata: 1.5626727659255266
  landing: 0.8480851706117392
  view-data: 3.430898116901517
