times:
  edit-metadata: 0.5168910501524806
  landing: 0.03943980857729912
  view-data: 0.20980878546833992
