times:
  edit-metadata: 0.5051217349246144
  landing: 0.043979110196232796
  view-data: 0.19884871505200863
