times:
  edit-metadata: 1.6342639736831188
  landing: 0.8161812499165535
  view-data: 3.4050063602626324
