times:
  edit-metadata: 3.096448728814721
  landing: 1.1800329890102148
  view-data: 4.034319523721933
