times:
  edit-metadata: 1.811608999967575
  landing: 0.16639244556427002
  view-data: 0.33264358900487423
