times:
  edit-metadata: 0.5216510220197961
  landing: 0.04650847800076008
  view-data: 0.23131899803411216
