times:
  edit-metadata: 0.49382924661040306
  landing: 0.045518808998167515
  view-data: 0.19624859606847167
