times:
  edit-metadata: 1.3864076007157564
  landing: 0.02229486033320427
  view-data: 0.024398046545684338
