times:
  edit-metadata: 1.3426908235996962
  landing: 0.022697387263178825
  view-data: 0.023786412551999092
