times:
  edit-metadata: 0.43829407868906856
  landing: 0.04753371002152562
  view-data: 0.19089921656996012
