times:
  edit-metadata: 1.523680740967393
  landing: 0.8820447940379381
  view-data: 3.4369984683580697
