times:
  edit-metadata: 1.388391513377428
  landing: 0.8249731920659542
  view-data: 3.3178659565746784
