times:
  edit-metadata: 1.5416947714984417
  landing: 0.15426209289580584
  view-data: 0.023423602804541588
