times:
  edit-metadata: 0.5582484416663647
  landing: 0.03834875673055649
  view-data: 0.18828020617365837
