times:
  edit-metadata: 0.5680219754576683
  landing: 0.03935302048921585
  view-data: 0.209790650755167
