times:
  edit-metadata: 0.5187401052098721
  landing: 0.04882593289949
  view-data: 0.18611190607771277
