times:
  edit-metadata: 0.5426778020337224
  landing: 0.037502868101000786
  view-data: 0.19684589840471745
