times:
  edit-metadata: 1.4990863474085927
  landing: 0.8325550965964794
  view-data: 3.390954367816448
