times:
  edit-metadata: 0.5142363200429827
  landing: 0.040496992878615856
  view-data: 0.2148642388638109
