times:
  edit-metadata: 1.4308331785723567
  landing: 0.020358555018901825
  view-data: 0.18533646129071712
