times:
  edit-metadata: 0.4972868440672755
  landing: 0.05480444408021867
  view-data: 0.21270706108771265
