times:
  edit-metadata: 1.4358309460803866
  landing: 0.020602770149707794
  view-data: 0.39261559676378965
