times:
  edit-metadata: 0.5888190020341426
  landing: 0.07602929894346744
  view-data: 0.21217244199942797
