times:
  edit-metadata: 0.5962246991693974
  landing: 0.7959432806819677
  view-data: 0.30525448359549046
