times:
  edit-metadata: 1.7511717900633812
  landing: 0.9686981178820133
  view-data: 3.5054058954119682
