times:
  edit-metadata: 0.487638987833634
  landing: 0.07142586400732398
  view-data: 0.21458577294833958
