times:
  edit-metadata: 0.561494673602283
  landing: 0.06244753114879131
  view-data: 0.2651230087503791
