times:
  edit-metadata: 0.5832974091172218
  landing: 0.7663745451718569
  view-data: 0.22285673767328262
