times:
  edit-metadata: 1.5556570626795292
  landing: 0.8125267140567303
  view-data: 3.3789027556777
