times:
  edit-metadata: 0.6081889290362597
  landing: 0.8501297570765018
  view-data: 0.2043143641203642
