times:
  edit-metadata: 1.450884030200541
  landing: 0.8027028371579945
  view-data: 3.4083958459086716
