times:
  edit-metadata: 1.7148402519524097
  landing: 1.0629596784710884
  view-data: 3.4440621808171272
