times:
  edit-metadata: 0.5678497409999181
  landing: 0.06972765799991976
  view-data: 0.21484346200031723
