times:
  edit-metadata: 1.5183259909972548
  landing: 0.7633564281277359
  view-data: 3.3873114590533078
