times:
  edit-metadata: 1.3977593332529068
  landing: 0.02290207613259554
  view-data: 0.12432893831282854
