times:
  edit-metadata: 1.3724900986999273
  landing: 0.022549709305167198
  view-data: 0.024462944827973843
