times:
  edit-metadata: 1.5673979446291924
  landing: 0.7548913937062025
  view-data: 3.482274428009987
