times:
  edit-metadata: 0.5142573406919837
  landing: 0.04749927995726466
  view-data: 0.22326768469065428
