times:
  edit-metadata: 0.499514396302402
  landing: 0.06631523603573442
  view-data: 0.21188706438988447
