times:
  edit-metadata: 1.5777983628213406
  landing: 0.8079461399465799
  view-data: 3.398280844092369
