times:
  edit-metadata: 0.6433130335062742
  landing: 1.0297177527099848
  view-data: 0.2883902918547392
