times:
  edit-metadata: 1.586106937378645
  landing: 0.7728281635791063
  view-data: 3.417519437149167
