times:
  edit-metadata: 1.644710248336196
  landing: 0.8361447844654322
  view-data: 3.424741566181183
