times:
  edit-metadata: 1.5115280784666538
  landing: 0.8211612030863762
  view-data: 0.6202590018510818
