times:
  edit-metadata: 0.5290125403553247
  landing: 0.05295932898297906
  view-data: 0.22179212095215917
