times:
  edit-metadata: 1.6026837192475796
  landing: 0.8199240248650312
  view-data: 3.431092591956258
