times:
  edit-metadata: 1.5341237373650074
  landing: 0.8763245455920696
  view-data: 3.3439872562885284
