times:
  edit-metadata: 0.6089273281395435
  landing: 0.9515637271106243
  view-data: 0.3117910549044609
