times:
  edit-metadata: 0.5925759039819241
  landing: 0.03969348222017288
  view-data: 0.19942950829863548
