times:
  edit-metadata: 0.6005806718021631
  landing: 0.6008203402161598
  view-data: 0.20602127723395824
