times:
  edit-metadata: 1.572968976572156
  landing: 0.22649962082505226
  view-data: 0.1366590615361929
