times:
  edit-metadata: 1.5837153792381287
  landing: 0.932664361782372
  view-data: 3.399244367145002
