times:
  edit-metadata: 1.5984898582100868
  landing: 0.8118263073265553
  view-data: 3.4145780727267265
