times:
  edit-metadata: 1.4487799368798733
  landing: 0.18945759255439043
  view-data: 0.02306991908699274
