times:
  edit-metadata: 1.7081407830119133
  landing: 0.9139866605401039
  view-data: 0.8645289279520512
