times:
  edit-metadata: 1.4670174829661846
  landing: 0.25532221980392933
  view-data: 0.1701550204306841
