times:
  edit-metadata: 2.161895677447319
  landing: 1.1909835450351238
  view-data: 3.437361814081669
