times:
  edit-metadata: 1.5357840433716774
  landing: 0.8710613772273064
  view-data: 3.363216232508421
