times:
  edit-metadata: 0.646650904789567
  landing: 0.709717009216547
  view-data: 0.19025826454162598
