times:
  edit-metadata: 0.5212937169708312
  landing: 0.04627064894884825
  view-data: 0.18832590384408832
