times:
  edit-metadata: 0.618026502430439
  landing: 0.07448258996009827
  view-data: 0.1872728131711483
