times:
  edit-metadata: 0.6265694391913712
  landing: 0.04587682383134961
  view-data: 0.19658217299729586
