times:
  edit-metadata: 1.5676175244152546
  landing: 0.7726259827613831
  view-data: 3.421901524066925
