times:
  edit-metadata: 1.4704511798918247
  landing: 0.1296396739780903
  view-data: 0.1292207222431898
