times:
  edit-metadata: 2.209438133984804
  landing: 1.2466326095163822
  view-data: 3.424627836793661
