times:
  edit-metadata: 0.5140386369312182
  landing: 0.036502864910289645
  view-data: 0.20050291705410928
