times:
  edit-metadata: 0.6446163393557072
  landing: 0.04213382676243782
  view-data: 0.18559792824089527
