times:
  edit-metadata: 1.3363762414082885
  landing: 0.021469971165060997
  view-data: 0.023868948221206665
