times:
  edit-metadata: 1.324519525282085
  landing: 0.019895704463124275
  view-data: 0.1325858784839511
