times:
  edit-metadata: 1.4781009778380394
  landing: 0.020874612033367157
  view-data: 0.024828577414155006
