times:
  edit-metadata: 1.6576540134847164
  landing: 1.124096143990755
  view-data: 3.4469847045838833
