times:
  edit-metadata: 1.3680537547916174
  landing: 0.020268560387194157
  view-data: 0.46854793187230825
