times:
  edit-metadata: 1.5417095590382814
  landing: 0.8761530388146639
  view-data: 3.3838663809001446
