times:
  edit-metadata: 1.6236117519438267
  landing: 0.949668500572443
  view-data: 3.4909812547266483
