times:
  edit-metadata: 2.0172334294766188
  landing: 0.9611048307269812
  view-data: 3.3982938174158335
