times:
  edit-metadata: 1.3854670422151685
  landing: 0.023330386728048325
  view-data: 0.1239438746124506
