times:
  edit-metadata: 1.782071613240987
  landing: 5.937917317729443
  view-data: 3.3220991590060294
