times:
  edit-metadata: 1.4670282695442438
  landing: 0.11822029389441013
  view-data: 0.022616945207118988
