times:
  edit-metadata: 0.5389466579072177
  landing: 0.045506520196795464
  view-data: 0.18000640301033854
