times:
  edit-metadata: 0.44418604066595435
  landing: 0.041740638203918934
  view-data: 0.20128169981762767
