times:
  edit-metadata: 1.3823663126677275
  landing: 0.2648688703775406
  view-data: 0.31990764290094376
