times:
  edit-metadata: 1.5896980203688145
  landing: 0.8826741836965084
  view-data: 3.305163122713566
