times:
  edit-metadata: 1.5613725204020739
  landing: 0.6593696791678667
  view-data: 3.272229230031371
