times:
  edit-metadata: 1.4916237983852625
  landing: 0.02079256810247898
  view-data: 0.13013271801173687
