times:
  edit-metadata: 0.5832577906548977
  landing: 0.03901996091008186
  view-data: 0.18877729400992393
