times:
  edit-metadata: 1.3570853248238564
  landing: 0.021447950042784214
  view-data: 0.4115230645984411
