times:
  edit-metadata: 1.5105254212394357
  landing: 0.8620098447427154
  view-data: 3.386744841001928
