times:
  edit-metadata: 1.4931325856596231
  landing: 0.019930029287934303
  view-data: 0.04566536098718643
