times:
  edit-metadata: 1.390380747616291
  landing: 0.021120543591678143
  view-data: 0.2094774367287755
