times:
  edit-metadata: 0.5182234728708863
  landing: 0.05186779983341694
  view-data: 0.17859713197685778
