times:
  edit-metadata: 1.5560348741710186
  landing: 0.7245612815022469
  view-data: 3.326111786067486
