times:
  edit-metadata: 0.42334731109440327
  landing: 0.03785132523626089
  view-data: 0.2022990887053311
