times:
  edit-metadata: 1.3550961930304766
  landing: 0.020942816510796547
  view-data: 0.10173502750694752
