times:
  edit-metadata: 1.5067673176527023
  landing: 0.8093351162970066
  view-data: 3.357423398643732
