times:
  edit-metadata: 1.7069986900314689
  landing: 1.0686742723919451
  view-data: 3.5802691127173603
