times:
  edit-metadata: 0.5890291630057618
  landing: 0.05906776100164279
  view-data: 0.20374025800265372
