times:
  edit-metadata: 1.5521983988583088
  landing: 0.14619814977049828
  view-data: 0.3446797486394644
