times:
  edit-metadata: 1.3298166524618864
  landing: 0.019681112840771675
  view-data: 0.19664626196026802
