times:
  edit-metadata: 0.49237554566934705
  landing: 0.05160772008821368
  view-data: 0.1954389987513423
