times:
  edit-metadata: 0.5105494458694011
  landing: 0.058567316038534045
  view-data: 0.22764228517189622
