times:
  edit-metadata: 1.3829528857022524
  landing: 0.1425300883129239
  view-data: 0.023662960156798363
