times:
  edit-metadata: 1.7906945366412401
  landing: 0.20390363596379757
  view-data: 0.34878296963870525
