times:
  edit-metadata: 2.7986642383038998
  landing: 1.477724190801382
  view-data: 3.6495660804212093
