times:
  edit-metadata: 0.6261972524225712
  landing: 0.04972218722105026
  view-data: 0.19792692363262177
