times:
  edit-metadata: 0.47294755186885595
  landing: 0.04629472899250686
  view-data: 0.18930699909105897
