times:
  edit-metadata: 0.7266852169996127
  landing: 0.06664988899137825
  view-data: 0.23578657896723598
