times:
  edit-metadata: 1.5589646100997925
  landing: 0.9558719582855701
  view-data: 3.385846149176359
