times:
  edit-metadata: 1.3884898917749524
  landing: 0.01974809169769287
  view-data: 0.026027148589491844
