times:
  edit-metadata: 1.5313353538513184
  landing: 0.8100937996059656
  view-data: 3.3400953970849514
