times:
  edit-metadata: 0.571202154038474
  landing: 0.10375253413803875
  view-data: 0.295813623117283
