times:
  edit-metadata: 1.57529784925282
  landing: 0.14130351692438126
  view-data: 0.41911071352660656
