times:
  edit-metadata: 1.3725812640041113
  landing: 0.021116810850799084
  view-data: 0.023013688623905182
