times:
  edit-metadata: 0.4884161379886791
  landing: 0.0424941859964747
  view-data: 0.18995737700606696
