times:
  edit-metadata: 0.7859131977893412
  landing: 0.1576101710088551
  view-data: 0.2506569139659405
