times:
  edit-metadata: 0.5483653909759596
  landing: 0.048756755073554814
  view-data: 0.19970211293548346
