times:
  edit-metadata: 1.365748453186825
  landing: 0.8196299150586128
  view-data: 3.3185321849305183
