times:
  edit-metadata: 1.5721053145825863
  landing: 0.02717470657080412
  view-data: 0.026387191377580166
