times:
  edit-metadata: 1.518000328913331
  landing: 0.021380431950092316
  view-data: 0.33933093771338463
