times:
  edit-metadata: 0.5031866538338363
  landing: 0.048043476883322
  view-data: 0.1989242946729064
