times:
  edit-metadata: 0.613801334053278
  landing: 0.5481270719319582
  view-data: 0.20024842955172062
