times:
  edit-metadata: 1.5866399053484201
  landing: 0.7207871675491333
  view-data: 3.3877416606992483
