times:
  edit-metadata: 1.4523137360811234
  landing: 0.11583896912634373
  view-data: 0.023838559165596962
