times:
  edit-metadata: 1.657572891563177
  landing: 0.03116028383374214
  view-data: 0.2687997482717037
