times:
  edit-metadata: 1.5418433286249638
  landing: 0.17325649224221706
  view-data: 0.22045330516994
