times:
  edit-metadata: 1.4612848702818155
  landing: 0.01886040810495615
  view-data: 0.027086609043180943
