times:
  edit-metadata: 0.5013433240819722
  landing: 0.07710093096829951
  view-data: 0.22585763805545866
