times:
  edit-metadata: 0.49008317082189023
  landing: 0.0547402729280293
  view-data: 0.1794409949798137
