times:
  edit-metadata: 0.5045454229984898
  landing: 0.039730821998091415
  view-data: 0.197900587998447
