times:
  edit-metadata: 1.033314770999823
  landing: 0.13478100599968457
  view-data: 0.3065721940001822
