times:
  edit-metadata: 1.9615011923015118
  landing: 0.32809239998459816
  view-data: 0.48612561635673046
