times:
  edit-metadata: 0.5268631936050951
  landing: 0.04556504590436816
  view-data: 0.2092090491205454
