times:
  edit-metadata: 0.5960541442036629
  landing: 0.05231787636876106
  view-data: 0.3082006946206093
