times:
  edit-metadata: 0.5100643530022353
  landing: 0.050717190839350224
  view-data: 0.1816878099925816
