times:
  edit-metadata: 0.6088468283414841
  landing: 0.03947211429476738
  view-data: 0.20582790672779083
