times:
  edit-metadata: 1.3348997980356216
  landing: 0.02363689336925745
  view-data: 0.10039742849767208
