times:
  edit-metadata: 1.736216040328145
  landing: 0.2780400011688471
  view-data: 0.30037570372223854
