times:
  edit-metadata: 1.4597876090556383
  landing: 0.1468779854476452
  view-data: 0.14275637455284595
