times:
  edit-metadata: 1.4395757429301739
  landing: 1.2842600755393505
  view-data: 3.28977760579437
