times:
  edit-metadata: 1.4608493372797966
  landing: 0.021283160895109177
  view-data: 0.42332849092781544
