times:
  edit-metadata: 1.4430345427244902
  landing: 0.21854512579739094
  view-data: 0.129702627658844
