times:
  edit-metadata: 1.6120417570928112
  landing: 0.774708479992114
  view-data: 3.32003872806672
