times:
  edit-metadata: 1.51593944337219
  landing: 0.8947698529809713
  view-data: 3.4133692299947143
