times:
  edit-metadata: 0.6076036356389523
  landing: 0.5719825904816389
  view-data: 0.18814174085855484
