times:
  edit-metadata: 0.9271883240435272
  landing: 0.0953809559578076
  view-data: 0.2284392110304907
