times:
  edit-metadata: 1.6544593162834644
  landing: 0.036885762587189674
  view-data: 0.35721926763653755
