times:
  edit-metadata: 0.5017737308517098
  landing: 0.04175518685951829
  view-data: 0.2040556939318776
