times:
  edit-metadata: 1.5920930728316307
  landing: 0.02028193324804306
  view-data: 0.1295622680336237
