times:
  edit-metadata: 0.5374829119537026
  landing: 0.05141351802740246
  view-data: 0.20261418400332332
