times:
  edit-metadata: 0.50940209813416
  landing: 0.052012057043612
  view-data: 0.19395929062739015
