times:
  edit-metadata: 1.6434027142822742
  landing: 1.1420500092208385
  view-data: 3.3168992288410664
