times:
  edit-metadata: 0.47816580295329913
  landing: 0.05140229396056384
  view-data: 0.1937274539959617
