times:
  edit-metadata: 1.7115631084889174
  landing: 0.2218585703521967
  view-data: 0.35566299967467785
