times:
  edit-metadata: 1.3342710379511118
  landing: 0.019353501498699188
  view-data: 0.02550615184009075
