times:
  edit-metadata: 1.4508274523541331
  landing: 0.020944244228303432
  view-data: 0.1229680897668004
