times:
  edit-metadata: 1.4349738135933876
  landing: 0.02029068674892187
  view-data: 0.1969516407698393
