times:
  edit-metadata: 1.5781631879508495
  landing: 0.8850591592490673
  view-data: 3.3232506215572357
