times:
  edit-metadata: 1.4702342823147774
  landing: 0.856994953006506
  view-data: 3.2989174276590347
