times:
  edit-metadata: 1.353335571475327
  landing: 0.020421423017978668
  view-data: 0.02341737225651741
