times:
  edit-metadata: 1.9803852997720242
  landing: 0.8709084298461676
  view-data: 3.503666185773909
