times:
  edit-metadata: 0.8118020240217447
  landing: 0.06735160714015365
  view-data: 0.30792085640132427
