times:
  edit-metadata: 1.4370775874704123
  landing: 0.18794424831867218
  view-data: 0.4856881657615304
