times:
  edit-metadata: 1.5916179716587067
  landing: 0.9324066899716854
  view-data: 3.319439873099327
