times:
  edit-metadata: 1.7507337648421526
  landing: 0.20758924447000027
  view-data: 0.02300390601158142
