times:
  edit-metadata: 0.5698073160019703
  landing: 0.06485669600078836
  view-data: 0.21658007899532095
