times:
  edit-metadata: 1.5312333852052689
  landing: 0.24156677350401878
  view-data: 0.2696624742820859
