times:
  edit-metadata: 1.4659317638725042
  landing: 0.14267184399068356
  view-data: 0.34511275216937065
