times:
  edit-metadata: 0.6092929110163823
  landing: 0.03737593803089112
  view-data: 0.21626372903119773
