times:
  edit-metadata: 1.4416701141744852
  landing: 0.022337928414344788
  view-data: 0.36849466897547245
