times:
  edit-metadata: 0.5598932094871998
  landing: 0.04213307425379753
  view-data: 0.18414827436208725
