times:
  edit-metadata: 1.5106891207396984
  landing: 0.22351782210171223
  view-data: 0.31606890819966793
