times:
  edit-metadata: 1.6083787605166435
  landing: 0.8921063654124737
  view-data: 3.3995279856026173
