times:
  edit-metadata: 1.5172994881868362
  landing: 0.8951222561299801
  view-data: 3.347685545682907
