times:
  edit-metadata: 0.5780495032668114
  landing: 0.04513784125447273
  view-data: 0.19084535539150238
