times:
  edit-metadata: 1.462073220871389
  landing: 0.023510650731623173
  view-data: 0.390568564645946
