times:
  edit-metadata: 0.5985060092061758
  landing: 0.09691811259835958
  view-data: 0.24332416336983442
