times:
  edit-metadata: 1.552898095920682
  landing: 0.14391533099114895
  view-data: 0.3299227524548769
