times:
  edit-metadata: 1.4935833532363176
  landing: 0.72436966560781
  view-data: 3.3308604769408703
