times:
  edit-metadata: 1.565682627959177
  landing: 0.9215145688503981
  view-data: 3.412819806020707
