times:
  edit-metadata: 1.4396481551229954
  landing: 0.2004414927214384
  view-data: 0.23021425865590572
