times:
  edit-metadata: 1.4497119951993227
  landing: 0.020429342985153198
  view-data: 0.02497779205441475
