times:
  edit-metadata: 0.5576699147932231
  landing: 0.040370372124016285
  view-data: 0.18799978820607066
