times:
  edit-metadata: 1.4322341419756413
  landing: 0.6869181506335735
  view-data: 3.2976575950160623
