times:
  edit-metadata: 0.5427328199148178
  landing: 0.051505837589502335
  view-data: 0.1984252855181694
