times:
  edit-metadata: 0.5549402110045776
  landing: 0.058370586950331926
  view-data: 0.19998221704736352
