times:
  edit-metadata: 0.49325832398608327
  landing: 0.04614785802550614
  view-data: 0.19592882599681616
