times:
  edit-metadata: 1.4987731729634106
  landing: 0.787264539860189
  view-data: 3.33097376790829
