times:
  edit-metadata: 0.5009669240098447
  landing: 0.0629318319261074
  view-data: 0.20629269792698324
