times:
  edit-metadata: 4.119953216984868
  landing: 1.889164237305522
  view-data: 3.8947502449154854
