times:
  edit-metadata: 0.49271909706294537
  landing: 0.04308680444955826
  view-data: 0.2120632166042924
