times:
  edit-metadata: 0.5762255160370842
  landing: 0.04592224198859185
  view-data: 0.21652833803091198
