times:
  edit-metadata: 0.5893941770773381
  landing: 0.05213421396911144
  view-data: 0.1869064960628748
