times:
  edit-metadata: 1.5660718493163586
  landing: 0.9471738152205944
  view-data: 3.418093327432871
