times:
  edit-metadata: 0.5524084309581667
  landing: 0.04691877297591418
  view-data: 0.19091300200670958
