times:
  edit-metadata: 1.4536293484270573
  landing: 0.7485073246061802
  view-data: 3.280557457357645
