times:
  edit-metadata: 1.3438932839781046
  landing: 0.1309449514374137
  view-data: 0.12380410265177488
