times:
  edit-metadata: 1.4364910647273064
  landing: 0.9027868956327438
  view-data: 3.3344023786485195
