times:
  edit-metadata: 1.5698913633823395
  landing: 0.829993074759841
  view-data: 3.311570992693305
