times:
  edit-metadata: 1.4890027102082968
  landing: 0.1112570520490408
  view-data: 0.12474208138883114
