times:
  edit-metadata: 1.6719420291483402
  landing: 0.23077949695289135
  view-data: 0.38133211247622967
