times:
  edit-metadata: 0.5239279520028504
  landing: 0.05688081099651754
  view-data: 0.19718960599857382
