times:
  edit-metadata: 0.44028977397829294
  landing: 0.04143860004842281
  view-data: 0.1985047049820423
