times:
  edit-metadata: 1.5148137009819038
  landing: 0.024196492973715067
  view-data: 0.024885530991014093
