times:
  edit-metadata: 0.5024031298235059
  landing: 0.04379201680421829
  view-data: 0.19504807936027646
