times:
  edit-metadata: 0.5463792057707906
  landing: 0.044363586232066154
  view-data: 0.19070553500205278
