times:
  edit-metadata: 1.7964776773005724
  landing: 0.16789697017520666
  view-data: 0.5241135144606233
