times:
  edit-metadata: 0.5018102519679815
  landing: 0.08160838996991515
  view-data: 0.21090482408180833
