times:
  edit-metadata: 0.5037743118591607
  landing: 0.04128780262544751
  view-data: 0.19458935922011733
