times:
  edit-metadata: 0.5366658580023795
  landing: 0.04052792419679463
  view-data: 0.18897792510688305
