times:
  edit-metadata: 1.4537026030011475
  landing: 0.8286353810690343
  view-data: 3.3615868750493973
