times:
  edit-metadata: 0.60010208748281
  landing: 0.563333859667182
  view-data: 0.20129254087805748
