times:
  edit-metadata: 1.59027586504817
  landing: 0.7327298130840063
  view-data: 3.734438931569457
