times:
  edit-metadata: 0.603714857250452
  landing: 0.04935170337557793
  view-data: 0.1864250749349594
