times:
  edit-metadata: 0.4857651595957577
  landing: 0.04330284474417567
  view-data: 0.19365600775927305
