times:
  edit-metadata: 1.4969325475394726
  landing: 0.13385539315640926
  view-data: 0.3986051306128502
