times:
  edit-metadata: 1.7250830298289657
  landing: 0.28947034664452076
  view-data: 0.3321570623666048
