times:
  edit-metadata: 1.5058965189382434
  landing: 0.8729916918091476
  view-data: 3.380148587981239
