times:
  edit-metadata: 0.5683661089278758
  landing: 0.05932357721030712
  view-data: 0.21751129580661654
