times:
  edit-metadata: 0.5474943679291755
  landing: 0.04272642591968179
  view-data: 0.191149874124676
