times:
  edit-metadata: 1.595374260097742
  landing: 0.8567658141255379
  view-data: 3.4193546772003174
