times:
  edit-metadata: 1.5513036521151662
  landing: 0.8693302981555462
  view-data: 3.379363566637039
