times:
  edit-metadata: 0.4580165226943791
  landing: 0.04375105490908027
  view-data: 0.19775433465838432
