times:
  edit-metadata: 0.5094284238293767
  landing: 0.04570680600591004
  view-data: 0.21762975794263184
