times:
  edit-metadata: 1.4775603944435716
  landing: 0.023787916637957096
  view-data: 0.02542135212570429
