times:
  edit-metadata: 0.6897711176425219
  landing: 2.3336153756827116
  view-data: 0.9362057279795408
