times:
  edit-metadata: 1.6751402020454407
  landing: 0.8234528470784426
  view-data: 3.2798068639822304
