times:
  edit-metadata: 1.3760173497721553
  landing: 0.02190632652491331
  view-data: 0.10246316622942686
