times:
  edit-metadata: 2.2982206428423524
  landing: 0.29139357432723045
  view-data: 0.5581494038924575
