times:
  edit-metadata: 0.549181966111064
  landing: 0.05050997715443373
  view-data: 0.1912118720356375
