times:
  edit-metadata: 4.519388845190406
  landing: 2.3771555460989475
  view-data: 4.1741987355053425
