times:
  edit-metadata: 0.6327891759574413
  landing: 1.2125905584543943
  view-data: 0.29205571860074997
