times:
  edit-metadata: 1.4288302981294692
  landing: 0.7116227271035314
  view-data: 3.269360403995961
