times:
  edit-metadata: 1.448955049738288
  landing: 0.3148074131458998
  view-data: 0.3044760972261429
