times:
  edit-metadata: 0.5477636989671737
  landing: 0.04315708403009921
  view-data: 0.19764961500186473
