times:
  edit-metadata: 0.4463550429791212
  landing: 0.048343829810619354
  view-data: 0.20440058503299952
