times:
  edit-metadata: 1.4301788061857224
  landing: 0.019497408531606197
  view-data: 0.023317687213420868
