times:
  edit-metadata: 2.0034439861774445
  landing: 0.3106611277908087
  view-data: 0.30242226645350456
