times:
  edit-metadata: 0.5451263152062893
  landing: 0.04448283836245537
  view-data: 0.18455113843083382
