times:
  edit-metadata: 1.364509955048561
  landing: 0.022760741412639618
  view-data: 0.023758450523018837
