times:
  edit-metadata: 0.5684127761051059
  landing: 0.1582017713226378
  view-data: 0.19666221179068089
