times:
  edit-metadata: 0.5624675587750971
  landing: 0.040626422967761755
  view-data: 0.19571679923683405
