times:
  edit-metadata: 1.636301557533443
  landing: 0.9570353478193283
  view-data: 3.3482448421418667
