times:
  edit-metadata: 2.2751585468649864
  landing: 1.33877445012331
  view-data: 3.5280674062669277
