times:
  edit-metadata: 1.4592139897868037
  landing: 0.01916998904198408
  view-data: 0.02313607931137085
