times:
  edit-metadata: 0.762960699852556
  landing: 0.047976626083254814
  view-data: 0.27043010387569666
