times:
  edit-metadata: 1.578358393162489
  landing: 0.7725880052894354
  view-data: 3.4245659597218037
