times:
  edit-metadata: 0.5319391489028931
  landing: 0.05429959297180176
  view-data: 0.19617077335715294
