times:
  edit-metadata: 0.5877093849994708
  landing: 0.10709407700051088
  view-data: 0.22381210299499799
