times:
  edit-metadata: 0.5164567889878526
  landing: 0.03175346297211945
  view-data: 0.19420859002275392
