times:
  edit-metadata: 1.5844721123576164
  landing: 0.7187042310833931
  view-data: 3.369419690221548
