times:
  edit-metadata: 0.5799386170110665
  landing: 0.04696292200242169
  view-data: 0.2105525639926782
