times:
  edit-metadata: 1.8874811194837093
  landing: 0.8006226718425751
  view-data: 3.8609413132071495
