times:
  edit-metadata: 1.4609714429825544
  landing: 0.13265466876327991
  view-data: 0.02343515306711197
