times:
  edit-metadata: 1.6627581678330898
  landing: 0.8451614063233137
  view-data: 3.3858481626957655
