times:
  edit-metadata: 0.6058489759452641
  landing: 0.04985608020797372
  view-data: 0.1893255989998579
