times:
  edit-metadata: 1.6891908338293433
  landing: 0.12850276194512844
  view-data: 0.025404994376003742
