times:
  edit-metadata: 1.4192192228510976
  landing: 0.019320471212267876
  view-data: 0.23056442849338055
