times:
  edit-metadata: 1.0878944038413465
  landing: 0.06856992188841105
  view-data: 0.2912042948883027
