times:
  edit-metadata: 0.48819324979558587
  landing: 0.04440549435093999
  view-data: 0.19160404615104198
