times:
  edit-metadata: 0.5941044329665601
  landing: 0.05595197598449886
  view-data: 0.32158159697428346
