times:
  edit-metadata: 1.5962365181185305
  landing: 0.8433937921654433
  view-data: 3.407101297052577
