times:
  edit-metadata: 0.6019492298364639
  landing: 1.010716900229454
  view-data: 0.32482127845287323
