times:
  edit-metadata: 1.560509456321597
  landing: 0.714979212731123
  view-data: 3.4014944098889828
