times:
  edit-metadata: 0.6076686438173056
  landing: 1.6751385852694511
  view-data: 0.7639985755085945
