times:
  edit-metadata: 0.9948696526698768
  landing: 0.11528440285474062
  view-data: 0.2935624816454947
