times:
  edit-metadata: 1.4734388701617718
  landing: 0.020652154460549355
  view-data: 0.38017677888274193
