times:
  edit-metadata: 1.601968846982345
  landing: 0.9598207159433514
  view-data: 3.34352919110097
