times:
  edit-metadata: 0.5014217720017768
  landing: 0.048212611000053585
  view-data: 0.1870696860132739
