times:
  edit-metadata: 1.5963022280484438
  landing: 0.7380480356514454
  view-data: 3.4281934034079313
