times:
  edit-metadata: 0.6004559081047773
  landing: 0.46942673437297344
  view-data: 0.23154768534004688
