times:
  edit-metadata: 0.5525236222893
  landing: 0.04448991594836116
  view-data: 0.20169211784377694
