times:
  edit-metadata: 0.49538135528564453
  landing: 0.07893830584362149
  view-data: 0.2197731202468276
