times:
  edit-metadata: 0.4872367768548429
  landing: 0.0752765629440546
  view-data: 0.2067501440178603
