times:
  edit-metadata: 0.46295105991885066
  landing: 0.04158938303589821
  view-data: 0.19309099530801177
