times:
  edit-metadata: 3.456055950373411
  landing: 1.39703019708395
  view-data: 3.629883199930191
