times:
  edit-metadata: 2.1343480311334133
  landing: 1.2798448875546455
  view-data: 3.4572021774947643
