times:
  edit-metadata: 1.4926538467407227
  landing: 0.8277875110507011
  view-data: 3.300656422972679
