times:
  edit-metadata: 0.5198221418540925
  landing: 0.05472620506770909
  view-data: 0.22016061889007688
