times:
  edit-metadata: 4.9438170194625854
  landing: 1.1148040816187859
  view-data: 4.174833614379168
