times:
  edit-metadata: 0.5174022759310901
  landing: 0.04053036589175463
  view-data: 0.1993507039733231
