times:
  edit-metadata: 1.4981827810406685
  landing: 0.7305718027055264
  view-data: 3.4474300798028708
