times:
  edit-metadata: 1.5856951791793108
  landing: 0.020650643855333328
  view-data: 0.3649131618440151
