times:
  edit-metadata: 1.5242775529623032
  landing: 0.8434995808638632
  view-data: 3.3743527201004326
