times:
  edit-metadata: 1.5246074721217155
  landing: 0.9318481981754303
  view-data: 3.3229049742221832
