times:
  edit-metadata: 0.5107141369953752
  landing: 0.038647876121103764
  view-data: 0.20988474087789655
