times:
  edit-metadata: 1.5690929777920246
  landing: 0.7388462126255035
  view-data: 3.4250279180705547
