times:
  edit-metadata: 1.8873176090419292
  landing: 0.9401799347251654
  view-data: 3.341387689113617
