times:
  edit-metadata: 0.5334755978547037
  landing: 0.05228510103188455
  view-data: 0.21197877381928265
