times:
  edit-metadata: 1.5351904295384884
  landing: 0.8246480263769627
  view-data: 3.3820218984037638
