times:
  edit-metadata: 1.570605669170618
  landing: 0.9792556799948215
  view-data: 0.8479697033762932
