times:
  edit-metadata: 1.5636147148907185
  landing: 0.8357448577880859
  view-data: 3.4285907559096813
