times:
  edit-metadata: 0.5703379809856415
  landing: 0.0469864159822464
  view-data: 0.19674207270145416
