times:
  edit-metadata: 1.5213632639497519
  landing: 0.15792446583509445
  view-data: 0.3102756720036268
