times:
  edit-metadata: 1.6444459329359233
  landing: 0.9490726799704134
  view-data: 3.35244362289086
