times:
  edit-metadata: 1.6064322255551815
  landing: 0.9140373915433884
  view-data: 3.4331034272909164
