times:
  edit-metadata: 1.4873964432626963
  landing: 0.8880710881203413
  view-data: 3.446332436054945
