times:
  edit-metadata: 0.5947482101619244
  landing: 0.041763368993997574
  view-data: 0.20890695974230766
