times:
  edit-metadata: 0.5244071540655568
  landing: 0.045855272095650434
  view-data: 0.1862343141110614
