times:
  edit-metadata: 0.44820757396519184
  landing: 0.04361427715048194
  view-data: 0.19240661477670074
