times:
  edit-metadata: 1.5491367280483246
  landing: 0.9076564610004425
  view-data: 3.350059784948826
