times:
  edit-metadata: 1.4336915649473667
  landing: 0.6753395982086658
  view-data: 3.3496838994324207
