times:
  edit-metadata: 0.5619395077228546
  landing: 0.04065300151705742
  view-data: 0.19551757350564003
