times:
  edit-metadata: 0.5757821110310033
  landing: 0.07131266605574638
  view-data: 0.2126209249254316
