times:
  edit-metadata: 0.619094799272716
  landing: 0.057843652088195086
  view-data: 0.20460430020466447
