times:
  edit-metadata: 0.4889878570102155
  landing: 0.04994024382904172
  view-data: 0.1888950769789517
