times:
  edit-metadata: 1.56912537291646
  landing: 0.8925257511436939
  view-data: 3.3732775375247
