times:
  edit-metadata: 0.458966176956892
  landing: 0.0426756190136075
  view-data: 0.19483979931101203
