times:
  edit-metadata: 0.5692159570025979
  landing: 0.04814469399570953
  view-data: 0.1863506929948926
