times:
  edit-metadata: 1.4160702237859368
  landing: 0.02185310423374176
  view-data: 0.1238850774243474
