times:
  edit-metadata: 1.5300313690677285
  landing: 0.8477766178548336
  view-data: 3.3696050830185413
