times:
  edit-metadata: 1.4510651780292392
  landing: 0.20850247703492641
  view-data: 0.493795795366168
