times:
  edit-metadata: 1.390496482141316
  landing: 0.11198794096708298
  view-data: 0.02507618721574545
