times:
  edit-metadata: 1.7354592327028513
  landing: 1.0565119925886393
  view-data: 3.3986326679587364
