times:
  edit-metadata: 1.3442297698929906
  landing: 0.12229658011347055
  view-data: 0.02516408171504736
