times:
  edit-metadata: 0.489224172080867
  landing: 0.08291707502212375
  view-data: 0.21050879906397313
