times:
  edit-metadata: 0.514499091077596
  landing: 0.044976742938160896
  view-data: 0.1988118609879166
