times:
  edit-metadata: 1.492638555006124
  landing: 0.8389477229211479
  view-data: 3.344065311946906
