times:
  edit-metadata: 0.4924049050314352
  landing: 0.04530903697013855
  view-data: 0.19350669195409864
