times:
  edit-metadata: 0.5973640959709883
  landing: 0.5067143067717552
  view-data: 0.20164703764021397
