times:
  edit-metadata: 1.464965439401567
  landing: 0.0186467245221138
  view-data: 0.4380637062713504
