times:
  edit-metadata: 1.422123952768743
  landing: 0.21200795285403728
  view-data: 0.4001999329775572
