times:
  edit-metadata: 1.330143067985773
  landing: 0.19915058463811874
  view-data: 0.023489157669246197
