times:
  edit-metadata: 1.7900856869964628
  landing: 0.17154866799683077
  view-data: 0.47918431899597635
