times:
  edit-metadata: 0.5861663609975949
  landing: 0.08038395899347961
  view-data: 0.21641877095680684
