times:
  edit-metadata: 1.6532611548900604
  landing: 0.9406820572912693
  view-data: 3.4039366766810417
