times:
  edit-metadata: 1.530523356050253
  landing: 0.7589213587343693
  view-data: 3.303674854338169
