times:
  edit-metadata: 0.5048555249995843
  landing: 0.07316774199989595
  view-data: 0.2144746160001887
