times:
  edit-metadata: 1.4962348057888448
  landing: 0.7855560188181698
  view-data: 3.3464754661545157
