times:
  edit-metadata: 1.3574833497405052
  landing: 0.02164072822779417
  view-data: 0.1012908173725009
