times:
  edit-metadata: 0.5494615000206977
  landing: 0.056015915994066745
  view-data: 0.21405692398548126
