times:
  edit-metadata: 1.5291197150945663
  landing: 0.7947544483467937
  view-data: 3.4430606020614505
