times:
  edit-metadata: 0.49314101797062904
  landing: 0.03998454904649407
  view-data: 0.19122746400535107
