times:
  edit-metadata: 1.362235514447093
  landing: 0.020044044591486454
  view-data: 0.029039827175438404
