times:
  edit-metadata: 1.409590202383697
  landing: 0.019790560007095337
  view-data: 0.3764925580471754
