times:
  edit-metadata: 0.5022236173972487
  landing: 0.04439551383256912
  view-data: 0.2032973561435938
