times:
  edit-metadata: 0.6866503152996302
  landing: 0.0484264325350523
  view-data: 0.20260190218687057
