times:
  edit-metadata: 1.6254865638911724
  landing: 0.7624641489237547
  view-data: 3.4540961999446154
