times:
  edit-metadata: 1.5340495482087135
  landing: 0.7596631273627281
  view-data: 3.389409637078643
