times:
  edit-metadata: 0.5409373099682853
  landing: 0.045861186110414565
  view-data: 0.1879041149513796
