times:
  edit-metadata: 1.6248681237921119
  landing: 0.7849623425863683
  view-data: 3.366008241660893
