times:
  edit-metadata: 1.4619203247129917
  landing: 0.875081192702055
  view-data: 3.3453402183949947
