times:
  edit-metadata: 0.5725708194077015
  landing: 0.4884515181183815
  view-data: 0.2016041185706854
