times:
  edit-metadata: 1.3979771938174963
  landing: 0.14022255968302488
  view-data: 0.02475005481392145
