times:
  edit-metadata: 1.5775142647325993
  landing: 0.9881868101656437
  view-data: 3.3883665315806866
