times:
  edit-metadata: 0.5527048436924815
  landing: 0.04539704509079456
  view-data: 0.21808541612699628
