times:
  edit-metadata: 0.5858331960625947
  landing: 0.07070368900895119
  view-data: 0.2226658002473414
