times:
  edit-metadata: 0.5852185579715297
  landing: 0.04689444892574102
  view-data: 0.18206343799829483
