times:
  edit-metadata: 2.2894506829907186
  landing: 0.6318232649937272
  view-data: 0.4544102160143666
