times:
  edit-metadata: 0.7792860460467637
  landing: 0.0753143890760839
  view-data: 0.3245756411924958
