times:
  edit-metadata: 0.5751538570038974
  landing: 0.1221463130787015
  view-data: 0.19845001492649317
