times:
  edit-metadata: 1.6015700325369835
  landing: 0.7464579343795776
  view-data: 3.2959606163203716
