times:
  edit-metadata: 1.6099640000611544
  landing: 1.0168544361367822
  view-data: 3.4721990367397666
