times:
  edit-metadata: 1.3380750576034188
  landing: 0.13002670370042324
  view-data: 0.026223186403512955
