times:
  edit-metadata: 0.6883168499916792
  landing: 0.6490454562008381
  view-data: 0.32040570117533207
