times:
  edit-metadata: 1.4371642414480448
  landing: 0.12970211170613766
  view-data: 0.0987988281995058
