times:
  edit-metadata: 1.5347985066473484
  landing: 0.1270912867039442
  view-data: 0.3122012708336115
