times:
  edit-metadata: 0.5177831090986729
  landing: 0.0472888583317399
  view-data: 0.19919050484895706
