times:
  edit-metadata: 0.5892490204423666
  landing: 0.8269508518278599
  view-data: 0.30056584998965263
