times:
  edit-metadata: 1.4342213608324528
  landing: 0.14623833168298006
  view-data: 0.12428686860948801
