times:
  edit-metadata: 0.6053411848843098
  landing: 0.4693506173789501
  view-data: 0.19397514127194881
