times:
  edit-metadata: 0.547243129927665
  landing: 0.04834273690357804
  view-data: 0.1903780149295926
