times:
  edit-metadata: 0.47923310520127416
  landing: 0.04926232388243079
  view-data: 0.191417854744941
