times:
  edit-metadata: 0.5947987344115973
  landing: 0.7511283494532108
  view-data: 0.1873599924147129
