times:
  edit-metadata: 1.609904196113348
  landing: 0.18203873746097088
  view-data: 0.31241345033049583
