times:
  edit-metadata: 2.4063541181385517
  landing: 1.4202991724014282
  view-data: 3.5282372944056988
