times:
  edit-metadata: 1.495493310969323
  landing: 0.7629221850074828
  view-data: 3.345817904919386
