times:
  edit-metadata: 1.5900693871080875
  landing: 0.7925183679908514
  view-data: 3.4511898662894964
