times:
  edit-metadata: 1.4977751523256302
  landing: 0.7374794408679008
  view-data: 3.3765107356011868
