times:
  edit-metadata: 0.5982054993510246
  landing: 0.049539871513843536
  view-data: 0.20308683067560196
