times:
  edit-metadata: 0.5028037261217833
  landing: 0.04270615801215172
  view-data: 0.20670559164136648
