times:
  edit-metadata: 0.4901165368501097
  landing: 0.06720947590656579
  view-data: 0.21487699379213154
