times:
  edit-metadata: 0.6326612560078502
  landing: 0.1652945620007813
  view-data: 0.22637171600945294
