times:
  edit-metadata: 1.4606101270765066
  landing: 0.27600401267409325
  view-data: 0.025861935690045357
