times:
  edit-metadata: 0.5622831843793392
  landing: 0.6035874541848898
  view-data: 0.22359247133135796
