times:
  edit-metadata: 0.8269699830561876
  landing: 0.1316113737411797
  view-data: 0.20973920030519366
