times:
  edit-metadata: 1.4544531889259815
  landing: 0.844724602997303
  view-data: 3.3381307534873486
