times:
  edit-metadata: 1.665154847316444
  landing: 0.9141063117422163
  view-data: 3.4241394586861134
