times:
  edit-metadata: 3.4640955701470375
  landing: 1.692681610584259
  view-data: 3.971271838992834
