times:
  edit-metadata: 1.381426670588553
  landing: 0.025894484482705593
  view-data: 0.024057243019342422
