times:
  edit-metadata: 0.6506639923900366
  landing: 0.5319479983299971
  view-data: 0.2330226544290781
