times:
  edit-metadata: 1.6052684169262648
  landing: 0.2644017804414034
  view-data: 0.3701205551624298
