times:
  edit-metadata: 1.4699545502662659
  landing: 0.8538453727960587
  view-data: 3.3629560321569443
