times:
  edit-metadata: 0.5257804901339114
  landing: 0.04362602299079299
  view-data: 0.19272874295711517
