times:
  edit-metadata: 0.8057998180011055
  landing: 0.05681655199441593
  view-data: 0.21095803299976978
