times:
  edit-metadata: 0.6029294691979885
  landing: 0.9548268858343363
  view-data: 0.416198318824172
