times:
  edit-metadata: 3.4071746934205294
  landing: 1.601189211010933
  view-data: 3.867168039083481
