times:
  edit-metadata: 1.350491196848452
  landing: 0.020512251183390617
  view-data: 0.11959232855588198
