times:
  edit-metadata: 1.5081688333302736
  landing: 0.8582363910973072
  view-data: 3.3779587764292955
