times:
  edit-metadata: 0.5539542995393276
  landing: 0.04945625364780426
  view-data: 0.18421290069818497
