times:
  edit-metadata: 1.4439629600383341
  landing: 0.7832666081376374
  view-data: 3.3651751801371574
