times:
  edit-metadata: 0.5148194709327072
  landing: 0.041598381008952856
  view-data: 0.19052024092525244
