times:
  edit-metadata: 0.4990704800002277
  landing: 0.08063459303230047
  view-data: 0.2139993947930634
