times:
  edit-metadata: 0.5146780349314213
  landing: 0.043481974047608674
  view-data: 0.20124051300808787
