times:
  edit-metadata: 0.601491903886199
  landing: 0.5973843354731798
  view-data: 0.18771122582256794
