times:
  edit-metadata: 1.576483853161335
  landing: 0.021619119681417942
  view-data: 0.1325616054236889
