times:
  edit-metadata: 1.3565375423058867
  landing: 0.02181294746696949
  view-data: 0.12268086615949869
