times:
  edit-metadata: 0.5823711939156055
  landing: 0.04489674500655383
  view-data: 0.2171050680335611
