times:
  edit-metadata: 0.49497313203755766
  landing: 0.07182702503632754
  view-data: 0.2155081689124927
