times:
  edit-metadata: 4.560140043497086
  landing: 2.2570835165679455
  view-data: 3.525945793837309
