times:
  edit-metadata: 0.45727917924523354
  landing: 0.048324824310839176
  view-data: 0.2102059768512845
