times:
  edit-metadata: 0.5040143788792193
  landing: 0.07190844393335283
  view-data: 0.21311550005339086
