times:
  edit-metadata: 0.5446122430003015
  landing: 0.052074857012485154
  view-data: 0.21008191900909878
