times:
  edit-metadata: 0.6198352039791644
  landing: 0.04304375499486923
  view-data: 0.20407534297555685
