times:
  edit-metadata: 0.4885323049966246
  landing: 0.04870634991675615
  view-data: 0.19225661479867995
