times:
  edit-metadata: 0.4504977259784937
  landing: 0.04274082509800792
  view-data: 0.19279429083690047
