times:
  edit-metadata: 0.5011554351076484
  landing: 0.04681089986115694
  view-data: 0.19393656915053725
