times:
  edit-metadata: 0.4957584779476747
  landing: 0.07594281097408384
  view-data: 0.2175985510693863
