times:
  edit-metadata: 0.5150420619174838
  landing: 0.047754517290741205
  view-data: 0.18262487463653088
