times:
  edit-metadata: 1.3921503070741892
  landing: 0.7806878034025431
  view-data: 3.2858870923519135
