times:
  edit-metadata: 0.5749264580081217
  landing: 0.06521141802659258
  view-data: 0.21848552697338164
