times:
  edit-metadata: 0.5857281386852264
  landing: 0.048244498670101166
  view-data: 0.1831398569047451
