times:
  edit-metadata: 0.5447894530370831
  landing: 0.05314653099048883
  view-data: 0.1913399340119213
