times:
  edit-metadata: 0.6026692055165768
  landing: 0.0492735393345356
  view-data: 0.20322328060865402
