times:
  edit-metadata: 0.5433273799717426
  landing: 0.04605998005717993
  view-data: 0.19229507399722934
