times:
  edit-metadata: 0.55522570759058
  landing: 0.04720136523246765
  view-data: 0.18396682664752007
