times:
  edit-metadata: 0.5547040830133483
  landing: 0.05460368900094181
  view-data: 0.21680428797844797
