times:
  edit-metadata: 0.49850902799516916
  landing: 0.04659936181269586
  view-data: 0.18830513814464211
