times:
  edit-metadata: 0.5579092890257016
  landing: 0.0769197620684281
  view-data: 0.21373568195849657
