times:
  edit-metadata: 1.385483711026609
  landing: 0.020074961706995964
  view-data: 0.4043835485354066
