times:
  edit-metadata: 1.5545683037489653
  landing: 0.823987565934658
  view-data: 3.392552260309458
