times:
  edit-metadata: 0.4815760849742219
  landing: 0.055978685966692865
  view-data: 0.20276491006370634
