times:
  edit-metadata: 3.32674646936357
  landing: 1.5900299130007625
  view-data: 4.013580924831331
