times:
  edit-metadata: 1.5428583230823278
  landing: 0.7526806555688381
  view-data: 3.3444435987621546
