times:
  edit-metadata: 0.5104973230045289
  landing: 0.05200269795022905
  view-data: 0.2146853469312191
