times:
  edit-metadata: 1.3775913920253515
  landing: 0.02274404466152191
  view-data: 0.12118943221867085
