times:
  edit-metadata: 1.349285620264709
  landing: 0.021818095818161964
  view-data: 0.028632416389882565
