times:
  edit-metadata: 0.5397485850844532
  landing: 0.040350088966079056
  view-data: 0.19149017299059778
