times:
  edit-metadata: 0.5187387431506068
  landing: 0.053702048026025295
  view-data: 0.1932406541891396
