times:
  edit-metadata: 1.3523427937179804
  landing: 0.021768497303128242
  view-data: 0.02805574331432581
