times:
  edit-metadata: 0.4323612190783024
  landing: 0.048967469949275255
  view-data: 0.19820292526856065
