times:
  edit-metadata: 1.7542367316782475
  landing: 0.24559446796774864
  view-data: 0.3274916522204876
