times:
  edit-metadata: 0.5471766869304702
  landing: 0.044096703990362585
  view-data: 0.19671411998569965
