times:
  edit-metadata: 0.5009934559930116
  landing: 0.06824321416206658
  view-data: 0.23352604894898832
