times:
  edit-metadata: 1.4922206560149789
  landing: 0.7893155086785555
  view-data: 3.3571733059361577
