times:
  edit-metadata: 1.3661511950194836
  landing: 0.01935464609414339
  view-data: 0.24775656405836344
