times:
  edit-metadata: 1.7505585132166743
  landing: 0.02052454464137554
  view-data: 0.03193917218595743
