times:
  edit-metadata: 1.4707645662128925
  landing: 0.2755217645317316
  view-data: 0.1344289667904377
