times:
  edit-metadata: 1.6172694228589535
  landing: 0.77825807640329
  view-data: 3.3259115838445723
