times:
  edit-metadata: 0.5724923107773066
  landing: 0.3717123158276081
  view-data: 0.20586166717112064
