times:
  edit-metadata: 0.502676228992641
  landing: 0.06776727270334959
  view-data: 0.21414237329736352
