times:
  edit-metadata: 0.5602688193321228
  landing: 0.04861249029636383
  view-data: 0.2025887742638588
