times:
  edit-metadata: 1.604223984759301
  landing: 0.7837266367860138
  view-data: 3.3921386529691517
