times:
  edit-metadata: 1.324464350938797
  landing: 0.02040739730000496
  view-data: 0.02533966861665249
