times:
  edit-metadata: 1.8579186163842678
  landing: 0.7606990598142147
  view-data: 3.347240775823593
