times:
  edit-metadata: 1.3571998625993729
  landing: 0.020932745188474655
  view-data: 0.11657523643225431
