times:
  edit-metadata: 0.5231534792110324
  landing: 0.05757827404886484
  view-data: 0.2071303608827293
