times:
  edit-metadata: 1.6429109629243612
  landing: 0.1818108931183815
  view-data: 0.15399558655917645
