times:
  edit-metadata: 1.5453704558312893
  landing: 0.8378908606246114
  view-data: 3.3758399803191423
