times:
  edit-metadata: 1.5107136983424425
  landing: 0.12754091806709766
  view-data: 0.32218221202492714
