times:
  edit-metadata: 1.4273655638098717
  landing: 0.15255329757928848
  view-data: 0.024185786023736
