times:
  edit-metadata: 1.489809513092041
  landing: 0.9323981888592243
  view-data: 3.3267795369029045
