times:
  edit-metadata: 1.4913190994411707
  landing: 0.8052748683840036
  view-data: 3.3132516127079725
