times:
  edit-metadata: 0.5022775349207222
  landing: 0.04475602088496089
  view-data: 0.1903301291167736
