times:
  edit-metadata: 0.5157268666662276
  landing: 0.04181204317137599
  view-data: 0.19326842995360494
