times:
  edit-metadata: 0.5108581900130957
  landing: 0.06389213298098184
  view-data: 0.34040338700287975
