times:
  edit-metadata: 1.3992242515087128
  landing: 0.023125482723116875
  view-data: 0.13125099893659353
