times:
  edit-metadata: 1.6215447075664997
  landing: 0.8281210735440254
  view-data: 3.29661687836051
