times:
  edit-metadata: 0.5194623856805265
  landing: 0.04415738582611084
  view-data: 0.19904296332970262
