times:
  edit-metadata: 1.557717570103705
  landing: 0.8679284350946546
  view-data: 3.4447350269183517
