times:
  edit-metadata: 0.5290588052012026
  landing: 0.03850154625251889
  view-data: 0.19243640592321754
