times:
  edit-metadata: 2.013342397287488
  landing: 0.3634706325829029
  view-data: 0.48857296258211136
