times:
  edit-metadata: 0.5955809980005142
  landing: 0.04942246099381009
  view-data: 0.20223050000640796
