times:
  edit-metadata: 0.5774094220250845
  landing: 0.07066802820190787
  view-data: 0.22609201399609447
