times:
  edit-metadata: 0.566062827128917
  landing: 0.053436607122421265
  view-data: 0.2253938396461308
