times:
  edit-metadata: 0.4937964817509055
  landing: 0.04215951822698116
  view-data: 0.20057459082454443
