times:
  edit-metadata: 0.5071707721799612
  landing: 0.03608523588627577
  view-data: 0.32526271138340235
