times:
  edit-metadata: 0.48949343600543216
  landing: 0.047330165980383754
  view-data: 0.19461227697320282
