times:
  edit-metadata: 0.516973540186882
  landing: 0.046096574049443007
  view-data: 0.21655410528182983
