times:
  edit-metadata: 1.6037170477211475
  landing: 1.33498889580369
  view-data: 3.3700336068868637
