times:
  edit-metadata: 0.5544157400727272
  landing: 0.040401291102170944
  view-data: 0.202379759401083
