times:
  edit-metadata: 1.583109874278307
  landing: 0.7839427758008242
  view-data: 3.410182073712349
