times:
  edit-metadata: 0.5016250489279628
  landing: 0.07593945786356926
  view-data: 0.21322986390441656
