times:
  edit-metadata: 1.514358963817358
  landing: 0.8052268996834755
  view-data: 3.3626089841127396
