times:
  edit-metadata: 1.5895202085375786
  landing: 0.7795121818780899
  view-data: 3.353734113276005
