times:
  edit-metadata: 0.49509163096081465
  landing: 0.06868183898041025
  view-data: 0.237359368999023
