times:
  edit-metadata: 1.3503443850204349
  landing: 0.1579189533367753
  view-data: 0.027149240486323833
