times:
  edit-metadata: 1.6655187010765076
  landing: 0.8505671601742506
  view-data: 0.7195413485169411
