times:
  edit-metadata: 0.5497829001396894
  landing: 0.053040675818920135
  view-data: 0.19034715136513114
