times:
  edit-metadata: 0.5661651990376413
  landing: 0.06292069377377629
  view-data: 0.20935517107136548
