times:
  edit-metadata: 0.5023127610329539
  landing: 0.05262257799040526
  view-data: 0.19612544507253915
