times:
  edit-metadata: 0.5543015133589506
  landing: 0.6140181925147772
  view-data: 0.1958718653768301
