times:
  edit-metadata: 0.5114313256926835
  landing: 0.046458321157842875
  view-data: 0.20029697054997087
