times:
  edit-metadata: 0.5434821689850651
  landing: 0.0476370970136486
  view-data: 0.18562654900597408
