times:
  edit-metadata: 0.5654390340205282
  landing: 0.04692669911310077
  view-data: 0.19303063093684614
