times:
  edit-metadata: 1.4291530456393957
  landing: 0.02146997395902872
  view-data: 0.19116545375436544
