times:
  edit-metadata: 0.4811962079256773
  landing: 0.0644379579462111
  view-data: 0.2141614039428532
