times:
  edit-metadata: 1.436550885438919
  landing: 0.02102450467646122
  view-data: 0.12101108767092228
