times:
  edit-metadata: 1.5598448440432549
  landing: 0.7730148024857044
  view-data: 3.437936494126916
