times:
  edit-metadata: 0.551328593865037
  landing: 0.04740720009431243
  view-data: 0.1843623868189752
