times:
  edit-metadata: 2.3316078931093216
  landing: 1.159861795604229
  view-data: 3.509912084788084
