times:
  edit-metadata: 1.3264241442084312
  landing: 0.020391814410686493
  view-data: 0.12275813333690166
