times:
  edit-metadata: 0.5828712582588196
  landing: 0.03886978328227997
  view-data: 0.19452952593564987
