times:
  edit-metadata: 1.4612351320683956
  landing: 0.18599190749228
  view-data: 0.13201521523296833
