times:
  edit-metadata: 0.49587937304750085
  landing: 0.04755981499329209
  view-data: 0.20007979730144143
