times:
  edit-metadata: 0.5913231424055994
  landing: 0.06376982713118196
  view-data: 0.1989061781205237
