times:
  edit-metadata: 1.4442720273509622
  landing: 0.02201602142304182
  view-data: 0.12822065316140652
