times:
  edit-metadata: 0.5904201610246673
  landing: 0.06411856901831925
  view-data: 0.21449834608938545
