times:
  edit-metadata: 0.4944552509987261
  landing: 0.041944847005652264
  view-data: 0.19382534400210716
