times:
  edit-metadata: 1.4594206288456917
  landing: 0.023206226527690887
  view-data: 0.02470454014837742
