times:
  edit-metadata: 0.5085112769156694
  landing: 0.03978533856570721
  view-data: 0.21141329500824213
