times:
  edit-metadata: 0.4745749426074326
  landing: 0.040414208080619574
  view-data: 0.20431294897571206
