times:
  edit-metadata: 0.5380186983384192
  landing: 0.04727153014391661
  view-data: 0.19739716919139028
