times:
  edit-metadata: 0.8511090548709035
  landing: 0.06323528289794922
  view-data: 0.212972991168499
