times:
  edit-metadata: 0.6316028255969286
  landing: 0.6128513570874929
  view-data: 0.30400429852306843
