times:
  edit-metadata: 0.5668793488293886
  landing: 1.305802408605814
  view-data: 0.30555623583495617
