times:
  edit-metadata: 1.5080642625689507
  landing: 0.21333733573555946
  view-data: 0.032278554514050484
