times:
  edit-metadata: 1.6953240931034088
  landing: 1.0008271224796772
  view-data: 3.3360453732311726
