times:
  edit-metadata: 1.5838270485401154
  landing: 0.9289589263498783
  view-data: 3.4164521992206573
