times:
  edit-metadata: 1.4901498276740313
  landing: 0.13252281583845615
  view-data: 0.02407301962375641
