times:
  edit-metadata: 1.5500896852463484
  landing: 0.8545157732442021
  view-data: 3.3339122887700796
