times:
  edit-metadata: 0.5046440148726106
  landing: 0.041094187181442976
  view-data: 0.19809804810211062
