times:
  edit-metadata: 1.3973672948777676
  landing: 0.023273025639355183
  view-data: 0.025905730202794075
