times:
  edit-metadata: 1.5679103843867779
  landing: 0.7880989126861095
  view-data: 3.4216632451862097
