times:
  edit-metadata: 0.5723675983026624
  landing: 0.0766677469946444
  view-data: 0.22147696185857058
