times:
  edit-metadata: 2.6927473414689302
  landing: 0.35000913962721825
  view-data: 0.03537382371723652
