times:
  edit-metadata: 0.545727346005151
  landing: 0.04173522599739954
  view-data: 0.2024583070015069
