times:
  edit-metadata: 1.6843363717198372
  landing: 1.0638271272182465
  view-data: 3.406885154545307
