times:
  edit-metadata: 0.5103386733680964
  landing: 0.03800942003726959
  view-data: 0.20237871818244457
