times:
  edit-metadata: 0.4413624540902674
  landing: 0.040800307877361774
  view-data: 0.20051066996529698
