times:
  edit-metadata: 0.4982607149868272
  landing: 0.06645308603765443
  view-data: 0.22491110698319972
