times:
  edit-metadata: 1.3775298474356532
  landing: 0.023035516031086445
  view-data: 0.12531377747654915
