times:
  edit-metadata: 0.6892774440348148
  landing: 0.0516512393951416
  view-data: 0.20194832608103752
