times:
  edit-metadata: 2.0816153455525637
  landing: 0.5042269099503756
  view-data: 0.42230632714927197
