times:
  edit-metadata: 1.5350467395037413
  landing: 0.7769297175109386
  view-data: 3.3129971846938133
