times:
  edit-metadata: 1.567154984921217
  landing: 0.7655311599373817
  view-data: 3.3656373526901007
