times:
  edit-metadata: 0.4536799928173423
  landing: 0.0498431040905416
  view-data: 0.2006678832694888
