times:
  edit-metadata: 1.5236940048635006
  landing: 0.01921524666249752
  view-data: 0.1719239167869091
