times:
  edit-metadata: 2.716111958026886
  landing: 0.8977103568613529
  view-data: 3.367073453962803
