times:
  edit-metadata: 0.433496065903455
  landing: 0.0450803111307323
  view-data: 0.1979012619704008
