times:
  edit-metadata: 1.4272237570257857
  landing: 0.7185550020076334
  view-data: 3.283007781021297
