times:
  edit-metadata: 0.538031203992432
  landing: 0.0484290279855486
  view-data: 0.18463376301224343
