times:
  edit-metadata: 1.578641390427947
  landing: 0.6726724896579981
  view-data: 3.2920409608632326
