times:
  edit-metadata: 0.5372927039861679
  landing: 0.0684222070267424
  view-data: 0.19648377795238048
