times:
  edit-metadata: 1.3496900349855423
  landing: 0.8371828868985176
  view-data: 3.3580135628581047
