times:
  edit-metadata: 1.4765268489718437
  landing: 0.9532203525304794
  view-data: 3.3253759890794754
