times:
  edit-metadata: 1.3793751932680607
  landing: 0.8665185384452343
  view-data: 3.3727324791252613
