times:
  edit-metadata: 1.4039071574807167
  landing: 0.6459587551653385
  view-data: 3.3303927034139633
