times:
  edit-metadata: 1.9301676601171494
  landing: 1.3111988343298435
  view-data: 3.7267256267368793
