times:
  edit-metadata: 1.4600503835827112
  landing: 3.190812927670777
  view-data: 3.272425515577197
