times:
  edit-metadata: 0.5405031560221687
  landing: 0.0865003849612549
  view-data: 0.21137718099635094
