times:
  edit-metadata: 0.5336065299925394
  landing: 0.08017735899193212
  view-data: 0.22447450400795788
