times:
  edit-metadata: 1.6740790698677301
  landing: 0.8747502844780684
  view-data: 3.3721964601427317
