times:
  edit-metadata: 1.5113835744559765
  landing: 0.8908781968057156
  view-data: 3.3681121580302715
