times:
  edit-metadata: 2.0173613280057907
  landing: 0.8705055564641953
  view-data: 3.3816163912415504
