times:
  edit-metadata: 1.4097336204722524
  landing: 1.584884556941688
  view-data: 3.3143227007240057
