times:
  edit-metadata: 1.3654153533279896
  landing: 0.6997477449476719
  view-data: 3.265220955014229
