times:
  edit-metadata: 1.3614113070070744
  landing: 0.7955256775021553
  view-data: 3.301768124103546
