times:
  edit-metadata: 1.5271932799369097
  landing: 0.7342533804476261
  view-data: 3.414717873558402
