times:
  edit-metadata: 1.4758083261549473
  landing: 0.9146377220749855
  view-data: 3.347999297082424
