times:
  edit-metadata: 1.574651576578617
  landing: 0.8112735375761986
  view-data: 3.403942834585905
