times:
  edit-metadata: 1.9468341246247292
  landing: 1.053563967347145
  view-data: 4.80574843659997
