times:
  edit-metadata: 0.46220025299953704
  landing: 0.04634757999974681
  view-data: 0.21268810699984897
