times:
  edit-metadata: 1.4165031211450696
  landing: 0.9043603120371699
  view-data: 4.615517396479845
