times:
  edit-metadata: 0.5592213082127273
  landing: 0.04955538688227534
  view-data: 0.21566350804641843
