times:
  edit-metadata: 1.4974939357489347
  landing: 0.7694756723940372
  view-data: 3.413619514554739
