times:
  edit-metadata: 0.47222656081430614
  landing: 0.05258305906318128
  view-data: 0.2223037420772016
