times:
  edit-metadata: 1.573349092155695
  landing: 0.8204694353044033
  view-data: 3.442453134804964
