times:
  edit-metadata: 1.5140801258385181
  landing: 0.7782338466495275
  view-data: 3.418978799134493
