times:
  edit-metadata: 1.3251855075359344
  landing: 0.88416937738657
  view-data: 3.2747908607125282
