times:
  edit-metadata: 1.6019465774297714
  landing: 0.7501898407936096
  view-data: 3.3755041882395744
