times:
  edit-metadata: 0.4553342059953138
  landing: 0.046345315990038216
  view-data: 0.3323109010234475
