times:
  edit-metadata: 1.5921409986913204
  landing: 1.045441098511219
  view-data: 3.3084444142878056
