times:
  edit-metadata: 2.5336130633950233
  landing: 1.376728504896164
  view-data: 3.6929591074585915
