times:
  edit-metadata: 1.6159298978745937
  landing: 1.02478913590312
  view-data: 3.412930015474558
