times:
  edit-metadata: 1.3880245238542557
  landing: 0.7201229948550463
  view-data: 3.393669119104743
