times:
  edit-metadata: 2.392290987074375
  landing: 1.7889781389385462
  view-data: 3.9131132680922747
