times:
  edit-metadata: 1.2956586950458586
  landing: 0.7506707541178912
  view-data: 3.3424258939921856
