times:
  edit-metadata: 1.5466493088752031
  landing: 0.8315978441387415
  view-data: 3.432649040594697
