times:
  edit-metadata: 0.47028934000991285
  landing: 0.0870985999936238
  view-data: 0.21104103396646678
