times:
  edit-metadata: 0.4666712520411238
  landing: 0.10424597602104768
  view-data: 0.20077771897194907
