times:
  edit-metadata: 1.5351370386779308
  landing: 0.7435897756367922
  view-data: 3.4341018330305815
