times:
  edit-metadata: 0.47032694600056857
  landing: 0.0436094909964595
  view-data: 0.21684130200446816
