times:
  edit-metadata: 0.6509580258280039
  landing: 0.18368337815627456
  view-data: 0.2235899423249066
