times:
  edit-metadata: 0.4865835369564593
  landing: 0.07799352495931089
  view-data: 0.22000175504945219
