times:
  edit-metadata: 1.2956372119951993
  landing: 0.3047462100512348
  view-data: 0.31616643897723407
