times:
  edit-metadata: 0.44812183699104935
  landing: 0.07387327298056334
  view-data: 0.20989200001349673
