times:
  edit-metadata: 1.386068519204855
  landing: 0.7809322252869606
  view-data: 3.3280760273337364
