times:
  edit-metadata: 1.560830538161099
  landing: 0.8595850672572851
  view-data: 3.41814494272694
