times:
  edit-metadata: 1.509591743350029
  landing: 0.7745623402297497
  view-data: 3.393123332411051
