times:
  edit-metadata: 0.616963360022055
  landing: 0.1351345620059874
  view-data: 0.2440565639990382
