times:
  edit-metadata: 1.53834817558527
  landing: 0.7754086256027222
  view-data: 3.363649446517229
