times:
  edit-metadata: 1.5480506587773561
  landing: 0.8588479743339121
  view-data: 3.313921662978828
