times:
  edit-metadata: 1.7293341420590878
  landing: 0.8127044513821602
  view-data: 3.299751102924347
