times:
  edit-metadata: 1.7454336285591125
  landing: 0.8980823867022991
  view-data: 3.368743270635605
