times:
  edit-metadata: 1.523524021729827
  landing: 0.8203771449625492
  view-data: 3.44758222065866
