times:
  edit-metadata: 0.47088632290251553
  landing: 0.04721775802318007
  view-data: 0.2089890600182116
