times:
  edit-metadata: 1.6418448351323605
  landing: 1.1536519238725305
  view-data: 3.424879531841725
