times:
  edit-metadata: 0.5518893441185355
  landing: 0.05683356011286378
  view-data: 0.22505442891269922
