times:
  edit-metadata: 1.456287957727909
  landing: 0.9145759576931596
  view-data: 3.303578518331051
