times:
  edit-metadata: 1.5247632842510939
  landing: 0.7936162743717432
  view-data: 3.4516781717538834
