times:
  edit-metadata: 0.4499107780866325
  landing: 0.07890974683687091
  view-data: 0.2227184628136456
