times:
  edit-metadata: 0.4738086889847182
  landing: 0.08767856797203422
  view-data: 0.21115510200615972
