times:
  edit-metadata: 1.4532645079307258
  landing: 0.802205819170922
  view-data: 3.404779978096485
