times:
  edit-metadata: 1.4354984005913138
  landing: 0.8560076057910919
  view-data: 3.3562121456488967
