times:
  edit-metadata: 0.5023804260417819
  landing: 0.11605795426294208
  view-data: 0.23490734491497278
