times:
  edit-metadata: 2.416260775178671
  landing: 1.5673203114420176
  view-data: 3.684128277003765
