times:
  edit-metadata: 0.4547293539508246
  landing: 0.0745119719649665
  view-data: 0.21654891403159127
