times:
  edit-metadata: 0.4988875170238316
  landing: 0.08022412401624024
  view-data: 0.34842054708860815
