times:
  edit-metadata: 1.4943596571683884
  landing: 0.7939010628033429
  view-data: 3.309985012980178
