times:
  edit-metadata: 1.5629548896104097
  landing: 0.7768334001302719
  view-data: 3.4357286039739847
