times:
  edit-metadata: 1.5536692757159472
  landing: 0.7548037096858025
  view-data: 3.4050724785774946
