times:
  edit-metadata: 1.4969795010983944
  landing: 0.8937792889773846
  view-data: 3.3840460181236267
