times:
  edit-metadata: 1.4697081111371517
  landing: 0.9332376047968864
  view-data: 3.3269818872213364
