times:
  edit-metadata: 0.4550272800261155
  landing: 0.0819486090913415
  view-data: 0.22226755309384316
