times:
  edit-metadata: 0.4705914731603116
  landing: 0.048707135021686554
  view-data: 0.22350246994756162
