times:
  edit-metadata: 1.6310476027429104
  landing: 1.0174875259399414
  view-data: 3.3753246031701565
