times:
  edit-metadata: 1.5311228297650814
  landing: 0.895025722682476
  view-data: 3.316869668662548
