times:
  edit-metadata: 1.4019475728273392
  landing: 0.7314530871808529
  view-data: 3.2546770498156548
