times:
  edit-metadata: 1.5910929664969444
  landing: 1.008748434484005
  view-data: 3.472172599285841
