times:
  edit-metadata: 0.4656986929476261
  landing: 0.04012818541377783
  view-data: 0.20584227005019784
