times:
  edit-metadata: 1.698881357908249
  landing: 0.9907540939748287
  view-data: 3.5597897581756115
