times:
  edit-metadata: 1.559952087700367
  landing: 0.8525429461151361
  view-data: 3.4072192572057247
