times:
  edit-metadata: 1.4920932240784168
  landing: 0.9298073090612888
  view-data: 3.402890373021364
