times:
  edit-metadata: 1.7774468511343002
  landing: 1.2128525078296661
  view-data: 3.3651145584881306
