times:
  edit-metadata: 1.5278065167367458
  landing: 1.235289555042982
  view-data: 3.443175895139575
