times:
  edit-metadata: 1.4725051149725914
  landing: 0.9072866219794378
  view-data: 3.3206663420423865
