times:
  edit-metadata: 1.5498005291447043
  landing: 0.7785267038270831
  view-data: 3.3225098503753543
