times:
  edit-metadata: 1.5134269036352634
  landing: 1.1642308663576841
  view-data: 3.444064188748598
