times:
  edit-metadata: 1.6929966025054455
  landing: 0.9796659983694553
  view-data: 3.3281448669731617
