times:
  edit-metadata: 1.4535605399869382
  landing: 0.8637472410919145
  view-data: 3.3880520329112187
