times:
  edit-metadata: 1.5883274069055915
  landing: 0.7671234309673309
  view-data: 3.3321413910016418
