times:
  edit-metadata: 1.8581993477419019
  landing: 1.1575252385810018
  view-data: 3.6702569480985403
