times:
  edit-metadata: 1.4773106798529625
  landing: 0.9277331121265888
  view-data: 3.3120066858828068
