times:
  edit-metadata: 1.4778410755097866
  landing: 0.7631338760256767
  view-data: 3.4345332626253366
