times:
  edit-metadata: 1.494278023019433
  landing: 0.7159971259534359
  view-data: 3.3681959956884384
