times:
  edit-metadata: 1.837886031717062
  landing: 1.0548100676387548
  view-data: 3.394179219380021
