times:
  edit-metadata: 1.4183813829440624
  landing: 0.7987792399944738
  view-data: 3.3174198149936274
