times:
  edit-metadata: 0.4856237140484154
  landing: 0.07405789801850915
  view-data: 0.21680520102381706
