times:
  edit-metadata: 2.11686977930367
  landing: 0.9935439489781857
  view-data: 3.4241313287056983
