times:
  edit-metadata: 0.527844696000102
  landing: 0.07678679899254348
  view-data: 0.20932059100596234
