times:
  edit-metadata: 1.4494090108200908
  landing: 0.8911522477865219
  view-data: 3.3778264662250876
