times:
  edit-metadata: 1.5530999973416328
  landing: 0.7941887713968754
  view-data: 3.4027254171669483
