times:
  edit-metadata: 1.624347846955061
  landing: 0.7552298307418823
  view-data: 3.4129787608981133
