times:
  edit-metadata: 0.535336177010322
  landing: 0.06477728000027128
  view-data: 0.23079606400278863
