times:
  edit-metadata: 1.4482842236757278
  landing: 0.8487800229340792
  view-data: 3.3635113146156073
