times:
  edit-metadata: 1.4834926892071962
  landing: 0.7390028573572636
  view-data: 3.37447115406394
