times:
  edit-metadata: 1.4863393572159111
  landing: 0.8740763980895281
  view-data: 3.367051986977458
