times:
  edit-metadata: 0.47389239678159356
  landing: 0.059204776072874665
  view-data: 0.21480230102315545
