times:
  edit-metadata: 0.4886070319917053
  landing: 0.08225912705529481
  view-data: 0.22740301210433245
