times:
  edit-metadata: 1.5278750479919836
  landing: 1.0261751130456105
  view-data: 3.3788314800476655
