times:
  edit-metadata: 0.4642488486133516
  landing: 0.0817159260623157
  view-data: 0.2229804191738367
