times:
  edit-metadata: 1.3606766210868955
  landing: 1.1250092899426818
  view-data: 3.566275557503104
