times:
  edit-metadata: 0.4564143419265747
  landing: 0.08252453082241118
  view-data: 0.22759855212643743
