times:
  edit-metadata: 1.5117821414023638
  landing: 0.8421802185475826
  view-data: 3.4180766567587852
