times:
  edit-metadata: 1.5351312719285488
  landing: 1.0544550716876984
  view-data: 3.373774901032448
