times:
  edit-metadata: 0.5373399285599589
  landing: 0.07029823493212461
  view-data: 0.2073262589983642
