times:
  edit-metadata: 1.5058679319918156
  landing: 0.9893981739878654
  view-data: 3.2812759950757027
