times:
  edit-metadata: 1.4308205544948578
  landing: 0.9598628543317318
  view-data: 3.3433812968432903
