times:
  edit-metadata: 1.365088897291571
  landing: 0.8076290609315038
  view-data: 3.3321328088641167
