times:
  edit-metadata: 1.9641966857016087
  landing: 1.1428566984832287
  view-data: 3.3826813399791718
