times:
  edit-metadata: 2.208243604749441
  landing: 1.148851789534092
  view-data: 3.4899342954158783
