times:
  edit-metadata: 0.47305533092003316
  landing: 0.06541233696043491
  view-data: 0.2258873999817297
