times:
  edit-metadata: 0.5346209720009938
  landing: 0.08622681896667928
  view-data: 0.21878385997842997
