times:
  edit-metadata: 1.456638514995575
  landing: 0.8917131535708904
  view-data: 3.372268319129944
