times:
  edit-metadata: 0.5560098569840193
  landing: 0.044357347302138805
  view-data: 0.22118729911744595
