times:
  edit-metadata: 1.3761856146156788
  landing: 0.8612879980355501
  view-data: 3.3102527521550655
