times:
  edit-metadata: 1.4598753452301025
  landing: 0.8778954856097698
  view-data: 3.418648421764374
