times:
  edit-metadata: 1.3223519439343363
  landing: 0.7153201431501657
  view-data: 3.2704698080196977
