times:
  edit-metadata: 1.4913610238581896
  landing: 0.8547527939081192
  view-data: 3.338707536458969
