times:
  edit-metadata: 0.4632532449904829
  landing: 0.046300002140924335
  view-data: 0.34679895802401006
