times:
  edit-metadata: 1.459598373156041
  landing: 0.7505955849774182
  view-data: 3.356954958755523
