times:
  edit-metadata: 1.5986665710806847
  landing: 0.9306058678776026
  view-data: 3.2797432895749807
