times:
  edit-metadata: 5.402340646833181
  landing: 1.9095016531646252
  view-data: 4.347112685441971
