times:
  edit-metadata: 1.7546223141252995
  landing: 1.082992147654295
  view-data: 3.3882231675088406
