times:
  edit-metadata: 0.44509418890811503
  landing: 0.0865194988436997
  view-data: 0.212349264184013
