times:
  edit-metadata: 1.570773795247078
  landing: 0.8442321084439754
  view-data: 3.3701716139912605
