times:
  edit-metadata: 1.4558366052806377
  landing: 0.6648256853222847
  view-data: 3.2782015930861235
