times:
  edit-metadata: 1.508473196066916
  landing: 0.774636771529913
  view-data: 3.3631700724363327
