times:
  edit-metadata: 1.43121757498011
  landing: 0.8498103290330619
  view-data: 3.388431599829346
