times:
  edit-metadata: 1.4176647840067744
  landing: 0.7805797709152102
  view-data: 3.3413276560604572
