times:
  edit-metadata: 0.5354831679724157
  landing: 0.054591597989201546
  view-data: 0.22910739504732192
