times:
  edit-metadata: 1.6027709543704987
  landing: 0.8191361613571644
  view-data: 3.3588596396148205
