times:
  edit-metadata: 1.498525021597743
  landing: 0.8437751773744822
  view-data: 3.3298384565860033
