times:
  edit-metadata: 0.455389185808599
  landing: 0.08600161294452846
  view-data: 0.21523950807750225
