times:
  edit-metadata: 1.5965840760618448
  landing: 0.9085155837237835
  view-data: 3.4236067328602076
