times:
  edit-metadata: 1.5498942323029041
  landing: 0.7792028188705444
  view-data: 3.402173850685358
