times:
  edit-metadata: 1.4827406201511621
  landing: 0.8416100004687905
  view-data: 3.3760541761294007
