times:
  edit-metadata: 0.6483715521171689
  landing: 0.07670502923429012
  view-data: 0.3290174026042223
