times:
  edit-metadata: 1.4693990098312497
  landing: 0.8957436042837799
  view-data: 3.3628391763195395
