times:
  edit-metadata: 1.5126445963978767
  landing: 0.783798087388277
  view-data: 3.4293192587792873
