times:
  edit-metadata: 0.45818651001900434
  landing: 0.08522017090581357
  view-data: 0.23035478498786688
