times:
  edit-metadata: 1.5309734572656453
  landing: 0.845271497964859
  view-data: 3.52955388603732
