times:
  edit-metadata: 1.3745453972369432
  landing: 0.7444968577474356
  view-data: 3.2745808139443398
