times:
  edit-metadata: 0.46575166611000896
  landing: 0.08565449784509838
  view-data: 0.2077437611296773
