times:
  edit-metadata: 1.7785552367568016
  landing: 1.065524528734386
  view-data: 3.5417776191607118
