times:
  edit-metadata: 1.8280190965160728
  landing: 1.0505613451823592
  view-data: 3.7184723103418946
