times:
  edit-metadata: 0.47134227771312
  landing: 0.08633127901703119
  view-data: 0.2060008100233972
