times:
  edit-metadata: 0.4793634871020913
  landing: 0.07386609795503318
  view-data: 0.22964110714383423
