times:
  edit-metadata: 1.3701594471931458
  landing: 0.667891088873148
  view-data: 3.329839810729027
