times:
  edit-metadata: 1.480180535465479
  landing: 0.7335028722882271
  view-data: 3.2431460916996
