times:
  edit-metadata: 1.5270137160550803
  landing: 0.8587073348462582
  view-data: 3.3610524558462203
