times:
  edit-metadata: 1.5077791884541512
  landing: 3.1661522053182125
  view-data: 3.3451109901070595
