times:
  edit-metadata: 1.5164023246616125
  landing: 0.7787652909755707
  view-data: 3.369518205523491
