times:
  edit-metadata: 1.377732165157795
  landing: 0.8106689359992743
  view-data: 3.4028177317231894
