times:
  edit-metadata: 1.5437359735369682
  landing: 0.7386127188801765
  view-data: 3.3856500890105963
