times:
  edit-metadata: 0.5683196739992127
  landing: 0.1252976480172947
  view-data: 0.25465575099224225
