times:
  edit-metadata: 0.44672522274777293
  landing: 0.08226452674716711
  view-data: 0.2085867589339614
