times:
  edit-metadata: 0.4541047959937714
  landing: 0.07429547898937017
  view-data: 0.21123474501655437
