times:
  edit-metadata: 0.47886772896163166
  landing: 0.04637437593191862
  view-data: 0.20902713993564248
