times:
  edit-metadata: 1.8999695405364037
  landing: 1.0737555176019669
  view-data: 3.3887335062026978
