times:
  edit-metadata: 1.578523252159357
  landing: 0.8153069820255041
  view-data: 3.3851356972008944
