times:
  edit-metadata: 0.7819380662404001
  landing: 0.04653238411992788
  view-data: 0.23317887587472796
