times:
  edit-metadata: 0.5428711618296802
  landing: 0.058509523048996925
  view-data: 0.2232982269488275
