times:
  edit-metadata: 1.554494645446539
  landing: 0.9403511732816696
  view-data: 3.3956414833664894
