times:
  edit-metadata: 0.6311667109985137
  landing: 0.04945197199413087
  view-data: 0.21687424900301266
