times:
  edit-metadata: 2.3002868499606848
  landing: 1.158587940968573
  view-data: 3.582190372981131
