times:
  edit-metadata: 1.9008711278438568
  landing: 1.1068419739603996
  view-data: 3.5167751125991344
