times:
  edit-metadata: 1.360307827591896
  landing: 0.8340403661131859
  view-data: 3.2876350432634354
