times:
  edit-metadata: 1.5013296008110046
  landing: 0.7333881426602602
  view-data: 3.4164938535541296
