times:
  edit-metadata: 1.7834589555859566
  landing: 1.1471493244171143
  view-data: 3.47385598346591
