times:
  edit-metadata: 1.59904171153903
  landing: 0.8078191615641117
  view-data: 3.2918642163276672
