times:
  edit-metadata: 0.5708072320558131
  landing: 0.07103567663580179
  view-data: 0.266460295766592
