times:
  edit-metadata: 1.4890479929745197
  landing: 0.9374862518161535
  view-data: 3.393286269158125
