times:
  edit-metadata: 1.5250214040279388
  landing: 0.8037636317312717
  view-data: 3.3336879555135965
