times:
  edit-metadata: 1.5072475466877222
  landing: 0.7672576028853655
  view-data: 3.4404257014393806
