times:
  edit-metadata: 1.5238793212920427
  landing: 0.7942366171628237
  view-data: 3.3920658957213163
