times:
  edit-metadata: 0.4595229090191424
  landing: 0.06102081900462508
  view-data: 0.2051075550261885
