times:
  edit-metadata: 1.5224542780779302
  landing: 0.836403545923531
  view-data: 3.4086760520003736
