times:
  edit-metadata: 2.4984057918190956
  landing: 1.3667452167719603
  view-data: 3.4803674034774303
