times:
  edit-metadata: 1.363885149359703
  landing: 0.7753541097044945
  view-data: 3.4331925734877586
