times:
  edit-metadata: 0.565245236037299
  landing: 0.08603079605381936
  view-data: 0.21583759202621877
