times:
  edit-metadata: 0.5384528837166727
  landing: 0.06715866411104798
  view-data: 0.21480513317510486
