times:
  edit-metadata: 0.5977969681844115
  landing: 0.05048290593549609
  view-data: 0.38506972091272473
