times:
  edit-metadata: 1.3993596825748682
  landing: 0.8336228001862764
  view-data: 3.4481816813349724
