times:
  edit-metadata: 1.5922324322164059
  landing: 7.186176370829344
  view-data: 3.336718373000622
