times:
  edit-metadata: 1.8225927576422691
  landing: 1.394129779189825
  view-data: 3.3569544926285744
