times:
  edit-metadata: 1.4493174208328128
  landing: 0.8034651856869459
  view-data: 3.347677136771381
