times:
  edit-metadata: 1.5320681855082512
  landing: 0.7840105444192886
  view-data: 3.4276113845407963
