times:
  edit-metadata: 0.539503653999418
  landing: 0.08105187598266639
  view-data: 0.23267525900155306
