times:
  edit-metadata: 1.5028381999582052
  landing: 0.748642198741436
  view-data: 3.3853618018329144
