times:
  edit-metadata: 0.7854307573288679
  landing: 0.04190736869350076
  view-data: 0.2769227232784033
