times:
  edit-metadata: 1.4232699647545815
  landing: 0.8978608325123787
  view-data: 3.322917226701975
