times:
  edit-metadata: 1.4481189879588783
  landing: 0.7978922547772527
  view-data: 3.391322324052453
