times:
  edit-metadata: 0.46865301113575697
  landing: 0.08092756383121014
  view-data: 0.20995451882481575
