times:
  edit-metadata: 1.4975248966366053
  landing: 0.7636041473597288
  view-data: 3.416300176642835
