times:
  edit-metadata: 1.4630175605416298
  landing: 0.7966511305421591
  view-data: 3.4168861880898476
