times:
  edit-metadata: 0.4749395102262497
  landing: 0.07128293113783002
  view-data: 0.21533628716133535
