times:
  edit-metadata: 1.3334625030402094
  landing: 1.1631427567917854
  view-data: 3.3168929789680988
