times:
  edit-metadata: 0.6597366887144744
  landing: 0.08522047102451324
  view-data: 0.21167851984500885
