times:
  edit-metadata: 1.63688201084733
  landing: 0.9975419454276562
  view-data: 3.4035057611763477
