times:
  edit-metadata: 1.4794544819742441
  landing: 0.7217786982655525
  view-data: 3.346255214884877
