times:
  edit-metadata: 1.5029103867709637
  landing: 0.8648274783045053
  view-data: 3.4278323967009783
