times:
  edit-metadata: 2.765438348054886
  landing: 1.0233470518141985
  view-data: 3.506653565913439
