times:
  edit-metadata: 0.46778383012861013
  landing: 0.08183794911019504
  view-data: 0.20422139391303062
