times:
  edit-metadata: 1.4709909074008465
  landing: 0.9561232402920723
  view-data: 3.41711812838912
