times:
  edit-metadata: 0.5429519360186532
  landing: 0.0676007840083912
  view-data: 0.3565707170055248
