times:
  edit-metadata: 1.7125717364251614
  landing: 0.890066334977746
  view-data: 3.442261604592204
