times:
  edit-metadata: 0.46953132189810276
  landing: 0.09164644405245781
  view-data: 0.3324545850045979
