times:
  edit-metadata: 1.5297168344259262
  landing: 0.9285936243832111
  view-data: 3.4157513566315174
