times:
  edit-metadata: 1.9434338435530663
  landing: 1.4221119917929173
  view-data: 3.4711868837475777
