times:
  edit-metadata: 1.7805057209916413
  landing: 0.9083892400376499
  view-data: 3.374728941824287
