times:
  edit-metadata: 0.4522156601306051
  landing: 0.05590631300583482
  view-data: 0.2072675609961152
