times:
  edit-metadata: 1.4224041923880577
  landing: 1.9916893504559994
  view-data: 3.4756907746195793
