times:
  edit-metadata: 0.5426337239914574
  landing: 0.07155346998479217
  view-data: 0.22691114398185164
