times:
  edit-metadata: 1.574668761342764
  landing: 0.8514315411448479
  view-data: 3.341054704040289
