times:
  edit-metadata: 2.207292567938566
  landing: 1.474872600287199
  view-data: 3.392603639513254
