times:
  edit-metadata: 1.599661648273468
  landing: 0.8070756979286671
  view-data: 3.481051990762353
