times:
  edit-metadata: 0.5372600029804744
  landing: 0.0636271289549768
  view-data: 0.2997281629941426
