times:
  edit-metadata: 0.5004517399938777
  landing: 0.06580274796579033
  view-data: 0.2241296200081706
