times:
  edit-metadata: 1.5561449155211449
  landing: 0.7628657035529613
  view-data: 3.337993323802948
