times:
  edit-metadata: 1.9533387795090675
  landing: 1.2030484229326248
  view-data: 3.4232899509370327
