times:
  edit-metadata: 1.6020918563008308
  landing: 0.8168784286826849
  view-data: 3.4683011807501316
