times:
  edit-metadata: 0.5170324970968068
  landing: 0.0848968829959631
  view-data: 0.20976587710902095
