times:
  edit-metadata: 1.5827751606702805
  landing: 0.9523257277905941
  view-data: 3.3712377324700356
