times:
  edit-metadata: 1.6151640135794878
  landing: 0.7880322281271219
  view-data: 3.343045422807336
