times:
  edit-metadata: 1.482153832912445
  landing: 0.7065917886793613
  view-data: 3.2806797735393047
