times:
  edit-metadata: 0.5376216760196257
  landing: 0.06251095901825465
  view-data: 0.23374637399683706
