times:
  edit-metadata: 0.48982243589125574
  landing: 0.08279101992957294
  view-data: 0.20708085596561432
