times:
  edit-metadata: 1.6284124851226807
  landing: 1.426978774368763
  view-data: 3.3481587767601013
