times:
  edit-metadata: 1.6256950190290809
  landing: 1.143548322841525
  view-data: 3.5400434704497457
