times:
  edit-metadata: 1.4179163128137589
  landing: 0.85612728074193
  view-data: 3.365878328680992
