times:
  edit-metadata: 1.4321098709478974
  landing: 0.7679696520790458
  view-data: 3.362275704741478
