times:
  edit-metadata: 0.7006787339923903
  landing: 0.11044250498525798
  view-data: 0.2204038070049137
