times:
  edit-metadata: 1.8174091214314103
  landing: 0.916202892549336
  view-data: 3.2957960357889533
