times:
  edit-metadata: 2.3328874772414565
  landing: 1.0286452192813158
  view-data: 3.5131260212510824
