times:
  edit-metadata: 1.3564631063491106
  landing: 0.7136731874197721
  view-data: 3.298061180859804
