times:
  edit-metadata: 1.4751767329871655
  landing: 0.9082720540463924
  view-data: 3.329825706779957
