times:
  edit-metadata: 0.47630382399074733
  landing: 0.04995451006107032
  view-data: 0.215585544006899
