times:
  edit-metadata: 1.5416146349161863
  landing: 0.7322093080729246
  view-data: 3.3688275516033173
