times:
  edit-metadata: 1.6647101305425167
  landing: 0.8751421496272087
  view-data: 3.3165614157915115
