times:
  edit-metadata: 0.4605312109924853
  landing: 0.06968359102029353
  view-data: 0.21914294199086726
