times:
  edit-metadata: 1.3848672329913825
  landing: 0.7596248519839719
  view-data: 3.273375184973702
