times:
  edit-metadata: 2.4685911247506738
  landing: 1.264651706442237
  view-data: 3.6360851200297475
