times:
  edit-metadata: 0.5305921689996467
  landing: 0.06985554399943794
  view-data: 0.22094074999949953
