times:
  edit-metadata: 0.753326470000502
  landing: 0.10637166200012871
  view-data: 0.27821987199968135
