times:
  edit-metadata: 1.5823092944920063
  landing: 0.8138201385736465
  view-data: 3.386450719088316
