times:
  edit-metadata: 0.6007533619995229
  landing: 0.0528993790212553
  view-data: 0.21595340099884197
