times:
  edit-metadata: 1.5291902860626578
  landing: 0.8524884609505534
  view-data: 3.3102662097662687
