times:
  edit-metadata: 1.5077134184539318
  landing: 0.7215539366006851
  view-data: 3.2463100887835026
