times:
  edit-metadata: 0.5390944670652971
  landing: 0.0791607319843024
  view-data: 0.22100783698260784
