times:
  edit-metadata: 0.5284748920239508
  landing: 0.05938134668394923
  view-data: 0.2213089419528842
