times:
  edit-metadata: 0.5746763839852065
  landing: 0.07480876799672842
  view-data: 0.27997793699614704
