times:
  edit-metadata: 0.4688655739882961
  landing: 0.0694696499267593
  view-data: 0.3225007209694013
