times:
  edit-metadata: 1.5277266576886177
  landing: 0.9205251596868038
  view-data: 3.394411366432905
