times:
  edit-metadata: 1.6006327234208584
  landing: 0.8698572032153606
  view-data: 3.326902896165848
