times:
  edit-metadata: 1.6646496262401342
  landing: 1.1477611493319273
  view-data: 3.370400760322809
