times:
  edit-metadata: 1.8947158958762884
  landing: 0.9377904813736677
  view-data: 3.3526598885655403
