times:
  edit-metadata: 1.4528278075158596
  landing: 0.8347512073814869
  view-data: 3.2895435243844986
