times:
  edit-metadata: 0.6078498810529709
  landing: 0.06284333812072873
  view-data: 0.22737115109339356
