times:
  edit-metadata: 1.510167770087719
  landing: 0.9065103381872177
  view-data: 3.3670753613114357
