times:
  edit-metadata: 1.5205769473686814
  landing: 0.8127821469679475
  view-data: 3.356469820253551
