times:
  edit-metadata: 0.47399022500030696
  landing: 0.0574079321231693
  view-data: 0.23318620398640633
