times:
  edit-metadata: 2.3925190651789308
  landing: 0.9593713833019137
  view-data: 3.630233932286501
