times:
  edit-metadata: 0.8273802287876606
  landing: 0.056243258994072676
  view-data: 0.20855175284668803
