times:
  edit-metadata: 1.4885605052113533
  landing: 0.8762771598994732
  view-data: 3.394419303163886
