times:
  edit-metadata: 1.5001704599708319
  landing: 0.8392018266022205
  view-data: 3.48927029594779
