times:
  edit-metadata: 1.4747158291283995
  landing: 0.8003820711746812
  view-data: 3.3691326391417533
