times:
  edit-metadata: 0.4457209790125489
  landing: 0.08674039272591472
  view-data: 0.33218566980212927
