times:
  edit-metadata: 0.5243494199821725
  landing: 0.09782794798957184
  view-data: 0.20962201798101887
