times:
  edit-metadata: 0.5240131551399827
  landing: 0.09298350708559155
  view-data: 0.22756049293093383
