times:
  edit-metadata: 1.3397181490436196
  landing: 0.6875002258457243
  view-data: 3.3351271362043917
