times:
  edit-metadata: 1.4204738112166524
  landing: 0.9441053499467671
  view-data: 3.3802730459719896
