times:
  edit-metadata: 1.6459923833608627
  landing: 0.9457321092486382
  view-data: 3.3744787983596325
