times:
  edit-metadata: 1.6122202165424824
  landing: 1.1424530632793903
  view-data: 3.376732338219881
