times:
  edit-metadata: 2.0915663987398148
  landing: 1.0925162322819233
  view-data: 3.36098488047719
