times:
  edit-metadata: 1.4581034714356065
  landing: 0.8206739695742726
  view-data: 3.373119636438787
