times:
  edit-metadata: 1.4995468039996922
  landing: 0.8664343679556623
  view-data: 3.314182620961219
