times:
  edit-metadata: 2.647834340110421
  landing: 1.2580961249768734
  view-data: 3.458569522947073
