times:
  edit-metadata: 1.943042065948248
  landing: 1.396095521748066
  view-data: 3.607295013964176
