times:
  edit-metadata: 1.6308990456163883
  landing: 0.8647433146834373
  view-data: 3.365963689982891
