times:
  edit-metadata: 0.4305757999973139
  landing: 0.042166204992099665
  view-data: 0.21621948199754115
