times:
  edit-metadata: 1.7458178773522377
  landing: 1.006144717335701
  view-data: 3.3897827342152596
