times:
  edit-metadata: 1.4042144306004047
  landing: 0.7135685123503208
  view-data: 3.3423383235931396
