times:
  edit-metadata: 1.9112864155322313
  landing: 1.0607088841497898
  view-data: 3.492698760703206
