times:
  edit-metadata: 1.539687242358923
  landing: 0.7278752624988556
  view-data: 3.413172833621502
