times:
  edit-metadata: 1.5115706901997328
  landing: 0.7895805072039366
  view-data: 3.428970964625478
