times:
  edit-metadata: 1.5284651555120945
  landing: 0.7989966534078121
  view-data: 3.3946833461523056
