times:
  edit-metadata: 1.6026916600530967
  landing: 1.052409076015465
  view-data: 3.3859562859870493
