times:
  edit-metadata: 0.5960640599951148
  landing: 0.07204044377431273
  view-data: 0.307883617002517
