times:
  edit-metadata: 2.550569638609886
  landing: 1.3415818642824888
  view-data: 3.5835958644747734
