times:
  edit-metadata: 1.3545497357845306
  landing: 0.6694243773818016
  view-data: 3.3498921897262335
