times:
  edit-metadata: 1.4389732303097844
  landing: 0.7576799052767456
  view-data: 3.44636452710256
