times:
  edit-metadata: 0.8617702787742019
  landing: 0.042206266429275274
  view-data: 0.21362450392916799
