times:
  edit-metadata: 1.505764152854681
  landing: 0.8729229960590601
  view-data: 3.341329814866185
