times:
  edit-metadata: 1.725339813157916
  landing: 0.8899194533005357
  view-data: 3.412802718579769
