times:
  edit-metadata: 1.4363232366740704
  landing: 0.8290200950577855
  view-data: 3.362191610969603
