times:
  edit-metadata: 2.2595322858542204
  landing: 0.8190482193604112
  view-data: 4.580910446122289
