times:
  edit-metadata: 1.5446980856359005
  landing: 0.7465903796255589
  view-data: 3.3928853049874306
