times:
  edit-metadata: 0.573001665994525
  landing: 0.05797234398778528
  view-data: 0.21445723401848227
