times:
  edit-metadata: 1.3982898443937302
  landing: 0.6857444383203983
  view-data: 3.302257005125284
