times:
  edit-metadata: 1.510778421536088
  landing: 0.7849239259958267
  view-data: 3.396474728360772
