times:
  edit-metadata: 1.4550541155040264
  landing: 0.8402560576796532
  view-data: 3.350501574575901
