times:
  edit-metadata: 1.439170639961958
  landing: 0.8501599729061127
  view-data: 3.333591414615512
