times:
  edit-metadata: 1.5106940772384405
  landing: 0.8682936988770962
  view-data: 3.4016425516456366
