times:
  edit-metadata: 0.45105376304127276
  landing: 0.08082000003196299
  view-data: 0.2102874000556767
