times:
  edit-metadata: 1.440832557156682
  landing: 0.8117515547201037
  view-data: 3.3317336784675717
