times:
  edit-metadata: 1.4436451373621821
  landing: 0.7857181653380394
  view-data: 3.3741888171061873
