times:
  edit-metadata: 1.4432848668657243
  landing: 0.7715214090421796
  view-data: 3.3305574380792677
