times:
  edit-metadata: 2.0887584509328008
  landing: 0.8302311468869448
  view-data: 3.419000755995512
