times:
  edit-metadata: 1.3653674572706223
  landing: 0.9464510418474674
  view-data: 3.3688416741788387
