times:
  edit-metadata: 1.517510686069727
  landing: 0.7490275129675865
  view-data: 3.375976365059614
