times:
  edit-metadata: 2.161381721496582
  landing: 1.03978768363595
  view-data: 3.3552240282297134
