times:
  edit-metadata: 0.4366159599740058
  landing: 0.05251759401289746
  view-data: 0.20342090498888865
