times:
  edit-metadata: 2.3314903350546956
  landing: 1.512477451004088
  view-data: 3.6300596497021616
