times:
  edit-metadata: 2.125904481858015
  landing: 1.1229682639241219
  view-data: 3.6156164966523647
