times:
  edit-metadata: 1.5113781951367855
  landing: 0.8335263915359974
  view-data: 3.4233409576117992
