times:
  edit-metadata: 1.6012784857302904
  landing: 1.0654592141509056
  view-data: 3.4139002319425344
