times:
  edit-metadata: 2.291469730436802
  landing: 1.0296486224979162
  view-data: 3.4770657122135162
