times:
  edit-metadata: 0.46878109220415354
  landing: 0.08584988908842206
  view-data: 0.20721054379828274
