times:
  edit-metadata: 1.467773623764515
  landing: 0.9107273668050766
  view-data: 3.367225356400013
