times:
  edit-metadata: 1.5381811000406742
  landing: 0.8601720593869686
  view-data: 3.453726802021265
