times:
  edit-metadata: 1.4185461336746812
  landing: 0.8769926726818085
  view-data: 3.3590863505378366
