times:
  edit-metadata: 1.8275747559964657
  landing: 0.8121509552001953
  view-data: 3.382083984091878
