times:
  edit-metadata: 1.3805478289723396
  landing: 0.6876643400173634
  view-data: 3.3273601979017258
