times:
  edit-metadata: 1.3149510407820344
  landing: 0.9286020267754793
  view-data: 3.3763149781152606
