times:
  landing: 0.5905635499999562
  view-data: 0.5619946440000376
