times:
  edit-metadata: 1.4365725610405207
  landing: 0.7041971702128649
  view-data: 3.4607346188277006
