times:
  edit-metadata: 1.6525548957288265
  landing: 0.9755335003137589
  view-data: 3.39541182667017
