times:
  edit-metadata: 1.4484837045893073
  landing: 0.7936162753030658
  view-data: 3.3628154592588544
