times:
  edit-metadata: 1.3732828618958592
  landing: 0.9123635217547417
  view-data: 3.3918292680755258
