times:
  edit-metadata: 1.3968519605696201
  landing: 1.0842893794178963
  view-data: 3.3164907470345497
