times:
  edit-metadata: 1.4992457032203674
  landing: 0.7667596340179443
  view-data: 3.37798990868032
