times:
  edit-metadata: 1.369987215846777
  landing: 0.8974945470690727
  view-data: 3.326151393353939
