times:
  edit-metadata: 1.4629312865436077
  landing: 0.8528678230941296
  view-data: 3.355736017227173
