times:
  edit-metadata: 1.4217214286327362
  landing: 0.922578115016222
  view-data: 3.2933895513415337
