times:
  edit-metadata: 1.9348546098917723
  landing: 0.9105109442025423
  view-data: 3.4287713626399636
