times:
  edit-metadata: 1.760046685114503
  landing: 0.8781317360699177
  view-data: 3.4177546203136444
