times:
  edit-metadata: 2.144019730389118
  landing: 1.1667160652577877
  view-data: 3.427516244351864
