times:
  edit-metadata: 1.6055854223668575
  landing: 0.9337543770670891
  view-data: 3.339365340769291
