times:
  edit-metadata: 1.523521762341261
  landing: 0.8545637503266335
  view-data: 3.352069601416588
