times:
  edit-metadata: 1.532099287956953
  landing: 0.8013136386871338
  view-data: 3.3794889226555824
