times:
  edit-metadata: 1.4895022325217724
  landing: 0.9350888915359974
  view-data: 3.4229630827903748
