times:
  edit-metadata: 1.4168696589767933
  landing: 0.8087124228477478
  view-data: 3.415480364114046
