times:
  edit-metadata: 1.6171329524368048
  landing: 0.8413280993700027
  view-data: 3.495824247598648
