times:
  edit-metadata: 1.510117620229721
  landing: 0.7251356039196253
  view-data: 3.3869505673646927
