times:
  edit-metadata: 2.6417545657604933
  landing: 1.393633235245943
  view-data: 3.8142259903252125
