times:
  edit-metadata: 1.53739395737648
  landing: 0.7889973260462284
  view-data: 3.360733184032142
