times:
  edit-metadata: 1.4154312796890736
  landing: 0.6435199994593859
  view-data: 3.339348850771785
