times:
  edit-metadata: 1.5432412875816226
  landing: 0.9897309327498078
  view-data: 3.321961073204875
