times:
  edit-metadata: 1.5149848330765963
  landing: 0.8725787065923214
  view-data: 3.3991551883518696
