times:
  edit-metadata: 1.4504500040784478
  landing: 0.8905861284583807
  view-data: 3.393731347285211
