times:
  edit-metadata: 1.5272304080426693
  landing: 0.7400524150580168
  view-data: 0.5510575324296951
