times:
  edit-metadata: 1.5425949562340975
  landing: 0.8441961361095309
  view-data: 3.430856796912849
