times:
  edit-metadata: 1.6239544078707695
  landing: 0.852550707757473
  view-data: 3.427049672231078
