times:
  edit-metadata: 1.3428127951920033
  landing: 0.8534897975623608
  view-data: 3.396749649196863
