times:
  edit-metadata: 1.5761734656989574
  landing: 0.7217246852815151
  view-data: 3.3294851928949356
