times:
  edit-metadata: 1.376408671028912
  landing: 0.8052264971192926
  view-data: 4.631157051073387
