times:
  edit-metadata: 1.4152111038565636
  landing: 0.7290448397397995
  view-data: 3.383495100773871
