times:
  edit-metadata: 1.3824188099242747
  landing: 0.9323077271692455
  view-data: 3.449382404796779
