times:
  edit-metadata: 1.3557670135051012
  landing: 0.7550129164010286
  view-data: 3.253598177805543
