times:
  edit-metadata: 1.4099596701562405
  landing: 0.8131766133010387
  view-data: 3.4290976971387863
