times:
  edit-metadata: 1.5375081412494183
  landing: 0.7701736483722925
  view-data: 3.3240621890872717
