times:
  edit-metadata: 1.4086583480238914
  landing: 0.8772244304418564
  view-data: 3.4084780886769295
