times:
  edit-metadata: 1.3908464396372437
  landing: 0.7508691623806953
  view-data: 3.308900929056108
