times:
  edit-metadata: 1.4959401693195105
  landing: 0.8108237013220787
  view-data: 3.413075963035226
