times:
  edit-metadata: 1.383531864732504
  landing: 0.8695884682238102
  view-data: 3.320670586079359
