times:
  edit-metadata: 1.51924704387784
  landing: 0.7650188188999891
  view-data: 3.381697613745928
