times:
  edit-metadata: 1.9876104211434722
  landing: 1.287138169631362
  view-data: 3.7356999898329377
