times:
  edit-metadata: 1.3315799500560388
  landing: 0.7560114540392533
  view-data: 3.3551225470146164
