times:
  edit-metadata: 1.6812426708638668
  landing: 0.9682667031884193
  view-data: 3.34024266526103
