times:
  edit-metadata: 1.520434234291315
  landing: 0.7053344026207924
  view-data: 3.396270640194416
