times:
  edit-metadata: 1.5415198639966547
  landing: 0.8618536400608718
  view-data: 3.4117315839976072
