times:
  edit-metadata: 1.5880971029400826
  landing: 0.7796897646039724
  view-data: 3.4385662600398064
