times:
  edit-metadata: 1.536667806096375
  landing: 0.858749688602984
  view-data: 3.3693270990625024
