times:
  edit-metadata: 1.696586069650948
  landing: 0.9082335601560771
  view-data: 3.430454530287534
