times:
  edit-metadata: 1.4926558136940002
  landing: 0.704878855496645
  view-data: 3.2997217401862144
