times:
  edit-metadata: 1.5019508972764015
  landing: 0.9365933015942574
  view-data: 3.570595735684037
