times:
  edit-metadata: 1.4204962495714426
  landing: 0.8337217308580875
  view-data: 3.3958065286278725
