times:
  edit-metadata: 1.3894451190717518
  landing: 0.8755885539576411
  view-data: 3.3693017489276826
