times:
  edit-metadata: 1.4411118139978498
  landing: 0.9196005230769515
  view-data: 3.404277127003297
