times:
  edit-metadata: 1.449831960722804
  landing: 0.8878471963107586
  view-data: 3.446549214422703
