times:
  edit-metadata: 1.8233822975307703
  landing: 2.0965258851647377
  view-data: 3.379459712654352
