times:
  edit-metadata: 1.5277940928936005
  landing: 0.7953073047101498
  view-data: 3.4206181950867176
