times:
  edit-metadata: 1.4733545780181885
  landing: 0.8710844554007053
  view-data: 3.346864093095064
