times:
  edit-metadata: 1.5218198131769896
  landing: 0.8545621950179338
  view-data: 3.4591918350197375
