times:
  edit-metadata: 1.3804848678410053
  landing: 0.8606929071247578
  view-data: 3.3327332846820354
