times:
  edit-metadata: 1.4687567339278758
  landing: 0.7357645209413022
  view-data: 3.3487909990362823
