times:
  edit-metadata: 1.7286732383072376
  landing: 1.0043247425928712
  view-data: 3.340942120179534
