times:
  edit-metadata: 2.504735980182886
  landing: 0.9252858255058527
  view-data: 3.56028788164258
