times:
  edit-metadata: 1.531240763142705
  landing: 0.7689422387629747
  view-data: 3.378795450553298
