times:
  edit-metadata: 1.531190263107419
  landing: 0.7202131487429142
  view-data: 3.3548682499676943
