times:
  edit-metadata: 1.3865383006632328
  landing: 0.8741264902055264
  view-data: 3.3275585770606995
