times:
  edit-metadata: 1.5915055125951767
  landing: 0.7506549935787916
  view-data: 3.3755854219198227
