times:
  edit-metadata: 1.4059060579165816
  landing: 0.8994328733533621
  view-data: 3.3534884164109826
