times:
  edit-metadata: 1.5583030879497528
  landing: 0.8074925653636456
  view-data: 3.401279680430889
