times:
  edit-metadata: 1.4655564199201763
  landing: 0.8202416561543941
  view-data: 3.3379098968580365
