times:
  edit-metadata: 1.4407689413055778
  landing: 0.7131815329194069
  view-data: 3.3326370073482394
