times:
  edit-metadata: 1.5303858034312725
  landing: 0.9271138310432434
  view-data: 3.4518919698894024
