times:
  edit-metadata: 1.599155779927969
  landing: 0.7702088393270969
  view-data: 3.4439299441874027
