times:
  edit-metadata: 1.4390638270415366
  landing: 0.8063147170469165
  view-data: 3.3307543639093637
