times:
  edit-metadata: 1.59050914645195
  landing: 0.8822130113840103
  view-data: 3.2819447554647923
