times:
  edit-metadata: 1.6556649394333363
  landing: 1.0416754186153412
  view-data: 3.362214606255293
