times:
  edit-metadata: 2.1113546043634415
  landing: 1.1061882637441158
  view-data: 3.560747664421797
