times:
  edit-metadata: 1.517723225057125
  landing: 0.7534619085490704
  view-data: 3.4245445653796196
