times:
  edit-metadata: 1.4392646476626396
  landing: 0.938797615468502
  view-data: 3.3158937990665436
