times:
  edit-metadata: 1.6282964460551739
  landing: 0.8245901577174664
  view-data: 3.4408080093562603
