times:
  edit-metadata: 1.4654699019156396
  landing: 0.8115563788451254
  view-data: 3.3637667587026954
