times:
  edit-metadata: 1.6871013417840004
  landing: 0.9317231439054012
  view-data: 3.324625626206398
