times:
  edit-metadata: 1.513981530442834
  landing: 1.0493286838755012
  view-data: 3.474613418802619
