times:
  edit-metadata: 1.5602211002260447
  landing: 0.8265070971101522
  view-data: 3.4517308864742517
