times:
  edit-metadata: 2.153290528804064
  landing: 0.8987887464463711
  view-data: 3.317249033600092
