times:
  edit-metadata: 1.5549900187179446
  landing: 3.325315366499126
  view-data: 3.25303924549371
