times:
  edit-metadata: 1.5654496531933546
  landing: 0.7827835325151682
  view-data: 3.3874823320657015
