times:
  edit-metadata: 1.5103906840085983
  landing: 0.7492384370416403
  view-data: 3.365866919979453
