times:
  edit-metadata: 1.5165449790656567
  landing: 0.7365985084325075
  view-data: 3.407581163570285
