times:
  edit-metadata: 1.4468357563018799
  landing: 0.8787402287125587
  view-data: 3.407473348081112
