times:
  edit-metadata: 1.6152987964451313
  landing: 0.9307915680110455
  view-data: 3.420856911689043
