times:
  edit-metadata: 1.5959138367325068
  landing: 0.8707476072013378
  view-data: 3.35921960324049
