times:
  edit-metadata: 1.5919095911085606
  landing: 0.9205423891544342
  view-data: 3.3920587692409754
