times:
  edit-metadata: 1.5249332189559937
  landing: 0.8060332164168358
  view-data: 3.417170286178589
