times:
  edit-metadata: 1.56142601929605
  landing: 0.7846793718636036
  view-data: 3.4042849466204643
