times:
  edit-metadata: 1.318227306008339
  landing: 0.9397010537795722
  view-data: 3.3574666772037745
