times:
  edit-metadata: 1.5571925640106201
  landing: 0.8111147116869688
  view-data: 3.465234410017729
