times:
  edit-metadata: 1.5188021697103977
  landing: 0.7945356089621782
  view-data: 3.3770511616021395
