times:
  edit-metadata: 1.5548195391893387
  landing: 0.9752194713801146
  view-data: 3.3700128756463528
