times:
  edit-metadata: 1.5950512029230595
  landing: 1.1468059476464987
  view-data: 3.325190649367869
