times:
  edit-metadata: 1.5526625700294971
  landing: 0.921404454857111
  view-data: 3.4029933139681816
