times:
  edit-metadata: 1.6671303920447826
  landing: 0.9698909819126129
  view-data: 3.3430030830204487
