times:
  edit-metadata: 1.2959552900865674
  landing: 0.8627679762430489
  view-data: 3.3325333669781685
