times:
  edit-metadata: 1.5360700711607933
  landing: 1.890758229419589
  view-data: 3.3224322125315666
