times:
  edit-metadata: 1.5207814760506153
  landing: 0.7950743846595287
  view-data: 3.339237593114376
