times:
  edit-metadata: 1.5101463759783655
  landing: 0.8304845620878041
  view-data: 3.3365007480606437
