times:
  edit-metadata: 1.5491508208215237
  landing: 1.1495217606425285
  view-data: 0.6688174605369568
