times:
  edit-metadata: 1.7387659810483456
  landing: 0.9154389314353466
  view-data: 3.493175595998764
