times:
  edit-metadata: 1.3983199186623096
  landing: 0.7975186854600906
  view-data: 3.3090831972658634
