times:
  edit-metadata: 1.4669595470186323
  landing: 0.8414313769899309
  view-data: 3.3934172850567847
