times:
  edit-metadata: 1.3128240862861276
  landing: 0.9309839885681868
  view-data: 3.4947371054440737
