times:
  edit-metadata: 1.5052138846367598
  landing: 0.7452821806073189
  view-data: 3.4174698498100042
