times:
  edit-metadata: 1.4644056893885136
  landing: 0.8471559695899487
  view-data: 3.3197182938456535
