times:
  edit-metadata: 1.5120411217212677
  landing: 0.721158916130662
  view-data: 3.365637134760618
