times:
  edit-metadata: 1.5147853754460812
  landing: 0.7641736064106226
  view-data: 3.3890504632145166
