times:
  edit-metadata: 1.4600245259935036
  landing: 0.9034063380677253
  view-data: 3.3078328339615837
