times:
  edit-metadata: 2.031751628033817
  landing: 0.9329868201166391
  view-data: 3.487688034772873
