times:
  edit-metadata: 1.366309056058526
  landing: 2.012709317728877
  view-data: 3.3518065493553877
