times:
  edit-metadata: 1.9245484620332718
  landing: 1.2051432970911264
  view-data: 3.5037421798333526
