times:
  edit-metadata: 1.3688740829238668
  landing: 0.7552603268995881
  view-data: 3.303145044017583
