times:
  edit-metadata: 1.4124619215726852
  landing: 0.9232209734618664
  view-data: 3.3624893464148045
