times:
  edit-metadata: 1.2554162926971912
  landing: 0.721921406686306
  view-data: 3.3205291237682104
