times:
  edit-metadata: 1.4670277670957148
  landing: 0.8611664264462888
  view-data: 3.3994897878728807
