times:
  edit-metadata: 1.748669508844614
  landing: 1.1087466678582132
  view-data: 3.4802861949428916
