times:
  edit-metadata: 2.802090037614107
  landing: 1.380071266554296
  view-data: 3.621102907694876
