times:
  edit-metadata: 1.4804177433252335
  landing: 1.0705320686101913
  view-data: 3.368847079575062
