times:
  edit-metadata: 1.5415533185005188
  landing: 0.8899872731417418
  view-data: 3.4343773927539587
