times:
  edit-metadata: 1.3761926740407944
  landing: 0.9452873505651951
  view-data: 3.352540008723736
