times:
  edit-metadata: 1.5415095249190927
  landing: 0.8185551753267646
  view-data: 3.4052132819779217
