times:
  edit-metadata: 1.4311359319835901
  landing: 0.7549954229034483
  view-data: 3.2925043860450387
