times:
  edit-metadata: 1.6425545811653137
  landing: 0.8981323838233948
  view-data: 3.4233915992081165
