times:
  edit-metadata: 1.548220168799162
  landing: 0.9040397442877293
  view-data: 3.422749899327755
