times:
  edit-metadata: 1.9697019346058369
  landing: 1.1352379657328129
  view-data: 3.428069945424795
