times:
  edit-metadata: 1.5068047791719437
  landing: 0.7040558308362961
  view-data: 3.399469740688801
