times:
  edit-metadata: 1.6586613319814205
  landing: 1.282128106802702
  view-data: 3.4089179523289204
