times:
  edit-metadata: 1.6045619193464518
  landing: 0.9198356382548809
  view-data: 3.450459087267518
