times:
  edit-metadata: 1.6517347544431686
  landing: 0.985551729798317
  view-data: 3.5980495139956474
