times:
  edit-metadata: 1.4120075143873692
  landing: 0.9353188797831535
  view-data: 3.371956691145897
