times:
  edit-metadata: 1.4290875401347876
  landing: 0.8659072443842888
  view-data: 3.3195201996713877
