times:
  edit-metadata: 1.4518160857260227
  landing: 0.7613302357494831
  view-data: 3.3978535505011678
