times:
  edit-metadata: 1.5113246870459989
  landing: 0.8500396469607949
  view-data: 3.326226798002608
