times:
  edit-metadata: 1.4956470392644405
  landing: 0.7205198556184769
  view-data: 3.394796822220087
