times:
  edit-metadata: 1.527261758223176
  landing: 0.7690412700176239
  view-data: 3.4109826907515526
