times:
  edit-metadata: 1.4380064390134066
  landing: 0.8118647310184315
  view-data: 3.3212604000000283
