times:
  edit-metadata: 1.3952310858294368
  landing: 0.8019741871394217
  view-data: 3.3159090792760253
