times:
  edit-metadata: 2.5087700486183167
  landing: 0.9376064985990524
  view-data: 3.3601032495498657
