times:
  edit-metadata: 1.3684553429484367
  landing: 0.8057224713265896
  view-data: 3.3457630425691605
