times:
  edit-metadata: 1.4574364789295942
  landing: 0.891185810090974
  view-data: 3.395671722944826
