times:
  edit-metadata: 1.5327318971976638
  landing: 0.8517236644402146
  view-data: 3.4093952858820558
