times:
  edit-metadata: 1.5416412614285946
  landing: 0.9441309534013271
  view-data: 3.424129504710436
