times:
  edit-metadata: 1.5289266388863325
  landing: 0.7957541756331921
  view-data: 3.31030454672873
