times:
  edit-metadata: 1.5795808881521225
  landing: 0.9261064305901527
  view-data: 3.338866263628006
