times:
  edit-metadata: 1.6091969292610884
  landing: 0.8388560172170401
  view-data: 3.456377297639847
