times:
  edit-metadata: 1.4297019871883094
  landing: 1.643479990772903
  view-data: 3.416874057147652
