times:
  edit-metadata: 2.277193194255233
  landing: 1.35604901984334
  view-data: 3.670996777713299
