times:
  edit-metadata: 1.3929244503378868
  landing: 0.9067106395959854
  view-data: 3.363765064626932
