times:
  edit-metadata: 1.727009940892458
  landing: 0.9221356827765703
  view-data: 3.5563441459089518
