times:
  edit-metadata: 1.6276076287031174
  landing: 0.971540056169033
  view-data: 3.3036190569400787
