times:
  edit-metadata: 1.5539075583219528
  landing: 0.84047931432724
  view-data: 3.4460418820381165
