times:
  edit-metadata: 1.5617729909718037
  landing: 0.8137009292840958
  view-data: 3.412990190088749
