times:
  edit-metadata: 1.6545272283256054
  landing: 0.9328284226357937
  view-data: 3.3331183679401875
