times:
  edit-metadata: 1.4692223761230707
  landing: 0.7820200361311436
  view-data: 3.286149848252535
