times:
  edit-metadata: 2.133233245462179
  landing: 1.2262414209544659
  view-data: 3.414682101458311
