times:
  edit-metadata: 1.4924069680273533
  landing: 0.8222679570317268
  view-data: 3.3090236485004425
