times:
  edit-metadata: 1.5438193418085575
  landing: 0.9158145599067211
  view-data: 3.3978014551103115
