times:
  edit-metadata: 1.5360762402415276
  landing: 0.8416904881596565
  view-data: 3.2916338704526424
