times:
  edit-metadata: 1.509774599224329
  landing: 0.7543923053890467
  view-data: 3.383552797138691
