times:
  edit-metadata: 1.657257068902254
  landing: 1.2816293984651566
  view-data: 3.344229158014059
