times:
  edit-metadata: 1.5412264466285706
  landing: 0.9019537009298801
  view-data: 3.418840106576681
