times:
  edit-metadata: 1.6666354723274708
  landing: 0.8255040030926466
  view-data: 3.4494068510830402
