times:
  edit-metadata: 1.9842403884977102
  landing: 1.1106193754822016
  view-data: 3.3523204755038023
