times:
  edit-metadata: 1.5123153924942017
  landing: 0.8174223024398088
  view-data: 3.265561843290925
