times:
  edit-metadata: 1.55471096560359
  landing: 0.9540852420032024
  view-data: 3.481375530362129
