times:
  edit-metadata: 1.5012595057487488
  landing: 0.9724989421665668
  view-data: 3.387018207460642
