times:
  edit-metadata: 1.4070123173296452
  landing: 0.8735642433166504
  view-data: 3.3486972004175186
