times:
  edit-metadata: 1.5161709794774652
  landing: 0.7868355875834823
  view-data: 3.3197352597489953
