times:
  edit-metadata: 1.5550105590373278
  landing: 0.8025993146002293
  view-data: 3.4082368966192007
