times:
  edit-metadata: 1.4588731937110424
  landing: 0.8853028230369091
  view-data: 3.2787911258637905
