times:
  edit-metadata: 1.425950612872839
  landing: 0.8127114064991474
  view-data: 3.3272621147334576
