times:
  edit-metadata: 1.6404630076140165
  landing: 0.8301387364044785
  view-data: 3.42276125587523
