times:
  edit-metadata: 1.5939194560050964
  landing: 0.7861898932605982
  view-data: 3.4184245448559523
