times:
  edit-metadata: 1.5146392360329628
  landing: 0.7634228616952896
  view-data: 3.3796782307326794
