times:
  edit-metadata: 1.6014732234179974
  landing: 0.8265555910766125
  view-data: 3.4280210807919502
