times:
  edit-metadata: 1.6073175929486752
  landing: 0.8141410015523434
  view-data: 3.3342344351112843
