times:
  edit-metadata: 1.7717464668676257
  landing: 0.99408567417413
  view-data: 3.5828522201627493
