times:
  edit-metadata: 1.4512224532663822
  landing: 0.78393529728055
  view-data: 3.6424100063741207
