times:
  edit-metadata: 2.2420785315334797
  landing: 1.0652222707867622
  view-data: 3.441428378224373
