times:
  edit-metadata: 1.523015782237053
  landing: 0.842304315418005
  view-data: 3.3758456837385893
