times:
  edit-metadata: 1.435069989413023
  landing: 0.7399884611368179
  view-data: 3.241934195160866
