times:
  edit-metadata: 1.5270190834999084
  landing: 0.8188939280807972
  view-data: 3.45520874299109
