times:
  edit-metadata: 1.3424823507666588
  landing: 0.7715632617473602
  view-data: 3.27827962487936
