times:
  edit-metadata: 1.4249670561403036
  landing: 0.7841884456574917
  view-data: 3.3799651600420475
