times:
  edit-metadata: 1.5102482810616493
  landing: 0.7633845563977957
  view-data: 3.3901023622602224
