times:
  edit-metadata: 1.377985943108797
  landing: 0.7079096734523773
  view-data: 3.3779831379652023
