times:
  edit-metadata: 1.453950922936201
  landing: 0.8727332223206758
  view-data: 3.3106777910143137
