times:
  edit-metadata: 1.452088275924325
  landing: 0.7891023638658226
  view-data: 3.3658629916608334
