times:
  edit-metadata: 1.4350857734680176
  landing: 0.6781060770153999
  view-data: 3.345862966030836
