times:
  edit-metadata: 1.4728698283433914
  landing: 0.693891454488039
  view-data: 3.309859164059162
