times:
  edit-metadata: 1.5302593000233173
  landing: 0.8140501230955124
  view-data: 3.431780733168125
