times:
  edit-metadata: 1.5393645707517862
  landing: 2.0231875516474247
  view-data: 3.4143238961696625
