times:
  edit-metadata: 1.4652769728563726
  landing: 0.820255002938211
  view-data: 3.330058192834258
