times:
  edit-metadata: 1.6196815930306911
  landing: 0.9157418701797724
  view-data: 3.4791787900030613
