times:
  edit-metadata: 3.091288283467293
  landing: 1.95833333209157
  view-data: 3.676848452538252
