times:
  edit-metadata: 1.6591124152764678
  landing: 1.0257287081331015
  view-data: 3.327454971149564
