times:
  edit-metadata: 1.8875046074390411
  landing: 0.9551413170993328
  view-data: 3.375981802120805
