times:
  edit-metadata: 1.48387960344553
  landing: 0.7366122473031282
  view-data: 3.4093020744621754
