times:
  edit-metadata: 1.8723039217293262
  landing: 1.0410484485328197
  view-data: 3.4378435853868723
