times:
  edit-metadata: 1.6009341850876808
  landing: 0.9515092372894287
  view-data: 3.4295218735933304
