times:
  edit-metadata: 1.5385283827781677
  landing: 0.8053939584642649
  view-data: 3.378529677167535
