times:
  edit-metadata: 1.570123080164194
  landing: 0.7594391442835331
  view-data: 3.403971554711461
