times:
  edit-metadata: 1.4774440340697765
  landing: 0.7421882264316082
  view-data: 3.3943881262093782
