times:
  edit-metadata: 1.448335506953299
  landing: 0.7590934459585696
  view-data: 3.284765101969242
