times:
  edit-metadata: 1.3836880230810493
  landing: 0.7394574659410864
  view-data: 3.309887006180361
