times:
  edit-metadata: 1.4513673214241862
  landing: 0.7994285635650158
  view-data: 3.3564076209440827
