times:
  edit-metadata: 1.4257878437638283
  landing: 0.7252044258639216
  view-data: 3.3446795232594013
