times:
  edit-metadata: 1.4512898169923574
  landing: 0.8228060679975897
  view-data: 3.361566197942011
