times:
  edit-metadata: 1.5223585688509047
  landing: 0.8114240150898695
  view-data: 3.3821099819615483
