times:
  edit-metadata: 1.4725457951426506
  landing: 0.6846031714230776
  view-data: 3.3038579002022743
