times:
  edit-metadata: 1.4500387199223042
  landing: 0.9153237659484148
  view-data: 3.3020380549132824
