times:
  edit-metadata: 1.5989512540400028
  landing: 1.066680632531643
  view-data: 3.4323182068765163
