times:
  edit-metadata: 1.490065025165677
  landing: 0.8578291516751051
  view-data: 3.2925464510917664
