times:
  edit-metadata: 1.4669596403837204
  landing: 0.7369867861270905
  view-data: 3.2749234810471535
