times:
  edit-metadata: 1.53542809933424
  landing: 0.7904394529759884
  view-data: 3.4421490896493196
