times:
  edit-metadata: 1.4870617482811213
  landing: 0.6738098300993443
  view-data: 3.356239829212427
