times:
  edit-metadata: 1.4611409632489085
  landing: 0.8483351189643145
  view-data: 3.3417281107977033
