times:
  edit-metadata: 1.5164592750370502
  landing: 0.8265677727758884
  view-data: 3.4055594615638256
