times:
  edit-metadata: 1.4016617834568024
  landing: 0.7555349189788103
  view-data: 3.3597928788512945
