times:
  edit-metadata: 1.4423755817115307
  landing: 0.8122022822499275
  view-data: 3.307484347373247
