times:
  edit-metadata: 1.4913283437490463
  landing: 0.8927727658301592
  view-data: 3.371431302279234
