times:
  edit-metadata: 1.618882509879768
  landing: 0.714307589456439
  view-data: 3.2949463063851
