times:
  edit-metadata: 1.975873477756977
  landing: 1.1233881302177906
  view-data: 3.454728066921234
