times:
  edit-metadata: 1.4337723106145859
  landing: 0.7775522097945213
  view-data: 3.3270876612514257
