times:
  edit-metadata: 1.6159275472164154
  landing: 0.8557546883821487
  view-data: 3.402363121509552
