times:
  edit-metadata: 1.3298920914530754
  landing: 0.8612202778458595
  view-data: 3.267254065722227
