times:
  edit-metadata: 1.4134755283594131
  landing: 0.69658974558115
  view-data: 3.362311590462923
