times:
  edit-metadata: 1.4943563975393772
  landing: 0.7652869038283825
  view-data: 3.3999834433197975
