times:
  edit-metadata: 1.629015740007162
  landing: 1.071350522339344
  view-data: 0.7601721473038197
