times:
  edit-metadata: 1.5008846446871758
  landing: 1.0146258790045977
  view-data: 3.3827680656686425
