times:
  edit-metadata: 1.3861252143979073
  landing: 0.9864101968705654
  view-data: 3.3199146911501884
