times:
  edit-metadata: 4.417954120784998
  landing: 0.8936344049870968
  view-data: 0.7273155562579632
