times:
  edit-metadata: 3.1565005560405552
  landing: 0.07067568297497928
  view-data: 0.5455652240198106
