times:
  edit-metadata: 1.606023907661438
  landing: 1.2081241495907307
  view-data: 3.379733417183161
