times:
  edit-metadata: 4.005534990224987
  landing: 0.1355870901606977
  view-data: 0.5232195113785565
