times:
  edit-metadata: 1.654240395873785
  landing: 1.1051422208547592
  view-data: 3.342470657080412
