times:
  edit-metadata: 1.444211844354868
  landing: 0.814660407602787
  view-data: 0.6381614021956921
