times:
  edit-metadata: 3.291547448025085
  landing: 0.06302665104158223
  view-data: 0.48760664800647646
