times:
  edit-metadata: 1.5681671611964703
  landing: 1.0499748401343822
  view-data: 3.4013710133731365
