times:
  edit-metadata: 1.6764762508682907
  landing: 0.9261210123077035
  view-data: 0.7351921480149031
