times:
  edit-metadata: 1.4543794021010399
  landing: 1.0390403755009174
  view-data: 3.4025884941220284
