times:
  edit-metadata: 1.4528107180958614
  landing: 0.8465625619282946
  view-data: 0.7581998499808833
