times:
  edit-metadata: 3.186896367929876
  landing: 0.06849076459184289
  view-data: 0.9392203502357006
