times:
  edit-metadata: 3.2372315698303282
  landing: 0.07311425707302988
  view-data: 0.5141008768696338
