times:
  edit-metadata: 1.5920882020145655
  landing: 1.0537028145045042
  view-data: 0.7842521462589502
