times:
  edit-metadata: 3.2946740289917216
  landing: 0.05899635195964947
  view-data: 0.5203521840157919
