times:
  edit-metadata: 1.5376798610086553
  landing: 0.2886430500075221
  view-data: 0.31851004099007696
