times:
  edit-metadata: 2.9019772205501795
  landing: 2.039708783850074
  view-data: 3.631456909701228
