times:
  edit-metadata: 1.3997171428054571
  landing: 0.8401961270719767
  view-data: 3.255104227922857
