times:
  edit-metadata: 1.5618503522127867
  landing: 0.8875699993222952
  view-data: 3.4168161638081074
