times:
  edit-metadata: 1.5948009928688407
  landing: 0.8728686310350895
  view-data: 0.6587160602211952
