times:
  edit-metadata: 3.2114458170253783
  landing: 0.05621652607806027
  view-data: 0.9077948951162398
