times:
  edit-metadata: 1.5406894739717245
  landing: 0.846965323202312
  view-data: 0.7997984448447824
