times:
  edit-metadata: 3.2099817430134863
  landing: 0.05886624404229224
  view-data: 0.6083498720545322
