times:
  edit-metadata: 3.2048061301466078
  landing: 0.07316349796019495
  view-data: 0.6160543679725379
