times:
  edit-metadata: 2.5122600942850113
  landing: 1.9401024244725704
  view-data: 3.637098368257284
