times:
  edit-metadata: 1.5470625655725598
  landing: 1.0367141468450427
  view-data: 0.7842660658061504
