times:
  edit-metadata: 1.4632453918457031
  landing: 1.3918011114001274
  view-data: 3.7832501977682114
