times:
  edit-metadata: 3.225418546004221
  landing: 0.06433235201984644
  view-data: 0.6245310358935967
