times:
  edit-metadata: 3.224444385035895
  landing: 0.045806160022038966
  view-data: 0.7840547449886799
