times:
  edit-metadata: 1.4417925365269184
  landing: 1.0353220663964748
  view-data: 3.463037231937051
