times:
  edit-metadata: 1.5646821539849043
  landing: 0.9424293246120214
  view-data: 0.6340570114552975
