times:
  edit-metadata: 1.448137104511261
  landing: 0.9859696235507727
  view-data: 0.6615375075489283
