times:
  edit-metadata: 4.026636283844709
  landing: 0.07329264236614108
  view-data: 0.8995060659945011
