times:
  edit-metadata: 1.5072620157152414
  landing: 0.8326076716184616
  view-data: 0.6811406258493662
