times:
  edit-metadata: 1.816000308841467
  landing: 1.1275692731142044
  view-data: 3.338928360491991
