times:
  edit-metadata: 3.2026809591334313
  landing: 0.05792992003262043
  view-data: 0.6794703861232847
