times:
  edit-metadata: 2.849970370531082
  landing: 1.6692054364830256
  view-data: 3.619720743969083
