times:
  edit-metadata: 1.6517915569711477
  landing: 0.9621822650078684
  view-data: 0.6421629519900307
