times:
  edit-metadata: 1.6025542207062244
  landing: 0.8913697004318237
  view-data: 3.3456952460110188
