times:
  edit-metadata: 1.3935378082096577
  landing: 0.9739352725446224
  view-data: 3.3569596707820892
