times:
  edit-metadata: 3.1771782538853586
  landing: 0.06481513706967235
  view-data: 0.5547502129338682
