times:
  edit-metadata: 1.5326481964439154
  landing: 0.8385102916508913
  view-data: 3.379302065819502
