times:
  edit-metadata: 1.4782654978334904
  landing: 1.1006077341735363
  view-data: 3.361776489764452
