times:
  edit-metadata: 3.2008957888465375
  landing: 0.07333522895351052
  view-data: 0.4990214549470693
