times:
  edit-metadata: 3.9679619572125375
  landing: 0.10182569269090891
  view-data: 0.6057679201476276
