times:
  edit-metadata: 1.4306687973439693
  landing: 0.9377942457795143
  view-data: 3.3283503726124763
