times:
  edit-metadata: 1.409079734236002
  landing: 0.9511348865926266
  view-data: 3.341593012213707
