times:
  edit-metadata: 1.5666379854083061
  landing: 0.9032598957419395
  view-data: 0.8089829180389643
