times:
  edit-metadata: 1.552369074895978
  landing: 0.9266759231686592
  view-data: 0.9138042498379946
