times:
  edit-metadata: 1.550110138952732
  landing: 0.9299696870148182
  view-data: 3.320258751511574
