times:
  edit-metadata: 3.2158988239243627
  landing: 0.049245787085965276
  view-data: 0.8576672691851854
