times:
  edit-metadata: 3.8893734849989414
  landing: 0.10060392999730539
  view-data: 0.12541367700032424
