times:
  edit-metadata: 1.4586133621633053
  landing: 0.8110707737505436
  view-data: 0.5752185024321079
