times:
  edit-metadata: 1.4457336328923702
  landing: 1.2164308577775955
  view-data: 3.307376451790333
