times:
  edit-metadata: 1.6629973091185093
  landing: 1.063354317098856
  view-data: 3.370420817285776
