times:
  edit-metadata: 3.259823858970776
  landing: 0.07886494300328195
  view-data: 0.5075475589837879
