times:
  edit-metadata: 1.3978751813992858
  landing: 0.8206845987588167
  view-data: 0.6607127916067839
