times:
  edit-metadata: 3.056431621313095
  landing: 2.3112215995788574
  view-data: 3.8286681100726128
