times:
  edit-metadata: 1.6059676753357053
  landing: 0.9702864121645689
  view-data: 3.374950218014419
