times:
  edit-metadata: 3.1274862099962775
  landing: 0.0737208170176018
  view-data: 0.565562689997023
