times:
  edit-metadata: 1.6685349990148097
  landing: 0.934382275911048
  view-data: 0.8484358440618962
