times:
  edit-metadata: 1.4060278041288257
  landing: 0.8434464540332556
  view-data: 0.7634256649762392
