times:
  edit-metadata: 1.5363038443028927
  landing: 7.337054159492254
  view-data: 3.3948070257902145
