times:
  edit-metadata: 1.5814233049750328
  landing: 0.9093013238161802
  view-data: 0.7185804955661297
