times:
  edit-metadata: 1.5460948690306395
  landing: 0.873572718934156
  view-data: 0.7247360029723495
