times:
  edit-metadata: 3.737648001872003
  landing: 0.0647819428704679
  view-data: 0.8725890028290451
