times:
  edit-metadata: 1.6221017558127642
  landing: 0.9178882297128439
  view-data: 3.48520134575665
