times:
  edit-metadata: 3.2373150089988485
  landing: 0.07005900202784687
  view-data: 0.6623802579706535
