times:
  edit-metadata: 1.4787249509245157
  landing: 0.9531159810721874
  view-data: 0.595823734998703
