times:
  edit-metadata: 2.056860139593482
  landing: 1.3657890297472477
  view-data: 3.4597142543643713
