times:
  edit-metadata: 2.7696214467287064
  landing: 1.3472004160284996
  view-data: 3.690728986635804
