times:
  edit-metadata: 1.408724121749401
  landing: 0.8010847866535187
  view-data: 0.5681185685098171
