times:
  edit-metadata: 1.420318678021431
  landing: 0.92208456620574
  view-data: 3.2528226785361767
