times:
  edit-metadata: 2.9289238918572664
  landing: 1.4906367808580399
  view-data: 3.5337500646710396
