times:
  edit-metadata: 1.4465814009308815
  landing: 0.9632718935608864
  view-data: 3.4267674200236797
