times:
  edit-metadata: 3.7016574110020883
  landing: 0.07685427699470893
  view-data: 0.5541645630000858
