times:
  edit-metadata: 1.610177862457931
  landing: 0.987601469270885
  view-data: 3.393447468057275
