times:
  edit-metadata: 3.863500155042857
  landing: 0.06621548673138022
  view-data: 0.6440331102348864
