times:
  edit-metadata: 1.546593762934208
  landing: 0.9180760458111763
  view-data: 3.4283041525632143
