times:
  edit-metadata: 1.5737939104437828
  landing: 0.9097623527050018
  view-data: 3.4025624003261328
