times:
  edit-metadata: 1.4746492989361286
  landing: 0.8188651110976934
  view-data: 0.6136486791074276
