times:
  edit-metadata: 1.4983771685510874
  landing: 1.0069844760000706
  view-data: 0.6452275197952986
