times:
  edit-metadata: 1.5030330568552017
  landing: 1.0191795602440834
  view-data: 3.410487487912178
