times:
  edit-metadata: 1.5648216046392918
  landing: 0.893659982830286
  view-data: 3.4309094976633787
