times:
  edit-metadata: 1.7426798976957798
  landing: 0.9728817045688629
  view-data: 0.7123153861612082
