times:
  edit-metadata: 1.5103802364319563
  landing: 0.9803302949294448
  view-data: 0.6295360596850514
