times:
  edit-metadata: 1.529643714427948
  landing: 1.068913545459509
  view-data: 3.4627214409410954
