times:
  edit-metadata: 1.5861337557435036
  landing: 1.0892858020961285
  view-data: 3.4423713386058807
