times:
  edit-metadata: 1.457272537983954
  landing: 0.9396389469038695
  view-data: 0.6640918678604066
