times:
  edit-metadata: 1.6904751174151897
  landing: 1.0929533019661903
  view-data: 0.7968681491911411
