times:
  edit-metadata: 3.2848591981455684
  landing: 0.06841737404465675
  view-data: 0.48938925191760063
