times:
  edit-metadata: 3.8998323049745522
  landing: 0.023813822015654296
  view-data: 0.029422805993817747
