times:
  edit-metadata: 1.4134846925735474
  landing: 0.9904114529490471
  view-data: 3.414911385625601
