times:
  edit-metadata: 1.5297493810066953
  landing: 0.9269159169634804
  view-data: 0.6142546429764479
