times:
  edit-metadata: 1.4549810253083706
  landing: 0.9377307910472155
  view-data: 0.6882964186370373
