times:
  edit-metadata: 1.4207066930830479
  landing: 0.978670708835125
  view-data: 3.3423804752528667
