times:
  edit-metadata: 3.9918641448020935
  landing: 0.18813615990802646
  view-data: 0.6248878408223391
