times:
  edit-metadata: 3.2822035880526528
  landing: 0.05408980802167207
  view-data: 0.8904928669799119
