times:
  edit-metadata: 2.5320220831781626
  landing: 1.3984073642641306
  view-data: 0.6281341426074505
