times:
  edit-metadata: 3.1508192350156605
  landing: 0.06971249263733625
  view-data: 0.5020206607878208
