times:
  edit-metadata: 3.1596667889971286
  landing: 0.0649381980765611
  view-data: 0.5130718669388443
