times:
  edit-metadata: 4.130640198942274
  landing: 0.11564368614926934
  view-data: 0.6089972211048007
