times:
  edit-metadata: 1.5865458063781261
  landing: 0.9416623041033745
  view-data: 3.429819382727146
