times:
  edit-metadata: 1.55321984924376
  landing: 0.8444227911531925
  view-data: 3.369342003017664
