times:
  edit-metadata: 4.0605786722153425
  landing: 2.586150038987398
  view-data: 3.912814734503627
