times:
  edit-metadata: 3.954262640327215
  landing: 0.057381624821573496
  view-data: 0.7887994288466871
