times:
  edit-metadata: 3.216344993095845
  landing: 0.05322328209877014
  view-data: 0.4982148129492998
