times:
  edit-metadata: 6.240829518006649
  landing: 0.20679492398630828
  view-data: 0.4427690500160679
