times:
  edit-metadata: 1.5619535315781832
  landing: 0.8578940164297819
  view-data: 3.4633499644696712
