times:
  edit-metadata: 1.5884620994329453
  landing: 1.0434409230947495
  view-data: 3.3623328804969788
