times:
  edit-metadata: 1.601188339293003
  landing: 0.947650920599699
  view-data: 3.4514806866645813
