times:
  edit-metadata: 1.5420890133827925
  landing: 1.0170477740466595
  view-data: 3.3057299945503473
