times:
  edit-metadata: 3.1141984709975077
  landing: 0.07264442100131419
  view-data: 0.6226534800007357
