times:
  edit-metadata: 1.9397570480359718
  landing: 1.0505537369754165
  view-data: 0.666790131945163
