times:
  edit-metadata: 1.798024833202362
  landing: 0.9206462120637298
  view-data: 0.6770337028428912
