times:
  edit-metadata: 1.5703404918313026
  landing: 1.0000820569694042
  view-data: 3.3864253535866737
