times:
  edit-metadata: 1.4533101953566074
  landing: 0.9545704685151577
  view-data: 3.3509074561297894
