times:
  edit-metadata: 1.5835787020623684
  landing: 0.9891021400690079
  view-data: 3.277944266796112
