times:
  edit-metadata: 1.4244747199118137
  landing: 0.8113855198025703
  view-data: 3.250673897564411
