times:
  edit-metadata: 2.601913060992956
  landing: 1.8952377513051033
  view-data: 3.7155174501240253
