times:
  edit-metadata: 3.187699982896447
  landing: 0.07062681298702955
  view-data: 0.7420930261723697
