times:
  edit-metadata: 3.255363860167563
  landing: 0.06907882913947105
  view-data: 0.48415449587628245
