times:
  edit-metadata: 1.4971211892552674
  landing: 0.8581345700658858
  view-data: 0.8936285171657801
