times:
  edit-metadata: 3.3292997921817005
  landing: 0.04283924214541912
  view-data: 0.5251378556713462
