times:
  edit-metadata: 3.2937145290197805
  landing: 0.05347603798145428
  view-data: 0.5013096120092086
