times:
  edit-metadata: 1.5543395355343819
  landing: 0.873781107366085
  view-data: 3.460513036698103
