times:
  edit-metadata: 3.310050977015635
  landing: 0.06472328398376703
  view-data: 0.5085040029953234
