times:
  edit-metadata: 1.539575630798936
  landing: 1.022509552538395
  view-data: 3.394160645082593
