times:
  edit-metadata: 1.582907484844327
  landing: 0.9088042303919792
  view-data: 0.8038929216563702
