times:
  edit-metadata: 3.1847738979849964
  landing: 0.07768149801995605
  view-data: 0.6266527069965377
