times:
  edit-metadata: 3.196150572039187
  landing: 0.074752354004886
  view-data: 0.5447931840317324
