times:
  edit-metadata: 1.7685272637754679
  landing: 1.035617159679532
  view-data: 0.7639670446515083
