times:
  edit-metadata: 1.39830432087183
  landing: 0.858470406383276
  view-data: 3.3165082670748234
