times:
  edit-metadata: 3.177651775069535
  landing: 0.06181725091300905
  view-data: 0.5538297228049487
