times:
  edit-metadata: 3.1809934929478914
  landing: 0.06795217201579362
  view-data: 0.496166500961408
