times:
  edit-metadata: 3.7904827021993697
  landing: 0.04927137400954962
  view-data: 0.4652119013480842
