times:
  edit-metadata: 1.641849808394909
  landing: 1.1293592378497124
  view-data: 3.3500151745975018
