times:
  edit-metadata: 1.560882544144988
  landing: 0.9669617190957069
  view-data: 1.1010932326316833
