times:
  edit-metadata: 3.2058507660403848
  landing: 0.07092106295749545
  view-data: 1.017583189997822
