times:
  edit-metadata: 3.1760408809641376
  landing: 0.07517593109514564
  view-data: 0.4990749810822308
