times:
  edit-metadata: 3.2121056101750582
  landing: 0.07745852880179882
  view-data: 0.5477117039263248
