times:
  edit-metadata: 3.2032862692140043
  landing: 0.06317183701321483
  view-data: 0.514613944105804
