times:
  edit-metadata: 1.5449372977018356
  landing: 0.7308404631912708
  view-data: 1.0028301104903221
