times:
  edit-metadata: 1.539897301234305
  landing: 1.2511301720514894
  view-data: 0.6664194390177727
