times:
  edit-metadata: 1.5507330112159252
  landing: 0.8732710853219032
  view-data: 0.6814814545214176
