times:
  edit-metadata: 1.7634172653779387
  landing: 0.9987230794504285
  view-data: 0.551298719830811
