times:
  edit-metadata: 1.3811767678707838
  landing: 0.9879987854510546
  view-data: 0.7348707467317581
