times:
  edit-metadata: 5.275505430996418
  landing: 2.511617559939623
  view-data: 4.501170091331005
