times:
  edit-metadata: 1.513533541932702
  landing: 1.0416026003658772
  view-data: 3.4356692787259817
