times:
  edit-metadata: 1.6479248814284801
  landing: 1.269673328846693
  view-data: 3.335245728492737
