times:
  edit-metadata: 3.2317412719712593
  landing: 0.047042621998116374
  view-data: 0.910603315976914
