times:
  edit-metadata: 2.15920177847147
  landing: 1.7012861035764217
  view-data: 3.3530616723001003
