times:
  edit-metadata: 3.8539956440217793
  landing: 0.06768422480672598
  view-data: 0.7379983542487025
