times:
  edit-metadata: 2.7899365732446313
  landing: 1.3271591737866402
  view-data: 3.3706326438114047
