times:
  edit-metadata: 1.405474090948701
  landing: 0.8877140283584595
  view-data: 0.690587405115366
