times:
  edit-metadata: 1.5401663333177567
  landing: 0.8830094616860151
  view-data: 0.7345648128539324
