times:
  edit-metadata: 1.5822265520691872
  landing: 0.9833367317914963
  view-data: 0.7543729804456234
