times:
  edit-metadata: 2.194495303556323
  landing: 1.0732411770150065
  view-data: 3.701385877095163
