times:
  edit-metadata: 1.6370176076889038
  landing: 1.0192802362143993
  view-data: 3.331984743475914
