times:
  edit-metadata: 1.4269251450896263
  landing: 1.0056436583399773
  view-data: 3.3103094808757305
