times:
  edit-metadata: 1.5067071095108986
  landing: 0.7957184873521328
  view-data: 3.4269919209182262
