times:
  edit-metadata: 3.2258410211652517
  landing: 0.07209617202170193
  view-data: 0.6665497079957277
