times:
  edit-metadata: 1.5606580171734095
  landing: 0.9244735855609179
  view-data: 3.4089553710073233
