times:
  edit-metadata: 1.377794090891257
  landing: 0.8081194879487157
  view-data: 0.6269533061422408
