times:
  edit-metadata: 1.543803084641695
  landing: 0.9049922190606594
  view-data: 3.3712254017591476
