times:
  edit-metadata: 3.2385221110016573
  landing: 0.05841150700871367
  view-data: 0.559461183991516
