times:
  edit-metadata: 1.4231307283043861
  landing: 0.9266749210655689
  view-data: 0.7378912232816219
