times:
  edit-metadata: 1.7672308022156358
  landing: 1.1280533303506672
  view-data: 0.7777025480754673
