times:
  edit-metadata: 2.2546563632786274
  landing: 1.4666393175721169
  view-data: 3.3913317658007145
