times:
  edit-metadata: 1.424156915396452
  landing: 1.0072370767593384
  view-data: 3.397655922919512
