times:
  edit-metadata: 1.6801729809958488
  landing: 1.0725172030506656
  view-data: 0.6103373550577089
