times:
  edit-metadata: 1.5655135698616505
  landing: 0.8986922688782215
  view-data: 0.9300132282078266
