times:
  edit-metadata: 1.5220289148855954
  landing: 1.0256898871157318
  view-data: 0.7601305120624602
