times:
  edit-metadata: 1.5130959786474705
  landing: 0.9318421892821789
  view-data: 3.3832789100706577
