times:
  edit-metadata: 1.5980870639905334
  landing: 1.2568425694480538
  view-data: 3.360948738642037
