times:
  edit-metadata: 1.5345495082437992
  landing: 0.9203847497701645
  view-data: 3.3110540695488453
