times:
  edit-metadata: 4.0778004471212626
  landing: 0.1609311099164188
  view-data: 0.6332686590030789
