times:
  edit-metadata: 1.7674411935731769
  landing: 1.1018479308113456
  view-data: 3.4315780187025666
