times:
  edit-metadata: 1.303373302333057
  landing: 0.8919055759906769
  view-data: 0.5979329701513052
