times:
  edit-metadata: 1.5485895462334156
  landing: 1.0153955481946468
  view-data: 3.3854981008917093
