times:
  edit-metadata: 2.3167671598494053
  landing: 1.2372865863144398
  view-data: 0.8181864395737648
