times:
  edit-metadata: 3.5075980946421623
  landing: 1.8259989097714424
  view-data: 3.6162029951810837
