times:
  edit-metadata: 3.21582064894028
  landing: 0.060455076047219336
  view-data: 0.6087701540673152
