times:
  edit-metadata: 1.5205987952649593
  landing: 0.927045464515686
  view-data: 0.8020332353189588
