times:
  edit-metadata: 2.7845569625496864
  landing: 1.850816236808896
  view-data: 3.452866580337286
