times:
  edit-metadata: 1.572162170894444
  landing: 1.0221852278336883
  view-data: 0.6191530849318951
