times:
  edit-metadata: 3.9249517149291933
  landing: 0.1405330472625792
  view-data: 0.7968811369501054
