times:
  edit-metadata: 1.561243575066328
  landing: 1.058590741828084
  view-data: 3.4519222360104322
