times:
  edit-metadata: 3.3492322479141876
  landing: 0.04699383303523064
  view-data: 0.6869715460343286
