times:
  edit-metadata: 1.5472738221287727
  landing: 1.083642229437828
  view-data: 3.364779982715845
