times:
  edit-metadata: 1.5750762317329645
  landing: 0.9100939948111773
  view-data: 3.4240948017686605
