times:
  edit-metadata: 3.3661200779897626
  landing: 0.0703460699878633
  view-data: 0.5516874830063898
