times:
  edit-metadata: 1.436704631894827
  landing: 0.9727108161896467
  view-data: 3.407500982284546
