times:
  edit-metadata: 3.227904033847153
  landing: 0.04742363607510924
  view-data: 0.514783653896302
