times:
  edit-metadata: 1.5684418175369501
  landing: 1.0159247145056725
  view-data: 0.7429617987945676
