times:
  edit-metadata: 1.4537004940211773
  landing: 0.9317832216620445
  view-data: 3.3179212510585785
