times:
  edit-metadata: 1.5499512739479542
  landing: 1.1200402714312077
  view-data: 3.4220023155212402
