times:
  edit-metadata: 1.4664713814854622
  landing: 1.1215136088430882
  view-data: 3.453487228602171
