times:
  edit-metadata: 3.151007534994278
  landing: 0.06140132702421397
  view-data: 0.6899927330086939
