times:
  edit-metadata: 1.6150857268366963
  landing: 0.9672950019594282
  view-data: 0.658526036888361
