times:
  edit-metadata: 3.3745269540231675
  landing: 0.05045727995457128
  view-data: 0.5299001600360498
