times:
  edit-metadata: 3.587383059988497
  landing: 0.07360619000974111
  view-data: 0.5255988689896185
