times:
  edit-metadata: 1.4756788313388824
  landing: 0.9268202185630798
  view-data: 3.342742245644331
