times:
  edit-metadata: 1.5461196526885033
  landing: 0.9017722643911839
  view-data: 3.3872194848954678
