times:
  edit-metadata: 1.7521583810448647
  landing: 1.0509780161082745
  view-data: 3.5792429447174072
