times:
  edit-metadata: 3.2179199093952775
  landing: 0.07092457311227918
  view-data: 0.5476737027056515
