times:
  edit-metadata: 1.5485612768679857
  landing: 0.9383364077657461
  view-data: 3.399627612903714
