times:
  edit-metadata: 1.7756312265992165
  landing: 1.0172659792006016
  view-data: 3.3528503850102425
