times:
  edit-metadata: 1.5022382140159607
  landing: 1.012512605637312
  view-data: 3.3665828481316566
