times:
  edit-metadata: 1.419349517673254
  landing: 0.8683684021234512
  view-data: 3.394834667444229
