times:
  edit-metadata: 2.298118499107659
  landing: 1.410205576568842
  view-data: 0.8641575761139393
