times:
  edit-metadata: 1.5565600283443928
  landing: 0.92873121984303
  view-data: 0.5364219145849347
