times:
  edit-metadata: 3.3502054709824733
  landing: 0.13625021005282179
  view-data: 0.5245491820387542
