times:
  edit-metadata: 1.5554075837135315
  landing: 0.8425521682947874
  view-data: 3.285845810547471
