times:
  edit-metadata: 3.253293371293694
  landing: 0.06542473332956433
  view-data: 0.6575587159022689
