times:
  edit-metadata: 1.8857959285378456
  landing: 1.185140948742628
  view-data: 3.5283024571835995
