times:
  edit-metadata: 3.986289185937494
  landing: 0.15941768186166883
  view-data: 0.7375363567844033
