times:
  edit-metadata: 1.4083560332655907
  landing: 1.007675975561142
  view-data: 3.3559591211378574
