times:
  edit-metadata: 1.5416453648358583
  landing: 0.8535172734409571
  view-data: 3.4353256076574326
