times:
  edit-metadata: 1.497673699632287
  landing: 1.0825076550245285
  view-data: 3.3662120439112186
