times:
  edit-metadata: 1.5457580275833607
  landing: 1.0139636769890785
  view-data: 3.441422238945961
