times:
  edit-metadata: 3.251060691080056
  landing: 0.060263178893364966
  view-data: 0.6044275470776483
