times:
  edit-metadata: 3.2635774700320326
  landing: 0.04837886604946107
  view-data: 0.5034900820464827
