times:
  edit-metadata: 3.1877104081213474
  landing: 0.07500828383490443
  view-data: 0.5104074589908123
