times:
  edit-metadata: 1.5480845123529434
  landing: 0.9908111598342657
  view-data: 3.384025376290083
