times:
  edit-metadata: 1.741082340478897
  landing: 1.3253721110522747
  view-data: 3.3813430443406105
