times:
  edit-metadata: 1.520072071813047
  landing: 0.9715881198644638
  view-data: 3.4245327743701637
