times:
  edit-metadata: 4.364659044891596
  landing: 0.09326548269018531
  view-data: 0.5461450577713549
