times:
  edit-metadata: 3.1877990690991282
  landing: 0.07720894808880985
  view-data: 0.5937921339645982
