times:
  edit-metadata: 1.5281657688319683
  landing: 1.0183839835226536
  view-data: 3.323787894099951
