times:
  edit-metadata: 1.6011757850646973
  landing: 1.0714982070494443
  view-data: 0.834097329992801
