times:
  edit-metadata: 1.5009535560384393
  landing: 0.8485346212983131
  view-data: 3.3922029938548803
