times:
  edit-metadata: 1.5490588918328285
  landing: 1.055039405822754
  view-data: 3.4028459079563618
