times:
  edit-metadata: 1.4729424230754375
  landing: 1.057780984789133
  view-data: 3.730317384004593
