times:
  edit-metadata: 1.518388096243143
  landing: 0.9796326458454132
  view-data: 3.4131351970136166
