times:
  edit-metadata: 1.5782643910497427
  landing: 0.912840012460947
  view-data: 0.7586187552660704
