times:
  edit-metadata: 1.4528615418821573
  landing: 0.8998075146228075
  view-data: 0.6415771171450615
