times:
  edit-metadata: 3.1720647559850477
  landing: 0.06478752399561927
  view-data: 0.6288055049953982
