times:
  edit-metadata: 3.2149387050885707
  landing: 0.07137048314325511
  view-data: 0.6083777660969645
