times:
  edit-metadata: 1.901867306791246
  landing: 0.9169740471988916
  view-data: 0.6326082567684352
