times:
  edit-metadata: 1.6850161151960492
  landing: 1.0016845490317792
  view-data: 0.72021194989793
