times:
  edit-metadata: 1.4156631380319595
  landing: 1.0125647354871035
  view-data: 0.6227277889847755
