times:
  edit-metadata: 1.581302385777235
  landing: 0.9659910947084427
  view-data: 3.394214268773794
