times:
  edit-metadata: 3.2022515072021633
  landing: 0.07644298509694636
  view-data: 0.7701657719444484
