times:
  edit-metadata: 3.213449906965252
  landing: 0.06041740201180801
  view-data: 0.5127525320276618
