times:
  edit-metadata: 1.537771176546812
  landing: 0.8867511004209518
  view-data: 3.3929906580597162
