times:
  edit-metadata: 1.8291273340582848
  landing: 1.0918754115700722
  view-data: 3.3428494706749916
