times:
  edit-metadata: 2.560823205858469
  landing: 1.6461629131808877
  view-data: 3.4867780469357967
