times:
  edit-metadata: 1.580154750496149
  landing: 0.8522675596177578
  view-data: 0.6852070651948452
