times:
  edit-metadata: 1.5463237315416336
  landing: 1.0831965692341328
  view-data: 3.362807534635067
