times:
  edit-metadata: 1.4462962932884693
  landing: 0.9454808048903942
  view-data: 3.340852476656437
