times:
  edit-metadata: 1.5979890525341034
  landing: 0.9446585271507502
  view-data: 3.4357319716364145
