times:
  edit-metadata: 3.257678028079681
  landing: 0.053833912941627204
  view-data: 0.538326560985297
