times:
  edit-metadata: 2.14660582318902
  landing: 1.5915807504206896
  view-data: 3.723626222461462
