times:
  edit-metadata: 1.5424443557858467
  landing: 0.8698062244802713
  view-data: 3.419916734099388
