times:
  edit-metadata: 1.3833766877651215
  landing: 0.8347604069858789
  view-data: 0.6380860954523087
