times:
  edit-metadata: 3.5836971011012793
  landing: 0.07161757862195373
  view-data: 0.7461147331632674
