times:
  edit-metadata: 1.6263069468550384
  landing: 0.8660828731954098
  view-data: 3.3639491740614176
