times:
  edit-metadata: 1.484979790635407
  landing: 0.9512785719707608
  view-data: 3.37590320315212
