times:
  edit-metadata: 2.1343588940799236
  landing: 1.2214622860774398
  view-data: 1.1008947724476457
