times:
  edit-metadata: 1.6131075536832213
  landing: 0.8693312685936689
  view-data: 3.3778004180639982
