times:
  edit-metadata: 3.2979013500735164
  landing: 0.06299232225865126
  view-data: 0.4869710919447243
