times:
  edit-metadata: 3.201016686973162
  landing: 0.062497606966644526
  view-data: 0.4964230569312349
