times:
  edit-metadata: 1.500427022576332
  landing: 0.9142345427535474
  view-data: 0.6685441359877586
