times:
  edit-metadata: 1.417467676103115
  landing: 0.8961231932044029
  view-data: 3.2817689813673496
