times:
  edit-metadata: 1.722531519830227
  landing: 1.1990654692053795
  view-data: 3.5213267020881176
