times:
  edit-metadata: 1.8636100608855486
  landing: 1.1761785876005888
  view-data: 3.4075864739716053
