times:
  edit-metadata: 3.168575366027653
  landing: 0.05222634109668434
  view-data: 0.5013462700881064
