times:
  edit-metadata: 1.5648203929886222
  landing: 0.9472965248860419
  view-data: 0.697424849960953
