times:
  edit-metadata: 3.2091898298822343
  landing: 0.07293749810196459
  view-data: 0.5020457960199565
