times:
  edit-metadata: 1.5524328434839845
  landing: 1.0001134565100074
  view-data: 0.6792242433875799
