times:
  edit-metadata: 2.427868787199259
  landing: 0.998258650302887
  view-data: 3.375973918940872
