times:
  edit-metadata: 1.8979572281241417
  landing: 1.1914962902665138
  view-data: 0.6634921226650476
