times:
  edit-metadata: 3.252529277931899
  landing: 0.07078427681699395
  view-data: 0.5000433968380094
