times:
  edit-metadata: 1.5017842969391495
  landing: 0.7866622400470078
  view-data: 3.3638229719363153
