times:
  edit-metadata: 2.9698663260787725
  landing: 1.206548952497542
  view-data: 3.5820772871375084
