times:
  edit-metadata: 1.4870042237453163
  landing: 0.9435338438488543
  view-data: 3.400556205306202
