times:
  edit-metadata: 1.5681276209652424
  landing: 0.9205373008735478
  view-data: 0.7620460311882198
