times:
  edit-metadata: 2.55513134598732
  landing: 1.7889524586498737
  view-data: 3.4541693814098835
