times:
  edit-metadata: 1.4775279192253947
  landing: 1.160903531126678
  view-data: 3.354888439178467
