times:
  edit-metadata: 3.195648903027177
  landing: 0.06017475505359471
  view-data: 0.5065968239214271
