times:
  edit-metadata: 1.5120218023657799
  landing: 0.9200321808457375
  view-data: 3.323063187301159
