times:
  edit-metadata: 3.181085067335516
  landing: 0.07402676669880748
  view-data: 0.6818405808880925
