times:
  edit-metadata: 1.7721076477319002
  landing: 1.0485614463686943
  view-data: 0.7100076507776976
