times:
  edit-metadata: 1.5566134490072727
  landing: 0.9503537304699421
  view-data: 3.4113422874361277
