times:
  edit-metadata: 2.4925023782998323
  landing: 1.2094533536583185
  view-data: 3.8603153079748154
