times:
  edit-metadata: 1.5797528428956866
  landing: 1.0567247085273266
  view-data: 0.6813891967758536
