times:
  edit-metadata: 1.4902158100157976
  landing: 0.8690535128116608
  view-data: 3.3318332228809595
