times:
  edit-metadata: 1.9419153109192848
  landing: 1.4305123910307884
  view-data: 3.4089574366807938
