times:
  edit-metadata: 1.6107559083029628
  landing: 0.9118405897170305
  view-data: 3.355524141341448
