times:
  edit-metadata: 1.7218264900147915
  landing: 1.072431561537087
  view-data: 3.4016501642763615
