times:
  edit-metadata: 1.553155291825533
  landing: 1.0564387002959847
  view-data: 0.7604443840682507
