times:
  edit-metadata: 3.1403210609860253
  landing: 0.060885951010277495
  view-data: 0.6690187700151
