times:
  edit-metadata: 3.204504726920277
  landing: 0.05217075697146356
  view-data: 0.6641437551006675
