times:
  edit-metadata: 3.202736150997225
  landing: 0.07038755599933211
  view-data: 0.6128854290000163
