times:
  edit-metadata: 3.244882474653423
  landing: 1.8769118459895253
  view-data: 3.888132907450199
