times:
  edit-metadata: 1.5303493202663958
  landing: 0.8851361572742462
  view-data: 0.637646147981286
