times:
  edit-metadata: 3.954734464175999
  landing: 0.1050988300703466
  view-data: 0.7072459952905774
