times:
  edit-metadata: 3.2197345150634646
  landing: 0.06597092398442328
  view-data: 0.5012261839583516
