times:
  edit-metadata: 1.5550262928009033
  landing: 1.0522913113236427
  view-data: 3.409087784588337
