times:
  edit-metadata: 1.5188737991265953
  landing: 0.9107706118375063
  view-data: 3.402501048054546
