times:
  edit-metadata: 1.5239367466419935
  landing: 1.285911651328206
  view-data: 0.7447233907878399
