times:
  edit-metadata: 1.680191619321704
  landing: 0.9674666319042444
  view-data: 3.37458173930645
