times:
  edit-metadata: 1.5643729213625193
  landing: 0.8511993959546089
  view-data: 0.6778705883771181
