times:
  edit-metadata: 1.5695151630789042
  landing: 0.9803672395646572
  view-data: 0.6988583523780107
