times:
  edit-metadata: 1.777849417179823
  landing: 1.1706983051262796
  view-data: 0.7072933870367706
