times:
  edit-metadata: 1.52335724234581
  landing: 0.9866721294820309
  view-data: 3.3248947113752365
