times:
  edit-metadata: 3.111857791984221
  landing: 0.05862217300455086
  view-data: 1.0695949890068732
