times:
  edit-metadata: 1.5298625566065311
  landing: 0.8741397950798273
  view-data: 3.348337648436427
