times:
  edit-metadata: 3.1983628740999848
  landing: 0.06832870119251311
  view-data: 0.502428863896057
