times:
  edit-metadata: 1.7691909559071064
  landing: 1.2903201803565025
  view-data: 3.5998706817626953
