times:
  edit-metadata: 1.6570787150412798
  landing: 0.9468961451202631
  view-data: 0.6628262330777943
