times:
  edit-metadata: 2.166981030255556
  landing: 3.2225009314715862
  view-data: 3.409621872007847
