times:
  edit-metadata: 3.2076588498894125
  landing: 0.07144579314626753
  view-data: 0.5145941590890288
