times:
  edit-metadata: 1.8507423847913742
  landing: 1.079946082085371
  view-data: 3.276954349130392
