times:
  edit-metadata: 3.239781446289271
  landing: 0.06213037297129631
  view-data: 0.5085447579622269
