times:
  edit-metadata: 1.5831686966121197
  landing: 1.0644578412175179
  view-data: 3.380986053496599
