times:
  edit-metadata: 3.3818039228208363
  landing: 0.08019477501511574
  view-data: 0.49743752740323544
