times:
  edit-metadata: 3.950922941789031
  landing: 0.08853798033669591
  view-data: 0.7028712881729007
