times:
  edit-metadata: 3.2483715969137847
  landing: 0.058259651996195316
  view-data: 0.6947782719507813
