times:
  edit-metadata: 1.5061422493308783
  landing: 0.9101756736636162
  view-data: 3.396981805562973
