times:
  edit-metadata: 1.5800399240106344
  landing: 1.0314702372998
  view-data: 0.6326829562895
