times:
  edit-metadata: 1.4304825514554977
  landing: 1.0438837241381407
  view-data: 3.4102893322706223
