times:
  edit-metadata: 1.4724125238135457
  landing: 1.01405841531232
  view-data: 0.6668673329986632
