times:
  edit-metadata: 1.535792525857687
  landing: 1.0137264439836144
  view-data: 3.3814154523424804
