times:
  edit-metadata: 3.2348945001140237
  landing: 0.06680301390588284
  view-data: 0.5036629168316722
