times:
  edit-metadata: 2.3405748810619116
  landing: 1.6393891349434853
  view-data: 3.473758305888623
