times:
  edit-metadata: 3.216198281967081
  landing: 0.04846106609329581
  view-data: 0.6108651369577274
