times:
  edit-metadata: 1.668518666177988
  landing: 0.9247154295444489
  view-data: 0.7463761679828167
