times:
  edit-metadata: 0.8094501197338104
  landing: 0.053774263709783554
  view-data: 0.22310859989374876
