times:
  edit-metadata: 2.3136902153491974
  landing: 0.26602196879684925
  view-data: 0.3831840083003044
