times:
  edit-metadata: 0.8155768532305956
  landing: 0.04873804235830903
  view-data: 0.21055429987609386
