times:
  edit-metadata: 1.6888217218220234
  landing: 0.053842831403017044
  view-data: 0.22740387916564941
