times:
  edit-metadata: 1.8569527752697468
  landing: 0.019914256408810616
  view-data: 0.2665922325104475
