times:
  landing: 0.5688889939999626
  view-data: 0.5604604689999633
