times:
  edit-metadata: 0.9185353510547429
  landing: 0.04766146210022271
  view-data: 0.20724071213044226
