times:
  edit-metadata: 1.8943811748176813
  landing: 0.14119387231767178
  view-data: 0.12079893983900547
