times:
  edit-metadata: 0.9677529699984007
  landing: 0.049777616979554296
  view-data: 0.21468182100215927
