times:
  edit-metadata: 1.6477061286568642
  landing: 0.052269916981458664
  view-data: 0.2242584526538849
