times:
  edit-metadata: 1.5469286106526852
  landing: 0.9234825931489468
  view-data: 3.366855449974537
