times:
  edit-metadata: 1.4085456505417824
  landing: 0.9533946588635445
  view-data: 3.3136687390506268
