times:
  edit-metadata: 1.0949825389543548
  landing: 0.08374823699705303
  view-data: 0.24509640305768698
