times:
  edit-metadata: 1.661683339625597
  landing: 0.0602918416261673
  view-data: 0.2205238826572895
