times:
  edit-metadata: 1.6631808802485466
  landing: 0.054024774581193924
  view-data: 0.2207840532064438
