times:
  edit-metadata: 1.8258425742387772
  landing: 0.01937250792980194
  view-data: 0.024836757220327854
