times:
  edit-metadata: 1.6741970889270306
  landing: 0.05390249937772751
  view-data: 0.22110291197896004
