times:
  landing: 1.1118197409999766
  view-data: 0.5559824200000207
