times:
  edit-metadata: 0.8581112599931657
  landing: 0.06681800697697327
  view-data: 0.23566912801470608
