times:
  edit-metadata: 0.8423087992705405
  landing: 0.048403380904346704
  view-data: 0.20669267000630498
