times:
  edit-metadata: 1.3980661679524928
  landing: 0.76285315095447
  view-data: 3.3013811078853905
