times:
  landing: 0.5537729050000166
  view-data: 0.5615431969999918
