times:
  landing: 1.0851925819999906
  view-data: 0.5662419770000042
