times:
  edit-metadata: 1.7979024965316057
  landing: 0.22189035825431347
  view-data: 0.32408513501286507
