times:
  edit-metadata: 1.8415383119136095
  landing: 0.061654968187212944
  view-data: 0.21549596823751926
