times:
  edit-metadata: 1.543877899646759
  landing: 0.8588738031685352
  view-data: 3.411677610129118
