times:
  landing: 0.5579204299999958
  view-data: 0.557695319000004
