times:
  edit-metadata: 1.8115470949560404
  landing: 0.01902316976338625
  view-data: 0.42220956459641457
