times:
  edit-metadata: 1.6265485137701035
  landing: 0.9530981201678514
  view-data: 3.3731182515621185
