times:
  edit-metadata: 0.9276456499937922
  landing: 0.0721251229988411
  view-data: 0.24359947396442294
