times:
  landing: 0.5565623700000515
  view-data: 0.5616771310000104
