times:
  edit-metadata: 1.651725247502327
  landing: 0.051082298159599304
  view-data: 0.21740782633423805
