times:
  edit-metadata: 0.9567204539998784
  landing: 0.06463607999467058
  view-data: 0.2364827929995954
