times:
  edit-metadata: 1.3704461939632893
  landing: 0.8222975209355354
  view-data: 3.3710607513785362
