times:
  landing: 1.0788198359999797
  view-data: 0.5613719049999872
