times:
  edit-metadata: 0.9222861789166927
  landing: 0.0521598719060421
  view-data: 0.23685211967676878
