times:
  edit-metadata: 1.5318375825881958
  landing: 0.8869303986430168
  view-data: 3.409395758062601
