times:
  edit-metadata: 0.8369252910051728
  landing: 0.04451248698751442
  view-data: 0.21050821300013922
