times:
  edit-metadata: 1.5240858551114798
  landing: 0.92813865467906
  view-data: 3.3581879436969757
