times:
  edit-metadata: 1.1455440779682249
  landing: 0.07726005604490638
  view-data: 0.2551301000639796
