times:
  edit-metadata: 1.8680727928876877
  landing: 0.24487213976681232
  view-data: 0.3557713646441698
