times:
  edit-metadata: 1.9612689428031445
  landing: 0.02025790698826313
  view-data: 0.02728384919464588
