times:
  edit-metadata: 1.8562665395438671
  landing: 0.13067537546157837
  view-data: 0.29631210677325726
