times:
  edit-metadata: 2.3385508377104998
  landing: 0.9306001234799623
  view-data: 3.857938116416335
