times:
  landing: 1.0678911189999667
  view-data: 0.10379288000001452
