times:
  edit-metadata: 1.4815274123102427
  landing: 0.7474708370864391
  view-data: 3.3916192520409822
