times:
  edit-metadata: 1.0578979360871017
  landing: 0.13003251003101468
  view-data: 0.20036913687363267
