times:
  edit-metadata: 1.178599791135639
  landing: 0.07322773011401296
  view-data: 0.22562801279127598
