times:
  edit-metadata: 0.8536139170173556
  landing: 0.06518361414782703
  view-data: 0.23457411490380764
