times:
  landing: 0.5543908079999937
  view-data: 0.5567144199999916
