times:
  edit-metadata: 2.2385949715971947
  landing: 0.025823306292295456
  view-data: 0.2307304795831442
