times:
  edit-metadata: 1.2713378998450935
  landing: 0.7572084213607013
  view-data: 3.2830515508539975
