times:
  edit-metadata: 2.098893467336893
  landing: 1.2838434912264347
  view-data: 3.468040601350367
