times:
  landing: 0.5535310049999964
  view-data: 0.5562356220000026
