times:
  edit-metadata: 0.8420736140105873
  landing: 0.06671126605942845
  view-data: 0.22839025501161814
