times:
  edit-metadata: 1.690982397645712
  landing: 0.05422817915678024
  view-data: 0.22018509358167648
