times:
  edit-metadata: 2.3361275186762214
  landing: 1.3991552600637078
  view-data: 3.960320550017059
