times:
  edit-metadata: 1.4733799435198307
  landing: 0.8623157516121864
  view-data: 3.4107482470571995
