times:
  edit-metadata: 0.8343735539820045
  landing: 0.07197791896760464
  view-data: 0.5044846059754491
