times:
  landing: 0.5512121849999403
  view-data: 0.5562037469999268
