times:
  edit-metadata: 1.4276159009896219
  landing: 0.7955246050842106
  view-data: 3.354467234108597
