times:
  edit-metadata: 1.4032759447582066
  landing: 0.8386257090605795
  view-data: 3.410062055103481
