times:
  edit-metadata: 1.8471490629017353
  landing: 0.19535754062235355
  view-data: 0.029576487839221954
