times:
  edit-metadata: 0.9993047320167534
  landing: 0.08696574595523998
  view-data: 0.2585910779889673
