times:
  edit-metadata: 0.8551092578563839
  landing: 0.06616055709309876
  view-data: 0.22985375998541713
