times:
  landing: 0.5561657039997954
  view-data: 0.5656005709997771
