times:
  edit-metadata: 1.4481951021589339
  landing: 0.8942594276741147
  view-data: 3.308895345777273
