times:
  edit-metadata: 1.4569713370874524
  landing: 0.7746584480628371
  view-data: 3.335717440582812
