times:
  landing: 1.0714106119999656
  view-data: 0.5533937769999966
