times:
  edit-metadata: 1.8506173733621836
  landing: 0.019867723807692528
  view-data: 0.3215947840362787
