times:
  landing: 2.11409742699999
  view-data: 0.5668619909999961
