times:
  edit-metadata: 1.4370239824056625
  landing: 0.7761434428393841
  view-data: 3.2810555323958397
