times:
  edit-metadata: 0.848681901989039
  landing: 0.0672604640130885
  view-data: 0.23301767895463854
