times:
  edit-metadata: 1.8223019912838936
  landing: 0.24878264218568802
  view-data: 0.33977422676980495
