times:
  edit-metadata: 1.3524148613214493
  landing: 0.7840902805328369
  view-data: 3.378644362092018
