times:
  edit-metadata: 2.694436639547348
  landing: 0.301832377910614
  view-data: 0.37729516439139843
