times:
  edit-metadata: 1.0182639400009066
  landing: 0.05913990410044789
  view-data: 0.2232460610102862
