times:
  edit-metadata: 0.8503036675974727
  landing: 0.050854659639298916
  view-data: 0.23301102872937918
