times:
  edit-metadata: 1.880204618908465
  landing: 0.1249698530882597
  view-data: 0.24606002680957317
