times:
  edit-metadata: 1.5733610205352306
  landing: 0.7185524944216013
  view-data: 0.2376683373004198
