times:
  edit-metadata: 1.0163610188756138
  landing: 0.08705416205339134
  view-data: 0.24072479200549424
