times:
  landing: 1.1306985999999597
  view-data: 0.5626609220000205
