times:
  edit-metadata: 0.9041392800281756
  landing: 0.059046567999757826
  view-data: 0.2397163370042108
