times:
  edit-metadata: 0.8805250506848097
  landing: 0.05296988692134619
  view-data: 0.22048194287344813
