times:
  edit-metadata: 1.5468383580446243
  landing: 1.1437758803367615
  view-data: 3.371990840882063
