times:
  edit-metadata: 0.9080333919264376
  landing: 0.062390318140387535
  view-data: 0.19935583719052374
