times:
  edit-metadata: 1.9104360854253173
  landing: 0.13080596085637808
  view-data: 0.12352790497243404
