times:
  edit-metadata: 1.8980168607085943
  landing: 0.020165519788861275
  view-data: 0.1321927011013031
