times:
  edit-metadata: 1.8140034032985568
  landing: 0.020262482576072216
  view-data: 0.028655650094151497
