times:
  landing: 1.0730458649999264
  view-data: 0.550800621999997
