times:
  edit-metadata: 0.9130738722160459
  landing: 0.05167766008526087
  view-data: 0.23081762669607997
