times:
  edit-metadata: 1.0115226628258824
  landing: 0.0570420091971755
  view-data: 0.21315497066825628
