times:
  edit-metadata: 1.8538263011723757
  landing: 0.0482238857075572
  view-data: 0.02476322092115879
