times:
  edit-metadata: 1.7984886411577463
  landing: 0.019810724072158337
  view-data: 0.02724907547235489
