times:
  edit-metadata: 1.5253054071217775
  landing: 0.8070230651646852
  view-data: 3.353308478370309
