times:
  edit-metadata: 2.5264072231948376
  landing: 1.252852227538824
  view-data: 3.3465124145150185
