times:
  edit-metadata: 1.4459889507852495
  landing: 0.8037499929778278
  view-data: 3.403075696900487
