times:
  landing: 1.07908125900002
  view-data: 0.555925636999973
