times:
  edit-metadata: 1.3903123140335083
  landing: 0.8938316367566586
  view-data: 3.417809270322323
