times:
  edit-metadata: 0.8336553759872913
  landing: 0.06773529713973403
  view-data: 0.22754343110136688
