times:
  edit-metadata: 1.6490592379122972
  landing: 0.8288940284401178
  view-data: 3.37230515293777
