times:
  landing: 0.5525187699999776
  view-data: 0.04887093400000708
