times:
  edit-metadata: 1.3905923515558243
  landing: 0.9767804760485888
  view-data: 3.308265747502446
