times:
  edit-metadata: 2.158716332167387
  landing: 1.4942532889544964
  view-data: 3.4541330225765705
