times:
  edit-metadata: 0.8703190579544753
  landing: 0.05847532697953284
  view-data: 0.2194759079720825
