times:
  edit-metadata: 2.0057151978835464
  landing: 0.14672763645648956
  view-data: 0.13552366942167282
