times:
  edit-metadata: 1.566014500334859
  landing: 0.9953607236966491
  view-data: 3.363801009953022
