times:
  edit-metadata: 2.2168490663170815
  landing: 0.02073989063501358
  view-data: 0.32246733643114567
