times:
  edit-metadata: 1.7400711439549923
  landing: 0.5455700103193521
  view-data: 0.2110895924270153
