times:
  edit-metadata: 1.0217902079966734
  landing: 0.08718168600171339
  view-data: 0.24138323000079254
