times:
  edit-metadata: 1.6847389377653599
  landing: 0.05125747621059418
  view-data: 0.22761061787605286
