times:
  edit-metadata: 0.8299836455844343
  landing: 0.04755780566483736
  view-data: 0.20746785821393132
