times:
  edit-metadata: 0.9112088598776609
  landing: 0.05789499799720943
  view-data: 0.21264101285487413
