times:
  edit-metadata: 1.786860652267933
  landing: 0.6922563910484314
  view-data: 0.20564932003617287
