times:
  edit-metadata: 2.05510943941772
  landing: 0.24229460768401623
  view-data: 0.3141936082392931
