times:
  edit-metadata: 1.6847061142325401
  landing: 1.0081292986869812
  view-data: 3.3348988853394985
