times:
  edit-metadata: 1.6620471887290478
  landing: 1.0842458568513393
  view-data: 3.4173079431056976
