times:
  edit-metadata: 3.7538711093366146
  landing: 2.3912412710487843
  view-data: 3.4043126925826073
