times:
  edit-metadata: 0.8957166220061481
  landing: 0.04746914899442345
  view-data: 0.20921410305891186
