times:
  landing: 0.5530404920000365
  view-data: 0.5522447879999959
