times:
  landing: 2.1047539760000404
  view-data: 0.5592815549999841
