times:
  edit-metadata: 1.8214075323194265
  landing: 0.19606627523899078
  view-data: 0.47665666323155165
