times:
  edit-metadata: 1.840430125594139
  landing: 0.1297886772081256
  view-data: 0.45416158344596624
