times:
  edit-metadata: 1.5080942437052727
  landing: 0.8261536015197635
  view-data: 3.402248273603618
