times:
  edit-metadata: 1.5681946985423565
  landing: 0.8650201633572578
  view-data: 3.4396347366273403
