times:
  edit-metadata: 1.4073263555765152
  landing: 0.7907814458012581
  view-data: 3.289126116782427
