times:
  edit-metadata: 0.8894844988826662
  landing: 0.050998884020373225
  view-data: 0.24224123801104724
