times:
  edit-metadata: 1.826236193999648
  landing: 0.14528879337012768
  view-data: 0.30766304582357407
