times:
  edit-metadata: 1.868470562621951
  landing: 0.021448729559779167
  view-data: 0.028818432241678238
