times:
  edit-metadata: 0.8025671248324215
  landing: 0.048874507658183575
  view-data: 0.22147904196754098
