times:
  edit-metadata: 1.3934471104294062
  landing: 0.8488498376682401
  view-data: 0.5979192350059748
