times:
  edit-metadata: 0.9313430837355554
  landing: 0.05902239726856351
  view-data: 0.22058569267392159
