times:
  edit-metadata: 1.864039285108447
  landing: 0.18651949055492878
  view-data: 0.02261524647474289
