times:
  edit-metadata: 1.833677844144404
  landing: 0.24691841658204794
  view-data: 0.025434895418584347
