times:
  landing: 0.63631303599999
  view-data: 0.5587324080000258
