times:
  edit-metadata: 1.5637794472277164
  landing: 0.10917336586862803
  view-data: 0.26610800391063094
