times:
  edit-metadata: 1.445529380813241
  landing: 0.8289219699800014
  view-data: 3.381157941184938
