times:
  edit-metadata: 1.8057145588099957
  landing: 1.0982538275420666
  view-data: 0.617124242708087
