times:
  edit-metadata: 2.1138862427324057
  landing: 0.18858790211379528
  view-data: 0.25889804400503635
