times:
  edit-metadata: 1.5018828324973583
  landing: 0.9520815163850784
  view-data: 3.341954667121172
