times:
  edit-metadata: 1.00367358897347
  landing: 0.06058459298219532
  view-data: 0.22820024495013058
