times:
  edit-metadata: 1.88451305963099
  landing: 0.5860329978168011
  view-data: 0.21836663223803043
