times:
  edit-metadata: 1.4417577534914017
  landing: 1.759750533849001
  view-data: 3.3486015498638153
