times:
  edit-metadata: 1.5056010261178017
  landing: 0.7926711738109589
  view-data: 3.3871914595365524
