times:
  edit-metadata: 1.1968462569639087
  landing: 0.13705696584656835
  view-data: 0.37065929314121604
