times:
  edit-metadata: 1.7655859030783176
  landing: 0.9429756235331297
  view-data: 1.3926540315151215
