times:
  edit-metadata: 3.9676705729216337
  landing: 0.30974856577813625
  view-data: 0.3808860220015049
