times:
  edit-metadata: 1.519488625228405
  landing: 0.7655783146619797
  view-data: 3.4233864545822144
