times:
  edit-metadata: 2.050081070512533
  landing: 0.2704678438603878
  view-data: 0.37741645611822605
