times:
  edit-metadata: 0.8420514720492065
  landing: 0.054348792880773544
  view-data: 0.21696149092167616
