times:
  edit-metadata: 1.8738282807171345
  landing: 0.1341703813523054
  view-data: 0.024840903468430042
