times:
  edit-metadata: 1.9935040641576052
  landing: 0.24622238986194134
  view-data: 0.3699427470564842
