times:
  edit-metadata: 1.3643823862075806
  landing: 0.8088910207152367
  view-data: 3.394226048141718
