times:
  edit-metadata: 1.4699799623340368
  landing: 0.6201708037406206
  view-data: 0.21346807666122913
