times:
  edit-metadata: 1.0583998542279005
  landing: 0.05077134817838669
  view-data: 0.23733808007091284
