times:
  edit-metadata: 1.4527540663257241
  landing: 0.8121647723019123
  view-data: 3.366359475068748
