times:
  edit-metadata: 2.276454759761691
  landing: 0.3446744307875633
  view-data: 0.47757465206086636
