times:
  landing: 0.5449431009999444
  view-data: 0.5492476590000024
