times:
  edit-metadata: 0.999526534229517
  landing: 0.05106285912916064
  view-data: 0.21476124227046967
