times:
  edit-metadata: 1.391828179359436
  landing: 1.1959652081131935
  view-data: 0.32494999654591084
