times:
  edit-metadata: 0.8995310179889202
  landing: 0.054238404147326946
  view-data: 0.23087263712659478
