times:
  edit-metadata: 0.8288168460130692
  landing: 0.05470061581581831
  view-data: 0.21507512405514717
