times:
  edit-metadata: 0.8119933180278167
  landing: 0.052699372987262905
  view-data: 0.21253895299741998
