times:
  edit-metadata: 0.9145621219649911
  landing: 0.0504176951944828
  view-data: 0.2265314618125558
