times:
  landing: 1.0676768529999663
  view-data: 0.5691856250000455
