times:
  edit-metadata: 1.6117543317377567
  landing: 0.055191829800605774
  view-data: 0.22280602902173996
