times:
  edit-metadata: 1.659548532217741
  landing: 0.05221032351255417
  view-data: 0.22252564504742622
