times:
  landing: 0.5441679730000146
  view-data: 0.5501484149999669
