times:
  edit-metadata: 1.8587375795468688
  landing: 0.02120909933000803
  view-data: 0.13309849053621292
