times:
  landing: 0.5569412930000226
  view-data: 0.5569084920000478
