times:
  edit-metadata: 1.980704940855503
  landing: 0.1200064904987812
  view-data: 0.34793839789927006
