times:
  landing: 0.5481459580000205
  view-data: 0.559440512000009
