times:
  edit-metadata: 1.8420946840196848
  landing: 0.8482344895601273
  view-data: 0.4540213104337454
