times:
  landing: 1.062867366999967
  view-data: 0.5546305679999932
