times:
  edit-metadata: 1.7231027390807867
  landing: 0.6827399618923664
  view-data: 0.21009137481451035
