times:
  edit-metadata: 1.8644253993406892
  landing: 0.02200339175760746
  view-data: 0.4821532564237714
