times:
  edit-metadata: 1.9130339361727238
  landing: 0.1264009941369295
  view-data: 0.025831419974565506
