times:
  edit-metadata: 1.0413267719559371
  landing: 0.09453993989154696
  view-data: 0.24582176096737385
