times:
  landing: 0.5508852309999952
  view-data: 0.5589953410000135
