times:
  edit-metadata: 1.820922700688243
  landing: 0.05872562527656555
  view-data: 0.2123202309012413
