times:
  edit-metadata: 0.828394397161901
  landing: 0.05442276317626238
  view-data: 0.21072667697444558
