times:
  edit-metadata: 1.8745479471981525
  landing: 0.020112676545977592
  view-data: 0.02489512972533703
