times:
  landing: 0.5471641600000225
  view-data: 0.5559180030000448
