times:
  landing: 0.5591510869999752
  view-data: 0.5603942269999607
