times:
  edit-metadata: 1.9734613678883761
  landing: 0.9250520758796483
  view-data: 3.4582228080835193
