times:
  edit-metadata: 1.8590128887444735
  landing: 0.19082525745034218
  view-data: 0.1208386654034257
