times:
  edit-metadata: 0.9536878939252347
  landing: 0.05002358590718359
  view-data: 0.20106928003951907
