times:
  edit-metadata: 1.6832965950015932
  landing: 0.04837721799776773
  view-data: 0.21492429399950197
