times:
  landing: 1.089875171000017
  view-data: 0.5564862640000001
