times:
  edit-metadata: 0.8578907460905612
  landing: 0.05607924098148942
  view-data: 0.20574007974937558
