times:
  edit-metadata: 1.4633860178291798
  landing: 0.8228039629757404
  view-data: 3.3254979364573956
