times:
  edit-metadata: 0.8787541380152106
  landing: 0.04967442399356514
  view-data: 0.21056483197025955
