times:
  edit-metadata: 0.899238697020337
  landing: 0.04966657003387809
  view-data: 0.2113043200224638
