times:
  edit-metadata: 1.5710189980454743
  landing: 0.1456000697799027
  view-data: 0.3032419281080365
