times:
  edit-metadata: 1.3880773120326921
  landing: 0.7786520119989291
  view-data: 3.3235271529993042
