times:
  edit-metadata: 1.5291866343468428
  landing: 0.7732651606202126
  view-data: 3.4436843935400248
