times:
  edit-metadata: 1.644705556333065
  landing: 0.7846618611365557
  view-data: 3.429134327918291
