times:
  edit-metadata: 0.8946769228205085
  landing: 0.0542254438623786
  view-data: 0.22185818012803793
