times:
  edit-metadata: 1.7696220017969608
  landing: 0.207670240662992
  view-data: 0.12707506958395243
