times:
  edit-metadata: 1.8639892470091581
  landing: 0.02030178438872099
  view-data: 0.11752817686647177
