times:
  landing: 0.5881205959999534
  view-data: 0.5585476109999945
