times:
  edit-metadata: 0.8415299400221556
  landing: 0.06858010496944189
  view-data: 0.23369126999750733
