times:
  edit-metadata: 1.2380499630235136
  landing: 0.07262066286057234
  view-data: 0.24258957663550973
