times:
  edit-metadata: 2.3006584784016013
  landing: 1.1594922509975731
  view-data: 3.490612229797989
