times:
  landing: 0.560623593999992
  view-data: 0.5699073609999914
