times:
  landing: 1.0646279640000103
  view-data: 0.5500731850002012
