times:
  edit-metadata: 1.865418897010386
  landing: 0.160268715582788
  view-data: 0.13278972264379263
