times:
  landing: 0.5568233540000165
  view-data: 0.5578721480000013
