times:
  edit-metadata: 1.8513780171051621
  landing: 0.1356067517772317
  view-data: 0.02396402694284916
