times:
  landing: 0.5416959590000374
  view-data: 0.5511509869999713
