times:
  edit-metadata: 1.894256565719843
  landing: 0.01980309747159481
  view-data: 0.32213269360363483
