times:
  landing: 1.065449430000001
  view-data: 0.5559773769999765
