times:
  edit-metadata: 0.8110453891567886
  landing: 0.058001748751848936
  view-data: 0.21199093014001846
