times:
  edit-metadata: 1.950485112145543
  landing: 0.11203989572823048
  view-data: 0.025528650730848312
