times:
  landing: 0.5508427119999624
  view-data: 0.5565682690000244
