times:
  edit-metadata: 1.545913204550743
  landing: 0.740408681333065
  view-data: 3.4205139465630054
