times:
  edit-metadata: 1.3732920240145177
  landing: 0.12042316910810769
  view-data: 0.4284143049735576
