times:
  edit-metadata: 1.4265719559043646
  landing: 0.7989140599966049
  view-data: 3.3641880359500647
