times:
  edit-metadata: 0.9715498541481793
  landing: 0.048575825057923794
  view-data: 0.20521728810854256
