times:
  edit-metadata: 1.9066341910511255
  landing: 1.0997309256345034
  view-data: 0.6071047801524401
