times:
  edit-metadata: 1.8580562826246023
  landing: 0.19316504895687103
  view-data: 0.025617686100304127
