times:
  edit-metadata: 1.8171666217967868
  landing: 0.21412225253880024
  view-data: 0.1289365952834487
