times:
  edit-metadata: 1.8072768077254295
  landing: 0.06354232877492905
  view-data: 0.23190558329224586
