times:
  edit-metadata: 1.4542537778615952
  landing: 0.9089208096265793
  view-data: 3.342793796211481
