times:
  edit-metadata: 1.8962738877162337
  landing: 0.02101698238402605
  view-data: 0.02485936600714922
