times:
  landing: 2.263054619077593
  view-data: 0.0337339760735631
