times:
  edit-metadata: 1.5334845148026943
  landing: 0.8014466911554337
  view-data: 3.3889001570641994
