times:
  edit-metadata: 2.8369539845734835
  landing: 0.02314821444451809
  view-data: 0.20972508750855923
