times:
  edit-metadata: 0.8784983339719474
  landing: 0.05070063902530819
  view-data: 0.21101237495895475
