times:
  edit-metadata: 2.3137837881222367
  landing: 0.22556835506111383
  view-data: 0.2945557842031121
