times:
  landing: 0.5500818129999914
  view-data: 0.5555083779999848
