times:
  edit-metadata: 0.8582871099933982
  landing: 0.068682876881212
  view-data: 0.24348371592350304
