times:
  landing: 0.5431469359999994
  view-data: 0.5476805979999995
