times:
  edit-metadata: 0.9182080591563135
  landing: 0.050647125812247396
  view-data: 0.2234538400080055
