times:
  edit-metadata: 1.7590935248881578
  landing: 0.5907207243144512
  view-data: 0.621925100684166
