times:
  edit-metadata: 1.5440560169517994
  landing: 0.9925623498857021
  view-data: 3.3275483436882496
