times:
  edit-metadata: 1.0116802460106555
  landing: 0.046233394008595496
  view-data: 0.42679082200629637
