times:
  edit-metadata: 1.5109013114124537
  landing: 0.7583993822336197
  view-data: 3.4025164041668177
