times:
  edit-metadata: 1.6445883475244045
  landing: 0.04740115627646446
  view-data: 0.22237686812877655
