times:
  edit-metadata: 1.7313031740486622
  landing: 0.8340974636375904
  view-data: 0.24233525432646275
