times:
  edit-metadata: 2.0039509665220976
  landing: 0.27439433708786964
  view-data: 0.024609120562672615
