times:
  landing: 1.598537465999982
  view-data: 0.5617403009999862
