times:
  edit-metadata: 1.433382561430335
  landing: 0.7587832529097795
  view-data: 0.21062654815614223
