times:
  edit-metadata: 1.445414467714727
  landing: 0.8118721125647426
  view-data: 0.5077100777998567
