times:
  edit-metadata: 1.5491718091070652
  landing: 0.9553410280495882
  view-data: 3.3867111429572105
