times:
  edit-metadata: 1.810726810246706
  landing: 0.20660041831433773
  view-data: 0.29754312708973885
