times:
  edit-metadata: 1.8434807155281305
  landing: 0.1287036845460534
  view-data: 0.48043596651405096
