times:
  edit-metadata: 1.0854533800156787
  landing: 0.08717285696184263
  view-data: 0.402268418984022
