times:
  edit-metadata: 1.5907010175287724
  landing: 0.955751109868288
  view-data: 3.4265194348990917
