times:
  edit-metadata: 1.428906548768282
  landing: 0.9687798097729683
  view-data: 3.3318747207522392
