times:
  edit-metadata: 2.261148739606142
  landing: 0.4089989047497511
  view-data: 0.3822941444814205
