times:
  edit-metadata: 1.5553708979859948
  landing: 0.9973445944488049
  view-data: 3.490390032529831
