times:
  landing: 0.5437018750000107
  view-data: 0.5436361739999711
