times:
  edit-metadata: 0.8281966780195944
  landing: 0.04769184498582035
  view-data: 0.21099711599526927
