times:
  edit-metadata: 0.9455064189969562
  landing: 0.07241001700458582
  view-data: 0.23140240299107973
