times:
  edit-metadata: 0.8121069000044372
  landing: 0.05462213102146052
  view-data: 0.2131277599837631
