times:
  edit-metadata: 0.8394148470833898
  landing: 0.04942014208063483
  view-data: 0.20927652530372143
