times:
  edit-metadata: 0.8573664897121489
  landing: 0.04657443193718791
  view-data: 0.21271311584860086
