times:
  edit-metadata: 1.8225274831056595
  landing: 0.11971556209027767
  view-data: 0.23651856556534767
