times:
  landing: 1.072444523999934
  view-data: 0.5527809029999844
