times:
  edit-metadata: 1.956187279894948
  landing: 0.08518359996378422
  view-data: 0.2156264614313841
