times:
  landing: 1.0730281389999732
  view-data: 0.5678640969999833
