times:
  edit-metadata: 1.9415851011872292
  landing: 0.2404510509222746
  view-data: 0.25754239317029715
