times:
  edit-metadata: 2.128820227459073
  landing: 0.23171095177531242
  view-data: 0.5567631870508194
