times:
  edit-metadata: 1.552808042615652
  landing: 0.9724388122558594
  view-data: 3.3678959868848324
