times:
  edit-metadata: 1.6648995466530323
  landing: 1.0298067890107632
  view-data: 3.460962153971195
