times:
  edit-metadata: 1.8210659101605415
  landing: 0.2406748402863741
  view-data: 0.31589490734040737
