times:
  edit-metadata: 1.7980682719498873
  landing: 0.6092647239565849
  view-data: 0.3452146425843239
