times:
  edit-metadata: 1.693293783813715
  landing: 0.05252992734313011
  view-data: 0.21406087279319763
