times:
  landing: 0.551360394000028
  view-data: 0.5532114629999683
