times:
  edit-metadata: 2.168366505764425
  landing: 0.020066699013113976
  view-data: 0.03243593778461218
