times:
  edit-metadata: 1.9242005702108145
  landing: 0.023832052946090698
  view-data: 0.1359000913798809
