times:
  landing: 1.5888045460000058
  view-data: 0.559780791000037
