times:
  edit-metadata: 1.846014067530632
  landing: 0.060743264853954315
  view-data: 0.2612176164984703
