times:
  edit-metadata: 0.8807344012893736
  landing: 0.045949443243443966
  view-data: 0.23210436291992664
