times:
  edit-metadata: 1.4637613091617823
  landing: 0.7930542957037687
  view-data: 3.41167751327157
