times:
  landing: 1.0706349360000331
  view-data: 0.5639145769999914
