times:
  edit-metadata: 0.8138533611781895
  landing: 0.04875189019367099
  view-data: 0.21615177718922496
