times:
  edit-metadata: 2.644055667333305
  landing: 0.18334354553371668
  view-data: 0.42999184131622314
