times:
  edit-metadata: 2.302283415570855
  landing: 0.023354046046733856
  view-data: 0.42158973403275013
