times:
  landing: 1.067674886000077
  view-data: 0.5529681630000596
