times:
  edit-metadata: 1.8666107840836048
  landing: 0.6391668692231178
  view-data: 0.33365350402891636
