times:
  edit-metadata: 0.8542421419988386
  landing: 0.05030390599858947
  view-data: 0.23172849201364443
