times:
  edit-metadata: 1.848346578888595
  landing: 0.11823788471519947
  view-data: 0.024998034350574017
