times:
  edit-metadata: 0.858833433012478
  landing: 0.06619599601253867
  view-data: 0.3587844439316541
