times:
  edit-metadata: 1.5611879136413336
  landing: 0.8188824225217104
  view-data: 3.41325381398201
