times:
  landing: 0.554227405000006
  view-data: 0.5517546040000525
