times:
  edit-metadata: 0.9263920811936259
  landing: 0.05402705492451787
  view-data: 0.22287925938144326
