times:
  edit-metadata: 1.595020242035389
  landing: 0.058393653482198715
  view-data: 0.2228046990931034
