times:
  edit-metadata: 3.6272034645080566
  landing: 2.467933300882578
  view-data: 1.5890567293390632
