times:
  landing: 0.5459689030000163
  view-data: 0.5510513990000163
