times:
  edit-metadata: 1.4013098627328873
  landing: 0.8471564166247845
  view-data: 3.3079626969993114
