times:
  edit-metadata: 1.5410091914236546
  landing: 0.9419705159962177
  view-data: 3.3687615394592285
