times:
  edit-metadata: 1.6633904501795769
  landing: 0.05041894316673279
  view-data: 0.2242177538573742
