times:
  edit-metadata: 1.5296514984220266
  landing: 0.7513173092156649
  view-data: 3.3904934134334326
