times:
  edit-metadata: 0.9315053876489401
  landing: 0.059237838722765446
  view-data: 0.20947992336004972
