times:
  edit-metadata: 0.8635421649960335
  landing: 0.062303721002535895
  view-data: 0.23417615998187102
