times:
  edit-metadata: 1.8209480792284012
  landing: 0.5059836152940989
  view-data: 0.3176375236362219
