times:
  edit-metadata: 1.9052264634519815
  landing: 0.23331627249717712
  view-data: 0.02556947898119688
