times:
  edit-metadata: 1.6497992910444736
  landing: 1.0189989488571882
  view-data: 3.332588767632842
