times:
  edit-metadata: 0.9180920119397342
  landing: 0.0605207784101367
  view-data: 0.22504817880690098
