times:
  edit-metadata: 2.6155474986881018
  landing: 0.32843016646802425
  view-data: 0.5428954921662807
