times:
  edit-metadata: 1.830799536779523
  landing: 0.5616534352302551
  view-data: 0.2166612707078457
