times:
  landing: 0.549237412000025
  view-data: 0.0389688269999624
