times:
  landing: 0.5569781279999688
  view-data: 0.5602198469999848
