times:
  edit-metadata: 0.8490033689886332
  landing: 0.060053094290196896
  view-data: 0.2103511681780219
