times:
  edit-metadata: 0.8747503871563822
  landing: 0.05983466492034495
  view-data: 0.2030950600747019
