times:
  edit-metadata: 0.8305560320150107
  landing: 0.06084751198068261
  view-data: 0.2306572119705379
