times:
  edit-metadata: 1.7225271873176098
  landing: 0.059372879564762115
  view-data: 0.2218601293861866
