times:
  landing: 1.0705577090000133
  view-data: 0.5616144620000227
