times:
  edit-metadata: 1.85622950643301
  landing: 1.049619173631072
  view-data: 3.2706048591062427
