times:
  edit-metadata: 1.6576422527432442
  landing: 0.049841199070215225
  view-data: 0.2321028672158718
