times:
  edit-metadata: 1.6710040122270584
  landing: 1.1446734629571438
  view-data: 3.418894123286009
