times:
  edit-metadata: 0.8671129890717566
  landing: 0.050454216077923775
  view-data: 0.20884968899190426
