times:
  edit-metadata: 1.836960719898343
  landing: 0.021142875775694847
  view-data: 0.09558957256376743
