times:
  edit-metadata: 1.549790594726801
  landing: 0.7889461070299149
  view-data: 6.109450999647379
