times:
  edit-metadata: 0.8832600913010538
  landing: 0.04743304010480642
  view-data: 0.2084124949760735
