times:
  edit-metadata: 1.048637610860169
  landing: 0.047704672906547785
  view-data: 0.26167859602719545
