times:
  edit-metadata: 0.9301377423107624
  landing: 0.04760230425745249
  view-data: 0.22491861088201404
