times:
  edit-metadata: 1.5054140724241734
  landing: 0.7479811068624258
  view-data: 3.372738854959607
