times:
  landing: 1.5877259790000267
  view-data: 0.5513586730000384
