times:
  landing: 1.1575945799999658
  view-data: 0.5595151239999723
