times:
  edit-metadata: 1.703196318820119
  landing: 0.7819454688578844
  view-data: 3.421127357520163
