times:
  edit-metadata: 1.6126274652779102
  landing: 0.9338752925395966
  view-data: 3.3730499744415283
