times:
  edit-metadata: 1.550787623999895
  landing: 0.132048425999983
  view-data: 0.3669086069999139
