times:
  landing: 1.5817590400000086
  view-data: 1.0690420519999861
