times:
  edit-metadata: 1.8678156808018684
  landing: 0.13270477671176195
  view-data: 0.4736207341775298
