times:
  edit-metadata: 1.4283586777746677
  landing: 7.201350141316652
  view-data: 3.3357940167188644
