times:
  edit-metadata: 1.5602118894457817
  landing: 0.7709658853709698
  view-data: 3.3798417318612337
