times:
  edit-metadata: 1.6570840091444552
  landing: 1.0903921658173203
  view-data: 3.4602691689506173
