times:
  edit-metadata: 0.8823719471693039
  landing: 0.04875554423779249
  view-data: 0.21849167998880148
