times:
  edit-metadata: 1.473513375967741
  landing: 0.8450112706050277
  view-data: 3.3909944240003824
