times:
  edit-metadata: 1.5185353867709637
  landing: 1.1275874562561512
  view-data: 3.379365123808384
