times:
  edit-metadata: 1.847083942964673
  landing: 0.1320109786465764
  view-data: 0.21924910508096218
