times:
  edit-metadata: 1.4800121020525694
  landing: 1.0293911520857364
  view-data: 3.3611143771559
