times:
  landing: 0.5605040860000372
  view-data: 0.5574304709999751
