times:
  edit-metadata: 1.8674847995862365
  landing: 0.019711261615157127
  view-data: 0.12660560104995966
