times:
  edit-metadata: 0.9500651857815683
  landing: 0.07161310594528913
  view-data: 0.23923787008970976
