times:
  edit-metadata: 1.9020112473517656
  landing: 0.020188869908452034
  view-data: 0.028479427099227905
