times:
  edit-metadata: 0.898856770247221
  landing: 1.1852917205542326
  view-data: 0.1955848578363657
