times:
  edit-metadata: 1.5136528983712196
  landing: 0.8155035153031349
  view-data: 3.4566862136125565
