times:
  edit-metadata: 1.8550508450716734
  landing: 0.0220789797604084
  view-data: 0.2964565921574831
