times:
  edit-metadata: 2.3442365992814302
  landing: 0.2610177621245384
  view-data: 0.3501559440046549
