times:
  edit-metadata: 1.7692245729267597
  landing: 0.020605523139238358
  view-data: 0.4285151194781065
