times:
  landing: 0.5526222889999985
  view-data: 0.5554082680000079
