times:
  edit-metadata: 0.959277783986181
  landing: 0.07264858763664961
  view-data: 0.2444199351593852
