times:
  edit-metadata: 1.6475320346653461
  landing: 0.05650285258889198
  view-data: 0.22213352471590042
