times:
  landing: 0.6224282179999818
  view-data: 0.574879033000002
