times:
  edit-metadata: 0.8494700849987566
  landing: 0.04792828019708395
  view-data: 0.2073351200670004
