times:
  edit-metadata: 0.8659449182450771
  landing: 0.06310123298317194
  view-data: 0.2053675027564168
