times:
  edit-metadata: 1.5437984727323055
  landing: 0.825072530657053
  view-data: 3.4130869694054127
