times:
  edit-metadata: 1.3048054309329018
  landing: 0.9623272590106353
  view-data: 3.31031307997182
