times:
  edit-metadata: 1.4720423556864262
  landing: 0.9285363741219044
  view-data: 3.4147377349436283
