times:
  edit-metadata: 1.1885500173084438
  landing: 0.11924249725416303
  view-data: 0.2527953777462244
