times:
  edit-metadata: 0.8620922230184078
  landing: 0.06884490186348557
  view-data: 0.23262164229527116
