times:
  edit-metadata: 1.4972368255257607
  landing: 1.028054066002369
  view-data: 3.427993096411228
