times:
  edit-metadata: 1.5228743450716138
  landing: 0.8235731851309538
  view-data: 3.4457614654675126
