times:
  landing: 0.5550746799999615
  view-data: 0.5547050610000497
