times:
  landing: 1.073780312999986
  view-data: 0.5616935119999766
