times:
  edit-metadata: 1.5138695910573006
  landing: 0.8916156850755215
  view-data: 3.3740845937281847
