times:
  edit-metadata: 0.8470224299817346
  landing: 0.08108032395830378
  view-data: 0.23603604000527412
