times:
  edit-metadata: 1.4701229706406593
  landing: 0.8250127024948597
  view-data: 3.305177230387926
