times:
  edit-metadata: 1.865320648998022
  landing: 0.019777866080403328
  view-data: 0.03537047374993563
