times:
  edit-metadata: 1.8202843889594078
  landing: 1.0818365793675184
  view-data: 3.426508268341422
