times:
  edit-metadata: 1.5639711525291204
  landing: 0.5193048492074013
  view-data: 0.21829919144511223
