times:
  edit-metadata: 1.6428863853216171
  landing: 0.047476425766944885
  view-data: 0.2189091481268406
