times:
  edit-metadata: 0.8379728263244033
  landing: 0.05274226423352957
  view-data: 0.22291575092822313
