times:
  edit-metadata: 0.8941411209962098
  landing: 0.05387515800248366
  view-data: 0.21796833400730975
