times:
  edit-metadata: 1.485493641346693
  landing: 0.8015413247048855
  view-data: 3.2492953054606915
