times:
  edit-metadata: 1.8115153070539236
  landing: 0.020127395167946815
  view-data: 0.025925968773663044
