times:
  edit-metadata: 1.5139900501817465
  landing: 0.8209972511976957
  view-data: 3.4337272606790066
