times:
  edit-metadata: 1.5608793310821056
  landing: 0.5719093549996614
  view-data: 0.6406377553939819
