times:
  edit-metadata: 1.7553889118134975
  landing: 0.783612972125411
  view-data: 0.33918594755232334
