times:
  edit-metadata: 0.8964780978858471
  landing: 0.060460371896624565
  view-data: 0.22834262810647488
