times:
  edit-metadata: 1.547100169584155
  landing: 0.8992332434281707
  view-data: 3.447193570435047
