times:
  edit-metadata: 0.9887638427317142
  landing: 0.6984317768365145
  view-data: 0.25629786401987076
