times:
  edit-metadata: 0.8571149907074869
  landing: 0.04989354405552149
  view-data: 0.22280001593753695
