times:
  landing: 1.0789149279999606
  view-data: 0.555756797000015
