times:
  edit-metadata: 1.58412991091609
  landing: 0.8031898513436317
  view-data: 3.3927480317652225
