times:
  edit-metadata: 1.353149657137692
  landing: 0.8869499089196324
  view-data: 3.4058519219979644
