times:
  edit-metadata: 1.9735976085066795
  landing: 0.02143825776875019
  view-data: 0.11137601174414158
