times:
  edit-metadata: 1.6253259852528572
  landing: 0.8034850060939789
  view-data: 3.4306324142962694
