times:
  edit-metadata: 1.539164524525404
  landing: 1.0956522077322006
  view-data: 3.3156880140304565
