times:
  edit-metadata: 0.9634026298299432
  landing: 0.06449259724467993
  view-data: 0.23521383199840784
