times:
  edit-metadata: 0.8258959339000285
  landing: 0.051146649988368154
  view-data: 0.21256056614220142
