times:
  edit-metadata: 2.0028035417199135
  landing: 1.1416946053504944
  view-data: 3.423824343830347
