times:
  landing: 0.556752346000053
  view-data: 0.5623875169999337
