times:
  edit-metadata: 1.5622368156909943
  landing: 0.8059033360332251
  view-data: 3.4162181317806244
