times:
  edit-metadata: 1.737050037831068
  landing: 0.05827369540929794
  view-data: 0.22728003561496735
