times:
  edit-metadata: 1.5354495905339718
  landing: 0.8343356363475323
  view-data: 3.3957403488457203
