times:
  edit-metadata: 2.265137506648898
  landing: 1.1925076805055141
  view-data: 3.4137708600610495
