times:
  edit-metadata: 1.5420300737023354
  landing: 0.8521434180438519
  view-data: 3.395664371550083
