times:
  edit-metadata: 1.8386088889092207
  landing: 0.9491970017552376
  view-data: 0.35484558530151844
