times:
  edit-metadata: 1.875537651591003
  landing: 0.20582967065274715
  view-data: 0.09433161281049252
