times:
  edit-metadata: 1.4894767012447119
  landing: 1.0092006772756577
  view-data: 0.19913096353411674
