times:
  edit-metadata: 1.8147249752655625
  landing: 0.01922011561691761
  view-data: 0.11784431245177984
