times:
  landing: 0.5496718609999789
  view-data: 0.5613554569999906
