times:
  edit-metadata: 1.8579637398943305
  landing: 0.13196774944663048
  view-data: 0.11967714503407478
