times:
  landing: 0.5546423999999206
  view-data: 0.555483554000034
