times:
  edit-metadata: 1.9004512932151556
  landing: 0.019162753596901894
  view-data: 0.14307333156466484
