times:
  edit-metadata: 1.8904488342814147
  landing: 1.2246373798698187
  view-data: 3.311051038093865
