times:
  edit-metadata: 1.6413437612354755
  landing: 0.05745813623070717
  view-data: 0.22511352226138115
