times:
  edit-metadata: 0.8320645990315825
  landing: 0.04774780594743788
  view-data: 0.19534025411121547
