times:
  edit-metadata: 0.8477686149999499
  landing: 0.06830041389912367
  view-data: 0.2353508430533111
