times:
  edit-metadata: 0.9401857589837164
  landing: 0.05446002702228725
  view-data: 0.21014698990620673
