times:
  edit-metadata: 2.1917374562472105
  landing: 1.2125032506883144
  view-data: 3.473586991429329
