times:
  edit-metadata: 1.814165648072958
  landing: 1.2164291664958
  view-data: 3.390851829200983
