times:
  landing: 1.1225697169999762
  view-data: 0.5513413150000019
