times:
  edit-metadata: 1.7782202754169703
  landing: 0.6053770929574966
  view-data: 0.23516916669905186
