times:
  landing: 0.5434542469999997
  view-data: 0.553877357999994
