times:
  edit-metadata: 1.8922743704169989
  landing: 0.01917984988540411
  view-data: 0.024181144312024117
