times:
  edit-metadata: 0.9241344993934035
  landing: 0.06542789284139872
  view-data: 0.23383431835100055
