times:
  edit-metadata: 0.8794104848057032
  landing: 0.0522514539770782
  view-data: 0.20603760378435254
