times:
  edit-metadata: 0.8837523530237377
  landing: 0.059559164801612496
  view-data: 0.20013809110969305
