times:
  edit-metadata: 0.90571472607553
  landing: 0.047074778005480766
  view-data: 0.2361838419456035
