times:
  edit-metadata: 0.8314518490806222
  landing: 0.05657740402966738
  view-data: 0.8551957169547677
