times:
  landing: 1.0670348859999876
  view-data: 0.5591132680000328
