times:
  edit-metadata: 1.7020042035728693
  landing: 0.8380261100828648
  view-data: 0.47758309729397297
