times:
  edit-metadata: 0.9366359889972955
  landing: 0.07228356995619833
  view-data: 0.2428223619936034
