times:
  landing: 0.5516394960000071
  view-data: 0.5608341390000078
