times:
  edit-metadata: 1.4564328622072935
  landing: 0.9390089949592948
  view-data: 3.362923972774297
