times:
  edit-metadata: 0.7893491955474019
  landing: 0.045830109156668186
  view-data: 0.23657255433499813
