times:
  landing: 0.5507029820000184
  view-data: 0.5552338159999977
