times:
  edit-metadata: 1.723640313372016
  landing: 0.7191745527088642
  view-data: 0.5730313397943974
