times:
  edit-metadata: 1.5528009980916977
  landing: 1.0195307098329067
  view-data: 3.367769490927458
