times:
  edit-metadata: 1.6652287803590298
  landing: 0.05590323731303215
  view-data: 0.2255013845860958
