times:
  edit-metadata: 1.0282129789702594
  landing: 0.056289870059117675
  view-data: 0.20320072094909847
