times:
  edit-metadata: 1.8308951687067747
  landing: 0.019745987839996815
  view-data: 0.12615512683987617
