times:
  edit-metadata: 1.79677611310035
  landing: 0.024679012596607208
  view-data: 0.1015835739672184
