times:
  edit-metadata: 1.778581934981048
  landing: 0.1794841457158327
  view-data: 0.023490202613174915
