times:
  edit-metadata: 1.6494790110000395
  landing: 0.05172188999949867
  view-data: 0.21865347999937512
