times:
  edit-metadata: 1.5302334502339363
  landing: 0.9098851978778839
  view-data: 3.443032819777727
