times:
  landing: 0.5479160859999865
  view-data: 0.059046969999997145
