times:
  edit-metadata: 1.8255689227953553
  landing: 0.11592451948672533
  view-data: 0.025325510650873184
