times:
  edit-metadata: 0.8269237331114709
  landing: 0.05687718093395233
  view-data: 0.2060904768295586
