times:
  edit-metadata: 1.5439782217144966
  landing: 0.8050709031522274
  view-data: 3.4540595170110464
