times:
  edit-metadata: 1.771494410932064
  landing: 4.301638681907207
  view-data: 3.5187634602189064
