times:
  edit-metadata: 1.6907390989363194
  landing: 0.059245672076940536
  view-data: 0.2270907312631607
