times:
  edit-metadata: 1.094465740956366
  landing: 0.07321605365723372
  view-data: 0.23159648291766644
