times:
  edit-metadata: 1.4619086640886962
  landing: 0.08813352091237903
  view-data: 0.24444499611854553
