times:
  edit-metadata: 1.3386898059397936
  landing: 0.804622383788228
  view-data: 3.317650517448783
