times:
  edit-metadata: 1.6326925940811634
  landing: 0.056493502110242844
  view-data: 0.22794777154922485
