times:
  edit-metadata: 1.6813431419432163
  landing: 0.9087653309106827
  view-data: 3.3740279860794544
