times:
  landing: 0.5562086009999803
  view-data: 0.5609418269999651
