times:
  edit-metadata: 0.8759292950853705
  landing: 0.054429030045866966
  view-data: 0.21487235091626644
