times:
  edit-metadata: 0.9211228638887405
  landing: 0.05852011125534773
  view-data: 0.22343257907778025
