times:
  landing: 0.5581284559999631
  view-data: 0.5568728549999946
