times:
  edit-metadata: 1.4345695490483195
  landing: 0.844061475014314
  view-data: 3.4177367580123246
