times:
  edit-metadata: 1.6879266574978828
  landing: 0.05879560112953186
  view-data: 0.22342221811413765
