times:
  edit-metadata: 0.8624863389413804
  landing: 0.06537845218554139
  view-data: 0.24423078587278724
