times:
  edit-metadata: 1.5379667114466429
  landing: 0.8358416110277176
  view-data: 3.3239091522991657
