times:
  edit-metadata: 2.1147070173174143
  landing: 0.3018482867628336
  view-data: 0.48038955591619015
