times:
  landing: 1.0735982650001006
  view-data: 0.5521144809999896
