times:
  edit-metadata: 0.8443255634047091
  landing: 0.04880711389705539
  view-data: 0.21933944523334503
