times:
  edit-metadata: 0.8696905600081664
  landing: 0.049242216016864404
  view-data: 0.21164597501046956
