times:
  edit-metadata: 1.58456714078784
  landing: 0.4749250300228596
  view-data: 0.2145988866686821
