times:
  edit-metadata: 0.848919483134523
  landing: 0.07403797702863812
  view-data: 0.22965318313799798
