times:
  edit-metadata: 0.8693422769429162
  landing: 0.06835465296171606
  view-data: 0.23243700596503913
