times:
  landing: 1.0901329079999869
  view-data: 0.5621723210000482
