times:
  landing: 0.5504370849999987
  view-data: 0.5720204300000091
