times:
  landing: 0.5497777250000127
  view-data: 0.5669025999999917
