times:
  landing: 0.5692892529999938
  view-data: 0.5567432879999785
