times:
  edit-metadata: 0.813636417966336
  landing: 0.055677601136267185
  view-data: 0.2070609969086945
