times:
  edit-metadata: 1.4219629671424627
  landing: 0.9554841206409037
  view-data: 3.5000583501532674
