times:
  edit-metadata: 0.843158034957014
  landing: 0.0715921459486708
  view-data: 0.2309837529901415
