times:
  edit-metadata: 0.8440639799227938
  landing: 0.06132951506879181
  view-data: 0.2359788839239627
