times:
  landing: 0.5523847100000125
  view-data: 0.5599668399999587
