times:
  landing: 0.5582395200000292
  view-data: 0.5566757440000174
