times:
  edit-metadata: 1.5093281981535256
  landing: 0.8599016098305583
  view-data: 3.393500827020034
