times:
  edit-metadata: 0.8205553172156215
  landing: 0.056752373930066824
  view-data: 0.21684820298105478
