times:
  edit-metadata: 0.851500153017696
  landing: 0.046711525006685406
  view-data: 0.21214003901695833
