times:
  edit-metadata: 1.5625130757689476
  landing: 7.290352836251259
  view-data: 3.37018159404397
