times:
  edit-metadata: 1.8909637397155166
  landing: 1.0031528333202004
  view-data: 3.510412801988423
