times:
  edit-metadata: 0.8216748940758407
  landing: 0.0588570162653923
  view-data: 0.20813513593748212
