times:
  edit-metadata: 1.8741790680214763
  landing: 0.12035817932337523
  view-data: 0.3728308929130435
