times:
  edit-metadata: 0.9503550129011273
  landing: 0.04861431196331978
  view-data: 0.2293225321918726
