times:
  landing: 0.5572958169999538
  view-data: 0.5633676080000214
