times:
  edit-metadata: 1.8543451093137264
  landing: 0.1906109619885683
  view-data: 0.025080954656004906
