times:
  edit-metadata: 1.5439146123826504
  landing: 0.7327372431755066
  view-data: 3.407121915370226
