times:
  edit-metadata: 1.7503181658685207
  landing: 2.039986526593566
  view-data: 0.32164403796195984
