times:
  edit-metadata: 1.940338789485395
  landing: 0.021159110590815544
  view-data: 0.23422143515199423
