times:
  landing: 0.6029781089164317
  view-data: 0.5581689570099115
