times:
  edit-metadata: 1.436024833470583
  landing: 0.8121270909905434
  view-data: 3.3037520423531532
