times:
  landing: 0.5577270440000461
  view-data: 0.08143858300002194
