times:
  edit-metadata: 1.8937556277960539
  landing: 0.023563707247376442
  view-data: 0.3178663086146116
