times:
  edit-metadata: 0.905484024900943
  landing: 0.055178101640194654
  view-data: 0.20447089429944754
