times:
  landing: 0.6197000020000019
  view-data: 0.5558264919999942
