times:
  edit-metadata: 0.832534928995301
  landing: 0.06566055100120138
  view-data: 0.22752095099713188
