times:
  edit-metadata: 1.8729247711598873
  landing: 0.11724371090531349
  view-data: 0.13496283255517483
