times:
  edit-metadata: 2.1240435373038054
  landing: 0.4400519710034132
  view-data: 0.520410655066371
