times:
  edit-metadata: 1.8628238998353481
  landing: 5.435170790180564
  view-data: 1.398571329191327
