times:
  edit-metadata: 1.9343180730938911
  landing: 0.02307039685547352
  view-data: 0.12422814033925533
