times:
  edit-metadata: 1.7122632637619972
  landing: 0.0486685074865818
  view-data: 0.22043152898550034
