times:
  edit-metadata: 1.759941915050149
  landing: 1.0864619072526693
  view-data: 0.4284228291362524
