times:
  edit-metadata: 1.7496398836374283
  landing: 1.3010958768427372
  view-data: 0.3195557314902544
