times:
  edit-metadata: 1.8625906519591808
  landing: 0.48553130589425564
  view-data: 0.2386298757046461
