times:
  edit-metadata: 1.8492341134697199
  landing: 0.5207361206412315
  view-data: 0.2484280038625002
