times:
  edit-metadata: 1.8833885751664639
  landing: 0.02019599825143814
  view-data: 0.0241596270352602
