times:
  edit-metadata: 1.093791772145778
  landing: 0.04923144215717912
  view-data: 0.21626409934833646
