times:
  edit-metadata: 1.8777317609637976
  landing: 0.023691007867455482
  view-data: 0.337662972509861
