times:
  edit-metadata: 1.500681720674038
  landing: 0.9765344299376011
  view-data: 3.4591082595288754
