times:
  edit-metadata: 1.4373028762638569
  landing: 0.785709198564291
  view-data: 3.4394128061830997
