times:
  edit-metadata: 0.9043730209814385
  landing: 0.05051866199937649
  view-data: 0.21420878201024607
