times:
  edit-metadata: 1.8664475996047258
  landing: 0.02102862112224102
  view-data: 0.12883023917675018
