times:
  edit-metadata: 1.8485685624182224
  landing: 0.1687567252665758
  view-data: 0.3198886923491955
