times:
  edit-metadata: 0.8534257826395333
  landing: 0.05641639372333884
  view-data: 0.20884755393490195
