times:
  edit-metadata: 1.6157115995883942
  landing: 0.9934401996433735
  view-data: 3.406709235161543
