times:
  landing: 0.5502240870000605
  view-data: 0.5525466179999512
