times:
  landing: 0.5554051109999705
  view-data: 0.5578905090000035
