times:
  edit-metadata: 0.9067192953079939
  landing: 0.050198121927678585
  view-data: 0.2199891828931868
