times:
  edit-metadata: 1.4054682198911905
  landing: 0.7668682690709829
  view-data: 3.3497664611786604
