times:
  edit-metadata: 1.8429527953267097
  landing: 0.6125479694455862
  view-data: 0.22089903615415096
