times:
  edit-metadata: 1.5901668518781662
  landing: 0.8266950063407421
  view-data: 3.3915767557919025
