times:
  edit-metadata: 1.1238241358660161
  landing: 0.06866798363626003
  view-data: 0.3522234931588173
