times:
  landing: 0.5487887719999947
  view-data: 0.5572969600000022
