times:
  edit-metadata: 0.9128270959481597
  landing: 0.04660438501741737
  view-data: 0.2148294209036976
