times:
  edit-metadata: 1.516874449327588
  landing: 0.8095871340483427
  view-data: 3.431713629513979
