times:
  landing: 0.559292948999996
  view-data: 0.5548911399999952
