times:
  edit-metadata: 1.4056478813290596
  landing: 0.757582894526422
  view-data: 3.3056479543447495
