times:
  edit-metadata: 2.0837464910000563
  landing: 0.18137905187904835
  view-data: 0.3479101527482271
