times:
  edit-metadata: 1.882227834314108
  landing: 0.2000251254066825
  view-data: 0.11720836255699396
