times:
  edit-metadata: 0.8363314860034734
  landing: 0.06741249799961224
  view-data: 0.22792783903423697
