times:
  edit-metadata: 1.2105933409184217
  landing: 0.08814017288386822
  view-data: 0.24018216598778963
