times:
  edit-metadata: 1.353456623852253
  landing: 0.7532516643404961
  view-data: 3.2951422929763794
