times:
  edit-metadata: 0.8803843199275434
  landing: 0.057049861177802086
  view-data: 0.22545502800494432
