times:
  edit-metadata: 0.9124137852340937
  landing: 0.044084629975259304
  view-data: 0.21623897785320878
