times:
  landing: 0.564203410999994
  view-data: 0.5592001530000061
