times:
  edit-metadata: 1.7674792483448982
  landing: 1.2394870724529028
  view-data: 0.31832529604434967
