times:
  edit-metadata: 0.8479607030749321
  landing: 0.05179121298715472
  view-data: 0.20523412991315126
