times:
  edit-metadata: 0.8858091400470585
  landing: 0.05379498191177845
  view-data: 0.20861107390373945
