times:
  edit-metadata: 1.5492580384016037
  landing: 0.7476084288209677
  view-data: 3.372653203085065
