times:
  edit-metadata: 1.8397276736795902
  landing: 0.12994400598108768
  view-data: 0.29167049564421177
