times:
  edit-metadata: 1.817405060864985
  landing: 0.02161346096545458
  view-data: 0.1104728588834405
