times:
  edit-metadata: 1.3660869896411896
  landing: 0.6638865247368813
  view-data: 3.317709021270275
