times:
  landing: 0.5490073059999645
  view-data: 0.5593238330000077
