times:
  landing: 0.5615308850000247
  view-data: 0.5555861529999788
