times:
  edit-metadata: 1.1516982186585665
  landing: 0.12101270910352468
  view-data: 0.3444198966026306
