times:
  edit-metadata: 1.4682321881409734
  landing: 0.7979316029231995
  view-data: 3.3657730938866735
