times:
  edit-metadata: 0.9396072803065181
  landing: 0.061248550191521645
  view-data: 0.2194212693721056
