times:
  edit-metadata: 1.4362101135775447
  landing: 0.8082182798534632
  view-data: 3.4064838774502277
