times:
  edit-metadata: 1.67346765473485
  landing: 0.05954110622406006
  view-data: 0.2196068912744522
