times:
  edit-metadata: 0.8401463809423149
  landing: 0.048123890068382025
  view-data: 0.21751862799283117
