times:
  edit-metadata: 0.8208286091685295
  landing: 0.04885373264551163
  view-data: 0.2146621011197567
