times:
  edit-metadata: 1.224980361002963
  landing: 0.22039004997350276
  view-data: 0.3004090790054761
