times:
  edit-metadata: 1.5311635211110115
  landing: 0.7638697195798159
  view-data: 0.5594252999871969
