times:
  edit-metadata: 0.8270146502181888
  landing: 0.05341767054051161
  view-data: 0.23067085165530443
