times:
  edit-metadata: 0.8918023528531194
  landing: 0.05172335100360215
  view-data: 0.20695921103470027
