times:
  landing: 0.5567890980000243
  view-data: 0.5639417410000078
