times:
  edit-metadata: 0.8419352658092976
  landing: 0.0516795851290226
  view-data: 0.22246939316391945
