times:
  edit-metadata: 1.6240842146798968
  landing: 0.8646325096487999
  view-data: 3.420383671298623
