times:
  edit-metadata: 1.9632481057196856
  landing: 1.1840649861842394
  view-data: 0.6128660440444946
