times:
  edit-metadata: 1.7333461306989193
  landing: 1.212938241660595
  view-data: 3.3576635345816612
