times:
  landing: 1.0801636110001027
  view-data: 0.5627560909999829
