times:
  edit-metadata: 1.791216685436666
  landing: 0.022411054000258446
  view-data: 0.024128292687237263
