times:
  edit-metadata: 1.9229420740157366
  landing: 0.12905746139585972
  view-data: 0.026489080861210823
