times:
  edit-metadata: 1.6494664326310158
  landing: 1.0195705443620682
  view-data: 3.358249481767416
