times:
  edit-metadata: 0.9152035338338464
  landing: 0.0630470619071275
  view-data: 0.20900733885355294
