times:
  edit-metadata: 1.5209680795669556
  landing: 0.7686394937336445
  view-data: 3.4486772567033768
