times:
  landing: 0.5523998029999575
  view-data: 0.5578885310000032
