times:
  edit-metadata: 1.8691891431808472
  landing: 0.13493217341601849
  view-data: 0.024916037917137146
