times:
  edit-metadata: 1.530467178672552
  landing: 0.8166859764605761
  view-data: 3.45937018096447
