times:
  landing: 1.0696614419999833
  view-data: 0.5512785610000321
