times:
  edit-metadata: 0.9090113429992925
  landing: 0.05765918601537123
  view-data: 0.21014970599208027
