times:
  landing: 1.0687645140000086
  view-data: 0.5553168819999996
