times:
  landing: 0.5506433239999637
  view-data: 0.5598710599999777
