times:
  edit-metadata: 1.8375317016616464
  landing: 0.01987599115818739
  view-data: 0.029642073437571526
