times:
  edit-metadata: 0.8125855531543493
  landing: 0.04809961747378111
  view-data: 0.21845503710210323
