times:
  edit-metadata: 1.8985183723270893
  landing: 0.21399207413196564
  view-data: 0.5282162073999643
