times:
  edit-metadata: 1.802737057209015
  landing: 0.9170906860381365
  view-data: 0.22582675889134407
