times:
  edit-metadata: 0.8389899129979312
  landing: 0.04960426688194275
  view-data: 0.2215178059414029
