times:
  edit-metadata: 1.9043952161446214
  landing: 0.01967117190361023
  view-data: 0.41008174512535334
