times:
  edit-metadata: 2.061646541580558
  landing: 1.1513049630448222
  view-data: 3.6161121036857367
