times:
  edit-metadata: 0.915509529877454
  landing: 0.0476133250631392
  view-data: 0.23580297827720642
