times:
  edit-metadata: 1.8603905141353607
  landing: 0.15611956734210253
  view-data: 0.29783702827990055
