times:
  edit-metadata: 1.8049305472522974
  landing: 0.01933532301336527
  view-data: 0.1246899040415883
