times:
  edit-metadata: 0.9131625690497458
  landing: 0.04918207786977291
  view-data: 0.2083210397977382
