times:
  edit-metadata: 1.9201471991837025
  landing: 0.020481334999203682
  view-data: 0.3821700010448694
