times:
  edit-metadata: 1.3648671470582485
  landing: 0.7128156330436468
  view-data: 3.3109366297721863
