times:
  edit-metadata: 1.4365484602749348
  landing: 0.8250151118263602
  view-data: 3.4096050611697137
