times:
  edit-metadata: 1.5423199348151684
  landing: 1.0039525590837002
  view-data: 3.4125841781497
