times:
  edit-metadata: 1.0634407650213689
  landing: 0.05934845213778317
  view-data: 0.2142913700081408
