times:
  edit-metadata: 1.8777748327702284
  landing: 0.5849034823477268
  view-data: 0.621911209076643
