times:
  edit-metadata: 3.0203361082822084
  landing: 0.34135545417666435
  view-data: 0.5340721886605024
