times:
  landing: 1.0699409260000152
  view-data: 0.5525270410000189
