times:
  landing: 0.5556281350000063
  view-data: 0.5656980729999646
