times:
  edit-metadata: 1.5415781252086163
  landing: 0.7809574939310551
  view-data: 3.443010361865163
