times:
  edit-metadata: 1.7448421716690063
  landing: 0.05245374143123627
  view-data: 0.23139096423983574
