times:
  edit-metadata: 1.6613460015505552
  landing: 0.7994972262531519
  view-data: 3.3004179298877716
