times:
  edit-metadata: 1.6302019841969013
  landing: 0.05493335425853729
  view-data: 0.22759979963302612
