times:
  landing: 0.5557482109999796
  view-data: 0.5601180080000177
