times:
  edit-metadata: 1.55298310238868
  landing: 0.7840844010934234
  view-data: 3.4126973152160645
