times:
  landing: 1.0658461460000126
  view-data: 0.554839190999985
