times:
  edit-metadata: 1.9627071302384138
  landing: 0.019516369327902794
  view-data: 0.18352341651916504
