times:
  edit-metadata: 1.4277921915054321
  landing: 0.866609413176775
  view-data: 3.387508600950241
