times:
  edit-metadata: 1.0343354637734592
  landing: 0.1159592429175973
  view-data: 0.25998050393536687
