times:
  edit-metadata: 1.8026433479972184
  landing: 0.12361864000558853
  view-data: 0.03017011401243508
