times:
  edit-metadata: 2.3147132275626063
  landing: 1.2702000681310892
  view-data: 3.7955347755923867
