times:
  edit-metadata: 1.324545867741108
  landing: 0.801110252737999
  view-data: 3.2908145440742373
