times:
  edit-metadata: 1.5160515066236258
  landing: 1.0902207624167204
  view-data: 3.3502326030284166
