times:
  landing: 1.0692034489999855
  view-data: 0.5539090249999958
