times:
  edit-metadata: 1.8177249860018492
  landing: 1.7680933251976967
  view-data: 0.7142681386321783
