times:
  edit-metadata: 1.432107388973236
  landing: 0.6013214308768511
  view-data: 0.20746135897934437
