times:
  edit-metadata: 1.871621137484908
  landing: 0.021031923592090607
  view-data: 0.29685607366263866
