times:
  edit-metadata: 1.4419763535261154
  landing: 0.8638817630708218
  view-data: 3.368412896990776
