times:
  edit-metadata: 1.7827278841286898
  landing: 0.01984566915780306
  view-data: 0.18025411758571863
