times:
  edit-metadata: 1.8033213913440704
  landing: 0.12770861946046352
  view-data: 0.11736276373267174
