times:
  edit-metadata: 1.558586549013853
  landing: 0.9950152412056923
  view-data: 3.330708846449852
