times:
  edit-metadata: 1.5122428517788649
  landing: 0.756730305030942
  view-data: 3.399769140407443
