times:
  edit-metadata: 1.3589098397642374
  landing: 0.8701436817646027
  view-data: 3.4134438764303923
