times:
  edit-metadata: 0.864570725010708
  landing: 0.04894683894235641
  view-data: 0.2114826940232888
