times:
  edit-metadata: 1.4426246285438538
  landing: 0.8917608931660652
  view-data: 3.3308714292943478
