times:
  edit-metadata: 1.8316210750490427
  landing: 0.6179922297596931
  view-data: 0.6245326213538647
