times:
  edit-metadata: 1.4909172225743532
  landing: 0.7928013652563095
  view-data: 3.3973636478185654
