times:
  edit-metadata: 1.768663376569748
  landing: 0.7063757702708244
  view-data: 0.34107382968068123
