times:
  edit-metadata: 1.4331796797923744
  landing: 0.8105561989359558
  view-data: 3.356742603238672
