times:
  edit-metadata: 1.8929608399048448
  landing: 0.02083807159215212
  view-data: 0.1421002997085452
