times:
  edit-metadata: 1.546622747555375
  landing: 0.802953414618969
  view-data: 3.3876793961972
