times:
  edit-metadata: 0.9845031890145037
  landing: 0.06922585499705747
  view-data: 0.23148928600130603
