times:
  edit-metadata: 1.8260375410318375
  landing: 1.1882997136563063
  view-data: 0.34114294312894344
