times:
  landing: 0.5520818080000254
  view-data: 0.5486007359999974
