times:
  edit-metadata: 1.5176495276391506
  landing: 0.840622890740633
  view-data: 3.441040851175785
