times:
  edit-metadata: 2.0458668060600758
  landing: 1.0266241189092398
  view-data: 3.4673093166202307
