times:
  landing: 1.0825219019999395
  view-data: 0.5549561899999844
