times:
  edit-metadata: 1.1718694689916447
  landing: 0.14604234401485883
  view-data: 0.25290330400457606
