times:
  edit-metadata: 1.9711443651467562
  landing: 1.3337303549051285
  view-data: 3.4792323652654886
