times:
  edit-metadata: 1.4622440747916698
  landing: 1.0421573631465435
  view-data: 3.4291579090058804
