times:
  landing: 0.5560786350000058
  view-data: 0.5566885389999925
