times:
  edit-metadata: 0.8755857045762241
  landing: 0.058185137808322906
  view-data: 0.22202096926048398
