times:
  landing: 0.5564834179999707
  view-data: 0.553561899999977
