times:
  edit-metadata: 0.9058490539900959
  landing: 0.04963376803789288
  view-data: 0.25428815704071894
