times:
  edit-metadata: 1.8417717758566141
  landing: 0.0592072494328022
  view-data: 0.23099260963499546
