times:
  edit-metadata: 1.8870652671903372
  landing: 0.021840232424438
  view-data: 0.02345134224742651
