times:
  edit-metadata: 1.4935295563191175
  landing: 0.7272050213068724
  view-data: 3.3644976131618023
