times:
  edit-metadata: 1.6020118445158005
  landing: 0.919768126681447
  view-data: 0.4634295478463173
