times:
  edit-metadata: 1.841802142560482
  landing: 0.11212109494954348
  view-data: 0.22683445271104574
