times:
  edit-metadata: 0.7978010200895369
  landing: 0.05403079790994525
  view-data: 0.20959190605208278
