times:
  edit-metadata: 0.9037243409547955
  landing: 0.053824659902602434
  view-data: 0.2130458760075271
