times:
  edit-metadata: 0.8534677377901971
  landing: 0.05641977209597826
  view-data: 0.21440873527899384
