times:
  edit-metadata: 1.7717246655374765
  landing: 0.02198779210448265
  view-data: 0.027465233579277992
