times:
  edit-metadata: 1.8722629249095917
  landing: 1.15927005559206
  view-data: 3.4150368459522724
