times:
  edit-metadata: 0.8528678272850811
  landing: 0.039021825417876244
  view-data: 0.31710708420723677
