times:
  edit-metadata: 1.601816589012742
  landing: 0.8899627011269331
  view-data: 3.483508063480258
