times:
  edit-metadata: 1.8996987268328667
  landing: 0.020145399495959282
  view-data: 0.1210141722112894
