times:
  edit-metadata: 1.885848443955183
  landing: 0.39589087665081024
  view-data: 0.21585912629961967
