times:
  landing: 0.5618652489999931
  view-data: 0.5597009040000103
