times:
  edit-metadata: 1.8768458366394043
  landing: 0.5919516999274492
  view-data: 0.6258680354803801
