times:
  edit-metadata: 1.8857306223362684
  landing: 0.026715630665421486
  view-data: 0.024555545300245285
