times:
  edit-metadata: 0.9188798330724239
  landing: 0.046307080425322056
  view-data: 0.23877137806266546
