times:
  edit-metadata: 1.518835574388504
  landing: 0.7280992586165667
  view-data: 3.3793027754873037
