times:
  edit-metadata: 1.6043484956026077
  landing: 0.8826631307601929
  view-data: 3.4495529774576426
