times:
  edit-metadata: 1.4107521120458841
  landing: 4.1903185322880745
  view-data: 0.8958658706396818
