times:
  edit-metadata: 0.9824469759478234
  landing: 0.06540415703784674
  view-data: 0.25031440501334146
