times:
  landing: 0.5602193590000297
  view-data: 0.5564966360000199
