times:
  edit-metadata: 0.9326466419734061
  landing: 0.04757868079468608
  view-data: 0.2077346327714622
