times:
  edit-metadata: 1.876540906727314
  landing: 0.6171159539371729
  view-data: 0.6283576786518097
