times:
  landing: 1.0830623200000105
  view-data: 0.5526827520000097
