times:
  edit-metadata: 0.8736565951257944
  landing: 0.05223067011684179
  view-data: 0.20558075420558453
