times:
  edit-metadata: 1.688212100416422
  landing: 0.058361150324344635
  view-data: 0.21313567832112312
