times:
  edit-metadata: 1.5797697841189802
  landing: 0.1176709528081119
  view-data: 0.26595690101385117
