times:
  edit-metadata: 0.8411195679800585
  landing: 0.07364160194993019
  view-data: 0.24112493498250842
