times:
  landing: 0.5586517859999844
  view-data: 0.5548122299999818
