times:
  edit-metadata: 0.8112985629122704
  landing: 0.04336356814019382
  view-data: 0.20214642980135977
