times:
  landing: 0.5585411310000268
  view-data: 0.5564671509999926
