times:
  landing: 1.1231667519999746
  view-data: 0.5520851850000099
