times:
  edit-metadata: 1.3886660523712635
  landing: 0.7650836072862148
  view-data: 3.293901465833187
