times:
  edit-metadata: 0.994406977086328
  landing: 0.06792045093607157
  view-data: 0.24480165902059525
