times:
  edit-metadata: 1.421719180420041
  landing: 0.4742081593722105
  view-data: 0.22041276097297668
