times:
  landing: 0.5718189890000076
  view-data: 0.5569736420000027
