times:
  edit-metadata: 1.8188787456601858
  landing: 0.020744595676660538
  view-data: 0.024199540726840496
