times:
  edit-metadata: 0.8741045882925391
  landing: 0.04789623897522688
  view-data: 0.22221041098237038
