times:
  edit-metadata: 0.8540841569774784
  landing: 0.045753362006507814
  view-data: 0.21281830198131502
