times:
  edit-metadata: 1.8485934492200613
  landing: 0.2340267039835453
  view-data: 0.1316285226494074
