times:
  edit-metadata: 1.851558305323124
  landing: 0.01944653782993555
  view-data: 0.025244868360459805
