times:
  edit-metadata: 1.3955185264348984
  landing: 0.8157292120158672
  view-data: 0.5273425318300724
