times:
  edit-metadata: 0.8038524258881807
  landing: 0.06434673303738236
  view-data: 0.21566121908836067
