times:
  edit-metadata: 0.9840257291216403
  landing: 0.051401956006884575
  view-data: 0.21389751392416656
