times:
  edit-metadata: 1.6595382206141949
  landing: 0.0518554225564003
  view-data: 0.2176855131983757
