times:
  edit-metadata: 1.5200550891458988
  landing: 0.7435025908052921
  view-data: 3.3368306197226048
