times:
  edit-metadata: 1.447815377265215
  landing: 0.8038370702415705
  view-data: 0.3491685129702091
