times:
  landing: 1.079880567000032
  view-data: 0.5617048000000295
