times:
  edit-metadata: 1.277210921049118
  landing: 0.06553754303604364
  view-data: 0.28752034064382315
