times:
  edit-metadata: 0.9363317299867049
  landing: 0.07102491799741983
  view-data: 0.24628199101425707
