times:
  edit-metadata: 1.4217628370970488
  landing: 0.84930863045156
  view-data: 3.318134242668748
