times:
  edit-metadata: 1.5568503271788359
  landing: 0.9141651410609484
  view-data: 3.4063389245420694
