times:
  edit-metadata: 1.863203146494925
  landing: 0.021911418065428734
  view-data: 0.11597943492233753
