times:
  edit-metadata: 1.9788524601608515
  landing: 0.2387970518320799
  view-data: 0.43652310874313116
