times:
  edit-metadata: 0.8563354050274938
  landing: 0.055936161894351244
  view-data: 61.04497569799423
