times:
  edit-metadata: 0.8309548641555011
  landing: 0.045582173857837915
  view-data: 0.21033738926053047
