times:
  edit-metadata: 1.8962649125605822
  landing: 0.019945381209254265
  view-data: 0.3161514773964882
