times:
  edit-metadata: 1.9410863872617483
  landing: 0.5484956298023462
  view-data: 0.22248512506484985
