times:
  edit-metadata: 1.8951962105929852
  landing: 0.12335895001888275
  view-data: 0.025360818952322006
