times:
  edit-metadata: 1.4047261010855436
  landing: 0.7189767081290483
  view-data: 3.292751858010888
