times:
  edit-metadata: 1.4999964535236359
  landing: 0.9315226040780544
  view-data: 0.2139029111713171
