times:
  edit-metadata: 1.4786459021270275
  landing: 1.2117034420371056
  view-data: 3.4200111404061317
