times:
  edit-metadata: 1.1196458702906966
  landing: 0.05281886365264654
  view-data: 0.23959361854940653
