times:
  edit-metadata: 0.8489121478050947
  landing: 0.06272188806906343
  view-data: 0.23787195282056928
