times:
  edit-metadata: 1.87417465262115
  landing: 0.5999439936131239
  view-data: 0.6290867310017347
