times:
  landing: 0.5525610709999569
  view-data: 0.5572003049999807
