times:
  edit-metadata: 1.436020485125482
  landing: 0.8196122888475657
  view-data: 3.3355438532307744
