times:
  edit-metadata: 0.9191908580251038
  landing: 0.05267721111886203
  view-data: 0.24188785580918193
