times:
  edit-metadata: 1.8034462705254555
  landing: 0.017747479490935802
  view-data: 0.12397443130612373
