times:
  edit-metadata: 0.8597087089437991
  landing: 0.0802447460591793
  view-data: 0.22803111909888685
