times:
  edit-metadata: 1.7169470712542534
  landing: 0.9697081595659256
  view-data: 3.3336917497217655
