times:
  edit-metadata: 1.8341219564899802
  landing: 0.020136799663305283
  view-data: 0.33817428071051836
