times:
  edit-metadata: 1.8350595254451036
  landing: 0.8302035480737686
  view-data: 0.2450915388762951
