times:
  landing: 1.0950006791390479
  view-data: 0.551872334908694
