times:
  edit-metadata: 1.8276909459382296
  landing: 0.0208333907648921
  view-data: 0.024905879981815815
