times:
  edit-metadata: 1.5081888101994991
  landing: 0.9295774847269058
  view-data: 3.4441517181694508
