times:
  edit-metadata: 0.8625760099384934
  landing: 0.05341241299174726
  view-data: 0.21051526197697967
