times:
  landing: 0.5517924319999565
  view-data: 0.5662997999999106
