times:
  edit-metadata: 0.8297354439273477
  landing: 0.05236167088150978
  view-data: 0.207361345179379
