times:
  edit-metadata: 0.8569744450505823
  landing: 0.06821036385372281
  view-data: 0.22659778408706188
