times:
  edit-metadata: 1.6272263191640377
  landing: 0.948471873998642
  view-data: 3.3413211926817894
