times:
  landing: 0.5483098320000295
  view-data: 0.5522585830000253
