times:
  edit-metadata: 2.0890888646245003
  landing: 0.20165827684104443
  view-data: 0.38791486993432045
