times:
  edit-metadata: 1.0932452171109617
  landing: 0.19755922770127654
  view-data: 0.364340438041836
