times:
  edit-metadata: 0.855884405085817
  landing: 0.07951485691592097
  view-data: 0.22041356307454407
