times:
  edit-metadata: 0.9559544019866735
  landing: 0.045094253960996866
  view-data: 0.24870020197704434
