times:
  edit-metadata: 1.8615843374282122
  landing: 0.019915723241865635
  view-data: 0.025317552499473095
