times:
  landing: 0.5538377729999979
  view-data: 0.5540026749999925
