times:
  landing: 1.0695847860000072
  view-data: 0.5521781099999998
