times:
  edit-metadata: 2.02634521946311
  landing: 0.020902657881379128
  view-data: 0.126338679343462
