times:
  edit-metadata: 1.3684368077665567
  landing: 0.7068071104586124
  view-data: 3.3157239332795143
