times:
  edit-metadata: 1.9169247206300497
  landing: 0.5953884366899729
  view-data: 0.21422209963202477
