times:
  edit-metadata: 1.4561385251581669
  landing: 0.811961866915226
  view-data: 3.3324164636433125
