times:
  edit-metadata: 1.8511669104918838
  landing: 0.02006331831216812
  view-data: 0.09862726274877787
