times:
  edit-metadata: 1.5832720827311277
  landing: 0.3931795321404934
  view-data: 0.21270289085805416
