times:
  edit-metadata: 0.9251378169283271
  landing: 0.05879590380936861
  view-data: 0.2673281296156347
