times:
  landing: 0.5562311799999975
  view-data: 0.5625279569999861
