times:
  edit-metadata: 0.9681885461322963
  landing: 0.07004831777885556
  view-data: 0.24711668537929654
