times:
  edit-metadata: 1.881595816463232
  landing: 0.019151432439684868
  view-data: 0.3205665536224842
