times:
  edit-metadata: 1.7349761854857206
  landing: 0.5695237554609776
  view-data: 0.3363510724157095
