times:
  edit-metadata: 1.4018790908157825
  landing: 0.8801105320453644
  view-data: 3.3329200074076653
