times:
  edit-metadata: 1.8429566193372011
  landing: 0.9454365726560354
  view-data: 0.36283749900758266
