times:
  edit-metadata: 1.9374184980988503
  landing: 0.02038644440472126
  view-data: 0.28324356861412525
