times:
  edit-metadata: 1.8087985329329967
  landing: 0.1145835304632783
  view-data: 0.02523101679980755
