times:
  edit-metadata: 1.658295925706625
  landing: 0.05163635313510895
  view-data: 0.2163313701748848
