times:
  landing: 0.5540534179999668
  view-data: 0.5641236090000348
