times:
  landing: 0.56262225699993
  view-data: 0.5646881719999328
