times:
  edit-metadata: 1.7177108563482761
  landing: 1.01148996129632
  view-data: 3.364083133637905
