times:
  edit-metadata: 1.44859463814646
  landing: 0.8437342355027795
  view-data: 3.378618179820478
