times:
  edit-metadata: 0.9503806703723967
  landing: 0.07464790577068925
  view-data: 0.23553643329069018
