times:
  edit-metadata: 1.7532268110662699
  landing: 0.9338391721248627
  view-data: 0.3214230611920357
