times:
  edit-metadata: 1.8678508158773184
  landing: 0.2377506410703063
  view-data: 0.027171173132956028
