times:
  edit-metadata: 0.8867225544527173
  landing: 0.04906713683158159
  view-data: 0.2243645777925849
