times:
  landing: 1.0640552390000266
  view-data: 0.5505511530000149
