times:
  edit-metadata: 1.9131725318729877
  landing: 0.11537258140742779
  view-data: 0.2507212311029434
