times:
  edit-metadata: 0.8997758021578193
  landing: 0.04676453396677971
  view-data: 0.22236437629908323
