times:
  edit-metadata: 1.8397425077855587
  landing: 1.1221595406532288
  view-data: 0.6258938685059547
