times:
  landing: 0.5565186989999802
  view-data: 0.5472200760000305
