times:
  edit-metadata: 0.8002999851014465
  landing: 0.05163355893455446
  view-data: 0.21000911807641387
