times:
  edit-metadata: 0.8551131850108504
  landing: 0.06888976402115077
  view-data: 0.22526342398487031
