times:
  edit-metadata: 0.8891937332227826
  landing: 0.052410729229450226
  view-data: 0.20810349006205797
