times:
  edit-metadata: 1.8533739382401109
  landing: 0.020028271712362766
  view-data: 0.02607144322246313
