times:
  edit-metadata: 1.445770291145891
  landing: 0.8058158047497272
  view-data: 3.3323752358555794
