times:
  edit-metadata: 1.2644447716884315
  landing: 0.09359116107225418
  view-data: 0.230398568790406
