times:
  edit-metadata: 0.8962908368557692
  landing: 0.05662155197933316
  view-data: 0.21508481865748763
