times:
  landing: 0.555167535999999
  view-data: 0.5575995660000217
