times:
  edit-metadata: 1.8824905827641487
  landing: 0.9221285451203585
  view-data: 0.31266447715461254
