times:
  edit-metadata: 1.793439218774438
  landing: 0.49607642740011215
  view-data: 0.21754081174731255
