times:
  edit-metadata: 2.068580319173634
  landing: 1.2057183883152902
  view-data: 3.458323948085308
