times:
  edit-metadata: 1.8218217082321644
  landing: 0.06688731163740158
  view-data: 0.21581335365772247
