times:
  edit-metadata: 2.0881339237093925
  landing: 1.2233966113999486
  view-data: 3.545793492347002
