times:
  edit-metadata: 0.8446291051805019
  landing: 0.05330717796459794
  view-data: 0.2129355762153864
