times:
  landing: 0.5520489169999792
  view-data: 0.561663717000016
