times:
  edit-metadata: 1.8597066728398204
  landing: 0.12050753645598888
  view-data: 0.441365759819746
