times:
  edit-metadata: 1.8323413003236055
  landing: 0.6058813817799091
  view-data: 0.22415020875632763
