times:
  edit-metadata: 0.9042512183077633
  landing: 0.05349892983213067
  view-data: 0.22707010712474585
