times:
  edit-metadata: 1.426024624146521
  landing: 0.7822605548426509
  view-data: 3.3469915599562228
