times:
  edit-metadata: 1.4677229840308428
  landing: 0.8160418253391981
  view-data: 3.3647017534822226
