times:
  landing: 0.548165498000003
  view-data: 0.5594141979999847
