times:
  edit-metadata: 0.8391742378007621
  landing: 0.07047527097165585
  view-data: 0.23510797997005284
