times:
  edit-metadata: 1.5234820507466793
  landing: 0.8856272734701633
  view-data: 3.4159377589821815
