times:
  edit-metadata: 1.5066921766847372
  landing: 0.9287680368870497
  view-data: 3.3956479341723025
