times:
  edit-metadata: 1.632731657475233
  landing: 0.05973634496331215
  view-data: 0.22459550574421883
