times:
  edit-metadata: 1.115170385048259
  landing: 0.10472993698203936
  view-data: 0.37698509002802894
