times:
  edit-metadata: 0.8531157670076936
  landing: 0.06525498899281956
  view-data: 0.24489452899433672
