times:
  edit-metadata: 2.3108476903289557
  landing: 0.2195858135819435
  view-data: 0.02576311305165291
