times:
  edit-metadata: 1.7742947582155466
  landing: 0.02110835164785385
  view-data: 0.2982785254716873
