times:
  landing: 0.5532077990000062
  view-data: 0.5585221059999981
