times:
  landing: 0.5591430100000139
  view-data: 0.5709436739999774
