times:
  edit-metadata: 1.083661344833672
  landing: 0.05009418074041605
  view-data: 0.3458184143528342
