times:
  edit-metadata: 0.9030245169997215
  landing: 0.05439278669655323
  view-data: 0.22425345983356237
