times:
  edit-metadata: 0.9117901689605787
  landing: 0.050629436038434505
  view-data: 0.21243983693420887
