times:
  edit-metadata: 2.249621484428644
  landing: 1.2568520121276379
  view-data: 3.2604037895798683
