times:
  landing: 1.07427958400001
  view-data: 0.5619167629999993
