times:
  edit-metadata: 0.8879657592624426
  landing: 0.04532631766051054
  view-data: 0.21664161514490843
