times:
  edit-metadata: 1.7385264374315739
  landing: 0.7518291547894478
  view-data: 0.25901870988309383
