times:
  edit-metadata: 0.8523489910003264
  landing: 0.06121356899529928
  view-data: 0.23753147100069327
