times:
  edit-metadata: 1.8508219867944717
  landing: 0.11908429302275181
  view-data: 0.026037413626909256
