times:
  edit-metadata: 3.6453744580503553
  landing: 0.1499503810191527
  view-data: 0.21158389002084732
