times:
  edit-metadata: 1.664305541664362
  landing: 0.06172480061650276
  view-data: 0.2267439402639866
