times:
  edit-metadata: 0.9433972700498998
  landing: 0.06192874605767429
  view-data: 0.2405077569419518
