times:
  edit-metadata: 0.9620150669943541
  landing: 0.05989865306764841
  view-data: 0.21676384203601629
