times:
  edit-metadata: 2.677712017670274
  landing: 0.12589943408966064
  view-data: 0.4772542305290699
