times:
  edit-metadata: 1.4345270320773125
  landing: 0.9831116124987602
  view-data: 3.336500257253647
