times:
  edit-metadata: 0.8558885229867883
  landing: 0.05224199197255075
  view-data: 0.2135307890130207
