times:
  edit-metadata: 1.4734707958996296
  landing: 0.9174802824854851
  view-data: 3.350224133580923
