times:
  landing: 2.65073486790061
  view-data: 0.6367932967841625
