times:
  edit-metadata: 1.8786264397203922
  landing: 0.01880212128162384
  view-data: 0.024668939411640167
