times:
  edit-metadata: 1.8197026494890451
  landing: 0.19091651681810617
  view-data: 0.4059529071673751
