times:
  landing: 1.0752686359999757
  view-data: 0.5550874550000344
