times:
  edit-metadata: 0.928230619058013
  landing: 0.05184261500835419
  view-data: 0.21188990911468863
