times:
  edit-metadata: 2.083296438679099
  landing: 0.2621541190892458
  view-data: 0.16182767041027546
