times:
  landing: 0.5554508899999746
  view-data: 0.5565022480000152
