times:
  edit-metadata: 1.5087847840040922
  landing: 0.7253434415906668
  view-data: 3.3930311985313892
