times:
  edit-metadata: 0.8571228249929845
  landing: 0.06904223491437733
  view-data: 0.23198357410728931
