times:
  landing: 0.5486106840000389
  view-data: 0.5505280059999791
