times:
  edit-metadata: 1.548054626211524
  landing: 0.7798936124891043
  view-data: 3.368777008727193
