times:
  edit-metadata: 0.8851469549990725
  landing: 0.04568764800205827
  view-data: 0.19871729900478385
