times:
  edit-metadata: 1.5095219835639
  landing: 0.9057277888059616
  view-data: 3.419857583940029
