times:
  edit-metadata: 1.9279381344094872
  landing: 0.19270692020654678
  view-data: 0.02454655896872282
