times:
  edit-metadata: 1.79123221244663
  landing: 0.11425909772515297
  view-data: 0.11800960171967745
