times:
  landing: 0.5484169150000184
  view-data: 0.5540951469999982
