times:
  edit-metadata: 1.8053053002804518
  landing: 0.021243165247142315
  view-data: 0.47146148048341274
