times:
  edit-metadata: 1.8611678145825863
  landing: 1.1806585229933262
  view-data: 0.6239303462207317
