times:
  edit-metadata: 1.8826446486636996
  landing: 0.12672650907188654
  view-data: 0.2537074675783515
