times:
  landing: 1.140401450000013
  view-data: 0.5572158509999667
