times:
  edit-metadata: 1.803611008450389
  landing: 0.12301835045218468
  view-data: 0.026313084177672863
