times:
  edit-metadata: 1.682782031595707
  landing: 0.04740125313401222
  view-data: 0.2268058881163597
