times:
  edit-metadata: 0.9005848999950103
  landing: 0.0586882290081121
  view-data: 0.20619883702602237
