times:
  edit-metadata: 2.062617203220725
  landing: 0.01952154003083706
  view-data: 0.02692657709121704
