times:
  edit-metadata: 0.8604826179798692
  landing: 0.06660425290465355
  view-data: 0.22724452195689082
