times:
  edit-metadata: 0.8966229000361636
  landing: 0.05108774802647531
  view-data: 0.20382675505243242
