times:
  edit-metadata: 1.8602296244353056
  landing: 0.1187785230576992
  view-data: 0.02710819896310568
