times:
  edit-metadata: 0.8458756939999148
  landing: 0.0650966890007112
  view-data: 0.23453300500023033
