times:
  edit-metadata: 1.8117910828441381
  landing: 0.16495646629482508
  view-data: 0.11654855217784643
