times:
  edit-metadata: 0.8927507139742374
  landing: 0.06355174817144871
  view-data: 0.21166004613041878
