times:
  landing: 0.5508764159999942
  view-data: 0.548833089999988
