times:
  edit-metadata: 1.738322777673602
  landing: 0.6827320475131273
  view-data: 0.33904546312987804
