times:
  edit-metadata: 1.0478056529536843
  landing: 0.05489584105089307
  view-data: 0.2411748180165887
