times:
  edit-metadata: 0.8434852940263227
  landing: 0.048263047938235104
  view-data: 0.20584697101730853
