times:
  edit-metadata: 0.9979163579409942
  landing: 0.05975428503006697
  view-data: 0.24916139303240925
