times:
  edit-metadata: 1.5120056234300137
  landing: 0.7957791909575462
  view-data: 3.448153732344508
