times:
  edit-metadata: 0.9389483359991573
  landing: 0.06460227999195922
  view-data: 0.24952867299725767
