times:
  edit-metadata: 0.8535338183864951
  landing: 0.055837931111454964
  view-data: 0.2160199456848204
