times:
  landing: 0.558390022000026
  view-data: 0.5593266319999657
