times:
  landing: 1.0666192690000003
  view-data: 0.552489138999988
