times:
  edit-metadata: 1.7032656036317348
  landing: 0.048363469541072845
  view-data: 0.228398896753788
