times:
  edit-metadata: 0.7925273468717933
  landing: 0.05614568525925279
  view-data: 0.20601498987525702
