times:
  edit-metadata: 0.8528850950533524
  landing: 0.05970358499325812
  view-data: 0.21226237702649087
