times:
  edit-metadata: 1.6654281690716743
  landing: 0.05973388999700546
  view-data: 0.2299380525946617
