times:
  edit-metadata: 1.083401283249259
  landing: 0.0516221122816205
  view-data: 0.23001394793391228
