times:
  edit-metadata: 1.6479279305785894
  landing: 0.9005395546555519
  view-data: 3.4846147671341896
