times:
  edit-metadata: 0.8303157170303166
  landing: 0.04438231838867068
  view-data: 0.20884282002225518
