times:
  edit-metadata: 1.4121265020221472
  landing: 0.8445546720176935
  view-data: 3.3618368804454803
