times:
  edit-metadata: 0.8576857009902596
  landing: 0.04665727890096605
  view-data: 0.2360080531798303
