times:
  edit-metadata: 1.3722903560847044
  landing: 0.8424366302788258
  view-data: 3.355091515928507
