times:
  edit-metadata: 1.447820719331503
  landing: 0.7353878486901522
  view-data: 3.3905876204371452
