times:
  edit-metadata: 0.8379121411126107
  landing: 0.049581653089262545
  view-data: 0.21051216695923358
