times:
  edit-metadata: 1.5351734654977918
  landing: 0.7864256836473942
  view-data: 3.3654865818098187
