times:
  edit-metadata: 1.4511297629214823
  landing: 0.8253613552078605
  view-data: 3.3416620162315667
