times:
  edit-metadata: 0.8420071001164615
  landing: 0.06227082689292729
  view-data: 0.23387685883790255
