times:
  edit-metadata: 2.256466532126069
  landing: 0.020529923029243946
  view-data: 0.024981951341032982
