times:
  edit-metadata: 1.8607932524755597
  landing: 0.022876819595694542
  view-data: 0.02757739182561636
