times:
  edit-metadata: 1.5705233961343765
  landing: 3.5787866562604904
  view-data: 3.3669347278773785
