times:
  edit-metadata: 1.7958370707929134
  landing: 0.16073638573288918
  view-data: 0.12382213119417429
