times:
  landing: 0.5538771639999993
  view-data: 0.059637450999986186
