times:
  edit-metadata: 0.8884474406950176
  landing: 0.04569160286337137
  view-data: 0.21028253715485334
