times:
  edit-metadata: 1.908365098759532
  landing: 0.2249577697366476
  view-data: 0.025693312287330627
