times:
  edit-metadata: 1.4845598449464887
  landing: 0.9751051589846611
  view-data: 3.3740086239995435
