times:
  landing: 0.5624430629999893
  view-data: 0.5581332470000007
