times:
  landing: 0.5530239339999525
  view-data: 0.5606723839999859
