times:
  edit-metadata: 1.5302220284938812
  landing: 0.80481331422925
  view-data: 3.397049432620406
