times:
  edit-metadata: 0.8422546850051731
  landing: 0.0673171728849411
  view-data: 0.25352782593108714
