times:
  edit-metadata: 1.5406334735453129
  landing: 0.8807883039116859
  view-data: 3.31222952157259
