times:
  edit-metadata: 2.380783407948911
  landing: 1.2033997243270278
  view-data: 3.5472771553322673
