times:
  landing: 1.0925570630000152
  view-data: 0.5608588229999896
