times:
  edit-metadata: 1.5306302309036255
  landing: 0.798524547368288
  view-data: 3.4091747496277094
