times:
  edit-metadata: 1.5417387448251247
  landing: 0.7350340709090233
  view-data: 0.22313839755952358
