times:
  edit-metadata: 1.8336907681077719
  landing: 0.23480113875120878
  view-data: 0.3591014835983515
