times:
  edit-metadata: 1.791432075202465
  landing: 0.898938924074173
  view-data: 0.2567023690789938
