times:
  landing: 0.5644634399999973
  view-data: 0.562017117000039
