times:
  edit-metadata: 1.9096778687089682
  landing: 0.021514546126127243
  view-data: 0.02299804799258709
