times:
  edit-metadata: 1.8189938617870212
  landing: 0.02041539642959833
  view-data: 0.456950762309134
