times:
  edit-metadata: 1.5540210459148511
  landing: 0.8605969339841977
  view-data: 3.356861916021444
