times:
  edit-metadata: 1.9211032232269645
  landing: 0.19895533472299576
  view-data: 0.46696101780980825
