times:
  edit-metadata: 1.7971955174580216
  landing: 0.023608614690601826
  view-data: 0.02413151878863573
