times:
  edit-metadata: 1.742089943960309
  landing: 1.0929927174001932
  view-data: 3.5748907569795847
