times:
  edit-metadata: 1.420350831001997
  landing: 0.7736522722989321
  view-data: 3.269137281924486
