times:
  edit-metadata: 1.0679867081344128
  landing: 0.05566537473350763
  view-data: 0.2228338522836566
