times:
  edit-metadata: 1.865837055258453
  landing: 0.02050946094095707
  view-data: 0.1000012094154954
