times:
  edit-metadata: 1.4304005450103432
  landing: 0.8563104150816798
  view-data: 3.3528128678444773
