times:
  edit-metadata: 0.9341734089830425
  landing: 0.07010490802349523
  view-data: 0.248516944993753
