times:
  edit-metadata: 0.9146049860864878
  landing: 0.04990422003902495
  view-data: 0.24099488591309637
