times:
  edit-metadata: 2.269087228924036
  landing: 0.231288718059659
  view-data: 0.1493758112192154
