times:
  edit-metadata: 0.9084094879217446
  landing: 0.04960702080279589
  view-data: 0.21385080507025123
