times:
  edit-metadata: 1.884085413068533
  landing: 0.7826396599411964
  view-data: 0.22283437103033066
