times:
  edit-metadata: 1.8459032289683819
  landing: 0.11901346035301685
  view-data: 0.0241909958422184
