times:
  edit-metadata: 0.9710368351079524
  landing: 0.05386455683037639
  view-data: 0.23592434008605778
