times:
  edit-metadata: 0.8513818500214256
  landing: 0.04574787704041228
  view-data: 0.2136212890036404
