times:
  edit-metadata: 1.8812163509428501
  landing: 0.2130860649049282
  view-data: 0.02329230308532715
