times:
  edit-metadata: 3.140775811858475
  landing: 0.7575088432058692
  view-data: 0.3959576580673456
