times:
  edit-metadata: 1.430633019655943
  landing: 0.8055043034255505
  view-data: 3.310358978807926
