times:
  edit-metadata: 2.0694049168378115
  landing: 0.024211717769503593
  view-data: 0.4058944322168827
