times:
  edit-metadata: 1.6185857988893986
  landing: 1.1223058886826038
  view-data: 3.51854932308197
