times:
  edit-metadata: 0.8607239220291376
  landing: 0.056959751062095165
  view-data: 0.22485225275158882
