times:
  edit-metadata: 1.5172299798578024
  landing: 0.7316848207265139
  view-data: 3.438769856467843
