times:
  edit-metadata: 1.7597742676734924
  landing: 1.1619112771004438
  view-data: 0.31200704723596573
