times:
  edit-metadata: 0.8433777278987691
  landing: 0.05064078595023602
  view-data: 0.21305225207470357
