times:
  edit-metadata: 0.8396641860017553
  landing: 0.06355385901406407
  view-data: 0.22760919597931206
