times:
  edit-metadata: 1.4574400186538696
  landing: 0.7356478646397591
  view-data: 3.304104670882225
