times:
  edit-metadata: 1.457457423210144
  landing: 0.8453914225101471
  view-data: 3.3559449203312397
