times:
  edit-metadata: 1.8394022826105356
  landing: 0.018753033131361008
  view-data: 0.02743479609489441
