times:
  edit-metadata: 1.0389151377603412
  landing: 0.04742588009685278
  view-data: 0.2265806240029633
