times:
  edit-metadata: 1.9058541730046272
  landing: 1.1083714198321104
  view-data: 0.6117080301046371
