times:
  edit-metadata: 1.8940829150378704
  landing: 0.019473258405923843
  view-data: 0.03082277998328209
