times:
  edit-metadata: 1.9526769910007715
  landing: 0.019824467599391937
  view-data: 0.024554653093218803
