times:
  edit-metadata: 1.7881304239854217
  landing: 0.02116294950246811
  view-data: 0.119069610722363
