times:
  landing: 0.5762355360000129
  view-data: 0.5573020159999942
