times:
  landing: 1.0765550219999795
  view-data: 0.5565460179999491
