times:
  edit-metadata: 1.1274151508696377
  landing: 0.13548232708126307
  view-data: 0.2367245750501752
