times:
  landing: 0.5540232449999962
  view-data: 0.5543632449999905
