times:
  edit-metadata: 1.2633812460117042
  landing: 0.07546891499077901
  view-data: 0.23680983303347602
