times:
  edit-metadata: 1.724315993487835
  landing: 0.9790807776153088
  view-data: 3.4516331292688847
