times:
  landing: 1.0787525069999901
  view-data: 0.5454714399999716
