times:
  edit-metadata: 1.516440525650978
  landing: 0.9148613177239895
  view-data: 3.368254292756319
