times:
  edit-metadata: 1.2973079270450398
  landing: 0.8570921489736065
  view-data: 3.3993894240120426
