times:
  edit-metadata: 1.7716947309672832
  landing: 0.018951082602143288
  view-data: 0.35810279473662376
