times:
  edit-metadata: 1.4216387681663036
  landing: 0.8905602991580963
  view-data: 3.3520676270127296
