times:
  edit-metadata: 0.8774729401338845
  landing: 0.04846350499428809
  view-data: 0.21054167998954654
