times:
  edit-metadata: 2.379023265093565
  landing: 1.4216446629725397
  view-data: 3.8145600827410817
