times:
  edit-metadata: 0.9343842838425189
  landing: 0.05771489022299647
  view-data: 0.21039806492626667
