times:
  landing: 1.059165256
  view-data: 0.5488096539999958
