times:
  edit-metadata: 1.4795015789568424
  landing: 0.8341714479029179
  view-data: 0.5842678360641003
