times:
  edit-metadata: 0.8573419330641627
  landing: 0.06986246258020401
  view-data: 0.22601153189316392
