times:
  edit-metadata: 1.5402400745078921
  landing: 0.8865205831825733
  view-data: 3.4055109955370426
