times:
  edit-metadata: 0.8421952743083239
  landing: 0.06784609099850059
  view-data: 0.2320029642432928
