times:
  edit-metadata: 1.550176989287138
  landing: 0.9205729924142361
  view-data: 3.3766209706664085
