times:
  edit-metadata: 2.1891716215759516
  landing: 0.022104437462985516
  view-data: 0.029089377261698246
