times:
  edit-metadata: 2.018520589917898
  landing: 0.02779664658010006
  view-data: 0.02432203944772482
