times:
  edit-metadata: 1.047327154316008
  landing: 0.056175859179347754
  view-data: 0.22397295804694295
