times:
  edit-metadata: 1.9637622274458408
  landing: 1.3094761967658997
  view-data: 3.6694932114332914
