times:
  edit-metadata: 1.118146005901508
  landing: 0.05468807101715356
  view-data: 0.33635768201202154
