times:
  edit-metadata: 2.743344406997494
  landing: 0.018873883000196656
  view-data: 0.5686527719990409
