times:
  edit-metadata: 1.9544135835021734
  landing: 0.020422231405973434
  view-data: 0.02574586495757103
