times:
  edit-metadata: 0.9990905346348882
  landing: 0.05989262508228421
  view-data: 0.21684991801157594
