times:
  edit-metadata: 0.8893667850643396
  landing: 0.04940415499731898
  view-data: 0.21926578506827354
