times:
  edit-metadata: 2.1416455805301666
  landing: 1.0369445458054543
  view-data: 3.34371442720294
