times:
  landing: 0.5546527199999787
  view-data: 0.050782803999993575
