times:
  edit-metadata: 0.9096757540246472
  landing: 0.054191571893170476
  view-data: 0.21091477200388908
