times:
  landing: 0.5470508340000038
  view-data: 0.5544110220000107
