times:
  edit-metadata: 1.6145765129986103
  landing: 0.05628390100173419
  view-data: 0.2197194030013634
