times:
  edit-metadata: 0.895076896995306
  landing: 0.06576279900036752
  view-data: 0.20516146789304912
