times:
  landing: 0.5480485720000274
  view-data: 0.5533019060000015
