times:
  edit-metadata: 1.4085836447775364
  landing: 0.842892337590456
  view-data: 3.36162818595767
