times:
  edit-metadata: 1.8982431655749679
  landing: 0.01968240085989237
  view-data: 0.02477371972054243
