times:
  edit-metadata: 1.7233124440535903
  landing: 0.9695335635915399
  view-data: 3.3239391651004553
