times:
  edit-metadata: 1.5189444907009602
  landing: 0.7692122049629688
  view-data: 3.4049373157322407
