times:
  edit-metadata: 0.9215465649031103
  landing: 0.05282949912361801
  view-data: 0.20824088109657168
