times:
  edit-metadata: 0.8484126680996269
  landing: 0.05426279385574162
  view-data: 0.21122163394466043
