times:
  edit-metadata: 0.8726506480015814
  landing: 0.058306057937443256
  view-data: 0.2134536891244352
