times:
  edit-metadata: 1.0973289429966826
  landing: 0.08548632200108841
  view-data: 0.2360209120088257
