times:
  edit-metadata: 0.9027562187984586
  landing: 0.05606099124997854
  view-data: 0.2095533600077033
