times:
  edit-metadata: 1.6361180283129215
  landing: 0.055201753973960876
  view-data: 0.22883127629756927
