times:
  landing: 0.5713003159999062
  view-data: 0.5661213480000242
