times:
  edit-metadata: 0.8590883789875079
  landing: 0.043938376009464264
  view-data: 0.21083861199440435
