times:
  edit-metadata: 0.9423104929737747
  landing: 0.07273244485259056
  view-data: 0.2363093444146216
