times:
  edit-metadata: 1.437606862746179
  landing: 0.7998024430125952
  view-data: 3.348256309516728
