times:
  edit-metadata: 2.137713151052594
  landing: 0.19052722863852978
  view-data: 0.5477144997566938
