times:
  edit-metadata: 1.529632542282343
  landing: 0.7415817603468895
  view-data: 3.412484936416149
