times:
  edit-metadata: 0.8606263000983745
  landing: 0.0752895399928093
  view-data: 0.23451264505274594
