times:
  edit-metadata: 2.941208983771503
  landing: 0.5028344560414553
  view-data: 0.38267805706709623
