times:
  edit-metadata: 1.4493886751588434
  landing: 0.7821893079672009
  view-data: 3.3245917859021574
