times:
  edit-metadata: 0.9078289237804711
  landing: 0.059595287311822176
  view-data: 0.22924516908824444
