times:
  landing: 0.5556453300000612
  view-data: 0.5546643229999972
