times:
  edit-metadata: 1.8194544380530715
  landing: 0.20387471374124289
  view-data: 0.02334634680300951
