times:
  edit-metadata: 1.8641636241227388
  landing: 0.23005506116896868
  view-data: 0.22346697747707367
