times:
  landing: 0.5486518390000015
  view-data: 0.5541008769999962
