times:
  landing: 0.5692950090000295
  view-data: 0.5601039560000345
