times:
  landing: 0.5539177300000233
  view-data: 0.5613206539999851
