times:
  edit-metadata: 1.795409208163619
  landing: 0.6223429441452026
  view-data: 0.34100135415792465
