times:
  edit-metadata: 1.8394246883690357
  landing: 0.057703521102666855
  view-data: 0.23179980739951134
