times:
  edit-metadata: 0.9318603370002165
  landing: 0.0625149219999912
  view-data: 0.24822451899990483
