times:
  edit-metadata: 2.152369473129511
  landing: 0.3135427627712488
  view-data: 0.3538218252360821
