times:
  edit-metadata: 1.4486940987408161
  landing: 0.7024034857749939
  view-data: 3.3522910876199603
