times:
  edit-metadata: 0.9982360783033073
  landing: 0.06972512882202864
  view-data: 0.23381274519488215
