times:
  edit-metadata: 2.1116025390219875
  landing: 0.14230254298308864
  view-data: 0.027128115005325526
