times:
  edit-metadata: 1.8302536103874445
  landing: 0.12684523686766624
  view-data: 0.11704115848988295
