times:
  landing: 1.080015827000011
  view-data: 0.5536893889999988
