times:
  edit-metadata: 1.5794400908052921
  landing: 0.7876753397285938
  view-data: 3.4366330932825804
