times:
  edit-metadata: 1.7907599303871393
  landing: 2.384886234998703
  view-data: 1.0204058438539505
