times:
  landing: 0.5554200219999927
  view-data: 0.5715890299999842
