times:
  edit-metadata: 1.521741570904851
  landing: 0.8306430336087942
  view-data: 3.42543382383883
