times:
  edit-metadata: 1.5176510717719793
  landing: 0.7913434766232967
  view-data: 3.406725751236081
