times:
  edit-metadata: 1.8193623311817646
  landing: 0.020719587802886963
  view-data: 0.023547234944999218
