times:
  landing: 0.5506824970000253
  view-data: 0.5605802889999723
