times:
  edit-metadata: 1.3918935372494161
  landing: 0.7667263429611921
  view-data: 3.310950343962759
