times:
  edit-metadata: 1.644526468589902
  landing: 0.9871683269739151
  view-data: 3.480538437142968
