times:
  landing: 0.5524544700000433
  view-data: 0.5610381150000308
