times:
  edit-metadata: 1.5031924732029438
  landing: 0.8633066043257713
  view-data: 3.3703493736684322
