times:
  edit-metadata: 1.9834116697311401
  landing: 0.6623640991747379
  view-data: 0.27065860107541084
