times:
  edit-metadata: 1.4975931122899055
  landing: 0.7817098796367645
  view-data: 3.4335163980722427
