times:
  edit-metadata: 1.9563467353582382
  landing: 1.1038822755217552
  view-data: 3.683922290802002
