times:
  edit-metadata: 1.392984353005886
  landing: 0.8355013653635979
  view-data: 3.488826245069504
