times:
  edit-metadata: 1.3690924793481827
  landing: 0.7801447883248329
  view-data: 3.5659745037555695
