times:
  edit-metadata: 1.416567474603653
  landing: 0.7933200225234032
  view-data: 3.4741359502077103
