times:
  edit-metadata: 1.3671168386936188
  landing: 0.7400486171245575
  view-data: 3.5292110666632652
