times:
  edit-metadata: 1.412324070930481
  landing: 0.7675254568457603
  view-data: 3.391965538263321
