times:
  edit-metadata: 1.393226146697998
  landing: 0.7346680462360382
  view-data: 3.450006924569607
