times:
  edit-metadata: 1.8838491439819336
  landing: 1.161077044904232
  view-data: 3.693479038774967
