times:
  edit-metadata: 1.5098266154527664
  landing: 0.7876991257071495
  view-data: 3.400237523019314
