times:
  edit-metadata: 1.5117935165762901
  landing: 0.7642004638910294
  view-data: 3.521560698747635
