times:
  edit-metadata: 1.8706917613744736
  landing: 1.5755814537405968
  view-data: 3.4702386930584908
