times:
  edit-metadata: 1.4155011996626854
  landing: 0.8544829711318016
  view-data: 3.4073399528861046
