times:
  edit-metadata: 1.5749958530068398
  landing: 0.9365999400615692
  view-data: 3.5852886885404587
