times:
  edit-metadata: 1.3409401550889015
  landing: 0.7746187746524811
  view-data: 3.487647920846939
