times:
  edit-metadata: 1.8400800973176956
  landing: 1.1223599016666412
  view-data: 3.6814124658703804
