times:
  edit-metadata: 1.558112010359764
  landing: 1.0079122334718704
  view-data: 3.453538656234741
