times:
  edit-metadata: 1.3407409265637398
  landing: 0.7344972565770149
  view-data: 3.5224990621209145
