times:
  edit-metadata: 2.4785025119781494
  landing: 2.181954599916935
  view-data: 3.6411175578832626
