times:
  edit-metadata: 1.662929244339466
  landing: 0.7910332530736923
  view-data: 3.5426020324230194
