times:
  edit-metadata: 1.4411451146006584
  landing: 0.7243837490677834
  view-data: 3.513813331723213
