times:
  edit-metadata: 1.3932685926556587
  landing: 0.7348716482520103
  view-data: 3.4434862434864044
