times:
  edit-metadata: 1.3822711408138275
  landing: 0.7968207076191902
  view-data: 3.4619100987911224
