times:
  edit-metadata: 1.2254820242524147
  landing: 0.9093032330274582
  view-data: 3.4113272801041603
