times:
  edit-metadata: 1.5323190987110138
  landing: 0.9852288067340851
  view-data: 3.679130904376507
