times:
  edit-metadata: 2.440158396959305
  landing: 1.4855371415615082
  view-data: 3.7354318723082542
