times:
  edit-metadata: 1.3761221766471863
  landing: 0.9309066832065582
  view-data: 3.4828612878918648
