times:
  edit-metadata: 1.431803621351719
  landing: 0.8650234341621399
  view-data: 3.542781673371792
