times:
  edit-metadata: 1.5017592832446098
  landing: 0.7160191535949707
  view-data: 3.4496703073382378
