times:
  edit-metadata: 1.3264718651771545
  landing: 0.8282008767127991
  view-data: 3.428878642618656
