times:
  edit-metadata: 1.4022890478372574
  landing: 0.7199941501021385
  view-data: 3.5065554082393646
