times:
  edit-metadata: 1.3927842304110527
  landing: 0.7260523214936256
  view-data: 3.532246060669422
