times:
  edit-metadata: 1.8291523084044456
  landing: 0.7227387502789497
  view-data: 3.348714478313923
