times:
  edit-metadata: 1.4878788739442825
  landing: 1.0132192075252533
  view-data: 3.405408561229706
