times:
  edit-metadata: 1.2288111671805382
  landing: 0.7379737570881844
  view-data: 3.4409538954496384
