times:
  edit-metadata: 1.4206501245498657
  landing: 0.7917279899120331
  view-data: 3.3773750588297844
