times:
  edit-metadata: 1.3503872454166412
  landing: 0.7912620902061462
  view-data: 3.475722663104534
