times:
  edit-metadata: 1.5238932073116302
  landing: 0.7756588310003281
  view-data: 3.4583870470523834
