times:
  edit-metadata: 1.4861257895827293
  landing: 0.7860789075493813
  view-data: 3.487951636314392
