times:
  edit-metadata: 1.4150156304240227
  landing: 0.8661046922206879
  view-data: 3.363170452415943
