times:
  edit-metadata: 1.404160775244236
  landing: 0.7212918996810913
  view-data: 3.3540864288806915
