times:
  edit-metadata: 0.8656483420054428
  landing: 0.05175350100034848
  view-data: 0.2101119119906798
