times:
  edit-metadata: 0.8852470259880647
  landing: 0.0470149249304086
  view-data: 0.24534548399969935
