times:
  edit-metadata: 1.2163191810250282
  landing: 0.6925711147487164
  view-data: 0.20646832324564457
