times:
  edit-metadata: 0.7961243682075292
  landing: 0.05212683300487697
  view-data: 0.21286480803973973
