times:
  edit-metadata: 0.8603147010144312
  landing: 0.050791736983228475
  view-data: 0.20638528501149267
