times:
  edit-metadata: 1.419095829129219
  landing: 0.044745855033397675
  view-data: 0.21713365614414215
