times:
  edit-metadata: 0.9998261793516576
  landing: 0.08674937440082431
  view-data: 0.24980275193229318
