times:
  landing: 0.5489029309999864
  view-data: 0.5525202169999943
