times:
  edit-metadata: 1.076572366990149
  landing: 0.10150175401940942
  view-data: 0.33698424976319075
