times:
  edit-metadata: 0.8223157897591591
  landing: 0.049716874957084656
  view-data: 0.2529759742319584
