times:
  edit-metadata: 1.7161517729982734
  landing: 0.022197002544999123
  view-data: 0.13291290681809187
