times:
  edit-metadata: 1.4842847026884556
  landing: 0.9455627016723156
  view-data: 3.3462016880512238
