times:
  edit-metadata: 0.8054954600520432
  landing: 0.04858624283224344
  view-data: 0.6444932669401169
