times:
  edit-metadata: 1.8833481539040804
  landing: 0.17404081299901009
  view-data: 0.385460851714015
