times:
  edit-metadata: 1.8220903435721993
  landing: 0.020402517169713974
  view-data: 0.1478120069950819
