times:
  edit-metadata: 1.5276014097034931
  landing: 0.9416164644062519
  view-data: 3.33700492605567
