times:
  edit-metadata: 1.876122560352087
  landing: 0.017928101122379303
  view-data: 0.02431977353990078
