times:
  edit-metadata: 0.7932317168451846
  landing: 0.046013584826141596
  view-data: 0.20690502878278494
