times:
  landing: 0.5538139310000076
  view-data: 0.06248932099998683
