times:
  edit-metadata: 0.7580484002828598
  landing: 0.04850880429148674
  view-data: 0.20851641381159425
