times:
  edit-metadata: 0.8492617951706052
  landing: 0.060192607808858156
  view-data: 0.2256825938820839
