times:
  edit-metadata: 1.0708075049333274
  landing: 0.059447820764034986
  view-data: 0.34574004961177707
