times:
  edit-metadata: 1.4140219166874886
  landing: 0.04752197861671448
  view-data: 0.2155497930943966
