times:
  edit-metadata: 2.0859672175720334
  landing: 0.12035740539431572
  view-data: 0.8018501773476601
