times:
  landing: 0.554878201000065
  view-data: 0.572651636000046
