times:
  edit-metadata: 1.587964504957199
  landing: 1.235165098682046
  view-data: 0.32997042313218117
