times:
  edit-metadata: 2.2061048708856106
  landing: 1.4328901432454586
  view-data: 3.7905640453100204
