times:
  edit-metadata: 1.6024381555616856
  landing: 1.2918417043983936
  view-data: 0.5632385741919279
