times:
  landing: 0.5591184109999858
  view-data: 0.5618306130000406
