times:
  edit-metadata: 0.7620205557905138
  landing: 0.048732293769717216
  view-data: 0.21114138886332512
