times:
  edit-metadata: 1.8131964579224586
  landing: 0.02211653720587492
  view-data: 0.024653290398418903
