times:
  edit-metadata: 0.7693552700802684
  landing: 0.04764455696567893
  view-data: 0.2159170899540186
