times:
  edit-metadata: 1.5377058312296867
  landing: 0.8801225274801254
  view-data: 3.4227293580770493
