times:
  edit-metadata: 1.860788468271494
  landing: 0.019475901499390602
  view-data: 0.3614125121384859
