times:
  edit-metadata: 0.8044314170256257
  landing: 0.04426181607414037
  view-data: 0.20583396195434034
