times:
  landing: 1.0739184549999834
  view-data: 0.5565701520000061
