times:
  edit-metadata: 0.8275353609933518
  landing: 0.046961333020590246
  view-data: 0.3640402299934067
