times:
  edit-metadata: 0.7669676002115011
  landing: 0.04640483297407627
  view-data: 0.21283881971612573
