times:
  edit-metadata: 1.3312936387956142
  landing: 1.1103650461882353
  view-data: 0.31564116291701794
