times:
  edit-metadata: 2.7407186087220907
  landing: 0.24824854731559753
  view-data: 0.587295601144433
