times:
  landing: 0.5490523419999818
  view-data: 0.5556032069999901
