times:
  edit-metadata: 0.7864001719281077
  landing: 0.04469894524663687
  view-data: 0.37940901331603527
