times:
  edit-metadata: 1.6880421116948128
  landing: 0.06472830101847649
  view-data: 0.22052397206425667
