times:
  edit-metadata: 1.5886991322040558
  landing: 1.028492160141468
  view-data: 3.389053761959076
