times:
  edit-metadata: 1.3394458554685116
  landing: 0.6516929361969233
  view-data: 0.33128174021840096
