times:
  edit-metadata: 2.4932459788396955
  landing: 1.8097605109214783
  view-data: 3.754162361845374
