times:
  edit-metadata: 1.7198347942903638
  landing: 0.023369119502604008
  view-data: 0.1306666973978281
