times:
  edit-metadata: 1.199916284531355
  landing: 0.6297667510807514
  view-data: 0.2135811485350132
