times:
  edit-metadata: 1.2004760149866343
  landing: 0.8564852084964514
  view-data: 0.35457595624029636
