times:
  edit-metadata: 1.7950566289946437
  landing: 0.02094248402863741
  view-data: 0.20465090032666922
