times:
  edit-metadata: 0.7683396372012794
  landing: 0.04773855581879616
  view-data: 0.21745850704610348
