times:
  edit-metadata: 1.4355263784527779
  landing: 0.05057884007692337
  view-data: 0.21712765470147133
