times:
  edit-metadata: 0.7574658230878413
  landing: 0.04445975087583065
  view-data: 0.212147138081491
