times:
  landing: 0.5448026110000228
  view-data: 0.5461864119999973
