times:
  edit-metadata: 1.4714436568319798
  landing: 1.00046880915761
  view-data: 3.3457177877426147
