times:
  edit-metadata: 1.6671210378408432
  landing: 0.05828021466732025
  view-data: 0.2136855311691761
