times:
  edit-metadata: 0.7469917312264442
  landing: 0.05126496683806181
  view-data: 0.22784167481586337
