times:
  edit-metadata: 0.8117438401095569
  landing: 0.05113516200799495
  view-data: 0.2138177000451833
