times:
  edit-metadata: 2.2789970356971025
  landing: 0.2659541890025139
  view-data: 0.1335836425423622
