times:
  edit-metadata: 0.884138859808445
  landing: 0.04400580609217286
  view-data: 0.21893893997184932
