times:
  edit-metadata: 2.171477921307087
  landing: 0.8768971795216203
  view-data: 3.6141622168943286
