times:
  edit-metadata: 1.7956246687099338
  landing: 0.022582445293664932
  view-data: 0.19730377942323685
