times:
  edit-metadata: 0.8100683709781151
  landing: 0.04637965600704774
  view-data: 0.2604015090037137
