times:
  landing: 0.5537109429999987
  view-data: 0.5602364910000119
