times:
  edit-metadata: 1.402557086199522
  landing: 0.9138199351727962
  view-data: 3.404967926442623
