times:
  edit-metadata: 1.511205367743969
  landing: 0.7778026051819324
  view-data: 3.388708796352148
