times:
  edit-metadata: 1.5297402273863554
  landing: 0.8910199496895075
  view-data: 3.4071553871035576
