times:
  edit-metadata: 0.7987740410026163
  landing: 0.04375374999654014
  view-data: 0.2073654279956827
