times:
  edit-metadata: 1.812205608934164
  landing: 1.22842738032341
  view-data: 0.44308418221771717
