times:
  landing: 1.074957530000006
  view-data: 0.5418581129999893
