times:
  landing: 0.5505635309999661
  view-data: 0.5566594840000221
