times:
  landing: 0.5536279689999901
  view-data: 0.562334450000094
