times:
  edit-metadata: 1.8184484783560038
  landing: 0.021556219086050987
  view-data: 0.4498518034815788
