times:
  landing: 1.0888403710000034
  view-data: 0.5603371299999935
