times:
  edit-metadata: 0.8163179529365152
  landing: 0.05155237182043493
  view-data: 0.2456519939005375
