times:
  edit-metadata: 1.3816057099029422
  landing: 0.8653897210024297
  view-data: 0.5837071218993515
