times:
  edit-metadata: 0.8204449999611825
  landing: 0.05593695305287838
  view-data: 0.2677416510414332
