times:
  edit-metadata: 1.4694482386112213
  landing: 0.042140573263168335
  view-data: 0.21503932029008865
