times:
  edit-metadata: 0.8076187986880541
  landing: 0.053825230337679386
  view-data: 0.21102931816130877
