times:
  edit-metadata: 0.8989754659123719
  landing: 0.08518677903339267
  view-data: 0.23785994900390506
