times:
  edit-metadata: 1.590292926877737
  landing: 0.7738812491297722
  view-data: 0.33527745492756367
