times:
  edit-metadata: 1.7527494211681187
  landing: 1.0898887421935797
  view-data: 3.3425954880658537
