times:
  edit-metadata: 0.8785584901925176
  landing: 0.04727097717113793
  view-data: 0.34399770107120275
