times:
  edit-metadata: 1.3657702030614018
  landing: 0.7590680499561131
  view-data: 3.3941839952021837
