times:
  edit-metadata: 1.526952750980854
  landing: 0.8692729560425505
  view-data: 3.3388434649677947
