times:
  edit-metadata: 0.7892513778060675
  landing: 0.0481496537104249
  view-data: 0.2089521335437894
