times:
  landing: 1.0835670150000283
  view-data: 0.5584046320000198
