times:
  edit-metadata: 0.8635155539959669
  landing: 0.0478560560150072
  view-data: 0.23878537502605468
