times:
  edit-metadata: 1.6521557867527008
  landing: 0.8926650639623404
  view-data: 3.4234148170799017
