times:
  landing: 0.5549053659999856
  view-data: 0.5520466849999934
