times:
  edit-metadata: 1.884187800809741
  landing: 0.19171119667589664
  view-data: 0.33628856018185616
