times:
  edit-metadata: 1.5009361170232296
  landing: 0.782074311748147
  view-data: 3.390790892764926
