times:
  edit-metadata: 1.6135482899844646
  landing: 0.5020218100398779
  view-data: 0.2550041154026985
