times:
  edit-metadata: 1.751246907748282
  landing: 0.018766934983432293
  view-data: 0.3845308991149068
