times:
  edit-metadata: 0.8398352200165391
  landing: 0.04844731098273769
  view-data: 0.3692734289797954
