times:
  edit-metadata: 1.667646449059248
  landing: 1.0446667186915874
  view-data: 3.362304724752903
