times:
  edit-metadata: 1.5185626316815615
  landing: 0.8331292234361172
  view-data: 3.4973106402903795
