times:
  landing: 0.5452701500000785
  view-data: 0.5468697740000152
