times:
  edit-metadata: 1.902901996858418
  landing: 0.2215090924873948
  view-data: 0.5078862858936191
