times:
  edit-metadata: 0.8185667926445603
  landing: 0.05983493663370609
  view-data: 0.20742007810622454
