times:
  edit-metadata: 1.4334855526685715
  landing: 0.965470427647233
  view-data: 3.3422233890742064
