times:
  edit-metadata: 0.8316361475735903
  landing: 0.04753405600786209
  view-data: 0.22465668246150017
