times:
  edit-metadata: 0.8829760029911995
  landing: 0.07826171023771167
  view-data: 0.2413380118086934
