times:
  edit-metadata: 1.7048171199858189
  landing: 0.02046552114188671
  view-data: 0.398335681296885
