times:
  edit-metadata: 0.8508450449735392
  landing: 0.0593398509954568
  view-data: 0.2123108020168729
