times:
  landing: 0.5538629160000141
  view-data: 0.5642305979999946
