times:
  edit-metadata: 0.7923475240822881
  landing: 0.046474335016682744
  view-data: 0.20545632508583367
