times:
  edit-metadata: 1.8101394036784768
  landing: 1.0467249425128102
  view-data: 3.3714364245533943
