times:
  edit-metadata: 0.8222009020391852
  landing: 0.05066067585721612
  view-data: 0.4931069128215313
