times:
  edit-metadata: 0.812251711031422
  landing: 0.0546631149481982
  view-data: 0.22552514099515975
