times:
  edit-metadata: 1.4610586054623127
  landing: 1.1076094284653664
  view-data: 3.3626935221254826
