times:
  edit-metadata: 2.190710363909602
  landing: 0.020713772624731064
  view-data: 0.3692276291549206
