times:
  edit-metadata: 0.8015807799529284
  landing: 0.05787429690826684
  view-data: 0.22621775907464325
