times:
  edit-metadata: 1.5839911494404078
  landing: 0.847671864554286
  view-data: 3.434263564646244
