times:
  edit-metadata: 0.7851545829325914
  landing: 0.04525758500676602
  view-data: 0.26716587401460856
