times:
  edit-metadata: 1.731161231175065
  landing: 0.020326578058302402
  view-data: 0.4480128772556782
