times:
  edit-metadata: 1.4114814270287752
  landing: 0.8828622568398714
  view-data: 3.373283328488469
