times:
  landing: 0.5670879780000178
  view-data: 0.5603247409999881
