times:
  edit-metadata: 1.684175506234169
  landing: 1.5741417706012726
  view-data: 0.4380913358181715
