times:
  landing: 0.5518728060000058
  view-data: 0.5565213349999567
