times:
  edit-metadata: 0.8063322750385851
  landing: 0.047577160061337054
  view-data: 0.21730904607102275
