times:
  edit-metadata: 1.7815880486741662
  landing: 0.12634940911084414
  view-data: 0.5073043266311288
