times:
  edit-metadata: 1.4842428173869848
  landing: 0.7946770302951336
  view-data: 3.3503614086657763
