times:
  edit-metadata: 0.7367384159006178
  landing: 0.046819526236504316
  view-data: 0.21260258788242936
