times:
  edit-metadata: 0.8354326830012724
  landing: 0.05594232096336782
  view-data: 0.21197069704066962
