times:
  edit-metadata: 1.0845830221660435
  landing: 0.04227515775710344
  view-data: 0.23899976396933198
