times:
  edit-metadata: 1.7451367527246475
  landing: 0.020609091967344284
  view-data: 0.44763996824622154
