times:
  edit-metadata: 1.8385832579806447
  landing: 0.021169343031942844
  view-data: 0.13198632653802633
