times:
  edit-metadata: 1.996910348534584
  landing: 1.2006222680211067
  view-data: 3.4235609509050846
