times:
  landing: 1.0875439189999838
  view-data: 0.577483500000028
