times:
  edit-metadata: 1.821799160912633
  landing: 0.022440551780164242
  view-data: 0.026105713099241257
