times:
  edit-metadata: 1.5972068533301353
  landing: 0.7373609635978937
  view-data: 0.6719313934445381
