times:
  edit-metadata: 0.780285679269582
  landing: 0.050840707030147314
  view-data: 0.21513143088668585
