times:
  edit-metadata: 0.7882941029965878
  landing: 0.04913718800526112
  view-data: 0.23200714902486652
