times:
  edit-metadata: 0.773572875186801
  landing: 0.058213330805301666
  view-data: 0.22886444395408034
