times:
  edit-metadata: 1.5974693316966295
  landing: 0.6087352503091097
  view-data: 0.3615231029689312
