times:
  edit-metadata: 0.8904032469727099
  landing: 0.04803529102355242
  view-data: 0.22380560589954257
