times:
  landing: 0.5523222279998663
  view-data: 0.5615006539999285
