times:
  edit-metadata: 1.5736867263913155
  landing: 0.059643032029271126
  view-data: 0.3366317544132471
