times:
  edit-metadata: 2.409668531268835
  landing: 0.06594923138618469
  view-data: 0.3204986471682787
