times:
  edit-metadata: 1.3983783200383186
  landing: 0.05356452986598015
  view-data: 0.21737254410982132
