times:
  edit-metadata: 1.544016283005476
  landing: 0.9284035842865705
  view-data: 3.412865048274398
