times:
  edit-metadata: 1.7771101230755448
  landing: 0.01991698145866394
  view-data: 0.392299965955317
