times:
  landing: 0.5529484280000361
  view-data: 0.5612724289999278
