times:
  edit-metadata: 0.9367806911468506
  landing: 0.06804858008399606
  view-data: 0.25558430794626474
