times:
  edit-metadata: 1.2912872731685638
  landing: 0.7166985510848463
  view-data: 3.308428064920008
