times:
  edit-metadata: 1.5124826431274414
  landing: 0.9551531113684177
  view-data: 3.4052318036556244
