times:
  edit-metadata: 1.2339248973876238
  landing: 0.5943596325814724
  view-data: 0.3434855081140995
