times:
  landing: 0.5533183069999836
  view-data: 0.5680137439999839
