times:
  landing: 1.07432130899997
  view-data: 0.5615380450000202
