times:
  landing: 0.5569671890000052
  view-data: 0.052604114999979856
