times:
  edit-metadata: 1.9002567613497376
  landing: 0.023295181803405285
  view-data: 0.02494958136230707
