times:
  edit-metadata: 0.7826925809495151
  landing: 0.049626476131379604
  view-data: 0.20619905297644436
