times:
  edit-metadata: 0.8727824240922928
  landing: 0.07941886084154248
  view-data: 0.23998650209978223
