times:
  edit-metadata: 0.8149274829775095
  landing: 0.058397753862664104
  view-data: 0.20986084290780127
