times:
  edit-metadata: 1.7485074391588569
  landing: 0.022517593577504158
  view-data: 0.026024186983704567
