times:
  landing: 0.5553557359999957
  view-data: 0.5640946159999771
