times:
  edit-metadata: 1.5164148639887571
  landing: 0.9138882365077734
  view-data: 3.3646437972784042
