times:
  edit-metadata: 1.6763818468898535
  landing: 0.725243715569377
  view-data: 0.24957655370235443
