times:
  landing: 0.5522470759999862
  view-data: 0.05494621400001165
