times:
  edit-metadata: 1.8022246845066547
  landing: 0.11884023994207382
  view-data: 0.3018184807151556
