times:
  edit-metadata: 0.820872999727726
  landing: 0.05230222223326564
  view-data: 0.23863848205655813
