times:
  edit-metadata: 1.5020048636943102
  landing: 0.8139842562377453
  view-data: 3.3745254706591368
