times:
  landing: 0.5676437809999868
  view-data: 0.5617863880000016
