times:
  edit-metadata: 1.2364982410799712
  landing: 0.12224680895451456
  view-data: 0.30457261099945754
