times:
  landing: 0.5513886559999719
  view-data: 0.5587342329999956
