times:
  landing: 0.5514861150000456
  view-data: 0.5612359099999935
