times:
  edit-metadata: 0.7734210598282516
  landing: 0.056909149046987295
  view-data: 0.3399328300729394
