times:
  edit-metadata: 1.5751576860202476
  landing: 1.1887110579991713
  view-data: 3.3323047320591286
