times:
  edit-metadata: 1.7440298162400723
  landing: 8.656504789367318
  view-data: 2.7186722476035357
