times:
  edit-metadata: 1.812886512838304
  landing: 0.02070735301822424
  view-data: 0.13067870866507292
