times:
  edit-metadata: 1.456839108839631
  landing: 0.8142904974520206
  view-data: 0.598979763686657
