times:
  edit-metadata: 1.7529364693909883
  landing: 0.024712796323001385
  view-data: 0.12770657800137997
