times:
  landing: 0.5483052410000369
  view-data: 0.5546041880000416
