times:
  landing: 1.111077502835542
  view-data: 0.5520160768646747
