times:
  landing: 1.0939375019999602
  view-data: 0.5601194260000284
