times:
  edit-metadata: 1.5511650759726763
  landing: 0.9527426939457655
  view-data: 3.3742206636816263
