times:
  edit-metadata: 1.4313617162406445
  landing: 0.053274285048246384
  view-data: 0.21319466829299927
