times:
  landing: 0.5569548160000011
  view-data: 0.06940292999999542
