times:
  landing: 1.1346725429999935
  view-data: 0.5622870130000024
