times:
  edit-metadata: 1.8637672709301114
  landing: 0.021263044327497482
  view-data: 0.4030663575977087
