times:
  landing: 0.5573280019999913
  view-data: 0.05331111600000327
