times:
  landing: 0.5525886309999919
  view-data: 0.5649937950000208
