times:
  edit-metadata: 2.757984535768628
  landing: 0.3220840338617563
  view-data: 0.5553669314831495
