times:
  edit-metadata: 1.488326464779675
  landing: 0.8773535788059235
  view-data: 0.6166837448254228
