times:
  edit-metadata: 1.4754791669547558
  landing: 0.05097217485308647
  view-data: 0.2232573851943016
