times:
  edit-metadata: 1.3762999437749386
  landing: 0.7771640606224537
  view-data: 3.312987480312586
