times:
  edit-metadata: 0.847854086663574
  landing: 0.05612475797533989
  view-data: 0.2081167339347303
