times:
  edit-metadata: 1.8070765472948551
  landing: 1.1615477483719587
  view-data: 3.4770229952409863
