times:
  landing: 0.5494231909999883
  view-data: 0.5549182609999832
