times:
  edit-metadata: 0.781799556221813
  landing: 0.05469702510163188
  view-data: 0.21571471588686109
