times:
  edit-metadata: 1.4568414390087128
  landing: 0.9983430095016956
  view-data: 3.2911865636706352
