times:
  edit-metadata: 2.2797387316823006
  landing: 1.0088435262441635
  view-data: 3.423012938350439
