times:
  edit-metadata: 1.8141238326206803
  landing: 0.021324625238776207
  view-data: 0.48516165651381016
