times:
  edit-metadata: 1.6071785409003496
  landing: 0.8573805186897516
  view-data: 0.21018732525408268
