times:
  landing: 1.071652491000009
  view-data: 0.5508017999999879
