times:
  edit-metadata: 1.5533845871686935
  landing: 0.8254959397017956
  view-data: 3.3545199558138847
