times:
  edit-metadata: 0.7682640990242362
  landing: 0.04411381296813488
  view-data: 0.21992025198414922
