times:
  edit-metadata: 1.5225528217852116
  landing: 0.8548396397382021
  view-data: 3.409068364650011
