times:
  edit-metadata: 1.4792321100831032
  landing: 1.0603999681770802
  view-data: 3.339521888643503
