times:
  edit-metadata: 2.188957058824599
  landing: 0.8219158528372645
  view-data: 3.3910320261493325
