times:
  landing: 1.0803694020000023
  view-data: 0.5496399710000048
