times:
  edit-metadata: 1.6930248951539397
  landing: 0.11410025041550398
  view-data: 0.23469374608248472
