times:
  edit-metadata: 0.8263161000795662
  landing: 0.04812026000581682
  view-data: 0.20499072805978358
