times:
  edit-metadata: 1.5181766767054796
  landing: 0.7740415763109922
  view-data: 3.3720454927533865
