times:
  edit-metadata: 1.5144099686294794
  landing: 0.8377807755023241
  view-data: 3.4418877866119146
