times:
  edit-metadata: 0.7655887836590409
  landing: 0.04330143611878157
  view-data: 0.21762260049581528
