times:
  edit-metadata: 1.6791549660265446
  landing: 1.9324028119444847
  view-data: 0.5967457052320242
