times:
  edit-metadata: 2.1128711588680744
  landing: 0.019124106504023075
  view-data: 0.023972148075699806
