times:
  edit-metadata: 0.8171035561244935
  landing: 0.04731648089364171
  view-data: 0.23610103712417185
