times:
  edit-metadata: 1.2806835398077965
  landing: 0.9868477825075388
  view-data: 0.48236057721078396
