times:
  edit-metadata: 1.6806683521717787
  landing: 1.207019068300724
  view-data: 0.4571369681507349
