times:
  edit-metadata: 2.4532313495874405
  landing: 0.3448776286095381
  view-data: 0.4030575957149267
