times:
  edit-metadata: 1.2849120860919356
  landing: 1.75865697581321
  view-data: 3.4656407106667757
