times:
  edit-metadata: 1.6333569306880236
  landing: 1.0679158084094524
  view-data: 3.389992158859968
