times:
  landing: 0.551920817999985
  view-data: 0.5555109239999751
