times:
  landing: 1.0673999349999974
  view-data: 0.5538957569999923
