times:
  edit-metadata: 0.8539222399704158
  landing: 0.043345425045117736
  view-data: 0.20602502906695008
