times:
  landing: 0.5569473930000299
  view-data: 0.5603103920000194
