times:
  edit-metadata: 1.118579555999986
  landing: 0.054442360999928496
  view-data: 0.42062424499999906
