times:
  edit-metadata: 1.81435224134475
  landing: 0.020144454203546047
  view-data: 0.5773820169270039
