times:
  edit-metadata: 0.7981073129922152
  landing: 0.049646707717329264
  view-data: 0.23921631136909127
