times:
  landing: 0.5667911029999857
  view-data: 0.5553669219999904
