times:
  edit-metadata: 1.7119455253705382
  landing: 0.023848404176533222
  view-data: 0.47472035232931376
