times:
  landing: 0.5550974870000118
  view-data: 0.555251687000009
