times:
  edit-metadata: 1.3612564760260284
  landing: 0.7959392969496548
  view-data: 3.3661196450702846
