times:
  landing: 0.5441300239999975
  view-data: 0.5508069039999839
