times:
  edit-metadata: 0.7601737109944224
  landing: 0.043130429461598396
  view-data: 0.21415787935256958
