times:
  edit-metadata: 1.8389238119125366
  landing: 0.1886464562267065
  view-data: 0.13360963948071003
