times:
  landing: 0.5467339210000546
  view-data: 0.5518749579999849
