times:
  landing: 0.5510915739999973
  view-data: 0.5555931379999777
