times:
  edit-metadata: 1.7115865759551525
  landing: 1.022408403456211
  view-data: 3.5638668425381184
