times:
  edit-metadata: 1.539950892329216
  landing: 0.9543002843856812
  view-data: 3.388252068310976
