times:
  edit-metadata: 1.8845573868602514
  landing: 0.1285052988678217
  view-data: 0.024860193952918053
