times:
  edit-metadata: 1.6093690004199743
  landing: 1.0856470726430416
  view-data: 0.61833312548697
