times:
  edit-metadata: 1.0806490380782634
  landing: 0.06889383005909622
  view-data: 0.24954136414453387
