times:
  edit-metadata: 2.758058400824666
  landing: 0.38269761949777603
  view-data: 0.4525020867586136
