times:
  edit-metadata: 0.7927749999798834
  landing: 0.04788696102332324
  view-data: 0.23555184702854604
