times:
  edit-metadata: 1.7756472118198872
  landing: 0.02166480105370283
  view-data: 0.1315001044422388
