times:
  edit-metadata: 1.8986403308808804
  landing: 0.19233398512005806
  view-data: 0.39734990522265434
