times:
  edit-metadata: 0.7513693729415536
  landing: 0.04806620394811034
  view-data: 0.21091539785265923
