times:
  edit-metadata: 1.3411731757223606
  landing: 0.9285462126135826
  view-data: 3.3719350658357143
