times:
  edit-metadata: 1.5446985997259617
  landing: 0.7810353357344866
  view-data: 3.416383011266589
