times:
  edit-metadata: 0.8635039569344372
  landing: 0.05332144605927169
  view-data: 0.2048470031004399
