times:
  edit-metadata: 0.7755874991416931
  landing: 0.0493105910718441
  view-data: 0.2016986832022667
