times:
  edit-metadata: 0.8703817740024533
  landing: 0.045114480002666824
  view-data: 0.24180069999420084
