times:
  landing: 1.5952983199999835
  view-data: 0.5534814819999951
