times:
  edit-metadata: 1.5755212493240833
  landing: 1.118770893663168
  view-data: 3.3238267861306667
