times:
  edit-metadata: 1.4057279089465737
  landing: 0.8834679238498211
  view-data: 3.324084344319999
