times:
  edit-metadata: 1.334723910316825
  landing: 0.6884380728006363
  view-data: 0.24999352358281612
