times:
  edit-metadata: 1.7623871304094791
  landing: 1.0750652384012938
  view-data: 0.3468920271843672
