times:
  edit-metadata: 1.3620154559612274
  landing: 0.8710752688348293
  view-data: 3.3168985098600388
