times:
  edit-metadata: 0.795830848015612
  landing: 0.05732868501218036
  view-data: 0.21330915499129333
