times:
  edit-metadata: 1.7587969088926911
  landing: 0.02027186006307602
  view-data: 0.102925606071949
