times:
  landing: 1.068556760000007
  view-data: 0.5571318140000017
