times:
  edit-metadata: 1.8778620529919863
  landing: 1.191377442330122
  view-data: 0.6444939449429512
