times:
  landing: 1.0722334509999882
  view-data: 0.5650101840000161
