times:
  edit-metadata: 0.8509774139383808
  landing: 0.05107989103998989
  view-data: 0.21171301405411214
