times:
  landing: 1.0924380260000248
  view-data: 0.5604928289999975
