times:
  edit-metadata: 1.7248550541698933
  landing: 1.6307285949587822
  view-data: 3.445878442376852
