times:
  edit-metadata: 1.8140713181346655
  landing: 0.13021758571267128
  view-data: 0.026964910328388214
