times:
  edit-metadata: 1.3987662233412266
  landing: 0.05366222560405731
  view-data: 0.21559152007102966
