times:
  edit-metadata: 0.9089708661194891
  landing: 0.04229553113691509
  view-data: 0.20438456605188549
