times:
  edit-metadata: 0.8503646689932793
  landing: 0.04763320495840162
  view-data: 0.21041185804642737
