times:
  landing: 0.5478018320000047
  view-data: 0.5478504330000078
