times:
  edit-metadata: 1.4355595400556922
  landing: 0.7942286869511008
  view-data: 3.414614386856556
