times:
  edit-metadata: 0.7456071199849248
  landing: 0.04992041923105717
  view-data: 0.21726206690073013
