times:
  edit-metadata: 2.182076293975115
  landing: 0.18923668190836906
  view-data: 0.29131111316382885
