times:
  edit-metadata: 2.521990219131112
  landing: 0.30000258702784777
  view-data: 0.44795908499509096
