times:
  edit-metadata: 1.8877873104065657
  landing: 0.12656070291996002
  view-data: 0.35982594825327396
