times:
  edit-metadata: 1.8010855242609978
  landing: 0.020030200481414795
  view-data: 0.23116543050855398
