times:
  edit-metadata: 1.5171153638511896
  landing: 0.8306585419923067
  view-data: 3.413269991055131
