times:
  landing: 0.5495543600000019
  view-data: 0.5563173989999655
