times:
  edit-metadata: 1.7503627547994256
  landing: 0.23732124082744122
  view-data: 0.02466062270104885
