times:
  edit-metadata: 1.3731734929606318
  landing: 1.0350550934672356
  view-data: 3.36182901263237
