times:
  landing: 0.5512951970000017
  view-data: 0.5602238029999853
