times:
  edit-metadata: 1.3195038307458162
  landing: 0.7322781775146723
  view-data: 3.3318987749516964
