times:
  edit-metadata: 1.5104413256049156
  landing: 0.8521293215453625
  view-data: 3.407272631302476
