times:
  edit-metadata: 0.7887433553114533
  landing: 0.054721759632229805
  view-data: 0.2223085630685091
