times:
  edit-metadata: 1.8435394018888474
  landing: 0.22251958772540092
  view-data: 0.12553992122411728
