times:
  edit-metadata: 1.8371634101495147
  landing: 0.02249300479888916
  view-data: 0.09915464837104082
