times:
  edit-metadata: 0.8231641799211502
  landing: 0.05338898720219731
  view-data: 0.20848854118958116
