times:
  edit-metadata: 0.7361161089502275
  landing: 0.05901053501293063
  view-data: 0.20829118508845568
