times:
  edit-metadata: 1.7597863292321563
  landing: 0.022876464761793613
  view-data: 0.4406332019716501
