times:
  landing: 0.5502228099999797
  view-data: 0.5470153379999942
