times:
  edit-metadata: 2.5213559418916702
  landing: 0.23747893422842026
  view-data: 0.03856056183576584
