times:
  edit-metadata: 1.6363915801048279
  landing: 0.8802861478179693
  view-data: 0.3708597272634506
