times:
  edit-metadata: 1.8615993168205023
  landing: 0.15696759521961212
  view-data: 0.3169881198555231
