times:
  edit-metadata: 1.5013708621263504
  landing: 1.0127030089497566
  view-data: 3.3885515742003918
