times:
  landing: 0.5596080050000012
  view-data: 0.563645054999995
