times:
  edit-metadata: 1.4426289238035679
  landing: 0.05448564887046814
  view-data: 0.21415843069553375
