times:
  edit-metadata: 1.7635467229411006
  landing: 0.021928919479250908
  view-data: 0.24201872572302818
