times:
  landing: 1.1327795759999617
  view-data: 0.5665707379999958
