times:
  landing: 0.5514626990000124
  view-data: 0.555900357999974
