times:
  edit-metadata: 0.8328846269287169
  landing: 0.04903264495078474
  view-data: 0.24146422906778753
