times:
  landing: 0.5419781639999997
  view-data: 0.5469951299999991
