times:
  edit-metadata: 2.5316916685551405
  landing: 0.642603537067771
  view-data: 0.4378967061638832
