times:
  edit-metadata: 1.9125340953469276
  landing: 0.21244405396282673
  view-data: 0.1346447765827179
