times:
  edit-metadata: 1.7764239702373743
  landing: 0.020078341476619244
  view-data: 0.47261902317404747
