times:
  edit-metadata: 1.5225057676434517
  landing: 1.067883476614952
  view-data: 0.40333016961812973
