times:
  edit-metadata: 1.3846920588985085
  landing: 0.8107552779838443
  view-data: 3.3448328962549567
