times:
  edit-metadata: 1.5157212261110544
  landing: 0.8972674980759621
  view-data: 3.466986143961549
