times:
  edit-metadata: 1.4772008061408997
  landing: 0.9673127867281437
  view-data: 3.431088075041771
