times:
  edit-metadata: 1.9178360681980848
  landing: 0.019943740218877792
  view-data: 0.42664982937276363
