times:
  edit-metadata: 0.7858731388114393
  landing: 0.04716880386695266
  view-data: 0.21215321589261293
