times:
  edit-metadata: 1.8987065590918064
  landing: 0.13580487482249737
  view-data: 0.15928385965526104
