times:
  edit-metadata: 0.8504317968618125
  landing: 0.04953831108286977
  view-data: 0.21403165394440293
