times:
  edit-metadata: 2.244614265859127
  landing: 1.1865227380767465
  view-data: 3.7615305823273957
