times:
  landing: 0.5476900990000786
  view-data: 0.545989899999995
