times:
  edit-metadata: 2.622044278308749
  landing: 0.3015860430896282
  view-data: 0.028156671673059464
