times:
  landing: 0.5501674549999507
  view-data: 0.5558788169999502
