times:
  edit-metadata: 1.3921796483919024
  landing: 0.8419817918911576
  view-data: 3.393914877437055
