times:
  edit-metadata: 1.5267444513738155
  landing: 0.8538069427013397
  view-data: 3.4244993068277836
