times:
  edit-metadata: 1.8743519261479378
  landing: 0.023280680179595947
  view-data: 0.30502476170659065
