times:
  landing: 0.5699246330000278
  view-data: 0.5570689360000642
