times:
  landing: 0.5518479039999988
  view-data: 0.5567360410000219
