times:
  edit-metadata: 2.0493688844144344
  landing: 0.12588824518024921
  view-data: 0.15561476722359657
