times:
  edit-metadata: 1.491451345384121
  landing: 0.8065063580870628
  view-data: 3.4348836969584227
