times:
  edit-metadata: 1.363681111484766
  landing: 0.8352796249091625
  view-data: 3.299841046333313
