times:
  edit-metadata: 0.8634187660063617
  landing: 0.04674687801161781
  view-data: 0.3636421699920902
