times:
  landing: 1.5965753189999532
  view-data: 0.5547272640000074
