times:
  landing: 0.5482593230000248
  view-data: 0.5433793559999458
