times:
  landing: 0.5576116619999993
  view-data: 0.5623401860000286
