times:
  edit-metadata: 1.519013550132513
  landing: 0.06181398406624794
  view-data: 0.21868501603603363
