times:
  edit-metadata: 0.8245988273993134
  landing: 0.047653055749833584
  view-data: 0.22046212013810873
