times:
  edit-metadata: 1.792114811949432
  landing: 0.020979061722755432
  view-data: 0.12053454853594303
