times:
  edit-metadata: 1.7455383092164993
  landing: 0.022192773409187794
  view-data: 0.10802570451050997
