times:
  edit-metadata: 0.8803681340068579
  landing: 0.04854232899378985
  view-data: 0.22509346099104732
