times:
  edit-metadata: 1.8434412823989987
  landing: 1.2054712092503905
  view-data: 3.5429418897256255
