times:
  edit-metadata: 2.320194471627474
  landing: 0.032505372539162636
  view-data: 0.3739845957607031
