times:
  edit-metadata: 1.3916582255624235
  landing: 0.8697360190562904
  view-data: 3.367513173725456
