times:
  edit-metadata: 1.440823219716549
  landing: 0.8802585201337934
  view-data: 3.4264113381505013
