times:
  edit-metadata: 1.4002498178742826
  landing: 0.8141595458146185
  view-data: 3.3920396568719298
