times:
  edit-metadata: 1.8479240760207176
  landing: 0.1213338216766715
  view-data: 0.5487511027604342
