times:
  edit-metadata: 1.637843906879425
  landing: 0.964171726256609
  view-data: 3.337308142334223
