times:
  edit-metadata: 1.003230636997614
  landing: 0.09005017401068471
  view-data: 0.37602890201378614
