times:
  edit-metadata: 1.8735506050288677
  landing: 0.11625415179878473
  view-data: 0.02701933030039072
