times:
  edit-metadata: 1.7418079664930701
  landing: 0.02092724572867155
  view-data: 0.0419510779902339
