times:
  landing: 0.551796625999998
  view-data: 0.5560405889999913
