times:
  edit-metadata: 1.7488028313964605
  landing: 0.6338384561240673
  view-data: 0.6225058846175671
