times:
  edit-metadata: 0.7449906468391418
  landing: 0.04226579982787371
  view-data: 0.21099540404975414
