times:
  edit-metadata: 1.701380405575037
  landing: 1.231016818434
  view-data: 3.5451605953276157
