times:
  edit-metadata: 0.8398267310112715
  landing: 0.04973875265568495
  view-data: 0.37474802881479263
