times:
  edit-metadata: 1.92200898937881
  landing: 0.24722360633313656
  view-data: 0.12858407385647297
