times:
  edit-metadata: 0.7558948351070285
  landing: 0.05526651395484805
  view-data: 0.20551238022744656
