times:
  edit-metadata: 1.4661735817790031
  landing: 0.8625614363700151
  view-data: 3.369122529402375
