times:
  edit-metadata: 1.9099358636885881
  landing: 0.023056957870721817
  view-data: 0.028367387130856514
