times:
  edit-metadata: 0.7840092899277806
  landing: 0.04668518202379346
  view-data: 0.20678094099275768
