times:
  edit-metadata: 1.5415633730590343
  landing: 0.9027331694960594
  view-data: 3.4328942634165287
