times:
  edit-metadata: 0.7783040758222342
  landing: 0.04665191704407334
  view-data: 0.20902275387197733
