times:
  landing: 0.553281931000015
  view-data: 0.5702016349999894
