times:
  edit-metadata: 1.5045996941626072
  landing: 2.2218098416924477
  view-data: 3.349842570722103
