times:
  edit-metadata: 1.739649610593915
  landing: 0.0219392292201519
  view-data: 0.4372518062591553
