times:
  edit-metadata: 0.8219440090470016
  landing: 0.05409012903692201
  view-data: 0.2050194659968838
