times:
  landing: 1.5935723500000165
  view-data: 0.5593281970000135
