times:
  landing: 0.5513270249999778
  view-data: 0.5559767109999996
