times:
  edit-metadata: 1.4040296971797943
  landing: 0.7619895488023758
  view-data: 3.3476154133677483
