times:
  edit-metadata: 0.8163628198672086
  landing: 0.052834150148555636
  view-data: 0.3653577431105077
