times:
  edit-metadata: 2.1383234411478043
  landing: 0.04597754590213299
  view-data: 0.12119295541197062
