times:
  landing: 1.0587225300000114
  view-data: 0.5498433939999927
