times:
  edit-metadata: 0.8007908158469945
  landing: 0.04858465795405209
  view-data: 0.24046182399615645
