times:
  edit-metadata: 1.6283437870442867
  landing: 1.028930801898241
  view-data: 3.4205350503325462
