times:
  edit-metadata: 1.8957327399402857
  landing: 0.019301394000649452
  view-data: 0.1258001010864973
