times:
  edit-metadata: 1.7901939488947392
  landing: 0.13698976393789053
  view-data: 0.4337177760899067
