times:
  edit-metadata: 1.898616960272193
  landing: 0.1922333613038063
  view-data: 0.14049267955124378
