times:
  edit-metadata: 1.438949566334486
  landing: 0.05487268790602684
  view-data: 0.2179543599486351
