times:
  edit-metadata: 1.8287393720820546
  landing: 0.01904759369790554
  view-data: 0.4350397903472185
