times:
  edit-metadata: 0.7699143500067294
  landing: 0.04502054816111922
  view-data: 0.21050797495990992
