times:
  edit-metadata: 0.8777221441268921
  landing: 0.05440984503366053
  view-data: 0.2166050940286368
