times:
  edit-metadata: 1.4227850437164307
  landing: 0.05470762029290199
  view-data: 0.21238019689917564
