times:
  edit-metadata: 0.839773589046672
  landing: 0.047256275080144405
  view-data: 0.252719096140936
