times:
  edit-metadata: 0.9329179842025042
  landing: 0.09723481396213174
  view-data: 0.2600372573360801
