times:
  landing: 0.5595861300000138
  view-data: 0.5638216689999922
