times:
  landing: 1.074399595999978
  view-data: 0.5562869799999817
