times:
  edit-metadata: 0.7986721000634134
  landing: 0.04719483619555831
  view-data: 0.21762784104794264
