times:
  edit-metadata: 1.634761892259121
  landing: 0.815159909427166
  view-data: 0.2728027366101742
