times:
  edit-metadata: 0.7949000680819154
  landing: 0.04247055295854807
  view-data: 0.21284546004608274
