times:
  edit-metadata: 1.8046322101727128
  landing: 0.20353703945875168
  view-data: 0.022747250273823738
