times:
  edit-metadata: 0.7983637859579176
  landing: 0.051368800923228264
  view-data: 0.24272547010332346
