times:
  edit-metadata: 1.532224789261818
  landing: 0.9788536429405212
  view-data: 3.3855880238115788
