times:
  landing: 0.553120672000091
  view-data: 0.5552651199999445
