times:
  landing: 0.5589657730000113
  view-data: 0.5641940840000075
