times:
  edit-metadata: 1.6966856438666582
  landing: 0.020115505903959274
  view-data: 0.024214457720518112
