times:
  edit-metadata: 1.934278056025505
  landing: 1.1576022058725357
  view-data: 3.39494376629591
