times:
  edit-metadata: 1.760867066681385
  landing: 0.1738644689321518
  view-data: 0.44244944117963314
