times:
  edit-metadata: 0.8520329559978563
  landing: 0.06126360000052955
  view-data: 0.20672818100138102
