times:
  edit-metadata: 1.4093868546187878
  landing: 0.0545358806848526
  view-data: 0.2160058580338955
