times:
  edit-metadata: 1.8226548191159964
  landing: 0.18028326332569122
  view-data: 0.3090270385146141
