times:
  edit-metadata: 1.579304527491331
  landing: 1.0545229241251945
  view-data: 3.3746588192880154
