times:
  landing: 0.5597993810000048
  view-data: 0.051972333999998455
