times:
  edit-metadata: 1.4895803034305573
  landing: 0.8491446673870087
  view-data: 3.314347065985203
