times:
  edit-metadata: 1.5532773602753878
  landing: 0.8920637611299753
  view-data: 3.416285026818514
