times:
  edit-metadata: 0.9255560369929299
  landing: 0.055657057964708656
  view-data: 0.22844326199265197
