times:
  landing: 0.5506552290000002
  view-data: 0.5569433150000123
