times:
  edit-metadata: 1.00989407626912
  landing: 0.09966387832537293
  view-data: 0.37751869997009635
