times:
  edit-metadata: 0.7903769034892321
  landing: 0.05702793784439564
  view-data: 0.2136507024988532
