times:
  edit-metadata: 1.6775275375694036
  landing: 0.6834421530365944
  view-data: 0.6536000929772854
