times:
  edit-metadata: 1.8781153298914433
  landing: 0.019391752779483795
  view-data: 0.33129296265542507
