times:
  edit-metadata: 1.4942090176045895
  landing: 0.7964234109967947
  view-data: 3.350881641730666
