times:
  edit-metadata: 1.75326506793499
  landing: 1.6308416686952114
  view-data: 0.6343310382217169
