times:
  edit-metadata: 1.4799672113731503
  landing: 0.8644674615934491
  view-data: 3.4214439541101456
