times:
  edit-metadata: 1.6772768795490265
  landing: 0.5925674978643656
  view-data: 0.6315099336206913
