times:
  edit-metadata: 1.8156016385182738
  landing: 0.02008864190429449
  view-data: 0.10234236530959606
