times:
  edit-metadata: 1.3289144859882072
  landing: 0.9000430480809882
  view-data: 3.3236219940008596
