times:
  edit-metadata: 0.8825030899606645
  landing: 0.04593206103891134
  view-data: 0.20769263012334704
