times:
  edit-metadata: 1.866662424057722
  landing: 0.02179860882461071
  view-data: 0.43635782413184643
