times:
  edit-metadata: 1.683075837790966
  landing: 0.6349571999162436
  view-data: 0.2512402944266796
