times:
  edit-metadata: 1.7721181316301227
  landing: 0.021038060076534748
  view-data: 0.028302427381277084
