times:
  edit-metadata: 1.8876481801271439
  landing: 0.022172827273607254
  view-data: 0.3413459490984678
