times:
  edit-metadata: 0.936155361996498
  landing: 0.05506373000389431
  view-data: 0.21900329200434498
