times:
  edit-metadata: 1.7712411852553487
  landing: 0.02111241966485977
  view-data: 0.5136922644451261
