times:
  edit-metadata: 1.5070100892335176
  landing: 0.9566102558746934
  view-data: 0.7295151986181736
