times:
  edit-metadata: 1.5076977368444204
  landing: 0.8515759781002998
  view-data: 3.3406953499652445
