times:
  edit-metadata: 0.828418122138828
  landing: 0.046606012620031834
  view-data: 0.2134261983446777
