times:
  edit-metadata: 0.7848729899851605
  landing: 0.05174307496054098
  view-data: 0.20443068601889536
