times:
  edit-metadata: 0.8639727858826518
  landing: 0.050633756909519434
  view-data: 0.2125440239906311
