times:
  edit-metadata: 1.5826332494616508
  landing: 0.8202372491359711
  view-data: 3.3469950929284096
