times:
  edit-metadata: 1.5928426999598742
  landing: 0.6197128184139729
  view-data: 0.631430072709918
