times:
  edit-metadata: 1.482376541942358
  landing: 0.8614886850118637
  view-data: 3.359472282230854
