times:
  edit-metadata: 1.81352031044662
  landing: 0.02166220359504223
  view-data: 0.3187481043860316
