times:
  edit-metadata: 0.826540928799659
  landing: 0.047557997051626444
  view-data: 0.25428353203460574
