times:
  edit-metadata: 1.6619172990322113
  landing: 1.0032632853835821
  view-data: 3.332859454676509
