times:
  edit-metadata: 0.8146525789634325
  landing: 0.04804683697875589
  view-data: 0.2523823800147511
