times:
  edit-metadata: 0.9105238001793623
  landing: 0.05327230133116245
  view-data: 0.22700916230678558
