times:
  edit-metadata: 1.9613880468532443
  landing: 0.8893419816158712
  view-data: 3.453333302401006
