times:
  landing: 1.5939675689999717
  view-data: 0.5609670919999985
