times:
  landing: 0.5521032860000048
  view-data: 0.5562790119999761
