times:
  edit-metadata: 0.8960795829771087
  landing: 0.058047228027135134
  view-data: 0.2137002539820969
