times:
  landing: 0.5532670759999974
  view-data: 0.5531916749999937
