times:
  edit-metadata: 1.946348786354065
  landing: 0.025966044515371323
  view-data: 0.4605863653123379
