times:
  edit-metadata: 0.8748663146980107
  landing: 0.05572258913889527
  view-data: 0.2048983289860189
