times:
  edit-metadata: 1.7572939144447446
  landing: 0.11204010806977749
  view-data: 0.026125090196728706
