times:
  edit-metadata: 1.7848317567259073
  landing: 0.021404342725872993
  view-data: 0.2769163167104125
