times:
  edit-metadata: 1.5228861346840858
  landing: 0.8978464733809233
  view-data: 3.38129142858088
