times:
  edit-metadata: 1.584786744788289
  landing: 1.5366209745407104
  view-data: 0.33982624113559723
