times:
  edit-metadata: 1.5000992976129055
  landing: 0.8652728833258152
  view-data: 3.317655425518751
