times:
  edit-metadata: 0.8075163040775806
  landing: 0.045515822945162654
  view-data: 0.20474070287309587
