times:
  edit-metadata: 1.9665323989465833
  landing: 0.03812302742153406
  view-data: 0.12541447021067142
