times:
  edit-metadata: 1.1945640480262227
  landing: 0.1107688549964223
  view-data: 0.2885312140278984
