times:
  edit-metadata: 0.8344213869422674
  landing: 0.0600364541169256
  view-data: 0.24678739183582366
