times:
  edit-metadata: 1.8559946529567242
  landing: 0.020677348598837852
  view-data: 0.5217504631727934
