times:
  edit-metadata: 1.547338355332613
  landing: 1.0614152252674103
  view-data: 3.314541894942522
