times:
  edit-metadata: 1.8579686200246215
  landing: 0.02154006715863943
  view-data: 0.45186861511319876
