times:
  edit-metadata: 1.606682427227497
  landing: 0.8142062891274691
  view-data: 0.23903771303594112
