times:
  edit-metadata: 0.775516256224364
  landing: 0.04827051796019077
  view-data: 0.21688746707513928
