times:
  edit-metadata: 1.36098213493824
  landing: 0.9737500101327896
  view-data: 3.3463561683893204
