times:
  landing: 0.5467430519999823
  view-data: 0.5557931750000193
