times:
  edit-metadata: 1.4336739480495453
  landing: 0.9417004212737083
  view-data: 3.3474894240498543
