times:
  edit-metadata: 1.4098786693066359
  landing: 0.8532765600830317
  view-data: 3.3802197268232703
