times:
  edit-metadata: 0.804332859814167
  landing: 0.048586385790258646
  view-data: 0.20745185809209943
