times:
  edit-metadata: 1.8246238883584738
  landing: 0.20582431554794312
  view-data: 0.4566685501486063
