times:
  landing: 1.0693374350000227
  view-data: 0.5538624879999929
