times:
  edit-metadata: 1.2197879664599895
  landing: 0.6970362514257431
  view-data: 0.22159144841134548
