times:
  edit-metadata: 1.9508507400751114
  landing: 1.2859276086091995
  view-data: 3.4227850139141083
