times:
  edit-metadata: 1.4784039091318846
  landing: 0.7928205486387014
  view-data: 3.408036621287465
