times:
  edit-metadata: 2.3234505504369736
  landing: 1.6161159640178084
  view-data: 3.4481172943487763
