times:
  landing: 1.0713729389999855
  view-data: 0.5522738669999967
