times:
  edit-metadata: 1.474302850663662
  landing: 1.0183189325034618
  view-data: 3.3629753291606903
