times:
  edit-metadata: 1.4645889550447464
  landing: 1.0657119862735271
  view-data: 3.357397172600031
