times:
  edit-metadata: 1.8868026044219732
  landing: 0.021611686795949936
  view-data: 0.025424115359783173
