times:
  edit-metadata: 0.7740591391921043
  landing: 0.059802357107400894
  view-data: 0.21344782505184412
