times:
  edit-metadata: 0.864691200084053
  landing: 0.05207779095508158
  view-data: 0.20914815890137106
