times:
  landing: 0.5484807489999639
  view-data: 0.5519942479999145
