times:
  edit-metadata: 1.66813512891531
  landing: 1.115921352058649
  view-data: 0.638678103685379
