times:
  landing: 1.07878684100001
  view-data: 0.5577109449999398
