times:
  edit-metadata: 1.4218033533543348
  landing: 0.975397827103734
  view-data: 3.3892631586641073
