times:
  edit-metadata: 1.6350347120314837
  landing: 1.5650250650942326
  view-data: 0.45020513981580734
