times:
  edit-metadata: 1.4140958674252033
  landing: 0.0515717938542366
  view-data: 0.21614614874124527
