times:
  edit-metadata: 1.512831125408411
  landing: 0.9596581645309925
  view-data: 3.304841887205839
