times:
  edit-metadata: 1.8348759808577597
  landing: 1.0009679649956524
  view-data: 3.630742901004851
