times:
  edit-metadata: 1.6514292117208242
  landing: 0.964230602607131
  view-data: 3.406396636739373
