times:
  edit-metadata: 1.2170675470260903
  landing: 0.11485605797497556
  view-data: 0.2586678650113754
