times:
  edit-metadata: 1.609972707927227
  landing: 3.2346748653799295
  view-data: 1.1644717566668987
