times:
  landing: 1.067105295000033
  view-data: 0.5553639429999748
