times:
  edit-metadata: 1.7033020984381437
  landing: 0.02008119970560074
  view-data: 0.026322386227548122
