times:
  edit-metadata: 0.7826854139566422
  landing: 0.04961710190400481
  view-data: 0.38007122930139303
