times:
  edit-metadata: 0.8740991670638323
  landing: 0.05031737103126943
  view-data: 0.23292456101626158
