times:
  edit-metadata: 1.5648901797831059
  landing: 0.952325064688921
  view-data: 3.420096106827259
