times:
  edit-metadata: 2.0338683128356934
  landing: 1.1179607277736068
  view-data: 3.415025227703154
