times:
  edit-metadata: 0.8257723299320787
  landing: 0.05254569184035063
  view-data: 0.23719919798895717
