times:
  edit-metadata: 1.6920931739732623
  landing: 0.021371129900217056
  view-data: 0.12586832512170076
