times:
  edit-metadata: 1.7070530243217945
  landing: 0.552729144692421
  view-data: 0.34353786148130894
