times:
  landing: 0.5776586499999894
  view-data: 0.5561739400000079
