times:
  edit-metadata: 1.4267936758697033
  landing: 0.05640960484743118
  view-data: 0.21341413632035255
