times:
  edit-metadata: 2.347502304241061
  landing: 0.02485550567507744
  view-data: 0.4325107205659151
