times:
  landing: 0.5425151010000206
  view-data: 0.5538074640000161
