times:
  edit-metadata: 1.8568949848413467
  landing: 0.02053159475326538
  view-data: 0.38655389565974474
