times:
  edit-metadata: 0.891987290000543
  landing: 0.06766463600797579
  view-data: 0.25611583498539403
