times:
  edit-metadata: 1.3681352958083153
  landing: 0.8630535490810871
  view-data: 3.3592637963593006
