times:
  edit-metadata: 1.4055917859077454
  landing: 0.8261194936931133
  view-data: 3.2763590812683105
