times:
  edit-metadata: 1.371840084437281
  landing: 0.8297866131179035
  view-data: 3.3662060499191284
