times:
  edit-metadata: 1.100306540261954
  landing: 0.06033637886866927
  view-data: 0.20703998487442732
