times:
  edit-metadata: 1.7611815854907036
  landing: 0.13870323169976473
  view-data: 0.02306509017944336
