times:
  edit-metadata: 1.4636912159621716
  landing: 0.9310240000486374
  view-data: 3.3714672923088074
