times:
  landing: 1.070869388999995
  view-data: 0.5582937139999729
