times:
  edit-metadata: 0.8199111619032919
  landing: 0.05946890776976943
  view-data: 0.2115479726344347
