times:
  edit-metadata: 1.3618853716179729
  landing: 0.8097054567188025
  view-data: 3.3630585819482803
