times:
  edit-metadata: 1.534901512786746
  landing: 0.6480244752019644
  view-data: 0.34679196402430534
