times:
  edit-metadata: 1.713402170687914
  landing: 0.021834411658346653
  view-data: 0.47415309958159924
