times:
  landing: 0.5507472040000039
  view-data: 0.5556920269999637
