times:
  edit-metadata: 0.8090433022007346
  landing: 0.04835161892697215
  view-data: 0.2418236641678959
