times:
  edit-metadata: 1.3943645283579826
  landing: 0.8834220124408603
  view-data: 3.2631852570921183
