times:
  edit-metadata: 1.7353965193033218
  landing: 1.088649082928896
  view-data: 3.419051632285118
