times:
  edit-metadata: 1.3289752714335918
  landing: 0.8694567307829857
  view-data: 3.282095555216074
