times:
  landing: 1.074559776000001
  view-data: 0.5636795450000136
