times:
  edit-metadata: 1.4458012897521257
  landing: 0.7789218216203153
  view-data: 3.2772754430770874
