times:
  landing: 0.5495788610000147
  view-data: 0.5639261530000113
