times:
  edit-metadata: 1.5946913622319698
  landing: 0.05333603918552399
  view-data: 0.22211065515875816
