times:
  edit-metadata: 2.382784293964505
  landing: 1.3917095521464944
  view-data: 3.747863414697349
