times:
  edit-metadata: 1.604199232533574
  landing: 0.7848639450967312
  view-data: 0.23323911242187023
