times:
  edit-metadata: 1.4630021005868912
  landing: 0.8613176718354225
  view-data: 3.3295403327792883
