times:
  edit-metadata: 1.4328865744173527
  landing: 0.05676092952489853
  view-data: 0.2171672098338604
