times:
  edit-metadata: 0.8103854828514159
  landing: 0.0557921240106225
  view-data: 0.21058454737067223
