times:
  edit-metadata: 0.894539627013728
  landing: 0.04829768801573664
  view-data: 0.23587353201583028
