times:
  edit-metadata: 1.677091745659709
  landing: 0.6218111347407103
  view-data: 0.21142062358558178
