times:
  edit-metadata: 1.6424081772565842
  landing: 1.1989293210208416
  view-data: 3.438029769808054
