times:
  edit-metadata: 1.656072286888957
  landing: 1.0589575096964836
  view-data: 0.22340870834887028
