times:
  edit-metadata: 0.7984601110219955
  landing: 0.06037992471829057
  view-data: 0.3386322841979563
