times:
  edit-metadata: 0.76174750411883
  landing: 0.052419806830585
  view-data: 0.2122547859326005
