times:
  edit-metadata: 0.8975390080013312
  landing: 0.06713416101410985
  view-data: 0.3797980329836719
