times:
  edit-metadata: 0.8313262790907174
  landing: 0.04999871808104217
  view-data: 0.21301777590997517
