times:
  edit-metadata: 0.7834439715370536
  landing: 0.05540179181843996
  view-data: 0.2225713199004531
