times:
  landing: 0.6111187230000041
  view-data: 0.5505066860000056
