times:
  edit-metadata: 1.8149166647344828
  landing: 0.12071404233574867
  view-data: 0.45537763461470604
