times:
  edit-metadata: 1.7762959077954292
  landing: 0.09616846404969692
  view-data: 0.47396641969680786
