times:
  edit-metadata: 1.683234689757228
  landing: 0.12644858099520206
  view-data: 0.028037563897669315
