times:
  edit-metadata: 0.8911349107511342
  landing: 0.04812489915639162
  view-data: 0.23239860590547323
