times:
  edit-metadata: 0.9625572260047193
  landing: 0.117044653998164
  view-data: 0.35089262000110466
