times:
  edit-metadata: 0.7349351970478892
  landing: 0.048389697913080454
  view-data: 0.20338179590180516
