times:
  edit-metadata: 1.8114429702982306
  landing: 0.020517369732260704
  view-data: 0.4542849147692323
