times:
  edit-metadata: 1.9099747696891427
  landing: 1.317322096787393
  view-data: 3.422562461346388
