times:
  edit-metadata: 1.4309333823621273
  landing: 0.04702911525964737
  view-data: 0.21889916062355042
