times:
  edit-metadata: 1.5115048289299011
  landing: 0.04306042194366455
  view-data: 0.22267498448491096
