times:
  edit-metadata: 0.7909098940435797
  landing: 0.04587442602496594
  view-data: 0.20979629294015467
