times:
  edit-metadata: 0.8210966649930924
  landing: 0.043861919082701206
  view-data: 0.2575495330384001
