times:
  edit-metadata: 0.8745464570820332
  landing: 0.05305807711556554
  view-data: 0.2467780732549727
