times:
  edit-metadata: 1.5023186039179564
  landing: 0.8341850712895393
  view-data: 3.3949570320546627
