times:
  edit-metadata: 0.7340635750442743
  landing: 0.04907531104981899
  view-data: 0.21403381880372763
