times:
  edit-metadata: 1.3124735616147518
  landing: 0.8269519433379173
  view-data: 3.3587540574371815
