times:
  edit-metadata: 1.8333608955144882
  landing: 1.10893152654171
  view-data: 0.6454757377505302
