times:
  edit-metadata: 0.7477629352360964
  landing: 0.05553377699106932
  view-data: 0.20557082258164883
