times:
  edit-metadata: 1.7544312607496977
  landing: 1.153968047350645
  view-data: 3.4340485222637653
