times:
  edit-metadata: 1.378636963898316
  landing: 0.8328511831350625
  view-data: 3.4314363671001047
