times:
  edit-metadata: 0.7622078130953014
  landing: 0.04999137204140425
  view-data: 0.2083034198731184
