times:
  edit-metadata: 0.7607687250711024
  landing: 0.05646639782935381
  view-data: 0.21397976018488407
