times:
  edit-metadata: 1.4459776282310486
  landing: 0.059675198048353195
  view-data: 0.21562787890434265
