times:
  edit-metadata: 1.3478674087673426
  landing: 0.6330485809594393
  view-data: 0.2311241440474987
