times:
  edit-metadata: 1.3521154187619686
  landing: 0.8696052320301533
  view-data: 3.3700247406959534
