times:
  edit-metadata: 0.7645329488441348
  landing: 0.050281889736652374
  view-data: 0.21792649570852518
