times:
  edit-metadata: 1.5028381273150444
  landing: 0.7950031962245703
  view-data: 3.4315855279564857
