times:
  edit-metadata: 1.786874758079648
  landing: 0.20375523809343576
  view-data: 0.48658005241304636
