times:
  edit-metadata: 0.7631585858762264
  landing: 0.05227096425369382
  view-data: 0.2389915999956429
