times:
  edit-metadata: 1.346276830881834
  landing: 0.8120543109253049
  view-data: 3.3679982679896057
