times:
  landing: 1.0646691289999808
  view-data: 0.5532784609999908
