times:
  edit-metadata: 1.5393172148615122
  landing: 1.13624669611454
  view-data: 0.46164569817483425
