times:
  edit-metadata: 1.5035360511392355
  landing: 0.7967487797141075
  view-data: 3.426227070391178
