times:
  edit-metadata: 1.4370452277362347
  landing: 0.046214647591114044
  view-data: 0.21669109910726547
