times:
  edit-metadata: 1.5770419128239155
  landing: 0.8171280436217785
  view-data: 3.389777386561036
