times:
  edit-metadata: 2.165017276071012
  landing: 0.255377103574574
  view-data: 0.5859198961406946
