times:
  edit-metadata: 1.789025854319334
  landing: 0.6529661789536476
  view-data: 0.3294036313891411
