times:
  edit-metadata: 1.944309514015913
  landing: 0.021589219570159912
  view-data: 0.3961609732359648
