times:
  landing: 0.5445233309999935
  view-data: 0.548231775000005
