times:
  edit-metadata: 0.7573806061409414
  landing: 0.051221310161054134
  view-data: 0.213092353194952
