times:
  landing: 1.0772134030000018
  view-data: 0.5585887299999968
