times:
  landing: 0.567717469999991
  view-data: 0.5696554689999971
