times:
  edit-metadata: 0.8523533351253718
  landing: 0.05393600999377668
  view-data: 0.2561471441294998
