times:
  edit-metadata: 1.7353027472272515
  landing: 0.02116783056408167
  view-data: 0.2296423241496086
