times:
  edit-metadata: 1.4265357442200184
  landing: 0.9572589434683323
  view-data: 3.3453050665557384
