times:
  edit-metadata: 1.7462360886856914
  landing: 0.21561659779399633
  view-data: 0.49260957073420286
