times:
  edit-metadata: 1.1011797436513007
  landing: 0.04115885589271784
  view-data: 0.2657120362855494
