times:
  landing: 1.1359579470000085
  view-data: 0.5579263170000104
