times:
  edit-metadata: 0.7765156580135226
  landing: 0.05461217649281025
  view-data: 0.21458218805491924
