times:
  edit-metadata: 1.4960078317672014
  landing: 0.8245293665677309
  view-data: 3.4186292309314013
