times:
  edit-metadata: 1.8203730061650276
  landing: 0.20309467241168022
  view-data: 0.5165487825870514
