times:
  edit-metadata: 1.3309244439005852
  landing: 0.9188206549733877
  view-data: 3.3936971686780453
