times:
  edit-metadata: 1.8473771661520004
  landing: 0.02070651948451996
  view-data: 0.023775922134518623
