times:
  edit-metadata: 0.7993422409053892
  landing: 0.04343960899859667
  view-data: 0.20436917699407786
