times:
  edit-metadata: 1.6026786509901285
  landing: 0.05432322435081005
  view-data: 0.22865677252411842
