times:
  landing: 0.5545875680000165
  view-data: 0.5515438650000135
