times:
  edit-metadata: 1.8570902273058891
  landing: 0.02131481096148491
  view-data: 0.21139872726053
