times:
  edit-metadata: 0.8624069771030918
  landing: 0.05267494998406619
  view-data: 0.2133633290650323
