times:
  edit-metadata: 1.9291875455528498
  landing: 0.02301441691815853
  view-data: 0.14406010694801807
