times:
  edit-metadata: 1.616072691977024
  landing: 0.8815025705844164
  view-data: 4.085237255319953
