times:
  edit-metadata: 2.1346031576395035
  landing: 1.3237114436924458
  view-data: 3.3847196884453297
