times:
  edit-metadata: 0.7635811697691679
  landing: 0.05379675095900893
  view-data: 0.20504249492660165
