times:
  edit-metadata: 0.758130457252264
  landing: 0.043358519207686186
  view-data: 0.21072280313819647
