times:
  edit-metadata: 1.5308608897030354
  landing: 0.05404390022158623
  view-data: 0.21287753246724606
