times:
  edit-metadata: 1.4428865578956902
  landing: 1.025208668783307
  view-data: 3.253489756025374
