times:
  edit-metadata: 0.8353513439997187
  landing: 0.04749975999993694
  view-data: 0.22898777399996106
