times:
  edit-metadata: 1.4699278441257775
  landing: 0.8785942867398262
  view-data: 3.344341591000557
