times:
  edit-metadata: 2.4126563761383295
  landing: 1.589234959334135
  view-data: 3.407749582082033
