times:
  edit-metadata: 1.62127616815269
  landing: 1.1158251333981752
  view-data: 3.326473444700241
