times:
  edit-metadata: 0.7908793510287069
  landing: 0.04614442202728242
  view-data: 0.20804891700390726
