times:
  edit-metadata: 0.8297706650337204
  landing: 0.05489582510199398
  view-data: 0.2587540509412065
