times:
  edit-metadata: 1.6120685450732708
  landing: 0.9803818166255951
  view-data: 3.357395149767399
