times:
  landing: 1.1023338319999993
  view-data: 0.5515086380000014
