times:
  landing: 0.5549630449999938
  view-data: 0.5603571480000085
