times:
  edit-metadata: 2.120109953917563
  landing: 0.20027192495763302
  view-data: 0.025959359481930733
