times:
  edit-metadata: 1.8108380250632763
  landing: 0.02595623768866062
  view-data: 0.02700127847492695
