times:
  edit-metadata: 1.8111151922494173
  landing: 0.3095226399600506
  view-data: 0.025237951427698135
