times:
  edit-metadata: 2.402009727433324
  landing: 0.24953243136405945
  view-data: 0.3996876757591963
