times:
  landing: 0.5624259930000051
  view-data: 0.566245916000014
