times:
  edit-metadata: 1.4761844873428345
  landing: 0.9028400331735611
  view-data: 3.2653170991688967
