times:
  edit-metadata: 1.4199076099321246
  landing: 0.7898248350247741
  view-data: 0.701247364282608
