times:
  edit-metadata: 0.8255422560032457
  landing: 0.049988515907898545
  view-data: 0.23689527017995715
