times:
  landing: 1.0732389070000181
  view-data: 0.5564692770000192
