times:
  edit-metadata: 0.889707492897287
  landing: 0.04441072198096663
  view-data: 0.254215938039124
