times:
  edit-metadata: 1.8060231786221266
  landing: 0.019876521080732346
  view-data: 0.5423701107501984
