times:
  edit-metadata: 1.3764734268188477
  landing: 0.9481307119131088
  view-data: 3.3381883800029755
