times:
  edit-metadata: 1.3893553614616394
  landing: 0.05105175822973251
  view-data: 0.21809040755033493
