times:
  edit-metadata: 1.4222398847341537
  landing: 0.05122258514165878
  view-data: 0.21853722259402275
