times:
  edit-metadata: 1.5554505065083504
  landing: 0.981130126863718
  view-data: 3.313163736835122
