times:
  edit-metadata: 0.8222094438970089
  landing: 0.05804768390953541
  view-data: 0.19574909983202815
