times:
  edit-metadata: 1.5135369710624218
  landing: 0.8283143471926451
  view-data: 3.379533227533102
