times:
  edit-metadata: 1.2689105607569218
  landing: 1.1777147306129336
  view-data: 3.40422782022506
