times:
  edit-metadata: 1.3796725468710065
  landing: 0.8905389336869121
  view-data: 3.3886082665994763
