times:
  edit-metadata: 1.8310708357021213
  landing: 0.019559546373784542
  view-data: 0.46167376916855574
