times:
  edit-metadata: 0.8022518577054143
  landing: 0.046359056141227484
  view-data: 0.2147566620260477
