times:
  landing: 0.5568344530000218
  view-data: 0.5516571269999986
