times:
  edit-metadata: 1.4500506781041622
  landing: 0.05163922533392906
  view-data: 0.21373168751597404
