times:
  landing: 1.0844896699999822
  view-data: 0.5608705530000293
