times:
  edit-metadata: 1.5760606303811073
  landing: 1.0906718876212835
  view-data: 0.4551061633974314
