times:
  edit-metadata: 1.4286118932068348
  landing: 0.9797611907124519
  view-data: 3.4199094995856285
