times:
  landing: 1.5983846379999989
  view-data: 0.5540377629999966
