times:
  edit-metadata: 1.1134936050511897
  landing: 0.04922911198809743
  view-data: 0.36010494688525796
