times:
  edit-metadata: 0.8114894620375708
  landing: 0.050361344998236746
  view-data: 0.20493933296529576
