times:
  landing: 1.1376848950000067
  view-data: 0.5630319519999887
