times:
  landing: 1.0636426689999894
  view-data: 0.557259337000005
