times:
  edit-metadata: 2.22100792452693
  landing: 0.300715958699584
  view-data: 0.31497297435998917
