times:
  edit-metadata: 1.4015001263469458
  landing: 0.9722564574331045
  view-data: 3.467401457950473
