times:
  edit-metadata: 0.8913059798069298
  landing: 0.05178083898499608
  view-data: 0.23869318282231688
