times:
  edit-metadata: 1.7842569844797254
  landing: 0.02130136266350746
  view-data: 0.42648617550730705
