times:
  edit-metadata: 1.5200857147574425
  landing: 1.0307851382531226
  view-data: 3.2918375837616622
