times:
  edit-metadata: 0.7908950978890061
  landing: 0.05044135544449091
  view-data: 0.21480670664459467
