times:
  edit-metadata: 0.8251006959471852
  landing: 0.04951737402006984
  view-data: 0.3665269671473652
