times:
  edit-metadata: 1.2884158547967672
  landing: 0.5745125357061625
  view-data: 0.20786371640861034
