times:
  edit-metadata: 1.9062983207404613
  landing: 0.8444289024919271
  view-data: 0.3364923633635044
