times:
  edit-metadata: 1.5721327438950539
  landing: 1.0745996981859207
  view-data: 3.365936551243067
