times:
  edit-metadata: 1.42127650603652
  landing: 0.9480680041015148
  view-data: 3.3625641651451588
