times:
  edit-metadata: 1.762748901732266
  landing: 0.11343377269804478
  view-data: 0.09635401703417301
