times:
  edit-metadata: 1.5352319665253162
  landing: 0.8210491128265858
  view-data: 3.394066158682108
