times:
  edit-metadata: 0.8862213399988832
  landing: 0.04550744099833537
  view-data: 0.24486516500473954
