times:
  edit-metadata: 0.8979199850000441
  landing: 0.049939189993892796
  view-data: 0.2155225629976485
