times:
  edit-metadata: 1.6944827968254685
  landing: 0.1174808144569397
  view-data: 0.1433460945263505
