times:
  edit-metadata: 0.8642895389930345
  landing: 0.06388476499705575
  view-data: 0.25398397201206535
