times:
  edit-metadata: 0.8179006348364055
  landing: 0.04963788203895092
  view-data: 0.2496547270566225
