times:
  landing: 0.5545281370000339
  view-data: 0.5635086440000237
