times:
  edit-metadata: 2.637355286628008
  landing: 0.3092066925019026
  view-data: 0.1640765778720379
