times:
  edit-metadata: 0.8644732148386538
  landing: 0.05229911091737449
  view-data: 0.20412258501164615
