times:
  edit-metadata: 1.4842379860347137
  landing: 0.3013141399715096
  view-data: 0.30349735799245536
