times:
  edit-metadata: 1.82068826071918
  landing: 0.1930943801999092
  view-data: 0.4033480789512396
