times:
  edit-metadata: 1.484668563818559
  landing: 1.1574252671562135
  view-data: 3.333760221954435
