times:
  edit-metadata: 1.6116957813501358
  landing: 0.9451686795800924
  view-data: 0.337012218311429
