times:
  edit-metadata: 0.8220765230362304
  landing: 0.047909612010698766
  view-data: 0.25398164498619735
