times:
  edit-metadata: 1.0505996672436595
  landing: 0.18579786410555243
  view-data: 0.26589007629081607
