times:
  edit-metadata: 1.685590460896492
  landing: 0.8988981023430824
  view-data: 0.23496017046272755
