times:
  edit-metadata: 1.849973525851965
  landing: 0.14972090534865856
  view-data: 0.026541253551840782
