times:
  edit-metadata: 1.6212136708199978
  landing: 0.9104280583560467
  view-data: 3.412730723619461
