times:
  edit-metadata: 1.0394255109713413
  landing: 0.0709921739762649
  view-data: 0.2367581269936636
