times:
  edit-metadata: 0.7817307813093066
  landing: 0.04802105575799942
  view-data: 0.2401321241632104
