times:
  edit-metadata: 1.0498507800512016
  landing: 0.07257755426689982
  view-data: 0.5347457523457706
