times:
  edit-metadata: 2.4375946447253227
  landing: 0.446420393884182
  view-data: 0.3074244540184736
