times:
  edit-metadata: 1.4007673300802708
  landing: 0.7661219872534275
  view-data: 3.400135938078165
