times:
  landing: 1.0778096800000299
  view-data: 0.5603372909999962
