times:
  edit-metadata: 1.9482337534427643
  landing: 1.2532993033528328
  view-data: 3.6751009095460176
