times:
  edit-metadata: 1.4166795162018389
  landing: 0.9890027069486678
  view-data: 3.329808949958533
