times:
  edit-metadata: 1.4085351191461086
  landing: 0.8716833684593439
  view-data: 3.403804149478674
