times:
  edit-metadata: 0.7874484811909497
  landing: 0.05323236295953393
  view-data: 0.2111152159050107
