times:
  edit-metadata: 1.610829260200262
  landing: 0.051359985023736954
  view-data: 0.22902553342282772
