times:
  edit-metadata: 1.4308313801884651
  landing: 1.0050705876201391
  view-data: 3.338559553027153
