times:
  landing: 1.075879552999993
  view-data: 0.5649335699999938
