times:
  edit-metadata: 0.9357439689338207
  landing: 0.054386907955631614
  view-data: 0.2613919760333374
