times:
  landing: 1.0913700600000027
  view-data: 0.5749009509999894
