times:
  landing: 0.5504506989999811
  view-data: 0.5547971700000005
