times:
  edit-metadata: 1.857477592304349
  landing: 0.1372809736058116
  view-data: 0.35024815518409014
