times:
  edit-metadata: 1.8979809768497944
  landing: 0.23434480838477612
  view-data: 0.3285471834242344
