times:
  edit-metadata: 1.8861606987193227
  landing: 0.020016241818666458
  view-data: 0.46650767605751753
