times:
  edit-metadata: 1.668707448989153
  landing: 0.8600987959653139
  view-data: 3.4308320358395576
