times:
  landing: 1.07674343299999
  view-data: 0.5605924539999876
