times:
  edit-metadata: 2.329116916283965
  landing: 0.2542386967688799
  view-data: 0.139163451269269
