times:
  landing: 0.6116361750000578
  view-data: 0.5579492150000078
