times:
  landing: 0.5506221949999883
  view-data: 0.5553371219999974
