times:
  edit-metadata: 1.851483466103673
  landing: 0.15573024190962315
  view-data: 0.3780383672565222
