times:
  edit-metadata: 1.4901682920753956
  landing: 0.8433102648705244
  view-data: 3.348318111151457
