times:
  landing: 1.0798410239999896
  view-data: 0.5769944340000279
