times:
  edit-metadata: 1.8413052633404732
  landing: 0.028032224625349045
  view-data: 0.14635239727795124
