times:
  edit-metadata: 1.4010621830821037
  landing: 0.05018840357661247
  view-data: 0.2150939479470253
