times:
  edit-metadata: 2.1700756764039397
  landing: 0.055485338903963566
  view-data: 0.42928255070000887
