times:
  landing: 0.5575663500000019
  view-data: 0.5608191720000093
