times:
  edit-metadata: 2.782003900036216
  landing: 0.023937879130244255
  view-data: 0.37912854366004467
