times:
  edit-metadata: 0.809347745962441
  landing: 0.07070650602690876
  view-data: 0.22679844917729497
