times:
  edit-metadata: 0.7350652357563376
  landing: 0.05355166411027312
  view-data: 0.21101545030251145
