times:
  edit-metadata: 1.456615885719657
  landing: 0.9724885318428278
  view-data: 3.4032478481531143
