times:
  edit-metadata: 1.32795175537467
  landing: 0.8544015754014254
  view-data: 3.2950158193707466
