times:
  edit-metadata: 1.3652755804359913
  landing: 0.9230323694646358
  view-data: 3.3579612895846367
