times:
  edit-metadata: 0.7550756018608809
  landing: 0.046019033063203096
  view-data: 0.20416752714663744
