times:
  edit-metadata: 1.7332808803766966
  landing: 0.660886375233531
  view-data: 0.3382070753723383
