times:
  landing: 2.151529574766755
  view-data: 0.6623903382569551
