times:
  edit-metadata: 2.581652160733938
  landing: 0.30219031497836113
  view-data: 0.41804058104753494
