times:
  landing: 0.5785055800000123
  view-data: 0.5578058460000079
