times:
  landing: 0.5531249520000188
  view-data: 0.5433728980000296
