times:
  edit-metadata: 0.8502733409404755
  landing: 0.05118801794014871
  view-data: 0.2117833038792014
