times:
  edit-metadata: 1.0971681848168373
  landing: 0.04794020066037774
  view-data: 0.23999361274763942
