times:
  edit-metadata: 0.8492522062733769
  landing: 0.0679192547686398
  view-data: 0.22304650396108627
