times:
  edit-metadata: 1.6075931880623102
  landing: 0.58143131993711
  view-data: 0.6226351074874401
