times:
  edit-metadata: 1.436976047232747
  landing: 0.7291474789381027
  view-data: 3.2611063476651907
