times:
  edit-metadata: 1.5258928183466196
  landing: 0.8031050488352776
  view-data: 3.3837807662785053
