times:
  edit-metadata: 2.97739103063941
  landing: 0.5280754119157791
  view-data: 0.48922673612833023
