times:
  landing: 0.5446376100000236
  view-data: 0.5471035170000107
