times:
  edit-metadata: 1.9248691406100988
  landing: 0.14168606325984
  view-data: 0.36282048374414444
