times:
  edit-metadata: 2.6225744541734457
  landing: 0.19075284525752068
  view-data: 0.16163659282028675
