times:
  edit-metadata: 1.3838608339428902
  landing: 1.1033250540494919
  view-data: 3.4739204347133636
