times:
  edit-metadata: 2.0741593912243843
  landing: 0.17650710605084896
  view-data: 0.3985923118889332
