times:
  landing: 0.5601146000000199
  view-data: 0.5605079870000225
