times:
  edit-metadata: 1.499991126358509
  landing: 0.045750897377729416
  view-data: 0.21727705746889114
