times:
  edit-metadata: 1.5117971785366535
  landing: 0.8118858151137829
  view-data: 3.41100113093853
