times:
  edit-metadata: 1.9231308605521917
  landing: 0.12161376141011715
  view-data: 0.3800594639033079
