times:
  landing: 1.1384164759999749
  view-data: 0.5546638399999892
