times:
  edit-metadata: 1.591607227921486
  landing: 1.4766862094402313
  view-data: 0.3360877800732851
