times:
  edit-metadata: 0.7979689775966108
  landing: 0.05130939790979028
  view-data: 0.2089955727569759
