times:
  edit-metadata: 1.5631161220371723
  landing: 0.05382588319480419
  view-data: 0.24730655923485756
