times:
  edit-metadata: 1.357076901011169
  landing: 0.8425998007878661
  view-data: 3.3838678169995546
