times:
  edit-metadata: 3.071156535297632
  landing: 0.33132484555244446
  view-data: 0.3792309910058975
