times:
  landing: 0.5531194029999824
  view-data: 0.5715814819999991
