times:
  edit-metadata: 1.335847201757133
  landing: 0.9302645465359092
  view-data: 3.532338809221983
