times:
  landing: 0.6296332669999742
  view-data: 0.5603763050000339
