times:
  edit-metadata: 1.0596893867477775
  landing: 0.0451281419955194
  view-data: 0.25337268272414804
