times:
  edit-metadata: 2.624051809310913
  landing: 1.4662093399092555
  view-data: 3.7367539750412107
