times:
  edit-metadata: 0.9169450150802732
  landing: 0.04808147298172116
  view-data: 0.20936581189744174
