times:
  edit-metadata: 0.9116619209817145
  landing: 0.05099176400108263
  view-data: 0.22693217298365198
