times:
  edit-metadata: 1.9941094443202019
  landing: 0.5455133132636547
  view-data: 0.3363475985825062
