times:
  edit-metadata: 1.6281937081366777
  landing: 0.5757998935878277
  view-data: 0.6311909295618534
