times:
  edit-metadata: 1.6458295732736588
  landing: 1.1901512444019318
  view-data: 0.32485598139464855
