times:
  edit-metadata: 1.6368206199258566
  landing: 1.6637594774365425
  view-data: 0.640042632818222
