times:
  landing: 0.5533459780000101
  view-data: 0.571522793000014
