times:
  edit-metadata: 2.1233017379418015
  landing: 1.1140467878431082
  view-data: 3.54645905084908
