times:
  landing: 0.5574074860001019
  view-data: 0.5584750990000202
