times:
  edit-metadata: 1.4356957916170359
  landing: 0.7522236052900553
  view-data: 3.4024445544928312
