times:
  edit-metadata: 2.4095077449455857
  landing: 1.771677783690393
  view-data: 3.68337697442621
