times:
  edit-metadata: 1.3806724455207586
  landing: 0.7587743662297726
  view-data: 0.2571284044533968
