times:
  edit-metadata: 1.4528148020617664
  landing: 0.9789560150820762
  view-data: 3.449704419937916
