times:
  landing: 1.0935347517952323
  view-data: 0.5586868152022362
