times:
  edit-metadata: 1.451152577996254
  landing: 0.06090909615159035
  view-data: 0.218960240483284
