times:
  edit-metadata: 1.776517883874476
  landing: 0.020629260689020157
  view-data: 0.12307241465896368
