times:
  edit-metadata: 0.9210126319667324
  landing: 0.05386107199592516
  view-data: 0.20983617001911625
