times:
  edit-metadata: 0.7692530518397689
  landing: 0.04493651073426008
  view-data: 0.21920852083712816
