times:
  landing: 0.5555156990000114
  view-data: 0.5485757529999944
