times:
  edit-metadata: 1.552164351567626
  landing: 0.8654003571718931
  view-data: 3.4362077079713345
