times:
  edit-metadata: 0.8067783280275762
  landing: 0.04876378923654556
  view-data: 0.24888313794508576
