times:
  landing: 0.5587330529999974
  view-data: 0.55676751499999
