times:
  edit-metadata: 0.88413366896566
  landing: 0.05074089899426326
  view-data: 0.2148399209836498
