times:
  landing: 0.5582994460000066
  view-data: 0.05709325500001228
