times:
  edit-metadata: 0.8333737971261144
  landing: 0.04465862177312374
  view-data: 0.23046637047082186
