times:
  landing: 0.5605110209999964
  view-data: 0.5558342509999932
