times:
  landing: 1.070367573999988
  view-data: 0.5672071660000029
