times:
  edit-metadata: 1.3254496958106756
  landing: 0.9542822297662497
  view-data: 0.22900981083512306
