times:
  landing: 0.5581566699999883
  view-data: 0.5607776030000196
