times:
  edit-metadata: 0.8791122429538518
  landing: 0.050852891989052296
  view-data: 0.20828739390708506
