times:
  edit-metadata: 1.4187325201928616
  landing: 0.0542357861995697
  view-data: 0.2194148264825344
