times:
  edit-metadata: 1.9131802497431636
  landing: 0.1419595079496503
  view-data: 0.1976852174848318
