times:
  edit-metadata: 1.42140506580472
  landing: 0.944488525390625
  view-data: 3.3557224348187447
