times:
  landing: 0.5570246199999929
  view-data: 0.5559689849999927
