times:
  edit-metadata: 0.81012719636783
  landing: 0.044939175713807344
  view-data: 0.19847841281443834
