times:
  edit-metadata: 1.693235956132412
  landing: 0.6333584655076265
  view-data: 0.33505487628281116
