times:
  edit-metadata: 1.4197930060327053
  landing: 0.8268476501107216
  view-data: 3.3704446256160736
