times:
  edit-metadata: 2.1615730691701174
  landing: 0.029464401304721832
  view-data: 0.04370626248419285
