times:
  landing: 1.1250390479999623
  view-data: 0.5589614179999671
