times:
  edit-metadata: 0.911001964006573
  landing: 0.05154720298014581
  view-data: 0.2258188419509679
