times:
  edit-metadata: 0.9394410349195823
  landing: 0.04730847699102014
  view-data: 0.22716568899340928
