times:
  edit-metadata: 0.8199334379751235
  landing: 0.0434897739905864
  view-data: 0.23774865799350664
