times:
  edit-metadata: 0.7808310729451478
  landing: 0.05297211604192853
  view-data: 0.21278575714677572
