times:
  edit-metadata: 0.7720038807019591
  landing: 0.051988775841891766
  view-data: 0.22085975483059883
