times:
  landing: 1.0650435210000069
  view-data: 0.5542854499999521
