times:
  edit-metadata: 0.8308265779924113
  landing: 0.04697449898230843
  view-data: 0.35486754501471296
