times:
  edit-metadata: 0.774268520064652
  landing: 0.05279613006860018
  view-data: 0.21167348325252533
