times:
  edit-metadata: 1.6611077096313238
  landing: 1.0111369267106056
  view-data: 0.32437525130808353
