times:
  edit-metadata: 1.3840894140303135
  landing: 0.8520257696509361
  view-data: 3.2864709608256817
