times:
  edit-metadata: 1.422975903376937
  landing: 0.99020079895854
  view-data: 3.364739615470171
