times:
  edit-metadata: 0.7972909000236541
  landing: 0.05761892395094037
  view-data: 0.2472156200092286
