times:
  landing: 0.5421850980000045
  view-data: 0.5448456379999698
