times:
  edit-metadata: 0.8393971649929881
  landing: 0.05329139297828078
  view-data: 0.24975162802729756
