times:
  landing: 0.5566720219999866
  view-data: 0.5575067799999829
