times:
  edit-metadata: 1.154668450821191
  landing: 0.08998354990035295
  view-data: 0.402008640114218
