times:
  edit-metadata: 0.7777254580287263
  landing: 0.053233538987115026
  view-data: 0.208462912007235
