times:
  edit-metadata: 1.871135164052248
  landing: 0.12546495627611876
  view-data: 0.12659921683371067
