times:
  edit-metadata: 0.9072294409852475
  landing: 0.04902652697637677
  view-data: 0.23060054099187255
