times:
  edit-metadata: 0.7574282353743911
  landing: 0.045506590977311134
  view-data: 0.21607297891750932
