times:
  edit-metadata: 1.681268522515893
  landing: 0.800896655768156
  view-data: 0.23039052076637745
