times:
  landing: 0.5584941910000225
  view-data: 0.5548115999999936
