times:
  edit-metadata: 0.8364143648650497
  landing: 0.04918457684107125
  view-data: 0.23782019410282373
