times:
  edit-metadata: 1.5719537734985352
  landing: 1.0426215194165707
  view-data: 3.389006942510605
