times:
  edit-metadata: 1.7658982370048761
  landing: 0.1351707186549902
  view-data: 0.40764869935810566
