times:
  edit-metadata: 2.622487049549818
  landing: 0.2486114241182804
  view-data: 0.42123114317655563
