times:
  edit-metadata: 0.8886595880030654
  landing: 0.04602326301392168
  view-data: 0.21041395599604584
