times:
  edit-metadata: 0.7891219751909375
  landing: 0.04456710070371628
  view-data: 0.21090850327163935
