times:
  landing: 0.5458832169999823
  view-data: 0.5597320230000378
