times:
  landing: 1.0712960920000114
  view-data: 0.561332474000011
