times:
  edit-metadata: 1.4974221400916576
  landing: 0.0550403967499733
  view-data: 0.21823939308524132
