times:
  edit-metadata: 1.6261709183454514
  landing: 0.5813156366348267
  view-data: 0.6231669373810291
