times:
  edit-metadata: 1.9037418263033032
  landing: 0.15852790232747793
  view-data: 0.32466952595859766
