times:
  edit-metadata: 0.8931295778602362
  landing: 0.051833495032042265
  view-data: 0.21305907983332872
