times:
  edit-metadata: 1.4683217601850629
  landing: 0.8366286931559443
  view-data: 3.480661449022591
