times:
  edit-metadata: 1.7277106121182442
  landing: 0.15889067202806473
  view-data: 0.451103656552732
