times:
  edit-metadata: 1.8799936212599277
  landing: 1.2674692422151566
  view-data: 3.398150086402893
