times:
  landing: 0.55835632900002
  view-data: 0.5595038349999868
