times:
  edit-metadata: 1.8130617253482342
  landing: 0.020521226339042187
  view-data: 0.4135986799374223
