times:
  edit-metadata: 1.3627218324691057
  landing: 0.8378847483545542
  view-data: 3.35234515927732
