times:
  edit-metadata: 1.660981958732009
  landing: 0.6749886125326157
  view-data: 0.22757082805037498
