times:
  edit-metadata: 1.4100999273359776
  landing: 0.05200158432126045
  view-data: 0.21084672585129738
