times:
  edit-metadata: 0.8063188320957124
  landing: 0.046359444968402386
  view-data: 0.24477750482037663
