times:
  edit-metadata: 1.8153559677302837
  landing: 0.14601553045213223
  view-data: 0.14479872211813927
