times:
  edit-metadata: 1.0682296119630337
  landing: 0.0673820551019162
  view-data: 0.20745688793249428
