times:
  edit-metadata: 0.8135211381595582
  landing: 0.049326667096465826
  view-data: 0.22606481006368995
