times:
  landing: 1.0602747929999907
  view-data: 0.5545053029999849
