times:
  edit-metadata: 1.3819348383694887
  landing: 0.805510813370347
  view-data: 3.3306011240929365
