times:
  edit-metadata: 1.4380315765738487
  landing: 0.9082330465316772
  view-data: 3.287721410393715
