times:
  edit-metadata: 1.4553699879979831
  landing: 0.047469634999288246
  view-data: 0.2103652060031891
