times:
  edit-metadata: 1.6834815945476294
  landing: 0.5740161966532469
  view-data: 0.6350157801061869
