times:
  edit-metadata: 1.846411932259798
  landing: 0.13287850096821785
  view-data: 0.1419848296791315
