times:
  edit-metadata: 1.6112793516367674
  landing: 0.7518751006573439
  view-data: 0.21261974051594734
