times:
  edit-metadata: 1.4554425962269306
  landing: 0.8716022670269012
  view-data: 3.3207452706992626
