times:
  edit-metadata: 1.786968751810491
  landing: 0.019755867309868336
  view-data: 0.4852566225454211
