times:
  edit-metadata: 1.381253533065319
  landing: 1.045002049067989
  view-data: 3.348064672900364
