times:
  edit-metadata: 0.8132717880071141
  landing: 0.047688854014268145
  view-data: 0.8832334530015942
