times:
  edit-metadata: 1.8262771936133504
  landing: 0.13219806272536516
  view-data: 0.6324006943032146
