times:
  edit-metadata: 2.160192535724491
  landing: 1.1446856991387904
  view-data: 3.524329647421837
