times:
  edit-metadata: 1.8817941155284643
  landing: 0.027575796470046043
  view-data: 0.4570559449493885
