times:
  edit-metadata: 1.8417274905368686
  landing: 0.20293255429714918
  view-data: 0.1385896299034357
