times:
  edit-metadata: 1.9411961287260056
  landing: 0.027686960995197296
  view-data: 0.028205396607518196
