times:
  landing: 0.5476628110000092
  view-data: 0.554839458999993
