times:
  edit-metadata: 1.5393081493675709
  landing: 0.9256702810525894
  view-data: 3.457613181322813
