times:
  edit-metadata: 1.4568785093724728
  landing: 0.8426358960568905
  view-data: 3.31639164686203
