times:
  edit-metadata: 1.7679809490218759
  landing: 0.021577898412942886
  view-data: 0.09597157780081034
