times:
  edit-metadata: 2.164803260937333
  landing: 0.22275459580123425
  view-data: 0.2868939470499754
