times:
  landing: 1.0830476829999043
  view-data: 0.5599095439999928
