times:
  edit-metadata: 1.6059633931145072
  landing: 0.7907772539183497
  view-data: 3.286747339181602
