times:
  edit-metadata: 0.7940630041994154
  landing: 0.048455031123012304
  view-data: 0.25285889208316803
