times:
  edit-metadata: 0.8889889908023179
  landing: 0.05788773391395807
  view-data: 0.21467422088608146
