times:
  landing: 0.5554327309999962
  view-data: 0.552605815999982
