times:
  edit-metadata: 0.8818794600665569
  landing: 0.05852982681244612
  view-data: 0.22585509391501546
