times:
  edit-metadata: 1.382219271035865
  landing: 0.9170210990123451
  view-data: 3.3821098359767348
