times:
  edit-metadata: 0.814162434078753
  landing: 0.0479918469209224
  view-data: 0.20686329994350672
