times:
  landing: 0.550515474000008
  view-data: 0.5589276359999928
