times:
  edit-metadata: 0.7793366257101297
  landing: 0.055884191766381264
  view-data: 0.20861621014773846
