times:
  edit-metadata: 2.1809237357228994
  landing: 0.3806755244731903
  view-data: 0.4665187578648329
