times:
  edit-metadata: 2.6071759313344955
  landing: 0.02194864023476839
  view-data: 0.025589347817003727
