times:
  edit-metadata: 0.7850824630004354
  landing: 0.05420812300872058
  view-data: 0.21233081998070702
