times:
  edit-metadata: 1.505045933648944
  landing: 0.8126663491129875
  view-data: 3.3796313665807247
