times:
  edit-metadata: 1.8109152922406793
  landing: 0.09597889613360167
  view-data: 0.5708874966949224
