times:
  landing: 0.5503760940000006
  view-data: 0.5753964719999942
