times:
  edit-metadata: 1.7526004211977124
  landing: 0.09597772732377052
  view-data: 0.15255571715533733
