times:
  edit-metadata: 1.7662145560607314
  landing: 0.019934899173676968
  view-data: 0.40655529126524925
