times:
  edit-metadata: 1.413077387958765
  landing: 0.996630126144737
  view-data: 3.373718651011586
