times:
  edit-metadata: 2.989468147046864
  landing: 1.9076132290065289
  view-data: 3.7904865369200706
