times:
  landing: 1.0727705730000139
  view-data: 0.5574692140000366
