times:
  landing: 0.5445128800000703
  view-data: 0.5513247249999722
