times:
  edit-metadata: 0.7916815230855718
  landing: 0.04790666501503438
  view-data: 0.24616895790677518
