times:
  edit-metadata: 1.2945801680907607
  landing: 0.1303732069209218
  view-data: 0.5295246951282024
