times:
  edit-metadata: 1.9973615668714046
  landing: 1.2450547637417912
  view-data: 3.4342417120933533
