times:
  edit-metadata: 0.7918076498899609
  landing: 0.06200494500808418
  view-data: 0.21320356708019972
