times:
  edit-metadata: 0.7790492339991033
  landing: 0.04712750809267163
  view-data: 0.2170830830000341
