times:
  edit-metadata: 1.8328421879559755
  landing: 0.1407601572573185
  view-data: 0.13569709099829197
