times:
  edit-metadata: 0.8132187189767137
  landing: 0.04517361498437822
  view-data: 0.20996576990000904
