times:
  edit-metadata: 1.442577950656414
  landing: 0.9518446829169989
  view-data: 3.4133858252316713
