times:
  edit-metadata: 0.8075154011603445
  landing: 0.04821396106854081
  view-data: 0.23230231809429824
