times:
  edit-metadata: 0.8729903119965456
  landing: 0.04774089501006529
  view-data: 0.25289662898285314
