times:
  edit-metadata: 0.8123559288214892
  landing: 0.04863601294346154
  view-data: 0.2412336659617722
