times:
  edit-metadata: 1.7404130576178432
  landing: 0.12901860289275646
  view-data: 0.4540606616064906
