times:
  edit-metadata: 1.8452229453250766
  landing: 0.021930844523012638
  view-data: 0.4217671751976013
