times:
  edit-metadata: 2.229481155052781
  landing: 0.296998992562294
  view-data: 0.46454375609755516
