times:
  edit-metadata: 1.8472314607352018
  landing: 0.019048377871513367
  view-data: 0.023376336321234703
