times:
  edit-metadata: 1.443411160260439
  landing: 0.052568450570106506
  view-data: 0.2199268452823162
