times:
  edit-metadata: 1.5788211654871702
  landing: 1.1897748429328203
  view-data: 0.3384111151099205
