times:
  edit-metadata: 1.5331574911251664
  landing: 0.9502087291330099
  view-data: 3.459349705837667
