times:
  edit-metadata: 0.7949967298191041
  landing: 0.051948218839243054
  view-data: 0.20426772395148873
