times:
  edit-metadata: 0.924729862716049
  landing: 0.05108354799449444
  view-data: 0.23191880621016026
