times:
  edit-metadata: 0.889259283998399
  landing: 0.04991484100173693
  view-data: 0.261520959000336
