times:
  edit-metadata: 3.1611844385042787
  landing: 0.669723380357027
  view-data: 0.3478619009256363
