times:
  landing: 0.5545070410000221
  view-data: 0.5595046640000305
