times:
  edit-metadata: 1.7099160137586296
  landing: 0.8202285501174629
  view-data: 3.399648833088577
