times:
  edit-metadata: 1.3980713747441769
  landing: 0.931809663772583
  view-data: 3.3808965869247913
