times:
  landing: 1.0666278319999947
  view-data: 0.5475539400003981
