times:
  edit-metadata: 1.9013340156525373
  landing: 0.022632332518696785
  view-data: 0.02658422477543354
