times:
  edit-metadata: 1.8011355549097061
  landing: 0.02041675243526697
  view-data: 0.1220973040908575
