times:
  landing: 1.099388260000012
  view-data: 0.5524131960000318
