times:
  edit-metadata: 0.8398365600005491
  landing: 0.05537407600786537
  view-data: 0.2334692230069777
