times:
  edit-metadata: 0.8157793609425426
  landing: 0.05255371704697609
  view-data: 0.21905183605849743
