times:
  edit-metadata: 1.665573398990091
  landing: 0.16941134698572569
  view-data: 0.35778828398906626
