times:
  edit-metadata: 0.8160876110196114
  landing: 0.05109555600211024
  view-data: 0.20103191398084164
