times:
  edit-metadata: 1.479067025706172
  landing: 1.0008941385895014
  view-data: 3.4214185029268265
