times:
  edit-metadata: 1.6743208784610033
  landing: 0.7326263953000307
  view-data: 0.3252154793590307
