times:
  edit-metadata: 1.7711382806301117
  landing: 0.2163309920579195
  view-data: 0.47367970645427704
