times:
  edit-metadata: 0.7946009919978678
  landing: 0.04386574891395867
  view-data: 0.24524605507031083
