times:
  edit-metadata: 1.1921522710472345
  landing: 0.8841442819684744
  view-data: 0.46311572566628456
