times:
  edit-metadata: 1.6164128556847572
  landing: 1.5991169027984142
  view-data: 0.37050868198275566
