times:
  edit-metadata: 1.9068090561777353
  landing: 0.21836053393781185
  view-data: 0.14760740287601948
