times:
  edit-metadata: 1.4376734383404255
  landing: 0.8415505029261112
  view-data: 3.3649077340960503
