times:
  edit-metadata: 0.7828780272975564
  landing: 0.041634888388216496
  view-data: 0.35120341647416353
