times:
  edit-metadata: 1.5885173007845879
  landing: 0.6474838890135288
  view-data: 0.22808154113590717
