times:
  edit-metadata: 0.8639818569645286
  landing: 0.0451207070145756
  view-data: 0.21074215602129698
