times:
  edit-metadata: 2.255234295502305
  landing: 1.2513262452557683
  view-data: 3.458758126012981
