times:
  edit-metadata: 0.8114551779581234
  landing: 0.0545208269613795
  view-data: 0.20819796400610358
