times:
  edit-metadata: 1.5564150884747505
  landing: 0.8324218280613422
  view-data: 3.3888887465000153
