times:
  edit-metadata: 1.4178625084459782
  landing: 0.04921570420265198
  view-data: 0.217787753790617
