times:
  edit-metadata: 1.450858872383833
  landing: 0.044026512652635574
  view-data: 0.21559642255306244
