times:
  edit-metadata: 1.5681048817932606
  landing: 1.0836458094418049
  view-data: 3.3465760722756386
