times:
  edit-metadata: 1.3711007423698902
  landing: 0.8946669474244118
  view-data: 3.392193652689457
