times:
  edit-metadata: 1.5548694469034672
  landing: 1.0739516541361809
  view-data: 3.342909272760153
