times:
  landing: 1.0695604069999831
  view-data: 0.5705943639999873
