times:
  edit-metadata: 1.7107137460261583
  landing: 1.6113416645675898
  view-data: 0.6360257621854544
