times:
  edit-metadata: 1.748300681822002
  landing: 0.020949278958141804
  view-data: 0.024543737061321735
