times:
  edit-metadata: 1.4739803932607174
  landing: 1.8211108315736055
  view-data: 0.3481667973101139
