times:
  edit-metadata: 1.8144246451556683
  landing: 0.020121732726693153
  view-data: 0.5569801963865757
