times:
  landing: 0.5548621499999911
  view-data: 0.5571301500000061
