times:
  edit-metadata: 1.451304204761982
  landing: 1.0368153899908066
  view-data: 3.354280762374401
