times:
  edit-metadata: 1.805061424151063
  landing: 0.21480265632271767
  view-data: 0.025043124333024025
