times:
  landing: 0.554722464000406
  view-data: 0.5563976739999816
