times:
  edit-metadata: 1.4200253188610077
  landing: 0.05561063438653946
  view-data: 0.21187029406428337
