times:
  edit-metadata: 1.4662863463163376
  landing: 0.8582164011895657
  view-data: 3.3171134628355503
