times:
  edit-metadata: 1.3750934842973948
  landing: 0.8572227661497891
  view-data: 3.4109379700385034
