times:
  landing: 1.0818862570000647
  view-data: 0.5608829930000638
