times:
  edit-metadata: 0.8720573780010454
  landing: 0.05212748100166209
  view-data: 0.2517174769891426
