times:
  edit-metadata: 1.418613899499178
  landing: 0.9646924026310444
  view-data: 3.3699866719543934
