times:
  landing: 0.5532752120000168
  view-data: 0.551892424000016
