times:
  edit-metadata: 1.4764982238411903
  landing: 0.8177173510193825
  view-data: 3.367946209385991
