times:
  edit-metadata: 3.1032000705599785
  landing: 0.21812185645103455
  view-data: 0.4610706530511379
