times:
  edit-metadata: 1.8118180390447378
  landing: 0.020748089998960495
  view-data: 0.024094617925584316
