times:
  landing: 0.5620298620000028
  view-data: 0.5652030480000008
