times:
  edit-metadata: 1.399179968982935
  landing: 0.04751629754900932
  view-data: 0.21541588008403778
