times:
  edit-metadata: 2.038303700275719
  landing: 1.3637964790686965
  view-data: 3.7814472503960133
