times:
  landing: 0.5549904970000057
  view-data: 0.5545361669999807
