times:
  edit-metadata: 1.4686792194843292
  landing: 0.9236026480793953
  view-data: 3.3587114457041025
