times:
  landing: 0.5648339519999581
  view-data: 0.5673294979999923
