times:
  edit-metadata: 1.3996020070044324
  landing: 0.7367874999763444
  view-data: 3.2739319360116497
