times:
  edit-metadata: 0.7446507583372295
  landing: 0.054669953882694244
  view-data: 0.21085576573386788
