times:
  edit-metadata: 0.8481586468406022
  landing: 0.045159156899899244
  view-data: 0.2541837668977678
