times:
  edit-metadata: 0.9186266729957424
  landing: 0.04846745598479174
  view-data: 0.2543024279875681
