times:
  edit-metadata: 1.5969345476478338
  landing: 0.7056539710611105
  view-data: 0.32934900373220444
