times:
  edit-metadata: 1.4490929124876857
  landing: 0.8534259321168065
  view-data: 3.3750931341201067
