times:
  edit-metadata: 0.804769889000454
  landing: 0.049650168999505695
  view-data: 0.24823193700285628
