times:
  edit-metadata: 1.4245574213564396
  landing: 0.7829410936683416
  view-data: 3.4290349557995796
