times:
  edit-metadata: 1.7846618946641684
  landing: 0.6258053537458181
  view-data: 0.6258558686822653
