times:
  edit-metadata: 0.8407032679533586
  landing: 0.05077765497844666
  view-data: 0.46668176201637834
