times:
  edit-metadata: 1.8261750675737858
  landing: 0.01953228749334812
  view-data: 0.35698986425995827
