times:
  edit-metadata: 1.8748130425810814
  landing: 0.8627452496439219
  view-data: 3.4572444446384907
