times:
  edit-metadata: 0.8073454350233078
  landing: 0.051455563865602016
  view-data: 0.2464510090649128
