times:
  edit-metadata: 1.8458116184920073
  landing: 0.018404074013233185
  view-data: 0.1376138087362051
