times:
  edit-metadata: 1.4773416044190526
  landing: 1.595022392924875
  view-data: 3.272994440048933
