times:
  edit-metadata: 1.4725664723664522
  landing: 0.7726142704486847
  view-data: 3.287503309547901
