times:
  edit-metadata: 1.3877585474401712
  landing: 0.8368094470351934
  view-data: 3.3374420572072268
