times:
  edit-metadata: 1.8299617879092693
  landing: 0.02164887823164463
  view-data: 0.024845873937010765
