times:
  edit-metadata: 0.9220679015852511
  landing: 0.0667921369895339
  view-data: 0.2447548252530396
