times:
  landing: 0.5488318189999859
  view-data: 0.5551493130000154
