times:
  edit-metadata: 1.0872161309234798
  landing: 0.05106945103034377
  view-data: 0.20852038799785078
