times:
  edit-metadata: 1.608864214271307
  landing: 1.0028390139341354
  view-data: 3.3642400540411472
