times:
  edit-metadata: 1.434897881001234
  landing: 0.05288119241595268
  view-data: 0.2177925743162632
