times:
  edit-metadata: 2.2844497179612517
  landing: 1.3233280191197991
  view-data: 3.422910832799971
