times:
  edit-metadata: 1.4963266178965569
  landing: 0.7689562253654003
  view-data: 3.365345112979412
