times:
  edit-metadata: 0.8708149970043451
  landing: 0.09625402116216719
  view-data: 0.2580376919358969
