times:
  edit-metadata: 1.8632705565541983
  landing: 0.018424367532134056
  view-data: 0.024311309680342674
