times:
  edit-metadata: 1.4403754249215126
  landing: 0.9050933588296175
  view-data: 3.355148958042264
