times:
  edit-metadata: 1.4443380534648895
  landing: 0.04929905757308006
  view-data: 0.21832051873207092
