times:
  edit-metadata: 0.7659304887056351
  landing: 0.05106063187122345
  view-data: 0.20957605261355639
