times:
  landing: 1.5944809809999754
  view-data: 0.5648216790000049
