times:
  edit-metadata: 1.670536369085312
  landing: 1.0938245877623558
  view-data: 0.6208433285355568
