times:
  edit-metadata: 2.307489139959216
  landing: 0.23652966134250164
  view-data: 0.1318753082305193
