times:
  landing: 0.5489024359999917
  view-data: 0.04742064600000617
