times:
  edit-metadata: 1.520155031234026
  landing: 1.0254925675690174
  view-data: 3.354797128587961
