times:
  edit-metadata: 2.2539741341024637
  landing: 0.4274188317358494
  view-data: 0.508386168628931
