times:
  edit-metadata: 0.801318863988854
  landing: 0.05628909694496542
  view-data: 0.20445590105373412
