times:
  landing: 1.0688672370000063
  view-data: 0.5678474329999972
