times:
  edit-metadata: 1.5421558283269405
  landing: 0.8791865967214108
  view-data: 3.456149384379387
