times:
  edit-metadata: 1.4280719889793545
  landing: 0.8308500971179456
  view-data: 3.3781971698626876
