times:
  edit-metadata: 1.620938003063202
  landing: 0.8046858236193657
  view-data: 0.25097776018083096
