times:
  edit-metadata: 2.625185253098607
  landing: 0.23643692210316658
  view-data: 0.40257262997329235
