times:
  edit-metadata: 1.7260607164353132
  landing: 1.025481041520834
  view-data: 3.3689689617604017
