times:
  edit-metadata: 1.7910109600052238
  landing: 0.01917615719139576
  view-data: 0.12792438361793756
