times:
  edit-metadata: 1.4339212216436863
  landing: 0.044509612023830414
  view-data: 0.21712230518460274
