times:
  edit-metadata: 1.9240364003926516
  landing: 0.14571738988161087
  view-data: 0.12640041299164295
