times:
  edit-metadata: 1.8287409525364637
  landing: 0.255400269292295
  view-data: 0.3934388691559434
