times:
  edit-metadata: 1.6220768019557
  landing: 1.1598747856914997
  view-data: 3.488744276575744
