times:
  edit-metadata: 2.2799636144191027
  landing: 0.023884382098913193
  view-data: 0.03666558675467968
