times:
  landing: 0.5543198999999959
  view-data: 0.5716012219999982
