times:
  edit-metadata: 0.8942806769628078
  landing: 0.047702300013042986
  view-data: 0.24422081903321669
