times:
  edit-metadata: 1.4908889327198267
  landing: 0.9134767837822437
  view-data: 3.4194242730736732
