times:
  edit-metadata: 0.7954238860402256
  landing: 0.048322029993869364
  view-data: 0.20505686092656106
