times:
  edit-metadata: 1.6833184314891696
  landing: 0.19123004004359245
  view-data: 0.4501102324575186
