times:
  landing: 1.0594262609999987
  view-data: 0.5443927519999932
