times:
  landing: 1.1078513850000036
  view-data: 0.5651508610000064
