times:
  edit-metadata: 0.8871960460674018
  landing: 0.050026932964101434
  view-data: 0.3709688331000507
