times:
  edit-metadata: 0.4955471890280023
  landing: 0.05996221303939819
  view-data: 0.21566930797416717
