times:
  edit-metadata: 1.5022227689623833
  landing: 0.9435410089790821
  view-data: 3.333835858851671
