times:
  edit-metadata: 1.4969533991534263
  landing: 0.7530731400474906
  view-data: 3.410157351056114
