times:
  edit-metadata: 0.5744484430179
  landing: 0.0605281189782545
  view-data: 0.22479359002318233
