times:
  edit-metadata: 1.6115552876144648
  landing: 0.7868354087695479
  view-data: 3.355053790844977
