times:
  edit-metadata: 2.0448597306385636
  landing: 1.1157690240070224
  view-data: 3.3810106380842626
