times:
  edit-metadata: 1.3620986267924309
  landing: 0.82709089666605
  view-data: 3.3212445452809334
