times:
  edit-metadata: 1.5063897969666868
  landing: 0.8722330230521038
  view-data: 3.3737294889288023
