times:
  edit-metadata: 0.587026922032237
  landing: 0.05681812600232661
  view-data: 0.21912805899046361
