times:
  edit-metadata: 0.5003883329918608
  landing: 0.0703564069699496
  view-data: 0.21353924297727644
