times:
  edit-metadata: 2.543841630220413
  landing: 1.101725161075592
  view-data: 3.558100927621126
