times:
  edit-metadata: 0.5744602040213067
  landing: 0.07990182700450532
  view-data: 0.22892086597857997
