times:
  edit-metadata: 0.6254405750078149
  landing: 0.04706742201233283
  view-data: 0.22167166700819507
