times:
  edit-metadata: 1.5012451224029064
  landing: 0.9681634977459908
  view-data: 3.3743961229920387
