times:
  edit-metadata: 1.3024806519970298
  landing: 0.6845543896779418
  view-data: 3.3785041151568294
