times:
  edit-metadata: 1.4536303095519543
  landing: 0.8548695370554924
  view-data: 3.435369737446308
