times:
  edit-metadata: 1.8203049777075648
  landing: 1.1167252380400896
  view-data: 3.5671333549544215
