times:
  edit-metadata: 1.5076501779258251
  landing: 0.6977526545524597
  view-data: 3.3778540454804897
