times:
  edit-metadata: 1.5426730681210756
  landing: 0.7418972738087177
  view-data: 3.407986516132951
