times:
  edit-metadata: 0.5010778399882838
  landing: 0.058583096018992364
  view-data: 0.33555043302476406
