times:
  edit-metadata: 1.2566867917776108
  landing: 0.7783430246636271
  view-data: 3.346247334033251
