times:
  edit-metadata: 1.4577439278364182
  landing: 0.7578664794564247
  view-data: 3.3934918381273746
