times:
  edit-metadata: 0.587758359964937
  landing: 0.0704263310180977
  view-data: 0.21601214492693543
