times:
  edit-metadata: 0.5089675979688764
  landing: 0.06837152410298586
  view-data: 0.22692087898030877
