times:
  edit-metadata: 0.5648966699955054
  landing: 0.058669451012974605
  view-data: 0.22179827402578667
