times:
  edit-metadata: 0.4962919130921364
  landing: 0.07121510664001107
  view-data: 0.21400225069373846
