times:
  edit-metadata: 0.49265749426558614
  landing: 0.06858092127367854
  view-data: 0.20902206283062696
