times:
  edit-metadata: 1.5988609232008457
  landing: 0.7816183306276798
  view-data: 3.4878581948578358
