times:
  edit-metadata: 0.5099470629356802
  landing: 0.07336440123617649
  view-data: 0.22171332919970155
