times:
  edit-metadata: 1.377042172010988
  landing: 0.812658273964189
  view-data: 3.3243965139845386
