times:
  edit-metadata: 1.4596013352274895
  landing: 0.9595177508890629
  view-data: 3.3531945198774338
