times:
  edit-metadata: 1.4596010288223624
  landing: 0.7329636951908469
  view-data: 3.3855611672624946
