times:
  edit-metadata: 0.6434604842215776
  landing: 0.17352039040997624
  view-data: 0.2906381501816213
