times:
  edit-metadata: 1.8511717654764652
  landing: 0.9500061050057411
  view-data: 3.4120690263807774
