times:
  edit-metadata: 0.6058979739900678
  landing: 0.04976502503268421
  view-data: 0.22240710305050015
