times:
  edit-metadata: 1.5460772849619389
  landing: 0.7930548749864101
  view-data: 3.4042249992489815
