times:
  edit-metadata: 1.3707266938872635
  landing: 0.7695653550326824
  view-data: 3.3068127618171275
