times:
  edit-metadata: 1.4712664629332721
  landing: 0.7886746912263334
  view-data: 3.3823895300738513
