times:
  edit-metadata: 1.4692151159979403
  landing: 0.7365050590597093
  view-data: 3.2506313159829006
