times:
  edit-metadata: 1.554394779726863
  landing: 0.803887041285634
  view-data: 3.4412342719733715
