times:
  edit-metadata: 0.49509336799383163
  landing: 0.0673606579657644
  view-data: 0.20578742679208517
