times:
  edit-metadata: 1.7227997183799744
  landing: 0.7962150312960148
  view-data: 3.3091737665235996
