times:
  edit-metadata: 1.2678843019530177
  landing: 0.8108958434313536
  view-data: 3.3173440285027027
