times:
  edit-metadata: 1.4602923355996609
  landing: 0.8603248381987214
  view-data: 3.3934628749266267
