times:
  edit-metadata: 1.5059765130281448
  landing: 0.7344965264201164
  view-data: 3.3014289289712906
