times:
  edit-metadata: 1.459029134362936
  landing: 0.7975190002471209
  view-data: 3.3666557744145393
