times:
  edit-metadata: 0.5063481100369245
  landing: 0.06143044610507786
  view-data: 0.20947058009915054
