times:
  edit-metadata: 1.582509357482195
  landing: 0.7981854751706123
  view-data: 3.448261946439743
