times:
  edit-metadata: 0.4860813089180738
  landing: 0.06373378192074597
  view-data: 0.21840967214666307
