times:
  edit-metadata: 2.527242260053754
  landing: 1.4933853205293417
  view-data: 3.5212768148630857
