times:
  edit-metadata: 1.2390237030340359
  landing: 0.7440892370650545
  view-data: 3.375512567930855
