times:
  edit-metadata: 0.7516680900007486
  landing: 0.14694452099502087
  view-data: 0.20807304000481963
