times:
  edit-metadata: 1.5265024360269308
  landing: 0.7539427019655704
  view-data: 3.4273232389241457
