times:
  edit-metadata: 1.5450375750660896
  landing: 0.8498264215886593
  view-data: 3.4126327596604824
