times:
  edit-metadata: 1.616192501038313
  landing: 0.2504395917057991
  view-data: 0.03299763426184654
