times:
  edit-metadata: 1.516475511714816
  landing: 0.7318095471709967
  view-data: 3.3777505829930305
