times:
  edit-metadata: 1.594103891402483
  landing: 1.0242066644132137
  view-data: 3.41768229752779
