times:
  edit-metadata: 1.5100073143839836
  landing: 3.9318348234519362
  view-data: 3.3221431765705347
