times:
  edit-metadata: 1.3747050343081355
  landing: 0.7601266521960497
  view-data: 3.3615750102326274
