times:
  edit-metadata: 1.5719958078116179
  landing: 0.7788257692009211
  view-data: 3.4574089348316193
