times:
  edit-metadata: 0.4981797500513494
  landing: 0.041077741887420416
  view-data: 0.2213267378974706
