times:
  edit-metadata: 1.5576847977936268
  landing: 0.1583560872823
  view-data: 0.02660825103521347
