times:
  edit-metadata: 0.48979208897799253
  landing: 0.06889354297891259
  view-data: 0.22210612706840038
