times:
  edit-metadata: 0.5761385320220143
  landing: 0.10416124295443296
  view-data: 0.2626426890492439
