times:
  edit-metadata: 1.6397971585392952
  landing: 0.9969377666711807
  view-data: 3.538566939532757
