times:
  edit-metadata: 1.4439910911023617
  landing: 0.7296062670648098
  view-data: 3.297754369676113
