times:
  edit-metadata: 1.4119395464658737
  landing: 0.8709814548492432
  view-data: 3.28350393101573
