times:
  edit-metadata: 1.9644621312618256
  landing: 1.1739785186946392
  view-data: 3.356331802904606
