times:
  edit-metadata: 1.487137783318758
  landing: 1.945599902421236
  view-data: 3.4248053655028343
