times:
  edit-metadata: 1.585953839123249
  landing: 0.9552404098212719
  view-data: 3.3598057255148888
