times:
  edit-metadata: 1.361384555697441
  landing: 0.6814430914819241
  view-data: 3.30233000125736
