times:
  edit-metadata: 1.5676881521940231
  landing: 1.002017728984356
  view-data: 3.3672722429037094
