times:
  edit-metadata: 1.5413003107532859
  landing: 0.8530989149585366
  view-data: 3.4329992029815912
