times:
  edit-metadata: 2.247216811403632
  landing: 1.2840674221515656
  view-data: 3.6069075614213943
