times:
  edit-metadata: 0.4946382949128747
  landing: 0.06743692513555288
  view-data: 0.3540992341004312
