times:
  edit-metadata: 1.5087765660136938
  landing: 0.773092407733202
  view-data: 3.4134756717830896
