times:
  edit-metadata: 0.6317691139993258
  landing: 0.1024451440316625
  view-data: 0.21664536400930956
