times:
  edit-metadata: 1.4902086853981018
  landing: 0.8622076325118542
  view-data: 3.3703493140637875
