times:
  edit-metadata: 1.9683008790016174
  landing: 0.9884021859616041
  view-data: 3.65733384154737
