times:
  edit-metadata: 0.48919772799126804
  landing: 0.06218521296977997
  view-data: 0.2230199279729277
