times:
  edit-metadata: 1.5832685679197311
  landing: 0.8180699925869703
  view-data: 3.4396880138665438
