times:
  edit-metadata: 1.419344499707222
  landing: 0.7775120604783297
  view-data: 3.334372917190194
