times:
  edit-metadata: 1.9198035262525082
  landing: 1.1200910676270723
  view-data: 3.4668324533849955
