times:
  edit-metadata: 1.4461852982640266
  landing: 0.9395502358675003
  view-data: 3.3590724132955074
