times:
  edit-metadata: 1.4858602993190289
  landing: 0.8551560156047344
  view-data: 3.3775987438857555
