times:
  edit-metadata: 0.5682593821547925
  landing: 0.059122041799128056
  view-data: 0.30580862890928984
