times:
  edit-metadata: 1.4946154616773129
  landing: 0.8208515886217356
  view-data: 3.3677474446594715
