times:
  edit-metadata: 1.5046298503875732
  landing: 0.9984723888337612
  view-data: 3.358706284314394
