times:
  edit-metadata: 1.369581701233983
  landing: 0.8025695700198412
  view-data: 3.3660012427717447
