times:
  edit-metadata: 0.5125161469914019
  landing: 0.06735306698828936
  view-data: 0.22802432003663853
