times:
  edit-metadata: 0.5910016219859244
  landing: 0.07440738700097427
  view-data: 0.21857701599947177
