times:
  edit-metadata: 1.5961656756699085
  landing: 0.8531079031527042
  view-data: 3.310040198266506
