times:
  edit-metadata: 1.4476233944296837
  landing: 0.8179196715354919
  view-data: 3.4036291018128395
