times:
  edit-metadata: 1.6080008521676064
  landing: 0.8935911599546671
  view-data: 3.59452785551548
