times:
  edit-metadata: 0.6721068448387086
  landing: 0.0717096938751638
  view-data: 0.2855424457229674
