times:
  edit-metadata: 1.4441269040107727
  landing: 0.7507301233708858
  view-data: 3.254450712352991
