times:
  edit-metadata: 0.48193315230309963
  landing: 0.06985767092555761
  view-data: 0.21605738112702966
