times:
  edit-metadata: 0.5354670849628747
  landing: 0.0515274521894753
  view-data: 0.20978616899810731
