times:
  edit-metadata: 1.4393853396177292
  landing: 0.8392392322421074
  view-data: 3.3023530319333076
