times:
  edit-metadata: 0.5966419070027769
  landing: 0.06181967200245708
  view-data: 0.21888512407895178
