times:
  edit-metadata: 0.5639683827757835
  landing: 0.07250643521547318
  view-data: 0.2264490956440568
