times:
  edit-metadata: 1.5778831765055656
  landing: 0.865148238837719
  view-data: 3.341460205614567
