times:
  edit-metadata: 1.5993629023432732
  landing: 0.9929498769342899
  view-data: 3.3232580572366714
