times:
  edit-metadata: 1.4641187130473554
  landing: 0.7908283229917288
  view-data: 3.384373093023896
