times:
  edit-metadata: 1.578809792175889
  landing: 0.8926333598792553
  view-data: 3.4589410461485386
