times:
  edit-metadata: 1.782153726555407
  landing: 0.7353600226342678
  view-data: 3.4184599416330457
