times:
  edit-metadata: 1.485799364745617
  landing: 0.8196278102695942
  view-data: 3.3462954722344875
