times:
  edit-metadata: 0.5057012350298464
  landing: 0.0677492800168693
  view-data: 0.22672830428928137
