times:
  edit-metadata: 1.294948998838663
  landing: 0.7717331172898412
  view-data: 3.2990972762927413
