times:
  edit-metadata: 1.5424035862088203
  landing: 0.9091517589986324
  view-data: 3.428641751408577
