times:
  edit-metadata: 1.438633918762207
  landing: 1.6377964243292809
  view-data: 3.3435036949813366
