times:
  edit-metadata: 1.400191456079483
  landing: 0.6885592304170132
  view-data: 3.279265560209751
