times:
  edit-metadata: 1.4008092461153865
  landing: 0.8163583870045841
  view-data: 3.3231295999139547
