times:
  edit-metadata: 1.4613505289889872
  landing: 0.8975646309554577
  view-data: 3.6048810658976436
