times:
  edit-metadata: 1.6021757312119007
  landing: 0.7265574429184198
  view-data: 3.387875186279416
