times:
  edit-metadata: 1.6746772415935993
  landing: 1.0117301102727652
  view-data: 3.3665345534682274
