times:
  edit-metadata: 2.7349950931966305
  landing: 1.8610689751803875
  view-data: 3.887183602899313
