times:
  edit-metadata: 0.49935036699753255
  landing: 0.06996144296135753
  view-data: 0.21439953602384776
