times:
  edit-metadata: 1.4815852995961905
  landing: 0.7849266920238733
  view-data: 3.4084099736064672
