times:
  edit-metadata: 1.220807742094621
  landing: 0.8424743269570172
  view-data: 3.279702439904213
