times:
  edit-metadata: 0.5851629629905801
  landing: 0.059799756010761485
  view-data: 0.2117343410209287
