times:
  edit-metadata: 0.564957009999489
  landing: 0.06755552599497605
  view-data: 0.2526471540040802
