times:
  edit-metadata: 1.3766837939620018
  landing: 0.8470103107392788
  view-data: 3.3297707028687
