times:
  edit-metadata: 1.3371468968689442
  landing: 0.9586140289902687
  view-data: 3.293032370507717
