times:
  edit-metadata: 1.440927621908486
  landing: 0.7861357005313039
  view-data: 3.382883967831731
