times:
  edit-metadata: 0.5071704699657857
  landing: 0.06761374371126294
  view-data: 0.2090715430676937
