times:
  edit-metadata: 1.5152314119040966
  landing: 0.9059001579880714
  view-data: 3.3835930731147528
