times:
  edit-metadata: 1.4338871650397778
  landing: 0.8098905570805073
  view-data: 3.426040302030742
