times:
  edit-metadata: 0.5789222484454513
  landing: 0.14636243181303144
  view-data: 0.2774183349683881
