times:
  edit-metadata: 1.2715102459769696
  landing: 0.29491522698663175
  view-data: 0.3101349159842357
