times:
  edit-metadata: 1.537560193799436
  landing: 0.8157251747325063
  view-data: 3.4645102666690946
