times:
  edit-metadata: 1.513604904524982
  landing: 0.8036665515974164
  view-data: 3.375903266482055
