times:
  edit-metadata: 1.6161062084138393
  landing: 0.9905169643461704
  view-data: 3.3630821276456118
