times:
  edit-metadata: 1.5934998746961355
  landing: 0.8067797850817442
  view-data: 3.433987855911255
