times:
  edit-metadata: 1.6479003503918648
  landing: 1.060353148728609
  view-data: 3.4018211625516415
