times:
  edit-metadata: 1.4953666739165783
  landing: 0.7305769436061382
  view-data: 3.2986911088228226
