times:
  edit-metadata: 1.7710644900798798
  landing: 1.0742508452385664
  view-data: 3.4421163722872734
