times:
  edit-metadata: 0.5633015679195523
  landing: 0.06357066810596734
  view-data: 0.22556359600275755
