times:
  edit-metadata: 2.0619590245187283
  landing: 0.9574211649596691
  view-data: 3.5533643923699856
