times:
  edit-metadata: 1.5388032961636782
  landing: 0.7252784296870232
  view-data: 3.3951969128102064
