times:
  edit-metadata: 0.5013409269740805
  landing: 0.07109291094820946
  view-data: 0.21662716194987297
