times:
  edit-metadata: 1.6557268649339676
  landing: 0.9843640518374741
  view-data: 3.416151533834636
