times:
  edit-metadata: 1.4860595017671585
  landing: 0.8103085774928331
  view-data: 3.4193130265921354
