times:
  edit-metadata: 1.6190151702612638
  landing: 0.7394632995128632
  view-data: 3.398185698315501
