times:
  edit-metadata: 1.5346326529979706
  landing: 0.8285417482256889
  view-data: 3.4283744990825653
