times:
  edit-metadata: 0.5054894909262657
  landing: 0.06755144102498889
  view-data: 0.21187933802139014
