times:
  edit-metadata: 1.7623512707650661
  landing: 1.3095338474959135
  view-data: 3.366388451308012
