times:
  edit-metadata: 0.5292112349998206
  landing: 0.05255221202969551
  view-data: 0.21291508502326906
