times:
  edit-metadata: 0.4907093950023409
  landing: 0.07480364099319559
  view-data: 0.2154998119949596
