times:
  edit-metadata: 1.4616434127092361
  landing: 0.916963666677475
  view-data: 3.3096496053040028
