times:
  edit-metadata: 2.0056923972442746
  landing: 0.8181558791548014
  view-data: 3.8288810001686215
