times:
  edit-metadata: 3.110479712486267
  landing: 1.2442237827926874
  view-data: 3.7874167934060097
