times:
  edit-metadata: 1.436945579946041
  landing: 0.8583503067493439
  view-data: 3.3536416105926037
