times:
  edit-metadata: 2.059730241075158
  landing: 1.0739843724295497
  view-data: 3.5664380602538586
