times:
  edit-metadata: 0.4994555041193962
  landing: 0.05699806218035519
  view-data: 0.20984014705754817
