times:
  edit-metadata: 2.600067900493741
  landing: 1.2706489283591509
  view-data: 3.8402930349111557
