times:
  edit-metadata: 1.5572868958115578
  landing: 0.8854020051658154
  view-data: 3.468084355816245
