times:
  edit-metadata: 1.5478432141244411
  landing: 0.9201486520469189
  view-data: 4.064274251461029
