times:
  edit-metadata: 1.6332552498206496
  landing: 0.9621095089241862
  view-data: 3.329228580929339
