times:
  edit-metadata: 1.95344303175807
  landing: 1.282018605619669
  view-data: 3.3802942521870136
