times:
  edit-metadata: 1.602416267618537
  landing: 0.8159988261759281
  view-data: 3.4589545000344515
