times:
  edit-metadata: 1.7993707805871964
  landing: 0.7561467736959457
  view-data: 3.3857031147927046
