times:
  edit-metadata: 3.6418406944721937
  landing: 1.9475375413894653
  view-data: 4.266683790832758
