times:
  edit-metadata: 1.3316117376089096
  landing: 1.0206505367532372
  view-data: 3.3602245561778545
