times:
  edit-metadata: 1.4985085970256478
  landing: 0.7335314659867436
  view-data: 3.389157600933686
