times:
  edit-metadata: 1.4707130203023553
  landing: 0.9250986510887742
  view-data: 3.451687657274306
