times:
  edit-metadata: 1.6089443992823362
  landing: 0.7172731030732393
  view-data: 3.452326899394393
