times:
  edit-metadata: 1.544180224998854
  landing: 0.8473682999610901
  view-data: 3.399612996960059
