times:
  edit-metadata: 0.5317144959699363
  landing: 0.05360354809090495
  view-data: 0.2119359658099711
