times:
  edit-metadata: 1.4954815562814474
  landing: 0.7283506281673908
  view-data: 3.372700996696949
