times:
  edit-metadata: 1.576877411454916
  landing: 0.9798449389636517
  view-data: 3.3508220091462135
