times:
  edit-metadata: 1.5478126294910908
  landing: 1.0776736214756966
  view-data: 3.391733318567276
