times:
  edit-metadata: 1.4433212950825691
  landing: 0.9634329527616501
  view-data: 3.3948263935744762
