times:
  edit-metadata: 1.631468452513218
  landing: 0.803137194365263
  view-data: 3.453655607998371
