times:
  edit-metadata: 1.415058173239231
  landing: 0.7715350985527039
  view-data: 3.307638753205538
