times:
  edit-metadata: 0.6172439479269087
  landing: 0.1381181082688272
  view-data: 0.26468743989244103
