times:
  edit-metadata: 1.5356886927038431
  landing: 0.7368431650102139
  view-data: 3.416760405525565
