times:
  edit-metadata: 1.5190844722092152
  landing: 1.018798355013132
  view-data: 3.390665415674448
