times:
  edit-metadata: 0.5922299869998824
  landing: 0.046225644007790834
  view-data: 0.2152723339968361
