times:
  edit-metadata: 0.5397691461257637
  landing: 0.04753069207072258
  view-data: 0.20313403103500605
