times:
  edit-metadata: 1.6019819546490908
  landing: 0.8343218713998795
  view-data: 3.3793262653052807
