times:
  edit-metadata: 1.3938079960644245
  landing: 0.8519654348492622
  view-data: 3.3481078408658504
