times:
  edit-metadata: 1.5545497089624405
  landing: 1.0741287171840668
  view-data: 3.444432068616152
