times:
  edit-metadata: 0.6143597759946715
  landing: 0.04825122300826479
  view-data: 0.23581256900797598
