times:
  edit-metadata: 1.4444087520241737
  landing: 0.7472598776221275
  view-data: 3.3067431822419167
