times:
  edit-metadata: 1.3790927082300186
  landing: 0.9841331318020821
  view-data: 3.380431603640318
