times:
  edit-metadata: 0.5009024719474837
  landing: 0.07434196001850069
  view-data: 0.22114009596407413
