times:
  edit-metadata: 1.351513879839331
  landing: 0.7464912810828537
  view-data: 3.3552883460652083
