times:
  edit-metadata: 3.000554076395929
  landing: 1.1273441659286618
  view-data: 3.7815107787027955
