times:
  edit-metadata: 0.5059373560361564
  landing: 0.06822077301330864
  view-data: 0.21045554906595498
