times:
  edit-metadata: 0.48760507599945413
  landing: 0.06961839100040379
  view-data: 0.2233595929992589
