times:
  edit-metadata: 1.5047791320830584
  landing: 0.7807370498776436
  view-data: 3.4269522093236446
