times:
  edit-metadata: 1.6106018498539925
  landing: 0.8726967982947826
  view-data: 3.415484204888344
