times:
  edit-metadata: 1.5151441413909197
  landing: 0.7871967256069183
  view-data: 3.386600149795413
