times:
  edit-metadata: 1.3471956751309335
  landing: 0.7484479900449514
  view-data: 3.3142124619334936
