times:
  edit-metadata: 1.436904538422823
  landing: 0.9227984882891178
  view-data: 3.3591635935008526
