times:
  edit-metadata: 0.49156606709584594
  landing: 0.07087525096721947
  view-data: 0.22013982408680022
