times:
  edit-metadata: 0.610366078093648
  landing: 0.045079323928803205
  view-data: 0.2081010597757995
