times:
  edit-metadata: 1.3439482249086723
  landing: 0.7861013859510422
  view-data: 3.3982244780054316
