times:
  edit-metadata: 0.6076009790413082
  landing: 0.06902947463095188
  view-data: 0.3098762109875679
