times:
  edit-metadata: 0.5148555569976452
  landing: 0.06680273699748795
  view-data: 0.20247313800064148
