times:
  edit-metadata: 1.5722734481096268
  landing: 0.8084728866815567
  view-data: 3.309480033814907
