times:
  edit-metadata: 1.9027381651103497
  landing: 0.9539266210049391
  view-data: 3.564895622432232
