times:
  edit-metadata: 1.5803979597985744
  landing: 1.012975763529539
  view-data: 3.4466907046735287
