times:
  edit-metadata: 1.4845244893804193
  landing: 1.0162596106529236
  view-data: 3.3619188982993364
