times:
  edit-metadata: 1.5644701234996319
  landing: 0.7652283292263746
  view-data: 3.424881272017956
