times:
  edit-metadata: 1.5328581910580397
  landing: 0.727880323305726
  view-data: 3.396432675421238
