times:
  edit-metadata: 1.4196120332926512
  landing: 0.7969563640654087
  view-data: 0.5453273989260197
