times:
  edit-metadata: 1.4441024740226567
  landing: 0.8216550219804049
  view-data: 3.364473110064864
