times:
  edit-metadata: 1.532246295362711
  landing: 1.1533834673464298
  view-data: 3.3732404746115208
