times:
  edit-metadata: 1.596971919760108
  landing: 0.7220373675227165
  view-data: 3.4002287331968546
