times:
  edit-metadata: 1.5128627009689808
  landing: 0.9719746969640255
  view-data: 3.4622402898967266
