times:
  edit-metadata: 1.546381687745452
  landing: 0.7959526591002941
  view-data: 3.4131119586527348
