times:
  edit-metadata: 1.7253369353711605
  landing: 5.485833652317524
  view-data: 3.354563247412443
