times:
  edit-metadata: 0.5098970599938184
  landing: 0.05396530398866162
  view-data: 0.2141291230218485
