times:
  edit-metadata: 0.5048752329894342
  landing: 0.0690906300151255
  view-data: 0.34426295600133017
