times:
  edit-metadata: 1.5580948609858751
  landing: 0.7979007475078106
  view-data: 3.3427730817347765
