times:
  edit-metadata: 1.650514878332615
  landing: 1.0074662640690804
  view-data: 3.3990981206297874
