times:
  edit-metadata: 2.601426012814045
  landing: 1.0817118398845196
  view-data: 3.46930443495512
