times:
  edit-metadata: 0.5533841249998659
  landing: 0.06523250485770404
  view-data: 0.2081786459311843
