times:
  edit-metadata: 1.6084204446524382
  landing: 0.7804171480238438
  view-data: 3.4361212514340878
