times:
  edit-metadata: 1.6179752370808274
  landing: 0.7731616380624473
  view-data: 3.2944531009998173
