times:
  edit-metadata: 1.4896652456372976
  landing: 0.7573290020227432
  view-data: 3.4084003921598196
