times:
  edit-metadata: 1.5162192042917013
  landing: 0.7551276795566082
  view-data: 3.39206406660378
