times:
  edit-metadata: 0.5564847108907998
  landing: 0.13997004926204681
  view-data: 0.2635358450934291
