times:
  edit-metadata: 1.548250012099743
  landing: 0.8421524278819561
  view-data: 3.4328445866703987
