times:
  edit-metadata: 1.474095907062292
  landing: 0.8628533277660608
  view-data: 3.406331691890955
