times:
  edit-metadata: 1.383813675493002
  landing: 0.7312033353373408
  view-data: 3.3984607476741076
