times:
  edit-metadata: 0.49529166682623327
  landing: 0.07425044593401253
  view-data: 0.21176872192882001
