times:
  edit-metadata: 1.7182832919061184
  landing: 0.8801557160913944
  view-data: 3.305772740393877
