times:
  edit-metadata: 2.2639578208327293
  landing: 1.0035152714699507
  view-data: 3.495396811515093
