times:
  edit-metadata: 0.5630523208528757
  landing: 0.07128212694078684
  view-data: 0.2131606750190258
