times:
  edit-metadata: 0.6308912918902934
  landing: 0.1513825338333845
  view-data: 0.20981980115175247
