times:
  edit-metadata: 1.6311549115926027
  landing: 0.7346085011959076
  view-data: 3.422660378739238
