times:
  edit-metadata: 1.540159661322832
  landing: 0.7044908218085766
  view-data: 3.4007019866257906
