times:
  edit-metadata: 1.3817185796797276
  landing: 0.8311952315270901
  view-data: 3.352185919880867
