times:
  edit-metadata: 1.577039135619998
  landing: 0.7217854708433151
  view-data: 3.387247672304511
