times:
  edit-metadata: 1.544004648923874
  landing: 0.8104676902294159
  view-data: 3.33184726908803
