times:
  edit-metadata: 1.5951445251703262
  landing: 0.8160902708768845
  view-data: 3.405999645590782
