times:
  edit-metadata: 1.5470200330018997
  landing: 1.0878925621509552
  view-data: 3.4840897545218468
