times:
  edit-metadata: 1.332209575921297
  landing: 0.7498411685228348
  view-data: 3.5607857601717114
