times:
  edit-metadata: 1.6002985946834087
  landing: 0.8874519281089306
  view-data: 3.4736510142683983
