times:
  edit-metadata: 1.5220691934227943
  landing: 1.0753210671246052
  view-data: 3.3748030215501785
