times:
  edit-metadata: 0.48259249690454453
  landing: 0.06903155101463199
  view-data: 0.21456231595948339
