times:
  edit-metadata: 1.5112830959260464
  landing: 0.7943227551877499
  view-data: 3.421938356012106
