times:
  edit-metadata: 0.5547754671424627
  landing: 0.05253124888986349
  view-data: 0.21235333289951086
