times:
  edit-metadata: 1.5510929375886917
  landing: 0.8389753215014935
  view-data: 3.4323111660778522
