times:
  edit-metadata: 1.8273653890937567
  landing: 1.068887666799128
  view-data: 3.4542830949649215
