times:
  edit-metadata: 1.5137549517676234
  landing: 0.7909849500283599
  view-data: 3.3916117921471596
