times:
  edit-metadata: 0.6911385008133948
  landing: 0.07773111807182431
  view-data: 0.28206514520570636
