times:
  edit-metadata: 1.590387910604477
  landing: 0.8519177548587322
  view-data: 3.4545693546533585
