times:
  edit-metadata: 1.436537615954876
  landing: 0.8900255896151066
  view-data: 3.346523556858301
