times:
  edit-metadata: 0.6731948159867898
  landing: 0.10864857799606398
  view-data: 0.25277618001564406
