times:
  edit-metadata: 0.5577507209964097
  landing: 0.06823481013998389
  view-data: 0.20883398596197367
