times:
  edit-metadata: 0.5190968711394817
  landing: 0.04624207294546068
  view-data: 0.21229970012791455
