times:
  edit-metadata: 2.286034421995282
  landing: 1.2160006128251553
  view-data: 3.479721000418067
