times:
  edit-metadata: 2.720212461426854
  landing: 1.4382721912115812
  view-data: 3.5304920356720686
