times:
  edit-metadata: 1.5360103882849216
  landing: 0.8328207768499851
  view-data: 3.4197482466697693
