times:
  edit-metadata: 1.5714143551886082
  landing: 0.856549059972167
  view-data: 3.3767177145928144
