times:
  edit-metadata: 0.5616706730797887
  landing: 0.07211957825347781
  view-data: 0.22362405387684703
