times:
  edit-metadata: 1.5551389530301094
  landing: 0.8014941737055779
  view-data: 3.4340642169117928
