times:
  edit-metadata: 1.5075692487880588
  landing: 0.7708351807668805
  view-data: 3.3731247782707214
