times:
  edit-metadata: 1.6416523568332195
  landing: 0.950494721531868
  view-data: 3.4837404750287533
