times:
  edit-metadata: 0.5017199359717779
  landing: 0.0625404579914175
  view-data: 0.21600634302012622
