times:
  edit-metadata: 1.8588716983795166
  landing: 1.1766799744218588
  view-data: 3.4450667835772038
