times:
  edit-metadata: 1.597416840493679
  landing: 0.7567894831299782
  view-data: 3.3034941107034683
