times:
  edit-metadata: 1.5544918663799763
  landing: 1.0278324224054813
  view-data: 3.4048371873795986
