times:
  edit-metadata: 0.6269621079554781
  landing: 0.04608687601285055
  view-data: 0.21941938000964
