times:
  edit-metadata: 0.5857571791857481
  landing: 0.06885458016768098
  view-data: 0.21576538495719433
