times:
  edit-metadata: 1.9025373850017786
  landing: 0.9491027584299445
  view-data: 3.278212834149599
