times:
  edit-metadata: 0.5328163809608668
  landing: 0.04991297994274646
  view-data: 0.21306669595651329
