times:
  edit-metadata: 0.6385736027732491
  landing: 0.11963847000151873
  view-data: 0.21979309106245637
