times:
  edit-metadata: 1.9080625921487808
  landing: 1.041077472269535
  view-data: 3.5292853824794292
