times:
  edit-metadata: 0.584022463299334
  landing: 0.06222003372386098
  view-data: 0.20435466477647424
