times:
  edit-metadata: 1.530088810250163
  landing: 0.7691687028855085
  view-data: 3.376930506899953
