times:
  edit-metadata: 0.5047439219197258
  landing: 0.06793792790267617
  view-data: 0.21132985001895577
