times:
  edit-metadata: 0.5524713501799852
  landing: 0.05009220610372722
  view-data: 0.20911913202144206
