times:
  edit-metadata: 1.5165801122784615
  landing: 0.7216559983789921
  view-data: 3.4190343748778105
