times:
  edit-metadata: 1.4999186545610428
  landing: 0.8323501721024513
  view-data: 3.3489588536322117
