times:
  edit-metadata: 1.4994594268500805
  landing: 0.7903264053165913
  view-data: 3.4220621194690466
