times:
  edit-metadata: 0.6884954379929695
  landing: 0.10667373801697977
  view-data: 0.2478416170051787
