times:
  edit-metadata: 1.5285948999226093
  landing: 0.8873519040644169
  view-data: 3.452366478741169
