times:
  edit-metadata: 1.520782232284546
  landing: 0.9167560786008835
  view-data: 3.4104776233434677
