times:
  edit-metadata: 1.3137645041570067
  landing: 1.6666769520379603
  view-data: 3.383481163997203
