times:
  edit-metadata: 1.510386448353529
  landing: 0.854464940726757
  view-data: 3.6154001839458942
