times:
  edit-metadata: 1.3973865089938045
  landing: 0.7435889327898622
  view-data: 3.3605381730012596
