times:
  edit-metadata: 1.562827117042616
  landing: 0.8392274440266192
  view-data: 3.4151008168701082
