times:
  edit-metadata: 2.094421522691846
  landing: 1.2599876429885626
  view-data: 3.6196883022785187
