times:
  edit-metadata: 0.5805395911447704
  landing: 0.06521180365234613
  view-data: 0.2137939310632646
