times:
  edit-metadata: 1.5402694307267666
  landing: 0.8937179185450077
  view-data: 3.403975136578083
