times:
  edit-metadata: 0.5101218048948795
  landing: 0.06182393990457058
  view-data: 0.2184022250585258
