times:
  edit-metadata: 1.529369771014899
  landing: 0.8372359098866582
  view-data: 3.3841380290687084
