times:
  edit-metadata: 1.6311687715351582
  landing: 1.044614490121603
  view-data: 3.3121452704072
