times:
  edit-metadata: 1.55182571336627
  landing: 1.0091273114085197
  view-data: 3.338016465306282
