times:
  edit-metadata: 1.5258090905845165
  landing: 0.719238419085741
  view-data: 3.378661546856165
