times:
  edit-metadata: 1.4743041470646858
  landing: 0.8777939304709435
  view-data: 3.3190641179680824
