times:
  edit-metadata: 1.5269347671419382
  landing: 0.6835211757570505
  view-data: 3.330369571223855
