times:
  edit-metadata: 0.5274747130461037
  landing: 0.04446242889389396
  view-data: 0.20327125396579504
