times:
  edit-metadata: 1.4169528344646096
  landing: 1.717494965530932
  view-data: 3.39798076543957
