times:
  edit-metadata: 1.5025780946016312
  landing: 3.2639583833515644
  view-data: 3.308592267334461
