times:
  edit-metadata: 0.49748296197503805
  landing: 0.0675564450211823
  view-data: 0.21954296482726932
