times:
  edit-metadata: 0.5720717899966985
  landing: 0.07086237403564155
  view-data: 0.21996472298633307
