times:
  edit-metadata: 1.5548936557024717
  landing: 0.7940160240978003
  view-data: 3.350677527487278
