times:
  edit-metadata: 0.5286092209862545
  landing: 0.04506344103720039
  view-data: 0.21478186798049137
