times:
  edit-metadata: 0.5677457056008279
  landing: 0.12865030393004417
  view-data: 0.20893073780462146
