times:
  edit-metadata: 0.5221033617854118
  landing: 0.04264953779056668
  view-data: 0.21216822788119316
