times:
  edit-metadata: 0.5566343409009278
  landing: 0.10976888192817569
  view-data: 0.2291779718361795
