times:
  edit-metadata: 1.5786329712718725
  landing: 0.8410798739641905
  view-data: 3.387313200160861
