times:
  edit-metadata: 1.4605476830620319
  landing: 0.7468850198201835
  view-data: 3.295221285196021
