times:
  edit-metadata: 2.0211812360212207
  landing: 1.0555950803682208
  view-data: 3.731694574467838
