times:
  edit-metadata: 1.4294200204312801
  landing: 0.8242033962160349
  view-data: 3.33233561553061
