times:
  edit-metadata: 1.7282348033040762
  landing: 0.7851515524089336
  view-data: 3.4078085776418447
