times:
  edit-metadata: 1.5369140771217644
  landing: 0.8638135569635779
  view-data: 3.4615717730484903
