times:
  edit-metadata: 1.8864800222218037
  landing: 0.9105043839663267
  view-data: 3.4368510898202658
