times:
  edit-metadata: 0.4977517829975113
  landing: 0.05595131800509989
  view-data: 0.22049296397017315
