times:
  edit-metadata: 0.4916795752942562
  landing: 0.05993065005168319
  view-data: 0.2101590377278626
