times:
  edit-metadata: 1.3860725024715066
  landing: 0.7841522879898548
  view-data: 3.4432053258642554
