times:
  edit-metadata: 1.408556304872036
  landing: 0.8305236957967281
  view-data: 3.342044487595558
