times:
  edit-metadata: 1.6774285361170769
  landing: 0.9166996292769909
  view-data: 3.457403462380171
