times:
  edit-metadata: 0.5092535079456866
  landing: 0.05192715406883508
  view-data: 0.211862783995457
