times:
  edit-metadata: 0.5604623990366235
  landing: 0.07458932400913909
  view-data: 0.219889794010669
