times:
  edit-metadata: 0.5985216070548631
  landing: 0.07438135601114482
  view-data: 0.21724210696993396
