times:
  edit-metadata: 1.4135839098598808
  landing: 0.6717941600363702
  view-data: 3.249881095951423
