times:
  edit-metadata: 0.5527081047184765
  landing: 0.052308425307273865
  view-data: 0.3475992940366268
