times:
  edit-metadata: 1.4285239074379206
  landing: 0.6950802411884069
  view-data: 3.3512401059269905
