times:
  edit-metadata: 0.5940999470185488
  landing: 0.05027114599943161
  view-data: 0.21046805405057967
