times:
  edit-metadata: 0.498602292034775
  landing: 0.066393872955814
  view-data: 0.22287350008264184
