times:
  edit-metadata: 1.6885719820857048
  landing: 0.8876419365406036
  view-data: 3.415766831487417
