times:
  edit-metadata: 1.510732701048255
  landing: 0.7853572014719248
  view-data: 3.4296627528965473
