times:
  edit-metadata: 1.5957419872283936
  landing: 0.7924615740776062
  view-data: 3.414057619869709
