times:
  edit-metadata: 0.5835591009963537
  landing: 0.07322271700104466
  view-data: 0.22219684500305448
