times:
  edit-metadata: 0.5060476690996438
  landing: 0.06900756992399693
  view-data: 0.21465711086057127
