times:
  edit-metadata: 0.5036205829819664
  landing: 0.06908367201685905
  view-data: 0.2139159279759042
