times:
  edit-metadata: 1.7014607251621783
  landing: 0.9237431222572923
  view-data: 3.46022028895095
