times:
  edit-metadata: 0.5797311010001067
  landing: 0.07638415800010989
  view-data: 0.21749909699974523
