times:
  edit-metadata: 1.4240390001796186
  landing: 0.724589706864208
  view-data: 3.3141478640027344
