times:
  edit-metadata: 1.4249950870871544
  landing: 0.7570294328033924
  view-data: 3.704423990100622
