times:
  edit-metadata: 0.5875164769822732
  landing: 0.06419665296562016
  view-data: 0.2336214579991065
