times:
  edit-metadata: 1.5077323578298092
  landing: 0.8986056037247181
  view-data: 3.365394026041031
