times:
  edit-metadata: 1.5008626356720924
  landing: 1.0528763607144356
  view-data: 3.4403382018208504
