times:
  edit-metadata: 1.5125799924135208
  landing: 0.9490493759512901
  view-data: 3.3689581975340843
