times:
  edit-metadata: 1.3945352546870708
  landing: 0.8850957378745079
  view-data: 3.3244332410395145
