times:
  edit-metadata: 1.4396148473024368
  landing: 0.7494924385100603
  view-data: 3.3521759137511253
