times:
  edit-metadata: 0.5108406640001704
  landing: 0.04215091800051596
  view-data: 0.18977078900024935
