times:
  edit-metadata: 1.5878579374402761
  landing: 0.8485574200749397
  view-data: 3.3880609199404716
