times:
  edit-metadata: 0.6173037276603281
  landing: 0.04158293502405286
  view-data: 0.19720425363630056
