times:
  edit-metadata: 1.83277852460742
  landing: 0.7972279712557793
  view-data: 3.2991436645388603
