times:
  edit-metadata: 1.4595401771366596
  landing: 0.7303589843213558
  view-data: 3.3295860663056374
