times:
  edit-metadata: 1.350299758836627
  landing: 0.020667674019932747
  view-data: 0.33532279916107655
