times:
  edit-metadata: 0.36836505122482777
  landing: 1.1175366882234812
  view-data: 0.5514924880117178
