times:
  edit-metadata: 1.5667383577674627
  landing: 0.9567629024386406
  view-data: 3.378268163651228
