times:
  edit-metadata: 1.3234110921621323
  landing: 0.6378677524626255
  view-data: 3.4524968564510345
