times:
  edit-metadata: 1.846820641309023
  landing: 1.1960867270827293
  view-data: 3.3644693791866302
