times:
  edit-metadata: 1.8560376511886716
  landing: 0.13085193186998367
  view-data: 0.34805818647146225
