times:
  edit-metadata: 1.3995715454220772
  landing: 0.22693226672708988
  view-data: 0.023265082389116287
