times:
  edit-metadata: 0.6015318850404583
  landing: 0.04040697304299101
  view-data: 0.204843134037219
