times:
  edit-metadata: 0.7028616769239306
  landing: 0.05184728465974331
  view-data: 0.21440669614821672
