times:
  edit-metadata: 1.4132101945579052
  landing: 0.021259939298033714
  view-data: 0.3483076924458146
