times:
  edit-metadata: 1.4981950521469116
  landing: 0.1925166491419077
  view-data: 0.02685299888253212
