times:
  edit-metadata: 1.4069569893181324
  landing: 0.8508242703974247
  view-data: 3.398705005645752
