times:
  edit-metadata: 0.3707283600233495
  landing: 0.048361311899498105
  view-data: 0.20510569890029728
