times:
  edit-metadata: 0.306816766038537
  landing: 0.5948959924280643
  view-data: 0.18993032164871693
