times:
  edit-metadata: 1.3568829651921988
  landing: 0.9452399760484695
  view-data: 3.403090965002775
