times:
  edit-metadata: 0.5133108209993225
  landing: 0.05237540699454257
  view-data: 0.2113591989982524
