times:
  edit-metadata: 1.5640234798192978
  landing: 0.3897628113627434
  view-data: 0.3982716575264931
