times:
  edit-metadata: 1.3780037239193916
  landing: 0.7750336974859238
  view-data: 3.266904354095459
