times:
  edit-metadata: 1.3329287227243185
  landing: 0.020497827790677547
  view-data: 0.12765408586710691
