times:
  edit-metadata: 1.4126718863844872
  landing: 0.026440342888236046
  view-data: 0.31284284219145775
