times:
  edit-metadata: 1.4471272630617023
  landing: 0.14590690098702908
  view-data: 0.026262792758643627
