times:
  edit-metadata: 1.721396153792739
  landing: 0.8399986997246742
  view-data: 3.545733427628875
