times:
  edit-metadata: 1.5236368905752897
  landing: 0.14366455748677254
  view-data: 0.4733688160777092
