times:
  edit-metadata: 0.3251430634409189
  landing: 0.6109623815864325
  view-data: 0.20593286678195
