times:
  edit-metadata: 1.5553880669176579
  landing: 0.8357370756566525
  view-data: 3.41784405708313
