times:
  edit-metadata: 1.4069934412837029
  landing: 0.6567601598799229
  view-data: 3.3326170407235622
