times:
  edit-metadata: 0.4628507951274514
  landing: 0.05523349903523922
  view-data: 0.2136848047375679
