times:
  edit-metadata: 1.2921738810837269
  landing: 0.697689950466156
  view-data: 3.3115562219172716
