times:
  edit-metadata: 2.826341259293258
  landing: 1.556321824900806
  view-data: 3.85604530852288
