times:
  edit-metadata: 1.4486202709376812
  landing: 0.9154990240931511
  view-data: 3.367434538900852
