times:
  edit-metadata: 1.4521051049232483
  landing: 1.318339940160513
  view-data: 3.3609145656228065
