times:
  edit-metadata: 1.4345641480758786
  landing: 0.01931832917034626
  view-data: 0.11746640875935555
