times:
  edit-metadata: 1.8043182343244553
  landing: 1.3019315898418427
  view-data: 3.4993596263229847
