times:
  edit-metadata: 1.3520188694819808
  landing: 0.0201360946521163
  view-data: 0.1182766817510128
