times:
  edit-metadata: 0.6118227010010742
  landing: 0.07187131201499142
  view-data: 0.2371486340125557
