times:
  edit-metadata: 0.35654186201281846
  landing: 0.04806790896691382
  view-data: 0.19711326097603887
