times:
  edit-metadata: 0.6284472609404474
  landing: 0.04660076601430774
  view-data: 0.18850668612867594
