times:
  edit-metadata: 0.6163121729623526
  landing: 0.05362449586391449
  view-data: 0.19039942882955074
