times:
  edit-metadata: 1.381976455450058
  landing: 0.9605944100767374
  view-data: 3.390350876376033
