times:
  edit-metadata: 0.37350751273334026
  landing: 0.5728374179452658
  view-data: 0.5941431000828743
