times:
  edit-metadata: 1.3586702272295952
  landing: 0.019543935544788837
  view-data: 0.025935444049537182
