times:
  edit-metadata: 1.6812719949521124
  landing: 1.1010368349961936
  view-data: 3.3767976323142648
