times:
  edit-metadata: 0.4403808289207518
  landing: 0.049768391996622086
  view-data: 0.19513421086594462
