times:
  edit-metadata: 0.4775718019809574
  landing: 0.041279490978922695
  view-data: 0.22057093601324596
