times:
  edit-metadata: 0.604462891118601
  landing: 0.04810599586926401
  view-data: 0.19296425092034042
