times:
  edit-metadata: 0.4811276189284399
  landing: 0.04768508195411414
  view-data: 0.2142163779353723
