times:
  edit-metadata: 0.365226186811924
  landing: 0.04557011788710952
  view-data: 0.21540134912356734
