times:
  edit-metadata: 1.3392088124528527
  landing: 0.02255872916430235
  view-data: 0.11747368331998587
