times:
  edit-metadata: 2.349711660295725
  landing: 0.9519113563001156
  view-data: 3.51341163367033
