times:
  edit-metadata: 1.365949746221304
  landing: 0.021158837713301182
  view-data: 0.4074856098741293
