times:
  edit-metadata: 1.3563829818740487
  landing: 0.020961307920515537
  view-data: 0.02362896502017975
