times:
  edit-metadata: 1.5610927445814013
  landing: 0.8821683395653963
  view-data: 3.381546378135681
