times:
  edit-metadata: 0.3816465362906456
  landing: 0.7836679555475712
  view-data: 0.30934679321944714
