times:
  edit-metadata: 0.6923055560328066
  landing: 0.06403195508755744
  view-data: 0.2120433240197599
