times:
  edit-metadata: 0.3639936111867428
  landing: 0.046215225011110306
  view-data: 0.18991941958665848
