times:
  edit-metadata: 1.6074727098457515
  landing: 6.641218322794884
  view-data: 3.3208604869432747
