times:
  edit-metadata: 0.5008442979960819
  landing: 0.05015395699592773
  view-data: 0.19443569700524677
