times:
  edit-metadata: 1.3500915952026844
  landing: 0.7487629242241383
  view-data: 3.3570289611816406
