times:
  edit-metadata: 1.6854258961975574
  landing: 3.51684345677495
  view-data: 3.374208316206932
