times:
  edit-metadata: 1.3490039613097906
  landing: 0.16592316888272762
  view-data: 0.12429394945502281
