times:
  edit-metadata: 1.5742490123957396
  landing: 0.8880869559943676
  view-data: 3.408583579584956
