times:
  edit-metadata: 0.4546631625853479
  landing: 0.041643957141786814
  view-data: 0.20255001122131944
