times:
  edit-metadata: 0.4556931331753731
  landing: 0.04167025908827782
  view-data: 0.20336654782295227
