times:
  edit-metadata: 0.38850340619683266
  landing: 0.05140528455376625
  view-data: 0.4485515467822552
