times:
  edit-metadata: 1.3714958429336548
  landing: 0.02020245883613825
  view-data: 0.12157155759632587
