times:
  edit-metadata: 0.3753608576953411
  landing: 0.04392535611987114
  view-data: 0.18992407247424126
