times:
  edit-metadata: 1.6020090468227863
  landing: 1.0105809792876244
  view-data: 3.351843159645796
