times:
  edit-metadata: 0.4559676758944988
  landing: 0.04522766312584281
  view-data: 0.19252538494765759
