times:
  edit-metadata: 0.34407053142786026
  landing: 0.5990229528397322
  view-data: 0.5905214287340641
