times:
  edit-metadata: 1.3198566883802414
  landing: 0.1649164017289877
  view-data: 0.12310710176825523
