times:
  edit-metadata: 0.6114769279956818
  landing: 0.03857997799059376
  view-data: 0.19370030000573024
