times:
  edit-metadata: 1.4360424960032105
  landing: 0.7039451785385609
  view-data: 3.364239470101893
