times:
  edit-metadata: 1.5396082289516926
  landing: 0.7997213322669268
  view-data: 3.418104274198413
