times:
  edit-metadata: 1.486583061516285
  landing: 1.062308993190527
  view-data: 3.32765269652009
