times:
  edit-metadata: 0.5975215130019933
  landing: 0.05594744603149593
  view-data: 0.18500329181551933
