times:
  edit-metadata: 1.3677180474624038
  landing: 0.14994104765355587
  view-data: 0.0253949835896492
