times:
  edit-metadata: 1.267964688129723
  landing: 0.6999673712998629
  view-data: 3.3236689316108823
