times:
  edit-metadata: 0.6152665269328281
  landing: 0.05312152695842087
  view-data: 0.19005648198071867
