times:
  edit-metadata: 0.38435323163866997
  landing: 0.561179781332612
  view-data: 0.17563711665570736
