times:
  edit-metadata: 0.4745438192039728
  landing: 0.8181922137737274
  view-data: 0.20166904665529728
