times:
  edit-metadata: 0.42616294603794813
  landing: 0.040555459912866354
  view-data: 0.1882609180174768
