times:
  edit-metadata: 0.39337025955319405
  landing: 0.04280815273523331
  view-data: 0.1854827031493187
