times:
  edit-metadata: 1.2704280961770564
  landing: 0.7009592989925295
  view-data: 3.327631276100874
