times:
  edit-metadata: 0.29313743487000465
  landing: 0.5693164933472872
  view-data: 0.2953554838895798
