times:
  edit-metadata: 0.3442767870146781
  landing: 0.04753829212859273
  view-data: 0.3363991880323738
