times:
  edit-metadata: 0.3941582888364792
  landing: 0.057013120502233505
  view-data: 0.18738822266459465
