times:
  edit-metadata: 1.3876477163285017
  landing: 0.02221634052693844
  view-data: 0.12468276545405388
