times:
  edit-metadata: 0.3560272769536823
  landing: 0.046745442086830735
  view-data: 0.20081496005877852
