times:
  edit-metadata: 1.3725200686603785
  landing: 0.021078890189528465
  view-data: 0.026062391698360443
