times:
  edit-metadata: 0.36969296890310943
  landing: 0.049908236134797335
  view-data: 0.205570416059345
