times:
  edit-metadata: 1.3338587647303939
  landing: 0.022262229584157467
  view-data: 0.12353269103914499
