times:
  edit-metadata: 1.3143747635185719
  landing: 0.11757833883166313
  view-data: 0.025231391191482544
