times:
  edit-metadata: 1.3067007595673203
  landing: 0.020732183009386063
  view-data: 0.1308192303404212
