times:
  edit-metadata: 1.5047648437321186
  landing: 0.05072290636599064
  view-data: 0.3610618859529495
