times:
  edit-metadata: 0.6302642819937319
  landing: 0.043307019979692996
  view-data: 0.19528406695462763
