times:
  edit-metadata: 0.45710013108327985
  landing: 0.0431394730694592
  view-data: 0.19746322883293033
