times:
  edit-metadata: 1.414225305430591
  landing: 0.12021314073354006
  view-data: 0.3340739430859685
