times:
  edit-metadata: 0.614994173985906
  landing: 0.046720457990886644
  view-data: 0.19196731099509634
