times:
  edit-metadata: 1.3982980623841286
  landing: 0.8289470411837101
  view-data: 3.3130497597157955
