times:
  edit-metadata: 1.3837596457451582
  landing: 0.24118667840957642
  view-data: 0.1262749470770359
