times:
  edit-metadata: 1.5902830306440592
  landing: 0.1668488923460245
  view-data: 0.3646518513560295
