times:
  edit-metadata: 0.3672495339997113
  landing: 0.04968821199145168
  view-data: 0.20615119097055867
