times:
  edit-metadata: 1.3812595065683126
  landing: 0.1408371962606907
  view-data: 0.14244020357728004
