times:
  edit-metadata: 0.36511514798621647
  landing: 0.05168481500004418
  view-data: 0.20130873698508367
