times:
  edit-metadata: 0.5826917240046896
  landing: 0.04423539500567131
  view-data: 0.1944032100000186
