times:
  edit-metadata: 1.3720793090760708
  landing: 0.7979397010058165
  view-data: 3.375614395365119
