times:
  edit-metadata: 0.4919079929823056
  landing: 0.05534487799741328
  view-data: 0.21954146103234962
