times:
  edit-metadata: 2.469359816983342
  landing: 2.2993035428225994
  view-data: 3.958073280751705
