times:
  edit-metadata: 0.5095241963863373
  landing: 0.047340117394924164
  view-data: 0.18761543929576874
