times:
  edit-metadata: 0.34597340412437916
  landing: 1.2579630464315414
  view-data: 0.8733533546328545
