times:
  edit-metadata: 0.4723382582888007
  landing: 0.042489537969231606
  view-data: 0.2010859688743949
