times:
  edit-metadata: 0.35716753598535433
  landing: 0.05165365099674091
  view-data: 0.2022726500290446
