times:
  edit-metadata: 0.3734370078891516
  landing: 0.5489184223115444
  view-data: 0.1764989923685789
