times:
  edit-metadata: 0.6215301250340417
  landing: 0.04275902599329129
  view-data: 0.19002473499858752
