times:
  edit-metadata: 1.4259575409814715
  landing: 0.17758333310484886
  view-data: 0.39508972223848104
