times:
  edit-metadata: 1.5741007253527641
  landing: 1.077068019658327
  view-data: 3.3445970602333546
