times:
  edit-metadata: 0.4303715988062322
  landing: 0.042304099071770906
  view-data: 0.31991343200206757
