times:
  edit-metadata: 0.3552997559309006
  landing: 0.8176124263554811
  view-data: 0.2919854149222374
