times:
  edit-metadata: 0.49224053500802256
  landing: 0.04594526700384449
  view-data: 0.22802887100260705
