times:
  edit-metadata: 1.3822901844978333
  landing: 0.020311467349529266
  view-data: 0.02337237261235714
