times:
  edit-metadata: 1.4125320729799569
  landing: 0.7686382888350636
  view-data: 3.352037388132885
