times:
  edit-metadata: 1.3389091696590185
  landing: 0.11669078841805458
  view-data: 0.13266026135534048
