times:
  edit-metadata: 0.6012106760172173
  landing: 0.03989001689478755
  view-data: 0.18974915402941406
