times:
  edit-metadata: 1.3104317570105195
  landing: 0.16865578200668097
  view-data: 0.022756189107894897
