times:
  edit-metadata: 0.4420814639888704
  landing: 0.048386963084340096
  view-data: 0.19256500992923975
