times:
  edit-metadata: 1.3006792161613703
  landing: 0.020547853782773018
  view-data: 0.1195607790723443
