times:
  edit-metadata: 0.36396350304130465
  landing: 0.0552964829839766
  view-data: 0.203782961005345
