times:
  edit-metadata: 0.4798125778324902
  landing: 0.07775419717654586
  view-data: 0.2160275080241263
