times:
  edit-metadata: 0.5934254629537463
  landing: 0.04421262489631772
  view-data: 0.19697104068472981
