times:
  edit-metadata: 1.3596105370670557
  landing: 0.02610071189701557
  view-data: 0.027730584144592285
