times:
  edit-metadata: 0.4499285938218236
  landing: 0.05217950837686658
  view-data: 0.32289418671280146
