times:
  edit-metadata: 1.3717764802277088
  landing: 0.0209833150729537
  view-data: 0.022904550656676292
