times:
  edit-metadata: 1.5403425209224224
  landing: 0.12489411793649197
  view-data: 0.31339556351304054
