times:
  edit-metadata: 1.5566280046477914
  landing: 0.8076481092721224
  view-data: 3.4045939380303025
