times:
  edit-metadata: 0.3806295692920685
  landing: 0.3596169464290142
  view-data: 0.18161668069660664
