times:
  edit-metadata: 0.3405219316482544
  landing: 0.6525142211467028
  view-data: 0.3004476819187403
