times:
  edit-metadata: 1.4333781488239765
  landing: 0.9487816691398621
  view-data: 3.3340454138815403
