times:
  edit-metadata: 0.36538220942020416
  landing: 0.04776594368740916
  view-data: 0.21518430393189192
