times:
  edit-metadata: 1.4580576587468386
  landing: 0.7425758875906467
  view-data: 3.30977001786232
