times:
  edit-metadata: 0.37951357499696314
  landing: 0.052176357014104724
  view-data: 0.19986644305754453
