times:
  edit-metadata: 0.45975431613624096
  landing: 0.04223270295187831
  view-data: 0.19432174693793058
