times:
  edit-metadata: 0.5852863331092522
  landing: 0.048274926957674325
  view-data: 0.19168091495521367
