times:
  edit-metadata: 1.337034510448575
  landing: 0.7065420914441347
  view-data: 3.4157059490680695
