times:
  edit-metadata: 0.3629815349995624
  landing: 0.04676960800134111
  view-data: 0.21259476699924562
