times:
  edit-metadata: 0.3593585081398487
  landing: 0.47947348468005657
  view-data: 0.18884199485182762
