times:
  edit-metadata: 0.43651492102071643
  landing: 0.043052873108536005
  view-data: 0.19639234803617
