times:
  edit-metadata: 1.3453785040182993
  landing: 0.7228828209917992
  view-data: 3.24649783608038
