times:
  edit-metadata: 1.3976727947592735
  landing: 0.14251176081597805
  view-data: 0.02366385981440544
