times:
  edit-metadata: 1.3234506882727146
  landing: 0.2396574392914772
  view-data: 0.3257807046175003
