times:
  edit-metadata: 0.4758459469303489
  landing: 0.05113362707197666
  view-data: 0.2076010052114725
