times:
  edit-metadata: 0.4658623691648245
  landing: 0.043702070601284504
  view-data: 0.20540252979844809
