times:
  edit-metadata: 1.3869167622178793
  landing: 0.2019719909876585
  view-data: 0.02427404746413231
