times:
  edit-metadata: 1.3655988276004791
  landing: 0.3736061193048954
  view-data: 0.13140407018363476
