times:
  edit-metadata: 0.572262461995706
  landing: 0.06094880204182118
  view-data: 0.24994357500690967
