times:
  edit-metadata: 0.3704817988909781
  landing: 0.04943521576933563
  view-data: 0.20464888820424676
