times:
  edit-metadata: 1.5547072682529688
  landing: 0.18054492957890034
  view-data: 0.2715658191591501
