times:
  edit-metadata: 0.34283396787941456
  landing: 0.5715106800198555
  view-data: 0.5895286556333303
