times:
  edit-metadata: 0.38546909764409065
  landing: 0.5284859016537666
  view-data: 0.29239374212920666
