times:
  edit-metadata: 0.5089742650161497
  landing: 0.06712156301364303
  view-data: 0.2261648679850623
