times:
  edit-metadata: 1.5437134988605976
  landing: 0.9126309491693974
  view-data: 0.6769396923482418
