times:
  edit-metadata: 0.5075643090240192
  landing: 0.10370834602508694
  view-data: 0.23818270699121058
