times:
  edit-metadata: 1.3429741933941841
  landing: 0.7114187683910131
  view-data: 3.3306869789958
