times:
  edit-metadata: 1.619182063266635
  landing: 0.14519989117980003
  view-data: 0.2217200268059969
