times:
  edit-metadata: 1.3441458540037274
  landing: 0.14319624844938517
  view-data: 0.023956377059221268
