times:
  edit-metadata: 0.6112774410285056
  landing: 0.04327560309320688
  view-data: 0.18956197192892432
