times:
  edit-metadata: 0.607085654977709
  landing: 0.04230105201713741
  view-data: 0.18889425799716264
