times:
  edit-metadata: 1.6045919507741928
  landing: 0.8176249992102385
  view-data: 3.370270287618041
