times:
  edit-metadata: 0.4639982832595706
  landing: 0.046842728741467
  view-data: 0.1961428807117045
