times:
  edit-metadata: 1.9091713689267635
  landing: 1.1586997583508492
  view-data: 3.4564515240490437
