times:
  edit-metadata: 1.3251452222466469
  landing: 0.1189494738355279
  view-data: 0.12474227696657181
