times:
  edit-metadata: 1.3143033375963569
  landing: 0.7519231382757425
  view-data: 3.291044174693525
