times:
  edit-metadata: 0.6202131250174716
  landing: 0.04726422904059291
  view-data: 0.1888817100552842
