times:
  edit-metadata: 0.5878690320532769
  landing: 0.039018756011500955
  view-data: 0.18627192894928157
