times:
  edit-metadata: 0.7173729408532381
  landing: 0.05163920810446143
  view-data: 0.32502526603639126
