times:
  edit-metadata: 0.38859118707478046
  landing: 0.4927763268351555
  view-data: 0.19059186056256294
