times:
  edit-metadata: 1.7915725968778133
  landing: 0.1545973177999258
  view-data: 0.42257463932037354
