times:
  edit-metadata: 0.6385287246666849
  landing: 0.05064565036445856
  view-data: 0.19750469038262963
