times:
  edit-metadata: 0.37549600191414356
  landing: 1.1140666846185923
  view-data: 0.4044336583465338
