times:
  edit-metadata: 0.4634108003228903
  landing: 0.04615681432187557
  view-data: 0.20040817465633154
