times:
  edit-metadata: 0.4047816041857004
  landing: 0.04807666293345392
  view-data: 0.2082022640388459
