times:
  edit-metadata: 1.3549219388514757
  landing: 0.28761365078389645
  view-data: 0.12212141789495945
