times:
  edit-metadata: 1.3426876720041037
  landing: 0.09779966156929731
  view-data: 0.12292538210749626
