times:
  edit-metadata: 0.3670166250085458
  landing: 0.05576547503005713
  view-data: 0.19978048105258495
