times:
  edit-metadata: 0.4763613510876894
  landing: 0.047347867861390114
  view-data: 0.20355734042823315
