times:
  edit-metadata: 1.387656705453992
  landing: 0.7318388912826777
  view-data: 3.3489723801612854
