times:
  edit-metadata: 1.296644564718008
  landing: 1.0441459603607655
  view-data: 3.3664681650698185
