times:
  edit-metadata: 0.6513135849963874
  landing: 0.060437857173383236
  view-data: 0.19910148112103343
