times:
  edit-metadata: 0.5946258918847889
  landing: 0.05587113299407065
  view-data: 0.17684186878614128
