times:
  edit-metadata: 1.3009695699438453
  landing: 0.02026217244565487
  view-data: 0.09984035324305296
