times:
  edit-metadata: 0.4118188638240099
  landing: 0.8687895350158215
  view-data: 0.1794011052697897
