times:
  edit-metadata: 1.3351454250514507
  landing: 0.02086815983057022
  view-data: 0.1957858530804515
