times:
  edit-metadata: 0.45209375908598304
  landing: 0.050761680118739605
  view-data: 0.19090003101155162
