times:
  edit-metadata: 0.7135207056999207
  landing: 0.05223712511360645
  view-data: 0.2152542108669877
