times:
  edit-metadata: 1.4068961860612035
  landing: 0.14971357211470604
  view-data: 0.1715315841138363
