times:
  edit-metadata: 1.830869685858488
  landing: 0.08529350161552429
  view-data: 0.16154529713094234
