times:
  edit-metadata: 1.4234390556812286
  landing: 0.7045832835137844
  view-data: 3.314164189621806
