times:
  edit-metadata: 0.4347017048858106
  landing: 0.048979157116264105
  view-data: 0.19180540926754475
