times:
  edit-metadata: 0.3724892735481262
  landing: 0.7567695509642363
  view-data: 0.45164651423692703
