times:
  edit-metadata: 0.37811305932700634
  landing: 1.617733396589756
  view-data: 0.40760462917387486
