times:
  edit-metadata: 0.606747271027416
  landing: 0.045559884048998356
  view-data: 0.19320991216227412
