times:
  edit-metadata: 0.35490371845662594
  landing: 1.1069615483283997
  view-data: 0.5967035684734583
