times:
  edit-metadata: 2.112075662240386
  landing: 0.46948171965777874
  view-data: 0.480652267113328
