times:
  edit-metadata: 0.5196618549962295
  landing: 0.07432034099474549
  view-data: 0.22953217999020126
