times:
  edit-metadata: 0.6209773109294474
  landing: 0.045367183862254024
  view-data: 0.19003494805656374
