times:
  edit-metadata: 0.36915869265794754
  landing: 1.231866780668497
  view-data: 0.303641127422452
