times:
  edit-metadata: 1.4814612800255418
  landing: 0.7550878981128335
  view-data: 3.251702882349491
