times:
  edit-metadata: 1.333355125039816
  landing: 0.02264211419969797
  view-data: 0.02568476554006338
