times:
  edit-metadata: 1.3217998696491122
  landing: 0.020472301170229912
  view-data: 0.12092315405607224
