times:
  edit-metadata: 1.3219025968573987
  landing: 0.7038757870905101
  view-data: 3.3356469969730824
