times:
  edit-metadata: 1.3881285907700658
  landing: 0.020305409096181393
  view-data: 0.4231910966336727
