times:
  edit-metadata: 0.44220126792788506
  landing: 0.04319131188094616
  view-data: 0.19799786619842052
