times:
  edit-metadata: 1.5390972290188074
  landing: 0.9485390391200781
  view-data: 3.3996969927102327
