times:
  edit-metadata: 1.3184834700077772
  landing: 0.021601886488497257
  view-data: 0.028257924132049084
