times:
  edit-metadata: 1.7608861681073904
  landing: 0.3914511725306511
  view-data: 0.5353034567087889
