times:
  edit-metadata: 1.6071927715092897
  landing: 0.14528133161365986
  view-data: 0.15990209765732288
