times:
  edit-metadata: 0.34318882413208485
  landing: 2.6547912675887346
  view-data: 0.5297292657196522
