times:
  edit-metadata: 0.48704103601630777
  landing: 0.04940628900658339
  view-data: 0.22394944296684116
