times:
  edit-metadata: 0.3724569231271744
  landing: 1.634362729266286
  view-data: 0.5872269216924906
