times:
  edit-metadata: 1.7081432081758976
  landing: 0.9585190862417221
  view-data: 3.3921847194433212
