times:
  edit-metadata: 2.892428692430258
  landing: 1.343721879646182
  view-data: 3.6159461457282305
