times:
  edit-metadata: 1.3062349269166589
  landing: 0.8461968242190778
  view-data: 3.313001498579979
