times:
  edit-metadata: 0.5814924090227578
  landing: 0.0908053120074328
  view-data: 0.25352681797812693
