times:
  edit-metadata: 0.5984977779444307
  landing: 0.04092137003317475
  view-data: 0.18746714410372078
