times:
  edit-metadata: 0.6070246979943477
  landing: 0.04707807902013883
  view-data: 0.18995127896778286
