times:
  edit-metadata: 0.3719857297837734
  landing: 0.5772965718060732
  view-data: 0.2986139617860317
