times:
  edit-metadata: 1.7780326753854752
  landing: 1.0972812063992023
  view-data: 3.360730614513159
