times:
  edit-metadata: 0.4701184779405594
  landing: 0.046373993158340454
  view-data: 0.19313340168446302
