times:
  edit-metadata: 0.6107181671541184
  landing: 0.04145217384211719
  view-data: 0.1877784770913422
