times:
  edit-metadata: 1.4311718689277768
  landing: 0.02219965308904648
  view-data: 0.0976583631709218
