times:
  edit-metadata: 1.3764888308942318
  landing: 0.7514944542199373
  view-data: 3.3901741299778223
