times:
  edit-metadata: 0.37317050620913506
  landing: 0.7662242911756039
  view-data: 0.19843276403844357
