times:
  edit-metadata: 1.4877476301044226
  landing: 0.7778188716620207
  view-data: 3.3772283252328634
