times:
  edit-metadata: 0.3728515519760549
  landing: 0.04740894678980112
  view-data: 0.2013643472455442
