times:
  edit-metadata: 1.783802967518568
  landing: 1.001662239432335
  view-data: 3.5042971074581146
