times:
  edit-metadata: 0.36689660931006074
  landing: 0.050129824317991734
  view-data: 0.19914876902475953
