times:
  edit-metadata: 1.5299975983798504
  landing: 0.7514474056661129
  view-data: 3.347000617533922
