times:
  edit-metadata: 1.3383168382570148
  landing: 0.022277547977864742
  view-data: 0.023854494094848633
