times:
  edit-metadata: 1.4091677516698837
  landing: 0.7195594310760498
  view-data: 3.2598225735127926
