times:
  edit-metadata: 0.6013269349932671
  landing: 0.04277916764840484
  view-data: 0.1894454169087112
