times:
  edit-metadata: 0.6024063730146736
  landing: 0.05767709598876536
  view-data: 0.18146640597842634
