times:
  edit-metadata: 0.49598097428679466
  landing: 0.07993155717849731
  view-data: 0.2087547010742128
