times:
  edit-metadata: 1.3931846090126783
  landing: 0.8031508610583842
  view-data: 3.417878628941253
