times:
  edit-metadata: 1.4213493494316936
  landing: 0.8882324546575546
  view-data: 3.3650452960282564
