times:
  edit-metadata: 1.439844449982047
  landing: 0.02292797341942787
  view-data: 0.10261200554668903
