times:
  edit-metadata: 0.4769969659973867
  landing: 0.04707495198817924
  view-data: 0.24783922894857824
