times:
  edit-metadata: 1.7527674580924213
  landing: 0.7482842309400439
  view-data: 3.3291544462554157
