times:
  edit-metadata: 1.43072902970016
  landing: 0.021245944313704967
  view-data: 0.026405608281493187
