times:
  edit-metadata: 0.34114076755940914
  landing: 1.6494928244501352
  view-data: 0.4318824652582407
