times:
  edit-metadata: 1.3020695839077234
  landing: 0.02121935598552227
  view-data: 0.10163978580385447
