times:
  edit-metadata: 1.400109589099884
  landing: 0.12305188365280628
  view-data: 0.032536473125219345
