times:
  edit-metadata: 1.335487375035882
  landing: 0.02351819071918726
  view-data: 0.11854462418705225
