times:
  edit-metadata: 1.4000484170392156
  landing: 0.21850633434951305
  view-data: 0.4130088482052088
