times:
  edit-metadata: 1.3934168238192797
  landing: 0.7485223952680826
  view-data: 3.433368494734168
