times:
  edit-metadata: 1.5046547763049603
  landing: 1.1697368063032627
  view-data: 3.340375639498234
