times:
  edit-metadata: 0.45639491360634565
  landing: 0.042963783256709576
  view-data: 0.20139643177390099
