times:
  edit-metadata: 0.3626093305647373
  landing: 0.7946273367851973
  view-data: 0.1861028429120779
