times:
  edit-metadata: 0.936577111016959
  landing: 0.08210290898568928
  view-data: 0.31118838099064305
