times:
  edit-metadata: 1.6558716110885143
  landing: 0.31996764801442623
  view-data: 0.41411509923636913
