times:
  edit-metadata: 0.6024692970095202
  landing: 0.044609665987081826
  view-data: 0.18553838902153075
