times:
  edit-metadata: 1.2973009496927261
  landing: 0.020192286930978298
  view-data: 0.025895267724990845
