times:
  edit-metadata: 1.5268833711743355
  landing: 0.7459619231522083
  view-data: 3.374238271266222
