times:
  edit-metadata: 1.415370580740273
  landing: 0.744031734764576
  view-data: 3.259574239142239
