times:
  edit-metadata: 0.41089404188096523
  landing: 0.058192869648337364
  view-data: 0.17187839187681675
