times:
  edit-metadata: 0.5955270701088011
  landing: 0.047090800013393164
  view-data: 0.18140542111359537
