times:
  edit-metadata: 1.3258999176323414
  landing: 0.019385441206395626
  view-data: 0.1002428038045764
