times:
  edit-metadata: 0.6100996460008901
  landing: 0.04040358099155128
  view-data: 0.18894983199425042
