times:
  edit-metadata: 1.3550629978999496
  landing: 0.1608372563496232
  view-data: 0.3870773259550333
