times:
  edit-metadata: 1.5248512104153633
  landing: 0.8715499117970467
  view-data: 3.343841604888439
