times:
  edit-metadata: 0.44413543585687876
  landing: 0.04517083102837205
  view-data: 0.19180540787056088
