times:
  edit-metadata: 1.3204833567142487
  landing: 0.1490235971286893
  view-data: 0.12151686940342188
