times:
  edit-metadata: 0.43969471100717783
  landing: 0.04221439966931939
  view-data: 0.18422017432749271
