times:
  edit-metadata: 1.4959471840411425
  landing: 0.8133422830142081
  view-data: 3.2999049043282866
