times:
  edit-metadata: 0.4182283221744001
  landing: 0.05008863005787134
  view-data: 0.20678380504250526
