times:
  edit-metadata: 1.6832330161705613
  landing: 0.8857841612771153
  view-data: 3.47371122892946
