times:
  edit-metadata: 1.8053377401083708
  landing: 0.31181726418435574
  view-data: 0.3766263108700514
