times:
  edit-metadata: 0.4873360628262162
  landing: 0.041138364002108574
  view-data: 0.1969235916621983
