times:
  edit-metadata: 0.6113129579462111
  landing: 0.04829899501055479
  view-data: 0.18776731309480965
