times:
  edit-metadata: 0.5996918180026114
  landing: 0.049402229997213
  view-data: 0.1855888169957325
