times:
  edit-metadata: 0.3608287898823619
  landing: 0.05105207394808531
  view-data: 0.21494666393846273
