times:
  edit-metadata: 1.6865928322076797
  landing: 1.0355169363319874
  view-data: 3.3993493281304836
