times:
  edit-metadata: 0.4285036539658904
  landing: 0.04154994199052453
  view-data: 0.19229837600141764
