times:
  edit-metadata: 1.3388738613575697
  landing: 0.6534582804888487
  view-data: 3.327672488987446
