times:
  edit-metadata: 0.3491443358361721
  landing: 1.1205603890120983
  view-data: 0.31815294548869133
