times:
  edit-metadata: 0.4605119479820132
  landing: 0.04566898010671139
  view-data: 0.18152980040758848
