times:
  edit-metadata: 0.761027242988348
  landing: 0.19962572399526834
  view-data: 0.2562937750481069
