times:
  edit-metadata: 0.39665551111102104
  landing: 1.5201600026339293
  view-data: 0.7508100885897875
