times:
  edit-metadata: 0.44397785188630223
  landing: 0.05136792408302426
  view-data: 0.1912934361025691
