times:
  edit-metadata: 1.3694393057376146
  landing: 0.7857698109000921
  view-data: 3.344688717275858
