times:
  edit-metadata: 1.4982170704752207
  landing: 0.6967315915971994
  view-data: 3.296687375754118
