times:
  edit-metadata: 0.6019596679834649
  landing: 0.043661731004249305
  view-data: 0.1899090469814837
