times:
  edit-metadata: 0.37027241406030953
  landing: 0.04872952005825937
  view-data: 0.20819134206976742
