times:
  edit-metadata: 0.4767902140010847
  landing: 0.04260260101000313
  view-data: 0.33692285799770616
