times:
  edit-metadata: 0.6329846249427646
  landing: 0.04388661892153323
  view-data: 0.18078993004746735
