times:
  edit-metadata: 0.3691907370230183
  landing: 0.0477400139789097
  view-data: 0.19973707501776516
