times:
  edit-metadata: 1.3317905124276876
  landing: 0.021800033748149872
  view-data: 0.12159485556185246
