times:
  edit-metadata: 1.6317163482308388
  landing: 0.9509648717939854
  view-data: 3.382481250911951
