times:
  edit-metadata: 1.404423939064145
  landing: 0.76292316429317
  view-data: 3.3423709021881223
