times:
  edit-metadata: 1.4361467137932777
  landing: 7.770956076681614
  view-data: 3.3271418511867523
