times:
  edit-metadata: 0.49120339506771415
  landing: 0.04846786695998162
  view-data: 0.20846633904147893
