times:
  edit-metadata: 1.3929808335378766
  landing: 0.02111611980944872
  view-data: 0.12166932504624128
