times:
  edit-metadata: 0.5935305800085189
  landing: 0.04179509400273673
  view-data: 0.19210941399796866
