times:
  edit-metadata: 0.4058395470492542
  landing: 0.052307256031781435
  view-data: 0.2018612758256495
