times:
  edit-metadata: 0.37014948506839573
  landing: 0.0516128099989146
  view-data: 0.20120506407693028
