times:
  edit-metadata: 1.4913014881312847
  landing: 0.7700035348534584
  view-data: 3.282623328268528
