times:
  edit-metadata: 0.42040910944342613
  landing: 0.06255586445331573
  view-data: 0.18384641222655773
