times:
  edit-metadata: 0.43808478908613324
  landing: 0.03996463771909475
  view-data: 0.19552403734996915
