times:
  edit-metadata: 1.4275040198117495
  landing: 0.22303367964923382
  view-data: 0.0238787904381752
