times:
  edit-metadata: 2.9343040017411113
  landing: 0.3777014063671231
  view-data: 0.8930344805121422
