times:
  edit-metadata: 0.378749196883291
  landing: 0.05746375396847725
  view-data: 0.21965345414355397
