times:
  edit-metadata: 0.7722488360013813
  landing: 0.06108584417961538
  view-data: 0.19469475094228983
