times:
  edit-metadata: 1.370014749467373
  landing: 0.023134490475058556
  view-data: 0.09908108413219452
