times:
  edit-metadata: 0.27753463201224804
  landing: 0.5493571348488331
  view-data: 0.17988391406834126
