times:
  edit-metadata: 1.4442164562642574
  landing: 0.8051117081195116
  view-data: 3.362115567550063
