times:
  edit-metadata: 1.330783484969288
  landing: 0.8876444209599867
  view-data: 3.3962642250116915
