times:
  edit-metadata: 1.660324340686202
  landing: 0.8655068781226873
  view-data: 3.4665895756334066
