times:
  edit-metadata: 1.3490193411707878
  landing: 0.8323919530957937
  view-data: 3.2824891451746225
