times:
  edit-metadata: 0.304712338373065
  landing: 0.5036727115511894
  view-data: 0.2184836696833372
