times:
  edit-metadata: 0.37786405719816685
  landing: 0.8445005156099796
  view-data: 0.32423189654946327
