times:
  edit-metadata: 1.3757646789308637
  landing: 0.6915462438482791
  view-data: 3.287855993025005
