times:
  edit-metadata: 1.3272213600575924
  landing: 0.02226274274289608
  view-data: 0.025242547504603863
