times:
  edit-metadata: 0.5967782938387245
  landing: 0.045271645998582244
  view-data: 0.1956367918755859
