times:
  edit-metadata: 0.3570922575891018
  landing: 0.03856324031949043
  view-data: 0.18226535618305206
