times:
  edit-metadata: 1.4452994987368584
  landing: 0.12887495011091232
  view-data: 0.33956202305853367
