times:
  edit-metadata: 0.6502029519760981
  landing: 0.05577124410774559
  view-data: 0.18624763598199934
