times:
  edit-metadata: 0.495316871907562
  landing: 0.046101868036203086
  view-data: 0.2162436320213601
