times:
  edit-metadata: 0.4309615413658321
  landing: 0.08806502399966121
  view-data: 0.24090168299153447
