times:
  edit-metadata: 0.49708210304379463
  landing: 0.09719550423324108
  view-data: 0.25686825020238757
