times:
  edit-metadata: 0.40342861227691174
  landing: 0.5412713028490543
  view-data: 0.1767973154783249
