times:
  edit-metadata: 1.4322492890059948
  landing: 0.8354112338274717
  view-data: 3.3050851207226515
