times:
  edit-metadata: 1.3350402731448412
  landing: 0.16594056226313114
  view-data: 0.027270007878541946
