times:
  edit-metadata: 1.6296783350408077
  landing: 0.8924227133393288
  view-data: 3.3160142190754414
