times:
  edit-metadata: 1.4812943860888481
  landing: 0.02370915189385414
  view-data: 0.17671350203454494
