times:
  edit-metadata: 1.5131481904536486
  landing: 0.6851577237248421
  view-data: 3.3538359068334103
