times:
  edit-metadata: 1.3626371882855892
  landing: 0.020389148965477943
  view-data: 0.1435198113322258
