times:
  edit-metadata: 0.3621341660618782
  landing: 0.041308704763650894
  view-data: 0.1812528371810913
