times:
  edit-metadata: 0.4895358197391033
  landing: 0.04315022751688957
  view-data: 0.1913788728415966
