times:
  edit-metadata: 1.4770510978996754
  landing: 0.2113619353622198
  view-data: 0.03334854729473591
