times:
  edit-metadata: 1.3553133588284254
  landing: 0.2262579295784235
  view-data: 0.026554621756076813
