times:
  edit-metadata: 1.401684833690524
  landing: 0.019705384969711304
  view-data: 0.2572592943906784
