times:
  edit-metadata: 1.3947578184306622
  landing: 0.8583541959524155
  view-data: 3.3307530656456947
