times:
  edit-metadata: 0.6284626030828804
  landing: 0.05417459085583687
  view-data: 0.1790687320753932
