times:
  edit-metadata: 0.4281355310231447
  landing: 0.0498755369335413
  view-data: 0.18368024751544
