times:
  edit-metadata: 1.3364574713632464
  landing: 0.021271473728120327
  view-data: 0.11990190111100674
