times:
  edit-metadata: 0.3764231540262699
  landing: 0.04754829406738281
  view-data: 0.18156937882304192
