times:
  edit-metadata: 0.46524851210415363
  landing: 0.05238052085042
  view-data: 0.1980094676837325
