times:
  edit-metadata: 0.45015787333250046
  landing: 0.04717824701219797
  view-data: 0.20163491694256663
