times:
  edit-metadata: 0.46938617061823606
  landing: 0.041545622050762177
  view-data: 0.19404216203838587
