times:
  edit-metadata: 1.3496903255581856
  landing: 0.7175259031355381
  view-data: 3.313606144860387
