times:
  edit-metadata: 0.49406374292448163
  landing: 0.07858881913125515
  view-data: 0.30666429316625
