times:
  edit-metadata: 0.8233965539839119
  landing: 0.06424887897446752
  view-data: 0.3191461218520999
