times:
  edit-metadata: 1.5961550055071712
  landing: 0.7644122829660773
  view-data: 3.418880432844162
