times:
  edit-metadata: 1.3819111217744648
  landing: 0.7896898440085351
  view-data: 3.287059649359435
