times:
  edit-metadata: 1.310233865864575
  landing: 0.18092117737978697
  view-data: 0.1287883259356022
