times:
  edit-metadata: 1.3641242906451225
  landing: 0.18632612377405167
  view-data: 0.0228069219738245
