times:
  edit-metadata: 0.5047011557035148
  landing: 0.04022312490269542
  view-data: 0.23764104209840298
