times:
  edit-metadata: 0.4086820241063833
  landing: 0.9859980903565884
  view-data: 0.1752573847770691
