times:
  edit-metadata: 1.712939178571105
  landing: 1.0697409193962812
  view-data: 3.416612196713686
