times:
  edit-metadata: 1.5320925265550613
  landing: 0.961874209344387
  view-data: 3.3669342882931232
