times:
  edit-metadata: 0.5882089158985764
  landing: 0.05105933896265924
  view-data: 0.1906200209632516
