times:
  edit-metadata: 0.4652744457125664
  landing: 0.04395461082458496
  view-data: 0.20952933561056852
