times:
  edit-metadata: 1.3551171068102121
  landing: 0.12030279636383057
  view-data: 0.024723291397094727
