times:
  edit-metadata: 1.443844135850668
  landing: 0.16605921369045973
  view-data: 0.02559865452349186
