times:
  edit-metadata: 1.443523358553648
  landing: 0.7659085243940353
  view-data: 3.3505661636590958
