times:
  edit-metadata: 1.460574934259057
  landing: 0.7788164019584656
  view-data: 3.347692145034671
