times:
  edit-metadata: 0.3864008504897356
  landing: 1.0901667959988117
  view-data: 0.598327687010169
