times:
  edit-metadata: 1.29770025331527
  landing: 0.11460277810692787
  view-data: 0.4600588530302048
