times:
  edit-metadata: 1.2767898188903928
  landing: 0.8972002789378166
  view-data: 3.3857552893459797
