times:
  edit-metadata: 0.46077268011868
  landing: 0.04292105231434107
  view-data: 0.20297474693506956
