times:
  edit-metadata: 0.4536604252643883
  landing: 0.050613611936569214
  view-data: 0.19702162500470877
