times:
  edit-metadata: 1.3720876183360815
  landing: 0.1289188712835312
  view-data: 0.1442568562924862
