times:
  edit-metadata: 0.36576278088614345
  landing: 0.04822261771187186
  view-data: 0.19993235683068633
