times:
  edit-metadata: 1.4610030464828014
  landing: 0.9451457560062408
  view-data: 3.333988394588232
