times:
  edit-metadata: 1.4494958091527224
  landing: 0.8345762174576521
  view-data: 3.3013556096702814
