times:
  edit-metadata: 0.4088225197046995
  landing: 0.4777444489300251
  view-data: 0.1874590441584587
