times:
  edit-metadata: 0.6005265270359814
  landing: 0.0723389657214284
  view-data: 0.20074315881356597
