times:
  edit-metadata: 0.3916192650794983
  landing: 0.840563103556633
  view-data: 0.3122444599866867
