times:
  edit-metadata: 1.4044777359813452
  landing: 0.17346227914094925
  view-data: 0.3563565444201231
