times:
  edit-metadata: 0.6169199399882928
  landing: 0.04232377908192575
  view-data: 0.18839546595700085
