times:
  edit-metadata: 1.3211589269340038
  landing: 0.023186972364783287
  view-data: 0.028101056814193726
