times:
  edit-metadata: 0.35842280089855194
  landing: 0.04694810509681702
  view-data: 0.19539540214464068
