times:
  edit-metadata: 1.4410842508077621
  landing: 0.6807287521660328
  view-data: 3.3488143756985664
