times:
  edit-metadata: 1.569759746082127
  landing: 0.8131214221939445
  view-data: 3.3852883083745837
