times:
  edit-metadata: 0.3653091959422454
  landing: 0.0455061849206686
  view-data: 0.20360935397911817
