times:
  edit-metadata: 0.4169448707252741
  landing: 0.8963356986641884
  view-data: 0.53860167786479
