times:
  edit-metadata: 1.3834347240626812
  landing: 0.7571622412651777
  view-data: 3.365055052563548
