times:
  edit-metadata: 0.6756736449897289
  landing: 0.05297321593388915
  view-data: 0.25509970891289413
