times:
  edit-metadata: 1.771154746413231
  landing: 0.9708154499530792
  view-data: 3.3721389155834913
