times:
  edit-metadata: 1.404416723176837
  landing: 0.09701912570744753
  view-data: 0.11697528418153524
