times:
  edit-metadata: 0.41913890838623047
  landing: 1.1159255933016539
  view-data: 0.5965201612561941
