times:
  edit-metadata: 0.6432564479764551
  landing: 0.06902776402421296
  view-data: 0.18693954800255597
