times:
  edit-metadata: 0.4518946120515466
  landing: 0.040438440162688494
  view-data: 0.19817906385287642
