times:
  edit-metadata: 1.4347390457987785
  landing: 0.8880903571844101
  view-data: 3.33768043667078
