times:
  edit-metadata: 1.3082163352519274
  landing: 0.022504521533846855
  view-data: 0.026546222157776356
