times:
  edit-metadata: 0.459132238291204
  landing: 0.04184701107442379
  view-data: 0.2228824789635837
