times:
  edit-metadata: 1.5625372119247913
  landing: 0.7830874547362328
  view-data: 3.3509079292416573
