times:
  edit-metadata: 1.3239099523052573
  landing: 0.11686049867421389
  view-data: 0.39061906188726425
