times:
  edit-metadata: 4.064132202416658
  landing: 2.5429605692625046
  view-data: 3.629221696406603
