times:
  edit-metadata: 1.306875791400671
  landing: 0.6931059695780277
  view-data: 3.3221883084625006
