times:
  edit-metadata: 0.3529445939930156
  landing: 0.05577628896571696
  view-data: 0.20198740804335102
