times:
  edit-metadata: 1.705123022198677
  landing: 1.0018410049378872
  view-data: 3.395777940750122
