times:
  edit-metadata: 0.3774345591664314
  landing: 0.6986792553216219
  view-data: 0.3018316179513931
