times:
  edit-metadata: 0.4498899672180414
  landing: 0.04517639707773924
  view-data: 0.20618478674441576
