times:
  edit-metadata: 1.3493677163496614
  landing: 0.021029002964496613
  view-data: 0.026616085320711136
