times:
  edit-metadata: 0.8072114340029657
  landing: 0.05998938693664968
  view-data: 0.187949291896075
