times:
  edit-metadata: 1.3201559036970139
  landing: 0.7537242509424686
  view-data: 3.3700165040791035
