times:
  edit-metadata: 0.3796815536916256
  landing: 0.04164517670869827
  view-data: 0.18244994431734085
