times:
  edit-metadata: 1.2984085120260715
  landing: 0.7190694469027221
  view-data: 3.3665271389763802
