times:
  edit-metadata: 0.6276107341982424
  landing: 0.050086191855371
  view-data: 0.19339413288980722
