times:
  edit-metadata: 0.3843601867556572
  landing: 0.04792864993214607
  view-data: 0.1911769025027752
