times:
  edit-metadata: 0.36388513073325157
  landing: 1.0220875442028046
  view-data: 0.5365529507398605
