times:
  edit-metadata: 1.4418321065604687
  landing: 0.15206329338252544
  view-data: 0.35381853207945824
