times:
  edit-metadata: 1.3010411392897367
  landing: 0.019602538086473942
  view-data: 0.12309086602181196
