times:
  edit-metadata: 1.516571540851146
  landing: 0.7392453248612583
  view-data: 3.326584291178733
