times:
  edit-metadata: 1.4902715757489204
  landing: 0.02229505032300949
  view-data: 0.20417527109384537
