times:
  edit-metadata: 3.4882136806845665
  landing: 1.5912148710340261
  view-data: 3.9111105520278215
