times:
  edit-metadata: 0.4579214402474463
  landing: 0.04165450017899275
  view-data: 0.19460824271664023
