times:
  edit-metadata: 0.5999075050931424
  landing: 0.04563090507872403
  view-data: 0.18947933008894324
