times:
  edit-metadata: 1.8789715841412544
  landing: 0.26466930843889713
  view-data: 0.3531071115285158
