times:
  edit-metadata: 1.488561723381281
  landing: 0.8812461495399475
  view-data: 3.38607694208622
