times:
  edit-metadata: 0.38442639261484146
  landing: 0.05294940620660782
  view-data: 0.17722094804048538
