times:
  edit-metadata: 0.40082548931241035
  landing: 1.0069651566445827
  view-data: 0.4320983588695526
