times:
  edit-metadata: 1.848546888679266
  landing: 0.2555307736620307
  view-data: 0.5308231404051185
