times:
  edit-metadata: 0.4569415617734194
  landing: 0.042145179118961096
  view-data: 0.19126094225794077
