times:
  edit-metadata: 0.3477020803838968
  landing: 0.573819937184453
  view-data: 0.5932492073625326
