times:
  edit-metadata: 0.4677269170060754
  landing: 0.0488126827403903
  view-data: 0.20865231472998857
