times:
  edit-metadata: 1.9710436426103115
  landing: 1.1564059853553772
  view-data: 3.403873834758997
