times:
  edit-metadata: 0.38284628838300705
  landing: 0.053432904183864594
  view-data: 0.1824214644730091
