times:
  edit-metadata: 1.4488446339964867
  landing: 0.8353646546602249
  view-data: 3.313032276928425
