times:
  edit-metadata: 0.33210600912570953
  landing: 1.3307241518050432
  view-data: 0.6448097676038742
