times:
  edit-metadata: 0.6165249909972772
  landing: 0.04128163598943502
  view-data: 0.20028756698593497
