times:
  edit-metadata: 1.6355578806251287
  landing: 0.9650884419679642
  view-data: 3.3589146491140127
