times:
  edit-metadata: 0.79130844399333
  landing: 0.06028279289603233
  view-data: 0.20521006966009736
