times:
  edit-metadata: 0.3586082924157381
  landing: 1.3945659082382917
  view-data: 0.41048758290708065
