times:
  edit-metadata: 0.4440872468985617
  landing: 0.04526876285672188
  view-data: 0.20083303516730666
