times:
  edit-metadata: 0.3656447739340365
  landing: 0.04997692606411874
  view-data: 0.2023451749701053
