times:
  edit-metadata: 0.3578085240442306
  landing: 0.051057543023489416
  view-data: 0.19943307992070913
