times:
  edit-metadata: 0.3650076240301132
  landing: 0.05349888699129224
  view-data: 0.20809612097218633
