times:
  edit-metadata: 0.461349681019783
  landing: 0.047450547106564045
  view-data: 0.20015835808590055
