times:
  edit-metadata: 1.332001207396388
  landing: 0.01936099398881197
  view-data: 0.02601717785000801
