times:
  edit-metadata: 1.4900775086134672
  landing: 0.67213299497962
  view-data: 3.4109992925077677
