times:
  edit-metadata: 0.6060884550679475
  landing: 0.07419552002102137
  view-data: 0.19627500791102648
