times:
  edit-metadata: 1.4133288115262985
  landing: 0.7127898596227169
  view-data: 3.3569618444889784
