times:
  edit-metadata: 1.8416901640594006
  landing: 0.4893928822129965
  view-data: 0.18226159550249577
