times:
  edit-metadata: 1.3684371709823608
  landing: 0.9578289985656738
  view-data: 3.366130795329809
