times:
  edit-metadata: 1.643739027902484
  landing: 0.025456832721829414
  view-data: 0.33117930591106415
