times:
  edit-metadata: 0.5885321859968826
  landing: 0.04469522391445935
  view-data: 0.1954784890403971
