times:
  edit-metadata: 0.40226916037499905
  landing: 0.757043806836009
  view-data: 0.19073957949876785
