times:
  edit-metadata: 1.4303759895265102
  landing: 0.8278790824115276
  view-data: 3.320167075842619
