times:
  edit-metadata: 1.3501797933131456
  landing: 0.1282474845647812
  view-data: 0.3883930742740631
