times:
  edit-metadata: 1.6216930262744427
  landing: 1.0531454756855965
  view-data: 3.462090663611889
