times:
  edit-metadata: 1.412340670824051
  landing: 0.70049430988729
  view-data: 3.3983363192528486
