times:
  edit-metadata: 1.808144599199295
  landing: 1.16610761359334
  view-data: 3.30520910769701
