times:
  edit-metadata: 1.7631166288629174
  landing: 0.9431551424786448
  view-data: 3.370153141207993
