times:
  edit-metadata: 0.410158040933311
  landing: 0.04847036604769528
  view-data: 0.19913572701625526
