times:
  edit-metadata: 1.376906519755721
  landing: 0.2408365812152624
  view-data: 0.028227224946022034
