times:
  edit-metadata: 1.6656101234257221
  landing: 0.8515888452529907
  view-data: 3.290840197354555
