times:
  edit-metadata: 1.3282040990889072
  landing: 0.1782593261450529
  view-data: 0.025803666561841965
