times:
  edit-metadata: 0.2930809911340475
  landing: 0.6539120115339756
  view-data: 0.3170060273259878
