times:
  edit-metadata: 0.3767180200666189
  landing: 0.9399176351726055
  view-data: 0.3225473742932081
