times:
  edit-metadata: 1.3846150655299425
  landing: 0.13721973448991776
  view-data: 0.3362850844860077
