times:
  edit-metadata: 0.3719883859157562
  landing: 0.038133058696985245
  view-data: 0.18494655564427376
