times:
  edit-metadata: 0.456177000887692
  landing: 0.04882139712572098
  view-data: 0.19572085700929165
