times:
  edit-metadata: 1.5630409205332398
  landing: 1.037667247466743
  view-data: 3.375552823767066
