times:
  edit-metadata: 0.4294131160713732
  landing: 0.04143762215971947
  view-data: 0.19072276493534446
