times:
  edit-metadata: 1.2675414020195603
  landing: 0.17660077661275864
  view-data: 0.025257659144699574
