times:
  edit-metadata: 0.6115236207842827
  landing: 0.04075933899730444
  view-data: 0.18826341396197677
