times:
  edit-metadata: 1.3595514171756804
  landing: 0.7322107087820768
  view-data: 0.45491414796561
