times:
  edit-metadata: 1.358231334015727
  landing: 0.022738458588719368
  view-data: 0.12698263674974442
