times:
  edit-metadata: 0.3721733018755913
  landing: 0.053943488746881485
  view-data: 0.1858699433505535
