times:
  edit-metadata: 0.504711770103313
  landing: 0.08140122389886528
  view-data: 0.23542315606027842
