times:
  edit-metadata: 0.46935067418962717
  landing: 0.050120407715439796
  view-data: 0.20660417433828115
