times:
  edit-metadata: 1.3484057011082768
  landing: 0.16072618309408426
  view-data: 0.351996973156929
