times:
  edit-metadata: 1.62591015920043
  landing: 0.16575337201356888
  view-data: 0.46275464352220297
