times:
  edit-metadata: 1.5810548402369022
  landing: 0.9891854710876942
  view-data: 3.324604667723179
