times:
  edit-metadata: 0.48020559502765536
  landing: 0.04584189923480153
  view-data: 0.19301395118236542
