times:
  edit-metadata: 0.41555803595110774
  landing: 0.0491323231253773
  view-data: 0.2052314269822091
