times:
  edit-metadata: 0.6724402870167978
  landing: 0.05465026595629752
  view-data: 0.21833559102378786
