times:
  edit-metadata: 1.4001089334487915
  landing: 0.813238549977541
  view-data: 3.4006965793669224
