times:
  edit-metadata: 0.3792577497661114
  landing: 0.050634171813726425
  view-data: 0.18189820647239685
