times:
  edit-metadata: 0.3896364599931985
  landing: 0.045978217967785895
  view-data: 0.204315506038256
