times:
  edit-metadata: 0.46715142391622066
  landing: 0.046881262212991714
  view-data: 0.21500472258776426
