times:
  edit-metadata: 1.410231914371252
  landing: 0.8452001959085464
  view-data: 3.3445558808743954
