times:
  edit-metadata: 0.5099204239959363
  landing: 0.046219304989790544
  view-data: 0.24054681599955074
