times:
  edit-metadata: 1.7566477116197348
  landing: 0.28275073878467083
  view-data: 0.02631452865898609
