times:
  edit-metadata: 1.4215517044067383
  landing: 0.6452109515666962
  view-data: 3.3158356845378876
