times:
  edit-metadata: 0.6401672752108425
  landing: 0.04584604105912149
  view-data: 0.18700571218505502
