times:
  edit-metadata: 0.37443317379802465
  landing: 0.043579846154898405
  view-data: 0.33399218786507845
