times:
  edit-metadata: 0.6167442630976439
  landing: 0.04873790731653571
  view-data: 0.19479084201157093
