times:
  edit-metadata: 0.35630192002281547
  landing: 0.04709741799160838
  view-data: 0.21348403207957745
