times:
  edit-metadata: 0.37276726588606834
  landing: 0.04390533268451691
  view-data: 0.19152922928333282
