times:
  edit-metadata: 0.48822209297213703
  landing: 0.04543132096296176
  view-data: 0.21732900897040963
