times:
  edit-metadata: 0.4498723200522363
  landing: 0.04410616401582956
  view-data: 0.18879076559096575
