times:
  edit-metadata: 1.235954690957442
  landing: 0.23586831404827535
  view-data: 0.3016977409715764
