times:
  edit-metadata: 1.372465156018734
  landing: 0.19825231842696667
  view-data: 0.02785334922373295
