times:
  edit-metadata: 0.4517483301460743
  landing: 0.043663728050887585
  view-data: 0.20865640928968787
