times:
  edit-metadata: 0.3515899498015642
  landing: 0.6610526386648417
  view-data: 0.22483672015368938
