times:
  edit-metadata: 1.33764208573848
  landing: 0.12445718608796597
  view-data: 0.027455488219857216
