times:
  edit-metadata: 0.43721089512109756
  landing: 0.7394164074212313
  view-data: 0.253910169005394
