times:
  edit-metadata: 1.3702031839638948
  landing: 0.02297368925064802
  view-data: 0.35988106671720743
