times:
  edit-metadata: 0.3657947741448879
  landing: 0.7673636544495821
  view-data: 0.18864423781633377
