times:
  edit-metadata: 1.3426546677947044
  landing: 0.16016379371285439
  view-data: 0.1977959368377924
