times:
  edit-metadata: 0.453182821162045
  landing: 0.05503708031028509
  view-data: 0.18853823374956846
