times:
  edit-metadata: 0.3896011430770159
  landing: 1.116327440366149
  view-data: 0.5680019315332174
