times:
  edit-metadata: 1.4947605356574059
  landing: 0.6827958240173757
  view-data: 3.384931866079569
