times:
  edit-metadata: 2.4017660096287727
  landing: 1.0859132129698992
  view-data: 3.407720537856221
