times:
  edit-metadata: 1.785497035831213
  landing: 1.0740503184497356
  view-data: 3.4022903256118298
