times:
  edit-metadata: 1.4899159464985132
  landing: 0.023019371554255486
  view-data: 0.02369077503681183
