times:
  edit-metadata: 1.402240939438343
  landing: 0.774212708696723
  view-data: 3.3606969993561506
