times:
  edit-metadata: 0.3661096151918173
  landing: 0.09113783948123455
  view-data: 0.18391402624547482
