times:
  edit-metadata: 0.37265701591968536
  landing: 0.056410692632198334
  view-data: 0.18451253697276115
