times:
  edit-metadata: 0.3765896097756922
  landing: 0.05826591141521931
  view-data: 0.20355150569230318
