times:
  edit-metadata: 1.4388710521161556
  landing: 0.8254788666963577
  view-data: 3.4296499267220497
