times:
  edit-metadata: 0.45699311001226306
  landing: 0.04215238429605961
  view-data: 0.1891926690004766
