times:
  edit-metadata: 0.648243929957971
  landing: 0.050360874040052295
  view-data: 0.6846258440054953
