times:
  edit-metadata: 0.44957029912620783
  landing: 0.04291025083512068
  view-data: 0.1946010934188962
