times:
  edit-metadata: 1.4746365416795015
  landing: 0.24374151974916458
  view-data: 0.3105908427387476
