times:
  edit-metadata: 1.3102992391213775
  landing: 0.11279007326811552
  view-data: 0.09328153915703297
