times:
  edit-metadata: 0.3512815609574318
  landing: 0.9291862547397614
  view-data: 0.18479949794709682
