times:
  edit-metadata: 1.436288844794035
  landing: 0.9611764959990978
  view-data: 3.3464064449071884
