times:
  edit-metadata: 1.7207022663205862
  landing: 0.3935840092599392
  view-data: 0.41337618604302406
