times:
  edit-metadata: 0.4734715558588505
  landing: 0.04972686152905226
  view-data: 0.3286498887464404
