times:
  edit-metadata: 1.3362714760005474
  landing: 0.7918931599706411
  view-data: 3.292769279330969
