times:
  edit-metadata: 1.6779438750818372
  landing: 0.900287640048191
  view-data: 3.4852683409117162
