times:
  edit-metadata: 1.35505748167634
  landing: 0.7422737292945385
  view-data: 3.3217563554644585
