times:
  edit-metadata: 0.37919917004182935
  landing: 0.04810971603728831
  view-data: 0.20226227096281946
