times:
  edit-metadata: 1.5944176241755486
  landing: 1.02879798412323
  view-data: 3.3792106769979
