times:
  edit-metadata: 1.3276658290997148
  landing: 0.20854413509368896
  view-data: 0.4632867928594351
