times:
  edit-metadata: 1.717690672725439
  landing: 0.025048747658729553
  view-data: 0.1473188791424036
