times:
  edit-metadata: 0.3991086892783642
  landing: 0.05462087318301201
  view-data: 0.17769913375377655
