times:
  edit-metadata: 1.29226753115654
  landing: 0.020408283919095993
  view-data: 0.02443742286413908
