times:
  edit-metadata: 1.5897580478340387
  landing: 0.28699944354593754
  view-data: 0.3174685947597027
