times:
  edit-metadata: 0.35832494916394353
  landing: 0.04929952300153673
  view-data: 0.19857062492519617
