times:
  edit-metadata: 0.704315820010379
  landing: 0.04766941105481237
  view-data: 0.1991073790122755
