times:
  edit-metadata: 1.7479246389120817
  landing: 0.01930082868784666
  view-data: 0.5914980079978704
