times:
  edit-metadata: 1.2943553635850549
  landing: 0.022156083025038242
  view-data: 0.42722311336547136
