times:
  edit-metadata: 1.4536329507827759
  landing: 1.1003563106060028
  view-data: 3.3143498301506042
