times:
  edit-metadata: 4.034580755978823
  landing: 8.897091440856457
  view-data: 3.878605168312788
