times:
  edit-metadata: 0.45973213901743293
  landing: 0.0807875080499798
  view-data: 0.24387749610468745
