times:
  edit-metadata: 1.531212456524372
  landing: 0.02178029902279377
  view-data: 0.23811538890004158
