times:
  edit-metadata: 1.364919638261199
  landing: 0.19271924532949924
  view-data: 0.33591550402343273
