times:
  edit-metadata: 1.229158875066787
  landing: 0.7452937560155988
  view-data: 3.310796198900789
