times:
  edit-metadata: 1.3263472747057676
  landing: 0.020470046438276768
  view-data: 0.026726719923317432
