times:
  edit-metadata: 0.49972981959581375
  landing: 0.08389763021841645
  view-data: 0.20277480920776725
