times:
  edit-metadata: 1.3905270732939243
  landing: 0.8405697159469128
  view-data: 3.3070258013904095
