times:
  edit-metadata: 0.3081012312322855
  landing: 0.6295703146606684
  view-data: 0.2875050716102123
