times:
  edit-metadata: 0.3808640819042921
  landing: 0.8653346356004477
  view-data: 0.18832625448703766
