times:
  edit-metadata: 0.29570809192955494
  landing: 0.7237208168953657
  view-data: 0.34632175229489803
