times:
  edit-metadata: 1.3934240089729428
  landing: 0.7219618861563504
  view-data: 3.342807091306895
