times:
  edit-metadata: 0.42641417402774096
  landing: 0.04892200790345669
  view-data: 0.1979116010479629
