times:
  edit-metadata: 1.374673094600439
  landing: 0.09565783012658358
  view-data: 0.4185890508815646
