times:
  edit-metadata: 1.4958525653928518
  landing: 0.6443358082324266
  view-data: 3.3451462164521217
