times:
  edit-metadata: 0.44727073330432177
  landing: 0.05097523657605052
  view-data: 0.19393927231431007
