times:
  edit-metadata: 1.5826320573687553
  landing: 0.8566140811890364
  view-data: 3.4233353082090616
