times:
  edit-metadata: 0.35030036978423595
  landing: 2.1543671637773514
  view-data: 0.5736651904881
