times:
  edit-metadata: 0.8314278710167855
  landing: 0.07936335983686149
  view-data: 0.21284916112199426
