times:
  edit-metadata: 1.4345176350325346
  landing: 0.18213237635791302
  view-data: 0.10178396292030811
