times:
  edit-metadata: 0.371914841234684
  landing: 0.0511082261800766
  view-data: 0.18197904899716377
