times:
  edit-metadata: 0.5995502430014312
  landing: 0.04135387798305601
  view-data: 0.19652773899724707
