times:
  edit-metadata: 0.6334716610144824
  landing: 0.039675873005762696
  view-data: 0.18673029891215265
