times:
  edit-metadata: 0.5925773180788383
  landing: 0.03897381899878383
  view-data: 0.19199842400848866
