times:
  edit-metadata: 0.38659293949604034
  landing: 1.6381429564207792
  view-data: 0.29188024438917637
