times:
  edit-metadata: 0.37481464073061943
  landing: 0.045400772243738174
  view-data: 0.18671545013785362
