times:
  edit-metadata: 1.412828141823411
  landing: 0.0207320936024189
  view-data: 0.024505089037120342
