times:
  edit-metadata: 1.6209083199501038
  landing: 1.0561954639852047
  view-data: 3.3817103020846844
