times:
  edit-metadata: 1.5940392520278692
  landing: 0.022680526599287987
  view-data: 0.1675410270690918
