times:
  edit-metadata: 0.4799351030960679
  landing: 0.07009857706725597
  view-data: 0.22130374377593398
