times:
  edit-metadata: 0.6222170750843361
  landing: 0.05286441999487579
  view-data: 0.1922145780408755
