times:
  edit-metadata: 0.37148356065154076
  landing: 0.03752393275499344
  view-data: 0.1799001805484295
