times:
  edit-metadata: 0.4876455329358578
  landing: 0.05434607993811369
  view-data: 0.20756483683362603
