times:
  edit-metadata: 1.626973801292479
  landing: 0.9600569638423622
  view-data: 3.4605536931194365
