times:
  edit-metadata: 1.3218042803928256
  landing: 0.01957100350409746
  view-data: 0.43061221297830343
