times:
  edit-metadata: 2.2026897445321083
  landing: 1.0022704638540745
  view-data: 3.537288412451744
