times:
  edit-metadata: 0.6020241808146238
  landing: 0.042659774888306856
  view-data: 0.18385017104446888
