times:
  edit-metadata: 1.3927099220454693
  landing: 0.7470097318291664
  view-data: 3.342196125537157
