times:
  edit-metadata: 0.36385583877563477
  landing: 1.1344933863729239
  view-data: 0.5885935053229332
