times:
  edit-metadata: 0.49819168692920357
  landing: 0.05252622498665005
  view-data: 0.21075571794062853
