times:
  edit-metadata: 0.3866570368409157
  landing: 0.038409046828746796
  view-data: 0.1779157556593418
