times:
  edit-metadata: 1.3736662063747644
  landing: 0.023509953171014786
  view-data: 0.026030407287180424
