times:
  edit-metadata: 0.43470909679308534
  landing: 0.04047561110928655
  view-data: 0.19106674706563354
