times:
  edit-metadata: 0.3996347449719906
  landing: 0.5890938602387905
  view-data: 0.19377424381673336
