times:
  edit-metadata: 0.6107852461282164
  landing: 0.04868613393045962
  view-data: 0.18794992798939347
