times:
  edit-metadata: 1.4590313732624054
  landing: 0.6393242999911308
  view-data: 3.3851862363517284
