times:
  edit-metadata: 3.3791821422055364
  landing: 1.8225466711446643
  view-data: 3.846149009652436
