times:
  edit-metadata: 0.4366504908539355
  landing: 0.04172154190018773
  view-data: 0.1856392459012568
