times:
  edit-metadata: 0.37238409370183945
  landing: 0.048804234713315964
  view-data: 0.1870611421763897
