times:
  edit-metadata: 0.6135138180106878
  landing: 0.045941859018057585
  view-data: 0.18972989497706294
