times:
  edit-metadata: 1.6544642485678196
  landing: 0.9354038359597325
  view-data: 3.3303123395889997
