times:
  edit-metadata: 1.5327732432633638
  landing: 0.9790796134620905
  view-data: 3.4500508196651936
