times:
  edit-metadata: 1.3258934561163187
  landing: 0.017825840041041374
  view-data: 0.3760269805788994
