times:
  edit-metadata: 1.734155848622322
  landing: 0.9931782335042953
  view-data: 3.3968462459743023
