times:
  edit-metadata: 0.29699679650366306
  landing: 0.5629032757133245
  view-data: 0.19600661844015121
