times:
  edit-metadata: 1.4208963168784976
  landing: 0.15488739404827356
  view-data: 0.025126086547970772
