times:
  edit-metadata: 0.4355340823531151
  landing: 0.041003423277288675
  view-data: 0.20222183922305703
