times:
  edit-metadata: 1.3158410787582397
  landing: 0.6761245802044868
  view-data: 3.2836037538945675
