times:
  edit-metadata: 0.4489859901368618
  landing: 0.05052666738629341
  view-data: 0.18244623765349388
