times:
  edit-metadata: 1.8381924573332071
  landing: 0.3219287320971489
  view-data: 0.5945502519607544
