times:
  edit-metadata: 0.372812082991004
  landing: 0.04773002490401268
  view-data: 0.19742628699168563
