times:
  edit-metadata: 1.3507973290979862
  landing: 0.1195319788530469
  view-data: 0.41824939474463463
