times:
  edit-metadata: 1.3216373026371002
  landing: 0.022938553243875504
  view-data: 0.11334045883268118
