times:
  edit-metadata: 1.449479203671217
  landing: 0.01895061507821083
  view-data: 0.13586172461509705
