times:
  edit-metadata: 0.4996138160349801
  landing: 0.06142856599763036
  view-data: 0.20750771200982854
