times:
  edit-metadata: 0.39325207471847534
  landing: 0.7033978160470724
  view-data: 0.2897443789988756
