times:
  edit-metadata: 0.6021009623073041
  landing: 0.040677863638848066
  view-data: 0.19041976984590292
