times:
  edit-metadata: 0.38165672519244254
  landing: 0.05104968696832657
  view-data: 0.20161628886125982
