times:
  edit-metadata: 1.5346426106989384
  landing: 1.1913536749780178
  view-data: 3.3704354017972946
