times:
  edit-metadata: 1.3840696336701512
  landing: 0.02037825807929039
  view-data: 0.02606754656881094
