times:
  edit-metadata: 1.365926394239068
  landing: 0.19374082796275616
  view-data: 0.10324198752641678
