times:
  edit-metadata: 1.3135755620896816
  landing: 0.12329473905265331
  view-data: 0.1229756809771061
