times:
  edit-metadata: 1.33017616905272
  landing: 0.20413286797702312
  view-data: 0.2949368692934513
