times:
  edit-metadata: 0.43310133600607514
  landing: 0.04444352025166154
  view-data: 0.18794746696949005
