times:
  edit-metadata: 1.8517610467970371
  landing: 0.9702669363468885
  view-data: 3.371536770835519
