times:
  edit-metadata: 0.37340026907622814
  landing: 0.044019177090376616
  view-data: 0.20519684813916683
