times:
  edit-metadata: 0.5996975051239133
  landing: 0.048987781861796975
  view-data: 0.1924644340761006
