times:
  edit-metadata: 0.6456460827030241
  landing: 0.06784369284287095
  view-data: 0.23698670603334904
