times:
  edit-metadata: 1.4495282340794802
  landing: 0.7282837037928402
  view-data: 3.2579018799588084
