times:
  edit-metadata: 1.3429158329963684
  landing: 0.1770830638706684
  view-data: 0.025588830932974815
