times:
  edit-metadata: 1.6988686453551054
  landing: 0.24880593828856945
  view-data: 0.3512344527989626
