times:
  edit-metadata: 1.432534096762538
  landing: 0.02185015007853508
  view-data: 0.026570092886686325
