times:
  edit-metadata: 1.4507011556997895
  landing: 0.6966170882806182
  view-data: 3.3486608881503344
