times:
  edit-metadata: 1.3191416095942259
  landing: 0.021106812171638012
  view-data: 0.1011873921379447
