times:
  edit-metadata: 1.6141893491148949
  landing: 0.9827910214662552
  view-data: 3.360021162778139
