times:
  edit-metadata: 0.364351375028491
  landing: 0.8479732256382704
  view-data: 0.29460356943309307
