times:
  edit-metadata: 0.5015458060001947
  landing: 0.05118877999984761
  view-data: 0.21304743400014559
