times:
  edit-metadata: 0.3869972229003906
  landing: 0.04635375365614891
  view-data: 0.1946035847067833
