times:
  edit-metadata: 0.39294430799782276
  landing: 0.49461651407182217
  view-data: 0.20711012370884418
