times:
  edit-metadata: 1.3203036990016699
  landing: 0.01953230705112219
  view-data: 0.11943842936307192
