times:
  edit-metadata: 1.517256798222661
  landing: 0.7463160939514637
  view-data: 3.4330944884568453
