times:
  edit-metadata: 0.5949708699918119
  landing: 0.04999506799504161
  view-data: 0.19161162599630188
