times:
  edit-metadata: 1.3339458983391523
  landing: 0.7970759803429246
  view-data: 3.2575226286426187
