times:
  edit-metadata: 1.40721676312387
  landing: 0.8377150353044271
  view-data: 3.390344876796007
