times:
  edit-metadata: 3.3801161851733923
  landing: 3.96768051199615
  view-data: 4.648179307579994
