times:
  edit-metadata: 0.4411296867765486
  landing: 0.04148442018777132
  view-data: 0.19844205072149634
