times:
  edit-metadata: 1.3065076917409897
  landing: 0.7536922753788531
  view-data: 3.3730337070301175
