times:
  edit-metadata: 0.4331838018260896
  landing: 0.04124299017712474
  view-data: 0.19404237205162644
