times:
  edit-metadata: 1.3762378999963403
  landing: 0.020502274855971336
  view-data: 0.1991706406697631
