times:
  edit-metadata: 1.444748374633491
  landing: 0.7325565293431282
  view-data: 3.322528791613877
