times:
  edit-metadata: 1.2907946072518826
  landing: 0.02578987553715706
  view-data: 0.025026310235261917
