times:
  edit-metadata: 0.3780410538893193
  landing: 0.04544608807191253
  view-data: 0.21492063789628446
