times:
  edit-metadata: 1.7031500125303864
  landing: 0.16638738382607698
  view-data: 0.33332868572324514
