times:
  edit-metadata: 0.393386572599411
  landing: 0.04516315460205078
  view-data: 0.1901700533926487
