times:
  edit-metadata: 1.7954319175332785
  landing: 1.0476167723536491
  view-data: 3.817061709240079
