times:
  edit-metadata: 0.36229492793790996
  landing: 0.051710182102397084
  view-data: 0.2072532600723207
