times:
  edit-metadata: 0.6162276240065694
  landing: 0.13040928193368018
  view-data: 0.21735187503509223
