times:
  edit-metadata: 0.34532883763313293
  landing: 0.5703546442091465
  view-data: 0.5779141373932362
