times:
  edit-metadata: 0.6148743140511215
  landing: 0.04325064900331199
  view-data: 0.19243085198104382
