times:
  edit-metadata: 1.399147156625986
  landing: 0.804777130484581
  view-data: 3.3348123095929623
