times:
  edit-metadata: 1.2675638240762055
  landing: 1.0986983140464872
  view-data: 3.319618749199435
