times:
  edit-metadata: 0.3650503344833851
  landing: 0.5720982998609543
  view-data: 0.5782147981226444
