times:
  edit-metadata: 0.6041335420450196
  landing: 0.04222012695390731
  view-data: 0.19206575897987932
