times:
  edit-metadata: 0.4370709815993905
  landing: 0.040078913792967796
  view-data: 0.19547005323693156
