times:
  edit-metadata: 0.3702146038413048
  landing: 0.04689208045601845
  view-data: 0.1813974380493164
