times:
  edit-metadata: 0.36784667894244194
  landing: 0.04393751546740532
  view-data: 0.17710312828421593
