times:
  edit-metadata: 1.3687289636582136
  landing: 0.021996811032295227
  view-data: 0.025754990056157112
