times:
  edit-metadata: 0.4423018703237176
  landing: 0.040164395701140165
  view-data: 0.20136186573654413
