times:
  edit-metadata: 0.4515391755849123
  landing: 0.04302623122930527
  view-data: 0.20286346040666103
