times:
  edit-metadata: 0.47242978499707533
  landing: 0.04984948399942368
  view-data: 0.20642018299986375
