times:
  edit-metadata: 0.66997996205464
  landing: 0.08279929403215647
  view-data: 0.28009091690182686
