times:
  edit-metadata: 1.463514826958999
  landing: 0.7798558119684458
  view-data: 3.3463562841061503
