times:
  edit-metadata: 0.6236042510718107
  landing: 0.045606955885887146
  view-data: 0.19334562215954065
