times:
  edit-metadata: 0.37109678238630295
  landing: 1.0705731008201838
  view-data: 0.5230787321925163
