times:
  edit-metadata: 0.5349315120838583
  landing: 0.049602135084569454
  view-data: 0.2056608684360981
