times:
  edit-metadata: 1.34666159003973
  landing: 0.13841880671679974
  view-data: 0.027684379369020462
