times:
  edit-metadata: 1.3526493851095438
  landing: 1.011338141746819
  view-data: 3.4577228408306837
