times:
  edit-metadata: 1.4128656722605228
  landing: 0.7969749048352242
  view-data: 3.269415147602558
