times:
  edit-metadata: 0.602560596074909
  landing: 0.051804848946630955
  view-data: 0.17900327313691378
