times:
  edit-metadata: 1.5386606510728598
  landing: 0.6997745838016272
  view-data: 3.684991914778948
