times:
  edit-metadata: 0.44664904195815325
  landing: 0.041057090274989605
  view-data: 0.19739465788006783
