times:
  edit-metadata: 0.30711096338927746
  landing: 1.0848826467990875
  view-data: 0.30558854900300503
