times:
  edit-metadata: 1.3549060709774494
  landing: 0.021962376311421394
  view-data: 0.30417201668024063
