times:
  edit-metadata: 0.4244798228610307
  landing: 0.04408410587348044
  view-data: 0.20172590296715498
