times:
  edit-metadata: 0.38357590697705746
  landing: 1.7067907266318798
  view-data: 0.39691727980971336
