times:
  edit-metadata: 0.37813008949160576
  landing: 0.042811714112758636
  view-data: 0.186993807554245
