times:
  edit-metadata: 1.3526913318783045
  landing: 0.019621508195996284
  view-data: 0.022927922196686268
