times:
  edit-metadata: 2.034523334354162
  landing: 0.2303163968026638
  view-data: 0.15586930140852928
