times:
  edit-metadata: 0.4710015496239066
  landing: 0.051567467860877514
  view-data: 0.20201029535382986
