times:
  edit-metadata: 0.3795460780384019
  landing: 0.05185861198697239
  view-data: 0.21124131500255316
