times:
  edit-metadata: 0.5565349259413779
  landing: 0.10640223184600472
  view-data: 0.24173941323533654
