times:
  edit-metadata: 0.47393666801508516
  landing: 0.09850068698870018
  view-data: 0.21613356098532677
