times:
  edit-metadata: 1.4376110173761845
  landing: 0.778960321098566
  view-data: 3.2836292162537575
