times:
  edit-metadata: 0.607239258941263
  landing: 0.039678147062659264
  view-data: 0.19729442102834582
