times:
  edit-metadata: 0.6870848119724542
  landing: 0.05423283879645169
  view-data: 0.22625264897942543
