times:
  edit-metadata: 1.4507777132093906
  landing: 0.9385647512972355
  view-data: 3.294497860595584
