times:
  edit-metadata: 1.6430029589682817
  landing: 0.7635991172865033
  view-data: 3.4503952087834477
