times:
  edit-metadata: 0.4689552504569292
  landing: 0.047424230724573135
  view-data: 0.34794030152261257
