times:
  edit-metadata: 1.4105045800097287
  landing: 0.8032455132342875
  view-data: 3.2968697450123727
