times:
  edit-metadata: 1.5165528198704123
  landing: 0.8711304776370525
  view-data: 3.304191390052438
