times:
  edit-metadata: 0.619715063017793
  landing: 0.0556479599326849
  view-data: 0.19138326193206012
