times:
  edit-metadata: 1.442549851955846
  landing: 0.7812238309998065
  view-data: 3.277491878019646
