times:
  edit-metadata: 1.4655753476545215
  landing: 0.02073903102427721
  view-data: 0.12102209962904453
