times:
  edit-metadata: 0.6094213689211756
  landing: 0.0524793250951916
  view-data: 0.19226222694851458
