times:
  edit-metadata: 1.6120487190783024
  landing: 0.8186152651906013
  view-data: 3.306397996842861
