times:
  edit-metadata: 1.5846241590334103
  landing: 1.0996903799241409
  view-data: 3.4021737290313467
