times:
  edit-metadata: 2.007158564403653
  landing: 0.34440198726952076
  view-data: 0.355386171489954
