times:
  edit-metadata: 0.45023331604897976
  landing: 0.04435771191492677
  view-data: 0.18871660996228456
