times:
  edit-metadata: 0.36970740370452404
  landing: 0.7031355760991573
  view-data: 0.1858214270323515
