times:
  edit-metadata: 0.3540946689900011
  landing: 0.10815585101954639
  view-data: 0.2172156119486317
