times:
  edit-metadata: 1.3975403122603893
  landing: 0.19358142651617527
  view-data: 0.4714668598026037
