times:
  edit-metadata: 1.4271212359890342
  landing: 0.019448040053248405
  view-data: 0.024045949801802635
