times:
  edit-metadata: 1.5193921625614166
  landing: 0.13312889821827412
  view-data: 0.025236116722226143
