times:
  edit-metadata: 1.5178615935146809
  landing: 0.7002980671823025
  view-data: 3.3397923596203327
