times:
  edit-metadata: 2.971003433689475
  landing: 0.05496969632804394
  view-data: 0.05400975979864597
