times:
  edit-metadata: 1.5436117835342884
  landing: 0.9776789024472237
  view-data: 3.4328289702534676
