times:
  edit-metadata: 1.2935874918475747
  landing: 0.023119686171412468
  view-data: 0.02748533245176077
