times:
  edit-metadata: 1.3036068584769964
  landing: 0.019274704158306122
  view-data: 0.02583126164972782
