times:
  edit-metadata: 1.6702790148556232
  landing: 1.0802867412567139
  view-data: 3.349839363247156
