times:
  edit-metadata: 1.3615549355745316
  landing: 0.8656262829899788
  view-data: 3.346151277422905
