times:
  edit-metadata: 1.3384073469787836
  landing: 0.24191527254879475
  view-data: 0.02773294597864151
