times:
  edit-metadata: 1.45414325222373
  landing: 0.9395242482423782
  view-data: 3.703286211937666
