times:
  edit-metadata: 1.3704263214021921
  landing: 0.7967534689232707
  view-data: 3.3781971354037523
