times:
  edit-metadata: 0.3873183149844408
  landing: 0.4792327284812927
  view-data: 0.20208152569830418
