times:
  edit-metadata: 1.4161982107907534
  landing: 0.17579079419374466
  view-data: 0.027371197938919067
