times:
  edit-metadata: 0.4709875890985131
  landing: 0.054113578982651234
  view-data: 0.20066130394116044
