times:
  edit-metadata: 0.36552855372428894
  landing: 0.04183457791805267
  view-data: 0.18123700842261314
