times:
  edit-metadata: 1.47228167578578
  landing: 0.8866894617676735
  view-data: 3.3448429107666016
