times:
  edit-metadata: 1.6482687250245363
  landing: 0.90058415196836
  view-data: 3.4294294859282672
