times:
  edit-metadata: 1.476874872110784
  landing: 0.019734511151909828
  view-data: 0.02570320386439562
