times:
  edit-metadata: 1.3498988412320614
  landing: 0.1904240408912301
  view-data: 0.11850093957036734
