times:
  edit-metadata: 1.4447030797600746
  landing: 0.6839900612831116
  view-data: 3.3802172541618347
