times:
  edit-metadata: 0.36603392800316215
  landing: 0.049984854995273054
  view-data: 0.2105157749610953
