times:
  edit-metadata: 0.3589289740193635
  landing: 0.04932278802152723
  view-data: 0.19582354300655425
