times:
  edit-metadata: 1.3546475265175104
  landing: 0.019019759260118008
  view-data: 0.3949420088902116
