times:
  edit-metadata: 0.3924244362860918
  landing: 0.9310826379805803
  view-data: 0.30190018005669117
