times:
  edit-metadata: 5.552249230444431
  landing: 2.1615659706294537
  view-data: 4.266639655455947
