times:
  edit-metadata: 0.3728049136698246
  landing: 0.038311321288347244
  view-data: 0.1829337514936924
