times:
  edit-metadata: 1.4256589533761144
  landing: 0.021738105453550816
  view-data: 0.4327874146401882
