times:
  edit-metadata: 0.35500086657702923
  landing: 0.5787422023713589
  view-data: 0.5828782394528389
