times:
  edit-metadata: 1.7029597089858726
  landing: 0.8653984540142119
  view-data: 3.3642661559861153
