times:
  edit-metadata: 1.5358030125498772
  landing: 0.818985503166914
  view-data: 3.31398743391037
