times:
  edit-metadata: 1.4808740802109241
  landing: 0.7561105787754059
  view-data: 3.3751211427152157
