times:
  edit-metadata: 1.4260636884719133
  landing: 0.7327690403908491
  view-data: 3.333547493442893
