times:
  edit-metadata: 1.3329510297626257
  landing: 0.022998550906777382
  view-data: 0.2710743900388479
