times:
  edit-metadata: 0.4922078480012715
  landing: 0.0861999720800668
  view-data: 0.20867155503947288
