times:
  edit-metadata: 0.6220400540623814
  landing: 0.05342645710334182
  view-data: 0.19100954616442323
