times:
  edit-metadata: 1.451056626625359
  landing: 0.021434277296066284
  view-data: 0.32703759521245956
