times:
  edit-metadata: 1.6333573870360851
  landing: 0.9246023669838905
  view-data: 3.490377578884363
