times:
  edit-metadata: 0.5876091527752578
  landing: 0.040017552208155394
  view-data: 0.1929271980188787
