times:
  edit-metadata: 0.6160406520357355
  landing: 0.04016540991142392
  view-data: 0.1907460029469803
