times:
  edit-metadata: 1.3389982981607318
  landing: 0.7111216587945819
  view-data: 3.394221850670874
