times:
  edit-metadata: 1.629139430820942
  landing: 0.02277212031185627
  view-data: 0.13998993299901485
