times:
  edit-metadata: 0.6098861510108691
  landing: 0.04091993099427782
  view-data: 0.19236312998691574
