times:
  edit-metadata: 0.4862347189337015
  landing: 0.07473747013136744
  view-data: 0.2589287282899022
