times:
  edit-metadata: 1.44294966571033
  landing: 0.6714564226567745
  view-data: 3.2959448732435703
