times:
  edit-metadata: 1.6053479611873627
  landing: 1.0092462785542011
  view-data: 3.4270088598132133
