times:
  edit-metadata: 0.653933190042153
  landing: 0.05416832794435322
  view-data: 0.21054662414826453
