times:
  edit-metadata: 0.4379664082080126
  landing: 0.04401540011167526
  view-data: 0.18800446530804038
