times:
  edit-metadata: 1.2428586529567838
  landing: 0.8261040719226003
  view-data: 3.2600997323170304
