times:
  edit-metadata: 0.36542665399610996
  landing: 1.0433368477970362
  view-data: 0.30932691507041454
