times:
  edit-metadata: 1.586373794823885
  landing: 0.9240005500614643
  view-data: 3.6964801251888275
