times:
  edit-metadata: 0.4286569678224623
  landing: 0.04435296030715108
  view-data: 0.1870697452686727
