times:
  edit-metadata: 0.3350135274231434
  landing: 0.5982916876673698
  view-data: 0.5802931748330593
