times:
  edit-metadata: 1.849431300535798
  landing: 0.11670641601085663
  view-data: 0.13151795603334904
