times:
  edit-metadata: 1.831661731004715
  landing: 0.16901364736258984
  view-data: 0.15848899446427822
