times:
  edit-metadata: 1.317413330078125
  landing: 0.11717899423092604
  view-data: 0.2493759309872985
