times:
  edit-metadata: 1.3465083446353674
  landing: 0.7457700874656439
  view-data: 3.3393361046910286
