times:
  edit-metadata: 1.353276064619422
  landing: 0.22840124182403088
  view-data: 0.35571019910275936
