times:
  edit-metadata: 1.3546248897910118
  landing: 0.7671342571265996
  view-data: 3.3167382068932056
