times:
  edit-metadata: 0.5900557399727404
  landing: 0.06584278307855129
  view-data: 0.19185261393431574
