times:
  edit-metadata: 1.6390388496220112
  landing: 1.1435864828526974
  view-data: 3.507982525974512
