times:
  edit-metadata: 1.3061202950775623
  landing: 0.1958188321441412
  view-data: 0.02268710546195507
