times:
  edit-metadata: 1.3070949781686068
  landing: 0.020392626523971558
  view-data: 0.09862611256539822
