times:
  edit-metadata: 2.0048377364873886
  landing: 1.2097885236144066
  view-data: 3.594247706234455
