times:
  edit-metadata: 1.327619000338018
  landing: 0.2110907854512334
  view-data: 0.4701166106387973
