times:
  edit-metadata: 0.37174258194863796
  landing: 1.6139814034104347
  view-data: 0.5634757373481989
