times:
  edit-metadata: 0.350986547768116
  landing: 1.4000789280980825
  view-data: 0.43919057212769985
