times:
  edit-metadata: 1.3999141277745366
  landing: 0.6974154310300946
  view-data: 3.282437144778669
