times:
  edit-metadata: 0.5037737912498415
  landing: 0.07133324909955263
  view-data: 0.2149552828632295
