times:
  edit-metadata: 0.6039951979764737
  landing: 0.05110915401019156
  view-data: 0.19382475499878637
