times:
  edit-metadata: 0.3677172330208123
  landing: 0.05881221406161785
  view-data: 0.20133697497658432
