times:
  edit-metadata: 0.37370404228568077
  landing: 0.04174025356769562
  view-data: 0.18280748277902603
