times:
  edit-metadata: 1.3936888054013252
  landing: 0.20815119706094265
  view-data: 0.3334553148597479
