times:
  edit-metadata: 1.5364743042737246
  landing: 0.9979267846792936
  view-data: 3.3772780001163483
