times:
  edit-metadata: 1.3777885315939784
  landing: 0.02027210406959057
  view-data: 0.029865048825740814
