times:
  edit-metadata: 0.41263435035943985
  landing: 0.6377917397767305
  view-data: 0.19052839279174805
