times:
  edit-metadata: 1.3683205656707287
  landing: 1.0015128888189793
  view-data: 3.3059238754212856
