times:
  edit-metadata: 1.4377381298691034
  landing: 0.7610534224659204
  view-data: 3.3827986158430576
