times:
  edit-metadata: 1.4611924886703491
  landing: 0.18228796869516373
  view-data: 0.398426054045558
