times:
  edit-metadata: 0.3959561213850975
  landing: 0.8089362382888794
  view-data: 0.18736718595027924
