times:
  edit-metadata: 1.3828877042979002
  landing: 0.8415087098255754
  view-data: 3.384327077306807
