times:
  edit-metadata: 1.3767135553061962
  landing: 0.7605699338018894
  view-data: 3.3829421885311604
