times:
  edit-metadata: 0.6074154521338642
  landing: 0.05000041425228119
  view-data: 0.19876350415870547
