times:
  edit-metadata: 1.4858145602047443
  landing: 0.8653618451207876
  view-data: 3.399498810991645
