times:
  edit-metadata: 1.532416045665741
  landing: 0.19974579103291035
  view-data: 0.1558068748563528
