times:
  edit-metadata: 1.5384608022868633
  landing: 0.8953253868967295
  view-data: 3.3326796870678663
