times:
  edit-metadata: 1.4454942401498556
  landing: 0.6557063180953264
  view-data: 0.4725378789007664
