times:
  edit-metadata: 1.4495387636125088
  landing: 0.7278136815875769
  view-data: 3.3930922839790583
