times:
  edit-metadata: 0.3063550814986229
  landing: 0.6306113917380571
  view-data: 0.5916096288710833
