times:
  edit-metadata: 1.319798250682652
  landing: 0.020056205801665783
  view-data: 0.12131959665566683
