times:
  edit-metadata: 0.38249649852514267
  landing: 0.04376363381743431
  view-data: 0.17565172538161278
