times:
  edit-metadata: 1.548827027902007
  landing: 0.11857449449598789
  view-data: 0.5331471469253302
