times:
  edit-metadata: 1.4239408215507865
  landing: 0.022187228314578533
  view-data: 0.10188665706664324
