times:
  edit-metadata: 2.325780864804983
  landing: 0.04942971281707287
  view-data: 0.05468154884874821
