times:
  edit-metadata: 0.6633671519812196
  landing: 0.05610635015182197
  view-data: 0.1890206439420581
