times:
  edit-metadata: 1.402312470600009
  landing: 0.019440317526459694
  view-data: 0.12082745879888535
