times:
  edit-metadata: 2.296899008564651
  landing: 1.166144160553813
  view-data: 3.6106434734538198
