times:
  edit-metadata: 1.689999869093299
  landing: 0.35431217122823
  view-data: 0.3595159500837326
