times:
  edit-metadata: 0.3608825239352882
  landing: 0.04955307021737099
  view-data: 0.20711193280294538
