times:
  edit-metadata: 0.39856501668691635
  landing: 1.2887142915278673
  view-data: 0.8165678195655346
