times:
  edit-metadata: 1.3531134389340878
  landing: 0.02145880088210106
  view-data: 0.025879932567477226
