times:
  edit-metadata: 1.564760529436171
  landing: 0.8155677756294608
  view-data: 3.2507397178560495
