times:
  edit-metadata: 1.3685827869921923
  landing: 0.11266148090362549
  view-data: 0.35391429252922535
