times:
  edit-metadata: 0.5905466431286186
  landing: 0.03925393405370414
  view-data: 0.19181537604890764
