times:
  edit-metadata: 1.3163107670843601
  landing: 0.020789301954209805
  view-data: 0.02529155556112528
