times:
  edit-metadata: 0.7319760580003276
  landing: 0.06404265399987707
  view-data: 0.28505605500004094
