times:
  edit-metadata: 0.5931995799764991
  landing: 0.043614346999675035
  view-data: 0.19117970811203122
