times:
  edit-metadata: 1.3143115816637874
  landing: 0.19039351120591164
  view-data: 0.02351183257997036
