times:
  edit-metadata: 0.3665728531777859
  landing: 0.047501884400844574
  view-data: 0.18220631405711174
