times:
  edit-metadata: 1.3412248864769936
  landing: 0.8134446432814002
  view-data: 3.345579636283219
