times:
  edit-metadata: 1.4385505430400372
  landing: 0.6892114002257586
  view-data: 3.340407768264413
