times:
  edit-metadata: 0.5929551823064685
  landing: 0.06348541006445885
  view-data: 0.3153083031065762
