times:
  edit-metadata: 1.367210729047656
  landing: 0.10327581781893969
  view-data: 0.19510308373719454
