times:
  edit-metadata: 0.4662300916388631
  landing: 0.04411500506103039
  view-data: 0.20299281273037195
