times:
  edit-metadata: 0.3714523911476135
  landing: 0.7523410469293594
  view-data: 0.22758057340979576
