times:
  edit-metadata: 1.369598999619484
  landing: 0.16875161789357662
  view-data: 0.02476557344198227
