times:
  edit-metadata: 1.4341688975691795
  landing: 0.985127754509449
  view-data: 3.29025112465024
