times:
  edit-metadata: 0.6126698619918898
  landing: 0.03863219800405204
  view-data: 0.19419695297256112
