times:
  edit-metadata: 1.3903842009603977
  landing: 0.17639866285026073
  view-data: 0.35600357688963413
