times:
  edit-metadata: 0.4659708393737674
  landing: 0.03992417920380831
  view-data: 0.20227991603314877
