times:
  edit-metadata: 0.3672790080308914
  landing: 0.046300213783979416
  view-data: 0.1857246831059456
