times:
  edit-metadata: 0.3757634870707989
  landing: 0.04497037082910538
  view-data: 0.1874380223453045
