times:
  edit-metadata: 0.47658770717680454
  landing: 0.04869409464299679
  view-data: 0.21099560195580125
