times:
  edit-metadata: 0.38943376392126083
  landing: 0.5781112648546696
  view-data: 0.30898469127714634
