times:
  edit-metadata: 0.6506678150035441
  landing: 0.05211326386779547
  view-data: 0.270380481146276
