times:
  edit-metadata: 1.3858555406332016
  landing: 0.02031228318810463
  view-data: 0.19452918507158756
