times:
  edit-metadata: 0.5292655751109123
  landing: 0.049103669822216034
  view-data: 0.18231693282723427
