times:
  edit-metadata: 7.048520836047828
  landing: 2.736910128965974
  view-data: 3.9039265289902687
