times:
  edit-metadata: 1.4148628721013665
  landing: 0.13261330034583807
  view-data: 0.239288579672575
