times:
  edit-metadata: 1.319162318482995
  landing: 0.021711093373596668
  view-data: 0.12324945162981749
