times:
  edit-metadata: 1.3512180261313915
  landing: 0.13373373076319695
  view-data: 0.025977948680520058
