times:
  edit-metadata: 1.4117678999900818
  landing: 0.8720486145466566
  view-data: 3.425413139164448
