times:
  edit-metadata: 1.647485414519906
  landing: 1.0874017253518105
  view-data: 3.5324485283344984
