times:
  edit-metadata: 2.0775907449424267
  landing: 0.1997082531452179
  view-data: 0.5329027865082026
