times:
  edit-metadata: 0.5196881964802742
  landing: 0.05269091948866844
  view-data: 0.1949770599603653
