times:
  edit-metadata: 0.4458046518266201
  landing: 0.054899091832339764
  view-data: 0.1810628967359662
