times:
  edit-metadata: 1.48333228379488
  landing: 0.8066845089197159
  view-data: 3.5351162627339363
