times:
  edit-metadata: 1.495098039507866
  landing: 0.779083251953125
  view-data: 3.5514592304825783
