times:
  edit-metadata: 1.3816689997911453
  landing: 0.7822034507989883
  view-data: 3.4530149027705193
