times:
  edit-metadata: 1.4237439632415771
  landing: 0.7834370508790016
  view-data: 3.4433205872774124
