times:
  edit-metadata: 1.3664356246590614
  landing: 0.8002287372946739
  view-data: 3.473410926759243
