times:
  edit-metadata: 1.3241644948720932
  landing: 0.7562765777111053
  view-data: 3.4467894956469536
