times:
  edit-metadata: 1.407403476536274
  landing: 0.709911122918129
  view-data: 3.2764137014746666
