times:
  edit-metadata: 1.3884453848004341
  landing: 0.8399714604020119
  view-data: 3.3720410987734795
