times:
  edit-metadata: 1.3764226138591766
  landing: 0.7100447043776512
  view-data: 3.4640941247344017
