times:
  edit-metadata: 1.477430909872055
  landing: 0.8801994770765305
  view-data: 3.53853440284729
