times:
  edit-metadata: 1.4692882597446442
  landing: 0.8710953667759895
  view-data: 3.4195373132824898
