times:
  edit-metadata: 1.6001025289297104
  landing: 0.8456130251288414
  view-data: 3.3437475040555
