times:
  edit-metadata: 1.5134907141327858
  landing: 0.8184112682938576
  view-data: 3.4924935773015022
