times:
  edit-metadata: 1.5031324326992035
  landing: 0.9608800485730171
  view-data: 3.573806695640087
