times:
  edit-metadata: 1.6879390180110931
  landing: 0.9787418991327286
  view-data: 3.3876224495470524
