times:
  edit-metadata: 1.4483055993914604
  landing: 0.9253599010407925
  view-data: 3.7479445822536945
