times:
  edit-metadata: 1.5670771598815918
  landing: 0.9320165999233723
  view-data: 3.32676612585783
