times:
  edit-metadata: 1.4778390750288963
  landing: 0.8244898989796638
  view-data: 3.262633755803108
