times:
  edit-metadata: 1.8471044339239597
  landing: 1.1010275818407536
  view-data: 3.7682416141033173
