times:
  edit-metadata: 1.3946616724133492
  landing: 0.778005488216877
  view-data: 3.4893671944737434
