times:
  edit-metadata: 1.418914332985878
  landing: 0.8200574144721031
  view-data: 3.626254267990589
