times:
  edit-metadata: 1.3562468513846397
  landing: 0.8210578858852386
  view-data: 3.443160057067871
