times:
  edit-metadata: 1.6038383096456528
  landing: 0.9254816845059395
  view-data: 3.7125387713313103
