times:
  edit-metadata: 1.4407136961817741
  landing: 0.7893075495958328
  view-data: 3.384616829454899
