times:
  edit-metadata: 1.4874148294329643
  landing: 0.8777347654104233
  view-data: 3.470192074775696
