times:
  edit-metadata: 1.4898719787597656
  landing: 0.751591257750988
  view-data: 3.515860430896282
