times:
  edit-metadata: 2.175590805709362
  landing: 1.3292020857334137
  view-data: 3.384499967098236
