times:
  edit-metadata: 1.448553740978241
  landing: 0.9175453335046768
  view-data: 3.538171537220478
