times:
  edit-metadata: 1.439296893775463
  landing: 0.7882502600550652
  view-data: 3.5244079679250717
