times:
  edit-metadata: 1.5079934671521187
  landing: 0.8903081864118576
  view-data: 3.5215442329645157
