times:
  edit-metadata: 1.424891658127308
  landing: 0.7299712002277374
  view-data: 3.3429856672883034
