times:
  edit-metadata: 1.2329522147774696
  landing: 0.9120570793747902
  view-data: 3.483641415834427
