times:
  edit-metadata: 1.4469651356339455
  landing: 0.7603088691830635
  view-data: 3.3385375291109085
