times:
  edit-metadata: 1.4572148621082306
  landing: 0.7170798853039742
  view-data: 3.486893504858017
