times:
  edit-metadata: 1.4286986403167248
  landing: 0.8345840945839882
  view-data: 3.3526558354496956
