times:
  edit-metadata: 1.9141777157783508
  landing: 1.0945034176111221
  view-data: 3.480741672217846
