times:
  edit-metadata: 1.4976825192570686
  landing: 0.7740569412708282
  view-data: 3.5492537915706635
