times:
  edit-metadata: 1.438334733247757
  landing: 0.733301430940628
  view-data: 3.7446580678224564
