times:
  edit-metadata: 1.2271734178066254
  landing: 0.8187999278306961
  view-data: 3.5233525186777115
