times:
  edit-metadata: 1.4148564860224724
  landing: 0.7418195828795433
  view-data: 3.3184568658471107
