times:
  edit-metadata: 1.9323097988963127
  landing: 1.2969184145331383
  view-data: 3.705026187002659
