times:
  edit-metadata: 1.368454061448574
  landing: 0.7943191230297089
  view-data: 3.507342219352722
