times:
  edit-metadata: 1.4233283922076225
  landing: 0.7618436366319656
  view-data: 3.557892583310604
