times:
  edit-metadata: 1.460427165031433
  landing: 0.8931112140417099
  view-data: 3.395872116088867
