times:
  edit-metadata: 1.4162755087018013
  landing: 0.7099755108356476
  view-data: 3.4411733597517014
