times:
  edit-metadata: 1.4097788259387016
  landing: 0.7408756986260414
  view-data: 3.2993587628006935
