times:
  edit-metadata: 1.384042501449585
  landing: 0.7813671231269836
  view-data: 3.4575157463550568
