times:
  edit-metadata: 1.4907117933034897
  landing: 0.7306313216686249
  view-data: 3.4597146809101105
