times:
  edit-metadata: 2.205119237303734
  landing: 1.235160931944847
  view-data: 3.57253909856081
