times:
  edit-metadata: 1.5541928112506866
  landing: 0.8023788183927536
  view-data: 3.3028964176774025
