times:
  edit-metadata: 2.309239886701107
  landing: 1.5686662793159485
  view-data: 3.7965993881225586
