times:
  edit-metadata: 1.4725495353341103
  landing: 0.774952158331871
  view-data: 3.3395317271351814
