times:
  edit-metadata: 1.3230211734771729
  landing: 0.7795829437673092
  view-data: 4.0152701288461685
