times:
  edit-metadata: 1.4399226754903793
  landing: 0.8910999074578285
  view-data: 3.4622205942869186
