times:
  edit-metadata: 1.3745344951748848
  landing: 0.7226603701710701
  view-data: 3.546143241226673
