times:
  edit-metadata: 1.802514724433422
  landing: 0.9089408814907074
  view-data: 3.38491303473711
