times:
  edit-metadata: 1.4228210598230362
  landing: 0.7191252559423447
  view-data: 3.4536253213882446
