times:
  edit-metadata: 1.7283962108194828
  landing: 0.9062027409672737
  view-data: 3.464528150856495
