times:
  edit-metadata: 1.4581255167722702
  landing: 0.9465240463614464
  view-data: 3.3387639969587326
