times:
  edit-metadata: 1.2904410138726234
  landing: 0.7454168125987053
  view-data: 3.4708161875605583
