times:
  edit-metadata: 1.5525010526180267
  landing: 0.8611737713217735
  view-data: 3.442512661218643
