times:
  edit-metadata: 1.4076322317123413
  landing: 0.7085572108626366
  view-data: 3.4394760727882385
