times:
  edit-metadata: 1.8205877989530563
  landing: 1.08367008715868
  view-data: 3.3289891108870506
