times:
  edit-metadata: 1.5379622802138329
  landing: 0.8430494070053101
  view-data: 3.5477334782481194
