times:
  edit-metadata: 1.4826946780085564
  landing: 0.8099395334720612
  view-data: 3.505112573504448
