times:
  edit-metadata: 1.4330416694283485
  landing: 0.7072427198290825
  view-data: 3.389165885746479
