times:
  edit-metadata: 1.3686709553003311
  landing: 0.7322664484381676
  view-data: 3.4498673155903816
