times:
  edit-metadata: 1.422463446855545
  landing: 0.780700571835041
  view-data: 3.5088703334331512
