times:
  edit-metadata: 1.4342009276151657
  landing: 0.9906153306365013
  view-data: 3.5884768590331078
