times:
  edit-metadata: 1.3368536978960037
  landing: 0.8692456856369972
  view-data: 3.446994625031948
