times:
  edit-metadata: 1.48418390750885
  landing: 0.8309055790305138
  view-data: 3.4068284556269646
