times:
  edit-metadata: 1.444187469780445
  landing: 0.7704494148492813
  view-data: 3.61372247338295
