times:
  edit-metadata: 1.5974268689751625
  landing: 0.9527703002095222
  view-data: 3.3642429932951927
