times:
  edit-metadata: 1.4405872598290443
  landing: 0.8047811165452003
  view-data: 3.478088952600956
