times:
  edit-metadata: 1.4007834941148758
  landing: 0.9105531498789787
  view-data: 3.340419501066208
