times:
  edit-metadata: 1.8762617409229279
  landing: 1.0977290272712708
  view-data: 3.5299393832683563
