times:
  edit-metadata: 1.4076367765665054
  landing: 0.7494577914476395
  view-data: 3.27521875500679
