times:
  edit-metadata: 1.395243987441063
  landing: 0.8860966265201569
  view-data: 3.398124039173126
