times:
  edit-metadata: 1.3812086284160614
  landing: 0.7356353104114532
  view-data: 3.495821751654148
