times:
  edit-metadata: 1.5043848976492882
  landing: 0.6993007883429527
  view-data: 3.5490055456757545
