times:
  edit-metadata: 1.4282029569149017
  landing: 0.7531150057911873
  view-data: 3.277355432510376
