times:
  edit-metadata: 1.4829420372843742
  landing: 0.8451705873012543
  view-data: 3.337655156850815
