times:
  edit-metadata: 1.2355617955327034
  landing: 0.7176072224974632
  view-data: 3.3051535710692406
