times:
  edit-metadata: 1.4969401061534882
  landing: 0.7496779933571815
  view-data: 3.444887086749077
