times:
  edit-metadata: 2.448917031288147
  landing: 1.816087767481804
  view-data: 3.6351034119725227
