times:
  edit-metadata: 1.4979939609766006
  landing: 0.7843488827347755
  view-data: 3.36016745865345
