times:
  edit-metadata: 1.4164496585726738
  landing: 0.7573166936635971
  view-data: 3.5419517382979393
