times:
  edit-metadata: 1.4217184260487556
  landing: 0.7876958698034286
  view-data: 3.5142744928598404
