times:
  edit-metadata: 1.3933527693152428
  landing: 0.8211294561624527
  view-data: 3.510993294417858
