times:
  edit-metadata: 1.4199627339839935
  landing: 0.7362862601876259
  view-data: 3.2733431309461594
