times:
  edit-metadata: 1.814420334994793
  landing: 1.0881793722510338
  view-data: 3.3948116712272167
