times:
  edit-metadata: 1.4310600087046623
  landing: 0.8619166687130928
  view-data: 3.4713753014802933
