times:
  edit-metadata: 1.4383040592074394
  landing: 0.7930053099989891
  view-data: 3.533818244934082
