times:
  edit-metadata: 1.4421452805399895
  landing: 0.7796757146716118
  view-data: 3.482791528105736
