times:
  edit-metadata: 1.7564733251929283
  landing: 0.956549622118473
  view-data: 3.5696470364928246
