times:
  edit-metadata: 1.753232203423977
  landing: 0.7191233038902283
  view-data: 3.4779466912150383
