times:
  edit-metadata: 1.4180714711546898
  landing: 0.7635716423392296
  view-data: 3.4824301302433014
