times:
  edit-metadata: 1.4784586504101753
  landing: 0.8833141177892685
  view-data: 3.288746990263462
