times:
  edit-metadata: 1.536243461072445
  landing: 0.8191134855151176
  view-data: 3.3346100002527237
