times:
  edit-metadata: 2.0778204277157784
  landing: 1.1633458212018013
  view-data: 3.5996531061828136
