times:
  edit-metadata: 1.4638007804751396
  landing: 0.8927904143929482
  view-data: 3.3487535938620567
