times:
  edit-metadata: 1.4771924540400505
  landing: 0.73517806828022
  view-data: 3.482301153242588
