times:
  edit-metadata: 1.3487381264567375
  landing: 0.7377722933888435
  view-data: 3.3281554579734802
