times:
  edit-metadata: 1.8051446713507175
  landing: 1.5897985063493252
  view-data: 3.642607007175684
