times:
  edit-metadata: 1.405093103647232
  landing: 0.7494699284434319
  view-data: 3.2740556746721268
