times:
  edit-metadata: 1.7876333147287369
  landing: 1.0981469303369522
  view-data: 3.455244719982147
