times:
  edit-metadata: 1.462266020476818
  landing: 0.721499290317297
  view-data: 3.2717419303953648
