times:
  edit-metadata: 2.815345350652933
  landing: 1.6419076509773731
  view-data: 3.682981725782156
