times:
  edit-metadata: 1.485788233578205
  landing: 0.7832970805466175
  view-data: 3.3092692233622074
