times:
  edit-metadata: 1.6237320378422737
  landing: 1.8917488157749176
  view-data: 3.4971596635878086
