times:
  edit-metadata: 1.3612016215920448
  landing: 0.7928153946995735
  view-data: 3.3176893778145313
