times:
  edit-metadata: 1.4343949779868126
  landing: 0.9626189768314362
  view-data: 3.441545471549034
