times:
  edit-metadata: 1.529093436896801
  landing: 0.9977521598339081
  view-data: 3.4013878107070923
