times:
  edit-metadata: 1.4499846324324608
  landing: 0.8634790480136871
  view-data: 3.50503808259964
