times:
  edit-metadata: 1.435200311243534
  landing: 0.7774596363306046
  view-data: 3.4018421322107315
