times:
  edit-metadata: 1.4594144001603127
  landing: 0.8216743320226669
  view-data: 3.468993864953518
