times:
  edit-metadata: 1.4512709379196167
  landing: 0.8074095770716667
  view-data: 3.3731020614504814
