times:
  edit-metadata: 1.466913640499115
  landing: 0.8241637274622917
  view-data: 3.3838263265788555
