times:
  edit-metadata: 1.4700324907898903
  landing: 0.8322426825761795
  view-data: 3.5122545659542084
