times:
  edit-metadata: 1.5559460446238518
  landing: 0.9536340460181236
  view-data: 3.4396584033966064
