times:
  edit-metadata: 1.481309399008751
  landing: 0.7665703818202019
  view-data: 3.5032214522361755
