times:
  edit-metadata: 1.415765605866909
  landing: 0.7890258356928825
  view-data: 3.5224839225411415
