times:
  edit-metadata: 1.4917752593755722
  landing: 0.7939683049917221
  view-data: 3.349394492805004
