times:
  edit-metadata: 1.938672974705696
  landing: 1.0847256034612656
  view-data: 3.310691934078932
