times:
  edit-metadata: 1.3631964586675167
  landing: 0.7472618445754051
  view-data: 3.3614809066057205
