times:
  edit-metadata: 1.5450178980827332
  landing: 0.7539804875850677
  view-data: 3.458089731633663
