times:
  edit-metadata: 1.7042300924658775
  landing: 1.3385609611868858
  view-data: 3.527345322072506
