times:
  edit-metadata: 1.4584522657096386
  landing: 0.7670974917709827
  view-data: 3.2912084944546223
