times:
  edit-metadata: 1.4945593476295471
  landing: 0.7967010959982872
  view-data: 3.3360519036650658
