times:
  edit-metadata: 1.4709766209125519
  landing: 0.7821685187518597
  view-data: 3.3853461407124996
