times:
  edit-metadata: 1.5363770201802254
  landing: 0.7703199088573456
  view-data: 3.5147760659456253
