times:
  edit-metadata: 1.4389688223600388
  landing: 0.8084906488656998
  view-data: 3.489952005445957
