times:
  edit-metadata: 1.3719280809164047
  landing: 0.7371715605258942
  view-data: 3.4637152701616287
