times:
  edit-metadata: 1.3778664022684097
  landing: 0.8741869777441025
  view-data: 3.283612869679928
