times:
  edit-metadata: 1.478911317884922
  landing: 0.7811465263366699
  view-data: 3.3938293755054474
