times:
  edit-metadata: 1.5023691058158875
  landing: 0.7659272775053978
  view-data: 3.4412515684962273
