times:
  edit-metadata: 1.4501046538352966
  landing: 0.825134888291359
  view-data: 3.424204647541046
