times:
  edit-metadata: 1.9592579528689384
  landing: 1.2128904312849045
  view-data: 3.613154463469982
