times:
  edit-metadata: 1.5237915962934494
  landing: 0.7355731725692749
  view-data: 3.4993519261479378
