times:
  edit-metadata: 1.483458749949932
  landing: 0.8432569354772568
  view-data: 3.4335674792528152
