times:
  edit-metadata: 1.4006988480687141
  landing: 0.7171068340539932
  view-data: 3.4323519468307495
