times:
  edit-metadata: 1.4486863501369953
  landing: 0.9433429874479771
  view-data: 3.3129433877766132
