times:
  edit-metadata: 1.40016820281744
  landing: 0.7553407922387123
  view-data: 3.5015976801514626
