times:
  edit-metadata: 1.4447449371218681
  landing: 0.9950133189558983
  view-data: 3.4840854108333588
