times:
  edit-metadata: 1.4409366473555565
  landing: 0.7998563051223755
  view-data: 3.518147110939026
