times:
  edit-metadata: 1.5285318084061146
  landing: 0.824773769825697
  view-data: 3.2903763130307198
