times:
  edit-metadata: 2.3918948024511337
  landing: 1.4701777547597885
  view-data: 3.540605239570141
