times:
  edit-metadata: 1.4247913770377636
  landing: 0.8634511940181255
  view-data: 3.6267691180109978
