times:
  edit-metadata: 1.5110276639461517
  landing: 0.9032282903790474
  view-data: 3.290651351213455
