times:
  edit-metadata: 1.4639215543866158
  landing: 0.8420924469828606
  view-data: 3.4821370989084244
