times:
  edit-metadata: 1.5705693401396275
  landing: 0.9264389351010323
  view-data: 3.303859144449234
