times:
  edit-metadata: 1.5313807502388954
  landing: 0.8042864575982094
  view-data: 3.471368223428726
