times:
  edit-metadata: 1.3918811529874802
  landing: 0.8068747594952583
  view-data: 3.424825854599476
