times:
  edit-metadata: 1.4836219251155853
  landing: 0.8076380118727684
  view-data: 3.280707187950611
