times:
  edit-metadata: 1.757889449596405
  landing: 0.8438749760389328
  view-data: 3.325593441724777
