times:
  edit-metadata: 1.5151241272687912
  landing: 0.922225434333086
  view-data: 3.3543060682713985
