times:
  edit-metadata: 1.5875809118151665
  landing: 0.9820929877460003
  view-data: 3.354380566626787
