times:
  edit-metadata: 1.4892583787441254
  landing: 0.8266638368368149
  view-data: 3.4736965224146843
