times:
  edit-metadata: 1.4469145871698856
  landing: 0.8869991824030876
  view-data: 3.3134903460741043
