times:
  edit-metadata: 1.493845671415329
  landing: 0.7153744697570801
  view-data: 3.4506125450134277
