times:
  edit-metadata: 1.4443351551890373
  landing: 0.7972764819860458
  view-data: 3.4594677686691284
