times:
  edit-metadata: 1.4223432578146458
  landing: 0.8454783372581005
  view-data: 3.290862839668989
