times:
  edit-metadata: 1.4646583460271358
  landing: 0.8770767003297806
  view-data: 3.3295541889965534
