times:
  edit-metadata: 1.3724091872572899
  landing: 0.8257546164095402
  view-data: 3.3048119246959686
