times:
  edit-metadata: 1.527846060693264
  landing: 0.8541801385581493
  view-data: 3.31454536691308
