times:
  edit-metadata: 3.0244426876306534
  landing: 2.0232944265007973
  view-data: 3.8417318910360336
