times:
  edit-metadata: 1.3859170749783516
  landing: 0.7341845780611038
  view-data: 3.375365562736988
