times:
  edit-metadata: 1.4807494655251503
  landing: 0.8198203071951866
  view-data: 3.481443166732788
