times:
  edit-metadata: 1.5034557729959488
  landing: 0.9671931341290474
  view-data: 3.520023711025715
