times:
  edit-metadata: 1.5101458206772804
  landing: 0.7878405377268791
  view-data: 3.4040478989481926
