times:
  edit-metadata: 1.4590619020164013
  landing: 0.7975784540176392
  view-data: 3.3356573320925236
