times:
  edit-metadata: 1.4484583400189877
  landing: 1.055825725197792
  view-data: 3.305593851953745
