times:
  edit-metadata: 1.3664252050220966
  landing: 0.8778868615627289
  view-data: 3.366526532918215
