times:
  edit-metadata: 1.520808257162571
  landing: 0.852478988468647
  view-data: 3.446742743253708
