times:
  edit-metadata: 1.4417435824871063
  landing: 0.8189349472522736
  view-data: 3.484405532479286
