times:
  edit-metadata: 1.4595665708184242
  landing: 0.8207542076706886
  view-data: 3.4452421367168427
