times:
  edit-metadata: 1.7011936232447624
  landing: 1.056415744125843
  view-data: 3.374955989420414
