times:
  edit-metadata: 1.7640358284115791
  landing: 0.9050270095467567
  view-data: 3.280979409813881
