times:
  edit-metadata: 1.4591298401355743
  landing: 1.1264900639653206
  view-data: 3.288880493491888
