times:
  edit-metadata: 1.4597943052649498
  landing: 0.8506235368549824
  view-data: 3.436874020844698
