times:
  edit-metadata: 1.369850054383278
  landing: 0.9700841791927814
  view-data: 3.3114574998617172
