times:
  edit-metadata: 1.433448638767004
  landing: 0.797308661043644
  view-data: 3.354687113314867
