times:
  edit-metadata: 1.4152675569057465
  landing: 0.7936217337846756
  view-data: 3.3019454777240753
