times:
  edit-metadata: 1.7453943975269794
  landing: 0.908172320574522
  view-data: 3.397803448140621
