times:
  edit-metadata: 1.44706517085433
  landing: 0.8250426463782787
  view-data: 3.4371154457330704
