times:
  edit-metadata: 1.5181132592260838
  landing: 0.8853876069188118
  view-data: 3.369685661047697
