times:
  edit-metadata: 1.3559576943516731
  landing: 0.760279469192028
  view-data: 3.319199174642563
