times:
  edit-metadata: 1.4411083087325096
  landing: 1.0043155513703823
  view-data: 3.4230221770703793
