times:
  edit-metadata: 1.4860984236001968
  landing: 0.8546793982386589
  view-data: 3.256525993347168
