times:
  edit-metadata: 1.6057665273547173
  landing: 1.1296225264668465
  view-data: 3.373095914721489
