times:
  edit-metadata: 1.8735486343502998
  landing: 1.3173803836107254
  view-data: 3.618865378201008
