times:
  edit-metadata: 1.4872209504246712
  landing: 0.8178813681006432
  view-data: 3.48151932656765
