times:
  edit-metadata: 1.346490390598774
  landing: 0.7911084368824959
  view-data: 3.3130950555205345
