times:
  edit-metadata: 1.4237635508179665
  landing: 0.8874085731804371
  view-data: 3.3204320706427097
