times:
  edit-metadata: 1.4737770184874535
  landing: 0.837668314576149
  view-data: 3.485441006720066
