times:
  edit-metadata: 2.5377823524177074
  landing: 1.4568570367991924
  view-data: 3.421275869011879
