times:
  edit-metadata: 1.588521033525467
  landing: 0.9521225020289421
  view-data: 3.328476496040821
