times:
  edit-metadata: 1.4880687147378922
  landing: 0.9144101738929749
  view-data: 3.5059482231736183
