times:
  edit-metadata: 1.4119530655443668
  landing: 0.8332645930349827
  view-data: 3.3811320550739765
