times:
  edit-metadata: 1.3503598496317863
  landing: 0.7969400249421597
  view-data: 3.305460762232542
