times:
  edit-metadata: 1.4985091984272003
  landing: 0.8005825504660606
  view-data: 3.316477820277214
