times:
  edit-metadata: 1.5936125852167606
  landing: 1.0326080843806267
  view-data: 3.307724468410015
