times:
  edit-metadata: 1.4167225882411003
  landing: 0.8354515358805656
  view-data: 3.5022557377815247
