times:
  edit-metadata: 2.4125034026801586
  landing: 0.8573217056691647
  view-data: 3.3099905028939247
