times:
  edit-metadata: 1.4361925795674324
  landing: 0.8506474867463112
  view-data: 3.397339977324009
