times:
  edit-metadata: 1.7308733575046062
  landing: 1.301812469959259
  view-data: 3.353403951972723
