times:
  edit-metadata: 1.4221677482128143
  landing: 0.7842462807893753
  view-data: 3.367180250585079
