times:
  edit-metadata: 2.0265627652406693
  landing: 1.0806929729878902
  view-data: 3.4362308606505394
