times:
  edit-metadata: 1.4166102334856987
  landing: 0.7738995477557182
  view-data: 3.4713860154151917
