times:
  edit-metadata: 1.495667353272438
  landing: 0.9045162722468376
  view-data: 3.4871513471007347
