times:
  edit-metadata: 1.5068656355142593
  landing: 0.8200913891196251
  view-data: 3.5062292590737343
