times:
  edit-metadata: 1.3804699331521988
  landing: 0.8480515480041504
  view-data: 3.354258693754673
