times:
  edit-metadata: 1.4934599250555038
  landing: 0.8563698157668114
  view-data: 3.29743555188179
