times:
  edit-metadata: 1.4719712138175964
  landing: 0.7892477437853813
  view-data: 3.4537564367055893
