times:
  edit-metadata: 1.5336815565824509
  landing: 0.8410601690411568
  view-data: 3.3586468137800694
