times:
  edit-metadata: 1.4038280546665192
  landing: 0.7436682656407356
  view-data: 3.3914834186434746
