times:
  edit-metadata: 1.3670514076948166
  landing: 0.9694446511566639
  view-data: 3.3025942519307137
