times:
  edit-metadata: 1.4204611964523792
  landing: 0.8204979486763477
  view-data: 3.3570653907954693
