times:
  edit-metadata: 2.026592932641506
  landing: 1.2733665220439434
  view-data: 3.4139590188860893
