times:
  edit-metadata: 2.0370769426226616
  landing: 1.006243035197258
  view-data: 3.400177601724863
