times:
  edit-metadata: 1.503707155585289
  landing: 0.8986622169613838
  view-data: 3.4314901754260063
