times:
  edit-metadata: 1.5171536095440388
  landing: 0.8760365284979343
  view-data: 3.3448210954666138
