times:
  edit-metadata: 1.4989031255245209
  landing: 0.826636016368866
  view-data: 3.519277773797512
