times:
  edit-metadata: 1.347299687564373
  landing: 0.8116351291537285
  view-data: 3.375049665570259
