times:
  edit-metadata: 1.5849505811929703
  landing: 0.9662443622946739
  view-data: 3.32422699034214
