times:
  edit-metadata: 1.3911286890506744
  landing: 0.8124907538294792
  view-data: 3.4469521790742874
