times:
  edit-metadata: 1.3389177173376083
  landing: 0.9702042937278748
  view-data: 3.484178125858307
