times:
  edit-metadata: 1.4007468521595001
  landing: 0.8574555367231369
  view-data: 3.4799771830439568
