times:
  edit-metadata: 1.4361303634941578
  landing: 0.815415546298027
  view-data: 3.3986417800188065
