times:
  edit-metadata: 1.3778489977121353
  landing: 0.8230851516127586
  view-data: 3.3369370847940445
