times:
  edit-metadata: 1.4018571823835373
  landing: 0.9085444658994675
  view-data: 3.381800554692745
