times:
  edit-metadata: 1.36749866604805
  landing: 0.9100083038210869
  view-data: 3.339134629815817
