times:
  edit-metadata: 1.997380055487156
  landing: 1.074645433574915
  view-data: 3.3027678206562996
