times:
  edit-metadata: 1.480904757976532
  landing: 0.8844926543533802
  view-data: 3.30976215749979
