times:
  edit-metadata: 1.5497533082962036
  landing: 0.870868057012558
  view-data: 3.538528360426426
