times:
  edit-metadata: 1.4224704131484032
  landing: 0.7501171827316284
  view-data: 3.4444446936249733
