times:
  edit-metadata: 1.4405751004815102
  landing: 0.8876438438892365
  view-data: 3.436327174305916
