times:
  edit-metadata: 1.5486989319324493
  landing: 1.0090126693248749
  view-data: 3.4493836164474487
