times:
  edit-metadata: 1.5168554745614529
  landing: 0.8545480594038963
  view-data: 3.3222277872264385
