times:
  edit-metadata: 1.4827270172536373
  landing: 0.8183933347463608
  view-data: 3.290978517383337
