times:
  edit-metadata: 1.3848270550370216
  landing: 0.7982930988073349
  view-data: 3.5044423192739487
