times:
  edit-metadata: 1.3943563550710678
  landing: 0.8765098676085472
  view-data: 3.2968582957983017
