times:
  edit-metadata: 1.3591930717229843
  landing: 0.8318568915128708
  view-data: 3.470606006681919
