times:
  edit-metadata: 1.4183170273900032
  landing: 0.8007335141301155
  view-data: 3.4611572697758675
