times:
  edit-metadata: 1.6042465902864933
  landing: 1.5812635980546474
  view-data: 3.4400489181280136
