times:
  edit-metadata: 1.528580728918314
  landing: 0.8450725041329861
  view-data: 3.290185119956732
