times:
  edit-metadata: 1.6369986087083817
  landing: 1.0208282843232155
  view-data: 3.531711295247078
