times:
  edit-metadata: 1.3693701922893524
  landing: 0.8806029632687569
  view-data: 3.3644781336188316
