times:
  edit-metadata: 1.5203576050698757
  landing: 0.8336860127747059
  view-data: 3.3799336142838
