times:
  edit-metadata: 1.5461214929819107
  landing: 0.8156771063804626
  view-data: 3.4398862570524216
