times:
  edit-metadata: 1.3995566815137863
  landing: 0.9855782240629196
  view-data: 3.4589263573288918
