times:
  edit-metadata: 1.469666451215744
  landing: 2.5975110456347466
  view-data: 3.439274676144123
