times:
  edit-metadata: 1.670927345752716
  landing: 0.9592055082321167
  view-data: 3.3382715433835983
