times:
  edit-metadata: 1.4208890460431576
  landing: 0.896146398037672
  view-data: 3.3211970888078213
