times:
  edit-metadata: 2.016101859509945
  landing: 1.3050828278064728
  view-data: 3.5196945518255234
