times:
  edit-metadata: 1.4724042266607285
  landing: 0.7915617078542709
  view-data: 3.4092739671468735
