times:
  edit-metadata: 2.2581755444407463
  landing: 1.3770380765199661
  view-data: 3.5299176275730133
