times:
  edit-metadata: 1.3784144595265388
  landing: 0.7480606585741043
  view-data: 3.419610731303692
