times:
  edit-metadata: 1.4728666245937347
  landing: 0.8995734602212906
  view-data: 3.3066864013671875
