times:
  edit-metadata: 1.3596263229846954
  landing: 0.8021776974201202
  view-data: 3.4697157442569733
