times:
  edit-metadata: 1.462026208639145
  landing: 0.804277591407299
  view-data: 3.283728089183569
