times:
  edit-metadata: 1.6298543363809586
  landing: 0.8655644208192825
  view-data: 3.3760040253400803
