times:
  edit-metadata: 1.422941379249096
  landing: 0.8100153803825378
  view-data: 3.530135303735733
