times:
  edit-metadata: 1.5120818763971329
  landing: 0.9525164663791656
  view-data: 3.331696316599846
