times:
  edit-metadata: 1.3749220110476017
  landing: 0.8310113362967968
  view-data: 3.313585590571165
