times:
  edit-metadata: 1.4642321020364761
  landing: 0.8260220661759377
  view-data: 3.290637582540512
