times:
  edit-metadata: 1.4402473792433739
  landing: 0.8199486881494522
  view-data: 3.4052383974194527
