times:
  edit-metadata: 1.4494875483214855
  landing: 0.8162282928824425
  view-data: 3.3784434534609318
