times:
  edit-metadata: 1.4260500892996788
  landing: 0.7377012148499489
  view-data: 3.506901688873768
