times:
  edit-metadata: 1.3568482026457787
  landing: 0.7750447168946266
  view-data: 3.482146516442299
