times:
  edit-metadata: 1.5461347587406635
  landing: 1.0420869700610638
  view-data: 3.3613047786056995
