times:
  edit-metadata: 1.4920355156064034
  landing: 0.7989406287670135
  view-data: 3.6010099351406097
