times:
  edit-metadata: 1.5431959703564644
  landing: 0.7554815784096718
  view-data: 3.489813953638077
