times:
  edit-metadata: 1.463270615786314
  landing: 0.933002769947052
  view-data: 3.2825334072113037
