times:
  edit-metadata: 1.4967924132943153
  landing: 0.9009279310703278
  view-data: 3.5285470113158226
