times:
  edit-metadata: 2.1801337748765945
  landing: 1.2728542238473892
  view-data: 3.678160384297371
