times:
  edit-metadata: 1.5763110667467117
  landing: 0.7665300369262695
  view-data: 3.3186031505465508
