times:
  edit-metadata: 1.479779690504074
  landing: 0.7803316339850426
  view-data: 3.379274234175682
