times:
  edit-metadata: 1.36874945089221
  landing: 0.8095501586794853
  view-data: 3.2953187227249146
