times:
  edit-metadata: 1.6265162080526352
  landing: 0.9257386177778244
  view-data: 3.3478186056017876
