times:
  edit-metadata: 1.4806975200772285
  landing: 0.8037948459386826
  view-data: 3.4032321721315384
