times:
  edit-metadata: 1.4664853885769844
  landing: 0.8195572160184383
  view-data: 3.2726070694625378
