times:
  edit-metadata: 1.5276616215705872
  landing: 0.8210877105593681
  view-data: 3.407997265458107
