times:
  edit-metadata: 1.3781396001577377
  landing: 0.8402757197618484
  view-data: 3.3614650294184685
