times:
  edit-metadata: 1.525276392698288
  landing: 0.7866558395326138
  view-data: 3.3518635891377926
