times:
  edit-metadata: 1.5477843582630157
  landing: 0.7580387219786644
  view-data: 3.526156947016716
