times:
  edit-metadata: 1.4603015929460526
  landing: 0.7761112824082375
  view-data: 3.523977980017662
