times:
  edit-metadata: 1.46441113576293
  landing: 0.7584024928510189
  view-data: 3.2990272231400013
