times:
  edit-metadata: 1.3932075500488281
  landing: 0.8211358301341534
  view-data: 3.247048541903496
