times:
  edit-metadata: 1.5103639662265778
  landing: 0.7812521606683731
  view-data: 3.409633718430996
