times:
  edit-metadata: 1.5211660638451576
  landing: 0.8064286857843399
  view-data: 3.4967289716005325
