times:
  edit-metadata: 1.407555166631937
  landing: 0.8117295801639557
  view-data: 3.315901957452297
