times:
  edit-metadata: 1.5213139429688454
  landing: 0.9793731123209
  view-data: 3.3865467309951782
