times:
  edit-metadata: 1.4275604709982872
  landing: 0.7793419733643532
  view-data: 3.439942792057991
