times:
  edit-metadata: 1.3951278552412987
  landing: 0.8556777834892273
  view-data: 3.3159250244498253
