times:
  edit-metadata: 1.4841891005635262
  landing: 1.088821455836296
  view-data: 3.467818394303322
