times:
  edit-metadata: 2.011514712125063
  landing: 1.1491993442177773
  view-data: 3.443060740828514
