times:
  edit-metadata: 1.4617232009768486
  landing: 0.7597361765801907
  view-data: 3.336817465722561
