times:
  edit-metadata: 1.5317350290715694
  landing: 0.8373199924826622
  view-data: 3.3211480639874935
