times:
  edit-metadata: 1.6716898791491985
  landing: 0.9407994076609612
  view-data: 3.346426632255316
