times:
  edit-metadata: 1.5240039974451065
  landing: 0.8272050321102142
  view-data: 3.4778877943754196
