times:
  edit-metadata: 1.4899709522724152
  landing: 0.7445556297898293
  view-data: 3.5463773161172867
