times:
  edit-metadata: 1.5801980569958687
  landing: 0.8140693232417107
  view-data: 3.5217021852731705
