times:
  edit-metadata: 1.3918663375079632
  landing: 0.8568547032773495
  view-data: 3.3956830240786076
