times:
  edit-metadata: 1.5097349733114243
  landing: 0.88540193811059
  view-data: 3.369962241500616
