times:
  edit-metadata: 1.409287966787815
  landing: 0.759252168238163
  view-data: 3.2499046064913273
