times:
  edit-metadata: 1.9002526141703129
  landing: 1.0782070383429527
  view-data: 3.309726446866989
