times:
  edit-metadata: 1.459573656320572
  landing: 0.9938659593462944
  view-data: 3.3971662744879723
