times:
  edit-metadata: 1.4824915081262589
  landing: 0.8519674316048622
  view-data: 3.3810496479272842
