times:
  edit-metadata: 1.9902659878134727
  landing: 1.1599333435297012
  view-data: 3.3657974377274513
