times:
  edit-metadata: 1.5763907581567764
  landing: 0.8911892622709274
  view-data: 3.3668010607361794
