times:
  edit-metadata: 1.540148176252842
  landing: 0.8449815884232521
  view-data: 3.348048336803913
