times:
  edit-metadata: 1.5642389729619026
  landing: 0.9457272812724113
  view-data: 3.4600039049983025
