times:
  edit-metadata: 1.520188845694065
  landing: 0.7644677013158798
  view-data: 3.410425305366516
