times:
  edit-metadata: 1.7418578043580055
  landing: 0.8261693306267262
  view-data: 3.2612723372876644
