times:
  edit-metadata: 1.532943032681942
  landing: 0.7894847765564919
  view-data: 3.427028752863407
