times:
  edit-metadata: 1.9882429130375385
  landing: 1.2637593112885952
  view-data: 3.6362434327602386
