times:
  edit-metadata: 1.6823319718241692
  landing: 1.191053956747055
  view-data: 3.305328331887722
