times:
  edit-metadata: 1.5362694561481476
  landing: 0.6967484056949615
  view-data: 3.504726342856884
