times:
  edit-metadata: 1.44022573903203
  landing: 0.7430299073457718
  view-data: 3.343571376055479
