times:
  edit-metadata: 1.4915326237678528
  landing: 0.7725457400083542
  view-data: 3.530353404581547
