times:
  edit-metadata: 1.3859994485974312
  landing: 0.7487539872527122
  view-data: 3.4510727673768997
