times:
  edit-metadata: 1.4213499128818512
  landing: 0.7644259408116341
  view-data: 3.459846116602421
