times:
  edit-metadata: 1.351301148533821
  landing: 0.7876657545566559
  view-data: 3.3096156865358353
