times:
  edit-metadata: 1.466922577470541
  landing: 0.9110283851623535
  view-data: 3.2720441296696663
