times:
  edit-metadata: 1.5835514143109322
  landing: 0.8664024621248245
  view-data: 3.3612490855157375
