times:
  edit-metadata: 1.6277429349720478
  landing: 0.9013580642640591
  view-data: 3.3286196403205395
