times:
  edit-metadata: 1.5295585617423058
  landing: 0.8075501918792725
  view-data: 3.285930022597313
