times:
  edit-metadata: 1.3917451985180378
  landing: 0.8730540722608566
  view-data: 3.411418754607439
