times:
  edit-metadata: 1.4127617329359055
  landing: 0.8289402052760124
  view-data: 3.3090974614024162
