times:
  edit-metadata: 1.5188013315200806
  landing: 0.7389424815773964
  view-data: 3.470157466828823
