times:
  edit-metadata: 1.5384614318609238
  landing: 0.9826591089367867
  view-data: 3.6120700314641
