times:
  edit-metadata: 1.4254668802022934
  landing: 0.7565102800726891
  view-data: 3.5108053013682365
