times:
  edit-metadata: 1.4015606790781021
  landing: 0.7723958417773247
  view-data: 3.523739770054817
