times:
  edit-metadata: 1.8934667222201824
  landing: 1.0755843184888363
  view-data: 3.3091608621180058
