times:
  edit-metadata: 1.4268819764256477
  landing: 0.8119010031223297
  view-data: 3.304925724864006
