times:
  edit-metadata: 1.5533502697944641
  landing: 0.7671248242259026
  view-data: 3.5078084617853165
