times:
  edit-metadata: 1.4416555278003216
  landing: 0.8679610751569271
  view-data: 3.3549883998930454
