times:
  edit-metadata: 1.3572177290916443
  landing: 0.7341651991009712
  view-data: 3.550664186477661
