times:
  edit-metadata: 1.419533345848322
  landing: 0.8574067056179047
  view-data: 3.2937777377665043
