times:
  edit-metadata: 1.5041098594665527
  landing: 0.7429321557283401
  view-data: 3.435846485197544
