times:
  edit-metadata: 1.564690239727497
  landing: 0.8092116788029671
  view-data: 3.5888990834355354
