times:
  edit-metadata: 1.482976421713829
  landing: 0.7871644645929337
  view-data: 3.2722150534391403
