times:
  edit-metadata: 1.465167474001646
  landing: 0.8045069053769112
  view-data: 3.4102525003254414
