times:
  edit-metadata: 2.0248518884181976
  landing: 1.168641109019518
  view-data: 3.36592173948884
