times:
  edit-metadata: 1.561673168092966
  landing: 0.8519709408283234
  view-data: 3.4031842201948166
