times:
  edit-metadata: 1.5279526039958
  landing: 0.8816809840500355
  view-data: 3.2830325588583946
