times:
  edit-metadata: 1.4791643247008324
  landing: 0.7003238499164581
  view-data: 3.3955642208456993
