times:
  edit-metadata: 1.4404594451189041
  landing: 0.7878474220633507
  view-data: 3.4306196868419647
