times:
  edit-metadata: 1.4680863842368126
  landing: 0.7829969450831413
  view-data: 3.318137288093567
