times:
  edit-metadata: 1.4362888261675835
  landing: 0.8503490053117275
  view-data: 3.339640147984028
