times:
  edit-metadata: 1.4986065402626991
  landing: 0.7951406612992287
  view-data: 3.5544753670692444
