times:
  edit-metadata: 1.4814253747463226
  landing: 0.7537898570299149
  view-data: 3.481187604367733
