times:
  edit-metadata: 1.526027139276266
  landing: 0.7866121158003807
  view-data: 3.2759052999317646
