times:
  edit-metadata: 1.5024796947836876
  landing: 0.8134356513619423
  view-data: 3.3399527072906494
