times:
  edit-metadata: 1.454297013580799
  landing: 0.7802913933992386
  view-data: 3.2940987795591354
