times:
  edit-metadata: 1.4976172298192978
  landing: 0.8549261838197708
  view-data: 3.2714657709002495
