times:
  edit-metadata: 1.456901479512453
  landing: 0.9014210551977158
  view-data: 3.349803876131773
