times:
  edit-metadata: 1.5679666362702847
  landing: 0.9512481391429901
  view-data: 3.341940850019455
