times:
  edit-metadata: 1.652356117963791
  landing: 1.0058775171637535
  view-data: 3.397070497274399
