times:
  edit-metadata: 1.7044119089841843
  landing: 0.8212564438581467
  view-data: 3.4755383729934692
