times:
  edit-metadata: 1.9573287069797516
  landing: 0.9671655893325806
  view-data: 3.428576998412609
