times:
  edit-metadata: 1.3651164062321186
  landing: 0.8088527098298073
  view-data: 3.3034418299794197
