times:
  edit-metadata: 1.4527110010385513
  landing: 0.88736692070961
  view-data: 3.329020358622074
