times:
  edit-metadata: 1.5335268750786781
  landing: 0.8320683762431145
  view-data: 3.3014380112290382
