times:
  edit-metadata: 1.408588521182537
  landing: 0.7360777035355568
  view-data: 3.52644494920969
