times:
  edit-metadata: 1.4323370680212975
  landing: 0.8594789206981659
  view-data: 3.4578447937965393
