times:
  edit-metadata: 1.3930167965590954
  landing: 0.8197112046182156
  view-data: 3.3672134578227997
