times:
  edit-metadata: 1.518309012055397
  landing: 0.8486004993319511
  view-data: 3.259266398847103
