times:
  edit-metadata: 1.5860551968216896
  landing: 0.9572986364364624
  view-data: 3.3089903071522713
