times:
  edit-metadata: 1.3741950243711472
  landing: 0.8169750794768333
  view-data: 3.4743715822696686
