times:
  edit-metadata: 1.4835703521966934
  landing: 0.7538110986351967
  view-data: 3.393956556916237
