times:
  edit-metadata: 1.549473337829113
  landing: 0.8785966262221336
  view-data: 3.318598948419094
