times:
  edit-metadata: 1.4490075930953026
  landing: 0.8080491945147514
  view-data: 3.3828139677643776
