times:
  edit-metadata: 2.58129745349288
  landing: 2.4244658276438713
  view-data: 3.4847624264657497
