times:
  edit-metadata: 1.8770799152553082
  landing: 1.1380261778831482
  view-data: 3.3583899550139904
