times:
  edit-metadata: 1.4045668803155422
  landing: 0.795917235314846
  view-data: 3.281831707805395
