times:
  edit-metadata: 1.6257856972515583
  landing: 0.9436981752514839
  view-data: 3.3920030929148197
