times:
  edit-metadata: 1.5434367060661316
  landing: 0.8037441074848175
  view-data: 3.4928380846977234
