times:
  edit-metadata: 1.3814602717757225
  landing: 0.8141249790787697
  view-data: 3.5188659355044365
