times:
  edit-metadata: 1.3823662251234055
  landing: 0.7599387764930725
  view-data: 3.4739882797002792
