times:
  edit-metadata: 2.1960851065814495
  landing: 1.2829024568200111
  view-data: 3.381699226796627
