times:
  edit-metadata: 1.4173801392316818
  landing: 0.7568845152854919
  view-data: 3.4936082139611244
