times:
  edit-metadata: 1.4190784618258476
  landing: 0.7824596986174583
  view-data: 3.3959737569093704
