times:
  edit-metadata: 1.5634290799498558
  landing: 0.8425656035542488
  view-data: 3.5707819536328316
