times:
  edit-metadata: 1.414416864514351
  landing: 0.7913926392793655
  view-data: 3.4632522091269493
