times:
  edit-metadata: 1.4023735076189041
  landing: 0.7958608865737915
  view-data: 3.2457948699593544
