times:
  edit-metadata: 1.4983105212450027
  landing: 0.7533209472894669
  view-data: 3.5734016075730324
