times:
  edit-metadata: 1.5351963639259338
  landing: 0.7694603875279427
  view-data: 3.4041139632463455
