times:
  edit-metadata: 1.4718135744333267
  landing: 0.8459396846592426
  view-data: 3.4166560769081116
