times:
  edit-metadata: 1.4426006898283958
  landing: 0.8216518983244896
  view-data: 3.4749073907732964
