times:
  edit-metadata: 1.4298536777496338
  landing: 0.7974393144249916
  view-data: 3.3357746079564095
