times:
  edit-metadata: 1.4879636988043785
  landing: 0.9607231691479683
  view-data: 3.559216685593128
