times:
  edit-metadata: 1.4749833419919014
  landing: 0.7356076240539551
  view-data: 3.5120840296149254
