times:
  edit-metadata: 1.4500442184507847
  landing: 0.8473145589232445
  view-data: 3.3035882636904716
