times:
  edit-metadata: 1.4799081161618233
  landing: 0.7579855769872665
  view-data: 3.3887340649962425
