times:
  edit-metadata: 1.4033120274543762
  landing: 1.0166644975543022
  view-data: 3.3196157589554787
