times:
  edit-metadata: 1.4682890549302101
  landing: 0.8551696203649044
  view-data: 3.338242769241333
