times:
  edit-metadata: 1.5046986490488052
  landing: 0.7507909685373306
  view-data: 3.4085459262132645
