times:
  edit-metadata: 1.4502099864184856
  landing: 0.835081122815609
  view-data: 3.3727284260094166
