times:
  edit-metadata: 1.5340150222182274
  landing: 1.0595763176679611
  view-data: 3.572296693921089
