times:
  edit-metadata: 1.5818521119654179
  landing: 0.8114175722002983
  view-data: 3.3953864574432373
