times:
  edit-metadata: 1.452021710574627
  landing: 0.8309441581368446
  view-data: 3.495895594358444
