times:
  edit-metadata: 1.392101265490055
  landing: 0.8288918435573578
  view-data: 3.323348842561245
