times:
  edit-metadata: 1.445100761950016
  landing: 0.7798702642321587
  view-data: 3.3786234110593796
