times:
  edit-metadata: 1.5107417926192284
  landing: 0.8833991438150406
  view-data: 3.322915330529213
