times:
  edit-metadata: 1.498767152428627
  landing: 0.8070465996861458
  view-data: 3.3345795273780823
