times:
  edit-metadata: 1.475746989250183
  landing: 0.8707486093044281
  view-data: 3.317827023565769
