times:
  edit-metadata: 1.520422287285328
  landing: 0.880248561501503
  view-data: 3.355089731514454
