times:
  edit-metadata: 1.4750387892127037
  landing: 0.7956051975488663
  view-data: 3.471310116350651
