times:
  edit-metadata: 1.4971157759428024
  landing: 0.7735065743327141
  view-data: 3.264729268848896
