times:
  edit-metadata: 3.511623114347458
  landing: 2.8313288763165474
  view-data: 3.8886339589953423
