times:
  edit-metadata: 1.405105121433735
  landing: 0.7919642403721809
  view-data: 3.356528151780367
