times:
  edit-metadata: 1.4021631330251694
  landing: 0.881391029804945
  view-data: 3.655181650072336
