times:
  edit-metadata: 1.434185929596424
  landing: 0.78951096534729
  view-data: 3.53581340610981
