times:
  edit-metadata: 1.59670040756464
  landing: 0.9136927202343941
  view-data: 3.5467934384942055
