times:
  edit-metadata: 1.7008674964308739
  landing: 1.050305638462305
  view-data: 3.383642341941595
