times:
  edit-metadata: 1.4258566610515118
  landing: 0.8464952297508717
  view-data: 3.2961911410093307
