times:
  edit-metadata: 1.4113721325993538
  landing: 0.7481615319848061
  view-data: 3.5596756115555763
