times:
  edit-metadata: 1.1368276625871658
  landing: 0.83539929240942
  view-data: 3.4780431240797043
