times:
  edit-metadata: 1.4721045941114426
  landing: 0.785282239317894
  view-data: 3.5494402647018433
