times:
  edit-metadata: 1.3352056220173836
  landing: 0.7273744866251945
  view-data: 3.4861133992671967
