times:
  edit-metadata: 1.4394898414611816
  landing: 0.7924503311514854
  view-data: 3.368567742407322
