times:
  edit-metadata: 1.724320761859417
  landing: 1.2036713287234306
  view-data: 3.5042781308293343
