times:
  edit-metadata: 1.477801002562046
  landing: 0.7183499708771706
  view-data: 3.4843945801258087
