times:
  edit-metadata: 1.4087483882904053
  landing: 0.9702812880277634
  view-data: 3.4969625994563103
