times:
  edit-metadata: 1.5030151456594467
  landing: 0.8437325805425644
  view-data: 3.472865864634514
