times:
  edit-metadata: 1.472159281373024
  landing: 0.8256791606545448
  view-data: 3.468895986676216
