times:
  edit-metadata: 1.4897793903946877
  landing: 0.7457927092909813
  view-data: 3.443363733589649
