times:
  edit-metadata: 2.7338116988539696
  landing: 1.5490174666047096
  view-data: 3.605355091392994
