times:
  edit-metadata: 1.406295195221901
  landing: 0.7953630834817886
  view-data: 3.4370383247733116
