times:
  edit-metadata: 1.3890042006969452
  landing: 1.0315810516476631
  view-data: 3.6659250408411026
