times:
  edit-metadata: 1.3706754073500633
  landing: 0.7475144043564796
  view-data: 3.530978262424469
