times:
  edit-metadata: 1.3671781197190285
  landing: 0.9415430277585983
  view-data: 3.563701257109642
