times:
  edit-metadata: 1.393992654979229
  landing: 0.7487151399254799
  view-data: 3.4300878793001175
