times:
  edit-metadata: 1.5190787315368652
  landing: 0.8747811987996101
  view-data: 3.5227926895022392
