times:
  edit-metadata: 1.4241861328482628
  landing: 0.7542799338698387
  view-data: 3.4892042204737663
