times:
  edit-metadata: 1.6753652021288872
  landing: 1.4480365365743637
  view-data: 3.4527778178453445
