times:
  edit-metadata: 1.3693072497844696
  landing: 0.7922773584723473
  view-data: 3.5443777590990067
