times:
  edit-metadata: 1.323552094399929
  landing: 0.7771768867969513
  view-data: 3.544285386800766
