times:
  edit-metadata: 1.5069617107510567
  landing: 0.908189631998539
  view-data: 3.4600266441702843
