times:
  edit-metadata: 1.4797170609235764
  landing: 0.8205687031149864
  view-data: 3.461224280297756
