times:
  edit-metadata: 1.3956036418676376
  landing: 0.8190412595868111
  view-data: 3.356207326054573
