times:
  edit-metadata: 1.5635208636522293
  landing: 0.9259995818138123
  view-data: 3.6613199785351753
