times:
  edit-metadata: 1.5397913455963135
  landing: 0.9480841979384422
  view-data: 3.514193043112755
