times:
  edit-metadata: 1.5248210802674294
  landing: 0.7296869084239006
  view-data: 3.3786244466900826
