times:
  edit-metadata: 1.4205204993486404
  landing: 0.829627089202404
  view-data: 3.5236692875623703
