times:
  edit-metadata: 1.4809574112296104
  landing: 0.7208983153104782
  view-data: 3.498115837574005
