times:
  edit-metadata: 1.5244580805301666
  landing: 0.7719129323959351
  view-data: 3.440727323293686
