times:
  edit-metadata: 1.3355059251189232
  landing: 0.7427093908190727
  view-data: 3.5284533500671387
