times:
  edit-metadata: 1.3850841522216797
  landing: 0.6875409707427025
  view-data: 3.443480744957924
