times:
  edit-metadata: 1.9561709612607956
  landing: 0.9025187715888023
  view-data: 3.606900505721569
