times:
  edit-metadata: 1.4397862926125526
  landing: 0.7919613271951675
  view-data: 3.485090561211109
