times:
  edit-metadata: 1.5263124629855156
  landing: 0.7900253236293793
  view-data: 3.519584082067013
