times:
  edit-metadata: 1.3876606449484825
  landing: 0.8279648795723915
  view-data: 3.493489868938923
