times:
  edit-metadata: 1.3858684077858925
  landing: 0.7735179215669632
  view-data: 3.517819344997406
