times:
  edit-metadata: 1.4072150588035583
  landing: 0.8520562797784805
  view-data: 3.4737601429224014
