times:
  edit-metadata: 1.3731762245297432
  landing: 0.7152919918298721
  view-data: 3.456209734082222
