times:
  edit-metadata: 1.3993496522307396
  landing: 0.8369434773921967
  view-data: 3.4876168966293335
