times:
  edit-metadata: 1.4867388382554054
  landing: 0.8188686966896057
  view-data: 3.4648501574993134
