times:
  edit-metadata: 1.3570065796375275
  landing: 0.7152989953756332
  view-data: 3.5162625834345818
