times:
  edit-metadata: 1.4285212084650993
  landing: 0.8286548927426338
  view-data: 3.472963437438011
