times:
  edit-metadata: 1.3913700059056282
  landing: 0.7534272521734238
  view-data: 3.5217321068048477
