times:
  edit-metadata: 1.474287286400795
  landing: 0.8588067963719368
  view-data: 3.519096724689007
