times:
  edit-metadata: 1.3885424509644508
  landing: 0.7144689857959747
  view-data: 3.5974125415086746
