times:
  edit-metadata: 1.4976732060313225
  landing: 0.8434802070260048
  view-data: 3.502457082271576
