times:
  edit-metadata: 1.4769105911254883
  landing: 0.7817632257938385
  view-data: 3.510454684495926
