times:
  edit-metadata: 1.3063561916351318
  landing: 0.716874934732914
  view-data: 3.472878910601139
