times:
  edit-metadata: 1.4178518280386925
  landing: 0.7924907431006432
  view-data: 3.4833755642175674
