times:
  edit-metadata: 1.3701860010623932
  landing: 0.7489061653614044
  view-data: 3.538168743252754
