times:
  edit-metadata: 1.4289683774113655
  landing: 0.7984192445874214
  view-data: 3.489363193511963
