times:
  edit-metadata: 1.391156293451786
  landing: 0.7228978723287582
  view-data: 3.4027342945337296
