times:
  edit-metadata: 1.1104545071721077
  landing: 0.7528031766414642
  view-data: 3.4988356307148933
