times:
  edit-metadata: 1.353890173137188
  landing: 0.8069064244627953
  view-data: 3.5895257592201233
