times:
  edit-metadata: 1.439172089099884
  landing: 0.695863239467144
  view-data: 3.5555970445275307
