times:
  edit-metadata: 1.5025352388620377
  landing: 0.785108171403408
  view-data: 3.337873123586178
