times:
  edit-metadata: 1.3401027396321297
  landing: 0.9030991718173027
  view-data: 3.412757948040962
