times:
  edit-metadata: 1.445815771818161
  landing: 0.8665620386600494
  view-data: 0.5663960352540016
