times:
  edit-metadata: 1.460644669830799
  landing: 0.7838399708271027
  view-data: 3.5146217346191406
