times:
  edit-metadata: 1.5093637108802795
  landing: 0.8166741877794266
  view-data: 3.493833713233471
