times:
  edit-metadata: 1.4557233080267906
  landing: 0.9092571064829826
  view-data: 0.5001044720411301
