times:
  edit-metadata: 1.4844204485416412
  landing: 0.682642824947834
  view-data: 3.4636682495474815
