times:
  edit-metadata: 1.573783677071333
  landing: 0.8078578822314739
  view-data: 3.3404595479369164
