times:
  edit-metadata: 1.6673424318432808
  landing: 0.8727303594350815
  view-data: 3.559471756219864
