times:
  edit-metadata: 1.5555913746356964
  landing: 0.8690285943448544
  view-data: 3.4287666492164135
