times:
  edit-metadata: 1.5437919348478317
  landing: 0.8100292198359966
  view-data: 3.43514696508646
