times:
  edit-metadata: 1.3978952169418335
  landing: 0.7592255249619484
  view-data: 3.5178847685456276
