times:
  edit-metadata: 1.5175553932785988
  landing: 0.7783694788813591
  view-data: 3.538128323853016
