times:
  edit-metadata: 1.4550158642232418
  landing: 0.8800509497523308
  view-data: 3.277579426765442
