times:
  edit-metadata: 1.4819320738315582
  landing: 0.7169483080506325
  view-data: 3.2717542499303818
