times:
  edit-metadata: 1.5659908652305603
  landing: 0.7664797976613045
  view-data: 3.330066315829754
