times:
  edit-metadata: 1.5164072811603546
  landing: 0.8391851857304573
  view-data: 3.3982659056782722
