times:
  edit-metadata: 1.5054351389408112
  landing: 0.7871149107813835
  view-data: 3.5469919443130493
