times:
  edit-metadata: 1.6921337023377419
  landing: 0.8264105021953583
  view-data: 3.388932444155216
