times:
  edit-metadata: 1.4398977756500244
  landing: 0.7186962962150574
  view-data: 3.4764564484357834
