times:
  edit-metadata: 1.4430694691836834
  landing: 0.8030178844928741
  view-data: 3.3264396339654922
