times:
  edit-metadata: 1.8304992243647575
  landing: 0.8114484697580338
  view-data: 3.308763734996319
