times:
  edit-metadata: 1.3872475326061249
  landing: 0.9045869708061218
  view-data: 3.316633455455303
