times:
  edit-metadata: 1.3495351299643517
  landing: 0.7706386707723141
  view-data: 3.28164167329669
