times:
  edit-metadata: 1.493203692138195
  landing: 0.7504331767559052
  view-data: 3.343608509749174
