times:
  edit-metadata: 1.807795513421297
  landing: 1.049107875674963
  view-data: 3.32118721306324
