times:
  edit-metadata: 1.5402691438794136
  landing: 0.8777593299746513
  view-data: 3.2929540649056435
