times:
  edit-metadata: 1.5012414567172527
  landing: 0.726175133138895
  view-data: 3.2919275760650635
