times:
  edit-metadata: 1.4422408044338226
  landing: 0.8257034197449684
  view-data: 3.2860575765371323
