times:
  edit-metadata: 1.3938713818788528
  landing: 0.7808994650840759
  view-data: 3.296064130961895
