times:
  edit-metadata: 1.5139329805970192
  landing: 0.7189422622323036
  view-data: 3.477457582950592
