times:
  edit-metadata: 1.4071764647960663
  landing: 0.7478499040007591
  view-data: 3.4924026504158974
