times:
  edit-metadata: 1.5452110692858696
  landing: 0.9957219958305359
  view-data: 3.3324154801666737
