times:
  edit-metadata: 1.415969431400299
  landing: 0.8037368506193161
  view-data: 3.5526804476976395
