times:
  edit-metadata: 1.4068181402981281
  landing: 0.72963622584939
  view-data: 3.3246557489037514
