times:
  edit-metadata: 1.5244220346212387
  landing: 0.9188387468457222
  view-data: 3.397628329694271
