times:
  edit-metadata: 1.3653349503874779
  landing: 0.7894748747348785
  view-data: 3.420805536210537
