times:
  edit-metadata: 1.5086421743035316
  landing: 0.8451638966798782
  view-data: 3.4137585684657097
