times:
  edit-metadata: 1.5922096222639084
  landing: 0.747627854347229
  view-data: 3.5201048851013184
