times:
  edit-metadata: 1.8473648689687252
  landing: 1.049910843372345
  view-data: 3.5058631114661694
