times:
  edit-metadata: 1.9304894357919693
  landing: 1.4550325870513916
  view-data: 3.3430559150874615
