times:
  edit-metadata: 1.4597422815859318
  landing: 0.7899673208594322
  view-data: 3.428615730255842
