times:
  edit-metadata: 1.421111449599266
  landing: 0.8129393048584461
  view-data: 3.3554150350391865
