times:
  edit-metadata: 2.230740539729595
  landing: 1.7478496134281158
  view-data: 3.5088260769844055
