times:
  edit-metadata: 1.390851654112339
  landing: 0.7586717903614044
  view-data: 3.477063722908497
