times:
  edit-metadata: 2.1020086854696274
  landing: 1.258645087480545
  view-data: 3.8053510263562202
