times:
  edit-metadata: 1.3777672126889229
  landing: 0.7010135352611542
  view-data: 3.349160358309746
