times:
  edit-metadata: 1.4914118871092796
  landing: 0.8112551495432854
  view-data: 3.307333040982485
