times:
  edit-metadata: 1.3295934274792671
  landing: 0.7005017772316933
  view-data: 3.393800936639309
