times:
  edit-metadata: 1.477422520518303
  landing: 0.6771854236721992
  view-data: 3.4443309381604195
