times:
  edit-metadata: 1.3726495802402496
  landing: 0.7744119539856911
  view-data: 3.3982060253620148
