times:
  edit-metadata: 1.384749136865139
  landing: 0.8271540701389313
  view-data: 3.325292121618986
