times:
  edit-metadata: 1.4064635708928108
  landing: 0.7204252406954765
  view-data: 3.4174312949180603
