times:
  edit-metadata: 1.3979850858449936
  landing: 0.7657099515199661
  view-data: 3.4950417652726173
