times:
  edit-metadata: 1.439568042755127
  landing: 0.8857242725789547
  view-data: 3.2841110415756702
