times:
  edit-metadata: 1.3900275938212872
  landing: 0.8385551758110523
  view-data: 3.335726108402014
