times:
  edit-metadata: 1.4517267346382141
  landing: 0.7648333311080933
  view-data: 3.430291824042797
