times:
  edit-metadata: 1.3461012616753578
  landing: 0.7169083133339882
  view-data: 3.4794560000300407
