times:
  edit-metadata: 1.4954126179218292
  landing: 0.7903058081865311
  view-data: 3.3164840787649155
