times:
  edit-metadata: 1.5342066511511803
  landing: 0.8454754501581192
  view-data: 3.3139434680342674
