times:
  edit-metadata: 1.3689016103744507
  landing: 0.7384184971451759
  view-data: 3.5507906898856163
