times:
  edit-metadata: 1.5945007875561714
  landing: 0.8140802830457687
  view-data: 3.4861306995153427
