times:
  edit-metadata: 1.5682079493999481
  landing: 0.7325341440737247
  view-data: 3.3684958666563034
