times:
  edit-metadata: 1.3757843151688576
  landing: 0.7249612882733345
  view-data: 3.454132504761219
