times:
  edit-metadata: 1.4249747395515442
  landing: 0.7150842547416687
  view-data: 3.4951410070061684
