times:
  edit-metadata: 1.3880369737744331
  landing: 0.8681380748748779
  view-data: 3.445606216788292
