times:
  edit-metadata: 1.3651647679507732
  landing: 0.7920461855828762
  view-data: 3.298491034656763
