times:
  edit-metadata: 1.3538026064634323
  landing: 0.7408011220395565
  view-data: 3.2658219411969185
