times:
  edit-metadata: 1.5497660860419273
  landing: 0.8266081623733044
  view-data: 3.3222851417958736
