times:
  edit-metadata: 1.492700606584549
  landing: 0.9631550461053848
  view-data: 3.286998875439167
