times:
  edit-metadata: 1.423120379447937
  landing: 0.7048204764723778
  view-data: 3.474373012781143
