times:
  edit-metadata: 1.4721587672829628
  landing: 0.7439578399062157
  view-data: 3.3331584110856056
