times:
  edit-metadata: 1.4809723049402237
  landing: 0.8499570712447166
  view-data: 3.357544831931591
