times:
  edit-metadata: 1.4352528676390648
  landing: 0.7404414117336273
  view-data: 3.456781141459942
