times:
  edit-metadata: 1.481459267437458
  landing: 0.9304469302296638
  view-data: 3.5112137123942375
