times:
  edit-metadata: 1.502538025379181
  landing: 1.1873935163021088
  view-data: 3.5655319690704346
