times:
  edit-metadata: 1.4783860705792904
  landing: 0.7284814268350601
  view-data: 3.300739225000143
