times:
  edit-metadata: 1.484623283147812
  landing: 0.8148627728223801
  view-data: 3.4884807616472244
