times:
  edit-metadata: 1.380443550646305
  landing: 0.7736645936965942
  view-data: 3.3797599747776985
