times:
  edit-metadata: 1.3744481690227985
  landing: 0.8269974514842033
  view-data: 3.348734959959984
