times:
  edit-metadata: 1.4504488855600357
  landing: 0.7481822520494461
  view-data: 3.5213673636317253
