times:
  edit-metadata: 1.6024142429232597
  landing: 0.8651979304850101
  view-data: 3.343838855624199
