times:
  edit-metadata: 1.5855920538306236
  landing: 0.7942724414169788
  view-data: 3.3185799680650234
