times:
  edit-metadata: 1.4795440062880516
  landing: 0.7204803228378296
  view-data: 3.4497097805142403
