times:
  edit-metadata: 1.358787901699543
  landing: 0.770604208111763
  view-data: 3.3920172452926636
