times:
  edit-metadata: 1.4863266721367836
  landing: 0.7871822603046894
  view-data: 3.2956846691668034
