times:
  edit-metadata: 1.4997313097119331
  landing: 0.7701874375343323
  view-data: 3.4933527931571007
