times:
  edit-metadata: 1.4030706882476807
  landing: 0.7720567584037781
  view-data: 3.4347915053367615
