times:
  edit-metadata: 1.3623104467988014
  landing: 0.7904983386397362
  view-data: 3.4588480293750763
