times:
  edit-metadata: 1.5644418895244598
  landing: 0.818626556545496
  view-data: 3.3390972316265106
