times:
  edit-metadata: 1.5123611763119698
  landing: 0.6771199554204941
  view-data: 3.4992533549666405
