times:
  edit-metadata: 1.8994052037596703
  landing: 1.224767118692398
  view-data: 3.724323097616434
