times:
  edit-metadata: 1.5565154552459717
  landing: 0.9202964827418327
  view-data: 3.3202372640371323
