times:
  edit-metadata: 1.923649251461029
  landing: 1.1895485743880272
  view-data: 3.3222887068986893
