times:
  edit-metadata: 1.3136755004525185
  landing: 0.6806373819708824
  view-data: 3.453726038336754
