times:
  edit-metadata: 1.450537908822298
  landing: 0.728866670280695
  view-data: 3.272021647542715
