times:
  edit-metadata: 1.4807634204626083
  landing: 0.6981798633933067
  view-data: 3.3118745759129524
