times:
  edit-metadata: 1.4342340007424355
  landing: 0.7768196314573288
  view-data: 3.3213765025138855
