times:
  edit-metadata: 3.2200003266334534
  landing: 1.6096345409750938
  view-data: 3.870066776871681
