times:
  edit-metadata: 1.68311283364892
  landing: 0.8097165189683437
  view-data: 3.3829137980937958
