times:
  edit-metadata: 1.3791793212294579
  landing: 0.8005050159990788
  view-data: 3.3099072836339474
