times:
  edit-metadata: 1.5387513265013695
  landing: 0.7744079753756523
  view-data: 3.477158933877945
