times:
  edit-metadata: 1.4099269658327103
  landing: 0.7811650969088078
  view-data: 3.3067473247647285
