times:
  edit-metadata: 1.4457967877388
  landing: 0.8321135193109512
  view-data: 3.416678987443447
