times:
  edit-metadata: 1.5943806022405624
  landing: 0.7724149003624916
  view-data: 3.5161212384700775
