times:
  edit-metadata: 1.3604790419340134
  landing: 0.798657551407814
  view-data: 3.375410743057728
