times:
  edit-metadata: 1.4531304910779
  landing: 0.7062042132019997
  view-data: 3.4503016099333763
