times:
  edit-metadata: 1.424608524888754
  landing: 0.780244056135416
  view-data: 3.286123413592577
