times:
  edit-metadata: 1.4053213894367218
  landing: 0.7950850389897823
  view-data: 3.3194818384945393
