times:
  edit-metadata: 1.4658759124577045
  landing: 0.7539948038756847
  view-data: 3.257664203643799
