times:
  edit-metadata: 4.306231494992971
  landing: 3.1863567158579826
  view-data: 3.5681070163846016
