times:
  edit-metadata: 1.3484253510832787
  landing: 0.7163039073348045
  view-data: 3.5311081930994987
