times:
  edit-metadata: 1.4023658707737923
  landing: 0.7795234359800816
  view-data: 3.3117995262145996
