times:
  edit-metadata: 1.3530644439160824
  landing: 0.8913501761853695
  view-data: 3.3854486010968685
