times:
  edit-metadata: 1.4409132301807404
  landing: 0.7480287700891495
  view-data: 3.517528623342514
