times:
  edit-metadata: 1.3888605125248432
  landing: 0.8464192412793636
  view-data: 3.3554810881614685
