times:
  edit-metadata: 1.4234427735209465
  landing: 0.7822351008653641
  view-data: 3.585208497941494
