times:
  edit-metadata: 1.5499052740633488
  landing: 0.8569838851690292
  view-data: 3.3313568867743015
