times:
  edit-metadata: 1.3777922466397285
  landing: 0.7831875532865524
  view-data: 3.40212794393301
