times:
  edit-metadata: 2.0648238211870193
  landing: 1.5167260318994522
  view-data: 3.543149098753929
