times:
  edit-metadata: 2.718555264174938
  landing: 1.1297295838594437
  view-data: 3.9720821157097816
