times:
  edit-metadata: 1.4345229715108871
  landing: 0.7610418274998665
  view-data: 3.4833188727498055
