times:
  edit-metadata: 1.4250376969575882
  landing: 0.7924927324056625
  view-data: 3.5272738113999367
