times:
  edit-metadata: 1.55593691021204
  landing: 0.9616035223007202
  view-data: 3.3411593958735466
