times:
  edit-metadata: 1.414757862687111
  landing: 0.7461882531642914
  view-data: 3.491939641535282
