times:
  edit-metadata: 1.3646655455231667
  landing: 0.7738236263394356
  view-data: 3.2517365217208862
