times:
  edit-metadata: 1.3953387513756752
  landing: 0.7980802729725838
  view-data: 3.348831180483103
