times:
  edit-metadata: 1.5258879661560059
  landing: 0.7379918172955513
  view-data: 3.4900118708610535
