times:
  edit-metadata: 1.5349891185760498
  landing: 0.7791695967316628
  view-data: 3.296245366334915
