times:
  edit-metadata: 1.3787000477313995
  landing: 0.7625548765063286
  view-data: 3.3279096111655235
