times:
  edit-metadata: 1.4551251456141472
  landing: 0.7681123465299606
  view-data: 3.2827869281172752
