times:
  edit-metadata: 1.4487029910087585
  landing: 0.7807846665382385
  view-data: 3.3846534863114357
