times:
  edit-metadata: 1.417345866560936
  landing: 0.8366430550813675
  view-data: 3.549836151301861
