times:
  edit-metadata: 1.3683268688619137
  landing: 0.8189471587538719
  view-data: 3.2661036252975464
