times:
  edit-metadata: 1.4033802524209023
  landing: 0.7435881122946739
  view-data: 3.5105904564261436
