times:
  edit-metadata: 1.481131847947836
  landing: 0.7743885405361652
  view-data: 3.329694442451
