times:
  edit-metadata: 1.3880120813846588
  landing: 0.7039313651621342
  view-data: 3.266081430017948
