times:
  edit-metadata: 1.4156087785959244
  landing: 0.8144808262586594
  view-data: 3.596278078854084
