times:
  edit-metadata: 1.612009707838297
  landing: 0.8226962387561798
  view-data: 3.263447504490614
