times:
  edit-metadata: 1.3595454096794128
  landing: 0.7045796737074852
  view-data: 3.5768806859850883
