times:
  edit-metadata: 1.4526365026831627
  landing: 0.7554821521043777
  view-data: 3.2882265523076057
