times:
  edit-metadata: 1.5750279948115349
  landing: 0.8764933869242668
  view-data: 3.385390669107437
