times:
  edit-metadata: 1.4529599472880363
  landing: 0.7622488290071487
  view-data: 3.437694802880287
