times:
  edit-metadata: 1.4606282748281956
  landing: 0.8212441243231297
  view-data: 3.29847901314497
