times:
  edit-metadata: 1.3711427301168442
  landing: 0.8157997131347656
  view-data: 3.491121679544449
