times:
  edit-metadata: 1.4367005601525307
  landing: 0.7535705417394638
  view-data: 3.485469363629818
