times:
  edit-metadata: 1.539307340979576
  landing: 0.8075018003582954
  view-data: 3.5031164959073067
