times:
  edit-metadata: 1.9571399316191673
  landing: 1.0560437105596066
  view-data: 3.3773302249610424
