times:
  edit-metadata: 1.3834724053740501
  landing: 0.7031966671347618
  view-data: 3.3895161747932434
