times:
  edit-metadata: 1.5358267426490784
  landing: 0.7489236742258072
  view-data: 3.530560724437237
