times:
  edit-metadata: 1.4725086092948914
  landing: 0.8147703185677528
  view-data: 3.2961921468377113
