times:
  edit-metadata: 1.9562893509864807
  landing: 0.8433406949043274
  view-data: 3.4907301515340805
