times:
  edit-metadata: 1.696833685040474
  landing: 0.7852301597595215
  view-data: 3.5870683565735817
