times:
  edit-metadata: 1.4449671432375908
  landing: 0.7796174958348274
  view-data: 3.3075846508145332
