times:
  edit-metadata: 1.5256362035870552
  landing: 1.158498965203762
  view-data: 3.5013343542814255
