times:
  edit-metadata: 1.504134751856327
  landing: 0.822596836835146
  view-data: 3.327143106609583
