times:
  edit-metadata: 1.4671693742275238
  landing: 0.9200626686215401
  view-data: 3.502306781709194
