times:
  edit-metadata: 1.4523382596671581
  landing: 0.7622240856289864
  view-data: 3.369389735162258
