times:
  edit-metadata: 2.3292232304811478
  landing: 1.2924423143267632
  view-data: 3.7476112842559814
