times:
  edit-metadata: 1.410411812365055
  landing: 0.8047768175601959
  view-data: 3.5051373690366745
