times:
  edit-metadata: 1.5082223042845726
  landing: 0.8611592836678028
  view-data: 3.353619810193777
