times:
  edit-metadata: 1.4491148367524147
  landing: 0.7094313949346542
  view-data: 3.5311623960733414
