times:
  edit-metadata: 1.5048063099384308
  landing: 0.8175759613513947
  view-data: 3.271879680454731
