times:
  edit-metadata: 2.2716235294938087
  landing: 1.3673715069890022
  view-data: 3.7150883898139
