times:
  edit-metadata: 2.448884904384613
  landing: 1.6268979832530022
  view-data: 3.5463570207357407
