times:
  edit-metadata: 1.5478896126151085
  landing: 0.8598839640617371
  view-data: 3.422291152179241
