times:
  edit-metadata: 2.111391268670559
  landing: 1.2737621292471886
  view-data: 3.659037470817566
