times:
  edit-metadata: 1.8172622397542
  landing: 0.9857046082615852
  view-data: 3.4428627341985703
