times:
  edit-metadata: 1.421405054628849
  landing: 0.7911686785519123
  view-data: 3.2599506191909313
