times:
  edit-metadata: 1.3832442536950111
  landing: 0.8364358469843864
  view-data: 3.3205836825072765
