times:
  edit-metadata: 1.5065900161862373
  landing: 0.944759801030159
  view-data: 3.399262696504593
