times:
  edit-metadata: 1.4360495693981647
  landing: 0.6941017359495163
  view-data: 3.2668045349419117
