times:
  edit-metadata: 1.3636965304613113
  landing: 0.7935407385230064
  view-data: 3.427839830517769
