times:
  edit-metadata: 1.4174854159355164
  landing: 0.7971491515636444
  view-data: 3.320430725812912
