times:
  edit-metadata: 1.3676887229084969
  landing: 0.7529848329722881
  view-data: 3.3192806988954544
