times:
  edit-metadata: 1.403073824942112
  landing: 0.7583909556269646
  view-data: 3.523016057908535
