times:
  edit-metadata: 1.3572616502642632
  landing: 0.7990545332431793
  view-data: 3.477353721857071
