times:
  edit-metadata: 1.8296047523617744
  landing: 1.293995201587677
  view-data: 3.4859570413827896
