times:
  edit-metadata: 1.481158196926117
  landing: 0.8173788003623486
  view-data: 3.364613600075245
