times:
  edit-metadata: 1.6267793513834476
  landing: 0.8785641826689243
  view-data: 3.457530152052641
