times:
  edit-metadata: 1.805109553039074
  landing: 0.9421929195523262
  view-data: 3.3781426548957825
