times:
  edit-metadata: 1.3615652099251747
  landing: 0.8425368741154671
  view-data: 3.432329647243023
