times:
  edit-metadata: 1.5833620578050613
  landing: 0.885526031255722
  view-data: 3.4194264635443687
