times:
  edit-metadata: 1.347983717918396
  landing: 0.6965051293373108
  view-data: 3.45139242708683
