times:
  edit-metadata: 1.3763968273997307
  landing: 0.9446665123105049
  view-data: 3.299016274511814
