times:
  edit-metadata: 1.3790717273950577
  landing: 0.8343337029218674
  view-data: 3.345436755567789
