times:
  edit-metadata: 1.7380794994533062
  landing: 1.0376441925764084
  view-data: 3.330478936433792
