times:
  edit-metadata: 1.4479410573840141
  landing: 0.7825362607836723
  view-data: 3.3140712529420853
