times:
  edit-metadata: 1.4724746122956276
  landing: 0.8781335800886154
  view-data: 3.377856522798538
