times:
  edit-metadata: 1.4859288819134235
  landing: 0.9242149963974953
  view-data: 3.3578528203070164
