times:
  edit-metadata: 1.398760125041008
  landing: 0.7819893695414066
  view-data: 3.280137162655592
