times:
  edit-metadata: 1.349181443452835
  landing: 0.8742154017090797
  view-data: 3.2868549823760986
