times:
  edit-metadata: 1.4011768661439419
  landing: 0.7947114743292332
  view-data: 3.345774609595537
