times:
  edit-metadata: 1.3634731248021126
  landing: 0.8728933557868004
  view-data: 3.4417401775717735
