times:
  edit-metadata: 1.348124198615551
  landing: 0.8051049895584583
  view-data: 3.31047136336565
