times:
  edit-metadata: 1.663043349981308
  landing: 0.8596783131361008
  view-data: 3.5283955335617065
