times:
  edit-metadata: 1.463128287345171
  landing: 0.8094239830970764
  view-data: 3.353944018483162
