times:
  edit-metadata: 1.5195148289203644
  landing: 0.8241025507450104
  view-data: 3.2714123874902725
