times:
  edit-metadata: 1.3572520352900028
  landing: 0.8097669295966625
  view-data: 3.351812619715929
