times:
  edit-metadata: 1.5226870402693748
  landing: 0.8166148066520691
  view-data: 3.3403787687420845
