times:
  edit-metadata: 1.555481992661953
  landing: 1.0556734055280685
  view-data: 3.6065343245863914
