times:
  edit-metadata: 1.3699913546442986
  landing: 0.8239240869879723
  view-data: 3.5821390822529793
