times:
  edit-metadata: 1.365870364010334
  landing: 0.7981757745146751
  view-data: 3.493898168206215
