times:
  edit-metadata: 1.464101992547512
  landing: 0.8270687982439995
  view-data: 3.3175376281142235
