times:
  edit-metadata: 1.6360047459602356
  landing: 0.9082100614905357
  view-data: 3.306632988154888
