times:
  edit-metadata: 1.4124687016010284
  landing: 0.8623331859707832
  view-data: 3.3017691373825073
