times:
  edit-metadata: 1.5305215306580067
  landing: 0.9478839635848999
  view-data: 3.3424242958426476
