times:
  edit-metadata: 1.4821178391575813
  landing: 0.8126244843006134
  view-data: 3.3333101719617844
