times:
  edit-metadata: 1.4627183079719543
  landing: 0.7904071286320686
  view-data: 3.3146961107850075
