times:
  edit-metadata: 1.5503735356032848
  landing: 0.7943106107413769
  view-data: 3.3189570009708405
