times:
  edit-metadata: 1.4015578404068947
  landing: 0.8280455619096756
  view-data: 3.483033835887909
