times:
  edit-metadata: 1.3571126125752926
  landing: 0.8789759427309036
  view-data: 3.344596564769745
