times:
  edit-metadata: 1.4393577873706818
  landing: 0.9004318118095398
  view-data: 3.401880167424679
