times:
  edit-metadata: 1.4264193251729012
  landing: 0.8162268176674843
  view-data: 3.3233824856579304
