times:
  edit-metadata: 1.4515127912163734
  landing: 0.695779338479042
  view-data: 3.516139902174473
