times:
  edit-metadata: 1.3428124226629734
  landing: 0.7484939657151699
  view-data: 3.3164105378091335
