times:
  edit-metadata: 1.4448453485965729
  landing: 0.71061060577631
  view-data: 3.3711309283971786
