times:
  edit-metadata: 1.3886866196990013
  landing: 0.752411238849163
  view-data: 3.306541457772255
