times:
  edit-metadata: 2.199209503829479
  landing: 1.212345339357853
  view-data: 3.368741065263748
