times:
  edit-metadata: 1.6421689838171005
  landing: 0.9853173196315765
  view-data: 3.362072303891182
