times:
  edit-metadata: 1.3537986762821674
  landing: 0.7885113954544067
  view-data: 3.2823771126568317
