times:
  edit-metadata: 1.4834276586771011
  landing: 0.7790034636855125
  view-data: 3.515520356595516
