times:
  edit-metadata: 1.4658452570438385
  landing: 0.8824669122695923
  view-data: 3.4605322405695915
