times:
  edit-metadata: 1.4339298009872437
  landing: 0.7260776683688164
  view-data: 3.530942104756832
