times:
  edit-metadata: 1.4097035303711891
  landing: 0.9621429368853569
  view-data: 3.5410043448209763
