times:
  edit-metadata: 1.3918497934937477
  landing: 0.9400111883878708
  view-data: 3.3821917921304703
