times:
  edit-metadata: 1.4240210130810738
  landing: 0.8218969851732254
  view-data: 3.301505520939827
