times:
  edit-metadata: 1.3858128115534782
  landing: 0.750582367181778
  view-data: 3.5481788590550423
