times:
  edit-metadata: 1.4448981806635857
  landing: 0.6911855265498161
  view-data: 3.4863604828715324
