times:
  edit-metadata: 1.364638015627861
  landing: 0.704109713435173
  view-data: 3.4333894923329353
