times:
  edit-metadata: 1.4537883624434471
  landing: 0.7914199903607368
  view-data: 3.5844791457057
