times:
  edit-metadata: 1.411673255264759
  landing: 0.7088641971349716
  view-data: 3.3742656484246254
