times:
  edit-metadata: 1.5042890459299088
  landing: 0.7379644811153412
  view-data: 3.512766383588314
