times:
  edit-metadata: 2.6230283677577972
  landing: 1.5608068034052849
  view-data: 3.6536673679947853
