times:
  edit-metadata: 1.4644850566983223
  landing: 0.7814659997820854
  view-data: 3.5132489800453186
