times:
  edit-metadata: 1.3429238498210907
  landing: 0.7399546913802624
  view-data: 3.301918461918831
