times:
  edit-metadata: 1.5147872418165207
  landing: 0.6627039536833763
  view-data: 3.5131475999951363
