times:
  edit-metadata: 1.4092849045991898
  landing: 0.716597244143486
  view-data: 3.519798994064331
