times:
  edit-metadata: 1.3988679721951485
  landing: 0.7014454826712608
  view-data: 3.478072375059128
