times:
  edit-metadata: 1.9800849929451942
  landing: 1.086135782301426
  view-data: 3.4699643328785896
