times:
  edit-metadata: 1.4821058735251427
  landing: 0.9317337647080421
  view-data: 3.439571753144264
