times:
  edit-metadata: 1.4967894405126572
  landing: 0.828501395881176
  view-data: 3.2963315844535828
