times:
  edit-metadata: 1.368756227195263
  landing: 0.7590763121843338
  view-data: 3.5467571914196014
