times:
  edit-metadata: 1.3334864750504494
  landing: 0.8168290257453918
  view-data: 3.4346808940172195
