times:
  edit-metadata: 1.3798405714333057
  landing: 0.7838007844984531
  view-data: 3.3488959781825542
