times:
  edit-metadata: 2.133206721395254
  landing: 1.709264438599348
  view-data: 3.46798725053668
