times:
  edit-metadata: 1.3612788617610931
  landing: 0.7668581530451775
  view-data: 3.3947401493787766
