times:
  edit-metadata: 1.4273874424397945
  landing: 0.7997967638075352
  view-data: 3.3411622904241085
