times:
  edit-metadata: 1.4248773120343685
  landing: 0.8354236148297787
  view-data: 3.3178048320114613
