times:
  edit-metadata: 1.3271522745490074
  landing: 0.8682039380073547
  view-data: 3.340796921402216
