times:
  edit-metadata: 1.356103777885437
  landing: 0.7142718732357025
  view-data: 3.5021422654390335
