times:
  edit-metadata: 1.4459316469728947
  landing: 0.7505502328276634
  view-data: 3.345912277698517
