times:
  edit-metadata: 1.4841854944825172
  landing: 0.8357904627919197
  view-data: 3.487188331782818
