times:
  edit-metadata: 1.4675268568098545
  landing: 0.8370607197284698
  view-data: 3.350233156234026
