times:
  edit-metadata: 1.4496888928115368
  landing: 0.7656753398478031
  view-data: 3.2765444703400135
