times:
  edit-metadata: 1.316871628165245
  landing: 0.7214614301919937
  view-data: 3.420531250536442
