times:
  edit-metadata: 1.4176795929670334
  landing: 0.7535203285515308
  view-data: 3.2429132610559464
