times:
  edit-metadata: 1.3634430542588234
  landing: 0.7303173765540123
  view-data: 3.5089304372668266
