times:
  edit-metadata: 1.4909422285854816
  landing: 0.8202479593455791
  view-data: 3.2748296447098255
