times:
  edit-metadata: 1.5637201443314552
  landing: 0.9909290298819542
  view-data: 3.403974674642086
