times:
  edit-metadata: 1.5960304364562035
  landing: 0.9590739980340004
  view-data: 3.3013354539871216
