times:
  edit-metadata: 1.4872683137655258
  landing: 0.9151341617107391
  view-data: 3.5842685028910637
