times:
  edit-metadata: 1.390660099685192
  landing: 0.8453310877084732
  view-data: 3.4565929993987083
