times:
  edit-metadata: 1.551742497831583
  landing: 0.8148822821676731
  view-data: 3.325888726860285
