times:
  edit-metadata: 1.4941945150494576
  landing: 0.7686822339892387
  view-data: 3.3670015186071396
