times:
  edit-metadata: 1.6386818289756775
  landing: 0.8373496606945992
  view-data: 3.3342777006328106
