times:
  edit-metadata: 1.4114556461572647
  landing: 0.7847378812730312
  view-data: 3.3978092037141323
