times:
  edit-metadata: 1.3677370473742485
  landing: 0.6909501999616623
  view-data: 3.457938574254513
