times:
  edit-metadata: 1.3572854772210121
  landing: 0.7708646729588509
  view-data: 3.360277481377125
