times:
  edit-metadata: 1.4759581983089447
  landing: 0.8338429778814316
  view-data: 3.491275332868099
