times:
  edit-metadata: 1.37835543602705
  landing: 0.7030761986970901
  view-data: 3.94047412276268
