times:
  edit-metadata: 1.3878478109836578
  landing: 0.7801574543118477
  view-data: 3.4551106989383698
