times:
  edit-metadata: 1.4916230700910091
  landing: 0.8611432909965515
  view-data: 3.332988206297159
