times:
  edit-metadata: 1.4691049382090569
  landing: 0.8027385473251343
  view-data: 3.3272895514965057
