times:
  edit-metadata: 1.4101722836494446
  landing: 0.8368806317448616
  view-data: 3.4446519911289215
