times:
  edit-metadata: 1.3315872475504875
  landing: 0.7998749241232872
  view-data: 3.5522573217749596
