times:
  edit-metadata: 1.4692941531538963
  landing: 0.7559189572930336
  view-data: 3.311152823269367
