times:
  edit-metadata: 1.6836685165762901
  landing: 0.8926611989736557
  view-data: 3.547260917723179
