times:
  edit-metadata: 1.4402907714247704
  landing: 0.7555571645498276
  view-data: 3.3184801414608955
