times:
  edit-metadata: 1.4438056498765945
  landing: 0.7557829208672047
  view-data: 3.267451584339142
