times:
  edit-metadata: 1.511917032301426
  landing: 0.8220654055476189
  view-data: 3.3051951117813587
