times:
  edit-metadata: 1.3904482424259186
  landing: 0.7710170820355415
  view-data: 3.3115674629807472
