times:
  edit-metadata: 1.4603803381323814
  landing: 0.7470932677388191
  view-data: 3.459798648953438
