times:
  edit-metadata: 1.9047446735203266
  landing: 1.0529186055064201
  view-data: 3.343854136765003
