times:
  edit-metadata: 1.4490287005901337
  landing: 0.9459806568920612
  view-data: 3.3624752797186375
