times:
  edit-metadata: 1.4426376149058342
  landing: 0.8873178735375404
  view-data: 3.285101242363453
