times:
  edit-metadata: 2.236607737839222
  landing: 1.2061214968562126
  view-data: 3.4805182814598083
