times:
  edit-metadata: 1.3519452959299088
  landing: 0.844303622841835
  view-data: 3.4399665370583534
