times:
  edit-metadata: 1.297715712338686
  landing: 0.8354612700641155
  view-data: 3.355892587453127
