times:
  edit-metadata: 1.362621657550335
  landing: 0.7635909169912338
  view-data: 3.5081062093377113
