times:
  edit-metadata: 1.4949465692043304
  landing: 0.7843821123242378
  view-data: 3.5419090762734413
