times:
  edit-metadata: 1.3658025488257408
  landing: 0.8024388179183006
  view-data: 3.481935791671276
