times:
  edit-metadata: 1.4344231635332108
  landing: 0.9085758402943611
  view-data: 3.2855435833334923
