times:
  edit-metadata: 1.512676864862442
  landing: 0.7934105396270752
  view-data: 3.480267181992531
