times:
  edit-metadata: 1.3646830171346664
  landing: 0.8150009214878082
  view-data: 3.487853929400444
