times:
  edit-metadata: 1.4386902749538422
  landing: 0.8681215345859528
  view-data: 3.3819676637649536
