times:
  edit-metadata: 1.7209132015705109
  landing: 0.8398481421172619
  view-data: 3.5262078642845154
