times:
  edit-metadata: 1.420666165649891
  landing: 0.8496042303740978
  view-data: 3.2923046350479126
