times:
  edit-metadata: 1.6204076632857323
  landing: 0.9411301910877228
  view-data: 3.4246555119752884
