times:
  edit-metadata: 1.3993616588413715
  landing: 0.8391252122819424
  view-data: 3.324381712824106
