times:
  edit-metadata: 1.403367541730404
  landing: 0.7340738661587238
  view-data: 3.3191715255379677
