times:
  edit-metadata: 1.3864356391131878
  landing: 0.8762463442981243
  view-data: 3.401006817817688
