times:
  edit-metadata: 1.443143580108881
  landing: 0.9482281543314457
  view-data: 3.361523389816284
