times:
  edit-metadata: 1.4203029200434685
  landing: 0.7978331074118614
  view-data: 3.4888934418559074
