times:
  edit-metadata: 1.420558586716652
  landing: 0.8637567460536957
  view-data: 3.5142948031425476
