times:
  edit-metadata: 1.3890949338674545
  landing: 0.7847509682178497
  view-data: 3.528456427156925
