times:
  edit-metadata: 1.4429564774036407
  landing: 0.7865036725997925
  view-data: 3.489618167281151
