times:
  edit-metadata: 1.4953868761658669
  landing: 0.86824631690979
  view-data: 3.501426987349987
