times:
  edit-metadata: 1.35535254701972
  landing: 0.8182260766625404
  view-data: 3.3846323527395725
