times:
  edit-metadata: 1.4061582759022713
  landing: 0.6921862959861755
  view-data: 3.445506677031517
