times:
  edit-metadata: 1.410920925438404
  landing: 0.7429911121726036
  view-data: 3.3790635988116264
