times:
  edit-metadata: 1.562798984348774
  landing: 0.8913021832704544
  view-data: 3.3821756094694138
