times:
  edit-metadata: 1.482755146920681
  landing: 0.8113281801342964
  view-data: 3.541331358253956
