times:
  edit-metadata: 1.393240287899971
  landing: 0.829155445098877
  view-data: 3.5583308935165405
