times:
  edit-metadata: 1.4856928959488869
  landing: 0.8013299331068993
  view-data: 3.5131497606635094
