times:
  edit-metadata: 1.450312651693821
  landing: 0.7581718564033508
  view-data: 3.4116852432489395
