times:
  edit-metadata: 1.479699894785881
  landing: 0.7705009505152702
  view-data: 3.372114434838295
