times:
  edit-metadata: 1.5180836543440819
  landing: 0.9130288138985634
  view-data: 3.2997518852353096
