times:
  edit-metadata: 1.4567483142018318
  landing: 0.8948627039790154
  view-data: 3.3209129497408867
