times:
  edit-metadata: 1.4310389012098312
  landing: 0.7447242885828018
  view-data: 3.479912281036377
