times:
  edit-metadata: 1.526211142539978
  landing: 0.9778343364596367
  view-data: 3.6361418962478638
