times:
  edit-metadata: 1.4797372296452522
  landing: 0.7606694772839546
  view-data: 3.4508365392684937
