times:
  edit-metadata: 1.4043445065617561
  landing: 0.7526213824748993
  view-data: 3.319463789463043
