times:
  edit-metadata: 1.497758150100708
  landing: 0.7945806086063385
  view-data: 3.4129699990153313
