times:
  edit-metadata: 1.4478728026151657
  landing: 0.782221294939518
  view-data: 3.4687689393758774
