times:
  edit-metadata: 1.46516552567482
  landing: 0.7574036344885826
  view-data: 3.4573046192526817
