times:
  edit-metadata: 1.386509321630001
  landing: 0.8113403618335724
  view-data: 3.4503650963306427
