times:
  edit-metadata: 1.459408089518547
  landing: 0.7661050856113434
  view-data: 3.479340933263302
