times:
  edit-metadata: 1.5949666984379292
  landing: 0.7906293570995331
  view-data: 3.3057108744978905
