times:
  edit-metadata: 1.4974501803517342
  landing: 0.8979918509721756
  view-data: 3.388463504612446
