times:
  edit-metadata: 1.6163930594921112
  landing: 0.830503836274147
  view-data: 3.5002089217305183
