times:
  edit-metadata: 2.2082921862602234
  landing: 1.1128545105457306
  view-data: 3.5835059955716133
