times:
  edit-metadata: 1.4352974370121956
  landing: 0.7032711356878281
  view-data: 3.3777466118335724
