times:
  edit-metadata: 1.483556091785431
  landing: 0.8577544167637825
  view-data: 3.444941483438015
