times:
  edit-metadata: 1.3508927375078201
  landing: 0.7719335034489632
  view-data: 3.4126137420535088
