times:
  edit-metadata: 1.5269566029310226
  landing: 0.784957267343998
  view-data: 3.2971702218055725
