times:
  edit-metadata: 1.3459251523017883
  landing: 0.7174192667007446
  view-data: 3.437023848295212
