times:
  edit-metadata: 1.516239546239376
  landing: 0.9458414018154144
  view-data: 3.5015795901417732
