times:
  edit-metadata: 1.4001253247261047
  landing: 0.7865315526723862
  view-data: 3.4868431836366653
