times:
  edit-metadata: 1.2904020920395851
  landing: 0.7357188612222672
  view-data: 3.3851124942302704
