times:
  edit-metadata: 1.3398742079734802
  landing: 0.7199127748608589
  view-data: 3.3847846016287804
