times:
  edit-metadata: 2.0327396616339684
  landing: 1.03866346180439
  view-data: 3.5072387978434563
