times:
  edit-metadata: 1.4919477626681328
  landing: 0.7807084396481514
  view-data: 3.5280108526349068
