times:
  edit-metadata: 1.4176305532455444
  landing: 0.6898143887519836
  view-data: 3.4649051427841187
