times:
  edit-metadata: 1.415221095085144
  landing: 0.8277449980378151
  view-data: 3.350459463894367
