times:
  edit-metadata: 1.8894018977880478
  landing: 1.2162044867873192
  view-data: 3.4824049323797226
