times:
  edit-metadata: 2.1491756066679955
  landing: 1.1468611359596252
  view-data: 3.4108213037252426
