times:
  edit-metadata: 1.473187804222107
  landing: 0.95924062281847
  view-data: 3.3539642617106438
