times:
  edit-metadata: 1.5374087244272232
  landing: 0.7927553802728653
  view-data: 3.335948161780834
