times:
  edit-metadata: 1.374373510479927
  landing: 0.710976742208004
  view-data: 3.4701958671212196
