times:
  edit-metadata: 1.5077688470482826
  landing: 0.7570983693003654
  view-data: 3.5374414920806885
