times:
  edit-metadata: 1.6781802400946617
  landing: 1.0120003744959831
  view-data: 3.365412101149559
