times:
  edit-metadata: 1.5236618593335152
  landing: 0.8105886727571487
  view-data: 3.5130700767040253
