times:
  edit-metadata: 1.3509418740868568
  landing: 0.7461592331528664
  view-data: 3.4715748578310013
