times:
  edit-metadata: 1.4765561893582344
  landing: 0.8264838457107544
  view-data: 3.5330244824290276
