times:
  edit-metadata: 1.5133843496441841
  landing: 0.7645729929208755
  view-data: 3.2767440751194954
