times:
  edit-metadata: 1.39430283755064
  landing: 0.7459555119276047
  view-data: 3.3940696343779564
