times:
  edit-metadata: 1.3978671804070473
  landing: 0.8322670757770538
  view-data: 3.512626215815544
