times:
  edit-metadata: 1.3834742978215218
  landing: 0.7810758799314499
  view-data: 3.441394381225109
