times:
  edit-metadata: 1.5137436389923096
  landing: 0.8236564919352531
  view-data: 3.344294659793377
