times:
  edit-metadata: 1.415313109755516
  landing: 0.7948237732052803
  view-data: 3.2981981188058853
