times:
  edit-metadata: 1.3961008861660957
  landing: 0.7310124486684799
  view-data: 3.4343185052275658
