times:
  edit-metadata: 1.373852863907814
  landing: 1.0009751915931702
  view-data: 3.454052112996578
