times:
  edit-metadata: 1.3143866136670113
  landing: 0.8807338699698448
  view-data: 3.5126499831676483
