times:
  edit-metadata: 1.6395183764398098
  landing: 0.8913159854710102
  view-data: 3.3653345182538033
