times:
  edit-metadata: 1.3799596205353737
  landing: 0.7858543619513512
  view-data: 3.439396917819977
