times:
  edit-metadata: 1.377765715122223
  landing: 0.7264610528945923
  view-data: 3.554429769515991
