times:
  edit-metadata: 1.539210930466652
  landing: 0.8120549991726875
  view-data: 3.296716343611479
