times:
  edit-metadata: 1.6481949724256992
  landing: 1.0663570426404476
  view-data: 3.332219857722521
