times:
  edit-metadata: 1.6181893646717072
  landing: 0.897221028804779
  view-data: 3.3744620829820633
