times:
  edit-metadata: 1.389029711484909
  landing: 0.670424684882164
  view-data: 3.4503199383616447
