times:
  edit-metadata: 1.605941567569971
  landing: 1.180465143173933
  view-data: 3.2691196016967297
