times:
  edit-metadata: 1.3879553154110909
  landing: 0.7968621850013733
  view-data: 3.2792251110076904
