times:
  edit-metadata: 1.4272951185703278
  landing: 0.8053265884518623
  view-data: 3.411608450114727
