times:
  edit-metadata: 1.4322748929262161
  landing: 0.7179325819015503
  view-data: 3.474266454577446
