times:
  edit-metadata: 1.4449843019247055
  landing: 0.7843891903758049
  view-data: 3.2848346158862114
