times:
  edit-metadata: 1.371540643274784
  landing: 0.7243837937712669
  view-data: 3.257570445537567
