times:
  edit-metadata: 1.3994581252336502
  landing: 0.7754394114017487
  view-data: 3.5162761881947517
