times:
  edit-metadata: 1.4493823125958443
  landing: 0.8424180820584297
  view-data: 3.4769846498966217
