times:
  edit-metadata: 1.3873629868030548
  landing: 0.7902876138687134
  view-data: 3.3287114277482033
