times:
  edit-metadata: 1.3298089057207108
  landing: 0.7903050482273102
  view-data: 3.577626593410969
