times:
  edit-metadata: 1.4499173238873482
  landing: 0.7120764032006264
  view-data: 3.4145247787237167
