times:
  edit-metadata: 1.3688227385282516
  landing: 0.7524342834949493
  view-data: 3.494577534496784
