times:
  edit-metadata: 1.408108301460743
  landing: 0.7457177564501762
  view-data: 3.5075941011309624
