times:
  edit-metadata: 1.4871812909841537
  landing: 0.6822143867611885
  view-data: 3.4859417378902435
