times:
  edit-metadata: 1.4514820650219917
  landing: 0.7809918448328972
  view-data: 3.4611737355589867
