times:
  edit-metadata: 1.591899462044239
  landing: 1.116300031542778
  view-data: 3.675174705684185
