times:
  edit-metadata: 1.4658363536000252
  landing: 0.7476612403988838
  view-data: 3.5314572528004646
