times:
  edit-metadata: 1.3313464298844337
  landing: 0.7737918943166733
  view-data: 3.4860133975744247
