times:
  edit-metadata: 1.5238363295793533
  landing: 0.7360012903809547
  view-data: 3.501107230782509
