times:
  edit-metadata: 1.5665132030844688
  landing: 0.729398600757122
  view-data: 3.47841639816761
