times:
  edit-metadata: 1.4956002607941628
  landing: 0.709507018327713
  view-data: 3.4522953629493713
