times:
  edit-metadata: 1.4591397419571877
  landing: 0.8128273412585258
  view-data: 3.4319781586527824
