times:
  edit-metadata: 1.612574279308319
  landing: 1.04147220402956
  view-data: 3.349197581410408
