times:
  edit-metadata: 1.5325826182961464
  landing: 0.7410482093691826
  view-data: 3.4549353271722794
