times:
  edit-metadata: 1.4367974996566772
  landing: 0.7806073427200317
  view-data: 3.3877137526869774
