times:
  edit-metadata: 3.732739634811878
  landing: 1.616174764931202
  view-data: 3.827110968530178
