times:
  edit-metadata: 1.4448672607541084
  landing: 0.8725266084074974
  view-data: 3.484542153775692
