times:
  edit-metadata: 1.5515321679413319
  landing: 0.9108144044876099
  view-data: 3.404867086559534
