times:
  edit-metadata: 1.3854478299617767
  landing: 0.898948647081852
  view-data: 3.417393311858177
