times:
  edit-metadata: 1.4798367097973824
  landing: 0.8622233271598816
  view-data: 3.388452224433422
