times:
  edit-metadata: 1.4340994879603386
  landing: 0.7885639443993568
  view-data: 3.455775372684002
