times:
  edit-metadata: 1.5564834922552109
  landing: 0.8245104588568211
  view-data: 3.3545094206929207
