times:
  edit-metadata: 1.4403021484613419
  landing: 0.9330114796757698
  view-data: 3.5638512670993805
