times:
  edit-metadata: 1.446525901556015
  landing: 0.7763093486428261
  view-data: 3.4504736214876175
