times:
  edit-metadata: 1.4801115915179253
  landing: 0.7965743690729141
  view-data: 3.5486012622714043
