times:
  edit-metadata: 1.6544210091233253
  landing: 0.8853051364421844
  view-data: 3.396891415119171
