times:
  edit-metadata: 1.4799671024084091
  landing: 0.8338499404489994
  view-data: 3.335572689771652
