times:
  edit-metadata: 1.3792826756834984
  landing: 0.7223269864916801
  view-data: 3.428136885166168
