times:
  edit-metadata: 1.3290938884019852
  landing: 0.8726178929209709
  view-data: 3.2851812541484833
