times:
  edit-metadata: 1.3850308284163475
  landing: 0.8004705309867859
  view-data: 3.4336208030581474
