times:
  edit-metadata: 1.3566112965345383
  landing: 0.7960783317685127
  view-data: 3.5092440247535706
