times:
  edit-metadata: 2.0107394456863403
  landing: 1.2026587277650833
  view-data: 3.686121053993702
