times:
  edit-metadata: 1.4800063520669937
  landing: 0.7421740740537643
  view-data: 3.52500469237566
