times:
  edit-metadata: 1.4256818518042564
  landing: 0.6827428266406059
  view-data: 3.3222741037607193
