times:
  edit-metadata: 1.3852709494531155
  landing: 0.8742464445531368
  view-data: 3.3342699110507965
