times:
  edit-metadata: 1.5124788209795952
  landing: 0.8325948417186737
  view-data: 3.508903257548809
