times:
  edit-metadata: 1.4619803205132484
  landing: 0.7190793231129646
  view-data: 3.482168458402157
