times:
  edit-metadata: 1.59349275380373
  landing: 0.9746207073330879
  view-data: 3.306840941309929
