times:
  edit-metadata: 1.4815553054213524
  landing: 0.9892862811684608
  view-data: 3.4878175258636475
