times:
  edit-metadata: 1.538277082145214
  landing: 0.9406052380800247
  view-data: 3.2969045639038086
