times:
  edit-metadata: 1.4468360990285873
  landing: 1.0542515739798546
  view-data: 3.5389599353075027
