times:
  edit-metadata: 1.4931608736515045
  landing: 0.9429006576538086
  view-data: 3.4674136266112328
