times:
  edit-metadata: 1.5695479400455952
  landing: 0.8111876137554646
  view-data: 3.2709985487163067
