times:
  edit-metadata: 1.6776460260152817
  landing: 0.960147999227047
  view-data: 3.43552315980196
