times:
  edit-metadata: 1.5854840278625488
  landing: 0.880066268146038
  view-data: 3.2806589007377625
