times:
  edit-metadata: 1.4888129532337189
  landing: 0.8095731362700462
  view-data: 3.46643840521574
