times:
  edit-metadata: 1.4022687748074532
  landing: 0.841678611934185
  view-data: 3.449502907693386
