times:
  edit-metadata: 1.510021135210991
  landing: 0.9082810431718826
  view-data: 3.31083957105875
