times:
  edit-metadata: 1.5456607230007648
  landing: 0.9327140748500824
  view-data: 3.285797744989395
