times:
  edit-metadata: 1.4481343999505043
  landing: 0.8545490503311157
  view-data: 3.3225943632423878
