times:
  edit-metadata: 1.3903628140687943
  landing: 0.8558178097009659
  view-data: 3.359889965504408
