times:
  edit-metadata: 1.585215076804161
  landing: 0.9235459566116333
  view-data: 3.448627755045891
