times:
  edit-metadata: 1.3889737874269485
  landing: 0.8746072500944138
  view-data: 3.453861802816391
