times:
  edit-metadata: 2.376398876309395
  landing: 1.060191337019205
  view-data: 3.591771949082613
