times:
  edit-metadata: 2.0824093967676163
  landing: 1.3596133887767792
  view-data: 3.41208728402853
