times:
  edit-metadata: 1.398142471909523
  landing: 0.8241065181791782
  view-data: 3.3493036292493343
