times:
  edit-metadata: 1.4328313916921616
  landing: 0.9862023591995239
  view-data: 3.4925144761800766
