times:
  edit-metadata: 2.111366167664528
  landing: 1.3055608160793781
  view-data: 3.364735420793295
