times:
  edit-metadata: 1.4980023689568043
  landing: 0.9003783762454987
  view-data: 3.3691812343895435
