times:
  edit-metadata: 1.4289014115929604
  landing: 0.8413295224308968
  view-data: 3.304169550538063
