times:
  edit-metadata: 1.4833512976765633
  landing: 0.7325814366340637
  view-data: 3.483722947537899
