times:
  edit-metadata: 1.4203936383128166
  landing: 0.9220370575785637
  view-data: 3.4570167139172554
