times:
  edit-metadata: 1.3681821376085281
  landing: 0.8669151440262794
  view-data: 3.273783355951309
