times:
  edit-metadata: 1.3852850161492825
  landing: 0.887257032096386
  view-data: 3.3820525594055653
