times:
  edit-metadata: 1.4159975051879883
  landing: 0.8822534158825874
  view-data: 3.4261289164423943
