times:
  edit-metadata: 1.9826013259589672
  landing: 2.008099116384983
  view-data: 3.3699020594358444
