times:
  edit-metadata: 1.753855038434267
  landing: 1.3088108599185944
  view-data: 3.3805336244404316
