times:
  edit-metadata: 1.595582902431488
  landing: 0.8544919267296791
  view-data: 3.2804373428225517
