times:
  edit-metadata: 1.5576851144433022
  landing: 0.941505454480648
  view-data: 3.391849659383297
