times:
  edit-metadata: 1.8152181059122086
  landing: 1.4582393504679203
  view-data: 3.342038180679083
