times:
  edit-metadata: 1.4687567129731178
  landing: 0.9127385765314102
  view-data: 3.3367972522974014
