times:
  edit-metadata: 1.3759719133377075
  landing: 0.7802506387233734
  view-data: 3.4990083798766136
