times:
  edit-metadata: 1.456125520169735
  landing: 0.8560293093323708
  view-data: 3.2866636738181114
