times:
  edit-metadata: 1.4281842932105064
  landing: 0.815340731292963
  view-data: 3.4067214392125607
