times:
  edit-metadata: 2.284603074193001
  landing: 1.7261974662542343
  view-data: 3.3483295142650604
