times:
  edit-metadata: 1.38264324888587
  landing: 0.8836800642311573
  view-data: 3.356338821351528
