times:
  edit-metadata: 1.4390980526804924
  landing: 0.9375612586736679
  view-data: 3.479033298790455
