times:
  edit-metadata: 1.4091641157865524
  landing: 0.9297689720988274
  view-data: 3.274391271173954
