times:
  edit-metadata: 1.4801044762134552
  landing: 0.8051172196865082
  view-data: 3.4736669436097145
