times:
  edit-metadata: 1.3929924741387367
  landing: 0.7866553366184235
  view-data: 3.441665083169937
