times:
  edit-metadata: 1.5182820111513138
  landing: 0.9348626956343651
  view-data: 3.300639919936657
