times:
  edit-metadata: 1.4474204033613205
  landing: 0.9839555621147156
  view-data: 3.3125505931675434
