times:
  edit-metadata: 1.791227512061596
  landing: 1.073980163782835
  view-data: 3.3164250776171684
