times:
  edit-metadata: 2.0005684085190296
  landing: 1.3754477240145206
  view-data: 3.6030971482396126
