times:
  edit-metadata: 1.4497003108263016
  landing: 0.9183009192347527
  view-data: 3.3309942334890366
