times:
  edit-metadata: 1.4412489533424377
  landing: 0.7483099922537804
  view-data: 3.348413959145546
