times:
  edit-metadata: 1.5412399023771286
  landing: 0.8684217557311058
  view-data: 3.7206495255231857
