times:
  edit-metadata: 1.4021865278482437
  landing: 0.785372294485569
  view-data: 3.562229387462139
