times:
  edit-metadata: 1.4605763405561447
  landing: 0.8400247916579247
  view-data: 3.346782349050045
