times:
  edit-metadata: 1.592982642352581
  landing: 0.8731868155300617
  view-data: 3.36686372756958
