times:
  edit-metadata: 1.4020647779107094
  landing: 0.8306210488080978
  view-data: 3.414798565208912
