times:
  edit-metadata: 1.5303767621517181
  landing: 0.7555867284536362
  view-data: 3.436575472354889
