times:
  edit-metadata: 1.411233328282833
  landing: 0.760603778064251
  view-data: 3.451372131705284
