times:
  edit-metadata: 1.4955585598945618
  landing: 0.7983925640583038
  view-data: 3.4623755142092705
