times:
  edit-metadata: 1.4349488615989685
  landing: 0.8949376940727234
  view-data: 3.3321243561804295
