times:
  edit-metadata: 1.434841625392437
  landing: 0.7494363933801651
  view-data: 3.4937730357050896
