times:
  edit-metadata: 1.427299302071333
  landing: 0.8665407784283161
  view-data: 3.3385239876806736
