times:
  edit-metadata: 1.466009084135294
  landing: 0.8882146291434765
  view-data: 3.398414582014084
