times:
  edit-metadata: 1.4226225465536118
  landing: 0.9613421559333801
  view-data: 3.457042835652828
