times:
  edit-metadata: 1.4488143995404243
  landing: 0.7827109396457672
  view-data: 3.450605720281601
