times:
  edit-metadata: 1.4520180895924568
  landing: 0.8063304275274277
  view-data: 3.4588698968291283
