times:
  edit-metadata: 1.4627999924123287
  landing: 0.8479959592223167
  view-data: 3.2553468868136406
