times:
  edit-metadata: 1.5615224465727806
  landing: 0.9614127464592457
  view-data: 3.3312362246215343
