times:
  edit-metadata: 3.3537670895457268
  landing: 1.7498728781938553
  view-data: 3.902062326669693
