times:
  edit-metadata: 1.4307416379451752
  landing: 0.9370502382516861
  view-data: 3.431185506284237
