times:
  edit-metadata: 2.1329538002610207
  landing: 1.0368061363697052
  view-data: 3.4999818950891495
