times:
  edit-metadata: 1.4690374955534935
  landing: 0.8565910793840885
  view-data: 3.2700939923524857
