times:
  edit-metadata: 1.4325121641159058
  landing: 0.8184623643755913
  view-data: 3.3141121715307236
