times:
  edit-metadata: 1.4517006129026413
  landing: 0.8264494016766548
  view-data: 3.461163565516472
