times:
  edit-metadata: 1.4296912662684917
  landing: 0.9248980581760406
  view-data: 3.3617321960628033
