times:
  edit-metadata: 1.4193224757909775
  landing: 0.9286840222775936
  view-data: 3.296060997992754
