times:
  edit-metadata: 1.6065022349357605
  landing: 0.9848332554101944
  view-data: 3.4910918921232224
