times:
  edit-metadata: 1.4847896434366703
  landing: 0.8620159812271595
  view-data: 3.3149402923882008
