times:
  edit-metadata: 1.4413247033953667
  landing: 0.9210062101483345
  view-data: 3.2931481301784515
