times:
  edit-metadata: 1.5952643156051636
  landing: 0.833431288599968
  view-data: 3.3518038243055344
