times:
  edit-metadata: 1.4282945692539215
  landing: 0.8119720444083214
  view-data: 3.482822358608246
