times:
  edit-metadata: 1.4211161360144615
  landing: 0.8335630968213081
  view-data: 3.330667570233345
