times:
  edit-metadata: 1.6177386865019798
  landing: 1.0705622844398022
  view-data: 3.309103649109602
