times:
  edit-metadata: 1.4775610640645027
  landing: 0.8632815480232239
  view-data: 3.307244159281254
