times:
  edit-metadata: 1.5234307423233986
  landing: 0.8084245920181274
  view-data: 3.4510254338383675
