times:
  edit-metadata: 1.461283564567566
  landing: 0.7913862690329552
  view-data: 3.343814842402935
