times:
  edit-metadata: 1.4462012611329556
  landing: 0.9260205142199993
  view-data: 3.351178716868162
