times:
  edit-metadata: 1.540012814104557
  landing: 0.8849157020449638
  view-data: 3.4680963307619095
