times:
  edit-metadata: 1.456029660999775
  landing: 0.8091928362846375
  view-data: 3.448244132101536
