times:
  edit-metadata: 1.4499471634626389
  landing: 0.9465555474162102
  view-data: 3.4450361654162407
