times:
  edit-metadata: 1.5023607835173607
  landing: 0.7485215589404106
  view-data: 3.447083428502083
