times:
  edit-metadata: 1.625646911561489
  landing: 0.9883856922388077
  view-data: 3.3424679785966873
