times:
  edit-metadata: 1.385258212685585
  landing: 0.8349780477583408
  view-data: 3.363395467400551
