times:
  edit-metadata: 1.4319059737026691
  landing: 0.8678910955786705
  view-data: 3.369473207741976
