times:
  edit-metadata: 1.5534733310341835
  landing: 0.8640596494078636
  view-data: 3.4053684696555138
