times:
  edit-metadata: 1.3830108940601349
  landing: 0.9014405757188797
  view-data: 3.519222117960453
