times:
  edit-metadata: 1.3818800151348114
  landing: 0.8448884263634682
  view-data: 3.5098888725042343
