times:
  edit-metadata: 1.4085863158106804
  landing: 0.8097877129912376
  view-data: 3.4719793498516083
