times:
  edit-metadata: 1.5310273543000221
  landing: 0.8104946464300156
  view-data: 3.4623716548085213
