times:
  edit-metadata: 2.169056251645088
  landing: 1.3776129707694054
  view-data: 3.564400762319565
