times:
  edit-metadata: 2.523743085563183
  landing: 1.2203990668058395
  view-data: 3.4562132135033607
