times:
  edit-metadata: 1.5619836561381817
  landing: 0.8754870556294918
  view-data: 3.3479111306369305
