times:
  edit-metadata: 1.931926280260086
  landing: 1.2840521223843098
  view-data: 3.392676319926977
