times:
  edit-metadata: 2.5893324315547943
  landing: 1.6331221014261246
  view-data: 3.4282861724495888
