times:
  edit-metadata: 1.4170051850378513
  landing: 0.8217431530356407
  view-data: 3.2585050985217094
