times:
  edit-metadata: 1.4595423191785812
  landing: 0.8014274388551712
  view-data: 3.4938688054680824
