times:
  edit-metadata: 1.4182132631540298
  landing: 0.8445689082145691
  view-data: 3.4867310374975204
