times:
  edit-metadata: 1.5055563300848007
  landing: 0.8267738521099091
  view-data: 3.2810093536973
