times:
  edit-metadata: 1.6252165660262108
  landing: 0.8976960442960262
  view-data: 3.411839332431555
