times:
  edit-metadata: 1.4898856058716774
  landing: 1.037687972187996
  view-data: 3.3671933002769947
