times:
  edit-metadata: 1.4954297840595245
  landing: 0.8746002539992332
  view-data: 3.495867796242237
