times:
  edit-metadata: 1.494642935693264
  landing: 0.9048940539360046
  view-data: 3.2914105132222176
