times:
  edit-metadata: 1.5142029225826263
  landing: 0.7833104282617569
  view-data: 3.4612526074051857
