times:
  edit-metadata: 1.6377916634082794
  landing: 1.339578252285719
  view-data: 3.3649978153407574
