times:
  edit-metadata: 1.3758783116936684
  landing: 0.7257712408900261
  view-data: 3.3743003830313683
