times:
  edit-metadata: 1.5461934208869934
  landing: 0.8084821179509163
  view-data: 3.3674223199486732
