times:
  edit-metadata: 1.4617697969079018
  landing: 0.9467799365520477
  view-data: 3.3183784931898117
