times:
  edit-metadata: 1.7312481328845024
  landing: 1.0052239373326302
  view-data: 3.3668194264173508
