times:
  edit-metadata: 1.4810974076390266
  landing: 0.8033680766820908
  view-data: 3.483432315289974
