times:
  edit-metadata: 1.524394616484642
  landing: 0.997345931828022
  view-data: 3.456373892724514
