times:
  edit-metadata: 1.3811261504888535
  landing: 0.8826973885297775
  view-data: 3.4041004106402397
