times:
  edit-metadata: 1.3546453043818474
  landing: 0.8460632041096687
  view-data: 3.4703132435679436
