times:
  edit-metadata: 1.5581198036670685
  landing: 0.7792573720216751
  view-data: 3.298937536776066
