times:
  edit-metadata: 1.3862499073147774
  landing: 0.8287550285458565
  view-data: 3.365874271839857
