times:
  edit-metadata: 1.4446592703461647
  landing: 0.8310732394456863
  view-data: 3.4861851558089256
