times:
  edit-metadata: 1.4279319606721401
  landing: 0.8761270716786385
  view-data: 3.314338441938162
