times:
  edit-metadata: 1.4322326816618443
  landing: 0.9300516881048679
  view-data: 3.398268587887287
