times:
  edit-metadata: 1.5100733563303947
  landing: 0.8263784199953079
  view-data: 3.4792631343007088
