times:
  edit-metadata: 1.5191149190068245
  landing: 0.847680889070034
  view-data: 3.3231760039925575
