times:
  edit-metadata: 1.451771393418312
  landing: 0.8159385249018669
  view-data: 3.4668442234396935
