times:
  edit-metadata: 1.358990628272295
  landing: 0.9243549890816212
  view-data: 3.2918324135243893
