times:
  edit-metadata: 1.4564633592963219
  landing: 0.8492731936275959
  view-data: 3.3422058410942554
