times:
  edit-metadata: 1.409090269356966
  landing: 0.83845529332757
  view-data: 3.3284178748726845
