times:
  edit-metadata: 1.3983779959380627
  landing: 0.8730680830776691
  view-data: 3.566857624799013
