times:
  edit-metadata: 1.537387803196907
  landing: 0.9125387370586395
  view-data: 3.410841405391693
