times:
  edit-metadata: 1.4317850954830647
  landing: 0.9092860259115696
  view-data: 3.3101774342358112
