times:
  edit-metadata: 1.4078469760715961
  landing: 0.8285040855407715
  view-data: 3.343292698264122
