times:
  edit-metadata: 1.3917639255523682
  landing: 0.8262717686593533
  view-data: 3.4027089178562164
