times:
  edit-metadata: 1.4316446185112
  landing: 0.7228066399693489
  view-data: 3.406392462551594
