times:
  edit-metadata: 1.5274674966931343
  landing: 0.8850665614008904
  view-data: 3.5055065751075745
