times:
  edit-metadata: 1.7525217570364475
  landing: 0.8887959495186806
  view-data: 3.3245543651282787
