times:
  edit-metadata: 1.5408779010176659
  landing: 0.9229998104274273
  view-data: 3.3222906440496445
