times:
  edit-metadata: 1.488856479525566
  landing: 0.7618669122457504
  view-data: 3.4511458575725555
