times:
  edit-metadata: 1.414484728127718
  landing: 0.8581251353025436
  view-data: 3.3181242756545544
