times:
  edit-metadata: 1.4756607711315155
  landing: 0.9646778479218483
  view-data: 3.3044114746153355
