times:
  edit-metadata: 1.721810095012188
  landing: 0.9357240535318851
  view-data: 3.298340864479542
