times:
  edit-metadata: 1.4107614308595657
  landing: 0.8090435042977333
  view-data: 3.36863674223423
