times:
  edit-metadata: 1.522207334637642
  landing: 1.0248215422034264
  view-data: 3.3229184076189995
