times:
  edit-metadata: 0.6619567830348387
  landing: 0.059589984943158925
  view-data: 0.22899181803222746
