times:
  edit-metadata: 0.5082139079459012
  landing: 0.051503808004781604
  view-data: 0.23278664401732385
