times:
  edit-metadata: 0.806576986098662
  landing: 0.0503444061614573
  view-data: 0.1917334881145507
