times:
  edit-metadata: 0.6032051660004072
  landing: 0.05455787503160536
  view-data: 0.21975271997507662
