times:
  edit-metadata: 1.4613830680027604
  landing: 0.7647410607896745
  view-data: 3.361577393952757
