times:
  edit-metadata: 1.296572595834732
  landing: 0.6980392336845398
  view-data: 3.3469190895557404
