times:
  edit-metadata: 0.5715173250064254
  landing: 0.050395612604916096
  view-data: 0.19946813490241766
