times:
  edit-metadata: 1.4353657104074955
  landing: 0.019171228632330894
  view-data: 0.1468015257269144
