times:
  edit-metadata: 0.5412756931036711
  landing: 0.04624724201858044
  view-data: 0.3569427700713277
