times:
  edit-metadata: 1.414196990430355
  landing: 1.119392504915595
  view-data: 3.2740681283175945
