times:
  edit-metadata: 1.4626128654927015
  landing: 0.14935483783483505
  view-data: 0.2078716540709138
