times:
  edit-metadata: 0.5828799279406667
  landing: 0.050660163164138794
  view-data: 0.20933443866670132
