times:
  edit-metadata: 0.577838562996476
  landing: 0.052509125001961365
  view-data: 0.30606460900162347
