times:
  landing: 0.5536901780000107
  view-data: 0.5578504609999868
