times:
  landing: 1.0780833740000162
  view-data: 0.5582487540000329
