times:
  edit-metadata: 1.4061880726367235
  landing: 0.8142104204744101
  view-data: 3.456506909802556
