times:
  edit-metadata: 1.556095827370882
  landing: 0.9166711699217558
  view-data: 3.396859409287572
