times:
  landing: 0.550897501999998
  view-data: 0.05289675699998497
