times:
  edit-metadata: 1.368820995092392
  landing: 0.8774960190057755
  view-data: 3.407753847539425
