times:
  edit-metadata: 1.6197222378104925
  landing: 0.11960244365036488
  view-data: 0.02374117635190487
