times:
  edit-metadata: 0.8732366859912872
  landing: 1.121369844302535
  view-data: 0.63434898853302
