times:
  edit-metadata: 0.5265343410428613
  landing: 0.05172420293092728
  view-data: 0.26676601101644337
