times:
  edit-metadata: 1.6083486881107092
  landing: 1.036587880924344
  view-data: 3.516516650095582
