times:
  edit-metadata: 1.421228315681219
  landing: 0.7296925112605095
  view-data: 3.279665023088455
