times:
  edit-metadata: 1.5110741928219795
  landing: 0.8368264194577932
  view-data: 3.4674759842455387
