times:
  edit-metadata: 1.3658487312495708
  landing: 5.727626366075128
  view-data: 3.2649898333474994
