times:
  edit-metadata: 1.5799006558954716
  landing: 0.019581884145736694
  view-data: 0.22930941358208656
