times:
  landing: 0.5514312450000034
  view-data: 0.5594608460000075
