times:
  landing: 0.5474494739999614
  view-data: 0.5658001840000111
