times:
  edit-metadata: 0.8081059698015451
  landing: 0.520105579867959
  view-data: 0.21413777954876423
