times:
  landing: 1.6613814139273018
  view-data: 0.5571867141406983
