times:
  edit-metadata: 0.5318982820026577
  landing: 0.046101146028377116
  view-data: 0.2392232660204172
