times:
  landing: 1.0724318169999947
  view-data: 0.5593661679999968
