times:
  edit-metadata: 1.486137755215168
  landing: 0.22691363282501698
  view-data: 0.3372064772993326
