times:
  landing: 0.5789898720000224
  view-data: 0.5665110610000283
