times:
  edit-metadata: 0.8319240959826857
  landing: 0.03990906593389809
  view-data: 0.1976381118874997
