times:
  landing: 0.5514197340000351
  view-data: 0.5547229630000174
