times:
  landing: 0.5534407419999638
  view-data: 0.04944534899999553
