times:
  landing: 0.5504426740000099
  view-data: 0.5519491810000545
