times:
  edit-metadata: 0.5571151468902826
  landing: 0.13879592530429363
  view-data: 0.20497144013643265
