times:
  edit-metadata: 0.7953392639756203
  landing: 0.052922531962394714
  view-data: 0.19662878289818764
