times:
  edit-metadata: 1.5022128410637379
  landing: 0.01824881322681904
  view-data: 0.02339534740895033
