times:
  edit-metadata: 0.8737956546247005
  landing: 0.5724970120936632
  view-data: 0.6199943963438272
