times:
  landing: 1.070851048999998
  view-data: 0.5542985469999735
