times:
  edit-metadata: 3.613285716623068
  landing: 0.9401936009526253
  view-data: 3.370290905237198
