times:
  edit-metadata: 1.6234002709388733
  landing: 1.1494289003312588
  view-data: 3.551760606467724
