times:
  edit-metadata: 2.3583426736295223
  landing: 1.1130485609173775
  view-data: 3.653015285730362
