times:
  edit-metadata: 1.34052780456841
  landing: 0.7413590233772993
  view-data: 3.3611684311181307
