times:
  edit-metadata: 0.8485999279655516
  landing: 0.04896035999991
  view-data: 0.19187931809574366
