times:
  edit-metadata: 0.7545180167071521
  landing: 0.040139065124094486
  view-data: 0.18963158316910267
