times:
  landing: 0.6450194380000198
  view-data: 0.5663759820000109
