times:
  edit-metadata: 1.4231346808373928
  landing: 0.8212094865739346
  view-data: 3.267847701907158
