times:
  edit-metadata: 0.5562724880874157
  landing: 0.04251115396618843
  view-data: 0.19922340707853436
