times:
  edit-metadata: 1.4646775117143989
  landing: 0.13127641566097736
  view-data: 0.0988493962213397
