times:
  landing: 0.5501406700000189
  view-data: 0.55537651100002
