times:
  edit-metadata: 1.4947399534285069
  landing: 0.14987919852137566
  view-data: 0.022308082319796085
