times:
  edit-metadata: 0.8210449274629354
  landing: 0.9411383252590895
  view-data: 0.41939342953264713
