times:
  edit-metadata: 0.5757457120344043
  landing: 0.057517862878739834
  view-data: 0.20123708620667458
