times:
  edit-metadata: 1.4747250564396381
  landing: 1.1033859103918076
  view-data: 3.652224726974964
