times:
  edit-metadata: 0.7864746630657464
  landing: 0.04680557607207447
  view-data: 0.19135524600278586
