times:
  edit-metadata: 0.7873097950359806
  landing: 0.044867219985462725
  view-data: 0.1873336669523269
