times:
  edit-metadata: 1.5465032793581486
  landing: 1.0430675521492958
  view-data: 3.3691610284149647
