times:
  edit-metadata: 1.5965023897588253
  landing: 0.022632136940956116
  view-data: 0.027370250783860683
