times:
  edit-metadata: 0.8597086146473885
  landing: 0.6251835040748119
  view-data: 0.3478949088603258
