times:
  landing: 0.5554525930000125
  view-data: 0.5683217419999949
