times:
  edit-metadata: 1.5203294605016708
  landing: 0.80902099609375
  view-data: 3.4015812668949366
