times:
  edit-metadata: 0.5601408490911126
  landing: 0.047722026240080595
  view-data: 0.19807323021814227
