times:
  edit-metadata: 1.4439601711928844
  landing: 0.7889250628650188
  view-data: 3.3803238049149513
