times:
  edit-metadata: 0.5232246299274266
  landing: 0.04393225023522973
  view-data: 0.1866090171970427
