times:
  edit-metadata: 1.90807518735528
  landing: 0.28755336813628674
  view-data: 0.3504267707467079
