times:
  edit-metadata: 0.7425412610173225
  landing: 0.042151672998443246
  view-data: 0.1922181829577312
