times:
  edit-metadata: 0.7974031008780003
  landing: 0.06051192805171013
  view-data: 0.20379741489887238
