times:
  edit-metadata: 1.5531432628631592
  landing: 0.02354622818529606
  view-data: 0.02524997852742672
