times:
  edit-metadata: 0.5299774130107835
  landing: 0.05318202101625502
  view-data: 0.21519802301190794
