times:
  edit-metadata: 1.425246961414814
  landing: 0.8792482502758503
  view-data: 3.3321839161217213
