times:
  edit-metadata: 0.5261002400657162
  landing: 0.050633974955417216
  view-data: 0.22837094101123512
