times:
  edit-metadata: 0.8875138480216265
  landing: 0.5774997603148222
  view-data: 0.3108101338148117
