times:
  edit-metadata: 2.514487215783447
  landing: 1.3517685937695205
  view-data: 3.353139555081725
