times:
  edit-metadata: 0.8016451639123261
  landing: 0.05032465932890773
  view-data: 0.3179383920505643
