times:
  edit-metadata: 0.8080281484872103
  landing: 1.6678702514618635
  view-data: 1.1143762171268463
