times:
  edit-metadata: 0.5170133281499147
  landing: 0.05281565571203828
  view-data: 0.19557686103507876
