times:
  edit-metadata: 1.4128222949802876
  landing: 0.02141200751066208
  view-data: 0.025102855637669563
