times:
  edit-metadata: 1.5019978191703558
  landing: 0.02081735711544752
  view-data: 0.024448441341519356
