times:
  edit-metadata: 1.5533475670963526
  landing: 0.2085096500813961
  view-data: 0.34290569834411144
