times:
  edit-metadata: 2.825901190750301
  landing: 1.919224633835256
  view-data: 3.788906748406589
