times:
  edit-metadata: 1.5545438965782523
  landing: 0.12658511102199554
  view-data: 0.02437026146799326
