times:
  landing: 1.0643596259999981
  view-data: 0.5507430019999902
