times:
  edit-metadata: 0.9118105843663216
  landing: 0.04989021085202694
  view-data: 0.19650974683463573
