times:
  edit-metadata: 0.7369341817684472
  landing: 0.04131963383406401
  view-data: 0.1900897128507495
