times:
  edit-metadata: 0.8439398841001093
  landing: 0.049068675842136145
  view-data: 0.19979355088435113
