times:
  edit-metadata: 1.5216321907937527
  landing: 0.022181009873747826
  view-data: 0.02493738755583763
