times:
  edit-metadata: 0.5804431149736047
  landing: 0.04742167191579938
  view-data: 0.20455218106508255
