times:
  edit-metadata: 0.5298531849985011
  landing: 0.05384489498101175
  view-data: 0.2196814710041508
