times:
  edit-metadata: 0.8107319101691246
  landing: 0.04678155109286308
  view-data: 0.20145612582564354
