times:
  edit-metadata: 1.5412514628842473
  landing: 0.019519956782460213
  view-data: 0.22719454485923052
