times:
  edit-metadata: 0.7852237578481436
  landing: 0.041715529980137944
  view-data: 0.20145585713908076
