times:
  edit-metadata: 0.7309639677405357
  landing: 0.5559391770511866
  view-data: 0.24255159124732018
