times:
  edit-metadata: 1.8633014308288693
  landing: 0.019700215198099613
  view-data: 0.024099964648485184
