times:
  edit-metadata: 0.8482773239957169
  landing: 0.05929831002140418
  view-data: 0.2348550779861398
