times:
  edit-metadata: 0.5290008038282394
  landing: 0.043109760619699955
  view-data: 0.19977732608094811
