times:
  edit-metadata: 1.4958307603374124
  landing: 0.16135078389197588
  view-data: 0.1328447936102748
