times:
  edit-metadata: 1.4989416608586907
  landing: 0.02125417161732912
  view-data: 0.026273246854543686
