times:
  edit-metadata: 0.7855926880001789
  landing: 0.053813342994544655
  view-data: 0.1842400559980888
