times:
  edit-metadata: 1.3853153642266989
  landing: 0.7716207411140203
  view-data: 3.3364395443350077
