times:
  edit-metadata: 0.849178759381175
  landing: 1.0512293316423893
  view-data: 0.29913074150681496
