times:
  edit-metadata: 1.4601534623652697
  landing: 0.1935267634689808
  view-data: 0.1213340200483799
