times:
  edit-metadata: 1.5114035150036216
  landing: 0.01994822546839714
  view-data: 0.025412113405764103
