times:
  edit-metadata: 0.6609602710232139
  landing: 0.07549882074818015
  view-data: 0.2089657890610397
