times:
  edit-metadata: 1.3043112680315971
  landing: 0.8000708092004061
  view-data: 0.694609958678484
