times:
  edit-metadata: 1.5221436955034733
  landing: 0.026190293952822685
  view-data: 0.15163678862154484
