times:
  edit-metadata: 0.8582482803612947
  landing: 0.8053306043148041
  view-data: 0.19704371131956577
