times:
  edit-metadata: 0.5428812401369214
  landing: 0.049462004099041224
  view-data: 0.2750095659866929
