times:
  edit-metadata: 0.780429077000008
  landing: 0.04188209000858478
  view-data: 0.19554534000053536
