times:
  edit-metadata: 1.5213282722979784
  landing: 0.020349327474832535
  view-data: 0.2704879492521286
