times:
  edit-metadata: 1.3101892340928316
  landing: 0.7256572898477316
  view-data: 3.3546024952083826
