times:
  edit-metadata: 1.4259107895195484
  landing: 0.8827436305582523
  view-data: 3.3209628835320473
