times:
  landing: 2.235591685399413
  view-data: 0.590620631352067
