times:
  edit-metadata: 0.6106022179883439
  landing: 0.060977957997238263
  view-data: 0.3706490109907463
