times:
  edit-metadata: 0.7871188200078905
  landing: 0.04339974402682856
  view-data: 0.18931344203883782
