times:
  edit-metadata: 0.9436235800385475
  landing: 1.0886879619210958
  view-data: 0.5872268117964268
