times:
  edit-metadata: 2.0288214813917875
  landing: 1.3569875434041023
  view-data: 3.523842541500926
