times:
  edit-metadata: 1.544137703254819
  landing: 0.019434547051787376
  view-data: 0.22568172588944435
