times:
  landing: 0.5510554030000208
  view-data: 0.5567927960000247
