times:
  edit-metadata: 1.4814417846500874
  landing: 0.8655116558074951
  view-data: 3.4219769835472107
