times:
  edit-metadata: 1.5782323405146599
  landing: 0.8592605777084827
  view-data: 3.383809581398964
