times:
  edit-metadata: 1.4917553821578622
  landing: 0.0187047328799963
  view-data: 0.1400637375190854
