times:
  landing: 1.1317627160000256
  view-data: 0.5568850829999974
