times:
  edit-metadata: 0.7208371292799711
  landing: 0.6026985999196768
  view-data: 0.21242843568325043
