times:
  edit-metadata: 1.4888662323355675
  landing: 0.01967012882232666
  view-data: 0.022576411254704
