times:
  edit-metadata: 1.4836064223200083
  landing: 0.1201510988175869
  view-data: 0.12283335439860821
