times:
  edit-metadata: 1.3580468059517443
  landing: 0.7622066962067038
  view-data: 3.290143667953089
