times:
  edit-metadata: 1.4679005518555641
  landing: 0.9127888847142458
  view-data: 3.3869688156992197
