times:
  edit-metadata: 1.4510764963924885
  landing: 0.7043351009488106
  view-data: 3.3329176045954227
