times:
  edit-metadata: 1.5594248920679092
  landing: 0.22409451566636562
  view-data: 0.1657544132322073
