times:
  edit-metadata: 0.7748680380173028
  landing: 0.049102343851700425
  view-data: 0.1809683060273528
