times:
  edit-metadata: 0.7037075239932165
  landing: 0.06959262298187241
  view-data: 0.3341566670278553
