times:
  edit-metadata: 0.8515873029828072
  landing: 0.5791725814342499
  view-data: 0.6102076172828674
