times:
  edit-metadata: 1.3732273764908314
  landing: 0.7652056701481342
  view-data: 3.2526024729013443
