times:
  edit-metadata: 0.5419863420538604
  landing: 0.05510331178084016
  view-data: 0.1874202210456133
