times:
  landing: 1.0723942789999796
  view-data: 0.5628241000000003
