times:
  edit-metadata: 1.9245731234550476
  landing: 0.4280924666672945
  view-data: 0.4245181754231453
