times:
  edit-metadata: 0.5832004426047206
  landing: 0.044275215826928616
  view-data: 0.21430974639952183
