times:
  edit-metadata: 0.5117230541072786
  landing: 0.048433428164571524
  view-data: 0.2558969077654183
