times:
  edit-metadata: 1.2828891379758716
  landing: 0.7889131493866444
  view-data: 3.346364532597363
