times:
  edit-metadata: 0.5365006532520056
  landing: 0.046696271281689405
  view-data: 0.19482201524078846
