times:
  edit-metadata: 1.6344737187027931
  landing: 1.1214930899441242
  view-data: 3.3652107790112495
