times:
  edit-metadata: 0.981099609984085
  landing: 0.06558866403065622
  view-data: 0.22066794196143746
