times:
  edit-metadata: 0.7840224876999855
  landing: 0.052188046276569366
  view-data: 0.19199447706341743
