times:
  edit-metadata: 0.7602495140163228
  landing: 0.04913005500566214
  view-data: 0.19717560498975217
