times:
  edit-metadata: 0.795851961011067
  landing: 0.045458302018232644
  view-data: 0.328797972004395
