times:
  edit-metadata: 0.5166836506687105
  landing: 0.05623016878962517
  view-data: 0.1991878254339099
