times:
  landing: 1.073091618000035
  view-data: 0.5613087940000128
