times:
  edit-metadata: 1.7306473851203918
  landing: 1.0246253125369549
  view-data: 3.3151501566171646
