times:
  landing: 0.5487246029999824
  view-data: 0.5946064130000082
