times:
  edit-metadata: 0.7827893369831145
  landing: 0.04796200687997043
  view-data: 0.19222688279114664
