times:
  landing: 0.553862037999977
  view-data: 0.555852361999996
