times:
  edit-metadata: 1.467196213081479
  landing: 0.16766285616904497
  view-data: 0.022115266881883144
