times:
  edit-metadata: 0.829719603061676
  landing: 0.6085223369300365
  view-data: 0.30365356616675854
