times:
  edit-metadata: 0.7923005789052695
  landing: 0.0510704789776355
  view-data: 0.19479866698384285
