times:
  edit-metadata: 0.5873478697612882
  landing: 0.04759489605203271
  view-data: 0.21011673379689455
