times:
  landing: 0.5784888219999971
  view-data: 0.5521852749999994
