times:
  edit-metadata: 1.5450846459716558
  landing: 0.1303948638960719
  view-data: 0.10278122872114182
