times:
  edit-metadata: 1.607938002794981
  landing: 0.242213174700737
  view-data: 0.20561048202216625
