times:
  edit-metadata: 1.6448625950142741
  landing: 0.813039961270988
  view-data: 3.3216656940057874
