times:
  landing: 1.06313772499999
  view-data: 0.553814090000003
