times:
  edit-metadata: 1.5032251877710223
  landing: 0.02000807598233223
  view-data: 0.42314219009131193
