times:
  edit-metadata: 1.521474146284163
  landing: 0.12472924590110779
  view-data: 0.02577117830514908
