times:
  edit-metadata: 1.451545575633645
  landing: 0.12416146229952574
  view-data: 0.1448995526880026
