times:
  edit-metadata: 0.5377712780609727
  landing: 0.043539730831980705
  view-data: 0.1916440799832344
