times:
  edit-metadata: 0.7723221099877264
  landing: 0.04960492500686087
  view-data: 0.1939899470016826
