times:
  edit-metadata: 0.8632493875920773
  landing: 0.9385964721441269
  view-data: 0.18460584990680218
