times:
  landing: 0.5488344709999637
  view-data: 0.5573996279999847
