times:
  edit-metadata: 0.7960036150179803
  landing: 0.05169181525707245
  view-data: 0.19229270797222853
