times:
  edit-metadata: 0.555376447737217
  landing: 0.045612859074026346
  view-data: 0.20336784794926643
