times:
  edit-metadata: 0.5320436921902001
  landing: 0.057040350046008825
  view-data: 0.4677450330927968
