times:
  edit-metadata: 0.550105013884604
  landing: 0.05261719971895218
  view-data: 0.20911565609276295
