times:
  edit-metadata: 0.5840712301433086
  landing: 0.041700123343616724
  view-data: 0.204092965926975
