times:
  landing: 1.5979710560000058
  view-data: 0.558975007000015
