times:
  edit-metadata: 1.4716173449996859
  landing: 0.958707035984844
  view-data: 3.367408205056563
