times:
  edit-metadata: 1.387413043063134
  landing: 0.14713805099017918
  view-data: 0.26437455392442644
