times:
  landing: 0.5495724509999604
  view-data: 0.5480863330000147
