times:
  edit-metadata: 1.6603992711752653
  landing: 0.019556578248739243
  view-data: 0.1362532153725624
