times:
  edit-metadata: 0.8306992310099304
  landing: 0.05561913829296827
  view-data: 0.1981988218612969
