times:
  edit-metadata: 0.5536980321630836
  landing: 0.04136287234723568
  view-data: 0.20461561437696218
