times:
  edit-metadata: 0.8322307989001274
  landing: 0.05269550532102585
  view-data: 0.19108740612864494
