times:
  edit-metadata: 2.2964673154056072
  landing: 1.5509302951395512
  view-data: 3.2899079360067844
