times:
  edit-metadata: 0.5747550079977373
  landing: 0.04423796400078572
  view-data: 0.2083776859944919
