times:
  landing: 1.0749907419999545
  view-data: 0.5557109760000003
