times:
  edit-metadata: 1.8432818874716759
  landing: 1.1452983915805817
  view-data: 3.536356892436743
