times:
  edit-metadata: 0.8883433230221272
  landing: 0.6628537345677614
  view-data: 0.18725807406008244
