times:
  edit-metadata: 1.4010754339396954
  landing: 1.3688333183526993
  view-data: 3.3436127565801144
