times:
  edit-metadata: 2.1042654663324356
  landing: 1.3758944943547249
  view-data: 3.4724257215857506
