times:
  edit-metadata: 0.5268056569620967
  landing: 0.05416677100583911
  view-data: 0.2164276831317693
