times:
  edit-metadata: 1.4680398218333721
  landing: 0.8511093594133854
  view-data: 3.318033419549465
