times:
  edit-metadata: 1.5069395378232002
  landing: 0.14720640238374472
  view-data: 0.023529093712568283
