times:
  edit-metadata: 0.8185527548193932
  landing: 0.057272810488939285
  view-data: 0.19001175835728645
