times:
  edit-metadata: 2.7548698810860515
  landing: 1.5991762857884169
  view-data: 3.749652444384992
