times:
  edit-metadata: 0.7862084601074457
  landing: 0.04353760974481702
  view-data: 0.19177774991840124
