times:
  edit-metadata: 0.7499474859796464
  landing: 0.041479155886918306
  view-data: 0.191078067291528
