times:
  edit-metadata: 0.5522505370900035
  landing: 0.044033877551555634
  view-data: 0.214656138792634
