times:
  edit-metadata: 0.8359684497117996
  landing: 0.056374795734882355
  view-data: 0.21352846175432205
