times:
  edit-metadata: 1.3340045092627406
  landing: 0.8272004928439856
  view-data: 3.3554535140283406
