times:
  landing: 0.5665801760001159
  view-data: 0.5578771129999041
