times:
  edit-metadata: 1.4565218314528465
  landing: 1.1952211111783981
  view-data: 3.344028566032648
