times:
  landing: 0.5496090879999826
  view-data: 0.553235457999989
