times:
  edit-metadata: 0.8281782604753971
  landing: 0.8917761854827404
  view-data: 0.4123207349330187
