times:
  edit-metadata: 1.5200406406074762
  landing: 0.023950163275003433
  view-data: 0.02467181906104088
