times:
  edit-metadata: 1.5236281100660563
  landing: 0.11321551911532879
  view-data: 0.10223720967769623
