times:
  edit-metadata: 1.7392162643373013
  landing: 0.18578947521746159
  view-data: 0.5059807002544403
