times:
  edit-metadata: 1.4834012873470783
  landing: 0.14330298267304897
  view-data: 0.3367906752973795
