times:
  edit-metadata: 1.4976945873349905
  landing: 0.8955690264701843
  view-data: 3.3255490139126778
