times:
  edit-metadata: 1.5270279571413994
  landing: 1.0760041680186987
  view-data: 3.7436952777206898
