times:
  edit-metadata: 0.5329006020911038
  landing: 0.04582349490374327
  view-data: 0.21624131291173398
