times:
  edit-metadata: 1.3810353931039572
  landing: 0.774987168610096
  view-data: 3.3715115636587143
