times:
  landing: 0.5659107020000249
  view-data: 0.055832019999996874
