times:
  edit-metadata: 0.8485887292772532
  landing: 0.052129387855529785
  view-data: 0.20306877978146076
