times:
  landing: 1.0701279809999846
  view-data: 0.5537542249999774
