times:
  edit-metadata: 0.5322530780103989
  landing: 0.050744344014674425
  view-data: 0.2494764180155471
