times:
  landing: 0.5394721879999906
  view-data: 0.5405674019999935
