times:
  landing: 1.0691621670000586
  view-data: 0.5601999119999164
