times:
  edit-metadata: 1.5467386916279793
  landing: 0.022410782054066658
  view-data: 0.02578885667026043
