times:
  edit-metadata: 0.5468609496019781
  landing: 0.04821535712108016
  view-data: 0.1958357091061771
