times:
  edit-metadata: 1.4977747732773423
  landing: 0.7960045142099261
  view-data: 3.5748813608661294
