times:
  edit-metadata: 1.437826169654727
  landing: 0.9038361143320799
  view-data: 3.382508927024901
