times:
  edit-metadata: 1.9322528429329395
  landing: 1.1461462751030922
  view-data: 3.4122928269207478
