times:
  landing: 0.5412348430000975
  view-data: 0.5480450300000257
