times:
  edit-metadata: 1.4828513516113162
  landing: 0.019524456933140755
  view-data: 0.09848195966333151
