times:
  edit-metadata: 1.424035470932722
  landing: 0.8881781361997128
  view-data: 3.3984888456761837
