times:
  landing: 1.0877035170000227
  view-data: 0.5590956570000003
