times:
  landing: 0.5548197250000158
  view-data: 0.5539712190000046
