times:
  edit-metadata: 1.4125163899734616
  landing: 0.8798579107969999
  view-data: 3.3375529274344444
