times:
  landing: 1.5940267849999827
  view-data: 0.6063552889999642
