times:
  edit-metadata: 1.4996495097875595
  landing: 1.0038323551416397
  view-data: 3.4290878996253014
