times:
  edit-metadata: 1.5249366573989391
  landing: 0.928567610681057
  view-data: 3.3450383581221104
