times:
  edit-metadata: 1.5815735775977373
  landing: 0.16986214742064476
  view-data: 0.02708381973206997
