times:
  edit-metadata: 0.5602349168621004
  landing: 0.04487820668146014
  view-data: 0.21298211999237537
