times:
  edit-metadata: 0.9223368000239134
  landing: 0.6564880516380072
  view-data: 0.18893907591700554
