times:
  edit-metadata: 1.7194989528506994
  landing: 0.1892972979694605
  view-data: 0.026506129652261734
