times:
  landing: 0.5503632680000692
  view-data: 0.553481586000089
