times:
  edit-metadata: 1.4056300211232156
  landing: 0.8240958908572793
  view-data: 3.420940011041239
