times:
  edit-metadata: 1.37852181494236
  landing: 0.8537185154855251
  view-data: 3.318227920681238
