times:
  edit-metadata: 1.3783145360648632
  landing: 1.1161646880209446
  view-data: 3.3599363900721073
