times:
  edit-metadata: 1.4606178030371666
  landing: 0.7595930863171816
  view-data: 3.3370688688009977
