times:
  edit-metadata: 0.5254874448291957
  landing: 0.05595960095524788
  view-data: 0.23636164516210556
