times:
  landing: 1.0705664719999959
  view-data: 0.5672200820000057
