times:
  edit-metadata: 0.533588538877666
  landing: 0.0521411350928247
  view-data: 0.21991667710244656
