times:
  edit-metadata: 1.350827258080244
  landing: 1.0690932013094425
  view-data: 3.3604151383042336
