times:
  edit-metadata: 1.5266772909089923
  landing: 0.01930773165076971
  view-data: 0.128316480666399
