times:
  edit-metadata: 0.7767290025949478
  landing: 0.527791665866971
  view-data: 0.3055247329175472
