times:
  edit-metadata: 1.837873037904501
  landing: 1.358864951878786
  view-data: 3.484578438103199
