times:
  edit-metadata: 1.7123003129381686
  landing: 0.7953760880045593
  view-data: 3.3967416058294475
