times:
  edit-metadata: 0.8157207034528255
  landing: 0.04683014377951622
  view-data: 0.19695471972227097
