times:
  landing: 0.5437471689999995
  view-data: 0.5451420849999806
