times:
  landing: 1.1055787669999972
  view-data: 0.566775027999995
