times:
  edit-metadata: 0.8215404786169529
  landing: 1.0979612302035093
  view-data: 0.594602370634675
