times:
  edit-metadata: 2.05010474845767
  landing: 1.2564857108518481
  view-data: 3.8311141738668084
