times:
  edit-metadata: 0.5899076168425381
  landing: 0.04753853101283312
  view-data: 0.22062983782961965
