times:
  edit-metadata: 0.7984261910896748
  landing: 0.044308466953225434
  view-data: 0.19286471605300903
