times:
  edit-metadata: 1.507346582133323
  landing: 1.1253181281499565
  view-data: 3.2743801090400666
