times:
  edit-metadata: 1.9928885586559772
  landing: 1.2183758895844221
  view-data: 3.7249629870057106
