times:
  edit-metadata: 0.8212071321904659
  landing: 0.04513189196586609
  view-data: 0.20696238055825233
