times:
  edit-metadata: 1.4314903197810054
  landing: 0.7762598125264049
  view-data: 3.2948726564645767
