times:
  edit-metadata: 1.3650978356599808
  landing: 0.8650123532861471
  view-data: 3.343916032463312
