times:
  edit-metadata: 1.01189633901231
  landing: 0.07812274689786136
  view-data: 0.24584027100354433
