times:
  edit-metadata: 0.6440702199470252
  landing: 0.07466233399463817
  view-data: 0.24925477401120588
