times:
  landing: 0.5620472659999791
  view-data: 0.5753906369999982
