times:
  edit-metadata: 2.125308755785227
  landing: 1.2005394995212555
  view-data: 3.5231176018714905
