times:
  edit-metadata: 1.6407053032889962
  landing: 0.8085623346269131
  view-data: 3.3450860269367695
