times:
  edit-metadata: 0.7466426864266396
  landing: 0.4886136669665575
  view-data: 0.19283019937574863
