times:
  edit-metadata: 1.5761160254478455
  landing: 0.8627350814640522
  view-data: 3.3155992701649666
