times:
  edit-metadata: 0.5142742926254869
  landing: 0.046434604562819004
  view-data: 0.19129299093037844
