times:
  edit-metadata: 0.78857525694184
  landing: 0.0627816531341523
  view-data: 0.18951716809533536
