times:
  edit-metadata: 0.5411307418253273
  landing: 0.047815714962780476
  view-data: 0.23134125210344791
