times:
  edit-metadata: 1.3946189694106579
  landing: 0.8330988995730877
  view-data: 3.297762230038643
