times:
  edit-metadata: 1.5016482109203935
  landing: 0.17567873373627663
  view-data: 0.026531247422099113
