times:
  edit-metadata: 1.3213374745100737
  landing: 0.8348650690168142
  view-data: 3.6163367852568626
