times:
  edit-metadata: 1.4788291901350021
  landing: 0.1300347652286291
  view-data: 0.125399524345994
