times:
  edit-metadata: 0.565020670183003
  landing: 0.04776599816977978
  view-data: 0.19261401472613215
