times:
  edit-metadata: 0.512847957899794
  landing: 0.052589938044548035
  view-data: 0.35149551811628044
