times:
  edit-metadata: 0.6106652589514852
  landing: 0.042001881171017885
  view-data: 0.3883929792791605
