times:
  edit-metadata: 0.8354949317872524
  landing: 0.050808269530534744
  view-data: 0.1896359995007515
