times:
  edit-metadata: 1.4897207096219063
  landing: 0.01919512078166008
  view-data: 0.026259498670697212
