times:
  edit-metadata: 1.4175398014485836
  landing: 1.1246369630098343
  view-data: 3.35729444026947
