times:
  landing: 0.5469016979999992
  view-data: 0.559373297999997
