times:
  edit-metadata: 1.491302251815796
  landing: 0.9741046577692032
  view-data: 3.299168437719345
