times:
  edit-metadata: 0.8566844761371613
  landing: 0.7222530040889978
  view-data: 0.32076818123459816
