times:
  edit-metadata: 0.5267176651395857
  landing: 0.04365705605596304
  view-data: 0.20607791002839804
