times:
  edit-metadata: 0.6181777021847665
  landing: 0.04839317873120308
  view-data: 0.27687692223116755
