times:
  edit-metadata: 0.824472650885582
  landing: 0.05375131964683533
  view-data: 0.19137731939554214
