times:
  edit-metadata: 0.5309878970001591
  landing: 0.06088503099454101
  view-data: 0.2168116560060298
