times:
  edit-metadata: 2.098708465695381
  landing: 1.1211123764514923
  view-data: 3.4194035809487104
