times:
  landing: 0.5577706209999747
  view-data: 0.5633973600000104
