times:
  edit-metadata: 1.4551084358245134
  landing: 0.2054744604974985
  view-data: 0.10126767493784428
