times:
  landing: 0.5519449720000011
  view-data: 0.5583966070000201
