times:
  edit-metadata: 0.7928662919439375
  landing: 0.04909479198977351
  view-data: 0.19448781898245215
