times:
  edit-metadata: 0.5568708530627191
  landing: 0.0499651231803
  view-data: 0.19968196097761393
