times:
  edit-metadata: 0.7551571170333773
  landing: 0.04290373099502176
  view-data: 0.19503672397695482
