times:
  edit-metadata: 1.402521938085556
  landing: 0.845801068469882
  view-data: 3.318341199308634
