times:
  edit-metadata: 1.4552271701395512
  landing: 0.8467241637408733
  view-data: 3.4403687678277493
