times:
  edit-metadata: 1.9232809282839298
  landing: 1.2719540819525719
  view-data: 3.533905193209648
