times:
  landing: 1.0721759790003489
  view-data: 0.556130714999199
