times:
  edit-metadata: 0.5586739210411906
  landing: 0.04422479635104537
  view-data: 0.21201264671981335
