times:
  edit-metadata: 1.9957130588591099
  landing: 1.1379030961543322
  view-data: 3.512133538722992
