times:
  edit-metadata: 1.078209849074483
  landing: 0.58281185105443
  view-data: 0.33722641505301
