times:
  edit-metadata: 1.464096742682159
  landing: 0.020612006075680256
  view-data: 0.4794884882867336
