times:
  edit-metadata: 1.4815692882984877
  landing: 0.019446146674454212
  view-data: 0.13753600884228945
