times:
  edit-metadata: 0.8208100111223757
  landing: 0.03986781695857644
  view-data: 0.18913902016356587
