times:
  landing: 1.0724113520000174
  view-data: 0.5553238960000044
