times:
  edit-metadata: 0.8220712915062904
  landing: 0.39856824465095997
  view-data: 0.20282171107828617
