times:
  edit-metadata: 0.7619836591184139
  landing: 0.03917830577120185
  view-data: 0.28382267290726304
