times:
  landing: 0.549728277000014
  view-data: 0.558843617000008
