times:
  edit-metadata: 1.3440490630455315
  landing: 1.2172026289626956
  view-data: 3.2961301549803466
