times:
  edit-metadata: 1.8389319106936455
  landing: 1.4382098279893398
  view-data: 3.4375591166317463
