times:
  edit-metadata: 1.4652044381946325
  landing: 0.1378664504736662
  view-data: 0.022778593935072422
