times:
  edit-metadata: 0.7418597779469565
  landing: 0.04419515805784613
  view-data: 0.19454701093491167
