times:
  edit-metadata: 1.4826607406139374
  landing: 0.21901396103203297
  view-data: 0.3462049625813961
