times:
  edit-metadata: 1.5250471085309982
  landing: 0.021645214408636093
  view-data: 0.023155134171247482
