times:
  edit-metadata: 0.5326763992197812
  landing: 0.055153701920062304
  view-data: 0.18718993989750743
