times:
  landing: 0.5502738889999819
  view-data: 0.5548649549999993
