times:
  landing: 0.5527001089999999
  view-data: 0.555484201000013
