times:
  edit-metadata: 0.5410816799849272
  landing: 0.0459903609007597
  view-data: 0.21138227172195911
