times:
  edit-metadata: 2.019335424527526
  landing: 0.019934900104999542
  view-data: 0.3762488588690758
