times:
  edit-metadata: 1.4712644442915916
  landing: 0.14051975309848785
  view-data: 0.09835227020084858
