times:
  edit-metadata: 0.5601892119739205
  landing: 0.049248595954850316
  view-data: 0.24966071802191436
