times:
  edit-metadata: 0.913859274238348
  landing: 0.6925572939217091
  view-data: 0.2014609482139349
