times:
  edit-metadata: 1.9295378606766462
  landing: 0.2984380591660738
  view-data: 0.18453763984143734
