times:
  edit-metadata: 1.8216619696468115
  landing: 0.025801943615078926
  view-data: 0.026678601279854774
