times:
  edit-metadata: 0.5281202089972794
  landing: 0.04957092786207795
  view-data: 0.21332606091164052
