times:
  edit-metadata: 1.412489928305149
  landing: 0.732980739325285
  view-data: 3.349343717098236
