times:
  edit-metadata: 0.5463961153291166
  landing: 0.04396364698186517
  view-data: 0.1898297187872231
