times:
  landing: 0.5505707459524274
  view-data: 0.5545079000294209
