times:
  edit-metadata: 0.8965310733765364
  landing: 0.6998474542051554
  view-data: 0.32599518448114395
