times:
  edit-metadata: 0.8930930905044079
  landing: 0.6194012649357319
  view-data: 0.20673725940287113
