times:
  landing: 0.5616654029999495
  view-data: 0.5600586909999947
