times:
  edit-metadata: 0.5354909496381879
  landing: 0.05432579014450312
  view-data: 0.20941816363483667
