times:
  edit-metadata: 1.5015567382797599
  landing: 0.02407069504261017
  view-data: 0.10421798378229141
