times:
  edit-metadata: 0.8514624768868089
  landing: 0.04003508505411446
  view-data: 0.19826064794324338
