times:
  landing: 0.5568113850000032
  view-data: 0.5529475359999765
