times:
  landing: 1.0677741210000704
  view-data: 0.5557080710000264
