times:
  edit-metadata: 1.2906189318746328
  landing: 0.7366254199296236
  view-data: 3.2969809463247657
