times:
  edit-metadata: 1.559235766530037
  landing: 0.9073435366153717
  view-data: 3.3197327256202698
