times:
  edit-metadata: 0.7897683349438012
  landing: 0.10018236143514514
  view-data: 0.3034578487277031
