times:
  edit-metadata: 0.5684282165020704
  landing: 0.041951012797653675
  view-data: 0.21458812896162271
