times:
  landing: 0.5515649949999784
  view-data: 0.5575022300000114
