times:
  edit-metadata: 1.4823003932833672
  landing: 0.7829483235254884
  view-data: 3.38243246730417
