times:
  edit-metadata: 0.8195141553878784
  landing: 0.043649155646562576
  view-data: 0.19313481450080872
