times:
  landing: 0.5535255660000189
  view-data: 0.5634979980000026
