times:
  edit-metadata: 1.4902749191969633
  landing: 0.19181572273373604
  view-data: 0.02553778514266014
