times:
  edit-metadata: 0.7895273342728615
  landing: 0.04501635581254959
  view-data: 0.19634710624814034
