times:
  edit-metadata: 0.5993341549910838
  landing: 0.056187412003055215
  view-data: 0.30351034499472007
