times:
  landing: 0.5425270669999804
  view-data: 0.5448964690000082
