times:
  edit-metadata: 1.6388258580118418
  landing: 0.13800015300512314
  view-data: 0.025442072190344334
