times:
  edit-metadata: 1.3360743895173073
  landing: 0.8548676408827305
  view-data: 3.3109803795814514
