times:
  edit-metadata: 1.3580581676214933
  landing: 0.7577844746410847
  view-data: 3.345300804823637
