times:
  edit-metadata: 0.7576824840070913
  landing: 0.04667496800539084
  view-data: 0.1891092470032163
