times:
  edit-metadata: 0.795642893994227
  landing: 0.05040184303652495
  view-data: 0.20083269197493792
