times:
  edit-metadata: 1.6595676429569721
  landing: 1.3238598220050335
  view-data: 3.3838361836969852
