times:
  edit-metadata: 0.7276977635920048
  landing: 0.7881874404847622
  view-data: 0.20469804853200912
