times:
  edit-metadata: 0.8966170847415924
  landing: 0.08126593939960003
  view-data: 0.2064108606427908
