times:
  edit-metadata: 1.5966884195804596
  landing: 0.023395816795527935
  view-data: 0.2161856358870864
