times:
  edit-metadata: 0.9877615682780743
  landing: 0.5964363757520914
  view-data: 0.2034192606806755
