times:
  edit-metadata: 1.308771274983883
  landing: 0.8601777888834476
  view-data: 3.3466798812150955
