times:
  edit-metadata: 0.5729217329062521
  landing: 0.04282092675566673
  view-data: 0.2020718459971249
