times:
  edit-metadata: 1.9208642058074474
  landing: 1.1523379981517792
  view-data: 3.4556300342082977
