times:
  edit-metadata: 0.849782295525074
  landing: 0.05474748834967613
  view-data: 0.18544511124491692
