times:
  edit-metadata: 0.8660675100982189
  landing: 0.06418740004301071
  view-data: 0.19982438907027245
