times:
  edit-metadata: 0.8254175260663033
  landing: 0.04985746368765831
  view-data: 0.1949746124446392
