times:
  edit-metadata: 1.5095872255042195
  landing: 0.12127200327813625
  view-data: 0.023715779185295105
