times:
  edit-metadata: 1.423543505370617
  landing: 0.8927509374916553
  view-data: 3.3226225040853024
