times:
  edit-metadata: 1.5101581569761038
  landing: 0.019671663641929626
  view-data: 0.023511133156716824
