times:
  edit-metadata: 1.7430224511772394
  landing: 0.019846007227897644
  view-data: 0.026184823364019394
