times:
  edit-metadata: 0.8208386525511742
  landing: 0.05426725745201111
  view-data: 0.20323613286018372
