times:
  landing: 1.0694968400000562
  view-data: 0.5502390140001125
