times:
  landing: 0.5508067800000163
  view-data: 0.5517519909999464
