times:
  edit-metadata: 1.4835864342749119
  landing: 0.01990524586290121
  view-data: 0.39762651920318604
