times:
  edit-metadata: 0.5040307571180165
  landing: 0.04410145012661815
  view-data: 0.1950234081596136
