times:
  edit-metadata: 1.5038160933181643
  landing: 0.021705538034439087
  view-data: 0.024749322794377804
