times:
  edit-metadata: 0.5955885881558061
  landing: 0.08488928386941552
  view-data: 0.2190923006273806
