times:
  edit-metadata: 1.4902246790006757
  landing: 0.020245728082954884
  view-data: 0.09834334999322891
