times:
  edit-metadata: 0.5193762490525842
  landing: 0.05466696713119745
  view-data: 0.19867622200399637
