times:
  landing: 0.5510196540000152
  view-data: 0.5558508949999919
