times:
  edit-metadata: 0.8653389774262905
  landing: 0.6819282751530409
  view-data: 0.19851326756179333
