times:
  edit-metadata: 0.7506652639713138
  landing: 0.049926594947464764
  view-data: 0.19004132703412324
