times:
  landing: 1.1107715029999667
  view-data: 0.5587121519999982
