times:
  edit-metadata: 0.5167233319953084
  landing: 0.046248736092820764
  view-data: 0.463640894042328
