times:
  edit-metadata: 0.7530887792818248
  landing: 0.04945691209286451
  view-data: 0.19716418907046318
