times:
  edit-metadata: 0.7202826179563999
  landing: 0.05151660926640034
  view-data: 0.2044267449527979
