times:
  edit-metadata: 2.569746717810631
  landing: 1.5848800502717495
  view-data: 3.4071874655783176
