times:
  landing: 0.549872712000024
  view-data: 0.5597860520000495
