times:
  edit-metadata: 1.8265787400305271
  landing: 0.01995896641165018
  view-data: 0.02545182965695858
