times:
  edit-metadata: 0.8613840434700251
  landing: 0.6519482359290123
  view-data: 0.4338410962373018
