times:
  edit-metadata: 0.5418759481981397
  landing: 0.04922872642055154
  view-data: 0.19614636292681098
