times:
  landing: 1.0741794809999874
  view-data: 0.5666719609999973
