times:
  edit-metadata: 1.464383501559496
  landing: 0.12833919376134872
  view-data: 0.32800787314772606
