times:
  edit-metadata: 1.6483387127518654
  landing: 0.76650370657444
  view-data: 0.5783197432756424
