times:
  edit-metadata: 1.848571116104722
  landing: 0.1590033657848835
  view-data: 0.39011322893202305
