times:
  landing: 0.553959940000027
  view-data: 0.5633764919999749
