times:
  edit-metadata: 1.519010666757822
  landing: 0.02234364114701748
  view-data: 0.02570430375635624
