times:
  edit-metadata: 0.6036459879833274
  landing: 0.108958593045827
  view-data: 0.22292051801923662
