times:
  edit-metadata: 1.5917619913816452
  landing: 0.9540852103382349
  view-data: 3.475113872438669
