times:
  edit-metadata: 0.8214911599643528
  landing: 0.06094246404245496
  view-data: 0.21163110015913844
