times:
  landing: 0.5483606189999932
  view-data: 0.05483229199998618
