times:
  edit-metadata: 0.8615450379438698
  landing: 0.0569808529689908
  view-data: 0.2061909110052511
