times:
  edit-metadata: 1.4385691359639168
  landing: 0.8942842287942767
  view-data: 3.459537398070097
