times:
  edit-metadata: 1.5825039818882942
  landing: 0.7589615508913994
  view-data: 3.3045600913465023
