times:
  edit-metadata: 1.4823344834148884
  landing: 0.018846891820430756
  view-data: 0.023294903337955475
