times:
  edit-metadata: 1.8313576355576515
  landing: 0.019296012818813324
  view-data: 0.043301187455654144
