times:
  edit-metadata: 0.7941108588129282
  landing: 0.6065690722316504
  view-data: 0.5929965637624264
