times:
  edit-metadata: 0.6013467060402036
  landing: 0.04510825499892235
  view-data: 0.22818060696590692
