times:
  landing: 0.5638203190000013
  view-data: 0.5613327029999482
