times:
  edit-metadata: 0.7915013800375164
  landing: 0.048935751896351576
  view-data: 0.19166291505098343
