times:
  edit-metadata: 0.747199117206037
  landing: 0.04598461603745818
  view-data: 0.19286361197009683
