times:
  edit-metadata: 0.8214279375970364
  landing: 0.041170649230480194
  view-data: 0.1887456439435482
