times:
  edit-metadata: 0.527235833927989
  landing: 0.04466858389787376
  view-data: 0.21527903899550438
