times:
  landing: 0.5476678100000072
  view-data: 0.5508679069999971
