times:
  edit-metadata: 1.6444826386868954
  landing: 0.8012852557003498
  view-data: 3.355031793937087
