times:
  edit-metadata: 2.0218542981892824
  landing: 0.347745081409812
  view-data: 0.37538316287100315
