times:
  edit-metadata: 0.8121412266045809
  landing: 0.042567758820950985
  view-data: 0.19500968605279922
