times:
  edit-metadata: 1.4259741734713316
  landing: 1.28633426502347
  view-data: 3.35818100720644
