times:
  edit-metadata: 1.5366301406174898
  landing: 0.021980468183755875
  view-data: 0.026697810739278793
