times:
  landing: 1.0773633570000243
  view-data: 0.5497972490000507
