times:
  edit-metadata: 0.8094753734767437
  landing: 0.057365771383047104
  view-data: 0.19719745218753815
