times:
  edit-metadata: 1.5054070930927992
  landing: 0.023129341192543507
  view-data: 0.026792227290570736
