times:
  edit-metadata: 0.5262710630195215
  landing: 0.04471532197203487
  view-data: 0.21587021002778783
