times:
  edit-metadata: 1.3699898282065988
  landing: 0.9576009018346667
  view-data: 3.325685824267566
