times:
  landing: 0.5566096159999745
  view-data: 0.05687917400001652
