times:
  edit-metadata: 0.533040831098333
  landing: 0.05463513499125838
  view-data: 0.25243038893677294
