times:
  edit-metadata: 1.4577570063993335
  landing: 0.01955530885607004
  view-data: 0.02302778046578169
