times:
  landing: 0.5402582530000473
  view-data: 0.5472991509999474
