times:
  landing: 0.5504006559999937
  view-data: 0.08346596999999178
