times:
  edit-metadata: 0.7639270909130573
  landing: 0.05485805682837963
  view-data: 0.19400054775178432
