times:
  edit-metadata: 1.4968349561095238
  landing: 0.1359057053923607
  view-data: 0.2694163825362921
