times:
  edit-metadata: 0.8778404779732227
  landing: 0.6278759930282831
  view-data: 0.2329844981431961
