times:
  edit-metadata: 1.8044879110530019
  landing: 1.4565994553267956
  view-data: 3.4753234731033444
