times:
  edit-metadata: 0.5424926679988857
  landing: 0.049839367013191804
  view-data: 0.35143257200252265
