times:
  edit-metadata: 0.8881235551089048
  landing: 0.5789593644440174
  view-data: 0.6166234277188778
