times:
  edit-metadata: 1.4467986654490232
  landing: 0.7923487685620785
  view-data: 3.3501791935414076
