times:
  landing: 0.5500493520000305
  view-data: 0.5549508830000036
