times:
  edit-metadata: 2.5331244822591543
  landing: 1.214691150933504
  view-data: 3.408481203019619
