times:
  edit-metadata: 0.5213609150378034
  landing: 0.04829988500569016
  view-data: 0.22611165104899555
