times:
  edit-metadata: 0.7917984873056412
  landing: 0.047213878482580185
  view-data: 0.19535163044929504
