times:
  edit-metadata: 0.8284784841816872
  landing: 0.059122744016349316
  view-data: 0.19938889308832586
