times:
  edit-metadata: 0.5303951050154865
  landing: 0.04613175755366683
  view-data: 0.19667060766369104
