times:
  edit-metadata: 0.5244802217930555
  landing: 0.045074591878801584
  view-data: 0.22375503298826516
