times:
  edit-metadata: 0.5243692267686129
  landing: 0.049792387057095766
  view-data: 0.33680320531129837
