times:
  edit-metadata: 1.9470490664243698
  landing: 1.1277033649384975
  view-data: 3.366404352709651
