times:
  edit-metadata: 0.6578004164621234
  landing: 0.054553343914449215
  view-data: 0.19977588206529617
