times:
  edit-metadata: 1.5244307601824403
  landing: 0.021458137780427933
  view-data: 0.02376267034560442
