times:
  edit-metadata: 0.551807985175401
  landing: 0.049471445847302675
  view-data: 0.20917303673923016
