times:
  edit-metadata: 1.0605850629508495
  landing: 0.08681756304576993
  view-data: 0.23364525102078915
