times:
  edit-metadata: 0.7485093758441508
  landing: 0.043490536976605654
  view-data: 0.18692658096551895
