times:
  edit-metadata: 1.863462444394827
  landing: 7.532392807304859
  view-data: 3.4172122329473495
