times:
  edit-metadata: 0.5219993339851499
  landing: 0.046219991985708475
  view-data: 0.22004113998264074
