times:
  edit-metadata: 1.2775005288422108
  landing: 0.795759093016386
  view-data: 3.371150080114603
