times:
  edit-metadata: 2.5141690969467163
  landing: 1.516431089490652
  view-data: 3.4293398782610893
