times:
  edit-metadata: 1.7614570390433073
  landing: 1.1194260669872165
  view-data: 3.4515681099146605
