times:
  edit-metadata: 2.2247498650103807
  landing: 1.0572328777052462
  view-data: 3.4117313120514154
