times:
  edit-metadata: 1.4422326646745205
  landing: 0.762752041220665
  view-data: 3.311612743884325
