times:
  edit-metadata: 1.5644520949572325
  landing: 0.7864954546093941
  view-data: 3.3802120871841908
