times:
  edit-metadata: 1.4844193579629064
  landing: 0.018214330077171326
  view-data: 0.43821999058127403
