times:
  edit-metadata: 1.417117791250348
  landing: 0.9031090158969164
  view-data: 3.3959240578114986
