times:
  edit-metadata: 0.7902539889328182
  landing: 0.043884543934836984
  view-data: 0.19271409593056887
