times:
  edit-metadata: 1.4869209676980972
  landing: 0.022814860567450523
  view-data: 0.10206933133304119
