times:
  edit-metadata: 0.8699585311114788
  landing: 0.6655559036880732
  view-data: 0.6068195048719645
