times:
  edit-metadata: 0.5285132469143718
  landing: 0.045665389858186245
  view-data: 0.21913178195245564
