times:
  edit-metadata: 1.6091844141483307
  landing: 1.0343847870826721
  view-data: 3.347180362790823
