times:
  edit-metadata: 0.5429491433314979
  landing: 0.04359836783260107
  view-data: 0.21367225423455238
