times:
  landing: 1.075346843000034
  view-data: 0.5556091500000093
