times:
  edit-metadata: 0.5589456097222865
  landing: 0.05523908603936434
  view-data: 0.20453326357528567
