times:
  edit-metadata: 1.4655178263783455
  landing: 0.9559033177793026
  view-data: 3.3164106868207455
