times:
  landing: 1.1167943039999955
  view-data: 0.5652882750000003
