times:
  edit-metadata: 0.8426203951239586
  landing: 0.04270930960774422
  view-data: 0.2004186436533928
