times:
  edit-metadata: 0.7797375579830259
  landing: 0.04123193002305925
  view-data: 0.18526610301341861
