times:
  edit-metadata: 0.5663994448259473
  landing: 0.0438544312492013
  view-data: 0.20564409345388412
