times:
  edit-metadata: 1.5719887111335993
  landing: 1.0583513863384724
  view-data: 3.486767292022705
