times:
  edit-metadata: 0.5381168460007757
  landing: 0.04620252293534577
  view-data: 0.22571523603983223
