times:
  edit-metadata: 0.8028336311690509
  landing: 0.03980647097341716
  view-data: 0.19023898686282337
