times:
  edit-metadata: 0.7435871567577124
  landing: 0.5554558355361223
  view-data: 0.20383503288030624
