times:
  landing: 1.0723412199999984
  view-data: 0.5542201109999496
