times:
  edit-metadata: 0.5556686595082283
  landing: 0.05518110003322363
  view-data: 0.20013596676290035
