times:
  edit-metadata: 1.3820116193965077
  landing: 0.8041479783132672
  view-data: 3.289694055914879
