times:
  edit-metadata: 1.9299647975713015
  landing: 0.28800992853939533
  view-data: 0.337160212919116
