times:
  edit-metadata: 1.427531722933054
  landing: 0.7929904572665691
  view-data: 3.3922079652547836
