times:
  edit-metadata: 1.3650357006117702
  landing: 0.8091650661081076
  view-data: 3.401724570430815
