times:
  edit-metadata: 0.8782381881028414
  landing: 0.7127325143665075
  view-data: 0.19771774671971798
