times:
  edit-metadata: 0.7719099409878254
  landing: 0.0536440999712795
  view-data: 0.19300727196969092
