times:
  edit-metadata: 0.8155238032341003
  landing: 0.04535406082868576
  view-data: 0.19563978165388107
