times:
  landing: 0.5568105959999912
  view-data: 0.5586061550000068
