times:
  landing: 0.5532175569999822
  view-data: 0.5506443120000313
