times:
  edit-metadata: 0.5543127907440066
  landing: 0.04959676507860422
  view-data: 0.20472945086658
