times:
  edit-metadata: 1.5164524372667074
  landing: 0.8925682529807091
  view-data: 3.4239032324403524
