times:
  landing: 0.5499090820000561
  view-data: 0.5497839810000187
