times:
  edit-metadata: 0.7267449703067541
  landing: 0.545159075409174
  view-data: 0.41797096841037273
