times:
  edit-metadata: 1.2611136715859175
  landing: 0.7544387504458427
  view-data: 3.3133622985333204
