times:
  edit-metadata: 1.5668300371617079
  landing: 0.1189073696732521
  view-data: 0.02286764234304428
