times:
  landing: 0.5529938770000058
  view-data: 0.5608281579999925
