times:
  landing: 1.0648823749999963
  view-data: 0.5539938939999729
