times:
  edit-metadata: 1.4202697705477476
  landing: 0.7858671452850103
  view-data: 3.3561454750597477
