times:
  edit-metadata: 1.4930787673220038
  landing: 0.019054925069212914
  view-data: 0.023327195085585117
