times:
  edit-metadata: 0.6020157658495009
  landing: 0.05098728695884347
  view-data: 0.2174173640087247
