times:
  landing: 1.0687423910000007
  view-data: 0.556153299000016
