times:
  landing: 1.0695007869999813
  view-data: 0.5588407210000241
