times:
  edit-metadata: 3.192241171374917
  landing: 0.3366820616647601
  view-data: 1.142487988807261
