times:
  edit-metadata: 0.778159599751234
  landing: 0.06171952933073044
  view-data: 0.19944998621940613
