times:
  landing: 0.5480968789999849
  view-data: 0.5567411389999961
