times:
  edit-metadata: 2.120371177792549
  landing: 1.4048741310834885
  view-data: 3.475993011146784
