times:
  edit-metadata: 0.7941746430005878
  landing: 0.053218723041936755
  view-data: 0.1903164559043944
