times:
  edit-metadata: 0.743883403018117
  landing: 0.046084122033789754
  view-data: 0.18770371697610244
