times:
  edit-metadata: 1.5287616811692715
  landing: 0.8680870644748211
  view-data: 3.3619027882814407
