times:
  landing: 1.0613913789999856
  view-data: 0.5457631730000116
