times:
  edit-metadata: 0.5536944596096873
  landing: 0.0488367872312665
  view-data: 0.19390852423384786
