times:
  landing: 1.0896109330000172
  view-data: 0.5526892679999946
