times:
  edit-metadata: 1.5797393918037415
  landing: 0.7028803341090679
  view-data: 3.363469325006008
