times:
  edit-metadata: 0.7581173721700907
  landing: 0.5849135033786297
  view-data: 0.31014675833284855
