times:
  edit-metadata: 0.754292611964047
  landing: 0.041726952069438994
  view-data: 0.19358329905662686
