times:
  edit-metadata: 0.6286085639148951
  landing: 0.865832569077611
  view-data: 0.28983085229992867
