times:
  edit-metadata: 1.5032312534749508
  landing: 0.7947302684187889
  view-data: 3.4118822552263737
