times:
  edit-metadata: 0.9406309388577938
  landing: 0.5659014508128166
  view-data: 0.19523257203400135
