times:
  edit-metadata: 0.5044960812665522
  landing: 0.044790157582610846
  view-data: 0.1926247403025627
