times:
  edit-metadata: 0.5133907409617677
  landing: 0.04765936394687742
  view-data: 0.217913827043958
