times:
  edit-metadata: 0.551672185305506
  landing: 0.05250642541795969
  view-data: 0.1932508209720254
