times:
  edit-metadata: 0.6160043849376962
  landing: 0.047411871957592666
  view-data: 0.22714348195586354
