times:
  edit-metadata: 1.729179110378027
  landing: 1.1505643352866173
  view-data: 3.3993376083672047
