times:
  edit-metadata: 0.9001444764435291
  landing: 0.05570045858621597
  view-data: 0.21025093086063862
