times:
  edit-metadata: 0.8517131749540567
  landing: 1.0703320745378733
  view-data: 0.41767166182398796
