times:
  edit-metadata: 0.6501459409773815
  landing: 0.10510450901347212
  view-data: 0.2656768999877386
