times:
  edit-metadata: 1.6362833958119154
  landing: 0.14961806125938892
  view-data: 0.28979890421032906
