times:
  edit-metadata: 0.8900768049061298
  landing: 0.7123213745653629
  view-data: 0.20609261468052864
