times:
  edit-metadata: 1.4730675597675145
  landing: 0.8172490610741079
  view-data: 3.3113569170236588
