times:
  landing: 0.5542011510000293
  view-data: 0.5582472070000222
