times:
  edit-metadata: 0.7484794680494815
  landing: 0.0475846731569618
  view-data: 0.19284666585735977
