times:
  landing: 1.0884216349999747
  view-data: 0.5673600629999669
