times:
  landing: 0.5530058330000429
  view-data: 0.5587963320000426
