times:
  edit-metadata: 1.532411027699709
  landing: 1.1479603834450245
  view-data: 3.3639534674584866
