times:
  edit-metadata: 0.6004269798286259
  landing: 0.05539475800469518
  view-data: 0.213519801851362
