times:
  edit-metadata: 1.7909267786890268
  landing: 0.24325775913894176
  view-data: 0.1637291368097067
