times:
  edit-metadata: 0.783118823019322
  landing: 0.057774701970629394
  view-data: 0.1882728270138614
