times:
  edit-metadata: 0.5292358209844679
  landing: 0.05019919900223613
  view-data: 0.34987557400017977
