times:
  landing: 1.0810887029999776
  view-data: 0.5574438050000481
