times:
  edit-metadata: 0.5753690209239721
  landing: 0.053160292096436024
  view-data: 0.19940090598538518
