times:
  edit-metadata: 0.8583388179540634
  landing: 0.48960182815790176
  view-data: 0.18551316112279892
