times:
  edit-metadata: 1.3848481327295303
  landing: 0.9725540541112423
  view-data: 3.3608964011073112
