times:
  edit-metadata: 0.7824392188340425
  landing: 0.14611246110871434
  view-data: 0.4384692660532892
