times:
  edit-metadata: 1.5204858556389809
  landing: 0.020612116903066635
  view-data: 0.5247779190540314
