times:
  landing: 1.0623950830000126
  view-data: 0.5552884500000346
