times:
  edit-metadata: 2.2778506614267826
  landing: 1.2718043588101864
  view-data: 3.3578020334243774
