times:
  edit-metadata: 0.8229061141610146
  landing: 0.057110805064439774
  view-data: 0.18339255452156067
