times:
  edit-metadata: 0.5916083240881562
  landing: 0.058954873122274876
  view-data: 0.22036205884069204
