times:
  edit-metadata: 1.5819235928356647
  landing: 0.9185035191476345
  view-data: 3.4107975214719772
