times:
  edit-metadata: 0.7803961634635925
  landing: 0.9191170670092106
  view-data: 0.3051517028361559
