times:
  edit-metadata: 0.6873507928103209
  landing: 0.050175403244793415
  view-data: 0.2774289739318192
