times:
  edit-metadata: 0.7886365099111572
  landing: 0.048205377999693155
  view-data: 0.19753465603571385
