times:
  edit-metadata: 0.8805211875587702
  landing: 0.6085289288312197
  view-data: 0.31603056006133556
