times:
  edit-metadata: 1.005564833059907
  landing: 0.7613296620547771
  view-data: 0.4293246250599623
