times:
  edit-metadata: 1.405754180625081
  landing: 0.7570654628798366
  view-data: 3.400845168158412
