times:
  edit-metadata: 1.381920501589775
  landing: 0.7785332538187504
  view-data: 3.33256920799613
