times:
  edit-metadata: 0.7533253770088777
  landing: 0.049395140958949924
  view-data: 0.19348615501075983
