times:
  edit-metadata: 0.7952403165400028
  landing: 0.05209288001060486
  view-data: 0.18961485102772713
