times:
  edit-metadata: 1.5527410004287958
  landing: 0.16880449652671814
  view-data: 0.38344162330031395
