times:
  edit-metadata: 0.6017987960003666
  landing: 0.05212040400510887
  view-data: 0.24453294999693753
