times:
  edit-metadata: 0.5543720321729779
  landing: 0.043671480379998684
  view-data: 0.20932553242892027
