times:
  edit-metadata: 0.8115364070981741
  landing: 0.6998342964798212
  view-data: 0.19754919037222862
