times:
  landing: 0.5533609560000059
  view-data: 0.6004694150000205
