times:
  edit-metadata: 1.6563422549515963
  landing: 1.0105116814374924
  view-data: 3.3592340014874935
