times:
  edit-metadata: 0.5253027924336493
  landing: 0.048675057012587786
  view-data: 0.2467933208681643
