times:
  edit-metadata: 1.5547330044209957
  landing: 0.11885794252157211
  view-data: 0.025456024333834648
