times:
  edit-metadata: 1.3487987520638853
  landing: 0.6837966679595411
  view-data: 3.3256453450303525
