times:
  landing: 0.5846537799999965
  view-data: 0.5597961230000124
