times:
  edit-metadata: 0.5780726852826774
  landing: 0.05269707785919309
  view-data: 0.19675811007618904
