times:
  edit-metadata: 1.4236719328910112
  landing: 0.8140967134386301
  view-data: 3.3000688115134835
