times:
  edit-metadata: 1.4283765368163586
  landing: 0.13319237530231476
  view-data: 0.3796072453260422
