times:
  edit-metadata: 1.4531002826988697
  landing: 0.8990293554961681
  view-data: 3.283493585884571
