times:
  edit-metadata: 0.5810494711622596
  landing: 0.044421188067644835
  view-data: 0.20620928099378943
