times:
  edit-metadata: 0.5731365336105227
  landing: 0.044970135204494
  view-data: 0.19835351407527924
