times:
  edit-metadata: 0.7926826370239723
  landing: 0.04658140300307423
  view-data: 0.18854264699621126
