times:
  edit-metadata: 0.5436117150820792
  landing: 0.044018321204930544
  view-data: 0.20195391308516264
