times:
  edit-metadata: 0.6794645702466369
  landing: 0.04101718915626407
  view-data: 0.21241784607991576
