times:
  edit-metadata: 1.5407775435596704
  landing: 1.031191896647215
  view-data: 3.456359328702092
