times:
  edit-metadata: 0.5249085379764438
  landing: 0.04438860481604934
  view-data: 0.22266790783032775
