times:
  edit-metadata: 1.4546784423291683
  landing: 0.018216287717223167
  view-data: 0.3598463712260127
