times:
  edit-metadata: 1.5681599266827106
  landing: 0.14165882766246796
  view-data: 0.5734010525047779
