times:
  edit-metadata: 1.3680870439857244
  landing: 0.7030180152505636
  view-data: 3.358719663694501
