times:
  edit-metadata: 0.5529314000159502
  landing: 0.044409758411347866
  view-data: 0.2009557168930769
