times:
  edit-metadata: 1.1104637009557337
  landing: 0.07904522982425988
  view-data: 0.20185417495667934
