times:
  edit-metadata: 1.8086461685597897
  landing: 1.456787295639515
  view-data: 3.376894898712635
