times:
  edit-metadata: 0.8456803373992443
  landing: 0.045700788497924805
  view-data: 0.1957404799759388
