times:
  edit-metadata: 0.5565969278104603
  landing: 0.05182061903178692
  view-data: 0.21310782991349697
