times:
  edit-metadata: 0.6084833500208333
  landing: 0.04751917300745845
  view-data: 0.22720997798023745
