times:
  edit-metadata: 1.4569086618721485
  landing: 0.019641634076833725
  view-data: 0.48121066950261593
