times:
  edit-metadata: 1.4911645641550422
  landing: 0.020816556178033352
  view-data: 0.13385922648012638
