times:
  edit-metadata: 1.519188404083252
  landing: 0.020563846454024315
  view-data: 0.024361182004213333
