times:
  landing: 0.5473241769999504
  view-data: 0.5533381699999609
