times:
  edit-metadata: 1.4822793304920197
  landing: 0.019323300570249557
  view-data: 0.3830369748175144
