times:
  edit-metadata: 0.9418869782239199
  landing: 0.07908457377925515
  view-data: 0.25345928268507123
