times:
  edit-metadata: 0.6011176630854607
  landing: 0.04465537378564477
  view-data: 0.22058033617213368
