times:
  landing: 0.5503175069999884
  view-data: 0.5589826049999829
