times:
  edit-metadata: 1.4585487209260464
  landing: 0.8107278030365705
  view-data: 3.4563312884420156
