times:
  edit-metadata: 1.3206577636301517
  landing: 0.7828907482326031
  view-data: 3.36573994345963
