times:
  edit-metadata: 1.4802315961569548
  landing: 0.019953705370426178
  view-data: 0.11928806640207767
