times:
  edit-metadata: 1.7243864312767982
  landing: 0.7827897146344185
  view-data: 3.3743544928729534
