times:
  edit-metadata: 1.5012988355010748
  landing: 0.01920271199196577
  view-data: 0.4342924067750573
