times:
  landing: 0.5455984259999695
  view-data: 0.5479223569999476
