times:
  edit-metadata: 1.6644748207181692
  landing: 0.022587383165955544
  view-data: 0.1295674368739128
