times:
  landing: 1.057157506999829
  view-data: 0.5599582619997818
