times:
  edit-metadata: 0.7392297190381214
  landing: 0.04032287502195686
  view-data: 0.1963899169350043
