times:
  edit-metadata: 1.4873540587723255
  landing: 1.1846247240900993
  view-data: 3.3693977445364
