times:
  edit-metadata: 1.7698891190811992
  landing: 0.9923057320993394
  view-data: 3.418714332045056
