times:
  edit-metadata: 1.4869816675782204
  landing: 0.020878536626696587
  view-data: 0.22099523432552814
