times:
  landing: 1.0779115910000314
  view-data: 0.5661564210000165
