times:
  edit-metadata: 1.154303357936442
  landing: 0.05982701596803963
  view-data: 0.1946942750364542
