times:
  edit-metadata: 1.4281952288001776
  landing: 0.6796920411288738
  view-data: 0.6605139337480068
