times:
  edit-metadata: 1.6618551928550005
  landing: 0.18615144677460194
  view-data: 0.4021121561527252
