times:
  edit-metadata: 0.8138923235237598
  landing: 1.9759204257279634
  view-data: 0.5319272521883249
