times:
  edit-metadata: 0.5240966689307243
  landing: 0.04865133506245911
  view-data: 0.22173821413889527
