times:
  edit-metadata: 0.652964155189693
  landing: 0.04974089888855815
  view-data: 0.22160872304812074
