times:
  landing: 0.5541892420000067
  view-data: 0.5528196349999916
