times:
  edit-metadata: 0.538371633272618
  landing: 0.05375610385090113
  view-data: 0.20971219893544912
