times:
  edit-metadata: 1.5644054729491472
  landing: 0.019819331355392933
  view-data: 0.12223749049007893
