times:
  edit-metadata: 0.8754195030778646
  landing: 0.5824757404625416
  view-data: 0.30408032797276974
