times:
  edit-metadata: 1.7971684895455837
  landing: 0.02038145624101162
  view-data: 0.3694133199751377
