times:
  landing: 0.5624256319999859
  view-data: 0.5557744769999999
