times:
  edit-metadata: 0.5210068901069462
  landing: 0.049232641234993935
  view-data: 0.22729755425825715
