times:
  edit-metadata: 1.3513022102415562
  landing: 0.8764975778758526
  view-data: 3.429426731541753
