times:
  landing: 1.0931078700000398
  view-data: 0.5746001699999965
