times:
  edit-metadata: 1.5237275902181864
  landing: 0.7905772961676121
  view-data: 3.353006148710847
