times:
  edit-metadata: 0.7925045597366989
  landing: 0.09053075918927789
  view-data: 0.20093903690576553
