times:
  edit-metadata: 0.6252915225923061
  landing: 0.5804757680743933
  view-data: 0.21335803717374802
