times:
  edit-metadata: 1.4987665489315987
  landing: 0.019438933581113815
  view-data: 0.1373423933982849
