times:
  edit-metadata: 0.8376311779975367
  landing: 0.048585052998532774
  view-data: 0.19516290100000333
