times:
  edit-metadata: 1.2692660852335393
  landing: 0.7747285161167383
  view-data: 3.3656336180865765
