times:
  edit-metadata: 1.8710702322423458
  landing: 1.3169450424611568
  view-data: 3.387976512312889
