times:
  edit-metadata: 0.5331687331199646
  landing: 0.0490502598695457
  view-data: 0.21890430594794452
