times:
  edit-metadata: 0.8599999491125345
  landing: 0.04476035386323929
  view-data: 0.18738048616796732
