times:
  edit-metadata: 1.4997243154793978
  landing: 0.15024040825664997
  view-data: 0.12391437124460936
