times:
  edit-metadata: 2.2060570772737265
  landing: 0.2589336335659027
  view-data: 0.46205715648829937
