times:
  landing: 0.5474276869999812
  view-data: 0.5517738450000138
