times:
  edit-metadata: 1.5267324838787317
  landing: 0.12524301931262016
  view-data: 0.024965571239590645
