times:
  edit-metadata: 1.5509892962872982
  landing: 0.020379086956381798
  view-data: 0.14401552826166153
