times:
  edit-metadata: 0.5410844390280545
  landing: 0.050148740876466036
  view-data: 0.2186663318425417
