times:
  edit-metadata: 1.2331271436996758
  landing: 0.807031475007534
  view-data: 3.3659398308955133
