times:
  landing: 1.0838421949999884
  view-data: 0.5644032089999769
