times:
  edit-metadata: 1.401882130652666
  landing: 0.8573724199086428
  view-data: 3.463332410901785
