times:
  edit-metadata: 0.7791801589773968
  landing: 0.05064317490905523
  view-data: 0.19662876904476434
