times:
  edit-metadata: 0.5883071400457993
  landing: 0.04240743489935994
  view-data: 0.2229879309888929
