times:
  edit-metadata: 0.8443429972976446
  landing: 0.6194057147949934
  view-data: 0.30972961336374283
