times:
  landing: 1.086836341000037
  view-data: 0.557095199999992
