times:
  edit-metadata: 1.5621542613953352
  landing: 0.02254175953567028
  view-data: 0.025060469284653664
