times:
  edit-metadata: 1.3534172996878624
  landing: 0.9656243026256561
  view-data: 3.3936812914907932
