times:
  edit-metadata: 0.5713399248197675
  landing: 0.050072651356458664
  view-data: 0.2185240713879466
