times:
  edit-metadata: 0.7571124689420685
  landing: 0.048669249983504415
  view-data: 0.1895396519685164
