times:
  edit-metadata: 0.6732767652720213
  landing: 0.8974159359931946
  view-data: 0.6574985571205616
