times:
  edit-metadata: 0.5165534510742873
  landing: 0.05531317088752985
  view-data: 0.21353228692896664
