times:
  edit-metadata: 0.8061947636306286
  landing: 0.04707866907119751
  view-data: 0.2007766291499138
