times:
  edit-metadata: 0.8441573455929756
  landing: 0.0581592358648777
  view-data: 0.20170319825410843
