times:
  edit-metadata: 1.60737475566566
  landing: 0.7637925203889608
  view-data: 3.374251626431942
