times:
  edit-metadata: 1.4231471810489893
  landing: 0.8279950972646475
  view-data: 3.3197615882381797
