times:
  edit-metadata: 1.6096209287643433
  landing: 0.1459960602223873
  view-data: 0.024976924061775208
