times:
  edit-metadata: 1.735595989972353
  landing: 1.094587855041027
  view-data: 3.4138135090470314
