times:
  edit-metadata: 0.5316897699958645
  landing: 0.057731624983716756
  view-data: 0.37493079900741577
