times:
  edit-metadata: 0.6997015927918255
  landing: 0.04558439087122679
  view-data: 0.28568429592996836
