times:
  edit-metadata: 0.8130511753261089
  landing: 0.05046844482421875
  view-data: 0.19323667883872986
