times:
  edit-metadata: 0.5855117729997801
  landing: 0.047027424999669165
  view-data: 0.22912615900031597
