times:
  edit-metadata: 0.7536728754639626
  landing: 0.6497877072542906
  view-data: 0.21067543886601925
