times:
  edit-metadata: 1.4158825427293777
  landing: 0.843653691932559
  view-data: 3.4401593189686537
