times:
  edit-metadata: 1.5122029557824135
  landing: 0.12697868794202805
  view-data: 0.09953042678534985
