times:
  edit-metadata: 0.8274267911911011
  landing: 1.4097640439867973
  view-data: 0.31096750125288963
