times:
  landing: 1.0720175760000075
  view-data: 0.5543406279999772
