times:
  landing: 1.0956221810000102
  view-data: 0.5713100760000316
