times:
  edit-metadata: 1.3560490310192108
  landing: 0.7925117239356041
  view-data: 3.415173890069127
