times:
  edit-metadata: 0.6403280813246965
  landing: 1.078926170244813
  view-data: 0.43654573895037174
