times:
  edit-metadata: 1.442931949160993
  landing: 0.879704540129751
  view-data: 3.3653517230413854
