times:
  edit-metadata: 1.5667958725243807
  landing: 0.019489899277687073
  view-data: 0.027884503826498985
