times:
  edit-metadata: 1.4675660859793425
  landing: 0.22567479871213436
  view-data: 0.13253135234117508
