times:
  edit-metadata: 2.560647696023807
  landing: 1.160925884032622
  view-data: 3.4015250189695507
