times:
  edit-metadata: 0.7745461352169514
  landing: 0.046857427805662155
  view-data: 0.195347148925066
