times:
  landing: 0.5481742769999869
  view-data: 0.5520897439999999
