times:
  edit-metadata: 1.5581843312829733
  landing: 0.018152598291635513
  view-data: 0.45865908171981573
