times:
  edit-metadata: 1.6209708601236343
  landing: 0.8404659517109394
  view-data: 3.393260607495904
