times:
  edit-metadata: 1.5018722154200077
  landing: 0.02034840639680624
  view-data: 0.024127046577632427
