times:
  edit-metadata: 1.480595150962472
  landing: 0.022102277725934982
  view-data: 0.13653711415827274
