times:
  edit-metadata: 1.9021244160830975
  landing: 0.19363589212298393
  view-data: 0.3452580850571394
