times:
  edit-metadata: 1.4806232154369354
  landing: 0.9765313677489758
  view-data: 3.3149270713329315
