times:
  edit-metadata: 1.6555255465209484
  landing: 1.1066774390637875
  view-data: 3.3772056587040424
