times:
  edit-metadata: 2.3925473941490054
  landing: 1.13009993173182
  view-data: 3.571605931967497
