times:
  edit-metadata: 1.3909034058451653
  landing: 0.8774344623088837
  view-data: 3.3476278483867645
