times:
  edit-metadata: 0.8280676547437906
  landing: 1.0611898750066757
  view-data: 0.3121465891599655
