times:
  edit-metadata: 0.833871740847826
  landing: 0.05645538866519928
  view-data: 0.18658393621444702
