times:
  edit-metadata: 1.4060004274360836
  landing: 0.9076620792038739
  view-data: 3.4603024437092245
