times:
  edit-metadata: 0.8356307353824377
  landing: 5.087572976946831
  view-data: 2.634228451177478
