times:
  edit-metadata: 0.5550053007900715
  landing: 0.05472207069396973
  view-data: 0.20735870208591223
