times:
  edit-metadata: 0.8617267273366451
  landing: 0.5941789224743843
  view-data: 0.22051918879151344
