times:
  edit-metadata: 1.540413610637188
  landing: 0.021579358726739883
  view-data: 0.36393372155725956
