times:
  edit-metadata: 1.5125135658308864
  landing: 0.01999235711991787
  view-data: 0.43794748187065125
