times:
  edit-metadata: 0.5536983208730817
  landing: 0.045810152776539326
  view-data: 0.21437866054475307
