times:
  edit-metadata: 1.443564894143492
  landing: 0.7927631789352745
  view-data: 3.301958665950224
