times:
  edit-metadata: 0.780389130115509
  landing: 0.04926420748233795
  view-data: 0.1985374465584755
