times:
  landing: 0.5540480610000031
  view-data: 0.5614158489999852
