times:
  edit-metadata: 0.7721999999484979
  landing: 0.04204689501784742
  view-data: 0.1898829119745642
