times:
  edit-metadata: 1.287595392204821
  landing: 0.7811444522812963
  view-data: 3.3294458044692874
