times:
  edit-metadata: 0.9004310127347708
  landing: 0.8369232323020697
  view-data: 0.19952609948813915
