times:
  landing: 0.5463018350000084
  view-data: 0.5496319799999583
