times:
  landing: 0.5476813190000485
  view-data: 0.5522557159999906
