times:
  landing: 0.5529764220000288
  view-data: 0.5724454820000346
