times:
  edit-metadata: 0.8430419499054551
  landing: 0.051402526907622814
  view-data: 0.19437842606566846
