times:
  edit-metadata: 0.7741064075380564
  landing: 1.1175699084997177
  view-data: 0.6075319070369005
