times:
  edit-metadata: 0.5813796669972362
  landing: 0.04935337101051118
  view-data: 0.48030472701066174
