times:
  edit-metadata: 1.5201933272182941
  landing: 0.16368896886706352
  view-data: 0.12116985209286213
