times:
  edit-metadata: 2.8181417295709252
  landing: 0.31535087060183287
  view-data: 0.5234322994947433
