times:
  edit-metadata: 1.777502652257681
  landing: 1.1473544873297215
  view-data: 3.3847759775817394
