times:
  landing: 1.083442085999991
  view-data: 0.5637307060000012
