times:
  edit-metadata: 1.5423971395939589
  landing: 0.977179042994976
  view-data: 3.4215095806866884
