times:
  landing: 1.0661249899999916
  view-data: 0.5461991779999948
