times:
  edit-metadata: 1.8385244400706142
  landing: 0.9994829029310495
  view-data: 3.3736245080363005
