times:
  edit-metadata: 1.5634707994759083
  landing: 0.16533853113651276
  view-data: 0.3212674669921398
