times:
  edit-metadata: 0.8313496131449938
  landing: 1.8351641725748777
  view-data: 0.5231021977961063
