times:
  edit-metadata: 1.7618667148053646
  landing: 0.018676862120628357
  view-data: 0.17594869621098042
