times:
  edit-metadata: 0.5371440159797203
  landing: 0.048728335998021066
  view-data: 0.3536079360055737
