times:
  edit-metadata: 0.7806163719797041
  landing: 0.04377182497410104
  view-data: 0.19375411697546951
