times:
  edit-metadata: 1.7056734282523394
  landing: 0.30988567136228085
  view-data: 0.25043038092553616
