times:
  edit-metadata: 0.7808379169437103
  landing: 0.0543112899758853
  view-data: 0.1932112550130114
