times:
  edit-metadata: 1.440576959401369
  landing: 0.6782937273383141
  view-data: 3.364598410204053
