times:
  edit-metadata: 0.5383672330062836
  landing: 0.049559455015696585
  view-data: 0.2148582600057125
