times:
  edit-metadata: 0.5341170369647443
  landing: 0.05047979089431465
  view-data: 0.21148311183787882
