times:
  edit-metadata: 0.8031435639131814
  landing: 0.054758267011493444
  view-data: 0.19452304183505476
