times:
  edit-metadata: 0.5276953150751069
  landing: 0.04933280101977289
  view-data: 0.22725142096169293
