times:
  edit-metadata: 1.4257228337228298
  landing: 0.7049620971083641
  view-data: 0.662967512384057
