times:
  edit-metadata: 0.8483257535845041
  landing: 0.047270990908145905
  view-data: 0.19671446084976196
