times:
  edit-metadata: 0.5153408269979991
  landing: 0.04834139801096171
  view-data: 0.22985424101352692
