times:
  edit-metadata: 1.6027198117226362
  landing: 0.8154541440308094
  view-data: 3.3487961813807487
