times:
  landing: 0.5529630270000325
  view-data: 0.5607229729999972
