times:
  edit-metadata: 2.0520054269582033
  landing: 1.6544986553490162
  view-data: 3.6545615307986736
