times:
  edit-metadata: 1.518417582847178
  landing: 0.021390285342931747
  view-data: 0.025821929797530174
