times:
  edit-metadata: 1.544334763661027
  landing: 0.9528200309723616
  view-data: 3.4187678936868906
