times:
  edit-metadata: 1.7921073827892542
  landing: 0.024000825360417366
  view-data: 0.5122025441378355
