times:
  edit-metadata: 1.5704404981806874
  landing: 0.8325307480990887
  view-data: 3.3591609559953213
