times:
  edit-metadata: 1.6410694867372513
  landing: 1.2184898667037487
  view-data: 3.2731964960694313
