times:
  edit-metadata: 0.810003814054653
  landing: 0.053462949115782976
  view-data: 0.19980601593852043
