times:
  edit-metadata: 1.5612132903188467
  landing: 0.022530028596520424
  view-data: 0.02332470379769802
