times:
  edit-metadata: 0.8501094896346331
  landing: 1.5775556731969118
  view-data: 0.3171241842210293
