times:
  edit-metadata: 0.63052087277174
  landing: 0.05070092296227813
  view-data: 0.2119259717874229
