times:
  edit-metadata: 1.601571287959814
  landing: 0.9250674843788147
  view-data: 3.330419849604368
