times:
  edit-metadata: 1.4389903359115124
  landing: 1.0468521602451801
  view-data: 3.2986913099884987
