times:
  edit-metadata: 1.3678226601332426
  landing: 0.855079036206007
  view-data: 3.3401252813637257
