times:
  edit-metadata: 0.5062274099327624
  landing: 0.05108241504058242
  view-data: 0.21542797796428204
