times:
  edit-metadata: 1.5693386252969503
  landing: 0.021700022742152214
  view-data: 0.02391961682587862
