times:
  edit-metadata: 1.5154651813209057
  landing: 0.8054493647068739
  view-data: 3.2992253825068474
