times:
  edit-metadata: 1.8866546284407377
  landing: 0.2107705194503069
  view-data: 0.06152225099503994
