times:
  edit-metadata: 1.504497401881963
  landing: 0.8131837218534201
  view-data: 3.3741532089188695
