times:
  edit-metadata: 0.7525423616170883
  landing: 0.7649500109255314
  view-data: 0.32126184925436974
