times:
  edit-metadata: 0.859435772523284
  landing: 0.4918193966150284
  view-data: 0.2375854942947626
