times:
  edit-metadata: 0.5371779859997332
  landing: 0.04696752177551389
  view-data: 0.18880443973466754
