times:
  edit-metadata: 1.6538678854703903
  landing: 0.020644692704081535
  view-data: 0.024304674938321114
