times:
  landing: 0.5476413730000331
  view-data: 0.5542500130000008
