times:
  landing: 0.5431958109999755
  view-data: 0.5447344509999539
