times:
  edit-metadata: 1.356886014342308
  landing: 0.861566579900682
  view-data: 3.3274438017979264
