times:
  edit-metadata: 0.8625884409993887
  landing: 2.7504929564893246
  view-data: 1.0286416839808226
