times:
  edit-metadata: 1.5044336058199406
  landing: 0.01818863581866026
  view-data: 0.022521535865962505
