times:
  edit-metadata: 0.8355737910605967
  landing: 0.04078549682162702
  view-data: 0.19110973016358912
