times:
  edit-metadata: 1.4749662168323994
  landing: 0.8504841290414333
  view-data: 3.3263099677860737
