times:
  edit-metadata: 0.7890534400939941
  landing: 0.041413333266973495
  view-data: 0.19299234822392464
