times:
  edit-metadata: 1.479864471592009
  landing: 0.14892833959311247
  view-data: 0.4014519928023219
