times:
  edit-metadata: 0.7936324420152232
  landing: 0.053795412997715175
  view-data: 0.18393222196027637
