times:
  edit-metadata: 1.3097087410278618
  landing: 0.7092409410979599
  view-data: 3.3865732338745147
