times:
  edit-metadata: 0.7907138466835022
  landing: 1.0114720910787582
  view-data: 0.3032231889665127
