times:
  edit-metadata: 2.0435134302824736
  landing: 0.3560923421755433
  view-data: 0.025284986943006516
