times:
  edit-metadata: 1.3249972499907017
  landing: 0.9166144542396069
  view-data: 3.4144890643656254
