times:
  edit-metadata: 0.8009388237260282
  landing: 0.04707118635997176
  view-data: 0.19242171989753842
