times:
  edit-metadata: 1.436275389045477
  landing: 1.045473836362362
  view-data: 3.3007000368088484
