times:
  edit-metadata: 1.4975990997627378
  landing: 0.24230222310870886
  view-data: 0.025670301169157028
