times:
  landing: 0.5515293519999886
  view-data: 0.5587878359999934
