times:
  landing: 0.5588468509999984
  view-data: 0.5596941549999883
