times:
  edit-metadata: 0.5422838390804827
  landing: 0.04270456871017814
  view-data: 0.21052964590489864
