times:
  edit-metadata: 0.7724126819521189
  landing: 1.0944591630250216
  view-data: 0.5983394049108028
