times:
  landing: 1.0817175630000406
  view-data: 0.5601924989999816
