times:
  edit-metadata: 1.2564006219618022
  landing: 0.7290737901348621
  view-data: 3.330859777983278
