times:
  edit-metadata: 1.5327547676861286
  landing: 0.13400178216397762
  view-data: 0.12372111529111862
