times:
  edit-metadata: 1.528871745802462
  landing: 0.019820443354547024
  view-data: 0.023873407393693924
