times:
  edit-metadata: 0.8331162482500076
  landing: 0.05040913075208664
  view-data: 0.19510425999760628
