times:
  edit-metadata: 1.5748694259673357
  landing: 0.15645494684576988
  view-data: 0.3377078277990222
