times:
  edit-metadata: 1.466678132303059
  landing: 0.21001319400966167
  view-data: 0.4364193258807063
