times:
  landing: 0.5470857640000304
  view-data: 0.551921789000005
