times:
  edit-metadata: 1.5097851622849703
  landing: 0.019004818983376026
  view-data: 0.11810525320470333
