times:
  edit-metadata: 1.4996365802362561
  landing: 0.020090099424123764
  view-data: 0.1211736723780632
