times:
  edit-metadata: 1.6004043947905302
  landing: 0.2897814568132162
  view-data: 0.028337378054857254
