times:
  edit-metadata: 1.4028883762657642
  landing: 0.7512294314801693
  view-data: 3.4214967265725136
