times:
  edit-metadata: 0.53708391985856
  landing: 0.055171553045511246
  view-data: 0.2224154679570347
