times:
  edit-metadata: 1.415182288736105
  landing: 0.6783261112868786
  view-data: 3.3101651035249233
