times:
  edit-metadata: 1.4873952800408006
  landing: 0.8998371213674545
  view-data: 3.3287524254992604
