times:
  edit-metadata: 0.8145148300100118
  landing: 0.05012943805195391
  view-data: 0.1944617759436369
