times:
  landing: 0.5448989899999788
  view-data: 0.5521282539999675
