times:
  edit-metadata: 1.3690848872065544
  landing: 0.7633239664137363
  view-data: 3.3338720239698887
