times:
  edit-metadata: 2.1006285743787885
  landing: 0.26942855678498745
  view-data: 0.36974603310227394
