times:
  landing: 1.0777433890000339
  view-data: 0.5567047999999772
