times:
  edit-metadata: 1.8974105957895517
  landing: 0.21953422762453556
  view-data: 0.18742034398019314
