times:
  edit-metadata: 1.5142577439546585
  landing: 1.0741722285747528
  view-data: 3.412106364965439
