times:
  landing: 0.5491168609999022
  view-data: 0.5543865520000963
