times:
  edit-metadata: 1.448084581643343
  landing: 0.020649448037147522
  view-data: 0.1259792596101761
