times:
  edit-metadata: 0.6020123960915953
  landing: 0.054756477009505033
  view-data: 0.22978193603921682
