times:
  edit-metadata: 0.5193486558273435
  landing: 0.047627270221710205
  view-data: 0.23135823290795088
