times:
  edit-metadata: 0.8770023584365845
  landing: 0.6506925746798515
  view-data: 0.24018781259655952
