times:
  edit-metadata: 1.9056729711592197
  landing: 1.3155419528484344
  view-data: 3.392796792089939
