times:
  edit-metadata: 1.520556265488267
  landing: 0.021289565600454807
  view-data: 0.11637134104967117
