times:
  edit-metadata: 1.4853749377653003
  landing: 0.020517420955002308
  view-data: 0.27429057378321886
