times:
  edit-metadata: 1.5906526769977063
  landing: 0.7569515350041911
  view-data: 3.364321657922119
