times:
  edit-metadata: 1.369351640343666
  landing: 0.9503297880291939
  view-data: 3.3472870886325836
