times:
  edit-metadata: 0.7895292270695791
  landing: 0.0505402049748227
  view-data: 0.1923068700125441
