times:
  edit-metadata: 0.6146752979839221
  landing: 0.044499876035843045
  view-data: 0.23028290702495724
