times:
  edit-metadata: 1.5251939939334989
  landing: 0.18876677472144365
  view-data: 0.04370658937841654
