times:
  edit-metadata: 0.8446833956986666
  landing: 0.7597163524478674
  view-data: 0.30765277333557606
