times:
  edit-metadata: 1.6860334537923336
  landing: 0.1675274707376957
  view-data: 0.38437912054359913
