times:
  edit-metadata: 1.4563009478151798
  landing: 0.1332936305552721
  view-data: 0.12433701287955046
