times:
  edit-metadata: 0.8144494140287861
  landing: 0.059187393984757364
  view-data: 0.21599256398621947
