times:
  edit-metadata: 0.5696922689676285
  landing: 0.04899191902950406
  view-data: 0.20758298318833113
