times:
  edit-metadata: 0.5262345320079476
  landing: 0.047633502166718245
  view-data: 0.22951819607988
