times:
  edit-metadata: 1.539284823462367
  landing: 0.15261799097061157
  view-data: 0.027610046789050102
