times:
  edit-metadata: 1.9296634271740913
  landing: 1.2046995274722576
  view-data: 3.5459582172334194
