times:
  edit-metadata: 1.5740191647782922
  landing: 0.09656250197440386
  view-data: 0.12764095794409513
