times:
  landing: 0.5789205169999718
  view-data: 0.5773415169999794
