times:
  edit-metadata: 1.5258306106552482
  landing: 0.1351587474346161
  view-data: 0.09965220466256142
