times:
  edit-metadata: 1.549412328749895
  landing: 0.7652417197823524
  view-data: 3.3535506911575794
