times:
  edit-metadata: 1.8164413953199983
  landing: 0.30027642007917166
  view-data: 0.3022895706817508
