times:
  edit-metadata: 0.8928349353373051
  landing: 1.6166883911937475
  view-data: 0.6067502796649933
