times:
  edit-metadata: 2.0052792225033045
  landing: 0.322620851919055
  view-data: 0.4593151342123747
