times:
  edit-metadata: 0.8658393567893654
  landing: 0.04913930199109018
  view-data: 0.19633465609513223
