times:
  edit-metadata: 0.985038984566927
  landing: 1.1250225603580475
  view-data: 0.633201627060771
