times:
  edit-metadata: 1.495597379282117
  landing: 0.1159067414700985
  view-data: 0.023508853279054165
