times:
  edit-metadata: 1.696499977260828
  landing: 1.1797590032219887
  view-data: 3.4777667224407196
