times:
  edit-metadata: 1.562988806515932
  landing: 0.02036128006875515
  view-data: 0.13397740200161934
