times:
  edit-metadata: 1.7791636865586042
  landing: 1.3775671925395727
  view-data: 3.525993736460805
