times:
  edit-metadata: 0.6241683819971513
  landing: 0.05575977999251336
  view-data: 0.2245391449832823
