times:
  edit-metadata: 1.962728493846953
  landing: 0.9113456141203642
  view-data: 3.3948634760454297
