times:
  landing: 0.5412733509999725
  view-data: 0.5456683099999964
