times:
  edit-metadata: 2.2778054354712367
  landing: 1.1830186368897557
  view-data: 3.549616432748735
