times:
  edit-metadata: 0.7636921529774554
  landing: 0.05123777798144147
  view-data: 0.19119617401156574
