times:
  edit-metadata: 0.8165473267436028
  landing: 0.050883762538433075
  view-data: 0.20611510425806046
