times:
  edit-metadata: 0.5416322988457978
  landing: 0.04952298477292061
  view-data: 0.20422115921974182
