times:
  edit-metadata: 1.5615898426622152
  landing: 0.018608148209750652
  view-data: 0.024424636736512184
