times:
  edit-metadata: 1.4964047726243734
  landing: 1.1136332182213664
  view-data: 3.463521192781627
