times:
  edit-metadata: 1.5060927057638764
  landing: 1.0121337501332164
  view-data: 3.472001942805946
