times:
  edit-metadata: 0.7611397139999099
  landing: 0.04427860600026179
  view-data: 0.19314348900024925
