times:
  edit-metadata: 1.3566459584981203
  landing: 0.7755241189152002
  view-data: 3.378433195874095
