times:
  landing: 1.0669870330000322
  view-data: 0.5515099069999678
