times:
  edit-metadata: 1.4715819247066975
  landing: 0.7407525759190321
  view-data: 3.3559944704174995
