times:
  edit-metadata: 1.5320680364966393
  landing: 0.17290698178112507
  view-data: 0.02513870596885681
