times:
  edit-metadata: 0.9431554339826107
  landing: 0.055082445964217186
  view-data: 0.21981891011819243
