times:
  landing: 0.5498838539999724
  view-data: 0.5521435080000856
