times:
  landing: 0.5528263119999792
  view-data: 0.5584960500000307
