times:
  edit-metadata: 0.7921428605914116
  landing: 1.0918555483222008
  view-data: 0.6045900341123343
