times:
  landing: 0.5509969500000125
  view-data: 0.047630518000005395
