times:
  edit-metadata: 0.5142753459513187
  landing: 0.04658558499068022
  view-data: 0.2416181389708072
