times:
  edit-metadata: 1.4763144738972187
  landing: 0.17180244717746973
  view-data: 0.13473484572023153
