times:
  edit-metadata: 2.084990054368973
  landing: 1.2671115919947624
  view-data: 3.5019378773868084
