times:
  edit-metadata: 1.8372502066195011
  landing: 1.3317774794995785
  view-data: 3.44973037019372
