times:
  edit-metadata: 0.9040370879229158
  landing: 0.06305709900334477
  view-data: 0.22573747113347054
