times:
  edit-metadata: 0.5604240843094885
  landing: 0.05450865998864174
  view-data: 0.19308695988729596
