times:
  landing: 0.5790191389999109
  view-data: 0.5632320219999656
