times:
  landing: 0.5536411609999732
  view-data: 0.5571666550000032
