times:
  edit-metadata: 0.5100292779970914
  landing: 0.055616997997276485
  view-data: 0.22952031693421304
