times:
  edit-metadata: 1.5863920710980892
  landing: 0.770203959196806
  view-data: 0.9154635891318321
