times:
  edit-metadata: 1.5064369570463896
  landing: 0.02060243207961321
  view-data: 0.11683564353734255
