times:
  edit-metadata: 2.5484297405928373
  landing: 1.501804320141673
  view-data: 3.4557467019185424
