times:
  landing: 1.0623943119999808
  view-data: 0.5468217399999844
