times:
  edit-metadata: 1.624829345033504
  landing: 0.8259367579594254
  view-data: 3.38231588806957
