times:
  edit-metadata: 1.455023973248899
  landing: 0.021885521709918976
  view-data: 0.023381509818136692
