times:
  edit-metadata: 1.5696533434092999
  landing: 0.17016451992094517
  view-data: 0.024747276678681374
