times:
  edit-metadata: 0.8222741391509771
  landing: 1.250768594443798
  view-data: 0.4256594069302082
