times:
  edit-metadata: 0.8375438004732132
  landing: 0.04915265366435051
  view-data: 0.19320806488394737
