times:
  landing: 1.0801882690000184
  view-data: 0.05510909200000924
