times:
  edit-metadata: 1.2344776433892548
  landing: 0.2553240628913045
  view-data: 0.4485457460395992
