times:
  edit-metadata: 2.332846226170659
  landing: 1.418911436572671
  view-data: 3.410422157496214
