times:
  landing: 1.0706625260000067
  view-data: 0.5540163370000073
