times:
  edit-metadata: 0.8067783378064632
  landing: 0.05414217710494995
  view-data: 0.19626154750585556
