times:
  edit-metadata: 1.5744258053600788
  landing: 1.0418918654322624
  view-data: 3.3618264012038708
