times:
  landing: 0.5491964230000121
  view-data: 0.5487643459999845
