times:
  landing: 1.084004608999976
  view-data: 0.552004586999999
