times:
  landing: 0.5465170460000195
  view-data: 0.5513553139999772
