times:
  edit-metadata: 0.8502439707517624
  landing: 0.06875460222363472
  view-data: 0.1992114968597889
