times:
  edit-metadata: 0.5367662059143186
  landing: 0.046357539016753435
  view-data: 0.19463688088580966
