times:
  edit-metadata: 0.8213411800097674
  landing: 0.05024426500312984
  view-data: 0.21106106089428067
