times:
  edit-metadata: 1.4642774425446987
  landing: 0.7356447298079729
  view-data: 3.587794939056039
