times:
  edit-metadata: 1.508936726488173
  landing: 0.021867988631129265
  view-data: 0.02339643333107233
