times:
  edit-metadata: 0.8137507131323218
  landing: 0.05199325596913695
  view-data: 0.191103870049119
