times:
  edit-metadata: 0.6791350480052643
  landing: 0.05400114000076428
  view-data: 0.20552486000815406
