times:
  edit-metadata: 0.6454204469919205
  landing: 0.04631779808551073
  view-data: 0.2606283649802208
