times:
  edit-metadata: 1.3259806651622057
  landing: 0.8174876654520631
  view-data: 3.3758791675791144
