times:
  edit-metadata: 1.4447964616119862
  landing: 0.7819220758974552
  view-data: 3.379411906003952
