times:
  edit-metadata: 0.7942054644227028
  landing: 0.0428243987262249
  view-data: 0.1965119130909443
