times:
  edit-metadata: 0.6177506390959024
  landing: 0.05125491973012686
  view-data: 0.20523876696825027
