times:
  edit-metadata: 0.7860455249901861
  landing: 0.04982241103425622
  view-data: 0.21344556799158454
