times:
  edit-metadata: 1.549247320741415
  landing: 4.172844856977463
  view-data: 3.417188636958599
