times:
  edit-metadata: 0.5172500461339951
  landing: 0.05003260588273406
  view-data: 0.19056279677897692
