times:
  edit-metadata: 0.5115903997793794
  landing: 0.048761995043605566
  view-data: 0.3575847139582038
