times:
  edit-metadata: 1.5054035540670156
  landing: 0.785958543419838
  view-data: 3.4415398016572
