times:
  edit-metadata: 0.5990042069461197
  landing: 0.048536767018958926
  view-data: 0.22917011403478682
