times:
  edit-metadata: 0.8933098297566175
  landing: 0.7836289796978235
  view-data: 0.30585116893053055
