times:
  edit-metadata: 1.510355168953538
  landing: 0.019464639015495777
  view-data: 0.02297275885939598
