times:
  edit-metadata: 1.7924489881843328
  landing: 0.020794034004211426
  view-data: 0.13681910559535027
