times:
  edit-metadata: 0.8320862166583538
  landing: 0.6533377468585968
  view-data: 0.626826323568821
