times:
  edit-metadata: 0.7979998660739511
  landing: 0.056531774112954736
  view-data: 0.20606276881881058
