times:
  edit-metadata: 1.8277055025100708
  landing: 0.9993826877325773
  view-data: 3.3623256515711546
