times:
  edit-metadata: 1.5116885742172599
  landing: 0.09687911625951529
  view-data: 0.09837309550493956
