times:
  edit-metadata: 0.7703852460253984
  landing: 0.04784848913550377
  view-data: 0.23123879893682897
