times:
  edit-metadata: 0.8110145200043917
  landing: 1.6109568942338228
  view-data: 0.6045392286032438
