times:
  edit-metadata: 0.7776080099865794
  landing: 0.04705585213378072
  view-data: 0.18519865069538355
