times:
  edit-metadata: 0.8090623132884502
  landing: 0.05128312483429909
  view-data: 0.19492502883076668
