times:
  edit-metadata: 1.3618638925254345
  landing: 0.9481473490595818
  view-data: 3.405179001390934
