times:
  edit-metadata: 1.5947397057898343
  landing: 0.9415460079908371
  view-data: 3.340372373815626
