times:
  edit-metadata: 0.5448378400178626
  landing: 0.04913588101044297
  view-data: 0.3712839250219986
