times:
  edit-metadata: 0.7995191920199431
  landing: 0.05031115299789235
  view-data: 0.19251654803520069
