times:
  edit-metadata: 1.8618023376911879
  landing: 1.2722186986356974
  view-data: 3.5711619276553392
