times:
  edit-metadata: 2.0210789516568184
  landing: 1.2675720527768135
  view-data: 3.4264976382255554
