times:
  edit-metadata: 1.5659810584038496
  landing: 0.018828672356903553
  view-data: 0.44233399722725153
