times:
  edit-metadata: 0.6267999080009758
  landing: 0.04743177100317553
  view-data: 0.2086881810100749
