times:
  edit-metadata: 0.7997816726565361
  landing: 0.055989257991313934
  view-data: 0.20126422867178917
