times:
  edit-metadata: 0.7976364411879331
  landing: 0.04743851418606937
  view-data: 0.20105282380245626
