times:
  edit-metadata: 1.5363062135875225
  landing: 0.021089715883135796
  view-data: 0.3293394334614277
