times:
  edit-metadata: 0.7780785094946623
  landing: 1.62216991558671
  view-data: 0.6029289364814758
