times:
  landing: 0.5534519069999533
  view-data: 0.5670606959999986
