times:
  landing: 0.5468529470000192
  view-data: 0.5475827539999898
