times:
  edit-metadata: 1.7169163562357426
  landing: 0.2135141622275114
  view-data: 0.1952674463391304
