times:
  edit-metadata: 0.8357912171632051
  landing: 0.05226802499964833
  view-data: 0.1913871350698173
