times:
  edit-metadata: 0.5760157881304622
  landing: 0.042886897921562195
  view-data: 0.2108556516468525
