times:
  edit-metadata: 0.8588614631444216
  landing: 0.883656470105052
  view-data: 0.3300446067005396
