times:
  edit-metadata: 1.5565567258745432
  landing: 0.1506474120542407
  view-data: 0.024227856658399105
