times:
  edit-metadata: 1.583893246948719
  landing: 1.9544876106083393
  view-data: 3.330805614590645
