times:
  edit-metadata: 1.5470463940873742
  landing: 0.2371636014431715
  view-data: 0.10135697945952415
