times:
  edit-metadata: 0.8799301218241453
  landing: 0.7680424377322197
  view-data: 0.3126519713550806
