times:
  edit-metadata: 0.5154386991634965
  landing: 0.041932747699320316
  view-data: 0.20719165820628405
