times:
  edit-metadata: 1.4876113198697567
  landing: 0.12770549673587084
  view-data: 0.24012081045657396
