times:
  edit-metadata: 0.9359425846487284
  landing: 2.4392158947885036
  view-data: 0.6557260788977146
