times:
  landing: 0.5466117039999858
  view-data: 0.5860868059999973
