times:
  landing: 1.0683313520000297
  view-data: 0.5540799839999977
