times:
  edit-metadata: 1.4977611117064953
  landing: 0.12381619960069656
  view-data: 0.12070340756326914
