times:
  landing: 0.5468529739999894
  view-data: 0.5512253440000165
