times:
  edit-metadata: 1.484755354002118
  landing: 0.7454876559786499
  view-data: 3.3334951840806752
