times:
  landing: 0.5594868539999993
  view-data: 0.07068180499999244
