times:
  edit-metadata: 0.760387297719717
  landing: 0.4738152176141739
  view-data: 0.19740401208400726
