times:
  edit-metadata: 0.7311021769419312
  landing: 0.05100476602092385
  view-data: 0.29621982341632247
