times:
  edit-metadata: 1.4913588240742683
  landing: 0.9849528856575489
  view-data: 3.3637147955596447
