times:
  edit-metadata: 0.7802549749612808
  landing: 0.05045703426003456
  view-data: 0.1939004398882389
