times:
  edit-metadata: 1.658798043616116
  landing: 0.10617521218955517
  view-data: 0.5035506915301085
