times:
  landing: 0.5626648279999813
  view-data: 0.5579113960000086
