times:
  edit-metadata: 1.5503403209149837
  landing: 1.0709980987012386
  view-data: 3.3676491044461727
