times:
  edit-metadata: 1.4050124026834965
  landing: 0.7290319353342056
  view-data: 0.6110144536942244
