times:
  edit-metadata: 1.7109841611236334
  landing: 0.18274215422570705
  view-data: 0.35259854048490524
