times:
  edit-metadata: 0.5972538678906858
  landing: 0.043606454972177744
  view-data: 0.22552935034036636
