times:
  edit-metadata: 1.8975873738527298
  landing: 1.0732081197202206
  view-data: 3.457477603107691
