times:
  landing: 1.0722896039999341
  view-data: 0.5618064230000073
