times:
  landing: 1.0674319819999596
  view-data: 0.5551034179999874
