times:
  edit-metadata: 1.7062708120793104
  landing: 0.23789950646460056
  view-data: 0.3116042762994766
