times:
  edit-metadata: 0.8225533217191696
  landing: 0.05132490396499634
  view-data: 0.18743504211306572
