times:
  edit-metadata: 1.4770882539451122
  landing: 0.23141824826598167
  view-data: 0.14148699678480625
