times:
  edit-metadata: 1.3973367884755135
  landing: 0.8885793685913086
  view-data: 3.3169707618653774
