times:
  landing: 1.0671837969999842
  view-data: 0.5533694270000069
