times:
  edit-metadata: 0.6097267318982631
  landing: 0.04527511296328157
  view-data: 0.21520794206298888
