times:
  edit-metadata: 0.8279788219369948
  landing: 0.046221116092056036
  view-data: 0.1939327830914408
