times:
  landing: 1.809302156092599
  view-data: 0.03607265301980078
