times:
  edit-metadata: 1.7563918679952621
  landing: 0.22106900624930859
  view-data: 0.44983854331076145
