times:
  edit-metadata: 0.811358209932223
  landing: 0.04081671196036041
  view-data: 0.1916007250547409
