times:
  edit-metadata: 1.8230255879461765
  landing: 1.1062838323414326
  view-data: 3.4059699550271034
