times:
  edit-metadata: 1.41671949531883
  landing: 0.020166384056210518
  view-data: 0.26739275362342596
