times:
  edit-metadata: 2.236553275026381
  landing: 1.1404699999839067
  view-data: 3.5312675456516445
