times:
  landing: 0.5594523919999972
  view-data: 0.5550373229999934
