times:
  edit-metadata: 0.5351293189451098
  landing: 0.04656453477218747
  view-data: 0.22401684010401368
