times:
  edit-metadata: 1.3856517150998116
  landing: 0.12471777386963367
  view-data: 0.2306657526642084
