times:
  edit-metadata: 0.532344198320061
  landing: 0.049359255004674196
  view-data: 0.1913249189965427
