times:
  landing: 0.5486420230000135
  view-data: 0.5510316539999849
