times:
  landing: 0.5459773949996816
  view-data: 0.5500370850004401
