times:
  edit-metadata: 1.5471320459619164
  landing: 0.01984344609081745
  view-data: 0.22546196170151234
