times:
  edit-metadata: 1.4617506843060255
  landing: 0.02148660086095333
  view-data: 0.39359658770263195
