times:
  edit-metadata: 0.5437116520479321
  landing: 0.0512518547475338
  view-data: 0.19584538089111447
