times:
  edit-metadata: 0.9868005369789898
  landing: 0.06837203004397452
  view-data: 0.32907733001047745
