times:
  edit-metadata: 1.4567602723836899
  landing: 0.8165575098246336
  view-data: 3.3799831308424473
