times:
  landing: 0.5571313350000082
  view-data: 0.048234683999965
