times:
  edit-metadata: 1.4115053936839104
  landing: 1.098660435527563
  view-data: 3.321678314357996
