times:
  edit-metadata: 1.7133118696510792
  landing: 0.14889661129564047
  view-data: 0.24801745545119047
