times:
  edit-metadata: 1.568728811107576
  landing: 0.020276150666177273
  view-data: 0.022768893279135227
