times:
  edit-metadata: 1.367879956960678
  landing: 0.69538863748312
  view-data: 3.360042056068778
