times:
  edit-metadata: 1.5381687879562378
  landing: 0.8899434562772512
  view-data: 3.3021089658141136
