times:
  landing: 1.100957894999965
  view-data: 0.5600346360000685
