times:
  edit-metadata: 1.4915772005915642
  landing: 0.20179464481770992
  view-data: 0.022914855740964413
