times:
  edit-metadata: 0.5364206628873944
  landing: 0.05161308962851763
  view-data: 0.20370488986372948
