times:
  edit-metadata: 0.8343847543001175
  landing: 0.047877781093120575
  view-data: 0.20610502362251282
