times:
  edit-metadata: 1.4527526777237654
  landing: 0.82308345194906
  view-data: 3.7174457209184766
