times:
  edit-metadata: 1.6882096859626472
  landing: 1.0014321021735668
  view-data: 3.507721967995167
