times:
  edit-metadata: 0.5155595517717302
  landing: 0.04339570878073573
  view-data: 0.18665819196030498
