times:
  edit-metadata: 2.2782004177570343
  landing: 0.8606160506606102
  view-data: 3.356985069811344
