times:
  edit-metadata: 0.5217175194993615
  landing: 0.053060105070471764
  view-data: 0.2030708845704794
