times:
  edit-metadata: 1.5317325126379728
  landing: 0.12261315621435642
  view-data: 0.02821039780974388
