times:
  edit-metadata: 1.4377673864364624
  landing: 0.724052682518959
  view-data: 3.3167918771505356
