times:
  edit-metadata: 1.5576073378324509
  landing: 0.8357670903205872
  view-data: 3.4757228270173073
