times:
  edit-metadata: 1.4331613034009933
  landing: 0.8090799823403358
  view-data: 3.4042897671461105
