times:
  edit-metadata: 1.499863889068365
  landing: 0.8736300840973854
  view-data: 3.3790792152285576
