times:
  edit-metadata: 1.5415416732430458
  landing: 0.7874050065875053
  view-data: 3.4594341069459915
