times:
  edit-metadata: 1.3699665665626526
  landing: 0.7375470250844955
  view-data: 3.3307401314377785
