times:
  edit-metadata: 1.3765258938074112
  landing: 0.732675090432167
  view-data: 3.399331994354725
