times:
  edit-metadata: 1.4058562852442265
  landing: 0.7060847282409668
  view-data: 3.3307569548487663
