times:
  edit-metadata: 1.3895729705691338
  landing: 0.765794076025486
  view-data: 3.2767836563289165
