times:
  edit-metadata: 1.5152387544512749
  landing: 0.7700999863445759
  view-data: 3.309690836817026
