times:
  edit-metadata: 1.4642238840460777
  landing: 0.8157040923833847
  view-data: 3.464834824204445
