times:
  edit-metadata: 1.5074442811310291
  landing: 0.816602885723114
  view-data: 3.2985475212335587
