times:
  edit-metadata: 1.455476999282837
  landing: 0.9137758910655975
  view-data: 3.566049411892891
