times:
  edit-metadata: 1.463751956820488
  landing: 0.7313268184661865
  view-data: 3.30618866533041
