times:
  edit-metadata: 1.3821496814489365
  landing: 0.6571116149425507
  view-data: 3.450746864080429
