times:
  edit-metadata: 1.4224221408367157
  landing: 0.7212436124682426
  view-data: 3.416714370250702
