times:
  edit-metadata: 1.525078408420086
  landing: 0.7873677760362625
  view-data: 3.324558809399605
