times:
  edit-metadata: 1.4946492835879326
  landing: 0.7897653877735138
  view-data: 3.359061248600483
