times:
  edit-metadata: 1.4431935213506222
  landing: 0.6997717544436455
  view-data: 3.263762056827545
