times:
  edit-metadata: 1.4047294482588768
  landing: 0.7465397752821445
  view-data: 3.3451150842010975
