times:
  edit-metadata: 1.4230295941233635
  landing: 0.7360153421759605
  view-data: 3.427696295082569
