times:
  edit-metadata: 1.5554696843028069
  landing: 0.9158394709229469
  view-data: 3.441693902015686
