times:
  edit-metadata: 1.522699996829033
  landing: 0.8457586094737053
  view-data: 3.2734186947345734
