times:
  edit-metadata: 1.4749294742941856
  landing: 0.77873220667243
  view-data: 3.336919203400612
