times:
  edit-metadata: 1.3759538233280182
  landing: 0.7831288576126099
  view-data: 3.3503226190805435
