times:
  edit-metadata: 1.5524149984121323
  landing: 0.7971701137721539
  view-data: 3.376874301582575
