times:
  edit-metadata: 1.4874601662158966
  landing: 0.6900944709777832
  view-data: 3.303089417517185
