times:
  edit-metadata: 1.404407985508442
  landing: 0.6835215240716934
  view-data: 3.4672336876392365
