times:
  edit-metadata: 1.4936368465423584
  landing: 0.7194595634937286
  view-data: 3.3943567872047424
