times:
  edit-metadata: 1.5316187292337418
  landing: 0.8686597570776939
  view-data: 3.358670860528946
