times:
  edit-metadata: 1.3948661237955093
  landing: 0.7883720993995667
  view-data: 3.413055695593357
