times:
  edit-metadata: 1.432142324745655
  landing: 0.7324472293257713
  view-data: 3.425792783498764
