times:
  edit-metadata: 1.4956607297062874
  landing: 0.7977901846170425
  view-data: 3.4018881246447563
