times:
  edit-metadata: 1.3944015130400658
  landing: 0.8682117834687233
  view-data: 3.501765727996826
