times:
  edit-metadata: 1.5795451141893864
  landing: 0.8838647343218327
  view-data: 3.359172224998474
