times:
  edit-metadata: 1.6159459576010704
  landing: 0.8300197720527649
  view-data: 3.394222378730774
