times:
  edit-metadata: 1.6313143409788609
  landing: 0.8642865419387817
  view-data: 3.405352793633938
