times:
  edit-metadata: 1.6279916390776634
  landing: 0.7723014503717422
  view-data: 3.343640014529228
