times:
  edit-metadata: 1.9088521227240562
  landing: 1.0332028940320015
  view-data: 3.5631505250930786
