times:
  edit-metadata: 2.314158782362938
  landing: 1.2339819855988026
  view-data: 3.6266389787197113
