times:
  edit-metadata: 1.378463763743639
  landing: 0.7763024792075157
  view-data: 3.331615887582302
