times:
  edit-metadata: 1.4066495895385742
  landing: 0.821644987910986
  view-data: 3.3633590787649155
