times:
  edit-metadata: 1.4733494073152542
  landing: 0.7517999671399593
  view-data: 3.288542702794075
