times:
  edit-metadata: 1.5172476917505264
  landing: 0.8807782232761383
  view-data: 3.296138733625412
