times:
  edit-metadata: 1.958453718572855
  landing: 1.0102264806628227
  view-data: 3.361049860715866
