times:
  edit-metadata: 1.5590042546391487
  landing: 0.7118041589856148
  view-data: 3.402848444879055
