times:
  edit-metadata: 1.5185866802930832
  landing: 0.6976213231682777
  view-data: 3.270460031926632
