times:
  edit-metadata: 1.7562292478978634
  landing: 0.8830150477588177
  view-data: 3.306691661477089
