times:
  edit-metadata: 1.49039276689291
  landing: 0.7662384137511253
  view-data: 3.3568396121263504
