times:
  edit-metadata: 1.4078785255551338
  landing: 0.716537743806839
  view-data: 3.4347369596362114
