times:
  edit-metadata: 1.4778153412044048
  landing: 0.8419626876711845
  view-data: 3.3328303657472134
