times:
  edit-metadata: 1.3799725100398064
  landing: 0.8304769024252892
  view-data: 3.4894674122333527
