times:
  edit-metadata: 1.4944743290543556
  landing: 0.9333097040653229
  view-data: 3.3390179984271526
