times:
  edit-metadata: 1.430653389543295
  landing: 0.742485336959362
  view-data: 3.365008257329464
