times:
  edit-metadata: 1.466708280146122
  landing: 0.7929931133985519
  view-data: 3.302389435470104
