times:
  edit-metadata: 1.3928006067872047
  landing: 0.7536504045128822
  view-data: 3.370706632733345
