times:
  edit-metadata: 1.4632742553949356
  landing: 0.870621919631958
  view-data: 3.3176700845360756
