times:
  edit-metadata: 1.440986044704914
  landing: 0.7416368462145329
  view-data: 3.3220321871340275
