times:
  edit-metadata: 1.527380544692278
  landing: 0.9162049330770969
  view-data: 3.315487075597048
