times:
  edit-metadata: 1.415294997394085
  landing: 0.7802682369947433
  view-data: 3.449902929365635
