times:
  edit-metadata: 1.7992473654448986
  landing: 1.1055730804800987
  view-data: 3.3746632039546967
