times:
  edit-metadata: 1.3916909769177437
  landing: 0.7649035677313805
  view-data: 3.4704130068421364
