times:
  edit-metadata: 2.0750675722956657
  landing: 1.1901986822485924
  view-data: 3.674528531730175
