times:
  edit-metadata: 1.884214274585247
  landing: 0.8913900144398212
  view-data: 3.3997561372816563
