times:
  edit-metadata: 1.3757805973291397
  landing: 0.7603248208761215
  view-data: 3.491752363741398
