times:
  edit-metadata: 1.8844505846500397
  landing: 0.9628467410802841
  view-data: 3.344259463250637
