times:
  edit-metadata: 1.4130639806389809
  landing: 0.8127700164914131
  view-data: 3.425962783396244
