times:
  edit-metadata: 1.5010073333978653
  landing: 0.8860256224870682
  view-data: 3.5413869693875313
