times:
  edit-metadata: 1.3721502982079983
  landing: 0.9744042940437794
  view-data: 3.280544590204954
