times:
  edit-metadata: 1.279098391532898
  landing: 0.7439938634634018
  view-data: 3.5382449850440025
