times:
  edit-metadata: 1.5552237406373024
  landing: 0.7268359512090683
  view-data: 3.442912571132183
