times:
  edit-metadata: 1.4359995052218437
  landing: 0.8454296737909317
  view-data: 3.3254260569810867
