times:
  edit-metadata: 1.4007552340626717
  landing: 0.7294314876198769
  view-data: 3.492428869009018
