times:
  edit-metadata: 1.5134482979774475
  landing: 0.8619775846600533
  view-data: 3.3522797487676144
