times:
  edit-metadata: 1.5672621876001358
  landing: 0.7629588693380356
  view-data: 3.3833648562431335
