times:
  edit-metadata: 1.532419003546238
  landing: 0.6879826039075851
  view-data: 3.4798411950469017
