times:
  edit-metadata: 1.4328049197793007
  landing: 0.7312412261962891
  view-data: 3.25788888707757
