times:
  edit-metadata: 1.436393104493618
  landing: 0.7228882610797882
  view-data: 3.5259393006563187
