times:
  edit-metadata: 1.5174398347735405
  landing: 0.8361838236451149
  view-data: 3.3358156979084015
