times:
  edit-metadata: 1.5228899493813515
  landing: 0.6984093636274338
  view-data: 3.4441603422164917
