times:
  edit-metadata: 1.4248310178518295
  landing: 0.7567510455846786
  view-data: 3.2710613533854485
