times:
  edit-metadata: 1.5100942999124527
  landing: 0.7998016923666
  view-data: 3.5096299573779106
