times:
  edit-metadata: 1.3926559649407864
  landing: 0.7688441388309002
  view-data: 3.2656502835452557
