times:
  edit-metadata: 3.1933279782533646
  landing: 2.557658478617668
  view-data: 3.86565151065588
