times:
  edit-metadata: 1.412562943994999
  landing: 0.7417023852467537
  view-data: 3.357643909752369
