times:
  edit-metadata: 1.6848758086562157
  landing: 0.9509810134768486
  view-data: 3.447585850954056
