times:
  edit-metadata: 1.3955570608377457
  landing: 0.8270679488778114
  view-data: 3.6156603917479515
