times:
  edit-metadata: 1.8286821320652962
  landing: 0.8117181733250618
  view-data: 3.461193010210991
