times:
  edit-metadata: 1.4241948500275612
  landing: 0.7398854568600655
  view-data: 3.529561385512352
