times:
  edit-metadata: 1.5475516617298126
  landing: 0.8760158494114876
  view-data: 3.52699738740921
