times:
  edit-metadata: 1.500417374074459
  landing: 0.7183374240994453
  view-data: 3.2459797970950603
