times:
  edit-metadata: 1.637976035475731
  landing: 0.8816823437809944
  view-data: 3.545852690935135
