times:
  edit-metadata: 2.721282407641411
  landing: 1.57821673899889
  view-data: 3.632687158882618
