times:
  edit-metadata: 1.3693364039063454
  landing: 0.8207259513437748
  view-data: 3.3388197980821133
