times:
  edit-metadata: 1.5824174359440804
  landing: 0.9157847762107849
  view-data: 3.3487965911626816
