times:
  edit-metadata: 1.5317201428115368
  landing: 0.7703194543719292
  view-data: 3.2791952788829803
