times:
  edit-metadata: 1.799081988632679
  landing: 1.024765931069851
  view-data: 3.351711168885231
