times:
  edit-metadata: 1.4670343101024628
  landing: 0.7679084241390228
  view-data: 3.5479328259825706
