times:
  edit-metadata: 1.5331170186400414
  landing: 0.6895043849945068
  view-data: 3.523277699947357
