times:
  edit-metadata: 1.4157459437847137
  landing: 0.7558846399188042
  view-data: 3.368831943720579
