times:
  edit-metadata: 1.4056950807571411
  landing: 0.7711615562438965
  view-data: 3.3919052183628082
