times:
  edit-metadata: 1.370764821767807
  landing: 0.7480637952685356
  view-data: 3.43429809063673
