times:
  edit-metadata: 1.8761155754327774
  landing: 0.8973702639341354
  view-data: 3.3332855254411697
