times:
  edit-metadata: 1.5015033930540085
  landing: 0.709841676056385
  view-data: 3.4874237775802612
