times:
  edit-metadata: 1.5765336006879807
  landing: 0.8083839565515518
  view-data: 3.310470722615719
