times:
  edit-metadata: 1.5392883904278278
  landing: 0.848738931119442
  view-data: 3.325987782329321
