times:
  edit-metadata: 1.6079561673104763
  landing: 0.9063061401247978
  view-data: 3.3091285787522793
