times:
  edit-metadata: 1.41686200350523
  landing: 0.7487188503146172
  view-data: 3.4545625001192093
