times:
  edit-metadata: 1.5444815047085285
  landing: 0.7649836502969265
  view-data: 3.304063305258751
