times:
  edit-metadata: 1.5439865551888943
  landing: 0.7849736288189888
  view-data: 3.3240566849708557
