times:
  edit-metadata: 1.4733791016042233
  landing: 0.7317339964210987
  view-data: 3.2970824241638184
