times:
  edit-metadata: 1.5167550221085548
  landing: 0.7303656190633774
  view-data: 3.4229536652565002
