times:
  edit-metadata: 1.5399527475237846
  landing: 0.8547982946038246
  view-data: 3.309129126369953
