times:
  edit-metadata: 1.5256664492189884
  landing: 0.7985770888626575
  view-data: 3.3592221438884735
