times:
  edit-metadata: 1.4441241212189198
  landing: 0.8546674586832523
  view-data: 3.2856252677738667
