times:
  edit-metadata: 1.634131733328104
  landing: 0.9584164060652256
  view-data: 3.3296746760606766
