times:
  edit-metadata: 1.3581617549061775
  landing: 0.7441099807620049
  view-data: 3.519576445221901
