times:
  edit-metadata: 1.567502349615097
  landing: 6.8955051228404045
  view-data: 3.5021868869662285
