times:
  edit-metadata: 1.5447859391570091
  landing: 0.8202979043126106
  view-data: 3.5011125206947327
