times:
  edit-metadata: 1.443822968751192
  landing: 0.8560952581465244
  view-data: 3.3947511948645115
