times:
  edit-metadata: 1.6375848725438118
  landing: 0.7958194687962532
  view-data: 3.562632240355015
