times:
  edit-metadata: 1.4966433346271515
  landing: 0.8051167577505112
  view-data: 3.3174173049628735
