times:
  edit-metadata: 1.483679547905922
  landing: 0.7305750772356987
  view-data: 3.5514053106307983
