times:
  edit-metadata: 1.4432147182524204
  landing: 0.7838643491268158
  view-data: 3.3561560437083244
