times:
  edit-metadata: 1.440853774547577
  landing: 0.7415994480252266
  view-data: 3.4702774062752724
