times:
  edit-metadata: 1.5590794272720814
  landing: 0.9580400735139847
  view-data: 3.4137425385415554
