times:
  edit-metadata: 1.424455612897873
  landing: 0.7455843761563301
  view-data: 3.468625247478485
