times:
  edit-metadata: 2.0267589390277863
  landing: 1.1480938643217087
  view-data: 3.7253411933779716
