times:
  edit-metadata: 1.504624754190445
  landing: 0.7543372735381126
  view-data: 3.386041581630707
