times:
  edit-metadata: 1.4237588495016098
  landing: 0.7737926319241524
  view-data: 3.499061442911625
