times:
  edit-metadata: 1.6376709938049316
  landing: 0.794529914855957
  view-data: 3.2802315652370453
