times:
  edit-metadata: 1.5579145662486553
  landing: 0.858739361166954
  view-data: 3.407334342598915
