times:
  edit-metadata: 1.4810886830091476
  landing: 0.8331510871648788
  view-data: 3.35025966912508
