times:
  edit-metadata: 1.4724221751093864
  landing: 0.8925329223275185
  view-data: 3.3149292692542076
