times:
  edit-metadata: 1.3259029015898705
  landing: 0.7778109237551689
  view-data: 3.443351000547409
