times:
  edit-metadata: 1.4699511975049973
  landing: 0.7776268050074577
  view-data: 3.428001791238785
