times:
  edit-metadata: 1.5510693490505219
  landing: 0.7644177675247192
  view-data: 3.4515905901789665
