times:
  edit-metadata: 1.646695725619793
  landing: 0.7420144975185394
  view-data: 3.365636106580496
