times:
  edit-metadata: 1.3615834191441536
  landing: 0.7692915797233582
  view-data: 3.307695545256138
