times:
  edit-metadata: 1.4652670621871948
  landing: 0.7763772532343864
  view-data: 3.5187805742025375
