times:
  edit-metadata: 1.3784217648208141
  landing: 0.7776476815342903
  view-data: 3.3056661039590836
