times:
  edit-metadata: 1.4412331357598305
  landing: 0.7910934239625931
  view-data: 3.32354499399662
