times:
  edit-metadata: 1.4075256139039993
  landing: 0.7085509896278381
  view-data: 3.4477434158325195
