times:
  edit-metadata: 1.3998686037957668
  landing: 0.7473886609077454
  view-data: 3.3216948807239532
