times:
  edit-metadata: 1.3606178984045982
  landing: 0.8159313946962357
  view-data: 3.521259345114231
