times:
  edit-metadata: 1.4466219209134579
  landing: 0.7164915353059769
  view-data: 3.3563918694853783
