times:
  edit-metadata: 1.4484836161136627
  landing: 0.8122460395097733
  view-data: 3.3293295428156853
