times:
  edit-metadata: 1.3945999406278133
  landing: 0.716708593070507
  view-data: 3.3987157829105854
