times:
  edit-metadata: 1.5129380226135254
  landing: 0.7348107919096947
  view-data: 3.5292860940098763
