times:
  edit-metadata: 1.4573365971446037
  landing: 0.7595764920115471
  view-data: 3.4963079169392586
