times:
  edit-metadata: 1.5643683057278395
  landing: 0.01918203756213188
  view-data: 0.1204447541385889
