times:
  edit-metadata: 1.9887451771646738
  landing: 0.6422448195517063
  view-data: 0.6513795964419842
