times:
  edit-metadata: 0.7584306870121509
  landing: 0.0489284610375762
  view-data: 0.22976878401823342
