times:
  edit-metadata: 1.656344499439001
  landing: 0.9388904087245464
  view-data: 3.3347360007464886
