times:
  edit-metadata: 0.7554025300778449
  landing: 0.04560526390559971
  view-data: 0.22632363392040133
