times:
  edit-metadata: 1.572697788476944
  landing: 0.042539797723293304
  view-data: 0.2229558862745762
