times:
  landing: 1.0635368519999702
  view-data: 0.5476354420000007
