times:
  edit-metadata: 1.7711612284183502
  landing: 1.1405930668115616
  view-data: 0.3282027840614319
