times:
  landing: 0.5520936739999911
  view-data: 0.5548371880000218
