times:
  edit-metadata: 0.7243237243965268
  landing: 0.05565713718533516
  view-data: 0.22320773638784885
