times:
  edit-metadata: 1.5724321259185672
  landing: 0.020330880768597126
  view-data: 0.11806179210543633
