times:
  edit-metadata: 0.7680520503781736
  landing: 0.05193811096251011
  view-data: 0.21568970987573266
