times:
  edit-metadata: 0.8391277540358715
  landing: 0.04660712101031095
  view-data: 0.23189804999856278
