times:
  edit-metadata: 1.5506658619269729
  landing: 0.021560193970799446
  view-data: 0.025991681031882763
