times:
  landing: 0.5442477030000248
  view-data: 0.5442253029999904
