times:
  landing: 0.5603007599999614
  view-data: 0.5601555270000063
