times:
  edit-metadata: 1.575815881602466
  landing: 0.02336983196437359
  view-data: 0.025917419232428074
