times:
  edit-metadata: 1.5116051733493805
  landing: 0.8043907396495342
  view-data: 3.4501077085733414
