times:
  landing: 0.6215417490000164
  view-data: 0.5538904890000254
