times:
  edit-metadata: 1.6903920443728566
  landing: 0.021542455069720745
  view-data: 0.026982403360307217
