times:
  edit-metadata: 0.7611488210095558
  landing: 0.050776454008882865
  view-data: 0.23123193098581396
