times:
  landing: 0.5632828679999875
  view-data: 0.056273371999992605
