times:
  edit-metadata: 1.3776946207508445
  landing: 0.04929522518068552
  view-data: 0.23411901388317347
