times:
  landing: 1.0773923360000026
  view-data: 0.5617699979999884
