times:
  edit-metadata: 1.700559058226645
  landing: 0.9643733790144324
  view-data: 3.4692825926467776
