times:
  edit-metadata: 1.8679137490689754
  landing: 1.0652665216475725
  view-data: 3.346675118431449
