times:
  landing: 0.555903738000012
  view-data: 0.5496518809999884
