times:
  edit-metadata: 0.6796124479733407
  landing: 0.053919111378490925
  view-data: 0.20530731277540326
