times:
  edit-metadata: 1.1798735749907792
  landing: 0.042525338008999825
  view-data: 0.2084772608941421
