times:
  edit-metadata: 1.7772429678589106
  landing: 0.21514789201319218
  view-data: 0.02439442276954651
