times:
  landing: 0.5514278809999951
  view-data: 0.5540927999999781
