times:
  edit-metadata: 1.5584571026265621
  landing: 0.7634810172021389
  view-data: 0.22342894226312637
