times:
  edit-metadata: 1.5279232151806355
  landing: 0.7626982685178518
  view-data: 3.431246193125844
