times:
  edit-metadata: 1.7486890368163586
  landing: 1.1812294032424688
  view-data: 0.6519277803599834
