times:
  edit-metadata: 0.757529366761446
  landing: 0.044029366225004196
  view-data: 0.246057344134897
