times:
  edit-metadata: 1.6428690403699875
  landing: 0.9865525402128696
  view-data: 0.2328747920691967
