times:
  landing: 0.5720886689999816
  view-data: 0.5542176490000088
