times:
  edit-metadata: 0.6999241672456264
  landing: 0.053103513084352016
  view-data: 0.20570159377530217
