times:
  edit-metadata: 1.7644159886986017
  landing: 0.1492312178015709
  view-data: 0.025711514055728912
