times:
  edit-metadata: 1.5566551312804222
  landing: 0.937506265938282
  view-data: 3.3581864200532436
