times:
  edit-metadata: 1.4204417020082474
  landing: 0.9519656226038933
  view-data: 3.3402403108775616
