times:
  edit-metadata: 1.7866313233971596
  landing: 0.020637772977352142
  view-data: 0.3708585761487484
