times:
  edit-metadata: 1.5554355382919312
  landing: 0.045369960367679596
  view-data: 0.22271785512566566
