times:
  edit-metadata: 1.703467383980751
  landing: 0.11619530245661736
  view-data: 0.026722168549895287
