times:
  edit-metadata: 1.7290868517011404
  landing: 0.02040068805217743
  view-data: 0.026419777423143387
