times:
  edit-metadata: 0.8448942630002421
  landing: 0.06492456600017249
  view-data: 0.2379691860001003
