times:
  edit-metadata: 1.1159580736421049
  landing: 0.045397293753921986
  view-data: 0.20990203274413943
