times:
  landing: 1.5911262060000126
  view-data: 0.5603564200000051
