times:
  edit-metadata: 0.7333860378712416
  landing: 0.04960306314751506
  view-data: 0.2192446361295879
