times:
  edit-metadata: 0.7252327268943191
  landing: 0.05235712183639407
  view-data: 0.20456317719072104
