times:
  edit-metadata: 1.4870953275822103
  landing: 0.8745566089637578
  view-data: 3.288691248279065
