times:
  landing: 1.0721588419999648
  view-data: 0.558565743000031
