times:
  edit-metadata: 1.4492767760530114
  landing: 0.7869239170104265
  view-data: 3.3360637959558517
