times:
  landing: 0.5601050470000075
  view-data: 0.5613060160000032
