times:
  edit-metadata: 0.7028494682163
  landing: 0.047480457462370396
  view-data: 0.21785515453666449
