times:
  landing: 0.5624537959999998
  view-data: 0.0672357340000076
