times:
  edit-metadata: 1.6921201534569263
  landing: 1.0816400051116943
  view-data: 3.5010015964508057
