times:
  edit-metadata: 1.7231594435870647
  landing: 1.1421457082033157
  view-data: 0.2171423640102148
