times:
  edit-metadata: 1.8275919239968061
  landing: 0.7372261937707663
  view-data: 0.32902076840400696
