times:
  edit-metadata: 1.846208220347762
  landing: 0.47376771830022335
  view-data: 0.35355084761977196
