times:
  edit-metadata: 1.5583227779716253
  landing: 0.7786757349967957
  view-data: 3.539606301113963
