times:
  edit-metadata: 1.5226464550942183
  landing: 0.7462839744985104
  view-data: 3.384230811148882
