times:
  edit-metadata: 1.7087863478809595
  landing: 0.5794792156666517
  view-data: 0.6374742481857538
