times:
  edit-metadata: 1.741620035842061
  landing: 0.5289959870278835
  view-data: 0.22562256455421448
