times:
  edit-metadata: 1.6294315867125988
  landing: 2.6495339311659336
  view-data: 0.6178916152566671
