times:
  landing: 0.5511700509999855
  view-data: 0.5558644520000371
