times:
  landing: 1.0669863490000466
  view-data: 0.5619301339999652
