times:
  edit-metadata: 1.121844531968236
  landing: 0.05079528992064297
  view-data: 0.20130318589508533
