times:
  edit-metadata: 0.6859805611893535
  landing: 0.05200850311666727
  view-data: 0.20779996598139405
