times:
  edit-metadata: 1.1005742029519752
  landing: 0.04539111000485718
  view-data: 0.21762427303474396
