times:
  edit-metadata: 0.756312265060842
  landing: 0.04257315490394831
  view-data: 0.2172104837372899
