times:
  landing: 0.5528744319999532
  view-data: 0.5553436809998402
