times:
  edit-metadata: 1.698107548058033
  landing: 0.36591484770178795
  view-data: 0.22467073798179626
