times:
  edit-metadata: 1.3913599513471127
  landing: 0.8433169219642878
  view-data: 3.320745652541518
