times:
  landing: 0.5553091499999994
  view-data: 0.557033457000017
