times:
  edit-metadata: 0.778931668959558
  landing: 0.052967734169214964
  view-data: 0.23378206696361303
