times:
  edit-metadata: 1.9186055697500706
  landing: 1.2171639557927847
  view-data: 3.5716196140274405
