times:
  edit-metadata: 1.5679813511669636
  landing: 0.05741073563694954
  view-data: 0.22380616143345833
