times:
  edit-metadata: 1.1273275141138583
  landing: 0.04543276899494231
  view-data: 0.19461683183908463
