times:
  edit-metadata: 1.939606400206685
  landing: 0.6537333261221647
  view-data: 0.22716349735856056
