times:
  edit-metadata: 1.568027662113309
  landing: 0.021769920364022255
  view-data: 0.12943387124687433
