times:
  edit-metadata: 1.6602212898433208
  landing: 0.127423451282084
  view-data: 0.28929859306663275
