times:
  edit-metadata: 0.6886116699315608
  landing: 0.055099557153880596
  view-data: 0.2105474602431059
