times:
  edit-metadata: 0.6653741868212819
  landing: 0.049494216218590736
  view-data: 0.203159190248698
