times:
  edit-metadata: 1.6645595775917172
  landing: 0.023118048906326294
  view-data: 0.1609814716503024
