times:
  edit-metadata: 1.7770771253854036
  landing: 1.06487319432199
  view-data: 0.2379597332328558
