times:
  edit-metadata: 1.518787370994687
  landing: 0.8006089758127928
  view-data: 3.4016288444399834
