times:
  edit-metadata: 1.8156995922327042
  landing: 0.5635011456906796
  view-data: 0.33140107057988644
