times:
  edit-metadata: 0.7784919699188322
  landing: 0.04934030002914369
  view-data: 0.21679227193817496
