times:
  edit-metadata: 1.669695321470499
  landing: 0.7751078400760889
  view-data: 0.2645962592214346
