times:
  landing: 1.074835281999981
  view-data: 0.5513235029999919
