times:
  edit-metadata: 1.6572856958955526
  landing: 1.8668569084256887
  view-data: 0.3368186950683594
