times:
  edit-metadata: 1.545517086982727
  landing: 0.04815918207168579
  view-data: 0.22103624418377876
