times:
  edit-metadata: 1.4118578729685396
  landing: 0.8082677500788122
  view-data: 3.338685986935161
