times:
  landing: 1.0816111130000081
  view-data: 0.5517098990000022
