times:
  edit-metadata: 1.5642652651295066
  landing: 0.020296654663980007
  view-data: 0.026468385942280293
