times:
  landing: 0.5537589809999872
  view-data: 0.5594631139999819
