times:
  edit-metadata: 1.5574664734303951
  landing: 0.9280582368373871
  view-data: 3.428188230842352
