times:
  edit-metadata: 1.7507416028529406
  landing: 0.020837504416704178
  view-data: 0.2902031969279051
