times:
  edit-metadata: 1.0424293889664114
  landing: 0.044648179318755865
  view-data: 0.28628959879279137
