times:
  edit-metadata: 1.0863476359518245
  landing: 0.04458125797100365
  view-data: 0.20600652904249728
