times:
  edit-metadata: 1.5576160605996847
  landing: 0.8256153017282486
  view-data: 3.3576406445354223
