times:
  edit-metadata: 1.8003299944102764
  landing: 0.19494139030575752
  view-data: 0.4017473356798291
