times:
  edit-metadata: 1.541370578110218
  landing: 0.7635536752641201
  view-data: 3.4189081508666277
