times:
  edit-metadata: 1.4817407540977001
  landing: 1.4464259147644043
  view-data: 3.351781141012907
