times:
  edit-metadata: 1.5822166753932834
  landing: 0.11741855088621378
  view-data: 0.2112120222300291
