times:
  edit-metadata: 1.5284317880868912
  landing: 0.7693139016628265
  view-data: 3.3069215044379234
