times:
  edit-metadata: 1.906541982665658
  landing: 0.21602536737918854
  view-data: 0.3660681303590536
