times:
  edit-metadata: 1.1054494520649314
  landing: 0.05058243090752512
  view-data: 0.2092860060511157
