times:
  edit-metadata: 1.554033812135458
  landing: 0.05394021421670914
  view-data: 0.22340017557144165
