times:
  edit-metadata: 0.8415749948471785
  landing: 0.05126985302194953
  view-data: 0.23638680577278137
