times:
  edit-metadata: 1.5208318047225475
  landing: 0.7659036945551634
  view-data: 3.5584998223930597
