times:
  edit-metadata: 2.014347940683365
  landing: 0.21581744775176048
  view-data: 0.02458813600242138
