times:
  edit-metadata: 1.7311843410134315
  landing: 0.5336729679256678
  view-data: 0.22532904706895351
