times:
  edit-metadata: 1.729311617091298
  landing: 0.16926332004368305
  view-data: 0.32598167285323143
