times:
  landing: 0.5532470919999923
  view-data: 0.551481568999975
