times:
  edit-metadata: 1.6209338139742613
  landing: 0.04814776964485645
  view-data: 0.02415617648512125
