times:
  edit-metadata: 1.5693517094478011
  landing: 0.18802473600953817
  view-data: 0.024601605720818043
