times:
  edit-metadata: 1.5832423493266106
  landing: 0.04468321055173874
  view-data: 0.2292155846953392
