times:
  edit-metadata: 1.7555787097662687
  landing: 0.01922162063419819
  view-data: 0.3459067568182945
