times:
  edit-metadata: 2.0495684426277876
  landing: 0.01975721027702093
  view-data: 0.4861271372064948
