times:
  landing: 0.5543263259999947
  view-data: 0.053343749000021035
