times:
  edit-metadata: 1.6955041829496622
  landing: 0.5699576288461685
  view-data: 0.6392905246466398
