times:
  edit-metadata: 1.5997500978410244
  landing: 0.05408253148198128
  view-data: 0.22446729242801666
