times:
  edit-metadata: 1.323953391984105
  landing: 0.05235025496222079
  view-data: 0.21726335398852825
