times:
  edit-metadata: 1.6104777213186026
  landing: 0.790520690381527
  view-data: 3.385405385866761
