times:
  edit-metadata: 0.6798301981762052
  landing: 0.054395281709730625
  view-data: 0.21280746068805456
