times:
  edit-metadata: 0.755759147927165
  landing: 0.0645110949408263
  view-data: 0.21965496591292322
