times:
  edit-metadata: 1.275062581000384
  landing: 0.05844959197565913
  view-data: 0.2047751159989275
