times:
  edit-metadata: 1.0781903809402138
  landing: 0.04997692792676389
  view-data: 0.20761035510804504
