times:
  landing: 1.065006975999978
  view-data: 0.552985614999983
