times:
  edit-metadata: 1.520191429182887
  landing: 0.7879062034189701
  view-data: 3.4381748512387276
