times:
  edit-metadata: 1.4956130795180798
  landing: 0.8623805707320571
  view-data: 3.338534800335765
