times:
  edit-metadata: 1.6656688749790192
  landing: 1.0254233088344336
  view-data: 0.20259944535791874
