times:
  edit-metadata: 1.5642510587349534
  landing: 0.021819154731929302
  view-data: 0.12596927117556334
