times:
  edit-metadata: 1.8619788121432066
  landing: 0.6443462837487459
  view-data: 0.3350703436881304
