times:
  edit-metadata: 1.5264196507632732
  landing: 0.9522436019033194
  view-data: 3.420502668246627
