times:
  edit-metadata: 1.9127498548477888
  landing: 0.020255686715245247
  view-data: 0.16555115208029747
