times:
  edit-metadata: 0.6972955949604511
  landing: 0.053827657364308834
  view-data: 0.22855740878731012
