times:
  edit-metadata: 1.4542214628309011
  landing: 0.8186037614941597
  view-data: 3.362973703071475
