times:
  landing: 0.552550373000031
  view-data: 0.5573990959999833
