times:
  edit-metadata: 1.5438674837350845
  landing: 0.48167955316603184
  view-data: 0.21110853366553783
