times:
  edit-metadata: 1.9315274450927973
  landing: 0.02337009832262993
  view-data: 0.02576826885342598
