times:
  edit-metadata: 1.7826939057558775
  landing: 0.020516108721494675
  view-data: 0.024807540699839592
