times:
  landing: 0.5523992640000017
  view-data: 0.5566813780000075
