times:
  edit-metadata: 1.9337781481444836
  landing: 0.2338564470410347
  view-data: 0.15427044220268726
