times:
  edit-metadata: 1.1170594906434417
  landing: 0.04786715982481837
  view-data: 0.204751992598176
