times:
  edit-metadata: 1.6963073359802365
  landing: 0.16361368540674448
  view-data: 0.24093708209693432
