times:
  landing: 1.0758612690000007
  view-data: 0.5611494270000037
