times:
  edit-metadata: 1.7189175393432379
  landing: 1.0462238490581512
  view-data: 0.4280097559094429
