times:
  edit-metadata: 1.1141890189610422
  landing: 0.04335610195994377
  view-data: 0.21073840407188982
