times:
  edit-metadata: 1.5613942611962557
  landing: 0.9302239585667849
  view-data: 3.4337711660191417
