times:
  edit-metadata: 1.3971684989519417
  landing: 0.7930597253143787
  view-data: 3.3305137380957603
