times:
  edit-metadata: 1.5413442067801952
  landing: 0.8239717036485672
  view-data: 3.417019087821245
