times:
  edit-metadata: 1.5586741864681244
  landing: 0.02139689214527607
  view-data: 0.12036058027297258
