times:
  edit-metadata: 1.7621952909976244
  landing: 0.020160362124443054
  view-data: 0.09667130187153816
