times:
  landing: 1.0822302679999893
  view-data: 0.5623923459999958
