times:
  edit-metadata: 1.1053868900053203
  landing: 0.04716633795760572
  view-data: 0.19700356712564826
