times:
  edit-metadata: 1.0916286916472018
  landing: 0.05465995194390416
  view-data: 0.2096437239088118
