times:
  edit-metadata: 1.5667960830032825
  landing: 0.05391606688499451
  view-data: 0.22286302596330643
