times:
  edit-metadata: 0.7529963710112497
  landing: 0.052724607987329364
  view-data: 0.23775189701700583
