times:
  edit-metadata: 1.7885689102113247
  landing: 0.6113783325999975
  view-data: 0.2140359878540039
