times:
  edit-metadata: 1.5249206721782684
  landing: 0.7845087982714176
  view-data: 3.367263074964285
