times:
  landing: 0.5521796559999927
  view-data: 0.5575435119999952
