times:
  edit-metadata: 1.2344565580133349
  landing: 0.07267088210210204
  view-data: 0.2085772620048374
