times:
  edit-metadata: 1.8003375474363565
  landing: 0.1964441630989313
  view-data: 0.31572519056499004
