times:
  edit-metadata: 0.7400265452452004
  landing: 0.04158473992720246
  view-data: 0.22198353707790375
