times:
  edit-metadata: 1.7323838472366333
  landing: 0.15617074631154537
  view-data: 0.09480890166014433
