times:
  edit-metadata: 1.7629494704306126
  landing: 1.6542341616004705
  view-data: 0.6399089395999908
