times:
  edit-metadata: 1.5977459885179996
  landing: 0.7682721316814423
  view-data: 3.394138175994158
