times:
  edit-metadata: 1.884981855750084
  landing: 1.1540564987808466
  view-data: 0.6655253414064646
