times:
  edit-metadata: 0.9303150121122599
  landing: 0.06718456000089645
  view-data: 0.3424069578759372
