times:
  edit-metadata: 0.6838110210373998
  landing: 0.0452067912556231
  view-data: 0.20424789004027843
