times:
  edit-metadata: 0.7628199229948223
  landing: 0.04677132400684059
  view-data: 0.3883877298794687
