times:
  edit-metadata: 1.4109003767371178
  landing: 0.9230875968933105
  view-data: 3.332440346479416
