times:
  edit-metadata: 1.713683020323515
  landing: 0.5752130057662725
  view-data: 0.6614389680325985
