times:
  edit-metadata: 2.0766446329653263
  landing: 1.0646005999296904
  view-data: 3.496419908478856
