times:
  edit-metadata: 2.3257626928389072
  landing: 1.0155838057398796
  view-data: 3.4412635639309883
