times:
  edit-metadata: 1.6302982922643423
  landing: 1.037674868479371
  view-data: 0.2099617626518011
