times:
  edit-metadata: 1.6039189901202917
  landing: 0.022050402127206326
  view-data: 0.11856804881244898
