times:
  edit-metadata: 1.6334921903908253
  landing: 0.020380930975079536
  view-data: 0.026288151741027832
