times:
  edit-metadata: 1.1947753420099616
  landing: 0.057873176876455545
  view-data: 0.21529673179611564
