times:
  edit-metadata: 1.8684730902314186
  landing: 0.2501418385654688
  view-data: 0.3045804351568222
