times:
  edit-metadata: 0.7256892248988152
  landing: 0.057962947990745306
  view-data: 0.21524339029565454
