times:
  edit-metadata: 1.5567133408039808
  landing: 0.7252590786665678
  view-data: 3.505523206666112
