times:
  landing: 0.5565897429999609
  view-data: 0.5602141969999934
