times:
  edit-metadata: 0.7772707270924002
  landing: 0.046064896043390036
  view-data: 0.21619364502839744
