times:
  edit-metadata: 0.7138384226709604
  landing: 0.046378422528505325
  view-data: 0.20948921889066696
