times:
  edit-metadata: 0.6947595588862896
  landing: 0.05242886207997799
  view-data: 0.22238685004413128
