times:
  edit-metadata: 2.4925922276452184
  landing: 1.3418018883094192
  view-data: 3.697773592546582
