times:
  edit-metadata: 2.4883257411420345
  landing: 0.9248237907886505
  view-data: 3.334924552589655
