times:
  landing: 0.5677688889999786
  view-data: 0.5612402649999808
