times:
  edit-metadata: 1.9328629188239574
  landing: 0.022987501695752144
  view-data: 0.023086974397301674
