times:
  edit-metadata: 1.3477419205009937
  landing: 0.8714561648666859
  view-data: 3.3391377590596676
