times:
  edit-metadata: 1.2892809230006606
  landing: 0.045613837000018975
  view-data: 0.20941850100007287
