times:
  edit-metadata: 1.8969861678779125
  landing: 1.1012077704071999
  view-data: 3.3936214596033096
