times:
  edit-metadata: 1.7524310869630426
  landing: 0.055818506982177496
  view-data: 0.23471492319367826
