times:
  edit-metadata: 1.7153957691043615
  landing: 0.7136123720556498
  view-data: 3.3586221747100353
