times:
  edit-metadata: 1.7780156917870045
  landing: 1.1452933326363564
  view-data: 3.650746814906597
