times:
  edit-metadata: 1.4692286669742316
  landing: 0.806807852932252
  view-data: 3.3876633839681745
