times:
  edit-metadata: 1.7884016428142786
  landing: 0.5394261348992586
  view-data: 0.2137766145169735
