times:
  landing: 1.7021825960837305
  view-data: 0.03200613195076585
