times:
  edit-metadata: 1.7421731445938349
  landing: 0.8407036121934652
  view-data: 3.350452756509185
