times:
  edit-metadata: 1.882156452164054
  landing: 0.26672657392919064
  view-data: 0.15543530695140362
