times:
  edit-metadata: 1.1186611629091203
  landing: 0.05268100509420037
  view-data: 0.21843678876757622
