times:
  edit-metadata: 1.850243428722024
  landing: 0.20957781188189983
  view-data: 0.023311937227845192
