times:
  edit-metadata: 1.4849443305283785
  landing: 0.8828264903277159
  view-data: 3.4008519928902388
