times:
  landing: 0.5683116120000022
  view-data: 0.5588470120000011
