times:
  edit-metadata: 1.6964974757283926
  landing: 0.6188240982592106
  view-data: 0.6356163416057825
