times:
  edit-metadata: 1.550013942644
  landing: 0.7493135780096054
  view-data: 3.4218362029641867
