times:
  landing: 0.5565211729999646
  view-data: 0.5545759399999497
