times:
  edit-metadata: 0.8362403251230717
  landing: 0.0481398687697947
  view-data: 0.22509315889328718
