times:
  edit-metadata: 1.557923298329115
  landing: 0.8250333070755005
  view-data: 3.4653727002441883
