times:
  edit-metadata: 1.6252165734767914
  landing: 0.0530233159661293
  view-data: 0.21670812740921974
