times:
  landing: 0.5554019639999979
  view-data: 0.5665880870000137
