times:
  landing: 0.5513698990000648
  view-data: 0.5544267999999875
