times:
  edit-metadata: 2.0412354171276093
  landing: 0.9744328409433365
  view-data: 3.4207337759435177
