times:
  edit-metadata: 1.611931424587965
  landing: 0.7414349783211946
  view-data: 3.3679198808968067
