times:
  landing: 0.5518905600000039
  view-data: 0.5587060400000041
