times:
  edit-metadata: 1.468553698156029
  landing: 0.9422108381986618
  view-data: 3.3957547689788043
