times:
  edit-metadata: 0.7843472780077718
  landing: 0.051375386014115065
  view-data: 0.23158096201950684
