times:
  edit-metadata: 0.6784272436052561
  landing: 0.050428999587893486
  view-data: 0.21475781966000795
