times:
  edit-metadata: 1.7735957484692335
  landing: 0.6489655822515488
  view-data: 0.209456292912364
