times:
  edit-metadata: 1.3835416473448277
  landing: 0.8034330382943153
  view-data: 3.383328538388014
