times:
  edit-metadata: 0.7785578051116318
  landing: 0.04609039309434593
  view-data: 0.2525701089762151
