times:
  edit-metadata: 1.5622133174911141
  landing: 0.020409733057022095
  view-data: 0.026765357702970505
