times:
  edit-metadata: 1.938805105164647
  landing: 0.9361053816974163
  view-data: 3.3757191579788923
