times:
  edit-metadata: 0.7674914570525289
  landing: 0.041146255971398205
  view-data: 0.24045793898403645
