times:
  edit-metadata: 1.293811528943479
  landing: 0.057133284863084555
  view-data: 0.22675211704336107
