times:
  edit-metadata: 1.1859337219502777
  landing: 0.04946519806981087
  view-data: 0.22681351494975388
