times:
  edit-metadata: 1.7418949520215392
  landing: 0.227526368573308
  view-data: 0.24297477770596743
