times:
  edit-metadata: 1.1566775490064174
  landing: 0.06003438215702772
  view-data: 0.23667599097825587
