times:
  landing: 1.058987636999973
  view-data: 0.543797756999993
