times:
  edit-metadata: 1.0528109178412706
  landing: 0.0404427470639348
  view-data: 0.21075153490528464
