times:
  landing: 1.068030629999953
  view-data: 0.5555367960000694
