times:
  edit-metadata: 1.5944131761789322
  landing: 0.021003080531954765
  view-data: 0.10296565853059292
