times:
  landing: 0.5602560270000083
  view-data: 0.5667166420000171
