times:
  edit-metadata: 2.1544465962797403
  landing: 0.13790860772132874
  view-data: 0.37332609854638577
