times:
  edit-metadata: 1.4199007526040077
  landing: 0.7625089101493359
  view-data: 3.331652771681547
