times:
  edit-metadata: 1.7867813128978014
  landing: 0.14506538771092892
  view-data: 0.029784752056002617
