times:
  edit-metadata: 0.821648532000836
  landing: 0.04526608399464749
  view-data: 0.2288687359978212
