times:
  edit-metadata: 0.6823933492414653
  landing: 0.04244541982188821
  view-data: 0.20857084495946765
