times:
  edit-metadata: 1.424263447523117
  landing: 0.7660982124507427
  view-data: 3.4357543028891087
