times:
  edit-metadata: 1.5394982676953077
  landing: 0.11674180533736944
  view-data: 0.025148630142211914
