times:
  edit-metadata: 1.8727305065840483
  landing: 0.021153375506401062
  view-data: 0.3375878408551216
