times:
  landing: 0.5732999620000214
  view-data: 0.5590863310000032
