times:
  edit-metadata: 1.709906980395317
  landing: 1.067276880145073
  view-data: 3.6383326947689056
