times:
  landing: 0.5497828190000007
  view-data: 0.5565732789999913
