times:
  edit-metadata: 2.032916944473982
  landing: 0.0194278322160244
  view-data: 0.3562056887894869
