times:
  landing: 1.0863092459999848
  view-data: 0.5637653009999894
