times:
  edit-metadata: 1.9517411906272173
  landing: 0.22631818987429142
  view-data: 0.28599691577255726
