times:
  landing: 1.1213376360001348
  view-data: 0.5545263760004673
