times:
  edit-metadata: 0.7227296661585569
  landing: 0.048355056904256344
  view-data: 0.20937043614685535
