times:
  edit-metadata: 1.5510377995669842
  landing: 0.9106543995440006
  view-data: 3.346528973430395
