times:
  edit-metadata: 1.4814743362367153
  landing: 0.7561701852828264
  view-data: 3.371990744024515
