times:
  landing: 0.5527049629999965
  view-data: 0.5493537600000309
