times:
  edit-metadata: 2.2613037759438157
  landing: 0.8588386159390211
  view-data: 3.522369391284883
