times:
  landing: 0.5411319050000429
  view-data: 0.5415640100000019
