times:
  edit-metadata: 1.2640866260044277
  landing: 0.050035946995194536
  view-data: 0.2093399750010576
