times:
  landing: 0.5489223820000007
  view-data: 0.5586181079999903
