times:
  edit-metadata: 0.7227582829073071
  landing: 0.047252802178263664
  view-data: 0.2069032364524901
