times:
  landing: 1.072223561000044
  view-data: 0.559732734000022
