times:
  edit-metadata: 0.7705054951366037
  landing: 0.04675791203044355
  view-data: 0.21685758186504245
