times:
  edit-metadata: 1.563676968216896
  landing: 0.7987465113401413
  view-data: 3.4822376146912575
