times:
  edit-metadata: 1.6653469875454903
  landing: 0.8441302236169577
  view-data: 0.32806695997714996
