times:
  edit-metadata: 1.5840065069496632
  landing: 0.023401407524943352
  view-data: 0.12092955876141787
