times:
  edit-metadata: 1.5995298959314823
  landing: 0.04637986794114113
  view-data: 0.2250639759004116
