times:
  edit-metadata: 1.5465125869959593
  landing: 0.11428063362836838
  view-data: 0.025378447026014328
