times:
  edit-metadata: 1.4490350671112537
  landing: 0.9779176972806454
  view-data: 3.4249953515827656
