times:
  edit-metadata: 1.539748176932335
  landing: 0.9059228971600533
  view-data: 3.3813257329165936
