times:
  edit-metadata: 1.6139750890433788
  landing: 0.6943049803376198
  view-data: 0.330007703974843
