times:
  edit-metadata: 1.777981225401163
  landing: 0.22191475704312325
  view-data: 0.2724363785237074
