times:
  edit-metadata: 2.093650920316577
  landing: 0.32134541682899
  view-data: 0.4063320718705654
