times:
  edit-metadata: 1.561767179518938
  landing: 0.021876448765397072
  view-data: 0.11923472490161657
