times:
  edit-metadata: 1.5712942220270634
  landing: 0.021855119615793228
  view-data: 0.48629747051745653
