times:
  edit-metadata: 0.8095592372119427
  landing: 0.04533017799258232
  view-data: 0.20882722921669483
