times:
  edit-metadata: 1.7779105883091688
  landing: 0.523600097745657
  view-data: 0.25162381306290627
