times:
  edit-metadata: 2.073793601244688
  landing: 0.976897731423378
  view-data: 3.3225770480930805
