times:
  edit-metadata: 0.7148790992796421
  landing: 0.044695512391626835
  view-data: 0.21411090902984142
