times:
  edit-metadata: 0.653057121206075
  landing: 0.04341939464211464
  view-data: 0.2112213559448719
