times:
  landing: 0.5699305419999519
  view-data: 0.5571288579999418
