times:
  edit-metadata: 1.4705445603467524
  landing: 0.7932471930980682
  view-data: 3.3856278136372566
