times:
  edit-metadata: 2.2347681559622288
  landing: 7.908386627212167
  view-data: 3.4668185226619244
