times:
  edit-metadata: 1.1955909598618746
  landing: 0.05052647413685918
  view-data: 0.22797689074650407
