times:
  edit-metadata: 1.5738235348835588
  landing: 0.021322007291018963
  view-data: 0.40720627550035715
