times:
  edit-metadata: 1.5974384061992168
  landing: 0.04744572192430496
  view-data: 0.2281581610441208
