times:
  edit-metadata: 1.908126413822174
  landing: 0.24409444630146027
  view-data: 0.3576003387570381
