times:
  edit-metadata: 1.347469987347722
  landing: 0.7247042041271925
  view-data: 3.3856935165822506
