times:
  edit-metadata: 1.696222236379981
  landing: 0.2050675880163908
  view-data: 0.1324637085199356
