times:
  edit-metadata: 1.3765814788639545
  landing: 0.8246718905866146
  view-data: 3.3301409780979156
