times:
  edit-metadata: 1.635629023425281
  landing: 0.09443860873579979
  view-data: 0.1332641150802374
