times:
  edit-metadata: 1.712117725983262
  landing: 0.13641983270645142
  view-data: 0.023354284465312958
