times:
  edit-metadata: 1.570686954073608
  landing: 0.023517444729804993
  view-data: 0.025373847223818302
