times:
  edit-metadata: 1.836743913590908
  landing: 0.8970245476812124
  view-data: 0.22888699918985367
