times:
  edit-metadata: 1.5366224385797977
  landing: 0.1239492567256093
  view-data: 0.11497758328914642
