times:
  landing: 1.0835247189999677
  view-data: 0.5503824079999617
