times:
  edit-metadata: 1.3109764490509406
  landing: 0.053632837953045964
  view-data: 0.21058200800325722
