times:
  edit-metadata: 0.9965520808473229
  landing: 0.07720558159053326
  view-data: 0.22265482181683183
