times:
  edit-metadata: 0.9259992311708629
  landing: 0.12115787435323
  view-data: 0.23201772710308433
