times:
  landing: 0.5461229689999811
  view-data: 0.5603306510000152
