times:
  landing: 0.545121010999992
  view-data: 0.5512207199999466
