times:
  landing: 1.081099694000045
  view-data: 0.5645152950000352
