times:
  edit-metadata: 0.9451303193345666
  landing: 0.051845256239175797
  view-data: 0.2328627137467265
