times:
  edit-metadata: 1.560807291418314
  landing: 0.04574640095233917
  view-data: 0.22249244526028633
