times:
  edit-metadata: 0.8306170715950429
  landing: 0.04546462185680866
  view-data: 0.23443770222365856
