times:
  edit-metadata: 1.5890802880749106
  landing: 0.020183450542390347
  view-data: 0.2307837950065732
