times:
  edit-metadata: 1.8883013390004635
  landing: 1.1219746358692646
  view-data: 3.43893332965672
