times:
  edit-metadata: 0.7493462888523936
  landing: 0.050272093154489994
  view-data: 0.22315263887867332
