times:
  edit-metadata: 1.5601894771680236
  landing: 0.1234250795096159
  view-data: 0.026094195432960987
