times:
  landing: 0.5517276100000004
  view-data: 0.5627042529999926
