times:
  edit-metadata: 1.0837015660945326
  landing: 0.055860826978459954
  view-data: 0.1990110978949815
