times:
  edit-metadata: 1.5024340655654669
  landing: 0.7918433398008347
  view-data: 3.3455322962254286
