times:
  edit-metadata: 1.5728166736662388
  landing: 0.04623028635978699
  view-data: 0.22457577660679817
