times:
  edit-metadata: 1.5857563875615597
  landing: 0.05007302388548851
  view-data: 0.23126250132918358
