times:
  landing: 1.0763923229999932
  view-data: 0.5573702280000248
