times:
  edit-metadata: 1.5208839122205973
  landing: 0.6828631013631821
  view-data: 3.3381399028003216
