times:
  landing: 0.5458596340000099
  view-data: 0.5522519820000014
