times:
  edit-metadata: 1.8241426888853312
  landing: 0.8592849858105183
  view-data: 3.427360546775162
