times:
  edit-metadata: 1.6746250800788403
  landing: 0.02126470021903515
  view-data: 0.026230541989207268
