times:
  edit-metadata: 0.6990295322611928
  landing: 0.051318527199327946
  view-data: 0.21809307765215635
