times:
  landing: 1.077717894000017
  view-data: 0.5608122199999741
