times:
  edit-metadata: 1.4793447409756482
  landing: 0.7787460810504854
  view-data: 3.366037802770734
