times:
  edit-metadata: 1.3142638789977354
  landing: 0.05045548400084954
  view-data: 0.2134774890000699
