times:
  edit-metadata: 0.9575087293051183
  landing: 0.05983490403741598
  view-data: 0.2326325559988618
