times:
  edit-metadata: 1.1302537129959092
  landing: 0.05124454293400049
  view-data: 0.20939017296768725
