times:
  edit-metadata: 1.7020713109523058
  landing: 0.5743513274937868
  view-data: 0.2092877570539713
