times:
  edit-metadata: 1.921448726207018
  landing: 0.020477870479226112
  view-data: 0.027798237279057503
