times:
  edit-metadata: 1.5261191427707672
  landing: 0.7168039195239544
  view-data: 3.3969893474131823
