times:
  edit-metadata: 0.7542110327631235
  landing: 0.04631183994933963
  view-data: 0.20791347604244947
