times:
  edit-metadata: 1.1107461559586227
  landing: 0.05387733597308397
  view-data: 0.20661173574626446
