times:
  landing: 1.066202340999979
  view-data: 0.5423042099999975
