times:
  edit-metadata: 1.6288320608437061
  landing: 0.05797162652015686
  view-data: 0.22878623381257057
