times:
  edit-metadata: 0.8991956650279462
  landing: 0.056640158873051405
  view-data: 0.23134681582450867
