times:
  landing: 1.0747857910000107
  view-data: 0.5587355279999997
