times:
  edit-metadata: 1.0218423721380532
  landing: 0.08688614796847105
  view-data: 0.3478359607979655
