times:
  edit-metadata: 1.6165598798543215
  landing: 0.5715267267078161
  view-data: 0.6529181525111198
