times:
  edit-metadata: 1.5119032729417086
  landing: 0.7806698027998209
  view-data: 3.381069304421544
