times:
  landing: 0.5477064940000105
  view-data: 0.5618665580000197
