times:
  edit-metadata: 1.8820292735472322
  landing: 0.8635478084906936
  view-data: 3.3175230091437697
