times:
  edit-metadata: 1.5875228140503168
  landing: 0.7150620967149734
  view-data: 3.2697146870195866
