times:
  edit-metadata: 1.105833565001376
  landing: 0.04770101606845856
  view-data: 0.21076428110245615
