times:
  landing: 0.5568398020000132
  view-data: 0.5538861080000004
