times:
  edit-metadata: 1.7400455754250288
  landing: 1.1564190182834864
  view-data: 0.6260568499565125
