times:
  edit-metadata: 1.148349231109023
  landing: 0.04568837699480355
  view-data: 0.20828770590014756
