times:
  edit-metadata: 1.4636541604995728
  landing: 0.9091991633176804
  view-data: 3.4361093640327454
