times:
  edit-metadata: 1.501621775329113
  landing: 1.0403884910047054
  view-data: 3.2970400787889957
