times:
  edit-metadata: 0.772441009990871
  landing: 0.04916038317605853
  view-data: 0.23754453216679394
