times:
  edit-metadata: 0.8183172420831397
  landing: 0.05319834791589528
  view-data: 0.23670525394845754
