times:
  edit-metadata: 0.7569943363778293
  landing: 0.04722025478258729
  view-data: 0.23089247522875667
