times:
  edit-metadata: 2.465617634356022
  landing: 2.178628910332918
  view-data: 3.380166281014681
