times:
  edit-metadata: 1.5662188036367297
  landing: 0.02177603915333748
  view-data: 0.02490033023059368
