times:
  landing: 0.5737703849999889
  view-data: 0.5562083419999908
