times:
  landing: 0.5488612380000291
  view-data: 0.5608421379999982
