times:
  edit-metadata: 1.7315285932272673
  landing: 0.21831087209284306
  view-data: 0.026762915775179863
