times:
  edit-metadata: 0.7896816120482981
  landing: 0.04295344278216362
  view-data: 0.21324377786368132
