times:
  edit-metadata: 1.9671512003988028
  landing: 0.020706431940197945
  view-data: 0.30839953385293484
