times:
  edit-metadata: 0.9766748220426962
  landing: 0.04497779899975285
  view-data: 0.23017020500265062
