times:
  edit-metadata: 1.8175525944679976
  landing: 0.027364203706383705
  view-data: 0.12265346571803093
