times:
  edit-metadata: 1.143514659954235
  landing: 0.04970783297903836
  view-data: 0.21359461988322437
