times:
  edit-metadata: 1.99755007494241
  landing: 0.02148508094251156
  view-data: 0.026582916267216206
