times:
  landing: 1.076591718999964
  view-data: 0.5721247509999898
