times:
  edit-metadata: 1.6253807675093412
  landing: 0.11984034068882465
  view-data: 0.026259005069732666
