times:
  edit-metadata: 1.7938175573945045
  landing: 0.4843747839331627
  view-data: 0.34454096108675003
