times:
  edit-metadata: 1.1205838540045079
  landing: 0.05723567699897103
  view-data: 0.20936664300097618
