times:
  edit-metadata: 0.8540726359933615
  landing: 0.04512802202953026
  view-data: 0.23050652095116675
