times:
  edit-metadata: 1.3354339133948088
  landing: 0.872209656983614
  view-data: 3.3249884881079197
