times:
  edit-metadata: 1.6193090341985226
  landing: 1.0492102019488811
  view-data: 3.3565199933946133
