times:
  edit-metadata: 1.7998473830521107
  landing: 0.1853941399604082
  view-data: 0.13075984455645084
