times:
  edit-metadata: 1.605491860769689
  landing: 0.12320477422326803
  view-data: 0.028547036461532116
