times:
  edit-metadata: 1.1613370478153229
  landing: 0.04415263398550451
  view-data: 0.19640948693268
