times:
  edit-metadata: 1.5111959711648524
  landing: 0.7886845269240439
  view-data: 3.352036268915981
