times:
  edit-metadata: 1.7344387006014585
  landing: 0.1232912726700306
  view-data: 0.1372003946453333
