times:
  edit-metadata: 1.7423023972660303
  landing: 0.021803973242640495
  view-data: 0.02787376195192337
