times:
  edit-metadata: 0.7719631330110133
  landing: 0.05487250303849578
  view-data: 0.2329248869791627
