times:
  edit-metadata: 1.6873429603874683
  landing: 0.5747736282646656
  view-data: 0.21792088449001312
