times:
  edit-metadata: 0.7655035669449717
  landing: 0.04699587216600776
  view-data: 0.2362822040449828
