times:
  edit-metadata: 1.5890155201777816
  landing: 0.020805018953979015
  view-data: 0.02707336936146021
