times:
  edit-metadata: 1.449720119824633
  landing: 0.7930092948954552
  view-data: 3.3644257369451225
