times:
  edit-metadata: 1.5482089323922992
  landing: 0.02358570322394371
  view-data: 0.41317014675587416
