times:
  edit-metadata: 1.543028250336647
  landing: 0.7575154472142458
  view-data: 3.4202355667948723
