times:
  edit-metadata: 1.3831358067691326
  landing: 0.05152479559183121
  view-data: 0.21638324111700058
