times:
  landing: 0.5455177750000075
  view-data: 0.5460726819999877
