times:
  edit-metadata: 1.7525431830435991
  landing: 0.020365402102470398
  view-data: 0.024559902027249336
