times:
  edit-metadata: 1.1010531659703702
  landing: 0.04246469400823116
  view-data: 0.210103741963394
