times:
  edit-metadata: 1.7225610483437777
  landing: 0.5863778255879879
  view-data: 0.6469857897609472
