times:
  landing: 1.5837075750000622
  view-data: 0.5506779950001146
