times:
  edit-metadata: 3.488518565893173
  landing: 2.370360005646944
  view-data: 4.340619619935751
