times:
  edit-metadata: 1.5222843810915947
  landing: 0.7566719967871904
  view-data: 3.4096918050199747
