times:
  edit-metadata: 1.543889719992876
  landing: 0.920759454369545
  view-data: 3.454892300069332
