times:
  landing: 0.5444068269999889
  view-data: 0.5543922859999952
