times:
  landing: 0.5500597189999894
  view-data: 0.5617299799999955
