times:
  landing: 0.5488248320000082
  view-data: 0.5591329989999849
