times:
  landing: 0.5626002519999815
  view-data: 0.5559466240000006
