times:
  landing: 0.5575436490000243
  view-data: 0.5681599199999994
