times:
  edit-metadata: 2.244126915000379
  landing: 1.2618616288527846
  view-data: 3.5596350892446935
