times:
  edit-metadata: 0.8531818659976125
  landing: 0.05144784098956734
  view-data: 0.2413303449866362
