times:
  edit-metadata: 1.5090199448168278
  landing: 0.04879259318113327
  view-data: 0.22358105331659317
