times:
  edit-metadata: 1.6388896564021707
  landing: 0.024145998992025852
  view-data: 0.02703039813786745
