times:
  edit-metadata: 2.3789890594780445
  landing: 0.3099518809467554
  view-data: 0.35226418636739254
