times:
  edit-metadata: 0.675793644040823
  landing: 0.050077883061021566
  view-data: 0.20691242115572095
