times:
  landing: 0.5549636520000831
  view-data: 0.5574023509999506
