times:
  edit-metadata: 0.7640106580220163
  landing: 0.045698584988713264
  view-data: 0.22697068890556693
