times:
  edit-metadata: 1.9393977038562298
  landing: 0.026401462033391
  view-data: 0.17504486627876759
