times:
  edit-metadata: 1.089784664043691
  landing: 0.043656812980771065
  view-data: 0.21335509599884972
