times:
  landing: 1.0703147649999778
  view-data: 1.0858387620000371
