times:
  edit-metadata: 1.7004050742834806
  landing: 0.021430088207125664
  view-data: 0.19622198306024075
