times:
  edit-metadata: 2.0916403122246265
  landing: 0.3104996159672737
  view-data: 0.024764159694314003
