times:
  edit-metadata: 1.126310891006142
  landing: 0.04377597803249955
  view-data: 0.20962614100426435
