times:
  landing: 0.5519436490000089
  view-data: 0.5611999170000104
