times:
  edit-metadata: 0.6782465148717165
  landing: 0.042547598015516996
  view-data: 0.2019896158017218
