times:
  landing: 0.5528777899999682
  view-data: 0.5600897760000407
