times:
  edit-metadata: 0.914373004809022
  landing: 0.06203809566795826
  view-data: 0.26121158618479967
