times:
  edit-metadata: 1.0998890569899231
  landing: 0.049465814838185906
  view-data: 0.19659527693875134
