times:
  edit-metadata: 2.192654265090823
  landing: 1.1532675377093256
  view-data: 3.3375131161883473
