times:
  edit-metadata: 0.746769022080116
  landing: 0.05243697599507868
  view-data: 0.23584655299782753
