times:
  edit-metadata: 2.1746953055262566
  landing: 1.5234537199139595
  view-data: 3.3629978261888027
