times:
  edit-metadata: 1.7762649897485971
  landing: 0.19827305153012276
  view-data: 0.3086900357156992
