times:
  edit-metadata: 1.7034396342933178
  landing: 0.9154137093573809
  view-data: 0.21569879166781902
