times:
  landing: 0.5524034920000531
  view-data: 0.5540528000000222
