times:
  edit-metadata: 1.465889636427164
  landing: 0.794534869492054
  view-data: 3.410688149742782
