times:
  edit-metadata: 1.8382743299007416
  landing: 0.019856613129377365
  view-data: 0.2838435973972082
