times:
  edit-metadata: 1.5634101182222366
  landing: 0.8098561577498913
  view-data: 3.417406054213643
