times:
  edit-metadata: 1.9118454921990633
  landing: 0.02120892144739628
  view-data: 0.02751903422176838
