times:
  edit-metadata: 1.1530107249855064
  landing: 0.04571911401581019
  view-data: 0.2012368489522487
