times:
  edit-metadata: 2.0730168567970395
  landing: 0.04222366586327553
  view-data: 0.40086125675588846
