times:
  edit-metadata: 1.5096752010285854
  landing: 0.9517469480633736
  view-data: 3.4465184584259987
