times:
  edit-metadata: 0.7826651013456285
  landing: 0.04837829573079944
  view-data: 0.22229312919080257
