times:
  edit-metadata: 0.7020114143379033
  landing: 0.04915282502770424
  view-data: 0.20543152373284101
