times:
  edit-metadata: 0.7666097849141806
  landing: 0.05272155301645398
  view-data: 0.21613919199444354
