times:
  edit-metadata: 0.7211457742378116
  landing: 0.05356702860444784
  view-data: 0.21362070832401514
