times:
  landing: 1.1100686149999888
  view-data: 0.571152254000026
