times:
  edit-metadata: 1.484965268522501
  landing: 0.8926085345447063
  view-data: 3.383120533078909
