times:
  edit-metadata: 1.2099483779165894
  landing: 0.0693245220463723
  view-data: 0.2062327591702342
