times:
  edit-metadata: 1.5781193934381008
  landing: 0.8311986103653908
  view-data: 3.260181155987084
