times:
  edit-metadata: 1.1276329850079492
  landing: 0.045570180998765863
  view-data: 0.20889856199210044
