times:
  landing: 0.5516267880000214
  view-data: 0.558235529000001
