times:
  edit-metadata: 1.3687583543360233
  landing: 0.8804760612547398
  view-data: 3.3660623282194138
