times:
  edit-metadata: 0.6594608048908412
  landing: 0.044371780939400196
  view-data: 0.21250599483028054
