times:
  edit-metadata: 1.8086986280977726
  landing: 0.05094788037240505
  view-data: 0.22908339090645313
