times:
  landing: 1.5954670030000102
  view-data: 0.5553664859999969
