times:
  edit-metadata: 0.8062618118710816
  landing: 0.04885598877444863
  view-data: 0.22446572221815586
