times:
  edit-metadata: 1.581260196864605
  landing: 0.04308027774095535
  view-data: 0.22381843999028206
