times:
  edit-metadata: 1.367116991430521
  landing: 0.8185207732021809
  view-data: 3.456884987652302
