times:
  edit-metadata: 1.7299888040870428
  landing: 0.702777985483408
  view-data: 0.325985312461853
