times:
  landing: 1.0740654170000141
  view-data: 0.5617329600000005
