times:
  edit-metadata: 1.6724398359656334
  landing: 0.04495532438158989
  view-data: 0.2212770041078329
