times:
  edit-metadata: 1.1731849560164846
  landing: 0.04817565798293799
  view-data: 0.19158302299911156
