times:
  edit-metadata: 0.8689593230083119
  landing: 0.07656710699666291
  view-data: 0.2306830839952454
