times:
  edit-metadata: 0.8558541539823636
  landing: 0.0509562729857862
  view-data: 0.23370776901720092
