times:
  edit-metadata: 1.5883437413722277
  landing: 0.7749703689478338
  view-data: 3.3443407542072237
