times:
  edit-metadata: 1.5182990748435259
  landing: 0.9052273258566856
  view-data: 3.336792292073369
