times:
  edit-metadata: 0.6778768450021744
  landing: 0.05223815329372883
  view-data: 0.21940592769533396
