times:
  edit-metadata: 1.2402423720341176
  landing: 0.0527526899240911
  view-data: 0.2128888291772455
