times:
  edit-metadata: 1.6466309754177928
  landing: 0.021903722546994686
  view-data: 0.39288517367094755
