times:
  edit-metadata: 1.5437981868162751
  landing: 0.021005848422646523
  view-data: 0.02871713973581791
