times:
  edit-metadata: 1.120908746990608
  landing: 0.05059474098379724
  view-data: 0.20814423402771354
