times:
  edit-metadata: 1.4684274289757013
  landing: 0.7312055360525846
  view-data: 3.4115986879915
