times:
  edit-metadata: 1.377663616091013
  landing: 0.8784680142998695
  view-data: 3.3680790923535824
