times:
  edit-metadata: 1.555933054536581
  landing: 0.05192280933260918
  view-data: 0.22129103168845177
