times:
  edit-metadata: 1.6150676049292088
  landing: 0.6994108892977238
  view-data: 0.3230341915041208
