times:
  edit-metadata: 1.6900251135230064
  landing: 1.7418532725423574
  view-data: 0.6293137818574905
