times:
  landing: 1.120653229067102
  view-data: 0.5536581699270755
