times:
  edit-metadata: 1.4608399793505669
  landing: 0.9275216273963451
  view-data: 3.3416168726980686
