times:
  edit-metadata: 1.3826299384236336
  landing: 0.703035544604063
  view-data: 3.3201500847935677
