times:
  edit-metadata: 1.5456712190061808
  landing: 0.8062199205160141
  view-data: 3.4286633916199207
