times:
  edit-metadata: 1.757900534197688
  landing: 0.0207594633102417
  view-data: 0.053123364225029945
