times:
  edit-metadata: 1.5755783328786492
  landing: 0.018909779377281666
  view-data: 0.12168313935399055
