times:
  edit-metadata: 1.422961164265871
  landing: 0.8970306664705276
  view-data: 3.4090457931160927
