times:
  edit-metadata: 0.8871728209778666
  landing: 0.04911213694140315
  view-data: 0.33068551076576114
