times:
  edit-metadata: 1.6021623890846968
  landing: 0.020616719499230385
  view-data: 0.3695248905569315
