times:
  landing: 0.5476628479999874
  view-data: 0.5521012780000092
