times:
  edit-metadata: 1.5740446653217077
  landing: 0.7796656843274832
  view-data: 3.3984667249023914
