times:
  edit-metadata: 1.796889609657228
  landing: 0.11151295155286789
  view-data: 0.4011830845847726
