times:
  landing: 0.5583860979999997
  view-data: 0.5568283660000191
