times:
  edit-metadata: 1.5412825010716915
  landing: 0.7470990810543299
  view-data: 3.3945188969373703
