times:
  edit-metadata: 1.5414609257131815
  landing: 0.8344307541847229
  view-data: 3.3878824152052402
