times:
  edit-metadata: 0.6885055722668767
  landing: 0.05380450701341033
  view-data: 0.21612079115584493
