times:
  edit-metadata: 1.647044095210731
  landing: 0.02196382451802492
  view-data: 0.41645051538944244
