times:
  edit-metadata: 0.868823162978515
  landing: 0.039493533986387774
  view-data: 0.2433349079801701
