times:
  edit-metadata: 1.0832124599837698
  landing: 0.04589988896623254
  view-data: 0.21397730195894837
