times:
  edit-metadata: 1.5834104577079415
  landing: 0.023482377640902996
  view-data: 0.025346378795802593
