times:
  edit-metadata: 1.1087658510077745
  landing: 0.05499412398785353
  view-data: 0.20289704797323793
