times:
  edit-metadata: 1.322869636118412
  landing: 0.04862351715564728
  view-data: 0.21447142958641052
