times:
  edit-metadata: 1.880014095455408
  landing: 0.15633670426905155
  view-data: 0.3915952015668154
