times:
  edit-metadata: 1.546179037541151
  landing: 0.7865230161696672
  view-data: 3.4663881957530975
