times:
  edit-metadata: 2.579692111350596
  landing: 0.26622800063341856
  view-data: 0.5582870934158564
