times:
  landing: 0.5586697599999866
  view-data: 0.5548738599999865
