times:
  edit-metadata: 0.6734859459102154
  landing: 0.04559666384011507
  view-data: 0.20899346936494112
