times:
  edit-metadata: 0.7062598578631878
  landing: 0.0513316011056304
  view-data: 0.20347110787406564
