times:
  edit-metadata: 1.2591490630293265
  landing: 0.05120421701576561
  view-data: 0.20779306604526937
