times:
  edit-metadata: 1.4387870207428932
  landing: 0.8602641485631466
  view-data: 3.340053755789995
