times:
  edit-metadata: 1.553915542550385
  landing: 0.1117780925706029
  view-data: 0.025531893596053123
