times:
  landing: 1.0878847769999993
  view-data: 0.5656161660000407
