times:
  edit-metadata: 0.8695399379939772
  landing: 0.06201055899146013
  view-data: 0.2266957090178039
