times:
  edit-metadata: 1.4217496938072145
  landing: 4.445782802067697
  view-data: 3.343366092070937
