times:
  edit-metadata: 0.7442533867433667
  landing: 0.04847928788512945
  view-data: 0.21983789931982756
