times:
  edit-metadata: 1.8004794362932444
  landing: 0.14457391202449799
  view-data: 0.12855388410389423
