times:
  edit-metadata: 1.7865095473825932
  landing: 0.020905833691358566
  view-data: 0.02246188558638096
