times:
  edit-metadata: 1.5123043960193172
  landing: 0.9095280909677967
  view-data: 3.284922129008919
