times:
  edit-metadata: 0.7655539396218956
  landing: 0.047804826870560646
  view-data: 0.23116130102425814
