times:
  edit-metadata: 1.5216380022466183
  landing: 0.8064975365996361
  view-data: 3.384429909288883
