times:
  landing: 0.5459045320000087
  view-data: 0.5489956789999724
