times:
  edit-metadata: 1.6314607495442033
  landing: 0.022166339680552483
  view-data: 0.42305933218449354
