times:
  edit-metadata: 1.817675020545721
  landing: 0.7635785806924105
  view-data: 0.22826864011585712
