times:
  edit-metadata: 1.3798677371814847
  landing: 0.7818146180361509
  view-data: 3.3310899948701262
