times:
  landing: 0.5535761559999912
  view-data: 0.5581107180000231
