times:
  edit-metadata: 0.8288172916509211
  landing: 0.05149371409788728
  view-data: 0.23453855607658625
