times:
  landing: 0.5481734279999841
  view-data: 0.5499901539999996
