times:
  landing: 0.5524645369999917
  view-data: 0.5575618660000146
