times:
  edit-metadata: 1.8833389040082693
  landing: 1.2011079918593168
  view-data: 0.6345256399363279
