times:
  edit-metadata: 1.667771266773343
  landing: 0.018588007427752018
  view-data: 0.024143735878169537
