times:
  landing: 0.545986551999988
  view-data: 0.5464017580000018
