times:
  edit-metadata: 1.630091462051496
  landing: 1.084228040999733
  view-data: 4.201708358014002
