times:
  edit-metadata: 1.581411812454462
  landing: 1.0146923325955868
  view-data: 3.3480374068021774
