times:
  edit-metadata: 2.2849179236218333
  landing: 0.8958423240110278
  view-data: 3.622745707631111
