times:
  edit-metadata: 1.5328493416309357
  landing: 0.7794329356402159
  view-data: 3.4120020922273397
