times:
  edit-metadata: 1.571959000080824
  landing: 0.9334529116749763
  view-data: 3.3659864589571953
