times:
  edit-metadata: 1.5624278597533703
  landing: 0.0480133593082428
  view-data: 0.23201634734869003
