times:
  edit-metadata: 0.6722761699929833
  landing: 0.043377406895160675
  view-data: 0.22211342677474022
