times:
  landing: 0.5609492209999871
  view-data: 0.5657477809999989
