times:
  edit-metadata: 1.7194840461015701
  landing: 0.827477466315031
  view-data: 3.427913472056389
