times:
  edit-metadata: 1.589101541787386
  landing: 0.01967930980026722
  view-data: 0.026222429238259792
