times:
  edit-metadata: 1.7351180100813508
  landing: 0.22439798060804605
  view-data: 0.33372267708182335
