times:
  edit-metadata: 2.0133052552118897
  landing: 0.02172200381755829
  view-data: 0.030801489017903805
