times:
  edit-metadata: 1.100069799926132
  landing: 0.050429926021024585
  view-data: 0.21714109601452947
