times:
  edit-metadata: 2.8919561970978975
  landing: 1.2540860418230295
  view-data: 3.507757722400129
