times:
  edit-metadata: 1.619814159348607
  landing: 0.7785599008202553
  view-data: 0.34777488373219967
