times:
  edit-metadata: 1.4938298258930445
  landing: 0.7438456770032644
  view-data: 3.496289160102606
