times:
  edit-metadata: 1.5014016851782799
  landing: 0.8260058490559459
  view-data: 3.3713632388971746
