times:
  edit-metadata: 1.1276634698733687
  landing: 0.08751043304800987
  view-data: 0.22925790399312973
