times:
  edit-metadata: 0.7715828970540315
  landing: 0.04615547088906169
  view-data: 0.22253018314950168
