times:
  edit-metadata: 1.4076315499842167
  landing: 0.7619499564170837
  view-data: 3.3216763623058796
