times:
  edit-metadata: 1.4271178543567657
  landing: 1.0401536002755165
  view-data: 3.4658282995224
