times:
  edit-metadata: 1.3921907469630241
  landing: 0.7183061204850674
  view-data: 3.35384314507246
