times:
  edit-metadata: 1.1621044240891933
  landing: 0.04661952913738787
  view-data: 0.20597837888635695
