times:
  edit-metadata: 1.8945338316261768
  landing: 0.019437095150351524
  view-data: 0.3209698386490345
