times:
  edit-metadata: 1.7733395360410213
  landing: 0.11237641796469688
  view-data: 0.023483119904994965
