times:
  edit-metadata: 0.7216860917396843
  landing: 0.05240292986854911
  view-data: 0.20843295799568295
