times:
  edit-metadata: 1.416856538504362
  landing: 0.8088876828551292
  view-data: 3.30463345348835
