times:
  edit-metadata: 1.666076136752963
  landing: 0.5196220148354769
  view-data: 0.22277623787522316
