times:
  edit-metadata: 1.6709500178694725
  landing: 0.11753660440444946
  view-data: 0.12383913435041904
