times:
  edit-metadata: 0.8450342880096287
  landing: 0.0501678780419752
  view-data: 0.23517817596439272
