times:
  edit-metadata: 1.4185662530362606
  landing: 0.8471633866429329
  view-data: 3.4473460018634796
