times:
  edit-metadata: 1.5874337945133448
  landing: 0.019414177164435387
  view-data: 0.026665507815778255
