times:
  landing: 1.599450830999956
  view-data: 0.5646719870000538
