times:
  edit-metadata: 1.5638196133077145
  landing: 0.947602953761816
  view-data: 3.3410109505057335
