times:
  edit-metadata: 0.769197192043066
  landing: 0.055416567949578166
  view-data: 0.2228491068817675
