times:
  landing: 1.5851578680000102
  view-data: 0.5546296910000024
