times:
  edit-metadata: 1.1605269820429385
  landing: 0.05362553894519806
  view-data: 0.21592834312468767
