times:
  landing: 1.087329856999986
  view-data: 0.5510245749999854
