times:
  edit-metadata: 1.5599644659087062
  landing: 0.8385039418935776
  view-data: 3.401320026256144
