times:
  edit-metadata: 1.4950203597545624
  landing: 1.0279280208051205
  view-data: 3.4822425059974194
