times:
  edit-metadata: 1.5702535677701235
  landing: 0.8851699996739626
  view-data: 3.3561629597097635
