times:
  edit-metadata: 0.8324449979991186
  landing: 0.048354298996855505
  view-data: 0.2269337399993674
