times:
  edit-metadata: 2.203856298699975
  landing: 0.02478933520615101
  view-data: 0.45700928196310997
