times:
  edit-metadata: 1.586450483649969
  landing: 0.5854549556970596
  view-data: 0.20140131376683712
