times:
  edit-metadata: 1.7810700666159391
  landing: 1.3583316467702389
  view-data: 0.3303795363754034
