times:
  edit-metadata: 1.4768554288893938
  landing: 0.6574223563075066
  view-data: 3.3078364934772253
