times:
  edit-metadata: 1.4491845965385437
  landing: 0.7376506682485342
  view-data: 3.3917046524584293
