times:
  edit-metadata: 1.4896028228104115
  landing: 0.9162545632570982
  view-data: 3.337845880538225
