times:
  edit-metadata: 1.7742935251444578
  landing: 1.004697285592556
  view-data: 0.23080103658139706
