times:
  edit-metadata: 1.4519397988915443
  landing: 0.9533181488513947
  view-data: 3.3725076727569103
