times:
  edit-metadata: 1.7665621107444167
  landing: 0.19045534450560808
  view-data: 0.09699617698788643
