times:
  landing: 0.5531771139999933
  view-data: 0.5546599259999994
