times:
  edit-metadata: 1.719128180295229
  landing: 0.021060418337583542
  view-data: 0.024170671589672565
