times:
  landing: 0.5621605779999754
  view-data: 0.5646501359999547
