times:
  edit-metadata: 1.6208903305232525
  landing: 0.021673827432096004
  view-data: 0.02465024497359991
