times:
  edit-metadata: 1.7984980214387178
  landing: 0.048960620537400246
  view-data: 0.21156037040054798
