times:
  edit-metadata: 1.623946137027815
  landing: 0.10905940999509767
  view-data: 0.2728862750227563
