times:
  edit-metadata: 0.7601495459675789
  landing: 0.046362444991245866
  view-data: 0.22695575305260718
