times:
  edit-metadata: 1.2624524640850723
  landing: 0.08081971993669868
  view-data: 0.2770574679598212
