times:
  edit-metadata: 1.936944406479597
  landing: 1.1768494509160519
  view-data: 3.544008497148752
