times:
  edit-metadata: 1.4205382652580738
  landing: 0.8164470568299294
  view-data: 3.256857816129923
