times:
  edit-metadata: 1.4175398424267769
  landing: 0.8567665927112103
  view-data: 3.337750494480133
