times:
  landing: 1.0697889099999998
  view-data: 0.5590130419999753
