times:
  edit-metadata: 2.078498757444322
  landing: 0.2771775033324957
  view-data: 0.3468627743422985
