times:
  edit-metadata: 0.6935415030457079
  landing: 0.04464530386030674
  view-data: 0.21554866712540388
