times:
  edit-metadata: 1.570577971637249
  landing: 0.021602895110845566
  view-data: 0.02446287963539362
