times:
  edit-metadata: 1.5238477513194084
  landing: 0.7628674507141113
  view-data: 3.3781051337718964
