times:
  edit-metadata: 1.1605709251016378
  landing: 0.16159643698483706
  view-data: 0.20652566477656364
