times:
  edit-metadata: 1.641773957759142
  landing: 0.020042539574205875
  view-data: 0.02709860075265169
