times:
  edit-metadata: 1.4431094489991665
  landing: 0.7230620756745338
  view-data: 3.354578696191311
