times:
  edit-metadata: 1.5674082739278674
  landing: 0.11475719045847654
  view-data: 0.023925011046230793
