times:
  edit-metadata: 1.8682011803612113
  landing: 0.13099902868270874
  view-data: 0.46475632581859827
