times:
  edit-metadata: 2.247222156263888
  landing: 1.2300756042823195
  view-data: 3.5196799971163273
