times:
  edit-metadata: 1.4680473692715168
  landing: 0.8766833916306496
  view-data: 3.43899555131793
