times:
  edit-metadata: 1.0776087860576808
  landing: 0.04565623914822936
  view-data: 0.2061276501044631
