times:
  edit-metadata: 0.7426047418266535
  landing: 0.04842422343790531
  view-data: 0.21942960750311613
