times:
  edit-metadata: 1.5755985528230667
  landing: 0.05274159833788872
  view-data: 0.2248855158686638
