times:
  edit-metadata: 0.6784123643301427
  landing: 0.04891278874129057
  view-data: 0.20979870576411486
