times:
  edit-metadata: 1.6819509249180555
  landing: 0.9798557702451944
  view-data: 0.4445907846093178
