times:
  edit-metadata: 1.7509687365964055
  landing: 0.020047523081302643
  view-data: 0.2854897566139698
