times:
  edit-metadata: 1.5248892195522785
  landing: 0.7841491848230362
  view-data: 3.3861483186483383
