times:
  landing: 1.0976395239999874
  view-data: 0.5707792889999723
