times:
  edit-metadata: 1.590298941358924
  landing: 0.021803108975291252
  view-data: 0.025214949622750282
