times:
  edit-metadata: 0.7564888070337474
  landing: 0.05519942380487919
  view-data: 0.22203085594810545
