times:
  edit-metadata: 0.7571874840650707
  landing: 0.04414949310012162
  view-data: 0.22606401098892093
