times:
  landing: 0.5471056290000149
  view-data: 0.5612626010000099
