times:
  edit-metadata: 1.5585591029375792
  landing: 0.022403240203857422
  view-data: 0.02546909637749195
