times:
  landing: 0.5602821350000227
  view-data: 0.06770462800000132
