times:
  edit-metadata: 1.5923998802900314
  landing: 0.019688662141561508
  view-data: 0.12176197953522205
