times:
  edit-metadata: 1.5563314147293568
  landing: 0.8421357292681932
  view-data: 3.423970464617014
