times:
  edit-metadata: 1.7206933181732893
  landing: 0.1264509465545416
  view-data: 0.026473378762602806
