times:
  edit-metadata: 1.6829704139381647
  landing: 0.5748936105519533
  view-data: 0.6685612015426159
