times:
  edit-metadata: 1.7695083627477288
  landing: 0.019029629416763783
  view-data: 0.12274840660393238
