times:
  landing: 0.5427525819999914
  view-data: 0.5509307940000099
