times:
  edit-metadata: 1.579192902892828
  landing: 0.020998092368245125
  view-data: 0.02541598677635193
