times:
  edit-metadata: 0.6856577140279114
  landing: 0.05021144123747945
  view-data: 0.2153027760796249
