times:
  edit-metadata: 1.534766730852425
  landing: 0.022914166562259197
  view-data: 0.12238379567861557
