times:
  landing: 0.5466700520000813
  view-data: 0.5542351510000572
