times:
  edit-metadata: 2.8303340431302786
  landing: 0.02548355795443058
  view-data: 0.6778775826096535
