times:
  edit-metadata: 1.113762839930132
  landing: 0.040021288907155395
  view-data: 0.19140178407542408
