times:
  edit-metadata: 1.08606625511311
  landing: 0.046874525025486946
  view-data: 0.20465691899880767
