times:
  edit-metadata: 3.015313472598791
  landing: 1.4802464358508587
  view-data: 3.687684677541256
