times:
  edit-metadata: 0.7543092030100524
  landing: 0.04558877809904516
  view-data: 0.23824894381687045
