times:
  edit-metadata: 1.536465723067522
  landing: 0.7585792690515518
  view-data: 3.3480754904448986
