times:
  landing: 0.5583744570000135
  view-data: 0.565932617000044
