times:
  edit-metadata: 1.5483233034610748
  landing: 0.045908961445093155
  view-data: 0.2210039123892784
