times:
  edit-metadata: 1.410201343242079
  landing: 0.7791849840432405
  view-data: 3.2762112678028643
