times:
  edit-metadata: 0.6906821196898818
  landing: 0.043344223871827126
  view-data: 0.20753015484660864
