times:
  edit-metadata: 1.974434819072485
  landing: 0.9525982339400798
  view-data: 3.3525081048719585
