times:
  edit-metadata: 1.1345833020750433
  landing: 0.045139482943341136
  view-data: 0.20388205698691308
