times:
  edit-metadata: 1.68397231772542
  landing: 0.8270878717303276
  view-data: 0.19932884350419044
