times:
  edit-metadata: 0.672182456124574
  landing: 0.0424947296269238
  view-data: 0.20838463306427002
