times:
  landing: 0.5652589260000127
  view-data: 0.06636253299998884
