times:
  edit-metadata: 1.450799085199833
  landing: 0.7263761535286903
  view-data: 3.3236300572752953
