times:
  edit-metadata: 1.1538561860797927
  landing: 0.04400850599631667
  view-data: 0.20581633411347866
