times:
  edit-metadata: 1.4787220768630505
  landing: 0.7560046203434467
  view-data: 3.329173617064953
