times:
  edit-metadata: 1.7313746716827154
  landing: 0.021332988515496254
  view-data: 0.12340165674686432
