times:
  edit-metadata: 1.1315738779958338
  landing: 0.05061138700693846
  view-data: 0.20965912495739758
