times:
  landing: 1.1165332190000186
  view-data: 0.554521482000041
