times:
  edit-metadata: 1.9655427876859903
  landing: 0.17192868329584599
  view-data: 0.34297402761876583
