times:
  edit-metadata: 1.5795933678746223
  landing: 0.054604437202215195
  view-data: 0.22570858895778656
