times:
  edit-metadata: 0.8747879900038242
  landing: 0.07156195398420095
  view-data: 0.24717982299625874
