times:
  edit-metadata: 1.0636752089485526
  landing: 0.08113936008885503
  view-data: 0.24760713940486312
