times:
  edit-metadata: 1.535168431699276
  landing: 0.83754269964993
  view-data: 3.41675528511405
