times:
  landing: 0.5533674619999829
  view-data: 0.5579868800000156
