times:
  edit-metadata: 1.4856489710509777
  landing: 0.8480890230275691
  view-data: 3.3614445230923593
