times:
  edit-metadata: 0.7018639976158738
  landing: 0.05117853498086333
  view-data: 0.22285328898578882
