times:
  edit-metadata: 1.6858085747808218
  landing: 0.9783845972269773
  view-data: 0.22010550647974014
