times:
  edit-metadata: 1.521929495036602
  landing: 0.8498811908066273
  view-data: 3.443468865007162
