times:
  edit-metadata: 0.7166849924251437
  landing: 0.044338300824165344
  view-data: 0.20897768437862396
