times:
  edit-metadata: 1.5506391320377588
  landing: 0.7806092277169228
  view-data: 3.443872533738613
