times:
  edit-metadata: 0.7533151300158352
  landing: 0.05418783699860796
  view-data: 0.21563819498987868
