times:
  edit-metadata: 0.7549508711090311
  landing: 0.06294346298091114
  view-data: 0.2425942870322615
