times:
  edit-metadata: 1.5062773749232292
  landing: 0.7419011294841766
  view-data: 3.3844518810510635
