times:
  edit-metadata: 1.5399824604392052
  landing: 0.9051441811025143
  view-data: 3.391306582838297
