times:
  edit-metadata: 1.11213921289891
  landing: 0.049794396851211786
  view-data: 0.21419552015140653
