times:
  edit-metadata: 1.844772077165544
  landing: 0.18948277737945318
  view-data: 0.4317221473902464
