times:
  edit-metadata: 1.6150617748498917
  landing: 1.4862508438527584
  view-data: 0.9235914815217257
