times:
  edit-metadata: 1.5553629416972399
  landing: 0.7947337757796049
  view-data: 3.4363424852490425
