times:
  edit-metadata: 1.5889829397201538
  landing: 0.04565439000725746
  view-data: 0.22753193601965904
