times:
  edit-metadata: 1.4718415103852749
  landing: 0.827406257390976
  view-data: 3.3405434153974056
