times:
  edit-metadata: 1.4969268213026226
  landing: 0.7531275446526706
  view-data: 3.385691096074879
