times:
  edit-metadata: 1.7907560225576162
  landing: 0.19609417580068111
  view-data: 0.10113996267318726
