times:
  edit-metadata: 1.6190556166693568
  landing: 0.02133683394640684
  view-data: 0.026826572604477406
