times:
  edit-metadata: 1.4343241769820452
  landing: 0.7305331937968731
  view-data: 3.3072680849581957
