times:
  landing: 1.132411726999976
  view-data: 0.5620082099999877
