times:
  edit-metadata: 0.7742226389236748
  landing: 0.06903603207319975
  view-data: 0.22104710526764393
