times:
  edit-metadata: 1.8316814489662647
  landing: 0.01977461203932762
  view-data: 0.28842543065547943
