times:
  landing: 1.5982328829999801
  view-data: 0.5480268089999925
