times:
  edit-metadata: 1.1363610930275172
  landing: 0.04897442297078669
  view-data: 0.20882326387800276
