times:
  edit-metadata: 1.5498062036931515
  landing: 0.044822633266448975
  view-data: 0.2198316566646099
