times:
  edit-metadata: 0.9192596888169646
  landing: 0.057247851975262165
  view-data: 0.22561921691522002
