times:
  edit-metadata: 2.0010072384029627
  landing: 0.1553230956196785
  view-data: 0.4162991102784872
