times:
  edit-metadata: 0.6842349390499294
  landing: 0.046379533130675554
  view-data: 0.21629777923226357
