times:
  landing: 0.5494633919999785
  view-data: 0.5546643579999966
