times:
  landing: 0.5529905189999909
  view-data: 0.5583143459999746
