times:
  landing: 0.5627313140000183
  view-data: 0.5610476120000385
