times:
  edit-metadata: 0.7094786306843162
  landing: 0.0458215749822557
  view-data: 0.20668721804395318
