times:
  landing: 0.5552495210000075
  view-data: 0.04971689600000673
