times:
  edit-metadata: 0.7615308950189501
  landing: 0.05403074296191335
  view-data: 0.22905715298838913
