times:
  edit-metadata: 1.959392799064517
  landing: 0.023356309160590172
  view-data: 0.27020528726279736
