times:
  edit-metadata: 2.4506844840943813
  landing: 1.4922363013029099
  view-data: 3.9304542131721973
