times:
  edit-metadata: 1.6471103336662054
  landing: 0.11773936823010445
  view-data: 0.029186162166297436
