times:
  edit-metadata: 0.7633578879758716
  landing: 0.06071361305657774
  view-data: 0.2284676309209317
