times:
  edit-metadata: 2.3913069888949394
  landing: 0.3476718235760927
  view-data: 0.3177332356572151
