times:
  landing: 0.5518812880000041
  view-data: 0.557958259999964
