times:
  landing: 1.0968335969999998
  view-data: 0.558561649000012
