times:
  edit-metadata: 1.5371243078261614
  landing: 0.8813916817307472
  view-data: 3.447189772501588
