times:
  edit-metadata: 0.6486533228307962
  landing: 0.053238906897604465
  view-data: 0.207465885207057
