times:
  edit-metadata: 1.6865477301180363
  landing: 0.5863553155213594
  view-data: 0.2180656474083662
