times:
  edit-metadata: 1.8164216205477715
  landing: 0.6763687264174223
  view-data: 0.21313124522566795
