times:
  landing: 1.0599801689999993
  view-data: 0.5480245830000001
