times:
  edit-metadata: 1.6407666392624378
  landing: 0.9724914319813251
  view-data: 3.3418837040662766
