times:
  landing: 0.5525176859999874
  view-data: 0.5579159189999814
