times:
  edit-metadata: 1.14294742513448
  landing: 0.055137598887085915
  view-data: 0.20300793508067727
