times:
  edit-metadata: 1.5554290637373924
  landing: 0.8818032592535019
  view-data: 3.4637440852820873
