times:
  edit-metadata: 1.6131738917902112
  landing: 0.021892276592552662
  view-data: 0.1221594512462616
