times:
  edit-metadata: 1.7296531990286894
  landing: 0.025114209041930735
  view-data: 0.027976721001323313
