times:
  edit-metadata: 1.5816546753048897
  landing: 0.052716538310050964
  view-data: 0.2192370891571045
