times:
  edit-metadata: 0.9119395050220191
  landing: 0.07197211706079543
  view-data: 0.24036678788252175
