times:
  edit-metadata: 1.5610057152807713
  landing: 0.02211932372301817
  view-data: 0.3400968424975872
