times:
  edit-metadata: 1.5975083317607641
  landing: 0.7675147689878941
  view-data: 0.2426286842674017
