times:
  edit-metadata: 1.4507551193237305
  landing: 0.8972591310739517
  view-data: 3.3672685474157333
