times:
  landing: 0.5422817740000028
  view-data: 0.5514150710000081
