times:
  edit-metadata: 1.1308147958479822
  landing: 0.04855025513097644
  view-data: 0.20271161990240216
