times:
  edit-metadata: 0.7611902559874579
  landing: 0.058273454080335796
  view-data: 0.2382021329831332
