times:
  edit-metadata: 1.4167780615389347
  landing: 0.05028663948178291
  view-data: 0.2260189764201641
