times:
  edit-metadata: 1.7377117844298482
  landing: 0.01981627382338047
  view-data: 0.025893311947584152
