times:
  edit-metadata: 1.6098339036107063
  landing: 0.04910421371459961
  view-data: 0.22270488739013672
