times:
  edit-metadata: 1.7989123705774546
  landing: 0.235103664919734
  view-data: 0.22736769542098045
