times:
  edit-metadata: 1.4860514411702752
  landing: 0.8140586079098284
  view-data: 3.36165525438264
