times:
  edit-metadata: 1.3888949416577816
  landing: 0.994708176702261
  view-data: 3.348261069506407
