times:
  edit-metadata: 1.6978077851235867
  landing: 0.9838379360735416
  view-data: 3.425597205758095
