times:
  edit-metadata: 0.7661663428880274
  landing: 0.048494616989046335
  view-data: 0.23139027203433216
