times:
  edit-metadata: 0.7638588731642812
  landing: 0.04815569892525673
  view-data: 0.23369829589501023
