times:
  edit-metadata: 1.6963411923497915
  landing: 0.7218580693006516
  view-data: 0.2203931324183941
