times:
  edit-metadata: 0.9696417530067265
  landing: 0.06764709623530507
  view-data: 0.33484819578006864
