times:
  edit-metadata: 1.5743377059698105
  landing: 0.04458822309970856
  view-data: 0.22641364112496376
