times:
  landing: 0.5595995600000379
  view-data: 0.5613739489999716
