times:
  edit-metadata: 1.6128981709480286
  landing: 0.019896824844181538
  view-data: 0.02596408035606146
