times:
  edit-metadata: 0.7601202120422386
  landing: 0.047057429037522525
  view-data: 0.23461284098448232
