times:
  landing: 1.072626669999977
  view-data: 0.5582869989999892
