times:
  edit-metadata: 1.5932960212230682
  landing: 0.053618188947439194
  view-data: 0.2253844402730465
