times:
  edit-metadata: 1.549692042171955
  landing: 0.9021550379693508
  view-data: 3.4159809947013855
