times:
  edit-metadata: 2.0084480959922075
  landing: 0.021611723117530346
  view-data: 0.02314006257802248
