times:
  edit-metadata: 1.7196515426039696
  landing: 0.5534138139337301
  view-data: 0.20917531102895737
