times:
  edit-metadata: 1.127279924985487
  landing: 0.04359801602549851
  view-data: 0.21890723699470982
