times:
  edit-metadata: 1.6239313911646605
  landing: 0.9482814334332943
  view-data: 0.20167206786572933
