times:
  edit-metadata: 1.5796898333355784
  landing: 0.024355283938348293
  view-data: 0.0994625361636281
