times:
  edit-metadata: 1.1034842957742512
  landing: 0.20797525206580758
  view-data: 0.2044436577707529
