times:
  edit-metadata: 1.7170755788683891
  landing: 0.7922348072752357
  view-data: 3.5720934737473726
