times:
  landing: 0.5519337799999846
  view-data: 0.5547520799999859
