times:
  edit-metadata: 1.4236396700143814
  landing: 0.7443799190223217
  view-data: 3.3589988201856613
