times:
  edit-metadata: 1.5397068597376347
  landing: 0.7094010468572378
  view-data: 3.3651823960244656
