times:
  edit-metadata: 1.5501794833689928
  landing: 0.7972197774797678
  view-data: 3.4536317512392998
