times:
  landing: 1.5900856439999984
  view-data: 1.0788806829999942
