times:
  edit-metadata: 1.5477000251412392
  landing: 0.9213551990687847
  view-data: 3.4364078380167484
