times:
  edit-metadata: 0.705397704616189
  landing: 0.049486351665109396
  view-data: 0.20781085593625903
