times:
  edit-metadata: 0.6921081398613751
  landing: 0.04992828518152237
  view-data: 0.2081634528003633
