times:
  edit-metadata: 1.5520846955478191
  landing: 0.04329299554228783
  view-data: 0.22401370480656624
