times:
  edit-metadata: 1.452692867256701
  landing: 0.8410823317244649
  view-data: 3.3737370278686285
