times:
  edit-metadata: 1.5397897530347109
  landing: 0.8455046657472849
  view-data: 3.3649462293833494
