times:
  edit-metadata: 1.1328211760846898
  landing: 0.05268322897609323
  view-data: 0.20995830604806542
