times:
  edit-metadata: 1.9003398660570383
  landing: 0.018401456996798515
  view-data: 0.3044657353311777
