times:
  edit-metadata: 0.7132977405562997
  landing: 0.04765744414180517
  view-data: 0.2212217915803194
