times:
  edit-metadata: 0.8548577670007944
  landing: 0.04271957906894386
  view-data: 0.22783775301650167
