times:
  edit-metadata: 1.6855690414085984
  landing: 0.1773557122796774
  view-data: 0.31589486822485924
