times:
  edit-metadata: 1.740575596690178
  landing: 0.0209827721118927
  view-data: 0.03002222813665867
