times:
  edit-metadata: 1.5674725007265806
  landing: 0.09725343156605959
  view-data: 0.026120786555111408
