times:
  edit-metadata: 0.7507075015455484
  landing: 0.0537053681910038
  view-data: 0.22460774146020412
