times:
  landing: 0.5545188629999984
  view-data: 0.553695613000059
