times:
  edit-metadata: 1.963270179927349
  landing: 0.2798960153013468
  view-data: 0.2122411597520113
