times:
  edit-metadata: 1.5580312367528677
  landing: 0.9095593020319939
  view-data: 3.324159013107419
