times:
  edit-metadata: 0.7690989889670163
  landing: 0.04732990707270801
  view-data: 0.22423261613585055
