times:
  edit-metadata: 2.654083151370287
  landing: 1.577774241566658
  view-data: 3.614594664424658
