times:
  edit-metadata: 1.4613960571587086
  landing: 0.6490410752594471
  view-data: 3.3417551182210445
