times:
  edit-metadata: 1.995739784091711
  landing: 0.02234618365764618
  view-data: 0.02733505517244339
