times:
  edit-metadata: 1.8049325365573168
  landing: 0.821852857246995
  view-data: 0.33866314217448235
