times:
  edit-metadata: 1.5881781410425901
  landing: 1.0604031886905432
  view-data: 0.32398626022040844
