times:
  landing: 0.5459784020000029
  view-data: 0.552064367000014
