times:
  edit-metadata: 1.5263864547014236
  landing: 1.1025155112147331
  view-data: 3.431448120623827
