times:
  edit-metadata: 1.151343259960413
  landing: 0.051931992173194885
  view-data: 0.2205075602978468
