times:
  landing: 0.545343129999992
  view-data: 0.5618384310000124
