times:
  edit-metadata: 0.7121968660503626
  landing: 0.05179639859125018
  view-data: 0.20537927793338895
