times:
  edit-metadata: 1.5673024272546172
  landing: 0.11489743273705244
  view-data: 0.025088299997150898
