times:
  edit-metadata: 1.3926382209997428
  landing: 0.06604784599994673
  view-data: 0.30888693399992917
