times:
  landing: 1.0605910930000277
  view-data: 0.55662511700001
