times:
  edit-metadata: 1.3204215478617698
  landing: 0.8054612919222564
  view-data: 3.368123524123803
