times:
  edit-metadata: 1.747020522132516
  landing: 0.5547072067856789
  view-data: 0.32683499343693256
