times:
  edit-metadata: 1.6258418913930655
  landing: 0.5757339466363192
  view-data: 0.5987391583621502
