times:
  edit-metadata: 1.1271638490725309
  landing: 0.07623112318105996
  view-data: 0.22294353204779327
