times:
  edit-metadata: 0.6798222493380308
  landing: 0.04958487767726183
  view-data: 0.22831509448587894
