times:
  landing: 0.5688789280000037
  view-data: 0.5679860839999833
