times:
  edit-metadata: 1.7817169986665249
  landing: 0.5288897920399904
  view-data: 0.21852416545152664
