times:
  edit-metadata: 2.501814858056605
  landing: 1.161223964765668
  view-data: 3.509848144836724
