times:
  edit-metadata: 2.6310134641826153
  landing: 1.9546164497733116
  view-data: 3.3418222442269325
