times:
  edit-metadata: 1.6337992958724499
  landing: 0.02258334308862686
  view-data: 0.12036317214369774
