times:
  edit-metadata: 1.6439731922000647
  landing: 0.8565105181187391
  view-data: 3.3948503099381924
