times:
  landing: 0.5560465380000323
  view-data: 0.5725227020000148
