times:
  edit-metadata: 0.7508998929988593
  landing: 0.05465081101283431
  view-data: 0.2362022390589118
