times:
  edit-metadata: 0.7147175455465913
  landing: 0.05401111114770174
  view-data: 0.21429930347949266
