times:
  edit-metadata: 0.8383983160019852
  landing: 0.05345954798394814
  view-data: 0.22616671997820958
