times:
  landing: 1.0867511509999872
  view-data: 0.5617495930000018
