times:
  edit-metadata: 0.7726807338185608
  landing: 0.06197296967729926
  view-data: 0.23776430590078235
