times:
  edit-metadata: 0.6919780899770558
  landing: 0.0458278083242476
  view-data: 0.2174643948674202
