times:
  landing: 0.5555957249999892
  view-data: 0.5552927240000827
