times:
  landing: 0.5469826329999705
  view-data: 0.5546961470000156
