times:
  edit-metadata: 1.1456007601227611
  landing: 0.052244049962610006
  view-data: 0.19943530391901731
