times:
  edit-metadata: 1.7049506679177284
  landing: 0.043212052434682846
  view-data: 0.23205067962408066
