times:
  edit-metadata: 1.77499208599329
  landing: 0.054499801248311996
  view-data: 0.2291388139128685
