times:
  edit-metadata: 1.7320462744683027
  landing: 0.28945820592343807
  view-data: 0.49352481961250305
