times:
  edit-metadata: 1.6473343819379807
  landing: 0.02211738657206297
  view-data: 0.3346108039841056
