times:
  edit-metadata: 0.9313209471292794
  landing: 0.09768437081947923
  view-data: 0.2366488529369235
