times:
  edit-metadata: 1.0884041170356795
  landing: 0.04999755893368274
  view-data: 0.2077075729612261
