times:
  edit-metadata: 1.5171363570261747
  landing: 1.024018945172429
  view-data: 3.3110433369874954
