times:
  edit-metadata: 1.0873186379903927
  landing: 0.04451443601283245
  view-data: 0.20375570698524825
