times:
  edit-metadata: 3.0693838850129396
  landing: 0.38337783800670877
  view-data: 0.5273348389891908
