times:
  edit-metadata: 1.5621011573821306
  landing: 0.01968330517411232
  view-data: 0.12087118159979582
