times:
  edit-metadata: 2.1218159776180983
  landing: 0.024698592722415924
  view-data: 0.2706063073128462
