times:
  edit-metadata: 1.52888810262084
  landing: 0.7908550021238625
  view-data: 3.325464241206646
