times:
  edit-metadata: 0.6922920979559422
  landing: 0.04602882079780102
  view-data: 0.20131527399644256
