times:
  edit-metadata: 1.7977465987205505
  landing: 0.5674077123403549
  view-data: 0.23027519322931767
