times:
  edit-metadata: 1.0948587828315794
  landing: 0.05055623035877943
  view-data: 0.2098014480434358
