times:
  edit-metadata: 1.732152471318841
  landing: 0.2155422456562519
  view-data: 0.33465998619794846
