times:
  landing: 0.5555311079999967
  view-data: 0.5618382789999998
