times:
  edit-metadata: 1.6327841095626354
  landing: 1.0967032425105572
  view-data: 3.4161877743899822
