times:
  edit-metadata: 0.7620078530162573
  landing: 0.046386749017983675
  view-data: 0.24028695200104266
