times:
  edit-metadata: 1.8747930750250816
  landing: 0.021093841642141342
  view-data: 0.32379734329879284
