times:
  edit-metadata: 1.918150708079338
  landing: 0.1364724077284336
  view-data: 0.35667642392218113
