times:
  edit-metadata: 1.2262936697807163
  landing: 0.047600324964150786
  view-data: 0.19354847795329988
