times:
  edit-metadata: 1.6498883347958326
  landing: 1.0999882481992245
  view-data: 0.20017213374376297
