times:
  edit-metadata: 1.873771633952856
  landing: 0.3188396031036973
  view-data: 0.4427997786551714
