times:
  edit-metadata: 0.7533661669585854
  landing: 0.06128548691049218
  view-data: 0.22823168989270926
