times:
  landing: 1.0793573150000384
  view-data: 0.5719823229999861
