times:
  landing: 0.5597579300000461
  view-data: 0.5620965800000022
