times:
  edit-metadata: 0.7745065299095586
  landing: 0.05160123901441693
  view-data: 0.22039862105157226
