times:
  edit-metadata: 1.504137272015214
  landing: 0.7561938874423504
  view-data: 3.4068653602153063
