times:
  edit-metadata: 1.5415406096726656
  landing: 0.733416011556983
  view-data: 0.4505240321159363
