times:
  edit-metadata: 1.5642504170536995
  landing: 0.09698917623609304
  view-data: 0.1205021208152175
