times:
  edit-metadata: 0.8970878300024197
  landing: 0.07104966300539672
  view-data: 0.23781215699273162
