times:
  edit-metadata: 1.7872936483472586
  landing: 0.5896117091178894
  view-data: 0.6522772796452045
