times:
  edit-metadata: 1.4533813744783401
  landing: 0.9703288376331329
  view-data: 3.2698934450745583
