times:
  edit-metadata: 1.5947255082428455
  landing: 0.02150571160018444
  view-data: 0.027500503696501255
