times:
  landing: 0.5572193700000128
  view-data: 0.5528696659999923
