times:
  edit-metadata: 1.4722039178013802
  landing: 0.7758590020239353
  view-data: 3.267109591513872
