times:
  edit-metadata: 1.4481227060314268
  landing: 0.697785880882293
  view-data: 3.2888111018110067
