times:
  edit-metadata: 0.7571668680175208
  landing: 0.04702372499741614
  view-data: 0.22723484301241115
