times:
  edit-metadata: 0.8204212561249733
  landing: 0.07503443397581577
  view-data: 0.2335874172858894
