times:
  edit-metadata: 1.5364198628813028
  landing: 0.8193348655477166
  view-data: 3.3308712411671877
