times:
  edit-metadata: 1.570255151949823
  landing: 0.022609664127230644
  view-data: 0.41214332915842533
