times:
  edit-metadata: 1.567712066695094
  landing: 0.9856778960675001
  view-data: 3.3402536176145077
