times:
  edit-metadata: 0.7766890639904886
  landing: 0.04782488907221705
  view-data: 0.36902596696745604
