times:
  edit-metadata: 1.95285489782691
  landing: 0.05950421094894409
  view-data: 0.2139521762728691
