times:
  edit-metadata: 0.705749087035656
  landing: 0.04694452276453376
  view-data: 0.2125619980506599
