times:
  edit-metadata: 1.8068431671708822
  landing: 0.5731746200472116
  view-data: 0.2181106936186552
