times:
  edit-metadata: 1.4227788653224707
  landing: 0.6616890411823988
  view-data: 3.351836286485195
