times:
  edit-metadata: 1.356372570618987
  landing: 0.7285526189953089
  view-data: 3.3558383844792843
