times:
  landing: 0.5419893950000869
  view-data: 0.5506781240000009
