times:
  landing: 1.0691208810000035
  view-data: 0.5650207490000412
