times:
  edit-metadata: 0.7547027631662786
  landing: 0.048546234145760536
  view-data: 0.21703607076779008
