times:
  edit-metadata: 1.469030698761344
  landing: 0.8460341021418571
  view-data: 3.3690536776557565
