times:
  edit-metadata: 0.7364515038207173
  landing: 0.04516673739999533
  view-data: 0.21559908147901297
