times:
  landing: 0.5538828960000046
  view-data: 0.5553688130000012
