times:
  edit-metadata: 1.5420973636209965
  landing: 0.9324556700885296
  view-data: 3.4499975629150867
