times:
  edit-metadata: 1.562812928110361
  landing: 0.11732319183647633
  view-data: 0.02432033233344555
