times:
  edit-metadata: 1.1139924579765648
  landing: 0.04912766895722598
  view-data: 0.2058470050105825
