times:
  landing: 1.078227582000011
  view-data: 0.561235771999975
