times:
  edit-metadata: 0.9165957290679216
  landing: 0.04877759888768196
  view-data: 0.1983453007414937
