times:
  edit-metadata: 1.6359883826225996
  landing: 1.1068540886044502
  view-data: 0.3308109976351261
