times:
  edit-metadata: 1.933908985927701
  landing: 0.28672925010323524
  view-data: 0.4392265100032091
