times:
  edit-metadata: 1.6588363274931908
  landing: 0.5258799958974123
  view-data: 0.21070255525410175
