times:
  edit-metadata: 1.8370633516460657
  landing: 0.16159550845623016
  view-data: 0.025066561996936798
