times:
  edit-metadata: 1.0810193843208253
  landing: 0.04257600707933307
  view-data: 0.24158915830776095
