times:
  edit-metadata: 1.1320808429736644
  landing: 0.05430527194403112
  view-data: 0.2085274700075388
