times:
  edit-metadata: 1.5338481818325818
  landing: 1.1958014958072454
  view-data: 3.3968705299776047
