times:
  edit-metadata: 1.1306054121814668
  landing: 0.05346142267808318
  view-data: 0.20271060382947326
