times:
  edit-metadata: 1.7290055993944407
  landing: 0.5730812009423971
  view-data: 0.6276002340018749
