times:
  edit-metadata: 1.6260133311152458
  landing: 0.7099667657166719
  view-data: 0.3347441740334034
