times:
  edit-metadata: 1.521199032664299
  landing: 0.8262971565127373
  view-data: 3.3124002516269684
