times:
  edit-metadata: 1.5453102216124535
  landing: 0.8523697704076767
  view-data: 3.3640551939606667
