times:
  edit-metadata: 1.5174206905066967
  landing: 0.8354969248175621
  view-data: 3.331796381622553
