times:
  edit-metadata: 1.7899570409208536
  landing: 0.019280696287751198
  view-data: 0.4061538241803646
