times:
  edit-metadata: 1.6360053829848766
  landing: 0.01948672905564308
  view-data: 0.12104543764144182
