times:
  edit-metadata: 0.6771005317568779
  landing: 0.04711638391017914
  view-data: 0.21577003877609968
