times:
  edit-metadata: 1.6253338120877743
  landing: 0.052356477826833725
  view-data: 0.22220385819673538
