times:
  edit-metadata: 2.3532649986445904
  landing: 0.2554475273936987
  view-data: 0.3079726453870535
