times:
  edit-metadata: 0.7425990079937037
  landing: 0.04865958500886336
  view-data: 0.24867880597594194
