times:
  edit-metadata: 1.5193208171986043
  landing: 1.0017866301350296
  view-data: 3.3455837657675147
