times:
  edit-metadata: 0.8160545660066418
  landing: 0.05973487699520774
  view-data: 0.22442473299452104
