times:
  edit-metadata: 1.627271388657391
  landing: 0.0212180707603693
  view-data: 0.02663302142173052
