times:
  landing: 0.5554237539999747
  view-data: 0.06834465800000089
