times:
  edit-metadata: 3.062804441899061
  landing: 1.1141722165048122
  view-data: 3.6055947095155716
