times:
  edit-metadata: 1.5794916208833456
  landing: 1.0045766178518534
  view-data: 3.5166046768426895
