times:
  edit-metadata: 1.7739064116030931
  landing: 0.056810423731803894
  view-data: 0.23001997359097004
