times:
  landing: 0.5680937109999604
  view-data: 0.5629274839999994
