times:
  landing: 0.555287906999979
  view-data: 0.5547481690000495
