times:
  edit-metadata: 0.83083225399605
  landing: 0.044332839985145256
  view-data: 0.23383278798428364
