times:
  edit-metadata: 1.1203844640403986
  landing: 0.05482360004680231
  view-data: 0.2074271310120821
