times:
  edit-metadata: 1.4638206763193011
  landing: 0.9021356538869441
  view-data: 3.373214317020029
