times:
  edit-metadata: 0.8244279670761898
  landing: 0.05753242608625442
  view-data: 0.24103840999305248
