times:
  edit-metadata: 1.6367399953305721
  landing: 0.7785270046442747
  view-data: 0.22821633331477642
