times:
  edit-metadata: 1.5917112529277802
  landing: 0.04499637708067894
  view-data: 0.22533312812447548
