times:
  edit-metadata: 1.9878189386799932
  landing: 1.31315225828439
  view-data: 3.715730412863195
