times:
  edit-metadata: 1.506091631948948
  landing: 0.7222642488777637
  view-data: 3.2561258785426617
