times:
  edit-metadata: 1.6510477978736162
  landing: 1.0549867320805788
  view-data: 0.4553852044045925
