times:
  edit-metadata: 1.060665175318718
  landing: 0.07633628603070974
  view-data: 0.2554160822182894
