times:
  edit-metadata: 1.8147911224514246
  landing: 0.01895667053759098
  view-data: 0.33708878606557846
