times:
  landing: 1.1135315100000298
  view-data: 0.5581301429999712
