times:
  edit-metadata: 1.7408401910215616
  landing: 0.019977832213044167
  view-data: 0.025275608524680138
