times:
  edit-metadata: 2.257974034640938
  landing: 0.8676089351065457
  view-data: 3.424535899888724
