times:
  edit-metadata: 1.9522670479491353
  landing: 0.13136586640030146
  view-data: 0.3634088970720768
