times:
  edit-metadata: 1.4482526378706098
  landing: 0.814619998447597
  view-data: 3.3791082175448537
