times:
  edit-metadata: 1.0734056279761717
  landing: 0.045344457030296326
  view-data: 0.2422042569378391
