times:
  edit-metadata: 1.5797141874209046
  landing: 0.020090769976377487
  view-data: 0.023811749182641506
