times:
  edit-metadata: 1.5357842426747084
  landing: 0.9053619597107172
  view-data: 3.386935094371438
