times:
  edit-metadata: 0.8356900200014934
  landing: 0.05093600502004847
  view-data: 0.22373134596273303
