times:
  edit-metadata: 1.6487200045958161
  landing: 0.9704371457919478
  view-data: 3.3511929186061025
