times:
  landing: 1.0721800369999812
  view-data: 0.5476533759999995
