times:
  edit-metadata: 1.4440306723117828
  landing: 0.74267284758389
  view-data: 3.3058651350438595
