times:
  edit-metadata: 1.531119428575039
  landing: 0.8240134678781033
  view-data: 3.4264952559024096
