times:
  landing: 0.5627932289999933
  view-data: 0.5568973750000055
