times:
  landing: 0.5427530989999809
  view-data: 0.5520875210000327
