times:
  edit-metadata: 1.658206531777978
  landing: 0.5870908033102751
  view-data: 0.6389902513474226
