times:
  landing: 0.5595081540000137
  view-data: 0.5522163069999806
