times:
  edit-metadata: 0.7524465029127896
  landing: 0.04621583898551762
  view-data: 0.23567927605472505
