times:
  edit-metadata: 1.6178752342239022
  landing: 0.022160960361361504
  view-data: 0.02441592700779438
