times:
  edit-metadata: 1.1051865650806576
  landing: 0.049930914072319865
  view-data: 0.2160218961071223
