times:
  edit-metadata: 0.9870879361405969
  landing: 0.0673332093283534
  view-data: 0.23977703182026744
