times:
  edit-metadata: 0.7475681328214705
  landing: 0.04622355801984668
  view-data: 0.24832332599908113
