times:
  edit-metadata: 0.765252598997904
  landing: 0.04681157600134611
  view-data: 0.24052732899872353
