times:
  edit-metadata: 0.7561448230408132
  landing: 0.07086438499391079
  view-data: 0.2258016588166356
