times:
  edit-metadata: 1.1218167719780467
  landing: 0.04399776802165434
  view-data: 0.20501511596376076
