times:
  edit-metadata: 1.4239056408405304
  landing: 0.8568390384316444
  view-data: 3.3047071658074856
