times:
  edit-metadata: 2.726030512712896
  landing: 1.6128290295600891
  view-data: 3.5947575541213155
