times:
  edit-metadata: 1.4710378041490912
  landing: 0.7684914842247963
  view-data: 3.318118080496788
