times:
  edit-metadata: 1.680579612031579
  landing: 0.8083698190748692
  view-data: 0.20648985914885998
