times:
  landing: 1.0642546240000001
  view-data: 0.5474657720000096
