times:
  edit-metadata: 1.75205896794796
  landing: 1.0926976054906845
  view-data: 0.6173968780785799
