times:
  edit-metadata: 0.7360404348000884
  landing: 0.04980841279029846
  view-data: 0.21940022893249989
