times:
  landing: 0.5593330290000154
  view-data: 0.5552454059999832
