times:
  landing: 0.5497948729998825
  view-data: 0.5523116839999602
