times:
  edit-metadata: 1.4384549618698657
  landing: 0.7862556809559464
  view-data: 3.346569654997438
