times:
  edit-metadata: 1.4470897689461708
  landing: 0.9437390640377998
  view-data: 3.3651771023869514
