times:
  edit-metadata: 1.557673180475831
  landing: 0.02112356200814247
  view-data: 0.1235350500792265
