times:
  edit-metadata: 1.5935460589826107
  landing: 0.8802628181874752
  view-data: 3.2991126775741577
