times:
  edit-metadata: 1.6246791612356901
  landing: 0.09908852446824312
  view-data: 0.12381616607308388
