times:
  edit-metadata: 2.1976437717676163
  landing: 0.18570602498948574
  view-data: 0.43175940960645676
