times:
  edit-metadata: 0.6947233341634274
  landing: 0.0447654202580452
  view-data: 0.2225312041118741
