times:
  landing: 0.5488156809999509
  view-data: 0.5572655290000057
