times:
  landing: 1.0787270690000241
  view-data: 0.5789539000000445
