times:
  edit-metadata: 1.5776173546910286
  landing: 0.048616182059049606
  view-data: 0.2227337658405304
