times:
  edit-metadata: 1.794529303908348
  landing: 0.02021188475191593
  view-data: 0.025626955553889275
