times:
  edit-metadata: 0.7364126099273562
  landing: 0.05942365061491728
  view-data: 0.21333690639585257
