times:
  landing: 0.549069548000034
  view-data: 0.5463003490000347
