times:
  edit-metadata: 0.8387049490120262
  landing: 0.04465470591094345
  view-data: 0.23748160293325782
