times:
  edit-metadata: 1.8230957379564643
  landing: 0.09521806403063238
  view-data: 0.2629894590936601
