times:
  edit-metadata: 1.6499544978141785
  landing: 1.488951325416565
  view-data: 0.3320773337036371
