times:
  landing: 0.5458147390000079
  view-data: 0.5514662169999838
