times:
  edit-metadata: 0.7708195201121271
  landing: 0.04211944597773254
  view-data: 0.2291121929883957
