times:
  landing: 1.0826034989999584
  view-data: 0.5597884219999969
