times:
  edit-metadata: 0.7147631971165538
  landing: 0.04593141283839941
  view-data: 0.21691412385553122
