times:
  edit-metadata: 1.4918451588600874
  landing: 0.7491443064063787
  view-data: 3.394078968092799
