times:
  edit-metadata: 1.9507357589900494
  landing: 0.22420427948236465
  view-data: 0.40425466001033783
