times:
  landing: 0.5487858650000135
  view-data: 0.5538989580000191
