times:
  edit-metadata: 1.7611700296401978
  landing: 0.259186876937747
  view-data: 0.023519745096564293
