times:
  edit-metadata: 1.418737467378378
  landing: 0.8866005092859268
  view-data: 3.394923936575651
