times:
  edit-metadata: 0.7115533668547869
  landing: 0.04342963173985481
  view-data: 0.22135909646749496
