times:
  edit-metadata: 1.8096371367573738
  landing: 0.05244816094636917
  view-data: 0.12923898920416832
