times:
  edit-metadata: 0.7240878399461508
  landing: 0.04838197585195303
  view-data: 0.22504310682415962
