times:
  landing: 0.568845648999968
  view-data: 0.5585495049999736
