times:
  landing: 0.5431737609999914
  view-data: 0.5492903779999949
