times:
  edit-metadata: 1.7704338002949953
  landing: 0.12387230433523655
  view-data: 0.30559216253459454
