times:
  landing: 1.0806923140000322
  view-data: 0.5586954909999804
