times:
  edit-metadata: 1.804294377565384
  landing: 0.976484009064734
  view-data: 3.4853108190000057
