times:
  edit-metadata: 1.4361699223518372
  landing: 0.06139324977993965
  view-data: 0.22700995951890945
