times:
  edit-metadata: 1.5108190060127527
  landing: 1.1486339799594134
  view-data: 3.3719243470113724
