times:
  edit-metadata: 1.602677684277296
  landing: 0.021445239894092083
  view-data: 0.38004814088344574
