times:
  landing: 0.5720416270000896
  view-data: 0.5611494440001934
