times:
  edit-metadata: 1.2406217149982695
  landing: 0.055659998004557565
  view-data: 0.19883303900132887
