times:
  landing: 2.1085773670000094
  view-data: 0.5607260600000075
