times:
  edit-metadata: 2.5638959519565105
  landing: 1.3829293455928564
  view-data: 3.654368355870247
