times:
  edit-metadata: 1.5160665181465447
  landing: 0.7541581019759178
  view-data: 3.260882033035159
