times:
  landing: 0.5525383460000057
  view-data: 0.5591626290000136
