times:
  landing: 0.5518847270000151
  view-data: 0.5567669689999946
