times:
  edit-metadata: 1.6297918073832989
  landing: 0.8092109579592943
  view-data: 0.19634300656616688
