times:
  edit-metadata: 1.5422503231093287
  landing: 0.13449001498520374
  view-data: 0.022545875050127506
