times:
  edit-metadata: 1.5626959586516023
  landing: 0.8219782365486026
  view-data: 3.4240440353751183
