times:
  edit-metadata: 1.6856360165402293
  landing: 0.21082962304353714
  view-data: 0.027173418551683426
