times:
  landing: 1.0700575409999828
  view-data: 0.5641693059999966
