times:
  edit-metadata: 1.1116654318757355
  landing: 0.04303891095332801
  view-data: 0.21377929905429482
