times:
  edit-metadata: 1.6349879279732704
  landing: 0.021328515373170376
  view-data: 0.33011835627257824
