times:
  edit-metadata: 1.6839235853403807
  landing: 0.019045280292630196
  view-data: 0.29482175782322884
