times:
  landing: 0.5550365249999913
  view-data: 0.5582822669999814
