times:
  edit-metadata: 1.5774037800729275
  landing: 1.0158616565167904
  view-data: 3.399622682482004
