times:
  edit-metadata: 1.8005226571112871
  landing: 0.13839704729616642
  view-data: 0.3696926645934582
