times:
  edit-metadata: 1.7752032205462456
  landing: 0.02393975667655468
  view-data: 0.024403242394328117
