times:
  edit-metadata: 1.5793854156509042
  landing: 0.019539328292012215
  view-data: 0.025546644814312458
