times:
  edit-metadata: 1.8022908326238394
  landing: 0.20885434187948704
  view-data: 0.2798573449254036
