times:
  edit-metadata: 2.068547399714589
  landing: 0.14645526558160782
  view-data: 0.14267509244382381
