times:
  edit-metadata: 0.757640416995855
  landing: 0.06041446999006439
  view-data: 0.22208584799955133
