times:
  edit-metadata: 1.6789276115596294
  landing: 1.4994267765432596
  view-data: 0.4351103287190199
