times:
  edit-metadata: 1.8725903909653425
  landing: 0.02200916036963463
  view-data: 0.0258188359439373
