times:
  landing: 0.5578515709999863
  view-data: 0.5595911589999787
