times:
  edit-metadata: 1.7774688266217709
  landing: 0.05229594744741917
  view-data: 0.21265561133623123
