times:
  edit-metadata: 1.7286608014255762
  landing: 0.021200062707066536
  view-data: 0.12463678605854511
