times:
  landing: 1.081084452999903
  view-data: 0.5577980419999449
