times:
  landing: 0.5526825160000044
  view-data: 0.5486968509999883
