times:
  edit-metadata: 1.383112259209156
  landing: 0.948162142187357
  view-data: 3.3240580521523952
