times:
  edit-metadata: 1.6393884625285864
  landing: 0.1902717212215066
  view-data: 0.5006904108449817
