times:
  landing: 0.5465815120000173
  view-data: 0.5527478289999976
