times:
  edit-metadata: 1.7436832878738642
  landing: 0.5821559801697731
  view-data: 0.31660219840705395
