times:
  edit-metadata: 1.1257883829530329
  landing: 0.045494596008211374
  view-data: 0.20964578702114522
