times:
  landing: 1.0776040350000073
  view-data: 0.5573209039999938
