times:
  landing: 0.5616274920000137
  view-data: 0.06214332999999783
