times:
  edit-metadata: 1.1062236879952252
  landing: 0.05730484798550606
  view-data: 0.26215797290205956
