times:
  edit-metadata: 1.553035393357277
  landing: 0.9370452668517828
  view-data: 3.4063206035643816
