times:
  edit-metadata: 1.11671212175861
  landing: 0.04399886401370168
  view-data: 0.21069439966231585
