times:
  edit-metadata: 1.0984377189306542
  landing: 0.05352856102399528
  view-data: 0.21478318702429533
