times:
  edit-metadata: 0.6984350262209773
  landing: 0.04578839335590601
  view-data: 0.21537607442587614
