times:
  edit-metadata: 1.5793599672615528
  landing: 0.04382089152932167
  view-data: 0.22462288662791252
