times:
  landing: 0.5571803240000008
  view-data: 0.563579352000005
