times:
  landing: 1.0795319519999964
  view-data: 0.5630566479999857
