times:
  edit-metadata: 1.569175623357296
  landing: 0.1167946346104145
  view-data: 0.02361783292144537
