times:
  edit-metadata: 1.495749100111425
  landing: 0.8625280489213765
  view-data: 3.331304871942848
