times:
  landing: 0.5394560140557587
  view-data: 0.5572787392884493
