times:
  edit-metadata: 1.4720932357013226
  landing: 0.7799525829032063
  view-data: 3.342697168700397
