times:
  edit-metadata: 1.6738525740802288
  landing: 1.42350466363132
  view-data: 0.4570894632488489
