times:
  edit-metadata: 1.6001243256032467
  landing: 0.047348812222480774
  view-data: 0.23023726418614388
