times:
  edit-metadata: 1.404886905103922
  landing: 0.9559410661458969
  view-data: 3.35111828148365
