times:
  edit-metadata: 1.4965811530128121
  landing: 0.8617125321179628
  view-data: 3.3591786716133356
