times:
  edit-metadata: 1.2410518899559975
  landing: 0.04543720907531679
  view-data: 0.2362186210229993
