times:
  edit-metadata: 1.3962949849665165
  landing: 0.19813422206789255
  view-data: 0.12389968521893024
