times:
  edit-metadata: 1.5276491586118937
  landing: 0.818225622177124
  view-data: 3.409154048189521
