times:
  edit-metadata: 1.4837365439161658
  landing: 0.23773716110736132
  view-data: 0.14186490513384342
