times:
  edit-metadata: 1.5791071653366089
  landing: 0.9182291235774755
  view-data: 3.497085500508547
