times:
  edit-metadata: 1.8078654180280864
  landing: 0.9062150069512427
  view-data: 3.38359960494563
