times:
  edit-metadata: 0.5579359419643879
  landing: 0.045329655054956675
  view-data: 0.2100655259564519
