times:
  edit-metadata: 1.6685102730989456
  landing: 0.1228969544172287
  view-data: 0.023471910506486893
