times:
  edit-metadata: 0.650903376750648
  landing: 0.049407745245844126
  view-data: 0.3529984918422997
