times:
  edit-metadata: 1.6059491708874702
  landing: 0.7491197511553764
  view-data: 3.3956966400146484
