times:
  edit-metadata: 1.5327569469809532
  landing: 0.8523797281086445
  view-data: 3.424165550619364
