times:
  edit-metadata: 1.471042225137353
  landing: 0.7703564818948507
  view-data: 3.2741490826010704
