times:
  edit-metadata: 1.5504685435444117
  landing: 0.732873298227787
  view-data: 3.4073434844613075
