times:
  edit-metadata: 1.5278938971459866
  landing: 0.9375403709709644
  view-data: 3.3668528012931347
