times:
  edit-metadata: 1.5079469420015812
  landing: 0.845954142510891
  view-data: 3.381222728639841
