times:
  edit-metadata: 1.519148100167513
  landing: 0.7609444670379162
  view-data: 3.432520627975464
