times:
  edit-metadata: 0.4822788589999618
  landing: 0.045063580000714865
  view-data: 0.21282635400075378
