times:
  edit-metadata: 1.4315939964726567
  landing: 0.019723699428141117
  view-data: 0.13086701557040215
