times:
  edit-metadata: 0.5047300469595939
  landing: 0.0423774590017274
  view-data: 0.20072129496838897
