times:
  edit-metadata: 1.5199511777609587
  landing: 0.760152131319046
  view-data: 3.4028771705925465
