times:
  edit-metadata: 1.5415489003062248
  landing: 0.781520202755928
  view-data: 3.3714725263416767
