times:
  edit-metadata: 1.5990582341328263
  landing: 0.8177352542988956
  view-data: 3.328179035335779
