times:
  edit-metadata: 0.5238217730075121
  landing: 0.06185296404873952
  view-data: 0.22490065399324521
