times:
  edit-metadata: 1.5488320402801037
  landing: 0.8677220866084099
  view-data: 3.370010666549206
