times:
  edit-metadata: 1.4127559196203947
  landing: 0.02393074706196785
  view-data: 0.12198990862816572
