times:
  edit-metadata: 1.3702121679671109
  landing: 0.7192604260053486
  view-data: 3.273978720069863
