times:
  edit-metadata: 2.232790818437934
  landing: 1.080022525973618
  view-data: 3.30477009806782
