times:
  edit-metadata: 1.4104600194841623
  landing: 0.16435170359909534
  view-data: 0.3644581399857998
