times:
  edit-metadata: 1.5322559885680676
  landing: 0.8910929970443249
  view-data: 3.407454889267683
