times:
  edit-metadata: 0.48894522013142705
  landing: 0.06751381233334541
  view-data: 0.2129354509525001
