times:
  edit-metadata: 1.3520385716110468
  landing: 0.022592801600694656
  view-data: 0.02852034941315651
