times:
  edit-metadata: 1.792746391147375
  landing: 0.882666690275073
  view-data: 3.43271510861814
