times:
  edit-metadata: 0.5099077650811523
  landing: 0.06931803608313203
  view-data: 0.22000153991393745
