times:
  edit-metadata: 1.344601129181683
  landing: 0.08974140509963036
  view-data: 0.39646573178470135
