times:
  edit-metadata: 1.3427009480074048
  landing: 0.12116852402687073
  view-data: 0.389007649384439
