times:
  edit-metadata: 1.4980769595131278
  landing: 0.20361950807273388
  view-data: 0.023486136458814144
