times:
  edit-metadata: 1.3648358192294836
  landing: 0.022082339972257614
  view-data: 0.026224183849990368
