times:
  edit-metadata: 1.405359534546733
  landing: 0.7543221022933722
  view-data: 3.2905284874141216
