times:
  edit-metadata: 1.345129226334393
  landing: 0.022610328160226345
  view-data: 0.12345181405544281
