times:
  edit-metadata: 1.5111229419708252
  landing: 0.18127307668328285
  view-data: 0.12707404792308807
