times:
  edit-metadata: 1.7135941359447315
  landing: 0.7524970719823614
  view-data: 3.3226963999914005
