times:
  edit-metadata: 1.3335731336846948
  landing: 0.022778883576393127
  view-data: 0.09708353783935308
