times:
  edit-metadata: 1.4967631343752146
  landing: 0.707167899236083
  view-data: 3.3449270874261856
