times:
  edit-metadata: 1.5500603653490543
  landing: 0.020189369097352028
  view-data: 0.425706472247839
