times:
  edit-metadata: 1.3919922141358256
  landing: 0.22631130274385214
  view-data: 0.1025749184191227
