times:
  edit-metadata: 1.4982182495296001
  landing: 0.8309915624558926
  view-data: 3.3694986887276173
