times:
  edit-metadata: 1.3401888757944107
  landing: 0.8976120315492153
  view-data: 3.256824102252722
