times:
  edit-metadata: 1.5338743049651384
  landing: 0.7384730111807585
  view-data: 3.3958314191550016
