times:
  edit-metadata: 1.527640126645565
  landing: 0.7710108906030655
  view-data: 3.4595537818968296
