times:
  edit-metadata: 1.5087552182376385
  landing: 0.020461320877075195
  view-data: 0.15099584497511387
