times:
  edit-metadata: 2.1080980971455574
  landing: 0.9502668613567948
  view-data: 4.5330352345481515
