times:
  edit-metadata: 1.4343841653317213
  landing: 0.652173088863492
  view-data: 3.286435604095459
