times:
  edit-metadata: 1.3372862674295902
  landing: 0.12720113433897495
  view-data: 0.0298111941665411
