times:
  edit-metadata: 1.5674001593142748
  landing: 0.02200467512011528
  view-data: 0.027250435203313828
