times:
  edit-metadata: 1.3221786200301722
  landing: 0.28935804101638496
  view-data: 0.3018477930454537
