times:
  edit-metadata: 1.437012848444283
  landing: 0.02169388346374035
  view-data: 0.3265101173892617
