times:
  edit-metadata: 1.4734595157206059
  landing: 0.1964245941489935
  view-data: 0.026608584448695183
