times:
  edit-metadata: 1.41354176774621
  landing: 0.8947111889719963
  view-data: 3.3186779841780663
