times:
  edit-metadata: 0.7955996827222407
  landing: 0.09652632707729936
  view-data: 0.22991519467905164
