times:
  edit-metadata: 0.7837541899643838
  landing: 0.07728970376774669
  view-data: 0.2796866246499121
