times:
  edit-metadata: 1.4331099204719067
  landing: 0.8616275703534484
  view-data: 3.365464437752962
