times:
  edit-metadata: 1.3402387499809265
  landing: 0.8075527250766754
  view-data: 3.3901719115674496
