times:
  edit-metadata: 1.551031354116276
  landing: 0.8792437228839844
  view-data: 3.4580002930015326
