times:
  edit-metadata: 1.710323242470622
  landing: 0.20111041702330112
  view-data: 0.1837807185947895
