times:
  edit-metadata: 1.8611952178180218
  landing: 1.4250042475759983
  view-data: 3.728536252863705
