times:
  edit-metadata: 1.4406895507127047
  landing: 0.02095443569123745
  view-data: 0.026514941826462746
