times:
  edit-metadata: 1.3872082652524114
  landing: 0.20419179741293192
  view-data: 0.12014320399612188
