times:
  edit-metadata: 1.953137269243598
  landing: 0.26439964957535267
  view-data: 0.6326177325099707
