times:
  edit-metadata: 1.3493888825178146
  landing: 0.019577598199248314
  view-data: 0.02408859319984913
