times:
  edit-metadata: 1.583815399557352
  landing: 0.022215023636817932
  view-data: 0.3856319636106491
