times:
  edit-metadata: 1.3929961547255516
  landing: 0.8444461077451706
  view-data: 3.3216534852981567
