times:
  edit-metadata: 1.3952195011079311
  landing: 1.143857255578041
  view-data: 3.3356652818620205
