times:
  edit-metadata: 1.3797496762126684
  landing: 0.020728208124637604
  view-data: 0.024951327592134476
