times:
  edit-metadata: 0.5770802979823202
  landing: 0.05455470999004319
  view-data: 0.2373697169823572
