times:
  edit-metadata: 1.5561390640214086
  landing: 0.7450126223266125
  view-data: 3.357108963187784
