times:
  edit-metadata: 1.4489842504262924
  landing: 0.14817875809967518
  view-data: 0.27517783641815186
