times:
  edit-metadata: 1.5269858576357365
  landing: 0.7650502678006887
  view-data: 3.4162346813827753
