times:
  edit-metadata: 1.3747733104974031
  landing: 0.01977867353707552
  view-data: 0.024717061780393124
