times:
  edit-metadata: 1.3931227903813124
  landing: 0.11024250648915768
  view-data: 0.28737291879951954
