times:
  edit-metadata: 0.5040620698127896
  landing: 0.045847845962271094
  view-data: 0.21914856182411313
