times:
  edit-metadata: 1.556649200618267
  landing: 0.7977940440177917
  view-data: 3.4213518761098385
