times:
  edit-metadata: 0.5636289019603282
  landing: 0.05324532603845
  view-data: 0.2101982709718868
