times:
  edit-metadata: 1.710426782257855
  landing: 0.9288070732727647
  view-data: 3.358241530135274
