times:
  edit-metadata: 1.4711683802306652
  landing: 0.7801222484558821
  view-data: 3.368429052643478
