times:
  edit-metadata: 1.4578702598810196
  landing: 0.19281112030148506
  view-data: 0.1314655877649784
