times:
  edit-metadata: 1.420523482374847
  landing: 0.02062967326492071
  view-data: 0.026939239352941513
