times:
  edit-metadata: 1.6891368348151445
  landing: 0.7987127229571342
  view-data: 3.3846703562885523
