times:
  edit-metadata: 1.6049089133739471
  landing: 0.9532225504517555
  view-data: 3.39249100536108
