times:
  edit-metadata: 1.494749475037679
  landing: 0.9061397479381412
  view-data: 3.4671180138830096
