times:
  edit-metadata: 1.5997802149504423
  landing: 0.22403578460216522
  view-data: 0.22275196947157383
