times:
  edit-metadata: 1.432741716504097
  landing: 0.9436167702078819
  view-data: 3.3453784249722958
