times:
  edit-metadata: 2.0788418762385845
  landing: 1.6426838524639606
  view-data: 0.8963151685893536
