times:
  edit-metadata: 1.4645419716835022
  landing: 0.24456793628633022
  view-data: 0.29452226124703884
