times:
  edit-metadata: 0.498332004994154
  landing: 0.06865027802996337
  view-data: 0.2124457259196788
