times:
  edit-metadata: 1.6110084727406502
  landing: 0.9722662977874279
  view-data: 3.3547702357172966
