times:
  edit-metadata: 1.544816967099905
  landing: 0.752489123493433
  view-data: 3.3577677123248577
