times:
  edit-metadata: 1.6363222226500511
  landing: 0.9080463424324989
  view-data: 3.4569743014872074
