times:
  edit-metadata: 1.4369304021820426
  landing: 0.15982181951403618
  view-data: 0.02463361620903015
