times:
  edit-metadata: 1.4124589003622532
  landing: 0.8842580690979958
  view-data: 3.3604543767869473
