times:
  edit-metadata: 1.4044666178524494
  landing: 0.15796521678566933
  view-data: 0.1413924489170313
