times:
  edit-metadata: 1.3598853461444378
  landing: 0.023063466884195805
  view-data: 0.12524754647165537
