times:
  edit-metadata: 0.5066856979392469
  landing: 0.047237724997103214
  view-data: 0.20143915293738246
