times:
  edit-metadata: 0.5929232817143202
  landing: 0.04577538510784507
  view-data: 0.22191934706643224
