times:
  edit-metadata: 1.4098478760570288
  landing: 0.020885990001261234
  view-data: 0.22759201284497976
