times:
  edit-metadata: 2.2673727571964264
  landing: 1.2390264626592398
  view-data: 3.851091230288148
