times:
  edit-metadata: 1.8936232449486852
  landing: 1.2329549854621291
  view-data: 3.3667582320049405
