times:
  edit-metadata: 5.328211683779955
  landing: 2.003724832087755
  view-data: 4.374721210449934
