times:
  edit-metadata: 1.4748568814247847
  landing: 0.24222167301923037
  view-data: 0.22523884195834398
