times:
  edit-metadata: 1.3935399409383535
  landing: 0.02224729023873806
  view-data: 0.029382718726992607
