times:
  edit-metadata: 1.4499264489859343
  landing: 0.019273856654763222
  view-data: 0.024097304791212082
