times:
  edit-metadata: 1.360781473107636
  landing: 0.02336986642330885
  view-data: 0.11594950035214424
