times:
  edit-metadata: 1.741197134833783
  landing: 0.9080170379020274
  view-data: 3.3895781408064067
