times:
  edit-metadata: 1.4492388432845473
  landing: 0.020621749572455883
  view-data: 0.09746649488806725
