times:
  edit-metadata: 1.9086313853040338
  landing: 0.8626977745443583
  view-data: 3.3717683758586645
