times:
  edit-metadata: 1.44219764880836
  landing: 0.14934702962636948
  view-data: 0.1413373462855816
