times:
  edit-metadata: 1.3727198392152786
  landing: 0.7700766324996948
  view-data: 3.3237172588706017
