times:
  edit-metadata: 1.4849130734801292
  landing: 0.0195933748036623
  view-data: 0.2624283470213413
