times:
  edit-metadata: 1.356678431853652
  landing: 0.15868610423058271
  view-data: 0.026032130233943462
