times:
  edit-metadata: 1.3874308783560991
  landing: 0.021420467644929886
  view-data: 0.028856676071882248
