times:
  edit-metadata: 1.4161282861605287
  landing: 0.1643823180347681
  view-data: 0.3932045754045248
