times:
  edit-metadata: 1.5455773770809174
  landing: 0.6670193581376225
  view-data: 3.334422484971583
