times:
  edit-metadata: 1.4760553073137999
  landing: 0.2261122977361083
  view-data: 0.40407594852149487
