times:
  edit-metadata: 1.793420985341072
  landing: 0.01955959666520357
  view-data: 0.02639204915612936
