times:
  edit-metadata: 1.37400964461267
  landing: 0.16787212248891592
  view-data: 0.307178164832294
