times:
  edit-metadata: 1.3606799496337771
  landing: 0.1190754845738411
  view-data: 0.02543606050312519
