times:
  edit-metadata: 1.3475472452118993
  landing: 0.14266291167587042
  view-data: 0.4262015987187624
