times:
  edit-metadata: 0.5177758650388569
  landing: 0.04249062389135361
  view-data: 0.212062536040321
