times:
  edit-metadata: 1.5407243873924017
  landing: 0.7310381066054106
  view-data: 3.3822854217141867
