times:
  edit-metadata: 1.4511636085808277
  landing: 0.022856706753373146
  view-data: 0.10303753428161144
