times:
  edit-metadata: 1.8313749879598618
  landing: 0.24301296658813953
  view-data: 0.2125734332948923
