times:
  edit-metadata: 0.5207172420341522
  landing: 0.04900966794230044
  view-data: 0.2296962080290541
