times:
  edit-metadata: 1.393880546092987
  landing: 0.7135310024023056
  view-data: 3.301143638789654
