times:
  edit-metadata: 1.411357439123094
  landing: 0.02609363291412592
  view-data: 0.20812961645424366
