times:
  edit-metadata: 2.794010143727064
  landing: 1.4883420877158642
  view-data: 3.8026275485754013
