times:
  edit-metadata: 0.5048691499978304
  landing: 0.05332229589112103
  view-data: 0.20432531600818038
