times:
  edit-metadata: 1.3779958067461848
  landing: 0.020661158487200737
  view-data: 0.027911759912967682
