times:
  edit-metadata: 1.492062165401876
  landing: 0.777174680493772
  view-data: 3.355985699221492
