times:
  edit-metadata: 1.8300616219639778
  landing: 0.7500224988907576
  view-data: 3.3922671284526587
