times:
  edit-metadata: 1.5263550337404013
  landing: 0.7433833424001932
  view-data: 3.3807374238967896
