times:
  edit-metadata: 1.479024738073349
  landing: 0.9853970296680927
  view-data: 3.3085818882100284
