times:
  edit-metadata: 0.5031145471148193
  landing: 0.06401677895337343
  view-data: 0.22027542884461582
