times:
  edit-metadata: 1.4753002971410751
  landing: 0.022357819601893425
  view-data: 0.11733762640506029
