times:
  edit-metadata: 1.3806711230427027
  landing: 0.11982374638319016
  view-data: 0.31887969747185707
