times:
  edit-metadata: 1.4746443517506123
  landing: 0.6689416915178299
  view-data: 3.3011750541627407
