times:
  edit-metadata: 0.5629182370030321
  landing: 0.07200404000468552
  view-data: 0.20764441299252212
