times:
  edit-metadata: 1.5100496597588062
  landing: 0.8691538497805595
  view-data: 3.3640161640942097
