times:
  edit-metadata: 1.355288665741682
  landing: 0.9030988849699497
  view-data: 3.3038521260023117
