times:
  edit-metadata: 1.5507194437086582
  landing: 0.8755348511040211
  view-data: 3.299734842032194
