times:
  edit-metadata: 0.5337203840026632
  landing: 0.0532875400967896
  view-data: 0.2062511049443856
