times:
  edit-metadata: 1.4249046109616756
  landing: 0.9355952106416225
  view-data: 3.3991187289357185
