times:
  edit-metadata: 1.3464651517570019
  landing: 0.908753115683794
  view-data: 3.380226869136095
