times:
  edit-metadata: 1.3629925400018692
  landing: 0.7257313709706068
  view-data: 3.3446959839202464
