times:
  edit-metadata: 1.7743593259947374
  landing: 0.849299160996452
  view-data: 3.3669042519759387
