times:
  edit-metadata: 1.578067172318697
  landing: 0.9289664644747972
  view-data: 3.2730496656149626
