times:
  edit-metadata: 1.3145710518583655
  landing: 0.7265116779599339
  view-data: 3.2581540180835873
