times:
  edit-metadata: 1.7320894822478294
  landing: 0.2756083868443966
  view-data: 0.43332297913730145
