times:
  edit-metadata: 1.5888797994703054
  landing: 0.20594949461519718
  view-data: 0.3414963074028492
