times:
  edit-metadata: 0.5801862869411707
  landing: 0.08274788409471512
  view-data: 0.2257675207220018
