times:
  edit-metadata: 1.7669156398624182
  landing: 0.2049500308930874
  view-data: 0.36189658753573895
