times:
  edit-metadata: 0.4967600360396318
  landing: 0.07503659697249532
  view-data: 0.22420106502249837
