times:
  edit-metadata: 1.4106238707900047
  landing: 0.8687525205314159
  view-data: 3.35791190341115
