times:
  edit-metadata: 1.4688276057131588
  landing: 0.7574119991622865
  view-data: 3.373052087146789
