times:
  edit-metadata: 1.4785803146660328
  landing: 0.8084216602146626
  view-data: 3.3956840485334396
