times:
  edit-metadata: 1.6663520876318216
  landing: 0.15551505237817764
  view-data: 0.42240758426487446
