times:
  edit-metadata: 0.5751038519665599
  landing: 0.06169454602058977
  view-data: 0.21713481401093304
