times:
  edit-metadata: 2.2387471608817577
  landing: 0.019966496154665947
  view-data: 0.4493262581527233
