times:
  edit-metadata: 1.5116683840751648
  landing: 0.7612551767379045
  view-data: 3.3905201498419046
