times:
  edit-metadata: 1.472361377440393
  landing: 0.26012022793293
  view-data: 0.21718811988830566
