times:
  edit-metadata: 1.3774161748588085
  landing: 0.02459663897752762
  view-data: 0.02767035737633705
