times:
  edit-metadata: 2.4550860580056906
  landing: 0.414917778223753
  view-data: 0.40472100395709276
