times:
  edit-metadata: 1.575430415570736
  landing: 0.788805928081274
  view-data: 3.4404108319431543
