times:
  edit-metadata: 1.2794444309547544
  landing: 0.763225557282567
  view-data: 3.3115435102954507
