times:
  edit-metadata: 0.5059442979982123
  landing: 0.05301259900443256
  view-data: 0.20972092996817082
