times:
  edit-metadata: 1.4564381297677755
  landing: 0.8032835349440575
  view-data: 0.48719292785972357
