times:
  edit-metadata: 0.7087082136422396
  landing: 0.1256123213097453
  view-data: 0.2947089271619916
