times:
  edit-metadata: 1.6234985925257206
  landing: 0.2212859746068716
  view-data: 0.4680554876103997
