times:
  edit-metadata: 2.20578720420599
  landing: 2.3229924254119396
  view-data: 3.517443772405386
