times:
  edit-metadata: 1.7758897617459297
  landing: 0.21079022251069546
  view-data: 0.24142704345285892
