times:
  edit-metadata: 1.5479913167655468
  landing: 0.8882375955581665
  view-data: 3.4036299511790276
