times:
  edit-metadata: 1.6565896589308977
  landing: 0.1881206464022398
  view-data: 0.2709198836237192
