times:
  edit-metadata: 1.4137758500874043
  landing: 0.765091965906322
  view-data: 3.3267896035686135
