times:
  edit-metadata: 1.3993386514484882
  landing: 0.019385330379009247
  view-data: 0.02599289081990719
