times:
  edit-metadata: 0.5729867881163955
  landing: 0.07778501510620117
  view-data: 0.22014692518860102
