times:
  edit-metadata: 1.4519590940326452
  landing: 0.7734770802780986
  view-data: 3.3736726604402065
