times:
  edit-metadata: 0.5595579729997553
  landing: 0.08028000200283714
  view-data: 0.2369227849994786
