times:
  edit-metadata: 1.51315863057971
  landing: 0.8406203873455524
  view-data: 3.3668306097388268
