times:
  edit-metadata: 1.530656948685646
  landing: 0.02108306996524334
  view-data: 0.025638137012720108
