times:
  edit-metadata: 1.7269386425614357
  landing: 1.009289339184761
  view-data: 3.388043437153101
