times:
  edit-metadata: 1.3940588310360909
  landing: 0.02313202526420355
  view-data: 0.027029107324779034
