times:
  edit-metadata: 1.42513020709157
  landing: 0.9683369509875774
  view-data: 3.407097600400448
