times:
  edit-metadata: 1.4397972449660301
  landing: 0.7703396007418633
  view-data: 3.3924124501645565
