times:
  edit-metadata: 1.5299614910036325
  landing: 0.6745170410722494
  view-data: 3.3287576865404844
