times:
  edit-metadata: 1.8064054287970066
  landing: 0.04767818748950958
  view-data: 0.41279141418635845
