times:
  edit-metadata: 1.50802499987185
  landing: 0.859430281445384
  view-data: 3.4760892540216446
