times:
  edit-metadata: 1.6815795078873634
  landing: 0.8583194110542536
  view-data: 3.3637744411826134
