times:
  edit-metadata: 1.336066753603518
  landing: 0.1799536058679223
  view-data: 0.026436402462422848
