times:
  edit-metadata: 1.688634168356657
  landing: 0.8946210369467735
  view-data: 3.3761664889752865
