times:
  edit-metadata: 1.4093668274581432
  landing: 0.021961888298392296
  view-data: 0.10042375884950161
