times:
  edit-metadata: 1.5953595861792564
  landing: 0.8486376348882914
  view-data: 3.3550615049898624
