times:
  edit-metadata: 1.363677591085434
  landing: 0.01996078807860613
  view-data: 0.02570694126188755
