times:
  edit-metadata: 1.3613613853231072
  landing: 0.022066899575293064
  view-data: 0.4165399484336376
