times:
  edit-metadata: 1.5515418909490108
  landing: 0.7950428687036037
  view-data: 3.3999999575316906
