times:
  edit-metadata: 1.4113061912357807
  landing: 0.8370512807741761
  view-data: 3.36022724583745
