times:
  edit-metadata: 0.5165085950284265
  landing: 0.048846343997865915
  view-data: 0.2252558339969255
