times:
  edit-metadata: 1.3797773662954569
  landing: 0.24530929140746593
  view-data: 0.02278941310942173
