times:
  edit-metadata: 1.5707651488482952
  landing: 0.018072154372930527
  view-data: 0.4423186294734478
