times:
  edit-metadata: 1.5172496400773525
  landing: 0.8265971057116985
  view-data: 3.280245963484049
