times:
  edit-metadata: 1.51088778488338
  landing: 0.8888514488935471
  view-data: 3.3809565529227257
