times:
  edit-metadata: 1.3635077243670821
  landing: 0.022369439713656902
  view-data: 0.23488517384976149
