times:
  edit-metadata: 1.61889074370265
  landing: 0.9965040162205696
  view-data: 3.397570364177227
