times:
  edit-metadata: 1.7744270944967866
  landing: 0.2530957516282797
  view-data: 0.4971678825095296
