times:
  edit-metadata: 1.43394248560071
  landing: 0.8695358112454414
  view-data: 3.3592143282294273
