times:
  edit-metadata: 1.3929364886134863
  landing: 0.11536284536123276
  view-data: 0.022805482149124146
