times:
  edit-metadata: 1.5532245561480522
  landing: 0.7571954037994146
  view-data: 3.419762220233679
