times:
  edit-metadata: 1.4478256097063422
  landing: 0.020731658674776554
  view-data: 0.41090218629688025
