times:
  edit-metadata: 1.4428916312754154
  landing: 0.9555480107665062
  view-data: 3.3972213715314865
