times:
  edit-metadata: 1.5286249164491892
  landing: 0.7466042749583721
  view-data: 3.4021596759557724
