times:
  edit-metadata: 1.5146873965859413
  landing: 0.918300449848175
  view-data: 3.4169420674443245
