times:
  edit-metadata: 1.5039421990513802
  landing: 0.14310380443930626
  view-data: 0.13913941197097301
