times:
  edit-metadata: 1.4004335571080446
  landing: 0.8002290884032845
  view-data: 3.3232756834477186
