times:
  edit-metadata: 1.4812075458467007
  landing: 0.6988997608423233
  view-data: 3.3687359392642975
