times:
  edit-metadata: 1.3960120901465416
  landing: 0.19510077685117722
  view-data: 0.02454400807619095
