times:
  edit-metadata: 1.5356523301452398
  landing: 0.7278966791927814
  view-data: 3.3841211926192045
