times:
  edit-metadata: 1.6858158074319363
  landing: 0.02062644436955452
  view-data: 0.19095171429216862
