times:
  edit-metadata: 1.628408182412386
  landing: 0.9862319901585579
  view-data: 3.4562554582953453
