times:
  edit-metadata: 1.3245901353657246
  landing: 0.021440358832478523
  view-data: 0.02418098133057356
