times:
  edit-metadata: 1.5000054705888033
  landing: 0.8578127287328243
  view-data: 3.4225487001240253
