times:
  edit-metadata: 1.5182661022990942
  landing: 0.7278497107326984
  view-data: 3.37014402076602
