times:
  edit-metadata: 1.5633619111031294
  landing: 0.7114494349807501
  view-data: 0.5255715679377317
