times:
  edit-metadata: 1.4017610102891922
  landing: 0.02238151617348194
  view-data: 0.3023242987692356
