times:
  edit-metadata: 1.5322684980928898
  landing: 0.9257196485996246
  view-data: 3.4238713458180428
