times:
  edit-metadata: 0.6206587330088951
  landing: 0.04945869298535399
  view-data: 0.21882175299106166
