times:
  edit-metadata: 1.3984671477228403
  landing: 0.19073487538844347
  view-data: 0.3224053727462888
