times:
  edit-metadata: 1.4383534044027328
  landing: 0.02056611981242895
  view-data: 0.20593793969601393
