times:
  edit-metadata: 1.4910262911580503
  landing: 0.8919918457977474
  view-data: 3.390319393016398
