times:
  edit-metadata: 0.5119474539533257
  landing: 0.04754969710484147
  view-data: 0.19817848689854145
