times:
  edit-metadata: 1.3731397986412048
  landing: 0.8997504226863384
  view-data: 3.403953943401575
