times:
  edit-metadata: 0.5064595337025821
  landing: 0.05029389774426818
  view-data: 0.22935344418510795
