times:
  edit-metadata: 0.511334934970364
  landing: 0.04919908405281603
  view-data: 0.20732893887907267
