times:
  edit-metadata: 1.576290449127555
  landing: 0.2262432761490345
  view-data: 0.12650766409933567
