times:
  edit-metadata: 0.596952510997653
  landing: 0.06406351900659502
  view-data: 0.22384261101251468
