times:
  edit-metadata: 1.6115583162754774
  landing: 0.7961416803300381
  view-data: 3.4244523234665394
