times:
  edit-metadata: 1.3894763514399529
  landing: 0.8422324024140835
  view-data: 3.303983360528946
