times:
  edit-metadata: 1.3656200729310513
  landing: 0.9164814613759518
  view-data: 3.276892475783825
