times:
  edit-metadata: 1.5152130872011185
  landing: 0.8530201762914658
  view-data: 3.5440683402121067
