times:
  edit-metadata: 1.6312295086681843
  landing: 0.026017850264906883
  view-data: 0.02515570819377899
