times:
  edit-metadata: 2.152557894587517
  landing: 0.9625079147517681
  view-data: 3.664753369987011
