times:
  edit-metadata: 1.5284938756376505
  landing: 0.7640257198363543
  view-data: 3.375734990462661
