times:
  edit-metadata: 1.4142808252945542
  landing: 0.2162429243326187
  view-data: 0.21250011306256056
