times:
  edit-metadata: 1.5400394666939974
  landing: 0.7238695044070482
  view-data: 3.4077527057379484
