times:
  edit-metadata: 0.4823390730016399
  landing: 0.04499396600294858
  view-data: 0.3498055489908438
