times:
  edit-metadata: 0.5231713580433279
  landing: 0.05054687103256583
  view-data: 0.20824804692529142
