times:
  edit-metadata: 2.497507221996784
  landing: 1.4529723320156336
  view-data: 3.736286527477205
