times:
  edit-metadata: 0.5094697480089962
  landing: 0.044199264026246965
  view-data: 0.2115913819288835
