times:
  edit-metadata: 1.5268955919891596
  landing: 0.022080721333622932
  view-data: 0.10467328689992428
