times:
  edit-metadata: 1.3898161184042692
  landing: 0.019071809947490692
  view-data: 0.023127397522330284
