times:
  edit-metadata: 1.3625505408272147
  landing: 0.024007074534893036
  view-data: 0.13008717820048332
