times:
  edit-metadata: 2.260057769715786
  landing: 2.8756389506161213
  view-data: 3.4242466539144516
