times:
  edit-metadata: 1.6355505250394344
  landing: 0.8313363790512085
  view-data: 3.3920136615633965
