times:
  edit-metadata: 1.4065849389880896
  landing: 0.02235553227365017
  view-data: 0.025553617626428604
