times:
  edit-metadata: 1.619686694815755
  landing: 0.021529722958803177
  view-data: 0.17476529255509377
