times:
  edit-metadata: 1.4027403537184
  landing: 0.7676645517349243
  view-data: 3.361008107662201
