times:
  edit-metadata: 1.386979323811829
  landing: 0.02226828131824732
  view-data: 0.025757617317140102
