times:
  edit-metadata: 1.5721990121528506
  landing: 0.7634413121268153
  view-data: 3.5930640129372478
