times:
  edit-metadata: 0.5920098298229277
  landing: 0.05258461134508252
  view-data: 0.21226990083232522
