times:
  edit-metadata: 0.6532519480097108
  landing: 0.06547090099775232
  view-data: 0.2707909040036611
