times:
  edit-metadata: 1.4668576437979937
  landing: 0.019360966980457306
  view-data: 0.024518268182873726
