times:
  edit-metadata: 1.7374940998852253
  landing: 0.2551783677190542
  view-data: 0.3344189003109932
