times:
  edit-metadata: 1.4679517652839422
  landing: 0.11912715621292591
  view-data: 0.2934687025845051
