times:
  edit-metadata: 1.4566332511603832
  landing: 0.7699079634621739
  view-data: 3.3566568549722433
