times:
  edit-metadata: 0.5801584930159152
  landing: 0.0433929399587214
  view-data: 0.21411121636629105
