times:
  edit-metadata: 2.3773344960063696
  landing: 1.2243509534746408
  view-data: 3.5316246561706066
