times:
  edit-metadata: 2.4380186051130295
  landing: 0.049280593171715736
  view-data: 0.04932543262839317
