times:
  edit-metadata: 1.335080474615097
  landing: 0.02154680620878935
  view-data: 0.029685698449611664
