times:
  edit-metadata: 1.4914214313030243
  landing: 4.0710469000041485
  view-data: 3.2947846576571465
