times:
  edit-metadata: 1.474721860140562
  landing: 0.2098943144083023
  view-data: 0.024922192096710205
