times:
  edit-metadata: 1.6351066920906305
  landing: 0.021294787526130676
  view-data: 0.32128438353538513
