times:
  edit-metadata: 1.4966204315423965
  landing: 0.7580694947391748
  view-data: 3.3850992172956467
