times:
  edit-metadata: 1.5251333117485046
  landing: 0.7681303918361664
  view-data: 3.5531559698283672
