times:
  edit-metadata: 1.539129225537181
  landing: 0.7375483401119709
  view-data: 3.3980428650975227
