times:
  edit-metadata: 0.503616409143433
  landing: 0.04459991306066513
  view-data: 0.34637382603250444
