times:
  edit-metadata: 1.6313101444393396
  landing: 0.7730168038979173
  view-data: 3.354468358680606
