times:
  edit-metadata: 1.3975851740688086
  landing: 0.02339918538928032
  view-data: 0.28892737068235874
