times:
  edit-metadata: 1.6897930279374123
  landing: 1.0601609870791435
  view-data: 3.448591712862253
