times:
  edit-metadata: 1.3669276721775532
  landing: 0.23504817858338356
  view-data: 0.023395143449306488
