times:
  edit-metadata: 1.6061606593430042
  landing: 0.8163084648549557
  view-data: 3.339643970131874
