times:
  edit-metadata: 0.5096827058587223
  landing: 0.047546316869556904
  view-data: 0.21016255510039628
