times:
  edit-metadata: 1.4954163013026118
  landing: 0.7329086009413004
  view-data: 3.3149997796863317
