times:
  edit-metadata: 1.638645375147462
  landing: 0.9104464706033468
  view-data: 3.3714812453836203
