times:
  edit-metadata: 1.486193934455514
  landing: 0.8504812158644199
  view-data: 3.364963099360466
