times:
  edit-metadata: 1.3991211419925094
  landing: 0.02281060628592968
  view-data: 0.02427143231034279
