times:
  edit-metadata: 1.6991826370358467
  landing: 1.0921604633331299
  view-data: 3.404458049684763
