times:
  edit-metadata: 1.366889719851315
  landing: 0.7804254880174994
  view-data: 3.344279194716364
