times:
  edit-metadata: 0.5190085698850453
  landing: 0.04670476308092475
  view-data: 0.33465964114293456
