times:
  edit-metadata: 1.4568467922508717
  landing: 0.7578049888834357
  view-data: 3.347605675458908
