times:
  edit-metadata: 1.6016163751482964
  landing: 0.15081127360463142
  view-data: 0.5009791161864996
