times:
  edit-metadata: 0.4812375749752391
  landing: 0.043076057016151026
  view-data: 0.3439655129914172
