times:
  edit-metadata: 0.5326299760490656
  landing: 0.04795129597187042
  view-data: 0.33242651307955384
