times:
  edit-metadata: 1.4416623320430517
  landing: 0.023724250495433807
  view-data: 0.02573244832456112
