times:
  edit-metadata: 0.514256285969168
  landing: 0.046602833026554435
  view-data: 0.2122224269551225
