times:
  edit-metadata: 1.5166930388659239
  landing: 0.7510951217263937
  view-data: 3.3891731072217226
