times:
  edit-metadata: 1.5729207582771778
  landing: 0.85107646510005
  view-data: 3.3651249688118696
