times:
  edit-metadata: 1.795943010598421
  landing: 1.1365688052028418
  view-data: 3.5104799456894398
