times:
  edit-metadata: 1.7576624415814877
  landing: 0.047756098210811615
  view-data: 0.05475723836570978
