times:
  edit-metadata: 0.49354466889053583
  landing: 0.04436814412474632
  view-data: 0.3478647649753839
