times:
  edit-metadata: 1.482271647080779
  landing: 0.12149531207978725
  view-data: 0.12866905145347118
