times:
  edit-metadata: 1.3916484862565994
  landing: 0.02013644203543663
  view-data: 0.02371940389275551
