times:
  edit-metadata: 1.92193235270679
  landing: 0.22815964743494987
  view-data: 0.3820135872811079
