times:
  edit-metadata: 1.3520564213395119
  landing: 0.6784619335085154
  view-data: 3.290183337405324
