times:
  edit-metadata: 0.502981391036883
  landing: 0.05745267006568611
  view-data: 0.2216594461351633
