times:
  edit-metadata: 1.6345602348446846
  landing: 0.9118876121938229
  view-data: 3.3982918672263622
