times:
  edit-metadata: 0.6004185689380392
  landing: 0.07415228197351098
  view-data: 0.2192150220507756
