times:
  edit-metadata: 0.6903262776322663
  landing: 0.05967687303200364
  view-data: 0.20549082616344094
