times:
  edit-metadata: 1.4572846936061978
  landing: 0.19494981970638037
  view-data: 0.31900653056800365
