times:
  edit-metadata: 1.3715823059901595
  landing: 0.13042397610843182
  view-data: 0.025085339322686195
