times:
  edit-metadata: 2.0761263761669397
  landing: 0.9841842958703637
  view-data: 3.5603509871289134
