times:
  edit-metadata: 1.392623138613999
  landing: 0.020449010655283928
  view-data: 0.11703759990632534
