times:
  edit-metadata: 1.65985854761675
  landing: 0.9043308361433446
  view-data: 3.296672396827489
