times:
  edit-metadata: 1.4839025158435106
  landing: 0.024438615888357162
  view-data: 0.028281157836318016
