times:
  edit-metadata: 1.5909332633018494
  landing: 0.25928662344813347
  view-data: 0.025906063616275787
