times:
  edit-metadata: 1.515258084051311
  landing: 0.9580725682899356
  view-data: 3.4279788257554173
