times:
  edit-metadata: 1.3490798817947507
  landing: 0.021514374762773514
  view-data: 0.12287115305662155
