times:
  edit-metadata: 1.4568064846098423
  landing: 0.7343203313648701
  view-data: 3.373480910435319
