times:
  edit-metadata: 1.3951112143695354
  landing: 0.8368350490927696
  view-data: 3.3147981017827988
