times:
  edit-metadata: 0.5139259439893067
  landing: 0.04471772606484592
  view-data: 0.2116485940059647
