times:
  edit-metadata: 1.5652894442901015
  landing: 0.7390379514545202
  view-data: 3.389024443924427
