times:
  edit-metadata: 1.3735214956104755
  landing: 0.728337362408638
  view-data: 3.3386048208922148
