times:
  edit-metadata: 0.5101514658890665
  landing: 0.04914050409570336
  view-data: 0.21310434001497924
