times:
  edit-metadata: 1.3903497802093625
  landing: 0.02237525675445795
  view-data: 0.02332865260541439
