times:
  edit-metadata: 1.4035108033567667
  landing: 0.021192628890275955
  view-data: 0.02257215417921543
