times:
  edit-metadata: 0.5772363509749994
  landing: 0.0478424159809947
  view-data: 0.21609016798902303
