times:
  edit-metadata: 1.3475149795413017
  landing: 0.6702763624489307
  view-data: 3.4363049790263176
