times:
  edit-metadata: 1.3855805210769176
  landing: 0.02422092854976654
  view-data: 0.02542768232524395
