times:
  edit-metadata: 1.3753698449581861
  landing: 0.02052222192287445
  view-data: 0.028324843384325504
