times:
  edit-metadata: 1.55928201880306
  landing: 0.8750874493271112
  view-data: 3.3730614073574543
