times:
  edit-metadata: 1.5137801971286535
  landing: 0.19114894792437553
  view-data: 0.3654748946428299
