times:
  edit-metadata: 1.58116433955729
  landing: 0.8879072889685631
  view-data: 3.518738739192486
