times:
  edit-metadata: 1.558062819764018
  landing: 0.7564046196639538
  view-data: 3.460255602374673
