times:
  edit-metadata: 0.5250587768387049
  landing: 0.04373705410398543
  view-data: 0.20325112994760275
