times:
  edit-metadata: 0.671172693837434
  landing: 0.15146907698363066
  view-data: 0.20952455420047045
