times:
  edit-metadata: 1.373841978609562
  landing: 0.09203840512782335
  view-data: 0.024995390325784683
