times:
  edit-metadata: 1.5512380814179778
  landing: 6.687047969549894
  view-data: 3.633636115118861
