times:
  edit-metadata: 1.4945511482656002
  landing: 0.7763441652059555
  view-data: 3.438940819352865
