times:
  edit-metadata: 0.5906902889255434
  landing: 0.05180943105369806
  view-data: 0.22655772208236158
