times:
  edit-metadata: 1.475983016192913
  landing: 0.6543076671659946
  view-data: 3.3147739078849554
