times:
  edit-metadata: 1.3799680322408676
  landing: 0.675348112359643
  view-data: 3.3026168681681156
