times:
  edit-metadata: 1.545033221016638
  landing: 0.8077286770567298
  view-data: 3.3169522170210257
