times:
  edit-metadata: 1.5262460447847843
  landing: 0.11672653444111347
  view-data: 0.10227539017796516
