times:
  edit-metadata: 1.4862094391137362
  landing: 0.020000573247671127
  view-data: 0.025873718783259392
