times:
  edit-metadata: 1.4463867349550128
  landing: 0.7697029067203403
  view-data: 3.4820898100733757
