times:
  edit-metadata: 1.6477803960442543
  landing: 0.9926841743290424
  view-data: 3.4629570432007313
