times:
  edit-metadata: 1.7077977061271667
  landing: 0.9386467672884464
  view-data: 3.367677118629217
