times:
  edit-metadata: 1.375293000601232
  landing: 0.14152076095342636
  view-data: 0.3942862991243601
