times:
  edit-metadata: 1.3791554672643542
  landing: 0.019682826474308968
  view-data: 0.025162776932120323
