times:
  edit-metadata: 0.5668856559786946
  landing: 0.06031601096037775
  view-data: 0.22792157402727753
