times:
  edit-metadata: 1.3512270841747522
  landing: 0.022257022559642792
  view-data: 0.024875187315046787
