times:
  edit-metadata: 1.4317105822265148
  landing: 0.7591778412461281
  view-data: 3.290259376168251
