times:
  edit-metadata: 1.3723148703575134
  landing: 0.02098678145557642
  view-data: 0.12091112975031137
