times:
  edit-metadata: 0.7940769159467891
  landing: 0.12103146000299603
  view-data: 0.27544727094937116
