times:
  edit-metadata: 0.5024595949798822
  landing: 0.0485088131390512
  view-data: 0.20961523288860917
