times:
  edit-metadata: 1.2773103681392968
  landing: 0.7911508749239147
  view-data: 3.3270773580297828
