times:
  edit-metadata: 0.5884765312075615
  landing: 0.05235998798161745
  view-data: 0.21547404490411282
