times:
  edit-metadata: 1.7875098921358585
  landing: 0.278076296672225
  view-data: 0.3786383420228958
