times:
  edit-metadata: 1.5790417678654194
  landing: 0.880930308252573
  view-data: 3.318398341536522
