times:
  edit-metadata: 1.460562251508236
  landing: 0.021692484617233276
  view-data: 0.11831983923912048
