times:
  edit-metadata: 0.7860585981979966
  landing: 0.06848405674099922
  view-data: 0.2938208212144673
