times:
  edit-metadata: 0.8630131590180099
  landing: 0.042402029037475586
  view-data: 0.21745957294479012
