times:
  edit-metadata: 1.5457520596683025
  landing: 0.8502477221190929
  view-data: 3.3816803200170398
