times:
  edit-metadata: 0.7595939100137912
  landing: 0.063235043984605
  view-data: 0.21987771400017664
