times:
  edit-metadata: 1.4417229564860463
  landing: 0.20297131408005953
  view-data: 0.09847308322787285
