times:
  edit-metadata: 0.5815406269975938
  landing: 0.06526385899633169
  view-data: 0.22948404499766184
