times:
  edit-metadata: 1.366704256273806
  landing: 0.02398510929197073
  view-data: 0.1240634173154831
