times:
  edit-metadata: 1.4761131848208606
  landing: 0.8608854375779629
  view-data: 3.414568164385855
