times:
  edit-metadata: 0.5750376370269805
  landing: 0.06830076000187546
  view-data: 0.23587400797987357
