times:
  edit-metadata: 1.4431593865156174
  landing: 0.7308113500475883
  view-data: 3.423827864229679
