times:
  edit-metadata: 1.529084274545312
  landing: 0.7901829238981009
  view-data: 3.44002609141171
