times:
  edit-metadata: 1.4444610867649317
  landing: 0.022490262985229492
  view-data: 0.35456944815814495
