times:
  edit-metadata: 0.5392390550114214
  landing: 0.1306484758388251
  view-data: 0.23613147903233767
