times:
  edit-metadata: 1.3732529748231173
  landing: 0.24314270447939634
  view-data: 0.12147142551839352
