times:
  edit-metadata: 1.452199649065733
  landing: 0.1963859237730503
  view-data: 0.14203155972063541
