times:
  edit-metadata: 1.6065768878906965
  landing: 0.1522789280861616
  view-data: 0.2146301306784153
