times:
  edit-metadata: 1.5003065075725317
  landing: 0.8155452124774456
  view-data: 3.419088903814554
