times:
  edit-metadata: 1.4404939413070679
  landing: 0.02049884758889675
  view-data: 0.022588031366467476
