times:
  edit-metadata: 1.5772914197295904
  landing: 0.021138016134500504
  view-data: 0.027675507590174675
