times:
  edit-metadata: 0.5044247941114008
  landing: 0.04312330391258001
  view-data: 0.2218576199375093
