times:
  edit-metadata: 1.3722452726215124
  landing: 0.20443372800946236
  view-data: 0.46119528729468584
