times:
  edit-metadata: 0.6385056139552034
  landing: 0.04772901098476723
  view-data: 0.2179718470433727
