times:
  edit-metadata: 1.487311564385891
  landing: 0.8312015533447266
  view-data: 3.337235976010561
