times:
  edit-metadata: 1.3920295271091163
  landing: 0.7663172376342118
  view-data: 3.4014989999122918
