times:
  edit-metadata: 1.3595200469717383
  landing: 0.167210316285491
  view-data: 0.025468730367720127
