times:
  edit-metadata: 1.5895533841103315
  landing: 0.24784589000046253
  view-data: 0.4995287396013737
