times:
  edit-metadata: 1.57944455742836
  landing: 0.8012041635811329
  view-data: 3.4306654892861843
