times:
  edit-metadata: 1.3853735588490963
  landing: 6.677067004144192
  view-data: 3.4399645626544952
