times:
  edit-metadata: 0.5043453450198285
  landing: 0.04857218102551997
  view-data: 0.22346809296868742
