times:
  edit-metadata: 1.4740529228001833
  landing: 0.6915598995983601
  view-data: 3.387651639059186
