times:
  edit-metadata: 1.5387764014303684
  landing: 0.732082013040781
  view-data: 3.3586563877761364
