times:
  edit-metadata: 0.6728568221442401
  landing: 0.04749715281650424
  view-data: 0.3403076739050448
