times:
  edit-metadata: 2.045427553355694
  landing: 0.9456609971821308
  view-data: 3.3527048230171204
