times:
  edit-metadata: 0.5685205499758013
  landing: 0.047164585965219885
  view-data: 0.21788574301172048
