times:
  edit-metadata: 0.5114337019622326
  landing: 0.04903860320337117
  view-data: 0.20531384996138513
