times:
  edit-metadata: 1.556878729723394
  landing: 0.783018103800714
  view-data: 3.44712949777022
