times:
  edit-metadata: 1.3634274620562792
  landing: 0.019825566560029984
  view-data: 0.41265677101910114
