times:
  edit-metadata: 1.4663646165281534
  landing: 0.7254396472126245
  view-data: 3.390285275876522
