times:
  edit-metadata: 1.3792046895250678
  landing: 0.1236228197813034
  view-data: 0.42258425150066614
