times:
  edit-metadata: 0.5841997110110242
  landing: 0.10034703499695752
  view-data: 0.3343656239885604
