times:
  edit-metadata: 1.541709328070283
  landing: 0.7708351612091064
  view-data: 3.4307459611445665
