times:
  edit-metadata: 1.5565085299313068
  landing: 0.8729582820087671
  view-data: 3.4298197580501437
