times:
  edit-metadata: 1.3818544382229447
  landing: 0.02167470194399357
  view-data: 0.026774798519909382
