times:
  edit-metadata: 1.6020330619066954
  landing: 1.074397929944098
  view-data: 3.3756488389335573
