times:
  edit-metadata: 1.5046347249299288
  landing: 0.8085919376462698
  view-data: 3.376304719597101
