times:
  edit-metadata: 0.505114734871313
  landing: 0.05085731903091073
  view-data: 0.20742784906178713
