times:
  edit-metadata: 2.0171670708805323
  landing: 0.21289069764316082
  view-data: 0.5841096322983503
