times:
  edit-metadata: 1.4453399181365967
  landing: 0.7068755999207497
  view-data: 3.3019670508801937
