times:
  edit-metadata: 1.5617157071828842
  landing: 0.17364860326051712
  view-data: 0.3504318278282881
