times:
  edit-metadata: 1.473853562027216
  landing: 0.8714220337569714
  view-data: 3.3813994117081165
