times:
  edit-metadata: 1.5059477053582668
  landing: 0.8662851639091969
  view-data: 3.4319193279370666
