times:
  edit-metadata: 0.5268819129560143
  landing: 0.08677638415247202
  view-data: 0.21481953584589064
