times:
  edit-metadata: 1.7087154984474182
  landing: 1.0011713653802872
  view-data: 3.450284741818905
