times:
  edit-metadata: 1.534609453752637
  landing: 0.9017773028463125
  view-data: 3.3413111940026283
