times:
  edit-metadata: 0.6242082770040724
  landing: 0.0776718920096755
  view-data: 0.27821309500723146
