times:
  edit-metadata: 0.5021184508223087
  landing: 0.07573354197666049
  view-data: 0.22351412498392165
