times:
  edit-metadata: 1.4375265948474407
  landing: 0.01874268800020218
  view-data: 0.12299990747123957
