times:
  edit-metadata: 2.0224897051230073
  landing: 1.1324855731800199
  view-data: 3.4697605296969414
