times:
  edit-metadata: 1.3797020111232996
  landing: 0.022769950330257416
  view-data: 0.14061480574309826
