times:
  edit-metadata: 1.3526101866737008
  landing: 0.8385144025087357
  view-data: 3.3733510663732886
