times:
  edit-metadata: 1.6082427762448788
  landing: 0.8104925602674484
  view-data: 3.44250494427979
