times:
  edit-metadata: 1.5207743104547262
  landing: 0.7742996029555798
  view-data: 3.4366999194025993
