times:
  edit-metadata: 1.370669148862362
  landing: 0.02188837993890047
  view-data: 0.11839060671627522
