times:
  edit-metadata: 1.4365554489195347
  landing: 0.9753762781620026
  view-data: 3.285484354943037
