times:
  edit-metadata: 1.5528795272111893
  landing: 0.8320447206497192
  view-data: 3.4412562288343906
