times:
  edit-metadata: 1.5750611033290625
  landing: 0.02106301859021187
  view-data: 0.025492802262306213
