times:
  edit-metadata: 1.2473782359156758
  landing: 0.8488970058970153
  view-data: 3.402227518032305
