times:
  edit-metadata: 1.5783552061766386
  landing: 0.7976362984627485
  view-data: 3.4711593706160784
