times:
  edit-metadata: 1.5040320623666048
  landing: 0.22607699036598206
  view-data: 0.25483526661992073
