times:
  edit-metadata: 1.5143179297447205
  landing: 0.7279216945171356
  view-data: 3.4214017279446125
