times:
  edit-metadata: 0.48648353293538094
  landing: 0.05025003384798765
  view-data: 0.21585459122434258
