times:
  edit-metadata: 1.5396385323256254
  landing: 0.9636392146348953
  view-data: 3.4308745600283146
