times:
  edit-metadata: 0.6724714520023554
  landing: 0.054496087999723386
  view-data: 0.21531282299838495
