times:
  edit-metadata: 1.444140549749136
  landing: 0.729258555918932
  view-data: 3.3876614570617676
