times:
  edit-metadata: 1.4806946106255054
  landing: 0.019346285611391068
  view-data: 0.02854478545486927
