times:
  edit-metadata: 1.5202469807118177
  landing: 0.8014062531292439
  view-data: 3.414769720286131
