times:
  edit-metadata: 1.320465280674398
  landing: 0.12701798137277365
  view-data: 0.027994299307465553
