times:
  edit-metadata: 1.440527785103768
  landing: 0.7695772829465568
  view-data: 3.3259818830993026
