times:
  edit-metadata: 1.5686372853815556
  landing: 0.7436557710170746
  view-data: 3.333868682384491
