times:
  edit-metadata: 1.356385005172342
  landing: 0.6864773281849921
  view-data: 3.379359337966889
