times:
  edit-metadata: 1.3965349234640598
  landing: 0.14188792370259762
  view-data: 0.022539691999554634
