times:
  edit-metadata: 0.5232259659096599
  landing: 0.04130511870607734
  view-data: 0.22193910228088498
