times:
  edit-metadata: 1.9960665591061115
  landing: 0.8546722419559956
  view-data: 3.4455573596060276
