times:
  edit-metadata: 1.4350885301828384
  landing: 0.7508441135287285
  view-data: 3.328667636960745
