times:
  edit-metadata: 1.3676799852401018
  landing: 0.2362185474485159
  view-data: 0.1198683362454176
