times:
  edit-metadata: 1.6722209360450506
  landing: 0.9123325869441032
  view-data: 3.3648240100592375
