times:
  edit-metadata: 1.393420748412609
  landing: 0.8293043933808804
  view-data: 3.3178937546908855
