times:
  edit-metadata: 1.4223679592832923
  landing: 0.021254315972328186
  view-data: 0.4152439832687378
