times:
  edit-metadata: 1.5784384347498417
  landing: 0.7721254676580429
  view-data: 3.451697062700987
