times:
  edit-metadata: 1.8015292286872864
  landing: 0.23460905253887177
  view-data: 0.36162695474922657
