times:
  edit-metadata: 2.7140811812132597
  landing: 2.67558135651052
  view-data: 3.9126265794038773
