times:
  edit-metadata: 1.6076760371215641
  landing: 0.8889639186672866
  view-data: 3.3257844960317016
