times:
  edit-metadata: 0.5125573819968849
  landing: 0.045911208959296346
  view-data: 0.21597269317135215
