times:
  edit-metadata: 1.4028549315407872
  landing: 0.024800761602818966
  view-data: 0.02723916992545128
