times:
  edit-metadata: 0.5843946550012333
  landing: 0.060737634004908614
  view-data: 0.21461732100578956
