times:
  edit-metadata: 1.5061508789658546
  landing: 0.7119269873946905
  view-data: 3.413444319739938
