times:
  edit-metadata: 0.5772460862062871
  landing: 0.07837931392714381
  view-data: 0.3028165618889034
