times:
  edit-metadata: 1.5407410208135843
  landing: 0.02297038957476616
  view-data: 0.1011672243475914
