times:
  edit-metadata: 1.3639262588694692
  landing: 0.020817565731704235
  view-data: 0.4072922393679619
