times:
  edit-metadata: 1.3345766365528107
  landing: 0.09595544543117285
  view-data: 0.2444030037149787
