times:
  edit-metadata: 1.5540818274021149
  landing: 0.7290252018719912
  view-data: 3.3825921434909105
