times:
  edit-metadata: 2.1182377729564905
  landing: 1.1174362245947123
  view-data: 3.510683335363865
