times:
  edit-metadata: 1.6121700331568718
  landing: 0.831374229863286
  view-data: 3.46275164373219
