times:
  edit-metadata: 1.3155154287815094
  landing: 0.020183156244456768
  view-data: 0.024487891234457493
