times:
  edit-metadata: 0.5010453930590302
  landing: 0.045169551856815815
  view-data: 0.21336809592321515
