times:
  edit-metadata: 1.4112972281873226
  landing: 0.021916507743299007
  view-data: 0.10254854150116444
