times:
  edit-metadata: 1.3487208969891071
  landing: 0.8096721321344376
  view-data: 3.27923945710063
