times:
  edit-metadata: 1.3686373140662909
  landing: 0.2227800553664565
  view-data: 0.42982535995543003
