times:
  edit-metadata: 1.6362189641222358
  landing: 1.0238500442355871
  view-data: 3.3933940520510077
