times:
  edit-metadata: 1.6755746938288212
  landing: 0.8099954966455698
  view-data: 3.3823581086471677
