times:
  edit-metadata: 1.4458112893626094
  landing: 0.02345816232264042
  view-data: 0.02504788152873516
