times:
  edit-metadata: 1.5005877371877432
  landing: 0.8429660331457853
  view-data: 3.40827570669353
