times:
  edit-metadata: 1.4621366867795587
  landing: 0.7405841061845422
  view-data: 3.233210072852671
