times:
  edit-metadata: 1.5542985256761312
  landing: 0.7962628370150924
  view-data: 3.3893573554232717
