times:
  edit-metadata: 1.4084536992013454
  landing: 0.1949897799640894
  view-data: 0.12387558817863464
