times:
  edit-metadata: 1.535122100263834
  landing: 0.841144248843193
  view-data: 3.394012438133359
