times:
  edit-metadata: 0.509319799952209
  landing: 0.05327963409945369
  view-data: 0.21448228508234024
