times:
  edit-metadata: 0.5661576851271093
  landing: 0.09220963809639215
  view-data: 0.3397364551201463
