times:
  edit-metadata: 1.6087917983531952
  landing: 0.9301511161029339
  view-data: 3.317531570792198
