times:
  edit-metadata: 1.7587935719639063
  landing: 0.26389429345726967
  view-data: 0.13358312658965588
