times:
  edit-metadata: 0.5916196640173439
  landing: 0.04820355898118578
  view-data: 0.21772636301466264
