times:
  edit-metadata: 0.7363024069927633
  landing: 0.07243079924955964
  view-data: 0.26858682092279196
