times:
  edit-metadata: 1.3839485896751285
  landing: 0.02213126514106989
  view-data: 0.12283697817474604
