times:
  edit-metadata: 0.5049124020151794
  landing: 0.05231656797695905
  view-data: 0.20640217198524624
