times:
  edit-metadata: 1.4229551497846842
  landing: 0.24960223957896233
  view-data: 0.38491103053092957
