times:
  edit-metadata: 1.443279736675322
  landing: 0.1331852888688445
  view-data: 0.46260348521173
