times:
  edit-metadata: 2.454161949455738
  landing: 1.4627727642655373
  view-data: 3.756655476987362
