times:
  edit-metadata: 1.5342043535783887
  landing: 0.7376450356096029
  view-data: 3.5399322379380465
