times:
  edit-metadata: 1.379950363188982
  landing: 0.7171721160411835
  view-data: 3.303628087043762
