times:
  edit-metadata: 1.3532177479937673
  landing: 0.01981736719608307
  view-data: 0.028880203142762184
