times:
  edit-metadata: 1.5044376906007528
  landing: 0.02731318213045597
  view-data: 0.11616046912968159
