times:
  edit-metadata: 1.6095085069537163
  landing: 0.9273214340209961
  view-data: 3.4194564148783684
