times:
  edit-metadata: 1.6761595122516155
  landing: 0.9451199918985367
  view-data: 3.4828103333711624
