times:
  edit-metadata: 1.4440608993172646
  landing: 0.1568719632923603
  view-data: 0.027311023324728012
