times:
  edit-metadata: 0.5071723359869793
  landing: 0.047085193917155266
  view-data: 0.20917773398105055
