times:
  edit-metadata: 1.4390923473984003
  landing: 0.7371854074299335
  view-data: 3.368041904643178
