times:
  edit-metadata: 1.5348715912550688
  landing: 0.14317875169217587
  view-data: 0.14145411178469658
