times:
  edit-metadata: 1.339576916769147
  landing: 0.01960112899541855
  view-data: 0.1225638622418046
