times:
  edit-metadata: 1.7725628237240016
  landing: 1.0848529902286828
  view-data: 3.4265340860001743
