times:
  edit-metadata: 1.3987488485872746
  landing: 0.20001104660332203
  view-data: 0.36649338714778423
