times:
  edit-metadata: 1.5552251040935516
  landing: 0.7875116523355246
  view-data: 3.421886969357729
