times:
  edit-metadata: 1.4835307740140706
  landing: 0.7908143340609968
  view-data: 3.2929523759521544
