times:
  edit-metadata: 0.5100418250076473
  landing: 0.04702895786613226
  view-data: 0.20333055686205626
