times:
  edit-metadata: 1.5482084304094315
  landing: 0.944911178201437
  view-data: 3.4109242893755436
