times:
  edit-metadata: 1.5287898294627666
  landing: 0.21565747819840908
  view-data: 0.17651140503585339
