times:
  edit-metadata: 1.6742443665862083
  landing: 0.9807872995734215
  view-data: 3.484746176749468
