times:
  edit-metadata: 1.478350515011698
  landing: 0.7820550329051912
  view-data: 3.359251383226365
