times:
  edit-metadata: 1.5652791690081358
  landing: 0.8223087750375271
  view-data: 3.443971606902778
