times:
  edit-metadata: 1.3468678062781692
  landing: 0.022112920880317688
  view-data: 0.11891771666705608
