times:
  edit-metadata: 0.5013932299334556
  landing: 0.040289868135005236
  view-data: 0.3388164530042559
