times:
  edit-metadata: 1.5273696966469288
  landing: 0.7983208708465099
  view-data: 3.385868366807699
