times:
  edit-metadata: 0.5291547339875251
  landing: 0.04531333316117525
  view-data: 0.20948377391323447
