times:
  edit-metadata: 1.6310897879302502
  landing: 0.23834492079913616
  view-data: 0.28186262398958206
