times:
  edit-metadata: 1.5468046627938747
  landing: 0.7837805636227131
  view-data: 3.384397216141224
