times:
  edit-metadata: 1.3397139813750982
  landing: 0.02192951086908579
  view-data: 0.025505208410322666
