times:
  edit-metadata: 0.5170203919988126
  landing: 0.04683972802013159
  view-data: 0.21554988203570247
