times:
  edit-metadata: 0.6613386762328446
  landing: 0.07526050694286823
  view-data: 0.34371752804145217
