times:
  edit-metadata: 1.5273781176656485
  landing: 0.8687018100172281
  view-data: 3.4721353463828564
