times:
  edit-metadata: 1.6777558252215385
  landing: 1.1079758740961552
  view-data: 3.374027755111456
