times:
  edit-metadata: 1.3722161930054426
  landing: 0.7593052238225937
  view-data: 3.2804105188697577
