times:
  edit-metadata: 1.5321706645190716
  landing: 0.9171448759734631
  view-data: 3.4031030125916004
