times:
  edit-metadata: 1.9654732458293438
  landing: 1.2107843272387981
  view-data: 3.399471752345562
