times:
  edit-metadata: 1.4960325844585896
  landing: 0.9340845979750156
  view-data: 3.3668480552732944
