times:
  edit-metadata: 1.4072598069906235
  landing: 0.7173645384609699
  view-data: 3.318226747214794
