times:
  edit-metadata: 1.3565539792180061
  landing: 0.7034795731306076
  view-data: 3.2429126240313053
