times:
  edit-metadata: 1.5860777013003826
  landing: 1.006323255598545
  view-data: 3.4733340069651604
