times:
  edit-metadata: 1.5124670676887035
  landing: 0.9287320412695408
  view-data: 3.435559745877981
