times:
  edit-metadata: 1.5366755351424217
  landing: 0.8351500630378723
  view-data: 3.3900285102427006
