times:
  edit-metadata: 1.3367488756775856
  landing: 0.8748813793063164
  view-data: 3.319755647331476
