times:
  edit-metadata: 1.883868396282196
  landing: 1.1334944069385529
  view-data: 3.567747864872217
