times:
  edit-metadata: 1.4523378238081932
  landing: 0.8110687136650085
  view-data: 3.3230263628065586
