times:
  edit-metadata: 1.284355767071247
  landing: 0.9287310019135475
  view-data: 3.3432221561670303
