times:
  edit-metadata: 1.362931914627552
  landing: 0.8755217306315899
  view-data: 3.410530360415578
