times:
  edit-metadata: 1.67295403778553
  landing: 1.1243561394512653
  view-data: 3.5028937198221684
