times:
  edit-metadata: 1.4894698187708855
  landing: 0.8250016123056412
  view-data: 3.3851846344769
