times:
  edit-metadata: 1.3377596214413643
  landing: 0.7448807843029499
  view-data: 3.321188585832715
