times:
  edit-metadata: 1.424259278923273
  landing: 0.7197325229644775
  view-data: 3.290588591247797
