times:
  edit-metadata: 1.3128538243472576
  landing: 0.7694643475115299
  view-data: 3.372132956981659
