times:
  edit-metadata: 1.6083930302411318
  landing: 0.7905582189559937
  view-data: 3.422192011028528
