times:
  edit-metadata: 1.5375958029180765
  landing: 0.8331115804612637
  view-data: 3.4109418634325266
