times:
  edit-metadata: 1.49283167719841
  landing: 0.8693928383290768
  view-data: 3.3811858370900154
