times:
  edit-metadata: 1.632795087993145
  landing: 1.2097212672233582
  view-data: 3.3523141406476498
