times:
  edit-metadata: 1.5932911522686481
  landing: 1.0832193680107594
  view-data: 3.400511736050248
