times:
  edit-metadata: 1.3867668248713017
  landing: 1.2700078412890434
  view-data: 3.396117966622114
