times:
  edit-metadata: 1.5205926895141602
  landing: 0.9153570607304573
  view-data: 3.4098397232592106
