times:
  edit-metadata: 1.5496462993323803
  landing: 0.7771026268601418
  view-data: 3.4376334734261036
