times:
  edit-metadata: 1.3558949530124664
  landing: 0.9305579923093319
  view-data: 3.4312488734722137
