times:
  edit-metadata: 1.4967313557863235
  landing: 0.7436037324368954
  view-data: 3.3287120684981346
