times:
  edit-metadata: 1.42598158121109
  landing: 0.9225666001439095
  view-data: 3.3839343301951885
