times:
  edit-metadata: 1.499941324815154
  landing: 0.7793662864714861
  view-data: 3.439527552574873
