times:
  edit-metadata: 1.5088207256048918
  landing: 0.8008540254086256
  view-data: 3.451674461364746
