times:
  edit-metadata: 1.5481274798512459
  landing: 0.9265514612197876
  view-data: 3.417123796418309
