times:
  edit-metadata: 2.297548707574606
  landing: 1.3211782611906528
  view-data: 3.4939518943428993
