times:
  edit-metadata: 1.5281140878796577
  landing: 0.868586827069521
  view-data: 3.3857217207551003
