times:
  edit-metadata: 1.4877143874764442
  landing: 0.9015161134302616
  view-data: 3.3743820041418076
