times:
  edit-metadata: 2.2517656050622463
  landing: 1.2381890509277582
  view-data: 3.776108307763934
