times:
  edit-metadata: 1.5265016872435808
  landing: 0.8412847798317671
  view-data: 3.4163080137223005
