times:
  edit-metadata: 1.5230010990053415
  landing: 0.8444643653929234
  view-data: 3.446123354136944
