times:
  edit-metadata: 1.506584521383047
  landing: 0.7656598594039679
  view-data: 3.418401250615716
