times:
  edit-metadata: 1.5397812649607658
  landing: 0.8341136798262596
  view-data: 3.359489131718874
