times:
  edit-metadata: 1.3345967680215836
  landing: 0.6740550361573696
  view-data: 3.3055749237537384
