times:
  edit-metadata: 1.3648225087672472
  landing: 0.7017909046262503
  view-data: 3.3590315468609333
