times:
  edit-metadata: 1.6070756390690804
  landing: 0.8974569607526064
  view-data: 3.459941618144512
