times:
  edit-metadata: 1.5898998938500881
  landing: 1.0809149704873562
  view-data: 3.4727801494300365
