times:
  edit-metadata: 1.7403403036296368
  landing: 1.1075054444372654
  view-data: 3.369778346270323
