times:
  edit-metadata: 1.4067046009004116
  landing: 0.7473362050950527
  view-data: 3.258479032665491
