times:
  edit-metadata: 2.502279968932271
  landing: 1.5510860793292522
  view-data: 3.5599685329943895
