times:
  edit-metadata: 1.5483781583607197
  landing: 1.0136000290513039
  view-data: 3.339043639600277
