times:
  edit-metadata: 1.5694187991321087
  landing: 0.7912044208496809
  view-data: 3.4279002752155066
