times:
  edit-metadata: 1.5728956386446953
  landing: 0.7655147705227137
  view-data: 3.3665183410048485
