times:
  edit-metadata: 1.4637283682823181
  landing: 0.9895666837692261
  view-data: 3.3611198030412197
