times:
  edit-metadata: 1.5165346711874008
  landing: 0.9765997305512428
  view-data: 3.423196420073509
