times:
  edit-metadata: 1.7407104559242725
  landing: 1.0247586127370596
  view-data: 3.3286622185260057
