times:
  edit-metadata: 1.5654450878500938
  landing: 0.9398711584508419
  view-data: 3.4878835566341877
