times:
  edit-metadata: 1.4438301119953394
  landing: 0.6903078351169825
  view-data: 3.391039628535509
