times:
  edit-metadata: 1.6280540693551302
  landing: 0.8682141192257404
  view-data: 3.541506504639983
