times:
  edit-metadata: 1.4146751500666142
  landing: 0.6463318020105362
  view-data: 3.3228324241936207
