times:
  edit-metadata: 1.4839570373296738
  landing: 0.8334842342883348
  view-data: 3.338279167190194
