times:
  edit-metadata: 1.4303941931575537
  landing: 0.8498102128505707
  view-data: 4.48295671120286
