times:
  edit-metadata: 1.479768581688404
  landing: 0.850535836070776
  view-data: 3.3126662150025368
