times:
  edit-metadata: 1.327349441125989
  landing: 0.7082616854459047
  view-data: 3.4250172208994627
