times:
  edit-metadata: 1.5516770724207163
  landing: 0.8121781125664711
  view-data: 3.3701052833348513
