times:
  edit-metadata: 1.612348947674036
  landing: 1.2012321949005127
  view-data: 3.371269326657057
