times:
  edit-metadata: 1.4716557376086712
  landing: 1.0225092321634293
  view-data: 3.406528517603874
