times:
  edit-metadata: 1.407703135162592
  landing: 0.769615039229393
  view-data: 3.365642014890909
