times:
  edit-metadata: 1.4850645400583744
  landing: 0.8270290270447731
  view-data: 3.3549969419837
