times:
  edit-metadata: 1.7677870243787766
  landing: 0.8044406287372112
  view-data: 3.3087623082101345
