times:
  edit-metadata: 1.365557488054037
  landing: 0.7886523529887199
  view-data: 3.294887837022543
