times:
  edit-metadata: 1.391518160700798
  landing: 0.9066790863871574
  view-data: 3.317393071949482
