times:
  edit-metadata: 1.5669518671929836
  landing: 0.7677139677107334
  view-data: 3.4088259749114513
