times:
  edit-metadata: 1.6133778989315033
  landing: 1.0097820721566677
  view-data: 3.270665265619755
