times:
  edit-metadata: 1.5123803988099098
  landing: 0.8916246369481087
  view-data: 3.4218585193157196
