times:
  edit-metadata: 1.510653493925929
  landing: 0.8671137541532516
  view-data: 3.42314375564456
