times:
  edit-metadata: 1.4650616943836212
  landing: 0.864131897687912
  view-data: 3.2863769829273224
