times:
  edit-metadata: 2.3728251811116934
  landing: 0.973366379737854
  view-data: 3.4708328396081924
