times:
  edit-metadata: 1.513443447649479
  landing: 0.665755070745945
  view-data: 3.321294240653515
