times:
  edit-metadata: 1.571354415267706
  landing: 1.0646153315901756
  view-data: 3.3852665573358536
