times:
  edit-metadata: 1.4363231286406517
  landing: 0.8866137526929379
  view-data: 3.4178719967603683
