times:
  edit-metadata: 1.4178831987082958
  landing: 0.7417495064437389
  view-data: 3.322765750810504
