times:
  edit-metadata: 1.49065793864429
  landing: 0.9272040762007236
  view-data: 3.3918746653944254
