times:
  edit-metadata: 4.401951692998409
  landing: 1.7176777943968773
  view-data: 3.57716753333807
