times:
  edit-metadata: 1.3969112895429134
  landing: 0.7367999292910099
  view-data: 3.3528092615306377
