times:
  edit-metadata: 1.4646870642900467
  landing: 0.9491987228393555
  view-data: 3.3764189928770065
