times:
  edit-metadata: 1.456191848963499
  landing: 1.218414317816496
  view-data: 3.389070834964514
