times:
  edit-metadata: 1.5245639570057392
  landing: 0.8903391808271408
  view-data: 3.3514122925698757
