times:
  edit-metadata: 1.7402833513915539
  landing: 1.1979013457894325
  view-data: 3.651338469237089
