times:
  edit-metadata: 1.491947915405035
  landing: 0.806964810937643
  view-data: 3.3972930535674095
