times:
  edit-metadata: 1.374678174033761
  landing: 0.7587102092802525
  view-data: 3.3409410137683153
