times:
  edit-metadata: 1.3493836876004934
  landing: 0.6718762516975403
  view-data: 3.388771630823612
