times:
  edit-metadata: 1.428850956261158
  landing: 1.0212207026779652
  view-data: 3.353014975786209
