times:
  edit-metadata: 1.56000448577106
  landing: 0.7422442696988583
  view-data: 3.451057340949774
