times:
  edit-metadata: 1.370848760008812
  landing: 0.7146497704088688
  view-data: 3.38206847012043
