times:
  edit-metadata: 1.5266730040311813
  landing: 1.0641952864825726
  view-data: 3.320990640670061
