times:
  edit-metadata: 1.7665390837937593
  landing: 1.0303219612687826
  view-data: 3.334816789254546
