times:
  edit-metadata: 1.3713067695498466
  landing: 0.6999298296868801
  view-data: 3.2850075028836727
