times:
  edit-metadata: 1.5478341486304998
  landing: 0.9999886360019445
  view-data: 3.3269671704620123
