times:
  edit-metadata: 1.5101256743073463
  landing: 2.794704718515277
  view-data: 3.4044400677084923
