times:
  edit-metadata: 1.5502268634736538
  landing: 1.2568210139870644
  view-data: 3.322699274867773
