times:
  edit-metadata: 3.4357794262468815
  landing: 1.8455806076526642
  view-data: 3.526859600096941
