times:
  edit-metadata: 1.5418298486620188
  landing: 0.7225305549800396
  view-data: 3.3118360321968794
