times:
  edit-metadata: 1.519282829016447
  landing: 0.8219929933547974
  view-data: 3.392034377902746
