times:
  edit-metadata: 1.5414305850863457
  landing: 0.7919337823987007
  view-data: 3.2635880187153816
