times:
  edit-metadata: 1.5164035484194756
  landing: 0.6905986834317446
  view-data: 3.369651800021529
