times:
  edit-metadata: 1.37452482432127
  landing: 0.9174325913190842
  view-data: 3.335605062544346
