times:
  edit-metadata: 1.5517508070915937
  landing: 0.889635007828474
  view-data: 3.4529551435261965
