times:
  edit-metadata: 1.5798261649906635
  landing: 1.157151997089386
  view-data: 3.412953082472086
