times:
  edit-metadata: 1.6450920663774014
  landing: 0.9080996699631214
  view-data: 3.500933274626732
