times:
  edit-metadata: 1.4988872651010752
  landing: 0.773491745814681
  view-data: 3.409178080037236
