times:
  edit-metadata: 1.2918347958475351
  landing: 0.6802576445043087
  view-data: 3.297086391597986
