times:
  edit-metadata: 1.4657565355300903
  landing: 0.7272808328270912
  view-data: 3.3843146841973066
