times:
  edit-metadata: 1.6413377076387405
  landing: 1.0111099854111671
  view-data: 3.366701990365982
