times:
  edit-metadata: 1.4637460019439459
  landing: 0.713977912440896
  view-data: 3.4080769307911396
