times:
  edit-metadata: 1.4687230922281742
  landing: 0.7105932533740997
  view-data: 3.304802231490612
