times:
  edit-metadata: 1.5445001982152462
  landing: 0.8521965816617012
  view-data: 3.303828824311495
