times:
  edit-metadata: 1.684769868850708
  landing: 1.1145297139883041
  view-data: 3.428956363350153
