times:
  edit-metadata: 1.4349296763539314
  landing: 0.9078619331121445
  view-data: 3.3419094309210777
