times:
  edit-metadata: 1.4467955566942692
  landing: 0.9252623878419399
  view-data: 3.347011312842369
