times:
  edit-metadata: 1.6090340502560139
  landing: 0.8664115909487009
  view-data: 3.4651490300893784
