times:
  edit-metadata: 1.4878232143819332
  landing: 0.8342576511204243
  view-data: 3.3856628071516752
