times:
  edit-metadata: 1.7495862524956465
  landing: 0.9586988110095263
  view-data: 3.4564577247947454
