times:
  edit-metadata: 1.7100092861801386
  landing: 1.2460277918726206
  view-data: 3.3123735915869474
