times:
  edit-metadata: 1.5384580716490746
  landing: 0.7806254476308823
  view-data: 3.442634519189596
