times:
  edit-metadata: 1.4394038151949644
  landing: 0.8508699610829353
  view-data: 3.474658388644457
