times:
  edit-metadata: 1.5099364630877972
  landing: 0.7747683320194483
  view-data: 3.443178068846464
