times:
  edit-metadata: 1.6122692301869392
  landing: 0.7980790622532368
  view-data: 3.4426994044333696
