times:
  edit-metadata: 1.5896914601325989
  landing: 1.0584476962685585
  view-data: 3.3896970227360725
