times:
  edit-metadata: 1.6828507669270039
  landing: 0.9620557613670826
  view-data: 3.3361107632517815
