times:
  edit-metadata: 1.3326008319854736
  landing: 0.8328534625470638
  view-data: 3.316133078187704
