times:
  edit-metadata: 1.5510904043912888
  landing: 0.8755231462419033
  view-data: 3.3437026292085648
