times:
  edit-metadata: 1.4740554951131344
  landing: 0.8591721374541521
  view-data: 3.2893309518694878
