times:
  edit-metadata: 1.6531115621328354
  landing: 0.9288903437554836
  view-data: 3.463015191257
