times:
  edit-metadata: 1.5565548203885555
  landing: 0.9062708020210266
  view-data: 3.412598133087158
