times:
  edit-metadata: 1.4233681075274944
  landing: 0.9127794504165649
  view-data: 3.404226876795292
