times:
  edit-metadata: 1.4969635009765625
  landing: 0.9259876050055027
  view-data: 3.4330981597304344
