times:
  edit-metadata: 1.537229511886835
  landing: 0.999753575772047
  view-data: 3.401441913098097
