times:
  edit-metadata: 1.495030714198947
  landing: 0.803790794685483
  view-data: 3.391722321510315
