times:
  edit-metadata: 1.516364898532629
  landing: 0.9758036136627197
  view-data: 3.426552202552557
