times:
  edit-metadata: 1.390559347346425
  landing: 0.7322785723954439
  view-data: 3.264979576691985
