times:
  edit-metadata: 1.7440245002508163
  landing: 0.9397827871143818
  view-data: 3.417090304195881
