times:
  edit-metadata: 1.3322374038398266
  landing: 0.6656310968101025
  view-data: 3.4519913345575333
