times:
  edit-metadata: 1.43470873311162
  landing: 0.7437634728848934
  view-data: 3.289517465978861
