times:
  edit-metadata: 1.4128367640078068
  landing: 0.7568258978426456
  view-data: 3.315566113218665
