times:
  edit-metadata: 1.5096347257494926
  landing: 0.9636477939784527
  view-data: 3.3681128807365894
