times:
  edit-metadata: 1.4223528318107128
  landing: 0.9094726890325546
  view-data: 3.444784216582775
