times:
  edit-metadata: 1.9262763429433107
  landing: 0.9340427964925766
  view-data: 3.3874944765120745
