times:
  edit-metadata: 1.4143245331943035
  landing: 0.9455651976168156
  view-data: 3.323051881045103
