times:
  edit-metadata: 1.5251210555434227
  landing: 0.9626929722726345
  view-data: 3.3509275130927563
