times:
  edit-metadata: 1.3992121443152428
  landing: 0.7900426406413317
  view-data: 3.3808012902736664
