times:
  edit-metadata: 1.6023089103400707
  landing: 0.813450463116169
  view-data: 3.380043514072895
