times:
  edit-metadata: 1.8922971114516258
  landing: 0.8054722398519516
  view-data: 3.40638717263937
