times:
  edit-metadata: 1.7078207321465015
  landing: 1.023985330015421
  view-data: 3.4154705703258514
