times:
  edit-metadata: 1.4726221300661564
  landing: 0.9656372703611851
  view-data: 3.3710065335035324
