times:
  edit-metadata: 1.5554935112595558
  landing: 0.9504250809550285
  view-data: 3.370965823531151
