times:
  edit-metadata: 1.607913626357913
  landing: 0.8203032147139311
  view-data: 3.4135821852833033
