times:
  edit-metadata: 1.3662316873669624
  landing: 0.7923766523599625
  view-data: 3.2844706177711487
