times:
  edit-metadata: 1.6107344292104244
  landing: 0.9266943894326687
  view-data: 3.345551121979952
