times:
  edit-metadata: 1.5650872364640236
  landing: 0.9764501117169857
  view-data: 3.342368494719267
