times:
  edit-metadata: 1.623716639354825
  landing: 1.009327681735158
  view-data: 3.386893695220351
