times:
  edit-metadata: 1.5429166071116924
  landing: 0.912723008543253
  view-data: 3.4384458661079407
