times:
  edit-metadata: 1.53653802908957
  landing: 1.1120683643966913
  view-data: 3.5546958800405264
