times:
  edit-metadata: 1.3986868858337402
  landing: 0.7720212861895561
  view-data: 3.298476208001375
