times:
  edit-metadata: 1.4781785234808922
  landing: 0.7519350592046976
  view-data: 3.466075936332345
