times:
  edit-metadata: 1.5364768169820309
  landing: 0.8628934733569622
  view-data: 3.4217996075749397
