times:
  edit-metadata: 1.882203547284007
  landing: 1.1179426442831755
  view-data: 3.3496625628322363
