times:
  edit-metadata: 1.4661072865128517
  landing: 0.913980208337307
  view-data: 3.329922240227461
