times:
  edit-metadata: 1.410865418612957
  landing: 0.795842856168747
  view-data: 3.415089972317219
