times:
  edit-metadata: 1.3994504138827324
  landing: 0.8383320197463036
  view-data: 3.2896867394447327
