times:
  edit-metadata: 1.4819342084228992
  landing: 0.9250597469508648
  view-data: 3.2833277508616447
