times:
  edit-metadata: 1.4719088189303875
  landing: 0.8948801308870316
  view-data: 3.264359787106514
