times:
  edit-metadata: 1.3867424055933952
  landing: 0.8630374073982239
  view-data: 3.2788496650755405
