times:
  edit-metadata: 1.4206052795052528
  landing: 0.7492849230766296
  view-data: 3.524687059223652
