times:
  edit-metadata: 1.4677247628569603
  landing: 0.7269097790122032
  view-data: 3.4546905234456062
