times:
  edit-metadata: 1.4604227244853973
  landing: 0.780470997095108
  view-data: 3.4805765971541405
