times:
  edit-metadata: 1.3558316752314568
  landing: 0.8615565001964569
  view-data: 3.4403270855545998
