times:
  edit-metadata: 1.4746385961771011
  landing: 0.678476132452488
  view-data: 3.4386296570301056
