times:
  edit-metadata: 1.4341167733073235
  landing: 0.8700000643730164
  view-data: 3.3198805116117
