times:
  edit-metadata: 1.5527101904153824
  landing: 0.8093677535653114
  view-data: 3.5207098200917244
