times:
  edit-metadata: 1.464150808751583
  landing: 0.7929334864020348
  view-data: 3.4030548483133316
