times:
  edit-metadata: 1.4099455922842026
  landing: 0.8456637263298035
  view-data: 3.2601606622338295
