times:
  edit-metadata: 1.5496725998818874
  landing: 0.8210657387971878
  view-data: 3.299630645662546
