times:
  edit-metadata: 1.4321268871426582
  landing: 0.8005657717585564
  view-data: 3.46335506439209
