times:
  edit-metadata: 1.7671001926064491
  landing: 1.0343113020062447
  view-data: 3.3543607592582703
