times:
  edit-metadata: 1.4554786533117294
  landing: 0.772208146750927
  view-data: 3.403140515089035
