times:
  edit-metadata: 1.4843929931521416
  landing: 0.764021560549736
  view-data: 3.4933850467205048
