times:
  edit-metadata: 1.5504165068268776
  landing: 0.9537399262189865
  view-data: 3.5705825984477997
