times:
  edit-metadata: 1.4210684970021248
  landing: 0.7935863360762596
  view-data: 3.540992222726345
