times:
  edit-metadata: 1.4705277979373932
  landing: 0.8664933778345585
  view-data: 3.2857116609811783
