times:
  edit-metadata: 1.4759418591856956
  landing: 0.7720125764608383
  view-data: 3.514055237174034
