times:
  edit-metadata: 1.5248707085847855
  landing: 0.8225184306502342
  view-data: 3.533651053905487
