times:
  edit-metadata: 1.487134575843811
  landing: 0.803716316819191
  view-data: 3.280271675437689
