times:
  edit-metadata: 1.426353968679905
  landing: 0.8096569925546646
  view-data: 3.5361902862787247
