times:
  edit-metadata: 1.3302008584141731
  landing: 0.7498864158987999
  view-data: 3.466748334467411
