times:
  edit-metadata: 1.9788846746087074
  landing: 0.9352732822299004
  view-data: 3.340140514075756
