times:
  edit-metadata: 1.465874008834362
  landing: 0.9040904194116592
  view-data: 3.4054571390151978
