times:
  edit-metadata: 1.454693965613842
  landing: 0.8375721350312233
  view-data: 3.3475990667939186
