times:
  edit-metadata: 1.4280529096722603
  landing: 0.8978361338376999
  view-data: 3.552980922162533
