times:
  edit-metadata: 1.4510970562696457
  landing: 0.8061447367072105
  view-data: 3.342577748000622
