times:
  edit-metadata: 1.4972282648086548
  landing: 0.8182400390505791
  view-data: 3.295073479413986
