times:
  edit-metadata: 1.5953661426901817
  landing: 0.8357162438333035
  view-data: 3.386576373130083
