times:
  edit-metadata: 1.46328654140234
  landing: 0.7519225031137466
  view-data: 3.5376697331666946
