times:
  edit-metadata: 1.6024954803287983
  landing: 0.8760550357401371
  view-data: 3.33147419244051
