times:
  edit-metadata: 1.389796681702137
  landing: 0.8185700364410877
  view-data: 3.3214813359081745
