times:
  edit-metadata: 1.4579016491770744
  landing: 0.7509141489863396
  view-data: 3.4637538120150566
