times:
  edit-metadata: 1.3643563389778137
  landing: 0.7878027707338333
  view-data: 3.4255926460027695
