times:
  edit-metadata: 1.4005522280931473
  landing: 0.8024536520242691
  view-data: 3.5812981352210045
