times:
  edit-metadata: 1.3806464150547981
  landing: 0.854151289910078
  view-data: 3.427254505455494
