times:
  edit-metadata: 1.6395603641867638
  landing: 1.3035898804664612
  view-data: 3.3977560251951218
