times:
  edit-metadata: 1.4779692441225052
  landing: 0.8418207988142967
  view-data: 3.4559866562485695
