times:
  edit-metadata: 1.725924026221037
  landing: 1.2051604576408863
  view-data: 3.324446365237236
