times:
  edit-metadata: 1.4356737583875656
  landing: 0.7756782844662666
  view-data: 3.376437921077013
