times:
  edit-metadata: 1.4233122617006302
  landing: 0.7896088138222694
  view-data: 3.5008849054574966
