times:
  edit-metadata: 1.4775237143039703
  landing: 0.8051207363605499
  view-data: 3.5725690200924873
