times:
  edit-metadata: 1.3773864582180977
  landing: 0.7228629663586617
  view-data: 3.4743453711271286
