times:
  edit-metadata: 2.777109518647194
  landing: 1.4240048602223396
  view-data: 4.11604156345129
