times:
  edit-metadata: 1.529914714396
  landing: 0.8377653025090694
  view-data: 3.3121740259230137
