times:
  edit-metadata: 1.475070957094431
  landing: 0.918917290866375
  view-data: 3.383824083954096
