times:
  edit-metadata: 1.410512499511242
  landing: 0.7910603359341621
  view-data: 3.350114494562149
