times:
  edit-metadata: 1.3559355288743973
  landing: 1.1505682319402695
  view-data: 3.6063169464468956
