times:
  edit-metadata: 1.4818947613239288
  landing: 0.7581339105963707
  view-data: 3.5801011696457863
