times:
  edit-metadata: 1.4842793233692646
  landing: 0.8237282745540142
  view-data: 3.293092228472233
