times:
  edit-metadata: 1.3803253173828125
  landing: 0.7921079695224762
  view-data: 3.582458794116974
