times:
  edit-metadata: 1.3043094724416733
  landing: 0.7945625334978104
  view-data: 3.5156674087047577
