times:
  edit-metadata: 1.4227548390626907
  landing: 0.810816615819931
  view-data: 3.3746486380696297
