times:
  edit-metadata: 1.3991313129663467
  landing: 0.7634218968451023
  view-data: 3.354998081922531
