times:
  edit-metadata: 1.514321729540825
  landing: 0.8211955428123474
  view-data: 3.334045432507992
