times:
  edit-metadata: 1.7930034548044205
  landing: 1.1200367286801338
  view-data: 3.848102569580078
