times:
  edit-metadata: 1.3790901005268097
  landing: 0.7912837639451027
  view-data: 3.4948887825012207
