times:
  edit-metadata: 1.415952980518341
  landing: 0.7621826454997063
  view-data: 3.5338545069098473
