times:
  edit-metadata: 1.3935550153255463
  landing: 0.739936463534832
  view-data: 3.5296256989240646
