times:
  edit-metadata: 1.4512460008263588
  landing: 0.7807058170437813
  view-data: 3.3121115416288376
