times:
  edit-metadata: 1.3318318575620651
  landing: 0.74968521296978
  view-data: 3.47764178365469
