times:
  edit-metadata: 1.3907413929700851
  landing: 0.8336701989173889
  view-data: 3.427165411412716
