times:
  edit-metadata: 1.4997741729021072
  landing: 0.8417726121842861
  view-data: 3.377017952501774
