times:
  edit-metadata: 1.4052284881472588
  landing: 0.802313782274723
  view-data: 3.449667364358902
