times:
  edit-metadata: 1.5110038556158543
  landing: 0.8341063186526299
  view-data: 3.298472534865141
