times:
  edit-metadata: 1.497430957853794
  landing: 0.7621389999985695
  view-data: 3.468190185725689
