times:
  edit-metadata: 1.6815236508846283
  landing: 0.8069181814789772
  view-data: 3.429282583296299
