times:
  edit-metadata: 1.449179157614708
  landing: 0.8230141028761864
  view-data: 3.343784935772419
