times:
  edit-metadata: 1.5299770310521126
  landing: 0.7845535725355148
  view-data: 3.449671432375908
