times:
  edit-metadata: 1.3799229562282562
  landing: 0.7927514761686325
  view-data: 3.298344112932682
