times:
  edit-metadata: 1.4111738689243793
  landing: 0.8429639935493469
  view-data: 3.323797333985567
