times:
  edit-metadata: 1.8827298656105995
  landing: 0.8817311078310013
  view-data: 3.3210899233818054
