times:
  edit-metadata: 1.3573762364685535
  landing: 0.7766459584236145
  view-data: 3.3687527664005756
