times:
  edit-metadata: 1.4434966705739498
  landing: 0.9359761215746403
  view-data: 3.3596067503094673
