times:
  edit-metadata: 1.4011891260743141
  landing: 0.7836401239037514
  view-data: 3.43842900544405
