times:
  edit-metadata: 1.4668199568986893
  landing: 0.7689673230051994
  view-data: 3.437871128320694
