times:
  edit-metadata: 1.4765445291996002
  landing: 0.8011492863297462
  view-data: 3.3560969531536102
