times:
  edit-metadata: 1.1520938500761986
  landing: 0.8675083294510841
  view-data: 3.549745813012123
