times:
  edit-metadata: 2.208619337528944
  landing: 1.2917554527521133
  view-data: 3.526279229670763
