times:
  edit-metadata: 2.1450719013810158
  landing: 1.4839878231287003
  view-data: 3.483976013958454
