times:
  edit-metadata: 1.3827333003282547
  landing: 0.8001232109963894
  view-data: 3.353391408920288
