times:
  edit-metadata: 1.3654695078730583
  landing: 0.874554231762886
  view-data: 3.419919043779373
