times:
  edit-metadata: 1.420335240662098
  landing: 0.755934588611126
  view-data: 3.5358156710863113
