times:
  edit-metadata: 1.4699262380599976
  landing: 0.7651035040616989
  view-data: 3.4748652949929237
