times:
  edit-metadata: 1.4265378713607788
  landing: 0.8554513156414032
  view-data: 3.548040859401226
