times:
  edit-metadata: 1.4243420772254467
  landing: 0.9435342364013195
  view-data: 3.2870770543813705
