times:
  edit-metadata: 1.3661111742258072
  landing: 0.8660527244210243
  view-data: 3.5195422247052193
