times:
  edit-metadata: 1.437438726425171
  landing: 0.7393540218472481
  view-data: 3.536073178052902
