times:
  edit-metadata: 1.6682100370526314
  landing: 0.8614251054823399
  view-data: 3.3105003274977207
