times:
  edit-metadata: 1.4506003186106682
  landing: 0.8571227788925171
  view-data: 3.555415503680706
