times:
  edit-metadata: 1.7482267208397388
  landing: 0.9628220982849598
  view-data: 3.3130988031625748
