times:
  edit-metadata: 1.3998205289244652
  landing: 0.8065250888466835
  view-data: 3.508517824113369
