times:
  edit-metadata: 1.3260812535881996
  landing: 0.7483069151639938
  view-data: 3.421526312828064
