times:
  edit-metadata: 1.3485507853329182
  landing: 0.7636460065841675
  view-data: 3.2919292487204075
