times:
  edit-metadata: 1.412222146987915
  landing: 0.762040339410305
  view-data: 3.411338046193123
