times:
  edit-metadata: 2.1329487822949886
  landing: 1.1555866040289402
  view-data: 3.3772029168903828
