times:
  edit-metadata: 1.369881272315979
  landing: 0.7085980698466301
  view-data: 3.2399347722530365
