times:
  edit-metadata: 1.320804938673973
  landing: 0.7577186152338982
  view-data: 3.5272351503372192
