times:
  edit-metadata: 1.3704951107501984
  landing: 0.7857065722346306
  view-data: 3.488866113126278
