times:
  edit-metadata: 1.4483251050114632
  landing: 0.7167682200670242
  view-data: 3.442979820072651
