times:
  edit-metadata: 1.7363750115036964
  landing: 1.3010465949773788
  view-data: 3.5366246923804283
