times:
  edit-metadata: 1.4697435796260834
  landing: 0.8141498118638992
  view-data: 3.488608308136463
