times:
  edit-metadata: 1.5100048184394836
  landing: 0.9039876237511635
  view-data: 3.315730020403862
