times:
  edit-metadata: 1.8197682350873947
  landing: 1.111802626401186
  view-data: 3.375544421374798
