times:
  edit-metadata: 1.3921221531927586
  landing: 0.7196269035339355
  view-data: 3.385397329926491
