times:
  edit-metadata: 1.4040372520685196
  landing: 0.8230706937611103
  view-data: 3.323197953402996
