times:
  edit-metadata: 1.3723372742533684
  landing: 0.7910462319850922
  view-data: 3.562789388000965
