times:
  edit-metadata: 1.4556694850325584
  landing: 0.7221547663211823
  view-data: 3.529206745326519
