times:
  edit-metadata: 1.3536805734038353
  landing: 0.7480886727571487
  view-data: 3.276954062283039
