times:
  edit-metadata: 1.5921840891242027
  landing: 0.7659329101443291
  view-data: 3.5387223288416862
