times:
  edit-metadata: 1.8790883906185627
  landing: 1.196707483381033
  view-data: 3.3930352069437504
