times:
  edit-metadata: 3.4349083974957466
  landing: 1.0160856246948242
  view-data: 3.613476872444153
