times:
  edit-metadata: 1.6008361503481865
  landing: 0.9404771514236927
  view-data: 3.347288690507412
