times:
  edit-metadata: 1.4634183123707771
  landing: 0.7372157499194145
  view-data: 3.5438557118177414
