times:
  edit-metadata: 1.5542686805129051
  landing: 0.8321696519851685
  view-data: 3.374882571399212
