times:
  edit-metadata: 1.4701935648918152
  landing: 0.978794276714325
  view-data: 3.564645178616047
