times:
  edit-metadata: 1.43190598487854
  landing: 0.773144543170929
  view-data: 3.285855047404766
