times:
  edit-metadata: 1.3726148083806038
  landing: 0.7204349488019943
  view-data: 3.5018175169825554
