times:
  edit-metadata: 1.5804902166128159
  landing: 0.9999621734023094
  view-data: 3.5454007908701897
