times:
  edit-metadata: 1.5481993407011032
  landing: 0.9004428386688232
  view-data: 3.320542387664318
