times:
  edit-metadata: 1.4204141944646835
  landing: 0.7649064511060715
  view-data: 3.4563476368784904
