times:
  edit-metadata: 1.4236802756786346
  landing: 0.7194135636091232
  view-data: 3.6292297691106796
