times:
  edit-metadata: 1.364459179341793
  landing: 0.8120034411549568
  view-data: 3.4958008751273155
