times:
  edit-metadata: 2.1638110876083374
  landing: 1.3094178587198257
  view-data: 3.3989868611097336
