times:
  edit-metadata: 1.5311930254101753
  landing: 0.7896876111626625
  view-data: 3.4886412546038628
