times:
  edit-metadata: 1.4106149598956108
  landing: 0.7242599204182625
  view-data: 3.2916418574750423
