times:
  edit-metadata: 3.0039642564952374
  landing: 2.2530508041381836
  view-data: 3.3547237552702427
