times:
  edit-metadata: 1.5845288299024105
  landing: 0.9243246950209141
  view-data: 3.395608074963093
