times:
  edit-metadata: 1.410979151725769
  landing: 0.7692765966057777
  view-data: 3.3302443772554398
