times:
  edit-metadata: 1.5574211776256561
  landing: 0.8174751177430153
  view-data: 3.5079426765441895
