times:
  edit-metadata: 1.5014329478144646
  landing: 0.7510956823825836
  view-data: 3.406066656112671
