times:
  edit-metadata: 1.400160051882267
  landing: 0.7143469378352165
  view-data: 3.418944261968136
