times:
  edit-metadata: 1.4492489695549011
  landing: 0.7797127962112427
  view-data: 3.5369744300842285
