times:
  edit-metadata: 1.446561060845852
  landing: 0.8130115568637848
  view-data: 3.5367602333426476
