times:
  edit-metadata: 1.390741840004921
  landing: 0.7991530671715736
  view-data: 3.444603092968464
