times:
  edit-metadata: 1.3503648974001408
  landing: 0.7983885742723942
  view-data: 3.3133495934307575
