times:
  edit-metadata: 1.4251181855797768
  landing: 0.7905774861574173
  view-data: 3.4905673786997795
