times:
  edit-metadata: 1.4287821277976036
  landing: 0.8414437100291252
  view-data: 3.49270486086607
