times:
  edit-metadata: 2.3136470541357994
  landing: 1.1018785238265991
  view-data: 3.6165306866168976
