times:
  edit-metadata: 1.4448624849319458
  landing: 0.8008733317255974
  view-data: 3.453828029334545
