times:
  edit-metadata: 1.7404961250722408
  landing: 0.8069916665554047
  view-data: 3.3296071141958237
