times:
  edit-metadata: 1.4163404703140259
  landing: 0.8285316973924637
  view-data: 3.289516903460026
