times:
  edit-metadata: 1.3822492733597755
  landing: 0.8801476284861565
  view-data: 3.336427688598633
