times:
  edit-metadata: 1.4484747648239136
  landing: 0.7988066971302032
  view-data: 3.5308599919080734
