times:
  edit-metadata: 1.3971187323331833
  landing: 0.9953841418027878
  view-data: 3.3515953794121742
