times:
  edit-metadata: 2.1418260037899017
  landing: 1.4171275682747364
  view-data: 3.523325216025114
