times:
  edit-metadata: 1.5190767645835876
  landing: 0.7561536207795143
  view-data: 3.6479805931448936
