times:
  edit-metadata: 1.3975801467895508
  landing: 0.7958403825759888
  view-data: 3.458016760647297
