times:
  edit-metadata: 2.1431879810988903
  landing: 1.3104338720440865
  view-data: 3.3525467552244663
