times:
  edit-metadata: 1.5153061412274837
  landing: 0.8323831483721733
  view-data: 3.352233223617077
