times:
  edit-metadata: 1.7939664423465729
  landing: 1.259892974048853
  view-data: 3.2963940873742104
