times:
  edit-metadata: 1.5033571496605873
  landing: 0.8603211715817451
  view-data: 3.301031783223152
