times:
  edit-metadata: 1.9854378774762154
  landing: 1.3060512766242027
  view-data: 3.6835061460733414
