times:
  edit-metadata: 1.444158673286438
  landing: 0.8093283474445343
  view-data: 3.3399271816015244
