times:
  edit-metadata: 1.4320018962025642
  landing: 0.7960977628827095
  view-data: 3.410331040620804
