times:
  edit-metadata: 1.274906925857067
  landing: 0.9994819536805153
  view-data: 3.574782907962799
