times:
  edit-metadata: 1.4643918797373772
  landing: 0.8529171496629715
  view-data: 3.4529602602124214
