times:
  edit-metadata: 1.4591829106211662
  landing: 0.7426466420292854
  view-data: 3.405742682516575
