times:
  edit-metadata: 1.3663128390908241
  landing: 0.8486910313367844
  view-data: 3.474680557847023
