times:
  edit-metadata: 1.3774417638778687
  landing: 0.822016891092062
  view-data: 3.2916406393051147
