times:
  edit-metadata: 1.4220646396279335
  landing: 0.8036784008145332
  view-data: 3.358218438923359
