times:
  edit-metadata: 1.5016284361481667
  landing: 0.6879251152276993
  view-data: 3.433523766696453
