times:
  edit-metadata: 2.9132584035396576
  landing: 1.776563972234726
  view-data: 3.4971681982278824
