times:
  edit-metadata: 1.5394185855984688
  landing: 0.8116094470024109
  view-data: 3.4918550103902817
