times:
  edit-metadata: 1.413381963968277
  landing: 0.7816530242562294
  view-data: 3.3832427337765694
