times:
  edit-metadata: 1.425338514149189
  landing: 0.7897175922989845
  view-data: 3.3953012451529503
