times:
  edit-metadata: 1.3721588104963303
  landing: 0.8111740499734879
  view-data: 3.5179779827594757
