times:
  edit-metadata: 2.291925311088562
  landing: 1.5963355004787445
  view-data: 3.724400445818901
