times:
  edit-metadata: 1.5250930711627007
  landing: 0.7739397883415222
  view-data: 3.409344106912613
