times:
  edit-metadata: 1.4609640501439571
  landing: 0.9249613173305988
  view-data: 3.326293647289276
