times:
  edit-metadata: 1.422465242445469
  landing: 0.8511572815477848
  view-data: 3.289939124137163
