times:
  edit-metadata: 1.4741357266902924
  landing: 0.9543701559305191
  view-data: 3.316524777561426
