times:
  edit-metadata: 1.3875434435904026
  landing: 0.7646360993385315
  view-data: 3.346785929054022
