times:
  edit-metadata: 1.5205253586173058
  landing: 0.8301999270915985
  view-data: 3.307978942990303
