times:
  edit-metadata: 1.4036532416939735
  landing: 0.785597562789917
  view-data: 3.4838969483971596
