times:
  edit-metadata: 1.3646119460463524
  landing: 0.9347576200962067
  view-data: 3.549482986330986
