times:
  edit-metadata: 1.4489136897027493
  landing: 0.8823700621724129
  view-data: 3.3039811179041862
