times:
  edit-metadata: 1.3872014805674553
  landing: 0.7299423739314079
  view-data: 3.424806997179985
