times:
  edit-metadata: 1.555875152349472
  landing: 0.8014603480696678
  view-data: 3.3325177058577538
