times:
  edit-metadata: 1.4198440611362457
  landing: 0.7472794950008392
  view-data: 3.5194661542773247
