times:
  edit-metadata: 1.4879781529307365
  landing: 0.7561570927500725
  view-data: 3.4660215377807617
