times:
  edit-metadata: 1.4907156750559807
  landing: 0.8729023411870003
  view-data: 3.470693960785866
