times:
  edit-metadata: 1.6281148493289948
  landing: 0.7980666905641556
  view-data: 3.3198656514286995
