times:
  edit-metadata: 1.3795064985752106
  landing: 0.751968152821064
  view-data: 3.350550137460232
