times:
  edit-metadata: 1.3865845650434494
  landing: 0.8248153254389763
  view-data: 3.4609525203704834
