times:
  edit-metadata: 1.3503318391740322
  landing: 0.8200756199657917
  view-data: 3.3282319866120815
