times:
  edit-metadata: 1.4881447479128838
  landing: 0.765246070921421
  view-data: 3.4620077833533287
