times:
  edit-metadata: 1.5211906135082245
  landing: 0.7778814882040024
  view-data: 3.531140297651291
