times:
  edit-metadata: 1.3387317433953285
  landing: 0.8666260689496994
  view-data: 3.455567382276058
