times:
  edit-metadata: 1.3785009905695915
  landing: 0.7697783708572388
  view-data: 3.320613630115986
