times:
  edit-metadata: 1.414782002568245
  landing: 0.753595344722271
  view-data: 3.43035077303648
