times:
  edit-metadata: 1.4987826123833656
  landing: 0.8390778824687004
  view-data: 3.3389757350087166
