times:
  edit-metadata: 1.4234842024743557
  landing: 0.7791274189949036
  view-data: 3.3196789249777794
