times:
  edit-metadata: 1.687587894499302
  landing: 0.9073589257895947
  view-data: 3.4181478582322598
