times:
  edit-metadata: 1.394227273762226
  landing: 0.8329602107405663
  view-data: 3.4684962332248688
