times:
  edit-metadata: 1.362740933895111
  landing: 0.7558982372283936
  view-data: 3.452488772571087
