times:
  edit-metadata: 1.3967133276164532
  landing: 0.8991473242640495
  view-data: 3.55090806260705
