times:
  edit-metadata: 1.419760800898075
  landing: 0.8469453640282154
  view-data: 3.3111178763210773
