times:
  edit-metadata: 1.407735850661993
  landing: 0.7895256765186787
  view-data: 3.3385633043944836
