times:
  edit-metadata: 1.4042829014360905
  landing: 0.8937745168805122
  view-data: 3.318755503743887
