times:
  edit-metadata: 1.5049773752689362
  landing: 0.9131869152188301
  view-data: 3.310609221458435
