times:
  edit-metadata: 1.4088397845625877
  landing: 0.7480913549661636
  view-data: 3.2577068209648132
