times:
  edit-metadata: 1.4383215829730034
  landing: 0.7137569263577461
  view-data: 3.425471045076847
