times:
  edit-metadata: 1.4751138761639595
  landing: 0.905515618622303
  view-data: 3.3372750729322433
