times:
  edit-metadata: 1.3652380779385567
  landing: 0.7928831651806831
  view-data: 3.530262529850006
