times:
  edit-metadata: 1.6969532333314419
  landing: 1.0368946082890034
  view-data: 3.38197648152709
