times:
  edit-metadata: 1.6031928434967995
  landing: 0.9426578804850578
  view-data: 3.3176145926117897
