times:
  edit-metadata: 1.5634293481707573
  landing: 0.8614984080195427
  view-data: 3.3014566376805305
