times:
  edit-metadata: 1.3727833926677704
  landing: 0.7821854799985886
  view-data: 3.4642213210463524
