times:
  edit-metadata: 1.500364325940609
  landing: 0.8183009475469589
  view-data: 3.4969382658600807
