times:
  edit-metadata: 1.506499283015728
  landing: 0.7373965308070183
  view-data: 3.4907515421509743
