times:
  edit-metadata: 1.3738911896944046
  landing: 0.8053836338222027
  view-data: 3.2835023030638695
