times:
  edit-metadata: 1.4645931869745255
  landing: 0.7455778270959854
  view-data: 3.455263130366802
