times:
  edit-metadata: 1.4810964539647102
  landing: 0.7714449688792229
  view-data: 3.5244277268648148
