times:
  edit-metadata: 1.4620408229529858
  landing: 0.8054566904902458
  view-data: 3.3465409949421883
