times:
  edit-metadata: 1.6110309101641178
  landing: 0.855842188000679
  view-data: 3.312350045889616
