times:
  edit-metadata: 1.3950371220707893
  landing: 0.7804945483803749
  view-data: 3.4866024032235146
