times:
  edit-metadata: 2.169130440801382
  landing: 1.4413647055625916
  view-data: 3.2913977913558483
