times:
  edit-metadata: 1.4004631489515305
  landing: 0.8347625508904457
  view-data: 3.3065524250268936
