times:
  edit-metadata: 1.5004993975162506
  landing: 0.8008612990379333
  view-data: 3.4928292259573936
