times:
  edit-metadata: 1.74467309191823
  landing: 1.0824231281876564
  view-data: 3.3355373963713646
