times:
  edit-metadata: 1.4963993765413761
  landing: 0.9069850854575634
  view-data: 3.3076028637588024
