times:
  edit-metadata: 1.3952867686748505
  landing: 0.8314320892095566
  view-data: 3.268259972333908
