times:
  edit-metadata: 1.4041247367858887
  landing: 0.7312572076916695
  view-data: 3.433976799249649
