times:
  edit-metadata: 1.4995252192020416
  landing: 0.6613733172416687
  view-data: 3.39810398966074
