times:
  edit-metadata: 1.3884698301553726
  landing: 0.7143925055861473
  view-data: 3.3617222756147385
