times:
  edit-metadata: 1.6471814587712288
  landing: 1.1019491255283356
  view-data: 3.4650429040193558
