times:
  edit-metadata: 1.4396088272333145
  landing: 0.8242205753922462
  view-data: 3.3560997284948826
