times:
  edit-metadata: 1.3959743082523346
  landing: 0.7974091023206711
  view-data: 3.42398738861084
