times:
  edit-metadata: 1.373530700802803
  landing: 0.7455534338951111
  view-data: 3.4346247017383575
