times:
  edit-metadata: 1.313371367752552
  landing: 0.7907654866576195
  view-data: 3.4158199951052666
