times:
  edit-metadata: 1.551437221467495
  landing: 0.9487666934728622
  view-data: 3.337299257516861
