times:
  edit-metadata: 1.8087521716952324
  landing: 0.9755479246377945
  view-data: 3.5419102385640144
