times:
  edit-metadata: 1.571281872689724
  landing: 0.9106114953756332
  view-data: 3.258131120353937
