times:
  edit-metadata: 1.410558894276619
  landing: 0.813910722732544
  view-data: 3.473061852157116
