times:
  edit-metadata: 1.4913469068706036
  landing: 0.8700193278491497
  view-data: 3.3169454634189606
