times:
  edit-metadata: 1.4635325446724892
  landing: 0.9410196132957935
  view-data: 3.3564051687717438
