times:
  edit-metadata: 1.3885533586144447
  landing: 0.746494472026825
  view-data: 3.319386564195156
