times:
  edit-metadata: 1.6367580443620682
  landing: 0.8875010758638382
  view-data: 3.364991173148155
