times:
  edit-metadata: 2.1215817853808403
  landing: 1.0367237366735935
  view-data: 3.380976501852274
