times:
  edit-metadata: 1.558527696877718
  landing: 0.9301502890884876
  view-data: 3.3536172956228256
