times:
  edit-metadata: 1.5085086524486542
  landing: 0.7509838677942753
  view-data: 3.2854507602751255
