times:
  edit-metadata: 1.4652101621031761
  landing: 1.1505125351250172
  view-data: 3.3903598971664906
