times:
  edit-metadata: 1.660950731486082
  landing: 0.9496742896735668
  view-data: 3.307603769004345
