times:
  edit-metadata: 1.429746389389038
  landing: 0.7922135517001152
  view-data: 3.45012629032135
