times:
  edit-metadata: 1.6184152252972126
  landing: 0.9407682754099369
  view-data: 3.335289489477873
