times:
  edit-metadata: 1.3542708680033684
  landing: 0.7326093390583992
  view-data: 3.480193354189396
