times:
  edit-metadata: 1.4895896539092064
  landing: 0.8078093901276588
  view-data: 3.487508162856102
