times:
  edit-metadata: 1.7330128327012062
  landing: 1.2070970088243484
  view-data: 3.409955035895109
