times:
  edit-metadata: 1.4204078763723373
  landing: 0.7807889878749847
  view-data: 3.274367168545723
