times:
  edit-metadata: 1.3896710872650146
  landing: 0.8103432841598988
  view-data: 3.317435059696436
