times:
  edit-metadata: 1.3682835474610329
  landing: 0.7478317990899086
  view-data: 3.496984861791134
