times:
  edit-metadata: 1.4126083701848984
  landing: 1.0749060437083244
  view-data: 3.6027372255921364
