times:
  edit-metadata: 1.5236863642930984
  landing: 0.8442524932324886
  view-data: 3.288841061294079
