times:
  edit-metadata: 1.4367760196328163
  landing: 0.8173059225082397
  view-data: 3.2912377789616585
