times:
  edit-metadata: 1.3857371285557747
  landing: 0.8155062422156334
  view-data: 3.484983116388321
