times:
  edit-metadata: 1.4093475751578808
  landing: 0.9330477267503738
  view-data: 3.2761262729763985
