times:
  edit-metadata: 1.45245561003685
  landing: 0.7583549320697784
  view-data: 3.467742867767811
