times:
  edit-metadata: 1.6626274548470974
  landing: 0.97321867197752
  view-data: 3.361359566450119
