times:
  edit-metadata: 1.5625714398920536
  landing: 0.7865295819938183
  view-data: 3.3555363975465298
