times:
  edit-metadata: 1.4969517365098
  landing: 0.8339766301214695
  view-data: 3.274564377963543
