times:
  edit-metadata: 1.4805264919996262
  landing: 0.8441799506545067
  view-data: 3.256194405257702
