times:
  edit-metadata: 1.8506380207836628
  landing: 1.2608162201941013
  view-data: 3.3916497342288494
