times:
  edit-metadata: 1.441599890589714
  landing: 0.8223263658583164
  view-data: 3.369887299835682
