times:
  edit-metadata: 1.42026137560606
  landing: 0.792058452963829
  view-data: 3.384319059550762
