times:
  edit-metadata: 1.4817196875810623
  landing: 0.8157388418912888
  view-data: 3.5227464959025383
