times:
  edit-metadata: 1.3829811848700047
  landing: 0.8122632801532745
  view-data: 3.2558885887265205
