times:
  edit-metadata: 1.3734342902898788
  landing: 0.804404005408287
  view-data: 3.2828671522438526
