times:
  edit-metadata: 1.3704232089221478
  landing: 0.8490578196942806
  view-data: 3.2999112978577614
