times:
  edit-metadata: 1.356673076748848
  landing: 0.7713909298181534
  view-data: 3.4568262174725533
