times:
  edit-metadata: 1.333456501364708
  landing: 0.8670976534485817
  view-data: 3.419876493513584
