times:
  edit-metadata: 1.445200227200985
  landing: 0.8171174973249435
  view-data: 3.5505281314253807
