times:
  edit-metadata: 1.4389092810451984
  landing: 0.8287582322955132
  view-data: 3.3252059556543827
