times:
  edit-metadata: 1.4755461663007736
  landing: 0.8235005177557468
  view-data: 3.31621478125453
