times:
  edit-metadata: 1.4531358815729618
  landing: 0.9118383750319481
  view-data: 3.362082500010729
