times:
  edit-metadata: 1.3938421979546547
  landing: 0.760412186384201
  view-data: 3.463359847664833
