times:
  edit-metadata: 1.404397502541542
  landing: 0.757859542965889
  view-data: 3.4257040917873383
