times:
  edit-metadata: 1.487606905400753
  landing: 0.9825202003121376
  view-data: 3.3614299595355988
