times:
  edit-metadata: 1.4462379664182663
  landing: 1.0039234906435013
  view-data: 3.699974462389946
