times:
  edit-metadata: 1.397314541041851
  landing: 0.7611204162240028
  view-data: 3.3751821741461754
