times:
  edit-metadata: 1.421232633292675
  landing: 1.0613036528229713
  view-data: 3.275252990424633
