times:
  edit-metadata: 1.6680041998624802
  landing: 0.9804405272006989
  view-data: 3.3545954897999763
