times:
  edit-metadata: 1.4078448377549648
  landing: 0.8193722330033779
  view-data: 3.4118177257478237
