times:
  edit-metadata: 1.4683508574962616
  landing: 0.7280083820223808
  view-data: 3.4059551879763603
