times:
  edit-metadata: 1.5483226999640465
  landing: 1.1339569985866547
  view-data: 3.592679128050804
