times:
  edit-metadata: 1.912136971950531
  landing: 1.37950948625803
  view-data: 3.719509094953537
