times:
  edit-metadata: 1.3209944032132626
  landing: 0.8618326485157013
  view-data: 3.34972295537591
