times:
  edit-metadata: 1.392213061451912
  landing: 0.776168517768383
  view-data: 3.4886655882000923
