times:
  edit-metadata: 1.4571291655302048
  landing: 0.7404760047793388
  view-data: 3.5024771615862846
