times:
  edit-metadata: 1.4649340324103832
  landing: 0.823477528989315
  view-data: 3.3612517192959785
