times:
  edit-metadata: 1.373483769595623
  landing: 0.7715654261410236
  view-data: 3.245909195393324
