times:
  edit-metadata: 0.5107899778522551
  landing: 0.0648715968709439
  view-data: 0.3493589248973876
