times:
  edit-metadata: 1.5208375062793493
  landing: 0.8036716096103191
  view-data: 3.458979543298483
