times:
  edit-metadata: 1.5632569640874863
  landing: 0.8172334525734186
  view-data: 3.39842377230525
