times:
  edit-metadata: 0.535483913961798
  landing: 0.045695086009800434
  view-data: 0.21138888807035983
