times:
  edit-metadata: 0.5185253848321736
  landing: 0.06438128184527159
  view-data: 0.2218895237892866
