times:
  edit-metadata: 0.6384111270308495
  landing: 0.06140243588015437
  view-data: 0.2422476513311267
