times:
  edit-metadata: 1.3234885483980179
  landing: 0.6912910528481007
  view-data: 3.3208467178046703
