times:
  edit-metadata: 1.5734693836420774
  landing: 0.8577287867665291
  view-data: 3.358394196256995
