times:
  edit-metadata: 1.5457007121294737
  landing: 0.749287836253643
  view-data: 3.431611428037286
