times:
  edit-metadata: 1.5489844750845805
  landing: 1.0831346759805456
  view-data: 3.3207064099842682
