times:
  edit-metadata: 1.5249815699644387
  landing: 0.6706269241403788
  view-data: 3.2928334299940616
