times:
  edit-metadata: 1.533685851842165
  landing: 0.6847723368555307
  view-data: 3.34576678276062
