times:
  edit-metadata: 0.5535768980626017
  landing: 0.05705727613531053
  view-data: 0.21794308093376458
