times:
  edit-metadata: 0.5905933369940612
  landing: 0.04548278302536346
  view-data: 0.22426527400966734
