times:
  edit-metadata: 0.8094976209104061
  landing: 0.06114534894004464
  view-data: 0.2982820216566324
