times:
  edit-metadata: 1.5313251037150621
  landing: 0.7692254073917866
  view-data: 0.5531955249607563
