times:
  edit-metadata: 1.3372496739029884
  landing: 0.7138971015810966
  view-data: 3.2673753537237644
