times:
  edit-metadata: 1.8817212358117104
  landing: 1.5325582437217236
  view-data: 3.397730216383934
