times:
  edit-metadata: 1.440745860338211
  landing: 0.9188449829816818
  view-data: 3.38257772102952
