times:
  edit-metadata: 1.3535256534814835
  landing: 0.8511320985853672
  view-data: 3.3078826405107975
