times:
  edit-metadata: 1.5822435272857547
  landing: 0.9038381250575185
  view-data: 3.343919424340129
