times:
  edit-metadata: 0.5898856039857492
  landing: 0.08119846298359334
  view-data: 0.22412408399395645
