times:
  edit-metadata: 1.7511823186650872
  landing: 0.9649501391686499
  view-data: 3.3534935698844492
