times:
  edit-metadata: 0.6799425359931774
  landing: 0.06940610901801847
  view-data: 0.2197915440192446
