times:
  edit-metadata: 0.6096880179829895
  landing: 0.052282949967775494
  view-data: 0.20874751900555566
