times:
  edit-metadata: 1.526271691545844
  landing: 0.7656920868903399
  view-data: 3.4231466222554445
