times:
  edit-metadata: 1.4533302448689938
  landing: 0.7528248578310013
  view-data: 3.3147820457816124
