times:
  edit-metadata: 0.5155683739576489
  landing: 0.06542264204472303
  view-data: 0.2088031971361488
