times:
  edit-metadata: 1.5586899039335549
  landing: 0.9041031650267541
  view-data: 3.5847533070482314
