times:
  edit-metadata: 0.5369504019618034
  landing: 0.05855653760954738
  view-data: 0.21409102575853467
