times:
  edit-metadata: 1.4314087592065334
  landing: 0.8060625903308392
  view-data: 3.330440979450941
