times:
  edit-metadata: 0.8325916170142591
  landing: 0.12447768775746226
  view-data: 0.23477871483191848
