times:
  edit-metadata: 0.5393795169948135
  landing: 0.05874542298261076
  view-data: 0.20945145600126125
