times:
  edit-metadata: 2.0139362905174494
  landing: 1.0697370152920485
  view-data: 4.178674622438848
