times:
  edit-metadata: 1.7252361383289099
  landing: 0.8449175581336021
  view-data: 3.3584185279905796
