times:
  edit-metadata: 1.5532176084816456
  landing: 0.9580212086439133
  view-data: 3.362300656735897
