times:
  edit-metadata: 1.5480131218209863
  landing: 0.8912614723667502
  view-data: 3.5358505714684725
