times:
  edit-metadata: 0.6145333470776677
  landing: 0.05520023312419653
  view-data: 0.22261295188218355
