times:
  edit-metadata: 1.5090220235288143
  landing: 1.1862882673740387
  view-data: 3.4027270786464214
