times:
  edit-metadata: 1.5861788392066956
  landing: 1.0434378013014793
  view-data: 3.31910889595747
