times:
  edit-metadata: 1.4838244579732418
  landing: 0.7806563910562545
  view-data: 3.414571300847456
