times:
  edit-metadata: 1.4998460933566093
  landing: 0.7912451848387718
  view-data: 3.3441023509949446
