times:
  edit-metadata: 0.5220854979997966
  landing: 0.051421518001006916
  view-data: 0.338381566980388
