times:
  edit-metadata: 1.3849352970719337
  landing: 0.6408644560724497
  view-data: 3.2950129378587008
