times:
  edit-metadata: 1.5019171833992004
  landing: 0.7714379914104939
  view-data: 3.3390793837606907
