times:
  edit-metadata: 0.4863998778164387
  landing: 0.06477202009409666
  view-data: 0.21413639606907964
