times:
  edit-metadata: 0.5453916259575635
  landing: 0.04186624602880329
  view-data: 0.20565294497646391
