times:
  edit-metadata: 0.4740592340240255
  landing: 0.06903493200661615
  view-data: 0.34059958095895126
