times:
  edit-metadata: 2.3551004929468036
  landing: 1.185381731018424
  view-data: 3.5938670681789517
