times:
  edit-metadata: 1.3646119269542396
  landing: 0.9223863519728184
  view-data: 3.428953775088303
