times:
  edit-metadata: 1.470542446244508
  landing: 0.7710436666384339
  view-data: 3.4149923576042056
