times:
  edit-metadata: 0.5091151578817517
  landing: 0.06339171691797674
  view-data: 0.22692076209932566
