times:
  edit-metadata: 0.8052092799916863
  landing: 0.060318571981042624
  view-data: 0.21585020329803228
