times:
  edit-metadata: 1.4768621772527695
  landing: 0.6811289619654417
  view-data: 3.3824553303420544
