times:
  edit-metadata: 1.5105922408401966
  landing: 0.8278534077107906
  view-data: 3.3605778701603413
