times:
  edit-metadata: 1.4186066649854183
  landing: 0.8869832791388035
  view-data: 3.3085522651672363
