times:
  edit-metadata: 1.7440689369104803
  landing: 1.0933707291260362
  view-data: 3.517285716254264
