times:
  edit-metadata: 2.2350136395543814
  landing: 1.1039156448096037
  view-data: 3.681345180608332
