times:
  edit-metadata: 0.5168571649119258
  landing: 0.05787491798400879
  view-data: 0.2096549451816827
