times:
  edit-metadata: 0.6527939920051722
  landing: 0.05169233799824724
  view-data: 0.21930112700647442
