times:
  edit-metadata: 0.5928423149744049
  landing: 0.0628727680305019
  view-data: 0.2306371700251475
