times:
  edit-metadata: 1.4688749015331268
  landing: 0.8794737122952938
  view-data: 3.3600999116897583
