times:
  edit-metadata: 2.217031206935644
  landing: 1.4777640830725431
  view-data: 3.4665068592876196
