times:
  edit-metadata: 1.5157230021432042
  landing: 1.390211220830679
  view-data: 3.346964309923351
