times:
  edit-metadata: 1.4741797931492329
  landing: 0.7718187496066093
  view-data: 3.352812109515071
