times:
  edit-metadata: 0.5599749507382512
  landing: 0.05698376800864935
  view-data: 0.2107121511362493
