times:
  edit-metadata: 1.4567958824336529
  landing: 0.809851735830307
  view-data: 3.357365807518363
