times:
  edit-metadata: 1.6424203738570213
  landing: 0.9459313787519932
  view-data: 3.3291519805788994
