times:
  edit-metadata: 1.3614321146160364
  landing: 3.512571389786899
  view-data: 3.2957169730216265
