times:
  edit-metadata: 1.5781675279140472
  landing: 0.7633260861039162
  view-data: 3.3205656986683607
