times:
  edit-metadata: 1.4606769494712353
  landing: 0.7809257172048092
  view-data: 3.275007266551256
