times:
  edit-metadata: 0.5156087558716536
  landing: 0.05484227207489312
  view-data: 0.20783851714804769
