times:
  edit-metadata: 1.4511983273550868
  landing: 0.7823324203491211
  view-data: 3.2484265910461545
