times:
  edit-metadata: 1.369700688868761
  landing: 0.8812392503023148
  view-data: 3.3248381353914738
