times:
  edit-metadata: 1.453755458816886
  landing: 0.8013358502648771
  view-data: 3.3494801349006593
