times:
  edit-metadata: 2.0232031662017107
  landing: 1.2367303781211376
  view-data: 3.4247463420033455
