times:
  edit-metadata: 1.5487092677503824
  landing: 0.8245610482990742
  view-data: 3.4244969487190247
