times:
  edit-metadata: 0.5821830709464848
  landing: 0.0711699821986258
  view-data: 0.3093139501288533
