times:
  edit-metadata: 1.4248727038502693
  landing: 0.7808333449065685
  view-data: 3.4034542329609394
