times:
  edit-metadata: 1.5112802237272263
  landing: 0.7495939955115318
  view-data: 3.405168168246746
