times:
  edit-metadata: 0.8194470992311835
  landing: 0.10917506087571383
  view-data: 0.327998423948884
