times:
  edit-metadata: 1.4920851439237595
  landing: 1.059069374576211
  view-data: 3.309181123971939
