times:
  edit-metadata: 0.5107130819815211
  landing: 0.07990256801713258
  view-data: 0.21474407200003043
