times:
  edit-metadata: 0.6713369370263536
  landing: 0.1401035849994514
  view-data: 0.24359722799272276
