times:
  edit-metadata: 1.9973683953285217
  landing: 1.032396636903286
  view-data: 3.405556257814169
