times:
  edit-metadata: 1.661384493112564
  landing: 0.9753160625696182
  view-data: 3.370592560619116
