times:
  edit-metadata: 1.7375408540247008
  landing: 0.8447059630416334
  view-data: 3.5849160600919276
