times:
  edit-metadata: 1.5024391822516918
  landing: 0.6677208133041859
  view-data: 3.2970132753252983
