times:
  edit-metadata: 1.5605000667273998
  landing: 1.0775051042437553
  view-data: 3.3899932503700256
