times:
  edit-metadata: 1.5479311365634203
  landing: 0.9377797245979309
  view-data: 3.423580627888441
