times:
  edit-metadata: 0.49138269294053316
  landing: 0.06351966713555157
  view-data: 0.22042109398171306
