times:
  edit-metadata: 1.4035939201712608
  landing: 0.8667907398194075
  view-data: 3.3624136447906494
