times:
  edit-metadata: 1.4330747537314892
  landing: 0.7047185730189085
  view-data: 3.346378294751048
