times:
  edit-metadata: 0.5185787690570578
  landing: 0.05447404203005135
  view-data: 0.20843363204039633
