times:
  edit-metadata: 0.6113462779903784
  landing: 0.05089740001130849
  view-data: 0.22101712797302753
