times:
  edit-metadata: 0.5456253410084173
  landing: 0.04787069297162816
  view-data: 0.21064348000800237
