times:
  edit-metadata: 0.5361641780473292
  landing: 0.04921726183965802
  view-data: 0.21084496891126037
