times:
  edit-metadata: 1.961134847253561
  landing: 1.361467968672514
  view-data: 3.430959742516279
