times:
  edit-metadata: 1.4036343898624182
  landing: 0.7561011593788862
  view-data: 3.352800380438566
