times:
  edit-metadata: 1.6833746042102575
  landing: 0.9181330669671297
  view-data: 3.283230137079954
