times:
  edit-metadata: 0.5335939439828508
  landing: 0.05112493003252894
  view-data: 0.21360456699039787
