times:
  edit-metadata: 0.5041719200089574
  landing: 0.057692977134138346
  view-data: 0.22495840210467577
