times:
  edit-metadata: 1.5507327783852816
  landing: 0.7964247949421406
  view-data: 3.3469407875090837
