times:
  edit-metadata: 1.5129052549600601
  landing: 0.719748942181468
  view-data: 0.6124138757586479
