times:
  edit-metadata: 2.0903547946363688
  landing: 1.1664308160543442
  view-data: 3.682611867785454
