times:
  edit-metadata: 1.4996145442128181
  landing: 0.9078247882425785
  view-data: 3.3783209547400475
