times:
  edit-metadata: 1.8094630874693394
  landing: 1.0841538682579994
  view-data: 3.355752097442746
