times:
  edit-metadata: 0.6026189940748736
  landing: 0.047833304037339985
  view-data: 0.21726857300382107
