times:
  edit-metadata: 1.5637758350931108
  landing: 0.9169305358082056
  view-data: 3.3228771570138633
