times:
  edit-metadata: 1.3635285682976246
  landing: 0.7813168596476316
  view-data: 3.388002471998334
