times:
  edit-metadata: 0.5217720246873796
  landing: 0.05011952901259065
  view-data: 0.21620062366127968
