times:
  edit-metadata: 0.5149629149818793
  landing: 0.04993354098405689
  view-data: 0.2141904040472582
