times:
  edit-metadata: 0.5203034519217908
  landing: 0.04733290709555149
  view-data: 0.20429873000830412
