times:
  edit-metadata: 1.5955212973058224
  landing: 0.87037318572402
  view-data: 3.2719029672443867
