times:
  edit-metadata: 1.8442784063518047
  landing: 0.845240980386734
  view-data: 3.3396496064960957
