times:
  edit-metadata: 1.4621730409562588
  landing: 1.068120550364256
  view-data: 3.3570163920521736
