times:
  edit-metadata: 1.59165976382792
  landing: 0.8443343136459589
  view-data: 0.6204572953283787
