times:
  edit-metadata: 0.5253584069432691
  landing: 0.048225420992821455
  view-data: 0.2054780019680038
