times:
  edit-metadata: 1.3598593063652515
  landing: 1.0983738135546446
  view-data: 3.467611961066723
