times:
  edit-metadata: 2.187252853065729
  landing: 0.9227728955447674
  view-data: 3.4740604162216187
