times:
  edit-metadata: 1.4340642280876637
  landing: 0.9776618257164955
  view-data: 3.3250479102134705
