times:
  edit-metadata: 0.5205579448956996
  landing: 0.05425231112167239
  view-data: 0.1981280690524727
