times:
  edit-metadata: 1.280272975564003
  landing: 0.7636903040111065
  view-data: 3.3445345386862755
