times:
  edit-metadata: 1.5364909269846976
  landing: 0.790638642385602
  view-data: 3.242697949986905
