times:
  edit-metadata: 1.2773671939503402
  landing: 0.7485900169704109
  view-data: 3.3303462588228285
