times:
  edit-metadata: 1.497557520866394
  landing: 0.8901571519672871
  view-data: 3.306676000356674
