times:
  edit-metadata: 0.6079770890064538
  landing: 0.04441931890323758
  view-data: 0.22054564068093896
