times:
  edit-metadata: 0.5406445439439267
  landing: 0.04789172997698188
  view-data: 0.21181124285794795
