times:
  edit-metadata: 2.282958598807454
  landing: 0.7654807064682245
  view-data: 3.5857143392786384
