times:
  edit-metadata: 0.633670704002725
  landing: 0.11140033300034702
  view-data: 0.24738034899928607
