times:
  edit-metadata: 0.5291191551368684
  landing: 0.052428791066631675
  view-data: 0.20998849580064416
