times:
  edit-metadata: 1.5099879340268672
  landing: 0.7799419108778238
  view-data: 3.2983756847679615
