times:
  edit-metadata: 1.7163217347115278
  landing: 0.911198141053319
  view-data: 3.412908524274826
