times:
  edit-metadata: 1.390636209398508
  landing: 0.8486762419342995
  view-data: 3.3937505148351192
