times:
  edit-metadata: 0.5297974089626223
  landing: 0.047608610009774566
  view-data: 0.20944266999140382
