times:
  edit-metadata: 3.3426197320222855
  landing: 1.4687351360917091
  view-data: 3.4659254513680935
