times:
  edit-metadata: 0.6144333289703354
  landing: 0.04909347393549979
  view-data: 0.2125004269182682
