times:
  edit-metadata: 0.6231476287357509
  landing: 0.053428297862410545
  view-data: 0.22173089487478137
