times:
  edit-metadata: 1.550850074738264
  landing: 0.845202062278986
  view-data: 3.875408735126257
