times:
  edit-metadata: 1.4745318070054054
  landing: 0.7011491879820824
  view-data: 3.4154072161763906
