times:
  edit-metadata: 0.5044609638862312
  landing: 0.0648672147653997
  view-data: 0.22775781620293856
