times:
  edit-metadata: 0.5337287050206214
  landing: 0.05406233808025718
  view-data: 0.2138660759665072
