times:
  edit-metadata: 0.5444199359917548
  landing: 0.051623140985611826
  view-data: 0.33472763901227154
