times:
  edit-metadata: 1.648015033453703
  landing: 0.8584439754486084
  view-data: 3.2966633923351765
