times:
  edit-metadata: 0.5569903820287436
  landing: 0.05250009195879102
  view-data: 0.20054183597676456
