times:
  edit-metadata: 1.7668861988931894
  landing: 1.0935583133250475
  view-data: 3.5068150497972965
