times:
  edit-metadata: 1.4925066381692886
  landing: 0.8357797600328922
  view-data: 3.3800310138612986
