times:
  edit-metadata: 1.6319182105362415
  landing: 1.0202267169952393
  view-data: 3.3608495593070984
