times:
  edit-metadata: 1.5240382701158524
  landing: 0.9191294014453888
  view-data: 3.428803652524948
