times:
  edit-metadata: 1.5613400898873806
  landing: 1.0064569935202599
  view-data: 3.4209207221865654
