times:
  edit-metadata: 1.5658842585980892
  landing: 0.9166370369493961
  view-data: 3.335976544767618
