times:
  edit-metadata: 1.36244060494937
  landing: 0.8396231299266219
  view-data: 4.552370129851624
