times:
  edit-metadata: 2.1814068760722876
  landing: 1.1165201561525464
  view-data: 3.646684826351702
