times:
  edit-metadata: 1.6886778473854065
  landing: 0.8392274361103773
  view-data: 3.389177940785885
