times:
  edit-metadata: 1.556644156575203
  landing: 0.9553054608404636
  view-data: 3.275399550795555
