times:
  edit-metadata: 1.5051017552614212
  landing: 0.723398432135582
  view-data: 3.3798696510493755
