times:
  edit-metadata: 1.8199921548366547
  landing: 1.0038320533931255
  view-data: 3.3722314052283764
