times:
  edit-metadata: 1.4675422930158675
  landing: 0.8034894168376923
  view-data: 3.421906770206988
