times:
  edit-metadata: 1.5165776200592518
  landing: 0.8298392295837402
  view-data: 3.4315011836588383
