times:
  edit-metadata: 2.0755790695548058
  landing: 1.0912551451474428
  view-data: 3.388428220525384
