times:
  edit-metadata: 1.7477490287274122
  landing: 0.9248314565047622
  view-data: 3.460261272266507
