times:
  edit-metadata: 1.568266786634922
  landing: 0.7512458171695471
  view-data: 3.371000487357378
