times:
  edit-metadata: 1.4591590762138367
  landing: 0.9176069982349873
  view-data: 3.3632776997983456
