times:
  edit-metadata: 2.0230175936594605
  landing: 1.4481830904260278
  view-data: 3.3066515950486064
