times:
  edit-metadata: 1.484067945741117
  landing: 0.7750384192913771
  view-data: 3.3928477484732866
