times:
  edit-metadata: 0.603432094969321
  landing: 0.04664877901086584
  view-data: 0.21924165601376444
