times:
  edit-metadata: 1.548865158110857
  landing: 0.7559782192111015
  view-data: 3.3158576041460037
