times:
  edit-metadata: 1.9705680757761002
  landing: 1.245505079627037
  view-data: 3.426207534968853
