times:
  edit-metadata: 2.020593565888703
  landing: 1.24285395629704
  view-data: 3.4391346191987395
