times:
  edit-metadata: 1.3686461530160159
  landing: 0.6877148780040443
  view-data: 3.272260674042627
