times:
  edit-metadata: 0.5369737648870796
  landing: 0.04841506411321461
  view-data: 0.21087052603252232
