times:
  edit-metadata: 1.4961053747683764
  landing: 0.7126432508230209
  view-data: 3.3839809112250805
