times:
  edit-metadata: 1.5084822960197926
  landing: 0.9810022190213203
  view-data: 3.475786599330604
