times:
  edit-metadata: 0.7855690879996473
  landing: 0.12333521000073233
  view-data: 0.2636069409991251
