times:
  edit-metadata: 1.4913443438708782
  landing: 0.8063274845480919
  view-data: 3.3824426122009754
