times:
  edit-metadata: 1.3595087677240372
  landing: 0.7730968780815601
  view-data: 3.3085795417428017
