times:
  edit-metadata: 1.9792920723557472
  landing: 1.2902945168316364
  view-data: 3.4275817424058914
