times:
  edit-metadata: 0.5051514278165996
  landing: 0.06806360697373748
  view-data: 0.2263639303855598
