times:
  edit-metadata: 1.390004899352789
  landing: 0.837211862206459
  view-data: 3.3568389862775803
