times:
  edit-metadata: 1.7130656205117702
  landing: 1.3358357958495617
  view-data: 4.0724226124584675
