times:
  edit-metadata: 1.5607749782502651
  landing: 0.9240947850048542
  view-data: 3.355982828885317
