times:
  edit-metadata: 1.5628473367542028
  landing: 0.7356432713568211
  view-data: 3.2865126505494118
