times:
  edit-metadata: 1.5161268524825573
  landing: 0.6681334003806114
  view-data: 3.252011828124523
