times:
  edit-metadata: 1.4121987856924534
  landing: 0.8775049261748791
  view-data: 3.4422368854284286
