times:
  edit-metadata: 1.3781519189942628
  landing: 0.2927710270159878
  view-data: 0.31456816400168464
