times:
  edit-metadata: 1.5011481773108244
  landing: 0.6801498271524906
  view-data: 3.3079410661011934
