times:
  edit-metadata: 1.6415685284882784
  landing: 0.8879883224144578
  view-data: 3.3668357618153095
