times:
  edit-metadata: 1.4774822173640132
  landing: 0.7815732667222619
  view-data: 3.5562223345041275
