times:
  edit-metadata: 1.4362440966069698
  landing: 1.0872042328119278
  view-data: 3.4538671150803566
