times:
  edit-metadata: 0.4841349039998022
  landing: 0.049921122001251206
  view-data: 0.209881859998859
