times:
  edit-metadata: 1.5048389323055744
  landing: 0.8057252457365394
  view-data: 3.602567857131362
