times:
  edit-metadata: 0.5765124169993214
  landing: 0.07392826699651778
  view-data: 0.21909751399653032
