times:
  edit-metadata: 1.5373235158622265
  landing: 0.7219404000788927
  view-data: 3.3808152563869953
