times:
  edit-metadata: 1.5443057343363762
  landing: 0.7433652263134718
  view-data: 3.389502827078104
