times:
  edit-metadata: 2.5590510219335556
  landing: 1.2584714014083147
  view-data: 3.770283030346036
