times:
  edit-metadata: 2.367670711129904
  landing: 1.2345368228852749
  view-data: 3.435204990208149
