times:
  edit-metadata: 1.349698749370873
  landing: 0.8143806401640177
  view-data: 3.4591353479772806
