times:
  edit-metadata: 1.3931837677955627
  landing: 0.9550131857395172
  view-data: 3.340330082923174
