times:
  edit-metadata: 1.67845674790442
  landing: 4.513005753979087
  view-data: 3.3186907987110317
