times:
  edit-metadata: 0.5771608659997582
  landing: 0.09637262765318155
  view-data: 0.21764477202668786
