times:
  edit-metadata: 1.0137395579367876
  landing: 0.047816287726163864
  view-data: 0.23613320384174585
