times:
  edit-metadata: 0.5276879568118602
  landing: 0.047934204107150435
  view-data: 0.2167722510639578
