times:
  edit-metadata: 0.6151917297393084
  landing: 0.05094706639647484
  view-data: 0.22916582273319364
