times:
  edit-metadata: 1.7573148012161255
  landing: 1.3293017037212849
  view-data: 3.397228106856346
