times:
  edit-metadata: 1.4396163998171687
  landing: 0.800162392668426
  view-data: 3.32659032009542
