times:
  edit-metadata: 0.82838826905936
  landing: 0.09115421026945114
  view-data: 0.30395159777253866
