times:
  edit-metadata: 0.5176734629785642
  landing: 0.04859521798789501
  view-data: 0.21183823596220464
