times:
  edit-metadata: 2.468573920428753
  landing: 1.4633301608264446
  view-data: 3.4589143693447113
