times:
  edit-metadata: 1.2394022829830647
  landing: 0.9148938618600368
  view-data: 3.3740078024566174
