times:
  edit-metadata: 0.613704651594162
  landing: 0.056951307225972414
  view-data: 0.21841407101601362
