times:
  edit-metadata: 0.5379833620972931
  landing: 0.041852655820548534
  view-data: 0.21748239686712623
