times:
  edit-metadata: 0.5104160549817607
  landing: 0.0435058280127123
  view-data: 0.21087544795591384
