times:
  edit-metadata: 0.7090976978652179
  landing: 0.1165176429785788
  view-data: 0.21864976780489087
