times:
  edit-metadata: 0.638027295935899
  landing: 0.04856770485639572
  view-data: 0.21558345295488834
