times:
  edit-metadata: 1.7431981582194567
  landing: 1.0078478902578354
  view-data: 3.5516256764531136
