times:
  edit-metadata: 0.5913854229729623
  landing: 0.06446518696611747
  view-data: 0.20838028698926792
