times:
  edit-metadata: 0.5175523899961263
  landing: 0.05544366396497935
  view-data: 0.208670440944843
