times:
  edit-metadata: 1.5470081642270088
  landing: 0.7646626383066177
  view-data: 3.297176480293274
