times:
  edit-metadata: 1.413364827632904
  landing: 0.8410402461886406
  view-data: 3.348493780940771
