times:
  edit-metadata: 1.8870424665510654
  landing: 0.9684202168136835
  view-data: 3.4975147880613804
