times:
  edit-metadata: 1.47229776205495
  landing: 0.8048780751414597
  view-data: 3.3373451640363783
