times:
  edit-metadata: 1.5640497810672969
  landing: 0.7800527110230178
  view-data: 3.302277009934187
