times:
  edit-metadata: 1.4703107005916536
  landing: 0.8698149709962308
  view-data: 3.341395072173327
