times:
  edit-metadata: 1.7020199187099934
  landing: 0.786520030349493
  view-data: 3.422935701906681
