times:
  edit-metadata: 0.4874273659661412
  landing: 0.05869685206562281
  view-data: 0.20946654211729765
