times:
  edit-metadata: 1.3653791612014174
  landing: 0.8054680097848177
  view-data: 3.2657620795071125
