times:
  edit-metadata: 3.8235857225954533
  landing: 2.7884660959243774
  view-data: 4.426083479076624
