times:
  edit-metadata: 1.475817569065839
  landing: 0.7806891798973083
  view-data: 3.402487634215504
