times:
  edit-metadata: 1.483915589749813
  landing: 0.878175612539053
  view-data: 3.342795293778181
