times:
  edit-metadata: 1.3750767726451159
  landing: 20.82031943462789
  view-data: 3.3250092044472694
