times:
  edit-metadata: 1.5768948644399643
  landing: 0.7099832352250814
  view-data: 3.329807272180915
