times:
  edit-metadata: 1.502545464783907
  landing: 1.0315639935433865
  view-data: 3.3922083638608456
