times:
  edit-metadata: 1.4618564546108246
  landing: 0.796556050889194
  view-data: 3.321001386269927
