times:
  edit-metadata: 1.3819663210306317
  landing: 0.7615741600748152
  view-data: 3.3416674700565636
