times:
  edit-metadata: 1.4525831639766693
  landing: 0.6982618011534214
  view-data: 3.3211768306791782
