times:
  edit-metadata: 0.5101050080002096
  landing: 0.057543603999874904
  view-data: 0.21643489300004148
