times:
  edit-metadata: 1.5337644442915916
  landing: 0.8569484725594521
  view-data: 3.290618732571602
