times:
  edit-metadata: 1.354002027772367
  landing: 1.1377013297751546
  view-data: 3.351172902621329
