times:
  edit-metadata: 1.4741960875689983
  landing: 0.7098582088947296
  view-data: 3.3618593588471413
