times:
  edit-metadata: 0.5338449189439416
  landing: 0.04375208099372685
  view-data: 0.2138898721896112
