times:
  edit-metadata: 1.2647795188240707
  landing: 0.7645833776332438
  view-data: 3.324276728089899
