times:
  edit-metadata: 0.5293731390265748
  landing: 0.06104873900767416
  view-data: 0.20771507103927433
