times:
  edit-metadata: 1.4922355450689793
  landing: 0.9064381904900074
  view-data: 3.353698503226042
