times:
  edit-metadata: 0.6290203369862866
  landing: 0.049882461986271665
  view-data: 0.21797981898998842
