times:
  edit-metadata: 0.49047659704228863
  landing: 0.061013511032797396
  view-data: 0.2140391559805721
