times:
  edit-metadata: 1.6232891865074635
  landing: 0.9836960956454277
  view-data: 3.3939946480095387
