times:
  edit-metadata: 1.5454827472567558
  landing: 0.6759410705417395
  view-data: 3.3793319817632437
