times:
  edit-metadata: 0.643596304114908
  landing: 0.07265816628932953
  view-data: 0.23684615781530738
