times:
  edit-metadata: 1.5171717926859856
  landing: 0.7332726065069437
  view-data: 3.391185477375984
