times:
  edit-metadata: 0.6080284360214137
  landing: 0.055113348993472755
  view-data: 0.35638959001516923
