times:
  edit-metadata: 1.4568320279940963
  landing: 0.7724682493135333
  view-data: 3.3036898830905557
