times:
  edit-metadata: 1.417795855551958
  landing: 0.6648301128298044
  view-data: 3.303025698289275
