times:
  edit-metadata: 0.6428398471325636
  landing: 0.045938028022646904
  view-data: 0.24612341588363051
