times:
  edit-metadata: 1.7706296518445015
  landing: 0.9022385887801647
  view-data: 3.2714927569031715
