times:
  edit-metadata: 2.0932285636663437
  landing: 1.1585574708878994
  view-data: 3.445623993873596
