times:
  edit-metadata: 1.2687575309537351
  landing: 0.7687551407143474
  view-data: 3.485849041957408
