times:
  edit-metadata: 1.8043600246310234
  landing: 1.2091827243566513
  view-data: 3.3518204241991043
