times:
  edit-metadata: 1.5445101242512465
  landing: 0.8912356793880463
  view-data: 3.4642596002668142
