times:
  edit-metadata: 1.407965026795864
  landing: 0.747900377959013
  view-data: 3.3049970474094152
