times:
  edit-metadata: 0.5398433939553797
  landing: 0.044718756107613444
  view-data: 0.21164582017809153
