times:
  edit-metadata: 1.4896491207182407
  landing: 0.8504926972091198
  view-data: 3.3683071099221706
