times:
  edit-metadata: 1.4522560322657228
  landing: 0.7508219941519201
  view-data: 3.3195023396983743
