times:
  edit-metadata: 1.4254632629454136
  landing: 0.7762966873124242
  view-data: 3.3340399004518986
