times:
  edit-metadata: 1.4941976964473724
  landing: 0.8081733286380768
  view-data: 3.3687338158488274
