times:
  edit-metadata: 1.3648330494761467
  landing: 0.7998319081962109
  view-data: 3.3619748689234257
