times:
  edit-metadata: 1.4314879477024078
  landing: 0.8500397838652134
  view-data: 3.353842470794916
