times:
  edit-metadata: 1.523030024021864
  landing: 0.8039894383400679
  view-data: 3.3043784704059362
