times:
  edit-metadata: 1.4411576725542545
  landing: 0.9244923666119576
  view-data: 3.3333267495036125
