times:
  edit-metadata: 1.5311784371733665
  landing: 0.8985071405768394
  view-data: 3.435550320893526
