times:
  edit-metadata: 1.5482752993702888
  landing: 0.9106004126369953
  view-data: 3.3802723065018654
