times:
  edit-metadata: 1.6921082362532616
  landing: 0.7847735192626715
  view-data: 3.4523262567818165
