times:
  edit-metadata: 1.5566754080355167
  landing: 0.7195438370108604
  view-data: 3.4110759533941746
