times:
  edit-metadata: 2.7933335062116385
  landing: 1.7405448071658611
  view-data: 3.675795268267393
