times:
  edit-metadata: 1.4861019793897867
  landing: 0.7553281784057617
  view-data: 3.430914741009474
