times:
  edit-metadata: 0.6210690890002297
  landing: 0.051985167000566435
  view-data: 0.21180488699974376
