times:
  edit-metadata: 1.4964729668572545
  landing: 0.840163298882544
  view-data: 3.419391972012818
