times:
  edit-metadata: 0.5144100510515273
  landing: 0.06121986988000572
  view-data: 0.19193604215979576
