times:
  edit-metadata: 1.6676347814500332
  landing: 0.9976703599095345
  view-data: 3.374243974685669
