times:
  edit-metadata: 0.6267013839678839
  landing: 0.0550965970614925
  view-data: 0.21873504400718957
