times:
  edit-metadata: 1.4041576534509659
  landing: 0.7153984606266022
  view-data: 3.3260107710957527
