times:
  edit-metadata: 1.781448433175683
  landing: 0.7743197958916426
  view-data: 3.96341716311872
