times:
  edit-metadata: 1.6017236039042473
  landing: 0.7679504379630089
  view-data: 3.310861151665449
