times:
  edit-metadata: 0.8148654060205445
  landing: 0.11972405202686787
  view-data: 0.21555523702409118
