times:
  edit-metadata: 1.6359066619770601
  landing: 0.8445255400147289
  view-data: 3.3718690969981253
