times:
  edit-metadata: 1.6137885004281998
  landing: 1.033997293561697
  view-data: 3.353438399732113
