times:
  edit-metadata: 1.4752794057130814
  landing: 0.9287650883197784
  view-data: 3.3008031770586967
