times:
  edit-metadata: 0.5326562540140003
  landing: 0.050130120012909174
  view-data: 0.3602928821928799
