times:
  edit-metadata: 1.4659648602828383
  landing: 0.9317666636779904
  view-data: 0.5205807685852051
