times:
  edit-metadata: 1.5588906407356262
  landing: 0.9040806069970131
  view-data: 3.430929396301508
