times:
  edit-metadata: 0.549042149912566
  landing: 0.05006930232048035
  view-data: 0.20696916012093425
