times:
  edit-metadata: 1.525267206132412
  landing: 1.0219697132706642
  view-data: 3.4454920068383217
