times:
  edit-metadata: 0.5907904310151935
  landing: 0.1057727609295398
  view-data: 0.26058963080868125
