times:
  edit-metadata: 1.4335742369294167
  landing: 0.9180036075413227
  view-data: 3.3463656082749367
