times:
  edit-metadata: 1.3927027359604836
  landing: 0.9023534059524536
  view-data: 3.3010315634310246
