times:
  edit-metadata: 1.4904921017587185
  landing: 0.9290504343807697
  view-data: 3.4760773815214634
