times:
  edit-metadata: 1.9561175182461739
  landing: 1.1481778882443905
  view-data: 3.6349588818848133
