times:
  edit-metadata: 1.6566370464861393
  landing: 1.066151812672615
  view-data: 3.36525996029377
