times:
  edit-metadata: 0.5262282689800486
  landing: 0.05629638000391424
  view-data: 0.2155355210416019
