times:
  edit-metadata: 1.337141081225127
  landing: 1.1262575131841004
  view-data: 3.505014109890908
