times:
  edit-metadata: 1.4295462034642696
  landing: 0.805505283176899
  view-data: 3.43223774805665
