times:
  edit-metadata: 1.5287229679524899
  landing: 0.7407950982451439
  view-data: 3.3834387455135584
