times:
  edit-metadata: 1.4986332952976227
  landing: 0.8298995047807693
  view-data: 3.3554141707718372
