times:
  edit-metadata: 1.5400969609618187
  landing: 0.8741151057183743
  view-data: 3.347156498581171
