times:
  edit-metadata: 0.5818380860146135
  landing: 0.06740319600794464
  view-data: 0.22240772802615538
