times:
  edit-metadata: 1.428934377618134
  landing: 0.854862310923636
  view-data: 3.2537270626053214
