times:
  edit-metadata: 1.4196587167680264
  landing: 0.7239519618451595
  view-data: 3.2463850677013397
