times:
  edit-metadata: 1.383054377976805
  landing: 0.758039842825383
  view-data: 3.315032235812396
