times:
  edit-metadata: 1.4152379613369703
  landing: 0.7974185775965452
  view-data: 3.370217613875866
