times:
  edit-metadata: 0.6991407149471343
  landing: 0.07297421479597688
  view-data: 0.21732520405203104
