times:
  edit-metadata: 0.5942947269650176
  landing: 0.08634644001722336
  view-data: 0.21933735196944326
