times:
  edit-metadata: 1.4132265783846378
  landing: 0.7963960971683264
  view-data: 3.3622373081743717
