times:
  edit-metadata: 0.5094065598677844
  landing: 0.055939095094799995
  view-data: 0.20605959394015372
