times:
  edit-metadata: 0.5853810589760542
  landing: 0.06438715197145939
  view-data: 0.2238986906595528
