times:
  edit-metadata: 1.5573360063135624
  landing: 0.9237167201936245
  view-data: 3.328029379248619
