times:
  edit-metadata: 1.7448844793252647
  landing: 1.0101354462094605
  view-data: 3.3870320920832455
