times:
  edit-metadata: 1.4157840572297573
  landing: 0.9056866690516472
  view-data: 3.3689937256276608
