times:
  edit-metadata: 1.5524525069631636
  landing: 0.7748501489404589
  view-data: 3.3592181249987334
