times:
  edit-metadata: 1.6722477450966835
  landing: 0.9657314904034138
  view-data: 3.3447477631270885
