times:
  edit-metadata: 1.7124604396522045
  landing: 0.8192928843200207
  view-data: 3.375821717083454
