times:
  edit-metadata: 0.5211582549382001
  landing: 0.06989923596847802
  view-data: 0.353969109011814
