times:
  edit-metadata: 2.606707059778273
  landing: 1.5332107450813055
  view-data: 3.7286028806120157
