times:
  edit-metadata: 1.4453034903854132
  landing: 0.8596999533474445
  view-data: 3.372548997402191
