times:
  edit-metadata: 1.560669681057334
  landing: 0.8015661388635635
  view-data: 3.418013859540224
