times:
  edit-metadata: 0.5281607880024239
  landing: 0.04447000600339379
  view-data: 0.21468954499869142
