times:
  edit-metadata: 0.5755453279998619
  landing: 0.06541425200703088
  view-data: 0.2201241880102316
