times:
  edit-metadata: 1.5058731250464916
  landing: 0.876043701544404
  view-data: 3.3026684783399105
