times:
  edit-metadata: 1.4714348837733269
  landing: 0.8558904267847538
  view-data: 3.424760453402996
