times:
  edit-metadata: 1.5271927844733
  landing: 0.7148667015135288
  view-data: 3.3889014311134815
