times:
  edit-metadata: 1.441616676747799
  landing: 0.8131430186331272
  view-data: 3.352554528042674
