times:
  edit-metadata: 1.4954976756125689
  landing: 0.7502572555094957
  view-data: 3.4416541885584593
