times:
  edit-metadata: 1.47593642026186
  landing: 0.7874241098761559
  view-data: 3.341351382434368
