times:
  edit-metadata: 1.6719481023028493
  landing: 0.7429920677095652
  view-data: 3.387708409689367
