times:
  edit-metadata: 1.6318874582648277
  landing: 0.9456708803772926
  view-data: 3.3448288440704346
