times:
  edit-metadata: 1.4667635075747967
  landing: 0.7335028545930982
  view-data: 3.369988434948027
