times:
  edit-metadata: 1.3617266602814198
  landing: 0.6879231780767441
  view-data: 3.31453650072217
