times:
  edit-metadata: 0.5268736730795354
  landing: 0.05719074490480125
  view-data: 0.20784961408935487
