times:
  edit-metadata: 1.475101262331009
  landing: 0.847894512116909
  view-data: 3.2889832351356745
