times:
  edit-metadata: 0.5831687520258129
  landing: 0.11340960604138672
  view-data: 0.28931257099611685
