times:
  edit-metadata: 0.5011481829569675
  landing: 0.061907365976367146
  view-data: 0.21376212500035763
