times:
  edit-metadata: 1.423041732981801
  landing: 0.8201261719223112
  view-data: 3.4085840438492596
