times:
  edit-metadata: 1.5273065976798534
  landing: 0.7684683967381716
  view-data: 3.3330583442002535
