times:
  edit-metadata: 1.4463916458189487
  landing: 0.8013360723853111
  view-data: 3.3247794210910797
