times:
  edit-metadata: 1.5306774862110615
  landing: 0.714007344096899
  view-data: 3.285705741494894
