times:
  edit-metadata: 1.9837571969255805
  landing: 1.1496309004724026
  view-data: 3.5356606179848313
