times:
  edit-metadata: 1.5731615871191025
  landing: 0.7356742136180401
  view-data: 3.3588149659335613
