times:
  edit-metadata: 1.5083821937441826
  landing: 0.8243218325078487
  view-data: 3.318740289658308
