times:
  edit-metadata: 1.4341300502419472
  landing: 0.7755479291081429
  view-data: 3.309720903635025
