times:
  edit-metadata: 1.5750965811312199
  landing: 0.9492090530693531
  view-data: 3.4053595401346684
