times:
  edit-metadata: 1.5652761235833168
  landing: 0.7657791934907436
  view-data: 3.3724680468440056
