times:
  edit-metadata: 1.5483516529202461
  landing: 0.7638377025723457
  view-data: 3.418065831065178
