times:
  edit-metadata: 1.3738913116976619
  landing: 0.7146975491195917
  view-data: 3.4975776318460703
