times:
  edit-metadata: 1.5026578307151794
  landing: 0.7578968554735184
  view-data: 3.5308975353837013
