times:
  edit-metadata: 1.563594214618206
  landing: 0.9577462375164032
  view-data: 3.581704653799534
