times:
  edit-metadata: 1.3430700302124023
  landing: 0.8548763170838356
  view-data: 3.4829540625214577
