times:
  edit-metadata: 1.446406565606594
  landing: 0.8318599462509155
  view-data: 3.4346972182393074
