times:
  edit-metadata: 2.0858142152428627
  landing: 1.240672156214714
  view-data: 3.544289156794548
