times:
  edit-metadata: 1.4373032227158546
  landing: 0.8188976719975471
  view-data: 3.5309110432863235
