times:
  edit-metadata: 1.4025777205824852
  landing: 0.8461074754595757
  view-data: 3.444805920124054
