times:
  edit-metadata: 1.4093381986021996
  landing: 0.8683671355247498
  view-data: 3.5649491026997566
