times:
  edit-metadata: 1.3352270647883415
  landing: 0.8637609258294106
  view-data: 3.4731599166989326
