times:
  edit-metadata: 1.5064678639173508
  landing: 0.8510243073105812
  view-data: 3.5575108379125595
