times:
  edit-metadata: 1.5181141048669815
  landing: 0.7563342079520226
  view-data: 3.5164778158068657
