times:
  edit-metadata: 1.3984163403511047
  landing: 0.8223477825522423
  view-data: 3.337740160524845
