times:
  edit-metadata: 1.4967137724161148
  landing: 0.8194557800889015
  view-data: 3.4319992139935493
