times:
  edit-metadata: 1.4580817818641663
  landing: 0.7741614803671837
  view-data: 3.581852301955223
