times:
  edit-metadata: 2.0671214535832405
  landing: 1.1558035984635353
  view-data: 3.4721625670790672
