times:
  edit-metadata: 1.3967617601156235
  landing: 0.8136605322360992
  view-data: 3.3764412328600883
