times:
  edit-metadata: 1.493272714316845
  landing: 0.8756382316350937
  view-data: 3.5087053328752518
