times:
  edit-metadata: 1.4176773875951767
  landing: 0.8534633070230484
  view-data: 3.5821936279535294
