times:
  edit-metadata: 1.570030428469181
  landing: 0.8264615088701248
  view-data: 3.5942327603697777
