times:
  edit-metadata: 1.3717267513275146
  landing: 0.7953386679291725
  view-data: 3.489540047943592
