times:
  edit-metadata: 1.5091483741998672
  landing: 0.8051054030656815
  view-data: 3.5083006098866463
