times:
  edit-metadata: 1.5463194698095322
  landing: 0.8808278664946556
  view-data: 3.4108631685376167
