times:
  edit-metadata: 1.7318598181009293
  landing: 0.861722357571125
  view-data: 3.375716507434845
