times:
  edit-metadata: 1.7743745297193527
  landing: 0.994906947016716
  view-data: 3.5542632788419724
