times:
  edit-metadata: 1.8659208118915558
  landing: 1.2521669641137123
  view-data: 3.4542437717318535
