times:
  edit-metadata: 1.3123925849795341
  landing: 0.9505490586161613
  view-data: 3.545592822134495
