times:
  edit-metadata: 1.4768678694963455
  landing: 0.871781587600708
  view-data: 3.547703191637993
