times:
  edit-metadata: 1.4456958696246147
  landing: 0.8712693080306053
  view-data: 3.5121142715215683
