times:
  edit-metadata: 1.4920490384101868
  landing: 1.2656252086162567
  view-data: 3.516435071825981
