times:
  edit-metadata: 1.8728871122002602
  landing: 1.1099172681570053
  view-data: 3.5409802347421646
