times:
  edit-metadata: 1.5168234333395958
  landing: 0.783899113535881
  view-data: 3.4714424088597298
