times:
  edit-metadata: 1.4563913866877556
  landing: 0.765319861471653
  view-data: 3.441022604703903
