times:
  edit-metadata: 1.3092431351542473
  landing: 0.9656780958175659
  view-data: 3.424655295908451
