times:
  edit-metadata: 1.6347874477505684
  landing: 1.062846414744854
  view-data: 3.500133104622364
