times:
  edit-metadata: 1.5064780190587044
  landing: 0.7943262234330177
  view-data: 3.499190963804722
