times:
  edit-metadata: 2.099648207426071
  landing: 1.4822471737861633
  view-data: 3.7049161940813065
