times:
  edit-metadata: 1.4906606376171112
  landing: 0.8049451932311058
  view-data: 3.4712851643562317
