times:
  edit-metadata: 1.408531628549099
  landing: 0.9247455969452858
  view-data: 3.279256708920002
