times:
  edit-metadata: 1.5291099473834038
  landing: 0.767890639603138
  view-data: 3.3794391080737114
