times:
  edit-metadata: 1.4874046668410301
  landing: 0.816156804561615
  view-data: 3.513937570154667
