times:
  edit-metadata: 2.4315019473433495
  landing: 1.348984494805336
  view-data: 4.0837356597185135
