times:
  edit-metadata: 1.5005076378583908
  landing: 0.7940583229064941
  view-data: 3.3627348616719246
