times:
  edit-metadata: 1.5499289706349373
  landing: 1.018957406282425
  view-data: 3.586847573518753
