times:
  edit-metadata: 1.365595519542694
  landing: 0.9776979684829712
  view-data: 3.5852530524134636
