times:
  edit-metadata: 1.5243045762181282
  landing: 0.8097524866461754
  view-data: 3.516946442425251
