times:
  edit-metadata: 1.4320969209074974
  landing: 0.8084306046366692
  view-data: 3.5752111077308655
