times:
  edit-metadata: 1.4982546046376228
  landing: 0.8036093041300774
  view-data: 3.9111532792448997
