times:
  edit-metadata: 1.5127993077039719
  landing: 0.8050523772835732
  view-data: 3.542062409222126
