times:
  edit-metadata: 1.3469946756958961
  landing: 0.7338475212454796
  view-data: 3.416756570339203
