times:
  edit-metadata: 1.5142444781959057
  landing: 0.9551476081833243
  view-data: 0.8324818024411798
