times:
  edit-metadata: 2.1505273170769215
  landing: 0.9421725338324904
  view-data: 0.808941837400198
