times:
  edit-metadata: 1.6081373319029808
  landing: 1.047595091164112
  view-data: 0.8373900596052408
