times:
  edit-metadata: 2.63322027400136
  landing: 0.04798972001299262
  view-data: 0.6004726549144834
