times:
  edit-metadata: 2.6218816488981247
  landing: 0.06441275193355978
  view-data: 0.7010975079610944
