times:
  edit-metadata: 1.5432015340775251
  landing: 1.111307267099619
  view-data: 0.6702383104711771
