times:
  edit-metadata: 1.4977939277887344
  landing: 0.89025042578578
  view-data: 0.9092806614935398
