times:
  edit-metadata: 2.6178825779352337
  landing: 0.04760187107603997
  view-data: 0.6012666099704802
