times:
  edit-metadata: 1.7559201419353485
  landing: 1.182059582322836
  view-data: 3.385410450398922
