times:
  edit-metadata: 1.555957093834877
  landing: 1.0579326637089252
  view-data: 3.3667499758303165
