times:
  edit-metadata: 1.9557112846523523
  landing: 1.0686436016112566
  view-data: 0.8711803713813424
