times:
  edit-metadata: 1.496056942269206
  landing: 0.8343329206109047
  view-data: 0.7590570459142327
