times:
  edit-metadata: 2.641138802981004
  landing: 0.054566808976233006
  view-data: 0.47648869012482464
