times:
  edit-metadata: 1.7744975127279758
  landing: 0.9034793637692928
  view-data: 0.7908179722726345
