times:
  edit-metadata: 1.8488979749381542
  landing: 1.0042674392461777
  view-data: 0.6965461056679487
