times:
  edit-metadata: 2.5668325640726835
  landing: 0.0459959520958364
  view-data: 0.6148427139269188
