times:
  edit-metadata: 2.6483857610000996
  landing: 0.06273141699784901
  view-data: 0.604603069004952
