times:
  edit-metadata: 1.5412905551493168
  landing: 0.9185108952224255
  view-data: 0.776726458221674
