times:
  edit-metadata: 1.498336959630251
  landing: 0.9749568775296211
  view-data: 3.431624375283718
