times:
  edit-metadata: 1.8434620946645737
  landing: 1.295301377773285
  view-data: 3.3039030730724335
