times:
  edit-metadata: 1.5462489798665047
  landing: 1.0663060154765844
  view-data: 0.7775153964757919
