times:
  edit-metadata: 1.7903746999800205
  landing: 1.2112917080521584
  view-data: 3.5048656165599823
