times:
  edit-metadata: 2.6605709390714765
  landing: 0.05325698503293097
  view-data: 0.4712674270849675
