times:
  edit-metadata: 1.335010938346386
  landing: 0.7761111445724964
  view-data: 0.7479025758802891
