times:
  edit-metadata: 1.3605312258005142
  landing: 0.9625973552465439
  view-data: 3.453409679234028
