times:
  edit-metadata: 1.5097844563424587
  landing: 1.1859826929867268
  view-data: 3.4298808090388775
