times:
  edit-metadata: 2.63677422888577
  landing: 0.0482699740678072
  view-data: 0.47149608796462417
