times:
  edit-metadata: 1.4112550392746925
  landing: 0.9799087271094322
  view-data: 3.3659318946301937
