times:
  edit-metadata: 1.7137583680450916
  landing: 1.2317081540822983
  view-data: 3.3088271655142307
