times:
  edit-metadata: 1.7786300331354141
  landing: 7.508404586464167
  view-data: 3.394981723278761
