times:
  edit-metadata: 1.4948322996497154
  landing: 1.036735076457262
  view-data: 3.5213067643344402
