times:
  edit-metadata: 1.5442086551338434
  landing: 0.8655281085520983
  view-data: 0.9802145715802908
