times:
  edit-metadata: 1.7150991890812293
  landing: 0.8638414660235867
  view-data: 0.8210578639991581
