times:
  edit-metadata: 1.520761115476489
  landing: 0.8718352615833282
  view-data: 0.7899126447737217
