times:
  edit-metadata: 1.6365902870893478
  landing: 0.9121129363775253
  view-data: 0.8467642478644848
