times:
  edit-metadata: 1.4660342037677765
  landing: 0.9922305280342698
  view-data: 0.8113020611926913
