times:
  edit-metadata: 2.603616110049188
  landing: 0.055121604818850756
  view-data: 0.47167428699322045
