times:
  edit-metadata: 2.577180819120258
  landing: 0.044134706957265735
  view-data: 0.7124705610331148
