times:
  edit-metadata: 1.5283728577196598
  landing: 1.1968094855546951
  view-data: 3.307653918862343
