times:
  edit-metadata: 1.5590362921357155
  landing: 1.2393988408148289
  view-data: 3.427751947194338
