times:
  edit-metadata: 2.929892146959901
  landing: 1.073110206052661
  view-data: 0.996695201843977
