times:
  edit-metadata: 2.6195880956947803
  landing: 0.053879556246101856
  view-data: 0.4778478918597102
