times:
  edit-metadata: 1.404198482632637
  landing: 0.7727738507091999
  view-data: 0.6853144895285368
