times:
  edit-metadata: 1.475158579647541
  landing: 0.9446217492222786
  view-data: 3.3903729785233736
