times:
  edit-metadata: 1.621702864766121
  landing: 1.1353687532246113
  view-data: 3.413466654717922
