times:
  edit-metadata: 1.5270544569939375
  landing: 1.104739274829626
  view-data: 0.7391134984791279
