times:
  edit-metadata: 1.5302312597632408
  landing: 0.8842590264976025
  view-data: 0.8302332200109959
