times:
  edit-metadata: 1.5465786829590797
  landing: 0.9744522552937269
  view-data: 0.6800720077008009
