times:
  edit-metadata: 1.971608726074919
  landing: 0.9940853780135512
  view-data: 0.8033249379368499
