times:
  edit-metadata: 1.473291177302599
  landing: 1.010346308350563
  view-data: 3.385139711201191
