times:
  edit-metadata: 2.6373221427202225
  landing: 1.712773778475821
  view-data: 1.0444548353552818
