times:
  edit-metadata: 1.4847859675064683
  landing: 1.2518948428332806
  view-data: 0.8372094975784421
