times:
  edit-metadata: 1.7549887008499354
  landing: 1.2796972240321338
  view-data: 1.190289902035147
