times:
  edit-metadata: 1.5387116186320782
  landing: 0.9007600396871567
  view-data: 0.7632208690047264
