times:
  edit-metadata: 1.7610646896064281
  landing: 1.011261472478509
  view-data: 3.3793884497135878
