times:
  edit-metadata: 1.545177761465311
  landing: 0.9030161648988724
  view-data: 0.7626156564801931
