times:
  edit-metadata: 1.5259225415065885
  landing: 0.9339040899649262
  view-data: 0.8444674611091614
