times:
  edit-metadata: 2.6442854460328817
  landing: 0.05639799730852246
  view-data: 0.5962567059323192
