times:
  edit-metadata: 1.5349482856690884
  landing: 0.8751992881298065
  view-data: 0.7602944113314152
