times:
  edit-metadata: 2.771703749895096
  landing: 1.7342336867004633
  view-data: 3.7025883235037327
