times:
  edit-metadata: 1.5242900447919965
  landing: 0.8959782440215349
  view-data: 0.7372036054730415
