times:
  edit-metadata: 1.4999409299343824
  landing: 0.8740723673254251
  view-data: 0.7547727143391967
