times:
  edit-metadata: 1.5384745672345161
  landing: 0.9688501730561256
  view-data: 3.351861249655485
