times:
  edit-metadata: 2.659436732006725
  landing: 0.05398419901030138
  view-data: 0.5175461460021324
