times:
  edit-metadata: 1.67177664488554
  landing: 1.1862161494791508
  view-data: 3.389598775655031
