times:
  edit-metadata: 1.8846480259671807
  landing: 0.9890813641250134
  view-data: 0.8656880194321275
