times:
  edit-metadata: 1.517118346877396
  landing: 0.874464082531631
  view-data: 0.8426294140517712
