times:
  edit-metadata: 1.3787653669714928
  landing: 0.9528507068753242
  view-data: 3.329225033521652
