times:
  edit-metadata: 2.286906251683831
  landing: 1.1600818559527397
  view-data: 0.7339407429099083
