times:
  edit-metadata: 1.567226242274046
  landing: 0.9781321547925472
  view-data: 3.410061541944742
