times:
  edit-metadata: 1.5094798617064953
  landing: 1.0698018297553062
  view-data: 0.8307280838489532
