times:
  edit-metadata: 1.3824274688959122
  landing: 0.915584497153759
  view-data: 3.340147901326418
