times:
  edit-metadata: 1.5826835008338094
  landing: 1.0439803749322891
  view-data: 0.8627163078635931
