times:
  edit-metadata: 1.5770565383136272
  landing: 1.144052367657423
  view-data: 3.2814562171697617
