times:
  edit-metadata: 1.5636466834694147
  landing: 0.9513658601790667
  view-data: 0.8215900678187609
