times:
  edit-metadata: 1.6973355561494827
  landing: 1.0889506544917822
  view-data: 0.7652568053454161
