times:
  edit-metadata: 2.628503540996462
  landing: 0.052493461000267416
  view-data: 0.8946699459920637
