times:
  edit-metadata: 1.4992533749900758
  landing: 2.286371454130858
  view-data: 0.8417498138733208
