times:
  edit-metadata: 1.464540060609579
  landing: 0.997939720749855
  view-data: 3.3144316263496876
