times:
  edit-metadata: 0.6180709439795464
  landing: 0.05048332316800952
  view-data: 0.3967102188616991
