times:
  edit-metadata: 2.6889298469759524
  landing: 0.05920304707251489
  view-data: 0.5863058620598167
