times:
  edit-metadata: 2.638636586954817
  landing: 0.054218275006860495
  view-data: 0.4969608070096001
