times:
  edit-metadata: 2.5893629000056535
  landing: 0.05035123199922964
  view-data: 0.47260244796052575
