times:
  edit-metadata: 1.370216254144907
  landing: 0.7885612398386002
  view-data: 0.6624424457550049
