times:
  edit-metadata: 1.5865535251796246
  landing: 0.8147752452641726
  view-data: 0.9019370842725039
