times:
  edit-metadata: 1.5749373137950897
  landing: 1.0078408624976873
  view-data: 0.7755776345729828
