times:
  edit-metadata: 2.1289799716323614
  landing: 1.3680974021553993
  view-data: 0.6562446253374219
