times:
  edit-metadata: 1.5937434891238809
  landing: 0.9306626189500093
  view-data: 3.459484960883856
