times:
  edit-metadata: 2.1449055410921574
  landing: 1.1472528912127018
  view-data: 3.323944319039583
