times:
  edit-metadata: 1.388566691428423
  landing: 0.8713551312685013
  view-data: 0.6754356995224953
