times:
  edit-metadata: 2.632109709084034
  landing: 0.045860989950597286
  view-data: 0.6568771586753428
