times:
  edit-metadata: 2.1001019570976496
  landing: 0.8888188023120165
  view-data: 3.5798626113682985
