times:
  edit-metadata: 1.634261030703783
  landing: 1.092089433223009
  view-data: 3.3158843852579594
