times:
  edit-metadata: 1.5882228771224618
  landing: 1.026324199512601
  view-data: 0.8358268029987812
