times:
  edit-metadata: 1.5476709250360727
  landing: 0.8624493889510632
  view-data: 0.7734576892107725
