times:
  edit-metadata: 2.687440678011626
  landing: 0.0618114669341594
  view-data: 0.6028499519452453
