times:
  edit-metadata: 1.5177168399095535
  landing: 0.8961028410121799
  view-data: 0.7469848049804568
