times:
  edit-metadata: 1.5423062667250633
  landing: 1.04819693043828
  view-data: 3.4579414427280426
