times:
  edit-metadata: 2.001235505566001
  landing: 1.6110944375395775
  view-data: 3.3988634515553713
