times:
  edit-metadata: 1.50181695073843
  landing: 1.2047664895653725
  view-data: 3.3546485528349876
