times:
  edit-metadata: 1.5054911002516747
  landing: 0.8345421142876148
  view-data: 3.3617413211613894
