times:
  edit-metadata: 2.5669737430289388
  landing: 0.05881053186021745
  view-data: 0.48586048488505185
