times:
  edit-metadata: 1.489789541810751
  landing: 1.0111076161265373
  view-data: 3.3430730886757374
