times:
  edit-metadata: 2.6123393249872606
  landing: 0.0461890539736487
  view-data: 0.7281027070130222
