times:
  edit-metadata: 1.6367326118052006
  landing: 0.8688007108867168
  view-data: 0.7648214548826218
