times:
  edit-metadata: 1.4192883409559727
  landing: 0.8844857774674892
  view-data: 3.3589556626975536
