times:
  edit-metadata: 2.621781964087859
  landing: 0.05142927588894963
  view-data: 0.5971994320861995
