times:
  edit-metadata: 1.4292986653745174
  landing: 1.2094265408813953
  view-data: 3.3672766983509064
