times:
  edit-metadata: 1.5337914992123842
  landing: 1.1800952777266502
  view-data: 0.7777379844337702
