times:
  edit-metadata: 1.4645436946302652
  landing: 0.916631817817688
  view-data: 0.6964891478419304
