times:
  edit-metadata: 2.663005430949852
  landing: 0.06141391582787037
  view-data: 0.4900207018945366
