times:
  edit-metadata: 2.682879197061993
  landing: 0.052285150974057615
  view-data: 0.4841606509871781
