times:
  edit-metadata: 1.6261549517512321
  landing: 0.9330592770129442
  view-data: 0.8480195067822933
