times:
  edit-metadata: 1.4261358939111233
  landing: 0.9749418944120407
  view-data: 3.3448122143745422
