times:
  edit-metadata: 1.4439130425453186
  landing: 1.0834752041846514
  view-data: 0.73014747351408
