times:
  edit-metadata: 1.8266755733639002
  landing: 1.13362867385149
  view-data: 3.309353308752179
