times:
  edit-metadata: 1.6283807521685958
  landing: 0.9705094834789634
  view-data: 0.7532995976507664
