times:
  edit-metadata: 1.5238777622580528
  landing: 0.8556588869541883
  view-data: 0.9328586999326944
