times:
  edit-metadata: 1.9781029000878334
  landing: 0.9770421050488949
  view-data: 3.3083089776337147
