times:
  edit-metadata: 1.7529593985527754
  landing: 1.1178148351609707
  view-data: 0.6927925571799278
