times:
  edit-metadata: 1.4811173509806395
  landing: 0.9006154574453831
  view-data: 0.7740351762622595
