times:
  edit-metadata: 2.642244634917006
  landing: 0.05555005301721394
  view-data: 0.604192903963849
