times:
  edit-metadata: 2.670558911981061
  landing: 0.04428324103355408
  view-data: 0.6071726579684764
