times:
  edit-metadata: 2.6329620969481766
  landing: 0.05761048709973693
  view-data: 0.5954649168998003
