times:
  edit-metadata: 2.115638669580221
  landing: 1.2743731252849102
  view-data: 3.4512752778828144
