times:
  edit-metadata: 2.6457760779885575
  landing: 0.05463793297531083
  view-data: 0.6084332570317201
