times:
  edit-metadata: 1.3691697753965855
  landing: 1.0137395970523357
  view-data: 3.356768587604165
