times:
  edit-metadata: 1.6207427228800952
  landing: 0.9600181761197746
  view-data: 0.8050331491976976
