times:
  edit-metadata: 1.4874272840097547
  landing: 1.0164923993870616
  view-data: 0.8089092709124088
