times:
  edit-metadata: 1.4186731949448586
  landing: 1.0222466476261616
  view-data: 3.377248540520668
