times:
  edit-metadata: 1.5821623671799898
  landing: 0.9068081891164184
  view-data: 0.751714744605124
