times:
  edit-metadata: 1.8331782445311546
  landing: 1.4289958477020264
  view-data: 3.4189326763153076
