times:
  edit-metadata: 1.687447632662952
  landing: 0.9145432878285646
  view-data: 0.6625475371256471
