times:
  edit-metadata: 1.3785509057343006
  landing: 0.9276071488857269
  view-data: 3.2988157607614994
