times:
  edit-metadata: 1.5043591130524874
  landing: 0.8930182736366987
  view-data: 0.7125188391655684
