times:
  edit-metadata: 1.5141177885234356
  landing: 1.0544638969004154
  view-data: 3.435225121676922
