times:
  edit-metadata: 1.5091722533106804
  landing: 0.9674417078495026
  view-data: 3.47502526268363
