times:
  edit-metadata: 2.8049173057079315
  landing: 1.492506628856063
  view-data: 3.699911570176482
