times:
  edit-metadata: 2.637395021971315
  landing: 0.051207836950197816
  view-data: 0.5018038409762084
