times:
  edit-metadata: 1.5234193578362465
  landing: 0.8620556369423866
  view-data: 0.7858076598495245
