times:
  edit-metadata: 1.4589100666344166
  landing: 0.989507582038641
  view-data: 3.4110260009765625
