times:
  edit-metadata: 1.495897022075951
  landing: 1.0308649032376707
  view-data: 0.7488002399913967
