times:
  edit-metadata: 1.4824310019612312
  landing: 0.8335805609822273
  view-data: 0.7950196154415607
