times:
  edit-metadata: 1.4585229326039553
  landing: 1.1303201522678137
  view-data: 0.8968688324093819
