times:
  edit-metadata: 1.5827932432293892
  landing: 1.0963793620467186
  view-data: 3.4096652790904045
