times:
  edit-metadata: 1.5461312588304281
  landing: 0.9359089359641075
  view-data: 0.7301725707948208
