times:
  edit-metadata: 1.5050060953944921
  landing: 0.8685410618782043
  view-data: 0.7782625555992126
