times:
  edit-metadata: 1.5342248994857073
  landing: 0.8512713797390461
  view-data: 3.385918965563178
