times:
  edit-metadata: 1.6858832822181284
  landing: 1.024045289028436
  view-data: 0.8575356532819569
