times:
  edit-metadata: 1.4720317630562931
  landing: 1.0079411480110139
  view-data: 0.8349126188550144
