times:
  edit-metadata: 2.537692730082199
  landing: 0.05180342891253531
  view-data: 0.4989064990077168
