times:
  edit-metadata: 1.5288295894861221
  landing: 1.1146899983286858
  view-data: 3.417407527565956
