times:
  edit-metadata: 2.601056633051485
  landing: 0.06661028321832418
  view-data: 0.47727420879527926
