times:
  edit-metadata: 1.4830721132457256
  landing: 1.0934088472276926
  view-data: 0.688427284359932
