times:
  edit-metadata: 1.6084162169136107
  landing: 0.8989177029579878
  view-data: 0.7843429292552173
