times:
  edit-metadata: 1.5608141359407455
  landing: 0.9016437861137092
  view-data: 0.6920956149697304
