times:
  edit-metadata: 1.5161835737526417
  landing: 0.9886115752160549
  view-data: 3.338817670941353
