times:
  edit-metadata: 1.5652278754860163
  landing: 0.9244812224060297
  view-data: 0.8840081300586462
