times:
  edit-metadata: 1.5360994227230549
  landing: 0.905125392600894
  view-data: 0.8256319928914309
