times:
  edit-metadata: 1.5704769100993872
  landing: 0.8921896293759346
  view-data: 0.6740453839302063
