times:
  edit-metadata: 1.4504356905817986
  landing: 0.8601056970655918
  view-data: 3.3001944199204445
