times:
  edit-metadata: 1.502437461167574
  landing: 1.0534811057150364
  view-data: 3.35275124758482
