times:
  edit-metadata: 1.7771309353411198
  landing: 1.0896905064582825
  view-data: 0.7115580309182405
