times:
  edit-metadata: 1.537262124940753
  landing: 0.9943129848688841
  view-data: 0.7311516785994172
