times:
  edit-metadata: 1.8632955811917782
  landing: 0.9971497422084212
  view-data: 0.7630456304177642
