times:
  edit-metadata: 2.213043984025717
  landing: 1.165893692523241
  view-data: 3.4106367491185665
