times:
  edit-metadata: 1.5318659096956253
  landing: 0.9815100692212582
  view-data: 3.338291347026825
