times:
  edit-metadata: 2.221798671875149
  landing: 1.3055297946557403
  view-data: 0.9501040601171553
