times:
  edit-metadata: 1.5966708771884441
  landing: 1.0166473276913166
  view-data: 3.3739429377019405
