times:
  edit-metadata: 1.7314207144081593
  landing: 1.3763508647680283
  view-data: 3.35403273627162
