times:
  edit-metadata: 2.64310013782233
  landing: 0.054532136069610715
  view-data: 0.7545675609726459
