times:
  edit-metadata: 1.5391051322221756
  landing: 0.9088567942380905
  view-data: 0.781824141740799
