times:
  edit-metadata: 1.5569018553942442
  landing: 0.777661981061101
  view-data: 0.782741978764534
