times:
  edit-metadata: 1.593740256037563
  landing: 1.089679114986211
  view-data: 0.6820556770544499
