times:
  edit-metadata: 1.5294987726956606
  landing: 0.9156490010209382
  view-data: 0.931143700145185
