times:
  edit-metadata: 1.5812835581600666
  landing: 1.1084112599492073
  view-data: 3.3837840855121613
