times:
  edit-metadata: 2.1198651641607285
  landing: 0.9539299868047237
  view-data: 3.9333109706640244
