times:
  edit-metadata: 1.4834050829522312
  landing: 0.9106516949832439
  view-data: 0.7177293910644948
