times:
  edit-metadata: 1.4888021000660956
  landing: 1.0026610377244651
  view-data: 0.7745765480212867
