times:
  edit-metadata: 1.360296092927456
  landing: 0.8245289083570242
  view-data: 3.3294779378920794
