times:
  edit-metadata: 1.5225581703707576
  landing: 0.8778459765017033
  view-data: 0.7170178182423115
