times:
  edit-metadata: 2.542289431905374
  landing: 0.05260654701851308
  view-data: 0.6086710281670094
