times:
  edit-metadata: 1.5083759371191263
  landing: 0.8209804985672235
  view-data: 0.7189329192042351
