times:
  edit-metadata: 2.9004433881491423
  landing: 1.2112656831741333
  view-data: 0.8055098541080952
