times:
  edit-metadata: 1.446982344146818
  landing: 0.9714916360098869
  view-data: 0.8209614860825241
