times:
  edit-metadata: 1.5459367223083973
  landing: 0.7916163969784975
  view-data: 0.7772792289033532
