times:
  edit-metadata: 1.6419781809672713
  landing: 0.9826496429741383
  view-data: 0.7445131570566446
