times:
  edit-metadata: 1.3450136019964702
  landing: 0.20399715198436752
  view-data: 0.23971321701537818
