times:
  edit-metadata: 1.6013550776988268
  landing: 0.9176189787685871
  view-data: 0.7312441542744637
