times:
  edit-metadata: 1.3521041553467512
  landing: 0.8273200895637274
  view-data: 0.6565810237079859
