times:
  edit-metadata: 1.9857680462300777
  landing: 1.2880568504333496
  view-data: 3.364198412746191
