times:
  edit-metadata: 3.2015135581605136
  landing: 0.0952290603891015
  view-data: 0.6586337913759053
