times:
  edit-metadata: 2.6372260579373688
  landing: 0.05510016018524766
  view-data: 0.7127495119348168
