times:
  edit-metadata: 1.540821559727192
  landing: 1.107533771544695
  view-data: 0.7823893083259463
