times:
  edit-metadata: 2.691665590973571
  landing: 0.06289391196332872
  view-data: 0.5955799671355635
