times:
  edit-metadata: 1.6028881259262562
  landing: 1.0633855760097504
  view-data: 3.3787171356379986
