times:
  edit-metadata: 2.66377064678818
  landing: 0.05773097230121493
  view-data: 0.7230676938779652
