times:
  edit-metadata: 1.9247030918486416
  landing: 7.999551532790065
  view-data: 0.7401398317888379
