times:
  edit-metadata: 1.7049804301932454
  landing: 0.8511808197945356
  view-data: 0.6827098550274968
