times:
  edit-metadata: 1.5413915030658245
  landing: 1.032026977976784
  view-data: 0.9066281840205193
