times:
  edit-metadata: 1.5121957547962666
  landing: 0.8923849267885089
  view-data: 0.8756275689229369
