times:
  edit-metadata: 3.3240710124373436
  landing: 1.4575041458010674
  view-data: 1.1201320011168718
