times:
  edit-metadata: 1.530318321660161
  landing: 0.8388340137898922
  view-data: 0.6714960634708405
