times:
  edit-metadata: 1.6494187582284212
  landing: 0.8710577450692654
  view-data: 0.747372635640204
