times:
  edit-metadata: 2.558245315012755
  landing: 0.0447963600163348
  view-data: 1.8706519459956326
