times:
  edit-metadata: 1.5368650257587433
  landing: 1.784942116588354
  view-data: 3.439806565642357
