times:
  edit-metadata: 1.5097525138407946
  landing: 0.8761962000280619
  view-data: 0.8925159648060799
