times:
  edit-metadata: 1.6070457212626934
  landing: 0.9964524302631617
  view-data: 0.8581920117139816
