times:
  edit-metadata: 1.5679129362106323
  landing: 1.1488013118505478
  view-data: 1.0884081814438105
