times:
  edit-metadata: 1.5890249819494784
  landing: 0.899743361864239
  view-data: 0.8819734076969326
