times:
  edit-metadata: 2.5447428771294653
  landing: 0.0638065820094198
  view-data: 1.1297660800628364
