times:
  edit-metadata: 2.6747900849441066
  landing: 0.05401585390791297
  view-data: 0.5937326599378139
