times:
  edit-metadata: 1.5047976039350033
  landing: 0.8153436742722988
  view-data: 3.3230368234217167
