times:
  edit-metadata: 1.446467311005108
  landing: 1.2459035740466788
  view-data: 0.8845924750203267
