times:
  edit-metadata: 1.4315698966383934
  landing: 0.9497130885720253
  view-data: 3.3262303322553635
