times:
  edit-metadata: 1.9391428083181381
  landing: 1.6537587381899357
  view-data: 3.6544333174824715
