times:
  edit-metadata: 1.5562956184148788
  landing: 0.7986954934895039
  view-data: 0.7321347631514072
