times:
  edit-metadata: 2.665916988858953
  landing: 0.06326209311373532
  view-data: 0.7468502770643681
