times:
  edit-metadata: 1.4829904809594154
  landing: 0.8364349231123924
  view-data: 0.7862545885145664
