times:
  edit-metadata: 1.7520582266151905
  landing: 1.419149026274681
  view-data: 3.3652671314775944
