times:
  edit-metadata: 1.4833793714642525
  landing: 0.9497681558132172
  view-data: 3.3782165683805943
