times:
  edit-metadata: 2.584928536998632
  landing: 0.05974917800631374
  view-data: 0.4962027869987651
