times:
  edit-metadata: 1.5928402729332447
  landing: 0.9678473388776183
  view-data: 0.8865713542327285
