times:
  edit-metadata: 1.4500131756067276
  landing: 0.8512965962290764
  view-data: 3.239339515566826
