times:
  edit-metadata: 2.5220801818650216
  landing: 0.04586793901398778
  view-data: 0.6327685401774943
