times:
  edit-metadata: 1.3998906575143337
  landing: 0.8261933773756027
  view-data: 0.7941745407879353
