times:
  edit-metadata: 1.5861312793567777
  landing: 0.97132204240188
  view-data: 0.8624460860155523
