times:
  edit-metadata: 2.1475692205131054
  landing: 1.1568328030407429
  view-data: 3.4761394262313843
