times:
  edit-metadata: 1.4148893468081951
  landing: 0.9443761631846428
  view-data: 3.2556679882109165
