times:
  edit-metadata: 1.536170918494463
  landing: 1.0695897713303566
  view-data: 0.7543672788888216
