times:
  edit-metadata: 1.6678256466984749
  landing: 1.1789574697613716
  view-data: 3.34297689050436
