times:
  edit-metadata: 1.4353646859526634
  landing: 1.0785911306738853
  view-data: 3.31282265111804
