times:
  edit-metadata: 1.4662004290148616
  landing: 1.0241046538576484
  view-data: 0.7153530903160572
