times:
  edit-metadata: 1.535228295251727
  landing: 1.1161753293126822
  view-data: 0.8605567272752523
