times:
  edit-metadata: 2.62582300696522
  landing: 0.052359928959049284
  view-data: 0.46794193401001394
