times:
  edit-metadata: 1.4321933165192604
  landing: 1.0086475871503353
  view-data: 3.350486606359482
