times:
  edit-metadata: 1.528901495039463
  landing: 0.8592476863414049
  view-data: 0.7626097407191992
