times:
  edit-metadata: 1.5649257190525532
  landing: 1.1249233111739159
  view-data: 3.396812941879034
