times:
  edit-metadata: 1.5260809119790792
  landing: 0.7967195175588131
  view-data: 0.9313262365758419
