times:
  edit-metadata: 1.4023335836827755
  landing: 1.0091789476573467
  view-data: 3.3328977413475513
