times:
  edit-metadata: 2.5708345498424023
  landing: 0.06334952707402408
  view-data: 0.6410205068532377
