times:
  edit-metadata: 1.5499699003994465
  landing: 1.14609969034791
  view-data: 3.401473505422473
