times:
  edit-metadata: 1.8310539536178112
  landing: 1.1964797917753458
  view-data: 0.7860810626298189
