times:
  edit-metadata: 1.49733217805624
  landing: 1.0080862706527114
  view-data: 0.7004877319559455
