times:
  edit-metadata: 2.1258576922118664
  landing: 1.2014861553907394
  view-data: 3.3732444792985916
