times:
  edit-metadata: 1.378613367676735
  landing: 1.0159624982625246
  view-data: 0.8093031514436007
