times:
  edit-metadata: 1.8772197728976607
  landing: 0.9559267219156027
  view-data: 0.8047029236331582
