times:
  edit-metadata: 1.4178161546587944
  landing: 0.8546751271933317
  view-data: 0.7241220064461231
