times:
  edit-metadata: 1.7487704679369926
  landing: 0.8988584354519844
  view-data: 0.7857106924057007
