times:
  edit-metadata: 1.6402199156582355
  landing: 0.9435396939516068
  view-data: 3.3414666317403316
