times:
  edit-metadata: 2.5840267464518547
  landing: 1.1800547391176224
  view-data: 3.4263379126787186
