times:
  edit-metadata: 1.5152999944984913
  landing: 1.122947320342064
  view-data: 3.381046961992979
