times:
  edit-metadata: 2.6069095199927688
  landing: 0.07084495201706886
  view-data: 0.6130328539293259
