times:
  edit-metadata: 2.386159813962877
  landing: 1.3668534653261304
  view-data: 3.555421194061637
