times:
  edit-metadata: 1.528838373720646
  landing: 0.9348023943603039
  view-data: 0.7219483554363251
