times:
  edit-metadata: 1.3957674615085125
  landing: 0.9177098199725151
  view-data: 3.361221596598625
