times:
  edit-metadata: 2.078615291044116
  landing: 1.4387809894979
  view-data: 1.285319620743394
