times:
  edit-metadata: 1.4905787277966738
  landing: 0.8314488008618355
  view-data: 0.76090994104743
