times:
  edit-metadata: 2.5864521009789314
  landing: 0.051327719003893435
  view-data: 1.6162293620000128
