times:
  edit-metadata: 2.2864777632057667
  landing: 1.4951745234429836
  view-data: 3.4735248163342476
