times:
  edit-metadata: 2.57403560297098
  landing: 0.058142079040408134
  view-data: 1.2455337280407548
