times:
  edit-metadata: 1.5382390290033072
  landing: 0.8781324699521065
  view-data: 0.6809930809540674
