times:
  edit-metadata: 1.4180045761168003
  landing: 1.016907274723053
  view-data: 3.450908686965704
