times:
  edit-metadata: 3.6348292981274426
  landing: 0.06624482898041606
  view-data: 0.6460305049549788
