times:
  edit-metadata: 1.4295834936201572
  landing: 0.9341836199164391
  view-data: 0.7187085226178169
