times:
  edit-metadata: 1.525660052895546
  landing: 0.8087333589792252
  view-data: 3.3922272324562073
