times:
  edit-metadata: 2.511831979965791
  landing: 0.0637441270519048
  view-data: 0.6104316290002316
