times:
  edit-metadata: 2.668785285030026
  landing: 0.05326643603621051
  view-data: 0.5985153840156272
