times:
  edit-metadata: 2.6665362021885812
  landing: 0.050472741946578026
  view-data: 0.691245888825506
