times:
  edit-metadata: 2.596694297157228
  landing: 0.045411803759634495
  view-data: 0.6343661523424089
