times:
  edit-metadata: 1.3483308628201485
  landing: 0.9017100036144257
  view-data: 3.327911004424095
