times:
  edit-metadata: 2.822627291083336
  landing: 2.089393302798271
  view-data: 3.9819220043718815
