times:
  edit-metadata: 2.5843570991419256
  landing: 0.05150465527549386
  view-data: 0.4731679642572999
