times:
  edit-metadata: 2.626917567802593
  landing: 0.049730401020497084
  view-data: 0.6092370972037315
