times:
  edit-metadata: 1.5550439400831237
  landing: 0.8504222230985761
  view-data: 0.8452709369594231
