times:
  edit-metadata: 1.4462967631407082
  landing: 0.9255472351796925
  view-data: 0.79821941209957
