times:
  edit-metadata: 1.7956059873104095
  landing: 0.9769961796700954
  view-data: 0.7455910313874483
