times:
  edit-metadata: 1.5389880184084177
  landing: 0.8446050109341741
  view-data: 0.7374738110229373
