times:
  edit-metadata: 1.598812460899353
  landing: 1.0126440674066544
  view-data: 0.6727265324443579
