times:
  edit-metadata: 2.590896056033671
  landing: 1.7971531893126667
  view-data: 0.956591703929007
