times:
  edit-metadata: 3.0076798163354397
  landing: 1.2261992432177067
  view-data: 3.4086259864270687
