times:
  edit-metadata: 1.426797777414322
  landing: 0.9138654582202435
  view-data: 0.7886008825153112
