times:
  edit-metadata: 1.5261093419976532
  landing: 1.007158625870943
  view-data: 0.709174107760191
