times:
  edit-metadata: 2.6296547730453312
  landing: 0.06101435795426369
  view-data: 0.6034102798439562
