times:
  edit-metadata: 1.7646607514470816
  landing: 0.9325617104768753
  view-data: 0.9480802826583385
