times:
  edit-metadata: 1.4671755768358707
  landing: 1.0466390177607536
  view-data: 3.320549238473177
