times:
  edit-metadata: 2.599170113000582
  landing: 0.05876202099989314
  view-data: 0.48421018900080526
