times:
  edit-metadata: 2.2905132845044136
  landing: 1.384369251318276
  view-data: 3.5043563852086663
