times:
  edit-metadata: 2.602291186049115
  landing: 0.050832783977966756
  view-data: 0.6005739719839767
