times:
  edit-metadata: 1.4630416668951511
  landing: 0.909685892984271
  view-data: 0.7035755440592766
