times:
  edit-metadata: 2.633095601107925
  landing: 0.05101161799393594
  view-data: 0.6437452519312501
