times:
  edit-metadata: 1.5632329117506742
  landing: 0.8852036092430353
  view-data: 0.8722491897642612
