times:
  edit-metadata: 1.6396067780442536
  landing: 0.8549814140424132
  view-data: 1.122575941029936
