times:
  edit-metadata: 2.621452677063644
  landing: 0.04549273103475571
  view-data: 0.6259311637841165
