times:
  edit-metadata: 1.4732280489988625
  landing: 0.9314154027961195
  view-data: 0.8458636831492186
