times:
  edit-metadata: 1.9033493299793918
  landing: 0.06976900299196132
  view-data: 0.3069829879968893
