times:
  edit-metadata: 1.6089401561766863
  landing: 0.04014171101152897
  view-data: 0.2422471148893237
