times:
  edit-metadata: 4.607993841171265
  landing: 0.05600063502788544
  view-data: 0.31168886087834835
