times:
  edit-metadata: 1.6340212486684322
  landing: 0.874247919768095
  view-data: 3.484084092080593
