times:
  edit-metadata: 2.497703899163753
  landing: 0.13614014210179448
  view-data: 0.26218328112736344
