times:
  edit-metadata: 2.3807026306167245
  landing: 1.1506761210039258
  view-data: 4.082644570618868
