times:
  landing: 1.0805201509999733
  view-data: 0.5662114020000217
