times:
  edit-metadata: 4.026852782815695
  landing: 0.6008269153535366
  view-data: 0.39948386512696743
