times:
  edit-metadata: 2.8687426580581814
  landing: 0.04492064705118537
  view-data: 0.24171282211318612
