times:
  edit-metadata: 1.4880889132618904
  landing: 0.8824132941663265
  view-data: 3.3502230904996395
