times:
  edit-metadata: 1.9173648478463292
  landing: 0.0661687939427793
  view-data: 0.41957348911091685
