times:
  edit-metadata: 3.2876311615109444
  landing: 0.19776621088385582
  view-data: 0.35581094957888126
