times:
  landing: 0.5524354660000199
  view-data: 0.548316237999984
