times:
  edit-metadata: 3.7295380495488644
  landing: 0.040113579481840134
  view-data: 0.2833435498178005
