times:
  edit-metadata: 4.195373255759478
  landing: 1.26761525683105
  view-data: 0.5246214717626572
