times:
  edit-metadata: 1.5573994889855385
  landing: 0.9646389558911324
  view-data: 3.42746901512146
