times:
  edit-metadata: 1.8624050000216812
  landing: 0.07176224701106548
  view-data: 0.29413002799265087
