times:
  landing: 1.0967327759999534
  view-data: 0.5506608139999116
