times:
  edit-metadata: 1.64318657387048
  landing: 0.03980102203786373
  view-data: 0.26251976005733013
