times:
  edit-metadata: 3.0447822101414204
  landing: 1.375482864677906
  view-data: 3.7730431854724884
