times:
  edit-metadata: 3.036701239005197
  landing: 0.052016670000739396
  view-data: 0.24386496999068186
