times:
  landing: 1.0723467939999978
  view-data: 0.5608591129999922
