times:
  edit-metadata: 1.5836068913340569
  landing: 0.9219507128000259
  view-data: 3.402670094743371
