times:
  edit-metadata: 2.9255152590048965
  landing: 0.045965725992573425
  view-data: 0.25145139699452557
