times:
  landing: 0.5556866630000172
  view-data: 0.5586326270000086
