times:
  edit-metadata: 1.4442140832543373
  landing: 0.880487784743309
  view-data: 3.3620150834321976
