times:
  edit-metadata: 3.6858322210609913
  landing: 0.04076242819428444
  view-data: 0.2849784679710865
