times:
  edit-metadata: 2.6231025885790586
  landing: 0.021768716163933277
  view-data: 0.023609798401594162
