times:
  edit-metadata: 3.7608873918652534
  landing: 0.04495808482170105
  view-data: 0.2907466031610966
