times:
  edit-metadata: 3.6880113556981087
  landing: 0.049541909247636795
  view-data: 0.2884334698319435
