times:
  edit-metadata: 1.4178420379757881
  landing: 0.9752607150003314
  view-data: 4.200244344072416
