times:
  edit-metadata: 1.3421058859676123
  landing: 0.9949527159333229
  view-data: 3.367570125963539
