times:
  edit-metadata: 3.02782553806901
  landing: 0.2400820553302765
  view-data: 0.12497681193053722
