times:
  landing: 0.5414299180000057
  view-data: 0.5456386669999915
