times:
  edit-metadata: 1.556948658078909
  landing: 0.8411733917891979
  view-data: 3.4091860204935074
