times:
  edit-metadata: 2.2103067128919065
  landing: 0.07343499315902591
  view-data: 0.34281173115596175
