times:
  edit-metadata: 3.112321898341179
  landing: 0.914166858419776
  view-data: 0.25571099668741226
