times:
  edit-metadata: 1.6352155432105064
  landing: 1.0980442501604557
  view-data: 3.4468225315213203
