times:
  landing: 0.5487527760000148
  view-data: 0.5669379720000052
