times:
  edit-metadata: 3.7459454179625027
  landing: 0.05629049602430314
  view-data: 0.2680722009972669
