times:
  edit-metadata: 3.691724441945553
  landing: 0.05726100131869316
  view-data: 0.28520477190613747
