times:
  edit-metadata: 1.8679777677170932
  landing: 0.07525553368031979
  view-data: 0.27196747390553355
