times:
  edit-metadata: 3.7827655114233494
  landing: 0.05356710031628609
  view-data: 0.28558288514614105
