times:
  edit-metadata: 3.006368136033416
  landing: 0.14881369099020958
  view-data: 0.35286129638552666
