times:
  edit-metadata: 4.076266996562481
  landing: 0.6243063844740391
  view-data: 0.2897345554083586
