times:
  edit-metadata: 1.6236680187284946
  landing: 0.037908269092440605
  view-data: 0.25939964270219207
