times:
  landing: 1.1126470410000024
  view-data: 0.5488661370000045
