times:
  edit-metadata: 4.095711400732398
  landing: 0.5769737828522921
  view-data: 0.7016882114112377
