times:
  edit-metadata: 3.4432655535638332
  landing: 0.13214026018977165
  view-data: 0.3466599490493536
