times:
  edit-metadata: 1.4697425086051226
  landing: 0.8594606127589941
  view-data: 3.3859979044646025
