times:
  edit-metadata: 1.8839429289801046
  landing: 0.061565910931676626
  view-data: 0.27254644595086575
