times:
  landing: 1.070916271000101
  view-data: 0.5615707679999105
