times:
  edit-metadata: 2.6385574899613857
  landing: 0.019323919899761677
  view-data: 0.12077485118061304
