times:
  edit-metadata: 4.305199056863785
  landing: 0.5440337751060724
  view-data: 0.2838948294520378
