times:
  edit-metadata: 2.9447092842310667
  landing: 0.13345243595540524
  view-data: 0.3076953459531069
