times:
  edit-metadata: 1.8930932179791853
  landing: 0.07111090095713735
  view-data: 0.27712223399430513
