times:
  landing: 1.0702089689999639
  view-data: 0.5530202829999666
