times:
  edit-metadata: 1.3849206429440528
  landing: 0.8255877010524273
  view-data: 3.2888212150428444
