times:
  landing: 1.1328314990000194
  view-data: 0.560581051999975
