times:
  edit-metadata: 3.895107727497816
  landing: 0.04366679862141609
  view-data: 0.2840563617646694
