times:
  edit-metadata: 3.0158890299499035
  landing: 0.15941939130425453
  view-data: 0.2910431884229183
