times:
  edit-metadata: 2.90051210206002
  landing: 0.09104425180703402
  view-data: 0.42686007311567664
