times:
  edit-metadata: 3.916052781045437
  landing: 0.051807500422000885
  view-data: 0.2837783917784691
