times:
  edit-metadata: 2.7004977269098163
  landing: 0.019788105972111225
  view-data: 0.46502024587243795
