times:
  edit-metadata: 2.7628992120735347
  landing: 0.040630086325109005
  view-data: 0.24469079403206706
