times:
  edit-metadata: 1.9456439055502415
  landing: 0.9404626879841089
  view-data: 3.4154146779328585
