times:
  edit-metadata: 1.5857607163488865
  landing: 1.0194051340222359
  view-data: 3.4327107779681683
