times:
  edit-metadata: 3.7786792926490307
  landing: 0.041458532214164734
  view-data: 0.2901790291070938
