times:
  landing: 0.5435300909999796
  view-data: 0.5547192150000342
