times:
  edit-metadata: 1.565689392387867
  landing: 0.9904109351336956
  view-data: 3.4554975256323814
