times:
  edit-metadata: 2.6464519603177905
  landing: 0.02290093805640936
  view-data: 0.44302948471158743
