times:
  edit-metadata: 1.9612842019996606
  landing: 0.04920789600009812
  view-data: 0.27965444299979936
