times:
  edit-metadata: 2.833710744045675
  landing: 0.05127074709162116
  view-data: 0.2553335879929364
