times:
  edit-metadata: 3.6485864967107773
  landing: 0.04953353852033615
  view-data: 0.293969240039587
