times:
  edit-metadata: 1.974730510264635
  landing: 1.0805756524205208
  view-data: 3.4461876526474953
