times:
  edit-metadata: 2.8968061432242393
  landing: 0.13636390678584576
  view-data: 0.2929954119026661
