times:
  edit-metadata: 2.662527888081968
  landing: 0.1743393847718835
  view-data: 0.1997925564646721
