times:
  edit-metadata: 2.3601763281039894
  landing: 0.14066842896863818
  view-data: 0.3274033600464463
