times:
  landing: 0.5493737430000465
  view-data: 0.5530408910000233
