times:
  edit-metadata: 1.8628920149931218
  landing: 0.07205576100386679
  view-data: 0.4134489049902186
