times:
  landing: 0.5555904989999476
  view-data: 0.5516674510000144
