times:
  landing: 0.5642334510000069
  view-data: 0.5603237280000144
