times:
  edit-metadata: 2.6262343116104603
  landing: 0.14070433378219604
  view-data: 0.12923181056976318
