times:
  edit-metadata: 1.8976357490755618
  landing: 0.06951630814000964
  view-data: 0.28465702990069985
