times:
  edit-metadata: 4.031625110656023
  landing: 0.5134651865810156
  view-data: 0.2832230981439352
