times:
  edit-metadata: 1.7011764999479055
  landing: 0.04852708708494902
  view-data: 0.2508710715919733
