times:
  edit-metadata: 3.3695117197930813
  landing: 0.27961823157966137
  view-data: 0.3506026864051819
