times:
  edit-metadata: 1.673409666866064
  landing: 0.04922994878143072
  view-data: 0.26150352880358696
