times:
  landing: 0.5732831230000102
  view-data: 0.5583702529999641
