times:
  edit-metadata: 4.029542488977313
  landing: 0.8215428683906794
  view-data: 0.31367536447942257
