times:
  landing: 1.1142444430000182
  view-data: 0.5516245430000026
