times:
  edit-metadata: 1.6465948610566556
  landing: 0.04250193294137716
  view-data: 0.2558991271071136
