times:
  edit-metadata: 1.3766513541340828
  landing: 0.7815434848889709
  view-data: 3.366584165021777
