times:
  landing: 0.5550404859999958
  view-data: 0.5677905640000063
