times:
  edit-metadata: 3.034246982075274
  landing: 0.05299450014717877
  view-data: 0.2575455449987203
