times:
  edit-metadata: 2.841319694998674
  landing: 0.0411327000183519
  view-data: 0.24627804500050843
