times:
  edit-metadata: 1.7402586871758103
  landing: 0.9603055464103818
  view-data: 3.509336640127003
