times:
  edit-metadata: 1.5594531754031777
  landing: 0.8991820029914379
  view-data: 3.365464205853641
