times:
  edit-metadata: 3.256161411292851
  landing: 0.40803398936986923
  view-data: 0.037941754795610905
