times:
  edit-metadata: 2.737750655040145
  landing: 0.22886566445231438
  view-data: 0.02481773030012846
