times:
  landing: 0.5509806690000119
  view-data: 0.5539974409999786
