times:
  edit-metadata: 4.0814370438456535
  landing: 0.5744193028658628
  view-data: 0.40206835232675076
