times:
  edit-metadata: 1.6140077589079738
  landing: 0.8747650040313601
  view-data: 3.3472153027541935
