times:
  edit-metadata: 3.750163022428751
  landing: 0.04510602355003357
  view-data: 0.28742028027772903
