times:
  edit-metadata: 1.5030711041763425
  landing: 0.8416291791945696
  view-data: 3.384895760565996
