times:
  edit-metadata: 1.6748920227400959
  landing: 0.04263464082032442
  view-data: 0.24488182086497545
