times:
  edit-metadata: 4.243540398776531
  landing: 0.6373064052313566
  view-data: 0.4453751817345619
