times:
  edit-metadata: 2.6425349852070212
  landing: 0.11570918187499046
  view-data: 0.02511351928114891
