times:
  edit-metadata: 3.836530465632677
  landing: 0.045125555247068405
  view-data: 0.29862115904688835
