times:
  edit-metadata: 2.642489611171186
  landing: 0.022940365597605705
  view-data: 0.2463974431157112
