times:
  landing: 0.5544066669999665
  view-data: 0.5591200659999913
