times:
  edit-metadata: 2.9337484799325466
  landing: 0.024042684584856033
  view-data: 0.12653189711272717
