times:
  edit-metadata: 2.6605133982375264
  landing: 0.02077877428382635
  view-data: 0.39900877233594656
