times:
  edit-metadata: 1.665009411983192
  landing: 0.04067436512559652
  view-data: 0.2666097963228822
