times:
  edit-metadata: 2.6814979715272784
  landing: 0.019361420534551144
  view-data: 0.45285626593977213
