times:
  edit-metadata: 1.3298368155956268
  landing: 0.758170660585165
  view-data: 3.296713512390852
