times:
  edit-metadata: 3.5946508422493935
  landing: 0.027100281789898872
  view-data: 0.34408341720700264
