times:
  edit-metadata: 1.6823121700435877
  landing: 0.04514850024133921
  view-data: 0.24370483681559563
