times:
  edit-metadata: 3.1027638018131256
  landing: 0.021219633519649506
  view-data: 0.124555928632617
