times:
  landing: 0.5513009370000077
  view-data: 0.048700626000027114
