times:
  edit-metadata: 2.407578478101641
  landing: 0.07757121184840798
  view-data: 0.28623806964606047
