times:
  edit-metadata: 2.447214169893414
  landing: 0.1179847726598382
  view-data: 0.35497973393648863
