times:
  landing: 0.5417168969999011
  view-data: 0.5479335859999992
