times:
  edit-metadata: 2.894213054329157
  landing: 0.018398071639239788
  view-data: 0.12336183246225119
