times:
  edit-metadata: 2.662614825181663
  landing: 0.23370876256376505
  view-data: 0.12402815278619528
