times:
  edit-metadata: 3.234020359814167
  landing: 0.1372315939515829
  view-data: 0.5518872551620007
