times:
  edit-metadata: 2.911379424855113
  landing: 0.05017458810470998
  view-data: 0.24369746609590948
