times:
  edit-metadata: 1.5526220593601465
  landing: 0.8084187135100365
  view-data: 3.410638863220811
