times:
  edit-metadata: 3.009351022017654
  landing: 0.02548377704806626
  view-data: 0.029925759008619934
