times:
  edit-metadata: 1.9616905800066888
  landing: 0.06612257286906242
  view-data: 0.2825493412092328
