times:
  edit-metadata: 1.8159270603209734
  landing: 0.05519053805619478
  view-data: 0.24259488191455603
