times:
  landing: 0.5567912590000219
  view-data: 0.05626006300002473
