times:
  edit-metadata: 1.4472820833325386
  landing: 0.7351231798529625
  view-data: 3.273217737674713
