times:
  landing: 1.0705960110000206
  view-data: 0.5577205319999621
