times:
  edit-metadata: 1.628447063267231
  landing: 1.0218172334134579
  view-data: 3.3988194540143013
