times:
  edit-metadata: 2.815050356090069
  landing: 1.4775725826621056
  view-data: 3.4745557541027665
