times:
  edit-metadata: 1.4584266748279333
  landing: 0.8473417079076171
  view-data: 3.4085869062691927
