times:
  edit-metadata: 1.3053348389221355
  landing: 0.837301232968457
  view-data: 3.309217219008133
