times:
  edit-metadata: 2.9706017568241805
  landing: 0.05799884791485965
  view-data: 0.24234424903988838
