times:
  edit-metadata: 1.668222933076322
  landing: 0.04513975977897644
  view-data: 0.25959611497819424
