times:
  landing: 0.5623203720000447
  view-data: 0.5734751749999987
