times:
  edit-metadata: 3.78929715231061
  landing: 0.04549448564648628
  view-data: 0.29047124460339546
