times:
  edit-metadata: 3.0906727723777294
  landing: 0.5470460243523121
  view-data: 0.24407413229346275
