times:
  edit-metadata: 3.047974181128666
  landing: 0.04537154617719352
  view-data: 0.2466638060286641
