times:
  edit-metadata: 1.862472273875028
  landing: 0.07145076990127563
  view-data: 0.27879596408456564
