times:
  edit-metadata: 4.1744195111095905
  landing: 0.04768650233745575
  view-data: 0.333424661308527
