times:
  edit-metadata: 3.2584093168843538
  landing: 0.05618308298289776
  view-data: 0.30184266809374094
