times:
  edit-metadata: 3.7720443345606327
  landing: 0.2354009747505188
  view-data: 0.02454380691051483
