times:
  edit-metadata: 1.6163925719447434
  landing: 0.04392665158957243
  view-data: 0.25104399491101503
