times:
  edit-metadata: 2.025197416951414
  landing: 0.05199675599578768
  view-data: 0.2698009859886952
