times:
  landing: 0.5503645030000257
  view-data: 0.5537885130000006
