times:
  edit-metadata: 1.4388024546205997
  landing: 0.8585625924170017
  view-data: 3.368568729609251
