times:
  edit-metadata: 2.976601687958464
  landing: 0.04953523096628487
  view-data: 0.26260057906620204
