times:
  edit-metadata: 3.2123663257807493
  landing: 0.021199362352490425
  view-data: 0.31526345759630203
