times:
  edit-metadata: 1.6438912849407643
  landing: 0.9388777399435639
  view-data: 3.3676834439393133
