times:
  edit-metadata: 3.6544694043695927
  landing: 0.04547180235385895
  view-data: 0.28264740854501724
