times:
  edit-metadata: 1.5464835166931152
  landing: 0.9650347679853439
  view-data: 3.3705579675734043
