times:
  edit-metadata: 2.8603406250476837
  landing: 0.040484901051968336
  view-data: 0.23917646706104279
