times:
  edit-metadata: 1.8643168029375374
  landing: 0.0646505351178348
  view-data: 0.2861595959402621
