times:
  edit-metadata: 4.215356927365065
  landing: 6.844250448048115
  view-data: 0.855901911854744
