times:
  edit-metadata: 1.6153696468099952
  landing: 0.04005583934485912
  view-data: 0.2650629160925746
