times:
  edit-metadata: 4.027233323082328
  landing: 2.1208710353821516
  view-data: 0.6978814508765936
