times:
  edit-metadata: 4.102886712178588
  landing: 0.679538793861866
  view-data: 0.3897528424859047
