times:
  edit-metadata: 2.6329695815220475
  landing: 0.019558577798306942
  view-data: 0.12485790625214577
