times:
  edit-metadata: 4.173033408820629
  landing: 0.6763885915279388
  view-data: 0.3014396205544472
