times:
  edit-metadata: 1.5593392960727215
  landing: 0.8513252511620522
  view-data: 3.434364937245846
