times:
  edit-metadata: 2.6369414003565907
  landing: 0.19209644850343466
  view-data: 0.12319284863770008
