times:
  edit-metadata: 4.1939035933464766
  landing: 0.6816248539835215
  view-data: 0.29142207838594913
