times:
  edit-metadata: 1.4273293539881706
  landing: 0.9024334214627743
  view-data: 3.319028288125992
