times:
  edit-metadata: 3.1617397852241993
  landing: 1.0437955912202597
  view-data: 0.3949471786618233
