times:
  landing: 0.557139047000021
  view-data: 0.5640140869999755
