times:
  landing: 1.0741653079999196
  view-data: 0.5601449199999706
