times:
  landing: 0.5572973170000068
  view-data: 0.5651098310000293
