times:
  edit-metadata: 2.020257303956896
  landing: 0.06700834026560187
  view-data: 0.27677088184282184
