times:
  edit-metadata: 1.4141270369291306
  landing: 0.7866688743233681
  view-data: 3.35964372754097
