times:
  edit-metadata: 1.550612397491932
  landing: 0.8637930154800415
  view-data: 3.416990650817752
