times:
  edit-metadata: 2.816015032120049
  landing: 0.041887066792696714
  view-data: 0.24659764487296343
