times:
  edit-metadata: 1.4881192846223712
  landing: 0.9024194004014134
  view-data: 3.2623924454674125
