times:
  edit-metadata: 1.3058024486526847
  landing: 0.8037795377895236
  view-data: 3.3252724735066295
