times:
  edit-metadata: 1.5597519557923079
  landing: 0.7793740164488554
  view-data: 3.4042732883244753
