times:
  landing: 0.5505799279999906
  view-data: 0.5582996200000139
