times:
  edit-metadata: 1.8793816862162203
  landing: 0.0581636989954859
  view-data: 0.5309939079452306
