times:
  edit-metadata: 1.6005828138440847
  landing: 0.04895347822457552
  view-data: 0.24537667399272323
