times:
  edit-metadata: 1.4840832985937595
  landing: 0.8469353877007961
  view-data: 3.2875261418521404
