times:
  edit-metadata: 1.6468197437934577
  landing: 0.044165598694235086
  view-data: 0.2412944408133626
