times:
  edit-metadata: 1.4037854969501495
  landing: 1.1184970773756504
  view-data: 0.6733423136174679
