times:
  edit-metadata: 2.6757110375910997
  landing: 0.02110973186790943
  view-data: 0.1234033228829503
