times:
  edit-metadata: 4.057855650782585
  landing: 1.1058615446090698
  view-data: 0.7022336013615131
