times:
  edit-metadata: 4.003316920250654
  landing: 0.30441485717892647
  view-data: 0.4184773564338684
