times:
  landing: 0.5603357190000224
  view-data: 0.5709091269999931
