times:
  edit-metadata: 1.8737519679125398
  landing: 0.07849968108348548
  view-data: 0.2849891120567918
