times:
  edit-metadata: 1.566102382959798
  landing: 1.0086513640126213
  view-data: 3.276720579015091
