times:
  edit-metadata: 2.959086106857285
  landing: 0.04099286603741348
  view-data: 0.2461471778806299
