times:
  edit-metadata: 4.768487645313144
  landing: 0.13554442301392555
  view-data: 0.502970740199089
