times:
  edit-metadata: 2.660007741302252
  landing: 0.025243043899536133
  view-data: 0.025951603427529335
