times:
  edit-metadata: 2.7800695640034974
  landing: 0.05138479801826179
  view-data: 0.25381770508829504
