times:
  edit-metadata: 3.2417925000190735
  landing: 0.13302327506244183
  view-data: 0.1492745839059353
