times:
  edit-metadata: 1.662795620970428
  landing: 0.04029930895194411
  view-data: 0.25448332028463483
