times:
  edit-metadata: 3.989526564255357
  landing: 0.6864511966705322
  view-data: 0.5108575467020273
