times:
  edit-metadata: 2.998558191000484
  landing: 0.04772761499043554
  view-data: 0.24333319393917918
