times:
  edit-metadata: 1.6451744069345295
  landing: 0.04602920915931463
  view-data: 0.24694722006097436
