times:
  edit-metadata: 2.819930942961946
  landing: 0.03795787994749844
  view-data: 0.24626022879965603
