times:
  edit-metadata: 1.5566942058503628
  landing: 0.8801642097532749
  view-data: 3.334434889256954
