times:
  edit-metadata: 3.050112407654524
  landing: 0.1957616601139307
  view-data: 0.02605602890253067
