times:
  landing: 0.5753795869999863
  view-data: 0.5627662470000132
