times:
  landing: 0.5491983990000335
  view-data: 0.5579179429998931
