times:
  edit-metadata: 1.6384248929098248
  landing: 0.04063563561066985
  view-data: 0.239446512889117
