times:
  edit-metadata: 2.840554813039489
  landing: 0.04263655096292496
  view-data: 0.24932248098775744
