times:
  edit-metadata: 1.5516012459993362
  landing: 0.997091181576252
  view-data: 3.355071408674121
