times:
  landing: 0.55025499300001
  view-data: 0.562558097999954
