times:
  edit-metadata: 2.5723358327522874
  landing: 0.021851208060979843
  view-data: 0.024562195874750614
