times:
  landing: 0.5542502579999962
  view-data: 0.5519037290000028
