times:
  edit-metadata: 4.285208996385336
  landing: 2.14394848048687
  view-data: 4.353503402322531
