times:
  edit-metadata: 4.020340859889984
  landing: 0.6723618768155575
  view-data: 0.7111795265227556
