times:
  edit-metadata: 1.6444667438045144
  landing: 0.042004702147096395
  view-data: 0.24460639571771026
