times:
  edit-metadata: 1.7215078808367252
  landing: 1.1403667367994785
  view-data: 3.4216026328504086
