times:
  edit-metadata: 3.2506761290133
  landing: 0.023881934583187103
  view-data: 0.376812731847167
