times:
  edit-metadata: 1.953655099030584
  landing: 0.06441543507389724
  view-data: 0.2755009669344872
