times:
  edit-metadata: 1.5385190397500992
  landing: 1.0969303771853447
  view-data: 3.3708395212888718
