times:
  landing: 1.0814039939999702
  view-data: 0.054201579000050515
