times:
  edit-metadata: 2.6744624404236674
  landing: 0.13537071831524372
  view-data: 0.20486612804234028
