times:
  edit-metadata: 1.4663353599607944
  landing: 0.8231602506712079
  view-data: 3.3492019372060895
