times:
  landing: 0.5656353830000285
  view-data: 0.5758950999999684
