times:
  edit-metadata: 3.0100977793335915
  landing: 0.16946239955723286
  view-data: 0.10386508516967297
