times:
  edit-metadata: 3.6673448123037815
  landing: 0.04399639368057251
  view-data: 0.28476307541131973
