times:
  edit-metadata: 2.8875167979858816
  landing: 0.04128609783947468
  view-data: 0.2407264201901853
