times:
  edit-metadata: 1.8991744830273092
  landing: 0.07269229297526181
  view-data: 0.27886836300604045
