times:
  edit-metadata: 3.7727380506694317
  landing: 0.044506486505270004
  view-data: 0.29337918385863304
