times:
  edit-metadata: 2.6535513950511813
  landing: 0.019795439206063747
  view-data: 0.4702540636062622
