times:
  edit-metadata: 3.369296023622155
  landing: 0.021281108260154724
  view-data: 0.37709526158869267
