times:
  edit-metadata: 1.8313639600528404
  landing: 0.0689694209722802
  view-data: 0.28281787200830877
