times:
  edit-metadata: 2.6710101906210184
  landing: 0.024361811578273773
  view-data: 0.43894252367317677
