times:
  edit-metadata: 2.977279791608453
  landing: 0.14523909240961075
  view-data: 0.025324780493974686
