times:
  edit-metadata: 3.751931069418788
  landing: 0.9196589644998312
  view-data: 0.515974136069417
