times:
  edit-metadata: 2.9107505921274424
  landing: 0.7278144955635071
  view-data: 0.24664363265037537
