times:
  edit-metadata: 3.0619630590081215
  landing: 0.418314341455698
  view-data: 0.2673790883272886
