times:
  edit-metadata: 1.955874006031081
  landing: 0.06758753187023103
  view-data: 0.27071264293044806
