times:
  edit-metadata: 1.5637269392609596
  landing: 0.8472690880298615
  view-data: 3.433211037889123
