times:
  edit-metadata: 1.5876942165195942
  landing: 0.8342933878302574
  view-data: 3.454419331625104
