times:
  edit-metadata: 1.6237073293887079
  landing: 0.044833903666585684
  view-data: 0.24975504586473107
