times:
  edit-metadata: 1.423666074872017
  landing: 0.8221714198589325
  view-data: 3.296940041705966
