times:
  edit-metadata: 4.056118385866284
  landing: 0.044048912823200226
  view-data: 0.2856036201119423
