times:
  edit-metadata: 1.8367973882704973
  landing: 0.0748812542296946
  view-data: 0.24057918321341276
