times:
  edit-metadata: 2.642123685218394
  landing: 0.09685626719146967
  view-data: 0.02485122811049223
