times:
  landing: 0.5517125050000118
  view-data: 0.5573306269999989
