times:
  edit-metadata: 1.4772298326715827
  landing: 0.8675711574032903
  view-data: 3.385580531321466
