times:
  edit-metadata: 1.3090383568778634
  landing: 0.7698666322976351
  view-data: 3.2388703851029277
