times:
  edit-metadata: 2.9901953730732203
  landing: 0.14752884022891521
  view-data: 0.3669409230351448
