times:
  edit-metadata: 1.4800060000270605
  landing: 0.9863695297390223
  view-data: 3.2887722738087177
