times:
  edit-metadata: 3.9025358500075527
  landing: 0.08988556900294498
  view-data: 0.30675262602744624
