times:
  landing: 1.600079232999974
  view-data: 0.5564685940000231
