times:
  edit-metadata: 3.7237804029136896
  landing: 0.1789671778678894
  view-data: 0.20049508474767208
