times:
  edit-metadata: 1.6165934749878943
  landing: 0.042484310921281576
  view-data: 0.25067880703136325
