times:
  landing: 0.5486500279999973
  view-data: 0.5507403560000057
