times:
  edit-metadata: 2.709719579666853
  landing: 0.0239398255944252
  view-data: 0.024453461170196533
