times:
  landing: 0.541450258999987
  view-data: 0.549341150000032
