times:
  edit-metadata: 1.6202095160260797
  landing: 0.04016865091398358
  view-data: 0.24960965616628528
