times:
  edit-metadata: 2.7270806171000004
  landing: 0.01904890686273575
  view-data: 0.11709657590836287
