times:
  edit-metadata: 1.9407373890280724
  landing: 0.07252003299072385
  view-data: 0.2701274969149381
