times:
  edit-metadata: 3.076963847503066
  landing: 0.02123313769698143
  view-data: 0.37028620578348637
