times:
  edit-metadata: 1.8514801149722189
  landing: 0.07155117811635137
  view-data: 0.27199853607453406
