times:
  edit-metadata: 1.6344481129199266
  landing: 0.03631602926179767
  view-data: 0.2494073980487883
