times:
  edit-metadata: 3.792988356202841
  landing: 0.05180416628718376
  view-data: 0.2852691747248173
