times:
  edit-metadata: 1.5084808953106403
  landing: 0.7734321672469378
  view-data: 3.3622035142034292
