times:
  edit-metadata: 1.6948585910722613
  landing: 0.04279023315757513
  view-data: 0.2601370890624821
