times:
  edit-metadata: 1.9817637560190633
  landing: 0.07156393595505506
  view-data: 0.2886021120939404
