times:
  landing: 1.0628913879999686
  view-data: 0.5513877369999705
