times:
  landing: 0.5509636689999979
  view-data: 0.5614652319999891
