times:
  edit-metadata: 3.1665419628843665
  landing: 0.020274133421480656
  view-data: 0.025973002426326275
