times:
  edit-metadata: 3.759175606071949
  landing: 0.05201241374015808
  view-data: 0.28907575085759163
