times:
  edit-metadata: 1.4882003841921687
  landing: 0.9963685162365437
  view-data: 3.402830731123686
