times:
  edit-metadata: 2.3225419581867754
  landing: 0.04557492583990097
  view-data: 0.40544642275199294
