times:
  landing: 0.5558705820000114
  view-data: 0.5599059119999765
