times:
  edit-metadata: 3.793268371373415
  landing: 0.052019644528627396
  view-data: 0.2838381417095661
