times:
  edit-metadata: 1.4660520125180483
  landing: 0.9916995670646429
  view-data: 3.4187823478132486
