times:
  edit-metadata: 4.2648972403258085
  landing: 0.05030501447618008
  view-data: 0.2920847740024328
