times:
  edit-metadata: 2.837480784393847
  landing: 0.17306133639067411
  view-data: 0.3902343241497874
