times:
  edit-metadata: 2.6285403361544013
  landing: 0.019865582697093487
  view-data: 0.2199308080598712
