times:
  edit-metadata: 1.4530453905463219
  landing: 0.7387848645448685
  view-data: 3.3108373656868935
