times:
  edit-metadata: 3.763557344675064
  landing: 0.047261957079172134
  view-data: 0.278922364115715
