times:
  edit-metadata: 2.7036383114755154
  landing: 0.020352127961814404
  view-data: 0.026117822155356407
