times:
  landing: 0.5549220259999856
  view-data: 0.5536982179999086
