times:
  edit-metadata: 2.6728657241910696
  landing: 0.02005278877913952
  view-data: 0.12036270182579756
