times:
  edit-metadata: 3.1385012874379754
  landing: 0.11156230978667736
  view-data: 0.04807181563228369
