times:
  edit-metadata: 2.8236124890390784
  landing: 0.045073524001054466
  view-data: 0.25212608999572694
