times:
  edit-metadata: 3.1855463709216565
  landing: 0.05440525209996849
  view-data: 0.2610722059616819
