times:
  edit-metadata: 1.459772105095908
  landing: 0.8455829990562052
  view-data: 3.364658168051392
