times:
  edit-metadata: 2.4962046556174755
  landing: 0.08613979211077094
  view-data: 0.35249908501282334
