times:
  edit-metadata: 1.579015964642167
  landing: 0.7874476239085197
  view-data: 3.4212681595236063
