times:
  edit-metadata: 1.5994793847203255
  landing: 1.0312130711972713
  view-data: 3.3606052733957767
