times:
  edit-metadata: 3.00031565874815
  landing: 0.020923437550663948
  view-data: 0.3069534283131361
