times:
  edit-metadata: 1.6712860642001033
  landing: 0.04704910237342119
  view-data: 0.27320530638098717
