times:
  edit-metadata: 2.9137589000165462
  landing: 0.4084831792861223
  view-data: 0.23870461620390415
