times:
  edit-metadata: 1.463384237140417
  landing: 0.9404370859265327
  view-data: 3.365468855947256
