times:
  edit-metadata: 3.2182003557682037
  landing: 0.24241255968809128
  view-data: 0.38725630193948746
