times:
  edit-metadata: 1.6498144478537142
  landing: 0.03817686764523387
  view-data: 0.24674724461510777
