times:
  edit-metadata: 1.5869009867310524
  landing: 0.9175787679851055
  view-data: 3.331911362707615
