times:
  landing: 0.557614693000005
  view-data: 0.5657956800000079
