times:
  edit-metadata: 2.9821855649352074
  landing: 0.02318722754716873
  view-data: 0.29683066718280315
