times:
  edit-metadata: 4.2530313190072775
  landing: 0.5034254994243383
  view-data: 0.40545251965522766
