times:
  edit-metadata: 3.7594299502670765
  landing: 0.04101276025176048
  view-data: 0.2865948751568794
