times:
  edit-metadata: 3.61226774379611
  landing: 0.053800757974386215
  view-data: 0.28612764552235603
