times:
  edit-metadata: 1.9290101141668856
  landing: 0.07430484797805548
  view-data: 0.2715735640376806
