times:
  edit-metadata: 2.6888397075235844
  landing: 0.22152381855994463
  view-data: 0.1263757050037384
