times:
  edit-metadata: 1.6078601479530334
  landing: 0.8387457877397537
  view-data: 3.317033028230071
