times:
  edit-metadata: 3.2985737714916468
  landing: 0.02020234428346157
  view-data: 0.026327235624194145
