times:
  landing: 1.0788296869999954
  view-data: 0.5630963429999838
