times:
  edit-metadata: 1.6854062066413462
  landing: 0.04350106092169881
  view-data: 0.2545947637408972
