times:
  edit-metadata: 3.3952341359108686
  landing: 0.16752749495208263
  view-data: 0.4062457140535116
