times:
  landing: 0.5487832800000092
  view-data: 0.5530506069999888
