times:
  edit-metadata: 1.5256236419081688
  landing: 0.7850816939026117
  view-data: 3.428898824378848
