times:
  edit-metadata: 1.5554191954433918
  landing: 0.9009062349796295
  view-data: 3.4004712253808975
