times:
  landing: 0.5552356339999278
  view-data: 0.5617160150000018
