times:
  edit-metadata: 3.7951902970671654
  landing: 0.04212129861116409
  view-data: 0.28963519260287285
