times:
  edit-metadata: 1.5927997380495071
  landing: 0.8998316377401352
  view-data: 3.4240980222821236
