times:
  edit-metadata: 3.392479771748185
  landing: 0.20760095119476318
  view-data: 0.17909817956387997
