times:
  edit-metadata: 1.893399910070002
  landing: 0.06761064601596445
  view-data: 0.2819180149817839
