times:
  landing: 1.0688791149999588
  view-data: 0.5498840799999698
