times:
  edit-metadata: 2.641724412329495
  landing: 0.021838304586708546
  view-data: 0.02509128861129284
