times:
  edit-metadata: 3.968902925029397
  landing: 0.5719292126595974
  view-data: 0.7014656439423561
