times:
  edit-metadata: 2.9582698475569487
  landing: 0.2403724007308483
  view-data: 0.33264797180891037
