times:
  edit-metadata: 2.5961174238473177
  landing: 0.021473621018230915
  view-data: 0.12431662809103727
