times:
  edit-metadata: 2.536770955019165
  landing: 0.1185331070155371
  view-data: 0.37879528099438176
