times:
  edit-metadata: 1.5154820568859577
  landing: 0.8217842224985361
  view-data: 3.3908134046941996
