times:
  edit-metadata: 2.64780755341053
  landing: 0.11359201744198799
  view-data: 0.40371285006403923
