times:
  edit-metadata: 1.4438339918851852
  landing: 0.9031464457511902
  view-data: 3.33758657425642
