times:
  edit-metadata: 3.0054805520921946
  landing: 0.5712013114243746
  view-data: 0.6429924722760916
