times:
  edit-metadata: 1.9804740370018408
  landing: 0.0674047420034185
  view-data: 0.29856622299848823
