times:
  landing: 1.076717570000028
  view-data: 0.5553041150000126
