times:
  landing: 0.5505101820000391
  view-data: 0.5577974149999818
