times:
  edit-metadata: 2.0032799320761114
  landing: 0.06864212697837502
  view-data: 0.2784723949152976
