times:
  edit-metadata: 1.483152013272047
  landing: 0.9323569610714912
  view-data: 3.3606325574219227
