times:
  edit-metadata: 1.6631883084774017
  landing: 1.1661957912147045
  view-data: 3.4009906388819218
