times:
  edit-metadata: 2.0292030279524624
  landing: 0.05029633198864758
  view-data: 0.2798556569032371
