times:
  edit-metadata: 1.3835700117051601
  landing: 0.8802240863442421
  view-data: 3.3557242788374424
