times:
  edit-metadata: 2.8325339630246162
  landing: 0.04216158401686698
  view-data: 0.24857442802749574
