times:
  edit-metadata: 1.5054924506694078
  landing: 0.8203133326023817
  view-data: 3.3741868771612644
