times:
  edit-metadata: 1.5961835980415344
  landing: 0.7914702240377665
  view-data: 3.4536797180771828
