times:
  edit-metadata: 1.453896939754486
  landing: 0.9131153114140034
  view-data: 3.3003854528069496
