times:
  landing: 0.553575101999968
  view-data: 0.5532999050000171
