times:
  edit-metadata: 2.8605549019994214
  landing: 0.04305357800330967
  view-data: 0.2513659941032529
