times:
  edit-metadata: 2.634874377399683
  landing: 0.021420476026833057
  view-data: 0.12746554985642433
