times:
  edit-metadata: 4.165114767849445
  landing: 0.5718880202621222
  view-data: 0.2855951562523842
