times:
  edit-metadata: 1.660775089636445
  landing: 0.9551135394722223
  view-data: 3.4710391275584698
