times:
  edit-metadata: 2.6721648536622524
  landing: 0.01895035896450281
  view-data: 0.027099900878965855
