times:
  edit-metadata: 1.5512830838561058
  landing: 0.966969683766365
  view-data: 3.404761541634798
