times:
  edit-metadata: 3.1218950133770704
  landing: 0.14868186973035336
  view-data: 0.14129887893795967
