times:
  edit-metadata: 2.175950209610164
  landing: 1.302373617887497
  view-data: 3.6417676117271185
