times:
  edit-metadata: 1.5348665677011013
  landing: 0.8548476882278919
  view-data: 3.469895351678133
