times:
  edit-metadata: 2.258417305012699
  landing: 0.08070865899208002
  view-data: 0.3203172249777708
