times:
  edit-metadata: 2.978979025967419
  landing: 0.04144990211352706
  view-data: 0.24578395299613476
