times:
  edit-metadata: 1.9326412889640778
  landing: 0.06952291005291045
  view-data: 0.41260293405503035
