times:
  edit-metadata: 1.4716752953827381
  landing: 0.7424725405871868
  view-data: 3.3199863843619823
