times:
  edit-metadata: 4.134369155392051
  landing: 1.2256188038736582
  view-data: 0.3787792231887579
