times:
  edit-metadata: 4.157892411574721
  landing: 0.5809169746935368
  view-data: 0.6850534584373236
