times:
  edit-metadata: 1.5549404583871365
  landing: 0.9416895359754562
  view-data: 3.4454437978565693
