times:
  edit-metadata: 2.870805248967372
  landing: 0.04046641802415252
  view-data: 0.250495639978908
