times:
  edit-metadata: 1.4570054300129414
  landing: 0.9304026514291763
  view-data: 3.319440186023712
