times:
  edit-metadata: 1.6278219353407621
  landing: 0.9009473118931055
  view-data: 3.4755821209400892
