times:
  edit-metadata: 1.6351625127717853
  landing: 0.04526440007612109
  view-data: 0.25019348599016666
