times:
  edit-metadata: 4.065251933410764
  landing: 0.5836081206798553
  view-data: 0.5093296114355326
