times:
  edit-metadata: 1.4468346500070766
  landing: 0.7767675180220976
  view-data: 3.2573206030065194
