times:
  edit-metadata: 4.127776948735118
  landing: 1.1806919537484646
  view-data: 0.6931681726127863
