times:
  edit-metadata: 1.4489668235182762
  landing: 0.7548466045409441
  view-data: 3.3392592556774616
