times:
  edit-metadata: 1.5917147565633059
  landing: 0.8009684421122074
  view-data: 3.4685934726148844
