times:
  edit-metadata: 2.9146220029797405
  landing: 0.05017660208977759
  view-data: 0.24869191308971494
