times:
  edit-metadata: 1.6477117724716663
  landing: 0.04200068488717079
  view-data: 0.2565084910020232
