times:
  edit-metadata: 2.8028647650498897
  landing: 0.046461015939712524
  view-data: 0.24249169998802245
