times:
  edit-metadata: 3.004781611263752
  landing: 0.13685745373368263
  view-data: 0.02390865981578827
