times:
  edit-metadata: 2.9679607541766018
  landing: 0.046604113886132836
  view-data: 0.24066556198522449
