times:
  edit-metadata: 1.9914495800621808
  landing: 0.07052081730216742
  view-data: 0.2685652761720121
