times:
  landing: 0.5583160439999801
  view-data: 0.05637047199999756
