times:
  edit-metadata: 3.074114426970482
  landing: 0.15305420570075512
  view-data: 0.31096063926815987
