times:
  edit-metadata: 1.7104621049948037
  landing: 0.9823514590971172
  view-data: 3.4880562997423112
