times:
  edit-metadata: 1.613033862784505
  landing: 0.040705638006329536
  view-data: 0.2353489133529365
