times:
  landing: 1.0816941209999982
  view-data: 0.5590107539999849
