times:
  edit-metadata: 2.811240153037943
  landing: 0.0459186399821192
  view-data: 0.24569496710319072
