times:
  edit-metadata: 1.6476605720818043
  landing: 0.04647443210706115
  view-data: 0.2466489882208407
