times:
  edit-metadata: 1.6184750436805189
  landing: 0.04532087966799736
  view-data: 0.2488722177222371
