times:
  landing: 0.6378997098654509
  view-data: 0.5408104960806668
