times:
  edit-metadata: 3.2200948484241962
  landing: 0.27103747613728046
  view-data: 0.3578393682837486
