times:
  edit-metadata: 1.7137122717685997
  landing: 0.046742046251893044
  view-data: 0.24608302535489202
