times:
  landing: 2.1199103742837906
  view-data: 0.5974763762205839
