times:
  edit-metadata: 1.533650141209364
  landing: 0.9504802525043488
  view-data: 3.4419568199664354
