times:
  edit-metadata: 1.9152343479800038
  landing: 0.06928175699431449
  view-data: 0.30556747800437734
