times:
  landing: 1.0624435070000118
  view-data: 0.5506970139999794
