times:
  edit-metadata: 4.0196611899882555
  landing: 0.6060147080570459
  view-data: 0.6874398123472929
