times:
  edit-metadata: 2.7058825911954045
  landing: 0.020654494874179363
  view-data: 0.028441867791116238
