times:
  landing: 0.5574741930000187
  view-data: 0.5570526900000345
