times:
  edit-metadata: 2.808730179036502
  landing: 0.04666313895722851
  view-data: 0.24968900997191668
