times:
  edit-metadata: 4.164753871038556
  landing: 0.5692270565778017
  view-data: 0.27913349121809006
