times:
  edit-metadata: 2.655166683718562
  landing: 0.020716102793812752
  view-data: 0.12506079766899347
