times:
  edit-metadata: 2.8404586830874905
  landing: 0.051612911047413945
  view-data: 0.2433369099162519
