times:
  edit-metadata: 4.087445393204689
  landing: 0.5665462128818035
  view-data: 0.6889148075133562
