times:
  edit-metadata: 1.90340007096529
  landing: 0.07402460393495858
  view-data: 0.28410901385359466
