times:
  edit-metadata: 1.5492889937013388
  landing: 0.7552014570683241
  view-data: 3.3374835439026356
