times:
  edit-metadata: 1.415286862757057
  landing: 0.8188482131808996
  view-data: 3.262098928913474
