times:
  edit-metadata: 3.56677757948637
  landing: 0.26523630134761333
  view-data: 0.38344470225274563
