times:
  edit-metadata: 3.5075967209413648
  landing: 0.08208806300535798
  view-data: 0.29916799010243267
