times:
  edit-metadata: 1.6525888498872519
  landing: 0.8582532331347466
  view-data: 3.4040044993162155
