times:
  edit-metadata: 4.105657033622265
  landing: 0.04369894228875637
  view-data: 0.2926716133952141
