times:
  edit-metadata: 2.2058613486588
  landing: 1.6018147133290768
  view-data: 3.5787712894380093
