times:
  landing: 0.5556950449999931
  view-data: 0.5500585080000064
