times:
  edit-metadata: 2.642910928465426
  landing: 0.021122032776474953
  view-data: 0.02597390953451395
