times:
  edit-metadata: 3.816023224964738
  landing: 0.20257082022726536
  view-data: 0.17582741379737854
