times:
  edit-metadata: 2.0232456028461456
  landing: 1.296040952205658
  view-data: 3.3149220310151577
