times:
  edit-metadata: 1.930326031986624
  landing: 0.06877180095762014
  view-data: 0.2657610271126032
