times:
  landing: 1.5927134940000087
  view-data: 0.5550591539999914
