times:
  edit-metadata: 2.749248029664159
  landing: 0.12256970535963774
  view-data: 0.02287152875214815
