times:
  edit-metadata: 4.244427315890789
  landing: 0.6115033980458975
  view-data: 0.2780957855284214
