times:
  landing: 0.5466022030000204
  view-data: 0.5631557999998904
