times:
  edit-metadata: 2.793101836927235
  landing: 0.04075622791424394
  view-data: 0.2549861678853631
