times:
  landing: 0.5508824519999962
  view-data: 0.5634708229999887
