times:
  edit-metadata: 2.8475133730098605
  landing: 0.019433971494436264
  view-data: 0.02356883790344
