times:
  edit-metadata: 3.3060566503554583
  landing: 0.8803727570921183
  view-data: 0.47487301379442215
