times:
  edit-metadata: 1.4913427270948887
  landing: 0.7982026413083076
  view-data: 3.33594024553895
