times:
  edit-metadata: 1.5003448314964771
  landing: 0.9213677048683167
  view-data: 3.442669667303562
