times:
  edit-metadata: 3.768466379493475
  landing: 0.04583388566970825
  view-data: 0.2903689481317997
