times:
  landing: 1.1592079749999584
  view-data: 0.5724753490000012
