times:
  landing: 0.560626262000028
  view-data: 0.5953243559999919
