times:
  edit-metadata: 1.4553489424288273
  landing: 0.8197892233729362
  view-data: 3.461257543414831
