times:
  edit-metadata: 2.050750596448779
  landing: 0.8608556967228651
  view-data: 3.4119392074644566
