times:
  edit-metadata: 2.988311752676964
  landing: 0.11926720477640629
  view-data: 0.02349678985774517
