times:
  landing: 0.5509763400000054
  view-data: 0.5562757399999896
