times:
  edit-metadata: 2.6578902127221227
  landing: 0.022924935445189476
  view-data: 0.025373805314302444
