times:
  edit-metadata: 1.4801828251220286
  landing: 0.8253659131005406
  view-data: 3.3669284409843385
