times:
  landing: 1.068546046999984
  view-data: 0.5539655400000356
