times:
  edit-metadata: 2.834439744008705
  landing: 0.05249972999445163
  view-data: 0.23960155100212432
