times:
  edit-metadata: 1.602436934132129
  landing: 0.040002099238336086
  view-data: 0.24840269004926085
