times:
  edit-metadata: 3.8590573854744434
  landing: 0.049139540642499924
  view-data: 0.2811047285795212
