times:
  edit-metadata: 2.9560086478013545
  landing: 0.04777040705084801
  view-data: 0.24170686700381339
