times:
  edit-metadata: 2.701630172000023
  landing: 0.09364457899982881
  view-data: 0.4178538099999969
