times:
  edit-metadata: 2.8003099620109424
  landing: 0.043160340981557965
  view-data: 0.2475918749696575
