times:
  edit-metadata: 2.9713020748458803
  landing: 0.04413752676919103
  view-data: 0.24507614318281412
