times:
  edit-metadata: 1.5886022560298443
  landing: 0.8135753646492958
  view-data: 3.38613099232316
