times:
  edit-metadata: 1.6449789190664887
  landing: 0.041274177841842175
  view-data: 0.2500363630242646
