times:
  edit-metadata: 1.488969724625349
  landing: 0.9140494801104069
  view-data: 3.3893793411552906
