times:
  edit-metadata: 2.689580526202917
  landing: 0.020043677650392056
  view-data: 0.12047885544598103
