times:
  edit-metadata: 2.5269750840961933
  landing: 0.07241409411653876
  view-data: 0.38189556915313005
