times:
  edit-metadata: 1.5539487227797508
  landing: 0.8110267464071512
  view-data: 3.4296475294977427
