times:
  edit-metadata: 1.6821342869661748
  landing: 0.05024099396541715
  view-data: 0.2516684280708432
