times:
  edit-metadata: 1.6067273057997227
  landing: 0.04440962290391326
  view-data: 0.26075489120557904
