times:
  edit-metadata: 1.6825489774346352
  landing: 0.047864618711173534
  view-data: 0.25566320959478617
