times:
  edit-metadata: 2.963377794250846
  landing: 0.6082958467304707
  view-data: 0.24546742253005505
