times:
  edit-metadata: 1.87878940399969
  landing: 0.06630002299971238
  view-data: 0.2818418879996898
