times:
  edit-metadata: 3.0172525886446238
  landing: 0.02568277344107628
  view-data: 0.14522279053926468
