times:
  edit-metadata: 4.048838866874576
  landing: 0.5830954127013683
  view-data: 0.2842493988573551
