times:
  edit-metadata: 3.737023811787367
  landing: 0.05163123086094856
  view-data: 0.28885049745440483
