times:
  edit-metadata: 2.6229367246851325
  landing: 0.11746059078723192
  view-data: 0.1260893912985921
