times:
  landing: 1.0791056150000031
  view-data: 0.5565432600000122
