times:
  landing: 1.0661756439999976
  view-data: 0.5543595830000072
