times:
  edit-metadata: 1.6551164286211133
  landing: 0.04149730922654271
  view-data: 0.2447459688410163
