times:
  edit-metadata: 1.8765649220440537
  landing: 0.06398374610580504
  view-data: 0.27695434098131955
