times:
  edit-metadata: 1.5852327328175306
  landing: 0.8274542111903429
  view-data: 3.469629617407918
