times:
  edit-metadata: 1.7627004273235798
  landing: 1.006013162434101
  view-data: 3.359056066721678
