times:
  landing: 1.0800424770000063
  view-data: 0.5583359029999997
