times:
  edit-metadata: 2.652082398533821
  landing: 0.020311865955591202
  view-data: 0.027709036134183407
