times:
  edit-metadata: 2.8011883520084666
  landing: 0.04667676400276832
  view-data: 0.24399602400080767
