times:
  edit-metadata: 1.4868909763172269
  landing: 0.8365965550765395
  view-data: 3.351963980589062
