times:
  edit-metadata: 2.828113377094269
  landing: 1.4053751910105348
  view-data: 3.7504227878525853
