times:
  edit-metadata: 1.4358952650800347
  landing: 0.8088634200394154
  view-data: 3.3287656931206584
