times:
  edit-metadata: 2.835132725071162
  landing: 0.04357191314920783
  view-data: 0.2541237217374146
