times:
  landing: 0.5694079250000073
  view-data: 0.5643844909999984
