times:
  edit-metadata: 2.8103422910207883
  landing: 0.040139366989023983
  view-data: 0.24826551089063287
