times:
  landing: 1.0684599259999459
  view-data: 1.0724361540000018
