times:
  edit-metadata: 1.746409357059747
  landing: 0.04709616908803582
  view-data: 0.2691129529848695
