times:
  edit-metadata: 2.842325931414962
  landing: 1.4464317429810762
  view-data: 3.4445036500692368
