times:
  edit-metadata: 2.611940398812294
  landing: 0.02155314013361931
  view-data: 0.12386192195117474
