times:
  edit-metadata: 1.8838320835493505
  landing: 0.07850222615525126
  view-data: 0.2814981020055711
