times:
  edit-metadata: 1.5619403943419456
  landing: 1.0514878034591675
  view-data: 3.3196734078228474
