times:
  edit-metadata: 1.5226375665515661
  landing: 0.8066467810422182
  view-data: 3.421209776774049
