times:
  edit-metadata: 2.070326548011508
  landing: 0.1906393169774674
  view-data: 0.40127298000152223
