times:
  edit-metadata: 4.311233567073941
  landing: 0.47014195099473
  view-data: 0.3783320188522339
