times:
  edit-metadata: 1.617540626320988
  landing: 0.04807500960305333
  view-data: 0.2602719501592219
