times:
  edit-metadata: 1.464269844815135
  landing: 0.7872397433966398
  view-data: 3.3537346497178078
