times:
  edit-metadata: 2.1914982171729207
  landing: 1.2236745180562139
  view-data: 3.6340073198080063
