times:
  edit-metadata: 1.5777687728404999
  landing: 0.7777842786163092
  view-data: 3.422157883644104
