times:
  edit-metadata: 3.013615772826597
  landing: 0.045252721989527345
  view-data: 0.24778465880081058
