times:
  landing: 1.075166925000019
  view-data: 0.5532318439999813
