times:
  edit-metadata: 2.9215147709473968
  landing: 0.043487969087436795
  view-data: 0.24365319893695414
