times:
  landing: 0.5559016500000098
  view-data: 0.05726015799996276
