times:
  edit-metadata: 2.9378255791962147
  landing: 0.019622325897216797
  view-data: 0.024343781173229218
