times:
  edit-metadata: 2.6271351436153054
  landing: 0.0201587351039052
  view-data: 0.027153613977134228
