times:
  edit-metadata: 1.6483118254691362
  landing: 0.043566299602389336
  view-data: 0.254309568554163
