times:
  edit-metadata: 2.6137671191245317
  landing: 0.019044099375605583
  view-data: 0.12080728355795145
