times:
  edit-metadata: 1.676902777981013
  landing: 0.04127660905942321
  view-data: 0.24741352861747146
