times:
  edit-metadata: 1.6325465310364962
  landing: 0.04326528077945113
  view-data: 0.2570047117769718
