times:
  landing: 0.5520756649999612
  view-data: 0.5557722940000076
