times:
  edit-metadata: 1.57752597425133
  landing: 1.031212167814374
  view-data: 3.519278929568827
