times:
  edit-metadata: 4.192573923617601
  landing: 1.0549839083105326
  view-data: 0.27484163269400597
