times:
  landing: 1.0633120630000121
  view-data: 0.5525930690000109
