times:
  edit-metadata: 2.562294675037265
  landing: 0.06162949092686176
  view-data: 0.3605130473151803
