times:
  edit-metadata: 2.8443187046796083
  landing: 0.2112230621278286
  view-data: 0.4554611425846815
