times:
  edit-metadata: 1.4769045568536967
  landing: 0.7884953960310668
  view-data: 3.346491717034951
