times:
  edit-metadata: 3.019537080079317
  landing: 0.18953439220786095
  view-data: 0.34561243280768394
