times:
  edit-metadata: 2.787446532980539
  landing: 0.048577537992969155
  view-data: 0.24415169295389205
