times:
  edit-metadata: 4.151827460154891
  landing: 0.5804362166672945
  view-data: 0.28505608066916466
