times:
  edit-metadata: 4.0509656593203545
  landing: 1.3678929209709167
  view-data: 0.4117425736039877
