times:
  edit-metadata: 3.7312809005379677
  landing: 0.051830656826496124
  view-data: 0.28694846481084824
