times:
  edit-metadata: 1.4650040157139301
  landing: 0.9477369412779808
  view-data: 3.3609675094485283
