times:
  edit-metadata: 1.4725950360298157
  landing: 0.893591620028019
  view-data: 3.3308358266949654
