times:
  edit-metadata: 2.852264201035723
  landing: 0.05152195203118026
  view-data: 0.25009633996523917
