times:
  edit-metadata: 1.597237107809633
  landing: 0.04638330498710275
  view-data: 0.36704146722331643
