times:
  landing: 2.3506190860643983
  view-data: 0.031731987139210105
