times:
  landing: 0.5443595049999885
  view-data: 0.5458255209999834
