times:
  edit-metadata: 1.7426313562318683
  landing: 0.09069113433361053
  view-data: 0.25702896155416965
