times:
  edit-metadata: 1.5349334683269262
  landing: 0.8345687761902809
  view-data: 3.4072281662374735
