times:
  edit-metadata: 2.437878037802875
  landing: 0.06528155412524939
  view-data: 0.2820123150013387
