times:
  edit-metadata: 3.625112295150757
  landing: 0.1376807950437069
  view-data: 0.028067894279956818
