times:
  edit-metadata: 1.6673615081235766
  landing: 0.04525417275726795
  view-data: 0.27765398379415274
