times:
  edit-metadata: 3.072458365932107
  landing: 0.7572484463453293
  view-data: 0.2399302814155817
