times:
  landing: 0.5475815380000313
  view-data: 0.5634577889999832
