times:
  edit-metadata: 4.877649483969435
  landing: 0.06425521499477327
  view-data: 0.37015602295286953
