times:
  edit-metadata: 3.0263277236372232
  landing: 0.16146967746317387
  view-data: 0.3258446753025055
