times:
  edit-metadata: 1.6228679814375937
  landing: 0.04095643386244774
  view-data: 0.24869302986189723
