times:
  edit-metadata: 2.694701940752566
  landing: 0.02037040889263153
  view-data: 0.11442437581717968
