times:
  landing: 1.0853935389999947
  view-data: 0.5613401709999835
