times:
  edit-metadata: 2.9354433827102184
  landing: 0.12108875997364521
  view-data: 0.02603498287498951
