times:
  edit-metadata: 1.6221048906445503
  landing: 1.0241163410246372
  view-data: 3.3648004196584225
