times:
  edit-metadata: 1.6652809819206595
  landing: 0.04098247364163399
  view-data: 0.2689740490168333
