times:
  edit-metadata: 1.982832815963775
  landing: 0.07047149899881333
  view-data: 0.28611375496257097
