times:
  edit-metadata: 4.1382087003439665
  landing: 0.578919067978859
  view-data: 0.28970613330602646
