times:
  landing: 0.5490096249999965
  view-data: 0.5503980000000297
