times:
  edit-metadata: 1.6226817332208157
  landing: 0.039470392279326916
  view-data: 0.24386095209047198
