times:
  edit-metadata: 3.785873468965292
  landing: 0.0504051074385643
  view-data: 0.28587140515446663
