times:
  edit-metadata: 3.6722047720104456
  landing: 0.02244671620428562
  view-data: 0.13586879707872868
