times:
  edit-metadata: 1.855344727053307
  landing: 0.06973774498328567
  view-data: 0.28076543495990336
