times:
  landing: 1.0604329889999917
  view-data: 0.5512027550000766
