times:
  landing: 0.5616902289999643
  view-data: 0.5627598279999688
