times:
  edit-metadata: 2.688430219888687
  landing: 0.12216291576623917
  view-data: 0.40843397565186024
