times:
  landing: 1.5642767639365047
  view-data: 0.5518911578692496
