times:
  landing: 0.5536303200000248
  view-data: 0.5569668140000203
