times:
  edit-metadata: 4.071273431996815
  landing: 0.023930508003104478
  view-data: 0.024995995976496488
