times:
  edit-metadata: 4.1723362896591425
  landing: 1.5904445871710777
  view-data: 0.4952430836856365
