times:
  edit-metadata: 3.0287985242903233
  landing: 0.8409270532429218
  view-data: 0.23832596465945244
