times:
  edit-metadata: 1.45189073192887
  landing: 0.7472131361719221
  view-data: 3.3578775541391224
