times:
  edit-metadata: 3.4819535948336124
  landing: 0.21718281414359808
  view-data: 0.4590538078919053
