times:
  edit-metadata: 2.8542033830017317
  landing: 0.040320369007531554
  view-data: 0.24674398900242522
