times:
  edit-metadata: 2.8568600449943915
  landing: 0.04993476299569011
  view-data: 0.24026325801969506
