times:
  edit-metadata: 1.5116831380873919
  landing: 0.7392194159328938
  view-data: 3.4084272012114525
