times:
  edit-metadata: 2.609512814320624
  landing: 0.021130284294486046
  view-data: 0.1230896133929491
