times:
  edit-metadata: 1.5385966561734676
  landing: 0.8320059720426798
  view-data: 3.413253640756011
