times:
  edit-metadata: 2.9321534279733896
  landing: 0.05555736715905368
  view-data: 0.24537043808959424
