times:
  landing: 0.5610091469999929
  view-data: 0.559017506000032
