times:
  landing: 0.5824202969999988
  view-data: 0.5544187749999878
