times:
  edit-metadata: 1.6112154657021165
  landing: 0.044539918191730976
  view-data: 0.2814971497282386
