times:
  edit-metadata: 1.9588907649740577
  landing: 0.06732656015083194
  view-data: 0.2813203709665686
