times:
  landing: 0.557857451000018
  view-data: 0.5640167819999533
