times:
  edit-metadata: 3.2365204654634
  landing: 0.28941207379102707
  view-data: 0.3450928907841444
