times:
  edit-metadata: 2.269804900046438
  landing: 0.05906709097325802
  view-data: 0.2761296541430056
