times:
  edit-metadata: 3.6910943299999417
  landing: 0.049809023999841884
  view-data: 0.2855414870000459
