times:
  edit-metadata: 3.717500276863575
  landing: 0.039902880787849426
  view-data: 0.28304116800427437
