times:
  landing: 0.5546139970000468
  view-data: 0.5558932699999559
