times:
  edit-metadata: 2.7096347957849503
  landing: 0.3574796710163355
  view-data: 0.02651789039373398
