times:
  edit-metadata: 2.839556524064392
  landing: 0.04339601006358862
  view-data: 0.24488404020667076
