times:
  edit-metadata: 1.4793451153673232
  landing: 0.8315288247540593
  view-data: 3.3740938822738826
