times:
  edit-metadata: 3.0131719717755914
  landing: 0.02221162337809801
  view-data: 0.04572876915335655
