times:
  edit-metadata: 1.939397310023196
  landing: 0.06403198395855725
  view-data: 0.2889699849765748
