times:
  edit-metadata: 2.8189983144402504
  landing: 0.1212438652291894
  view-data: 0.2903423309326172
