times:
  edit-metadata: 2.137498188763857
  landing: 1.2881376314908266
  view-data: 3.4178087692707777
