times:
  landing: 0.5730154780000021
  view-data: 0.564929559999996
