times:
  edit-metadata: 1.6924579618498683
  landing: 0.040402979124337435
  view-data: 0.2619578028097749
