times:
  landing: 1.109803161000002
  view-data: 0.5560330939999858
