times:
  edit-metadata: 2.1926072617061436
  landing: 0.05381022486835718
  view-data: 0.2854122216813266
