times:
  landing: 0.5535653100000104
  view-data: 0.5778650440000206
