times:
  edit-metadata: 1.9700530349946348
  landing: 0.07284340499609243
  view-data: 0.2828918010054622
