times:
  edit-metadata: 4.158565567806363
  landing: 0.6969103161245584
  view-data: 0.28372351080179214
