times:
  edit-metadata: 1.4453996494412422
  landing: 0.9435772225260735
  view-data: 3.317129634320736
