times:
  edit-metadata: 2.63417552690953
  landing: 0.02091756835579872
  view-data: 0.13633691519498825
