times:
  edit-metadata: 2.6748484168201685
  landing: 0.023312008008360863
  view-data: 0.024705960415303707
