times:
  edit-metadata: 1.4709330331534147
  landing: 7.489731657784432
  view-data: 3.40862645721063
