times:
  edit-metadata: 1.608489270787686
  landing: 0.043993156868964434
  view-data: 0.2612612280063331
