times:
  landing: 0.553166114000021
  view-data: 0.5493741250000141
