times:
  edit-metadata: 1.8971729219774716
  landing: 0.05017187003977597
  view-data: 0.26907547703012824
