times:
  edit-metadata: 2.6816467940807343
  landing: 0.11707769893109798
  view-data: 0.12395840883255005
