times:
  edit-metadata: 1.5466271340847015
  landing: 0.988558255136013
  view-data: 3.4553671181201935
