times:
  edit-metadata: 1.6341758128255606
  landing: 0.04204121697694063
  view-data: 0.26008070772513747
