times:
  edit-metadata: 2.6662367060780525
  landing: 0.1311507923528552
  view-data: 0.39326146617531776
