times:
  edit-metadata: 1.650848446879536
  landing: 0.051271083764731884
  view-data: 0.26735600689426064
