times:
  edit-metadata: 3.483413891866803
  landing: 0.14733478613197803
  view-data: 0.42690080031752586
