times:
  edit-metadata: 3.2113043926656246
  landing: 0.2553718760609627
  view-data: 0.34320480562746525
