times:
  edit-metadata: 1.7733414731919765
  landing: 0.9555448889732361
  view-data: 3.5095280557870865
