times:
  edit-metadata: 1.5653692539781332
  landing: 0.8962622061371803
  view-data: 3.335657048970461
