times:
  edit-metadata: 1.6348325163125992
  landing: 0.043115547858178616
  view-data: 0.24020026624202728
