times:
  edit-metadata: 3.9753975830972195
  landing: 1.0976737476885319
  view-data: 0.6872061640024185
