times:
  edit-metadata: 2.981516672298312
  landing: 0.1370367780327797
  view-data: 0.36577090807259083
