times:
  edit-metadata: 3.1606692261993885
  landing: 0.15185948833823204
  view-data: 0.32716583646833897
