times:
  edit-metadata: 3.3437278233468533
  landing: 0.024587951600551605
  view-data: 0.02642807923257351
