times:
  edit-metadata: 2.711130689829588
  landing: 0.019859335385262966
  view-data: 0.12119149975478649
