times:
  edit-metadata: 1.8560387449979316
  landing: 0.06768168800044805
  view-data: 0.27519880500040017
