times:
  edit-metadata: 4.169316191226244
  landing: 0.8717103842645884
  view-data: 0.851620253175497
