times:
  edit-metadata: 1.5676873475313187
  landing: 0.903214905411005
  view-data: 3.39465519413352
