times:
  landing: 0.5533657769999536
  view-data: 0.5641822059999981
