times:
  landing: 0.5428231930000038
  view-data: 0.5482240300000285
