times:
  landing: 0.5661324010000044
  view-data: 0.5687506859999871
