times:
  landing: 0.5586742319999871
  view-data: 0.5618789389999961
