times:
  edit-metadata: 2.8779661989538
  landing: 0.039453240926377475
  view-data: 0.2439912169938907
