times:
  edit-metadata: 2.6100060399621725
  landing: 0.024104412645101547
  view-data: 0.12040077243000269
