times:
  edit-metadata: 1.3748216810636222
  landing: 0.8027877099812031
  view-data: 3.401683948934078
