times:
  edit-metadata: 1.478373327292502
  landing: 0.8481563264504075
  view-data: 3.3401662409305573
