times:
  edit-metadata: 1.8548364100279287
  landing: 0.07542027393355966
  view-data: 0.2779440589947626
