times:
  edit-metadata: 4.1757411025464535
  landing: 0.05408269912004471
  view-data: 0.2864145413041115
