times:
  edit-metadata: 1.6605995371937752
  landing: 0.037636333145201206
  view-data: 0.2614636104553938
