times:
  edit-metadata: 2.652947884052992
  landing: 0.020275644958019257
  view-data: 0.1282288832589984
