times:
  edit-metadata: 1.9307048018090427
  landing: 0.055370491929352283
  view-data: 0.2782456409186125
