times:
  edit-metadata: 3.3699144404381514
  landing: 0.022611627355217934
  view-data: 0.15429612807929516
