times:
  edit-metadata: 2.2186547368764877
  landing: 1.6239843666553497
  view-data: 3.6369599103927612
