times:
  edit-metadata: 3.1623654533177614
  landing: 0.18515225872397423
  view-data: 0.02592070959508419
