times:
  edit-metadata: 4.084970694035292
  landing: 0.8342958986759186
  view-data: 0.3999086916446686
