times:
  edit-metadata: 1.5376881044358015
  landing: 0.785778509452939
  view-data: 3.4125602785497904
