times:
  edit-metadata: 1.5051371483132243
  landing: 0.8858633162453771
  view-data: 3.3826048532500863
