times:
  edit-metadata: 3.025903722271323
  landing: 0.02215646207332611
  view-data: 0.25650642439723015
