times:
  edit-metadata: 5.321753799042199
  landing: 0.2905873010167852
  view-data: 0.49126296397298574
