times:
  edit-metadata: 2.6742892749607563
  landing: 0.02174684125930071
  view-data: 0.12286068033427
