times:
  edit-metadata: 2.9063081182539463
  landing: 1.346290785819292
  view-data: 3.8136488422751427
