times:
  landing: 0.5554392559999997
  view-data: 0.5652005160000044
