times:
  edit-metadata: 1.7189790727570653
  landing: 0.05137487780302763
  view-data: 0.26219163183122873
