times:
  landing: 0.5510101739999982
  view-data: 0.5622028389999514
