times:
  edit-metadata: 3.00321626290679
  landing: 0.11804268881678581
  view-data: 0.48942652344703674
