times:
  edit-metadata: 2.683337881229818
  landing: 0.020907790400087833
  view-data: 0.1222100742161274
