times:
  edit-metadata: 3.253026397898793
  landing: 0.14728755317628384
  view-data: 0.03154680132865906
