times:
  edit-metadata: 2.6053172340616584
  landing: 0.022544976323843002
  view-data: 0.11773298867046833
