times:
  edit-metadata: 3.4337308425456285
  landing: 0.27918748185038567
  view-data: 0.1523403450846672
