times:
  edit-metadata: 2.6312739569693804
  landing: 0.02066530380398035
  view-data: 0.09909059572964907
