times:
  edit-metadata: 1.5547419134527445
  landing: 0.8388197645545006
  view-data: 3.380799550563097
