times:
  edit-metadata: 3.0255264155566692
  landing: 1.2874707207083702
  view-data: 0.4667928796261549
