times:
  edit-metadata: 2.643847269937396
  landing: 0.02142785955220461
  view-data: 0.023692140355706215
