times:
  edit-metadata: 2.8522017219802365
  landing: 0.04671383602544665
  view-data: 0.24763676000293344
