times:
  landing: 0.5645438820000095
  view-data: 0.5710894210000106
