times:
  edit-metadata: 3.8151922337710857
  landing: 0.04258311912417412
  view-data: 0.29453084617853165
