times:
  edit-metadata: 2.843369083479047
  landing: 0.1254185065627098
  view-data: 0.2689401535317302
