times:
  edit-metadata: 1.578424595296383
  landing: 0.7425158806145191
  view-data: 3.3864280208945274
