times:
  edit-metadata: 1.8042029365897179
  landing: 0.8929204419255257
  view-data: 3.368576843291521
