times:
  edit-metadata: 2.6383550791069865
  landing: 0.11523079965263605
  view-data: 0.02478973288089037
