times:
  edit-metadata: 1.4318323321640491
  landing: 0.8616800345480442
  view-data: 3.313012935221195
