times:
  edit-metadata: 4.1364957597106695
  landing: 1.0693874210119247
  view-data: 0.30008487217128277
