times:
  edit-metadata: 1.9007243551313877
  landing: 1.2042138949036598
  view-data: 3.7501559574157
