times:
  edit-metadata: 4.264786023646593
  landing: 0.9876878764480352
  view-data: 0.40563757717609406
