times:
  edit-metadata: 2.8015711838379502
  landing: 0.03955913009122014
  view-data: 0.2439263123087585
