times:
  edit-metadata: 2.8451697789132595
  landing: 0.04801628994755447
  view-data: 0.239295095205307
