times:
  edit-metadata: 1.973242285195738
  landing: 0.06562301702797413
  view-data: 0.28657670272514224
