times:
  edit-metadata: 3.332888093078509
  landing: 0.04568926081992686
  view-data: 0.2845534821972251
