times:
  landing: 0.5430480120000141
  view-data: 0.5457719970000028
