times:
  edit-metadata: 2.7721997322514653
  landing: 0.04264464834704995
  view-data: 0.23941993108019233
