times:
  edit-metadata: 1.62269571935758
  landing: 0.03997383126989007
  view-data: 0.2530332198366523
