times:
  landing: 0.5480283780000264
  view-data: 0.5479275769999958
