times:
  edit-metadata: 3.0634146467782557
  landing: 0.07230676896870136
  view-data: 0.2587492580059916
