times:
  edit-metadata: 4.060157794505358
  landing: 0.647361408919096
  view-data: 0.2770166676491499
