times:
  edit-metadata: 2.990471614524722
  landing: 0.02100113220512867
  view-data: 0.10184932313859463
