times:
  edit-metadata: 1.4489054419100285
  landing: 0.9346327222883701
  view-data: 3.3835134729743004
