times:
  edit-metadata: 3.12034665979445
  landing: 0.6590622384101152
  view-data: 0.28633612766861916
