times:
  landing: 1.0775791849999905
  view-data: 0.5576285960000291
