times:
  edit-metadata: 2.8012993439333513
  landing: 0.038613116950728
  view-data: 0.2459053979255259
