times:
  edit-metadata: 1.6307666301727295
  landing: 0.9219834599643946
  view-data: 3.3214289229363203
