times:
  edit-metadata: 1.9557659820420668
  landing: 0.06996094901114702
  view-data: 0.30555923201609403
