times:
  landing: 0.5497426219999966
  view-data: 0.5555013690000123
