times:
  edit-metadata: 1.6412944630719721
  landing: 0.03939275583252311
  view-data: 0.24820798262953758
