times:
  edit-metadata: 2.711538726463914
  landing: 0.02299067284911871
  view-data: 0.21450337301939726
