times:
  edit-metadata: 2.941652124049142
  landing: 0.04519016807898879
  view-data: 0.23226547800004482
