times:
  edit-metadata: 1.6168298404663801
  landing: 0.8977655302733183
  view-data: 3.4112213933840394
