times:
  landing: 0.54710391899971
  view-data: 0.557874979999724
