times:
  landing: 1.1251626009999995
  view-data: 0.5543134050000162
