times:
  edit-metadata: 2.6079605128616095
  landing: 0.023352335207164288
  view-data: 0.12886128947138786
