times:
  edit-metadata: 1.8643622499657795
  landing: 0.0646639799233526
  view-data: 0.278477004962042
