times:
  edit-metadata: 1.8540534537751228
  landing: 0.064248874085024
  view-data: 0.2762349690310657
