times:
  edit-metadata: 3.317783914040774
  landing: 0.051729033002629876
  view-data: 0.25308368797414005
