times:
  edit-metadata: 3.262895468622446
  landing: 0.15023983269929886
  view-data: 0.15731127560138702
