times:
  edit-metadata: 2.8174421939766034
  landing: 0.0410005470039323
  view-data: 0.24871232302393764
