times:
  edit-metadata: 1.6512127188034356
  landing: 0.047321893740445375
  view-data: 0.25916843861341476
