times:
  edit-metadata: 1.6327464580535889
  landing: 0.797921933233738
  view-data: 3.290869891643524
