times:
  edit-metadata: 3.059804368764162
  landing: 0.6536037474870682
  view-data: 0.24564671330153942
