times:
  edit-metadata: 2.65093404520303
  landing: 0.021715431474149227
  view-data: 0.1383067648857832
