times:
  edit-metadata: 1.6241260059177876
  landing: 0.9772060103714466
  view-data: 3.380986962467432
