times:
  edit-metadata: 1.5371484383940697
  landing: 0.8689454682171345
  view-data: 3.433923475444317
