times:
  edit-metadata: 2.4040555600076914
  landing: 1.492393672466278
  view-data: 3.8329512793570757
