times:
  edit-metadata: 2.359251707326621
  landing: 0.06645448785275221
  view-data: 0.4083432462066412
