times:
  edit-metadata: 3.0073339082300663
  landing: 1.4270728901028633
  view-data: 3.474961644038558
