times:
  edit-metadata: 2.63123566377908
  landing: 0.16311661805957556
  view-data: 0.0983220199123025
