times:
  edit-metadata: 1.3714115917682648
  landing: 0.8762530200183392
  view-data: 3.415492355823517
