times:
  edit-metadata: 2.6399531913921237
  landing: 0.02121459413319826
  view-data: 0.02667436096817255
