times:
  edit-metadata: 2.2454475327394903
  landing: 0.09759275801479816
  view-data: 0.2958631608635187
