times:
  edit-metadata: 2.9184933714568615
  landing: 0.6653592456132174
  view-data: 0.36061267741024494
