times:
  edit-metadata: 1.4919839594513178
  landing: 0.8718435559421778
  view-data: 3.3745345566421747
