times:
  edit-metadata: 4.243642210960388
  landing: 0.8868451695889235
  view-data: 0.38158509880304337
