times:
  edit-metadata: 2.608758043497801
  landing: 0.16211602836847305
  view-data: 0.407363248988986
