times:
  landing: 0.5490655009999728
  view-data: 0.5473774909999634
