times:
  edit-metadata: 2.7976616052910686
  landing: 0.11872767843306065
  view-data: 0.20163763873279095
