times:
  edit-metadata: 1.496444615535438
  landing: 0.8586016716435552
  view-data: 3.3947848537936807
