times:
  edit-metadata: 1.686329442076385
  landing: 0.049697501584887505
  view-data: 0.27085974998772144
