times:
  edit-metadata: 2.9628172665834427
  landing: 0.021291807293891907
  view-data: 0.027488041669130325
