times:
  edit-metadata: 3.9395644906908274
  landing: 1.7749396953731775
  view-data: 1.0192590616643429
