times:
  edit-metadata: 1.57084009796381
  landing: 1.0827481839805841
  view-data: 3.5236634090542793
