times:
  edit-metadata: 1.606781906913966
  landing: 0.04665392590686679
  view-data: 0.2620658967643976
