times:
  edit-metadata: 2.949202122166753
  landing: 0.020497238263487816
  view-data: 0.25963559187948704
