times:
  edit-metadata: 1.5555752962827682
  landing: 0.9538470283150673
  view-data: 3.378044169396162
