times:
  edit-metadata: 2.7055509369820356
  landing: 0.019058172591030598
  view-data: 0.024237532168626785
