times:
  edit-metadata: 2.8658750099129975
  landing: 0.04457640112377703
  view-data: 0.238222137093544
