times:
  edit-metadata: 2.8691835600184277
  landing: 0.04456310300156474
  view-data: 0.251401343033649
