times:
  edit-metadata: 1.8020905489102006
  landing: 0.8635291401296854
  view-data: 3.354773633182049
