times:
  edit-metadata: 2.9261309392750263
  landing: 0.0197297353297472
  view-data: 0.32487096451222897
