times:
  edit-metadata: 2.751066486001946
  landing: 0.04286982101621106
  view-data: 0.24389922199770808
