times:
  edit-metadata: 1.9104841679800302
  landing: 0.06716272397898138
  view-data: 0.2642044280655682
