times:
  edit-metadata: 2.8643829109787475
  landing: 0.04631719700410031
  view-data: 0.24684964900370687
