times:
  edit-metadata: 2.620711235329509
  landing: 0.023236749693751335
  view-data: 0.12149356584995985
