times:
  edit-metadata: 1.5386257208883762
  landing: 0.7540168762207031
  view-data: 3.3672070764005184
