times:
  edit-metadata: 3.8758073952049017
  landing: 0.057926708832383156
  view-data: 0.15499445237219334
