times:
  landing: 0.5604270000000042
  view-data: 0.5563470999999822
