times:
  edit-metadata: 2.842607740778476
  landing: 0.05304710008203983
  view-data: 0.2530018649995327
