times:
  edit-metadata: 1.4766077920794487
  landing: 0.964168980717659
  view-data: 3.3647612296044827
