times:
  edit-metadata: 2.9194708361756057
  landing: 0.05290841218084097
  view-data: 0.2459851880557835
