times:
  edit-metadata: 1.9947072429931723
  landing: 0.07730155502213165
  view-data: 0.2737890570424497
