times:
  edit-metadata: 1.7104794643819332
  landing: 1.0046061482280493
  view-data: 3.3706062361598015
