times:
  edit-metadata: 1.434241984039545
  landing: 0.8216892667114735
  view-data: 3.330243244767189
