times:
  edit-metadata: 2.9301760103553534
  landing: 0.02015697956085205
  view-data: 0.34657303988933563
