times:
  edit-metadata: 1.7091362681239843
  landing: 0.047888281755149364
  view-data: 0.25190061889588833
