times:
  edit-metadata: 1.5514875128865242
  landing: 0.8108257278800011
  view-data: 3.4011166281998158
