times:
  edit-metadata: 1.6232273713685572
  landing: 0.045883709099143744
  view-data: 0.24857373209670186
