times:
  edit-metadata: 1.6880313999718055
  landing: 0.8285264750011265
  view-data: 3.3484612579923123
