times:
  landing: 0.6024785360000351
  view-data: 0.5543980319999946
