times:
  edit-metadata: 4.039224674925208
  landing: 1.0584961343556643
  view-data: 0.4388739001005888
