times:
  edit-metadata: 2.188413241994567
  landing: 0.08220946905203164
  view-data: 0.2853931189747527
