times:
  edit-metadata: 1.6754405219107866
  landing: 0.05092462617903948
  view-data: 0.2553961696103215
