times:
  edit-metadata: 2.3390597831457853
  landing: 0.05195870390161872
  view-data: 0.2810702249407768
