times:
  landing: 0.552657092000004
  view-data: 0.5580881110000178
