times:
  landing: 0.5468471530000443
  view-data: 0.5481927029999838
