times:
  edit-metadata: 1.5657222662121058
  landing: 0.9104958977550268
  view-data: 3.472010619007051
