times:
  landing: 0.5543741900000896
  view-data: 0.551047724
