times:
  edit-metadata: 2.939693646505475
  landing: 0.021622508764266968
  view-data: 0.02544337697327137
