times:
  edit-metadata: 1.773288518190384
  landing: 1.0210548974573612
  view-data: 3.3556731678545475
