times:
  edit-metadata: 1.438027972355485
  landing: 0.7212994359433651
  view-data: 3.271909983828664
