times:
  edit-metadata: 1.5230530314147472
  landing: 0.8315571676939726
  view-data: 3.4096517879515886
