times:
  edit-metadata: 1.375234305858612
  landing: 0.7640814520418644
  view-data: 3.2523099444806576
