times:
  edit-metadata: 1.8660501900594682
  landing: 0.0673944060690701
  view-data: 0.2743674779776484
