times:
  edit-metadata: 2.940260486677289
  landing: 0.7257587164640427
  view-data: 0.26266047172248363
