times:
  edit-metadata: 1.547198262065649
  landing: 2.3169665299355984
  view-data: 3.455137312412262
