times:
  edit-metadata: 1.8382738520158455
  landing: 0.06611981999594718
  view-data: 0.273947526991833
