times:
  edit-metadata: 1.5899051651358604
  landing: 0.8307062610983849
  view-data: 3.427857954055071
