times:
  edit-metadata: 4.3687043357640505
  landing: 0.659546036273241
  view-data: 0.2780674397945404
