times:
  edit-metadata: 1.5701485481113195
  landing: 0.8870275958906859
  view-data: 3.48930501495488
