times:
  edit-metadata: 1.8437372599728405
  landing: 0.05618418985977769
  view-data: 0.2675570328719914
