times:
  landing: 0.5500175739999804
  view-data: 0.5549558110000135
