times:
  edit-metadata: 2.888280054088682
  landing: 0.04601345118135214
  view-data: 0.26873115496709943
