times:
  edit-metadata: 3.7891287058591843
  landing: 0.03829707205295563
  view-data: 0.28748036175966263
