times:
  edit-metadata: 2.833172685932368
  landing: 0.04556006705388427
  view-data: 0.24772124597802758
