times:
  edit-metadata: 2.6622393568977714
  landing: 0.023544084280729294
  view-data: 0.11965413857251406
