times:
  edit-metadata: 1.8943943930789828
  landing: 0.0744882170110941
  view-data: 0.275417088996619
