times:
  edit-metadata: 2.738807904534042
  landing: 0.11980579700320959
  view-data: 0.2540428778156638
