times:
  edit-metadata: 2.7557430509477854
  landing: 0.02045590989291668
  view-data: 0.5366005888208747
