times:
  edit-metadata: 1.4857875481247902
  landing: 0.9545855447649956
  view-data: 3.377187851816416
