times:
  edit-metadata: 2.7520068610319868
  landing: 0.04243448004126549
  view-data: 0.2476981159998104
