times:
  edit-metadata: 3.037264410406351
  landing: 0.01895630545914173
  view-data: 0.023652879521250725
