times:
  edit-metadata: 1.6554661579430103
  landing: 0.9607807360589504
  view-data: 3.3339393846690655
