times:
  edit-metadata: 2.5979978600516915
  landing: 0.025166734121739864
  view-data: 0.027946555987000465
