times:
  landing: 1.073159062000002
  view-data: 0.5782707379999579
