times:
  landing: 0.5528302249999797
  view-data: 0.5616765259999852
