times:
  edit-metadata: 1.5734945759177208
  landing: 0.8647022098302841
  view-data: 3.3929618522524834
