times:
  landing: 0.5520620199999939
  view-data: 0.5527636529999995
