times:
  landing: 1.069133039999997
  view-data: 0.5520981660000075
