times:
  edit-metadata: 2.030160122027155
  landing: 0.06046803400386125
  view-data: 0.27995233703404665
