times:
  edit-metadata: 2.505672549996234
  landing: 0.08238081700255862
  view-data: 0.2769075879987213
