times:
  edit-metadata: 1.8785287310602143
  landing: 0.07126491900999099
  view-data: 0.2601509779924527
