times:
  edit-metadata: 1.6331764836795628
  landing: 0.05024432484060526
  view-data: 0.2654916369356215
