times:
  landing: 0.5551885240000161
  view-data: 0.5621267519999833
