times:
  edit-metadata: 4.322061616927385
  landing: 0.7861489336937666
  view-data: 0.2714218720793724
