times:
  edit-metadata: 1.642207097262144
  landing: 0.8578541539609432
  view-data: 3.405925564467907
