times:
  edit-metadata: 4.302177391946316
  landing: 0.7682554963976145
  view-data: 0.28240503184497356
