times:
  landing: 1.1135693900000092
  view-data: 0.5584761530000151
