times:
  edit-metadata: 1.5723743289709091
  landing: 0.974501833319664
  view-data: 3.382768101990223
