times:
  landing: 1.0612263450000228
  view-data: 0.5474283620000051
