times:
  edit-metadata: 2.6076726112514734
  landing: 0.02035319898277521
  view-data: 0.1231054188683629
