times:
  edit-metadata: 1.6248333118855953
  landing: 1.1677630469202995
  view-data: 3.351808700710535
