times:
  edit-metadata: 2.8791404818184674
  landing: 0.04011204605922103
  view-data: 0.2505184020847082
