times:
  edit-metadata: 1.5127237774431705
  landing: 0.9663113355636597
  view-data: 3.453860528767109
