times:
  edit-metadata: 1.5203153882175684
  landing: 0.8216936346143484
  view-data: 3.389115246012807
