times:
  landing: 1.066391761000034
  view-data: 0.5571410480000054
