times:
  landing: 1.0704311899999084
  view-data: 0.5471059790002073
