times:
  edit-metadata: 4.129600463435054
  landing: 0.7418499235063791
  view-data: 0.646039679646492
