times:
  landing: 0.5732705479999822
  view-data: 0.06302800600002456
