times:
  edit-metadata: 1.5200531901791692
  landing: 0.8174857320263982
  view-data: 3.3586310036480427
