times:
  edit-metadata: 1.6307457275688648
  landing: 1.109481055289507
  view-data: 3.3335390985012054
