times:
  edit-metadata: 1.8624729861039668
  landing: 0.06403956888243556
  view-data: 0.2704876319039613
