times:
  edit-metadata: 1.6031104512512684
  landing: 0.04811205342411995
  view-data: 0.26760546397417784
