times:
  landing: 0.5554710659999955
  view-data: 0.551730727000006
