times:
  edit-metadata: 1.549195246770978
  landing: 0.7622767668217421
  view-data: 3.3928090296685696
