times:
  edit-metadata: 1.5455243065953255
  landing: 0.791922939941287
  view-data: 3.416429242119193
