times:
  edit-metadata: 1.7388404929079115
  landing: 1.005788953974843
  view-data: 3.3866547462530434
