times:
  edit-metadata: 1.506014108657837
  landing: 0.8514849431812763
  view-data: 3.379842633381486
