times:
  edit-metadata: 4.164644142612815
  landing: 0.6382100265473127
  view-data: 0.7046048399060965
