times:
  edit-metadata: 1.451124683022499
  landing: 0.7920860331505537
  view-data: 3.345313059166074
