times:
  landing: 1.0605531119999796
  view-data: 0.5458527890000369
