times:
  landing: 0.5541997950000166
  view-data: 0.06039609999999129
