times:
  edit-metadata: 4.043057097122073
  landing: 1.6214777156710625
  view-data: 0.6835909392684698
