times:
  edit-metadata: 4.189895521849394
  landing: 0.7976728640496731
  view-data: 0.5229280721396208
