times:
  edit-metadata: 1.6554343467578292
  landing: 0.04290934931486845
  view-data: 0.24044309509918094
