times:
  edit-metadata: 1.5810640528798103
  landing: 0.8616532646119595
  view-data: 3.313274411484599
