times:
  edit-metadata: 1.6273934859782457
  landing: 0.04938081232830882
  view-data: 0.25071509974077344
