times:
  edit-metadata: 4.146507516503334
  landing: 0.6673874277621508
  view-data: 0.2819732651114464
