times:
  edit-metadata: 3.7906783558428288
  landing: 0.051924481987953186
  view-data: 0.28827495127916336
