times:
  edit-metadata: 1.6654634783044457
  landing: 0.04744171816855669
  view-data: 0.2580008339136839
