times:
  edit-metadata: 2.61998123396188
  landing: 0.020035360008478165
  view-data: 0.02492943685501814
