times:
  landing: 0.580357231999983
  view-data: 0.5640677000000096
