times:
  edit-metadata: 1.7637898791581392
  landing: 0.9623557049781084
  view-data: 3.349259788170457
