times:
  edit-metadata: 4.110393164679408
  landing: 0.589944563806057
  view-data: 0.40368827246129513
