times:
  edit-metadata: 2.634896647185087
  landing: 0.2512584626674652
  view-data: 0.3251108694821596
