times:
  edit-metadata: 1.8877611011266708
  landing: 0.06038778182119131
  view-data: 0.2804960520006716
