times:
  edit-metadata: 3.4474086072295904
  landing: 0.2749651223421097
  view-data: 0.2692771591246128
