times:
  edit-metadata: 1.6228907969780266
  landing: 0.0461461148224771
  view-data: 0.25142517127096653
