times:
  edit-metadata: 2.859940272755921
  landing: 0.039755289908498526
  view-data: 0.2383832149207592
