times:
  edit-metadata: 2.7656912840902805
  landing: 0.020031763240695
  view-data: 0.025898108258843422
