times:
  edit-metadata: 2.7916697110049427
  landing: 0.05081998324021697
  view-data: 0.24846308398991823
