times:
  edit-metadata: 1.8836694720666856
  landing: 0.07408061111345887
  view-data: 0.27844142401590943
