times:
  edit-metadata: 2.6510451175272465
  landing: 0.12178593315184116
  view-data: 0.4188456116244197
