times:
  edit-metadata: 1.4794519348070025
  landing: 0.8449135739356279
  view-data: 3.3950587725266814
