times:
  landing: 0.5469841660000156
  view-data: 0.5523488740000175
