times:
  edit-metadata: 4.143577102571726
  landing: 0.8290266897529364
  view-data: 0.4057010393589735
