times:
  edit-metadata: 1.8903772421181202
  landing: 1.1012102495878935
  view-data: 3.4745214972645044
