times:
  landing: 0.5520399120000548
  view-data: 0.5835809900002005
