times:
  edit-metadata: 1.470463170669973
  landing: 0.9063020395115018
  view-data: 3.398577961139381
