times:
  landing: 1.0815284059999613
  view-data: 0.5581666319999954
