times:
  edit-metadata: 3.0213190764188766
  landing: 0.10968551598489285
  view-data: 0.39965398609638214
