times:
  edit-metadata: 2.882693317020312
  landing: 0.05336043701390736
  view-data: 0.24232188501628116
