times:
  edit-metadata: 1.6800064044073224
  landing: 1.0912192286923528
  view-data: 3.4269237937405705
