times:
  landing: 0.5516532229999029
  view-data: 0.5572805870000366
