times:
  edit-metadata: 2.840708392992383
  landing: 0.040635632001794875
  view-data: 0.24572415900183842
