times:
  edit-metadata: 2.86573307774961
  landing: 0.21870966628193855
  view-data: 0.49196432903409004
