times:
  landing: 0.5584424049999939
  view-data: 0.5597358070000382
