times:
  edit-metadata: 1.606531985104084
  landing: 0.9776770584285259
  view-data: 3.430612877011299
