times:
  edit-metadata: 1.9494797720108181
  landing: 0.046564785996451974
  view-data: 0.2728833690052852
