times:
  edit-metadata: 1.4289466962218285
  landing: 0.8636669404804707
  view-data: 3.342620600014925
