times:
  landing: 0.5581456589999902
  view-data: 0.5755463039999995
