times:
  edit-metadata: 3.003279821947217
  landing: 0.020143229514360428
  view-data: 0.02667475864291191
