times:
  edit-metadata: 4.222954705357552
  landing: 0.7930170558393002
  view-data: 0.2774815745651722
