times:
  edit-metadata: 2.0012874079984613
  landing: 0.06628864596132189
  view-data: 0.2821066600154154
