times:
  edit-metadata: 3.700554508715868
  landing: 0.051273565739393234
  view-data: 0.28968068584799767
