times:
  landing: 1.0651198390000332
  view-data: 0.5438150260000043
