times:
  edit-metadata: 1.594032339984551
  landing: 1.0211055829422548
  view-data: 3.381559045985341
