times:
  edit-metadata: 2.5840560058131814
  landing: 0.12807932402938604
  view-data: 0.4356746240518987
