times:
  edit-metadata: 2.9138996191322803
  landing: 0.1983819343149662
  view-data: 0.3499399144202471
