times:
  edit-metadata: 3.276604913175106
  landing: 0.021571844816207886
  view-data: 0.3119066469371319
