times:
  landing: 1.0718091799999456
  view-data: 0.5595399189999171
