times:
  edit-metadata: 2.7428478971123695
  landing: 0.021207029931247234
  view-data: 0.025202268734574318
