times:
  edit-metadata: 1.5642499588429928
  landing: 0.8523139394819736
  view-data: 3.4466117694973946
