times:
  edit-metadata: 1.6872844561003149
  landing: 5.748037188779563
  view-data: 3.381411378737539
