times:
  edit-metadata: 2.886962878983468
  landing: 0.04633151879534125
  view-data: 0.24366938299499452
