times:
  landing: 0.550206774000003
  view-data: 0.5495559649999961
