times:
  landing: 1.0634310240000104
  view-data: 0.5484688180000035
