times:
  landing: 0.549439298999971
  view-data: 0.5504792169999746
