times:
  edit-metadata: 1.4955585356801748
  landing: 0.8412416558712721
  view-data: 3.3745494838804007
