times:
  landing: 1.0655584129999625
  view-data: 0.547580967999977
