times:
  edit-metadata: 4.198280803859234
  landing: 0.6145546212792397
  view-data: 0.2724908906966448
