times:
  edit-metadata: 4.305591205134988
  landing: 0.9702802561223507
  view-data: 0.5155203957110643
