times:
  landing: 0.5530503470000099
  view-data: 0.04887627800002292
