times:
  edit-metadata: 3.0457563120871782
  landing: 0.019353773444890976
  view-data: 0.2916031274944544
