times:
  edit-metadata: 2.279933121986687
  landing: 0.061687108129262924
  view-data: 0.283401682972908
