times:
  edit-metadata: 2.6457622023299336
  landing: 0.020362318493425846
  view-data: 0.12509997002780437
