times:
  landing: 0.5628050400000006
  view-data: 0.5472041619999573
