times:
  edit-metadata: 4.251301238313317
  landing: 0.6765138488262892
  view-data: 0.28468603268265724
