times:
  edit-metadata: 1.4829513765871525
  landing: 0.9065603129565716
  view-data: 3.381558783352375
