times:
  edit-metadata: 1.665217406116426
  landing: 0.04701689397916198
  view-data: 0.24982618121430278
