times:
  edit-metadata: 2.6715692235156894
  landing: 0.02081152517348528
  view-data: 0.12206062395125628
