times:
  edit-metadata: 2.060621173121035
  landing: 0.06296392506919801
  view-data: 0.28084199596196413
