times:
  edit-metadata: 2.8459821140859276
  landing: 0.041496308986097574
  view-data: 0.24436503206379712
