times:
  edit-metadata: 1.6650565853342414
  landing: 0.06190223805606365
  view-data: 0.2567787878215313
