times:
  landing: 0.5642448670000135
  view-data: 0.5707230919999802
