times:
  edit-metadata: 3.359815761912614
  landing: 0.04258406604640186
  view-data: 0.24804912600666285
