times:
  edit-metadata: 2.826081783976406
  landing: 0.04472039733082056
  view-data: 0.24707495234906673
