times:
  landing: 1.0746149349999996
  view-data: 0.5614374330000373
