times:
  edit-metadata: 3.0196023359894753
  landing: 1.393082699738443
  view-data: 3.8308867495507
