times:
  edit-metadata: 3.914379194378853
  landing: 0.047014813870191574
  view-data: 0.28925565257668495
