times:
  edit-metadata: 1.4468207135796547
  landing: 0.7646537236869335
  view-data: 3.291134763509035
