times:
  edit-metadata: 1.4154529012739658
  landing: 0.9089849516749382
  view-data: 3.360023718327284
