times:
  edit-metadata: 1.6524650380015373
  landing: 0.04133234918117523
  view-data: 0.24981195013970137
