times:
  edit-metadata: 1.6271746158599854
  landing: 0.8420818969607353
  view-data: 3.374026644974947
