times:
  edit-metadata: 2.8466492040024605
  landing: 0.04946359299356118
  view-data: 0.24656697000318673
