times:
  edit-metadata: 3.2738974280655384
  landing: 0.02822321653366089
  view-data: 0.268441516906023
