times:
  landing: 1.0759252650000235
  view-data: 0.5509485200000199
