times:
  landing: 0.5561462219999953
  view-data: 0.5619755480000208
