times:
  landing: 1.0785157630000413
  view-data: 0.5617729619999636
