times:
  edit-metadata: 2.8163570794276893
  landing: 0.04172406205907464
  view-data: 0.24859684612601995
