times:
  edit-metadata: 1.9452408328652382
  landing: 0.07105708308517933
  view-data: 0.26991126872599125
