times:
  edit-metadata: 2.4621072891168296
  landing: 0.04309477424249053
  view-data: 0.3356965887360275
