times:
  edit-metadata: 1.9951154999434948
  landing: 0.07000976288691163
  view-data: 0.2729363520629704
