times:
  edit-metadata: 1.9018633689847775
  landing: 0.07049833895871416
  view-data: 0.2871510779950768
