times:
  edit-metadata: 2.656498867087066
  landing: 0.021811898797750473
  view-data: 0.1250336142256856
