times:
  edit-metadata: 2.376507304608822
  landing: 1.346001822501421
  view-data: 3.637670759111643
