times:
  edit-metadata: 1.5945613123476505
  landing: 0.9794263020157814
  view-data: 3.382655095309019
