times:
  edit-metadata: 2.797387002967298
  landing: 0.04591174493543804
  view-data: 0.24312161491252482
