times:
  landing: 1.0936874250000415
  view-data: 0.5588101989999927
