times:
  edit-metadata: 1.3721344850491732
  landing: 0.9672276499914005
  view-data: 3.4194340909598395
