times:
  edit-metadata: 1.6501292642205954
  landing: 1.0911222267895937
  view-data: 3.343330876901746
