times:
  edit-metadata: 2.6518089789897203
  landing: 0.024444127455353737
  view-data: 0.4085401678457856
