times:
  edit-metadata: 3.0190126770175993
  landing: 0.0500788320787251
  view-data: 0.2526424808893353
