times:
  edit-metadata: 2.3141692355275154
  landing: 1.2766250614076853
  view-data: 3.472585218027234
