times:
  edit-metadata: 1.4916152525693178
  landing: 0.8284648340195417
  view-data: 3.3835441945120692
