times:
  edit-metadata: 1.6506931781768799
  landing: 1.0609540976583958
  view-data: 3.344420712441206
