times:
  landing: 0.5520171169999912
  view-data: 0.5583655590000376
