times:
  edit-metadata: 1.671880149282515
  landing: 0.051384889520704746
  view-data: 0.2646262748166919
