times:
  edit-metadata: 1.6009510373696685
  landing: 0.047171334736049175
  view-data: 0.25393004389479756
