times:
  landing: 1.0729226119999566
  view-data: 0.5544896089999725
