times:
  edit-metadata: 2.648806991055608
  landing: 0.01971110701560974
  view-data: 0.024418397806584835
