times:
  edit-metadata: 4.286585660651326
  landing: 0.600096944719553
  view-data: 0.2883526850491762
