times:
  edit-metadata: 2.9301740971859545
  landing: 0.04918245901353657
  view-data: 0.24258091510273516
