times:
  edit-metadata: 2.9036539429798722
  landing: 0.05687729315832257
  view-data: 0.23999498132616282
