times:
  landing: 0.5401371860000381
  view-data: 0.5483647999999448
