times:
  edit-metadata: 1.642963483929634
  landing: 0.04765206761658192
  view-data: 0.25040402449667454
