times:
  edit-metadata: 4.241156818345189
  landing: 0.5944204665720463
  view-data: 0.6999522168189287
