times:
  edit-metadata: 1.6005303803831339
  landing: 0.9126347582787275
  view-data: 3.4183154925704002
