times:
  landing: 0.5534228719999987
  view-data: 0.5643283730000235
