times:
  edit-metadata: 2.9908005092293024
  landing: 0.018995216116309166
  view-data: 0.02321186289191246
