times:
  edit-metadata: 3.4195984564721584
  landing: 0.16332669742405415
  view-data: 0.028261689469218254
