times:
  edit-metadata: 2.95990252494812
  landing: 0.1365380510687828
  view-data: 0.3645196780562401
