times:
  landing: 1.0586950240000306
  view-data: 0.5506289489999858
