times:
  edit-metadata: 1.4316423330456018
  landing: 0.8473600149154663
  view-data: 3.3695274889469147
