times:
  edit-metadata: 3.4263513274490833
  landing: 0.27122228778898716
  view-data: 0.029288971796631813
