times:
  landing: 0.5522219989999826
  view-data: 0.5539569970000002
