times:
  edit-metadata: 3.807924933731556
  landing: 0.042914293706417084
  view-data: 0.2915329150855541
