times:
  edit-metadata: 4.1368916146457195
  landing: 0.8559952173382044
  view-data: 0.5069469399750233
