times:
  edit-metadata: 4.091903571039438
  landing: 0.04473438300192356
  view-data: 0.29956439323723316
