times:
  landing: 0.5517718589999845
  view-data: 0.5577379979999932
