times:
  edit-metadata: 3.0569933764636517
  landing: 0.26680550910532475
  view-data: 0.12535845674574375
