times:
  edit-metadata: 2.922939572483301
  landing: 0.021480489522218704
  view-data: 0.026349173858761787
