times:
  edit-metadata: 1.5704923812299967
  landing: 0.9096738020889461
  view-data: 3.314576494973153
