times:
  edit-metadata: 2.7126967208459973
  landing: 0.022168735042214394
  view-data: 0.024097309447824955
