times:
  edit-metadata: 4.191055681556463
  landing: 0.6494326796382666
  view-data: 0.4020684137940407
