times:
  edit-metadata: 1.4530396796762943
  landing: 0.9501477852463722
  view-data: 3.3405197858810425
