times:
  edit-metadata: 1.3995472230017185
  landing: 0.8793316148221493
  view-data: 3.290645532310009
