times:
  edit-metadata: 2.803919857367873
  landing: 0.05014210566878319
  view-data: 0.24987967731431127
