times:
  edit-metadata: 4.077119426801801
  landing: 0.5468644741922617
  view-data: 0.27783554792404175
