times:
  edit-metadata: 2.282477498985827
  landing: 0.08169400901533663
  view-data: 0.2755438599851914
