times:
  edit-metadata: 4.1199691239744425
  landing: 1.1038430519402027
  view-data: 0.6898130942136049
