times:
  edit-metadata: 1.5133413821458817
  landing: 0.9014100693166256
  view-data: 3.3613555869087577
