times:
  edit-metadata: 4.414832239970565
  landing: 0.49926030077040195
  view-data: 0.28376022540032864
