times:
  edit-metadata: 4.055072834715247
  landing: 0.7775167021900415
  view-data: 0.848961865529418
