times:
  edit-metadata: 3.0635370574891567
  landing: 0.6153352987021208
  view-data: 0.24610430002212524
