times:
  edit-metadata: 2.961257014423609
  landing: 0.12855526618659496
  view-data: 0.37725599482655525
