times:
  edit-metadata: 1.6773127070628107
  landing: 0.04028058284893632
  view-data: 0.2588871349580586
