times:
  edit-metadata: 2.648348386399448
  landing: 0.11922947596758604
  view-data: 0.4824153380468488
