times:
  edit-metadata: 1.5655879536643624
  landing: 0.8380257403478026
  view-data: 3.376279911957681
