times:
  edit-metadata: 2.640679031610489
  landing: 0.18943281657993793
  view-data: 0.026512714102864265
