times:
  edit-metadata: 2.100049540400505
  landing: 1.159114547073841
  view-data: 3.431944467127323
