times:
  edit-metadata: 1.5215850435197353
  landing: 0.9896556809544563
  view-data: 3.3516123481094837
