times:
  landing: 1.070275716000026
  view-data: 0.5573599990000275
