times:
  edit-metadata: 4.4461143128573895
  landing: 0.38423014990985394
  view-data: 0.27881061658263206
