times:
  edit-metadata: 4.193847419694066
  landing: 1.1926903743296862
  view-data: 0.3998156674206257
