times:
  landing: 1.5862883949999969
  view-data: 0.5647841820000394
