times:
  edit-metadata: 2.858533261111006
  landing: 0.04766924912109971
  view-data: 0.24675121810287237
