times:
  edit-metadata: 3.02849399484694
  landing: 0.02165062166750431
  view-data: 0.15025610849261284
