times:
  edit-metadata: 1.4189989920705557
  landing: 0.8477835860103369
  view-data: 3.4055526577867568
