times:
  edit-metadata: 1.3292383421212435
  landing: 0.7781087290495634
  view-data: 3.371386205777526
