times:
  edit-metadata: 2.6262248987331986
  landing: 0.0203199265524745
  view-data: 0.024510965682566166
