times:
  edit-metadata: 1.4355609491467476
  landing: 0.8778431480750442
  view-data: 3.345759973861277
