times:
  edit-metadata: 2.630067233927548
  landing: 0.023904220201075077
  view-data: 0.45601463969796896
