times:
  edit-metadata: 3.675441368483007
  landing: 0.3160240584984422
  view-data: 0.5479032881557941
