times:
  edit-metadata: 2.6854226728901267
  landing: 0.22256557177752256
  view-data: 0.4401473728939891
