times:
  landing: 0.5489270260000012
  view-data: 0.5796557339999708
