times:
  edit-metadata: 1.6052753096446395
  landing: 0.8555483743548393
  view-data: 3.4213938424363732
