times:
  edit-metadata: 3.0135724004358053
  landing: 0.1542848628014326
  view-data: 0.0534204076975584
