times:
  landing: 0.5431986870000287
  view-data: 0.5546918910000045
