times:
  edit-metadata: 1.6282136142253876
  landing: 0.818222664296627
  view-data: 3.4689617194235325
