times:
  edit-metadata: 1.8651492223143578
  landing: 0.06860003108158708
  view-data: 0.2782411971129477
