times:
  landing: 1.0718920310000613
  view-data: 0.5543159290000403
