times:
  edit-metadata: 2.7823658883571625
  landing: 0.04523752722889185
  view-data: 0.24000977957621217
