times:
  edit-metadata: 2.636646623723209
  landing: 0.21581930480897427
  view-data: 0.12281200662255287
