times:
  edit-metadata: 1.6655925558879972
  landing: 0.05105997808277607
  view-data: 0.2578191217035055
