times:
  landing: 0.5417920749999894
  view-data: 0.5484114580000039
