times:
  edit-metadata: 2.6488854261115193
  landing: 0.2251009987667203
  view-data: 0.024075647816061974
