times:
  landing: 1.077419500000019
  view-data: 0.5600761700000021
