times:
  edit-metadata: 1.7496667206287384
  landing: 1.2223558761179447
  view-data: 3.3493184335529804
