times:
  landing: 1.0877384290000123
  view-data: 0.5615707520000228
