times:
  edit-metadata: 1.9587972918525338
  landing: 0.08078480884432793
  view-data: 0.2890683258883655
