times:
  edit-metadata: 2.791747447103262
  landing: 0.0515108029358089
  view-data: 0.24559297505766153
