times:
  edit-metadata: 1.4599791951477528
  landing: 0.847640838008374
  view-data: 3.404656316153705
