times:
  edit-metadata: 3.0699104480445385
  landing: 0.21063993871212006
  view-data: 0.3481718525290489
