times:
  edit-metadata: 2.5856757862493396
  landing: 0.018568615429103374
  view-data: 0.025424949824810028
