times:
  edit-metadata: 2.8488210599170998
  landing: 0.04492939310148358
  view-data: 0.24332561797928065
