times:
  edit-metadata: 3.827193461358547
  landing: 0.0453825369477272
  view-data: 0.2893538773059845
