times:
  edit-metadata: 1.9818342089420184
  landing: 0.0641441709594801
  view-data: 0.2864994459087029
