times:
  edit-metadata: 2.9747416246682405
  landing: 0.12864959985017776
  view-data: 0.11682017520070076
