times:
  edit-metadata: 1.9381756789516658
  landing: 0.06856997101567686
  view-data: 0.27337847207672894
