times:
  edit-metadata: 1.5190667528659105
  landing: 0.7865647748112679
  view-data: 3.3789424262940884
