times:
  edit-metadata: 1.600079646334052
  landing: 0.7450647614896297
  view-data: 3.392568791285157
