times:
  edit-metadata: 5.729069233871996
  landing: 0.31573336012661457
  view-data: 0.7314141960814595
