times:
  edit-metadata: 1.5215781461447477
  landing: 0.7754616755992174
  view-data: 3.406080285087228
