times:
  edit-metadata: 1.5862163938581944
  landing: 0.9503456242382526
  view-data: 3.3693295158445835
