times:
  edit-metadata: 1.6243602130562067
  landing: 0.050009062979370356
  view-data: 0.2531897318549454
