times:
  edit-metadata: 4.158079767599702
  landing: 0.04263770766556263
  view-data: 0.28630854934453964
