times:
  edit-metadata: 2.661366157233715
  landing: 0.021163668483495712
  view-data: 0.02810312621295452
