times:
  edit-metadata: 2.6490935925394297
  landing: 0.01897276658564806
  view-data: 0.02709984965622425
