times:
  edit-metadata: 2.8978772908449173
  landing: 0.04748564097099006
  view-data: 0.24529664311558008
