times:
  edit-metadata: 2.9953770749270916
  landing: 0.045633038971573114
  view-data: 0.2785550900734961
