times:
  edit-metadata: 2.6701297806575894
  landing: 0.02314646914601326
  view-data: 0.09989258926361799
