times:
  edit-metadata: 2.3738242243416607
  landing: 0.11264116317033768
  view-data: 0.2655798140913248
