times:
  landing: 0.5486900050000258
  view-data: 0.5533328109999616
