times:
  landing: 0.5504408269999885
  view-data: 0.5557878139999843
