times:
  landing: 0.5582948480000027
  view-data: 0.5580575360000353
