times:
  edit-metadata: 1.6541722044348717
  landing: 1.157530166208744
  view-data: 3.3712952993810177
