times:
  edit-metadata: 1.8879797421395779
  landing: 1.2459672391414642
  view-data: 3.4168069548904896
