times:
  edit-metadata: 3.754682991653681
  landing: 0.041108112782239914
  view-data: 0.295695748180151
