times:
  edit-metadata: 1.637937850318849
  landing: 0.040257958229631186
  view-data: 0.24596371036022902
