times:
  edit-metadata: 3.8152054788079113
  landing: 0.0695687469560653
  view-data: 0.2574162029195577
