times:
  edit-metadata: 1.5657534506171942
  landing: 0.921023840084672
  view-data: 3.436718115583062
