times:
  edit-metadata: 2.978762084618211
  landing: 0.1185443103313446
  view-data: 0.12177598848938942
