times:
  edit-metadata: 1.8924343201797456
  landing: 0.06645714002661407
  view-data: 0.291605229023844
