times:
  edit-metadata: 3.680005472153425
  landing: 0.03923782706260681
  view-data: 0.2861648388206959
