times:
  landing: 0.562643511999994
  view-data: 0.5470454400000051
