times:
  landing: 0.5494313149999925
  view-data: 0.5521136330000331
