times:
  edit-metadata: 1.6494997777044773
  landing: 0.8744698092341423
  view-data: 3.431826716288924
