times:
  landing: 0.5536173989999611
  view-data: 0.5631473519999872
