times:
  landing: 1.0663968289999843
  view-data: 0.5577829030000316
