times:
  edit-metadata: 1.9813602960202843
  landing: 0.05705401906743646
  view-data: 0.27799305599182844
