times:
  edit-metadata: 3.638590481132269
  landing: 0.04727103188633919
  view-data: 0.2790088728070259
