times:
  edit-metadata: 1.5986578399315476
  landing: 0.906039962079376
  view-data: 3.7357400190085173
