times:
  landing: 0.5458070829999997
  view-data: 0.5493804320000208
