times:
  edit-metadata: 1.8711149920127355
  landing: 0.07160738296806812
  view-data: 0.28387243003817275
