times:
  edit-metadata: 2.752791551873088
  landing: 0.018707240000367165
  view-data: 0.4659141758456826
