times:
  edit-metadata: 3.7493682093918324
  landing: 0.03941451758146286
  view-data: 0.29758454486727715
