times:
  edit-metadata: 1.5417759560514241
  landing: 0.8133467088919133
  view-data: 3.3529721710365266
