times:
  edit-metadata: 1.4164058724418283
  landing: 0.7540217665955424
  view-data: 3.2954253321513534
