times:
  edit-metadata: 1.9585753050632775
  landing: 0.07213783008046448
  view-data: 0.2927945221308619
