times:
  edit-metadata: 2.610082745552063
  landing: 0.019170519895851612
  view-data: 0.12595862429589033
