times:
  edit-metadata: 1.8607027500111144
  landing: 0.06705115499789827
  view-data: 0.28223555101430975
