times:
  edit-metadata: 2.0787173402495682
  landing: 0.04809052497148514
  view-data: 0.3847334748134017
