times:
  landing: 0.5580301349999672
  view-data: 0.08793900900002427
