times:
  edit-metadata: 1.4905343912541866
  landing: 0.9025272987782955
  view-data: 3.272564012557268
