times:
  edit-metadata: 1.7096964735537767
  landing: 0.9270556420087814
  view-data: 3.471878871321678
