times:
  edit-metadata: 1.6850314065814018
  landing: 1.3910147175192833
  view-data: 3.5987211763858795
