times:
  edit-metadata: 1.4029732421040535
  landing: 0.7993777990341187
  view-data: 3.562758468091488
