times:
  edit-metadata: 1.4440438374876976
  landing: 0.7954075634479523
  view-data: 3.4317348822951317
