times:
  edit-metadata: 1.5268769636750221
  landing: 0.7794201970100403
  view-data: 3.445221960544586
