times:
  edit-metadata: 1.3395323902368546
  landing: 0.7821316048502922
  view-data: 3.534869223833084
