times:
  edit-metadata: 1.491470880806446
  landing: 0.8980387523770332
  view-data: 3.5603850185871124
