times:
  edit-metadata: 1.3488163352012634
  landing: 0.7977883070707321
  view-data: 3.7433167099952698
