times:
  edit-metadata: 1.4082223251461983
  landing: 0.8495445922017097
  view-data: 3.50517874956131
