times:
  edit-metadata: 1.4648316502571106
  landing: 0.8343678936362267
  view-data: 3.515058994293213
