times:
  edit-metadata: 1.3736737966537476
  landing: 0.8609172254800797
  view-data: 3.503461003303528
