times:
  edit-metadata: 1.3795043155550957
  landing: 0.7390444874763489
  view-data: 3.520643472671509
