times:
  edit-metadata: 1.3846385404467583
  landing: 0.7763967141509056
  view-data: 3.3975979909300804
