times:
  edit-metadata: 1.4611864164471626
  landing: 1.0028356164693832
  view-data: 3.528262235224247
