times:
  edit-metadata: 1.353936329483986
  landing: 0.755941204726696
  view-data: 3.4922246038913727
