times:
  edit-metadata: 1.3932336494326591
  landing: 0.7114405483007431
  view-data: 3.4865428060293198
