times:
  edit-metadata: 1.4619700461626053
  landing: 0.7689458727836609
  view-data: 3.3714546263217926
