times:
  edit-metadata: 1.4320742562413216
  landing: 0.7952672317624092
  view-data: 3.4242823719978333
