times:
  edit-metadata: 1.9562650248408318
  landing: 0.9878511503338814
  view-data: 3.4818073138594627
