times:
  edit-metadata: 1.7884779945015907
  landing: 0.9345740228891373
  view-data: 3.554287515580654
