times:
  edit-metadata: 1.4742079302668571
  landing: 0.7682205066084862
  view-data: 3.4146908968687057
