times:
  edit-metadata: 1.2628124877810478
  landing: 0.8446784466505051
  view-data: 3.469879098236561
