times:
  edit-metadata: 1.4126709699630737
  landing: 0.8121605515480042
  view-data: 3.4347933530807495
