times:
  edit-metadata: 1.5016180649399757
  landing: 0.7889415621757507
  view-data: 3.438320219516754
