times:
  edit-metadata: 1.424101561307907
  landing: 0.6927722990512848
  view-data: 3.468075804412365
