times:
  edit-metadata: 1.463389441370964
  landing: 0.7106427624821663
  view-data: 3.4514939710497856
