times:
  edit-metadata: 1.548958346247673
  landing: 0.7289787903428078
  view-data: 3.478356160223484
