times:
  edit-metadata: 1.3718984350562096
  landing: 0.783527061343193
  view-data: 3.4537501111626625
