times:
  edit-metadata: 1.3333532065153122
  landing: 0.747572086751461
  view-data: 3.451832599937916
