times:
  edit-metadata: 1.4147609770298004
  landing: 0.8145460709929466
  view-data: 3.4854584857821465
