times:
  edit-metadata: 1.3570047616958618
  landing: 0.9167877361178398
  view-data: 3.464238241314888
