times:
  edit-metadata: 1.3568773865699768
  landing: 0.7526464760303497
  view-data: 3.4996764436364174
