times:
  edit-metadata: 1.546841025352478
  landing: 0.7801528647542
  view-data: 3.4448467046022415
