times:
  edit-metadata: 2.3810367360711098
  landing: 1.242148831486702
  view-data: 3.750734731554985
