times:
  edit-metadata: 1.466372013092041
  landing: 0.8231542780995369
  view-data: 3.4911892265081406
