times:
  edit-metadata: 1.4282867386937141
  landing: 0.8386073112487793
  view-data: 3.513126753270626
