times:
  edit-metadata: 1.337965376675129
  landing: 0.7463628873229027
  view-data: 3.437909908592701
