times:
  edit-metadata: 4.615624450147152
  landing: 1.6065128296613693
  view-data: 3.9367081448435783
