times:
  edit-metadata: 1.4746551737189293
  landing: 0.7341034188866615
  view-data: 3.376208558678627
