times:
  edit-metadata: 1.42807587236166
  landing: 0.7530933618545532
  view-data: 3.497029848396778
