times:
  edit-metadata: 1.4432049244642258
  landing: 0.8358578532934189
  view-data: 3.516579508781433
