times:
  edit-metadata: 1.5460502356290817
  landing: 0.7183139696717262
  view-data: 3.4857516661286354
