times:
  edit-metadata: 1.3627470210194588
  landing: 0.7305878400802612
  view-data: 3.473528780043125
