times:
  edit-metadata: 1.3413880094885826
  landing: 0.845943458378315
  view-data: 3.3965288028120995
