times:
  edit-metadata: 1.366214819252491
  landing: 0.7768019959330559
  view-data: 3.4741552770137787
