times:
  edit-metadata: 1.5220648869872093
  landing: 0.7741355001926422
  view-data: 3.4565609470009804
