times:
  edit-metadata: 1.4398990869522095
  landing: 0.7544721588492393
  view-data: 3.5665942654013634
