times:
  edit-metadata: 1.4316095411777496
  landing: 0.7448850199580193
  view-data: 3.497252508997917
