times:
  edit-metadata: 1.3754826411604881
  landing: 0.7733293175697327
  view-data: 3.503617189824581
