times:
  edit-metadata: 1.5444206446409225
  landing: 1.077196829020977
  view-data: 3.738471545279026
