times:
  edit-metadata: 1.4030755907297134
  landing: 0.7856681793928146
  view-data: 3.49820264428854
