times:
  edit-metadata: 1.4000077545642853
  landing: 0.8081578835844994
  view-data: 3.4867844581604004
