times:
  edit-metadata: 1.3759120851755142
  landing: 0.9070746377110481
  view-data: 3.4318777546286583
