times:
  edit-metadata: 1.41391159594059
  landing: 0.7925592958927155
  view-data: 3.545073226094246
