times:
  edit-metadata: 1.419114664196968
  landing: 0.9335785731673241
  view-data: 3.5904671251773834
