times:
  edit-metadata: 1.4761797934770584
  landing: 0.8111990839242935
  view-data: 3.436077743768692
