times:
  edit-metadata: 1.423889122903347
  landing: 0.7570414766669273
  view-data: 3.456606902182102
