times:
  edit-metadata: 1.4667117074131966
  landing: 0.8415364697575569
  view-data: 3.423276387155056
