times:
  edit-metadata: 1.425760842859745
  landing: 0.7540670782327652
  view-data: 3.5095286816358566
