times:
  edit-metadata: 1.4938491955399513
  landing: 0.919560506939888
  view-data: 3.4409556165337563
