times:
  edit-metadata: 1.431690864264965
  landing: 0.7357934862375259
  view-data: 3.4423920661211014
