times:
  edit-metadata: 1.4263678789138794
  landing: 0.8146131485700607
  view-data: 3.6248019710183144
