times:
  edit-metadata: 1.38618952780962
  landing: 0.7524335235357285
  view-data: 3.494609482586384
