times:
  edit-metadata: 1.4278817102313042
  landing: 0.7577487751841545
  view-data: 3.517021670937538
