times:
  edit-metadata: 1.5340187475085258
  landing: 0.8160476610064507
  view-data: 3.4565415158867836
