times:
  edit-metadata: 1.3529005497694016
  landing: 0.7774758115410805
  view-data: 3.43467216193676
