times:
  edit-metadata: 1.4751894250512123
  landing: 0.8573878556489944
  view-data: 3.5442659482359886
