times:
  edit-metadata: 1.4524056315422058
  landing: 0.8218517675995827
  view-data: 3.516380436718464
