times:
  edit-metadata: 1.4525780230760574
  landing: 0.8471116945147514
  view-data: 3.469677150249481
