times:
  edit-metadata: 1.4959852322936058
  landing: 0.799480639398098
  view-data: 3.5465877652168274
