times:
  edit-metadata: 1.5594050586223602
  landing: 0.8095478788018227
  view-data: 3.2686438001692295
