times:
  edit-metadata: 1.4429117813706398
  landing: 0.8117171376943588
  view-data: 3.302265763282776
