times:
  edit-metadata: 1.5254512056708336
  landing: 0.852975457906723
  view-data: 3.363110266625881
