times:
  edit-metadata: 1.3334398344159126
  landing: 0.8016627840697765
  view-data: 3.309150990098715
