times:
  edit-metadata: 1.3371338918805122
  landing: 0.7320982292294502
  view-data: 3.2984107062220573
