times:
  edit-metadata: 1.5171571746468544
  landing: 0.6812135875225067
  view-data: 3.4232781678438187
