times:
  edit-metadata: 2.0443377047777176
  landing: 0.9034925401210785
  view-data: 3.621358282864094
