times:
  edit-metadata: 1.585935428738594
  landing: 0.8180098235607147
  view-data: 3.3301063999533653
