times:
  edit-metadata: 1.3637291267514229
  landing: 0.7613384574651718
  view-data: 3.5078184008598328
