times:
  edit-metadata: 1.3947981297969818
  landing: 0.7929710894823074
  view-data: 3.308262564241886
