times:
  edit-metadata: 2.187178812921047
  landing: 1.365313820540905
  view-data: 3.6210948526859283
