times:
  edit-metadata: 1.3759097903966904
  landing: 0.8264307007193565
  view-data: 3.287124328315258
