times:
  edit-metadata: 1.3724168837070465
  landing: 0.769887663424015
  view-data: 3.4800605177879333
