times:
  edit-metadata: 1.4042398035526276
  landing: 0.7734509781002998
  view-data: 3.390724617987871
