times:
  edit-metadata: 1.488589782267809
  landing: 0.8297977447509766
  view-data: 3.3030918948352337
