times:
  edit-metadata: 1.5514787510037422
  landing: 0.8756500668823719
  view-data: 3.3527552522718906
