times:
  edit-metadata: 1.485653668642044
  landing: 0.7903503738343716
  view-data: 3.379276752471924
