times:
  edit-metadata: 1.4197866544127464
  landing: 0.7880422733724117
  view-data: 3.405535504221916
