times:
  edit-metadata: 1.303122103214264
  landing: 0.8747060745954514
  view-data: 3.8343441262841225
