times:
  edit-metadata: 1.4296684488654137
  landing: 0.7229787036776543
  view-data: 3.478075161576271
