times:
  edit-metadata: 1.4904980026185513
  landing: 0.8740065544843674
  view-data: 3.2996363304555416
