times:
  edit-metadata: 1.3542082384228706
  landing: 0.715588703751564
  view-data: 0.527509018778801
