times:
  edit-metadata: 1.4527463801205158
  landing: 0.7590623609721661
  view-data: 3.273290354758501
