times:
  edit-metadata: 1.5285382866859436
  landing: 0.8339969515800476
  view-data: 3.3834303468465805
