times:
  edit-metadata: 1.462899625301361
  landing: 0.733016662299633
  view-data: 3.5516349524259567
