times:
  edit-metadata: 2.054334416985512
  landing: 1.2395546734333038
  view-data: 4.061029125005007
