times:
  edit-metadata: 1.431397631764412
  landing: 0.77326650172472
  view-data: 3.4779440239071846
