times:
  edit-metadata: 1.4834101237356663
  landing: 0.7939663641154766
  view-data: 3.3379102759063244
