times:
  edit-metadata: 1.397648185491562
  landing: 0.7842225581407547
  view-data: 3.504687249660492
