times:
  edit-metadata: 1.4272352904081345
  landing: 0.7589975371956825
  view-data: 3.5361081659793854
