times:
  edit-metadata: 1.3555360361933708
  landing: 0.7542517781257629
  view-data: 3.4366371482610703
