times:
  edit-metadata: 1.3834417015314102
  landing: 0.7371179088950157
  view-data: 3.3406429812312126
