times:
  edit-metadata: 1.4015240222215652
  landing: 0.6787250488996506
  view-data: 3.4969664961099625
