times:
  edit-metadata: 1.399790696799755
  landing: 0.7807041332125664
  view-data: 3.4133728444576263
