times:
  edit-metadata: 1.3705778568983078
  landing: 0.7833828963339329
  view-data: 3.3384683057665825
