times:
  edit-metadata: 1.4122022427618504
  landing: 0.7574416063725948
  view-data: 3.298048969358206
