times:
  edit-metadata: 1.3469937890768051
  landing: 0.7487749382853508
  view-data: 3.2910188548266888
