times:
  edit-metadata: 1.4891578704118729
  landing: 0.9401956796646118
  view-data: 3.482195697724819
