times:
  edit-metadata: 1.3889475092291832
  landing: 0.6933417692780495
  view-data: 3.5052410811185837
