times:
  edit-metadata: 2.7175069078803062
  landing: 1.655289277434349
  view-data: 3.996367856860161
