times:
  edit-metadata: 1.328461978584528
  landing: 0.8283236399292946
  view-data: 3.362333260476589
