times:
  edit-metadata: 1.3833226561546326
  landing: 0.7475856617093086
  view-data: 3.462259203195572
