times:
  edit-metadata: 1.3271649479866028
  landing: 0.8212042190134525
  view-data: 3.299818988889456
