times:
  edit-metadata: 1.4623965546488762
  landing: 0.8055103421211243
  view-data: 3.3014312386512756
