times:
  edit-metadata: 1.3758785091340542
  landing: 0.8982787951827049
  view-data: 3.3074439726769924
