times:
  edit-metadata: 1.34978848695755
  landing: 0.8377682156860828
  view-data: 3.3333772867918015
