times:
  edit-metadata: 1.3688827715814114
  landing: 0.7755208536982536
  view-data: 3.3243647664785385
