times:
  edit-metadata: 1.443320855498314
  landing: 0.7116860747337341
  view-data: 3.4604733139276505
