times:
  edit-metadata: 1.3952907994389534
  landing: 0.8239552080631256
  view-data: 3.3784326314926147
