times:
  edit-metadata: 1.3284535631537437
  landing: 0.7566476836800575
  view-data: 3.3079675808548927
