times:
  edit-metadata: 1.5034589543938637
  landing: 0.7786426246166229
  view-data: 3.5532532706856728
