times:
  edit-metadata: 1.441456787288189
  landing: 0.656206451356411
  view-data: 3.46760406345129
