times:
  edit-metadata: 1.3773882389068604
  landing: 0.672105222940445
  view-data: 3.3812845647335052
