times:
  edit-metadata: 1.4145807027816772
  landing: 0.6797998771071434
  view-data: 3.4406948015093803
