times:
  edit-metadata: 1.5335988327860832
  landing: 0.8772318214178085
  view-data: 3.592570699751377
