times:
  edit-metadata: 1.5481186881661415
  landing: 0.897661954164505
  view-data: 3.340317204594612
