times:
  edit-metadata: 1.4323515966534615
  landing: 0.7013979032635689
  view-data: 3.4583248421549797
