times:
  edit-metadata: 1.661189317703247
  landing: 0.8839594013988972
  view-data: 3.402113765478134
