times:
  edit-metadata: 1.4112275764346123
  landing: 0.7600426226854324
  view-data: 3.4313110634684563
