times:
  edit-metadata: 1.4357407167553902
  landing: 0.7457863427698612
  view-data: 3.3960302397608757
