times:
  edit-metadata: 1.3451676815748215
  landing: 0.7260362654924393
  view-data: 3.4242572337388992
