times:
  edit-metadata: 1.3681405112147331
  landing: 0.7318435162305832
  view-data: 3.496671847999096
