times:
  edit-metadata: 1.438048355281353
  landing: 0.7811571657657623
  view-data: 3.341331511735916
