times:
  edit-metadata: 1.5658495053648949
  landing: 1.5518822856247425
  view-data: 3.40331107378006
