times:
  edit-metadata: 1.4063591584563255
  landing: 0.7786775380373001
  view-data: 3.3023221120238304
