times:
  edit-metadata: 1.487105630338192
  landing: 0.8271027095615864
  view-data: 3.281621992588043
