times:
  edit-metadata: 1.8009909056127071
  landing: 0.8239011391997337
  view-data: 3.367168754339218
