times:
  edit-metadata: 1.3965931609272957
  landing: 0.7702610865235329
  view-data: 3.5144116654992104
