times:
  edit-metadata: 1.3569875955581665
  landing: 0.7555930763483047
  view-data: 3.43112201243639
