times:
  edit-metadata: 1.4163547568023205
  landing: 0.9076081402599812
  view-data: 3.2871179953217506
