times:
  edit-metadata: 1.5280597656965256
  landing: 0.8319293111562729
  view-data: 3.392971523106098
