times:
  edit-metadata: 1.439867340028286
  landing: 1.0306143686175346
  view-data: 3.6184667199850082
