times:
  edit-metadata: 1.3825874328613281
  landing: 0.7248510420322418
  view-data: 3.4814536049962044
