times:
  edit-metadata: 1.4237242490053177
  landing: 0.7834631726145744
  view-data: 3.387812152504921
