times:
  edit-metadata: 1.4431322365999222
  landing: 0.7557596787810326
  view-data: 3.5417503640055656
