times:
  edit-metadata: 1.3710156083106995
  landing: 0.7350144237279892
  view-data: 3.2777951508760452
