times:
  edit-metadata: 1.5441817939281464
  landing: 1.01277194917202
  view-data: 3.4506515450775623
