times:
  edit-metadata: 1.340854424983263
  landing: 0.7710795812308788
  view-data: 3.328499633818865
