times:
  edit-metadata: 1.3245265744626522
  landing: 0.7913873642683029
  view-data: 3.3986926078796387
