times:
  edit-metadata: 1.3764305301010609
  landing: 0.9355085380375385
  view-data: 3.270279873162508
