times:
  edit-metadata: 1.547595702111721
  landing: 0.941699892282486
  view-data: 3.587947331368923
