times:
  edit-metadata: 1.4446598589420319
  landing: 1.0767145901918411
  view-data: 3.3531922698020935
