times:
  edit-metadata: 1.391448400914669
  landing: 0.7481445521116257
  view-data: 3.426214337348938
