times:
  edit-metadata: 1.6229687295854092
  landing: 0.9145810566842556
  view-data: 3.3055810406804085
