times:
  edit-metadata: 1.3867675811052322
  landing: 0.7201040759682655
  view-data: 3.4433426409959793
