times:
  edit-metadata: 1.5209234356880188
  landing: 0.722478985786438
  view-data: 3.4356532841920853
