times:
  edit-metadata: 1.4836759269237518
  landing: 0.7949290350079536
  view-data: 3.2631948962807655
