times:
  edit-metadata: 1.5136752799153328
  landing: 0.7194107472896576
  view-data: 3.4966630786657333
