times:
  edit-metadata: 1.430101253092289
  landing: 0.802831694483757
  view-data: 3.5540186539292336
