times:
  edit-metadata: 1.6685708463191986
  landing: 0.7852123826742172
  view-data: 3.3984975814819336
