times:
  edit-metadata: 1.370045155286789
  landing: 1.0785841792821884
  view-data: 3.310954723507166
