times:
  edit-metadata: 1.3973699137568474
  landing: 0.7172046527266502
  view-data: 3.4382870942354202
