times:
  edit-metadata: 1.5011961534619331
  landing: 0.7750134468078613
  view-data: 3.5386973544955254
