times:
  edit-metadata: 1.483279325067997
  landing: 0.789324164390564
  view-data: 3.5998337268829346
