times:
  edit-metadata: 1.4929325878620148
  landing: 0.7664442732930183
  view-data: 3.513894096016884
