times:
  edit-metadata: 1.4459211826324463
  landing: 0.7805111557245255
  view-data: 3.4736296087503433
