times:
  edit-metadata: 1.6121057011187077
  landing: 0.8321241773664951
  view-data: 3.3085590600967407
