times:
  edit-metadata: 1.4138014018535614
  landing: 0.7122787535190582
  view-data: 3.454686224460602
