times:
  edit-metadata: 3.3971655890345573
  landing: 2.352427937090397
  view-data: 3.831698663532734
