times:
  edit-metadata: 1.4670967534184456
  landing: 0.7185850217938423
  view-data: 3.453587606549263
