times:
  edit-metadata: 1.534101340919733
  landing: 0.9132327996194363
  view-data: 3.3192313462495804
