times:
  edit-metadata: 1.3327897861599922
  landing: 0.9650964811444283
  view-data: 3.2547942847013474
