times:
  edit-metadata: 1.5335392877459526
  landing: 0.7686852440237999
  view-data: 3.4971059188246727
