times:
  edit-metadata: 1.453184388577938
  landing: 0.7438108026981354
  view-data: 3.57366044819355
