times:
  edit-metadata: 1.8053347989916801
  landing: 1.2547506392002106
  view-data: 3.5267891883850098
