times:
  edit-metadata: 1.4060366749763489
  landing: 0.708510085940361
  view-data: 3.5445761308073997
