times:
  edit-metadata: 1.4992893673479557
  landing: 0.814112301915884
  view-data: 3.263251632452011
