times:
  edit-metadata: 1.4079738184809685
  landing: 0.7454535774886608
  view-data: 3.285875827074051
