times:
  edit-metadata: 1.3936675563454628
  landing: 0.7288253158330917
  view-data: 3.456656351685524
