times:
  edit-metadata: 1.311675563454628
  landing: 0.8508662171661854
  view-data: 3.383862189948559
