times:
  edit-metadata: 1.4507213905453682
  landing: 0.7468176707625389
  view-data: 3.465665079653263
