times:
  edit-metadata: 1.424551896750927
  landing: 0.7282444536685944
  view-data: 3.4690077379345894
