times:
  edit-metadata: 1.8091941960155964
  landing: 0.9240393564105034
  view-data: 3.391098704189062
