times:
  edit-metadata: 1.3898137882351875
  landing: 0.7819141298532486
  view-data: 3.422400914132595
