times:
  edit-metadata: 2.0278393365442753
  landing: 1.7601084746420383
  view-data: 3.7352960482239723
