times:
  edit-metadata: 1.6901746094226837
  landing: 0.8050622195005417
  view-data: 3.3349519968032837
