times:
  edit-metadata: 1.6929931789636612
  landing: 1.1258533895015717
  view-data: 3.3711296021938324
