times:
  edit-metadata: 1.4020742326974869
  landing: 0.6960280612111092
  view-data: 3.450925000011921
