times:
  edit-metadata: 1.8791961073875427
  landing: 1.1986938677728176
  view-data: 3.4651309736073017
