times:
  edit-metadata: 1.4156772084534168
  landing: 0.8039152026176453
  view-data: 3.349060870707035
