times:
  edit-metadata: 1.313241671770811
  landing: 0.72391252592206
  view-data: 3.3226620480418205
