times:
  edit-metadata: 1.4774350114166737
  landing: 0.8279059715569019
  view-data: 3.309745691716671
