times:
  edit-metadata: 1.6208646520972252
  landing: 1.0957758575677872
  view-data: 3.7347961366176605
