times:
  edit-metadata: 1.4819898009300232
  landing: 0.7125685513019562
  view-data: 3.4989847913384438
