times:
  edit-metadata: 1.366342455148697
  landing: 0.7769295796751976
  view-data: 3.474238857626915
