times:
  edit-metadata: 1.4577365815639496
  landing: 0.7555165253579617
  view-data: 3.2839474007487297
