times:
  edit-metadata: 1.8169995099306107
  landing: 0.8987865522503853
  view-data: 3.3813344463706017
