times:
  edit-metadata: 1.3495964594185352
  landing: 0.7387640327215195
  view-data: 3.313814550638199
