times:
  edit-metadata: 1.659923106431961
  landing: 0.9266402721405029
  view-data: 3.3471802100539207
