times:
  edit-metadata: 1.5886993743479252
  landing: 0.9899525791406631
  view-data: 3.3833020739257336
