times:
  edit-metadata: 1.5084943622350693
  landing: 0.7817222401499748
  view-data: 3.5143948420882225
