times:
  edit-metadata: 1.4283713214099407
  landing: 0.8214159980416298
  view-data: 3.3457480520009995
