times:
  edit-metadata: 1.8089398555457592
  landing: 0.7541071735322475
  view-data: 3.3252964206039906
