times:
  edit-metadata: 1.5067705139517784
  landing: 0.7457887232303619
  view-data: 3.5190995186567307
