times:
  edit-metadata: 2.319785460829735
  landing: 0.9736690185964108
  view-data: 3.4525933861732483
