times:
  edit-metadata: 1.5419544950127602
  landing: 0.7787747457623482
  view-data: 3.4145524874329567
