times:
  edit-metadata: 1.4846253655850887
  landing: 0.8512986302375793
  view-data: 3.3429407700896263
