times:
  edit-metadata: 1.4923876821994781
  landing: 0.748913511633873
  view-data: 3.2713733538985252
