times:
  edit-metadata: 1.4615715816617012
  landing: 0.9935724586248398
  view-data: 3.5225605964660645
