times:
  edit-metadata: 1.3016464412212372
  landing: 0.7754282057285309
  view-data: 3.492495648562908
