times:
  edit-metadata: 1.594720609486103
  landing: 0.7793027311563492
  view-data: 3.4140708297491074
