times:
  edit-metadata: 1.4369957782328129
  landing: 0.7211395353078842
  view-data: 3.3520168103277683
