times:
  edit-metadata: 1.3929825201630592
  landing: 0.7157248966395855
  view-data: 3.348849445581436
