times:
  edit-metadata: 1.561904825270176
  landing: 1.8186873123049736
  view-data: 3.3889273144304752
