times:
  edit-metadata: 1.3296836465597153
  landing: 0.760735809803009
  view-data: 3.4719426706433296
