times:
  edit-metadata: 1.465657465159893
  landing: 0.7788284942507744
  view-data: 3.489109046757221
