times:
  edit-metadata: 1.4343683645129204
  landing: 0.8222299963235855
  view-data: 3.392073765397072
