times:
  edit-metadata: 1.6208343766629696
  landing: 0.8464559689164162
  view-data: 3.27540560439229
