times:
  edit-metadata: 1.5070777125656605
  landing: 0.8753394335508347
  view-data: 3.443309385329485
