times:
  edit-metadata: 1.4180781543254852
  landing: 0.7504623159766197
  view-data: 3.5767336189746857
