times:
  edit-metadata: 1.481781706213951
  landing: 0.8186790496110916
  view-data: 3.4595952257514
