times:
  edit-metadata: 1.6331376507878304
  landing: 0.9134019389748573
  view-data: 3.5055563002824783
