times:
  edit-metadata: 1.4368352070450783
  landing: 0.7594205811619759
  view-data: 3.331093117594719
