times:
  edit-metadata: 1.8885405510663986
  landing: 1.314457893371582
  view-data: 3.5138763934373856
