times:
  edit-metadata: 1.398319087922573
  landing: 0.7637627497315407
  view-data: 3.3334503397345543
