times:
  edit-metadata: 1.4825801253318787
  landing: 0.7658478692173958
  view-data: 3.4336337745189667
