times:
  edit-metadata: 1.4002991616725922
  landing: 0.7371465936303139
  view-data: 3.330082379281521
