times:
  edit-metadata: 2.031132973730564
  landing: 1.2397215738892555
  view-data: 3.5204867646098137
