times:
  edit-metadata: 2.402208223938942
  landing: 1.1189684569835663
  view-data: 3.8086482621729374
