times:
  edit-metadata: 1.611877791583538
  landing: 0.828876294195652
  view-data: 3.4434004202485085
