times:
  edit-metadata: 1.4489325433969498
  landing: 1.0356701537966728
  view-data: 3.536013290286064
