times:
  edit-metadata: 1.4137626811861992
  landing: 0.7798051163554192
  view-data: 3.5234536826610565
