times:
  edit-metadata: 1.728902205824852
  landing: 1.252760149538517
  view-data: 3.5870474353432655
