times:
  edit-metadata: 2.083434946835041
  landing: 1.0027589909732342
  view-data: 3.2346077524125576
