times:
  edit-metadata: 1.3935412839055061
  landing: 0.7689761370420456
  view-data: 3.4347318932414055
