times:
  edit-metadata: 1.451952651143074
  landing: 0.7282796055078506
  view-data: 3.480937883257866
