times:
  edit-metadata: 1.4928136616945267
  landing: 0.904879055917263
  view-data: 3.4458720311522484
