times:
  edit-metadata: 1.600109413266182
  landing: 0.8529325798153877
  view-data: 3.3180417120456696
