times:
  edit-metadata: 1.4335916712880135
  landing: 0.8414726108312607
  view-data: 3.3389976024627686
