times:
  edit-metadata: 1.3433724232017994
  landing: 0.8047316446900368
  view-data: 3.3629579842090607
