times:
  edit-metadata: 1.4730930179357529
  landing: 0.8759829327464104
  view-data: 3.311653696000576
