times:
  edit-metadata: 1.5326609686017036
  landing: 0.7768896147608757
  view-data: 3.478583239018917
