times:
  edit-metadata: 1.492826409637928
  landing: 1.0070665068924427
  view-data: 3.303481850773096
