times:
  edit-metadata: 1.4719391763210297
  landing: 0.7775088548660278
  view-data: 3.4187416806817055
