times:
  edit-metadata: 1.3923636749386787
  landing: 0.8196060210466385
  view-data: 3.4800940975546837
