times:
  edit-metadata: 1.5597091019153595
  landing: 0.7667431533336639
  view-data: 3.430524528026581
