times:
  edit-metadata: 1.4954189732670784
  landing: 0.8528586700558662
  view-data: 3.4503807574510574
