times:
  edit-metadata: 1.41686300188303
  landing: 0.8166944235563278
  view-data: 3.2988917268812656
