times:
  edit-metadata: 1.4327350184321404
  landing: 0.8243251517415047
  view-data: 3.414449594914913
