times:
  edit-metadata: 1.5032910108566284
  landing: 1.0378756523132324
  view-data: 3.3354969955980778
