times:
  edit-metadata: 1.6186461001634598
  landing: 0.8755968362092972
  view-data: 3.334966354072094
