times:
  edit-metadata: 1.5804015845060349
  landing: 1.017666220664978
  view-data: 3.506495900452137
