times:
  edit-metadata: 1.4034048914909363
  landing: 0.8599480092525482
  view-data: 3.4431708082556725
