times:
  edit-metadata: 1.439521487802267
  landing: 0.8746235854923725
  view-data: 3.285009317100048
