times:
  edit-metadata: 1.9176787286996841
  landing: 1.3702391162514687
  view-data: 3.4587475024163723
