times:
  edit-metadata: 1.3799346312880516
  landing: 0.8199095502495766
  view-data: 3.466603711247444
