times:
  edit-metadata: 1.3856743425130844
  landing: 0.9422426149249077
  view-data: 3.323365844786167
