times:
  edit-metadata: 1.4257182888686657
  landing: 0.7736837193369865
  view-data: 3.293466132134199
