times:
  edit-metadata: 1.4372152164578438
  landing: 0.7787774950265884
  view-data: 3.290130615234375
