times:
  edit-metadata: 1.4695387147367
  landing: 0.7736150287091732
  view-data: 3.3123904801905155
