times:
  edit-metadata: 1.8253203630447388
  landing: 0.9365002140402794
  view-data: 3.617807909846306
