times:
  edit-metadata: 1.386088840663433
  landing: 0.794128492474556
  view-data: 3.5621397271752357
