times:
  edit-metadata: 1.6401537992060184
  landing: 1.1567133478820324
  view-data: 3.315235748887062
