times:
  edit-metadata: 1.371926687657833
  landing: 0.8201867863535881
  view-data: 3.2750116139650345
