times:
  edit-metadata: 1.8960513919591904
  landing: 1.2068049311637878
  view-data: 3.6175804659724236
