times:
  edit-metadata: 1.8720207400619984
  landing: 0.9260836355388165
  view-data: 3.333645734935999
