times:
  edit-metadata: 1.5207551941275597
  landing: 0.8895438611507416
  view-data: 3.4231834188103676
