times:
  edit-metadata: 1.7209789976477623
  landing: 1.1479562669992447
  view-data: 3.383226428180933
