times:
  edit-metadata: 1.4201167449355125
  landing: 0.8434531092643738
  view-data: 3.3421959541738033
