times:
  edit-metadata: 1.4560223519802094
  landing: 0.8306521847844124
  view-data: 3.4284097105264664
