times:
  edit-metadata: 1.4251339882612228
  landing: 0.8097496591508389
  view-data: 3.3333068154752254
