times:
  edit-metadata: 1.4205493107438087
  landing: 0.726425290107727
  view-data: 3.4411965757608414
