times:
  edit-metadata: 1.4637575224041939
  landing: 0.7404168248176575
  view-data: 3.5587503612041473
