times:
  edit-metadata: 1.569854035973549
  landing: 0.9581076353788376
  view-data: 3.3217231556773186
