times:
  edit-metadata: 1.4426221624016762
  landing: 0.8998742029070854
  view-data: 3.3866208903491497
