times:
  edit-metadata: 1.4441397786140442
  landing: 0.7793035209178925
  view-data: 3.5661469399929047
