times:
  edit-metadata: 1.4611660316586494
  landing: 0.7865243330597878
  view-data: 3.4540903717279434
