times:
  edit-metadata: 1.4924722611904144
  landing: 0.750253364443779
  view-data: 3.3005325123667717
