times:
  edit-metadata: 1.5197813957929611
  landing: 0.8500508144497871
  view-data: 3.3270085155963898
