times:
  edit-metadata: 1.3921049162745476
  landing: 0.7808814272284508
  view-data: 3.421374835073948
