times:
  edit-metadata: 1.5059131383895874
  landing: 0.8428915292024612
  view-data: 3.5235270634293556
