times:
  edit-metadata: 1.420624516904354
  landing: 0.7820270843803883
  view-data: 3.3322647623717785
