times:
  edit-metadata: 1.4322643913328648
  landing: 0.8486907705664635
  view-data: 3.3070313669741154
