times:
  edit-metadata: 1.508832074701786
  landing: 0.8497611656785011
  view-data: 3.3244704753160477
