times:
  edit-metadata: 1.425041824579239
  landing: 0.7540523558855057
  view-data: 3.4392270520329475
