times:
  edit-metadata: 2.030907481908798
  landing: 1.4113611280918121
  view-data: 3.35211943089962
