times:
  edit-metadata: 1.3862747475504875
  landing: 0.8346328921616077
  view-data: 3.3633065409958363
