times:
  edit-metadata: 1.311521664261818
  landing: 0.8299289494752884
  view-data: 3.4822110012173653
