times:
  edit-metadata: 1.4461640790104866
  landing: 0.781997062265873
  view-data: 3.3625243231654167
