times:
  edit-metadata: 1.4440460205078125
  landing: 0.7812887355685234
  view-data: 3.38321191072464
