times:
  edit-metadata: 1.4428169131278992
  landing: 0.7783044204115868
  view-data: 3.5018466860055923
