times:
  edit-metadata: 1.388516403734684
  landing: 0.8298932984471321
  view-data: 3.4906920790672302
