times:
  edit-metadata: 1.417017463594675
  landing: 0.8545551970601082
  view-data: 3.290138065814972
