times:
  edit-metadata: 1.3273917883634567
  landing: 0.8865442425012589
  view-data: 3.338017091155052
