times:
  edit-metadata: 1.5707522705197334
  landing: 0.9007336907088757
  view-data: 3.293291885405779
