times:
  edit-metadata: 1.4268427155911922
  landing: 0.842436209321022
  view-data: 3.3682383336126804
