times:
  edit-metadata: 1.4553148597478867
  landing: 0.8296408355236053
  view-data: 3.3769784793257713
