times:
  edit-metadata: 1.3789274282753468
  landing: 0.83723009750247
  view-data: 3.33139730617404
