times:
  edit-metadata: 1.3786002770066261
  landing: 0.8597885072231293
  view-data: 3.419838458299637
