times:
  edit-metadata: 1.4677458927035332
  landing: 0.8500443175435066
  view-data: 3.3000348694622517
