times:
  edit-metadata: 1.4262024834752083
  landing: 0.8102491497993469
  view-data: 3.4762147963047028
