times:
  edit-metadata: 1.416293054819107
  landing: 0.7935898900032043
  view-data: 3.517538957297802
