times:
  edit-metadata: 1.4105115197598934
  landing: 0.8323254510760307
  view-data: 3.256699025630951
