times:
  edit-metadata: 1.5366997122764587
  landing: 0.7969962581992149
  view-data: 3.4674978852272034
