times:
  edit-metadata: 1.4668445885181427
  landing: 0.8076139092445374
  view-data: 3.275048702955246
