times:
  edit-metadata: 1.3362324312329292
  landing: 0.7935177534818649
  view-data: 3.4088466838002205
