times:
  edit-metadata: 1.4433841407299042
  landing: 0.7238536775112152
  view-data: 3.295017644762993
