times:
  edit-metadata: 2.113620989024639
  landing: 1.3590628169476986
  view-data: 3.5209507904946804
