times:
  edit-metadata: 1.999861679971218
  landing: 0.7718830481171608
  view-data: 3.4571365267038345
