times:
  edit-metadata: 1.4908786118030548
  landing: 0.76071897149086
  view-data: 3.4989152178168297
