times:
  edit-metadata: 1.3556115925312042
  landing: 0.8203923031687737
  view-data: 3.304682545363903
