times:
  edit-metadata: 1.41750343516469
  landing: 0.9354508630931377
  view-data: 3.36657727509737
