times:
  edit-metadata: 2.481981970369816
  landing: 1.3760840371251106
  view-data: 3.4662457406520844
