times:
  edit-metadata: 1.4512353539466858
  landing: 0.8158534541726112
  view-data: 3.291442681103945
