times:
  edit-metadata: 1.391457173973322
  landing: 0.9050022549927235
  view-data: 3.3031393103301525
