times:
  edit-metadata: 1.4855380058288574
  landing: 0.7804514281451702
  view-data: 3.336865045130253
