times:
  edit-metadata: 1.3424700424075127
  landing: 0.7886981442570686
  view-data: 3.451814152300358
