times:
  edit-metadata: 1.3682584501802921
  landing: 0.9064246341586113
  view-data: 3.475765909999609
