times:
  edit-metadata: 1.491911955177784
  landing: 0.8079670928418636
  view-data: 3.630021497607231
