times:
  edit-metadata: 1.5410299524664879
  landing: 0.7786491066217422
  view-data: 3.4303652495145798
