times:
  edit-metadata: 2.4547425359487534
  landing: 1.9175163209438324
  view-data: 4.073061749339104
