times:
  edit-metadata: 1.708824284374714
  landing: 1.096617590636015
  view-data: 3.533907163888216
