times:
  edit-metadata: 1.416690468788147
  landing: 0.7271845638751984
  view-data: 3.320235427469015
