times:
  edit-metadata: 1.4879117161035538
  landing: 0.8260327614843845
  view-data: 3.3338184729218483
