times:
  edit-metadata: 1.3925189599394798
  landing: 0.7744176089763641
  view-data: 3.385754816234112
