times:
  edit-metadata: 1.4910249933600426
  landing: 0.9232782125473022
  view-data: 3.4656163081526756
