times:
  edit-metadata: 1.5333482883870602
  landing: 0.8652103021740913
  view-data: 3.288727506995201
