times:
  edit-metadata: 1.550822850316763
  landing: 0.891496580094099
  view-data: 3.352470438927412
