times:
  edit-metadata: 1.3746241554617882
  landing: 0.7983610332012177
  view-data: 3.3136976063251495
