times:
  edit-metadata: 1.3824799433350563
  landing: 0.815816842019558
  view-data: 3.3102628737688065
