times:
  edit-metadata: 1.4516109637916088
  landing: 0.8409295752644539
  view-data: 3.3365538753569126
