times:
  edit-metadata: 1.5066044554114342
  landing: 0.8152518272399902
  view-data: 3.444179452955723
