times:
  edit-metadata: 1.368839267641306
  landing: 0.8934634178876877
  view-data: 3.3752685114741325
