times:
  edit-metadata: 1.4326759725809097
  landing: 0.9015519693493843
  view-data: 3.489684619009495
