times:
  edit-metadata: 1.493169192224741
  landing: 0.8594923354685307
  view-data: 3.2585215717554092
