times:
  edit-metadata: 1.4054149761795998
  landing: 0.7249646186828613
  view-data: 3.557744361460209
