times:
  edit-metadata: 1.4503780454397202
  landing: 0.7383518293499947
  view-data: 3.4532647877931595
