times:
  edit-metadata: 1.6960717774927616
  landing: 0.9093889109790325
  view-data: 3.4332423880696297
