times:
  edit-metadata: 1.4368853829801083
  landing: 0.8042403310537338
  view-data: 3.294210858643055
