times:
  edit-metadata: 1.6552370078861713
  landing: 1.2339833416044712
  view-data: 3.3061597011983395
