times:
  edit-metadata: 1.3780783414840698
  landing: 0.7738754078745842
  view-data: 3.5130255967378616
