times:
  edit-metadata: 2.342491950839758
  landing: 1.4146825037896633
  view-data: 3.411500435322523
