times:
  edit-metadata: 1.4026484042406082
  landing: 0.7797447666525841
  view-data: 3.473676986992359
