times:
  edit-metadata: 1.4406530186533928
  landing: 0.8050775676965714
  view-data: 3.557280384004116
