times:
  edit-metadata: 1.388700656592846
  landing: 0.7643904685974121
  view-data: 3.484470546245575
