times:
  edit-metadata: 1.7321970015764236
  landing: 1.013859137892723
  view-data: 3.7819029688835144
