times:
  edit-metadata: 1.3951261639595032
  landing: 0.8677986562252045
  view-data: 3.279062256217003
