times:
  edit-metadata: 1.5302595272660255
  landing: 0.8181549310684204
  view-data: 3.370137631893158
