times:
  edit-metadata: 1.3934540450572968
  landing: 0.8109357431530952
  view-data: 3.5263018533587456
