times:
  edit-metadata: 1.4744746014475822
  landing: 0.814861461520195
  view-data: 3.2742384523153305
