times:
  edit-metadata: 1.5551636517047882
  landing: 1.0278229713439941
  view-data: 3.5919348523020744
