times:
  edit-metadata: 1.47390516102314
  landing: 0.7945727705955505
  view-data: 3.4990167543292046
