times:
  edit-metadata: 1.51672875136137
  landing: 0.8353431299328804
  view-data: 3.4777633994817734
