times:
  edit-metadata: 1.3550134375691414
  landing: 0.810450091958046
  view-data: 3.4773589447140694
