times:
  edit-metadata: 1.3794240429997444
  landing: 0.8127089142799377
  view-data: 3.4733567908406258
