times:
  edit-metadata: 1.6016520634293556
  landing: 1.3757168874144554
  view-data: 3.435682460665703
