times:
  edit-metadata: 1.354397028684616
  landing: 0.779537957161665
  view-data: 3.3586980029940605
