times:
  edit-metadata: 1.8287855312228203
  landing: 0.8032127059996128
  view-data: 3.322810150682926
