times:
  edit-metadata: 1.5904474779963493
  landing: 0.8044480830430984
  view-data: 3.4563698023557663
