times:
  edit-metadata: 2.374508023262024
  landing: 1.2816979885101318
  view-data: 3.896209441125393
