times:
  edit-metadata: 1.4307816922664642
  landing: 0.7858215495944023
  view-data: 3.4286232739686966
