times:
  edit-metadata: 1.4470063000917435
  landing: 0.8474339991807938
  view-data: 3.3336968570947647
