times:
  edit-metadata: 1.493783488869667
  landing: 0.7370722964406013
  view-data: 3.400945395231247
