times:
  edit-metadata: 1.5007032006978989
  landing: 0.9772896617650986
  view-data: 3.277441956102848
