times:
  edit-metadata: 1.414583407342434
  landing: 0.7470602616667747
  view-data: 3.4393459036946297
