times:
  edit-metadata: 1.432917982339859
  landing: 1.0015967711806297
  view-data: 3.436002865433693
