times:
  edit-metadata: 1.4893520064651966
  landing: 0.9148169606924057
  view-data: 3.2716239728033543
