times:
  edit-metadata: 1.4360205680131912
  landing: 0.9088314920663834
  view-data: 3.629740595817566
