times:
  edit-metadata: 1.3660233989357948
  landing: 0.798765555024147
  view-data: 3.4847612902522087
