times:
  edit-metadata: 1.4916679002344608
  landing: 0.9163819514214993
  view-data: 3.3911274150013924
