times:
  edit-metadata: 1.5580163411796093
  landing: 0.9581840485334396
  view-data: 3.359236441552639
