times:
  edit-metadata: 1.4718319438397884
  landing: 0.8039560616016388
  view-data: 3.3074026107788086
