times:
  edit-metadata: 1.5380139984190464
  landing: 0.8509483709931374
  view-data: 3.2869928888976574
