times:
  edit-metadata: 1.5213294737040997
  landing: 1.031780917197466
  view-data: 3.3127533569931984
