times:
  edit-metadata: 1.4923677928745747
  landing: 0.7754934690892696
  view-data: 3.3772870898246765
