times:
  edit-metadata: 1.4325218871235847
  landing: 0.8490450382232666
  view-data: 3.270980730652809
