times:
  edit-metadata: 1.385664902627468
  landing: 0.8322846554219723
  view-data: 3.283672273159027
