times:
  edit-metadata: 2.189780406653881
  landing: 1.2812161967158318
  view-data: 3.468860387802124
