times:
  edit-metadata: 1.3635418303310871
  landing: 0.7659082897007465
  view-data: 3.3056788332760334
