times:
  edit-metadata: 1.4478700160980225
  landing: 0.8766262270510197
  view-data: 3.337862528860569
