times:
  edit-metadata: 1.3607739061117172
  landing: 0.7974718362092972
  view-data: 3.2694346085190773
