times:
  edit-metadata: 1.4971166960895061
  landing: 0.7361312042921782
  view-data: 3.397609543055296
