times:
  edit-metadata: 2.184793170541525
  landing: 1.3208062388002872
  view-data: 3.3844190016388893
