times:
  edit-metadata: 2.936128837056458
  landing: 1.4009046908468008
  view-data: 3.934465177357197
