times:
  edit-metadata: 1.5244571380317211
  landing: 0.7803945951163769
  view-data: 0.6052156202495098
