times:
  edit-metadata: 1.5264274775981903
  landing: 0.9769368842244148
  view-data: 3.398577444255352
