times:
  edit-metadata: 1.6895507909357548
  landing: 0.8880609683692455
  view-data: 3.3672184366732836
