times:
  edit-metadata: 1.5948204956948757
  landing: 0.9855900630354881
  view-data: 3.4772912971675396
