times:
  edit-metadata: 1.5860452391207218
  landing: 0.8537040166556835
  view-data: 3.3599032163619995
