times:
  edit-metadata: 1.5306389331817627
  landing: 0.7820989098399878
  view-data: 3.4084967244416475
