times:
  edit-metadata: 1.5373807922005653
  landing: 0.8287901915609837
  view-data: 3.3771311305463314
