times:
  edit-metadata: 1.5717060156166553
  landing: 0.90092065744102
  view-data: 3.335991768166423
