times:
  edit-metadata: 1.56053476780653
  landing: 0.7766942996531725
  view-data: 3.444728508591652
