times:
  edit-metadata: 1.364363824017346
  landing: 0.8210751134902239
  view-data: 3.369912232272327
