times:
  edit-metadata: 1.6359817832708359
  landing: 1.0095933116972446
  view-data: 3.3864597640931606
