times:
  edit-metadata: 1.5576803870499134
  landing: 0.8000594601035118
  view-data: 3.460801050066948
