times:
  edit-metadata: 1.39305869769305
  landing: 0.8058597622439265
  view-data: 3.3876024950295687
