times:
  edit-metadata: 1.5600250214338303
  landing: 0.9428892135620117
  view-data: 3.4391756989061832
