times:
  edit-metadata: 1.5524724572896957
  landing: 1.0149713791906834
  view-data: 3.3239328637719154
