times:
  edit-metadata: 1.5789163038134575
  landing: 0.869390107691288
  view-data: 3.317399464547634
