times:
  edit-metadata: 1.5836768057197332
  landing: 0.8703404571861029
  view-data: 3.3362366408109665
