times:
  edit-metadata: 1.6259590052068233
  landing: 0.9271245151758194
  view-data: 3.4619924761354923
