times:
  edit-metadata: 4.394379571080208
  landing: 1.3361666537821293
  view-data: 3.493305616080761
