times:
  edit-metadata: 1.4761118767783046
  landing: 0.7567755989730358
  view-data: 3.6733275642618537
