times:
  edit-metadata: 1.554365400224924
  landing: 1.3630307111889124
  view-data: 3.4390339516103268
