times:
  edit-metadata: 1.6235970184206963
  landing: 0.8783616479486227
  view-data: 3.432575350627303
