times:
  edit-metadata: 1.3702762350440025
  landing: 0.9852393232285976
  view-data: 3.323528841137886
