times:
  edit-metadata: 1.6098308339715004
  landing: 0.6973592415452003
  view-data: 3.3373227454721928
