times:
  edit-metadata: 1.5670730033889413
  landing: 0.9822227284312248
  view-data: 3.479363100603223
