times:
  edit-metadata: 1.4886995628476143
  landing: 0.8896446153521538
  view-data: 3.365146268159151
