times:
  edit-metadata: 1.5166501440107822
  landing: 0.7941740807145834
  view-data: 3.4017469715327024
