times:
  edit-metadata: 1.433864263817668
  landing: 0.7996493596583605
  view-data: 3.308938153088093
