times:
  edit-metadata: 1.5449723284691572
  landing: 0.7906958889216185
  view-data: 3.391522068530321
