times:
  edit-metadata: 1.3883916959166527
  landing: 0.7430087458342314
  view-data: 3.2767038848251104
