times:
  edit-metadata: 1.5980206076055765
  landing: 0.8874649554491043
  view-data: 3.4323850348591805
