times:
  edit-metadata: 1.649470191448927
  landing: 1.1158052645623684
  view-data: 3.355490356683731
