times:
  edit-metadata: 1.5446431152522564
  landing: 0.8668172433972359
  view-data: 3.4018548764288425
