times:
  edit-metadata: 1.5967971086502075
  landing: 1.1531479246914387
  view-data: 3.4415222853422165
