times:
  edit-metadata: 1.6166913732886314
  landing: 0.821367159485817
  view-data: 3.370947103947401
