times:
  edit-metadata: 1.6159919891506433
  landing: 0.8370657488703728
  view-data: 3.4555154871195555
