times:
  edit-metadata: 1.6661897748708725
  landing: 0.818725798279047
  view-data: 3.300788227468729
