times:
  edit-metadata: 1.6917037926614285
  landing: 1.1556906923651695
  view-data: 3.711452893912792
