times:
  edit-metadata: 2.688785396516323
  landing: 1.057894516736269
  view-data: 3.543371707201004
