times:
  edit-metadata: 1.4211548008024693
  landing: 0.799784030765295
  view-data: 3.4203549809753895
