times:
  edit-metadata: 1.5154237020760775
  landing: 0.7177256532013416
  view-data: 3.3771222289651632
