times:
  edit-metadata: 1.5594617361202836
  landing: 0.8323205262422562
  view-data: 3.413832820020616
