times:
  edit-metadata: 1.449032250791788
  landing: 0.8013651892542839
  view-data: 3.3462370559573174
