times:
  edit-metadata: 1.3983743712306023
  landing: 0.8943884633481503
  view-data: 3.346671238541603
