times:
  edit-metadata: 1.4514050390571356
  landing: 0.8180028209462762
  view-data: 3.3390614734962583
