times:
  edit-metadata: 1.739081759005785
  landing: 0.9817664884030819
  view-data: 3.321082316339016
