times:
  edit-metadata: 1.5671322401612997
  landing: 0.9795061871409416
  view-data: 3.3468934362754226
