times:
  edit-metadata: 1.4760061735287309
  landing: 0.8671471877023578
  view-data: 3.359375993721187
