times:
  edit-metadata: 1.5634466875344515
  landing: 0.8903455883264542
  view-data: 3.4378427620977163
