times:
  edit-metadata: 1.4815712235867977
  landing: 0.9101551696658134
  view-data: 3.3527877293527126
