times:
  edit-metadata: 1.5348169896751642
  landing: 0.7608286961913109
  view-data: 3.72287311591208
