times:
  edit-metadata: 1.665476057678461
  landing: 0.9568589627742767
  view-data: 3.340626612305641
