times:
  edit-metadata: 1.4279028624296188
  landing: 0.8843204975128174
  view-data: 3.388253353536129
