times:
  edit-metadata: 1.531325126066804
  landing: 0.9699525963515043
  view-data: 3.4145321529358625
