times:
  edit-metadata: 1.5036314390599728
  landing: 1.0456990413367748
  view-data: 3.333937481045723
