times:
  edit-metadata: 1.4135849373415112
  landing: 0.830524074845016
  view-data: 3.35568415094167
