times:
  edit-metadata: 1.547510378062725
  landing: 0.7809818387031555
  view-data: 3.4407555907964706
