times:
  edit-metadata: 1.550176614895463
  landing: 0.8724880777299404
  view-data: 3.442423727363348
