times:
  edit-metadata: 1.5338353179395199
  landing: 0.7543503604829311
  view-data: 3.385904772207141
