times:
  edit-metadata: 1.5377790424972773
  landing: 0.7940013073384762
  view-data: 3.418839745223522
