times:
  edit-metadata: 14.355484645813704
  landing: 1.9755990989506245
  view-data: 28.170287150889635
