times:
  edit-metadata: 1.6007591485977173
  landing: 0.7573579382151365
  view-data: 3.423240654170513
