times:
  edit-metadata: 1.5241248402744532
  landing: 0.7836542520672083
  view-data: 3.426317021250725
