times:
  edit-metadata: 1.5305105624720454
  landing: 0.9183410992845893
  view-data: 3.4004747066646814
