times:
  edit-metadata: 1.5495403045788407
  landing: 0.9189516780897975
  view-data: 3.8729220516979694
