times:
  edit-metadata: 1.5223630536347628
  landing: 0.7666495330631733
  view-data: 3.435796996578574
