times:
  edit-metadata: 1.6010550558567047
  landing: 0.8954041060060263
  view-data: 3.344420935958624
