times:
  edit-metadata: 1.4886815398931503
  landing: 0.721917868591845
  view-data: 3.391710426658392
