times:
  edit-metadata: 2.7189662270247936
  landing: 1.2670461125671864
  view-data: 3.4047433361411095
