times:
  edit-metadata: 1.515455074608326
  landing: 0.6926855109632015
  view-data: 3.386693138629198
