times:
  edit-metadata: 1.4540784014388919
  landing: 0.7078232010826468
  view-data: 3.331561489030719
