times:
  edit-metadata: 1.4021452702581882
  landing: 0.8280259072780609
  view-data: 3.3069701567292213
