times:
  edit-metadata: 1.386598240584135
  landing: 0.9718984998762608
  view-data: 3.307087879627943
