times:
  edit-metadata: 1.5063918996602297
  landing: 0.8535567745566368
  view-data: 3.332999747246504
