times:
  edit-metadata: 2.5991704165935516
  landing: 1.0447683483362198
  view-data: 4.044572547078133
