times:
  edit-metadata: 1.4287386387586594
  landing: 0.9110624380409718
  view-data: 3.385941743850708
