times:
  edit-metadata: 1.8316679820418358
  landing: 0.9197082482278347
  view-data: 3.3543301597237587
