times:
  edit-metadata: 1.6025454867631197
  landing: 0.8389874044805765
  view-data: 3.4373075775802135
