times:
  edit-metadata: 1.4852243177592754
  landing: 0.731313195079565
  view-data: 3.3157103583216667
