times:
  edit-metadata: 1.559466976672411
  landing: 0.7978535071015358
  view-data: 3.3799427039921284
