times:
  edit-metadata: 1.5503887794911861
  landing: 0.8406378291547298
  view-data: 3.4386416003108025
