times:
  edit-metadata: 2.0083787236362696
  landing: 1.0679640732705593
  view-data: 3.4185669785365462
