times:
  edit-metadata: 1.6478583179414272
  landing: 2.4936904199421406
  view-data: 3.4523333199322224
