times:
  edit-metadata: 1.5745560564100742
  landing: 0.9337881356477737
  view-data: 3.36714337579906
