times:
  edit-metadata: 1.3880189321935177
  landing: 0.8154116347432137
  view-data: 3.3801240362226963
