times:
  edit-metadata: 1.507323905825615
  landing: 0.9540302455425262
  view-data: 3.694104466587305
