times:
  edit-metadata: 1.4022692739963531
  landing: 0.9028785340487957
  view-data: 3.4116307608783245
