times:
  edit-metadata: 1.5850541405379772
  landing: 0.9524693824350834
  view-data: 3.337367422878742
