times:
  edit-metadata: 1.5008486229926348
  landing: 0.7358769085258245
  view-data: 3.4219841603189707
