times:
  edit-metadata: 1.4770969673991203
  landing: 0.9066775310784578
  view-data: 3.3412776682525873
