times:
  edit-metadata: 1.538013830780983
  landing: 0.9095289185643196
  view-data: 3.414008039981127
