times:
  edit-metadata: 1.532891783863306
  landing: 0.9665384851396084
  view-data: 3.346689809113741
