times:
  edit-metadata: 1.3999310284852982
  landing: 0.8949577733874321
  view-data: 3.3600034192204475
