times:
  edit-metadata: 1.9723714999854565
  landing: 1.1677072197198868
  view-data: 3.356762308627367
