times:
  edit-metadata: 1.479423649609089
  landing: 0.8980756513774395
  view-data: 3.408170849084854
