times:
  edit-metadata: 2.256258297711611
  landing: 1.319548649713397
  view-data: 3.4507586201652884
