times:
  edit-metadata: 1.8925846293568611
  landing: 0.9868119992315769
  view-data: 3.682807218283415
