times:
  edit-metadata: 1.5576813612133265
  landing: 0.9395862370729446
  view-data: 3.4684808757156134
