times:
  edit-metadata: 1.5200216677039862
  landing: 0.8494259435683489
  view-data: 3.4238254223018885
