times:
  edit-metadata: 1.5044506322592497
  landing: 0.8980754148215055
  view-data: 3.3918174263089895
