times:
  edit-metadata: 1.520745249465108
  landing: 0.7556945905089378
  view-data: 3.503521019592881
