times:
  edit-metadata: 1.8291110657155514
  landing: 1.066745351999998
  view-data: 3.450434362515807
