times:
  edit-metadata: 1.5150012597441673
  landing: 0.7599629275500774
  view-data: 3.4911486953496933
