times:
  edit-metadata: 1.5124450959265232
  landing: 0.8113541044294834
  view-data: 3.374828226864338
