times:
  edit-metadata: 1.4429708570241928
  landing: 0.8164749294519424
  view-data: 3.3228664845228195
