times:
  edit-metadata: 1.5379833467304707
  landing: 0.8345379307866096
  view-data: 3.309234958142042
