times:
  edit-metadata: 1.6360095366835594
  landing: 0.8228976689279079
  view-data: 3.4383952151983976
