times:
  edit-metadata: 1.619348781183362
  landing: 0.8286997377872467
  view-data: 3.363373663276434
