times:
  edit-metadata: 1.4307604869827628
  landing: 0.8048176998272538
  view-data: 3.321207731962204
