times:
  edit-metadata: 1.453954211436212
  landing: 0.7946360809728503
  view-data: 3.348087831400335
