times:
  edit-metadata: 1.3872121460735798
  landing: 0.8389798775315285
  view-data: 3.321163322776556
