times:
  edit-metadata: 1.8252943763509393
  landing: 0.9189080763608217
  view-data: 3.4804947739467025
