times:
  edit-metadata: 1.5799701921641827
  landing: 0.9204921945929527
  view-data: 3.3851084858179092
