times:
  edit-metadata: 1.5172447618097067
  landing: 0.8940911069512367
  view-data: 3.286412075161934
