times:
  edit-metadata: 1.5518488213419914
  landing: 0.9727602228522301
  view-data: 3.3683353178203106
