times:
  edit-metadata: 1.9764183070510626
  landing: 0.9239951390773058
  view-data: 3.5033607445657253
