times:
  edit-metadata: 1.5403024088591337
  landing: 0.7297422327101231
  view-data: 3.4013128504157066
