times:
  edit-metadata: 1.4888895340263844
  landing: 0.8358860909938812
  view-data: 3.3096752986311913
