times:
  edit-metadata: 1.557369489222765
  landing: 0.8122478500008583
  view-data: 3.399218622595072
