times:
  edit-metadata: 1.612829152494669
  landing: 0.9017730914056301
  view-data: 3.4238029532134533
