times:
  edit-metadata: 1.520626412704587
  landing: 0.7581977620720863
  view-data: 3.433507727459073
