times:
  edit-metadata: 1.5146046448498964
  landing: 0.7739326637238264
  view-data: 3.3981003873050213
