times:
  edit-metadata: 1.5518074464052916
  landing: 0.7552153021097183
  view-data: 3.43215468339622
