times:
  edit-metadata: 1.5394895877689123
  landing: 0.7701444029808044
  view-data: 3.398789308965206
