times:
  edit-metadata: 1.3525667302310467
  landing: 0.7157561741769314
  view-data: 3.2731368988752365
