times:
  edit-metadata: 2.183434095233679
  landing: 1.29921430721879
  view-data: 3.439788904041052
