times:
  edit-metadata: 1.5187803227454424
  landing: 0.9127330109477043
  view-data: 3.4036298179998994
