times:
  edit-metadata: 1.7306148167699575
  landing: 0.9332989640533924
  view-data: 3.3771095275878906
