times:
  edit-metadata: 1.5875480696558952
  landing: 0.8061232455074787
  view-data: 3.7177595049142838
