times:
  edit-metadata: 1.4979987144470215
  landing: 0.8580304384231567
  view-data: 3.378355488181114
