times:
  edit-metadata: 1.5999290123581886
  landing: 0.8656050600111485
  view-data: 3.353319449350238
