times:
  edit-metadata: 1.414950579404831
  landing: 0.6830413639545441
  view-data: 3.324368178844452
