times:
  edit-metadata: 1.40203298907727
  landing: 0.8658238146454096
  view-data: 3.331066940911114
