times:
  edit-metadata: 1.4167351871728897
  landing: 0.8200163021683693
  view-data: 3.351522035896778
