times:
  edit-metadata: 1.5922771282494068
  landing: 0.8250406011939049
  view-data: 3.3957189470529556
