times:
  edit-metadata: 3.152747713960707
  landing: 1.143912348896265
  view-data: 3.4312717160210013
