times:
  edit-metadata: 1.5273460187017918
  landing: 0.8512425683438778
  view-data: 3.3699860982596874
