times:
  edit-metadata: 1.5115465447306633
  landing: 7.70145608112216
  view-data: 3.3093883208930492
