times:
  edit-metadata: 1.5042840279638767
  landing: 0.9133204557001591
  view-data: 3.345559574663639
