times:
  edit-metadata: 1.5586727298796177
  landing: 0.7729711607098579
  view-data: 3.3921443670988083
