times:
  edit-metadata: 1.8502120822668076
  landing: 0.9519130140542984
  view-data: 3.721545862033963
