times:
  edit-metadata: 1.819338908419013
  landing: 0.8771095499396324
  view-data: 3.2881447300314903
