times:
  edit-metadata: 1.5179731715470552
  landing: 0.7194133345037699
  view-data: 3.374371973797679
