times:
  edit-metadata: 2.3216667547822
  landing: 1.248960517346859
  view-data: 3.3835255689918995
