times:
  edit-metadata: 2.4402287378907204
  landing: 0.9091750178486109
  view-data: 3.3825068566948175
