times:
  edit-metadata: 1.515959918498993
  landing: 0.7475574091076851
  view-data: 3.384720316156745
