times:
  edit-metadata: 1.5179299786686897
  landing: 0.8525409922003746
  view-data: 3.274827403947711
