times:
  edit-metadata: 1.3523603044450283
  landing: 0.8599011674523354
  view-data: 3.307328797876835
