times:
  edit-metadata: 1.412192713469267
  landing: 0.7932053431868553
  view-data: 3.255230847746134
