times:
  edit-metadata: 2.3370920568704605
  landing: 1.1967011168599129
  view-data: 3.404326196759939
