times:
  edit-metadata: 4.59097873326391
  landing: 2.07778955809772
  view-data: 3.6468193093314767
