times:
  edit-metadata: 1.5531181246042252
  landing: 6.942592725157738
  view-data: 3.375291842967272
