times:
  edit-metadata: 1.3870763592422009
  landing: 0.7027655988931656
  view-data: 3.3292886428534985
