times:
  edit-metadata: 1.516944750212133
  landing: 0.8201070474460721
  view-data: 3.4068358708173037
