times:
  edit-metadata: 1.4875666126608849
  landing: 0.7006170824170113
  view-data: 3.3683324567973614
