times:
  edit-metadata: 1.3567782640457153
  landing: 0.8648462258279324
  view-data: 3.329017575830221
