times:
  edit-metadata: 1.5200287848711014
  landing: 0.8046613968908787
  view-data: 3.365631990134716
