times:
  edit-metadata: 1.4822963997721672
  landing: 0.7058019116520882
  view-data: 3.4031156562268734
