times:
  edit-metadata: 1.6184709817171097
  landing: 0.9946975894272327
  view-data: 3.4851682633161545
