times:
  edit-metadata: 1.8974230289459229
  landing: 0.9969076160341501
  view-data: 3.4838274773210287
