times:
  edit-metadata: 1.4582622423768044
  landing: 0.9737858138978481
  view-data: 3.277922846376896
