times:
  edit-metadata: 1.6870403289794922
  landing: 1.0664081517606974
  view-data: 3.4168071523308754
