times:
  edit-metadata: 1.5060465931892395
  landing: 0.6625887136906385
  view-data: 3.3228249214589596
