times:
  edit-metadata: 1.4241247810423374
  landing: 0.7139244675636292
  view-data: 3.2828721832484007
