times:
  edit-metadata: 1.7859253715723753
  landing: 0.8734418330714107
  view-data: 3.4812977574765682
