times:
  edit-metadata: 1.5987264066934586
  landing: 1.109655737876892
  view-data: 3.4800997599959373
