times:
  edit-metadata: 1.8581271581351757
  landing: 1.129111886024475
  view-data: 3.5173046328127384
