times:
  edit-metadata: 1.5502051450312138
  landing: 0.9290622547268867
  view-data: 3.4223052635788918
