times:
  edit-metadata: 1.878726813942194
  landing: 0.9739982448518276
  view-data: 3.4118224680423737
