times:
  edit-metadata: 1.547542329877615
  landing: 0.9124334491789341
  view-data: 3.430587772279978
