times:
  edit-metadata: 1.5859688911587
  landing: 0.7055041380226612
  view-data: 3.322245491668582
