times:
  edit-metadata: 1.7404298968613148
  landing: 1.2285638973116875
  view-data: 3.461768876761198
