times:
  edit-metadata: 1.3933896087110043
  landing: 0.9027506671845913
  view-data: 3.2986262142658234
