times:
  edit-metadata: 1.3802243955433369
  landing: 0.8591513149440289
  view-data: 3.3379543721675873
