times:
  edit-metadata: 1.4811365716159344
  landing: 0.8683999851346016
  view-data: 3.3467333130538464
