times:
  edit-metadata: 1.3756642304360867
  landing: 1.0395913273096085
  view-data: 3.322661943733692
