times:
  edit-metadata: 1.6530313957482576
  landing: 0.8731124307960272
  view-data: 3.3094000462442636
