times:
  edit-metadata: 2.115744013339281
  landing: 8.016923803836107
  view-data: 3.5584858283400536
