times:
  edit-metadata: 1.544306144118309
  landing: 0.9159405082464218
  view-data: 3.4686547555029392
