times:
  edit-metadata: 1.513336032629013
  landing: 0.8352389968931675
  view-data: 3.432917181402445
