times:
  edit-metadata: 1.4065917991101742
  landing: 0.7956485114991665
  view-data: 3.2802856154739857
