times:
  edit-metadata: 1.527392553165555
  landing: 0.8116970267146826
  view-data: 3.400912616401911
