times:
  edit-metadata: 1.4602276161313057
  landing: 0.8718192307278514
  view-data: 3.4093045564368367
