times:
  edit-metadata: 1.5798023343086243
  landing: 0.8635441046208143
  view-data: 3.403991097584367
