times:
  edit-metadata: 1.5009477734565735
  landing: 0.8117126226425171
  view-data: 3.376743396744132
