times:
  edit-metadata: 1.4438062105327845
  landing: 0.7598450724035501
  view-data: 3.392013682052493
