times:
  edit-metadata: 1.6123283207416534
  landing: 0.7413250356912613
  view-data: 3.304536696523428
