times:
  edit-metadata: 1.3148059695959091
  landing: 0.1930981371551752
  view-data: 0.3061869014054537
