times:
  edit-metadata: 0.46620226511731744
  landing: 0.046301851980388165
  view-data: 0.19174935622140765
