times:
  edit-metadata: 1.638594150543213
  landing: 0.8484544567763805
  view-data: 3.4248995650559664
