times:
  edit-metadata: 1.294156612828374
  landing: 0.02564070001244545
  view-data: 0.12512796185910702
