times:
  edit-metadata: 1.3050556518137455
  landing: 0.021229958161711693
  view-data: 0.12223703134804964
