times:
  landing: 1.0724531109999589
  view-data: 0.557447060999948
