times:
  edit-metadata: 1.5379125885665417
  landing: 0.16512679122388363
  view-data: 0.42223912104964256
