times:
  edit-metadata: 1.4873584415763617
  landing: 0.7158344555646181
  view-data: 3.384018998593092
