times:
  edit-metadata: 1.288372816517949
  landing: 0.018960805609822273
  view-data: 0.21607864554971457
