times:
  edit-metadata: 1.3342751376330853
  landing: 0.1608244413509965
  view-data: 0.02848871424794197
