times:
  edit-metadata: 1.56199162453413
  landing: 0.7897868175059557
  view-data: 3.3982813358306885
