times:
  edit-metadata: 0.41520862001925707
  landing: 0.09778865100815892
  view-data: 0.21168325189501047
