times:
  landing: 0.5446956060000048
  view-data: 0.5498351629998979
