times:
  edit-metadata: 1.2937314035370946
  landing: 0.020752860233187675
  view-data: 0.10237770341336727
