times:
  edit-metadata: 0.49651076178997755
  landing: 0.05139651894569397
  view-data: 0.23878327291458845
