times:
  edit-metadata: 1.803708327934146
  landing: 0.020344145596027374
  view-data: 0.47819036804139614
