times:
  landing: 0.5515463650000356
  view-data: 0.5519392390000348
