times:
  edit-metadata: 1.3673050738871098
  landing: 0.01873788982629776
  view-data: 0.023861363530158997
