times:
  edit-metadata: 0.42411744000855833
  landing: 0.06714784901123494
  view-data: 0.19836301205214113
