times:
  edit-metadata: 0.5758145563304424
  landing: 0.8300345130264759
  view-data: 0.1913282573223114
