times:
  edit-metadata: 1.6891670636832714
  landing: 1.0652118772268295
  view-data: 3.3205977082252502
