times:
  edit-metadata: 0.4321338109439239
  landing: 0.06960572290699929
  view-data: 0.2223961870186031
