times:
  edit-metadata: 0.5939342880155891
  landing: 0.047377952141687274
  view-data: 0.19352879701182246
