times:
  edit-metadata: 1.3808390386402607
  landing: 0.8629894740879536
  view-data: 3.3105100356042385
