times:
  edit-metadata: 1.4023226872086525
  landing: 0.018156547099351883
  view-data: 0.028308628126978874
