times:
  edit-metadata: 0.4223984279669821
  landing: 0.06868176092393696
  view-data: 0.2023325510090217
