times:
  landing: 0.5553363519999834
  view-data: 0.5608913519999987
