times:
  edit-metadata: 0.4244525729736779
  landing: 0.07592233899049461
  view-data: 0.2109287749917712
