times:
  edit-metadata: 0.46575065329670906
  landing: 0.04057540697976947
  view-data: 0.19032231997698545
