times:
  landing: 0.5527944720000164
  view-data: 0.5661531540000055
