times:
  edit-metadata: 1.6014229785650969
  landing: 0.8264233637601137
  view-data: 3.467775022611022
