times:
  edit-metadata: 0.5370516255497932
  landing: 0.04512479901313782
  view-data: 0.1891602836549282
