times:
  edit-metadata: 1.6504697911441326
  landing: 1.1216874234378338
  view-data: 3.358083602041006
