times:
  edit-metadata: 0.5403073225170374
  landing: 1.1892996281385422
  view-data: 0.30393257178366184
