times:
  edit-metadata: 1.555757336318493
  landing: 0.8352947905659676
  view-data: 3.3626263104379177
