times:
  edit-metadata: 0.6301148829516023
  landing: 0.05007438501343131
  view-data: 0.18597058299928904
