times:
  edit-metadata: 0.484786613000324
  landing: 0.057875696002156474
  view-data: 0.2541859100019792
