times:
  edit-metadata: 1.3253362514078617
  landing: 0.018857850693166256
  view-data: 0.11901901755481958
