times:
  edit-metadata: 1.6804214976727962
  landing: 0.17521975375711918
  view-data: 0.5219646282494068
