times:
  edit-metadata: 0.5836880309507251
  landing: 0.041446427814662457
  view-data: 0.1873265579342842
