times:
  landing: 1.0829745760000264
  view-data: 0.5570228260000363
