times:
  edit-metadata: 0.4987954758107662
  landing: 0.048951830714941025
  view-data: 0.19646412879228592
