times:
  edit-metadata: 0.4978588782250881
  landing: 0.04635351896286011
  view-data: 0.19209729135036469
