times:
  edit-metadata: 0.42255187197588384
  landing: 0.06902170996181667
  view-data: 0.2040346588473767
