times:
  edit-metadata: 1.420011604204774
  landing: 0.02196485921740532
  view-data: 0.35854656249284744
