times:
  edit-metadata: 1.42775259912014
  landing: 0.02427261509001255
  view-data: 0.028103914111852646
