times:
  edit-metadata: 0.6515376251190901
  landing: 0.04930119588971138
  view-data: 0.20337586011737585
