times:
  edit-metadata: 0.46179978689178824
  landing: 0.04501058999449015
  view-data: 0.19302130723372102
