times:
  edit-metadata: 1.34911681804806
  landing: 0.16617362666875124
  view-data: 0.12290435004979372
