times:
  edit-metadata: 0.41308889305219054
  landing: 0.0723651209846139
  view-data: 0.20447103818878531
