times:
  edit-metadata: 0.5473663453012705
  landing: 0.5293993446975946
  view-data: 0.21538767591118813
