times:
  edit-metadata: 0.5141086429357529
  landing: 0.058354748878628016
  view-data: 0.19164323108270764
