times:
  landing: 0.5569317449999289
  view-data: 0.5645288949999667
