times:
  edit-metadata: 0.4526044987142086
  landing: 0.05550891486927867
  view-data: 0.1967614688910544
