times:
  landing: 0.5529923629999871
  view-data: 0.5593543530000034
