times:
  edit-metadata: 1.7042842041701078
  landing: 0.032192379236221313
  view-data: 0.025206521153450012
