times:
  edit-metadata: 0.41905727912671864
  landing: 0.0730787490028888
  view-data: 0.2114510629326105
