times:
  edit-metadata: 0.46828202344477177
  landing: 0.08157374616712332
  view-data: 0.3044242803007364
