times:
  edit-metadata: 0.4953503659926355
  landing: 0.08724310202524066
  view-data: 0.21818919107317924
