times:
  edit-metadata: 0.5635672769858502
  landing: 0.11572586800321005
  view-data: 0.34680175900575705
