times:
  edit-metadata: 1.3977769929915667
  landing: 0.2422370184212923
  view-data: 0.44370109401643276
