times:
  edit-metadata: 0.5337996310554445
  landing: 0.047811197116971016
  view-data: 0.21032718289643526
