times:
  landing: 1.067195753999954
  view-data: 0.5504001499999731
