times:
  edit-metadata: 1.5054801534861326
  landing: 0.8966211564838886
  view-data: 3.410020435228944
