times:
  edit-metadata: 0.5581480972468853
  landing: 0.048882607370615005
  view-data: 0.18764013424515724
