times:
  edit-metadata: 1.3235358409583569
  landing: 0.01944245584309101
  view-data: 0.32790469378232956
