times:
  edit-metadata: 1.5516036450862885
  landing: 0.7414425648748875
  view-data: 3.3895022124052048
