times:
  landing: 0.5637844130000076
  view-data: 0.5592119579999917
