times:
  edit-metadata: 1.6287983488291502
  landing: 0.9324636049568653
  view-data: 3.497068762779236
