times:
  edit-metadata: 1.4630034267902374
  landing: 0.897270455956459
  view-data: 3.333510436117649
