times:
  edit-metadata: 0.6004936159588397
  landing: 0.04677931638434529
  view-data: 0.1916043167002499
