times:
  edit-metadata: 1.3523199018090963
  landing: 0.3376837484538555
  view-data: 0.02622201107442379
