times:
  landing: 1.1087506378535181
  view-data: 0.550972674973309
