times:
  edit-metadata: 0.5891807519365102
  landing: 0.050483187194913626
  view-data: 0.18643845990300179
