times:
  landing: 0.5483121180000126
  view-data: 0.5580236170000035
