times:
  edit-metadata: 1.280125942081213
  landing: 0.11712843924760818
  view-data: 0.12327992264181376
