times:
  edit-metadata: 0.5896422319929115
  landing: 0.03951442800462246
  view-data: 0.19047550298273563
