times:
  edit-metadata: 1.5660800900077447
  landing: 0.876359845045954
  view-data: 3.345535240950994
