times:
  edit-metadata: 0.47439352702349424
  landing: 0.044940633699297905
  view-data: 0.2015694659203291
