times:
  landing: 0.5503025579999985
  view-data: 0.5572666459999596
