times:
  edit-metadata: 1.3747427240014076
  landing: 0.02086836565285921
  view-data: 0.02396515291184187
