times:
  edit-metadata: 1.3360044108703732
  landing: 0.019083747640252113
  view-data: 0.12511738669127226
