times:
  edit-metadata: 1.551288042217493
  landing: 0.7387156076729298
  view-data: 3.3787324223667383
