times:
  edit-metadata: 0.7433664482086897
  landing: 0.07282810611650348
  view-data: 0.28678095946088433
