times:
  landing: 1.0796361989999923
  view-data: 0.5570321019999938
