times:
  edit-metadata: 0.5238256864249706
  landing: 0.04741757735610008
  view-data: 0.1950404979288578
