times:
  landing: 0.5505011810000155
  view-data: 0.5566255360000127
