times:
  edit-metadata: 0.49473778810352087
  landing: 0.061127364984713495
  view-data: 0.21512321708723903
