times:
  edit-metadata: 0.42137394193559885
  landing: 0.06472261599265039
  view-data: 0.2080959491431713
