times:
  edit-metadata: 0.4365999037399888
  landing: 0.054610439110547304
  view-data: 0.18886604579165578
