times:
  edit-metadata: 2.3146060397848487
  landing: 1.6863210815936327
  view-data: 3.6001446824520826
