times:
  edit-metadata: 1.522523446008563
  landing: 0.2375500462949276
  view-data: 0.023219743743538857
