times:
  edit-metadata: 1.5564238131046295
  landing: 0.7136800177395344
  view-data: 3.4040948264300823
