times:
  landing: 0.572050757999989
  view-data: 0.56642367500001
