times:
  edit-metadata: 0.6220970631111413
  landing: 0.05531000019982457
  view-data: 0.1940032879356295
