times:
  edit-metadata: 0.4030455590109341
  landing: 0.05117665696889162
  view-data: 0.21171383798355237
