times:
  edit-metadata: 0.4865281190723181
  landing: 0.04176962189376354
  view-data: 0.1942618265748024
