times:
  edit-metadata: 0.5272373259067535
  landing: 0.042505111545324326
  view-data: 0.18913155794143677
