times:
  landing: 0.5445926009999766
  view-data: 0.5471889350000083
