times:
  edit-metadata: 1.8067064909264445
  landing: 1.0552454693242908
  view-data: 3.391303160227835
