times:
  edit-metadata: 1.6031361036002636
  landing: 0.9092329610139132
  view-data: 3.512304389849305
