times:
  edit-metadata: 0.5210666283965111
  landing: 0.044585395604372025
  view-data: 0.1995203234255314
