times:
  landing: 0.554760253999973
  view-data: 0.5730600730000219
