times:
  edit-metadata: 1.568859564140439
  landing: 0.7758906008675694
  view-data: 3.290476180613041
