times:
  edit-metadata: 1.4733185060322285
  landing: 1.0425650514662266
  view-data: 3.3751268163323402
