times:
  edit-metadata: 1.2886996231973171
  landing: 0.021581626497209072
  view-data: 0.4224639954045415
