times:
  edit-metadata: 1.463693492114544
  landing: 0.7444259785115719
  view-data: 3.360520837828517
