times:
  edit-metadata: 1.4659070037305355
  landing: 0.753335677087307
  view-data: 3.350927922874689
