times:
  edit-metadata: 0.5051529631018639
  landing: 0.9917723722755909
  view-data: 0.30999826081097126
