times:
  edit-metadata: 0.5019117807969451
  landing: 0.0537550738081336
  view-data: 0.2740279701538384
