times:
  edit-metadata: 0.4255266260006465
  landing: 0.06956660898867995
  view-data: 0.21441976499045268
