times:
  edit-metadata: 0.4163612120319158
  landing: 0.08734616596484557
  view-data: 0.20032388000981882
