times:
  edit-metadata: 1.371257184073329
  landing: 0.02003743126988411
  view-data: 0.10584945790469646
