times:
  edit-metadata: 0.5094626136124134
  landing: 0.8407104015350342
  view-data: 0.2971879094839096
