times:
  edit-metadata: 0.5881630270014284
  landing: 0.05577853199793026
  view-data: 0.19380651900428347
