times:
  edit-metadata: 1.5797198712825775
  landing: 0.8725782074034214
  view-data: 3.3746348433196545
