times:
  landing: 1.0768409460000044
  view-data: 0.5581695409999838
