times:
  edit-metadata: 0.40847248188219965
  landing: 0.0894467649050057
  view-data: 0.20344099099747837
