times:
  edit-metadata: 1.407265294343233
  landing: 0.11469985824078321
  view-data: 0.1931644892320037
