times:
  edit-metadata: 1.3655049931257963
  landing: 0.02383074350655079
  view-data: 0.02393191959708929
