times:
  edit-metadata: 0.494194658997003
  landing: 0.05269440996926278
  view-data: 0.23189448902849108
