times:
  landing: 0.5423880910000207
  view-data: 0.5458986320000463
