times:
  edit-metadata: 1.5141829401254654
  landing: 0.8290711026638746
  view-data: 3.373520513996482
