times:
  edit-metadata: 1.432895716279745
  landing: 0.8821172006428242
  view-data: 3.323821898549795
