times:
  edit-metadata: 0.43202407471835613
  landing: 0.04386420827358961
  view-data: 0.2029267828911543
