times:
  edit-metadata: 0.6706370518077165
  landing: 0.0895654100459069
  view-data: 0.3131472240202129
