times:
  edit-metadata: 1.6367394290864468
  landing: 0.8919472098350525
  view-data: 3.33861918002367
