times:
  edit-metadata: 1.411434513516724
  landing: 0.02045817580074072
  view-data: 0.025802760384976864
