times:
  landing: 0.5447747489999983
  view-data: 0.5444313450000209
