times:
  edit-metadata: 1.2959115244448185
  landing: 0.022659383714199066
  view-data: 0.10073577426373959
