times:
  landing: 1.5906841249999957
  view-data: 0.5527905280000027
