times:
  edit-metadata: 1.3765510227531195
  landing: 0.13064697198569775
  view-data: 0.3225637599825859
