times:
  edit-metadata: 1.4491643011569977
  landing: 0.8567760773003101
  view-data: 3.3417654149234295
