times:
  edit-metadata: 1.5120030753314495
  landing: 0.027556490153074265
  view-data: 0.39225007221102715
