times:
  edit-metadata: 1.3098423974588513
  landing: 0.021119139157235622
  view-data: 0.02297960128635168
