times:
  edit-metadata: 1.367392093874514
  landing: 0.8281286400742829
  view-data: 3.3007150860503316
