times:
  edit-metadata: 0.4171122149564326
  landing: 0.050455943681299686
  view-data: 0.19025369361042976
