times:
  landing: 0.5507451390000142
  view-data: 0.5571461430000113
