times:
  edit-metadata: 0.43068182561546564
  landing: 0.04835194582119584
  view-data: 0.19996979786083102
