times:
  edit-metadata: 0.8128305990248919
  landing: 0.057967741042375565
  view-data: 0.2112049418501556
