times:
  edit-metadata: 1.387970038689673
  landing: 0.021848047152161598
  view-data: 0.027404960244894028
