times:
  edit-metadata: 0.6152489841915667
  landing: 0.03962451918050647
  view-data: 0.19196457089856267
