times:
  edit-metadata: 0.5883229300379753
  landing: 0.6439511068165302
  view-data: 0.2962422166019678
