times:
  landing: 0.554070696999986
  view-data: 0.5610617520000005
