times:
  landing: 0.5486543279999978
  view-data: 0.5535088340000129
