times:
  edit-metadata: 0.5258520469069481
  landing: 0.5695626921951771
  view-data: 0.6021878477185965
