times:
  edit-metadata: 0.46127968095242977
  landing: 0.7168505303561687
  view-data: 0.1840090397745371
