times:
  edit-metadata: 1.5697889514267445
  landing: 0.7446964606642723
  view-data: 3.4357528798282146
