times:
  edit-metadata: 0.4651519297622144
  landing: 0.042347722221165895
  view-data: 0.19121096702292562
