times:
  edit-metadata: 0.8065805928781629
  landing: 0.1054346808232367
  view-data: 0.20901628769934177
