times:
  edit-metadata: 0.6389466329710558
  landing: 0.04446215508505702
  view-data: 0.19531413598451763
