times:
  landing: 0.5541280789999519
  view-data: 0.5588233560000049
