times:
  edit-metadata: 1.363168627023697
  landing: 0.7793365250108764
  view-data: 3.599611983052455
