times:
  edit-metadata: 1.8558713607490063
  landing: 0.04662255570292473
  view-data: 0.46843645349144936
