times:
  edit-metadata: 1.5981049984693527
  landing: 0.7797938622534275
  view-data: 3.4553198721259832
