times:
  edit-metadata: 1.552138365805149
  landing: 0.8476891089230776
  view-data: 3.414412846788764
