times:
  edit-metadata: 0.42429271433502436
  landing: 0.05002724286168814
  view-data: 0.20454810978844762
