times:
  edit-metadata: 1.5037075800355524
  landing: 1.0784434010274708
  view-data: 3.393728150986135
