times:
  edit-metadata: 0.4206231100251898
  landing: 0.0648509339953307
  view-data: 0.33455054901423864
