times:
  landing: 0.5811652240000171
  view-data: 0.5514304830000469
