times:
  landing: 0.5524736920000066
  view-data: 0.5668089400000156
