times:
  edit-metadata: 1.5786900501698256
  landing: 0.8426442965865135
  view-data: 3.4203522484749556
