times:
  edit-metadata: 0.5484532304108143
  landing: 0.04862343147397041
  view-data: 0.18963053822517395
