times:
  edit-metadata: 0.6445807159179822
  landing: 0.04553807293996215
  view-data: 0.19769604597240686
