times:
  edit-metadata: 1.3929997142404318
  landing: 0.01977011188864708
  view-data: 0.13695485331118107
