times:
  edit-metadata: 1.2892791610211134
  landing: 0.20973074436187744
  view-data: 0.12393446452915668
