times:
  edit-metadata: 0.4736196082085371
  landing: 0.044475982431322336
  view-data: 0.19122637202963233
