times:
  edit-metadata: 1.314087301492691
  landing: 0.018767936155200005
  view-data: 0.026743516325950623
