times:
  landing: 0.5493589280000606
  view-data: 0.5567537709999897
