times:
  landing: 1.0880605700000388
  view-data: 0.5583438679999517
