times:
  landing: 0.552848345999962
  view-data: 0.5544133559999977
