times:
  edit-metadata: 1.9570390097796917
  landing: 1.147199903614819
  view-data: 3.7752623800188303
