times:
  edit-metadata: 1.557816768065095
  landing: 0.8024773630313575
  view-data: 3.3263015700504184
