times:
  edit-metadata: 0.8034278019331396
  landing: 0.07652214961126447
  view-data: 0.19944737618789077
