times:
  edit-metadata: 0.5202678620116785
  landing: 0.0551404400030151
  view-data: 0.2165729489934165
