times:
  edit-metadata: 1.399713296443224
  landing: 0.8310299925506115
  view-data: 3.348776128143072
