times:
  edit-metadata: 0.5912914799991995
  landing: 0.045506064081564546
  view-data: 0.1905259310733527
