times:
  landing: 0.546263467000017
  view-data: 0.5552026489999662
