times:
  edit-metadata: 1.3523787409067154
  landing: 0.02429009508341551
  view-data: 0.29224708769470453
