times:
  landing: 1.1009912669999835
  view-data: 0.5548811969999861
