times:
  edit-metadata: 0.5032901139929891
  landing: 0.06546775391325355
  view-data: 0.21987266396172345
