times:
  landing: 1.1021928270000103
  view-data: 0.5590258549999589
