times:
  edit-metadata: 0.46917805122211576
  landing: 0.042952597606927156
  view-data: 0.19948806194588542
