times:
  edit-metadata: 1.597347741946578
  landing: 0.18301447108387947
  view-data: 0.04886547848582268
