times:
  landing: 0.5553052120000075
  view-data: 0.5582623920000174
