times:
  edit-metadata: 0.4634401029907167
  landing: 0.04822374880313873
  view-data: 0.31723303021863103
