times:
  edit-metadata: 0.4946312718093395
  landing: 0.582741217687726
  view-data: 0.6026821043342352
