times:
  landing: 0.5521873980000009
  view-data: 0.5655517850000251
