times:
  edit-metadata: 1.5750782559625804
  landing: 0.8488180679269135
  view-data: 3.358899858314544
