times:
  edit-metadata: 1.2886555204167962
  landing: 0.022916731424629688
  view-data: 0.12207878846675158
