times:
  edit-metadata: 1.6335486378520727
  landing: 0.9106888491660357
  view-data: 3.414848569780588
