times:
  edit-metadata: 1.2906774785369635
  landing: 0.020484686829149723
  view-data: 0.4038602886721492
