times:
  edit-metadata: 0.6259241849184036
  landing: 0.046205912018194795
  view-data: 0.1978794289752841
