times:
  edit-metadata: 1.4508039811626077
  landing: 0.7874059341847897
  view-data: 3.3277476262301207
