times:
  edit-metadata: 1.363548506051302
  landing: 0.021146051585674286
  view-data: 0.3363866936415434
