times:
  edit-metadata: 0.613723632064648
  landing: 0.0463149530114606
  view-data: 0.18666173296514899
