times:
  edit-metadata: 2.006936525925994
  landing: 0.19849846977740526
  view-data: 0.520331459119916
