times:
  edit-metadata: 0.4545970605686307
  landing: 0.0501510351896286
  view-data: 0.2049176376312971
