times:
  edit-metadata: 0.7031482239253819
  landing: 0.19430926907807589
  view-data: 0.21102594723924994
