times:
  edit-metadata: 0.4466251488775015
  landing: 0.043870538007467985
  view-data: 0.19913885742425919
