times:
  edit-metadata: 1.3915192839922383
  landing: 0.8117198300315067
  view-data: 3.3550615230342373
