times:
  edit-metadata: 1.4865497811697423
  landing: 0.7486748220399022
  view-data: 3.3964985976926982
