times:
  edit-metadata: 1.3560662157833576
  landing: 0.019232681021094322
  view-data: 0.022131087258458138
