times:
  edit-metadata: 1.5314527750015259
  landing: 0.7487219497561455
  view-data: 3.303866343572736
