times:
  landing: 0.5493595850000474
  view-data: 0.5532826099999966
