times:
  landing: 0.5595192570000336
  view-data: 0.5553376320000325
