times:
  edit-metadata: 1.5041119856759906
  landing: 0.8099983064457774
  view-data: 3.396964831277728
