times:
  landing: 1.0578153710000038
  view-data: 0.5458738230000222
