times:
  edit-metadata: 1.2995504243299365
  landing: 0.02128621656447649
  view-data: 0.1326849739998579
