times:
  edit-metadata: 0.44216680712997913
  landing: 0.0425970209762454
  view-data: 0.2081031035631895
