times:
  edit-metadata: 0.6114784439560026
  landing: 0.04551906697452068
  view-data: 0.1854218291118741
