times:
  edit-metadata: 1.5645849779248238
  landing: 0.8219712246209383
  view-data: 3.3345355670899153
