times:
  edit-metadata: 1.403807768598199
  landing: 0.14419487863779068
  view-data: 0.12179411295801401
