times:
  edit-metadata: 1.7308812709525228
  landing: 0.8054223209619522
  view-data: 3.6881123278290033
