times:
  edit-metadata: 1.9415980577468872
  landing: 1.1356135737150908
  view-data: 3.4579834677278996
