times:
  edit-metadata: 0.4212821051478386
  landing: 0.06721299700438976
  view-data: 0.2328840489499271
