times:
  landing: 0.5448953609999876
  view-data: 0.5467557779999765
