times:
  edit-metadata: 1.4889081600122154
  landing: 0.7525127208791673
  view-data: 3.3344008589629084
