times:
  edit-metadata: 2.7659360840916634
  landing: 1.2364190090447664
  view-data: 3.7661432246677577
