times:
  edit-metadata: 1.6971990447491407
  landing: 0.9419690929353237
  view-data: 3.4375685565173626
