times:
  edit-metadata: 1.5607308596372604
  landing: 0.7646736335009336
  view-data: 3.421587273478508
