times:
  edit-metadata: 1.3522749170660973
  landing: 0.22708451747894287
  view-data: 0.24702386371791363
