times:
  edit-metadata: 1.3227507211267948
  landing: 0.021590368822216988
  view-data: 0.025820307433605194
