times:
  edit-metadata: 0.5932350102812052
  landing: 0.5046698432415724
  view-data: 0.19626262970268726
