times:
  edit-metadata: 0.6165529349818826
  landing: 0.04412711481563747
  view-data: 0.1870848718099296
