times:
  edit-metadata: 0.5033126920461655
  landing: 1.0910092499107122
  view-data: 0.587824271991849
