times:
  edit-metadata: 1.47221728193108
  landing: 0.7138563829939812
  view-data: 3.3043676029192284
