times:
  landing: 1.0801815319999832
  view-data: 0.5588402930000029
