times:
  landing: 0.5969039579999844
  view-data: 0.058404319000032956
