times:
  edit-metadata: 1.4475022619590163
  landing: 0.7704376180190593
  view-data: 3.2547589018940926
