times:
  edit-metadata: 1.1877419268712401
  landing: 0.10380069585517049
  view-data: 0.23876837990246713
