times:
  edit-metadata: 0.6453326500486583
  landing: 0.05226489109918475
  view-data: 0.3171390569768846
