times:
  edit-metadata: 1.340169683098793
  landing: 0.11554740834981203
  view-data: 0.4142919173464179
