times:
  edit-metadata: 1.344414846971631
  landing: 0.2437928318977356
  view-data: 0.025285858660936356
