times:
  edit-metadata: 1.7335134129971266
  landing: 0.7755488343536854
  view-data: 3.3950074817985296
