times:
  edit-metadata: 1.2847762731835246
  landing: 0.02015138603746891
  view-data: 0.027000333182513714
