times:
  edit-metadata: 1.3334271162748337
  landing: 0.12133855745196342
  view-data: 0.11953035369515419
