times:
  edit-metadata: 0.5981486460077576
  landing: 0.043066154001280665
  view-data: 0.19488748998264782
