times:
  edit-metadata: 1.8854114562273026
  landing: 0.02480557095259428
  view-data: 0.026667517609894276
