times:
  edit-metadata: 1.719071346335113
  landing: 0.028767766430974007
  view-data: 0.038807615637779236
