times:
  edit-metadata: 1.6286733262240887
  landing: 0.9958329312503338
  view-data: 3.3133301995694637
