times:
  edit-metadata: 1.492958890274167
  landing: 0.23975930362939835
  view-data: 0.028811108320951462
