times:
  edit-metadata: 1.292548580095172
  landing: 0.13254353776574135
  view-data: 0.13825945556163788
