times:
  edit-metadata: 0.6788957929238677
  landing: 0.057929690927267075
  view-data: 0.19635313306935132
