times:
  edit-metadata: 1.5702735371887684
  landing: 0.8897272907197475
  view-data: 3.411386903375387
