times:
  landing: 0.5531766170000196
  view-data: 0.05422681499999271
