times:
  edit-metadata: 1.5898888558149338
  landing: 0.8299473468214273
  view-data: 3.4480857253074646
