times:
  edit-metadata: 1.3253560066223145
  landing: 0.01919199712574482
  view-data: 0.2928497400134802
