times:
  edit-metadata: 0.615735833067447
  landing: 0.04313672904390842
  view-data: 0.19720312801655382
