times:
  landing: 1.1043399050000176
  view-data: 0.5774256699999682
