times:
  landing: 0.5507947539999805
  view-data: 0.5495846630000187
