times:
  edit-metadata: 0.6401724258903414
  landing: 0.05307322193402797
  view-data: 0.19393391301855445
