times:
  landing: 0.5492849009999645
  view-data: 0.5541484390000733
