times:
  edit-metadata: 0.600351530010812
  landing: 0.0468400179524906
  view-data: 0.18807375797769055
