times:
  edit-metadata: 0.5995569140650332
  landing: 0.044697805074974895
  view-data: 0.18903810321353376
