times:
  edit-metadata: 1.360600583255291
  landing: 0.12222560308873653
  view-data: 0.12405174318701029
