times:
  edit-metadata: 0.5446971487253904
  landing: 0.5687435958534479
  view-data: 0.5978571828454733
