times:
  edit-metadata: 0.5404788628220558
  landing: 0.04889823868870735
  view-data: 0.31785113364458084
