times:
  edit-metadata: 0.6267819032073021
  landing: 0.5315739903599024
  view-data: 0.198065385222435
