times:
  landing: 0.5507976119999967
  view-data: 0.5542926119999834
