times:
  edit-metadata: 1.3720556162297726
  landing: 0.02413497120141983
  view-data: 0.13583432510495186
