times:
  edit-metadata: 0.5211130753159523
  landing: 0.057008374482393265
  view-data: 0.19056010991334915
