times:
  edit-metadata: 1.2816297095268965
  landing: 0.02033150475472212
  view-data: 0.02753994520753622
