times:
  landing: 1.0845332110000072
  view-data: 0.5648547779999831
