times:
  edit-metadata: 1.2641644394025207
  landing: 0.021121135912835598
  view-data: 0.023083234205842018
