times:
  edit-metadata: 1.330793559551239
  landing: 0.13214369490742683
  view-data: 0.026246221736073494
