times:
  edit-metadata: 1.6103350650519133
  landing: 0.8894015420228243
  view-data: 3.4608123977668583
