times:
  edit-metadata: 0.42594443168491125
  landing: 0.040522487834095955
  view-data: 0.19752846378833055
