times:
  landing: 0.5498799680000275
  view-data: 0.5557036949999201
