times:
  edit-metadata: 0.4995433299918659
  landing: 0.0655314169707708
  view-data: 0.21832356904633343
