times:
  edit-metadata: 0.6199015052989125
  landing: 0.04227337101474404
  view-data: 0.19305763626471162
