times:
  edit-metadata: 0.5262992009520531
  landing: 0.597052276134491
  view-data: 0.1860803198069334
