times:
  edit-metadata: 1.5623420868068933
  landing: 0.8319094814360142
  view-data: 3.396781587973237
