times:
  edit-metadata: 0.5173360034823418
  landing: 0.811612956225872
  view-data: 0.18913394026458263
