times:
  edit-metadata: 0.44097511703148484
  landing: 0.052868520841002464
  view-data: 0.19430401688441634
