times:
  edit-metadata: 1.5637705568224192
  landing: 0.870599131565541
  view-data: 3.3492522640153766
