times:
  edit-metadata: 0.49442707747220993
  landing: 0.4873161967843771
  view-data: 0.1855214200913906
