times:
  edit-metadata: 0.5698243007063866
  landing: 0.8851392343640327
  view-data: 0.2128561418503523
