times:
  edit-metadata: 1.2877547005191445
  landing: 0.02414983417838812
  view-data: 0.12425589933991432
