times:
  edit-metadata: 0.5473839733749628
  landing: 0.8174833375960588
  view-data: 0.41232894733548164
