times:
  landing: 1.070321010999976
  view-data: 0.5618309629999771
