times:
  landing: 0.5517864419999796
  view-data: 0.5669389920000185
