times:
  edit-metadata: 1.4328554766252637
  landing: 0.7636155690997839
  view-data: 3.3436399549245834
