times:
  edit-metadata: 0.6101843710057437
  landing: 0.046020204899832606
  view-data: 0.18125218409113586
