times:
  edit-metadata: 1.7342559769749641
  landing: 1.146039180457592
  view-data: 3.489432569593191
