times:
  landing: 0.5500446109999757
  view-data: 0.557203071999993
