times:
  edit-metadata: 0.4666184363886714
  landing: 0.04651363845914602
  view-data: 0.20291643496602774
