times:
  edit-metadata: 1.416028743609786
  landing: 0.022296587005257607
  view-data: 0.02338823862373829
