times:
  edit-metadata: 1.2629953920841217
  landing: 0.231347793713212
  view-data: 0.45746990386396646
