times:
  landing: 0.5600914309999894
  view-data: 0.5572963070000014
