times:
  edit-metadata: 1.7301338911056519
  landing: 1.010905273258686
  view-data: 3.3497635759413242
