times:
  landing: 0.5487634730000082
  view-data: 0.5674193020000189
