times:
  edit-metadata: 1.5528572830371559
  landing: 0.8942541712895036
  view-data: 3.4360954891890287
