times:
  edit-metadata: 1.5679471530020237
  landing: 0.7678127940744162
  view-data: 3.436908135190606
