times:
  edit-metadata: 1.5521731600165367
  landing: 0.7568244896829128
  view-data: 3.447851123288274
