times:
  edit-metadata: 1.542928438168019
  landing: 0.78301040828228
  view-data: 3.361240253318101
