times:
  edit-metadata: 1.5809697583317757
  landing: 0.914902288466692
  view-data: 3.441540911793709
