times:
  edit-metadata: 0.6440070589305833
  landing: 0.06386483006644994
  view-data: 0.19792219693772495
