times:
  edit-metadata: 1.3888555448502302
  landing: 0.12627177499234676
  view-data: 0.02445223741233349
