times:
  edit-metadata: 0.4758480521850288
  landing: 0.05365311214700341
  view-data: 0.20167174562811852
