times:
  edit-metadata: 0.5250452253967524
  landing: 3.5319647807627916
  view-data: 1.1483495831489563
