times:
  edit-metadata: 0.6236320389434695
  landing: 0.0381666359025985
  view-data: 0.19620347407180816
