times:
  edit-metadata: 1.5248865489847958
  landing: 0.9630297860130668
  view-data: 3.3928098268806934
