times:
  edit-metadata: 0.4222912460099906
  landing: 0.09244584408588707
  view-data: 0.20785909402184188
