times:
  landing: 0.557920753000019
  view-data: 0.5577571409999678
