times:
  edit-metadata: 0.5896127209998667
  landing: 0.04065405181609094
  view-data: 0.18996728817000985
