times:
  edit-metadata: 0.4643892841413617
  landing: 0.04741257382556796
  view-data: 0.2103578276000917
