times:
  edit-metadata: 0.5265876762568951
  landing: 0.571646936237812
  view-data: 0.5868595652282238
