times:
  edit-metadata: 1.3673116704449058
  landing: 0.2413503285497427
  view-data: 0.2063920320942998
