times:
  landing: 1.0693347529999642
  view-data: 0.5506405459999542
