times:
  edit-metadata: 0.43935953080654144
  landing: 0.043989626690745354
  view-data: 0.20226793363690376
