times:
  edit-metadata: 0.5271863960660994
  landing: 0.08338028704747558
  view-data: 0.2102722660638392
