times:
  edit-metadata: 0.5416526179760695
  landing: 1.0376709401607513
  view-data: 0.2867091316729784
