times:
  edit-metadata: 1.290527398698032
  landing: 0.02178881037980318
  view-data: 0.02487551048398018
