times:
  edit-metadata: 1.646541092544794
  landing: 0.9112595580518246
  view-data: 3.401357889175415
