times:
  edit-metadata: 1.3991318605840206
  landing: 0.23528801277279854
  view-data: 0.45175117813050747
