times:
  landing: 0.5502157349999948
  view-data: 0.5527888310000435
