times:
  edit-metadata: 0.5607255026698112
  landing: 0.06857439130544662
  view-data: 0.31763496436178684
