times:
  edit-metadata: 0.585842959000729
  landing: 0.04506571200909093
  view-data: 0.18850904199643992
