times:
  edit-metadata: 0.478820482006995
  landing: 0.047451493999687955
  view-data: 0.20574059497448616
