times:
  landing: 0.5544254499999965
  view-data: 0.5477806289999876
