times:
  edit-metadata: 1.3114654729142785
  landing: 0.024740973487496376
  view-data: 0.11972221452742815
