times:
  edit-metadata: 0.5067196954041719
  landing: 0.568526815623045
  view-data: 0.5854946356266737
