times:
  edit-metadata: 1.6842106487601995
  landing: 0.8444507848471403
  view-data: 3.4051253721117973
