times:
  edit-metadata: 1.3890518192201853
  landing: 0.8137204181402922
  view-data: 3.303306202404201
