times:
  edit-metadata: 0.5094665940850973
  landing: 0.3588916752487421
  view-data: 0.17791490629315376
