times:
  edit-metadata: 1.5441456139087677
  landing: 0.769990211352706
  view-data: 3.3589414339512587
