times:
  edit-metadata: 0.4275492411106825
  landing: 0.05356018012389541
  view-data: 0.21017083805054426
