times:
  edit-metadata: 0.5798579599941149
  landing: 0.05489745197701268
  view-data: 0.1855896430206485
