times:
  edit-metadata: 1.3938479935750365
  landing: 0.22333460953086615
  view-data: 0.2100968435406685
