times:
  landing: 0.549969668000017
  view-data: 0.5553673150000122
