times:
  edit-metadata: 1.3814449235796928
  landing: 0.13677041605114937
  view-data: 0.4670333117246628
