times:
  landing: 0.5508902440000156
  view-data: 0.5480933659999891
