times:
  edit-metadata: 2.1205793730914593
  landing: 1.15441301651299
  view-data: 3.5520714931190014
