times:
  edit-metadata: 0.5312743792310357
  landing: 0.04944918677210808
  view-data: 0.2147986013442278
