times:
  landing: 0.5549448829999619
  view-data: 0.5510581749999801
