times:
  edit-metadata: 0.6176290190778673
  landing: 0.043754209065809846
  view-data: 0.19226454000454396
