times:
  edit-metadata: 1.5762032307684422
  landing: 0.8224366195499897
  view-data: 3.450466528534889
