times:
  edit-metadata: 0.5419480260461569
  landing: 0.7167100235819817
  view-data: 0.24249845556914806
