times:
  edit-metadata: 1.5545127727091312
  landing: 0.7802574373781681
  view-data: 3.467071622610092
