times:
  edit-metadata: 1.5739847403019667
  landing: 0.79330063611269
  view-data: 3.4007347282022238
