times:
  edit-metadata: 1.583032600581646
  landing: 0.9763156697154045
  view-data: 3.411834094673395
