times:
  edit-metadata: 0.6162777240388095
  landing: 0.04601710103452206
  view-data: 0.1874461779370904
