times:
  edit-metadata: 0.4298548570368439
  landing: 0.07248524099122733
  view-data: 0.2196758579229936
