times:
  edit-metadata: 1.8659980278462172
  landing: 0.12914977222681046
  view-data: 0.48198276571929455
