times:
  edit-metadata: 1.2937115663662553
  landing: 0.021414944902062416
  view-data: 0.09579883515834808
