times:
  edit-metadata: 0.4306639740243554
  landing: 0.040413453709334135
  view-data: 0.2015463630668819
