times:
  edit-metadata: 0.5457207672297955
  landing: 0.045122552663087845
  view-data: 0.1857852339744568
