times:
  edit-metadata: 1.3174274703487754
  landing: 0.020736836828291416
  view-data: 0.10548224113881588
