times:
  landing: 0.5530442869999774
  view-data: 0.5562285070000144
