times:
  landing: 1.0888089079999759
  view-data: 0.5588264360000039
