times:
  edit-metadata: 1.28482985496521
  landing: 0.01960046123713255
  view-data: 0.024402840994298458
