times:
  edit-metadata: 1.7916524838656187
  landing: 1.0098751597106457
  view-data: 3.3899605330079794
