times:
  edit-metadata: 1.4143157668877393
  landing: 0.7206378569826484
  view-data: 3.323727501090616
