times:
  edit-metadata: 0.42892144492361695
  landing: 0.09857309295330197
  view-data: 0.20431898697279394
