times:
  edit-metadata: 1.4914349801838398
  landing: 0.7069188505411148
  view-data: 3.283068608492613
