times:
  edit-metadata: 1.3870787685737014
  landing: 0.02221859712153673
  view-data: 0.12490085605531931
