times:
  edit-metadata: 0.47028647689148784
  landing: 0.042167942970991135
  view-data: 0.20015766099095345
