times:
  edit-metadata: 0.5138575909659266
  landing: 0.07038543187081814
  view-data: 0.2134441640228033
