times:
  edit-metadata: 1.6553768320009112
  landing: 0.9595744404941797
  view-data: 3.3867646167054772
