times:
  edit-metadata: 1.4352770578116179
  landing: 0.12071005534380674
  view-data: 0.39802325423806906
