times:
  landing: 0.5514753240000232
  view-data: 0.5627988600000435
