times:
  edit-metadata: 0.8020344079704955
  landing: 0.08777495299000293
  view-data: 0.23447870800737292
