times:
  landing: 0.5405321609999874
  view-data: 0.550341230000015
