times:
  edit-metadata: 1.677234860137105
  landing: 0.31306613609194756
  view-data: 0.49038079380989075
