times:
  edit-metadata: 1.530867213383317
  landing: 0.20086844079196453
  view-data: 0.02471696212887764
