times:
  edit-metadata: 1.3864223100245
  landing: 0.7474361038766801
  view-data: 3.3146694710012525
