times:
  edit-metadata: 1.3481396147981286
  landing: 0.17655816208571196
  view-data: 0.023422845639288425
