times:
  landing: 0.5514310879999584
  view-data: 0.5570710329999997
