times:
  edit-metadata: 2.0529948081821203
  landing: 1.0012921374291182
  view-data: 3.4708970189094543
