times:
  landing: 0.5518436320000433
  view-data: 0.5562956640000039
