times:
  edit-metadata: 0.6840716040460393
  landing: 0.04509356990456581
  view-data: 0.19189789099618793
