times:
  edit-metadata: 0.44763025594875216
  landing: 0.05661643389612436
  view-data: 0.19081956474110484
