times:
  edit-metadata: 0.5048001911491156
  landing: 0.5870736874639988
  view-data: 0.18628271482884884
