times:
  edit-metadata: 1.2958793127909303
  landing: 0.023380653001368046
  view-data: 0.11838755663484335
