times:
  edit-metadata: 1.388859959319234
  landing: 0.23000847734510899
  view-data: 0.2953992299735546
