times:
  edit-metadata: 0.5788360629230738
  landing: 1.1151602491736412
  view-data: 0.5970543995499611
