times:
  landing: 1.0843295370000305
  view-data: 0.5593155929999511
