times:
  edit-metadata: 1.326718877069652
  landing: 0.2126673087477684
  view-data: 0.10238039586693048
