times:
  edit-metadata: 0.5401970967650414
  landing: 0.05394042283296585
  view-data: 0.19733433425426483
