times:
  edit-metadata: 0.5278717465698719
  landing: 0.04553593695163727
  view-data: 0.190381720662117
