times:
  landing: 0.5553846299999918
  view-data: 0.5599470550000092
