times:
  edit-metadata: 1.5467566261067986
  landing: 0.8639280181378126
  view-data: 3.390886493958533
