times:
  edit-metadata: 1.307053929194808
  landing: 0.0218728706240654
  view-data: 0.11834978964179754
