times:
  edit-metadata: 0.4524938748218119
  landing: 0.043102228082716465
  view-data: 0.1920227138325572
