times:
  edit-metadata: 0.4865015037357807
  landing: 0.0532105378806591
  view-data: 0.19157699868083
