times:
  edit-metadata: 1.4631347209215164
  landing: 0.22408302687108517
  view-data: 0.5733215492218733
