times:
  edit-metadata: 1.326511318795383
  landing: 0.20773214753717184
  view-data: 0.2067069225013256
