times:
  edit-metadata: 1.6020549405366182
  landing: 0.8189813885837793
  view-data: 3.3403133638203144
