times:
  edit-metadata: 0.4079120601527393
  landing: 0.050916805397719145
  view-data: 0.20708307810127735
