times:
  edit-metadata: 1.579546632245183
  landing: 1.182381309568882
  view-data: 3.4640061296522617
