times:
  edit-metadata: 0.5507025420665741
  landing: 0.049410365521907806
  view-data: 0.19428933784365654
