times:
  edit-metadata: 1.3922880254685879
  landing: 0.02024395950138569
  view-data: 0.37665899842977524
