times:
  edit-metadata: 1.3326896112412214
  landing: 0.018871260806918144
  view-data: 0.11544946487993002
