times:
  edit-metadata: 0.5876369339966914
  landing: 0.04511082998942584
  view-data: 0.18926142099371646
