times:
  edit-metadata: 0.6176760580274276
  landing: 0.04974343202775344
  view-data: 0.1958257649675943
