times:
  edit-metadata: 1.5974146649241447
  landing: 1.0085675409063697
  view-data: 3.44860733859241
