times:
  edit-metadata: 1.4082735143601894
  landing: 0.8065544031560421
  view-data: 3.3750614635646343
