times:
  landing: 0.6182096470000147
  view-data: 0.5621292539999558
