times:
  edit-metadata: 1.6057236231863499
  landing: 1.2118696197867393
  view-data: 3.3758511655032635
