times:
  landing: 0.5445972630000142
  view-data: 0.5461725779999824
