times:
  edit-metadata: 2.0659235790371895
  landing: 1.4507520161569118
  view-data: 3.789047919213772
