times:
  edit-metadata: 0.4348985090618953
  landing: 0.045122502953745425
  view-data: 0.20017576101236045
