times:
  edit-metadata: 0.41849274816922843
  landing: 0.07278119516558945
  view-data: 0.2001234299968928
