times:
  edit-metadata: 0.6854510437697172
  landing: 0.6630491949617863
  view-data: 0.21468349918723106
