times:
  edit-metadata: 0.43185304990038276
  landing: 0.04203276988118887
  view-data: 0.19358848594129086
