times:
  landing: 0.5470761670000002
  view-data: 0.5474517790000277
