times:
  edit-metadata: 0.7168161771260202
  landing: 0.047858137637376785
  view-data: 0.2039505480788648
