times:
  landing: 1.0780855210000482
  view-data: 0.5518883510000023
