times:
  edit-metadata: 1.3209367860108614
  landing: 0.21613647229969501
  view-data: 0.29225456714630127
