times:
  edit-metadata: 1.550214933231473
  landing: 0.7371577322483063
  view-data: 3.397104999050498
