times:
  edit-metadata: 1.3129158141091466
  landing: 0.02004037331789732
  view-data: 0.02425231970846653
