times:
  edit-metadata: 1.9647669810801744
  landing: 1.0759127289056778
  view-data: 3.6212232764810324
