times:
  edit-metadata: 1.3848761729896069
  landing: 0.21531010419130325
  view-data: 0.023592988029122353
