times:
  edit-metadata: 0.4342084266245365
  landing: 0.05186776630580425
  view-data: 0.20675820717588067
