times:
  edit-metadata: 0.45613089483231306
  landing: 0.04533659387379885
  view-data: 0.18909667572006583
