times:
  edit-metadata: 1.332087405025959
  landing: 0.02229573018848896
  view-data: 0.23072254098951817
