times:
  edit-metadata: 0.5070753680774942
  landing: 0.060458171996288
  view-data: 0.2314022360369563
