times:
  edit-metadata: 0.521722269942984
  landing: 0.05864012590609491
  view-data: 0.20428887801244855
