times:
  edit-metadata: 1.4679330885410309
  landing: 0.8773269653320312
  view-data: 3.3716996535658836
