times:
  edit-metadata: 0.6213925459887832
  landing: 0.041164468973875046
  view-data: 0.1868176480056718
