times:
  edit-metadata: 0.6102297489997
  landing: 0.0595538760535419
  view-data: 0.19165715505369008
