times:
  edit-metadata: 1.4540414288640022
  landing: 0.8725152611732483
  view-data: 3.349011443555355
