times:
  edit-metadata: 0.5025370754301548
  landing: 0.048893559724092484
  view-data: 0.19280020147562027
