times:
  landing: 1.0863432689999968
  view-data: 0.5558075079999867
