times:
  edit-metadata: 0.5122248008847237
  landing: 0.04834873974323273
  view-data: 0.19235683605074883
