times:
  edit-metadata: 0.4830856309272349
  landing: 0.0874427268281579
  view-data: 0.2094763065688312
