times:
  edit-metadata: 0.5256129205226898
  landing: 0.05464791879057884
  view-data: 0.1999751701951027
