times:
  edit-metadata: 0.5555239683017135
  landing: 0.09507514396682382
  view-data: 0.20722721004858613
