times:
  edit-metadata: 2.79601283185184
  landing: 0.29154665581882
  view-data: 0.23690222576260567
