times:
  edit-metadata: 0.6140062906779349
  landing: 0.050231951754540205
  view-data: 0.18967468105256557
