times:
  edit-metadata: 0.6443475699052215
  landing: 0.05207550432533026
  view-data: 0.19753379886969924
