times:
  edit-metadata: 0.6164514429983683
  landing: 0.04117294000752736
  view-data: 0.18979996799316723
