times:
  edit-metadata: 0.4979041789774783
  landing: 0.06532341300044209
  view-data: 0.20810861402424052
