times:
  edit-metadata: 1.2740551279857755
  landing: 0.02117113396525383
  view-data: 0.12234133388847113
