times:
  edit-metadata: 0.5578303057700396
  landing: 0.5700334198772907
  view-data: 0.5955846644937992
