times:
  edit-metadata: 1.2867049593478441
  landing: 0.022131377831101418
  view-data: 0.12022749427706003
