times:
  edit-metadata: 1.3286336660385132
  landing: 0.01914200186729431
  view-data: 0.12651811260730028
