times:
  edit-metadata: 0.5182794872671366
  landing: 1.2819614317268133
  view-data: 0.29835167340934277
