times:
  edit-metadata: 0.5030350964516401
  landing: 0.47910280525684357
  view-data: 0.17783440090715885
