times:
  landing: 0.552734217999955
  view-data: 0.5602803180000251
