times:
  landing: 0.5548096020000344
  view-data: 0.5593589289999841
