times:
  edit-metadata: 0.6206380550283939
  landing: 0.045556860975921154
  view-data: 0.2000223930226639
