times:
  landing: 0.5510132289999774
  view-data: 0.5590769739999928
