times:
  edit-metadata: 1.5619087778031826
  landing: 0.7205645367503166
  view-data: 3.3553892001509666
