times:
  edit-metadata: 1.5352904479950666
  landing: 0.7700273003429174
  view-data: 3.3397021647542715
