times:
  landing: 1.0724547639999855
  view-data: 0.5564014580000389
