times:
  edit-metadata: 2.754919513128698
  landing: 0.6118536852300167
  view-data: 0.8308117408305407
