times:
  edit-metadata: 0.4260840530041605
  landing: 0.07780259917490184
  view-data: 0.20198251912370324
