times:
  edit-metadata: 1.3487626519054174
  landing: 0.21282793208956718
  view-data: 0.31657968275249004
