times:
  edit-metadata: 1.6340508460998535
  landing: 1.0286353677511215
  view-data: 3.4113243259489536
