times:
  edit-metadata: 0.4287679046392441
  landing: 0.05473834462463856
  view-data: 0.19916350208222866
