times:
  edit-metadata: 1.2795302085578442
  landing: 0.018907815217971802
  view-data: 0.022841231897473335
