times:
  edit-metadata: 0.4995991885662079
  landing: 0.04099659621715546
  view-data: 0.1917550303041935
