times:
  edit-metadata: 0.750491748098284
  landing: 0.09386960975825787
  view-data: 0.20444079022854567
