times:
  edit-metadata: 1.4051937935873866
  landing: 0.11723185144364834
  view-data: 0.11553503945469856
