times:
  landing: 0.5544161339999505
  view-data: 0.5578071360000081
