times:
  landing: 1.0626766149999867
  view-data: 0.5495084619999488
