times:
  landing: 0.5442400489999955
  view-data: 0.5500729890000002
