times:
  landing: 0.5940021679999745
  view-data: 0.5543542640000396
