times:
  edit-metadata: 0.4236263739876449
  landing: 0.06681481283158064
  view-data: 0.2107002178672701
