times:
  edit-metadata: 1.6101977713406086
  landing: 0.9566910825669765
  view-data: 3.3785221576690674
