times:
  edit-metadata: 1.3160193916410208
  landing: 0.13202540948987007
  view-data: 0.3172813802957535
