times:
  edit-metadata: 0.5355796739459038
  landing: 0.049117427319288254
  view-data: 0.19481194391846657
