times:
  edit-metadata: 0.42618582997238263
  landing: 0.06383632495999336
  view-data: 0.21353588299825788
