times:
  landing: 0.5446379699999397
  view-data: 0.5473277249999455
