times:
  edit-metadata: 0.5974835329689085
  landing: 0.04646226204931736
  view-data: 0.1835525189526379
