times:
  edit-metadata: 1.4038233235478401
  landing: 0.7162291035056114
  view-data: 3.3066620137542486
