times:
  edit-metadata: 0.5558882672339678
  landing: 0.7229741476476192
  view-data: 0.20528393611311913
