times:
  edit-metadata: 0.5347968656569719
  landing: 0.8011899143457413
  view-data: 0.19679826125502586
