times:
  edit-metadata: 0.540488738566637
  landing: 0.6786752231419086
  view-data: 0.2344882097095251
