times:
  edit-metadata: 1.3444303758442402
  landing: 0.1356579028069973
  view-data: 0.20391504280269146
