times:
  edit-metadata: 1.5673420242965221
  landing: 0.7790188249200583
  view-data: 3.4404986165463924
