times:
  edit-metadata: 1.4955816119909286
  landing: 0.8536009751260281
  view-data: 3.3588089495897293
