times:
  edit-metadata: 0.5311148297041655
  landing: 0.9229284096509218
  view-data: 0.2968114949762821
