times:
  edit-metadata: 1.327918455004692
  landing: 0.019123677164316177
  view-data: 0.02456931211054325
