times:
  edit-metadata: 1.5367965046316385
  landing: 0.7086069490760565
  view-data: 3.3621872160583735
