times:
  edit-metadata: 0.6432182528078556
  landing: 0.060030994936823845
  view-data: 0.21950277918949723
