times:
  edit-metadata: 0.5254376251250505
  landing: 1.0347431804984808
  view-data: 0.2956319488584995
