times:
  edit-metadata: 1.5448462162166834
  landing: 0.9621345400810242
  view-data: 3.383515639230609
