times:
  edit-metadata: 1.5247639119625092
  landing: 0.762374559417367
  view-data: 3.3998927287757397
