times:
  edit-metadata: 1.5864534969441593
  landing: 0.762572699226439
  view-data: 3.393725170288235
