times:
  edit-metadata: 1.377920008264482
  landing: 0.1128763910382986
  view-data: 0.12316300440579653
