times:
  edit-metadata: 0.5171678140759468
  landing: 0.05286278575658798
  view-data: 0.19639677181839943
