times:
  edit-metadata: 0.5876633480074815
  landing: 0.13361113602877595
  view-data: 0.22909374799928628
