times:
  edit-metadata: 0.45541377691552043
  landing: 0.04828804126009345
  view-data: 0.19536300608888268
