times:
  edit-metadata: 0.6925500450015534
  landing: 0.043335380003554747
  view-data: 0.19756623799912632
