times:
  edit-metadata: 0.5973115563392639
  landing: 0.049811357632279396
  view-data: 0.18293102458119392
