times:
  edit-metadata: 1.3877028496935964
  landing: 0.019424226135015488
  view-data: 0.024399534799158573
