times:
  edit-metadata: 0.4959109630435705
  landing: 0.07547058770433068
  view-data: 0.2166318241506815
