times:
  edit-metadata: 1.5050280876457691
  landing: 0.2390687968581915
  view-data: 0.26306793838739395
