times:
  edit-metadata: 1.6563283130526543
  landing: 0.8846137374639511
  view-data: 3.3465701043605804
