times:
  landing: 1.0683195330000217
  view-data: 0.5553359809999847
