times:
  edit-metadata: 0.5283090790035203
  landing: 0.08734783000545576
  view-data: 0.33625858795130625
