times:
  edit-metadata: 0.5600111875683069
  landing: 0.7957175355404615
  view-data: 0.23261229693889618
