times:
  edit-metadata: 1.5458917915821075
  landing: 0.7174131032079458
  view-data: 3.3883882462978363
