times:
  edit-metadata: 0.5267598368227482
  landing: 0.045354586094617844
  view-data: 0.20844419300556183
