times:
  edit-metadata: 1.3402281142771244
  landing: 0.20737892389297485
  view-data: 0.48101535253226757
