times:
  landing: 0.5554433749999816
  view-data: 0.5606747850000033
