times:
  edit-metadata: 0.6600443760107737
  landing: 0.043004467006539926
  view-data: 0.1964206029952038
