times:
  landing: 0.5507856570000058
  view-data: 0.5593695300000263
