times:
  edit-metadata: 1.5070188455283642
  landing: 0.73847371712327
  view-data: 3.406167896464467
