times:
  edit-metadata: 0.4692580923438072
  landing: 0.8252624329179525
  view-data: 0.3136319611221552
