times:
  edit-metadata: 0.507571498863399
  landing: 0.04866901412606239
  view-data: 0.19720676820725203
