times:
  edit-metadata: 0.5505686588585377
  landing: 0.056104594841599464
  view-data: 0.18948287330567837
