times:
  edit-metadata: 1.5801506079733372
  landing: 0.8046363070607185
  view-data: 3.388642903417349
