times:
  edit-metadata: 0.4311421780148521
  landing: 0.07188873691484332
  view-data: 0.2017241499852389
