times:
  edit-metadata: 0.4220549869351089
  landing: 0.044725397136062384
  view-data: 0.19681773474439979
