times:
  edit-metadata: 1.8035033456981182
  landing: 0.9686958231031895
  view-data: 3.3652514070272446
