times:
  edit-metadata: 1.3164327647536993
  landing: 0.18960276618599892
  view-data: 0.025248784571886063
