times:
  edit-metadata: 0.6011416465044022
  landing: 0.47355097346007824
  view-data: 0.19104977697134018
