times:
  edit-metadata: 0.4253113870508969
  landing: 0.06086377496831119
  view-data: 0.21390753996092826
