times:
  edit-metadata: 0.6092819010373205
  landing: 0.05731466202996671
  view-data: 0.1812127400189638
