times:
  edit-metadata: 0.6126443659886718
  landing: 0.05006807716563344
  view-data: 0.19201382994651794
