times:
  edit-metadata: 0.6286483556032181
  landing: 0.9553136378526688
  view-data: 0.2174080591648817
