times:
  edit-metadata: 0.43161420710384846
  landing: 0.04426415916532278
  view-data: 0.19977581966668367
