times:
  edit-metadata: 0.4135013408958912
  landing: 0.0676921159029007
  view-data: 0.20905358530580997
