times:
  edit-metadata: 0.490560295060277
  landing: 1.3578276131302118
  view-data: 0.1719198990613222
