times:
  edit-metadata: 0.46875998470932245
  landing: 0.043397825211286545
  view-data: 0.19437394943088293
