times:
  edit-metadata: 1.4578851945698261
  landing: 0.7968558333814144
  view-data: 3.332350939512253
