times:
  edit-metadata: 0.520589167252183
  landing: 0.5317047983407974
  view-data: 0.20530075207352638
