times:
  edit-metadata: 0.5874718073755503
  landing: 0.48744682408869267
  view-data: 0.1920243799686432
