times:
  edit-metadata: 0.5919783427380025
  landing: 0.0534566817805171
  view-data: 0.19426692463457584
