times:
  edit-metadata: 0.3996177511289716
  landing: 0.07889454578980803
  view-data: 0.2030453751794994
