times:
  edit-metadata: 1.5441527590155602
  landing: 0.7904321402311325
  view-data: 3.4160645231604576
