times:
  landing: 0.5813184380000394
  view-data: 0.5571971959999473
