times:
  edit-metadata: 0.5567736346274614
  landing: 0.5032456517219543
  view-data: 0.18110675364732742
