times:
  landing: 0.5507293519999621
  view-data: 0.5573637989999725
