times:
  edit-metadata: 0.626404573675245
  landing: 0.04641175735741854
  view-data: 0.19563370291143656
