times:
  edit-metadata: 1.5225686598569155
  landing: 0.1583206094801426
  view-data: 0.26164088770747185
