times:
  edit-metadata: 0.5645838491618633
  landing: 0.5284417066723108
  view-data: 0.1839235182851553
