times:
  edit-metadata: 0.40848445892333984
  landing: 0.04499658988788724
  view-data: 0.19274939876049757
