times:
  landing: 2.2744085281156003
  view-data: 0.03168797679245472
