times:
  landing: 0.5468942210000023
  view-data: 0.5444433870000012
