times:
  landing: 1.6139604290000307
  view-data: 0.5595086079999874
