times:
  edit-metadata: 0.47413509991019964
  landing: 0.042952342890203
  view-data: 0.2037565689533949
