times:
  edit-metadata: 1.3576366994529963
  landing: 0.14255995862185955
  view-data: 0.2879924960434437
