times:
  edit-metadata: 0.4108029599301517
  landing: 0.06707890797406435
  view-data: 0.21183386212214828
