times:
  edit-metadata: 0.554429967996839
  landing: 0.04101348200128996
  view-data: 0.18988666199948057
