times:
  edit-metadata: 1.2949070651084185
  landing: 0.1106632323935628
  view-data: 0.12040459923446178
