times:
  edit-metadata: 1.5777671076357365
  landing: 0.8199491463601589
  view-data: 3.428223479539156
