times:
  landing: 0.5442585470000267
  view-data: 0.04506049400004031
