times:
  edit-metadata: 0.5273861512541771
  landing: 0.38058523647487164
  view-data: 0.31705464981496334
