times:
  edit-metadata: 0.5960809458047152
  landing: 0.7698295172303915
  view-data: 0.30070786736905575
