times:
  edit-metadata: 1.3122080639004707
  landing: 0.023430226370692253
  view-data: 0.1246025525033474
