times:
  edit-metadata: 1.4767168760299683
  landing: 0.9468931257724762
  view-data: 3.340429700911045
