times:
  edit-metadata: 1.5928270239382982
  landing: 0.8991910684853792
  view-data: 3.400957979261875
