times:
  edit-metadata: 0.4726649485528469
  landing: 0.03732223156839609
  view-data: 0.2048672679811716
