times:
  landing: 1.0972637109999823
  view-data: 0.5521615110000084
