times:
  edit-metadata: 0.41101003414951265
  landing: 0.057083365973085165
  view-data: 0.20900028804317117
