times:
  edit-metadata: 1.3699248200282454
  landing: 0.30359184998087585
  view-data: 0.32066854496952146
