times:
  edit-metadata: 0.5999103239737451
  landing: 0.04606646532192826
  view-data: 0.18141240859404206
