times:
  edit-metadata: 0.504511184990406
  landing: 1.1148556917905807
  view-data: 0.31323113292455673
