times:
  edit-metadata: 1.5554645843803883
  landing: 0.9555834122002125
  view-data: 3.392990294843912
