times:
  landing: 0.5517094179999731
  view-data: 0.5558607870000287
