times:
  edit-metadata: 0.511046027764678
  landing: 0.44779863953590393
  view-data: 0.1837623380124569
