times:
  edit-metadata: 0.41019021795364097
  landing: 0.06321897200541571
  view-data: 0.21010070998454466
