times:
  edit-metadata: 0.4301643487997353
  landing: 0.0650388509966433
  view-data: 0.20325770508497953
