times:
  edit-metadata: 0.4911720430245623
  landing: 0.08058187202550471
  view-data: 0.219094499014318
