times:
  edit-metadata: 1.424875889904797
  landing: 0.02326207607984543
  view-data: 0.12332115229219198
