times:
  landing: 0.5500410940003349
  view-data: 0.5573875800000678
