times:
  edit-metadata: 1.286066697910428
  landing: 0.09058437310159206
  view-data: 0.12233122531324625
