times:
  edit-metadata: 1.3351310677826405
  landing: 0.20658419281244278
  view-data: 0.31927209720015526
