times:
  edit-metadata: 1.297984260134399
  landing: 0.019196387380361557
  view-data: 0.027046669274568558
