times:
  edit-metadata: 1.2834302317351103
  landing: 0.12612242624163628
  view-data: 0.12087755091488361
