times:
  edit-metadata: 1.5732412245124578
  landing: 0.8045671246945858
  view-data: 3.41399853117764
