times:
  edit-metadata: 1.5241966359317303
  landing: 0.9301106594502926
  view-data: 3.3843539897352457
