times:
  edit-metadata: 0.7780055140610784
  landing: 0.06464904500171542
  view-data: 0.20940848416648805
