times:
  landing: 0.5485176189999947
  view-data: 0.5541851500000234
