times:
  edit-metadata: 1.378328775987029
  landing: 0.02186477929353714
  view-data: 0.02515210211277008
