times:
  edit-metadata: 1.5902598649263382
  landing: 0.7600137609988451
  view-data: 3.400518087670207
