times:
  edit-metadata: 1.5226260218769312
  landing: 0.711115188896656
  view-data: 3.387755010277033
