times:
  edit-metadata: 0.5341023094952106
  landing: 0.05446542426943779
  view-data: 0.19963392615318298
