times:
  edit-metadata: 0.4249652000144124
  landing: 0.045625777915120125
  view-data: 0.19211995787918568
