times:
  edit-metadata: 1.4583943877369165
  landing: 0.7957527115941048
  view-data: 3.33040439337492
