times:
  edit-metadata: 0.6471542241051793
  landing: 0.05223581288009882
  view-data: 0.1962567421142012
