times:
  edit-metadata: 0.5968633419979597
  landing: 0.04214910000155214
  view-data: 0.19434647800517268
