times:
  edit-metadata: 1.5855030259117484
  landing: 0.8107280926778913
  view-data: 3.3953085420653224
