times:
  edit-metadata: 1.5426280098035932
  landing: 0.7767428541556001
  view-data: 3.3920508520677686
