times:
  landing: 0.5500314989999993
  view-data: 0.5523791889999643
