times:
  edit-metadata: 0.620247315033339
  landing: 0.04687260603532195
  view-data: 0.193413064989727
