times:
  edit-metadata: 1.3909027613699436
  landing: 0.7320759072899818
  view-data: 3.3684588903561234
