times:
  edit-metadata: 0.4068825360154733
  landing: 0.06727656105067581
  view-data: 0.2125477099325508
