times:
  edit-metadata: 1.5389389712363482
  landing: 0.026646938174962997
  view-data: 0.026311561465263367
