times:
  edit-metadata: 0.5784737132489681
  landing: 0.5096809212118387
  view-data: 0.19106019102036953
