times:
  edit-metadata: 0.46969483900466
  landing: 0.06917420099489391
  view-data: 0.2157473219995154
