times:
  edit-metadata: 1.7045343033969402
  landing: 0.804449338465929
  view-data: 3.348174571990967
