times:
  edit-metadata: 1.7148180902004242
  landing: 0.9440405815839767
  view-data: 3.413020906969905
