times:
  edit-metadata: 0.4378942013718188
  landing: 0.04538446478545666
  view-data: 0.18919002683833241
