times:
  landing: 1.0719455230000108
  view-data: 0.5553312689999643
