times:
  edit-metadata: 1.3586167562752962
  landing: 0.8233462921343744
  view-data: 3.3601526841521263
