times:
  edit-metadata: 0.6062679905444384
  landing: 0.660519428551197
  view-data: 0.3150293678045273
