times:
  edit-metadata: 0.5246102460005204
  landing: 0.045424372001434676
  view-data: 0.1899183580026147
