times:
  edit-metadata: 1.675846267491579
  landing: 1.050180770456791
  view-data: 3.3632271215319633
