times:
  edit-metadata: 0.46779133658856153
  landing: 0.05341821815818548
  view-data: 0.21404966432601213
