times:
  edit-metadata: 0.4103433769196272
  landing: 0.056559585966169834
  view-data: 0.216542633716017
