times:
  landing: 1.1193501089999813
  view-data: 0.5539263279999886
