times:
  landing: 0.5652541829999791
  view-data: 0.06928332399996862
