times:
  edit-metadata: 1.567267457023263
  landing: 0.023042747750878334
  view-data: 0.4340799134224653
