times:
  edit-metadata: 1.5859210193157196
  landing: 1.0755498558282852
  view-data: 3.3465682938694954
