times:
  edit-metadata: 0.41264342004433274
  landing: 0.0765931811183691
  view-data: 0.240831556962803
