times:
  edit-metadata: 0.853152517000126
  landing: 0.10280042700014747
  view-data: 0.2706522030002816
