times:
  edit-metadata: 0.5801446629920974
  landing: 0.043342885037418455
  view-data: 0.1899041350116022
