times:
  edit-metadata: 1.4811194632202387
  landing: 0.7885745312087238
  view-data: 3.404275136999786
