times:
  landing: 0.5545808930000362
  view-data: 0.5570722749999959
