times:
  edit-metadata: 0.42804519599303603
  landing: 0.07350884191691875
  view-data: 0.21080522518604994
