times:
  landing: 0.5532147979999991
  view-data: 0.5571775970000203
