times:
  landing: 0.5533788339998864
  view-data: 0.5586853709999104
