times:
  landing: 0.5504425720000086
  view-data: 0.5586975780000216
