times:
  edit-metadata: 0.5654436852782965
  landing: 0.6219095960259438
  view-data: 0.18786687590181828
