times:
  edit-metadata: 0.638368520885706
  landing: 0.05163162504322827
  view-data: 0.18048542481847107
