times:
  edit-metadata: 1.3378529651090503
  landing: 0.022815662436187267
  view-data: 0.023887756280601025
