times:
  edit-metadata: 0.4591872217133641
  landing: 0.042714839801192284
  view-data: 0.20703492313623428
