times:
  edit-metadata: 0.6099579690489918
  landing: 0.052504888037219644
  view-data: 0.18501280387863517
