times:
  edit-metadata: 0.43331565894186497
  landing: 0.044431501999497414
  view-data: 0.1895961300469935
