times:
  edit-metadata: 1.5208599511533976
  landing: 0.7697616857476532
  view-data: 3.3979597436264157
