times:
  edit-metadata: 0.6060800850391388
  landing: 0.06482652202248573
  view-data: 0.19978147000074387
