times:
  edit-metadata: 0.6277801804244518
  landing: 0.47330847196280956
  view-data: 0.24027471989393234
