times:
  edit-metadata: 1.6090261600911617
  landing: 1.0588628724217415
  view-data: 3.293084852397442
