times:
  edit-metadata: 0.5919297059881501
  landing: 0.09630508502596058
  view-data: 0.22659430099884048
