times:
  edit-metadata: 0.4728071722202003
  landing: 0.0510867559351027
  view-data: 0.217621514108032
