times:
  edit-metadata: 1.382775928126648
  landing: 0.7542009020689875
  view-data: 3.307651281123981
