times:
  edit-metadata: 0.6356002740212716
  landing: 0.11868195599527098
  view-data: 0.201481774012791
