times:
  edit-metadata: 0.617317324038595
  landing: 0.04301566304638982
  view-data: 0.18774386122822762
