times:
  edit-metadata: 1.484738688915968
  landing: 0.8750462308526039
  view-data: 3.328412000089884
