times:
  edit-metadata: 1.3903472423553467
  landing: 0.12866233848035336
  view-data: 0.35041286423802376
