times:
  edit-metadata: 1.7360475063323975
  landing: 1.0132411802187562
  view-data: 3.5869899755343795
