times:
  edit-metadata: 1.570234352722764
  landing: 0.24191159289330244
  view-data: 0.5828168103471398
