times:
  edit-metadata: 1.5610539056360722
  landing: 0.8234327957034111
  view-data: 3.3914732672274113
