times:
  landing: 1.581759728999998
  view-data: 0.563625892999994
