times:
  edit-metadata: 0.4945390298962593
  landing: 0.07415710622444749
  view-data: 0.20085335010662675
