times:
  edit-metadata: 0.4729155758395791
  landing: 0.042597908060997725
  view-data: 0.20121040102094412
