times:
  edit-metadata: 1.5418457984924316
  landing: 0.8963438421487808
  view-data: 3.445377741008997
