times:
  landing: 0.5560437130000082
  view-data: 0.5576932230000011
