times:
  edit-metadata: 1.3102477323263884
  landing: 0.019661417230963707
  view-data: 0.3213960397988558
