times:
  edit-metadata: 0.4795036194846034
  landing: 0.05555860698223114
  view-data: 0.2097695767879486
