times:
  edit-metadata: 1.4680985547602177
  landing: 0.8944003582000732
  view-data: 3.4119113869965076
