times:
  edit-metadata: 1.37546696793288
  landing: 0.3117493037134409
  view-data: 0.4128715982660651
