times:
  edit-metadata: 0.6971127060241997
  landing: 0.06968619395047426
  view-data: 0.18956154212355614
