times:
  edit-metadata: 0.417832022998482
  landing: 0.06220795800618362
  view-data: 0.3301474550025887
