times:
  edit-metadata: 1.6204032488167286
  landing: 0.36692526191473007
  view-data: 0.36955608427524567
