times:
  edit-metadata: 0.41711018211208284
  landing: 0.06767911789938807
  view-data: 0.21058319602161646
