times:
  edit-metadata: 1.386136572342366
  landing: 0.7619950068183243
  view-data: 3.340529005974531
