times:
  edit-metadata: 1.5086164399981499
  landing: 0.7004197668284178
  view-data: 3.2860062662512064
