times:
  edit-metadata: 0.6611513891257346
  landing: 0.04702434618957341
  view-data: 0.19178955513052642
