times:
  edit-metadata: 0.49256527330726385
  landing: 0.04912921506911516
  view-data: 0.21541377156972885
