times:
  edit-metadata: 1.6256765518337488
  landing: 0.7848387751728296
  view-data: 3.401514420285821
