times:
  landing: 1.083151569999984
  view-data: 0.5626399729999889
