times:
  edit-metadata: 0.4524648538790643
  landing: 0.17370285466313362
  view-data: 0.22961668483912945
