times:
  edit-metadata: 0.5347600359818898
  landing: 0.052129025978501886
  view-data: 0.20922331098699942
