times:
  edit-metadata: 1.3251382410526276
  landing: 0.26088144816458225
  view-data: 0.3218672573566437
