times:
  edit-metadata: 1.5700973644852638
  landing: 0.7321582064032555
  view-data: 3.379325710237026
