times:
  edit-metadata: 0.619619624922052
  landing: 0.05430697789415717
  view-data: 0.18084166594780982
