times:
  edit-metadata: 0.4421169450506568
  landing: 0.04767019487917423
  view-data: 0.1923271333798766
