times:
  edit-metadata: 1.6319226250052452
  landing: 0.8697534911334515
  view-data: 3.3346086852252483
