times:
  edit-metadata: 0.6583187039941549
  landing: 0.04649192403303459
  view-data: 0.19649334804853424
