times:
  edit-metadata: 0.48871709406375885
  landing: 0.06667564890813082
  view-data: 0.21284869499504566
