times:
  edit-metadata: 0.42892109300009906
  landing: 0.0574411500710994
  view-data: 0.33567310799844563
