times:
  edit-metadata: 0.5772752590710297
  landing: 0.05183663102798164
  view-data: 0.19002748001366854
