times:
  edit-metadata: 0.6214518828783184
  landing: 0.040823861956596375
  view-data: 0.19028491899371147
