times:
  landing: 1.0711814009999898
  view-data: 0.5523325589999786
