times:
  edit-metadata: 1.4922877009958029
  landing: 0.22583529725670815
  view-data: 0.02430831268429756
