times:
  edit-metadata: 1.6222355589270592
  landing: 0.9157358147203922
  view-data: 3.4349940977990627
