times:
  edit-metadata: 2.1718478314578533
  landing: 0.2789435051381588
  view-data: 0.40187830850481987
