times:
  edit-metadata: 0.49670346127822995
  landing: 0.07528036693111062
  view-data: 0.21317393518984318
