times:
  edit-metadata: 1.2923491364344954
  landing: 0.021050327457487583
  view-data: 0.12131495866924524
