times:
  edit-metadata: 0.5814810360025149
  landing: 0.05087805999210104
  view-data: 0.18475292000221089
