times:
  landing: 0.5561612220000143
  view-data: 0.5653007899999807
