times:
  landing: 0.5705933840000057
  view-data: 0.5539651589999721
