times:
  edit-metadata: 1.5609959587454796
  landing: 0.7665080707520247
  view-data: 3.400321651250124
