times:
  edit-metadata: 1.2772850217297673
  landing: 0.02197871170938015
  view-data: 0.09805902279913425
