times:
  edit-metadata: 0.4734154432080686
  landing: 0.0457844459451735
  view-data: 0.19851996330544353
