times:
  edit-metadata: 1.291750724427402
  landing: 0.019301597960293293
  view-data: 0.0238789776340127
