times:
  edit-metadata: 0.46512896101921797
  landing: 0.0522957518696785
  view-data: 0.19624961260706186
