times:
  edit-metadata: 1.592380128800869
  landing: 0.9839288331568241
  view-data: 3.332483135163784
