times:
  edit-metadata: 0.43923574686050415
  landing: 0.040977944154292345
  view-data: 0.19206626014783978
