times:
  landing: 1.0675552359999756
  view-data: 0.5545021510000083
