times:
  edit-metadata: 1.3808718118816614
  landing: 0.022880343720316887
  view-data: 0.024066503159701824
