times:
  edit-metadata: 0.5102142877876759
  landing: 0.04705602303147316
  view-data: 0.1937648542225361
