times:
  edit-metadata: 0.5003584786318243
  landing: 0.056052878964692354
  view-data: 0.20770336082205176
