times:
  landing: 0.5477657099999931
  view-data: 0.06045255000000793
