times:
  edit-metadata: 1.3851759284734726
  landing: 0.019604036584496498
  view-data: 0.11501874402165413
