times:
  edit-metadata: 0.618427750072442
  landing: 0.0422347899293527
  view-data: 0.19387292896863073
