times:
  edit-metadata: 1.567622259259224
  landing: 0.7552668768912554
  view-data: 3.414017528295517
