times:
  edit-metadata: 0.5975323980674148
  landing: 0.04854086320847273
  view-data: 0.19256490794941783
