times:
  edit-metadata: 0.47819412825629115
  landing: 0.05248905997723341
  view-data: 0.1937376707792282
