times:
  edit-metadata: 1.330388218164444
  landing: 0.02284662239253521
  view-data: 0.12347108777612448
