times:
  edit-metadata: 0.6181731638498604
  landing: 0.05259014805778861
  view-data: 0.19162266794592142
