times:
  landing: 1.0691338269999733
  view-data: 0.5536844659999929
