times:
  edit-metadata: 0.5303264297544956
  landing: 0.36908288300037384
  view-data: 0.22798183374106884
