times:
  landing: 0.5431167509999852
  view-data: 0.5459998810000002
