times:
  landing: 0.5605539950000207
  view-data: 0.5610835279999833
