times:
  edit-metadata: 1.3533940315246582
  landing: 0.021865907125175
  view-data: 0.12507687415927649
