times:
  edit-metadata: 0.4832791769877076
  landing: 0.047814411111176014
  view-data: 0.2080556144937873
