times:
  edit-metadata: 1.489502526819706
  landing: 0.6778032183647156
  view-data: 3.320928804576397
