times:
  edit-metadata: 0.5164528649765998
  landing: 0.044803490047343075
  view-data: 0.21246620395686477
