times:
  edit-metadata: 1.4775258521549404
  landing: 0.8647259278222919
  view-data: 3.3764688982628286
