times:
  edit-metadata: 1.348296845331788
  landing: 0.019291902892291546
  view-data: 0.12017639633268118
