times:
  edit-metadata: 1.3375475788488984
  landing: 0.16673291940242052
  view-data: 0.02890861965715885
