times:
  edit-metadata: 1.4957535043358803
  landing: 0.8643347434699535
  view-data: 3.2795851044356823
