times:
  edit-metadata: 0.4115120810456574
  landing: 0.0494585121050477
  view-data: 0.21332156099379063
