times:
  landing: 1.0814462379999554
  view-data: 0.562388847999955
