times:
  edit-metadata: 1.294736348092556
  landing: 0.09697029739618301
  view-data: 0.02775665372610092
