times:
  edit-metadata: 0.677688752009999
  landing: 0.043592357949819416
  view-data: 0.1934820690075867
