times:
  edit-metadata: 0.47013306245207787
  landing: 0.04775835294276476
  view-data: 0.19819943699985743
