times:
  edit-metadata: 0.511493204976432
  landing: 0.0631821519928053
  view-data: 0.210984788951464
