times:
  edit-metadata: 0.4267682828940451
  landing: 0.06920856703072786
  view-data: 0.22352826409041882
