times:
  edit-metadata: 0.6301757227629423
  landing: 0.052650506142526865
  view-data: 0.1936331456527114
