times:
  edit-metadata: 1.4364698734134436
  landing: 0.14981220290064812
  view-data: 0.23676639422774315
