times:
  edit-metadata: 1.262558446265757
  landing: 0.24201668798923492
  view-data: 0.2463896982371807
