times:
  edit-metadata: 0.42775894701480865
  landing: 0.06464600912295282
  view-data: 0.3527818829752505
