times:
  edit-metadata: 0.9771306370384991
  landing: 0.10013179201632738
  view-data: 0.2689930871129036
