times:
  landing: 0.5532122930000014
  view-data: 0.5589000889999625
