times:
  landing: 0.5620312679999984
  view-data: 0.5672140249999984
