times:
  landing: 0.5530494839999847
  view-data: 0.5687932080000451
