times:
  edit-metadata: 1.3448460642248392
  landing: 0.024599328637123108
  view-data: 0.029715336859226227
