times:
  landing: 1.0765497639999921
  view-data: 0.5620401840000113
