times:
  edit-metadata: 1.3132836651057005
  landing: 0.021953590214252472
  view-data: 0.024689484387636185
