times:
  edit-metadata: 0.42085170204518363
  landing: 0.04664814902935177
  view-data: 0.21378294902388006
