times:
  edit-metadata: 0.5049607716500759
  landing: 0.051182929426431656
  view-data: 0.1939481757581234
