times:
  edit-metadata: 1.6330752409994602
  landing: 0.9032003991305828
  view-data: 3.410298641771078
