times:
  edit-metadata: 1.4016812890768051
  landing: 0.02102530375123024
  view-data: 0.12831735610961914
