times:
  edit-metadata: 0.499374542851001
  landing: 0.0447131940163672
  view-data: 0.20739587489515543
