times:
  landing: 0.5625533030000724
  view-data: 0.5546157580000681
