times:
  edit-metadata: 0.4232924017123878
  landing: 0.05391591973602772
  view-data: 0.19074886804446578
