times:
  edit-metadata: 2.7032523592934012
  landing: 1.337503757327795
  view-data: 3.581154003739357
