times:
  edit-metadata: 0.6208169660530984
  landing: 0.04645519610494375
  view-data: 0.1892036700155586
