times:
  edit-metadata: 1.26300014462322
  landing: 0.018345484510064125
  view-data: 0.10035424958914518
