times:
  edit-metadata: 1.5207814536988735
  landing: 0.8927920870482922
  view-data: 3.420010358095169
