times:
  edit-metadata: 1.2960392497479916
  landing: 0.020280810073018074
  view-data: 0.02473430708050728
