times:
  edit-metadata: 0.4708615248091519
  landing: 0.046268343925476074
  view-data: 0.19689250783994794
