times:
  edit-metadata: 0.5884984058793634
  landing: 0.04857322992756963
  view-data: 0.18443235498853028
