times:
  edit-metadata: 0.5990521010244265
  landing: 0.05002968502230942
  view-data: 0.1912367669865489
