times:
  edit-metadata: 1.5347298346459866
  landing: 0.9360987804830074
  view-data: 3.3709915541112423
