times:
  edit-metadata: 1.3471116637811065
  landing: 0.24180965591222048
  view-data: 0.13770688138902187
