times:
  edit-metadata: 0.6034494210034609
  landing: 0.04101615201216191
  view-data: 0.1901099979877472
