times:
  landing: 0.5497965640000189
  view-data: 0.553771791000031
