times:
  edit-metadata: 1.3609473314136267
  landing: 0.01999493781477213
  view-data: 0.12063883990049362
