times:
  edit-metadata: 1.5271792318671942
  landing: 0.7644084710627794
  view-data: 3.395289460197091
