times:
  landing: 1.0742036489999691
  view-data: 0.5597934429999896
