times:
  edit-metadata: 1.3630895726382732
  landing: 0.019856154918670654
  view-data: 0.10260343179106712
