times:
  landing: 0.5847057360224426
  view-data: 0.5377287999726832
