times:
  edit-metadata: 0.4140797129366547
  landing: 0.07744181202724576
  view-data: 0.19781446806155145
