times:
  edit-metadata: 1.4282508939504623
  landing: 1.0238062217831612
  view-data: 3.360904425382614
