times:
  edit-metadata: 0.6069938349537551
  landing: 0.05124696088023484
  view-data: 0.18359912419691682
