times:
  edit-metadata: 1.3323726626113057
  landing: 0.021040162071585655
  view-data: 0.029117912985384464
