times:
  edit-metadata: 1.435556560754776
  landing: 0.8502225913107395
  view-data: 3.3470009863376617
