times:
  edit-metadata: 0.4889794420450926
  landing: 1.0997747462242842
  view-data: 0.6031946931034327
