times:
  edit-metadata: 1.3194949477910995
  landing: 0.24407195672392845
  view-data: 0.02512894757091999
