times:
  edit-metadata: 1.5024365708231926
  landing: 0.8219467774033546
  view-data: 3.285494215786457
