times:
  edit-metadata: 1.393002837896347
  landing: 0.7739613465964794
  view-data: 3.321441862732172
