times:
  edit-metadata: 0.6253546378575265
  landing: 0.04686240805312991
  view-data: 0.2222422412596643
