times:
  edit-metadata: 1.5256911292672157
  landing: 0.9240385890007019
  view-data: 3.369485557079315
