times:
  edit-metadata: 0.6312063379446045
  landing: 0.04454932000953704
  view-data: 0.19292107794899493
