times:
  edit-metadata: 0.43193022767081857
  landing: 0.04573737131431699
  view-data: 0.19521239399909973
