times:
  edit-metadata: 0.5512693952769041
  landing: 0.5655502360314131
  view-data: 0.1910980511456728
