times:
  edit-metadata: 0.5524296164512634
  landing: 0.04579979553818703
  view-data: 0.19643227010965347
