times:
  landing: 0.5553918009999848
  view-data: 0.5603638759999967
