times:
  landing: 0.5539254289999462
  view-data: 0.5582021309999732
