times:
  edit-metadata: 1.3631675504148006
  landing: 0.19108585827052593
  view-data: 0.023089418187737465
