times:
  edit-metadata: 0.5264635495841503
  landing: 0.051202740520238876
  view-data: 0.20510388538241386
