times:
  edit-metadata: 0.6468576081097126
  landing: 0.055032247910276055
  view-data: 0.21949961804784834
