times:
  edit-metadata: 0.5564227942377329
  landing: 0.536865433678031
  view-data: 0.5398857723921537
