times:
  edit-metadata: 0.5288702920079231
  landing: 0.049370862543582916
  view-data: 0.19564562290906906
