times:
  edit-metadata: 0.42715552542358637
  landing: 0.0539412647485733
  view-data: 0.19325916096568108
