times:
  edit-metadata: 1.293670936487615
  landing: 0.019805079326033592
  view-data: 0.10184914525598288
