times:
  edit-metadata: 1.8945703711360693
  landing: 0.2985379323363304
  view-data: 0.48846934363245964
