times:
  landing: 0.5577646649999792
  view-data: 0.5612572090000185
