times:
  edit-metadata: 0.5316728614270687
  landing: 1.2336057648062706
  view-data: 0.6482791677117348
