times:
  edit-metadata: 1.3109656907618046
  landing: 0.02130693942308426
  view-data: 0.12061499152332544
