times:
  edit-metadata: 1.3875302784144878
  landing: 0.14817752316594124
  view-data: 0.12356571294367313
