times:
  edit-metadata: 1.2860226072371006
  landing: 0.020537471398711205
  view-data: 0.3191917082294822
