times:
  landing: 0.543518889999973
  view-data: 0.5442580909999606
