times:
  edit-metadata: 0.5063995802775025
  landing: 0.1349724899046123
  view-data: 0.21593595761805773
