times:
  edit-metadata: 1.2921834206208587
  landing: 0.022297406569123268
  view-data: 0.12179917935281992
