times:
  landing: 0.5576248799999917
  view-data: 0.5615948880000019
