times:
  edit-metadata: 0.5572234876453876
  landing: 0.5358900055289268
  view-data: 0.1845569722354412
