times:
  edit-metadata: 1.4646230917423964
  landing: 0.021928993985056877
  view-data: 0.31448077596724033
