times:
  edit-metadata: 1.457121167331934
  landing: 0.9374138973653316
  view-data: 3.4628128111362457
