times:
  edit-metadata: 1.3136272383853793
  landing: 0.01990492921322584
  view-data: 0.43589786905795336
