times:
  edit-metadata: 1.3087752759456635
  landing: 0.2247249074280262
  view-data: 0.026731571182608604
