times:
  edit-metadata: 1.4900407269597054
  landing: 0.809519849717617
  view-data: 3.423921159468591
