times:
  edit-metadata: 0.48753760755062103
  landing: 0.04104931652545929
  view-data: 0.18788005039095879
