times:
  edit-metadata: 0.5851463720318861
  landing: 0.040957896038889885
  view-data: 0.19734901800984517
