times:
  edit-metadata: 2.1414658911526203
  landing: 1.4997928142547607
  view-data: 3.4419613368809223
