times:
  edit-metadata: 1.4868856258690357
  landing: 0.8450426124036312
  view-data: 3.3531753420829773
