times:
  landing: 0.549780271999964
  view-data: 0.5595028209999668
