times:
  landing: 0.553550553999969
  view-data: 0.5558814860000325
