times:
  edit-metadata: 0.5740730091929436
  landing: 0.4361643809825182
  view-data: 0.20472362451255322
