times:
  edit-metadata: 1.780566449277103
  landing: 0.8979222560301423
  view-data: 3.3950535375624895
