times:
  landing: 0.5585254360000818
  view-data: 0.5607831510000096
