times:
  edit-metadata: 1.7605165503919125
  landing: 1.0905617401003838
  view-data: 3.409005254507065
