times:
  edit-metadata: 0.6191421269904822
  landing: 0.048442128114402294
  view-data: 0.202090322971344
