times:
  edit-metadata: 1.5611698776483536
  landing: 0.6913763675838709
  view-data: 3.3924172669649124
