times:
  edit-metadata: 1.788405841216445
  landing: 0.24565735645592213
  view-data: 0.4018531981855631
