times:
  edit-metadata: 0.5009743630071171
  landing: 0.0768825159757398
  view-data: 0.21816928999032825
