times:
  edit-metadata: 0.5182538479566574
  landing: 0.047812569886446
  view-data: 0.20291734486818314
