times:
  edit-metadata: 0.5438548196107149
  landing: 2.0884109642356634
  view-data: 0.40940133668482304
