times:
  edit-metadata: 1.4914214788004756
  landing: 0.8090628981590271
  view-data: 3.4006141209974885
