times:
  edit-metadata: 0.4884757299951161
  landing: 0.04684163100318983
  view-data: 0.22386594799900195
