times:
  edit-metadata: 0.6344064810546115
  landing: 0.05374841601587832
  view-data: 0.18746673606801778
