times:
  edit-metadata: 0.4094881280325353
  landing: 0.04171035997569561
  view-data: 0.18665946694090962
