times:
  landing: 0.5520299060000298
  view-data: 0.5568341800000098
