times:
  edit-metadata: 1.3678387412801385
  landing: 0.7200187472626567
  view-data: 3.2517323372885585
