times:
  edit-metadata: 1.2783710146322846
  landing: 0.14684961549937725
  view-data: 0.12534975167363882
