times:
  edit-metadata: 0.4745705910027027
  landing: 0.04185129888355732
  view-data: 0.2119990438222885
