times:
  edit-metadata: 0.587047528475523
  landing: 1.1028842870146036
  view-data: 0.20596815459430218
