times:
  edit-metadata: 0.49996483977884054
  landing: 0.09256320307031274
  view-data: 0.300450311973691
