times:
  edit-metadata: 0.5133136454969645
  landing: 0.6124692056328058
  view-data: 0.2964101266115904
