times:
  landing: 1.069841366999981
  view-data: 0.5593518040000163
