times:
  landing: 1.062850600999809
  view-data: 0.5540238330004286
