times:
  edit-metadata: 1.594432707875967
  landing: 0.8059960510581732
  view-data: 3.34932479634881
