times:
  edit-metadata: 0.5805290006101131
  landing: 0.04774652048945427
  view-data: 0.20929839834570885
