times:
  edit-metadata: 0.5364115796983242
  landing: 0.04681765288114548
  view-data: 0.20560038834810257
