times:
  edit-metadata: 0.5890744449570775
  landing: 0.05316351354122162
  view-data: 0.19852060498669744
