times:
  edit-metadata: 0.4107249677181244
  landing: 0.053231473080813885
  view-data: 0.2086225701496005
