times:
  edit-metadata: 1.297255277633667
  landing: 0.020908692851662636
  view-data: 0.11937697231769562
