times:
  edit-metadata: 1.356826089322567
  landing: 0.021357071585953236
  view-data: 0.025265013799071312
