times:
  edit-metadata: 1.4438088312745094
  landing: 0.8461371548473835
  view-data: 3.2963844910264015
