times:
  edit-metadata: 1.4900088529102504
  landing: 0.8205915107391775
  view-data: 3.3436267892830074
