times:
  edit-metadata: 0.641830924898386
  landing: 0.5878447163850069
  view-data: 0.1864876076579094
