times:
  edit-metadata: 2.0059780925512314
  landing: 1.0912770479917526
  view-data: 3.4785865359008312
