times:
  edit-metadata: 0.591082101687789
  landing: 0.6419352274388075
  view-data: 0.3061550557613373
