times:
  edit-metadata: 0.5520169846713543
  landing: 0.04916691407561302
  view-data: 0.19980887696146965
