times:
  landing: 1.0855246639999905
  view-data: 0.5505058910000002
