times:
  edit-metadata: 0.47342888033017516
  landing: 0.045303162187337875
  view-data: 0.19855047296732664
