times:
  edit-metadata: 0.5806706480216235
  landing: 0.041663152049295604
  view-data: 0.19000395003240556
