times:
  edit-metadata: 1.5639260429888964
  landing: 0.8188144881278276
  view-data: 3.403527544811368
