times:
  edit-metadata: 0.4835575483739376
  landing: 1.060123236849904
  view-data: 0.23132194206118584
