times:
  edit-metadata: 1.3520573247224092
  landing: 0.021534737199544907
  view-data: 0.1398953814059496
