times:
  edit-metadata: 1.744177496060729
  landing: 0.16742179170250893
  view-data: 0.06681312993168831
