times:
  edit-metadata: 1.5410550516098738
  landing: 1.412609813734889
  view-data: 3.6396423541009426
