times:
  edit-metadata: 1.8137896279804409
  landing: 0.8777801310643554
  view-data: 3.3266931013204157
