times:
  edit-metadata: 1.4399147517979145
  landing: 0.21156796626746655
  view-data: 0.32302363961935043
