times:
  edit-metadata: 0.5607851520180702
  landing: 0.46734862588346004
  view-data: 0.18251394107937813
