times:
  edit-metadata: 1.350851104594767
  landing: 0.021885760128498077
  view-data: 0.1372729353606701
