times:
  landing: 1.0736453979999965
  view-data: 0.5532579360000227
