times:
  edit-metadata: 0.7205223271157593
  landing: 0.04637879482470453
  view-data: 0.18166310503147542
