times:
  edit-metadata: 0.4090677590575069
  landing: 0.06723898090422153
  view-data: 0.20146273099817336
