times:
  edit-metadata: 1.4057937916368246
  landing: 0.21886528842151165
  view-data: 0.3414861708879471
