times:
  edit-metadata: 1.293598547577858
  landing: 0.01975949015468359
  view-data: 0.12317009177058935
