times:
  landing: 0.5551955820000103
  view-data: 0.5636762440000211
