times:
  edit-metadata: 1.592204213142395
  landing: 0.830562237650156
  view-data: 3.472051527351141
