times:
  edit-metadata: 0.42703572008758783
  landing: 0.07194604189135134
  view-data: 0.21411694795824587
