times:
  edit-metadata: 2.0086494125425816
  landing: 1.1680642776191235
  view-data: 3.417681161314249
