times:
  edit-metadata: 1.3136373404413462
  landing: 0.2162037044763565
  view-data: 0.02453319914638996
