times:
  landing: 1.0826728149999667
  view-data: 0.5520094049999784
