times:
  edit-metadata: 0.7227451540529728
  landing: 0.047202648827806115
  view-data: 0.18340561189688742
