times:
  landing: 0.5470636410000225
  view-data: 0.5491328680000152
