times:
  edit-metadata: 0.4968476928770542
  landing: 0.061053648591041565
  view-data: 0.18448866344988346
