times:
  edit-metadata: 0.4760058130050311
  landing: 0.08837181401031557
  view-data: 0.2083973520057043
