times:
  edit-metadata: 0.8023242289200425
  landing: 0.13202592404559255
  view-data: 0.3805855526588857
