times:
  edit-metadata: 0.6070798449218273
  landing: 0.5257845297455788
  view-data: 0.1913164909929037
