times:
  edit-metadata: 0.6199345248751342
  landing: 0.04617364006116986
  view-data: 0.1795908845961094
