times:
  edit-metadata: 0.9537715048063546
  landing: 0.06595708383247256
  view-data: 0.20958739891648293
