times:
  edit-metadata: 1.3634344693273306
  landing: 0.022961780428886414
  view-data: 0.13130231946706772
