times:
  landing: 0.5429091059999962
  view-data: 0.5431023090000053
