times:
  landing: 1.0662624960000358
  view-data: 0.548622335999994
