times:
  edit-metadata: 1.5953606329858303
  landing: 0.8107412829995155
  view-data: 3.342669427394867
