times:
  edit-metadata: 0.5827190242707729
  landing: 0.5511844251304865
  view-data: 0.21006312407553196
