times:
  edit-metadata: 0.47231717873364687
  landing: 0.052871519699692726
  view-data: 0.2164846509695053
