times:
  edit-metadata: 0.5127218086272478
  landing: 1.0913840029388666
  view-data: 0.5912988632917404
