times:
  edit-metadata: 1.3594469567760825
  landing: 0.2087385430932045
  view-data: 0.025383880361914635
