times:
  edit-metadata: 1.5079981116577983
  landing: 0.7851480161771178
  view-data: 3.352492181584239
