times:
  landing: 1.0863703620000251
  view-data: 0.5587214509999967
