times:
  edit-metadata: 1.394936015829444
  landing: 0.14083104953169823
  view-data: 0.0999266654253006
