times:
  edit-metadata: 1.382045978680253
  landing: 0.020678846165537834
  view-data: 0.027119601145386696
