times:
  landing: 1.0977531650000287
  view-data: 0.5574922330000049
