times:
  edit-metadata: 0.6227392740547657
  landing: 0.04609261825680733
  view-data: 0.18698334693908691
