times:
  landing: 1.0709335679999867
  view-data: 0.5539121540000451
