times:
  edit-metadata: 0.4415034980047494
  landing: 0.07003510801587254
  view-data: 0.22494539094623178
