times:
  edit-metadata: 0.512815210968256
  landing: 0.9465148318558931
  view-data: 0.18260173313319683
