times:
  edit-metadata: 1.3268815651535988
  landing: 0.022095615044236183
  view-data: 0.2952150348573923
