times:
  edit-metadata: 1.3165402449667454
  landing: 0.019738067872822285
  view-data: 0.1554004242643714
