times:
  edit-metadata: 1.4661149913445115
  landing: 0.7401959877461195
  view-data: 3.365829107351601
