times:
  edit-metadata: 1.3922369051724672
  landing: 0.23763594403862953
  view-data: 0.35075100883841515
