times:
  edit-metadata: 0.41031079401727766
  landing: 0.08409325202228501
  view-data: 0.21538031299132854
