times:
  edit-metadata: 1.5964387394487858
  landing: 0.7631018478423357
  view-data: 3.417737787589431
