times:
  edit-metadata: 2.3005388351157308
  landing: 1.0987661927938461
  view-data: 3.578364245593548
