times:
  edit-metadata: 0.6135439310455695
  landing: 0.0437072099884972
  view-data: 0.1926371760200709
