times:
  landing: 1.0676014339999824
  view-data: 0.5556669399999805
