times:
  landing: 0.5504434570000285
  view-data: 0.5562929289999943
