times:
  landing: 0.5451699799999687
  view-data: 0.5618628740000986
