times:
  edit-metadata: 0.5992619669996202
  landing: 0.05260367598384619
  view-data: 0.1879207049496472
