times:
  edit-metadata: 0.5159317031502724
  landing: 0.052418336272239685
  view-data: 0.19527661800384521
