times:
  landing: 2.1040251510000303
  view-data: 1.0762984520000032
