times:
  landing: 0.5503093239999544
  view-data: 0.051723930999969525
