times:
  edit-metadata: 0.6083966150181368
  landing: 0.04586386994924396
  view-data: 0.19597280898597091
