times:
  edit-metadata: 1.393971317447722
  landing: 0.019769891165196896
  view-data: 0.098909598775208
