times:
  edit-metadata: 0.46299832686781883
  landing: 0.8078666664659977
  view-data: 0.20896678790450096
