times:
  landing: 0.5518576549999921
  view-data: 0.5593444049999903
