times:
  edit-metadata: 1.4257940277457237
  landing: 0.6892565228044987
  view-data: 3.325294077396393
