times:
  edit-metadata: 1.6352776922285557
  landing: 0.2653612680733204
  view-data: 0.19185975566506386
