times:
  edit-metadata: 0.5611183196306229
  landing: 0.06451821327209473
  view-data: 0.19019368663430214
