times:
  edit-metadata: 1.3641922306269407
  landing: 0.023552438244223595
  view-data: 0.026546048000454903
