times:
  edit-metadata: 0.4647191478870809
  landing: 0.05023143766447902
  view-data: 0.20800104085355997
