times:
  edit-metadata: 1.4545232076197863
  landing: 0.281264241784811
  view-data: 0.25369708240032196
