times:
  landing: 0.5572271709999654
  view-data: 0.5613787499999603
