times:
  edit-metadata: 1.585668407380581
  landing: 0.896338053047657
  view-data: 3.4112789668142796
