times:
  edit-metadata: 1.4922203831374645
  landing: 0.9576383605599403
  view-data: 3.347998019307852
