times:
  edit-metadata: 1.444235172122717
  landing: 0.17463662195950747
  view-data: 0.02431475091725588
