times:
  edit-metadata: 1.2787901563569903
  landing: 0.12142983637750149
  view-data: 0.023599018342792988
