times:
  edit-metadata: 0.5815685521811247
  landing: 0.47621670737862587
  view-data: 0.20722765289247036
