times:
  edit-metadata: 1.588870189152658
  landing: 0.8677231175825
  view-data: 3.3080531107261777
