times:
  landing: 0.5511718179999434
  view-data: 0.5586589239999284
