times:
  edit-metadata: 1.0144441381562501
  landing: 0.0648869660217315
  view-data: 0.20088523300364614
