times:
  edit-metadata: 1.5805367028806359
  landing: 0.7987458149436861
  view-data: 3.458122096955776
