times:
  edit-metadata: 1.5624656472355127
  landing: 0.6550862342119217
  view-data: 3.2898857463151217
