times:
  edit-metadata: 0.5214422456920147
  landing: 0.050557997077703476
  view-data: 0.1958593726158142
