times:
  edit-metadata: 1.3822236685082316
  landing: 0.1886499524116516
  view-data: 0.3301327368244529
