times:
  edit-metadata: 0.6128940969938412
  landing: 0.0583741000154987
  view-data: 0.1868324729730375
