times:
  edit-metadata: 1.69263631477952
  landing: 1.0457892939448357
  view-data: 3.3427623845636845
