times:
  edit-metadata: 2.5580520443618298
  landing: 1.1517633069306612
  view-data: 3.4207717422395945
