times:
  landing: 0.5515300170000046
  view-data: 0.049754894000045624
