times:
  edit-metadata: 1.534328669309616
  landing: 0.9468312449753284
  view-data: 3.4968361742794514
