times:
  edit-metadata: 3.939185433089733
  landing: 2.0925032012164593
  view-data: 3.7714395821094513
