times:
  edit-metadata: 0.45662253024056554
  landing: 0.040400620084255934
  view-data: 0.19519392121583223
