times:
  edit-metadata: 1.292304047383368
  landing: 0.020695049315690994
  view-data: 0.12222454510629177
