times:
  edit-metadata: 0.5704585127532482
  landing: 0.580280028283596
  view-data: 0.587075974792242
