times:
  edit-metadata: 0.5544451214373112
  landing: 0.558423949405551
  view-data: 0.19011803343892097
