times:
  edit-metadata: 1.394323080778122
  landing: 0.2161546666175127
  view-data: 0.3173105325549841
