times:
  edit-metadata: 0.7030669711530209
  landing: 0.05526718497276306
  view-data: 0.19136159284971654
