times:
  edit-metadata: 1.5437890775501728
  landing: 0.8635009229183197
  view-data: 3.3544843308627605
