times:
  edit-metadata: 1.3261429397389293
  landing: 0.1274504754692316
  view-data: 0.4292696453630924
