times:
  edit-metadata: 0.48284940514713526
  landing: 0.05178690794855356
  view-data: 0.19238028023391962
