times:
  edit-metadata: 0.4217161638662219
  landing: 0.06915083387866616
  view-data: 0.20627648010849953
