times:
  edit-metadata: 1.8512248136103153
  landing: 0.2039404660463333
  view-data: 0.2655328754335642
