times:
  landing: 1.0596117160000063
  view-data: 0.5472185840000066
