times:
  landing: 1.1183249119999914
  view-data: 0.5582890550000457
