times:
  edit-metadata: 2.355422602966428
  landing: 1.4068518374115229
  view-data: 3.762770326808095
