times:
  edit-metadata: 0.6177446879446507
  landing: 0.7927407026290894
  view-data: 0.18541574478149414
