times:
  edit-metadata: 0.6215168399503455
  landing: 0.0433773499680683
  view-data: 0.18699566402938217
