times:
  edit-metadata: 0.5038582519628108
  landing: 0.05148610332980752
  view-data: 0.21470192819833755
