times:
  edit-metadata: 1.609819483011961
  landing: 0.9590094611048698
  view-data: 3.4018291272222996
