times:
  landing: 0.5491682999999625
  view-data: 0.556744545000015
