times:
  edit-metadata: 1.5436977371573448
  landing: 0.7159669976681471
  view-data: 3.3596994932740927
