times:
  edit-metadata: 1.30259791854769
  landing: 0.20037081837654114
  view-data: 0.1212647957727313
