times:
  edit-metadata: 1.5718355309218168
  landing: 0.7634769640862942
  view-data: 3.415827091783285
