times:
  edit-metadata: 1.3636483629234135
  landing: 0.7284273048862815
  view-data: 3.284533092752099
