times:
  edit-metadata: 0.5670617260038853
  landing: 0.7825390193611383
  view-data: 0.42799944058060646
