times:
  edit-metadata: 1.442333273589611
  landing: 0.8692754171788692
  view-data: 3.322990294545889
