times:
  edit-metadata: 1.564292373135686
  landing: 0.7155249081552029
  view-data: 3.436970254406333
