times:
  edit-metadata: 0.5382568165659904
  landing: 0.36300178430974483
  view-data: 0.30184947326779366
