times:
  edit-metadata: 1.3648896235972643
  landing: 0.152149623259902
  view-data: 0.02399386838078499
