times:
  edit-metadata: 1.4969751834869385
  landing: 4.173246260732412
  view-data: 3.354065280407667
