times:
  edit-metadata: 1.5588513971306384
  landing: 0.8846292779780924
  view-data: 3.4425643500871956
