times:
  edit-metadata: 1.7035135701298714
  landing: 1.055246263742447
  view-data: 3.4276898950338364
