times:
  edit-metadata: 1.4252236690372229
  landing: 0.7262753434479237
  view-data: 3.3463727086782455
