times:
  edit-metadata: 1.9251640178263187
  landing: 0.7900665607303381
  view-data: 3.4004974141716957
