times:
  edit-metadata: 0.41050362202804536
  landing: 0.04979440197348595
  view-data: 0.21589198103174567
