times:
  edit-metadata: 1.5600414648652077
  landing: 0.8196288570761681
  view-data: 3.4082717299461365
