times:
  edit-metadata: 1.608235064893961
  landing: 1.0654561817646027
  view-data: 3.31489659845829
