times:
  edit-metadata: 0.47111829882487655
  landing: 0.05177692184224725
  view-data: 0.189448616001755
