times:
  landing: 0.5707091590000459
  view-data: 0.5874315190000061
