times:
  edit-metadata: 1.6213410906493664
  landing: 0.9875635765492916
  view-data: 3.344590947031975
