times:
  edit-metadata: 1.537555955350399
  landing: 1.033406998962164
  view-data: 3.3257864080369473
