times:
  landing: 1.0704289079999398
  view-data: 0.5566603239999495
