times:
  edit-metadata: 0.4314206182025373
  landing: 0.04390640603378415
  view-data: 0.195147595833987
