times:
  edit-metadata: 0.5040467078797519
  landing: 0.08139447076246142
  view-data: 0.30257363291457295
