times:
  edit-metadata: 1.49630968272686
  landing: 0.7278680829331279
  view-data: 3.33747729472816
