times:
  edit-metadata: 1.283353722654283
  landing: 0.022534365765750408
  view-data: 0.023928329348564148
