times:
  landing: 1.073075289999963
  view-data: 0.5536446289999617
