times:
  edit-metadata: 0.5109333246946335
  landing: 0.5694363489747047
  view-data: 0.5974356513470411
