times:
  edit-metadata: 1.2818967131897807
  landing: 0.022034665569663048
  view-data: 0.4088527634739876
