times:
  landing: 0.5572368640000036
  view-data: 0.5616161789999978
