times:
  landing: 0.5926021859999651
  view-data: 0.5569148029999837
