times:
  edit-metadata: 1.2711418606340885
  landing: 0.022367067635059357
  view-data: 0.12170947436243296
