times:
  edit-metadata: 1.3006199793890119
  landing: 0.021515770815312862
  view-data: 0.02853280957788229
