times:
  edit-metadata: 0.6076824599877
  landing: 0.04542348813265562
  view-data: 0.18511954182758927
