times:
  landing: 0.5578941249999616
  view-data: 0.5611886089999985
