times:
  edit-metadata: 1.2843384528532624
  landing: 0.13212857861071825
  view-data: 0.20215567015111446
