times:
  edit-metadata: 0.6080369800329208
  landing: 0.0517308299895376
  view-data: 0.19377461494877934
