times:
  edit-metadata: 1.3085350673645735
  landing: 0.11901442054659128
  view-data: 0.4380708420649171
