times:
  landing: 1.1107083779999698
  view-data: 0.555693237000014
