times:
  edit-metadata: 1.629441037774086
  landing: 0.949283055961132
  view-data: 3.5138154700398445
