times:
  edit-metadata: 1.4280054569244385
  landing: 0.7947431355714798
  view-data: 3.3946343436837196
