times:
  edit-metadata: 1.4372752830386162
  landing: 1.0359047278761864
  view-data: 3.490762621164322
