times:
  edit-metadata: 1.5717802047729492
  landing: 0.9991195686161518
  view-data: 3.313555784523487
