times:
  edit-metadata: 1.5122374258935452
  landing: 0.8366364017128944
  view-data: 3.445831324905157
