times:
  edit-metadata: 1.4767357930541039
  landing: 0.8539272584021091
  view-data: 3.3874961212277412
