times:
  edit-metadata: 1.4551865756511688
  landing: 0.8081362545490265
  view-data: 3.5249190255999565
