times:
  edit-metadata: 1.4779004082083702
  landing: 0.830174446105957
  view-data: 3.379743855446577
