times:
  edit-metadata: 1.3889464549720287
  landing: 0.8788000904023647
  view-data: 3.3338230215013027
