times:
  edit-metadata: 1.4570583291351795
  landing: 1.074672993272543
  view-data: 3.32112043350935
