times:
  edit-metadata: 1.660330418497324
  landing: 0.9495833180844784
  view-data: 3.3950537517666817
