times:
  edit-metadata: 1.4496719986200333
  landing: 0.752917043864727
  view-data: 3.4683403819799423
