times:
  edit-metadata: 1.4144255444407463
  landing: 0.9021477326750755
  view-data: 3.3301798701286316
