times:
  edit-metadata: 1.5124582163989544
  landing: 0.8970915488898754
  view-data: 3.3540200665593147
