times:
  edit-metadata: 1.517512321472168
  landing: 0.8358265459537506
  view-data: 3.2932769134640694
