times:
  edit-metadata: 1.4866508394479752
  landing: 0.8618564009666443
  view-data: 3.4065647274255753
