times:
  edit-metadata: 1.4692912325263023
  landing: 0.7670781463384628
  view-data: 3.2655762881040573
