times:
  edit-metadata: 1.4709699042141438
  landing: 0.7684646882116795
  view-data: 3.37884958088398
