times:
  edit-metadata: 1.5445861518383026
  landing: 0.7479855120182037
  view-data: 3.5235053971409798
