times:
  edit-metadata: 1.3619083538651466
  landing: 0.865881472826004
  view-data: 3.3073843121528625
