times:
  edit-metadata: 1.491305872797966
  landing: 0.7780169770121574
  view-data: 3.3006631210446358
