times:
  edit-metadata: 1.3845490217208862
  landing: 0.8233431428670883
  view-data: 3.377684909850359
