times:
  edit-metadata: 1.4186388328671455
  landing: 0.9114156365394592
  view-data: 3.412048179656267
