times:
  edit-metadata: 1.3598818928003311
  landing: 0.7563473135232925
  view-data: 3.460605576634407
