times:
  edit-metadata: 1.4286694452166557
  landing: 0.8588397428393364
  view-data: 3.4007689356803894
