times:
  edit-metadata: 1.504140317440033
  landing: 0.9755378663539886
  view-data: 3.3575838580727577
