times:
  edit-metadata: 1.3745291829109192
  landing: 0.8404597267508507
  view-data: 3.5612184926867485
