times:
  edit-metadata: 1.4085428193211555
  landing: 0.850168839097023
  view-data: 3.4986641705036163
