times:
  edit-metadata: 1.7024233378469944
  landing: 0.8380606733262539
  view-data: 3.3682577833533287
