times:
  edit-metadata: 1.405971720814705
  landing: 0.7904271110892296
  view-data: 3.4534401074051857
