times:
  edit-metadata: 1.4764492027461529
  landing: 0.8020184636116028
  view-data: 3.297742187976837
