times:
  edit-metadata: 1.6057547703385353
  landing: 1.0740225687623024
  view-data: 3.3677916415035725
