times:
  edit-metadata: 2.237170986831188
  landing: 0.9321338161826134
  view-data: 3.3099810630083084
