times:
  edit-metadata: 1.446737326681614
  landing: 0.7768088206648827
  view-data: 3.449005052447319
