times:
  edit-metadata: 2.8357187286019325
  landing: 0.9023911543190479
  view-data: 3.491855703294277
