times:
  edit-metadata: 1.3932888135313988
  landing: 0.8041720986366272
  view-data: 3.403394341468811
