times:
  edit-metadata: 2.0806346461176872
  landing: 1.1070490591228008
  view-data: 3.321816608309746
