times:
  edit-metadata: 1.55432540923357
  landing: 0.9482559040188789
  view-data: 3.403736848384142
