times:
  edit-metadata: 1.7534810826182365
  landing: 1.1512394845485687
  view-data: 3.5436060056090355
