times:
  edit-metadata: 1.5095864310860634
  landing: 0.8217415362596512
  view-data: 3.5001170858740807
