times:
  edit-metadata: 1.9183496944606304
  landing: 1.0893011726439
  view-data: 3.6922052018344402
