times:
  edit-metadata: 1.4538954868912697
  landing: 0.7832456529140472
  view-data: 3.460213452577591
