times:
  edit-metadata: 1.547320380806923
  landing: 0.7810971476137638
  view-data: 3.35957607626915
