times:
  edit-metadata: 1.4680888950824738
  landing: 0.9550022073090076
  view-data: 3.353006385266781
