times:
  edit-metadata: 1.5050720907747746
  landing: 0.8087806366384029
  view-data: 3.327156685292721
