times:
  edit-metadata: 1.3876019716262817
  landing: 0.8227673843502998
  view-data: 3.395695313811302
