times:
  edit-metadata: 1.537482813000679
  landing: 1.0889292284846306
  view-data: 3.340038985013962
