times:
  edit-metadata: 1.4217806681990623
  landing: 0.8318613842129707
  view-data: 3.4474545270204544
