times:
  edit-metadata: 1.4777198880910873
  landing: 0.7386869490146637
  view-data: 3.5325886383652687
