times:
  edit-metadata: 1.4200440496206284
  landing: 0.8182899132370949
  view-data: 3.568838208913803
