times:
  edit-metadata: 1.5271952152252197
  landing: 0.8211782425642014
  view-data: 3.4669208750128746
