times:
  edit-metadata: 1.543520338833332
  landing: 0.7779813781380653
  view-data: 3.4969306215643883
