times:
  edit-metadata: 1.430826224386692
  landing: 0.8263312056660652
  view-data: 3.441694565117359
