times:
  edit-metadata: 1.3333559148013592
  landing: 0.8097849637269974
  view-data: 3.3318494595587254
