times:
  edit-metadata: 1.4201006516814232
  landing: 0.8119656108319759
  view-data: 3.2492203786969185
