times:
  edit-metadata: 1.429069373756647
  landing: 0.8482660949230194
  view-data: 3.3332656733691692
