times:
  edit-metadata: 1.4474357813596725
  landing: 0.7738402783870697
  view-data: 3.4057826474308968
