times:
  edit-metadata: 1.5477497279644012
  landing: 0.9291839301586151
  view-data: 3.4952461570501328
