times:
  edit-metadata: 1.6040781289339066
  landing: 0.8271727524697781
  view-data: 3.2460282631218433
