times:
  edit-metadata: 1.6100690364837646
  landing: 0.9493267387151718
  view-data: 3.463665310293436
