times:
  edit-metadata: 1.5853312984108925
  landing: 0.8597667589783669
  view-data: 3.333376221358776
