times:
  edit-metadata: 1.474548101425171
  landing: 0.7828329391777515
  view-data: 3.2776289097964764
