times:
  edit-metadata: 1.4540034756064415
  landing: 0.8345661871135235
  view-data: 3.336124047636986
