times:
  edit-metadata: 1.4030423127114773
  landing: 0.725195150822401
  view-data: 3.5873325429856777
