times:
  edit-metadata: 1.5166450962424278
  landing: 0.879759892821312
  view-data: 3.3390358686447144
