times:
  edit-metadata: 1.5404928252100945
  landing: 0.8804754987359047
  view-data: 3.4999225214123726
