times:
  edit-metadata: 2.351009853184223
  landing: 1.4295679554343224
  view-data: 3.832900755107403
