times:
  edit-metadata: 1.4769603610038757
  landing: 0.8191230446100235
  view-data: 3.5012263357639313
