times:
  edit-metadata: 1.4116911515593529
  landing: 0.7613702788949013
  view-data: 3.4493594616651535
