times:
  edit-metadata: 1.3455364555120468
  landing: 0.8092479482293129
  view-data: 3.5151852890849113
