times:
  edit-metadata: 1.7011685706675053
  landing: 0.8505819886922836
  view-data: 3.4260590113699436
