times:
  edit-metadata: 1.4743172079324722
  landing: 0.8684412986040115
  view-data: 3.3174058869481087
