times:
  edit-metadata: 1.5130529589951038
  landing: 0.8266201242804527
  view-data: 3.292244143784046
