times:
  edit-metadata: 1.4122065603733063
  landing: 0.7849879339337349
  view-data: 3.48373494297266
