times:
  edit-metadata: 1.4918522834777832
  landing: 0.8235410116612911
  view-data: 3.26112225279212
