times:
  edit-metadata: 1.4854545891284943
  landing: 0.8346153795719147
  view-data: 3.3041016459465027
