times:
  edit-metadata: 1.4410567805171013
  landing: 0.8249512389302254
  view-data: 3.3836452439427376
