times:
  edit-metadata: 1.4452194459736347
  landing: 0.7346299588680267
  view-data: 3.32291591539979
