times:
  edit-metadata: 1.3525875955820084
  landing: 0.8845466300845146
  view-data: 3.598031461238861
