times:
  edit-metadata: 1.5164244621992111
  landing: 0.7926879376173019
  view-data: 3.476082794368267
