times:
  edit-metadata: 1.5317797176539898
  landing: 1.0839755460619926
  view-data: 3.3109396770596504
