times:
  edit-metadata: 2.184950463473797
  landing: 1.0425793752074242
  view-data: 3.8297440260648727
