times:
  edit-metadata: 1.4308854043483734
  landing: 0.7162540405988693
  view-data: 3.4761710166931152
