times:
  edit-metadata: 1.5183630660176277
  landing: 0.8436555042862892
  view-data: 3.513129971921444
