times:
  edit-metadata: 1.4584525898098946
  landing: 0.8653140887618065
  view-data: 3.418207824230194
