times:
  edit-metadata: 2.310192283242941
  landing: 1.24840584769845
  view-data: 3.4103816114366055
