times:
  edit-metadata: 1.575443185865879
  landing: 1.1339494735002518
  view-data: 3.4685723334550858
