times:
  edit-metadata: 1.4834226071834564
  landing: 0.8215435594320297
  view-data: 3.3223348520696163
