times:
  edit-metadata: 1.404296275228262
  landing: 0.8385514877736568
  view-data: 3.3033677712082863
