times:
  edit-metadata: 1.501026339828968
  landing: 0.8936232775449753
  view-data: 3.506940543651581
