times:
  edit-metadata: 2.1672175750136375
  landing: 1.4207004681229591
  view-data: 3.639934703707695
