times:
  edit-metadata: 1.3861418515443802
  landing: 0.7604327723383904
  view-data: 3.2809932976961136
