times:
  edit-metadata: 1.5283872708678246
  landing: 0.8864900469779968
  view-data: 3.330512434244156
