times:
  edit-metadata: 1.6688590049743652
  landing: 0.7623991742730141
  view-data: 3.4030523523688316
