times:
  edit-metadata: 1.4181998372077942
  landing: 0.8222915157675743
  view-data: 3.4851713106036186
