times:
  edit-metadata: 1.401457816362381
  landing: 0.7656019106507301
  view-data: 3.2815999686717987
