times:
  edit-metadata: 1.538300946354866
  landing: 0.7258775606751442
  view-data: 3.452047608792782
