times:
  edit-metadata: 1.4197735823690891
  landing: 0.8024519681930542
  view-data: 3.31379359588027
