times:
  edit-metadata: 1.5427999272942543
  landing: 0.8261195123195648
  view-data: 3.374838300049305
