times:
  edit-metadata: 1.5534309446811676
  landing: 0.8485175408422947
  view-data: 3.389381065964699
