times:
  edit-metadata: 1.6330431886017323
  landing: 0.7972419075667858
  view-data: 3.372614450752735
