times:
  edit-metadata: 1.5140370875597
  landing: 0.8830703943967819
  view-data: 3.3108098208904266
