times:
  edit-metadata: 1.4612841047346592
  landing: 0.8456295840442181
  view-data: 3.3616576716303825
