times:
  edit-metadata: 1.856939297169447
  landing: 1.1246580481529236
  view-data: 3.386337734758854
