times:
  edit-metadata: 1.4205214530229568
  landing: 0.8604759275913239
  view-data: 3.440592035651207
