times:
  edit-metadata: 1.618434138596058
  landing: 0.858710303902626
  view-data: 3.480411373078823
