times:
  edit-metadata: 1.4742579981684685
  landing: 0.970401469618082
  view-data: 3.3768580183386803
