times:
  edit-metadata: 1.422355055809021
  landing: 0.7731311097741127
  view-data: 3.477170631289482
