times:
  edit-metadata: 1.560297042131424
  landing: 0.7881441041827202
  view-data: 3.4239639714360237
