times:
  edit-metadata: 1.6253191456198692
  landing: 1.0195602402091026
  view-data: 3.3422226309776306
