times:
  edit-metadata: 1.4664142951369286
  landing: 0.8461560159921646
  view-data: 3.403956152498722
