times:
  edit-metadata: 1.5029990002512932
  landing: 0.8915968015789986
  view-data: 3.434271551668644
