times:
  edit-metadata: 1.458943948149681
  landing: 0.7744879573583603
  view-data: 3.562867149710655
