times:
  edit-metadata: 1.6941094771027565
  landing: 1.0825142562389374
  view-data: 3.5131064280867577
