times:
  edit-metadata: 1.40816206112504
  landing: 0.8586792722344398
  view-data: 3.29421778395772
