times:
  edit-metadata: 1.7711395993828773
  landing: 1.2578837424516678
  view-data: 3.4511085376143456
