times:
  edit-metadata: 1.3943305239081383
  landing: 0.8143270686268806
  view-data: 3.5423497334122658
