times:
  edit-metadata: 1.3702802434563637
  landing: 0.7705696076154709
  view-data: 3.403649553656578
