times:
  edit-metadata: 1.424861803650856
  landing: 0.8742148354649544
  view-data: 3.453624241054058
