times:
  edit-metadata: 1.4355312883853912
  landing: 0.8285211846232414
  view-data: 3.5686876475811005
