times:
  edit-metadata: 1.3931995332241058
  landing: 0.7970468550920486
  view-data: 3.4459035769104958
