times:
  edit-metadata: 1.3935566283762455
  landing: 0.855546560138464
  view-data: 3.337530806660652
