times:
  edit-metadata: 1.493013195693493
  landing: 0.8218595385551453
  view-data: 3.5720985904335976
