times:
  edit-metadata: 1.7917183451354504
  landing: 0.8296227902173996
  view-data: 3.2884224243462086
