times:
  edit-metadata: 1.411410104483366
  landing: 0.7637324929237366
  view-data: 3.318279016762972
