times:
  edit-metadata: 1.3613155260682106
  landing: 0.7795787379145622
  view-data: 3.375789389014244
