times:
  edit-metadata: 1.5194747522473335
  landing: 0.9139705896377563
  view-data: 3.2773271426558495
