times:
  edit-metadata: 1.3923859223723412
  landing: 0.8907014653086662
  view-data: 3.3397447615861893
