times:
  edit-metadata: 1.361883506178856
  landing: 0.7640255764126778
  view-data: 3.4257522597908974
