times:
  edit-metadata: 1.3914483562111855
  landing: 0.8699428662657738
  view-data: 3.4802911654114723
