times:
  edit-metadata: 1.4356358498334885
  landing: 0.7049103751778603
  view-data: 3.503879576921463
