times:
  edit-metadata: 2.43934129178524
  landing: 1.804080106317997
  view-data: 3.5292806178331375
