times:
  edit-metadata: 1.449063140898943
  landing: 0.9109406471252441
  view-data: 3.359890129417181
