times:
  edit-metadata: 1.3830045498907566
  landing: 0.8754867687821388
  view-data: 3.381276234984398
