times:
  edit-metadata: 1.4053873308002949
  landing: 0.7768208272755146
  view-data: 3.375246115028858
