times:
  edit-metadata: 1.573997549712658
  landing: 0.9099783375859261
  view-data: 3.389152754098177
