times:
  edit-metadata: 1.4028272181749344
  landing: 0.7742840349674225
  view-data: 3.5363607332110405
