times:
  edit-metadata: 1.3909446895122528
  landing: 0.7972549274563789
  view-data: 3.4611459895968437
