times:
  edit-metadata: 1.9447630941867828
  landing: 0.8370663672685623
  view-data: 3.414030000567436
