times:
  edit-metadata: 1.470308929681778
  landing: 0.896719679236412
  view-data: 3.4018523544073105
