times:
  edit-metadata: 1.461657926440239
  landing: 0.8124091327190399
  view-data: 3.2884680442512035
