times:
  edit-metadata: 1.7546517699956894
  landing: 0.9412839859724045
  view-data: 3.3357042968273163
