times:
  edit-metadata: 1.4815670922398567
  landing: 0.84862120449543
  view-data: 3.5210989862680435
