times:
  edit-metadata: 1.4273841008543968
  landing: 0.8595965728163719
  view-data: 3.486904449760914
