times:
  edit-metadata: 1.486296832561493
  landing: 0.8247543275356293
  view-data: 3.3958288952708244
