times:
  edit-metadata: 2.2602004408836365
  landing: 1.3247175067663193
  view-data: 3.5024419501423836
