times:
  edit-metadata: 1.3894769176840782
  landing: 0.7983317449688911
  view-data: 3.4310256466269493
