times:
  edit-metadata: 1.4450540766119957
  landing: 0.7785704284906387
  view-data: 3.4265137165784836
