times:
  edit-metadata: 1.4321128986775875
  landing: 0.9100701026618481
  view-data: 3.30825712159276
