times:
  edit-metadata: 1.7320933118462563
  landing: 0.9317967444658279
  view-data: 3.3359948992729187
