times:
  edit-metadata: 1.8931468054652214
  landing: 1.2217553928494453
  view-data: 3.7938187494874
