times:
  edit-metadata: 1.4670964255928993
  landing: 0.8100903928279877
  view-data: 3.3007866740226746
