times:
  edit-metadata: 1.345813550055027
  landing: 0.9532122164964676
  view-data: 3.3100879937410355
