times:
  edit-metadata: 1.5547769293189049
  landing: 0.8109587207436562
  view-data: 3.3408893570303917
