times:
  edit-metadata: 1.6013497933745384
  landing: 0.9107570089399815
  view-data: 3.355684459209442
