times:
  edit-metadata: 1.5337094441056252
  landing: 0.8142851516604424
  view-data: 3.3605900183320045
