times:
  landing: 0.599215974798426
  view-data: 0.5485718050040305
