times:
  landing: 2.2647589361295104
  view-data: 0.03165995283052325
