times:
  edit-metadata: 1.4250974543392658
  landing: 0.8083213120698929
  view-data: 3.3497833609580994
