times:
  edit-metadata: 1.3743579983711243
  landing: 0.7427835464477539
  view-data: 3.5382687747478485
