times:
  edit-metadata: 1.3168837502598763
  landing: 0.7396889999508858
  view-data: 3.403401643037796
