times:
  edit-metadata: 1.4005901291966438
  landing: 0.7620871216058731
  view-data: 3.4765496999025345
