times:
  edit-metadata: 1.3728600181639194
  landing: 0.7852919474244118
  view-data: 3.3863306120038033
