times:
  edit-metadata: 1.5045214965939522
  landing: 0.7518517822027206
  view-data: 3.2926351577043533
