times:
  edit-metadata: 1.3109124675393105
  landing: 0.6840037405490875
  view-data: 3.4295382499694824
