times:
  edit-metadata: 1.3953996300697327
  landing: 0.8636736087501049
  view-data: 3.513704638928175
