times:
  edit-metadata: 3.6005394235253334
  landing: 2.228305771946907
  view-data: 3.9281571358442307
