times:
  edit-metadata: 1.6059695407748222
  landing: 0.9355510175228119
  view-data: 3.356252357363701
