times:
  edit-metadata: 1.3241586051881313
  landing: 0.7144791521131992
  view-data: 3.275568962097168
