times:
  edit-metadata: 1.5613463371992111
  landing: 0.852039635181427
  view-data: 3.328877992928028
