times:
  edit-metadata: 1.5179099291563034
  landing: 0.9405899196863174
  view-data: 3.5441477447748184
