times:
  edit-metadata: 1.5425983741879463
  landing: 0.744817279279232
  view-data: 3.4813817963004112
