times:
  edit-metadata: 1.3338745534420013
  landing: 0.9074367806315422
  view-data: 3.3582344725728035
