times:
  edit-metadata: 1.4627244472503662
  landing: 0.7946820221841335
  view-data: 3.3516629114747047
