times:
  edit-metadata: 1.4431908577680588
  landing: 0.7875073365867138
  view-data: 3.339751549065113
