times:
  edit-metadata: 1.4192022159695625
  landing: 0.8537619933485985
  view-data: 3.334182918071747
