times:
  edit-metadata: 1.4095667749643326
  landing: 0.7743193507194519
  view-data: 3.3717418760061264
