times:
  edit-metadata: 1.2889425717294216
  landing: 0.7124103754758835
  view-data: 3.353962406516075
