times:
  edit-metadata: 1.358758606016636
  landing: 0.742651179432869
  view-data: 3.3853613808751106
