times:
  edit-metadata: 1.5201968550682068
  landing: 0.8596948832273483
  view-data: 3.283190183341503
