times:
  edit-metadata: 1.848169967532158
  landing: 1.1814964674413204
  view-data: 3.5250109545886517
