times:
  edit-metadata: 1.382240042090416
  landing: 0.8299305737018585
  view-data: 3.269494228065014
