times:
  edit-metadata: 1.395559974014759
  landing: 0.7860976308584213
  view-data: 3.278848260641098
