times:
  edit-metadata: 1.3209501802921295
  landing: 0.7896829396486282
  view-data: 3.4059056267142296
