times:
  edit-metadata: 1.3615408912301064
  landing: 0.9836195856332779
  view-data: 3.506082646548748
