times:
  edit-metadata: 1.8838147521018982
  landing: 1.1496909484267235
  view-data: 3.375545211136341
