times:
  edit-metadata: 1.670850820839405
  landing: 0.8828926533460617
  view-data: 3.5229394659399986
