times:
  edit-metadata: 1.3756794035434723
  landing: 0.6904154494404793
  view-data: 3.4751280397176743
