times:
  edit-metadata: 1.4239014387130737
  landing: 1.088115781545639
  view-data: 3.4517429769039154
