times:
  edit-metadata: 1.3857084959745407
  landing: 0.7782558351755142
  view-data: 3.472409188747406
