times:
  edit-metadata: 1.3224377930164337
  landing: 0.7730423957109451
  view-data: 3.521065078675747
