times:
  edit-metadata: 1.3839395493268967
  landing: 0.7008393034338951
  view-data: 3.4122974425554276
