times:
  edit-metadata: 1.3678004927933216
  landing: 0.7006944641470909
  view-data: 3.2918982952833176
