times:
  edit-metadata: 1.3523074761033058
  landing: 0.7858582884073257
  view-data: 3.342925116419792
