times:
  edit-metadata: 1.3280408829450607
  landing: 0.8508140370249748
  view-data: 3.5246727913618088
