times:
  edit-metadata: 1.3804458603262901
  landing: 0.7556376904249191
  view-data: 3.5204101651906967
