times:
  edit-metadata: 1.4771191850304604
  landing: 0.8268369883298874
  view-data: 3.4857784882187843
