times:
  edit-metadata: 1.5632318556308746
  landing: 0.7355423495173454
  view-data: 3.325988791882992
