times:
  edit-metadata: 1.4535019770264626
  landing: 0.7408833727240562
  view-data: 3.2901242524385452
