times:
  edit-metadata: 1.91086570546031
  landing: 0.8441616967320442
  view-data: 3.4852827079594135
