times:
  edit-metadata: 1.4655084796249866
  landing: 0.7822279334068298
  view-data: 3.3026372380554676
