times:
  edit-metadata: 1.5163745060563087
  landing: 1.0258552618324757
  view-data: 3.284472119063139
