times:
  edit-metadata: 1.3756828382611275
  landing: 0.9154367223381996
  view-data: 3.357235960662365
