times:
  edit-metadata: 1.3787342496216297
  landing: 0.7844379097223282
  view-data: 3.3106879703700542
