times:
  edit-metadata: 1.4646819457411766
  landing: 0.7161745429039001
  view-data: 3.434102177619934
