times:
  edit-metadata: 1.717655561864376
  landing: 0.923436027020216
  view-data: 3.297658208757639
