times:
  edit-metadata: 1.4017835333943367
  landing: 1.1743060573935509
  view-data: 3.343598298728466
