times:
  edit-metadata: 1.4833997339010239
  landing: 0.7914675511419773
  view-data: 3.3226268626749516
