times:
  edit-metadata: 1.3570585325360298
  landing: 0.834398090839386
  view-data: 3.362688198685646
