times:
  edit-metadata: 1.4368953071534634
  landing: 0.7496805563569069
  view-data: 3.5019448027014732
