times:
  edit-metadata: 1.3467546924948692
  landing: 0.7871378287672997
  view-data: 3.5238660499453545
