times:
  edit-metadata: 1.3650823459029198
  landing: 0.8344366475939751
  view-data: 3.4963662177324295
