times:
  edit-metadata: 1.4498893842101097
  landing: 0.6851542517542839
  view-data: 3.523835003376007
