times:
  edit-metadata: 1.3224820047616959
  landing: 0.7307087704539299
  view-data: 3.4637313932180405
