times:
  edit-metadata: 1.376514844596386
  landing: 0.8317863717675209
  view-data: 3.7928671315312386
