times:
  edit-metadata: 1.7311419695615768
  landing: 1.0007562637329102
  view-data: 3.4277789667248726
