times:
  edit-metadata: 1.3598568066954613
  landing: 0.7275744080543518
  view-data: 3.3601565212011337
