times:
  edit-metadata: 1.4709932878613472
  landing: 0.8272203132510185
  view-data: 3.3040020540356636
