times:
  edit-metadata: 1.4003366008400917
  landing: 0.7139058336615562
  view-data: 3.314127989113331
