times:
  edit-metadata: 1.3595420643687248
  landing: 0.6930553615093231
  view-data: 3.4262320175766945
