times:
  edit-metadata: 1.440055973827839
  landing: 0.7865757197141647
  view-data: 3.39855370670557
