times:
  edit-metadata: 1.3502278588712215
  landing: 0.8005484603345394
  view-data: 3.274550709873438
