times:
  edit-metadata: 1.5337352938950062
  landing: 0.9367111511528492
  view-data: 3.285232078284025
