times:
  edit-metadata: 1.6510483771562576
  landing: 0.8491937927901745
  view-data: 3.398491133004427
