times:
  edit-metadata: 1.9643203876912594
  landing: 1.0354747474193573
  view-data: 3.4960220754146576
