times:
  edit-metadata: 1.6447796560823917
  landing: 0.8552832119166851
  view-data: 3.3131309933960438
