times:
  edit-metadata: 1.3824500665068626
  landing: 0.7892696633934975
  view-data: 3.3822533041238785
