times:
  edit-metadata: 1.4090229123830795
  landing: 0.8113469481468201
  view-data: 3.3372656852006912
