times:
  edit-metadata: 1.4121514111757278
  landing: 0.8724302276968956
  view-data: 3.5833522602915764
