times:
  edit-metadata: 2.8480907008051872
  landing: 1.5296271070837975
  view-data: 3.6835954561829567
