times:
  edit-metadata: 1.3961258679628372
  landing: 0.7092512547969818
  view-data: 3.4942250549793243
