times:
  edit-metadata: 1.4593288376927376
  landing: 0.8582656048238277
  view-data: 3.3728614673018456
