times:
  edit-metadata: 1.47855718806386
  landing: 0.771237526088953
  view-data: 3.7594663575291634
