times:
  edit-metadata: 1.4043446108698845
  landing: 0.7611737921833992
  view-data: 3.4498952850699425
