times:
  edit-metadata: 1.3799535781145096
  landing: 0.9018244296312332
  view-data: 3.5466447472572327
