times:
  edit-metadata: 1.401875101029873
  landing: 0.7783458605408669
  view-data: 3.4073497876524925
