times:
  edit-metadata: 1.425137273967266
  landing: 0.8227273784577847
  view-data: 3.3724586255848408
