times:
  edit-metadata: 1.7780744209885597
  landing: 0.9840614274144173
  view-data: 3.4195858240127563
