times:
  edit-metadata: 1.406818713992834
  landing: 0.8045925870537758
  view-data: 3.342379990965128
