times:
  edit-metadata: 1.4897989742457867
  landing: 0.8037783391773701
  view-data: 3.3192022889852524
