times:
  edit-metadata: 1.5165528357028961
  landing: 0.7759784236550331
  view-data: 3.306750848889351
