times:
  edit-metadata: 1.58837054297328
  landing: 0.850863479077816
  view-data: 3.346468538045883
