times:
  edit-metadata: 1.4354957044124603
  landing: 0.8887200877070427
  view-data: 3.583941213786602
