times:
  edit-metadata: 1.3744101971387863
  landing: 0.8566821813583374
  view-data: 3.5156824439764023
