times:
  edit-metadata: 1.3266717493534088
  landing: 0.828515350818634
  view-data: 3.300694562494755
