times:
  edit-metadata: 1.3524781167507172
  landing: 0.8260175511240959
  view-data: 3.359271816909313
