times:
  edit-metadata: 1.556637167930603
  landing: 0.772937573492527
  view-data: 3.4812278896570206
