times:
  edit-metadata: 1.3798288330435753
  landing: 0.7029577195644379
  view-data: 3.4218387603759766
