times:
  edit-metadata: 2.038204647600651
  landing: 1.1239615455269814
  view-data: 3.47811496257782
