times:
  edit-metadata: 1.401170551776886
  landing: 0.7773334234952927
  view-data: 3.4514096677303314
