times:
  edit-metadata: 1.4385986775159836
  landing: 0.961886428296566
  view-data: 3.5263674557209015
