times:
  edit-metadata: 1.4286090806126595
  landing: 0.7351477667689323
  view-data: 3.388400577008724
