times:
  edit-metadata: 1.3567662239074707
  landing: 0.7280567511916161
  view-data: 3.4800461530685425
