times:
  edit-metadata: 1.3853655308485031
  landing: 0.7297099381685257
  view-data: 3.337607853114605
