times:
  edit-metadata: 1.2632454931735992
  landing: 0.7335646972060204
  view-data: 3.6433968916535378
