times:
  edit-metadata: 2.082284387201071
  landing: 2.359149631112814
  view-data: 3.3587171137332916
