times:
  edit-metadata: 1.3863684684038162
  landing: 0.8166267573833466
  view-data: 3.303823620080948
