times:
  edit-metadata: 1.3308469876646996
  landing: 0.7263925150036812
  view-data: 3.5000875890254974
