times:
  edit-metadata: 1.4870526380836964
  landing: 0.9804639741778374
  view-data: 3.353043518960476
