times:
  edit-metadata: 1.5047402381896973
  landing: 0.7732543013989925
  view-data: 3.351128738373518
