times:
  edit-metadata: 1.4533425271511078
  landing: 0.7230659872293472
  view-data: 3.4612101167440414
