times:
  edit-metadata: 1.4722616113722324
  landing: 0.7418925873935223
  view-data: 3.2866084910929203
