times:
  edit-metadata: 1.3712352141737938
  landing: 0.7930832989513874
  view-data: 3.3074873723089695
