times:
  edit-metadata: 1.5393545627593994
  landing: 0.7421296834945679
  view-data: 3.491412080824375
