times:
  edit-metadata: 1.4123231917619705
  landing: 0.8082492500543594
  view-data: 3.4345951676368713
