times:
  edit-metadata: 1.5259697660803795
  landing: 0.7913467921316624
  view-data: 3.3348967134952545
