times:
  edit-metadata: 1.672103375196457
  landing: 0.9931710287928581
  view-data: 3.3423271253705025
