times:
  edit-metadata: 1.3913101330399513
  landing: 0.8943974711000919
  view-data: 3.2880703769624233
