times:
  edit-metadata: 1.449907936155796
  landing: 1.086000606417656
  view-data: 3.3024254888296127
