times:
  edit-metadata: 1.4800811260938644
  landing: 0.7429220899939537
  view-data: 3.367132730782032
