times:
  edit-metadata: 1.3536279536783695
  landing: 0.7480555362999439
  view-data: 3.329026348888874
