times:
  edit-metadata: 1.4846537858247757
  landing: 0.7807178571820259
  view-data: 3.4752142131328583
