times:
  edit-metadata: 1.4188286550343037
  landing: 0.7328315936028957
  view-data: 3.3571150302886963
