times:
  edit-metadata: 1.3889043852686882
  landing: 1.0072737038135529
  view-data: 3.3242431804537773
