times:
  edit-metadata: 1.6320374496281147
  landing: 0.9801429845392704
  view-data: 3.3275101110339165
