times:
  edit-metadata: 1.4130601733922958
  landing: 0.8579316362738609
  view-data: 3.4588085412979126
