times:
  edit-metadata: 1.3966261371970177
  landing: 0.8518336415290833
  view-data: 3.2952791005373
