times:
  edit-metadata: 1.2534489706158638
  landing: 0.8186529278755188
  view-data: 3.4729884415864944
