times:
  edit-metadata: 1.5139212980866432
  landing: 0.7261109352111816
  view-data: 3.2816428542137146
