times:
  edit-metadata: 1.3694114908576012
  landing: 0.9082928337156773
  view-data: 3.378725580871105
