times:
  edit-metadata: 1.3544298708438873
  landing: 0.8264024779200554
  view-data: 3.419758453965187
