times:
  edit-metadata: 1.6658391878008842
  landing: 0.9753706157207489
  view-data: 3.607996493577957
