times:
  edit-metadata: 1.43439881503582
  landing: 1.1131851524114609
  view-data: 3.5810145661234856
