times:
  edit-metadata: 1.3582627102732658
  landing: 0.7542428746819496
  view-data: 3.5164001435041428
