times:
  edit-metadata: 1.4181711748242378
  landing: 0.8269486054778099
  view-data: 3.486621282994747
