times:
  edit-metadata: 1.402178205549717
  landing: 0.9821937382221222
  view-data: 3.5074559673666954
