times:
  edit-metadata: 1.4342467747628689
  landing: 0.7931883297860622
  view-data: 3.272899318486452
