times:
  edit-metadata: 1.3519070744514465
  landing: 0.7967426143586636
  view-data: 3.3401416018605232
