times:
  edit-metadata: 1.6811652109026909
  landing: 0.8305894583463669
  view-data: 3.2979754731059074
