times:
  edit-metadata: 1.660006083548069
  landing: 0.7701211795210838
  view-data: 3.486702971160412
