times:
  edit-metadata: 1.7202488780021667
  landing: 0.8882075510919094
  view-data: 3.4766797572374344
