times:
  edit-metadata: 1.4417824894189835
  landing: 0.7669080346822739
  view-data: 3.509668804705143
