times:
  edit-metadata: 1.4901426993310452
  landing: 0.8920929692685604
  view-data: 3.3697036616504192
