times:
  edit-metadata: 1.4777381494641304
  landing: 0.8584489449858665
  view-data: 3.3474225848913193
