times:
  edit-metadata: 1.4775594770908356
  landing: 0.8493458293378353
  view-data: 3.34463432431221
