times:
  edit-metadata: 1.7206799685955048
  landing: 0.9160948544740677
  view-data: 3.466048814356327
