times:
  edit-metadata: 1.9453402981162071
  landing: 1.2125601656734943
  view-data: 3.3315440751612186
