times:
  edit-metadata: 1.4319519065320492
  landing: 0.8103770948946476
  view-data: 3.3000792749226093
