times:
  edit-metadata: 1.4486474581062794
  landing: 0.7862432114779949
  view-data: 3.3388115726411343
