times:
  edit-metadata: 1.247695080935955
  landing: 0.733972392976284
  view-data: 3.5581690669059753
