times:
  edit-metadata: 1.4233661331236362
  landing: 0.7468119487166405
  view-data: 3.3287142626941204
