times:
  edit-metadata: 1.3820891380310059
  landing: 0.7421765774488449
  view-data: 3.536944657564163
