times:
  edit-metadata: 1.3634771406650543
  landing: 0.7265220582485199
  view-data: 3.4938969835639
