times:
  edit-metadata: 1.5173734799027443
  landing: 0.8086690902709961
  view-data: 3.283702403306961
