times:
  edit-metadata: 1.4961660169064999
  landing: 1.0205070674419403
  view-data: 3.436620809137821
