times:
  edit-metadata: 1.9916259720921516
  landing: 1.224930226802826
  view-data: 3.9351516515016556
