times:
  edit-metadata: 1.4121608808636665
  landing: 0.6986424550414085
  view-data: 3.425440765917301
