times:
  edit-metadata: 1.4140344932675362
  landing: 0.7530317530035973
  view-data: 3.2649706602096558
