times:
  edit-metadata: 1.456369735300541
  landing: 0.7737286910414696
  view-data: 3.4019131660461426
