times:
  edit-metadata: 1.3772909417748451
  landing: 0.7408562153577805
  view-data: 3.4276265427470207
