times:
  edit-metadata: 1.5826523415744305
  landing: 1.1519238911569118
  view-data: 3.3097766749560833
