times:
  edit-metadata: 2.506581127643585
  landing: 1.551007367670536
  view-data: 3.522078860551119
