times:
  edit-metadata: 1.882580483041238
  landing: 0.07188760401913896
  view-data: 0.3038854349870235
