times:
  edit-metadata: 1.7039877027273178
  landing: 0.9353149514645338
  view-data: 3.473252922296524
