times:
  edit-metadata: 1.8007894000038505
  landing: 0.06654886505566537
  view-data: 0.2941617190372199
