times:
  edit-metadata: 1.5573010314255953
  landing: 0.8648545872420073
  view-data: 3.399369403719902
