times:
  edit-metadata: 1.7786121852695942
  landing: 1.1814431846141815
  view-data: 3.34506019577384
