times:
  edit-metadata: 1.831247864291072
  landing: 0.8629541117697954
  view-data: 3.385032933205366
