times:
  edit-metadata: 1.8802020631264895
  landing: 0.07398233911953866
  view-data: 0.324892571894452
