times:
  edit-metadata: 1.42072650231421
  landing: 0.8325609546154737
  view-data: 3.33430103212595
