times:
  edit-metadata: 1.7702400563284755
  landing: 0.9381187716498971
  view-data: 3.3020390598103404
