times:
  edit-metadata: 3.3125696778297424
  landing: 0.8228883650153875
  view-data: 3.608527336269617
