times:
  edit-metadata: 1.852860774990404
  landing: 0.07636039701174013
  view-data: 0.30484583700308576
