times:
  edit-metadata: 1.9616710431873798
  landing: 1.1831504330039024
  view-data: 3.3741134740412235
