times:
  edit-metadata: 1.600933438166976
  landing: 0.8707768879830837
  view-data: 3.4298392944037914
