times:
  edit-metadata: 1.4648921387270093
  landing: 0.9503203351050615
  view-data: 3.420480716973543
