times:
  edit-metadata: 3.5545946396887302
  landing: 2.53226700052619
  view-data: 3.988959688693285
