times:
  edit-metadata: 1.521510984748602
  landing: 0.8091652896255255
  view-data: 3.3970181308686733
