times:
  edit-metadata: 1.4242889126762748
  landing: 1.563025239855051
  view-data: 3.4328931802883744
