times:
  edit-metadata: 1.8023829759913497
  landing: 0.04744231901713647
  view-data: 0.2920323339931201
