times:
  edit-metadata: 2.140085458755493
  landing: 1.3257911689579487
  view-data: 3.5112298857420683
