times:
  edit-metadata: 1.3656050022691488
  landing: 0.7301625590771437
  view-data: 3.3426267709583044
