times:
  edit-metadata: 1.7943528030300513
  landing: 0.0505216009914875
  view-data: 0.3198160390020348
