times:
  edit-metadata: 1.5691528394818306
  landing: 0.8733761236071587
  view-data: 3.4269621651619673
