times:
  edit-metadata: 1.5603403132408857
  landing: 0.8640180826187134
  view-data: 3.456741761416197
