times:
  edit-metadata: 1.720784581033513
  landing: 0.06467448081821203
  view-data: 0.5336492939386517
