times:
  edit-metadata: 1.6269423179328442
  landing: 0.9212800785899162
  view-data: 3.3185826651751995
