times:
  edit-metadata: 1.6107862927019596
  landing: 0.9818482808768749
  view-data: 3.432573225349188
