times:
  edit-metadata: 1.7923205739934929
  landing: 0.10188102599931881
  view-data: 0.3234040120150894
