times:
  edit-metadata: 1.4232545248232782
  landing: 0.8373037502169609
  view-data: 3.3835979783907533
