times:
  edit-metadata: 1.564693871885538
  landing: 0.8755482695996761
  view-data: 3.4452893994748592
