times:
  edit-metadata: 2.2286919774487615
  landing: 1.5759107507765293
  view-data: 3.41751541942358
