times:
  edit-metadata: 1.592534862458706
  landing: 7.718109354376793
  view-data: 3.350787002593279
