times:
  edit-metadata: 1.7144892290234566
  landing: 0.999951584264636
  view-data: 3.398040469735861
