times:
  edit-metadata: 1.5189435705542564
  landing: 0.8788715340197086
  view-data: 3.288805093616247
