times:
  edit-metadata: 1.4882403980009258
  landing: 0.8242719450499862
  view-data: 3.4049209118820727
