times:
  edit-metadata: 2.189999472349882
  landing: 1.30556208640337
  view-data: 3.6727591641247272
