times:
  edit-metadata: 1.7261994816362858
  landing: 1.3675740789622068
  view-data: 3.3391677867621183
