times:
  edit-metadata: 1.7486951660830528
  landing: 0.07802534592337906
  view-data: 0.28037272091023624
