times:
  edit-metadata: 1.4492817874997854
  landing: 0.8889885116368532
  view-data: 3.4210553001612425
