times:
  edit-metadata: 1.6532596983015537
  landing: 0.8775946982204914
  view-data: 3.38914249651134
