times:
  edit-metadata: 1.7096548779809382
  landing: 0.0773406220250763
  view-data: 0.2840233480092138
