times:
  edit-metadata: 1.5001353435218334
  landing: 1.0609654150903225
  view-data: 3.367741834372282
