times:
  edit-metadata: 1.7488815959077328
  landing: 0.07200736785307527
  view-data: 0.4062452740035951
