times:
  edit-metadata: 1.6369480360299349
  landing: 0.8890575673431158
  view-data: 3.426289590075612
