times:
  edit-metadata: 1.560412846505642
  landing: 0.8368108607828617
  view-data: 3.4343952536582947
