times:
  edit-metadata: 1.411073837429285
  landing: 0.8640683703124523
  view-data: 3.358412867411971
