times:
  edit-metadata: 1.7241290609817952
  landing: 0.07341986405663192
  view-data: 0.41890955180861056
