times:
  edit-metadata: 1.6332019492983818
  landing: 0.9231882579624653
  view-data: 3.4444148261100054
