times:
  edit-metadata: 1.5223551392555237
  landing: 0.8319376967847347
  view-data: 3.331489320844412
