times:
  edit-metadata: 1.4874502755701542
  landing: 0.8202898632735014
  view-data: 3.3185796793550253
