times:
  edit-metadata: 1.8422052609967068
  landing: 0.0835844500688836
  view-data: 0.2892824610462412
