times:
  edit-metadata: 2.1973973158746958
  landing: 1.2956641260534525
  view-data: 3.4498689360916615
