times:
  edit-metadata: 1.4377986565232277
  landing: 0.8969397284090519
  view-data: 3.3655856624245644
