times:
  edit-metadata: 1.4607338644564152
  landing: 1.169832518324256
  view-data: 3.474816651083529
