times:
  edit-metadata: 1.479301132261753
  landing: 1.0945331454277039
  view-data: 3.315851718187332
