times:
  edit-metadata: 1.7453216724097729
  landing: 1.0653831362724304
  view-data: 3.43175345659256
