times:
  edit-metadata: 1.5732484199106693
  landing: 0.7876963764429092
  view-data: 3.367920223623514
