times:
  edit-metadata: 1.6641539931297302
  landing: 1.0047096572816372
  view-data: 3.259718218818307
