times:
  edit-metadata: 1.626570276916027
  landing: 1.0753394924104214
  view-data: 3.3554889038205147
