times:
  edit-metadata: 1.7336456328630447
  landing: 0.06133837811648846
  view-data: 0.29597488371655345
