times:
  edit-metadata: 1.5455430634319782
  landing: 1.055964108556509
  view-data: 3.3746752738952637
