times:
  edit-metadata: 1.5669946745038033
  landing: 0.7993941586464643
  view-data: 3.368769761174917
