times:
  edit-metadata: 1.7324439340736717
  landing: 0.06906216603238136
  view-data: 0.3215599280083552
