times:
  edit-metadata: 1.5698798336088657
  landing: 1.0226626880466938
  view-data: 3.447327919304371
