times:
  edit-metadata: 1.538170306943357
  landing: 0.7544319480657578
  view-data: 3.378054054453969
