times:
  edit-metadata: 1.8602678569732234
  landing: 0.04790967598091811
  view-data: 0.287827773950994
