times:
  edit-metadata: 1.7086821757256985
  landing: 1.0576285421848297
  view-data: 3.4667360559105873
