times:
  edit-metadata: 1.3569594891741872
  landing: 0.8041905658319592
  view-data: 3.4115504194051027
