times:
  edit-metadata: 1.7407717949245125
  landing: 0.0777747529791668
  view-data: 0.31072388496249914
