times:
  edit-metadata: 1.7063474759925157
  landing: 0.0757322219433263
  view-data: 0.5523004250135273
