times:
  edit-metadata: 1.7578342340420932
  landing: 0.08036642801016569
  view-data: 0.4140143049880862
