times:
  edit-metadata: 1.7073661889880896
  landing: 0.8505731440382078
  view-data: 3.350708561949432
