times:
  edit-metadata: 1.9506973652169108
  landing: 1.0729866484180093
  view-data: 3.4624709403142333
