times:
  edit-metadata: 1.448086615651846
  landing: 0.9875739850103855
  view-data: 3.3633470572531223
