times:
  edit-metadata: 1.5440709609538317
  landing: 0.7843890991061926
  view-data: 3.369195517152548
