times:
  edit-metadata: 2.548888672143221
  landing: 2.1169826686382294
  view-data: 3.60344610363245
