times:
  edit-metadata: 1.833929364103824
  landing: 0.0668381629511714
  view-data: 0.3099461409728974
