times:
  edit-metadata: 1.8642492259969003
  landing: 0.040573665988631546
  view-data: 0.2985134439659305
