times:
  edit-metadata: 2.500983473844826
  landing: 1.5244452515617013
  view-data: 3.5352828595787287
