times:
  edit-metadata: 1.6019746637903154
  landing: 1.042048268020153
  view-data: 3.403696230147034
