times:
  edit-metadata: 1.7335376967675984
  landing: 0.05781357316300273
  view-data: 0.3092897208407521
