times:
  edit-metadata: 1.506751175969839
  landing: 0.9914790764451027
  view-data: 3.452619280666113
