times:
  edit-metadata: 1.4695369824767113
  landing: 0.8388446047902107
  view-data: 3.2877581231296062
