times:
  edit-metadata: 2.3023012690246105
  landing: 1.3925497308373451
  view-data: 3.2981106005609035
