times:
  edit-metadata: 1.9439012440270744
  landing: 0.09152103599626571
  view-data: 0.3058899919851683
