times:
  edit-metadata: 2.265989362000255
  landing: 0.14057011299883015
  view-data: 0.34294368998962454
