times:
  edit-metadata: 1.5660598687827587
  landing: 0.9255305118858814
  view-data: 3.3288422636687756
