times:
  edit-metadata: 1.411885092034936
  landing: 1.1363368146121502
  view-data: 3.3869287576526403
