times:
  edit-metadata: 1.4490762918721884
  landing: 0.9453708839137107
  view-data: 3.356670001987368
