times:
  edit-metadata: 1.6617791189346462
  landing: 0.9177366979420185
  view-data: 3.415074008051306
