times:
  edit-metadata: 1.805578979998245
  landing: 0.05899630600470118
  view-data: 0.28372075999504887
