times:
  edit-metadata: 1.5697347559034824
  landing: 0.8834970556199551
  view-data: 3.5491731464862823
