times:
  edit-metadata: 1.5520751401782036
  landing: 0.9460278544574976
  view-data: 3.498594891279936
