times:
  edit-metadata: 1.4297260330058634
  landing: 0.8407467370852828
  view-data: 3.33762887888588
