times:
  edit-metadata: 1.4149865554645658
  landing: 0.8438362702727318
  view-data: 3.3850834518671036
