times:
  edit-metadata: 1.5714249201118946
  landing: 1.6337006613612175
  view-data: 3.4503667298704386
