times:
  edit-metadata: 1.4780928120017052
  landing: 0.9658527113497257
  view-data: 3.361886251717806
