times:
  edit-metadata: 1.4703241074457765
  landing: 0.7970138294622302
  view-data: 3.4188003819435835
