times:
  edit-metadata: 1.6621938068419695
  landing: 0.9537892006337643
  view-data: 3.3569748625159264
