times:
  edit-metadata: 1.7224164381623268
  landing: 1.028251938521862
  view-data: 3.4409667681902647
