times:
  edit-metadata: 1.698329331818968
  landing: 0.08603292005136609
  view-data: 0.28564407117664814
