times:
  edit-metadata: 1.4980569444596767
  landing: 1.0213077999651432
  view-data: 3.3112771697342396
