times:
  edit-metadata: 1.4620152502320707
  landing: 1.044971209950745
  view-data: 3.504983483813703
