times:
  edit-metadata: 1.4437475800514221
  landing: 0.8722776360809803
  view-data: 3.344127643853426
