times:
  edit-metadata: 1.7079117700923234
  landing: 0.9693592740222812
  view-data: 3.842639801092446
