times:
  edit-metadata: 2.8437640871852636
  landing: 1.67064337618649
  view-data: 3.692315274849534
