times:
  edit-metadata: 1.4005412680562586
  landing: 0.792647975962609
  view-data: 3.3244142550975084
