times:
  edit-metadata: 1.4266875311732292
  landing: 0.9410546123981476
  view-data: 3.381856393069029
