times:
  edit-metadata: 1.800766628002748
  landing: 0.06457286817021668
  view-data: 0.40453685098327696
