times:
  edit-metadata: 1.6404557451605797
  landing: 0.8614264260977507
  view-data: 3.448710300028324
