times:
  edit-metadata: 1.565200187265873
  landing: 0.7925199447199702
  view-data: 3.5760722905397415
