times:
  edit-metadata: 1.736517898971215
  landing: 0.06839666899759322
  view-data: 0.29030460002832115
