times:
  edit-metadata: 1.5246857292950153
  landing: 0.9252545945346355
  view-data: 3.3405241407454014
