times:
  edit-metadata: 1.5505628883838654
  landing: 0.9864378198981285
  view-data: 3.308463953435421
