times:
  edit-metadata: 1.625229101628065
  landing: 0.9493662714958191
  view-data: 3.300273034721613
