times:
  edit-metadata: 1.6547955349087715
  landing: 1.0931405909359455
  view-data: 3.3152295537292957
