times:
  edit-metadata: 1.74342385889031
  landing: 0.05815005488693714
  view-data: 0.2882951539941132
