times:
  edit-metadata: 1.7744623480002701
  landing: 0.06417631399926904
  view-data: 0.28577107099954446
