times:
  edit-metadata: 1.6709083672612906
  landing: 0.9673965913243592
  view-data: 3.353057852946222
