times:
  edit-metadata: 1.7605256489478052
  landing: 0.07408007816411555
  view-data: 0.31249484908767045
