times:
  edit-metadata: 1.6505087465047836
  landing: 1.0542262867093086
  view-data: 3.336881522089243
