times:
  edit-metadata: 1.5985837392508984
  landing: 0.8032174929976463
  view-data: 3.361084520816803
