times:
  edit-metadata: 1.7106609344482422
  landing: 0.9537881389260292
  view-data: 3.3646486811339855
