times:
  edit-metadata: 1.6300847232341766
  landing: 0.9999329745769501
  view-data: 3.412173345685005
