times:
  edit-metadata: 1.4346036610659212
  landing: 1.1185895439703017
  view-data: 3.4410423618974164
