times:
  edit-metadata: 1.4413304887712002
  landing: 1.0890524089336395
  view-data: 3.2830355912446976
