times:
  edit-metadata: 1.7403238490223885
  landing: 1.2944891303777695
  view-data: 3.3783689215779305
