times:
  edit-metadata: 1.7645806489745155
  landing: 0.04853310197358951
  view-data: 0.2857144870213233
