times:
  edit-metadata: 1.7111406298354268
  landing: 0.07070450205355883
  view-data: 0.3209333410486579
