times:
  edit-metadata: 1.520435880869627
  landing: 0.908649604767561
  view-data: 3.4015556164085865
