times:
  edit-metadata: 1.5256460681557655
  landing: 0.982707105576992
  view-data: 3.3389229811728
