times:
  edit-metadata: 1.8048722370294854
  landing: 0.047067511011846364
  view-data: 0.29451100598089397
