times:
  edit-metadata: 1.7295614341273904
  landing: 0.06998414499685168
  view-data: 0.3098849970847368
