times:
  edit-metadata: 1.5591654423624277
  landing: 0.8617215752601624
  view-data: 3.3846654444932938
