times:
  edit-metadata: 1.7133654300123453
  landing: 0.05615196377038956
  view-data: 0.2852731477469206
