times:
  edit-metadata: 1.5841199345886707
  landing: 0.9011444617062807
  view-data: 3.3716966286301613
