times:
  edit-metadata: 1.7494427040219307
  landing: 0.06990825897082686
  view-data: 0.29610865795984864
