times:
  edit-metadata: 1.5749974567443132
  landing: 1.090505849570036
  view-data: 3.3626398891210556
