times:
  edit-metadata: 1.5364203751087189
  landing: 1.0420712009072304
  view-data: 3.3892574831843376
