times:
  edit-metadata: 1.5898671690374613
  landing: 0.8573823031038046
  view-data: 3.4421913512051105
