times:
  edit-metadata: 1.4340103305876255
  landing: 0.8212945517152548
  view-data: 3.409829383715987
