times:
  edit-metadata: 1.6297718584537506
  landing: 0.8809140063822269
  view-data: 3.3863210808485746
