times:
  edit-metadata: 1.660484017804265
  landing: 1.0792957432568073
  view-data: 3.3831845559179783
