times:
  edit-metadata: 1.72626659902744
  landing: 0.07510880986228585
  view-data: 0.2999539989978075
