times:
  edit-metadata: 1.5919336751103401
  landing: 0.8718203194439411
  view-data: 3.43182310834527
