times:
  edit-metadata: 1.700902808457613
  landing: 1.0314876101911068
  view-data: 3.357140313833952
