times:
  edit-metadata: 1.5133859161287546
  landing: 1.07526970282197
  view-data: 3.4407165851444006
