times:
  edit-metadata: 1.4950675070285797
  landing: 0.884777270257473
  view-data: 3.377203606069088
