times:
  edit-metadata: 1.792378218844533
  landing: 0.9074494196102023
  view-data: 3.3352759489789605
