times:
  edit-metadata: 1.4557433119043708
  landing: 0.8315629232674837
  view-data: 3.4050740841776133
