times:
  edit-metadata: 1.7259803679771721
  landing: 0.05471410509198904
  view-data: 0.46460622968152165
