times:
  edit-metadata: 1.5317701019812375
  landing: 0.7985382061451674
  view-data: 3.344387877965346
