times:
  edit-metadata: 1.5299830958247185
  landing: 0.8418946787714958
  view-data: 3.350601525977254
