times:
  edit-metadata: 1.5294437622651458
  landing: 0.9353186199441552
  view-data: 3.358343874104321
