times:
  edit-metadata: 1.830680474638939
  landing: 1.3044386431574821
  view-data: 3.337238745763898
