times:
  edit-metadata: 1.428835359402001
  landing: 0.7966383062303066
  view-data: 3.384055197238922
