times:
  edit-metadata: 2.0836152783595026
  landing: 1.180959442164749
  view-data: 3.469600699376315
