times:
  edit-metadata: 1.549600787460804
  landing: 0.8331818077713251
  view-data: 3.3752006012946367
