times:
  edit-metadata: 1.419811673462391
  landing: 0.8689926899969578
  view-data: 3.296503219753504
