times:
  edit-metadata: 1.5250337719917297
  landing: 0.7931809052824974
  view-data: 3.381053304299712
