times:
  edit-metadata: 1.434716172516346
  landing: 0.818542467430234
  view-data: 3.392480291426182
