times:
  edit-metadata: 1.4961772477254272
  landing: 0.7867729300633073
  view-data: 3.3752685571089387
