times:
  edit-metadata: 2.2381612407043576
  landing: 1.3092994522303343
  view-data: 3.44032478146255
