times:
  edit-metadata: 1.719323388999328
  landing: 0.06501431699143723
  view-data: 0.28145344502991065
