times:
  edit-metadata: 1.7229435709305108
  landing: 1.0629188818857074
  view-data: 3.4233429869636893
