times:
  edit-metadata: 1.5876405015587807
  landing: 1.0275371484458447
  view-data: 3.3548448979854584
