times:
  edit-metadata: 1.7651909170672297
  landing: 0.07833264907822013
  view-data: 0.2804307481274009
