times:
  edit-metadata: 1.7611672580242157
  landing: 1.3259196616709232
  view-data: 3.445983365178108
