times:
  edit-metadata: 1.5257447883486748
  landing: 1.0315528213977814
  view-data: 3.3969546481966972
