times:
  edit-metadata: 1.563218044117093
  landing: 0.8805359471589327
  view-data: 3.41195154376328
