times:
  edit-metadata: 1.7955687260255218
  landing: 0.06520458601880819
  view-data: 0.30683784605935216
