times:
  edit-metadata: 1.4495214316993952
  landing: 0.8473489247262478
  view-data: 3.3978844229131937
