times:
  edit-metadata: 1.759180610999465
  landing: 0.08191257296130061
  view-data: 0.29517932515591383
