times:
  edit-metadata: 1.7431694900151342
  landing: 0.06551584415137768
  view-data: 0.29424418695271015
