times:
  edit-metadata: 1.5850635021924973
  landing: 1.1414206065237522
  view-data: 3.3303112648427486
