times:
  edit-metadata: 1.6061734780669212
  landing: 0.9646866880357265
  view-data: 3.4106807224452496
