times:
  edit-metadata: 2.2779151536524296
  landing: 1.117661896161735
  view-data: 3.439149906858802
