times:
  edit-metadata: 1.7536933480005246
  landing: 0.06117140699643642
  view-data: 0.31307227600336773
