times:
  edit-metadata: 1.6702252812683582
  landing: 1.05867350846529
  view-data: 3.45708692073822
