times:
  edit-metadata: 1.6625477522611618
  landing: 0.8751355446875095
  view-data: 3.3237511161714792
