times:
  edit-metadata: 1.6097138859331608
  landing: 1.025146808475256
  view-data: 3.3200346045196056
