times:
  edit-metadata: 1.7944410530035384
  landing: 0.06614029400225263
  view-data: 0.2772855770017486
