times:
  edit-metadata: 1.4130658768117428
  landing: 0.8626899123191833
  view-data: 3.3838748186826706
