times:
  edit-metadata: 1.4941718988120556
  landing: 0.9660492949187756
  view-data: 3.343224313110113
