times:
  edit-metadata: 1.4072600305080414
  landing: 0.7735917698591948
  view-data: 3.415509202517569
