times:
  edit-metadata: 2.1190565112046897
  landing: 1.1280697393231094
  view-data: 3.4136995398439467
