times:
  edit-metadata: 1.592043962329626
  landing: 3.9373174533247948
  view-data: 3.2731832433491945
