times:
  edit-metadata: 1.7842440158128738
  landing: 1.268126679584384
  view-data: 3.341572003439069
