times:
  edit-metadata: 1.7983225740026683
  landing: 0.04554183396976441
  view-data: 0.28312532394193113
