times:
  edit-metadata: 1.4965021014213562
  landing: 0.9987442940473557
  view-data: 3.336280107498169
