times:
  edit-metadata: 1.5746840499341488
  landing: 0.9934923462569714
  view-data: 3.3738780729472637
