times:
  edit-metadata: 1.283189759007655
  landing: 0.21970020100707188
  view-data: 0.21778718597488478
