times:
  edit-metadata: 1.4241604711860418
  landing: 0.9354612932074815
  view-data: 3.3062926870770752
