times:
  edit-metadata: 1.7860026210546494
  landing: 0.04761575208976865
  view-data: 0.3215379149187356
