times:
  edit-metadata: 1.5745675470679998
  landing: 0.8481758367270231
  view-data: 3.388361459597945
