times:
  edit-metadata: 1.8305669911205769
  landing: 1.3043619766831398
  view-data: 3.6675740741193295
