times:
  edit-metadata: 2.1979226020048372
  landing: 0.1049866930115968
  view-data: 0.3949450849904679
