times:
  edit-metadata: 1.5820439644157887
  landing: 0.9409392476081848
  view-data: 3.391714481636882
