times:
  edit-metadata: 1.7300072249490768
  landing: 0.04570060293190181
  view-data: 0.2955922980327159
