times:
  edit-metadata: 1.4596471772529185
  landing: 0.8603754309006035
  view-data: 3.367221055086702
