times:
  edit-metadata: 1.5855087414383888
  landing: 0.8184368163347244
  view-data: 3.3684624079614878
