times:
  edit-metadata: 1.7158333430998027
  landing: 0.050065390998497605
  view-data: 0.3103500201832503
