times:
  edit-metadata: 1.480845213867724
  landing: 0.9241903023794293
  view-data: 3.3951788060367107
