times:
  edit-metadata: 1.7983041419647634
  landing: 0.06743812095373869
  view-data: 0.32316141901537776
