times:
  edit-metadata: 1.764781123958528
  landing: 0.0815717859659344
  view-data: 0.29621737101115286
