times:
  edit-metadata: 1.999531988054514
  landing: 1.309676967561245
  view-data: 3.3583925366401672
