times:
  edit-metadata: 1.5589258391410112
  landing: 0.8666608184576035
  view-data: 3.3561728009954095
