times:
  edit-metadata: 1.7888708948157728
  landing: 0.09018529392778873
  view-data: 0.28786916099488735
