times:
  edit-metadata: 1.7891595429973677
  landing: 0.07146577298408374
  view-data: 0.4038800559937954
