times:
  edit-metadata: 1.5134901204146445
  landing: 0.8292178651317954
  view-data: 3.3624941604211926
