times:
  edit-metadata: 3.272093305364251
  landing: 1.2464952860027552
  view-data: 3.7342209201306105
