times:
  edit-metadata: 1.7317963680252433
  landing: 0.07020438904874027
  view-data: 0.3288180008530617
