times:
  edit-metadata: 1.5512387603521347
  landing: 1.0524045452475548
  view-data: 3.448024671524763
