times:
  edit-metadata: 1.5064242221415043
  landing: 0.8721534684300423
  view-data: 3.3901046440005302
