times:
  edit-metadata: 1.555098533630371
  landing: 0.9144252389669418
  view-data: 3.3693517930805683
