times:
  edit-metadata: 1.6436133868992329
  landing: 1.1608345843851566
  view-data: 3.3490596413612366
