times:
  edit-metadata: 2.1061536378692836
  landing: 0.968139573931694
  view-data: 3.4309401910286397
