times:
  edit-metadata: 1.4099310748279095
  landing: 0.8338344730436802
  view-data: 3.3609923738986254
