times:
  edit-metadata: 1.6440275888890028
  landing: 0.8810193724930286
  view-data: 3.4296302292495966
