times:
  edit-metadata: 1.6142907709581777
  landing: 0.8557223540265113
  view-data: 3.3431718630017713
