times:
  edit-metadata: 1.607194246724248
  landing: 0.9491333477199078
  view-data: 3.4562627393752337
