times:
  edit-metadata: 1.4808027488179505
  landing: 0.8327489420771599
  view-data: 3.3727170669008046
