times:
  edit-metadata: 1.804619313999865
  landing: 0.07378628300011769
  view-data: 0.2972404470001493
