times:
  edit-metadata: 1.6866618227213621
  landing: 0.9986008834093809
  view-data: 3.4745385870337486
