times:
  edit-metadata: 1.5658122040331364
  landing: 1.0437280982732773
  view-data: 3.4334450773894787
