times:
  edit-metadata: 2.2128446009010077
  landing: 1.5486797038465738
  view-data: 3.583691155537963
