times:
  edit-metadata: 1.567208532243967
  landing: 1.1327625028789043
  view-data: 3.359107743948698
