times:
  edit-metadata: 1.7195683519821614
  landing: 0.07402836298570037
  view-data: 0.307530052959919
