times:
  edit-metadata: 1.5511613972485065
  landing: 0.7612184286117554
  view-data: 3.312959913164377
