times:
  edit-metadata: 1.4775624596513808
  landing: 0.9069697191007435
  view-data: 3.403325921855867
