times:
  edit-metadata: 1.7164794839918613
  landing: 0.06760908989235759
  view-data: 0.33130696788430214
