times:
  edit-metadata: 1.4550073072314262
  landing: 0.9342466667294502
  view-data: 3.314459763467312
