times:
  edit-metadata: 1.4634830355644226
  landing: 1.0225371457636356
  view-data: 3.3510642759501934
