times:
  edit-metadata: 1.5175824407488108
  landing: 1.0709846802055836
  view-data: 3.3731063790619373
