times:
  edit-metadata: 1.5962190218269825
  landing: 0.8712966777384281
  view-data: 3.4039568454027176
