times:
  edit-metadata: 1.6118660289794207
  landing: 0.9283531997352839
  view-data: 3.3472696281969547
