times:
  edit-metadata: 1.7328293099999428
  landing: 0.0659879429731518
  view-data: 0.3330068530049175
