times:
  edit-metadata: 1.7698466116562486
  landing: 0.7928333571180701
  view-data: 3.4266880806535482
