times:
  edit-metadata: 1.8647153018973768
  landing: 0.046316304011270404
  view-data: 0.30311963986605406
