times:
  edit-metadata: 1.5908921221271157
  landing: 0.8461392167955637
  view-data: 3.311541052069515
