times:
  edit-metadata: 1.5658494681119919
  landing: 0.851547272875905
  view-data: 3.4120951015502214
