times:
  edit-metadata: 1.5989930108189583
  landing: 0.81174161657691
  view-data: 3.4021481685340405
