times:
  edit-metadata: 1.5265699289739132
  landing: 0.8360826149582863
  view-data: 3.386543268337846
