times:
  edit-metadata: 1.6426276660058647
  landing: 0.9321129149757326
  view-data: 3.3370097279548645
