times:
  edit-metadata: 1.5769645320251584
  landing: 0.9532080860808492
  view-data: 3.3501535961404443
