times:
  edit-metadata: 1.5791051238775253
  landing: 0.8544350154697895
  view-data: 3.4562356788665056
