times:
  edit-metadata: 1.5301099754869938
  landing: 0.9656230248510838
  view-data: 3.390095066279173
