times:
  edit-metadata: 1.8283848389983177
  landing: 0.06418893404770643
  view-data: 0.2936720399884507
