times:
  edit-metadata: 1.4655252574011683
  landing: 0.9807001948356628
  view-data: 3.428372194059193
