times:
  edit-metadata: 1.5698015093803406
  landing: 1.0663241557776928
  view-data: 3.4223381467163563
