times:
  edit-metadata: 1.5175989270210266
  landing: 0.9929102472960949
  view-data: 3.404819654300809
