times:
  edit-metadata: 1.820493320003152
  landing: 0.05145014310255647
  view-data: 0.31611914886161685
