times:
  edit-metadata: 1.4717786684632301
  landing: 0.842480631545186
  view-data: 3.33817233517766
