times:
  edit-metadata: 1.457030008547008
  landing: 0.7887972611933947
  view-data: 3.360152432695031
