times:
  edit-metadata: 1.5963113345205784
  landing: 0.8967921175062656
  view-data: 3.3489243388175964
