times:
  edit-metadata: 1.4557982729747891
  landing: 0.923600307200104
  view-data: 3.3986141248606145
