times:
  edit-metadata: 1.6430618800222874
  landing: 1.0815734267234802
  view-data: 3.361912339925766
