times:
  edit-metadata: 2.4420170709490776
  landing: 1.6210811920464039
  view-data: 3.5518827699124813
