times:
  edit-metadata: 1.45985774602741
  landing: 0.8324255999177694
  view-data: 3.32176055572927
