times:
  edit-metadata: 1.530278505757451
  landing: 0.8203623853623867
  view-data: 3.3507457990199327
