times:
  edit-metadata: 1.6592650543898344
  landing: 0.808897377923131
  view-data: 3.4010061025619507
