times:
  edit-metadata: 1.5231053736060858
  landing: 0.8394623138010502
  view-data: 3.4283841121941805
