times:
  edit-metadata: 1.3813798828050494
  landing: 0.8545165294781327
  view-data: 0.6594756711274385
