times:
  edit-metadata: 1.5506644360721111
  landing: 0.8544232901185751
  view-data: 3.3907096148468554
