times:
  edit-metadata: 1.754626529989764
  landing: 0.07125498197274283
  view-data: 0.30969517200719565
