times:
  edit-metadata: 2.1186445059720427
  landing: 0.08096829405985773
  view-data: 0.3205194240435958
