times:
  edit-metadata: 1.7235934501513839
  landing: 0.9084366448223591
  view-data: 3.5082273492589593
