times:
  edit-metadata: 1.8470652079558931
  landing: 0.0693475249572657
  view-data: 0.2833426079596393
