times:
  edit-metadata: 1.7137377709150314
  landing: 0.9470787458121777
  view-data: 3.3432596027851105
