times:
  edit-metadata: 1.9110326655209064
  landing: 1.250493299216032
  view-data: 3.388792522251606
