times:
  edit-metadata: 1.763314442243427
  landing: 0.05311649898067117
  view-data: 0.4234553761780262
