times:
  edit-metadata: 1.5187654881738126
  landing: 1.3448796020820737
  view-data: 3.3329421929083765
