times:
  edit-metadata: 1.4184628929942846
  landing: 0.8369949995540082
  view-data: 0.6913305371999741
