times:
  edit-metadata: 1.512737917015329
  landing: 0.8636096171103418
  view-data: 3.4409307460300624
