times:
  edit-metadata: 1.6391725558787584
  landing: 0.7828196510672569
  view-data: 3.289799289777875
