times:
  edit-metadata: 1.589797094464302
  landing: 0.9175303168594837
  view-data: 3.397467600181699
