times:
  edit-metadata: 1.4489892371930182
  landing: 3.56534122209996
  view-data: 3.313987124245614
