times:
  edit-metadata: 1.8622169649970601
  landing: 0.04127791299833916
  view-data: 0.3267613089992665
