times:
  edit-metadata: 1.7841339614242315
  landing: 0.9893520288169384
  view-data: 3.3551762774586678
