times:
  edit-metadata: 2.502997223753482
  landing: 0.12882285099476576
  view-data: 0.3110705940052867
