times:
  edit-metadata: 1.7591704518999904
  landing: 0.062154019018635154
  view-data: 0.2780353839043528
