times:
  edit-metadata: 1.6174394823610783
  landing: 1.007543571293354
  view-data: 3.3940284326672554
