times:
  edit-metadata: 2.3841627879883163
  landing: 0.08065122098196298
  view-data: 0.3493149770074524
