times:
  edit-metadata: 1.700713763013482
  landing: 0.04736615903675556
  view-data: 0.30139602487906814
