times:
  edit-metadata: 1.515378287062049
  landing: 0.8674132730811834
  view-data: 3.2880384046584368
