times:
  edit-metadata: 1.5434396155178547
  landing: 1.3816714994609356
  view-data: 3.434325583279133
