times:
  edit-metadata: 1.7371882610023022
  landing: 1.1532720997929573
  view-data: 3.3594452030956745
