times:
  edit-metadata: 1.7061425909923855
  landing: 0.07136257400270551
  view-data: 0.4229709639912471
