times:
  edit-metadata: 1.5761704985052347
  landing: 0.8510665223002434
  view-data: 3.438047179952264
