times:
  edit-metadata: 1.588249184191227
  landing: 0.9731007516384125
  view-data: 3.326805427670479
