times:
  edit-metadata: 1.5476254932582378
  landing: 0.7872814275324345
  view-data: 3.366055443882942
