times:
  edit-metadata: 1.4789319271221757
  landing: 0.9136906694620848
  view-data: 3.4063281444832683
