times:
  edit-metadata: 1.7665402519050986
  landing: 0.07668217713944614
  view-data: 0.4449156809132546
