times:
  edit-metadata: 1.5430682129226625
  landing: 0.9545981839764863
  view-data: 3.3489259970374405
