times:
  edit-metadata: 1.421039868146181
  landing: 0.9146193191409111
  view-data: 3.3206451926380396
