times:
  edit-metadata: 1.5775023996829987
  landing: 0.9207752123475075
  view-data: 3.4540601931512356
