times:
  edit-metadata: 1.6773084783926606
  landing: 1.0594407711178064
  view-data: 3.472684751264751
