times:
  edit-metadata: 1.7774958170048194
  landing: 0.07170018900069408
  view-data: 0.47574654199706856
