times:
  edit-metadata: 1.4694471284747124
  landing: 0.940874170511961
  view-data: 3.4349482245743275
