times:
  edit-metadata: 1.7706419490277767
  landing: 1.149883221834898
  view-data: 3.3623936027288437
