times:
  edit-metadata: 1.7664190847426653
  landing: 0.09945725416764617
  view-data: 0.28626897744834423
