times:
  edit-metadata: 1.4662625100463629
  landing: 0.8528907131403685
  view-data: 3.407327770255506
