times:
  edit-metadata: 1.7622544349869713
  landing: 0.0675229609478265
  view-data: 0.29316958994604647
