times:
  edit-metadata: 1.5618350245058537
  landing: 1.0442342087626457
  view-data: 3.35966900549829
