times:
  edit-metadata: 1.5305468253791332
  landing: 1.0429147630929947
  view-data: 3.4387271218001842
