times:
  edit-metadata: 1.5539932325482368
  landing: 0.9443056173622608
  view-data: 3.3344512470066547
