times:
  edit-metadata: 1.6178913596086204
  landing: 0.8980679982341826
  view-data: 3.274687605910003
