times:
  edit-metadata: 1.6766604725271463
  landing: 0.8198821227997541
  view-data: 3.4015415608882904
