times:
  edit-metadata: 1.554618924856186
  landing: 0.9717414863407612
  view-data: 3.327365294098854
