times:
  edit-metadata: 1.4403247013688087
  landing: 0.7340865693986416
  view-data: 3.382817178964615
