times:
  edit-metadata: 1.5615974590182304
  landing: 0.7892128601670265
  view-data: 3.3912292644381523
