times:
  edit-metadata: 1.6691327579319477
  landing: 1.1877907365560532
  view-data: 3.4628558084368706
