times:
  edit-metadata: 1.750335284974426
  landing: 0.04694516211748123
  view-data: 0.30274132383055985
