times:
  edit-metadata: 1.3972731670364738
  landing: 0.8148888340219855
  view-data: 3.369082372635603
