times:
  edit-metadata: 1.8197373412549496
  landing: 1.0839636959135532
  view-data: 3.324321214109659
