times:
  edit-metadata: 1.5309435948729515
  landing: 0.9686657395213842
  view-data: 3.4264181200414896
