times:
  edit-metadata: 1.5195572450757027
  landing: 0.7944744899868965
  view-data: 3.3696871884167194
