times:
  edit-metadata: 1.5682331062853336
  landing: 0.9518601149320602
  view-data: 3.5702750720083714
