times:
  edit-metadata: 1.4260714463889599
  landing: 0.8469474390149117
  view-data: 3.240908693522215
