times:
  edit-metadata: 1.4719119742512703
  landing: 0.8235234692692757
  view-data: 3.5129487589001656
