times:
  edit-metadata: 1.493769846856594
  landing: 0.8237158209085464
  view-data: 3.2685815393924713
