times:
  edit-metadata: 1.4478071480989456
  landing: 0.9652619063854218
  view-data: 3.398755691945553
