times:
  edit-metadata: 1.4044181071221828
  landing: 0.8974900767207146
  view-data: 3.32898336276412
