times:
  edit-metadata: 1.506040744483471
  landing: 0.8197288811206818
  view-data: 3.502331964671612
