times:
  edit-metadata: 1.433902196586132
  landing: 0.8747026026248932
  view-data: 3.3443453535437584
