times:
  edit-metadata: 1.3805942609906197
  landing: 0.9418405517935753
  view-data: 3.330045461654663
