times:
  edit-metadata: 1.4680908098816872
  landing: 0.8331845551729202
  view-data: 3.297916926443577
