times:
  edit-metadata: 2.2405483573675156
  landing: 1.3076103776693344
  view-data: 3.6652202159166336
