times:
  edit-metadata: 1.5108498856425285
  landing: 0.8152605034410954
  view-data: 3.263846669346094
