times:
  edit-metadata: 1.6148012280464172
  landing: 1.0574721321463585
  view-data: 3.5989071875810623
