times:
  edit-metadata: 1.3654611706733704
  landing: 0.8080640509724617
  view-data: 3.3206957206130028
