times:
  edit-metadata: 1.3815417513251305
  landing: 0.7645996436476707
  view-data: 3.4982593432068825
