times:
  edit-metadata: 1.3943171314895153
  landing: 0.8305083066225052
  view-data: 3.3347638621926308
