times:
  edit-metadata: 1.4272765070199966
  landing: 0.8890584334731102
  view-data: 3.3108899369835854
