times:
  edit-metadata: 1.4372897669672966
  landing: 0.7710829228162766
  view-data: 3.4615215361118317
