times:
  edit-metadata: 1.4692328870296478
  landing: 0.7806564271450043
  view-data: 3.4969135224819183
