times:
  edit-metadata: 1.4816244468092918
  landing: 0.8749631941318512
  view-data: 3.4892687126994133
