times:
  edit-metadata: 1.3646240159869194
  landing: 0.7900325283408165
  view-data: 3.483642429113388
