times:
  edit-metadata: 1.5139407217502594
  landing: 0.927012987434864
  view-data: 3.32274529337883
