times:
  edit-metadata: 1.4147567562758923
  landing: 0.8772352896630764
  view-data: 3.4120532870292664
