times:
  edit-metadata: 1.4917229227721691
  landing: 0.8760405741631985
  view-data: 3.26450876891613
