times:
  edit-metadata: 1.4090521037578583
  landing: 0.8969262316823006
  view-data: 3.4841002076864243
