times:
  edit-metadata: 1.3878274708986282
  landing: 0.8144817836582661
  view-data: 3.2923542484641075
