times:
  edit-metadata: 1.3551962971687317
  landing: 0.802967980504036
  view-data: 3.319030113518238
