times:
  edit-metadata: 1.4073311984539032
  landing: 0.8455156311392784
  view-data: 3.288463905453682
