times:
  edit-metadata: 1.4210938438773155
  landing: 0.9115759432315826
  view-data: 3.326104626059532
