times:
  edit-metadata: 1.527694869786501
  landing: 0.838171225041151
  view-data: 3.2744643092155457
