times:
  edit-metadata: 1.368848629295826
  landing: 0.7605796009302139
  view-data: 3.298637054860592
