times:
  edit-metadata: 1.702299751341343
  landing: 1.0120238289237022
  view-data: 3.6161572709679604
