times:
  edit-metadata: 1.4947625398635864
  landing: 0.8339296653866768
  view-data: 3.4427951723337173
