times:
  edit-metadata: 1.404580231755972
  landing: 0.8871406391263008
  view-data: 3.346178025007248
