times:
  edit-metadata: 1.478505700826645
  landing: 0.8421190679073334
  view-data: 3.5195870846509933
