times:
  edit-metadata: 1.4544048495590687
  landing: 0.8620962873101234
  view-data: 3.301866501569748
