times:
  edit-metadata: 1.476145513355732
  landing: 0.855045847594738
  view-data: 3.4944449439644814
