times:
  edit-metadata: 1.4201662205159664
  landing: 0.8579366989433765
  view-data: 3.391238398849964
