times:
  edit-metadata: 1.4535592645406723
  landing: 0.8132414631545544
  view-data: 3.293822329491377
