times:
  edit-metadata: 1.3326259702444077
  landing: 0.8204493150115013
  view-data: 3.3691568933427334
