times:
  edit-metadata: 1.378236785531044
  landing: 0.8493050783872604
  view-data: 3.264534093439579
