times:
  edit-metadata: 1.4641354121267796
  landing: 0.8195424452424049
  view-data: 3.2927488908171654
