times:
  edit-metadata: 1.7646467201411724
  landing: 1.0792503505945206
  view-data: 3.4173049107193947
