times:
  edit-metadata: 1.5038276575505733
  landing: 0.8159733228385448
  view-data: 3.258750829845667
