times:
  edit-metadata: 1.444899044930935
  landing: 0.7442705929279327
  view-data: 3.4266324788331985
