times:
  edit-metadata: 1.560561679303646
  landing: 0.8852078206837177
  view-data: 3.321859497576952
