times:
  edit-metadata: 1.483470804989338
  landing: 0.7953268513083458
  view-data: 3.400715097784996
