times:
  edit-metadata: 1.743663303554058
  landing: 0.9202674925327301
  view-data: 3.652161829173565
