times:
  edit-metadata: 1.3407741859555244
  landing: 0.7707436755299568
  view-data: 3.4814273566007614
