times:
  edit-metadata: 1.4657223969697952
  landing: 0.7865788638591766
  view-data: 3.4060467034578323
