times:
  edit-metadata: 1.3927396945655346
  landing: 0.7951194308698177
  view-data: 3.300979346036911
