times:
  edit-metadata: 1.5332091227173805
  landing: 0.9774285480380058
  view-data: 3.343256425112486
