times:
  edit-metadata: 1.4584615975618362
  landing: 0.804237075150013
  view-data: 3.4719575569033623
