times:
  edit-metadata: 1.53361214697361
  landing: 1.0445173606276512
  view-data: 3.5768117532134056
