times:
  edit-metadata: 1.4619404897093773
  landing: 0.8442814499139786
  view-data: 3.418137475848198
