times:
  edit-metadata: 1.4566160961985588
  landing: 0.7508472204208374
  view-data: 3.4354526475071907
