times:
  edit-metadata: 1.4267125353217125
  landing: 0.9098816588521004
  view-data: 3.34168554097414
