times:
  edit-metadata: 1.4298800975084305
  landing: 0.7707232236862183
  view-data: 3.3276768028736115
