times:
  edit-metadata: 1.4777051359415054
  landing: 1.0284560769796371
  view-data: 3.379493586719036
