times:
  edit-metadata: 1.3934879042208195
  landing: 0.7389159239828587
  view-data: 3.3097916059195995
