times:
  edit-metadata: 2.4503419399261475
  landing: 1.4759536981582642
  view-data: 3.6306057274341583
