times:
  edit-metadata: 1.4813580922782421
  landing: 0.8904811106622219
  view-data: 3.415997698903084
