times:
  edit-metadata: 1.425577387213707
  landing: 0.7150981947779655
  view-data: 3.453053764998913
