times:
  edit-metadata: 1.3544859662652016
  landing: 0.8512352555990219
  view-data: 3.4285677149891853
