times:
  edit-metadata: 1.407229244709015
  landing: 0.7808110043406487
  view-data: 3.3859028443694115
