times:
  edit-metadata: 1.3651162944734097
  landing: 0.8253597877919674
  view-data: 3.304671786725521
