times:
  edit-metadata: 1.3538419753313065
  landing: 0.8412595167756081
  view-data: 3.331754218786955
