times:
  edit-metadata: 1.350228525698185
  landing: 0.8131364956498146
  view-data: 3.5050822272896767
