times:
  edit-metadata: 1.6847082674503326
  landing: 1.1207582578063011
  view-data: 3.527381330728531
