times:
  edit-metadata: 1.402811124920845
  landing: 0.7628419399261475
  view-data: 3.5151935145258904
