times:
  edit-metadata: 2.069582685828209
  landing: 1.2280397787690163
  view-data: 3.85619193315506
