times:
  edit-metadata: 1.4518732726573944
  landing: 0.7846202179789543
  view-data: 3.345686085522175
