times:
  edit-metadata: 1.466193538159132
  landing: 0.8648218736052513
  view-data: 3.2979245111346245
