times:
  edit-metadata: 1.4718963019549847
  landing: 0.8056296519935131
  view-data: 3.402689579874277
