times:
  edit-metadata: 1.5587147772312164
  landing: 0.9376835376024246
  view-data: 3.334914892911911
