times:
  edit-metadata: 1.5209419578313828
  landing: 0.7954003214836121
  view-data: 3.4779922738671303
