times:
  edit-metadata: 1.437442909926176
  landing: 0.8243910297751427
  view-data: 3.33689122274518
