times:
  edit-metadata: 1.377739928662777
  landing: 0.7748449333012104
  view-data: 3.372899889945984
