times:
  edit-metadata: 1.5504053756594658
  landing: 0.9537693485617638
  view-data: 3.468079626560211
