times:
  edit-metadata: 1.4851952716708183
  landing: 0.8256489261984825
  view-data: 3.329406600445509
