times:
  edit-metadata: 1.509984578937292
  landing: 0.9257978312671185
  view-data: 3.283609066158533
