times:
  edit-metadata: 1.4466614201664925
  landing: 0.8688124865293503
  view-data: 3.3499563336372375
