times:
  edit-metadata: 2.102793227881193
  landing: 1.6350669264793396
  view-data: 3.551116421818733
