times:
  edit-metadata: 1.4232473522424698
  landing: 0.8081410080194473
  view-data: 3.4236776158213615
