times:
  edit-metadata: 1.5476709306240082
  landing: 0.8673696964979172
  view-data: 3.314064711332321
