times:
  edit-metadata: 1.4771811813116074
  landing: 0.802974708378315
  view-data: 3.2994110472500324
