times:
  edit-metadata: 1.4141738303005695
  landing: 0.8180267475545406
  view-data: 3.3050925359129906
