times:
  edit-metadata: 1.649434570223093
  landing: 0.9811822101473808
  view-data: 3.313513860106468
