times:
  edit-metadata: 1.4496909454464912
  landing: 0.8173070251941681
  view-data: 3.4791982173919678
