times:
  edit-metadata: 1.4547165744006634
  landing: 0.8271847292780876
  view-data: 3.2908659987151623
