times:
  edit-metadata: 1.4201648831367493
  landing: 0.8205973878502846
  view-data: 3.352199971675873
