times:
  edit-metadata: 1.430844146758318
  landing: 0.7976228073239326
  view-data: 3.445290680974722
