times:
  edit-metadata: 1.4077230170369148
  landing: 0.8152385279536247
  view-data: 3.5243861600756645
