times:
  edit-metadata: 1.4516120627522469
  landing: 0.8082088604569435
  view-data: 3.42158255726099
