times:
  edit-metadata: 1.5205230377614498
  landing: 0.856245867908001
  view-data: 3.359745267778635
