times:
  edit-metadata: 1.632794164121151
  landing: 1.0392191410064697
  view-data: 3.433753862977028
