times:
  edit-metadata: 1.3909831158816814
  landing: 0.9738468825817108
  view-data: 3.253810629248619
