times:
  edit-metadata: 1.5236141681671143
  landing: 0.7442722395062447
  view-data: 3.4857650473713875
