times:
  edit-metadata: 1.4723071530461311
  landing: 0.8114396408200264
  view-data: 3.4523163437843323
