times:
  edit-metadata: 1.5121027752757072
  landing: 0.7493952363729477
  view-data: 3.535019502043724
