times:
  edit-metadata: 1.3379755467176437
  landing: 0.8184012956917286
  view-data: 3.2942262142896652
