times:
  edit-metadata: 1.5049091391265392
  landing: 1.1210438832640648
  view-data: 3.387104369699955
