times:
  edit-metadata: 1.3638367727398872
  landing: 0.8051024004817009
  view-data: 3.4402813762426376
