times:
  edit-metadata: 1.4545577317476273
  landing: 0.9664482921361923
  view-data: 3.425634540617466
