times:
  edit-metadata: 2.20099163800478
  landing: 1.31047323346138
  view-data: 3.5749722607433796
