times:
  edit-metadata: 1.5139337256550789
  landing: 0.8354918137192726
  view-data: 3.502928853034973
