times:
  edit-metadata: 1.3971142023801804
  landing: 0.8349360376596451
  view-data: 3.42042026668787
