times:
  edit-metadata: 1.4424367770552635
  landing: 0.7821776233613491
  view-data: 3.318684872239828
