times:
  edit-metadata: 1.4938031360507011
  landing: 0.7902633547782898
  view-data: 3.5066240206360817
