times:
  edit-metadata: 1.1187239959836006
  landing: 0.8799564689397812
  view-data: 3.4249772056937218
