times:
  edit-metadata: 1.4959872364997864
  landing: 0.7495687827467918
  view-data: 3.4334947168827057
