times:
  edit-metadata: 1.4234138205647469
  landing: 0.8293490931391716
  view-data: 3.664789006114006
