times:
  edit-metadata: 1.4701179452240467
  landing: 0.9368875920772552
  view-data: 3.32055102661252
