times:
  edit-metadata: 1.456679418683052
  landing: 0.9771364703774452
  view-data: 3.334814853966236
