times:
  edit-metadata: 1.5364822372794151
  landing: 0.9232201799750328
  view-data: 3.285988911986351
