times:
  edit-metadata: 2.8107566237449646
  landing: 1.9239337146282196
  view-data: 4.0012320801615715
