times:
  edit-metadata: 1.508083265274763
  landing: 0.7576222307980061
  view-data: 3.268430821597576
