times:
  edit-metadata: 1.3821187317371368
  landing: 0.7886970490217209
  view-data: 3.283624030649662
