times:
  edit-metadata: 1.4531979709863663
  landing: 0.7705560252070427
  view-data: 3.4388451874256134
