times:
  edit-metadata: 1.5483978688716888
  landing: 0.865944504737854
  view-data: 3.304739683866501
