times:
  edit-metadata: 1.5186036005616188
  landing: 0.9198708087205887
  view-data: 3.2986700385808945
