times:
  edit-metadata: 1.3834274113178253
  landing: 0.8228620737791061
  view-data: 3.4483781829476357
