times:
  edit-metadata: 1.4210600554943085
  landing: 0.8155408464372158
  view-data: 3.3993511237204075
