times:
  edit-metadata: 1.3928974345326424
  landing: 0.7520669624209404
  view-data: 3.4266346991062164
