times:
  edit-metadata: 1.439497172832489
  landing: 0.903778463602066
  view-data: 3.3489264249801636
