times:
  edit-metadata: 1.3892664387822151
  landing: 0.8490821942687035
  view-data: 3.4884319454431534
