times:
  edit-metadata: 1.7636842839419842
  landing: 1.1330665685236454
  view-data: 3.384309694170952
