times:
  edit-metadata: 1.4335966408252716
  landing: 0.8599095046520233
  view-data: 3.3345647677779198
