times:
  edit-metadata: 1.4686074182391167
  landing: 0.819176658987999
  view-data: 3.328653931617737
