times:
  edit-metadata: 1.4854176715016365
  landing: 0.8360542580485344
  view-data: 3.4435132518410683
