times:
  edit-metadata: 1.5296225100755692
  landing: 0.9427721947431564
  view-data: 3.3813039883971214
