times:
  edit-metadata: 1.3739071860909462
  landing: 0.790960282087326
  view-data: 3.5600949451327324
