times:
  edit-metadata: 1.5843023136258125
  landing: 1.0761319547891617
  view-data: 3.644658535718918
