times:
  edit-metadata: 1.5582461655139923
  landing: 0.8741087317466736
  view-data: 3.3504237234592438
