times:
  edit-metadata: 1.380774401128292
  landing: 0.7560883089900017
  view-data: 3.428847089409828
