times:
  edit-metadata: 1.44396311044693
  landing: 0.8733352348208427
  view-data: 3.3204489946365356
