times:
  edit-metadata: 1.325670950114727
  landing: 0.7947221025824547
  view-data: 3.3736782893538475
