times:
  edit-metadata: 1.4197347834706306
  landing: 0.7660638280212879
  view-data: 3.341063942760229
