times:
  edit-metadata: 1.467589557170868
  landing: 0.8316494487226009
  view-data: 3.2813435308635235
