times:
  edit-metadata: 1.4208428487181664
  landing: 0.8740503117442131
  view-data: 3.4959765151143074
