times:
  edit-metadata: 1.4570419862866402
  landing: 0.8386628404259682
  view-data: 3.4825742170214653
