times:
  edit-metadata: 1.4096438139677048
  landing: 0.8716069608926773
  view-data: 3.298662558197975
