times:
  edit-metadata: 1.354583315551281
  landing: 0.7845009937882423
  view-data: 3.4685271084308624
