times:
  edit-metadata: 1.5316665694117546
  landing: 0.8320994302630424
  view-data: 3.563779942691326
