times:
  edit-metadata: 1.3362337201833725
  landing: 0.8289312906563282
  view-data: 3.3780012652277946
