times:
  edit-metadata: 1.6389617621898651
  landing: 1.0600697882473469
  view-data: 3.277590572834015
