times:
  edit-metadata: 1.3860074430704117
  landing: 0.7996693626046181
  view-data: 3.4916690289974213
