times:
  edit-metadata: 1.1155573055148125
  landing: 0.832098126411438
  view-data: 3.468285970389843
