times:
  edit-metadata: 1.4627273380756378
  landing: 0.7557353004813194
  view-data: 3.4822023287415504
