times:
  edit-metadata: 1.3727225363254547
  landing: 0.8007378801703453
  view-data: 3.4098595529794693
