times:
  edit-metadata: 1.3795482739806175
  landing: 0.7787590846419334
  view-data: 3.491043098270893
