times:
  edit-metadata: 1.5092719346284866
  landing: 0.7404490932822227
  view-data: 3.4575167521834373
