times:
  edit-metadata: 1.570197120308876
  landing: 1.033336203545332
  view-data: 3.3299273923039436
