times:
  edit-metadata: 1.4438770115375519
  landing: 0.7798183560371399
  view-data: 3.2979525923728943
