times:
  edit-metadata: 1.4366444274783134
  landing: 0.7941394671797752
  view-data: 3.474134586751461
