times:
  edit-metadata: 1.4605130776762962
  landing: 0.8368458636105061
  view-data: 3.352532174438238
