times:
  edit-metadata: 1.4697616510093212
  landing: 0.8433492071926594
  view-data: 3.2943881303071976
