times:
  edit-metadata: 1.5790196433663368
  landing: 1.0415087342262268
  view-data: 3.499482862651348
