times:
  edit-metadata: 1.3898590207099915
  landing: 0.8109418824315071
  view-data: 3.298862624913454
