times:
  edit-metadata: 1.3573855902068317
  landing: 0.7710288800299168
  view-data: 3.405169731937349
