times:
  edit-metadata: 1.3620736002922058
  landing: 0.7784807905554771
  view-data: 3.2984511367976665
