times:
  edit-metadata: 0.5443127122707665
  landing: 0.07443522196263075
  view-data: 0.21517183911055326
