times:
  edit-metadata: 0.5173865840770304
  landing: 0.06442292593419552
  view-data: 0.19990688795223832
