times:
  edit-metadata: 1.522634357213974
  landing: 0.8641807921230793
  view-data: 3.3849168941378593
