times:
  edit-metadata: 1.3559500016272068
  landing: 0.6943056806921959
  view-data: 3.3565547801554203
