times:
  edit-metadata: 0.5061453589878511
  landing: 0.11564059401280247
  view-data: 0.22325992499827407
