times:
  edit-metadata: 1.4961233846843243
  landing: 0.9623689278960228
  view-data: 3.4487828724086285
