times:
  edit-metadata: 0.5502039479906671
  landing: 0.08638226898619905
  view-data: 0.21038611698895693
