times:
  edit-metadata: 1.5145626235753298
  landing: 0.8326129857450724
  view-data: 3.411116186529398
