times:
  edit-metadata: 0.4659200790338218
  landing: 0.07059616199694574
  view-data: 0.22040927701164037
