times:
  edit-metadata: 1.561190139502287
  landing: 0.7747474778443575
  view-data: 3.433454215526581
