times:
  edit-metadata: 1.6655176868662238
  landing: 0.8819553004577756
  view-data: 3.3581893062219024
