times:
  edit-metadata: 1.4674087353050709
  landing: 0.8727376572787762
  view-data: 3.342769406735897
