times:
  edit-metadata: 1.3254450261592865
  landing: 0.6601658463478088
  view-data: 3.316571805626154
