times:
  edit-metadata: 1.4391654208302498
  landing: 0.8072309531271458
  view-data: 3.4058125279843807
