times:
  edit-metadata: 0.5198970589553937
  landing: 0.0584288869285956
  view-data: 0.2185476110316813
