times:
  edit-metadata: 0.481817887048237
  landing: 0.05322367500048131
  view-data: 0.2106483590323478
