times:
  edit-metadata: 1.4072175747714937
  landing: 0.7749882559292018
  view-data: 3.36647055670619
