times:
  edit-metadata: 1.5142932189628482
  landing: 0.8061176370829344
  view-data: 3.3319200491532683
