times:
  edit-metadata: 1.356125459074974
  landing: 0.8488080315291882
  view-data: 3.3108836859464645
