times:
  edit-metadata: 1.391204345971346
  landing: 0.8576032891869545
  view-data: 3.361894827336073
