times:
  edit-metadata: 1.4040635861456394
  landing: 0.7723602680489421
  view-data: 3.345930616836995
