times:
  edit-metadata: 1.4678585194051266
  landing: 0.7630060138180852
  view-data: 3.3282903525978327
