times:
  edit-metadata: 1.5004695896059275
  landing: 0.7474696394056082
  view-data: 3.4039190132170916
