times:
  edit-metadata: 0.4551969380117953
  landing: 0.04961265006568283
  view-data: 0.3329926240257919
