times:
  edit-metadata: 1.562135643325746
  landing: 0.8094302769750357
  view-data: 3.4748047878965735
