times:
  edit-metadata: 1.34889718395425
  landing: 0.0256681939936243
  view-data: 0.02995105501031503
