times:
  edit-metadata: 0.8270854442380369
  landing: 0.05955146299675107
  view-data: 0.2201218530535698
