times:
  edit-metadata: 1.5863913986831903
  landing: 0.8010294027626514
  view-data: 3.4694028198719025
