times:
  edit-metadata: 0.4560932631138712
  landing: 0.06259221793152392
  view-data: 0.23003299802076072
