times:
  edit-metadata: 1.4519413540838286
  landing: 0.6979138180613518
  view-data: 3.27667074999772
