times:
  edit-metadata: 1.3734217025339603
  landing: 0.7905860356986523
  view-data: 3.372003998607397
