times:
  edit-metadata: 1.6217573992908
  landing: 1.0171556994318962
  view-data: 3.4638566970825195
