times:
  edit-metadata: 1.7226155623793602
  landing: 1.1265952587127686
  view-data: 3.4052661806344986
