times:
  edit-metadata: 0.47176090511493385
  landing: 0.06850530696101487
  view-data: 0.20844679698348045
