times:
  edit-metadata: 1.509513471275568
  landing: 0.7923557981848717
  view-data: 3.444212479516864
