times:
  edit-metadata: 1.500329777598381
  landing: 0.7219633609056473
  view-data: 3.3739258013665676
