times:
  edit-metadata: 0.787102228961885
  landing: 0.06773576512932777
  view-data: 0.300135119818151
