times:
  edit-metadata: 0.4793309848755598
  landing: 0.07315661897882819
  view-data: 0.21135311387479305
