times:
  edit-metadata: 0.45302579004783183
  landing: 0.060409732977859676
  view-data: 0.22373037203215063
