times:
  edit-metadata: 1.327599173411727
  landing: 0.7271204423159361
  view-data: 3.337118696421385
