times:
  edit-metadata: 1.637757996097207
  landing: 1.0259913671761751
  view-data: 3.457587907090783
