times:
  edit-metadata: 1.3176119374111295
  landing: 0.7095775725319982
  view-data: 3.2825755644589663
