times:
  edit-metadata: 0.45291662588715553
  landing: 0.06706450902856886
  view-data: 0.3399834609590471
