times:
  edit-metadata: 2.2127897553145885
  landing: 1.2140135318040848
  view-data: 3.7472314704209566
