times:
  edit-metadata: 0.919788404999963
  landing: 0.13328774300043733
  view-data: 0.26723831500021333
