times:
  edit-metadata: 1.4727637879550457
  landing: 0.8246448952704668
  view-data: 3.3845447320491076
