times:
  edit-metadata: 0.44363100407645106
  landing: 0.0720707681030035
  view-data: 0.20738427713513374
