times:
  edit-metadata: 0.4547760202549398
  landing: 0.06648132624104619
  view-data: 0.21095630899071693
