times:
  edit-metadata: 1.6330395191907883
  landing: 6.542718790471554
  view-data: 3.3213698379695415
