times:
  edit-metadata: 1.495201263576746
  landing: 0.7446267642080784
  view-data: 3.3627309761941433
