times:
  edit-metadata: 1.506427506916225
  landing: 0.8122367206960917
  view-data: 3.3501567589119077
