times:
  edit-metadata: 0.515849594026804
  landing: 0.05276934406720102
  view-data: 0.2203957070596516
