times:
  edit-metadata: 1.4661008156836033
  landing: 0.6734922993928194
  view-data: 3.336612496525049
