times:
  edit-metadata: 1.4563785251230001
  landing: 0.8009978458285332
  view-data: 3.3365648426115513
