times:
  edit-metadata: 1.4193397741764784
  landing: 0.6971118096262217
  view-data: 3.3881287164986134
