times:
  edit-metadata: 0.5702511738054454
  landing: 0.11088688625022769
  view-data: 0.21628006687387824
