times:
  edit-metadata: 1.5458253044635057
  landing: 1.0918294694274664
  view-data: 3.376456620171666
