times:
  edit-metadata: 0.4619752448052168
  landing: 0.06142356409691274
  view-data: 0.21257314505055547
