times:
  edit-metadata: 1.5592137649655342
  landing: 0.8379234969615936
  view-data: 3.4746611155569553
