times:
  edit-metadata: 1.4942179210484028
  landing: 0.9224259331822395
  view-data: 3.4782229643315077
