times:
  edit-metadata: 1.3112002660054713
  landing: 0.7324011400341988
  view-data: 3.359675051877275
