times:
  edit-metadata: 1.5754639767110348
  landing: 0.9102122969925404
  view-data: 3.338667757809162
