times:
  edit-metadata: 1.4385132007300854
  landing: 0.7376486007124186
  view-data: 3.3985613584518433
