times:
  edit-metadata: 0.5477108740014955
  landing: 0.13055741300922818
  view-data: 0.23539611298474483
