times:
  edit-metadata: 1.6608075015246868
  landing: 1.203858233988285
  view-data: 3.351338531821966
