times:
  edit-metadata: 1.3383409306406975
  landing: 0.8984176218509674
  view-data: 3.382089663296938
