times:
  edit-metadata: 1.4996117698028684
  landing: 0.8229510057717562
  view-data: 3.3995199594646692
