times:
  edit-metadata: 1.493349876254797
  landing: 0.7816629558801651
  view-data: 3.3885988481342793
