times:
  edit-metadata: 1.5812205746769905
  landing: 0.7679437715560198
  view-data: 3.382012339308858
