times:
  edit-metadata: 0.4953354699537158
  landing: 0.0547839580103755
  view-data: 0.2168105731252581
