times:
  edit-metadata: 1.7026453195139766
  landing: 1.1216928604990244
  view-data: 0.736015941016376
