times:
  edit-metadata: 0.45834283204749227
  landing: 0.06996443402022123
  view-data: 0.20594268781132996
