times:
  edit-metadata: 0.46782158594578505
  landing: 0.04629012895748019
  view-data: 0.21260212699417025
