times:
  edit-metadata: 0.5301803990150802
  landing: 0.07418611296452582
  view-data: 0.22246310696937144
