times:
  edit-metadata: 1.8306173272430897
  landing: 0.27449058927595615
  view-data: 0.3894225787371397
