times:
  edit-metadata: 1.4814330842345953
  landing: 0.7436398863792419
  view-data: 3.4045017417520285
