times:
  edit-metadata: 1.8692231579916552
  landing: 0.8872906561009586
  view-data: 3.31446267105639
