times:
  edit-metadata: 2.465753812342882
  landing: 1.5733377635478973
  view-data: 3.7000056877732277
