times:
  edit-metadata: 1.4444736875593662
  landing: 0.7225600853562355
  view-data: 0.5738825872540474
