times:
  edit-metadata: 1.4968544878065586
  landing: 0.8042608462274075
  view-data: 3.447872333228588
