times:
  edit-metadata: 1.3965905671939254
  landing: 0.9326398530974984
  view-data: 3.359857862815261
