times:
  edit-metadata: 1.2526540330145508
  landing: 0.6818355598952621
  view-data: 3.30139359110035
