times:
  edit-metadata: 1.5387840459588915
  landing: 0.8900538840098307
  view-data: 3.311109717004001
