times:
  edit-metadata: 2.2081626132130623
  landing: 1.1965720504522324
  view-data: 3.380852025002241
