times:
  edit-metadata: 1.3677287586033344
  landing: 0.9232315234839916
  view-data: 3.3364453986287117
