times:
  edit-metadata: 0.4445651520509273
  landing: 0.057552311103791
  view-data: 0.2140534759964794
