times:
  edit-metadata: 1.4296224489808083
  landing: 0.6603086814284325
  view-data: 3.308135472238064
