times:
  edit-metadata: 0.4665695989970118
  landing: 0.06585850205738097
  view-data: 0.2166613700101152
