times:
  edit-metadata: 0.5186856910586357
  landing: 0.06369213527068496
  view-data: 0.20919491164386272
