times:
  edit-metadata: 1.4782833382487297
  landing: 0.9516926556825638
  view-data: 3.3390134312212467
