times:
  edit-metadata: 0.5039938781410456
  landing: 0.053804122377187014
  view-data: 0.3518271348439157
