times:
  edit-metadata: 0.4564726440003142
  landing: 0.07514473400078714
  view-data: 0.2093774420209229
