times:
  edit-metadata: 1.504311639815569
  landing: 0.9046056941151619
  view-data: 3.4240585304796696
