times:
  edit-metadata: 1.6241312325000763
  landing: 1.222047172486782
  view-data: 3.3726015239953995
