times:
  edit-metadata: 1.4950535758398473
  landing: 0.7742211897857487
  view-data: 3.35189342033118
