times:
  edit-metadata: 1.566681731492281
  landing: 0.898412499576807
  view-data: 3.444629702717066
