times:
  edit-metadata: 0.4649575559888035
  landing: 0.05017659498844296
  view-data: 0.20242146801319905
