times:
  edit-metadata: 0.56346177123487
  landing: 0.06819580402225256
  view-data: 0.33758304500952363
