times:
  edit-metadata: 0.46102072100620717
  landing: 0.0701262520160526
  view-data: 0.2029988799476996
