times:
  edit-metadata: 1.4898064527660608
  landing: 0.7867686506360769
  view-data: 3.486974012106657
