times:
  edit-metadata: 1.7437446489930153
  landing: 0.6848581451922655
  view-data: 3.3005956448614597
