times:
  edit-metadata: 1.5696434006094933
  landing: 0.8752015456557274
  view-data: 3.364440619945526
