times:
  edit-metadata: 0.47024919581599534
  landing: 0.046841389033943415
  view-data: 0.2070139090064913
