times:
  edit-metadata: 0.49211311084218323
  landing: 0.05829243711195886
  view-data: 0.21554155414924026
