times:
  edit-metadata: 0.46205124794505537
  landing: 0.07015012996271253
  view-data: 0.2118135690689087
