times:
  edit-metadata: 1.4430827130563557
  landing: 0.8161925370804965
  view-data: 3.3927276507019997
