times:
  edit-metadata: 1.4502239432185888
  landing: 0.812290096655488
  view-data: 3.462809966877103
