times:
  edit-metadata: 1.4813554361462593
  landing: 0.6921168379485607
  view-data: 3.3820890840142965
