times:
  edit-metadata: 0.458509559975937
  landing: 0.0716932110954076
  view-data: 0.2059040400199592
