times:
  edit-metadata: 0.4648027999792248
  landing: 0.058205865789204836
  view-data: 0.231536973034963
