times:
  edit-metadata: 1.5094931181520224
  landing: 0.7683039642870426
  view-data: 3.4431500788778067
