times:
  edit-metadata: 0.5265408940031193
  landing: 0.07223130100464914
  view-data: 0.2191419360024156
