times:
  edit-metadata: 1.5298245903104544
  landing: 0.8047621380537748
  view-data: 3.43624141253531
