times:
  edit-metadata: 1.5834313202649355
  landing: 0.8050754107534885
  view-data: 3.4419212639331818
