times:
  edit-metadata: 1.5243459809571505
  landing: 0.8090934157371521
  view-data: 3.421343382447958
