times:
  edit-metadata: 1.4460660920012742
  landing: 0.7139270789921284
  view-data: 3.3043752738740295
