times:
  edit-metadata: 0.5257509700022638
  landing: 0.07969024300109595
  view-data: 0.21684344502864406
