times:
  edit-metadata: 1.487506341189146
  landing: 0.7330662999302149
  view-data: 3.4048137422651052
