times:
  edit-metadata: 1.6165301613509655
  landing: 0.9341279566287994
  view-data: 3.491548977792263
