times:
  edit-metadata: 1.772009840235114
  landing: 1.2121359463781118
  view-data: 3.4431320168077946
