times:
  edit-metadata: 0.5277450860012323
  landing: 0.07531652000034228
  view-data: 0.22718294699734543
