times:
  edit-metadata: 0.5061542839976028
  landing: 0.04823629598831758
  view-data: 0.212248879019171
