times:
  edit-metadata: 1.4191941656172276
  landing: 0.9113458655774593
  view-data: 3.323794763535261
