times:
  edit-metadata: 1.6138846725225449
  landing: 1.2196778673678637
  view-data: 3.3390372777357697
