times:
  edit-metadata: 1.5125333201140165
  landing: 0.733117651194334
  view-data: 3.385929437354207
