times:
  edit-metadata: 0.4579150800127536
  landing: 0.06000541406683624
  view-data: 0.22154663898982108
