times:
  edit-metadata: 1.4814803674817085
  landing: 1.054296012967825
  view-data: 3.3602880500257015
