times:
  edit-metadata: 1.4699377045035362
  landing: 0.8198913782835007
  view-data: 3.4278800692409277
