times:
  edit-metadata: 1.4573099799454212
  landing: 0.7124497853219509
  view-data: 3.3337730653584003
