times:
  edit-metadata: 0.46215516491793096
  landing: 0.05989821907132864
  view-data: 0.22579601197503507
