times:
  edit-metadata: 1.490169059485197
  landing: 0.8692772127687931
  view-data: 3.412008199840784
