times:
  edit-metadata: 0.48544624604983255
  landing: 0.052076936000958085
  view-data: 0.21212663897313178
