times:
  edit-metadata: 1.7703039962798357
  landing: 1.299978705123067
  view-data: 3.3515608478337526
