times:
  edit-metadata: 1.5099800992757082
  landing: 0.8445000723004341
  view-data: 3.435046223923564
