times:
  edit-metadata: 1.7063227631151676
  landing: 1.0732915364205837
  view-data: 3.3689815774559975
