times:
  edit-metadata: 1.700142337998841
  landing: 0.3055291019845754
  view-data: 0.23311536497203633
