times:
  edit-metadata: 1.6399510456249118
  landing: 0.9665226526558399
  view-data: 3.4884552964940667
