times:
  edit-metadata: 0.6704203942790627
  landing: 0.06637723511084914
  view-data: 0.335997695568949
