times:
  edit-metadata: 0.46324407400970813
  landing: 0.06965084599505644
  view-data: 0.20947675900242757
