times:
  edit-metadata: 1.3986996873281896
  landing: 0.8217465956695378
  view-data: 3.36196163110435
