times:
  edit-metadata: 0.5301648840249982
  landing: 0.07086104500922374
  view-data: 0.22871813300298527
