times:
  edit-metadata: 1.4274989115074277
  landing: 0.775689315982163
  view-data: 3.3496085666120052
