times:
  edit-metadata: 0.4981840919936076
  landing: 0.046515958965756
  view-data: 0.22093049401883036
