times:
  edit-metadata: 1.5074050799012184
  landing: 0.9165692031383514
  view-data: 3.3772436939179897
