times:
  edit-metadata: 1.5533021185547113
  landing: 0.7405834477394819
  view-data: 3.3917379826307297
