times:
  edit-metadata: 1.449444055557251
  landing: 0.8885473906993866
  view-data: 3.34037708863616
