times:
  edit-metadata: 0.4593771258369088
  landing: 0.06556355115026236
  view-data: 0.22124251816421747
