times:
  edit-metadata: 0.5295903909718618
  landing: 0.07227547105867416
  view-data: 0.23291909706313163
