times:
  edit-metadata: 0.5407398520037532
  landing: 0.07234419696033001
  view-data: 0.22611476434394717
