times:
  edit-metadata: 0.598560496000573
  landing: 0.05984508799156174
  view-data: 0.24729234300320968
