times:
  edit-metadata: 1.4208558686077595
  landing: 0.8688489198684692
  view-data: 3.4346859604120255
