times:
  edit-metadata: 1.3539735712110996
  landing: 0.8308269307017326
  view-data: 3.3110257275402546
