times:
  edit-metadata: 0.7622289187274873
  landing: 0.05807165615260601
  view-data: 0.31090178387239575
