times:
  edit-metadata: 1.5079565420746803
  landing: 0.6916305776685476
  view-data: 3.3899546153843403
