times:
  edit-metadata: 1.4910111501812935
  landing: 0.7558013238012791
  view-data: 3.3996003847569227
