times:
  edit-metadata: 0.5288768300088122
  landing: 0.07301604701206088
  view-data: 0.22331882698927075
