times:
  edit-metadata: 0.5314953783527017
  landing: 0.045459143817424774
  view-data: 0.21766553865745664
