times:
  edit-metadata: 1.3994231931865215
  landing: 0.7367461724206805
  view-data: 3.3558259755373
