times:
  edit-metadata: 2.2078687362372875
  landing: 1.8787254262715578
  view-data: 3.674469742923975
