times:
  edit-metadata: 2.4210686944425106
  landing: 1.7483378127217293
  view-data: 3.570316180586815
