times:
  edit-metadata: 2.078126044012606
  landing: 1.0567681048996747
  view-data: 3.356477483175695
