times:
  edit-metadata: 1.462725549004972
  landing: 0.8354563978500664
  view-data: 3.373385922051966
