times:
  edit-metadata: 1.5564922876656055
  landing: 1.132714331150055
  view-data: 3.4838962852954865
