times:
  edit-metadata: 1.3611855451017618
  landing: 0.8137583201751113
  view-data: 3.6225458197295666
