times:
  edit-metadata: 0.8385553257539868
  landing: 0.10172344604507089
  view-data: 0.21503328066319227
