times:
  edit-metadata: 0.559231370978523
  landing: 0.04332347499439493
  view-data: 0.21562986500794068
