times:
  edit-metadata: 1.6003514006733894
  landing: 0.2193724364042282
  view-data: 0.032157354056835175
