times:
  edit-metadata: 0.6350630451925099
  landing: 0.06667972169816494
  view-data: 0.20741939079016447
