times:
  edit-metadata: 1.4418159127235413
  landing: 0.7655213889665902
  view-data: 3.3511300468817353
