times:
  edit-metadata: 1.4686174634844065
  landing: 0.712919145822525
  view-data: 3.415663765743375
