times:
  edit-metadata: 1.5160963609814644
  landing: 0.839146813377738
  view-data: 3.3541216533631086
