times:
  edit-metadata: 2.5866112718358636
  landing: 1.6572446711361408
  view-data: 3.6852960530668497
