times:
  edit-metadata: 0.45715663908049464
  landing: 0.06921703496482223
  view-data: 0.21085213997866958
