times:
  edit-metadata: 0.45308513892814517
  landing: 0.0693247860763222
  view-data: 0.22051201201975346
