times:
  edit-metadata: 2.492920933291316
  landing: 1.3722063414752483
  view-data: 3.6734265722334385
