times:
  edit-metadata: 1.588993487879634
  landing: 0.8365683685988188
  view-data: 3.3389874175190926
