times:
  edit-metadata: 1.575487157329917
  landing: 0.7576572168618441
  view-data: 3.414735594764352
