times:
  edit-metadata: 0.4547551120631397
  landing: 0.06758260494098067
  view-data: 0.21781031088903546
