times:
  edit-metadata: 1.4744799211621284
  landing: 0.7671408019959927
  view-data: 3.322406657040119
