times:
  edit-metadata: 2.2922630198299885
  landing: 0.9741941802203655
  view-data: 3.4408148862421513
