times:
  edit-metadata: 1.5299295894801617
  landing: 0.8754643388092518
  view-data: 3.3598554879426956
