times:
  edit-metadata: 2.045306332409382
  landing: 1.112512524239719
  view-data: 3.4621388474479318
