times:
  edit-metadata: 0.5512392990058288
  landing: 0.05241294496227056
  view-data: 0.22138775698840618
