times:
  edit-metadata: 1.557667639106512
  landing: 0.875352069735527
  view-data: 3.5229158755391836
