times:
  edit-metadata: 0.46619110892061144
  landing: 0.06858660804573447
  view-data: 0.20764445699751377
