times:
  edit-metadata: 0.5209841351024806
  landing: 0.16533838817849755
  view-data: 0.3055405872873962
