times:
  edit-metadata: 1.5312512833625078
  landing: 0.8416348360478878
  view-data: 3.4057730212807655
