times:
  edit-metadata: 1.404793867841363
  landing: 0.8797226585447788
  view-data: 3.4771757163107395
