times:
  edit-metadata: 2.2351576052606106
  landing: 1.3303002566099167
  view-data: 3.4767089914530516
