times:
  edit-metadata: 1.4468996152281761
  landing: 0.7428922392427921
  view-data: 3.3503947257995605
