times:
  edit-metadata: 1.3168413010425866
  landing: 0.8445196282118559
  view-data: 3.3804953740909696
