times:
  edit-metadata: 1.3336110766977072
  landing: 0.6392292138189077
  view-data: 3.3155693281441927
