times:
  edit-metadata: 1.4597458830103278
  landing: 0.7027935679070652
  view-data: 3.383721458958462
