times:
  edit-metadata: 1.5639915149658918
  landing: 0.8111704047769308
  view-data: 3.44736735150218
