times:
  edit-metadata: 1.3418653756380081
  landing: 0.6596588231623173
  view-data: 3.3706301413476467
