times:
  edit-metadata: 1.3964220024645329
  landing: 0.9579466879367828
  view-data: 3.4739955067634583
