times:
  edit-metadata: 1.5130230113863945
  landing: 1.0328853353857994
  view-data: 3.4851037599146366
