times:
  edit-metadata: 1.5322764525189996
  landing: 0.8270674366503954
  view-data: 3.44807702396065
