times:
  edit-metadata: 0.48299709893763065
  landing: 0.048100848915055394
  view-data: 0.21084396890364587
