times:
  edit-metadata: 1.2538882629014552
  landing: 0.8415631230454892
  view-data: 3.28293668711558
