times:
  edit-metadata: 0.522353488006047
  landing: 0.07122768500994425
  view-data: 0.21223769399512094
