times:
  edit-metadata: 2.314813381060958
  landing: 1.4551699627190828
  view-data: 3.6903819385915995
