times:
  edit-metadata: 0.5022133099846542
  landing: 0.049584222957491875
  view-data: 0.21012952784076333
