times:
  edit-metadata: 1.4222694877535105
  landing: 0.779547723941505
  view-data: 3.3762504681944847
