times:
  edit-metadata: 1.4433160159969702
  landing: 0.8894656889606267
  view-data: 3.363383826916106
