times:
  edit-metadata: 0.6337900609942153
  landing: 0.06335989199578762
  view-data: 0.2066236740211025
