times:
  edit-metadata: 1.333640206605196
  landing: 0.6872612312436104
  view-data: 3.2933252416551113
