times:
  edit-metadata: 1.5267672017216682
  landing: 0.8520718142390251
  view-data: 3.3253738917410374
