times:
  edit-metadata: 1.5189271606504917
  landing: 0.6907114367932081
  view-data: 3.3991323243826628
