times:
  edit-metadata: 1.5438721012324095
  landing: 0.848167210817337
  view-data: 3.3612194168381393
