times:
  edit-metadata: 0.5325795600001584
  landing: 0.05871704099990893
  view-data: 0.21757250200062117
