times:
  edit-metadata: 0.6175436987541616
  landing: 0.089263373054564
  view-data: 0.2876899503171444
