times:
  edit-metadata: 1.5321084316819906
  landing: 0.7363327387720346
  view-data: 3.4138948805630207
