times:
  edit-metadata: 1.5415459927171469
  landing: 0.7923143059015274
  view-data: 3.5484982170164585
