times:
  edit-metadata: 1.5178542956709862
  landing: 0.8354640528559685
  view-data: 3.383787304162979
