times:
  edit-metadata: 1.4611128605902195
  landing: 0.8513634912669659
  view-data: 3.3457652553915977
