times:
  edit-metadata: 1.385795135051012
  landing: 0.7090750709176064
  view-data: 3.2277370542287827
