times:
  edit-metadata: 1.5430834703147411
  landing: 0.851923655718565
  view-data: 3.4145008511841297
