times:
  edit-metadata: 0.5295196389779449
  landing: 0.0642359999474138
  view-data: 0.22479125298559666
