times:
  edit-metadata: 1.7659898176789284
  landing: 1.010625597089529
  view-data: 3.4475502986460924
