times:
  edit-metadata: 1.5486257672309875
  landing: 1.005227755755186
  view-data: 3.4000610783696175
