times:
  edit-metadata: 1.437680201139301
  landing: 0.8043844921048731
  view-data: 3.4241565079428256
