times:
  edit-metadata: 1.5267316959798336
  landing: 0.8298310376703739
  view-data: 3.4604460448026657
