times:
  edit-metadata: 0.5555593239841983
  landing: 0.04694331402424723
  view-data: 0.21883345604874194
