times:
  edit-metadata: 1.6311843656003475
  landing: 1.0732430815696716
  view-data: 3.3507353253662586
