times:
  edit-metadata: 1.4139746315777302
  landing: 0.8408762961626053
  view-data: 3.2868125438690186
