times:
  edit-metadata: 0.45452874014154077
  landing: 0.07647377112880349
  view-data: 0.21296514011919498
