times:
  edit-metadata: 1.49640654027462
  landing: 1.3791764788329601
  view-data: 3.30647274851799
