times:
  edit-metadata: 1.5891275107860565
  landing: 0.9260676987469196
  view-data: 3.3384567759931087
