times:
  edit-metadata: 1.393940955400467
  landing: 0.8979198820888996
  view-data: 3.3343718014657497
