times:
  edit-metadata: 1.2699546292424202
  landing: 0.7302245534956455
  view-data: 4.3449956914409995
