times:
  edit-metadata: 1.5119319166988134
  landing: 0.7880575712770224
  view-data: 3.433309780433774
