times:
  edit-metadata: 1.432334503158927
  landing: 5.180490680038929
  view-data: 3.310995906125754
