times:
  edit-metadata: 1.406340042129159
  landing: 0.7383355651982129
  view-data: 3.344713737256825
