times:
  edit-metadata: 1.3670432190410793
  landing: 0.8014803240075707
  view-data: 3.339796049054712
