times:
  edit-metadata: 1.351368885487318
  landing: 0.8921395055949688
  view-data: 3.3219156451523304
