times:
  edit-metadata: 1.5057418663054705
  landing: 0.7632187828421593
  view-data: 3.3915687017142773
