times:
  edit-metadata: 1.5101155024021864
  landing: 1.1130803939886391
  view-data: 3.369592938106507
