times:
  edit-metadata: 1.9182729460299015
  landing: 1.273840144276619
  view-data: 3.4131077378988266
