times:
  edit-metadata: 0.5427136949729174
  landing: 0.16772110399324447
  view-data: 0.22669710597256199
