times:
  edit-metadata: 1.4207600243389606
  landing: 0.8545134626328945
  view-data: 3.3272758089005947
