times:
  edit-metadata: 0.47985475114546716
  landing: 0.04967455705627799
  view-data: 0.2137882299721241
