times:
  edit-metadata: 1.4669070392847061
  landing: 0.9408435449004173
  view-data: 3.362069945782423
