times:
  edit-metadata: 1.6247792467474937
  landing: 1.040145467966795
  view-data: 3.4068957716226578
