times:
  edit-metadata: 1.561560083180666
  landing: 1.025179211050272
  view-data: 3.394499707967043
