times:
  edit-metadata: 1.61924765445292
  landing: 0.8343760259449482
  view-data: 3.464484067633748
