times:
  edit-metadata: 1.519553992897272
  landing: 0.781155414879322
  view-data: 3.4323269724845886
