times:
  edit-metadata: 0.4657005899352953
  landing: 0.06247323995921761
  view-data: 0.21067689603660256
