times:
  edit-metadata: 1.561436828225851
  landing: 0.818359974771738
  view-data: 3.3273742385208607
