times:
  edit-metadata: 0.4929212050046772
  landing: 0.0499291040468961
  view-data: 0.2165632350370288
