times:
  edit-metadata: 1.3559025442227721
  landing: 0.810080292634666
  view-data: 3.295124522410333
