times:
  edit-metadata: 1.5451848432421684
  landing: 1.0206970535218716
  view-data: 3.3507342375814915
