times:
  edit-metadata: 1.4755057729780674
  landing: 0.7392967436462641
  view-data: 3.4017216470092535
