times:
  edit-metadata: 1.5615925304591656
  landing: 0.7370324712246656
  view-data: 3.296357747167349
