times:
  edit-metadata: 1.521172646433115
  landing: 0.8613992519676685
  view-data: 3.4144290909171104
