times:
  edit-metadata: 1.3587830923497677
  landing: 0.8123903870582581
  view-data: 3.337185800075531
