times:
  edit-metadata: 1.5038726180791855
  landing: 0.8938799127936363
  view-data: 3.3738237880170345
