times:
  edit-metadata: 1.7165888659656048
  landing: 0.8820381024852395
  view-data: 3.457883780822158
