times:
  edit-metadata: 3.0919437762349844
  landing: 2.0258765686303377
  view-data: 3.5854098573327065
