times:
  edit-metadata: 1.7210333957336843
  landing: 0.8509849850088358
  view-data: 3.3332865303382277
