times:
  edit-metadata: 0.47073840117082
  landing: 0.05000791000202298
  view-data: 0.3391467910259962
