times:
  edit-metadata: 0.5247174570104107
  landing: 0.05971032497473061
  view-data: 0.2251742029329762
