times:
  edit-metadata: 1.5634970366954803
  landing: 0.975148007273674
  view-data: 3.327533181756735
