times:
  edit-metadata: 0.4644430450280197
  landing: 0.07614268403267488
  view-data: 0.20506720204139128
