times:
  edit-metadata: 1.4855352528393269
  landing: 0.7848874516785145
  view-data: 3.3310381304472685
