times:
  edit-metadata: 0.5938670099712908
  landing: 0.07005227217450738
  view-data: 0.25367920473217964
