times:
  edit-metadata: 1.5084663070738316
  landing: 0.8771841078996658
  view-data: 3.4055853225290775
