times:
  edit-metadata: 0.5260262939846143
  landing: 0.07649740896886215
  view-data: 0.2088098190142773
