times:
  edit-metadata: 2.050433149561286
  landing: 1.1151179987937212
  view-data: 3.5232482999563217
