times:
  edit-metadata: 0.4571046531200409
  landing: 0.06628701603040099
  view-data: 0.23909185081720352
