times:
  edit-metadata: 1.489718109369278
  landing: 0.734142417088151
  view-data: 3.4025005009025335
