times:
  edit-metadata: 1.4980294797569513
  landing: 0.7852735295891762
  view-data: 3.4294108245521784
