times:
  edit-metadata: 1.5078981276601553
  landing: 0.7623508609831333
  view-data: 3.3812177274376154
