times:
  edit-metadata: 1.4915917832404375
  landing: 0.7477262150496244
  view-data: 3.3887286111712456
