times:
  edit-metadata: 0.5404055290855467
  landing: 0.07551479572430253
  view-data: 0.2061039782129228
