times:
  edit-metadata: 2.8210447803139687
  landing: 1.0732491128146648
  view-data: 3.7405749298632145
