times:
  edit-metadata: 1.3978918939828873
  landing: 0.7537214793264866
  view-data: 3.3009399250149727
