times:
  edit-metadata: 1.4199166418984532
  landing: 0.85568742826581
  view-data: 3.2775714192539454
