times:
  edit-metadata: 1.3684269404038787
  landing: 3.3174958787858486
  view-data: 3.260002271272242
