times:
  edit-metadata: 0.47771013499004766
  landing: 0.04150229902006686
  view-data: 0.21173861698480323
