times:
  edit-metadata: 1.5427910648286343
  landing: 1.058207768946886
  view-data: 3.3546601310372353
