times:
  edit-metadata: 1.5206301547586918
  landing: 0.8496095165610313
  view-data: 3.4072147458791733
