times:
  edit-metadata: 1.5011747172102332
  landing: 0.7926927162334323
  view-data: 3.359836461953819
