times:
  edit-metadata: 1.4638554565608501
  landing: 0.8535894453525543
  view-data: 3.3831168189644814
