times:
  edit-metadata: 1.497949942946434
  landing: 0.7695509530603886
  view-data: 3.2470609471201897
