times:
  edit-metadata: 1.5386177636682987
  landing: 0.8933725655078888
  view-data: 3.441822297871113
