times:
  edit-metadata: 1.4234793316572905
  landing: 0.7836358016356826
  view-data: 3.3692228179425
