times:
  edit-metadata: 0.45945286200003466
  landing: 0.07024429400007648
  view-data: 0.21254043299995828
