times:
  edit-metadata: 1.5429174676537514
  landing: 0.7781003601849079
  view-data: 3.405586678534746
