times:
  edit-metadata: 1.8485569581389427
  landing: 0.8549202671274543
  view-data: 3.8900033701211214
