times:
  edit-metadata: 1.4215766172856092
  landing: 0.7890975018963218
  view-data: 3.3853394580073655
