times:
  edit-metadata: 1.5187833979725838
  landing: 0.9244471006095409
  view-data: 3.353931952267885
