times:
  edit-metadata: 1.3160308109945618
  landing: 0.3020342959789559
  view-data: 0.30302541999844834
