times:
  edit-metadata: 1.5287065915763378
  landing: 0.7997556515038013
  view-data: 3.3475607186555862
