times:
  edit-metadata: 0.4608117649986525
  landing: 0.07089360499958275
  view-data: 0.21822871699987445
