times:
  edit-metadata: 0.4656334340106696
  landing: 0.06482393387705088
  view-data: 0.21655806014314294
