times:
  edit-metadata: 1.5113507341593504
  landing: 0.9446976438630372
  view-data: 3.3922024690546095
