times:
  edit-metadata: 0.5379022657871246
  landing: 0.05195504706352949
  view-data: 0.21822669776156545
