times:
  edit-metadata: 2.1383854560554028
  landing: 1.0166295962408185
  view-data: 3.355533180758357
