times:
  edit-metadata: 0.476097279926762
  landing: 0.06206389586441219
  view-data: 0.35713380901142955
