times:
  edit-metadata: 0.845298670232296
  landing: 0.08305110223591328
  view-data: 0.2136688670143485
