times:
  edit-metadata: 1.9574189130216837
  landing: 0.9036963377147913
  view-data: 3.497017102316022
