times:
  edit-metadata: 1.484523005783558
  landing: 0.8217787342146039
  view-data: 3.344306342303753
