times:
  edit-metadata: 1.6773541830480099
  landing: 0.7728283256292343
  view-data: 3.402602382004261
