times:
  edit-metadata: 1.4056880213320255
  landing: 0.9426123462617397
  view-data: 3.4198613464832306
