times:
  edit-metadata: 0.45229321997612715
  landing: 0.07010928681120276
  view-data: 0.21361024817451835
