times:
  edit-metadata: 1.506588887423277
  landing: 0.7572422921657562
  view-data: 3.384716909378767
