times:
  edit-metadata: 1.3955788930179551
  landing: 0.7830905399750918
  view-data: 3.323740706080571
