times:
  edit-metadata: 1.464831975987181
  landing: 0.7729151051025838
  view-data: 3.322122255107388
