times:
  edit-metadata: 0.45728305797092617
  landing: 0.06813171901740134
  view-data: 0.21688253595493734
