times:
  edit-metadata: 1.4912224523723125
  landing: 0.7622366230934858
  view-data: 3.387940224260092
