times:
  edit-metadata: 0.5298877879977226
  landing: 0.07773503399221227
  view-data: 0.2092783019761555
