times:
  edit-metadata: 1.7968507129698992
  landing: 1.3285331837832928
  view-data: 3.436759989708662
