times:
  edit-metadata: 1.4184735147282481
  landing: 0.7784569226205349
  view-data: 3.369682560674846
