times:
  edit-metadata: 0.4570572730153799
  landing: 0.07161817816086113
  view-data: 0.20428791199810803
