times:
  edit-metadata: 0.44729958288371563
  landing: 0.06017646798864007
  view-data: 0.35168624692596495
