times:
  edit-metadata: 1.6053436622023582
  landing: 0.9642175771296024
  view-data: 3.3753696605563164
