times:
  edit-metadata: 1.311072850599885
  landing: 0.8568864520639181
  view-data: 3.343102313578129
