times:
  edit-metadata: 1.4013095125555992
  landing: 0.8838439732789993
  view-data: 3.3202201314270496
