times:
  edit-metadata: 0.470963885076344
  landing: 0.06802596803754568
  view-data: 0.22275822702795267
