times:
  edit-metadata: 1.5943913040682673
  landing: 0.902421454899013
  view-data: 3.5588344018906355
