times:
  edit-metadata: 1.561234675347805
  landing: 1.0145446173846722
  view-data: 3.3424529805779457
