times:
  edit-metadata: 1.5601042322814465
  landing: 0.8369953781366348
  view-data: 3.3485770486295223
