times:
  edit-metadata: 1.5107934810221195
  landing: 0.8606044240295887
  view-data: 3.3573859483003616
