times:
  edit-metadata: 1.4169094935059547
  landing: 0.8428629338741302
  view-data: 3.3644700031727552
