times:
  edit-metadata: 1.528499886393547
  landing: 0.8931251708418131
  view-data: 4.864345777779818
