times:
  edit-metadata: 1.4461542768403888
  landing: 0.7976297456771135
  view-data: 3.3533649197779596
