times:
  edit-metadata: 1.3755480460822582
  landing: 0.8579342775046825
  view-data: 3.352079764008522
