times:
  edit-metadata: 1.5558708533644676
  landing: 0.18663830123841763
  view-data: 0.023901110514998436
