times:
  edit-metadata: 0.5810437400068622
  landing: 0.04714615101693198
  view-data: 0.22302050099824555
