times:
  edit-metadata: 1.5082351751625538
  landing: 1.0663945097476244
  view-data: 3.373119406402111
