times:
  edit-metadata: 1.9933311259374022
  landing: 1.2205901835113764
  view-data: 3.703954025171697
