times:
  edit-metadata: 1.8636407814919949
  landing: 0.9284899700433016
  view-data: 3.38580652885139
