times:
  edit-metadata: 1.4204158782958984
  landing: 0.6868504881858826
  view-data: 3.4129025116562843
