times:
  edit-metadata: 1.449355524033308
  landing: 0.9143552295863628
  view-data: 3.3845162354409695
