times:
  edit-metadata: 1.5211948920041323
  landing: 0.8048658650368452
  view-data: 3.4344300478696823
