times:
  edit-metadata: 1.510888461023569
  landing: 0.8927247561514378
  view-data: 3.46967451274395
