times:
  edit-metadata: 0.5294982111081481
  landing: 0.17438610922545195
  view-data: 0.24967732280492783
