times:
  edit-metadata: 1.5892873289994895
  landing: 0.7542949980124831
  view-data: 3.3375872920732945
