times:
  edit-metadata: 2.047031357884407
  landing: 1.2461862564086914
  view-data: 3.557855788618326
