times:
  edit-metadata: 1.5053498074412346
  landing: 0.8925729021430016
  view-data: 3.3938721381127834
