times:
  edit-metadata: 1.4839584697037935
  landing: 0.8429828556254506
  view-data: 3.43171704467386
