times:
  edit-metadata: 2.345587968826294
  landing: 1.1982680819928646
  view-data: 3.681361522525549
