times:
  edit-metadata: 1.4045401364564896
  landing: 0.8369083516299725
  view-data: 3.3557011634111404
