times:
  edit-metadata: 1.4615739658474922
  landing: 0.7109423279762268
  view-data: 3.467966504395008
