times:
  edit-metadata: 1.6395626105368137
  landing: 0.7525079399347305
  view-data: 3.3277009539306164
