times:
  edit-metadata: 1.5288001038134098
  landing: 0.8365026079118252
  view-data: 3.325410209596157
