times:
  edit-metadata: 1.498621340841055
  landing: 0.7968197651207447
  view-data: 3.30298425629735
