times:
  edit-metadata: 1.5788538344204426
  landing: 0.8382793627679348
  view-data: 3.310847021639347
