times:
  edit-metadata: 1.4052372090518475
  landing: 0.7943988405168056
  view-data: 3.339061524719
