times:
  edit-metadata: 1.4748223647475243
  landing: 0.8148109838366508
  view-data: 3.446064867079258
