times:
  edit-metadata: 1.544395349919796
  landing: 0.800529420375824
  view-data: 3.342208504676819
