times:
  edit-metadata: 1.5845557264983654
  landing: 0.7614702843129635
  view-data: 3.2728792540729046
