times:
  edit-metadata: 1.4522997327148914
  landing: 0.7565954327583313
  view-data: 3.2963691726326942
