times:
  edit-metadata: 2.1693681329488754
  landing: 1.3427366390824318
  view-data: 3.370445005595684
