times:
  edit-metadata: 1.4245489314198494
  landing: 0.7324958294630051
  view-data: 3.5138169452548027
