times:
  edit-metadata: 1.5222990959882736
  landing: 0.7648568004369736
  view-data: 3.4527278542518616
