times:
  edit-metadata: 1.3400279432535172
  landing: 0.7094027698040009
  view-data: 3.460903860628605
