times:
  edit-metadata: 1.5973387956619263
  landing: 0.8969266973435879
  view-data: 3.340997599065304
