times:
  edit-metadata: 1.436872161924839
  landing: 0.8977085873484612
  view-data: 3.5633666068315506
