times:
  edit-metadata: 1.4037575647234917
  landing: 0.7878800593316555
  view-data: 3.3179642260074615
