times:
  edit-metadata: 1.4639982916414738
  landing: 0.7668194137513638
  view-data: 3.2797723188996315
