times:
  edit-metadata: 1.4903217107057571
  landing: 0.6979567632079124
  view-data: 3.3624249547719955
