times:
  edit-metadata: 1.5014736130833626
  landing: 0.7559700272977352
  view-data: 3.4187307730317116
