times:
  edit-metadata: 1.4405097961425781
  landing: 0.724715031683445
  view-data: 3.2860243543982506
