times:
  edit-metadata: 1.5284463688731194
  landing: 0.8544115200638771
  view-data: 3.3217402137815952
