times:
  edit-metadata: 2.322665214538574
  landing: 1.7282547876238823
  view-data: 3.623271632939577
