times:
  edit-metadata: 1.650915987789631
  landing: 0.8542837724089622
  view-data: 3.282417956739664
