times:
  edit-metadata: 1.4359152652323246
  landing: 0.8213594481348991
  view-data: 3.309265084564686
