times:
  edit-metadata: 1.355076551437378
  landing: 0.7599362805485725
  view-data: 3.471822440624237
