times:
  edit-metadata: 1.4322836324572563
  landing: 1.0260381661355495
  view-data: 3.3519863188266754
