times:
  edit-metadata: 1.520541325211525
  landing: 0.799612857401371
  view-data: 3.5428671315312386
