times:
  edit-metadata: 1.4840175062417984
  landing: 0.7083275765180588
  view-data: 3.4538354948163033
