times:
  edit-metadata: 1.441002119332552
  landing: 0.7576720826327801
  view-data: 3.344020426273346
