times:
  edit-metadata: 1.9642338678240776
  landing: 1.0689383074641228
  view-data: 3.4718905314803123
