times:
  edit-metadata: 1.7451295852661133
  landing: 0.8286405578255653
  view-data: 3.317450612783432
