times:
  edit-metadata: 1.4099301919341087
  landing: 0.8427550569176674
  view-data: 0.5217220969498158
