times:
  edit-metadata: 1.3749964758753777
  landing: 0.7399032786488533
  view-data: 3.320426546037197
