times:
  edit-metadata: 1.6293648406863213
  landing: 0.9720999598503113
  view-data: 3.959168940782547
