times:
  edit-metadata: 2.911971040070057
  landing: 1.6772326603531837
  view-data: 3.606236033141613
