times:
  edit-metadata: 1.558787688612938
  landing: 0.6827353835105896
  view-data: 3.4427832514047623
