times:
  edit-metadata: 1.4775928370654583
  landing: 0.8664710931479931
  view-data: 3.348022285848856
