times:
  edit-metadata: 1.4898711293935776
  landing: 0.8380233384668827
  view-data: 3.3808511532843113
