times:
  edit-metadata: 2.2129123769700527
  landing: 0.9508761093020439
  view-data: 3.5637738928198814
