times:
  edit-metadata: 1.455756038427353
  landing: 0.7628651931881905
  view-data: 3.4142114892601967
