times:
  edit-metadata: 1.467118114233017
  landing: 0.8304982557892799
  view-data: 3.3451029509305954
