times:
  edit-metadata: 1.4490092098712921
  landing: 0.7581284791231155
  view-data: 3.4674221202731133
