times:
  edit-metadata: 1.531694121658802
  landing: 0.7150776386260986
  view-data: 3.323312260210514
