times:
  edit-metadata: 1.4936555996537209
  landing: 0.8702696599066257
  view-data: 3.4908520840108395
