times:
  edit-metadata: 1.4152659252285957
  landing: 0.8164312765002251
  view-data: 3.5216982886195183
