times:
  edit-metadata: 2.3679259344935417
  landing: 1.2608319893479347
  view-data: 3.545364446938038
