times:
  edit-metadata: 1.3567857295274734
  landing: 0.7603543624281883
  view-data: 3.4612063243985176
