times:
  edit-metadata: 1.5550245642662048
  landing: 0.9162040650844574
  view-data: 3.6889460533857346
