times:
  edit-metadata: 1.4200553596019745
  landing: 0.8088245913386345
  view-data: 3.530956692993641
