times:
  edit-metadata: 2.0623704493045807
  landing: 2.172112300992012
  view-data: 3.5415626764297485
