times:
  edit-metadata: 1.3319365978240967
  landing: 0.9008938074111938
  view-data: 3.5086944103240967
