times:
  edit-metadata: 1.4754732698202133
  landing: 0.8381792642176151
  view-data: 3.415712848305702
