times:
  edit-metadata: 1.608357459306717
  landing: 0.9339850470423698
  view-data: 3.3852576166391373
