times:
  edit-metadata: 2.626916788518429
  landing: 1.424740970134735
  view-data: 3.500643029808998
