times:
  edit-metadata: 2.5089452639222145
  landing: 1.3206776082515717
  view-data: 3.959784150123596
