times:
  edit-metadata: 1.4079416766762733
  landing: 0.819280132651329
  view-data: 3.3093227185308933
