times:
  edit-metadata: 1.3530514687299728
  landing: 0.8208613693714142
  view-data: 3.487029142677784
