times:
  edit-metadata: 1.3944490514695644
  landing: 0.8264292441308498
  view-data: 3.401269543915987
