times:
  edit-metadata: 1.4235692098736763
  landing: 0.8541563153266907
  view-data: 3.533363662660122
