times:
  edit-metadata: 1.3441974818706512
  landing: 0.7274860441684723
  view-data: 3.4465585872530937
