times:
  edit-metadata: 1.5320581197738647
  landing: 0.7860235497355461
  view-data: 3.301414869725704
