times:
  edit-metadata: 1.9388414025306702
  landing: 1.1954369135200977
  view-data: 3.4762663915753365
