times:
  edit-metadata: 1.359998419880867
  landing: 0.6994504928588867
  view-data: 3.3471692577004433
