times:
  edit-metadata: 1.5539167150855064
  landing: 0.7475898303091526
  view-data: 3.2862116545438766
