times:
  edit-metadata: 1.4167952984571457
  landing: 0.8283812254667282
  view-data: 3.3248417638242245
