times:
  edit-metadata: 1.3642010055482388
  landing: 0.8356699012219906
  view-data: 3.3484498374164104
