times:
  edit-metadata: 1.512961708009243
  landing: 0.7219155430793762
  view-data: 3.4802635833621025
