times:
  edit-metadata: 1.4155515730381012
  landing: 0.7703453302383423
  view-data: 3.4482238218188286
