times:
  edit-metadata: 1.471571147441864
  landing: 0.7113109529018402
  view-data: 3.4364279434084892
