times:
  edit-metadata: 1.4187541976571083
  landing: 0.7141891270875931
  view-data: 3.3186638355255127
