times:
  edit-metadata: 1.500639222562313
  landing: 0.7258145362138748
  view-data: 3.467322327196598
