times:
  edit-metadata: 1.46800746768713
  landing: 0.8193125948309898
  view-data: 3.4359098970890045
