times:
  edit-metadata: 1.4985131844878197
  landing: 0.7913307473063469
  view-data: 3.564685635268688
