times:
  edit-metadata: 1.3550221845507622
  landing: 0.8635240718722343
  view-data: 3.474720634520054
