times:
  edit-metadata: 1.478458784520626
  landing: 0.7924473807215691
  view-data: 3.3148364908993244
