times:
  edit-metadata: 1.4849777817726135
  landing: 0.820499949157238
  view-data: 3.3162380382418633
