times:
  edit-metadata: 1.372165709733963
  landing: 0.7420006692409515
  view-data: 3.2813068106770515
