times:
  edit-metadata: 1.4772327616810799
  landing: 0.7582410797476768
  view-data: 3.5118620172142982
