times:
  edit-metadata: 1.3958068788051605
  landing: 0.7616103962063789
  view-data: 3.3820137456059456
