times:
  edit-metadata: 1.4018319472670555
  landing: 0.7904770001769066
  view-data: 3.585952751338482
