times:
  edit-metadata: 1.5075260773301125
  landing: 0.6993297562003136
  view-data: 3.52004262059927
