times:
  edit-metadata: 1.4784707054495811
  landing: 0.6847816780209541
  view-data: 3.494625523686409
