times:
  edit-metadata: 1.3907619044184685
  landing: 0.672255128622055
  view-data: 3.493750736117363
