times:
  edit-metadata: 1.552265003323555
  landing: 0.7754682525992393
  view-data: 3.437901794910431
