times:
  edit-metadata: 1.5350872203707695
  landing: 0.7428034842014313
  view-data: 3.499071925878525
