times:
  edit-metadata: 2.100873686373234
  landing: 0.9733377210795879
  view-data: 3.4416940808296204
