times:
  edit-metadata: 1.4483928233385086
  landing: 0.7230865135788918
  view-data: 3.4220715686678886
