times:
  edit-metadata: 1.3487656638026237
  landing: 0.7146303355693817
  view-data: 3.470761828124523
