times:
  edit-metadata: 1.4381404668092728
  landing: 0.7901831269264221
  view-data: 3.292096108198166
