times:
  edit-metadata: 1.4885499104857445
  landing: 0.7484961822628975
  view-data: 3.5259004831314087
