times:
  edit-metadata: 1.450478870421648
  landing: 0.7967624813318253
  view-data: 3.316161908209324
