times:
  edit-metadata: 1.3957599326968193
  landing: 0.6740449741482735
  view-data: 3.46593564003706
