times:
  edit-metadata: 1.8790180906653404
  landing: 0.7883867919445038
  view-data: 3.521561086177826
