times:
  edit-metadata: 1.9044696278870106
  landing: 1.0406180508434772
  view-data: 3.366081580519676
