times:
  edit-metadata: 1.5753104984760284
  landing: 0.8106168247759342
  view-data: 3.3525302596390247
