times:
  edit-metadata: 1.480611402541399
  landing: 0.7892700955271721
  view-data: 3.3136439993977547
