times:
  edit-metadata: 1.4786964505910873
  landing: 0.8321496397256851
  view-data: 3.3567681685090065
