times:
  edit-metadata: 1.527021735906601
  landing: 0.9369347468018532
  view-data: 3.553158216178417
