times:
  edit-metadata: 1.4233498647809029
  landing: 0.7324301674962044
  view-data: 3.5525441989302635
