times:
  edit-metadata: 1.385522447526455
  landing: 0.6792869716882706
  view-data: 3.471309706568718
