times:
  edit-metadata: 1.3683878108859062
  landing: 0.7973764389753342
  view-data: 3.4129391238093376
