times:
  edit-metadata: 1.506860926747322
  landing: 0.7838442027568817
  view-data: 3.272552415728569
