times:
  edit-metadata: 1.3818237856030464
  landing: 0.7478915899991989
  view-data: 3.4612568467855453
