times:
  edit-metadata: 1.312791608273983
  landing: 0.7034672349691391
  view-data: 3.435915820300579
