times:
  edit-metadata: 1.6031107157468796
  landing: 0.8046378456056118
  view-data: 3.2721452862024307
