times:
  edit-metadata: 1.4989442378282547
  landing: 0.8110604248940945
  view-data: 3.410107407718897
