times:
  edit-metadata: 1.4985573962330818
  landing: 0.8046842440962791
  view-data: 3.331188291311264
