times:
  edit-metadata: 1.424463801085949
  landing: 0.7678194716572762
  view-data: 3.297825936228037
