times:
  edit-metadata: 1.4644019454717636
  landing: 0.7618046402931213
  view-data: 3.539911814033985
