times:
  edit-metadata: 2.048527866601944
  landing: 0.976941205561161
  view-data: 3.3201944679021835
