times:
  edit-metadata: 1.5132434740662575
  landing: 0.7735786847770214
  view-data: 3.301696602255106
