times:
  edit-metadata: 1.3839089944958687
  landing: 0.7414593696594238
  view-data: 3.342688422650099
