times:
  edit-metadata: 1.4297420978546143
  landing: 0.7358106300234795
  view-data: 3.450448364019394
