times:
  edit-metadata: 1.46095372736454
  landing: 0.6958353221416473
  view-data: 3.3262989819049835
