times:
  edit-metadata: 1.5588285326957703
  landing: 0.7733505889773369
  view-data: 3.3390738740563393
