times:
  edit-metadata: 1.3616324365139008
  landing: 0.7647788301110268
  view-data: 3.298088751733303
