times:
  edit-metadata: 1.4119766876101494
  landing: 0.6950654983520508
  view-data: 3.4061186015605927
