times:
  edit-metadata: 1.4819157309830189
  landing: 0.6919550858438015
  view-data: 3.3605557084083557
