times:
  edit-metadata: 1.4052048325538635
  landing: 4.917213082313538
  view-data: 3.512121260166168
