times:
  edit-metadata: 1.4719352461397648
  landing: 0.8909682482481003
  view-data: 3.398055139929056
