times:
  edit-metadata: 1.3869077116250992
  landing: 0.6862320676445961
  view-data: 3.521720327436924
