times:
  edit-metadata: 2.361444979906082
  landing: 1.3559190332889557
  view-data: 3.9806326180696487
