times:
  edit-metadata: 1.3368335850536823
  landing: 0.7073652483522892
  view-data: 3.3279891684651375
