times:
  edit-metadata: 1.4275560304522514
  landing: 0.7954764068126678
  view-data: 3.4745419397950172
