times:
  edit-metadata: 1.5180453956127167
  landing: 0.7378300800919533
  view-data: 3.543969973921776
