times:
  edit-metadata: 1.3813960254192352
  landing: 0.782582476735115
  view-data: 3.484632983803749
