times:
  edit-metadata: 1.4535152167081833
  landing: 0.8175532668828964
  view-data: 3.304857075214386
