times:
  edit-metadata: 1.4359571412205696
  landing: 0.7272348552942276
  view-data: 3.3013314306735992
