times:
  edit-metadata: 1.39772779494524
  landing: 0.7713486477732658
  view-data: 3.395513117313385
