times:
  edit-metadata: 1.3899315148591995
  landing: 0.7806151583790779
  view-data: 3.395959474146366
