times:
  edit-metadata: 2.313294392079115
  landing: 1.1487445905804634
  view-data: 3.6038346998393536
