times:
  edit-metadata: 1.378501072525978
  landing: 0.7369948737323284
  view-data: 3.332064401358366
