times:
  edit-metadata: 1.392527025192976
  landing: 0.7545428425073624
  view-data: 3.296577524393797
