times:
  edit-metadata: 1.415323592722416
  landing: 0.7252350710332394
  view-data: 3.2954351864755154
