times:
  edit-metadata: 1.5945360660552979
  landing: 0.8534328788518906
  view-data: 3.3373565152287483
