times:
  edit-metadata: 1.3511999286711216
  landing: 0.6964400187134743
  view-data: 3.323353882879019
