times:
  edit-metadata: 1.4673463851213455
  landing: 0.807178758084774
  view-data: 3.3290977627038956
