times:
  edit-metadata: 1.5593313425779343
  landing: 0.7119748741388321
  view-data: 3.4833527877926826
