times:
  edit-metadata: 1.413466464728117
  landing: 0.6949354708194733
  view-data: 3.2934601232409477
