times:
  edit-metadata: 1.4998018518090248
  landing: 0.6962802484631538
  view-data: 3.5451901257038116
