times:
  edit-metadata: 1.4449892714619637
  landing: 0.7992292568087578
  view-data: 3.5457897037267685
