times:
  edit-metadata: 1.397582896053791
  landing: 0.797623947262764
  view-data: 3.46865576505661
