times:
  edit-metadata: 1.4284972622990608
  landing: 0.7530022114515305
  view-data: 3.4552584812045097
