times:
  edit-metadata: 1.3714638948440552
  landing: 0.7565272524952888
  view-data: 3.3394515439867973
