times:
  edit-metadata: 1.7165392711758614
  landing: 1.38592991232872
  view-data: 3.35335610806942
