times:
  edit-metadata: 1.3585911467671394
  landing: 0.7602064870297909
  view-data: 3.331420164555311
