times:
  edit-metadata: 1.5308805257081985
  landing: 0.7055683508515358
  view-data: 3.5460747852921486
