times:
  edit-metadata: 1.3724599555134773
  landing: 0.7704197913408279
  view-data: 3.555653929710388
