times:
  edit-metadata: 1.4317560866475105
  landing: 0.7973442263901234
  view-data: 3.284204166382551
