times:
  edit-metadata: 1.4811315014958382
  landing: 0.7303405553102493
  view-data: 3.4598309993743896
