times:
  edit-metadata: 1.4122843816876411
  landing: 0.8086125254631042
  view-data: 3.3223772943019867
