times:
  edit-metadata: 1.5035330504179
  landing: 0.7864842340350151
  view-data: 3.4931355118751526
