times:
  edit-metadata: 1.4103793054819107
  landing: 0.7683460563421249
  view-data: 3.3737076818943024
