times:
  edit-metadata: 1.4312722012400627
  landing: 0.8859941810369492
  view-data: 3.4683746695518494
