times:
  edit-metadata: 1.4622012041509151
  landing: 0.9967552609741688
  view-data: 3.3028307259082794
