times:
  edit-metadata: 1.380822490900755
  landing: 0.7837740033864975
  view-data: 3.29237312823534
