times:
  edit-metadata: 1.332759015262127
  landing: 0.7411436438560486
  view-data: 3.4882440268993378
