times:
  edit-metadata: 1.492824848741293
  landing: 0.7961376644670963
  view-data: 3.329664595425129
