times:
  edit-metadata: 1.4213310852646828
  landing: 0.7371973879635334
  view-data: 3.3026229850947857
