times:
  edit-metadata: 1.5117429792881012
  landing: 1.0048615336418152
  view-data: 3.509127676486969
