times:
  edit-metadata: 1.4700147807598114
  landing: 0.7863136380910873
  view-data: 3.3043311536312103
