times:
  edit-metadata: 1.3825911357998848
  landing: 0.7389160394668579
  view-data: 3.4064504131674767
