times:
  edit-metadata: 1.9970957711338997
  landing: 1.3457080647349358
  view-data: 3.4027406238019466
