times:
  edit-metadata: 1.4165991060435772
  landing: 0.8896493166685104
  view-data: 3.3900386095046997
