times:
  edit-metadata: 1.4394066967070103
  landing: 0.7632146738469601
  view-data: 3.303743079304695
