times:
  edit-metadata: 2.118007965385914
  landing: 1.2133263275027275
  view-data: 3.512098841369152
