times:
  edit-metadata: 1.4650209695100784
  landing: 0.9817826822400093
  view-data: 3.3048214986920357
