times:
  edit-metadata: 1.3938603550195694
  landing: 0.7903888747096062
  view-data: 3.3192262649536133
