times:
  edit-metadata: 1.4345097616314888
  landing: 0.766815222799778
  view-data: 3.533529967069626
