times:
  edit-metadata: 1.3271783217787743
  landing: 0.6941761299967766
  view-data: 3.459061712026596
