times:
  edit-metadata: 1.3858402594923973
  landing: 0.8291278444230556
  view-data: 3.3425987251102924
