times:
  edit-metadata: 1.565516822040081
  landing: 0.7355886101722717
  view-data: 3.3625741079449654
