times:
  edit-metadata: 1.3907659016549587
  landing: 0.7495346367359161
  view-data: 3.2742833085358143
