times:
  edit-metadata: 1.431542944163084
  landing: 0.8262112587690353
  view-data: 3.3288617618381977
