times:
  edit-metadata: 1.4316432997584343
  landing: 0.8437063172459602
  view-data: 3.316460557281971
