times:
  edit-metadata: 1.450460098683834
  landing: 0.9093914479017258
  view-data: 3.328405685722828
