times:
  edit-metadata: 1.5283396318554878
  landing: 0.9734930098056793
  view-data: 3.573401667177677
