times:
  edit-metadata: 1.5235810428857803
  landing: 0.8378064036369324
  view-data: 3.2814429216086864
