times:
  edit-metadata: 1.4026220366358757
  landing: 0.8236658498644829
  view-data: 3.4998977333307266
