times:
  edit-metadata: 1.354288749396801
  landing: 0.842015914618969
  view-data: 3.4262096360325813
