times:
  edit-metadata: 1.580554537475109
  landing: 0.8254375010728836
  view-data: 3.302125409245491
