times:
  edit-metadata: 1.447275049984455
  landing: 0.8270570263266563
  view-data: 3.471920222043991
