times:
  edit-metadata: 2.152871713042259
  landing: 1.346566691994667
  view-data: 3.4576506838202477
