times:
  edit-metadata: 1.5852252468466759
  landing: 0.8366196006536484
  view-data: 3.476301297545433
