times:
  edit-metadata: 1.4001226648688316
  landing: 0.7568127661943436
  view-data: 3.3083528354763985
