times:
  edit-metadata: 1.516931802034378
  landing: 0.7494978234171867
  view-data: 3.430417664349079
