times:
  edit-metadata: 1.5527554899454117
  landing: 0.9202996790409088
  view-data: 3.2707006111741066
