times:
  edit-metadata: 1.4806116670370102
  landing: 0.8369155749678612
  view-data: 3.5042619705200195
