times:
  edit-metadata: 1.37306459993124
  landing: 0.7607235237956047
  view-data: 3.4362608194351196
