times:
  edit-metadata: 1.3635015562176704
  landing: 0.8493377193808556
  view-data: 3.5389882624149323
