times:
  edit-metadata: 1.5993965454399586
  landing: 0.8905350230634212
  view-data: 3.3425200916826725
