times:
  edit-metadata: 1.388408474624157
  landing: 0.7667537182569504
  view-data: 3.4766443744301796
