times:
  edit-metadata: 1.4350097253918648
  landing: 0.769666001200676
  view-data: 3.420086368918419
