times:
  edit-metadata: 1.6102973893284798
  landing: 0.9086628071963787
  view-data: 3.335577078163624
