times:
  edit-metadata: 1.5094308033585548
  landing: 0.8548500463366508
  view-data: 3.3533862605690956
