times:
  edit-metadata: 1.38103187084198
  landing: 0.7647463902831078
  view-data: 3.4565073028206825
