times:
  edit-metadata: 1.5516580194234848
  landing: 0.7959056347608566
  view-data: 3.5118726640939713
