times:
  edit-metadata: 1.3645217157900333
  landing: 0.8515017405152321
  view-data: 3.3235179223120213
