times:
  edit-metadata: 1.4555396065115929
  landing: 0.8417291268706322
  view-data: 3.494161494076252
