times:
  edit-metadata: 1.4227130822837353
  landing: 0.7915677651762962
  view-data: 3.296712588518858
