times:
  edit-metadata: 1.4192194230854511
  landing: 0.893448956310749
  view-data: 3.307324953377247
