times:
  edit-metadata: 1.52235858887434
  landing: 0.7737110704183578
  view-data: 3.456580437719822
