times:
  edit-metadata: 1.7272687926888466
  landing: 0.970296673476696
  view-data: 3.346015088260174
