times:
  edit-metadata: 1.4729508981108665
  landing: 0.7539718747138977
  view-data: 3.640490971505642
