times:
  edit-metadata: 1.577928215265274
  landing: 0.6850830018520355
  view-data: 3.4916714876890182
