times:
  edit-metadata: 1.561474084854126
  landing: 0.7569186612963676
  view-data: 3.395504653453827
