times:
  edit-metadata: 1.510704517364502
  landing: 0.8468671068549156
  view-data: 3.292254753410816
