times:
  edit-metadata: 1.5476369969546795
  landing: 1.4775049425661564
  view-data: 3.4543247297406197
