times:
  edit-metadata: 1.4259366318583488
  landing: 0.9011274948716164
  view-data: 3.302178792655468
