times:
  edit-metadata: 1.4570112228393555
  landing: 0.9404625967144966
  view-data: 3.3013754412531853
