times:
  edit-metadata: 1.4359671622514725
  landing: 0.790100459009409
  view-data: 3.2634087316691875
