times:
  edit-metadata: 1.4566697180271149
  landing: 0.8353078737854958
  view-data: 3.4701602458953857
