times:
  edit-metadata: 1.3853853568434715
  landing: 0.7620295584201813
  view-data: 3.307086657732725
