times:
  edit-metadata: 1.4768258184194565
  landing: 0.7845112308859825
  view-data: 3.469348222017288
