times:
  edit-metadata: 1.513517800718546
  landing: 0.8600764572620392
  view-data: 3.4177555069327354
