times:
  edit-metadata: 1.3437376096844673
  landing: 0.8568861782550812
  view-data: 3.3000259399414062
