times:
  edit-metadata: 1.4296507239341736
  landing: 0.8146408498287201
  view-data: 3.4880563467741013
