times:
  edit-metadata: 1.5015898495912552
  landing: 0.7490406185388565
  view-data: 3.5231133326888084
