times:
  edit-metadata: 1.423727996647358
  landing: 0.7991115301847458
  view-data: 3.5761738643050194
