times:
  edit-metadata: 1.4018706604838371
  landing: 0.82569620013237
  view-data: 3.4964950308203697
