times:
  edit-metadata: 1.418993629515171
  landing: 0.7198209837079048
  view-data: 3.471196621656418
