times:
  edit-metadata: 1.399196557700634
  landing: 0.7456256151199341
  view-data: 3.3235596492886543
