times:
  edit-metadata: 1.4368844851851463
  landing: 0.7890879437327385
  view-data: 3.5245278105139732
