times:
  edit-metadata: 1.414241999387741
  landing: 0.7859332039952278
  view-data: 3.360274076461792
