times:
  edit-metadata: 1.448973223567009
  landing: 0.7534512355923653
  view-data: 3.513483338057995
