times:
  edit-metadata: 1.4514539688825607
  landing: 0.919440284371376
  view-data: 3.3218661472201347
