times:
  edit-metadata: 1.4503907337784767
  landing: 0.8324289992451668
  view-data: 3.436863549053669
