times:
  edit-metadata: 1.3785310238599777
  landing: 0.7869066223502159
  view-data: 3.6435341760516167
