times:
  edit-metadata: 1.5010358914732933
  landing: 0.7918389961123466
  view-data: 3.4746017456054688
