times:
  edit-metadata: 1.4838015735149384
  landing: 0.7908439785242081
  view-data: 3.5153946354985237
