times:
  edit-metadata: 1.3402198404073715
  landing: 0.7056042701005936
  view-data: 3.463226981461048
