times:
  edit-metadata: 1.3923942595720291
  landing: 0.8504765555262566
  view-data: 3.5131629034876823
