times:
  edit-metadata: 1.5459508188068867
  landing: 1.0013987012207508
  view-data: 3.349900085479021
