times:
  edit-metadata: 1.5045204535126686
  landing: 0.7770452052354813
  view-data: 3.347559966146946
