times:
  edit-metadata: 1.4164898693561554
  landing: 0.7745477482676506
  view-data: 3.2993429079651833
