times:
  edit-metadata: 1.676392987370491
  landing: 0.8384021669626236
  view-data: 3.512068785727024
