times:
  edit-metadata: 1.458319328725338
  landing: 0.7390217259526253
  view-data: 3.289301000535488
