times:
  edit-metadata: 2.4827670454978943
  landing: 1.3224164322018623
  view-data: 3.3604553639888763
