times:
  edit-metadata: 1.3874416947364807
  landing: 0.8257788941264153
  view-data: 3.5186714977025986
