times:
  edit-metadata: 1.514671016484499
  landing: 0.8433815091848373
  view-data: 3.3736633248627186
