times:
  edit-metadata: 1.594812948256731
  landing: 0.9268610402941704
  view-data: 3.298034440726042
