times:
  edit-metadata: 2.20431250333786
  landing: 1.1991856917738914
  view-data: 3.660771355032921
