times:
  edit-metadata: 1.4681770503520966
  landing: 0.7677944675087929
  view-data: 3.3832471668720245
