times:
  edit-metadata: 1.4111359417438507
  landing: 0.7821774370968342
  view-data: 3.2983302883803844
