times:
  edit-metadata: 1.3834805898368359
  landing: 0.8737045414745808
  view-data: 3.335765093564987
