times:
  edit-metadata: 1.5350840166211128
  landing: 0.8006542325019836
  view-data: 3.3082402646541595
