times:
  edit-metadata: 1.617833562195301
  landing: 0.9244423992931843
  view-data: 3.3572207614779472
