times:
  edit-metadata: 1.5123416036367416
  landing: 0.8639424592256546
  view-data: 3.4813777431845665
