times:
  edit-metadata: 1.583771351724863
  landing: 0.8761585913598537
  view-data: 3.317632347345352
