times:
  edit-metadata: 1.400234393775463
  landing: 0.8147531375288963
  view-data: 3.496820345520973
