times:
  edit-metadata: 1.490005113184452
  landing: 0.8294202052056789
  view-data: 3.263227578252554
