times:
  edit-metadata: 1.440179992467165
  landing: 0.7492264248430729
  view-data: 3.3579786010086536
