times:
  edit-metadata: 1.4438113160431385
  landing: 0.8737076930701733
  view-data: 3.3235737532377243
