times:
  edit-metadata: 1.4779786989092827
  landing: 0.7881658747792244
  view-data: 3.362737536430359
