times:
  edit-metadata: 1.4110629931092262
  landing: 0.7576111704111099
  view-data: 3.530541144311428
