times:
  edit-metadata: 1.3580626472830772
  landing: 0.7726910710334778
  view-data: 3.457345634698868
