times:
  edit-metadata: 1.4999642483890057
  landing: 0.8371291197836399
  view-data: 3.291878469288349
