times:
  edit-metadata: 1.473341092467308
  landing: 0.8650458827614784
  view-data: 3.434265658259392
