times:
  edit-metadata: 1.7882748171687126
  landing: 1.0081199072301388
  view-data: 3.3732059821486473
