times:
  edit-metadata: 1.4971607886254787
  landing: 0.8371238894760609
  view-data: 3.3009011521935463
