times:
  edit-metadata: 1.4009647145867348
  landing: 0.8407439067959785
  view-data: 3.541230097413063
