times:
  edit-metadata: 1.4881417155265808
  landing: 0.7991187274456024
  view-data: 3.452380448579788
