times:
  edit-metadata: 1.9119706451892853
  landing: 0.7225728407502174
  view-data: 3.598432146012783
