times:
  edit-metadata: 1.8436725214123726
  landing: 1.0792040824890137
  view-data: 3.421553857624531
