times:
  edit-metadata: 1.4378442913293839
  landing: 0.8024768680334091
  view-data: 3.495943933725357
