times:
  edit-metadata: 1.4522915929555893
  landing: 0.7777328938245773
  view-data: 3.4194307550787926
