times:
  edit-metadata: 1.3763164840638638
  landing: 0.7564817517995834
  view-data: 3.261623978614807
