times:
  edit-metadata: 1.4683235809206963
  landing: 0.7855065762996674
  view-data: 3.470859058201313
