times:
  edit-metadata: 1.4126053154468536
  landing: 0.8354465253651142
  view-data: 3.3110134825110435
