times:
  edit-metadata: 1.4142842032015324
  landing: 0.7766817770898342
  view-data: 3.3072458878159523
