times:
  edit-metadata: 1.535099945962429
  landing: 0.8612562268972397
  view-data: 3.3496330454945564
