times:
  edit-metadata: 1.5295411683619022
  landing: 1.255815677344799
  view-data: 3.2835731767117977
