times:
  edit-metadata: 1.4501512087881565
  landing: 0.7466390430927277
  view-data: 3.3401852771639824
