times:
  edit-metadata: 1.546827770769596
  landing: 0.8127530217170715
  view-data: 3.433882012963295
