times:
  edit-metadata: 1.5134296789765358
  landing: 0.8163981698453426
  view-data: 3.2551765590906143
