times:
  edit-metadata: 1.3669567853212357
  landing: 0.7446140721440315
  view-data: 3.460727594792843
