times:
  edit-metadata: 1.4735276252031326
  landing: 0.7530631572008133
  view-data: 3.3767875507473946
