times:
  edit-metadata: 1.377902202308178
  landing: 0.7957402542233467
  view-data: 3.409359633922577
