times:
  edit-metadata: 1.5191261544823647
  landing: 0.8631880953907967
  view-data: 3.508155606687069
