times:
  edit-metadata: 1.4128159284591675
  landing: 0.7968265861272812
  view-data: 3.2802875861525536
