times:
  edit-metadata: 1.4264500439167023
  landing: 0.7401361539959908
  view-data: 3.475983254611492
