times:
  edit-metadata: 1.4850349351763725
  landing: 0.8169996067881584
  view-data: 3.5206185579299927
