times:
  edit-metadata: 1.9610991291701794
  landing: 1.3191414847970009
  view-data: 3.466415550559759
