times:
  edit-metadata: 1.4460728988051414
  landing: 0.7628951966762543
  view-data: 3.4376247972249985
