times:
  edit-metadata: 1.3832973763346672
  landing: 0.8287696987390518
  view-data: 3.299947865307331
