times:
  edit-metadata: 1.4082681238651276
  landing: 0.7541524134576321
  view-data: 3.2725020945072174
