times:
  edit-metadata: 1.6518838331103325
  landing: 1.1462011262774467
  view-data: 3.321943871676922
