times:
  edit-metadata: 1.4864828176796436
  landing: 0.8603450506925583
  view-data: 3.3338591642677784
