times:
  edit-metadata: 1.4685825929045677
  landing: 0.7826031222939491
  view-data: 3.4622792303562164
