times:
  edit-metadata: 1.4418873935937881
  landing: 0.8557731099426746
  view-data: 3.2806974723935127
