times:
  edit-metadata: 1.3291285037994385
  landing: 0.8321320004761219
  view-data: 3.33451259508729
