times:
  edit-metadata: 1.4678870849311352
  landing: 0.8309997767210007
  view-data: 3.3318714275956154
