times:
  edit-metadata: 1.5316165387630463
  landing: 0.8339524418115616
  view-data: 3.717863582074642
