times:
  edit-metadata: 1.4392191842198372
  landing: 0.7605198062956333
  view-data: 3.3598645627498627
