times:
  edit-metadata: 2.0290533378720284
  landing: 1.0846781954169273
  view-data: 3.4567923471331596
