times:
  edit-metadata: 1.4626227244734764
  landing: 0.885996799916029
  view-data: 3.3024050667881966
