times:
  edit-metadata: 1.4097774811089039
  landing: 0.834381103515625
  view-data: 3.3384778276085854
