times:
  edit-metadata: 1.6546009480953217
  landing: 0.8694866001605988
  view-data: 3.3942732736468315
