times:
  edit-metadata: 1.7013703808188438
  landing: 0.9350152164697647
  view-data: 3.363212987780571
