times:
  edit-metadata: 1.4486219324171543
  landing: 0.7666053175926208
  view-data: 3.274157267063856
