times:
  edit-metadata: 1.4322053156793118
  landing: 0.9239781759679317
  view-data: 3.3381634317338467
