times:
  edit-metadata: 1.3586550503969193
  landing: 0.8033111914992332
  view-data: 3.2787525095045567
