times:
  edit-metadata: 1.5300979353487492
  landing: 0.9594935961067677
  view-data: 3.2656252197921276
