times:
  edit-metadata: 2.0790451988577843
  landing: 1.144258975982666
  view-data: 3.61810764297843
