times:
  edit-metadata: 1.4701487831771374
  landing: 0.9080342873930931
  view-data: 3.338415451347828
