times:
  edit-metadata: 1.4049975723028183
  landing: 0.7393468767404556
  view-data: 3.4468586072325706
