times:
  edit-metadata: 1.4960603639483452
  landing: 0.7654034495353699
  view-data: 3.413060262799263
