times:
  edit-metadata: 1.3697753213346004
  landing: 0.8568899929523468
  view-data: 3.3337168097496033
