times:
  edit-metadata: 1.5539799928665161
  landing: 0.8887183144688606
  view-data: 3.4108397141098976
