times:
  edit-metadata: 1.9073549881577492
  landing: 1.1313539892435074
  view-data: 3.5040227994322777
