times:
  edit-metadata: 1.3462886959314346
  landing: 0.8404580876231194
  view-data: 3.368964873254299
