times:
  edit-metadata: 1.5222622007131577
  landing: 0.7860536240041256
  view-data: 3.314562924206257
