times:
  edit-metadata: 1.3999384343624115
  landing: 0.7843628823757172
  view-data: 3.4822954535484314
