times:
  edit-metadata: 0.519095767987892
  landing: 0.06812280102167279
  view-data: 0.22446276899427176
