times:
  edit-metadata: 2.172366436570883
  landing: 1.4845548458397388
  view-data: 3.752182997763157
