times:
  edit-metadata: 0.5372960930690169
  landing: 0.05870543816126883
  view-data: 0.21440175198949873
