times:
  edit-metadata: 1.4008743092417717
  landing: 0.738776408135891
  view-data: 3.256027702242136
