times:
  edit-metadata: 1.5424890667200089
  landing: 0.9184090830385685
  view-data: 3.41110672801733
