times:
  edit-metadata: 0.5218684729188681
  landing: 0.0549629470333457
  view-data: 0.20652741519734263
