times:
  edit-metadata: 0.5336093530058861
  landing: 0.05415830505080521
  view-data: 0.2189417511690408
