times:
  edit-metadata: 0.5315365269780159
  landing: 0.0726559991016984
  view-data: 0.23902371595613658
