times:
  edit-metadata: 0.6145804520056117
  landing: 0.05476469600398559
  view-data: 0.23927121399901807
