times:
  edit-metadata: 1.454505384201184
  landing: 0.925297545036301
  view-data: 3.4909327258355916
