times:
  edit-metadata: 1.2217762600048445
  landing: 0.2075324619654566
  view-data: 0.2322894930257462
