times:
  edit-metadata: 1.6097877323627472
  landing: 0.9336248189210892
  view-data: 3.3535135351121426
