times:
  edit-metadata: 0.5188378210295923
  landing: 0.05644614598713815
  view-data: 0.21817786496831104
