times:
  edit-metadata: 1.407742653042078
  landing: 0.8270176853984594
  view-data: 3.3971685897558928
