times:
  edit-metadata: 1.4416592940688133
  landing: 0.699285164475441
  view-data: 3.377949895337224
