times:
  edit-metadata: 1.3527962900698185
  landing: 0.6728301458060741
  view-data: 3.3163456358015537
