times:
  edit-metadata: 1.6025723442435265
  landing: 0.9194131884723902
  view-data: 3.327345622703433
