times:
  edit-metadata: 1.832782031968236
  landing: 1.1885737823322415
  view-data: 3.4893839759752154
