times:
  edit-metadata: 0.5276387190097012
  landing: 0.052046897006221116
  view-data: 0.23014160798629746
