times:
  edit-metadata: 0.5365172079764307
  landing: 0.05314467614516616
  view-data: 0.9748786478303373
