times:
  edit-metadata: 1.80187301710248
  landing: 0.9561929237097502
  view-data: 3.354963144287467
