times:
  edit-metadata: 2.100959464441985
  landing: 1.1801474429666996
  view-data: 3.6184052592143416
