times:
  edit-metadata: 0.6616724170007728
  landing: 0.1108783930003483
  view-data: 0.2609992490006334
