times:
  edit-metadata: 1.521007603034377
  landing: 0.8411183189600706
  view-data: 3.407444668933749
