times:
  edit-metadata: 1.5571328196674585
  landing: 0.9675194919109344
  view-data: 3.447218516841531
