times:
  edit-metadata: 1.4951284807175398
  landing: 0.8097446579486132
  view-data: 3.423104925081134
