times:
  edit-metadata: 2.922344770282507
  landing: 1.7731983289122581
  view-data: 3.375392336398363
