times:
  edit-metadata: 0.5118622110458091
  landing: 0.06505231303162873
  view-data: 0.3469150129240006
