times:
  edit-metadata: 1.5413927733898163
  landing: 0.861816855147481
  view-data: 3.378792643547058
