times:
  edit-metadata: 1.3526306115090847
  landing: 0.7262257747352123
  view-data: 3.407361466437578
