times:
  edit-metadata: 0.5050528121646494
  landing: 0.0608197757974267
  view-data: 0.21572670596651733
