times:
  edit-metadata: 1.5340839345008135
  landing: 0.764782665297389
  view-data: 3.3793986570090055
