times:
  edit-metadata: 2.1225019190460443
  landing: 1.2337608393281698
  view-data: 3.374499964527786
