times:
  edit-metadata: 2.0023950152099133
  landing: 0.9774465560913086
  view-data: 3.2898044250905514
