times:
  edit-metadata: 1.6643300838768482
  landing: 0.9574097897857428
  view-data: 3.3605049699544907
