times:
  edit-metadata: 1.7880247347056866
  landing: 1.0117316544055939
  view-data: 3.3505555987358093
