times:
  edit-metadata: 1.6375316455960274
  landing: 0.9584587551653385
  view-data: 3.458163522183895
