times:
  edit-metadata: 1.569226160645485
  landing: 0.8630036972463131
  view-data: 3.4321404546499252
