times:
  edit-metadata: 1.397499643266201
  landing: 0.8214335329830647
  view-data: 3.3426244687289
