times:
  edit-metadata: 0.5062027589883655
  landing: 0.059737614123150706
  view-data: 0.20866832113824785
