times:
  edit-metadata: 1.3506865939125419
  landing: 0.7741715433076024
  view-data: 3.2706021005287766
