times:
  edit-metadata: 1.5025709066540003
  landing: 0.7550702206790447
  view-data: 3.3912822119891644
