times:
  edit-metadata: 1.386639610864222
  landing: 0.8217556206509471
  view-data: 3.3490255288779736
