times:
  edit-metadata: 1.5040369685739279
  landing: 0.700700068846345
  view-data: 3.358633365482092
