times:
  edit-metadata: 0.5381822800263762
  landing: 0.05193244689144194
  view-data: 0.21761803701519966
