times:
  edit-metadata: 1.5538010140880942
  landing: 0.8870810624212027
  view-data: 3.339176763780415
