times:
  edit-metadata: 1.480567717924714
  landing: 0.7728480119258165
  view-data: 3.3762102406471968
