times:
  edit-metadata: 1.5144247561693192
  landing: 0.9020332358777523
  view-data: 3.4136362448334694
