times:
  edit-metadata: 1.4463753532618284
  landing: 0.8462631702423096
  view-data: 3.4222046150825918
