times:
  edit-metadata: 1.5643054880201817
  landing: 0.7299131192266941
  view-data: 3.4026449359953403
