times:
  edit-metadata: 1.523918827995658
  landing: 0.858942735940218
  view-data: 3.346314678899944
