times:
  edit-metadata: 1.436589801684022
  landing: 0.841578871011734
  view-data: 3.3067424334585667
