times:
  edit-metadata: 2.2583769783377647
  landing: 6.631084192544222
  view-data: 3.386224541813135
