times:
  edit-metadata: 1.4398831580765545
  landing: 0.8404714097268879
  view-data: 3.400238717906177
