times:
  edit-metadata: 1.5231494168983772
  landing: 0.9414361480157822
  view-data: 3.3548000139417127
