times:
  edit-metadata: 1.456239890307188
  landing: 0.7445664890110493
  view-data: 3.3534163050353527
