times:
  edit-metadata: 1.652142422273755
  landing: 0.8010506723076105
  view-data: 3.4196478314697742
