times:
  edit-metadata: 0.7475860139820725
  landing: 0.06424074101960286
  view-data: 0.24369638302596286
