times:
  edit-metadata: 1.4636933989822865
  landing: 0.891486506909132
  view-data: 3.32643586397171
