times:
  edit-metadata: 1.5639708936214447
  landing: 1.0117488913238049
  view-data: 3.3873790614306927
