times:
  edit-metadata: 1.4952535787597299
  landing: 0.8228839272633195
  view-data: 3.3879889491945505
