times:
  edit-metadata: 1.6992201805114746
  landing: 1.3119453573599458
  view-data: 3.615341198630631
