times:
  edit-metadata: 1.5561843998730183
  landing: 0.8730317372828722
  view-data: 3.4223750568926334
