times:
  edit-metadata: 0.6021182860131375
  landing: 0.04481901996769011
  view-data: 0.2478000900009647
