times:
  edit-metadata: 1.520037854090333
  landing: 0.8023634399287403
  view-data: 3.39055736316368
