times:
  edit-metadata: 0.5187213940080255
  landing: 0.04688324895687401
  view-data: 0.21567461802624166
