times:
  edit-metadata: 1.551652867347002
  landing: 0.7410993278026581
  view-data: 3.40340843051672
