times:
  edit-metadata: 1.5040883533656597
  landing: 0.7563417255878448
  view-data: 3.365169897675514
