times:
  edit-metadata: 1.4034810177981853
  landing: 0.9283246099948883
  view-data: 3.284798964858055
