times:
  edit-metadata: 0.5342649701051414
  landing: 0.046449282206594944
  view-data: 0.3827146622352302
