times:
  edit-metadata: 1.4859411008656025
  landing: 0.839022871106863
  view-data: 3.325559712946415
