times:
  edit-metadata: 1.5195734985172749
  landing: 0.9286255054175854
  view-data: 3.4101958088576794
