times:
  edit-metadata: 1.4515164829790592
  landing: 1.1140392059460282
  view-data: 3.3467062953859568
