times:
  edit-metadata: 1.378356780973263
  landing: 0.8430528809549287
  view-data: 3.328971919021569
