times:
  edit-metadata: 1.5992209110409021
  landing: 1.089329307898879
  view-data: 3.40565212816
