times:
  edit-metadata: 1.4280585199594498
  landing: 1.092468872666359
  view-data: 3.3911430574953556
