times:
  edit-metadata: 0.5688442449900322
  landing: 0.0769244960101787
  view-data: 0.22007453598780558
