times:
  edit-metadata: 1.6010110878851265
  landing: 0.844651548890397
  view-data: 3.4172421409748495
