times:
  edit-metadata: 1.3989755772054195
  landing: 0.7323672920465469
  view-data: 3.325358174741268
