times:
  edit-metadata: 1.5081093776971102
  landing: 0.8448357628658414
  view-data: 3.381706361658871
