times:
  edit-metadata: 1.4980891309678555
  landing: 0.8240289613604546
  view-data: 3.353029664605856
