times:
  edit-metadata: 1.4283374436199665
  landing: 0.9082945995032787
  view-data: 3.4014030061662197
