times:
  edit-metadata: 1.595683567225933
  landing: 0.8369736783206463
  view-data: 3.367005754262209
