times:
  edit-metadata: 0.5494618990924209
  landing: 0.04576370120048523
  view-data: 0.2236677089240402
