times:
  edit-metadata: 1.5062393192201853
  landing: 0.7615927122533321
  view-data: 3.410017630085349
