times:
  edit-metadata: 1.5361107550561428
  landing: 0.806991420686245
  view-data: 3.4291278198361397
