times:
  edit-metadata: 1.499389823526144
  landing: 0.9431285969913006
  view-data: 3.335715062916279
