times:
  edit-metadata: 1.5400091726332903
  landing: 0.738333448767662
  view-data: 3.4321002922952175
