times:
  edit-metadata: 1.5317146722227335
  landing: 0.786522151902318
  view-data: 3.4118731785565615
