times:
  edit-metadata: 0.5115310619585216
  landing: 0.06105639599263668
  view-data: 0.22822756692767143
