times:
  edit-metadata: 1.5925406799651682
  landing: 0.9951004480244592
  view-data: 3.3315472619142383
