times:
  edit-metadata: 1.5635734060779214
  landing: 0.8712858250364661
  view-data: 3.367033892311156
