times:
  edit-metadata: 0.5361446039751172
  landing: 0.059613575926050544
  view-data: 0.22160360007546842
