times:
  edit-metadata: 0.5167705721687526
  landing: 0.05531971203163266
  view-data: 0.21693729516118765
