times:
  edit-metadata: 0.6094153809826821
  landing: 0.0542204799130559
  view-data: 0.21321749908383936
