times:
  edit-metadata: 0.522035400965251
  landing: 0.04959552700165659
  view-data: 0.2326962280785665
