times:
  edit-metadata: 1.5566109716892242
  landing: 0.7466824073344469
  view-data: 3.332358356565237
