times:
  edit-metadata: 1.6293396558612585
  landing: 0.844936192035675
  view-data: 3.2923485841602087
