times:
  edit-metadata: 1.5533859059214592
  landing: 0.7710727043449879
  view-data: 3.4298872780054808
