times:
  edit-metadata: 1.5375747438520193
  landing: 0.8491563498973846
  view-data: 3.437204957008362
