times:
  edit-metadata: 1.5552401319146156
  landing: 0.7370895389467478
  view-data: 3.4118493627756834
