times:
  edit-metadata: 0.525811945903115
  landing: 0.061571373022161424
  view-data: 0.2657334009418264
