times:
  edit-metadata: 1.5457105599343777
  landing: 0.8679719772189856
  view-data: 3.3844707421958447
