times:
  edit-metadata: 1.5734919160604477
  landing: 0.8797205835580826
  view-data: 3.402729133144021
