times:
  edit-metadata: 1.5736815631389618
  landing: 0.8383875451982021
  view-data: 3.4252199605107307
