times:
  edit-metadata: 1.6098960880190134
  landing: 0.9364829733967781
  view-data: 3.327157609164715
