times:
  edit-metadata: 0.4844336999813095
  landing: 0.0695959419826977
  view-data: 0.24452158500207588
