times:
  edit-metadata: 1.6044578067958355
  landing: 0.9574644193053246
  view-data: 3.4513732828199863
