times:
  edit-metadata: 1.9329915214329958
  landing: 0.9354948233813047
  view-data: 3.505403136834502
