times:
  edit-metadata: 1.6232434958219528
  landing: 1.011028591543436
  view-data: 3.447155863046646
