times:
  edit-metadata: 0.7088416279875673
  landing: 0.08633713601739146
  view-data: 0.2577972889994271
