times:
  edit-metadata: 1.820999652147293
  landing: 1.4132566787302494
  view-data: 3.5144233591854572
