times:
  edit-metadata: 1.5774262771010399
  landing: 0.8330915048718452
  view-data: 3.4430400878190994
