times:
  edit-metadata: 0.5657844701781869
  landing: 0.0509186708368361
  view-data: 0.2600793270394206
