times:
  edit-metadata: 0.5457109771668911
  landing: 0.05224655498750508
  view-data: 0.24753391207195818
