times:
  edit-metadata: 1.5105420798063278
  landing: 0.9024484008550644
  view-data: 3.326378457248211
