times:
  edit-metadata: 1.4300123490393162
  landing: 0.8831909522414207
  view-data: 3.330896746367216
