times:
  edit-metadata: 0.5251373378559947
  landing: 0.04820262314751744
  view-data: 0.2400326211936772
