times:
  edit-metadata: 0.6339721260010265
  landing: 0.10118006099946797
  view-data: 0.24450289100059308
