times:
  edit-metadata: 0.5803419491276145
  landing: 0.09733390109613538
  view-data: 0.30729086697101593
