times:
  edit-metadata: 1.4006433696486056
  landing: 0.970475462730974
  view-data: 3.4422952658496797
