times:
  edit-metadata: 1.50280636921525
  landing: 0.7706685177981853
  view-data: 3.362645987421274
