times:
  edit-metadata: 0.5444582540076226
  landing: 0.06674306816421449
  view-data: 0.22281364584341645
