times:
  edit-metadata: 1.5696315485984087
  landing: 0.7975332196801901
  view-data: 3.4375645518302917
