times:
  edit-metadata: 1.4670900888741016
  landing: 0.8387783477082849
  view-data: 3.3037196090444922
