times:
  edit-metadata: 1.5172795848920941
  landing: 0.753316308138892
  view-data: 3.3057766531128436
