times:
  edit-metadata: 0.6150150450412184
  landing: 0.04730159498285502
  view-data: 0.21670695999637246
