times:
  edit-metadata: 0.5417413489776663
  landing: 0.052399977983441204
  view-data: 0.33468519200687297
