times:
  edit-metadata: 1.5298237781971693
  landing: 0.8147369269281626
  view-data: 3.427482971921563
