times:
  edit-metadata: 1.3809826262295246
  landing: 0.8868340961635113
  view-data: 3.3169382736086845
