times:
  edit-metadata: 1.5183656755834818
  landing: 0.7986490819603205
  view-data: 3.3941719084978104
