times:
  edit-metadata: 1.5748868994414806
  landing: 1.0929968729615211
  view-data: 3.437439702451229
