times:
  edit-metadata: 1.3157517770305276
  landing: 0.8373434320092201
  view-data: 3.343053371878341
