times:
  edit-metadata: 1.4457853022031486
  landing: 0.8667840990237892
  view-data: 3.4132145759649575
