times:
  edit-metadata: 1.4252489544451237
  landing: 0.7698062416166067
  view-data: 3.3741370672360063
