times:
  edit-metadata: 1.367409035563469
  landing: 0.8893026262521744
  view-data: 3.3805546052753925
