times:
  edit-metadata: 1.700629711151123
  landing: 0.9121762439608574
  view-data: 3.3681854028254747
