times:
  edit-metadata: 1.4545011478476226
  landing: 0.8124090302735567
  view-data: 3.388344799168408
