times:
  edit-metadata: 0.5446444009430707
  landing: 0.046516061993315816
  view-data: 0.2331013409420848
