times:
  edit-metadata: 1.450887531042099
  landing: 0.9140299707651138
  view-data: 3.381290189921856
