times:
  edit-metadata: 1.5763665400445461
  landing: 0.9435469023883343
  view-data: 3.3624361269176006
