times:
  edit-metadata: 1.4141166834160686
  landing: 0.8222641656175256
  view-data: 3.3043389758095145
