times:
  edit-metadata: 1.5462185516953468
  landing: 0.878553818911314
  view-data: 3.3489250540733337
