times:
  edit-metadata: 0.5418966338038445
  landing: 0.05122878192923963
  view-data: 0.24293804611079395
