times:
  edit-metadata: 0.5167496430221945
  landing: 0.06990541005507112
  view-data: 0.2124375820858404
