times:
  edit-metadata: 0.5802918290137313
  landing: 0.0685734220314771
  view-data: 0.26056347298435867
