times:
  edit-metadata: 1.5323324874043465
  landing: 0.9204548038542271
  view-data: 3.4450416304171085
