times:
  edit-metadata: 1.5762612409889698
  landing: 0.9477470479905605
  view-data: 3.303000781685114
