times:
  edit-metadata: 1.396410796791315
  landing: 0.6711188051849604
  view-data: 3.5784137155860662
