times:
  edit-metadata: 0.5411549700074829
  landing: 0.057540818001143634
  view-data: 0.23220709501765668
