times:
  edit-metadata: 1.3971731886267662
  landing: 0.9296605288982391
  view-data: 3.3499907851219177
