times:
  edit-metadata: 1.5215823519974947
  landing: 0.9022133750841022
  view-data: 3.2766967336647213
