times:
  edit-metadata: 0.5986441290006042
  landing: 0.07460239600914065
  view-data: 0.2086622329952661
