times:
  edit-metadata: 0.6103379139967728
  landing: 0.06505835699499585
  view-data: 0.330731043999549
