times:
  edit-metadata: 0.594400342029985
  landing: 0.04119353502755985
  view-data: 0.25671627500560135
