times:
  edit-metadata: 2.310193565674126
  landing: 1.0858178157359362
  view-data: 3.58332303725183
