times:
  edit-metadata: 1.6048878710716963
  landing: 0.7998587861657143
  view-data: 3.458685040473938
