times:
  edit-metadata: 1.4059215784072876
  landing: 0.6608888935297728
  view-data: 3.2981211747974157
