times:
  edit-metadata: 1.4939695354551077
  landing: 0.8653367068618536
  view-data: 3.407604483887553
