times:
  edit-metadata: 2.6688682287931442
  landing: 1.2918733730912209
  view-data: 3.6488919761031866
