times:
  edit-metadata: 0.5382688340032473
  landing: 0.05070074199466035
  view-data: 0.21930558601161465
