times:
  edit-metadata: 1.575945759192109
  landing: 0.8601525947451591
  view-data: 3.4025021214038134
