times:
  edit-metadata: 1.8579194648191333
  landing: 0.9880645489320159
  view-data: 3.4696477195248008
