times:
  edit-metadata: 1.5381567552685738
  landing: 0.8851023465394974
  view-data: 3.30674771592021
