times:
  edit-metadata: 1.55013931915164
  landing: 0.7933876048773527
  view-data: 3.4165017399936914
