times:
  edit-metadata: 1.541415749117732
  landing: 0.8520643003284931
  view-data: 3.39056502468884
