times:
  edit-metadata: 1.4739237166941166
  landing: 0.7457449361681938
  view-data: 3.315398884937167
