times:
  edit-metadata: 1.560313407331705
  landing: 0.7687000427395105
  view-data: 3.4449517522007227
