times:
  edit-metadata: 1.6200878620147705
  landing: 0.9705038107931614
  view-data: 3.3227638974785805
