times:
  edit-metadata: 1.676622997969389
  landing: 1.0044604577124119
  view-data: 3.357672054320574
