times:
  edit-metadata: 1.5319376215338707
  landing: 0.9590981863439083
  view-data: 3.368261467665434
