times:
  edit-metadata: 2.0570106767117977
  landing: 1.4246359374374151
  view-data: 3.5475097876042128
