times:
  edit-metadata: 0.5540992850001203
  landing: 0.04896792099953018
  view-data: 0.23096315899965703
