times:
  edit-metadata: 1.9913951363414526
  landing: 0.8015227019786835
  view-data: 3.5191861651837826
