times:
  edit-metadata: 1.540755843743682
  landing: 0.7352032139897346
  view-data: 3.348565272986889
