times:
  edit-metadata: 1.4385958868078887
  landing: 0.8511713822372258
  view-data: 3.4056290350854397
