times:
  edit-metadata: 1.577978802844882
  landing: 0.921754689887166
  view-data: 3.4379737488925457
