times:
  edit-metadata: 1.3553381823003292
  landing: 0.8986160792410374
  view-data: 3.3469567969441414
