times:
  edit-metadata: 1.4926129933446646
  landing: 0.7700848411768675
  view-data: 3.4118677396327257
