times:
  edit-metadata: 0.5138981640338898
  landing: 0.06376701616682112
  view-data: 0.24742819601669908
