times:
  edit-metadata: 1.4709199219942093
  landing: 0.730066541582346
  view-data: 3.3049796260893345
