times:
  edit-metadata: 1.4375927485525608
  landing: 0.8525890717282891
  view-data: 3.4099447494372725
