times:
  edit-metadata: 1.48701402079314
  landing: 0.939834464341402
  view-data: 3.525067509151995
