times:
  edit-metadata: 1.52087433449924
  landing: 0.774560047313571
  view-data: 3.416534475982189
