times:
  edit-metadata: 1.7053065481595695
  landing: 1.0367081589065492
  view-data: 3.3583523901179433
