times:
  edit-metadata: 1.4040992697700858
  landing: 0.9967738017439842
  view-data: 3.3622866068035364
