times:
  edit-metadata: 1.5518638640642166
  landing: 0.9871110916137695
  view-data: 3.51343890465796
