times:
  edit-metadata: 1.3310146480798721
  landing: 0.8406298942863941
  view-data: 3.277186058461666
