times:
  edit-metadata: 1.4054688699543476
  landing: 4.405678811017424
  view-data: 3.2803411232307553
