times:
  edit-metadata: 0.6129073329502717
  landing: 0.10601645498536527
  view-data: 0.24894102395046502
