times:
  edit-metadata: 0.53435771696968
  landing: 0.07061638694722205
  view-data: 0.23455004603601992
