times:
  edit-metadata: 3.4150045588612556
  landing: 2.59867100790143
  view-data: 4.062855761498213
