times:
  edit-metadata: 0.5232967101037502
  landing: 0.05013993289321661
  view-data: 0.23167009372264147
