times:
  edit-metadata: 1.4938950575888157
  landing: 0.8895609369501472
  view-data: 3.433022189885378
