times:
  edit-metadata: 0.5073709771968424
  landing: 0.07134506665170193
  view-data: 0.2298475499264896
