times:
  edit-metadata: 1.6837840508669615
  landing: 0.8628446375951171
  view-data: 3.332151929847896
