times:
  edit-metadata: 1.5333248525857925
  landing: 1.0125335417687893
  view-data: 3.403388664126396
