times:
  edit-metadata: 1.6864674454554915
  landing: 1.3438873467966914
  view-data: 0.5412778798490763
