times:
  edit-metadata: 1.5186474472284317
  landing: 0.725706834346056
  view-data: 3.390937954187393
