times:
  edit-metadata: 1.509844247251749
  landing: 0.7753943279385567
  view-data: 3.454816833138466
