times:
  edit-metadata: 1.5135693438351154
  landing: 0.7262990530580282
  view-data: 4.550790207460523
