times:
  edit-metadata: 1.4766901023685932
  landing: 0.8855538181960583
  view-data: 3.354523777961731
