times:
  edit-metadata: 1.4295093975961208
  landing: 0.8314091674983501
  view-data: 3.3907913491129875
