times:
  edit-metadata: 1.6356168519705534
  landing: 0.9030242878943682
  view-data: 3.488031329587102
