times:
  edit-metadata: 1.379944235086441
  landing: 0.8154486566781998
  view-data: 3.302874445915222
