times:
  edit-metadata: 1.4828351894393563
  landing: 0.8500598836690187
  view-data: 0.5398012902587652
