times:
  edit-metadata: 0.6076040710322559
  landing: 0.046250130981206894
  view-data: 0.2534670880995691
