times:
  edit-metadata: 1.4300907030701637
  landing: 0.8460844159126282
  view-data: 3.3237226977944374
