times:
  edit-metadata: 1.6054801940917969
  landing: 0.9727839827537537
  view-data: 3.35216149315238
