times:
  edit-metadata: 0.5994384190125857
  landing: 0.04906535701593384
  view-data: 0.2305673939990811
