times:
  edit-metadata: 1.5214684754610062
  landing: 1.0025912076234818
  view-data: 3.3369861505925655
