times:
  edit-metadata: 0.5250831650337204
  landing: 0.05829417996574193
  view-data: 0.22095276706386358
