times:
  edit-metadata: 2.1180280670523643
  landing: 1.4175674319267273
  view-data: 3.430616647005081
