times:
  edit-metadata: 0.5158943510032259
  landing: 0.052580607996787876
  view-data: 0.22926148600527085
