times:
  edit-metadata: 1.4833253002725542
  landing: 4.155908232089132
  view-data: 3.48826441494748
