times:
  edit-metadata: 1.5229875035583973
  landing: 0.7794015947729349
  view-data: 3.3503492530435324
