times:
  edit-metadata: 1.4717115182429552
  landing: 0.7914285827428102
  view-data: 3.3706338219344616
