times:
  edit-metadata: 1.5267707593739033
  landing: 0.9570101723074913
  view-data: 3.343446809798479
