times:
  edit-metadata: 1.5779897905886173
  landing: 0.7928576990962029
  view-data: 3.438817422837019
