times:
  edit-metadata: 1.4853998068720102
  landing: 0.8632085453718901
  view-data: 3.354088895022869
