times:
  edit-metadata: 1.563673097640276
  landing: 0.7710954491049051
  view-data: 3.3932195734232664
