times:
  edit-metadata: 1.7228640653192997
  landing: 0.9981798864901066
  view-data: 3.6646862886846066
