times:
  edit-metadata: 1.5257745627313852
  landing: 0.7508657481521368
  view-data: 3.40088227391243
