times:
  edit-metadata: 2.123281918466091
  landing: 1.3162436690181494
  view-data: 3.667000899091363
