times:
  edit-metadata: 1.5143567603081465
  landing: 0.7675192281603813
  view-data: 3.3988624438643456
