times:
  edit-metadata: 1.4715179787017405
  landing: 0.8722665943205357
  view-data: 3.434377274941653
