times:
  edit-metadata: 1.3736429959535599
  landing: 0.8960048705339432
  view-data: 3.369883321225643
