times:
  edit-metadata: 0.5322886328212917
  landing: 0.057002517860382795
  view-data: 0.22708555310964584
