times:
  edit-metadata: 0.536897653946653
  landing: 0.056547712069004774
  view-data: 0.3494178580585867
