times:
  edit-metadata: 1.5993187092244625
  landing: 0.9956799447536469
  view-data: 3.4546952173113823
