times:
  edit-metadata: 0.5049208640120924
  landing: 0.06146531295962632
  view-data: 0.21015669917687774
