times:
  edit-metadata: 0.536167073994875
  landing: 0.050403830129653215
  view-data: 0.49018881493248045
