times:
  edit-metadata: 1.558581244200468
  landing: 0.9441727288067341
  view-data: 3.396036561578512
