times:
  edit-metadata: 2.0882263584062457
  landing: 1.2042196500115097
  view-data: 3.4863552302122116
