times:
  edit-metadata: 0.5887061629910022
  landing: 0.06969811901217327
  view-data: 0.2396278980304487
