times:
  edit-metadata: 1.5303350910544395
  landing: 0.9134113974869251
  view-data: 3.4113570228219032
