times:
  edit-metadata: 0.9445605610089842
  landing: 0.1530518110084813
  view-data: 0.2539008909952827
