times:
  edit-metadata: 1.324647034984082
  landing: 0.7664898871444166
  view-data: 3.3609309408348054
