times:
  edit-metadata: 2.707159336656332
  landing: 1.6244957819581032
  view-data: 3.432140678167343
