times:
  edit-metadata: 1.5243502650409937
  landing: 0.8869452821090817
  view-data: 3.340582275763154
