times:
  edit-metadata: 1.7681682519614697
  landing: 2.081579969264567
  view-data: 3.357069479301572
