times:
  edit-metadata: 2.513334561139345
  landing: 1.519775900989771
  view-data: 3.453843865543604
