times:
  edit-metadata: 1.5692172944545746
  landing: 0.7021300978958607
  view-data: 3.2389576509594917
