times:
  edit-metadata: 0.5187358109978959
  landing: 0.05511966999620199
  view-data: 0.22028399189002812
