times:
  edit-metadata: 1.4551071729511023
  landing: 0.8674288745969534
  view-data: 3.3791640056297183
