times:
  edit-metadata: 0.5139128580049146
  landing: 0.05757029302185401
  view-data: 0.23173184198094532
