times:
  edit-metadata: 1.4710793308913708
  landing: 0.8925945870578289
  view-data: 3.2730514593422413
