times:
  edit-metadata: 0.542014292004751
  landing: 0.06680005700036418
  view-data: 0.24400033600250026
