times:
  edit-metadata: 1.9052256420254707
  landing: 0.9797162394970655
  view-data: 3.485741125419736
