times:
  edit-metadata: 0.5251538399606943
  landing: 0.057091164868324995
  view-data: 0.34536283602938056
