times:
  edit-metadata: 1.4387103831395507
  landing: 0.7359303208068013
  view-data: 3.37598485709168
