times:
  edit-metadata: 0.6032718859996749
  landing: 0.04802331900009449
  view-data: 0.23279180400004407
