times:
  edit-metadata: 1.5243942756205797
  landing: 0.7822603471577168
  view-data: 3.36696513928473
