times:
  edit-metadata: 1.430339526385069
  landing: 0.9688253365457058
  view-data: 3.3276667334139347
