times:
  edit-metadata: 0.5341868831310421
  landing: 0.05774704203940928
  view-data: 0.27055870299227536
