times:
  edit-metadata: 1.5829107109457254
  landing: 0.8372231014072895
  view-data: 3.4471024107187986
