times:
  edit-metadata: 1.5035857986658812
  landing: 0.7918962985277176
  view-data: 3.3719919957220554
