times:
  edit-metadata: 0.5271484209224582
  landing: 0.056594706140458584
  view-data: 0.22385049890726805
