times:
  edit-metadata: 0.5112167519982904
  landing: 0.051686385995708406
  view-data: 0.22861292795278132
