times:
  edit-metadata: 1.4690456830430776
  landing: 0.8477078240830451
  view-data: 3.380889744963497
