times:
  edit-metadata: 1.5062585175037384
  landing: 0.8318554908037186
  view-data: 3.342847306281328
