times:
  edit-metadata: 1.4038043655455112
  landing: 0.8980677612125874
  view-data: 3.3438444696366787
