times:
  edit-metadata: 1.5369844734668732
  landing: 0.8386727571487427
  view-data: 3.3978348411619663
