times:
  edit-metadata: 1.385691773146391
  landing: 0.8764260411262512
  view-data: 3.37917347997427
