times:
  edit-metadata: 0.6020341130206361
  landing: 0.03972976398654282
  view-data: 0.22136897395830601
