times:
  edit-metadata: 0.5360352059360594
  landing: 0.06443211901932955
  view-data: 0.22008547186851501
