times:
  edit-metadata: 1.5996394082903862
  landing: 0.9166353102773428
  view-data: 3.485759548842907
