times:
  edit-metadata: 1.2767993658781052
  landing: 0.7506031589582562
  view-data: 3.317138582933694
