times:
  edit-metadata: 0.5666594333015382
  landing: 0.09179647359997034
  view-data: 0.24940997781232
