times:
  edit-metadata: 1.7083226256072521
  landing: 1.1586986519396305
  view-data: 3.490351516753435
