times:
  edit-metadata: 1.5595568269491196
  landing: 0.921566054224968
  view-data: 3.3407686427235603
