times:
  edit-metadata: 0.540056232130155
  landing: 0.05781286978162825
  view-data: 0.24705795291811228
