times:
  edit-metadata: 1.5614025290124118
  landing: 0.8038419038057327
  view-data: 3.304455222096294
