times:
  edit-metadata: 0.5107616179739125
  landing: 0.05246142600663006
  view-data: 0.4710402349883225
