times:
  edit-metadata: 1.5778241567313671
  landing: 0.8555577211081982
  view-data: 3.3938654139637947
