times:
  edit-metadata: 1.5647269506007433
  landing: 0.8045628033578396
  view-data: 3.425632931292057
