times:
  edit-metadata: 1.4574678977951407
  landing: 0.8193030310794711
  view-data: 3.3728663278743625
