times:
  edit-metadata: 1.6124107763171196
  landing: 0.9305692203342915
  view-data: 3.4114525876939297
