times:
  edit-metadata: 1.8648190507665277
  landing: 0.8284487519413233
  view-data: 3.4336834652349353
