times:
  edit-metadata: 1.4915299601852894
  landing: 0.8408103045076132
  view-data: 3.3445443278178573
