times:
  edit-metadata: 0.5370306519325823
  landing: 0.05499877710826695
  view-data: 0.22569648292846978
