times:
  edit-metadata: 0.6023657649639063
  landing: 0.04912967199925333
  view-data: 0.3478817760478705
