times:
  edit-metadata: 1.5294470079243183
  landing: 0.7502859830856323
  view-data: 3.3554254807531834
