times:
  edit-metadata: 1.459275096654892
  landing: 1.0910060470923781
  view-data: 3.3625216181389987
