times:
  edit-metadata: 1.5162657126784325
  landing: 0.972290638834238
  view-data: 3.4276205338537693
