times:
  edit-metadata: 1.58757253177464
  landing: 0.8140812683850527
  view-data: 3.3906234838068485
