times:
  edit-metadata: 1.4160195365548134
  landing: 1.0121654644608498
  view-data: 3.422704257071018
