times:
  edit-metadata: 1.5319685898721218
  landing: 0.7902722600847483
  view-data: 3.424768505617976
