times:
  edit-metadata: 1.5541237853467464
  landing: 0.9204944688826799
  view-data: 3.387121807783842
