times:
  edit-metadata: 1.4763289541006088
  landing: 0.8145458176732063
  view-data: 3.4113820046186447
