times:
  edit-metadata: 1.609198959544301
  landing: 0.7963401675224304
  view-data: 3.320280235260725
