times:
  edit-metadata: 1.4689487889409065
  landing: 0.8953687846660614
  view-data: 3.344108209013939
