times:
  edit-metadata: 1.4683604910969734
  landing: 0.8237257627770305
  view-data: 3.4440892236307263
