times:
  edit-metadata: 1.4475901946425438
  landing: 0.7992834821343422
  view-data: 3.3792028725147247
