times:
  edit-metadata: 1.5056448939722031
  landing: 0.8305233709979802
  view-data: 3.3152760739903897
