times:
  edit-metadata: 0.5321336989291012
  landing: 0.05985466344282031
  view-data: 0.25521667674183846
