times:
  edit-metadata: 1.5169080793857574
  landing: 0.7382230628281832
  view-data: 3.4128066208213568
