times:
  edit-metadata: 1.548003064468503
  landing: 0.7468770761042833
  view-data: 3.3977841958403587
