times:
  edit-metadata: 1.552007481455803
  landing: 0.8120780438184738
  view-data: 3.3444641698151827
