times:
  edit-metadata: 1.5298213697969913
  landing: 0.9577844850718975
  view-data: 3.3529853522777557
