times:
  edit-metadata: 1.5008163042366505
  landing: 0.8650727840140462
  view-data: 3.417706413194537
