times:
  edit-metadata: 0.6158557049930096
  landing: 0.05313074204605073
  view-data: 0.23565809498541057
