times:
  edit-metadata: 1.4483722071163356
  landing: 0.8071864251978695
  view-data: 3.361347622703761
