times:
  edit-metadata: 1.4487519785761833
  landing: 1.0553874485194683
  view-data: 3.313836272805929
