times:
  edit-metadata: 1.3744791778735816
  landing: 0.726129338843748
  view-data: 3.3558902838267386
