times:
  edit-metadata: 1.4540207386016846
  landing: 0.8288192264735699
  view-data: 3.3361388258635998
