times:
  edit-metadata: 0.5262402351945639
  landing: 0.05580201209522784
  view-data: 0.2141545219346881
