times:
  edit-metadata: 1.4690836034715176
  landing: 0.9665676429867744
  view-data: 3.370846498757601
