times:
  edit-metadata: 0.5294973091222346
  landing: 0.05811645882204175
  view-data: 0.22070618625730276
