times:
  edit-metadata: 1.5397870689630508
  landing: 0.7468241304159164
  view-data: 3.3927637599408627
