times:
  edit-metadata: 2.309306377544999
  landing: 1.678910467773676
  view-data: 3.619058959186077
