times:
  edit-metadata: 1.4104188457131386
  landing: 0.8638078421354294
  view-data: 3.313403643667698
