times:
  edit-metadata: 0.5804547440056922
  landing: 0.06055567900330061
  view-data: 0.22663900299812667
