times:
  edit-metadata: 2.185535315424204
  landing: 1.1626507751643658
  view-data: 3.394213356077671
