times:
  edit-metadata: 0.5156303578987718
  landing: 0.06116833002306521
  view-data: 0.20705102593638003
