times:
  edit-metadata: 1.7189813260920346
  landing: 0.8454996260115877
  view-data: 3.312190313008614
