times:
  edit-metadata: 1.4131730858935043
  landing: 0.7469320429954678
  view-data: 3.3679064239840955
