times:
  edit-metadata: 0.5236128760734573
  landing: 0.056764202076010406
  view-data: 0.21503822994418442
