times:
  edit-metadata: 1.403499972075224
  landing: 0.8331316038966179
  view-data: 3.2783833146095276
