times:
  edit-metadata: 1.5249835401773453
  landing: 0.8541374001652002
  view-data: 3.3940446097403765
