times:
  edit-metadata: 1.431615760549903
  landing: 0.8343322183936834
  view-data: 3.3745810091495514
