times:
  edit-metadata: 1.4841145277023315
  landing: 0.8939970582723618
  view-data: 3.3164124079048634
