times:
  edit-metadata: 1.5051322779618204
  landing: 0.8821228900924325
  view-data: 3.4149364777840674
