times:
  edit-metadata: 1.5941418819129467
  landing: 0.8270563688129187
  view-data: 3.452979164198041
