times:
  edit-metadata: 1.68008691072464
  landing: 0.9407045170664787
  view-data: 3.352966658771038
