times:
  edit-metadata: 2.1033978201448917
  landing: 0.8184161321260035
  view-data: 3.5996649712324142
