times:
  edit-metadata: 0.5412321320036426
  landing: 0.05632099800277501
  view-data: 0.23717577196657658
