times:
  edit-metadata: 0.5205944119952619
  landing: 0.0465993070974946
  view-data: 0.3334476239979267
