times:
  edit-metadata: 1.4150613211095333
  landing: 0.919392354786396
  view-data: 3.3887186124920845
