times:
  edit-metadata: 1.498090898618102
  landing: 1.0367778856307268
  view-data: 3.4021441768854856
