times:
  edit-metadata: 1.5468366369605064
  landing: 0.8581509664654732
  view-data: 3.455104526132345
