times:
  edit-metadata: 2.376099214889109
  landing: 1.6700217463076115
  view-data: 3.731450056657195
