times:
  edit-metadata: 1.4890366401523352
  landing: 0.7140497956424952
  view-data: 3.3552417680621147
