times:
  edit-metadata: 1.4341004349989817
  landing: 0.9004058659775183
  view-data: 3.3997919799294323
