times:
  edit-metadata: 1.66162109375
  landing: 0.7745838984847069
  view-data: 3.286919094622135
