times:
  edit-metadata: 3.155159071087837
  landing: 1.3688630908727646
  view-data: 3.718552030622959
