times:
  edit-metadata: 1.4487953558564186
  landing: 0.7263711169362068
  view-data: 3.459952063858509
