times:
  edit-metadata: 1.3143540993332863
  landing: 0.7490367665886879
  view-data: 3.4455728456377983
