times:
  edit-metadata: 1.4428802579641342
  landing: 0.7978150472044945
  view-data: 3.5252574756741524
