times:
  edit-metadata: 1.5049911588430405
  landing: 0.7238380387425423
  view-data: 3.4238512441515923
