times:
  edit-metadata: 2.0507220327854156
  landing: 1.2084441483020782
  view-data: 3.634225904941559
