times:
  edit-metadata: 1.4471036046743393
  landing: 0.7603800818324089
  view-data: 3.5055514723062515
