times:
  edit-metadata: 1.5040432885289192
  landing: 0.7411588653922081
  view-data: 3.33169237524271
