times:
  edit-metadata: 1.9933635741472244
  landing: 1.2961067855358124
  view-data: 3.5236803144216537
