times:
  edit-metadata: 1.3698527365922928
  landing: 0.7936170101165771
  view-data: 7.460284538567066
