times:
  edit-metadata: 1.384636990725994
  landing: 0.7910266444087029
  view-data: 3.308144122362137
