times:
  edit-metadata: 1.4851200953125954
  landing: 0.794296994805336
  view-data: 3.4508201628923416
