times:
  edit-metadata: 1.4266707301139832
  landing: 0.700261801481247
  view-data: 3.4696894735097885
