times:
  edit-metadata: 2.040089976042509
  landing: 1.0728963129222393
  view-data: 3.4359077773988247
