times:
  edit-metadata: 1.9091782420873642
  landing: 1.1814419999718666
  view-data: 3.630777530372143
