times:
  edit-metadata: 1.4752731621265411
  landing: 0.7527354061603546
  view-data: 3.2604097202420235
