times:
  edit-metadata: 1.6580745503306389
  landing: 0.7167975679039955
  view-data: 3.549231141805649
