times:
  edit-metadata: 1.4142238348722458
  landing: 0.8322288319468498
  view-data: 3.3166498094797134
