times:
  edit-metadata: 1.3728635534644127
  landing: 0.7402355410158634
  view-data: 3.3091206550598145
