times:
  edit-metadata: 1.363343745470047
  landing: 0.8256208077073097
  view-data: 3.4905898347496986
