times:
  edit-metadata: 2.256093956530094
  landing: 1.2516196519136429
  view-data: 3.5477846264839172
