times:
  edit-metadata: 1.4488675855100155
  landing: 0.7557673640549183
  view-data: 3.3258288837969303
