times:
  edit-metadata: 1.4684862345457077
  landing: 0.8217488005757332
  view-data: 3.4583436474204063
