times:
  edit-metadata: 1.4523920863866806
  landing: 0.7945467531681061
  view-data: 3.500496231019497
