times:
  edit-metadata: 1.3662644624710083
  landing: 0.7323200330138206
  view-data: 3.477702774107456
