times:
  edit-metadata: 1.5052681118249893
  landing: 0.7086660787463188
  view-data: 3.4842837750911713
