times:
  edit-metadata: 1.3867808543145657
  landing: 0.7361906319856644
  view-data: 3.2766424119472504
