times:
  edit-metadata: 1.338216282427311
  landing: 0.8572508990764618
  view-data: 3.40493905544281
