times:
  edit-metadata: 1.5179147347807884
  landing: 0.8867237791419029
  view-data: 3.607467144727707
