times:
  edit-metadata: 1.4682948291301727
  landing: 0.8046714812517166
  view-data: 3.3154898583889008
