times:
  edit-metadata: 2.0009997561573982
  landing: 1.2793335393071175
  view-data: 3.407327763736248
