times:
  edit-metadata: 1.5207071974873543
  landing: 0.7922740802168846
  view-data: 3.5466188713908195
