times:
  edit-metadata: 1.5653071627020836
  landing: 0.8432885184884071
  view-data: 3.3355748280882835
