times:
  edit-metadata: 1.4517092294991016
  landing: 0.8443389162421227
  view-data: 3.339991722255945
