times:
  edit-metadata: 1.4886405877768993
  landing: 0.8992983922362328
  view-data: 3.290527381002903
