times:
  edit-metadata: 1.4284882843494415
  landing: 0.725477796047926
  view-data: 3.301419146358967
