times:
  edit-metadata: 1.4267793521285057
  landing: 0.7226728275418282
  view-data: 3.4481859654188156
