times:
  edit-metadata: 1.4326915591955185
  landing: 0.8634888678789139
  view-data: 3.39366914331913
