times:
  edit-metadata: 1.488332137465477
  landing: 0.7466919496655464
  view-data: 3.5789132714271545
