times:
  edit-metadata: 1.548448234796524
  landing: 0.8161716610193253
  view-data: 3.4019979164004326
