times:
  edit-metadata: 1.4894941225647926
  landing: 0.8234068602323532
  view-data: 3.480119079351425
