times:
  edit-metadata: 1.4989798665046692
  landing: 0.7544339001178741
  view-data: 3.4866727367043495
