times:
  edit-metadata: 1.367249995470047
  landing: 0.7741562649607658
  view-data: 3.5127172097563744
