times:
  edit-metadata: 1.6841271594166756
  landing: 0.8956511691212654
  view-data: 3.318552687764168
