times:
  edit-metadata: 1.4999846443533897
  landing: 0.9608449190855026
  view-data: 3.278315879404545
