times:
  edit-metadata: 1.42503472417593
  landing: 0.8004161417484283
  view-data: 3.453469604253769
