times:
  edit-metadata: 1.404242753982544
  landing: 0.8085112273693085
  view-data: 3.298153068870306
