times:
  edit-metadata: 1.4034275636076927
  landing: 0.7938070595264435
  view-data: 3.513921931385994
