times:
  edit-metadata: 1.353985771536827
  landing: 0.7046824619174004
  view-data: 3.521135337650776
