times:
  edit-metadata: 1.3875081464648247
  landing: 0.8141098767518997
  view-data: 3.574170485138893
