times:
  edit-metadata: 1.3340299800038338
  landing: 0.7315700948238373
  view-data: 3.4191690012812614
