times:
  edit-metadata: 1.4322285801172256
  landing: 0.6899854317307472
  view-data: 3.4469201639294624
