times:
  edit-metadata: 1.5044523477554321
  landing: 0.7675201892852783
  view-data: 3.4554589688777924
