times:
  edit-metadata: 1.4944263100624084
  landing: 0.6937763541936874
  view-data: 3.5044360384345055
