times:
  edit-metadata: 1.4414846003055573
  landing: 0.8692056238651276
  view-data: 3.3089643716812134
