times:
  edit-metadata: 1.4643264785408974
  landing: 0.8345928192138672
  view-data: 3.5146291106939316
