times:
  edit-metadata: 1.508257508277893
  landing: 0.7745387777686119
  view-data: 3.324026443064213
