times:
  edit-metadata: 1.4734600111842155
  landing: 0.7729995027184486
  view-data: 3.5348640233278275
