times:
  edit-metadata: 2.4697115421295166
  landing: 1.6521342620253563
  view-data: 3.9424089565873146
