times:
  edit-metadata: 1.4457733035087585
  landing: 0.7549498677253723
  view-data: 3.4219184517860413
