times:
  edit-metadata: 1.3676289692521095
  landing: 0.8982255309820175
  view-data: 3.512067034840584
