times:
  edit-metadata: 1.4512578919529915
  landing: 0.8094694092869759
  view-data: 3.317455291748047
