times:
  edit-metadata: 1.5004984512925148
  landing: 0.8024807348847389
  view-data: 3.3439355194568634
