times:
  edit-metadata: 1.357606701552868
  landing: 0.7264804467558861
  view-data: 3.4312478974461555
