times:
  edit-metadata: 1.5723423063755035
  landing: 0.8656232990324497
  view-data: 3.3322187811136246
