times:
  edit-metadata: 1.4611665308475494
  landing: 0.8138014003634453
  view-data: 3.389821246266365
