times:
  edit-metadata: 1.4471826255321503
  landing: 0.7159759253263474
  view-data: 3.503289319574833
