times:
  edit-metadata: 1.4338618963956833
  landing: 0.7895014956593513
  view-data: 3.326298452913761
