times:
  edit-metadata: 1.550037369132042
  landing: 0.8197758048772812
  view-data: 3.432743839919567
