times:
  edit-metadata: 2.2678083442151546
  landing: 1.0507196858525276
  view-data: 3.3573655001819134
