times:
  edit-metadata: 1.6352086663246155
  landing: 0.8224867731332779
  view-data: 3.3369838148355484
