times:
  edit-metadata: 1.5855796411633492
  landing: 0.8260827511548996
  view-data: 3.301918037235737
