times:
  edit-metadata: 1.5053554251790047
  landing: 0.757401816546917
  view-data: 3.434252828359604
