times:
  edit-metadata: 1.336594097316265
  landing: 0.7169101759791374
  view-data: 3.4795688316226006
