times:
  edit-metadata: 1.8165361434221268
  landing: 1.168080061674118
  view-data: 3.6192107051610947
