times:
  edit-metadata: 1.994807492941618
  landing: 1.3157523162662983
  view-data: 3.3853183947503567
