times:
  edit-metadata: 1.3337156176567078
  landing: 0.72816152125597
  view-data: 3.4359648674726486
