times:
  edit-metadata: 1.4044984430074692
  landing: 0.6941584423184395
  view-data: 3.4493273571133614
