times:
  edit-metadata: 1.4386530444025993
  landing: 0.7516048699617386
  view-data: 3.455150842666626
