times:
  edit-metadata: 1.3259984254837036
  landing: 0.7744264453649521
  view-data: 3.425551325082779
