times:
  edit-metadata: 1.7571440860629082
  landing: 1.0460660457611084
  view-data: 3.509761344641447
