times:
  edit-metadata: 1.4547996446490288
  landing: 0.7742302268743515
  view-data: 3.5301090329885483
