times:
  edit-metadata: 1.3405939117074013
  landing: 0.7400263845920563
  view-data: 7.969132766127586
