times:
  edit-metadata: 1.9136102050542831
  landing: 1.0657790564000607
  view-data: 3.4417454451322556
