times:
  edit-metadata: 1.4833980351686478
  landing: 0.7329662889242172
  view-data: 3.439849480986595
