times:
  edit-metadata: 2.1028530970215797
  landing: 1.0352927669882774
  view-data: 3.7384571358561516
