times:
  edit-metadata: 1.3812162056565285
  landing: 0.731496088206768
  view-data: 3.2749155685305595
