times:
  edit-metadata: 1.4310891777276993
  landing: 0.7374495416879654
  view-data: 3.4979303181171417
