times:
  edit-metadata: 1.3962367996573448
  landing: 0.7779252380132675
  view-data: 3.513337641954422
