times:
  edit-metadata: 1.3559774532914162
  landing: 0.6763446554541588
  view-data: 3.448775105178356
