times:
  edit-metadata: 1.3777562230825424
  landing: 0.7669226750731468
  view-data: 3.5132820159196854
