times:
  edit-metadata: 1.7657157257199287
  landing: 1.2990273460745811
  view-data: 3.61054677516222
