times:
  edit-metadata: 1.400087259709835
  landing: 0.8334654793143272
  view-data: 3.504690058529377
