times:
  edit-metadata: 1.4086332470178604
  landing: 0.7268229424953461
  view-data: 3.48366916179657
