times:
  edit-metadata: 1.5415607020258904
  landing: 0.7394356355071068
  view-data: 3.5024172514677048
