times:
  edit-metadata: 1.540223389863968
  landing: 0.9139096811413765
  view-data: 3.551667846739292
