times:
  edit-metadata: 1.5334110334515572
  landing: 0.7973607406020164
  view-data: 3.3984965421259403
