times:
  edit-metadata: 1.8963270336389542
  landing: 0.9328481107950211
  view-data: 3.3437610119581223
