times:
  edit-metadata: 1.412683591246605
  landing: 0.8715758174657822
  view-data: 3.284308783710003
