times:
  edit-metadata: 1.4001901522278786
  landing: 0.8068731725215912
  view-data: 3.508617416024208
