times:
  edit-metadata: 1.4528878480196
  landing: 1.060532346367836
  view-data: 3.350493051111698
