times:
  edit-metadata: 1.3443720787763596
  landing: 0.7393201440572739
  view-data: 3.4112159684300423
