times:
  edit-metadata: 1.730334598571062
  landing: 0.9206884056329727
  view-data: 3.3851611390709877
