times:
  edit-metadata: 1.3899421244859695
  landing: 0.7424219697713852
  view-data: 3.4456603601574898
