times:
  edit-metadata: 1.5775250270962715
  landing: 1.1252699196338654
  view-data: 3.3832719698548317
