times:
  edit-metadata: 1.3725033104419708
  landing: 0.7656451389193535
  view-data: 3.456896662712097
