times:
  edit-metadata: 1.8037533983588219
  landing: 1.2919130101799965
  view-data: 3.698502615094185
