times:
  edit-metadata: 1.4754273742437363
  landing: 0.766592413187027
  view-data: 3.5529841259121895
