times:
  edit-metadata: 1.413894608616829
  landing: 0.7313472256064415
  view-data: 3.4494977444410324
