times:
  edit-metadata: 1.4149524047970772
  landing: 0.796422690153122
  view-data: 3.3904193490743637
