times:
  edit-metadata: 1.5002612918615341
  landing: 0.7019902616739273
  view-data: 3.464344821870327
