times:
  edit-metadata: 1.4481140710413456
  landing: 0.7960006855428219
  view-data: 3.3134267814457417
