times:
  edit-metadata: 2.0072600468993187
  landing: 0.9350047409534454
  view-data: 3.415893994271755
