times:
  edit-metadata: 1.3863239511847496
  landing: 0.8690133169293404
  view-data: 3.428253397345543
