times:
  edit-metadata: 1.869222268462181
  landing: 1.1611076667904854
  view-data: 3.4992815554142
