times:
  edit-metadata: 1.424437951296568
  landing: 0.7731386758387089
  view-data: 3.4074412919580936
