times:
  edit-metadata: 1.4173899292945862
  landing: 0.7914947792887688
  view-data: 3.469159349799156
