times:
  edit-metadata: 1.5027102157473564
  landing: 0.7290398851037025
  view-data: 3.525398515164852
