times:
  edit-metadata: 1.50461395829916
  landing: 0.9345369637012482
  view-data: 3.4765346497297287
