times:
  edit-metadata: 1.3776896968483925
  landing: 0.7660582885146141
  view-data: 3.51835485547781
