times:
  edit-metadata: 1.3657155632972717
  landing: 0.7456289678812027
  view-data: 3.4075810238718987
