times:
  edit-metadata: 1.5028004720807076
  landing: 0.7612956315279007
  view-data: 3.4733454808592796
