times:
  edit-metadata: 1.4178669080138206
  landing: 0.7584081739187241
  view-data: 3.4928220734000206
