times:
  edit-metadata: 1.557698555290699
  landing: 0.8159767463803291
  view-data: 3.471861019730568
