times:
  edit-metadata: 2.1010796949267387
  landing: 1.340389408171177
  view-data: 3.547957591712475
