times:
  edit-metadata: 1.3355972915887833
  landing: 0.7218823134899139
  view-data: 3.4909974336624146
