times:
  edit-metadata: 1.2942767590284348
  landing: 0.7795560508966446
  view-data: 3.4381116554141045
