times:
  edit-metadata: 1.4954441860318184
  landing: 0.8184699192643166
  view-data: 3.4709904938936234
