times:
  edit-metadata: 1.4338030964136124
  landing: 0.7802582159638405
  view-data: 3.458758629858494
