times:
  edit-metadata: 1.4939167872071266
  landing: 0.9113297984004021
  view-data: 3.6431062817573547
