times:
  edit-metadata: 1.9982329234480858
  landing: 1.560163825750351
  view-data: 3.7051128670573235
