times:
  edit-metadata: 1.339492715895176
  landing: 0.744036041200161
  view-data: 3.463540270924568
