times:
  edit-metadata: 1.378496177494526
  landing: 0.7537133693695068
  view-data: 3.5285897627472878
