times:
  edit-metadata: 1.3694326356053352
  landing: 0.7219094038009644
  view-data: 3.476514093577862
