times:
  edit-metadata: 1.6309197843074799
  landing: 1.0184461548924446
  view-data: 3.6007154062390327
