times:
  edit-metadata: 1.3365480452775955
  landing: 0.8292874470353127
  view-data: 3.478090390563011
