times:
  edit-metadata: 1.466213010251522
  landing: 0.7359510287642479
  view-data: 3.4421239718794823
