times:
  edit-metadata: 1.4960801675915718
  landing: 0.754376083612442
  view-data: 3.3910809010267258
