times:
  edit-metadata: 1.4760070368647575
  landing: 0.8108899220824242
  view-data: 0.5300720483064651
