times:
  edit-metadata: 1.4184632375836372
  landing: 0.7715772986412048
  view-data: 3.5378520414233208
