times:
  edit-metadata: 1.4106372967362404
  landing: 0.7341498881578445
  view-data: 3.462620921432972
