times:
  edit-metadata: 1.6622483655810356
  landing: 0.6839480027556419
  view-data: 3.390103295445442
