times:
  edit-metadata: 1.4933560341596603
  landing: 0.8622075691819191
  view-data: 3.4905096143484116
