times:
  edit-metadata: 1.387191817164421
  landing: 0.7502642795443535
  view-data: 3.4031182900071144
