times:
  edit-metadata: 1.5206820517778397
  landing: 0.8430082872509956
  view-data: 3.5476742014288902
