times:
  edit-metadata: 1.2918146401643753
  landing: 0.7376488223671913
  view-data: 3.4223935529589653
