times:
  edit-metadata: 1.3618756532669067
  landing: 0.7303485572338104
  view-data: 3.491122230887413
