times:
  edit-metadata: 1.4092285186052322
  landing: 0.7510657161474228
  view-data: 3.428519994020462
