times:
  edit-metadata: 2.5308679193258286
  landing: 1.5136272013187408
  view-data: 3.5591349825263023
