times:
  edit-metadata: 1.4253008365631104
  landing: 0.7789832130074501
  view-data: 3.5193435475230217
