times:
  edit-metadata: 1.4757013395428658
  landing: 0.6717962324619293
  view-data: 3.451220653951168
