times:
  edit-metadata: 1.5356425642967224
  landing: 0.8007309287786484
  view-data: 3.439521864056587
