times:
  edit-metadata: 1.444059133529663
  landing: 0.9064061120152473
  view-data: 3.5277561619877815
