times:
  edit-metadata: 1.3320133909583092
  landing: 0.8619795963168144
  view-data: 3.3994292095303535
