times:
  edit-metadata: 1.4962742328643799
  landing: 0.7765781208872795
  view-data: 3.49068146944046
