times:
  edit-metadata: 1.3713342621922493
  landing: 0.7055712267756462
  view-data: 3.495292142033577
