times:
  edit-metadata: 1.423908770084381
  landing: 0.9092371836304665
  view-data: 3.474015936255455
