times:
  edit-metadata: 1.4531919807195663
  landing: 0.7349886745214462
  view-data: 3.5095124319195747
