times:
  edit-metadata: 1.3335796371102333
  landing: 0.6910094693303108
  view-data: 3.4798600524663925
