times:
  edit-metadata: 1.3923588171601295
  landing: 0.7336937710642815
  view-data: 3.5245716273784637
