times:
  edit-metadata: 1.3801350593566895
  landing: 0.7836963906884193
  view-data: 3.4408443197607994
