times:
  edit-metadata: 1.389583595097065
  landing: 0.7341309040784836
  view-data: 3.3868729323148727
