times:
  edit-metadata: 1.375466525554657
  landing: 0.716559462249279
  view-data: 3.477889060974121
