times:
  edit-metadata: 1.386385552585125
  landing: 0.8304793387651443
  view-data: 3.4805095717310905
