times:
  edit-metadata: 1.359605722129345
  landing: 0.7708771601319313
  view-data: 3.4876464381814003
