times:
  edit-metadata: 1.4412920698523521
  landing: 0.7921135723590851
  view-data: 3.4613262712955475
