times:
  edit-metadata: 1.4322968795895576
  landing: 0.7672907710075378
  view-data: 3.63190183788538
