times:
  edit-metadata: 1.9984153136610985
  landing: 1.1015522330999374
  view-data: 3.55871269851923
