times:
  edit-metadata: 1.4077550619840622
  landing: 0.7872565165162086
  view-data: 3.3903665617108345
