times:
  edit-metadata: 1.400395728647709
  landing: 0.6709985956549644
  view-data: 3.4217915683984756
