times:
  edit-metadata: 1.3930736780166626
  landing: 0.7744884788990021
  view-data: 3.4876825734972954
