times:
  edit-metadata: 1.4191288501024246
  landing: 0.8054697960615158
  view-data: 3.421477697789669
