times:
  edit-metadata: 1.5847815126180649
  landing: 0.7571635022759438
  view-data: 3.4947557374835014
