times:
  edit-metadata: 1.395426370203495
  landing: 0.7375377118587494
  view-data: 3.437059737741947
