times:
  edit-metadata: 1.3846323639154434
  landing: 0.7163060531020164
  view-data: 3.4648942798376083
