times:
  edit-metadata: 1.426385574042797
  landing: 0.7822743132710457
  view-data: 3.4921859800815582
