times:
  edit-metadata: 1.408800907433033
  landing: 0.7651169449090958
  view-data: 3.492320589721203
