times:
  edit-metadata: 1.477178879082203
  landing: 0.6883063837885857
  view-data: 3.3993628844618797
