times:
  edit-metadata: 1.3571834787726402
  landing: 0.7641220539808273
  view-data: 3.5187397226691246
