times:
  edit-metadata: 1.4314334094524384
  landing: 0.8163713961839676
  view-data: 3.272005118429661
