times:
  edit-metadata: 1.6044265106320381
  landing: 0.8512899577617645
  view-data: 3.5332029685378075
