times:
  edit-metadata: 1.6357913091778755
  landing: 0.7863810881972313
  view-data: 3.5129604414105415
