times:
  edit-metadata: 1.4108205735683441
  landing: 0.7894301041960716
  view-data: 3.498300828039646
