times:
  edit-metadata: 1.3934128284454346
  landing: 0.717200294137001
  view-data: 3.466542534530163
