times:
  edit-metadata: 1.3853396028280258
  landing: 0.783490814268589
  view-data: 3.4843458607792854
