times:
  edit-metadata: 1.3654218092560768
  landing: 0.7891149744391441
  view-data: 3.421838827431202
