times:
  edit-metadata: 1.4530754536390305
  landing: 0.7200993746519089
  view-data: 3.4093776047229767
