times:
  edit-metadata: 1.3763430267572403
  landing: 0.7910904213786125
  view-data: 3.391801916062832
