times:
  edit-metadata: 1.3091179057955742
  landing: 0.73259187489748
  view-data: 3.4818615540862083
