times:
  edit-metadata: 1.3884573802351952
  landing: 0.8398248255252838
  view-data: 3.299516662955284
