times:
  edit-metadata: 1.3496166840195656
  landing: 0.7929357886314392
  view-data: 3.2650892920792103
