times:
  edit-metadata: 1.4887330047786236
  landing: 0.7221949137747288
  view-data: 3.361778523772955
