times:
  edit-metadata: 1.427759375423193
  landing: 0.746423527598381
  view-data: 3.2696335799992085
