times:
  edit-metadata: 1.3730081915855408
  landing: 0.745038453489542
  view-data: 3.2877918146550655
