times:
  edit-metadata: 1.6673403307795525
  landing: 0.931627444922924
  view-data: 3.3699112609028816
