times:
  edit-metadata: 1.4126448333263397
  landing: 0.7972560375928879
  view-data: 3.333275880664587
