times:
  edit-metadata: 1.5869917832314968
  landing: 0.8582846112549305
  view-data: 3.375949200242758
