times:
  edit-metadata: 1.4863606840372086
  landing: 0.7842162847518921
  view-data: 3.3895242996513844
