times:
  edit-metadata: 2.586725328117609
  landing: 1.389423731714487
  view-data: 3.497165482491255
