times:
  edit-metadata: 1.390734676271677
  landing: 0.7464304380118847
  view-data: 3.295356433838606
