times:
  edit-metadata: 1.4087341502308846
  landing: 0.7273764088749886
  view-data: 3.48516695946455
