times:
  edit-metadata: 1.4895441643893719
  landing: 0.8358173444867134
  view-data: 3.3030006736516953
