times:
  edit-metadata: 1.4619700461626053
  landing: 0.7438318356871605
  view-data: 3.4611553847789764
