times:
  edit-metadata: 1.4613602384924889
  landing: 0.957412913441658
  view-data: 3.9401525035500526
