times:
  edit-metadata: 1.368411161005497
  landing: 0.6998313218355179
  view-data: 3.462936319410801
