times:
  edit-metadata: 2.611668176949024
  landing: 0.9568603336811066
  view-data: 3.705134529620409
