times:
  edit-metadata: 1.3740556240081787
  landing: 0.7012609429657459
  view-data: 3.3503100015223026
