times:
  edit-metadata: 1.4632741212844849
  landing: 0.749960832297802
  view-data: 3.4093695655465126
