times:
  edit-metadata: 1.4519055485725403
  landing: 0.7825205139815807
  view-data: 3.334207594394684
