times:
  edit-metadata: 1.4259806126356125
  landing: 0.9013266265392303
  view-data: 3.530354641377926
