times:
  edit-metadata: 1.4649516306817532
  landing: 0.7560808099806309
  view-data: 3.2826105020940304
