times:
  edit-metadata: 1.462508276104927
  landing: 0.7363390102982521
  view-data: 3.5058441013097763
