times:
  edit-metadata: 1.5143058076500893
  landing: 0.8258817717432976
  view-data: 3.31522174179554
