times:
  edit-metadata: 1.3895819634199142
  landing: 0.7572642937302589
  view-data: 3.492072641849518
