times:
  edit-metadata: 1.4391887038946152
  landing: 0.8509175330400467
  view-data: 3.4905319958925247
