times:
  edit-metadata: 1.520180530846119
  landing: 0.8128877505660057
  view-data: 3.5118312537670135
