times:
  edit-metadata: 1.4404653757810593
  landing: 0.7619303949177265
  view-data: 3.297867227345705
