times:
  edit-metadata: 1.5021295845508575
  landing: 0.8181215897202492
  view-data: 3.3989218175411224
