times:
  edit-metadata: 2.0685515999794006
  landing: 1.265654556453228
  view-data: 3.51248087733984
