times:
  edit-metadata: 2.6952691972255707
  landing: 1.595676027238369
  view-data: 3.6821846701204777
