times:
  edit-metadata: 1.380370557308197
  landing: 0.7720238342881203
  view-data: 3.4520232751965523
