times:
  edit-metadata: 1.5238574221730232
  landing: 0.7328482270240784
  view-data: 3.4047579243779182
