times:
  edit-metadata: 1.5942598432302475
  landing: 0.8698601797223091
  view-data: 3.3251466788351536
