times:
  edit-metadata: 1.5268534682691097
  landing: 0.8121151104569435
  view-data: 3.308162599802017
