times:
  edit-metadata: 1.4294200092554092
  landing: 0.8463796451687813
  view-data: 3.324529990553856
