times:
  edit-metadata: 1.363207794725895
  landing: 0.7218547165393829
  view-data: 3.53380336612463
