times:
  edit-metadata: 1.1129221394658089
  landing: 0.7305041179060936
  view-data: 3.279725231230259
