times:
  edit-metadata: 1.5352763235569
  landing: 0.7672535553574562
  view-data: 3.265269197523594
