times:
  edit-metadata: 1.6320333518087864
  landing: 0.7960740588605404
  view-data: 3.3139719404280186
