times:
  edit-metadata: 1.3563326001167297
  landing: 0.8059888705611229
  view-data: 3.44634760171175
