times:
  edit-metadata: 3.3182492554187775
  landing: 1.63657146692276
  view-data: 3.644082397222519
