times:
  edit-metadata: 1.1581426784396172
  landing: 0.8393823429942131
  view-data: 3.4003389701247215
