times:
  edit-metadata: 1.451092191040516
  landing: 0.7505945339798927
  view-data: 3.4329229816794395
