times:
  edit-metadata: 1.4583337791264057
  landing: 0.8358826264739037
  view-data: 3.3668162263929844
