times:
  edit-metadata: 1.40672567486763
  landing: 0.7097576782107353
  view-data: 3.280676282942295
