times:
  edit-metadata: 1.426980808377266
  landing: 0.8497481495141983
  view-data: 3.5030213594436646
