times:
  edit-metadata: 1.5355036705732346
  landing: 0.7787869721651077
  view-data: 3.5673938542604446
