times:
  edit-metadata: 1.4293119460344315
  landing: 0.8573763146996498
  view-data: 3.2629900723695755
