times:
  edit-metadata: 1.4168555587530136
  landing: 0.7345648482441902
  view-data: 3.305327594280243
