times:
  edit-metadata: 1.4679451808333397
  landing: 0.688501700758934
  view-data: 3.4689570739865303
