times:
  edit-metadata: 1.5312684662640095
  landing: 0.9038853384554386
  view-data: 3.5226961970329285
