times:
  edit-metadata: 1.38873141258955
  landing: 0.7093120813369751
  view-data: 3.4680870547890663
