times:
  edit-metadata: 1.4074861854314804
  landing: 0.7079559862613678
  view-data: 3.514813333749771
