times:
  edit-metadata: 1.4356100670993328
  landing: 0.840857595205307
  view-data: 3.370862640440464
