times:
  edit-metadata: 1.8464662209153175
  landing: 0.7934775054454803
  view-data: 3.5497455671429634
