times:
  edit-metadata: 1.4732968397438526
  landing: 0.8057537190616131
  view-data: 3.251325212419033
