times:
  edit-metadata: 1.7104092687368393
  landing: 0.9671758189797401
  view-data: 3.3545229211449623
