times:
  edit-metadata: 1.34406828135252
  landing: 0.740838073194027
  view-data: 3.446479380130768
