times:
  edit-metadata: 1.498560305684805
  landing: 0.8113454207777977
  view-data: 3.320073038339615
