times:
  edit-metadata: 1.472705215215683
  landing: 0.7777038924396038
  view-data: 3.3208490386605263
