times:
  edit-metadata: 1.3913303092122078
  landing: 0.7419547513127327
  view-data: 3.7941238954663277
