times:
  edit-metadata: 1.4866706654429436
  landing: 0.7420460656285286
  view-data: 3.3292913362383842
