times:
  edit-metadata: 1.4812664315104485
  landing: 0.7889488823711872
  view-data: 3.3024949319660664
