times:
  edit-metadata: 1.4312467649579048
  landing: 0.8019287511706352
  view-data: 3.305496461689472
