times:
  edit-metadata: 1.6032000184059143
  landing: 1.1442457661032677
  view-data: 3.5589864030480385
