times:
  edit-metadata: 1.3821508437395096
  landing: 0.7852038890123367
  view-data: 3.516528844833374
