times:
  edit-metadata: 1.3319021314382553
  landing: 0.7905169352889061
  view-data: 3.5179562717676163
