times:
  edit-metadata: 1.5206943228840828
  landing: 0.701215036213398
  view-data: 3.4676997661590576
