times:
  edit-metadata: 1.4924922809004784
  landing: 0.9353150650858879
  view-data: 3.5553145334124565
