times:
  edit-metadata: 1.523154802620411
  landing: 0.7718530669808388
  view-data: 3.468956083059311
