times:
  edit-metadata: 1.4394145086407661
  landing: 0.6772962063550949
  view-data: 3.4080703780055046
