times:
  edit-metadata: 1.665166325867176
  landing: 0.8794427439570427
  view-data: 3.3397477716207504
