times:
  edit-metadata: 1.3932715877890587
  landing: 0.7260140478610992
  view-data: 3.2537608444690704
