times:
  edit-metadata: 1.7713822312653065
  landing: 0.8147759921848774
  view-data: 3.3358491845428944
