times:
  edit-metadata: 1.5322812385857105
  landing: 0.7722057849168777
  view-data: 3.346779353916645
