times:
  edit-metadata: 1.355065494775772
  landing: 0.7361420542001724
  view-data: 3.2808196172118187
