times:
  edit-metadata: 1.4108928963541985
  landing: 0.7272911071777344
  view-data: 3.4813321828842163
