times:
  edit-metadata: 1.9021197333931923
  landing: 1.3622170314192772
  view-data: 3.5762038081884384
