times:
  edit-metadata: 1.6952814236283302
  landing: 0.8396400958299637
  view-data: 3.307881787419319
