times:
  edit-metadata: 2.0120672434568405
  landing: 0.8608253374695778
  view-data: 3.387932240962982
