times:
  edit-metadata: 1.6963744945824146
  landing: 0.9752703569829464
  view-data: 3.307267602533102
