times:
  edit-metadata: 1.5156889334321022
  landing: 0.8394479900598526
  view-data: 3.3443592116236687
