times:
  edit-metadata: 1.5363926589488983
  landing: 0.7815800532698631
  view-data: 3.4242209419608116
