times:
  edit-metadata: 1.4600020423531532
  landing: 0.7591415867209435
  view-data: 3.3742718771100044
