times:
  edit-metadata: 1.4294100478291512
  landing: 5.733721822500229
  view-data: 3.379397213459015
