times:
  edit-metadata: 1.4091467782855034
  landing: 0.8012900054454803
  view-data: 3.4426698684692383
