times:
  edit-metadata: 1.465510107576847
  landing: 0.7881701216101646
  view-data: 3.322219133377075
