times:
  edit-metadata: 1.5464061126112938
  landing: 0.7393112555146217
  view-data: 3.4754696115851402
