times:
  edit-metadata: 2.2777552157640457
  landing: 0.9435592330992222
  view-data: 3.3377610743045807
