times:
  edit-metadata: 1.4617951698601246
  landing: 0.7514870092272758
  view-data: 3.352887984365225
