times:
  edit-metadata: 1.4557752385735512
  landing: 0.805574543774128
  view-data: 3.367639221251011
