times:
  edit-metadata: 1.430005095899105
  landing: 0.8459202125668526
  view-data: 3.3417441621422768
