times:
  edit-metadata: 1.455700520426035
  landing: 0.806804932653904
  view-data: 3.2980722784996033
