times:
  edit-metadata: 1.5090792775154114
  landing: 0.8345606774091721
  view-data: 3.303819105029106
