times:
  edit-metadata: 1.648513499647379
  landing: 0.9420730881392956
  view-data: 3.3294150680303574
