times:
  edit-metadata: 1.5401180759072304
  landing: 0.7311006113886833
  view-data: 3.4844614565372467
