times:
  edit-metadata: 1.5273196324706078
  landing: 0.7682744599878788
  view-data: 3.325003683567047
