times:
  edit-metadata: 1.5497777722775936
  landing: 0.8064059689640999
  view-data: 3.3048803694546223
