times:
  edit-metadata: 1.4420162066817284
  landing: 0.7019983157515526
  view-data: 3.4310362935066223
