times:
  edit-metadata: 1.5429137088358402
  landing: 0.8710261136293411
  view-data: 3.322114698588848
