times:
  edit-metadata: 1.448760014027357
  landing: 0.7479515261948109
  view-data: 3.3321399353444576
