times:
  edit-metadata: 1.4898699894547462
  landing: 0.6636760979890823
  view-data: 3.7757103964686394
