times:
  edit-metadata: 1.4188288301229477
  landing: 0.7457150667905807
  view-data: 3.292225405573845
