times:
  edit-metadata: 2.235371794551611
  landing: 1.4252453483641148
  view-data: 3.4583286680281162
