times:
  edit-metadata: 2.9342399314045906
  landing: 1.5289231315255165
  view-data: 3.984119698405266
