times:
  edit-metadata: 1.5726496875286102
  landing: 0.8490557074546814
  view-data: 3.394861277192831
