times:
  edit-metadata: 1.445732794702053
  landing: 0.7336922362446785
  view-data: 3.500090792775154
