times:
  edit-metadata: 1.5395734757184982
  landing: 0.7369123920798302
  view-data: 3.506499357521534
