times:
  edit-metadata: 1.4489644169807434
  landing: 0.6838457435369492
  view-data: 3.367258705198765
