times:
  edit-metadata: 1.3132418915629387
  landing: 0.691714271903038
  view-data: 3.5292857363820076
