times:
  edit-metadata: 1.5446967706084251
  landing: 0.8325737565755844
  view-data: 3.5445064678788185
