times:
  edit-metadata: 1.370599813759327
  landing: 0.7717246897518635
  view-data: 3.3143322840332985
