times:
  edit-metadata: 1.5259292423725128
  landing: 0.7328604459762573
  view-data: 3.409258671104908
