times:
  edit-metadata: 1.495875783264637
  landing: 0.7781844064593315
  view-data: 3.553086906671524
