times:
  edit-metadata: 1.52276973426342
  landing: 0.7825766950845718
  view-data: 3.5431944727897644
