times:
  edit-metadata: 1.3821563869714737
  landing: 0.7722989767789841
  view-data: 3.4785678386688232
