times:
  edit-metadata: 1.39832179620862
  landing: 0.7504290752112865
  view-data: 3.2842522896826267
