times:
  edit-metadata: 2.413215383887291
  landing: 1.37676952034235
  view-data: 3.45570919662714
