times:
  edit-metadata: 2.994483530521393
  landing: 1.3465666025877
  view-data: 3.906251162290573
