times:
  edit-metadata: 2.3417115435004234
  landing: 1.3777331560850143
  view-data: 3.483811303973198
