times:
  edit-metadata: 1.4562940075993538
  landing: 0.9202194064855576
  view-data: 3.380073755979538
