times:
  edit-metadata: 1.3927834704518318
  landing: 0.7136485874652863
  view-data: 3.4625616669654846
