times:
  edit-metadata: 1.4247258454561234
  landing: 0.9631503447890282
  view-data: 3.5433383882045746
