times:
  edit-metadata: 1.7965148761868477
  landing: 0.9607840552926064
  view-data: 3.5233453288674355
