times:
  edit-metadata: 1.5971984937787056
  landing: 1.2339639738202095
  view-data: 3.51653915643692
