times:
  edit-metadata: 1.441422700881958
  landing: 0.7016155943274498
  view-data: 3.491753578186035
