times:
  edit-metadata: 1.4744314849376678
  landing: 0.7277374342083931
  view-data: 3.484575055539608
