times:
  edit-metadata: 1.4385962933301926
  landing: 0.7832422703504562
  view-data: 3.3450241312384605
