times:
  edit-metadata: 1.41849534958601
  landing: 0.7780121266841888
  view-data: 3.467733822762966
