times:
  edit-metadata: 1.6927753612399101
  landing: 1.0662929341197014
  view-data: 3.508766494691372
