times:
  edit-metadata: 1.4936619512736797
  landing: 0.8026737384498119
  view-data: 3.2924778647720814
