times:
  edit-metadata: 1.389678880572319
  landing: 0.7750152349472046
  view-data: 3.5040581077337265
