times:
  edit-metadata: 1.466063480824232
  landing: 0.8381433226168156
  view-data: 3.319922048598528
