times:
  edit-metadata: 1.258274432271719
  landing: 0.9449233300983906
  view-data: 3.329975839704275
