times:
  edit-metadata: 1.4524208083748817
  landing: 0.850307933986187
  view-data: 3.4715325385332108
