times:
  edit-metadata: 1.4771367646753788
  landing: 0.8832359425723553
  view-data: 3.3628839515149593
