times:
  edit-metadata: 1.4360587075352669
  landing: 0.8210156261920929
  view-data: 3.4528315886855125
