times:
  edit-metadata: 1.6079986281692982
  landing: 0.9758980199694633
  view-data: 3.421958103775978
