times:
  edit-metadata: 1.5049691796302795
  landing: 0.8089165389537811
  view-data: 3.4298092126846313
