times:
  edit-metadata: 1.3911714404821396
  landing: 0.7130970358848572
  view-data: 3.292163632810116
