times:
  edit-metadata: 1.5136861838400364
  landing: 0.7896620891988277
  view-data: 3.324373707175255
