times:
  edit-metadata: 1.55539870262146
  landing: 0.7632083632051945
  view-data: 3.2444811575114727
