times:
  edit-metadata: 1.4644391164183617
  landing: 0.7023220360279083
  view-data: 3.480623796582222
