times:
  edit-metadata: 1.382006585597992
  landing: 0.7567877024412155
  view-data: 3.5113666728138924
