times:
  edit-metadata: 1.387320376932621
  landing: 0.7648594751954079
  view-data: 3.5329212099313736
