times:
  edit-metadata: 1.4590882360935211
  landing: 0.8067836165428162
  view-data: 3.343979224562645
