times:
  edit-metadata: 1.321482963860035
  landing: 0.7698023766279221
  view-data: 3.3183873035013676
