times:
  edit-metadata: 1.4588176384568214
  landing: 0.7775721102952957
  view-data: 3.490101344883442
