times:
  edit-metadata: 2.073275148868561
  landing: 0.9615746065974236
  view-data: 3.3472736328840256
