times:
  edit-metadata: 1.4686845242977142
  landing: 0.7926143482327461
  view-data: 3.481333889067173
