times:
  edit-metadata: 1.4326712414622307
  landing: 0.7511298134922981
  view-data: 3.59257460385561
