times:
  edit-metadata: 13.220247983932495
  landing: 0.7833292558789253
  view-data: 0.8296202663332224
