times:
  edit-metadata: 3.7504210295155644
  landing: 0.019407596439123154
  view-data: 0.12112098187208176
