times:
  edit-metadata: 3.7419553343206644
  landing: 0.139351649209857
  view-data: 0.12129096500575542
