times:
  edit-metadata: 1.8481864435598254
  landing: 1.191529135685414
  view-data: 3.307115451898426
