times:
  edit-metadata: 2.7693701097741723
  landing: 0.04684601165354252
  view-data: 0.42031071800738573
