times:
  landing: 0.5586655740000026
  view-data: 0.5632039039999768
