times:
  edit-metadata: 3.431030565407127
  landing: 0.052417255006730556
  view-data: 0.39988833107054234
