times:
  edit-metadata: 14.84416218707338
  landing: 0.05671525979414582
  view-data: 0.3849440598860383
