times:
  edit-metadata: 1.526477345265448
  landing: 0.9775454811751842
  view-data: 3.3184961155056953
