times:
  landing: 1.0825849689999814
  view-data: 0.5612829650000037
