times:
  edit-metadata: 2.022036410868168
  landing: 1.4099938794970512
  view-data: 3.435011051595211
