times:
  edit-metadata: 1.3908104076981544
  landing: 0.8280229857191443
  view-data: 3.345018698833883
