times:
  edit-metadata: 2.7238238537684083
  landing: 0.054568881168961525
  view-data: 0.40522079169750214
