times:
  edit-metadata: 3.7526114713400602
  landing: 0.02124694362282753
  view-data: 0.6035190233960748
