times:
  edit-metadata: 3.7313465774059296
  landing: 0.01935009192675352
  view-data: 0.47977298963814974
