times:
  edit-metadata: 1.7048489414155483
  landing: 0.9202368669211864
  view-data: 3.309680987149477
