times:
  edit-metadata: 36.51699047163129
  landing: 0.7864974942058325
  view-data: 0.7103056479245424
