times:
  landing: 1.0699688339999796
  view-data: 0.5682698230000085
