times:
  edit-metadata: 2.6874191258102655
  landing: 0.054778730031102896
  view-data: 0.3589602271094918
