times:
  edit-metadata: 3.471044743899256
  landing: 0.05516576999798417
  view-data: 0.4336996106430888
