times:
  landing: 0.5690994020000062
  view-data: 0.5709649290000698
