times:
  edit-metadata: 4.625837191008031
  landing: 0.1268551591783762
  view-data: 0.47918323520570993
