times:
  edit-metadata: 4.3099002510425635
  landing: 0.08659124304540455
  view-data: 0.4266832389985211
