times:
  edit-metadata: 2.143028591759503
  landing: 1.3764438591897488
  view-data: 3.447038359940052
