times:
  edit-metadata: 13.831226205453277
  landing: 0.6881238520145416
  view-data: 0.8810208979994059
