times:
  edit-metadata: 1.4454288873821497
  landing: 0.8080772757530212
  view-data: 3.431248338893056
