times:
  landing: 1.0810569979999514
  view-data: 0.5658457480000152
