times:
  edit-metadata: 1.432149026542902
  landing: 0.780388256534934
  view-data: 3.4160610511898994
