times:
  edit-metadata: 5.31417677924037
  landing: 0.1337094083428383
  view-data: 0.4864585753530264
