times:
  edit-metadata: 4.566055110655725
  landing: 0.21737030986696482
  view-data: 0.0250294404104352
