times:
  edit-metadata: 3.7591576240956783
  landing: 0.018374796025454998
  view-data: 0.11888580117374659
