times:
  edit-metadata: 3.998844069428742
  landing: 0.10766641981899738
  view-data: 0.029577655717730522
