times:
  edit-metadata: 12.004234656691551
  landing: 0.05055247247219086
  view-data: 0.8047816716134548
