times:
  edit-metadata: 2.481191072613001
  landing: 1.455406155437231
  view-data: 3.4466377273201942
