times:
  edit-metadata: 5.59845981374383
  landing: 0.018118852749466896
  view-data: 0.2702170070260763
