times:
  edit-metadata: 2.6557726822793484
  landing: 0.04624415934085846
  view-data: 0.37241021916270256
