times:
  edit-metadata: 1.5425076559185982
  landing: 1.0250635594129562
  view-data: 3.3160873614251614
