times:
  edit-metadata: 4.266544087906368
  landing: 0.0787875100504607
  view-data: 0.5572861050022766
