times:
  edit-metadata: 3.731036886572838
  landing: 0.18169389571994543
  view-data: 0.023420128040015697
