times:
  edit-metadata: 1.7891292460262775
  landing: 0.9344744421541691
  view-data: 3.4020532742142677
