times:
  edit-metadata: 5.484289452433586
  landing: 0.14002627693116665
  view-data: 0.4992411807179451
