times:
  edit-metadata: 5.710143895819783
  landing: 0.021086983382701874
  view-data: 0.5281576309353113
