times:
  edit-metadata: 15.448786684079096
  landing: 0.05291643203236163
  view-data: 0.38189638406038284
