times:
  edit-metadata: 15.244735796935856
  landing: 0.05216174712404609
  view-data: 0.36596144107170403
