times:
  landing: 0.5660265879999997
  view-data: 0.5697854900000152
