times:
  edit-metadata: 4.951895274221897
  landing: 0.045849387999624014
  view-data: 0.4544708151370287
