times:
  edit-metadata: 1.7684127278625965
  landing: 0.8890620209276676
  view-data: 3.3266619220376015
