times:
  edit-metadata: 35.64413747191429
  landing: 0.8841795120388269
  view-data: 0.545770401135087
