times:
  edit-metadata: 36.58498270623386
  landing: 1.099017320200801
  view-data: 0.46517820470035076
