times:
  landing: 0.5483680800000457
  view-data: 0.5541589810000005
