times:
  landing: 0.5678517209999825
  view-data: 0.5682125470000017
