times:
  edit-metadata: 4.034022471983917
  landing: 0.07085491705220193
  view-data: 0.4305367339402437
