times:
  edit-metadata: 1.3859957996755838
  landing: 0.7354671359062195
  view-data: 3.4149701222777367
