times:
  landing: 1.1446568609999872
  view-data: 0.5677310019999595
