times:
  edit-metadata: 1.3836301676928997
  landing: 1.047046598047018
  view-data: 3.4436041936278343
