times:
  edit-metadata: 1.3867308001499623
  landing: 0.8951740269549191
  view-data: 3.379521287046373
