times:
  landing: 0.5610705790000452
  view-data: 0.5707560039999748
