times:
  edit-metadata: 1.3349073128774762
  landing: 0.8424182250164449
  view-data: 3.4083933350630105
