times:
  edit-metadata: 5.383553260937333
  landing: 0.018804099410772324
  view-data: 0.4801379181444645
