times:
  edit-metadata: 12.037426464259624
  landing: 0.05665183067321777
  view-data: 0.7978043332695961
