times:
  edit-metadata: 3.697681477293372
  landing: 0.20396128948777914
  view-data: 0.025904107838869095
