times:
  edit-metadata: 14.132093144580722
  landing: 1.4665904436260462
  view-data: 1.0870828032493591
