times:
  edit-metadata: 6.012112634256482
  landing: 0.2917783763259649
  view-data: 0.5341756492853165
