times:
  edit-metadata: 16.368592447135597
  landing: 0.053679920034483075
  view-data: 0.36538596102036536
