times:
  edit-metadata: 1.41509223356843
  landing: 0.8208081386983395
  view-data: 3.455141142010689
