times:
  edit-metadata: 14.776320299017243
  landing: 0.04902605595998466
  view-data: 0.35380480997264385
