times:
  edit-metadata: 4.255314704030752
  landing: 0.04703765315935016
  view-data: 0.5321352640166879
