times:
  edit-metadata: 13.243652231991291
  landing: 0.05159137025475502
  view-data: 0.8077662065625191
