times:
  edit-metadata: 1.7440792638808489
  landing: 0.9971390999853611
  view-data: 3.3579105099197477
