times:
  landing: 1.168757032000002
  view-data: 0.571723392000024
