times:
  edit-metadata: 1.5567402727901936
  landing: 1.2270509637892246
  view-data: 3.2409284114837646
