times:
  edit-metadata: 4.089003856992349
  landing: 0.06021795095875859
  view-data: 0.4858133338857442
