times:
  edit-metadata: 7.097938535735011
  landing: 0.030955947935581207
  view-data: 0.6082092933356762
