times:
  edit-metadata: 5.4556456208229065
  landing: 0.13333141058683395
  view-data: 0.4606809504330158
