times:
  edit-metadata: 1.4117518216371536
  landing: 0.8251345250755548
  view-data: 3.45667134411633
