times:
  landing: 0.5493638709999686
  view-data: 0.5504157850000411
