times:
  edit-metadata: 14.899425833951682
  landing: 0.04868539422750473
  view-data: 0.3601773581467569
