times:
  edit-metadata: 1.445850471034646
  landing: 0.8271242016926408
  view-data: 3.340648327022791
