times:
  edit-metadata: 3.815402955748141
  landing: 0.018940436653792858
  view-data: 0.023431086912751198
