times:
  edit-metadata: 14.147344874218106
  landing: 1.1191788408905268
  view-data: 1.239574020728469
