times:
  landing: 1.0813134089999892
  view-data: 0.5655772220000017
