times:
  edit-metadata: 4.250692475121468
  landing: 0.04884774796664715
  view-data: 0.4371075937524438
