times:
  landing: 0.5705049419999852
  view-data: 0.5702492279999944
