times:
  edit-metadata: 11.95749245211482
  landing: 0.05325568467378616
  view-data: 0.8028532229363918
