times:
  edit-metadata: 17.455333163961768
  landing: 0.07001962210051715
  view-data: 0.3878825609572232
