times:
  edit-metadata: 11.88620487973094
  landing: 0.04333585128188133
  view-data: 0.8222303315997124
