times:
  edit-metadata: 13.397131122648716
  landing: 0.05808989703655243
  view-data: 0.8369800932705402
