times:
  edit-metadata: 1.7547092090826482
  landing: 0.9192091630538926
  view-data: 3.282347623957321
