times:
  edit-metadata: 1.6245392449200153
  landing: 0.7403175197541714
  view-data: 3.4253962710499763
