times:
  edit-metadata: 14.86964034900302
  landing: 0.04227740998612717
  view-data: 0.36009494797326624
