times:
  edit-metadata: 1.3472533309832215
  landing: 0.8375274911522865
  view-data: 3.3658536607399583
