times:
  edit-metadata: 1.496307454071939
  landing: 0.8766791159287095
  view-data: 3.3781755501404405
