times:
  edit-metadata: 15.585213172947988
  landing: 0.04665306303650141
  view-data: 0.3636570400558412
