times:
  edit-metadata: 1.4971661753952503
  landing: 0.8826807327568531
  view-data: 3.322227042168379
