times:
  edit-metadata: 15.027333750011167
  landing: 0.04853443699539639
  view-data: 0.37300553399836645
