times:
  edit-metadata: 4.053751545026898
  landing: 0.14782008342444897
  view-data: 0.024777998216450214
