times:
  landing: 0.559141770999986
  view-data: 0.571005504000027
