times:
  edit-metadata: 3.782605290412903
  landing: 0.11253552883863449
  view-data: 0.028501817025244236
