times:
  edit-metadata: 14.110604017972946
  landing: 0.85312944278121
  view-data: 0.8310746010392904
