times:
  edit-metadata: 2.7158706886693835
  landing: 0.054300338961184025
  view-data: 0.45372514333575964
