times:
  edit-metadata: 2.8372737891040742
  landing: 1.6067339750006795
  view-data: 3.5401966921053827
