times:
  edit-metadata: 4.214695678034332
  landing: 0.048784721991978586
  view-data: 0.6395222279825248
