times:
  edit-metadata: 13.299900451675057
  landing: 0.7164739351719618
  view-data: 1.0195936001837254
