times:
  edit-metadata: 15.395084317075089
  landing: 0.059158792020753026
  view-data: 0.3598908600397408
