times:
  edit-metadata: 1.5548914643004537
  landing: 0.7927877302281559
  view-data: 3.379274689592421
