times:
  edit-metadata: 4.305551442084834
  landing: 0.07693099789321423
  view-data: 0.4266976569779217
