times:
  landing: 1.1712366409999504
  view-data: 0.5687332539999943
