times:
  edit-metadata: 1.8788206279277802
  landing: 1.205431029200554
  view-data: 3.4555249214172363
