times:
  edit-metadata: 8.000402918999953
  landing: 0.11303760999999213
  view-data: 0.7642112029998316
