times:
  edit-metadata: 3.779468202032149
  landing: 0.16721879318356514
  view-data: 0.025035904720425606
