times:
  edit-metadata: 2.692748333327472
  landing: 0.0506416829302907
  view-data: 0.375763195566833
