times:
  edit-metadata: 13.36065118946135
  landing: 0.9509545229375362
  view-data: 1.1760245021432638
