times:
  edit-metadata: 15.56433281302452
  landing: 0.06459694309160113
  view-data: 0.3884984408505261
