times:
  edit-metadata: 14.902627722010948
  landing: 0.05203566397540271
  view-data: 0.3814359409734607
