times:
  edit-metadata: 4.162080273963511
  landing: 0.08343040104955435
  view-data: 0.4299686572048813
