times:
  edit-metadata: 5.088546333834529
  landing: 0.13732299581170082
  view-data: 0.1548009254038334
