times:
  edit-metadata: 13.404528914019465
  landing: 0.05609605088829994
  view-data: 0.8960513602942228
