times:
  edit-metadata: 1.5258403741754591
  landing: 0.8128878143616021
  view-data: 3.3461333690211177
