times:
  edit-metadata: 1.4439566545188427
  landing: 0.8508715126663446
  view-data: 3.3971618451178074
