times:
  edit-metadata: 1.425080168992281
  landing: 0.8915856964886189
  view-data: 3.3046550527215004
