times:
  edit-metadata: 1.583136223256588
  landing: 0.9994501210749149
  view-data: 3.337958663702011
