times:
  landing: 0.5638200380000171
  view-data: 0.5557714409999903
