times:
  edit-metadata: 13.424697021022439
  landing: 0.7739429194480181
  view-data: 0.8713966943323612
