times:
  edit-metadata: 1.6041069515049458
  landing: 1.1971619948744774
  view-data: 3.4191368967294693
