times:
  edit-metadata: 2.712668255902827
  landing: 0.05152374040335417
  view-data: 0.40340475691482425
