times:
  edit-metadata: 4.951904937624931
  landing: 2.219662018120289
  view-data: 4.442884959280491
