times:
  edit-metadata: 1.470616415143013
  landing: 1.0955672562122345
  view-data: 3.378706991672516
