times:
  edit-metadata: 5.6134505942463875
  landing: 0.19595356099307537
  view-data: 0.0242910236120224
