times:
  edit-metadata: 1.5738141587935388
  landing: 0.8970916080288589
  view-data: 3.402155584190041
