times:
  edit-metadata: 5.340728146955371
  landing: 0.09489271603524685
  view-data: 0.48803665209561586
