times:
  landing: 0.5572841150000158
  view-data: 0.5777224609999791
