times:
  edit-metadata: 4.123318701051176
  landing: 0.048126430716365576
  view-data: 0.5203912961296737
