times:
  edit-metadata: 1.4405829794704914
  landing: 0.8485174756497145
  view-data: 3.37680359557271
