times:
  edit-metadata: 13.107655508443713
  landing: 1.6328304968774319
  view-data: 0.9856732711195946
