times:
  landing: 0.5682256209998968
  view-data: 0.563221991999967
