times:
  edit-metadata: 15.552543102996424
  landing: 0.05162040702998638
  view-data: 0.3760011252015829
