times:
  edit-metadata: 1.7773383888415992
  landing: 1.178784313146025
  view-data: 3.3595772818662226
