times:
  edit-metadata: 5.001595331821591
  landing: 0.052947206888347864
  view-data: 0.6355373379774392
