times:
  landing: 0.5585555919999479
  view-data: 0.5647789320000811
