times:
  edit-metadata: 2.628719510510564
  landing: 1.3156945770606399
  view-data: 3.539140710607171
