times:
  edit-metadata: 1.3792443554848433
  landing: 0.8026562500745058
  view-data: 3.4176313802599907
