times:
  edit-metadata: 2.6969608571380377
  landing: 0.05238830205053091
  view-data: 0.36975159030407667
