times:
  landing: 1.1237932809999904
  view-data: 0.5660642800000062
