times:
  edit-metadata: 2.6576966629363596
  landing: 0.050831512082368135
  view-data: 0.3523067682981491
