times:
  landing: 0.5627138650000347
  view-data: 0.5663985159999925
