times:
  edit-metadata: 1.534429518505931
  landing: 0.751414380967617
  view-data: 3.3202536664903164
