times:
  edit-metadata: 3.7127217138186097
  landing: 0.019705980084836483
  view-data: 0.024691342376172543
