times:
  edit-metadata: 14.791660791030154
  landing: 0.05389116099104285
  view-data: 0.36924142902716994
