times:
  edit-metadata: 2.085748079698533
  landing: 1.3924510520882905
  view-data: 3.5813743988983333
