times:
  edit-metadata: 5.740161871537566
  landing: 0.021054169163107872
  view-data: 0.46914417669177055
