times:
  edit-metadata: 14.97591714002192
  landing: 0.066568064969033
  view-data: 0.3814548780210316
