times:
  edit-metadata: 1.3999752830713987
  landing: 0.7739314027130604
  view-data: 3.478642951697111
