times:
  landing: 0.572640975000013
  view-data: 0.5786173760000111
