times:
  edit-metadata: 17.220715605886653
  landing: 0.0903183778282255
  view-data: 0.4521499250549823
