times:
  edit-metadata: 1.4335404885932803
  landing: 0.783339255489409
  view-data: 3.306000839918852
