times:
  edit-metadata: 3.772345121949911
  landing: 0.13258214946836233
  view-data: 0.027852832339704037
