times:
  edit-metadata: 13.296890119090676
  landing: 0.9453852530568838
  view-data: 0.8110199756920338
