times:
  edit-metadata: 17.268357357999776
  landing: 0.08638329402310774
  view-data: 0.5087813910213299
