times:
  landing: 0.5567015290000086
  view-data: 0.5654690970000047
