times:
  landing: 1.0813519170000063
  view-data: 0.5682131350000077
