times:
  edit-metadata: 15.074720175005496
  landing: 0.04739601502660662
  view-data: 0.36289389699231833
