times:
  edit-metadata: 1.6464448682963848
  landing: 1.0787903349846601
  view-data: 3.3078116588294506
