times:
  edit-metadata: 18.731305167078972
  landing: 0.07435772893950343
  view-data: 0.5931662861257792
