times:
  landing: 0.5561047379999877
  view-data: 0.5756524629999831
