times:
  edit-metadata: 13.613790607079864
  landing: 1.3245044015347958
  view-data: 0.9136818274855614
