times:
  edit-metadata: 2.08449324965477
  landing: 1.4677906185388565
  view-data: 3.4666533060371876
