times:
  edit-metadata: 13.943523788824677
  landing: 0.7226762399077415
  view-data: 0.9214415997266769
