times:
  edit-metadata: 1.4214451797306538
  landing: 0.7669706419110298
  view-data: 3.4206127114593983
