times:
  edit-metadata: 1.8201602436602116
  landing: 1.213032804429531
  view-data: 3.373934295028448
