times:
  edit-metadata: 2.705845460295677
  landing: 0.04942250903695822
  view-data: 0.41425105929374695
