times:
  edit-metadata: 2.0472774617373943
  landing: 1.3535527512431145
  view-data: 3.3418538067489862
