times:
  edit-metadata: 6.973778693005443
  landing: 0.5716517381370068
  view-data: 0.4093614900484681
