times:
  edit-metadata: 2.460351903922856
  landing: 1.5825046747922897
  view-data: 3.371229656971991
