times:
  edit-metadata: 5.285012856125832
  landing: 0.17836494371294975
  view-data: 0.4418860897421837
