times:
  edit-metadata: 1.8567597838118672
  landing: 1.021646629087627
  view-data: 3.280225610360503
