times:
  edit-metadata: 4.638493803329766
  landing: 0.14396626967936754
  view-data: 0.5471106162294745
