times:
  edit-metadata: 5.177434749901295
  landing: 0.09068585000932217
  view-data: 0.4394566039554775
