times:
  landing: 0.5649328860000651
  view-data: 0.5707834110000931
