times:
  edit-metadata: 1.4739807285368443
  landing: 0.8709310758858919
  view-data: 3.391915660351515
