times:
  edit-metadata: 5.335214700549841
  landing: 0.13498082756996155
  view-data: 0.03140639513731003
