times:
  edit-metadata: 35.31687252782285
  landing: 0.6748562604188919
  view-data: 0.5196968670934439
