times:
  edit-metadata: 2.664205930195749
  landing: 0.05181014724075794
  view-data: 0.37342669488862157
