times:
  edit-metadata: 4.361946848977823
  landing: 0.06868958001723513
  view-data: 0.4210263700224459
