times:
  edit-metadata: 5.92520029656589
  landing: 0.24267725832760334
  view-data: 0.5501325745135546
