times:
  edit-metadata: 13.37410856038332
  landing: 0.812992088496685
  view-data: 0.9314443860203028
