times:
  edit-metadata: 1.4076184965670109
  landing: 0.8461808897554874
  view-data: 3.2831488996744156
