times:
  edit-metadata: 2.7322852737270296
  landing: 0.05568093480542302
  view-data: 0.38644246105104685
