times:
  edit-metadata: 1.3733561858534813
  landing: 0.9725491609424353
  view-data: 3.338403843343258
