times:
  edit-metadata: 1.8766157664358616
  landing: 1.389695666730404
  view-data: 3.676942802965641
