times:
  edit-metadata: 5.177410846576095
  landing: 0.021122783422470093
  view-data: 0.4086199402809143
