times:
  edit-metadata: 1.799774158746004
  landing: 1.1905603371560574
  view-data: 3.397854894399643
