times:
  edit-metadata: 13.922166420146823
  landing: 1.0087696481496096
  view-data: 0.9967025946825743
