times:
  edit-metadata: 1.536644654115662
  landing: 0.8905855719931424
  view-data: 3.272552939131856
