times:
  edit-metadata: 5.815517012029886
  landing: 0.13727756589651108
  view-data: 0.47534563578665257
