times:
  edit-metadata: 4.104186911019497
  landing: 0.09054911800194532
  view-data: 0.4272350069368258
