times:
  edit-metadata: 6.247185925021768
  landing: 0.20706244371831417
  view-data: 0.499381635338068
