times:
  edit-metadata: 4.496575904078782
  landing: 0.02107195369899273
  view-data: 0.5144918672740459
