times:
  landing: 0.5643759369999941
  view-data: 0.562940143999981
