times:
  edit-metadata: 12.03809841349721
  landing: 0.055388178676366806
  view-data: 0.8131693042814732
