times:
  edit-metadata: 2.6515774237923324
  landing: 0.05365457618609071
  view-data: 0.38867326732724905
