times:
  edit-metadata: 15.559915699996054
  landing: 0.0668828149791807
  view-data: 0.37107364600524306
