times:
  edit-metadata: 13.684868464246392
  landing: 1.4253187403082848
  view-data: 0.9046620875597
