times:
  landing: 0.5657319410000241
  view-data: 0.5702886189999958
