times:
  edit-metadata: 4.04727247399569
  landing: 0.04975721899972996
  view-data: 0.4851168430031976
