times:
  edit-metadata: 1.4212463009171188
  landing: 0.7907346705906093
  view-data: 3.3454277720302343
