times:
  edit-metadata: 5.2551128175109625
  landing: 0.02127229981124401
  view-data: 0.5243775881826878
