times:
  edit-metadata: 5.034858243539929
  landing: 0.020698226988315582
  view-data: 0.4440135955810547
