times:
  edit-metadata: 3.733958766795695
  landing: 0.12689305003732443
  view-data: 0.10275040846318007
