times:
  landing: 0.5591304649999813
  view-data: 0.5669798779999837
