times:
  edit-metadata: 4.638965067453682
  landing: 0.13037136010825634
  view-data: 0.14480436500161886
