times:
  landing: 1.0927147900000023
  view-data: 0.569368097999984
