times:
  edit-metadata: 13.94577288813889
  landing: 1.2261477559804916
  view-data: 1.2456345539540052
