times:
  edit-metadata: 14.415411941707134
  landing: 0.8170031122863293
  view-data: 0.8831342197954655
