times:
  landing: 1.197737128
  view-data: 0.5699236310000231
