times:
  edit-metadata: 6.793037163093686
  landing: 0.30236867256462574
  view-data: 0.38636205717921257
