times:
  edit-metadata: 3.7266069827601314
  landing: 0.04891119059175253
  view-data: 0.028579548001289368
