times:
  edit-metadata: 1.4071556143462658
  landing: 1.012422502040863
  view-data: 3.381042119115591
