times:
  edit-metadata: 5.449811213184148
  landing: 0.052033375948667526
  view-data: 0.7915070597082376
