times:
  edit-metadata: 1.4683916345238686
  landing: 0.9884977973997593
  view-data: 3.4242535158991814
