times:
  edit-metadata: 36.7171247638762
  landing: 0.8720485419034958
  view-data: 0.5848367102444172
