times:
  edit-metadata: 5.622724120039493
  landing: 0.050422605127096176
  view-data: 0.5370172648690641
