times:
  edit-metadata: 3.7637297455221415
  landing: 0.2025142665952444
  view-data: 0.11905642785131931
