times:
  edit-metadata: 5.4409187119454145
  landing: 0.18756519258022308
  view-data: 0.025565700605511665
