times:
  edit-metadata: 5.22083536896389
  landing: 0.14675127697410062
  view-data: 0.634513598983176
