times:
  edit-metadata: 13.46657670289278
  landing: 0.05163934826850891
  view-data: 0.8460648097097874
