times:
  edit-metadata: 13.7548784352839
  landing: 0.7009535804390907
  view-data: 1.3281926680356264
