times:
  edit-metadata: 3.3404267239384353
  landing: 0.05146589828655124
  view-data: 0.38374843494966626
