times:
  edit-metadata: 3.7164231557399035
  landing: 0.019749983213841915
  view-data: 0.5587498489767313
