times:
  edit-metadata: 15.077355109038763
  landing: 0.049390495056286454
  view-data: 0.3552225640742108
