times:
  edit-metadata: 3.7562407292425632
  landing: 0.2195126274600625
  view-data: 0.025960003957152367
