times:
  landing: 0.5565067489999933
  view-data: 0.5613596389999884
