times:
  edit-metadata: 5.657378695905209
  landing: 0.02390117011964321
  view-data: 0.5411747042089701
