times:
  edit-metadata: 11.965011518448591
  landing: 0.04992346838116646
  view-data: 0.7830488197505474
