times:
  edit-metadata: 1.3982832226902246
  landing: 0.7099514808505774
  view-data: 3.363361109048128
