times:
  edit-metadata: 2.66840875800699
  landing: 0.052175594959408045
  view-data: 0.3654658030718565
