times:
  edit-metadata: 4.147727563045919
  landing: 0.0742675750516355
  view-data: 0.5037233231123537
