times:
  edit-metadata: 6.944413356482983
  landing: 0.22971475683152676
  view-data: 0.43664349615573883
