times:
  edit-metadata: 2.7103908248245716
  landing: 0.04965752735733986
  view-data: 0.3805866865441203
