times:
  edit-metadata: 1.427235633134842
  landing: 1.0909350030124187
  view-data: 3.374482411891222
