times:
  landing: 0.5620018989998243
  view-data: 0.5600303870000971
