times:
  edit-metadata: 5.8885382525622845
  landing: 0.1567590907216072
  view-data: 0.13935412652790546
