times:
  edit-metadata: 1.6513151340186596
  landing: 1.0744987949728966
  view-data: 3.308515105396509
