times:
  edit-metadata: 1.6401725374162197
  landing: 1.1211895942687988
  view-data: 3.325162813067436
