times:
  edit-metadata: 2.6940568168647587
  landing: 0.06068239780142903
  view-data: 0.3733290689997375
