times:
  landing: 1.1938079420000065
  view-data: 0.56482965699999
