times:
  edit-metadata: 14.921910770935938
  landing: 0.05076128197833896
  view-data: 0.3594875850249082
