times:
  edit-metadata: 15.702446945942938
  landing: 0.05413853796198964
  view-data: 0.38352616992779076
