times:
  edit-metadata: 15.477317268028855
  landing: 0.05145061016082764
  view-data: 0.3828404671512544
