times:
  edit-metadata: 12.061337050050497
  landing: 0.05094128102064133
  view-data: 0.7862234152853489
