times:
  edit-metadata: 1.9806213602423668
  landing: 6.979151334613562
  view-data: 3.443584159016609
