times:
  landing: 0.5505527669999992
  view-data: 0.555843940999921
