times:
  edit-metadata: 5.2481331918388605
  landing: 0.1741942446678877
  view-data: 0.40702205896377563
