times:
  edit-metadata: 1.4275569785386324
  landing: 0.8157290518283844
  view-data: 3.3576216213405132
