times:
  edit-metadata: 1.4346556682139635
  landing: 0.7921762224286795
  view-data: 3.5380480568856
