times:
  edit-metadata: 14.63806533999741
  landing: 0.048445190011989325
  view-data: 0.34954318695236
