times:
  edit-metadata: 1.4594903998076916
  landing: 1.0844781212508678
  view-data: 3.3897642716765404
