times:
  edit-metadata: 2.712963934056461
  landing: 0.055018039885908365
  view-data: 0.3822327880188823
