times:
  landing: 0.5566685779999716
  view-data: 0.5566620780000449
