times:
  edit-metadata: 16.41730762878433
  landing: 0.05870630010031164
  view-data: 0.45987610006704926
