times:
  edit-metadata: 3.771129010245204
  landing: 0.01995745487511158
  view-data: 0.12782306410372257
