times:
  landing: 0.5506432500000074
  view-data: 0.5667452210000192
