times:
  edit-metadata: 14.013307990506291
  landing: 0.6281184181571007
  view-data: 1.253214644268155
