times:
  edit-metadata: 4.2226652801036835
  landing: 0.09556553699076176
  view-data: 0.4350201301276684
