times:
  edit-metadata: 1.5040486752986908
  landing: 1.0825290158390999
  view-data: 3.3139508217573166
