times:
  edit-metadata: 3.7481137765571475
  landing: 0.019846230745315552
  view-data: 0.027354316785931587
