times:
  landing: 0.5601276939999877
  view-data: 0.5731367760000126
