times:
  edit-metadata: 1.701454397290945
  landing: 1.138738613575697
  view-data: 3.339432641863823
