times:
  edit-metadata: 1.9616752304136753
  landing: 1.13455605879426
  view-data: 3.3983723521232605
