times:
  edit-metadata: 2.874311275780201
  landing: 2.4417565055191517
  view-data: 3.675874810665846
