times:
  edit-metadata: 5.68951877951622
  landing: 0.1182099599391222
  view-data: 0.026172414422035217
