times:
  edit-metadata: 14.846675812965259
  landing: 0.04703160602366552
  view-data: 0.36838597198948264
