times:
  landing: 1.0831661510000004
  view-data: 0.5711184500000286
