times:
  edit-metadata: 5.78565707989037
  landing: 0.19295761547982693
  view-data: 0.1620753426104784
