times:
  edit-metadata: 4.51826021168381
  landing: 0.06702662631869316
  view-data: 0.4248279109597206
