times:
  edit-metadata: 1.5600673616863787
  landing: 0.8381356331519783
  view-data: 3.344747204799205
