times:
  edit-metadata: 4.615807048976421
  landing: 0.02013714611530304
  view-data: 0.13675589300692081
