times:
  edit-metadata: 2.7672284743748605
  landing: 0.051882621832191944
  view-data: 0.393084685318172
