times:
  edit-metadata: 1.5955667234957218
  landing: 0.8341360166668892
  view-data: 3.3674503937363625
