times:
  edit-metadata: 14.868784080026671
  landing: 0.04987384798005223
  view-data: 0.3762219559866935
