times:
  edit-metadata: 1.63266272097826
  landing: 1.2590957432985306
  view-data: 3.3739175982773304
