times:
  edit-metadata: 3.778503505513072
  landing: 0.019515269435942173
  view-data: 0.1155337831005454
