times:
  edit-metadata: 1.5848970003426075
  landing: 0.9712960049510002
  view-data: 3.345142375677824
