times:
  edit-metadata: 4.698722009547055
  landing: 0.21644761972129345
  view-data: 0.4699446754530072
