times:
  edit-metadata: 1.5248403158038855
  landing: 0.9627943886443973
  view-data: 3.3893506675958633
