times:
  edit-metadata: 4.1497560711577535
  landing: 0.07004352193325758
  view-data: 0.42988324584439397
