times:
  edit-metadata: 5.298657028004527
  landing: 0.16803160309791565
  view-data: 0.43756784312427044
