times:
  edit-metadata: 3.4589840662665665
  landing: 0.05470458511263132
  view-data: 0.38769157510250807
