times:
  edit-metadata: 2.676775375381112
  landing: 1.4833153560757637
  view-data: 3.52315029501915
