times:
  edit-metadata: 4.235782938005286
  landing: 0.06016486800217535
  view-data: 0.4176051030008239
