times:
  edit-metadata: 15.23169693001546
  landing: 0.050322395050898194
  view-data: 0.37682002410292625
