times:
  edit-metadata: 4.271573000121862
  landing: 0.07479736092500389
  view-data: 0.40020953700877726
