times:
  edit-metadata: 4.165422955993563
  landing: 0.060574269853532314
  view-data: 0.4340897868387401
