times:
  landing: 1.1973744079999733
  view-data: 0.5693356899999458
