times:
  edit-metadata: 1.7802120577543974
  landing: 1.2613162249326706
  view-data: 3.4183006677776575
