times:
  edit-metadata: 1.453171532601118
  landing: 1.1638682205229998
  view-data: 3.329532964155078
