times:
  edit-metadata: 14.891605600249022
  landing: 0.05468736030161381
  view-data: 0.38819001568481326
