times:
  edit-metadata: 1.5789014101028442
  landing: 0.9581580124795437
  view-data: 3.465134058147669
