times:
  edit-metadata: 6.296110421419144
  landing: 0.24223189242184162
  view-data: 0.5943390056490898
