times:
  landing: 1.1209147620000124
  view-data: 0.5649521369999775
