times:
  edit-metadata: 13.959295764565468
  landing: 0.9435862600803375
  view-data: 1.1124601643532515
