times:
  edit-metadata: 1.4190774112939835
  landing: 0.9644948393106461
  view-data: 3.310472458600998
