times:
  edit-metadata: 5.893301676958799
  landing: 0.02395431138575077
  view-data: 0.024301370605826378
