times:
  edit-metadata: 11.854301616549492
  landing: 0.04901932179927826
  view-data: 0.7823880091309547
