times:
  landing: 1.0704792980000093
  view-data: 0.5655104319999964
