times:
  edit-metadata: 2.0540772415697575
  landing: 1.3615236841142178
  view-data: 3.341660611331463
