times:
  edit-metadata: 13.854318749159575
  landing: 1.2883892096579075
  view-data: 0.941516101360321
