times:
  landing: 1.136145082000013
  view-data: 0.5698707530000036
