times:
  edit-metadata: 5.247852064669132
  landing: 0.021806085482239723
  view-data: 0.027424819767475128
