times:
  edit-metadata: 1.6054575169691816
  landing: 1.1587507670046762
  view-data: 3.285818878095597
