times:
  edit-metadata: 15.51025196397677
  landing: 0.05182718299329281
  view-data: 0.38356609316542745
