times:
  edit-metadata: 3.85878046695143
  landing: 0.02006365731358528
  view-data: 0.025696275755763054
