times:
  edit-metadata: 4.7520791022107005
  landing: 0.14623610209673643
  view-data: 0.5609381655231118
