times:
  edit-metadata: 5.414802264422178
  landing: 0.1747106071561575
  view-data: 0.16290581598877907
