times:
  edit-metadata: 3.683879011310637
  landing: 0.01966320537030697
  view-data: 0.023699410259723663
