times:
  edit-metadata: 12.13019698485732
  landing: 0.05181603133678436
  view-data: 0.7982244566082954
