times:
  edit-metadata: 12.887155339121819
  landing: 1.8566158078610897
  view-data: 1.156418588012457
