times:
  edit-metadata: 3.746637520380318
  landing: 0.1935301497578621
  view-data: 0.026325528509914875
