times:
  edit-metadata: 14.637249546009116
  landing: 0.04630567610729486
  view-data: 0.3730635109823197
