times:
  edit-metadata: 16.131542375078425
  landing: 0.04584415093995631
  view-data: 0.39217476500198245
