times:
  edit-metadata: 14.244002055376768
  landing: 0.6214121766388416
  view-data: 1.267589870840311
