times:
  edit-metadata: 3.76183158159256
  landing: 0.019915596581995487
  view-data: 0.026243550702929497
