times:
  edit-metadata: 1.379944171756506
  landing: 0.757290180772543
  view-data: 3.432263871654868
