times:
  edit-metadata: 14.848470130003989
  landing: 0.05194151200703345
  view-data: 0.37358478200621903
