times:
  edit-metadata: 2.240373932989314
  landing: 1.2052075769752264
  view-data: 3.328114675125107
