times:
  edit-metadata: 1.3895778432488441
  landing: 1.1007847767323256
  view-data: 3.3159004878252745
