times:
  edit-metadata: 1.4339428078383207
  landing: 0.8871028274297714
  view-data: 3.3934052884578705
