times:
  landing: 1.6375862410000082
  view-data: 0.5600948399999766
