times:
  edit-metadata: 2.6721359603106976
  landing: 0.05023610731586814
  view-data: 0.35396681586280465
