times:
  edit-metadata: 1.8249462358653545
  landing: 1.1299282535910606
  view-data: 3.3441367261111736
