times:
  landing: 1.598710520000168
  view-data: 0.5559904080000706
