times:
  edit-metadata: 4.443777645938098
  landing: 0.05495090503245592
  view-data: 0.39986775582656264
