times:
  edit-metadata: 14.955400982871652
  landing: 0.06005611224099994
  view-data: 0.3927420820109546
