times:
  edit-metadata: 1.6617107465863228
  landing: 1.0839232988655567
  view-data: 3.3630248941481113
