times:
  edit-metadata: 15.13617258425802
  landing: 0.0679813027381897
  view-data: 0.3816387327387929
