times:
  edit-metadata: 1.4479702152311802
  landing: 0.7663008831441402
  view-data: 3.3607498221099377
