times:
  edit-metadata: 4.323328664060682
  landing: 0.04941904777660966
  view-data: 0.5027416306547821
