times:
  edit-metadata: 6.12736683152616
  landing: 0.19570720754563808
  view-data: 0.5138437505811453
