times:
  edit-metadata: 15.55718668596819
  landing: 0.051545810885727406
  view-data: 0.3793319989927113
