times:
  landing: 0.568954357000024
  view-data: 0.5627200669999866
