times:
  landing: 1.0975971450000088
  view-data: 0.5581669439999928
