times:
  landing: 1.0739460699999768
  view-data: 0.575000335000027
