times:
  edit-metadata: 12.129508279263973
  landing: 0.04967968165874481
  view-data: 0.8404065817594528
