times:
  edit-metadata: 5.849286485463381
  landing: 0.31778734177351
  view-data: 0.6294463500380516
