times:
  landing: 1.1022113569999874
  view-data: 0.5667199450000453
