times:
  landing: 0.5627395610000008
  view-data: 0.07152693600002635
