times:
  edit-metadata: 3.8399359798058867
  landing: 0.01893976703286171
  view-data: 0.4893640233203769
