times:
  edit-metadata: 1.8045377787202597
  landing: 1.0681005725637078
  view-data: 3.511552053503692
