times:
  edit-metadata: 4.105742241255939
  landing: 0.03976157493889332
  view-data: 0.025654880329966545
