times:
  edit-metadata: 4.2939524301327765
  landing: 0.08195843873545527
  view-data: 0.42949308920651674
