times:
  edit-metadata: 3.686783654615283
  landing: 0.1385624436661601
  view-data: 0.026302054524421692
