times:
  edit-metadata: 14.64875386795029
  landing: 0.05392257298808545
  view-data: 0.3612933170516044
