times:
  edit-metadata: 2.685806638095528
  landing: 0.05969865992665291
  view-data: 0.38872404396533966
