times:
  edit-metadata: 5.267923411003721
  landing: 0.0630517410027096
  view-data: 0.3940989839975373
