times:
  landing: 1.071984246999989
  view-data: 0.5541883719999987
