times:
  edit-metadata: 6.068193830549717
  landing: 0.26853419095277786
  view-data: 0.028862860053777695
