times:
  edit-metadata: 5.330916114151478
  landing: 0.022764064371585846
  view-data: 0.02514049969613552
