times:
  landing: 0.5638278119999995
  view-data: 0.5595391699999936
