times:
  edit-metadata: 13.257134204730392
  landing: 0.5798806734383106
  view-data: 0.853048974648118
