times:
  edit-metadata: 13.96205254085362
  landing: 1.182047264650464
  view-data: 1.25616117939353
