times:
  edit-metadata: 4.3314645620121155
  landing: 0.058573823000187986
  view-data: 0.5176236490078736
