times:
  edit-metadata: 1.5308919735252857
  landing: 0.941590441390872
  view-data: 3.297467766329646
