times:
  edit-metadata: 1.5238037193194032
  landing: 0.8763631321489811
  view-data: 3.3070508847013116
