times:
  edit-metadata: 3.780880552716553
  landing: 0.020613785833120346
  view-data: 0.0977183785289526
