times:
  landing: 1.099708570999951
  view-data: 0.5701738509999359
