times:
  edit-metadata: 14.21218460611999
  landing: 0.7269567158073187
  view-data: 0.8434979747980833
