times:
  edit-metadata: 4.374896741937846
  landing: 0.06026924098841846
  view-data: 0.39856310200411826
