times:
  edit-metadata: 3.789790621958673
  landing: 0.02048424445092678
  view-data: 0.12326103448867798
