times:
  edit-metadata: 4.337216473999433
  landing: 0.05424169701291248
  view-data: 0.49632560304598883
