times:
  edit-metadata: 4.533390459837392
  landing: 0.09349959599785507
  view-data: 0.4198727181646973
