times:
  edit-metadata: 14.797092406006414
  landing: 0.04493291600374505
  view-data: 0.3782844200031832
