times:
  edit-metadata: 4.123289765790105
  landing: 0.04545404715463519
  view-data: 0.47237471397966146
