times:
  edit-metadata: 35.66262271255255
  landing: 0.6625036578625441
  view-data: 0.48229388892650604
