times:
  edit-metadata: 4.057446677994449
  landing: 0.08313171900226735
  view-data: 0.4249114130216185
