times:
  edit-metadata: 14.09844465740025
  landing: 1.6594852209091187
  view-data: 1.2361693289130926
