times:
  edit-metadata: 1.5192178003489971
  landing: 0.984051801264286
  view-data: 3.3894801177084446
