times:
  edit-metadata: 15.57397565501742
  landing: 0.04912748298374936
  view-data: 0.3752876069629565
