times:
  landing: 0.5598498240000254
  view-data: 0.5599206279999862
