times:
  edit-metadata: 23.132490557152778
  landing: 0.10610702098347247
  view-data: 0.5863716050516814
