times:
  edit-metadata: 6.310755657032132
  landing: 0.22921831673011184
  view-data: 0.9441882921382785
