times:
  edit-metadata: 1.5399615094065666
  landing: 1.000344017520547
  view-data: 3.333089681342244
