times:
  landing: 0.5639554779999969
  view-data: 0.0677264409999907
