times:
  edit-metadata: 12.120534237474203
  landing: 0.04602283239364624
  view-data: 0.8056222647428513
