times:
  edit-metadata: 14.814974393695593
  landing: 0.048251834232360125
  view-data: 0.3748732479289174
