times:
  edit-metadata: 5.198479047045112
  landing: 0.019795237109065056
  view-data: 0.5488818045705557
