times:
  edit-metadata: 5.3899775967001915
  landing: 0.02841905504465103
  view-data: 0.027361679822206497
