times:
  edit-metadata: 1.4543598406016827
  landing: 0.9664633721113205
  view-data: 3.333597805351019
