times:
  edit-metadata: 12.070090271532536
  landing: 0.04498587176203728
  view-data: 0.8162257000803947
