times:
  edit-metadata: 16.24124186509289
  landing: 0.06118787406012416
  view-data: 0.3971359480638057
