times:
  landing: 0.5929142870000135
  view-data: 0.5683831569999995
