times:
  edit-metadata: 1.5276443548500538
  landing: 0.7712288657203317
  view-data: 3.373677167110145
