times:
  edit-metadata: 15.342977533000521
  landing: 0.0571962830144912
  view-data: 0.38188768294639885
