times:
  edit-metadata: 5.44068793579936
  landing: 0.057213833555579185
  view-data: 0.05550076253712177
