times:
  edit-metadata: 4.644489238009555
  landing: 0.05703479997464456
  view-data: 0.4035582539800089
