times:
  landing: 0.5683634760000018
  view-data: 0.5633338089999995
