times:
  edit-metadata: 5.66850021481514
  landing: 0.28109443560242653
  view-data: 0.1426871195435524
