times:
  edit-metadata: 35.95281187258661
  landing: 0.6966515984386206
  view-data: 0.5519534535706043
