times:
  edit-metadata: 1.3879352137446404
  landing: 0.7647251486778259
  view-data: 3.3043354973196983
