times:
  landing: 0.5470725799999627
  view-data: 0.5562832470000103
