times:
  edit-metadata: 5.104459191206843
  landing: 0.09504813887178898
  view-data: 0.4323620768263936
