times:
  edit-metadata: 1.5064034247770905
  landing: 0.9376910170540214
  view-data: 3.260477506555617
