times:
  edit-metadata: 3.7750522512942553
  landing: 0.1338893435895443
  view-data: 0.511511666700244
