times:
  edit-metadata: 2.787697280757129
  landing: 0.04621986486017704
  view-data: 0.3737356746569276
