times:
  landing: 0.5496020059999864
  view-data: 0.5536905459999844
