times:
  edit-metadata: 15.981412302702665
  landing: 0.04813485499471426
  view-data: 0.39131155610084534
