times:
  edit-metadata: 1.7307042889297009
  landing: 1.2096362188458443
  view-data: 3.3951694294810295
