times:
  edit-metadata: 1.5328195467591286
  landing: 0.7315201265737414
  view-data: 3.37597846519202
