times:
  edit-metadata: 2.7006961293518543
  landing: 1.9008152894675732
  view-data: 3.5343289859592915
