times:
  edit-metadata: 6.426809320226312
  landing: 0.20544495806097984
  view-data: 0.4802159611135721
