times:
  edit-metadata: 5.157160077244043
  landing: 0.02008923515677452
  view-data: 0.1266929656267166
