times:
  edit-metadata: 15.149239379912615
  landing: 0.05584438284859061
  view-data: 0.3918308699503541
