times:
  edit-metadata: 6.2530886400491
  landing: 0.04379168897867203
  view-data: 0.0577156413346529
