times:
  landing: 1.179845317999991
  view-data: 0.558757064999952
