times:
  edit-metadata: 5.336910566315055
  landing: 0.018075648695230484
  view-data: 0.4109391774982214
