times:
  edit-metadata: 12.113175213336945
  landing: 0.05118098482489586
  view-data: 0.7927805930376053
