times:
  edit-metadata: 1.4266480691730976
  landing: 0.9527225196361542
  view-data: 3.3731591925024986
