times:
  edit-metadata: 13.475504767149687
  landing: 0.7321271225810051
  view-data: 1.3421292584389448
