times:
  edit-metadata: 15.328340323001612
  landing: 0.04922818799968809
  view-data: 0.3727598919940647
