times:
  landing: 0.5634471219999853
  view-data: 0.5733381579999843
