times:
  edit-metadata: 13.35773721896112
  landing: 0.6610145065933466
  view-data: 0.873430410400033
