times:
  edit-metadata: 2.693138748407364
  landing: 0.050443907268345356
  view-data: 0.3732979353517294
