times:
  landing: 1.219037017000005
  view-data: 0.5790987830000063
