times:
  edit-metadata: 1.8283867569407448
  landing: 1.137966298032552
  view-data: 3.328984959051013
