times:
  landing: 0.5589966619999984
  view-data: 0.5755605740000078
