times:
  edit-metadata: 3.7462994819507003
  landing: 0.15148112457245588
  view-data: 0.5807256568223238
