times:
  edit-metadata: 2.7274183183908463
  landing: 0.06098672840744257
  view-data: 0.4051358364522457
