times:
  edit-metadata: 5.146241068840027
  landing: 0.23867404088377953
  view-data: 0.44805364310741425
