times:
  edit-metadata: 13.18221697025001
  landing: 0.9046163931488991
  view-data: 0.9659158065915108
