times:
  edit-metadata: 3.7541746785864234
  landing: 0.01930625829845667
  view-data: 0.026438305154442787
