times:
  edit-metadata: 13.888307819142938
  landing: 1.2167113274335861
  view-data: 1.2685569059103727
