times:
  landing: 0.5567820569999924
  view-data: 0.5630666870000027
