times:
  edit-metadata: 1.4118229039013386
  landing: 0.7960466854274273
  view-data: 3.381014361977577
