times:
  edit-metadata: 1.3790586665272713
  landing: 0.7451865524053574
  view-data: 3.3947609178721905
