times:
  edit-metadata: 8.228332031518221
  landing: 0.05428515002131462
  view-data: 0.5718245506286621
