times:
  edit-metadata: 2.806555138900876
  landing: 0.059743535704910755
  view-data: 0.3799151531420648
