times:
  landing: 1.5969333410000104
  view-data: 0.5596086850000006
