times:
  edit-metadata: 1.4145065993070602
  landing: 0.8578758612275124
  view-data: 3.4640248231589794
