times:
  edit-metadata: 3.751141384243965
  landing: 0.01807424146682024
  view-data: 0.13163309078663588
