times:
  landing: 0.56767610899999
  view-data: 0.5655975960000035
