times:
  edit-metadata: 1.476284154690802
  landing: 1.2090998440980911
  view-data: 3.346658470109105
