times:
  edit-metadata: 1.582333728671074
  landing: 0.8546108864247799
  view-data: 3.4137014597654343
