times:
  edit-metadata: 6.056805891916156
  landing: 0.09245240315794945
  view-data: 0.5591206750832498
