times:
  edit-metadata: 14.990787273040041
  landing: 0.053673739079385996
  view-data: 0.36168639711104333
