times:
  edit-metadata: 35.71654545515776
  landing: 0.5811384581029415
  view-data: 0.4499472677707672
