times:
  landing: 1.1057746319999637
  view-data: 0.5649605600000314
