times:
  landing: 0.5633459420000122
  view-data: 0.5662348860000179
