times:
  edit-metadata: 15.65822234400548
  landing: 0.05444328486919403
  view-data: 0.36992612783797085
