times:
  edit-metadata: 4.136232333024964
  landing: 0.08307122392579913
  view-data: 0.410363923991099
