times:
  landing: 0.5645386830000234
  view-data: 0.572142858999996
