times:
  edit-metadata: 3.8394050439819694
  landing: 0.01843375526368618
  view-data: 0.11950169038027525
