times:
  edit-metadata: 1.4791078381240368
  landing: 1.0039761252701283
  view-data: 3.29150303080678
