times:
  edit-metadata: 3.7705328287556767
  landing: 0.02194822859019041
  view-data: 0.02509232796728611
