times:
  edit-metadata: 1.7443057373166084
  landing: 1.1957439966499805
  view-data: 3.4031273424625397
