times:
  edit-metadata: 3.750349040143192
  landing: 0.13864416722208261
  view-data: 0.025194468908011913
