times:
  edit-metadata: 3.7449854873120785
  landing: 0.019475752487778664
  view-data: 0.025439158082008362
