times:
  landing: 0.5560096709999698
  view-data: 0.5619161990000521
