times:
  edit-metadata: 1.336756152100861
  landing: 0.7781823975965381
  view-data: 3.376420025713742
