times:
  edit-metadata: 5.5301708355546
  landing: 0.021194681525230408
  view-data: 0.1281077228486538
