times:
  landing: 1.0873629449999953
  view-data: 0.5599692429999834
