times:
  edit-metadata: 12.015769977122545
  landing: 0.052231837064027786
  view-data: 0.7852749228477478
