times:
  edit-metadata: 15.120274982880801
  landing: 0.04693459300324321
  view-data: 0.380336276255548
