times:
  edit-metadata: 2.305408973246813
  landing: 1.4251915663480759
  view-data: 3.478977508842945
