times:
  edit-metadata: 1.6155036091804504
  landing: 0.9697376005351543
  view-data: 3.371737591922283
