times:
  edit-metadata: 1.5235389310400933
  landing: 0.76010906486772
  view-data: 3.3906612100545317
