times:
  landing: 1.1579837790000056
  view-data: 0.5567884739999727
