times:
  edit-metadata: 4.346930425992468
  landing: 0.0483198770089075
  view-data: 0.8376126119983383
