times:
  edit-metadata: 5.291725819930434
  landing: 0.1307720560580492
  view-data: 0.023736922070384026
