times:
  edit-metadata: 2.657363082282245
  landing: 0.04254293208941817
  view-data: 0.3662213026545942
