times:
  landing: 0.5720994810000093
  view-data: 0.5873511679999979
