times:
  edit-metadata: 4.1739264111965895
  landing: 0.08663901314139366
  view-data: 0.4498661137185991
