times:
  edit-metadata: 3.780389977619052
  landing: 0.019381074234843254
  view-data: 0.027101759798824787
