times:
  edit-metadata: 4.241943108849227
  landing: 0.06878418591804802
  view-data: 0.4040387971326709
