times:
  edit-metadata: 14.760717054945417
  landing: 0.05323839094489813
  view-data: 0.3575516239507124
