times:
  edit-metadata: 3.7896549105644226
  landing: 0.14538453985005617
  view-data: 0.12560477573424578
