times:
  edit-metadata: 5.450481493026018
  landing: 0.15914017520844936
  view-data: 0.4828203823417425
