times:
  edit-metadata: 5.1683875769376755
  landing: 0.19857925921678543
  view-data: 0.02749551460146904
