times:
  edit-metadata: 5.079511046409607
  landing: 0.018462063744664192
  view-data: 0.4680895395576954
