times:
  landing: 1.0828406100000052
  view-data: 0.5624573300000293
