times:
  edit-metadata: 4.185116874054074
  landing: 0.054970632307231426
  view-data: 0.5951072108000517
