times:
  edit-metadata: 2.8422559797763824
  landing: 1.5101471012458205
  view-data: 3.5708764726296067
