times:
  edit-metadata: 1.4142068922519684
  landing: 0.8265362922102213
  view-data: 3.369977582246065
