times:
  edit-metadata: 4.349609490018338
  landing: 0.08811985142529011
  view-data: 0.4001071462407708
