times:
  edit-metadata: 1.372470275964588
  landing: 0.7717507439665496
  view-data: 3.3902797328773886
