times:
  edit-metadata: 12.0051562897861
  landing: 0.04379686340689659
  view-data: 0.8362660780549049
