times:
  edit-metadata: 5.534026306122541
  landing: 0.14963746815919876
  view-data: 0.026023685932159424
