times:
  edit-metadata: 18.364788209088147
  landing: 0.10248692682944238
  view-data: 0.4742139729205519
