times:
  edit-metadata: 13.869061075150967
  landing: 0.6846306342631578
  view-data: 1.2470401786267757
