times:
  landing: 1.105121392000001
  view-data: 0.5673024269999587
