times:
  edit-metadata: 1.690387999638915
  landing: 1.0714316088706255
  view-data: 3.337268855422735
