times:
  edit-metadata: 12.016772760078311
  landing: 0.6490065883845091
  view-data: 0.8505399953573942
