times:
  edit-metadata: 13.608766861259937
  landing: 0.05472194775938988
  view-data: 0.8649480976164341
