times:
  edit-metadata: 4.246402960969135
  landing: 0.04285527404863387
  view-data: 0.49053655203897506
