times:
  edit-metadata: 13.616629894822836
  landing: 1.995846064761281
  view-data: 0.9333119913935661
