times:
  edit-metadata: 13.858581695705652
  landing: 0.6140752099454403
  view-data: 1.2745564095675945
