times:
  edit-metadata: 1.5883552581071854
  landing: 0.936247918754816
  view-data: 3.45386772044003
