times:
  edit-metadata: 5.3102574329823256
  landing: 0.02117893286049366
  view-data: 0.1648220457136631
