times:
  edit-metadata: 14.18263729289174
  landing: 1.1447015851736069
  view-data: 1.258190955966711
