times:
  edit-metadata: 12.220317207276821
  landing: 0.057078711688518524
  view-data: 0.8185435123741627
