times:
  edit-metadata: 3.818293877877295
  landing: 0.01849673967808485
  view-data: 0.025615437887609005
