times:
  edit-metadata: 13.665049906820059
  landing: 0.7555100191384554
  view-data: 0.8171192966401577
