times:
  edit-metadata: 13.610825132578611
  landing: 0.5597123596817255
  view-data: 0.855622248724103
