times:
  edit-metadata: 3.7493470776826143
  landing: 0.12669107504189014
  view-data: 0.024806546978652477
