times:
  landing: 0.5612023749999935
  view-data: 0.06429613599999584
