times:
  edit-metadata: 12.106997773051262
  landing: 0.05009794607758522
  view-data: 0.8049678690731525
