times:
  landing: 1.6145286149999833
  view-data: 0.5765903899999785
