times:
  edit-metadata: 2.6769075109623373
  landing: 0.04936654772609472
  view-data: 0.46354239666834474
