times:
  landing: 1.2485192780000034
  view-data: 0.5663213340000084
