times:
  edit-metadata: 4.52375709998887
  landing: 0.05811807402642444
  view-data: 0.5236073030391708
