times:
  edit-metadata: 14.871005427907221
  landing: 0.048590216087177396
  view-data: 0.37849857297260314
