times:
  edit-metadata: 4.155720823910087
  landing: 0.05295778694562614
  view-data: 0.6450022580102086
