times:
  landing: 1.0696166839999819
  view-data: 0.5648059959999898
