times:
  edit-metadata: 1.523244943935424
  landing: 0.7659000190906227
  view-data: 3.3350732810795307
