times:
  landing: 1.1961247579999963
  view-data: 0.5751356700000088
