times:
  edit-metadata: 1.6879159547388554
  landing: 0.8988568410277367
  view-data: 3.3620271906256676
