times:
  edit-metadata: 5.425302229821682
  landing: 0.192638935521245
  view-data: 0.3004289083182812
