times:
  edit-metadata: 13.443396855145693
  landing: 0.05264442041516304
  view-data: 0.8316409643739462
