times:
  edit-metadata: 1.4454256631433964
  landing: 0.8340740017592907
  view-data: 3.406843736767769
