times:
  landing: 0.5603602559999672
  view-data: 0.5632964769999944
