times:
  edit-metadata: 3.8150910614058375
  landing: 0.01988094300031662
  view-data: 0.11911546345800161
