times:
  edit-metadata: 36.14946415275335
  landing: 0.8866999112069607
  view-data: 0.45915044099092484
