times:
  edit-metadata: 5.917842164169997
  landing: 0.08763774204999208
  view-data: 0.4148536999709904
