times:
  edit-metadata: 11.926055748015642
  landing: 0.04719013348221779
  view-data: 0.7693789079785347
