times:
  edit-metadata: 6.510078376159072
  landing: 0.17823414504528046
  view-data: 0.22289559803903103
