times:
  edit-metadata: 2.0617687441408634
  landing: 1.244538053870201
  view-data: 3.38618391379714
