times:
  edit-metadata: 2.679290374740958
  landing: 0.046435290947556496
  view-data: 0.35468272818252444
