times:
  edit-metadata: 3.699042513035238
  landing: 0.02039837185293436
  view-data: 0.12693640869110823
