times:
  edit-metadata: 5.6177600752562284
  landing: 0.1912921667098999
  view-data: 0.15413489751517773
