times:
  edit-metadata: 4.512497449293733
  landing: 0.22595097497105598
  view-data: 0.12517303973436356
