times:
  edit-metadata: 18.030998890055344
  landing: 0.05747338803485036
  view-data: 0.47438956308178604
