times:
  edit-metadata: 13.31130525842309
  landing: 0.8300615753978491
  view-data: 0.9293706603348255
