times:
  edit-metadata: 5.628190299496055
  landing: 0.13433646596968174
  view-data: 0.45173752307891846
