times:
  edit-metadata: 2.143102823756635
  landing: 1.1661345781758428
  view-data: 3.5209379829466343
