times:
  edit-metadata: 3.8383841970935464
  landing: 0.01951636653393507
  view-data: 0.02900176215916872
