times:
  edit-metadata: 13.746016599237919
  landing: 0.5919396337121725
  view-data: 1.2484161164611578
