times:
  landing: 1.0804567640000187
  view-data: 0.5643241639999985
