times:
  landing: 2.725620751000008
  view-data: 0.6037940219999882
