times:
  edit-metadata: 1.3794987071305513
  landing: 0.7674683164805174
  view-data: 3.4345097672194242
