times:
  edit-metadata: 4.561607671901584
  landing: 0.15707986988127232
  view-data: 0.477178992703557
