times:
  landing: 1.0837569059999907
  view-data: 0.5778045489999784
