times:
  edit-metadata: 1.5337722720578313
  landing: 0.8453659927472472
  view-data: 3.3854595655575395
