times:
  edit-metadata: 2.6793427169322968
  landing: 0.052780965343117714
  view-data: 0.36504853796213865
