times:
  edit-metadata: 17.155606345972046
  landing: 0.06278359680436552
  view-data: 0.4272552370093763
