times:
  edit-metadata: 1.4169113421812654
  landing: 0.8688824577257037
  view-data: 3.273237368091941
