times:
  edit-metadata: 5.1487290058285
  landing: 0.21121226996183395
  view-data: 0.44443958066403866
