times:
  edit-metadata: 2.2163696363568306
  landing: 1.3531848471611738
  view-data: 3.3880521059036255
