times:
  edit-metadata: 12.086130827665329
  landing: 0.0514337420463562
  view-data: 0.8482432551681995
