times:
  edit-metadata: 6.116881532594562
  landing: 0.15669246762990952
  view-data: 0.6113217771053314
