times:
  edit-metadata: 1.8560313358902931
  landing: 1.3569843769073486
  view-data: 3.3967564031481743
