times:
  landing: 1.150410969999939
  view-data: 0.5474031829999149
