times:
  edit-metadata: 4.101543586002663
  landing: 0.09219621098600328
  view-data: 0.39957864698953927
