times:
  edit-metadata: 1.3304617379326373
  landing: 0.8212127480655909
  view-data: 3.28143772110343
