times:
  edit-metadata: 15.37522213999182
  landing: 0.05501282284967601
  view-data: 0.4126269668340683
