times:
  edit-metadata: 13.39148104377091
  landing: 0.6693980656564236
  view-data: 0.9560368694365025
