times:
  edit-metadata: 3.042222929187119
  landing: 0.054545692168176174
  view-data: 0.39356737304478884
