times:
  edit-metadata: 1.560697965323925
  landing: 0.959845244884491
  view-data: 3.2452558800578117
