times:
  edit-metadata: 15.258852676022798
  landing: 0.04901224700734019
  view-data: 0.39272081991657615
