times:
  edit-metadata: 2.933442046865821
  landing: 0.06012354139238596
  view-data: 0.38497631531208754
