times:
  landing: 0.5632081589999984
  view-data: 0.5656832960000315
