times:
  edit-metadata: 4.150987847009674
  landing: 0.05381337500875816
  view-data: 0.5433690350037068
