times:
  edit-metadata: 11.954474922269583
  landing: 0.05202202498912811
  view-data: 0.7917166091501713
