times:
  edit-metadata: 4.789412856014678
  landing: 0.1356870390009135
  view-data: 0.4116789909894578
