times:
  landing: 0.5591913840000302
  view-data: 0.5559422649999988
