times:
  edit-metadata: 11.991027753800154
  landing: 0.05689654499292374
  view-data: 0.8156171143054962
