times:
  edit-metadata: 2.3317519845440984
  landing: 1.3466095887124538
  view-data: 3.7625803565606475
