times:
  edit-metadata: 4.285798177996185
  landing: 0.0853956249775365
  view-data: 0.4069036840228364
