times:
  edit-metadata: 1.6683929711580276
  landing: 0.9612506832927465
  view-data: 3.296736016869545
