times:
  edit-metadata: 2.7051681922748685
  landing: 0.05320068821310997
  view-data: 0.3868878483772278
