times:
  edit-metadata: 4.134483948000707
  landing: 0.08231818105559796
  view-data: 0.4302499599289149
