times:
  edit-metadata: 4.1984446118585765
  landing: 0.04877349687740207
  view-data: 0.45429573068395257
