times:
  edit-metadata: 5.60150995105505
  landing: 0.13818338327109814
  view-data: 0.41757320798933506
