times:
  edit-metadata: 11.860858988016844
  landing: 0.05453122779726982
  view-data: 0.8043743446469307
