times:
  landing: 1.1273697440000205
  view-data: 0.5631260789999715
