times:
  landing: 0.5672340790000021
  view-data: 0.5596840519999944
