times:
  edit-metadata: 6.9303975105285645
  landing: 0.14705519750714302
  view-data: 0.5305453725159168
