times:
  edit-metadata: 12.000513579696417
  landing: 0.057803671807050705
  view-data: 0.8161473013460636
