times:
  landing: 0.5634779920000028
  view-data: 0.5640132320000077
