times:
  edit-metadata: 1.3979117809794843
  landing: 0.8796388260088861
  view-data: 3.248304281034507
