times:
  landing: 1.0904248699999926
  view-data: 0.5628218849999769
