times:
  landing: 0.5535877940000091
  view-data: 0.5597576349999827
