times:
  landing: 0.5533707120000031
  view-data: 0.5816982070000449
