times:
  edit-metadata: 1.4377372078597546
  landing: 0.8603560663759708
  view-data: 3.3899792693555355
