times:
  edit-metadata: 5.017041401937604
  landing: 0.11098694195970893
  view-data: 0.41862362809479237
