times:
  edit-metadata: 5.678310288989451
  landing: 0.07715438000741415
  view-data: 0.557937818026403
