times:
  edit-metadata: 1.3927890546619892
  landing: 0.7548538744449615
  view-data: 3.3508963994681835
