times:
  edit-metadata: 14.929569502011873
  landing: 0.055222647031769156
  view-data: 0.3680048380047083
