times:
  edit-metadata: 1.448442231863737
  landing: 0.8088820241391659
  view-data: 3.330174330621958
