times:
  edit-metadata: 13.367851601913571
  landing: 0.9450879208743572
  view-data: 0.8822442274540663
