times:
  edit-metadata: 3.6948568262159824
  landing: 0.02016491536051035
  view-data: 0.13015747722238302
