times:
  edit-metadata: 4.288222845643759
  landing: 0.04437406500801444
  view-data: 0.5077593447640538
