times:
  edit-metadata: 5.668269713059999
  landing: 0.24230628495570272
  view-data: 0.48172307293862104
