times:
  edit-metadata: 3.6744355177506804
  landing: 0.1405044011771679
  view-data: 0.028326218016445637
