times:
  edit-metadata: 6.2159648183733225
  landing: 0.46883813571184874
  view-data: 0.5612739026546478
