times:
  edit-metadata: 14.328819019719958
  landing: 1.1493480075150728
  view-data: 1.2837178651243448
