times:
  edit-metadata: 4.163129194872454
  landing: 0.07120616897009313
  view-data: 0.4166814461350441
