times:
  edit-metadata: 1.491903556510806
  landing: 0.8050671555101871
  view-data: 3.398545192554593
