times:
  edit-metadata: 2.4161871820688248
  landing: 1.5369872525334358
  view-data: 3.4301473796367645
