times:
  edit-metadata: 2.178576096892357
  landing: 1.7432829961180687
  view-data: 3.6125200651586056
