times:
  edit-metadata: 1.6097962521016598
  landing: 1.124086655676365
  view-data: 3.329009437933564
