times:
  edit-metadata: 1.4108978272415698
  landing: 0.7767168693244457
  view-data: 3.2595379119738936
