times:
  landing: 1.0762000860000285
  view-data: 0.5597151059999987
