times:
  edit-metadata: 14.981506052892655
  landing: 0.053654633928090334
  view-data: 0.3727170405909419
