times:
  edit-metadata: 3.7337979143485427
  landing: 0.019583003595471382
  view-data: 0.027735862880945206
