times:
  edit-metadata: 4.1842137759085745
  landing: 0.07644151896238327
  view-data: 0.4460952980443835
