times:
  edit-metadata: 1.5543057009926997
  landing: 0.3023915989906527
  view-data: 0.30480429099407047
