times:
  landing: 1.0936932120000051
  view-data: 0.5772951620000129
