times:
  edit-metadata: 1.6215649852529168
  landing: 1.1305368221364915
  view-data: 3.2936874111182988
