times:
  edit-metadata: 1.5548109076917171
  landing: 0.7703066561371088
  view-data: 3.4322644229978323
