times:
  edit-metadata: 4.329693851061165
  landing: 0.08553763618692756
  view-data: 0.4413519059307873
