times:
  edit-metadata: 2.7927235066890717
  landing: 0.04839445650577545
  view-data: 0.36831845808774233
