times:
  edit-metadata: 4.231347667984664
  landing: 0.04428328713402152
  view-data: 0.4031431069597602
