times:
  edit-metadata: 3.7030248465016484
  landing: 0.019472487270832062
  view-data: 0.025214935652911663
