times:
  edit-metadata: 2.7075841510668397
  landing: 0.0450517013669014
  view-data: 0.40839028637856245
