times:
  edit-metadata: 8.175812049999877
  landing: 0.03349355399950582
  view-data: 0.0506935240009625
