times:
  edit-metadata: 1.362981649930589
  landing: 0.7729143659817055
  view-data: 3.430678703938611
