times:
  edit-metadata: 1.5877403281629086
  landing: 1.0779118798673153
  view-data: 3.286836553364992
