times:
  edit-metadata: 2.7102106967940927
  landing: 0.053177653811872005
  view-data: 0.389048520475626
