times:
  edit-metadata: 1.823774978518486
  landing: 1.2680107168853283
  view-data: 3.4247651174664497
