times:
  edit-metadata: 1.6169834160245955
  landing: 1.12759644491598
  view-data: 3.3048355812206864
