times:
  edit-metadata: 2.685232365038246
  landing: 0.05593418097123504
  view-data: 0.3887642859481275
