times:
  edit-metadata: 13.460331551730633
  landing: 1.1534157805144787
  view-data: 0.839253343641758
