times:
  edit-metadata: 13.85822642967105
  landing: 0.5966826770454645
  view-data: 1.2486506067216396
