times:
  landing: 0.5883877859999984
  view-data: 0.5591897500000016
