times:
  edit-metadata: 5.832113184034824
  landing: 0.2552184909582138
  view-data: 0.15591987036168575
