times:
  edit-metadata: 4.324664077023044
  landing: 0.08417636202648282
  view-data: 0.42780944297555834
