times:
  edit-metadata: 1.3793250862509012
  landing: 0.8182927519083023
  view-data: 3.3184961527585983
