times:
  edit-metadata: 13.331816902384162
  landing: 0.7897012121975422
  view-data: 1.078230693936348
