times:
  edit-metadata: 2.690370372030884
  landing: 0.05504064215347171
  view-data: 0.3989592487923801
