times:
  edit-metadata: 1.4034713469445705
  landing: 0.744665015488863
  view-data: 3.425362456589937
