times:
  edit-metadata: 1.7212844789028168
  landing: 1.2409976311028004
  view-data: 3.3441246822476387
