times:
  edit-metadata: 1.4077660162001848
  landing: 0.849533136934042
  view-data: 3.4213388804346323
