times:
  edit-metadata: 5.2666654866188765
  landing: 0.01867966540157795
  view-data: 0.41610740683972836
