times:
  edit-metadata: 1.3904181085526943
  landing: 0.9538237117230892
  view-data: 3.323182739317417
