times:
  edit-metadata: 1.3319458151236176
  landing: 0.8247096901759505
  view-data: 3.3527463041245937
