times:
  edit-metadata: 5.2301903907209635
  landing: 0.14551904425024986
  view-data: 0.44553067348897457
