times:
  edit-metadata: 14.179467760026455
  landing: 2.2678541988134384
  view-data: 1.2527475375682116
