times:
  edit-metadata: 11.995393235236406
  landing: 0.04755578562617302
  view-data: 0.8036793582141399
