times:
  edit-metadata: 1.5308426320552826
  landing: 0.9109426606446505
  view-data: 3.412922939285636
