times:
  edit-metadata: 2.7874438175931573
  landing: 0.053980812430381775
  view-data: 0.3785351887345314
