times:
  edit-metadata: 4.363216531928629
  landing: 0.07644532900303602
  view-data: 0.4157251990400255
