times:
  edit-metadata: 3.7858656691387296
  landing: 0.0192780876532197
  view-data: 0.11829837784171104
