times:
  edit-metadata: 13.183672968298197
  landing: 0.78706637583673
  view-data: 0.8822215516120195
