times:
  landing: 0.5490992360000178
  view-data: 0.5499217480000311
