times:
  edit-metadata: 3.0857745241373777
  landing: 1.632103055715561
  view-data: 3.938868410885334
