times:
  edit-metadata: 1.5216600373387337
  landing: 1.0240147709846497
  view-data: 3.3789452463388443
