times:
  edit-metadata: 6.78902150131762
  landing: 0.28358777798712254
  view-data: 0.6144674979150295
