times:
  edit-metadata: 5.095401125028729
  landing: 0.21797404997050762
  view-data: 0.4470036141574383
