times:
  landing: 0.5648067219999859
  view-data: 0.5616891569999893
