times:
  edit-metadata: 14.944334058091044
  landing: 1.3785644639283419
  view-data: 0.8853171020746231
