times:
  edit-metadata: 4.398112983995816
  landing: 0.07666892799898051
  view-data: 0.5679151990043465
