times:
  edit-metadata: 6.499924132600427
  landing: 0.21674365364015102
  view-data: 0.37992442212998867
