times:
  edit-metadata: 14.846199317020364
  landing: 0.04387480893637985
  view-data: 0.365198565996252
