times:
  edit-metadata: 4.072870356030762
  landing: 0.049128598999232054
  view-data: 0.7299815949518234
