times:
  edit-metadata: 14.875780434114859
  landing: 0.0445772809907794
  view-data: 0.35637362487614155
