times:
  edit-metadata: 8.313746135972906
  landing: 0.02529001497896388
  view-data: 0.21522520098369569
