times:
  edit-metadata: 5.455911682918668
  landing: 0.09612910263240337
  view-data: 0.47577440552413464
