times:
  edit-metadata: 15.809606096940115
  landing: 0.0576091050170362
  view-data: 0.4036101179663092
