times:
  landing: 0.5492920249999997
  view-data: 0.5509525479999979
