times:
  edit-metadata: 11.959712702780962
  landing: 0.04460960626602173
  view-data: 0.7684827670454979
