times:
  edit-metadata: 1.9592751264572144
  landing: 1.0777938216924667
  view-data: 3.4078497607260942
