times:
  edit-metadata: 13.2079275585711
  landing: 0.7364317309111357
  view-data: 0.8326419591903687
