times:
  edit-metadata: 3.803867924027145
  landing: 0.018681423738598824
  view-data: 0.10065263230353594
