times:
  edit-metadata: 15.064004336003563
  landing: 0.0488160329987295
  view-data: 0.36394030999508686
