times:
  edit-metadata: 5.825422666966915
  landing: 0.14783895388245583
  view-data: 0.5474612973630428
