times:
  edit-metadata: 2.7268217182718217
  landing: 0.050381582230329514
  view-data: 0.40774297108873725
