times:
  edit-metadata: 15.262270118109882
  landing: 0.05740128201432526
  view-data: 0.39309287280775607
