times:
  edit-metadata: 2.364303894340992
  landing: 0.8382217735052109
  view-data: 3.499813161790371
