times:
  edit-metadata: 7.941353736445308
  landing: 0.1912401095032692
  view-data: 0.19230544194579124
