times:
  edit-metadata: 3.7002607178874314
  landing: 0.08097848994657397
  view-data: 0.38160311290994287
