times:
  edit-metadata: 2.7469694009050727
  landing: 0.04656069725751877
  view-data: 0.7574951946735382
