times:
  landing: 1.1813504949999754
  view-data: 0.07463647999998102
