times:
  landing: 0.5552475920000006
  view-data: 0.57922792399998
