times:
  edit-metadata: 1.5278089921921492
  landing: 1.067370492964983
  view-data: 3.3630661759525537
