times:
  landing: 0.5543346459999157
  view-data: 0.557439094999836
