times:
  landing: 0.6574830719999909
  view-data: 0.5609559399999853
