times:
  edit-metadata: 4.169048354960978
  landing: 0.07098982704337686
  view-data: 0.43320508603937924
