times:
  edit-metadata: 1.7626367881894112
  landing: 1.0961446315050125
  view-data: 3.3183605074882507
