times:
  edit-metadata: 15.960766748059541
  landing: 0.05270970473065972
  view-data: 0.3890777938067913
