times:
  edit-metadata: 1.4327072389423847
  landing: 1.0823155082762241
  view-data: 3.305931653827429
