times:
  edit-metadata: 4.573340696282685
  landing: 0.13891996629536152
  view-data: 0.23852436430752277
