times:
  edit-metadata: 3.732932264916599
  landing: 0.020145711489021778
  view-data: 0.12568895891308784
