times:
  landing: 0.5665580160000161
  view-data: 0.5652867039999876
