times:
  edit-metadata: 1.901633620262146
  landing: 0.988115830346942
  view-data: 3.3073045667260885
