times:
  edit-metadata: 1.4943254925310612
  landing: 0.959141930565238
  view-data: 3.3512175157666206
