times:
  edit-metadata: 4.182542801834643
  landing: 0.08872580388560891
  view-data: 0.4626013352535665
