times:
  edit-metadata: 2.750481452792883
  landing: 0.04351788014173508
  view-data: 0.38626321172341704
