times:
  edit-metadata: 2.739529245067388
  landing: 0.044998025987297297
  view-data: 0.3722532228566706
