times:
  edit-metadata: 13.23090098798275
  landing: 1.0200358927249908
  view-data: 0.8470132555812597
