times:
  edit-metadata: 4.29925765004009
  landing: 0.04900391213595867
  view-data: 0.48717776825651526
