times:
  edit-metadata: 4.564613601192832
  landing: 0.19822638016194105
  view-data: 0.023546027950942516
