times:
  edit-metadata: 5.699101202189922
  landing: 0.13967701606452465
  view-data: 0.13830179907381535
