times:
  edit-metadata: 4.959174618124962
  landing: 0.021307026967406273
  view-data: 0.6430036239326
