times:
  edit-metadata: 1.4229217376559973
  landing: 0.8176423665136099
  view-data: 3.414715588092804
