times:
  landing: 0.5910362210000244
  view-data: 0.574770940999997
