times:
  landing: 0.6837968250000017
  view-data: 0.5704735790000086
