times:
  edit-metadata: 1.6868328265845776
  landing: 7.664278212934732
  view-data: 3.324042271822691
