times:
  edit-metadata: 2.6761908479966223
  landing: 0.058209321927279234
  view-data: 0.36746397195383906
