times:
  landing: 1.1025743820000002
  view-data: 0.5635543569999868
