times:
  edit-metadata: 35.442541282624006
  landing: 1.207216577604413
  view-data: 0.7065035365521908
