times:
  edit-metadata: 5.234927540994249
  landing: 0.01825485797598958
  view-data: 0.023131624038796872
