times:
  edit-metadata: 6.181712819263339
  landing: 0.022070996463298798
  view-data: 0.1667451485991478
