times:
  edit-metadata: 1.4442820027470589
  landing: 0.9896270595490932
  view-data: 3.317754093557596
