times:
  edit-metadata: 5.298822160810232
  landing: 0.020669130608439445
  view-data: 0.13492728769779205
