times:
  edit-metadata: 2.041088576428592
  landing: 1.2592415986582637
  view-data: 3.3671007100492716
