times:
  edit-metadata: 1.9047527462244034
  landing: 1.1546895503997803
  view-data: 3.382361702620983
