times:
  edit-metadata: 3.7278973823413253
  landing: 0.21466259099543095
  view-data: 0.09507075883448124
