times:
  edit-metadata: 35.18584790080786
  landing: 0.604573454707861
  view-data: 0.4669250547885895
