times:
  edit-metadata: 1.4909992332104594
  landing: 0.7411516378633678
  view-data: 3.39985946402885
