times:
  edit-metadata: 2.9434285731986165
  landing: 0.057567132636904716
  view-data: 0.3864830592647195
