times:
  landing: 0.5689097069999889
  view-data: 0.06631442599999104
