times:
  edit-metadata: 5.303613180294633
  landing: 0.08160051936283708
  view-data: 0.39764269394800067
