times:
  edit-metadata: 4.675436574034393
  landing: 0.2433316484093666
  view-data: 0.5644545368850231
