times:
  edit-metadata: 2.6845132187008858
  landing: 1.9487147890031338
  view-data: 3.5703826285898685
