times:
  landing: 1.087217150000015
  view-data: 0.5697378000000413
