times:
  edit-metadata: 4.172464950999711
  landing: 0.06428541099012364
  view-data: 0.5333894119976321
