times:
  edit-metadata: 13.620117548853159
  landing: 1.1400277242064476
  view-data: 1.244458444416523
