times:
  edit-metadata: 4.178499165980611
  landing: 0.08275292901089415
  view-data: 0.4319458259851672
