times:
  landing: 1.0846478710000156
  view-data: 0.5622068010000021
