times:
  edit-metadata: 8.408646129071712
  landing: 0.05065755918622017
  view-data: 0.5890358835458755
