times:
  edit-metadata: 15.710728239035234
  landing: 0.047454394050873816
  view-data: 0.38211870193481445
