times:
  edit-metadata: 13.452452639117837
  landing: 0.052199067547917366
  view-data: 0.8937211614102125
