times:
  edit-metadata: 4.234886961989105
  landing: 0.09612355998251587
  view-data: 0.5214906460023485
