times:
  edit-metadata: 2.672782640904188
  landing: 0.045394625980407
  view-data: 0.3481183289550245
