times:
  edit-metadata: 1.6621854099212214
  landing: 1.1971273249946535
  view-data: 3.3353068629512563
