times:
  edit-metadata: 2.7498278291895986
  landing: 0.04179006814956665
  view-data: 0.3779092514887452
