times:
  edit-metadata: 13.384841782972217
  landing: 0.6465460509061813
  view-data: 0.9273139294236898
