times:
  edit-metadata: 4.776228247210383
  landing: 0.28958403784781694
  view-data: 0.8250637408345938
