times:
  edit-metadata: 1.449013825505972
  landing: 0.9562953040003777
  view-data: 3.413320828229189
