times:
  edit-metadata: 14.80710630491376
  landing: 0.050446738954633474
  view-data: 0.38319138530641794
