times:
  edit-metadata: 37.542121620848775
  landing: 1.1349076367914677
  view-data: 0.6961365509778261
