times:
  edit-metadata: 4.202469032024965
  landing: 0.08302805200219154
  view-data: 0.4177058609202504
