times:
  edit-metadata: 3.7691303733736277
  landing: 0.2000973066315055
  view-data: 0.025348035618662834
