times:
  landing: 1.1398896930000433
  view-data: 0.5786943729999621
