times:
  edit-metadata: 1.4835233958438039
  landing: 0.7448318619281054
  view-data: 3.3615682534873486
