times:
  edit-metadata: 11.967068921774626
  landing: 0.048836302012205124
  view-data: 0.7872883789241314
