times:
  edit-metadata: 3.7697689663618803
  landing: 0.021136248484253883
  view-data: 0.4958478920161724
