times:
  edit-metadata: 4.232396497000082
  landing: 0.06014941700004783
  view-data: 0.4167083380002623
