times:
  edit-metadata: 1.3760812319815159
  landing: 0.8937779106199741
  view-data: 3.320565063506365
