times:
  edit-metadata: 2.82071553170681
  landing: 0.04285818291828036
  view-data: 0.423429427202791
