times:
  landing: 1.1255951089999883
  view-data: 0.5584517280000227
