times:
  edit-metadata: 1.4429693073034286
  landing: 0.7570655941963196
  view-data: 3.415892092511058
