times:
  edit-metadata: 4.256737336982042
  landing: 0.07216449314728379
  view-data: 0.411376201082021
