times:
  edit-metadata: 3.736133455298841
  landing: 0.019972577691078186
  view-data: 0.029760343953967094
