times:
  edit-metadata: 1.5110795386135578
  landing: 0.9027480678632855
  view-data: 3.3839703677222133
