times:
  edit-metadata: 1.5581218861043453
  landing: 1.1841694228351116
  view-data: 3.3019029647111893
