times:
  edit-metadata: 12.056601360440254
  landing: 0.055286262184381485
  view-data: 0.8176764212548733
