times:
  edit-metadata: 2.729139198549092
  landing: 0.046930091455578804
  view-data: 0.41176351625472307
