times:
  edit-metadata: 13.697852540761232
  landing: 0.05457674525678158
  view-data: 0.912952858954668
