times:
  edit-metadata: 5.067771755158901
  landing: 0.1356586292386055
  view-data: 0.4323528967797756
