times:
  landing: 1.084176106000001
  view-data: 0.5668080680000003
