times:
  edit-metadata: 1.828253835439682
  landing: 1.0930972695350647
  view-data: 3.37978657707572
