times:
  landing: 1.0833602509999878
  view-data: 0.5644983099999763
