times:
  edit-metadata: 4.097859322093427
  landing: 0.12841584905982018
  view-data: 0.024042551405727863
