times:
  edit-metadata: 15.304034420056269
  landing: 0.04445973294787109
  view-data: 0.3727522059343755
