times:
  edit-metadata: 4.186410567956045
  landing: 0.04896408901549876
  view-data: 0.4982391009107232
