times:
  edit-metadata: 3.4276099437847733
  landing: 0.05152351036667824
  view-data: 0.42057144874706864
