times:
  edit-metadata: 14.806804566993378
  landing: 0.056407802971079946
  view-data: 0.35148509399732575
