times:
  edit-metadata: 13.32288033887744
  landing: 0.9008517190814018
  view-data: 0.8534518256783485
