times:
  edit-metadata: 1.478675976395607
  landing: 1.0261623077094555
  view-data: 3.616234838962555
