times:
  edit-metadata: 3.7317101061344147
  landing: 0.01912348624318838
  view-data: 0.11496927123516798
