times:
  edit-metadata: 1.6160268224775791
  landing: 1.135170180350542
  view-data: 3.359472494572401
