times:
  edit-metadata: 14.885025731055066
  landing: 0.045079920906573534
  view-data: 0.36495293502230197
