times:
  edit-metadata: 1.5452448949217796
  landing: 0.7831075899302959
  view-data: 3.458685714751482
