times:
  edit-metadata: 4.069520313991234
  landing: 0.051340737962163985
  view-data: 0.4985270220786333
