times:
  edit-metadata: 35.98515982367098
  landing: 0.7077213283628225
  view-data: 0.546683793887496
