times:
  edit-metadata: 1.9090018719434738
  landing: 1.1720272228121758
  view-data: 3.3329510129988194
