times:
  landing: 0.5551481319999994
  view-data: 0.563055979000012
