times:
  edit-metadata: 1.3906185571104288
  landing: 0.8170930426567793
  view-data: 3.3767596762627363
