times:
  edit-metadata: 14.124606916680932
  landing: 1.6240792591124773
  view-data: 1.211827201768756
