times:
  landing: 0.5651427439999566
  view-data: 0.5640074460000051
