times:
  edit-metadata: 3.70845284499228
  landing: 0.2091159736737609
  view-data: 0.11512982938438654
