times:
  edit-metadata: 2.442599590867758
  landing: 1.6496291998773813
  view-data: 4.874227423220873
