times:
  edit-metadata: 4.073869975982234
  landing: 0.056983575923368335
  view-data: 0.479821978835389
