times:
  edit-metadata: 2.6891793091781437
  landing: 0.05860205227509141
  view-data: 0.3714421191252768
