times:
  edit-metadata: 2.7314788764342666
  landing: 0.04234087001532316
  view-data: 0.38027588929980993
