times:
  edit-metadata: 1.7291334122419357
  landing: 1.1855344697833061
  view-data: 3.3707129694521427
