times:
  edit-metadata: 11.930047240108252
  landing: 0.051093023270368576
  view-data: 0.8417806550860405
