times:
  edit-metadata: 2.657039698213339
  landing: 0.0652059530839324
  view-data: 0.3557456601411104
