times:
  landing: 0.5653654049999659
  view-data: 0.5693026280000595
