times:
  edit-metadata: 5.329317731782794
  landing: 0.02074919454753399
  view-data: 0.026584425941109657
