times:
  edit-metadata: 1.6689167097210884
  landing: 0.8784085158258677
  view-data: 3.364640787243843
