times:
  edit-metadata: 1.4992859195917845
  landing: 0.8472668007016182
  view-data: 3.431999983265996
