times:
  edit-metadata: 3.7502704337239265
  landing: 0.18848806619644165
  view-data: 0.025935607962310314
