times:
  edit-metadata: 1.4582400768995285
  landing: 1.0845434591174126
  view-data: 3.318019788712263
