times:
  edit-metadata: 4.401901022007223
  landing: 0.04776859699632041
  view-data: 0.4199498819943983
