times:
  edit-metadata: 6.381920577958226
  landing: 0.18178157322108746
  view-data: 0.6188230067491531
