times:
  landing: 1.1923742850003691
  view-data: 0.5620162630002596
