times:
  edit-metadata: 1.6859338022768497
  landing: 1.2462496533989906
  view-data: 3.291186187416315
