times:
  edit-metadata: 1.8075208216905594
  landing: 1.258156020194292
  view-data: 3.3537003956735134
