times:
  landing: 0.5638479869999742
  view-data: 0.5620195569999851
