times:
  edit-metadata: 5.347641747444868
  landing: 0.14193973876535892
  view-data: 0.1489256452769041
