times:
  edit-metadata: 15.538799221860245
  landing: 0.05707449093461037
  view-data: 0.41305800597183406
