times:
  edit-metadata: 5.610671864822507
  landing: 0.018565505743026733
  view-data: 0.4666383545845747
