times:
  landing: 0.5572606179999866
  view-data: 0.5604174499999317
