times:
  edit-metadata: 1.4200972625985742
  landing: 1.7768057258799672
  view-data: 3.3058836944401264
