times:
  edit-metadata: 3.763764776289463
  landing: 0.018575903959572315
  view-data: 0.027644239366054535
