times:
  edit-metadata: 13.342458348721266
  landing: 0.6981237381696701
  view-data: 0.8733444102108479
