times:
  landing: 1.181456503999982
  view-data: 0.5642157899999916
