times:
  edit-metadata: 1.3991897273808718
  landing: 1.042445257306099
  view-data: 3.4029482174664736
