times:
  edit-metadata: 2.564684584736824
  landing: 1.6216570474207401
  view-data: 3.4037327840924263
