times:
  landing: 0.547146964999996
  view-data: 0.5499176980000016
