times:
  edit-metadata: 13.331717904657125
  landing: 0.7213574908673763
  view-data: 1.0696398317813873
