times:
  edit-metadata: 13.693125108256936
  landing: 0.619793426245451
  view-data: 0.8671672940254211
