times:
  edit-metadata: 12.053074944764376
  landing: 0.051645826548337936
  view-data: 0.7817087359726429
