times:
  landing: 0.5640966199999866
  view-data: 0.5696933919999765
