times:
  landing: 1.1037008729999798
  view-data: 0.5623036690000163
