times:
  edit-metadata: 1.4688719734549522
  landing: 0.9755704253911972
  view-data: 3.3791137896478176
