times:
  landing: 0.5606793829999788
  view-data: 0.5616566110000178
