times:
  edit-metadata: 14.980865057907067
  landing: 0.052646319032646716
  view-data: 0.3629926509456709
