times:
  landing: 0.5651130229999808
  view-data: 0.5785183090000032
