times:
  edit-metadata: 3.6395608754828572
  landing: 0.019510991871356964
  view-data: 0.11715269554406404
