times:
  edit-metadata: 3.4426719010807574
  landing: 0.050885525066405535
  view-data: 0.4092724109068513
