times:
  edit-metadata: 1.5665357001125813
  landing: 0.7861425466835499
  view-data: 3.383004236035049
