times:
  edit-metadata: 11.971022460609674
  landing: 0.05736912414431572
  view-data: 0.7743567042052746
