times:
  edit-metadata: 3.746702127158642
  landing: 0.13776662852615118
  view-data: 0.09886224195361137
