times:
  edit-metadata: 4.370724237523973
  landing: 0.019369197078049183
  view-data: 0.4925041254609823
