times:
  edit-metadata: 3.714791358448565
  landing: 0.01869557984173298
  view-data: 0.02563587576150894
