times:
  edit-metadata: 4.110273131867871
  landing: 0.09191623609513044
  view-data: 0.5399736010003835
