times:
  edit-metadata: 1.715565474703908
  landing: 1.086724804714322
  view-data: 3.3391735181212425
