times:
  edit-metadata: 1.9304729402065277
  landing: 1.2579228952527046
  view-data: 3.357134561985731
