times:
  edit-metadata: 3.6915759379044175
  landing: 0.019770972430706024
  view-data: 0.125836662016809
