times:
  edit-metadata: 12.181151859462261
  landing: 0.047481779009103775
  view-data: 0.7838770337402821
