times:
  edit-metadata: 1.4030902665108442
  landing: 0.8625423666089773
  view-data: 3.288151134736836
