times:
  edit-metadata: 2.6479318770579994
  landing: 0.056867826264351606
  view-data: 0.38513275422155857
