times:
  edit-metadata: 1.8659374229609966
  landing: 1.1592703573405743
  view-data: 3.3817533291876316
