times:
  edit-metadata: 2.6979898307472467
  landing: 0.060741519555449486
  view-data: 0.376562787219882
