times:
  edit-metadata: 1.4378433478996158
  landing: 0.9027736084535718
  view-data: 3.3027238845825195
