times:
  edit-metadata: 1.3321205850224942
  landing: 0.8604906909167767
  view-data: 3.3503843350335956
