times:
  edit-metadata: 2.7204230623319745
  landing: 0.055784357246011496
  view-data: 0.4008983261883259
