times:
  edit-metadata: 1.730700060725212
  landing: 1.3281494285911322
  view-data: 3.307397309690714
