times:
  edit-metadata: 14.886491273995489
  landing: 0.04992678598500788
  view-data: 0.37210183509159833
