times:
  edit-metadata: 3.7335840547457337
  landing: 0.019519811496138573
  view-data: 0.12228137627243996
