times:
  edit-metadata: 5.403664622455835
  landing: 0.0191771499812603
  view-data: 0.12238936312496662
