times:
  landing: 1.0848312450000037
  view-data: 0.5521975220000002
