times:
  edit-metadata: 14.824712101952173
  landing: 0.05347316002007574
  view-data: 0.36147966398857534
