times:
  edit-metadata: 4.379326093010604
  landing: 0.09139984799548984
  view-data: 0.45136132277548313
