times:
  edit-metadata: 16.045917942887172
  landing: 0.07029165094718337
  view-data: 0.385042809182778
