times:
  edit-metadata: 1.4880675640888512
  landing: 0.766890024766326
  view-data: 3.3376335753127933
