times:
  edit-metadata: 5.646928487345576
  landing: 0.023852327838540077
  view-data: 0.44298755563795567
