times:
  edit-metadata: 34.67000653594732
  landing: 0.5732078906148672
  view-data: 0.5270523875951767
