times:
  edit-metadata: 5.1162111749872565
  landing: 0.06302891112864017
  view-data: 0.42399970116093755
