times:
  edit-metadata: 2.791418908163905
  landing: 0.04834422795102
  view-data: 0.38500381680205464
