times:
  edit-metadata: 12.54054656624794
  landing: 0.6218103356659412
  view-data: 1.1119820717722178
