times:
  edit-metadata: 4.025844913907349
  landing: 0.052267740946263075
  view-data: 0.5166660789400339
