times:
  edit-metadata: 3.779040465131402
  landing: 0.11295269895344973
  view-data: 0.4789983117952943
