times:
  edit-metadata: 2.7106283493340015
  landing: 0.056477044709026814
  view-data: 0.39984553400427103
