times:
  landing: 0.5620592960000295
  view-data: 0.5684957369999211
