times:
  landing: 1.078324452000004
  view-data: 0.5713556540000013
