times:
  edit-metadata: 3.662792549468577
  landing: 0.018906698562204838
  view-data: 0.12013465631753206
