times:
  edit-metadata: 1.4067861875519156
  landing: 0.9375700084492564
  view-data: 3.2854180689901114
