times:
  edit-metadata: 11.94340094551444
  landing: 0.04747243598103523
  view-data: 0.8074367791414261
