times:
  edit-metadata: 1.519748860038817
  landing: 0.8959761327132583
  view-data: 3.265431623905897
