times:
  edit-metadata: 5.336854727938771
  landing: 0.14395175129175186
  view-data: 0.6188520919531584
