times:
  edit-metadata: 14.389337679371238
  landing: 1.1949046831578016
  view-data: 1.2365620080381632
