times:
  edit-metadata: 1.7362185642123222
  landing: 1.1801433265209198
  view-data: 3.312169574201107
