times:
  landing: 1.2035046899691224
  view-data: 0.544779924210161
