times:
  landing: 0.5601438079999639
  view-data: 0.5754391719999603
