times:
  edit-metadata: 15.600960079580545
  landing: 0.050524143036454916
  view-data: 0.48424073681235313
