times:
  edit-metadata: 8.752074588090181
  landing: 0.05970447510480881
  view-data: 0.5685786083340645
