times:
  edit-metadata: 2.753030658233911
  landing: 0.04321190668269992
  view-data: 0.37150434078648686
