times:
  edit-metadata: 14.988357479916885
  landing: 0.056319679133594036
  view-data: 0.36322731897234917
