times:
  edit-metadata: 14.898854247003328
  landing: 0.04832279199035838
  view-data: 0.3599092640215531
