times:
  edit-metadata: 12.029418300837278
  landing: 0.05692258104681969
  view-data: 0.8138190731406212
