times:
  edit-metadata: 4.49026055802824
  landing: 0.08154064795235172
  view-data: 0.4415324039873667
