times:
  landing: 1.078088643000001
  view-data: 0.5598677370000189
