times:
  edit-metadata: 1.4989761244505644
  landing: 0.7962862402200699
  view-data: 3.341766996309161
