times:
  edit-metadata: 4.2404458278324455
  landing: 0.05179459392093122
  view-data: 0.49004325014539063
