times:
  landing: 0.5660785989999795
  view-data: 0.5672407140000075
