times:
  edit-metadata: 5.557014791294932
  landing: 0.13633593171834946
  view-data: 0.43150486052036285
