times:
  edit-metadata: 1.4575085248798132
  landing: 0.8780077174305916
  view-data: 3.311429312452674
