times:
  edit-metadata: 14.938417469151318
  landing: 0.054519060999155045
  view-data: 0.36607935512438416
