times:
  edit-metadata: 2.597728405147791
  landing: 1.4616322722285986
  view-data: 3.4319948572665453
