times:
  edit-metadata: 14.837468891986646
  landing: 0.05134854803327471
  view-data: 0.35984349105274305
