times:
  edit-metadata: 3.831514557823539
  landing: 0.20728440862149
  view-data: 0.025144589133560658
