times:
  landing: 0.5722107920000212
  view-data: 0.5620254830000135
