times:
  edit-metadata: 21.266711555887014
  landing: 0.07653492805548012
  view-data: 0.39089161809533834
