times:
  edit-metadata: 11.859094057232141
  landing: 0.04756224900484085
  view-data: 0.8209126368165016
