times:
  edit-metadata: 4.073815098963678
  landing: 0.05334469163790345
  view-data: 0.48336729872971773
