times:
  edit-metadata: 11.9959199950099
  landing: 0.04725252836942673
  view-data: 0.7784860916435719
