times:
  edit-metadata: 4.358727958984673
  landing: 0.08702984894625843
  view-data: 0.4572447049431503
