times:
  landing: 1.2182789430000298
  view-data: 0.5690984270000286
