times:
  edit-metadata: 15.743342804955319
  landing: 0.05629905289970338
  view-data: 0.3659649221226573
