times:
  edit-metadata: 1.4841715097427368
  landing: 1.0158601440489292
  view-data: 3.400149181485176
