times:
  edit-metadata: 38.33294313214719
  landing: 0.8833652511239052
  view-data: 0.6730301454663277
