times:
  edit-metadata: 1.9007267951965332
  landing: 1.219350703060627
  view-data: 3.3574768602848053
