times:
  edit-metadata: 1.9831431582570076
  landing: 1.3810499086976051
  view-data: 3.433872975409031
