times:
  landing: 1.0817756270000132
  view-data: 0.5571724010000025
