times:
  landing: 0.5663228619999927
  view-data: 0.06836735599998178
