times:
  landing: 0.554240148999952
  view-data: 0.5579146490000539
