times:
  edit-metadata: 3.78613696154207
  landing: 0.20780607219785452
  view-data: 0.02576032653450966
