times:
  edit-metadata: 3.4393449649214745
  landing: 0.050459752324968576
  view-data: 0.3952879006974399
