times:
  edit-metadata: 5.990902317687869
  landing: 0.05402592197060585
  view-data: 0.6123215109109879
