times:
  edit-metadata: 13.998664680868387
  landing: 0.6223440188914537
  view-data: 1.238968601450324
