times:
  edit-metadata: 2.407900083810091
  landing: 0.8187944758683443
  view-data: 3.684449015185237
