times:
  edit-metadata: 2.6597729017958045
  landing: 0.04437647992745042
  view-data: 0.3506296989507973
