times:
  edit-metadata: 6.886959858238697
  landing: 0.05128601752221584
  view-data: 0.7894277637824416
