times:
  landing: 1.13556061700001
  view-data: 0.5789054060000467
