times:
  landing: 0.5686423690000311
  view-data: 0.5677645640000151
