times:
  edit-metadata: 2.3970073591917753
  landing: 1.5201747855171561
  view-data: 3.404471470043063
