times:
  edit-metadata: 5.295333573594689
  landing: 0.2245477568358183
  view-data: 0.02515321411192417
