times:
  landing: 0.7648921690000066
  view-data: 0.5816769529999988
