times:
  edit-metadata: 14.066417718306184
  landing: 1.0153321325778961
  view-data: 0.9762950390577316
