times:
  landing: 0.5608764149999956
  view-data: 0.5665902679999988
