times:
  edit-metadata: 15.254940854007145
  landing: 0.055098046010243706
  view-data: 0.40056926499528345
