times:
  landing: 0.5577880609999966
  view-data: 0.5609323600000096
