times:
  edit-metadata: 1.4269457310438156
  landing: 0.8504899106919765
  view-data: 3.3844121750444174
