times:
  edit-metadata: 3.648770669475198
  landing: 0.02196479868143797
  view-data: 0.12779526971280575
