times:
  landing: 2.641384496000228
  view-data: 0.5632325860001401
