times:
  edit-metadata: 34.75089946016669
  landing: 0.6925551295280457
  view-data: 0.6010831501334906
