times:
  edit-metadata: 2.6943457247689366
  landing: 0.04565774789080024
  view-data: 0.3540691048838198
