times:
  edit-metadata: 1.9125891663134098
  landing: 1.2829177677631378
  view-data: 3.3655514642596245
