times:
  edit-metadata: 3.7431200984865427
  landing: 0.044236211106181145
  view-data: 0.027943026274442673
