times:
  edit-metadata: 4.084188111126423
  landing: 0.047659389209002256
  view-data: 0.48664642102085054
