times:
  edit-metadata: 3.7179146697744727
  landing: 0.018376095220446587
  view-data: 0.024481349624693394
