times:
  edit-metadata: 2.7315146550536156
  landing: 0.05524664418771863
  view-data: 0.3588594412431121
