times:
  edit-metadata: 3.7617196310311556
  landing: 0.021997240372002125
  view-data: 0.024310815148055553
