times:
  edit-metadata: 1.412511382251978
  landing: 0.8002435714006424
  view-data: 3.3862204551696777
