times:
  edit-metadata: 5.1858570743352175
  landing: 0.01984754204750061
  view-data: 0.02864919789135456
