times:
  landing: 1.7472867269534618
  view-data: 0.033522726967930794
