times:
  edit-metadata: 4.230355083942413
  landing: 0.021796129643917084
  view-data: 0.03120993822813034
