times:
  edit-metadata: 2.7710825204849243
  landing: 1.1884865257889032
  view-data: 3.6006029453128576
