times:
  edit-metadata: 1.4042986873537302
  landing: 0.7698565628379583
  view-data: 3.3767139930278063
