times:
  landing: 0.5618186650000041
  view-data: 0.5679997729999968
