times:
  edit-metadata: 4.7431526789441705
  landing: 0.2618158720433712
  view-data: 0.45678570307791233
