times:
  edit-metadata: 3.7191207790747285
  landing: 0.0202097212895751
  view-data: 0.027850119397044182
