times:
  edit-metadata: 4.159347090870142
  landing: 0.06449752510525286
  view-data: 0.4389781542122364
