times:
  edit-metadata: 2.65553909400478
  landing: 0.049933562986552715
  view-data: 0.368463016115129
