times:
  edit-metadata: 14.945474150998052
  landing: 0.043069767009001225
  view-data: 0.3568697469891049
