times:
  edit-metadata: 13.58840667642653
  landing: 0.9286987129598856
  view-data: 0.9600547701120377
