times:
  edit-metadata: 1.498275350779295
  landing: 0.8622301779687405
  view-data: 3.374195821583271
