times:
  edit-metadata: 11.962517570704222
  landing: 0.04951642081141472
  view-data: 0.8042293787002563
