times:
  edit-metadata: 5.334967207163572
  landing: 0.023166920989751816
  view-data: 0.4329504892230034
