times:
  edit-metadata: 11.960963129997253
  landing: 0.05073525756597519
  view-data: 0.8300217092037201
