times:
  edit-metadata: 3.785307423211634
  landing: 0.12680619396269321
  view-data: 0.12423307914286852
