times:
  edit-metadata: 2.7950929272919893
  landing: 0.053423219826072454
  view-data: 0.41238168021664023
