times:
  edit-metadata: 8.806514635682106
  landing: 0.05368858948349953
  view-data: 0.5617320090532303
