times:
  edit-metadata: 1.3761897683143616
  landing: 0.7828000653535128
  view-data: 3.3269192427396774
