times:
  landing: 0.5624909390000141
  view-data: 0.571024838999989
