times:
  edit-metadata: 2.6142193800769746
  landing: 1.324790979269892
  view-data: 3.4794457559473813
