times:
  edit-metadata: 3.7211224092170596
  landing: 0.019705827347934246
  view-data: 0.025626972317695618
