times:
  edit-metadata: 35.69869544543326
  landing: 0.6564356032758951
  view-data: 0.8099346403032541
