times:
  edit-metadata: 2.6748696458525956
  landing: 0.051490597892552614
  view-data: 0.3675391380675137
