times:
  landing: 0.5516455179999866
  view-data: 0.5579217829999834
