times:
  edit-metadata: 1.53349244967103
  landing: 0.9676929898560047
  view-data: 3.2971521466970444
