times:
  edit-metadata: 1.559391651302576
  landing: 1.4134531919844449
  view-data: 3.340888027101755
