times:
  edit-metadata: 1.5781289041042328
  landing: 0.8492871448397636
  view-data: 3.2975838780403137
