times:
  edit-metadata: 12.664761072024703
  landing: 0.6271610371768475
  view-data: 0.8107835538685322
