times:
  edit-metadata: 1.444502767175436
  landing: 0.7719837073236704
  view-data: 3.316091425716877
