times:
  landing: 0.5557298809999907
  view-data: 0.5567752810000002
