times:
  edit-metadata: 2.625884552951902
  landing: 0.04697841266170144
  view-data: 0.3534920890815556
