times:
  edit-metadata: 4.580815993249416
  landing: 0.021533336490392685
  view-data: 0.02662944421172142
