times:
  edit-metadata: 14.813065086025745
  landing: 0.05023375304881483
  view-data: 0.3569701139931567
