times:
  edit-metadata: 15.251369771780446
  landing: 0.04615139402449131
  view-data: 0.3797095560003072
