times:
  landing: 0.5508075019999978
  view-data: 0.5535016050000081
