times:
  edit-metadata: 1.4550474269781262
  landing: 0.7832828720565885
  view-data: 3.3792300699278712
