times:
  edit-metadata: 4.569169741123915
  landing: 0.02551961038261652
  view-data: 0.42609686870127916
