times:
  edit-metadata: 1.557678833603859
  landing: 0.9069735668599606
  view-data: 3.410986766219139
