times:
  edit-metadata: 3.7308304682374
  landing: 0.017965028062462807
  view-data: 0.12461967021226883
