times:
  edit-metadata: 14.889429723989451
  landing: 0.04816846099856775
  view-data: 0.39852437800436746
