times:
  edit-metadata: 3.7927767150104046
  landing: 0.021371997892856598
  view-data: 0.026670170947909355
