times:
  edit-metadata: 5.357436267659068
  landing: 0.09496970102190971
  view-data: 0.5844633071683347
