times:
  edit-metadata: 3.763702285476029
  landing: 0.019554696045815945
  view-data: 0.023791443556547165
