times:
  edit-metadata: 14.93422337481752
  landing: 0.05467143002897501
  view-data: 0.3982117078267038
