times:
  landing: 0.022450314999986176
  view-data: 0.5441727660000026
