times:
  edit-metadata: 1.4329565167427063
  landing: 0.8802462629973888
  view-data: 3.2758681774139404
