times:
  edit-metadata: 3.7275478718802333
  landing: 0.019624484702944756
  view-data: 0.027695531956851482
