times:
  landing: 0.5582613690000926
  view-data: 0.5616157919999978
