times:
  edit-metadata: 1.4200437515974045
  landing: 0.8636755999177694
  view-data: 3.492253942415118
