times:
  edit-metadata: 12.971576310694218
  landing: 0.8074990678578615
  view-data: 0.9265660643577576
