times:
  edit-metadata: 4.479645794956014
  landing: 0.09527872502803802
  view-data: 0.5811190388631076
