times:
  edit-metadata: 1.4162223618477583
  landing: 0.7830584794282913
  view-data: 3.396654972806573
