times:
  edit-metadata: 1.4621999878436327
  landing: 0.765750627964735
  view-data: 3.3370490316301584
