times:
  edit-metadata: 3.7572582215070724
  landing: 0.021512913517653942
  view-data: 0.027107160538434982
