times:
  edit-metadata: 3.4941364247351885
  landing: 0.04434623895213008
  view-data: 0.38968692906200886
