times:
  edit-metadata: 5.206381665542722
  landing: 0.02419978752732277
  view-data: 0.5248821023851633
