times:
  edit-metadata: 6.055311806499958
  landing: 0.2505708113312721
  view-data: 0.5461048241704702
