times:
  edit-metadata: 1.7044959031045437
  landing: 0.9943074062466621
  view-data: 3.338463816791773
