times:
  edit-metadata: 2.7349475836381316
  landing: 0.05389443784952164
  view-data: 0.36720446962863207
