times:
  edit-metadata: 3.777857454493642
  landing: 0.139398037455976
  view-data: 0.5163187189027667
