times:
  landing: 1.1263037458993495
  view-data: 0.5377138319890946
