times:
  landing: 0.5578497190000178
  view-data: 0.5642774260000181
