times:
  edit-metadata: 5.565857959911227
  landing: 0.14420459792017937
  view-data: 0.5421563368290663
