times:
  landing: 1.0933455599999604
  view-data: 0.5705363059999513
