times:
  edit-metadata: 3.7738441172987223
  landing: 0.019260247237980366
  view-data: 0.4995825607329607
