times:
  edit-metadata: 4.117900701938197
  landing: 0.09346156194806099
  view-data: 0.43919309694319963
