times:
  edit-metadata: 3.7981223529204726
  landing: 0.01993750035762787
  view-data: 0.025578550063073635
