times:
  edit-metadata: 1.4658995047211647
  landing: 0.9383882004767656
  view-data: 3.3753661569207907
