times:
  edit-metadata: 4.622111937962472
  landing: 0.1279159327968955
  view-data: 0.5660523707047105
