times:
  landing: 1.1160778330000198
  view-data: 0.5668560709999895
