times:
  edit-metadata: 1.4121105000376701
  landing: 0.9449472054839134
  view-data: 3.3388803005218506
