times:
  edit-metadata: 3.7540832813829184
  landing: 0.11872553918510675
  view-data: 0.024602849036455154
