times:
  edit-metadata: 1.480584567412734
  landing: 1.0066161546856165
  view-data: 3.39497365988791
