times:
  edit-metadata: 1.642109835986048
  landing: 1.082393149845302
  view-data: 3.5181817589327693
