times:
  edit-metadata: 2.65508073894307
  landing: 0.05453498288989067
  view-data: 0.3646949348039925
