times:
  edit-metadata: 12.07526857405901
  landing: 0.04767666384577751
  view-data: 0.8198616653680801
