times:
  edit-metadata: 1.5098974574357271
  landing: 0.8142388090491295
  view-data: 3.36687452159822
