times:
  edit-metadata: 0.5736458227038383
  landing: 0.08692505024373531
  view-data: 0.18197373859584332
