times:
  edit-metadata: 1.5128692518919706
  landing: 0.8059256859123707
  view-data: 3.4742210898548365
