times:
  edit-metadata: 1.2803405337035656
  landing: 0.11620138958096504
  view-data: 0.025933261029422283
