times:
  edit-metadata: 0.5223407037556171
  landing: 0.04842223599553108
  view-data: 0.1973830722272396
