times:
  edit-metadata: 0.6152397473342717
  landing: 0.08122059190645814
  view-data: 0.20236407313495874
