times:
  edit-metadata: 1.4341045152395964
  landing: 0.019775552675127983
  view-data: 0.15805004723370075
