times:
  landing: 0.5504107250000061
  view-data: 0.5542828439999994
