times:
  landing: 1.0601078230000098
  view-data: 0.5504917319999549
