times:
  edit-metadata: 1.536551434546709
  landing: 1.4764941949397326
  view-data: 3.5425217989832163
