times:
  edit-metadata: 1.5748275769874454
  landing: 0.7682144856080413
  view-data: 3.4009664757177234
