times:
  edit-metadata: 0.5662776159588248
  landing: 0.05105835502035916
  view-data: 0.1929562789737247
