times:
  edit-metadata: 2.1902581490576267
  landing: 1.0541719794273376
  view-data: 3.6743248235434294
