times:
  edit-metadata: 1.512548852711916
  landing: 0.021800974383950233
  view-data: 0.15456095896661282
