times:
  edit-metadata: 1.313280968926847
  landing: 0.02269342914223671
  view-data: 0.02352744247764349
