times:
  edit-metadata: 1.4347429554909468
  landing: 0.09043784812092781
  view-data: 0.024234643206000328
