times:
  edit-metadata: 1.4097893815487623
  landing: 0.23753567785024643
  view-data: 0.4327761959284544
