times:
  landing: 0.5450916169999971
  view-data: 0.5474028450000219
