times:
  edit-metadata: 0.5372041538357735
  landing: 0.04292723536491394
  view-data: 0.20210524648427963
