times:
  edit-metadata: 1.5338969696313143
  landing: 0.7470354773104191
  view-data: 3.3682916555553675
