times:
  edit-metadata: 1.4495124369859695
  landing: 1.2128768600523472
  view-data: 3.349619559943676
