times:
  edit-metadata: 1.312725986354053
  landing: 0.019597058184444904
  view-data: 0.228992510586977
