times:
  edit-metadata: 0.5778810069896281
  landing: 0.040918589977081865
  view-data: 0.21635161701124161
