times:
  landing: 1.0724830820000193
  view-data: 0.5512290710000229
