times:
  edit-metadata: 1.3359139245003462
  landing: 0.02051670290529728
  view-data: 0.45700588822364807
