times:
  edit-metadata: 1.622827898710966
  landing: 0.02190973609685898
  view-data: 0.3348024860024452
