times:
  edit-metadata: 1.3300275289802812
  landing: 0.3034536759951152
  view-data: 0.31184198398841545
