times:
  edit-metadata: 0.523442342877388
  landing: 0.05009255185723305
  view-data: 0.2018539272248745
