times:
  edit-metadata: 1.4351046048104763
  landing: 0.2514431457966566
  view-data: 0.13705389015376568
