times:
  edit-metadata: 0.4300916790962219
  landing: 0.04989063274115324
  view-data: 0.21734723635017872
