times:
  edit-metadata: 1.51531896693632
  landing: 0.7987955249845982
  view-data: 3.3159353639930487
