times:
  edit-metadata: 1.3202531822025776
  landing: 0.14525380823761225
  view-data: 0.1194874607026577
