times:
  edit-metadata: 0.5031178966164589
  landing: 0.048467863351106644
  view-data: 0.19664498046040535
