times:
  edit-metadata: 1.497202250175178
  landing: 0.7602079538628459
  view-data: 3.3691316256299615
