times:
  edit-metadata: 1.5413589496165514
  landing: 0.7476924564689398
  view-data: 3.3516091722995043
