times:
  edit-metadata: 0.5809440820012242
  landing: 0.04671665804926306
  view-data: 0.19278213393408805
