times:
  landing: 0.5506853480000018
  view-data: 0.553593239999941
