times:
  edit-metadata: 1.6137668937444687
  landing: 0.7305310815572739
  view-data: 3.34980146959424
