times:
  edit-metadata: 1.3211184759857133
  landing: 0.7574217260116711
  view-data: 3.3445436869515106
