times:
  landing: 0.5574260989999971
  view-data: 0.5799322610000104
