times:
  landing: 1.0705101440000249
  view-data: 0.5554601979999916
