times:
  edit-metadata: 0.49834187293890864
  landing: 0.06600323901511729
  view-data: 0.2131943820277229
