times:
  landing: 1.1024302949999765
  view-data: 0.5529101469999773
