times:
  edit-metadata: 1.6891846284270287
  landing: 0.9687826782464981
  view-data: 3.5012871101498604
