times:
  landing: 0.5473589079999783
  view-data: 0.5509749899999861
