times:
  edit-metadata: 0.42629837803542614
  landing: 0.04439512966200709
  view-data: 0.20962512819096446
