times:
  edit-metadata: 0.41226792335510254
  landing: 0.04853635374456644
  view-data: 0.19163174601271749
