times:
  edit-metadata: 1.4114997647702694
  landing: 0.7619206048548222
  view-data: 3.3018210604786873
