times:
  edit-metadata: 2.294263248331845
  landing: 0.29243958462029696
  view-data: 0.7106357216835022
