times:
  edit-metadata: 1.2902798959985375
  landing: 0.023227935656905174
  view-data: 0.02675912342965603
