times:
  edit-metadata: 1.4473874606192112
  landing: 0.022329878993332386
  view-data: 0.02363843098282814
