times:
  landing: 0.5511209420000114
  view-data: 0.05012388800003009
