times:
  edit-metadata: 0.5146240163594484
  landing: 0.6082054898142815
  view-data: 0.6078950110822916
