times:
  edit-metadata: 1.5357523635029793
  landing: 0.8214580919593573
  view-data: 3.4445277228951454
