times:
  edit-metadata: 0.499685350805521
  landing: 0.047462526708841324
  view-data: 0.1887623406946659
