times:
  edit-metadata: 0.6147742220200598
  landing: 0.08190958411432803
  view-data: 0.26518633496016264
