times:
  edit-metadata: 0.4269240549765527
  landing: 0.04399521695449948
  view-data: 0.18507773522287607
