times:
  edit-metadata: 1.477652058005333
  landing: 0.7939553894102573
  view-data: 3.3933850824832916
