times:
  edit-metadata: 1.523200006224215
  landing: 0.8591659818775952
  view-data: 3.3761542309075594
