times:
  edit-metadata: 2.732874737121165
  landing: 1.3718740083277225
  view-data: 3.771266333758831
