times:
  edit-metadata: 0.5560010485351086
  landing: 0.568323528394103
  view-data: 0.19119269959628582
