times:
  edit-metadata: 1.2935592094436288
  landing: 0.1315402314066887
  view-data: 0.20695987716317177
