times:
  edit-metadata: 1.5902828183025122
  landing: 0.7458767350763083
  view-data: 3.4230267722159624
