times:
  edit-metadata: 0.5632638849783689
  landing: 0.04618834494613111
  view-data: 0.1964353029616177
