times:
  edit-metadata: 1.577659148722887
  landing: 0.9851937554776669
  view-data: 3.393472481518984
