times:
  edit-metadata: 1.5510091688483953
  landing: 0.7328806221485138
  view-data: 3.559231201186776
