times:
  edit-metadata: 0.5742125019896775
  landing: 0.04933666900615208
  view-data: 0.18747840999276377
