times:
  edit-metadata: 0.55715207522735
  landing: 0.04451834177598357
  view-data: 0.1978450557217002
