times:
  edit-metadata: 0.48907800897723064
  landing: 0.07996224198723212
  view-data: 0.221422034985153
