times:
  edit-metadata: 2.2228860557079315
  landing: 0.20105518773198128
  view-data: 0.4880602229386568
