times:
  edit-metadata: 0.41493522096425295
  landing: 0.04836566932499409
  view-data: 0.20551400538533926
