times:
  edit-metadata: 0.575236895121634
  landing: 0.04846094222739339
  view-data: 0.19749925704672933
