times:
  edit-metadata: 1.4272915422916412
  landing: 1.2877658978104591
  view-data: 3.281359286978841
