times:
  edit-metadata: 0.5063449318986386
  landing: 0.06839329306967556
  view-data: 0.22332118707709014
