times:
  edit-metadata: 0.5733682939317077
  landing: 0.04581022204365581
  view-data: 0.19206710800062865
