times:
  edit-metadata: 0.5220838151872158
  landing: 0.054482731968164444
  view-data: 0.19491267204284668
