times:
  landing: 0.5550550130000147
  view-data: 0.5607364360000133
