times:
  edit-metadata: 1.4855662696063519
  landing: 0.7468674145638943
  view-data: 3.3147839158773422
