times:
  edit-metadata: 0.5466729938052595
  landing: 0.14763082610443234
  view-data: 0.24041556613519788
