times:
  edit-metadata: 0.4281845309305936
  landing: 0.07691594702191651
  view-data: 0.2279545220080763
