times:
  landing: 0.5521549219999997
  view-data: 0.5559518080000316
