times:
  edit-metadata: 3.4386721216142178
  landing: 1.19851428642869
  view-data: 4.4619400799274445
