times:
  edit-metadata: 0.5731733981519938
  landing: 0.5494170524179935
  view-data: 0.29438299871981144
