times:
  landing: 0.5555088899999987
  view-data: 0.5649766480000267
