times:
  edit-metadata: 0.618964774068445
  landing: 0.05387723399326205
  view-data: 0.19255306699778885
