times:
  edit-metadata: 1.49614692106843
  landing: 0.8670270405709743
  view-data: 3.3145500645041466
