times:
  edit-metadata: 0.513538084924221
  landing: 0.04822205379605293
  view-data: 0.19058769941329956
