times:
  edit-metadata: 1.5497871339321136
  landing: 0.874790832400322
  view-data: 3.386196780949831
