times:
  edit-metadata: 0.7506085960194468
  landing: 0.060198463033884764
  view-data: 0.2458108589053154
