times:
  landing: 0.5556610129999626
  view-data: 0.5562550500000043
