times:
  landing: 0.5486680640000259
  view-data: 0.5543359990000454
