times:
  edit-metadata: 1.7279733829200268
  landing: 0.020234365016222
  view-data: 0.062104593962430954
