times:
  edit-metadata: 0.4666778612881899
  landing: 0.8606817685067654
  view-data: 0.2027293536812067
