times:
  edit-metadata: 0.4735752777196467
  landing: 0.047136531211435795
  view-data: 0.206366419326514
