times:
  edit-metadata: 1.5304027535021305
  landing: 0.7472107000648975
  view-data: 3.385295460000634
