times:
  edit-metadata: 0.5446316860616207
  landing: 0.8603157382458448
  view-data: 0.29724561609327793
