times:
  landing: 0.5861474839999801
  view-data: 0.6129467519999707
