times:
  edit-metadata: 1.4992166236042976
  landing: 0.894830483943224
  view-data: 3.314555462449789
