times:
  landing: 0.5588781820000008
  view-data: 0.5604484869999737
