times:
  edit-metadata: 0.4576305625960231
  landing: 0.059131150133907795
  view-data: 0.21293985284864902
