times:
  edit-metadata: 1.6401499155908823
  landing: 0.8119360320270061
  view-data: 3.4702045042067766
