times:
  edit-metadata: 0.6009277128614485
  landing: 0.05078933108597994
  view-data: 0.18847534293308854
