times:
  edit-metadata: 0.4709185967221856
  landing: 0.0779463890939951
  view-data: 0.29221408581361175
