times:
  edit-metadata: 0.6123190331272781
  landing: 0.04236906906589866
  view-data: 0.1932967696338892
