times:
  edit-metadata: 1.385400333441794
  landing: 0.020536275580525398
  view-data: 0.4501260155811906
