times:
  edit-metadata: 0.42566214594990015
  landing: 0.054005907848477364
  view-data: 0.2085625883191824
