times:
  edit-metadata: 3.314121186733246
  landing: 1.864573858678341
  view-data: 3.455155622214079
