times:
  landing: 0.5573834580000039
  view-data: 0.5618968780000273
