times:
  landing: 0.5522904279999921
  view-data: 0.04537277700001141
