times:
  landing: 0.5646511770000018
  view-data: 0.5619097670000031
