times:
  edit-metadata: 1.4521232787519693
  landing: 0.11904707737267017
  view-data: 0.2942360658198595
