times:
  edit-metadata: 1.524994794279337
  landing: 0.722388619557023
  view-data: 3.373372904956341
