times:
  edit-metadata: 1.5572032630443573
  landing: 0.8217079527676105
  view-data: 3.4116132222115993
