times:
  edit-metadata: 1.5135184470564127
  landing: 0.8152362322434783
  view-data: 3.335529207251966
