times:
  edit-metadata: 0.509579561650753
  landing: 0.04781719669699669
  view-data: 0.19402173161506653
