times:
  edit-metadata: 1.53390999045223
  landing: 0.7567431516945362
  view-data: 3.348032709211111
