times:
  edit-metadata: 0.5005190819501877
  landing: 0.05063974857330322
  view-data: 0.1983526349067688
