times:
  edit-metadata: 1.6985518243163824
  landing: 0.9609147515147924
  view-data: 3.401381030678749
