times:
  edit-metadata: 0.40911102620884776
  landing: 0.06478731706738472
  view-data: 0.19039222784340382
