times:
  edit-metadata: 1.5391363054513931
  landing: 0.8946966007351875
  view-data: 3.441816531121731
