times:
  edit-metadata: 0.5601150002330542
  landing: 0.7788019254803658
  view-data: 0.18762633949518204
