times:
  landing: 0.561753393999993
  view-data: 0.565233242999966
