times:
  edit-metadata: 1.3280216380953789
  landing: 0.1114086676388979
  view-data: 0.02821246348321438
