times:
  landing: 0.5578741079999929
  view-data: 0.05475628700000357
