times:
  edit-metadata: 1.2598615679889917
  landing: 0.11793155316263437
  view-data: 0.02359776571393013
