times:
  edit-metadata: 0.42964645102620125
  landing: 0.05741564417257905
  view-data: 0.20842042192816734
