times:
  edit-metadata: 0.42542564868927
  landing: 0.04928040411323309
  view-data: 0.20061948336660862
