times:
  edit-metadata: 1.5423105359077454
  landing: 0.7247470747679472
  view-data: 3.401692697778344
