times:
  edit-metadata: 0.5758386410307139
  landing: 0.05581095186062157
  view-data: 0.19372870097868145
