times:
  edit-metadata: 0.4256817370187491
  landing: 0.06649322295561433
  view-data: 0.21074730716645718
