times:
  edit-metadata: 0.4535570899024606
  landing: 0.0644880710169673
  view-data: 0.19115271884948015
