times:
  edit-metadata: 0.5403812807053328
  landing: 0.5826506670564413
  view-data: 0.587910970672965
