times:
  edit-metadata: 1.4759245738387108
  landing: 0.6511200405657291
  view-data: 3.275480479001999
