times:
  edit-metadata: 1.3052106108516455
  landing: 0.02342332061380148
  view-data: 0.024408450350165367
