times:
  edit-metadata: 0.4928249679505825
  landing: 0.6032461430877447
  view-data: 0.5866194162517786
