times:
  edit-metadata: 0.41960141994059086
  landing: 0.05248803016729653
  view-data: 0.20424479595385492
