times:
  landing: 1.075093150999976
  view-data: 0.5556727300000261
