times:
  edit-metadata: 1.6974478624761105
  landing: 1.0459031760692596
  view-data: 3.3361779898405075
