times:
  edit-metadata: 0.5793463061563671
  landing: 0.05109155108220875
  view-data: 0.19850091496482491
