times:
  edit-metadata: 1.4999417969956994
  landing: 0.8004408022388816
  view-data: 3.382400452159345
