times:
  edit-metadata: 0.5607622279785573
  landing: 0.08974913926795125
  view-data: 0.2069498780183494
