times:
  landing: 0.5504691079999589
  view-data: 0.5563759439999671
