times:
  edit-metadata: 0.5766066109063104
  landing: 0.03569497005082667
  view-data: 0.1933783550048247
