times:
  edit-metadata: 0.4482552707195282
  landing: 0.057983395643532276
  view-data: 0.20481127314269543
