times:
  edit-metadata: 0.42670462699607015
  landing: 0.04754398996010423
  view-data: 0.1993840099312365
