times:
  edit-metadata: 0.45569361094385386
  landing: 0.04648465709760785
  view-data: 0.19823390524834394
