times:
  edit-metadata: 0.6241855958942324
  landing: 0.06500769313424826
  view-data: 0.19971919292584062
