times:
  edit-metadata: 1.3697104780003428
  landing: 0.020321724005043507
  view-data: 0.1272678365930915
