times:
  edit-metadata: 0.5618784707039595
  landing: 1.825948055833578
  view-data: 0.40339983254671097
