times:
  edit-metadata: 0.4071476929821074
  landing: 0.06423318397719413
  view-data: 0.1981148059712723
