times:
  edit-metadata: 1.3524175565689802
  landing: 0.022404087707400322
  view-data: 0.024728545919060707
