times:
  edit-metadata: 0.5743453920003958
  landing: 0.05173882198869251
  view-data: 0.19014570000581443
