times:
  edit-metadata: 0.42193508706986904
  landing: 0.05943191982805729
  view-data: 0.19715367490425706
