times:
  edit-metadata: 0.5770903020165861
  landing: 0.05553038092330098
  view-data: 0.18437496689148247
