times:
  edit-metadata: 1.329181944951415
  landing: 0.23703859373927116
  view-data: 0.027755705639719963
