times:
  edit-metadata: 1.7099483832716942
  landing: 5.455800160765648
  view-data: 3.3996972553431988
