times:
  landing: 1.5878457640000079
  view-data: 0.5547503980000101
