times:
  edit-metadata: 0.4326432142406702
  landing: 0.045592389069497585
  view-data: 0.19645911268889904
