times:
  edit-metadata: 0.48301204398740083
  landing: 0.0716264090151526
  view-data: 0.21825684502255172
