times:
  landing: 1.1351703820000125
  view-data: 0.5682050490000279
