times:
  edit-metadata: 1.5598922651261091
  landing: 0.8077731151133776
  view-data: 3.4880641996860504
