times:
  edit-metadata: 0.43253757299953577
  landing: 0.0460642790003476
  view-data: 0.20438081800057262
