times:
  edit-metadata: 0.561227070982568
  landing: 0.050406588008627295
  view-data: 0.1970269180019386
