times:
  edit-metadata: 1.562604010105133
  landing: 0.33184667117893696
  view-data: 0.3643008563667536
