times:
  edit-metadata: 1.9622208615764976
  landing: 1.2995524797588587
  view-data: 3.472803114913404
