times:
  landing: 0.5544798299999911
  view-data: 0.5546804510000243
