times:
  edit-metadata: 0.5607950231060386
  landing: 0.05466218013316393
  view-data: 0.19267457071691751
