times:
  edit-metadata: 1.2883140910416842
  landing: 0.020971680991351604
  view-data: 0.11710911989212036
