times:
  edit-metadata: 0.41324212797917426
  landing: 0.046830988954752684
  view-data: 0.2159333941526711
