times:
  edit-metadata: 1.3432315848767757
  landing: 0.01958322338759899
  view-data: 0.02410126104950905
