times:
  edit-metadata: 0.4295904110185802
  landing: 0.06740519707091153
  view-data: 0.20840295893140137
