times:
  edit-metadata: 0.5674021639861166
  landing: 0.05126223713159561
  view-data: 0.19582660822197795
