times:
  edit-metadata: 1.5152233801782131
  landing: 0.7041948214173317
  view-data: 3.4203017856925726
