times:
  edit-metadata: 1.3060100637376308
  landing: 0.017627254128456116
  view-data: 0.2894982974976301
