times:
  edit-metadata: 2.037288971245289
  landing: 1.079900335520506
  view-data: 3.41776654496789
