times:
  edit-metadata: 0.5362776257097721
  landing: 0.8251661360263824
  view-data: 0.3185405619442463
