times:
  edit-metadata: 0.47417846298776567
  landing: 0.06388456100830808
  view-data: 0.21839155099587515
