times:
  landing: 0.5541257669999595
  view-data: 0.5545666749999896
