times:
  landing: 0.5584561119999876
  view-data: 0.5674430879999477
