times:
  edit-metadata: 0.5435876082628965
  landing: 0.501399265602231
  view-data: 0.18496107310056686
