times:
  landing: 0.5577971650000109
  view-data: 0.5588278859999605
