times:
  edit-metadata: 2.551942804828286
  landing: 0.2614769469946623
  view-data: 0.5363202430307865
