times:
  edit-metadata: 0.49288948252797127
  landing: 0.43621316738426685
  view-data: 0.2953440211713314
