times:
  edit-metadata: 1.548655603080988
  landing: 0.7381685078144073
  view-data: 3.3889773301780224
