times:
  edit-metadata: 0.4312745928764343
  landing: 0.04147826600819826
  view-data: 0.2074986998923123
