times:
  edit-metadata: 1.3823462147265673
  landing: 0.8405861631035805
  view-data: 3.3044474199414253
