times:
  edit-metadata: 1.3301369287073612
  landing: 0.19195561110973358
  view-data: 0.2649539280682802
