times:
  edit-metadata: 1.5763340815901756
  landing: 0.8649195777252316
  view-data: 3.329831005074084
