times:
  edit-metadata: 0.4222860347945243
  landing: 0.0679027910809964
  view-data: 0.22848585108295083
