times:
  edit-metadata: 1.557370100170374
  landing: 0.73979452252388
  view-data: 3.4169533103704453
