times:
  landing: 0.5488542090000124
  view-data: 0.042744550000008985
