times:
  edit-metadata: 1.5502946190536022
  landing: 0.7648090217262506
  view-data: 3.4109608195722103
