times:
  edit-metadata: 0.4334378940984607
  landing: 0.051270730793476105
  view-data: 0.20867475774139166
