times:
  landing: 0.5544716539999968
  view-data: 0.5729014219999726
