times:
  edit-metadata: 0.4171299156732857
  landing: 0.042080356273800135
  view-data: 0.2057050159201026
