times:
  edit-metadata: 0.5503416564315557
  landing: 0.5873441621661186
  view-data: 0.18182392045855522
