times:
  edit-metadata: 0.46396889723837376
  landing: 0.5429300796240568
  view-data: 0.18852396495640278
