times:
  edit-metadata: 0.5884896980132908
  landing: 0.0833126378711313
  view-data: 0.19248840818181634
