times:
  edit-metadata: 0.5946769430302083
  landing: 0.057156750932335854
  view-data: 0.18398523703217506
