times:
  edit-metadata: 1.3506807396188378
  landing: 0.1267128325998783
  view-data: 0.18109158799052238
