times:
  edit-metadata: 1.2940195007249713
  landing: 0.023207935504615307
  view-data: 0.02427421696484089
