times:
  edit-metadata: 1.3997773565351963
  landing: 0.8753313198685646
  view-data: 3.3412823639810085
