times:
  edit-metadata: 1.3061642237007618
  landing: 0.0187844168394804
  view-data: 0.12807711120694876
