times:
  edit-metadata: 1.5271511934697628
  landing: 0.718468664214015
  view-data: 3.3751454185694456
