times:
  edit-metadata: 0.6848736500833184
  landing: 0.052361267153173685
  view-data: 0.29316329886205494
