times:
  edit-metadata: 1.301768676377833
  landing: 0.019476556219160557
  view-data: 0.029261693358421326
