times:
  landing: 1.0781068750000031
  view-data: 0.5550744969999641
