times:
  edit-metadata: 1.5052822716534138
  landing: 0.7432208582758904
  view-data: 3.3141737692058086
