times:
  edit-metadata: 0.5076778780203313
  landing: 0.07364722702186555
  view-data: 0.21972936601378024
