times:
  edit-metadata: 2.308172686956823
  landing: 0.39556969702243805
  view-data: 0.6879329308867455
