times:
  landing: 1.0726467450000428
  view-data: 0.5552200579999749
