times:
  edit-metadata: 0.41583925392478704
  landing: 0.05320883821696043
  view-data: 0.2111762291751802
