times:
  landing: 0.5523663320000196
  view-data: 0.5530602759999965
