times:
  edit-metadata: 0.4361137147061527
  landing: 0.05356322322040796
  view-data: 0.19431210914626718
