times:
  landing: 1.0791245419999882
  view-data: 0.5596210090000113
