times:
  landing: 1.081351715999972
  view-data: 0.5621468069999764
