times:
  edit-metadata: 0.5355724412947893
  landing: 0.4700115416198969
  view-data: 0.2908616252243519
