times:
  edit-metadata: 1.3763245698064566
  landing: 0.02033836953341961
  view-data: 0.02357979491353035
