times:
  landing: 0.5659354910000047
  view-data: 0.5451179030000048
