times:
  edit-metadata: 0.5908853239379823
  landing: 0.042387943249195814
  view-data: 0.19422397203743458
