times:
  edit-metadata: 0.5412857849150896
  landing: 0.5233025774359703
  view-data: 0.17679858393967152
