times:
  landing: 0.5477839250000045
  view-data: 0.5542329230000007
