times:
  edit-metadata: 1.5196193307638168
  landing: 0.2514429911971092
  view-data: 0.027793467044830322
