times:
  landing: 1.0715172860000166
  view-data: 0.5550918970000112
