times:
  landing: 0.5532214099999919
  view-data: 0.557645946999969
