times:
  landing: 0.556026246999977
  view-data: 0.5568449419999979
