times:
  landing: 0.5533689129999857
  view-data: 0.5604367939999975
