times:
  edit-metadata: 0.4358364292420447
  landing: 0.050706773065030575
  view-data: 0.19190470594912767
