times:
  edit-metadata: 1.7034136056900024
  landing: 0.9132733158767223
  view-data: 3.4365765526890755
