times:
  landing: 0.5512684310000395
  view-data: 0.5462735699999826
