times:
  edit-metadata: 0.5648450669978047
  landing: 0.04503256299358327
  view-data: 0.2082792999863159
