times:
  edit-metadata: 1.4979852139949799
  landing: 0.020802654325962067
  view-data: 0.2401172984391451
