times:
  edit-metadata: 1.561505451798439
  landing: 0.7961419261991978
  view-data: 3.3666812740266323
