times:
  landing: 0.5555594940000219
  view-data: 0.5609010390000435
