times:
  edit-metadata: 0.9523135120002735
  landing: 0.1248230619999049
  view-data: 0.29537647100005415
