times:
  edit-metadata: 1.4287408981472254
  landing: 0.1463318895548582
  view-data: 0.10003851912915707
