times:
  landing: 1.593290090000039
  view-data: 0.5559977689999869
