times:
  edit-metadata: 0.706190608907491
  landing: 0.0477970982901752
  view-data: 0.27952461084350944
