times:
  edit-metadata: 1.4932575612328947
  landing: 0.7779704863205552
  view-data: 3.368993300013244
