times:
  edit-metadata: 1.286458388902247
  landing: 0.020590443164110184
  view-data: 0.11933435499668121
