times:
  edit-metadata: 1.387071281671524
  landing: 0.22335899248719215
  view-data: 0.028406864032149315
