times:
  edit-metadata: 0.5619978780159727
  landing: 0.04243595490697771
  view-data: 0.19037162500899285
