times:
  edit-metadata: 1.6629988513886929
  landing: 0.8924228996038437
  view-data: 3.3397976383566856
