times:
  edit-metadata: 0.5327264983206987
  landing: 0.4436814859509468
  view-data: 0.2055622637271881
