times:
  edit-metadata: 0.49050192162394524
  landing: 0.04877826198935509
  view-data: 0.18858443945646286
