times:
  edit-metadata: 0.5520380157977343
  landing: 0.48946659453213215
  view-data: 0.18083500117063522
