times:
  edit-metadata: 1.576558729633689
  landing: 0.7759043704718351
  view-data: 3.4408090952783823
