times:
  edit-metadata: 1.2982442863285542
  landing: 0.020757080987095833
  view-data: 0.02866232395172119
