times:
  edit-metadata: 1.2969717886298895
  landing: 0.24443243071436882
  view-data: 0.024758385494351387
