times:
  edit-metadata: 1.4891736060380936
  landing: 0.8053331077098846
  view-data: 3.375465980730951
