times:
  edit-metadata: 1.8313070181757212
  landing: 0.8358395239338279
  view-data: 3.606833395548165
