times:
  edit-metadata: 1.5292219556868076
  landing: 0.2854979634284973
  view-data: 0.024728190153837204
