times:
  landing: 1.5957305800000086
  view-data: 0.5587444619999928
