times:
  edit-metadata: 1.341387702152133
  landing: 0.17082416079938412
  view-data: 0.38821293972432613
