times:
  edit-metadata: 1.5898274034261703
  landing: 0.775117514654994
  view-data: 3.451764941215515
