times:
  edit-metadata: 1.2922178376466036
  landing: 0.18702048622071743
  view-data: 0.11979054659605026
