times:
  landing: 0.5520581430000107
  view-data: 0.556109145000022
