times:
  edit-metadata: 0.5084256045520306
  landing: 0.5179613921791315
  view-data: 0.2105978149920702
