times:
  edit-metadata: 0.574313722550869
  landing: 0.053678300231695175
  view-data: 0.1891343966126442
