times:
  edit-metadata: 0.5965103639755398
  landing: 0.04935612005647272
  view-data: 0.1977367679355666
