times:
  edit-metadata: 0.5111417730222456
  landing: 0.0672669269843027
  view-data: 0.20669472904410213
