times:
  edit-metadata: 0.7053912589326501
  landing: 0.0736497612670064
  view-data: 0.31975499307736754
