times:
  edit-metadata: 0.42391359503380954
  landing: 0.04793048300780356
  view-data: 0.221418869914487
