times:
  landing: 0.5505981979999888
  view-data: 0.5528774129999192
