times:
  edit-metadata: 0.5816607289016247
  landing: 1.0077756475657225
  view-data: 0.3196555860340595
