times:
  edit-metadata: 0.5344822145998478
  landing: 0.052681829780340195
  view-data: 0.1975364200770855
