times:
  edit-metadata: 1.897304215002805
  landing: 1.0961207947693765
  view-data: 3.2747752009890974
