times:
  landing: 0.5507545570000048
  view-data: 0.5975149260000308
