times:
  landing: 0.5614843160000191
  view-data: 0.5676620039999989
