times:
  edit-metadata: 0.5184420496225357
  landing: 1.9664024394005537
  view-data: 0.4145686440169811
