times:
  edit-metadata: 1.5626308806240559
  landing: 0.8498098812997341
  view-data: 3.322580497711897
