times:
  landing: 0.5448743050000076
  view-data: 0.55197250599997
