times:
  edit-metadata: 0.5069453120231628
  landing: 3.8869852870702744
  view-data: 0.42519216053187847
