times:
  edit-metadata: 1.3117252849042416
  landing: 0.24063646793365479
  view-data: 0.023914065212011337
