times:
  edit-metadata: 0.4278410300030373
  landing: 0.05221087497193366
  view-data: 0.21292776695918292
