times:
  edit-metadata: 1.6155130416154861
  landing: 0.7937596142292023
  view-data: 3.3995437156409025
