times:
  edit-metadata: 1.5542347331065685
  landing: 0.7478439048863947
  view-data: 3.318800483131781
