times:
  edit-metadata: 1.363876836374402
  landing: 0.1153644509613514
  view-data: 0.10660815052688122
