times:
  edit-metadata: 1.4056446459144354
  landing: 0.13581978157162666
  view-data: 0.2402118258178234
