times:
  edit-metadata: 1.3872797917574644
  landing: 0.22048666328191757
  view-data: 0.24737880751490593
