times:
  landing: 0.5487937350000038
  view-data: 0.5535787279999909
