times:
  edit-metadata: 2.2645137775689363
  landing: 1.4330602940171957
  view-data: 3.6204695235937834
