times:
  edit-metadata: 1.2902203863486648
  landing: 0.021402998827397823
  view-data: 0.02573975920677185
