times:
  edit-metadata: 1.5678193215280771
  landing: 0.7663054652512074
  view-data: 3.4341083001345396
