times:
  edit-metadata: 0.40266637271270156
  landing: 0.048529619351029396
  view-data: 0.19281546585261822
