times:
  edit-metadata: 0.42080008797347546
  landing: 0.07058568700449541
  view-data: 0.20334641099907458
