times:
  edit-metadata: 0.5253559537231922
  landing: 1.1033223494887352
  view-data: 0.5970753524452448
