times:
  edit-metadata: 0.4455481246113777
  landing: 0.05035125510767102
  view-data: 0.18950989516451955
