times:
  edit-metadata: 0.43237768905237317
  landing: 0.06692682299762964
  view-data: 0.20387283014133573
