times:
  edit-metadata: 1.7080428749322891
  landing: 1.1774620823562145
  view-data: 3.397151630371809
