times:
  edit-metadata: 1.4565004482865334
  landing: 1.1161968857049942
  view-data: 3.32310988381505
