times:
  edit-metadata: 0.5548182055354118
  landing: 0.5360945072025061
  view-data: 0.2022002972662449
