times:
  edit-metadata: 0.4855333589948714
  landing: 0.05120385065674782
  view-data: 0.2042763950303197
