times:
  landing: 2.108380298999691
  view-data: 0.5707928669999092
