times:
  edit-metadata: 1.4888410307466984
  landing: 0.23880561254918575
  view-data: 0.43391051702201366
