times:
  edit-metadata: 1.3531213160604239
  landing: 0.22034242190420628
  view-data: 0.024452783167362213
