times:
  edit-metadata: 0.5688021829701029
  landing: 0.05504579999251291
  view-data: 0.2104022720013745
