times:
  landing: 1.0790435530000195
  view-data: 0.5652209749999884
