times:
  edit-metadata: 0.4260348939569667
  landing: 0.05048340803477913
  view-data: 0.2048460190417245
