times:
  landing: 0.5465613080000367
  view-data: 0.5489120320000325
