times:
  edit-metadata: 1.3075286000967026
  landing: 0.09678408037871122
  view-data: 0.32045104168355465
