times:
  edit-metadata: 0.42103734391275793
  landing: 0.05315965006593615
  view-data: 0.21751850098371506
