times:
  edit-metadata: 0.3977244598791003
  landing: 0.04207606287673116
  view-data: 0.18938054470345378
