times:
  edit-metadata: 1.395707732066512
  landing: 0.7070990330539644
  view-data: 3.327037670183927
