times:
  edit-metadata: 0.4244636339135468
  landing: 0.06859869323670864
  view-data: 0.2073479201644659
