times:
  edit-metadata: 1.6680782670155168
  landing: 0.16129366494715214
  view-data: 0.4985136417672038
