times:
  edit-metadata: 0.42489697899873136
  landing: 0.06338586100173416
  view-data: 0.2003903069999069
