times:
  edit-metadata: 0.5759560118895024
  landing: 0.044299429981037974
  view-data: 0.19077930296771228
