times:
  edit-metadata: 1.8075883146375418
  landing: 0.021447807550430298
  view-data: 0.49658055417239666
