times:
  edit-metadata: 1.370789721608162
  landing: 0.7609039880335331
  view-data: 3.306874580681324
