times:
  edit-metadata: 1.3842599224299192
  landing: 0.01904219575226307
  view-data: 0.023879769258201122
