times:
  edit-metadata: 0.41524181328713894
  landing: 0.05292582791298628
  view-data: 0.21315980982035398
