times:
  edit-metadata: 0.529364550486207
  landing: 1.2039751317352057
  view-data: 0.29811360873281956
