times:
  edit-metadata: 1.5283707310445607
  landing: 0.7734564621932805
  view-data: 3.379148069769144
