times:
  edit-metadata: 0.5888507217168808
  landing: 1.0909106358885765
  view-data: 0.5861786864697933
