times:
  edit-metadata: 1.5948661230504513
  landing: 0.7893293090164661
  view-data: 3.4415274783968925
