times:
  edit-metadata: 0.40215574111789465
  landing: 0.04486988391727209
  view-data: 0.21126054599881172
