times:
  edit-metadata: 0.49006774101871997
  landing: 0.06796909007243812
  view-data: 0.21235047292429954
