times:
  edit-metadata: 0.40750313783064485
  landing: 0.039527920074760914
  view-data: 0.19807585701346397
