times:
  edit-metadata: 0.556904211640358
  landing: 0.06164759397506714
  view-data: 0.2455020360648632
