times:
  edit-metadata: 0.5345872268080711
  landing: 1.089574171230197
  view-data: 0.5928243584930897
