times:
  edit-metadata: 0.4405240681953728
  landing: 0.05032477015629411
  view-data: 0.20091353030875325
