times:
  edit-metadata: 1.384049754589796
  landing: 0.7236418500542641
  view-data: 3.337843157351017
