times:
  edit-metadata: 1.2945873867720366
  landing: 0.01829038094729185
  view-data: 0.12461309507489204
