times:
  edit-metadata: 0.4590115761384368
  landing: 0.052456824108958244
  view-data: 0.18690835405141115
