times:
  landing: 1.6491013523191214
  view-data: 0.5679138172417879
