times:
  edit-metadata: 1.5846057776361704
  landing: 0.8754792585968971
  view-data: 3.3377924505621195
