times:
  landing: 1.0725731250000763
  view-data: 0.5582431359999873
