times:
  edit-metadata: 0.4950025149737485
  landing: 0.08908318297471851
  view-data: 0.21213074697880074
