times:
  edit-metadata: 0.5899868898559362
  landing: 0.047968729166314006
  view-data: 0.189069630112499
