times:
  edit-metadata: 0.5074605196714401
  landing: 0.8230644203722477
  view-data: 0.41555958800017834
