times:
  edit-metadata: 1.4388101305812597
  landing: 0.023145392537117004
  view-data: 0.12404249794781208
