times:
  edit-metadata: 0.48594903014600277
  landing: 0.0815678178332746
  view-data: 0.21615459118038416
