times:
  edit-metadata: 1.292781955562532
  landing: 0.021068213507533073
  view-data: 0.025668559595942497
