times:
  landing: 0.5521486079999818
  view-data: 0.5606006650000381
