times:
  edit-metadata: 0.5005457065999508
  landing: 0.0415230318903923
  view-data: 0.19302546605467796
