times:
  edit-metadata: 0.4993990082293749
  landing: 1.2263940908014774
  view-data: 0.29962623305618763
