times:
  landing: 0.5517878399999745
  view-data: 0.5515702280000596
