times:
  edit-metadata: 1.6681295782327652
  landing: 1.081727933138609
  view-data: 3.4433146826922894
