times:
  edit-metadata: 1.3287152331322432
  landing: 0.021630232222378254
  view-data: 0.12025918811559677
