times:
  edit-metadata: 1.3256684551015496
  landing: 0.02062481176108122
  view-data: 0.4505420224741101
