times:
  edit-metadata: 1.500913366675377
  landing: 0.8387144431471825
  view-data: 3.316904976963997
