times:
  edit-metadata: 0.4368246520025423
  landing: 0.046929532996728085
  view-data: 0.199677797005279
