times:
  edit-metadata: 0.5539464484900236
  landing: 0.5260972660034895
  view-data: 0.19683794490993023
