times:
  edit-metadata: 0.4041939787566662
  landing: 0.05036046402528882
  view-data: 0.1974957170896232
