times:
  edit-metadata: 1.582702036947012
  landing: 0.8835341073572636
  view-data: 3.4209583178162575
