times:
  edit-metadata: 0.5725759990746155
  landing: 0.04091987607534975
  view-data: 0.19908763805869967
