times:
  edit-metadata: 0.5909964172169566
  landing: 0.05178964510560036
  view-data: 0.19463378796353936
