times:
  edit-metadata: 0.49704311415553093
  landing: 0.04548545926809311
  view-data: 0.18899865821003914
