times:
  edit-metadata: 1.4172614701092243
  landing: 0.8285072334110737
  view-data: 3.365261696279049
