times:
  edit-metadata: 1.2933996003121138
  landing: 0.02120731957256794
  view-data: 0.023014556616544724
