times:
  edit-metadata: 1.3487175218760967
  landing: 6.482116946019232
  view-data: 3.2705172053538263
