times:
  edit-metadata: 1.3161212401464581
  landing: 0.02266242541372776
  view-data: 0.023032193072140217
