times:
  edit-metadata: 1.3069099504500628
  landing: 0.1177652645856142
  view-data: 0.1345390509814024
