times:
  edit-metadata: 1.5845207758247852
  landing: 0.8764052912592888
  view-data: 3.4305944964289665
