times:
  edit-metadata: 0.5673893969506025
  landing: 0.5082705058157444
  view-data: 0.19263656623661518
