times:
  edit-metadata: 0.457663930952549
  landing: 0.046346541959792376
  view-data: 0.19114659680053592
