times:
  edit-metadata: 1.5635729227215052
  landing: 0.22262216545641422
  view-data: 0.5130940526723862
