times:
  landing: 1.0692272100000082
  view-data: 0.5503143569999907
