times:
  edit-metadata: 0.5167413391172886
  landing: 0.48474517092108727
  view-data: 0.19921978563070297
