times:
  edit-metadata: 0.5071507339998789
  landing: 0.04211468899939064
  view-data: 0.18661070899997867
