times:
  edit-metadata: 0.43501238292083144
  landing: 0.04757796786725521
  view-data: 0.20753275603055954
