times:
  edit-metadata: 1.4077038243412971
  landing: 0.019018827006220818
  view-data: 0.026759251952171326
