times:
  edit-metadata: 1.5988615415990353
  landing: 0.8908869847655296
  view-data: 3.435742385685444
