times:
  edit-metadata: 1.3360595367848873
  landing: 0.019450449384748936
  view-data: 0.11887511797249317
