times:
  edit-metadata: 1.2834856882691383
  landing: 0.02043584454804659
  view-data: 0.1213114969432354
