times:
  edit-metadata: 0.4167054370045662
  landing: 0.07349205203354359
  view-data: 0.20104819489642978
