times:
  edit-metadata: 0.4869410768151283
  landing: 1.1259189750999212
  view-data: 0.5787464026361704
