times:
  edit-metadata: 1.401610233122483
  landing: 0.9853370131459087
  view-data: 3.3342524678446352
