times:
  edit-metadata: 1.2873363280668855
  landing: 0.020412093959748745
  view-data: 0.02568663191050291
