times:
  landing: 1.078855501000021
  view-data: 0.5577880179999966
