times:
  landing: 1.0666065469999921
  view-data: 0.5491360789999362
