times:
  edit-metadata: 1.3545436188578606
  landing: 0.12854370288550854
  view-data: 0.0241977134719491
