times:
  landing: 0.5490258340000196
  view-data: 0.567210120000027
