times:
  edit-metadata: 1.7625391148030758
  landing: 0.025054575875401497
  view-data: 0.1690469365566969
