times:
  edit-metadata: 1.4712255038321018
  landing: 0.705529447644949
  view-data: 3.279430203139782
