times:
  edit-metadata: 0.5141383800655603
  landing: 0.5521451234817505
  view-data: 0.19273853860795498
