times:
  edit-metadata: 2.1287333266809583
  landing: 1.2610890921205282
  view-data: 3.599608017131686
