times:
  landing: 1.0698487970000201
  view-data: 0.5514469520000489
