times:
  edit-metadata: 1.3967151530086994
  landing: 0.11553197167813778
  view-data: 0.025426823645830154
