times:
  edit-metadata: 0.6121475819963962
  landing: 0.09410692192614079
  view-data: 0.2016780108679086
