times:
  edit-metadata: 1.4747965689748526
  landing: 0.02252243272960186
  view-data: 0.02627704106271267
