times:
  edit-metadata: 1.5683788172900677
  landing: 0.913283284753561
  view-data: 3.4222200885415077
