times:
  edit-metadata: 1.6490043327212334
  landing: 0.3390861190855503
  view-data: 0.4780085328966379
