times:
  edit-metadata: 1.388755951076746
  landing: 0.11241754703223705
  view-data: 0.02472492679953575
