times:
  edit-metadata: 1.4051055200397968
  landing: 0.020272109657526016
  view-data: 0.11947044357657433
