times:
  edit-metadata: 1.571236276999116
  landing: 0.8577327812090516
  view-data: 3.4096137024462223
