times:
  edit-metadata: 1.764404053799808
  landing: 0.024816458113491535
  view-data: 0.027344216592609882
