times:
  edit-metadata: 1.5635596998035908
  landing: 0.9098515287041664
  view-data: 3.316035460680723
