times:
  edit-metadata: 1.31893905159086
  landing: 0.020763722248375416
  view-data: 0.026637252420186996
