times:
  edit-metadata: 0.5602524988353252
  landing: 0.03947603702545166
  view-data: 0.19663719832897186
