times:
  edit-metadata: 1.5867451280355453
  landing: 0.8393911588937044
  view-data: 3.409651592373848
