times:
  edit-metadata: 1.7174052298069
  landing: 0.9370811805129051
  view-data: 3.3169998340308666
