times:
  edit-metadata: 0.5925065171904862
  landing: 0.08213487779721618
  view-data: 0.23387379990890622
