times:
  edit-metadata: 1.557753624394536
  landing: 0.7748020496219397
  view-data: 3.464838707819581
