times:
  edit-metadata: 1.3076153555884957
  landing: 0.1433550277724862
  view-data: 0.40927996672689915
