times:
  edit-metadata: 0.5930138011462986
  landing: 0.05308336205780506
  view-data: 0.21494409115985036
