times:
  landing: 0.550172530999987
  view-data: 0.5551893360000122
