times:
  edit-metadata: 0.5040171295404434
  landing: 1.087020380422473
  view-data: 0.5944982282817364
