times:
  edit-metadata: 0.572415629401803
  landing: 0.04085562797263265
  view-data: 0.1900916793383658
