times:
  edit-metadata: 0.5793662881478667
  landing: 0.07628161320462823
  view-data: 0.25758506264537573
