times:
  edit-metadata: 0.5062447428936139
  landing: 0.048532054061070085
  view-data: 0.21272718696855009
