times:
  landing: 0.5557844039999509
  view-data: 0.5496218760000033
