times:
  edit-metadata: 1.387413753196597
  landing: 0.019929176196455956
  view-data: 0.1297576203942299
