times:
  edit-metadata: 1.3925569280982018
  landing: 0.1159699372947216
  view-data: 0.035439444705843925
