times:
  edit-metadata: 0.5840638200752437
  landing: 0.04130812594667077
  view-data: 0.1869287882000208
