times:
  edit-metadata: 0.5180846862494946
  landing: 0.05231296271085739
  view-data: 0.19041183963418007
