times:
  edit-metadata: 1.5412110574543476
  landing: 0.7219414710998535
  view-data: 3.381120141595602
