times:
  edit-metadata: 0.42215394088998437
  landing: 0.03974193101748824
  view-data: 0.19925924809649587
