times:
  edit-metadata: 1.5115551641210914
  landing: 0.7800442860461771
  view-data: 3.320638900157064
