times:
  edit-metadata: 1.7205408662557602
  landing: 0.8464690446853638
  view-data: 3.3899821639060974
