times:
  edit-metadata: 1.480899315327406
  landing: 1.195364374667406
  view-data: 3.3253254778683186
