times:
  edit-metadata: 0.5158949233591557
  landing: 0.6731677018105984
  view-data: 0.2187597043812275
