times:
  edit-metadata: 1.2784696193411946
  landing: 0.019614298827946186
  view-data: 0.025701885111629963
