times:
  edit-metadata: 1.4933774061501026
  landing: 0.7634692266583443
  view-data: 3.3629454113543034
