times:
  edit-metadata: 1.4494089931249619
  landing: 0.7912772074341774
  view-data: 3.332629296928644
