times:
  edit-metadata: 1.7325729094445705
  landing: 1.0957894660532475
  view-data: 3.636939026415348
