times:
  edit-metadata: 1.5395902078598738
  landing: 0.7264801450073719
  view-data: 3.3831800632178783
