times:
  landing: 1.5930480689999627
  view-data: 0.5587211320000165
