times:
  edit-metadata: 1.601743571460247
  landing: 0.864895798265934
  view-data: 3.441311676055193
