times:
  edit-metadata: 0.49256834806874394
  landing: 0.06776842381805182
  view-data: 0.2135781729593873
