times:
  edit-metadata: 0.43865638924762607
  landing: 0.057281224988400936
  view-data: 0.1829562890343368
