times:
  edit-metadata: 0.5963428450049832
  landing: 0.04946133203338832
  view-data: 0.19805939495563507
