times:
  landing: 1.0674053230000027
  view-data: 0.5527599979999991
