times:
  edit-metadata: 1.3696792721748352
  landing: 0.2526129959151149
  view-data: 0.13014205358922482
