times:
  edit-metadata: 0.5366507638245821
  landing: 0.7270062901079655
  view-data: 0.3135677147656679
