times:
  edit-metadata: 1.4495407231152058
  landing: 0.15170854702591896
  view-data: 0.12345683574676514
