times:
  edit-metadata: 1.291625939309597
  landing: 0.022488411515951157
  view-data: 0.12625929061323404
