times:
  edit-metadata: 0.5765192279359326
  landing: 0.04590839706361294
  view-data: 0.19134155893698335
