times:
  edit-metadata: 0.5916179101914167
  landing: 0.051767186261713505
  view-data: 0.20088802929967642
