times:
  edit-metadata: 1.463934812694788
  landing: 0.9387902170419693
  view-data: 3.341515563428402
