times:
  edit-metadata: 0.590746012981981
  landing: 0.04828173201531172
  view-data: 0.19069284084253013
