times:
  edit-metadata: 0.5782141429954208
  landing: 0.04808184300782159
  view-data: 0.19346870598383248
