times:
  edit-metadata: 0.4674023436382413
  landing: 0.05200393311679363
  view-data: 0.34565294440835714
