times:
  edit-metadata: 1.558213271200657
  landing: 0.9033938832581043
  view-data: 3.361073225736618
