times:
  landing: 0.5512548880000168
  view-data: 0.5534254120000242
