times:
  edit-metadata: 0.5860180009622127
  landing: 0.04155674297362566
  view-data: 0.19612877198960632
