times:
  edit-metadata: 2.2725298050791025
  landing: 1.1726254159584641
  view-data: 3.555147883016616
