times:
  edit-metadata: 1.577296670526266
  landing: 0.8706862963736057
  view-data: 3.4425884187221527
