times:
  edit-metadata: 1.3923132382333279
  landing: 0.18302731774747372
  view-data: 0.025648850947618484
