times:
  landing: 0.5500865429999635
  view-data: 0.5491933389999986
