times:
  edit-metadata: 1.6059743352234364
  landing: 0.9317541383206844
  view-data: 3.3939309790730476
