times:
  edit-metadata: 0.5778619799966691
  landing: 0.05139136899379082
  view-data: 0.19780804098991212
