times:
  edit-metadata: 1.5691846087574959
  landing: 0.7569436058402061
  view-data: 3.4079205729067326
