times:
  edit-metadata: 0.5032971370965242
  landing: 0.07384713320061564
  view-data: 0.32639454724267125
