times:
  edit-metadata: 0.5173263230826706
  landing: 0.07020319101866335
  view-data: 0.206839214079082
