times:
  edit-metadata: 0.44069601222872734
  landing: 0.045553989708423615
  view-data: 0.20141150429844856
