times:
  edit-metadata: 1.3818982876837254
  landing: 0.16384642012417316
  view-data: 0.10175378806889057
