times:
  landing: 0.5492394319999789
  view-data: 0.5552510730000222
