times:
  edit-metadata: 0.46181742334738374
  landing: 0.04853978892788291
  view-data: 0.1962270736694336
