times:
  edit-metadata: 0.5854643266648054
  landing: 0.6013933252543211
  view-data: 0.5829166136682034
