times:
  edit-metadata: 0.622159083141014
  landing: 0.07308058114722371
  view-data: 0.3152907609473914
