times:
  edit-metadata: 1.364555113017559
  landing: 0.16978859156370163
  view-data: 0.02394622005522251
