times:
  edit-metadata: 0.6394354020012543
  landing: 0.05923609802266583
  view-data: 0.18581576796714216
