times:
  edit-metadata: 1.6136904675513506
  landing: 0.8453695755451918
  view-data: 3.4084142837673426
