times:
  edit-metadata: 0.7030448950827122
  landing: 0.05330204125493765
  view-data: 0.22945825895294547
