times:
  edit-metadata: 0.4292410248890519
  landing: 0.052736167795956135
  view-data: 0.20331995375454426
