times:
  edit-metadata: 0.4544801013544202
  landing: 0.04525746637955308
  view-data: 0.21021007979288697
