times:
  edit-metadata: 1.339382465928793
  landing: 0.8600086160004139
  view-data: 3.334657769650221
