times:
  edit-metadata: 1.7331655016168952
  landing: 0.020401176996529102
  view-data: 0.02386049274355173
