times:
  landing: 0.5509044369999856
  view-data: 0.5520688500000119
