times:
  edit-metadata: 1.3684847205877304
  landing: 0.12098265066742897
  view-data: 0.023627720773220062
