times:
  landing: 1.0672294130000068
  view-data: 0.5551004769999963
