times:
  edit-metadata: 0.5803362650040071
  landing: 0.04630981700029224
  view-data: 0.189736581989564
