times:
  edit-metadata: 0.4494014740921557
  landing: 0.050281991017982364
  view-data: 0.2014947140123695
