times:
  edit-metadata: 1.7002294519916177
  landing: 0.7824716158211231
  view-data: 3.3854246083647013
