times:
  edit-metadata: 0.41724986489862204
  landing: 0.044501363299787045
  view-data: 0.1919349986128509
