times:
  edit-metadata: 0.5221367599442601
  landing: 0.19147007213905454
  view-data: 0.21091438317671418
