times:
  edit-metadata: 0.5226466171443462
  landing: 0.05083081126213074
  view-data: 0.2045992873609066
