times:
  edit-metadata: 1.5682189110666513
  landing: 0.9802141934633255
  view-data: 3.4256402123719454
