times:
  edit-metadata: 1.3837012015283108
  landing: 0.7047627866268158
  view-data: 3.3315808586776257
