times:
  edit-metadata: 1.5206355471163988
  landing: 0.84901281632483
  view-data: 3.373212741687894
