times:
  landing: 0.5672930939999787
  view-data: 0.5680448929999784
