times:
  edit-metadata: 0.516607915982604
  landing: 1.1668871846050024
  view-data: 0.5963000077754259
