times:
  edit-metadata: 1.3637681063264608
  landing: 0.13367092050611973
  view-data: 0.026140447705984116
