times:
  edit-metadata: 0.4180155850481242
  landing: 0.04410904902033508
  view-data: 0.2108681588433683
