times:
  edit-metadata: 1.8358792997896671
  landing: 0.9836030043661594
  view-data: 3.3622260726988316
