times:
  edit-metadata: 0.617789349053055
  landing: 0.15083869034424424
  view-data: 0.21645791176706553
