times:
  edit-metadata: 1.6603727377951145
  landing: 0.9307937156409025
  view-data: 3.308793067932129
