times:
  landing: 0.5743467070000179
  view-data: 0.5622064679999994
