times:
  edit-metadata: 1.528217701241374
  landing: 0.29095294512808323
  view-data: 0.3880378119647503
