times:
  edit-metadata: 1.5011344999074936
  landing: 0.16169467195868492
  view-data: 0.31485811062157154
