times:
  edit-metadata: 1.3543486772105098
  landing: 0.02170003578066826
  view-data: 0.02517779916524887
