times:
  edit-metadata: 0.5210041534155607
  landing: 0.5976088829338551
  view-data: 0.2934010177850723
