times:
  edit-metadata: 1.2878513233736157
  landing: 0.020230679772794247
  view-data: 0.21470460016280413
