times:
  landing: 1.075108264999983
  view-data: 0.5520912299999736
