times:
  edit-metadata: 0.5698545919731259
  landing: 0.04195226822048426
  view-data: 0.1948915480170399
