times:
  edit-metadata: 1.489841443952173
  landing: 0.9156776468735188
  view-data: 3.4095444050617516
