times:
  edit-metadata: 1.6722267009317875
  landing: 0.8575283326208591
  view-data: 3.513419795781374
