times:
  edit-metadata: 0.5983839477412403
  landing: 0.07446002401411533
  view-data: 0.31009712675586343
