times:
  landing: 1.5960874250000074
  view-data: 0.5657181530000344
