times:
  edit-metadata: 1.2850090339779854
  landing: 0.02166139055043459
  view-data: 0.09952317737042904
