times:
  edit-metadata: 0.49781225994229317
  landing: 0.9598356131464243
  view-data: 0.30829076282680035
