times:
  landing: 1.0707798549999552
  view-data: 0.5654564100000243
