times:
  landing: 1.06684537000001
  view-data: 0.5541075520000049
