times:
  landing: 0.5470974830000159
  view-data: 0.5508289290000334
