times:
  edit-metadata: 1.6392682790756226
  landing: 0.8395825140178204
  view-data: 3.436223369091749
