times:
  edit-metadata: 1.4983151443302631
  landing: 0.8340620826929808
  view-data: 3.383118126541376
