times:
  edit-metadata: 0.5344750639051199
  landing: 0.6102274861186743
  view-data: 0.31859878078103065
