times:
  edit-metadata: 0.5883779600262642
  landing: 0.04443033889401704
  view-data: 0.19229635898955166
