times:
  edit-metadata: 1.4989984249696136
  landing: 0.768675341270864
  view-data: 3.3643780760467052
