times:
  edit-metadata: 0.5155768152326345
  landing: 0.4650759305804968
  view-data: 0.1973049845546484
