times:
  edit-metadata: 1.6069990992546082
  landing: 0.9066843427717686
  view-data: 3.321770254522562
