times:
  edit-metadata: 1.5063389223068953
  landing: 0.7906048251315951
  view-data: 3.3571545723825693
