times:
  edit-metadata: 1.5162507556378841
  landing: 0.7215618416666985
  view-data: 3.3272531554102898
