times:
  edit-metadata: 0.49243370798649266
  landing: 0.06423970201285556
  view-data: 0.22289921500487253
