times:
  edit-metadata: 1.5632890556007624
  landing: 0.24445542320609093
  view-data: 0.2841686774045229
