times:
  edit-metadata: 1.286041785031557
  landing: 0.02244390081614256
  view-data: 0.09975163452327251
