times:
  edit-metadata: 0.514361247420311
  landing: 0.04775971546769142
  view-data: 0.19983210414648056
