times:
  edit-metadata: 1.3837630562484264
  landing: 0.16595221683382988
  view-data: 0.3465800918638706
