times:
  edit-metadata: 0.581709933001548
  landing: 0.04634242900647223
  view-data: 0.19412175100296736
