times:
  edit-metadata: 0.41282600397244096
  landing: 0.050352517049759626
  view-data: 0.21398642705753446
