times:
  edit-metadata: 0.4140628851018846
  landing: 0.053835995960980654
  view-data: 0.18644324783235788
