times:
  edit-metadata: 0.5179192703217268
  landing: 0.5809004474431276
  view-data: 0.30485288985073566
