times:
  edit-metadata: 1.3375795725733042
  landing: 0.020819636061787605
  view-data: 0.022251443937420845
