times:
  landing: 0.551794233999999
  view-data: 0.5546320490000198
