times:
  edit-metadata: 0.5591128161177039
  landing: 0.05066403793171048
  view-data: 0.18915109615772963
