times:
  edit-metadata: 1.6561686559580266
  landing: 0.9324237362015992
  view-data: 3.308284573024139
