times:
  edit-metadata: 1.418582490645349
  landing: 0.20410583075135946
  view-data: 0.4804725479334593
