times:
  landing: 1.0650246310000284
  view-data: 0.5494976129999714
