times:
  edit-metadata: 1.5452708452939987
  landing: 0.8519949205219746
  view-data: 3.361199975013733
