times:
  landing: 0.54884647800003
  view-data: 0.5494615520000252
