times:
  edit-metadata: 0.5050127878785133
  landing: 0.04999455809593201
  view-data: 0.19329307228326797
