times:
  edit-metadata: 1.3049939190968871
  landing: 0.11825937312096357
  view-data: 0.026177288964390755
