times:
  edit-metadata: 0.6481687929481268
  landing: 0.5756697747856379
  view-data: 0.620229359716177
