times:
  edit-metadata: 0.5109893889166415
  landing: 0.07171688508242369
  view-data: 0.21547345397993922
