times:
  edit-metadata: 1.4208048842847347
  landing: 0.023333849385380745
  view-data: 0.026178237050771713
