times:
  landing: 0.5811303280000288
  view-data: 0.5648144259999981
