times:
  edit-metadata: 1.5294420402497053
  landing: 0.7713407799601555
  view-data: 3.379484347999096
