times:
  edit-metadata: 0.5699449549429119
  landing: 0.044273775070905685
  view-data: 0.18920750496909022
