times:
  edit-metadata: 1.5652609001845121
  landing: 0.7605140879750252
  view-data: 3.387407699599862
