times:
  landing: 0.5549028300000032
  view-data: 0.5577739639999777
