times:
  edit-metadata: 0.5352715440094471
  landing: 0.048234861344099045
  view-data: 0.1963367573916912
