times:
  landing: 0.5511965819999887
  view-data: 0.5558613069999865
