times:
  landing: 1.0757980470000348
  view-data: 0.5557881780000002
