times:
  edit-metadata: 1.6346831880509853
  landing: 0.8462175913155079
  view-data: 3.3259633406996727
