times:
  edit-metadata: 1.6060004569590092
  landing: 0.9344703729730099
  view-data: 3.450875140959397
