times:
  edit-metadata: 0.5105605830904096
  landing: 0.07134681404568255
  view-data: 0.20262564008589834
