times:
  edit-metadata: 1.6670545358210802
  landing: 0.17453102208673954
  view-data: 0.26879790239036083
