times:
  edit-metadata: 0.42182555701583624
  landing: 0.09756764909252524
  view-data: 0.18986532976850867
