times:
  edit-metadata: 1.2586233727633953
  landing: 0.11400151904672384
  view-data: 0.45597883500158787
