times:
  landing: 1.0796974209999917
  view-data: 0.5572426360000122
