times:
  edit-metadata: 1.376441091299057
  landing: 0.19298994354903698
  view-data: 0.12378652021288872
