times:
  edit-metadata: 1.3730076104402542
  landing: 0.020566057413816452
  view-data: 0.35294900462031364
