times:
  landing: 0.5644472789999782
  view-data: 0.549764208000056
