times:
  edit-metadata: 1.5380568597465754
  landing: 0.7823125212453306
  view-data: 3.38797922199592
