times:
  edit-metadata: 1.588104322552681
  landing: 0.7632794491946697
  view-data: 3.2422001734375954
