times:
  edit-metadata: 0.41442973795346916
  landing: 0.046864700969308615
  view-data: 0.20656904205679893
