times:
  edit-metadata: 0.5684725299943238
  landing: 0.054658352048136294
  view-data: 0.18981425208039582
