times:
  landing: 0.5906510489999732
  view-data: 0.5569090500000016
