times:
  edit-metadata: 0.5035168416798115
  landing: 0.04895996302366257
  view-data: 0.18602566048502922
