times:
  edit-metadata: 0.5988418760243803
  landing: 0.050608730874955654
  view-data: 0.18862277083098888
