times:
  edit-metadata: 1.3254454676061869
  landing: 0.023297431878745556
  view-data: 0.024589755572378635
