times:
  edit-metadata: 1.4511162303388119
  landing: 0.7734500011429191
  view-data: 3.2476610224694014
