times:
  edit-metadata: 1.4647793993353844
  landing: 0.2929136622697115
  view-data: 0.367430180311203
