times:
  landing: 1.5755266750000487
  view-data: 0.5465614089999917
