times:
  edit-metadata: 0.4097963070962578
  landing: 0.06776754301972687
  view-data: 0.21039124904200435
