times:
  edit-metadata: 0.42424132488667965
  landing: 0.06069460976868868
  view-data: 0.20775889698415995
