times:
  landing: 1.1052961770000138
  view-data: 0.553389793000008
