times:
  edit-metadata: 0.5516510400921106
  landing: 0.9417040962725878
  view-data: 0.31854057870805264
