times:
  landing: 1.1012921330000154
  view-data: 0.5539554670000371
