times:
  edit-metadata: 0.4829243943095207
  landing: 0.06982131488621235
  view-data: 0.20197268528863788
