times:
  edit-metadata: 1.7181851780042052
  landing: 1.0684648929163814
  view-data: 3.4158143308013678
