times:
  edit-metadata: 1.9051706986501813
  landing: 0.9967281920835376
  view-data: 3.54215703625232
