times:
  edit-metadata: 1.6657426208257675
  landing: 0.8005456365644932
  view-data: 3.394993595778942
