times:
  landing: 0.5556911959999979
  view-data: 0.5575757060000228
