times:
  landing: 0.5881230200000118
  view-data: 0.5493446039999981
