times:
  edit-metadata: 1.5224215150810778
  landing: 0.758021550020203
  view-data: 3.366327009862289
