times:
  edit-metadata: 0.5120989680290222
  landing: 0.5326286666095257
  view-data: 0.201449953019619
