times:
  landing: 0.5474895520000018
  view-data: 0.5501778510000577
