times:
  edit-metadata: 1.5515298712998629
  landing: 0.7708727084100246
  view-data: 3.3710215725004673
