times:
  edit-metadata: 1.3480750499293208
  landing: 0.020301843993365765
  view-data: 0.40761408768594265
