times:
  landing: 0.5554923750000285
  view-data: 0.5590725760000055
