times:
  edit-metadata: 0.5773528979625553
  landing: 0.04290197096997872
  view-data: 0.1903008440276608
