times:
  edit-metadata: 0.5567335803061724
  landing: 0.6693155039101839
  view-data: 0.18159987963736057
