times:
  edit-metadata: 0.437302699778229
  landing: 0.04280949290841818
  view-data: 0.20536335418000817
