times:
  edit-metadata: 1.401739228516817
  landing: 0.12163038365542889
  view-data: 0.29324792325496674
