times:
  edit-metadata: 1.5010961020598188
  landing: 0.9561919160187244
  view-data: 3.3591796789551154
