times:
  edit-metadata: 0.5105812139809132
  landing: 0.052119940519332886
  view-data: 0.196455430239439
