times:
  edit-metadata: 0.4197162357158959
  landing: 0.07046657893806696
  view-data: 0.21512739593163133
