times:
  edit-metadata: 1.4548727348446846
  landing: 0.6952663771808147
  view-data: 3.280350659042597
