times:
  landing: 0.5530503499999213
  view-data: 0.5484503819999418
