times:
  edit-metadata: 1.520771637558937
  landing: 0.8083302872255445
  view-data: 3.394604525528848
