times:
  edit-metadata: 0.4969138316810131
  landing: 0.04664502292871475
  view-data: 0.19493185728788376
