times:
  edit-metadata: 0.43882066616788507
  landing: 0.045424576848745346
  view-data: 0.2045403099618852
