times:
  landing: 0.5502240790000315
  view-data: 0.5561832170000116
