times:
  landing: 1.5874962049999795
  view-data: 0.5535836379999637
