times:
  edit-metadata: 0.5738549567759037
  landing: 0.9684616923332214
  view-data: 0.30315681360661983
