times:
  edit-metadata: 1.3016810817644
  landing: 0.17930471431463957
  view-data: 0.11843474768102169
