times:
  landing: 0.5605520759999649
  view-data: 0.5797572390000028
