times:
  edit-metadata: 0.4322803821414709
  landing: 0.050957844126969576
  view-data: 0.21456979820504785
