times:
  landing: 1.0770445210000616
  view-data: 0.5601430469999968
