times:
  edit-metadata: 0.5775166669627652
  landing: 0.04182049597147852
  view-data: 0.1929770290153101
