times:
  landing: 0.5430248229999961
  view-data: 0.5412322189999941
