times:
  edit-metadata: 0.5775410858914256
  landing: 0.04675188893452287
  view-data: 0.19745557801797986
