times:
  edit-metadata: 1.3003114331513643
  landing: 0.1404990255832672
  view-data: 0.025046316906809807
