times:
  edit-metadata: 0.5336683690547943
  landing: 0.056455571204423904
  view-data: 0.20472881942987442
