times:
  edit-metadata: 1.4272783547639847
  landing: 0.7452322356402874
  view-data: 3.4296551905572414
