times:
  edit-metadata: 0.4215509030036628
  landing: 0.04568683297839016
  view-data: 0.2040604449575767
