times:
  edit-metadata: 1.2741069365292788
  landing: 0.020196648314595222
  view-data: 0.3998638903722167
