times:
  landing: 1.0643776259999527
  view-data: 0.5613577169999644
