times:
  edit-metadata: 1.329479998908937
  landing: 0.02215419989079237
  view-data: 0.12145375926047564
