times:
  edit-metadata: 0.6057764403522015
  landing: 0.6253341883420944
  view-data: 0.23125519044697285
