times:
  landing: 0.5624814900000388
  view-data: 0.5578781320000417
