times:
  landing: 0.5550850640000249
  view-data: 0.5600071180000441
