times:
  landing: 0.5474691169999915
  view-data: 0.04873060200000623
