times:
  edit-metadata: 0.5120131596922874
  landing: 0.04752282425761223
  view-data: 0.20007700100541115
