times:
  edit-metadata: 0.5794861130416393
  landing: 0.059954095631837845
  view-data: 0.19422386586666107
