times:
  edit-metadata: 1.369296352379024
  landing: 0.021329721435904503
  view-data: 0.12489690631628036
