times:
  edit-metadata: 0.4423475628718734
  landing: 0.056175229139626026
  view-data: 0.19962011836469173
