times:
  edit-metadata: 0.5083873809999204
  landing: 0.06803158599996095
  view-data: 0.23260194600015893
