times:
  edit-metadata: 1.464019133709371
  landing: 0.8114873934537172
  view-data: 3.3815001444891095
