times:
  landing: 0.5619996500000184
  view-data: 0.5659337989999926
