times:
  edit-metadata: 1.6936496309936047
  landing: 0.24617837369441986
  view-data: 0.1561358980834484
