times:
  edit-metadata: 2.1183931585401297
  landing: 1.0306787211447954
  view-data: 3.5464209225028753
