times:
  edit-metadata: 0.42725742887705564
  landing: 0.06602307106368244
  view-data: 0.20555839105509222
