times:
  edit-metadata: 0.4202411570586264
  landing: 0.07296745013445616
  view-data: 0.2163680698722601
