times:
  edit-metadata: 0.644840444001602
  landing: 0.18559479399118572
  view-data: 0.23893111699726433
