times:
  edit-metadata: 1.9565689880400896
  landing: 1.033905142918229
  view-data: 3.4765975628979504
