times:
  edit-metadata: 1.593104925006628
  landing: 0.9121567010879517
  view-data: 3.405410435050726
