times:
  edit-metadata: 0.4064551251940429
  landing: 0.04434928158298135
  view-data: 0.1880808281712234
