times:
  edit-metadata: 1.507616843096912
  landing: 0.7424554554745555
  view-data: 3.3526386860758066
