times:
  edit-metadata: 1.533988794311881
  landing: 0.7939179372042418
  view-data: 3.4020728077739477
