times:
  edit-metadata: 1.465643335133791
  landing: 0.7087711431086063
  view-data: 3.356113888323307
