times:
  edit-metadata: 1.3670997358858585
  landing: 0.8169108666479588
  view-data: 3.4194475784897804
