times:
  edit-metadata: 2.2155338786542416
  landing: 1.1826894991099834
  view-data: 3.5303031988441944
