times:
  landing: 0.5942170250000061
  view-data: 0.5450816620000012
