times:
  edit-metadata: 1.5422477312386036
  landing: 0.7536674607545137
  view-data: 3.39680633880198
