times:
  edit-metadata: 1.277129465714097
  landing: 0.019244768656790257
  view-data: 0.025875816121697426
