times:
  landing: 1.0727296580000143
  view-data: 0.55280829000003
