times:
  edit-metadata: 1.587156753987074
  landing: 0.7929603196680546
  view-data: 3.4394730292260647
