times:
  edit-metadata: 0.5394814400933683
  landing: 0.10284798173233867
  view-data: 0.25161353312432766
