times:
  edit-metadata: 1.4661138206720352
  landing: 0.8968630582094193
  view-data: 3.3467075377702713
