times:
  edit-metadata: 2.235057234764099
  landing: 1.2811388932168484
  view-data: 3.355334684252739
