times:
  edit-metadata: 1.4203363303095102
  landing: 0.23828302510082722
  view-data: 0.3452517818659544
