times:
  edit-metadata: 1.3767116013914347
  landing: 0.019654827192425728
  view-data: 0.3388103265315294
