times:
  edit-metadata: 1.7412288822233677
  landing: 0.9766239449381828
  view-data: 3.4039185866713524
