times:
  edit-metadata: 0.538172448053956
  landing: 0.8594345357269049
  view-data: 0.293184706941247
