times:
  landing: 0.5492442440000218
  view-data: 0.5584664030000113
