times:
  edit-metadata: 1.5567592717707157
  landing: 0.336887177079916
  view-data: 0.1844819039106369
