times:
  landing: 0.5630777349999789
  view-data: 0.5583103379999557
