times:
  edit-metadata: 0.4365976299159229
  landing: 0.06422166409902275
  view-data: 0.2251157769933343
