times:
  edit-metadata: 0.502134936999937
  landing: 0.05334204199607484
  view-data: 0.20186518400441855
