times:
  edit-metadata: 0.484524501953274
  landing: 0.0669295359402895
  view-data: 0.21311441715806723
