times:
  edit-metadata: 1.3882584951352328
  landing: 0.7074895328842103
  view-data: 3.258338032057509
