times:
  edit-metadata: 1.4391721487045288
  landing: 0.7505488451570272
  view-data: 3.310149919241667
