times:
  edit-metadata: 0.5610223282128572
  landing: 0.5154903754591942
  view-data: 0.3052340056747198
