times:
  edit-metadata: 1.5491660945117474
  landing: 0.7763121128082275
  view-data: 3.3827913403511047
