times:
  edit-metadata: 1.303126816637814
  landing: 0.11479745618999004
  view-data: 0.4786540884524584
