times:
  edit-metadata: 0.460170965641737
  landing: 1.0877806562930346
  view-data: 0.6035927850753069
