times:
  edit-metadata: 1.3313863901421428
  landing: 0.1909547531977296
  view-data: 0.33890532329678535
