times:
  edit-metadata: 1.3682006374001503
  landing: 0.022698111832141876
  view-data: 0.029427558183670044
