times:
  edit-metadata: 0.5067434709999361
  landing: 0.05470291700476082
  view-data: 0.19322473899956094
