times:
  edit-metadata: 0.4052261388860643
  landing: 0.051515255123376846
  view-data: 0.20100421318784356
