times:
  edit-metadata: 1.5793224312365055
  landing: 0.2619625851511955
  view-data: 0.4157956764101982
