times:
  edit-metadata: 1.3373547345399857
  landing: 0.14005939941853285
  view-data: 0.12101927679032087
