times:
  edit-metadata: 0.48818113101879135
  landing: 0.0879420560086146
  view-data: 0.21013649104861543
