times:
  edit-metadata: 1.2872153678908944
  landing: 0.13683068566024303
  view-data: 0.12499814387410879
