times:
  edit-metadata: 1.563819931820035
  landing: 0.20542464032769203
  view-data: 0.024982022121548653
