times:
  edit-metadata: 0.5511383097618818
  landing: 0.6655645649880171
  view-data: 0.3078444320708513
