times:
  edit-metadata: 0.4000714081339538
  landing: 0.04502674425020814
  view-data: 0.1859886860474944
