times:
  edit-metadata: 1.5311417141929269
  landing: 0.8515133978798985
  view-data: 3.3445835653692484
