times:
  edit-metadata: 1.629885494709015
  landing: 1.003913041204214
  view-data: 3.359628524631262
