times:
  edit-metadata: 0.42009856697404757
  landing: 0.05793080199509859
  view-data: 0.20455379702616483
