times:
  edit-metadata: 1.562699681147933
  landing: 0.7209742665290833
  view-data: 3.3675486240535975
