times:
  edit-metadata: 1.4069197718054056
  landing: 0.6990831959992647
  view-data: 3.473246119916439
