times:
  edit-metadata: 1.371814458630979
  landing: 0.022704651579260826
  view-data: 0.026356341317296028
