times:
  edit-metadata: 1.3643370419740677
  landing: 0.7140862084925175
  view-data: 3.346305228769779
