times:
  edit-metadata: 0.6215334790758789
  landing: 0.06118331616744399
  view-data: 0.21718565397895873
