times:
  landing: 0.5509692719999748
  view-data: 0.5534016229998997
