times:
  landing: 0.5522959319999927
  view-data: 0.5591161430000113
