times:
  edit-metadata: 0.4076157622039318
  landing: 0.05046828417107463
  view-data: 0.20929093286395073
