times:
  edit-metadata: 1.2918297909200191
  landing: 0.024167814292013645
  view-data: 0.02860175631940365
