times:
  edit-metadata: 1.359173709526658
  landing: 0.2746955044567585
  view-data: 0.339365940541029
