times:
  edit-metadata: 1.636843079701066
  landing: 0.9228486642241478
  view-data: 3.4201246481388807
