times:
  landing: 0.5587576349999495
  view-data: 0.567879425000001
