times:
  edit-metadata: 1.4969214908778667
  landing: 6.702359103132039
  view-data: 3.4097633198834956
