times:
  edit-metadata: 0.40694179106503725
  landing: 0.041573033668100834
  view-data: 0.18409190513193607
