times:
  edit-metadata: 1.332731170579791
  landing: 0.11396861262619495
  view-data: 0.13184471148997545
