times:
  edit-metadata: 1.909414831083268
  landing: 0.9991902010515332
  view-data: 3.534336074255407
