times:
  edit-metadata: 0.512810081243515
  landing: 0.04534909501671791
  view-data: 0.20050357282161713
