times:
  edit-metadata: 0.42761840391904116
  landing: 0.04754704004153609
  view-data: 0.20693332282826304
