times:
  edit-metadata: 0.6009124959819019
  landing: 0.047062670812010765
  view-data: 0.20399286085739732
