times:
  edit-metadata: 1.4773092847317457
  landing: 0.26502638310194016
  view-data: 0.11769528593868017
