times:
  edit-metadata: 0.4208409038837999
  landing: 0.06595935393124819
  view-data: 0.21477468102239072
