times:
  edit-metadata: 2.997363368049264
  landing: 1.1914456076920033
  view-data: 3.675847129896283
