times:
  edit-metadata: 2.355363443493843
  landing: 1.245621232315898
  view-data: 3.456710008904338
