times:
  edit-metadata: 0.5761540950043127
  landing: 0.038893666001968086
  view-data: 0.18939918398973532
