times:
  edit-metadata: 0.6541079359594733
  landing: 0.058151135919615626
  view-data: 0.19937404501251876
