times:
  edit-metadata: 0.5088714547455311
  landing: 0.05129005387425423
  view-data: 0.1953403539955616
