times:
  edit-metadata: 1.602585467044264
  landing: 0.756469605024904
  view-data: 3.4015095187351108
