times:
  edit-metadata: 0.5456626400118694
  landing: 0.16881307499716058
  view-data: 0.24286194998421706
