times:
  edit-metadata: 0.6029024641029537
  landing: 0.051020463928580284
  view-data: 0.19706554408185184
