times:
  edit-metadata: 1.4193569291383028
  landing: 0.35555790923535824
  view-data: 0.17921246029436588
