times:
  edit-metadata: 1.5627319235354662
  landing: 0.7455670945346355
  view-data: 3.4148528780788183
