times:
  edit-metadata: 0.6044455380178988
  landing: 0.044181673089042306
  view-data: 0.20045583799947053
