times:
  edit-metadata: 0.6374294350389391
  landing: 0.0594884060556069
  view-data: 0.2104781239759177
