times:
  edit-metadata: 0.5776462648063898
  landing: 0.04393194383010268
  view-data: 0.19700330076739192
