times:
  landing: 1.099764869999973
  view-data: 0.5506492929999922
