times:
  landing: 2.1097287919999985
  view-data: 0.5712155260000031
