times:
  edit-metadata: 0.6067694048397243
  landing: 0.04330857703462243
  view-data: 0.19406878715381026
