times:
  edit-metadata: 0.5509497690945864
  landing: 3.7955321446061134
  view-data: 1.3844634965062141
