times:
  edit-metadata: 0.6045037908479571
  landing: 0.05527550773695111
  view-data: 0.18966519506648183
