times:
  edit-metadata: 0.441067507956177
  landing: 0.04375133104622364
  view-data: 0.200989190954715
