times:
  edit-metadata: 0.5245218481868505
  landing: 0.6135383248329163
  view-data: 0.31244470551609993
