times:
  edit-metadata: 0.5830536030698568
  landing: 0.04940294986590743
  view-data: 0.17825212283059955
