times:
  landing: 1.0750015450000205
  view-data: 0.5562131020000152
