times:
  edit-metadata: 1.6473179329186678
  landing: 0.836029052734375
  view-data: 3.4560212772339582
