times:
  edit-metadata: 0.4254462840035558
  landing: 0.039670206140726805
  view-data: 0.21000137086957693
