times:
  edit-metadata: 0.4946271702647209
  landing: 0.4698646441102028
  view-data: 0.20699498057365417
