times:
  edit-metadata: 1.3556333240121603
  landing: 0.24349512718617916
  view-data: 0.09863831382244825
