times:
  edit-metadata: 1.5582348678726703
  landing: 0.8305540180299431
  view-data: 3.4180293949320912
