times:
  edit-metadata: 1.35788694024086
  landing: 0.23290185444056988
  view-data: 0.02509351074695587
