times:
  edit-metadata: 1.3986237049102783
  landing: 0.16614003479480743
  view-data: 0.10422963835299015
