times:
  edit-metadata: 0.584196737036109
  landing: 0.051806710893288255
  view-data: 0.19248104305006564
