times:
  edit-metadata: 1.5439194608479738
  landing: 0.7265720870345831
  view-data: 3.4074749778956175
