times:
  edit-metadata: 1.3635925957933068
  landing: 0.018976151011884212
  view-data: 0.39479300659149885
