times:
  edit-metadata: 0.5471316315233707
  landing: 0.6340590808540583
  view-data: 0.19044640846550465
