times:
  edit-metadata: 0.4291718490421772
  landing: 0.07006461988203228
  view-data: 0.34692545887082815
