times:
  edit-metadata: 0.49570026248693466
  landing: 1.2834036201238632
  view-data: 0.3012094609439373
