times:
  landing: 1.0851054830000066
  view-data: 0.5565411389999895
