times:
  edit-metadata: 0.4916182472370565
  landing: 0.08059881208464503
  view-data: 0.20904406206682324
