times:
  edit-metadata: 1.6533959675580263
  landing: 0.9897047858685255
  view-data: 3.27424431219697
