times:
  landing: 0.5895335239999895
  view-data: 0.5575517910000372
