times:
  edit-metadata: 1.3646147334948182
  landing: 0.12388107739388943
  view-data: 0.1280064983293414
