times:
  edit-metadata: 1.7928224448114634
  landing: 0.9974725805222988
  view-data: 3.4755022078752518
