times:
  edit-metadata: 0.5188484787940979
  landing: 0.04228711128234863
  view-data: 0.19440671801567078
