times:
  landing: 0.5519500110001445
  view-data: 0.5567631199999141
