times:
  landing: 0.5509997890000022
  view-data: 0.55674833300003
