times:
  edit-metadata: 1.6250804550945759
  landing: 1.0438692085444927
  view-data: 3.3945565558969975
