times:
  edit-metadata: 1.5525015369057655
  landing: 1.102864476852119
  view-data: 3.57237393502146
