times:
  edit-metadata: 0.5632063068915159
  landing: 0.05453845812007785
  view-data: 0.18556631403043866
