times:
  landing: 0.5563728980000064
  view-data: 0.5617034370000056
