times:
  landing: 0.5570243409999875
  view-data: 0.05749636200002328
