times:
  edit-metadata: 0.426321669947356
  landing: 0.04531688988208771
  view-data: 0.1955585810355842
