times:
  edit-metadata: 1.437736313790083
  landing: 0.028059672564268112
  view-data: 0.2005410622805357
