times:
  edit-metadata: 1.422311568632722
  landing: 0.17779718339443207
  view-data: 0.03545704111456871
