times:
  edit-metadata: 1.2987821390852332
  landing: 0.0191174428910017
  view-data: 0.05238160863518715
