times:
  landing: 0.5470837820000156
  view-data: 0.5536135620000096
