times:
  edit-metadata: 0.5114836171269417
  landing: 0.04676584154367447
  view-data: 0.19856544956564903
