times:
  edit-metadata: 0.4502010359428823
  landing: 0.055255752988159657
  view-data: 0.20409454125910997
