times:
  edit-metadata: 0.4176274719648063
  landing: 0.04134297231212258
  view-data: 0.18814343120902777
