times:
  landing: 0.6100801860000047
  view-data: 0.562069178999991
