times:
  edit-metadata: 1.303669674322009
  landing: 0.021689968183636665
  view-data: 0.32674732990562916
