times:
  edit-metadata: 1.7655513063073158
  landing: 0.021339595317840576
  view-data: 0.11451833322644234
