times:
  landing: 0.5582812290000447
  view-data: 0.5737319209999896
