times:
  edit-metadata: 1.4891328448429704
  landing: 0.8380159260705113
  view-data: 3.5299357222393155
