times:
  edit-metadata: 1.5773496329784393
  landing: 0.02125003468245268
  view-data: 0.4111401718109846
