times:
  edit-metadata: 1.3272582050412893
  landing: 0.019105544313788414
  view-data: 0.023119114339351654
