times:
  edit-metadata: 1.5412390809506178
  landing: 0.7333947047591209
  view-data: 3.3888038210570812
