times:
  edit-metadata: 0.512020030990243
  landing: 0.5684785805642605
  view-data: 0.5819678343832493
