times:
  edit-metadata: 0.575403262861073
  landing: 0.04844624805264175
  view-data: 0.18943646480329335
