times:
  edit-metadata: 1.278159755282104
  landing: 0.022086316719651222
  view-data: 0.13054112903773785
