times:
  edit-metadata: 0.4545942498371005
  landing: 0.05676775053143501
  view-data: 0.212796900421381
