times:
  edit-metadata: 1.6126955599756911
  landing: 0.8751017180038616
  view-data: 3.2663400139426813
