times:
  landing: 0.5459884329999909
  view-data: 0.5534320010000329
