times:
  edit-metadata: 0.7418480280321091
  landing: 0.05269794911146164
  view-data: 0.18992339493706822
