times:
  edit-metadata: 0.5797347100451589
  landing: 0.05324860499240458
  view-data: 0.1833800079766661
