times:
  edit-metadata: 1.5671250373125076
  landing: 0.7369465325027704
  view-data: 3.4103007428348064
