times:
  edit-metadata: 1.446569161489606
  landing: 0.7621151693165302
  view-data: 3.2523499131202698
