times:
  edit-metadata: 0.5075365919619799
  landing: 0.5747190974652767
  view-data: 0.5746842958033085
