times:
  edit-metadata: 1.2669561756774783
  landing: 0.0207722345367074
  view-data: 0.02655072044581175
