times:
  edit-metadata: 0.6284067570231855
  landing: 0.048685100162401795
  view-data: 0.19701359095051885
