times:
  edit-metadata: 0.41161947324872017
  landing: 0.05574367009103298
  view-data: 0.20099972421303391
