times:
  landing: 1.0779508859999964
  view-data: 0.5674817880000091
