times:
  edit-metadata: 1.6479681208729744
  landing: 0.8263233397156
  view-data: 3.4131526835262775
