times:
  edit-metadata: 0.5878335945308208
  landing: 0.8006041031330824
  view-data: 0.30221691355109215
