times:
  edit-metadata: 0.5007678363472223
  landing: 0.7814870327711105
  view-data: 0.2217241209000349
