times:
  edit-metadata: 1.3853864194825292
  landing: 0.01968554127961397
  view-data: 0.12080945260822773
