times:
  edit-metadata: 1.3416379168629646
  landing: 0.021356371231377125
  view-data: 0.12612756341695786
