times:
  edit-metadata: 1.5339277014136314
  landing: 0.7576465494930744
  view-data: 3.3803242221474648
