times:
  edit-metadata: 2.913280480541289
  landing: 1.6926535815000534
  view-data: 3.703888182528317
