times:
  landing: 0.5409924580000052
  view-data: 0.5430445800000143
