times:
  edit-metadata: 0.453238976188004
  landing: 0.04708870127797127
  view-data: 0.20196550525724888
