times:
  edit-metadata: 0.5096615490037948
  landing: 0.04934661299921572
  view-data: 0.21102952500223182
