times:
  edit-metadata: 1.5644497871398926
  landing: 0.7349176667630672
  view-data: 3.394200460985303
