times:
  edit-metadata: 0.48514674603939056
  landing: 0.04495825618505478
  view-data: 0.1910884641110897
