times:
  edit-metadata: 0.42479353211820126
  landing: 0.0829066182486713
  view-data: 0.24127186462283134
