times:
  edit-metadata: 0.5752122899284586
  landing: 0.04867344908416271
  view-data: 0.1929797219345346
