times:
  edit-metadata: 0.6675422599655576
  landing: 0.06739787105470896
  view-data: 0.20076079794671386
