times:
  landing: 0.5594690849999324
  view-data: 0.5533415930000274
