times:
  edit-metadata: 1.5901389494538307
  landing: 0.8089721985161304
  view-data: 3.4456452429294586
