times:
  edit-metadata: 1.4864093884825706
  landing: 0.9803160652518272
  view-data: 3.38868972286582
