times:
  edit-metadata: 1.339111441746354
  landing: 0.19779900182038546
  view-data: 0.12627108674496412
