times:
  edit-metadata: 0.4921679273247719
  landing: 0.05215412750840187
  view-data: 0.19094864651560783
