times:
  landing: 1.05562834899996
  view-data: 0.5428042359999949
