times:
  edit-metadata: 1.459680694155395
  landing: 0.13160093314945698
  view-data: 0.02666250616312027
