times:
  landing: 0.5493738719999897
  view-data: 0.5514813970000318
