times:
  edit-metadata: 1.3290378311648965
  landing: 0.020733732730150223
  view-data: 0.10135705024003983
