times:
  edit-metadata: 0.5226712748408318
  landing: 0.48764716275036335
  view-data: 0.1875801868736744
