times:
  edit-metadata: 1.3893606625497341
  landing: 0.9557907432317734
  view-data: 3.281624522060156
