times:
  edit-metadata: 0.43420052400324494
  landing: 0.04691438400186598
  view-data: 0.20107553899288177
