times:
  landing: 0.5444845179999902
  view-data: 0.5506704729999967
