times:
  edit-metadata: 0.5129534564912319
  landing: 0.6033417340368032
  view-data: 0.2062448225915432
