times:
  edit-metadata: 0.6707508859690279
  landing: 0.06121362489648163
  view-data: 0.21463223500177264
