times:
  edit-metadata: 0.5309006795287132
  landing: 0.5522561054676771
  view-data: 0.3045469354838133
