times:
  landing: 0.5558257320000166
  view-data: 0.5534647680000262
