times:
  edit-metadata: 0.44768046773970127
  landing: 0.05127534316852689
  view-data: 0.18376419320702553
