times:
  edit-metadata: 0.4306042939424515
  landing: 0.04521300084888935
  view-data: 0.20672537852078676
