times:
  edit-metadata: 1.679690083488822
  landing: 0.25863562524318695
  view-data: 0.4045215006917715
