times:
  edit-metadata: 0.41158649418503046
  landing: 0.05065346183255315
  view-data: 0.19689564406871796
