times:
  edit-metadata: 1.326757749542594
  landing: 0.2457968406379223
  view-data: 0.12701408192515373
