times:
  edit-metadata: 0.5062564387917519
  landing: 0.04897593334317207
  view-data: 0.20092158392071724
