times:
  edit-metadata: 2.0261574629694223
  landing: 1.2481952793896198
  view-data: 3.485478211194277
