times:
  landing: 1.0739434369999685
  view-data: 0.5650705059999837
