times:
  edit-metadata: 0.5527688674628735
  landing: 0.5220619961619377
  view-data: 0.19793197885155678
