times:
  edit-metadata: 0.4356959778815508
  landing: 0.042958805337548256
  view-data: 0.20369714498519897
