times:
  edit-metadata: 0.5659454693086445
  landing: 0.05187384691089392
  view-data: 0.19505623495206237
