times:
  edit-metadata: 2.075604196637869
  landing: 1.1066198982298374
  view-data: 3.7615343388170004
