times:
  edit-metadata: 0.5600947579368949
  landing: 0.052299726055935025
  view-data: 0.19026350497733802
