times:
  edit-metadata: 0.446537293959409
  landing: 0.050317883025854826
  view-data: 0.20009114407002926
