times:
  landing: 1.0651810109999928
  view-data: 0.550506654000003
