times:
  edit-metadata: 0.3966707889921963
  landing: 0.05207551806233823
  view-data: 0.2127773470710963
