times:
  landing: 0.5491965840000148
  view-data: 0.5566900200000191
