times:
  edit-metadata: 1.502209197729826
  landing: 0.7745548356324434
  view-data: 3.3687660237774253
