times:
  landing: 1.0719919450000361
  view-data: 0.5590855909999846
