times:
  edit-metadata: 0.5201417598873377
  landing: 0.4952538162469864
  view-data: 0.18042962811887264
