times:
  edit-metadata: 1.6358426250517368
  landing: 0.9105126671493053
  view-data: 3.413324311375618
