times:
  edit-metadata: 1.4197010211646557
  landing: 0.8367989845573902
  view-data: 3.344966407865286
