times:
  landing: 0.5516624389999834
  view-data: 0.5562624209999854
