times:
  edit-metadata: 0.42350400099530816
  landing: 0.0471342911478132
  view-data: 0.2089630588889122
