times:
  edit-metadata: 0.46802184358239174
  landing: 0.4914741590619087
  view-data: 0.17902289144694805
