times:
  edit-metadata: 1.416887778788805
  landing: 0.6518153138458729
  view-data: 3.292178964242339
