times:
  landing: 0.5620234159999882
  view-data: 0.5633604140000159
