times:
  edit-metadata: 0.7312753892038018
  landing: 0.04671120899729431
  view-data: 0.18855827115476131
