times:
  edit-metadata: 0.6129139601252973
  landing: 0.049034290947020054
  view-data: 0.18666310980916023
