times:
  edit-metadata: 1.394086942076683
  landing: 0.783765684813261
  view-data: 3.3932457715272903
