times:
  edit-metadata: 0.5117807537317276
  landing: 0.0512729249894619
  view-data: 0.19756213575601578
