times:
  edit-metadata: 1.6051620244979858
  landing: 0.13507559522986412
  view-data: 0.12662596814334393
