times:
  edit-metadata: 1.2917067427188158
  landing: 0.022146319039165974
  view-data: 0.028116019442677498
