times:
  edit-metadata: 1.3951778262853622
  landing: 0.15431463904678822
  view-data: 0.14000778086483479
