times:
  edit-metadata: 0.42883846210315824
  landing: 0.049530121963471174
  view-data: 0.19558011228218675
