times:
  landing: 0.5443701429999237
  view-data: 0.5455316590000621
