times:
  edit-metadata: 1.5177009431645274
  landing: 0.8197481096722186
  view-data: 3.37559953937307
