times:
  edit-metadata: 0.5095835998654366
  landing: 0.6221304628998041
  view-data: 0.21287608332931995
