times:
  edit-metadata: 1.511182432062924
  landing: 0.7354701226577163
  view-data: 3.415333466604352
