times:
  edit-metadata: 0.569920094916597
  landing: 0.04548200988210738
  view-data: 0.19722391408868134
