times:
  landing: 0.5411915020000606
  view-data: 0.5450716429999147
