times:
  landing: 0.5501414830000044
  view-data: 0.5541856510000116
