times:
  edit-metadata: 0.43572829384356737
  landing: 0.049042681232094765
  view-data: 0.2075702976435423
