times:
  edit-metadata: 1.6468697004020214
  landing: 0.25564373191446066
  view-data: 0.29087979439646006
