times:
  edit-metadata: 0.5111196000070777
  landing: 0.06698188700829633
  view-data: 0.20495491499605123
