times:
  edit-metadata: 1.5731737958267331
  landing: 0.8423177786171436
  view-data: 3.453442852012813
