times:
  edit-metadata: 0.4331570310750976
  landing: 0.06681722006760538
  view-data: 0.22287852503359318
