times:
  edit-metadata: 1.5763162076473236
  landing: 0.8613633364439011
  view-data: 3.415474019944668
