times:
  edit-metadata: 1.4545448459684849
  landing: 0.22765928506851196
  view-data: 0.32837745919823647
