times:
  edit-metadata: 1.5053113569738343
  landing: 0.961529191932641
  view-data: 3.310531785013154
