times:
  edit-metadata: 1.5027027484029531
  landing: 0.7281296718865633
  view-data: 3.3348353737965226
