times:
  landing: 1.1126318789999914
  view-data: 0.5654964670000027
