times:
  edit-metadata: 0.41666610911488533
  landing: 0.06526834587566555
  view-data: 0.20921330293640494
