times:
  landing: 0.5542095170000039
  view-data: 0.5504787460000102
