times:
  edit-metadata: 1.3411133522167802
  landing: 0.018696698360145092
  view-data: 0.24292156100273132
