times:
  edit-metadata: 0.518769521266222
  landing: 0.05668284371495247
  view-data: 0.19938480854034424
