times:
  edit-metadata: 1.651577366515994
  landing: 0.7863629478961229
  view-data: 3.3250238243490458
