times:
  edit-metadata: 1.47882095631212
  landing: 0.7747983234003186
  view-data: 3.3739706445485353
