times:
  edit-metadata: 1.510199080221355
  landing: 0.2182266116142273
  view-data: 0.034747473895549774
