times:
  landing: 0.5524033930000201
  view-data: 0.5575533320000545
