times:
  edit-metadata: 0.5510914213955402
  landing: 0.05340071767568588
  view-data: 0.19973834976553917
