times:
  edit-metadata: 0.5786812156438828
  landing: 0.800699645653367
  view-data: 0.30553727596998215
