times:
  landing: 0.5452021720000175
  view-data: 0.5511288339999965
