times:
  edit-metadata: 1.5685581378638744
  landing: 0.8060586452484131
  view-data: 3.425244811922312
