times:
  edit-metadata: 0.4334466978907585
  landing: 0.04832346993498504
  view-data: 0.20439826196525246
