times:
  edit-metadata: 0.5602894980111159
  landing: 0.050960414053406566
  view-data: 0.19383613899117336
