times:
  edit-metadata: 0.5193514358252287
  landing: 0.04603990726172924
  view-data: 0.1972908452153206
