times:
  edit-metadata: 1.3540081940591335
  landing: 0.1382043994963169
  view-data: 0.025998791679739952
