times:
  edit-metadata: 0.557756133377552
  landing: 0.053734101355075836
  view-data: 0.19839861243963242
