times:
  landing: 1.081277254999975
  view-data: 0.5504111280000075
