times:
  edit-metadata: 0.42398345516994596
  landing: 0.05441690282896161
  view-data: 0.21146021410822868
