times:
  edit-metadata: 0.799038349010516
  landing: 0.10205069900257513
  view-data: 0.2546153999865055
