times:
  edit-metadata: 1.4663639408536255
  landing: 0.7414198108017445
  view-data: 3.3730272417888045
