times:
  edit-metadata: 0.5704604840138927
  landing: 0.04887258796952665
  view-data: 0.19370763294864446
