times:
  landing: 0.5514401529999873
  view-data: 0.5530982459999905
