times:
  edit-metadata: 0.4295338299125433
  landing: 0.05545492749661207
  view-data: 0.19808395393192768
