times:
  edit-metadata: 0.40771804191172123
  landing: 0.05648117512464523
  view-data: 0.2055652691051364
