times:
  edit-metadata: 1.5872840397059917
  landing: 0.8366759680211544
  view-data: 3.3918416015803814
