times:
  edit-metadata: 0.511449484154582
  landing: 0.06673431769013405
  view-data: 0.19950314052402973
