times:
  edit-metadata: 0.43060584395425394
  landing: 0.04651081998599693
  view-data: 0.19549603597261012
