times:
  edit-metadata: 1.6625153049826622
  landing: 0.913095984607935
  view-data: 3.4314665868878365
