times:
  edit-metadata: 1.2832829896360636
  landing: 0.13088286947458982
  view-data: 0.024829942733049393
