times:
  edit-metadata: 0.5523076504468918
  landing: 0.04177895560860634
  view-data: 0.1946011669933796
