times:
  edit-metadata: 1.7608985528349876
  landing: 1.0163359679281712
  view-data: 3.3338956348598003
