times:
  landing: 0.5618001430000277
  view-data: 0.5574540549999938
