times:
  landing: 1.0732041869999875
  view-data: 0.5596997439999996
