times:
  edit-metadata: 0.5127870329961297
  landing: 0.06733122400328284
  view-data: 0.2098091169973486
