times:
  edit-metadata: 1.2937958501279354
  landing: 0.022520532831549644
  view-data: 0.4317771103233099
