times:
  edit-metadata: 1.4241655408404768
  landing: 0.7585393560584635
  view-data: 3.400937458034605
