times:
  edit-metadata: 0.560456097999122
  landing: 0.039795894001144916
  view-data: 0.19580248201964423
