times:
  edit-metadata: 1.4747308939695358
  landing: 0.025094252079725266
  view-data: 0.47541931830346584
