times:
  landing: 0.5523801300000741
  view-data: 0.5567128389998288
