times:
  edit-metadata: 1.7268470274284482
  landing: 0.041729602962732315
  view-data: 0.02681596577167511
