times:
  edit-metadata: 1.451921034604311
  landing: 0.8338523134589195
  view-data: 3.4447579607367516
