times:
  landing: 0.5506161810000094
  view-data: 0.556448051000018
