times:
  edit-metadata: 0.5321544089820236
  landing: 0.07723797002108768
  view-data: 0.21436065700254403
