times:
  edit-metadata: 1.497679714113474
  landing: 0.8327125450596213
  view-data: 3.360545030096546
