times:
  edit-metadata: 0.5003298744559288
  landing: 0.048187464475631714
  view-data: 0.193047434091568
