times:
  edit-metadata: 1.2793149687349796
  landing: 0.022822633385658264
  view-data: 0.10496539436280727
