times:
  edit-metadata: 0.4844084670767188
  landing: 0.07246950408443809
  view-data: 0.20594754023477435
