times:
  edit-metadata: 0.4245026595890522
  landing: 0.04225344955921173
  view-data: 0.20138201769441366
