times:
  landing: 1.07536969399996
  view-data: 0.5582149940000249
