times:
  edit-metadata: 1.4719475442543626
  landing: 0.9733761986717582
  view-data: 3.303597303107381
