times:
  edit-metadata: 1.5368017852306366
  landing: 0.8261362947523594
  view-data: 3.408283855766058
