times:
  edit-metadata: 0.43612627196125686
  landing: 0.06974515086039901
  view-data: 0.21213381295092404
