times:
  edit-metadata: 1.7332158288918436
  landing: 0.9983913647010922
  view-data: 3.620282862801105
