times:
  landing: 0.5557975180000199
  view-data: 0.5650671829999965
