times:
  edit-metadata: 1.4278745725750923
  landing: 0.851518303155899
  view-data: 3.3127605728805065
