times:
  edit-metadata: 1.5401960015296936
  landing: 0.28777250461280346
  view-data: 0.26650847122073174
