times:
  edit-metadata: 1.396082503721118
  landing: 0.01987772062420845
  view-data: 0.3094554618000984
