times:
  edit-metadata: 1.5216364823281765
  landing: 0.8104702364653349
  view-data: 3.3841719031333923
