times:
  landing: 1.0571783320000065
  view-data: 0.5427647829999955
