times:
  landing: 0.5581143320000592
  view-data: 0.5552214169999843
