times:
  edit-metadata: 1.5431373976171017
  landing: 0.8909404762089252
  view-data: 3.4514427855610847
