times:
  edit-metadata: 1.2865544874221087
  landing: 0.021573686972260475
  view-data: 0.12229127064347267
