times:
  edit-metadata: 0.49643857998307794
  landing: 0.07143941096728668
  view-data: 0.21784656797535717
