times:
  edit-metadata: 0.5623627269960707
  landing: 0.05214329999580514
  view-data: 0.19208572299976368
