times:
  edit-metadata: 1.3230963023379445
  landing: 0.02349170669913292
  view-data: 0.03093982208520174
