times:
  landing: 0.5576404739999816
  view-data: 0.569338273000028
