times:
  edit-metadata: 1.5544113107025623
  landing: 0.6868161465972662
  view-data: 3.370866457000375
