times:
  edit-metadata: 1.490930194966495
  landing: 0.7852505380287766
  view-data: 3.4169451482594013
