times:
  edit-metadata: 1.3171074111014605
  landing: 0.023012908175587654
  view-data: 0.026341663673520088
