times:
  edit-metadata: 0.5147993750870228
  landing: 0.5394519362598658
  view-data: 0.2034253142774105
