times:
  edit-metadata: 1.6634041741490364
  landing: 0.9902265481650829
  view-data: 3.4490194506943226
