times:
  edit-metadata: 1.3613481987267733
  landing: 0.13252903521060944
  view-data: 0.13612876646220684
