times:
  edit-metadata: 1.4578033778816462
  landing: 0.13924254290759563
  view-data: 0.026444826275110245
