times:
  edit-metadata: 1.2742249155417085
  landing: 0.020335957407951355
  view-data: 0.02641836367547512
