times:
  landing: 0.5559888210000281
  view-data: 0.5528960990000087
