times:
  edit-metadata: 1.531361661851406
  landing: 0.7659534011036158
  view-data: 3.3373071793466806
