times:
  edit-metadata: 1.4292279947549105
  landing: 0.025514524430036545
  view-data: 1.324469905346632
