times:
  edit-metadata: 1.5429465677589178
  landing: 0.7194344066083431
  view-data: 3.337819941341877
