times:
  edit-metadata: 0.5242228135466576
  landing: 0.05141540989279747
  view-data: 0.20352322980761528
