times:
  edit-metadata: 1.4702985920011997
  landing: 0.9170781224966049
  view-data: 3.4278225153684616
