times:
  edit-metadata: 1.3365351874381304
  landing: 0.19231361150741577
  view-data: 0.28484119661152363
