times:
  edit-metadata: 0.5060390084981918
  landing: 0.04769381880760193
  view-data: 0.1912192814052105
