times:
  edit-metadata: 4.00437536649406
  landing: 4.569012252613902
  view-data: 2.5211191549897194
