times:
  edit-metadata: 0.5230830535292625
  landing: 0.05422245338559151
  view-data: 0.20130492374300957
