times:
  edit-metadata: 1.89776988979429
  landing: 1.199660513550043
  view-data: 3.4375028302893043
