times:
  landing: 0.5757456349999757
  view-data: 0.5568728150000197
