times:
  edit-metadata: 1.5418189391493797
  landing: 0.7353981919586658
  view-data: 3.416602523997426
