times:
  edit-metadata: 1.5668483078479767
  landing: 0.7370573487132788
  view-data: 3.3868058249354362
