times:
  edit-metadata: 0.5024325787089765
  landing: 0.060416904743760824
  view-data: 0.2074740268290043
