times:
  edit-metadata: 1.6631087865680456
  landing: 0.7521063704043627
  view-data: 3.3923268280923367
