times:
  edit-metadata: 1.3955438118427992
  landing: 0.13777782768011093
  view-data: 0.35379783436656
