times:
  edit-metadata: 1.3612107560038567
  landing: 0.12115963082760572
  view-data: 0.12096655834466219
