times:
  edit-metadata: 0.5783325530064758
  landing: 0.05091423600970302
  view-data: 0.19122935300401878
