times:
  edit-metadata: 0.41444690711796284
  landing: 0.04717683792114258
  view-data: 0.1946520279161632
