times:
  edit-metadata: 1.5769920758903027
  landing: 0.7821883466094732
  view-data: 3.4108036812394857
