times:
  landing: 0.5557643469999789
  view-data: 0.5559191589999841
