times:
  edit-metadata: 1.571752866730094
  landing: 0.7724361009895802
  view-data: 3.3833532258868217
