times:
  edit-metadata: 1.335791659541428
  landing: 0.17653433792293072
  view-data: 0.11743597034364939
