times:
  edit-metadata: 1.5455062482506037
  landing: 0.8814197443425655
  view-data: 3.3385556377470493
