times:
  edit-metadata: 1.6129959039390087
  landing: 0.2193932980298996
  view-data: 0.24640137888491154
