times:
  edit-metadata: 1.483264597132802
  landing: 0.021986298263072968
  view-data: 0.381051043048501
