times:
  edit-metadata: 1.7890935204923153
  landing: 0.8808062970638275
  view-data: 3.368520826101303
