times:
  edit-metadata: 0.44642189610749483
  landing: 0.10448746709153056
  view-data: 0.20844800118356943
