times:
  landing: 1.6666989121586084
  view-data: 0.5542081729508936
