times:
  edit-metadata: 0.41088188299909234
  landing: 0.0674265290144831
  view-data: 0.20150469697546214
