times:
  edit-metadata: 0.48425746336579323
  landing: 0.6778588872402906
  view-data: 0.19042948447167873
