times:
  edit-metadata: 1.6669302992522717
  landing: 0.9553997293114662
  view-data: 3.332378000020981
