times:
  edit-metadata: 1.362355093471706
  landing: 0.021105567924678326
  view-data: 0.12246020510792732
