times:
  edit-metadata: 0.4979420979943825
  landing: 0.051724020013352856
  view-data: 0.20122342801187187
