times:
  landing: 0.556557717999965
  view-data: 0.5693282970000269
