times:
  edit-metadata: 0.506296468898654
  landing: 2.677136616781354
  view-data: 0.7609542831778526
