times:
  edit-metadata: 1.3622837886214256
  landing: 0.02212598640471697
  view-data: 0.11605576612055302
