times:
  edit-metadata: 0.4976245518773794
  landing: 1.777631487697363
  view-data: 0.2820749841630459
