times:
  edit-metadata: 1.39945749938488
  landing: 0.19986335840076208
  view-data: 0.4077581064775586
