times:
  edit-metadata: 0.4175639790482819
  landing: 0.05630127794574946
  view-data: 0.19806616508867592
