times:
  edit-metadata: 1.5609958097338676
  landing: 0.886591412127018
  view-data: 3.420422449707985
