times:
  edit-metadata: 1.6114228516817093
  landing: 1.002250025048852
  view-data: 3.476854143664241
