times:
  edit-metadata: 1.664923993870616
  landing: 0.29266037233173847
  view-data: 0.4568198695778847
