times:
  edit-metadata: 0.5103474631905556
  landing: 0.670622531324625
  view-data: 0.20344600640237331
