times:
  edit-metadata: 0.44865642488002777
  landing: 0.047121175564825535
  view-data: 0.19877276103943586
