times:
  edit-metadata: 0.4045340442098677
  landing: 0.05356545699760318
  view-data: 0.18504885816946626
