times:
  edit-metadata: 0.6233205478638411
  landing: 0.4598618261516094
  view-data: 0.18431366235017776
