times:
  edit-metadata: 0.5329911708831787
  landing: 0.8691779430955648
  view-data: 0.29724320210516453
