times:
  edit-metadata: 0.5159089751541615
  landing: 0.7022042479366064
  view-data: 0.18782247602939606
