times:
  edit-metadata: 1.5340807735919952
  landing: 0.7053329683840275
  view-data: 3.4041638635098934
