times:
  edit-metadata: 1.787781366147101
  landing: 1.1993132354691625
  view-data: 3.650624591857195
