times:
  edit-metadata: 1.3474371014162898
  landing: 0.019689139910042286
  view-data: 0.024206719361245632
