times:
  edit-metadata: 0.5845452100038528
  landing: 0.05623752623796463
  view-data: 0.19659188389778137
