times:
  edit-metadata: 1.337086744606495
  landing: 0.09455139748752117
  view-data: 0.36698018014431
