times:
  edit-metadata: 1.2959537580609322
  landing: 0.02211316954344511
  view-data: 0.023984908126294613
