times:
  edit-metadata: 1.5702351815998554
  landing: 0.9551852755248547
  view-data: 3.356292974203825
