times:
  edit-metadata: 2.2273558359593153
  landing: 0.24312851950526237
  view-data: 0.41555922478437424
