times:
  edit-metadata: 0.519199620001018
  landing: 0.05149331106804311
  view-data: 0.37569217616692185
