times:
  edit-metadata: 1.347785022109747
  landing: 0.8585802949965
  view-data: 3.35528352111578
