times:
  edit-metadata: 1.4154079258441925
  landing: 0.020085692405700684
  view-data: 0.14224284328520298
