times:
  edit-metadata: 0.5127150597982109
  landing: 0.050904837902635336
  view-data: 0.21454608207568526
