times:
  edit-metadata: 0.5216935931239277
  landing: 0.04765539104118943
  view-data: 0.28391788084991276
