times:
  edit-metadata: 0.5191069189968402
  landing: 0.05322590099967783
  view-data: 0.22415725400060182
