times:
  edit-metadata: 0.5214499759022146
  landing: 0.04481552308425307
  view-data: 0.23014985397458076
