times:
  edit-metadata: 1.600212961435318
  landing: 1.0125967860221863
  view-data: 3.404497191309929
