times:
  edit-metadata: 0.5141523239944945
  landing: 0.06875208999554161
  view-data: 0.24308352699881652
