times:
  edit-metadata: 1.4428472770377994
  landing: 0.8360369929578155
  view-data: 3.335934601025656
