times:
  edit-metadata: 1.5387838147580624
  landing: 0.9567671343684196
  view-data: 3.36577620357275
