times:
  edit-metadata: 1.5057463757693768
  landing: 0.7917831353843212
  view-data: 3.4308538045734167
