times:
  edit-metadata: 1.3652428570203483
  landing: 0.8007062469841912
  view-data: 3.4005704580340534
