times:
  edit-metadata: 0.5174173519480973
  landing: 0.05767212016507983
  view-data: 0.3445930830202997
