times:
  edit-metadata: 1.446325414115563
  landing: 0.7634851990733296
  view-data: 3.342638213885948
