times:
  edit-metadata: 1.4258767403662205
  landing: 0.12280108965933323
  view-data: 0.33628130331635475
