times:
  edit-metadata: 1.7045649400024558
  landing: 0.25469051099935314
  view-data: 0.5333634249982424
