times:
  edit-metadata: 1.337810430675745
  landing: 0.885423269122839
  view-data: 3.3222944661974907
