times:
  edit-metadata: 1.4364738296717405
  landing: 0.02116757445037365
  view-data: 0.026697788387537003
