times:
  edit-metadata: 2.0607669856399298
  landing: 1.2312190551310778
  view-data: 3.677930945530534
