times:
  edit-metadata: 1.4198155254125595
  landing: 1.08250043541193
  view-data: 0.973349142819643
