times:
  edit-metadata: 1.5124767906963825
  landing: 0.8837622031569481
  view-data: 3.2973431199789047
