times:
  edit-metadata: 1.8708627400919795
  landing: 1.0956449564546347
  view-data: 3.4891502186656
