times:
  edit-metadata: 1.3161614648997784
  landing: 0.7363532520830631
  view-data: 3.328323520720005
