times:
  edit-metadata: 1.3822569474577904
  landing: 0.7883412726223469
  view-data: 3.263594478368759
