times:
  edit-metadata: 1.3535299971699715
  landing: 0.8969794437289238
  view-data: 3.3537132553756237
