times:
  edit-metadata: 1.9006914999336004
  landing: 1.8045403137803078
  view-data: 3.801079349592328
