times:
  edit-metadata: 1.4715620446950197
  landing: 0.1471843421459198
  view-data: 0.12874262779951096
