times:
  edit-metadata: 1.7869398463517427
  landing: 0.22121108695864677
  view-data: 0.4475411158055067
