times:
  edit-metadata: 1.967782175168395
  landing: 0.21275299042463303
  view-data: 0.4184389468282461
