times:
  edit-metadata: 1.4120966047048569
  landing: 0.7953425273299217
  view-data: 3.386969717219472
