times:
  edit-metadata: 1.7738106790930033
  landing: 0.022131510078907013
  view-data: 0.373155215755105
