times:
  edit-metadata: 1.3657973036170006
  landing: 0.830988347530365
  view-data: 3.2973966039717197
