times:
  edit-metadata: 0.5274480789958034
  landing: 0.0931385500007309
  view-data: 0.22776458199950866
