times:
  edit-metadata: 1.3523742351680994
  landing: 0.15181789360940456
  view-data: 0.36709449253976345
