times:
  edit-metadata: 0.7896845671348274
  landing: 0.06452853977680206
  view-data: 0.24939503706991673
