times:
  edit-metadata: 1.9971177391707897
  landing: 1.1239655558019876
  view-data: 3.490810064598918
