times:
  edit-metadata: 1.251619415357709
  landing: 0.8017186410725117
  view-data: 3.4159265384078026
