times:
  edit-metadata: 1.4376515876501799
  landing: 0.11724309995770454
  view-data: 0.36640340089797974
