times:
  edit-metadata: 0.5339231791440398
  landing: 0.048765745013952255
  view-data: 0.23328242683783174
