times:
  edit-metadata: 1.5902660861611366
  landing: 0.9224532544612885
  view-data: 3.3176756240427494
