times:
  edit-metadata: 1.5411929823458195
  landing: 0.881294596940279
  view-data: 3.455827172845602
