times:
  edit-metadata: 0.5087837179889902
  landing: 0.07382216199766845
  view-data: 0.22527517296839505
