times:
  edit-metadata: 0.5151082249358296
  landing: 0.04339443892240524
  view-data: 0.21739333402365446
