times:
  edit-metadata: 2.437807595357299
  landing: 1.428885703906417
  view-data: 3.64580780826509
