times:
  edit-metadata: 0.5136850849958137
  landing: 0.0494373039691709
  view-data: 0.2235220749862492
