times:
  edit-metadata: 1.437537308782339
  landing: 0.9883581586182117
  view-data: 3.314053077250719
