times:
  edit-metadata: 1.333276852965355
  landing: 0.8315976485610008
  view-data: 3.4006513245403767
