times:
  edit-metadata: 1.6961355917155743
  landing: 0.7563069574534893
  view-data: 3.3845662120729685
