times:
  edit-metadata: 1.452522723004222
  landing: 0.9043665820499882
  view-data: 3.3972965819993988
