times:
  edit-metadata: 1.4936357950791717
  landing: 0.8121027548331767
  view-data: 3.409298727987334
