times:
  edit-metadata: 1.3152642156928778
  landing: 0.7329107113182545
  view-data: 3.3167693559080362
