times:
  edit-metadata: 1.9863403737545013
  landing: 1.1133513138629496
  view-data: 3.4674527109600604
