times:
  edit-metadata: 1.3693133918568492
  landing: 0.8114310139790177
  view-data: 3.3185106879100204
