times:
  edit-metadata: 1.469373743981123
  landing: 0.018946699798107147
  view-data: 0.13972187973558903
