times:
  edit-metadata: 1.5074133276939392
  landing: 0.2594221606850624
  view-data: 0.024106407538056374
