times:
  edit-metadata: 1.5233527245000005
  landing: 0.7679320136085153
  view-data: 3.3754035150632262
