times:
  edit-metadata: 1.3899352829903364
  landing: 0.01976524479687214
  view-data: 0.022867200896143913
