times:
  edit-metadata: 1.4393520019948483
  landing: 0.897216685116291
  view-data: 3.331997636705637
