times:
  edit-metadata: 1.349862840026617
  landing: 0.9583868570625782
  view-data: 3.3546736016869545
