times:
  edit-metadata: 1.5309379175305367
  landing: 0.7936330437660217
  view-data: 3.3102788757532835
