times:
  edit-metadata: 1.3983446806669235
  landing: 1.0505628190003335
  view-data: 3.4397967122495174
