times:
  edit-metadata: 0.5074950509588234
  landing: 0.049272010975982994
  view-data: 0.22063509101280943
