times:
  edit-metadata: 0.5235081538558006
  landing: 0.04960575606673956
  view-data: 0.2201349250972271
