times:
  edit-metadata: 1.729777435772121
  landing: 1.2228071428835392
  view-data: 3.3053279761224985
