times:
  edit-metadata: 1.740237770602107
  landing: 0.9645124124363065
  view-data: 3.350646552629769
