times:
  edit-metadata: 1.3818662241101265
  landing: 0.8542847502976656
  view-data: 3.422538623213768
