times:
  edit-metadata: 1.7975649274885654
  landing: 1.1041164174675941
  view-data: 3.3654597252607346
