times:
  edit-metadata: 1.4309316966682673
  landing: 0.7608724720776081
  view-data: 3.4066934809088707
