times:
  edit-metadata: 1.3602135507389903
  landing: 0.8578250342980027
  view-data: 3.393968926742673
