times:
  edit-metadata: 2.429110813885927
  landing: 1.2331830356270075
  view-data: 4.095326425507665
