times:
  edit-metadata: 1.385500842705369
  landing: 0.23169497586786747
  view-data: 0.3415956422686577
