times:
  edit-metadata: 1.4328940610866994
  landing: 0.8987328058574349
  view-data: 3.392388961976394
