times:
  edit-metadata: 0.5299237020080909
  landing: 0.07367087400052696
  view-data: 0.26297038700431585
