times:
  edit-metadata: 1.519500806927681
  landing: 0.020811285823583603
  view-data: 0.02749555930495262
