times:
  edit-metadata: 1.5434882044792175
  landing: 1.0216673575341702
  view-data: 3.3568017184734344
