times:
  edit-metadata: 1.4124385975301266
  landing: 0.9098996482789516
  view-data: 0.8453573808073997
