times:
  edit-metadata: 1.5105653159553185
  landing: 0.9224078700644895
  view-data: 3.3344203990418464
