times:
  edit-metadata: 1.5178620209917426
  landing: 1.1332762138918042
  view-data: 3.47009452059865
