times:
  edit-metadata: 1.3590558432042599
  landing: 0.02289549820125103
  view-data: 0.39106569439172745
