times:
  edit-metadata: 1.3416678183712065
  landing: 0.9564350522123277
  view-data: 3.3275520321913064
