times:
  edit-metadata: 1.4499492887407541
  landing: 0.2425253763794899
  view-data: 0.3030771743506193
