times:
  edit-metadata: 1.3449614569544792
  landing: 0.8114137686789036
  view-data: 3.345578473061323
