times:
  edit-metadata: 1.452294072136283
  landing: 0.021769458428025246
  view-data: 0.14557992294430733
