times:
  edit-metadata: 1.4374948907643557
  landing: 0.14038336835801601
  view-data: 0.3105791937559843
