times:
  edit-metadata: 1.499437376856804
  landing: 0.7027692645788193
  view-data: 3.3756959307938814
