times:
  edit-metadata: 0.538237466942519
  landing: 0.06237302627414465
  view-data: 0.2135544391348958
