times:
  edit-metadata: 1.4218171313405037
  landing: 0.7173287067562342
  view-data: 3.369438799098134
