times:
  edit-metadata: 1.371594700962305
  landing: 0.719201996922493
  view-data: 3.3857613876461983
