times:
  edit-metadata: 1.725441426038742
  landing: 1.0175252854824066
  view-data: 3.3352966383099556
