times:
  edit-metadata: 1.5340287536382675
  landing: 1.0602356046438217
  view-data: 3.4769986793398857
