times:
  edit-metadata: 1.7362548112869263
  landing: 1.104030579328537
  view-data: 3.506856095045805
