times:
  edit-metadata: 1.3989091105759144
  landing: 0.7330115772783756
  view-data: 3.321649294346571
