times:
  edit-metadata: 1.4916579499840736
  landing: 0.7208438534289598
  view-data: 3.355184458196163
