times:
  edit-metadata: 2.3129868768155575
  landing: 1.260177668184042
  view-data: 3.4732505083084106
