times:
  edit-metadata: 1.4870690908282995
  landing: 1.965407207608223
  view-data: 3.4134520776569843
