times:
  edit-metadata: 1.642385620623827
  landing: 0.277430210262537
  view-data: 0.1627474706619978
