times:
  edit-metadata: 1.4115265449509025
  landing: 0.9169909590855241
  view-data: 3.372188698966056
