times:
  edit-metadata: 1.5279084965586662
  landing: 0.8459034338593483
  view-data: 3.3864812664687634
