times:
  edit-metadata: 1.4939675889909267
  landing: 0.7538346573710442
  view-data: 3.3823623415082693
