times:
  edit-metadata: 0.5110787700396031
  landing: 0.05254051205702126
  view-data: 0.21733720798511058
