times:
  edit-metadata: 1.4495267663151026
  landing: 0.019620105624198914
  view-data: 0.34714887849986553
