times:
  edit-metadata: 0.5435092365369201
  landing: 0.04941652296110988
  view-data: 0.21644227113574743
