times:
  edit-metadata: 1.426595101132989
  landing: 0.14665942080318928
  view-data: 0.13880620524287224
