times:
  edit-metadata: 1.5939968135207891
  landing: 0.830061461776495
  view-data: 3.3590466286987066
