times:
  edit-metadata: 0.5108407760271803
  landing: 0.044971605064347386
  view-data: 0.22090021707117558
