times:
  edit-metadata: 0.5026458082720637
  landing: 0.04794732807204127
  view-data: 0.2083550300449133
