times:
  edit-metadata: 0.5169819759903476
  landing: 0.064717250992544
  view-data: 0.2605316399713047
