times:
  edit-metadata: 0.5062151669990271
  landing: 0.06655470401165076
  view-data: 0.5184873540129047
