times:
  edit-metadata: 1.9352269591763616
  landing: 0.9606972094625235
  view-data: 3.5494241835549474
