times:
  edit-metadata: 1.6900430526584387
  landing: 0.97965725697577
  view-data: 3.4429662181064487
