times:
  edit-metadata: 1.7100952919572592
  landing: 0.27239834517240524
  view-data: 0.1670645847916603
