times:
  edit-metadata: 1.4790527373552322
  landing: 0.9585029557347298
  view-data: 3.3391925916075706
