times:
  edit-metadata: 1.2916505499742925
  landing: 0.8992779110558331
  view-data: 3.4140120781958103
