times:
  edit-metadata: 1.5937823560088873
  landing: 0.27574940398335457
  view-data: 0.1242433674633503
