times:
  edit-metadata: 1.4502031235024333
  landing: 0.8186499727889895
  view-data: 3.405625570565462
