times:
  edit-metadata: 1.474746000021696
  landing: 0.16435855813324451
  view-data: 0.27912461571395397
