times:
  edit-metadata: 1.9739194363355637
  landing: 0.20139553397893906
  view-data: 0.5890612695366144
