times:
  edit-metadata: 3.0306330155581236
  landing: 2.6389227816835046
  view-data: 3.653226651251316
