times:
  edit-metadata: 0.529332707170397
  landing: 0.06761230807751417
  view-data: 0.20592147205024958
