times:
  edit-metadata: 1.5219453983008862
  landing: 0.7574033830314875
  view-data: 3.4161402732133865
