times:
  edit-metadata: 0.5276847146451473
  landing: 0.049021956976503134
  view-data: 0.21017953008413315
