times:
  edit-metadata: 1.3591132459696382
  landing: 0.7923146227840334
  view-data: 3.3310640689451247
