times:
  edit-metadata: 1.369186220690608
  landing: 0.020069215446710587
  view-data: 0.028526848182082176
