times:
  edit-metadata: 1.458792194724083
  landing: 0.799879364669323
  view-data: 3.370729736983776
