times:
  edit-metadata: 1.5261013805866241
  landing: 0.9576359167695045
  view-data: 3.3821740709245205
