times:
  edit-metadata: 1.5469254702329636
  landing: 0.9784188866615295
  view-data: 3.370074048638344
