times:
  edit-metadata: 2.9348406614735723
  landing: 1.3241212228313088
  view-data: 5.532746096141636
