times:
  edit-metadata: 0.5140084449958522
  landing: 0.07277251698542386
  view-data: 0.3842679980152752
