times:
  edit-metadata: 1.369042819365859
  landing: 0.8505813488736749
  view-data: 3.368546328507364
