times:
  edit-metadata: 1.374431300908327
  landing: 0.8178463708609343
  view-data: 3.4284934047609568
