times:
  edit-metadata: 1.9230392668396235
  landing: 0.4206049721688032
  view-data: 0.4390406757593155
