times:
  edit-metadata: 1.4775417931377888
  landing: 0.19055148772895336
  view-data: 0.024947552010416985
