times:
  edit-metadata: 1.5278923269361258
  landing: 0.11881123296916485
  view-data: 0.3432959821075201
