times:
  edit-metadata: 1.4375574216246605
  landing: 0.991029180586338
  view-data: 3.2612278908491135
