times:
  edit-metadata: 1.4309974610805511
  landing: 0.8255677903071046
  view-data: 3.3431366812437773
