times:
  edit-metadata: 0.8570976718328893
  landing: 0.05163549305871129
  view-data: 0.3418789110146463
