times:
  edit-metadata: 1.355978850275278
  landing: 0.9235125780105591
  view-data: 3.3354721292853355
