times:
  edit-metadata: 0.5067704049870372
  landing: 0.05087126896250993
  view-data: 0.22673797595780343
