times:
  edit-metadata: 1.4323025587946177
  landing: 0.023729102686047554
  view-data: 0.02652890607714653
