times:
  edit-metadata: 2.387044632807374
  landing: 1.2346037440001965
  view-data: 3.3606915213167667
