times:
  edit-metadata: 0.5902248052880168
  landing: 0.09031240688636899
  view-data: 0.24062716215848923
