times:
  edit-metadata: 1.5986192002892494
  landing: 1.1530763693153858
  view-data: 3.3776410780847073
