times:
  edit-metadata: 1.3883111346513033
  landing: 0.7682206109166145
  view-data: 3.321272486820817
