times:
  edit-metadata: 1.948316989466548
  landing: 1.6526016369462013
  view-data: 3.4303680136799812
