times:
  edit-metadata: 1.5759622231125832
  landing: 0.9281186275184155
  view-data: 3.3079953007400036
