times:
  edit-metadata: 1.3481292389333248
  landing: 0.13068628311157227
  view-data: 0.02554408088326454
