times:
  edit-metadata: 0.5145938992500305
  landing: 0.05092607019469142
  view-data: 0.23648902773857117
