times:
  edit-metadata: 0.5268299630843103
  landing: 0.05434074788354337
  view-data: 0.24669608590193093
