times:
  edit-metadata: 1.3677004696801305
  landing: 0.8664806811138988
  view-data: 3.372948382049799
