times:
  edit-metadata: 1.6063951700925827
  landing: 0.021478570997714996
  view-data: 0.1257153730839491
