times:
  edit-metadata: 0.7862918227910995
  landing: 0.07106644613668323
  view-data: 0.35701653314754367
