times:
  edit-metadata: 1.690536167472601
  landing: 1.1728550568223
  view-data: 3.3419541753828526
