times:
  edit-metadata: 1.435715289786458
  landing: 0.8397804815322161
  view-data: 3.348019987344742
