times:
  edit-metadata: 0.5112876268103719
  landing: 0.0469280369579792
  view-data: 0.24353251699358225
