times:
  edit-metadata: 1.5113227171823382
  landing: 0.794673815369606
  view-data: 3.339446705766022
