times:
  edit-metadata: 1.4309040438383818
  landing: 0.12680534087121487
  view-data: 0.026257134974002838
