times:
  edit-metadata: 1.4270206298679113
  landing: 0.02111187018454075
  view-data: 0.3483144473284483
