times:
  edit-metadata: 1.3977196365594864
  landing: 0.8741225358098745
  view-data: 3.3365472741425037
