times:
  edit-metadata: 1.3080261051654816
  landing: 0.7828404977917671
  view-data: 3.3252974413335323
