times:
  edit-metadata: 0.527597447973676
  landing: 0.05143839796073735
  view-data: 0.21751784591469914
