times:
  edit-metadata: 1.522171150892973
  landing: 0.8285411689430475
  view-data: 3.390280831605196
