times:
  edit-metadata: 0.49259736109524965
  landing: 0.07256618700921535
  view-data: 0.26905987272039056
