times:
  edit-metadata: 1.3775136955082417
  landing: 0.7544386275112629
  view-data: 0.6465000137686729
