times:
  edit-metadata: 1.413769449107349
  landing: 2.2022312339395285
  view-data: 3.388097134884447
