times:
  edit-metadata: 0.5470794099383056
  landing: 0.05736913112923503
  view-data: 0.2519141419325024
