times:
  edit-metadata: 1.496775321662426
  landing: 0.13506889156997204
  view-data: 0.1575542874634266
