times:
  edit-metadata: 1.5526136010885239
  landing: 0.8542268425226212
  view-data: 3.40041296929121
