times:
  edit-metadata: 0.5714065689826384
  landing: 0.059290300006978214
  view-data: 0.2150529480422847
