times:
  edit-metadata: 0.511388384969905
  landing: 0.053078349912539124
  view-data: 0.3367283900734037
