times:
  edit-metadata: 1.418622063472867
  landing: 0.7632078733295202
  view-data: 3.347504585981369
