times:
  edit-metadata: 0.5102419119793922
  landing: 0.04685681208502501
  view-data: 0.22890572005417198
