times:
  edit-metadata: 1.403570268303156
  landing: 0.17315895482897758
  view-data: 0.02270924672484398
