times:
  edit-metadata: 1.4522656053304672
  landing: 0.1897169779986143
  view-data: 0.301901213824749
