times:
  edit-metadata: 2.830617588944733
  landing: 1.7159983310848475
  view-data: 3.7767986627295613
