times:
  edit-metadata: 0.5764232450164855
  landing: 0.1744657880626619
  view-data: 0.27316125901415944
