times:
  edit-metadata: 1.7333805616945028
  landing: 1.5158606953918934
  view-data: 3.843672441318631
