times:
  edit-metadata: 1.4709792425855994
  landing: 1.005965270102024
  view-data: 3.4444630444049835
