times:
  edit-metadata: 1.288550521247089
  landing: 0.9336310401558876
  view-data: 3.296322817914188
