times:
  edit-metadata: 1.504276867955923
  landing: 0.9115221612155437
  view-data: 3.3905542492866516
