times:
  edit-metadata: 2.2097851149737835
  landing: 0.29426852241158485
  view-data: 0.5160083994269371
