times:
  edit-metadata: 2.021423637866974
  landing: 0.2850218955427408
  view-data: 0.031611982733011246
