times:
  edit-metadata: 1.53507686778903
  landing: 0.7842543665319681
  view-data: 3.3787066843360662
