times:
  edit-metadata: 1.4112327508628368
  landing: 0.7480920888483524
  view-data: 3.3035249933600426
