times:
  edit-metadata: 0.5226505289319903
  landing: 0.04552234290167689
  view-data: 0.3357805709820241
