times:
  edit-metadata: 1.3943981043994427
  landing: 0.7568979524075985
  view-data: 3.2828839868307114
