times:
  edit-metadata: 1.7715976797044277
  landing: 1.2827119454741478
  view-data: 3.394059991464019
