times:
  edit-metadata: 1.8383891619741917
  landing: 0.2756960019469261
  view-data: 0.055190300568938255
