times:
  edit-metadata: 1.4754787683486938
  landing: 0.026243189349770546
  view-data: 0.02362975664436817
