times:
  edit-metadata: 0.5226041520072613
  landing: 0.0466695659852121
  view-data: 0.22083620601915754
