times:
  edit-metadata: 1.3265959396958351
  landing: 0.8389046043157578
  view-data: 3.32767865434289
