times:
  edit-metadata: 1.4041137276217341
  landing: 0.7747437111102045
  view-data: 3.4296245658770204
