times:
  edit-metadata: 1.3961750883609056
  landing: 0.19989256374537945
  view-data: 0.322681887075305
