times:
  edit-metadata: 1.4714099820703268
  landing: 0.894285311922431
  view-data: 3.3811188526451588
