times:
  edit-metadata: 1.441214133054018
  landing: 0.18940072506666183
  view-data: 0.3289942033588886
