times:
  edit-metadata: 1.7589761577546597
  landing: 1.0218008533120155
  view-data: 3.2982590533792973
