times:
  edit-metadata: 1.54319117218256
  landing: 0.7664080131798983
  view-data: 3.3174522388726473
