times:
  edit-metadata: 1.4409175841137767
  landing: 0.8380150576122105
  view-data: 3.3573547010309994
