times:
  edit-metadata: 1.6846574135124683
  landing: 1.1727617420256138
  view-data: 3.4143474027514458
