times:
  edit-metadata: 1.9865754637867212
  landing: 0.20440209843218327
  view-data: 0.046700259670615196
