times:
  edit-metadata: 1.3355052471160889
  landing: 0.846329228952527
  view-data: 3.376063561066985
