times:
  edit-metadata: 1.3551233634352684
  landing: 0.14533616416156292
  view-data: 0.3311622589826584
