times:
  edit-metadata: 1.673286061733961
  landing: 0.20081353560090065
  view-data: 0.48099254444241524
