times:
  edit-metadata: 1.6817411985248327
  landing: 0.29177469573915005
  view-data: 0.36689555272459984
