times:
  edit-metadata: 0.7858116499846801
  landing: 0.06559769797604531
  view-data: 0.21344503498403355
