times:
  edit-metadata: 1.433133440092206
  landing: 0.8412524089217186
  view-data: 3.345765508711338
