times:
  edit-metadata: 1.400680216960609
  landing: 0.7389640472829342
  view-data: 3.36871765460819
