times:
  edit-metadata: 1.3659113496541977
  landing: 0.864993829280138
  view-data: 3.427897572517395
