times:
  edit-metadata: 1.5541278440505266
  landing: 0.1493106670677662
  view-data: 0.5695860292762518
