times:
  edit-metadata: 1.4124722443521023
  landing: 0.7707717288285494
  view-data: 3.3448196724057198
