times:
  edit-metadata: 1.4984629265964031
  landing: 0.8878614790737629
  view-data: 3.3776411153376102
