times:
  edit-metadata: 1.4259214270859957
  landing: 0.02042536623775959
  view-data: 0.31244376860558987
