times:
  edit-metadata: 1.427867315709591
  landing: 0.8239981653168797
  view-data: 3.41005783341825
