times:
  edit-metadata: 0.5267429309897125
  landing: 0.06468723295256495
  view-data: 0.23250557389110327
