times:
  edit-metadata: 2.4242408126592636
  landing: 1.4825637936592102
  view-data: 3.35061264783144
