times:
  edit-metadata: 2.040982708334923
  landing: 1.0837016515433788
  view-data: 3.31185145303607
