times:
  edit-metadata: 0.5137128117494285
  landing: 0.052056959830224514
  view-data: 0.21599751198664308
