times:
  edit-metadata: 0.508829602971673
  landing: 0.0457166382111609
  view-data: 0.23263693135231733
