times:
  edit-metadata: 1.5007876218296587
  landing: 0.7825783910229802
  view-data: 3.3681503972038627
