times:
  edit-metadata: 0.5373080910649151
  landing: 0.04791201185435057
  view-data: 0.2291618890594691
