times:
  edit-metadata: 1.5362633988261223
  landing: 0.755340613424778
  view-data: 3.3685874305665493
