times:
  edit-metadata: 1.5504511706531048
  landing: 0.8829745799303055
  view-data: 3.3307190872728825
