times:
  edit-metadata: 1.3277855925261974
  landing: 0.020215163007378578
  view-data: 0.022868573665618896
