times:
  edit-metadata: 1.3804654609411955
  landing: 0.9970626542344689
  view-data: 3.4228490069508553
