times:
  edit-metadata: 1.3702767677605152
  landing: 0.9504753276705742
  view-data: 3.385563898831606
