times:
  edit-metadata: 1.4082963466644287
  landing: 0.8781026750802994
  view-data: 3.3381816148757935
