times:
  edit-metadata: 1.5998918637633324
  landing: 0.2877728585153818
  view-data: 0.17094997875392437
