times:
  edit-metadata: 1.5396908596158028
  landing: 0.7311857026070356
  view-data: 3.3944404181092978
