times:
  edit-metadata: 1.672605786472559
  landing: 0.020988745614886284
  view-data: 0.13622932694852352
