times:
  edit-metadata: 1.3222614526748657
  landing: 0.8628898710012436
  view-data: 3.3274329639971256
