times:
  edit-metadata: 1.4390439875423908
  landing: 0.14042664133012295
  view-data: 0.026349317282438278
