times:
  edit-metadata: 0.6581618939526379
  landing: 0.04644386610016227
  view-data: 0.26099593564867973
