times:
  edit-metadata: 1.775934198871255
  landing: 0.8804843742400408
  view-data: 3.341569872573018
