times:
  edit-metadata: 0.5186073699733242
  landing: 0.06738304300233722
  view-data: 0.34048264095326886
