times:
  edit-metadata: 1.8832765687257051
  landing: 0.9436297472566366
  view-data: 3.7526450026780367
