times:
  edit-metadata: 1.5950326323509216
  landing: 1.0083407126367092
  view-data: 3.374613828957081
