times:
  edit-metadata: 1.3907440602779388
  landing: 0.8532159999012947
  view-data: 3.358533274382353
