times:
  edit-metadata: 1.4307429930195212
  landing: 0.7965226294472814
  view-data: 3.4919459484517574
