times:
  edit-metadata: 1.5195260420441628
  landing: 1.010350026190281
  view-data: 3.463624894618988
