times:
  edit-metadata: 2.668144041672349
  landing: 2.096090704202652
  view-data: 3.7196631226688623
