times:
  edit-metadata: 1.3655643952079117
  landing: 0.9336105929687619
  view-data: 3.3917688690125942
