times:
  edit-metadata: 1.5450847242027521
  landing: 0.8131283018738031
  view-data: 3.390133360400796
