times:
  edit-metadata: 1.3470894303172827
  landing: 0.02024710923433304
  view-data: 0.025065584108233452
