times:
  edit-metadata: 1.7034461796283722
  landing: 0.9027104433625937
  view-data: 3.3130490854382515
