times:
  edit-metadata: 0.5195583400782198
  landing: 0.044237985042855144
  view-data: 0.22257588990032673
