times:
  edit-metadata: 1.4813857953995466
  landing: 0.8988331519067287
  view-data: 3.381177296862006
