times:
  edit-metadata: 1.8050456382334232
  landing: 0.9375077933073044
  view-data: 3.3251699917018414
