times:
  edit-metadata: 1.5255190655589104
  landing: 0.9549625031650066
  view-data: 3.3842258267104626
