times:
  edit-metadata: 1.3803792539983988
  landing: 0.18630675226449966
  view-data: 0.023281194269657135
