times:
  edit-metadata: 1.513157108798623
  landing: 0.8710516579449177
  view-data: 3.4425532883033156
