times:
  edit-metadata: 1.4155951249413192
  landing: 0.7819881499744952
  view-data: 3.4166663670912385
