times:
  edit-metadata: 1.544553093612194
  landing: 0.9779196530580521
  view-data: 3.4296558760106564
