times:
  edit-metadata: 0.5124253178946674
  landing: 0.046397580998018384
  view-data: 0.26342028100043535
