times:
  edit-metadata: 1.4619113113731146
  landing: 0.9835026422515512
  view-data: 3.8672816734761
