times:
  edit-metadata: 1.3897277228534222
  landing: 0.8940596356987953
  view-data: 3.3046483024954796
