times:
  edit-metadata: 1.4164708339958452
  landing: 0.022544949024450034
  view-data: 0.03156431601382792
