times:
  edit-metadata: 1.3524923399090767
  landing: 0.7989764362573624
  view-data: 3.366833794862032
