times:
  edit-metadata: 1.4225935507565737
  landing: 0.15654787234961987
  view-data: 0.1251202318817377
