times:
  edit-metadata: 1.3410857915878296
  landing: 0.9419993907213211
  view-data: 3.3173991180956364
