times:
  edit-metadata: 1.6168694887310266
  landing: 0.17096883431077003
  view-data: 0.39330158196389675
