times:
  edit-metadata: 1.3301889598369598
  landing: 0.8545956462621689
  view-data: 3.3425909280776978
