times:
  edit-metadata: 1.4734653644263744
  landing: 0.8792573269456625
  view-data: 3.3697079718112946
