times:
  edit-metadata: 0.5306219980120659
  landing: 0.049660706892609596
  view-data: 0.22260344098322093
