times:
  edit-metadata: 1.7593620009720325
  landing: 1.20560909435153
  view-data: 3.5475171245634556
