times:
  edit-metadata: 0.5136630511842668
  landing: 0.07177378702908754
  view-data: 0.21605847775936127
