times:
  edit-metadata: 1.5084756398573518
  landing: 0.8549986528232694
  view-data: 3.3855123315006495
