times:
  edit-metadata: 1.5320265907794237
  landing: 0.8704122845083475
  view-data: 3.348132038488984
