times:
  edit-metadata: 1.5070145309437066
  landing: 0.7900587141048163
  view-data: 3.3317461099941283
