times:
  edit-metadata: 1.8124445676803589
  landing: 0.23707193695008755
  view-data: 0.42519376426935196
