times:
  edit-metadata: 1.5270837768912315
  landing: 0.8203280456364155
  view-data: 3.3901288583874702
