times:
  edit-metadata: 1.7189044505357742
  landing: 0.9831792376935482
  view-data: 3.4052475169301033
