times:
  edit-metadata: 1.6678755395114422
  landing: 0.9374266192317009
  view-data: 3.4865432623773813
