times:
  edit-metadata: 1.5504288859665394
  landing: 0.05246157385408878
  view-data: 0.1385284811258316
