times:
  edit-metadata: 1.5663967356085777
  landing: 0.2849068995565176
  view-data: 0.38502321392297745
