times:
  edit-metadata: 1.583480915054679
  landing: 0.8884277399629354
  view-data: 3.5997837651520967
