times:
  edit-metadata: 1.3150195577181876
  landing: 0.752523893956095
  view-data: 3.8848846829496324
