times:
  edit-metadata: 1.6202365159988403
  landing: 0.9678618796169758
  view-data: 3.3375236056745052
