times:
  edit-metadata: 0.5108718499541283
  landing: 0.08339876402169466
  view-data: 0.4246455547399819
