times:
  edit-metadata: 0.5125414356589317
  landing: 0.047738648019731045
  view-data: 0.21363850217312574
