times:
  edit-metadata: 3.005006056278944
  landing: 1.9448885098099709
  view-data: 1.012774407863617
