times:
  edit-metadata: 3.853475008159876
  landing: 3.102201759815216
  view-data: 3.801997784525156
