times:
  edit-metadata: 1.6349981483072042
  landing: 0.22019285522401333
  view-data: 0.42739076912403107
