times:
  edit-metadata: 1.478054167702794
  landing: 0.021943144500255585
  view-data: 0.026399750262498856
