times:
  edit-metadata: 0.5125450799823739
  landing: 0.0491768219799269
  view-data: 0.2517977749812417
