times:
  edit-metadata: 1.324756432324648
  landing: 0.7647678721696138
  view-data: 3.3851193077862263
