times:
  edit-metadata: 1.4520869627594948
  landing: 0.7253086306154728
  view-data: 3.3363943472504616
