times:
  edit-metadata: 3.8434742353856564
  landing: 1.7243634760379791
  view-data: 3.655471634119749
