times:
  edit-metadata: 1.3886171914637089
  landing: 0.23852952010929585
  view-data: 0.12426209636032581
