times:
  edit-metadata: 0.6380289889930282
  landing: 0.08953056100290269
  view-data: 0.23431155100115575
