times:
  edit-metadata: 1.3841103538870811
  landing: 0.02249586582183838
  view-data: 0.029971271753311157
