times:
  edit-metadata: 1.3790491111576557
  landing: 0.8105536885559559
  view-data: 3.3870231229811907
