times:
  edit-metadata: 0.5097406170098111
  landing: 0.04822788998717442
  view-data: 0.2193868819740601
