times:
  edit-metadata: 0.5152992110233754
  landing: 0.07926670101005584
  view-data: 0.21508911496493965
