times:
  edit-metadata: 1.4033864811062813
  landing: 0.9697918482124805
  view-data: 3.4287572726607323
