times:
  edit-metadata: 1.4984082281589508
  landing: 0.8047961397096515
  view-data: 3.2604643795639277
