times:
  edit-metadata: 1.482444379478693
  landing: 0.020183006301522255
  view-data: 0.02223355695605278
