times:
  edit-metadata: 1.4774687429890037
  landing: 0.88335165893659
  view-data: 4.36086144996807
