times:
  edit-metadata: 1.5093863811343908
  landing: 0.7266855873167515
  view-data: 3.367448015138507
