times:
  edit-metadata: 1.3367590196430683
  landing: 0.7959425337612629
  view-data: 3.3522468954324722
