times:
  edit-metadata: 1.932628646492958
  landing: 0.21731720864772797
  view-data: 0.1751998085528612
