times:
  edit-metadata: 1.4502403400838375
  landing: 1.1256156973540783
  view-data: 3.367399863898754
