times:
  edit-metadata: 1.3219153108075261
  landing: 0.8298534848727286
  view-data: 3.545085746794939
