times:
  edit-metadata: 1.3640292212367058
  landing: 0.9629007279872894
  view-data: 3.3343853428959846
