times:
  edit-metadata: 0.5459133090043906
  landing: 0.07985669499612413
  view-data: 0.25398779299575835
