times:
  edit-metadata: 1.4095851136371493
  landing: 0.8256634585559368
  view-data: 3.347698809579015
