times:
  edit-metadata: 1.3517375402152538
  landing: 0.8287878669798374
  view-data: 3.3241979591548443
