times:
  edit-metadata: 0.5389835970127024
  landing: 0.07897369202692062
  view-data: 0.2503226609551348
