times:
  edit-metadata: 1.5130405249074101
  landing: 0.8655334580689669
  view-data: 3.303197701461613
