times:
  edit-metadata: 1.564848953858018
  landing: 0.7590373679995537
  view-data: 3.393406931310892
