times:
  edit-metadata: 0.6655354518443346
  landing: 0.05823392188176513
  view-data: 0.2326956787146628
