times:
  edit-metadata: 0.6583185363560915
  landing: 0.05057790782302618
  view-data: 0.3049062299542129
