times:
  edit-metadata: 1.442582480609417
  landing: 0.02324002981185913
  view-data: 0.028040580451488495
