times:
  edit-metadata: 0.5889334889943711
  landing: 0.06084125698544085
  view-data: 0.21071384102106094
