times:
  edit-metadata: 1.3680415507405996
  landing: 0.12874549813568592
  view-data: 0.3266294915229082
