times:
  edit-metadata: 1.4128805454820395
  landing: 0.02121686562895775
  view-data: 0.3029733207076788
