times:
  edit-metadata: 0.5538066659937613
  landing: 0.05120990000432357
  view-data: 0.22858963202452287
