times:
  edit-metadata: 1.3916687276214361
  landing: 0.022569261491298676
  view-data: 0.027305468916893005
