times:
  edit-metadata: 1.9798578275367618
  landing: 0.250577581115067
  view-data: 0.2635931996628642
