times:
  edit-metadata: 1.9280890384688973
  landing: 1.575080642476678
  view-data: 3.7527726916596293
