times:
  edit-metadata: 1.3508878946304321
  landing: 0.9179887175559998
  view-data: 3.244484543800354
