times:
  edit-metadata: 0.5421267879428342
  landing: 0.06488517799880356
  view-data: 0.23150587501004338
