times:
  edit-metadata: 1.3850493859499693
  landing: 0.8841081634163857
  view-data: 3.398198150098324
