times:
  edit-metadata: 0.6661078159813769
  landing: 0.06159940198995173
  view-data: 0.280423770978814
