times:
  edit-metadata: 1.5656137466430664
  landing: 0.9764125756919384
  view-data: 3.3973175175487995
