times:
  edit-metadata: 1.2640795912593603
  landing: 0.8982915356755257
  view-data: 3.393199784681201
