times:
  edit-metadata: 1.6693727634847164
  landing: 1.2901380397379398
  view-data: 3.4017565473914146
