times:
  edit-metadata: 1.450556494295597
  landing: 0.8272402696311474
  view-data: 3.7555647660046816
