times:
  edit-metadata: 1.4380531832575798
  landing: 1.003751628100872
  view-data: 3.391927145421505
