times:
  edit-metadata: 0.5726362490095198
  landing: 0.06415732798632234
  view-data: 0.22039814910385758
