times:
  edit-metadata: 1.4092948359902948
  landing: 0.8163214579690248
  view-data: 3.3579242270207033
