times:
  edit-metadata: 0.543920987052843
  landing: 0.05560781783424318
  view-data: 0.2511576700489968
