times:
  edit-metadata: 0.580779270734638
  landing: 0.08492425223812461
  view-data: 0.3091378668323159
