times:
  edit-metadata: 1.3569037219276652
  landing: 0.7399404199095443
  view-data: 3.2618285960052162
