times:
  edit-metadata: 1.495435420423746
  landing: 0.7810654509812593
  view-data: 3.3746355045586824
