times:
  edit-metadata: 0.5016775289986981
  landing: 0.06151056800445076
  view-data: 0.2802760359918466
