times:
  edit-metadata: 1.7720086816698313
  landing: 0.057345520704984665
  view-data: 0.34294736571609974
