times:
  edit-metadata: 0.5182643109001219
  landing: 0.06607997207902372
  view-data: 0.22108804993331432
