times:
  edit-metadata: 1.494931422173977
  landing: 0.7203098200261593
  view-data: 3.342111185193062
