times:
  edit-metadata: 1.453479964286089
  landing: 0.18002016469836235
  view-data: 0.3128181993961334
