times:
  edit-metadata: 0.5137720378115773
  landing: 0.06155426613986492
  view-data: 0.21678459784016013
