times:
  edit-metadata: 1.401243626140058
  landing: 0.8561704587191343
  view-data: 3.2926004389300942
