times:
  edit-metadata: 1.5736250579357147
  landing: 0.7284898906946182
  view-data: 3.2984831482172012
