times:
  edit-metadata: 1.529287438839674
  landing: 0.7496270276606083
  view-data: 3.307209748774767
