times:
  edit-metadata: 1.4244635924696922
  landing: 0.7252376191318035
  view-data: 3.3799448050558567
