times:
  edit-metadata: 2.520469482988119
  landing: 1.3373157307505608
  view-data: 3.4401953481137753
