times:
  edit-metadata: 0.6894162530079484
  landing: 0.04785769619047642
  view-data: 0.33692545304074883
