times:
  edit-metadata: 1.3913438222371042
  landing: 0.8346979510970414
  view-data: 3.3563998639583588
