times:
  edit-metadata: 1.5908932611346245
  landing: 0.8870710283517838
  view-data: 3.412553584203124
