times:
  edit-metadata: 0.5448964256793261
  landing: 0.055153034161776304
  view-data: 0.45670801820233464
