times:
  edit-metadata: 1.3489469159394503
  landing: 0.7938472591340542
  view-data: 0.6117556616663933
