times:
  edit-metadata: 1.3756792917847633
  landing: 0.7628669142723083
  view-data: 3.287749156355858
