times:
  edit-metadata: 1.4657842721790075
  landing: 0.18582306429743767
  view-data: 0.3667240906506777
