times:
  edit-metadata: 1.4012126941233873
  landing: 0.019469471648335457
  view-data: 0.02303408831357956
