times:
  edit-metadata: 2.2161155827343464
  landing: 1.5080620143562555
  view-data: 3.441466759890318
