times:
  edit-metadata: 0.4999154629185796
  landing: 0.049922968028113246
  view-data: 0.23305672081187367
