times:
  edit-metadata: 1.416797198355198
  landing: 0.7008273862302303
  view-data: 3.3047566637396812
