times:
  edit-metadata: 0.5382201650063507
  landing: 0.04765135800698772
  view-data: 0.26829189498675987
