times:
  edit-metadata: 1.395732643082738
  landing: 0.017833473160862923
  view-data: 0.10309157148003578
