times:
  edit-metadata: 1.4209524281322956
  landing: 0.8734160624444485
  view-data: 3.3969043008983135
