times:
  edit-metadata: 1.4073238391429186
  landing: 0.1338280811905861
  view-data: 0.023162804543972015
