times:
  edit-metadata: 0.5083329190019867
  landing: 0.04694311400089646
  view-data: 0.213874974004284
