times:
  edit-metadata: 1.4169240072369576
  landing: 0.16464075073599815
  view-data: 0.3422739338129759
