times:
  edit-metadata: 2.128944545984268
  landing: 1.147317299619317
  view-data: 3.7459483090788126
