times:
  edit-metadata: 1.46962452493608
  landing: 0.746448902413249
  view-data: 3.4200649615377188
