times:
  edit-metadata: 0.5167862810194492
  landing: 0.0494262611027807
  view-data: 0.21845800685696304
