times:
  edit-metadata: 1.6905967788770795
  landing: 0.8843218814581633
  view-data: 3.2931861765682697
