times:
  edit-metadata: 0.546592754079029
  landing: 0.05245252698659897
  view-data: 0.2203418011777103
