times:
  edit-metadata: 1.4700426124036312
  landing: 0.7707432191818953
  view-data: 3.3438497316092253
