times:
  edit-metadata: 1.744657227769494
  landing: 0.022852638736367226
  view-data: 0.026850691065192223
