times:
  edit-metadata: 1.4808999635279179
  landing: 1.0119451619684696
  view-data: 3.4147834442555904
