times:
  edit-metadata: 4.264331245794892
  landing: 0.757241640239954
  view-data: 3.4108252692967653
