times:
  edit-metadata: 1.4804262798279524
  landing: 0.2568642068654299
  view-data: 0.34707687608897686
