times:
  edit-metadata: 0.6027118000201881
  landing: 0.08031014306470752
  view-data: 0.2911813142709434
