times:
  edit-metadata: 0.5605687010101974
  landing: 0.05300139612518251
  view-data: 0.23491532099433243
