times:
  edit-metadata: 1.3176267324015498
  landing: 0.7303595691919327
  view-data: 3.3853015154600143
