times:
  edit-metadata: 1.6231430023908615
  landing: 1.0644060634076595
  view-data: 3.4375970363616943
