times:
  edit-metadata: 0.5235481049994632
  landing: 0.054679467999449116
  view-data: 0.22494090599957417
