times:
  edit-metadata: 1.278551571071148
  landing: 0.7659632675349712
  view-data: 3.3508764132857323
