times:
  edit-metadata: 1.4342548111453652
  landing: 0.8659074790775776
  view-data: 3.3686657450161874
