times:
  edit-metadata: 1.56227408349514
  landing: 1.0740398727357388
  view-data: 3.3974408954381943
