times:
  edit-metadata: 1.3858756888657808
  landing: 0.020794745534658432
  view-data: 0.16233262047171593
