times:
  edit-metadata: 0.5291785798035562
  landing: 0.044269714038819075
  view-data: 0.24717639293521643
