times:
  edit-metadata: 1.6098120249807835
  landing: 0.9033148493617773
  view-data: 3.35738193243742
