times:
  edit-metadata: 1.6724852949846536
  landing: 1.1019194931723177
  view-data: 3.359024851117283
