times:
  edit-metadata: 1.3727737814188004
  landing: 0.8128170073032379
  view-data: 3.3383535109460354
