times:
  edit-metadata: 1.49137201346457
  landing: 0.7889148201793432
  view-data: 0.5711200814694166
