times:
  edit-metadata: 0.5002063600113615
  landing: 0.04889934207312763
  view-data: 0.2669153370661661
