times:
  edit-metadata: 0.5090398360043764
  landing: 0.05050158407539129
  view-data: 0.35045314906165004
