times:
  edit-metadata: 1.5031946990638971
  landing: 0.25689301639795303
  view-data: 0.16639961674809456
