times:
  edit-metadata: 1.540174523834139
  landing: 1.014644003007561
  view-data: 3.367460544221103
