times:
  edit-metadata: 1.412824608385563
  landing: 0.7132954485714436
  view-data: 3.3909067697823048
