times:
  edit-metadata: 1.5290968399494886
  landing: 0.7790100481361151
  view-data: 3.427365142852068
