times:
  edit-metadata: 1.4290285240858793
  landing: 0.19249889068305492
  view-data: 0.16929264552891254
