times:
  edit-metadata: 0.5094860139652155
  landing: 0.07506593700964004
  view-data: 0.2186916489736177
