times:
  edit-metadata: 1.5917441472411156
  landing: 0.9056137911975384
  view-data: 3.420042172074318
