times:
  edit-metadata: 1.6939338445663452
  landing: 0.2002670019865036
  view-data: 0.34571232087910175
