times:
  edit-metadata: 1.4422583680134267
  landing: 0.831317953998223
  view-data: 3.365707947872579
