times:
  edit-metadata: 0.5130720227025449
  landing: 0.046175998635590076
  view-data: 0.22475507436320186
