times:
  edit-metadata: 1.467402644455433
  landing: 0.1262071244418621
  view-data: 0.026938721537590027
