times:
  edit-metadata: 2.1550696725025773
  landing: 0.7585536362603307
  view-data: 3.365180970169604
