times:
  edit-metadata: 1.9685099970083684
  landing: 0.45115877903299406
  view-data: 0.4443872219999321
