times:
  edit-metadata: 1.4201943911612034
  landing: 0.9370972961187363
  view-data: 3.3451635353267193
