times:
  edit-metadata: 1.4952934496104717
  landing: 0.7367960754781961
  view-data: 3.3801590837538242
