times:
  edit-metadata: 1.3804935701191425
  landing: 0.9447294250130653
  view-data: 0.6416786015033722
