times:
  edit-metadata: 0.5885520540177822
  landing: 0.05696904193609953
  view-data: 0.23242720391135663
