times:
  edit-metadata: 1.5171172674745321
  landing: 0.7884542234241962
  view-data: 3.3830346651375294
