times:
  edit-metadata: 1.9955527316778898
  landing: 0.4415576457977295
  view-data: 0.5629707537591457
