times:
  edit-metadata: 2.185155663639307
  landing: 1.0255622677505016
  view-data: 3.4012818783521652
