times:
  edit-metadata: 0.5108944620005786
  landing: 0.08114817598834634
  view-data: 0.22003138400032185
