times:
  edit-metadata: 2.3964521419256926
  landing: 1.4135854579508305
  view-data: 3.507620530202985
