times:
  edit-metadata: 1.4610672891139984
  landing: 0.9706322960555553
  view-data: 3.3596957214176655
