times:
  edit-metadata: 1.414165398105979
  landing: 0.18919476866722107
  view-data: 0.03041640669107437
