times:
  edit-metadata: 1.4142998903989792
  landing: 0.7492322977632284
  view-data: 3.34900067653507
