times:
  edit-metadata: 1.4238233715295792
  landing: 0.8778190687298775
  view-data: 3.3738927505910397
