times:
  edit-metadata: 1.2953882962465286
  landing: 0.9630351737141609
  view-data: 3.4520406872034073
