times:
  edit-metadata: 1.309821754693985
  landing: 0.8040322065353394
  view-data: 3.476132594048977
