times:
  edit-metadata: 1.469273678958416
  landing: 0.7567236497998238
  view-data: 3.437838315963745
