times:
  edit-metadata: 1.4129037261009216
  landing: 0.7899159714579582
  view-data: 3.4462243914604187
