times:
  edit-metadata: 1.5406188257038593
  landing: 0.8912171274423599
  view-data: 3.349883072078228
