times:
  edit-metadata: 1.4138242043554783
  landing: 0.8243476264178753
  view-data: 3.323219917714596
