times:
  edit-metadata: 1.3524340242147446
  landing: 0.8087402656674385
  view-data: 3.2842541970312595
