times:
  edit-metadata: 1.5441769063472748
  landing: 0.9055333808064461
  view-data: 3.3031385838985443
