times:
  edit-metadata: 1.413222286850214
  landing: 0.809788852930069
  view-data: 3.3747323118150234
