times:
  edit-metadata: 1.4532485231757164
  landing: 0.9314051494002342
  view-data: 3.4597788006067276
