times:
  edit-metadata: 1.3531983271241188
  landing: 0.8062575608491898
  view-data: 3.433727487921715
