times:
  edit-metadata: 1.403301939368248
  landing: 0.8794495910406113
  view-data: 3.2895557656884193
