times:
  edit-metadata: 1.4088845700025558
  landing: 0.7861301675438881
  view-data: 3.545927256345749
