times:
  edit-metadata: 1.5101759508252144
  landing: 0.8106958121061325
  view-data: 3.418940857052803
