times:
  edit-metadata: 1.4386742413043976
  landing: 0.899348184466362
  view-data: 3.359887257218361
