times:
  edit-metadata: 1.437023002654314
  landing: 0.7933340333402157
  view-data: 3.3410062082111835
