times:
  edit-metadata: 1.4329366758465767
  landing: 0.874958872795105
  view-data: 3.465367667376995
