times:
  edit-metadata: 1.445011641830206
  landing: 0.850842785090208
  view-data: 3.3004326224327087
