times:
  edit-metadata: 1.499729160219431
  landing: 1.0585365146398544
  view-data: 3.334265612065792
