times:
  edit-metadata: 1.4577978290617466
  landing: 0.8174916058778763
  view-data: 3.2958401478827
