times:
  edit-metadata: 1.3951150812208652
  landing: 0.857594333589077
  view-data: 3.3433034606277943
