times:
  edit-metadata: 1.3743168637156487
  landing: 0.8405086100101471
  view-data: 3.4923861771821976
