times:
  edit-metadata: 1.5440690964460373
  landing: 0.9752117320895195
  view-data: 3.3311458341777325
