times:
  edit-metadata: 1.3497783653438091
  landing: 0.9853010140359402
  view-data: 3.292222995311022
