times:
  edit-metadata: 1.4559077322483063
  landing: 0.8376701325178146
  view-data: 3.497250013053417
