times:
  edit-metadata: 1.508527435362339
  landing: 0.7330586463212967
  view-data: 3.47516892850399
