times:
  edit-metadata: 1.358237735927105
  landing: 0.8630091473460197
  view-data: 3.4184255450963974
