times:
  edit-metadata: 1.4535629153251648
  landing: 0.8000457435846329
  view-data: 3.453228883445263
