times:
  edit-metadata: 1.5054817013442516
  landing: 0.834394995123148
  view-data: 3.4051324278116226
