times:
  edit-metadata: 1.3978762477636337
  landing: 0.8025881126523018
  view-data: 3.393574357032776
