times:
  edit-metadata: 1.4013722240924835
  landing: 0.7696193754673004
  view-data: 3.4941324070096016
