times:
  edit-metadata: 1.3919345885515213
  landing: 0.755414567887783
  view-data: 3.4697749242186546
