times:
  edit-metadata: 1.4174525924026966
  landing: 0.970824159681797
  view-data: 3.334700468927622
