times:
  edit-metadata: 1.4010166376829147
  landing: 0.8217708244919777
  view-data: 3.5293470844626427
