times:
  edit-metadata: 1.3726892359554768
  landing: 0.8043341524899006
  view-data: 3.308330312371254
