times:
  edit-metadata: 1.3915960267186165
  landing: 0.7878439426422119
  view-data: 3.4823394641280174
