times:
  edit-metadata: 1.8418040052056313
  landing: 1.0731770768761635
  view-data: 3.3737617880105972
