times:
  edit-metadata: 1.396378442645073
  landing: 0.8118927180767059
  view-data: 3.355255715548992
