times:
  edit-metadata: 1.3557018861174583
  landing: 0.8449214771389961
  view-data: 3.4348532781004906
