times:
  edit-metadata: 1.6175582222640514
  landing: 0.9416151791810989
  view-data: 3.3027311004698277
