times:
  edit-metadata: 1.4701025113463402
  landing: 0.8415835425257683
  view-data: 3.5338553860783577
