times:
  edit-metadata: 1.5745260268449783
  landing: 0.7895665019750595
  view-data: 3.2912645265460014
