times:
  edit-metadata: 1.4319994747638702
  landing: 0.8678762502968311
  view-data: 3.3126055225729942
