times:
  edit-metadata: 1.5975863225758076
  landing: 0.9329408071935177
  view-data: 3.2835426069796085
