times:
  edit-metadata: 1.4344963021576405
  landing: 0.8450085930526257
  view-data: 3.314594704657793
