times:
  edit-metadata: 1.3510454967617989
  landing: 0.7354390323162079
  view-data: 3.2951836436986923
