times:
  edit-metadata: 1.4110380932688713
  landing: 0.888422504067421
  view-data: 3.512459360063076
