times:
  edit-metadata: 1.3737117275595665
  landing: 0.9498639777302742
  view-data: 3.508558675646782
