times:
  edit-metadata: 1.5055467411875725
  landing: 0.9696451649069786
  view-data: 3.329329304397106
