times:
  edit-metadata: 2.011852327734232
  landing: 1.3835988603532314
  view-data: 3.4179597571492195
