times:
  edit-metadata: 1.3888737559318542
  landing: 0.7925183773040771
  view-data: 3.4715177789330482
