times:
  edit-metadata: 1.481310747563839
  landing: 0.822443388402462
  view-data: 3.295065902173519
