times:
  edit-metadata: 1.4128571189939976
  landing: 0.8317199982702732
  view-data: 3.3295906595885754
