times:
  edit-metadata: 1.3920976035296917
  landing: 0.9260510168969631
  view-data: 3.250861808657646
