times:
  edit-metadata: 1.3789384365081787
  landing: 0.7452932223677635
  view-data: 3.47059416025877
