times:
  edit-metadata: 1.509266883134842
  landing: 0.8235291391611099
  view-data: 3.5228686332702637
