times:
  edit-metadata: 1.3838305212557316
  landing: 0.8041669465601444
  view-data: 3.330344323068857
