times:
  edit-metadata: 1.4717466160655022
  landing: 0.7278851866722107
  view-data: 3.522685185074806
