times:
  edit-metadata: 1.632506750524044
  landing: 1.0249307602643967
  view-data: 3.6336886435747147
