times:
  edit-metadata: 1.4299627244472504
  landing: 0.9177228808403015
  view-data: 3.4175505489110947
