times:
  edit-metadata: 1.4491251930594444
  landing: 0.8720769584178925
  view-data: 3.4979892149567604
