times:
  edit-metadata: 1.3841891065239906
  landing: 0.6990829706192017
  view-data: 3.434798926115036
