times:
  edit-metadata: 1.5011138543486595
  landing: 0.9255866706371307
  view-data: 3.48806494474411
