times:
  edit-metadata: 1.7192658111453056
  landing: 1.059615544974804
  view-data: 3.4543227031826973
