times:
  edit-metadata: 2.1252451464533806
  landing: 1.0267260894179344
  view-data: 3.4289445504546165
