times:
  edit-metadata: 1.400018334388733
  landing: 0.8414262868463993
  view-data: 3.2993853874504566
