times:
  edit-metadata: 1.4361971467733383
  landing: 0.7680059038102627
  view-data: 3.301972519606352
