times:
  edit-metadata: 1.4534840732812881
  landing: 0.8443973883986473
  view-data: 3.2764423303306103
