times:
  edit-metadata: 1.4954127669334412
  landing: 0.835922084748745
  view-data: 3.360570415854454
