times:
  edit-metadata: 1.3219869881868362
  landing: 0.9433341473340988
  view-data: 3.4440197870135307
