times:
  edit-metadata: 1.331578589975834
  landing: 0.7303969338536263
  view-data: 3.483867309987545
