times:
  edit-metadata: 1.4295810088515282
  landing: 0.7924804463982582
  view-data: 3.4023939818143845
