times:
  edit-metadata: 1.3945017904043198
  landing: 0.7717067822813988
  view-data: 3.247858412563801
