times:
  edit-metadata: 1.3847195208072662
  landing: 0.8066982589662075
  view-data: 3.2994041107594967
