times:
  edit-metadata: 1.474048674106598
  landing: 0.8952388316392899
  view-data: 3.3455128893256187
