times:
  edit-metadata: 1.5318002365529537
  landing: 0.8819582797586918
  view-data: 3.3940972648561
