times:
  edit-metadata: 1.4367753714323044
  landing: 0.8130431324243546
  view-data: 3.4921226128935814
