times:
  edit-metadata: 1.446103647351265
  landing: 0.7352895587682724
  view-data: 3.452644482254982
