times:
  edit-metadata: 1.3670673444867134
  landing: 0.7801910936832428
  view-data: 3.4456949084997177
