times:
  edit-metadata: 1.3742524683475494
  landing: 0.7554614394903183
  view-data: 3.4636920392513275
