times:
  edit-metadata: 1.5453940518200397
  landing: 0.8556546941399574
  view-data: 3.2955826558172703
