times:
  edit-metadata: 1.3349308967590332
  landing: 0.7602633759379387
  view-data: 3.4512724578380585
