times:
  edit-metadata: 1.5404006466269493
  landing: 0.7765011861920357
  view-data: 3.3016368374228477
