times:
  edit-metadata: 2.341974165290594
  landing: 1.4440275244414806
  view-data: 3.502503789961338
