times:
  edit-metadata: 1.4434996917843819
  landing: 0.8570265620946884
  view-data: 3.353439137339592
