times:
  edit-metadata: 1.5982345081865788
  landing: 0.9831264019012451
  view-data: 3.8384973034262657
