times:
  edit-metadata: 1.5490387417376041
  landing: 1.2156505919992924
  view-data: 3.3336715549230576
