times:
  edit-metadata: 1.471641257405281
  landing: 0.7231876961886883
  view-data: 3.332564752548933
