times:
  edit-metadata: 1.4718663170933723
  landing: 0.9576559215784073
  view-data: 3.4923719614744186
