times:
  edit-metadata: 1.3845897763967514
  landing: 0.9050444886088371
  view-data: 3.419258862733841
