times:
  edit-metadata: 1.5211885944008827
  landing: 1.1798125505447388
  view-data: 3.450670041143894
