times:
  edit-metadata: 1.3468143455684185
  landing: 0.7552769891917706
  view-data: 3.3183814883232117
