times:
  edit-metadata: 1.430659867823124
  landing: 0.7483337372541428
  view-data: 3.422601155936718
