times:
  edit-metadata: 2.1417232900857925
  landing: 1.2284072563052177
  view-data: 3.5342469960451126
