times:
  edit-metadata: 1.4672612734138966
  landing: 0.8296489641070366
  view-data: 3.326926302164793
