times:
  edit-metadata: 1.3479743637144566
  landing: 0.8515759259462357
  view-data: 3.3022477068006992
