times:
  edit-metadata: 1.408909134566784
  landing: 0.7041636183857918
  view-data: 3.5103303268551826
