times:
  edit-metadata: 1.3641783744096756
  landing: 0.8236454501748085
  view-data: 3.3144760206341743
