times:
  edit-metadata: 1.3843171671032906
  landing: 0.8388707116246223
  view-data: 3.382186621427536
