times:
  edit-metadata: 1.3990424573421478
  landing: 0.7513461038470268
  view-data: 3.4510814175009727
