times:
  edit-metadata: 1.3954532742500305
  landing: 0.8222627118229866
  view-data: 3.4697026908397675
