times:
  edit-metadata: 1.8266892954707146
  landing: 0.9109641462564468
  view-data: 3.386414360255003
