times:
  edit-metadata: 1.3555385172367096
  landing: 0.7837393879890442
  view-data: 3.4187841713428497
