times:
  edit-metadata: 1.4101046547293663
  landing: 0.7410080060362816
  view-data: 3.2769573256373405
