times:
  edit-metadata: 1.662914790213108
  landing: 1.0870492234826088
  view-data: 3.726914331316948
