times:
  edit-metadata: 1.4027618989348412
  landing: 0.8834499791264534
  view-data: 3.5221879556775093
