times:
  edit-metadata: 1.6919296979904175
  landing: 1.086440198123455
  view-data: 3.375283069908619
