times:
  edit-metadata: 1.436305820941925
  landing: 0.8318224996328354
  view-data: 3.299757771193981
