times:
  edit-metadata: 1.441440463066101
  landing: 0.8165077641606331
  view-data: 3.319619335234165
