times:
  edit-metadata: 1.4451023638248444
  landing: 0.7542723715305328
  view-data: 3.3877347633242607
