times:
  edit-metadata: 2.030551578849554
  landing: 1.0547867603600025
  view-data: 3.315289881080389
