times:
  edit-metadata: 1.5131041258573532
  landing: 0.9509156718850136
  view-data: 3.5658034160733223
