times:
  edit-metadata: 1.415483795106411
  landing: 0.7947142049670219
  view-data: 3.542413577437401
