times:
  edit-metadata: 1.358129732310772
  landing: 0.7787558510899544
  view-data: 3.453275077044964
