times:
  edit-metadata: 1.3969912603497505
  landing: 0.8034675717353821
  view-data: 3.5151852518320084
