times:
  edit-metadata: 1.3709139674901962
  landing: 0.7614847347140312
  view-data: 3.4877269864082336
