times:
  edit-metadata: 1.9288134165108204
  landing: 1.5641763396561146
  view-data: 3.380499579012394
