times:
  edit-metadata: 1.3678053990006447
  landing: 0.8210920915007591
  view-data: 3.474111184477806
