times:
  edit-metadata: 1.3927900791168213
  landing: 0.8411664292216301
  view-data: 3.4355354011058807
