times:
  edit-metadata: 1.4727682545781136
  landing: 0.8405757024884224
  view-data: 3.29632106795907
