times:
  edit-metadata: 1.4989227205514908
  landing: 0.9413540810346603
  view-data: 3.566209301352501
