times:
  edit-metadata: 1.3834035098552704
  landing: 0.76681162789464
  view-data: 3.332642011344433
