times:
  edit-metadata: 1.4505973868072033
  landing: 0.8268219828605652
  view-data: 3.2941129244863987
