times:
  edit-metadata: 1.4281364120543003
  landing: 0.7968326397240162
  view-data: 3.2680361941456795
