times:
  edit-metadata: 1.4515129439532757
  landing: 0.7750270329415798
  view-data: 3.3339636400341988
