times:
  edit-metadata: 1.4351101070642471
  landing: 0.7822632640600204
  view-data: 3.468309670686722
