times:
  edit-metadata: 1.4670016430318356
  landing: 0.8563042655587196
  view-data: 3.341717328876257
