times:
  edit-metadata: 1.3820916377007961
  landing: 0.8352417908608913
  view-data: 3.2966594472527504
