times:
  edit-metadata: 1.4338422939181328
  landing: 0.8445347845554352
  view-data: 3.3201969042420387
