times:
  edit-metadata: 1.515638917684555
  landing: 0.92171261459589
  view-data: 3.3469524309039116
