times:
  edit-metadata: 1.3263173922896385
  landing: 0.7580146789550781
  view-data: 3.3553682640194893
