times:
  edit-metadata: 1.428232066333294
  landing: 0.8421994373202324
  view-data: 3.347118355333805
