times:
  edit-metadata: 1.4023057520389557
  landing: 0.8660826906561852
  view-data: 3.4878558069467545
