times:
  edit-metadata: 1.4358333870768547
  landing: 0.7348727211356163
  view-data: 3.443624272942543
