times:
  edit-metadata: 1.4138725772500038
  landing: 0.7740444466471672
  view-data: 3.5817084461450577
