times:
  edit-metadata: 1.5711476877331734
  landing: 0.8744891807436943
  view-data: 3.5098355412483215
