times:
  edit-metadata: 1.446011669933796
  landing: 0.8014581725001335
  view-data: 3.4067413434386253
