times:
  edit-metadata: 1.43300087377429
  landing: 0.82302450761199
  view-data: 3.3492342568933964
