times:
  edit-metadata: 1.3750010579824448
  landing: 0.8151153884828091
  view-data: 3.307857993990183
