times:
  edit-metadata: 1.465759515762329
  landing: 1.3870018646121025
  view-data: 3.3753077685832977
