times:
  edit-metadata: 1.3879613243043423
  landing: 0.9385463148355484
  view-data: 3.3004865050315857
