times:
  edit-metadata: 1.860869262367487
  landing: 1.457186833024025
  view-data: 3.472861632704735
