times:
  edit-metadata: 1.3401986546814442
  landing: 0.8007400147616863
  view-data: 3.2935198917984962
