times:
  edit-metadata: 1.3764288499951363
  landing: 0.770516462624073
  view-data: 3.311094582080841
