times:
  edit-metadata: 1.462063193321228
  landing: 0.7668209075927734
  view-data: 3.303242102265358
