times:
  edit-metadata: 1.4621869437396526
  landing: 0.9697116352617741
  view-data: 3.3081553652882576
