times:
  edit-metadata: 2.0806278698146343
  landing: 1.0607446767389774
  view-data: 3.48946438357234
