times:
  edit-metadata: 1.4268752820789814
  landing: 0.8803107589483261
  view-data: 3.275923904031515
