times:
  edit-metadata: 1.4116059988737106
  landing: 0.7786351516842842
  view-data: 3.360083855688572
