times:
  edit-metadata: 1.4293287247419357
  landing: 0.7759639695286751
  view-data: 3.4194390848279
