times:
  edit-metadata: 1.3671337366104126
  landing: 0.9685336127877235
  view-data: 3.485187850892544
