times:
  edit-metadata: 1.5041594430804253
  landing: 0.9511868506669998
  view-data: 3.3468368723988533
