times:
  edit-metadata: 1.9253774508833885
  landing: 1.3606800101697445
  view-data: 3.467818181961775
