times:
  edit-metadata: 1.7878748401999474
  landing: 1.0169250890612602
  view-data: 3.2854357957839966
