times:
  edit-metadata: 1.4479771852493286
  landing: 0.8280831798911095
  view-data: 3.294333167374134
