times:
  edit-metadata: 1.3561207950115204
  landing: 0.7379114404320717
  view-data: 3.460300251841545
