times:
  edit-metadata: 1.4393183924257755
  landing: 0.9127820879220963
  view-data: 3.2601285837590694
