times:
  edit-metadata: 1.4072108678519726
  landing: 0.7642750293016434
  view-data: 3.306869626045227
