times:
  edit-metadata: 1.5320628136396408
  landing: 0.7486196905374527
  view-data: 3.308420456945896
