times:
  edit-metadata: 1.4397317096590996
  landing: 0.736838161945343
  view-data: 3.520301677286625
