times:
  edit-metadata: 1.4858013689517975
  landing: 0.7846309095621109
  view-data: 3.4498886317014694
