times:
  edit-metadata: 1.4515698924660683
  landing: 0.8863616585731506
  view-data: 3.48324204236269
