times:
  edit-metadata: 1.4157873913645744
  landing: 0.7785952389240265
  view-data: 3.412679500877857
