times:
  edit-metadata: 1.432319026440382
  landing: 0.760615237057209
  view-data: 3.282504841685295
