times:
  edit-metadata: 1.4875484928488731
  landing: 0.7804094590246677
  view-data: 3.3276292458176613
