times:
  edit-metadata: 1.6176027581095695
  landing: 0.8328144960105419
  view-data: 3.302312307059765
