times:
  edit-metadata: 1.3842921517789364
  landing: 0.7373429760336876
  view-data: 3.391203962266445
