times:
  edit-metadata: 1.378829151391983
  landing: 0.6741410158574581
  view-data: 3.2913347519934177
