times:
  edit-metadata: 1.47577690705657
  landing: 0.935122761875391
  view-data: 3.3856731690466404
