times:
  edit-metadata: 1.3935348242521286
  landing: 0.9161193668842316
  view-data: 3.475722149014473
