times:
  edit-metadata: 1.4199686646461487
  landing: 0.7325177490711212
  view-data: 3.500477485358715
