times:
  edit-metadata: 1.358022190630436
  landing: 0.7260485738515854
  view-data: 3.477871522307396
