times:
  edit-metadata: 1.3986507207155228
  landing: 0.7271920442581177
  view-data: 3.5029432103037834
