times:
  edit-metadata: 1.482593335211277
  landing: 0.7135042622685432
  view-data: 3.3454433009028435
