times:
  edit-metadata: 1.2534625604748726
  landing: 0.9267659410834312
  view-data: 3.511105515062809
