times:
  edit-metadata: 1.4522781297564507
  landing: 0.9924055337905884
  view-data: 3.4130241498351097
