times:
  edit-metadata: 1.3614230528473854
  landing: 0.8381024673581123
  view-data: 3.407398648560047
