times:
  edit-metadata: 1.5846670754253864
  landing: 0.8305908553302288
  view-data: 3.3291357420384884
