times:
  edit-metadata: 1.507520467042923
  landing: 0.8922690711915493
  view-data: 3.3296002484858036
