times:
  edit-metadata: 1.3536246195435524
  landing: 0.7358152270317078
  view-data: 3.342556916177273
