times:
  edit-metadata: 1.4704401306807995
  landing: 1.023493193089962
  view-data: 3.4454957880079746
