times:
  edit-metadata: 1.4122508466243744
  landing: 0.7560203298926353
  view-data: 3.5257051661610603
