times:
  edit-metadata: 1.586082722991705
  landing: 0.8114570640027523
  view-data: 3.4354929216206074
