times:
  edit-metadata: 1.50778029859066
  landing: 0.8031727522611618
  view-data: 3.330330803990364
