times:
  edit-metadata: 1.3723140805959702
  landing: 0.78007822483778
  view-data: 3.3264486715197563
