times:
  edit-metadata: 1.524073988199234
  landing: 0.9814273118972778
  view-data: 3.363641455769539
