times:
  edit-metadata: 1.443123646080494
  landing: 0.8349258974194527
  view-data: 0.7275745123624802
