times:
  edit-metadata: 1.3815145157277584
  landing: 0.9660966247320175
  view-data: 3.2793555594980717
