times:
  edit-metadata: 2.3238730132579803
  landing: 1.6804452985525131
  view-data: 3.5793916061520576
