times:
  edit-metadata: 1.3642781376838684
  landing: 0.7688003480434418
  view-data: 3.499485105276108
