times:
  edit-metadata: 1.5117650106549263
  landing: 0.7850654274225235
  view-data: 3.524923287332058
