times:
  edit-metadata: 2.1901997812092304
  landing: 0.9161122180521488
  view-data: 3.669285748153925
