times:
  edit-metadata: 1.4421908035874367
  landing: 0.6841664686799049
  view-data: 3.4444228634238243
