times:
  edit-metadata: 1.512878693640232
  landing: 0.7856550738215446
  view-data: 3.577293276786804
