times:
  edit-metadata: 1.4527647867798805
  landing: 0.826434925198555
  view-data: 3.7826267704367638
