times:
  edit-metadata: 1.278936818242073
  landing: 1.0394798666238785
  view-data: 3.2810165360569954
