times:
  edit-metadata: 2.1634616330266
  landing: 1.1205170005559921
  view-data: 3.391704961657524
