times:
  edit-metadata: 1.351080983877182
  landing: 0.7429144904017448
  view-data: 3.5064224898815155
