times:
  edit-metadata: 2.2105898186564445
  landing: 0.9726844280958176
  view-data: 3.5062169060111046
