times:
  edit-metadata: 1.8577574081718922
  landing: 1.6487973183393478
  view-data: 3.593698162585497
