times:
  edit-metadata: 2.046682346612215
  landing: 1.1807633116841316
  view-data: 3.4230755902826786
