times:
  edit-metadata: 1.369479775428772
  landing: 0.7100401595234871
  view-data: 3.435976043343544
