times:
  edit-metadata: 1.3382736295461655
  landing: 0.7025732547044754
  view-data: 3.475215755403042
