times:
  edit-metadata: 1.416578471660614
  landing: 0.7481997460126877
  view-data: 3.4005208536982536
