times:
  edit-metadata: 1.4385549873113632
  landing: 0.727491520345211
  view-data: 3.3328831046819687
