times:
  edit-metadata: 1.467519424855709
  landing: 0.7841454893350601
  view-data: 3.333658840507269
