times:
  edit-metadata: 1.3529103323817253
  landing: 0.7160509042441845
  view-data: 3.3177135549485683
