times:
  edit-metadata: 1.3837039396166801
  landing: 0.7962038032710552
  view-data: 3.3158145286142826
