times:
  edit-metadata: 1.4070960320532322
  landing: 0.8621175549924374
  view-data: 3.360538974404335
