times:
  edit-metadata: 1.501831367611885
  landing: 0.7901582792401314
  view-data: 3.332608290016651
