times:
  edit-metadata: 1.5331949070096016
  landing: 0.7190788649022579
  view-data: 3.3704175651073456
