times:
  edit-metadata: 1.4709193296730518
  landing: 0.7475115656852722
  view-data: 3.3166009224951267
