times:
  edit-metadata: 1.4563369117677212
  landing: 0.7595268599689007
  view-data: 3.383983250707388
