times:
  edit-metadata: 1.4600150659680367
  landing: 0.7817656248807907
  view-data: 3.3493188843131065
