times:
  edit-metadata: 1.4975765347480774
  landing: 0.9375936612486839
  view-data: 3.398491319268942
