times:
  edit-metadata: 1.4497394412755966
  landing: 0.8901159539818764
  view-data: 3.486968718469143
