times:
  edit-metadata: 1.4005203805863857
  landing: 0.7314699180424213
  view-data: 3.306953687220812
