times:
  edit-metadata: 1.6269931122660637
  landing: 0.8457924127578735
  view-data: 3.3625330179929733
