times:
  edit-metadata: 1.4831874519586563
  landing: 0.8697609305381775
  view-data: 3.270440347492695
