times:
  edit-metadata: 1.397833801805973
  landing: 0.7223099693655968
  view-data: 3.4945771992206573
