times:
  edit-metadata: 1.4526205956935883
  landing: 0.7998089641332626
  view-data: 3.4944435879588127
