times:
  edit-metadata: 2.0168830156326294
  landing: 0.9357785992324352
  view-data: 3.3656396083533764
