times:
  edit-metadata: 1.3489530012011528
  landing: 0.7512242011725903
  view-data: 3.2607107274234295
