times:
  edit-metadata: 1.507790181785822
  landing: 0.7674856558442116
  view-data: 3.293436486274004
