times:
  edit-metadata: 1.4440825283527374
  landing: 0.802908930927515
  view-data: 3.3282829001545906
