times:
  edit-metadata: 1.452338770031929
  landing: 0.7339802905917168
  view-data: 3.3606132082641125
