times:
  edit-metadata: 1.4494296088814735
  landing: 0.8047203049063683
  view-data: 3.4864155128598213
