times:
  edit-metadata: 1.4243989139795303
  landing: 0.760278046131134
  view-data: 3.4959957003593445
