times:
  edit-metadata: 1.4163294397294521
  landing: 0.7989770360291004
  view-data: 3.3587184622883797
