times:
  edit-metadata: 1.3754783645272255
  landing: 0.7650760263204575
  view-data: 3.445606790482998
