times:
  edit-metadata: 1.2473326921463013
  landing: 0.7221191227436066
  view-data: 3.282881937921047
