times:
  edit-metadata: 1.5205270573496819
  landing: 0.7789679914712906
  view-data: 3.492256209254265
