times:
  edit-metadata: 1.3577784299850464
  landing: 0.7631380893290043
  view-data: 3.3356971219182014
