times:
  edit-metadata: 1.387892834842205
  landing: 0.8309056907892227
  view-data: 3.5467472597956657
