times:
  edit-metadata: 1.5242860205471516
  landing: 0.8602715991437435
  view-data: 3.408226899802685
