times:
  edit-metadata: 1.468097262084484
  landing: 1.0929434224963188
  view-data: 3.5659124776721
