times:
  edit-metadata: 1.4459731504321098
  landing: 0.750335343182087
  view-data: 3.513286054134369
