times:
  edit-metadata: 1.5354846641421318
  landing: 0.8164277523756027
  view-data: 3.3625181019306183
