times:
  edit-metadata: 1.4295112565159798
  landing: 0.7562762424349785
  view-data: 3.4505764991045
