times:
  edit-metadata: 1.3529859110713005
  landing: 0.7610997781157494
  view-data: 3.4154434576630592
