times:
  edit-metadata: 1.404778353869915
  landing: 0.7577996551990509
  view-data: 3.331793412566185
