times:
  edit-metadata: 1.376134678721428
  landing: 0.7295209094882011
  view-data: 3.438772425055504
