times:
  edit-metadata: 1.4150119349360466
  landing: 0.7563623934984207
  view-data: 3.4582780450582504
