times:
  edit-metadata: 1.4241859279572964
  landing: 0.8066879920661449
  view-data: 3.3976231329143047
