times:
  edit-metadata: 1.466099351644516
  landing: 0.8088583275675774
  view-data: 3.582266852259636
