times:
  edit-metadata: 1.7158525474369526
  landing: 0.8976967707276344
  view-data: 3.3108190558850765
