times:
  edit-metadata: 1.369837425649166
  landing: 0.6739713475108147
  view-data: 3.475464381277561
