times:
  edit-metadata: 1.4235128834843636
  landing: 0.7168853096663952
  view-data: 3.2733177915215492
