times:
  edit-metadata: 1.3984244242310524
  landing: 0.9056855589151382
  view-data: 3.3098487108945847
