times:
  edit-metadata: 1.43155088275671
  landing: 0.7232442647218704
  view-data: 3.5710178539156914
