times:
  edit-metadata: 1.9976333528757095
  landing: 0.8692140951752663
  view-data: 3.847817525267601
