times:
  edit-metadata: 1.9381191208958626
  landing: 1.1187353357672691
  view-data: 3.555845580995083
