times:
  edit-metadata: 1.513491876423359
  landing: 0.9157740473747253
  view-data: 3.4863689988851547
