times:
  edit-metadata: 1.4790354557335377
  landing: 0.8309927433729172
  view-data: 3.303711734712124
