times:
  edit-metadata: 1.3829398304224014
  landing: 0.8210271671414375
  view-data: 3.293239377439022
