times:
  edit-metadata: 1.484965592622757
  landing: 0.819864809513092
  view-data: 3.489793039858341
