times:
  edit-metadata: 1.5326298587024212
  landing: 0.9580321833491325
  view-data: 3.398425169289112
