times:
  edit-metadata: 1.6751461178064346
  landing: 0.8189346715807915
  view-data: 3.4650440365076065
