times:
  edit-metadata: 1.498727411031723
  landing: 0.7612195611000061
  view-data: 3.4768578112125397
