times:
  edit-metadata: 1.5111100673675537
  landing: 0.8424755856394768
  view-data: 3.3175600469112396
