times:
  edit-metadata: 1.5653539672493935
  landing: 0.936522051692009
  view-data: 3.544045202434063
