times:
  edit-metadata: 1.579652328044176
  landing: 0.7640509232878685
  view-data: 3.339017603546381
