times:
  edit-metadata: 1.432386327534914
  landing: 0.7246466241776943
  view-data: 3.3281192034482956
