times:
  edit-metadata: 1.3807451203465462
  landing: 0.7199471443891525
  view-data: 3.448303960263729
