times:
  edit-metadata: 1.5334751196205616
  landing: 0.8854478783905506
  view-data: 3.3809232600033283
