times:
  edit-metadata: 1.3410511016845703
  landing: 0.750799834728241
  view-data: 3.427985802292824
