times:
  edit-metadata: 2.5135787539184093
  landing: 1.7736489325761795
  view-data: 4.069144103676081
