times:
  edit-metadata: 1.3863440528512
  landing: 0.6860039085149765
  view-data: 3.433194473385811
