times:
  edit-metadata: 1.5088278651237488
  landing: 0.7785845845937729
  view-data: 3.5404840111732483
