times:
  edit-metadata: 1.6884309202432632
  landing: 0.8902632370591164
  view-data: 3.399677339941263
