times:
  edit-metadata: 1.5054736658930779
  landing: 0.7731380835175514
  view-data: 3.4505651220679283
