times:
  edit-metadata: 1.5023439675569534
  landing: 0.8133499585092068
  view-data: 3.3760333098471165
