times:
  edit-metadata: 1.713708870112896
  landing: 0.9599079415202141
  view-data: 3.3241025656461716
