times:
  edit-metadata: 1.3801792338490486
  landing: 0.7735642641782761
  view-data: 3.4390010088682175
