times:
  edit-metadata: 1.28958111256361
  landing: 0.7979228310286999
  view-data: 3.3085802905261517
