times:
  edit-metadata: 1.8033663406968117
  landing: 1.0182984471321106
  view-data: 3.3492000363767147
