times:
  edit-metadata: 1.4305137805640697
  landing: 0.84708521515131
  view-data: 3.3632214292883873
