times:
  edit-metadata: 1.895430501550436
  landing: 1.0516346246004105
  view-data: 3.37409633025527
