times:
  edit-metadata: 1.4440667778253555
  landing: 0.6730801612138748
  view-data: 3.5073699727654457
