times:
  edit-metadata: 1.3584720119833946
  landing: 0.7862240374088287
  view-data: 3.360204517841339
