times:
  edit-metadata: 1.3413994908332825
  landing: 0.6945309489965439
  view-data: 3.2708870880305767
