times:
  edit-metadata: 1.392127051949501
  landing: 0.7552426308393478
  view-data: 3.4074500277638435
