times:
  edit-metadata: 1.580660741776228
  landing: 0.8685937859117985
  view-data: 3.4101128168404102
