times:
  edit-metadata: 1.3508411198854446
  landing: 0.8086015060544014
  view-data: 3.446963533759117
