times:
  edit-metadata: 1.4982989132404327
  landing: 0.7646220102906227
  view-data: 3.5396348759531975
