times:
  edit-metadata: 1.536474671214819
  landing: 0.7729080207645893
  view-data: 3.3935652375221252
