times:
  edit-metadata: 1.4193324446678162
  landing: 0.7215654700994492
  view-data: 3.5031696781516075
