times:
  edit-metadata: 1.7669388130307198
  landing: 0.8224045112729073
  view-data: 3.346425972878933
