times:
  edit-metadata: 1.457808457314968
  landing: 0.7813709005713463
  view-data: 3.4920600205659866
