times:
  edit-metadata: 1.4076267331838608
  landing: 0.7533021047711372
  view-data: 3.3579157069325447
