times:
  edit-metadata: 1.4745374731719494
  landing: 0.7847722321748734
  view-data: 3.3897943310439587
