times:
  edit-metadata: 1.521201603114605
  landing: 0.7646291851997375
  view-data: 3.4571809619665146
