times:
  edit-metadata: 1.3783801421523094
  landing: 0.7364818155765533
  view-data: 3.5203130543231964
