times:
  edit-metadata: 1.4514994993805885
  landing: 0.9740503430366516
  view-data: 3.301379680633545
