times:
  edit-metadata: 1.4711113348603249
  landing: 0.704453282058239
  view-data: 3.442627929151058
