times:
  edit-metadata: 1.4999432563781738
  landing: 0.8060908317565918
  view-data: 3.480558820068836
