times:
  edit-metadata: 1.503078632056713
  landing: 0.7441048845648766
  view-data: 3.4971083849668503
