times:
  edit-metadata: 1.3005789294838905
  landing: 0.726137600839138
  view-data: 3.4477126598358154
