times:
  edit-metadata: 1.4186140671372414
  landing: 0.8732043355703354
  view-data: 3.2832279428839684
