times:
  edit-metadata: 1.450223185122013
  landing: 0.7851343974471092
  view-data: 3.5683000311255455
