times:
  edit-metadata: 1.4394168257713318
  landing: 0.7217830047011375
  view-data: 3.419981226325035
