times:
  edit-metadata: 1.2953354939818382
  landing: 0.6864424422383308
  view-data: 3.3701310977339745
