times:
  edit-metadata: 1.3875435143709183
  landing: 0.7775981426239014
  view-data: 3.4768902882933617
