times:
  edit-metadata: 2.1266473829746246
  landing: 1.1972908526659012
  view-data: 3.496845543384552
