times:
  edit-metadata: 1.4369534701108932
  landing: 1.1565425843000412
  view-data: 3.46871330589056
