times:
  edit-metadata: 1.3668176159262657
  landing: 0.7641857117414474
  view-data: 3.345970280468464
