times:
  edit-metadata: 1.4355466440320015
  landing: 0.75927734375
  view-data: 3.526349015533924
