times:
  edit-metadata: 1.4848537668585777
  landing: 0.8686728924512863
  view-data: 3.2753631621599197
