times:
  edit-metadata: 1.3906299695372581
  landing: 0.7694129645824432
  view-data: 3.417861469089985
