times:
  edit-metadata: 1.5040724948048592
  landing: 0.7836738899350166
  view-data: 3.2841416597366333
