times:
  edit-metadata: 1.357336051762104
  landing: 0.7099146619439125
  view-data: 3.450493700802326
