times:
  edit-metadata: 1.5125613994896412
  landing: 0.8304319158196449
  view-data: 3.346960823982954
