times:
  edit-metadata: 1.364259086549282
  landing: 0.7401240728795528
  view-data: 3.3470825403928757
