times:
  edit-metadata: 1.2694226468447596
  landing: 0.0595228869933635
  view-data: 0.31187038216739893
