times:
  edit-metadata: 1.415074985474348
  landing: 0.9574654549360275
  view-data: 3.4683692418038845
