times:
  edit-metadata: 1.4267783723771572
  landing: 0.8490812312811613
  view-data: 3.3629762046039104
