times:
  edit-metadata: 1.3035349890124053
  landing: 0.04145038401475176
  view-data: 0.26083332201233134
