times:
  edit-metadata: 1.1013244157657027
  landing: 0.0396359539590776
  view-data: 0.23599913902580738
