times:
  edit-metadata: 1.506814258173108
  landing: 0.8266264609992504
  view-data: 3.3216396532952785
