times:
  edit-metadata: 1.7438238139729947
  landing: 0.8952263729879633
  view-data: 3.3462199359200895
