times:
  edit-metadata: 2.733875086531043
  landing: 0.2802024092525244
  view-data: 0.15498396195471287
