times:
  edit-metadata: 1.655524868518114
  landing: 1.1358062699437141
  view-data: 3.376817550510168
