times:
  edit-metadata: 1.4580045081675053
  landing: 0.7531022597104311
  view-data: 3.404675804078579
