times:
  edit-metadata: 1.4748444147408009
  landing: 1.0636555217206478
  view-data: 3.34896270185709
