times:
  edit-metadata: 1.447069389745593
  landing: 0.8430742090567946
  view-data: 3.308532517403364
