times:
  edit-metadata: 2.065704954788089
  landing: 0.023654025979340076
  view-data: 0.13661548681557178
