times:
  edit-metadata: 2.309920322149992
  landing: 0.02123459056019783
  view-data: 0.02531694807112217
