times:
  edit-metadata: 1.3654671218246222
  landing: 0.9220643229782581
  view-data: 3.362545697018504
