times:
  edit-metadata: 2.706512263044715
  landing: 1.2273244531825185
  view-data: 3.558651145081967
