times:
  edit-metadata: 1.7134114354848862
  landing: 0.9346226714551449
  view-data: 3.3622623719274998
