times:
  edit-metadata: 1.485331422649324
  landing: 0.864118137396872
  view-data: 3.312012287788093
