times:
  edit-metadata: 1.5303332135081291
  landing: 0.7569384519010782
  view-data: 3.23207544721663
