times:
  edit-metadata: 0.4439811622723937
  landing: 0.042186249047517776
  view-data: 0.19364618975669146
