times:
  edit-metadata: 1.1065380200743675
  landing: 0.050002321600914
  view-data: 0.24413260258734226
