times:
  edit-metadata: 2.377270298078656
  landing: 0.02612179145216942
  view-data: 0.025149185210466385
