times:
  edit-metadata: 3.0416214987635612
  landing: 0.4240870848298073
  view-data: 0.3156190477311611
