times:
  edit-metadata: 1.3386688116006553
  landing: 0.8023802237585187
  view-data: 3.3775244313292205
