times:
  edit-metadata: 1.263328343629837
  landing: 0.04585564322769642
  view-data: 0.24594261683523655
