times:
  edit-metadata: 1.0460435110144317
  landing: 0.04664647066965699
  view-data: 0.2363719791173935
