times:
  edit-metadata: 1.4594183750450611
  landing: 0.8263463117182255
  view-data: 3.3638533242046833
