times:
  edit-metadata: 1.466444831341505
  landing: 0.93687679246068
  view-data: 3.3320061415433884
