times:
  edit-metadata: 1.1229018499143422
  landing: 0.043542704079300165
  view-data: 0.23983910586684942
