times:
  edit-metadata: 2.5587700866162777
  landing: 0.20267389714717865
  view-data: 0.2372581958770752
