times:
  edit-metadata: 1.5029358230531216
  landing: 1.1518981456756592
  view-data: 3.3777876496315002
