times:
  edit-metadata: 4.098307095468044
  landing: 2.8649442587047815
  view-data: 4.400741865858436
