times:
  edit-metadata: 2.276394858956337
  landing: 0.13413352705538273
  view-data: 0.3374149613082409
