times:
  edit-metadata: 1.4069838114082813
  landing: 0.7324921302497387
  view-data: 3.4254423566162586
