times:
  edit-metadata: 1.3517236039042473
  landing: 0.8454929627478123
  view-data: 3.334345595911145
