times:
  edit-metadata: 1.489864096045494
  landing: 0.8184948768466711
  view-data: 3.4087370969355106
