times:
  edit-metadata: 1.38952485693153
  landing: 0.08366238407325
  view-data: 0.25954129302408546
