times:
  edit-metadata: 1.3079522240441293
  landing: 0.044378645019605756
  view-data: 0.2674827090231702
