times:
  edit-metadata: 1.956759124994278
  landing: 1.2136642150580883
  view-data: 3.5396487452089787
