times:
  edit-metadata: 1.429400963941589
  landing: 0.04718511505052447
  view-data: 0.2567613939754665
