times:
  edit-metadata: 1.4638667292892933
  landing: 0.7507120789960027
  view-data: 3.2806700756773353
