times:
  edit-metadata: 1.418882149970159
  landing: 0.053680188953876495
  view-data: 0.2667746830265969
