times:
  edit-metadata: 1.0720701073296368
  landing: 0.05126073397696018
  view-data: 0.22472061216831207
