times:
  edit-metadata: 2.093120152130723
  landing: 0.12514903396368027
  view-data: 0.02558548841625452
