times:
  edit-metadata: 2.3801758512854576
  landing: 0.1436920240521431
  view-data: 0.26694742403924465
