times:
  edit-metadata: 2.0466524148359895
  landing: 0.22024892270565033
  view-data: 0.12529051303863525
