times:
  edit-metadata: 1.1672400776296854
  landing: 0.04736560769379139
  view-data: 0.23573790024966002
