times:
  edit-metadata: 2.0709504978731275
  landing: 0.137831574305892
  view-data: 0.11869089212268591
