times:
  edit-metadata: 2.0585304545238614
  landing: 0.02200057916343212
  view-data: 0.1250378554686904
