times:
  edit-metadata: 2.237632943317294
  landing: 0.13772209361195564
  view-data: 0.10120198875665665
