times:
  edit-metadata: 1.0814377758651972
  landing: 0.041061550844460726
  view-data: 0.23032535100355744
