times:
  edit-metadata: 1.0986769241280854
  landing: 0.04709922010079026
  view-data: 0.23502757214009762
