times:
  edit-metadata: 1.895339947193861
  landing: 1.24443007260561
  view-data: 3.324154894798994
