times:
  edit-metadata: 2.5291928090155125
  landing: 0.13629554770886898
  view-data: 0.027800213545560837
