times:
  edit-metadata: 1.318699283991009
  landing: 0.05322125693783164
  view-data: 0.2653751289471984
