times:
  edit-metadata: 1.4428856000304222
  landing: 4.672399200499058
  view-data: 3.3154316134750843
