times:
  edit-metadata: 1.3737922385334969
  landing: 0.7748094275593758
  view-data: 3.4108593091368675
