times:
  edit-metadata: 1.364465944468975
  landing: 0.8378505371510983
  view-data: 3.3245387598872185
