times:
  edit-metadata: 1.0912388181313872
  landing: 0.046366164460778236
  view-data: 0.24154440872371197
