times:
  edit-metadata: 1.5040390910580754
  landing: 1.0375149436295033
  view-data: 3.387849926017225
