times:
  edit-metadata: 1.3277483329875395
  landing: 0.04726853605825454
  view-data: 0.2558209750568494
