times:
  edit-metadata: 1.0589894740842283
  landing: 0.04698732774704695
  view-data: 0.23456861125305295
