times:
  edit-metadata: 1.9745956994593143
  landing: 0.8332969322800636
  view-data: 3.4116563238203526
