times:
  edit-metadata: 2.0751030817627907
  landing: 0.021509968675673008
  view-data: 0.11531048733741045
