times:
  edit-metadata: 2.212412478402257
  landing: 0.1325058937072754
  view-data: 0.09884527325630188
