times:
  edit-metadata: 1.520457349717617
  landing: 0.9452305994927883
  view-data: 3.4346636347472668
