times:
  edit-metadata: 1.529621135443449
  landing: 0.9297234788537025
  view-data: 3.325264360755682
