times:
  edit-metadata: 1.0474351770244539
  landing: 0.03951916191726923
  view-data: 0.22412949614226818
