times:
  edit-metadata: 1.4415977876633406
  landing: 0.9123428463935852
  view-data: 3.3367694076150656
