times:
  edit-metadata: 1.3593074921518564
  landing: 0.9335986943915486
  view-data: 3.2860204000025988
