times:
  edit-metadata: 2.082776010967791
  landing: 0.021005606278777122
  view-data: 0.12332142237573862
