times:
  edit-metadata: 1.2703236310044304
  landing: 0.06181558400567155
  view-data: 0.39117104599426966
