times:
  edit-metadata: 1.4653203610214405
  landing: 0.04454959201393649
  view-data: 0.2754323600092903
