times:
  edit-metadata: 1.617039818316698
  landing: 1.1624688878655434
  view-data: 3.375224817544222
