times:
  edit-metadata: 1.3944268422201276
  landing: 0.8358605629764497
  view-data: 3.3878432572819293
