times:
  edit-metadata: 2.098151272162795
  landing: 1.2558077462017536
  view-data: 3.502301700413227
