times:
  edit-metadata: 3.7273669503629208
  landing: 0.38495053350925446
  view-data: 0.38850789330899715
