times:
  edit-metadata: 1.0953541630879045
  landing: 0.04233252722769976
  view-data: 0.236225632019341
