times:
  edit-metadata: 2.5786617137491703
  landing: 0.29745260067284107
  view-data: 0.25114400684833527
