times:
  edit-metadata: 1.5718871746212244
  landing: 0.8458399530500174
  view-data: 3.3841352481395006
