times:
  edit-metadata: 1.1216499162837863
  landing: 0.05328031815588474
  view-data: 0.23150558210909367
