times:
  edit-metadata: 1.7190341539680958
  landing: 1.1359076015651226
  view-data: 3.3526393100619316
