times:
  edit-metadata: 1.4501099716871977
  landing: 0.8589395526796579
  view-data: 3.3514768183231354
