times:
  edit-metadata: 1.5335080157965422
  landing: 0.8254183772951365
  view-data: 3.3181738015264273
