times:
  edit-metadata: 1.06914390809834
  landing: 0.04901393689215183
  view-data: 0.22697026003152132
