times:
  edit-metadata: 1.5173213444650173
  landing: 0.8510720208287239
  view-data: 3.3312140107154846
