times:
  edit-metadata: 1.445311512798071
  landing: 0.9588043056428432
  view-data: 3.3492536805570126
