times:
  edit-metadata: 1.4265874289994827
  landing: 0.056011148990364745
  view-data: 0.26317710100556724
