times:
  edit-metadata: 1.640091136097908
  landing: 1.168015331029892
  view-data: 3.3156332820653915
