times:
  edit-metadata: 2.026376198977232
  landing: 0.018895044922828674
  view-data: 0.1276434287428856
