times:
  edit-metadata: 1.3173437123186886
  landing: 0.7839044029824436
  view-data: 3.331616810988635
