times:
  edit-metadata: 2.311334593221545
  landing: 0.05045197159051895
  view-data: 0.27384649589657784
