times:
  edit-metadata: 1.568673375993967
  landing: 1.027151022106409
  view-data: 3.360543381422758
