times:
  edit-metadata: 1.470477360766381
  landing: 0.03920787712559104
  view-data: 0.41889994172379375
