times:
  edit-metadata: 1.793059580028057
  landing: 1.1166626513004303
  view-data: 3.3708996661007404
