times:
  edit-metadata: 1.6174086555838585
  landing: 0.9182350188493729
  view-data: 3.312764845788479
