times:
  edit-metadata: 1.120965575799346
  landing: 0.03964958619326353
  view-data: 0.2542230221442878
