times:
  edit-metadata: 1.416140465065837
  landing: 0.08060071407817304
  view-data: 0.26817124313674867
