times:
  edit-metadata: 2.0499835703521967
  landing: 0.020825893618166447
  view-data: 0.12402007728815079
