times:
  edit-metadata: 1.395857129000433
  landing: 0.06938119599999482
  view-data: 0.2737050300002011
