times:
  edit-metadata: 2.1491959523409605
  landing: 0.19598894380033016
  view-data: 0.2824829686433077
