times:
  edit-metadata: 1.0990090952254832
  landing: 0.0496928752399981
  view-data: 0.24859917908906937
