times:
  edit-metadata: 1.1499690259806812
  landing: 0.04767853720113635
  view-data: 0.2429701592773199
