times:
  edit-metadata: 2.091493856161833
  landing: 0.13714100513607264
  view-data: 0.024695410393178463
