times:
  edit-metadata: 1.3470858130021952
  landing: 0.07841711299261078
  view-data: 0.2844939929782413
