times:
  edit-metadata: 1.5613739155232906
  landing: 0.9501349814236164
  view-data: 3.3171158991754055
