times:
  edit-metadata: 2.1218433994799852
  landing: 0.8566090809181333
  view-data: 3.363611377775669
