times:
  edit-metadata: 1.527059556916356
  landing: 1.30134236253798
  view-data: 3.4069784097373486
