times:
  edit-metadata: 1.1086164978332818
  landing: 0.049094772431999445
  view-data: 0.24007685715332627
