times:
  edit-metadata: 1.126099775545299
  landing: 0.04648697376251221
  view-data: 0.23608204536139965
