times:
  edit-metadata: 2.128347884863615
  landing: 0.0233283881098032
  view-data: 0.024057076312601566
