times:
  edit-metadata: 1.3282058760523796
  landing: 0.8152992390096188
  view-data: 3.386695083230734
