times:
  edit-metadata: 1.0857470477931201
  landing: 0.05143981100991368
  view-data: 0.2275553261861205
