times:
  edit-metadata: 2.211987553164363
  landing: 0.18375957384705544
  view-data: 0.3272771490737796
