times:
  edit-metadata: 1.6422111866995692
  landing: 1.1145759783685207
  view-data: 3.441874680109322
