times:
  edit-metadata: 1.07182040438056
  landing: 0.044192626141011715
  view-data: 0.23584392853081226
