times:
  edit-metadata: 1.376206579967402
  landing: 0.04854117799550295
  view-data: 0.25153019605204463
