times:
  edit-metadata: 1.1012703999876976
  landing: 0.03958230745047331
  view-data: 0.23952446412295103
