times:
  edit-metadata: 1.3693964299745858
  landing: 0.05232842219993472
  view-data: 0.25782387191429734
