times:
  edit-metadata: 1.4247306091710925
  landing: 0.7789091281592846
  view-data: 3.3790089450776577
