times:
  edit-metadata: 2.3698187507689
  landing: 0.1376511286944151
  view-data: 0.02397967502474785
