times:
  edit-metadata: 1.3925471319817007
  landing: 0.07024195697158575
  view-data: 0.3891276861540973
