times:
  edit-metadata: 1.4532430469989777
  landing: 0.8309744000434875
  view-data: 3.389904450625181
