times:
  edit-metadata: 1.294609715999286
  landing: 0.04467478900005517
  view-data: 0.25614256900007604
