times:
  edit-metadata: 2.257265876978636
  landing: 7.680751610547304
  view-data: 3.475620612502098
