times:
  edit-metadata: 1.4518021258991212
  landing: 0.06447217497043312
  view-data: 0.26415109005756676
