times:
  edit-metadata: 1.4303355980664492
  landing: 0.06524924817495048
  view-data: 0.2850020229816437
