times:
  edit-metadata: 1.051720127929002
  landing: 0.047898904886096716
  view-data: 0.2297681150957942
