times:
  edit-metadata: 2.1624250430613756
  landing: 0.1323518343269825
  view-data: 0.14204739220440388
