times:
  edit-metadata: 1.4045789670199156
  landing: 0.0709730499656871
  view-data: 0.3835258550243452
