times:
  edit-metadata: 2.288589708507061
  landing: 0.11562864296138287
  view-data: 0.027532916516065598
