times:
  edit-metadata: 1.1224148347973824
  landing: 0.04083369765430689
  view-data: 0.27445391565561295
