times:
  edit-metadata: 1.6522022476419806
  landing: 0.8991512628272176
  view-data: 3.3574376283213496
