times:
  edit-metadata: 2.2710343934595585
  landing: 0.2115546651184559
  view-data: 0.3302308153361082
