times:
  edit-metadata: 1.1123850559815764
  landing: 0.04115168936550617
  view-data: 0.38094588555395603
