times:
  edit-metadata: 1.5163703262805939
  landing: 0.9628832377493382
  view-data: 3.412788685411215
