times:
  edit-metadata: 0.3983844849281013
  landing: 0.038601867854595184
  view-data: 0.198573537170887
