times:
  edit-metadata: 1.3959290268830955
  landing: 0.8727221139706671
  view-data: 3.3865264740306884
