times:
  edit-metadata: 1.4943056628108025
  landing: 1.0572346076369286
  view-data: 3.3062688894569874
