times:
  edit-metadata: 1.3864869456738234
  landing: 0.7207189649343491
  view-data: 3.367489432916045
