times:
  edit-metadata: 2.2978926599025726
  landing: 0.22112233564257622
  view-data: 0.30154274217784405
