times:
  edit-metadata: 2.098988207988441
  landing: 0.01963378395885229
  view-data: 0.024013380520045757
