times:
  edit-metadata: 1.580729778856039
  landing: 0.047795366030186415
  view-data: 0.3868574742227793
