times:
  edit-metadata: 1.4768967712298036
  landing: 0.9452740140259266
  view-data: 3.3084036745131016
