times:
  edit-metadata: 1.613145080395043
  landing: 1.0280374446883798
  view-data: 3.3901042249053717
