times:
  edit-metadata: 1.603204358369112
  landing: 0.873259574174881
  view-data: 3.3858689554035664
