times:
  edit-metadata: 1.0797269577160478
  landing: 0.05610051658004522
  view-data: 0.23600662499666214
