times:
  edit-metadata: 2.2388839069753885
  landing: 0.11796840652823448
  view-data: 0.026263590902090073
