times:
  edit-metadata: 1.5128097156994045
  landing: 0.7925415588542819
  view-data: 3.3154487130232155
