times:
  edit-metadata: 1.3820026367902756
  landing: 1.0156152918934822
  view-data: 3.369722902774811
