times:
  edit-metadata: 1.4033096759812906
  landing: 0.05999544600490481
  view-data: 0.26023917901329696
