times:
  edit-metadata: 2.3975392319262028
  landing: 0.2844784688204527
  view-data: 0.13859524950385094
