times:
  edit-metadata: 0.3834966840222478
  landing: 0.05846754880622029
  view-data: 0.19280720688402653
