times:
  edit-metadata: 1.3974868096411228
  landing: 0.7928201593458652
  view-data: 3.244491472840309
