times:
  edit-metadata: 2.2317888364195824
  landing: 0.020322179421782494
  view-data: 0.023060813546180725
