times:
  edit-metadata: 2.128935662098229
  landing: 0.021225817501544952
  view-data: 0.025803789496421814
