times:
  edit-metadata: 2.0806410470977426
  landing: 0.021120176650583744
  view-data: 0.12016851082444191
