times:
  edit-metadata: 2.2860136311501265
  landing: 0.023771408945322037
  view-data: 0.027809644117951393
