times:
  edit-metadata: 2.598211918026209
  landing: 0.02314772643148899
  view-data: 0.33594929426908493
