times:
  edit-metadata: 2.117836876772344
  landing: 0.01972992718219757
  view-data: 0.45334763173013926
