times:
  edit-metadata: 1.3123723670141771
  landing: 0.06788585701724514
  view-data: 0.4531290360027924
