times:
  edit-metadata: 1.5107304006814957
  landing: 0.8876382391899824
  view-data: 3.3784841801971197
