times:
  edit-metadata: 1.3726737145334482
  landing: 0.8782030940055847
  view-data: 3.5362834203988314
