times:
  edit-metadata: 2.59440840780735
  landing: 0.9473956078290939
  view-data: 3.3241451010107994
