times:
  edit-metadata: 1.6214790344238281
  landing: 1.1362310647964478
  view-data: 3.395795591175556
