times:
  edit-metadata: 2.3726763669401407
  landing: 0.12974099814891815
  view-data: 0.3832744602113962
