times:
  edit-metadata: 2.9558624774217606
  landing: 0.2806336237117648
  view-data: 0.35799104254692793
