times:
  edit-metadata: 1.315886088181287
  landing: 0.04293820168823004
  view-data: 0.26416889065876603
