times:
  edit-metadata: 2.0498180631548166
  landing: 0.2122001312673092
  view-data: 0.11609347071498632
