times:
  edit-metadata: 1.8483369927853346
  landing: 0.9040250163525343
  view-data: 3.371841000393033
