times:
  edit-metadata: 1.3102258389117196
  landing: 0.05276914802379906
  view-data: 0.259671724983491
