times:
  edit-metadata: 2.0913469940423965
  landing: 0.02005025092512369
  view-data: 0.026402082294225693
