times:
  edit-metadata: 1.4533066130243242
  landing: 0.04712232598103583
  view-data: 0.2739539828617126
