times:
  edit-metadata: 1.521884897723794
  landing: 0.8057090323418379
  view-data: 3.349891846999526
