times:
  edit-metadata: 1.1174571048468351
  landing: 0.048602571710944176
  view-data: 0.23538859374821186
