times:
  edit-metadata: 1.5137363094836473
  landing: 0.9598633330315351
  view-data: 3.4721019361168146
