times:
  edit-metadata: 2.065766886807978
  landing: 0.023629894480109215
  view-data: 0.024776805192232132
