times:
  edit-metadata: 1.325309240957722
  landing: 0.05161247099749744
  view-data: 0.2546212369343266
