times:
  edit-metadata: 2.60859564691782
  landing: 2.5522128343582153
  view-data: 3.809871258214116
