times:
  edit-metadata: 1.5850916635245085
  landing: 0.8527990840375423
  view-data: 3.392038321122527
