times:
  edit-metadata: 2.0493602892383933
  landing: 0.13130141142755747
  view-data: 0.026148077100515366
