times:
  edit-metadata: 1.452430620789528
  landing: 0.9796677567064762
  view-data: 3.330523233860731
