times:
  edit-metadata: 3.074529418721795
  landing: 0.019297991879284382
  view-data: 0.025896252132952213
