times:
  edit-metadata: 2.107082343660295
  landing: 0.12452718522399664
  view-data: 0.17297430336475372
