times:
  edit-metadata: 1.2899622949771583
  landing: 0.04946332098916173
  view-data: 0.264073884987738
