times:
  edit-metadata: 1.2805517090018839
  landing: 0.7826497908681631
  view-data: 3.2783344271592796
