times:
  edit-metadata: 2.0695785833522677
  landing: 0.022225567139685154
  view-data: 0.12238396145403385
