times:
  edit-metadata: 2.0747485095635056
  landing: 0.020296224392950535
  view-data: 0.026225296780467033
