times:
  edit-metadata: 3.5988012910238467
  landing: 0.23526706598931924
  view-data: 0.40799640404293314
