times:
  edit-metadata: 1.579872913658619
  landing: 0.8363656103610992
  view-data: 3.3060665912926197
