times:
  edit-metadata: 1.5324402563273907
  landing: 1.1399224027991295
  view-data: 3.365316141396761
