times:
  edit-metadata: 2.1043817130848765
  landing: 0.09183703269809484
  view-data: 0.024895774200558662
