times:
  edit-metadata: 1.473230753093958
  landing: 1.3487644847482443
  view-data: 3.3830052949488163
