times:
  edit-metadata: 1.7501689027994871
  landing: 1.053418006747961
  view-data: 3.6233421359211206
