times:
  edit-metadata: 1.4807637259364128
  landing: 0.9040666744112968
  view-data: 3.378529954701662
