times:
  edit-metadata: 1.5827819593250751
  landing: 1.149934757500887
  view-data: 3.4759878404438496
