times:
  edit-metadata: 2.05461307708174
  landing: 0.02370751742273569
  view-data: 0.13391945604234934
