times:
  edit-metadata: 1.3823580560274422
  landing: 0.07483221800066531
  view-data: 0.2780756689608097
