times:
  edit-metadata: 1.1402185382321477
  landing: 0.039997683838009834
  view-data: 0.25052769761532545
