times:
  edit-metadata: 1.6565338224172592
  landing: 1.0160947181284428
  view-data: 3.4511545784771442
