times:
  edit-metadata: 1.4977554567158222
  landing: 1.0348955169320107
  view-data: 3.3617178052663803
