times:
  edit-metadata: 1.3994328454136848
  landing: 0.88827945291996
  view-data: 3.387283682823181
