times:
  edit-metadata: 1.8112770691514015
  landing: 1.094798732548952
  view-data: 3.448589615523815
