times:
  edit-metadata: 1.056590682361275
  landing: 0.04518277756869793
  view-data: 0.22986401803791523
