times:
  edit-metadata: 2.057260412722826
  landing: 0.023156248964369297
  view-data: 0.024273650720715523
