times:
  edit-metadata: 1.5051485151052475
  landing: 0.8639594800770283
  view-data: 3.3820221964269876
