times:
  edit-metadata: 1.5806400924921036
  landing: 1.0552132949233055
  view-data: 3.394482843577862
