times:
  edit-metadata: 1.713931068778038
  landing: 0.9420217555016279
  view-data: 3.3521520821377635
