times:
  edit-metadata: 2.0007494129240513
  landing: 0.023299521766602993
  view-data: 0.02654542215168476
