times:
  edit-metadata: 2.050647946074605
  landing: 0.023562979884445667
  view-data: 0.030627416446805
