times:
  edit-metadata: 2.280691232532263
  landing: 0.021942414343357086
  view-data: 0.02446248196065426
