times:
  edit-metadata: 2.047587651759386
  landing: 0.020400074310600758
  view-data: 0.027009829878807068
