times:
  edit-metadata: 2.0341596947982907
  landing: 0.021532636135816574
  view-data: 0.11979736108332872
