times:
  edit-metadata: 1.3547755195759237
  landing: 0.7414024649187922
  view-data: 3.2734722029417753
