times:
  edit-metadata: 1.7822416611015797
  landing: 1.1330527067184448
  view-data: 3.416723184287548
