times:
  edit-metadata: 2.2763371374458075
  landing: 0.20817935094237328
  view-data: 0.12224159389734268
