times:
  edit-metadata: 1.0215228428132832
  landing: 0.039707856718450785
  view-data: 0.231209980789572
