times:
  edit-metadata: 1.6247729128226638
  landing: 1.0946228923276067
  view-data: 3.3518059607595205
