times:
  edit-metadata: 2.8991875890642405
  landing: 0.17886983789503574
  view-data: 0.49430563300848007
