times:
  edit-metadata: 2.064606735482812
  landing: 0.17847162391990423
  view-data: 0.46248146519064903
