times:
  edit-metadata: 1.4111371841281652
  landing: 0.9044767525047064
  view-data: 3.344801902770996
