times:
  edit-metadata: 2.0654430836439133
  landing: 0.01896222773939371
  view-data: 0.20145350135862827
