times:
  edit-metadata: 1.6002213850151747
  landing: 0.9119566699955612
  view-data: 3.301732821157202
