times:
  edit-metadata: 2.2864031195640564
  landing: 0.20648250542581081
  view-data: 0.12280136905610561
