times:
  edit-metadata: 1.5153479650616646
  landing: 0.9708966240286827
  view-data: 3.3389727510511875
