times:
  edit-metadata: 1.3978661596775055
  landing: 0.7376049049198627
  view-data: 3.321883099153638
