times:
  edit-metadata: 1.4421697743237019
  landing: 0.9617302343249321
  view-data: 3.384145487099886
