times:
  edit-metadata: 1.3704189769923687
  landing: 0.9622229933738708
  view-data: 3.3614149875938892
