times:
  edit-metadata: 1.3758758299518377
  landing: 0.8180394290247932
  view-data: 3.4618333149701357
