times:
  edit-metadata: 2.0644566053524613
  landing: 0.01992999017238617
  view-data: 0.02717556245625019
