times:
  edit-metadata: 2.221487857401371
  landing: 0.15796052105724812
  view-data: 0.218363125808537
