times:
  edit-metadata: 1.3980192090384662
  landing: 0.07366306893527508
  view-data: 0.27223848877474666
