times:
  edit-metadata: 1.3452750789001584
  landing: 0.7741602659225464
  view-data: 3.3410104759968817
