times:
  edit-metadata: 1.6603688905015588
  landing: 0.9996534939855337
  view-data: 3.3609013622626662
