times:
  edit-metadata: 1.4296381250023842
  landing: 0.9475817233324051
  view-data: 3.334488168358803
