times:
  edit-metadata: 1.5518592838197947
  landing: 1.244147416204214
  view-data: 3.297558970749378
