times:
  edit-metadata: 1.3966230740770698
  landing: 0.915262334048748
  view-data: 3.3546170331537724
