times:
  edit-metadata: 1.6478352881968021
  landing: 1.1779061034321785
  view-data: 3.4049807153642178
