times:
  edit-metadata: 1.688111025840044
  landing: 0.9902945794165134
  view-data: 3.4018476754426956
