times:
  edit-metadata: 1.8207832612097263
  landing: 0.8133186623454094
  view-data: 3.349012654274702
