times:
  edit-metadata: 1.803057188168168
  landing: 1.319872222840786
  view-data: 3.336374981328845
