times:
  edit-metadata: 1.059648702852428
  landing: 0.05120084015652537
  view-data: 0.23215250205248594
