times:
  edit-metadata: 1.055733332876116
  landing: 0.04452123073861003
  view-data: 0.2389771332964301
