times:
  edit-metadata: 2.0616986798122525
  landing: 0.02081965282559395
  view-data: 0.12033805716782808
