times:
  edit-metadata: 1.0749956397339702
  landing: 0.039300881791859865
  view-data: 0.22866641357541084
