times:
  edit-metadata: 1.5587994433008134
  landing: 0.06484627583995461
  view-data: 0.35778168542310596
