times:
  edit-metadata: 2.3845224399119616
  landing: 0.12422001548111439
  view-data: 0.1408910732716322
