times:
  edit-metadata: 2.1161278188228607
  landing: 0.020398929715156555
  view-data: 0.024701690301299095
