times:
  edit-metadata: 2.460813402198255
  landing: 0.30393198505043983
  view-data: 0.02746083214879036
