times:
  edit-metadata: 1.4451320879161358
  landing: 0.7343439366668463
  view-data: 3.3489949852228165
