times:
  edit-metadata: 1.6929834838956594
  landing: 1.0440231682732701
  view-data: 3.442126269917935
