times:
  edit-metadata: 0.3971079899929464
  landing: 0.04310035705566406
  view-data: 0.20050308108329773
