times:
  edit-metadata: 2.544800678268075
  landing: 0.27336763963103294
  view-data: 0.4475043024867773
