times:
  edit-metadata: 1.4872671999037266
  landing: 1.1160299964249134
  view-data: 3.3503567166626453
