times:
  edit-metadata: 2.2585056610405445
  landing: 0.018723635002970695
  view-data: 0.3245337661355734
