times:
  edit-metadata: 2.3119147419929504
  landing: 0.2565778410062194
  view-data: 0.2907083462923765
