times:
  edit-metadata: 1.2969953613355756
  landing: 0.8788781892508268
  view-data: 3.280629875138402
