times:
  edit-metadata: 1.3389193136245012
  landing: 1.0633737090975046
  view-data: 3.878995468840003
