times:
  edit-metadata: 1.0511215552687645
  landing: 0.044279543682932854
  view-data: 0.2177143399603665
