times:
  edit-metadata: 1.5274878814816475
  landing: 0.8597061559557915
  view-data: 0.49797842651605606
