times:
  edit-metadata: 1.4299107119441032
  landing: 1.0279697552323341
  view-data: 3.308004718273878
