times:
  edit-metadata: 1.4003703631460667
  landing: 0.8045710623264313
  view-data: 3.3807585574686527
