times:
  edit-metadata: 1.6996406577527523
  landing: 1.0427170526236296
  view-data: 3.4001000486314297
