times:
  edit-metadata: 2.37200459651649
  landing: 0.13071914948523045
  view-data: 0.027270618826150894
