times:
  edit-metadata: 2.154329131357372
  landing: 0.1865035928785801
  view-data: 0.3117614770308137
