times:
  edit-metadata: 1.6425650492310524
  landing: 0.9401937946677208
  view-data: 3.3366398848593235
