times:
  edit-metadata: 2.0296677201986313
  landing: 1.0553180892020464
  view-data: 3.335010504350066
