times:
  edit-metadata: 1.8778998106718063
  landing: 1.1446143314242363
  view-data: 3.3648265674710274
