times:
  edit-metadata: 2.0904286932200193
  landing: 0.020303850062191486
  view-data: 0.13651393447071314
