times:
  edit-metadata: 2.0675347046926618
  landing: 0.02053063828498125
  view-data: 0.11868097353726625
