times:
  edit-metadata: 2.9084439970029052
  landing: 0.2792268810007954
  view-data: 0.0383771170018008
