times:
  edit-metadata: 3.3232150077819824
  landing: 0.40357403829693794
  view-data: 0.19674856029450893
