times:
  edit-metadata: 2.273079357109964
  landing: 0.1521100765094161
  view-data: 0.46622171346098185
