times:
  edit-metadata: 1.735844288021326
  landing: 1.043968880083412
  view-data: 3.5863111237995327
