times:
  edit-metadata: 1.6874446496367455
  landing: 0.8474661372601986
  view-data: 3.3305344842374325
