times:
  edit-metadata: 1.1255762469954789
  landing: 0.044165208004415035
  view-data: 0.2219202877022326
