times:
  edit-metadata: 2.0412826370447874
  landing: 0.019339310936629772
  view-data: 0.2055627964437008
