times:
  edit-metadata: 1.3701509770471603
  landing: 0.06377213192172348
  view-data: 0.3632649159990251
