times:
  edit-metadata: 2.0658356733620167
  landing: 0.16875905450433493
  view-data: 0.11526999156922102
