times:
  edit-metadata: 1.0981034021824598
  landing: 0.03962341882288456
  view-data: 0.2317136861383915
