times:
  edit-metadata: 1.4100192040205002
  landing: 0.7752085253596306
  view-data: 3.2740146219730377
