times:
  edit-metadata: 1.113096771761775
  landing: 0.04904286935925484
  view-data: 0.2342101614922285
