times:
  edit-metadata: 2.074265477247536
  landing: 0.11818212177604437
  view-data: 0.10139652993530035
