times:
  edit-metadata: 1.411895959987305
  landing: 0.07205571397207677
  view-data: 0.27209818398114294
