times:
  edit-metadata: 1.1075724493712187
  landing: 0.043893203139305115
  view-data: 0.2481962563470006
