times:
  edit-metadata: 1.3548703589476645
  landing: 0.9057238069362938
  view-data: 3.420052490197122
