times:
  edit-metadata: 0.4372611860744655
  landing: 0.03948799008503556
  view-data: 0.20298103289678693
