times:
  edit-metadata: 1.745562651020009
  landing: 0.09451052302028984
  view-data: 0.31784431502455845
