times:
  edit-metadata: 2.3177616633474827
  landing: 0.13215221837162971
  view-data: 0.12804648838937283
