times:
  edit-metadata: 1.0918400292284787
  landing: 0.05017512105405331
  view-data: 0.24583505326882005
