times:
  edit-metadata: 2.057969994843006
  landing: 0.17225186061114073
  view-data: 0.0286797396838665
