times:
  edit-metadata: 1.6355649717152119
  landing: 1.1099169179797173
  view-data: 3.3565455488860607
