times:
  edit-metadata: 2.1826623920351267
  landing: 0.14219538494944572
  view-data: 0.4481033943593502
