times:
  edit-metadata: 1.42797513701953
  landing: 0.06835010903887451
  view-data: 0.28650642512366176
