times:
  edit-metadata: 1.0414403271861374
  landing: 0.04125577490776777
  view-data: 0.21882410859689116
