times:
  edit-metadata: 1.3959990530274808
  landing: 0.9199884901754558
  view-data: 3.3724882770329714
