times:
  edit-metadata: 1.6510565830394626
  landing: 0.9129856349900365
  view-data: 3.3340191273018718
