times:
  edit-metadata: 1.3796413589734584
  landing: 1.0772397010587156
  view-data: 3.2983287010574713
