times:
  edit-metadata: 1.9073794484138489
  landing: 0.8953937701880932
  view-data: 3.298342764377594
