times:
  edit-metadata: 2.2927054055035114
  landing: 0.02417254075407982
  view-data: 0.025219302624464035
