times:
  edit-metadata: 1.1006285031326115
  landing: 0.040055051911622286
  view-data: 0.22836113208904862
