times:
  edit-metadata: 2.0738891940563917
  landing: 0.02162476722151041
  view-data: 0.39671352691948414
