times:
  edit-metadata: 1.7982021449133754
  landing: 0.10165831027552485
  view-data: 0.30884668696671724
