times:
  edit-metadata: 1.375294653698802
  landing: 0.8631020272150636
  view-data: 3.4043609416112304
