times:
  edit-metadata: 1.4049818709027022
  landing: 0.07218077406287193
  view-data: 0.2641561609925702
