times:
  edit-metadata: 3.173813110217452
  landing: 0.15557356923818588
  view-data: 0.7863383144140244
