times:
  edit-metadata: 2.2145325914025307
  landing: 0.16324027441442013
  view-data: 0.2586082760244608
