times:
  edit-metadata: 1.370392870157957
  landing: 0.9408072642982006
  view-data: 3.336806170642376
