times:
  edit-metadata: 3.053796550258994
  landing: 0.30570356734097004
  view-data: 0.36495375260710716
