times:
  edit-metadata: 1.7372560100629926
  landing: 1.1522095670225099
  view-data: 3.8730962940026075
