times:
  edit-metadata: 1.1375538748688996
  landing: 0.04032853618264198
  view-data: 0.2391278389841318
