times:
  edit-metadata: 1.39189382805489
  landing: 0.057900686049833894
  view-data: 0.25848128995858133
