times:
  edit-metadata: 2.99197462387383
  landing: 0.19741123169660568
  view-data: 0.16753333620727062
