times:
  edit-metadata: 1.373990080988733
  landing: 0.07136875198921189
  view-data: 0.2623141370131634
