times:
  edit-metadata: 1.4931503720581532
  landing: 0.9261898994445801
  view-data: 3.3008163571357727
