times:
  edit-metadata: 1.3338499340461567
  landing: 0.04817537602502853
  view-data: 0.2799564190208912
