times:
  edit-metadata: 1.4768633116036654
  landing: 0.9009103924036026
  view-data: 3.391627123579383
