times:
  edit-metadata: 1.38515585497953
  landing: 0.8252134681679308
  view-data: 3.395440057851374
