times:
  edit-metadata: 1.4759401641786098
  landing: 0.8782186396420002
  view-data: 3.2744130454957485
