times:
  edit-metadata: 1.3916842346079648
  landing: 0.0777665083296597
  view-data: 0.2662176126614213
