times:
  edit-metadata: 1.3772416152060032
  landing: 0.8024608716368675
  view-data: 3.31806668266654
