times:
  edit-metadata: 2.2629496920853853
  landing: 0.12204654514789581
  view-data: 0.28605406545102596
