times:
  edit-metadata: 2.066440121270716
  landing: 0.020454945042729378
  view-data: 0.11853626556694508
