times:
  edit-metadata: 2.245172120630741
  landing: 0.21274564787745476
  view-data: 0.1232571005821228
