times:
  edit-metadata: 2.2036324916407466
  landing: 0.19082189444452524
  view-data: 0.4684618264436722
