times:
  edit-metadata: 1.4104276959988056
  landing: 0.04911736700159963
  view-data: 0.2645692880032584
