times:
  edit-metadata: 0.37873628502711654
  landing: 0.039975900668650866
  view-data: 0.2046463848091662
