times:
  edit-metadata: 1.3128248688299209
  landing: 0.062367361038923264
  view-data: 0.2614405429922044
