times:
  edit-metadata: 1.1376156783662736
  landing: 0.04522652179002762
  view-data: 0.2441179216839373
