times:
  edit-metadata: 2.2880107779055834
  landing: 0.022413985803723335
  view-data: 0.12719186209142208
