times:
  edit-metadata: 1.487496547983028
  landing: 0.9501387359341606
  view-data: 3.6185446069575846
