times:
  edit-metadata: 2.068591510877013
  landing: 0.1266148630529642
  view-data: 0.026346027851104736
