times:
  edit-metadata: 1.3806449500843883
  landing: 0.7564800223335624
  view-data: 3.398247143253684
