times:
  edit-metadata: 2.0676508024334908
  landing: 0.02049903478473425
  view-data: 0.41159694269299507
