times:
  edit-metadata: 2.2798988223075867
  landing: 0.02014026790857315
  view-data: 0.1403772011399269
