times:
  edit-metadata: 1.3807353777810931
  landing: 0.8875566581264138
  view-data: 3.3172502368688583
