times:
  edit-metadata: 1.324397502001375
  landing: 0.053285629001038615
  view-data: 0.326954106996709
