times:
  edit-metadata: 1.3543441593647003
  landing: 0.9931664541363716
  view-data: 3.4309923127293587
