times:
  edit-metadata: 1.5082497522234917
  landing: 0.7868763022124767
  view-data: 3.343615472316742
