times:
  edit-metadata: 2.102518128231168
  landing: 1.052407931536436
  view-data: 3.374956810846925
