times:
  edit-metadata: 1.424527451978065
  landing: 0.8392603259999305
  view-data: 3.3533890589606017
