times:
  edit-metadata: 2.2935711834579706
  landing: 0.1424482837319374
  view-data: 0.3165644742548466
