times:
  edit-metadata: 2.538827296346426
  landing: 0.019227327778935432
  view-data: 0.03085019811987877
