times:
  edit-metadata: 3.2342266384512186
  landing: 0.2561441380530596
  view-data: 0.29866281896829605
