times:
  edit-metadata: 1.42394303297624
  landing: 0.10828566690906882
  view-data: 0.29557732795365155
