times:
  edit-metadata: 2.2174475509673357
  landing: 0.11472431384027004
  view-data: 0.3174034394323826
