times:
  edit-metadata: 1.443258460611105
  landing: 0.8846587240695953
  view-data: 3.3950310107320547
