times:
  edit-metadata: 2.336749505251646
  landing: 0.1481352597475052
  view-data: 0.48610369488596916
