times:
  edit-metadata: 1.572334386408329
  landing: 1.2184648402035236
  view-data: 3.4630851857364178
