times:
  edit-metadata: 1.9328273124992847
  landing: 1.2269044406712055
  view-data: 3.783725328743458
