times:
  edit-metadata: 1.2728249979991233
  landing: 0.07687623700621771
  view-data: 0.25432218800415285
