times:
  edit-metadata: 1.5080352164804935
  landing: 0.8313029408454895
  view-data: 3.3518515415489674
