times:
  edit-metadata: 1.3412684574723244
  landing: 1.0161087028682232
  view-data: 3.3614634089171886
