times:
  edit-metadata: 2.201756133697927
  landing: 0.19195511937141418
  view-data: 0.3766527771949768
