times:
  edit-metadata: 2.220893098041415
  landing: 0.021255163475871086
  view-data: 0.024300899356603622
