times:
  edit-metadata: 1.4641644419170916
  landing: 0.7854644120670855
  view-data: 3.3640871248207986
