times:
  edit-metadata: 1.3905116990208626
  landing: 0.06889848702121526
  view-data: 0.27436138805933297
