times:
  edit-metadata: 2.160573899745941
  landing: 1.2643078053370118
  view-data: 3.400224383920431
