times:
  edit-metadata: 1.5990828946232796
  landing: 0.8901574239134789
  view-data: 3.367492463439703
