times:
  edit-metadata: 2.1398529205471277
  landing: 0.11556755192577839
  view-data: 0.025199292227625847
