times:
  edit-metadata: 2.583889214321971
  landing: 0.32525256276130676
  view-data: 0.16468422673642635
