times:
  edit-metadata: 1.6901378352195024
  landing: 1.1360179986804724
  view-data: 3.3652590308338404
