times:
  edit-metadata: 1.4017856498248875
  landing: 0.05954583594575524
  view-data: 0.27718411013484
