times:
  edit-metadata: 2.047614752314985
  landing: 0.02209211979061365
  view-data: 0.12093411479145288
