times:
  edit-metadata: 1.4494930543005466
  landing: 0.7862464394420385
  view-data: 3.393289901316166
