times:
  edit-metadata: 2.0591645715758204
  landing: 0.018525858409702778
  view-data: 0.12323798332363367
