times:
  edit-metadata: 2.389062387868762
  landing: 0.19981838949024677
  view-data: 0.02619209885597229
