times:
  edit-metadata: 1.4917322001419961
  landing: 0.07102311495691538
  view-data: 0.4225184512324631
