times:
  edit-metadata: 1.0726265851408243
  landing: 0.04296743217855692
  view-data: 0.2308645169250667
