times:
  edit-metadata: 1.37829231005162
  landing: 0.07401835918426514
  view-data: 0.26160615403205156
