times:
  edit-metadata: 1.4290945548564196
  landing: 0.8558238567784429
  view-data: 3.268349069170654
