times:
  edit-metadata: 1.6579263992607594
  landing: 1.0378937311470509
  view-data: 3.495969407260418
