times:
  edit-metadata: 2.027148863300681
  landing: 0.021892709657549858
  view-data: 0.12378354836255312
