times:
  edit-metadata: 1.8221134706400335
  landing: 1.1125587783753872
  view-data: 3.378850053064525
