times:
  edit-metadata: 1.389619193971157
  landing: 0.817027447745204
  view-data: 3.360382402315736
