times:
  edit-metadata: 1.4765536673367023
  landing: 0.9442497417330742
  view-data: 3.3376082815229893
