times:
  edit-metadata: 1.5483899973332882
  landing: 0.9416997246444225
  view-data: 3.4116031154990196
