times:
  edit-metadata: 2.065349981188774
  landing: 0.02233543898910284
  view-data: 0.12300474941730499
