times:
  edit-metadata: 2.292725522071123
  landing: 0.021060142666101456
  view-data: 0.027014313265681267
