times:
  edit-metadata: 1.4161961560603231
  landing: 0.06378623913042247
  view-data: 0.27054990106262267
