times:
  edit-metadata: 1.1010229727253318
  landing: 0.041270903311669827
  view-data: 0.23749786615371704
