times:
  edit-metadata: 1.115683977957815
  landing: 0.051179178059101105
  view-data: 0.23477304074913263
