times:
  edit-metadata: 2.9318335223942995
  landing: 0.26270703971385956
  view-data: 0.5528415478765965
