times:
  edit-metadata: 2.0316449627280235
  landing: 0.0209588510915637
  view-data: 0.0236531849950552
