times:
  edit-metadata: 1.4058908261358738
  landing: 0.8446305468678474
  view-data: 3.3697727620601654
