times:
  edit-metadata: 2.1478135995566845
  landing: 0.019328085705637932
  view-data: 0.3610082734376192
