times:
  edit-metadata: 2.8128659520298243
  landing: 0.12589182704687119
  view-data: 0.3154081106185913
