times:
  edit-metadata: 2.6389307603240013
  landing: 0.27075217477977276
  view-data: 0.15781937167048454
