times:
  edit-metadata: 1.382248749025166
  landing: 0.07462271023541689
  view-data: 0.5272644031792879
