times:
  edit-metadata: 2.30435006134212
  landing: 0.020197071135044098
  view-data: 0.33449581637978554
