times:
  edit-metadata: 1.2989493920467794
  landing: 0.7696581920608878
  view-data: 3.3498499949928373
