times:
  edit-metadata: 3.250773759558797
  landing: 0.07195021025836468
  view-data: 0.14982845075428486
