times:
  edit-metadata: 2.207463246770203
  landing: 0.01855942513793707
  view-data: 0.022508163936436176
