times:
  edit-metadata: 0.4275258081033826
  landing: 0.04993136879056692
  view-data: 0.19269458996132016
