times:
  edit-metadata: 1.4173213951289654
  landing: 0.7830026987940073
  view-data: 3.3489369228482246
