times:
  edit-metadata: 1.535653297090903
  landing: 0.10197627893649042
  view-data: 0.2731974278576672
