times:
  edit-metadata: 3.8253687424585223
  landing: 2.339697397314012
  view-data: 4.006804714910686
