times:
  edit-metadata: 2.036212293431163
  landing: 0.021705718711018562
  view-data: 0.12108439207077026
