times:
  edit-metadata: 2.2096968684345484
  landing: 0.021293995901942253
  view-data: 0.02657134272158146
