times:
  edit-metadata: 2.5840832171961665
  landing: 1.0946377636864781
  view-data: 3.384929910302162
