times:
  edit-metadata: 1.8532142080366611
  landing: 1.414036264643073
  view-data: 3.3605819828808308
