times:
  edit-metadata: 1.345617444254458
  landing: 0.8498053597286344
  view-data: 3.272102232091129
