times:
  edit-metadata: 1.0777429966256022
  landing: 0.0413389690220356
  view-data: 0.23960657324641943
