times:
  edit-metadata: 1.4242924629943445
  landing: 0.054608381004072726
  view-data: 0.2681733120698482
