times:
  edit-metadata: 2.5708600524812937
  landing: 0.28922480531036854
  view-data: 0.5265905205160379
