times:
  edit-metadata: 2.4679042287170887
  landing: 0.10233430564403534
  view-data: 0.30012237653136253
