times:
  edit-metadata: 2.083387976512313
  landing: 0.20738884434103966
  view-data: 0.11590262223035097
