times:
  edit-metadata: 1.333074324997142
  landing: 0.04291072499472648
  view-data: 0.2556749660288915
