times:
  edit-metadata: 1.307233840227127
  landing: 0.04450849303975701
  view-data: 0.25171529687941074
