times:
  edit-metadata: 2.0669404631480575
  landing: 0.1330652879551053
  view-data: 0.02571161277592182
