times:
  edit-metadata: 1.6233947724103928
  landing: 0.9499613530933857
  view-data: 3.3382145948708057
