times:
  edit-metadata: 1.3649906162172556
  landing: 0.9641374405473471
  view-data: 3.305709693580866
