times:
  edit-metadata: 2.0880598528310657
  landing: 0.02119262143969536
  view-data: 0.12098836991935968
