times:
  edit-metadata: 1.4450539420358837
  landing: 0.04986901790834963
  view-data: 0.266255761962384
