times:
  edit-metadata: 1.0997118754312396
  landing: 0.04808188881725073
  view-data: 0.24072388280183077
