times:
  edit-metadata: 2.918665936216712
  landing: 1.4722344875335693
  view-data: 3.683960758149624
