times:
  edit-metadata: 1.3570503620430827
  landing: 0.8375719289761037
  view-data: 3.2786150951869786
