times:
  edit-metadata: 2.358009546995163
  landing: 0.022943079471588135
  view-data: 0.025932207703590393
