times:
  edit-metadata: 1.4642024980857968
  landing: 0.7575351744890213
  view-data: 3.3142400197684765
