times:
  edit-metadata: 2.4495271556079388
  landing: 0.25213019363582134
  view-data: 0.2623997535556555
