times:
  edit-metadata: 1.3898827019147575
  landing: 0.7680380488745868
  view-data: 3.306091128848493
