times:
  edit-metadata: 1.4252018849365413
  landing: 0.07471587089821696
  view-data: 0.293084769975394
