times:
  edit-metadata: 1.067244323901832
  landing: 0.04798538098111749
  view-data: 0.23407902428880334
