times:
  edit-metadata: 2.2659337017685175
  landing: 0.020260553807020187
  view-data: 0.025610839016735554
