times:
  edit-metadata: 1.4684377573430538
  landing: 0.723514799028635
  view-data: 3.35334593988955
