times:
  edit-metadata: 0.38116308115422726
  landing: 0.040473791770637035
  view-data: 0.1984477210789919
