times:
  edit-metadata: 1.4608417302370071
  landing: 0.7999297492206097
  view-data: 3.361815344542265
