times:
  edit-metadata: 1.405880428967066
  landing: 0.06934437295421958
  view-data: 0.2618390859570354
