times:
  edit-metadata: 1.326332326978445
  landing: 0.9382039569318295
  view-data: 3.410597302019596
