times:
  edit-metadata: 1.3593611440155655
  landing: 0.7881168927997351
  view-data: 3.269412319175899
