times:
  edit-metadata: 1.4705835673958063
  landing: 0.8898163270205259
  view-data: 3.3535038754343987
