times:
  edit-metadata: 1.577708092983812
  landing: 0.059853489976376295
  view-data: 0.3227896708995104
