times:
  edit-metadata: 1.3582994509488344
  landing: 0.8041981011629105
  view-data: 3.36813242174685
