times:
  edit-metadata: 1.5136143849231303
  landing: 0.05393693409860134
  view-data: 0.3217406701296568
