times:
  edit-metadata: 1.2913002357818186
  landing: 0.060289943125098944
  view-data: 0.24818701716139913
