times:
  edit-metadata: 1.4149453609716147
  landing: 0.8645367189310491
  view-data: 3.3669523869175464
