times:
  edit-metadata: 1.370961271226406
  landing: 0.7540678288787603
  view-data: 3.34576634503901
