times:
  edit-metadata: 1.2381803549360484
  landing: 0.06992540508508682
  view-data: 0.2548439740203321
