times:
  edit-metadata: 1.5976072810590267
  landing: 0.9414753913879395
  view-data: 3.3389335609972477
