times:
  edit-metadata: 1.4288869160227478
  landing: 0.06913533597253263
  view-data: 0.25992308906279504
