times:
  edit-metadata: 1.5316142421215773
  landing: 0.04673922900110483
  view-data: 0.3677889290265739
