times:
  edit-metadata: 2.0718118343502283
  landing: 0.020237475633621216
  view-data: 0.02754601277410984
