times:
  edit-metadata: 1.475563770160079
  landing: 0.7050970932468772
  view-data: 3.3254855419509113
