times:
  edit-metadata: 1.5442903339862823
  landing: 0.7176471389830112
  view-data: 3.350155185908079
