times:
  edit-metadata: 1.3117876559845172
  landing: 0.046967644011601806
  view-data: 0.25556229799985886
