times:
  edit-metadata: 1.300717303995043
  landing: 0.054098204942420125
  view-data: 0.2596966689452529
