times:
  edit-metadata: 1.1063492810353637
  landing: 0.046533315908163786
  view-data: 0.2422235468402505
