times:
  edit-metadata: 2.059347016736865
  landing: 0.019236398860812187
  view-data: 0.0975797651335597
