times:
  edit-metadata: 2.9089635089039803
  landing: 0.25728514418005943
  view-data: 0.14469232968986034
