times:
  edit-metadata: 1.4012485290004406
  landing: 0.06647507900197525
  view-data: 0.2692741539940471
