times:
  edit-metadata: 2.166837003082037
  landing: 0.01996622234582901
  view-data: 0.10210265032947063
