times:
  edit-metadata: 2.469083959236741
  landing: 0.23067492060363293
  view-data: 0.28023600205779076
