times:
  edit-metadata: 1.4089714102447033
  landing: 0.06850808206945658
  view-data: 0.2730063241906464
