times:
  edit-metadata: 1.647172891010996
  landing: 0.20398514298722148
  view-data: 0.3726923630165402
