times:
  edit-metadata: 2.0895987963303924
  landing: 0.22090010531246662
  view-data: 0.24455861281603575
