times:
  edit-metadata: 3.299932263791561
  landing: 0.3249027766287327
  view-data: 0.37867752090096474
