times:
  edit-metadata: 1.4991987608373165
  landing: 1.0001095086336136
  view-data: 3.350674543529749
