times:
  edit-metadata: 1.39956827275455
  landing: 0.7448284011334181
  view-data: 3.3340247590094805
