times:
  edit-metadata: 2.665623715147376
  landing: 0.050275854766368866
  view-data: 0.3641786929219961
