times:
  edit-metadata: 1.3780693039298058
  landing: 0.8330949479714036
  view-data: 3.3738744272850454
