times:
  edit-metadata: 1.4316692911088467
  landing: 0.93779082223773
  view-data: 3.306197252124548
