times:
  edit-metadata: 1.6277438648976386
  landing: 1.0564885488711298
  view-data: 3.359618221409619
