times:
  edit-metadata: 4.8474409729242325
  landing: 2.977959219366312
  view-data: 4.275331072509289
