times:
  edit-metadata: 2.1260340232402086
  landing: 0.12104837130755186
  view-data: 0.10347608663141727
