times:
  edit-metadata: 1.3724322132766247
  landing: 1.0217236131429672
  view-data: 3.3255000673234463
