times:
  edit-metadata: 1.4183637890964746
  landing: 0.8683133330196142
  view-data: 3.379372823983431
