times:
  edit-metadata: 1.4236359409987926
  landing: 0.8588478323072195
  view-data: 3.415750727057457
