times:
  edit-metadata: 1.6892781630158424
  landing: 0.8870559521019459
  view-data: 3.3973213620483875
