times:
  edit-metadata: 1.0736153898760676
  landing: 0.04463903605937958
  view-data: 0.23807027330622077
