times:
  edit-metadata: 2.195267766714096
  landing: 0.17304655723273754
  view-data: 0.29454731568694115
