times:
  edit-metadata: 1.3746704519726336
  landing: 0.058661629911512136
  view-data: 0.3900219011120498
