times:
  edit-metadata: 1.539275400340557
  landing: 0.746095784008503
  view-data: 3.305428532883525
