times:
  edit-metadata: 1.426718593982514
  landing: 0.044838803994935006
  view-data: 0.27177773299627006
