times:
  edit-metadata: 2.2866209521889687
  landing: 0.1982248555868864
  view-data: 0.02518126368522644
