times:
  edit-metadata: 2.099947395734489
  landing: 0.12520103994756937
  view-data: 0.10080295335501432
