times:
  edit-metadata: 0.4097228217869997
  landing: 0.04719420522451401
  view-data: 0.19186685793101788
