times:
  edit-metadata: 1.2950846869498491
  landing: 0.748322962783277
  view-data: 3.272675366140902
