times:
  edit-metadata: 1.418924594996497
  landing: 0.06669033109210432
  view-data: 0.2655297480523586
