times:
  edit-metadata: 0.4228369523771107
  landing: 0.044237530790269375
  view-data: 0.1942024859599769
