times:
  edit-metadata: 2.054547104984522
  landing: 0.020515565760433674
  view-data: 0.026407521218061447
