times:
  edit-metadata: 1.5342776030302048
  landing: 1.101732186973095
  view-data: 3.4358248487114906
