times:
  edit-metadata: 1.3395613431930542
  landing: 0.8602511025965214
  view-data: 3.2890389002859592
