times:
  edit-metadata: 2.3164945263415575
  landing: 0.17439919151365757
  view-data: 0.12259127758443356
