times:
  edit-metadata: 1.2910881843417883
  landing: 0.9609501678496599
  view-data: 3.335399817675352
