times:
  edit-metadata: 1.405668020248413
  landing: 1.0203046575188637
  view-data: 3.437450820580125
