times:
  edit-metadata: 1.6513299569487572
  landing: 1.0018279002979398
  view-data: 3.461745886132121
