times:
  edit-metadata: 2.0517187574878335
  landing: 0.13380527216941118
  view-data: 0.025746459141373634
