times:
  edit-metadata: 1.3379619700135663
  landing: 0.04554997698869556
  view-data: 0.2677591220708564
