times:
  edit-metadata: 1.4613003768026829
  landing: 0.9135902784764767
  view-data: 3.385636216029525
