times:
  edit-metadata: 1.39147024898557
  landing: 0.06013774301391095
  view-data: 0.2599443179788068
