times:
  edit-metadata: 1.5188641999848187
  landing: 0.9838099484331906
  view-data: 3.2462209733203053
