times:
  edit-metadata: 1.3947875881567597
  landing: 0.07414041692391038
  view-data: 0.2604894251562655
