times:
  edit-metadata: 2.165225910022855
  landing: 0.024470586329698563
  view-data: 0.025365762412548065
