times:
  edit-metadata: 1.5637344657443464
  landing: 0.06831034272909164
  view-data: 0.35546041931957006
