times:
  edit-metadata: 2.715356096625328
  landing: 0.020638050511479378
  view-data: 0.029070109128952026
