times:
  edit-metadata: 1.5025606453418732
  landing: 0.8080700896680355
  view-data: 3.3686152193695307
