times:
  edit-metadata: 2.252456394955516
  landing: 0.019896475598216057
  view-data: 0.026250634342432022
