times:
  edit-metadata: 1.665380161255598
  landing: 1.0937004461884499
  view-data: 3.371817145496607
