times:
  edit-metadata: 2.5366175156086683
  landing: 0.2601414918899536
  view-data: 0.02698821760714054
