times:
  edit-metadata: 1.7221434509847313
  landing: 0.2891736330348067
  view-data: 0.30518734198994935
