times:
  edit-metadata: 2.226415891200304
  landing: 1.0764983668923378
  view-data: 3.4192921817302704
