times:
  edit-metadata: 1.1140650119632483
  landing: 0.04710238520056009
  view-data: 0.24760078079998493
