times:
  edit-metadata: 2.2376964800059795
  landing: 0.020225482061505318
  view-data: 0.12557054311037064
