times:
  edit-metadata: 2.2153130061924458
  landing: 0.02235989086329937
  view-data: 0.12436134368181229
