times:
  edit-metadata: 1.4170817220001481
  landing: 0.06494860799284652
  view-data: 0.28516825899714604
