times:
  edit-metadata: 1.4280706159770489
  landing: 0.9234820026904345
  view-data: 3.3335261419415474
