times:
  edit-metadata: 1.2783930096775293
  landing: 0.8789153536781669
  view-data: 3.3732370948418975
