times:
  edit-metadata: 2.068040404468775
  landing: 0.026312362402677536
  view-data: 0.023701141588389874
