times:
  edit-metadata: 2.0826361225917935
  landing: 0.02169710211455822
  view-data: 0.024522135965526104
