times:
  edit-metadata: 2.017450410872698
  landing: 0.1679139295592904
  view-data: 0.1342723611742258
