times:
  edit-metadata: 1.2377041839063168
  landing: 0.04194188769906759
  view-data: 0.2321495246142149
