times:
  edit-metadata: 1.3129505401011556
  landing: 0.04728508903644979
  view-data: 0.2563828530255705
