times:
  edit-metadata: 2.241014998406172
  landing: 0.1971073690801859
  view-data: 0.02690654806792736
