times:
  edit-metadata: 1.558111485093832
  landing: 0.9709875211119652
  view-data: 3.380075730383396
