times:
  edit-metadata: 2.0505409026518464
  landing: 0.02062113583087921
  view-data: 0.12362359277904034
