times:
  edit-metadata: 1.7229907494038343
  landing: 0.916842844337225
  view-data: 3.3593430630862713
