times:
  edit-metadata: 3.5535542089492083
  landing: 0.16502756252884865
  view-data: 0.38397161290049553
