times:
  edit-metadata: 1.3649720884859562
  landing: 1.0669080130755901
  view-data: 3.3823495730757713
