times:
  edit-metadata: 1.5076652355492115
  landing: 0.7675933409482241
  view-data: 3.3278547413647175
