times:
  edit-metadata: 1.4767978554591537
  landing: 0.8712644488550723
  view-data: 3.397261817008257
