times:
  edit-metadata: 1.5141447680070996
  landing: 0.8079049224033952
  view-data: 3.2902241246774793
