times:
  edit-metadata: 1.603083639871329
  landing: 0.0454794792458415
  view-data: 0.42662969697266817
