times:
  edit-metadata: 1.5059359185397625
  landing: 0.8664466924965382
  view-data: 3.36897998675704
