times:
  edit-metadata: 2.547469509765506
  landing: 0.02443675883114338
  view-data: 0.028847597539424896
