times:
  edit-metadata: 1.4154794230125844
  landing: 0.07201538514345884
  view-data: 0.2736370381899178
