times:
  edit-metadata: 1.528748482465744
  landing: 0.8075060099363327
  view-data: 3.2842675298452377
