times:
  edit-metadata: 1.3524240562692285
  landing: 0.8368171518668532
  view-data: 3.435488441027701
