times:
  edit-metadata: 1.4319740571081638
  landing: 0.9884744100272655
  view-data: 3.3608017340302467
