times:
  edit-metadata: 2.5360595509409904
  landing: 0.21977421082556248
  view-data: 0.3627782091498375
