times:
  edit-metadata: 2.183048814535141
  landing: 0.02070429641753435
  view-data: 0.02532027382403612
