times:
  edit-metadata: 2.6614404395222664
  landing: 0.2540945764631033
  view-data: 0.4856197368353605
