times:
  edit-metadata: 2.0541006177663803
  landing: 0.019736398942768574
  view-data: 0.09770847298204899
