times:
  edit-metadata: 2.2197998352348804
  landing: 0.0218034777790308
  view-data: 0.32325476594269276
