times:
  edit-metadata: 2.5409619472920895
  landing: 0.3700792510062456
  view-data: 0.15362549386918545
