times:
  edit-metadata: 2.411768736317754
  landing: 0.12435943819582462
  view-data: 0.36281304620206356
