times:
  edit-metadata: 2.0213973000645638
  landing: 0.021546409465372562
  view-data: 0.02716431301087141
