times:
  edit-metadata: 2.210884504020214
  landing: 0.2380246128886938
  view-data: 0.09832354076206684
