times:
  edit-metadata: 2.2083843275904655
  landing: 0.15208937786519527
  view-data: 0.32850565388798714
