times:
  edit-metadata: 2.0706076053902507
  landing: 0.023753013461828232
  view-data: 0.02542054932564497
