times:
  edit-metadata: 1.063368328846991
  landing: 0.042094819247722626
  view-data: 0.2390547413378954
