times:
  edit-metadata: 1.4011055410373956
  landing: 0.046647110022604465
  view-data: 0.3854511061217636
