times:
  edit-metadata: 2.631735384464264
  landing: 1.3336385376751423
  view-data: 3.523429162800312
