times:
  edit-metadata: 1.3195212581194937
  landing: 0.048931576777249575
  view-data: 0.25468641612678766
