times:
  edit-metadata: 2.3080978728830814
  landing: 0.1358336489647627
  view-data: 0.026536595076322556
