times:
  edit-metadata: 2.240109646692872
  landing: 0.02028821036219597
  view-data: 0.024989936500787735
