times:
  edit-metadata: 2.2545853536576033
  landing: 0.22927474603056908
  view-data: 0.02416684664785862
