times:
  edit-metadata: 1.3957565638702363
  landing: 0.07758930884301662
  view-data: 0.2656053949613124
