times:
  edit-metadata: 2.2222496243193746
  landing: 0.019725310616195202
  view-data: 0.33226647786796093
