times:
  edit-metadata: 2.232702173292637
  landing: 0.018530968576669693
  view-data: 0.023458095267415047
