times:
  edit-metadata: 1.3667387254536152
  landing: 0.9562276899814606
  view-data: 3.3247414268553257
