times:
  edit-metadata: 1.3766549974679947
  landing: 1.0569343715906143
  view-data: 3.351372569799423
