times:
  edit-metadata: 2.3413207177072763
  landing: 0.02133084461092949
  view-data: 0.3223731089383364
