times:
  edit-metadata: 1.3587399162352085
  landing: 0.8006344176828861
  view-data: 3.3202909007668495
