times:
  edit-metadata: 1.6609198562800884
  landing: 1.0751055777072906
  view-data: 3.359809033572674
