times:
  edit-metadata: 2.238253405317664
  landing: 0.09795224107801914
  view-data: 0.10305901244282722
