times:
  edit-metadata: 1.0718677216209471
  landing: 0.04275496816262603
  view-data: 0.24212486576288939
