times:
  edit-metadata: 1.6167617850005627
  landing: 1.2334063276648521
  view-data: 3.408860854804516
