times:
  edit-metadata: 1.402593595907092
  landing: 0.7541760206222534
  view-data: 3.309400172904134
