times:
  edit-metadata: 3.1404110873118043
  landing: 0.27276081684976816
  view-data: 0.33369163516908884
