times:
  edit-metadata: 1.353931713849306
  landing: 0.8163917995989323
  view-data: 3.3458516150712967
