times:
  edit-metadata: 1.6230896208435297
  landing: 0.9447295777499676
  view-data: 3.330250270664692
