times:
  edit-metadata: 1.3669096929952502
  landing: 0.8539013999979943
  view-data: 3.235889032948762
