times:
  edit-metadata: 1.4832221567630768
  landing: 0.8053525239229202
  view-data: 3.402550498023629
