times:
  edit-metadata: 1.1300493823364377
  landing: 0.0433427719399333
  view-data: 0.24871026910841465
