times:
  edit-metadata: 1.5296847759746015
  landing: 0.8379289698787034
  view-data: 3.296442278660834
