times:
  edit-metadata: 1.6806593262590468
  landing: 1.0511834621429443
  view-data: 3.3796400669962168
