times:
  edit-metadata: 1.3937414339743555
  landing: 0.06802575499750674
  view-data: 0.2605901829665527
