times:
  edit-metadata: 1.5143148489296436
  landing: 0.8433573767542839
  view-data: 3.3445510752499104
