times:
  edit-metadata: 1.4108613249845803
  landing: 0.04837269091513008
  view-data: 0.2673022699309513
