times:
  edit-metadata: 1.3383561689406633
  landing: 0.7814519554376602
  view-data: 3.3744373470544815
