times:
  edit-metadata: 0.37597681023180485
  landing: 0.04131381306797266
  view-data: 0.2003965531475842
