times:
  edit-metadata: 1.370554618537426
  landing: 0.8692383319139481
  view-data: 3.303643587976694
