times:
  edit-metadata: 2.9886574990232475
  landing: 0.18028013198636472
  view-data: 0.4001024740282446
