times:
  edit-metadata: 1.9859669096767902
  landing: 1.059956632554531
  view-data: 3.3518740572035313
