times:
  edit-metadata: 1.035260890610516
  landing: 0.045751811005175114
  view-data: 0.22745400294661522
