times:
  edit-metadata: 1.4410643939627334
  landing: 0.05343955097487196
  view-data: 0.26872397400438786
