times:
  edit-metadata: 1.40667880512774
  landing: 0.0767704932950437
  view-data: 0.2718719062395394
