times:
  edit-metadata: 1.3642500713467598
  landing: 0.8098207209259272
  view-data: 3.325816595926881
