times:
  edit-metadata: 2.0822291020303965
  landing: 0.19507980905473232
  view-data: 0.024844271130859852
