times:
  edit-metadata: 1.5469767525792122
  landing: 0.7939815409481525
  view-data: 3.3851348124444485
