times:
  edit-metadata: 1.3345906781032681
  landing: 0.752090610563755
  view-data: 3.393778213299811
