times:
  edit-metadata: 2.7132206726819277
  landing: 0.267036696895957
  view-data: 0.13170165196061134
