times:
  edit-metadata: 1.4017509670229629
  landing: 0.07579676795285195
  view-data: 0.26740590995177627
