times:
  edit-metadata: 1.5090817529708147
  landing: 0.7541084345430136
  view-data: 3.4278853069990873
