times:
  edit-metadata: 1.5613592471927404
  landing: 0.054614182095974684
  view-data: 0.23835140373557806
