times:
  edit-metadata: 1.2792332980025094
  landing: 0.06510163500206545
  view-data: 0.2610071679955581
