times:
  edit-metadata: 1.8365777544677258
  landing: 0.9731180854141712
  view-data: 3.3922854885458946
