times:
  edit-metadata: 2.0745356418192387
  landing: 0.01883753389120102
  view-data: 0.12006870470941067
