times:
  edit-metadata: 2.0802919063717127
  landing: 0.022091745398938656
  view-data: 0.026857685297727585
