times:
  edit-metadata: 1.3887890428304672
  landing: 0.7370620146393776
  view-data: 3.290519878268242
