times:
  edit-metadata: 1.5736958719789982
  landing: 0.9902731776237488
  view-data: 3.3067115172743797
