times:
  edit-metadata: 1.3017020006664097
  landing: 0.05007611168548465
  view-data: 161.01916202204302
