times:
  edit-metadata: 2.0650652833282948
  landing: 0.018967388197779655
  view-data: 0.4534934191033244
