times:
  edit-metadata: 1.2925772778689861
  landing: 0.8346849642693996
  view-data: 3.3248655907809734
