times:
  edit-metadata: 2.2641802728176117
  landing: 0.21484116278588772
  view-data: 0.12238720059394836
