times:
  edit-metadata: 2.078932860866189
  landing: 0.022782989777624607
  view-data: 0.024338245391845703
