times:
  edit-metadata: 1.0744812339544296
  landing: 0.04881101194769144
  view-data: 0.23616409907117486
