times:
  edit-metadata: 1.385557941161096
  landing: 0.07501047989353538
  view-data: 0.2678479147143662
