times:
  edit-metadata: 2.1522386968135834
  landing: 0.019805888645350933
  view-data: 0.026458824053406715
