times:
  edit-metadata: 0.6025398371275514
  landing: 0.05022503202781081
  view-data: 0.22949551395140588
