times:
  edit-metadata: 1.5266289412975311
  landing: 0.8628169447183609
  view-data: 3.282892521470785
