times:
  edit-metadata: 1.41393630951643
  landing: 0.7153095826506615
  view-data: 3.4390302523970604
