times:
  edit-metadata: 1.618324764072895
  landing: 0.8524126596748829
  view-data: 3.3143722638487816
