times:
  edit-metadata: 1.5850033648312092
  landing: 0.7465585470199585
  view-data: 3.2915928699076176
