times:
  edit-metadata: 1.4227476567029953
  landing: 0.7788978964090347
  view-data: 3.4577703773975372
