times:
  edit-metadata: 1.5190863758325577
  landing: 0.8020755723118782
  view-data: 3.5020207092165947
