times:
  edit-metadata: 1.3745418712496758
  landing: 0.7896488979458809
  view-data: 3.3234225511550903
