times:
  edit-metadata: 1.3870334215462208
  landing: 0.7921343818306923
  view-data: 3.314307101070881
