times:
  edit-metadata: 1.5059412084519863
  landing: 0.8224809430539608
  view-data: 3.30657672137022
