times:
  edit-metadata: 1.3516706228256226
  landing: 0.7837255895137787
  view-data: 3.3100488036870956
