times:
  edit-metadata: 1.3711949735879898
  landing: 0.8932734653353691
  view-data: 3.5159508734941483
