times:
  edit-metadata: 1.893155351281166
  landing: 1.1484478041529655
  view-data: 3.4937380477786064
