times:
  edit-metadata: 1.4507398903369904
  landing: 0.7398079819977283
  view-data: 3.298156913369894
