times:
  edit-metadata: 1.4370143041014671
  landing: 0.7821678817272186
  view-data: 3.4473753198981285
