times:
  edit-metadata: 1.427039548754692
  landing: 0.7166451252996922
  view-data: 3.2977780923247337
