times:
  edit-metadata: 1.634660940617323
  landing: 0.8462294153869152
  view-data: 3.387118339538574
