times:
  edit-metadata: 1.4405037313699722
  landing: 0.8315513730049133
  view-data: 3.4213901311159134
