times:
  edit-metadata: 1.4488569051027298
  landing: 0.7842427641153336
  view-data: 3.4540056586265564
