times:
  edit-metadata: 2.779073841869831
  landing: 1.458639457821846
  view-data: 3.689459003508091
