times:
  edit-metadata: 1.3797187954187393
  landing: 0.825358085334301
  view-data: 3.338693767786026
