times:
  edit-metadata: 1.547799039632082
  landing: 0.8320605345070362
  view-data: 3.374222308397293
