times:
  edit-metadata: 1.4585420601069927
  landing: 0.7382122501730919
  view-data: 3.308985598385334
