times:
  edit-metadata: 1.4692768231034279
  landing: 0.8008335679769516
  view-data: 3.3064705803990364
