times:
  edit-metadata: 1.6326086595654488
  landing: 1.0449300706386566
  view-data: 3.5349238142371178
