times:
  edit-metadata: 1.4469687566161156
  landing: 0.8857100680470467
  view-data: 3.488154388964176
