times:
  edit-metadata: 1.5569794476032257
  landing: 0.8100440129637718
  view-data: 3.301270492374897
