times:
  edit-metadata: 1.5028391852974892
  landing: 0.807209312915802
  view-data: 3.3358622193336487
