times:
  edit-metadata: 1.6806221194565296
  landing: 0.9793288968503475
  view-data: 3.3547235280275345
