times:
  edit-metadata: 1.5219092592597008
  landing: 0.7725231498479843
  view-data: 3.545156106352806
