times:
  edit-metadata: 1.3589273765683174
  landing: 0.7010729983448982
  view-data: 3.4139057472348213
