times:
  edit-metadata: 1.405667744576931
  landing: 0.7874183170497417
  view-data: 3.3242825344204903
