times:
  edit-metadata: 1.3901235535740852
  landing: 0.7003496140241623
  view-data: 3.505983091890812
