times:
  edit-metadata: 1.4376233145594597
  landing: 0.6996635869145393
  view-data: 3.3728737086057663
