times:
  edit-metadata: 1.5431435070931911
  landing: 0.9152515158057213
  view-data: 3.46152151748538
