times:
  edit-metadata: 1.5159351527690887
  landing: 0.8066467568278313
  view-data: 3.5192385986447334
