times:
  edit-metadata: 1.5266524031758308
  landing: 0.7693150117993355
  view-data: 3.341022253036499
