times:
  edit-metadata: 1.3253101110458374
  landing: 0.7621399909257889
  view-data: 3.472052924335003
