times:
  edit-metadata: 1.5199695378541946
  landing: 0.9023662582039833
  view-data: 3.5371238440275192
