times:
  edit-metadata: 1.4545348808169365
  landing: 0.8089374527335167
  view-data: 3.439937047660351
