times:
  edit-metadata: 1.435910128057003
  landing: 0.727484367787838
  view-data: 3.512217700481415
