times:
  edit-metadata: 2.8545893132686615
  landing: 1.4701235741376877
  view-data: 3.7601943016052246
