times:
  edit-metadata: 1.359608680009842
  landing: 0.7062215432524681
  view-data: 3.5772248283028603
