times:
  edit-metadata: 1.3772165961563587
  landing: 0.6917696408927441
  view-data: 3.296356614679098
