times:
  edit-metadata: 1.4475158601999283
  landing: 0.7606054097414017
  view-data: 3.4639143869280815
