times:
  edit-metadata: 1.564729254692793
  landing: 0.7472603246569633
  view-data: 3.2563346773386
