times:
  edit-metadata: 1.3678289130330086
  landing: 0.7150802463293076
  view-data: 3.51201631128788
