times:
  edit-metadata: 1.473138254135847
  landing: 0.7407636940479279
  view-data: 3.264950931072235
