times:
  edit-metadata: 1.5523406639695168
  landing: 0.9429629817605019
  view-data: 3.3477412946522236
