times:
  edit-metadata: 1.3698594383895397
  landing: 0.8249340876936913
  view-data: 3.3978099077939987
