times:
  edit-metadata: 1.4010614156723022
  landing: 0.7202411852777004
  view-data: 3.3353903889656067
