times:
  edit-metadata: 1.4799141511321068
  landing: 0.7823275476694107
  view-data: 3.333171833306551
