times:
  edit-metadata: 1.4851537011563778
  landing: 0.7779405005276203
  view-data: 3.385523572564125
