times:
  edit-metadata: 1.4185666292905807
  landing: 0.8060058653354645
  view-data: 3.4504397213459015
