times:
  edit-metadata: 1.5244541093707085
  landing: 0.8328203037381172
  view-data: 3.2986676543951035
