times:
  edit-metadata: 1.5206873193383217
  landing: 0.8306523784995079
  view-data: 3.3521999195218086
