times:
  edit-metadata: 1.5130795016884804
  landing: 0.6744474694132805
  view-data: 3.5041479989886284
