times:
  edit-metadata: 1.5654103383421898
  landing: 0.7407609298825264
  view-data: 3.3515384793281555
