times:
  edit-metadata: 1.4139362201094627
  landing: 0.8682856783270836
  view-data: 3.484439365565777
