times:
  edit-metadata: 1.4435263499617577
  landing: 0.7139798030257225
  view-data: 3.4787759110331535
