times:
  edit-metadata: 1.478480003774166
  landing: 0.7043106034398079
  view-data: 3.463022403419018
