times:
  edit-metadata: 1.4024794660508633
  landing: 0.7687790729105473
  view-data: 3.2643721885979176
