times:
  edit-metadata: 1.5419969707727432
  landing: 0.7920982092618942
  view-data: 3.491525210440159
