times:
  edit-metadata: 1.3536551296710968
  landing: 0.8723838403820992
  view-data: 3.3314297907054424
