times:
  edit-metadata: 1.5151753947138786
  landing: 0.8581044971942902
  view-data: 3.400399535894394
