times:
  edit-metadata: 1.5312035903334618
  landing: 0.7863060012459755
  view-data: 3.4698601067066193
