times:
  edit-metadata: 1.4125465154647827
  landing: 0.7712060660123825
  view-data: 3.4939322099089622
