times:
  edit-metadata: 2.5977035611867905
  landing: 0.7737775146961212
  view-data: 3.43931020796299
