times:
  edit-metadata: 1.4815043397247791
  landing: 0.7670748718082905
  view-data: 3.3460862264037132
