times:
  edit-metadata: 1.4224971756339073
  landing: 0.7669677957892418
  view-data: 3.502534382045269
