times:
  edit-metadata: 1.4958776161074638
  landing: 0.8801025450229645
  view-data: 3.637082278728485
