times:
  edit-metadata: 1.4778866916894913
  landing: 0.7859495282173157
  view-data: 3.3734084516763687
