times:
  edit-metadata: 1.4165273904800415
  landing: 0.8062843680381775
  view-data: 3.335221044719219
