times:
  edit-metadata: 1.399144634604454
  landing: 0.6706596538424492
  view-data: 3.475402519106865
