times:
  edit-metadata: 1.513573244214058
  landing: 0.7797987051308155
  view-data: 3.297579150646925
