times:
  edit-metadata: 2.153543673455715
  landing: 1.3900521248579025
  view-data: 3.3989545851945877
