times:
  edit-metadata: 1.4105884581804276
  landing: 0.743482805788517
  view-data: 3.321476250886917
