times:
  edit-metadata: 1.5361099988222122
  landing: 0.7029953971505165
  view-data: 3.4633153304457664
