times:
  edit-metadata: 1.4925186559557915
  landing: 0.8801469579339027
  view-data: 3.3286791667342186
