times:
  edit-metadata: 1.432472761720419
  landing: 0.7581767328083515
  view-data: 3.3469695039093494
