times:
  edit-metadata: 1.4115122482180595
  landing: 0.8091268911957741
  view-data: 3.4917923361063004
