times:
  edit-metadata: 1.5635734796524048
  landing: 0.7139916233718395
  view-data: 3.2869307920336723
