times:
  edit-metadata: 1.6712323985993862
  landing: 1.0152226127684116
  view-data: 3.3459276892244816
