times:
  edit-metadata: 1.4327266439795494
  landing: 0.7863861732184887
  view-data: 3.308881036937237
