times:
  edit-metadata: 1.4123253226280212
  landing: 0.8115616776049137
  view-data: 3.300294227898121
