times:
  edit-metadata: 1.4016263484954834
  landing: 0.7747435197234154
  view-data: 3.309406064450741
