times:
  edit-metadata: 1.483443982899189
  landing: 0.7757382839918137
  view-data: 3.314637392759323
