times:
  edit-metadata: 1.6263190656900406
  landing: 0.9122935719788074
  view-data: 3.3332622572779655
