times:
  edit-metadata: 1.5165006071329117
  landing: 0.8778717890381813
  view-data: 3.3995957523584366
