times:
  edit-metadata: 1.480178065598011
  landing: 0.804516114294529
  view-data: 3.322539370507002
