times:
  edit-metadata: 1.45164106041193
  landing: 0.6788328923285007
  view-data: 3.2738091982901096
