times:
  edit-metadata: 1.4964227825403214
  landing: 0.7089578285813332
  view-data: 3.499367281794548
