times:
  edit-metadata: 1.776085875928402
  landing: 0.9343981370329857
  view-data: 3.3320899195969105
