times:
  edit-metadata: 1.419307291507721
  landing: 0.7276015728712082
  view-data: 3.48099984228611
