times:
  edit-metadata: 1.3945015296339989
  landing: 0.7755369916558266
  view-data: 3.363393247127533
