times:
  edit-metadata: 1.430448293685913
  landing: 0.7025128230452538
  view-data: 3.5091969072818756
