times:
  edit-metadata: 1.3780741728842258
  landing: 0.7784263119101524
  view-data: 3.301592208445072
