times:
  edit-metadata: 1.3849548697471619
  landing: 0.7129223123192787
  view-data: 3.4295547530055046
