times:
  edit-metadata: 1.6046273186802864
  landing: 0.8976103290915489
  view-data: 3.444980166852474
