times:
  edit-metadata: 1.3598674312233925
  landing: 0.7446812354028225
  view-data: 3.2858232744038105
