times:
  edit-metadata: 1.3801359459757805
  landing: 0.7440522983670235
  view-data: 3.467446081340313
