times:
  edit-metadata: 1.4930283054709435
  landing: 0.7095599919557571
  view-data: 3.4556605517864227
