times:
  edit-metadata: 1.7188023999333382
  landing: 0.9004195369780064
  view-data: 3.3359419852495193
