times:
  edit-metadata: 1.530666932463646
  landing: 0.7584892362356186
  view-data: 3.568730153143406
