times:
  edit-metadata: 1.448208786547184
  landing: 0.7083220034837723
  view-data: 3.472234293818474
