times:
  edit-metadata: 1.3831595033407211
  landing: 0.8247863799333572
  view-data: 3.35516207665205
