times:
  edit-metadata: 2.28521791100502
  landing: 1.5081360414624214
  view-data: 3.803242690861225
