times:
  edit-metadata: 1.4535217955708504
  landing: 0.7625842615962029
  view-data: 3.469141371548176
