times:
  edit-metadata: 1.386700451374054
  landing: 0.9977587461471558
  view-data: 3.325260780751705
