times:
  edit-metadata: 1.4812466874718666
  landing: 0.7252611815929413
  view-data: 3.4665229469537735
