times:
  edit-metadata: 1.3858319818973541
  landing: 0.7750641852617264
  view-data: 3.3982342332601547
