times:
  edit-metadata: 1.3329780399799347
  landing: 0.778623916208744
  view-data: 3.266308046877384
