times:
  edit-metadata: 1.4499321803450584
  landing: 0.7032604850828648
  view-data: 3.271349251270294
