times:
  edit-metadata: 1.431810513138771
  landing: 0.7647160813212395
  view-data: 3.266574338078499
