times:
  edit-metadata: 1.4574406370520592
  landing: 0.7483524829149246
  view-data: 3.453598827123642
