times:
  edit-metadata: 1.3594580069184303
  landing: 0.7383053600788116
  view-data: 0.4721735268831253
