times:
  edit-metadata: 1.3965187408030033
  landing: 0.7857738733291626
  view-data: 3.3161197267472744
