times:
  edit-metadata: 1.4944553561508656
  landing: 1.033615231513977
  view-data: 3.3314229175448418
