times:
  edit-metadata: 1.4873033985495567
  landing: 0.8352058306336403
  view-data: 3.4822961539030075
