times:
  edit-metadata: 1.4780814535915852
  landing: 0.7538453489542007
  view-data: 3.2796481400728226
