times:
  edit-metadata: 1.449720099568367
  landing: 0.781474880874157
  view-data: 3.5428474992513657
