times:
  edit-metadata: 1.4617835581302643
  landing: 0.7536057084798813
  view-data: 3.600431777536869
