times:
  edit-metadata: 1.5110261887311935
  landing: 0.731907919049263
  view-data: 3.5636531859636307
