times:
  edit-metadata: 1.5173468515276909
  landing: 1.2065854668617249
  view-data: 3.4515994489192963
