times:
  edit-metadata: 1.526817910373211
  landing: 0.7325798124074936
  view-data: 3.4686495140194893
