times:
  edit-metadata: 1.4220377057790756
  landing: 0.714675597846508
  view-data: 3.3809370398521423
