times:
  edit-metadata: 1.5368625186383724
  landing: 0.9218187108635902
  view-data: 3.4006396532058716
