times:
  edit-metadata: 1.6315943710505962
  landing: 0.8625458478927612
  view-data: 3.287977073341608
