times:
  edit-metadata: 1.4083900973200798
  landing: 0.7633027322590351
  view-data: 3.30017114803195
