times:
  edit-metadata: 1.5429608300328255
  landing: 0.7495694607496262
  view-data: 3.4970496222376823
