times:
  edit-metadata: 1.6095384135842323
  landing: 1.1147322952747345
  view-data: 3.3476165384054184
