times:
  edit-metadata: 1.9782832749187946
  landing: 1.6755136847496033
  view-data: 3.4419728741049767
