times:
  edit-metadata: 1.567262478172779
  landing: 0.9427070319652557
  view-data: 3.3127521350979805
