times:
  edit-metadata: 1.474731020629406
  landing: 0.7891228869557381
  view-data: 3.355453345924616
