times:
  edit-metadata: 1.3729372397065163
  landing: 0.7299488559365273
  view-data: 3.4618995934724808
