times:
  edit-metadata: 1.4579475373029709
  landing: 0.7836030423641205
  view-data: 3.4601718112826347
