times:
  edit-metadata: 1.6451082862913609
  landing: 0.9056252017617226
  view-data: 3.2919559739530087
