times:
  edit-metadata: 1.4732607193291187
  landing: 0.8851672522723675
  view-data: 3.325783833861351
