times:
  edit-metadata: 1.4130053892731667
  landing: 0.7820712849497795
  view-data: 3.4648091793060303
