times:
  edit-metadata: 1.4621766284108162
  landing: 0.8891945295035839
  view-data: 0.5831172689795494
