times:
  edit-metadata: 1.4949573799967766
  landing: 0.7969106361269951
  view-data: 3.2910962626338005
