times:
  edit-metadata: 1.54058738052845
  landing: 0.722370482981205
  view-data: 3.4751898050308228
