times:
  edit-metadata: 2.6920571848750114
  landing: 1.2537004798650742
  view-data: 3.2620436660945415
