times:
  edit-metadata: 1.3952931687235832
  landing: 0.7729872316122055
  view-data: 3.4601687155663967
