times:
  edit-metadata: 1.353726252913475
  landing: 0.739411473274231
  view-data: 3.4725113213062286
