times:
  edit-metadata: 1.5373676717281342
  landing: 0.7728964164853096
  view-data: 3.3680887445807457
