times:
  edit-metadata: 1.6491772010922432
  landing: 0.8494357988238335
  view-data: 3.329775705933571
