times:
  edit-metadata: 1.501611314713955
  landing: 0.7413985282182693
  view-data: 3.3649443462491035
