times:
  edit-metadata: 1.5414493307471275
  landing: 0.8127020969986916
  view-data: 3.5329413264989853
