times:
  edit-metadata: 1.4333614595234394
  landing: 0.7668064795434475
  view-data: 3.2986097410321236
