times:
  edit-metadata: 1.6544411331415176
  landing: 1.0539668500423431
  view-data: 3.3909499645233154
