times:
  edit-metadata: 2.49054978787899
  landing: 1.3848739936947823
  view-data: 3.5613807253539562
