times:
  edit-metadata: 2.2509794533252716
  landing: 1.5357881039381027
  view-data: 3.824968844652176
