times:
  edit-metadata: 1.412960708141327
  landing: 0.7481893375515938
  view-data: 3.3856791257858276
