times:
  edit-metadata: 1.4623694196343422
  landing: 0.781397320330143
  view-data: 3.4708489552140236
