times:
  edit-metadata: 2.424111369997263
  landing: 1.4319412782788277
  view-data: 3.502485863864422
