times:
  edit-metadata: 1.5492173209786415
  landing: 0.7644877061247826
  view-data: 3.3181939609348774
