times:
  edit-metadata: 1.4268439635634422
  landing: 0.8292751982808113
  view-data: 3.4407603070139885
