times:
  edit-metadata: 1.4771972969174385
  landing: 0.7653368152678013
  view-data: 3.3064294792711735
