times:
  edit-metadata: 1.5420952290296555
  landing: 0.8753017224371433
  view-data: 3.4229374174028635
