times:
  edit-metadata: 1.4202459454536438
  landing: 0.8048876374959946
  view-data: 3.361918430775404
