times:
  edit-metadata: 1.5180222289636731
  landing: 0.7369605917483568
  view-data: 3.3689435981214046
