times:
  edit-metadata: 2.1523794271051884
  landing: 1.3012876212596893
  view-data: 3.4160818830132484
