times:
  edit-metadata: 1.6229294314980507
  landing: 0.8032648861408234
  view-data: 3.4410450272262096
