times:
  edit-metadata: 1.5873280949890614
  landing: 0.8344166986644268
  view-data: 3.4024607464671135
