times:
  edit-metadata: 1.8874847739934921
  landing: 0.8089967537671328
  view-data: 3.3846712708473206
