times:
  edit-metadata: 1.5404017604887486
  landing: 0.7719920612871647
  view-data: 3.3923953995108604
