times:
  edit-metadata: 1.5431250426918268
  landing: 0.7805950790643692
  view-data: 3.349475087597966
