times:
  edit-metadata: 1.3761476129293442
  landing: 0.7847142671234906
  view-data: 3.308565284125507
