times:
  edit-metadata: 1.3864835612475872
  landing: 0.7297856882214546
  view-data: 3.30879383161664
