times:
  edit-metadata: 1.5451504811644554
  landing: 0.8229031525552273
  view-data: 3.4196941209957004
