times:
  edit-metadata: 1.5570142306387424
  landing: 0.9583837427198887
  view-data: 3.304305948317051
