times:
  edit-metadata: 1.56818288564682
  landing: 0.9775498397648335
  view-data: 3.3847768530249596
