times:
  edit-metadata: 1.528332768008113
  landing: 2.2451984584331512
  view-data: 3.4022800270467997
