times:
  edit-metadata: 1.5371148698031902
  landing: 0.9242953322827816
  view-data: 3.390409257262945
