times:
  edit-metadata: 1.5870112497359514
  landing: 0.7828284185379744
  view-data: 3.2956522200256586
