times:
  edit-metadata: 1.6153463777154684
  landing: 0.7859116941690445
  view-data: 3.4290228970348835
