times:
  edit-metadata: 1.5102303139865398
  landing: 0.7530701234936714
  view-data: 3.4000104516744614
