times:
  edit-metadata: 1.5475809201598167
  landing: 0.8429438546299934
  view-data: 3.421136863529682
