times:
  edit-metadata: 1.4768785312771797
  landing: 0.9326912127435207
  view-data: 3.4489521868526936
