times:
  edit-metadata: 1.971424326300621
  landing: 1.6757874637842178
  view-data: 3.362466987222433
