times:
  edit-metadata: 1.5596948601305485
  landing: 0.8610116876661777
  view-data: 3.29766783118248
