times:
  edit-metadata: 1.800089243799448
  landing: 1.0305364690721035
  view-data: 3.368424892425537
