times:
  edit-metadata: 1.5192183330655098
  landing: 0.9296376444399357
  view-data: 3.354823224246502
