times:
  edit-metadata: 1.6125498227775097
  landing: 0.8067861767485738
  view-data: 3.3718484733253717
