times:
  edit-metadata: 1.7640874236822128
  landing: 0.9224155731499195
  view-data: 3.4080409184098244
