times:
  edit-metadata: 1.5479592252522707
  landing: 0.8711724020540714
  view-data: 3.3268980626016855
