times:
  edit-metadata: 1.520781422033906
  landing: 1.0742725813761353
  view-data: 3.449365183711052
