times:
  edit-metadata: 1.780106807127595
  landing: 1.1093871388584375
  view-data: 3.3805407006293535
