times:
  edit-metadata: 1.5596157908439636
  landing: 0.8462539501488209
  view-data: 3.413791172206402
