times:
  edit-metadata: 2.0480404123663902
  landing: 1.1278844438493252
  view-data: 3.417264025658369
