times:
  edit-metadata: 1.538495541550219
  landing: 0.856016774661839
  view-data: 3.4000628795474768
