times:
  edit-metadata: 1.6239209398627281
  landing: 0.99714669957757
  view-data: 3.3214890994131565
