times:
  edit-metadata: 1.4472829895094037
  landing: 0.7447318956255913
  view-data: 3.384470430202782
