times:
  edit-metadata: 1.5360579397529364
  landing: 0.8177692405879498
  view-data: 3.423301938921213
