times:
  edit-metadata: 1.543695081025362
  landing: 0.9341126345098019
  view-data: 3.385110378265381
