times:
  edit-metadata: 1.8354832604527473
  landing: 0.9265937991440296
  view-data: 3.33822014182806
