times:
  edit-metadata: 1.7618578933179379
  landing: 0.8098407499492168
  view-data: 3.3352916315197945
