times:
  edit-metadata: 1.6872252188622952
  landing: 0.8475043699145317
  view-data: 3.401188712567091
