times:
  edit-metadata: 1.3602291718125343
  landing: 0.7657493688166142
  view-data: 3.3046934939920902
