times:
  edit-metadata: 1.8517771176993847
  landing: 4.878254655748606
  view-data: 3.399637345224619
