times:
  edit-metadata: 1.6667951121926308
  landing: 0.8348865183070302
  view-data: 3.4376908149570227
