times:
  edit-metadata: 2.0606118217110634
  landing: 1.049351293593645
  view-data: 3.335616059601307
