times:
  edit-metadata: 1.4866458093747497
  landing: 0.7551918532699347
  view-data: 3.348612499423325
