times:
  edit-metadata: 1.6858569234609604
  landing: 1.0564983170479536
  view-data: 3.379894632846117
