times:
  edit-metadata: 1.8789396025240421
  landing: 0.8426052648574114
  view-data: 3.344851717352867
