times:
  edit-metadata: 1.5187754482030869
  landing: 0.9937767721712589
  view-data: 3.3863701708614826
