times:
  edit-metadata: 1.4957135627046227
  landing: 0.9041322488337755
  view-data: 3.4997132066637278
