times:
  edit-metadata: 2.0480901952832937
  landing: 1.1070739310234785
  view-data: 3.7515065856277943
