times:
  edit-metadata: 1.4007978327572346
  landing: 1.069937846623361
  view-data: 3.3700885167345405
