times:
  edit-metadata: 1.6606844933703542
  landing: 0.8406255804002285
  view-data: 3.4260364649817348
