times:
  edit-metadata: 1.5287314653396606
  landing: 0.7309101205319166
  view-data: 3.411347836256027
