times:
  edit-metadata: 1.8799944128841162
  landing: 1.1749174129217863
  view-data: 3.4477798715233803
