times:
  edit-metadata: 1.4964149333536625
  landing: 0.9093569666147232
  view-data: 3.3399042263627052
