times:
  edit-metadata: 1.4408096857368946
  landing: 0.9821163639426231
  view-data: 3.389076478779316
