times:
  edit-metadata: 1.7813453562557697
  landing: 1.099396774545312
  view-data: 3.551204789429903
