times:
  edit-metadata: 1.5203646812587976
  landing: 0.8198010753840208
  view-data: 3.444286236539483
