times:
  edit-metadata: 1.48985761590302
  landing: 0.6879250835627317
  view-data: 3.34084540233016
