times:
  edit-metadata: 1.8715419322252274
  landing: 0.920963803306222
  view-data: 3.469207288697362
