times:
  edit-metadata: 1.8019173815846443
  landing: 0.9716521389782429
  view-data: 3.3575851544737816
