times:
  edit-metadata: 1.5376483406871557
  landing: 0.8067175606265664
  view-data: 3.4304928611963987
