times:
  edit-metadata: 1.580708310008049
  landing: 0.9833901785314083
  view-data: 3.322529260069132
