times:
  edit-metadata: 1.6678846441209316
  landing: 1.127902377396822
  view-data: 3.3349676206707954
