times:
  edit-metadata: 1.5099697802215815
  landing: 0.794448047876358
  view-data: 3.5892320331186056
