times:
  edit-metadata: 1.473099136725068
  landing: 0.8827709313482046
  view-data: 3.3401730470359325
