times:
  edit-metadata: 1.5559398513287306
  landing: 0.7518487758934498
  view-data: 3.4076596293598413
