times:
  edit-metadata: 1.6647294908761978
  landing: 1.0449455603957176
  view-data: 3.4394059143960476
