times:
  edit-metadata: 1.565586855635047
  landing: 0.8596046082675457
  view-data: 3.389874270185828
