times:
  edit-metadata: 1.5473034121096134
  landing: 0.8606464490294456
  view-data: 3.4080515429377556
