times:
  edit-metadata: 1.488936934620142
  landing: 0.7766980156302452
  view-data: 3.3648279570043087
