times:
  edit-metadata: 1.700122244656086
  landing: 0.828933471813798
  view-data: 3.3152205888181925
