times:
  edit-metadata: 1.9344426579773426
  landing: 1.1616664752364159
  view-data: 3.4167780987918377
