times:
  edit-metadata: 1.572589922696352
  landing: 0.7662460170686245
  view-data: 3.435318836942315
