times:
  edit-metadata: 1.6048629693686962
  landing: 0.7735934220254421
  view-data: 3.501553274691105
