times:
  edit-metadata: 1.6326304711401463
  landing: 0.9238227345049381
  view-data: 3.312693990767002
