times:
  edit-metadata: 1.4816537238657475
  landing: 0.7929136855527759
  view-data: 3.3731146492064
