times:
  edit-metadata: 1.5144967399537563
  landing: 0.7339971195906401
  view-data: 3.3998990803956985
