times:
  edit-metadata: 1.7207074407488108
  landing: 0.9010759126394987
  view-data: 3.438858386129141
