times:
  edit-metadata: 1.4787261448800564
  landing: 0.8249016124755144
  view-data: 3.2764615807682276
