times:
  edit-metadata: 2.0099066086113453
  landing: 1.2743782587349415
  view-data: 3.5822953768074512
