times:
  edit-metadata: 1.6805786341428757
  landing: 0.7418381944298744
  view-data: 3.3130781315267086
