times:
  edit-metadata: 1.6601590402424335
  landing: 0.8995375819504261
  view-data: 3.3349848948419094
