times:
  edit-metadata: 1.5289640054106712
  landing: 0.7904841508716345
  view-data: 3.4363703448325396
