times:
  edit-metadata: 1.493139399215579
  landing: 0.8439221899025142
  view-data: 3.3816635250113904
