times:
  edit-metadata: 1.6130143105983734
  landing: 0.9255003482103348
  view-data: 3.4887567535042763
