times:
  edit-metadata: 1.5272846072912216
  landing: 0.8462735749781132
  view-data: 3.4423551950603724
