times:
  edit-metadata: 1.6281238719820976
  landing: 1.1097616404294968
  view-data: 3.34513470903039
