times:
  edit-metadata: 1.6189215369522572
  landing: 0.8264387175440788
  view-data: 3.3971931524574757
