times:
  edit-metadata: 1.4806673526763916
  landing: 0.7873345501720905
  view-data: 3.3263308852910995
