times:
  edit-metadata: 1.460350789129734
  landing: 0.8779457546770573
  view-data: 3.2983580827713013
