times:
  edit-metadata: 2.7051189318299294
  landing: 1.735192371532321
  view-data: 3.7302922531962395
