times:
  edit-metadata: 1.4800878632813692
  landing: 0.7409015670418739
  view-data: 3.3420091439038515
