times:
  edit-metadata: 1.5082248486578465
  landing: 0.8635807354003191
  view-data: 3.4225499536842108
