times:
  edit-metadata: 1.8707119822502136
  landing: 6.356108067557216
  view-data: 3.5301296412944794
