times:
  edit-metadata: 1.4224264472723007
  landing: 0.8599114194512367
  view-data: 3.3360347785055637
