times:
  edit-metadata: 1.518698463216424
  landing: 0.7158899940550327
  view-data: 3.3865095786750317
