times:
  edit-metadata: 1.3946834690868855
  landing: 0.9198600836098194
  view-data: 3.3670658208429813
