times:
  edit-metadata: 1.518913196399808
  landing: 0.7605399787425995
  view-data: 3.4332645311951637
