times:
  edit-metadata: 1.504449252039194
  landing: 0.7440772037953138
  view-data: 3.4249484166502953
