times:
  edit-metadata: 1.4477099888026714
  landing: 0.9323099628090858
  view-data: 3.405303355306387
