times:
  edit-metadata: 1.6780468374490738
  landing: 1.244210459291935
  view-data: 3.438501723110676
