times:
  edit-metadata: 1.7624949626624584
  landing: 1.0642927289009094
  view-data: 3.425230946391821
