times:
  edit-metadata: 1.4516946198418736
  landing: 0.8443983728066087
  view-data: 3.353313382714987
