times:
  edit-metadata: 2.0317534478381276
  landing: 0.9716517543420196
  view-data: 3.425886055454612
