times:
  edit-metadata: 1.6883420338854194
  landing: 0.9646456958726048
  view-data: 3.5061872908845544
