times:
  edit-metadata: 1.5249219704419374
  landing: 0.786880737170577
  view-data: 3.414723353460431
