times:
  edit-metadata: 1.7359731793403625
  landing: 1.035055998712778
  view-data: 3.3520283550024033
