times:
  edit-metadata: 2.0697064585983753
  landing: 1.532403603196144
  view-data: 3.3118709437549114
