times:
  edit-metadata: 1.5507717803120613
  landing: 0.7249732166528702
  view-data: 3.350805938243866
