times:
  edit-metadata: 1.807498224079609
  landing: 1.3756721280515194
  view-data: 3.3442464359104633
