times:
  edit-metadata: 1.5036587342619896
  landing: 0.8679620008915663
  view-data: 3.4154056441038847
