times:
  edit-metadata: 1.5970847830176353
  landing: 7.613155022263527
  view-data: 3.3545173071324825
