times:
  edit-metadata: 2.0812545586377382
  landing: 0.9799711890518665
  view-data: 3.7571379989385605
