times:
  edit-metadata: 2.174671560525894
  landing: 1.2171584330499172
  view-data: 3.623319383710623
