times:
  edit-metadata: 1.5356971733272076
  landing: 0.7339300848543644
  view-data: 3.3708673268556595
