times:
  edit-metadata: 1.369687813334167
  landing: 0.6924831103533506
  view-data: 3.3520856415852904
