times:
  edit-metadata: 1.5328909056261182
  landing: 0.8299415372312069
  view-data: 3.435777999460697
