times:
  edit-metadata: 1.5574918575584888
  landing: 0.915085032582283
  view-data: 3.359998982399702
