times:
  edit-metadata: 1.5534942857921124
  landing: 0.6931527033448219
  view-data: 3.290533997118473
