times:
  edit-metadata: 1.5180597007274628
  landing: 0.944143284112215
  view-data: 3.438925102353096
