times:
  edit-metadata: 1.5667858067899942
  landing: 0.7776558995246887
  view-data: 3.452450627461076
