times:
  edit-metadata: 3.725584615021944
  landing: 1.7429604642093182
  view-data: 3.5843948498368263
