times:
  edit-metadata: 1.5111151076853275
  landing: 0.7881375607103109
  view-data: 3.38813710026443
