times:
  edit-metadata: 1.5394399501383305
  landing: 0.8669404089450836
  view-data: 3.3963140938431025
