times:
  edit-metadata: 1.5446392931044102
  landing: 0.7447391599416733
  view-data: 3.3206255920231342
