times:
  edit-metadata: 1.5713488571345806
  landing: 0.7841558959335089
  view-data: 3.433119909837842
