times:
  edit-metadata: 1.7360889222472906
  landing: 0.9185358565300703
  view-data: 3.5077657029032707
