times:
  edit-metadata: 1.5398348178714514
  landing: 0.7838823664933443
  view-data: 3.378253212198615
