times:
  edit-metadata: 1.5077445954084396
  landing: 0.8138078674674034
  view-data: 3.320751938968897
