times:
  edit-metadata: 1.4929671362042427
  landing: 0.6570560447871685
  view-data: 3.3284670915454626
