times:
  edit-metadata: 1.4155791848897934
  landing: 0.8343577533960342
  view-data: 3.243117392063141
