times:
  edit-metadata: 1.7257951311767101
  landing: 1.023453000932932
  view-data: 3.3739779703319073
