times:
  edit-metadata: 1.4509255085140467
  landing: 0.779077960178256
  view-data: 3.4193049389868975
