times:
  edit-metadata: 1.553499661386013
  landing: 0.7870945632457733
  view-data: 3.4344995580613613
