times:
  edit-metadata: 1.4535920359194279
  landing: 0.7699829135090113
  view-data: 3.341122086159885
