times:
  edit-metadata: 2.151197051629424
  landing: 1.25849755294621
  view-data: 3.7080069333314896
