times:
  edit-metadata: 1.5181474201381207
  landing: 0.7573206219822168
  view-data: 3.421988047659397
