times:
  edit-metadata: 1.7190913818776608
  landing: 0.8318333923816681
  view-data: 3.4025939032435417
