times:
  edit-metadata: 1.542119488120079
  landing: 0.9011509269475937
  view-data: 3.404105879366398
