times:
  edit-metadata: 1.507573176175356
  landing: 0.7353543918579817
  view-data: 3.3969030492007732
