times:
  edit-metadata: 1.5209806114435196
  landing: 0.7565999981015921
  view-data: 3.3911759722977877
