times:
  edit-metadata: 1.5950621962547302
  landing: 0.9726210162043571
  view-data: 3.4383776895701885
