times:
  edit-metadata: 1.6659784987568855
  landing: 0.8380327560007572
  view-data: 3.4518938679248095
