times:
  edit-metadata: 1.4401988270692527
  landing: 0.7413005298003554
  view-data: 3.3724794909358025
