times:
  edit-metadata: 1.5382808819413185
  landing: 0.8185526803135872
  view-data: 3.4294923581182957
