times:
  edit-metadata: 1.4680412337183952
  landing: 1.1358556374907494
  view-data: 3.3437869399785995
