times:
  edit-metadata: 1.6184220537543297
  landing: 0.9665223658084869
  view-data: 3.359246451407671
