times:
  edit-metadata: 1.502782367169857
  landing: 0.9410618674010038
  view-data: 3.3750696294009686
