times:
  edit-metadata: 1.3688383866101503
  landing: 0.7467060070484877
  view-data: 3.3650053665041924
