times:
  edit-metadata: 1.5049292966723442
  landing: 0.8663823939859867
  view-data: 3.388273309916258
