times:
  edit-metadata: 1.476688351482153
  landing: 0.8287619976326823
  view-data: 3.386806830763817
