times:
  edit-metadata: 1.4714547246694565
  landing: 0.9358543418347836
  view-data: 3.3413145765662193
