times:
  edit-metadata: 1.534934539347887
  landing: 0.8196227271109819
  view-data: 3.3721616957336664
