times:
  edit-metadata: 1.4747008746489882
  landing: 0.8512749699875712
  view-data: 3.3945194892585278
