times:
  edit-metadata: 1.4278964065015316
  landing: 0.9133353605866432
  view-data: 3.34277331456542
