times:
  edit-metadata: 1.4908055774867535
  landing: 0.7026962824165821
  view-data: 3.3361676707863808
