times:
  edit-metadata: 1.5469380058348179
  landing: 0.8985689245164394
  view-data: 3.4181242547929287
