times:
  edit-metadata: 1.485077734105289
  landing: 0.7908903397619724
  view-data: 3.4032880840823054
