times:
  edit-metadata: 1.5752092525362968
  landing: 0.7949271015822887
  view-data: 3.317769185639918
