times:
  edit-metadata: 1.5618484131991863
  landing: 0.9319576360285282
  view-data: 3.3990850560367107
