times:
  edit-metadata: 1.4797357358038425
  landing: 0.8783722631633282
  view-data: 3.317498940974474
