times:
  edit-metadata: 1.431443054229021
  landing: 0.9207058176398277
  view-data: 3.3447291627526283
