times:
  edit-metadata: 1.575265466235578
  landing: 0.9047025255858898
  view-data: 3.330402236431837
