times:
  edit-metadata: 1.53515444137156
  landing: 0.8206234462559223
  view-data: 3.4507309794425964
