times:
  edit-metadata: 1.434482160024345
  landing: 0.7659942246973515
  view-data: 3.365246002562344
