times:
  edit-metadata: 1.3458189889788628
  landing: 0.8407581448554993
  view-data: 3.3967023016884923
