times:
  edit-metadata: 1.5580153986811638
  landing: 0.9574212152510881
  view-data: 3.460762392729521
