times:
  edit-metadata: 1.6209157817065716
  landing: 0.6941149085760117
  view-data: 3.3306238539516926
