times:
  edit-metadata: 1.6594919934868813
  landing: 1.0457329377532005
  view-data: 3.3793565072119236
