times:
  edit-metadata: 1.55807201936841
  landing: 0.9264887608587742
  view-data: 3.443478088825941
