times:
  edit-metadata: 1.588433463126421
  landing: 0.9558050148189068
  view-data: 3.37934959679842
