times:
  edit-metadata: 1.5924472101032734
  landing: 0.9121715221554041
  view-data: 3.461093991994858
