times:
  edit-metadata: 1.5343558676540852
  landing: 0.8155415207147598
  view-data: 3.389028564095497
