times:
  edit-metadata: 1.4664757689461112
  landing: 0.7986792642623186
  view-data: 3.34745067730546
