times:
  edit-metadata: 1.5294120572507381
  landing: 0.7531782910227776
  view-data: 3.4318920597434044
