times:
  edit-metadata: 1.5049566216766834
  landing: 0.7169267293065786
  view-data: 3.30808262899518
