times:
  edit-metadata: 1.5419080313295126
  landing: 0.7865502405911684
  view-data: 3.4159360583871603
