times:
  edit-metadata: 1.5501915197819471
  landing: 0.8876820709556341
  view-data: 3.3968286998569965
