times:
  edit-metadata: 1.5400876179337502
  landing: 0.8244064040482044
  view-data: 3.4190054554492235
