times:
  edit-metadata: 1.6213328801095486
  landing: 0.8850358985364437
  view-data: 3.2678230106830597
