times:
  edit-metadata: 1.541070319712162
  landing: 0.7650074046105146
  view-data: 3.3914700280874968
