times:
  edit-metadata: 1.5419703871011734
  landing: 0.7573416363447905
  view-data: 3.4344303477555513
