times:
  edit-metadata: 1.5464250650256872
  landing: 0.82087910361588
  view-data: 3.4115902949124575
