times:
  edit-metadata: 1.4811009671539068
  landing: 0.6562607046216726
  view-data: 3.275183701887727
