times:
  edit-metadata: 1.4122501127421856
  landing: 0.9609334617853165
  view-data: 3.358512304723263
