times:
  edit-metadata: 1.5316802207380533
  landing: 0.7773459237068892
  view-data: 3.5193822290748358
