times:
  edit-metadata: 1.517478745430708
  landing: 0.9882731214165688
  view-data: 3.363875485956669
