times:
  edit-metadata: 1.5550544671714306
  landing: 0.8479126617312431
  view-data: 3.3674204628914595
