times:
  edit-metadata: 1.3418075013905764
  landing: 0.8090951731428504
  view-data: 3.376374398358166
