times:
  edit-metadata: 1.5378554165363312
  landing: 0.8786555975675583
  view-data: 3.4531933199614286
