times:
  edit-metadata: 2.098139639943838
  landing: 1.3560460768640041
  view-data: 3.415868479758501
