times:
  edit-metadata: 1.525554759427905
  landing: 0.7344254832714796
  view-data: 3.435525257140398
