times:
  edit-metadata: 1.5791453160345554
  landing: 0.9496335200965405
  view-data: 3.4435437843203545
