times:
  edit-metadata: 1.4034785963594913
  landing: 0.85413583740592
  view-data: 3.3412094712257385
