times:
  edit-metadata: 1.6341867595911026
  landing: 0.9820370152592659
  view-data: 3.408750746399164
