times:
  edit-metadata: 1.4131614612415433
  landing: 0.8179883575066924
  view-data: 3.420061885379255
