times:
  edit-metadata: 1.5470748133957386
  landing: 0.7640972696244717
  view-data: 3.4110759869217873
