times:
  edit-metadata: 1.5386460404843092
  landing: 0.7253847811371088
  view-data: 3.3973800484091043
