times:
  edit-metadata: 1.3962991684675217
  landing: 0.7656529620289803
  view-data: 3.2466709911823273
