times:
  edit-metadata: 1.5295676551759243
  landing: 0.7989372238516808
  view-data: 3.444163989275694
