times:
  edit-metadata: 1.3907155059278011
  landing: 0.8253293856978416
  view-data: 3.3077300526201725
