times:
  edit-metadata: 1.7035083202645183
  landing: 0.9208260178565979
  view-data: 3.4478275002911687
