times:
  edit-metadata: 1.6305314172059298
  landing: 0.8487637527287006
  view-data: 3.402113538235426
