times:
  edit-metadata: 1.534835059195757
  landing: 0.8758877022191882
  view-data: 3.4066249085590243
