times:
  edit-metadata: 1.414562540128827
  landing: 0.8048616498708725
  view-data: 3.296556830406189
