times:
  edit-metadata: 1.493430733680725
  landing: 1.0781183764338493
  view-data: 3.618236429989338
