times:
  edit-metadata: 1.4005340542644262
  landing: 0.8147996440529823
  view-data: 3.4936104509979486
