times:
  edit-metadata: 1.527723267674446
  landing: 0.823644120246172
  view-data: 3.3050392353907228
