times:
  edit-metadata: 1.4316679053008556
  landing: 0.732095155864954
  view-data: 3.3540985845029354
