times:
  edit-metadata: 2.032241776585579
  landing: 1.2389493957161903
  view-data: 3.422534443438053
