times:
  edit-metadata: 1.5544423945248127
  landing: 0.8657603487372398
  view-data: 3.2715255357325077
