times:
  edit-metadata: 1.4958367682993412
  landing: 0.829477533698082
  view-data: 3.4004932530224323
