times:
  edit-metadata: 1.8951191678643227
  landing: 0.9779737070202827
  view-data: 3.483509697020054
