times:
  edit-metadata: 1.4943149909377098
  landing: 1.0861569978296757
  view-data: 3.3311086632311344
