times:
  edit-metadata: 1.4888310953974724
  landing: 0.7853056192398071
  view-data: 3.492508389055729
