times:
  edit-metadata: 1.529883973300457
  landing: 0.9717834815382957
  view-data: 3.366071067750454
