times:
  edit-metadata: 1.6487404480576515
  landing: 1.0676963180303574
  view-data: 3.3261466696858406
