times:
  edit-metadata: 1.477515034377575
  landing: 0.8198593109846115
  view-data: 3.488095410168171
