times:
  edit-metadata: 1.4066001623868942
  landing: 0.7393868416547775
  view-data: 3.3907953798770905
