times:
  edit-metadata: 1.4427732601761818
  landing: 0.8349001184105873
  view-data: 3.2693077102303505
