times:
  edit-metadata: 1.421264961361885
  landing: 0.8922772482037544
  view-data: 3.2600302770733833
