times:
  edit-metadata: 1.5823111720383167
  landing: 0.8941882811486721
  view-data: 3.3260321021080017
