times:
  edit-metadata: 1.410158060491085
  landing: 0.747790202498436
  view-data: 3.3676386922597885
