times:
  edit-metadata: 1.5506489723920822
  landing: 0.8117981776595116
  view-data: 3.4324072375893593
