times:
  edit-metadata: 1.6019857190549374
  landing: 0.8539542108774185
  view-data: 3.4156202524900436
