times:
  edit-metadata: 1.5075906291604042
  landing: 0.8143148049712181
  view-data: 3.589339517056942
