times:
  edit-metadata: 1.6256256625056267
  landing: 0.8724857568740845
  view-data: 3.3310182094573975
