times:
  edit-metadata: 1.481545940041542
  landing: 0.8032680749893188
  view-data: 3.377307675778866
