times:
  edit-metadata: 1.4074281752109528
  landing: 0.84510937333107
  view-data: 3.4711833223700523
