times:
  edit-metadata: 1.3745946660637856
  landing: 0.7392270639538765
  view-data: 3.5084758326411247
