times:
  edit-metadata: 1.3556129038333893
  landing: 0.7953377962112427
  view-data: 3.49781683832407
