times:
  edit-metadata: 2.5443516299128532
  landing: 1.6711563766002655
  view-data: 3.3786426447331905
