times:
  edit-metadata: 1.4447802305221558
  landing: 0.8736895620822906
  view-data: 3.3046980164945126
