times:
  edit-metadata: 1.4223953858017921
  landing: 0.7416005432605743
  view-data: 3.3977925181388855
