times:
  edit-metadata: 1.4651845172047615
  landing: 1.0522692278027534
  view-data: 3.38259157538414
