times:
  edit-metadata: 1.4941609799861908
  landing: 0.8299754858016968
  view-data: 3.348804734647274
