times:
  edit-metadata: 1.506153516471386
  landing: 0.8130520656704903
  view-data: 3.4839228093624115
