times:
  edit-metadata: 1.396202888339758
  landing: 0.8425313271582127
  view-data: 3.3346443325281143
