times:
  edit-metadata: 1.352282177656889
  landing: 0.8068632818758488
  view-data: 3.344752501696348
