times:
  edit-metadata: 1.4098614305257797
  landing: 0.7790440544486046
  view-data: 3.4263386726379395
