times:
  edit-metadata: 2.0121265649795532
  landing: 1.3170136250555515
  view-data: 3.6475090608000755
