times:
  edit-metadata: 1.6720430478453636
  landing: 0.9907280020415783
  view-data: 3.376712914556265
