times:
  edit-metadata: 1.5978987589478493
  landing: 0.8844237364828587
  view-data: 3.399633254855871
