times:
  edit-metadata: 1.4094356000423431
  landing: 0.7925488129258156
  view-data: 3.4574808925390244
