times:
  edit-metadata: 2.0081864073872566
  landing: 1.337706781923771
  view-data: 3.6562812477350235
