times:
  edit-metadata: 1.5288377776741982
  landing: 0.8487484864890575
  view-data: 3.2707215175032616
