times:
  edit-metadata: 1.4712365195155144
  landing: 0.8219002038240433
  view-data: 3.4902530685067177
