times:
  edit-metadata: 1.4645141512155533
  landing: 0.8566417619585991
  view-data: 3.2617532163858414
