times:
  edit-metadata: 1.5028155893087387
  landing: 0.7859566360712051
  view-data: 3.45197494328022
