times:
  edit-metadata: 1.4415509402751923
  landing: 0.7980861365795135
  view-data: 3.4849153459072113
