times:
  edit-metadata: 1.4785892739892006
  landing: 0.7813819423317909
  view-data: 3.4407039880752563
