times:
  edit-metadata: 2.6131584718823433
  landing: 1.179868247359991
  view-data: 3.3999542742967606
