times:
  edit-metadata: 1.5565693564713001
  landing: 0.7984073422849178
  view-data: 3.28222119808197
