times:
  edit-metadata: 1.4707228019833565
  landing: 0.8496728800237179
  view-data: 3.3676773011684418
