times:
  edit-metadata: 1.551530361175537
  landing: 1.0668047666549683
  view-data: 3.318031720817089
