times:
  edit-metadata: 1.5522085055708885
  landing: 0.7454454526305199
  view-data: 3.295364633202553
