times:
  edit-metadata: 1.4878346994519234
  landing: 0.8457418009638786
  view-data: 3.3177308961749077
