times:
  edit-metadata: 1.5167237222194672
  landing: 0.7403714582324028
  view-data: 3.403240278363228
