times:
  edit-metadata: 1.419164352118969
  landing: 0.8198577463626862
  view-data: 3.40685273706913
