times:
  edit-metadata: 2.021036185324192
  landing: 1.4366160333156586
  view-data: 3.411385230720043
