times:
  edit-metadata: 1.349349357187748
  landing: 0.7816284336149693
  view-data: 3.252889856696129
