times:
  edit-metadata: 1.7913342639803886
  landing: 0.8973779082298279
  view-data: 3.3502586036920547
