times:
  edit-metadata: 1.4377257153391838
  landing: 0.787437304854393
  view-data: 3.408266693353653
