times:
  edit-metadata: 1.457961905747652
  landing: 0.8521504066884518
  view-data: 3.3189153485000134
