times:
  edit-metadata: 1.5324151180684566
  landing: 0.9256298951804638
  view-data: 3.3720830529928207
