times:
  edit-metadata: 1.469328761100769
  landing: 0.8124773427844048
  view-data: 3.500434771180153
