times:
  edit-metadata: 1.3766387291252613
  landing: 0.8264377526938915
  view-data: 3.3276190385222435
