times:
  edit-metadata: 1.5280954018235207
  landing: 0.9909305274486542
  view-data: 3.4920952543616295
