times:
  edit-metadata: 1.3864194825291634
  landing: 0.7913495376706123
  view-data: 3.3372649997472763
