times:
  edit-metadata: 1.3813702687621117
  landing: 0.758514054119587
  view-data: 3.5148681923747063
