times:
  edit-metadata: 1.5818635150790215
  landing: 1.1329860612750053
  view-data: 3.4915790036320686
