times:
  edit-metadata: 1.7841475494205952
  landing: 0.7804825194180012
  view-data: 3.3148814663290977
