times:
  edit-metadata: 3.0359901636838913
  landing: 2.5039910674095154
  view-data: 3.617002122104168
