times:
  edit-metadata: 1.5996742770075798
  landing: 0.8226595818996429
  view-data: 3.4623945131897926
