times:
  edit-metadata: 1.5173141807317734
  landing: 0.8524641022086143
  view-data: 3.434562608599663
