times:
  edit-metadata: 1.4224257171154022
  landing: 0.7998209968209267
  view-data: 3.4011174365878105
