times:
  edit-metadata: 1.4369188994169235
  landing: 0.7752453908324242
  view-data: 3.4556465446949005
