times:
  edit-metadata: 1.4640183970332146
  landing: 0.7480778321623802
  view-data: 3.4065429717302322
