times:
  edit-metadata: 1.7388452477753162
  landing: 0.7545773275196552
  view-data: 3.3194728828966618
