times:
  edit-metadata: 1.4921443909406662
  landing: 0.7981745600700378
  view-data: 3.4310775995254517
