times:
  edit-metadata: 1.4515517130494118
  landing: 0.822275772690773
  view-data: 3.3244526758790016
