times:
  edit-metadata: 1.5504109561443329
  landing: 0.9239925742149353
  view-data: 3.5253486409783363
