times:
  edit-metadata: 1.5034432113170624
  landing: 0.7253861948847771
  view-data: 3.4824876487255096
