times:
  edit-metadata: 4.059280037879944
  landing: 1.3797587156295776
  view-data: 4.392550192773342
