times:
  edit-metadata: 1.942722961306572
  landing: 1.1831665933132172
  view-data: 3.4459217488765717
