times:
  edit-metadata: 1.3669071719050407
  landing: 0.8234038949012756
  view-data: 3.3790746107697487
