times:
  edit-metadata: 1.5635446310043335
  landing: 0.7998300120234489
  view-data: 3.4200476817786694
