times:
  edit-metadata: 1.4790112301707268
  landing: 0.9614903181791306
  view-data: 3.4172427654266357
