times:
  edit-metadata: 1.3926930725574493
  landing: 0.778648667037487
  view-data: 3.5066857039928436
