times:
  edit-metadata: 1.435229517519474
  landing: 0.7607742175459862
  view-data: 3.478956826031208
