times:
  edit-metadata: 1.4382069930434227
  landing: 0.7272792384028435
  view-data: 3.493868999183178
