times:
  edit-metadata: 1.4348821938037872
  landing: 0.7644502744078636
  view-data: 3.456599161028862
