times:
  edit-metadata: 1.5546245351433754
  landing: 0.7847176417708397
  view-data: 3.4421287700533867
