times:
  edit-metadata: 1.4954247996211052
  landing: 0.8130549341440201
  view-data: 3.322415180504322
