times:
  edit-metadata: 1.5368559211492538
  landing: 0.8401749804615974
  view-data: 3.5271022245287895
