times:
  edit-metadata: 1.6326418668031693
  landing: 0.8893899731338024
  view-data: 3.311799917370081
