times:
  edit-metadata: 1.733607940375805
  landing: 1.1526496857404709
  view-data: 3.6389801874756813
