times:
  edit-metadata: 1.3759732097387314
  landing: 0.8186292052268982
  view-data: 3.2987003326416016
