times:
  edit-metadata: 1.3612704053521156
  landing: 0.774568572640419
  view-data: 3.3937290087342262
