times:
  edit-metadata: 1.474518246948719
  landing: 0.727754682302475
  view-data: 3.426130160689354
