times:
  edit-metadata: 1.3073587343096733
  landing: 0.8257332593202591
  view-data: 3.459762826561928
