times:
  edit-metadata: 1.5627424269914627
  landing: 0.8665862530469894
  view-data: 3.334477126598358
