times:
  edit-metadata: 1.462821338325739
  landing: 0.9366047754883766
  view-data: 3.390336185693741
