times:
  edit-metadata: 1.349317505955696
  landing: 0.7829089537262917
  view-data: 3.383551061153412
