times:
  edit-metadata: 1.5937245935201645
  landing: 0.9396889805793762
  view-data: 3.332994781434536
