times:
  edit-metadata: 1.5277276262640953
  landing: 0.7353110387921333
  view-data: 3.5101823657751083
