times:
  edit-metadata: 1.408239457756281
  landing: 0.8260580860078335
  view-data: 3.3314246125519276
