times:
  edit-metadata: 1.545637123286724
  landing: 0.7855991348624229
  view-data: 3.4687995985150337
