times:
  edit-metadata: 1.4524804167449474
  landing: 0.796979945152998
  view-data: 3.3202015347778797
