times:
  edit-metadata: 1.4851292669773102
  landing: 0.9518492817878723
  view-data: 3.508566677570343
