times:
  edit-metadata: 1.4641936235129833
  landing: 0.8321455232799053
  view-data: 3.288869045674801
