times:
  edit-metadata: 1.9446263946592808
  landing: 1.1995033137500286
  view-data: 3.46549654006958
