times:
  edit-metadata: 1.3472763821482658
  landing: 0.7584107294678688
  view-data: 3.3276631608605385
