times:
  edit-metadata: 1.3908590450882912
  landing: 0.7954528778791428
  view-data: 3.523666352033615
