times:
  edit-metadata: 1.4061636105179787
  landing: 0.7649561241269112
  view-data: 3.4320872724056244
