times:
  edit-metadata: 1.4372411221265793
  landing: 0.7612691819667816
  view-data: 3.4233651906251907
