times:
  edit-metadata: 1.5932235307991505
  landing: 0.9093004241585732
  view-data: 3.3522578179836273
