times:
  edit-metadata: 1.5844880752265453
  landing: 1.1416105665266514
  view-data: 3.371204499155283
