times:
  edit-metadata: 1.5426636710762978
  landing: 0.8223960772156715
  view-data: 3.460625059902668
