times:
  edit-metadata: 1.3908761069178581
  landing: 0.8260777518153191
  view-data: 3.6401180401444435
