times:
  edit-metadata: 1.4970646910369396
  landing: 0.8623781502246857
  view-data: 3.336827352643013
