times:
  edit-metadata: 1.3949679844081402
  landing: 0.8492723703384399
  view-data: 3.335283625870943
