times:
  edit-metadata: 1.457244262099266
  landing: 0.9359261468052864
  view-data: 3.318534605205059
