times:
  edit-metadata: 1.3637896031141281
  landing: 0.8317308612167835
  view-data: 3.3913283981382847
