times:
  edit-metadata: 2.0296981930732727
  landing: 1.3572468236088753
  view-data: 3.4970604553818703
