times:
  edit-metadata: 1.4852421134710312
  landing: 0.8296566754579544
  view-data: 3.4044612869620323
