times:
  edit-metadata: 1.434442549943924
  landing: 0.735263891518116
  view-data: 3.399984672665596
