times:
  edit-metadata: 1.550061747431755
  landing: 0.8321326524019241
  view-data: 3.4976079389452934
