times:
  edit-metadata: 1.590785175561905
  landing: 0.7933040037751198
  view-data: 3.4463856145739555
