times:
  edit-metadata: 1.3628657050430775
  landing: 0.7794983573257923
  view-data: 3.3029008246958256
