times:
  edit-metadata: 1.517689399421215
  landing: 0.9400746636092663
  view-data: 3.279032588005066
