times:
  edit-metadata: 1.4643945097923279
  landing: 0.8538029976189137
  view-data: 3.3559159450232983
