times:
  edit-metadata: 1.3335030749440193
  landing: 0.7970606610178947
  view-data: 3.52687431871891
