times:
  edit-metadata: 1.4914078637957573
  landing: 0.7848397865891457
  view-data: 3.4235372096300125
