times:
  edit-metadata: 1.5197540745139122
  landing: 0.9971520453691483
  view-data: 3.5566541105508804
