times:
  edit-metadata: 1.5791016146540642
  landing: 0.8808509930968285
  view-data: 3.3140782564878464
