times:
  edit-metadata: 1.5283081457018852
  landing: 0.7897113561630249
  view-data: 3.4576728641986847
