times:
  edit-metadata: 1.4893213361501694
  landing: 0.784191370010376
  view-data: 3.472816787660122
