times:
  edit-metadata: 1.3857099749147892
  landing: 0.8734129518270493
  view-data: 3.3566558696329594
