times:
  edit-metadata: 1.4142263568937778
  landing: 0.8586028851568699
  view-data: 3.3197904378175735
