times:
  edit-metadata: 1.3758685514330864
  landing: 0.8728303611278534
  view-data: 3.3343640007078648
