times:
  edit-metadata: 1.4038595035672188
  landing: 0.8714683502912521
  view-data: 3.667790647596121
