times:
  edit-metadata: 1.3854564279317856
  landing: 0.8090120926499367
  view-data: 3.4272238463163376
