times:
  edit-metadata: 1.542285032570362
  landing: 0.806342076510191
  view-data: 3.301055446267128
