times:
  edit-metadata: 1.373640663921833
  landing: 0.81803884729743
  view-data: 3.3433355689048767
