times:
  edit-metadata: 1.4250662922859192
  landing: 0.849100474268198
  view-data: 3.3281631730496883
