times:
  edit-metadata: 1.3505950644612312
  landing: 0.7217385768890381
  view-data: 3.428340718150139
