times:
  edit-metadata: 1.5310747660696507
  landing: 0.8599026761949062
  view-data: 3.3261943347752094
