times:
  edit-metadata: 1.4590840488672256
  landing: 0.8044851198792458
  view-data: 3.476870723068714
