times:
  edit-metadata: 1.5389713048934937
  landing: 0.7811504974961281
  view-data: 3.4650733321905136
