times:
  edit-metadata: 1.5025678686797619
  landing: 0.9245760403573513
  view-data: 3.626269530504942
