times:
  edit-metadata: 1.5570211708545685
  landing: 0.8564405664801598
  view-data: 3.385092608630657
