times:
  edit-metadata: 1.3826781436800957
  landing: 0.8409606143832207
  view-data: 3.53013726323843
