times:
  edit-metadata: 1.3938730210065842
  landing: 0.7644568160176277
  view-data: 3.301945861428976
