times:
  edit-metadata: 1.5435870923101902
  landing: 0.9515883848071098
  view-data: 3.3158868737518787
