times:
  edit-metadata: 1.6225841790437698
  landing: 0.75835220515728
  view-data: 3.449752390384674
