times:
  edit-metadata: 1.4500309228897095
  landing: 1.0591641888022423
  view-data: 3.259943049401045
