times:
  edit-metadata: 1.5416864417493343
  landing: 0.8543920125812292
  view-data: 3.3707656003534794
