times:
  edit-metadata: 2.7580802589654922
  landing: 1.2543442323803902
  view-data: 3.504934549331665
