times:
  edit-metadata: 2.6084190383553505
  landing: 1.4185140579938889
  view-data: 3.763845406472683
