times:
  edit-metadata: 1.5662998370826244
  landing: 0.8717756364494562
  view-data: 3.4613807946443558
