times:
  edit-metadata: 1.4527165666222572
  landing: 0.9022938665002584
  view-data: 3.32080614939332
