times:
  edit-metadata: 1.659315101802349
  landing: 0.9646721482276917
  view-data: 3.3559353686869144
