times:
  edit-metadata: 1.923724114894867
  landing: 6.353561963886023
  view-data: 3.521647211164236
