times:
  edit-metadata: 3.9098784923553467
  landing: 2.3811959736049175
  view-data: 3.9408745877444744
