times:
  edit-metadata: 1.7006286978721619
  landing: 1.0810789559036493
  view-data: 3.3844788782298565
