times:
  edit-metadata: 1.5024741049855947
  landing: 0.794617734849453
  view-data: 3.4790038727223873
