times:
  edit-metadata: 1.5483666807413101
  landing: 0.8684114031493664
  view-data: 3.3611167892813683
