times:
  edit-metadata: 1.6013019178062677
  landing: 1.0113237760961056
  view-data: 3.4402061346918344
