times:
  edit-metadata: 1.659266222268343
  landing: 1.1936794631183147
  view-data: 3.377160917967558
