times:
  edit-metadata: 1.5841864831745625
  landing: 0.8231128323823214
  view-data: 3.3913872726261616
