times:
  edit-metadata: 1.562790360301733
  landing: 0.8605189137160778
  view-data: 3.413089718669653
