times:
  edit-metadata: 3.8768132254481316
  landing: 2.368065260350704
  view-data: 4.063950799405575
