times:
  edit-metadata: 1.5881351083517075
  landing: 1.1534712351858616
  view-data: 3.393059626221657
