times:
  edit-metadata: 1.505294669419527
  landing: 0.8666774667799473
  view-data: 3.4507312029600143
