times:
  edit-metadata: 1.5800735764205456
  landing: 1.1123051270842552
  view-data: 3.336605068296194
