times:
  edit-metadata: 1.649527870118618
  landing: 1.1750155873596668
  view-data: 3.4392841197550297
