times:
  edit-metadata: 1.4761778302490711
  landing: 0.8881453312933445
  view-data: 3.3315373063087463
