times:
  edit-metadata: 1.5620176382362843
  landing: 0.7477573975920677
  view-data: 3.28902130946517
