times:
  edit-metadata: 1.5589033663272858
  landing: 0.9156806692481041
  view-data: 3.412611596286297
