times:
  edit-metadata: 1.3606170937418938
  landing: 0.697046373039484
  view-data: 3.3191736228764057
