times:
  edit-metadata: 1.4166672229766846
  landing: 0.7364509757608175
  view-data: 3.390152335166931
