times:
  edit-metadata: 1.4998919777572155
  landing: 0.8073583729565144
  view-data: 3.4072884283959866
