times:
  edit-metadata: 1.5259257145226002
  landing: 0.8777049761265516
  view-data: 3.4144172985106707
