times:
  edit-metadata: 1.455663826316595
  landing: 0.9972789883613586
  view-data: 3.329143039882183
