times:
  edit-metadata: 1.4898707382380962
  landing: 1.114027375355363
  view-data: 3.41177099570632
