times:
  edit-metadata: 1.3701106831431389
  landing: 0.8074841313064098
  view-data: 3.324508026242256
