times:
  edit-metadata: 1.5637648552656174
  landing: 1.0728956162929535
  view-data: 3.357130952179432
