times:
  edit-metadata: 1.4805129952728748
  landing: 0.8233459107577801
  view-data: 3.3737646900117397
