times:
  edit-metadata: 1.4484717100858688
  landing: 0.8706306852400303
  view-data: 3.3068141490221024
