times:
  edit-metadata: 1.5915887020528316
  landing: 0.9544552825391293
  view-data: 3.2789412699639797
