times:
  edit-metadata: 1.529906153678894
  landing: 0.7979602683335543
  view-data: 3.3556611966341734
