times:
  edit-metadata: 1.5135689675807953
  landing: 1.040962640196085
  view-data: 3.378316693007946
