times:
  edit-metadata: 1.6656168922781944
  landing: 1.0997210778295994
  view-data: 3.3723801001906395
