times:
  edit-metadata: 1.5198954232037067
  landing: 0.9368269741535187
  view-data: 3.4122468419373035
