times:
  edit-metadata: 1.5123890303075314
  landing: 0.9382176101207733
  view-data: 3.4389637745916843
