times:
  edit-metadata: 1.6634827144443989
  landing: 0.9016711357980967
  view-data: 3.3797110710293055
