times:
  edit-metadata: 1.4702201522886753
  landing: 0.9840240925550461
  view-data: 3.373103279620409
