times:
  edit-metadata: 1.3953799922019243
  landing: 0.8549509104341269
  view-data: 3.311184508726001
