times:
  edit-metadata: 1.5366239175200462
  landing: 0.9710657969117165
  view-data: 3.3430104963481426
