times:
  edit-metadata: 1.8186912573873997
  landing: 1.0504060871899128
  view-data: 3.3928766921162605
