times:
  edit-metadata: 1.5035810396075249
  landing: 1.0202181302011013
  view-data: 3.3905182667076588
