times:
  edit-metadata: 1.3736777268350124
  landing: 0.8794696629047394
  view-data: 3.3316789902746677
