times:
  edit-metadata: 1.3176899552345276
  landing: 0.8883250877261162
  view-data: 3.3193651400506496
