times:
  edit-metadata: 1.4045782014727592
  landing: 0.9530873484909534
  view-data: 3.357387412339449
