times:
  edit-metadata: 1.4626742750406265
  landing: 0.8796373307704926
  view-data: 3.3378021270036697
