times:
  edit-metadata: 1.6370877213776112
  landing: 1.2954957373440266
  view-data: 3.3787581622600555
