times:
  edit-metadata: 1.5165935717523098
  landing: 0.8880448415875435
  view-data: 3.4148936569690704
