times:
  edit-metadata: 1.5923803448677063
  landing: 1.158697485923767
  view-data: 3.333494745194912
