times:
  edit-metadata: 1.4506158400326967
  landing: 0.7400374598801136
  view-data: 3.3492213785648346
