times:
  edit-metadata: 1.4856320284307003
  landing: 0.8992409445345402
  view-data: 3.381385274231434
