times:
  edit-metadata: 1.464301459491253
  landing: 0.934906356036663
  view-data: 3.374233804643154
