times:
  edit-metadata: 1.4157906658947468
  landing: 1.070276491343975
  view-data: 3.3680629208683968
