times:
  edit-metadata: 1.5732661169022322
  landing: 0.8389976192265749
  view-data: 3.2950299344956875
