times:
  edit-metadata: 1.5642757080495358
  landing: 0.9059022311121225
  view-data: 3.3903853371739388
