times:
  edit-metadata: 1.5250763222575188
  landing: 0.8190890830010176
  view-data: 3.4512668885290623
