times:
  edit-metadata: 1.5116792488843203
  landing: 1.1493839006870985
  view-data: 3.4329175669699907
