times:
  edit-metadata: 1.5550864674150944
  landing: 0.8213666621595621
  view-data: 3.450751731172204
