times:
  edit-metadata: 1.3152054995298386
  landing: 0.8416866920888424
  view-data: 3.344174113124609
