times:
  edit-metadata: 1.4874563552439213
  landing: 0.827732352539897
  view-data: 3.3945935629308224
