times:
  edit-metadata: 1.4124921932816505
  landing: 0.9491184763610363
  view-data: 3.362849373370409
