times:
  edit-metadata: 1.4331781826913357
  landing: 0.8596281446516514
  view-data: 3.3242611326277256
