times:
  edit-metadata: 1.8663611635565758
  landing: 1.0366660505533218
  view-data: 3.5227328427135944
