times:
  edit-metadata: 1.5086817853152752
  landing: 0.9918903820216656
  view-data: 3.345899026840925
