times:
  edit-metadata: 1.6031426582485437
  landing: 0.8950106054544449
  view-data: 3.4897217582911253
