times:
  edit-metadata: 1.6287131235003471
  landing: 1.1097834259271622
  view-data: 3.4170141741633415
