times:
  edit-metadata: 1.392659567296505
  landing: 0.8152499906718731
  view-data: 3.3402957506477833
