times:
  edit-metadata: 1.5428201090544462
  landing: 0.8165559656918049
  view-data: 3.38215290568769
