times:
  edit-metadata: 1.4545190334320068
  landing: 1.01391938701272
  view-data: 3.310168642550707
