times:
  edit-metadata: 1.592179473489523
  landing: 1.1666556149721146
  view-data: 3.343958307057619
