times:
  edit-metadata: 1.470445541664958
  landing: 0.7727051302790642
  view-data: 3.430962396785617
