times:
  edit-metadata: 1.3657234273850918
  landing: 0.8816422522068024
  view-data: 3.314051531255245
