times:
  edit-metadata: 1.506438259035349
  landing: 0.7974810879677534
  view-data: 3.4214419182389975
