times:
  edit-metadata: 2.455480497330427
  landing: 1.3337404131889343
  view-data: 3.5235108733177185
