times:
  edit-metadata: 1.5157578326761723
  landing: 1.0816694013774395
  view-data: 3.4517256282269955
