times:
  edit-metadata: 1.5114978142082691
  landing: 0.9688547775149345
  view-data: 3.3613013587892056
