times:
  edit-metadata: 1.49579818546772
  landing: 0.779422789812088
  view-data: 3.40285986661911
