times:
  edit-metadata: 1.4637869782745838
  landing: 0.7481840550899506
  view-data: 3.309115409851074
