times:
  edit-metadata: 1.3595381081104279
  landing: 0.886172391474247
  view-data: 3.3260410726070404
