times:
  edit-metadata: 1.9748778231441975
  landing: 1.0567107386887074
  view-data: 3.3497775569558144
