times:
  edit-metadata: 1.4400287829339504
  landing: 1.0042899139225483
  view-data: 3.377045936882496
