times:
  edit-metadata: 1.5138103011995554
  landing: 0.8101097960025072
  view-data: 3.3528312500566244
