times:
  edit-metadata: 1.396945932880044
  landing: 0.8578129950910807
  view-data: 3.3531907889992
