times:
  edit-metadata: 1.4913643300533295
  landing: 0.9230696633458138
  view-data: 3.449508648365736
