times:
  edit-metadata: 1.5216992627829313
  landing: 0.8478164356201887
  view-data: 3.3627110850065947
