times:
  edit-metadata: 1.3265679702162743
  landing: 0.8593043573200703
  view-data: 3.3754861280322075
