times:
  edit-metadata: 1.4446324966847897
  landing: 0.9279366284608841
  view-data: 3.3276867158710957
