times:
  edit-metadata: 1.498896036297083
  landing: 0.8906504064798355
  view-data: 3.3341137394309044
