times:
  edit-metadata: 1.578859232366085
  landing: 1.0485703200101852
  view-data: 3.342790525406599
