times:
  edit-metadata: 1.497336644679308
  landing: 0.8241159804165363
  view-data: 3.3163046948611736
