times:
  edit-metadata: 1.459666883572936
  landing: 0.7820265013724566
  view-data: 3.4029973559081554
