times:
  edit-metadata: 1.4696935266256332
  landing: 1.2314906381070614
  view-data: 3.4013352394104004
