times:
  edit-metadata: 1.7437324412167072
  landing: 1.2504661679267883
  view-data: 3.390125833451748
