times:
  edit-metadata: 1.610479425638914
  landing: 0.8222221471369267
  view-data: 3.364955924451351
