times:
  edit-metadata: 1.4296890050172806
  landing: 0.864778108894825
  view-data: 3.829688612371683
