times:
  edit-metadata: 1.5432730503380299
  landing: 1.1703755594789982
  view-data: 3.457474123686552
