times:
  edit-metadata: 1.502822421491146
  landing: 0.8352832142263651
  view-data: 3.4302855543792248
