times:
  edit-metadata: 1.5765407718718052
  landing: 1.1604505442082882
  view-data: 3.3578275106847286
