times:
  edit-metadata: 1.293430645018816
  landing: 0.7814520858228207
  view-data: 3.307021327316761
