times:
  edit-metadata: 1.454331573098898
  landing: 0.7803079672157764
  view-data: 3.4145093951374292
