times:
  edit-metadata: 1.6721138171851635
  landing: 1.1508754156529903
  view-data: 3.403174702078104
