times:
  edit-metadata: 1.3497976828366518
  landing: 0.7269129455089569
  view-data: 3.307650573551655
