times:
  edit-metadata: 1.6607706882059574
  landing: 0.8497300334274769
  view-data: 3.44474221393466
