times:
  edit-metadata: 1.5770206712186337
  landing: 0.9592467434704304
  view-data: 3.3693576343357563
