times:
  edit-metadata: 1.52981998026371
  landing: 0.7699565142393112
  view-data: 3.4238982647657394
