times:
  edit-metadata: 1.4155045822262764
  landing: 0.9719004221260548
  view-data: 3.436162728816271
