times:
  edit-metadata: 1.5247151255607605
  landing: 0.9298456721007824
  view-data: 3.3956786878407
