times:
  edit-metadata: 1.5172724723815918
  landing: 0.9988147877156734
  view-data: 3.488666009157896
