times:
  edit-metadata: 1.3633306045085192
  landing: 0.8126017767935991
  view-data: 3.3155521489679813
