times:
  edit-metadata: 1.4232870563864708
  landing: 1.091591838747263
  view-data: 3.326046373695135
