times:
  edit-metadata: 1.522388869896531
  landing: 0.8216089159250259
  view-data: 3.4099294431507587
