times:
  edit-metadata: 1.515777625143528
  landing: 0.887614207342267
  view-data: 4.643402518704534
