times:
  edit-metadata: 1.490488301962614
  landing: 0.7901656590402126
  view-data: 3.387516502290964
