times:
  edit-metadata: 1.523471623659134
  landing: 0.750532478094101
  view-data: 3.300086695700884
