times:
  edit-metadata: 1.503075186163187
  landing: 0.9305115379393101
  view-data: 3.375376805663109
