times:
  edit-metadata: 1.5698390789330006
  landing: 0.8375766631215811
  view-data: 3.4207724519073963
