times:
  edit-metadata: 1.5405583642423153
  landing: 0.8881170228123665
  view-data: 3.524504393339157
