times:
  edit-metadata: 1.502000704407692
  landing: 0.8304652906954288
  view-data: 3.4118075035512447
