times:
  edit-metadata: 1.39305080473423
  landing: 0.854636650532484
  view-data: 3.3551219291985035
