times:
  edit-metadata: 1.5164758171886206
  landing: 0.8071052823215723
  view-data: 3.429660314694047
