times:
  edit-metadata: 2.115201625972986
  landing: 1.0189765207469463
  view-data: 3.4021987840533257
