times:
  edit-metadata: 1.3978994712233543
  landing: 0.9772653803229332
  view-data: 3.309179127216339
