times:
  edit-metadata: 1.6365786492824554
  landing: 1.0642865560948849
  view-data: 3.435127802193165
