times:
  edit-metadata: 1.5381892211735249
  landing: 0.7128934934735298
  view-data: 3.2768481709063053
