times:
  edit-metadata: 1.5990133956074715
  landing: 0.8919395171105862
  view-data: 3.365644581615925
