times:
  edit-metadata: 1.4961278960108757
  landing: 1.079203762114048
  view-data: 3.355943873524666
