times:
  edit-metadata: 1.502166222780943
  landing: 0.7856738474220037
  view-data: 3.3980982322245836
