times:
  edit-metadata: 1.5121790636330843
  landing: 0.7789402548223734
  view-data: 3.355513960123062
