times:
  edit-metadata: 1.5432841032743454
  landing: 0.8058947809040546
  view-data: 3.4599468111991882
