times:
  edit-metadata: 1.3974194154143333
  landing: 0.9168911576271057
  view-data: 3.323487486690283
