times:
  edit-metadata: 1.487527471035719
  landing: 0.957004189491272
  view-data: 3.3985098376870155
