times:
  edit-metadata: 1.5156169049441814
  landing: 0.8020490035414696
  view-data: 3.4000116251409054
