times:
  edit-metadata: 1.6224709078669548
  landing: 1.036900158971548
  view-data: 3.295817691832781
