times:
  edit-metadata: 1.4244296178221703
  landing: 0.775855977088213
  view-data: 3.4117835965007544
