times:
  edit-metadata: 1.4764463119208813
  landing: 0.7980051711201668
  view-data: 3.4149189069867134
