times:
  edit-metadata: 1.4597686566412449
  landing: 0.9332670047879219
  view-data: 3.3931865245103836
