times:
  edit-metadata: 1.4350811466574669
  landing: 0.8902446813881397
  view-data: 3.393173862248659
