times:
  edit-metadata: 1.4807902593165636
  landing: 0.7984964102506638
  view-data: 3.43534124083817
