times:
  edit-metadata: 1.6825373470783234
  landing: 0.9867059849202633
  view-data: 3.3299928195774555
