times:
  edit-metadata: 1.491720236837864
  landing: 0.9307909347116947
  view-data: 3.311252910643816
