times:
  edit-metadata: 1.5776195526123047
  landing: 0.8591886796057224
  view-data: 3.368060365319252
