times:
  edit-metadata: 1.4536471534520388
  landing: 0.7590903341770172
  view-data: 3.3822269178926945
