times:
  edit-metadata: 1.5378591660410166
  landing: 0.7654012553393841
  view-data: 3.3453011196106672
