times:
  edit-metadata: 1.5562530420720577
  landing: 1.019918505102396
  view-data: 3.390875954180956
