times:
  edit-metadata: 1.5479591451585293
  landing: 1.1856854110956192
  view-data: 3.467190958559513
