times:
  edit-metadata: 1.7094582580029964
  landing: 1.3889797925949097
  view-data: 3.408637423068285
