times:
  edit-metadata: 2.066016484051943
  landing: 1.176985215395689
  view-data: 3.4834202602505684
