times:
  edit-metadata: 2.1804534420371056
  landing: 1.3518610447645187
  view-data: 3.4312514290213585
