times:
  edit-metadata: 1.6431307308375835
  landing: 1.0579290390014648
  view-data: 3.4182954244315624
