times:
  edit-metadata: 1.60495525598526
  landing: 0.9807322919368744
  view-data: 3.3515651039779186
