times:
  edit-metadata: 1.436394065618515
  landing: 0.9390306174755096
  view-data: 3.3239257596433163
