times:
  edit-metadata: 1.603746436536312
  landing: 1.014866679906845
  view-data: 3.3144284412264824
