times:
  edit-metadata: 1.471162237226963
  landing: 0.7062298804521561
  view-data: 3.3141152299940586
