times:
  edit-metadata: 1.417453572154045
  landing: 0.8902038782835007
  view-data: 3.3075428158044815
