times:
  edit-metadata: 1.5789593867957592
  landing: 1.031627368181944
  view-data: 3.370527934283018
