times:
  edit-metadata: 1.545966137200594
  landing: 0.8322624713182449
  view-data: 3.412793856114149
