times:
  edit-metadata: 1.5124190784990788
  landing: 0.9093438610434532
  view-data: 3.320726588368416
