times:
  edit-metadata: 1.7854811139404774
  landing: 0.9486291818320751
  view-data: 3.3659678138792515
