times:
  edit-metadata: 1.5169948302209377
  landing: 0.8929625228047371
  view-data: 3.3904276676476
