times:
  edit-metadata: 1.6451527401804924
  landing: 0.9780613407492638
  view-data: 3.3212604708969593
