times:
  edit-metadata: 1.5249330140650272
  landing: 0.9355258084833622
  view-data: 3.3505883254110813
