times:
  edit-metadata: 1.5988857466727495
  landing: 0.8133626729249954
  view-data: 3.4139251075685024
