times:
  edit-metadata: 1.6744400896131992
  landing: 0.8882554434239864
  view-data: 3.3745462894439697
