times:
  edit-metadata: 1.8071578480303288
  landing: 0.9608316607773304
  view-data: 3.3694388307631016
