times:
  edit-metadata: 1.8729098625481129
  landing: 1.034095123410225
  view-data: 3.3161303475499153
