times:
  edit-metadata: 1.653732966631651
  landing: 1.0490015782415867
  view-data: 3.3541943430900574
