times:
  edit-metadata: 1.8097844682633877
  landing: 1.3184406980872154
  view-data: 4.432248655706644
