times:
  edit-metadata: 1.5573056600987911
  landing: 0.7792813777923584
  view-data: 3.4457565546035767
