times:
  edit-metadata: 1.606971338391304
  landing: 0.8013862427324057
  view-data: 3.460849966853857
