times:
  edit-metadata: 1.5069182105362415
  landing: 1.0509940795600414
  view-data: 3.3822015710175037
