times:
  edit-metadata: 1.6001274287700653
  landing: 1.0121461786329746
  view-data: 3.3835239969193935
