times:
  edit-metadata: 1.5145289041101933
  landing: 0.9456586241722107
  view-data: 3.3190488144755363
