times:
  edit-metadata: 1.5699804313480854
  landing: 0.9333691969513893
  view-data: 3.409741871058941
