times:
  edit-metadata: 1.5555950794368982
  landing: 0.8661051820963621
  view-data: 3.3681730087846518
