times:
  edit-metadata: 1.3643883690238
  landing: 0.7672979645431042
  view-data: 3.323742527514696
