times:
  edit-metadata: 1.6026983968913555
  landing: 0.7733859159052372
  view-data: 3.3566566053777933
