times:
  edit-metadata: 1.5990134552121162
  landing: 0.9751937203109264
  view-data: 3.420456647872925
