times:
  edit-metadata: 1.512560110539198
  landing: 0.9998161345720291
  view-data: 3.3824959248304367
