times:
  edit-metadata: 1.6370663065463305
  landing: 0.8265350908041
  view-data: 3.4282422102987766
