times:
  edit-metadata: 1.4123347364366055
  landing: 0.9451164305210114
  view-data: 3.3907558508217335
