times:
  edit-metadata: 1.5771815199404955
  landing: 0.7668113131076097
  view-data: 3.2970595825463533
