times:
  edit-metadata: 1.4477937035262585
  landing: 0.8590725772082806
  view-data: 3.28400993719697
