times:
  edit-metadata: 1.5763393864035606
  landing: 0.9081005901098251
  view-data: 3.4460042752325535
