times:
  edit-metadata: 1.39542630687356
  landing: 0.8046690486371517
  view-data: 3.2552892677485943
