times:
  edit-metadata: 1.4115486294031143
  landing: 0.9167506247758865
  view-data: 3.3349334560334682
