times:
  edit-metadata: 1.6050435937941074
  landing: 0.9749516882002354
  view-data: 3.4193409103900194
