times:
  edit-metadata: 1.568244569003582
  landing: 0.9752422012388706
  view-data: 3.4531877487897873
