times:
  edit-metadata: 1.5923939049243927
  landing: 0.8020387925207615
  view-data: 3.3237881883978844
