times:
  edit-metadata: 2.0402661934494972
  landing: 1.1315919570624828
  view-data: 3.4081752486526966
