times:
  edit-metadata: 1.5111695379018784
  landing: 0.8142464868724346
  view-data: 3.3863949179649353
