times:
  edit-metadata: 1.4275724664330482
  landing: 0.8493670076131821
  view-data: 3.3452148884534836
