times:
  edit-metadata: 1.6233660988509655
  landing: 0.8534955456852913
  view-data: 3.2604523971676826
