times:
  edit-metadata: 1.5508693791925907
  landing: 0.9398262165486813
  view-data: 3.415663752704859
