times:
  edit-metadata: 2.0642524510622025
  landing: 1.491171658039093
  view-data: 3.783086769282818
