times:
  edit-metadata: 1.8801088631153107
  landing: 0.9664254896342754
  view-data: 3.340064525604248
