times:
  edit-metadata: 1.4974952079355717
  landing: 0.741028068587184
  view-data: 3.4634500984102488
