times:
  edit-metadata: 1.5401458851993084
  landing: 0.8218409679830074
  view-data: 3.357660189270973
