times:
  edit-metadata: 2.0299871414899826
  landing: 1.19934768602252
  view-data: 3.709902875125408
