times:
  edit-metadata: 1.4078240133821964
  landing: 0.8960780277848244
  view-data: 3.3397253938019276
