times:
  edit-metadata: 1.5912929736077785
  landing: 0.9327012598514557
  view-data: 3.42709144577384
