times:
  edit-metadata: 1.6177166923880577
  landing: 0.8118818029761314
  view-data: 3.445919318124652
