times:
  edit-metadata: 1.4766671396791935
  landing: 0.9511443711817265
  view-data: 3.3780415803194046
