times:
  edit-metadata: 1.5506838634610176
  landing: 3.6314521990716457
  view-data: 3.3704650923609734
