times:
  edit-metadata: 1.5679978020489216
  landing: 0.799030177295208
  view-data: 3.4388220235705376
