times:
  edit-metadata: 1.5064074844121933
  landing: 0.9231473281979561
  view-data: 3.4663254730403423
