times:
  edit-metadata: 1.6515430361032486
  landing: 0.860624872148037
  view-data: 3.3858394101262093
