times:
  edit-metadata: 1.532315170392394
  landing: 0.8408135585486889
  view-data: 3.4190403129905462
