times:
  edit-metadata: 1.542711965739727
  landing: 0.9404754228889942
  view-data: 3.4532222971320152
