times:
  edit-metadata: 1.5807389914989471
  landing: 0.8705773316323757
  view-data: 3.4043214060366154
