times:
  edit-metadata: 1.7385747134685516
  landing: 0.9789886474609375
  view-data: 3.329832300543785
