times:
  edit-metadata: 1.5244722459465265
  landing: 0.7832786627113819
  view-data: 3.4020147509872913
