times:
  edit-metadata: 1.5154005400836468
  landing: 0.8129904437810183
  view-data: 3.414018139243126
