times:
  edit-metadata: 1.5772725455462933
  landing: 0.8473028857260942
  view-data: 3.451913772150874
