times:
  edit-metadata: 1.689776822924614
  landing: 1.0028147660195827
  view-data: 3.401212677359581
