times:
  edit-metadata: 1.5784503072500229
  landing: 0.8493312448263168
  view-data: 3.4499041736125946
