times:
  edit-metadata: 1.572370646521449
  landing: 0.8571914099156857
  view-data: 3.4325641356408596
