times:
  edit-metadata: 1.4725701436400414
  landing: 1.1010119430720806
  view-data: 3.7590703517198563
