times:
  edit-metadata: 1.7461838349699974
  landing: 1.3744629882276058
  view-data: 3.443664714694023
