times:
  edit-metadata: 2.198133073747158
  landing: 1.7520399317145348
  view-data: 3.566610049456358
