times:
  edit-metadata: 1.5684636570513248
  landing: 0.9751415066421032
  view-data: 3.3404718302190304
