times:
  edit-metadata: 1.6011839173734188
  landing: 0.8515770919620991
  view-data: 3.4247466884553432
