times:
  edit-metadata: 1.482538916170597
  landing: 0.9646110534667969
  view-data: 3.322384610772133
