times:
  edit-metadata: 1.6535761840641499
  landing: 2.863472554832697
  view-data: 3.3945495635271072
