times:
  edit-metadata: 1.633791495114565
  landing: 0.8236805722117424
  view-data: 3.4746129512786865
