times:
  edit-metadata: 1.552863486111164
  landing: 0.7690567038953304
  view-data: 3.3391696177423
