times:
  edit-metadata: 1.4507180582731962
  landing: 0.7938764523714781
  view-data: 3.3276406209915876
