times:
  edit-metadata: 1.354760318994522
  landing: 0.8038310706615448
  view-data: 3.300697226077318
