times:
  edit-metadata: 1.4654779061675072
  landing: 0.8402522690594196
  view-data: 3.402993604540825
