times:
  edit-metadata: 1.4814762473106384
  landing: 0.9075064994394779
  view-data: 3.3924722261726856
