times:
  edit-metadata: 1.4411032535135746
  landing: 0.9406224824488163
  view-data: 3.3127866946160793
