times:
  edit-metadata: 1.5589584596455097
  landing: 0.9023699797689915
  view-data: 3.4183169789612293
