times:
  edit-metadata: 3.238123908638954
  landing: 1.6480625979602337
  view-data: 3.7436792626976967
