times:
  edit-metadata: 1.54780662804842
  landing: 0.792828967794776
  view-data: 3.4129338283091784
