times:
  edit-metadata: 1.6128222681581974
  landing: 0.8562528789043427
  view-data: 3.463635429739952
