times:
  edit-metadata: 1.418556161224842
  landing: 0.9327028542757034
  view-data: 3.3452935852110386
