times:
  edit-metadata: 1.9321666844189167
  landing: 1.4140455983579159
  view-data: 3.4272758066654205
