times:
  edit-metadata: 1.4237498044967651
  landing: 0.9506492950022221
  view-data: 3.391117852181196
