times:
  edit-metadata: 1.6979823261499405
  landing: 0.9694912955164909
  view-data: 3.4320402778685093
