times:
  edit-metadata: 1.7976323142647743
  landing: 1.121941976249218
  view-data: 3.3705113604664803
