times:
  edit-metadata: 1.4157977923750877
  landing: 1.0124730728566647
  view-data: 3.331656262278557
