times:
  edit-metadata: 1.755857165902853
  landing: 0.9660730548202991
  view-data: 3.3232245929539204
