times:
  edit-metadata: 1.5641033351421356
  landing: 0.7496825437992811
  view-data: 3.357629746198654
