times:
  edit-metadata: 1.489844087511301
  landing: 0.8763383850455284
  view-data: 3.3869776763021946
