times:
  edit-metadata: 1.6130170598626137
  landing: 0.9061153158545494
  view-data: 3.3180462159216404
