times:
  edit-metadata: 1.5152273699641228
  landing: 0.9366470091044903
  view-data: 3.3561699353158474
