times:
  edit-metadata: 1.3951653130352497
  landing: 0.7700059711933136
  view-data: 3.2469000071287155
