times:
  edit-metadata: 1.692357949912548
  landing: 1.01177641376853
  view-data: 3.3548208735883236
