times:
  edit-metadata: 1.6139278672635555
  landing: 0.8136496841907501
  view-data: 3.441077657043934
