times:
  edit-metadata: 1.5402407422661781
  landing: 1.1257440000772476
  view-data: 3.5239745862782
