times:
  edit-metadata: 2.2432504929602146
  landing: 1.2106990907341242
  view-data: 3.4665768276900053
