times:
  edit-metadata: 1.7880509868264198
  landing: 1.116062231361866
  view-data: 3.4333526752889156
