times:
  edit-metadata: 1.4821214862167835
  landing: 0.9804598391056061
  view-data: 3.351909536868334
