times:
  edit-metadata: 1.533661149442196
  landing: 0.8006359785795212
  view-data: 3.3650072626769543
