times:
  edit-metadata: 1.6597835309803486
  landing: 0.7679634466767311
  view-data: 3.402246080338955
