times:
  edit-metadata: 1.670896828174591
  landing: 0.996628113090992
  view-data: 3.2795438021421432
