times:
  edit-metadata: 1.4669421054422855
  landing: 0.8310052379965782
  view-data: 3.298765879124403
