times:
  edit-metadata: 1.419106099754572
  landing: 2.1808756180107594
  view-data: 3.3692500591278076
