times:
  edit-metadata: 1.601174682378769
  landing: 1.011586595326662
  view-data: 3.4180438853800297
