times:
  edit-metadata: 1.488308334723115
  landing: 0.7890516556799412
  view-data: 3.4410975761711597
