times:
  edit-metadata: 0.8617374689783901
  landing: 0.054766975983511657
  view-data: 0.24352632998488843
