times:
  edit-metadata: 1.1017482466995716
  landing: 0.05774319916963577
  view-data: 0.2166997194290161
