times:
  edit-metadata: 1.5762955155223608
  landing: 0.022709987126290798
  view-data: 0.11741490848362446
