times:
  edit-metadata: 1.611361812800169
  landing: 0.13539376854896545
  view-data: 0.02553878352046013
