times:
  edit-metadata: 2.4249011566862464
  landing: 1.2481872118078172
  view-data: 3.6491051190532744
