times:
  edit-metadata: 2.2061052098870277
  landing: 0.337910421192646
  view-data: 0.3397778607904911
