times:
  landing: 0.5451583090000156
  view-data: 0.5465937740000015
