times:
  edit-metadata: 2.202763183042407
  landing: 0.3190970662981272
  view-data: 0.12893066368997097
