times:
  edit-metadata: 1.6387306358665228
  landing: 0.11823398899286985
  view-data: 0.025190013460814953
