times:
  edit-metadata: 1.1338080577552319
  landing: 0.042911969125270844
  view-data: 0.2119014710187912
