times:
  edit-metadata: 1.4604685567319393
  landing: 0.7555197719484568
  view-data: 3.332966985180974
