times:
  edit-metadata: 0.7734886000398546
  landing: 0.04518472193740308
  view-data: 0.20558030297979712
