times:
  edit-metadata: 2.2065651640295982
  landing: 1.3288873680867255
  view-data: 3.4548138487152755
