times:
  edit-metadata: 2.19478353112936
  landing: 1.1478004157543182
  view-data: 3.5366070345044136
