times:
  edit-metadata: 0.7642153680790216
  landing: 0.054532793117687106
  view-data: 0.20856243604794145
