times:
  edit-metadata: 0.7335320520214736
  landing: 0.04647672496503219
  view-data: 0.20543542801169679
