times:
  edit-metadata: 0.7252733799396083
  landing: 0.045086323050782084
  view-data: 0.24580607400275767
