times:
  landing: 1.073955180999974
  view-data: 0.5599932860000081
