times:
  edit-metadata: 1.5997525416314602
  landing: 1.1865362860262394
  view-data: 3.373534604907036
