times:
  edit-metadata: 0.6610758588649333
  landing: 0.04801679705269635
  view-data: 0.22303386917337775
