times:
  edit-metadata: 0.8346284430008382
  landing: 0.04726363206282258
  view-data: 0.2118625461589545
