times:
  edit-metadata: 1.17635359428823
  landing: 0.4023649003356695
  view-data: 0.19952699542045593
