times:
  landing: 0.552134255999988
  view-data: 0.5590606099999889
