times:
  edit-metadata: 1.6861626915633678
  landing: 0.14742028154432774
  view-data: 0.31026491709053516
