times:
  landing: 0.5493597319999708
  view-data: 0.5528519299999743
