times:
  edit-metadata: 1.6104347854852676
  landing: 0.9747912287712097
  view-data: 3.4188390877097845
