times:
  edit-metadata: 0.8622452686540782
  landing: 0.0841096700169146
  view-data: 0.2227529319934547
