times:
  edit-metadata: 0.8202990579884499
  landing: 0.04980865097604692
  view-data: 0.2107883469434455
