times:
  edit-metadata: 0.7258866859483533
  landing: 0.05092256498755887
  view-data: 0.23641782300546765
