times:
  edit-metadata: 0.7507974019972607
  landing: 0.044382147025316954
  view-data: 0.20293558796402067
