times:
  edit-metadata: 2.1974421981722116
  landing: 0.3095476068556309
  view-data: 0.22579223662614822
