times:
  edit-metadata: 1.450237749144435
  landing: 0.7887865509837866
  view-data: 3.3835130874067545
