times:
  edit-metadata: 1.1466836426407099
  landing: 0.4678335450589657
  view-data: 0.20961678586900234
