times:
  edit-metadata: 2.8504463136196136
  landing: 1.2804940976202488
  view-data: 3.584989745169878
