times:
  edit-metadata: 0.6797409120481461
  landing: 0.041417693020775914
  view-data: 0.2289262149715796
