times:
  edit-metadata: 1.6696060616523027
  landing: 1.087852219119668
  view-data: 3.384027387946844
