times:
  landing: 0.553682417999994
  view-data: 0.5616532579999785
