times:
  edit-metadata: 1.5992098413407803
  landing: 0.1748269209638238
  view-data: 0.11961227189749479
