times:
  edit-metadata: 0.7565407599904574
  landing: 0.04278788500232622
  view-data: 0.2121104980178643
