times:
  edit-metadata: 1.487815079279244
  landing: 0.8537664841860533
  view-data: 3.3955585351213813
