times:
  edit-metadata: 1.531258886680007
  landing: 0.9686821792274714
  view-data: 3.4049343578517437
