times:
  edit-metadata: 0.7270654439926147
  landing: 0.050127104856073856
  view-data: 0.20563168777152896
