times:
  edit-metadata: 2.5143454056233168
  landing: 1.8230595383793116
  view-data: 3.7493974016979337
