times:
  edit-metadata: 1.4463828089646995
  landing: 0.913244831841439
  view-data: 3.333507922012359
