times:
  landing: 0.5571629360000543
  view-data: 0.5572896440000932
