times:
  edit-metadata: 1.5027737691998482
  landing: 0.9116285964846611
  view-data: 3.354724060744047
