times:
  edit-metadata: 1.4911824390292168
  landing: 0.7997642196714878
  view-data: 3.3013519421219826
