times:
  edit-metadata: 1.4293198846280575
  landing: 1.0705525279045105
  view-data: 3.321248270571232
