times:
  edit-metadata: 1.1662763450294733
  landing: 0.5305933486670256
  view-data: 0.2181774191558361
