times:
  edit-metadata: 1.053668787702918
  landing: 0.04981573484838009
  view-data: 0.25037085684016347
