times:
  edit-metadata: 1.4334481150144711
  landing: 0.29812735598534346
  view-data: 0.3132701750146225
