times:
  edit-metadata: 1.664927951991558
  landing: 0.022580334916710854
  view-data: 0.25305941328406334
