times:
  edit-metadata: 1.568372393026948
  landing: 0.019656071439385414
  view-data: 0.46329561434686184
