times:
  edit-metadata: 1.1472159512341022
  landing: 0.05023924261331558
  view-data: 0.2182239219546318
