times:
  landing: 0.548417728000004
  view-data: 0.5509122859999707
