times:
  landing: 0.5530270799999926
  view-data: 0.5551772179999261
