times:
  edit-metadata: 2.14121429156512
  landing: 1.3497314304113388
  view-data: 3.7083589900285006
