times:
  landing: 1.0612969649999968
  view-data: 0.547028656000009
