times:
  edit-metadata: 1.6388281285762787
  landing: 0.02579248510301113
  view-data: 0.10364508535712957
