times:
  edit-metadata: 0.8997967739123851
  landing: 0.05757305701263249
  view-data: 0.2771918550133705
