times:
  landing: 0.5498456419999798
  view-data: 0.5610786690000396
