times:
  edit-metadata: 1.4531715251505375
  landing: 1.1702189883217216
  view-data: 3.4065486728213727
