times:
  edit-metadata: 1.5246413573622704
  landing: 1.037815984338522
  view-data: 3.3467391431331635
