times:
  edit-metadata: 1.6128571964800358
  landing: 0.020822105929255486
  view-data: 0.022997155785560608
