times:
  landing: 1.2826261660084128
  view-data: 0.5545633737929165
