times:
  edit-metadata: 0.7465317000023788
  landing: 0.04122555399953853
  view-data: 0.21023187099490315
