times:
  edit-metadata: 1.680945098400116
  landing: 1.0686092004179955
  view-data: 3.323133546859026
