times:
  edit-metadata: 1.1007447130978107
  landing: 0.045726124197244644
  view-data: 0.22683334350585938
