times:
  edit-metadata: 1.3476683534681797
  landing: 0.7705284636467695
  view-data: 3.4211062900722027
