times:
  edit-metadata: 1.1325140986591578
  landing: 1.144009806215763
  view-data: 0.622493227943778
