times:
  edit-metadata: 1.372499255463481
  landing: 0.7229268997907639
  view-data: 3.296073041856289
