times:
  landing: 1.0606567030000065
  view-data: 0.548395161999963
