times:
  landing: 0.5491467429999943
  view-data: 0.5490008940000166
