times:
  edit-metadata: 1.2455957978963852
  landing: 0.042055003345012665
  view-data: 0.21090365201234818
