times:
  edit-metadata: 1.7052224855870008
  landing: 0.13353675603866577
  view-data: 0.12256531789898872
