times:
  edit-metadata: 1.4499893430620432
  landing: 0.9510269239544868
  view-data: 3.3304238971322775
