times:
  edit-metadata: 1.5352820623666048
  landing: 0.8801045399159193
  view-data: 3.422029571607709
