times:
  edit-metadata: 1.1977972034364939
  landing: 0.6244733147323132
  view-data: 0.21367579139769077
