times:
  edit-metadata: 1.5238447450101376
  landing: 0.9555250145494938
  view-data: 3.3852999061346054
