times:
  edit-metadata: 1.6629283167421818
  landing: 0.019957532174885273
  view-data: 0.22225135657936335
