times:
  edit-metadata: 1.1209803707897663
  landing: 0.045283734798431396
  view-data: 0.2143116109073162
