times:
  landing: 0.5489327070000058
  view-data: 0.5459052200000087
