times:
  landing: 0.5533722250000039
  view-data: 0.06100183700002049
