times:
  landing: 1.084913130000018
  view-data: 0.562352092000026
