times:
  edit-metadata: 1.7303471062332392
  landing: 0.020963096991181374
  view-data: 0.31848353892564774
