times:
  edit-metadata: 1.1552666500210762
  landing: 0.5748124625533819
  view-data: 0.6234710104763508
