times:
  edit-metadata: 1.1198517829179764
  landing: 0.047893501818180084
  view-data: 0.2137777879834175
