times:
  edit-metadata: 1.496267557144165
  landing: 0.7759703323245049
  view-data: 3.3898527398705482
