times:
  edit-metadata: 0.641813344322145
  landing: 0.06704459618777037
  view-data: 0.20420275069773197
