times:
  edit-metadata: 0.6471949499100447
  landing: 0.04861534480005503
  view-data: 0.3620587242767215
