times:
  edit-metadata: 0.8491688120411709
  landing: 0.1235594809986651
  view-data: 0.2721203319961205
