times:
  edit-metadata: 1.4298778995871544
  landing: 0.957699429243803
  view-data: 3.346806935966015
