times:
  edit-metadata: 1.3414508402347565
  landing: 0.8988212756812572
  view-data: 3.2886125929653645
