times:
  edit-metadata: 0.6610600985586643
  landing: 0.049250452779233456
  view-data: 0.22990465443581343
