times:
  edit-metadata: 1.347639661282301
  landing: 0.8407348357141018
  view-data: 3.3333857357501984
