times:
  edit-metadata: 0.649005907587707
  landing: 0.05073940847069025
  view-data: 0.2508556367829442
