times:
  edit-metadata: 1.6022037351503968
  landing: 0.020483383908867836
  view-data: 0.024553555063903332
