times:
  edit-metadata: 1.5936340689659119
  landing: 0.028466880321502686
  view-data: 0.02809480018913746
