times:
  edit-metadata: 1.7001698752865195
  landing: 0.24650516640394926
  view-data: 0.4202082110568881
