times:
  edit-metadata: 1.6580043956637383
  landing: 0.019122518599033356
  view-data: 0.023515259847044945
