times:
  edit-metadata: 0.7286031972616911
  landing: 0.6707710716873407
  view-data: 0.21977919526398182
