times:
  edit-metadata: 1.4958234038203955
  landing: 0.739503288641572
  view-data: 3.4129311218857765
