times:
  edit-metadata: 0.7942182710394263
  landing: 0.04731829999946058
  view-data: 0.21343094110488892
