times:
  edit-metadata: 1.3842895505949855
  landing: 0.7990115331485868
  view-data: 3.3544986061751842
