times:
  edit-metadata: 0.6458716609049588
  landing: 0.04715748014859855
  view-data: 0.25200328207574785
