times:
  edit-metadata: 1.7099087666720152
  landing: 0.02553652599453926
  view-data: 0.02943733148276806
