times:
  edit-metadata: 1.0804859958589077
  landing: 0.05149729549884796
  view-data: 0.20953729003667831
