times:
  edit-metadata: 0.762398909078911
  landing: 0.038957599084824324
  view-data: 0.2231275651138276
