times:
  edit-metadata: 0.6535998090403154
  landing: 0.05555546598043293
  view-data: 0.2443354029674083
