times:
  edit-metadata: 1.42347617901396
  landing: 0.8361528769601136
  view-data: 3.3169672728981823
