times:
  edit-metadata: 1.6227874755859375
  landing: 0.02195761539041996
  view-data: 0.02641189657151699
