times:
  edit-metadata: 1.6056270441040397
  landing: 0.021785201504826546
  view-data: 0.025297733955085278
