times:
  edit-metadata: 1.5612025121226907
  landing: 0.10689342673867941
  view-data: 0.44646888691931963
