times:
  edit-metadata: 1.5150457620620728
  landing: 0.9000703804194927
  view-data: 3.4342397190630436
