times:
  edit-metadata: 0.8252394646406174
  landing: 0.5877990275621414
  view-data: 0.21028470434248447
