times:
  edit-metadata: 1.481126052327454
  landing: 0.8166211387142539
  view-data: 3.3058389090001583
