times:
  edit-metadata: 1.1213929187506437
  landing: 0.6133981142193079
  view-data: 0.6169021055102348
