times:
  edit-metadata: 1.6672335751354694
  landing: 0.20798613876104355
  view-data: 0.024134326726198196
