times:
  landing: 1.5779780359999904
  view-data: 0.5460732989999997
