times:
  edit-metadata: 1.3924366096034646
  landing: 0.8250746643170714
  view-data: 3.339249223470688
