times:
  edit-metadata: 0.7397834319854155
  landing: 0.05236093106213957
  view-data: 0.23017383401747793
