times:
  landing: 0.5616582640000161
  view-data: 0.5684464119999575
