times:
  edit-metadata: 0.790933171287179
  landing: 1.011536043137312
  view-data: 0.3072075918316841
