times:
  landing: 1.072853689999988
  view-data: 0.5534757690000447
