times:
  edit-metadata: 1.1873992439359426
  landing: 0.6688865534961224
  view-data: 0.32410757802426815
