times:
  landing: 0.551711714000021
  view-data: 0.5569030489999705
