times:
  edit-metadata: 0.7428927691653371
  landing: 0.05477090273052454
  view-data: 0.19771686289459467
