times:
  edit-metadata: 1.5768206659704447
  landing: 0.021239642053842545
  view-data: 0.024000259116292
