times:
  landing: 1.068320354999969
  view-data: 0.5550852610000447
