times:
  edit-metadata: 1.7191298175603151
  landing: 0.33212148770689964
  view-data: 0.0265576783567667
