times:
  edit-metadata: 1.6412526899948716
  landing: 0.12873221095651388
  view-data: 0.12269457336515188
