times:
  edit-metadata: 1.1098781004548073
  landing: 0.050696391612291336
  view-data: 0.20742125064134598
