times:
  edit-metadata: 1.7847383618354797
  landing: 0.213476637378335
  view-data: 0.15667231939733028
