times:
  edit-metadata: 1.719321995973587
  landing: 0.023184141144156456
  view-data: 0.34495871886610985
