times:
  landing: 0.554453030000019
  view-data: 0.5557493849999844
