times:
  edit-metadata: 2.172252072021365
  landing: 0.1648863721638918
  view-data: 0.3972481284290552
