times:
  edit-metadata: 1.4278078861534595
  landing: 0.9112330861389637
  view-data: 3.325014978647232
