times:
  edit-metadata: 1.492266159504652
  landing: 0.8461200371384621
  view-data: 3.373578006401658
