times:
  edit-metadata: 0.641350937075913
  landing: 0.05421865591779351
  view-data: 0.24988363310694695
