times:
  edit-metadata: 1.5445439517498016
  landing: 2.746096935123205
  view-data: 3.394003678113222
