times:
  landing: 1.0714725789999875
  view-data: 0.55934106899997
