times:
  edit-metadata: 0.7771195579553023
  landing: 0.04716940096113831
  view-data: 0.21515451197046787
