times:
  edit-metadata: 1.5629005879163742
  landing: 0.9620049316436052
  view-data: 3.3562741596251726
