times:
  edit-metadata: 1.0620452649891376
  landing: 0.04564303159713745
  view-data: 0.21342116221785545
