times:
  edit-metadata: 0.7304499386809766
  landing: 0.04818810988217592
  view-data: 0.2103570639155805
