times:
  edit-metadata: 1.5010809227824211
  landing: 0.8037160765379667
  view-data: 3.4467704482376575
