times:
  edit-metadata: 1.3619678635150194
  landing: 0.9212286984547973
  view-data: 3.4175407188013196
