times:
  edit-metadata: 1.14864606782794
  landing: 0.05172536335885525
  view-data: 0.21846255287528038
