times:
  edit-metadata: 1.117169726639986
  landing: 0.057098984718322754
  view-data: 0.21679764613509178
