times:
  edit-metadata: 1.4301223494112492
  landing: 0.7219476588070393
  view-data: 3.3234569542109966
