times:
  edit-metadata: 3.3953005811199546
  landing: 0.8753171395510435
  view-data: 0.831754906103015
