times:
  edit-metadata: 1.1493058460000611
  landing: 0.04866743000002316
  view-data: 0.21043409499998234
