times:
  edit-metadata: 1.0913778059184551
  landing: 0.05266321077942848
  view-data: 0.2121625356376171
