times:
  edit-metadata: 1.6405305042862892
  landing: 0.11706252675503492
  view-data: 0.02692073956131935
