times:
  edit-metadata: 1.665358061902225
  landing: 0.021497778594493866
  view-data: 0.02832714281976223
