times:
  edit-metadata: 1.6663912422955036
  landing: 0.02207443118095398
  view-data: 0.02731054089963436
