times:
  edit-metadata: 1.666484134271741
  landing: 0.022224709391593933
  view-data: 0.13803582824766636
