times:
  edit-metadata: 1.2772389855235815
  landing: 1.122042303904891
  view-data: 0.6129978001117706
