times:
  edit-metadata: 1.0863396115601063
  landing: 0.0440291091799736
  view-data: 0.22620514407753944
