times:
  edit-metadata: 1.3764188047498465
  landing: 0.7619299273937941
  view-data: 3.3271156512200832
