times:
  edit-metadata: 1.6282053692266345
  landing: 0.12218963075429201
  view-data: 0.1350099164992571
