times:
  edit-metadata: 1.1021941229701042
  landing: 0.052313633263111115
  view-data: 0.21366791427135468
