times:
  edit-metadata: 1.6339842155575752
  landing: 0.9894752986729145
  view-data: 3.330882888287306
