times:
  edit-metadata: 1.6289826910942793
  landing: 0.11999523267149925
  view-data: 0.029948907904326916
