times:
  edit-metadata: 0.6779017131775618
  landing: 0.04409248987212777
  view-data: 0.21309732599183917
