times:
  landing: 1.075737327000013
  view-data: 0.5523277070000177
