times:
  edit-metadata: 1.1773068010807037
  landing: 0.5229083113372326
  view-data: 0.3246124479919672
