times:
  landing: 0.5547908490000282
  view-data: 0.5534971490000089
