times:
  edit-metadata: 1.6587296919897199
  landing: 1.0673728217370808
  view-data: 3.469435281585902
