times:
  edit-metadata: 1.4926272556185722
  landing: 0.7949307598173618
  view-data: 3.3253099471330643
