times:
  edit-metadata: 0.7885648282244802
  landing: 0.04733626917004585
  view-data: 0.20600575301796198
