times:
  edit-metadata: 1.1525294279999798
  landing: 0.047674346998974215
  view-data: 0.20962411599975894
