times:
  landing: 1.0696093230000088
  view-data: 0.554614445000027
