times:
  edit-metadata: 1.6207257937639952
  landing: 0.8667974192649126
  view-data: 3.4509738367050886
