times:
  edit-metadata: 0.7273288459982723
  landing: 0.05039216298609972
  view-data: 0.20608414699381683
