times:
  edit-metadata: 1.4282790082506835
  landing: 0.8769433330744505
  view-data: 3.411730674095452
