times:
  edit-metadata: 0.6284688543528318
  landing: 0.0637581767514348
  view-data: 0.20070769358426332
