times:
  landing: 1.0779293429999939
  view-data: 0.5634592330000032
