times:
  edit-metadata: 1.4529580970993266
  landing: 0.8478229440515861
  view-data: 3.307880806038156
