times:
  edit-metadata: 0.7623232118785381
  landing: 0.046311233658343554
  view-data: 0.205041219945997
