times:
  landing: 0.5469068669999899
  view-data: 0.04809287799997719
