times:
  edit-metadata: 1.5068506873212755
  landing: 0.895685754250735
  view-data: 3.3425219608470798
