times:
  landing: 1.0731911350000019
  view-data: 0.5583523690000334
