times:
  edit-metadata: 1.5317719131708145
  landing: 1.0703901872038841
  view-data: 3.4665266573429108
