times:
  landing: 0.5518706960000372
  view-data: 0.5557045799999969
