times:
  landing: 0.5531578970000055
  view-data: 0.5649161489999415
