times:
  edit-metadata: 1.20312056876719
  landing: 0.6180282179266214
  view-data: 0.6378800608217716
