times:
  landing: 0.5488825730000144
  view-data: 0.553261937000002
