times:
  edit-metadata: 1.7002355931326747
  landing: 0.1611284976825118
  view-data: 0.2678261026740074
