times:
  edit-metadata: 0.7254773220047355
  landing: 0.06737162894569337
  view-data: 0.20118122803978622
