times:
  landing: 0.5604080510000813
  view-data: 0.5578098789999331
