times:
  edit-metadata: 0.73866106569767
  landing: 0.05241005588322878
  view-data: 0.23296909872442484
