times:
  edit-metadata: 1.4711019797250628
  landing: 0.7512348014861345
  view-data: 3.2734519951045513
