times:
  edit-metadata: 0.6682858229614794
  landing: 0.046708115842193365
  view-data: 0.20852793008089066
