times:
  edit-metadata: 1.9645474180579185
  landing: 1.272158369421959
  view-data: 3.5605807676911354
