times:
  edit-metadata: 1.6626211171969771
  landing: 0.022991236299276352
  view-data: 0.026086900383234024
