times:
  edit-metadata: 0.7471648200880736
  landing: 0.05319834896363318
  view-data: 0.19974879315122962
