times:
  edit-metadata: 1.5804214673116803
  landing: 0.9171732356771827
  view-data: 3.345994770526886
