times:
  edit-metadata: 0.73028085520491
  landing: 0.04627996776252985
  view-data: 0.22117968881502748
