times:
  edit-metadata: 1.5238153170794249
  landing: 0.8444256763905287
  view-data: 3.4360878206789494
