times:
  edit-metadata: 4.064783658832312
  landing: 0.24130277708172798
  view-data: 0.3360609691590071
