times:
  edit-metadata: 1.5402162745594978
  landing: 1.0573926120996475
  view-data: 3.354485984891653
