times:
  edit-metadata: 0.6587186430115253
  landing: 0.04964854218997061
  view-data: 0.22183540393598378
