times:
  edit-metadata: 1.4899752885103226
  landing: 0.9815213456749916
  view-data: 3.3451490588486195
