times:
  landing: 0.5587845090000201
  view-data: 0.556294108999964
