times:
  edit-metadata: 1.3991317823529243
  landing: 0.7858260236680508
  view-data: 3.2589472830295563
