times:
  edit-metadata: 0.7265305491164327
  landing: 0.05051237903535366
  view-data: 0.1920935371890664
