times:
  edit-metadata: 0.6220397464931011
  landing: 0.582694586366415
  view-data: 0.21819785423576832
