times:
  landing: 1.067591042999993
  view-data: 0.5551967509999827
