times:
  edit-metadata: 0.7319492199458182
  landing: 0.06074323505163193
  view-data: 0.1983190723694861
