times:
  edit-metadata: 0.7010158635675907
  landing: 1.5915497336536646
  view-data: 0.502887636423111
