times:
  edit-metadata: 0.7503524399362504
  landing: 0.05794025701470673
  view-data: 0.20258719101548195
