times:
  edit-metadata: 1.8779261223971844
  landing: 0.41869601607322693
  view-data: 0.34494203701615334
