times:
  edit-metadata: 0.7796548290061764
  landing: 0.06249038700480014
  view-data: 0.2434644420281984
