times:
  edit-metadata: 0.7058071568608284
  landing: 0.05027435580268502
  view-data: 0.2330152397044003
