times:
  edit-metadata: 0.739750228007324
  landing: 0.04599345801398158
  view-data: 0.22343861404806376
