times:
  edit-metadata: 1.5442766565829515
  landing: 0.7603908013552427
  view-data: 3.345591489225626
