times:
  edit-metadata: 1.369565648958087
  landing: 0.9541301317512989
  view-data: 3.2899477500468493
