times:
  edit-metadata: 0.6496498009946663
  landing: 0.05543187499279156
  view-data: 0.23067380802240223
