times:
  edit-metadata: 0.7173367897048593
  landing: 0.0514660170301795
  view-data: 0.20619543408975005
