times:
  edit-metadata: 0.7830786136910319
  landing: 0.045851074159145355
  view-data: 0.20373164722695947
