times:
  edit-metadata: 0.7355839610099792
  landing: 0.05078933306504041
  view-data: 0.2028378249378875
