times:
  edit-metadata: 1.4887931756675243
  landing: 0.7993933595716953
  view-data: 3.3985121995210648
