times:
  edit-metadata: 0.7276437771506608
  landing: 0.043653293047100306
  view-data: 0.20582761894911528
