times:
  edit-metadata: 1.8863278180360794
  landing: 0.018683362752199173
  view-data: 0.588291022926569
