times:
  edit-metadata: 1.6555279530584812
  landing: 0.17773453705012798
  view-data: 0.12051841709762812
