times:
  landing: 0.5476166539999667
  view-data: 0.5507541970000034
