times:
  landing: 1.0777905239999654
  view-data: 0.5599854399999913
