times:
  landing: 0.5567742929999895
  view-data: 0.5684075439999106
