times:
  edit-metadata: 0.7409734269604087
  landing: 0.049581215251237154
  view-data: 0.20529089216142893
