times:
  edit-metadata: 0.6455074870027602
  landing: 0.050420743064023554
  view-data: 0.2157885889755562
