times:
  edit-metadata: 0.7458177150110714
  landing: 0.05107241601217538
  view-data: 0.20366571901831776
