times:
  edit-metadata: 1.588093463331461
  landing: 0.8628061227500439
  view-data: 3.3548211343586445
