times:
  edit-metadata: 1.409217394888401
  landing: 0.892478697001934
  view-data: 3.3528829254209995
