times:
  edit-metadata: 0.8515577120706439
  landing: 0.07810279633849859
  view-data: 0.21658545173704624
