times:
  edit-metadata: 1.3539626859128475
  landing: 0.7892708978615701
  view-data: 3.3014109898358583
