times:
  edit-metadata: 1.4587130974978209
  landing: 0.8005509506911039
  view-data: 3.3613114822655916
