times:
  edit-metadata: 0.6727220402099192
  landing: 0.04478618921712041
  view-data: 0.19830192625522614
