times:
  landing: 0.5733287340000288
  view-data: 0.5688061070000003
