times:
  edit-metadata: 0.6443983735516667
  landing: 0.05195009335875511
  view-data: 0.2097124746069312
