times:
  edit-metadata: 1.232270136475563
  landing: 0.04372020065784454
  view-data: 0.23585196025669575
