times:
  edit-metadata: 1.6309490352869034
  landing: 0.019307482987642288
  view-data: 0.02574700117111206
