times:
  edit-metadata: 1.7392068859189749
  landing: 0.17935408651828766
  view-data: 0.02374250628054142
