times:
  landing: 1.070596538000018
  view-data: 0.5529030320000174
