times:
  edit-metadata: 0.7898126100189984
  landing: 0.053110967157408595
  view-data: 0.20500119403004646
