times:
  edit-metadata: 0.9172526299953461
  landing: 0.043671648018062115
  view-data: 0.27338697016239166
