times:
  edit-metadata: 1.977703700773418
  landing: 0.017852893099188805
  view-data: 0.02505035512149334
