times:
  edit-metadata: 1.5204808227717876
  landing: 0.9638591930270195
  view-data: 3.377551931887865
