times:
  edit-metadata: 1.4841159172356129
  landing: 0.9072700869292021
  view-data: 3.358432050794363
