times:
  edit-metadata: 0.6629286329844035
  landing: 0.05209851497784257
  view-data: 0.23631728097097948
