times:
  landing: 0.5440183329999968
  view-data: 0.5474675520000005
