times:
  edit-metadata: 0.7391624031588435
  landing: 0.060920306015759706
  view-data: 0.2010696241632104
