times:
  landing: 2.6394066210000346
  view-data: 0.5705864039999824
