times:
  edit-metadata: 2.5825129859149456
  landing: 0.2965929005295038
  view-data: 0.20821456797420979
