times:
  edit-metadata: 1.1115820072591305
  landing: 0.04719161242246628
  view-data: 0.21188228577375412
