times:
  edit-metadata: 1.6647628955543041
  landing: 0.04424954950809479
  view-data: 0.3287980630993843
