times:
  edit-metadata: 1.638184955343604
  landing: 0.019094575196504593
  view-data: 0.13292012549936771
