times:
  edit-metadata: 1.658162659034133
  landing: 0.02331266738474369
  view-data: 0.024672744795680046
