times:
  edit-metadata: 1.6001439038664103
  landing: 0.11644786596298218
  view-data: 0.18082165624946356
