times:
  edit-metadata: 0.6930561186745763
  landing: 0.04325001873075962
  view-data: 0.20248930109664798
