times:
  edit-metadata: 0.6488546249456704
  landing: 0.057804302079603076
  view-data: 0.3554020430892706
