times:
  edit-metadata: 0.6650175391696393
  landing: 0.044547060038894415
  view-data: 0.20666055381298065
