times:
  edit-metadata: 1.3844057135283947
  landing: 0.7914964370429516
  view-data: 3.2914440035820007
