times:
  landing: 0.5508674419999977
  view-data: 0.5553282449999983
