times:
  edit-metadata: 0.776671492960304
  landing: 0.08625553920865059
  view-data: 0.23214681586250663
