times:
  edit-metadata: 0.7097243592143059
  landing: 0.05183277931064367
  view-data: 0.467728721909225
