times:
  edit-metadata: 1.1497641820460558
  landing: 1.0911466535180807
  view-data: 0.3000054657459259
