times:
  edit-metadata: 1.2483245804905891
  landing: 1.2129439432173967
  view-data: 0.44250072725117207
