times:
  edit-metadata: 1.654610681347549
  landing: 0.02328189741820097
  view-data: 0.02588769607245922
