times:
  edit-metadata: 0.7241083313710988
  landing: 0.04350445885211229
  view-data: 0.20319770881906152
