times:
  edit-metadata: 0.8100638960022479
  landing: 0.046452532056719065
  view-data: 0.20104152988642454
