times:
  edit-metadata: 1.3959712581709027
  landing: 1.0182419959455729
  view-data: 3.3787504816427827
