times:
  edit-metadata: 0.6898213922977448
  landing: 0.715650774538517
  view-data: 0.3222327772527933
