times:
  edit-metadata: 0.8019056350458413
  landing: 0.04200823395512998
  view-data: 0.1988752179313451
