times:
  edit-metadata: 1.6222246149554849
  landing: 0.12670740205794573
  view-data: 0.027655470184981823
