times:
  edit-metadata: 2.0347218550741673
  landing: 0.9160698652267456
  view-data: 3.393429234623909
