times:
  edit-metadata: 1.4032901448663324
  landing: 0.8420761008746922
  view-data: 3.382608716841787
