times:
  edit-metadata: 1.6172782285138965
  landing: 0.022783512249588966
  view-data: 0.1139449030160904
