times:
  edit-metadata: 1.221517663449049
  landing: 0.050146352499723434
  view-data: 0.19846376031637192
