times:
  edit-metadata: 1.6308941170573235
  landing: 0.13388860784471035
  view-data: 0.12311151623725891
