times:
  edit-metadata: 1.2298516165465117
  landing: 0.6811254750937223
  view-data: 0.3336653597652912
