times:
  landing: 0.5535839770000166
  view-data: 0.5573324069999899
