times:
  edit-metadata: 1.5266965292394161
  landing: 1.072616346180439
  view-data: 3.3742984384298325
