times:
  landing: 0.5550002530000029
  view-data: 0.5650798930000178
