times:
  landing: 0.5603975199999809
  view-data: 0.5591987049999716
