times:
  edit-metadata: 0.6555741503834724
  landing: 0.049958860501646996
  view-data: 0.21049893647432327
