times:
  edit-metadata: 0.6613522409461439
  landing: 0.04957812302745879
  view-data: 0.22561437799595296
