times:
  landing: 0.5469106120000333
  view-data: 0.5534317639999813
