times:
  landing: 0.5596484690000239
  view-data: 0.5749864590000016
