times:
  edit-metadata: 0.6841211589053273
  landing: 0.03937043808400631
  view-data: 0.2031326093710959
