times:
  edit-metadata: 1.4911785796284676
  landing: 0.8014080915600061
  view-data: 3.45115115493536
