times:
  edit-metadata: 0.6799683158751577
  landing: 0.05115127097815275
  view-data: 0.23084360687062144
