times:
  edit-metadata: 0.7669039350003004
  landing: 0.04481624346226454
  view-data: 0.227451897226274
