times:
  edit-metadata: 1.4765115566551685
  landing: 0.8865139037370682
  view-data: 3.2937736846506596
