times:
  edit-metadata: 1.194315942004323
  landing: 0.6137187499552965
  view-data: 0.22196602262556553
