times:
  edit-metadata: 1.6958099901676178
  landing: 0.17281414289027452
  view-data: 0.44125743862241507
