times:
  edit-metadata: 1.3946203514933586
  landing: 0.9001234695315361
  view-data: 3.281211096793413
