times:
  edit-metadata: 1.6556093972176313
  landing: 0.022783370688557625
  view-data: 0.31093588657677174
