times:
  edit-metadata: 1.34222532203421
  landing: 0.8472833172418177
  view-data: 3.3952599791809916
