times:
  edit-metadata: 1.6108304299414158
  landing: 0.02077152393758297
  view-data: 0.11856210697442293
