times:
  edit-metadata: 0.8424567230977118
  landing: 0.05051808897405863
  view-data: 0.20994174480438232
