times:
  edit-metadata: 1.5669226683676243
  landing: 0.11630027648061514
  view-data: 0.4238088997080922
