times:
  edit-metadata: 1.2010034415870905
  landing: 4.033706514164805
  view-data: 1.0239058919250965
