times:
  landing: 0.5515651009999942
  view-data: 0.5540512290000095
