times:
  edit-metadata: 1.6293688882142305
  landing: 0.02004460245370865
  view-data: 0.33660189248621464
