times:
  edit-metadata: 1.6023658514022827
  landing: 0.020726695656776428
  view-data: 0.23890843987464905
