times:
  edit-metadata: 1.763851050985977
  landing: 0.08487714501097798
  view-data: 0.2880231288727373
