times:
  landing: 0.5481910499999856
  view-data: 0.5521542949999798
