times:
  landing: 1.0873596359999738
  view-data: 0.5585228219999863
