times:
  edit-metadata: 0.7764109299750999
  landing: 0.06067962001543492
  view-data: 0.2409669400076382
