times:
  edit-metadata: 1.4820969416759908
  landing: 1.3167176274582744
  view-data: 3.441858584061265
