times:
  landing: 1.0794501960000389
  view-data: 0.569478714000013
