times:
  edit-metadata: 1.087937567383051
  landing: 0.05340654030442238
  view-data: 0.20699388533830643
