times:
  edit-metadata: 0.8365610809996724
  landing: 0.06887761713005602
  view-data: 0.1999912140890956
