times:
  landing: 0.5576530139999818
  view-data: 0.5571244729999876
