times:
  edit-metadata: 0.6774537900928408
  landing: 0.05103096296079457
  view-data: 0.22657562093809247
