times:
  edit-metadata: 0.8169495039619505
  landing: 0.11062846099957824
  view-data: 0.2159551833756268
