times:
  edit-metadata: 1.700489155948162
  landing: 1.1222361181862652
  view-data: 3.3623702069744468
