times:
  landing: 1.0653254009999955
  view-data: 0.5503188449999925
