times:
  edit-metadata: 0.7588627820368856
  landing: 0.05643318989314139
  view-data: 0.19737087399698794
