times:
  edit-metadata: 0.893344176991377
  landing: 0.05270102497888729
  view-data: 0.21900309098418802
