times:
  landing: 1.0738097879999486
  view-data: 0.5591260420000026
