times:
  edit-metadata: 0.6482022423297167
  landing: 0.056425562128424644
  view-data: 0.22023302409797907
