times:
  edit-metadata: 1.1687035225331783
  landing: 0.7242489401251078
  view-data: 0.32903342694044113
