times:
  edit-metadata: 1.5624165385961533
  landing: 0.9204613529145718
  view-data: 3.33710340783
