times:
  edit-metadata: 1.7543367352336645
  landing: 0.18481001257896423
  view-data: 0.3258011806756258
