times:
  edit-metadata: 1.52408716827631
  landing: 1.027919165790081
  view-data: 3.4265025071799755
