times:
  edit-metadata: 0.8477334029739723
  landing: 0.05509345303289592
  view-data: 0.3447830789955333
