times:
  edit-metadata: 1.4765302538871765
  landing: 0.8660419955849648
  view-data: 3.389885203912854
