times:
  edit-metadata: 1.425942674279213
  landing: 0.789214588701725
  view-data: 3.249439638108015
