times:
  edit-metadata: 0.7813218770024832
  landing: 0.045335946982959285
  view-data: 0.20589146399288438
