times:
  edit-metadata: 1.4306831061840057
  landing: 0.8630512729287148
  view-data: 3.3067190423607826
