times:
  edit-metadata: 0.6940420591272414
  landing: 0.0382988303899765
  view-data: 0.2112095127813518
