times:
  edit-metadata: 0.6838996852748096
  landing: 0.04813791485503316
  view-data: 0.20447866385802627
