times:
  landing: 1.10759486500001
  view-data: 0.560882810999999
