times:
  edit-metadata: 1.6526237297803164
  landing: 0.15239113103598356
  view-data: 0.02533838152885437
