times:
  edit-metadata: 1.63421920966357
  landing: 0.02203237544745207
  view-data: 0.13151274248957634
