times:
  edit-metadata: 1.623019983060658
  landing: 0.020876060239970684
  view-data: 0.09705425146967173
