times:
  edit-metadata: 1.213518500328064
  landing: 0.04427221789956093
  view-data: 0.20894496142864227
