times:
  edit-metadata: 1.318090744316578
  landing: 0.04761628434062004
  view-data: 0.20101371966302395
