times:
  edit-metadata: 0.7153857019729912
  landing: 0.053475428372621536
  view-data: 0.1906100306659937
