times:
  edit-metadata: 1.5465636868029833
  landing: 0.8171176295727491
  view-data: 3.4078519847244024
