times:
  edit-metadata: 1.380325375823304
  landing: 0.6901743519119918
  view-data: 3.363495206926018
