times:
  edit-metadata: 1.5231760386377573
  landing: 0.9132736502215266
  view-data: 3.4919886579737067
