times:
  edit-metadata: 1.5690384842455387
  landing: 0.8254267126321793
  view-data: 3.4511329289525747
