times:
  edit-metadata: 1.7242548316717148
  landing: 1.0236321277916431
  view-data: 3.326122596859932
