times:
  edit-metadata: 1.5371143277734518
  landing: 0.8406291697174311
  view-data: 3.450297448784113
