times:
  landing: 1.0729446290000055
  view-data: 0.5616638230000035
