times:
  edit-metadata: 0.6988557670265436
  landing: 0.04576588096097112
  view-data: 0.20082936715334654
