times:
  edit-metadata: 1.182559223845601
  landing: 0.5967257283627987
  view-data: 0.21413776092231274
