times:
  landing: 0.5539343689999896
  view-data: 0.05170535199999904
