times:
  edit-metadata: 1.452944653108716
  landing: 0.8717940375208855
  view-data: 3.30971453525126
