times:
  edit-metadata: 1.4409520123153925
  landing: 0.9013420464470983
  view-data: 3.3469225596636534
