times:
  edit-metadata: 0.7197874989360571
  landing: 0.06850503664463758
  view-data: 0.29217393789440393
