times:
  edit-metadata: 1.6880602482706308
  landing: 0.019774213433265686
  view-data: 0.05579668655991554
