times:
  edit-metadata: 0.690285163000226
  landing: 0.044043876230716705
  view-data: 0.21375855337828398
