times:
  edit-metadata: 1.6307859160006046
  landing: 1.261825729161501
  view-data: 3.363557808101177
