times:
  edit-metadata: 1.0905405580997467
  landing: 0.05265763774514198
  view-data: 0.21082011982798576
