times:
  edit-metadata: 0.6331946076825261
  landing: 0.04503025580197573
  view-data: 0.22935641556978226
