times:
  edit-metadata: 1.6728500630706549
  landing: 0.022398829460144043
  view-data: 0.12138631194829941
