times:
  edit-metadata: 0.6586403967812657
  landing: 0.05468170624226332
  view-data: 0.21600456163287163
