times:
  edit-metadata: 1.6424022056162357
  landing: 0.020069116726517677
  view-data: 0.3482434768229723
