times:
  edit-metadata: 1.8932603225111961
  landing: 0.787870199419558
  view-data: 3.378295405767858
