times:
  edit-metadata: 1.1190089918673038
  landing: 0.5942271575331688
  view-data: 0.6282812021672726
