times:
  edit-metadata: 1.2512503545731306
  landing: 0.6504148300737143
  view-data: 0.45433416590094566
