times:
  edit-metadata: 0.7806982619222254
  landing: 0.05445529706776142
  view-data: 0.24595645209774375
