times:
  edit-metadata: 1.9011066760867834
  landing: 0.348641125485301
  view-data: 0.23767771385610104
