times:
  edit-metadata: 1.0131019179243594
  landing: 0.06813117698766291
  view-data: 0.21916425484232605
