times:
  edit-metadata: 1.7159243784844875
  landing: 0.020162131637334824
  view-data: 0.10237914975732565
