times:
  edit-metadata: 1.9398990739136934
  landing: 0.05867942422628403
  view-data: 0.026393819600343704
