times:
  edit-metadata: 1.5896464362740517
  landing: 0.8264252636581659
  view-data: 3.4714750591665506
