times:
  edit-metadata: 0.7470211340114474
  landing: 0.07435075100511312
  view-data: 0.21357587003149092
