times:
  edit-metadata: 1.2291275300085545
  landing: 1.6076878439635038
  view-data: 0.6005442216992378
