times:
  edit-metadata: 0.7512879589339718
  landing: 0.050693431054241955
  view-data: 0.20601661107502878
