times:
  landing: 0.5511639979999927
  view-data: 0.5661910360000206
