times:
  edit-metadata: 1.5132866259664297
  landing: 0.8992722202092409
  view-data: 3.4339947272092104
