times:
  edit-metadata: 0.7792794099077582
  landing: 0.051168569130823016
  view-data: 0.21745374100282788
