times:
  edit-metadata: 1.6123201716691256
  landing: 0.021086961030960083
  view-data: 0.024292277172207832
