times:
  edit-metadata: 0.6702426681295037
  landing: 0.047465702053159475
  view-data: 0.2160316240042448
