times:
  edit-metadata: 0.6868940899148583
  landing: 0.04822625080123544
  view-data: 0.20489916671067476
