times:
  edit-metadata: 0.6592113962396979
  landing: 0.04454213194549084
  view-data: 0.20111754583194852
