times:
  edit-metadata: 1.7584299379959702
  landing: 0.020480772480368614
  view-data: 0.12248293403536081
