times:
  edit-metadata: 1.187803464999888
  landing: 0.09953496701200493
  view-data: 0.31057125100051053
