times:
  edit-metadata: 0.6616703610052355
  landing: 0.05198211700189859
  view-data: 0.2132175790029578
