times:
  landing: 0.5624013249999962
  view-data: 0.5540171760000021
