times:
  edit-metadata: 1.420088023878634
  landing: 0.8829589365050197
  view-data: 3.408988487906754
