times:
  edit-metadata: 1.9577026795595884
  landing: 1.104562919586897
  view-data: 3.390739543363452
