times:
  edit-metadata: 1.361125772818923
  landing: 0.8645789520815015
  view-data: 3.363260713405907
