times:
  landing: 0.5502449020000029
  view-data: 0.5564136799999915
