times:
  landing: 0.5474309049999988
  view-data: 0.5525756069999943
