times:
  edit-metadata: 0.7635090427938849
  landing: 0.04835428507067263
  view-data: 0.19906335417181253
