times:
  edit-metadata: 1.789957206696272
  landing: 1.1195872090756893
  view-data: 3.388988461345434
