times:
  edit-metadata: 1.6264728447422385
  landing: 0.019634722732007504
  view-data: 0.3883118759840727
