times:
  edit-metadata: 2.5379149056971073
  landing: 1.5180226750671864
  view-data: 3.39918464794755
