times:
  edit-metadata: 0.8706278461031616
  landing: 0.10516929579898715
  view-data: 0.3612067410722375
