times:
  edit-metadata: 1.6566636096686125
  landing: 0.020079487934708595
  view-data: 0.3051614034920931
