times:
  edit-metadata: 1.1825699880719185
  landing: 0.6082053128629923
  view-data: 0.2962899822741747
