times:
  edit-metadata: 2.4528954159468412
  landing: 1.4511682614684105
  view-data: 3.5002394299954176
