times:
  edit-metadata: 1.5902314959093928
  landing: 0.206111216917634
  view-data: 0.0271678538993001
