times:
  edit-metadata: 0.7746668877080083
  landing: 0.05273702600970864
  view-data: 0.2052409928292036
