times:
  edit-metadata: 0.757765113026835
  landing: 0.04694931299309246
  view-data: 0.20316591698792763
