times:
  edit-metadata: 1.2277158442884684
  landing: 0.7115382552146912
  view-data: 0.32858370430767536
