times:
  edit-metadata: 2.530476799234748
  landing: 0.41211555339396
  view-data: 0.44422051310539246
