times:
  edit-metadata: 1.626799506135285
  landing: 0.02097467239946127
  view-data: 0.12057639844715595
