times:
  edit-metadata: 0.6769755966961384
  landing: 0.7133966386318207
  view-data: 0.35788963735103607
