times:
  landing: 0.5879594870000062
  view-data: 0.06412693900000477
