times:
  edit-metadata: 0.7668003620347008
  landing: 0.050350309000350535
  view-data: 0.22049905604217201
