times:
  edit-metadata: 0.668132958933711
  landing: 0.05443536187522113
  view-data: 0.24212280800566077
