times:
  edit-metadata: 1.1472480222582817
  landing: 0.05330279842019081
  view-data: 0.2127128690481186
