times:
  landing: 0.5644743280000171
  view-data: 0.559943632999989
