times:
  edit-metadata: 1.65867388388142
  landing: 0.8879820501897484
  view-data: 3.394343029940501
