times:
  landing: 0.5614488120000942
  view-data: 0.5453171760000259
