times:
  edit-metadata: 1.5340073928236961
  landing: 0.946261640638113
  view-data: 3.4452239088714123
