times:
  edit-metadata: 1.0896037183701992
  landing: 0.04865903779864311
  view-data: 0.20836898311972618
