times:
  edit-metadata: 1.1342332605272532
  landing: 1.3203127421438694
  view-data: 0.30516640841960907
