times:
  edit-metadata: 1.4259515423327684
  landing: 0.7930548693984747
  view-data: 3.4743461795151234
