times:
  edit-metadata: 2.072069600224495
  landing: 1.476255115121603
  view-data: 3.4320798218250275
