times:
  edit-metadata: 0.699141294695437
  landing: 0.048713117837905884
  view-data: 0.19665801897644997
