times:
  landing: 0.5505314889999227
  view-data: 0.54652669099994
