times:
  landing: 0.558315446999984
  view-data: 0.5567665500000203
