times:
  edit-metadata: 0.829611225053668
  landing: 0.05102886399254203
  view-data: 0.20283819502219558
