times:
  edit-metadata: 0.729302707593888
  landing: 0.04443226894363761
  view-data: 0.22009770292788744
