times:
  edit-metadata: 0.7489605449954979
  landing: 0.043594852002570406
  view-data: 0.20434177000424825
