times:
  edit-metadata: 1.7581946663558483
  landing: 0.2025146260857582
  view-data: 0.38322166353464127
