times:
  edit-metadata: 1.633978827856481
  landing: 0.022246502339839935
  view-data: 0.02553396951407194
