times:
  edit-metadata: 1.6736128125339746
  landing: 0.02798360399901867
  view-data: 0.28211914002895355
