times:
  edit-metadata: 0.6746772149926983
  landing: 0.054605280980467796
  view-data: 0.21827509300783277
