times:
  edit-metadata: 1.5366456042975187
  landing: 0.8464638255536556
  view-data: 3.5116611048579216
