times:
  edit-metadata: 1.1616372969001532
  landing: 0.9086594562977552
  view-data: 0.33989361487329006
