times:
  edit-metadata: 1.4685393944382668
  landing: 0.9020264185965061
  view-data: 3.3060254380106926
