times:
  landing: 0.5624660379999682
  view-data: 0.5754791510000246
