times:
  landing: 1.0691981189999638
  view-data: 0.5532051929999966
