times:
  edit-metadata: 1.4705862049013376
  landing: 0.9189925193786621
  view-data: 3.3160890974104404
