times:
  edit-metadata: 0.7101658540777862
  landing: 0.04336313856765628
  view-data: 0.21675673918798566
