times:
  edit-metadata: 1.467820794787258
  landing: 0.925075925886631
  view-data: 3.3520093453116715
