times:
  edit-metadata: 0.7940130279166624
  landing: 0.05562105297576636
  view-data: 0.20502756896894425
