times:
  edit-metadata: 1.521724607795477
  landing: 0.8672816529870033
  view-data: 3.414101604372263
