times:
  landing: 0.5509200110000165
  view-data: 0.5531826479999609
