times:
  edit-metadata: 1.622562063857913
  landing: 0.2745982240885496
  view-data: 0.023216303437948227
