times:
  edit-metadata: 1.3688269797712564
  landing: 0.8721288191154599
  view-data: 4.2985435808077455
