times:
  edit-metadata: 1.5499160066246986
  landing: 0.818319495767355
  view-data: 3.4432148188352585
