times:
  edit-metadata: 0.7297339069191366
  landing: 0.04643548000603914
  view-data: 0.20505053305532783
