times:
  edit-metadata: 1.638934139162302
  landing: 1.0466692969202995
  view-data: 3.380286045372486
