times:
  edit-metadata: 0.764645084971562
  landing: 0.05210339417681098
  view-data: 0.32767567690461874
