times:
  edit-metadata: 1.1162901911884546
  landing: 0.49443920888006687
  view-data: 0.21759521216154099
