times:
  landing: 0.5535513959999889
  view-data: 0.5542322070000409
