times:
  landing: 0.5524473780000108
  view-data: 0.5649221799999964
