times:
  edit-metadata: 1.158786065876484
  landing: 0.05030720680952072
  view-data: 0.21799953281879425
