times:
  landing: 0.6182335980000175
  view-data: 0.5548957080000037
