times:
  landing: 1.0594309180000323
  view-data: 0.5485245380000379
