times:
  edit-metadata: 1.4589938852004707
  landing: 0.08564033033326268
  view-data: 0.37042429530993104
