times:
  edit-metadata: 0.6315319444984198
  landing: 0.7410126160830259
  view-data: 0.31876164488494396
