times:
  edit-metadata: 1.1875417493283749
  landing: 0.04661662504076958
  view-data: 0.21770119667053223
