times:
  edit-metadata: 1.4954393617808819
  landing: 1.0266610961407423
  view-data: 3.3129111994057894
