times:
  edit-metadata: 1.1138823553919792
  landing: 0.04489747807383537
  view-data: 0.2061341032385826
