times:
  landing: 0.554891103999978
  view-data: 0.5545154040000284
