times:
  edit-metadata: 1.1374608390033245
  landing: 0.6440249104052782
  view-data: 0.22930781915783882
