times:
  edit-metadata: 1.398047387599945
  landing: 0.7602856121957302
  view-data: 3.2811005525290966
