times:
  edit-metadata: 1.6845081029459834
  landing: 0.022489567287266254
  view-data: 0.12137231323868036
