times:
  edit-metadata: 1.1329236049205065
  landing: 1.0051765628159046
  view-data: 0.30099718272686005
