times:
  edit-metadata: 0.6396460849791765
  landing: 0.5615549311041832
  view-data: 0.2038998119533062
