times:
  landing: 1.0750456979999967
  view-data: 0.5585740320000241
