times:
  edit-metadata: 0.6639439975842834
  landing: 0.05317180883139372
  view-data: 0.22206734120845795
