times:
  edit-metadata: 0.776112156920135
  landing: 0.049747172044590116
  view-data: 0.21411024313420057
