times:
  edit-metadata: 2.6634652065113187
  landing: 1.5312978802248836
  view-data: 3.5031790463253856
