times:
  edit-metadata: 1.60284567438066
  landing: 0.19671380333602428
  view-data: 0.10482171550393105
