times:
  edit-metadata: 0.6490446460084058
  landing: 0.04564931499771774
  view-data: 0.22938445598992985
