times:
  edit-metadata: 0.7654648430179805
  landing: 0.07523354899603873
  view-data: 0.20395893597742543
