times:
  landing: 0.545769775999986
  view-data: 0.559779390000017
