times:
  edit-metadata: 0.7234331518411636
  landing: 0.058711451943963766
  view-data: 0.3525435421615839
