times:
  landing: 0.545627363000051
  view-data: 0.54930030700001
