times:
  edit-metadata: 1.6005676900967956
  landing: 0.021697998978197575
  view-data: 0.12222798354923725
