times:
  edit-metadata: 1.2495236676186323
  landing: 0.5900520887225866
  view-data: 0.622026801109314
