times:
  edit-metadata: 0.7380917169939494
  landing: 0.043579928009421565
  view-data: 0.23327214499295224
