times:
  edit-metadata: 1.6015661731362343
  landing: 0.01987605355679989
  view-data: 0.13718542829155922
