times:
  edit-metadata: 0.6678970633074641
  landing: 0.04484238522127271
  view-data: 0.22767329309135675
