times:
  edit-metadata: 1.4657354466617107
  landing: 0.9504197733476758
  view-data: 3.4027823247015476
