times:
  edit-metadata: 1.6298246625810862
  landing: 0.021543830633163452
  view-data: 0.02414215262979269
