times:
  edit-metadata: 0.6698712690267712
  landing: 0.05009262985549867
  view-data: 0.2181488131172955
