times:
  landing: 0.563878342999999
  view-data: 0.5941793609999877
