times:
  edit-metadata: 0.6546095089288428
  landing: 0.05204804101958871
  view-data: 0.36024149402510375
