times:
  edit-metadata: 1.8205757662653923
  landing: 0.30765136890113354
  view-data: 0.21965955942869186
