times:
  edit-metadata: 1.3504805285483599
  landing: 0.8051231075078249
  view-data: 3.405156302265823
