times:
  edit-metadata: 1.6300374055281281
  landing: 0.020397691056132317
  view-data: 0.02409292943775654
