times:
  edit-metadata: 1.5876661129295826
  landing: 0.21966064535081387
  view-data: 0.13427342008799314
