times:
  edit-metadata: 0.7338914652355015
  landing: 0.04482861468568444
  view-data: 0.21389430901035666
