times:
  edit-metadata: 0.7441418832167983
  landing: 0.05337634775787592
  view-data: 0.2050640187226236
