times:
  edit-metadata: 0.7416626579943113
  landing: 0.0452704019844532
  view-data: 0.23396839702036232
