times:
  edit-metadata: 1.5022328421473503
  landing: 0.9557336010038853
  view-data: 3.425233334302902
