times:
  landing: 0.5444711089999998
  view-data: 0.5457703280000032
