times:
  edit-metadata: 1.6933599319308996
  landing: 0.019329510629177094
  view-data: 0.3708916436880827
