times:
  edit-metadata: 0.8911213967949152
  landing: 0.0692701218649745
  view-data: 0.22726362710818648
