times:
  edit-metadata: 2.134485077112913
  landing: 0.33116305246949196
  view-data: 0.44999524764716625
