times:
  edit-metadata: 2.1648372057825327
  landing: 0.4245302230119705
  view-data: 0.14926090650260448
