times:
  edit-metadata: 0.6703399727120996
  landing: 0.05327483220025897
  view-data: 0.3638658900745213
