times:
  edit-metadata: 0.7359203069936484
  landing: 0.0445528300042497
  view-data: 0.20610051200492308
