times:
  edit-metadata: 1.6749368514865637
  landing: 0.2727363035082817
  view-data: 0.35449391417205334
