times:
  edit-metadata: 0.7671859220135957
  landing: 0.0638447810197249
  view-data: 0.22352730599232018
