times:
  edit-metadata: 0.7330850979997194
  landing: 0.04867816000023595
  view-data: 0.22965902199985067
