times:
  edit-metadata: 3.875729240477085
  landing: 2.8367597199976444
  view-data: 3.760814093053341
