times:
  edit-metadata: 1.4521978851407766
  landing: 0.797955334186554
  view-data: 3.313131450675428
