times:
  edit-metadata: 0.7566077109950129
  landing: 0.06139402800181415
  view-data: 0.24477254100202117
