times:
  edit-metadata: 1.6669803699478507
  landing: 0.01908018533140421
  view-data: 0.12378370761871338
