times:
  edit-metadata: 2.2833550018258393
  landing: 5.330364926252514
  view-data: 3.415670475922525
