times:
  landing: 0.5509575610000184
  view-data: 0.5671717210000224
