times:
  edit-metadata: 2.328084645792842
  landing: 1.1335346773266792
  view-data: 3.416102312505245
