times:
  landing: 0.5589684139999918
  view-data: 0.5619495069999516
