times:
  edit-metadata: 0.6573521494865417
  landing: 0.969570642337203
  view-data: 0.3029680419713259
