times:
  edit-metadata: 1.3316307254135609
  landing: 0.8475536666810513
  view-data: 3.3735584504902363
