times:
  edit-metadata: 1.6142061036080122
  landing: 0.019589516334235668
  view-data: 0.11776506900787354
