times:
  edit-metadata: 1.766669949516654
  landing: 0.14736789651215076
  view-data: 0.026684114709496498
