times:
  edit-metadata: 1.1481715310364962
  landing: 1.2004114538431168
  view-data: 0.30877670645713806
