times:
  landing: 0.5527288839998619
  view-data: 0.5531421080002019
