times:
  edit-metadata: 1.486070716753602
  landing: 0.8190808482468128
  view-data: 3.437802091240883
