times:
  landing: 0.5521777010000051
  view-data: 0.047892780999973183
