times:
  edit-metadata: 1.267806202173233
  landing: 0.3875086586922407
  view-data: 0.3368233237415552
