times:
  edit-metadata: 1.5236362479627132
  landing: 0.9547395147383213
  view-data: 3.393951315432787
