times:
  edit-metadata: 2.0439771860837936
  landing: 0.047492267563939095
  view-data: 0.3128555193543434
