times:
  landing: 1.078269832999979
  view-data: 0.558672362999971
