times:
  edit-metadata: 1.6286807116121054
  landing: 0.021151265129446983
  view-data: 0.024359604343771935
