times:
  edit-metadata: 1.2114001642912626
  landing: 0.6251137163490057
  view-data: 0.38518120162189007
