times:
  edit-metadata: 1.6847120001912117
  landing: 0.029189791530370712
  view-data: 0.12977486662566662
