times:
  edit-metadata: 1.3539309743791819
  landing: 0.8178364560008049
  view-data: 3.444833545014262
