times:
  edit-metadata: 0.7747983880108222
  landing: 0.04452466091606766
  view-data: 0.20195308094844222
