times:
  edit-metadata: 0.6553582400083542
  landing: 0.05202509369701147
  view-data: 0.214763592928648
