times:
  edit-metadata: 1.510622096247971
  landing: 0.9142968058586121
  view-data: 3.3596531599760056
