times:
  edit-metadata: 1.87754569016397
  landing: 0.28171854838728905
  view-data: 0.40358248353004456
