times:
  landing: 0.5628409310000393
  view-data: 0.5596219999999903
