times:
  edit-metadata: 1.6596667785197496
  landing: 0.019073709845542908
  view-data: 0.3003818914294243
