times:
  edit-metadata: 1.1569899432361126
  landing: 0.05056483671069145
  view-data: 0.22363554313778877
