times:
  edit-metadata: 0.859867325052619
  landing: 0.047459204914048314
  view-data: 0.22597047197632492
