times:
  edit-metadata: 1.6116233132779598
  landing: 0.02001447882503271
  view-data: 0.47619994543492794
