times:
  landing: 0.5617330210000091
  view-data: 0.5595067190000123
