times:
  edit-metadata: 0.7414433991070837
  landing: 0.04948107909876853
  view-data: 0.2037911380175501
