times:
  edit-metadata: 2.1214824384078383
  landing: 0.022209306247532368
  view-data: 0.030926174484193325
