times:
  edit-metadata: 1.1432066559791565
  landing: 1.1230954062193632
  view-data: 0.6372814513742924
