times:
  edit-metadata: 1.5363425351679325
  landing: 0.8241194412112236
  view-data: 3.4356116745620966
