times:
  edit-metadata: 1.6153002437204123
  landing: 0.8722286634147167
  view-data: 3.533468708395958
