times:
  landing: 0.5541717989999597
  view-data: 0.5644034830000351
