times:
  edit-metadata: 0.6316045690327883
  landing: 0.05055476725101471
  view-data: 0.19718330865725875
