times:
  edit-metadata: 0.684849857352674
  landing: 0.055955780670046806
  view-data: 0.22543905396014452
