times:
  edit-metadata: 1.3228796881157905
  landing: 0.14940181793645024
  view-data: 0.2317004140932113
