times:
  edit-metadata: 1.2520544566214085
  landing: 0.04361730441451073
  view-data: 0.21852724999189377
