times:
  edit-metadata: 0.729954834911041
  landing: 0.045938374008983374
  view-data: 0.2385904280235991
