times:
  edit-metadata: 0.6411736086010933
  landing: 0.041003329679369926
  view-data: 0.2235548421740532
