times:
  edit-metadata: 1.7378743458539248
  landing: 0.022713012993335724
  view-data: 0.1628478206694126
