times:
  edit-metadata: 0.6312451101839542
  landing: 0.04668304603546858
  view-data: 0.21286009065806866
