times:
  edit-metadata: 1.6431398903951049
  landing: 0.02151606325060129
  view-data: 0.12144207023084164
