times:
  edit-metadata: 1.5724084945395589
  landing: 0.0208793506026268
  view-data: 0.11788337491452694
