times:
  edit-metadata: 0.650556982960552
  landing: 0.07517248508520424
  view-data: 0.2189751749392599
