times:
  edit-metadata: 0.8158377780055162
  landing: 0.1058787410001969
  view-data: 0.25985467200371204
