times:
  edit-metadata: 1.712648255750537
  landing: 0.3051064107567072
  view-data: 0.3415903318673372
