times:
  landing: 1.0735828260000062
  view-data: 0.5579662570000892
