times:
  edit-metadata: 1.6206819200888276
  landing: 0.02319453563541174
  view-data: 0.026065724901854992
