times:
  edit-metadata: 1.613268431276083
  landing: 0.9964834656566381
  view-data: 3.3525078278034925
