times:
  edit-metadata: 1.7241054764017463
  landing: 0.019090838730335236
  view-data: 0.12415722385048866
