times:
  landing: 0.5551030889999993
  view-data: 0.5563884529999541
