times:
  edit-metadata: 1.3553429087623954
  landing: 0.8647933080792427
  view-data: 3.435468320734799
