times:
  edit-metadata: 1.4833490550518036
  landing: 1.0114657890517265
  view-data: 3.4224794660694897
