times:
  edit-metadata: 1.7982002217322588
  landing: 1.3271773252636194
  view-data: 3.4485613144934177
