times:
  landing: 0.5517271350000215
  view-data: 0.5588144140000111
