times:
  edit-metadata: 1.4040244482457638
  landing: 0.962947491556406
  view-data: 3.331656187772751
