times:
  edit-metadata: 0.7250121280085295
  landing: 0.04764563305070624
  view-data: 0.21219682396622375
