times:
  edit-metadata: 0.7646238629240543
  landing: 0.04271278902888298
  view-data: 0.20268401689827442
