times:
  edit-metadata: 1.367963183671236
  landing: 0.7661636620759964
  view-data: 3.277412511408329
