times:
  edit-metadata: 1.1932504530996084
  landing: 0.975998992100358
  view-data: 0.3030124083161354
