times:
  edit-metadata: 0.6635168149950914
  landing: 0.052983809990109876
  view-data: 0.3425701309752185
