times:
  edit-metadata: 1.6266232607886195
  landing: 0.09566686116158962
  view-data: 0.025953383184969425
