times:
  edit-metadata: 0.6052908152341843
  landing: 0.6681536603718996
  view-data: 0.2457598876208067
