times:
  edit-metadata: 1.3677960559725761
  landing: 0.8163115456700325
  view-data: 3.3026920817792416
