times:
  edit-metadata: 0.7734718122519553
  landing: 0.05175136914476752
  view-data: 0.20641911309212446
