times:
  edit-metadata: 1.4768933709710836
  landing: 0.8329782467335463
  view-data: 3.4758020117878914
