times:
  landing: 0.5495341480000207
  view-data: 0.5529709909999951
