times:
  landing: 1.1393867560000217
  view-data: 0.5624933789999886
