times:
  edit-metadata: 1.6005673166364431
  landing: 0.01993462536484003
  view-data: 0.0976581759750843
