times:
  edit-metadata: 0.730346013995586
  landing: 0.053070251015014946
  view-data: 0.20747751201270148
