times:
  edit-metadata: 1.5040610991418362
  landing: 0.9189865663647652
  view-data: 3.3954360485076904
