times:
  edit-metadata: 0.7022264157421887
  landing: 0.045747279189527035
  view-data: 0.20205612014979124
