times:
  edit-metadata: 0.6734320080140606
  landing: 0.05582677299389616
  view-data: 0.2267542330082506
