times:
  edit-metadata: 0.7506925482302904
  landing: 0.048227827064692974
  view-data: 0.2015369301661849
