times:
  edit-metadata: 1.5917110182344913
  landing: 0.02332233637571335
  view-data: 0.024252843111753464
