times:
  edit-metadata: 0.8439572029747069
  landing: 0.0934485059697181
  view-data: 0.22316414106171578
