times:
  edit-metadata: 3.454176776111126
  landing: 0.9095843136310577
  view-data: 3.53321098908782
