times:
  edit-metadata: 0.7310179988853633
  landing: 0.04692675080150366
  view-data: 0.21670359978452325
