times:
  edit-metadata: 1.1854761391878128
  landing: 0.043834201991558075
  view-data: 0.21447454765439034
