times:
  edit-metadata: 1.7134043779224157
  landing: 0.02123945765197277
  view-data: 0.0245741605758667
