times:
  edit-metadata: 0.624806254170835
  landing: 0.04706798307597637
  view-data: 0.20375197939574718
