times:
  edit-metadata: 1.3899360904470086
  landing: 0.8759067775681615
  view-data: 3.330185418948531
