times:
  edit-metadata: 1.3214055709540844
  landing: 0.06062944233417511
  view-data: 0.212294552475214
