times:
  edit-metadata: 0.6475650259526446
  landing: 0.05350880802143365
  view-data: 0.2257745760725811
