times:
  edit-metadata: 0.6621927539817989
  landing: 0.05121126538142562
  view-data: 0.23343755584210157
