times:
  edit-metadata: 1.5976285226643085
  landing: 1.354314249008894
  view-data: 3.4294641613960266
