times:
  edit-metadata: 1.6282401839271188
  landing: 0.024741233326494694
  view-data: 0.025310187600553036
