times:
  edit-metadata: 0.7437005629763007
  landing: 0.05030061799334362
  view-data: 0.2087876129662618
