times:
  edit-metadata: 1.6119170188903809
  landing: 1.1090465486049652
  view-data: 3.3985851034522057
