times:
  edit-metadata: 1.1477066278457642
  landing: 0.8799619860947132
  view-data: 0.3301149532198906
