times:
  edit-metadata: 1.5143460594117641
  landing: 0.8461393043398857
  view-data: 3.341843221336603
