times:
  edit-metadata: 1.6682558413594961
  landing: 0.22969775646924973
  view-data: 0.346072418615222
