times:
  edit-metadata: 1.3860285952687263
  landing: 0.8544663293287158
  view-data: 3.381648426875472
