times:
  landing: 0.5520146359999671
  view-data: 0.560926950999999
