times:
  edit-metadata: 0.6816671867854893
  landing: 0.05838937917724252
  view-data: 0.21671966277062893
