times:
  edit-metadata: 1.4564137635752559
  landing: 0.9290100913494825
  view-data: 3.4111026702448726
