times:
  edit-metadata: 1.4722008928656578
  landing: 0.7849313374608755
  view-data: 3.336303284391761
