times:
  landing: 2.12733709500003
  view-data: 1.077764961000014
