times:
  edit-metadata: 1.931806931272149
  landing: 0.15954322926700115
  view-data: 0.38350728899240494
