times:
  edit-metadata: 0.7182431579567492
  landing: 0.051572178956121206
  view-data: 0.22635379526764154
