times:
  edit-metadata: 0.7726756050251424
  landing: 0.046884171082638204
  view-data: 0.2011350510874763
