times:
  edit-metadata: 1.4773096311837435
  landing: 0.89015400595963
  view-data: 3.259353343397379
