times:
  edit-metadata: 0.7338685180293396
  landing: 0.0458220950094983
  view-data: 0.23010185605380684
