times:
  edit-metadata: 0.6423275787383318
  landing: 0.6304764524102211
  view-data: 0.20528044365346432
