times:
  edit-metadata: 0.6438411260023713
  landing: 0.04669832205399871
  view-data: 0.23148964601568878
