times:
  edit-metadata: 1.6041187951341271
  landing: 0.02293106634169817
  view-data: 0.2200439963489771
