times:
  edit-metadata: 1.523496463894844
  landing: 0.9464016370475292
  view-data: 3.409162849187851
