times:
  edit-metadata: 2.288322264328599
  landing: 1.3953750897198915
  view-data: 3.5688196159899235
