times:
  edit-metadata: 0.7005533310584724
  landing: 0.04657797468826175
  view-data: 0.19366355007514358
