times:
  landing: 0.5448021279999864
  view-data: 0.5488930740000058
