times:
  edit-metadata: 1.933216743171215
  landing: 0.302238330245018
  view-data: 0.14710571989417076
