times:
  edit-metadata: 0.7067997162230313
  landing: 0.04309343500062823
  view-data: 0.20122447703033686
