times:
  edit-metadata: 1.663286168128252
  landing: 0.1314698588103056
  view-data: 0.2768428213894367
