times:
  edit-metadata: 1.418906208127737
  landing: 0.9087328352034092
  view-data: 3.3681833408772945
