times:
  landing: 0.5509789810000143
  view-data: 0.5557112060000122
