times:
  edit-metadata: 1.173811487853527
  landing: 1.8579675797373056
  view-data: 0.4406689200550318
