times:
  landing: 0.5568565699999795
  view-data: 0.052397108000036496
