times:
  edit-metadata: 0.6829263474792242
  landing: 0.0473597040399909
  view-data: 0.20991985965520144
