times:
  edit-metadata: 1.6493169404566288
  landing: 1.1419398672878742
  view-data: 3.3529211692512035
