times:
  landing: 0.5490842639999869
  view-data: 0.5561305670000252
