times:
  edit-metadata: 1.6344751873984933
  landing: 0.019894246011972427
  view-data: 0.025618400424718857
