times:
  edit-metadata: 1.0427744360640645
  landing: 0.06115546030923724
  view-data: 0.2259574350900948
