times:
  landing: 0.5598954390000017
  view-data: 0.5568342200000416
