times:
  edit-metadata: 0.7786229039775208
  landing: 0.04282954300288111
  view-data: 0.2201662870356813
