times:
  edit-metadata: 0.7691551866009831
  landing: 0.05223933840170503
  view-data: 0.21203727088868618
