times:
  edit-metadata: 1.5233508981764317
  landing: 0.8435807898640633
  view-data: 3.387793093919754
