times:
  edit-metadata: 0.6560480720363557
  landing: 0.05497791897505522
  view-data: 0.23945337708573788
