times:
  landing: 0.5544958390000261
  view-data: 0.5665344199999822
