times:
  edit-metadata: 1.6601626062765718
  landing: 0.020440169610083103
  view-data: 0.12007362395524979
