times:
  edit-metadata: 0.7854820000939071
  landing: 0.054659571032971144
  view-data: 0.19977396307513118
