times:
  edit-metadata: 0.6864084200933576
  landing: 0.04712303262203932
  view-data: 0.20827741548419
