times:
  edit-metadata: 0.7202344452962279
  landing: 0.05312817171216011
  view-data: 0.1905902586877346
