times:
  edit-metadata: 1.6887347605079412
  landing: 0.19031531549990177
  view-data: 0.3238423112779856
