times:
  landing: 0.5566998979999767
  view-data: 0.5681608389999724
