times:
  edit-metadata: 1.176098596304655
  landing: 0.04877106286585331
  view-data: 0.21852052584290504
