times:
  edit-metadata: 1.544651359319687
  landing: 0.9853174649178982
  view-data: 3.4282419346272945
