times:
  edit-metadata: 0.6709982268512249
  landing: 0.05877233692444861
  view-data: 0.23354717413894832
