times:
  edit-metadata: 1.640664055943489
  landing: 0.09684681612998247
  view-data: 0.12150066252797842
