times:
  edit-metadata: 1.188807798549533
  landing: 0.6742854863405228
  view-data: 0.24184303358197212
