times:
  edit-metadata: 1.1187844537198544
  landing: 0.04718035086989403
  view-data: 0.21080071479082108
