times:
  landing: 1.1208481479999932
  view-data: 0.5578480749999812
