times:
  edit-metadata: 0.6775406160159037
  landing: 0.04623469908256084
  view-data: 0.23407182493247092
