times:
  edit-metadata: 1.6210537189617753
  landing: 0.01964135468006134
  view-data: 0.02597131486982107
