times:
  edit-metadata: 0.6736581739969552
  landing: 0.05021323822438717
  view-data: 0.20212930627167225
