times:
  edit-metadata: 0.7548628229415044
  landing: 0.04507915105205029
  view-data: 0.20332186005543917
