times:
  edit-metadata: 1.5815882245078683
  landing: 0.01997270528227091
  view-data: 0.12406465224921703
