times:
  edit-metadata: 0.646349860355258
  landing: 0.7161877974867821
  view-data: 0.2006887998431921
