times:
  edit-metadata: 0.8026209720410407
  landing: 0.04846501490101218
  view-data: 0.22320104483515024
