times:
  edit-metadata: 1.1442141458392143
  landing: 0.046622201800346375
  view-data: 0.21252989396452904
