times:
  edit-metadata: 1.5920030809938908
  landing: 0.025944696739315987
  view-data: 0.025836083106696606
