times:
  edit-metadata: 1.654576969332993
  landing: 0.22055249940603971
  view-data: 0.12129010166972876
