times:
  edit-metadata: 1.3656677696853876
  landing: 1.1572918836027384
  view-data: 1.1379866525530815
