times:
  edit-metadata: 0.9821044579148293
  landing: 0.04726617690175772
  view-data: 0.31711281975731254
