times:
  edit-metadata: 1.5026107244193554
  landing: 0.7997010201215744
  view-data: 3.3750465847551823
