times:
  edit-metadata: 1.6089518032968044
  landing: 0.020749048329889774
  view-data: 0.024679345078766346
