times:
  edit-metadata: 1.7219079937785864
  landing: 0.11712848581373692
  view-data: 0.02487161848694086
