times:
  edit-metadata: 0.6869772849604487
  landing: 0.04057728312909603
  view-data: 0.2006035652011633
