times:
  landing: 1.125849905999985
  view-data: 0.5537320490000184
