times:
  edit-metadata: 2.3102030493319035
  landing: 1.2821217942982912
  view-data: 3.4069855231791735
