times:
  edit-metadata: 0.6497211211826652
  landing: 0.04932519909925759
  view-data: 0.2394747049547732
