times:
  landing: 1.118879473999982
  view-data: 0.5656180049999762
