times:
  edit-metadata: 1.108165780082345
  landing: 1.2713943608105183
  view-data: 0.4323635399341583
