times:
  edit-metadata: 0.8178945030085742
  landing: 0.05841755820438266
  view-data: 0.2031340799294412
