times:
  edit-metadata: 0.6538549619726837
  landing: 0.047384961042553186
  view-data: 0.23367730097379535
