times:
  edit-metadata: 0.7154510319232941
  landing: 0.05571099417284131
  view-data: 0.22913778806105256
