times:
  edit-metadata: 0.653190934099257
  landing: 0.06120680412277579
  view-data: 0.23342235409654677
