times:
  edit-metadata: 0.7673042980022728
  landing: 0.043114237021654844
  view-data: 0.20692638028413057
