times:
  edit-metadata: 1.6772759770974517
  landing: 0.01995221246033907
  view-data: 0.02548796497285366
