times:
  edit-metadata: 1.1172411888837814
  landing: 0.0548115000128746
  view-data: 0.2087993323802948
