times:
  edit-metadata: 1.8427714789286256
  landing: 1.224932610988617
  view-data: 3.5957925291731954
