times:
  edit-metadata: 1.1890427004545927
  landing: 0.939572187140584
  view-data: 0.3269663415849209
