times:
  edit-metadata: 1.2059887386858463
  landing: 0.051392562687397
  view-data: 0.2010066956281662
