times:
  edit-metadata: 2.4965395694598556
  landing: 0.8553226310759783
  view-data: 3.784180943854153
