times:
  landing: 0.5540129190000016
  view-data: 0.554641327000013
