times:
  landing: 1.0794653310000513
  view-data: 0.5533341359999895
