times:
  edit-metadata: 0.7048232560046017
  landing: 0.05238753370940685
  view-data: 0.1983164199627936
