times:
  edit-metadata: 0.7733260111417621
  landing: 0.04855159600265324
  view-data: 0.1977917910553515
