times:
  edit-metadata: 2.0509104253724217
  landing: 1.6752337450161576
  view-data: 3.5537513978779316
