times:
  edit-metadata: 2.159788068383932
  landing: 1.506147289648652
  view-data: 3.7098818346858025
