times:
  edit-metadata: 1.5309959147125483
  landing: 1.0655301567167044
  view-data: 3.371033411473036
