times:
  landing: 1.0944627839999725
  view-data: 0.5595961519999832
