times:
  edit-metadata: 1.5273661203682423
  landing: 0.8830990847200155
  view-data: 3.3766381219029427
