times:
  edit-metadata: 1.2026231046766043
  landing: 1.1359003130346537
  view-data: 0.3200316112488508
