times:
  edit-metadata: 1.200138632208109
  landing: 1.096253802999854
  view-data: 0.622250584885478
