times:
  edit-metadata: 1.4460669730324298
  landing: 1.0319346520118415
  view-data: 3.5594462369335815
