times:
  edit-metadata: 0.7151368469931185
  landing: 0.04648448806256056
  view-data: 0.20335826417431235
