times:
  edit-metadata: 0.7701477810041979
  landing: 0.056446331000188366
  view-data: 0.30778935900889337
