times:
  edit-metadata: 1.5215027183294296
  landing: 0.7898478843271732
  view-data: 3.408174864947796
