times:
  edit-metadata: 1.1693562989967177
  landing: 0.05055357899982482
  view-data: 0.21679914200649364
