times:
  edit-metadata: 0.8075494859949686
  landing: 0.044113207957707345
  view-data: 0.20406902895774692
