times:
  edit-metadata: 1.5054209660738707
  landing: 0.90741934068501
  view-data: 3.3971072752028704
