times:
  edit-metadata: 0.7759337379829958
  landing: 0.044782464974559844
  view-data: 0.20983603701461107
