times:
  edit-metadata: 1.5175926573574543
  landing: 0.9042444676160812
  view-data: 3.4557577446103096
