times:
  edit-metadata: 1.5195675864815712
  landing: 0.83265420794487
  view-data: 3.463044561445713
