times:
  landing: 0.5515056920000347
  view-data: 0.5635667369999737
