times:
  edit-metadata: 3.333309307694435
  landing: 2.506236582994461
  view-data: 4.190230078995228
