times:
  edit-metadata: 1.596103509888053
  landing: 0.20269843749701977
  view-data: 0.35202230885624886
