times:
  edit-metadata: 1.7121970821172
  landing: 0.16106176190078259
  view-data: 0.33356326073408127
