times:
  edit-metadata: 1.1229350810172036
  landing: 0.10694370302371681
  view-data: 0.25797918398166075
