times:
  edit-metadata: 0.7533669179538265
  landing: 0.04456772096455097
  view-data: 0.20552923099603504
