times:
  edit-metadata: 1.1849089097231627
  landing: 1.1331091802567244
  view-data: 0.6633613929152489
