times:
  edit-metadata: 1.4814943210221827
  landing: 0.8337475330336019
  view-data: 3.2695417340146378
