times:
  edit-metadata: 2.0182714285328984
  landing: 0.4798997463658452
  view-data: 0.029003706760704517
