times:
  edit-metadata: 0.6802966492250562
  landing: 0.05043302569538355
  view-data: 0.20340936677530408
