times:
  edit-metadata: 0.8081609720829874
  landing: 0.049470675992779434
  view-data: 0.20390591595787555
