times:
  edit-metadata: 2.8417903566733003
  landing: 1.150436457246542
  view-data: 3.5989680774509907
