times:
  edit-metadata: 0.7897274680435658
  landing: 0.049731479957699776
  view-data: 0.2082786678802222
