times:
  landing: 1.100219648999996
  view-data: 0.5700445729999615
