times:
  edit-metadata: 1.558741171960719
  landing: 0.8893184340558946
  view-data: 3.3326868150616065
