times:
  edit-metadata: 1.716610748320818
  landing: 0.14347621239721775
  view-data: 0.3247431814670563
