times:
  edit-metadata: 1.3640963025391102
  landing: 0.9200164303183556
  view-data: 3.337748620659113
