times:
  edit-metadata: 0.6986456513404846
  landing: 0.0475590038113296
  view-data: 0.21031823614612222
