times:
  edit-metadata: 0.6751440910156816
  landing: 0.05391571600921452
  view-data: 0.23400722513906658
