times:
  edit-metadata: 1.6059587812051177
  landing: 0.022018231451511383
  view-data: 0.12373854592442513
