times:
  landing: 0.5505864749999887
  view-data: 0.5553536049999934
