times:
  landing: 0.5510825569999724
  view-data: 0.5489899720000153
