times:
  edit-metadata: 1.327370085986331
  landing: 1.0758752091787755
  view-data: 3.3657155430410057
