times:
  edit-metadata: 0.6648770412430167
  landing: 0.05251603666692972
  view-data: 0.21172968856990337
