times:
  edit-metadata: 0.6639247722923756
  landing: 0.053587271366268396
  view-data: 0.20784792909398675
