times:
  landing: 1.0747843450000119
  view-data: 0.5667558910000139
