times:
  edit-metadata: 1.2556074634194374
  landing: 0.67332080937922
  view-data: 0.21103839948773384
