times:
  edit-metadata: 0.7859019670868292
  landing: 0.04779737407807261
  view-data: 0.20281216001603752
