times:
  landing: 1.07545311399997
  view-data: 0.5548907659999713
