times:
  edit-metadata: 0.6462775109994254
  landing: 0.049033225999664865
  view-data: 0.22891859500032297
