times:
  edit-metadata: 1.6057224720716476
  landing: 0.019807400181889534
  view-data: 0.45111725479364395
