times:
  edit-metadata: 1.6554066687822342
  landing: 0.10979176592081785
  view-data: 0.11926682107150555
