times:
  edit-metadata: 1.3516385853290558
  landing: 0.7947103343904018
  view-data: 3.3679540120065212
