times:
  landing: 1.121067642000014
  view-data: 0.5584119859999532
