times:
  edit-metadata: 1.0670327432453632
  landing: 0.04301595315337181
  view-data: 0.6021011359989643
