times:
  edit-metadata: 0.8255235169781372
  landing: 0.04570586601039395
  view-data: 0.22584587999153882
