times:
  edit-metadata: 0.6524538262747228
  landing: 0.05005253804847598
  view-data: 0.20967455487698317
