times:
  edit-metadata: 0.6620341851375997
  landing: 0.05449989391490817
  view-data: 0.21602267073467374
