times:
  landing: 1.0811928940000826
  view-data: 0.564258523000035
