times:
  edit-metadata: 0.741847534023691
  landing: 0.046171431022230536
  view-data: 0.20257294602924958
