times:
  edit-metadata: 1.4563243724405766
  landing: 0.9331435821950436
  view-data: 3.3911851458251476
