times:
  edit-metadata: 0.6609150150325149
  landing: 0.04984693508595228
  view-data: 0.24352982407435775
