times:
  landing: 1.072286776999988
  view-data: 0.55461778800003
