times:
  edit-metadata: 1.601243693381548
  landing: 1.028764769434929
  view-data: 3.333143539726734
