times:
  edit-metadata: 1.6337743196636438
  landing: 0.021908098831772804
  view-data: 0.023606430739164352
