times:
  landing: 0.5467687959999807
  view-data: 0.038975026999992224
