times:
  landing: 1.0754547109999066
  view-data: 0.5560937599999534
