times:
  edit-metadata: 0.6911417413502932
  landing: 1.1038561426103115
  view-data: 0.6920039299875498
