times:
  edit-metadata: 0.654405158944428
  landing: 0.052212927024811506
  view-data: 0.3644072460010648
