times:
  edit-metadata: 0.6468398007564247
  landing: 0.047389399260282516
  view-data: 0.2180816368199885
