times:
  edit-metadata: 0.6665266938507557
  landing: 0.04945254186168313
  view-data: 0.21678024297580123
