times:
  landing: 0.5534994370000277
  view-data: 0.5552954610000143
