times:
  edit-metadata: 2.49357352219522
  landing: 0.31657811254262924
  view-data: 0.2132088467478752
