times:
  edit-metadata: 3.1255754251033068
  landing: 0.276341388002038
  view-data: 0.3851768020540476
