times:
  edit-metadata: 0.6667044349014759
  landing: 0.04295286675915122
  view-data: 0.22768540168181062
