times:
  edit-metadata: 1.2437655311077833
  landing: 0.6783168315887451
  view-data: 0.3405189514160156
