times:
  edit-metadata: 1.080906681716442
  landing: 0.04588182643055916
  view-data: 0.21519387140870094
