times:
  edit-metadata: 0.6785583281889558
  landing: 0.05087422300130129
  view-data: 0.20493844663724303
