times:
  edit-metadata: 1.6851546969264746
  landing: 1.185525180771947
  view-data: 3.3607466649264097
