times:
  landing: 0.5504086569999345
  view-data: 0.5525168240001221
