times:
  edit-metadata: 1.1136669218540192
  landing: 0.052659772336483
  view-data: 0.22356734052300453
