times:
  edit-metadata: 2.0381680941209197
  landing: 0.02088201977312565
  view-data: 0.023387723602354527
