times:
  edit-metadata: 1.613058989867568
  landing: 0.11539144720882177
  view-data: 0.3267519325017929
