times:
  edit-metadata: 1.6124742552638054
  landing: 0.9232235234230757
  view-data: 3.424511794000864
