times:
  edit-metadata: 1.7452649250626564
  landing: 1.1105557791888714
  view-data: 3.40912077203393
