times:
  edit-metadata: 1.604732875712216
  landing: 0.23305953573435545
  view-data: 0.4116414925083518
