times:
  edit-metadata: 1.5967085557058454
  landing: 0.020639192312955856
  view-data: 0.12712762411683798
