times:
  landing: 0.5496644750000428
  view-data: 0.5660793710000007
