times:
  landing: 0.5501479039999708
  view-data: 0.5540711269999861
