times:
  edit-metadata: 1.6457723453640938
  landing: 0.019331691786646843
  view-data: 0.43846648931503296
