times:
  edit-metadata: 1.357690075878054
  landing: 0.8658387139439583
  view-data: 3.2709236331284046
