times:
  edit-metadata: 1.4651656249770895
  landing: 0.8489520429866388
  view-data: 3.286782730021514
