times:
  edit-metadata: 0.7017388790845871
  landing: 0.047001770697534084
  view-data: 0.2030338547192514
