times:
  edit-metadata: 0.7957568410784006
  landing: 0.0532054821960628
  view-data: 0.20497372699901462
