times:
  edit-metadata: 0.663626273162663
  landing: 0.04084953898563981
  view-data: 0.23075060872361064
