times:
  edit-metadata: 2.1736084055155516
  landing: 0.021967655047774315
  view-data: 0.15584803745150566
