times:
  edit-metadata: 1.3137977290898561
  landing: 0.798411016818136
  view-data: 3.2666995683684945
