times:
  edit-metadata: 1.1601404659450054
  landing: 0.05325422063469887
  view-data: 0.2101311795413494
