times:
  edit-metadata: 1.5047350469976664
  landing: 0.8468574434518814
  view-data: 3.451923456043005
