times:
  edit-metadata: 0.6601709709502757
  landing: 0.053376376163214445
  view-data: 0.21397345000877976
