times:
  edit-metadata: 0.7533595470013097
  landing: 0.044805162004195154
  view-data: 0.19980632199440151
