times:
  edit-metadata: 1.3772676847875118
  landing: 0.9676091521978378
  view-data: 3.3511189334094524
