times:
  edit-metadata: 1.5842703403905034
  landing: 0.022634513676166534
  view-data: 0.026744164526462555
