times:
  edit-metadata: 0.6541539249010384
  landing: 0.045693913009017706
  view-data: 0.23279232811182737
