times:
  edit-metadata: 1.706587191671133
  landing: 0.09873221442103386
  view-data: 0.02550407499074936
