times:
  edit-metadata: 1.3778888396918774
  landing: 0.8489434253424406
  view-data: 3.3563902359455824
