times:
  edit-metadata: 1.312834171578288
  landing: 0.5681200176477432
  view-data: 0.20662790909409523
