times:
  edit-metadata: 1.5895221680402756
  landing: 0.01934181433171034
  view-data: 0.12259381636977196
