times:
  edit-metadata: 1.5621411837637424
  landing: 0.8402203731238842
  view-data: 3.415493331849575
