times:
  edit-metadata: 1.6417710818350315
  landing: 0.021595177240669727
  view-data: 0.028141973540186882
