times:
  edit-metadata: 0.7507239859551191
  landing: 0.05100983311422169
  view-data: 0.2074561519548297
