times:
  edit-metadata: 1.487047839909792
  landing: 0.7705582976341248
  view-data: 3.3155105896294117
