times:
  edit-metadata: 0.6476991982199252
  landing: 0.047640788834542036
  view-data: 0.2259468766860664
