times:
  edit-metadata: 1.7028491040691733
  landing: 0.019523706287145615
  view-data: 0.26001035422086716
