times:
  landing: 0.5502395830000069
  view-data: 0.5511003259999825
