times:
  edit-metadata: 1.510372469201684
  landing: 0.8177792206406593
  view-data: 3.4532851707190275
