times:
  edit-metadata: 1.361869622953236
  landing: 0.8425512330140918
  view-data: 3.3697912751231343
