times:
  edit-metadata: 1.4904047381132841
  landing: 0.8352573066949844
  view-data: 3.413586098700762
