times:
  edit-metadata: 0.599669361487031
  landing: 0.5859469212591648
  view-data: 0.6104009281843901
