times:
  landing: 0.5540061119999677
  view-data: 0.5634065279999732
