times:
  edit-metadata: 1.610344679094851
  landing: 0.019833354279398918
  view-data: 0.10179509967565536
