times:
  edit-metadata: 2.2153846714645624
  landing: 1.3980353903025389
  view-data: 3.6905586663633585
