times:
  edit-metadata: 1.496340960264206
  landing: 0.8188665173947811
  view-data: 3.427016247063875
