times:
  edit-metadata: 1.6097500855103135
  landing: 0.0225388016551733
  view-data: 0.026843582279980183
