times:
  edit-metadata: 0.6554901232011616
  landing: 0.05277000414207578
  view-data: 0.226934724021703
