times:
  edit-metadata: 0.7335030566900969
  landing: 0.04899511719122529
  view-data: 0.24038799805566669
