times:
  edit-metadata: 1.6876282524317503
  landing: 0.14909752644598484
  view-data: 0.023663276806473732
