times:
  edit-metadata: 1.5547018870711327
  landing: 0.8789780996739864
  view-data: 3.3695005252957344
