times:
  landing: 1.0756319390000044
  view-data: 0.5571562420000191
