times:
  landing: 0.5481715600000143
  view-data: 0.5581672299999809
