times:
  edit-metadata: 1.6230758782476187
  landing: 0.021483039483428
  view-data: 0.026857970282435417
