times:
  edit-metadata: 1.6510933116078377
  landing: 0.022624471224844456
  view-data: 0.025154216215014458
