times:
  edit-metadata: 1.5066147856414318
  landing: 0.863935012370348
  view-data: 3.423323603346944
