times:
  edit-metadata: 0.8863704837858677
  landing: 0.04839226696640253
  view-data: 0.24782921886071563
