times:
  edit-metadata: 1.2937455279752612
  landing: 0.9681308874860406
  view-data: 3.298208420164883
