times:
  edit-metadata: 1.6206093290820718
  landing: 0.022740796208381653
  view-data: 0.13058581668883562
