times:
  landing: 0.5501613280000015
  view-data: 0.5529976600000168
