times:
  edit-metadata: 0.6389471897855401
  landing: 0.044680443592369556
  view-data: 0.22028534580022097
