times:
  edit-metadata: 1.5161012336611748
  landing: 1.0309537649154663
  view-data: 3.460023757070303
