times:
  edit-metadata: 1.4945797082036734
  landing: 0.8201724626123905
  view-data: 3.4292669780552387
