times:
  landing: 0.5608761710000181
  view-data: 0.570337214999995
