times:
  edit-metadata: 0.7458449439145625
  landing: 0.04819145007058978
  view-data: 0.2556361020542681
