times:
  edit-metadata: 1.1283853556960821
  landing: 0.6538289412856102
  view-data: 0.20538716576993465
