times:
  landing: 1.160015532999978
  view-data: 0.5559897809999939
