times:
  edit-metadata: 0.767635558033362
  landing: 0.04980487399734557
  view-data: 0.2065790529595688
