times:
  edit-metadata: 0.6590531439287588
  landing: 0.0562798009486869
  view-data: 0.2534715309739113
