times:
  edit-metadata: 0.6447653949726373
  landing: 0.05271016503684223
  view-data: 0.22534331202041358
