times:
  edit-metadata: 0.660148826893419
  landing: 0.04909655498340726
  view-data: 0.2160046398639679
