times:
  edit-metadata: 1.4678028209600598
  landing: 0.7898406500462443
  view-data: 3.381492102984339
