times:
  edit-metadata: 1.3321319511160254
  landing: 0.7848893608897924
  view-data: 3.3434704709798098
