times:
  edit-metadata: 0.7724283589050174
  landing: 0.050702729262411594
  view-data: 0.218775340821594
