times:
  edit-metadata: 0.6558897159993649
  landing: 1.054289922118187
  view-data: 0.4182345811277628
