times:
  landing: 0.5511462599999959
  view-data: 0.551672563000011
