times:
  edit-metadata: 0.6875746019650251
  landing: 0.04628785699605942
  view-data: 0.24442334100604057
