times:
  landing: 0.5607652790000657
  view-data: 0.5620137980000663
