times:
  landing: 0.5506578140000329
  view-data: 0.5477527709999777
