times:
  landing: 0.5600407789997917
  view-data: 0.5795815669998774
