times:
  edit-metadata: 1.667985606007278
  landing: 0.023487756960093975
  view-data: 0.027440540492534637
