times:
  edit-metadata: 1.389459677040577
  landing: 0.7642760807648301
  view-data: 3.3882434088736773
