times:
  edit-metadata: 0.8877531439065933
  landing: 0.10609752219170332
  view-data: 0.3300286657176912
