times:
  edit-metadata: 1.5416926136240363
  landing: 1.061357726342976
  view-data: 3.474189749918878
