times:
  edit-metadata: 1.5290005393326283
  landing: 0.9449912719428539
  view-data: 3.4426583498716354
