times:
  edit-metadata: 1.5470714420080185
  landing: 1.009790800511837
  view-data: 3.4452690668404102
