times:
  edit-metadata: 2.458925395272672
  landing: 0.2472796542569995
  view-data: 0.21885806508362293
