times:
  edit-metadata: 1.09186327829957
  landing: 0.044863760471343994
  view-data: 0.21340246871113777
