times:
  edit-metadata: 2.6296062264591455
  landing: 0.018856452777981758
  view-data: 0.1178607577458024
