times:
  landing: 1.1332135259999632
  view-data: 0.5610632849999888
