times:
  edit-metadata: 1.6044988799840212
  landing: 0.01892920397222042
  view-data: 0.023364000022411346
