times:
  landing: 1.07587872900001
  view-data: 0.5565656460000241
