times:
  edit-metadata: 1.7842676118016243
  landing: 0.9237167574465275
  view-data: 3.29354165866971
