times:
  edit-metadata: 1.484255289658904
  landing: 0.7999064791947603
  view-data: 3.423089947551489
