times:
  edit-metadata: 1.6174433240666986
  landing: 0.024014496244490147
  view-data: 0.02516031637787819
