times:
  edit-metadata: 0.7815313130267896
  landing: 0.07627976799267344
  view-data: 0.2956533179967664
