times:
  edit-metadata: 0.678979919757694
  landing: 0.0432547559030354
  view-data: 0.2057728269137442
