times:
  edit-metadata: 2.1487645749002695
  landing: 0.019196812994778156
  view-data: 0.05471801292151213
