times:
  edit-metadata: 0.6535517191514373
  landing: 0.04339433601126075
  view-data: 0.38938401103951037
