times:
  edit-metadata: 0.6675439630635083
  landing: 0.051576388999819756
  view-data: 0.22915285686030984
