times:
  edit-metadata: 0.7005746345967054
  landing: 0.5307802278548479
  view-data: 0.24233957566320896
