times:
  edit-metadata: 1.5019263178110123
  landing: 0.8069553896784782
  view-data: 3.457190375775099
