times:
  landing: 0.5439015519999941
  view-data: 0.5549921900000072
