times:
  edit-metadata: 1.6700474936515093
  landing: 0.020270096138119698
  view-data: 0.1315439622849226
