times:
  edit-metadata: 1.0829575546085835
  landing: 0.049458060413599014
  view-data: 0.20890824496746063
