times:
  landing: 1.5807551030002287
  view-data: 0.5491565789998276
