times:
  edit-metadata: 0.6037701070308685
  landing: 0.5366020631045103
  view-data: 0.22025167755782604
