times:
  edit-metadata: 1.0906067118048668
  landing: 0.05375548079609871
  view-data: 0.22265201807022095
