times:
  edit-metadata: 1.513398539274931
  landing: 1.0833058580756187
  view-data: 3.3989149257540703
