times:
  edit-metadata: 2.5239807907491922
  landing: 1.4898028927855194
  view-data: 3.6487028817646205
