times:
  landing: 1.0729345970000281
  view-data: 0.5604103059999943
