times:
  edit-metadata: 0.6488099759444594
  landing: 0.04959301184862852
  view-data: 0.20218502078205347
