times:
  landing: 0.5438703920000023
  view-data: 0.5487130610000008
