times:
  edit-metadata: 1.6433354392647743
  landing: 0.02086943667382002
  view-data: 0.024635184556245804
