times:
  edit-metadata: 1.5045054145157337
  landing: 0.8057986311614513
  view-data: 3.440166600048542
