times:
  edit-metadata: 1.5298321023583412
  landing: 0.8675922006368637
  view-data: 3.4636459834873676
