times:
  edit-metadata: 1.4691610150039196
  landing: 0.9363068751990795
  view-data: 3.317219093441963
