times:
  landing: 1.0763415389999977
  view-data: 0.5598766759999876
