times:
  edit-metadata: 0.7604707940481603
  landing: 0.04861403303220868
  view-data: 0.1938138329423964
