times:
  landing: 1.135990368000023
  view-data: 0.5616653959999667
