times:
  edit-metadata: 0.6959878648631275
  landing: 0.041737436316907406
  view-data: 0.2092659599147737
