times:
  edit-metadata: 0.7235037479549646
  landing: 0.04626182001084089
  view-data: 0.20636749593541026
