times:
  edit-metadata: 1.7030514534562826
  landing: 0.23287135176360607
  view-data: 0.2565360553562641
