times:
  edit-metadata: 0.7318808771669865
  landing: 0.04282106924802065
  view-data: 0.19966800976544619
