times:
  landing: 0.5521303360001184
  view-data: 0.5647701269999743
