times:
  edit-metadata: 1.0457154121249914
  landing: 0.5840219631791115
  view-data: 0.21735335513949394
