times:
  edit-metadata: 1.5165156424045563
  landing: 1.0420600846409798
  view-data: 3.3287030458450317
