times:
  edit-metadata: 1.145273320376873
  landing: 0.04235570877790451
  view-data: 0.2163706086575985
