times:
  landing: 1.0724283270000114
  view-data: 0.5604344330000117
