times:
  edit-metadata: 0.8488669651560485
  landing: 0.06454166304320097
  view-data: 0.24989467067644
