times:
  edit-metadata: 0.6733576129190624
  landing: 0.042041740380227566
  view-data: 0.211574190761894
