times:
  edit-metadata: 1.181962739676237
  landing: 0.9368275795131922
  view-data: 0.3403822910040617
