times:
  edit-metadata: 1.2004794403910637
  landing: 0.05950943008065224
  view-data: 0.20370898768305779
