times:
  edit-metadata: 1.1768749747425318
  landing: 0.6195046938955784
  view-data: 0.34497968293726444
