times:
  edit-metadata: 1.096334796398878
  landing: 0.04541400447487831
  view-data: 0.21690381318330765
