times:
  edit-metadata: 1.6016386449337006
  landing: 0.8927040174603462
  view-data: 3.3711761087179184
