times:
  edit-metadata: 1.3894612938165665
  landing: 0.7388104572892189
  view-data: 3.4019386135041714
