times:
  edit-metadata: 1.6313721193000674
  landing: 0.021658699959516525
  view-data: 0.025809291750192642
