times:
  edit-metadata: 1.621131980791688
  landing: 0.02201909851282835
  view-data: 0.026333821937441826
