times:
  edit-metadata: 1.527696404606104
  landing: 0.9631190933287144
  view-data: 3.429180074483156
