times:
  edit-metadata: 2.0433775167912245
  landing: 0.02488735970109701
  view-data: 0.5598077038303018
