times:
  landing: 1.607577001999971
  view-data: 0.5691712770000095
