times:
  landing: 0.5501114569999572
  view-data: 0.5718243889999712
