times:
  edit-metadata: 1.1334135606884956
  landing: 0.04782373458147049
  view-data: 0.22128212079405785
