times:
  landing: 0.5627371669999661
  view-data: 0.5688810750000357
