times:
  landing: 0.5477397669999959
  view-data: 0.5523437919999878
