times:
  edit-metadata: 1.5965505698695779
  landing: 0.02104064915329218
  view-data: 0.3329541701823473
