times:
  edit-metadata: 1.4791828319430351
  landing: 0.8574280887842178
  view-data: 3.4185921400785446
