times:
  edit-metadata: 0.7519681840203702
  landing: 0.04730349685996771
  view-data: 0.2009401568211615
