times:
  edit-metadata: 1.867367897182703
  landing: 0.20814627408981323
  view-data: 0.15503145568072796
