times:
  edit-metadata: 1.3654719293117523
  landing: 0.9411254329606891
  view-data: 3.3288416136056185
