times:
  edit-metadata: 1.4054688178002834
  landing: 0.8803955158218741
  view-data: 3.3136164909228683
