times:
  edit-metadata: 1.137722235172987
  landing: 0.5740698464214802
  view-data: 0.6512202341109514
