times:
  edit-metadata: 0.7728257793933153
  landing: 0.8246392365545034
  view-data: 0.45050274580717087
