times:
  edit-metadata: 1.6117820302024484
  landing: 0.021669954992830753
  view-data: 0.026462090201675892
