times:
  edit-metadata: 1.5068302676081657
  landing: 0.9052868783473969
  view-data: 3.3925573900341988
