times:
  edit-metadata: 1.6067853178828955
  landing: 0.020251702517271042
  view-data: 0.02908695489168167
