times:
  edit-metadata: 0.6349249072372913
  landing: 0.04798778425902128
  view-data: 0.19481005799025297
