times:
  edit-metadata: 1.6683067195117474
  landing: 1.0365173518657684
  view-data: 3.3809056654572487
