times:
  edit-metadata: 1.648584321141243
  landing: 0.8277517855167389
  view-data: 3.394042070955038
