times:
  edit-metadata: 1.4530898621305823
  landing: 0.9974911352619529
  view-data: 3.4777694772928953
