times:
  edit-metadata: 0.6761967148631811
  landing: 0.050836848095059395
  view-data: 0.2374347848817706
