times:
  edit-metadata: 1.6188272815197706
  landing: 0.02338264975696802
  view-data: 0.1261487016454339
