times:
  edit-metadata: 0.793158169137314
  landing: 0.04770305403508246
  view-data: 0.33525781286880374
