times:
  edit-metadata: 1.3096554800868034
  landing: 1.0984735805541277
  view-data: 0.6144356951117516
