times:
  landing: 0.5594001090000233
  view-data: 0.5680878799999505
