times:
  edit-metadata: 0.6566017110017128
  landing: 0.04728619899833575
  view-data: 0.2414445939939469
