times:
  edit-metadata: 1.7891060505062342
  landing: 0.22823318280279636
  view-data: 0.40644918382167816
