times:
  edit-metadata: 0.8076301150722429
  landing: 0.04928580194246024
  view-data: 0.23873923404607922
