times:
  edit-metadata: 1.5589300654828548
  landing: 1.059838656336069
  view-data: 3.287805337458849
