times:
  edit-metadata: 1.639424815773964
  landing: 0.8631086386740208
  view-data: 3.4467786978930235
