times:
  edit-metadata: 0.74820021801861
  landing: 0.052405884984182194
  view-data: 0.21240365199628286
