times:
  landing: 0.5460326230000021
  view-data: 0.5486518509999883
