times:
  edit-metadata: 0.7333482848480344
  landing: 0.04523362126201391
  view-data: 0.2308973171748221
