times:
  edit-metadata: 2.047235932201147
  landing: 0.2519153393805027
  view-data: 0.42178884893655777
