times:
  edit-metadata: 1.2901617661118507
  landing: 0.052063507959246635
  view-data: 0.21135012432932854
