times:
  edit-metadata: 0.8720860946923494
  landing: 0.06973802112042904
  view-data: 0.24907414196059108
