times:
  edit-metadata: 1.5853558368980885
  landing: 0.14254863001406193
  view-data: 0.025485986843705177
