times:
  edit-metadata: 1.5968390014022589
  landing: 0.12104398291558027
  view-data: 0.10045529715716839
