times:
  edit-metadata: 1.6482198750600219
  landing: 0.021865454502403736
  view-data: 0.12511314637959003
