times:
  edit-metadata: 0.6647903472185135
  landing: 0.04744900297373533
  view-data: 0.22057758457958698
