times:
  edit-metadata: 1.5908784763887525
  landing: 0.019775431603193283
  view-data: 0.11696550529450178
