times:
  edit-metadata: 1.6836375016719103
  landing: 0.25375347025692463
  view-data: 0.02726750075817108
