times:
  edit-metadata: 0.7756106479791924
  landing: 0.04963637189939618
  view-data: 0.20284592092502862
