times:
  edit-metadata: 0.670598151627928
  landing: 0.037236062344163656
  view-data: 0.19928031088784337
