times:
  edit-metadata: 0.7903253079857677
  landing: 0.050746039021760225
  view-data: 0.21360807586461306
