times:
  edit-metadata: 1.6340413987636566
  landing: 0.022216947749257088
  view-data: 0.023583407513797283
