times:
  edit-metadata: 1.1943308860063553
  landing: 0.9740309137851
  view-data: 0.4584881365299225
