times:
  edit-metadata: 0.7949904480483383
  landing: 0.04877089778892696
  view-data: 0.2048743860796094
