times:
  edit-metadata: 1.6255007814615965
  landing: 0.018950799480080605
  view-data: 0.1225758045911789
