times:
  edit-metadata: 1.7210800740867853
  landing: 0.024788903072476387
  view-data: 0.1452256292104721
