times:
  edit-metadata: 0.779954505036585
  landing: 0.04796825803350657
  view-data: 0.20027856901288033
