times:
  edit-metadata: 0.6886584949679673
  landing: 0.044187969993799925
  view-data: 0.20582029595971107
