times:
  edit-metadata: 0.7280848459340632
  landing: 0.04961003502830863
  view-data: 0.21220837580040097
