times:
  edit-metadata: 1.985643982887268
  landing: 0.20147939771413803
  view-data: 0.1702511291950941
