times:
  edit-metadata: 1.570269351825118
  landing: 0.9278845470398664
  view-data: 3.414629604667425
