times:
  landing: 0.5540609990000007
  view-data: 0.5593717709999737
