times:
  landing: 0.5449236080000048
  view-data: 0.5447033850000196
