times:
  landing: 0.5574671449999755
  view-data: 0.5720852419999574
