times:
  edit-metadata: 2.1919718626886606
  landing: 0.27454950101673603
  view-data: 0.39094042032957077
