times:
  landing: 1.072699288000024
  view-data: 0.5570564920000152
