times:
  edit-metadata: 1.129450149834156
  landing: 1.0859527084976435
  view-data: 0.6155499704182148
