times:
  edit-metadata: 1.9687381461262703
  landing: 0.1731264740228653
  view-data: 0.3853772543370724
