times:
  edit-metadata: 1.5046432875096798
  landing: 0.7292798757553101
  view-data: 3.3178177792578936
