times:
  edit-metadata: 0.7365581691265106
  landing: 0.04776788200251758
  view-data: 0.2072186409495771
