times:
  edit-metadata: 1.1727513335645199
  landing: 0.8198649380356073
  view-data: 0.1990275550633669
