times:
  edit-metadata: 1.1002773605287075
  landing: 0.04771539196372032
  view-data: 0.21076279506087303
