times:
  edit-metadata: 1.0988240465521812
  landing: 0.05418195202946663
  view-data: 0.2189645878970623
