times:
  edit-metadata: 2.548494514077902
  landing: 1.4788913074880838
  view-data: 3.6188915502279997
