times:
  edit-metadata: 0.7641189850401133
  landing: 0.048364799935370684
  view-data: 0.2048595400992781
