times:
  edit-metadata: 1.793736932000229
  landing: 0.10787138100022275
  view-data: 0.4206632460000037
