times:
  edit-metadata: 1.5126803256571293
  landing: 0.7526926714926958
  view-data: 3.415151199325919
