times:
  edit-metadata: 1.1337723210453987
  landing: 0.7558192424476147
  view-data: 0.20556716434657574
