times:
  edit-metadata: 0.7499437590595335
  landing: 0.04819148709066212
  view-data: 0.2020084080286324
