times:
  edit-metadata: 0.7440490783192217
  landing: 0.04236034816130996
  view-data: 0.2076299972832203
