times:
  edit-metadata: 2.045046511106193
  landing: 0.29303295258432627
  view-data: 0.3924261862412095
