times:
  edit-metadata: 1.445005351677537
  landing: 0.7132922057062387
  view-data: 3.3666841704398394
