times:
  edit-metadata: 1.5101542063057423
  landing: 0.7886767573654652
  view-data: 3.4128650203347206
