times:
  edit-metadata: 1.6848377231508493
  landing: 1.0892422571778297
  view-data: 3.568648548796773
