times:
  edit-metadata: 1.7676756009459496
  landing: 0.02345860004425049
  view-data: 0.02716963179409504
