times:
  edit-metadata: 1.143879922106862
  landing: 1.0908521264791489
  view-data: 0.310278108343482
