times:
  edit-metadata: 0.7542354559991509
  landing: 0.08561722299782559
  view-data: 0.25103763898368925
