times:
  edit-metadata: 1.647395716048777
  landing: 0.02061232551932335
  view-data: 0.024767566472291946
