times:
  landing: 1.076367662999985
  view-data: 0.5527961819999518
