times:
  edit-metadata: 1.6024184487760067
  landing: 0.023122513666749
  view-data: 0.025355441495776176
