times:
  edit-metadata: 1.7031147051602602
  landing: 0.24623248353600502
  view-data: 0.023149020969867706
