times:
  edit-metadata: 1.4320937432348728
  landing: 0.9498431943356991
  view-data: 3.4129379875957966
