times:
  edit-metadata: 1.167834347113967
  landing: 0.6181201972067356
  view-data: 0.6241687573492527
