times:
  edit-metadata: 0.7407166779739782
  landing: 0.05769916798453778
  view-data: 0.21905314491596073
