times:
  edit-metadata: 0.7546442551538348
  landing: 0.12059654714539647
  view-data: 0.22995627019554377
