times:
  landing: 0.5529061030000548
  view-data: 0.5531916190000175
