times:
  landing: 1.1121229459999995
  view-data: 0.563203096000052
