times:
  edit-metadata: 1.766468159854412
  landing: 0.022028574720025063
  view-data: 0.02511947602033615
