times:
  edit-metadata: 1.6083016097545624
  landing: 0.1965296734124422
  view-data: 0.22371467482298613
