times:
  edit-metadata: 1.535063672810793
  landing: 0.7569797225296497
  view-data: 3.39126736856997
