times:
  edit-metadata: 1.6315511306747794
  landing: 0.02220541425049305
  view-data: 0.024560272693634033
