times:
  edit-metadata: 0.7682217590045184
  landing: 0.04641808313317597
  view-data: 0.1982709199655801
