times:
  landing: 1.1058674149999774
  view-data: 0.5532513250000193
