times:
  edit-metadata: 1.500077772885561
  landing: 0.7848887238651514
  view-data: 3.4194499906152487
