times:
  edit-metadata: 1.7156954761594534
  landing: 0.15958736650645733
  view-data: 0.335038747638464
