times:
  edit-metadata: 0.6441168540623039
  landing: 0.04890321893617511
  view-data: 0.22145410417579114
