times:
  edit-metadata: 0.6822344389511272
  landing: 0.056802479026373476
  view-data: 0.21711913298349828
