times:
  landing: 0.556535785000051
  view-data: 0.5592861000000084
