times:
  edit-metadata: 0.6409125659847632
  landing: 0.056761482963338494
  view-data: 0.22593164897989482
