times:
  edit-metadata: 0.6557372808456421
  landing: 0.04617858794517815
  view-data: 0.22671514097601175
