times:
  edit-metadata: 1.1255509462207556
  landing: 5.576902024447918
  view-data: 1.142261940985918
