times:
  edit-metadata: 1.6310443636029959
  landing: 0.14313855022192
  view-data: 0.13356348127126694
