times:
  landing: 0.5494817819999867
  view-data: 0.5558963519999907
