times:
  edit-metadata: 1.448425643146038
  landing: 0.8065004129894078
  view-data: 3.4035837813280523
