times:
  edit-metadata: 1.4465747252106667
  landing: 0.8387259915471077
  view-data: 3.542133167386055
