times:
  edit-metadata: 1.517080307006836
  landing: 0.8001310676336288
  view-data: 3.3899641633033752
