times:
  edit-metadata: 1.4521644189953804
  landing: 0.8429286926984787
  view-data: 3.4907460510730743
