times:
  edit-metadata: 1.5880424231290817
  landing: 1.1228185258805752
  view-data: 3.4801914021372795
