times:
  edit-metadata: 1.4329070672392845
  landing: 0.7147575169801712
  view-data: 3.4577643871307373
