times:
  edit-metadata: 1.5701704397797585
  landing: 0.8799910247325897
  view-data: 3.3951129391789436
