times:
  edit-metadata: 1.3887274004518986
  landing: 0.8053556606173515
  view-data: 3.4076251573860645
