times:
  edit-metadata: 1.503084622323513
  landing: 0.7585102245211601
  view-data: 3.440318785607815
