times:
  edit-metadata: 1.6885451711714268
  landing: 1.0062784180045128
  view-data: 3.338622860610485
