times:
  edit-metadata: 1.380551639944315
  landing: 0.8432522118091583
  view-data: 3.2989966608583927
