times:
  edit-metadata: 1.5229606293141842
  landing: 0.843451663851738
  view-data: 3.34914443269372
