times:
  edit-metadata: 1.4798658639192581
  landing: 0.7966897562146187
  view-data: 3.3116923198103905
