times:
  edit-metadata: 1.4548276662826538
  landing: 0.788572333753109
  view-data: 3.43479373306036
