times:
  edit-metadata: 1.7412994801998138
  landing: 0.9685065075755119
  view-data: 3.65124698728323
