times:
  edit-metadata: 1.5230309814214706
  landing: 0.8751670271158218
  view-data: 3.5333103612065315
