times:
  edit-metadata: 1.4149604551494122
  landing: 0.8870578967034817
  view-data: 3.322392787784338
