times:
  edit-metadata: 1.52407930418849
  landing: 0.8525898233056068
  view-data: 3.3191625140607357
