times:
  edit-metadata: 1.5061980485916138
  landing: 0.7560413181781769
  view-data: 3.5449951514601707
