times:
  edit-metadata: 1.4039966389536858
  landing: 0.8305392116308212
  view-data: 0.6573964282870293
