times:
  edit-metadata: 1.5213404148817062
  landing: 0.792526088654995
  view-data: 3.4773172810673714
