times:
  edit-metadata: 1.4458718709647655
  landing: 0.7928074151277542
  view-data: 3.279140215367079
