times:
  edit-metadata: 1.5474375374615192
  landing: 0.9423779360949993
  view-data: 3.3168233036994934
