times:
  edit-metadata: 1.6312080472707748
  landing: 0.9453209340572357
  view-data: 3.358670875430107
