times:
  edit-metadata: 1.5095939189195633
  landing: 0.8996676728129387
  view-data: 3.5476341545581818
