times:
  edit-metadata: 1.5923664346337318
  landing: 1.0359190106391907
  view-data: 3.4094531759619713
