times:
  edit-metadata: 1.449711874127388
  landing: 0.8837842121720314
  view-data: 3.3293090164661407
