times:
  edit-metadata: 1.4498081281781197
  landing: 0.7662350684404373
  view-data: 3.415842741727829
