times:
  edit-metadata: 1.7771846614778042
  landing: 1.0487929321825504
  view-data: 3.304070945829153
