times:
  edit-metadata: 1.5254940763115883
  landing: 0.9303500801324844
  view-data: 3.5577761083841324
