times:
  edit-metadata: 1.3444650396704674
  landing: 0.8670508489012718
  view-data: 3.43599234521389
