times:
  edit-metadata: 1.5231201723217964
  landing: 0.751729391515255
  view-data: 3.4575834050774574
