times:
  edit-metadata: 1.4222055077552795
  landing: 0.8225411400198936
  view-data: 3.515943206846714
