times:
  edit-metadata: 1.466704811900854
  landing: 0.8600081950426102
  view-data: 3.2788770869374275
