times:
  edit-metadata: 1.4574545100331306
  landing: 0.8072027489542961
  view-data: 3.3015778101980686
