times:
  edit-metadata: 1.4102758690714836
  landing: 0.9369346499443054
  view-data: 3.464579366147518
