times:
  edit-metadata: 1.5564700737595558
  landing: 0.8727864101529121
  view-data: 3.329168614000082
