times:
  edit-metadata: 2.089345768094063
  landing: 1.0857236348092556
  view-data: 3.3676074109971523
