times:
  edit-metadata: 1.534960351884365
  landing: 0.8658006265759468
  view-data: 3.5523170828819275
