times:
  edit-metadata: 1.5636736154556274
  landing: 0.9270260483026505
  view-data: 3.5563025176525116
