times:
  edit-metadata: 1.4522987678647041
  landing: 0.8186851292848587
  view-data: 3.5173124596476555
