times:
  edit-metadata: 1.910141073167324
  landing: 1.298761360347271
  view-data: 3.806610219180584
