times:
  edit-metadata: 1.5732480622828007
  landing: 0.9555006958544254
  view-data: 3.350982680916786
