times:
  edit-metadata: 1.5018317513167858
  landing: 0.8014459162950516
  view-data: 3.383181467652321
