times:
  edit-metadata: 1.6104226522147655
  landing: 1.0151475854218006
  view-data: 3.37985897064209
