times:
  edit-metadata: 1.474461980164051
  landing: 0.8749318309128284
  view-data: 3.3315102830529213
