times:
  edit-metadata: 1.5121600851416588
  landing: 0.8612906485795975
  view-data: 3.560974009335041
