times:
  edit-metadata: 1.4074645265936852
  landing: 0.7395674213767052
  view-data: 3.4110345765948296
