times:
  edit-metadata: 1.4890252575278282
  landing: 0.7375574260950089
  view-data: 3.3341236636042595
