times:
  edit-metadata: 1.677144668996334
  landing: 0.8010146915912628
  view-data: 3.2999875470995903
