times:
  edit-metadata: 1.4215555489063263
  landing: 0.8496829196810722
  view-data: 3.308901183307171
