times:
  edit-metadata: 1.4439519196748734
  landing: 0.8193691596388817
  view-data: 3.418060913681984
