times:
  edit-metadata: 1.3933114260435104
  landing: 0.7714857161045074
  view-data: 3.4338289573788643
