times:
  edit-metadata: 1.4100212305784225
  landing: 0.8872801288962364
  view-data: 3.5493587031960487
