times:
  edit-metadata: 1.412496417760849
  landing: 0.9147238284349442
  view-data: 3.498144745826721
