times:
  edit-metadata: 1.5412222817540169
  landing: 0.7557060346007347
  view-data: 3.5248259603977203
