times:
  edit-metadata: 1.4653380364179611
  landing: 0.8622202202677727
  view-data: 3.507175140082836
