times:
  edit-metadata: 1.3827486298978329
  landing: 0.8410573117434978
  view-data: 3.275081407278776
