times:
  edit-metadata: 1.4804469123482704
  landing: 0.8733001872897148
  view-data: 3.4289110749959946
