times:
  edit-metadata: 1.42053734511137
  landing: 0.83941899985075
  view-data: 0.5775440782308578
