times:
  edit-metadata: 1.3980161547660828
  landing: 0.7945684418082237
  view-data: 3.4895938485860825
