times:
  edit-metadata: 1.415509209036827
  landing: 0.8091288954019547
  view-data: 3.279017422348261
