times:
  edit-metadata: 1.5266239941120148
  landing: 0.8233872577548027
  view-data: 3.5235601887106895
