times:
  edit-metadata: 1.3959018141031265
  landing: 0.8312489427626133
  view-data: 3.2884208783507347
