times:
  edit-metadata: 1.4679831713438034
  landing: 0.8463970497250557
  view-data: 3.4675071612000465
