times:
  edit-metadata: 1.376487024128437
  landing: 0.7293593436479568
  view-data: 3.4822220355272293
