times:
  edit-metadata: 1.4771184958517551
  landing: 1.0211745835840702
  view-data: 3.332467671483755
