times:
  edit-metadata: 1.4315874427556992
  landing: 0.7565601840615273
  view-data: 3.550053596496582
