times:
  edit-metadata: 1.4989175274968147
  landing: 0.8754409700632095
  view-data: 3.306390181183815
