times:
  edit-metadata: 2.0016925297677517
  landing: 1.2146720178425312
  view-data: 3.3942013792693615
