times:
  edit-metadata: 1.469064585864544
  landing: 0.8954196646809578
  view-data: 3.3041032031178474
