times:
  edit-metadata: 1.3956092149019241
  landing: 0.8411990255117416
  view-data: 3.3925874680280685
