times:
  edit-metadata: 1.3933360539376736
  landing: 0.8164632879197598
  view-data: 3.3140012323856354
