times:
  edit-metadata: 1.5484139919281006
  landing: 0.8801308497786522
  view-data: 3.3264319375157356
