times:
  edit-metadata: 1.5158432722091675
  landing: 0.9311313554644585
  view-data: 3.573596626520157
