times:
  edit-metadata: 1.4557032249867916
  landing: 0.9301682226359844
  view-data: 3.307797610759735
