times:
  edit-metadata: 1.410615362226963
  landing: 0.8143922835588455
  view-data: 3.303459759801626
