times:
  edit-metadata: 1.460533358156681
  landing: 0.7775456681847572
  view-data: 3.3264351710677147
