times:
  edit-metadata: 1.3799991011619568
  landing: 0.7981686443090439
  view-data: 3.3014713525772095
