times:
  edit-metadata: 1.3799464628100395
  landing: 0.8808047026395798
  view-data: 3.4918043166399
