times:
  edit-metadata: 1.4149623811244965
  landing: 0.8171930089592934
  view-data: 3.480056419968605
