times:
  edit-metadata: 1.5169473886489868
  landing: 0.8557506054639816
  view-data: 3.4864261001348495
