times:
  edit-metadata: 1.5183874368667603
  landing: 0.9012674540281296
  view-data: 3.4775465354323387
