times:
  edit-metadata: 1.4302763566374779
  landing: 0.8163995631039143
  view-data: 3.4182829409837723
