times:
  edit-metadata: 1.5165467709302902
  landing: 0.8495781123638153
  view-data: 3.363492876291275
