times:
  edit-metadata: 1.540253795683384
  landing: 0.9806269481778145
  view-data: 3.3074925392866135
