times:
  edit-metadata: 1.3595376536250114
  landing: 0.8218082189559937
  view-data: 3.305856838822365
