times:
  edit-metadata: 1.436369962990284
  landing: 0.8096743747591972
  view-data: 3.498046226799488
