times:
  edit-metadata: 1.486329771578312
  landing: 0.7246837541460991
  view-data: 3.300268642604351
