times:
  edit-metadata: 1.4751807861030102
  landing: 0.8233306631445885
  view-data: 3.2643674723803997
