times:
  edit-metadata: 2.391133651137352
  landing: 1.1683010160923004
  view-data: 3.6404642686247826
