times:
  edit-metadata: 1.5302345789968967
  landing: 0.9748236276209354
  view-data: 3.3549779914319515
