times:
  edit-metadata: 2.1264181584119797
  landing: 1.3783655390143394
  view-data: 3.7548516616225243
