times:
  edit-metadata: 1.4099216535687447
  landing: 0.7928894907236099
  view-data: 3.302341863512993
