times:
  edit-metadata: 1.4327599629759789
  landing: 0.7737665176391602
  view-data: 3.3466357365250587
