times:
  edit-metadata: 1.435484554618597
  landing: 1.006435140967369
  view-data: 3.306603740900755
