times:
  edit-metadata: 1.3452741503715515
  landing: 0.7597331330180168
  view-data: 3.4239055067300797
