times:
  edit-metadata: 1.4639973118901253
  landing: 0.8639336004853249
  view-data: 3.4045497439801693
