times:
  edit-metadata: 1.4828284904360771
  landing: 0.8994198404252529
  view-data: 3.344541396945715
