times:
  edit-metadata: 1.5527380555868149
  landing: 0.7985810786485672
  view-data: 3.4539492279291153
