times:
  edit-metadata: 1.556968368589878
  landing: 0.7917123511433601
  view-data: 3.533277004957199
