times:
  edit-metadata: 3.269630804657936
  landing: 1.322501290589571
  view-data: 3.6186583563685417
