times:
  edit-metadata: 1.414704017341137
  landing: 0.7973139062523842
  view-data: 3.5112315714359283
