times:
  edit-metadata: 1.4448717534542084
  landing: 0.8462547622621059
  view-data: 3.3271589018404484
