times:
  edit-metadata: 1.4530961364507675
  landing: 0.7720360532402992
  view-data: 3.716371275484562
