times:
  edit-metadata: 1.4079681374132633
  landing: 0.8118278160691261
  view-data: 3.3121386654675007
