times:
  edit-metadata: 1.534361321479082
  landing: 0.920664831995964
  view-data: 3.3516410999000072
