times:
  edit-metadata: 1.5047806277871132
  landing: 0.9885782860219479
  view-data: 3.350924354046583
