times:
  edit-metadata: 1.4656504727900028
  landing: 1.0035989880561829
  view-data: 3.317983563989401
