times:
  edit-metadata: 2.5139009281992912
  landing: 1.7447269670665264
  view-data: 3.4339475706219673
