times:
  edit-metadata: 1.4043401926755905
  landing: 0.8018620982766151
  view-data: 3.51651980727911
