times:
  edit-metadata: 1.499648630619049
  landing: 0.8542139902710915
  view-data: 3.2993089109659195
