times:
  edit-metadata: 1.5953771993517876
  landing: 0.9852805286645889
  view-data: 3.398785088211298
