times:
  edit-metadata: 1.4164638742804527
  landing: 0.8970527350902557
  view-data: 3.3002526573836803
