times:
  edit-metadata: 2.0579374879598618
  landing: 1.177792526781559
  view-data: 3.562908835709095
