times:
  edit-metadata: 1.4941147565841675
  landing: 0.7882687374949455
  view-data: 3.399173654615879
