times:
  edit-metadata: 2.5796990543603897
  landing: 1.512531854212284
  view-data: 3.59751944988966
