times:
  edit-metadata: 1.4284729473292828
  landing: 1.0306604653596878
  view-data: 3.309519939124584
