times:
  edit-metadata: 1.4454493299126625
  landing: 0.926259957253933
  view-data: 3.575274385511875
