times:
  edit-metadata: 1.4518495462834835
  landing: 0.8534627556800842
  view-data: 3.3819693997502327
