times:
  edit-metadata: 1.4989198297262192
  landing: 0.8444044031202793
  view-data: 3.2713122218847275
