times:
  edit-metadata: 1.478535644710064
  landing: 0.8632768988609314
  view-data: 3.48331718146801
