times:
  edit-metadata: 1.4007926881313324
  landing: 1.0114043317735195
  view-data: 3.291754826903343
