times:
  edit-metadata: 1.3957929387688637
  landing: 0.7897084914147854
  view-data: 3.3023792169988155
