times:
  edit-metadata: 1.4343178793787956
  landing: 0.8389007896184921
  view-data: 3.5058287605643272
