times:
  edit-metadata: 1.4425456337630749
  landing: 0.7857224680483341
  view-data: 3.262383334338665
