times:
  edit-metadata: 1.4325887858867645
  landing: 0.8535511940717697
  view-data: 3.4957349821925163
