times:
  edit-metadata: 1.455011747777462
  landing: 0.913544774055481
  view-data: 3.313160005956888
