times:
  edit-metadata: 1.5080531537532806
  landing: 0.8855479583144188
  view-data: 3.484159417450428
