times:
  edit-metadata: 1.5546761229634285
  landing: 0.8467371165752411
  view-data: 3.476343519985676
