times:
  edit-metadata: 1.5910510420799255
  landing: 1.0523708537220955
  view-data: 3.401702083647251
