times:
  edit-metadata: 1.500631332397461
  landing: 0.7910644635558128
  view-data: 3.321912132203579
