times:
  edit-metadata: 1.5236062668263912
  landing: 0.889799527823925
  view-data: 3.396730788052082
