times:
  edit-metadata: 1.3919937014579773
  landing: 0.8992842435836792
  view-data: 3.4247885048389435
