times:
  edit-metadata: 1.422747328877449
  landing: 0.8397471606731415
  view-data: 3.49962504953146
