times:
  edit-metadata: 1.5477450713515282
  landing: 0.8186300471425056
  view-data: 3.329074151813984
