times:
  edit-metadata: 1.5156222879886627
  landing: 0.8676266819238663
  view-data: 3.4463601484894753
