times:
  edit-metadata: 1.4872191920876503
  landing: 0.7374796196818352
  view-data: 3.430807150900364
