times:
  edit-metadata: 1.4458717480301857
  landing: 0.7620208859443665
  view-data: 3.5604188069701195
