times:
  edit-metadata: 2.386789709329605
  landing: 1.1730853989720345
  view-data: 3.4997071027755737
