times:
  edit-metadata: 2.108982264995575
  landing: 1.2576773166656494
  view-data: 3.4287891387939453
