times:
  edit-metadata: 1.528777614235878
  landing: 0.833675779402256
  view-data: 3.5552648305892944
