times:
  edit-metadata: 1.4197068884968758
  landing: 0.7898876368999481
  view-data: 3.5695637986063957
