times:
  edit-metadata: 2.334575727581978
  landing: 1.5320899337530136
  view-data: 3.6215541660785675
