times:
  edit-metadata: 1.5407306104898453
  landing: 0.818098746240139
  view-data: 3.6902315840125084
