times:
  edit-metadata: 1.4596064239740372
  landing: 0.8129233494400978
  view-data: 3.4574068039655685
