times:
  edit-metadata: 1.48302561044693
  landing: 0.8080475330352783
  view-data: 3.480400897562504
