times:
  edit-metadata: 1.3797065392136574
  landing: 0.8601316586136818
  view-data: 3.4243516251444817
