times:
  edit-metadata: 0.9864315465092659
  landing: 0.055088821798563004
  view-data: 0.2060588337481022
