times:
  edit-metadata: 3.3319218745455146
  landing: 1.628086923621595
  view-data: 3.9290842516347766
