times:
  landing: 0.5597964870000283
  view-data: 0.5600199869999756
