times:
  edit-metadata: 0.741546692996053
  landing: 0.048507084997254424
  view-data: 0.1923249469982693
