times:
  edit-metadata: 2.4311267863959074
  landing: 0.18151074647903442
  view-data: 0.14340490102767944
