times:
  edit-metadata: 1.5193250318989158
  landing: 0.021319540217518806
  view-data: 0.12141769472509623
