times:
  edit-metadata: 1.5280487947165966
  landing: 0.12636427022516727
  view-data: 0.3442299868911505
