times:
  edit-metadata: 0.5662133418954909
  landing: 0.05143305333331227
  view-data: 0.343786982819438
