times:
  edit-metadata: 1.0963034108281136
  landing: 0.9708823245018721
  view-data: 0.20548796653747559
