times:
  edit-metadata: 1.0559581257402897
  landing: 0.043460551649332047
  view-data: 0.21207205206155777
