times:
  edit-metadata: 0.733556044055149
  landing: 0.05242933705449104
  view-data: 0.1994760549860075
