times:
  edit-metadata: 0.73390140599804
  landing: 0.040286791016114876
  view-data: 0.22055657199234702
