times:
  edit-metadata: 0.5327393808402121
  landing: 0.05288207111880183
  view-data: 0.19321148423478007
