times:
  edit-metadata: 0.5233608465641737
  landing: 0.04148242250084877
  view-data: 0.21050451509654522
