times:
  edit-metadata: 1.5410297932103276
  landing: 0.02073226124048233
  view-data: 0.028667851351201534
