times:
  edit-metadata: 1.119229979813099
  landing: 0.05031261220574379
  view-data: 0.21788965910673141
