times:
  edit-metadata: 1.5799890104681253
  landing: 1.0958894919604063
  view-data: 3.276489654555917
