times:
  edit-metadata: 1.02255155518651
  landing: 0.048498958349227905
  view-data: 0.20753397420048714
