times:
  landing: 1.0783911429999762
  view-data: 0.5644352819999767
