times:
  edit-metadata: 1.22627347195521
  landing: 0.8381801040377468
  view-data: 3.366968516027555
