times:
  edit-metadata: 1.5434977477416396
  landing: 0.02015224937349558
  view-data: 0.11880539637058973
