times:
  edit-metadata: 1.576984278857708
  landing: 0.8957142680883408
  view-data: 3.445301942527294
