times:
  landing: 0.5543655459999854
  view-data: 0.5629471209999792
