times:
  landing: 1.09212806000005
  view-data: 0.5600424550000298
