times:
  edit-metadata: 0.5623636859818362
  landing: 0.04959229001542553
  view-data: 0.25024450197815895
