times:
  landing: 0.5561536189999856
  view-data: 0.5573790669999994
