times:
  edit-metadata: 0.6622096489882097
  landing: 0.04717033007182181
  view-data: 0.25503589399158955
