times:
  edit-metadata: 0.5080129401758313
  landing: 0.04873424395918846
  view-data: 0.20332910120487213
