times:
  edit-metadata: 1.5705927796661854
  landing: 0.9303376898169518
  view-data: 3.4630191400647163
