times:
  edit-metadata: 0.5457037119194865
  landing: 0.07243263185955584
  view-data: 0.2438172739930451
