times:
  landing: 0.5581689549999851
  view-data: 0.5581406549999883
