times:
  edit-metadata: 1.6482652314007282
  landing: 0.019617555662989616
  view-data: 0.02561676874756813
