times:
  edit-metadata: 1.5482754539698362
  landing: 0.19266923982650042
  view-data: 0.023381106555461884
