times:
  landing: 0.5559688700000152
  view-data: 0.5498054129999446
