times:
  edit-metadata: 0.7404883690178394
  landing: 0.38348744809627533
  view-data: 0.20278666354715824
