times:
  edit-metadata: 0.6128491647541523
  landing: 0.6949628908187151
  view-data: 0.28235041722655296
