times:
  edit-metadata: 1.0149522423744202
  landing: 0.04524003341794014
  view-data: 0.2076449692249298
