times:
  edit-metadata: 1.4504994712769985
  landing: 0.14361818321049213
  view-data: 0.12740628980100155
