times:
  edit-metadata: 1.836555899004452
  landing: 0.9925303320633247
  view-data: 3.3555813720449805
