times:
  edit-metadata: 1.0430518556386232
  landing: 1.0308601427823305
  view-data: 0.31854851730167866
