times:
  edit-metadata: 1.4689945355057716
  landing: 1.1028254870325327
  view-data: 3.425108503550291
