times:
  edit-metadata: 1.5888664722442627
  landing: 1.0110964067280293
  view-data: 3.4338897988200188
