times:
  landing: 0.5573070200002803
  view-data: 0.5496399619996737
