times:
  edit-metadata: 0.9501911108382046
  landing: 0.04468092601746321
  view-data: 0.23306471621617675
