times:
  edit-metadata: 0.7364622809982393
  landing: 0.042754801019327715
  view-data: 0.25214972798130475
