times:
  edit-metadata: 0.7741939149564132
  landing: 0.05019642203114927
  view-data: 0.19979338406119496
