times:
  edit-metadata: 1.70792434271425
  landing: 0.8538390779867768
  view-data: 3.4076148038730025
