times:
  edit-metadata: 0.537886411882937
  landing: 0.0516723501496017
  view-data: 0.20066067297011614
