times:
  edit-metadata: 0.5385507112368941
  landing: 0.048743149265646935
  view-data: 0.19426195416599512
