times:
  edit-metadata: 1.741028118878603
  landing: 1.2939238920807838
  view-data: 3.4086742773652077
