times:
  edit-metadata: 1.6578492298722267
  landing: 0.7734590284526348
  view-data: 3.426037859171629
