times:
  edit-metadata: 1.7733921632170677
  landing: 1.5142311714589596
  view-data: 3.4894552333280444
