times:
  edit-metadata: 0.647237351629883
  landing: 0.07668908964842558
  view-data: 0.27842045901343226
