times:
  edit-metadata: 0.7203843742609024
  landing: 0.04465103801339865
  view-data: 0.19389050640165806
