times:
  edit-metadata: 1.038664286956191
  landing: 1.379617515951395
  view-data: 0.3290282264351845
