times:
  edit-metadata: 1.4658234026283026
  landing: 0.1905862595885992
  view-data: 0.0268661268055439
