times:
  edit-metadata: 0.5404908331111073
  landing: 0.040183255448937416
  view-data: 0.2233624728396535
