times:
  edit-metadata: 1.9469710513949394
  landing: 0.258882911875844
  view-data: 0.29769144393503666
