times:
  edit-metadata: 1.4684238377958536
  landing: 1.0150772631168365
  view-data: 3.413393411785364
