times:
  edit-metadata: 0.5540072871372104
  landing: 0.042064919136464596
  view-data: 0.19876203779131174
