times:
  edit-metadata: 1.8297193218022585
  landing: 1.2330184690654278
  view-data: 3.2982246913015842
