times:
  edit-metadata: 0.5715558861847967
  landing: 0.05236731795594096
  view-data: 0.23859592899680138
