times:
  edit-metadata: 1.5746442470699549
  landing: 0.853292316198349
  view-data: 3.4940487388521433
