times:
  landing: 1.0795488619999674
  view-data: 0.5561613149999971
