times:
  edit-metadata: 2.339631436392665
  landing: 1.6618314106017351
  view-data: 3.4639088716357946
