times:
  edit-metadata: 0.5520824450068176
  landing: 0.05017307633534074
  view-data: 0.201902749016881
