times:
  landing: 0.5497980730000052
  view-data: 0.5544445269999869
