times:
  edit-metadata: 1.9173066094517708
  landing: 1.158855102956295
  view-data: 3.3680265583097935
