times:
  edit-metadata: 1.4329185369424522
  landing: 0.8599969041533768
  view-data: 3.3822859118226916
