times:
  edit-metadata: 1.5501137897372246
  landing: 0.9182012341916561
  view-data: 3.3699314165860415
