times:
  edit-metadata: 1.0414192974567413
  landing: 0.05698758363723755
  view-data: 0.1990996152162552
