times:
  edit-metadata: 1.7937381928786635
  landing: 0.02051235269755125
  view-data: 0.4680208498612046
