times:
  edit-metadata: 1.041372936218977
  landing: 0.7228572480380535
  view-data: 0.3206858281046152
