times:
  edit-metadata: 0.8588077239692211
  landing: 2.1431675851345062
  view-data: 0.6094201877713203
