times:
  edit-metadata: 1.4587440136820078
  landing: 0.8705476010218263
  view-data: 3.375967844389379
