times:
  edit-metadata: 1.5313961589708924
  landing: 0.02025369182229042
  view-data: 0.12006542924791574
