times:
  edit-metadata: 0.5585221527144313
  landing: 0.04241263121366501
  view-data: 0.20276291435584426
