times:
  edit-metadata: 1.4464656431227922
  landing: 0.019799090921878815
  view-data: 0.33834967017173767
