times:
  edit-metadata: 1.5460208803415298
  landing: 0.020634589716792107
  view-data: 0.02280993014574051
