times:
  edit-metadata: 1.0853466466069221
  landing: 0.8424087855964899
  view-data: 0.29913034103810787
