times:
  landing: 1.0796389600000111
  view-data: 0.5585679719999916
