times:
  edit-metadata: 0.7159065939486027
  landing: 0.04397792695090175
  view-data: 0.21478370181284845
