times:
  edit-metadata: 1.4564936757087708
  landing: 1.1134616881608963
  view-data: 3.411376066505909
