times:
  edit-metadata: 0.995743352919817
  landing: 0.7247025053948164
  view-data: 0.2163522783666849
