times:
  edit-metadata: 0.78911036401405
  landing: 0.04337729199323803
  view-data: 0.19944258098257706
