times:
  edit-metadata: 0.5064121042378247
  landing: 0.04183161072432995
  view-data: 0.21031356137245893
