times:
  edit-metadata: 1.519763596355915
  landing: 0.95377441868186
  view-data: 3.3060185089707375
