times:
  edit-metadata: 1.508920792490244
  landing: 0.8098051697015762
  view-data: 3.3762311786413193
