times:
  edit-metadata: 1.4824125729501247
  landing: 1.0134827606379986
  view-data: 0.7620406076312065
