times:
  edit-metadata: 0.8167348559945822
  landing: 1.1051724776625633
  view-data: 0.6025306340306997
