times:
  landing: 1.1190854099999683
  view-data: 0.5602632580000204
