times:
  edit-metadata: 1.0046338234096766
  landing: 0.6251020841300488
  view-data: 0.2192709594964981
