times:
  edit-metadata: 1.5182200819253922
  landing: 0.020217129960656166
  view-data: 0.12594100460410118
