times:
  edit-metadata: 1.0214868709445
  landing: 0.04443112388253212
  view-data: 0.21072233468294144
