times:
  edit-metadata: 0.6841113439877518
  landing: 0.06841007998446003
  view-data: 0.22453020699322224
