times:
  landing: 0.6074312370000143
  view-data: 0.5569803109999611
