times:
  edit-metadata: 1.522282101213932
  landing: 0.7937591336667538
  view-data: 3.290669158101082
