times:
  edit-metadata: 1.4887585040414706
  landing: 0.7873352630995214
  view-data: 3.322374443989247
