times:
  edit-metadata: 1.090883381664753
  landing: 0.5771539323031902
  view-data: 0.20075618289411068
