times:
  edit-metadata: 1.827500931918621
  landing: 1.322088100016117
  view-data: 3.3769066650420427
