times:
  edit-metadata: 1.8187304735183716
  landing: 0.41329624503850937
  view-data: 0.6848491560667753
