times:
  edit-metadata: 0.610786939971149
  landing: 0.06634478498017415
  view-data: 0.2476264129509218
