times:
  edit-metadata: 1.5781799582764506
  landing: 0.021786375902593136
  view-data: 0.2021102039143443
