times:
  edit-metadata: 1.5862029753625393
  landing: 0.02071654237806797
  view-data: 0.14282168075442314
