times:
  edit-metadata: 1.102918479591608
  landing: 0.04437624290585518
  view-data: 0.21908332780003548
