times:
  edit-metadata: 1.4455970553681254
  landing: 0.023865671828389168
  view-data: 0.02809989731758833
