times:
  edit-metadata: 0.6024969536811113
  landing: 0.06318414490669966
  view-data: 0.2505051619373262
