times:
  edit-metadata: 1.0522610917687416
  landing: 0.046066779643297195
  view-data: 0.2005704864859581
