times:
  edit-metadata: 0.55945412395522
  landing: 0.04766991501674056
  view-data: 0.2443431201390922
