times:
  edit-metadata: 1.5271376334130764
  landing: 0.019838937558233738
  view-data: 0.02548954263329506
