times:
  edit-metadata: 0.7307505570352077
  landing: 0.05074795801192522
  view-data: 0.19604723993688822
