times:
  edit-metadata: 0.7926426441408694
  landing: 0.06563086016103625
  view-data: 0.42256662901490927
