times:
  landing: 0.5545476499999609
  view-data: 0.5572156650000011
