times:
  edit-metadata: 0.983527535572648
  landing: 0.7964644748717546
  view-data: 0.4565773792564869
