times:
  landing: 1.0629862790000288
  view-data: 0.5549907630000348
