times:
  edit-metadata: 0.561384289059788
  landing: 0.0538683938793838
  view-data: 0.1932664830237627
