times:
  edit-metadata: 0.6629908885806799
  landing: 0.6618470717221498
  view-data: 0.32910424657166004
