times:
  edit-metadata: 0.7065573530271649
  landing: 0.04120240290649235
  view-data: 0.1962361769983545
