times:
  edit-metadata: 1.7273965757340193
  landing: 0.02380518987774849
  view-data: 0.25274079106748104
