times:
  edit-metadata: 1.4437098652124405
  landing: 0.9404317662119865
  view-data: 3.342566706240177
