times:
  edit-metadata: 0.6730205158237368
  landing: 0.047304061939939857
  view-data: 0.19908094801940024
