times:
  landing: 1.0775588789999802
  view-data: 0.5574302669999724
