times:
  edit-metadata: 0.5805959482677281
  landing: 0.05707806581631303
  view-data: 0.21706538600847125
