times:
  landing: 3.137317558999996
  view-data: 0.558630624999978
