times:
  edit-metadata: 1.0299175579998519
  landing: 0.06446785699972679
  view-data: 0.3907671729998583
