times:
  edit-metadata: 0.7866813209984684
  landing: 0.044626203991356306
  view-data: 0.19683888100553304
