times:
  edit-metadata: 0.5887822570002754
  landing: 0.07170533299358794
  view-data: 0.257277739001438
