times:
  edit-metadata: 0.6864973071496934
  landing: 0.042909160954877734
  view-data: 0.1884478779975325
