times:
  edit-metadata: 1.5119991819374263
  landing: 0.7490774737671018
  view-data: 3.331654920242727
