times:
  landing: 1.5856088549999185
  view-data: 0.5536714180000217
