times:
  edit-metadata: 1.493005856871605
  landing: 0.8774302899837494
  view-data: 3.3215521425008774
