times:
  landing: 0.5628678509999645
  view-data: 0.5610877550000168
