times:
  edit-metadata: 0.5720430640503764
  landing: 0.044807843398302794
  view-data: 0.2004088149406016
