times:
  edit-metadata: 0.7275471568573266
  landing: 0.0572748149279505
  view-data: 0.19039808283559978
