times:
  edit-metadata: 1.3604142889380455
  landing: 0.9177712202072144
  view-data: 3.3451819755136967
