times:
  edit-metadata: 1.504500531591475
  landing: 0.12410775944590569
  view-data: 0.02274352964013815
