times:
  landing: 1.074293033999993
  view-data: 0.5658966800000371
