times:
  edit-metadata: 1.442017544992268
  landing: 0.020359346643090248
  view-data: 0.026115112006664276
