times:
  edit-metadata: 1.503743376582861
  landing: 0.9256786480545998
  view-data: 3.408328728750348
