times:
  landing: 0.556269264999969
  view-data: 0.5563596709999956
