times:
  edit-metadata: 1.5702946837991476
  landing: 0.19538996741175652
  view-data: 0.02496616542339325
