times:
  edit-metadata: 0.5864252260071225
  landing: 0.047220514039509
  view-data: 0.23951692995615304
