times:
  edit-metadata: 1.5201043225824833
  landing: 0.02122906967997551
  view-data: 0.3423481956124306
