times:
  edit-metadata: 1.4198085125535727
  landing: 0.732698542997241
  view-data: 0.6725038476288319
