times:
  edit-metadata: 0.5858708517625928
  landing: 0.041140389163047075
  view-data: 0.21281589288264513
