times:
  edit-metadata: 0.5898784101009369
  landing: 0.04483386315405369
  view-data: 0.19630662817507982
