times:
  edit-metadata: 1.7167491782456636
  landing: 0.022773800417780876
  view-data: 0.43544564954936504
