times:
  edit-metadata: 1.8614597376435995
  landing: 0.15320395771414042
  view-data: 0.49284948874264956
