times:
  edit-metadata: 0.7609851220040582
  landing: 0.05354775601881556
  view-data: 0.19969304799451493
