times:
  edit-metadata: 1.5953626483678818
  landing: 1.1365293078124523
  view-data: 3.35971961542964
