times:
  edit-metadata: 0.8377438690513372
  landing: 1.09549131244421
  view-data: 0.6094047036021948
