times:
  edit-metadata: 0.5810088128782809
  landing: 0.04843674274161458
  view-data: 0.19371819216758013
