times:
  edit-metadata: 1.5368946697562933
  landing: 0.02111762948334217
  view-data: 0.3638605922460556
