times:
  edit-metadata: 0.5777525575831532
  landing: 0.04057510709390044
  view-data: 0.19702274492010474
