times:
  landing: 0.547165247999942
  view-data: 0.554463845999976
