times:
  edit-metadata: 1.461998239159584
  landing: 1.0341733922250569
  view-data: 3.3938860609196126
