times:
  edit-metadata: 1.6142766699194908
  landing: 0.02048485167324543
  view-data: 0.40798747912049294
