times:
  landing: 0.5538872199999787
  view-data: 0.558727953000016
