times:
  edit-metadata: 0.8014806807041168
  landing: 0.06262965314090252
  view-data: 0.3887087032198906
