times:
  edit-metadata: 0.7668529819929972
  landing: 0.03998275101184845
  view-data: 0.19767969101667404
