times:
  edit-metadata: 0.6918844640022144
  landing: 0.05900153900438454
  view-data: 0.24460672300483566
