times:
  landing: 0.554855147000012
  view-data: 0.5564920680000114
