times:
  edit-metadata: 1.769156526774168
  landing: 1.205810084939003
  view-data: 3.3271484300494194
