times:
  edit-metadata: 2.110296471044421
  landing: 0.018845800310373306
  view-data: 0.0282197380438447
