times:
  edit-metadata: 1.5571275278925896
  landing: 0.9080694541335106
  view-data: 3.294322520494461
