times:
  edit-metadata: 1.5286366959335282
  landing: 1.2262847300153226
  view-data: 3.5886153570609167
