times:
  landing: 1.055013663135469
  view-data: 0.5496074459515512
