times:
  edit-metadata: 1.5726081319153309
  landing: 0.917037907987833
  view-data: 3.436250351369381
