times:
  edit-metadata: 1.801587663590908
  landing: 1.0124603770673275
  view-data: 3.3896303437650204
