times:
  edit-metadata: 1.0864182189106941
  landing: 0.6546375267207623
  view-data: 0.23376378044486046
