times:
  edit-metadata: 1.8250520695000887
  landing: 1.0621562767773867
  view-data: 3.409178901463747
