times:
  edit-metadata: 0.597480405936949
  landing: 0.051054251031018794
  view-data: 0.24608109798282385
