times:
  edit-metadata: 1.5218887887895107
  landing: 0.15382279641926289
  view-data: 0.3466639667749405
