times:
  edit-metadata: 1.6250010058283806
  landing: 0.02076354343444109
  view-data: 0.02434435673058033
