times:
  landing: 1.1464686630000074
  view-data: 0.5563506610000104
