times:
  edit-metadata: 1.5233631487935781
  landing: 0.8126416932791471
  view-data: 3.401126727461815
