times:
  edit-metadata: 0.5804467450361699
  landing: 0.057982268976047635
  view-data: 0.34413629199843854
