times:
  edit-metadata: 1.5762784127146006
  landing: 0.8633241076022387
  view-data: 3.348804548382759
