times:
  edit-metadata: 0.644749665632844
  landing: 0.7422262001782656
  view-data: 0.4131273068487644
