times:
  edit-metadata: 1.0162061415612698
  landing: 0.04517760127782822
  view-data: 0.2006225436925888
