times:
  edit-metadata: 0.5504409489803948
  landing: 0.04506481101270765
  view-data: 0.3356634480005596
