times:
  edit-metadata: 0.5464092055335641
  landing: 0.0425679087638855
  view-data: 0.20461435802280903
