times:
  edit-metadata: 1.1672092843800783
  landing: 0.6621182672679424
  view-data: 0.6320935357362032
