times:
  landing: 0.5555793300000005
  view-data: 0.5531259140000202
