times:
  edit-metadata: 0.5510954519995721
  landing: 0.04884070799744222
  view-data: 0.23876273199857678
