times:
  edit-metadata: 1.5155607080087066
  landing: 0.022885157726705074
  view-data: 0.12536342907696962
