times:
  edit-metadata: 1.6828517336398363
  landing: 0.17177827470004559
  view-data: 0.024828653782606125
