times:
  edit-metadata: 0.5157516868785024
  landing: 0.0430828956887126
  view-data: 0.2079259129241109
