times:
  edit-metadata: 0.8818256091326475
  landing: 0.5979881472885609
  view-data: 0.6197539903223515
