times:
  edit-metadata: 1.5993689987808466
  landing: 0.25978475995361805
  view-data: 0.3392957653850317
