times:
  edit-metadata: 1.1062373723834753
  landing: 0.622253067791462
  view-data: 0.6467399038374424
