times:
  landing: 0.5534724510000046
  view-data: 0.5555954939999879
