times:
  landing: 0.5472172110000031
  view-data: 0.5442653419999886
