times:
  edit-metadata: 0.5306160079780966
  landing: 0.07034366205334663
  view-data: 0.244650507112965
