times:
  edit-metadata: 1.5040715551003814
  landing: 1.0073044570162892
  view-data: 3.339137889444828
