times:
  edit-metadata: 0.9485030584037304
  landing: 0.04261390119791031
  view-data: 0.2004472017288208
