times:
  landing: 0.5427753150000001
  view-data: 0.5569909729999836
