times:
  landing: 0.5996266299999888
  view-data: 0.5588968220000083
