times:
  edit-metadata: 0.5918620809970889
  landing: 0.04752767598256469
  view-data: 0.3482277190196328
