times:
  edit-metadata: 1.6803780663758516
  landing: 0.019949370995163918
  view-data: 0.023061733692884445
