times:
  edit-metadata: 0.5581819750368595
  landing: 0.04542758199386299
  view-data: 0.2332455269061029
