times:
  edit-metadata: 2.6441532094031572
  landing: 1.5711453054100275
  view-data: 3.4559916611760855
