times:
  edit-metadata: 0.536670349072665
  landing: 0.04397283494472504
  view-data: 0.21333669172599912
