times:
  edit-metadata: 1.0412463415414095
  landing: 0.880104910582304
  view-data: 0.3152558784931898
