times:
  edit-metadata: 1.014091070741415
  landing: 0.04451717063784599
  view-data: 0.2085970640182495
