times:
  edit-metadata: 0.590218516997993
  landing: 0.07277995500771794
  view-data: 0.24139589800324757
