times:
  edit-metadata: 0.5691072358749807
  landing: 0.04339918773621321
  view-data: 0.2033778177574277
