times:
  edit-metadata: 2.0962085723876953
  landing: 1.5106278732419014
  view-data: 3.5388994105160236
