times:
  edit-metadata: 0.5132700516842306
  landing: 0.04486025497317314
  view-data: 0.2133446540683508
