times:
  landing: 0.5622701140000004
  view-data: 0.5601906939999708
