times:
  edit-metadata: 2.4373163674026728
  landing: 1.6482782680541277
  view-data: 3.520086731761694
