times:
  edit-metadata: 1.5475553926080465
  landing: 0.0216591227799654
  view-data: 0.024072594940662384
