times:
  landing: 1.1209484429999748
  view-data: 0.5631916849999925
