times:
  edit-metadata: 1.5829722564667463
  landing: 0.021217191591858864
  view-data: 0.02736632153391838
