times:
  edit-metadata: 1.8102392023429275
  landing: 0.020197316072881222
  view-data: 0.029134003445506096
