times:
  edit-metadata: 0.5298685948364437
  landing: 0.06225634925067425
  view-data: 0.2325306269340217
