times:
  edit-metadata: 0.5990340380230919
  landing: 0.051131356973201036
  view-data: 0.3792472369968891
