times:
  edit-metadata: 0.6799078639596701
  landing: 0.05857172701507807
  view-data: 0.19104107795283198
