times:
  edit-metadata: 1.5420734817162156
  landing: 0.019356160424649715
  view-data: 0.1991051770746708
