times:
  edit-metadata: 1.4619692610576749
  landing: 0.11392621602863073
  view-data: 0.45973996445536613
