times:
  landing: 0.5580949789998613
  view-data: 0.562436610000077
