times:
  edit-metadata: 0.8033757300581783
  landing: 0.039787726011127234
  view-data: 0.19958355906419456
