times:
  edit-metadata: 0.6071346360258758
  landing: 0.04562019999139011
  view-data: 0.2742884599138051
