times:
  edit-metadata: 1.5985887441784143
  landing: 0.967940622009337
  view-data: 3.4096909472718835
