times:
  edit-metadata: 1.4823261387646198
  landing: 0.9029069766402245
  view-data: 3.309743504971266
