times:
  landing: 0.6172921560000191
  view-data: 0.5590357550000249
