times:
  edit-metadata: 1.080435262992978
  landing: 0.533361379057169
  view-data: 0.23100116476416588
