times:
  edit-metadata: 1.4765071459114552
  landing: 0.13252728804945946
  view-data: 0.11628004536032677
