times:
  landing: 0.5479061059999708
  view-data: 0.5534352770000055
