times:
  edit-metadata: 1.5393933970481157
  landing: 0.019862175919115543
  view-data: 0.026634651236236095
