times:
  edit-metadata: 0.5387244990561157
  landing: 0.0695042759180069
  view-data: 0.24544025491923094
