times:
  edit-metadata: 0.9895939566195011
  landing: 0.052009906619787216
  view-data: 0.3411456309258938
