times:
  edit-metadata: 1.044157525524497
  landing: 0.04182194918394089
  view-data: 0.21627178229391575
