times:
  edit-metadata: 0.8258015029714443
  landing: 0.056819390039891005
  view-data: 0.3254270939505659
