times:
  edit-metadata: 0.7044978589983657
  landing: 0.04594264300249051
  view-data: 0.20665261600515805
