times:
  edit-metadata: 0.6956081110110972
  landing: 0.04346876501222141
  view-data: 0.21889244799967855
