times:
  edit-metadata: 1.4955877661705017
  landing: 0.021539008244872093
  view-data: 0.035903711803257465
