times:
  edit-metadata: 0.6805261243134737
  landing: 0.5931636728346348
  view-data: 0.2273824866861105
