times:
  edit-metadata: 1.3976782485842705
  landing: 0.8639706522226334
  view-data: 3.304569575935602
