times:
  edit-metadata: 0.7136358530260623
  landing: 0.044301816960796714
  view-data: 0.20096251391805708
