times:
  edit-metadata: 0.9884552136063576
  landing: 0.04550124704837799
  view-data: 0.20449097454547882
