times:
  edit-metadata: 0.872680681059137
  landing: 0.05385014496278018
  view-data: 0.2158963680267334
