times:
  edit-metadata: 1.5136014614254236
  landing: 0.8464376758784056
  view-data: 3.424614170566201
