times:
  edit-metadata: 0.5517249810509384
  landing: 0.046698065008968115
  view-data: 0.20400461088865995
