times:
  edit-metadata: 0.7594905924052
  landing: 0.04284265777096152
  view-data: 0.20008085202425718
