times:
  edit-metadata: 1.1161127388477325
  landing: 1.4122192952781916
  view-data: 0.3695617038756609
