times:
  edit-metadata: 0.6702714610146359
  landing: 0.04210095701273531
  view-data: 0.22372984397225082
