times:
  edit-metadata: 0.531526013975963
  landing: 0.06849765288643539
  view-data: 0.22738498402759433
