times:
  landing: 0.5554091970000172
  view-data: 0.04990254699998786
