times:
  edit-metadata: 1.9180670380592346
  landing: 1.2252665050327778
  view-data: 3.332100320607424
