times:
  edit-metadata: 0.970004316419363
  landing: 0.05017498508095741
  view-data: 0.20054686069488525
