times:
  edit-metadata: 1.5043816417455673
  landing: 0.837419549934566
  view-data: 3.396372163668275
