times:
  edit-metadata: 1.7365253195166588
  landing: 0.027314219623804092
  view-data: 0.155941653996706
