times:
  edit-metadata: 0.8563796661328524
  landing: 0.060140241868793964
  view-data: 0.20714745414443314
