times:
  edit-metadata: 1.6157907657325268
  landing: 0.9262063764035702
  view-data: 3.3733028694987297
