times:
  edit-metadata: 1.6052894350141287
  landing: 0.02179734129458666
  view-data: 0.030264652334153652
