times:
  edit-metadata: 1.0017544627189636
  landing: 0.04515549913048744
  view-data: 0.20367112010717392
