times:
  edit-metadata: 1.5766597436740994
  landing: 0.12302347552031279
  view-data: 0.02323735971003771
