times:
  edit-metadata: 0.7205747324042022
  landing: 0.1492676129564643
  view-data: 0.4134433511644602
