times:
  landing: 0.5581473499999845
  view-data: 0.5531380920000117
