times:
  edit-metadata: 1.5347814289852977
  landing: 0.021691713482141495
  view-data: 0.0956811411306262
