times:
  edit-metadata: 1.4867354147136211
  landing: 0.022135809063911438
  view-data: 0.024531397968530655
