times:
  edit-metadata: 1.0121665634214878
  landing: 1.608171733096242
  view-data: 0.6188532896339893
