times:
  edit-metadata: 1.5889925081282854
  landing: 0.10910040233284235
  view-data: 0.027130642905831337
