times:
  edit-metadata: 1.5082801468670368
  landing: 0.7917717769742012
  view-data: 3.3739182725548744
