times:
  edit-metadata: 1.8294887002557516
  landing: 0.19901017844676971
  view-data: 0.1654219701886177
