times:
  edit-metadata: 2.2479925751686096
  landing: 1.123216156847775
  view-data: 3.424384120851755
