times:
  edit-metadata: 1.7487856484949589
  landing: 1.2388456165790558
  view-data: 3.400787878781557
