times:
  edit-metadata: 1.4964458188042045
  landing: 1.0454464806243777
  view-data: 3.395369446836412
