times:
  edit-metadata: 0.9818105921149254
  landing: 0.06316577084362507
  view-data: 0.20413319766521454
