times:
  edit-metadata: 1.6913852011784911
  landing: 0.9018249153159559
  view-data: 3.471506147645414
