times:
  edit-metadata: 1.5504551343619823
  landing: 0.8607573285698891
  view-data: 3.396414604038
