times:
  edit-metadata: 1.4380393251776695
  landing: 0.021585166454315186
  view-data: 0.11882824823260307
