times:
  edit-metadata: 1.696063257753849
  landing: 0.2713919095695019
  view-data: 0.02548362873494625
