times:
  edit-metadata: 0.5574725298210979
  landing: 0.05535971652716398
  view-data: 0.21379192266613245
