times:
  edit-metadata: 1.6019102483987808
  landing: 1.0053900741040707
  view-data: 3.382450044155121
