times:
  landing: 0.5469541159999949
  view-data: 0.5522324190000063
