times:
  edit-metadata: 1.5420833714306355
  landing: 0.9470582213252783
  view-data: 3.4564792905002832
