times:
  edit-metadata: 1.5331405699253082
  landing: 0.8993658572435379
  view-data: 3.31901303678751
