times:
  edit-metadata: 1.47902298765257
  landing: 1.0793853038921952
  view-data: 3.368927869014442
