times:
  landing: 1.0904865709999854
  view-data: 0.5570987410000043
