times:
  landing: 1.0647837289999984
  view-data: 0.5488965810000082
