times:
  edit-metadata: 1.4807627499103546
  landing: 0.020234405994415283
  view-data: 0.024375046603381634
