times:
  edit-metadata: 2.0259832683950663
  landing: 0.2007785327732563
  view-data: 0.16499861516058445
