times:
  edit-metadata: 1.5569170424714684
  landing: 0.2223605252802372
  view-data: 0.22952305804938078
