times:
  landing: 0.5478497480000897
  view-data: 0.5669696720000275
