times:
  landing: 0.5475860100000318
  view-data: 0.5543444620000173
