times:
  edit-metadata: 1.4575919061899185
  landing: 0.24033991992473602
  view-data: 0.023739555850625038
