times:
  edit-metadata: 0.6202686180477031
  landing: 0.04197015397949144
  view-data: 0.2717706499970518
