times:
  edit-metadata: 0.5371584007516503
  landing: 0.043033926747739315
  view-data: 0.2123751174658537
