times:
  edit-metadata: 1.5841285586357117
  landing: 0.9585296176373959
  view-data: 3.3834952153265476
