times:
  edit-metadata: 0.6278511695563793
  landing: 0.989722914993763
  view-data: 0.3131408505141735
