times:
  edit-metadata: 1.5555770983919501
  landing: 0.9630003338679671
  view-data: 3.4401431679725647
