times:
  edit-metadata: 1.6186772361397743
  landing: 1.151165384799242
  view-data: 3.418591622263193
