times:
  landing: 1.093578038999965
  view-data: 0.5522575009999855
