times:
  edit-metadata: 1.4744172422215343
  landing: 0.21375248860567808
  view-data: 0.46571316197514534
