times:
  edit-metadata: 1.729857113212347
  landing: 1.1609865706413984
  view-data: 3.3136084862053394
