times:
  edit-metadata: 2.531634567771107
  landing: 1.056100184097886
  view-data: 3.4696049708873034
