times:
  edit-metadata: 0.556458774022758
  landing: 0.05645808787085116
  view-data: 0.35281373118050396
