times:
  edit-metadata: 1.541113080456853
  landing: 0.8405559686943889
  view-data: 3.359397793188691
