times:
  edit-metadata: 1.6663215979933739
  landing: 1.1426505371928215
  view-data: 3.438232984393835
