times:
  edit-metadata: 0.5610229659941979
  landing: 0.050249616033397615
  view-data: 0.2382633090019226
