times:
  landing: 0.5480664049999859
  view-data: 0.5533627479999836
