times:
  edit-metadata: 1.0375308729708195
  landing: 1.1055576261132956
  view-data: 0.6116883605718613
