times:
  edit-metadata: 0.6537882457487285
  landing: 0.047635850962251425
  view-data: 0.2204976319335401
