times:
  edit-metadata: 1.5159403923898935
  landing: 0.761139988899231
  view-data: 3.407350819557905
