times:
  edit-metadata: 1.5421067075803876
  landing: 0.022007038816809654
  view-data: 0.029403981752693653
