times:
  edit-metadata: 1.9087519720196724
  landing: 0.021516285836696625
  view-data: 0.4038125928491354
