times:
  edit-metadata: 1.0029508657753468
  landing: 0.04579672962427139
  view-data: 0.20023435354232788
