times:
  landing: 0.5489974379999865
  view-data: 0.5519039760000055
