times:
  edit-metadata: 1.4891192186623812
  landing: 0.9186808075755835
  view-data: 3.531088886782527
