times:
  landing: 0.5516188299999953
  view-data: 0.05022050899998476
