times:
  edit-metadata: 0.5337402326986194
  landing: 0.04258536733686924
  view-data: 0.2176671102643013
