times:
  edit-metadata: 2.273388482630253
  landing: 0.0858965590596199
  view-data: 0.4060372933745384
