times:
  landing: 0.5556459789999906
  view-data: 0.05485552400000415
