times:
  edit-metadata: 1.5307229701429605
  landing: 0.019403050653636456
  view-data: 0.02545083872973919
