times:
  edit-metadata: 1.5487238336354494
  landing: 0.7980996947735548
  view-data: 3.3337878677994013
