times:
  edit-metadata: 1.5417961310595274
  landing: 0.7998916916549206
  view-data: 3.3935489635914564
