times:
  edit-metadata: 0.8671242725104094
  landing: 1.0906748250126839
  view-data: 0.5996544025838375
