times:
  edit-metadata: 1.5105633586645126
  landing: 0.9616727530956268
  view-data: 3.3385107591748238
