times:
  edit-metadata: 3.5519547276198864
  landing: 0.9526367336511612
  view-data: 3.3117902874946594
