times:
  edit-metadata: 2.33011831715703
  landing: 0.02134726196527481
  view-data: 0.5114795584231615
