times:
  edit-metadata: 1.5805384628474712
  landing: 0.9650921486318111
  view-data: 3.340502303093672
