times:
  edit-metadata: 0.752254175953567
  landing: 0.043139229994267225
  view-data: 0.1901390957646072
