times:
  edit-metadata: 1.6176031082868576
  landing: 0.01893430855125189
  view-data: 0.39458518009632826
