times:
  landing: 0.5467683690000058
  view-data: 0.5624152599999661
