times:
  edit-metadata: 0.823561878874898
  landing: 1.1049264557659626
  view-data: 0.6166764795780182
