times:
  landing: 0.548987043000011
  view-data: 0.5540260719999992
