times:
  edit-metadata: 2.1597995096817613
  landing: 0.4054341744631529
  view-data: 0.7822085469961166
