times:
  edit-metadata: 0.7727513709687628
  landing: 0.04686728701926768
  view-data: 0.19175687397364527
