times:
  edit-metadata: 0.7321486989967525
  landing: 0.044991273898631334
  view-data: 0.19452738598920405
