times:
  edit-metadata: 1.019144106656313
  landing: 3.3802096880972385
  view-data: 0.7922741640359163
