times:
  edit-metadata: 1.5672747921198606
  landing: 0.020964241586625576
  view-data: 0.39730756636708975
