times:
  edit-metadata: 0.6512931911274791
  landing: 0.04802824999205768
  view-data: 0.20735774002969265
