times:
  edit-metadata: 1.648137591779232
  landing: 0.02033419907093048
  view-data: 0.02863024454563856
