times:
  edit-metadata: 0.5538747860118747
  landing: 0.045553253032267094
  view-data: 0.2006861874833703
