times:
  edit-metadata: 1.4372772760689259
  landing: 0.8726570047438145
  view-data: 3.3055815286934376
