times:
  edit-metadata: 1.5206727236509323
  landing: 0.02112137246876955
  view-data: 0.4646540582180023
