times:
  edit-metadata: 1.1206325441598892
  landing: 0.05176236107945442
  view-data: 0.2053542360663414
