times:
  edit-metadata: 1.6859141942113638
  landing: 0.020548563450574875
  view-data: 0.14400901831686497
