times:
  edit-metadata: 0.9764691330492496
  landing: 0.6683478988707066
  view-data: 0.23747035674750805
