times:
  edit-metadata: 2.3173163197934628
  landing: 1.3042905405163765
  view-data: 3.5084173753857613
