times:
  edit-metadata: 0.5472359750419855
  landing: 0.05343784496653825
  view-data: 0.22312209196388721
