times:
  edit-metadata: 1.6741801537573338
  landing: 0.1284937895834446
  view-data: 0.022984160110354424
