times:
  edit-metadata: 0.9789207708090544
  landing: 0.05641715228557587
  view-data: 0.23832247033715248
