times:
  edit-metadata: 0.5636313810000502
  landing: 0.046013945000140666
  view-data: 0.22601592499995604
