times:
  edit-metadata: 0.5341565909329802
  landing: 0.07227040803991258
  view-data: 0.22599086514674127
