times:
  edit-metadata: 1.4897825550287962
  landing: 0.1392301507294178
  view-data: 0.3493853099644184
