times:
  landing: 0.5437794829999802
  view-data: 0.5591008850000208
