times:
  landing: 0.5539385490000086
  view-data: 0.5537763469999959
