times:
  edit-metadata: 0.9881232790648937
  landing: 0.045702025294303894
  view-data: 0.21071400120854378
