times:
  edit-metadata: 0.997276283800602
  landing: 0.041676122695207596
  view-data: 0.20376484468579292
