times:
  edit-metadata: 1.5537444055080414
  landing: 0.9238732717931271
  view-data: 3.4322448633611202
