times:
  edit-metadata: 0.5924553509103134
  landing: 0.04581601801328361
  view-data: 0.23191599396523088
