times:
  edit-metadata: 1.5809246432036161
  landing: 1.137516913935542
  view-data: 3.3859060406684875
