times:
  edit-metadata: 1.5497572049498558
  landing: 0.8099446855485439
  view-data: 3.3414167501032352
