times:
  landing: 0.549051468999977
  view-data: 0.5513954040000044
