times:
  edit-metadata: 1.5736931711435318
  landing: 0.9534036591649055
  view-data: 3.3332678824663162
