times:
  landing: 0.5464586560000271
  view-data: 0.5451434390000145
