times:
  edit-metadata: 1.0684823021292686
  landing: 0.7058928944170475
  view-data: 0.23486961796879768
