times:
  edit-metadata: 1.6628700271248817
  landing: 0.02324025146663189
  view-data: 0.3599052559584379
