times:
  edit-metadata: 2.316238990984857
  landing: 0.17412104178220034
  view-data: 0.4796377904713154
