times:
  edit-metadata: 1.6357960421591997
  landing: 0.02088961750268936
  view-data: 0.025375977158546448
