times:
  edit-metadata: 0.8965553231537342
  landing: 0.045976266264915466
  view-data: 0.21160729601979256
