times:
  edit-metadata: 0.7074704060796648
  landing: 0.05334846395999193
  view-data: 0.19914461695589125
