times:
  edit-metadata: 0.9803564921021461
  landing: 0.046038318425416946
  view-data: 0.20161325111985207
