times:
  edit-metadata: 0.5673819880466908
  landing: 0.04346586798783392
  view-data: 0.21230160898994654
