times:
  edit-metadata: 0.7212554132565856
  landing: 0.05587611114606261
  view-data: 0.18886529235169291
