times:
  edit-metadata: 1.5663297586143017
  landing: 0.903331320732832
  view-data: 3.4221573788672686
