times:
  edit-metadata: 1.008199566975236
  landing: 0.6767290271818638
  view-data: 0.3638956565409899
