times:
  edit-metadata: 2.9247875194996595
  landing: 0.025419563986361027
  view-data: 0.03526976238936186
