times:
  edit-metadata: 1.1179385781288147
  landing: 0.6061528194695711
  view-data: 0.6231144238263369
