times:
  edit-metadata: 1.6692965240217745
  landing: 0.9842431521974504
  view-data: 3.42530690995045
