times:
  edit-metadata: 0.6024867790401913
  landing: 0.060903218982275575
  view-data: 0.27153637900482863
