times:
  landing: 1.0748928659999706
  view-data: 0.5509281710000096
