times:
  edit-metadata: 1.6647713538259268
  landing: 0.02042035199701786
  view-data: 0.35364891961216927
