times:
  edit-metadata: 1.0144441481679678
  landing: 0.9673596397042274
  view-data: 0.3500004131346941
