times:
  edit-metadata: 1.4829160780645907
  landing: 0.8912422237917781
  view-data: 3.3551830779761076
