times:
  edit-metadata: 1.5354996006935835
  landing: 0.8234058972448111
  view-data: 3.392208134755492
