times:
  edit-metadata: 1.5657603852450848
  landing: 0.9182090908288956
  view-data: 3.440832380205393
