times:
  edit-metadata: 1.6303735487163067
  landing: 0.9952055849134922
  view-data: 3.4118144139647484
