times:
  landing: 0.559673177999997
  view-data: 0.5520813029999943
