times:
  edit-metadata: 1.6976074520498514
  landing: 0.2834991067647934
  view-data: 0.15079829283058643
