times:
  edit-metadata: 0.8588568638078868
  landing: 0.06565497512929142
  view-data: 0.19246688904240727
