times:
  edit-metadata: 1.483284101355821
  landing: 0.8801287370733917
  view-data: 3.309602160938084
