times:
  edit-metadata: 0.5186828140285797
  landing: 0.06287037796573713
  view-data: 0.24772108503384516
