times:
  edit-metadata: 0.7970613879151642
  landing: 0.038699813187122345
  view-data: 0.31154052820056677
