times:
  edit-metadata: 0.7241148330504075
  landing: 0.04667007096577436
  view-data: 0.20038938894867897
