times:
  edit-metadata: 0.5563102741725743
  landing: 0.043041808065027
  view-data: 0.193362383171916
