times:
  edit-metadata: 1.4949593180790544
  landing: 0.02048380672931671
  view-data: 0.4384002583101392
