times:
  edit-metadata: 2.709751645103097
  landing: 1.4047729950398207
  view-data: 3.6276716012507677
