times:
  edit-metadata: 1.4710115455091
  landing: 0.1624564193189144
  view-data: 0.4902208633720875
