times:
  edit-metadata: 1.5894349990412593
  landing: 0.9228899730369449
  view-data: 3.435648472979665
