times:
  edit-metadata: 0.6888321000151336
  landing: 0.04500341007951647
  view-data: 0.22806145006325096
