times:
  edit-metadata: 1.6299699731171131
  landing: 1.0676725003868341
  view-data: 3.340904066339135
