times:
  edit-metadata: 0.5137663760106079
  landing: 0.07117784599540755
  view-data: 0.2245637889718637
