times:
  edit-metadata: 1.5778832286596298
  landing: 0.8800711706280708
  view-data: 3.483809297904372
