times:
  edit-metadata: 1.0246678926050663
  landing: 1.1280849929898977
  view-data: 0.6169418003410101
