times:
  edit-metadata: 1.8484615217894316
  landing: 0.2320573404431343
  view-data: 0.47335500083863735
