times:
  edit-metadata: 1.6273479023948312
  landing: 0.11412385292351246
  view-data: 0.4214431941509247
