times:
  edit-metadata: 1.5143542187288404
  landing: 1.0993477823212743
  view-data: 3.35310463514179
