times:
  edit-metadata: 2.072083991020918
  landing: 0.18121938034892082
  view-data: 0.46909112483263016
