times:
  edit-metadata: 1.5566748045384884
  landing: 0.1651464495807886
  view-data: 0.026983987540006638
