times:
  edit-metadata: 0.9931221809238195
  landing: 1.099554842337966
  view-data: 0.6173161845654249
