times:
  landing: 1.1255693930000348
  view-data: 0.5578005069999676
