times:
  edit-metadata: 2.29644310567528
  landing: 1.32006358448416
  view-data: 3.527687607333064
