times:
  edit-metadata: 0.546149224974215
  landing: 0.06822162913158536
  view-data: 0.22513845190405846
