times:
  edit-metadata: 1.65369782038033
  landing: 0.9085065349936485
  view-data: 3.42851691134274
