times:
  edit-metadata: 1.8585023917257786
  landing: 1.168313231319189
  view-data: 3.407703921198845
