times:
  edit-metadata: 0.540260486995976
  landing: 0.06551995100016939
  view-data: 0.24594004599930486
