times:
  edit-metadata: 0.5097638359293342
  landing: 0.04978798283264041
  view-data: 0.20703209517523646
