times:
  edit-metadata: 1.702364407479763
  landing: 0.022634226828813553
  view-data: 0.38039725460112095
