times:
  edit-metadata: 1.508276430889964
  landing: 0.021676670759916306
  view-data: 0.024931423366069794
