times:
  edit-metadata: 1.0424798522144556
  landing: 0.5753154214471579
  view-data: 0.6281734723597765
