times:
  edit-metadata: 0.9159130620000724
  landing: 0.04426190799949836
  view-data: 0.19509828199988988
