times:
  edit-metadata: 0.8558419549990504
  landing: 0.04474943600143888
  view-data: 0.2094036340022285
