times:
  edit-metadata: 0.7090014610439539
  landing: 0.11468954989686608
  view-data: 0.2491630669683218
