times:
  edit-metadata: 1.4987952560186386
  landing: 0.019473512656986713
  view-data: 0.023402271792292595
