times:
  edit-metadata: 0.728559329174459
  landing: 0.04917164519429207
  view-data: 0.2212069216184318
