times:
  edit-metadata: 0.536253391765058
  landing: 0.050031729973852634
  view-data: 0.20743646658957005
