times:
  edit-metadata: 0.6586085659801029
  landing: 0.04757133801467717
  view-data: 0.22168245899956673
