times:
  edit-metadata: 0.8113029939122498
  landing: 0.05668131308630109
  view-data: 0.18773506884463131
