times:
  edit-metadata: 0.6037194350501522
  landing: 0.073751394986175
  view-data: 0.2247726049972698
