times:
  landing: 0.5523292540000284
  view-data: 0.5576033840000036
