times:
  edit-metadata: 0.8140101489843801
  landing: 0.05400118895340711
  view-data: 0.1936066159978509
