times:
  edit-metadata: 1.478715892881155
  landing: 0.8504266813397408
  view-data: 3.3478649482131004
