times:
  edit-metadata: 2.626898482441902
  landing: 0.18821310065686703
  view-data: 0.6988003067672253
