times:
  edit-metadata: 1.0960299782454967
  landing: 0.6057677082717419
  view-data: 0.22696208022534847
