times:
  edit-metadata: 0.6589519921690226
  landing: 0.6554132774472237
  view-data: 0.2215196918696165
