times:
  edit-metadata: 1.4943311419337988
  landing: 0.9401739845052361
  view-data: 3.409413982182741
