times:
  landing: 0.5431042039999738
  view-data: 0.5462487460000034
