times:
  edit-metadata: 0.9626725614070892
  landing: 0.05370510369539261
  view-data: 0.2128361314535141
