times:
  edit-metadata: 0.7424168870784342
  landing: 0.039647627039812505
  view-data: 0.202898602001369
