times:
  edit-metadata: 1.8167026452720165
  landing: 1.4193056896328926
  view-data: 3.4062374755740166
