times:
  edit-metadata: 1.7340738996863365
  landing: 1.0590022765100002
  view-data: 3.4043782725930214
