times:
  edit-metadata: 0.6771180739742704
  landing: 0.05463085399242118
  view-data: 0.23577638197457418
