times:
  landing: 0.5637066969999864
  view-data: 0.053224663999998256
