times:
  edit-metadata: 1.5528633520007133
  landing: 0.8530431725084782
  view-data: 3.338738337159157
