times:
  edit-metadata: 1.1676022429019213
  landing: 1.962087471038103
  view-data: 0.3039828184992075
