times:
  edit-metadata: 0.6599238477647305
  landing: 0.7172021362930536
  view-data: 0.3586607128381729
