times:
  edit-metadata: 1.0772440675646067
  landing: 0.8004510886967182
  view-data: 0.3329861368983984
