times:
  edit-metadata: 0.7330104379216209
  landing: 0.043571799993515015
  view-data: 0.20671141997445375
