times:
  edit-metadata: 1.4986554207280278
  landing: 0.16150339134037495
  view-data: 0.23060613684356213
