times:
  edit-metadata: 1.5501220766454935
  landing: 0.020983314141631126
  view-data: 0.02597065269947052
