times:
  edit-metadata: 1.462029304355383
  landing: 0.8538566939532757
  view-data: 3.3123580627143383
