times:
  edit-metadata: 1.3881922364234924
  landing: 0.9204672761261463
  view-data: 3.3038455098867416
