times:
  edit-metadata: 0.7361150709912181
  landing: 0.05011631897650659
  view-data: 0.19847475597634912
