times:
  edit-metadata: 0.991102784872055
  landing: 0.5789884831756353
  view-data: 0.24220613949000835
