times:
  edit-metadata: 1.3879576083272696
  landing: 1.1294238958507776
  view-data: 3.3886023238301277
