times:
  edit-metadata: 0.8345466773025692
  landing: 0.05966609762981534
  view-data: 0.2012491151690483
