times:
  edit-metadata: 1.530393810942769
  landing: 0.9103519916534424
  view-data: 3.4439418222755194
