times:
  edit-metadata: 1.5258177891373634
  landing: 0.9498207718133926
  view-data: 3.4010343682020903
