times:
  edit-metadata: 1.5402033161371946
  landing: 0.11516253370791674
  view-data: 0.024244331754744053
