times:
  edit-metadata: 1.7217324301600456
  landing: 1.042847666889429
  view-data: 3.410586182028055
