times:
  landing: 0.5574981560000083
  view-data: 0.5622929719999661
