times:
  edit-metadata: 0.5871588631998748
  landing: 0.044578228844329715
  view-data: 0.2673143760766834
