times:
  edit-metadata: 1.56741657666862
  landing: 0.031070060096681118
  view-data: 0.33154070656746626
