times:
  edit-metadata: 1.6687307450920343
  landing: 0.893956245854497
  view-data: 3.33122400008142
