times:
  edit-metadata: 0.7377325880806893
  landing: 0.051366212079301476
  view-data: 0.1895828538108617
