times:
  landing: 1.078038799000069
  view-data: 0.5681050169999935
