times:
  landing: 0.5492654639999728
  view-data: 0.5531792639999935
