times:
  edit-metadata: 1.5453189015388489
  landing: 0.22113961167633533
  view-data: 0.023449931293725967
