times:
  edit-metadata: 0.5263210502453148
  landing: 0.04385564895346761
  view-data: 0.20650140708312392
