times:
  landing: 0.5512963670000204
  view-data: 0.5539713490000509
