times:
  edit-metadata: 0.9637894406914711
  landing: 0.04614879935979843
  view-data: 0.20544058084487915
