times:
  edit-metadata: 4.025619797408581
  landing: 6.6815816927701235
  view-data: 3.632932499051094
