times:
  edit-metadata: 0.5763812649529427
  landing: 0.06247638305649161
  view-data: 0.21299385803285986
