times:
  edit-metadata: 0.7518637410830706
  landing: 0.044698899844661355
  view-data: 0.19261672790162265
