times:
  edit-metadata: 1.8303084867075086
  landing: 1.1782641811296344
  view-data: 3.3615668024867773
