times:
  edit-metadata: 0.8834822988137603
  landing: 0.10628005070611835
  view-data: 0.3487603613175452
