times:
  edit-metadata: 1.7724396884441376
  landing: 1.0689281933009624
  view-data: 3.3755701668560505
