times:
  landing: 0.552229126000384
  view-data: 0.556956607999382
