times:
  edit-metadata: 1.906229890882969
  landing: 1.3661286607384682
  view-data: 3.5456722006201744
