times:
  edit-metadata: 2.207301067188382
  landing: 1.2277191318571568
  view-data: 3.556141834706068
