times:
  edit-metadata: 1.5414867289364338
  landing: 1.0458724312484264
  view-data: 3.4879978261888027
