times:
  edit-metadata: 0.5612048609182239
  landing: 0.04593462310731411
  view-data: 0.20230375789105892
