times:
  edit-metadata: 0.9911446515470743
  landing: 0.4900407623499632
  view-data: 0.25576530769467354
