times:
  edit-metadata: 1.5033772001042962
  landing: 1.0521860104054213
  view-data: 3.462744521908462
