times:
  edit-metadata: 0.7189135148655623
  landing: 0.04799560783430934
  view-data: 0.19892472517676651
