times:
  edit-metadata: 0.5393300903961062
  landing: 0.04126494191586971
  view-data: 0.20347621571272612
