times:
  landing: 0.5551260380000258
  view-data: 0.5575772539999662
