times:
  edit-metadata: 1.4721096716821194
  landing: 1.066644448786974
  view-data: 3.3327097967267036
