times:
  edit-metadata: 0.7459662939654663
  landing: 0.053100049030035734
  view-data: 0.1934645110159181
