times:
  edit-metadata: 1.6496692765504122
  landing: 0.023553956300020218
  view-data: 0.13637712225317955
