times:
  edit-metadata: 1.8580395691096783
  landing: 1.1681555099785328
  view-data: 3.418573260307312
