times:
  edit-metadata: 1.0510935746133327
  landing: 0.048960309475660324
  view-data: 0.20368478074669838
