times:
  edit-metadata: 0.8390621850267053
  landing: 0.04079160513356328
  view-data: 0.38027166901156306
