times:
  edit-metadata: 0.7150306899566203
  landing: 0.04955553496256471
  view-data: 0.19936281209811568
