times:
  edit-metadata: 0.756452408619225
  landing: 0.04698321269825101
  view-data: 0.19531121337786317
