times:
  edit-metadata: 1.6519030071794987
  landing: 0.8670683763921261
  view-data: 3.347793772816658
