times:
  edit-metadata: 1.0690861698240042
  landing: 0.5827503874897957
  view-data: 0.6274873577058315
