times:
  edit-metadata: 0.5336865046992898
  landing: 0.050455168820917606
  view-data: 0.2186679383739829
