times:
  edit-metadata: 0.7244129534810781
  landing: 0.5928953252732754
  view-data: 0.3246470205485821
