times:
  edit-metadata: 1.4784993287175894
  landing: 0.1380571136251092
  view-data: 0.02608906663954258
