times:
  edit-metadata: 0.5662281243130565
  landing: 0.055898784194141626
  view-data: 0.1995775420218706
