times:
  edit-metadata: 1.5377420876175165
  landing: 0.02333768457174301
  view-data: 0.023465856909751892
