times:
  edit-metadata: 0.7848909070016816
  landing: 0.053952585003571585
  view-data: 0.1939183310023509
