times:
  edit-metadata: 1.4848527247086167
  landing: 0.02169792167842388
  view-data: 0.022720753215253353
