times:
  landing: 0.5754034729999944
  view-data: 0.054695693000013534
