times:
  edit-metadata: 1.014745207503438
  landing: 1.3585293646901846
  view-data: 0.3221400957554579
