times:
  edit-metadata: 1.7761422544717789
  landing: 1.1719963289797306
  view-data: 3.3829588815569878
