times:
  edit-metadata: 3.193551119416952
  landing: 0.31346854474395514
  view-data: 0.5675355745479465
