times:
  edit-metadata: 0.9409970180131495
  landing: 0.041088183876127005
  view-data: 0.2059042933396995
