times:
  edit-metadata: 1.401424627751112
  landing: 0.9904081895947456
  view-data: 3.337873946875334
