times:
  landing: 0.544483931000002
  view-data: 0.5476758499999903
