times:
  edit-metadata: 1.1278847306966782
  landing: 1.861304085701704
  view-data: 0.5579318981617689
