times:
  edit-metadata: 2.0207676608115435
  landing: 1.1345885917544365
  view-data: 3.3628761768341064
