times:
  edit-metadata: 1.2205765470862389
  landing: 0.6646562311798334
  view-data: 0.6685775201767683
