times:
  edit-metadata: 0.5667229371611029
  landing: 0.05052962596528232
  view-data: 0.25801067403517663
