times:
  edit-metadata: 0.6649584340630099
  landing: 0.04363309999462217
  view-data: 0.22151270904578269
