times:
  edit-metadata: 0.9860108370194212
  landing: 0.06765454297419637
  view-data: 0.23138851998373866
