times:
  edit-metadata: 0.9911533929407597
  landing: 0.050606731325387955
  view-data: 0.20569207146763802
