times:
  edit-metadata: 0.7728343950584531
  landing: 0.04702859511598945
  view-data: 0.30894973408430815
