times:
  landing: 1.0769604800000252
  view-data: 0.555145696000011
