times:
  edit-metadata: 1.5596576780080795
  landing: 0.1320267003029585
  view-data: 0.14222518727183342
