times:
  edit-metadata: 1.5346233528107405
  landing: 0.02259688638150692
  view-data: 0.11901710834354162
