times:
  edit-metadata: 0.5494064940139651
  landing: 0.06858949409797788
  view-data: 0.2456493191421032
