times:
  edit-metadata: 1.5326839303597808
  landing: 0.11135516408830881
  view-data: 0.026180281303822994
