times:
  edit-metadata: 0.6911448477767408
  landing: 0.03964407183229923
  view-data: 0.19284913409501314
