times:
  edit-metadata: 1.7331156376749277
  landing: 0.02554223034530878
  view-data: 0.35104686487466097
