times:
  edit-metadata: 0.6458162609487772
  landing: 0.0440232059918344
  view-data: 0.23624332528561354
