times:
  edit-metadata: 1.7888139709830284
  landing: 1.2074313424527645
  view-data: 3.3623708114027977
