times:
  edit-metadata: 1.5109277442097664
  landing: 0.023693077266216278
  view-data: 0.02529881801456213
