times:
  edit-metadata: 1.0177248772233725
  landing: 0.39277750067412853
  view-data: 0.3192610312253237
