times:
  landing: 1.1145575030000145
  view-data: 0.551847175000006
