times:
  edit-metadata: 1.7699123360216618
  landing: 1.140876192599535
  view-data: 3.3761223293840885
