times:
  edit-metadata: 1.5513574071228504
  landing: 0.9092370439320803
  view-data: 3.399443496018648
