times:
  edit-metadata: 1.9600820690393448
  landing: 1.3701942255720496
  view-data: 3.3789790868759155
