times:
  edit-metadata: 0.8042922510067001
  landing: 0.05040262301918119
  view-data: 0.19440665101865306
