times:
  edit-metadata: 1.558535466901958
  landing: 0.20853454247117043
  view-data: 0.3934353394433856
