times:
  edit-metadata: 0.5124453930184245
  landing: 0.0724026532843709
  view-data: 0.4834942230954766
