times:
  landing: 0.5476104810000209
  view-data: 0.5640590799999927
