times:
  edit-metadata: 0.6686898689949885
  landing: 0.05383274200721644
  view-data: 0.23090140201384202
