times:
  edit-metadata: 0.7532910179870669
  landing: 0.0662116100138519
  view-data: 0.34680122599820606
