times:
  edit-metadata: 1.4956545876339078
  landing: 1.0308908894658089
  view-data: 3.394391200505197
