times:
  edit-metadata: 0.5209463640057947
  landing: 0.06867257101112045
  view-data: 0.48550973599776626
