times:
  edit-metadata: 0.8061400530859828
  landing: 0.04982346901670098
  view-data: 0.2015695448499173
