times:
  landing: 0.5596235490000083
  view-data: 0.5554359779999913
