times:
  edit-metadata: 0.9782974626868963
  landing: 1.8554363064467907
  view-data: 0.4695092160254717
