times:
  edit-metadata: 0.5863442488480359
  landing: 0.061249358812347054
  view-data: 0.3834063720423728
