times:
  edit-metadata: 1.5213545756414533
  landing: 0.22429361566901207
  view-data: 0.2558078896254301
