times:
  edit-metadata: 0.5355410063639283
  landing: 0.04761246871203184
  view-data: 0.22166195139288902
