times:
  edit-metadata: 2.549378925934434
  landing: 1.449652192182839
  view-data: 3.6029524011537433
