times:
  edit-metadata: 1.5346130933612585
  landing: 0.0234310170635581
  view-data: 0.02471315860748291
