times:
  edit-metadata: 0.8461422270629555
  landing: 0.0560986278578639
  view-data: 0.20001667202450335
