times:
  edit-metadata: 1.5596338277682662
  landing: 0.02273283526301384
  view-data: 0.39838322438299656
