times:
  edit-metadata: 0.5655458169057965
  landing: 0.04754347400739789
  view-data: 0.199473325163126
