times:
  landing: 0.5522949029999893
  view-data: 0.5557711860000154
