times:
  edit-metadata: 0.5401922427117825
  landing: 0.04634583555161953
  view-data: 0.2072580372914672
