times:
  edit-metadata: 0.5296216001734138
  landing: 0.06900566769763827
  view-data: 0.23259764211252332
