times:
  edit-metadata: 2.0955845545977354
  landing: 0.01959627028554678
  view-data: 0.02346780989319086
