times:
  edit-metadata: 1.4486852921545506
  landing: 0.9708659686148167
  view-data: 3.3907342134043574
