times:
  edit-metadata: 0.5721968193538487
  landing: 0.05724940309301019
  view-data: 0.2185396309942007
