times:
  edit-metadata: 0.5237515028566122
  landing: 0.052369891200214624
  view-data: 0.20567487133666873
