times:
  landing: 0.5555166070000723
  view-data: 0.5612133129999393
