times:
  edit-metadata: 2.2514251170214266
  landing: 0.1332120590377599
  view-data: 0.3457735739648342
