times:
  edit-metadata: 1.5755217475816607
  landing: 0.15179551765322685
  view-data: 0.024898246861994267
