times:
  landing: 0.5404096360000494
  view-data: 0.5431657359999917
