times:
  landing: 1.0804358930000717
  view-data: 0.5608929190000254
