times:
  edit-metadata: 1.5507335271686316
  landing: 0.8365346323698759
  view-data: 3.3664201963692904
