times:
  landing: 0.5542684620000102
  view-data: 0.571425927000007
