times:
  edit-metadata: 0.5437576686963439
  landing: 0.041234856471419334
  view-data: 0.20257422421127558
