times:
  edit-metadata: 0.7342034340836108
  landing: 0.05845796409994364
  view-data: 0.2000026279129088
