times:
  landing: 0.5509189399999741
  view-data: 0.5545062900000062
