times:
  edit-metadata: 0.5542203821241856
  landing: 0.06462699198164046
  view-data: 0.2322769002057612
