times:
  edit-metadata: 1.455703904852271
  landing: 0.1547467466443777
  view-data: 0.3796104323118925
