times:
  edit-metadata: 0.6668858709745109
  landing: 0.046578616136685014
  view-data: 0.30145394592545927
