times:
  edit-metadata: 0.5358499968424439
  landing: 0.053080055862665176
  view-data: 0.4792102281935513
