times:
  edit-metadata: 1.5591276530176401
  landing: 0.8904964700341225
  view-data: 3.468182750046253
