times:
  edit-metadata: 1.591259552165866
  landing: 0.021264467388391495
  view-data: 0.3296255264431238
