times:
  edit-metadata: 0.5809772741049528
  landing: 0.05281665502116084
  view-data: 0.20556039595976472
