times:
  edit-metadata: 0.5789950201287866
  landing: 0.045645801816135645
  view-data: 0.19845459004864097
