times:
  edit-metadata: 0.9917057678103447
  landing: 0.04183275252580643
  view-data: 0.20386714488267899
