times:
  edit-metadata: 1.0054772812873125
  landing: 1.1925574727356434
  view-data: 0.3192661199718714
