times:
  landing: 0.5501637689999939
  view-data: 0.5523951060000059
