times:
  edit-metadata: 1.5910711288452148
  landing: 0.021534284576773643
  view-data: 0.2476464556530118
