times:
  landing: 0.5448307949999958
  view-data: 0.5538021279999725
