times:
  edit-metadata: 0.5585247976705432
  landing: 0.05057025235146284
  view-data: 0.19715192401781678
