times:
  edit-metadata: 1.5281765558756888
  landing: 0.8754121218807995
  view-data: 3.38920460594818
