times:
  landing: 1.07367621100002
  view-data: 0.5574685809999664
