times:
  edit-metadata: 2.039126543328166
  landing: 0.28134115785360336
  view-data: 0.4255402470007539
