times:
  edit-metadata: 1.5606963066384196
  landing: 0.023661118000745773
  view-data: 0.12250096909701824
