times:
  edit-metadata: 1.5628670873120427
  landing: 0.1009869696572423
  view-data: 0.026924471370875835
