times:
  edit-metadata: 0.7297392530599609
  landing: 0.05258801800664514
  view-data: 0.19584343396127224
