times:
  edit-metadata: 1.5461895167827606
  landing: 0.8447968196123838
  view-data: 3.3916885256767273
