times:
  landing: 1.5803876519999562
  view-data: 0.5468183599999747
