times:
  edit-metadata: 1.5838001482188702
  landing: 0.0207336051389575
  view-data: 0.12296992540359497
