times:
  edit-metadata: 1.621711004525423
  landing: 0.9356526471674442
  view-data: 3.420086182653904
