times:
  edit-metadata: 1.1870944537222385
  landing: 0.6249289270490408
  view-data: 0.21595465019345284
