times:
  edit-metadata: 1.5820694901049137
  landing: 1.0242678448557854
  view-data: 3.3124085143208504
