times:
  edit-metadata: 1.0602612793445587
  landing: 0.04519703611731529
  view-data: 0.20191730558872223
