times:
  edit-metadata: 0.5564498950261623
  landing: 0.04752291506156325
  view-data: 0.2376804940868169
