times:
  edit-metadata: 1.5941863236948848
  landing: 0.022386722266674042
  view-data: 0.026083480566740036
