times:
  edit-metadata: 1.5967675149440765
  landing: 0.9273149855434895
  view-data: 3.482562255114317
