times:
  edit-metadata: 0.9767554849386215
  landing: 0.04964834824204445
  view-data: 0.2104322463274002
