times:
  edit-metadata: 0.9725495651364326
  landing: 0.053497314453125
  view-data: 0.20597036555409431
