times:
  edit-metadata: 1.5423838309943676
  landing: 0.841067261993885
  view-data: 3.393924754112959
