times:
  edit-metadata: 0.5387046257965267
  landing: 0.048124304972589016
  view-data: 0.19656453467905521
