times:
  landing: 1.067290459999981
  view-data: 0.556898222999962
