times:
  edit-metadata: 1.590686371549964
  landing: 0.834752457216382
  view-data: 3.4335386641323566
