times:
  edit-metadata: 0.6940238829702139
  landing: 0.6389876250177622
  view-data: 0.24818756990134716
