times:
  edit-metadata: 1.784000730025582
  landing: 1.0488602669211105
  view-data: 3.401728466968052
