times:
  landing: 0.5517031279999856
  view-data: 0.5581548610000482
