times:
  landing: 0.5609759630000326
  view-data: 0.5642816229999994
