times:
  edit-metadata: 1.5428222548216581
  landing: 0.8299922607839108
  view-data: 3.3738085441291332
