times:
  edit-metadata: 1.497390953823924
  landing: 0.8562790099531412
  view-data: 3.390488848090172
