times:
  edit-metadata: 0.9865269269794226
  landing: 1.6113423090428114
  view-data: 0.6234896909445524
