times:
  edit-metadata: 1.540049409493804
  landing: 0.02004656381905079
  view-data: 0.024044383317232132
