times:
  edit-metadata: 0.5300494179828092
  landing: 0.06788105890154839
  view-data: 0.2319804159924388
