times:
  landing: 0.5518516449999424
  view-data: 0.55375084100001
