times:
  landing: 1.0678483070000198
  view-data: 0.556558826000014
