times:
  edit-metadata: 1.7514741634950042
  landing: 0.023463916964828968
  view-data: 0.02275742683559656
