times:
  landing: 0.5577681369999823
  view-data: 0.5643920780000258
