times:
  edit-metadata: 1.4440198000520468
  landing: 0.9188901083543897
  view-data: 3.360448257997632
