times:
  edit-metadata: 0.7580312322825193
  landing: 0.5987318363040686
  view-data: 0.6239854991436005
