times:
  landing: 1.1509727679999742
  view-data: 0.5773036219999881
