times:
  edit-metadata: 1.5514531955122948
  landing: 0.9269768707454205
  view-data: 3.4186789952218533
