times:
  edit-metadata: 1.4857181422412395
  landing: 0.1382920676842332
  view-data: 0.027424011379480362
