times:
  edit-metadata: 1.0172147266566753
  landing: 1.7490442600101233
  view-data: 0.29720637015998363
