times:
  edit-metadata: 1.5262493938207626
  landing: 0.8099670670926571
  view-data: 3.403551083058119
