times:
  edit-metadata: 1.15507778711617
  landing: 0.5734058972448111
  view-data: 0.6088513731956482
