times:
  edit-metadata: 1.4751221667975187
  landing: 0.019845185801386833
  view-data: 0.02767599280923605
