times:
  edit-metadata: 2.90021120198071
  landing: 1.4848739672452211
  view-data: 3.4327295999974012
