times:
  edit-metadata: 0.6572536770254374
  landing: 0.5337223242968321
  view-data: 0.2181969080120325
