times:
  edit-metadata: 0.5449667433276772
  landing: 0.053669263143092394
  view-data: 0.20797420805320144
