times:
  edit-metadata: 0.6509648140054196
  landing: 0.0474052099743858
  view-data: 0.2388334779534489
