times:
  edit-metadata: 0.5750571107491851
  landing: 0.04653953295201063
  view-data: 0.2171485461294651
