times:
  edit-metadata: 0.5437692198902369
  landing: 0.04487526789307594
  view-data: 0.19588467432186007
