times:
  edit-metadata: 0.6637841309998294
  landing: 0.05446909100010089
  view-data: 0.22600821999958498
