times:
  edit-metadata: 1.401252768933773
  landing: 0.8972352743148804
  view-data: 3.3310337252914906
