times:
  edit-metadata: 0.6031979597173631
  landing: 0.06709025707095861
  view-data: 0.2717873128131032
