times:
  edit-metadata: 1.4950139177963138
  landing: 0.019772189669311047
  view-data: 0.024605953134596348
