times:
  edit-metadata: 0.5317932069301605
  landing: 0.051317816600203514
  view-data: 0.21527757868170738
