times:
  edit-metadata: 0.7240243359701708
  landing: 0.04298709996510297
  view-data: 0.20169419096782804
