times:
  edit-metadata: 0.7685093299951404
  landing: 0.06181558105163276
  view-data: 0.20521392999216914
