times:
  edit-metadata: 1.4766400642693043
  landing: 0.9855784475803375
  view-data: 3.3052280992269516
