times:
  landing: 0.5576963299999989
  view-data: 0.5598747270000217
