times:
  landing: 0.5624114880000093
  view-data: 0.5553036999999961
