times:
  edit-metadata: 1.009295104071498
  landing: 0.8465022649616003
  view-data: 0.33399372175335884
