times:
  edit-metadata: 0.6801572209224105
  landing: 0.06893621291965246
  view-data: 0.3050689941737801
