times:
  edit-metadata: 1.0112166907638311
  landing: 0.8088730182498693
  view-data: 0.5655656922608614
