times:
  edit-metadata: 1.4695433960296214
  landing: 0.8800983901601285
  view-data: 3.3847830980084836
