times:
  edit-metadata: 0.7513429000100587
  landing: 0.0480231539986562
  view-data: 0.19872128497809172
