times:
  edit-metadata: 1.5751479975879192
  landing: 0.9940926097333431
  view-data: 3.4336811304092407
