times:
  edit-metadata: 1.5635572783648968
  landing: 0.8261367566883564
  view-data: 3.416291370987892
