times:
  edit-metadata: 1.3647858463227749
  landing: 0.9165938161313534
  view-data: 3.3434469662606716
