times:
  edit-metadata: 1.6823600642383099
  landing: 1.2768171206116676
  view-data: 3.319679234176874
