times:
  landing: 0.5559060070000044
  view-data: 0.5594200710000052
