times:
  edit-metadata: 1.056742887943983
  landing: 1.1254636701196432
  view-data: 0.6598278321325779
