times:
  landing: 1.1022276779999913
  view-data: 0.5453351909999924
