times:
  edit-metadata: 0.9996884595602751
  landing: 0.6897362414747477
  view-data: 0.3157512843608856
