times:
  landing: 0.5540626389999943
  view-data: 0.5616300659999922
