times:
  landing: 1.091585441999996
  view-data: 0.5556118849999905
