times:
  edit-metadata: 1.5572625072672963
  landing: 0.1150567065924406
  view-data: 0.472492340952158
