times:
  edit-metadata: 1.4439201261848211
  landing: 0.24187135510146618
  view-data: 0.35822346061468124
