times:
  edit-metadata: 1.7003139350563288
  landing: 0.021211419254541397
  view-data: 0.027013743296265602
