times:
  edit-metadata: 0.7086966237984598
  landing: 0.047897223848849535
  view-data: 0.1968070501461625
