times:
  edit-metadata: 1.1195730045437813
  landing: 0.5709210317581892
  view-data: 0.24554618261754513
