times:
  edit-metadata: 0.9543222710490227
  landing: 0.04101290553808212
  view-data: 0.21131810545921326
