times:
  edit-metadata: 1.457923454232514
  landing: 0.10739339888095856
  view-data: 0.3895104145631194
