times:
  edit-metadata: 0.6965442190412432
  landing: 0.04409829998621717
  view-data: 0.20137865602737293
