times:
  edit-metadata: 1.0113335885107517
  landing: 0.7787026595324278
  view-data: 0.22766133211553097
