times:
  edit-metadata: 0.5272034239023924
  landing: 0.042384601198136806
  view-data: 0.19479857571423054
