times:
  edit-metadata: 2.028474224731326
  landing: 1.204243783839047
  view-data: 3.331165971234441
