times:
  edit-metadata: 1.7965301871299744
  landing: 1.0521205309778452
  view-data: 3.311274439096451
