times:
  edit-metadata: 0.5550112868659198
  landing: 0.04022436589002609
  view-data: 0.193999448325485
