times:
  edit-metadata: 0.9722612909972668
  landing: 0.9851912874728441
  view-data: 0.4493104387074709
