times:
  landing: 0.5567617820000237
  view-data: 0.5574810370000023
