times:
  edit-metadata: 1.524793615564704
  landing: 0.9156427718698978
  view-data: 3.401982355862856
