times:
  edit-metadata: 1.5949672479182482
  landing: 1.2250563334673643
  view-data: 3.426837569102645
