times:
  edit-metadata: 1.4780466370284557
  landing: 0.8093234226107597
  view-data: 3.3475877791643143
