times:
  edit-metadata: 1.4593717195093632
  landing: 0.9896417111158371
  view-data: 3.3820536509156227
