times:
  landing: 1.068286640999986
  view-data: 0.5501451180000458
