times:
  edit-metadata: 1.6552930111065507
  landing: 0.020815202966332436
  view-data: 0.027373610995709896
