times:
  edit-metadata: 1.5410342141985893
  landing: 0.9576952569186687
  view-data: 3.79331486672163
