times:
  edit-metadata: 1.601156996563077
  landing: 0.022879067808389664
  view-data: 0.13727867975831032
