times:
  edit-metadata: 0.9671540297567844
  landing: 0.04759249836206436
  view-data: 0.20170224830508232
