times:
  edit-metadata: 1.5330081679858267
  landing: 1.0322459172457457
  view-data: 3.3396618687547743
