times:
  edit-metadata: 0.6986694789957255
  landing: 0.0453368800226599
  view-data: 0.21294373704586178
