times:
  edit-metadata: 0.5764673920348287
  landing: 0.05227302899584174
  view-data: 0.1993416310288012
