times:
  edit-metadata: 1.5366515452042222
  landing: 0.01920647080987692
  view-data: 0.11977158486843109
