times:
  landing: 0.5476067719999946
  view-data: 0.5493560829999922
