times:
  edit-metadata: 0.9272140078246593
  landing: 0.612109960988164
  view-data: 0.2042043600231409
