times:
  edit-metadata: 1.9290580968372524
  landing: 0.09319675690494478
  view-data: 0.2779875840060413
