times:
  edit-metadata: 1.5696324929594994
  landing: 0.9033216242678463
  view-data: 3.238085253164172
