times:
  edit-metadata: 1.5265158507972956
  landing: 0.8615912813693285
  view-data: 3.3648525048047304
