times:
  edit-metadata: 1.0384422577917576
  landing: 0.044262226670980453
  view-data: 0.2117140106856823
