times:
  edit-metadata: 1.4499291963875294
  landing: 0.8758417218923569
  view-data: 3.3318304046988487
