times:
  edit-metadata: 1.6880976539105177
  landing: 0.024722715839743614
  view-data: 0.1346633844077587
