times:
  edit-metadata: 0.5240624049911276
  landing: 0.06878551992122084
  view-data: 0.23645561595913023
