times:
  edit-metadata: 0.816294951364398
  landing: 1.8553279116749763
  view-data: 0.5502045806497335
