times:
  edit-metadata: 1.5590551411733031
  landing: 0.023729568347334862
  view-data: 0.027809402905404568
