times:
  landing: 0.5489363949999415
  view-data: 0.5639469979998921
