times:
  edit-metadata: 1.0109699480235577
  landing: 0.04916507378220558
  view-data: 0.20393092930316925
