times:
  edit-metadata: 1.1612513344734907
  landing: 0.5034402124583721
  view-data: 0.21856747940182686
