times:
  edit-metadata: 1.6554064862430096
  landing: 1.0687426552176476
  view-data: 3.307204093784094
