times:
  edit-metadata: 1.0991096759680659
  landing: 0.06565407209564
  view-data: 0.29093196301255375
