times:
  edit-metadata: 1.4880177909508348
  landing: 0.8674182421527803
  view-data: 3.335235683945939
