times:
  edit-metadata: 1.6806813506409526
  landing: 1.0431751478463411
  view-data: 3.3294662972912192
