times:
  edit-metadata: 1.6079084072262049
  landing: 0.020468054339289665
  view-data: 0.14262299239635468
