times:
  landing: 0.5563124360000984
  view-data: 0.5516732050000428
