times:
  landing: 0.5556349269999714
  view-data: 0.5624945680000337
