times:
  landing: 1.0710216800000012
  view-data: 0.5566256920000114
