times:
  edit-metadata: 1.6762174293398857
  landing: 1.1437100805342197
  view-data: 3.394301723688841
