times:
  edit-metadata: 1.4653905592858791
  landing: 1.0456644520163536
  view-data: 3.2976843509823084
