times:
  edit-metadata: 1.5196760836988688
  landing: 0.19620336778461933
  view-data: 0.4280827157199383
