times:
  landing: 0.5524861409999744
  view-data: 0.5742344129999992
