times:
  edit-metadata: 1.5080651538446546
  landing: 0.018618347123265266
  view-data: 0.024677300825715065
