times:
  edit-metadata: 1.5605430211871862
  landing: 0.01993400789797306
  view-data: 0.12112172693014145
