times:
  edit-metadata: 1.6060485243797302
  landing: 0.024129429832100868
  view-data: 0.025689249858260155
