times:
  edit-metadata: 0.5528688789345324
  landing: 0.04079585196450353
  view-data: 0.19370595598593354
