times:
  edit-metadata: 1.6326017044484615
  landing: 0.020109456032514572
  view-data: 0.02753894217312336
