times:
  edit-metadata: 1.5317879226058722
  landing: 0.7813277635723352
  view-data: 3.377527005970478
