times:
  edit-metadata: 0.5422347821295261
  landing: 0.04537410568445921
  view-data: 0.19609743170440197
