times:
  landing: 1.0711272830000098
  view-data: 0.5505728040000122
