times:
  edit-metadata: 1.5170914139598608
  landing: 0.1968180499970913
  view-data: 0.3673921078443527
