times:
  edit-metadata: 0.6959830359555781
  landing: 0.0418740613386035
  view-data: 0.19823165191337466
