times:
  edit-metadata: 0.9402619674801826
  landing: 0.045218147337436676
  view-data: 0.20517774671316147
