times:
  landing: 0.5473682119999808
  view-data: 0.5545728010000062
