times:
  edit-metadata: 1.5564614469185472
  landing: 0.01963005680590868
  view-data: 0.12095991149544716
