times:
  edit-metadata: 1.413710542023182
  landing: 0.9746091663837433
  view-data: 3.3889099806547165
