times:
  landing: 0.5492500130000053
  view-data: 0.564064290999994
