times:
  edit-metadata: 1.5105605525895953
  landing: 0.02045022789388895
  view-data: 0.13494179211556911
