times:
  edit-metadata: 1.5375199858099222
  landing: 0.8602653052657843
  view-data: 3.4227079395204782
