times:
  edit-metadata: 0.6957426980079617
  landing: 0.06634910899447277
  view-data: 0.3507888460007962
