times:
  landing: 0.555263932999992
  view-data: 0.05152443599999401
