times:
  landing: 1.0863343679999957
  view-data: 0.5590229289999797
