times:
  edit-metadata: 1.6500707855448127
  landing: 0.866639400832355
  view-data: 3.37338553275913
