times:
  edit-metadata: 1.758851958438754
  landing: 0.17019807174801826
  view-data: 0.4326773937791586
