times:
  edit-metadata: 2.4314895709976554
  landing: 0.8292871518060565
  view-data: 3.412742704153061
