times:
  edit-metadata: 0.7908516379538924
  landing: 0.06315323011949658
  view-data: 0.21126837702468038
