times:
  edit-metadata: 1.6149093490093946
  landing: 0.023229382932186127
  view-data: 0.10036464221775532
