times:
  edit-metadata: 1.00240807980299
  landing: 0.040051013231277466
  view-data: 0.2035323716700077
