times:
  edit-metadata: 0.5415033310418949
  landing: 0.07043272303417325
  view-data: 0.2744314189767465
