times:
  landing: 0.5644161220000115
  view-data: 0.06501493299998629
