times:
  edit-metadata: 0.7592636439949274
  landing: 0.04262703284621239
  view-data: 0.19896316714584827
