times:
  landing: 1.0722776080000358
  view-data: 0.5596768279999651
