times:
  edit-metadata: 1.5686328411102295
  landing: 1.00039679184556
  view-data: 3.398664865642786
