times:
  edit-metadata: 0.7704799849889241
  landing: 0.042056816004333086
  view-data: 0.2052432950004004
