times:
  landing: 0.5502451780000115
  view-data: 0.5578613830000165
