times:
  edit-metadata: 0.5350839770399034
  landing: 0.04998330306261778
  view-data: 0.19494030298665166
