times:
  edit-metadata: 0.5426361160352826
  landing: 0.04372208984568715
  view-data: 0.232655038125813
