times:
  edit-metadata: 0.7934722159989178
  landing: 0.05014988093171269
  view-data: 0.2075321819866076
