times:
  landing: 1.0690490869999962
  view-data: 0.5604954030000044
