times:
  edit-metadata: 0.7895351881161332
  landing: 0.06202504178509116
  view-data: 0.23337537189945579
