times:
  edit-metadata: 0.7560486709699035
  landing: 0.04855682794004679
  view-data: 0.18653815588913858
