times:
  edit-metadata: 1.554959513247013
  landing: 0.02073702495545149
  view-data: 0.1338381115347147
