times:
  edit-metadata: 0.7882795850746334
  landing: 0.08300371700897813
  view-data: 0.2490337328054011
