times:
  edit-metadata: 1.0641050413250923
  landing: 0.577877352014184
  view-data: 0.6192939765751362
