times:
  edit-metadata: 2.046896554529667
  landing: 0.14567138999700546
  view-data: 0.17030999436974525
