times:
  edit-metadata: 1.1152904741466045
  landing: 0.8145422246307135
  view-data: 0.5588324796408415
