times:
  edit-metadata: 0.5109403801616281
  landing: 0.05806395900435746
  view-data: 0.24707931303419173
