times:
  edit-metadata: 0.5502986186183989
  landing: 0.046760322991758585
  view-data: 0.21136878104880452
