times:
  edit-metadata: 1.5057856906205416
  landing: 1.001915492117405
  view-data: 3.347826473414898
