times:
  edit-metadata: 1.5400188183411956
  landing: 0.019864387810230255
  view-data: 0.12354850675910711
