times:
  edit-metadata: 0.5512887961231172
  landing: 0.04425841709598899
  view-data: 0.19768830388784409
