times:
  edit-metadata: 1.8819678016006947
  landing: 0.20520687289536
  view-data: 0.16325120255351067
