times:
  edit-metadata: 0.9896372184157372
  landing: 1.6287036798894405
  view-data: 0.6182390097528696
