times:
  edit-metadata: 1.8600577469915152
  landing: 0.3109259381890297
  view-data: 0.3994121477007866
