times:
  edit-metadata: 1.5392981329932809
  landing: 0.021172473207116127
  view-data: 0.40559837501496077
