times:
  edit-metadata: 0.5168752861209214
  landing: 0.06245066411793232
  view-data: 0.26022124593146145
