times:
  edit-metadata: 2.0776888113468885
  landing: 1.4901917278766632
  view-data: 3.472690114751458
