times:
  edit-metadata: 1.5001171976327896
  landing: 0.9502503499388695
  view-data: 3.2959136702120304
