times:
  edit-metadata: 1.657989477738738
  landing: 0.2403442319482565
  view-data: 0.18515242263674736
