times:
  landing: 1.084481009000001
  view-data: 0.5640403340000262
