times:
  edit-metadata: 1.5944242775440216
  landing: 0.22070210799574852
  view-data: 0.3178774267435074
