times:
  edit-metadata: 1.6146704936400056
  landing: 0.018620568327605724
  view-data: 0.3899031626060605
