times:
  edit-metadata: 1.0096095222979784
  landing: 1.0943496320396662
  view-data: 0.6084761284291744
