times:
  edit-metadata: 1.5553825460374355
  landing: 0.02288187202066183
  view-data: 0.025248409248888493
