times:
  edit-metadata: 1.5228982344269753
  landing: 0.13869497179985046
  view-data: 0.02796916663646698
