times:
  edit-metadata: 0.5568500929512084
  landing: 0.05085047194734216
  view-data: 0.26144902501255274
