times:
  edit-metadata: 0.5562102820258588
  landing: 0.05422110692597926
  view-data: 0.22067563910968602
