times:
  edit-metadata: 1.574021216481924
  landing: 0.20124628767371178
  view-data: 0.4142358209937811
