times:
  landing: 0.5523635749999869
  view-data: 0.5600040220000153
