times:
  landing: 0.5635617690000174
  view-data: 0.5651531139999975
