times:
  landing: 0.5584777530000054
  view-data: 0.5665384630000005
