times:
  edit-metadata: 1.5183559404686093
  landing: 0.01984697673469782
  view-data: 0.025897753424942493
