times:
  landing: 1.0810789330000148
  view-data: 0.5567510619999894
