times:
  edit-metadata: 0.7440317859873176
  landing: 0.05897965584881604
  view-data: 0.22209402290172875
