times:
  edit-metadata: 1.4483121298253536
  landing: 0.8496937416493893
  view-data: 3.3001647107303143
