times:
  edit-metadata: 0.5490004341118038
  landing: 0.07376674702391028
  view-data: 0.23455476388335228
