times:
  edit-metadata: 1.362257543951273
  landing: 0.9458980783820152
  view-data: 3.329852182418108
