times:
  edit-metadata: 1.4064143355935812
  landing: 0.20876825507730246
  view-data: 0.02633726503700018
