times:
  edit-metadata: 0.7236176090082154
  landing: 0.04524270398542285
  view-data: 0.2027461479883641
