times:
  edit-metadata: 0.970410343259573
  landing: 0.6372781470417976
  view-data: 0.341710327193141
