times:
  edit-metadata: 0.5872211079113185
  landing: 0.0516449511051178
  view-data: 0.22142427181825042
