times:
  edit-metadata: 0.9810954481363297
  landing: 1.3670415356755257
  view-data: 0.3277980461716652
