times:
  edit-metadata: 1.5144342156127095
  landing: 0.020292220637202263
  view-data: 0.41596836037933826
