times:
  landing: 0.5535846809999896
  view-data: 0.5580036110000037
