times:
  edit-metadata: 1.977405671030283
  landing: 0.31382936239242554
  view-data: 0.33532520942389965
