times:
  edit-metadata: 1.565935105085373
  landing: 0.021561896428465843
  view-data: 0.10014588572084904
