times:
  edit-metadata: 1.5287185534834862
  landing: 0.141274468973279
  view-data: 0.025976428762078285
