times:
  edit-metadata: 1.6061623468995094
  landing: 0.979775458574295
  view-data: 3.4119274988770485
