times:
  edit-metadata: 1.490944016724825
  landing: 0.8967489339411259
  view-data: 3.3361571319401264
