times:
  edit-metadata: 0.8669240325689316
  landing: 1.1032598111778498
  view-data: 0.6255109999328852
