times:
  edit-metadata: 0.8149512689560652
  landing: 0.6207107398658991
  view-data: 0.19942971505224705
