times:
  edit-metadata: 1.5381543948315084
  landing: 0.8143617929890752
  view-data: 3.320290088187903
