times:
  edit-metadata: 1.48935435898602
  landing: 0.883207879960537
  view-data: 3.38259449088946
