times:
  edit-metadata: 0.7056907319929451
  landing: 0.0454928451217711
  view-data: 0.22830822598189116
