times:
  edit-metadata: 0.5057234633713961
  landing: 0.04446155484765768
  view-data: 0.21242978982627392
