times:
  edit-metadata: 1.670023444108665
  landing: 0.9213545338716358
  view-data: 3.3849735979456455
