times:
  edit-metadata: 0.5866888831369579
  landing: 0.04982352303341031
  view-data: 0.2405820800922811
