times:
  edit-metadata: 1.4762935396283865
  landing: 0.02125393133610487
  view-data: 0.47967005614191294
