times:
  edit-metadata: 1.628091286867857
  landing: 0.783436356112361
  view-data: 3.363137036561966
