times:
  edit-metadata: 1.474795401096344
  landing: 0.9642694313079119
  view-data: 3.2648280560970306
