times:
  edit-metadata: 1.580128014087677
  landing: 1.1161158569157124
  view-data: 3.298733837902546
