times:
  edit-metadata: 0.5970157198607922
  landing: 0.936924397945404
  view-data: 0.45856477692723274
