times:
  edit-metadata: 1.1074894815683365
  landing: 1.4066471345722675
  view-data: 0.4419220760464668
