times:
  landing: 1.1407220339999924
  view-data: 0.5601798570000085
