times:
  edit-metadata: 1.5930057559162378
  landing: 0.024573663249611855
  view-data: 0.025309765711426735
