times:
  edit-metadata: 1.7576211877167225
  landing: 0.1436996180564165
  view-data: 0.028082290664315224
