times:
  edit-metadata: 0.7737939208745956
  landing: 0.09372667409479618
  view-data: 0.3830347559414804
