times:
  edit-metadata: 1.3593671415001154
  landing: 0.8963570967316628
  view-data: 3.3181266244500875
