times:
  edit-metadata: 1.8224962493404746
  landing: 1.0168155245482922
  view-data: 3.4027444375678897
