times:
  edit-metadata: 0.5465411227196455
  landing: 0.042094828095287085
  view-data: 0.20353187900036573
