times:
  edit-metadata: 0.5186611219542101
  landing: 0.07053819700377062
  view-data: 0.24285613902611658
