times:
  edit-metadata: 1.969985800795257
  landing: 1.4911908209323883
  view-data: 3.3898122971877456
