times:
  edit-metadata: 0.6577270948328078
  landing: 0.07018897216767073
  view-data: 0.249123424757272
