times:
  edit-metadata: 1.5111117968335748
  landing: 0.02101934887468815
  view-data: 0.11837768740952015
