times:
  landing: 0.5584125709999626
  view-data: 0.5530853190000471
