times:
  edit-metadata: 0.9707374460995197
  landing: 0.8153131920844316
  view-data: 0.33968373760581017
