times:
  edit-metadata: 1.7332012839615345
  landing: 1.10727758705616
  view-data: 3.462818883359432
