times:
  edit-metadata: 0.5187724458519369
  landing: 0.06811930797994137
  view-data: 0.24143397016450763
