times:
  edit-metadata: 3.7979474924504757
  landing: 2.2794226594269276
  view-data: 4.83006495423615
