times:
  edit-metadata: 1.6915887389332056
  landing: 0.8311738166958094
  view-data: 3.3246907722204924
