times:
  edit-metadata: 1.4737870497629046
  landing: 0.8442461891099811
  view-data: 3.4261246118694544
