times:
  edit-metadata: 1.071210939437151
  landing: 1.2610605955123901
  view-data: 0.21642879769206047
