times:
  edit-metadata: 0.9577511064708233
  landing: 0.03898826614022255
  view-data: 0.2033529281616211
