times:
  landing: 0.5582699170000751
  view-data: 0.5600869720000219
