times:
  edit-metadata: 0.6397021659649909
  landing: 0.05106283212080598
  view-data: 0.2715141512453556
