times:
  edit-metadata: 0.550538073759526
  landing: 0.04452563310042024
  view-data: 0.20918608363717794
