times:
  edit-metadata: 0.7734682710142806
  landing: 0.04688716505188495
  view-data: 0.20686836598906666
