times:
  edit-metadata: 1.7416055309586227
  landing: 1.2038826397620142
  view-data: 3.4564066659659147
