times:
  edit-metadata: 0.7497508549131453
  landing: 0.04836367105599493
  view-data: 0.2037546510109678
