times:
  edit-metadata: 1.4606614978983998
  landing: 0.8642777339555323
  view-data: 3.3539200089871883
