times:
  edit-metadata: 0.68601233093068
  landing: 0.044120330829173326
  view-data: 0.20123493811115623
