times:
  edit-metadata: 0.975579597055912
  landing: 0.5994139742106199
  view-data: 0.22636412642896175
