times:
  edit-metadata: 1.5423999689519405
  landing: 0.022404763847589493
  view-data: 0.028523053973913193
