times:
  edit-metadata: 0.6866717147640884
  landing: 0.05639508878812194
  view-data: 0.19980417704209685
