times:
  edit-metadata: 2.1681427136063576
  landing: 0.02118980884552002
  view-data: 0.44803332164883614
