times:
  landing: 0.5493212840000297
  view-data: 0.5584912650000433
