times:
  edit-metadata: 1.0682724304497242
  landing: 1.7191051933914423
  view-data: 0.4513810835778713
