times:
  edit-metadata: 1.541302276775241
  landing: 0.8721093013882637
  view-data: 3.4035976715385914
