times:
  edit-metadata: 1.5618873685598373
  landing: 0.0201528063043952
  view-data: 0.22675066627562046
