times:
  edit-metadata: 0.9994679167866707
  landing: 0.807656817138195
  view-data: 0.22548480704426765
