times:
  edit-metadata: 1.5188090773299336
  landing: 0.01999510172754526
  view-data: 0.025172604247927666
