times:
  edit-metadata: 0.5729235871694982
  landing: 0.044037166982889175
  view-data: 0.2103656637482345
