times:
  landing: 1.08028340300001
  view-data: 0.5585661520000258
