times:
  edit-metadata: 1.4964567525312304
  landing: 0.020294328220188618
  view-data: 0.4185488987714052
