times:
  edit-metadata: 1.5734297763556242
  landing: 0.810669781640172
  view-data: 3.3647463228553534
