times:
  edit-metadata: 0.5493338759988546
  landing: 0.05025197612121701
  view-data: 0.2630624920129776
