times:
  edit-metadata: 1.6365309953689575
  landing: 0.11647029593586922
  view-data: 0.1449768841266632
