times:
  edit-metadata: 1.4804158993065357
  landing: 0.9648097269237041
  view-data: 3.390288144350052
