times:
  landing: 1.0763895169999955
  view-data: 0.5607659859999785
