times:
  edit-metadata: 0.9818076491355896
  landing: 1.1832792535424232
  view-data: 0.7190553210675716
