times:
  edit-metadata: 1.6965336222201586
  landing: 0.12723463401198387
  view-data: 0.025852642953395844
