times:
  edit-metadata: 0.9736915938556194
  landing: 0.058280009776353836
  view-data: 0.19964411109685898
