times:
  edit-metadata: 1.5074062906205654
  landing: 0.8175797313451767
  view-data: 3.3998112808912992
