times:
  edit-metadata: 1.5356700234115124
  landing: 0.9187645157799125
  view-data: 3.327732330188155
