times:
  edit-metadata: 0.5792960489634424
  landing: 0.050762953935191035
  view-data: 0.2179948401171714
