times:
  landing: 0.5400506549999591
  view-data: 0.5438188229999241
