times:
  landing: 0.5557747870000185
  view-data: 0.5556530850000172
