times:
  landing: 1.0967648929999996
  view-data: 0.5640540470000133
