times:
  edit-metadata: 1.6674130838364363
  landing: 0.1092685991898179
  view-data: 0.11695029027760029
