times:
  edit-metadata: 0.7829755879938602
  landing: 0.05070950509980321
  view-data: 0.23710206989198923
