times:
  edit-metadata: 0.73342020297423
  landing: 0.04346666298806667
  view-data: 0.198162741959095
