times:
  edit-metadata: 1.9630946181714535
  landing: 0.2814076151698828
  view-data: 0.40612821094691753
