times:
  edit-metadata: 1.05691534653306
  landing: 0.054266009479761124
  view-data: 0.20288823172450066
