times:
  edit-metadata: 0.7987429378554225
  landing: 0.04678629199042916
  view-data: 0.2599731720983982
