times:
  edit-metadata: 1.4764675870537758
  landing: 0.9460051897913218
  view-data: 3.4079721067100763
