times:
  edit-metadata: 0.6051756870001554
  landing: 0.05789707275107503
  view-data: 0.23811966413632035
