times:
  landing: 0.540385504000028
  view-data: 0.5423215859999573
