times:
  edit-metadata: 1.5353781469166279
  landing: 0.9505461119115353
  view-data: 3.397150095552206
