times:
  edit-metadata: 0.6530451718717813
  landing: 0.04693048493936658
  view-data: 0.40348742716014385
