times:
  landing: 0.5507948759999977
  view-data: 0.5556085619999749
