times:
  edit-metadata: 1.75715483201202
  landing: 0.9383312459103763
  view-data: 3.2969191970769316
