times:
  edit-metadata: 0.5892026778310537
  landing: 0.039549809880554676
  view-data: 0.20722648687660694
