times:
  edit-metadata: 1.5199853908270597
  landing: 0.805856965482235
  view-data: 3.4507580120116472
