times:
  edit-metadata: 0.6527151870541275
  landing: 0.04956471698824316
  view-data: 0.23575289902510121
