times:
  edit-metadata: 0.9735178127884865
  landing: 0.04653386399149895
  view-data: 0.20560752600431442
