times:
  landing: 1.1173602149999624
  view-data: 0.5932499390000316
