times:
  edit-metadata: 0.7042549160541967
  landing: 0.05051479092799127
  view-data: 0.2050791640067473
