times:
  edit-metadata: 1.952411230886355
  landing: 1.3228877868968993
  view-data: 3.3892088390421122
