times:
  edit-metadata: 0.6158939339220524
  landing: 0.5951969064772129
  view-data: 0.20033917017281055
