times:
  edit-metadata: 1.4952733349055052
  landing: 0.8029744252562523
  view-data: 3.2944258134812117
