times:
  landing: 1.0638408849999905
  view-data: 0.5471732410001096
