times:
  edit-metadata: 1.5584387555718422
  landing: 0.02344792988151312
  view-data: 0.40676247235387564
