times:
  edit-metadata: 1.5486009772866964
  landing: 0.8911283165216446
  view-data: 3.4378405958414078
