times:
  edit-metadata: 1.467382712289691
  landing: 0.20177917182445526
  view-data: 0.022590812295675278
