times:
  landing: 0.5521356739999419
  view-data: 0.5534165809999649
