times:
  edit-metadata: 1.5564767569303513
  landing: 1.0797340273857117
  view-data: 3.385646414011717
