times:
  edit-metadata: 0.5129583519883454
  landing: 0.05326874181628227
  view-data: 0.20781921409070492
