times:
  edit-metadata: 0.7197416280396283
  landing: 0.051348513923585415
  view-data: 0.23929003300145268
