times:
  landing: 1.6063421070575714
  view-data: 1.105192206799984
