times:
  edit-metadata: 1.648315591737628
  landing: 0.02762514352798462
  view-data: 0.02509651705622673
