times:
  edit-metadata: 1.8597072400152683
  landing: 1.078067697584629
  view-data: 3.357489235699177
