times:
  landing: 1.082298220000041
  view-data: 0.5629813420000005
