times:
  edit-metadata: 1.484534863382578
  landing: 0.9920493699610233
  view-data: 3.350549791008234
