times:
  edit-metadata: 3.613593637943268
  landing: 0.9955623745918274
  view-data: 3.3794817700982094
