times:
  edit-metadata: 1.122530059888959
  landing: 0.05127242021262646
  view-data: 0.21308991126716137
