times:
  landing: 1.083391909999989
  view-data: 0.5545913400000018
