times:
  edit-metadata: 0.725355088012293
  landing: 0.04524594498798251
  view-data: 0.19880833802744746
