times:
  edit-metadata: 0.5496962065808475
  landing: 0.04307531984522939
  view-data: 0.20511118089780211
