times:
  edit-metadata: 0.725069829961285
  landing: 0.055439661955460906
  view-data: 0.209100347943604
