times:
  edit-metadata: 1.6145791755989194
  landing: 0.019495620392262936
  view-data: 0.02561842743307352
