times:
  edit-metadata: 1.5608718134462833
  landing: 0.01785421185195446
  view-data: 0.023761147633194923
