times:
  edit-metadata: 1.6879018004983664
  landing: 0.12773544527590275
  view-data: 0.12245611846446991
