times:
  edit-metadata: 1.5219097845256329
  landing: 0.907897500321269
  view-data: 3.2941734613850713
