times:
  edit-metadata: 1.5459702964872122
  landing: 1.004963212646544
  view-data: 3.356200758367777
