times:
  edit-metadata: 0.7346884219441563
  landing: 0.04458811390213668
  view-data: 0.19323707115836442
