times:
  edit-metadata: 0.7314735448453575
  landing: 0.06938908505253494
  view-data: 0.19621809595264494
