times:
  landing: 0.555126692999977
  view-data: 0.5512081759999887
