times:
  edit-metadata: 1.5623373575508595
  landing: 0.8883765302598476
  view-data: 3.3389590084552765
