times:
  landing: 0.6019440020000388
  view-data: 0.5574451530000033
