times:
  edit-metadata: 1.587580507621169
  landing: 0.19063634052872658
  view-data: 0.024846099317073822
