times:
  edit-metadata: 0.5189339648932219
  landing: 0.0445540533401072
  view-data: 0.20956733776256442
