times:
  edit-metadata: 1.5684812553226948
  landing: 0.8565786425024271
  view-data: 3.41011611931026
