times:
  landing: 1.0681889530000035
  view-data: 0.5602113389999772
