times:
  edit-metadata: 0.5033801742829382
  landing: 0.043043246027082205
  view-data: 0.1898101787082851
