times:
  edit-metadata: 1.0306028872728348
  landing: 0.04347231611609459
  view-data: 0.19960453733801842
