times:
  edit-metadata: 0.8172050099819899
  landing: 0.06910131126642227
  view-data: 0.37421958381310105
