times:
  edit-metadata: 1.5086114294826984
  landing: 0.022064436227083206
  view-data: 0.47791503090411425
