times:
  edit-metadata: 0.5600085891783237
  landing: 0.0424099862575531
  view-data: 0.20330193731933832
