times:
  edit-metadata: 0.7170730750076473
  landing: 0.04969816911034286
  view-data: 0.20392123702913523
