times:
  edit-metadata: 1.458081972785294
  landing: 0.818305492401123
  view-data: 3.35174460709095
