times:
  edit-metadata: 0.7585671748965979
  landing: 0.04882325301878154
  view-data: 0.1974460380151868
