times:
  edit-metadata: 1.5545183159410954
  landing: 0.1729152500629425
  view-data: 0.4665757240727544
