times:
  edit-metadata: 0.5531815676949918
  landing: 0.04335594596341252
  view-data: 0.191375520080328
