times:
  landing: 0.5547531439999602
  view-data: 0.5517771400000129
