times:
  edit-metadata: 1.5420578960329294
  landing: 0.19909791089594364
  view-data: 0.3830434922128916
