times:
  landing: 1.60854937900001
  view-data: 0.5904461459999766
