times:
  edit-metadata: 1.5513538289815187
  landing: 1.06009677099064
  view-data: 3.426859247032553
