times:
  edit-metadata: 2.492281148210168
  landing: 1.3428079131990671
  view-data: 3.4732007309794426
