times:
  landing: 0.5491192620000049
  view-data: 0.5572027639999817
