times:
  edit-metadata: 1.5276824682950974
  landing: 0.885918976739049
  view-data: 3.379215208813548
