times:
  edit-metadata: 1.4587542675435543
  landing: 1.031771369278431
  view-data: 3.3669325094670057
