times:
  edit-metadata: 1.6890492103993893
  landing: 0.8785235844552517
  view-data: 6.5262553580105305
