times:
  edit-metadata: 1.0487819910049438
  landing: 0.05097690597176552
  view-data: 0.19899696111679077
