times:
  edit-metadata: 1.5101248808205128
  landing: 0.02365671470761299
  view-data: 0.025987563654780388
