times:
  edit-metadata: 1.013968350365758
  landing: 1.8063300997018814
  view-data: 0.5081331711262465
