times:
  edit-metadata: 1.4728856794536114
  landing: 1.0051863081753254
  view-data: 3.3805307932198048
