times:
  edit-metadata: 1.5735210059210658
  landing: 0.020230324938893318
  view-data: 0.4483303250744939
