times:
  edit-metadata: 1.3980148769915104
  landing: 0.860979043180123
  view-data: 3.264160379068926
