times:
  edit-metadata: 1.5165930557996035
  landing: 0.01880921609699726
  view-data: 0.34511194564402103
