times:
  edit-metadata: 1.5855494067072868
  landing: 1.0226951390504837
  view-data: 3.4136228300631046
