times:
  edit-metadata: 0.6924431137740612
  landing: 0.5855544656515121
  view-data: 0.31706068105995655
