times:
  edit-metadata: 1.3952712938189507
  landing: 0.8985490016639233
  view-data: 3.378527257591486
