times:
  edit-metadata: 1.4030766710639
  landing: 0.9758965950459242
  view-data: 3.406663639470935
