times:
  edit-metadata: 1.5587817542254925
  landing: 1.1014616265892982
  view-data: 3.403310328722
