times:
  edit-metadata: 1.5600598491728306
  landing: 0.021426343359053135
  view-data: 0.024367677979171276
