times:
  edit-metadata: 0.573980187997222
  landing: 0.04533282108604908
  view-data: 0.19361399579793215
