times:
  landing: 0.5574041069999964
  view-data: 0.565175695999983
