times:
  edit-metadata: 0.627152225933969
  landing: 0.07093433698173612
  view-data: 0.23682247707620263
