times:
  landing: 0.5577270569999655
  view-data: 0.5642814540000245
