times:
  edit-metadata: 0.7915453391615301
  landing: 0.0494657508097589
  view-data: 0.19443879392929375
