times:
  edit-metadata: 0.6730098738335073
  landing: 0.04233419382944703
  view-data: 0.2453680569306016
