times:
  edit-metadata: 1.8276709262281656
  landing: 0.23479748517274857
  view-data: 0.16490254737436771
