times:
  landing: 0.558113005999985
  view-data: 0.5586199020000038
