times:
  edit-metadata: 1.048785738646984
  landing: 1.0913500878959894
  view-data: 0.6397721096873283
