times:
  edit-metadata: 0.7056815489195287
  landing: 0.04752026218920946
  view-data: 0.19694408867508173
