times:
  edit-metadata: 2.0267369486391544
  landing: 1.4963466115295887
  view-data: 3.5026069842278957
