times:
  edit-metadata: 0.7155981339747086
  landing: 0.04293351201340556
  view-data: 0.1950932419858873
