times:
  landing: 0.5537998799999855
  view-data: 0.5532684559999836
