times:
  edit-metadata: 1.308872249966953
  landing: 0.1131200939998962
  view-data: 0.2686215689755045
