times:
  landing: 0.5586598480000191
  view-data: 0.5558866850000186
