times:
  edit-metadata: 0.5331611791625619
  landing: 0.06742720794863999
  view-data: 0.24348178203217685
