times:
  edit-metadata: 1.5311608845368028
  landing: 0.023198814131319523
  view-data: 0.025596993044018745
