times:
  edit-metadata: 1.0449993573129177
  landing: 1.3954360615462065
  view-data: 0.4396142400801182
