times:
  edit-metadata: 0.7557335770688951
  landing: 0.04869488091208041
  view-data: 0.2041893689893186
