times:
  edit-metadata: 1.1215523816645145
  landing: 1.1004532556980848
  view-data: 0.606141259893775
