times:
  edit-metadata: 1.6794186308979988
  landing: 1.0326901450753212
  view-data: 0.5805788356810808
