times:
  edit-metadata: 1.4497508120257407
  landing: 0.8905878900550306
  view-data: 3.364626110997051
