times:
  edit-metadata: 1.454969935119152
  landing: 1.0819294480606914
  view-data: 3.375744362361729
