times:
  edit-metadata: 1.4837908251211047
  landing: 0.8833237569779158
  view-data: 3.3865813314914703
