times:
  landing: 1.1150400349999927
  view-data: 0.5546491320000086
