times:
  landing: 0.5453249859999971
  view-data: 0.546958141999994
