times:
  landing: 1.0813682699999845
  view-data: 0.5595238200000381
