times:
  landing: 0.5403346189999638
  view-data: 0.5463824760000762
