times:
  edit-metadata: 0.7766906160395592
  landing: 0.05560991610400379
  view-data: 0.2095471068751067
