times:
  edit-metadata: 1.8430230058729649
  landing: 1.318907555192709
  view-data: 3.4132892936468124
