times:
  edit-metadata: 0.5440512420609593
  landing: 0.06516598490998149
  view-data: 0.2592402040027082
