times:
  edit-metadata: 1.4895332511514425
  landing: 0.23015832528471947
  view-data: 0.34702521190047264
