times:
  edit-metadata: 0.5306697832420468
  landing: 0.04266004916280508
  view-data: 0.2106760023161769
