times:
  landing: 1.0608128669999815
  view-data: 0.5430323379999891
