times:
  edit-metadata: 1.0430626943707466
  landing: 0.6500522494316101
  view-data: 0.2054439801722765
