times:
  edit-metadata: 0.7016864260658622
  landing: 0.11382386367768049
  view-data: 0.3240520819090307
