times:
  landing: 1.097908173999997
  view-data: 0.5462166039999943
