times:
  edit-metadata: 1.5948289819061756
  landing: 0.02227481920272112
  view-data: 0.02798904851078987
