times:
  edit-metadata: 0.6829136989545077
  landing: 0.044169156113639474
  view-data: 0.20128627587109804
