times:
  landing: 0.5604374720000465
  view-data: 0.5559430179999936
