times:
  edit-metadata: 1.4531838484108448
  landing: 0.8986538387835026
  view-data: 3.3311462700366974
