times:
  edit-metadata: 1.537042936310172
  landing: 0.8455700185149908
  view-data: 3.351328717544675
