times:
  landing: 0.541838834999993
  view-data: 0.05777037199999313
