times:
  edit-metadata: 1.7329813279211521
  landing: 0.2961014714092016
  view-data: 0.12544209882616997
