times:
  edit-metadata: 0.7161475508473814
  landing: 0.049699137918651104
  view-data: 0.1951140221208334
