times:
  edit-metadata: 0.5150739476084709
  landing: 0.04078443627804518
  view-data: 0.20480349194258451
