times:
  edit-metadata: 0.6549706109799445
  landing: 0.04290215112268925
  view-data: 0.19992524478584528
