times:
  landing: 1.0874560669999482
  view-data: 0.5734947010000155
