times:
  edit-metadata: 0.9743439294397831
  landing: 0.053237758576869965
  view-data: 0.2131999395787716
