times:
  edit-metadata: 0.7150278810004238
  landing: 0.061457225994672626
  view-data: 0.26975542699801736
