times:
  edit-metadata: 0.7120064771734178
  landing: 0.044121440034359694
  view-data: 0.19964210176840425
