times:
  landing: 0.5580850870000233
  view-data: 0.5544764450000059
