times:
  landing: 0.5465167849999943
  view-data: 0.5493629350000049
