times:
  edit-metadata: 1.446379595901817
  landing: 0.9337916476652026
  view-data: 3.388209705706686
