times:
  edit-metadata: 1.6006173994392157
  landing: 0.02084681112319231
  view-data: 0.0273293424397707
