times:
  edit-metadata: 0.7531620559748262
  landing: 0.04101687902584672
  view-data: 0.20367293898016214
