times:
  edit-metadata: 0.5794529807753861
  landing: 0.0515903839841485
  view-data: 0.19326423620805144
