times:
  landing: 0.5673894930000642
  view-data: 0.5627910610000981
