times:
  edit-metadata: 1.5591709408909082
  landing: 0.02231900952756405
  view-data: 0.027184252627193928
