times:
  edit-metadata: 1.6134741436690092
  landing: 0.021460264921188354
  view-data: 0.3318679463118315
