times:
  edit-metadata: 0.919762434437871
  landing: 0.39683795161545277
  view-data: 0.21186919137835503
