times:
  edit-metadata: 0.5519330630777404
  landing: 0.05628088302910328
  view-data: 0.21756936598103493
