times:
  edit-metadata: 1.5104184746742249
  landing: 0.02163180522620678
  view-data: 0.02657368592917919
