times:
  edit-metadata: 1.4527748301625252
  landing: 0.02088783960789442
  view-data: 0.025488022714853287
