times:
  edit-metadata: 1.4921165071427822
  landing: 0.7251352369785309
  view-data: 3.3076215758919716
