times:
  edit-metadata: 0.5277693243697286
  landing: 0.050455700140446424
  view-data: 0.21170886093750596
