times:
  edit-metadata: 0.5415228051133454
  landing: 0.06960413511842489
  view-data: 0.25507610896602273
