times:
  edit-metadata: 1.5183347817510366
  landing: 0.020908853970468044
  view-data: 0.41411835514009
