times:
  edit-metadata: 0.5126125570386648
  landing: 0.051563167944550514
  view-data: 0.21025166474282742
