times:
  landing: 0.5502519010000242
  view-data: 0.5528493150000031
