times:
  edit-metadata: 1.6761338883079588
  landing: 1.0426997090689838
  view-data: 3.5611648010089993
