times:
  edit-metadata: 1.527245741803199
  landing: 0.815125250723213
  view-data: 3.3063252619467676
