times:
  edit-metadata: 1.5578424707055092
  landing: 0.844883818179369
  view-data: 3.36050174664706
