times:
  edit-metadata: 0.5653739008121192
  landing: 0.051043774001300335
  view-data: 0.19591991929337382
