times:
  edit-metadata: 0.7562974318861961
  landing: 0.05952891428023577
  view-data: 0.2117580850608647
