times:
  edit-metadata: 0.7176134620094672
  landing: 0.04217565699946135
  view-data: 0.20610819500871003
