times:
  edit-metadata: 1.6330769564956427
  landing: 0.023279182612895966
  view-data: 0.46635439060628414
