times:
  landing: 0.5445493349999992
  view-data: 0.551341027999996
