times:
  edit-metadata: 1.5272815190255642
  landing: 0.8563541565090418
  view-data: 3.3856555968523026
