times:
  edit-metadata: 1.5608456935733557
  landing: 0.020087995566427708
  view-data: 0.028191328048706055
