times:
  edit-metadata: 0.4573419392108917
  landing: 0.06695164227858186
  view-data: 0.21343626733869314
