times:
  edit-metadata: 0.4759756550047314
  landing: 0.059390201000496745
  view-data: 0.2064298850018531
