times:
  edit-metadata: 1.4832449182868004
  landing: 0.7611916493624449
  view-data: 3.2961430214345455
