times:
  edit-metadata: 0.4560139200184494
  landing: 0.04631909099407494
  view-data: 0.21455653989687562
