times:
  edit-metadata: 1.2671358454972506
  landing: 0.6578395050019026
  view-data: 3.2890284564346075
