times:
  edit-metadata: 1.4870676137506962
  landing: 0.7660631164908409
  view-data: 3.3842901047319174
