times:
  edit-metadata: 1.8547725304961205
  landing: 0.967594712972641
  view-data: 3.3840330615639687
