times:
  edit-metadata: 2.29555980861187
  landing: 1.3360713943839073
  view-data: 3.4983303509652615
