times:
  edit-metadata: 1.5641514509916306
  landing: 0.6547158844769001
  view-data: 3.3465576469898224
