times:
  edit-metadata: 1.5285825245082378
  landing: 0.7613736391067505
  view-data: 3.355393622070551
