times:
  edit-metadata: 0.4562706439755857
  landing: 0.06988530699163675
  view-data: 0.23059722688049078
