times:
  edit-metadata: 1.4707284718751907
  landing: 0.798491571098566
  view-data: 3.2886304296553135
