times:
  edit-metadata: 1.3826008960604668
  landing: 0.9096288792788982
  view-data: 3.3744712732732296
