times:
  edit-metadata: 1.3425374813377857
  landing: 0.7370753735303879
  view-data: 3.3526812298223376
