times:
  edit-metadata: 1.5234563276171684
  landing: 0.9361284524202347
  view-data: 3.3764116503298283
