times:
  edit-metadata: 1.6964869685471058
  landing: 1.091514490544796
  view-data: 3.3308955393731594
