times:
  edit-metadata: 0.45332186203449965
  landing: 0.0654569948092103
  view-data: 0.20925368228927255
