times:
  edit-metadata: 2.6676851995289326
  landing: 1.4782021753489971
  view-data: 3.4633741453289986
