times:
  edit-metadata: 2.0081363124772906
  landing: 1.254751362837851
  view-data: 3.3713318780064583
