times:
  edit-metadata: 0.7136630928143859
  landing: 0.14524058904498816
  view-data: 0.28724698396399617
