times:
  edit-metadata: 1.3475952222943306
  landing: 5.199108622968197
  view-data: 3.4056766480207443
