times:
  edit-metadata: 0.5440014550695196
  landing: 0.0637492110254243
  view-data: 0.21839579893276095
