times:
  edit-metadata: 1.671006428077817
  landing: 0.9118055868893862
  view-data: 3.4696565624326468
