times:
  edit-metadata: 1.545004865154624
  landing: 0.6791332140564919
  view-data: 3.2971817795187235
