times:
  edit-metadata: 1.6152926739305258
  landing: 0.8271795623004436
  view-data: 3.294609185308218
