times:
  edit-metadata: 1.412879567593336
  landing: 0.8457099832594395
  view-data: 3.318779245018959
