times:
  edit-metadata: 1.3917302060872316
  landing: 0.7550864275544882
  view-data: 3.3827419970184565
