times:
  edit-metadata: 1.687250543385744
  landing: 0.7201357521116734
  view-data: 3.372754752635956
