times:
  edit-metadata: 1.4770107064396143
  landing: 0.8823691457509995
  view-data: 3.5124753545969725
