times:
  edit-metadata: 1.7460417225956917
  landing: 0.9719457626342773
  view-data: 3.3894035927951336
