times:
  edit-metadata: 1.5275053940713406
  landing: 0.7581466566771269
  view-data: 3.438611252233386
