times:
  edit-metadata: 0.5214275550097227
  landing: 0.06511084595695138
  view-data: 0.21681886306032538
