times:
  edit-metadata: 1.502441680058837
  landing: 0.15426921285688877
  view-data: 0.29301672615110874
