times:
  edit-metadata: 1.4327146038413048
  landing: 0.8019524626433849
  view-data: 3.303519234061241
