times:
  edit-metadata: 3.789168631657958
  landing: 1.4631643276661634
  view-data: 3.561948916874826
