times:
  edit-metadata: 1.9762666262686253
  landing: 1.4138030484318733
  view-data: 3.55494212731719
