times:
  edit-metadata: 1.4097614865750074
  landing: 0.7571778912097216
  view-data: 3.3397337663918734
