times:
  edit-metadata: 1.2901256950572133
  landing: 0.7454480142332613
  view-data: 3.2698185867629945
