times:
  edit-metadata: 1.4917603358626366
  landing: 0.7771216351538897
  view-data: 3.3101884219795465
