times:
  edit-metadata: 1.5747483633458614
  landing: 0.7865294925868511
  view-data: 3.3145719710737467
