times:
  edit-metadata: 0.4572756939960527
  landing: 0.0658264390003751
  view-data: 0.20442710099450778
