times:
  edit-metadata: 1.2419998990371823
  landing: 0.6742080906406045
  view-data: 3.297375932801515
