times:
  edit-metadata: 2.1743622701615095
  landing: 1.5820365259423852
  view-data: 3.415322615765035
