times:
  edit-metadata: 1.483376371092163
  landing: 0.8310155780054629
  view-data: 3.5674943450139835
