times:
  edit-metadata: 0.9017562520166393
  landing: 0.12308123300317675
  view-data: 0.2652918560197577
