times:
  edit-metadata: 1.2488734889775515
  landing: 0.7153555601835251
  view-data: 3.2636840026825666
