times:
  edit-metadata: 1.3377285487949848
  landing: 0.9058932363986969
  view-data: 3.3482874631881714
