times:
  edit-metadata: 0.4782324569532648
  landing: 0.056357828027103096
  view-data: 0.2101671760319732
