times:
  edit-metadata: 1.319097095867619
  landing: 0.7126126971561462
  view-data: 3.3491855359170586
