times:
  edit-metadata: 0.7042039511725307
  landing: 0.059812209103256464
  view-data: 0.40930287493392825
