times:
  edit-metadata: 1.4195009600371122
  landing: 0.7719218609854579
  view-data: 3.351720942184329
