times:
  edit-metadata: 0.47113605588674545
  landing: 0.06519609387032688
  view-data: 0.22597847203724086
