times:
  edit-metadata: 1.385224075987935
  landing: 0.7792086619883776
  view-data: 3.3753693494945765
