times:
  edit-metadata: 0.46683110389858484
  landing: 0.07957952213473618
  view-data: 0.22681046300567687
