times:
  edit-metadata: 0.4695468849968165
  landing: 0.06378103489987552
  view-data: 0.22965508908964694
