times:
  edit-metadata: 1.758678838610649
  landing: 0.9316179230809212
  view-data: 3.410859327763319
