times:
  edit-metadata: 0.5297416090033948
  landing: 0.07311340200249106
  view-data: 0.23812063300283626
