times:
  edit-metadata: 2.4638577587902546
  landing: 1.203987866640091
  view-data: 3.5589079819619656
