times:
  edit-metadata: 1.8981027267873287
  landing: 0.8154494389891624
  view-data: 3.4759914241731167
