times:
  edit-metadata: 0.4652176450472325
  landing: 0.06570647098124027
  view-data: 0.21758278110064566
