times:
  edit-metadata: 1.6178058590739965
  landing: 0.8784873317927122
  view-data: 3.4365549962967634
