times:
  edit-metadata: 0.5784017499827314
  landing: 0.06359017000067979
  view-data: 0.262172960996395
