times:
  edit-metadata: 1.3204704290255904
  landing: 0.7545235902070999
  view-data: 3.2932771649211645
