times:
  edit-metadata: 0.5178032531403005
  landing: 0.06403473392128944
  view-data: 0.21497549768537283
