times:
  edit-metadata: 3.4515597708523273
  landing: 1.6192182153463364
  view-data: 3.6121230982244015
