times:
  edit-metadata: 1.3134840931743383
  landing: 0.8627661215141416
  view-data: 3.322588473558426
