times:
  edit-metadata: 0.4660824709571898
  landing: 0.0601794752292335
  view-data: 0.2087491019628942
