times:
  edit-metadata: 1.3794641881249845
  landing: 0.780575716868043
  view-data: 3.279831068823114
