times:
  edit-metadata: 0.5430405600345694
  landing: 0.07354634400689974
  view-data: 0.21538080094614998
