times:
  edit-metadata: 1.3361800201237202
  landing: 0.7562074065208435
  view-data: 3.3916423693299294
