times:
  edit-metadata: 1.6726812440901995
  landing: 0.8872906677424908
  view-data: 3.379666570574045
