times:
  edit-metadata: 0.4556946400552988
  landing: 0.06737331999465823
  view-data: 0.22753403207752854
