times:
  edit-metadata: 1.4512331020087004
  landing: 0.7993923863396049
  view-data: 3.5138427149504423
