times:
  edit-metadata: 2.6093712355941534
  landing: 1.3787222113460302
  view-data: 3.8838311284780502
