times:
  edit-metadata: 1.5060014314949512
  landing: 0.7451980859041214
  view-data: 3.394450355321169
