times:
  edit-metadata: 1.4034385117702186
  landing: 0.762186030857265
  view-data: 3.309772194828838
