times:
  edit-metadata: 1.4045992763713002
  landing: 0.8708219937980175
  view-data: 3.407357265241444
