times:
  edit-metadata: 0.49125825706869364
  landing: 0.04625771986320615
  view-data: 0.215019989060238
