times:
  edit-metadata: 1.384120024740696
  landing: 0.7824854934588075
  view-data: 3.2878388660028577
