times:
  edit-metadata: 1.5116490758955479
  landing: 0.8262674547731876
  view-data: 3.3707891143858433
