times:
  edit-metadata: 1.5513847359688953
  landing: 0.7720829930622131
  view-data: 3.357796413009055
