times:
  edit-metadata: 1.5032990798354149
  landing: 3.300262823700905
  view-data: 3.298684675246477
