times:
  edit-metadata: 1.3853865640703589
  landing: 0.7163468289654702
  view-data: 3.349881550995633
