times:
  edit-metadata: 1.5415249280631542
  landing: 0.7349329069256783
  view-data: 3.3314110599458218
