times:
  edit-metadata: 1.5246353186666965
  landing: 1.0346741788089275
  view-data: 3.361670795828104
