times:
  edit-metadata: 1.6061394521966577
  landing: 0.7511983988806605
  view-data: 3.332953780889511
