times:
  edit-metadata: 0.5341549409786239
  landing: 0.07780701597221196
  view-data: 0.22499860601965338
