times:
  edit-metadata: 1.3917679488658905
  landing: 0.7264318000525236
  view-data: 3.323535731062293
