times:
  edit-metadata: 1.4980601947754622
  landing: 0.7328877239488065
  view-data: 3.3983792029321194
