times:
  edit-metadata: 1.8365862555801868
  landing: 1.171984639018774
  view-data: 3.5782926939427853
