times:
  edit-metadata: 1.3484292142093182
  landing: 0.7628182098269463
  view-data: 3.277897421270609
