times:
  edit-metadata: 0.5759048820473254
  landing: 0.16117180592846125
  view-data: 0.2355454140342772
