times:
  edit-metadata: 0.446144255110994
  landing: 0.0732865200843662
  view-data: 0.2167068279813975
