times:
  edit-metadata: 2.2150258123874664
  landing: 1.702655628323555
  view-data: 3.4785187654197216
