times:
  edit-metadata: 0.4457244840450585
  landing: 0.06679714191704988
  view-data: 0.2062850291840732
