times:
  edit-metadata: 1.4113035770133138
  landing: 0.7807867750525475
  view-data: 3.3394035287201405
