times:
  edit-metadata: 1.7817375250160694
  landing: 0.9914129301905632
  view-data: 3.4389419741928577
