times:
  edit-metadata: 1.471567165106535
  landing: 0.8175250086933374
  view-data: 3.4562687538564205
