times:
  edit-metadata: 1.3218272533267736
  landing: 0.752038586884737
  view-data: 3.389638839289546
