times:
  edit-metadata: 0.7377616339363158
  landing: 0.08285886002704501
  view-data: 0.2298145000822842
