times:
  edit-metadata: 1.389673413708806
  landing: 0.676472732797265
  view-data: 3.303917109966278
