times:
  edit-metadata: 0.5535579230054282
  landing: 0.0813629450276494
  view-data: 0.23211478698067367
