times:
  edit-metadata: 1.4784644525498152
  landing: 0.740450756624341
  view-data: 3.309310970827937
