times:
  edit-metadata: 1.4907779358327389
  landing: 0.9530002512037754
  view-data: 3.4080066345632076
