times:
  edit-metadata: 1.545161958783865
  landing: 0.9384684562683105
  view-data: 3.3418472446501255
