times:
  edit-metadata: 0.4508602200075984
  landing: 0.0683076351415366
  view-data: 0.3393392120487988
