times:
  edit-metadata: 0.7933717938140035
  landing: 0.0607058466412127
  view-data: 0.23463168507441878
