times:
  edit-metadata: 1.484471557661891
  landing: 0.7270979285240173
  view-data: 3.391428815200925
