times:
  edit-metadata: 1.4591038562357426
  landing: 0.7632002867758274
  view-data: 3.423736397176981
