times:
  edit-metadata: 1.9291008710861206
  landing: 0.9560173824429512
  view-data: 3.4245326966047287
