times:
  edit-metadata: 0.45639063394628465
  landing: 0.07210357789881527
  view-data: 0.21638832497410476
