times:
  edit-metadata: 2.4116711085662246
  landing: 1.5400145752355456
  view-data: 3.6385475480929017
