times:
  edit-metadata: 0.46828297298634425
  landing: 0.05622895999113098
  view-data: 0.21322400198550895
