times:
  edit-metadata: 1.415532186627388
  landing: 0.7571612410247326
  view-data: 3.303836140781641
