times:
  edit-metadata: 1.3503438225015998
  landing: 0.780640933662653
  view-data: 3.3228691406548023
