times:
  edit-metadata: 0.6295524440065492
  landing: 0.09155567397829145
  view-data: 0.30149515898665413
