times:
  edit-metadata: 1.2614180287346244
  landing: 0.6617800481617451
  view-data: 3.3144245771691203
