times:
  edit-metadata: 1.4985660165548325
  landing: 0.7733499519526958
  view-data: 3.419400867074728
