times:
  edit-metadata: 1.5326564153656363
  landing: 0.9169749789871275
  view-data: 3.3381118709221482
