times:
  edit-metadata: 0.5070641310885549
  landing: 0.06919592386111617
  view-data: 0.24266114505007863
