times:
  edit-metadata: 1.335818588733673
  landing: 0.6818085312843323
  view-data: 3.3461187072098255
