times:
  edit-metadata: 2.1081039160490036
  landing: 0.8333220314234495
  view-data: 3.507964711636305
