times:
  edit-metadata: 1.4149505198001862
  landing: 0.7922688536345959
  view-data: 3.377090912312269
