times:
  edit-metadata: 2.08073809184134
  landing: 1.321022154763341
  view-data: 3.3134303567931056
