times:
  edit-metadata: 1.4817397147417068
  landing: 1.4213498160243034
  view-data: 3.415466245263815
