times:
  edit-metadata: 0.5462416720110923
  landing: 0.057464078010525554
  view-data: 0.21410767000634223
