times:
  edit-metadata: 1.4703097827732563
  landing: 1.1697031036019325
  view-data: 3.414261072874069
