times:
  edit-metadata: 1.5242455564439297
  landing: 0.7910683732479811
  view-data: 3.28277631662786
