times:
  edit-metadata: 2.0356824323534966
  landing: 1.0076229460537434
  view-data: 3.4461775310337543
