times:
  edit-metadata: 0.5387466349638999
  landing: 0.057846604846417904
  view-data: 0.2980472478084266
