times:
  edit-metadata: 1.3815102241933346
  landing: 1.0626214742660522
  view-data: 3.494167275726795
