times:
  edit-metadata: 1.5824393031653017
  landing: 0.7961421690415591
  view-data: 3.2792788119986653
