times:
  edit-metadata: 0.46082451500114985
  landing: 0.07429396000225097
  view-data: 0.22150474702357315
