times:
  edit-metadata: 1.3417288893833756
  landing: 0.8279862478375435
  view-data: 3.4355048835277557
