times:
  edit-metadata: 1.3886301945894957
  landing: 0.7158604897558689
  view-data: 3.328879457898438
