times:
  edit-metadata: 1.33767069876194
  landing: 0.8055757954716682
  view-data: 3.4206428080797195
