times:
  edit-metadata: 1.427774041891098
  landing: 0.8200915269553661
  view-data: 3.354597307741642
