times:
  edit-metadata: 1.3780816607177258
  landing: 0.9760386683046818
  view-data: 3.374511133879423
