times:
  edit-metadata: 1.4902719259262085
  landing: 0.8662173189222813
  view-data: 3.294797331094742
