times:
  edit-metadata: 1.488656710833311
  landing: 0.8398424983024597
  view-data: 3.488056544214487
