times:
  edit-metadata: 2.6987522281706333
  landing: 1.0719619877636433
  view-data: 4.021509665995836
