times:
  edit-metadata: 1.263865810004063
  landing: 0.9217326840152964
  view-data: 3.392777499044314
