times:
  edit-metadata: 2.0060389675199986
  landing: 1.4661779291927814
  view-data: 3.793109443038702
