times:
  edit-metadata: 1.5273463670164347
  landing: 0.22846048511564732
  view-data: 0.35885207168757915
