times:
  edit-metadata: 0.45360793196596205
  landing: 0.07662211800925434
  view-data: 0.2235535370418802
