times:
  edit-metadata: 2.167940340936184
  landing: 1.1753726303577423
  view-data: 3.515665926039219
