times:
  edit-metadata: 0.644264027941972
  landing: 0.05107404198497534
  view-data: 0.2962952330708504
