times:
  edit-metadata: 1.3076622169464827
  landing: 0.782248955219984
  view-data: 3.456343501806259
