times:
  edit-metadata: 1.4424676354974508
  landing: 0.8368897922337055
  view-data: 3.312332831323147
