times:
  edit-metadata: 1.3327945657074451
  landing: 0.782251562923193
  view-data: 3.3736044131219387
