times:
  edit-metadata: 0.5579566308297217
  landing: 0.04842741508036852
  view-data: 0.22559368889778852
