times:
  edit-metadata: 1.4175832364708185
  landing: 0.7982899695634842
  view-data: 3.3615318685770035
