times:
  edit-metadata: 0.5690499842166901
  landing: 0.06331531796604395
  view-data: 0.32708185631781816
