times:
  edit-metadata: 1.4968129880726337
  landing: 0.8905723690986633
  view-data: 3.341223455965519
