times:
  edit-metadata: 1.4344409797340631
  landing: 1.1097856406122446
  view-data: 3.392604756169021
