times:
  edit-metadata: 1.368766963481903
  landing: 0.8208989948034286
  view-data: 3.2920414246618748
