times:
  edit-metadata: 1.9950439520180225
  landing: 0.9238495789468288
  view-data: 0.7519449479877949
