times:
  edit-metadata: 0.5027386820293032
  landing: 0.04716573498444632
  view-data: 0.22194914403371513
