times:
  edit-metadata: 1.3369304202497005
  landing: 0.7999724671244621
  view-data: 3.3416807167232037
