times:
  edit-metadata: 0.4746898900484666
  landing: 0.06807689892593771
  view-data: 0.206494668032974
