times:
  edit-metadata: 1.2686810810118914
  landing: 0.8577079623937607
  view-data: 3.3817293029278517
