times:
  edit-metadata: 1.3972301799803972
  landing: 0.9273835639469326
  view-data: 3.395379133988172
