times:
  edit-metadata: 1.3658729642629623
  landing: 0.8300344198942184
  view-data: 3.3199131339788437
