times:
  edit-metadata: 1.3537848629057407
  landing: 0.9158234670758247
  view-data: 3.3724208436906338
