times:
  edit-metadata: 1.6149967489764094
  landing: 0.9163867619354278
  view-data: 3.3929703219328076
