times:
  edit-metadata: 0.5177198849996785
  landing: 0.05934841099951882
  view-data: 0.22465912099869456
