times:
  edit-metadata: 3.041266407817602
  landing: 1.6878305096179247
  view-data: 4.260058915242553
