times:
  edit-metadata: 2.436310760676861
  landing: 1.4114320129156113
  view-data: 3.438032776117325
