times:
  edit-metadata: 1.457609174773097
  landing: 0.8055427968502045
  view-data: 3.335222091525793
