times:
  edit-metadata: 1.5299006141722202
  landing: 0.7423748560249805
  view-data: 3.3339761421084404
