times:
  edit-metadata: 2.900110401213169
  landing: 1.2789397276937962
  view-data: 4.2650326788425446
