times:
  edit-metadata: 0.6913531110621989
  landing: 0.13127482775598764
  view-data: 0.2932445206679404
