times:
  edit-metadata: 1.7658421322703362
  landing: 1.1485980302095413
  view-data: 3.4500813521444798
