times:
  edit-metadata: 1.3737307861447334
  landing: 0.8786277249455452
  view-data: 3.36507548391819
