times:
  edit-metadata: 1.514861324802041
  landing: 0.8891865448094904
  view-data: 3.4486632491461933
