times:
  edit-metadata: 1.942472830414772
  landing: 1.1973284035921097
  view-data: 3.446252141147852
