times:
  edit-metadata: 1.6999121233820915
  landing: 0.8329299613833427
  view-data: 3.3740521371364594
