times:
  edit-metadata: 1.4996662586927414
  landing: 0.7025704924017191
  view-data: 3.3778488729149103
