times:
  edit-metadata: 0.5214957870193757
  landing: 0.06474909899407066
  view-data: 0.24236220098100603
