times:
  edit-metadata: 2.00750570371747
  landing: 1.2824462093412876
  view-data: 3.3622156977653503
