times:
  edit-metadata: 0.45298305805772543
  landing: 0.0729094980051741
  view-data: 0.21321407007053494
