times:
  edit-metadata: 1.4179838746786118
  landing: 0.7024774849414825
  view-data: 3.3486191108822823
