times:
  edit-metadata: 0.45238794101169333
  landing: 0.07105043501360342
  view-data: 0.21019058499950916
