times:
  edit-metadata: 1.4833828657865524
  landing: 0.690909018740058
  view-data: 3.3087815698236227
