times:
  edit-metadata: 0.49146699300035834
  landing: 0.047119894064962864
  view-data: 0.21889671101234853
