times:
  edit-metadata: 1.6592785976827145
  landing: 1.1385469995439053
  view-data: 3.4669798724353313
