times:
  edit-metadata: 0.486741716042161
  landing: 0.056869108229875565
  view-data: 0.20862817019224167
