times:
  edit-metadata: 0.5220173851121217
  landing: 0.06705865100957453
  view-data: 0.2163375539239496
