times:
  edit-metadata: 1.4987690318375826
  landing: 0.7560773808509111
  view-data: 3.4364674650132656
