times:
  edit-metadata: 0.46576821710914373
  landing: 0.07037560688331723
  view-data: 0.21939142397604883
