times:
  edit-metadata: 1.49144552834332
  landing: 0.7576114479452372
  view-data: 3.391204772517085
