times:
  edit-metadata: 1.444471538066864
  landing: 0.8836226686835289
  view-data: 3.3986599631607533
