times:
  edit-metadata: 1.534069150686264
  landing: 0.7139125652611256
  view-data: 3.366903133690357
