times:
  edit-metadata: 0.4521998390555382
  landing: 0.07322025194298476
  view-data: 0.20702424994669855
