times:
  edit-metadata: 1.3514914319384843
  landing: 0.771988244028762
  view-data: 3.44274690002203
