times:
  edit-metadata: 3.986445989459753
  landing: 1.3249400183558464
  view-data: 3.324544209986925
