times:
  edit-metadata: 0.4740829160436988
  landing: 0.056307354010641575
  view-data: 0.2098988340003416
