times:
  edit-metadata: 1.4622995033860207
  landing: 0.8155000116676092
  view-data: 3.352941296994686
