times:
  edit-metadata: 1.395696248859167
  landing: 0.807217538356781
  view-data: 3.310957070440054
