times:
  edit-metadata: 4.018982166424394
  landing: 2.5336173698306084
  view-data: 4.163446050137281
