times:
  edit-metadata: 1.6777199320495129
  landing: 1.1083690971136093
  view-data: 3.4301455467939377
