times:
  edit-metadata: 1.3418913520872593
  landing: 0.7579190172255039
  view-data: 3.3201159927994013
