times:
  edit-metadata: 1.331027889624238
  landing: 0.7753492929041386
  view-data: 3.313203774392605
