times:
  edit-metadata: 1.291238822042942
  landing: 0.6733227279037237
  view-data: 3.2720442777499557
