times:
  edit-metadata: 0.4631175908725709
  landing: 0.0781287788413465
  view-data: 0.2057090629823506
