times:
  edit-metadata: 1.3485106714069843
  landing: 1.0726928673684597
  view-data: 3.3744675144553185
