times:
  edit-metadata: 1.542824432021007
  landing: 0.9208482881076634
  view-data: 3.429304422112182
