times:
  edit-metadata: 1.335566472262144
  landing: 0.8483333215117455
  view-data: 3.406644355505705
