times:
  edit-metadata: 0.45365002704784274
  landing: 0.06399497087113559
  view-data: 0.3413850499782711
