times:
  edit-metadata: 0.5257133969571441
  landing: 0.05861004698090255
  view-data: 0.22927128395531327
