times:
  edit-metadata: 1.6535037979483604
  landing: 0.9526098929345608
  view-data: 3.449831183999777
