times:
  edit-metadata: 1.9825751930475235
  landing: 1.0388195291161537
  view-data: 3.445853378623724
