times:
  edit-metadata: 0.6471364060416818
  landing: 0.11693174997344613
  view-data: 0.2708012708462775
