times:
  edit-metadata: 0.5391978819998258
  landing: 0.06350467199990817
  view-data: 0.220678649000547
