times:
  edit-metadata: 0.5546679822728038
  landing: 0.05844932980835438
  view-data: 0.21358957421034575
