times:
  edit-metadata: 1.7066185306757689
  landing: 0.16529571264982224
  view-data: 0.2527100909501314
