times:
  edit-metadata: 1.5463847732171416
  landing: 0.781770458444953
  view-data: 3.293943109922111
