times:
  edit-metadata: 1.3909103628247976
  landing: 0.8650490860454738
  view-data: 3.3028994989581406
