times:
  edit-metadata: 1.6106160152703524
  landing: 0.8678935822099447
  view-data: 3.381476132199168
