times:
  edit-metadata: 1.7200394161045551
  landing: 1.2908585146069527
  view-data: 3.488511212170124
