times:
  edit-metadata: 1.8403860926628113
  landing: 0.9589663287624717
  view-data: 3.6464055497199297
