times:
  edit-metadata: 2.1562574952840805
  landing: 1.36575816757977
  view-data: 3.4876873325556517
