times:
  edit-metadata: 1.4924191068857908
  landing: 0.765462813898921
  view-data: 3.4056398887187243
