times:
  edit-metadata: 1.5146373407915235
  landing: 0.7889391724020243
  view-data: 3.3260418167337775
