times:
  edit-metadata: 1.4264711290597916
  landing: 0.7016184646636248
  view-data: 3.491220945492387
