times:
  edit-metadata: 1.3605161402374506
  landing: 0.7735432190820575
  view-data: 3.4135136767290533
