times:
  edit-metadata: 1.3178849555552006
  landing: 0.7582360096275806
  view-data: 3.299335427582264
