times:
  edit-metadata: 0.7588838669471443
  landing: 0.043630740605294704
  view-data: 0.24188129417598248
