times:
  edit-metadata: 1.3290006890892982
  landing: 0.761077269911766
  view-data: 3.3279514238238335
