times:
  edit-metadata: 0.451863779919222
  landing: 0.06456053000874817
  view-data: 0.2148682731203735
