times:
  edit-metadata: 0.5243740930018248
  landing: 0.07252980601333547
  view-data: 0.22400229598861188
