times:
  edit-metadata: 1.382931923493743
  landing: 0.8430102281272411
  view-data: 3.3161158338189125
