times:
  edit-metadata: 2.27674756757915
  landing: 1.6866654213517904
  view-data: 3.955144276842475
