times:
  edit-metadata: 2.243327595759183
  landing: 1.3479721159674227
  view-data: 3.4275664798915386
