times:
  edit-metadata: 0.4615568679291755
  landing: 0.07316749612800777
  view-data: 0.2205425719730556
