times:
  edit-metadata: 0.5871317991986871
  landing: 0.06620851485058665
  view-data: 0.28894053865224123
