times:
  edit-metadata: 1.5521435588598251
  landing: 0.7944636028259993
  view-data: 3.337785003706813
