times:
  edit-metadata: 0.4663591560674831
  landing: 0.07174881699029356
  view-data: 0.2258107460802421
