times:
  edit-metadata: 1.313014980405569
  landing: 0.7227696385234594
  view-data: 3.369564116001129
