times:
  edit-metadata: 1.4088110402226448
  landing: 0.8403969202190638
  view-data: 3.34960525855422
