times:
  edit-metadata: 1.4921650066971779
  landing: 0.790544068440795
  view-data: 3.4192166347056627
