times:
  edit-metadata: 1.4186230599880219
  landing: 0.7946851681917906
  view-data: 3.4072830229997635
