times:
  edit-metadata: 1.5131325963884592
  landing: 0.7149946875870228
  view-data: 3.428381521254778
