times:
  edit-metadata: 1.4329844303429127
  landing: 0.7840025052428246
  view-data: 3.361274264752865
