times:
  edit-metadata: 1.3434127271175385
  landing: 0.7649953700602055
  view-data: 3.3079642802476883
