times:
  edit-metadata: 0.45480120391584933
  landing: 0.061830826103687286
  view-data: 0.4678941289894283
