times:
  edit-metadata: 1.4830513168126345
  landing: 0.7764100413769484
  view-data: 3.438337469473481
