times:
  edit-metadata: 0.5436405100044794
  landing: 0.1081760470115114
  view-data: 0.25822897101170383
