times:
  edit-metadata: 1.5276991948485374
  landing: 0.7201918046921492
  view-data: 3.3497826140373945
