times:
  edit-metadata: 1.4021633993834257
  landing: 1.0128862112760544
  view-data: 3.4076685030013323
