times:
  edit-metadata: 1.6989722661674023
  landing: 0.9989946261048317
  view-data: 3.4346597753465176
