times:
  edit-metadata: 1.5923984721302986
  landing: 0.8224044777452946
  view-data: 3.403874959796667
