times:
  edit-metadata: 1.408541969023645
  landing: 0.6829247819259763
  view-data: 3.3206239480059594
