times:
  edit-metadata: 0.47410176089033484
  landing: 0.07376067712903023
  view-data: 0.2232224028557539
