times:
  edit-metadata: 1.348032285925001
  landing: 0.7616876601241529
  view-data: 3.390827334020287
