times:
  edit-metadata: 1.2911039777100086
  landing: 0.6788175217807293
  view-data: 3.3119740672409534
