times:
  edit-metadata: 1.3895924128592014
  landing: 0.8788188844919205
  view-data: 3.3416901268064976
