times:
  edit-metadata: 1.337796882726252
  landing: 0.9090337436646223
  view-data: 3.3973393673077226
