times:
  edit-metadata: 1.6016310900449753
  landing: 1.0029324255883694
  view-data: 3.4222342260181904
