times:
  edit-metadata: 1.3260101359337568
  landing: 0.7681192439049482
  view-data: 3.322670296765864
