times:
  edit-metadata: 1.2657219340326265
  landing: 0.7980761919170618
  view-data: 3.386440002010204
