times:
  edit-metadata: 0.5384376959991641
  landing: 0.06426913704490289
  view-data: 0.2280559689970687
