times:
  edit-metadata: 0.5559628191404045
  landing: 0.0463318252004683
  view-data: 0.21993975015357137
