times:
  edit-metadata: 1.4476807471364737
  landing: 0.6723488494753838
  view-data: 3.36934057995677
