times:
  edit-metadata: 0.4420498129911721
  landing: 0.06540071964263916
  view-data: 0.21643361309543252
