times:
  edit-metadata: 1.7761273235082626
  landing: 1.0093448609113693
  view-data: 3.4391200318932533
