times:
  edit-metadata: 1.229303346015513
  landing: 0.8328678971156478
  view-data: 3.2773679262027144
