times:
  edit-metadata: 1.4068326354026794
  landing: 0.8683318197727203
  view-data: 3.3241480104625225
