times:
  edit-metadata: 1.4478019997477531
  landing: 20.391144149005413
  view-data: 3.3707332760095596
