times:
  edit-metadata: 1.3374682739377022
  landing: 0.8386843837797642
  view-data: 3.38270316272974
