times:
  edit-metadata: 0.4636981019866653
  landing: 0.07243588496930897
  view-data: 0.2152573119965382
