times:
  edit-metadata: 1.4835371486842632
  landing: 0.7761404775083065
  view-data: 3.344696268439293
