times:
  edit-metadata: 2.917979644611478
  landing: 1.369668249040842
  view-data: 3.409406991675496
