times:
  edit-metadata: 0.5452807010151446
  landing: 0.06310442500398494
  view-data: 0.22190773198963143
