times:
  edit-metadata: 1.2424682239070535
  landing: 0.6555623691529036
  view-data: 3.3694571470841765
