times:
  edit-metadata: 1.3717513047158718
  landing: 0.7983697094023228
  view-data: 3.3854795917868614
