times:
  edit-metadata: 1.4040731871500611
  landing: 0.909961068071425
  view-data: 3.3008266668766737
