times:
  edit-metadata: 0.4535685679875314
  landing: 0.07042472111061215
  view-data: 0.3437319747172296
