times:
  edit-metadata: 0.46283014793880284
  landing: 0.06291774986311793
  view-data: 0.22829894884489477
