times:
  edit-metadata: 1.3735028579831123
  landing: 0.8031944930553436
  view-data: 3.285162664949894
