times:
  edit-metadata: 3.179378144443035
  landing: 1.8188581615686417
  view-data: 3.6059629302471876
