times:
  edit-metadata: 1.4483218863606453
  landing: 0.932091910392046
  view-data: 3.351087961345911
