times:
  edit-metadata: 1.4292573118582368
  landing: 0.7474365322850645
  view-data: 3.3220866210758686
