times:
  edit-metadata: 1.3278912529349327
  landing: 0.783874336630106
  view-data: 3.3332931362092495
