times:
  edit-metadata: 1.3574330396950245
  landing: 0.7730869464576244
  view-data: 3.313741683959961
