times:
  edit-metadata: 2.013050861656666
  landing: 1.1864684093743563
  view-data: 3.4853596203029156
