times:
  edit-metadata: 1.4274255819618702
  landing: 0.7366139348596334
  view-data: 3.322251619771123
