times:
  edit-metadata: 0.43900657701306045
  landing: 0.06004871497862041
  view-data: 0.22064209601376206
