times:
  edit-metadata: 1.8478705985471606
  landing: 1.1178835472092032
  view-data: 3.4331330861896276
