times:
  edit-metadata: 1.370645683258772
  landing: 0.7355777435004711
  view-data: 3.3430871926248074
