times:
  edit-metadata: 2.439933364279568
  landing: 1.493603671900928
  view-data: 3.533362250775099
