times:
  edit-metadata: 0.46532147005200386
  landing: 0.047751033678650856
  view-data: 0.21810893435031176
