times:
  edit-metadata: 0.46978599787689745
  landing: 0.07657858217135072
  view-data: 0.22550239507108927
