times:
  edit-metadata: 0.4404886250849813
  landing: 0.08030776702798903
  view-data: 0.2136666241567582
