times:
  edit-metadata: 3.043704552575946
  landing: 1.611349554732442
  view-data: 4.035646226257086
