times:
  edit-metadata: 1.477241337299347
  landing: 0.7350120358169079
  view-data: 3.319381680339575
