times:
  edit-metadata: 0.5239540839975234
  landing: 0.059678769001038745
  view-data: 0.2261325309955282
