times:
  edit-metadata: 1.437081353040412
  landing: 0.8432303429581225
  view-data: 3.383213711902499
