times:
  edit-metadata: 2.416230222210288
  landing: 1.5306999385356903
  view-data: 3.820601496845484
