times:
  edit-metadata: 0.5709214922972023
  landing: 0.04705146700143814
  view-data: 0.2205449896864593
