times:
  edit-metadata: 0.5243724950123578
  landing: 0.050469353096559644
  view-data: 0.21856730012223125
