times:
  edit-metadata: 0.5391977010294795
  landing: 0.06927876034751534
  view-data: 0.23390162689611316
