times:
  edit-metadata: 2.181806642562151
  landing: 1.195113379508257
  view-data: 3.408632479608059
