times:
  edit-metadata: 0.580339863023255
  landing: 0.04793782898923382
  view-data: 0.21672138199210167
