times:
  edit-metadata: 0.4731549993157387
  landing: 0.08014204679057002
  view-data: 0.22274666000157595
