times:
  edit-metadata: 1.3358659259974957
  landing: 0.870232343673706
  view-data: 3.3407517299056053
