times:
  edit-metadata: 3.3573406897485256
  landing: 1.5447160676121712
  view-data: 3.8986056596040726
