times:
  edit-metadata: 1.7893281802535057
  landing: 1.3964924849569798
  view-data: 3.3622411638498306
