times:
  edit-metadata: 1.4202500339597464
  landing: 0.7810419965535402
  view-data: 3.338477984070778
