times:
  edit-metadata: 1.5241154544055462
  landing: 0.9824232421815395
  view-data: 3.392874278128147
