times:
  edit-metadata: 0.4569341028109193
  landing: 0.06949417013674974
  view-data: 0.2156523377634585
