times:
  edit-metadata: 1.9366652481257915
  landing: 1.1297776140272617
  view-data: 3.3979947362095118
