times:
  edit-metadata: 0.5833391560008749
  landing: 0.07057984598213807
  view-data: 0.21758155996212736
