times:
  edit-metadata: 1.504205116070807
  landing: 7.0730368020012975
  view-data: 3.3911590171046555
