times:
  edit-metadata: 2.716706871986389
  landing: 2.4696892090141773
  view-data: 4.169219583272934
