times:
  edit-metadata: 1.4666281780228019
  landing: 0.8386221472173929
  view-data: 3.308822777820751
