times:
  edit-metadata: 0.4539959649555385
  landing: 0.06385896797291934
  view-data: 0.20792869804427028
