times:
  edit-metadata: 0.5244632679969072
  landing: 0.06882904999656603
  view-data: 0.23052429599920288
