times:
  edit-metadata: 1.5451540108770132
  landing: 0.711977107450366
  view-data: 3.384065991267562
