times:
  edit-metadata: 1.5421282770112157
  landing: 0.7641501734033227
  view-data: 3.3717800974845886
