times:
  edit-metadata: 1.5318889115005732
  landing: 0.7939938120543957
  view-data: 3.346265569329262
