times:
  edit-metadata: 1.3418997712433338
  landing: 0.7691166251897812
  view-data: 3.3486246429383755
