times:
  edit-metadata: 0.46065810101572424
  landing: 0.07151680300012231
  view-data: 0.21495366503950208
