times:
  edit-metadata: 1.59540880843997
  landing: 0.9797960035502911
  view-data: 3.4295240715146065
