times:
  edit-metadata: 0.4613413359038532
  landing: 0.06171187595464289
  view-data: 0.22688063699752092
