times:
  edit-metadata: 0.5216915749479085
  landing: 0.05984476103913039
  view-data: 0.21254553797189146
