times:
  edit-metadata: 3.6618381086736917
  landing: 3.380866000428796
  view-data: 3.7317191418260336
