times:
  edit-metadata: 1.65238643810153
  landing: 1.1415412910282612
  view-data: 3.4801103360950947
