times:
  edit-metadata: 1.3462822660803795
  landing: 0.7340026013553143
  view-data: 3.3235351964831352
