times:
  edit-metadata: 2.337222034111619
  landing: 1.087637223303318
  view-data: 3.33295451849699
