times:
  edit-metadata: 1.4023521691560745
  landing: 0.8893154338002205
  view-data: 3.3754308074712753
