times:
  edit-metadata: 0.4487904170528054
  landing: 0.06812002277001739
  view-data: 0.22259320179000497
