times:
  edit-metadata: 0.4410548061132431
  landing: 0.06873845215886831
  view-data: 0.2272550850175321
