times:
  edit-metadata: 1.4716996848583221
  landing: 0.78224066644907
  view-data: 3.3235263153910637
