times:
  edit-metadata: 1.464949570596218
  landing: 0.7893598973751068
  view-data: 3.313980370759964
