times:
  edit-metadata: 1.548831719905138
  landing: 0.9027979858219624
  view-data: 3.378177508711815
