times:
  edit-metadata: 1.5559702813625336
  landing: 0.8999682292342186
  view-data: 3.3048562481999397
