times:
  edit-metadata: 1.4749236330389977
  landing: 0.7900063097476959
  view-data: 3.4265437871217728
