times:
  edit-metadata: 1.5540753975510597
  landing: 16.815769761800766
  view-data: 4.916610844433308
