times:
  edit-metadata: 2.240900345146656
  landing: 1.132383830845356
  view-data: 3.421949125826359
