times:
  edit-metadata: 1.3979207128286362
  landing: 0.7806173264980316
  view-data: 3.461827792227268
