times:
  edit-metadata: 1.5451868996024132
  landing: 0.7122443467378616
  view-data: 3.470708630979061
