times:
  edit-metadata: 1.5557202622294426
  landing: 0.7806842848658562
  view-data: 3.381483756005764
