times:
  edit-metadata: 1.4139610454440117
  landing: 0.8725552931427956
  view-data: 3.525988332927227
