times:
  edit-metadata: 1.7171857692301273
  landing: 0.8201931305229664
  view-data: 3.3992357961833477
