times:
  edit-metadata: 1.4439577758312225
  landing: 1.063939355313778
  view-data: 3.463727980852127
