times:
  edit-metadata: 1.5506797134876251
  landing: 0.7934396862983704
  view-data: 3.488836348056793
