times:
  edit-metadata: 1.422626219689846
  landing: 0.9728972837328911
  view-data: 3.2856086269021034
