times:
  edit-metadata: 1.5008073337376118
  landing: 0.7805069200694561
  view-data: 3.305590596050024
