times:
  edit-metadata: 1.5972930043935776
  landing: 0.872983768582344
  view-data: 3.2984451800584793
