times:
  edit-metadata: 1.609150007367134
  landing: 0.8041894063353539
  view-data: 3.4359272345900536
