times:
  edit-metadata: 1.7798817679286003
  landing: 1.0688785426318645
  view-data: 3.3327292427420616
