times:
  edit-metadata: 1.421370942145586
  landing: 0.8008543848991394
  view-data: 3.3530505783855915
