times:
  edit-metadata: 1.7231098413467407
  landing: 0.9712254926562309
  view-data: 3.3916038125753403
