times:
  edit-metadata: 1.544198665767908
  landing: 0.9236652888357639
  view-data: 3.3349672965705395
