times:
  edit-metadata: 1.595072265714407
  landing: 0.8722344897687435
  view-data: 3.3011586256325245
