times:
  edit-metadata: 1.4320693984627724
  landing: 0.8868380784988403
  view-data: 3.2884380742907524
