times:
  edit-metadata: 1.4094794541597366
  landing: 0.7702587246894836
  view-data: 3.5124365091323853
