times:
  edit-metadata: 1.4189183339476585
  landing: 0.8019350245594978
  view-data: 3.5413012206554413
