times:
  edit-metadata: 2.082395561039448
  landing: 1.2933603823184967
  view-data: 3.8835409060120583
