times:
  edit-metadata: 1.4621763154864311
  landing: 0.8058218844234943
  view-data: 3.267555419355631
