times:
  edit-metadata: 1.7471710816025734
  landing: 1.0966655611991882
  view-data: 3.4283093065023422
