times:
  edit-metadata: 1.4941907450556755
  landing: 0.8388740941882133
  view-data: 3.494973301887512
