times:
  edit-metadata: 1.399836465716362
  landing: 0.7791584059596062
  view-data: 3.5033093318343163
