times:
  edit-metadata: 1.3832703083753586
  landing: 0.7587762475013733
  view-data: 3.4770384281873703
