times:
  edit-metadata: 1.5069726407527924
  landing: 0.8245102986693382
  view-data: 3.514303892850876
