times:
  edit-metadata: 2.1319752857089043
  landing: 1.2324149385094643
  view-data: 3.3673998937010765
