times:
  edit-metadata: 1.457075648009777
  landing: 0.7419877275824547
  view-data: 3.338119201362133
