times:
  edit-metadata: 1.5465427860617638
  landing: 0.8822962492704391
  view-data: 3.394736595451832
