times:
  edit-metadata: 1.3886969089508057
  landing: 0.7995805442333221
  view-data: 3.4815894067287445
