times:
  edit-metadata: 2.31351687759161
  landing: 1.5081803128123283
  view-data: 3.518047943711281
