times:
  edit-metadata: 1.4667484648525715
  landing: 0.8220906928181648
  view-data: 3.3078107610344887
