times:
  edit-metadata: 1.5738843530416489
  landing: 0.7756356373429298
  view-data: 3.5278686806559563
