times:
  edit-metadata: 1.495666116476059
  landing: 0.8092582821846008
  view-data: 3.500377081334591
