times:
  edit-metadata: 1.4744952321052551
  landing: 0.795188270509243
  view-data: 3.483018159866333
