times:
  edit-metadata: 1.4059748351573944
  landing: 0.7610964700579643
  view-data: 3.4208344370126724
