times:
  edit-metadata: 1.4217844530940056
  landing: 0.7473732382059097
  view-data: 3.485878571867943
