times:
  edit-metadata: 1.5434617511928082
  landing: 0.9556857123970985
  view-data: 3.3907034508883953
