times:
  edit-metadata: 1.4852038472890854
  landing: 0.7286552339792252
  view-data: 3.4739330857992172
