times:
  edit-metadata: 1.5981211364269257
  landing: 0.8888297230005264
  view-data: 3.3613910228013992
