times:
  edit-metadata: 1.461308479309082
  landing: 0.8265203833580017
  view-data: 3.4299058467149734
