times:
  edit-metadata: 1.5302689298987389
  landing: 1.0174208283424377
  view-data: 3.3312932550907135
