times:
  edit-metadata: 1.4279776364564896
  landing: 0.9005269296467304
  view-data: 3.326586615294218
