times:
  edit-metadata: 1.4891776740550995
  landing: 0.8563260585069656
  view-data: 3.376667819917202
