times:
  edit-metadata: 1.4227375388145447
  landing: 0.7726699113845825
  view-data: 3.4198954924941063
