times:
  edit-metadata: 1.4364766776561737
  landing: 0.7550662904977798
  view-data: 3.430635541677475
