times:
  edit-metadata: 1.5007654502987862
  landing: 1.0289882868528366
  view-data: 3.3723748587071896
