times:
  edit-metadata: 1.4679796621203423
  landing: 0.8048648536205292
  view-data: 3.522868387401104
