times:
  edit-metadata: 1.4543179795145988
  landing: 0.8410165682435036
  view-data: 3.4379011914134026
