times:
  edit-metadata: 1.4291217401623726
  landing: 0.7905824184417725
  view-data: 3.4305176362395287
