times:
  edit-metadata: 1.5066507272422314
  landing: 0.8187916353344917
  view-data: 3.393394947052002
