times:
  edit-metadata: 1.464254628866911
  landing: 0.7964235655963421
  view-data: 3.342871580272913
