times:
  edit-metadata: 1.4340869709849358
  landing: 0.7604671493172646
  view-data: 3.330441437661648
