times:
  edit-metadata: 2.022580448538065
  landing: 1.3282931670546532
  view-data: 3.4707554690539837
