times:
  edit-metadata: 1.4293015897274017
  landing: 0.8607120290398598
  view-data: 3.5183210745453835
