times:
  edit-metadata: 1.5536502711474895
  landing: 0.8635382950305939
  view-data: 3.2677482329308987
