times:
  edit-metadata: 1.511780008673668
  landing: 0.9264104291796684
  view-data: 3.2988662496209145
