times:
  edit-metadata: 1.4938683733344078
  landing: 0.9049377664923668
  view-data: 3.3121398240327835
