times:
  edit-metadata: 1.5718933120369911
  landing: 0.9448057413101196
  view-data: 3.512531317770481
