times:
  edit-metadata: 1.3963908925652504
  landing: 0.6879640147089958
  view-data: 3.452254928648472
