times:
  edit-metadata: 2.5631506964564323
  landing: 1.6961213387548923
  view-data: 3.3784946724772453
