times:
  edit-metadata: 1.4165627658367157
  landing: 0.9050464034080505
  view-data: 3.4528111293911934
