times:
  edit-metadata: 1.6263216361403465
  landing: 1.0032134801149368
  view-data: 3.340669706463814
