times:
  edit-metadata: 1.7824398539960384
  landing: 1.038483489304781
  view-data: 3.3133098371326923
