times:
  edit-metadata: 1.4533868879079819
  landing: 0.8895874470472336
  view-data: 3.2922321669757366
