times:
  edit-metadata: 1.3516043201088905
  landing: 0.7295107021927834
  view-data: 3.43842526525259
