times:
  edit-metadata: 1.5306969359517097
  landing: 1.0016211494803429
  view-data: 3.5815258026123047
