times:
  edit-metadata: 1.4594859033823013
  landing: 0.8217484354972839
  view-data: 3.385969564318657
