times:
  edit-metadata: 1.583572469651699
  landing: 0.8489724844694138
  view-data: 3.305605538189411
