times:
  edit-metadata: 1.4413560554385185
  landing: 0.808419980108738
  view-data: 3.294044718146324
