times:
  edit-metadata: 1.4801995754241943
  landing: 0.8231459707021713
  view-data: 3.2949900403618813
