times:
  edit-metadata: 1.3571385964751244
  landing: 0.8104080855846405
  view-data: 3.325645625591278
