times:
  edit-metadata: 1.7273289896547794
  landing: 0.8507474660873413
  view-data: 3.270469393581152
