times:
  edit-metadata: 1.4668456092476845
  landing: 0.8194856569170952
  view-data: 3.435046009719372
