times:
  edit-metadata: 1.5083452239632607
  landing: 0.810952216386795
  view-data: 3.515599399805069
