times:
  edit-metadata: 1.354754276573658
  landing: 0.9878436699509621
  view-data: 3.348888821899891
