times:
  edit-metadata: 1.5284915193915367
  landing: 0.8352115005254745
  view-data: 3.579241566359997
