times:
  edit-metadata: 1.5834979861974716
  landing: 1.0083527266979218
  view-data: 3.3651021644473076
