times:
  edit-metadata: 1.4118659868836403
  landing: 0.807755321264267
  view-data: 3.3125073798000813
