times:
  edit-metadata: 1.460811972618103
  landing: 0.9973220974206924
  view-data: 3.6037414744496346
