times:
  edit-metadata: 1.4900680109858513
  landing: 0.7809688150882721
  view-data: 3.5465933233499527
