times:
  edit-metadata: 1.4495974853634834
  landing: 0.8140685111284256
  view-data: 3.3641021698713303
