times:
  edit-metadata: 1.4839969649910927
  landing: 0.9920574948191643
  view-data: 3.46070659160614
