times:
  edit-metadata: 1.454655721783638
  landing: 0.777481883764267
  view-data: 3.5474641025066376
