times:
  edit-metadata: 1.4461345225572586
  landing: 0.7616285122931004
  view-data: 3.2957747504115105
