times:
  edit-metadata: 1.5194764733314514
  landing: 1.0383616611361504
  view-data: 3.4789674431085587
