times:
  edit-metadata: 1.531052015721798
  landing: 0.90203857421875
  view-data: 3.5516612380743027
