times:
  edit-metadata: 1.4290172904729843
  landing: 0.7962671965360641
  view-data: 3.5289007276296616
