times:
  edit-metadata: 1.4706634506583214
  landing: 0.8326567858457565
  view-data: 3.33926922082901
