times:
  edit-metadata: 1.514841701835394
  landing: 0.849137157201767
  view-data: 3.370184723287821
