times:
  edit-metadata: 1.4848512038588524
  landing: 0.7435298264026642
  view-data: 3.304829493165016
