times:
  edit-metadata: 1.3327090963721275
  landing: 1.0151472091674805
  view-data: 3.5526304841041565
