times:
  edit-metadata: 1.5695066265761852
  landing: 0.8312910571694374
  view-data: 3.294956151396036
