times:
  edit-metadata: 1.5876019299030304
  landing: 0.8705636188387871
  view-data: 3.4920462369918823
