times:
  edit-metadata: 1.4460821449756622
  landing: 0.7523437067866325
  view-data: 3.528500996530056
