times:
  edit-metadata: 1.5610401928424835
  landing: 0.7560523077845573
  view-data: 3.4238738045096397
