times:
  edit-metadata: 1.47361458837986
  landing: 0.8747099451720715
  view-data: 3.415006645023823
