times:
  edit-metadata: 1.7072266638278961
  landing: 0.9588259160518646
  view-data: 3.3362891003489494
