times:
  edit-metadata: 1.452481396496296
  landing: 0.7643088772892952
  view-data: 3.4693064093589783
