times:
  edit-metadata: 1.476189985871315
  landing: 0.8320216313004494
  view-data: 3.5531156957149506
