times:
  edit-metadata: 1.480649508535862
  landing: 0.8599580451846123
  view-data: 3.5056572258472443
