times:
  edit-metadata: 1.4601422771811485
  landing: 0.8478184342384338
  view-data: 3.4593902602791786
