times:
  edit-metadata: 1.6612863168120384
  landing: 0.9004819020628929
  view-data: 3.356033518910408
