times:
  edit-metadata: 1.4854869432747364
  landing: 0.7864093445241451
  view-data: 3.3304747864603996
