times:
  edit-metadata: 1.5716969296336174
  landing: 0.8578813299536705
  view-data: 3.5716936141252518
