times:
  edit-metadata: 1.6283180490136147
  landing: 0.9046206101775169
  view-data: 3.3381048515439034
