times:
  edit-metadata: 1.4502197280526161
  landing: 0.8413407653570175
  view-data: 3.4494699835777283
