times:
  edit-metadata: 1.363132432103157
  landing: 0.8337170034646988
  view-data: 3.416744254529476
