times:
  edit-metadata: 1.4896717071533203
  landing: 0.864079125225544
  view-data: 0.7118527144193649
