times:
  edit-metadata: 1.4330054633319378
  landing: 0.8306997008621693
  view-data: 3.3635313995182514
