times:
  edit-metadata: 1.6020673289895058
  landing: 0.8364645913243294
  view-data: 3.317658558487892
