times:
  edit-metadata: 1.594443116337061
  landing: 0.810247216373682
  view-data: 3.3064576014876366
