times:
  edit-metadata: 1.3764182142913342
  landing: 0.8961928524076939
  view-data: 3.3703394941985607
