times:
  edit-metadata: 1.434579849243164
  landing: 0.8494576513767242
  view-data: 3.499692939221859
