times:
  edit-metadata: 1.4875546619296074
  landing: 0.8275931775569916
  view-data: 3.4688330814242363
