times:
  edit-metadata: 1.5263613909482956
  landing: 0.7665598317980766
  view-data: 3.5224639400839806
