times:
  edit-metadata: 1.4680572971701622
  landing: 0.7342914342880249
  view-data: 3.273346170783043
