times:
  edit-metadata: 2.239177778363228
  landing: 1.7918212115764618
  view-data: 3.4130454435944557
