times:
  edit-metadata: 1.447998933494091
  landing: 0.7572970055043697
  view-data: 3.326465856283903
