times:
  edit-metadata: 1.490769386291504
  landing: 0.6910435706377029
  view-data: 3.405824735760689
