times:
  edit-metadata: 1.4298814833164215
  landing: 0.7371629849076271
  view-data: 3.4890404045581818
