times:
  edit-metadata: 2.2767920717597008
  landing: 1.7414151430130005
  view-data: 3.404710590839386
