times:
  edit-metadata: 1.510256513953209
  landing: 0.9070383682847023
  view-data: 3.3292826041579247
