times:
  edit-metadata: 1.3850706368684769
  landing: 0.8562316745519638
  view-data: 3.4815129414200783
