times:
  edit-metadata: 1.5301739647984505
  landing: 0.865167997777462
  view-data: 3.330303229391575
