times:
  edit-metadata: 1.5271864011883736
  landing: 0.762920618057251
  view-data: 3.523630239069462
