times:
  edit-metadata: 1.375571571290493
  landing: 0.7321412265300751
  view-data: 3.4795171916484833
