times:
  edit-metadata: 1.4471172988414764
  landing: 0.8345115557312965
  view-data: 3.3094438910484314
