times:
  edit-metadata: 1.5535468384623528
  landing: 0.9768017902970314
  view-data: 3.4465010091662407
