times:
  edit-metadata: 1.479657843708992
  landing: 0.8281101062893867
  view-data: 3.2849090546369553
