times:
  edit-metadata: 1.4345988780260086
  landing: 0.7992046475410461
  view-data: 3.5773638412356377
