times:
  edit-metadata: 1.5418646708130836
  landing: 0.8716599345207214
  view-data: 3.3739590868353844
