times:
  edit-metadata: 1.4126436039805412
  landing: 0.7789189517498016
  view-data: 3.316411569714546
