times:
  edit-metadata: 1.4018674343824387
  landing: 0.8012272045016289
  view-data: 3.307239182293415
