times:
  edit-metadata: 1.4640688300132751
  landing: 0.9766060411930084
  view-data: 3.3082479164004326
