times:
  edit-metadata: 1.459006518125534
  landing: 0.8233726844191551
  view-data: 3.4316317066550255
