times:
  edit-metadata: 1.413122519850731
  landing: 0.7986927404999733
  view-data: 3.3176646530628204
