times:
  edit-metadata: 1.4896598607301712
  landing: 0.9265793487429619
  view-data: 3.2925543636083603
