times:
  edit-metadata: 1.5303515791893005
  landing: 0.8361646831035614
  view-data: 3.425570823252201
