times:
  edit-metadata: 1.513338789343834
  landing: 0.8935701325535774
  view-data: 3.3726158812642097
