times:
  edit-metadata: 1.497971124947071
  landing: 0.7256922870874405
  view-data: 3.4297319427132607
