times:
  edit-metadata: 1.4098095893859863
  landing: 0.8461043685674667
  view-data: 3.4844832494854927
