times:
  edit-metadata: 1.4644765257835388
  landing: 0.8026688918471336
  view-data: 3.3525326773524284
