times:
  edit-metadata: 1.3191952481865883
  landing: 0.7871010154485703
  view-data: 3.445770785212517
