times:
  edit-metadata: 2.7241764292120934
  landing: 1.421867348253727
  view-data: 3.399367220699787
