times:
  edit-metadata: 1.4199558645486832
  landing: 0.8250373676419258
  view-data: 3.431210070848465
