times:
  edit-metadata: 1.6329860910773277
  landing: 1.5679398030042648
  view-data: 3.361523449420929
