times:
  edit-metadata: 1.3983798548579216
  landing: 0.7456441223621368
  view-data: 3.424216590821743
