times:
  edit-metadata: 2.1406943798065186
  landing: 1.2618587091565132
  view-data: 3.5448957458138466
