times:
  edit-metadata: 1.4766742289066315
  landing: 0.824509285390377
  view-data: 3.5355992689728737
