times:
  edit-metadata: 1.4316479787230492
  landing: 0.7960903123021126
  view-data: 3.546627826988697
