times:
  edit-metadata: 1.4735232889652252
  landing: 0.8970108479261398
  view-data: 3.365930639207363
