times:
  edit-metadata: 1.4644661769270897
  landing: 0.7171115055680275
  view-data: 3.4730045795440674
