times:
  edit-metadata: 1.2363083139061928
  landing: 0.8228379487991333
  view-data: 3.4832333475351334
