times:
  edit-metadata: 1.5016075894236565
  landing: 0.7546206116676331
  view-data: 3.4592973217368126
