times:
  edit-metadata: 1.3750510141253471
  landing: 0.8177687227725983
  view-data: 3.3194519877433777
