times:
  edit-metadata: 1.5169006437063217
  landing: 0.8222070261836052
  view-data: 3.4233637303113937
