times:
  edit-metadata: 1.4284458383917809
  landing: 0.8777017742395401
  view-data: 3.3933828473091125
