times:
  edit-metadata: 1.5212509632110596
  landing: 0.8230105191469193
  view-data: 3.3134415447711945
