times:
  edit-metadata: 1.3765050247311592
  landing: 0.7728604823350906
  view-data: 3.457780785858631
