times:
  edit-metadata: 1.7227190434932709
  landing: 1.3118768706917763
  view-data: 3.407521069049835
