times:
  edit-metadata: 1.4274328649044037
  landing: 0.8644287660717964
  view-data: 3.4891898036003113
