times:
  edit-metadata: 1.556437000632286
  landing: 0.7858539894223213
  view-data: 3.448961243033409
