times:
  edit-metadata: 1.3903698548674583
  landing: 0.9087438136339188
  view-data: 3.473858505487442
