times:
  edit-metadata: 1.597188025712967
  landing: 0.8441321179270744
  view-data: 3.4765452444553375
