times:
  edit-metadata: 1.4214677885174751
  landing: 0.8501982316374779
  view-data: 3.447617620229721
