times:
  edit-metadata: 1.4349677115678787
  landing: 0.808996394276619
  view-data: 3.3923061564564705
