times:
  edit-metadata: 1.3812964484095573
  landing: 0.8630209937691689
  view-data: 3.250367619097233
