times:
  edit-metadata: 1.4886711984872818
  landing: 1.0642949119210243
  view-data: 3.5538950711488724
