times:
  edit-metadata: 1.4536112174391747
  landing: 0.9528209343552589
  view-data: 3.3077912256121635
