times:
  edit-metadata: 1.4454646781086922
  landing: 0.7427553310990334
  view-data: 3.51472557336092
