times:
  edit-metadata: 1.3909961879253387
  landing: 0.7242108434438705
  view-data: 3.4270331487059593
