times:
  edit-metadata: 1.4698689207434654
  landing: 0.7575377374887466
  view-data: 3.4652779027819633
