times:
  edit-metadata: 1.4992569014430046
  landing: 0.8290380239486694
  view-data: 3.4831750616431236
