times:
  edit-metadata: 1.5305233001708984
  landing: 0.9364995956420898
  view-data: 3.3253989666700363
