times:
  edit-metadata: 1.432812012732029
  landing: 0.8617307990789413
  view-data: 3.342895671725273
