times:
  edit-metadata: 1.4127109125256538
  landing: 0.9669268280267715
  view-data: 3.469866380095482
