times:
  edit-metadata: 1.5517354756593704
  landing: 1.2368688732385635
  view-data: 3.4180413261055946
