times:
  edit-metadata: 1.5099493339657784
  landing: 0.7988104000687599
  view-data: 3.2758195251226425
