times:
  edit-metadata: 1.3707647696137428
  landing: 0.7840829119086266
  view-data: 3.5070572048425674
