times:
  edit-metadata: 1.3428531885147095
  landing: 0.7860333919525146
  view-data: 3.5718908086419106
