times:
  edit-metadata: 1.3386975526809692
  landing: 0.8380817696452141
  view-data: 3.464410938322544
