times:
  edit-metadata: 1.5781143605709076
  landing: 1.1078720912337303
  view-data: 3.5249012038111687
