times:
  edit-metadata: 1.4050356298685074
  landing: 0.8364306315779686
  view-data: 3.266466572880745
