times:
  edit-metadata: 1.4910791367292404
  landing: 0.7650807648897171
  view-data: 3.4378762394189835
