times:
  edit-metadata: 2.0863495618104935
  landing: 1.4526534974575043
  view-data: 3.4552676007151604
