times:
  edit-metadata: 1.547523371875286
  landing: 0.8353005349636078
  view-data: 3.3725162371993065
