times:
  edit-metadata: 1.4857098460197449
  landing: 0.8731043785810471
  view-data: 3.4244494140148163
