times:
  edit-metadata: 1.358491487801075
  landing: 0.8228564336895943
  view-data: 3.4510821774601936
