times:
  edit-metadata: 1.4921897873282433
  landing: 0.8925937563180923
  view-data: 3.313838869333267
