times:
  edit-metadata: 1.3555769100785255
  landing: 1.037815399467945
  view-data: 3.4666044116020203
