times:
  edit-metadata: 3.7601997330784798
  landing: 1.7946126982569695
  view-data: 3.620370551943779
