times:
  edit-metadata: 1.5087427571415901
  landing: 0.8570339232683182
  view-data: 3.416072465479374
