times:
  edit-metadata: 1.473297692835331
  landing: 0.8368527814745903
  view-data: 3.52905735373497
