times:
  edit-metadata: 1.4720044061541557
  landing: 0.8757043927907944
  view-data: 3.337238349020481
