times:
  edit-metadata: 1.5691097676753998
  landing: 1.1263664364814758
  view-data: 3.684987433254719
