times:
  edit-metadata: 1.7236498072743416
  landing: 0.8978772088885307
  view-data: 3.362464487552643
