times:
  edit-metadata: 1.6532716155052185
  landing: 0.9948791190981865
  view-data: 3.3312167450785637
