times:
  edit-metadata: 1.4878929108381271
  landing: 0.7859882265329361
  view-data: 3.5319551303982735
