times:
  edit-metadata: 1.3270195797085762
  landing: 1.1285572722554207
  view-data: 3.4131930992007256
