times:
  edit-metadata: 1.4518675208091736
  landing: 0.7527625933289528
  view-data: 3.3910877630114555
