times:
  edit-metadata: 1.4690873995423317
  landing: 0.800978347659111
  view-data: 3.53497926145792
