times:
  edit-metadata: 1.5030738785862923
  landing: 0.8119230344891548
  view-data: 3.502788081765175
