times:
  edit-metadata: 1.405396543443203
  landing: 0.7639090269804001
  view-data: 3.444012828171253
