times:
  edit-metadata: 1.3697199523448944
  landing: 0.6837241053581238
  view-data: 3.390824630856514
