times:
  edit-metadata: 1.488800548017025
  landing: 0.7331600785255432
  view-data: 3.4231877103447914
