times:
  edit-metadata: 2.574949860572815
  landing: 1.338347390294075
  view-data: 3.5314093083143234
