times:
  edit-metadata: 1.4268934801220894
  landing: 0.7928157970309258
  view-data: 3.4701977595686913
