times:
  edit-metadata: 1.414850875735283
  landing: 0.7449644654989243
  view-data: 3.447319872677326
