times:
  edit-metadata: 1.4910414442420006
  landing: 0.7829512804746628
  view-data: 3.4651918187737465
