times:
  edit-metadata: 1.4003721997141838
  landing: 0.8277808353304863
  view-data: 3.5014012083411217
