times:
  edit-metadata: 1.4444782808423042
  landing: 0.8478706479072571
  view-data: 3.3906444758176804
