times:
  edit-metadata: 1.3484276607632637
  landing: 0.7751709669828415
  view-data: 3.483842134475708
