times:
  edit-metadata: 1.4312844648957253
  landing: 0.7711722627282143
  view-data: 3.4619146212935448
