times:
  edit-metadata: 1.4040591791272163
  landing: 0.818452998995781
  view-data: 3.495590068399906
