times:
  edit-metadata: 1.4472988098859787
  landing: 0.820813313126564
  view-data: 3.4770489186048508
