times:
  edit-metadata: 1.525719590485096
  landing: 1.0421592369675636
  view-data: 3.5933172926306725
