times:
  edit-metadata: 1.4390539973974228
  landing: 0.7977592498064041
  view-data: 3.4597983583807945
