times:
  edit-metadata: 1.3747505322098732
  landing: 0.6999377459287643
  view-data: 3.41540065407753
