times:
  edit-metadata: 1.3564811572432518
  landing: 0.808401569724083
  view-data: 3.515400119125843
