times:
  edit-metadata: 1.4411377757787704
  landing: 0.8059947043657303
  view-data: 3.5389049276709557
