times:
  edit-metadata: 1.431188739836216
  landing: 0.7954471483826637
  view-data: 3.5019779950380325
