times:
  edit-metadata: 1.5380380898714066
  landing: 0.8220290541648865
  view-data: 3.44110856205225
