times:
  edit-metadata: 1.3919014260172844
  landing: 0.797997497022152
  view-data: 3.556210421025753
