times:
  edit-metadata: 1.9087314084172249
  landing: 1.2532945573329926
  view-data: 3.4877471923828125
