times:
  edit-metadata: 1.7475531175732613
  landing: 1.0440174490213394
  view-data: 3.8290999680757523
