times:
  edit-metadata: 1.4402208775281906
  landing: 0.7770683690905571
  view-data: 3.5059971809387207
