times:
  edit-metadata: 1.540434218943119
  landing: 1.1416036114096642
  view-data: 3.380806878209114
