times:
  edit-metadata: 1.5043782591819763
  landing: 0.7580399811267853
  view-data: 3.5363358333706856
