times:
  edit-metadata: 1.5265757590532303
  landing: 0.931432269513607
  view-data: 3.512009873986244
