times:
  edit-metadata: 1.5234198048710823
  landing: 0.7851536273956299
  view-data: 3.466816008090973
