times:
  edit-metadata: 1.4548612460494041
  landing: 0.8567404821515083
  view-data: 3.401686355471611
