times:
  edit-metadata: 1.5333313792943954
  landing: 0.8381129130721092
  view-data: 3.5075653418898582
