times:
  edit-metadata: 1.4382157176733017
  landing: 0.7680130079388618
  view-data: 3.599403440952301
