times:
  edit-metadata: 1.415526881814003
  landing: 0.8131767883896828
  view-data: 3.5124872475862503
