times:
  edit-metadata: 1.4247788339853287
  landing: 0.8281230106949806
  view-data: 3.35405033826828
