times:
  edit-metadata: 1.469777762889862
  landing: 0.7601199373602867
  view-data: 3.427072674036026
