times:
  edit-metadata: 1.42288588732481
  landing: 0.7773372977972031
  view-data: 3.464926540851593
