times:
  edit-metadata: 1.482100360095501
  landing: 0.8040716722607613
  view-data: 3.5518887042999268
