times:
  edit-metadata: 1.4986080899834633
  landing: 0.8002892956137657
  view-data: 3.484880842268467
