times:
  edit-metadata: 1.412885345518589
  landing: 0.8271918222308159
  view-data: 3.428327187895775
