times:
  edit-metadata: 1.4783717766404152
  landing: 0.7358901798725128
  view-data: 3.5784991905093193
