times:
  edit-metadata: 1.5010523796081543
  landing: 0.818783588707447
  view-data: 3.446810759603977
