times:
  edit-metadata: 1.4917133152484894
  landing: 0.7871942520141602
  view-data: 3.5371747612953186
