times:
  edit-metadata: 1.359990417957306
  landing: 0.8210952058434486
  view-data: 3.4919397234916687
