times:
  edit-metadata: 1.4677931815385818
  landing: 0.8629680648446083
  view-data: 3.46206883341074
