times:
  edit-metadata: 1.4120987430214882
  landing: 0.9375139698386192
  view-data: 3.4618344381451607
