times:
  edit-metadata: 1.599140703678131
  landing: 1.063344493508339
  view-data: 3.621896930038929
