times:
  edit-metadata: 1.4758247435092926
  landing: 0.8182585686445236
  view-data: 3.5133219063282013
