times:
  edit-metadata: 1.9795737713575363
  landing: 0.9358140975236893
  view-data: 3.3424591198563576
