times:
  landing: 0.5507272330000887
  view-data: 0.5540053490000219
