times:
  edit-metadata: 4.093448244035244
  landing: 0.06025830656290054
  view-data: 0.3071194961667061
