times:
  edit-metadata: 1.5335712628439069
  landing: 1.0366365141235292
  view-data: 3.5375164030119777
