times:
  landing: 1.5833384550001028
  view-data: 0.5567630089999511
