times:
  edit-metadata: 4.378977257758379
  landing: 0.6290853302925825
  view-data: 0.3339899890124798
