times:
  landing: 1.0889013259999842
  view-data: 0.5658047889999978
