times:
  edit-metadata: 1.4316824299748987
  landing: 1.003020296106115
  view-data: 3.3682661461643875
