times:
  edit-metadata: 3.4037060749251395
  landing: 0.05414939299225807
  view-data: 0.30117633705958724
