times:
  edit-metadata: 1.7719757240265608
  landing: 0.883476797491312
  view-data: 0.5611187722533941
