times:
  edit-metadata: 2.4441558020189404
  landing: 0.021454564295709133
  view-data: 0.49483966175466776
