times:
  edit-metadata: 1.3710984140634537
  landing: 0.05179631896317005
  view-data: 0.25282238610088825
