times:
  edit-metadata: 1.453381677158177
  landing: 0.04698507860302925
  view-data: 0.2819853173568845
