times:
  landing: 0.568106524000001
  view-data: 0.5608733800000039
