times:
  landing: 1.0732957160000183
  view-data: 0.5479860900000233
