times:
  edit-metadata: 2.4502346590161324
  landing: 0.021885368041694164
  view-data: 0.02714808937162161
