times:
  landing: 0.5536820699999794
  view-data: 0.5556665810000254
