times:
  edit-metadata: 1.8181819231249392
  landing: 0.04888977902010083
  view-data: 0.46800298569723964
