times:
  edit-metadata: 4.612597692757845
  landing: 0.5852618906646967
  view-data: 0.7663216292858124
