times:
  edit-metadata: 4.406990500167012
  landing: 0.8864287417382002
  view-data: 0.37836190313100815
