times:
  edit-metadata: 2.5615891879424453
  landing: 0.11552137788385153
  view-data: 0.12136215344071388
