times:
  edit-metadata: 1.9772592300141696
  landing: 0.10786128899781033
  view-data: 0.3470270870020613
