times:
  edit-metadata: 1.4569533206522465
  landing: 1.0311105698347092
  view-data: 3.3420116901397705
