times:
  landing: 0.5579312219999792
  view-data: 0.5558368050000126
