times:
  edit-metadata: 2.4385027177631855
  landing: 0.11394830513745546
  view-data: 0.12059093825519085
