times:
  edit-metadata: 2.9111872149951523
  landing: 0.0506955629971344
  view-data: 0.26576459900388727
