times:
  edit-metadata: 2.6138270050287247
  landing: 0.021199524402618408
  view-data: 0.027528155595064163
