times:
  edit-metadata: 1.4614561200141907
  landing: 0.9078084193170071
  view-data: 3.3297807425260544
