times:
  edit-metadata: 1.5822428427636623
  landing: 0.8638483919203281
  view-data: 3.440164003521204
