times:
  edit-metadata: 4.3322038650512695
  landing: 1.871552212163806
  view-data: 0.44857994839549065
