times:
  landing: 1.6443142089992762
  view-data: 0.579367857426405
