times:
  edit-metadata: 2.5198075817897916
  landing: 0.02400143351405859
  view-data: 0.02665105927735567
