times:
  edit-metadata: 1.8958481587469578
  landing: 1.092393258586526
  view-data: 3.3797373650595546
