times:
  edit-metadata: 4.045301221311092
  landing: 0.058296628296375275
  view-data: 0.3279236853122711
