times:
  edit-metadata: 1.5465018711984158
  landing: 0.9977877400815487
  view-data: 3.4123966097831726
