times:
  edit-metadata: 1.651216789148748
  landing: 0.07559532998129725
  view-data: 0.28441268065944314
