times:
  edit-metadata: 1.7663458660244942
  landing: 1.1747096255421638
  view-data: 3.385033767670393
