times:
  edit-metadata: 2.868142462335527
  landing: 1.613625287078321
  view-data: 3.418949518352747
