times:
  landing: 0.5482914099999903
  view-data: 0.5594428359999597
