times:
  landing: 1.0716552790000264
  view-data: 0.5558659239999884
