times:
  edit-metadata: 1.8630260890349746
  landing: 0.04323633806779981
  view-data: 0.34811062877997756
