times:
  edit-metadata: 4.511070808395743
  landing: 1.1980295032262802
  view-data: 1.2719188947230577
