times:
  edit-metadata: 1.6913646571338177
  landing: 1.0249341987073421
  view-data: 3.442360956221819
