times:
  edit-metadata: 1.5434244270436466
  landing: 0.06987167906481773
  view-data: 0.2808665030170232
