times:
  edit-metadata: 4.0373911671340466
  landing: 0.04738714173436165
  view-data: 0.3017575964331627
