times:
  edit-metadata: 1.6582838520407677
  landing: 0.847497746348381
  view-data: 1.0139116514474154
