times:
  landing: 0.548905719000004
  view-data: 0.5592173959999798
