times:
  edit-metadata: 1.3991683535277843
  landing: 0.05552012473344803
  view-data: 0.2619227021932602
