times:
  edit-metadata: 3.613704062998295
  landing: 0.06399828218854964
  view-data: 0.28251665201969445
