times:
  edit-metadata: 4.0683086812496185
  landing: 0.06093234941363335
  view-data: 0.3227928802371025
