times:
  edit-metadata: 1.6998259670799598
  landing: 0.14906490501016378
  view-data: 0.3174046450294554
