times:
  edit-metadata: 2.9280645214021206
  landing: 0.047795504331588745
  view-data: 0.26752861216664314
