times:
  edit-metadata: 1.582659109029919
  landing: 0.06704605999402702
  view-data: 0.4308849109802395
