times:
  edit-metadata: 1.5112747009843588
  landing: 0.050653642043471336
  view-data: 0.38038550270721316
