times:
  edit-metadata: 4.374486783519387
  landing: 0.48761389777064323
  view-data: 0.34466749243438244
