times:
  edit-metadata: 3.145853757000168
  landing: 0.10183075100030692
  view-data: 0.4971727639999699
