times:
  edit-metadata: 3.325937702989904
  landing: 0.05652142598410137
  view-data: 0.23318492900580168
