times:
  edit-metadata: 1.6533548580482602
  landing: 0.05965701583772898
  view-data: 0.32508414005860686
