times:
  edit-metadata: 1.3833727790042758
  landing: 0.8507932098582387
  view-data: 3.3613945795223117
