times:
  edit-metadata: 1.435566856060177
  landing: 0.05393301974982023
  view-data: 0.2759177857078612
