times:
  landing: 0.5480888489998961
  view-data: 0.5502028480000263
