times:
  edit-metadata: 4.046719320118427
  landing: 0.05646418407559395
  view-data: 0.31667178496718407
