times:
  landing: 0.5597037819999855
  view-data: 0.5586489080000092
