times:
  landing: 0.5641435169999909
  view-data: 0.5679537169999946
