times:
  edit-metadata: 1.5458593182265759
  landing: 0.8421510104089975
  view-data: 3.396010195836425
