times:
  edit-metadata: 2.1098441192880273
  landing: 1.3890033178031445
  view-data: 3.55160569306463
