times:
  edit-metadata: 1.5247038789093494
  landing: 0.9504343513399363
  view-data: 3.4456377923488617
