times:
  edit-metadata: 1.6774550069821998
  landing: 0.048642217007
  view-data: 0.4169126969645731
