times:
  landing: 1.0635206499999867
  view-data: 0.5469666229999746
