times:
  landing: 1.0738819979999903
  view-data: 0.5577740070000061
