times:
  edit-metadata: 2.265392053872347
  landing: 1.3491592593491077
  view-data: 3.469661993905902
