times:
  edit-metadata: 1.4317554971203208
  landing: 0.05736980168148875
  view-data: 0.28502310113981366
