times:
  edit-metadata: 1.6653525409928989
  landing: 0.047921605000738055
  view-data: 0.3645258260075934
