times:
  edit-metadata: 6.357780810445547
  landing: 0.5987464115023613
  view-data: 0.2908481601625681
