times:
  landing: 0.5429472170000054
  view-data: 0.5436769260000176
