times:
  edit-metadata: 1.5212031251285225
  landing: 0.05119672301225364
  view-data: 0.2772998809814453
