times:
  landing: 1.0728805429999966
  view-data: 0.5551981369999908
