times:
  edit-metadata: 4.574808364734054
  landing: 1.115706667304039
  view-data: 0.7648375406861305
