times:
  edit-metadata: 1.4038086300715804
  landing: 0.8873599697835743
  view-data: 3.3635103129781783
