times:
  edit-metadata: 2.4468024214729667
  landing: 0.021034101024270058
  view-data: 0.10010004695504904
