times:
  edit-metadata: 1.3796783490106463
  landing: 0.048766874708235264
  view-data: 0.24462414160370827
