times:
  edit-metadata: 3.5956491510150954
  landing: 0.0496099449810572
  view-data: 0.2424424370401539
