times:
  edit-metadata: 1.4534832304343581
  landing: 0.8643410317599773
  view-data: 0.5290245590731502
