times:
  edit-metadata: 4.277678156271577
  landing: 0.6626262720674276
  view-data: 0.45391713827848434
