times:
  landing: 0.5554997350000122
  view-data: 0.5554485829999862
