times:
  edit-metadata: 1.3744134376756847
  landing: 0.05213323188945651
  view-data: 0.22968435799703002
