times:
  edit-metadata: 4.730984400957823
  landing: 0.5812167637050152
  view-data: 0.7848465088754892
