times:
  landing: 0.5618719169999906
  view-data: 0.5573847850000107
