times:
  edit-metadata: 1.6419229619204998
  landing: 0.8087519183754921
  view-data: 3.360682809725404
