times:
  edit-metadata: 1.5367015999509022
  landing: 0.8369751680875197
  view-data: 3.2735724019585177
