times:
  edit-metadata: 1.6136019304394722
  landing: 0.9582895301282406
  view-data: 3.397281587123871
