times:
  landing: 0.554337860000004
  view-data: 0.5607981680000194
