times:
  edit-metadata: 4.471416391432285
  landing: 0.8840445578098297
  view-data: 0.4371193014085293
