times:
  edit-metadata: 1.8618462104350328
  landing: 1.4200664777308702
  view-data: 0.6296151792630553
