times:
  edit-metadata: 1.46362069202587
  landing: 0.8825245932675898
  view-data: 3.3487067478708923
