times:
  edit-metadata: 2.798682950437069
  landing: 0.019954225048422813
  view-data: 0.14315513521432877
