times:
  edit-metadata: 1.4021055735647678
  landing: 0.049890401773154736
  view-data: 0.27180461026728153
