times:
  landing: 0.5809853310000221
  view-data: 0.5643472090000046
