times:
  edit-metadata: 1.4028413542546332
  landing: 0.050785582046955824
  view-data: 0.288436652161181
