times:
  edit-metadata: 1.4164465386420488
  landing: 0.8381465133279562
  view-data: 3.362256186082959
