times:
  edit-metadata: 1.4935272900038399
  landing: 0.05100866500288248
  view-data: 0.28443987597711384
