times:
  edit-metadata: 1.5471091894432902
  landing: 0.9201274132356048
  view-data: 3.3712283768691123
