times:
  edit-metadata: 2.452025813050568
  landing: 0.022032707929611206
  view-data: 0.560442479327321
