times:
  edit-metadata: 1.528890181798488
  landing: 0.04598681116476655
  view-data: 0.30176821909844875
