times:
  landing: 1.0709494389999463
  view-data: 0.5612955169999623
