times:
  edit-metadata: 1.5582646112889051
  landing: 0.7986323274672031
  view-data: 3.4107431545853615
