times:
  landing: 1.0644371469998077
  view-data: 0.5537817909998921
