times:
  edit-metadata: 3.2091583080473356
  landing: 0.058062996016815305
  view-data: 0.23841802799142897
