times:
  edit-metadata: 1.6391551569104195
  landing: 1.1301147677004337
  view-data: 3.376976739615202
