times:
  edit-metadata: 2.461136826314032
  landing: 0.11361415684223175
  view-data: 0.43576212506741285
