times:
  edit-metadata: 2.4513898296281695
  landing: 0.019719569943845272
  view-data: 0.4466594448313117
