times:
  edit-metadata: 1.4420345984399319
  landing: 0.8353340364992619
  view-data: 3.29223108664155
