times:
  edit-metadata: 1.4550175839103758
  landing: 0.057254408951848745
  view-data: 0.2622514171525836
