times:
  edit-metadata: 3.312125845812261
  landing: 0.05453346506692469
  view-data: 0.2493847960140556
