times:
  edit-metadata: 1.8699001660570502
  landing: 1.3566017635166645
  view-data: 3.423778601922095
