times:
  edit-metadata: 1.5525286570191383
  landing: 0.7647417895495892
  view-data: 3.4102657083421946
