times:
  edit-metadata: 1.492451119236648
  landing: 1.015555483289063
  view-data: 0.603639860637486
