times:
  landing: 0.5536154170000032
  view-data: 0.05945448799997166
