times:
  landing: 0.5546255429999292
  view-data: 0.552073369000027
