times:
  edit-metadata: 2.4269602550193667
  landing: 0.018653538078069687
  view-data: 0.026054915972054005
