times:
  edit-metadata: 3.3009842531755567
  landing: 0.04846625914797187
  view-data: 0.2353276889771223
