times:
  edit-metadata: 2.485699157230556
  landing: 0.02022336795926094
  view-data: 0.12030407600104809
