times:
  edit-metadata: 1.6451778947375715
  landing: 0.07883251272141933
  view-data: 0.2810397152788937
