times:
  edit-metadata: 1.5235141559969634
  landing: 0.048112996155396104
  view-data: 0.3601649207994342
