times:
  edit-metadata: 2.0221139565110207
  landing: 1.2450394611805677
  view-data: 3.544798705726862
