times:
  edit-metadata: 3.2453317219624296
  landing: 0.04904726496897638
  view-data: 0.23061983799561858
