times:
  edit-metadata: 2.4808543464168906
  landing: 0.14009506441652775
  view-data: 0.10060702357441187
