times:
  edit-metadata: 4.819594044238329
  landing: 0.7915265411138535
  view-data: 0.4372581299394369
