times:
  edit-metadata: 4.482424575835466
  landing: 0.8960744235664606
  view-data: 0.4518373552709818
