times:
  edit-metadata: 1.6307916650548577
  landing: 0.05618093069642782
  view-data: 0.2857500519603491
