times:
  edit-metadata: 2.479598701931536
  landing: 0.02176233660429716
  view-data: 0.4292728714644909
