times:
  landing: 0.5569820270000037
  view-data: 0.5636941219999869
