times:
  edit-metadata: 1.4074286706745625
  landing: 0.053179094567894936
  view-data: 0.27608818747103214
