times:
  landing: 1.0680401289999963
  view-data: 0.5642716250000035
