times:
  edit-metadata: 4.034281209111214
  landing: 0.052634526044130325
  view-data: 0.3095284514129162
