times:
  edit-metadata: 1.5810446478426456
  landing: 0.8878202624619007
  view-data: 0.7081762664020061
