times:
  edit-metadata: 1.498025681823492
  landing: 0.7679197117686272
  view-data: 0.5858422555029392
