times:
  edit-metadata: 1.4467163970693946
  landing: 0.8616189919412136
  view-data: 3.442483926191926
