times:
  landing: 0.5594925919999696
  view-data: 0.560231794999936
