times:
  edit-metadata: 4.374333215877414
  landing: 0.589701171964407
  view-data: 0.44859727658331394
