times:
  edit-metadata: 2.4479317851364613
  landing: 0.02183165866881609
  view-data: 0.026533734053373337
