times:
  edit-metadata: 2.5044005597010255
  landing: 0.022367097437381744
  view-data: 0.12084704916924238
