times:
  edit-metadata: 2.4455643333494663
  landing: 0.02182758692651987
  view-data: 0.023163885809481144
