times:
  edit-metadata: 4.498131260275841
  landing: 0.0536864697933197
  view-data: 0.33289534226059914
