times:
  edit-metadata: 1.3901221696287394
  landing: 0.055220610462129116
  view-data: 0.30683626141399145
