times:
  edit-metadata: 2.8315336983650923
  landing: 0.021203506737947464
  view-data: 0.027939293533563614
