times:
  landing: 0.5568458779999901
  view-data: 0.5591920879999748
