times:
  edit-metadata: 6.096655152738094
  landing: 0.6122713275253773
  view-data: 0.285410625860095
