times:
  edit-metadata: 1.5824702605605125
  landing: 0.8278914671391249
  view-data: 0.6164234224706888
