times:
  edit-metadata: 2.499449525028467
  landing: 0.01991991698741913
  view-data: 0.12745740357786417
