times:
  edit-metadata: 3.6702372159343213
  landing: 0.05356186511926353
  view-data: 0.25955396704375744
