times:
  edit-metadata: 4.3669115118682384
  landing: 0.6017457619309425
  view-data: 0.42798477597534657
