times:
  edit-metadata: 2.7679917393252254
  landing: 0.05160565581172705
  view-data: 0.024448608048260212
