times:
  edit-metadata: 1.3329826679546386
  landing: 0.7305938100907952
  view-data: 3.2918557510711253
