times:
  edit-metadata: 2.1712370608001947
  landing: 0.8944344818592072
  view-data: 3.390404134988785
