times:
  edit-metadata: 1.5328210704028606
  landing: 0.9740193970501423
  view-data: 3.2965222485363483
