times:
  edit-metadata: 1.555248494260013
  landing: 0.06641506962478161
  view-data: 0.3047251389361918
