times:
  landing: 0.571147854000003
  view-data: 0.5630544780000264
