times:
  edit-metadata: 2.5445807091891766
  landing: 0.022604327648878098
  view-data: 0.10363332647830248
