times:
  landing: 0.5580586149999363
  view-data: 0.5554629860000659
