times:
  landing: 1.0683096280000086
  view-data: 0.5608587819999684
