times:
  edit-metadata: 1.3674699254333973
  landing: 0.05577921587973833
  view-data: 0.27782225189730525
