times:
  edit-metadata: 3.3424532087519765
  landing: 0.045397165697067976
  view-data: 0.24222786724567413
