times:
  edit-metadata: 1.4910066584125161
  landing: 0.05967388115823269
  view-data: 0.2723408713936806
