times:
  edit-metadata: 3.2892646320397034
  landing: 0.04709607898257673
  view-data: 0.23000301205320284
