times:
  edit-metadata: 1.5881196334958076
  landing: 1.0628426596522331
  view-data: 3.3428447991609573
