times:
  landing: 1.0880284329996357
  view-data: 0.5635950289997709
