times:
  edit-metadata: 1.6446357732638717
  landing: 0.049412723165005445
  view-data: 0.3117922358214855
