times:
  landing: 0.5512174940000136
  view-data: 0.5604163380000102
