times:
  edit-metadata: 1.485138449817896
  landing: 1.0124850571155548
  view-data: 3.53210161998868
