times:
  edit-metadata: 2.869470275938511
  landing: 0.02238215133547783
  view-data: 0.40967401675879955
