times:
  landing: 1.067008536000003
  view-data: 0.5565933060000248
