times:
  edit-metadata: 2.3782701855525374
  landing: 0.02048442605882883
  view-data: 0.23587679211050272
