times:
  edit-metadata: 1.5883883908390999
  landing: 0.8248722050338984
  view-data: 4.02043167874217
