times:
  landing: 1.7001673530321568
  view-data: 0.032617202028632164
