times:
  edit-metadata: 1.5792038440704346
  landing: 0.07067424897104502
  view-data: 0.2775645931251347
