times:
  landing: 0.5544870730000184
  view-data: 0.5659745379999777
