times:
  edit-metadata: 1.5249912552535534
  landing: 1.0244468748569489
  view-data: 3.292865816503763
