times:
  edit-metadata: 1.5413114540278912
  landing: 0.7991867419332266
  view-data: 3.365020105615258
