times:
  edit-metadata: 3.3197367059765384
  landing: 0.05017997103277594
  view-data: 0.2363673549843952
