times:
  landing: 0.5552995210000233
  view-data: 0.5587532659999965
