times:
  edit-metadata: 2.4877175483852625
  landing: 0.022452156990766525
  view-data: 0.025215035304427147
