times:
  edit-metadata: 1.5952096218243241
  landing: 0.7680039121769369
  view-data: 3.4161886256188154
