times:
  landing: 0.5522902049999914
  view-data: 0.5594338559999983
