times:
  edit-metadata: 1.6418877746909857
  landing: 0.8212739638984203
  view-data: 3.399234039708972
