times:
  landing: 1.0764973720000057
  view-data: 0.5606715239999858
