times:
  edit-metadata: 2.520844789221883
  landing: 1.360132459551096
  view-data: 3.7280632946640253
