times:
  edit-metadata: 1.5682165026664734
  landing: 0.9697677157819271
  view-data: 3.3864548839628696
