times:
  edit-metadata: 1.6495954459533095
  landing: 0.06178232794627547
  view-data: 0.3375251218676567
