times:
  landing: 0.5480213920000097
  view-data: 0.5543741850000004
