times:
  edit-metadata: 1.5613867909414694
  landing: 0.07881976093631238
  view-data: 0.2941661359509453
