times:
  edit-metadata: 2.8695112243294716
  landing: 0.16757655516266823
  view-data: 0.38245636969804764
