times:
  edit-metadata: 3.29295344199636
  landing: 0.053887015994405374
  view-data: 0.23990837299788836
