times:
  edit-metadata: 1.674485631287098
  landing: 1.1289217919111252
  view-data: 3.3659295924007893
