times:
  edit-metadata: 3.3784613111056387
  landing: 0.05788239883258939
  view-data: 0.24192812200635672
