times:
  edit-metadata: 3.2919826059951447
  landing: 0.05227480595931411
  view-data: 0.24218721699435264
