times:
  edit-metadata: 1.406047547236085
  landing: 0.8183740004897118
  view-data: 3.3829956334084272
