times:
  edit-metadata: 1.4014696991071105
  landing: 0.055114591494202614
  view-data: 0.39609858952462673
