times:
  edit-metadata: 1.5551335345953703
  landing: 0.8066432476043701
  view-data: 3.3808469716459513
