times:
  edit-metadata: 3.3293811790063046
  landing: 0.05453001195564866
  view-data: 0.24217890703585
