times:
  landing: 1.0779311550000443
  view-data: 0.5509050719999777
