times:
  landing: 1.0766166919999023
  view-data: 0.5541230329999962
