times:
  landing: 0.5600505030000704
  view-data: 0.5548035069999742
