times:
  edit-metadata: 3.492351119988598
  landing: 0.045329713029786944
  view-data: 0.24063774105161428
