times:
  landing: 1.0891768459999867
  view-data: 0.5671499219999987
