times:
  edit-metadata: 1.70804631896317
  landing: 0.9032515622675419
  view-data: 3.331553401425481
