times:
  landing: 0.5506808270001784
  view-data: 0.5491722320000463
