times:
  edit-metadata: 1.7198182649954106
  landing: 0.1335283519947552
  view-data: 0.29817847199592507
