times:
  edit-metadata: 1.4113057423382998
  landing: 0.050173225812613964
  view-data: 0.26823782408609986
