times:
  edit-metadata: 1.4926323480904102
  landing: 6.7642433531582355
  view-data: 3.4282304160296917
