times:
  edit-metadata: 1.5508566410280764
  landing: 0.06589243421331048
  view-data: 0.30345381889492273
