times:
  landing: 0.5516944359999911
  view-data: 0.5554436520000081
