times:
  edit-metadata: 4.577590661123395
  landing: 0.5795395895838737
  view-data: 0.7685014586895704
