times:
  edit-metadata: 1.5608311030082405
  landing: 0.08387923007830977
  view-data: 0.3122114660218358
