times:
  landing: 0.5505908690000183
  view-data: 0.5485875429999965
