times:
  landing: 1.0743390490000024
  view-data: 0.5602898729999879
