times:
  landing: 0.5515623600000481
  view-data: 0.5510253250000119
