times:
  edit-metadata: 4.493115840479732
  landing: 0.9830391444265842
  view-data: 0.5683185234665871
