times:
  edit-metadata: 1.5601979345083237
  landing: 0.7725646980106831
  view-data: 0.523288432508707
