times:
  edit-metadata: 1.5370233245193958
  landing: 1.008758656680584
  view-data: 3.3420880809426308
