times:
  edit-metadata: 1.6406884960015304
  landing: 0.050205405976157635
  view-data: 0.284153871005401
