times:
  edit-metadata: 1.8745712949894369
  landing: 0.0817403276450932
  view-data: 0.4187957881949842
