times:
  edit-metadata: 2.5131021589040756
  landing: 0.12224568333476782
  view-data: 0.025186185725033283
