times:
  edit-metadata: 1.5851603038609028
  landing: 0.897377036511898
  view-data: 3.3730121217668056
