times:
  edit-metadata: 4.630237421020865
  landing: 1.0439973529428244
  view-data: 0.3692352622747421
