times:
  edit-metadata: 1.574681608999981
  landing: 0.0713386869997521
  view-data: 0.2726936500002921
