times:
  edit-metadata: 1.5576712489128113
  landing: 0.7700039632618427
  view-data: 3.3647907711565495
