times:
  edit-metadata: 2.504157215356827
  landing: 0.020205765031278133
  view-data: 0.025872870348393917
