times:
  edit-metadata: 1.4425344970077276
  landing: 0.7367932628840208
  view-data: 3.3292986806482077
