times:
  edit-metadata: 3.2897200940642506
  landing: 0.04447467299178243
  view-data: 0.23497337102890015
