times:
  landing: 1.0807968530000096
  view-data: 0.5548981849999848
