times:
  edit-metadata: 4.47968291118741
  landing: 0.9995101522654295
  view-data: 0.41974629648029804
