times:
  landing: 0.5880102808587253
  view-data: 0.563514290843159
