times:
  edit-metadata: 1.4999903589487076
  landing: 0.9564495086669922
  view-data: 3.365863274782896
