times:
  edit-metadata: 6.904398253187537
  landing: 0.956188153475523
  view-data: 0.31744108349084854
