times:
  edit-metadata: 1.4008820923045278
  landing: 0.8675683056935668
  view-data: 3.3031633626669645
