times:
  edit-metadata: 1.504483327968046
  landing: 0.04978878004476428
  view-data: 0.28956012218259275
