times:
  landing: 1.1441533000000277
  view-data: 0.5656319959999792
