times:
  edit-metadata: 1.40775475371629
  landing: 0.9347239537164569
  view-data: 3.2876682709902525
