times:
  landing: 1.0759762800000203
  view-data: 0.5627040580000084
