times:
  edit-metadata: 3.273601285996847
  landing: 0.04793951899046078
  view-data: 0.23829211998963729
