times:
  landing: 1.0776267159999975
  view-data: 0.5532341859999974
