times:
  edit-metadata: 1.5337459333240986
  landing: 0.9142709784209728
  view-data: 0.5365493036806583
