times:
  edit-metadata: 1.632490155985579
  landing: 0.060112220933660865
  view-data: 0.2987075090641156
