times:
  edit-metadata: 1.5647591315209866
  landing: 0.9325409904122353
  view-data: 3.334821693599224
