times:
  edit-metadata: 1.463062941096723
  landing: 0.047202195040881634
  view-data: 0.23982253717258573
