times:
  edit-metadata: 1.8004523999989033
  landing: 1.1337582506239414
  view-data: 3.3893352895975113
