times:
  edit-metadata: 1.3452767916023731
  landing: 0.7819724567234516
  view-data: 3.32472912222147
