times:
  edit-metadata: 2.4115864699706435
  landing: 0.12884091306477785
  view-data: 0.11922369617968798
