times:
  landing: 1.0682259949999775
  view-data: 0.5660133560000418
