times:
  edit-metadata: 1.4221067088656127
  landing: 0.05187286389991641
  view-data: 0.24568144604563713
