times:
  landing: 0.5597283079999897
  view-data: 0.5470733659999496
