times:
  landing: 0.5555162299999665
  view-data: 0.5603619959999833
