times:
  edit-metadata: 6.067142501473427
  landing: 0.5029622111469507
  view-data: 0.32759712263941765
