times:
  edit-metadata: 1.5762218832969666
  landing: 0.9947950765490532
  view-data: 3.4219617918133736
