times:
  edit-metadata: 1.6594571530004032
  landing: 0.07314070302527398
  view-data: 0.2854157399851829
