times:
  edit-metadata: 1.9440725669264793
  landing: 1.201527688652277
  view-data: 3.3367780186235905
