times:
  edit-metadata: 4.360395209863782
  landing: 0.919083358719945
  view-data: 0.4589606188237667
