times:
  edit-metadata: 1.877700918354094
  landing: 1.6813539946451783
  view-data: 3.792159521020949
