times:
  edit-metadata: 3.3708622350823134
  landing: 0.05494423396885395
  view-data: 0.24081698805093765
