times:
  edit-metadata: 1.4125924031250179
  landing: 0.0584785807877779
  view-data: 0.2744840490631759
