times:
  edit-metadata: 1.3442308772355318
  landing: 0.7873277915641665
  view-data: 3.245033932849765
