times:
  edit-metadata: 1.527400385006331
  landing: 0.07891470799222589
  view-data: 0.3992341519333422
