times:
  edit-metadata: 1.5167210919316858
  landing: 0.06415593693964183
  view-data: 0.2763119029114023
