times:
  edit-metadata: 1.5606367196887732
  landing: 0.8275909572839737
  view-data: 3.399353787302971
