times:
  edit-metadata: 1.4060932230204344
  landing: 0.8901327531784773
  view-data: 3.424834002740681
