times:
  edit-metadata: 3.3420681031420827
  landing: 0.05010924581438303
  view-data: 0.24622593587264419
