times:
  edit-metadata: 1.5841210279613733
  landing: 0.9701405242085457
  view-data: 3.316996233537793
