times:
  landing: 0.5559253739999974
  view-data: 0.5548064090000082
