times:
  edit-metadata: 3.4060972090810537
  landing: 0.059224462835118175
  view-data: 0.23752909898757935
