times:
  edit-metadata: 4.0722711160779
  landing: 0.05906593054533005
  view-data: 0.3168726786971092
