times:
  landing: 0.550801550999978
  view-data: 0.5486279399999887
