times:
  landing: 0.5614239029999908
  view-data: 0.5576327079999714
