times:
  edit-metadata: 4.1145301051437855
  landing: 0.04849063232541084
  view-data: 0.312262836843729
