times:
  edit-metadata: 4.076830290257931
  landing: 0.048117101192474365
  view-data: 0.303615503013134
