times:
  edit-metadata: 1.46364152058959
  landing: 0.7744138240814209
  view-data: 0.5050879120826721
