times:
  edit-metadata: 2.7126019997522235
  landing: 1.5892470953986049
  view-data: 3.8031047051772475
