times:
  edit-metadata: 1.6274650171399117
  landing: 0.8643189407885075
  view-data: 3.406510401517153
