times:
  edit-metadata: 2.0332627715542912
  landing: 0.05237916996702552
  view-data: 0.2794150789268315
