times:
  edit-metadata: 1.700793594121933
  landing: 1.2941879853606224
  view-data: 3.363808587193489
