times:
  landing: 0.5547822730000007
  view-data: 0.5549181830000407
