times:
  edit-metadata: 4.011892702430487
  landing: 0.05757300928235054
  view-data: 0.310817614197731
