times:
  edit-metadata: 3.406637419015169
  landing: 0.05188692291267216
  view-data: 0.2602119331713766
