times:
  edit-metadata: 1.7928633480332792
  landing: 0.0865728915669024
  view-data: 0.2986964350566268
