times:
  edit-metadata: 1.7719357419991866
  landing: 0.09017205698182806
  view-data: 0.32944415498059243
