times:
  landing: 0.5484936189999985
  view-data: 0.5569214669999951
