times:
  edit-metadata: 6.3580866158008575
  landing: 0.7441500462591648
  view-data: 0.30287887156009674
