times:
  edit-metadata: 1.3411564999260008
  landing: 0.05710973124951124
  view-data: 0.23702423181384802
