times:
  edit-metadata: 1.5451492443680763
  landing: 1.1298684999346733
  view-data: 3.3625042736530304
