times:
  edit-metadata: 2.1275357389822602
  landing: 1.5512015307322145
  view-data: 3.4203290389850736
