times:
  edit-metadata: 1.624395227059722
  landing: 0.9595161285251379
  view-data: 0.6222678907215595
