times:
  edit-metadata: 2.4109150050207973
  landing: 0.020443984307348728
  view-data: 0.025812319479882717
