times:
  edit-metadata: 1.768705734051764
  landing: 0.944793742033653
  view-data: 0.6589858640218154
