times:
  edit-metadata: 2.4191323053091764
  landing: 0.14927056059241295
  view-data: 0.5274455035105348
