times:
  edit-metadata: 1.4724054411053658
  landing: 0.9646550454199314
  view-data: 3.3830216005444527
