times:
  edit-metadata: 1.644435804337263
  landing: 1.1792439967393875
  view-data: 3.376701455563307
