times:
  edit-metadata: 2.0500473328866065
  landing: 0.08241422520950437
  view-data: 0.2998976339586079
