times:
  edit-metadata: 1.5262178480625153
  landing: 1.0580186285078526
  view-data: 3.411500621587038
