times:
  edit-metadata: 3.274646130972542
  landing: 0.052342141047120094
  view-data: 0.24175614898558706
