times:
  edit-metadata: 1.280415752902627
  landing: 0.8302474599331617
  view-data: 0.47538433596491814
