times:
  edit-metadata: 3.4720279739703983
  landing: 0.046565943164750934
  view-data: 0.23369776410982013
