times:
  landing: 1.085635740000015
  view-data: 0.5648400879999826
