times:
  edit-metadata: 1.4687904678285122
  landing: 0.7780976444482803
  view-data: 3.4010087344795465
