times:
  edit-metadata: 3.9119405508972704
  landing: 0.10441673500463367
  view-data: 0.2701126770116389
