times:
  landing: 0.5500696119999873
  view-data: 0.5665335200000072
