times:
  edit-metadata: 2.8344384394586086
  landing: 2.1927766762673855
  view-data: 3.5261367112398148
