times:
  edit-metadata: 1.4076339867897332
  landing: 0.046890854835510254
  view-data: 0.28155640605837107
