times:
  edit-metadata: 4.090568147599697
  landing: 0.05815276503562927
  view-data: 0.3053862527012825
