times:
  edit-metadata: 5.973333273082972
  landing: 0.48183559626340866
  view-data: 0.28949028067290783
