times:
  edit-metadata: 1.4704118072986603
  landing: 0.979604933410883
  view-data: 3.3334296196699142
