times:
  edit-metadata: 1.4340823031961918
  landing: 1.0894324891269207
  view-data: 3.252644143998623
