times:
  edit-metadata: 3.181614775210619
  landing: 0.0504300557076931
  view-data: 0.29467303305864334
