times:
  edit-metadata: 1.5073944292962551
  landing: 0.970786857418716
  view-data: 3.3036638563498855
