times:
  edit-metadata: 2.8755672462284565
  landing: 0.2001705002039671
  view-data: 0.4112560525536537
