times:
  edit-metadata: 1.5022084414958954
  landing: 1.0037451647222042
  view-data: 3.3442253544926643
