times:
  edit-metadata: 4.072785038501024
  landing: 0.046695057302713394
  view-data: 0.3110489211976528
