times:
  edit-metadata: 2.5641504749655724
  landing: 0.022151310928165913
  view-data: 0.02680471632629633
