times:
  edit-metadata: 1.4744862467050552
  landing: 1.0053350403904915
  view-data: 3.3898077215999365
