times:
  edit-metadata: 1.4403158091008663
  landing: 0.8443926959298551
  view-data: 3.3669415679760277
