times:
  edit-metadata: 1.647860810160637
  landing: 1.0458605475723743
  view-data: 3.368410360068083
