times:
  edit-metadata: 1.469967857003212
  landing: 0.8574501909315586
  view-data: 3.372327793389559
