times:
  edit-metadata: 2.4839635053649545
  landing: 0.021939625032246113
  view-data: 0.4427050380036235
