times:
  edit-metadata: 1.4440786838531494
  landing: 0.04668238898739219
  view-data: 0.25380733283236623
