times:
  edit-metadata: 1.5760922208428383
  landing: 0.9715490527451038
  view-data: 3.298570666462183
