times:
  landing: 1.0733083700000066
  view-data: 0.5611842220000085
