times:
  edit-metadata: 3.436779570998624
  landing: 0.05677372310310602
  view-data: 0.2417763841804117
