times:
  edit-metadata: 1.4575174786150455
  landing: 0.05604273080825806
  view-data: 0.2594075230881572
