times:
  edit-metadata: 1.4057045625522733
  landing: 0.04679294116795063
  view-data: 0.28371081687510014
