times:
  edit-metadata: 1.3706122697331011
  landing: 0.052513222210109234
  view-data: 0.23909870069473982
