times:
  edit-metadata: 1.4300793707370758
  landing: 0.8596825003623962
  view-data: 3.3040361367166042
