times:
  edit-metadata: 1.4183694059029222
  landing: 0.05614247266203165
  view-data: 0.27328898664563894
