times:
  edit-metadata: 1.3676681220531464
  landing: 0.05055191507562995
  view-data: 0.26489080488681793
