times:
  edit-metadata: 2.4296969743445516
  landing: 0.15569530986249447
  view-data: 0.027362496592104435
