times:
  edit-metadata: 1.34173284471035
  landing: 0.9021888002753258
  view-data: 3.3165414296090603
