times:
  edit-metadata: 4.410386096686125
  landing: 0.8221861813217402
  view-data: 0.3785655740648508
