times:
  edit-metadata: 1.9906680029816926
  landing: 0.07877382589504123
  view-data: 0.3660957873798907
