times:
  edit-metadata: 4.679851699620485
  landing: 0.05283318646252155
  view-data: 0.35958264023065567
