times:
  edit-metadata: 1.4045937829650939
  landing: 0.05466704210266471
  view-data: 0.25276713026687503
