times:
  edit-metadata: 4.033477313816547
  landing: 0.0576629564166069
  view-data: 0.33990737795829773
