times:
  edit-metadata: 1.5700635919929482
  landing: 0.07859463500790298
  view-data: 0.3903777350205928
