times:
  edit-metadata: 1.6049017906188965
  landing: 1.0032952316105366
  view-data: 3.4328123554587364
