times:
  landing: 1.076497661000019
  view-data: 0.5616721269999516
