times:
  edit-metadata: 4.067160941660404
  landing: 0.06023911386728287
  view-data: 0.31469761580228806
