times:
  edit-metadata: 4.344845499843359
  landing: 0.20714594796299934
  view-data: 0.9996962156146765
