times:
  edit-metadata: 1.5711144004017115
  landing: 0.814891105517745
  view-data: 3.4419492576271296
