times:
  edit-metadata: 2.6338652558624744
  landing: 0.02100818231701851
  view-data: 0.5543013252317905
