times:
  landing: 0.5471179670000197
  view-data: 0.5485016869999981
