times:
  landing: 1.080988127000012
  view-data: 0.558997713999986
