times:
  edit-metadata: 1.4015466757118702
  landing: 0.8503674566745758
  view-data: 3.4081663098186255
