times:
  edit-metadata: 3.3623657491989434
  landing: 0.048577704932540655
  view-data: 0.2720686399843544
