times:
  edit-metadata: 1.5547791999997571
  landing: 0.0864752100314945
  view-data: 0.26850155799183995
