times:
  landing: 0.5595144440000013
  view-data: 0.5603992569999718
