times:
  edit-metadata: 1.4311691271141171
  landing: 0.05068053863942623
  view-data: 0.2944552330300212
