times:
  edit-metadata: 3.9380656550638378
  landing: 0.07680781208910048
  view-data: 0.23922175401821733
