times:
  edit-metadata: 1.5049096869770437
  landing: 0.04608503798954189
  view-data: 0.397996264975518
