times:
  edit-metadata: 4.120021756738424
  landing: 0.054980769753456116
  view-data: 0.3107048124074936
