times:
  edit-metadata: 1.5421069245785475
  landing: 0.9872537273913622
  view-data: 3.3584372773766518
