times:
  edit-metadata: 2.518745138309896
  landing: 0.1353845577687025
  view-data: 0.11989310011267662
