times:
  edit-metadata: 1.3670737948268652
  landing: 0.05808453215286136
  view-data: 0.25594951678067446
