times:
  landing: 0.5523729330000151
  view-data: 0.555211879999888
