times:
  edit-metadata: 1.407036761753261
  landing: 0.05258976900950074
  view-data: 0.25360835436731577
