times:
  landing: 1.5860998299999949
  view-data: 0.5504126499999984
