times:
  landing: 1.0869680909999602
  view-data: 0.5805572130000201
