times:
  edit-metadata: 4.323458801954985
  landing: 0.6146826278418303
  view-data: 0.34477786906063557
