times:
  edit-metadata: 4.360820638015866
  landing: 0.7381507772952318
  view-data: 0.32852290384471416
