times:
  edit-metadata: 4.373453784734011
  landing: 0.7243511397391558
  view-data: 0.33554193563759327
