times:
  edit-metadata: 1.5046080440515652
  landing: 1.0237411499256268
  view-data: 3.352257544058375
