times:
  edit-metadata: 2.4656856367364526
  landing: 0.021989084780216217
  view-data: 0.12097848299890757
