times:
  edit-metadata: 3.1949785930337384
  landing: 0.04924619093071669
  view-data: 0.2539093689993024
