times:
  edit-metadata: 1.3853600467555225
  landing: 0.05750830704346299
  view-data: 0.2624365258961916
