times:
  landing: 0.5520771550000063
  view-data: 0.556382679999956
