times:
  edit-metadata: 1.638993942993693
  landing: 0.0753144749905914
  view-data: 0.297074425034225
