times:
  edit-metadata: 4.045503776520491
  landing: 0.0487360917031765
  view-data: 0.30791036784648895
