times:
  landing: 0.5601527260000125
  view-data: 0.562466948000008
