times:
  edit-metadata: 3.328173439949751
  landing: 0.054460288025438786
  view-data: 0.23841359408106655
