times:
  edit-metadata: 4.446077540516853
  landing: 1.9684896916151047
  view-data: 0.6569674629718065
