times:
  edit-metadata: 2.429980513639748
  landing: 0.022974960505962372
  view-data: 0.11729199066758156
