times:
  edit-metadata: 1.5361775318160653
  landing: 0.870309236459434
  view-data: 3.3943959940224886
