times:
  edit-metadata: 1.5325257740914822
  landing: 0.7854018118232489
  view-data: 3.4015508852899075
