times:
  landing: 1.0831300290000172
  view-data: 0.5732860150000079
