times:
  edit-metadata: 1.4896433751564473
  landing: 0.052006731973960996
  view-data: 0.27071705693379045
