times:
  edit-metadata: 1.509699024260044
  landing: 0.053022981621325016
  view-data: 0.2727675884962082
