times:
  edit-metadata: 1.4863766711205244
  landing: 0.7808881220407784
  view-data: 3.376968855969608
