times:
  edit-metadata: 1.5544754429720342
  landing: 0.08167939516715705
  view-data: 0.27943755500018597
