times:
  edit-metadata: 1.513043857878074
  landing: 0.05872520711272955
  view-data: 0.37731932778842747
