times:
  edit-metadata: 1.5054590962827206
  landing: 0.9429677445441484
  view-data: 3.371211873367429
