times:
  edit-metadata: 1.3753538792952895
  landing: 0.8414388643577695
  view-data: 3.374305034056306
