times:
  edit-metadata: 1.6118907812051475
  landing: 0.04946952499449253
  view-data: 0.3025059546343982
