times:
  edit-metadata: 1.426647137850523
  landing: 0.9062911048531532
  view-data: 3.2980279363691807
