times:
  landing: 0.550066640999944
  view-data: 0.5445786679999856
