times:
  edit-metadata: 2.451957161538303
  landing: 0.020634781569242477
  view-data: 0.024115918204188347
