times:
  edit-metadata: 1.5502944309264421
  landing: 0.07858165679499507
  view-data: 0.41186012513935566
