times:
  edit-metadata: 1.7718512378633022
  landing: 1.3459681831300259
  view-data: 3.3902120254933834
