times:
  edit-metadata: 1.5469794729724526
  landing: 0.07861146400682628
  view-data: 0.28795035695657134
