times:
  edit-metadata: 1.4504933804273605
  landing: 0.900928501971066
  view-data: 3.3208179967477918
