times:
  edit-metadata: 3.475161636946723
  landing: 0.05009084101766348
  view-data: 0.2621397259645164
