times:
  edit-metadata: 6.219994716346264
  landing: 0.6306200791150331
  view-data: 0.2636760640889406
