times:
  edit-metadata: 4.118647668510675
  landing: 0.05433439090847969
  view-data: 0.31927721202373505
