times:
  edit-metadata: 2.4790180437266827
  landing: 0.02415636833757162
  view-data: 0.12420630734413862
