times:
  edit-metadata: 1.4066822361201048
  landing: 0.9055906860157847
  view-data: 3.372601967304945
