times:
  edit-metadata: 4.1367821879684925
  landing: 0.781522411853075
  view-data: 0.46822846308350563
