times:
  edit-metadata: 2.7773664612323046
  landing: 1.3003250006586313
  view-data: 0.7138391137123108
