times:
  edit-metadata: 2.4434441905468702
  landing: 0.021054932847619057
  view-data: 0.10228093527257442
