times:
  edit-metadata: 1.4010790549218655
  landing: 0.950852457433939
  view-data: 3.307051181793213
