times:
  edit-metadata: 4.781205382198095
  landing: 0.0548938624560833
  view-data: 0.3320498429238796
