times:
  edit-metadata: 4.54154384881258
  landing: 0.6947825662791729
  view-data: 0.35680014081299305
