times:
  edit-metadata: 1.5877157598733902
  landing: 0.9832226410508156
  view-data: 3.4064551293849945
