times:
  edit-metadata: 2.4310561902821064
  landing: 0.023151280358433723
  view-data: 0.10237462818622589
