times:
  edit-metadata: 1.4131296342238784
  landing: 0.0505404444411397
  view-data: 0.27024685218930244
