times:
  edit-metadata: 1.6373599169310182
  landing: 0.07836717902682722
  view-data: 0.3013761530164629
