times:
  edit-metadata: 1.4445072505623102
  landing: 0.04636550787836313
  view-data: 0.2890249751508236
