times:
  edit-metadata: 3.295872824732214
  landing: 0.047471633180975914
  view-data: 0.2488659811206162
