times:
  edit-metadata: 1.4169594859704375
  landing: 0.05231915507465601
  view-data: 0.2775109950453043
