times:
  edit-metadata: 1.7287375330924988
  landing: 0.8907630033791065
  view-data: 3.3775474317371845
