times:
  edit-metadata: 1.5627863062545657
  landing: 0.9031403688713908
  view-data: 3.455052914097905
