times:
  landing: 0.5450510379999969
  view-data: 0.5538456759999804
