times:
  edit-metadata: 1.4425443708896637
  landing: 1.0292951315641403
  view-data: 3.3283853828907013
