times:
  edit-metadata: 1.6510426923632622
  landing: 1.1152821630239487
  view-data: 3.3732781931757927
