times:
  edit-metadata: 1.4537830874323845
  landing: 0.99650514498353
  view-data: 3.4348449632525444
