times:
  edit-metadata: 4.425886807963252
  landing: 0.0484898928552866
  view-data: 0.3557452354580164
