times:
  edit-metadata: 4.503742726519704
  landing: 0.7295558303594589
  view-data: 0.3640162777155638
