times:
  edit-metadata: 1.3910299041308463
  landing: 0.04896311601623893
  view-data: 0.3955581681802869
