times:
  edit-metadata: 2.4920714367181063
  landing: 0.14578298572450876
  view-data: 0.4904179023578763
