times:
  edit-metadata: 1.4279571324586868
  landing: 0.04885091818869114
  view-data: 0.2805203069001436
