times:
  edit-metadata: 1.6147231240029214
  landing: 0.04960578300233465
  view-data: 0.40702492099808296
