times:
  edit-metadata: 1.562935777939856
  landing: 0.9774688369361684
  view-data: 0.6074634419055656
