times:
  edit-metadata: 4.49079280346632
  landing: 0.504304276779294
  view-data: 0.388056306168437
