times:
  edit-metadata: 3.2870335252955556
  landing: 0.056292037945240736
  view-data: 0.2426492921076715
