times:
  edit-metadata: 1.3822354641743004
  landing: 0.05123906768858433
  view-data: 0.24595886701717973
