times:
  edit-metadata: 1.5679124590242282
  landing: 0.08088928298093379
  view-data: 0.30642488197190687
