times:
  landing: 0.5532779400000152
  view-data: 0.5598098650000054
