times:
  edit-metadata: 1.5273358850099612
  landing: 0.07711523800389841
  view-data: 0.4053298109793104
