times:
  edit-metadata: 3.2629943669307977
  landing: 0.05023247702047229
  view-data: 0.24334170203655958
