times:
  landing: 1.5929255309999917
  view-data: 0.5597555840000155
