times:
  edit-metadata: 1.6240965016186237
  landing: 0.9255441650748253
  view-data: 3.331148035824299
