times:
  edit-metadata: 4.014011554419994
  landing: 0.051646679639816284
  view-data: 0.3190094009041786
