times:
  edit-metadata: 1.4331881254911423
  landing: 0.8677005507051945
  view-data: 3.3045187667012215
