times:
  landing: 0.6556452209999861
  view-data: 0.5564916069999981
