times:
  edit-metadata: 2.509132851846516
  landing: 0.022063489072024822
  view-data: 0.024336859583854675
