times:
  edit-metadata: 1.6566883779596537
  landing: 0.07919202500488609
  view-data: 0.27339982602279633
