times:
  edit-metadata: 1.5533968079835176
  landing: 0.07539480295963585
  view-data: 0.29755815980024636
