times:
  edit-metadata: 1.5805153981782496
  landing: 0.9196692067198455
  view-data: 3.482679931912571
