times:
  edit-metadata: 4.013053465634584
  landing: 0.04586637765169144
  view-data: 0.3083828166127205
