times:
  edit-metadata: 1.6272812681272626
  landing: 0.08359269797801971
  view-data: 0.26960683474317193
