times:
  edit-metadata: 1.6887556039728224
  landing: 0.05339560518041253
  view-data: 0.27654719399288297
