times:
  edit-metadata: 4.502365259453654
  landing: 0.6969173960387707
  view-data: 0.4280686266720295
