times:
  edit-metadata: 2.4987286776304245
  landing: 0.022512227296829224
  view-data: 0.02616782020777464
