times:
  edit-metadata: 3.2925097219413146
  landing: 0.05234718497376889
  view-data: 0.2442147129913792
