times:
  landing: 0.5466637519999722
  view-data: 0.5479512499999828
