times:
  edit-metadata: 6.123586172237992
  landing: 0.5811578147113323
  view-data: 0.6591476816684008
