times:
  edit-metadata: 1.376099538989365
  landing: 0.049355348106473684
  view-data: 0.24426042288541794
