times:
  edit-metadata: 6.057630592957139
  landing: 1.2052794136106968
  view-data: 0.6443757005035877
