times:
  edit-metadata: 4.068676728755236
  landing: 0.05713392794132233
  view-data: 0.32016753405332565
