times:
  edit-metadata: 3.406606376171112
  landing: 0.05756123410537839
  view-data: 0.24534710869193077
