times:
  edit-metadata: 1.508366455003852
  landing: 0.06651965700439177
  view-data: 0.2903630329965381
