times:
  edit-metadata: 3.2410860640229657
  landing: 0.04490298102609813
  view-data: 0.2540117360185832
