times:
  edit-metadata: 1.5683037675917149
  landing: 0.8970793653279543
  view-data: 3.3667891658842564
