times:
  edit-metadata: 1.4627873785793781
  landing: 0.802694495767355
  view-data: 3.2960048355162144
