times:
  landing: 1.1763584070000093
  view-data: 0.6122394680000411
