times:
  edit-metadata: 1.3603171650320292
  landing: 0.04701709980145097
  view-data: 0.2705751173198223
