times:
  landing: 1.1110565060000113
  view-data: 0.5520929569999851
