times:
  landing: 0.5505975850000198
  view-data: 0.5548052120000193
