times:
  edit-metadata: 4.648176804184914
  landing: 1.1766525693237782
  view-data: 0.7858040891587734
