times:
  edit-metadata: 3.304676626008586
  landing: 0.0570112940040417
  view-data: 0.25020860201038886
