times:
  edit-metadata: 4.538824724033475
  landing: 0.5831254422664642
  view-data: 0.7804829683154821
