times:
  landing: 1.103080131000013
  view-data: 0.561650324000027
