times:
  edit-metadata: 2.974028743803501
  landing: 0.04858607426285744
  view-data: 0.30614032968878746
