times:
  edit-metadata: 1.4160780631937087
  landing: 0.829671474173665
  view-data: 0.5525994659401476
