times:
  edit-metadata: 1.6704369485378265
  landing: 1.1071465276181698
  view-data: 3.353885643184185
