times:
  edit-metadata: 1.8395364582538605
  landing: 1.2348119989037514
  view-data: 3.3469077050685883
