times:
  edit-metadata: 3.3830464070197195
  landing: 0.04965216410346329
  view-data: 0.2526836998295039
