times:
  edit-metadata: 1.7040872648358345
  landing: 0.926865816116333
  view-data: 3.4227952733635902
