times:
  edit-metadata: 1.3768073106184602
  landing: 0.04945327900350094
  view-data: 0.24899832671508193
