times:
  landing: 0.5571594319999917
  view-data: 0.5639319849999538
