times:
  edit-metadata: 5.901631288230419
  landing: 0.5328171160072088
  view-data: 0.3259327244013548
