times:
  edit-metadata: 4.085794363170862
  landing: 0.04980082809925079
  view-data: 0.31561092287302017
