times:
  edit-metadata: 2.4208859307691455
  landing: 0.022158331237733364
  view-data: 0.11693733558058739
