times:
  edit-metadata: 2.1986742168664932
  landing: 1.6650222800672054
  view-data: 3.594087991863489
