times:
  edit-metadata: 1.5487056896090508
  landing: 0.7901329100131989
  view-data: 3.3813072331249714
