times:
  landing: 0.5436596729999792
  view-data: 0.5496239500000115
