times:
  edit-metadata: 1.6232657470100094
  landing: 0.07811421999940649
  view-data: 0.30632470501586795
