times:
  edit-metadata: 1.5477195037528872
  landing: 0.9007888832129538
  view-data: 3.310610590968281
