times:
  edit-metadata: 1.4321867255493999
  landing: 0.05280699674040079
  view-data: 0.3704815274104476
