times:
  edit-metadata: 3.299297147896141
  landing: 0.049914020113646984
  view-data: 0.23279057489708066
