times:
  landing: 0.5415540640000245
  view-data: 0.5502087429999847
