times:
  edit-metadata: 1.4589853845536709
  landing: 0.884264625608921
  view-data: 3.441059246659279
