times:
  landing: 0.5519057249999832
  view-data: 0.5648856939999973
