times:
  landing: 0.5549174070000049
  view-data: 0.5563346169999761
