times:
  edit-metadata: 1.5362994205206633
  landing: 0.8242153134196997
  view-data: 3.3817760944366455
