times:
  edit-metadata: 1.532441279035993
  landing: 0.07886266300920397
  view-data: 0.28909672796726227
