times:
  edit-metadata: 4.110146172344685
  landing: 0.05488332360982895
  view-data: 0.3159239627420902
