times:
  landing: 0.5695120049999787
  view-data: 0.5636869790000105
