times:
  landing: 0.6363132349999887
  view-data: 0.5657049330000063
