times:
  edit-metadata: 1.436690965667367
  landing: 0.9207700192928314
  view-data: 3.3119762036949396
