times:
  edit-metadata: 1.8118296321481466
  landing: 1.4283001543954015
  view-data: 3.333846438676119
