times:
  edit-metadata: 1.4991327077150345
  landing: 0.9789271801710129
  view-data: 3.3861683271825314
