times:
  edit-metadata: 4.47040200792253
  landing: 0.833282021805644
  view-data: 0.36311996914446354
