times:
  edit-metadata: 1.4460246488451958
  landing: 0.8804384656250477
  view-data: 3.3333596736192703
