times:
  landing: 1.1209081189999779
  view-data: 0.5515513569998802
