times:
  edit-metadata: 4.4497040547430515
  landing: 0.053603895008563995
  view-data: 0.3575786463916302
