times:
  landing: 1.0593528709999873
  view-data: 0.5501045590000047
