times:
  landing: 0.5560207780000042
  view-data: 0.5667812870000262
