times:
  edit-metadata: 1.3638645089231431
  landing: 0.05686213914304972
  view-data: 0.2398610790260136
