times:
  edit-metadata: 1.474144782871008
  landing: 1.0719092413783073
  view-data: 3.3240480199456215
