times:
  edit-metadata: 1.6628167815506458
  landing: 0.8820893280208111
  view-data: 3.3741817995905876
