times:
  landing: 0.5556704339999783
  view-data: 0.5581500530000199
