times:
  edit-metadata: 1.5758942461106926
  landing: 0.051595797995105386
  view-data: 0.30143844708800316
