times:
  edit-metadata: 2.7787176575511694
  landing: 0.12934459000825882
  view-data: 0.5831599235534668
