times:
  edit-metadata: 1.372119018342346
  landing: 0.06060189800336957
  view-data: 0.2408837117254734
