times:
  edit-metadata: 1.4746687528677285
  landing: 0.055605240166187286
  view-data: 0.27082304609939456
