times:
  edit-metadata: 2.494743554852903
  landing: 0.02249053306877613
  view-data: 0.4386694189161062
