times:
  edit-metadata: 1.4004508759826422
  landing: 0.05494311638176441
  view-data: 0.24475145572796464
