times:
  landing: 0.5588052830000265
  view-data: 0.5620479509999541
