times:
  edit-metadata: 4.609440231695771
  landing: 0.6151702273637056
  view-data: 0.7680081948637962
