times:
  edit-metadata: 2.5206628376618028
  landing: 0.02038756851106882
  view-data: 0.12392756529152393
