times:
  landing: 1.120857256000022
  view-data: 0.5578718070000264
