times:
  edit-metadata: 4.511602716520429
  landing: 1.0980068128556013
  view-data: 0.7602272108197212
