times:
  edit-metadata: 1.489104202017188
  landing: 0.6684118248522282
  view-data: 3.339618917554617
