times:
  landing: 1.0704666849999853
  view-data: 0.554311537999979
