times:
  edit-metadata: 4.457381589338183
  landing: 0.6370042320340872
  view-data: 0.3978068344295025
