times:
  edit-metadata: 4.084875219501555
  landing: 0.3556597242131829
  view-data: 0.8042337549850345
