times:
  edit-metadata: 4.58055130019784
  landing: 0.050767458975315094
  view-data: 0.3462213762104511
