times:
  edit-metadata: 1.5396446790546179
  landing: 0.9044818393886089
  view-data: 3.4146721325814724
