times:
  landing: 0.5548952119999626
  view-data: 0.559172000999979
