times:
  edit-metadata: 1.4943019449710846
  landing: 0.7981554351281375
  view-data: 3.426307179965079
