times:
  edit-metadata: 4.601739257574081
  landing: 1.0893613807857037
  view-data: 0.7985468991100788
