times:
  edit-metadata: 1.3891669888980687
  landing: 0.05046811839565635
  view-data: 0.2353704902343452
