times:
  edit-metadata: 1.4951473060064018
  landing: 0.8559173380490392
  view-data: 3.3772560078650713
