times:
  edit-metadata: 1.5000637850025669
  landing: 0.05819145900022704
  view-data: 0.29945404900354333
