times:
  edit-metadata: 4.375055393204093
  landing: 0.620622243732214
  view-data: 0.3717842251062393
