times:
  edit-metadata: 1.5628938544541597
  landing: 0.8735130596905947
  view-data: 0.610595166683197
