times:
  edit-metadata: 1.5316433124244213
  landing: 0.8560465276241302
  view-data: 3.356203891336918
