times:
  landing: 0.556169226999998
  view-data: 0.5517974420000087
