times:
  landing: 0.5632333070000186
  view-data: 0.563768739000011
