times:
  edit-metadata: 1.4807073213160038
  landing: 0.8034728839993477
  view-data: 3.348901644349098
