times:
  edit-metadata: 1.5376995373517275
  landing: 0.8107372671365738
  view-data: 0.6023317035287619
