times:
  edit-metadata: 3.4418961259070784
  landing: 0.0593261041212827
  view-data: 0.245311358012259
