times:
  edit-metadata: 1.424995006993413
  landing: 0.04765884764492512
  view-data: 0.27643806114792824
