times:
  edit-metadata: 1.5694794890005141
  landing: 0.0797849060036242
  view-data: 0.2873506399919279
