times:
  edit-metadata: 4.590939814224839
  landing: 0.5826516635715961
  view-data: 0.7623344622552395
