times:
  edit-metadata: 1.388688059989363
  landing: 0.9164101041387767
  view-data: 0.542188627878204
