times:
  edit-metadata: 4.531908826902509
  landing: 0.5834019184112549
  view-data: 0.7611909303814173
