times:
  edit-metadata: 3.3088873787783086
  landing: 0.05645836936309934
  view-data: 0.23699291702359915
