times:
  edit-metadata: 2.5607923548668623
  landing: 0.12295237556099892
  view-data: 0.02569641824811697
