times:
  landing: 1.0756030350000287
  view-data: 0.5584302370000387
