times:
  edit-metadata: 1.6692825889913365
  landing: 0.05855051497928798
  view-data: 0.3076149319531396
