times:
  edit-metadata: 3.4607740689534694
  landing: 0.051856141071766615
  view-data: 0.26906111207790673
