times:
  landing: 1.0696382610000228
  view-data: 0.5585423439999886
