times:
  landing: 1.085861829999999
  view-data: 0.5473761970000055
