times:
  edit-metadata: 2.462543766014278
  landing: 0.02152837160974741
  view-data: 0.024689581245183945
