times:
  edit-metadata: 3.297615237068385
  landing: 0.06072344584390521
  view-data: 0.24577453266829252
