times:
  edit-metadata: 2.664200698956847
  landing: 0.020105413161218166
  view-data: 0.025658010505139828
