times:
  edit-metadata: 1.3865079581737518
  landing: 0.04798237141221762
  view-data: 0.27708129584789276
