times:
  landing: 0.5543394609999837
  view-data: 0.562849357999994
