times:
  edit-metadata: 2.060116585344076
  landing: 1.3417644947767258
  view-data: 3.3254851661622524
