times:
  edit-metadata: 3.247391292010434
  landing: 0.05108838400337845
  view-data: 0.23750076499709394
