times:
  edit-metadata: 1.8201311752200127
  landing: 1.016127347946167
  view-data: 3.4568642685189843
