times:
  edit-metadata: 1.3440160150639713
  landing: 0.04257926903665066
  view-data: 0.23374841595068574
