times:
  edit-metadata: 1.7210542932152748
  landing: 0.756273414939642
  view-data: 0.6732720993459225
