times:
  edit-metadata: 3.67124361009337
  landing: 0.05526136700063944
  view-data: 0.24487594608217478
