times:
  edit-metadata: 2.4720961889252067
  landing: 0.02186411153525114
  view-data: 0.11992775183171034
