times:
  edit-metadata: 2.4583742804825306
  landing: 0.020680191926658154
  view-data: 0.46930853836238384
