times:
  edit-metadata: 6.434591418132186
  landing: 0.9284141454845667
  view-data: 0.3269259389489889
