times:
  landing: 1.07256025800001
  view-data: 0.5630538730000012
