times:
  edit-metadata: 1.5068434479180723
  landing: 0.8797650819178671
  view-data: 3.3715266990475357
