times:
  landing: 1.0652816649999863
  view-data: 0.5503041850000159
