times:
  edit-metadata: 2.847044237423688
  landing: 0.12665127590298653
  view-data: 0.3557711807079613
