times:
  edit-metadata: 1.5482268990017474
  landing: 0.06581646762788296
  view-data: 0.279308773111552
