times:
  edit-metadata: 3.2052565519697964
  landing: 0.04940259992145002
  view-data: 0.2563505540601909
