times:
  edit-metadata: 3.4337018199730664
  landing: 0.0502981748431921
  view-data: 0.24045839090831578
