times:
  edit-metadata: 1.52938936278224
  landing: 0.844718424603343
  view-data: 0.5780104864388704
