times:
  edit-metadata: 1.3851798484101892
  landing: 0.050815846771001816
  view-data: 0.2394432807341218
