times:
  landing: 1.5907571250000103
  view-data: 1.075625226999989
