times:
  edit-metadata: 1.780052587389946
  landing: 1.0746662206947803
  view-data: 3.426044177263975
