times:
  edit-metadata: 4.422170324251056
  landing: 0.6297825276851654
  view-data: 0.3306050430983305
