times:
  edit-metadata: 3.2588794860057533
  landing: 0.0528259058482945
  view-data: 0.23936147801578045
