times:
  edit-metadata: 2.4208380738273263
  landing: 0.01984430570155382
  view-data: 0.025706798769533634
