times:
  landing: 0.5563343759999952
  view-data: 0.5762767549999808
