times:
  landing: 0.5554693909999742
  view-data: 0.5830916200000047
