times:
  edit-metadata: 3.3250886250752956
  landing: 0.05595806601922959
  view-data: 0.24470824492163956
