times:
  edit-metadata: 1.546268004924059
  landing: 0.07954127504490316
  view-data: 0.2883102400228381
