times:
  landing: 0.558154184999978
  view-data: 0.5608388119999859
