times:
  edit-metadata: 3.699858956038952
  landing: 0.05780165805481374
  view-data: 0.2476566389668733
