times:
  edit-metadata: 6.006031507626176
  landing: 1.045582490041852
  view-data: 0.37027199007570744
