times:
  edit-metadata: 1.5874874820001423
  landing: 0.07976289803627878
  view-data: 0.2991719550336711
