times:
  edit-metadata: 6.049134213477373
  landing: 0.6833790466189384
  view-data: 0.2879097294062376
