times:
  edit-metadata: 1.554961214074865
  landing: 0.0619141710922122
  view-data: 0.4093534341081977
