times:
  landing: 0.5469669930000123
  view-data: 0.546451463000011
