times:
  edit-metadata: 2.9178261049091816
  landing: 1.9161506816744804
  view-data: 3.793940957635641
