times:
  edit-metadata: 1.8935140850953758
  landing: 0.08242510911077261
  view-data: 0.42556897597387433
