times:
  edit-metadata: 2.2529878441710025
  landing: 1.2081301000434905
  view-data: 0.48470952501520514
