times:
  edit-metadata: 1.450830852612853
  landing: 0.7734284913167357
  view-data: 0.5548737915232778
