times:
  edit-metadata: 2.4324819706380367
  landing: 0.01891603134572506
  view-data: 0.438761580735445
