times:
  landing: 1.0815433139999868
  view-data: 0.5567310270000121
