times:
  edit-metadata: 1.393895786255598
  landing: 0.04465183708816767
  view-data: 0.265710418112576
