times:
  edit-metadata: 2.2772752130404115
  landing: 1.3419469194486737
  view-data: 3.356571836862713
