times:
  edit-metadata: 2.723519168794155
  landing: 0.022093048319220543
  view-data: 0.026036174967885017
