times:
  edit-metadata: 2.4406457766890526
  landing: 0.02087150327861309
  view-data: 0.025532743893563747
