times:
  edit-metadata: 2.113664608448744
  landing: 1.3641997165977955
  view-data: 3.486053541302681
