times:
  edit-metadata: 3.287471845280379
  landing: 0.048281007912009954
  view-data: 0.24140436621382833
