times:
  edit-metadata: 1.6732154693454504
  landing: 0.9066386502236128
  view-data: 3.3652986511588097
