times:
  landing: 0.5593112229999804
  view-data: 0.04954566399999294
