times:
  landing: 0.5523213929999997
  view-data: 0.5431105919999766
