times:
  edit-metadata: 1.5285972394049168
  landing: 1.0373936295509338
  view-data: 3.353992685675621
