times:
  edit-metadata: 4.745417317375541
  landing: 2.0806182380765676
  view-data: 0.47297025471925735
