times:
  edit-metadata: 3.2676263720495626
  landing: 0.04651285405270755
  view-data: 0.24598377698566765
