times:
  edit-metadata: 1.5659887585788965
  landing: 0.9769303342327476
  view-data: 3.399997224099934
