times:
  edit-metadata: 1.9207827262580395
  landing: 0.04470717627555132
  view-data: 0.3111943700350821
