times:
  edit-metadata: 2.437941982410848
  landing: 0.20900767482817173
  view-data: 0.09693429060280323
