times:
  edit-metadata: 1.4905348718166351
  landing: 0.07264082785695791
  view-data: 0.29303612979128957
