times:
  landing: 1.0810929230000283
  view-data: 0.6184293590000038
