times:
  edit-metadata: 1.5555069167166948
  landing: 0.868577690795064
  view-data: 3.3979221992194653
