times:
  edit-metadata: 1.4738150127232075
  landing: 0.9825907535851002
  view-data: 3.2906026877462864
