times:
  edit-metadata: 1.4672295693308115
  landing: 0.8530760798603296
  view-data: 3.4030482750386
