times:
  edit-metadata: 1.548937352374196
  landing: 0.8383815344423056
  view-data: 0.6106813997030258
