times:
  edit-metadata: 1.3991160807199776
  landing: 0.055791306775063276
  view-data: 0.23454103898257017
