times:
  edit-metadata: 4.915644025430083
  landing: 1.2259707916527987
  view-data: 0.779090341180563
