times:
  edit-metadata: 1.5358093408867717
  landing: 0.04519712692126632
  view-data: 0.24659117590636015
