times:
  edit-metadata: 4.395306358113885
  landing: 0.852589450776577
  view-data: 0.4603408891707659
