times:
  edit-metadata: 3.5001615311484784
  landing: 0.04897136916406453
  view-data: 0.24166559986770153
