times:
  edit-metadata: 1.54203517222777
  landing: 0.046693556010723114
  view-data: 0.2874837941490114
