times:
  edit-metadata: 2.484472280368209
  landing: 0.022474410012364388
  view-data: 0.12076459266245365
