times:
  landing: 1.0718806870000321
  view-data: 0.554149711999969
