times:
  edit-metadata: 2.251404550857842
  landing: 0.08974243002012372
  view-data: 0.459546382073313
