times:
  edit-metadata: 1.549505678936839
  landing: 0.8396995812654495
  view-data: 3.409500829875469
