times:
  edit-metadata: 1.5749500072561204
  landing: 0.07804229902103543
  view-data: 0.30347817204892635
