times:
  edit-metadata: 3.841549304954242
  landing: 0.06211085896939039
  view-data: 0.2642422739882022
