times:
  edit-metadata: 2.442645212635398
  landing: 0.020935711450874805
  view-data: 0.12321931309998035
