times:
  edit-metadata: 1.5629987102001905
  landing: 0.794136693701148
  view-data: 3.390681881457567
