times:
  edit-metadata: 1.451125000952743
  landing: 0.9199304629582912
  view-data: 3.3636827809968963
