times:
  edit-metadata: 1.4103673249483109
  landing: 1.0012288242578506
  view-data: 3.3664416559040546
