times:
  edit-metadata: 3.969567187130451
  landing: 0.046821098774671555
  view-data: 0.3116597458720207
