times:
  edit-metadata: 2.455649120733142
  landing: 0.02195816207677126
  view-data: 0.1206004498526454
