times:
  landing: 0.5567502270000091
  view-data: 0.554044024999996
