times:
  edit-metadata: 3.301242799963802
  landing: 0.05180576292332262
  view-data: 0.23993537505157292
