times:
  edit-metadata: 2.049277648329735
  landing: 1.3907738216221333
  view-data: 3.3858277313411236
