times:
  landing: 0.5583594080000012
  view-data: 0.557993085000021
