times:
  edit-metadata: 4.597700947895646
  landing: 1.1793925538659096
  view-data: 0.8379878718405962
