times:
  edit-metadata: 2.4320836067199707
  landing: 0.021190272644162178
  view-data: 0.12054030131548643
