times:
  edit-metadata: 1.4206455149687827
  landing: 0.839483356103301
  view-data: 0.5727621880359948
