times:
  edit-metadata: 1.5359997220220976
  landing: 0.08099813695298508
  view-data: 0.2792271840153262
