times:
  landing: 0.5558772560000023
  view-data: 0.5629605790000198
