times:
  edit-metadata: 2.3748983768746257
  landing: 0.023722132667899132
  view-data: 0.24884884431958199
