times:
  landing: 0.5519824769999957
  view-data: 0.5485634759999982
