times:
  edit-metadata: 1.5811993293464184
  landing: 0.8632805235683918
  view-data: 3.36457946151495
