times:
  edit-metadata: 2.5201580971479416
  landing: 0.8462305525317788
  view-data: 3.3355760229751468
