times:
  edit-metadata: 1.3999289842322469
  landing: 0.04634297639131546
  view-data: 0.37784695252776146
