times:
  edit-metadata: 1.7480232082307339
  landing: 1.2213356159627438
  view-data: 3.303798858076334
