times:
  edit-metadata: 2.4153446406126022
  landing: 0.020462894812226295
  view-data: 0.12057177070528269
