times:
  edit-metadata: 2.484114789403975
  landing: 0.02018964383751154
  view-data: 0.1312855165451765
