times:
  landing: 1.0741118980000124
  view-data: 0.5660468259999902
