times:
  landing: 0.550887323000012
  view-data: 0.558896223000005
