times:
  edit-metadata: 4.38992103934288
  landing: 0.6384045816957951
  view-data: 0.4580873679369688
