times:
  edit-metadata: 1.4184055398218334
  landing: 0.05571377603337169
  view-data: 0.2685026410035789
