times:
  edit-metadata: 1.4015385049860924
  landing: 0.8474647789262235
  view-data: 3.3346917040180415
