times:
  edit-metadata: 1.508539216592908
  landing: 0.8679409045726061
  view-data: 3.3685138430446386
