times:
  edit-metadata: 3.712331078015268
  landing: 0.06224764999933541
  view-data: 0.324827368138358
