times:
  edit-metadata: 1.5488965581171215
  landing: 0.06644992181099951
  view-data: 0.2970562169793993
