times:
  edit-metadata: 1.499114852398634
  landing: 0.9526746980845928
  view-data: 3.399429552257061
