times:
  edit-metadata: 4.042363159358501
  landing: 0.05203492194414139
  view-data: 0.317020446062088
