times:
  edit-metadata: 1.3864855542778969
  landing: 0.04765678429976106
  view-data: 0.26013157330453396
