times:
  edit-metadata: 1.9800147511996329
  landing: 1.529519695788622
  view-data: 3.482678101863712
