times:
  edit-metadata: 2.4340524347499013
  landing: 0.021368030458688736
  view-data: 0.02615297306329012
