times:
  edit-metadata: 2.1406891997903585
  landing: 1.2032593749463558
  view-data: 3.5039907433092594
