times:
  edit-metadata: 3.650217803195119
  landing: 0.049698352348059416
  view-data: 0.23843032121658325
