times:
  landing: 0.5636705820000145
  view-data: 0.558274909000005
