times:
  edit-metadata: 4.521783830597997
  landing: 1.3754720780998468
  view-data: 0.5380475409328938
