times:
  edit-metadata: 1.5464610904455185
  landing: 0.7394886016845703
  view-data: 0.5826925747096539
