times:
  edit-metadata: 1.5832234248518944
  landing: 0.8828329853713512
  view-data: 3.290502082556486
