times:
  edit-metadata: 1.802429437637329
  landing: 1.2344391345977783
  view-data: 3.3703104741871357
