times:
  edit-metadata: 2.431520588696003
  landing: 0.11995815578848124
  view-data: 0.12102172989398241
