times:
  edit-metadata: 4.383629212155938
  landing: 0.7380395028740168
  view-data: 0.6743505708873272
