times:
  edit-metadata: 3.685734064085409
  landing: 0.04369822796434164
  view-data: 0.2670475710183382
