times:
  edit-metadata: 2.1058161482214928
  landing: 1.1338082887232304
  view-data: 3.454659804701805
