times:
  landing: 0.5575690379999969
  view-data: 0.5553154119999988
