times:
  edit-metadata: 1.640101246535778
  landing: 1.004316732287407
  view-data: 3.3452063761651516
