times:
  edit-metadata: 1.6003914219909348
  landing: 0.056019498966634274
  view-data: 0.295574793999549
