times:
  edit-metadata: 1.6591602750122547
  landing: 1.233659788966179
  view-data: 3.309595685452223
