times:
  edit-metadata: 1.5488339009461924
  landing: 0.0690633540507406
  view-data: 0.2848835149779916
