times:
  edit-metadata: 1.4662761501967907
  landing: 0.7646777369081974
  view-data: 3.2795774079859257
