times:
  edit-metadata: 4.6623397171497345
  landing: 1.0517434440553188
  view-data: 0.38956359773874283
