times:
  edit-metadata: 2.40302724391222
  landing: 0.12138702441006899
  view-data: 0.027452423237264156
