times:
  edit-metadata: 2.4516956731677055
  landing: 0.02094310149550438
  view-data: 0.032961105927824974
