times:
  edit-metadata: 2.3039029170759022
  landing: 0.10588971804827452
  view-data: 0.42403497407212853
