times:
  edit-metadata: 4.062635641545057
  landing: 0.056785859167575836
  view-data: 0.3198322206735611
