times:
  edit-metadata: 1.569548649014905
  landing: 0.06872109114192426
  view-data: 0.29119736701250076
