times:
  edit-metadata: 3.4481018548831344
  landing: 0.05673747090622783
  view-data: 0.2430562179069966
