times:
  landing: 0.5562571469999966
  view-data: 0.05580469400001675
