times:
  landing: 1.0774720990000333
  view-data: 0.5527261380000255
