times:
  edit-metadata: 3.6297149723395705
  landing: 0.060039232950657606
  view-data: 0.24528264068067074
