times:
  edit-metadata: 1.4956246400251985
  landing: 0.9045733930543065
  view-data: 3.3460998637601733
