times:
  edit-metadata: 3.4303989461623132
  landing: 0.04923271993175149
  view-data: 0.2514389702118933
