times:
  edit-metadata: 1.6621964164078236
  landing: 0.937123391777277
  view-data: 3.348226895555854
