times:
  landing: 1.0710446550000086
  view-data: 0.5600826259999963
