times:
  edit-metadata: 1.447054578922689
  landing: 0.8726549278944731
  view-data: 3.379567690193653
