times:
  edit-metadata: 4.394237965345383
  landing: 1.4447134882211685
  view-data: 0.5390578731894493
