times:
  edit-metadata: 4.377128271386027
  landing: 1.0139505881816149
  view-data: 0.6479649879038334
