times:
  edit-metadata: 4.048201281577349
  landing: 0.05425815284252167
  view-data: 0.3081391453742981
