times:
  edit-metadata: 4.079126723110676
  landing: 0.0510091558098793
  view-data: 0.311581514775753
