times:
  landing: 1.0718733530000009
  view-data: 0.5633518550000076
