times:
  edit-metadata: 1.5367867520544678
  landing: 0.04452353110536933
  view-data: 0.43143009999766946
