times:
  edit-metadata: 2.4439733531326056
  landing: 0.22937616985291243
  view-data: 0.4519751435145736
