times:
  landing: 1.5896506909999744
  view-data: 0.5617784759999722
