times:
  edit-metadata: 3.4292691382579505
  landing: 0.05155162187293172
  view-data: 0.2609258461743593
