times:
  landing: 0.5583046800000204
  view-data: 0.5565119800000105
