times:
  edit-metadata: 1.5864385664463043
  landing: 0.839239664375782
  view-data: 3.328652963042259
