times:
  edit-metadata: 4.374076711013913
  landing: 5.3629301860928535
  view-data: 2.1716754995286465
