times:
  edit-metadata: 2.0376768112182617
  landing: 1.259310814552009
  view-data: 3.328148651868105
