times:
  edit-metadata: 1.3745553590124473
  landing: 0.24381658801576123
  view-data: 0.3137304339907132
