times:
  edit-metadata: 3.15172101277858
  landing: 0.2916186423972249
  view-data: 0.5799974836409092
