times:
  landing: 0.5527954880000152
  view-data: 0.5534802509999963
