times:
  edit-metadata: 4.638201532885432
  landing: 0.5963828004896641
  view-data: 0.4129102863371372
