times:
  landing: 0.5431942440000057
  view-data: 0.5515295750000178
