times:
  edit-metadata: 1.388497807085514
  landing: 0.766508761793375
  view-data: 3.3114612847566605
