times:
  edit-metadata: 3.2327772709541023
  landing: 0.04634090792387724
  view-data: 0.24053409788757563
