times:
  landing: 0.5440768889999958
  view-data: 0.5593149899999617
