times:
  landing: 0.5535259730000064
  view-data: 0.5601507029999766
