times:
  edit-metadata: 2.4689502008259296
  landing: 0.019984357059001923
  view-data: 0.026707638055086136
