times:
  edit-metadata: 3.9998414292931557
  landing: 0.05363191291689873
  view-data: 0.31353331729769707
