times:
  edit-metadata: 1.4249399858526886
  landing: 0.051573791075497866
  view-data: 0.28392923111096025
