times:
  edit-metadata: 3.4074130650260486
  landing: 0.05681074899621308
  view-data: 0.24402901099529117
