times:
  landing: 1.0809894939999936
  view-data: 0.5554583860000548
