times:
  edit-metadata: 4.045365441590548
  landing: 0.05482665076851845
  view-data: 0.31421926617622375
