times:
  edit-metadata: 1.6083593590301462
  landing: 0.04768000700278208
  view-data: 0.31141470099100843
