times:
  landing: 1.106733389897272
  view-data: 0.5411856479477137
