times:
  edit-metadata: 1.682727098000214
  landing: 0.04909553099969344
  view-data: 0.30474649300003875
