times:
  edit-metadata: 1.5361178431194276
  landing: 0.07258667214773595
  view-data: 0.4306204761378467
