times:
  edit-metadata: 4.0621817372739315
  landing: 0.04836510866880417
  view-data: 0.3121362254023552
