times:
  landing: 1.079412781000002
  view-data: 0.5540700940000249
