times:
  edit-metadata: 1.5458175539970398
  landing: 0.8452220298349857
  view-data: 0.7019819188863039
