times:
  edit-metadata: 1.5024199075996876
  landing: 0.9766793102025986
  view-data: 3.4014943428337574
