times:
  edit-metadata: 4.047791659832001
  landing: 0.05525283142924309
  view-data: 0.31023669987916946
