times:
  edit-metadata: 1.438487394247204
  landing: 0.9120751428417861
  view-data: 3.3364490033127367
