times:
  landing: 1.0799085169999216
  view-data: 0.5651171259999046
