times:
  landing: 1.088776500999984
  view-data: 0.5636843219999719
