times:
  edit-metadata: 3.473874300951138
  landing: 0.06936382607091218
  view-data: 0.356313333963044
