times:
  edit-metadata: 5.852017093449831
  landing: 0.9831026569008827
  view-data: 0.4561050068587065
