times:
  edit-metadata: 3.3368984758853912
  landing: 0.05325920041650534
  view-data: 0.2521514790132642
