times:
  edit-metadata: 2.995927084237337
  landing: 0.052285101264715195
  view-data: 0.2726644314825535
