times:
  edit-metadata: 1.42215446382761
  landing: 0.05177563242614269
  view-data: 0.26973124872893095
