times:
  edit-metadata: 2.4843601416796446
  landing: 0.020723378285765648
  view-data: 0.026329852640628815
