times:
  edit-metadata: 1.9368330159923062
  landing: 0.06503930198960006
  view-data: 0.3288127059931867
