times:
  edit-metadata: 3.514096769038588
  landing: 0.048267289996147156
  view-data: 0.23554666998097673
