times:
  edit-metadata: 2.411977552808821
  landing: 0.019511914812028408
  view-data: 0.11805495247244835
