times:
  edit-metadata: 4.253633923828602
  landing: 1.189038760960102
  view-data: 0.5389019399881363
