times:
  edit-metadata: 1.4748065709136426
  landing: 0.8031177811790258
  view-data: 0.6966032220516354
