times:
  edit-metadata: 3.433007100597024
  landing: 0.05806072987616062
  view-data: 0.25410208385437727
