times:
  edit-metadata: 1.721151977777481
  landing: 1.300348237156868
  view-data: 3.359793197363615
