times:
  edit-metadata: 4.348917355760932
  landing: 0.6684018187224865
  view-data: 0.36537739634513855
