times:
  edit-metadata: 2.077505461871624
  landing: 1.4221856780350208
  view-data: 3.3829533830285072
