times:
  edit-metadata: 1.534135827794671
  landing: 0.07870280183851719
  view-data: 0.32799386139959097
