times:
  landing: 0.5534091730000057
  view-data: 0.05787784199998214
