times:
  edit-metadata: 4.433656305074692
  landing: 0.9900984838604927
  view-data: 0.40634738840162754
