times:
  edit-metadata: 1.676892876625061
  landing: 2.154441673308611
  view-data: 3.4045377373695374
