times:
  edit-metadata: 1.5730793540133163
  landing: 0.08676493098028004
  view-data: 0.2897999249980785
