times:
  edit-metadata: 2.4322754126042128
  landing: 0.1659476077184081
  view-data: 0.09856629092246294
