times:
  edit-metadata: 2.560857331380248
  landing: 0.02224789373576641
  view-data: 0.028349101543426514
