times:
  edit-metadata: 4.084680449217558
  landing: 1.174590241163969
  view-data: 0.4712288361042738
