times:
  landing: 0.5602626149999992
  view-data: 0.5732456939999793
