times:
  edit-metadata: 5.911528265103698
  landing: 0.4885379020124674
  view-data: 0.29976343549788
