times:
  edit-metadata: 1.701261643320322
  landing: 0.9884227365255356
  view-data: 3.403659902513027
