times:
  edit-metadata: 2.497277434915304
  landing: 0.11617782525718212
  view-data: 0.023980362340807915
