times:
  edit-metadata: 1.4399331286549568
  landing: 0.8494434617459774
  view-data: 3.3425479009747505
