times:
  edit-metadata: 4.481987077742815
  landing: 0.7797077782452106
  view-data: 0.3322614599019289
