times:
  edit-metadata: 3.348308007000014
  landing: 0.056183995911851525
  view-data: 0.3035281791817397
