times:
  edit-metadata: 1.4910164140164852
  landing: 1.0188473984599113
  view-data: 3.273962091654539
