times:
  landing: 0.5532765370000163
  view-data: 0.5681746470000064
