times:
  edit-metadata: 1.5484496876597404
  landing: 0.9831637255847454
  view-data: 0.5699050053954124
