times:
  edit-metadata: 1.4682862469926476
  landing: 0.8119231127202511
  view-data: 3.3545153150334954
