times:
  edit-metadata: 2.0216623609885573
  landing: 0.05284310318529606
  view-data: 0.2753004049882293
