times:
  edit-metadata: 3.324469754938036
  landing: 0.055646134074777365
  view-data: 0.24463988281786442
