times:
  edit-metadata: 1.3791003888472915
  landing: 0.8522221557796001
  view-data: 3.3608952006325126
