times:
  edit-metadata: 3.384867297951132
  landing: 0.05880755907855928
  view-data: 0.2598467560019344
