times:
  edit-metadata: 2.4616703083738685
  landing: 0.02171382401138544
  view-data: 0.02446840424090624
