times:
  edit-metadata: 1.5437773652374744
  landing: 0.8445080444216728
  view-data: 3.386693548411131
