times:
  edit-metadata: 1.591859282925725
  landing: 0.9283453151583672
  view-data: 0.6217531133443117
