times:
  edit-metadata: 3.409051497001201
  landing: 0.05807233112864196
  view-data: 0.24980233190581203
