times:
  edit-metadata: 1.3703204663470387
  landing: 0.04531776485964656
  view-data: 0.5478524067439139
