times:
  edit-metadata: 1.3872845261357725
  landing: 0.05308449687436223
  view-data: 0.29899789206683636
