times:
  edit-metadata: 1.5536670535802841
  landing: 0.8914000540971756
  view-data: 3.4405787251889706
