times:
  edit-metadata: 1.3814760013483465
  landing: 0.05133232194930315
  view-data: 0.2554048621095717
