times:
  landing: 0.5477424470000187
  view-data: 0.5604328969999983
