times:
  edit-metadata: 2.581293046474457
  landing: 0.02169086504727602
  view-data: 0.02520389948040247
