times:
  edit-metadata: 1.5889493115246296
  landing: 1.002129029482603
  view-data: 3.4680556394159794
