times:
  landing: 0.5521458400000085
  view-data: 0.5565283580000084
