times:
  landing: 0.5528938650000157
  view-data: 0.5476316090000068
