times:
  edit-metadata: 2.5686381068080664
  landing: 1.5994603959843516
  view-data: 3.462709043174982
