times:
  edit-metadata: 3.4840255661401898
  landing: 0.06588212610222399
  view-data: 0.2563266730867326
