times:
  edit-metadata: 2.8480246998369694
  landing: 0.020600587129592896
  view-data: 0.02464660443365574
