times:
  edit-metadata: 2.4333671340718865
  landing: 0.20256687700748444
  view-data: 0.11587888468056917
