times:
  edit-metadata: 1.5791491768322885
  landing: 0.07908891001716256
  view-data: 0.3258912789169699
