times:
  edit-metadata: 1.5047451499849558
  landing: 0.7965709678828716
  view-data: 3.3598588444292545
