times:
  edit-metadata: 2.8923840750003365
  landing: 0.047858529000222916
  view-data: 0.2709809549996862
