times:
  edit-metadata: 4.08346701040864
  landing: 0.05230877548456192
  view-data: 0.31784214079380035
