times:
  landing: 0.5505778590000148
  view-data: 0.5518525670000258
