times:
  edit-metadata: 2.437715689651668
  landing: 0.01998408790677786
  view-data: 0.029595231637358665
