times:
  edit-metadata: 2.4595726570114493
  landing: 0.020591652020812035
  view-data: 0.12426674924790859
