times:
  edit-metadata: 4.576195625588298
  landing: 0.7530962135642767
  view-data: 0.3606655839830637
