times:
  edit-metadata: 1.556431958451867
  landing: 0.7852897346019745
  view-data: 3.3595593944191933
