times:
  edit-metadata: 1.556314753368497
  landing: 0.8627940099686384
  view-data: 0.6349659990519285
