times:
  edit-metadata: 4.4227137041743845
  landing: 0.04439952503889799
  view-data: 0.24324188590981066
