times:
  edit-metadata: 3.441688885912299
  landing: 0.051110791973769665
  view-data: 0.2277848431840539
