times:
  edit-metadata: 1.5694271209649742
  landing: 0.0768934270599857
  view-data: 0.41370919498149306
