times:
  landing: 0.5551403519999951
  view-data: 0.5542557459999955
