times:
  edit-metadata: 1.5469770429772325
  landing: 0.07993802503915504
  view-data: 0.4081567989778705
