times:
  edit-metadata: 1.636294323951006
  landing: 1.049789784476161
  view-data: 3.389094967395067
