times:
  edit-metadata: 2.9879264709998097
  landing: 0.043933460998232476
  view-data: 0.26968648100228165
