times:
  landing: 0.5630423510000071
  view-data: 0.5638030570000012
