times:
  landing: 0.552214867999993
  view-data: 0.5486734309999974
