times:
  edit-metadata: 4.490655157715082
  landing: 0.6441387366503477
  view-data: 0.3334351424127817
