times:
  edit-metadata: 2.967319584451616
  landing: 0.023733098059892654
  view-data: 0.02589550707489252
