times:
  edit-metadata: 4.594288904219866
  landing: 0.9882720466703176
  view-data: 0.4158073589205742
