times:
  landing: 0.561437104000106
  view-data: 0.5633067159999428
