times:
  edit-metadata: 1.5165783078409731
  landing: 0.050264043966308236
  view-data: 0.38886418007314205
