times:
  edit-metadata: 2.443327544257045
  landing: 0.020589380525052547
  view-data: 0.0983305498957634
