times:
  edit-metadata: 2.4364633448421955
  landing: 0.020559217780828476
  view-data: 0.11929891351610422
