times:
  edit-metadata: 3.919767389073968
  landing: 0.06053832289762795
  view-data: 0.31386287207715213
