times:
  landing: 1.0725423540000065
  view-data: 0.5588313029999767
