times:
  edit-metadata: 1.3655405077151954
  landing: 0.05843832204118371
  view-data: 0.23471247591078281
