times:
  landing: 1.1053389309999488
  view-data: 0.5581859060000056
