times:
  landing: 0.5545848499999693
  view-data: 0.564507089000017
