times:
  landing: 0.5527528420000181
  view-data: 0.5638780339999698
