times:
  edit-metadata: 2.411006006412208
  landing: 0.10905275773257017
  view-data: 0.11981252022087574
