times:
  edit-metadata: 1.820012783166021
  landing: 0.09417145885527134
  view-data: 0.46344596380367875
