times:
  landing: 0.5522260799998548
  view-data: 0.5627308460002496
