times:
  edit-metadata: 2.6485703624784946
  landing: 1.4934782199561596
  view-data: 3.6056580618023872
