times:
  edit-metadata: 2.421703362837434
  landing: 0.022533162496984005
  view-data: 0.02385924942791462
