times:
  edit-metadata: 2.447002675384283
  landing: 0.022564715705811977
  view-data: 0.12209764868021011
