times:
  landing: 0.5522512880000079
  view-data: 0.05369982999999934
