times:
  edit-metadata: 3.4859749309252948
  landing: 0.055541333043947816
  view-data: 0.25874264794401824
