times:
  edit-metadata: 1.5663724839687347
  landing: 1.0578201599419117
  view-data: 3.421885546296835
