times:
  edit-metadata: 1.4547331999056041
  landing: 0.052436820697039366
  view-data: 0.2434482597745955
