times:
  landing: 1.0951836969999817
  view-data: 0.5561413530000152
