times:
  edit-metadata: 2.4803738920018077
  landing: 0.02289423532783985
  view-data: 0.1263754153624177
