times:
  edit-metadata: 3.3015681320102885
  landing: 0.054970074095763266
  view-data: 0.2805125489830971
