times:
  edit-metadata: 1.5704758875072002
  landing: 0.7909797802567482
  view-data: 0.5643730610609055
