times:
  edit-metadata: 1.5352180916815996
  landing: 0.9132433570921421
  view-data: 3.362211039289832
