times:
  landing: 0.5466103189999103
  view-data: 0.5427941210000427
