times:
  edit-metadata: 3.3779186350293458
  landing: 0.05258334905374795
  view-data: 0.23403263906948268
