times:
  edit-metadata: 1.3461991150397807
  landing: 0.9627778070280328
  view-data: 3.370435022050515
