times:
  edit-metadata: 3.3025794040295295
  landing: 0.04382218897808343
  view-data: 0.2440362959750928
