times:
  edit-metadata: 2.271727950312197
  landing: 1.2255372572690248
  view-data: 3.4511641934514046
