times:
  edit-metadata: 2.4961186787113547
  landing: 0.0232046227902174
  view-data: 0.11878222785890102
