times:
  landing: 0.5511195039999848
  view-data: 0.5684216189999916
