times:
  edit-metadata: 3.3200367719400674
  landing: 0.054555325070396066
  view-data: 0.24230875098146498
