times:
  edit-metadata: 1.5794474333524704
  landing: 0.9871461875736713
  view-data: 3.424954492598772
