times:
  edit-metadata: 6.016997002065182
  landing: 0.6187302339822054
  view-data: 0.25345368683338165
