times:
  edit-metadata: 4.610854133963585
  landing: 1.2450306843966246
  view-data: 0.7634097225964069
