times:
  edit-metadata: 3.7391455119941384
  landing: 0.08271912601776421
  view-data: 0.28095248294994235
