times:
  landing: 0.5511656959999982
  view-data: 0.5567161909999641
