times:
  edit-metadata: 1.47533447900787
  landing: 0.8550983630120754
  view-data: 3.39088745880872
