times:
  edit-metadata: 1.5415388494729996
  landing: 0.9492347184568644
  view-data: 0.591086357831955
