times:
  edit-metadata: 1.715842254459858
  landing: 0.9905876591801643
  view-data: 3.3760199770331383
