times:
  landing: 0.5525851099999954
  view-data: 0.5519350069999973
