times:
  edit-metadata: 1.8774627759121358
  landing: 0.05873514339327812
  view-data: 0.3935235650278628
