times:
  edit-metadata: 2.4518911270424724
  landing: 0.02060080226510763
  view-data: 0.02713544387370348
