times:
  edit-metadata: 1.906117683276534
  landing: 0.04085187241435051
  view-data: 0.5251705520786345
