times:
  edit-metadata: 1.5224235872738063
  landing: 0.08003424014896154
  view-data: 0.2682820800691843
