times:
  edit-metadata: 2.434605235233903
  landing: 0.09251659456640482
  view-data: 0.02685416955500841
