times:
  edit-metadata: 3.013479843735695
  landing: 0.04492005705833435
  view-data: 0.2696671783924103
