times:
  edit-metadata: 2.44780145958066
  landing: 0.019985673017799854
  view-data: 0.0230048056691885
