times:
  edit-metadata: 1.3826244845986366
  landing: 0.7768037468194962
  view-data: 3.2797307521104813
