times:
  edit-metadata: 4.078731674700975
  landing: 0.044928692281246185
  view-data: 0.313885223120451
