times:
  landing: 0.6154733679999822
  view-data: 0.5507537229999571
