times:
  edit-metadata: 1.7224623244255781
  landing: 0.9187878202646971
  view-data: 3.4769117645919323
