times:
  edit-metadata: 4.5434953533113
  landing: 1.1820967197418213
  view-data: 0.7592687681317329
