times:
  edit-metadata: 1.532047679182142
  landing: 0.07122509507462382
  view-data: 0.29854701831936836
