times:
  edit-metadata: 1.4273415873758495
  landing: 0.0565689611248672
  view-data: 0.2555298376828432
