times:
  edit-metadata: 4.522336898371577
  landing: 0.5783251188695431
  view-data: 0.7587019242346287
