times:
  landing: 0.5503115619999903
  view-data: 0.5490756469999951
