times:
  edit-metadata: 1.3908516569063067
  landing: 0.048380943946540356
  view-data: 0.2674799938686192
