times:
  edit-metadata: 2.459968230687082
  landing: 0.020123916678130627
  view-data: 0.43211762700229883
