times:
  edit-metadata: 4.072882656008005
  landing: 0.05178006738424301
  view-data: 0.30674998834729195
