times:
  landing: 0.5423704359999988
  view-data: 0.5489607229999933
