times:
  edit-metadata: 4.674029104004148
  landing: 0.10904351598583162
  view-data: 0.35311408404959366
