times:
  edit-metadata: 1.364098477177322
  landing: 0.05624899687245488
  view-data: 0.26983671821653843
