times:
  edit-metadata: 2.460017330944538
  landing: 0.14277627877891064
  view-data: 0.11592087056487799
