times:
  edit-metadata: 3.262922335998155
  landing: 0.05237210899940692
  view-data: 0.23565880800015293
