times:
  edit-metadata: 1.7177492320188321
  landing: 0.04510915299761109
  view-data: 0.2987384820007719
