times:
  edit-metadata: 3.359338128939271
  landing: 0.05028284480795264
  view-data: 0.2337176250293851
