times:
  edit-metadata: 4.042460490018129
  landing: 0.053651534020900726
  view-data: 0.32642751559615135
