times:
  edit-metadata: 3.2767838140716776
  landing: 0.05288266495335847
  view-data: 0.23871287610381842
