times:
  edit-metadata: 1.5497547881677747
  landing: 0.8792732039000839
  view-data: 3.4258802451658994
