times:
  edit-metadata: 1.5542388339526951
  landing: 0.07565334299579263
  view-data: 0.28819244215264916
