times:
  edit-metadata: 1.638341549783945
  landing: 1.1377536021173
  view-data: 3.4310884550213814
