times:
  edit-metadata: 1.358144881669432
  landing: 0.7484633051790297
  view-data: 3.3290136479772627
