times:
  landing: 1.1086239579999528
  view-data: 0.5596405960000084
