times:
  edit-metadata: 2.4711858313530684
  landing: 0.020973500795662403
  view-data: 0.2334802746772766
