times:
  edit-metadata: 1.3781596752814949
  landing: 0.05577692203223705
  view-data: 0.23621525010094047
