times:
  edit-metadata: 2.4910767218098044
  landing: 0.11940969713032246
  view-data: 0.4346053693443537
