times:
  edit-metadata: 3.3830595949839335
  landing: 0.061906478978926316
  view-data: 0.24383139598648995
