times:
  edit-metadata: 1.8109416430816054
  landing: 0.07288437522947788
  view-data: 0.3102838187478483
