times:
  landing: 0.5604594090000319
  view-data: 0.5598764009999968
