times:
  edit-metadata: 1.5646603386849165
  landing: 0.7450539749115705
  view-data: 0.6718833278864622
