times:
  edit-metadata: 1.3846394624561071
  landing: 0.8194319754838943
  view-data: 3.3997569791972637
