times:
  edit-metadata: 4.584499336779118
  landing: 0.5760621260851622
  view-data: 0.7652792874723673
