times:
  edit-metadata: 1.5317856438923627
  landing: 0.06557270488701761
  view-data: 0.29425944201648235
