times:
  edit-metadata: 4.553867077454925
  landing: 0.5785949360579252
  view-data: 0.3463042117655277
