times:
  edit-metadata: 1.43564129807055
  landing: 0.04640454892069101
  view-data: 0.2826117044314742
