times:
  edit-metadata: 1.3975424342788756
  landing: 0.05581048084422946
  view-data: 0.2506318660452962
