times:
  edit-metadata: 1.5361046195030212
  landing: 0.943917915225029
  view-data: 3.5815561786293983
