times:
  edit-metadata: 1.409728053957224
  landing: 0.8300468623638153
  view-data: 3.402208384126425
