times:
  edit-metadata: 1.3266391344368458
  landing: 0.854989267885685
  view-data: 3.341536622494459
