times:
  edit-metadata: 1.4432452097535133
  landing: 0.8301158025860786
  view-data: 3.4619586654007435
