times:
  edit-metadata: 1.7273296490311623
  landing: 0.9869504123926163
  view-data: 3.5552332922816277
