times:
  edit-metadata: 1.4600328877568245
  landing: 0.8266233801841736
  view-data: 3.3465971052646637
