times:
  edit-metadata: 1.4126478843390942
  landing: 0.9394757747650146
  view-data: 3.323414847254753
