times:
  edit-metadata: 1.5747031271457672
  landing: 0.9344786554574966
  view-data: 3.3424006924033165
