times:
  edit-metadata: 1.9207400232553482
  landing: 1.4130826592445374
  view-data: 3.4974073246121407
