times:
  edit-metadata: 1.4906469210982323
  landing: 0.7850048914551735
  view-data: 3.4856104776263237
