times:
  edit-metadata: 1.3706663586199284
  landing: 0.9025387093424797
  view-data: 3.367482762783766
