times:
  edit-metadata: 1.4506002888083458
  landing: 0.8242859840393066
  view-data: 3.3480975180864334
