times:
  edit-metadata: 1.945554219186306
  landing: 1.4083802476525307
  view-data: 3.3921009078621864
