times:
  edit-metadata: 1.3796257004141808
  landing: 0.818325150758028
  view-data: 3.3602686785161495
