times:
  edit-metadata: 1.3820366598665714
  landing: 0.7996624186635017
  view-data: 3.3688476122915745
