times:
  edit-metadata: 1.4302804619073868
  landing: 0.834592193365097
  view-data: 3.3301449939608574
