times:
  edit-metadata: 1.4188239499926567
  landing: 0.8034917861223221
  view-data: 3.374438613653183
