times:
  edit-metadata: 1.3261349350214005
  landing: 0.9113200977444649
  view-data: 3.3485597409307957
