times:
  edit-metadata: 2.347680103033781
  landing: 1.3056505918502808
  view-data: 3.734722640365362
