times:
  edit-metadata: 1.4798928648233414
  landing: 0.8997271358966827
  view-data: 3.3758702725172043
