times:
  edit-metadata: 2.19875231385231
  landing: 1.0155155770480633
  view-data: 3.6600175611674786
