times:
  edit-metadata: 1.3866603299975395
  landing: 0.7966037169098854
  view-data: 3.5563459768891335
