times:
  edit-metadata: 1.3778063207864761
  landing: 0.8141100481152534
  view-data: 3.344420976936817
