times:
  edit-metadata: 1.4070225581526756
  landing: 0.7680322006344795
  view-data: 3.5343973860144615
