times:
  edit-metadata: 1.3621898368000984
  landing: 0.9070197343826294
  view-data: 3.44569843262434
