times:
  edit-metadata: 1.3665206134319305
  landing: 0.7584435120224953
  view-data: 3.620602637529373
