times:
  edit-metadata: 1.4130100309848785
  landing: 0.818141520023346
  view-data: 3.478132985532284
