times:
  edit-metadata: 1.4440990760922432
  landing: 0.8949072137475014
  view-data: 3.352751489728689
