times:
  edit-metadata: 3.527586430311203
  landing: 2.900108404457569
  view-data: 4.328219749033451
