times:
  edit-metadata: 1.42087996378541
  landing: 0.9298663921654224
  view-data: 3.3996802009642124
