times:
  edit-metadata: 1.3634003773331642
  landing: 0.7464277148246765
  view-data: 3.359727621078491
