times:
  edit-metadata: 1.4792774021625519
  landing: 0.9632558524608612
  view-data: 3.7508801072835922
