times:
  edit-metadata: 1.455195739865303
  landing: 0.8072952553629875
  view-data: 3.5334499776363373
