times:
  edit-metadata: 1.4959563910961151
  landing: 0.7579452693462372
  view-data: 3.3257729411125183
