times:
  edit-metadata: 1.7914594188332558
  landing: 0.9517422020435333
  view-data: 3.756609871983528
