times:
  edit-metadata: 1.4402007907629013
  landing: 0.8091687671840191
  view-data: 3.3338408395648003
