times:
  edit-metadata: 1.3464817106723785
  landing: 0.8301989920437336
  view-data: 3.361079677939415
