times:
  edit-metadata: 1.5851201266050339
  landing: 1.076213777065277
  view-data: 3.5407906100153923
