times:
  edit-metadata: 1.4206323064863682
  landing: 0.7931825816631317
  view-data: 3.3414073027670383
