times:
  edit-metadata: 1.4501253813505173
  landing: 0.7876401580870152
  view-data: 3.2589179649949074
