times:
  edit-metadata: 1.6365804560482502
  landing: 0.9208230823278427
  view-data: 3.374420002102852
