times:
  edit-metadata: 1.40789695084095
  landing: 0.7777786254882812
  view-data: 3.546051509678364
