times:
  edit-metadata: 1.7181925065815449
  landing: 1.3271527513861656
  view-data: 3.3534281589090824
