times:
  edit-metadata: 1.3949027135968208
  landing: 0.8235179930925369
  view-data: 3.7127286419272423
