times:
  edit-metadata: 1.3985393680632114
  landing: 0.8834850415587425
  view-data: 3.382874123752117
