times:
  edit-metadata: 1.4795769229531288
  landing: 0.7773026078939438
  view-data: 3.485192060470581
