times:
  edit-metadata: 1.3970757089555264
  landing: 0.8351676277816296
  view-data: 3.3310390189290047
