times:
  edit-metadata: 1.431193970143795
  landing: 0.8431046977639198
  view-data: 3.3546256870031357
