times:
  edit-metadata: 1.3563928231596947
  landing: 0.7936596721410751
  view-data: 3.3917487114667892
