times:
  edit-metadata: 1.519840843975544
  landing: 0.7633985355496407
  view-data: 3.56434179097414
