times:
  edit-metadata: 1.4060719832777977
  landing: 0.7292776256799698
  view-data: 3.4212918803095818
