times:
  edit-metadata: 1.6244612857699394
  landing: 0.9018599689006805
  view-data: 3.4077882543206215
