times:
  edit-metadata: 1.426125355064869
  landing: 0.8167334496974945
  view-data: 3.546426512300968
