times:
  edit-metadata: 1.7701259329915047
  landing: 1.1583989076316357
  view-data: 3.412304025143385
