times:
  edit-metadata: 1.583842784166336
  landing: 0.9176268205046654
  view-data: 3.742684528231621
