times:
  edit-metadata: 1.4758118242025375
  landing: 0.8109932541847229
  view-data: 3.5433011278510094
