times:
  edit-metadata: 1.4459039270877838
  landing: 0.859787218272686
  view-data: 3.384082145988941
