times:
  edit-metadata: 1.325659118592739
  landing: 0.8716535530984402
  view-data: 3.409715048968792
