times:
  edit-metadata: 1.3754524812102318
  landing: 0.8847309239208698
  view-data: 3.3528910614550114
