times:
  edit-metadata: 1.486666765064001
  landing: 1.2125891782343388
  view-data: 3.3275393582880497
