times:
  edit-metadata: 1.4021081179380417
  landing: 0.7917170599102974
  view-data: 3.491179011762142
