times:
  edit-metadata: 1.5538461431860924
  landing: 0.9068679362535477
  view-data: 3.502081446349621
