times:
  edit-metadata: 1.3752879053354263
  landing: 0.7702025920152664
  view-data: 3.501765199005604
