times:
  edit-metadata: 1.4757735580205917
  landing: 0.7140997424721718
  view-data: 3.3896963968873024
