times:
  edit-metadata: 1.5274287015199661
  landing: 0.7610565051436424
  view-data: 3.522908143699169
