times:
  edit-metadata: 1.5329368636012077
  landing: 0.8184921741485596
  view-data: 3.545467332005501
