times:
  edit-metadata: 1.393337458372116
  landing: 0.7974527850747108
  view-data: 3.577569365501404
