times:
  edit-metadata: 1.5111369043588638
  landing: 0.7840501517057419
  view-data: 3.5089819356799126
