times:
  edit-metadata: 1.4983056150376797
  landing: 0.847415279597044
  view-data: 3.3589767403900623
