times:
  edit-metadata: 1.4040530137717724
  landing: 0.8833416700363159
  view-data: 3.3920475989580154
