times:
  edit-metadata: 1.5567369274795055
  landing: 0.9897068925201893
  view-data: 3.3868221640586853
