times:
  edit-metadata: 1.5609543472528458
  landing: 0.9827554300427437
  view-data: 3.6455810889601707
