times:
  edit-metadata: 1.3362770602107048
  landing: 0.7900560609996319
  view-data: 3.324673157185316
