times:
  edit-metadata: 2.0951842069625854
  landing: 1.1572371423244476
  view-data: 3.5851750522851944
