times:
  edit-metadata: 1.4213624447584152
  landing: 1.0351201444864273
  view-data: 3.5566952750086784
