times:
  edit-metadata: 1.4081063270568848
  landing: 1.1590501181781292
  view-data: 3.3894633911550045
