times:
  edit-metadata: 1.3569484427571297
  landing: 0.7656730562448502
  view-data: 3.4290087819099426
