times:
  edit-metadata: 1.3757534250617027
  landing: 0.7475769147276878
  view-data: 3.5112962126731873
