times:
  edit-metadata: 1.3373599499464035
  landing: 0.7037656456232071
  view-data: 3.4506888389587402
