times:
  edit-metadata: 1.3843680396676064
  landing: 0.8374767787754536
  view-data: 3.6229459829628468
