times:
  edit-metadata: 1.5159919559955597
  landing: 0.876549743115902
  view-data: 3.3967936635017395
