times:
  edit-metadata: 1.4154983758926392
  landing: 0.899407222867012
  view-data: 3.5375847443938255
