times:
  edit-metadata: 1.440398558974266
  landing: 0.8614276871085167
  view-data: 3.4539228454232216
