times:
  edit-metadata: 1.4147691577672958
  landing: 0.750263899564743
  view-data: 3.5002714544534683
