times:
  edit-metadata: 1.3284502178430557
  landing: 0.8067519068717957
  view-data: 3.3450135216116905
