times:
  edit-metadata: 2.3927813544869423
  landing: 1.4538896158337593
  view-data: 3.7612701058387756
