times:
  edit-metadata: 1.3693318292498589
  landing: 0.7834391444921494
  view-data: 3.552555114030838
