times:
  edit-metadata: 1.4331255219876766
  landing: 0.8594548590481281
  view-data: 3.380372993648052
