times:
  edit-metadata: 1.3599509708583355
  landing: 0.8022234737873077
  view-data: 3.3419893607497215
