times:
  edit-metadata: 1.483061045408249
  landing: 0.944323793053627
  view-data: 3.36697269231081
