times:
  edit-metadata: 1.6258281022310257
  landing: 0.9824979566037655
  view-data: 3.410779044032097
