times:
  edit-metadata: 1.4505022391676903
  landing: 0.7741416022181511
  view-data: 3.4686997905373573
