times:
  edit-metadata: 1.5361921787261963
  landing: 0.7615666761994362
  view-data: 3.5018878653645515
