times:
  edit-metadata: 1.4592140093445778
  landing: 0.846157506108284
  view-data: 3.2808451130986214
