times:
  edit-metadata: 1.4666915014386177
  landing: 0.9335199818015099
  view-data: 3.6012837439775467
