times:
  edit-metadata: 1.509976089000702
  landing: 0.8688244968652725
  view-data: 3.486802287399769
