times:
  edit-metadata: 2.02829796820879
  landing: 1.1456400603055954
  view-data: 3.431830730289221
