times:
  edit-metadata: 1.6839811354875565
  landing: 1.156737506389618
  view-data: 3.513662740588188
