times:
  edit-metadata: 1.5411020517349243
  landing: 0.748493991792202
  view-data: 3.5160819813609123
