times:
  edit-metadata: 1.3254674300551414
  landing: 0.7809655331075191
  view-data: 3.609693728387356
