times:
  edit-metadata: 1.3355844244360924
  landing: 0.8811421059072018
  view-data: 3.2878040559589863
