times:
  edit-metadata: 1.4568891189992428
  landing: 1.0751366764307022
  view-data: 3.397864270955324
