times:
  edit-metadata: 1.5085083022713661
  landing: 0.8759665489196777
  view-data: 3.4763532504439354
