times:
  edit-metadata: 1.4984107986092567
  landing: 0.804995559155941
  view-data: 3.6293358355760574
