times:
  edit-metadata: 1.385118417441845
  landing: 0.8186056241393089
  view-data: 3.596244588494301
