times:
  edit-metadata: 1.3766276612877846
  landing: 0.808327354490757
  view-data: 3.3199357762932777
