times:
  edit-metadata: 1.462795116007328
  landing: 0.7570691257715225
  view-data: 3.5312135592103004
