times:
  edit-metadata: 1.5562887787818909
  landing: 0.9607426598668098
  view-data: 3.567005291581154
