times:
  edit-metadata: 1.4691871404647827
  landing: 0.88673996925354
  view-data: 3.3360940515995026
