times:
  edit-metadata: 1.543788243085146
  landing: 0.8166893608868122
  view-data: 3.4791851341724396
