times:
  edit-metadata: 1.4069220051169395
  landing: 0.765951618552208
  view-data: 3.5574695616960526
