times:
  edit-metadata: 1.5763926357030869
  landing: 0.9639039747416973
  view-data: 3.4347906298935413
