times:
  edit-metadata: 1.5224219225347042
  landing: 0.8393715620040894
  view-data: 3.3867328613996506
