times:
  edit-metadata: 1.307395525276661
  landing: 0.84528998285532
  view-data: 3.379320926964283
