times:
  edit-metadata: 1.5114388316869736
  landing: 0.791337862610817
  view-data: 3.5055422261357307
