times:
  edit-metadata: 1.4909154511988163
  landing: 0.8964578472077847
  view-data: 3.372269455343485
