times:
  edit-metadata: 1.3906699195504189
  landing: 0.7626333609223366
  view-data: 3.497391201555729
