times:
  edit-metadata: 1.4009165987372398
  landing: 0.7645291313529015
  view-data: 3.459641680121422
