times:
  edit-metadata: 1.5202250257134438
  landing: 0.8976089060306549
  view-data: 3.460799425840378
