times:
  edit-metadata: 1.3652656897902489
  landing: 0.7582699358463287
  view-data: 3.5014564618468285
