times:
  edit-metadata: 1.8929582238197327
  landing: 1.3118876814842224
  view-data: 3.538383811712265
