times:
  edit-metadata: 1.4322821162641048
  landing: 0.8497793860733509
  view-data: 3.543997675180435
