times:
  edit-metadata: 1.380731239914894
  landing: 0.8663220480084419
  view-data: 3.3573000356554985
