times:
  edit-metadata: 1.4720361158251762
  landing: 0.8645299226045609
  view-data: 3.5320524647831917
