times:
  edit-metadata: 1.4081114828586578
  landing: 0.8093175515532494
  view-data: 3.3756063282489777
