times:
  edit-metadata: 1.4136109612882137
  landing: 0.9423380456864834
  view-data: 3.409454867243767
