times:
  edit-metadata: 1.3755039721727371
  landing: 0.7559172585606575
  view-data: 3.6744114235043526
