times:
  edit-metadata: 1.422554761171341
  landing: 0.8147310987114906
  view-data: 3.529657229781151
