times:
  edit-metadata: 1.6233534328639507
  landing: 0.9544207863509655
  view-data: 3.4175198785960674
