times:
  edit-metadata: 1.4255957752466202
  landing: 0.8478057831525803
  view-data: 3.5265987664461136
