times:
  edit-metadata: 1.3731319159269333
  landing: 0.7698643654584885
  view-data: 3.5513312071561813
