times:
  edit-metadata: 1.4544668421149254
  landing: 0.8682785518467426
  view-data: 3.4365990199148655
