times:
  edit-metadata: 1.453719463199377
  landing: 0.8606265224516392
  view-data: 3.350656382739544
