times:
  edit-metadata: 1.6027816347777843
  landing: 1.1802519485354424
  view-data: 3.426966391503811
