times:
  edit-metadata: 1.3680588118731976
  landing: 0.8143814951181412
  view-data: 3.3897970281541348
