times:
  edit-metadata: 1.410765003412962
  landing: 0.8614532090723515
  view-data: 3.3117661960422993
