times:
  edit-metadata: 1.4848853051662445
  landing: 0.9417276978492737
  view-data: 3.4437444880604744
