times:
  edit-metadata: 1.5118693932890892
  landing: 0.8254333361983299
  view-data: 3.6531503424048424
