times:
  edit-metadata: 1.445925310254097
  landing: 0.9008423909544945
  view-data: 3.461041286587715
