times:
  edit-metadata: 1.4485899806022644
  landing: 0.8676560595631599
  view-data: 3.3814854100346565
