times:
  edit-metadata: 2.3612800650298595
  landing: 0.8839464224874973
  view-data: 3.406545378267765
