times:
  edit-metadata: 1.3344722241163254
  landing: 0.9006903544068336
  view-data: 3.3756374306976795
