times:
  edit-metadata: 1.3799499422311783
  landing: 0.7466835156083107
  view-data: 3.436943903565407
