times:
  edit-metadata: 1.5166264921426773
  landing: 0.8644081689417362
  view-data: 3.385377876460552
