times:
  edit-metadata: 1.4059806689620018
  landing: 0.7979677319526672
  view-data: 3.461803615093231
