times:
  edit-metadata: 1.4319628924131393
  landing: 0.7997106462717056
  view-data: 3.6155325174331665
