times:
  edit-metadata: 1.5295569747686386
  landing: 0.8491202890872955
  view-data: 3.392347823828459
