times:
  edit-metadata: 1.373062364757061
  landing: 0.7429383024573326
  view-data: 3.437310628592968
