times:
  edit-metadata: 1.5060942098498344
  landing: 0.7505965679883957
  view-data: 0.5395660772919655
