times:
  edit-metadata: 1.4343048259615898
  landing: 0.7900305315852165
  view-data: 3.4450907483696938
