times:
  edit-metadata: 1.406219758093357
  landing: 0.8414864540100098
  view-data: 3.3153923265635967
