times:
  edit-metadata: 1.6387849524617195
  landing: 0.7584650218486786
  view-data: 3.5268008187413216
