times:
  edit-metadata: 1.4750328063964844
  landing: 0.771885871887207
  view-data: 3.4808493852615356
