times:
  edit-metadata: 1.4517772197723389
  landing: 0.7740299142897129
  view-data: 3.288513496518135
