times:
  edit-metadata: 1.4331676997244358
  landing: 0.7374882288277149
  view-data: 3.363623421639204
