times:
  edit-metadata: 1.3906973078846931
  landing: 0.7674062326550484
  view-data: 3.521672807633877
