times:
  edit-metadata: 1.4826198443770409
  landing: 0.9465584456920624
  view-data: 3.424445703625679
