times:
  edit-metadata: 1.422735147178173
  landing: 0.7765101566910744
  view-data: 3.5266677364706993
