times:
  edit-metadata: 1.3523244187235832
  landing: 0.7224795073270798
  view-data: 3.3833253756165504
