times:
  edit-metadata: 1.328298643231392
  landing: 0.7497694194316864
  view-data: 3.5226077288389206
