times:
  edit-metadata: 1.4324257746338844
  landing: 0.7980223074555397
  view-data: 3.5015221685171127
