times:
  edit-metadata: 1.6493355855345726
  landing: 1.117536649107933
  view-data: 3.6825657561421394
