times:
  edit-metadata: 2.985241338610649
  landing: 1.6034887805581093
  view-data: 4.392295300960541
