times:
  edit-metadata: 1.441375371068716
  landing: 0.8459451906383038
  view-data: 3.264735598117113
