times:
  edit-metadata: 1.9002055078744888
  landing: 0.8372454270720482
  view-data: 3.3769055232405663
