times:
  edit-metadata: 1.5138352178037167
  landing: 0.8983946777880192
  view-data: 3.290509469807148
