times:
  edit-metadata: 1.3918479084968567
  landing: 0.9092468693852425
  view-data: 3.479247085750103
