times:
  edit-metadata: 1.4759142622351646
  landing: 0.8855777084827423
  view-data: 3.2922189235687256
