times:
  edit-metadata: 1.4580821096897125
  landing: 0.7840109616518021
  view-data: 3.507870592176914
