times:
  edit-metadata: 1.347461599856615
  landing: 0.7786551974713802
  view-data: 3.393369037657976
