times:
  edit-metadata: 1.480943463742733
  landing: 0.8261845111846924
  view-data: 3.270020667463541
