times:
  edit-metadata: 1.5431947223842144
  landing: 0.8518405109643936
  view-data: 3.3529058694839478
