times:
  edit-metadata: 1.4803289026021957
  landing: 0.7340462058782578
  view-data: 3.532981239259243
