times:
  edit-metadata: 1.456188164651394
  landing: 0.9016069173812866
  view-data: 3.300420291721821
