times:
  edit-metadata: 1.4745187982916832
  landing: 0.7656546905636787
  view-data: 3.457771874964237
