times:
  edit-metadata: 1.4478772357106209
  landing: 0.7709377147257328
  view-data: 3.3312967717647552
