times:
  edit-metadata: 2.714342921972275
  landing: 1.3680883720517159
  view-data: 3.920789450407028
