times:
  edit-metadata: 1.600434385240078
  landing: 0.758472703397274
  view-data: 3.540040895342827
