times:
  edit-metadata: 1.9597215801477432
  landing: 1.204043798148632
  view-data: 3.477240487933159
