times:
  edit-metadata: 1.4089586213231087
  landing: 0.8653271272778511
  view-data: 3.539658397436142
