times:
  edit-metadata: 1.5442193821072578
  landing: 0.8645783513784409
  view-data: 3.3288726173341274
