times:
  edit-metadata: 1.4255386553704739
  landing: 0.7564256824553013
  view-data: 3.386486519128084
