times:
  edit-metadata: 1.4293086677789688
  landing: 0.7186515405774117
  view-data: 3.2578817009925842
