times:
  edit-metadata: 1.470673255622387
  landing: 0.8126003444194794
  view-data: 3.3368867486715317
