times:
  edit-metadata: 1.3500390350818634
  landing: 0.7653117999434471
  view-data: 3.4247987046837807
