times:
  edit-metadata: 1.5790989324450493
  landing: 0.7799465209245682
  view-data: 3.512186087667942
