times:
  edit-metadata: 1.4585752487182617
  landing: 0.7651927545666695
  view-data: 3.4515694081783295
