times:
  edit-metadata: 1.484643865376711
  landing: 0.9280744716525078
  view-data: 3.3589438758790493
