times:
  edit-metadata: 1.5947669073939323
  landing: 0.8983607441186905
  view-data: 3.5375613942742348
