times:
  edit-metadata: 1.525320839136839
  landing: 0.8527823686599731
  view-data: 3.2725042067468166
