times:
  edit-metadata: 1.3992591872811317
  landing: 0.76839280128479
  view-data: 3.5587889328598976
