times:
  edit-metadata: 1.4324782639741898
  landing: 0.6851942092180252
  view-data: 3.4393269196152687
