times:
  edit-metadata: 1.3984318599104881
  landing: 0.8445600122213364
  view-data: 3.2922645807266235
