times:
  edit-metadata: 1.4639280885457993
  landing: 0.7382993027567863
  view-data: 3.5230850502848625
