times:
  edit-metadata: 1.6292736381292343
  landing: 1.0959388874471188
  view-data: 3.352238617837429
