times:
  edit-metadata: 1.398272193968296
  landing: 0.6847434118390083
  view-data: 3.3628156185150146
