times:
  edit-metadata: 1.40365144982934
  landing: 0.7348934896290302
  view-data: 3.244939588010311
