times:
  edit-metadata: 1.5087659657001495
  landing: 0.9516162946820259
  view-data: 3.4939862117171288
