times:
  edit-metadata: 1.4893983528017998
  landing: 0.7645665258169174
  view-data: 3.466943569481373
