times:
  edit-metadata: 1.4934319108724594
  landing: 0.7768363356590271
  view-data: 3.295009396970272
