times:
  edit-metadata: 1.4728643409907818
  landing: 0.8908711485564709
  view-data: 3.2632053829729557
