times:
  edit-metadata: 1.468530111014843
  landing: 0.910379096865654
  view-data: 3.322764217853546
