times:
  edit-metadata: 1.478204533457756
  landing: 0.7491827346384525
  view-data: 3.29578435793519
