times:
  edit-metadata: 1.4554028920829296
  landing: 0.800414927303791
  view-data: 3.3969219215214252
