times:
  edit-metadata: 1.5054815784096718
  landing: 0.8390773832798004
  view-data: 3.3993456587195396
