times:
  edit-metadata: 1.8986267931759357
  landing: 1.3729509487748146
  view-data: 3.5376282706856728
