times:
  edit-metadata: 1.3980459868907928
  landing: 0.7933449186384678
  view-data: 3.3212584033608437
