times:
  edit-metadata: 1.3595928773283958
  landing: 0.7390768080949783
  view-data: 3.4922934472560883
