times:
  edit-metadata: 1.4577241316437721
  landing: 0.7887086868286133
  view-data: 3.39125819504261
