times:
  edit-metadata: 1.3822021484375
  landing: 0.8017634823918343
  view-data: 3.444880224764347
