times:
  edit-metadata: 1.4349695891141891
  landing: 0.7015846744179726
  view-data: 0.4722834825515747
