times:
  edit-metadata: 1.5449583493173122
  landing: 0.9978756308555603
  view-data: 3.4206214994192123
