times:
  edit-metadata: 1.418556109070778
  landing: 0.8414148464798927
  view-data: 3.351717844605446
