times:
  edit-metadata: 1.4612154588103294
  landing: 0.7832759954035282
  view-data: 3.3268560357391834
