times:
  edit-metadata: 1.4826786294579506
  landing: 0.8888665735721588
  view-data: 3.3333192281425
