times:
  edit-metadata: 1.3806798532605171
  landing: 0.7514290511608124
  view-data: 3.496889777481556
