times:
  edit-metadata: 1.7582855224609375
  landing: 1.0196873992681503
  view-data: 3.3477343395352364
