times:
  edit-metadata: 1.4620418027043343
  landing: 0.7602116987109184
  view-data: 3.463463619351387
