times:
  edit-metadata: 1.9241002276539803
  landing: 1.413130983710289
  view-data: 3.9432750046253204
