times:
  edit-metadata: 1.4059883132576942
  landing: 0.767460823059082
  view-data: 3.3598632514476776
