times:
  edit-metadata: 1.5741777941584587
  landing: 0.8963931351900101
  view-data: 3.3545975536108017
