times:
  edit-metadata: 1.415379025042057
  landing: 0.8456159122288227
  view-data: 3.3651465736329556
