times:
  edit-metadata: 1.9938985705375671
  landing: 1.1178219839930534
  view-data: 3.385988987982273
