times:
  edit-metadata: 1.3900428041815758
  landing: 0.7745627164840698
  view-data: 3.5429052263498306
