times:
  edit-metadata: 1.4264113456010818
  landing: 0.7532854564487934
  view-data: 3.3787910118699074
