times:
  edit-metadata: 1.415074072778225
  landing: 0.790111817419529
  view-data: 3.5004387125372887
