times:
  edit-metadata: 1.6056113801896572
  landing: 0.8744590580463409
  view-data: 3.3421562127768993
