times:
  edit-metadata: 1.3806439563632011
  landing: 0.7880164533853531
  view-data: 3.5001170188188553
