times:
  edit-metadata: 1.4681588001549244
  landing: 0.937829852104187
  view-data: 3.3324510492384434
