times:
  edit-metadata: 1.4254270493984222
  landing: 0.7959672510623932
  view-data: 3.453533113002777
