times:
  edit-metadata: 1.5326424650847912
  landing: 0.7772546075284481
  view-data: 3.3225725814700127
