times:
  edit-metadata: 1.4206842258572578
  landing: 0.832641240209341
  view-data: 3.3420210145413876
