times:
  edit-metadata: 1.585788406431675
  landing: 0.7908844500780106
  view-data: 3.470371723175049
