times:
  edit-metadata: 1.4131472222507
  landing: 0.9719677641987801
  view-data: 3.3385617621243
