times:
  edit-metadata: 1.3627729527652264
  landing: 0.8327519297599792
  view-data: 3.3687166087329388
