times:
  edit-metadata: 1.4791153855621815
  landing: 0.7149020247161388
  view-data: 3.29507540166378
