times:
  edit-metadata: 1.4005839377641678
  landing: 0.8332343026995659
  view-data: 3.3578251972794533
