times:
  edit-metadata: 1.3942505568265915
  landing: 0.7658967673778534
  view-data: 3.3265861719846725
