times:
  edit-metadata: 1.409069024026394
  landing: 0.733243353664875
  view-data: 3.408200263977051
