times:
  edit-metadata: 1.6056567840278149
  landing: 0.8261427991092205
  view-data: 3.339219603687525
