times:
  edit-metadata: 1.4381748884916306
  landing: 0.699143223464489
  view-data: 3.52472984790802
