times:
  edit-metadata: 1.9150893092155457
  landing: 1.0988021306693554
  view-data: 3.4333860650658607
