times:
  edit-metadata: 1.4827434718608856
  landing: 0.9593430459499359
  view-data: 3.5973899215459824
