times:
  edit-metadata: 1.4506816193461418
  landing: 0.7151190638542175
  view-data: 3.549068823456764
