times:
  edit-metadata: 1.5628251917660236
  landing: 0.8136288560926914
  view-data: 3.3945733793079853
