times:
  edit-metadata: 2.128575950860977
  landing: 1.117127388715744
  view-data: 3.4320471361279488
