times:
  edit-metadata: 1.421568639576435
  landing: 0.7311497405171394
  view-data: 3.565342016518116
