times:
  edit-metadata: 1.5598598346114159
  landing: 0.7271935790777206
  view-data: 3.5045608803629875
