times:
  edit-metadata: 1.3842010870575905
  landing: 0.7157012298703194
  view-data: 3.3377721458673477
