times:
  edit-metadata: 1.4929274879395962
  landing: 0.7693429999053478
  view-data: 3.3201859816908836
