times:
  edit-metadata: 1.4707372896373272
  landing: 0.909729465842247
  view-data: 3.2984735034406185
