times:
  edit-metadata: 1.3989995010197163
  landing: 0.7972791269421577
  view-data: 3.3258804194629192
