times:
  edit-metadata: 1.7981064282357693
  landing: 0.9935428649187088
  view-data: 3.3065554201602936
