times:
  edit-metadata: 2.029446266591549
  landing: 1.3190832361578941
  view-data: 3.554956004023552
