times:
  edit-metadata: 1.4556117355823517
  landing: 1.2214791178703308
  view-data: 3.2719935551285744
