times:
  edit-metadata: 1.4298255518078804
  landing: 0.785528652369976
  view-data: 3.315007045865059
