times:
  edit-metadata: 1.4350022375583649
  landing: 0.6943959891796112
  view-data: 3.2705308198928833
