times:
  edit-metadata: 1.3807534575462341
  landing: 0.7775908075273037
  view-data: 3.301760658621788
