times:
  edit-metadata: 1.4419865384697914
  landing: 0.9766213744878769
  view-data: 3.283688250929117
