times:
  edit-metadata: 1.5478899627923965
  landing: 0.9030380509793758
  view-data: 3.4117663465440273
