times:
  edit-metadata: 1.4861043095588684
  landing: 0.8020171821117401
  view-data: 3.513726234436035
