times:
  edit-metadata: 1.603217601776123
  landing: 0.9158673025667667
  view-data: 3.396421290934086
