times:
  edit-metadata: 1.3784732893109322
  landing: 0.7043408825993538
  view-data: 3.475132778286934
