times:
  edit-metadata: 1.4970229268074036
  landing: 0.8631486669182777
  view-data: 3.3866549357771873
