times:
  edit-metadata: 1.4908453077077866
  landing: 0.8365782648324966
  view-data: 3.3293624222278595
