times:
  edit-metadata: 1.5337394624948502
  landing: 0.7744572386145592
  view-data: 3.3199205324053764
