times:
  edit-metadata: 1.4392071031033993
  landing: 0.8396243415772915
  view-data: 3.3028223142027855
