times:
  edit-metadata: 1.6849029697477818
  landing: 0.9689025208353996
  view-data: 3.438385523855686
