times:
  edit-metadata: 1.3987411484122276
  landing: 0.7007549852132797
  view-data: 3.4283099099993706
