times:
  edit-metadata: 1.480549395084381
  landing: 0.8126117885112762
  view-data: 3.449967682361603
