times:
  edit-metadata: 1.457740880548954
  landing: 0.8210486546158791
  view-data: 3.3568381182849407
