times:
  edit-metadata: 1.5125402212142944
  landing: 0.8729083016514778
  view-data: 3.309397868812084
