times:
  edit-metadata: 1.4717431217432022
  landing: 0.6955481097102165
  view-data: 3.490312412381172
