times:
  edit-metadata: 1.4610140472650528
  landing: 0.8629049137234688
  view-data: 3.442405216395855
