times:
  edit-metadata: 1.4238268658518791
  landing: 0.8994058594107628
  view-data: 3.470811642706394
