times:
  edit-metadata: 1.494715392589569
  landing: 0.8778397589921951
  view-data: 3.2831304520368576
