times:
  edit-metadata: 1.4244128875434399
  landing: 0.8288717977702618
  view-data: 3.340974424034357
