times:
  edit-metadata: 1.4027410373091698
  landing: 0.7223024964332581
  view-data: 3.523322746157646
