times:
  edit-metadata: 1.4854780435562134
  landing: 0.8236087113618851
  view-data: 3.3510401993989944
