times:
  edit-metadata: 1.6156866326928139
  landing: 0.8442848473787308
  view-data: 3.6147603057324886
