times:
  edit-metadata: 2.3363217413425446
  landing: 1.40191188454628
  view-data: 3.525176391005516
