times:
  edit-metadata: 1.42474165558815
  landing: 0.8205319494009018
  view-data: 3.345454655587673
