times:
  edit-metadata: 1.434798963367939
  landing: 0.8438749872148037
  view-data: 3.3605855964124203
