times:
  edit-metadata: 1.5839875563979149
  landing: 0.8013679385185242
  view-data: 3.5142557248473167
