times:
  edit-metadata: 1.5038188844919205
  landing: 0.749457836151123
  view-data: 3.423016630113125
