times:
  edit-metadata: 1.5058176293969154
  landing: 0.7671883404254913
  view-data: 3.4615432024002075
