times:
  edit-metadata: 1.5297411531209946
  landing: 0.7970947995781898
  view-data: 3.4790879115462303
