times:
  edit-metadata: 1.4335821717977524
  landing: 0.8039138466119766
  view-data: 3.599888674914837
