times:
  edit-metadata: 1.387834057211876
  landing: 0.8164310976862907
  view-data: 3.5033991262316704
