times:
  edit-metadata: 1.3810089156031609
  landing: 0.7141192704439163
  view-data: 3.5409938395023346
