times:
  edit-metadata: 1.4189755842089653
  landing: 0.708198606967926
  view-data: 3.5438787266612053
