times:
  edit-metadata: 1.4180124998092651
  landing: 0.8340537138283253
  view-data: 3.4068734496831894
