times:
  edit-metadata: 1.4772761464118958
  landing: 0.8183298408985138
  view-data: 3.2543150149285793
