times:
  edit-metadata: 1.3808943405747414
  landing: 0.7205030843615532
  view-data: 3.345199082046747
