times:
  edit-metadata: 1.425745241343975
  landing: 0.9408730641007423
  view-data: 3.5117474868893623
