times:
  edit-metadata: 1.5693541020154953
  landing: 0.7877023592591286
  view-data: 3.325497306883335
