times:
  edit-metadata: 1.39627143740654
  landing: 0.8003963083028793
  view-data: 3.2603207901120186
