times:
  edit-metadata: 1.4714593030512333
  landing: 0.8278834596276283
  view-data: 3.3725416101515293
