times:
  edit-metadata: 1.3551353514194489
  landing: 0.7761506661772728
  view-data: 3.5108993276953697
