times:
  edit-metadata: 1.5100454911589622
  landing: 0.8388918042182922
  view-data: 3.4668138474226
