times:
  edit-metadata: 1.388090431690216
  landing: 0.7682765051722527
  view-data: 3.3697918877005577
