times:
  edit-metadata: 1.5700473226606846
  landing: 0.8871426396071911
  view-data: 3.301157757639885
