times:
  edit-metadata: 2.0181091129779816
  landing: 1.027506172657013
  view-data: 3.3214038088917732
