times:
  edit-metadata: 1.327348455786705
  landing: 0.8744186237454414
  view-data: 3.534571550786495
