times:
  edit-metadata: 1.565616026520729
  landing: 0.8018397465348244
  view-data: 3.3506617546081543
