times:
  edit-metadata: 1.4536354318261147
  landing: 0.6870628073811531
  view-data: 3.5008615106344223
