times:
  edit-metadata: 1.492782510817051
  landing: 0.7724124938249588
  view-data: 3.496912397444248
