times:
  edit-metadata: 1.5052258484065533
  landing: 0.02099398709833622
  view-data: 0.2547306418418884
