times:
  edit-metadata: 1.380289351567626
  landing: 0.02239543106406927
  view-data: 0.023654299788177013
