times:
  edit-metadata: 1.390340137295425
  landing: 0.14447355177253485
  view-data: 0.12080954387784004
