times:
  edit-metadata: 1.4203489236533642
  landing: 0.8261859528720379
  view-data: 3.33845966309309
