times:
  edit-metadata: 1.4348138179630041
  landing: 0.8462064701598138
  view-data: 3.3075882070697844
