times:
  edit-metadata: 1.5351584032177925
  landing: 0.7397338971495628
  view-data: 3.3821581341326237
