times:
  edit-metadata: 1.335065796971321
  landing: 0.8398208282887936
  view-data: 3.311970502138138
