times:
  edit-metadata: 1.580650731921196
  landing: 0.02282080426812172
  view-data: 0.38625098671764135
