times:
  edit-metadata: 1.7920934408903122
  landing: 1.1290972707793117
  view-data: 3.4056013645604253
