times:
  edit-metadata: 1.5778533183038235
  landing: 0.8918299674987793
  view-data: 3.3727584779262543
