times:
  edit-metadata: 1.7717408705502748
  landing: 0.9255757052451372
  view-data: 3.4963146410882473
