times:
  edit-metadata: 1.8277236949652433
  landing: 0.1771238800138235
  view-data: 0.27569676376879215
