times:
  edit-metadata: 1.3643415803089738
  landing: 0.020898100920021534
  view-data: 0.12460924964398146
