times:
  edit-metadata: 0.49974663695320487
  landing: 0.06565645686350763
  view-data: 0.22107361815869808
