times:
  edit-metadata: 0.6089673689857591
  landing: 0.06394247199932579
  view-data: 0.36626224899373483
