times:
  edit-metadata: 1.434081494808197
  landing: 0.021085591986775398
  view-data: 0.11891679372638464
