times:
  edit-metadata: 1.3844819804653525
  landing: 0.22679828200489283
  view-data: 0.39227850642055273
