times:
  edit-metadata: 0.49436652893200517
  landing: 0.07126554800197482
  view-data: 0.22098391095642
