times:
  edit-metadata: 1.6101147141307592
  landing: 0.021482791751623154
  view-data: 0.05208340100944042
