times:
  edit-metadata: 0.5021980919409543
  landing: 0.06161943101324141
  view-data: 0.21872281399555504
