times:
  edit-metadata: 0.5857323550153524
  landing: 0.06897963301162235
  view-data: 0.22847223398275673
