times:
  edit-metadata: 1.2946362550137565
  landing: 0.7821425159927458
  view-data: 3.354037411045283
