times:
  edit-metadata: 1.4923550449311733
  landing: 0.024553661234676838
  view-data: 0.11849862616509199
