times:
  edit-metadata: 1.345953619107604
  landing: 0.1661873683333397
  view-data: 0.05860776733607054
