times:
  edit-metadata: 1.4861298841424286
  landing: 0.7754282248206437
  view-data: 3.340144256129861
