times:
  edit-metadata: 1.7517878524959087
  landing: 0.022048568353056908
  view-data: 0.447282699868083
