times:
  edit-metadata: 0.5671975309960544
  landing: 0.06928099738433957
  view-data: 0.23747336398810148
