times:
  edit-metadata: 1.3512561039533466
  landing: 0.723321869969368
  view-data: 3.318121849093586
