times:
  edit-metadata: 1.2992196148261428
  landing: 0.21206537541002035
  view-data: 0.42268041614443064
