times:
  edit-metadata: 1.4476020243018866
  landing: 0.023747049272060394
  view-data: 0.10318261757493019
