times:
  edit-metadata: 1.340969749726355
  landing: 0.022324061952531338
  view-data: 0.12222697772085667
