times:
  edit-metadata: 1.450913774780929
  landing: 0.21444605197757483
  view-data: 0.14584137964993715
