times:
  edit-metadata: 1.4210265865549445
  landing: 0.026690615341067314
  view-data: 0.3632741002365947
