times:
  edit-metadata: 1.5803006682544947
  landing: 0.7302694581449032
  view-data: 3.394444838166237
