times:
  edit-metadata: 1.3447403125464916
  landing: 0.1599093209952116
  view-data: 0.396982129663229
