times:
  edit-metadata: 0.4792599016800523
  landing: 0.07045172294601798
  view-data: 0.2225344991311431
