times:
  edit-metadata: 1.4961301479488611
  landing: 0.887641180306673
  view-data: 3.3685156274586916
