times:
  edit-metadata: 0.4949115398339927
  landing: 0.07622910593636334
  view-data: 0.21414558496326208
