times:
  edit-metadata: 1.4238096196204424
  landing: 0.12844538129866123
  view-data: 0.11946487613022327
