times:
  edit-metadata: 1.3908941149711609
  landing: 0.19309075828641653
  view-data: 0.02310893125832081
