times:
  edit-metadata: 1.3908085115253925
  landing: 0.8112755343317986
  view-data: 3.379048265516758
