times:
  edit-metadata: 1.3934510415419936
  landing: 0.020599065348505974
  view-data: 0.026424347423017025
