times:
  edit-metadata: 1.6836009789258242
  landing: 0.02241639979183674
  view-data: 0.4741054233163595
