times:
  edit-metadata: 1.384419396519661
  landing: 0.019705476239323616
  view-data: 0.0261815981939435
