times:
  edit-metadata: 0.5084196901880205
  landing: 0.07070095185190439
  view-data: 0.21609939821064472
