times:
  edit-metadata: 1.3827047776430845
  landing: 0.023751186206936836
  view-data: 0.02336512878537178
