times:
  edit-metadata: 1.394582905806601
  landing: 0.18337238766252995
  view-data: 0.028018263168632984
