times:
  edit-metadata: 1.8541380213573575
  landing: 1.0938205225393176
  view-data: 3.417560546658933
