times:
  edit-metadata: 2.338250858709216
  landing: 1.3749135471880436
  view-data: 3.5757636204361916
