times:
  edit-metadata: 0.5785932661965489
  landing: 0.06119862012565136
  view-data: 0.23390376986935735
