times:
  edit-metadata: 0.5027083971071988
  landing: 0.07307842303998768
  view-data: 0.21544625400565565
