times:
  edit-metadata: 1.3742242632433772
  landing: 0.2407938688993454
  view-data: 0.13058566767722368
