times:
  edit-metadata: 1.3710521906614304
  landing: 0.7102813124656677
  view-data: 3.302615527063608
