times:
  edit-metadata: 1.3726011291146278
  landing: 0.020828036591410637
  view-data: 0.12354091182351112
