times:
  edit-metadata: 1.5828185304999352
  landing: 0.8269665651023388
  view-data: 3.3959344923496246
