times:
  edit-metadata: 1.3947611628100276
  landing: 0.023300927132368088
  view-data: 0.024310815148055553
