times:
  edit-metadata: 1.5269351731985807
  landing: 0.73600191809237
  view-data: 3.377567671239376
