times:
  edit-metadata: 1.3921261355280876
  landing: 0.13698427379131317
  view-data: 0.14454148523509502
