times:
  edit-metadata: 0.48895416990853846
  landing: 0.07288071396760643
  view-data: 0.21627835417166352
