times:
  edit-metadata: 1.5934112221002579
  landing: 0.8005825690925121
  view-data: 3.409564856439829
