times:
  edit-metadata: 1.628195270895958
  landing: 0.896295826882124
  view-data: 3.370840694755316
