times:
  edit-metadata: 1.5620449129492044
  landing: 0.7566748857498169
  view-data: 3.40234880708158
