times:
  edit-metadata: 1.626213200390339
  landing: 1.0940100066363811
  view-data: 3.41733505576849
