times:
  edit-metadata: 1.4272598242387176
  landing: 0.20073531102389097
  view-data: 0.027209295891225338
