times:
  edit-metadata: 1.3476179745048285
  landing: 0.02248887624591589
  view-data: 0.024392638355493546
