times:
  edit-metadata: 1.538668517023325
  landing: 0.7964275795966387
  view-data: 3.4363165833055973
