times:
  edit-metadata: 1.4342260621488094
  landing: 0.02254885621368885
  view-data: 0.10185680165886879
