times:
  edit-metadata: 0.5104550430551171
  landing: 0.07554972101934254
  view-data: 0.22562548099085689
