times:
  edit-metadata: 0.5044431660789996
  landing: 0.07706416514702141
  view-data: 0.2190227450337261
