times:
  edit-metadata: 1.4824227010831237
  landing: 0.1367995198816061
  view-data: 0.21716149616986513
