times:
  edit-metadata: 1.663501838222146
  landing: 0.8350409064441919
  view-data: 3.409950690343976
