times:
  edit-metadata: 0.5087576030055061
  landing: 0.05753684102091938
  view-data: 0.21907830005511642
