times:
  edit-metadata: 0.49441402696538717
  landing: 0.06657660088967532
  view-data: 0.2222391898976639
