times:
  edit-metadata: 1.3667862368747592
  landing: 3.173564163967967
  view-data: 3.2728156121447682
