times:
  edit-metadata: 1.492780789732933
  landing: 0.21201596222817898
  view-data: 0.027235135436058044
