times:
  edit-metadata: 1.655056488700211
  landing: 1.2003155061975121
  view-data: 4.472325646318495
