times:
  edit-metadata: 0.5112541089765728
  landing: 0.06791317503666505
  view-data: 0.2069932189770043
