times:
  edit-metadata: 1.4009856777265668
  landing: 0.018284455873072147
  view-data: 0.4061264954507351
