times:
  edit-metadata: 1.5816087163984776
  landing: 24.344720171764493
  view-data: 3.3614169359207153
