times:
  edit-metadata: 1.5233181063085794
  landing: 0.2478275876492262
  view-data: 0.025748204439878464
