times:
  edit-metadata: 1.5888428464531898
  landing: 0.8582722395658493
  view-data: 3.448933407664299
