times:
  edit-metadata: 2.1250021690502763
  landing: 1.0298033338040113
  view-data: 3.442574459128082
