times:
  edit-metadata: 1.6294684279710054
  landing: 0.25419464334845543
  view-data: 0.15183323062956333
