times:
  edit-metadata: 1.3663495685905218
  landing: 0.023722190409898758
  view-data: 0.025785787031054497
