times:
  edit-metadata: 0.5126304691657424
  landing: 0.07071556616574526
  view-data: 0.36198094789870083
