times:
  edit-metadata: 1.6047232020646334
  landing: 0.7391143962740898
  view-data: 3.4242447651922703
