times:
  edit-metadata: 1.4837284106761217
  landing: 0.23309906758368015
  view-data: 0.029424672946333885
