times:
  edit-metadata: 1.5291690230369568
  landing: 0.8283846601843834
  view-data: 3.320978384464979
