times:
  edit-metadata: 1.7360756881535053
  landing: 0.2580388765782118
  view-data: 0.34464664943516254
