times:
  edit-metadata: 1.377396296709776
  landing: 0.8860697373747826
  view-data: 3.392317693680525
