times:
  edit-metadata: 0.6414913409389555
  landing: 0.050012299325317144
  view-data: 0.22074525291100144
