times:
  edit-metadata: 0.5028596939955605
  landing: 0.07011201200657524
  view-data: 0.21765592500014463
