times:
  edit-metadata: 1.503813996911049
  landing: 0.020027371123433113
  view-data: 0.1388731375336647
