times:
  edit-metadata: 1.6894920095801353
  landing: 0.8544165045022964
  view-data: 3.374691665172577
