times:
  edit-metadata: 0.5894235070154537
  landing: 0.0654623259906657
  view-data: 0.21693502299604006
