times:
  edit-metadata: 1.4728389345109463
  landing: 0.724899098277092
  view-data: 3.4115176759660244
