times:
  edit-metadata: 1.558863826096058
  landing: 0.8204436860978603
  view-data: 3.4463331885635853
