times:
  edit-metadata: 1.7453461922705173
  landing: 0.16419932432472706
  view-data: 0.34836192429065704
