times:
  edit-metadata: 1.5122237354516983
  landing: 0.7333966922014952
  view-data: 3.3612198270857334
