times:
  edit-metadata: 1.5315663442015648
  landing: 0.797845721244812
  view-data: 3.3813911266624928
