times:
  edit-metadata: 0.5163504550000653
  landing: 0.05829083500429988
  view-data: 0.20730488399567548
