times:
  edit-metadata: 1.3893719529733062
  landing: 0.0190396411344409
  view-data: 0.19435189105570316
