times:
  edit-metadata: 0.9478076960076578
  landing: 0.10888080799486488
  view-data: 0.24405559999286197
