times:
  edit-metadata: 0.5089651059824973
  landing: 0.07261595199815929
  view-data: 0.2277001080219634
