times:
  edit-metadata: 1.483920980244875
  landing: 0.8034351617097855
  view-data: 3.3119361363351345
