times:
  edit-metadata: 0.5758169866167009
  landing: 0.06395484087988734
  view-data: 0.23386322986334562
