times:
  edit-metadata: 1.7909043207764626
  landing: 0.38975306041538715
  view-data: 0.17019737139344215
