times:
  edit-metadata: 1.3953748028725386
  landing: 0.7000290658324957
  view-data: 3.3112499341368675
