times:
  edit-metadata: 0.4950389708392322
  landing: 0.07316288677975535
  view-data: 0.206669463776052
