times:
  edit-metadata: 1.5972028151154518
  landing: 0.8335776440799236
  view-data: 3.4006064645946026
