times:
  edit-metadata: 1.8733654879033566
  landing: 3.2683827579021454
  view-data: 3.351238552480936
