times:
  edit-metadata: 1.46424519456923
  landing: 0.7006245832890272
  view-data: 3.328188059851527
