times:
  edit-metadata: 0.5109643200412393
  landing: 0.07751254294998944
  view-data: 0.33961740718223155
