times:
  edit-metadata: 0.5052726338617504
  landing: 0.07533105416223407
  view-data: 0.2123314030468464
