times:
  edit-metadata: 0.5057471548207104
  landing: 0.07137976586818695
  view-data: 0.22584013314917684
