times:
  edit-metadata: 1.4207325670868158
  landing: 0.8084477502852678
  view-data: 3.421648381277919
