times:
  edit-metadata: 1.3981431983411312
  landing: 0.9006265662610531
  view-data: 3.372703067958355
