times:
  edit-metadata: 0.49644835299113765
  landing: 0.071283992001554
  view-data: 0.2138130780076608
