times:
  edit-metadata: 1.4849134255200624
  landing: 0.19825019873678684
  view-data: 0.025872016325592995
