times:
  edit-metadata: 1.635181862860918
  landing: 0.25674276426434517
  view-data: 0.2665778324007988
