times:
  edit-metadata: 1.5934324637055397
  landing: 1.0504199638962746
  view-data: 3.3901000805199146
