times:
  edit-metadata: 1.5442891418933868
  landing: 0.721286142244935
  view-data: 0.5542549379169941
