times:
  edit-metadata: 1.623616062104702
  landing: 0.9931660825386643
  view-data: 3.5580338146537542
