times:
  edit-metadata: 1.4303752100095153
  landing: 0.7791284555569291
  view-data: 3.3656933726742864
