times:
  edit-metadata: 1.5739296898245811
  landing: 0.20447186194360256
  view-data: 0.18976890854537487
