times:
  edit-metadata: 1.385518653318286
  landing: 0.02133702952414751
  view-data: 0.025794748216867447
