times:
  edit-metadata: 1.6922285240143538
  landing: 0.7461805921047926
  view-data: 3.3770289942622185
