times:
  edit-metadata: 1.3739463333040476
  landing: 0.019735693000257015
  view-data: 0.024199106730520725
