times:
  edit-metadata: 0.6928648700122721
  landing: 0.13420587999280542
  view-data: 0.2558396609965712
