times:
  edit-metadata: 1.3469154182821512
  landing: 0.02345062419772148
  view-data: 0.1979256384074688
