times:
  edit-metadata: 2.133601101115346
  landing: 1.2694426868110895
  view-data: 3.657968297600746
