times:
  edit-metadata: 0.5087352078408003
  landing: 0.07134844199754298
  view-data: 0.20737243816256523
