times:
  edit-metadata: 1.3703082837164402
  landing: 0.7358273863792419
  view-data: 3.3146814852952957
