times:
  edit-metadata: 1.4779073484241962
  landing: 0.7679286971688271
  view-data: 0.6120111513882875
