times:
  edit-metadata: 1.5309278257191181
  landing: 1.224212110042572
  view-data: 3.4123753905296326
