times:
  edit-metadata: 1.4148434669477865
  landing: 0.6978875730419531
  view-data: 3.2525207470171154
