times:
  edit-metadata: 1.7347225733101368
  landing: 0.27123228646814823
  view-data: 0.37529347091913223
