times:
  edit-metadata: 1.3795761466026306
  landing: 0.8172928430140018
  view-data: 3.300554037094116
