times:
  edit-metadata: 1.37469950504601
  landing: 0.21116759441792965
  view-data: 0.3449420277029276
