times:
  edit-metadata: 1.5475715454667807
  landing: 0.7988791540265083
  view-data: 3.4058415088802576
