times:
  edit-metadata: 1.4950771518051624
  landing: 0.7848955541849136
  view-data: 3.3108128421008587
