times:
  edit-metadata: 1.436289849691093
  landing: 0.7600711304694414
  view-data: 3.4155864538624883
