times:
  edit-metadata: 1.4691579286009073
  landing: 0.23178094625473022
  view-data: 0.11804110743105412
