times:
  edit-metadata: 0.48344677593559027
  landing: 0.06167770689353347
  view-data: 0.2154046562500298
