times:
  edit-metadata: 0.5069369981065392
  landing: 0.07482884987257421
  view-data: 0.3517335730139166
