times:
  edit-metadata: 0.49236957798711956
  landing: 0.06958812894299626
  view-data: 0.22591076395474374
