times:
  edit-metadata: 1.4010191932320595
  landing: 0.8891900666058064
  view-data: 3.360962502658367
