times:
  edit-metadata: 0.5791424799826927
  landing: 0.07204627594910562
  view-data: 0.22556367999641225
