times:
  edit-metadata: 1.5427403766661882
  landing: 0.7524958644062281
  view-data: 3.394249899312854
