times:
  edit-metadata: 0.506340519990772
  landing: 0.05918857199139893
  view-data: 0.21539005998056382
