times:
  edit-metadata: 1.7380636613816023
  landing: 0.31851462461054325
  view-data: 0.16597472876310349
