times:
  edit-metadata: 1.4781698621809483
  landing: 0.02302229404449463
  view-data: 0.02845487743616104
