times:
  edit-metadata: 1.356346845626831
  landing: 0.8051603250205517
  view-data: 3.288243606686592
