times:
  edit-metadata: 1.8019117657095194
  landing: 1.3150546327233315
  view-data: 3.543169606477022
