times:
  edit-metadata: 1.380229501053691
  landing: 0.020286629907786846
  view-data: 0.12181763537228107
