times:
  edit-metadata: 1.5751890540122986
  landing: 0.8058965466916561
  view-data: 3.3826479837298393
