times:
  edit-metadata: 0.7643851302564144
  landing: 0.15711302310228348
  view-data: 0.23261076724156737
