times:
  edit-metadata: 1.429407071787864
  landing: 0.7339759017340839
  view-data: 3.364031945820898
