times:
  edit-metadata: 1.302413099911064
  landing: 0.6784854221623391
  view-data: 3.3199371630325913
