times:
  edit-metadata: 1.8018835224211216
  landing: 1.045409418642521
  view-data: 3.4941039867699146
