times:
  edit-metadata: 1.4153808699920774
  landing: 0.7894982523284853
  view-data: 3.36977965477854
