times:
  edit-metadata: 1.7004753891378641
  landing: 0.25253788381814957
  view-data: 0.028172317892313004
