times:
  edit-metadata: 1.5015334002673626
  landing: 0.21554438211023808
  view-data: 0.35641372203826904
