times:
  edit-metadata: 1.3561778711155057
  landing: 0.16432150546461344
  view-data: 0.45367368403822184
