times:
  edit-metadata: 1.5240303426980972
  landing: 0.8557224236428738
  view-data: 3.4181233793497086
