times:
  edit-metadata: 0.767946494044736
  landing: 0.0733567529823631
  view-data: 0.22599868499673903
