times:
  edit-metadata: 1.3502735747024417
  landing: 0.02000204659998417
  view-data: 0.02785454038530588
