times:
  edit-metadata: 1.3526510000228882
  landing: 0.018789904192090034
  view-data: 0.2787096817046404
