times:
  edit-metadata: 1.3308731457218528
  landing: 0.11355897318571806
  view-data: 0.12084283120930195
