times:
  edit-metadata: 1.4378886055201292
  landing: 0.019612733274698257
  view-data: 0.022828472778201103
