times:
  edit-metadata: 0.5627779699862003
  landing: 0.06613820511847734
  view-data: 0.22561603086069226
