times:
  edit-metadata: 1.4540397394448519
  landing: 0.7813612027093768
  view-data: 3.4260607110336423
