times:
  edit-metadata: 0.5727567470166832
  landing: 0.06890633702278137
  view-data: 0.22811010701116174
