times:
  edit-metadata: 3.2149257585406303
  landing: 1.6525320373475552
  view-data: 3.4712049178779125
