times:
  edit-metadata: 1.5476438254117966
  landing: 0.9542645774781704
  view-data: 3.4217792190611362
