times:
  edit-metadata: 1.4745217226445675
  landing: 0.7168791857548058
  view-data: 3.347548322286457
