times:
  edit-metadata: 1.5166436601430178
  landing: 0.1411015186458826
  view-data: 0.024910591542720795
