times:
  edit-metadata: 0.905748370103538
  landing: 0.06822633789852262
  view-data: 0.21411239076405764
