times:
  edit-metadata: 1.5829238593578339
  landing: 0.9853263236582279
  view-data: 3.3362459391355515
