times:
  edit-metadata: 0.49331567300032475
  landing: 0.07340898199981893
  view-data: 0.20374463200005266
