times:
  edit-metadata: 1.5464281979948282
  landing: 0.8637835439294577
  view-data: 3.3390958620002493
