times:
  edit-metadata: 1.381406083703041
  landing: 0.02521851286292076
  view-data: 0.02408374659717083
