times:
  edit-metadata: 1.530667332932353
  landing: 0.8298863279633224
  view-data: 3.376058664172888
