times:
  edit-metadata: 0.5192126941401511
  landing: 0.07306990399956703
  view-data: 0.21003015711903572
