times:
  edit-metadata: 1.5377046912908554
  landing: 0.855121985077858
  view-data: 3.419614676386118
