times:
  edit-metadata: 1.4440134838223457
  landing: 0.8425171221606433
  view-data: 3.3744670427404344
