times:
  edit-metadata: 1.3666927106678486
  landing: 0.12683746125549078
  view-data: 0.23260049242526293
