times:
  edit-metadata: 1.5699155926704407
  landing: 0.749250853434205
  view-data: 3.419459817931056
