times:
  edit-metadata: 0.5579278650693595
  landing: 0.06282078195363283
  view-data: 0.21772444155067205
