times:
  edit-metadata: 0.6362097639939748
  landing: 0.061488698003813624
  view-data: 0.22715987099218182
