times:
  edit-metadata: 1.3970672972500324
  landing: 0.8607093431055546
  view-data: 3.326381977647543
