times:
  edit-metadata: 0.48353939899243414
  landing: 0.06339093297719955
  view-data: 0.21667517302557826
