times:
  edit-metadata: 1.8682203851640224
  landing: 1.7895597852766514
  view-data: 3.6913548819720745
