times:
  edit-metadata: 1.5240208376199007
  landing: 0.7499917913228273
  view-data: 3.3830080702900887
