times:
  edit-metadata: 1.876779105514288
  landing: 0.2912387866526842
  view-data: 0.2444138079881668
