times:
  edit-metadata: 1.369905799627304
  landing: 0.8689013421535492
  view-data: 3.2892587184906006
