times:
  edit-metadata: 1.4680775664746761
  landing: 0.7262185290455818
  view-data: 3.4468529149889946
