times:
  edit-metadata: 1.4017858859151602
  landing: 0.7319115158170462
  view-data: 3.3647674918174744
