times:
  edit-metadata: 1.401181012392044
  landing: 0.1894744299352169
  view-data: 0.024929000064730644
