times:
  edit-metadata: 2.7668102337047458
  landing: 0.21509828232228756
  view-data: 0.543485670350492
