times:
  edit-metadata: 1.974727276712656
  landing: 1.8521999903023243
  view-data: 3.340073097497225
