times:
  edit-metadata: 1.6237499928101897
  landing: 0.9429571302607656
  view-data: 3.3523837756365538
