times:
  edit-metadata: 0.5811873879283667
  landing: 0.06512278039008379
  view-data: 0.21100896690040827
