times:
  edit-metadata: 1.590475793927908
  landing: 0.19867323152720928
  view-data: 0.3715326152741909
