times:
  edit-metadata: 1.52426902577281
  landing: 0.11451753042638302
  view-data: 0.23191599640995264
