times:
  edit-metadata: 1.3729117838665843
  landing: 0.1257431609556079
  view-data: 0.026978629641234875
