times:
  edit-metadata: 0.5893602239666507
  landing: 0.10460476198932156
  view-data: 0.23555997799849138
