times:
  edit-metadata: 1.386612425558269
  landing: 0.1629531243816018
  view-data: 0.026004498824477196
