times:
  edit-metadata: 1.9751073233783245
  landing: 1.0521851740777493
  view-data: 3.401572573930025
