times:
  edit-metadata: 1.4103163313120604
  landing: 0.022311225533485413
  view-data: 0.1260030698031187
