times:
  edit-metadata: 1.44220335688442
  landing: 0.7489493228495121
  view-data: 3.3989193234592676
