times:
  edit-metadata: 1.5793312508612871
  landing: 0.753999125212431
  view-data: 3.4070970360189676
