times:
  edit-metadata: 1.5241653248667717
  landing: 0.9305073134601116
  view-data: 3.3338617384433746
