times:
  edit-metadata: 1.6313205119222403
  landing: 0.21840744279325008
  view-data: 0.35959744080901146
