times:
  edit-metadata: 1.504856027662754
  landing: 0.890762634575367
  view-data: 3.361532624810934
