times:
  edit-metadata: 1.4617606548126787
  landing: 0.8553642728365958
  view-data: 3.414479864994064
