times:
  edit-metadata: 1.9451488927006721
  landing: 1.069265753030777
  view-data: 3.5161769166588783
