times:
  edit-metadata: 1.6680596694350243
  landing: 0.6786833424121141
  view-data: 3.300519583746791
