times:
  edit-metadata: 1.8844492584466934
  landing: 1.3002887852489948
  view-data: 3.505130022764206
