times:
  edit-metadata: 1.4794418290257454
  landing: 0.19088313169777393
  view-data: 0.10049306973814964
