times:
  edit-metadata: 1.4713998585939407
  landing: 0.9142788350582123
  view-data: 3.427605878561735
