times:
  edit-metadata: 1.5509964097291231
  landing: 0.22440156154334545
  view-data: 0.42686334438622
