times:
  edit-metadata: 0.5997190130874515
  landing: 0.05299909505993128
  view-data: 0.21550532476976514
