times:
  edit-metadata: 1.5108209671452641
  landing: 0.8396833511069417
  view-data: 3.3997849139850587
