times:
  edit-metadata: 1.539977751672268
  landing: 0.8526865933090448
  view-data: 3.433259418234229
