times:
  edit-metadata: 1.6208364330232143
  landing: 0.9451076984405518
  view-data: 3.461302351206541
