times:
  edit-metadata: 1.9180735424160957
  landing: 1.287877082824707
  view-data: 3.4196653328835964
