times:
  edit-metadata: 1.4448325783014297
  landing: 0.7726910253986716
  view-data: 3.3477921932935715
