times:
  edit-metadata: 0.5128173511475325
  landing: 0.0727433804422617
  view-data: 0.24258153373375535
