times:
  edit-metadata: 1.5637676045298576
  landing: 0.8732558060437441
  view-data: 3.4527601171284914
