times:
  edit-metadata: 1.410879472270608
  landing: 0.14093198254704475
  view-data: 0.12397083267569542
