times:
  edit-metadata: 1.6101148929446936
  landing: 0.8246590364724398
  view-data: 3.4138275552541018
