times:
  edit-metadata: 1.8750867126509547
  landing: 0.029053792357444763
  view-data: 0.02741474099457264
