times:
  edit-metadata: 1.7697198130190372
  landing: 1.3852398879826069
  view-data: 3.473008845001459
