times:
  edit-metadata: 1.6186710223555565
  landing: 0.9844855442643166
  view-data: 3.4507474526762962
