times:
  edit-metadata: 1.643188003450632
  landing: 1.1238565258681774
  view-data: 3.2876783087849617
