times:
  edit-metadata: 1.5585986468940973
  landing: 0.8293968550860882
  view-data: 3.4234217274934053
