times:
  edit-metadata: 0.7515268100005414
  landing: 0.1585789159998967
  view-data: 0.2772160129998156
