times:
  edit-metadata: 1.5758036226034164
  landing: 0.9267746210098267
  view-data: 3.3962576165795326
