times:
  edit-metadata: 1.436766467988491
  landing: 0.9049160471186042
  view-data: 3.358261703979224
