times:
  edit-metadata: 1.3686233693733811
  landing: 0.0219918480142951
  view-data: 0.024304645135998726
