times:
  edit-metadata: 2.391812212765217
  landing: 1.288486059755087
  view-data: 3.429745864123106
