times:
  edit-metadata: 1.5469063837081194
  landing: 0.8542180452495813
  view-data: 3.459021609276533
