times:
  edit-metadata: 0.49531579203903675
  landing: 0.07623105309903622
  view-data: 0.22616010205820203
