times:
  edit-metadata: 0.5707528309867484
  landing: 0.06625920000078622
  view-data: 0.22740732299280353
