times:
  edit-metadata: 1.408416814636439
  landing: 0.8002430321648717
  view-data: 3.4185159653425217
