times:
  edit-metadata: 1.4615392247214913
  landing: 0.019746053963899612
  view-data: 0.12314834725111723
