times:
  edit-metadata: 1.3688939129933715
  landing: 0.11500887013971806
  view-data: 0.02475788164883852
