times:
  edit-metadata: 1.5710814166814089
  landing: 0.7782563474029303
  view-data: 3.4295276552438736
