times:
  edit-metadata: 1.5276198601350188
  landing: 0.11750400438904762
  view-data: 0.21442937199026346
