times:
  edit-metadata: 1.354327998124063
  landing: 0.7166923498734832
  view-data: 3.3611899777315557
