times:
  edit-metadata: 0.5168836961966008
  landing: 0.06735980999656022
  view-data: 0.2135681831277907
