times:
  edit-metadata: 1.4268628936260939
  landing: 1.8599687572568655
  view-data: 3.4065099004656076
