times:
  edit-metadata: 1.4440882839262486
  landing: 0.7380341850221157
  view-data: 3.4228536561131477
