times:
  edit-metadata: 1.402211356908083
  landing: 0.2059017177671194
  view-data: 0.30006153136491776
