times:
  edit-metadata: 1.4181950185447931
  landing: 0.1167313028126955
  view-data: 0.2821472156792879
