times:
  edit-metadata: 1.3552447049878538
  landing: 0.847823407035321
  view-data: 3.367218961007893
