times:
  edit-metadata: 1.4932451788336039
  landing: 0.7451529875397682
  view-data: 3.3953913804143667
