times:
  edit-metadata: 1.6656286884099245
  landing: 0.8658763449639082
  view-data: 3.343241576105356
