times:
  edit-metadata: 1.5851960591971874
  landing: 0.32691677659749985
  view-data: 0.1723602470010519
