times:
  edit-metadata: 1.377904001623392
  landing: 0.15246693789958954
  view-data: 0.029159685596823692
