times:
  edit-metadata: 1.4682486495003104
  landing: 0.7565273838117719
  view-data: 3.259736692532897
