times:
  edit-metadata: 1.7042211709776893
  landing: 0.9007217040052637
  view-data: 3.3834585320437327
