times:
  edit-metadata: 1.3867498524487019
  landing: 0.14793585799634457
  view-data: 0.02772342786192894
