times:
  edit-metadata: 1.379126414656639
  landing: 0.8179757073521614
  view-data: 3.3220186941325665
