times:
  edit-metadata: 1.9514512969180942
  landing: 1.2208500844426453
  view-data: 3.4474655180238187
