times:
  edit-metadata: 1.452344854362309
  landing: 0.884954878129065
  view-data: 3.3746461886912584
