times:
  edit-metadata: 0.4994005130138248
  landing: 0.07120451796799898
  view-data: 0.20766942179761827
