times:
  edit-metadata: 1.6080997586250305
  landing: 0.8620050437748432
  view-data: 3.572782203555107
