times:
  edit-metadata: 1.519439997151494
  landing: 0.7334849815815687
  view-data: 3.4244009032845497
