times:
  edit-metadata: 1.4884228259325027
  landing: 0.6905758231878281
  view-data: 3.353774644434452
