times:
  edit-metadata: 1.337738341651857
  landing: 0.022962565533816814
  view-data: 0.09672815352678299
