times:
  edit-metadata: 1.4347096187993884
  landing: 0.8260517809540033
  view-data: 3.3513478310778737
