times:
  edit-metadata: 1.543898779898882
  landing: 0.7973274551331997
  view-data: 3.457745362073183
