times:
  edit-metadata: 2.413315214216709
  landing: 1.1921076029539108
  view-data: 3.638471432030201
