times:
  edit-metadata: 2.1424374245107174
  landing: 1.2820374425500631
  view-data: 3.5872449316084385
