times:
  edit-metadata: 0.5120754549279809
  landing: 0.06204141897615045
  view-data: 0.21725559106562287
