times:
  edit-metadata: 1.3624259568750858
  landing: 0.8436386920511723
  view-data: 3.281494751572609
