times:
  edit-metadata: 1.4623000489082187
  landing: 0.7194720269180834
  view-data: 3.327384531032294
