times:
  edit-metadata: 1.358803452923894
  landing: 0.7315621022135019
  view-data: 3.343696651980281
