times:
  edit-metadata: 1.6938814297318459
  landing: 0.7788807228207588
  view-data: 3.3645391017198563
