times:
  edit-metadata: 1.421151434071362
  landing: 0.7527535492554307
  view-data: 3.4005264192819595
