times:
  edit-metadata: 1.370188731700182
  landing: 0.021595513448119164
  view-data: 0.12500624358654022
