times:
  edit-metadata: 1.4695243276655674
  landing: 0.020169338211417198
  view-data: 0.3075581341981888
