times:
  edit-metadata: 0.8426611567847431
  landing: 0.05792143987491727
  view-data: 0.21963149309158325
