times:
  edit-metadata: 1.4499637559056282
  landing: 0.019026130437850952
  view-data: 0.38083551079034805
