times:
  edit-metadata: 1.5227060671895742
  landing: 0.126368110999465
  view-data: 0.2936666179448366
