times:
  edit-metadata: 1.4758098684251308
  landing: 0.1530530396848917
  view-data: 0.4342230688780546
