times:
  edit-metadata: 1.7294002547860146
  landing: 0.020959660410881042
  view-data: 0.35868709348142147
