times:
  edit-metadata: 1.7684689983725548
  landing: 0.021513037383556366
  view-data: 0.02719117421656847
