times:
  edit-metadata: 0.5830455989926122
  landing: 0.062793851015158
  view-data: 0.2379610050120391
