times:
  edit-metadata: 0.6156031650025398
  landing: 0.10805302596418187
  view-data: 0.22638536599697545
