times:
  edit-metadata: 1.5007775947451591
  landing: 0.8064990770071745
  view-data: 3.4409196712076664
