times:
  edit-metadata: 1.4085703128948808
  landing: 0.022625770419836044
  view-data: 0.4814933529123664
