times:
  edit-metadata: 1.5729434341192245
  landing: 0.7363165728747845
  view-data: 3.3661181945353746
