times:
  edit-metadata: 1.414420971646905
  landing: 0.023378307931125164
  view-data: 0.026722807437181473
