times:
  edit-metadata: 1.3565366482362151
  landing: 0.021041530184447765
  view-data: 0.027312615886330605
