times:
  edit-metadata: 1.7344186948612332
  landing: 0.3811363149434328
  view-data: 0.5675842398777604
