times:
  edit-metadata: 1.7286825366318226
  landing: 1.0308716408908367
  view-data: 3.3353611417114735
