times:
  edit-metadata: 1.4539603907614946
  landing: 0.753607789054513
  view-data: 3.3691422436386347
