times:
  edit-metadata: 1.330597854219377
  landing: 0.022192220203578472
  view-data: 0.11641940101981163
