times:
  edit-metadata: 1.4569242848083377
  landing: 0.01928321924060583
  view-data: 0.10390354972332716
