times:
  edit-metadata: 0.5029811379499733
  landing: 0.0703553028870374
  view-data: 0.215572162065655
