times:
  edit-metadata: 1.505484364926815
  landing: 0.24667013250291348
  view-data: 0.348267475143075
