times:
  edit-metadata: 1.375191006809473
  landing: 0.938828818500042
  view-data: 3.3427768126130104
