times:
  edit-metadata: 1.3532770574092865
  landing: 0.12875191681087017
  view-data: 0.11868433933705091
