times:
  edit-metadata: 1.5154833160340786
  landing: 0.15632386319339275
  view-data: 0.4508388815447688
