times:
  edit-metadata: 1.5642131008207798
  landing: 0.9955792031250894
  view-data: 3.4294212497770786
