times:
  edit-metadata: 1.4058598270639777
  landing: 0.1268509542569518
  view-data: 0.025454631075263023
