times:
  edit-metadata: 1.5857497993856668
  landing: 0.8086875751614571
  view-data: 3.4588523618876934
