times:
  edit-metadata: 1.494013387709856
  landing: 0.7125176656991243
  view-data: 3.392382472753525
