times:
  edit-metadata: 0.4981179619207978
  landing: 0.06864735693670809
  view-data: 0.21060171211138368
