times:
  edit-metadata: 1.5731226727366447
  landing: 0.8922038376331329
  view-data: 3.423400294035673
