times:
  edit-metadata: 1.3659783815965056
  landing: 0.22169565968215466
  view-data: 0.0229084650054574
