times:
  edit-metadata: 0.5797274069627747
  landing: 0.07396504003554583
  view-data: 0.22792844101786613
