times:
  edit-metadata: 1.5341087616980076
  landing: 0.8631188906729221
  view-data: 3.3086724653840065
