times:
  edit-metadata: 0.6333255851641297
  landing: 0.1188142760656774
  view-data: 0.25544629292562604
