times:
  edit-metadata: 0.7927174591459334
  landing: 0.06982883485034108
  view-data: 0.2751276199705899
