times:
  edit-metadata: 0.4932980900630355
  landing: 0.06657403195276856
  view-data: 0.34550510300323367
