times:
  edit-metadata: 1.548159148544073
  landing: 0.7829552758485079
  view-data: 3.3854705709964037
