times:
  edit-metadata: 0.7171305259689689
  landing: 0.04578752303496003
  view-data: 0.2371788858436048
