times:
  edit-metadata: 1.455811475403607
  landing: 0.8139796881005168
  view-data: 3.412313112989068
