times:
  edit-metadata: 0.5967664429917932
  landing: 0.06849779700860381
  view-data: 0.23953048401745036
