times:
  edit-metadata: 1.4122606609016657
  landing: 0.18076587561517954
  view-data: 0.022564916871488094
