times:
  edit-metadata: 1.4791355608031154
  landing: 0.22192592453211546
  view-data: 0.1929565342143178
