times:
  edit-metadata: 1.624465461820364
  landing: 0.09970104321837425
  view-data: 0.29223754443228245
