times:
  edit-metadata: 1.8057418474927545
  landing: 0.042375397868454456
  view-data: 0.03210529591888189
