times:
  edit-metadata: 1.338796865195036
  landing: 0.8442069254815578
  view-data: 3.3470849879086018
