times:
  edit-metadata: 1.3948555029928684
  landing: 0.19169786758720875
  view-data: 0.33511743508279324
