times:
  edit-metadata: 1.861469448544085
  landing: 0.24133067019283772
  view-data: 0.528676874935627
