times:
  edit-metadata: 1.655007742345333
  landing: 1.0223610736429691
  view-data: 3.674018457531929
