times:
  edit-metadata: 1.467061860486865
  landing: 0.1406463421881199
  view-data: 0.1426462410017848
