times:
  edit-metadata: 1.5653990507125854
  landing: 0.9205431006848812
  view-data: 3.4202197082340717
