times:
  edit-metadata: 1.511749653145671
  landing: 0.09985107742249966
  view-data: 0.03151058591902256
