times:
  edit-metadata: 1.4232559017837048
  landing: 0.14516862109303474
  view-data: 0.02327418141067028
