times:
  edit-metadata: 1.4403202161192894
  landing: 0.8236059993505478
  view-data: 3.3260172232985497
