times:
  edit-metadata: 0.5886142258532345
  landing: 0.0981553252786398
  view-data: 0.2192220869474113
