times:
  edit-metadata: 2.216192275285721
  landing: 1.136339858174324
  view-data: 3.5195824578404427
