times:
  edit-metadata: 1.4270131839439273
  landing: 0.0207070866599679
  view-data: 0.46010070387274027
