times:
  edit-metadata: 1.4849510118365288
  landing: 0.21702858619391918
  view-data: 0.44660073705017567
