times:
  edit-metadata: 1.4539519380778074
  landing: 0.12716161459684372
  view-data: 0.025641659274697304
