times:
  edit-metadata: 1.4537139032036066
  landing: 0.11691335123032331
  view-data: 0.5016201883554459
