times:
  edit-metadata: 1.4841227903962135
  landing: 0.7686356548219919
  view-data: 3.3693367782980204
