times:
  edit-metadata: 1.3288185484707355
  landing: 0.6900688745081425
  view-data: 3.3642514310777187
