times:
  edit-metadata: 1.510807859012857
  landing: 0.8652000790461898
  view-data: 3.3495212770067155
