times:
  edit-metadata: 1.3713368400931358
  landing: 0.020948276855051517
  view-data: 0.1254586772993207
