times:
  edit-metadata: 0.7982301409356296
  landing: 0.06891437200829387
  view-data: 0.2363043841905892
