times:
  edit-metadata: 1.3448172695934772
  landing: 0.6909839026629925
  view-data: 3.3586031273007393
