times:
  edit-metadata: 1.54733095318079
  landing: 0.7789538074284792
  view-data: 3.406828599050641
