times:
  edit-metadata: 1.4929314255714417
  landing: 0.16835502535104752
  view-data: 0.4512766171246767
