times:
  edit-metadata: 1.417328029870987
  landing: 0.019228026270866394
  view-data: 0.10359140112996101
