times:
  edit-metadata: 1.5471100974828005
  landing: 0.7812876775860786
  view-data: 3.423725364729762
