times:
  edit-metadata: 0.5079143099719658
  landing: 0.0752541299443692
  view-data: 0.22733016195707023
