times:
  edit-metadata: 1.5284116435796022
  landing: 0.8324999678879976
  view-data: 3.3627944197505713
