times:
  edit-metadata: 1.3886190978810191
  landing: 0.020085979253053665
  view-data: 0.02823793701827526
