times:
  edit-metadata: 1.6008733436465263
  landing: 0.9480194039642811
  view-data: 3.3820952624082565
