times:
  edit-metadata: 1.5746702253818512
  landing: 0.7392996996641159
  view-data: 3.4018886107951403
