times:
  edit-metadata: 1.5385688729584217
  landing: 0.7882448807358742
  view-data: 3.4308551363646984
