times:
  edit-metadata: 1.5495608784258366
  landing: 0.8072660453617573
  view-data: 3.399984821677208
