times:
  edit-metadata: 1.502877850085497
  landing: 1.157218774780631
  view-data: 3.335731977596879
