times:
  edit-metadata: 1.5518491810653359
  landing: 0.8006736689712852
  view-data: 3.296798164024949
