times:
  edit-metadata: 1.327929724007845
  landing: 0.9223903380334377
  view-data: 3.380054332315922
