times:
  edit-metadata: 0.49832325894385576
  landing: 0.05982479208614677
  view-data: 0.2142924179788679
