times:
  edit-metadata: 1.5161492619663477
  landing: 0.8211856950074434
  view-data: 3.379239419475198
