times:
  edit-metadata: 1.480186441913247
  landing: 0.7620338241104037
  view-data: 3.362824949901551
