times:
  edit-metadata: 0.6169159887358546
  landing: 0.08743000216782093
  view-data: 0.2564046960324049
