times:
  edit-metadata: 1.997226808220148
  landing: 1.1273170486092567
  view-data: 3.5450709387660027
