times:
  edit-metadata: 1.469431634992361
  landing: 0.024229353293776512
  view-data: 0.10128113441169262
