times:
  edit-metadata: 1.4762357007712126
  landing: 0.8189076036214828
  view-data: 3.2806795984506607
