times:
  edit-metadata: 2.070128073915839
  landing: 1.2316178567707539
  view-data: 3.563696224242449
