times:
  edit-metadata: 1.4072921155020595
  landing: 0.11840772442519665
  view-data: 0.33698209654539824
