times:
  edit-metadata: 1.4244083175435662
  landing: 0.7773704994469881
  view-data: 3.33630655054003
