times:
  edit-metadata: 1.5403889007866383
  landing: 0.23813124373555183
  view-data: 0.024475984275341034
