times:
  edit-metadata: 1.338768390007317
  landing: 0.02063297387212515
  view-data: 0.026137618348002434
