times:
  edit-metadata: 1.583992525935173
  landing: 1.0364245027303696
  view-data: 3.470529980957508
