times:
  edit-metadata: 1.5919587835669518
  landing: 0.7826627343893051
  view-data: 3.437400870025158
