times:
  edit-metadata: 1.529305538162589
  landing: 0.8191895894706249
  view-data: 3.4060063660144806
