times:
  edit-metadata: 0.5651508569717407
  landing: 0.07185428403317928
  view-data: 0.2286539189517498
