times:
  edit-metadata: 1.358926247805357
  landing: 0.8526665419340134
  view-data: 3.324016038328409
