times:
  edit-metadata: 1.5193837359547615
  landing: 0.13482656702399254
  view-data: 0.28579655289649963
