times:
  edit-metadata: 1.610618651844561
  landing: 0.880289797205478
  view-data: 3.2818309338763356
