times:
  edit-metadata: 1.410942698828876
  landing: 0.9739226321689785
  view-data: 3.4453918673098087
