times:
  edit-metadata: 1.4419952100142837
  landing: 0.7654851712286472
  view-data: 3.343197515234351
