times:
  edit-metadata: 1.7840829882770777
  landing: 0.185948820784688
  view-data: 0.3119106311351061
