times:
  edit-metadata: 1.3516653832048178
  landing: 0.02178043220192194
  view-data: 0.02356118056923151
