times:
  edit-metadata: 0.5059646439913195
  landing: 0.061932947020977736
  view-data: 0.2259266590117477
