times:
  edit-metadata: 1.4286936493590474
  landing: 0.021932903677225113
  view-data: 0.1197486836463213
