times:
  edit-metadata: 2.659102492965758
  landing: 0.8871558960527182
  view-data: 3.4133007219061255
