times:
  edit-metadata: 0.5177496129763313
  landing: 0.07302771898685023
  view-data: 0.20938629197189584
