times:
  edit-metadata: 1.5298020616173744
  landing: 0.767927959561348
  view-data: 3.4574052430689335
