times:
  edit-metadata: 1.3260372299700975
  landing: 0.019456670619547367
  view-data: 0.4416113253682852
