times:
  edit-metadata: 1.3295445274561644
  landing: 0.020822996273636818
  view-data: 0.1930890940129757
