times:
  edit-metadata: 1.4466294571757317
  landing: 0.11328656785190105
  view-data: 0.024441085755825043
