times:
  edit-metadata: 1.5233118068426847
  landing: 0.7670180127024651
  view-data: 3.4141726940870285
