times:
  edit-metadata: 0.49163330905139446
  landing: 0.0766022470779717
  view-data: 0.22539312485605478
