times:
  edit-metadata: 1.4961623288691044
  landing: 0.019534731283783913
  view-data: 0.023559272289276123
