times:
  edit-metadata: 1.5184025969356298
  landing: 0.9117971546947956
  view-data: 3.357694286853075
