times:
  edit-metadata: 0.5636703372001648
  landing: 0.07557223597541451
  view-data: 0.21176918176934123
