times:
  edit-metadata: 1.4400569098070264
  landing: 0.7660830114036798
  view-data: 3.3797781290486455
