times:
  edit-metadata: 1.5938135907053947
  landing: 0.8675296045839787
  view-data: 3.306736521422863
