times:
  edit-metadata: 0.5106632750248536
  landing: 0.05049150006379932
  view-data: 0.3398808330530301
