times:
  edit-metadata: 1.7166680470108986
  landing: 0.14692089334130287
  view-data: 0.3416260536760092
