times:
  edit-metadata: 0.5053937418852001
  landing: 0.0697725429199636
  view-data: 0.3563514540437609
