times:
  edit-metadata: 1.513483701273799
  landing: 0.1441481001675129
  view-data: 0.022606927901506424
