times:
  edit-metadata: 1.4024121137335896
  landing: 0.7777994656935334
  view-data: 3.360265167430043
