times:
  edit-metadata: 1.4674303326755762
  landing: 0.8157803835347295
  view-data: 3.4006250193342566
