times:
  edit-metadata: 1.4208751991391182
  landing: 0.21087131090462208
  view-data: 0.02499212697148323
