times:
  edit-metadata: 1.5155698573216796
  landing: 1.028018968179822
  view-data: 3.486827254295349
