times:
  edit-metadata: 1.3582733292132616
  landing: 0.02167534362524748
  view-data: 0.2993181385099888
