times:
  edit-metadata: 1.7126129660755396
  landing: 0.9696272406727076
  view-data: 3.3670947048813105
