times:
  edit-metadata: 1.4929594419663772
  landing: 0.8485915120691061
  view-data: 3.2812457110267133
