times:
  edit-metadata: 1.5102164056152105
  landing: 0.8897586558014154
  view-data: 3.3935857322067022
