times:
  edit-metadata: 1.4107138812541962
  landing: 0.8768839500844479
  view-data: 3.362644962966442
