times:
  edit-metadata: 1.4219415076076984
  landing: 0.6820971481502056
  view-data: 3.3120588771998882
