times:
  edit-metadata: 1.5007783314213157
  landing: 0.8348085675388575
  view-data: 3.421146414242685
