times:
  edit-metadata: 0.4901401239912957
  landing: 0.07521651801653206
  view-data: 0.21136944298632443
