times:
  edit-metadata: 0.5777865359559655
  landing: 0.06672217894811183
  view-data: 0.23304668895434588
