times:
  edit-metadata: 0.51412063697353
  landing: 0.06826050602830946
  view-data: 0.21109425695613027
