times:
  edit-metadata: 0.4967544109094888
  landing: 0.06439175107516348
  view-data: 0.2182311329524964
