times:
  edit-metadata: 1.4196122530847788
  landing: 0.19297160394489765
  view-data: 0.023389529436826706
