times:
  edit-metadata: 1.4159150645136833
  landing: 0.7139011658728123
  view-data: 3.3597759269177914
