times:
  edit-metadata: 0.7325676092877984
  landing: 0.058409880846738815
  view-data: 0.3007897473871708
