times:
  edit-metadata: 2.821215119212866
  landing: 1.2328666895627975
  view-data: 3.6517995931208134
