times:
  edit-metadata: 1.5036901570856571
  landing: 0.9105073735117912
  view-data: 3.3287640549242496
