times:
  edit-metadata: 1.5181423090398312
  landing: 0.719474084675312
  view-data: 3.375069759786129
