times:
  edit-metadata: 1.4730945825576782
  landing: 0.7026898134499788
  view-data: 3.3308394122868776
