times:
  edit-metadata: 0.5197081849910319
  landing: 0.07258225500117987
  view-data: 0.2327479530358687
