times:
  edit-metadata: 1.6227474641054869
  landing: 0.8157134149223566
  view-data: 3.456878647208214
