times:
  edit-metadata: 0.5378658319823444
  landing: 0.07278480299282819
  view-data: 0.20700516400393099
