times:
  edit-metadata: 1.3088949713855982
  landing: 0.021410183049738407
  view-data: 0.4686613269150257
