times:
  edit-metadata: 1.7345581613481045
  landing: 0.1996635664254427
  view-data: 0.1429469771683216
