times:
  edit-metadata: 0.5752163669094443
  landing: 0.04403139417991042
  view-data: 0.22347240429371595
