times:
  edit-metadata: 0.5923081543296576
  landing: 0.05076423427090049
  view-data: 0.21137782093137503
