times:
  edit-metadata: 1.4932302366942167
  landing: 0.22441970743238926
  view-data: 0.31733580119907856
