times:
  edit-metadata: 0.49241305282339454
  landing: 0.06521852221339941
  view-data: 0.3442721818573773
