times:
  edit-metadata: 3.25428219512105
  landing: 1.6409241817891598
  view-data: 3.6861395463347435
