times:
  edit-metadata: 1.8305428810417652
  landing: 1.028717128559947
  view-data: 3.3613666389137506
