times:
  edit-metadata: 1.4238056000322104
  landing: 0.020306792110204697
  view-data: 0.12472179159522057
