times:
  edit-metadata: 0.5774772540025879
  landing: 0.08575973600090947
  view-data: 0.35664193899719976
