times:
  edit-metadata: 1.3682107031345367
  landing: 0.8561364263296127
  view-data: 3.369448348879814
