times:
  edit-metadata: 1.4982938319444656
  landing: 0.12745173275470734
  view-data: 0.3182266876101494
