times:
  edit-metadata: 0.4979662150144577
  landing: 0.06343194097280502
  view-data: 0.21325126005103812
