times:
  edit-metadata: 2.1087778694927692
  landing: 0.9393827132880688
  view-data: 3.324031800031662
