times:
  edit-metadata: 1.3619836997240782
  landing: 0.21675919741392136
  view-data: 0.2160366913303733
