times:
  edit-metadata: 0.5907098940224387
  landing: 0.07529357203748077
  view-data: 0.2345454609603621
