times:
  edit-metadata: 1.523077119141817
  landing: 0.8955326862633228
  view-data: 3.4153623208403587
