times:
  edit-metadata: 1.479143425822258
  landing: 0.8040703069418669
  view-data: 3.37497587967664
