times:
  edit-metadata: 0.5717648100035149
  landing: 0.07194046499353135
  view-data: 0.21119517500483198
