times:
  edit-metadata: 1.519162437878549
  landing: 0.8285715933889151
  view-data: 3.422844990156591
