times:
  edit-metadata: 1.5125081166625023
  landing: 0.8259154409170151
  view-data: 3.320883357897401
