times:
  edit-metadata: 1.620854940265417
  landing: 0.8172010947018862
  view-data: 3.3712127413600683
