times:
  edit-metadata: 1.4585506590083241
  landing: 0.7698678700253367
  view-data: 3.420048120431602
