times:
  edit-metadata: 0.5681660380068934
  landing: 0.07350401900475845
  view-data: 0.2320671420020517
