times:
  edit-metadata: 1.63106195256114
  landing: 0.3153962828218937
  view-data: 0.2950114570558071
