times:
  edit-metadata: 1.3470964906737208
  landing: 0.1614385461434722
  view-data: 0.11951985489577055
