times:
  edit-metadata: 1.9040265129879117
  landing: 0.025513052009046078
  view-data: 0.024002947844564915
