times:
  edit-metadata: 1.5263989511877298
  landing: 0.7684638667851686
  view-data: 3.440274689346552
