times:
  edit-metadata: 1.3724070936441422
  landing: 0.7668933197855949
  view-data: 3.3177098892629147
