times:
  edit-metadata: 1.4937122147530317
  landing: 0.1639863047748804
  view-data: 0.2440697830170393
