times:
  edit-metadata: 1.370610953308642
  landing: 0.02047418337315321
  view-data: 0.4996858676895499
