times:
  edit-metadata: 1.367395207285881
  landing: 0.12752258777618408
  view-data: 0.11854316014796495
