times:
  edit-metadata: 1.679294191300869
  landing: 0.9450669214129448
  view-data: 3.4054224528372288
