times:
  edit-metadata: 0.5067078571300954
  landing: 0.07312375400215387
  view-data: 0.22272339113987982
