times:
  edit-metadata: 1.26506856107153
  landing: 0.6288086860440671
  view-data: 3.2254309311974794
