times:
  edit-metadata: 1.4709859527647495
  landing: 0.2216007150709629
  view-data: 0.026418261229991913
