times:
  edit-metadata: 1.6799569800496101
  landing: 0.22472366876900196
  view-data: 0.39198445715010166
