times:
  edit-metadata: 1.4382608840242028
  landing: 0.796821853145957
  view-data: 3.3549329238012433
