times:
  edit-metadata: 1.358994958922267
  landing: 0.023859280161559582
  view-data: 0.025504890829324722
