times:
  edit-metadata: 1.4752695672214031
  landing: 0.8182647414505482
  view-data: 3.4234833978116512
