times:
  edit-metadata: 2.3499651523306966
  landing: 0.8361395951360464
  view-data: 3.821704260073602
