times:
  edit-metadata: 1.46691763587296
  landing: 0.21054821647703648
  view-data: 0.23476175777614117
