times:
  edit-metadata: 1.3784074941650033
  landing: 0.12328488286584616
  view-data: 0.4327091630548239
