times:
  edit-metadata: 1.653629724867642
  landing: 0.8225463833659887
  view-data: 3.340744669549167
