times:
  edit-metadata: 0.5724084849935025
  landing: 0.07759624405298382
  view-data: 0.2320441580377519
