times:
  edit-metadata: 1.4689939902164042
  landing: 0.7282527140341699
  view-data: 3.3136797030456364
