times:
  edit-metadata: 1.3247340029920451
  landing: 0.2975392179796472
  view-data: 0.3124009960447438
