times:
  edit-metadata: 1.707385592162609
  landing: 0.24743670597672462
  view-data: 0.1852940134704113
