times:
  edit-metadata: 1.710059016942978
  landing: 0.2756632026284933
  view-data: 0.028742803260684013
