times:
  edit-metadata: 1.6578593654558063
  landing: 0.8387905051931739
  view-data: 3.411212421953678
