times:
  edit-metadata: 1.3601328385993838
  landing: 0.20164697151631117
  view-data: 0.120219886302948
