times:
  edit-metadata: 1.4313883781433105
  landing: 0.020043369382619858
  view-data: 0.02805139310657978
