times:
  edit-metadata: 1.4822260066866875
  landing: 0.7520567178726196
  view-data: 3.2991904877126217
