times:
  edit-metadata: 1.8817761074751616
  landing: 0.045628586784005165
  view-data: 0.05878398194909096
