times:
  edit-metadata: 1.387556727975607
  landing: 0.7167020626366138
  view-data: 3.325270552188158
