times:
  edit-metadata: 1.430490005761385
  landing: 0.023188266903162003
  view-data: 0.13522332534193993
