times:
  edit-metadata: 1.6495436821132898
  landing: 1.035883067175746
  view-data: 3.5590312480926514
