times:
  edit-metadata: 0.49362421222031116
  landing: 0.07953740516677499
  view-data: 0.2227725307457149
