times:
  edit-metadata: 1.4506100439466536
  landing: 0.8028109683655202
  view-data: 3.3464220496825874
