times:
  edit-metadata: 1.6939907260239124
  landing: 0.7833372093737125
  view-data: 3.425139408558607
