times:
  edit-metadata: 1.4926572795957327
  landing: 0.7423979248851538
  view-data: 3.3976612724363804
