times:
  edit-metadata: 1.8580340687185526
  landing: 0.1414643730968237
  view-data: 0.41656142845749855
