times:
  edit-metadata: 1.4889072105288506
  landing: 0.9003459997475147
  view-data: 3.404623832553625
