times:
  edit-metadata: 1.464987676590681
  landing: 0.019262587651610374
  view-data: 0.3021228387951851
