times:
  edit-metadata: 1.4364655381068587
  landing: 0.7525369841605425
  view-data: 3.380903127603233
