times:
  edit-metadata: 1.3705254793167114
  landing: 0.6910233162343502
  view-data: 3.341798771172762
