times:
  edit-metadata: 1.5316911935806274
  landing: 0.8615912981331348
  view-data: 3.366174601018429
