times:
  edit-metadata: 1.373385771177709
  landing: 0.021409636363387108
  view-data: 0.10335359442979097
