times:
  edit-metadata: 0.5208042529411614
  landing: 0.05559114692732692
  view-data: 0.22255363292060792
