times:
  edit-metadata: 0.5083148909034207
  landing: 0.06404752295929939
  view-data: 0.21313211706001312
