times:
  edit-metadata: 0.6667793258093297
  landing: 0.08008234715089202
  view-data: 0.35117385908961296
