times:
  edit-metadata: 1.3219753187149763
  landing: 0.019458116963505745
  view-data: 0.025417501106858253
