times:
  edit-metadata: 1.4533767104148865
  landing: 0.7892284076660872
  view-data: 3.3545942129567266
