times:
  edit-metadata: 1.6097576767206192
  landing: 1.1481722183525562
  view-data: 3.4771987292915583
