times:
  edit-metadata: 0.762375351972878
  landing: 0.06766382977366447
  view-data: 0.3118900000117719
