times:
  edit-metadata: 2.2219971790909767
  landing: 0.47496585454791784
  view-data: 0.44765812810510397
