times:
  edit-metadata: 1.4268466350622475
  landing: 0.8240205119363964
  view-data: 3.340452445903793
