times:
  edit-metadata: 1.340606439858675
  landing: 0.02033618837594986
  view-data: 0.10416886769235134
