times:
  edit-metadata: 1.5251209884881973
  landing: 0.8818636126816273
  view-data: 3.3364297077059746
