times:
  edit-metadata: 1.5360177177935839
  landing: 0.14249340631067753
  view-data: 0.11986510641872883
