times:
  edit-metadata: 1.536661934107542
  landing: 0.7636958435177803
  view-data: 3.354911506175995
