times:
  edit-metadata: 1.3637515883892775
  landing: 0.021267997100949287
  view-data: 0.02564304694533348
