times:
  edit-metadata: 1.3565121842548251
  landing: 0.022652550600469112
  view-data: 0.028059886768460274
