times:
  edit-metadata: 1.430110096000135
  landing: 0.24908535834401846
  view-data: 0.48589913453906775
