times:
  edit-metadata: 1.5315249068662524
  landing: 0.8568187914788723
  view-data: 3.4085079981014132
