times:
  edit-metadata: 0.5108221489936113
  landing: 0.07458539001527242
  view-data: 0.21835322998231277
