times:
  edit-metadata: 1.593740962445736
  landing: 0.949398472905159
  view-data: 3.3368296548724174
