times:
  edit-metadata: 1.35799481254071
  landing: 0.02085206937044859
  view-data: 0.39701459649950266
