times:
  edit-metadata: 0.49706328427419066
  landing: 0.06465264409780502
  view-data: 0.22284364281222224
