times:
  edit-metadata: 1.9253167025744915
  landing: 0.7794398851692677
  view-data: 3.4343197122216225
