times:
  edit-metadata: 1.4089014874771237
  landing: 0.019375688396394253
  view-data: 0.13004997745156288
