times:
  edit-metadata: 1.3866752125322819
  landing: 0.708755973726511
  view-data: 3.351733010262251
