times:
  edit-metadata: 0.7435105848126113
  landing: 0.05804296629503369
  view-data: 0.2830731119029224
