times:
  edit-metadata: 0.5916475639678538
  landing: 0.051903476007282734
  view-data: 0.22506980004254729
