times:
  edit-metadata: 1.461884193122387
  landing: 1.0262274481356144
  view-data: 3.3080402985215187
