times:
  edit-metadata: 1.615556936711073
  landing: 0.7967201266437769
  view-data: 3.4329439513385296
