times:
  edit-metadata: 1.6126226168125868
  landing: 0.7519120499491692
  view-data: 3.3788130804896355
