times:
  edit-metadata: 1.4699609875679016
  landing: 0.8407583199441433
  view-data: 3.3299292735755444
