times:
  edit-metadata: 1.4856100380420685
  landing: 0.8179296106100082
  view-data: 3.5029545351862907
