times:
  edit-metadata: 2.137139417231083
  landing: 1.306395098567009
  view-data: 3.607520565390587
