times:
  edit-metadata: 1.5482311621308327
  landing: 0.8973247744143009
  view-data: 3.3851910829544067
