times:
  edit-metadata: 1.5223298817873
  landing: 0.8697621263563633
  view-data: 3.2667528726160526
