times:
  edit-metadata: 1.4083739668130875
  landing: 0.7883581593632698
  view-data: 3.2940459437668324
