times:
  edit-metadata: 1.4411853402853012
  landing: 0.811390720307827
  view-data: 3.3055267110466957
