times:
  edit-metadata: 1.4201427474617958
  landing: 0.7942177355289459
  view-data: 3.2766276746988297
