times:
  edit-metadata: 1.5004276409745216
  landing: 0.8306874819099903
  view-data: 3.2667193971574306
