times:
  edit-metadata: 1.441406935453415
  landing: 0.8030306324362755
  view-data: 3.4287612289190292
