times:
  edit-metadata: 1.4876952767372131
  landing: 0.9126949608325958
  view-data: 3.3884264826774597
