times:
  edit-metadata: 1.3860210478305817
  landing: 0.7697018086910248
  view-data: 3.528898485004902
