times:
  edit-metadata: 1.505786508321762
  landing: 0.8637328520417213
  view-data: 3.2843497917056084
