times:
  edit-metadata: 1.4660716876387596
  landing: 0.7851992771029472
  view-data: 3.4722239673137665
