times:
  edit-metadata: 1.4172820895910263
  landing: 0.8085980638861656
  view-data: 3.444237068295479
