times:
  edit-metadata: 1.4829713553190231
  landing: 0.8736150562763214
  view-data: 3.309483230113983
