times:
  edit-metadata: 2.0417558699846268
  landing: 1.2142661064863205
  view-data: 3.709333248436451
