times:
  edit-metadata: 1.4100996106863022
  landing: 0.8764882758259773
  view-data: 3.497914604842663
