times:
  edit-metadata: 1.409436572343111
  landing: 0.7962031774222851
  view-data: 3.2890695221722126
