times:
  edit-metadata: 1.4468465447425842
  landing: 0.7879152745008469
  view-data: 3.5342089533805847
