times:
  edit-metadata: 1.4276937022805214
  landing: 0.7813532799482346
  view-data: 3.8341083377599716
