times:
  edit-metadata: 1.4977184757590294
  landing: 0.8141431510448456
  view-data: 3.502545014023781
