times:
  edit-metadata: 1.8646223805844784
  landing: 1.0858320891857147
  view-data: 3.398413136601448
