times:
  edit-metadata: 1.350500114262104
  landing: 0.7735435664653778
  view-data: 3.4277313575148582
