times:
  edit-metadata: 1.8389404565095901
  landing: 0.9600901901721954
  view-data: 3.7596756145358086
