times:
  edit-metadata: 1.5276770927011967
  landing: 1.008922815322876
  view-data: 3.3187794350087643
