times:
  edit-metadata: 1.55638437718153
  landing: 0.7297361269593239
  view-data: 3.5168983340263367
