times:
  edit-metadata: 1.4274703562259674
  landing: 1.0132491067051888
  view-data: 3.558069057762623
