times:
  edit-metadata: 1.6865182593464851
  landing: 1.02428612485528
  view-data: 3.3185439072549343
