times:
  edit-metadata: 1.413870483636856
  landing: 0.7794523760676384
  view-data: 3.352507546544075
