times:
  edit-metadata: 1.490032896399498
  landing: 0.8519509732723236
  view-data: 3.3144256621599197
