times:
  edit-metadata: 1.5126147046685219
  landing: 0.8556138090789318
  view-data: 3.353244073688984
