times:
  edit-metadata: 1.379600167274475
  landing: 0.7792732864618301
  view-data: 3.451305739581585
