times:
  edit-metadata: 2.0802396088838577
  landing: 1.1801296547055244
  view-data: 3.7759213149547577
