times:
  edit-metadata: 1.5091138295829296
  landing: 0.8524770401418209
  view-data: 3.304335594177246
