times:
  edit-metadata: 1.5626971423625946
  landing: 0.9364701472222805
  view-data: 3.3687292374670506
