times:
  edit-metadata: 1.6504734307527542
  landing: 0.7731367647647858
  view-data: 3.3650846257805824
