times:
  edit-metadata: 1.522207636386156
  landing: 0.8794222176074982
  view-data: 3.2973632998764515
