times:
  edit-metadata: 1.3991161063313484
  landing: 0.8082094937562943
  view-data: 3.384041339159012
