times:
  edit-metadata: 1.4076461642980576
  landing: 0.7796497493982315
  view-data: 3.4638026356697083
