times:
  edit-metadata: 1.3846432864665985
  landing: 0.81759063154459
  view-data: 3.4096694663167
