times:
  edit-metadata: 1.410957507789135
  landing: 0.7991133108735085
  view-data: 3.567234255373478
