times:
  edit-metadata: 1.4407980777323246
  landing: 0.9277098067104816
  view-data: 3.3183921054005623
