times:
  edit-metadata: 1.5511736422777176
  landing: 0.7899489998817444
  view-data: 3.491774968802929
