times:
  edit-metadata: 1.390223078429699
  landing: 0.7771662399172783
  view-data: 3.4724224731326103
