times:
  edit-metadata: 2.112982928752899
  landing: 1.665425069630146
  view-data: 3.5641963481903076
