times:
  edit-metadata: 1.4534801468253136
  landing: 0.843879297375679
  view-data: 3.5377308428287506
