times:
  edit-metadata: 1.372718133032322
  landing: 0.7984879910945892
  view-data: 3.4705098420381546
