times:
  edit-metadata: 1.4012607708573341
  landing: 0.8187762126326561
  view-data: 3.4262221977114677
