times:
  edit-metadata: 1.6255107037723064
  landing: 0.9702815897762775
  view-data: 3.3001476638019085
