times:
  edit-metadata: 1.3399942964315414
  landing: 0.733752466738224
  view-data: 3.420638218522072
