times:
  edit-metadata: 1.5372765585780144
  landing: 0.8528781235218048
  view-data: 3.5663487687706947
