times:
  edit-metadata: 1.349961668252945
  landing: 0.9793530814349651
  view-data: 3.2848193123936653
