times:
  edit-metadata: 1.7357876226305962
  landing: 0.9651107341051102
  view-data: 3.566615901887417
