times:
  edit-metadata: 1.7199377492070198
  landing: 1.1255990713834763
  view-data: 3.365835726261139
