times:
  edit-metadata: 1.4512836784124374
  landing: 0.8684861809015274
  view-data: 3.423605479300022
