times:
  edit-metadata: 1.44151646271348
  landing: 0.9488506950438023
  view-data: 3.370972018688917
