times:
  edit-metadata: 1.5346267223358154
  landing: 0.9234080985188484
  view-data: 3.3120753318071365
