times:
  edit-metadata: 1.4999102801084518
  landing: 1.0031749457120895
  view-data: 3.3565868139266968
