times:
  edit-metadata: 1.502199336886406
  landing: 0.8568386808037758
  view-data: 3.5323613956570625
