times:
  edit-metadata: 1.49532251060009
  landing: 0.8668020814657211
  view-data: 3.4458957463502884
