times:
  edit-metadata: 1.367949664592743
  landing: 0.9797068201005459
  view-data: 3.3803893141448498
