times:
  edit-metadata: 1.3406535759568214
  landing: 0.8254195004701614
  view-data: 3.3997041136026382
