times:
  edit-metadata: 1.4265551567077637
  landing: 1.7642638385295868
  view-data: 3.284823454916477
