times:
  edit-metadata: 1.972487449645996
  landing: 1.360769473016262
  view-data: 3.386518210172653
