times:
  edit-metadata: 1.3488677740097046
  landing: 0.7866352200508118
  view-data: 3.3566922694444656
