times:
  edit-metadata: 1.6928458213806152
  landing: 1.024520292878151
  view-data: 3.3864958733320236
