times:
  edit-metadata: 2.7694706469774246
  landing: 1.304287075996399
  view-data: 3.5805865228176117
