times:
  edit-metadata: 1.4764454513788223
  landing: 0.9132461473345757
  view-data: 3.478989526629448
