times:
  edit-metadata: 1.6267853155732155
  landing: 0.9103173799812794
  view-data: 3.4468619599938393
