times:
  edit-metadata: 1.5040043145418167
  landing: 0.8237873539328575
  view-data: 3.5017150193452835
