times:
  edit-metadata: 1.4254220873117447
  landing: 0.807369165122509
  view-data: 3.4450762569904327
