times:
  edit-metadata: 1.431601483374834
  landing: 0.8447897396981716
  view-data: 3.3235663436353207
