times:
  edit-metadata: 1.4813064485788345
  landing: 0.7756121158599854
  view-data: 3.3670995235443115
