times:
  edit-metadata: 1.4296089708805084
  landing: 0.8243358358740807
  view-data: 3.469404846429825
