times:
  edit-metadata: 1.4046646654605865
  landing: 0.8383131474256516
  view-data: 3.4121562726795673
