times:
  edit-metadata: 1.5047826319932938
  landing: 0.8217018246650696
  view-data: 3.5779182463884354
