times:
  edit-metadata: 1.4414537400007248
  landing: 0.8988376818597317
  view-data: 3.347916252911091
