times:
  edit-metadata: 1.6922033354640007
  landing: 0.966197170317173
  view-data: 3.465344935655594
