times:
  edit-metadata: 1.428922675549984
  landing: 0.8809441290795803
  view-data: 3.2937902733683586
