times:
  edit-metadata: 1.41234939545393
  landing: 0.7635879442095757
  view-data: 3.438333958387375
