times:
  edit-metadata: 1.4834450408816338
  landing: 0.827752523124218
  view-data: 3.4942623898386955
