times:
  edit-metadata: 1.5210126638412476
  landing: 0.8857303485274315
  view-data: 3.312087155878544
