times:
  edit-metadata: 1.4326801747083664
  landing: 0.8065076991915703
  view-data: 3.328457184135914
