times:
  edit-metadata: 1.5083089396357536
  landing: 0.9741431921720505
  view-data: 3.450083836913109
