times:
  edit-metadata: 1.3699504919350147
  landing: 0.8490080274641514
  view-data: 3.340492505580187
