times:
  edit-metadata: 1.4230697825551033
  landing: 0.7703735530376434
  view-data: 3.322161316871643
