times:
  edit-metadata: 1.5228987410664558
  landing: 0.8510587960481644
  view-data: 3.3377056904137135
