times:
  edit-metadata: 1.4724408686161041
  landing: 0.8551000654697418
  view-data: 3.2717796862125397
