times:
  edit-metadata: 2.148794535547495
  landing: 1.1784465089440346
  view-data: 3.379861131310463
