times:
  edit-metadata: 1.4639578759670258
  landing: 0.8502159267663956
  view-data: 3.521694093942642
