times:
  edit-metadata: 1.6697219461202621
  landing: 0.9037080928683281
  view-data: 3.3081775084137917
