times:
  edit-metadata: 1.4354433119297028
  landing: 0.8211598619818687
  view-data: 3.44699739664793
