times:
  edit-metadata: 1.5263143852353096
  landing: 0.8863579705357552
  view-data: 3.475742354989052
