times:
  edit-metadata: 1.4718668200075626
  landing: 0.7176950946450233
  view-data: 3.3584404923021793
