times:
  edit-metadata: 1.4178030043840408
  landing: 0.8235810697078705
  view-data: 3.491112656891346
