times:
  edit-metadata: 1.4489136338233948
  landing: 0.8120792657136917
  view-data: 3.353785417973995
