times:
  edit-metadata: 1.3685545660555363
  landing: 0.956975132226944
  view-data: 3.311745807528496
