times:
  edit-metadata: 1.4807307571172714
  landing: 0.8405373021960258
  view-data: 3.336489401757717
