times:
  edit-metadata: 1.3693984746932983
  landing: 0.7830982506275177
  view-data: 3.66606841981411
