times:
  edit-metadata: 1.9859245978295803
  landing: 0.8973396569490433
  view-data: 3.322854593396187
