times:
  edit-metadata: 1.4507288709282875
  landing: 0.8729495033621788
  view-data: 3.310063898563385
