times:
  edit-metadata: 1.63657695800066
  landing: 0.9301670342683792
  view-data: 3.4741321578621864
