times:
  edit-metadata: 1.6446240320801735
  landing: 1.0224659517407417
  view-data: 3.5063663125038147
