times:
  edit-metadata: 1.6448246128857136
  landing: 0.9258695542812347
  view-data: 3.33844380825758
