times:
  edit-metadata: 1.365782007575035
  landing: 0.805235467851162
  view-data: 3.2705689258873463
