times:
  edit-metadata: 1.513457365334034
  landing: 0.8181871101260185
  view-data: 3.4671853706240654
