times:
  edit-metadata: 1.5018564984202385
  landing: 0.7634407579898834
  view-data: 3.3755900785326958
