times:
  edit-metadata: 1.4398927465081215
  landing: 0.8763842470943928
  view-data: 3.300387740135193
