times:
  edit-metadata: 1.336921714246273
  landing: 0.8714752048254013
  view-data: 3.4733251854777336
