times:
  edit-metadata: 1.4604284465312958
  landing: 0.8899597227573395
  view-data: 3.322858229279518
