times:
  edit-metadata: 1.5277497693896294
  landing: 1.0053421258926392
  view-data: 3.4128313958644867
