times:
  edit-metadata: 1.4042595624923706
  landing: 0.8689930886030197
  view-data: 3.520456999540329
