times:
  edit-metadata: 1.3880785219371319
  landing: 0.8947277739644051
  view-data: 3.3745598383247852
