times:
  edit-metadata: 1.5020410604774952
  landing: 0.8278657607734203
  view-data: 3.3041518330574036
