times:
  edit-metadata: 1.531415719538927
  landing: 0.9446239769458771
  view-data: 3.355020921677351
