times:
  edit-metadata: 1.7809873074293137
  landing: 0.963274247944355
  view-data: 3.3451664224267006
