times:
  edit-metadata: 1.4242542535066605
  landing: 0.9030373841524124
  view-data: 3.483204171061516
