times:
  edit-metadata: 1.4933997988700867
  landing: 0.7833753004670143
  view-data: 3.439246527850628
