times:
  edit-metadata: 1.3932868354022503
  landing: 0.8151041492819786
  view-data: 3.283291921019554
