times:
  edit-metadata: 1.3593767136335373
  landing: 0.8301054164767265
  view-data: 3.458834648132324
