times:
  edit-metadata: 1.6877618245780468
  landing: 0.8493033461272717
  view-data: 3.3403169251978397
