times:
  edit-metadata: 1.3478966355323792
  landing: 0.8355556130409241
  view-data: 3.5285132601857185
