times:
  edit-metadata: 1.3886007964611053
  landing: 0.7445532158017159
  view-data: 3.4296867325901985
