times:
  edit-metadata: 1.4387142024934292
  landing: 0.8249853923916817
  view-data: 3.316773373633623
