times:
  edit-metadata: 1.661690879613161
  landing: 1.094770710915327
  view-data: 3.3244938030838966
