times:
  edit-metadata: 1.5197619684040546
  landing: 0.824286300688982
  view-data: 3.339936528354883
