times:
  edit-metadata: 1.7472298294305801
  landing: 1.2580883130431175
  view-data: 3.381438173353672
