times:
  edit-metadata: 1.441022366285324
  landing: 0.8713646940886974
  view-data: 3.2883095145225525
