times:
  edit-metadata: 1.3926179707050323
  landing: 0.8138380944728851
  view-data: 3.5046494901180267
