times:
  edit-metadata: 1.6067447885870934
  landing: 0.8605483770370483
  view-data: 3.3987998366355896
