times:
  edit-metadata: 1.4906077682971954
  landing: 0.8164151273667812
  view-data: 3.2750912569463253
