times:
  edit-metadata: 1.4969611503183842
  landing: 0.9288006275892258
  view-data: 3.2863256856799126
