times:
  edit-metadata: 1.5549939349293709
  landing: 0.8659523613750935
  view-data: 3.3480813838541508
