times:
  edit-metadata: 1.3803013041615486
  landing: 0.8381044566631317
  view-data: 3.4751492366194725
