times:
  edit-metadata: 1.4627987071871758
  landing: 0.8329586535692215
  view-data: 3.457091487944126
