times:
  edit-metadata: 1.405832663178444
  landing: 0.8231871947646141
  view-data: 3.4729254990816116
