times:
  edit-metadata: 1.443353820592165
  landing: 0.8358071930706501
  view-data: 3.2718620151281357
