times:
  edit-metadata: 1.4319938868284225
  landing: 0.8183421865105629
  view-data: 3.2862434908747673
