times:
  edit-metadata: 1.5121649876236916
  landing: 0.7984047755599022
  view-data: 3.419114701449871
