times:
  edit-metadata: 1.4429606348276138
  landing: 0.9231420047581196
  view-data: 3.2948868423700333
