times:
  edit-metadata: 1.6656791716814041
  landing: 1.046267308294773
  view-data: 3.2955915182828903
