times:
  edit-metadata: 1.3882497251033783
  landing: 0.8123621270060539
  view-data: 3.431114614009857
