times:
  edit-metadata: 1.3930192664265633
  landing: 0.7704939171671867
  view-data: 3.4161079972982407
