times:
  edit-metadata: 1.458570510149002
  landing: 0.7557589039206505
  view-data: 3.5542410165071487
