times:
  edit-metadata: 1.5872210264205933
  landing: 0.9079530946910381
  view-data: 3.2756087630987167
