times:
  edit-metadata: 1.4111622124910355
  landing: 0.8821177631616592
  view-data: 3.5126025900244713
