times:
  edit-metadata: 1.5151901543140411
  landing: 0.860794685781002
  view-data: 3.450085960328579
