times:
  edit-metadata: 1.4934130907058716
  landing: 0.7906694412231445
  view-data: 3.5177098140120506
