times:
  edit-metadata: 1.6202422231435776
  landing: 0.9656971618533134
  view-data: 3.4527848288416862
