times:
  edit-metadata: 1.4200880602002144
  landing: 0.8316554352641106
  view-data: 3.466766633093357
