times:
  edit-metadata: 1.3877651169896126
  landing: 0.8314371630549431
  view-data: 3.4922281354665756
