times:
  edit-metadata: 1.646387416869402
  landing: 0.965184859931469
  view-data: 3.298639550805092
