times:
  edit-metadata: 1.5348273441195488
  landing: 0.7901259288191795
  view-data: 3.4315967559814453
