times:
  edit-metadata: 1.3560716658830643
  landing: 0.8444739803671837
  view-data: 3.4692089706659317
