times:
  edit-metadata: 1.8834297023713589
  landing: 1.2535427957773209
  view-data: 3.3595999516546726
