times:
  edit-metadata: 1.535295493900776
  landing: 0.7439992874860764
  view-data: 3.311152845621109
