times:
  edit-metadata: 1.427469078451395
  landing: 0.7869304046034813
  view-data: 3.273620020598173
