times:
  edit-metadata: 1.4890645444393158
  landing: 0.8265683874487877
  view-data: 3.5846568644046783
