times:
  edit-metadata: 1.5170245170593262
  landing: 0.8871775604784489
  view-data: 3.4011055007576942
