times:
  edit-metadata: 1.3937434703111649
  landing: 0.7878989726305008
  view-data: 3.54115941375494
