times:
  edit-metadata: 1.4801453053951263
  landing: 0.9075230956077576
  view-data: 3.3379616364836693
