times:
  edit-metadata: 1.415038526058197
  landing: 0.8187656030058861
  view-data: 3.2971096858382225
