times:
  edit-metadata: 1.4932657033205032
  landing: 0.9414330497384071
  view-data: 3.52689079195261
