times:
  edit-metadata: 1.5363141521811485
  landing: 0.9446793645620346
  view-data: 3.3574843145906925
