times:
  edit-metadata: 1.3477333709597588
  landing: 0.8089316934347153
  view-data: 3.519113004207611
