times:
  edit-metadata: 1.6888095289468765
  landing: 0.9516323879361153
  view-data: 3.309389617294073
