times:
  edit-metadata: 1.4886630773544312
  landing: 0.7351713106036186
  view-data: 3.4799999594688416
