times:
  edit-metadata: 1.5201048702001572
  landing: 0.8179012984037399
  view-data: 3.3221135959029198
