times:
  edit-metadata: 1.2439192086458206
  landing: 0.7906760945916176
  view-data: 3.404343143105507
