times:
  edit-metadata: 1.5834832713007927
  landing: 0.9004774615168571
  view-data: 3.403348594903946
