times:
  edit-metadata: 1.4586234986782074
  landing: 0.8524503968656063
  view-data: 3.356530614197254
