times:
  edit-metadata: 1.4786571562290192
  landing: 0.8771811723709106
  view-data: 3.321283295750618
