times:
  edit-metadata: 1.5774696320295334
  landing: 0.8576209023594856
  view-data: 3.3213789388537407
