times:
  edit-metadata: 1.4481361210346222
  landing: 0.7629037946462631
  view-data: 3.350523881614208
