times:
  edit-metadata: 1.6605556160211563
  landing: 0.8469567410647869
  view-data: 3.278691090643406
