times:
  edit-metadata: 1.6181100867688656
  landing: 1.0304955430328846
  view-data: 3.3526676893234253
