times:
  edit-metadata: 1.507965512573719
  landing: 0.7141758054494858
  view-data: 3.4452615156769753
