times:
  edit-metadata: 1.4921796545386314
  landing: 0.7645202353596687
  view-data: 3.505196340382099
