times:
  edit-metadata: 1.5134629681706429
  landing: 0.8522050604224205
  view-data: 3.3646886870265007
