times:
  edit-metadata: 1.5253146588802338
  landing: 0.8331485241651535
  view-data: 3.299239359796047
