times:
  edit-metadata: 1.4278111085295677
  landing: 0.8082795292139053
  view-data: 3.5608996748924255
