times:
  edit-metadata: 1.496331438422203
  landing: 0.7950820848345757
  view-data: 3.595793195068836
