times:
  edit-metadata: 2.110004134476185
  landing: 1.0918601229786873
  view-data: 3.4259594678878784
