times:
  edit-metadata: 1.5113444551825523
  landing: 0.8838568776845932
  view-data: 3.456312194466591
