times:
  edit-metadata: 1.4023555517196655
  landing: 0.7333491295576096
  view-data: 3.4872743487358093
