times:
  edit-metadata: 1.5178005397319794
  landing: 0.8749764822423458
  view-data: 3.3662398234009743
