times:
  edit-metadata: 1.2511698603630066
  landing: 0.719370611011982
  view-data: 3.482152082026005
