times:
  edit-metadata: 1.354597233235836
  landing: 0.876858290284872
  view-data: 3.322979461401701
