times:
  edit-metadata: 1.528345987200737
  landing: 0.8624870777130127
  view-data: 3.72114197909832
