times:
  edit-metadata: 1.344842255115509
  landing: 0.7886936366558075
  view-data: 3.2998749017715454
