times:
  edit-metadata: 1.3646282777190208
  landing: 0.8234890326857567
  view-data: 3.327269531786442
