times:
  edit-metadata: 1.632889311760664
  landing: 0.9568128138780594
  view-data: 3.3459821678698063
