times:
  edit-metadata: 1.6302706077694893
  landing: 0.835899043828249
  view-data: 3.356827963143587
