times:
  edit-metadata: 1.4892531782388687
  landing: 0.9343497231602669
  view-data: 3.5718583539128304
