times:
  edit-metadata: 1.4600136578083038
  landing: 0.7543873935937881
  view-data: 3.590072236955166
