times:
  edit-metadata: 1.419744335114956
  landing: 0.8159174174070358
  view-data: 3.3321946039795876
