times:
  edit-metadata: 1.3824473321437836
  landing: 0.7669914439320564
  view-data: 3.4453920871019363
