times:
  edit-metadata: 1.5033632591366768
  landing: 0.8774177990853786
  view-data: 3.3373003862798214
