times:
  edit-metadata: 1.3557038940489292
  landing: 0.7514843493700027
  view-data: 3.2965424209833145
