times:
  edit-metadata: 1.5327967256307602
  landing: 0.9075903743505478
  view-data: 3.467091493308544
