times:
  edit-metadata: 1.2883169576525688
  landing: 0.6990855075418949
  view-data: 3.3153113052248955
