times:
  edit-metadata: 1.4824448972940445
  landing: 0.8466125726699829
  view-data: 3.3249094411730766
