times:
  edit-metadata: 1.445407945662737
  landing: 0.7510924711823463
  view-data: 3.289570864289999
