times:
  edit-metadata: 1.427696019411087
  landing: 0.8766274005174637
  view-data: 3.264943279325962
