times:
  edit-metadata: 1.5362627655267715
  landing: 0.7342523261904716
  view-data: 3.429115980863571
