times:
  edit-metadata: 1.5576170608401299
  landing: 0.9024944975972176
  view-data: 3.286139216274023
