times:
  edit-metadata: 1.5164044201374054
  landing: 0.7762782499194145
  view-data: 3.55832489579916
