times:
  edit-metadata: 1.5509834177792072
  landing: 0.8654438965022564
  view-data: 3.3702610917389393
