times:
  edit-metadata: 2.0697265937924385
  landing: 1.2901173271238804
  view-data: 3.6098728254437447
