times:
  edit-metadata: 4.273350343108177
  landing: 2.0743612945079803
  view-data: 4.429280154407024
