times:
  edit-metadata: 1.9718173369765282
  landing: 1.079790160059929
  view-data: 3.405673898756504
