times:
  edit-metadata: 1.367276281118393
  landing: 0.7903129681944847
  view-data: 3.506668120622635
