times:
  edit-metadata: 1.5203145518898964
  landing: 0.8991200849413872
  view-data: 3.6852937266230583
