times:
  edit-metadata: 1.358250379562378
  landing: 0.7612175568938255
  view-data: 3.509671777486801
