times:
  edit-metadata: 1.5353577211499214
  landing: 0.8809613026678562
  view-data: 3.3379667587578297
