times:
  edit-metadata: 1.4769295789301395
  landing: 0.7953137792646885
  view-data: 3.274658102542162
