times:
  edit-metadata: 1.2990752086043358
  landing: 0.7494204714894295
  view-data: 3.293420098721981
