times:
  edit-metadata: 1.8103740438818932
  landing: 0.7885564528405666
  view-data: 3.4753235802054405
