times:
  edit-metadata: 1.4541519172489643
  landing: 0.8282794244587421
  view-data: 3.303737308830023
