times:
  edit-metadata: 1.289745420217514
  landing: 0.900037869811058
  view-data: 3.2973148822784424
