times:
  edit-metadata: 1.4709315076470375
  landing: 0.8170418217778206
  view-data: 3.520356558263302
