times:
  edit-metadata: 1.7968661114573479
  landing: 1.06771819293499
  view-data: 3.413747452199459
