times:
  edit-metadata: 1.3992634899914265
  landing: 0.8292892053723335
  view-data: 3.31841079890728
