times:
  edit-metadata: 1.4980338513851166
  landing: 0.8908595852553844
  view-data: 3.366506814956665
