times:
  edit-metadata: 1.421919234097004
  landing: 0.8535129800438881
  view-data: 3.3626033440232277
