times:
  edit-metadata: 1.4289287105202675
  landing: 0.8750294595956802
  view-data: 3.4692796617746353
