times:
  edit-metadata: 1.4217566847801208
  landing: 0.8233634382486343
  view-data: 3.5225686579942703
