times:
  edit-metadata: 1.2205786481499672
  landing: 0.6923639997839928
  view-data: 3.511003628373146
