times:
  edit-metadata: 1.424349382519722
  landing: 0.7345985472202301
  view-data: 3.3857590034604073
