times:
  edit-metadata: 1.3959725499153137
  landing: 0.7628811895847321
  view-data: 3.5323657244443893
