times:
  edit-metadata: 1.3602885827422142
  landing: 0.6929792985320091
  view-data: 3.49506975710392
