times:
  edit-metadata: 1.3421930521726608
  landing: 0.7539513558149338
  view-data: 3.5149541422724724
