times:
  edit-metadata: 1.4791119173169136
  landing: 0.8810065761208534
  view-data: 3.453957386314869
