times:
  edit-metadata: 1.4300176799297333
  landing: 0.7921707183122635
  view-data: 3.581590212881565
