times:
  edit-metadata: 1.573282577097416
  landing: 0.878578282892704
  view-data: 3.354687102138996
