times:
  edit-metadata: 1.3721399903297424
  landing: 0.7402186468243599
  view-data: 3.5607681684195995
