times:
  edit-metadata: 1.7287703603506088
  landing: 1.1433079913258553
  view-data: 3.7680115774273872
