times:
  edit-metadata: 1.378098487854004
  landing: 0.8092934340238571
  view-data: 3.5289119854569435
