times:
  edit-metadata: 1.4189415276050568
  landing: 0.725700855255127
  view-data: 3.4952484145760536
