times:
  edit-metadata: 1.5826080590486526
  landing: 0.8301940560340881
  view-data: 3.456430144608021
