times:
  edit-metadata: 2.177269320935011
  landing: 1.2244310602545738
  view-data: 3.476897221058607
