times:
  edit-metadata: 1.4137442409992218
  landing: 0.8718213476240635
  view-data: 3.3042885214090347
