times:
  edit-metadata: 1.3776963651180267
  landing: 0.7960832491517067
  view-data: 0.7611063197255135
