times:
  edit-metadata: 1.5855663269758224
  landing: 0.9694333672523499
  view-data: 3.306981734931469
