times:
  edit-metadata: 1.4842939376831055
  landing: 0.8778284639120102
  view-data: 3.5102487057447433
