times:
  edit-metadata: 1.4591328091919422
  landing: 0.8487962335348129
  view-data: 3.283752277493477
