times:
  edit-metadata: 1.4693876914680004
  landing: 0.8856770470738411
  view-data: 3.2953261472284794
