times:
  edit-metadata: 1.652890119701624
  landing: 1.0968321040272713
  view-data: 3.3220837488770485
