times:
  edit-metadata: 1.5238232910633087
  landing: 0.7799623906612396
  view-data: 3.4975352585315704
