times:
  edit-metadata: 1.357706792652607
  landing: 0.7370561063289642
  view-data: 3.540942408144474
