times:
  edit-metadata: 1.6456514224410057
  landing: 0.9287074059247971
  view-data: 3.3025594875216484
