times:
  edit-metadata: 1.505911149084568
  landing: 1.1470817402005196
  view-data: 3.3595418818295
