times:
  edit-metadata: 2.241386726498604
  landing: 1.429049227386713
  view-data: 3.5861932672560215
