times:
  edit-metadata: 1.3812245652079582
  landing: 0.7399250045418739
  view-data: 3.282811611890793
