times:
  edit-metadata: 1.3417498916387558
  landing: 0.7602812498807907
  view-data: 3.598667159676552
