times:
  edit-metadata: 1.4407183676958084
  landing: 0.7403865829110146
  view-data: 3.3417579531669617
