times:
  edit-metadata: 1.407796636223793
  landing: 0.8371409736573696
  view-data: 3.360867567360401
