times:
  edit-metadata: 1.3517267033457756
  landing: 0.7648030146956444
  view-data: 3.562273897230625
