times:
  edit-metadata: 1.250262513756752
  landing: 0.7221634835004807
  view-data: 3.4805707186460495
