times:
  edit-metadata: 1.3117616176605225
  landing: 0.7776116132736206
  view-data: 3.3945776969194412
