times:
  edit-metadata: 1.3818331733345985
  landing: 0.8397806063294411
  view-data: 3.3041334450244904
