times:
  edit-metadata: 1.4670975133776665
  landing: 0.7087156623601913
  view-data: 3.3701808601617813
