times:
  edit-metadata: 1.2779780700802803
  landing: 0.7803261429071426
  view-data: 3.5238962173461914
