times:
  edit-metadata: 1.4186973199248314
  landing: 0.8134956806898117
  view-data: 3.599661350250244
