times:
  edit-metadata: 1.6102734692394733
  landing: 0.8945365995168686
  view-data: 3.43572186678648
