times:
  edit-metadata: 1.3963378891348839
  landing: 1.198471687734127
  view-data: 3.513242684304714
