times:
  edit-metadata: 1.3449248597025871
  landing: 0.7827189490199089
  view-data: 3.4994839653372765
