times:
  edit-metadata: 1.6421837396919727
  landing: 1.028686635196209
  view-data: 3.3543667793273926
