times:
  edit-metadata: 1.4547984451055527
  landing: 0.9626233316957951
  view-data: 3.272164348512888
