times:
  edit-metadata: 1.5377531126141548
  landing: 0.8497243747115135
  view-data: 3.3702897652983665
