times:
  edit-metadata: 1.6291210278868675
  landing: 0.8389220759272575
  view-data: 3.3472118377685547
