times:
  edit-metadata: 1.2651365883648396
  landing: 0.8349696211516857
  view-data: 3.3520502001047134
