times:
  edit-metadata: 1.492174468934536
  landing: 0.8310174643993378
  view-data: 3.48887487500906
