times:
  edit-metadata: 1.5846527069807053
  landing: 0.7480529770255089
  view-data: 3.300745867192745
