times:
  edit-metadata: 1.3773203268647194
  landing: 0.9195422045886517
  view-data: 3.3396528027951717
