times:
  edit-metadata: 1.486622467637062
  landing: 0.7343424707651138
  view-data: 3.554763376712799
