times:
  edit-metadata: 1.8133867494761944
  landing: 0.8294831216335297
  view-data: 3.371734496206045
