times:
  edit-metadata: 1.359860248863697
  landing: 0.6576851233839989
  view-data: 3.5191932544112206
