times:
  edit-metadata: 1.3589723631739616
  landing: 0.7330291494727135
  view-data: 3.4804787412285805
