times:
  edit-metadata: 1.3031391389667988
  landing: 0.8717777393758297
  view-data: 3.2754260152578354
