times:
  edit-metadata: 1.465411752462387
  landing: 0.9020535126328468
  view-data: 3.527086555957794
