times:
  edit-metadata: 1.457655917853117
  landing: 0.9888211637735367
  view-data: 3.3095983304083347
