times:
  edit-metadata: 1.4505587741732597
  landing: 0.8384172357618809
  view-data: 3.301596026867628
