times:
  edit-metadata: 1.3638497181236744
  landing: 0.8013186082243919
  view-data: 3.2953075729310513
