times:
  edit-metadata: 1.5098485350608826
  landing: 0.8343763574957848
  view-data: 3.817340239882469
