times:
  edit-metadata: 1.5137619525194168
  landing: 0.8946783617138863
  view-data: 3.3237529173493385
