times:
  edit-metadata: 1.347540706396103
  landing: 0.7621960341930389
  view-data: 3.468562826514244
