times:
  edit-metadata: 1.3627692759037018
  landing: 0.8906161785125732
  view-data: 3.4733188152313232
