times:
  edit-metadata: 1.4121845923364162
  landing: 1.0406877137720585
  view-data: 3.257857818156481
