times:
  edit-metadata: 1.3953134343028069
  landing: 0.7928089648485184
  view-data: 3.4174801036715508
