times:
  edit-metadata: 1.3163998052477837
  landing: 0.8005757331848145
  view-data: 3.3750330582261086
