times:
  edit-metadata: 1.3639103136956692
  landing: 0.8270707651972771
  view-data: 3.307755686342716
