times:
  edit-metadata: 1.3980592414736748
  landing: 0.9479199089109898
  view-data: 3.3154847882688046
