times:
  edit-metadata: 1.530524305999279
  landing: 0.77456084638834
  view-data: 3.31920126080513
