times:
  edit-metadata: 1.3675871342420578
  landing: 0.8544263169169426
  view-data: 3.6388445645570755
