times:
  edit-metadata: 1.4706859476864338
  landing: 0.8036258369684219
  view-data: 3.303395878523588
