times:
  edit-metadata: 1.3240838833153248
  landing: 0.8314239867031574
  view-data: 3.3875737860798836
