times:
  edit-metadata: 1.3663906194269657
  landing: 0.9120989888906479
  view-data: 3.3072920627892017
