times:
  edit-metadata: 1.3429684489965439
  landing: 0.7733932323753834
  view-data: 3.332342755049467
