times:
  edit-metadata: 1.3870913162827492
  landing: 0.7135088294744492
  view-data: 3.2667103186249733
