times:
  edit-metadata: 1.2497862689197063
  landing: 0.7693585641682148
  view-data: 3.351526491343975
