times:
  edit-metadata: 2.2561566308140755
  landing: 1.2230023592710495
  view-data: 3.689905434846878
