times:
  edit-metadata: 1.368182972073555
  landing: 0.739660881459713
  view-data: 3.5076170787215233
