times:
  edit-metadata: 1.5353573560714722
  landing: 0.7720756679773331
  view-data: 3.521395653486252
