times:
  edit-metadata: 1.4047648459672928
  landing: 0.8278320133686066
  view-data: 3.47066817432642
