times:
  edit-metadata: 1.3689075782895088
  landing: 0.7376105636358261
  view-data: 3.373622700572014
