times:
  edit-metadata: 1.3520445227622986
  landing: 0.7007401883602142
  view-data: 3.5419919192790985
