times:
  edit-metadata: 1.5264170169830322
  landing: 0.7394001632928848
  view-data: 3.5369058921933174
