times:
  edit-metadata: 1.5563888773322105
  landing: 0.812793992459774
  view-data: 3.6071580946445465
