times:
  edit-metadata: 1.3257330432534218
  landing: 0.6937598884105682
  view-data: 3.484763130545616
