times:
  edit-metadata: 1.4903646782040596
  landing: 0.7503757625818253
  view-data: 3.4588272869586945
