times:
  edit-metadata: 1.4063715115189552
  landing: 1.0167231559753418
  view-data: 3.341262135654688
