times:
  edit-metadata: 1.4012698829174042
  landing: 0.8145246431231499
  view-data: 3.331694196909666
