times:
  edit-metadata: 1.4836037904024124
  landing: 0.781224399805069
  view-data: 3.6071033403277397
