times:
  edit-metadata: 1.4414823204278946
  landing: 0.8226301819086075
  view-data: 3.491110011935234
