times:
  edit-metadata: 1.3049434944987297
  landing: 0.7800928577780724
  view-data: 3.269077692180872
