times:
  edit-metadata: 1.4088290333747864
  landing: 0.7741981744766235
  view-data: 3.3999013043940067
