times:
  edit-metadata: 1.4381038844585419
  landing: 0.9201437160372734
  view-data: 3.3493018373847008
