times:
  edit-metadata: 1.509403545409441
  landing: 0.868158046156168
  view-data: 3.3178931064903736
