times:
  edit-metadata: 1.4669301211833954
  landing: 0.8359866291284561
  view-data: 3.3011101856827736
