times:
  edit-metadata: 1.3898839130997658
  landing: 0.7150500193238258
  view-data: 3.4776223972439766
