times:
  edit-metadata: 1.3960274755954742
  landing: 0.7078187614679337
  view-data: 3.5716752484440804
