times:
  edit-metadata: 1.5573465898633003
  landing: 0.8641044981777668
  view-data: 3.470700141042471
