times:
  edit-metadata: 1.4394125044345856
  landing: 0.7775590494275093
  view-data: 3.4544625654816628
