times:
  edit-metadata: 1.3623726442456245
  landing: 0.8407774418592453
  view-data: 3.365940138697624
