times:
  edit-metadata: 1.4439298138022423
  landing: 0.807851679623127
  view-data: 3.2561684921383858
