times:
  edit-metadata: 2.373208224773407
  landing: 1.3545177951455116
  view-data: 3.4115736335515976
