times:
  edit-metadata: 1.3604675643146038
  landing: 0.8560415506362915
  view-data: 3.2844740860164165
