times:
  edit-metadata: 1.3225450441241264
  landing: 0.8060388043522835
  view-data: 3.456357963383198
