times:
  edit-metadata: 1.426280565559864
  landing: 0.851446196436882
  view-data: 3.657079339027405
