times:
  edit-metadata: 1.425680123269558
  landing: 1.2198698595166206
  view-data: 3.2918898165225983
