times:
  edit-metadata: 1.5290387943387032
  landing: 0.7815821841359138
  view-data: 3.484740413725376
