times:
  edit-metadata: 1.4121382385492325
  landing: 0.737249530851841
  view-data: 3.3627203330397606
