times:
  edit-metadata: 1.3795134648680687
  landing: 0.8892398253083229
  view-data: 3.419887013733387
