times:
  edit-metadata: 1.4249246940016747
  landing: 0.7084184028208256
  view-data: 3.370969273149967
