times:
  edit-metadata: 1.8370292410254478
  landing: 0.8536225892603397
  view-data: 3.4122621193528175
