times:
  edit-metadata: 1.4472577944397926
  landing: 0.7596086971461773
  view-data: 3.2498722411692142
