times:
  edit-metadata: 1.822890505194664
  landing: 1.1447979807853699
  view-data: 3.6978983506560326
