times:
  edit-metadata: 1.4742392897605896
  landing: 0.8007393032312393
  view-data: 3.46892873942852
