times:
  edit-metadata: 1.3885731920599937
  landing: 0.9035509079694748
  view-data: 3.3780935779213905
