times:
  edit-metadata: 1.3651956543326378
  landing: 0.7912426516413689
  view-data: 3.2625523135066032
