times:
  edit-metadata: 1.4331477284431458
  landing: 0.8300270773470402
  view-data: 3.360517170280218
