times:
  edit-metadata: 1.3012216240167618
  landing: 0.7202130258083344
  view-data: 3.293588124215603
