times:
  edit-metadata: 1.3263128958642483
  landing: 0.747005008161068
  view-data: 3.413551539182663
