times:
  edit-metadata: 1.4572664834558964
  landing: 1.2057592831552029
  view-data: 3.3308585472404957
