times:
  edit-metadata: 1.4458922892808914
  landing: 0.712357647716999
  view-data: 3.461840368807316
