times:
  edit-metadata: 1.380282387137413
  landing: 0.7801126092672348
  view-data: 3.5365246161818504
