times:
  edit-metadata: 1.509799037128687
  landing: 0.7679864317178726
  view-data: 3.343771394342184
