times:
  edit-metadata: 1.4376290626823902
  landing: 0.8201324827969074
  view-data: 3.2710815891623497
