times:
  edit-metadata: 1.4442859888076782
  landing: 0.806584469974041
  view-data: 1.3390813246369362
