times:
  edit-metadata: 1.3854657486081123
  landing: 0.778862901031971
  view-data: 3.5094992741942406
