times:
  edit-metadata: 1.4117656983435154
  landing: 0.7442249841988087
  view-data: 3.375117141753435
