times:
  edit-metadata: 1.5268712490797043
  landing: 0.8701449297368526
  view-data: 3.3545647338032722
