times:
  edit-metadata: 1.3534375429153442
  landing: 0.8346200957894325
  view-data: 3.3248409777879715
