times:
  edit-metadata: 1.4902261421084404
  landing: 0.7961432486772537
  view-data: 3.5138908699154854
