times:
  edit-metadata: 1.4164250940084457
  landing: 0.7584643103182316
  view-data: 3.3847019150853157
