times:
  edit-metadata: 1.9077579192817211
  landing: 1.1425395049154758
  view-data: 3.4012373201549053
