times:
  edit-metadata: 1.3914129361510277
  landing: 0.7742760144174099
  view-data: 3.32343015819788
