times:
  edit-metadata: 1.4619123563170433
  landing: 0.7671663612127304
  view-data: 3.497419185936451
