times:
  edit-metadata: 1.351170763373375
  landing: 0.7074889950454235
  view-data: 3.2848940640687943
