times:
  edit-metadata: 1.5010735988616943
  landing: 0.8194102197885513
  view-data: 3.301032841205597
