times:
  edit-metadata: 1.3764825016260147
  landing: 0.7682017460465431
  view-data: 0.48461680114269257
