times:
  edit-metadata: 1.684435099363327
  landing: 0.7777077332139015
  view-data: 3.4595254957675934
