times:
  edit-metadata: 1.634195752441883
  landing: 0.8520351424813271
  view-data: 3.3007956221699715
