times:
  edit-metadata: 1.3721765950322151
  landing: 0.7050269916653633
  view-data: 3.523551754653454
