times:
  edit-metadata: 1.5542603954672813
  landing: 0.9583523645997047
  view-data: 3.3290199041366577
