times:
  edit-metadata: 1.4313337951898575
  landing: 0.712667778134346
  view-data: 3.3740610256791115
