times:
  edit-metadata: 1.422608856111765
  landing: 0.8121843226253986
  view-data: 3.362330723553896
