times:
  edit-metadata: 1.4861132204532623
  landing: 0.8000432923436165
  view-data: 3.2587674148380756
