times:
  edit-metadata: 1.3123385608196259
  landing: 0.8076184466481209
  view-data: 3.385979223996401
