times:
  edit-metadata: 1.384262777864933
  landing: 0.7911985740065575
  view-data: 3.470422014594078
