times:
  edit-metadata: 1.4698530994355679
  landing: 0.8341050818562508
  view-data: 3.322285808622837
