times:
  edit-metadata: 1.4777610376477242
  landing: 0.7662879303097725
  view-data: 3.5300959572196007
