times:
  edit-metadata: 1.4206488877534866
  landing: 0.7302400320768356
  view-data: 3.563244104385376
