times:
  edit-metadata: 1.4048367068171501
  landing: 0.7938537374138832
  view-data: 3.3125663325190544
