times:
  edit-metadata: 1.7088378742337227
  landing: 1.161757692694664
  view-data: 3.3926850706338882
