times:
  edit-metadata: 1.4481659606099129
  landing: 0.7815902903676033
  view-data: 3.3751870915293694
