times:
  edit-metadata: 1.3215086944401264
  landing: 0.7661842778325081
  view-data: 3.283396605402231
