times:
  edit-metadata: 1.4620777890086174
  landing: 0.8345296829938889
  view-data: 3.3317915350198746
