times:
  edit-metadata: 1.4808100126683712
  landing: 0.8681596629321575
  view-data: 3.3594283275306225
