times:
  edit-metadata: 1.4239613562822342
  landing: 0.8107317164540291
  view-data: 3.5012139678001404
