times:
  edit-metadata: 1.16055366396904
  landing: 0.7417102605104446
  view-data: 3.454218216240406
