times:
  edit-metadata: 1.5340817645192146
  landing: 0.8426986634731293
  view-data: 3.522129438817501
