times:
  edit-metadata: 1.4599499255418777
  landing: 0.7650294676423073
  view-data: 3.5887685120105743
