times:
  edit-metadata: 1.53158700466156
  landing: 0.9806069061160088
  view-data: 3.3693735376000404
