times:
  edit-metadata: 1.368447657674551
  landing: 0.7331357412040234
  view-data: 3.244959559291601
