times:
  edit-metadata: 1.5300333797931671
  landing: 0.7398121207952499
  view-data: 3.532915376126766
