times:
  edit-metadata: 1.478037178516388
  landing: 0.747387520968914
  view-data: 3.52308189868927
