times:
  edit-metadata: 1.5848140940070152
  landing: 0.8758340701460838
  view-data: 3.5684348419308662
