times:
  edit-metadata: 1.8441253751516342
  landing: 1.3739657774567604
  view-data: 3.976112201809883
