times:
  edit-metadata: 1.9887066520750523
  landing: 1.1246516704559326
  view-data: 3.6418098136782646
