times:
  edit-metadata: 1.3290338143706322
  landing: 0.8082025721669197
  view-data: 3.456382617354393
