times:
  edit-metadata: 1.4450552240014076
  landing: 0.906487300992012
  view-data: 3.605487607419491
