times:
  edit-metadata: 1.375909112393856
  landing: 0.8076994642615318
  view-data: 3.329935871064663
