times:
  edit-metadata: 1.4217281937599182
  landing: 0.7678375765681267
  view-data: 3.5215204656124115
