times:
  edit-metadata: 1.7058136761188507
  landing: 1.0375895239412785
  view-data: 3.294241424649954
