times:
  edit-metadata: 1.3722688183188438
  landing: 0.7458262741565704
  view-data: 3.532295636832714
