times:
  edit-metadata: 1.482999000698328
  landing: 0.7979979626834393
  view-data: 3.332023750990629
