times:
  edit-metadata: 3.9265114590525627
  landing: 1.1630478724837303
  view-data: 3.4087670892477036
