times:
  edit-metadata: 1.3813292756676674
  landing: 0.7405631095170975
  view-data: 3.291460543870926
