times:
  edit-metadata: 1.5147519409656525
  landing: 0.8651439398527145
  view-data: 3.5648876950144768
