times:
  edit-metadata: 1.5211392492055893
  landing: 0.7763684242963791
  view-data: 3.2894042916595936
