times:
  edit-metadata: 1.5042623057961464
  landing: 0.817838080227375
  view-data: 3.746746137738228
