times:
  edit-metadata: 1.3762950748205185
  landing: 0.7721808850765228
  view-data: 3.453041322529316
