times:
  edit-metadata: 1.3601571768522263
  landing: 0.740691676735878
  view-data: 3.4953278303146362
