times:
  edit-metadata: 1.4189449325203896
  landing: 0.8137716948986053
  view-data: 3.471019297838211
