times:
  edit-metadata: 1.9569736123085022
  landing: 1.27595766633749
  view-data: 3.7724051624536514
