times:
  edit-metadata: 1.4177326932549477
  landing: 0.7743091434240341
  view-data: 3.5469347685575485
