times:
  edit-metadata: 1.4339906126260757
  landing: 0.7500741183757782
  view-data: 3.4776288717985153
