times:
  edit-metadata: 1.3396933302283287
  landing: 0.7660365477204323
  view-data: 3.5469207987189293
