times:
  edit-metadata: 1.3643010817468166
  landing: 0.7681063301861286
  view-data: 3.283055614680052
