times:
  edit-metadata: 1.4907304272055626
  landing: 0.8329257071018219
  view-data: 3.2893998473882675
