times:
  edit-metadata: 1.3790647983551025
  landing: 0.9857876822352409
  view-data: 3.546980194747448
