times:
  edit-metadata: 1.3630718514323235
  landing: 0.7640299499034882
  view-data: 3.4860672280192375
