times:
  edit-metadata: 3.286131378263235
  landing: 1.2746271640062332
  view-data: 3.566670048981905
