times:
  edit-metadata: 1.4041858166456223
  landing: 0.8726111277937889
  view-data: 3.336180344223976
