times:
  edit-metadata: 1.7438818886876106
  landing: 1.0886104479432106
  view-data: 3.5229520052671432
