times:
  edit-metadata: 1.440392516553402
  landing: 0.8005143702030182
  view-data: 3.3091942965984344
