times:
  edit-metadata: 1.347069390118122
  landing: 0.810052789747715
  view-data: 3.4381557554006577
