times:
  edit-metadata: 1.4108275324106216
  landing: 0.8142976611852646
  view-data: 3.3500273860991
