times:
  edit-metadata: 1.3638772554695606
  landing: 0.7644047364592552
  view-data: 3.3143161721527576
