times:
  edit-metadata: 1.3991379216313362
  landing: 0.8394952416419983
  view-data: 3.343505173921585
