times:
  edit-metadata: 1.3738084249198437
  landing: 0.806431706994772
  view-data: 3.402510181069374
