times:
  edit-metadata: 1.460046000778675
  landing: 0.7867340743541718
  view-data: 3.558291681110859
