times:
  edit-metadata: 1.487400770187378
  landing: 0.8279032334685326
  view-data: 3.4733391404151917
