times:
  edit-metadata: 1.6566348932683468
  landing: 0.9568016454577446
  view-data: 3.3891102075576782
