times:
  edit-metadata: 1.4769154898822308
  landing: 0.9205175712704659
  view-data: 3.3587266951799393
