times:
  edit-metadata: 1.3990763798356056
  landing: 0.7740911394357681
  view-data: 3.5284282192587852
