times:
  edit-metadata: 1.4034688025712967
  landing: 0.8119029030203819
  view-data: 3.328368976712227
