times:
  edit-metadata: 1.4098803251981735
  landing: 0.7841470241546631
  view-data: 3.334273125976324
