times:
  edit-metadata: 1.4441894255578518
  landing: 0.8428608030080795
  view-data: 3.3268550261855125
