times:
  edit-metadata: 1.3525768928229809
  landing: 0.8193077445030212
  view-data: 3.3315503373742104
