times:
  edit-metadata: 1.439816903322935
  landing: 0.7961100041866302
  view-data: 3.3653848096728325
