times:
  edit-metadata: 1.3461512997746468
  landing: 0.7064620330929756
  view-data: 3.5225126668810844
