times:
  edit-metadata: 1.3670315966010094
  landing: 0.7297267094254494
  view-data: 3.4705359116196632
