times:
  edit-metadata: 1.4084842801094055
  landing: 0.7628237083554268
  view-data: 3.4405795633792877
