times:
  edit-metadata: 1.5084091946482658
  landing: 0.726726695895195
  view-data: 3.5486094281077385
