times:
  edit-metadata: 2.5764752477407455
  landing: 1.1422281116247177
  view-data: 3.3589278161525726
