times:
  edit-metadata: 1.4351436495780945
  landing: 0.7932289242744446
  view-data: 3.4165101796388626
