times:
  edit-metadata: 1.4166277088224888
  landing: 0.7213033027946949
  view-data: 3.297570999711752
