times:
  edit-metadata: 1.5014736950397491
  landing: 0.70354113727808
  view-data: 3.524447910487652
