times:
  edit-metadata: 1.3184887431561947
  landing: 0.7798719629645348
  view-data: 3.284511834383011
