times:
  edit-metadata: 1.343463011085987
  landing: 0.8166423328220844
  view-data: 3.3083560839295387
