times:
  edit-metadata: 1.4297486394643784
  landing: 0.6912677213549614
  view-data: 3.4442292228341103
