times:
  edit-metadata: 1.4761707708239555
  landing: 0.7917335256934166
  view-data: 3.4877515733242035
