times:
  edit-metadata: 1.703821673989296
  landing: 0.9912980794906616
  view-data: 3.3069911561906338
