times:
  edit-metadata: 1.4671014994382858
  landing: 0.8393164239823818
  view-data: 3.3046463392674923
