times:
  edit-metadata: 1.3401180133223534
  landing: 0.8356336057186127
  view-data: 3.3337052911520004
