times:
  edit-metadata: 1.3383255377411842
  landing: 0.7580802887678146
  view-data: 3.4781708270311356
