times:
  edit-metadata: 1.5093679279088974
  landing: 0.8219937905669212
  view-data: 3.317184414714575
