times:
  edit-metadata: 1.499104119837284
  landing: 0.7329101338982582
  view-data: 3.4525199830532074
