times:
  edit-metadata: 1.5730540379881859
  landing: 0.88013606518507
  view-data: 3.572471410036087
