times:
  edit-metadata: 1.417473815381527
  landing: 0.8140177801251411
  view-data: 3.291530027985573
