times:
  edit-metadata: 1.338272675871849
  landing: 0.7567284256219864
  view-data: 3.5414453521370888
