times:
  edit-metadata: 1.4125543162226677
  landing: 0.7603507414460182
  view-data: 3.502354435622692
