times:
  edit-metadata: 1.4131360240280628
  landing: 0.8375496231019497
  view-data: 3.2914136722683907
