times:
  edit-metadata: 1.3377781100571156
  landing: 0.761667013168335
  view-data: 3.2859036214649677
