times:
  edit-metadata: 1.6824704445898533
  landing: 0.8650123067200184
  view-data: 3.302219294011593
