times:
  edit-metadata: 1.3832880929112434
  landing: 0.9914756864309311
  view-data: 3.4088798239827156
