times:
  edit-metadata: 1.5070802941918373
  landing: 0.7369344606995583
  view-data: 3.437117263674736
