times:
  edit-metadata: 2.0535578839480877
  landing: 1.1755009666085243
  view-data: 3.55732411891222
