times:
  edit-metadata: 1.450247649103403
  landing: 0.8871282525360584
  view-data: 3.2954437471926212
