times:
  edit-metadata: 2.51127777248621
  landing: 1.3365682661533356
  view-data: 3.684797577559948
