times:
  edit-metadata: 1.4556182846426964
  landing: 0.7510346472263336
  view-data: 3.486070431768894
