times:
  edit-metadata: 1.5041061416268349
  landing: 0.7687237560749054
  view-data: 3.6047514230012894
