times:
  edit-metadata: 1.5138192251324654
  landing: 0.7747341096401215
  view-data: 3.5598117485642433
