times:
  edit-metadata: 1.3752419129014015
  landing: 0.7406687662005424
  view-data: 3.714500278234482
