times:
  edit-metadata: 1.3168548457324505
  landing: 0.7262077480554581
  view-data: 3.258685927838087
