times:
  edit-metadata: 1.4209731817245483
  landing: 0.7191099375486374
  view-data: 3.3529780879616737
