times:
  edit-metadata: 1.3908053115010262
  landing: 0.7427957765758038
  view-data: 3.303115986287594
