times:
  edit-metadata: 1.414978001266718
  landing: 0.8307110443711281
  view-data: 3.302090849727392
