times:
  edit-metadata: 1.4618592858314514
  landing: 0.7959567792713642
  view-data: 3.294363170862198
