times:
  edit-metadata: 1.6479423716664314
  landing: 0.9149281680583954
  view-data: 3.269935019314289
