times:
  edit-metadata: 1.4889804869890213
  landing: 0.7437069192528725
  view-data: 3.4997550323605537
