times:
  edit-metadata: 1.3479747027158737
  landing: 0.7486429959535599
  view-data: 3.285780020058155
