times:
  edit-metadata: 1.6347381249070168
  landing: 0.7987983897328377
  view-data: 3.6128405705094337
