times:
  edit-metadata: 1.4329587072134018
  landing: 0.8389783948659897
  view-data: 3.4581607058644295
