times:
  edit-metadata: 1.4669468402862549
  landing: 0.8810147270560265
  view-data: 3.414737291634083
