times:
  edit-metadata: 1.4933548346161842
  landing: 0.9334972575306892
  view-data: 3.743442118167877
