times:
  edit-metadata: 1.2645955681800842
  landing: 0.8730629533529282
  view-data: 3.4127928763628006
