times:
  edit-metadata: 1.437210038304329
  landing: 0.9719558954238892
  view-data: 3.4865620210766792
