times:
  edit-metadata: 1.3639857210218906
  landing: 0.7938288785517216
  view-data: 3.3093088008463383
