times:
  edit-metadata: 1.4659493789076805
  landing: 0.7089274227619171
  view-data: 3.633858822286129
