times:
  edit-metadata: 2.1314581371843815
  landing: 1.4134620428085327
  view-data: 3.403307940810919
