times:
  edit-metadata: 1.75222896784544
  landing: 0.9033022075891495
  view-data: 3.4090856686234474
