times:
  edit-metadata: 1.467318445444107
  landing: 0.9473672211170197
  view-data: 3.5664265379309654
