times:
  edit-metadata: 1.3833918869495392
  landing: 0.7492533475160599
  view-data: 3.4284955859184265
