times:
  edit-metadata: 1.3954718932509422
  landing: 0.828343577682972
  view-data: 3.6282496452331543
