times:
  edit-metadata: 1.3698115944862366
  landing: 0.7309995293617249
  view-data: 3.490021549165249
