times:
  edit-metadata: 1.4094392396509647
  landing: 0.7901077009737492
  view-data: 3.4018355011940002
