times:
  edit-metadata: 2.0432344377040863
  landing: 0.76546511054039
  view-data: 3.336295962333679
