times:
  edit-metadata: 1.4541097432374954
  landing: 1.0080348402261734
  view-data: 3.5633554980158806
