times:
  edit-metadata: 1.4749003127217293
  landing: 0.6902688145637512
  view-data: 3.308502584695816
