times:
  edit-metadata: 2.218976654112339
  landing: 1.3730386793613434
  view-data: 3.563115768134594
