times:
  edit-metadata: 2.3501513823866844
  landing: 1.9392159432172775
  view-data: 3.56161642819643
