times:
  edit-metadata: 1.5017112120985985
  landing: 0.8527382798492908
  view-data: 3.378445077687502
