times:
  edit-metadata: 1.6042281836271286
  landing: 0.693403072655201
  view-data: 3.4648310095071793
