times:
  edit-metadata: 1.3875280693173409
  landing: 0.7972299829125404
  view-data: 3.357395961880684
