times:
  edit-metadata: 1.575302667915821
  landing: 0.8483429551124573
  view-data: 3.533226676285267
