times:
  edit-metadata: 1.3791447877883911
  landing: 0.7336810305714607
  view-data: 3.629403628408909
