times:
  edit-metadata: 1.5264988467097282
  landing: 0.9661881253123283
  view-data: 3.782079540193081
