times:
  edit-metadata: 1.5467959195375443
  landing: 0.8771241195499897
  view-data: 3.3475913628935814
