times:
  edit-metadata: 1.546680472791195
  landing: 0.8391307443380356
  view-data: 3.5246763825416565
