times:
  edit-metadata: 1.4169167540967464
  landing: 0.7650102227926254
  view-data: 3.3617590367794037
