times:
  edit-metadata: 1.452850565314293
  landing: 0.7573572546243668
  view-data: 3.2908217534422874
