times:
  edit-metadata: 1.444593634456396
  landing: 0.722302034497261
  view-data: 3.3522699549794197
