times:
  edit-metadata: 2.1528611704707146
  landing: 1.0279890298843384
  view-data: 3.3259726241230965
