times:
  edit-metadata: 1.4734720587730408
  landing: 0.7565036080777645
  view-data: 3.3188995383679867
