times:
  edit-metadata: 1.6390404291450977
  landing: 0.8426671661436558
  view-data: 3.3471407294273376
