times:
  edit-metadata: 1.4349252097308636
  landing: 0.8047201782464981
  view-data: 3.3686645552515984
