times:
  edit-metadata: 1.4743686839938164
  landing: 0.7490601539611816
  view-data: 3.292347751557827
