times:
  edit-metadata: 1.5045759305357933
  landing: 0.6848515644669533
  view-data: 3.317642856389284
