times:
  edit-metadata: 1.4962069168686867
  landing: 0.7686223089694977
  view-data: 3.4906553849577904
