times:
  edit-metadata: 1.4526936672627926
  landing: 0.9340865574777126
  view-data: 3.384411133825779
