times:
  edit-metadata: 1.3017688766121864
  landing: 0.7679691910743713
  view-data: 3.523486092686653
