times:
  edit-metadata: 1.5937443897128105
  landing: 0.8963091820478439
  view-data: 3.71713674813509
