times:
  edit-metadata: 1.1438596472144127
  landing: 0.8784363716840744
  view-data: 3.4831064268946648
