times:
  edit-metadata: 1.4077952578663826
  landing: 0.8004971891641617
  view-data: 3.5144363939762115
