times:
  edit-metadata: 1.4187936037778854
  landing: 0.859303668141365
  view-data: 3.3259960636496544
