times:
  edit-metadata: 1.7272075861692429
  landing: 0.8132428675889969
  view-data: 3.490899048745632
