times:
  edit-metadata: 1.5175771601498127
  landing: 1.1493895091116428
  view-data: 3.3701042234897614
