times:
  edit-metadata: 1.4612890630960464
  landing: 0.7716841548681259
  view-data: 3.337957017123699
