times:
  edit-metadata: 1.3606690913438797
  landing: 0.7667990773916245
  view-data: 3.425812318921089
