times:
  edit-metadata: 1.696845356374979
  landing: 0.9056486561894417
  view-data: 3.309463784098625
