times:
  edit-metadata: 1.3396410048007965
  landing: 0.7431565821170807
  view-data: 3.339740201830864
