times:
  edit-metadata: 1.406334776431322
  landing: 0.8121487535536289
  view-data: 3.294959142804146
