times:
  edit-metadata: 1.3996605426073074
  landing: 0.7937901541590691
  view-data: 3.376759462058544
