times:
  edit-metadata: 1.3656889237463474
  landing: 0.8089352585375309
  view-data: 3.277423184365034
