times:
  edit-metadata: 1.3992520421743393
  landing: 0.9305355027318001
  view-data: 3.5501013100147247
