times:
  edit-metadata: 1.371602475643158
  landing: 0.7082046791911125
  view-data: 3.5107523426413536
