times:
  edit-metadata: 1.4019847065210342
  landing: 0.7953308075666428
  view-data: 3.446184776723385
