times:
  edit-metadata: 1.5351068675518036
  landing: 0.9760055653750896
  view-data: 3.3431203365325928
