times:
  edit-metadata: 1.5160624906420708
  landing: 0.8197088092565536
  view-data: 3.4976896345615387
