times:
  edit-metadata: 1.450366273522377
  landing: 0.7399986535310745
  view-data: 3.6781414821743965
