times:
  edit-metadata: 1.6512833163142204
  landing: 0.7895820066332817
  view-data: 3.3899894058704376
