times:
  edit-metadata: 1.3877191096544266
  landing: 0.7639135122299194
  view-data: 3.4422556683421135
