times:
  edit-metadata: 1.4320203550159931
  landing: 0.8040826506912708
  view-data: 3.408175151795149
