times:
  edit-metadata: 1.4567951261997223
  landing: 0.9223663359880447
  view-data: 3.3621902093291283
