times:
  edit-metadata: 1.4414584413170815
  landing: 0.9125317335128784
  view-data: 3.4536060839891434
