times:
  edit-metadata: 1.502932645380497
  landing: 0.8461941704154015
  view-data: 3.444397322833538
