times:
  edit-metadata: 1.3794382251799107
  landing: 0.7270660176873207
  view-data: 3.2497604228556156
