times:
  edit-metadata: 1.3849986642599106
  landing: 0.7422347515821457
  view-data: 3.2747579142451286
