times:
  edit-metadata: 1.421442374587059
  landing: 0.6598419472575188
  view-data: 3.401775635778904
