times:
  edit-metadata: 1.4952044412493706
  landing: 0.8027099072933197
  view-data: 3.4565281346440315
