times:
  edit-metadata: 1.3413635566830635
  landing: 0.80179663002491
  view-data: 3.305417224764824
