times:
  edit-metadata: 1.692110650241375
  landing: 0.9415807723999023
  view-data: 3.4687578976154327
