times:
  edit-metadata: 1.503384068608284
  landing: 0.8817866742610931
  view-data: 3.3458322435617447
