times:
  edit-metadata: 1.3885209485888481
  landing: 0.8614410758018494
  view-data: 3.322283960878849
