times:
  edit-metadata: 3.0560883060097694
  landing: 1.5540678203105927
  view-data: 3.6057791858911514
