times:
  edit-metadata: 1.4732423201203346
  landing: 0.8073495030403137
  view-data: 3.306666113436222
