times:
  edit-metadata: 1.53335390239954
  landing: 0.8831431865692139
  view-data: 3.499382309615612
