times:
  edit-metadata: 1.4218464940786362
  landing: 0.7653550654649734
  view-data: 3.3056354597210884
