times:
  edit-metadata: 1.6171206459403038
  landing: 0.8696151152253151
  view-data: 3.4560380801558495
