times:
  edit-metadata: 1.445284441113472
  landing: 0.9189513325691223
  view-data: 3.49326840788126
