times:
  edit-metadata: 1.397218618541956
  landing: 0.7511645890772343
  view-data: 3.3860247284173965
