times:
  edit-metadata: 1.417683258652687
  landing: 0.7127136662602425
  view-data: 3.359736505895853
