times:
  edit-metadata: 1.4519210010766983
  landing: 0.7571137547492981
  view-data: 3.6383450031280518
