times:
  edit-metadata: 1.4250129759311676
  landing: 0.8611556254327297
  view-data: 3.348650526255369
