times:
  edit-metadata: 3.316198408603668
  landing: 2.1665890514850616
  view-data: 3.4613099545240402
