times:
  edit-metadata: 1.4949529767036438
  landing: 0.8510214686393738
  view-data: 3.4525635838508606
