times:
  edit-metadata: 1.6868694797158241
  landing: 0.933634951710701
  view-data: 3.3057872876524925
