times:
  edit-metadata: 1.4020383432507515
  landing: 0.8149455636739731
  view-data: 3.6119722351431847
