times:
  edit-metadata: 1.3849000670015812
  landing: 0.8166423365473747
  view-data: 3.4087381921708584
