times:
  edit-metadata: 1.4704579636454582
  landing: 0.8521680794656277
  view-data: 3.301338527351618
