times:
  edit-metadata: 1.3580598533153534
  landing: 0.785055760294199
  view-data: 3.281489446759224
