times:
  edit-metadata: 1.3690819963812828
  landing: 0.7638145238161087
  view-data: 3.332401789724827
