times:
  edit-metadata: 1.7868656367063522
  landing: 1.1530573144555092
  view-data: 3.662340372800827
