times:
  edit-metadata: 2.1248989403247833
  landing: 0.8599599376320839
  view-data: 3.3575157821178436
