times:
  edit-metadata: 1.4160952270030975
  landing: 1.0272847302258015
  view-data: 3.3403983786702156
