times:
  edit-metadata: 1.536514326930046
  landing: 0.7578930556774139
  view-data: 3.4366747364401817
