times:
  edit-metadata: 1.816203273832798
  landing: 0.9504812993109226
  view-data: 3.3563518188893795
