times:
  edit-metadata: 1.2949646413326263
  landing: 0.7499755173921585
  view-data: 3.56247279047966
