times:
  edit-metadata: 1.3707696981728077
  landing: 0.7769330628216267
  view-data: 3.5755979493260384
