times:
  edit-metadata: 1.5006406493484974
  landing: 0.8334611356258392
  view-data: 3.3143830746412277
