times:
  edit-metadata: 1.4911704659461975
  landing: 0.8080947548151016
  view-data: 3.542225867509842
