times:
  edit-metadata: 1.4623837880790234
  landing: 0.6907443664968014
  view-data: 3.3730429336428642
