times:
  edit-metadata: 1.4437068328261375
  landing: 0.7619196884334087
  view-data: 3.366626489907503
