times:
  edit-metadata: 1.5348405465483665
  landing: 0.8228097632527351
  view-data: 3.4300804883241653
