times:
  edit-metadata: 1.5151090435683727
  landing: 0.8422511741518974
  view-data: 3.3784674927592278
