times:
  edit-metadata: 1.7440045289695263
  landing: 0.880842499434948
  view-data: 3.312731299549341
