times:
  edit-metadata: 1.4100067839026451
  landing: 0.8072712197899818
  view-data: 3.4726013466715813
