times:
  edit-metadata: 1.6050373241305351
  landing: 0.8884717784821987
  view-data: 3.4018041528761387
