times:
  edit-metadata: 1.1002964973449707
  landing: 0.7528484165668488
  view-data: 3.468273475766182
