times:
  edit-metadata: 2.450481168925762
  landing: 1.6707914397120476
  view-data: 3.630224321037531
