times:
  edit-metadata: 1.5171064585447311
  landing: 1.0895196497440338
  view-data: 3.555764190852642
