times:
  edit-metadata: 1.4665527865290642
  landing: 0.9125136137008667
  view-data: 3.520821325480938
