times:
  edit-metadata: 1.5647700652480125
  landing: 0.8119574338197708
  view-data: 3.3742931187152863
