times:
  edit-metadata: 1.4808369353413582
  landing: 0.6828747317194939
  view-data: 3.4396417662501335
