times:
  edit-metadata: 1.3982463404536247
  landing: 0.9057324975728989
  view-data: 3.2830449789762497
