times:
  edit-metadata: 1.386363908648491
  landing: 1.0669980868697166
  view-data: 3.4696145430207253
