times:
  edit-metadata: 1.3735092356801033
  landing: 0.7523497715592384
  view-data: 3.4661945030093193
