times:
  edit-metadata: 1.8475228697061539
  landing: 1.2409272491931915
  view-data: 3.6870386078953743
