times:
  edit-metadata: 1.7223938703536987
  landing: 1.0451823025941849
  view-data: 3.8076903745532036
