times:
  edit-metadata: 1.6988970749080181
  landing: 1.0112041905522346
  view-data: 3.336110934615135
