times:
  edit-metadata: 1.6028573736548424
  landing: 0.7961985729634762
  view-data: 3.417368158698082
