times:
  edit-metadata: 1.5414847545325756
  landing: 0.8123876415193081
  view-data: 3.377339731901884
