times:
  edit-metadata: 1.4895758554339409
  landing: 0.7464304342865944
  view-data: 3.369157813489437
