times:
  edit-metadata: 1.9658633470535278
  landing: 1.0646752640604973
  view-data: 3.344490870833397
