times:
  edit-metadata: 1.4550880268216133
  landing: 0.7176565378904343
  view-data: 3.4039873108267784
