times:
  edit-metadata: 2.495366133749485
  landing: 1.1666381359100342
  view-data: 3.4196489192545414
