times:
  edit-metadata: 1.3737685680389404
  landing: 0.6865919902920723
  view-data: 3.402048148214817
