times:
  edit-metadata: 1.5390191152691841
  landing: 1.0702186226844788
  view-data: 3.5204142034053802
