times:
  edit-metadata: 1.4000686965882778
  landing: 0.7821023054420948
  view-data: 3.3149800449609756
