times:
  edit-metadata: 1.099536307156086
  landing: 0.8458899408578873
  view-data: 3.3412295058369637
