times:
  edit-metadata: 1.6981082260608673
  landing: 1.0555965900421143
  view-data: 3.359709531068802
