times:
  edit-metadata: 1.4476380795240402
  landing: 0.8159848637878895
  view-data: 3.2886142171919346
