times:
  edit-metadata: 1.7384074479341507
  landing: 1.0975057519972324
  view-data: 4.18178990110755
