times:
  edit-metadata: 1.4847674369812012
  landing: 0.7761233150959015
  view-data: 3.3553872033953667
