times:
  edit-metadata: 1.436873409897089
  landing: 0.8553774692118168
  view-data: 3.302661396563053
