times:
  edit-metadata: 1.374447450041771
  landing: 0.8485736101865768
  view-data: 3.2794686630368233
