times:
  edit-metadata: 2.6859134286642075
  landing: 1.1375467590987682
  view-data: 3.667324911803007
