times:
  edit-metadata: 1.5077135562896729
  landing: 0.8886926472187042
  view-data: 3.4890891015529633
