times:
  edit-metadata: 1.3742462992668152
  landing: 0.7539378255605698
  view-data: 3.4047881364822388
