times:
  edit-metadata: 1.4944221749901772
  landing: 0.8346902877092361
  view-data: 3.3503092527389526
