times:
  edit-metadata: 1.475636675953865
  landing: 0.7706276625394821
  view-data: 3.5026816576719284
