times:
  edit-metadata: 1.4114950597286224
  landing: 0.8785089701414108
  view-data: 3.5391052961349487
