times:
  edit-metadata: 1.5932996422052383
  landing: 0.8424421027302742
  view-data: 3.5148166120052338
