times:
  edit-metadata: 1.3848959542810917
  landing: 0.8413495235145092
  view-data: 3.504883047193289
