times:
  edit-metadata: 1.397060014307499
  landing: 0.847239725291729
  view-data: 3.512893758714199
