times:
  edit-metadata: 1.6495941057801247
  landing: 1.0274796783924103
  view-data: 3.417952947318554
