times:
  edit-metadata: 2.043606676161289
  landing: 0.9571057185530663
  view-data: 3.5356173664331436
