times:
  edit-metadata: 1.5331734269857407
  landing: 0.7831507250666618
  view-data: 3.326869159936905
