times:
  edit-metadata: 1.3666954189538956
  landing: 0.7367071062326431
  view-data: 3.2712226435542107
