times:
  edit-metadata: 1.5254795849323273
  landing: 0.9210842959582806
  view-data: 3.3820932507514954
