times:
  edit-metadata: 1.4299746118485928
  landing: 0.7847128733992577
  view-data: 3.3773384876549244
