times:
  edit-metadata: 1.0634571313858032
  landing: 0.7097790762782097
  view-data: 3.584682084619999
