times:
  edit-metadata: 1.452638614922762
  landing: 0.7330957688391209
  view-data: 3.4292294792830944
