times:
  edit-metadata: 1.3766171336174011
  landing: 0.8659244701266289
  view-data: 3.3471746630966663
