times:
  edit-metadata: 1.3827608488500118
  landing: 0.7766427248716354
  view-data: 3.3534337244927883
