times:
  edit-metadata: 1.7053105905652046
  landing: 0.7367641255259514
  view-data: 3.4618001729249954
