times:
  edit-metadata: 1.398072600364685
  landing: 0.7595394067466259
  view-data: 3.3697004355490208
