times:
  edit-metadata: 1.4087573066353798
  landing: 0.7530459314584732
  view-data: 3.2691986709833145
