times:
  edit-metadata: 1.36835278570652
  landing: 0.7452716007828712
  view-data: 3.4497599601745605
