times:
  edit-metadata: 1.436467032879591
  landing: 0.7553185224533081
  view-data: 3.3038250654935837
