times:
  edit-metadata: 1.4529800079762936
  landing: 0.8626584894955158
  view-data: 3.291993971914053
