times:
  edit-metadata: 1.4492796808481216
  landing: 0.7858130857348442
  view-data: 3.4872416257858276
