times:
  edit-metadata: 1.9415737017989159
  landing: 0.9617295190691948
  view-data: 3.6549732983112335
