times:
  edit-metadata: 1.6107202135026455
  landing: 0.9921211004257202
  view-data: 3.366445094347
