times:
  edit-metadata: 1.419327400624752
  landing: 0.7957469597458839
  view-data: 3.391736887395382
