times:
  edit-metadata: 1.4576985016465187
  landing: 0.8322920948266983
  view-data: 3.2608398646116257
