times:
  edit-metadata: 1.383494310081005
  landing: 0.8978133350610733
  view-data: 3.322609104216099
