times:
  edit-metadata: 1.4581457674503326
  landing: 0.8048634007573128
  view-data: 3.4609861746430397
