times:
  edit-metadata: 1.5136621035635471
  landing: 0.8156328089535236
  view-data: 3.3529075235128403
