times:
  edit-metadata: 1.4007184952497482
  landing: 0.8930659741163254
  view-data: 3.4605794101953506
