times:
  edit-metadata: 1.4644678123295307
  landing: 0.8796601369976997
  view-data: 3.4152238965034485
