times:
  edit-metadata: 1.515687644481659
  landing: 0.9745791181921959
  view-data: 3.3290864154696465
