times:
  edit-metadata: 1.467880979180336
  landing: 0.9658786058425903
  view-data: 3.3239530622959137
