times:
  edit-metadata: 1.732942033559084
  landing: 0.9386989064514637
  view-data: 3.339905269443989
