times:
  edit-metadata: 1.4580316245555878
  landing: 0.7722018584609032
  view-data: 3.2793623320758343
