times:
  edit-metadata: 1.4927026331424713
  landing: 0.8526958450675011
  view-data: 3.2833090499043465
