times:
  edit-metadata: 1.4632706195116043
  landing: 0.8428343161940575
  view-data: 3.5159736201167107
