times:
  edit-metadata: 1.425703838467598
  landing: 0.9053925424814224
  view-data: 3.3343629613518715
