times:
  edit-metadata: 1.4701737836003304
  landing: 0.7245582714676857
  view-data: 3.5141246020793915
