times:
  edit-metadata: 1.5201367288827896
  landing: 0.8075788766145706
  view-data: 3.52586916834116
