times:
  edit-metadata: 1.4233848750591278
  landing: 0.8646251782774925
  view-data: 3.374318890273571
