times:
  edit-metadata: 1.4454188793897629
  landing: 0.822175070643425
  view-data: 3.3103285059332848
