times:
  edit-metadata: 1.4169062450528145
  landing: 0.8853011578321457
  view-data: 3.610084429383278
