times:
  edit-metadata: 1.5139595195651054
  landing: 0.7162075415253639
  view-data: 3.505290672183037
