times:
  edit-metadata: 1.4724971950054169
  landing: 0.7979841381311417
  view-data: 3.404946155846119
