times:
  edit-metadata: 1.4455356858670712
  landing: 0.8872348070144653
  view-data: 3.2777231223881245
