times:
  edit-metadata: 1.452279381453991
  landing: 0.8456719219684601
  view-data: 3.3050040155649185
