times:
  edit-metadata: 1.5489937141537666
  landing: 0.7489338517189026
  view-data: 3.593861274421215
