times:
  edit-metadata: 1.4881397783756256
  landing: 0.9177512377500534
  view-data: 3.311689928174019
