times:
  edit-metadata: 1.4139788001775742
  landing: 0.974882960319519
  view-data: 3.467795617878437
