times:
  edit-metadata: 1.4608184397220612
  landing: 0.8066599294543266
  view-data: 3.5983630418777466
