times:
  edit-metadata: 1.4002346023917198
  landing: 0.7724608927965164
  view-data: 3.562421105802059
