times:
  edit-metadata: 1.5948804095387459
  landing: 0.8521577045321465
  view-data: 3.745170384645462
