times:
  edit-metadata: 1.3559271469712257
  landing: 0.7658106163144112
  view-data: 3.3979930579662323
