times:
  edit-metadata: 1.412722870707512
  landing: 0.992640532553196
  view-data: 3.3339008055627346
