times:
  edit-metadata: 1.3830189034342766
  landing: 0.669454850256443
  view-data: 3.342397131025791
