times:
  edit-metadata: 1.3626264929771423
  landing: 0.752038411796093
  view-data: 3.4777133017778397
