times:
  edit-metadata: 1.2978075370192528
  landing: 0.7446427345275879
  view-data: 3.276501029729843
