times:
  edit-metadata: 1.4423440657556057
  landing: 0.7788733392953873
  view-data: 3.386520553380251
