times:
  edit-metadata: 1.5198334082961082
  landing: 0.8038449361920357
  view-data: 3.3362787440419197
