times:
  edit-metadata: 1.7560517750680447
  landing: 1.0300259590148926
  view-data: 3.3790597915649414
