times:
  edit-metadata: 1.3691912218928337
  landing: 0.8306712657213211
  view-data: 3.2870169579982758
