times:
  edit-metadata: 1.4016165025532246
  landing: 1.281695630401373
  view-data: 3.333219025284052
