times:
  edit-metadata: 1.4628561586141586
  landing: 0.8644057437777519
  view-data: 3.4644425064325333
