times:
  edit-metadata: 2.010125871747732
  landing: 1.0726626850664616
  view-data: 3.38943687453866
