times:
  edit-metadata: 1.574120670557022
  landing: 1.0335147306323051
  view-data: 3.6049449145793915
