times:
  edit-metadata: 1.4955364912748337
  landing: 0.8638337776064873
  view-data: 3.322849176824093
