times:
  edit-metadata: 1.366108313202858
  landing: 0.9571782797574997
  view-data: 3.4287815392017365
