times:
  edit-metadata: 1.684869673103094
  landing: 1.0537144392728806
  view-data: 3.3564391918480396
