times:
  edit-metadata: 1.3555124625563622
  landing: 0.9214105755090714
  view-data: 3.2933249659836292
