times:
  edit-metadata: 1.4155967757105827
  landing: 0.7627968564629555
  view-data: 3.3504431918263435
