times:
  edit-metadata: 1.551083743572235
  landing: 0.8821918293833733
  view-data: 3.461029015481472
