times:
  edit-metadata: 1.6714274771511555
  landing: 0.784315437078476
  view-data: 3.334131233394146
