times:
  edit-metadata: 2.729480631649494
  landing: 1.6346996128559113
  view-data: 3.750492312014103
