times:
  edit-metadata: 1.6427429467439651
  landing: 1.0735047981142998
  view-data: 3.298996441066265
