times:
  edit-metadata: 1.4928642623126507
  landing: 0.7518010884523392
  view-data: 3.325020134449005
