times:
  edit-metadata: 1.9902289062738419
  landing: 1.2127564325928688
  view-data: 3.30153352022171
