times:
  edit-metadata: 1.415054328739643
  landing: 0.8666059672832489
  view-data: 3.406550243496895
