times:
  edit-metadata: 1.5595194287598133
  landing: 0.9123308546841145
  view-data: 3.618899006396532
