times:
  edit-metadata: 1.6067563518881798
  landing: 0.926160641014576
  view-data: 3.601364593952894
