times:
  edit-metadata: 1.212545283138752
  landing: 0.7611562758684158
  view-data: 3.5021988824009895
