times:
  edit-metadata: 1.7876805514097214
  landing: 1.2416368052363396
  view-data: 3.3824226930737495
