times:
  edit-metadata: 1.428199753165245
  landing: 0.7783438935875893
  view-data: 3.3854899778962135
