times:
  edit-metadata: 1.553990576416254
  landing: 0.8513113558292389
  view-data: 3.3368077389895916
