times:
  edit-metadata: 1.2784359976649284
  landing: 0.8563719764351845
  view-data: 3.4773503690958023
