times:
  edit-metadata: 1.5290348455309868
  landing: 0.8067289665341377
  view-data: 3.388328269124031
