times:
  edit-metadata: 1.6539981067180634
  landing: 0.8812038488686085
  view-data: 3.3156887143850327
