times:
  edit-metadata: 1.436127446591854
  landing: 0.813222773373127
  view-data: 3.459187261760235
