times:
  edit-metadata: 1.4850240275263786
  landing: 0.9070178642868996
  view-data: 3.537278711795807
