times:
  edit-metadata: 1.3962696269154549
  landing: 0.7726972848176956
  view-data: 3.55053623765707
