times:
  edit-metadata: 1.4371936284005642
  landing: 0.7928141318261623
  view-data: 3.344837874174118
