times:
  edit-metadata: 1.4313781633973122
  landing: 0.8842783346772194
  view-data: 3.3471370190382004
