times:
  edit-metadata: 1.4267460405826569
  landing: 0.9339958094060421
  view-data: 3.2786596715450287
