times:
  edit-metadata: 1.5441455990076065
  landing: 0.9561860114336014
  view-data: 3.2922145798802376
