times:
  edit-metadata: 1.3527452200651169
  landing: 0.804300531744957
  view-data: 3.5682096108794212
