times:
  edit-metadata: 2.0134914368391037
  landing: 1.387906476855278
  view-data: 3.3840536549687386
