times:
  edit-metadata: 1.6234889924526215
  landing: 1.0808688960969448
  view-data: 3.3212559670209885
