times:
  edit-metadata: 1.5642354786396027
  landing: 0.8517453968524933
  view-data: 3.6766474060714245
