times:
  edit-metadata: 2.4721188098192215
  landing: 1.7884137891232967
  view-data: 3.5532434582710266
