times:
  edit-metadata: 1.5379146039485931
  landing: 0.814057745039463
  view-data: 3.3320499882102013
