times:
  edit-metadata: 1.5352463945746422
  landing: 0.7259481176733971
  view-data: 3.437645696103573
