times:
  edit-metadata: 1.3645110614597797
  landing: 0.9288375563919544
  view-data: 3.4340680837631226
