times:
  edit-metadata: 1.5160334631800652
  landing: 1.0653012245893478
  view-data: 3.302784211933613
