times:
  edit-metadata: 1.5341140255331993
  landing: 0.8132051527500153
  view-data: 3.597617231309414
