times:
  edit-metadata: 1.4066290371119976
  landing: 0.796668816357851
  view-data: 3.2940575294196606
