times:
  edit-metadata: 1.3664373233914375
  landing: 0.8156764209270477
  view-data: 3.649488613009453
