times:
  edit-metadata: 1.3698261007666588
  landing: 0.7694057002663612
  view-data: 3.597940616309643
