times:
  edit-metadata: 1.506765466183424
  landing: 0.972855482250452
  view-data: 3.3683711998164654
