times:
  edit-metadata: 1.362069495022297
  landing: 0.8840105980634689
  view-data: 3.5006313621997833
