times:
  edit-metadata: 1.5906859003007412
  landing: 0.9854685999453068
  view-data: 3.303904887288809
