times:
  edit-metadata: 2.208806999027729
  landing: 1.3103138282895088
  view-data: 3.6951529383659363
