times:
  edit-metadata: 1.426068440079689
  landing: 0.7927595302462578
  view-data: 3.5030550584197044
