times:
  edit-metadata: 1.3803508915007114
  landing: 0.8230363503098488
  view-data: 3.3121209628880024
