times:
  edit-metadata: 1.716171883046627
  landing: 0.938147209584713
  view-data: 3.486545614898205
