times:
  edit-metadata: 1.4537720531225204
  landing: 0.7565126344561577
  view-data: 3.5024130642414093
