times:
  edit-metadata: 1.4340968802571297
  landing: 0.8093433156609535
  view-data: 3.5267064422369003
