times:
  edit-metadata: 1.9789905399084091
  landing: 0.9063027054071426
  view-data: 3.8432459086179733
