times:
  edit-metadata: 1.5098035708069801
  landing: 0.7920937016606331
  view-data: 3.5395918488502502
