times:
  edit-metadata: 1.4296766072511673
  landing: 0.8519926480948925
  view-data: 3.3600280955433846
