times:
  edit-metadata: 1.5188640803098679
  landing: 0.888589084148407
  view-data: 3.348145142197609
