times:
  edit-metadata: 1.3894522041082382
  landing: 0.7644267976284027
  view-data: 3.530219666659832
