times:
  edit-metadata: 1.47666734457016
  landing: 0.8907578065991402
  view-data: 3.426327705383301
