times:
  edit-metadata: 1.5155925750732422
  landing: 0.8607337027788162
  view-data: 3.5609820187091827
