times:
  edit-metadata: 1.6711329221725464
  landing: 0.9227543324232101
  view-data: 3.335017576813698
