times:
  edit-metadata: 1.6387987025082111
  landing: 0.9819448813796043
  view-data: 3.346666418015957
