times:
  edit-metadata: 1.7661191001534462
  landing: 0.8658376559615135
  view-data: 3.618171453475952
