times:
  edit-metadata: 1.4605503156781197
  landing: 0.9404141418635845
  view-data: 3.33826757222414
