times:
  edit-metadata: 1.3635839596390724
  landing: 0.7758234366774559
  view-data: 3.5263058096170425
