times:
  edit-metadata: 1.4629730507731438
  landing: 0.8181585073471069
  view-data: 3.600520968437195
