times:
  edit-metadata: 1.3911464288830757
  landing: 0.7920581921935081
  view-data: 3.5387205630540848
