times:
  edit-metadata: 1.415733851492405
  landing: 0.8059530630707741
  view-data: 3.385982796549797
