times:
  edit-metadata: 1.45245710760355
  landing: 0.8576025888323784
  view-data: 3.323152896016836
