times:
  edit-metadata: 1.458434410393238
  landing: 0.8392811045050621
  view-data: 3.419359117746353
