times:
  edit-metadata: 1.3890585750341415
  landing: 0.8444474712014198
  view-data: 0.7049293145537376
