times:
  edit-metadata: 1.3742363080382347
  landing: 0.8679731786251068
  view-data: 3.3763034716248512
