times:
  edit-metadata: 1.738789465278387
  landing: 1.0141650140285492
  view-data: 3.310087088495493
