times:
  edit-metadata: 1.5293789431452751
  landing: 0.8258230537176132
  view-data: 3.4037993252277374
