times:
  edit-metadata: 1.4799945130944252
  landing: 1.0640759617090225
  view-data: 3.6944866999983788
