times:
  edit-metadata: 1.4789071343839169
  landing: 1.128461316227913
  view-data: 3.285409014672041
