times:
  edit-metadata: 1.4736864566802979
  landing: 0.8852649256587029
  view-data: 3.2918196320533752
