times:
  edit-metadata: 2.102077580988407
  landing: 1.2772695794701576
  view-data: 3.4790796265006065
