times:
  edit-metadata: 1.4717828966677189
  landing: 0.8021733425557613
  view-data: 3.262497216463089
