times:
  edit-metadata: 1.5751439705491066
  landing: 0.8430794700980186
  view-data: 3.470415562391281
