times:
  edit-metadata: 1.4084069728851318
  landing: 0.9216000959277153
  view-data: 3.342247672379017
