times:
  edit-metadata: 1.4757135473191738
  landing: 0.8241305202245712
  view-data: 3.342855241149664
