times:
  edit-metadata: 1.976559828966856
  landing: 1.370448250323534
  view-data: 3.534783486276865
