times:
  edit-metadata: 1.5569292232394218
  landing: 0.8104323670268059
  view-data: 3.439399503171444
