times:
  edit-metadata: 1.4743808433413506
  landing: 0.735810324549675
  view-data: 3.3697327822446823
