times:
  edit-metadata: 1.4225687682628632
  landing: 0.7834188863635063
  view-data: 3.53796099871397
