times:
  edit-metadata: 1.4972231909632683
  landing: 0.7523527145385742
  view-data: 3.518129363656044
