times:
  edit-metadata: 1.4107449278235435
  landing: 0.8186173588037491
  view-data: 3.4659187719225883
