times:
  edit-metadata: 1.4190447181463242
  landing: 0.8246666416525841
  view-data: 3.482148841023445
