times:
  edit-metadata: 1.486042745411396
  landing: 0.8542011976242065
  view-data: 3.270464140921831
