times:
  edit-metadata: 1.4892961829900742
  landing: 0.9494004249572754
  view-data: 3.3219607770442963
