times:
  edit-metadata: 1.4483014345169067
  landing: 0.798347644507885
  view-data: 3.32694398984313
