times:
  edit-metadata: 1.525208555161953
  landing: 1.0076294280588627
  view-data: 3.370400585234165
