times:
  edit-metadata: 2.014732964336872
  landing: 1.4682800248265266
  view-data: 3.365426227450371
