times:
  edit-metadata: 1.3608247227966785
  landing: 0.9002023786306381
  view-data: 3.3196315206587315
