times:
  edit-metadata: 1.4592621251940727
  landing: 0.8665760308504105
  view-data: 3.2968261316418648
