times:
  edit-metadata: 1.4099021404981613
  landing: 0.7732068970799446
  view-data: 3.492162086069584
