times:
  edit-metadata: 1.3837922923266888
  landing: 0.8511807098984718
  view-data: 3.589016664773226
