times:
  edit-metadata: 1.4686023145914078
  landing: 0.8327533677220345
  view-data: 3.348936602473259
