times:
  edit-metadata: 1.592103771865368
  landing: 1.1753129363059998
  view-data: 3.3312100991606712
