times:
  edit-metadata: 2.2224545553326607
  landing: 1.2107928022742271
  view-data: 3.5805716663599014
