times:
  edit-metadata: 1.5079552046954632
  landing: 0.8209935203194618
  view-data: 3.5844015181064606
