times:
  edit-metadata: 1.4392220452427864
  landing: 0.7462807521224022
  view-data: 3.4625163599848747
