times:
  edit-metadata: 1.4477882981300354
  landing: 0.8381468802690506
  view-data: 3.3784999325871468
