times:
  edit-metadata: 1.454248622059822
  landing: 0.9845896437764168
  view-data: 3.3742172196507454
