times:
  edit-metadata: 1.4414594024419785
  landing: 0.7772979885339737
  view-data: 3.535917967557907
