times:
  edit-metadata: 2.393113896250725
  landing: 1.6445067450404167
  view-data: 3.4404036700725555
