times:
  edit-metadata: 1.4757734164595604
  landing: 0.9858052432537079
  view-data: 3.604669287800789
