times:
  edit-metadata: 1.9554327577352524
  landing: 1.2610853761434555
  view-data: 3.2672688215970993
