times:
  edit-metadata: 1.4557744562625885
  landing: 0.914701871573925
  view-data: 3.500695124268532
