times:
  edit-metadata: 1.4557447358965874
  landing: 0.8030867576599121
  view-data: 3.4663477540016174
