times:
  edit-metadata: 1.6205077655613422
  landing: 1.1011262983083725
  view-data: 3.348984155803919
