times:
  edit-metadata: 1.3841749243438244
  landing: 0.8779702298343182
  view-data: 3.3126047663390636
