times:
  edit-metadata: 1.388420008122921
  landing: 0.965394202619791
  view-data: 3.3802144676446915
