times:
  edit-metadata: 1.7806233540177345
  landing: 0.9717860445380211
  view-data: 3.347231850028038
