times:
  edit-metadata: 1.3602745160460472
  landing: 0.7424781024456024
  view-data: 3.502270743250847
