times:
  edit-metadata: 1.5213104784488678
  landing: 0.8474243953824043
  view-data: 3.4958837926387787
