times:
  edit-metadata: 1.4523289129137993
  landing: 0.8163134083151817
  view-data: 3.2889593094587326
