times:
  edit-metadata: 1.4959249421954155
  landing: 0.8078311905264854
  view-data: 3.4571894481778145
