times:
  edit-metadata: 1.4490498155355453
  landing: 0.8107957392930984
  view-data: 3.3880647718906403
