times:
  edit-metadata: 1.4914269894361496
  landing: 0.8520466387271881
  view-data: 3.3024234920740128
