times:
  edit-metadata: 2.2040802761912346
  landing: 1.2325851991772652
  view-data: 3.428805932402611
