times:
  edit-metadata: 1.4384372308850288
  landing: 0.7378946095705032
  view-data: 3.440317526459694
