times:
  edit-metadata: 1.5183775499463081
  landing: 0.7851347848773003
  view-data: 3.420150250196457
