times:
  edit-metadata: 1.2959567233920097
  landing: 0.7480815276503563
  view-data: 3.5090172961354256
