times:
  edit-metadata: 1.454260066151619
  landing: 0.7169961333274841
  view-data: 3.52690502256155
