times:
  edit-metadata: 1.5424483567476273
  landing: 0.8823428452014923
  view-data: 3.536384828388691
