times:
  edit-metadata: 1.4737344533205032
  landing: 0.8610698208212852
  view-data: 3.301711916923523
