times:
  edit-metadata: 1.546478994190693
  landing: 0.7807938903570175
  view-data: 3.3189276605844498
