times:
  edit-metadata: 1.3801016211509705
  landing: 0.807493306696415
  view-data: 3.4532710015773773
