times:
  edit-metadata: 1.4773445948958397
  landing: 0.8643656447529793
  view-data: 3.538452200591564
