times:
  edit-metadata: 1.438946507871151
  landing: 0.7904743477702141
  view-data: 3.5059262812137604
