times:
  edit-metadata: 1.3988181054592133
  landing: 0.73943892121315
  view-data: 3.46989456564188
