times:
  edit-metadata: 1.447885312139988
  landing: 0.8240681141614914
  view-data: 3.482929155230522
