times:
  edit-metadata: 1.4633266925811768
  landing: 0.8189589604735374
  view-data: 3.4818051159381866
