times:
  edit-metadata: 1.448527306318283
  landing: 0.8772924914956093
  view-data: 3.497388668358326
