times:
  edit-metadata: 1.3620768561959267
  landing: 0.8370120376348495
  view-data: 3.3829290866851807
