times:
  edit-metadata: 1.4301143661141396
  landing: 0.7143594101071358
  view-data: 3.3250619024038315
