times:
  edit-metadata: 1.5487025529146194
  landing: 0.8010473027825356
  view-data: 3.3531746938824654
