times:
  edit-metadata: 1.721281312406063
  landing: 1.0087674409151077
  view-data: 3.500040926039219
