times:
  edit-metadata: 1.4125218391418457
  landing: 0.7379747778177261
  view-data: 3.4642797335982323
