times:
  edit-metadata: 1.4184338226914406
  landing: 0.8080585822463036
  view-data: 3.3498320132493973
