times:
  edit-metadata: 1.3446665331721306
  landing: 0.7497880384325981
  view-data: 3.4455022513866425
