times:
  edit-metadata: 1.383617788553238
  landing: 0.7199006080627441
  view-data: 3.4141823798418045
