times:
  edit-metadata: 1.4106549695134163
  landing: 0.763456329703331
  view-data: 3.275583490729332
