times:
  edit-metadata: 2.3102728500962257
  landing: 1.2809081450104713
  view-data: 3.4499144181609154
