times:
  edit-metadata: 1.4590271562337875
  landing: 0.688295528292656
  view-data: 3.3974636048078537
