times:
  edit-metadata: 1.3557231798768044
  landing: 0.8337545245885849
  view-data: 3.4274429827928543
