times:
  edit-metadata: 1.504076562821865
  landing: 0.7049841731786728
  view-data: 3.4806892052292824
