times:
  edit-metadata: 1.4960386008024216
  landing: 0.7534497529268265
  view-data: 3.4348887503147125
