times:
  edit-metadata: 1.4773686230182648
  landing: 0.7675975188612938
  view-data: 3.530393071472645
