times:
  edit-metadata: 1.4338789284229279
  landing: 0.7448567599058151
  view-data: 3.390763260424137
