times:
  edit-metadata: 1.7430727928876877
  landing: 1.2099135518074036
  view-data: 3.4473186880350113
