times:
  edit-metadata: 1.385404460132122
  landing: 0.7313245013356209
  view-data: 3.498747766017914
