times:
  edit-metadata: 1.4248996451497078
  landing: 0.8310325220227242
  view-data: 3.5379868522286415
