times:
  edit-metadata: 1.3945137336850166
  landing: 0.7490458264946938
  view-data: 3.5204338654875755
