times:
  edit-metadata: 1.4428069218993187
  landing: 0.8015374839305878
  view-data: 3.3438563123345375
