times:
  edit-metadata: 1.4288178086280823
  landing: 0.7085475996136665
  view-data: 3.3772179037332535
