times:
  edit-metadata: 1.4299396723508835
  landing: 0.785507820546627
  view-data: 3.4737043902277946
