times:
  edit-metadata: 1.398386687040329
  landing: 0.7337906211614609
  view-data: 3.483090363442898
