times:
  edit-metadata: 1.9566594511270523
  landing: 1.0737715512514114
  view-data: 3.39647313952446
