times:
  edit-metadata: 1.5432080328464508
  landing: 0.9091243594884872
  view-data: 3.3486335650086403
