times:
  edit-metadata: 1.3808183819055557
  landing: 0.9107402861118317
  view-data: 3.557591252028942
