times:
  edit-metadata: 1.5442287996411324
  landing: 0.8104565963149071
  view-data: 3.386598713696003
