times:
  edit-metadata: 1.41568261384964
  landing: 0.7435764297842979
  view-data: 3.5107757970690727
