times:
  edit-metadata: 1.3718633726239204
  landing: 0.6798596084117889
  view-data: 3.449117861688137
