times:
  edit-metadata: 2.690044015645981
  landing: 0.9437216818332672
  view-data: 3.294638007879257
