times:
  edit-metadata: 1.3926923125982285
  landing: 0.7275990769267082
  view-data: 3.4651226848363876
