times:
  edit-metadata: 1.3463626727461815
  landing: 0.7588591873645782
  view-data: 3.2701278552412987
