times:
  edit-metadata: 1.4458306804299355
  landing: 0.7034602835774422
  view-data: 4.002280466258526
