times:
  edit-metadata: 3.3872555270791054
  landing: 2.060986079275608
  view-data: 4.073459453880787
