times:
  edit-metadata: 1.5530327782034874
  landing: 0.7720790728926659
  view-data: 3.336022362112999
