times:
  edit-metadata: 1.4155596420168877
  landing: 0.872348964214325
  view-data: 3.3545464649796486
