times:
  edit-metadata: 1.4881109669804573
  landing: 0.7943547666072845
  view-data: 3.4976369813084602
