times:
  edit-metadata: 1.3987667188048363
  landing: 0.8401535972952843
  view-data: 3.367643281817436
