times:
  edit-metadata: 1.7277035936713219
  landing: 0.8695840016007423
  view-data: 3.507118597626686
