times:
  edit-metadata: 1.548288032412529
  landing: 0.7558801844716072
  view-data: 3.516859717667103
