times:
  edit-metadata: 1.6086115464568138
  landing: 1.0193531960248947
  view-data: 3.6653124764561653
