times:
  edit-metadata: 1.3526194542646408
  landing: 0.8504966199398041
  view-data: 3.4985542371869087
