times:
  edit-metadata: 1.4101236090064049
  landing: 0.7292064875364304
  view-data: 3.4779145643115044
