times:
  edit-metadata: 1.395534634590149
  landing: 0.7562645375728607
  view-data: 3.4606120735406876
