times:
  edit-metadata: 1.470220610499382
  landing: 0.8191247209906578
  view-data: 3.4186007156968117
