times:
  edit-metadata: 1.4835025370121002
  landing: 0.8205211758613586
  view-data: 3.3651676774024963
