times:
  edit-metadata: 1.4836126118898392
  landing: 0.889468677341938
  view-data: 3.5118364095687866
