times:
  edit-metadata: 1.466118536889553
  landing: 0.6953302770853043
  view-data: 3.421105019748211
