times:
  edit-metadata: 1.4577325135469437
  landing: 0.7681282237172127
  view-data: 3.4654805809259415
