times:
  edit-metadata: 1.4546294137835503
  landing: 0.7161798477172852
  view-data: 3.3499123230576515
