times:
  edit-metadata: 1.463465727865696
  landing: 0.7632261589169502
  view-data: 3.4450516030192375
