times:
  edit-metadata: 1.5194532945752144
  landing: 0.7384481802582741
  view-data: 3.4421767219901085
