times:
  edit-metadata: 1.775849126279354
  landing: 1.1751581579446793
  view-data: 3.863425202667713
