times:
  edit-metadata: 1.3812259137630463
  landing: 0.829036220908165
  view-data: 3.5222724974155426
