times:
  edit-metadata: 1.4757252559065819
  landing: 0.9220428243279457
  view-data: 3.406075417995453
