times:
  edit-metadata: 1.3143071085214615
  landing: 0.7781548872590065
  view-data: 3.459214724600315
