times:
  edit-metadata: 1.5710953027009964
  landing: 0.8928585797548294
  view-data: 3.4767100512981415
