times:
  edit-metadata: 1.4311518669128418
  landing: 0.9770538210868835
  view-data: 3.6175098419189453
