times:
  edit-metadata: 1.458657056093216
  landing: 0.7512898296117783
  view-data: 3.498262830078602
