times:
  edit-metadata: 1.481163114309311
  landing: 0.7496351674199104
  view-data: 3.462534099817276
