times:
  edit-metadata: 1.4363634437322617
  landing: 0.7350931465625763
  view-data: 3.5331974402070045
