times:
  edit-metadata: 1.4902881979942322
  landing: 0.8143210113048553
  view-data: 3.4193308874964714
