times:
  edit-metadata: 1.0744460597634315
  landing: 0.7801379412412643
  view-data: 3.4400366693735123
