times:
  edit-metadata: 1.4325548484921455
  landing: 0.7390015423297882
  view-data: 3.526821404695511
