times:
  edit-metadata: 1.4940839931368828
  landing: 1.0420398563146591
  view-data: 3.3596115186810493
