times:
  edit-metadata: 1.419948771595955
  landing: 0.8313573971390724
  view-data: 3.436518222093582
