times:
  edit-metadata: 1.3338724970817566
  landing: 0.7631220147013664
  view-data: 3.4632960706949234
