times:
  edit-metadata: 1.4481206461787224
  landing: 0.9080964848399162
  view-data: 3.5430863946676254
