times:
  edit-metadata: 1.3774071857333183
  landing: 0.8073860630393028
  view-data: 3.407182052731514
