times:
  edit-metadata: 1.401864692568779
  landing: 0.7384844347834587
  view-data: 3.4030936136841774
