times:
  edit-metadata: 1.5528543069958687
  landing: 0.8974919468164444
  view-data: 3.3622378446161747
