times:
  edit-metadata: 1.366153709590435
  landing: 0.7179696410894394
  view-data: 3.3707076385617256
