times:
  edit-metadata: 1.2560926526784897
  landing: 0.8944223001599312
  view-data: 3.6118950247764587
