times:
  edit-metadata: 1.4262114092707634
  landing: 0.8236981481313705
  view-data: 3.301076255738735
