times:
  edit-metadata: 1.418982557952404
  landing: 0.8585765957832336
  view-data: 3.5238835141062737
