times:
  edit-metadata: 1.3503022566437721
  landing: 0.7603656649589539
  view-data: 3.506062760949135
