times:
  edit-metadata: 1.6247945725917816
  landing: 0.8807873129844666
  view-data: 3.3634640350937843
