times:
  edit-metadata: 1.3601556792855263
  landing: 0.7328333631157875
  view-data: 3.34483540058136
