times:
  edit-metadata: 1.4582574144005775
  landing: 0.7548715248703957
  view-data: 3.4840829893946648
