times:
  edit-metadata: 1.3988846316933632
  landing: 0.7988981083035469
  view-data: 3.4499942511320114
