times:
  edit-metadata: 1.4205050691962242
  landing: 0.7314523309469223
  view-data: 3.3890775442123413
