times:
  edit-metadata: 1.4259593114256859
  landing: 0.8060896694660187
  view-data: 3.467200890183449
