times:
  edit-metadata: 1.5258094146847725
  landing: 4.8395829647779465
  view-data: 3.401078850030899
