times:
  edit-metadata: 1.5716733671724796
  landing: 0.7711360417306423
  view-data: 3.388095799833536
