times:
  edit-metadata: 1.63003895804286
  landing: 0.9846219122409821
  view-data: 3.332948736846447
