times:
  edit-metadata: 1.608126848936081
  landing: 1.1037851125001907
  view-data: 3.4401155076920986
