times:
  edit-metadata: 1.4870125278830528
  landing: 0.8174993470311165
  view-data: 3.4118033051490784
