times:
  edit-metadata: 1.5562791898846626
  landing: 1.0458571799099445
  view-data: 3.373698804527521
