times:
  edit-metadata: 1.3696681708097458
  landing: 0.7581700012087822
  view-data: 3.2883804738521576
