times:
  edit-metadata: 1.3713041134178638
  landing: 0.8867567144334316
  view-data: 3.380396079272032
