times:
  edit-metadata: 1.4022533297538757
  landing: 0.9995541013777256
  view-data: 3.709104847162962
