times:
  edit-metadata: 1.5583614371716976
  landing: 0.7959295250475407
  view-data: 3.390207666903734
