times:
  edit-metadata: 1.657584685832262
  landing: 1.1102912873029709
  view-data: 3.3848336413502693
