times:
  edit-metadata: 1.3538363203406334
  landing: 0.9014224223792553
  view-data: 3.3269446901977062
