times:
  edit-metadata: 1.4409732483327389
  landing: 2.4610255248844624
  view-data: 3.8444369472563267
