times:
  edit-metadata: 1.462890800088644
  landing: 0.9027390852570534
  view-data: 3.3665797896683216
