times:
  edit-metadata: 1.3566452488303185
  landing: 0.8244840651750565
  view-data: 3.3708962723612785
