times:
  edit-metadata: 1.5089729689061642
  landing: 0.8439464345574379
  view-data: 3.450016926974058
