times:
  edit-metadata: 1.496569275856018
  landing: 0.9888195134699345
  view-data: 3.5672837905585766
