times:
  edit-metadata: 1.5828153640031815
  landing: 0.9681003093719482
  view-data: 3.356983210891485
