times:
  edit-metadata: 1.638322677463293
  landing: 1.0922455601394176
  view-data: 3.395577885210514
