times:
  edit-metadata: 1.7251701913774014
  landing: 1.0116023123264313
  view-data: 3.356750976294279
