times:
  edit-metadata: 1.382705144584179
  landing: 0.7450786083936691
  view-data: 3.3154690228402615
