times:
  edit-metadata: 1.568570539355278
  landing: 0.8606536611914635
  view-data: 3.271019894629717
