times:
  edit-metadata: 1.516583800315857
  landing: 0.9101402908563614
  view-data: 3.3634504601359367
