times:
  edit-metadata: 1.2072104290127754
  landing: 0.8656187057495117
  view-data: 3.5879416093230247
