times:
  edit-metadata: 2.094284936785698
  landing: 1.1490363217890263
  view-data: 3.609374973922968
