times:
  edit-metadata: 1.4390020407736301
  landing: 0.8921908922493458
  view-data: 3.3352695517241955
