times:
  edit-metadata: 5.591375883668661
  landing: 2.466904144734144
  view-data: 4.08739647269249
