times:
  edit-metadata: 1.471308458596468
  landing: 1.0371100306510925
  view-data: 3.3837162405252457
