times:
  edit-metadata: 1.5201614201068878
  landing: 1.023936204612255
  view-data: 3.3944552578032017
