times:
  edit-metadata: 1.3376468159258366
  landing: 0.7585919164121151
  view-data: 3.3704188242554665
