times:
  edit-metadata: 1.5018610917031765
  landing: 0.6757354587316513
  view-data: 3.3316489048302174
