times:
  edit-metadata: 1.5770271122455597
  landing: 1.0575730614364147
  view-data: 3.32029290124774
