times:
  edit-metadata: 1.5810283459722996
  landing: 0.9886720031499863
  view-data: 3.41846751794219
