times:
  edit-metadata: 1.5494955889880657
  landing: 0.830675758421421
  view-data: 3.385920189321041
