times:
  edit-metadata: 1.383657343685627
  landing: 0.8461308106780052
  view-data: 3.3139711283147335
