times:
  edit-metadata: 2.3431051336228848
  landing: 1.2101781964302063
  view-data: 3.6577809751033783
