times:
  edit-metadata: 1.5387040823698044
  landing: 0.8951202780008316
  view-data: 3.3238861486315727
