times:
  edit-metadata: 1.3226849548518658
  landing: 0.7892998531460762
  view-data: 3.2989876568317413
