times:
  edit-metadata: 1.5028322413563728
  landing: 0.9968682639300823
  view-data: 3.3211268223822117
