times:
  edit-metadata: 2.7734476812183857
  landing: 1.5114773251116276
  view-data: 3.4512491449713707
