times:
  edit-metadata: 1.3909455500543118
  landing: 0.8448402136564255
  view-data: 3.313943028450012
