times:
  edit-metadata: 1.6760285794734955
  landing: 1.02142883092165
  view-data: 3.3659804314374924
