times:
  edit-metadata: 1.5245516151189804
  landing: 0.8433451540768147
  view-data: 3.3112202249467373
