times:
  edit-metadata: 1.5267178378999233
  landing: 0.80791787058115
  view-data: 3.31995901837945
