times:
  edit-metadata: 1.3286674693226814
  landing: 0.9134496934711933
  view-data: 3.3712621182203293
