times:
  edit-metadata: 1.3683266155421734
  landing: 0.8679009191691875
  view-data: 3.3069931231439114
