times:
  edit-metadata: 1.5548023544251919
  landing: 1.0197382792830467
  view-data: 3.3819449804723263
