times:
  edit-metadata: 1.3806200847029686
  landing: 0.6362895220518112
  view-data: 3.308919046074152
