times:
  edit-metadata: 1.6056846529245377
  landing: 0.9683070443570614
  view-data: 3.31427726149559
