times:
  edit-metadata: 1.770395416766405
  landing: 1.0568451695144176
  view-data: 3.3461343869566917
