times:
  edit-metadata: 1.677311021834612
  landing: 0.9712185673415661
  view-data: 3.377514448016882
