times:
  edit-metadata: 1.449337288737297
  landing: 0.9176991283893585
  view-data: 3.3875184059143066
