times:
  edit-metadata: 1.6009643338620663
  landing: 0.9924228750169277
  view-data: 3.513637874275446
