times:
  edit-metadata: 1.416723906993866
  landing: 0.8721639029681683
  view-data: 3.3414069786667824
