times:
  edit-metadata: 1.4680936969816685
  landing: 0.9247773997485638
  view-data: 3.358570747077465
