times:
  edit-metadata: 2.323700971901417
  landing: 1.3691264167428017
  view-data: 3.4726145155727863
