times:
  edit-metadata: 1.8463695161044598
  landing: 1.3294710367918015
  view-data: 3.445829290896654
