times:
  edit-metadata: 1.5224498473107815
  landing: 1.053846102207899
  view-data: 3.5018590427935123
