times:
  edit-metadata: 1.5842060707509518
  landing: 0.8346086330711842
  view-data: 3.334210567176342
