times:
  edit-metadata: 1.5872721374034882
  landing: 1.2214937917888165
  view-data: 3.361559547483921
