times:
  edit-metadata: 2.1502238661050797
  landing: 1.3361482955515385
  view-data: 3.283646248281002
