times:
  edit-metadata: 1.43037398904562
  landing: 0.7617512792348862
  view-data: 3.40781057626009
