times:
  edit-metadata: 1.4990093670785427
  landing: 0.7183780930936337
  view-data: 3.370901510119438
