times:
  edit-metadata: 1.3690819293260574
  landing: 0.8183068409562111
  view-data: 3.3641239441931248
