times:
  edit-metadata: 1.5731238313019276
  landing: 2.7153387181460857
  view-data: 3.345704607665539
