times:
  edit-metadata: 2.2369938492774963
  landing: 1.2447235248982906
  view-data: 3.3491843082010746
