times:
  edit-metadata: 1.3956268317997456
  landing: 0.9034584984183311
  view-data: 3.361936718225479
