times:
  edit-metadata: 1.4763340018689632
  landing: 0.7835190519690514
  view-data: 3.3407031409442425
