times:
  edit-metadata: 1.4863015338778496
  landing: 0.8824401795864105
  view-data: 3.3628031462430954
