times:
  edit-metadata: 1.3630254454910755
  landing: 0.8909151181578636
  view-data: 3.4016874469816685
