times:
  edit-metadata: 1.5187631398439407
  landing: 0.8003991395235062
  view-data: 3.425604075193405
