times:
  edit-metadata: 1.8068117089569569
  landing: 1.0445844642817974
  view-data: 3.409668266773224
