times:
  edit-metadata: 1.543556872755289
  landing: 0.9811651147902012
  view-data: 3.4418178871273994
