times:
  edit-metadata: 1.4002161845564842
  landing: 0.9015469066798687
  view-data: 3.3668259382247925
