times:
  edit-metadata: 1.4312579967081547
  landing: 0.984991580247879
  view-data: 3.319585684686899
