times:
  edit-metadata: 1.42369170114398
  landing: 0.8141432777047157
  view-data: 3.4174085035920143
