times:
  edit-metadata: 1.3845023810863495
  landing: 0.8407203778624535
  view-data: 3.4365986362099648
