times:
  edit-metadata: 1.483872827142477
  landing: 0.8860006891191006
  view-data: 3.3690287843346596
