times:
  edit-metadata: 1.4572484567761421
  landing: 0.9780591540038586
  view-data: 3.341083824634552
