times:
  edit-metadata: 1.4618233479559422
  landing: 0.6762570701539516
  view-data: 3.282484997063875
