times:
  edit-metadata: 1.4145715199410915
  landing: 0.9561180956661701
  view-data: 3.286609284579754
