times:
  edit-metadata: 1.5358423702418804
  landing: 1.083919145166874
  view-data: 3.3694313503801823
