times:
  edit-metadata: 1.5803638249635696
  landing: 0.9842922352254391
  view-data: 3.3757671304047108
