times:
  edit-metadata: 1.9568392597138882
  landing: 1.1515216827392578
  view-data: 3.5254561454057693
