times:
  edit-metadata: 1.6287617087364197
  landing: 1.1028563156723976
  view-data: 3.4566453509032726
