times:
  edit-metadata: 1.6853048577904701
  landing: 1.0328049324452877
  view-data: 3.4234717711806297
