times:
  edit-metadata: 1.343463245779276
  landing: 0.8370631113648415
  view-data: 3.359776608645916
