times:
  edit-metadata: 1.454631183296442
  landing: 0.819846611469984
  view-data: 3.430853620171547
