times:
  edit-metadata: 1.4640591107308865
  landing: 0.7658235989511013
  view-data: 3.3212632536888123
