times:
  edit-metadata: 1.712828140705824
  landing: 1.0951447263360023
  view-data: 3.355967454612255
