times:
  edit-metadata: 2.155804205685854
  landing: 1.7129269614815712
  view-data: 3.9316465370357037
