times:
  edit-metadata: 1.4216802828013897
  landing: 0.7879210971295834
  view-data: 3.5846244655549526
