times:
  edit-metadata: 1.5958228968083858
  landing: 0.9764721430838108
  view-data: 3.460764490067959
