times:
  edit-metadata: 1.3449411801993847
  landing: 0.7902416996657848
  view-data: 3.3200998418033123
