times:
  edit-metadata: 2.4602604024112225
  landing: 1.2887157276272774
  view-data: 3.650289822369814
