times:
  edit-metadata: 1.9955141879618168
  landing: 1.2809454761445522
  view-data: 3.8028182350099087
