times:
  edit-metadata: 3.1620281599462032
  landing: 1.481492631137371
  view-data: 4.205035280436277
