times:
  edit-metadata: 1.6136603876948357
  landing: 1.0351197235286236
  view-data: 3.4088358841836452
