times:
  edit-metadata: 0.5162757619982585
  landing: 0.11359662300674245
  view-data: 0.2192417670157738
