times:
  edit-metadata: 0.5988077570218593
  landing: 0.04892758303321898
  view-data: 0.1884470721706748
