times:
  edit-metadata: 0.6692399252206087
  landing: 0.5960469096899033
  view-data: 0.6258891578763723
