times:
  edit-metadata: 0.431685539893806
  landing: 0.05065269023180008
  view-data: 0.20932075660675764
