times:
  edit-metadata: 1.6953345276415348
  landing: 0.8589366991072893
  view-data: 3.4572155214846134
