times:
  edit-metadata: 0.5292025282979012
  landing: 0.045267204754054546
  view-data: 0.20834462670609355
