times:
  edit-metadata: 1.5458072163164616
  landing: 0.858557689934969
  view-data: 3.5596351884305477
