times:
  edit-metadata: 0.5803861226886511
  landing: 0.5749610457569361
  view-data: 0.18753073178231716
