times:
  edit-metadata: 1.256173967383802
  landing: 0.02241975162178278
  view-data: 0.10285844560712576
