times:
  edit-metadata: 1.710446808487177
  landing: 1.0262518301606178
  view-data: 3.5188539549708366
