times:
  edit-metadata: 1.3290385212749243
  landing: 0.02010288368910551
  view-data: 0.12357915379106998
