times:
  edit-metadata: 0.43679918302223086
  landing: 0.04819264402613044
  view-data: 0.21267769113183022
