times:
  edit-metadata: 0.5210092699853703
  landing: 0.06265127193182707
  view-data: 0.2161780019523576
