times:
  edit-metadata: 1.5873035138938576
  landing: 0.8132338130380958
  view-data: 3.449291070923209
