times:
  landing: 0.5492876170000045
  view-data: 0.5551952200000301
