times:
  edit-metadata: 0.5598267875611782
  landing: 0.051031552255153656
  view-data: 0.19549067504703999
