times:
  landing: 0.5542238460000135
  view-data: 0.5498927470000581
