times:
  edit-metadata: 1.70371347758919
  landing: 0.018436938524246216
  view-data: 0.023708421736955643
