times:
  edit-metadata: 1.2988412724807858
  landing: 0.020714418962597847
  view-data: 0.026475022546947002
