times:
  edit-metadata: 1.4826764902099967
  landing: 0.7537869028747082
  view-data: 3.3561831256374717
