times:
  edit-metadata: 0.6098970510065556
  landing: 0.6638982370495796
  view-data: 0.21462808549404144
