times:
  edit-metadata: 1.2915675891563296
  landing: 0.02003471739590168
  view-data: 0.02698580641299486
