times:
  edit-metadata: 1.5198614094406366
  landing: 0.7679646275937557
  view-data: 3.4561536256223917
