times:
  edit-metadata: 1.8133503813296556
  landing: 0.15804843232035637
  view-data: 0.6441252548247576
