times:
  edit-metadata: 0.5045603350736201
  landing: 0.05015895189717412
  view-data: 0.197800078894943
