times:
  edit-metadata: 0.4386014840565622
  landing: 0.06914161005988717
  view-data: 0.20315535785630345
