times:
  edit-metadata: 1.3285836642608047
  landing: 0.14377399999648333
  view-data: 0.09898975491523743
