times:
  edit-metadata: 1.4268191040027887
  landing: 0.8898344829212874
  view-data: 3.3348283690866083
