times:
  edit-metadata: 0.5321890134364367
  landing: 0.5677052717655897
  view-data: 0.18719335086643696
