times:
  edit-metadata: 0.5108860302716494
  landing: 0.06270199827849865
  view-data: 0.21355475764721632
