times:
  landing: 0.5502219349999677
  view-data: 0.5585329019999108
