times:
  edit-metadata: 1.5569533295929432
  landing: 0.9102743752300739
  view-data: 3.4514376260340214
