times:
  landing: 0.5391539049999778
  view-data: 0.5458029789999728
