times:
  edit-metadata: 1.3454230949282646
  landing: 0.022494778968393803
  view-data: 0.12588837556540966
