times:
  edit-metadata: 0.5114694158546627
  landing: 0.05452237976714969
  view-data: 0.19459326332435012
