times:
  edit-metadata: 0.4299925281666219
  landing: 0.07841025805100799
  view-data: 0.24191962322220206
