times:
  edit-metadata: 1.3932004310190678
  landing: 0.8817204684019089
  view-data: 3.3572466112673283
