times:
  landing: 0.5542021219999924
  view-data: 0.558406849999983
