times:
  edit-metadata: 0.43791726185008883
  landing: 0.0664592501707375
  view-data: 0.21600439492613077
