times:
  edit-metadata: 0.4969993904232979
  landing: 0.5692771654576063
  view-data: 0.5889300927519798
