times:
  edit-metadata: 0.5933706869836897
  landing: 0.040429977991152555
  view-data: 0.1975738120090682
