times:
  edit-metadata: 1.5827777162194252
  landing: 0.25552918016910553
  view-data: 0.34610991552472115
