times:
  edit-metadata: 1.4417506195604801
  landing: 0.6520944740623236
  view-data: 3.3123349864035845
