times:
  edit-metadata: 1.826805491000414
  landing: 0.9392560087144375
  view-data: 3.4001667015254498
