times:
  edit-metadata: 0.5426670368760824
  landing: 0.5648676045238972
  view-data: 0.18347301334142685
