times:
  landing: 0.5546474810000177
  view-data: 0.5625869859999852
