times:
  edit-metadata: 1.7516256086528301
  landing: 0.9759160429239273
  view-data: 3.3584644235670567
