times:
  landing: 0.5581785699999955
  view-data: 0.56615273999995
