times:
  edit-metadata: 1.5677631478756666
  landing: 0.8052719477564096
  view-data: 3.4452521316707134
