times:
  landing: 0.5523036179999963
  view-data: 0.5568078409999657
