times:
  landing: 1.7390091938432306
  view-data: 0.03256483585573733
