times:
  edit-metadata: 1.5800077710300684
  landing: 0.813820568844676
  view-data: 3.4140513110905886
