times:
  edit-metadata: 1.355853327549994
  landing: 0.01818191073834896
  view-data: 0.02737201377749443
