times:
  edit-metadata: 0.42087905295193195
  landing: 0.03808856988325715
  view-data: 0.19245566288009286
