times:
  landing: 1.1639157030000433
  view-data: 0.5595009360000063
