times:
  edit-metadata: 1.2744847098365426
  landing: 0.02040265593677759
  view-data: 0.02345521841198206
