times:
  landing: 0.5537835399999835
  view-data: 0.5591351659999759
