times:
  edit-metadata: 0.4396680269856006
  landing: 0.06347459717653692
  view-data: 0.204577820841223
