times:
  landing: 0.5446754140000394
  view-data: 0.5586639240000295
