times:
  landing: 0.557170517999964
  view-data: 0.554842783999959
