times:
  edit-metadata: 1.5015674158930779
  landing: 0.6830731369554996
  view-data: 3.2576062083244324
