times:
  edit-metadata: 0.5034144520759583
  landing: 0.0457281768321991
  view-data: 0.20019439980387688
