times:
  edit-metadata: 0.5287695527076721
  landing: 0.04731804504990578
  view-data: 0.19140877202153206
