times:
  landing: 0.550731466000002
  view-data: 0.5505555560000062
