times:
  landing: 1.0980353809999315
  view-data: 0.5521746629999598
