times:
  edit-metadata: 0.5892394669353962
  landing: 0.719344224780798
  view-data: 0.27972142957150936
