times:
  edit-metadata: 1.4504694431088865
  landing: 0.7151166219264269
  view-data: 3.3671804210171103
