times:
  edit-metadata: 0.5187885537743568
  landing: 0.05484640225768089
  view-data: 0.18867580592632294
