times:
  edit-metadata: 1.4960940380115062
  landing: 0.8231958970427513
  view-data: 3.361773925833404
