times:
  edit-metadata: 0.48410843778401613
  landing: 0.04705057479441166
  view-data: 0.1988594583235681
