times:
  edit-metadata: 0.5111842043697834
  landing: 0.05034063383936882
  view-data: 0.19204150512814522
