times:
  landing: 1.0694616170000018
  view-data: 0.5515057209999839
