times:
  edit-metadata: 0.42570544918999076
  landing: 0.07068715803325176
  view-data: 0.20995199121534824
