times:
  edit-metadata: 1.5931339859962463
  landing: 0.8707816936075687
  view-data: 3.364796716719866
