times:
  edit-metadata: 1.4682167246937752
  landing: 0.9868032746016979
  view-data: 3.322717536240816
