times:
  landing: 0.5435528980000015
  view-data: 0.5472427699999969
