times:
  edit-metadata: 1.4559908378869295
  landing: 0.7774335090070963
  view-data: 3.4166405061259866
