times:
  edit-metadata: 1.6533950716257095
  landing: 0.7949099987745285
  view-data: 3.4614083413034678
