times:
  edit-metadata: 1.3427933044731617
  landing: 0.019176810048520565
  view-data: 0.13097399659454823
