times:
  edit-metadata: 1.5203586127609015
  landing: 0.6942791640758514
  view-data: 3.3292342089116573
