times:
  edit-metadata: 1.289428312331438
  landing: 0.019236904568970203
  view-data: 0.0241598691791296
