times:
  edit-metadata: 1.442118089646101
  landing: 0.9268245473504066
  view-data: 3.3663256019353867
