times:
  edit-metadata: 1.2861800072714686
  landing: 0.11619947664439678
  view-data: 0.3012436740100384
