times:
  edit-metadata: 1.5314063914120197
  landing: 0.7411055266857147
  view-data: 0.6788908336311579
