times:
  edit-metadata: 1.5171534530818462
  landing: 0.7226695977151394
  view-data: 3.4389609172940254
