times:
  edit-metadata: 0.5373314879834652
  landing: 2.1733239460736513
  view-data: 1.6812078356742859
