times:
  edit-metadata: 1.4739621821790934
  landing: 0.817530713044107
  view-data: 0.6398766869679093
