times:
  edit-metadata: 1.434567604213953
  landing: 0.0214123222976923
  view-data: 0.3492229897528887
