times:
  edit-metadata: 0.4230338279157877
  landing: 0.07029449986293912
  view-data: 0.23361180792562664
