times:
  edit-metadata: 0.6039734818041325
  landing: 0.7604473065584898
  view-data: 0.29853240959346294
