times:
  edit-metadata: 0.6202421430498362
  landing: 1.6958690155297518
  view-data: 0.6305972635746002
