times:
  edit-metadata: 0.5957721129525453
  landing: 0.043332137051038444
  view-data: 0.19504363799933344
