times:
  edit-metadata: 1.3674971349537373
  landing: 0.01999770663678646
  view-data: 0.316851606592536
