times:
  edit-metadata: 1.3446390246972442
  landing: 0.020005428232252598
  view-data: 0.4093105932697654
