times:
  landing: 0.5504079800000454
  view-data: 0.5540793910000161
