times:
  edit-metadata: 0.6511699040129315
  landing: 0.0460383289901074
  view-data: 0.1995515689777676
