times:
  edit-metadata: 0.5263790525496006
  landing: 0.5049466621130705
  view-data: 0.19141348637640476
