times:
  edit-metadata: 1.4062169790267944
  landing: 0.7983809150755405
  view-data: 3.3043216206133366
