times:
  edit-metadata: 0.503603883087635
  landing: 0.642157532274723
  view-data: 0.32022474333643913
