times:
  edit-metadata: 1.5928217731416225
  landing: 0.7590570040047169
  view-data: 3.3549305833876133
