times:
  edit-metadata: 1.3632889445871115
  landing: 0.7130086738616228
  view-data: 3.305597184225917
