times:
  edit-metadata: 0.6606212600599974
  landing: 0.07848726399242878
  view-data: 0.20034737489186227
