times:
  edit-metadata: 1.335188552737236
  landing: 0.9126007249578834
  view-data: 3.284575249068439
