times:
  landing: 0.5592081730000018
  view-data: 0.5554228109999997
