times:
  edit-metadata: 1.3889419017359614
  landing: 0.0206792326644063
  view-data: 0.5427137790247798
