times:
  edit-metadata: 1.5448832251131535
  landing: 1.096765898168087
  view-data: 3.357248466461897
