times:
  edit-metadata: 0.5493233948945999
  landing: 0.05131898075342178
  view-data: 0.1835319735109806
