times:
  edit-metadata: 1.602061990648508
  landing: 0.867397902533412
  view-data: 3.442148746922612
