times:
  landing: 0.5564952069999549
  view-data: 0.5571924120000062
