times:
  edit-metadata: 0.4288721430057194
  landing: 0.06859656301094219
  view-data: 0.19447210399084724
