times:
  edit-metadata: 1.468709448352456
  landing: 0.23483545519411564
  view-data: 0.35729449056088924
