times:
  landing: 1.077580499000021
  view-data: 0.5874299020000535
