times:
  edit-metadata: 0.6056950697675347
  landing: 0.053929842077195644
  view-data: 0.18513249699026346
