times:
  landing: 1.0747996990000388
  view-data: 0.5570743060000041
