times:
  edit-metadata: 0.5294791758060455
  landing: 0.047906991094350815
  view-data: 0.1912858970463276
