times:
  landing: 0.5558713009999678
  view-data: 0.5864099130000113
