times:
  edit-metadata: 0.6274320750962943
  landing: 0.10288097593002021
  view-data: 0.21356251393444836
