times:
  edit-metadata: 1.8109136251732707
  landing: 1.0774228954687715
  view-data: 3.550936823710799
