times:
  edit-metadata: 1.322514995932579
  landing: 0.022359403781592846
  view-data: 0.12488393113017082
