times:
  edit-metadata: 1.3083945950493217
  landing: 0.1321393083781004
  view-data: 0.02674441784620285
