times:
  edit-metadata: 0.5178999160416424
  landing: 0.05451996065676212
  view-data: 0.2003437359817326
