times:
  edit-metadata: 1.480515528935939
  landing: 0.7407779498025775
  view-data: 3.3726445762440562
