times:
  edit-metadata: 0.6073007700033486
  landing: 0.0414418641012162
  view-data: 0.18826382118277252
