times:
  edit-metadata: 1.4058735221624374
  landing: 0.15666552260518074
  view-data: 0.3391070254147053
