times:
  edit-metadata: 0.6009583435952663
  landing: 0.7445654030889273
  view-data: 0.22272958792746067
