times:
  edit-metadata: 0.6436513620428741
  landing: 0.04465082008391619
  view-data: 0.21247055334970355
