times:
  edit-metadata: 0.514949870062992
  landing: 0.06771134200971574
  view-data: 0.2150459559634328
