times:
  edit-metadata: 0.5021399911493063
  landing: 0.7715125903487206
  view-data: 0.30636710301041603
