times:
  edit-metadata: 0.42486488725990057
  landing: 0.04111134493723512
  view-data: 0.19770011166110635
