times:
  landing: 0.5701378979999845
  view-data: 0.5578026730000261
