times:
  edit-metadata: 0.513255774974823
  landing: 0.5363234374672174
  view-data: 0.2982326466590166
