times:
  edit-metadata: 1.6231349408626556
  landing: 0.932717889547348
  view-data: 3.328861828893423
