times:
  edit-metadata: 1.5504091307520866
  landing: 0.9818884693086147
  view-data: 3.415678061544895
