times:
  edit-metadata: 0.7380807518493384
  landing: 0.04652425600215793
  view-data: 0.2034984000492841
