times:
  landing: 0.5485346090000576
  view-data: 0.542885133000027
