times:
  edit-metadata: 1.7721302658319473
  landing: 0.9509777538478374
  view-data: 3.299312051385641
