times:
  edit-metadata: 1.4759333468973637
  landing: 0.7308010198175907
  view-data: 3.310981936752796
