times:
  edit-metadata: 0.5245407186448574
  landing: 0.05188047140836716
  view-data: 0.19257042184472084
