times:
  landing: 1.0717791920000082
  view-data: 0.558037238000054
