times:
  edit-metadata: 1.436600610613823
  landing: 0.8776615224778652
  view-data: 3.3373283483088017
