times:
  landing: 1.1092653210000094
  view-data: 0.5615940909999892
