times:
  edit-metadata: 1.515571054071188
  landing: 0.17943274974822998
  view-data: 0.34069242514669895
