times:
  edit-metadata: 0.6006884621456265
  landing: 0.041433088947087526
  view-data: 0.1936753080226481
