times:
  edit-metadata: 1.3135598748922348
  landing: 0.018021946772933006
  view-data: 0.1931093828752637
