times:
  edit-metadata: 1.5567445773631334
  landing: 0.6925694011151791
  view-data: 3.346215156838298
