times:
  landing: 0.5563650020000068
  view-data: 0.558188413000039
