times:
  edit-metadata: 0.5402634292840958
  landing: 2.457323471084237
  view-data: 0.4125921502709389
