times:
  landing: 0.559850971000003
  view-data: 0.5574812909999878
