times:
  edit-metadata: 0.42331499606370926
  landing: 0.06895579502452165
  view-data: 0.20613736100494862
