times:
  edit-metadata: 1.5456469170749187
  landing: 0.7461202926933765
  view-data: 3.4241806268692017
