times:
  edit-metadata: 1.8530915305018425
  landing: 0.8221941031515598
  view-data: 3.363177627325058
