times:
  edit-metadata: 1.3296366073191166
  landing: 0.8843654729425907
  view-data: 3.3186688236892223
