times:
  edit-metadata: 0.44106250908225775
  landing: 0.06801674189046025
  view-data: 0.20606326591223478
