times:
  edit-metadata: 0.5057404739782214
  landing: 0.050438651349395514
  view-data: 0.20407665008679032
