times:
  edit-metadata: 2.33831500262022
  landing: 1.0236130096018314
  view-data: 3.5029378794133663
