times:
  edit-metadata: 1.740256406366825
  landing: 0.8233247362077236
  view-data: 3.3926560562103987
