times:
  landing: 0.554016334000039
  view-data: 0.5562639790000503
