times:
  edit-metadata: 1.2433765772730112
  landing: 0.019283683970570564
  view-data: 0.027437441982328892
