times:
  landing: 0.5580372300000249
  view-data: 0.5597362259999841
