times:
  edit-metadata: 0.42354127508588135
  landing: 0.06643931102007627
  view-data: 0.21154017001390457
