times:
  edit-metadata: 0.6539465159876272
  landing: 0.05260165093932301
  view-data: 0.19819659204222262
