times:
  edit-metadata: 1.5494820959866047
  landing: 0.7877402734011412
  view-data: 3.421460358425975
