times:
  edit-metadata: 1.4897483196109533
  landing: 0.8600009172223508
  view-data: 3.3495801999233663
