times:
  edit-metadata: 1.7686336059123278
  landing: 0.15666434355080128
  view-data: 0.35726553574204445
