times:
  edit-metadata: 0.7711774029303342
  landing: 0.05679339496418834
  view-data: 0.2015273158904165
