times:
  edit-metadata: 0.5042929351329803
  landing: 0.6292705796658993
  view-data: 0.21617715246975422
