times:
  edit-metadata: 0.4371826318092644
  landing: 0.0679929843172431
  view-data: 0.20613994169980288
