times:
  landing: 0.5539947789999928
  view-data: 0.05157246800001758
