times:
  edit-metadata: 0.4143989151343703
  landing: 0.04081414733082056
  view-data: 0.20433220639824867
