times:
  landing: 0.5498813540000356
  view-data: 0.5533378020000441
