times:
  edit-metadata: 1.5336401760578156
  landing: 0.7643526457250118
  view-data: 3.418417416512966
