times:
  edit-metadata: 0.5423176437616348
  landing: 1.2986705917865038
  view-data: 0.4069664478302002
