times:
  edit-metadata: 0.5141060780733824
  landing: 0.046330735087394714
  view-data: 0.19795062020421028
