times:
  edit-metadata: 1.4311637990176678
  landing: 0.021458115428686142
  view-data: 0.024291789159178734
