times:
  landing: 1.081549936999977
  view-data: 0.5597784049999746
