times:
  edit-metadata: 1.3232350153848529
  landing: 0.01964032370597124
  view-data: 0.025694137439131737
