times:
  edit-metadata: 1.6422075219452381
  landing: 0.888904869556427
  view-data: 3.3902196139097214
