times:
  edit-metadata: 1.3684863075613976
  landing: 0.02148241363465786
  view-data: 0.3258658107370138
