times:
  edit-metadata: 0.516511581838131
  landing: 1.25938143953681
  view-data: 0.5191640090197325
