times:
  landing: 0.5500609989999248
  view-data: 0.5655586129998937
