times:
  edit-metadata: 0.5024444470182061
  landing: 0.08011534623801708
  view-data: 0.20082273706793785
