times:
  edit-metadata: 1.3887642230838537
  landing: 0.1365211009979248
  view-data: 0.15075325593352318
