times:
  edit-metadata: 1.580959815531969
  landing: 0.8971186093986034
  view-data: 3.4057790338993073
