times:
  edit-metadata: 0.8680633441545069
  landing: 0.05346744600683451
  view-data: 0.18967262469232082
