times:
  edit-metadata: 0.650812113948632
  landing: 0.041655350010842085
  view-data: 0.19640308403177187
