times:
  edit-metadata: 1.4840109813958406
  landing: 0.7814434478059411
  view-data: 3.415572850033641
