times:
  edit-metadata: 1.6600661873817444
  landing: 0.9376162700355053
  view-data: 3.4078128822147846
