times:
  edit-metadata: 0.7578658210113645
  landing: 0.07968891924247146
  view-data: 0.3024514429271221
