times:
  edit-metadata: 1.447750410065055
  landing: 0.020197255536913872
  view-data: 0.12214812636375427
