times:
  edit-metadata: 1.580719230696559
  landing: 0.841441610828042
  view-data: 3.4843135718256235
