times:
  edit-metadata: 1.694313883781433
  landing: 0.816193163394928
  view-data: 3.425684619694948
