times:
  edit-metadata: 0.6371794950100593
  landing: 0.04301642096834257
  view-data: 0.20378356700530276
