times:
  edit-metadata: 0.4237823789007962
  landing: 0.04266154393553734
  view-data: 0.2080303616821766
