times:
  edit-metadata: 1.276342859491706
  landing: 0.021488960832357407
  view-data: 0.11513817589730024
