times:
  edit-metadata: 0.43176374677568674
  landing: 0.07240088516846299
  view-data: 0.20516638131812215
