times:
  edit-metadata: 0.5678283609449863
  landing: 0.057928700000047684
  view-data: 0.19530296325683594
