times:
  landing: 1.074883863000025
  view-data: 0.5635815589999993
