times:
  edit-metadata: 0.42855169309768826
  landing: 0.06174601800739765
  view-data: 0.20327988208737224
