times:
  edit-metadata: 1.3492022547870874
  landing: 0.020847288891673088
  view-data: 0.026587504893541336
