times:
  edit-metadata: 0.4273811518214643
  landing: 0.04548923019319773
  view-data: 0.19081155490130186
