times:
  edit-metadata: 0.5167583089933032
  landing: 0.07760827400488779
  view-data: 0.22786337599973194
