times:
  edit-metadata: 0.562215069308877
  landing: 0.5708300340920687
  view-data: 0.6004252918064594
