times:
  edit-metadata: 1.2838230859488249
  landing: 0.020513253286480904
  view-data: 0.23848739080131054
