times:
  edit-metadata: 0.5446330960839987
  landing: 0.5658318996429443
  view-data: 0.1890016831457615
