times:
  edit-metadata: 0.5451036938466132
  landing: 0.0473077823407948
  view-data: 0.3351223091594875
