times:
  edit-metadata: 1.3125561624765396
  landing: 0.026159903034567833
  view-data: 0.12688761204481125
