times:
  edit-metadata: 0.6024308119667694
  landing: 0.05498645803891122
  view-data: 0.1802724819863215
