times:
  edit-metadata: 0.4988520508632064
  landing: 0.0722713777795434
  view-data: 0.2145541664212942
