times:
  edit-metadata: 0.41793940402567387
  landing: 0.040330990217626095
  view-data: 0.18546087201684713
