times:
  edit-metadata: 0.4226715450640768
  landing: 0.07895974116399884
  view-data: 0.20760242803953588
