times:
  landing: 2.164967589000014
  view-data: 0.5840223460000402
