times:
  edit-metadata: 1.6012331093661487
  landing: 0.8424331080168486
  view-data: 3.43728642212227
