times:
  edit-metadata: 1.1881645240355283
  landing: 0.08061758801341057
  view-data: 0.22558991704136133
