times:
  landing: 1.0742627980000066
  view-data: 0.5540194140000381
