times:
  edit-metadata: 0.6495184954255819
  landing: 1.042236179113388
  view-data: 0.1995465401560068
