times:
  edit-metadata: 1.429271763190627
  landing: 0.1211369875818491
  view-data: 0.024399355053901672
