times:
  edit-metadata: 1.2843565326184034
  landing: 0.018396956846117973
  view-data: 0.4263528436422348
