times:
  edit-metadata: 1.3404717352241278
  landing: 0.17446603067219257
  view-data: 0.15662819519639015
