times:
  edit-metadata: 0.4273407473228872
  landing: 0.047209721989929676
  view-data: 0.202361682895571
