times:
  edit-metadata: 0.42789820674806833
  landing: 0.04561926145106554
  view-data: 0.19435473438352346
