times:
  landing: 0.5757946389999233
  view-data: 0.5578408490000584
