times:
  edit-metadata: 0.49971260223537683
  landing: 0.05273915082216263
  view-data: 0.19698967412114143
