times:
  edit-metadata: 0.503360852599144
  landing: 0.051324695348739624
  view-data: 0.1943129114806652
