times:
  edit-metadata: 0.6235717090021353
  landing: 0.053740432995255105
  view-data: 0.19642861500324216
