times:
  edit-metadata: 1.5374523270875216
  landing: 0.7238375172019005
  view-data: 3.397898742929101
