times:
  edit-metadata: 0.433712832047604
  landing: 0.06823776802048087
  view-data: 0.20667282096110284
