times:
  edit-metadata: 0.6032971418462694
  landing: 0.04195741889998317
  view-data: 0.1964103551581502
