times:
  edit-metadata: 0.5147142540663481
  landing: 0.5437088944017887
  view-data: 0.19965414330363274
