times:
  landing: 0.5603438289999758
  view-data: 0.5609765340000195
