times:
  edit-metadata: 1.6569260489195585
  landing: 0.44112223014235497
  view-data: 0.32595961913466454
