times:
  edit-metadata: 0.5496689551509917
  landing: 0.051730397157371044
  view-data: 0.27151425927877426
