times:
  edit-metadata: 0.5304746218025684
  landing: 0.05348197743296623
  view-data: 0.193126130849123
