times:
  edit-metadata: 0.6394575469894335
  landing: 0.04226216801907867
  view-data: 0.1985541500034742
