times:
  edit-metadata: 1.485017005354166
  landing: 0.9144206717610359
  view-data: 3.3914132714271545
