times:
  landing: 0.5489818930000183
  view-data: 0.5500129380000089
