times:
  edit-metadata: 1.2690546782687306
  landing: 0.020123782567679882
  view-data: 0.02630157768726349
