times:
  edit-metadata: 0.9181552780000857
  landing: 0.1290755260001788
  view-data: 0.2692370469999332
