times:
  edit-metadata: 0.5022394789848477
  landing: 0.0707243219949305
  view-data: 0.2105913059785962
