times:
  edit-metadata: 1.6232477948069572
  landing: 0.8941730465739965
  view-data: 3.411694588139653
