times:
  landing: 1.0863037929999564
  view-data: 0.5649236559999622
