times:
  edit-metadata: 1.3625487126410007
  landing: 0.8345643654465675
  view-data: 3.3254696801304817
