times:
  edit-metadata: 1.2991525456309319
  landing: 0.11000068485736847
  view-data: 0.027652598917484283
