times:
  edit-metadata: 1.2957787038758397
  landing: 0.020036330446600914
  view-data: 0.1220062030479312
