times:
  edit-metadata: 1.5434754099696875
  landing: 0.1318048406392336
  view-data: 0.6280341930687428
