times:
  edit-metadata: 0.7629948980174959
  landing: 0.09513416117988527
  view-data: 0.2426392261404544
