times:
  edit-metadata: 1.7199164479970932
  landing: 0.8598582781851292
  view-data: 3.359805203974247
