times:
  edit-metadata: 0.4323633499443531
  landing: 0.05220877006649971
  view-data: 0.19392902590334415
