times:
  edit-metadata: 1.2778233774006367
  landing: 0.18990434519946575
  view-data: 0.025740728713572025
