times:
  edit-metadata: 0.5168412280036137
  landing: 0.06682384095620364
  view-data: 0.2301489399978891
