times:
  edit-metadata: 0.45101821195567027
  landing: 0.07299680798314512
  view-data: 0.1987698269658722
