times:
  edit-metadata: 3.4161036238074303
  landing: 2.3103528693318367
  view-data: 3.803611386567354
