times:
  edit-metadata: 1.540517397224903
  landing: 0.7974392399191856
  view-data: 3.4242006670683622
