times:
  edit-metadata: 0.42764449771493673
  landing: 0.041191330179572105
  view-data: 0.20734207052737474
