times:
  edit-metadata: 1.523669796064496
  landing: 0.7506406921893358
  view-data: 3.38360477052629
