times:
  edit-metadata: 0.6146817218977958
  landing: 0.05574465007521212
  view-data: 0.18938692985102534
