times:
  landing: 0.5564607249999654
  view-data: 0.5643082360000449
