times:
  edit-metadata: 1.293325879611075
  landing: 0.020787812769412994
  view-data: 0.026271047070622444
