times:
  edit-metadata: 0.6521212959778495
  landing: 0.04733531200326979
  view-data: 0.19134433200815693
