times:
  edit-metadata: 1.3857537098228931
  landing: 0.6608079932630062
  view-data: 3.3209223356097937
