times:
  landing: 0.549133346000076
  view-data: 0.5604389549999951
