times:
  edit-metadata: 0.43423024998628534
  landing: 0.06997271600994281
  view-data: 0.20859293499961495
