times:
  edit-metadata: 1.8623296529985964
  landing: 0.996523620095104
  view-data: 3.4656189559027553
