times:
  edit-metadata: 0.5541526898741722
  landing: 2.711226088926196
  view-data: 0.9865004625171423
