times:
  edit-metadata: 1.5210602227598429
  landing: 0.8305684803053737
  view-data: 3.3669354347512126
