times:
  edit-metadata: 1.3539074519649148
  landing: 0.018420551903545856
  view-data: 0.027917551808059216
