times:
  edit-metadata: 1.4019405683502555
  landing: 0.2091912142932415
  view-data: 0.21783656347543
