times:
  edit-metadata: 1.2924773516133428
  landing: 0.020828504115343094
  view-data: 0.13239961862564087
