times:
  landing: 1.5955130410000038
  view-data: 0.5626595150000071
