times:
  edit-metadata: 1.597018826752901
  landing: 0.7892267554998398
  view-data: 3.4361506290733814
