times:
  edit-metadata: 1.4991495907306671
  landing: 0.7346878908574581
  view-data: 3.4291894640773535
