times:
  landing: 0.5499095000000125
  view-data: 0.5531886589999999
