times:
  edit-metadata: 0.5232995823025703
  landing: 0.04263107478618622
  view-data: 0.19411827996373177
