times:
  edit-metadata: 1.483448944054544
  landing: 0.7331070993095636
  view-data: 3.3407484516501427
