times:
  landing: 1.074917642999992
  view-data: 0.5602900879999879
