times:
  edit-metadata: 0.5613382868468761
  landing: 0.05024078115820885
  view-data: 0.19509591162204742
