times:
  landing: 0.5566703309999639
  view-data: 0.04978559699998186
