times:
  landing: 0.5567974569999876
  view-data: 0.5574400640000192
