times:
  edit-metadata: 1.547757312655449
  landing: 0.8527797143906355
  view-data: 3.319093443453312
