times:
  landing: 1.0595484850000219
  view-data: 0.5440738949999968
