times:
  edit-metadata: 0.44769041799008846
  landing: 0.04124000808224082
  view-data: 0.20674284314736724
