times:
  edit-metadata: 1.3459548465907574
  landing: 0.021580125205218792
  view-data: 0.023699192330241203
