times:
  edit-metadata: 1.6454267309745774
  landing: 0.29754290299024433
  view-data: 0.3022423309739679
