times:
  edit-metadata: 0.42279524682089686
  landing: 0.043555947951972485
  view-data: 0.18926778994500637
