times:
  edit-metadata: 0.5914453039877117
  landing: 0.048651156947016716
  view-data: 0.18130456423386931
