times:
  edit-metadata: 1.3580001713708043
  landing: 0.1208457937464118
  view-data: 0.38324552588164806
