times:
  edit-metadata: 0.5489284601062536
  landing: 0.7790764048695564
  view-data: 0.19347027875483036
