times:
  edit-metadata: 1.3125477926805615
  landing: 0.17563309986144304
  view-data: 0.4808133440092206
