times:
  edit-metadata: 0.5258879158645868
  landing: 1.1062746308743954
  view-data: 0.598393926396966
