times:
  edit-metadata: 0.5969530479051173
  landing: 0.04193104989826679
  view-data: 0.19516030000522733
