times:
  edit-metadata: 1.2891216212883592
  landing: 0.021420997567474842
  view-data: 0.13395203463733196
