times:
  edit-metadata: 1.3050589561462402
  landing: 0.12012305203825235
  view-data: 0.026640132069587708
