times:
  landing: 0.5435370099999659
  view-data: 0.5471701619999862
