times:
  landing: 0.5530145039999752
  view-data: 0.08672308500001691
