times:
  edit-metadata: 0.4295356818474829
  landing: 0.06682177213951945
  view-data: 0.21828294801525772
