times:
  edit-metadata: 0.48259169049561024
  landing: 1.6866679470986128
  view-data: 0.5875133853405714
