times:
  edit-metadata: 0.5143072288483381
  landing: 0.05352771282196045
  view-data: 0.19851279398426414
