times:
  edit-metadata: 0.5056679269996494
  landing: 0.06733411999994132
  view-data: 0.22792215600020427
