times:
  edit-metadata: 1.3882675198838115
  landing: 0.01950131356716156
  view-data: 0.30921967420727015
