times:
  edit-metadata: 1.6571595296263695
  landing: 0.9848429560661316
  view-data: 3.359196323901415
