times:
  edit-metadata: 1.2971120765432715
  landing: 0.7378835240378976
  view-data: 3.3542976789176464
