times:
  edit-metadata: 0.515062463004142
  landing: 0.04804120771586895
  view-data: 0.21317274402827024
