times:
  edit-metadata: 0.6297026940155774
  landing: 0.04098245594650507
  view-data: 0.18798626586794853
