times:
  edit-metadata: 1.5685673765838146
  landing: 0.9097595773637295
  view-data: 3.369210995733738
