times:
  edit-metadata: 0.43582684197463095
  landing: 0.06927097903098911
  view-data: 0.2321089970646426
