times:
  landing: 1.0743337989999873
  view-data: 0.5622047530000032
