times:
  edit-metadata: 1.30166953522712
  landing: 0.022864997386932373
  view-data: 0.12489395868033171
