times:
  edit-metadata: 1.4477555849589407
  landing: 0.6995648998999968
  view-data: 3.2719357470050454
