times:
  edit-metadata: 0.6417313099373132
  landing: 0.04914504406042397
  view-data: 0.19211390998680145
