times:
  landing: 1.065393228000005
  view-data: 0.5518108219999931
