times:
  edit-metadata: 1.390359627082944
  landing: 0.22938790917396545
  view-data: 0.02349722757935524
