times:
  edit-metadata: 1.4593830462545156
  landing: 0.7520700190216303
  view-data: 3.280889604240656
