times:
  edit-metadata: 0.5877922869985923
  landing: 0.10276017599971965
  view-data: 0.23480061200098135
