times:
  landing: 0.5498981079999794
  view-data: 0.553141571999987
