times:
  landing: 1.1057970989999717
  view-data: 0.5521986530000049
