times:
  edit-metadata: 1.2849959889426827
  landing: 0.01945713721215725
  view-data: 0.024797987192869186
