times:
  edit-metadata: 1.2933868682011962
  landing: 0.1419008243829012
  view-data: 0.027362171560525894
