times:
  edit-metadata: 0.4259434430859983
  landing: 0.06186397187411785
  view-data: 0.20949725713580847
