times:
  edit-metadata: 0.6095466888509691
  landing: 0.05596053460612893
  view-data: 0.17951794480904937
