times:
  edit-metadata: 1.619105901569128
  landing: 0.9145278334617615
  view-data: 3.4566658176481724
