times:
  edit-metadata: 0.445421829004772
  landing: 0.06914477900136262
  view-data: 0.20105453790165484
