times:
  edit-metadata: 1.3046433227136731
  landing: 0.14315970428287983
  view-data: 0.3709855731576681
