times:
  landing: 1.0799884940000766
  view-data: 0.5567680220000284
