times:
  edit-metadata: 0.44969748612493277
  landing: 0.04061462730169296
  view-data: 0.19985139463096857
