times:
  landing: 0.5514065460000097
  view-data: 0.5603394060000255
