times:
  edit-metadata: 1.9216754781082273
  landing: 1.1082577200140804
  view-data: 3.389183883089572
