times:
  edit-metadata: 1.3507916666567326
  landing: 0.019935524091124535
  view-data: 0.12671601586043835
