times:
  edit-metadata: 1.6786083802580833
  landing: 0.9324854798614979
  view-data: 3.422847978770733
