times:
  edit-metadata: 0.5235106386244297
  landing: 0.041595786809921265
  view-data: 0.1960311196744442
