times:
  landing: 0.5589231220000102
  view-data: 0.5594054219999975
