times:
  edit-metadata: 0.7958867200650275
  landing: 0.07884485414251685
  view-data: 0.21705572167411447
