times:
  edit-metadata: 1.3235981840407476
  landing: 0.816529453964904
  view-data: 3.337893618037924
