times:
  edit-metadata: 0.557673804461956
  landing: 0.5741915609687567
  view-data: 0.20604493468999863
