times:
  edit-metadata: 1.2966050086542964
  landing: 0.020284135825932026
  view-data: 0.028801054693758488
