times:
  edit-metadata: 1.5206679347902536
  landing: 0.05048744007945061
  view-data: 0.0283028744161129
