times:
  landing: 0.5496029480000004
  view-data: 0.5525553479999985
