times:
  edit-metadata: 0.41549374512396753
  landing: 0.061281117144972086
  view-data: 0.21046348987147212
