times:
  edit-metadata: 0.5901250510942191
  landing: 0.04353739507496357
  view-data: 0.18983278702944517
