times:
  edit-metadata: 0.5089274467900395
  landing: 0.07836401090025902
  view-data: 0.20081458380445838
