times:
  edit-metadata: 0.568105012178421
  landing: 0.05480887368321419
  view-data: 0.22314586117863655
