times:
  landing: 1.0655329180000308
  view-data: 0.5512561599999799
