times:
  edit-metadata: 0.5151148773729801
  landing: 0.04801413416862488
  view-data: 0.19942793995141983
