times:
  edit-metadata: 0.4501269869506359
  landing: 0.043342205695807934
  view-data: 0.20208495808765292
