times:
  edit-metadata: 2.1131411995738745
  landing: 1.160204315558076
  view-data: 3.462054345756769
