times:
  edit-metadata: 1.4770669059362262
  landing: 0.7436542690265924
  view-data: 3.4185191611759365
