times:
  edit-metadata: 1.5000569857656956
  landing: 0.20456096343696117
  view-data: 0.3630700036883354
