times:
  edit-metadata: 1.9822126273065805
  landing: 1.2629891838878393
  view-data: 3.4863071776926517
