times:
  edit-metadata: 1.5741267399862409
  landing: 0.9706799071282148
  view-data: 3.4159475257620215
