times:
  landing: 0.5579024680000089
  view-data: 0.05838698999997405
