times:
  edit-metadata: 1.5841998048126698
  landing: 0.8605333715677261
  view-data: 3.427886728197336
