times:
  edit-metadata: 1.5691442699171603
  landing: 0.7886254200711846
  view-data: 3.4077755068428814
