times:
  landing: 0.5581142519999958
  view-data: 0.5603509620000295
