times:
  edit-metadata: 1.6520711779594421
  landing: 0.025159853510558605
  view-data: 0.04609358962625265
