times:
  edit-metadata: 1.8309554420411587
  landing: 0.9373186640441418
  view-data: 3.3921747598797083
