times:
  landing: 0.5576175769999736
  view-data: 0.5636089779999907
