times:
  landing: 0.5492168069999934
  view-data: 0.5555595099999664
