times:
  edit-metadata: 1.307346299290657
  landing: 0.019715281203389168
  view-data: 0.02875121869146824
