times:
  edit-metadata: 0.6276858597993851
  landing: 0.823449244722724
  view-data: 0.2971757873892784
