times:
  edit-metadata: 1.4847271963953972
  landing: 0.8270977810025215
  view-data: 3.3482246808707714
