times:
  landing: 1.5931690840000101
  view-data: 0.5599349259999826
