times:
  edit-metadata: 0.4372856430709362
  landing: 0.06375761702656746
  view-data: 0.21139702294021845
