times:
  edit-metadata: 0.5412780847400427
  landing: 0.911839222535491
  view-data: 0.3117427285760641
