times:
  landing: 2.6234302209999782
  view-data: 0.5531459919999975
