times:
  edit-metadata: 0.44985256623476744
  landing: 0.04344554524868727
  view-data: 0.20002139825373888
