times:
  edit-metadata: 1.5995901972055435
  landing: 0.2565700188279152
  view-data: 0.3515663854777813
