times:
  edit-metadata: 0.47370520792901516
  landing: 0.5936641041189432
  view-data: 0.6073599588125944
