times:
  edit-metadata: 1.7638168968260288
  landing: 0.9043328538537025
  view-data: 3.4531540535390377
