times:
  edit-metadata: 1.3572260243818164
  landing: 0.12351654935628176
  view-data: 0.024954136461019516
