times:
  landing: 0.5510595799999862
  view-data: 0.05140534400001684
