times:
  edit-metadata: 0.5204196430022421
  landing: 0.0462786509997386
  view-data: 0.1947845030008466
