times:
  landing: 1.0760641530000044
  view-data: 0.5508439680000095
