times:
  edit-metadata: 1.5248146429657936
  landing: 0.74814593186602
  view-data: 3.4140836652368307
