times:
  edit-metadata: 1.2777059627696872
  landing: 0.021512373350560665
  view-data: 0.39576916955411434
