times:
  edit-metadata: 0.5716129522770643
  landing: 0.6215643156319857
  view-data: 0.19023426808416843
