times:
  edit-metadata: 1.565978303551674
  landing: 0.8418495953083038
  view-data: 3.37641391903162
