times:
  edit-metadata: 0.43542470782995224
  landing: 0.04306283965706825
  view-data: 0.21045668702572584
