times:
  edit-metadata: 0.5105808829976013
  landing: 0.07203731099434663
  view-data: 0.21174901800986845
