times:
  edit-metadata: 1.5117234848439693
  landing: 0.8324108310043812
  view-data: 3.32362012937665
