times:
  edit-metadata: 1.66950255446136
  landing: 0.37371655739843845
  view-data: 0.4017853457480669
