times:
  edit-metadata: 1.921773824840784
  landing: 1.1511347508057952
  view-data: 3.626590699888766
