times:
  landing: 0.5396302900000194
  view-data: 0.5472995839999726
