times:
  landing: 0.5559551469999917
  view-data: 0.05038773600000468
