times:
  edit-metadata: 1.5732133369892836
  landing: 0.7485262583941221
  view-data: 3.3059451524168253
