times:
  edit-metadata: 1.3411234179511666
  landing: 0.12515937071293592
  view-data: 0.02746568340808153
