times:
  edit-metadata: 0.6405376329785213
  landing: 0.04523181705735624
  view-data: 0.1904729719972238
