times:
  edit-metadata: 1.5472144410014153
  landing: 0.9026638902723789
  view-data: 3.4052329882979393
