times:
  edit-metadata: 0.45017637964338064
  landing: 0.04100567288696766
  view-data: 0.2018552701920271
