times:
  edit-metadata: 0.5791921879863366
  landing: 0.049792806967161596
  view-data: 0.1902750920271501
