times:
  landing: 0.544328385
  view-data: 0.5534261569999899
