times:
  edit-metadata: 1.3647792097181082
  landing: 0.12723619677126408
  view-data: 0.32295169308781624
