times:
  edit-metadata: 1.3657241482287645
  landing: 0.018573849461972713
  view-data: 0.02384547609835863
