times:
  edit-metadata: 1.28123299498111
  landing: 0.11701152101159096
  view-data: 0.4021036932244897
