times:
  edit-metadata: 1.3447855031117797
  landing: 0.7699914779514074
  view-data: 3.6907846592366695
