times:
  landing: 1.0711808639999845
  view-data: 0.5543663980000133
