times:
  landing: 1.0751425639999752
  view-data: 0.558995149999987
