times:
  edit-metadata: 1.5125626288354397
  landing: 0.7005996182560921
  view-data: 3.3208139576017857
