times:
  edit-metadata: 1.5359621904790401
  landing: 0.8742217924445868
  view-data: 3.3937872406095266
