times:
  edit-metadata: 1.4189168997108936
  landing: 0.02129260264337063
  view-data: 0.023179369047284126
