times:
  edit-metadata: 1.6007539443671703
  landing: 0.8250192254781723
  view-data: 3.436484683305025
