times:
  edit-metadata: 1.4610454812645912
  landing: 0.8325034230947495
  view-data: 3.2913450859487057
