times:
  edit-metadata: 1.404111210256815
  landing: 0.8511754050850868
  view-data: 3.2551797293126583
