times:
  edit-metadata: 0.5843614041805267
  landing: 0.4827892743051052
  view-data: 0.2043106947094202
