times:
  landing: 1.0744748120000054
  view-data: 0.5522044979999805
