times:
  edit-metadata: 2.3223347309976816
  landing: 1.660933787934482
  view-data: 3.6836501881480217
