times:
  edit-metadata: 1.3537066522985697
  landing: 0.020005302503705025
  view-data: 0.3131578844040632
