times:
  landing: 0.6269140159711242
  view-data: 0.5584495589137077
