times:
  edit-metadata: 0.5761500373482704
  landing: 0.4832393657416105
  view-data: 0.18610619939863682
