times:
  edit-metadata: 0.6537585570476949
  landing: 0.04259916301816702
  view-data: 0.1863220150116831
