times:
  edit-metadata: 0.5959511219989508
  landing: 0.05061948602087796
  view-data: 0.19583514891564846
