times:
  edit-metadata: 1.3319690376520157
  landing: 0.2156980186700821
  view-data: 0.314442778006196
