times:
  edit-metadata: 1.4027417842298746
  landing: 0.14275647699832916
  view-data: 0.32370578311383724
