times:
  landing: 0.5497554529999888
  view-data: 0.5555930209999929
