times:
  edit-metadata: 1.5274250395596027
  landing: 0.7404285427182913
  view-data: 3.3933842722326517
