times:
  landing: 0.5590480649999563
  view-data: 0.11204663699999173
