times:
  edit-metadata: 0.517915434204042
  landing: 0.04736413713544607
  view-data: 0.19461377058178186
