times:
  edit-metadata: 1.482533983886242
  landing: 0.7232263432815671
  view-data: 3.3893069429323077
