times:
  edit-metadata: 0.42291677091270685
  landing: 0.04311410430818796
  view-data: 0.19973427057266235
