times:
  edit-metadata: 0.6430012320051901
  landing: 0.042265555006451905
  view-data: 0.19526387000223622
