times:
  edit-metadata: 1.2940410412847996
  landing: 0.020518964156508446
  view-data: 0.02450813353061676
