times:
  edit-metadata: 1.6127844750881195
  landing: 0.9944907389581203
  view-data: 3.356790855526924
