times:
  edit-metadata: 1.646567397750914
  landing: 0.8225008728913963
  view-data: 3.4601842840202153
