times:
  edit-metadata: 0.5393129939911887
  landing: 0.07146948005538434
  view-data: 0.20931519800797105
