times:
  landing: 1.0710399550000034
  view-data: 0.55943858400002
