times:
  landing: 1.0807815430000005
  view-data: 0.5599649429999829
