times:
  landing: 0.5447943140000007
  view-data: 0.5556237179999926
