times:
  edit-metadata: 1.2544186236336827
  landing: 0.01944640465080738
  view-data: 0.024095299653708935
