times:
  edit-metadata: 1.2806717166677117
  landing: 0.018798209726810455
  view-data: 0.22439712285995483
