times:
  edit-metadata: 0.6110313270473853
  landing: 0.047805205918848515
  view-data: 0.19875943707302213
