times:
  landing: 1.0698736149997785
  view-data: 0.5631325599997581
