times:
  edit-metadata: 2.788572685793042
  landing: 0.330332538112998
  view-data: 0.39684199169278145
