times:
  edit-metadata: 0.7376233900431544
  landing: 0.08315523713827133
  view-data: 0.19145343895070255
