times:
  edit-metadata: 2.627802732400596
  landing: 1.4185022497549653
  view-data: 3.4923629835247993
