times:
  landing: 0.5527549419999787
  view-data: 0.5560540360000346
