times:
  edit-metadata: 1.2762277154251933
  landing: 0.019797082990407944
  view-data: 0.11933392472565174
