times:
  edit-metadata: 1.491912579163909
  landing: 1.0608348683454096
  view-data: 3.3103058678098023
