times:
  edit-metadata: 0.4223331359680742
  landing: 0.06377547001466155
  view-data: 0.21043499698862433
