times:
  edit-metadata: 0.567930418998003
  landing: 0.1312618530355394
  view-data: 0.22168906684964895
