times:
  edit-metadata: 0.5816957869101316
  landing: 0.058150504948571324
  view-data: 0.1908278779592365
