times:
  edit-metadata: 0.44662244711071253
  landing: 0.0720051359385252
  view-data: 0.21481400704942644
