times:
  edit-metadata: 0.42475193401332945
  landing: 0.06992506794631481
  view-data: 0.20465296495240182
