times:
  edit-metadata: 0.5390732884407043
  landing: 0.0507621131837368
  view-data: 0.19491372257471085
