times:
  edit-metadata: 1.4034913871437311
  landing: 0.0980472806841135
  view-data: 0.3793312758207321
