times:
  edit-metadata: 1.3106274046003819
  landing: 0.021340729668736458
  view-data: 0.022906675934791565
