times:
  landing: 1.0612920409998878
  view-data: 0.5486886930002584
