times:
  edit-metadata: 0.5610952600836754
  landing: 0.05166751891374588
  view-data: 0.20479637384414673
