times:
  edit-metadata: 1.2763417158275843
  landing: 0.02191143576055765
  view-data: 0.02623784076422453
