times:
  landing: 0.5521875130000069
  view-data: 0.5594743740000183
