times:
  landing: 0.5525709100000995
  view-data: 0.5606287189999648
