times:
  landing: 0.5502308730000038
  view-data: 0.5513113389999944
