times:
  edit-metadata: 0.784875973011367
  landing: 0.07678437302820385
  view-data: 0.25225093797780573
