times:
  edit-metadata: 0.43048630887642503
  landing: 0.060271010268479586
  view-data: 0.19058958534151316
