times:
  edit-metadata: 0.6596053058747202
  landing: 0.07982499990612268
  view-data: 0.19333745702169836
