times:
  landing: 1.0678994580000563
  view-data: 0.5546073699999852
