times:
  edit-metadata: 0.6286291069991421
  landing: 0.04443405999336392
  view-data: 0.2123901519807987
