times:
  edit-metadata: 1.3821953143924475
  landing: 0.7266531642526388
  view-data: 3.331505298614502
