times:
  edit-metadata: 0.5156116440193728
  landing: 0.06895111093763262
  view-data: 0.21421000105328858
