times:
  edit-metadata: 1.4169219769537449
  landing: 0.8931217044591904
  view-data: 3.2550069838762283
