times:
  edit-metadata: 1.4662581970915198
  landing: 0.783447939902544
  view-data: 3.3748018136247993
