times:
  edit-metadata: 1.3741260189563036
  landing: 0.2033930979669094
  view-data: 0.2652501277625561
