times:
  edit-metadata: 1.6028512343764305
  landing: 0.7859352491796017
  view-data: 3.354029420763254
