times:
  edit-metadata: 0.586094438098371
  landing: 0.04805655195377767
  view-data: 0.18182924087159336
