times:
  edit-metadata: 1.6871536616235971
  landing: 0.14062777999788523
  view-data: 0.5061515271663666
