times:
  edit-metadata: 0.6048031051177531
  landing: 0.057014015968889
  view-data: 0.1801154650747776
