times:
  landing: 0.5482001139999966
  view-data: 0.5612973940000074
