times:
  edit-metadata: 0.5067358091473579
  landing: 0.5771704465150833
  view-data: 0.5886737629771233
