times:
  edit-metadata: 1.5624227318912745
  landing: 0.8145120702683926
  view-data: 3.3994143530726433
