times:
  edit-metadata: 1.4835129640996456
  landing: 0.8260018341243267
  view-data: 3.3335128910839558
