times:
  edit-metadata: 1.6479799263179302
  landing: 0.8949331883341074
  view-data: 3.4069036208093166
