times:
  edit-metadata: 1.53665466979146
  landing: 0.9078316204249859
  view-data: 3.4367225766181946
