times:
  edit-metadata: 1.56507995352149
  landing: 0.8358423123136163
  view-data: 3.4229801557958126
