times:
  edit-metadata: 1.5659679733216763
  landing: 0.7603849284350872
  view-data: 3.371160412207246
