times:
  edit-metadata: 1.4673564862459898
  landing: 0.7110535558313131
  view-data: 3.3467775527387857
