times:
  edit-metadata: 1.5617072992026806
  landing: 0.7809021398425102
  view-data: 3.442372392863035
