times:
  edit-metadata: 1.4600509367883205
  landing: 0.7070937193930149
  view-data: 3.3800401389598846
