times:
  edit-metadata: 0.505074966698885
  landing: 0.6342914886772633
  view-data: 0.599062180146575
