times:
  edit-metadata: 0.5007811561226845
  landing: 0.0475725089199841
  view-data: 0.2024270910769701
