times:
  edit-metadata: 2.087887558154762
  landing: 1.2169267130084336
  view-data: 3.61312736896798
