times:
  edit-metadata: 1.5437400409718975
  landing: 0.9242514000507072
  view-data: 3.3205148479901254
