times:
  landing: 0.5558610950000116
  view-data: 0.5614104289999773
