times:
  edit-metadata: 0.595243540010415
  landing: 0.05578413500916213
  view-data: 0.18173145900072996
