times:
  edit-metadata: 1.5677639208734035
  landing: 0.7265490759164095
  view-data: 3.388420270755887
