times:
  edit-metadata: 1.3887746445834637
  landing: 0.6961475498974323
  view-data: 3.2739471904933453
