times:
  edit-metadata: 0.6070181347895414
  landing: 0.048156925942748785
  view-data: 0.18970493716187775
