times:
  edit-metadata: 0.4510229118168354
  landing: 0.05207785405218601
  view-data: 0.20146658644080162
