times:
  edit-metadata: 0.5662866774946451
  landing: 0.05368983373045921
  view-data: 0.1866875123232603
