times:
  landing: 0.5528511119999848
  view-data: 0.5580108450000125
