times:
  edit-metadata: 1.6243509612977505
  landing: 2.5563841834664345
  view-data: 3.3607082329690456
