times:
  edit-metadata: 0.43511579278856516
  landing: 0.051489196717739105
  view-data: 0.1952525656670332
