times:
  edit-metadata: 1.5851078387349844
  landing: 0.7243589144200087
  view-data: 3.4308503940701485
