times:
  edit-metadata: 0.5929852300032508
  landing: 0.045573422976303846
  view-data: 0.19555682997452095
