times:
  edit-metadata: 1.5727079780772328
  landing: 1.073989943601191
  view-data: 3.422170984558761
