times:
  edit-metadata: 2.2594945952296257
  landing: 0.16257328912615776
  view-data: 0.15499073080718517
