times:
  edit-metadata: 0.5414986740797758
  landing: 0.5765083990991116
  view-data: 0.6313382107764482
