times:
  edit-metadata: 1.3542055375874043
  landing: 0.018976731225848198
  view-data: 0.3945963867008686
