times:
  edit-metadata: 0.5142782679758966
  landing: 0.0466083362698555
  view-data: 0.2136984639801085
