times:
  edit-metadata: 1.388430368155241
  landing: 0.2528720386326313
  view-data: 0.31919123604893684
