times:
  edit-metadata: 0.5114048775285482
  landing: 0.6932987067848444
  view-data: 0.20645549148321152
