times:
  edit-metadata: 0.4924122728407383
  landing: 1.3844845872372389
  view-data: 0.2920895703136921
