times:
  landing: 0.5907824139999889
  view-data: 0.5478464370000324
