times:
  edit-metadata: 1.322158138267696
  landing: 0.1616017548367381
  view-data: 0.29450694657862186
