times:
  edit-metadata: 0.6376090529374778
  landing: 0.04148638108745217
  view-data: 0.19622751232236624
