times:
  edit-metadata: 0.5683403182774782
  landing: 0.6980002913624048
  view-data: 0.22124611027538776
