times:
  edit-metadata: 0.5157309249043465
  landing: 0.04279613122344017
  view-data: 0.1954983025789261
