times:
  edit-metadata: 0.5119370929896832
  landing: 0.051887016743421555
  view-data: 0.2015361674129963
