times:
  edit-metadata: 1.6843676567077637
  landing: 0.9856657385826111
  view-data: 3.352896358817816
