times:
  landing: 0.5508383109999784
  view-data: 0.5499159969999994
