times:
  edit-metadata: 0.4275897270999849
  landing: 0.04452331690117717
  view-data: 0.1933569898828864
