times:
  edit-metadata: 0.5482062213122845
  landing: 1.7095284052193165
  view-data: 0.6341565381735563
