times:
  edit-metadata: 1.3759584799408913
  landing: 1.2567124217748642
  view-data: 3.4055070132017136
