times:
  edit-metadata: 2.3087989278137684
  landing: 0.5265761762857437
  view-data: 0.029715660959482193
