times:
  edit-metadata: 1.5414638873189688
  landing: 0.1573939248919487
  view-data: 0.31945156306028366
