times:
  edit-metadata: 0.4315875954926014
  landing: 0.051565212197601795
  view-data: 0.2035795347765088
