times:
  edit-metadata: 0.5888100676238537
  landing: 1.797805916517973
  view-data: 0.4086576122790575
