times:
  landing: 1.0721284729999638
  view-data: 0.5606245469999749
