times:
  edit-metadata: 1.5394560638815165
  landing: 0.7725620754063129
  view-data: 3.4090362023562193
