times:
  edit-metadata: 1.5370883122086525
  landing: 0.7932929117232561
  view-data: 3.4041373170912266
