times:
  edit-metadata: 1.3029532299842685
  landing: 0.018408584990538657
  view-data: 0.029677123995497823
