times:
  edit-metadata: 0.5229616360156797
  landing: 0.0471656630106736
  view-data: 0.21400055900448933
