times:
  edit-metadata: 0.5921492530032992
  landing: 0.052915767999365926
  view-data: 0.21322325698565692
