times:
  edit-metadata: 0.5298561789095402
  landing: 0.054416533559560776
  view-data: 0.19376030191779137
