times:
  landing: 0.5479545700000017
  view-data: 0.5536000380000132
