times:
  edit-metadata: 1.54668546654284
  landing: 0.7099686358124018
  view-data: 3.3941141832619905
