times:
  edit-metadata: 1.582465291954577
  landing: 0.8107063909992576
  view-data: 3.4598094439134
