times:
  edit-metadata: 0.5179664473980665
  landing: 0.5716288555413485
  view-data: 0.581740278750658
