times:
  edit-metadata: 0.5238360418006778
  landing: 0.048174645751714706
  view-data: 0.19686891604214907
