times:
  edit-metadata: 1.5001689828932285
  landing: 0.8944775015115738
  view-data: 3.4038660563528538
