times:
  edit-metadata: 0.44808856304734945
  landing: 0.06147512700408697
  view-data: 0.20827703084796667
