times:
  edit-metadata: 1.2893259953707457
  landing: 0.15085052978247404
  view-data: 0.02377800364047289
