times:
  edit-metadata: 1.4839290641248226
  landing: 0.8442550487816334
  view-data: 3.586042284965515
