times:
  edit-metadata: 0.5197938457131386
  landing: 0.043811578303575516
  view-data: 0.19902303814888
