times:
  edit-metadata: 1.3203231114894152
  landing: 0.1208063643425703
  view-data: 0.2833627201616764
