times:
  edit-metadata: 1.2925338624045253
  landing: 0.1405729539692402
  view-data: 0.1184650044888258
