times:
  edit-metadata: 0.5421488527208567
  landing: 0.5929984264075756
  view-data: 0.3161751013249159
