times:
  edit-metadata: 0.5139204068109393
  landing: 0.051314033567905426
  view-data: 0.20022088615223765
