times:
  landing: 0.5411505159999876
  view-data: 0.5477361949999988
