times:
  edit-metadata: 1.5344886407256126
  landing: 0.9539544880390167
  view-data: 3.3073874823749065
