times:
  edit-metadata: 0.5286981258541346
  landing: 0.9857270326465368
  view-data: 0.4233730100095272
