times:
  edit-metadata: 0.5320418402552605
  landing: 0.050021905452013016
  view-data: 0.19520559534430504
