times:
  edit-metadata: 1.643165087327361
  landing: 0.1549174152314663
  view-data: 0.33805425465106964
