times:
  edit-metadata: 0.5902873780578375
  landing: 0.06304495967924595
  view-data: 0.19717800430953503
