times:
  edit-metadata: 0.4969018860720098
  landing: 0.05349145829677582
  view-data: 0.1928280177526176
