times:
  edit-metadata: 0.4237838601693511
  landing: 0.04212794220075011
  view-data: 0.19289628881961107
