times:
  edit-metadata: 0.44054988771677017
  landing: 0.04647326376289129
  view-data: 0.2036106763407588
