times:
  edit-metadata: 1.5883707012981176
  landing: 0.6998969297856092
  view-data: 3.3293193615972996
