times:
  edit-metadata: 1.411917494609952
  landing: 0.023000303655862808
  view-data: 0.14865325763821602
