times:
  landing: 1.1123424099999966
  view-data: 0.5684750209999834
