times:
  landing: 0.538242453999942
  view-data: 0.5445621519999122
