times:
  landing: 0.5411041739999973
  view-data: 0.5428492720000122
