times:
  edit-metadata: 0.6242755819112062
  landing: 0.047297667944803834
  view-data: 0.18867740407586098
