times:
  landing: 0.5550724400000036
  view-data: 0.5639358970001922
