times:
  edit-metadata: 1.4503903463482857
  landing: 0.8610074184834957
  view-data: 3.319488264620304
