times:
  landing: 1.0611786530000131
  view-data: 0.5550891710000201
