times:
  edit-metadata: 0.5624443087726831
  landing: 0.8573014792054892
  view-data: 0.19743366725742817
