times:
  edit-metadata: 1.2894420344382524
  landing: 0.14167155139148235
  view-data: 0.12020803056657314
