times:
  edit-metadata: 0.5205245380057022
  landing: 0.07790764607489109
  view-data: 0.224744561011903
