times:
  edit-metadata: 0.5007300227880478
  landing: 1.2533529736101627
  view-data: 0.30184989981353283
