times:
  edit-metadata: 0.5952976680127904
  landing: 0.051609731977805495
  view-data: 0.19536709203384817
