times:
  edit-metadata: 0.5745215956121683
  landing: 0.996199693530798
  view-data: 0.22840233705937862
