times:
  edit-metadata: 1.381827523931861
  landing: 0.020442422479391098
  view-data: 0.2011181591078639
