times:
  edit-metadata: 2.360027120448649
  landing: 0.5956919686868787
  view-data: 0.6189302140846848
