times:
  edit-metadata: 0.4420466632582247
  landing: 0.04234865214675665
  view-data: 0.20993503089994192
