times:
  edit-metadata: 1.5717374086380005
  landing: 0.8844498917460442
  view-data: 3.4222521744668484
