times:
  edit-metadata: 1.3816360048949718
  landing: 0.7993280701339245
  view-data: 3.3214055858552456
