times:
  edit-metadata: 2.3019389070104808
  landing: 0.20507556496886536
  view-data: 0.2975334799848497
