times:
  edit-metadata: 1.8407028820365667
  landing: 0.2776872217655182
  view-data: 0.28484162874519825
