times:
  landing: 0.6056064009999886
  view-data: 0.5600501370000188
