times:
  edit-metadata: 1.48501992598176
  landing: 0.8488596491515636
  view-data: 3.3145912140607834
