times:
  edit-metadata: 1.4174177129752934
  landing: 0.7681964477524161
  view-data: 3.4345583566464484
