times:
  edit-metadata: 1.3068033559247851
  landing: 0.022785760462284088
  view-data: 0.02794171404093504
