times:
  edit-metadata: 1.3205053862184286
  landing: 0.2099305484443903
  view-data: 0.02223648875951767
