times:
  edit-metadata: 0.5084394477307796
  landing: 0.5679892040789127
  view-data: 0.6210435703396797
