times:
  landing: 1.5960056240000426
  view-data: 0.5592902799999706
