times:
  edit-metadata: 0.5287597272545099
  landing: 0.5931546092033386
  view-data: 0.5961540397256613
