times:
  landing: 0.5599765050000087
  view-data: 0.5580867930000011
