times:
  landing: 0.5430312199999889
  view-data: 0.5490595750000011
