times:
  edit-metadata: 0.4974644351750612
  landing: 0.6329111326485872
  view-data: 0.20803291909396648
