times:
  edit-metadata: 1.5793032422661781
  landing: 0.8488822840154171
  view-data: 3.400810521095991
