times:
  landing: 1.058952153000007
  view-data: 0.5466159990000108
