times:
  edit-metadata: 0.5238459086976945
  landing: 0.07058058911934495
  view-data: 0.21294136298820376
