times:
  edit-metadata: 1.5745341181755066
  landing: 0.8839522488415241
  view-data: 3.4244303330779076
