times:
  edit-metadata: 1.4152155593037605
  landing: 0.12748090736567974
  view-data: 0.3027568142861128
