times:
  landing: 1.0737641629999644
  view-data: 0.5488661589999992
