times:
  edit-metadata: 0.42739957000594586
  landing: 0.06763671501539648
  view-data: 0.2182064509834163
