times:
  landing: 0.5576663719999999
  view-data: 0.05181740900002296
