times:
  landing: 1.1015999809999926
  view-data: 0.057671572000003835
