times:
  landing: 0.5505103720000193
  view-data: 0.5531989909999879
