times:
  edit-metadata: 1.3882590718567371
  landing: 0.8672132231295109
  view-data: 3.340134508907795
