times:
  edit-metadata: 0.5917289946228266
  landing: 0.5897007286548615
  view-data: 0.18511363863945007
