times:
  edit-metadata: 0.8065441991202533
  landing: 0.04843684611842036
  view-data: 0.2410142938606441
