times:
  edit-metadata: 1.2894382793456316
  landing: 0.021855256520211697
  view-data: 0.13306832686066628
