times:
  landing: 0.5657935379999799
  view-data: 0.551801466000029
