times:
  edit-metadata: 1.2912137862294912
  landing: 0.02180668246001005
  view-data: 0.02380144316703081
