times:
  edit-metadata: 1.3028831761330366
  landing: 0.01965553779155016
  view-data: 0.024488047696650028
