times:
  edit-metadata: 1.884049091488123
  landing: 0.8973702937364578
  view-data: 3.4333251751959324
