times:
  edit-metadata: 0.6346566260035615
  landing: 0.042335459002060816
  view-data: 0.19230711300042458
