times:
  edit-metadata: 1.280342717655003
  landing: 0.02271414827555418
  view-data: 0.024279581382870674
