times:
  edit-metadata: 0.5293668415397406
  landing: 0.8763536047190428
  view-data: 0.32136247865855694
