times:
  edit-metadata: 0.5096556739881635
  landing: 0.06221288407687098
  view-data: 0.21717480302322656
