times:
  edit-metadata: 0.538904482498765
  landing: 0.6211073845624924
  view-data: 0.44894119538366795
