times:
  edit-metadata: 0.5052489154040813
  landing: 0.05049550160765648
  view-data: 0.19077365472912788
