times:
  edit-metadata: 1.5157080926001072
  landing: 0.8950770981609821
  view-data: 3.3254171311855316
