times:
  edit-metadata: 1.6344344280660152
  landing: 0.9603284299373627
  view-data: 3.394015345722437
