times:
  edit-metadata: 1.5775320241227746
  landing: 0.8312231581658125
  view-data: 3.3985395170748234
