times:
  edit-metadata: 0.5254481490701437
  landing: 0.8625707905739546
  view-data: 0.1810225173830986
