times:
  edit-metadata: 0.8208755711093545
  landing: 0.0998846790753305
  view-data: 0.27435921877622604
