times:
  edit-metadata: 1.3068086029961705
  landing: 0.020688454620540142
  view-data: 0.025300266221165657
