times:
  landing: 0.5508459520000031
  view-data: 0.5540872489999913
