times:
  edit-metadata: 1.5521175153553486
  landing: 0.8031325154006481
  view-data: 3.4057181142270565
