times:
  edit-metadata: 0.462943552993238
  landing: 0.058500434970483184
  view-data: 0.20897993096150458
