times:
  landing: 0.5489112619999901
  view-data: 0.5594314659999782
