times:
  landing: 0.5525857650000034
  view-data: 0.04778744100002541
