times:
  edit-metadata: 1.3101539155468345
  landing: 0.020702888257801533
  view-data: 0.027723589912056923
