times:
  edit-metadata: 0.6095875310711563
  landing: 0.047877814155071974
  view-data: 0.18131837621331215
