times:
  edit-metadata: 0.6080498159863055
  landing: 0.14158058166503906
  view-data: 0.24824152840301394
