times:
  edit-metadata: 1.2900987220928073
  landing: 0.18284377176314592
  view-data: 0.13304152432829142
