times:
  edit-metadata: 1.3215046674013138
  landing: 0.02014666423201561
  view-data: 0.028950574807822704
