times:
  edit-metadata: 1.406230203807354
  landing: 0.22987849079072475
  view-data: 0.12474135309457779
