times:
  landing: 1.06869989300003
  view-data: 1.0677922979998584
