times:
  edit-metadata: 0.6441724250325933
  landing: 0.04221071000210941
  view-data: 0.19878952205181122
