times:
  edit-metadata: 1.5552796963602304
  landing: 0.020828045904636383
  view-data: 0.15158990770578384
