times:
  edit-metadata: 1.460954014211893
  landing: 0.7538566961884499
  view-data: 3.3088505044579506
