times:
  edit-metadata: 1.3448595376685262
  landing: 0.7472102083265781
  view-data: 3.3915777523070574
