times:
  edit-metadata: 1.5208758674561977
  landing: 0.7446345910429955
  view-data: 3.479674469679594
