times:
  edit-metadata: 0.5128621086478233
  landing: 0.047030847519636154
  view-data: 0.18994076177477837
