times:
  edit-metadata: 1.5231796242296696
  landing: 0.19278000853955746
  view-data: 0.025352662429213524
