times:
  edit-metadata: 0.5002009179443121
  landing: 0.7163114435970783
  view-data: 0.2240600436925888
