times:
  edit-metadata: 0.5467418674379587
  landing: 0.5883728098124266
  view-data: 0.18445653095841408
