times:
  landing: 0.5496139219999918
  view-data: 0.5584484360000488
