times:
  edit-metadata: 0.9008506680838764
  landing: 0.1004484728910029
  view-data: 0.20049402280710638
