times:
  edit-metadata: 1.738819696009159
  landing: 0.857743289321661
  view-data: 3.3562416955828667
