times:
  landing: 0.5495528350000143
  view-data: 0.5481697300000121
