times:
  edit-metadata: 1.2914435314014554
  landing: 0.1366287600249052
  view-data: 0.024977522902190685
