times:
  edit-metadata: 1.277711526490748
  landing: 0.05017526261508465
  view-data: 0.11698902305215597
