times:
  edit-metadata: 0.5205129906535149
  landing: 0.043917298316955566
  view-data: 0.19489127397537231
