times:
  edit-metadata: 1.7040465511381626
  landing: 0.9696760289371014
  view-data: 3.352048072963953
