times:
  landing: 1.0689622529999951
  view-data: 0.5535106920000317
