times:
  edit-metadata: 1.6409469842910767
  landing: 0.8870724774897099
  view-data: 3.4064953345805407
