times:
  edit-metadata: 0.5254812989733182
  landing: 0.07195163803407922
  view-data: 0.22573471901705489
