times:
  landing: 0.5593505869999831
  view-data: 0.5535446200000251
