times:
  edit-metadata: 0.6207527730148286
  landing: 0.04835465201176703
  view-data: 0.1862820228561759
