times:
  edit-metadata: 0.4207251872867346
  landing: 0.03823057562112808
  view-data: 0.19730594102293253
