times:
  edit-metadata: 0.9230728400871158
  landing: 0.08175874198786914
  view-data: 0.22285823104903102
