times:
  edit-metadata: 1.9290383961051702
  landing: 1.1214107051491737
  view-data: 3.5042768120765686
