times:
  edit-metadata: 0.5221526362001896
  landing: 0.04473448544740677
  view-data: 0.19106008112430573
