times:
  edit-metadata: 1.3442655391991138
  landing: 0.1937186997383833
  view-data: 0.02207055874168873
