times:
  edit-metadata: 0.5259111970663071
  landing: 0.03960225731134415
  view-data: 0.19710106775164604
