times:
  edit-metadata: 0.5859764013439417
  landing: 0.48584110848605633
  view-data: 0.2938919682055712
