times:
  edit-metadata: 1.4785731211304665
  landing: 0.1384258046746254
  view-data: 0.43418034352362156
