times:
  edit-metadata: 0.65811776695773
  landing: 0.05023578112013638
  view-data: 0.1793551731389016
