times:
  edit-metadata: 0.5338631346821785
  landing: 0.5577694848179817
  view-data: 0.19522923789918423
