times:
  edit-metadata: 1.4516875986009836
  landing: 0.660787783563137
  view-data: 3.3068585246801376
