times:
  edit-metadata: 1.280571784824133
  landing: 0.02080110739916563
  view-data: 0.025538157671689987
