times:
  edit-metadata: 0.5787324998527765
  landing: 0.5711012203246355
  view-data: 0.17886880412697792
