times:
  landing: 0.590927205000014
  view-data: 0.5771556180000061
