times:
  edit-metadata: 1.4803489362820983
  landing: 8.025719746947289
  view-data: 3.396836760919541
