times:
  edit-metadata: 1.3422264056280255
  landing: 0.172707655467093
  view-data: 0.3645463278517127
