times:
  edit-metadata: 1.3645078055560589
  landing: 0.78764908015728
  view-data: 3.4013731442391872
