times:
  landing: 0.5476739609999868
  view-data: 0.5547124919999646
