times:
  edit-metadata: 0.5052458494901657
  landing: 0.6682339366525412
  view-data: 0.3082900643348694
