times:
  edit-metadata: 1.5071107428520918
  landing: 0.8375761089846492
  view-data: 3.348749521188438
