times:
  edit-metadata: 0.5102491599973291
  landing: 0.061302192974835634
  view-data: 0.2071859029820189
