times:
  edit-metadata: 0.5467331297695637
  landing: 0.04459918662905693
  view-data: 0.1972736269235611
