times:
  landing: 0.5699716859999739
  view-data: 0.5529877840000381
