times:
  landing: 1.0746088550000081
  view-data: 0.5651440230000162
