times:
  edit-metadata: 1.582924049347639
  landing: 0.20681088045239449
  view-data: 0.25304345414042473
