times:
  edit-metadata: 1.3458697348833084
  landing: 0.020770620554685593
  view-data: 0.025311501696705818
