times:
  edit-metadata: 0.4447287139482796
  landing: 0.06705293315462768
  view-data: 0.20461076800711453
