times:
  edit-metadata: 0.4966263584792614
  landing: 0.3788670040667057
  view-data: 0.1886581853032112
