times:
  edit-metadata: 1.4516794504597783
  landing: 0.7828907072544098
  view-data: 3.323960735462606
