times:
  landing: 0.5563379810000129
  view-data: 0.5564709880000009
