times:
  edit-metadata: 1.523809151723981
  landing: 0.6465167701244354
  view-data: 3.3903420325368643
