times:
  edit-metadata: 0.6332976319827139
  landing: 0.05356889800168574
  view-data: 0.1801206220407039
