times:
  edit-metadata: 0.42308753496035933
  landing: 0.037872578017413616
  view-data: 0.19545259419828653
