times:
  edit-metadata: 0.5952477379469201
  landing: 0.053148671984672546
  view-data: 0.1985528530785814
