times:
  edit-metadata: 1.357158100232482
  landing: 0.02203645184636116
  view-data: 0.026393059641122818
