times:
  edit-metadata: 1.5581858213990927
  landing: 0.711642287671566
  view-data: 3.3941377885639668
