times:
  edit-metadata: 1.5272198412567377
  landing: 0.8115681353956461
  view-data: 3.4212255757302046
