times:
  landing: 0.579965417999972
  view-data: 0.5624787319999882
