times:
  edit-metadata: 2.0018829125910997
  landing: 0.8833540175110102
  view-data: 3.360238613560796
