times:
  edit-metadata: 1.452997401356697
  landing: 0.8952395729720592
  view-data: 3.4225234165787697
