times:
  edit-metadata: 0.6060557439923286
  landing: 0.05743957310914993
  view-data: 0.19004131853580475
