times:
  edit-metadata: 1.2673569126054645
  landing: 0.1563085550442338
  view-data: 0.02739475853741169
