times:
  edit-metadata: 1.5356078669428825
  landing: 0.9344519972801208
  view-data: 3.3629662692546844
