times:
  edit-metadata: 1.423313211183995
  landing: 0.8353522522374988
  view-data: 3.342363924253732
