times:
  edit-metadata: 1.2929237019270658
  landing: 0.1758998055011034
  view-data: 0.12578958924859762
