times:
  landing: 1.0741248280000377
  view-data: 0.5624386789999676
