times:
  edit-metadata: 0.49541624999255873
  landing: 0.07405143600772135
  view-data: 0.2128844679973554
