times:
  edit-metadata: 1.3440355947241187
  landing: 0.1182029927149415
  view-data: 0.19737754110246897
