times:
  edit-metadata: 1.5225879605859518
  landing: 0.9924902031198144
  view-data: 3.3402150850743055
