times:
  landing: 1.074753730999987
  view-data: 0.5544395490000511
