times:
  edit-metadata: 0.5482246149331331
  landing: 0.4847376551479101
  view-data: 0.3288844544440508
