times:
  edit-metadata: 1.293532457202673
  landing: 0.21436572447419167
  view-data: 0.12913617584854364
