times:
  edit-metadata: 1.3333124369382858
  landing: 0.01927122473716736
  view-data: 0.0239315964281559
