times:
  edit-metadata: 1.5518537051975727
  landing: 0.7867234498262405
  view-data: 3.398102968931198
