times:
  edit-metadata: 1.4798877339344472
  landing: 0.8221074030734599
  view-data: 0.5454845039639622
