times:
  edit-metadata: 0.5152353420853615
  landing: 0.044211387634277344
  view-data: 0.19088927656412125
