times:
  edit-metadata: 1.5195083376020193
  landing: 0.7235630191862583
  view-data: 3.279424602165818
