times:
  edit-metadata: 0.42981820134446025
  landing: 0.065884446259588
  view-data: 0.20991536881774664
