times:
  landing: 0.5554679189999661
  view-data: 0.5628158590000112
