times:
  edit-metadata: 1.2687280587852001
  landing: 0.02181737683713436
  view-data: 0.20681256335228682
