times:
  edit-metadata: 0.5851880089903716
  landing: 0.05688666400965303
  view-data: 0.1780547700182069
