times:
  edit-metadata: 1.3231831472367048
  landing: 0.018755463883280754
  view-data: 0.31220361590385437
