times:
  edit-metadata: 1.4794034492224455
  landing: 0.7885274291038513
  view-data: 3.353137598372996
