times:
  edit-metadata: 0.53542535379529
  landing: 0.9897414892911911
  view-data: 0.20008556731045246
