times:
  edit-metadata: 1.2994077140465379
  landing: 0.021245300769805908
  view-data: 0.02338714897632599
