times:
  edit-metadata: 0.6199860780034214
  landing: 0.03603015700355172
  view-data: 0.19513825490139425
