times:
  edit-metadata: 0.4412007872015238
  landing: 0.04054193710908294
  view-data: 0.21380628691986203
