times:
  landing: 1.0632135480000215
  view-data: 0.546364638
