times:
  edit-metadata: 0.5061604888178408
  landing: 0.05296164797618985
  view-data: 0.19323643669486046
