times:
  edit-metadata: 0.5898063369095325
  landing: 1.1806424278765917
  view-data: 0.28374138474464417
