times:
  edit-metadata: 1.3859713524580002
  landing: 0.025469070300459862
  view-data: 0.023872459307312965
