times:
  edit-metadata: 1.5069658365100622
  landing: 0.028017139062285423
  view-data: 0.02735484018921852
