times:
  landing: 0.5513685739999801
  view-data: 0.5513000709999005
