times:
  edit-metadata: 1.4660727591253817
  landing: 0.8779266462661326
  view-data: 3.3742109606973827
