times:
  edit-metadata: 0.6154110599309206
  landing: 0.047950117848813534
  view-data: 0.18566068611107767
