times:
  edit-metadata: 1.35882318764925
  landing: 0.021647464483976364
  view-data: 0.11818656232208014
