times:
  edit-metadata: 0.49578517489135265
  landing: 0.7697424087673426
  view-data: 0.3338903561234474
