times:
  landing: 1.0767454880000287
  view-data: 0.5607322139999837
