times:
  edit-metadata: 1.3648380506783724
  landing: 0.019823363050818443
  view-data: 0.12163271568715572
