times:
  edit-metadata: 1.3882098700851202
  landing: 0.18784724175930023
  view-data: 0.026186775416135788
