times:
  edit-metadata: 1.468810334801674
  landing: 0.9142595008015633
  view-data: 3.3416456542909145
