times:
  edit-metadata: 1.292705581523478
  landing: 0.022875838913023472
  view-data: 0.10079306177794933
