times:
  landing: 0.5483871370000202
  view-data: 0.55393282
