times:
  edit-metadata: 0.5513557754456997
  landing: 0.6483744513243437
  view-data: 0.18346461653709412
