times:
  edit-metadata: 1.6595651470124722
  landing: 0.9567622505128384
  view-data: 3.3719615899026394
