times:
  edit-metadata: 0.4364999793469906
  landing: 0.04100176505744457
  view-data: 0.1998952878639102
