times:
  edit-metadata: 0.6156947016716003
  landing: 0.6607935484498739
  view-data: 0.19613606855273247
