times:
  edit-metadata: 0.6311087399953976
  landing: 0.05478781904093921
  view-data: 0.20249908999539912
