times:
  edit-metadata: 0.5290148071944714
  landing: 0.03996242582798004
  view-data: 0.1969868429005146
