times:
  edit-metadata: 0.5239098742604256
  landing: 1.144932271912694
  view-data: 0.5912721734493971
