times:
  edit-metadata: 1.5585683286190033
  landing: 0.7477638944983482
  view-data: 3.40064356662333
