times:
  edit-metadata: 2.041455239057541
  landing: 1.3063827827572823
  view-data: 3.628285676240921
