times:
  edit-metadata: 1.2864845721051097
  landing: 0.11535217985510826
  view-data: 0.20109461527317762
