times:
  edit-metadata: 0.6087593131233007
  landing: 0.04188379202969372
  view-data: 0.21908986498601735
