times:
  edit-metadata: 1.4185443939641118
  landing: 0.7373675955459476
  view-data: 3.3830756386741996
