times:
  edit-metadata: 0.4101309347897768
  landing: 0.04685546504333615
  view-data: 0.19605849497020245
