times:
  edit-metadata: 1.366816433146596
  landing: 0.018861131742596626
  view-data: 0.3260869961231947
