times:
  edit-metadata: 0.5905760589521378
  landing: 0.05527870310470462
  view-data: 0.20236271200701594
