times:
  edit-metadata: 0.5150077929720283
  landing: 0.0461035817861557
  view-data: 0.19864834612235427
