times:
  edit-metadata: 1.4722951627336442
  landing: 0.7478695912286639
  view-data: 3.351254099048674
