times:
  edit-metadata: 1.3083450831472874
  landing: 0.2227767165750265
  view-data: 0.12308208644390106
