times:
  edit-metadata: 0.5626128949224949
  landing: 0.5626451708376408
  view-data: 0.18657596223056316
