times:
  landing: 0.5485840579999888
  view-data: 0.5487432719999958
