times:
  edit-metadata: 1.570662535727024
  landing: 0.797262379899621
  view-data: 3.4305398371070623
