times:
  edit-metadata: 0.4300399749990902
  landing: 0.06988371100305812
  view-data: 0.20127674700052012
