times:
  edit-metadata: 1.3103903541341424
  landing: 0.22369999159127474
  view-data: 0.3997173933312297
