times:
  edit-metadata: 0.5034840553998947
  landing: 0.044772934168577194
  view-data: 0.19124246388673782
