times:
  landing: 0.5558729520000156
  view-data: 0.563542903000041
