times:
  edit-metadata: 0.6252921039704233
  landing: 0.039219053927809
  view-data: 0.18360878713428974
