times:
  landing: 0.5447883140000158
  view-data: 0.5471038270000008
