times:
  edit-metadata: 0.5612711229987326
  landing: 0.10279076699953293
  view-data: 0.20874336200358812
