times:
  edit-metadata: 1.5868023168295622
  landing: 0.708277739584446
  view-data: 3.3596847280859947
