times:
  edit-metadata: 0.443602841347456
  landing: 0.04029050376266241
  view-data: 0.19879877753555775
