times:
  edit-metadata: 0.5340367667376995
  landing: 0.1266132751479745
  view-data: 0.20842689322307706
