times:
  landing: 1.059871275000006
  view-data: 0.5470767260000002
