times:
  landing: 0.5563692020000417
  view-data: 0.5603315500000008
