times:
  edit-metadata: 0.45744675723835826
  landing: 0.041650289203971624
  view-data: 0.19833437725901604
