times:
  edit-metadata: 0.5973449968732893
  landing: 0.048445658991113305
  view-data: 0.19481400586664677
