times:
  edit-metadata: 0.5147540718317032
  landing: 0.041163112968206406
  view-data: 0.19376933574676514
