times:
  landing: 1.0741845120000448
  view-data: 0.5553262779999955
