times:
  edit-metadata: 1.4853951632976532
  landing: 0.01999625191092491
  view-data: 0.39433092810213566
