times:
  edit-metadata: 0.46211019717156887
  landing: 0.04637074936181307
  view-data: 0.18481531366705894
