times:
  edit-metadata: 2.5267717242240906
  landing: 0.029321422800421715
  view-data: 0.45931834168732166
