times:
  edit-metadata: 1.9730441337451339
  landing: 0.17370357178151608
  view-data: 0.38559782039374113
