times:
  landing: 0.552876212000001
  view-data: 0.5563498369999991
