times:
  edit-metadata: 1.3259264715015888
  landing: 0.14182034693658352
  view-data: 0.31639957800507545
