times:
  edit-metadata: 0.45726790744811296
  landing: 0.04178279638290405
  view-data: 0.2040805583819747
