times:
  edit-metadata: 1.5512378234416246
  landing: 0.749217702075839
  view-data: 3.4217895288020372
