times:
  edit-metadata: 1.3357836548238993
  landing: 0.02058742195367813
  view-data: 0.282685250043869
