times:
  edit-metadata: 0.5630047209560871
  landing: 0.7189763356000185
  view-data: 0.20096114836633205
