times:
  edit-metadata: 0.5892016892321408
  landing: 0.0454385569319129
  view-data: 0.19616257213056087
