times:
  edit-metadata: 1.2751846369355917
  landing: 0.02208542637526989
  view-data: 0.11841666046530008
