times:
  edit-metadata: 0.49635994993150234
  landing: 0.8936974257230759
  view-data: 0.3075645677745342
