times:
  edit-metadata: 0.5319001823663712
  landing: 0.040526241064071655
  view-data: 0.19865716993808746
