times:
  edit-metadata: 0.5049450933001935
  landing: 0.0717196543700993
  view-data: 0.20689669996500015
