times:
  edit-metadata: 0.543793068267405
  landing: 0.07651671022176743
  view-data: 0.19134462298825383
