times:
  edit-metadata: 0.44722116901539266
  landing: 0.06470034993253648
  view-data: 0.22320452402345836
