times:
  landing: 1.5880358040000147
  view-data: 0.5508142799999973
