times:
  edit-metadata: 0.43293402437120676
  landing: 0.04703601449728012
  view-data: 0.21354449726641178
