times:
  edit-metadata: 0.6096450928598642
  landing: 0.04776437906548381
  view-data: 0.1809657560661435
