times:
  landing: 0.5430306570000312
  view-data: 0.5429808559999856
