times:
  edit-metadata: 0.6581614292226732
  landing: 0.0823287796229124
  view-data: 0.28221005806699395
