times:
  edit-metadata: 0.4442732110619545
  landing: 0.07693961297627538
  view-data: 0.22029640106484294
