times:
  edit-metadata: 0.5101805757731199
  landing: 0.05705445120111108
  view-data: 0.1985994423739612
