times:
  edit-metadata: 0.5025204131379724
  landing: 0.12723509408533573
  view-data: 0.2194919311441481
