times:
  edit-metadata: 1.3271864773705602
  landing: 0.019476233050227165
  view-data: 0.022542529739439487
