times:
  edit-metadata: 1.6281220130622387
  landing: 0.9349781889468431
  view-data: 3.3291830476373434
