times:
  edit-metadata: 1.259703709743917
  landing: 0.1351612713187933
  view-data: 0.027191837318241596
