times:
  edit-metadata: 1.375488605350256
  landing: 0.020049577578902245
  view-data: 0.12422375567257404
