times:
  landing: 1.588440716999969
  view-data: 0.5515566230000104
