times:
  landing: 1.088316357999986
  view-data: 0.5725481970000033
