times:
  landing: 0.5574058299999933
  view-data: 0.575491937999999
