times:
  edit-metadata: 0.5739714199999071
  landing: 0.042494242999964627
  view-data: 0.2001235319994521
