times:
  edit-metadata: 1.744746026583016
  landing: 0.24745816458016634
  view-data: 0.1735227508470416
