times:
  landing: 0.5560675280000282
  view-data: 0.5553986350000173
