times:
  edit-metadata: 0.506353294942528
  landing: 0.09685453306883574
  view-data: 0.21035699592903256
