times:
  landing: 1.0683749710000257
  view-data: 0.5513167780000003
