times:
  edit-metadata: 0.4781501144170761
  landing: 1.6049902010709047
  view-data: 1.1087097711861134
