times:
  edit-metadata: 3.231023207306862
  landing: 6.719745043665171
  view-data: 3.772030681371689
