times:
  edit-metadata: 0.5132078416645527
  landing: 0.05040048807859421
  view-data: 0.1932191587984562
