times:
  edit-metadata: 0.43465762911364436
  landing: 0.039640659000724554
  view-data: 0.2046517007984221
