times:
  edit-metadata: 0.5886341779259965
  landing: 0.046150689013302326
  view-data: 0.19426323391962796
