times:
  edit-metadata: 1.4548831768333912
  landing: 0.378538278862834
  view-data: 0.025998113676905632
