times:
  edit-metadata: 1.8786876580015814
  landing: 0.2284890680020908
  view-data: 0.4682226270015235
