times:
  edit-metadata: 1.3445094805210829
  landing: 0.02094404771924019
  view-data: 0.29156688041985035
