times:
  edit-metadata: 0.5357703529298306
  landing: 0.4003642685711384
  view-data: 0.1932076383382082
