times:
  edit-metadata: 0.5584103297442198
  landing: 1.443910252302885
  view-data: 0.4411201197654009
