times:
  edit-metadata: 0.6074674479896203
  landing: 0.04546154208946973
  view-data: 0.19566038297489285
