times:
  landing: 1.064953021000008
  view-data: 0.545313990000011
