times:
  landing: 1.0851621090000094
  view-data: 0.5602260160000014
