times:
  landing: 1.0727435129999776
  view-data: 0.5579250800000182
