times:
  edit-metadata: 0.6258504169527441
  landing: 0.037974089034833014
  view-data: 0.19082868297118694
