times:
  edit-metadata: 1.3165559014305472
  landing: 0.020695600658655167
  view-data: 0.12111819162964821
