times:
  edit-metadata: 1.58601825684309
  landing: 0.8669743072241545
  view-data: 0.700679138302803
