times:
  edit-metadata: 1.578291140962392
  landing: 0.8231119990814477
  view-data: 3.3328621849650517
