times:
  edit-metadata: 1.4989270917139947
  landing: 0.7987324697896838
  view-data: 3.3420785246416926
