times:
  edit-metadata: 2.2447731234133244
  landing: 1.3486902080476284
  view-data: 3.755744829773903
