times:
  edit-metadata: 1.569182557053864
  landing: 0.8377885811496526
  view-data: 3.423042481066659
