times:
  edit-metadata: 0.4380805300315842
  landing: 0.06909938203170896
  view-data: 0.23142116598319262
