times:
  edit-metadata: 1.5745839104056358
  landing: 1.020677424967289
  view-data: 3.438955396413803
