times:
  edit-metadata: 0.43754234502557665
  landing: 0.07002115703653544
  view-data: 0.2066123200347647
