times:
  edit-metadata: 1.2696800101548433
  landing: 0.02315461914986372
  view-data: 0.11691224854439497
