times:
  edit-metadata: 1.5692465025931597
  landing: 0.7686828635632992
  view-data: 3.4322443641722202
