times:
  edit-metadata: 1.323200635612011
  landing: 0.019018882885575294
  view-data: 0.09755871258676052
