times:
  edit-metadata: 0.4374357797205448
  landing: 0.07117299688979983
  view-data: 0.21675406116992235
