times:
  edit-metadata: 0.77906833589077
  landing: 0.12088211998343468
  view-data: 0.23213042598217726
