times:
  edit-metadata: 1.3098112745210528
  landing: 0.2623713044449687
  view-data: 0.02296456415206194
