times:
  landing: 1.069406320999974
  view-data: 0.557362243
