times:
  edit-metadata: 1.3519695848226547
  landing: 0.02055748552083969
  view-data: 0.33311178907752037
