times:
  edit-metadata: 1.1401597666554153
  landing: 0.047707655001431704
  view-data: 0.27318047918379307
