times:
  landing: 0.5593170870000108
  view-data: 0.5743324709999911
