times:
  edit-metadata: 0.5056175980134867
  landing: 0.0784608029644005
  view-data: 0.21702131198253483
