times:
  edit-metadata: 0.511338965035975
  landing: 0.05199200380593538
  view-data: 0.19507329678162932
