times:
  edit-metadata: 1.2607719181105494
  landing: 0.022339963354170322
  view-data: 0.10454882960766554
