times:
  edit-metadata: 1.349050265736878
  landing: 0.6786847356706858
  view-data: 3.259089662693441
