times:
  landing: 1.0842265819999852
  view-data: 0.5583344400000101
