times:
  edit-metadata: 1.2895210580900311
  landing: 0.01914385613054037
  view-data: 0.4651712207123637
