times:
  edit-metadata: 1.459115818142891
  landing: 0.75280886515975
  view-data: 3.3988488987088203
