times:
  landing: 0.5546757150000019
  view-data: 0.04974588900000754
