times:
  edit-metadata: 1.3318421300500631
  landing: 0.021803640760481358
  view-data: 0.023961142636835575
