times:
  edit-metadata: 1.294501792639494
  landing: 0.14388311468064785
  view-data: 0.02672097273170948
