times:
  edit-metadata: 0.6253232639282942
  landing: 0.04192023817449808
  view-data: 0.19693548465147614
