times:
  edit-metadata: 1.3268895521759987
  landing: 0.019726453348994255
  view-data: 0.304568100720644
