times:
  edit-metadata: 1.2830665651708841
  landing: 0.023416025564074516
  view-data: 0.022536869160830975
