times:
  edit-metadata: 1.3482250440865755
  landing: 0.6975152231752872
  view-data: 3.30613124743104
