times:
  edit-metadata: 0.440087400842458
  landing: 0.06400139001198113
  view-data: 0.2128169471397996
