times:
  edit-metadata: 1.3776999861001968
  landing: 0.8401282094419003
  view-data: 3.328387461602688
