times:
  edit-metadata: 3.3829294610768557
  landing: 1.477061958052218
  view-data: 3.6279672356322408
