times:
  edit-metadata: 1.5805960930883884
  landing: 0.8922403156757355
  view-data: 3.3059050291776657
