times:
  edit-metadata: 0.627949028974399
  landing: 0.041200915118679404
  view-data: 0.18088063318282366
