times:
  edit-metadata: 1.6047728527337313
  landing: 0.7815187070518732
  view-data: 3.4289236199110746
