times:
  edit-metadata: 1.279415830038488
  landing: 0.02154221385717392
  view-data: 0.4696719814091921
