times:
  edit-metadata: 0.653504092246294
  landing: 1.1679632402956486
  view-data: 0.42906751297414303
