times:
  edit-metadata: 1.062703477917239
  landing: 0.0449954520445317
  view-data: 0.20196857396513224
