times:
  edit-metadata: 1.31677314825356
  landing: 0.020214369520545006
  view-data: 0.30930021964013577
