times:
  edit-metadata: 1.3568594548851252
  landing: 0.1452639438211918
  view-data: 0.02435176819562912
