times:
  edit-metadata: 1.472069427371025
  landing: 0.772876963019371
  view-data: 3.300208479166031
