times:
  edit-metadata: 1.3780647665262222
  landing: 0.018676014617085457
  view-data: 0.02399404440075159
