times:
  edit-metadata: 1.3030848074704409
  landing: 0.12792966701090336
  view-data: 0.023982662707567215
