times:
  edit-metadata: 1.6386750563979149
  landing: 0.17184513248503208
  view-data: 0.5918425917625427
