times:
  edit-metadata: 1.2694104723632336
  landing: 0.1269732592627406
  view-data: 0.21538222953677177
