times:
  edit-metadata: 1.5616844650357962
  landing: 0.7327794823795557
  view-data: 3.4539812095463276
