times:
  edit-metadata: 0.5151751078665257
  landing: 0.052339304238557816
  view-data: 0.18821794167160988
