times:
  edit-metadata: 0.5074872523546219
  landing: 0.040309611707925797
  view-data: 0.19738521799445152
