times:
  edit-metadata: 0.502883527893573
  landing: 0.05643841018900275
  view-data: 0.20644194399937987
