times:
  edit-metadata: 0.6227910909801722
  landing: 0.04787940485402942
  view-data: 0.1896698079071939
