times:
  edit-metadata: 0.7348445060197264
  landing: 0.05747695197351277
  view-data: 0.20740808499976993
