times:
  edit-metadata: 1.564724201336503
  landing: 0.8743495522066951
  view-data: 3.461815400980413
