times:
  edit-metadata: 0.4377142647281289
  landing: 0.06834253622218966
  view-data: 0.20230317721143365
