times:
  edit-metadata: 1.470985297113657
  landing: 0.8129750872030854
  view-data: 3.3711528414860368
