times:
  edit-metadata: 0.5422785561531782
  landing: 0.6244007907807827
  view-data: 0.20340481586754322
