times:
  edit-metadata: 1.2767308540642262
  landing: 0.020571288652718067
  view-data: 0.18814086075872183
