times:
  edit-metadata: 1.2760829338803887
  landing: 0.02366872038692236
  view-data: 0.02848934754729271
