times:
  edit-metadata: 0.6005148701369762
  landing: 0.4989393688738346
  view-data: 0.19316239096224308
