times:
  edit-metadata: 1.280211160890758
  landing: 0.022681468166410923
  view-data: 0.02235824428498745
