times:
  edit-metadata: 1.4680609740316868
  landing: 0.8668893873691559
  view-data: 3.935838870704174
