times:
  edit-metadata: 1.5252990014851093
  landing: 0.2572752311825752
  view-data: 0.38882629573345184
