times:
  edit-metadata: 0.5672761872410774
  landing: 0.6610880326479673
  view-data: 0.19222374819219112
