times:
  edit-metadata: 1.4329885877668858
  landing: 0.8338474966585636
  view-data: 3.276302382349968
