times:
  edit-metadata: 0.5119107610080391
  landing: 0.07215424400055781
  view-data: 0.21940847695805132
