times:
  landing: 0.5518833309999991
  view-data: 0.5598062269999957
