times:
  edit-metadata: 1.6133051812648773
  landing: 0.7078768499195576
  view-data: 3.421315997838974
