times:
  edit-metadata: 0.5948774450225756
  landing: 0.04132505401503295
  view-data: 0.19157240103231743
