times:
  edit-metadata: 1.3061175644397736
  landing: 0.021038005128502846
  view-data: 0.12191484775394201
