times:
  edit-metadata: 1.288330014795065
  landing: 0.15762078296393156
  view-data: 0.025119888596236706
