times:
  edit-metadata: 0.5912031889893115
  landing: 0.044286297634243965
  view-data: 0.18892341805621982
