times:
  edit-metadata: 1.4790544919669628
  landing: 0.87032201141119
  view-data: 3.3644455410540104
