times:
  edit-metadata: 1.2674636393785477
  landing: 0.018904494121670723
  view-data: 0.4285948760807514
