times:
  edit-metadata: 0.6040026100818068
  landing: 0.043968159006908536
  view-data: 0.18746719392947853
