times:
  edit-metadata: 0.6215990260243416
  landing: 0.053257304010912776
  view-data: 0.2159716790774837
