times:
  edit-metadata: 1.567693231627345
  landing: 0.685462087392807
  view-data: 3.38209998421371
