times:
  landing: 1.077581092999992
  view-data: 0.5583718089999934
