times:
  edit-metadata: 0.552352461963892
  landing: 0.0525292307138443
  view-data: 0.18622682243585587
