times:
  landing: 0.5622280640000099
  view-data: 0.5672352939999996
