times:
  edit-metadata: 2.0678992210887372
  landing: 0.8911029673181474
  view-data: 3.7558219637721777
