times:
  edit-metadata: 1.4532411247491837
  landing: 0.8485356867313385
  view-data: 3.389630302786827
