times:
  edit-metadata: 1.286660609766841
  landing: 0.01961552631109953
  view-data: 0.02334459312260151
