times:
  edit-metadata: 0.5613202955573797
  landing: 1.1429086476564407
  view-data: 0.6179096139967442
