times:
  edit-metadata: 0.42952068900922313
  landing: 0.0662046839715913
  view-data: 0.21286145300837234
