times:
  edit-metadata: 0.5072007533162832
  landing: 1.1214962881058455
  view-data: 0.5975724682211876
