times:
  edit-metadata: 1.5164656303822994
  landing: 3.001946594566107
  view-data: 3.3271293975412846
