times:
  edit-metadata: 1.5886240117251873
  landing: 0.7605974469333887
  view-data: 3.4305463656783104
