times:
  edit-metadata: 0.518312705680728
  landing: 1.1256077233701944
  view-data: 0.5420655850321054
