times:
  landing: 2.6634812485426664
  view-data: 1.103290930390358
