times:
  edit-metadata: 0.5165263004601002
  landing: 0.042717549949884415
  view-data: 0.19327443093061447
