times:
  edit-metadata: 0.5257481765002012
  landing: 1.277094528079033
  view-data: 0.4027211796492338
