times:
  edit-metadata: 1.4253920810297132
  landing: 0.7748628889676183
  view-data: 3.346555218100548
