times:
  landing: 2.1147557259999985
  view-data: 0.5557880289999844
