times:
  edit-metadata: 1.3512484468519688
  landing: 0.020000524818897247
  view-data: 0.27656877040863037
