times:
  edit-metadata: 2.4811255112290382
  landing: 0.01916533336043358
  view-data: 0.16715392284095287
