times:
  edit-metadata: 0.4342396161518991
  landing: 0.03898101579397917
  view-data: 0.20148328179493546
