times:
  edit-metadata: 1.4367238841950893
  landing: 0.7244418300688267
  view-data: 3.3351790383458138
