times:
  landing: 0.5471352369999067
  view-data: 0.5523928339999884
