times:
  edit-metadata: 1.4615574032068253
  landing: 0.9148223027586937
  view-data: 4.455291964113712
