times:
  edit-metadata: 1.3680714573711157
  landing: 0.018888957798480988
  view-data: 0.02392672561109066
