times:
  edit-metadata: 1.3054645769298077
  landing: 0.019558051601052284
  view-data: 0.023973193019628525
