times:
  edit-metadata: 1.4908378650434315
  landing: 0.7579918168485165
  view-data: 3.322225287090987
