times:
  edit-metadata: 1.6618562880903482
  landing: 0.769522360060364
  view-data: 3.30971278809011
