times:
  edit-metadata: 0.4285015668720007
  landing: 0.054616610519587994
  view-data: 0.1978755071759224
