times:
  landing: 1.0648543389999645
  view-data: 0.5512076750000006
