times:
  edit-metadata: 0.5469745006412268
  landing: 1.9865269046276808
  view-data: 0.32401239685714245
