times:
  edit-metadata: 1.2711197109892964
  landing: 0.01968987938016653
  view-data: 0.025604603812098503
