times:
  edit-metadata: 0.5204037800431252
  landing: 2.304727528244257
  view-data: 0.9099431876093149
