times:
  edit-metadata: 1.4090734273195267
  landing: 0.19373484700918198
  view-data: 0.13025375083088875
