times:
  edit-metadata: 1.7540819629793987
  landing: 0.8244036149699241
  view-data: 3.341836360981688
