times:
  edit-metadata: 1.6438382491469383
  landing: 0.9945281445980072
  view-data: 3.389005947858095
