times:
  edit-metadata: 1.9378626327961683
  landing: 1.1532484106719494
  view-data: 3.5186751447618008
