times:
  edit-metadata: 1.5324916616082191
  landing: 0.8913891203701496
  view-data: 3.433172285556793
