times:
  edit-metadata: 1.4864736124873161
  landing: 0.020576920360326767
  view-data: 0.4439598750323057
