times:
  edit-metadata: 1.2662626570090652
  landing: 0.19920008536428213
  view-data: 0.11919385474175215
