times:
  edit-metadata: 0.5020759420003742
  landing: 0.04233425900019938
  view-data: 0.191047020998667
