times:
  edit-metadata: 1.491028650663793
  landing: 0.7743468070402741
  view-data: 3.2927024606615305
