times:
  edit-metadata: 0.6699707400985062
  landing: 0.04272066615521908
  view-data: 0.19393165595829487
