times:
  landing: 1.0911622710000302
  view-data: 0.565166687000044
