times:
  edit-metadata: 0.5084740817546844
  landing: 0.041948411613702774
  view-data: 0.19395950436592102
