times:
  edit-metadata: 1.442717656493187
  landing: 0.8004450844600797
  view-data: 3.3812252590432763
