times:
  edit-metadata: 0.4266121541149914
  landing: 0.05316467396914959
  view-data: 0.22345819603651762
