times:
  edit-metadata: 0.44271617801859975
  landing: 0.07488131802529097
  view-data: 0.21526731690391898
