times:
  edit-metadata: 3.055922065861523
  landing: 1.0607774248346686
  view-data: 3.3046592036262155
