times:
  edit-metadata: 2.147604528814554
  landing: 0.15515122935175896
  view-data: 0.17684088833630085
