times:
  edit-metadata: 0.4383065199945122
  landing: 0.06808231107424945
  view-data: 0.19921598909422755
