times:
  landing: 1.074863353000012
  view-data: 0.5556586200000311
