times:
  edit-metadata: 1.4141544755548239
  landing: 0.25809131003916264
  view-data: 0.028214186429977417
