times:
  edit-metadata: 2.917435761541128
  landing: 1.1047299914062023
  view-data: 3.8316851407289505
