times:
  edit-metadata: 1.3704269733279943
  landing: 0.021025296300649643
  view-data: 0.025298992171883583
