times:
  landing: 0.5644077679999953
  view-data: 0.566367267000004
