times:
  edit-metadata: 0.5016246000304818
  landing: 0.04777211369946599
  view-data: 0.1980370101518929
