times:
  landing: 2.1069560910000007
  view-data: 0.5524179700000218
