times:
  edit-metadata: 1.5274320431053638
  landing: 0.770231768488884
  view-data: 3.3622475937008858
