times:
  edit-metadata: 1.3721407330594957
  landing: 0.7512492530513555
  view-data: 3.3064031118992716
