times:
  edit-metadata: 1.5907233096659184
  landing: 0.7698164246976376
  view-data: 3.3982278406620026
