times:
  edit-metadata: 1.5643430203199387
  landing: 0.8321632985025644
  view-data: 3.385820873081684
