times:
  landing: 0.5620011760000807
  view-data: 0.5582588229999601
