times:
  edit-metadata: 0.515872173011303
  landing: 0.04753434285521507
  view-data: 0.19312093034386635
