times:
  edit-metadata: 1.6350276190787554
  landing: 0.8305839952081442
  view-data: 3.386572904884815
