times:
  edit-metadata: 1.2643637619912624
  landing: 0.17536005936563015
  view-data: 0.027439403347671032
