times:
  edit-metadata: 1.566418617963791
  landing: 0.8781113587319851
  view-data: 3.348897822201252
