times:
  edit-metadata: 0.5229670000262558
  landing: 0.06527832709252834
  view-data: 0.21391262812539935
