times:
  edit-metadata: 1.5590065345168114
  landing: 0.7145167738199234
  view-data: 3.335170701146126
