times:
  edit-metadata: 0.511481374502182
  landing: 0.044881999492645264
  view-data: 0.19136108085513115
