times:
  landing: 0.5558524520000105
  view-data: 0.556342552999979
