times:
  edit-metadata: 0.5296477898955345
  landing: 0.04123577103018761
  view-data: 0.19784092158079147
