times:
  landing: 0.5508731070000294
  view-data: 0.5538801220000096
