times:
  edit-metadata: 1.7969518061727285
  landing: 0.026626059785485268
  view-data: 0.38607392460107803
