times:
  edit-metadata: 0.4222057859878987
  landing: 0.07097767200320959
  view-data: 0.20724848587997258
