times:
  edit-metadata: 0.6576055220793933
  landing: 0.045084645971655846
  view-data: 0.19206796400249004
