times:
  edit-metadata: 1.296498879790306
  landing: 0.133355513215065
  view-data: 0.026277774944901466
