times:
  edit-metadata: 0.43997020507231355
  landing: 0.07082624104805291
  view-data: 0.20902899303473532
