times:
  edit-metadata: 0.5328566953539848
  landing: 0.042488425970077515
  view-data: 0.19558298215270042
