times:
  edit-metadata: 1.4358197469264269
  landing: 0.020916655659675598
  view-data: 0.33452452532947063
