times:
  edit-metadata: 3.402704056352377
  landing: 0.8046896792948246
  view-data: 3.313500590622425
