times:
  edit-metadata: 1.5723898625001311
  landing: 0.8143401313573122
  view-data: 3.390937496908009
