times:
  landing: 0.5571744719999856
  view-data: 0.558840570999962
