times:
  edit-metadata: 0.45015342999249697
  landing: 0.0486516272649169
  view-data: 0.19833993446081877
