times:
  edit-metadata: 1.357486684806645
  landing: 0.020530919544398785
  view-data: 0.17632974218577147
