times:
  edit-metadata: 1.368135049007833
  landing: 0.022102939896285534
  view-data: 0.02566273044794798
