times:
  edit-metadata: 0.6940624171402305
  landing: 0.049807529896497726
  view-data: 0.19582527107559144
