times:
  edit-metadata: 0.5879254229366779
  landing: 0.04744878993369639
  view-data: 0.1829123750794679
