times:
  edit-metadata: 1.4468691647052765
  landing: 0.8114255480468273
  view-data: 3.2834791503846645
