times:
  edit-metadata: 0.49489123560488224
  landing: 1.1399752609431744
  view-data: 0.5871244817972183
