times:
  edit-metadata: 1.31017910502851
  landing: 0.12768920697271824
  view-data: 0.02669568546116352
