times:
  landing: 0.5528730379999729
  view-data: 0.5591356679999535
