times:
  edit-metadata: 0.5199791230261326
  landing: 0.04979703575372696
  view-data: 0.824313011020422
