times:
  edit-metadata: 1.701173396781087
  landing: 0.7242172490805387
  view-data: 3.4110887348651886
