times:
  edit-metadata: 1.5605187639594078
  landing: 0.740317715331912
  view-data: 3.416835181415081
