times:
  landing: 0.5905048730000431
  view-data: 0.5588298730000361
