times:
  edit-metadata: 1.484623096883297
  landing: 0.9766416884958744
  view-data: 3.3786149360239506
