times:
  landing: 0.5561448250000467
  view-data: 0.5642205579999882
