times:
  edit-metadata: 1.6300258869305253
  landing: 0.3094384931027889
  view-data: 0.42809191904962063
