times:
  edit-metadata: 0.702915915986523
  landing: 0.05372331500984728
  view-data: 0.2220105699962005
