times:
  edit-metadata: 1.576777633279562
  landing: 0.7869444498792291
  view-data: 3.394419657997787
