times:
  edit-metadata: 1.7199805490672588
  landing: 0.018784038722515106
  view-data: 0.30705158226192
