times:
  edit-metadata: 0.7619045041501522
  landing: 0.060484591871500015
  view-data: 0.23209303291514516
