times:
  edit-metadata: 1.4935402404516935
  landing: 0.8504427317529917
  view-data: 3.430907292291522
