times:
  landing: 0.547475057999975
  view-data: 0.5535005660000252
