times:
  edit-metadata: 0.6479604050982744
  landing: 0.09004881815053523
  view-data: 0.2227982839103788
