times:
  edit-metadata: 0.7155779108870775
  landing: 0.04950591898523271
  view-data: 0.21319782198406756
