times:
  edit-metadata: 1.672382041811943
  landing: 0.023208456113934517
  view-data: 0.10181986913084984
