times:
  edit-metadata: 1.993957731872797
  landing: 1.2558071501553059
  view-data: 3.4027635380625725
