times:
  edit-metadata: 2.076515257358551
  landing: 0.1659504622220993
  view-data: 0.02546651102602482
