times:
  edit-metadata: 0.6900613699108362
  landing: 0.055505803087726235
  view-data: 0.22258810698986053
