times:
  edit-metadata: 1.5114086717367172
  landing: 0.7810301948338747
  view-data: 3.3483388405293226
