times:
  edit-metadata: 1.3205003254115582
  landing: 0.9065470397472382
  view-data: 3.3622109331190586
