times:
  edit-metadata: 1.198713855119422
  landing: 0.6312863470520824
  view-data: 3.2441270120907575
