times:
  edit-metadata: 1.2229108586907387
  landing: 0.0508267916738987
  view-data: 0.2164672315120697
