times:
  landing: 0.5466846129999681
  view-data: 0.5510592670000278
