times:
  edit-metadata: 0.6684023910202086
  landing: 0.043492385651916265
  view-data: 0.21172686712816358
