times:
  edit-metadata: 0.8894797889806796
  landing: 0.12758324699825607
  view-data: 0.26871266798116267
