times:
  edit-metadata: 0.6690626789350063
  landing: 0.050035018008202314
  view-data: 0.3586350230034441
