times:
  edit-metadata: 1.705287553369999
  landing: 0.019062649458646774
  view-data: 0.482149463146925
