times:
  edit-metadata: 3.3960650879889727
  landing: 2.013699246570468
  view-data: 3.5156489368528128
