times:
  edit-metadata: 1.407128993421793
  landing: 0.8123983405530453
  view-data: 3.3328565433621407
