times:
  edit-metadata: 1.3519833888858557
  landing: 0.5795397739857435
  view-data: 0.6318584457039833
