times:
  edit-metadata: 0.7175356475636363
  landing: 0.0478996429592371
  view-data: 0.21180869825184345
