times:
  edit-metadata: 0.7162388940341771
  landing: 0.04870801605284214
  view-data: 0.21917770709842443
