times:
  edit-metadata: 1.523454423993826
  landing: 0.7852091528475285
  view-data: 3.4108396489173174
