times:
  edit-metadata: 0.6461899860296398
  landing: 0.07209486898500472
  view-data: 0.23324198898626491
