times:
  landing: 0.5497493600000212
  view-data: 0.5547115459999645
