times:
  edit-metadata: 1.4171142764389515
  landing: 1.0099862404167652
  view-data: 3.3299416415393353
