times:
  edit-metadata: 0.697191996499896
  landing: 0.05511694122105837
  view-data: 0.215925638563931
