times:
  edit-metadata: 0.6834537540562451
  landing: 0.05464828573167324
  view-data: 0.1977866399101913
