times:
  edit-metadata: 0.7392711190041155
  landing: 0.043568912195041776
  view-data: 0.20196977886371315
