times:
  edit-metadata: 0.6648581251502037
  landing: 0.0507429763674736
  view-data: 0.20935179060325027
