times:
  edit-metadata: 1.3042299263179302
  landing: 0.5817841850221157
  view-data: 0.22568407095968723
