times:
  edit-metadata: 0.7172798388637602
  landing: 0.052170139737427235
  view-data: 0.21023034490644932
