times:
  edit-metadata: 1.7160624861717224
  landing: 1.0351317673921585
  view-data: 3.399471491575241
