times:
  edit-metadata: 2.023871725425124
  landing: 4.039574716240168
  view-data: 3.4302214346826077
