times:
  edit-metadata: 1.43343036621809
  landing: 0.0659472905099392
  view-data: 0.21868971176445484
