times:
  edit-metadata: 0.6529586687684059
  landing: 0.04514101194217801
  view-data: 0.21742095006629825
