times:
  edit-metadata: 1.6297740917652845
  landing: 0.8232962675392628
  view-data: 3.372342588379979
