times:
  edit-metadata: 0.719362105242908
  landing: 0.05158140882849693
  view-data: 0.2119934121146798
