times:
  edit-metadata: 1.5857339221984148
  landing: 0.021259693428874016
  view-data: 0.40596524253487587
