times:
  edit-metadata: 0.7206961149931885
  landing: 0.04674165399046615
  view-data: 0.20202565300860442
