times:
  edit-metadata: 1.884573481976986
  landing: 1.2345358170568943
  view-data: 3.6699415128678083
