times:
  edit-metadata: 1.5814138567075133
  landing: 0.1337117711082101
  view-data: 0.09709437564015388
