times:
  edit-metadata: 1.2040874063968658
  landing: 0.04670444130897522
  view-data: 0.21250727027654648
