times:
  edit-metadata: 0.6983656277880073
  landing: 0.05139329703524709
  view-data: 0.21469482826068997
