times:
  edit-metadata: 1.4663943946361542
  landing: 1.0125965364277363
  view-data: 3.420552786439657
