times:
  edit-metadata: 1.5224632881581783
  landing: 0.7875908631831408
  view-data: 3.3857184424996376
