times:
  landing: 0.5619774580000012
  view-data: 0.5600047590000372
