times:
  edit-metadata: 1.6115451231598854
  landing: 0.01924104429781437
  view-data: 0.024226417765021324
