times:
  edit-metadata: 0.7353333159699105
  landing: 0.04644763201940805
  view-data: 0.22307034500408918
