times:
  edit-metadata: 1.3470547460019588
  landing: 0.5224459804594517
  view-data: 0.24877271987497807
