times:
  edit-metadata: 1.5364755624905229
  landing: 0.9394164048135281
  view-data: 3.3710168302059174
