times:
  edit-metadata: 1.3796039121225476
  landing: 0.7610305519774556
  view-data: 3.2772460211999714
