times:
  edit-metadata: 1.4317729398608208
  landing: 0.8921373952180147
  view-data: 3.3320729564875364
