times:
  edit-metadata: 0.7324730362743139
  landing: 1.389194244518876
  view-data: 1.1893896013498306
