times:
  edit-metadata: 0.674552826967556
  landing: 0.06757504300912842
  view-data: 0.21889315999578685
