times:
  edit-metadata: 1.70138999260962
  landing: 1.1912347842007875
  view-data: 3.505379017442465
