times:
  edit-metadata: 0.9577001710422337
  landing: 0.16551829129457474
  view-data: 0.23613828420639038
