times:
  edit-metadata: 0.6805490502156317
  landing: 0.06732003623619676
  view-data: 0.22560144029557705
