times:
  edit-metadata: 0.7292044693604112
  landing: 0.04195630084723234
  view-data: 0.2035737233236432
