times:
  edit-metadata: 0.7670864500105381
  landing: 0.5888501070439816
  view-data: 0.21092833951115608
