times:
  edit-metadata: 1.55830323882401
  landing: 0.9563391339033842
  view-data: 3.438845928758383
