times:
  edit-metadata: 1.699887515977025
  landing: 0.2052189391106367
  view-data: 0.2919845525175333
