times:
  edit-metadata: 1.5915824435651302
  landing: 0.020838219672441483
  view-data: 0.33709041215479374
