times:
  edit-metadata: 1.7266090232878923
  landing: 0.1412382423877716
  view-data: 0.02407270483672619
