times:
  edit-metadata: 1.9905982110649347
  landing: 0.2607575412839651
  view-data: 0.44620553962886333
