times:
  landing: 0.5545954789999996
  view-data: 0.5689405020000322
