times:
  landing: 0.5471043190000273
  view-data: 0.5487943439999867
