times:
  landing: 0.5474852480000436
  view-data: 0.5541909939999528
