times:
  landing: 1.069283955000003
  view-data: 0.5525796910000054
