times:
  edit-metadata: 1.6166534954681993
  landing: 1.049607747234404
  view-data: 3.396601571701467
