times:
  edit-metadata: 1.4763011811301112
  landing: 0.8226334135979414
  view-data: 3.3916929429396987
