times:
  edit-metadata: 0.6675581289455295
  landing: 0.052611574064940214
  view-data: 0.2122371019795537
