times:
  edit-metadata: 0.765665824059397
  landing: 0.05072994390502572
  view-data: 0.20364243164658546
