times:
  edit-metadata: 0.7644741570111364
  landing: 0.07115942914970219
  view-data: 0.25670579890720546
