times:
  edit-metadata: 1.2457840517163277
  landing: 0.05105246976017952
  view-data: 0.22142978757619858
