times:
  edit-metadata: 1.691490791272372
  landing: 1.066054465714842
  view-data: 3.322681071702391
