times:
  edit-metadata: 1.39748095581308
  landing: 5.48360252706334
  view-data: 3.416033178102225
