times:
  edit-metadata: 0.6983489212580025
  landing: 0.04063266096636653
  view-data: 0.2105790344066918
