times:
  landing: 0.5569699549999996
  view-data: 0.5579335619999597
