times:
  edit-metadata: 1.4555412586778402
  landing: 0.8263580575585365
  view-data: 3.4233734142035246
