times:
  edit-metadata: 1.7047494146972895
  landing: 0.021907920017838478
  view-data: 0.030041562393307686
