times:
  edit-metadata: 0.699206859106198
  landing: 0.04441553191281855
  view-data: 0.20384432701393962
