times:
  edit-metadata: 1.5962993949651718
  landing: 0.019824916496872902
  view-data: 0.15159993432462215
