times:
  edit-metadata: 0.6969371889717877
  landing: 0.04947897209785879
  view-data: 0.2012463139835745
