times:
  edit-metadata: 0.8052505101077259
  landing: 0.060859628953039646
  view-data: 0.24622145108878613
