times:
  landing: 1.663501860999986
  view-data: 0.5583551099999795
