times:
  edit-metadata: 2.825517065823078
  landing: 1.3298336025327444
  view-data: 3.6680320147424936
