times:
  edit-metadata: 0.7481397979427129
  landing: 0.04417115985415876
  view-data: 0.19867273699492216
