times:
  edit-metadata: 1.5050806067883968
  landing: 0.8116674181073904
  view-data: 3.3876865711063147
