times:
  edit-metadata: 0.6917946031317115
  landing: 0.04197653289884329
  view-data: 0.2066255551762879
