times:
  edit-metadata: 0.7871792949736118
  landing: 0.05301402206532657
  view-data: 0.23699857597239316
