times:
  edit-metadata: 1.2443618793040514
  landing: 2.7912678122520447
  view-data: 1.0115759074687958
