times:
  edit-metadata: 1.196850549429655
  landing: 0.05325827747583389
  view-data: 0.20758524164557457
