times:
  edit-metadata: 0.7440706589259207
  landing: 0.04147651186212897
  view-data: 0.20855813520029187
