times:
  edit-metadata: 1.3010985273867846
  landing: 0.8694729581475258
  view-data: 0.3144942354410887
