times:
  edit-metadata: 0.7206992829451337
  landing: 0.05343708203872666
  view-data: 0.20301973295863718
