times:
  edit-metadata: 0.6833644681610167
  landing: 0.04482318414375186
  view-data: 0.20310894306749105
