times:
  landing: 0.5464261409999835
  view-data: 0.5525491609999449
