times:
  edit-metadata: 0.6924244549591094
  landing: 0.0771667780354619
  view-data: 0.2272265439387411
