times:
  landing: 0.5528056019999781
  view-data: 0.5537365200000295
