times:
  edit-metadata: 1.5023898519575596
  landing: 0.755622697994113
  view-data: 3.412180555984378
