times:
  edit-metadata: 0.7184342429973185
  landing: 0.052467640955001116
  view-data: 0.2033631440717727
