times:
  edit-metadata: 1.6556968167424202
  landing: 0.9411295689642429
  view-data: 3.411798845976591
