times:
  edit-metadata: 1.468986988067627
  landing: 0.9002234525978565
  view-data: 3.4430587217211723
