times:
  landing: 0.5422823589999837
  view-data: 0.5496949379999876
