times:
  edit-metadata: 1.5925798583775759
  landing: 0.8418508246541023
  view-data: 3.4327162224799395
