times:
  edit-metadata: 1.9160189665853977
  landing: 0.15667002089321613
  view-data: 0.1517581008374691
