times:
  edit-metadata: 0.9381900453008711
  landing: 0.09812083700671792
  view-data: 0.26273383060470223
