times:
  edit-metadata: 1.587841322645545
  landing: 0.20581795368343592
  view-data: 0.023684514686465263
