times:
  edit-metadata: 1.5534212235361338
  landing: 0.6979633253067732
  view-data: 3.349895592778921
