times:
  edit-metadata: 1.4326255172491074
  landing: 0.9289422975853086
  view-data: 3.381930056028068
