times:
  edit-metadata: 0.6533655063249171
  landing: 0.06872652005404234
  view-data: 0.2581146704033017
