times:
  edit-metadata: 1.3640710897743702
  landing: 0.7723700143396854
  view-data: 3.367127748206258
