times:
  edit-metadata: 0.654963532986585
  landing: 0.06745244597550482
  view-data: 0.3558541139937006
