times:
  edit-metadata: 1.731909696944058
  landing: 0.019709370099008083
  view-data: 0.11961596924811602
