times:
  edit-metadata: 0.6677995566278696
  landing: 0.04757491033524275
  view-data: 0.2210430884733796
