times:
  landing: 0.5530326980000382
  view-data: 0.5564122370000177
