times:
  edit-metadata: 1.2986850012093782
  landing: 0.6915897037833929
  view-data: 0.3029382545500994
