times:
  edit-metadata: 1.5610465593636036
  landing: 0.7750525437295437
  view-data: 3.4421933628618717
