times:
  landing: 1.0642487349996372
  view-data: 0.5596448159999454
