times:
  edit-metadata: 1.865553330630064
  landing: 1.0649921353906393
  view-data: 3.3725068420171738
