times:
  landing: 1.0789861189999783
  view-data: 0.5577958299999182
