times:
  landing: 0.5590972829999714
  view-data: 0.5719275409999796
