times:
  edit-metadata: 1.3280875869095325
  landing: 0.7005223277956247
  view-data: 0.3518927451223135
