times:
  edit-metadata: 1.2313596457242966
  landing: 0.04627297446131706
  view-data: 0.21410007402300835
