times:
  landing: 1.0848353469999665
  view-data: 0.5559812479999664
