times:
  edit-metadata: 1.7823843490332365
  landing: 0.18602881766855717
  view-data: 0.4791514426469803
