times:
  edit-metadata: 2.5542214340530336
  landing: 0.36181084503186867
  view-data: 0.629606814996805
