times:
  edit-metadata: 0.6260456331074238
  landing: 0.07090288097970188
  view-data: 0.22665165201760828
