times:
  landing: 0.571971944999973
  view-data: 0.5624801809999553
