times:
  edit-metadata: 1.2933985982090235
  landing: 0.5713675115257502
  view-data: 0.6147630885243416
