times:
  edit-metadata: 1.3924356773495674
  landing: 0.8365361914038658
  view-data: 3.383653834462166
