times:
  edit-metadata: 1.5947869447991252
  landing: 0.3065453041344881
  view-data: 0.38379049953073263
