times:
  edit-metadata: 1.5422943010926247
  landing: 1.0624671699479222
  view-data: 3.552798223681748
