times:
  edit-metadata: 1.2077911868691444
  landing: 0.579371327534318
  view-data: 0.6198139898478985
