times:
  edit-metadata: 1.4778319839388132
  landing: 0.9107930440222844
  view-data: 3.461603554082103
