times:
  edit-metadata: 1.5206673657521605
  landing: 0.01910649612545967
  view-data: 0.12184088304638863
