times:
  edit-metadata: 1.7048880439251661
  landing: 0.8362553790211678
  view-data: 3.426643827930093
