times:
  edit-metadata: 1.396779589354992
  landing: 0.7630782388150692
  view-data: 3.315469641238451
