times:
  edit-metadata: 1.3654675036668777
  landing: 0.9634020291268826
  view-data: 3.368751022964716
