times:
  edit-metadata: 1.418547846376896
  landing: 0.9706739336252213
  view-data: 3.403731446713209
