times:
  edit-metadata: 0.7989724830258638
  landing: 0.051656699972227216
  view-data: 0.19818137818947434
