times:
  edit-metadata: 1.7903794348239899
  landing: 0.7080447264015675
  view-data: 3.4134020786732435
