times:
  edit-metadata: 0.6528050090419129
  landing: 0.07064270495902747
  view-data: 0.22487343195825815
