times:
  edit-metadata: 0.7654421948827803
  landing: 0.11275257496163249
  view-data: 0.22680172882974148
