times:
  edit-metadata: 0.7384522990323603
  landing: 0.04278678598348051
  view-data: 0.20594519894802943
