times:
  edit-metadata: 0.7192016770131886
  landing: 0.060680699069052935
  view-data: 0.2108678799122572
