times:
  edit-metadata: 0.7182513080042554
  landing: 0.042457753006601706
  view-data: 0.20314807900285814
