times:
  edit-metadata: 1.7920185346156359
  landing: 0.020531153306365013
  view-data: 0.3061327952891588
