times:
  edit-metadata: 1.5684215007349849
  landing: 0.021816661581397057
  view-data: 0.02714440319687128
