times:
  edit-metadata: 1.6118533872067928
  landing: 0.02055233810096979
  view-data: 0.023743736557662487
