times:
  edit-metadata: 1.1750872023403645
  landing: 0.04604721814393997
  view-data: 0.21133484318852425
