times:
  edit-metadata: 1.590625198557973
  landing: 0.11669202893972397
  view-data: 0.2924131639301777
