times:
  edit-metadata: 0.6627978621982038
  landing: 0.06270902883261442
  view-data: 0.22234680224210024
