times:
  edit-metadata: 1.3397554121911526
  landing: 6.383669355884194
  view-data: 1.5456023029983044
