times:
  edit-metadata: 1.479970771819353
  landing: 0.9090058878064156
  view-data: 3.3335349075496197
