times:
  edit-metadata: 1.52351526170969
  landing: 0.9322509877383709
  view-data: 3.3804865702986717
