times:
  edit-metadata: 0.9790704492479563
  landing: 0.07542218919843435
  view-data: 0.31242525624111295
