times:
  edit-metadata: 1.5605355985462666
  landing: 0.8123741503804922
  view-data: 3.4585353266447783
