times:
  edit-metadata: 1.641847730614245
  landing: 0.02415622677654028
  view-data: 0.02554901782423258
