times:
  edit-metadata: 1.6404096875339746
  landing: 0.18928417935967445
  view-data: 0.14082214049994946
