times:
  edit-metadata: 0.6619409928098321
  landing: 0.04405429307371378
  view-data: 0.20878211688250303
