times:
  edit-metadata: 1.8527596611529589
  landing: 0.01981450989842415
  view-data: 0.3419529478996992
