times:
  landing: 0.5579813519999561
  view-data: 0.5664176789999829
