times:
  edit-metadata: 1.572310677729547
  landing: 0.021925893612205982
  view-data: 0.027059614658355713
