times:
  landing: 0.5550092249999921
  view-data: 0.555103115999998
