times:
  edit-metadata: 1.365968246012926
  landing: 0.582105215638876
  view-data: 0.3153346870094538
