times:
  edit-metadata: 0.7024385323747993
  landing: 0.05275742104277015
  view-data: 0.20380301075056195
