times:
  edit-metadata: 1.6617662217468023
  landing: 0.9111641328781843
  view-data: 3.5047559589147568
