times:
  edit-metadata: 0.6675990521907806
  landing: 0.04701246367767453
  view-data: 0.20525296311825514
