times:
  edit-metadata: 1.367198801599443
  landing: 0.8017005100846291
  view-data: 3.358873219229281
