times:
  landing: 1.068229365000036
  view-data: 0.5534011479999776
