times:
  edit-metadata: 0.7489747400395572
  landing: 0.11301305703818798
  view-data: 0.22186128236353397
