times:
  landing: 0.5560853889999748
  view-data: 0.5604751810000153
