times:
  edit-metadata: 1.7194492798298597
  landing: 0.14965129271149635
  view-data: 0.4562193378806114
