times:
  edit-metadata: 1.2978113600984216
  landing: 0.05505755892954767
  view-data: 0.24917886406183243
