times:
  edit-metadata: 1.4221227951347828
  landing: 0.893930621445179
  view-data: 3.3149769008159637
