times:
  landing: 0.5562302820000014
  view-data: 0.5642631789999655
