times:
  edit-metadata: 0.6429627470206469
  landing: 0.08274353493470699
  view-data: 0.21660465991590172
