times:
  edit-metadata: 2.3691237941384315
  landing: 0.2766206245869398
  view-data: 0.5093564093112946
