times:
  edit-metadata: 2.0745219476521015
  landing: 0.29101960733532906
  view-data: 0.4116857945919037
