times:
  edit-metadata: 1.576946129091084
  landing: 0.020468994975090027
  view-data: 0.025805781595408916
