times:
  landing: 0.5449867349999522
  view-data: 0.5490461900000128
