times:
  landing: 0.6003816890000166
  view-data: 0.5469307509999908
