times:
  edit-metadata: 1.9778908370062709
  landing: 0.9422338069416583
  view-data: 3.3379491697996855
