times:
  edit-metadata: 0.6346315424889326
  landing: 0.05255534779280424
  view-data: 0.21005021128803492
