times:
  landing: 0.5528413970000088
  view-data: 0.5552784689999726
