times:
  edit-metadata: 0.7178496869746596
  landing: 0.0730784279294312
  view-data: 0.21438443311490119
