times:
  edit-metadata: 1.4791553169488907
  landing: 0.814069552347064
  view-data: 3.3868645913898945
