times:
  edit-metadata: 1.2388759963214397
  landing: 0.05387650430202484
  view-data: 0.210435189306736
