times:
  edit-metadata: 1.6562297930940986
  landing: 0.021273620426654816
  view-data: 0.3762846300378442
