times:
  edit-metadata: 1.3843897150363773
  landing: 0.8098756649997085
  view-data: 3.363692831946537
