times:
  edit-metadata: 1.375725096091628
  landing: 0.7582423649728298
  view-data: 3.296054109930992
