times:
  edit-metadata: 0.7272305968217552
  landing: 0.05222483491525054
  view-data: 0.20403531566262245
