times:
  landing: 0.5489701210000248
  view-data: 0.5528039820000004
