times:
  edit-metadata: 3.7366213109344244
  landing: 0.46354689076542854
  view-data: 0.7377390200272202
