times:
  edit-metadata: 0.7046731069567613
  landing: 0.04449922597268596
  view-data: 0.2069133729673922
