times:
  landing: 0.5500294240000017
  view-data: 0.5566576929999769
