times:
  edit-metadata: 1.5642045214772224
  landing: 0.851960651576519
  view-data: 3.4032906256616116
