times:
  edit-metadata: 1.68827760592103
  landing: 0.14305581524968147
  view-data: 0.023104559630155563
