times:
  landing: 0.5535837099999981
  view-data: 0.5595096479999029
