times:
  edit-metadata: 0.7395767549751326
  landing: 0.06848111201543361
  view-data: 0.2454458960564807
