times:
  edit-metadata: 1.31834102794528
  landing: 0.6279278844594955
  view-data: 0.21898654848337173
