times:
  edit-metadata: 1.566749107092619
  landing: 0.1731057856231928
  view-data: 0.3404098618775606
