times:
  edit-metadata: 1.5800707852467895
  landing: 0.17156619764864445
  view-data: 0.02524996269494295
