times:
  edit-metadata: 1.630141967907548
  landing: 0.20755759719759226
  view-data: 0.02503839787095785
