times:
  landing: 0.5498323130000244
  view-data: 0.5602067119999674
