times:
  edit-metadata: 0.6516418140381575
  landing: 0.04656678717583418
  view-data: 0.20292597962543368
