times:
  edit-metadata: 1.5935423467308283
  landing: 0.02168875001370907
  view-data: 0.02464375738054514
