times:
  edit-metadata: 0.6868531319778413
  landing: 0.0447884890018031
  view-data: 0.20159941201563925
