times:
  edit-metadata: 0.6436418549856171
  landing: 0.07166750903706998
  view-data: 0.3610827800584957
