times:
  edit-metadata: 1.3618003437295556
  landing: 0.936997156124562
  view-data: 3.403431029058993
