times:
  edit-metadata: 1.3520023860037327
  landing: 0.8504476360976696
  view-data: 3.2972159944474697
