times:
  edit-metadata: 0.6468246630392969
  landing: 0.0778206120012328
  view-data: 0.21586397395003587
