times:
  edit-metadata: 1.576973524875939
  landing: 0.0203777514398098
  view-data: 0.12342956010252237
