times:
  landing: 0.5545894379999936
  view-data: 0.5598525629999926
