times:
  edit-metadata: 0.7153879678808153
  landing: 0.0436397441662848
  view-data: 0.21258697239682078
