times:
  edit-metadata: 2.1599574014544487
  landing: 1.092060063034296
  view-data: 3.4651018530130386
