times:
  edit-metadata: 0.6590419709682465
  landing: 0.07877233577892184
  view-data: 0.3384496937505901
