times:
  edit-metadata: 1.426489569246769
  landing: 0.6521015241742134
  view-data: 3.280787281692028
