times:
  edit-metadata: 0.7051116670481861
  landing: 0.048485512379556894
  view-data: 0.21157674118876457
