times:
  edit-metadata: 0.9297983618453145
  landing: 0.13077503768727183
  view-data: 0.24191740015521646
