times:
  edit-metadata: 2.0240643676370382
  landing: 0.020211663097143173
  view-data: 0.3474869914352894
