times:
  edit-metadata: 1.8972590658813715
  landing: 1.2487762067466974
  view-data: 3.619757344946265
