times:
  edit-metadata: 1.3695288775488734
  landing: 0.8367734821513295
  view-data: 3.3715985035523772
