times:
  edit-metadata: 0.7048803251236677
  landing: 0.04284496884793043
  view-data: 0.2108266120776534
