times:
  edit-metadata: 1.6721515823155642
  landing: 0.020650478079915047
  view-data: 0.025517534464597702
