times:
  landing: 0.5522180379999782
  view-data: 0.5627149750000058
