times:
  edit-metadata: 0.6916071060113609
  landing: 0.04956123302690685
  view-data: 0.20092997909523547
