times:
  edit-metadata: 1.5426744499709457
  landing: 1.03712926490698
  view-data: 3.297257461003028
