times:
  landing: 1.0710877029999892
  view-data: 0.5576835079999682
