times:
  edit-metadata: 1.4143556104972959
  landing: 0.9064679965376854
  view-data: 3.31601688824594
