times:
  landing: 0.6059212160000129
  view-data: 0.5551789819999726
