times:
  edit-metadata: 1.6090288320556283
  landing: 0.16154380328953266
  view-data: 0.34865875262767076
