times:
  edit-metadata: 0.6961702679982409
  landing: 0.04896045697387308
  view-data: 0.2068082980113104
