times:
  edit-metadata: 1.6467441357672215
  landing: 0.21844778954982758
  view-data: 0.0301827285438776
