times:
  edit-metadata: 1.42249621078372
  landing: 0.9485352532938123
  view-data: 3.4567658128216863
