times:
  edit-metadata: 1.754666218534112
  landing: 0.2883208151906729
  view-data: 0.37931337021291256
