times:
  edit-metadata: 1.3538135811686516
  landing: 0.0693742223083973
  view-data: 0.21028298698365688
