times:
  edit-metadata: 2.245280671864748
  landing: 0.2965153902769089
  view-data: 0.41322956793010235
