times:
  edit-metadata: 0.6644173739477992
  landing: 0.05176622187718749
  view-data: 0.20886423578485847
