times:
  landing: 0.5569157219999852
  view-data: 0.5626602029999503
