times:
  edit-metadata: 0.7403201459965203
  landing: 0.0506286219751928
  view-data: 0.3689530999981798
