times:
  edit-metadata: 1.3760784030891955
  landing: 0.8804347952827811
  view-data: 3.3140396387316287
