times:
  edit-metadata: 2.7516007982194424
  landing: 1.3117552613839507
  view-data: 3.6821756148710847
