times:
  edit-metadata: 1.676578663289547
  landing: 0.9100741371512413
  view-data: 3.25819181650877
