times:
  edit-metadata: 1.0322500872425735
  landing: 0.06422186875715852
  view-data: 0.2252150629647076
