times:
  edit-metadata: 0.6952157390769571
  landing: 0.045536977937445045
  view-data: 0.20486628403887153
