times:
  edit-metadata: 1.3844696208834648
  landing: 0.5518914442509413
  view-data: 0.23929128050804138
