times:
  edit-metadata: 0.6764985900372267
  landing: 0.047036876901984215
  view-data: 0.19770465604960918
