times:
  edit-metadata: 1.603089259006083
  landing: 0.24357946403324604
  view-data: 0.39203700982034206
