times:
  edit-metadata: 1.2653055265545845
  landing: 0.84140988253057
  view-data: 0.3117440938949585
