times:
  edit-metadata: 0.7539906940655783
  landing: 0.09398272295948118
  view-data: 0.22932661895174533
