times:
  edit-metadata: 1.5053923688828945
  landing: 0.7523104213178158
  view-data: 3.4085865058004856
