times:
  edit-metadata: 1.969536291435361
  landing: 0.28881973028182983
  view-data: 0.38391402922570705
