times:
  edit-metadata: 1.3450134955346584
  landing: 0.5907912719994783
  view-data: 0.21224650740623474
