times:
  edit-metadata: 1.5950895138084888
  landing: 0.21290387026965618
  view-data: 0.023958774283528328
