times:
  edit-metadata: 1.6840750947594643
  landing: 0.01923576556146145
  view-data: 0.023998873308300972
