times:
  edit-metadata: 1.5148837361484766
  landing: 0.8138019479811192
  view-data: 3.4055261872708797
