times:
  edit-metadata: 0.7171320687048137
  landing: 0.06853796215727925
  view-data: 0.2502409922890365
