times:
  edit-metadata: 1.3617445975542068
  landing: 0.663605835288763
  view-data: 0.3260199949145317
