times:
  edit-metadata: 0.7349549589853268
  landing: 0.04510483599733561
  view-data: 0.21964971598936245
