times:
  edit-metadata: 1.4288900345563889
  landing: 7.329874932765961
  view-data: 3.306704606860876
