times:
  edit-metadata: 1.3769013453274965
  landing: 0.8262529913336039
  view-data: 3.4151446856558323
