times:
  edit-metadata: 1.2055076994001865
  landing: 0.0527084618806839
  view-data: 0.2077760212123394
