times:
  edit-metadata: 0.7121309390058741
  landing: 0.04941031290218234
  view-data: 0.2052126550115645
