times:
  edit-metadata: 0.9416747898794711
  landing: 0.07785840495489538
  view-data: 0.2536687308456749
