times:
  edit-metadata: 1.3660641629248857
  landing: 0.8916698768734932
  view-data: 0.2268673423677683
