times:
  edit-metadata: 1.60057673137635
  landing: 0.0206446535885334
  view-data: 0.027510853484272957
