times:
  edit-metadata: 0.6498353481292725
  landing: 0.07023197505623102
  view-data: 0.22794764512218535
