times:
  edit-metadata: 0.7015373471658677
  landing: 0.05333192995749414
  view-data: 0.24893415300175548
