times:
  edit-metadata: 1.220782607793808
  landing: 0.05360046401619911
  view-data: 0.20885061100125313
