times:
  edit-metadata: 0.78612289018929
  landing: 0.05421679886057973
  view-data: 0.23592828633263707
