times:
  edit-metadata: 1.704234767705202
  landing: 0.9976912066340446
  view-data: 3.3404759243130684
