times:
  edit-metadata: 1.5492306621745229
  landing: 0.11761456169188023
  view-data: 0.025016017258167267
