times:
  edit-metadata: 0.7128772060000301
  landing: 0.06197338199990554
  view-data: 0.2395950149998498
