times:
  edit-metadata: 1.4874365832656622
  landing: 1.009009813889861
  view-data: 4.675819901749492
