times:
  edit-metadata: 1.0456605893559754
  landing: 0.0655824220739305
  view-data: 0.27093168068677187
