times:
  edit-metadata: 1.2942314017564058
  landing: 1.0748006124049425
  view-data: 0.45846027322113514
