times:
  landing: 1.0764774310000007
  view-data: 0.5612999100000025
