times:
  edit-metadata: 0.66887625772506
  landing: 0.04856679309159517
  view-data: 0.21945876628160477
