times:
  edit-metadata: 1.584552589803934
  landing: 0.9767232164740562
  view-data: 3.3368471562862396
