times:
  edit-metadata: 2.079161200672388
  landing: 0.24929369986057281
  view-data: 0.4438354969024658
