times:
  edit-metadata: 1.7947657480835915
  landing: 0.018978290259838104
  view-data: 0.38329749554395676
