times:
  edit-metadata: 1.2026209384202957
  landing: 0.05422059819102287
  view-data: 0.20948491245508194
