times:
  edit-metadata: 1.4710484221577644
  landing: 1.0679641999304295
  view-data: 3.3575434647500515
