times:
  edit-metadata: 0.6659302299376577
  landing: 0.0648193689994514
  view-data: 0.22903407993726432
