times:
  edit-metadata: 1.521785445511341
  landing: 0.7742414548993111
  view-data: 3.3849077858030796
