times:
  edit-metadata: 1.6747311186045408
  landing: 0.862506297416985
  view-data: 3.6777991987764835
