times:
  edit-metadata: 1.8532837759703398
  landing: 0.019226258620619774
  view-data: 0.15068206191062927
