times:
  edit-metadata: 1.2039293870329857
  landing: 0.053210023790597916
  view-data: 0.2136375680565834
