times:
  edit-metadata: 1.703670585528016
  landing: 0.02230767533183098
  view-data: 0.3534833677113056
