times:
  edit-metadata: 0.7502991743385792
  landing: 0.5547381322830915
  view-data: 0.20490925200283527
