times:
  edit-metadata: 0.7550563199911267
  landing: 0.043563627172261477
  view-data: 0.19976023002527654
