times:
  edit-metadata: 1.7522652763873339
  landing: 0.11954285949468613
  view-data: 0.11972827278077602
