times:
  landing: 0.5424769260000062
  view-data: 0.5512312329999816
