times:
  edit-metadata: 1.5238760244101286
  landing: 0.8152192384004593
  view-data: 3.32544063962996
