times:
  edit-metadata: 1.2507702859584242
  landing: 0.7000322069507092
  view-data: 3.2711662189103663
