times:
  edit-metadata: 0.6410657470114529
  landing: 0.06010832195170224
  view-data: 0.23816339508630335
