times:
  edit-metadata: 0.684516130015254
  landing: 0.04367736796848476
  view-data: 0.20224361680448055
