times:
  edit-metadata: 1.2495753839612007
  landing: 0.6821993924677372
  view-data: 0.31113469414412975
