times:
  edit-metadata: 0.7544386719819158
  landing: 0.06609194300835952
  view-data: 0.2455518679926172
