times:
  edit-metadata: 1.3986236862838268
  landing: 0.9379186034202576
  view-data: 3.4416404515504837
