times:
  edit-metadata: 0.7415704900049604
  landing: 0.06910939500085078
  view-data: 0.23364078599843197
