times:
  edit-metadata: 1.4459407329559326
  landing: 0.8804498799145222
  view-data: 3.346910197287798
