times:
  edit-metadata: 1.1880718041211367
  landing: 1.3927209004759789
  view-data: 0.648028651252389
