times:
  edit-metadata: 1.5529649909585714
  landing: 0.8264834266155958
  view-data: 3.443683383986354
