times:
  landing: 0.5567404120000106
  view-data: 0.5608475840000438
