times:
  landing: 0.5490040269999099
  view-data: 0.5525711539999065
