times:
  edit-metadata: 1.629943716339767
  landing: 0.020660582929849625
  view-data: 0.12474481202661991
