times:
  edit-metadata: 1.5878868820145726
  landing: 0.02015203982591629
  view-data: 0.02600251603871584
