times:
  edit-metadata: 0.6697709476575255
  landing: 0.04242824111133814
  view-data: 0.2164365123026073
