times:
  edit-metadata: 1.4348735678941011
  landing: 0.8911405969411135
  view-data: 3.3664187472313643
