times:
  edit-metadata: 1.208534000441432
  landing: 1.3823190163820982
  view-data: 0.551874503493309
