times:
  edit-metadata: 1.6203783294185996
  landing: 0.02400779165327549
  view-data: 0.4370312551036477
