times:
  landing: 0.5509755539999901
  view-data: 0.5560411969999564
