times:
  edit-metadata: 1.521018385887146
  landing: 0.8889002092182636
  view-data: 3.375181745737791
