times:
  edit-metadata: 0.7008781009353697
  landing: 0.054290446918457747
  view-data: 0.19987341482192278
