times:
  edit-metadata: 0.6963261310011148
  landing: 0.07178333192132413
  view-data: 0.22869490995071828
