times:
  edit-metadata: 1.1939645148813725
  landing: 0.043264374136924744
  view-data: 0.20504024252295494
