times:
  edit-metadata: 1.2681953199207783
  landing: 0.7741949297487736
  view-data: 0.44863290525972843
