times:
  edit-metadata: 1.3216144554316998
  landing: 0.7247104793787003
  view-data: 3.2582752481102943
