times:
  edit-metadata: 0.7833148600184359
  landing: 0.060676307999528944
  view-data: 0.21053828101139516
