times:
  edit-metadata: 1.4957491662353277
  landing: 0.7602132614701986
  view-data: 3.4176132399588823
