times:
  edit-metadata: 0.6299255257472396
  landing: 0.08262622775509953
  view-data: 0.22466816287487745
