times:
  landing: 1.1056432930000142
  view-data: 0.5576661620000323
