times:
  edit-metadata: 1.234420157968998
  landing: 0.05189193785190582
  view-data: 0.2139744758605957
