times:
  edit-metadata: 1.4172841738909483
  landing: 0.8450830820947886
  view-data: 0.41164249554276466
