times:
  edit-metadata: 1.6060849409550428
  landing: 0.7799912560731173
  view-data: 3.3282056730240583
