times:
  landing: 1.0709212379999826
  view-data: 0.5534196670000142
