times:
  edit-metadata: 1.3440723652020097
  landing: 0.7941043619066477
  view-data: 3.3538081785663962
