times:
  edit-metadata: 0.679813374998048
  landing: 0.0552286219317466
  view-data: 0.225997144007124
