times:
  edit-metadata: 0.6940227560698986
  landing: 0.051156445406377316
  view-data: 0.2232040110975504
