times:
  edit-metadata: 1.6534584192559123
  landing: 0.21968682948499918
  view-data: 0.286987685598433
