times:
  landing: 1.094935788999976
  view-data: 0.5865268880000372
