times:
  edit-metadata: 1.3661559615284204
  landing: 0.8184622228145599
  view-data: 0.3047370593994856
