times:
  edit-metadata: 1.552347207441926
  landing: 1.086645057424903
  view-data: 3.390836112201214
