times:
  edit-metadata: 0.8637817080016248
  landing: 0.07643263801583089
  view-data: 0.2621124070137739
