times:
  edit-metadata: 1.290232228115201
  landing: 0.578542148694396
  view-data: 0.31581017561256886
