times:
  edit-metadata: 0.7134049530141056
  landing: 0.041214043740183115
  view-data: 0.2059837211854756
