times:
  edit-metadata: 1.61846305988729
  landing: 0.8981395345181227
  view-data: 3.3757961969822645
