times:
  edit-metadata: 1.6010693795979023
  landing: 0.7150855548679829
  view-data: 3.352663377299905
