times:
  landing: 0.5538648410000064
  view-data: 0.5590034160000528
