times:
  edit-metadata: 1.4787607192993164
  landing: 0.776812344789505
  view-data: 3.40140778478235
