times:
  edit-metadata: 0.8398834397085011
  landing: 0.07487245183438063
  view-data: 0.23000854905694723
