times:
  edit-metadata: 0.6974820741452277
  landing: 0.04736285097897053
  view-data: 0.2033264129422605
