times:
  edit-metadata: 0.7437178899999708
  landing: 0.0740017929347232
  view-data: 0.23168833693489432
