times:
  edit-metadata: 1.3530765380710363
  landing: 0.6849215310066938
  view-data: 0.4438708983361721
