times:
  edit-metadata: 0.7410202673636377
  landing: 0.05224642110988498
  view-data: 0.2046317416243255
