times:
  edit-metadata: 0.7249887268990278
  landing: 0.5738026201725006
  view-data: 0.21039452217519283
