times:
  edit-metadata: 0.7092977399006486
  landing: 0.049669089959934354
  view-data: 0.21277685603126884
