times:
  edit-metadata: 0.6608014439698309
  landing: 0.07385506294667721
  view-data: 0.21613855101168156
