times:
  edit-metadata: 1.5205551199615002
  landing: 0.7267162203788757
  view-data: 3.4039744287729263
