times:
  edit-metadata: 1.6130493264645338
  landing: 0.02247798629105091
  view-data: 0.13485104404389858
