times:
  edit-metadata: 1.5977679248899221
  landing: 0.8329371716827154
  view-data: 3.398190138861537
