times:
  edit-metadata: 1.2393114566802979
  landing: 0.051503051072359085
  view-data: 0.21297449246048927
