times:
  edit-metadata: 1.6625164384022355
  landing: 0.11739130597561598
  view-data: 0.3583453008905053
