times:
  edit-metadata: 1.6324485763907433
  landing: 0.027323571033775806
  view-data: 0.13431022595614195
