times:
  edit-metadata: 1.5718685165047646
  landing: 0.019072500988841057
  view-data: 0.4288740921765566
