times:
  edit-metadata: 1.5956195928156376
  landing: 0.7968088090419769
  view-data: 3.3767559975385666
