times:
  edit-metadata: 1.5751355476677418
  landing: 1.0514601543545723
  view-data: 3.432332906872034
