times:
  edit-metadata: 1.4234939329326153
  landing: 0.8602484278380871
  view-data: 3.3121382854878902
