times:
  edit-metadata: 1.4937294442206621
  landing: 0.7688309960067272
  view-data: 3.3276688996702433
