times:
  edit-metadata: 0.666957878973335
  landing: 0.06063910014927387
  view-data: 0.20065265195444226
