times:
  edit-metadata: 0.7104698889888823
  landing: 0.07544924097601324
  view-data: 0.24087088997475803
