times:
  edit-metadata: 0.7255815411917865
  landing: 0.12204653304070234
  view-data: 0.2986979568377137
