times:
  landing: 0.5483653469999581
  view-data: 0.5497423159999926
