times:
  edit-metadata: 1.5481378100812435
  landing: 0.8173798453062773
  view-data: 3.375223070383072
