times:
  edit-metadata: 1.499194622039795
  landing: 0.8224731236696243
  view-data: 3.419327534735203
