times:
  edit-metadata: 1.5898625701665878
  landing: 0.886414859443903
  view-data: 3.399501249194145
