times:
  edit-metadata: 1.6476433873176575
  landing: 0.206838040612638
  view-data: 0.09620395302772522
