times:
  edit-metadata: 0.6760145062580705
  landing: 0.04318913631141186
  view-data: 0.20703531615436077
