times:
  edit-metadata: 0.66552918497473
  landing: 0.04814813984557986
  view-data: 0.20617056218907237
