times:
  edit-metadata: 0.7519165039993823
  landing: 0.044347926042973995
  view-data: 0.1995609930017963
