times:
  edit-metadata: 1.6193340374156833
  landing: 0.022443347610533237
  view-data: 0.024004447273910046
