times:
  edit-metadata: 0.6912975849118084
  landing: 0.044336640974506736
  view-data: 0.1996976900845766
