times:
  edit-metadata: 1.5047070235013962
  landing: 0.7583699896931648
  view-data: 3.3469515778124332
