times:
  edit-metadata: 1.624215628951788
  landing: 0.021840494126081467
  view-data: 0.02739550732076168
