times:
  edit-metadata: 1.3917438490316272
  landing: 1.19960455596447
  view-data: 3.3322669146582484
