times:
  landing: 0.5444262569999978
  view-data: 0.5456434280000053
