times:
  landing: 0.5539325870000198
  view-data: 0.5568579680000312
