times:
  edit-metadata: 0.7209300086833537
  landing: 0.05143930809572339
  view-data: 0.20111437421292067
