times:
  edit-metadata: 2.9046008344739676
  landing: 0.9181860713288188
  view-data: 3.6719551300629973
