times:
  landing: 0.5547865109999748
  view-data: 0.5610532579999585
