times:
  edit-metadata: 1.6781723331660032
  landing: 0.24119294993579388
  view-data: 0.3344304859638214
