times:
  landing: 1.1238872739999692
  view-data: 0.5473872599999936
