times:
  edit-metadata: 0.6934670498594642
  landing: 0.05217125732451677
  view-data: 0.21891120355576277
