times:
  edit-metadata: 1.5299032665789127
  landing: 0.8395222164690495
  view-data: 3.345353104174137
