times:
  edit-metadata: 0.6943984758108854
  landing: 0.4925751853734255
  view-data: 0.2033932711929083
