times:
  edit-metadata: 1.2093992866575718
  landing: 0.0513833723962307
  view-data: 0.21065789461135864
