times:
  edit-metadata: 2.3315896801650524
  landing: 0.8934537842869759
  view-data: 3.314366403967142
