times:
  edit-metadata: 1.198401264846325
  landing: 0.05387493595480919
  view-data: 0.2058432586491108
