times:
  edit-metadata: 1.6412762738764286
  landing: 0.13042349833995104
  view-data: 0.3990631168708205
