times:
  edit-metadata: 1.7445343360304832
  landing: 0.1429431214928627
  view-data: 0.02667769230902195
