times:
  landing: 1.0579894990000298
  view-data: 0.5488614249999841
