times:
  edit-metadata: 1.373307169880718
  landing: 0.848591968882829
  view-data: 3.3863492817617953
