times:
  edit-metadata: 1.7129810601472855
  landing: 0.0202432069927454
  view-data: 0.12066677585244179
