times:
  edit-metadata: 1.6134586371481419
  landing: 0.9498145617544651
  view-data: 3.3328201323747635
