times:
  edit-metadata: 0.6993473079055548
  landing: 0.05599659192375839
  view-data: 0.27055506501346827
