times:
  edit-metadata: 0.7176893968135118
  landing: 0.522829120978713
  view-data: 0.31528964079916477
