times:
  edit-metadata: 1.2640021946281195
  landing: 0.6724373605102301
  view-data: 0.1976330727338791
