times:
  edit-metadata: 1.2850456852465868
  landing: 0.9581517614424229
  view-data: 0.3525758981704712
