times:
  landing: 0.5473256620000484
  view-data: 0.5450575909999884
