times:
  edit-metadata: 1.3990305215120316
  landing: 0.8439436890184879
  view-data: 3.303646307438612
