times:
  edit-metadata: 0.9640335352160037
  landing: 0.20360380364581943
  view-data: 0.35681264800950885
