times:
  edit-metadata: 0.7257901059929281
  landing: 0.04644408985041082
  view-data: 0.214662108104676
