times:
  edit-metadata: 1.4960415810346603
  landing: 0.792306600138545
  view-data: 3.3942390363663435
