times:
  landing: 1.1250745629999983
  view-data: 0.5644591960000298
