times:
  edit-metadata: 0.7444315620232373
  landing: 0.048499594908207655
  view-data: 0.44672393589280546
