times:
  edit-metadata: 1.6028498439118266
  landing: 0.023787851445376873
  view-data: 0.03193958569318056
