times:
  edit-metadata: 1.40684943087399
  landing: 0.8541859779506922
  view-data: 3.382842991501093
