times:
  edit-metadata: 1.5087719969451427
  landing: 0.9794484870508313
  view-data: 3.4118335919920355
