times:
  edit-metadata: 0.7751774396747351
  landing: 1.6655031815171242
  view-data: 0.43393401615321636
