times:
  edit-metadata: 0.6843387569533661
  landing: 0.04548440803773701
  view-data: 0.21200898301322013
