times:
  edit-metadata: 1.6801836797967553
  landing: 0.1825638199225068
  view-data: 0.5524059049785137
