times:
  edit-metadata: 1.607948461547494
  landing: 0.018710704520344734
  view-data: 0.3299684729427099
