times:
  landing: 1.0852025639999852
  view-data: 0.5660997809999913
