times:
  edit-metadata: 0.6564821160864085
  landing: 0.07531816395930946
  view-data: 0.2174519959371537
