times:
  edit-metadata: 1.556715913116932
  landing: 0.8358318414539099
  view-data: 3.399377031251788
