times:
  edit-metadata: 1.9256962947547436
  landing: 1.00551238656044
  view-data: 3.3708345405757427
