times:
  edit-metadata: 1.5974932182580233
  landing: 0.021491016261279583
  view-data: 0.4361253762617707
