times:
  edit-metadata: 1.612324319779873
  landing: 0.20403608679771423
  view-data: 0.39218179509043694
