times:
  edit-metadata: 2.840223745442927
  landing: 0.3142293253913522
  view-data: 0.38999101147055626
