times:
  edit-metadata: 1.5954213589429855
  landing: 0.8794774785637856
  view-data: 3.464917477220297
