times:
  edit-metadata: 0.7585236961022019
  landing: 0.059440629091113806
  view-data: 0.20463314303196967
