times:
  edit-metadata: 1.6324636237695813
  landing: 0.12767019215971231
  view-data: 0.4202697016298771
