times:
  edit-metadata: 2.2990320089957095
  landing: 0.21180198100046255
  view-data: 0.4668847029970493
