times:
  landing: 0.5514668640000195
  view-data: 0.5544913980000388
