times:
  edit-metadata: 1.057582799345255
  landing: 0.09672948298975825
  view-data: 0.3281536130234599
