times:
  edit-metadata: 0.7501117690117098
  landing: 0.15774831199087203
  view-data: 0.2767552129807882
