times:
  edit-metadata: 1.890309339389205
  landing: 0.2360969539731741
  view-data: 0.37100364454090595
