times:
  edit-metadata: 0.7170992558822036
  landing: 0.05153634725138545
  view-data: 0.20801487704738975
