times:
  landing: 1.084015824000005
  view-data: 0.5561394159999509
