times:
  edit-metadata: 1.6535441521555185
  landing: 0.14192714169621468
  view-data: 0.029428912326693535
