times:
  edit-metadata: 0.6523750638589263
  landing: 0.0656986350659281
  view-data: 0.22098347498103976
