times:
  edit-metadata: 1.4753539972007275
  landing: 0.9156494252383709
  view-data: 3.393895424902439
