times:
  edit-metadata: 0.6976298093795776
  landing: 0.047617279924452305
  view-data: 0.3313027312979102
