times:
  edit-metadata: 1.6328545305877924
  landing: 0.021942324936389923
  view-data: 0.12671315483748913
