times:
  edit-metadata: 0.714538755826652
  landing: 0.05068189604207873
  view-data: 0.20026445388793945
