times:
  edit-metadata: 1.5960020003840327
  landing: 0.020575426518917084
  view-data: 0.024078122340142727
