times:
  edit-metadata: 0.647669728146866
  landing: 0.091432249173522
  view-data: 0.22427527396939695
