times:
  edit-metadata: 1.5983295757323503
  landing: 0.14498623833060265
  view-data: 0.3104804791510105
