times:
  edit-metadata: 0.6391225922852755
  landing: 0.04655196191743016
  view-data: 0.21147647872567177
