times:
  edit-metadata: 2.2679292522370815
  landing: 0.3326894212514162
  view-data: 0.2808869667351246
