times:
  edit-metadata: 1.2048023492097855
  landing: 0.052493199706077576
  view-data: 0.21376392617821693
