times:
  edit-metadata: 0.6804431360214949
  landing: 0.05271422676742077
  view-data: 0.21374855283647776
