times:
  landing: 1.077328478000254
  view-data: 0.5531285390002267
