times:
  landing: 0.5749031720000062
  view-data: 0.5542658939999683
