times:
  edit-metadata: 1.4360483717173338
  landing: 0.7219632491469383
  view-data: 3.3942665848881006
