times:
  edit-metadata: 0.7451172239379957
  landing: 0.04355251602828503
  view-data: 0.2049122489988804
