times:
  edit-metadata: 0.6512866839766502
  landing: 0.06609963509254158
  view-data: 0.2236957149580121
