times:
  landing: 0.5527969550000194
  view-data: 0.5601784579999958
