times:
  landing: 0.5495468050000909
  view-data: 0.560955507000017
