times:
  edit-metadata: 1.5002712830901146
  landing: 0.8967910520732403
  view-data: 3.4649387560784817
