times:
  edit-metadata: 0.7144112940877676
  landing: 0.05056488327682018
  view-data: 0.20762678794562817
