times:
  edit-metadata: 1.432690054178238
  landing: 0.8039695471525192
  view-data: 3.5732637606561184
