times:
  landing: 0.5514319289999889
  view-data: 0.5553608289999943
