times:
  edit-metadata: 1.7553530912846327
  landing: 0.28274327144026756
  view-data: 0.577206077054143
