times:
  edit-metadata: 1.174417469650507
  landing: 1.2173247579485178
  view-data: 0.3548773806542158
