times:
  edit-metadata: 0.6126604629680514
  landing: 0.052280867006629705
  view-data: 0.20634544035419822
