times:
  edit-metadata: 1.6858756449073553
  landing: 0.020403891801834106
  view-data: 0.31690087728202343
