times:
  edit-metadata: 0.665811755694449
  landing: 0.054069723933935165
  view-data: 0.2244809465482831
