times:
  edit-metadata: 0.7526996601372957
  landing: 0.04958228021860123
  view-data: 0.2097913920879364
