times:
  edit-metadata: 0.6835745549760759
  landing: 0.046754904789850116
  view-data: 0.2018528280314058
