times:
  edit-metadata: 0.7060265339678153
  landing: 0.0479055920150131
  view-data: 0.19988761993590742
