times:
  edit-metadata: 1.603749331086874
  landing: 1.1283977031707764
  view-data: 3.4500741474330425
