times:
  landing: 0.5492524039999864
  view-data: 0.5605462229999887
