times:
  edit-metadata: 1.4050321355462074
  landing: 0.5686945915222168
  view-data: 0.19703060388565063
