times:
  edit-metadata: 0.6492782130371779
  landing: 0.0657835709862411
  view-data: 0.45705166494008154
