times:
  edit-metadata: 1.5765029629692435
  landing: 0.020959940738976002
  view-data: 0.024874337017536163
