times:
  edit-metadata: 1.7206151466816664
  landing: 1.4133485732600093
  view-data: 3.46716995164752
