times:
  landing: 1.077525842
  view-data: 0.5587264999999775
