times:
  edit-metadata: 1.570021922700107
  landing: 0.01976798754185438
  view-data: 0.4680826487019658
