times:
  edit-metadata: 1.590716091915965
  landing: 0.11512071080505848
  view-data: 0.428885187022388
