times:
  landing: 0.5492762949999133
  view-data: 0.5560957090000329
