times:
  edit-metadata: 0.6783319972455502
  landing: 0.04593650484457612
  view-data: 0.33000429859384894
