times:
  edit-metadata: 1.6711797080934048
  landing: 0.13713361136615276
  view-data: 0.3612137921154499
