times:
  edit-metadata: 1.5838994840160012
  landing: 0.022131853736937046
  view-data: 0.02682090550661087
