times:
  edit-metadata: 0.6487016370519996
  landing: 0.05242643132805824
  view-data: 0.21374377142637968
