times:
  edit-metadata: 1.998280854895711
  landing: 0.19979682378470898
  view-data: 0.38342772237956524
