times:
  edit-metadata: 0.7023335609119385
  landing: 0.05112053104676306
  view-data: 0.19300011498853564
