times:
  landing: 0.5611377270000162
  view-data: 0.55886823000003
