times:
  edit-metadata: 1.2160019241273403
  landing: 0.056819744408130646
  view-data: 0.21626045182347298
