times:
  edit-metadata: 1.2876576464623213
  landing: 1.8690023887902498
  view-data: 0.7677880842238665
