times:
  landing: 0.5985377279999966
  view-data: 0.5535867629999984
