times:
  landing: 0.5422033290000172
  view-data: 0.5460778830000663
