times:
  edit-metadata: 1.5149783119559288
  landing: 0.9883928596973419
  view-data: 3.267456542700529
