times:
  edit-metadata: 1.4494503168389201
  landing: 0.9197937855497003
  view-data: 3.366165735758841
