times:
  edit-metadata: 1.3270396012812853
  landing: 0.5695834457874298
  view-data: 0.6263643335551023
