times:
  landing: 1.1799695260000362
  view-data: 0.5561494609999613
