times:
  edit-metadata: 1.3240630775690079
  landing: 1.5234861057251692
  view-data: 0.5771046988666058
