times:
  landing: 0.5553931360000206
  view-data: 0.5598885609999797
