times:
  edit-metadata: 4.097323417663574
  landing: 1.9896625969558954
  view-data: 3.666992899030447
