times:
  edit-metadata: 1.6871118992567062
  landing: 1.0356904603540897
  view-data: 3.3490005917847157
