times:
  edit-metadata: 1.5666484776884317
  landing: 0.1271734293550253
  view-data: 0.4751965319737792
