times:
  edit-metadata: 0.650554311927408
  landing: 0.08139881887473166
  view-data: 0.3298443569801748
