times:
  edit-metadata: 1.5409586504101753
  landing: 1.2308182902634144
  view-data: 3.4566579312086105
