times:
  edit-metadata: 3.1230952702462673
  landing: 0.049159254878759384
  view-data: 0.05911978892982006
