times:
  landing: 1.0788992510000526
  view-data: 0.5582749370000215
