times:
  landing: 0.5589398390000042
  view-data: 0.5580114020000337
