times:
  edit-metadata: 1.2569247968494892
  landing: 0.6678299605846405
  view-data: 0.30630085431039333
