times:
  edit-metadata: 0.6412715334445238
  landing: 2.391494121402502
  view-data: 0.4393203482031822
