times:
  edit-metadata: 0.7526531452313066
  landing: 0.05684500210918486
  view-data: 0.20487160794436932
