times:
  edit-metadata: 1.4152006609365344
  landing: 0.795110628940165
  view-data: 3.3545781150460243
