times:
  edit-metadata: 0.7070600702427328
  landing: 0.04000148782506585
  view-data: 0.21336080180481076
