times:
  edit-metadata: 1.6174848210066557
  landing: 0.02342891599982977
  view-data: 0.10233073867857456
