times:
  edit-metadata: 0.6575860990005822
  landing: 0.07055884599958517
  view-data: 0.22600722500010306
