times:
  edit-metadata: 1.6107302466407418
  landing: 0.020024131052196026
  view-data: 0.4898838307708502
