times:
  edit-metadata: 0.7517311330884695
  landing: 0.5572425406426191
  view-data: 0.20105299539864063
