times:
  edit-metadata: 1.372895436361432
  landing: 0.5434555020183325
  view-data: 0.2043255940079689
