times:
  edit-metadata: 1.6795262303203344
  landing: 0.23533945996314287
  view-data: 0.43356787972152233
