times:
  edit-metadata: 1.7444872707128525
  landing: 1.1441906178370118
  view-data: 3.359818338416517
