times:
  landing: 1.0731370820003576
  view-data: 0.5570613370000501
