times:
  edit-metadata: 0.7184097409772221
  landing: 0.04726646700873971
  view-data: 0.20165408198954538
