times:
  landing: 1.0691849269999807
  view-data: 0.5569428079999739
