times:
  edit-metadata: 1.1948382146656513
  landing: 0.04576849937438965
  view-data: 0.21397966146469116
