times:
  edit-metadata: 0.7826089132577181
  landing: 0.5998875107616186
  view-data: 0.21961634047329426
