times:
  edit-metadata: 0.645790038164705
  landing: 0.06138529209420085
  view-data: 0.3806623669806868
