times:
  landing: 1.0662054090000197
  view-data: 0.5568280820000382
