times:
  edit-metadata: 1.2190548237413168
  landing: 1.1346606817096472
  view-data: 0.6177134420722723
