times:
  edit-metadata: 1.7053818189888261
  landing: 0.0180781310191378
  view-data: 0.0272340850206092
