times:
  edit-metadata: 0.718994188006036
  landing: 0.05062630702741444
  view-data: 0.20569762296508998
