times:
  edit-metadata: 1.312947915866971
  landing: 0.8449371159076691
  view-data: 3.343605387955904
