times:
  edit-metadata: 1.5542391361668706
  landing: 0.022601463831961155
  view-data: 0.1183662498369813
