times:
  edit-metadata: 1.1596735989987792
  landing: 0.03860436399918399
  view-data: 0.20790531300008297
