times:
  edit-metadata: 1.2294000647962093
  landing: 0.05070812255144119
  view-data: 0.21454224362969398
