times:
  landing: 0.5473683120000032
  view-data: 0.5516598260000478
