times:
  edit-metadata: 0.9740100419148803
  landing: 0.06215163506567478
  view-data: 0.23044034093618393
