times:
  edit-metadata: 1.6438287002965808
  landing: 0.1718096323311329
  view-data: 0.3800054993480444
