times:
  edit-metadata: 1.3706258796155453
  landing: 0.8942091278731823
  view-data: 3.3733028061687946
