times:
  edit-metadata: 1.8273797072470188
  landing: 0.2097126506268978
  view-data: 0.1871182769536972
