times:
  landing: 0.5527687009999909
  view-data: 0.558636641000021
