times:
  edit-metadata: 0.7607654603198171
  landing: 0.09986319905146956
  view-data: 0.36421667877584696
