times:
  edit-metadata: 1.6321007991209626
  landing: 0.021477049216628075
  view-data: 0.027806899510324
