times:
  edit-metadata: 0.6937813898548484
  landing: 0.044642509426921606
  view-data: 0.20865676598623395
