times:
  edit-metadata: 1.1889723353087902
  landing: 0.043809372931718826
  view-data: 0.21049869805574417
