times:
  edit-metadata: 0.6945835039950907
  landing: 0.052039667032659054
  view-data: 0.20442266715690494
