times:
  edit-metadata: 1.3628184255212545
  landing: 0.9102305518463254
  view-data: 3.3672467321157455
