times:
  edit-metadata: 0.6918170591816306
  landing: 0.051191512029618025
  view-data: 0.20278311800211668
