times:
  landing: 0.5690915560000462
  view-data: 0.5570430269999633
