times:
  edit-metadata: 1.36115881241858
  landing: 1.093444174155593
  view-data: 0.3280522730201483
