times:
  edit-metadata: 1.25879012234509
  landing: 0.7084554713219404
  view-data: 0.2106581348925829
