times:
  landing: 1.0727232609999646
  view-data: 0.5597731540000268
