times:
  landing: 1.0735249630000112
  view-data: 0.5581996440000125
