times:
  edit-metadata: 1.7539690574631095
  landing: 0.0193946436047554
  view-data: 0.02393439318984747
