times:
  edit-metadata: 1.2532221991568804
  landing: 0.9383903574198484
  view-data: 0.31761185452342033
