times:
  edit-metadata: 0.6738784399931319
  landing: 0.07812280702637509
  view-data: 0.24635200202465057
