times:
  landing: 0.5411315979999927
  view-data: 0.545492761000105
