times:
  landing: 0.550014965999992
  view-data: 0.5489329599999451
