times:
  landing: 0.5574509620000185
  view-data: 0.5607949740000322
