times:
  edit-metadata: 1.6093837851658463
  landing: 0.021845080889761448
  view-data: 0.4751970348879695
