times:
  edit-metadata: 1.6466276152059436
  landing: 0.9337316174060106
  view-data: 3.355978944338858
