times:
  edit-metadata: 1.5890920106321573
  landing: 0.024145743809640408
  view-data: 0.1001093303784728
