times:
  edit-metadata: 0.6849270260427147
  landing: 0.059930479852482677
  view-data: 0.22596042603254318
