times:
  edit-metadata: 1.3394674400333315
  landing: 0.857932390877977
  view-data: 3.3932858831249177
