times:
  edit-metadata: 1.1483031120151281
  landing: 0.5163092277944088
  view-data: 0.2051906455308199
