times:
  edit-metadata: 1.217369943857193
  landing: 0.051892176270484924
  view-data: 0.2132757119834423
