times:
  edit-metadata: 0.659612325951457
  landing: 0.07347252499312162
  view-data: 0.2381055240985006
