times:
  edit-metadata: 1.345157839357853
  landing: 0.8407690785825253
  view-data: 3.324036631733179
