times:
  edit-metadata: 1.3049722537398338
  landing: 0.049110133200883865
  view-data: 0.20766086876392365
