times:
  edit-metadata: 1.6639832751825452
  landing: 0.11699907016009092
  view-data: 0.4899342115968466
