times:
  edit-metadata: 1.5654409751296043
  landing: 1.0424336157739162
  view-data: 3.377643458545208
