times:
  edit-metadata: 1.5819926233962178
  landing: 0.12220403458923101
  view-data: 0.45788569934666157
