times:
  edit-metadata: 1.3049406632781029
  landing: 0.6083537731319666
  view-data: 0.22031490318477154
