times:
  edit-metadata: 0.6315341340377927
  landing: 0.07886489201337099
  view-data: 0.35241020703688264
