times:
  edit-metadata: 1.3020061310380697
  landing: 0.06595882214605808
  view-data: 0.2148436140269041
