times:
  edit-metadata: 1.609912931919098
  landing: 0.17863801307976246
  view-data: 0.30635857209563255
