times:
  edit-metadata: 1.5670892456546426
  landing: 0.019885044544935226
  view-data: 0.10203474294394255
