times:
  edit-metadata: 1.647529123350978
  landing: 0.12664402835071087
  view-data: 0.02639223448932171
