times:
  edit-metadata: 1.6920945420861244
  landing: 1.5887922681868076
  view-data: 3.5022674836218357
