times:
  edit-metadata: 1.630036685615778
  landing: 0.02002308890223503
  view-data: 0.1354581993073225
