times:
  edit-metadata: 2.1758214253932238
  landing: 0.25019429437816143
  view-data: 0.02837190218269825
