times:
  edit-metadata: 1.5407619019970298
  landing: 0.8364191115833819
  view-data: 3.6982234437018633
