times:
  edit-metadata: 1.65782840969041
  landing: 1.0965894269756973
  view-data: 3.6216172240674496
