times:
  edit-metadata: 1.276255650445819
  landing: 2.1514614801853895
  view-data: 0.6297074519097805
