times:
  landing: 0.5510087050000152
  view-data: 0.5514289319999648
