times:
  edit-metadata: 0.6712382547557354
  landing: 1.3950682431459427
  view-data: 0.30094434320926666
