times:
  edit-metadata: 0.7008365880465135
  landing: 0.04582045297138393
  view-data: 0.19427612295839936
