times:
  landing: 0.5575129099999572
  view-data: 0.5590910180000037
