times:
  edit-metadata: 1.509391664993018
  landing: 0.8111363858915865
  view-data: 3.3793915398418903
