times:
  edit-metadata: 1.495184037834406
  landing: 0.8318794970400631
  view-data: 3.394378242082894
