times:
  edit-metadata: 2.1686494052410126
  landing: 0.24403334688395262
  view-data: 0.1915699988603592
