times:
  edit-metadata: 1.4570842310786247
  landing: 0.8735519982874393
  view-data: 3.3303338438272476
