times:
  edit-metadata: 1.4014078751206398
  landing: 0.8336376659572124
  view-data: 3.29600677639246
