times:
  edit-metadata: 0.6661608470603824
  landing: 0.047667152248322964
  view-data: 0.21605246607214212
