times:
  edit-metadata: 1.263470645993948
  landing: 0.5836095865815878
  view-data: 0.6215981561690569
