times:
  edit-metadata: 1.190538428723812
  landing: 0.05160324275493622
  view-data: 0.20658451691269875
