times:
  edit-metadata: 1.3451588489115238
  landing: 0.870120344683528
  view-data: 3.3365797894075513
