times:
  landing: 0.5429078409999875
  view-data: 0.5447092409999641
