times:
  edit-metadata: 1.6050546737387776
  landing: 0.12121034227311611
  view-data: 0.3931979266926646
