times:
  landing: 0.5502115369999956
  view-data: 0.5485274500000514
