times:
  edit-metadata: 0.6813496610266156
  landing: 0.04657594999298453
  view-data: 0.2133105150423944
