times:
  edit-metadata: 1.5150801166892052
  landing: 0.8156351242214441
  view-data: 3.3914066795259714
