times:
  edit-metadata: 1.3043852224946022
  landing: 1.308069285005331
  view-data: 0.32487395592033863
