times:
  edit-metadata: 1.6336149498820305
  landing: 0.22698955796658993
  view-data: 0.02488594688475132
