times:
  edit-metadata: 2.5231525115668774
  landing: 0.2699940036982298
  view-data: 0.5818253494799137
