times:
  edit-metadata: 0.6615581726655364
  landing: 0.0540440259501338
  view-data: 0.22004928532987833
