times:
  edit-metadata: 0.7042497470974922
  landing: 0.05367031879723072
  view-data: 0.21063279686495662
