times:
  edit-metadata: 0.7094248742796481
  landing: 0.052558404859155416
  view-data: 0.3451752928085625
