times:
  landing: 1.0805824960000336
  view-data: 0.5573954879999974
