times:
  edit-metadata: 1.5210943520069122
  landing: 0.969310287386179
  view-data: 3.398682661354542
