times:
  edit-metadata: 2.072015382349491
  landing: 0.17512896843254566
  view-data: 0.341513529419899
