times:
  landing: 1.062281842999937
  view-data: 0.5476667469999938
