times:
  edit-metadata: 1.244536641985178
  landing: 2.046885861083865
  view-data: 0.34245340526103973
