times:
  edit-metadata: 1.5885620396584272
  landing: 0.16948576923459768
  view-data: 0.20159392338246107
