times:
  landing: 0.5678967229999898
  view-data: 0.550482675000012
