times:
  edit-metadata: 1.7810693755745888
  landing: 1.0314934141933918
  view-data: 3.3594969920814037
