times:
  edit-metadata: 1.5835783630609512
  landing: 0.022275454364717007
  view-data: 0.024510446935892105
