times:
  edit-metadata: 1.5029641687870026
  landing: 0.9136417359113693
  view-data: 3.4303402714431286
