times:
  edit-metadata: 1.3353966008871794
  landing: 0.5778588782995939
  view-data: 0.6098805367946625
