times:
  edit-metadata: 1.594113577157259
  landing: 0.021930065006017685
  view-data: 0.023194224573671818
