times:
  edit-metadata: 0.736497538164258
  landing: 0.06997839221730828
  view-data: 0.22915619611740112
