times:
  landing: 0.5507780109999771
  view-data: 0.555557967000027
