times:
  edit-metadata: 1.659155210480094
  landing: 0.023540940135717392
  view-data: 0.31507669761776924
