times:
  edit-metadata: 1.7023060377687216
  landing: 0.02107732929289341
  view-data: 0.3684559501707554
