times:
  edit-metadata: 0.6635293699800968
  landing: 0.05454663699492812
  view-data: 0.2027192311361432
