times:
  edit-metadata: 1.6018984308466315
  landing: 0.022568549029529095
  view-data: 0.12591551896184683
