times:
  edit-metadata: 0.8519574138335884
  landing: 0.07928167516365647
  view-data: 0.2426886330358684
