times:
  edit-metadata: 1.542417548596859
  landing: 0.9903334155678749
  view-data: 3.330204762518406
