times:
  edit-metadata: 0.8552288031205535
  landing: 0.055347684072330594
  view-data: 0.21138216508552432
