times:
  edit-metadata: 1.5829009944573045
  landing: 0.022568692453205585
  view-data: 0.02715261746197939
