times:
  edit-metadata: 0.6653090538457036
  landing: 0.04704052908346057
  view-data: 0.2237207549624145
