times:
  edit-metadata: 1.9214175026863813
  landing: 0.13161882758140564
  view-data: 0.1365591064095497
