times:
  edit-metadata: 1.4155673533678055
  landing: 0.9700218066573143
  view-data: 3.3429131135344505
