times:
  edit-metadata: 1.3536093812435865
  landing: 0.4789410922676325
  view-data: 0.21638763695955276
