times:
  edit-metadata: 1.220578907057643
  landing: 1.002219757065177
  view-data: 0.4276837781071663
