times:
  edit-metadata: 1.5966328717768192
  landing: 0.02285219542682171
  view-data: 0.026706489734351635
