times:
  landing: 0.5507148150000489
  view-data: 0.5595704809999802
