times:
  edit-metadata: 0.7441352440509945
  landing: 0.056555452989414334
  view-data: 0.2041859719902277
