times:
  landing: 1.5772213609999994
  view-data: 0.5490171409999789
