times:
  edit-metadata: 1.4010837525129318
  landing: 1.0087458528578281
  view-data: 3.3463115990161896
