times:
  edit-metadata: 1.2996412515640259
  landing: 0.5037228409200907
  view-data: 0.21747224777936935
