times:
  edit-metadata: 1.5930892527103424
  landing: 0.989116009324789
  view-data: 3.3402505852282047
