times:
  edit-metadata: 1.6553613059222698
  landing: 0.17903159745037556
  view-data: 0.12368724122643471
