times:
  edit-metadata: 1.383753603324294
  landing: 0.9597479850053787
  view-data: 3.336233823094517
