times:
  edit-metadata: 0.9208172438666224
  landing: 0.07746480498462915
  view-data: 0.24781176401302218
