times:
  edit-metadata: 1.3933388800360262
  landing: 0.7418917049653828
  view-data: 3.2583213850157335
