times:
  edit-metadata: 1.5876122554764152
  landing: 0.21941232681274414
  view-data: 0.22098265122622252
