times:
  edit-metadata: 0.7166897901333869
  landing: 0.04648260213434696
  view-data: 0.19878588477149606
