times:
  edit-metadata: 0.712597937323153
  landing: 0.048972233198583126
  view-data: 0.22297781705856323
