times:
  edit-metadata: 0.7220003200054634
  landing: 0.05355333600891754
  view-data: 0.28209202499419916
