times:
  edit-metadata: 0.7217186279594898
  landing: 0.053211346035823226
  view-data: 0.2125728380633518
