times:
  edit-metadata: 1.5457596583291888
  landing: 0.021560057066380978
  view-data: 0.027692635543644428
