times:
  edit-metadata: 2.3896873965859413
  landing: 0.24081812240183353
  view-data: 0.028548612259328365
