times:
  edit-metadata: 1.6915388517081738
  landing: 0.8400092720985413
  view-data: 3.4055752269923687
