times:
  edit-metadata: 0.7719318009912968
  landing: 0.6153631843626499
  view-data: 0.1914642732590437
