times:
  edit-metadata: 1.5046584494411945
  landing: 0.8264352343976498
  view-data: 3.4449154902249575
