times:
  edit-metadata: 1.5515377870760858
  landing: 1.072526488918811
  view-data: 3.3305807202123106
