times:
  edit-metadata: 1.5240418203175068
  landing: 0.9373597390949726
  view-data: 3.419979251921177
