times:
  edit-metadata: 1.5699984021484852
  landing: 0.02261396311223507
  view-data: 0.25424853805452585
