times:
  edit-metadata: 1.4664476104080677
  landing: 1.0500754676759243
  view-data: 3.3693217672407627
