times:
  edit-metadata: 0.7238324579666369
  landing: 0.07521240401547402
  view-data: 0.2352835139608942
