times:
  edit-metadata: 1.550924182869494
  landing: 0.02309404220432043
  view-data: 0.12183409929275513
