times:
  edit-metadata: 1.5648535648360848
  landing: 0.02135961316525936
  view-data: 0.44599704816937447
