times:
  edit-metadata: 1.6127663347870111
  landing: 0.023790132254362106
  view-data: 0.025031771510839462
