times:
  edit-metadata: 2.164354033768177
  landing: 1.4834276102483273
  view-data: 3.6934342570602894
