times:
  edit-metadata: 0.8369379439391196
  landing: 0.1607209611684084
  view-data: 0.23275707475841045
