times:
  edit-metadata: 0.7156552439555526
  landing: 0.050991246942430735
  view-data: 0.20243509579449892
