times:
  edit-metadata: 1.9759121863171458
  landing: 1.4028339637443423
  view-data: 3.6413668040186167
