times:
  edit-metadata: 0.7182228240417317
  landing: 0.03647919895593077
  view-data: 0.19944980705622584
