times:
  landing: 1.0748239910000166
  view-data: 0.5594323919999624
