times:
  edit-metadata: 0.7226716719742399
  landing: 0.0522574879869353
  view-data: 0.20461974397767335
