times:
  edit-metadata: 1.6303335167467594
  landing: 1.05450040102005
  view-data: 3.2922946140170097
