times:
  edit-metadata: 1.3873664299026132
  landing: 0.7625279696658254
  view-data: 3.393447509035468
