times:
  edit-metadata: 0.7274387297220528
  landing: 0.046583699993789196
  view-data: 0.2107343073002994
