times:
  landing: 1.1345263070000442
  view-data: 0.567181655000013
