times:
  edit-metadata: 0.9028660259209573
  landing: 0.06975983595475554
  view-data: 0.24772412097081542
