times:
  edit-metadata: 1.355890791863203
  landing: 0.7997975125908852
  view-data: 0.22391129471361637
