times:
  edit-metadata: 1.4082277975976467
  landing: 0.9659279137849808
  view-data: 3.3149846643209457
