times:
  edit-metadata: 0.6479660180048086
  landing: 0.06597634698846377
  view-data: 0.2212274060002528
