times:
  edit-metadata: 0.6742483535781503
  landing: 0.04841218702495098
  view-data: 0.2248178841546178
