times:
  edit-metadata: 1.9165120590478182
  landing: 1.021101389080286
  view-data: 3.364878160879016
