times:
  edit-metadata: 1.6850263234227896
  landing: 0.8363320678472519
  view-data: 3.361311411485076
