times:
  landing: 0.5561708859999612
  view-data: 0.5603889999999865
