times:
  edit-metadata: 0.6961861710296944
  landing: 0.050912818987853825
  view-data: 0.20381775696296245
