times:
  landing: 0.6207597700000065
  view-data: 0.5603899230000025
