times:
  edit-metadata: 0.6947211059741676
  landing: 0.04366526426747441
  view-data: 0.20938377222046256
