times:
  edit-metadata: 0.9347404990112409
  landing: 0.13386805600021034
  view-data: 0.22679025103570893
