times:
  edit-metadata: 1.5484663993120193
  landing: 1.0470766872167587
  view-data: 3.366502106189728
