times:
  edit-metadata: 1.3319982308894396
  landing: 0.8738189628347754
  view-data: 3.414783104788512
