times:
  edit-metadata: 0.6675243750214577
  landing: 0.05269615352153778
  view-data: 0.2177307829260826
