times:
  edit-metadata: 1.4295982000185177
  landing: 0.8670115979621187
  view-data: 3.2995804140809923
