times:
  edit-metadata: 0.696125078946352
  landing: 0.045077148359268904
  view-data: 0.21334963478147984
