times:
  edit-metadata: 1.567341323941946
  landing: 0.022687405347824097
  view-data: 0.02434665709733963
