times:
  edit-metadata: 1.4485040195286274
  landing: 0.9038017448037863
  view-data: 3.3726492673158646
