times:
  edit-metadata: 1.5220964271575212
  landing: 0.8458085358142853
  view-data: 3.4207871723920107
