times:
  edit-metadata: 0.6897320821881294
  landing: 0.055054470896720886
  view-data: 0.2151407701894641
