times:
  edit-metadata: 0.7546653330791742
  landing: 0.07191600801888853
  view-data: 0.22790993202943355
