times:
  landing: 0.5546575530000268
  view-data: 0.5596446560000459
