times:
  landing: 1.072964420000062
  view-data: 0.5599151410000331
