times:
  edit-metadata: 0.6546580349677242
  landing: 0.0792316579609178
  view-data: 0.21900202700635418
