times:
  edit-metadata: 0.7100457490014378
  landing: 0.04161852800461929
  view-data: 0.20662048799567856
