times:
  landing: 0.5467089859999987
  view-data: 0.5522549849999905
