times:
  edit-metadata: 0.6723250951617956
  landing: 0.6039379965513945
  view-data: 0.6057161781936884
