times:
  edit-metadata: 0.6580455731600523
  landing: 0.051773009123280644
  view-data: 0.25683039892464876
