times:
  landing: 1.1198608009999589
  view-data: 0.5594355940000355
