times:
  edit-metadata: 1.5775399282574654
  landing: 1.019126232713461
  view-data: 3.3586279787123203
