times:
  edit-metadata: 1.5317769013345242
  landing: 0.8266477584838867
  view-data: 3.3982605896890163
