times:
  edit-metadata: 1.712602791376412
  landing: 0.21826972719281912
  view-data: 0.39572347328066826
