times:
  landing: 0.5602179309998974
  view-data: 0.560151325999982
