times:
  edit-metadata: 1.1827627047896385
  landing: 0.054285284131765366
  view-data: 0.20836476236581802
