times:
  edit-metadata: 1.163378922999982
  landing: 0.05206894000002649
  view-data: 0.21040508599980967
