times:
  edit-metadata: 0.6743868729099631
  landing: 0.052219875156879425
  view-data: 0.21053724642843008
