times:
  edit-metadata: 0.7397266179905273
  landing: 0.04086822201497853
  view-data: 0.20540864899521694
