times:
  edit-metadata: 1.6021859720349312
  landing: 0.02056789956986904
  view-data: 0.02528987266123295
