times:
  edit-metadata: 1.2479494512081146
  landing: 1.095189904794097
  view-data: 0.6091462820768356
