times:
  landing: 0.5538554050001494
  view-data: 0.5586513420000756
