times:
  edit-metadata: 1.5095535777509212
  landing: 0.8418206218630075
  view-data: 3.4008890353143215
