times:
  landing: 1.0624526280000168
  view-data: 0.5513022370000158
