times:
  edit-metadata: 0.718382430030033
  landing: 0.04409470804966986
  view-data: 0.19982739188708365
