times:
  edit-metadata: 1.6545286793261766
  landing: 0.12737754732370377
  view-data: 0.13773014210164547
