times:
  edit-metadata: 1.726829331368208
  landing: 0.9716326780617237
  view-data: 3.349285926669836
