times:
  edit-metadata: 0.65042694658041
  landing: 0.08397113205865026
  view-data: 0.2373407008126378
