times:
  edit-metadata: 1.3322612829506397
  landing: 0.7841891497373581
  view-data: 3.273236535489559
