times:
  edit-metadata: 0.7031043369788677
  landing: 0.053705344907939434
  view-data: 0.20174622419290245
