times:
  edit-metadata: 1.4453293336555362
  landing: 0.8449129750952125
  view-data: 3.3341376343742013
