times:
  edit-metadata: 1.156100932508707
  landing: 0.04920770972967148
  view-data: 0.2100638970732689
