times:
  edit-metadata: 1.4837319031357765
  landing: 0.8301278688013554
  view-data: 3.4434246476739645
