times:
  edit-metadata: 1.576738266274333
  landing: 0.021558020263910294
  view-data: 0.023663735017180443
