times:
  edit-metadata: 2.0109490882605314
  landing: 0.30448788218200207
  view-data: 0.4543437547981739
