times:
  edit-metadata: 0.6406086660572328
  landing: 0.07095845194999129
  view-data: 0.22359198599588126
