times:
  edit-metadata: 2.659423016011715
  landing: 1.3985697142779827
  view-data: 4.079356458038092
