times:
  edit-metadata: 0.8090507108718157
  landing: 0.6019413210451603
  view-data: 0.20731929130852222
