times:
  edit-metadata: 0.6825597519055009
  landing: 0.045344080310314894
  view-data: 0.21906082006171346
