times:
  edit-metadata: 1.2722871825098991
  landing: 0.04968726262450218
  view-data: 0.22844193130731583
