times:
  edit-metadata: 3.0194058660417795
  landing: 1.919504065066576
  view-data: 3.609301472082734
