times:
  edit-metadata: 1.5149614475667477
  landing: 0.9491294883191586
  view-data: 3.403572965413332
