times:
  edit-metadata: 0.6926094358786941
  landing: 0.04600551584735513
  view-data: 0.21677380101755261
