times:
  edit-metadata: 1.4790676701813936
  landing: 0.7539845071732998
  view-data: 3.39539778791368
