times:
  edit-metadata: 1.6400152258574963
  landing: 0.0183285903185606
  view-data: 0.3723699301481247
