times:
  edit-metadata: 1.5679218526929617
  landing: 0.7848718594759703
  view-data: 3.429455678910017
