times:
  edit-metadata: 1.5666483715176582
  landing: 0.872414642944932
  view-data: 3.401662763208151
