times:
  edit-metadata: 1.7703655790537596
  landing: 0.020973507314920425
  view-data: 0.35779596120119095
