times:
  edit-metadata: 1.4859527591615915
  landing: 0.9458868876099586
  view-data: 3.3990626353770494
