times:
  edit-metadata: 0.7354724369943142
  landing: 0.0444624749943614
  view-data: 0.20511382212862372
