times:
  edit-metadata: 2.3484102910151705
  landing: 0.0200694189989008
  view-data: 0.4639878700254485
