times:
  edit-metadata: 0.7022230736911297
  landing: 0.8824058398604393
  view-data: 0.32112559489905834
