times:
  edit-metadata: 1.1784396693110466
  landing: 0.04814307764172554
  view-data: 0.20277463272213936
