times:
  edit-metadata: 0.9174091927707195
  landing: 1.0363509878516197
  view-data: 0.5786314867436886
