times:
  edit-metadata: 1.684685779735446
  landing: 0.019766127690672874
  view-data: 0.02334275096654892
