times:
  edit-metadata: 0.6891169849550352
  landing: 0.08249400102067739
  view-data: 0.22085361299104989
