times:
  edit-metadata: 1.7188670999603346
  landing: 0.8875416909577325
  view-data: 3.4591792291030288
