times:
  edit-metadata: 1.3373737446963787
  landing: 0.8402545563876629
  view-data: 3.310009229928255
