times:
  edit-metadata: 0.6923578569549136
  landing: 0.05193858401617035
  view-data: 0.20103827997809276
