times:
  edit-metadata: 1.196985598653555
  landing: 0.04996161162853241
  view-data: 0.21285365521907806
