times:
  edit-metadata: 1.594736648723483
  landing: 0.023064596578478813
  view-data: 0.38189028576016426
