times:
  edit-metadata: 1.5026442222297192
  landing: 1.0413417033851147
  view-data: 3.3776939548552036
