times:
  edit-metadata: 0.7388772000558674
  landing: 0.05646112700924277
  view-data: 0.20409615524113178
