times:
  edit-metadata: 1.5621138513088226
  landing: 0.019970538094639778
  view-data: 0.023865862749516964
