times:
  edit-metadata: 0.7428625798784196
  landing: 0.05285960482433438
  view-data: 0.20601483015343547
