times:
  edit-metadata: 1.5975506901741028
  landing: 0.12715660966932774
  view-data: 0.12491401564329863
