times:
  edit-metadata: 0.6517320169368759
  landing: 0.07071996596641839
  view-data: 0.22512852400541306
