times:
  edit-metadata: 1.1913611851632595
  landing: 0.04865936189889908
  view-data: 0.2117193564772606
