times:
  edit-metadata: 1.6057210331782699
  landing: 0.026217983104288578
  view-data: 0.4061913574114442
