times:
  edit-metadata: 1.6364971995353699
  landing: 0.8581117019057274
  view-data: 3.412940099835396
