times:
  edit-metadata: 0.6926830392330885
  landing: 0.042981971986591816
  view-data: 0.20132639212533832
