times:
  edit-metadata: 0.7305326400091872
  landing: 0.07566954399226233
  view-data: 0.23133262997725978
