times:
  edit-metadata: 1.2204843340441585
  landing: 0.8462421791628003
  view-data: 3.304485053056851
