times:
  edit-metadata: 1.5887691751122475
  landing: 0.01978382281959057
  view-data: 0.023907845839858055
