times:
  edit-metadata: 1.4177667321637273
  landing: 0.9642628571018577
  view-data: 3.397733281366527
