times:
  edit-metadata: 0.7722242809832096
  landing: 0.0500601070234552
  view-data: 0.22011441900394857
