times:
  edit-metadata: 0.7771150511689484
  landing: 0.040871290024369955
  view-data: 0.21161421295255423
