times:
  edit-metadata: 1.5333978943526745
  landing: 1.1029253900051117
  view-data: 3.389106407761574
