times:
  edit-metadata: 0.6529386390466243
  landing: 0.07379342382773757
  view-data: 0.22537888400256634
