times:
  edit-metadata: 1.6147068170830607
  landing: 0.02260802686214447
  view-data: 0.11727743688970804
