times:
  landing: 1.229152049869299
  view-data: 0.6122960392385721
