times:
  edit-metadata: 0.7059470790045452
  landing: 0.07229340699996101
  view-data: 0.27868051399855176
