times:
  edit-metadata: 1.5669337986037135
  landing: 0.11873194109648466
  view-data: 0.025224083103239536
