times:
  landing: 0.551487882999993
  view-data: 0.05354669400003331
