times:
  landing: 0.5538049969999861
  view-data: 0.5743469280000113
