times:
  edit-metadata: 1.4175479607656598
  landing: 0.8076971736736596
  view-data: 3.3484091530553997
