times:
  landing: 0.551429034000023
  view-data: 0.5610578839999789
