times:
  edit-metadata: 0.7113579559954815
  landing: 0.05179776299337391
  view-data: 0.20731403499667067
