times:
  edit-metadata: 0.6441565699642524
  landing: 0.08243578299880028
  view-data: 0.24599872500402853
