times:
  edit-metadata: 0.7626721020205878
  landing: 0.04637448399444111
  view-data: 0.23191228101495653
