times:
  edit-metadata: 2.0305122369900346
  landing: 0.3233090518042445
  view-data: 0.4948892714455724
