times:
  edit-metadata: 1.6432391814887524
  landing: 0.0198611943051219
  view-data: 0.12284443899989128
