times:
  edit-metadata: 1.336983036249876
  landing: 1.1248904634267092
  view-data: 0.3170903939753771
