times:
  edit-metadata: 1.6340587874874473
  landing: 0.11511283833533525
  view-data: 0.10187766794115305
