times:
  landing: 1.0741389450000156
  view-data: 0.5554091689999723
