times:
  edit-metadata: 0.6563972779549658
  landing: 0.08398159290663898
  view-data: 0.22681740391999483
