times:
  edit-metadata: 0.7120809811167419
  landing: 0.0521261990070343
  view-data: 0.2069921176880598
