times:
  edit-metadata: 1.408676111139357
  landing: 0.8368138526566327
  view-data: 3.334408648312092
