times:
  landing: 1.0698546820000274
  view-data: 0.5598120220000169
