times:
  edit-metadata: 1.5600393004715443
  landing: 1.0983158573508263
  view-data: 3.3623027093708515
