times:
  landing: 0.5486963849999711
  view-data: 0.5589986010000416
