times:
  edit-metadata: 0.6618502968922257
  landing: 0.07050202507525682
  view-data: 0.2505289090331644
