times:
  edit-metadata: 1.4388438295572996
  landing: 0.8367251381278038
  view-data: 3.321621486917138
