times:
  edit-metadata: 1.6019732598215342
  landing: 0.025677784346044064
  view-data: 0.13219631649553776
