times:
  edit-metadata: 1.5614654757082462
  landing: 0.8592600040137768
  view-data: 3.4324597492814064
