times:
  edit-metadata: 1.6282509751617908
  landing: 1.0092312060296535
  view-data: 3.4695059210062027
