times:
  edit-metadata: 1.5218224227428436
  landing: 0.7931813392788172
  view-data: 3.3936146162450314
