times:
  edit-metadata: 1.5127386208623648
  landing: 0.8349900152534246
  view-data: 3.3689175182953477
