times:
  edit-metadata: 1.6120162000879645
  landing: 0.9226499907672405
  view-data: 3.350691355764866
