times:
  landing: 1.5840823879999562
  view-data: 0.5530102189999866
