times:
  edit-metadata: 0.7707587099866942
  landing: 0.05246572199393995
  view-data: 0.20391588701750152
