times:
  edit-metadata: 0.714157375972718
  landing: 0.049095791298896074
  view-data: 0.20589558826759458
