times:
  edit-metadata: 1.6062313299626112
  landing: 0.024036508984863758
  view-data: 0.02701543364673853
