times:
  edit-metadata: 0.706183611007873
  landing: 0.04120623000198975
  view-data: 0.2075536970514804
