times:
  edit-metadata: 1.375279433093965
  landing: 0.9265876556746662
  view-data: 3.3818654669448733
