times:
  edit-metadata: 1.3245335146784782
  landing: 0.051091525703668594
  view-data: 0.22562728822231293
