times:
  edit-metadata: 1.488953871652484
  landing: 0.7921138741075993
  view-data: 3.4309248439967632
