times:
  landing: 0.5558903199998895
  view-data: 0.5591605390000041
