times:
  edit-metadata: 1.7036824841052294
  landing: 0.24418353475630283
  view-data: 0.02509373426437378
