times:
  edit-metadata: 0.6584131820127368
  landing: 0.046843284741044044
  view-data: 0.21301615610718727
