times:
  edit-metadata: 1.3023903593420982
  landing: 0.6678228713572025
  view-data: 0.1949996054172516
