times:
  edit-metadata: 1.2446783538907766
  landing: 0.6350482269190252
  view-data: 3.2463374061044306
