times:
  edit-metadata: 1.5951555836945772
  landing: 0.022823045030236244
  view-data: 0.1210013972595334
