times:
  edit-metadata: 0.6854022666811943
  landing: 0.047172784339636564
  view-data: 0.21064543165266514
