times:
  edit-metadata: 1.5569159630686045
  landing: 0.020273856818675995
  view-data: 0.13665751926600933
