times:
  edit-metadata: 0.68392224307172
  landing: 0.05460486188530922
  view-data: 0.2062066080980003
