times:
  edit-metadata: 0.662565965205431
  landing: 2.1130818277597427
  view-data: 0.4428125601261854
