times:
  edit-metadata: 0.643495392985642
  landing: 0.07969250995665789
  view-data: 0.2225239269901067
