times:
  landing: 1.078518597000027
  view-data: 0.587868890999971
