times:
  edit-metadata: 1.5861260257661343
  landing: 0.020520327612757683
  view-data: 0.025410324335098267
