times:
  edit-metadata: 0.6807370986789465
  landing: 1.0435308068990707
  view-data: 0.22242549806833267
