times:
  edit-metadata: 1.7937787119299173
  landing: 0.9064486604183912
  view-data: 3.299839276820421
