times:
  edit-metadata: 1.3246926292777061
  landing: 0.5376899652183056
  view-data: 0.2989607769995928
