times:
  edit-metadata: 0.8007083320990205
  landing: 0.06906076101586223
  view-data: 0.20696789724752307
