times:
  edit-metadata: 0.6397221861407161
  landing: 0.0687555130571127
  view-data: 0.22276467876508832
