times:
  edit-metadata: 1.4790042974054813
  landing: 0.9418200794607401
  view-data: 3.298999935388565
