times:
  edit-metadata: 1.299216028302908
  landing: 0.042786020785570145
  view-data: 0.21165964007377625
