times:
  edit-metadata: 2.0955432318150997
  landing: 1.1742375027388334
  view-data: 3.5007549170404673
