times:
  edit-metadata: 1.4593289475888014
  landing: 0.8619183013215661
  view-data: 3.3840486491099
