times:
  edit-metadata: 0.7113143485039473
  landing: 0.04347237851470709
  view-data: 0.2322711842134595
