times:
  edit-metadata: 1.5683331284672022
  landing: 0.8637229148298502
  view-data: 3.4566343557089567
