times:
  edit-metadata: 0.8381386883556843
  landing: 0.40019552037119865
  view-data: 0.3207322023808956
