times:
  edit-metadata: 1.7232434526085854
  landing: 0.13679767400026321
  view-data: 0.022590873762965202
