times:
  edit-metadata: 1.9253965262323618
  landing: 0.25956103205680847
  view-data: 0.5043448265641928
