times:
  landing: 0.5475834899999654
  view-data: 0.547940494000045
