times:
  edit-metadata: 1.825918035581708
  landing: 0.1591095495969057
  view-data: 0.3316959887742996
