times:
  edit-metadata: 0.6930244192481041
  landing: 1.6441520005464554
  view-data: 0.4423752333968878
