times:
  edit-metadata: 1.5248473323881626
  landing: 0.7710738983005285
  view-data: 3.4152205660939217
