times:
  edit-metadata: 1.1992195323109627
  landing: 0.041720449924468994
  view-data: 0.21366633847355843
