times:
  edit-metadata: 0.7326009108219296
  landing: 0.04577628104016185
  view-data: 0.2075763950124383
