times:
  edit-metadata: 1.4538788236677647
  landing: 0.9411099441349506
  view-data: 3.4152303878217936
