times:
  edit-metadata: 1.6230857381597161
  landing: 0.020095455460250378
  view-data: 0.11339835915714502
