times:
  edit-metadata: 1.374394403770566
  landing: 0.6615178398787975
  view-data: 0.20765966549515724
