times:
  edit-metadata: 1.9628705643117428
  landing: 0.15903169475495815
  view-data: 0.42327489145100117
