times:
  landing: 0.5734682949999979
  view-data: 0.5639915870000323
