times:
  edit-metadata: 1.5998361567035317
  landing: 0.20797980669885874
  view-data: 0.31512649077922106
