times:
  edit-metadata: 1.7383986432105303
  landing: 0.1441356148570776
  view-data: 0.04270481690764427
