times:
  edit-metadata: 0.7159647230291739
  landing: 0.06806273403344676
  view-data: 0.36921281402464956
