times:
  edit-metadata: 1.4231883697211742
  landing: 0.7494207993149757
  view-data: 3.2880709767341614
