times:
  landing: 0.556196731
  view-data: 0.5573056369999563
