times:
  edit-metadata: 0.7072333274409175
  landing: 0.050320080015808344
  view-data: 0.21492869593203068
