times:
  edit-metadata: 1.5871579861268401
  landing: 0.12987681105732918
  view-data: 0.12160285376012325
