times:
  edit-metadata: 0.6442272829590365
  landing: 0.07240526494570076
  view-data: 0.22866406990215182
