times:
  edit-metadata: 1.6864982396364212
  landing: 1.0468044392764568
  view-data: 3.4311312548816204
