times:
  edit-metadata: 0.6865039258264005
  landing: 0.04436189588159323
  view-data: 0.20532207190990448
