times:
  edit-metadata: 0.6661519631743431
  landing: 0.044655708596110344
  view-data: 0.20994576811790466
