times:
  landing: 1.08121653500001
  view-data: 0.5607772089999798
