times:
  edit-metadata: 0.7147704689996317
  landing: 0.048330620003980584
  view-data: 0.2049999090086203
