times:
  edit-metadata: 1.6975146513432264
  landing: 0.20216842740774155
  view-data: 0.024057604372501373
