times:
  edit-metadata: 1.5720816338434815
  landing: 0.01976605411618948
  view-data: 0.02324769925326109
