times:
  edit-metadata: 1.8099152510985732
  landing: 0.021125546656548977
  view-data: 0.250028352253139
