times:
  landing: 1.1132170789999805
  view-data: 0.5511487210000041
