times:
  edit-metadata: 0.6523126470856369
  landing: 0.05172091396525502
  view-data: 0.212558732368052
