times:
  edit-metadata: 0.7168971239589155
  landing: 0.05110470065847039
  view-data: 0.2081591789610684
