times:
  edit-metadata: 0.7678347119945101
  landing: 0.040827985969372094
  view-data: 0.20552453602431342
