times:
  landing: 0.5506850719999647
  view-data: 0.5615314839999428
