times:
  edit-metadata: 1.6708823274821043
  landing: 0.23842493072152138
  view-data: 0.02684551663696766
