times:
  edit-metadata: 1.7868375889956951
  landing: 0.2369251325726509
  view-data: 0.3896402958780527
