times:
  edit-metadata: 1.1480576349422336
  landing: 0.2602011328563094
  view-data: 0.4574712570756674
