times:
  edit-metadata: 1.2852144427597523
  landing: 0.04863373562693596
  view-data: 0.20948664098978043
