times:
  edit-metadata: 1.214072696864605
  landing: 0.04517075791954994
  view-data: 0.20823075622320175
