times:
  edit-metadata: 0.7186468001455069
  landing: 0.06496091792359948
  view-data: 0.22540422389283776
