times:
  edit-metadata: 1.3764569982886314
  landing: 1.0193591862916946
  view-data: 3.3556563705205917
