times:
  landing: 0.5497005070000114
  view-data: 0.5666846029999988
