times:
  edit-metadata: 0.7654895989689976
  landing: 0.06218037195503712
  view-data: 0.22474081092514098
