times:
  landing: 0.5537223989999802
  view-data: 0.555945113000007
