times:
  edit-metadata: 1.6166671924293041
  landing: 0.7775046490132809
  view-data: 3.402536101639271
