times:
  landing: 1.082098239000004
  view-data: 0.5583227989999955
