times:
  landing: 1.0683245839999813
  view-data: 0.5524976250000009
