times:
  edit-metadata: 1.5168915167450905
  landing: 1.0105175226926804
  view-data: 3.3952525854110718
