times:
  edit-metadata: 1.5785360494628549
  landing: 0.02178242802619934
  view-data: 0.023995690047740936
