times:
  edit-metadata: 0.7174738822504878
  landing: 0.045344604179263115
  view-data: 0.2101972382515669
