times:
  edit-metadata: 1.5914881471544504
  landing: 0.020811542868614197
  view-data: 0.12383682653307915
