times:
  edit-metadata: 1.3595469072461128
  landing: 0.5851804856210947
  view-data: 0.3128120396286249
