times:
  edit-metadata: 1.352396766655147
  landing: 0.9466084730811417
  view-data: 3.4427466113120317
