times:
  edit-metadata: 0.7660412453114986
  landing: 0.051526173017919064
  view-data: 0.25756887113675475
