times:
  edit-metadata: 2.0633353013545275
  landing: 0.13783624581992626
  view-data: 0.026556446217000484
