times:
  edit-metadata: 1.416958011686802
  landing: 0.5259902086108923
  view-data: 0.26407426595687866
