times:
  edit-metadata: 1.470113713061437
  landing: 0.8897316309157759
  view-data: 3.409312903881073
