times:
  edit-metadata: 1.2949731703847647
  landing: 0.5878601390868425
  view-data: 0.22135247848927975
