times:
  edit-metadata: 0.8293169951066375
  landing: 0.04900216730311513
  view-data: 0.2778320820070803
