times:
  edit-metadata: 1.4936220459640026
  landing: 0.9023763313889503
  view-data: 3.4018881395459175
