times:
  edit-metadata: 0.7230182070052251
  landing: 0.07154368099872954
  view-data: 0.36140933600836433
