times:
  landing: 1.0822744810000131
  view-data: 0.5614489050000202
