times:
  edit-metadata: 1.0525204231962562
  landing: 0.1407188638113439
  view-data: 0.23900990281254053
