times:
  edit-metadata: 1.2975424397736788
  landing: 0.05181976780295372
  view-data: 0.19779910892248154
