times:
  landing: 1.063507952000009
  view-data: 0.5463902999999846
