times:
  edit-metadata: 1.9439592389389873
  landing: 1.2271605720743537
  view-data: 3.4559380281716585
