times:
  edit-metadata: 0.637558609014377
  landing: 0.07036164694000036
  view-data: 0.36482618108857423
