times:
  edit-metadata: 0.6975371073931456
  landing: 0.050835538655519485
  view-data: 0.21680545341223478
