times:
  edit-metadata: 1.652453474700451
  landing: 0.11693053506314754
  view-data: 0.13670376501977444
