times:
  edit-metadata: 0.696698016487062
  landing: 0.05085550341755152
  view-data: 0.21372984908521175
