times:
  edit-metadata: 1.766574339941144
  landing: 0.13536464236676693
  view-data: 0.4085644595324993
