times:
  edit-metadata: 0.6909078531898558
  landing: 0.048638727981597185
  view-data: 0.21272108191624284
