times:
  edit-metadata: 1.3813160583376884
  landing: 0.049696870148181915
  view-data: 0.20409700646996498
