times:
  edit-metadata: 0.6647131549980259
  landing: 0.06551345300977118
  view-data: 0.22067869199963752
