times:
  edit-metadata: 1.2950402908027172
  landing: 1.0064202304929495
  view-data: 3.3423096500337124
