times:
  landing: 1.0719982589999972
  view-data: 0.5588662139999769
