times:
  edit-metadata: 1.3666147701442242
  landing: 0.0530439168214798
  view-data: 0.29932035878300667
