times:
  edit-metadata: 0.7529412289150059
  landing: 0.05130419600754976
  view-data: 0.2512197704054415
