times:
  edit-metadata: 1.58554058521986
  landing: 0.16147476993501186
  view-data: 0.11893790401518345
