times:
  edit-metadata: 1.2125555090606213
  landing: 0.046025872230529785
  view-data: 0.21136878803372383
