times:
  edit-metadata: 1.5317891277372837
  landing: 0.778825955465436
  view-data: 3.42642193287611
