times:
  edit-metadata: 1.39277686458081
  landing: 0.8286370160058141
  view-data: 3.3636565757915378
