times:
  edit-metadata: 1.670051297172904
  landing: 0.02078242413699627
  view-data: 0.13124590180814266
