times:
  edit-metadata: 0.6820801836438477
  landing: 0.053482329938560724
  view-data: 0.2063117898069322
