times:
  edit-metadata: 1.4825873635709286
  landing: 0.9394966810941696
  view-data: 3.3475357070565224
