times:
  edit-metadata: 1.5544223971664906
  landing: 0.8583443872630596
  view-data: 3.3832501843571663
