times:
  edit-metadata: 0.7034311890602112
  landing: 0.03858682210557163
  view-data: 0.2084525318350643
