times:
  edit-metadata: 1.2841097749769688
  landing: 0.999966224655509
  view-data: 0.4373082723468542
