times:
  edit-metadata: 1.3628205228596926
  landing: 0.5276240892708302
  view-data: 0.2313625980168581
