times:
  edit-metadata: 1.5112053640186787
  landing: 0.8059675805270672
  view-data: 3.4348413683474064
