times:
  edit-metadata: 1.7070961743593216
  landing: 0.8855420388281345
  view-data: 3.410040320828557
