times:
  edit-metadata: 1.8008078448474407
  landing: 0.9411050919443369
  view-data: 3.3882431499660015
