times:
  landing: 0.55005021300002
  view-data: 0.5525453230000039
