times:
  edit-metadata: 1.8339367359876633
  landing: 0.25707004219293594
  view-data: 0.33707770705223083
