times:
  edit-metadata: 1.627402175217867
  landing: 0.01960813906043768
  view-data: 0.4132824381813407
