times:
  edit-metadata: 1.5601427387446165
  landing: 0.20518138725310564
  view-data: 0.41461715195327997
