times:
  edit-metadata: 1.2096018977463245
  landing: 0.044782571494579315
  view-data: 0.2117585688829422
