times:
  edit-metadata: 0.7408453801181167
  landing: 0.050888526951894164
  view-data: 0.2013982068747282
