times:
  edit-metadata: 1.671707701869309
  landing: 0.024762136861681938
  view-data: 0.02526928298175335
