times:
  edit-metadata: 1.688102988526225
  landing: 0.2734822165220976
  view-data: 0.18877910263836384
