times:
  landing: 0.5425554070000089
  view-data: 0.546254561000012
