times:
  edit-metadata: 1.4431817084550858
  landing: 0.9059984125196934
  view-data: 3.3430350311100483
