times:
  edit-metadata: 1.4989910535514355
  landing: 0.8300029151141644
  view-data: 3.4199978318065405
