times:
  landing: 1.0785149769999975
  view-data: 0.5614978240000141
