times:
  landing: 0.5554906710000296
  view-data: 0.5608509060000415
