times:
  edit-metadata: 1.5893013859167695
  landing: 0.1259496407583356
  view-data: 0.024784411303699017
