times:
  edit-metadata: 1.1972104981541634
  landing: 0.050463806837797165
  view-data: 0.2093953788280487
