times:
  edit-metadata: 1.5587704917415977
  landing: 0.019935675896704197
  view-data: 0.0280626704916358
