times:
  edit-metadata: 1.8467459979001433
  landing: 0.12778898910619318
  view-data: 0.22016968415118754
