times:
  edit-metadata: 1.427532896399498
  landing: 0.7552396133542061
  view-data: 3.3317005075514317
