times:
  edit-metadata: 1.3499627746641636
  landing: 0.047009896486997604
  view-data: 0.2136777900159359
