times:
  edit-metadata: 1.2444865629076958
  landing: 0.04653143137693405
  view-data: 0.20622257515788078
