times:
  edit-metadata: 1.3524699821136892
  landing: 0.7752533028833568
  view-data: 3.3461183961480856
