times:
  edit-metadata: 1.3718759305775166
  landing: 0.9605165719985962
  view-data: 3.3607562370598316
