times:
  edit-metadata: 1.6359246270731091
  landing: 0.020547661930322647
  view-data: 0.0999491959810257
