times:
  edit-metadata: 1.5086313281208277
  landing: 1.0020856577903032
  view-data: 3.327303173020482
