times:
  edit-metadata: 0.6555308708921075
  landing: 0.06646747561171651
  view-data: 0.4950914238579571
