times:
  edit-metadata: 0.6814848850481212
  landing: 0.06739444704726338
  view-data: 0.22333668125793338
