times:
  edit-metadata: 0.7577138899359852
  landing: 0.04383481596596539
  view-data: 0.20600183308124542
