times:
  edit-metadata: 2.2304708659648895
  landing: 1.1845810674130917
  view-data: 3.589396681636572
