times:
  edit-metadata: 1.5174659974873066
  landing: 0.9767882563173771
  view-data: 3.4118564650416374
