times:
  edit-metadata: 1.4780920408666134
  landing: 0.9293310381472111
  view-data: 3.3728379905223846
