times:
  edit-metadata: 1.504658754914999
  landing: 0.821410646662116
  view-data: 3.422247914597392
