times:
  edit-metadata: 1.3661654442548752
  landing: 0.8218642994761467
  view-data: 3.3235858492553234
