times:
  edit-metadata: 0.7049220560002141
  landing: 0.04106535704340786
  view-data: 0.20466122502693906
