times:
  edit-metadata: 1.5587617475539446
  landing: 0.9045957820490003
  view-data: 3.410580301657319
