times:
  edit-metadata: 1.6875433288514614
  landing: 0.026856133714318275
  view-data: 0.03181014396250248
