times:
  edit-metadata: 1.7823992390185595
  landing: 0.023441098630428314
  view-data: 0.38732120394706726
