times:
  edit-metadata: 1.5352948401123285
  landing: 0.8863011607900262
  view-data: 3.3665614118799567
