times:
  edit-metadata: 1.2180002965033054
  landing: 0.04084639623761177
  view-data: 0.20532676577568054
