times:
  edit-metadata: 1.6051053553819656
  landing: 1.098182026296854
  view-data: 3.4251488223671913
