times:
  edit-metadata: 2.5644090194255114
  landing: 1.239496803842485
  view-data: 3.757651991210878
