times:
  edit-metadata: 0.6666771648451686
  landing: 0.04849160462617874
  view-data: 0.21085903979837894
