times:
  edit-metadata: 1.5789329828694463
  landing: 0.13253122568130493
  view-data: 0.34836247097700834
