times:
  landing: 0.5551154049999809
  view-data: 0.558361600000012
