times:
  landing: 0.548423587000002
  view-data: 0.5583249620000288
