times:
  edit-metadata: 0.7124639078974724
  landing: 0.043676169123500586
  view-data: 0.21301309298723936
