times:
  edit-metadata: 2.2477567680180073
  landing: 1.3615849129855633
  view-data: 3.696783758699894
