times:
  edit-metadata: 1.577455542050302
  landing: 0.022041141986846924
  view-data: 0.12358120549470186
