times:
  edit-metadata: 0.7348663420416415
  landing: 0.0762143098982051
  view-data: 0.22396974393632263
