times:
  edit-metadata: 1.7529433257877827
  landing: 0.24642941169440746
  view-data: 0.3124182093888521
