times:
  edit-metadata: 0.7335109228733927
  landing: 0.04449340095743537
  view-data: 0.2018623889889568
