times:
  edit-metadata: 0.6542106040287763
  landing: 0.08724721596809104
  view-data: 0.2257487690076232
