times:
  edit-metadata: 1.5929633993655443
  landing: 0.1885795872658491
  view-data: 0.10234090313315392
