times:
  landing: 1.0730158310000206
  view-data: 0.5580345729999863
