times:
  edit-metadata: 0.7406571039464325
  landing: 0.06459363899193704
  view-data: 0.2261118929600343
