times:
  edit-metadata: 1.177403099834919
  landing: 0.05270357057452202
  view-data: 0.20801102742552757
