times:
  edit-metadata: 1.3768347688019276
  landing: 0.8747947150841355
  view-data: 3.3579198559746146
