times:
  edit-metadata: 0.7733762880088761
  landing: 0.08402116503566504
  view-data: 0.23696966102579609
