times:
  edit-metadata: 1.6400722470134497
  landing: 0.11889879871159792
  view-data: 0.03039216250181198
