times:
  edit-metadata: 1.343271919991821
  landing: 0.7782799361739308
  view-data: 3.3105421971995384
