times:
  edit-metadata: 1.5400435980409384
  landing: 0.7762537021189928
  view-data: 3.402415670454502
