times:
  edit-metadata: 1.568803321570158
  landing: 0.846360769122839
  view-data: 3.4300160221755505
