times:
  edit-metadata: 0.6886503121349961
  landing: 0.04784773802384734
  view-data: 0.1955182959791273
