times:
  edit-metadata: 1.6198693765327334
  landing: 0.022310680709779263
  view-data: 0.026221297681331635
