times:
  edit-metadata: 1.237411055713892
  landing: 1.6175550799816847
  view-data: 0.6060957610607147
