times:
  edit-metadata: 2.0659098122268915
  landing: 1.4400775209069252
  view-data: 3.753824170678854
