times:
  edit-metadata: 1.5744609469547868
  landing: 0.11403992492705584
  view-data: 0.025462625548243523
