times:
  edit-metadata: 1.6204832112416625
  landing: 0.12244489416480064
  view-data: 0.025689094327390194
