times:
  edit-metadata: 0.6884661102667451
  landing: 0.04680548794567585
  view-data: 0.21768165100365877
