times:
  landing: 1.1129977420000046
  view-data: 0.5543371459999662
