times:
  edit-metadata: 1.1703803278505802
  landing: 0.04892344772815704
  view-data: 0.20988087356090546
