times:
  edit-metadata: 1.2697424795478582
  landing: 0.6478621363639832
  view-data: 0.6105912737548351
