times:
  edit-metadata: 0.6444489099085331
  landing: 0.05322939483448863
  view-data: 0.21433519525453448
