times:
  edit-metadata: 1.6631694044917822
  landing: 0.13908980041742325
  view-data: 0.025741558521986008
