times:
  landing: 0.5459125749999885
  view-data: 0.5476126929999623
