times:
  landing: 1.069887996000034
  view-data: 0.5571232429999782
