times:
  edit-metadata: 0.7346758879721165
  landing: 0.047786812065169215
  view-data: 0.20711263502016664
