times:
  landing: 2.6470936520000237
  view-data: 0.5560457469999847
