times:
  edit-metadata: 2.2010540240444243
  landing: 1.5120803033933043
  view-data: 3.655843141954392
