times:
  landing: 0.5591346420000036
  view-data: 0.5602460659999906
