times:
  edit-metadata: 1.3580105751752853
  landing: 0.7125822082161903
  view-data: 3.497030586004257
