times:
  edit-metadata: 1.3583890497684479
  landing: 0.7722088247537613
  view-data: 3.3071454614400864
