times:
  edit-metadata: 1.47205750644207
  landing: 0.9076146557927132
  view-data: 3.429011307656765
