times:
  edit-metadata: 1.3683106414973736
  landing: 0.7633823752403259
  view-data: 3.3000471219420433
