times:
  edit-metadata: 1.4463189914822578
  landing: 0.8285062983632088
  view-data: 3.4234794229269028
