times:
  edit-metadata: 1.4121478572487831
  landing: 0.7035312727093697
  view-data: 3.5101988688111305
