times:
  edit-metadata: 1.4313953593373299
  landing: 0.79446891695261
  view-data: 3.426976814866066
