times:
  edit-metadata: 1.48213492333889
  landing: 0.8301849067211151
  view-data: 3.4713104516267776
