times:
  edit-metadata: 1.4425847306847572
  landing: 0.8187905848026276
  view-data: 3.348452191799879
