times:
  edit-metadata: 1.4888906925916672
  landing: 0.8281271755695343
  view-data: 3.30327882617712
