times:
  edit-metadata: 1.4848035648465157
  landing: 0.708823025226593
  view-data: 3.375646986067295
