times:
  edit-metadata: 1.3926622718572617
  landing: 0.7478488124907017
  view-data: 3.3235257789492607
