times:
  edit-metadata: 1.4439033269882202
  landing: 0.7776905819773674
  view-data: 3.3199390321969986
