times:
  edit-metadata: 1.8846168294548988
  landing: 1.6691430509090424
  view-data: 3.628952704370022
