times:
  edit-metadata: 1.3761854320764542
  landing: 0.7888437435030937
  view-data: 3.456094868481159
