times:
  edit-metadata: 1.359076153486967
  landing: 0.7000056505203247
  view-data: 3.2700476236641407
