times:
  edit-metadata: 2.691882722079754
  landing: 1.1183558255434036
  view-data: 3.5564663633704185
