times:
  edit-metadata: 1.617755964398384
  landing: 0.8818012475967407
  view-data: 3.3579743951559067
