times:
  edit-metadata: 1.4977885037660599
  landing: 0.7287462577223778
  view-data: 3.5542202666401863
