times:
  edit-metadata: 1.6764519810676575
  landing: 1.232220970094204
  view-data: 3.6148411333560944
