times:
  edit-metadata: 1.4089099280536175
  landing: 0.8109591379761696
  view-data: 3.334423165768385
