times:
  edit-metadata: 1.5605928897857666
  landing: 1.135443203151226
  view-data: 3.3154676854610443
