times:
  edit-metadata: 1.3374707028269768
  landing: 0.7205268442630768
  view-data: 3.4349338859319687
