times:
  edit-metadata: 2.091883972287178
  landing: 0.7905336767435074
  view-data: 3.4951429590582848
