times:
  edit-metadata: 1.3366088047623634
  landing: 0.8031562864780426
  view-data: 3.4519342333078384
