times:
  edit-metadata: 1.5530438274145126
  landing: 0.8473028689622879
  view-data: 3.3070879578590393
