times:
  edit-metadata: 1.4913989380002022
  landing: 0.9101047515869141
  view-data: 3.633816219866276
