times:
  edit-metadata: 1.6031464710831642
  landing: 0.883518747985363
  view-data: 3.4337177351117134
