times:
  edit-metadata: 1.4235422685742378
  landing: 0.7909121364355087
  view-data: 3.36604867875576
