times:
  edit-metadata: 1.3586016222834587
  landing: 0.6869882643222809
  view-data: 3.4636839777231216
