times:
  edit-metadata: 1.4341050684452057
  landing: 0.7815210521221161
  view-data: 3.287759445607662
