times:
  edit-metadata: 1.5512047223746777
  landing: 0.8482948020100594
  view-data: 3.3294272385537624
