times:
  edit-metadata: 1.3635232001543045
  landing: 0.736435703933239
  view-data: 3.3306234627962112
