times:
  edit-metadata: 1.4265659004449844
  landing: 0.7741570472717285
  view-data: 3.4303531795740128
