times:
  edit-metadata: 1.3635478839278221
  landing: 0.7892772629857063
  view-data: 3.4836398661136627
