times:
  edit-metadata: 3.8954237177968025
  landing: 1.595154419541359
  view-data: 3.9236770942807198
