times:
  edit-metadata: 1.5403815023601055
  landing: 0.7875657565891743
  view-data: 3.3232245184481144
