times:
  edit-metadata: 1.7342277728021145
  landing: 1.1716770455241203
  view-data: 3.4117246866226196
