times:
  edit-metadata: 1.3969033434987068
  landing: 0.755018413066864
  view-data: 3.422657273709774
