times:
  edit-metadata: 1.4422337338328362
  landing: 0.7681240513920784
  view-data: 3.5057627260684967
