times:
  edit-metadata: 1.758265420794487
  landing: 1.0423293113708496
  view-data: 3.5550832226872444
