times:
  edit-metadata: 1.2319386005401611
  landing: 0.8059567809104919
  view-data: 3.551477588713169
