times:
  edit-metadata: 1.2990967780351639
  landing: 0.7240066677331924
  view-data: 3.5267448350787163
