times:
  edit-metadata: 1.4235474988818169
  landing: 0.7595707848668098
  view-data: 3.4502155408263206
