times:
  edit-metadata: 1.329190406948328
  landing: 0.800849199295044
  view-data: 3.30014031752944
