times:
  edit-metadata: 1.6169017516076565
  landing: 0.8085260428488255
  view-data: 3.367556858807802
