times:
  edit-metadata: 1.3958791717886925
  landing: 0.813046507537365
  view-data: 3.543262466788292
