times:
  edit-metadata: 1.462819341570139
  landing: 0.7027217261493206
  view-data: 3.3087586015462875
