times:
  edit-metadata: 1.4961007609963417
  landing: 0.7891646549105644
  view-data: 3.3372789844870567
