times:
  edit-metadata: 1.407288797199726
  landing: 0.7586877420544624
  view-data: 3.497342772781849
