times:
  edit-metadata: 1.3424822315573692
  landing: 1.058802168816328
  view-data: 3.4229207076132298
