times:
  edit-metadata: 1.3886812627315521
  landing: 0.8274283483624458
  view-data: 3.495939515531063
