times:
  edit-metadata: 2.056652843952179
  landing: 1.2028952464461327
  view-data: 3.7540573328733444
