times:
  edit-metadata: 2.2796673253178596
  landing: 0.9775693640112877
  view-data: 3.382633648812771
