times:
  edit-metadata: 1.4770119972527027
  landing: 0.8074240162968636
  view-data: 3.3826003931462765
