times:
  edit-metadata: 1.3585354052484035
  landing: 0.8177427761256695
  view-data: 3.366119373589754
