times:
  edit-metadata: 1.5162467956542969
  landing: 0.7234483882784843
  view-data: 3.496205933392048
