times:
  edit-metadata: 1.488286878913641
  landing: 0.8394094817340374
  view-data: 3.3842044062912464
