times:
  edit-metadata: 1.6386554688215256
  landing: 1.0066501274704933
  view-data: 3.3315378800034523
