times:
  edit-metadata: 1.3813766166567802
  landing: 0.727899968624115
  view-data: 3.5316286608576775
