times:
  edit-metadata: 1.3688941709697247
  landing: 0.8970018327236176
  view-data: 3.325264632701874
