times:
  edit-metadata: 1.5320346057415009
  landing: 1.0508165881037712
  view-data: 3.676675707101822
