times:
  edit-metadata: 1.3199138715863228
  landing: 0.94416693598032
  view-data: 3.603856697678566
