times:
  edit-metadata: 1.6200706586241722
  landing: 0.8453318178653717
  view-data: 0.8050236403942108
