times:
  edit-metadata: 1.4401411302387714
  landing: 0.781374141573906
  view-data: 3.311234924942255
