times:
  edit-metadata: 1.4744488149881363
  landing: 0.8303252160549164
  view-data: 3.4809619933366776
