times:
  edit-metadata: 1.3535462394356728
  landing: 0.7803267613053322
  view-data: 3.4109963327646255
