times:
  edit-metadata: 1.5807978734374046
  landing: 0.8337463662028313
  view-data: 3.2809749767184258
