times:
  edit-metadata: 1.3931877724826336
  landing: 0.7628116495907307
  view-data: 3.362826995551586
