times:
  edit-metadata: 1.4392721429467201
  landing: 0.8003372102975845
  view-data: 3.311849005520344
