times:
  edit-metadata: 1.4916346818208694
  landing: 0.9551518484950066
  view-data: 3.2756479680538177
