times:
  edit-metadata: 1.4881133884191513
  landing: 0.8513698391616344
  view-data: 3.396767545491457
