times:
  edit-metadata: 1.4514404982328415
  landing: 0.7771244943141937
  view-data: 3.5109492987394333
