times:
  edit-metadata: 1.4459174275398254
  landing: 0.7354131415486336
  view-data: 3.4173325896263123
