times:
  edit-metadata: 1.4357321299612522
  landing: 0.8308162428438663
  view-data: 3.39056209474802
