times:
  edit-metadata: 1.4075918793678284
  landing: 0.665666751563549
  view-data: 3.4419301822781563
