times:
  edit-metadata: 1.630623284727335
  landing: 0.7501377277076244
  view-data: 3.422800537198782
