times:
  edit-metadata: 1.4542428776621819
  landing: 0.7936680465936661
  view-data: 3.4848936200141907
