times:
  edit-metadata: 1.3469094634056091
  landing: 0.7463428750634193
  view-data: 3.402891479432583
