times:
  edit-metadata: 1.434604849666357
  landing: 0.9176155887544155
  view-data: 3.4399059787392616
