times:
  edit-metadata: 2.187526322901249
  landing: 1.5906267389655113
  view-data: 3.4720711708068848
