times:
  edit-metadata: 2.0181093774735928
  landing: 1.0716294795274734
  view-data: 3.6129651963710785
