times:
  edit-metadata: 1.5653500631451607
  landing: 0.8465329483151436
  view-data: 3.559248887002468
