times:
  edit-metadata: 1.4736519381403923
  landing: 0.7374892383813858
  view-data: 3.4608039557933807
