times:
  edit-metadata: 1.3550821244716644
  landing: 0.6829655095934868
  view-data: 3.406678505241871
