times:
  edit-metadata: 1.4382272139191628
  landing: 0.8412715643644333
  view-data: 0.6381242871284485
