times:
  edit-metadata: 1.896857500076294
  landing: 1.0264600738883018
  view-data: 3.6796351596713066
