times:
  edit-metadata: 1.3562147915363312
  landing: 0.7463178485631943
  view-data: 3.447432078421116
