times:
  edit-metadata: 1.4553951099514961
  landing: 1.0150384157896042
  view-data: 3.5378241315484047
