times:
  edit-metadata: 1.4790885783731937
  landing: 0.7595676183700562
  view-data: 3.351019509136677
