times:
  edit-metadata: 1.4219769351184368
  landing: 0.8053386956453323
  view-data: 3.273862961679697
