times:
  edit-metadata: 1.4065205939114094
  landing: 0.7615751214325428
  view-data: 3.2608726248145103
