times:
  edit-metadata: 1.3755908571183681
  landing: 0.7744631804525852
  view-data: 3.35170666500926
