times:
  edit-metadata: 1.3349898532032967
  landing: 0.8207940012216568
  view-data: 3.536240890622139
