times:
  edit-metadata: 1.3784958943724632
  landing: 0.7819179110229015
  view-data: 3.3606285639107227
