times:
  edit-metadata: 1.4338814578950405
  landing: 0.8028614111244678
  view-data: 3.29738450050354
