times:
  edit-metadata: 1.493683323264122
  landing: 0.7251647710800171
  view-data: 3.460405506193638
