times:
  edit-metadata: 1.4304378554224968
  landing: 0.6717716455459595
  view-data: 3.3951916694641113
