times:
  edit-metadata: 1.7285491302609444
  landing: 0.9790232926607132
  view-data: 3.352285400032997
