times:
  edit-metadata: 1.3382013626396656
  landing: 0.7180785462260246
  view-data: 3.2848767079412937
