times:
  edit-metadata: 1.835561364889145
  landing: 0.9733039438724518
  view-data: 3.3836394026875496
