times:
  edit-metadata: 1.4479159787297249
  landing: 0.7641602456569672
  view-data: 3.2695549726486206
