times:
  edit-metadata: 1.3765981420874596
  landing: 0.7575382627546787
  view-data: 3.3269863426685333
