times:
  edit-metadata: 1.4906284734606743
  landing: 0.7829632461071014
  view-data: 3.45791357755661
