times:
  edit-metadata: 1.4640793800354004
  landing: 0.7165047898888588
  view-data: 3.4544239714741707
