times:
  edit-metadata: 1.5048408471047878
  landing: 0.7002199478447437
  view-data: 3.278039701282978
