times:
  edit-metadata: 1.5201142579317093
  landing: 0.8269381523132324
  view-data: 3.374936565756798
