times:
  edit-metadata: 1.4313966482877731
  landing: 0.789617545902729
  view-data: 3.452012315392494
