times:
  edit-metadata: 1.440419040620327
  landing: 0.7524018883705139
  view-data: 3.461106151342392
