times:
  edit-metadata: 1.4989143386483192
  landing: 0.798958532512188
  view-data: 3.29597470164299
