times:
  edit-metadata: 1.3690596669912338
  landing: 0.7445374950766563
  view-data: 3.2891346849501133
