times:
  edit-metadata: 1.589850090444088
  landing: 0.8055427744984627
  view-data: 3.374228522181511
