times:
  edit-metadata: 1.4468346424400806
  landing: 0.7613566480576992
  view-data: 3.257934171706438
