times:
  edit-metadata: 1.4046413153409958
  landing: 0.7093351185321808
  view-data: 3.439619116485119
