times:
  edit-metadata: 1.483268417418003
  landing: 0.7427031397819519
  view-data: 3.5249708741903305
