times:
  edit-metadata: 1.5093935802578926
  landing: 0.7374742105603218
  view-data: 3.4810291528701782
