times:
  edit-metadata: 1.4339467138051987
  landing: 0.8845421671867371
  view-data: 3.406077664345503
