times:
  edit-metadata: 1.5262604877352715
  landing: 0.81540247797966
  view-data: 3.4064041078090668
