times:
  edit-metadata: 1.47881044074893
  landing: 0.8667729049921036
  view-data: 3.315572164952755
