times:
  edit-metadata: 1.3489741757512093
  landing: 1.0424720384180546
  view-data: 3.3043125048279762
