times:
  edit-metadata: 1.3773159459233284
  landing: 0.769199974834919
  view-data: 3.3347675874829292
