times:
  edit-metadata: 1.585975345224142
  landing: 0.7954507879912853
  view-data: 3.3446205109357834
