times:
  edit-metadata: 1.4266715422272682
  landing: 0.6959913522005081
  view-data: 3.538965232670307
