times:
  edit-metadata: 1.4768070131540298
  landing: 0.7662409320473671
  view-data: 3.452316015958786
