times:
  edit-metadata: 1.4396763518452644
  landing: 0.7399070635437965
  view-data: 3.4489106237888336
