times:
  edit-metadata: 1.3622227609157562
  landing: 0.7883386164903641
  view-data: 3.3492619171738625
