times:
  edit-metadata: 1.481602817773819
  landing: 0.8696085140109062
  view-data: 3.464631676673889
