times:
  edit-metadata: 1.474363386631012
  landing: 0.7308071255683899
  view-data: 3.512593612074852
