times:
  edit-metadata: 1.476707585155964
  landing: 0.7135979533195496
  view-data: 3.4349087104201317
