times:
  edit-metadata: 1.476599246263504
  landing: 0.788110975176096
  view-data: 3.309789128601551
