times:
  edit-metadata: 1.437912292778492
  landing: 0.7689702361822128
  view-data: 3.5159700885415077
