times:
  edit-metadata: 1.4733513817191124
  landing: 0.7561711147427559
  view-data: 3.5802133455872536
