times:
  edit-metadata: 1.3678845539689064
  landing: 0.8625767230987549
  view-data: 3.448824793100357
