times:
  edit-metadata: 1.5079618394374847
  landing: 0.9323792904615402
  view-data: 3.456043630838394
