times:
  edit-metadata: 1.4843137823045254
  landing: 1.1647928431630135
  view-data: 3.3343644104897976
