times:
  edit-metadata: 1.5009179562330246
  landing: 0.7627231404185295
  view-data: 3.4648981764912605
