times:
  edit-metadata: 1.4477039314806461
  landing: 0.7309418618679047
  view-data: 3.2888213247060776
