times:
  edit-metadata: 1.3878441974520683
  landing: 0.776956107467413
  view-data: 3.3013386949896812
