times:
  edit-metadata: 1.4021743535995483
  landing: 0.7732792794704437
  view-data: 3.304865814745426
