times:
  edit-metadata: 1.624114766716957
  landing: 0.9559000208973885
  view-data: 3.5199087634682655
