times:
  edit-metadata: 1.4301058501005173
  landing: 0.8669516295194626
  view-data: 3.3187343180179596
