times:
  edit-metadata: 1.3802047818899155
  landing: 0.7829811051487923
  view-data: 3.3143023028969765
