times:
  edit-metadata: 1.4063129909336567
  landing: 0.7660156488418579
  view-data: 3.3024977892637253
