times:
  edit-metadata: 2.333157815039158
  landing: 1.4550096839666367
  view-data: 3.583428345620632
