times:
  edit-metadata: 1.333945855498314
  landing: 0.7860025241971016
  view-data: 3.443715885281563
