times:
  edit-metadata: 1.4885305613279343
  landing: 0.721661388874054
  view-data: 3.4886849150061607
