times:
  edit-metadata: 1.679451361298561
  landing: 1.06298216432333
  view-data: 3.3516159877181053
