times:
  edit-metadata: 1.385393999516964
  landing: 0.780111700296402
  view-data: 3.4498252645134926
