times:
  edit-metadata: 1.4223118461668491
  landing: 0.9168346077203751
  view-data: 3.384367812424898
