times:
  edit-metadata: 1.3830525428056717
  landing: 0.7843313664197922
  view-data: 3.517031267285347
