times:
  edit-metadata: 1.6461276412010193
  landing: 1.2202092036604881
  view-data: 3.5954251512885094
