times:
  edit-metadata: 1.7579431235790253
  landing: 1.0297894179821014
  view-data: 3.468771867454052
