times:
  edit-metadata: 1.4887044355273247
  landing: 0.9396059662103653
  view-data: 3.583403430879116
