times:
  edit-metadata: 1.4514937326312065
  landing: 0.7331893965601921
  view-data: 3.470442019402981
