times:
  edit-metadata: 1.3870150037109852
  landing: 0.7444071806967258
  view-data: 3.3827734254300594
