times:
  edit-metadata: 1.4683594852685928
  landing: 0.7972090765833855
  view-data: 3.469481721520424
