times:
  edit-metadata: 1.3930541649460793
  landing: 0.8250190280377865
  view-data: 3.2871170938014984
