times:
  edit-metadata: 1.3831236697733402
  landing: 0.7242683544754982
  view-data: 3.2750654257833958
