times:
  edit-metadata: 1.3567740321159363
  landing: 0.7571719437837601
  view-data: 3.4647717252373695
