times:
  edit-metadata: 1.489411324262619
  landing: 0.8836430497467518
  view-data: 3.319324169307947
