times:
  edit-metadata: 1.4865124449133873
  landing: 0.9644053429365158
  view-data: 3.3771570026874542
