times:
  edit-metadata: 1.3728381469845772
  landing: 0.6921304389834404
  view-data: 3.402196817100048
