times:
  edit-metadata: 2.1052304953336716
  landing: 1.249733291566372
  view-data: 3.89367762953043
