times:
  edit-metadata: 1.5206497237086296
  landing: 0.8456111997365952
  view-data: 3.3739250004291534
