times:
  edit-metadata: 1.5206677541136742
  landing: 0.7150768637657166
  view-data: 3.4066333323717117
