times:
  edit-metadata: 1.3652166649699211
  landing: 0.7006408348679543
  view-data: 3.3499461486935616
