times:
  edit-metadata: 1.601042427122593
  landing: 0.9010179117321968
  view-data: 3.612631782889366
