times:
  edit-metadata: 1.4498456344008446
  landing: 0.7638671845197678
  view-data: 3.4726495891809464
