times:
  edit-metadata: 1.3954303935170174
  landing: 0.7513059973716736
  view-data: 3.4213229790329933
