times:
  edit-metadata: 1.919174499809742
  landing: 1.0720213279128075
  view-data: 3.627534680068493
