times:
  edit-metadata: 1.3554420471191406
  landing: 0.7470097988843918
  view-data: 3.471020132303238
