times:
  edit-metadata: 1.4860141947865486
  landing: 0.7474050670862198
  view-data: 3.4748117178678513
