times:
  edit-metadata: 2.3073573783040047
  landing: 0.9063241258263588
  view-data: 3.3974056094884872
