times:
  edit-metadata: 1.3967336118221283
  landing: 0.7816019058227539
  view-data: 3.3553709909319878
