times:
  edit-metadata: 1.3597156256437302
  landing: 0.7675924301147461
  view-data: 3.432227410376072
