times:
  edit-metadata: 1.8040213361382484
  landing: 0.8265795037150383
  view-data: 3.392153687775135
