times:
  edit-metadata: 1.4073443412780762
  landing: 0.8209495097398758
  view-data: 3.5037044659256935
