times:
  edit-metadata: 1.3986751697957516
  landing: 0.8410565182566643
  view-data: 3.510798789560795
