times:
  edit-metadata: 1.433794241398573
  landing: 0.7311194315552711
  view-data: 3.2873838655650616
