times:
  edit-metadata: 1.7480287440121174
  landing: 0.9443527087569237
  view-data: 3.381449829787016
