times:
  edit-metadata: 1.4739307910203934
  landing: 0.7026499584317207
  view-data: 3.5144579112529755
