times:
  edit-metadata: 1.3680703192949295
  landing: 0.860298402607441
  view-data: 3.290918253362179
