times:
  edit-metadata: 1.4664783477783203
  landing: 0.7203006818890572
  view-data: 3.500584028661251
