times:
  edit-metadata: 1.49965138733387
  landing: 0.764933742582798
  view-data: 3.4624225571751595
