times:
  edit-metadata: 1.3117493838071823
  landing: 0.7205431535840034
  view-data: 3.538882687687874
