times:
  edit-metadata: 1.450606569647789
  landing: 0.841742254793644
  view-data: 3.4508301615715027
