times:
  edit-metadata: 1.4530676901340485
  landing: 0.8399203643202782
  view-data: 3.4396011978387833
