times:
  edit-metadata: 1.4591477736830711
  landing: 0.8154069930315018
  view-data: 3.308346375823021
