times:
  edit-metadata: 1.374174103140831
  landing: 0.7542220801115036
  view-data: 3.3673747703433037
