times:
  edit-metadata: 1.3606510609388351
  landing: 0.8360529318451881
  view-data: 3.29229499399662
