times:
  edit-metadata: 1.368017204105854
  landing: 0.7396085485816002
  view-data: 3.4657530039548874
