times:
  edit-metadata: 1.365917980670929
  landing: 0.7514746859669685
  view-data: 3.472076006233692
