times:
  edit-metadata: 1.5684221163392067
  landing: 0.8781707137823105
  view-data: 3.5104882568120956
