times:
  edit-metadata: 1.4265650063753128
  landing: 0.7630684897303581
  view-data: 3.4291320219635963
