times:
  edit-metadata: 1.4136664643883705
  landing: 0.7455365434288979
  view-data: 3.405709721148014
