times:
  edit-metadata: 1.5872462838888168
  landing: 0.7880192026495934
  view-data: 3.310690589249134
