times:
  edit-metadata: 1.63150554895401
  landing: 0.9977602362632751
  view-data: 3.5317317917943
