times:
  edit-metadata: 1.7329362854361534
  landing: 0.9440233819186687
  view-data: 3.3901037462055683
