times:
  edit-metadata: 1.4058873280882835
  landing: 0.7181900963187218
  view-data: 3.438174657523632
