times:
  edit-metadata: 1.482451818883419
  landing: 0.8257937207818031
  view-data: 3.5144376009702682
