times:
  edit-metadata: 1.7328557968139648
  landing: 0.8713764026761055
  view-data: 3.3083929009735584
