times:
  edit-metadata: 1.407172091305256
  landing: 0.7325647696852684
  view-data: 3.5227204263210297
