times:
  edit-metadata: 1.3708285242319107
  landing: 0.7584919184446335
  view-data: 3.3084112629294395
