times:
  edit-metadata: 1.4734913408756256
  landing: 0.8085398823022842
  view-data: 3.365459591150284
