times:
  edit-metadata: 2.001456458121538
  landing: 0.9571192786097527
  view-data: 3.402032971382141
