times:
  edit-metadata: 1.7295075505971909
  landing: 0.756764180958271
  view-data: 3.557605028152466
