times:
  edit-metadata: 1.3873188644647598
  landing: 0.7107979357242584
  view-data: 3.4753194376826286
