times:
  edit-metadata: 1.5778858661651611
  landing: 0.8113152086734772
  view-data: 3.332069016993046
