times:
  edit-metadata: 1.4352863654494286
  landing: 0.7744744792580605
  view-data: 3.441547967493534
