times:
  edit-metadata: 1.343915916979313
  landing: 0.7164071090519428
  view-data: 3.2935231253504753
