times:
  edit-metadata: 1.4378827512264252
  landing: 0.7752663418650627
  view-data: 3.5182947516441345
