times:
  edit-metadata: 1.3071247413754463
  landing: 0.7931633070111275
  view-data: 3.3724171072244644
