times:
  edit-metadata: 1.4528154954314232
  landing: 0.6854187101125717
  view-data: 3.4634058251976967
