times:
  edit-metadata: 1.670734353363514
  landing: 0.9030912891030312
  view-data: 3.345901492983103
