times:
  edit-metadata: 1.5862486772239208
  landing: 0.9372660666704178
  view-data: 3.3573999255895615
