times:
  edit-metadata: 1.4858471676707268
  landing: 0.7894396707415581
  view-data: 3.4686546698212624
