times:
  edit-metadata: 1.5559410154819489
  landing: 0.8133652359247208
  view-data: 3.4775648564100266
