times:
  edit-metadata: 1.5494964495301247
  landing: 0.7653254494071007
  view-data: 3.5280498787760735
