times:
  edit-metadata: 1.3740374743938446
  landing: 0.7711001262068748
  view-data: 3.432051084935665
