times:
  edit-metadata: 1.5623269081115723
  landing: 0.8779800869524479
  view-data: 3.3172177337110043
