times:
  edit-metadata: 1.3526318669319153
  landing: 0.7395284995436668
  view-data: 3.503778249025345
