times:
  edit-metadata: 1.4612419307231903
  landing: 0.7237365245819092
  view-data: 3.469707801938057
