times:
  edit-metadata: 1.374266341328621
  landing: 0.7597810253500938
  view-data: 3.4871790558099747
