times:
  edit-metadata: 2.530329965054989
  landing: 1.9034779369831085
  view-data: 3.9386637285351753
