times:
  edit-metadata: 1.4868219941854477
  landing: 0.7538454383611679
  view-data: 3.4404271692037582
