times:
  edit-metadata: 1.4243394061923027
  landing: 0.7690775915980339
  view-data: 3.2478109039366245
