times:
  edit-metadata: 1.3961784467101097
  landing: 0.7721289470791817
  view-data: 3.4972115457057953
