times:
  edit-metadata: 1.4794674515724182
  landing: 0.7736657857894897
  view-data: 3.526284694671631
