times:
  edit-metadata: 1.3984536156058311
  landing: 0.8535724356770515
  view-data: 3.3588641956448555
