times:
  edit-metadata: 2.316134810447693
  landing: 1.0402433350682259
  view-data: 3.3985059037804604
