times:
  edit-metadata: 1.535145454108715
  landing: 0.8120008334517479
  view-data: 3.454015649855137
