times:
  edit-metadata: 1.4253095127642155
  landing: 0.8405122421681881
  view-data: 3.373872898519039
