times:
  edit-metadata: 1.4980012252926826
  landing: 0.683450311422348
  view-data: 3.3226375207304955
