times:
  edit-metadata: 1.4193115755915642
  landing: 0.7437986731529236
  view-data: 3.433994233608246
