times:
  edit-metadata: 1.617134228348732
  landing: 0.7742785662412643
  view-data: 3.4091557189822197
