times:
  edit-metadata: 1.4756488874554634
  landing: 0.7214909717440605
  view-data: 3.4640477746725082
