times:
  edit-metadata: 1.8297980949282646
  landing: 0.914370559155941
  view-data: 3.3552723973989487
