times:
  edit-metadata: 1.4088284894824028
  landing: 0.7711130455136299
  view-data: 3.460519015789032
