times:
  edit-metadata: 2.3625266924500465
  landing: 1.1681237816810608
  view-data: 3.4911958053708076
