times:
  edit-metadata: 1.4686239063739777
  landing: 0.7301989197731018
  view-data: 3.4880278185009956
