times:
  edit-metadata: 1.4119309857487679
  landing: 0.8965376541018486
  view-data: 3.3745933063328266
