times:
  edit-metadata: 1.4144342988729477
  landing: 0.7506041377782822
  view-data: 3.3794272914528847
