times:
  edit-metadata: 1.4358259961009026
  landing: 0.7925929054617882
  view-data: 3.297949604690075
