times:
  edit-metadata: 1.486597679555416
  landing: 0.7724372744560242
  view-data: 3.443988136947155
