times:
  edit-metadata: 1.3970969170331955
  landing: 0.7018741369247437
  view-data: 3.4376414120197296
