times:
  edit-metadata: 1.415193386375904
  landing: 0.7043008133769035
  view-data: 3.4470079839229584
