times:
  edit-metadata: 1.4544671550393105
  landing: 0.8065559342503548
  view-data: 3.2896803319454193
