times:
  edit-metadata: 1.3989066295325756
  landing: 0.73196766898036
  view-data: 3.293860148638487
