times:
  edit-metadata: 1.4893454387784004
  landing: 0.7969798892736435
  view-data: 3.3219153732061386
