times:
  edit-metadata: 1.9522678293287754
  landing: 1.0165572464466095
  view-data: 3.4615445472300053
