times:
  edit-metadata: 1.5457065850496292
  landing: 0.9509839192032814
  view-data: 3.457810051739216
