times:
  edit-metadata: 1.4064243584871292
  landing: 0.8592807427048683
  view-data: 3.4978163987398148
