times:
  edit-metadata: 1.6988120079040527
  landing: 1.2300274074077606
  view-data: 3.534668132662773
