times:
  edit-metadata: 1.4495604634284973
  landing: 0.6902393251657486
  view-data: 3.487376295030117
