times:
  edit-metadata: 1.4844784177839756
  landing: 0.8412606082856655
  view-data: 3.3121455796062946
