times:
  edit-metadata: 1.3482129573822021
  landing: 0.7504464164376259
  view-data: 3.542031779885292
