times:
  edit-metadata: 1.4516390338540077
  landing: 0.7207450196146965
  view-data: 3.41082676500082
