times:
  edit-metadata: 1.3111682161688805
  landing: 0.7073965221643448
  view-data: 3.4559845253825188
