times:
  edit-metadata: 1.3268003389239311
  landing: 0.7302830815315247
  view-data: 3.255372501909733
