times:
  edit-metadata: 0.5090326789941173
  landing: 0.061499583011027426
  view-data: 0.20668199000647292
