times:
  edit-metadata: 1.527276650071144
  landing: 0.17997319623827934
  view-data: 0.2761828973889351
