times:
  edit-metadata: 1.5852228160947561
  landing: 0.771307410672307
  view-data: 3.444537753239274
