times:
  edit-metadata: 0.5011273589916527
  landing: 0.07241719402372837
  view-data: 0.2089401849079877
