times:
  edit-metadata: 1.3400285383686423
  landing: 0.7476804926991463
  view-data: 3.2992243375629187
