times:
  edit-metadata: 1.5040869545191526
  landing: 0.8991000652313232
  view-data: 3.4361392986029387
