times:
  edit-metadata: 1.5399727020412683
  landing: 0.806149123236537
  view-data: 3.4673443511128426
