times:
  edit-metadata: 1.2537073080893606
  landing: 0.757615732960403
  view-data: 3.2703910779673606
