times:
  edit-metadata: 0.5081843100488186
  landing: 0.04939137492328882
  view-data: 0.2195549299940467
