times:
  edit-metadata: 1.6359575279057026
  landing: 0.28180637024343014
  view-data: 0.023073289543390274
