times:
  edit-metadata: 1.4612598270177841
  landing: 0.8433247422799468
  view-data: 3.363254189491272
