times:
  edit-metadata: 0.6487966149870772
  landing: 0.12928013398777694
  view-data: 0.2913776639907155
