times:
  edit-metadata: 1.5854635648429394
  landing: 0.7749183010309935
  view-data: 3.41024755127728
