times:
  edit-metadata: 0.5802040009875782
  landing: 0.06594599498203024
  view-data: 0.22221293597249314
