times:
  edit-metadata: 1.4370288215577602
  landing: 0.7401121370494366
  view-data: 3.2826893776655197
