times:
  edit-metadata: 0.566873992967885
  landing: 0.07245005201548338
  view-data: 0.21671074000187218
