times:
  edit-metadata: 0.5956341639393941
  landing: 0.050050768069922924
  view-data: 0.2193684730445966
