times:
  edit-metadata: 1.4467673227190971
  landing: 0.8576466552913189
  view-data: 3.3782308362424374
