times:
  edit-metadata: 1.4671817366033792
  landing: 0.7274502757936716
  view-data: 3.3356004944071174
