times:
  edit-metadata: 1.9179140143096447
  landing: 1.256683100014925
  view-data: 3.5151406303048134
