times:
  edit-metadata: 0.8454821980558336
  landing: 0.07481749914586544
  view-data: 0.20972873317077756
