times:
  edit-metadata: 1.4574194885790348
  landing: 0.13012540340423584
  view-data: 0.14181921258568764
