times:
  edit-metadata: 1.401479734107852
  landing: 0.832423398271203
  view-data: 3.3409815654158592
