times:
  edit-metadata: 0.5175012650433928
  landing: 0.06309103197418153
  view-data: 0.21397211297880858
