times:
  edit-metadata: 1.4960700646042824
  landing: 0.7655388228595257
  view-data: 3.4024346116930246
