times:
  edit-metadata: 1.3884598389267921
  landing: 0.876140896230936
  view-data: 3.336726352572441
