times:
  edit-metadata: 1.3799378760159016
  landing: 0.6910479888319969
  view-data: 3.2908753268420696
