times:
  edit-metadata: 1.500927608460188
  landing: 0.8627675231546164
  view-data: 3.3651232831180096
