times:
  edit-metadata: 1.4073587879538536
  landing: 0.8878864385187626
  view-data: 3.3316323049366474
