times:
  edit-metadata: 1.355515943840146
  landing: 0.01967781037092209
  view-data: 0.024834437295794487
