times:
  edit-metadata: 1.680525416508317
  landing: 0.20853491127490997
  view-data: 0.14840032160282135
