times:
  edit-metadata: 1.5151366516947746
  landing: 0.7836117018014193
  view-data: 3.3568055741488934
