times:
  edit-metadata: 1.532068544998765
  landing: 0.782862551510334
  view-data: 3.3979151900857687
