times:
  edit-metadata: 1.6252487003803253
  landing: 0.7078930214047432
  view-data: 3.3802590873092413
