times:
  edit-metadata: 1.4778482289984822
  landing: 0.7758964989334345
  view-data: 3.3772370936349034
