times:
  edit-metadata: 0.5069065501447767
  landing: 0.062489161966368556
  view-data: 0.3487561638467014
