times:
  edit-metadata: 0.59334460797254
  landing: 0.07302158209495246
  view-data: 0.21745987108442932
