times:
  edit-metadata: 0.579972303006798
  landing: 0.07171178422868252
  view-data: 0.21583104878664017
