times:
  edit-metadata: 1.544064573943615
  landing: 0.8063207324594259
  view-data: 3.432678399607539
