times:
  edit-metadata: 0.5240273239323869
  landing: 0.07268873602151871
  view-data: 0.33840109093580395
