times:
  edit-metadata: 1.6084214821457863
  landing: 1.0987825840711594
  view-data: 3.5766240656375885
