times:
  edit-metadata: 1.4389658588916063
  landing: 0.7200097609311342
  view-data: 3.373004913330078
