times:
  edit-metadata: 1.4111863858997822
  landing: 0.9731470346450806
  view-data: 3.3082868605852127
