times:
  edit-metadata: 1.4172659581527114
  landing: 0.7970237862318754
  view-data: 3.3969557639211416
