times:
  edit-metadata: 1.353987094014883
  landing: 0.7475960738956928
  view-data: 3.3064224999397993
