times:
  edit-metadata: 1.5485467463731766
  landing: 0.8144991546869278
  view-data: 3.2956185191869736
