times:
  edit-metadata: 1.5023380238562822
  landing: 0.8952189078554511
  view-data: 3.404451279900968
