times:
  edit-metadata: 0.5044022479560226
  landing: 0.06434326781891286
  view-data: 0.22860830393619835
