times:
  edit-metadata: 1.5548607520759106
  landing: 0.9122882001101971
  view-data: 3.4047686606645584
