times:
  edit-metadata: 1.7759296372532845
  landing: 1.2592385932803154
  view-data: 3.3784322664141655
