times:
  edit-metadata: 1.4342010244727135
  landing: 0.8256295351311564
  view-data: 3.385138303041458
