times:
  edit-metadata: 0.48910824197810143
  landing: 0.07949639798607677
  view-data: 0.2238561740377918
