times:
  edit-metadata: 1.7990768663585186
  landing: 0.9530214630067348
  view-data: 3.3587730545550585
