times:
  edit-metadata: 0.48832015704829246
  landing: 0.06947188207414001
  view-data: 0.21253251400776207
