times:
  edit-metadata: 1.8112701680511236
  landing: 0.8587770839221776
  view-data: 3.498980910051614
