times:
  edit-metadata: 1.524366669356823
  landing: 0.7665960285812616
  view-data: 3.4144224021583796
