times:
  edit-metadata: 2.3745572194457054
  landing: 1.2787222415208817
  view-data: 3.6540351882576942
