times:
  edit-metadata: 1.4684544652700424
  landing: 0.7699897550046444
  view-data: 3.2728559747338295
