times:
  edit-metadata: 1.6935987919569016
  landing: 0.7761922962963581
  view-data: 3.484670341014862
