times:
  edit-metadata: 1.442538894712925
  landing: 0.7566919699311256
  view-data: 3.3391004651784897
