times:
  edit-metadata: 0.5880649669561535
  landing: 0.07950314006302506
  view-data: 0.2156548190396279
