times:
  edit-metadata: 1.419846173375845
  landing: 0.8030726425349712
  view-data: 3.371581006795168
