times:
  edit-metadata: 1.5266595482826233
  landing: 0.7518216632306576
  view-data: 3.3996949959546328
