times:
  edit-metadata: 1.487389774993062
  landing: 0.01957757957279682
  view-data: 0.13410178571939468
