times:
  edit-metadata: 0.5388468441087753
  landing: 0.058321380987763405
  view-data: 0.22622703295201063
