times:
  edit-metadata: 0.57665611297125
  landing: 0.12165351602016017
  view-data: 0.21569810900837183
