times:
  edit-metadata: 1.3749557211995125
  landing: 0.8450708091259003
  view-data: 3.2833756394684315
