times:
  edit-metadata: 1.4527818784117699
  landing: 0.7139143403619528
  view-data: 3.4060761630535126
