times:
  edit-metadata: 3.704653959721327
  landing: 1.8181715998798609
  view-data: 3.864670567214489
