times:
  edit-metadata: 2.3403344973921776
  landing: 0.9918953739106655
  view-data: 3.2986522540450096
