times:
  edit-metadata: 1.5626086704432964
  landing: 0.8498369045555592
  view-data: 3.433875184506178
