times:
  edit-metadata: 1.405162962153554
  landing: 0.7121220920234919
  view-data: 3.2930937595665455
