times:
  edit-metadata: 1.5305733624845743
  landing: 0.7658276967704296
  view-data: 3.439123349264264
