times:
  edit-metadata: 2.287434035912156
  landing: 1.525494103319943
  view-data: 3.7262244913727045
