times:
  edit-metadata: 1.4631678368896246
  landing: 0.02066412940621376
  view-data: 0.1671743281185627
