times:
  edit-metadata: 0.519736594054848
  landing: 0.06723556807264686
  view-data: 0.2117666588164866
