times:
  edit-metadata: 1.379829527810216
  landing: 0.7847000528126955
  view-data: 3.347134473733604
