times:
  edit-metadata: 1.226242476142943
  landing: 2.7605814803391695
  view-data: 3.350562475156039
