times:
  edit-metadata: 1.8574818866327405
  landing: 0.7335256170481443
  view-data: 3.475314083509147
