times:
  edit-metadata: 1.4217900298535824
  landing: 0.8078045584261417
  view-data: 3.250399988144636
