times:
  edit-metadata: 1.591406823019497
  landing: 0.8196780970320106
  view-data: 3.3114760119933635
