times:
  edit-metadata: 2.8125634267926216
  landing: 1.5416705571115017
  view-data: 3.558720387518406
