times:
  edit-metadata: 0.5640321880055126
  landing: 0.07160648200078867
  view-data: 0.22017986100399867
