times:
  edit-metadata: 0.5113653088919818
  landing: 0.058244402054697275
  view-data: 0.21793266711756587
