times:
  edit-metadata: 0.49715542199555784
  landing: 0.06584016000851989
  view-data: 0.22627156705129892
