times:
  edit-metadata: 0.6017406731843948
  landing: 0.0478841639123857
  view-data: 0.21531455125659704
