times:
  edit-metadata: 1.440617818152532
  landing: 0.7372564650140703
  view-data: 3.367110810941085
