times:
  edit-metadata: 1.4193891752511263
  landing: 0.7919247709214687
  view-data: 3.4812779566273093
