times:
  edit-metadata: 1.5277531119063497
  landing: 0.9275891007855535
  view-data: 0.5570948915556073
