times:
  edit-metadata: 0.49777678214013577
  landing: 0.06864160299301147
  view-data: 0.22603163495659828
