times:
  edit-metadata: 1.8462195387110114
  landing: 1.4466985138133168
  view-data: 3.4442031532526016
