times:
  edit-metadata: 2.18017103895545
  landing: 1.3828349616378546
  view-data: 3.5939148906618357
