times:
  edit-metadata: 2.45998103171587
  landing: 1.3096025548875332
  view-data: 3.6025372575968504
