times:
  edit-metadata: 1.5231084004044533
  landing: 0.9134449549019337
  view-data: 3.327477667480707
