times:
  edit-metadata: 1.5654297098517418
  landing: 0.8919457830488682
  view-data: 3.395872976630926
