times:
  edit-metadata: 3.2684669718146324
  landing: 1.2935485150665045
  view-data: 3.7711823415011168
