times:
  edit-metadata: 1.3535428196191788
  landing: 0.8671281598508358
  view-data: 3.2804700806736946
