times:
  edit-metadata: 1.5172112472355366
  landing: 0.7838983237743378
  view-data: 3.418374601751566
