times:
  edit-metadata: 1.5514531545341015
  landing: 0.8987433761358261
  view-data: 3.361484043300152
