times:
  edit-metadata: 1.4333790261298418
  landing: 0.019594362005591393
  view-data: 0.2979347873479128
