times:
  edit-metadata: 0.49124663206748664
  landing: 0.06258961115963757
  view-data: 0.21383909997530282
