times:
  edit-metadata: 2.5228887628763914
  landing: 1.2517261411994696
  view-data: 3.78268878813833
