times:
  edit-metadata: 1.6746564041823149
  landing: 0.8611441683024168
  view-data: 3.580751162022352
