times:
  edit-metadata: 0.5514508310006931
  landing: 0.050068779033608735
  view-data: 0.216149045038037
