times:
  edit-metadata: 1.498289991170168
  landing: 0.9011745899915695
  view-data: 3.337098393589258
