times:
  edit-metadata: 1.3947861716151237
  landing: 0.11631205305457115
  view-data: 0.28696372732520103
