times:
  edit-metadata: 0.5039687339449301
  landing: 0.07022159395273775
  view-data: 0.22375442797783762
