times:
  edit-metadata: 0.5715460530191194
  landing: 0.059478371986187994
  view-data: 0.22958900401135907
