times:
  edit-metadata: 1.5310259461402893
  landing: 0.7898730114102364
  view-data: 3.3951920494437218
