times:
  edit-metadata: 1.6922099571675062
  landing: 1.12364387139678
  view-data: 3.498723367229104
