times:
  edit-metadata: 2.4160943757742643
  landing: 1.279686501249671
  view-data: 3.6025927532464266
