times:
  edit-metadata: 1.5426026042550802
  landing: 0.7272305004298687
  view-data: 3.421181946992874
