times:
  edit-metadata: 0.5769774450000114
  landing: 0.06498521899993648
  view-data: 0.22430739599985827
