times:
  edit-metadata: 1.440678596496582
  landing: 0.7293437607586384
  view-data: 3.317461710423231
