times:
  edit-metadata: 1.308619410963729
  landing: 0.9188020570436493
  view-data: 3.2686624309280887
