times:
  edit-metadata: 1.6521400958299637
  landing: 0.1933845840394497
  view-data: 0.3263507317751646
