times:
  edit-metadata: 1.3683217940852046
  landing: 3.394808979704976
  view-data: 3.3673570500686765
