times:
  edit-metadata: 1.6295309960842133
  landing: 0.021853003650903702
  view-data: 0.3335630837827921
