times:
  edit-metadata: 1.6416581813246012
  landing: 0.2504515666514635
  view-data: 0.31122361309826374
