times:
  edit-metadata: 1.5095782913267612
  landing: 0.8394595682621002
  view-data: 3.350963443517685
