times:
  edit-metadata: 1.5974224768579006
  landing: 1.0130708366632462
  view-data: 3.4588838070631027
