times:
  edit-metadata: 1.5397056229412556
  landing: 0.9305991195142269
  view-data: 3.4125699512660503
