times:
  edit-metadata: 0.5887077140214387
  landing: 0.06680694501847029
  view-data: 0.2143668069911655
