times:
  edit-metadata: 2.3245166710112244
  landing: 0.8349789010826498
  view-data: 3.340161679079756
