times:
  edit-metadata: 0.5238350679865107
  landing: 0.05061928398208693
  view-data: 0.2170050090062432
