times:
  edit-metadata: 0.4924535769969225
  landing: 0.062414583982899785
  view-data: 0.21956258197315037
