times:
  edit-metadata: 1.4646252803504467
  landing: 0.2418081983923912
  view-data: 0.44733032770454884
