times:
  edit-metadata: 0.4997021490125917
  landing: 0.06312504599918611
  view-data: 0.22238903200195637
