times:
  edit-metadata: 1.4840192683041096
  landing: 0.019434340298175812
  view-data: 0.0251921433955431
