times:
  edit-metadata: 1.4581849239766598
  landing: 0.8169062398374081
  view-data: 3.336207702755928
