times:
  edit-metadata: 0.505664803997206
  landing: 0.06416612299653934
  view-data: 0.21494704500219086
