times:
  edit-metadata: 1.38205062225461
  landing: 0.8160184295848012
  view-data: 3.3170999232679605
