times:
  edit-metadata: 2.4884519055485725
  landing: 1.453686110675335
  view-data: 3.6631364785134792
