times:
  edit-metadata: 1.486770061776042
  landing: 0.7880550175905228
  view-data: 3.475331872701645
