times:
  edit-metadata: 1.551154661923647
  landing: 0.7892863051965833
  view-data: 3.3577445913106203
