times:
  edit-metadata: 1.6957268198020756
  landing: 0.9016480278223753
  view-data: 3.49200301989913
