times:
  edit-metadata: 0.5769639480859041
  landing: 0.06831579189747572
  view-data: 0.20964989298954606
