times:
  edit-metadata: 0.5208423750009388
  landing: 0.08171370206400752
  view-data: 0.2326634000055492
