times:
  edit-metadata: 2.7857183795422316
  landing: 1.4610585570335388
  view-data: 3.479463167488575
