times:
  edit-metadata: 1.676555324345827
  landing: 0.9607763849198818
  view-data: 3.732288956642151
