times:
  edit-metadata: 1.4280564244836569
  landing: 0.7971548400819302
  view-data: 3.297985540702939
