times:
  edit-metadata: 1.5153731554746628
  landing: 0.8605421576648951
  view-data: 3.4045563843101263
