times:
  edit-metadata: 0.5036635550204664
  landing: 0.07727918191812932
  view-data: 0.21469260519370437
