times:
  edit-metadata: 0.5723523889901116
  landing: 0.07371881406288594
  view-data: 0.20689748297445476
