times:
  edit-metadata: 1.7070860154926777
  landing: 1.0288808718323708
  view-data: 3.6877159290015697
