times:
  edit-metadata: 1.6977695766836405
  landing: 1.1839841268956661
  view-data: 3.5943479873239994
