times:
  edit-metadata: 1.3493907265365124
  landing: 0.8154270499944687
  view-data: 3.3300874531269073
