times:
  edit-metadata: 2.3801257982850075
  landing: 1.633331898599863
  view-data: 3.5140611715614796
