times:
  edit-metadata: 1.3979077097028494
  landing: 0.1264171600341797
  view-data: 0.3103966284543276
