times:
  edit-metadata: 0.5759981430019252
  landing: 0.07249369099736214
  view-data: 0.2188761580036953
