times:
  edit-metadata: 2.6141560561954975
  landing: 1.4570201076567173
  view-data: 3.556574773043394
