times:
  edit-metadata: 1.3890010539907962
  landing: 0.725856235018
  view-data: 3.2718255820218474
