times:
  edit-metadata: 2.255586501210928
  landing: 1.5440308339893818
  view-data: 3.4742936976253986
