times:
  edit-metadata: 1.4032840728759766
  landing: 0.705356415361166
  view-data: 3.32166700437665
