times:
  edit-metadata: 1.3932392168790102
  landing: 0.7820703536272049
  view-data: 3.393424157053232
