times:
  edit-metadata: 1.7624407783150673
  landing: 0.8951382040977478
  view-data: 3.3921167999505997
