times:
  edit-metadata: 1.7290746755897999
  landing: 1.0798523277044296
  view-data: 3.425457376986742
