times:
  edit-metadata: 0.7711340147070587
  landing: 0.06618669023737311
  view-data: 0.2835887549445033
