times:
  edit-metadata: 1.415902979671955
  landing: 0.9317674599587917
  view-data: 3.389527700841427
