times:
  edit-metadata: 1.5592908170074224
  landing: 0.8252061605453491
  view-data: 3.508388990536332
