times:
  edit-metadata: 0.6871235179714859
  landing: 0.051198767963796854
  view-data: 0.3024330767802894
