times:
  edit-metadata: 1.588120087981224
  landing: 0.30511133931577206
  view-data: 0.02569832280278206
