times:
  edit-metadata: 0.5070675550960004
  landing: 0.06082186591811478
  view-data: 0.22015295701567084
