times:
  edit-metadata: 1.5265068784356117
  landing: 0.7409353535622358
  view-data: 3.4066620096564293
