times:
  edit-metadata: 1.4782613664865494
  landing: 0.021352803334593773
  view-data: 0.13996375165879726
