times:
  edit-metadata: 1.5314618777483702
  landing: 0.9031746610999107
  view-data: 3.484587572515011
