times:
  edit-metadata: 1.3918070700019598
  landing: 0.1127545852214098
  view-data: 0.24659646302461624
