times:
  edit-metadata: 2.1288722045719624
  landing: 1.550620909780264
  view-data: 3.6413334012031555
