times:
  edit-metadata: 1.7453049384057522
  landing: 0.7423932701349258
  view-data: 3.4183328468352556
