times:
  edit-metadata: 1.5683824643492699
  landing: 0.8886343725025654
  view-data: 3.2789835669100285
