times:
  edit-metadata: 0.5376646181102842
  landing: 0.048641864908859134
  view-data: 0.3504298881161958
