times:
  edit-metadata: 1.3819464445114136
  landing: 0.8864618688821793
  view-data: 3.3530631735920906
