times:
  edit-metadata: 1.5920013710856438
  landing: 0.9109345152974129
  view-data: 3.449781008064747
