times:
  edit-metadata: 1.5250459723174572
  landing: 0.9061361886560917
  view-data: 3.4219676051288843
