times:
  edit-metadata: 0.7026389986276627
  landing: 0.04939483106136322
  view-data: 0.28394331689924
