times:
  edit-metadata: 0.597871573001612
  landing: 0.05272507795598358
  view-data: 0.21796470403205603
