times:
  edit-metadata: 0.5114123120438308
  landing: 0.07034770585596561
  view-data: 0.21924637607298791
