times:
  edit-metadata: 0.5097193270921707
  landing: 0.06873223790898919
  view-data: 0.21642638137564063
