times:
  edit-metadata: 1.9781807009130716
  landing: 1.286309463903308
  view-data: 3.438167855143547
