times:
  edit-metadata: 1.4554240815341473
  landing: 0.8565496541559696
  view-data: 3.4029002860188484
