times:
  edit-metadata: 0.582797332201153
  landing: 0.06296626292169094
  view-data: 0.22524707578122616
