times:
  edit-metadata: 1.519203415606171
  landing: 0.8041815408505499
  view-data: 3.3742155539803207
