times:
  edit-metadata: 1.687065728008747
  landing: 0.32552451081573963
  view-data: 0.36397302709519863
