times:
  edit-metadata: 1.5219676364213228
  landing: 0.7387360949069262
  view-data: 3.330092331394553
