times:
  edit-metadata: 1.492296926677227
  landing: 0.8027478232979774
  view-data: 3.3439090065658092
