times:
  edit-metadata: 0.5038747049402446
  landing: 0.06790655793156475
  view-data: 0.2160544830840081
