times:
  edit-metadata: 0.5948202830040827
  landing: 0.06744002300547436
  view-data: 0.217216296994593
