times:
  edit-metadata: 1.5594844818115234
  landing: 0.8369146175682545
  view-data: 3.4320007748901844
