times:
  edit-metadata: 1.5220568105578423
  landing: 0.7283138390630484
  view-data: 3.380013467743993
