times:
  edit-metadata: 2.40089413523674
  landing: 2.563926313072443
  view-data: 3.8060296922922134
