times:
  edit-metadata: 0.506013851147145
  landing: 0.0646845840383321
  view-data: 0.22094658901914954
