times:
  edit-metadata: 1.7209912948310375
  landing: 1.0540608242154121
  view-data: 3.411690041422844
