times:
  edit-metadata: 0.5866889739409089
  landing: 0.06684214901179075
  view-data: 0.2282854919321835
