times:
  edit-metadata: 1.5040130391716957
  landing: 0.6984466928988695
  view-data: 3.4552705716341734
