times:
  edit-metadata: 1.4698669202625751
  landing: 0.6664528157562017
  view-data: 3.316675378009677
