times:
  edit-metadata: 1.47734441049397
  landing: 0.1838394720107317
  view-data: 0.13528629951179028
