times:
  edit-metadata: 1.6870501637458801
  landing: 1.0134763419628143
  view-data: 3.298679158091545
