times:
  edit-metadata: 1.399367120116949
  landing: 0.8381454963237047
  view-data: 3.473898019641638
