times:
  edit-metadata: 1.5080801397562027
  landing: 0.8922628331929445
  view-data: 3.3915089145302773
