times:
  edit-metadata: 3.3803967759013176
  landing: 1.255696825683117
  view-data: 3.3252015486359596
