times:
  edit-metadata: 1.5308008529245853
  landing: 2.1810376793146133
  view-data: 3.3537849001586437
