times:
  edit-metadata: 0.4904374899342656
  landing: 0.06130667799152434
  view-data: 0.2153546588961035
