times:
  edit-metadata: 1.6998547315597534
  landing: 0.6669070310890675
  view-data: 3.3689029132947326
