times:
  edit-metadata: 1.6086362078785896
  landing: 0.8305820021778345
  view-data: 3.436619598418474
