times:
  edit-metadata: 2.053688509389758
  landing: 1.1220403090119362
  view-data: 3.5179878138005733
