times:
  edit-metadata: 1.5306757912039757
  landing: 0.8860580250620842
  view-data: 3.385170826688409
