times:
  edit-metadata: 0.5877088560009724
  landing: 0.06919671299692709
  view-data: 0.2177913389969035
