times:
  edit-metadata: 0.5037430939264596
  landing: 0.0709323100745678
  view-data: 0.20892708096653223
