times:
  edit-metadata: 1.5457555577158928
  landing: 0.7313282638788223
  view-data: 3.4051562286913395
