times:
  edit-metadata: 0.5025739339180291
  landing: 0.06529543176293373
  view-data: 0.2232765518128872
