times:
  edit-metadata: 1.555838167667389
  landing: 0.8207100369036198
  view-data: 3.4223403725773096
