times:
  edit-metadata: 1.4912766851484776
  landing: 0.7711804416030645
  view-data: 3.3725098576396704
