times:
  edit-metadata: 1.5462398789823055
  landing: 0.756550993770361
  view-data: 3.411892605945468
