times:
  edit-metadata: 0.5084692570380867
  landing: 0.06443714001215994
  view-data: 0.2042993230279535
