times:
  edit-metadata: 3.239773638546467
  landing: 1.2951799184083939
  view-data: 3.5470153614878654
