times:
  edit-metadata: 0.5261989841237664
  landing: 0.07477346900850534
  view-data: 0.20450139115564525
