times:
  edit-metadata: 0.5749012818560004
  landing: 0.07969959126785398
  view-data: 0.21971092699095607
