times:
  edit-metadata: 1.4892489537596703
  landing: 0.8399229347705841
  view-data: 3.4132570400834084
