times:
  edit-metadata: 0.5057765799574554
  landing: 0.06646762927994132
  view-data: 0.21854188665747643
