times:
  edit-metadata: 0.4988909380044788
  landing: 0.06940519600175321
  view-data: 0.21482340601505712
