times:
  edit-metadata: 1.4361479841172695
  landing: 0.8844780810177326
  view-data: 3.3503627963364124
