times:
  edit-metadata: 1.438401972874999
  landing: 0.837678698822856
  view-data: 3.3504911214113235
