times:
  edit-metadata: 0.7958920099772513
  landing: 0.07112357998266816
  view-data: 0.21319559076800942
