times:
  edit-metadata: 1.4250327018089592
  landing: 0.7774183289147913
  view-data: 3.329897827003151
