times:
  edit-metadata: 1.563068201765418
  landing: 0.7719204649329185
  view-data: 3.4223540453240275
