times:
  edit-metadata: 1.9810220245271921
  landing: 0.7507545640692115
  view-data: 3.4161270074546337
