times:
  edit-metadata: 2.1405185125768185
  landing: 1.3550852313637733
  view-data: 3.554768033325672
