times:
  edit-metadata: 1.4532741084694862
  landing: 0.8303391877561808
  view-data: 3.356800626963377
