times:
  edit-metadata: 0.588399070999003
  landing: 0.07237448199884966
  view-data: 0.22492430001148023
