times:
  edit-metadata: 1.399887815117836
  landing: 0.8559750244021416
  view-data: 3.319510966539383
