times:
  edit-metadata: 0.49591404600050737
  landing: 0.06754846700005146
  view-data: 0.22012448199984647
