times:
  edit-metadata: 1.5064819045364857
  landing: 0.7513657510280609
  view-data: 3.4096571188420057
