times:
  edit-metadata: 1.348890956491232
  landing: 0.8300414010882378
  view-data: 3.3190823905169964
