times:
  edit-metadata: 1.3308902150020003
  landing: 0.8020686730742455
  view-data: 3.3558004703372717
