times:
  edit-metadata: 1.4729788936674595
  landing: 0.6650296151638031
  view-data: 3.303931348025799
