times:
  edit-metadata: 1.6346919275820255
  landing: 0.8884324058890343
  view-data: 3.4804640784859657
