times:
  edit-metadata: 1.6476923357695341
  landing: 0.893266512081027
  view-data: 3.483443146571517
