times:
  edit-metadata: 1.6792048588395119
  landing: 3.5072376020252705
  view-data: 3.3454484064131975
