times:
  edit-metadata: 2.4122125674039125
  landing: 0.05770202912390232
  view-data: 0.04686450958251953
