times:
  edit-metadata: 0.4993815729394555
  landing: 0.07292490685358644
  view-data: 0.21574721415527165
