times:
  edit-metadata: 1.4481272622942924
  landing: 0.8077189885079861
  view-data: 3.4058880358934402
