times:
  edit-metadata: 0.4771784241311252
  landing: 0.06762622063979506
  view-data: 0.21564268693327904
