times:
  edit-metadata: 0.5029754771385342
  landing: 0.06636999291367829
  view-data: 0.23271590704098344
