times:
  edit-metadata: 1.5499723386019468
  landing: 0.2489743959158659
  view-data: 0.14148534461855888
