times:
  edit-metadata: 2.0316576324403286
  landing: 6.146100267767906
  view-data: 3.417510449886322
