times:
  edit-metadata: 0.6223652250482701
  landing: 0.05957381700864062
  view-data: 0.20751405699411407
