times:
  edit-metadata: 0.5592144466936588
  landing: 0.08661291375756264
  view-data: 0.21570889232680202
