times:
  edit-metadata: 0.5724846981465816
  landing: 0.07359066419303417
  view-data: 0.2174950479529798
