times:
  edit-metadata: 1.5744516178965569
  landing: 0.7236156426370144
  view-data: 3.391417268663645
