times:
  edit-metadata: 0.5770572428591549
  landing: 0.056124212220311165
  view-data: 0.22649806505069137
