times:
  edit-metadata: 1.5338435359299183
  landing: 0.9138686470687389
  view-data: 3.4304634407162666
