times:
  edit-metadata: 1.6320399660617113
  landing: 0.8213968873023987
  view-data: 3.456236083060503
