times:
  edit-metadata: 1.436875238083303
  landing: 0.8078622948378325
  view-data: 3.326195158995688
