times:
  edit-metadata: 1.3932205997407436
  landing: 0.839995738118887
  view-data: 3.335117992013693
