times:
  edit-metadata: 1.4260172881186008
  landing: 0.7235896717756987
  view-data: 3.307881161570549
