times:
  edit-metadata: 1.3477830248884857
  landing: 0.8359914631582797
  view-data: 3.321762238163501
