times:
  edit-metadata: 1.596065267920494
  landing: 0.057427769526839256
  view-data: 0.39003473334014416
