times:
  edit-metadata: 1.8896399065852165
  landing: 0.019830480217933655
  view-data: 0.32706670835614204
