times:
  edit-metadata: 1.5888442546129227
  landing: 2.277464736253023
  view-data: 3.413712002336979
