times:
  edit-metadata: 1.3572298288345337
  landing: 0.9298601448535919
  view-data: 3.320559933781624
