times:
  edit-metadata: 1.4677832517772913
  landing: 0.7754922648891807
  view-data: 3.3869910910725594
