times:
  edit-metadata: 1.5268074683845043
  landing: 0.7772206813097
  view-data: 3.4135677106678486
