times:
  edit-metadata: 1.4043845934793353
  landing: 1.0208254912868142
  view-data: 3.6984070744365454
