times:
  edit-metadata: 0.5714028892107308
  landing: 0.067590675316751
  view-data: 0.2137905703857541
