times:
  edit-metadata: 1.8381696678698063
  landing: 1.0271907518617809
  view-data: 3.358333425130695
