times:
  edit-metadata: 1.4519592002034187
  landing: 0.8112245472148061
  view-data: 3.3701347396709025
