times:
  edit-metadata: 0.603265976998955
  landing: 0.10048437304794788
  view-data: 0.28264859691262245
