times:
  edit-metadata: 1.5481495819985867
  landing: 0.9498185850679874
  view-data: 3.420534383505583
