times:
  edit-metadata: 1.451199078001082
  landing: 0.7561107808724046
  view-data: 3.3547430760227144
