times:
  edit-metadata: 1.4973455872386694
  landing: 0.7695812322199345
  view-data: 3.417876223102212
