times:
  edit-metadata: 1.5228369198739529
  landing: 0.9243140257894993
  view-data: 3.4188872426748276
