times:
  edit-metadata: 1.5276334690861404
  landing: 0.7863716259598732
  view-data: 3.367051145993173
