times:
  edit-metadata: 0.6313090343028307
  landing: 0.05959009472280741
  view-data: 0.2109445040114224
