times:
  edit-metadata: 1.4492772780358791
  landing: 0.8556874431669712
  view-data: 3.373171988874674
