times:
  edit-metadata: 1.585471810773015
  landing: 0.8956012278795242
  view-data: 3.450897414237261
