times:
  edit-metadata: 1.5468203648924828
  landing: 1.050674632191658
  view-data: 3.3315351232886314
