times:
  edit-metadata: 1.554263273254037
  landing: 0.17205303348600864
  view-data: 0.1557786539196968
