times:
  edit-metadata: 1.770136659964919
  landing: 0.18907475471496582
  view-data: 0.3566787727177143
