times:
  edit-metadata: 1.3919842671602964
  landing: 0.02130303531885147
  view-data: 0.024903209879994392
