times:
  edit-metadata: 2.5400385400280356
  landing: 1.7346822349354625
  view-data: 3.6883509727194905
