times:
  edit-metadata: 1.5278744548559189
  landing: 0.8447344647720456
  view-data: 3.3834883319213986
