times:
  edit-metadata: 1.3370762877166271
  landing: 0.9155829697847366
  view-data: 3.381902176886797
