times:
  edit-metadata: 0.5049476446583867
  landing: 0.06919109122827649
  view-data: 0.21433201571926475
