times:
  edit-metadata: 1.3075409587472677
  landing: 0.7400336842983961
  view-data: 3.2708508037030697
