times:
  edit-metadata: 1.6036509405821562
  landing: 0.1327043827623129
  view-data: 0.15819988399744034
