times:
  edit-metadata: 0.8178222416900098
  landing: 0.11956623895093799
  view-data: 0.29167048819363117
