times:
  edit-metadata: 1.4977752082049847
  landing: 0.8585676699876785
  view-data: 3.472341999411583
