times:
  edit-metadata: 1.5436007119715214
  landing: 0.17370152473449707
  view-data: 0.34901546500623226
