times:
  edit-metadata: 1.7569173611700535
  landing: 1.0847412198781967
  view-data: 3.557336885482073
