times:
  edit-metadata: 1.3530039116740227
  landing: 0.8056662045419216
  view-data: 3.3757552430033684
