times:
  edit-metadata: 0.5231310371309519
  landing: 0.05210748710669577
  view-data: 0.20703729498200119
