times:
  edit-metadata: 0.49567391397431493
  landing: 0.06352236302336678
  view-data: 0.2175464030005969
