times:
  edit-metadata: 1.4333933499874547
  landing: 0.8369855969212949
  view-data: 3.364878235035576
