times:
  edit-metadata: 1.5239433534443378
  landing: 0.9583643227815628
  view-data: 3.340878948569298
