times:
  edit-metadata: 1.4234170243144035
  landing: 0.8835056535899639
  view-data: 3.3686371482908726
