times:
  edit-metadata: 0.6273270689998753
  landing: 0.04534866800531745
  view-data: 0.22977193399856333
