times:
  edit-metadata: 0.5167748410021886
  landing: 0.05030589399393648
  view-data: 0.22158041689544916
