times:
  edit-metadata: 1.3862553290091455
  landing: 0.31174273299984634
  view-data: 0.31483788503101096
