times:
  edit-metadata: 0.7047322909347713
  landing: 0.13774186186492443
  view-data: 0.2816340168938041
