times:
  edit-metadata: 1.5540597746148705
  landing: 0.8860245821997523
  view-data: 3.3468601601198316
