times:
  edit-metadata: 1.4410899579524994
  landing: 0.70856723934412
  view-data: 3.4027909077703953
