times:
  edit-metadata: 1.5547643769532442
  landing: 0.8146814662031829
  view-data: 3.399005978135392
