times:
  edit-metadata: 1.5200536511838436
  landing: 0.7401846349239349
  view-data: 3.411008797585964
