times:
  edit-metadata: 1.4712551878765225
  landing: 0.7591054469812661
  view-data: 3.34549767896533
