times:
  edit-metadata: 0.49973107082769275
  landing: 0.06508138799108565
  view-data: 0.23074988601729274
