times:
  edit-metadata: 2.355164408683777
  landing: 1.366240568459034
  view-data: 3.350789397954941
