times:
  edit-metadata: 1.4835677687078714
  landing: 0.145105991512537
  view-data: 0.3230738006532192
