times:
  edit-metadata: 1.5853434540331364
  landing: 0.9462530165910721
  view-data: 3.382149413228035
