times:
  edit-metadata: 2.023340992629528
  landing: 0.024830829352140427
  view-data: 0.15634650737047195
