times:
  edit-metadata: 1.5246936529874802
  landing: 0.7883286597207189
  view-data: 3.429823899641633
