times:
  edit-metadata: 1.54580532386899
  landing: 0.9724584594368935
  view-data: 3.4179888740181923
