times:
  edit-metadata: 1.5458963587880135
  landing: 0.1846039593219757
  view-data: 0.3080300856381655
