times:
  edit-metadata: 1.6441486161202192
  landing: 0.7984179072082043
  view-data: 3.435963310301304
