times:
  edit-metadata: 0.64360654912889
  landing: 0.08803726197220385
  view-data: 0.23614090704359114
