times:
  edit-metadata: 1.5249950885772705
  landing: 0.7178722992539406
  view-data: 3.404991263523698
