times:
  edit-metadata: 2.428412962704897
  landing: 1.2217852212488651
  view-data: 3.8061647061258554
