times:
  edit-metadata: 1.529773689006106
  landing: 0.023235386004671454
  view-data: 0.13396178800030611
