times:
  edit-metadata: 2.250107329338789
  landing: 0.9837533533573151
  view-data: 3.46783060580492
