times:
  edit-metadata: 0.510399517021142
  landing: 0.062498696031980217
  view-data: 0.20822663803119212
