times:
  edit-metadata: 1.9185693114995956
  landing: 1.1402296423912048
  view-data: 3.3435775861144066
