times:
  edit-metadata: 0.6142591590178199
  landing: 0.04717889300081879
  view-data: 0.23006240697577596
