times:
  edit-metadata: 1.615698430687189
  landing: 5.730595786124468
  view-data: 3.474887192249298
