times:
  edit-metadata: 0.5925845000892878
  landing: 0.04495399538427591
  view-data: 0.206366335041821
