times:
  edit-metadata: 0.4902228796854615
  landing: 0.0633778041228652
  view-data: 0.20923074893653393
