times:
  edit-metadata: 1.4010638687759638
  landing: 0.12607906199991703
  view-data: 0.3575380239635706
