times:
  edit-metadata: 0.8010292742401361
  landing: 0.11131276097148657
  view-data: 0.22201263485476375
