times:
  edit-metadata: 1.3281807778403163
  landing: 0.9588023172691464
  view-data: 3.286137193441391
