times:
  edit-metadata: 1.4066377067938447
  landing: 0.8365388093516231
  view-data: 3.3300883742049336
