times:
  edit-metadata: 1.5520446375012398
  landing: 0.8632579110562801
  view-data: 3.635362882167101
