times:
  edit-metadata: 1.5895785316824913
  landing: 0.25288280099630356
  view-data: 0.3354886397719383
