times:
  edit-metadata: 1.883829379454255
  landing: 0.9560437127947807
  view-data: 3.481722315773368
