times:
  edit-metadata: 1.5416909530758858
  landing: 0.8493593074381351
  view-data: 3.366714498028159
