times:
  edit-metadata: 0.49532122164964676
  landing: 0.0655936747789383
  view-data: 0.2176305828616023
