times:
  edit-metadata: 1.4127523051574826
  landing: 0.8503677528351545
  view-data: 3.2832281682640314
