times:
  edit-metadata: 1.4168942403048277
  landing: 0.14248661138117313
  view-data: 0.025191549211740494
