times:
  edit-metadata: 1.4603347079828382
  landing: 0.8117224331945181
  view-data: 3.4097016570158303
