times:
  edit-metadata: 1.4802807085216045
  landing: 0.8236126694828272
  view-data: 3.382153293117881
