times:
  edit-metadata: 0.49477953399764374
  landing: 0.06121358001837507
  view-data: 0.3481833770056255
