times:
  edit-metadata: 1.541033698944375
  landing: 0.8709487798623741
  view-data: 3.391735675977543
