times:
  edit-metadata: 0.5955865457653999
  landing: 0.09631744120270014
  view-data: 0.21261493396013975
