times:
  edit-metadata: 0.49037921195849776
  landing: 0.06020330695901066
  view-data: 0.2097346830414608
