times:
  edit-metadata: 2.6892241463065147
  landing: 1.0832391623407602
  view-data: 3.822154965251684
