times:
  edit-metadata: 1.5160493180155754
  landing: 0.6931255161762238
  view-data: 3.3881259225308895
