times:
  edit-metadata: 0.4908700662199408
  landing: 0.07022762298583984
  view-data: 0.3402966530993581
