times:
  edit-metadata: 1.7245786553248763
  landing: 1.0236950032413006
  view-data: 3.4049719404429197
