times:
  edit-metadata: 1.5545990504324436
  landing: 0.8044295608997345
  view-data: 3.349797986447811
