times:
  edit-metadata: 0.6700463248416781
  landing: 0.06082716304808855
  view-data: 0.2451167469844222
