times:
  edit-metadata: 1.509323114529252
  landing: 0.7469945307821035
  view-data: 3.420328289270401
