times:
  edit-metadata: 1.7373192231170833
  landing: 1.1431233151815832
  view-data: 3.497960495762527
