times:
  edit-metadata: 1.434713647235185
  landing: 0.7520017349161208
  view-data: 3.38602506602183
