times:
  edit-metadata: 1.4856453880202025
  landing: 0.9106645500287414
  view-data: 3.443963962025009
