times:
  edit-metadata: 0.5104559960018378
  landing: 0.06535643298411742
  view-data: 0.20527317901724018
