times:
  edit-metadata: 1.44554871506989
  landing: 0.22005843371152878
  view-data: 0.027298904955387115
