times:
  edit-metadata: 1.4982373006641865
  landing: 0.9142050221562386
  view-data: 3.3194909021258354
