times:
  edit-metadata: 1.5918925404548645
  landing: 0.84358911216259
  view-data: 3.3254404589533806
