times:
  edit-metadata: 1.490363448858261
  landing: 0.7057910859584808
  view-data: 3.5189968645572662
