times:
  edit-metadata: 1.3231232687830925
  landing: 0.8444682061672211
  view-data: 3.5261342003941536
