times:
  edit-metadata: 1.4334781803190708
  landing: 0.7587954513728619
  view-data: 3.3759540878236294
