times:
  edit-metadata: 1.3566265404224396
  landing: 0.6743107885122299
  view-data: 3.4587267488241196
