times:
  edit-metadata: 1.4130174219608307
  landing: 0.7538262717425823
  view-data: 3.263822413980961
