times:
  edit-metadata: 2.8157975003123283
  landing: 1.6095157489180565
  view-data: 3.6719647645950317
