times:
  edit-metadata: 1.5601444318890572
  landing: 0.9379075542092323
  view-data: 3.50304763764143
