times:
  edit-metadata: 1.7495767436921597
  landing: 1.2143115811049938
  view-data: 3.3125421702861786
