times:
  edit-metadata: 1.3889213725924492
  landing: 0.7325414046645164
  view-data: 3.505277417600155
