times:
  edit-metadata: 1.4230636209249496
  landing: 0.7294262498617172
  view-data: 3.3785432055592537
