times:
  edit-metadata: 1.4789216369390488
  landing: 0.7956750467419624
  view-data: 3.3213303983211517
