times:
  edit-metadata: 1.530941165983677
  landing: 0.7161962017416954
  view-data: 3.4729082509875298
