times:
  edit-metadata: 1.3230616822838783
  landing: 0.6817539669573307
  view-data: 3.309798702597618
