times:
  edit-metadata: 1.4645700231194496
  landing: 0.8061760738492012
  view-data: 3.354250967502594
