times:
  edit-metadata: 1.3331794440746307
  landing: 0.7407064586877823
  view-data: 3.44033120572567
