times:
  edit-metadata: 1.387263610959053
  landing: 0.7424471750855446
  view-data: 3.3297953978180885
