times:
  edit-metadata: 1.5724774338304996
  landing: 0.8653335869312286
  view-data: 3.325104311108589
