times:
  edit-metadata: 1.5155183747410774
  landing: 0.8533367589116096
  view-data: 3.383977346122265
