times:
  edit-metadata: 1.3906736820936203
  landing: 0.7308876365423203
  view-data: 3.3316029012203217
