times:
  edit-metadata: 1.5007040575146675
  landing: 1.0210989229381084
  view-data: 3.3109359964728355
