times:
  edit-metadata: 1.3799140080809593
  landing: 0.8355536162853241
  view-data: 3.5033673122525215
