times:
  edit-metadata: 1.4870025962591171
  landing: 0.7606494575738907
  view-data: 3.2537640929222107
