times:
  edit-metadata: 1.3960094600915909
  landing: 0.724122665822506
  view-data: 3.5233642384409904
