times:
  edit-metadata: 1.4397246651351452
  landing: 0.8120553754270077
  view-data: 3.316627152264118
