times:
  edit-metadata: 1.444104552268982
  landing: 0.865538701415062
  view-data: 3.474986717104912
