times:
  edit-metadata: 1.3203657306730747
  landing: 0.7038298547267914
  view-data: 3.3509386405348778
