times:
  edit-metadata: 1.4265688434243202
  landing: 0.9762245491147041
  view-data: 3.5566564351320267
