times:
  edit-metadata: 1.3787013366818428
  landing: 0.7419930398464203
  view-data: 3.2873997539281845
