times:
  edit-metadata: 1.4852724112570286
  landing: 0.8761566430330276
  view-data: 3.4603506587445736
