times:
  edit-metadata: 1.4191674664616585
  landing: 0.7956795319914818
  view-data: 3.4347576647996902
