times:
  edit-metadata: 1.45990239828825
  landing: 0.7412849962711334
  view-data: 3.368513897061348
