times:
  edit-metadata: 1.4267909675836563
  landing: 0.7756233476102352
  view-data: 3.3065994791686535
