times:
  edit-metadata: 1.3881740719079971
  landing: 0.7687169536948204
  view-data: 3.4572491124272346
