times:
  edit-metadata: 1.3482694439589977
  landing: 0.7270928286015987
  view-data: 3.2575940042734146
