times:
  edit-metadata: 1.2262383252382278
  landing: 0.7204812988638878
  view-data: 3.5692736878991127
