times:
  edit-metadata: 1.7811539396643639
  landing: 0.9989036917686462
  view-data: 3.568101577460766
