times:
  edit-metadata: 1.3980922661721706
  landing: 0.8167727738618851
  view-data: 3.4032613709568977
