times:
  edit-metadata: 1.4358283653855324
  landing: 0.7444938942790031
  view-data: 3.4484906122088432
