times:
  edit-metadata: 1.716568049043417
  landing: 0.7241632379591465
  view-data: 3.288606181740761
