times:
  edit-metadata: 1.508659116923809
  landing: 0.8164707198739052
  view-data: 3.5050942599773407
