times:
  edit-metadata: 1.5117030590772629
  landing: 0.8760820776224136
  view-data: 3.5537491738796234
