times:
  edit-metadata: 1.3446776047348976
  landing: 0.8648875653743744
  view-data: 3.522325113415718
