times:
  edit-metadata: 1.4794048704206944
  landing: 0.7604521699249744
  view-data: 3.3287952058017254
