times:
  edit-metadata: 2.356289766728878
  landing: 1.0269456319510937
  view-data: 3.3734209835529327
