times:
  edit-metadata: 1.4054863974452019
  landing: 0.8566182516515255
  view-data: 3.347011297941208
