times:
  edit-metadata: 1.413352731615305
  landing: 0.7560296878218651
  view-data: 3.3235114067792892
