times:
  edit-metadata: 1.9927673637866974
  landing: 1.6507135406136513
  view-data: 3.6810705214738846
