times:
  edit-metadata: 1.4948041439056396
  landing: 0.7278574928641319
  view-data: 3.503283053636551
