times:
  edit-metadata: 1.3855636566877365
  landing: 0.7786421664059162
  view-data: 3.3078602366149426
