times:
  edit-metadata: 1.3838173300027847
  landing: 0.7929548099637032
  view-data: 3.3372849225997925
