times:
  edit-metadata: 1.6888383328914642
  landing: 0.7470295317471027
  view-data: 3.355301521718502
