times:
  edit-metadata: 2.0584190413355827
  landing: 0.9754959866404533
  view-data: 3.3598090559244156
