times:
  edit-metadata: 1.5140174254775047
  landing: 0.7786338552832603
  view-data: 3.537719890475273
