times:
  edit-metadata: 1.409599281847477
  landing: 0.7995454967021942
  view-data: 3.4733097553253174
