times:
  edit-metadata: 1.3024568632245064
  landing: 0.7829267233610153
  view-data: 3.3947484269738197
