times:
  edit-metadata: 1.3446209952235222
  landing: 0.8120509758591652
  view-data: 3.4188454523682594
