times:
  edit-metadata: 1.5687976405024529
  landing: 0.7965524643659592
  view-data: 3.5644306614995003
