times:
  edit-metadata: 1.4720119200646877
  landing: 0.6810991689562798
  view-data: 3.4126683585345745
