times:
  edit-metadata: 1.4742613583803177
  landing: 0.7464122399687767
  view-data: 3.4607517272233963
