times:
  edit-metadata: 1.3919651955366135
  landing: 0.7691968828439713
  view-data: 3.302870936691761
