times:
  edit-metadata: 1.3155080527067184
  landing: 0.8152872994542122
  view-data: 3.4307026639580727
