times:
  edit-metadata: 1.512286901473999
  landing: 0.7712545245885849
  view-data: 3.542205795645714
