times:
  edit-metadata: 1.9842298291623592
  landing: 1.0183853916823864
  view-data: 3.3451961167156696
