times:
  edit-metadata: 2.2217551358044147
  landing: 1.1767924427986145
  view-data: 3.5635885149240494
