times:
  edit-metadata: 1.4201577603816986
  landing: 0.7835453599691391
  view-data: 3.4279935136437416
