times:
  edit-metadata: 1.317686464637518
  landing: 0.8160749673843384
  view-data: 3.3661128766834736
