times:
  edit-metadata: 1.3875264376401901
  landing: 0.8124795854091644
  view-data: 3.3687416836619377
