times:
  edit-metadata: 1.4569730460643768
  landing: 0.7189168334007263
  view-data: 3.409269779920578
