times:
  edit-metadata: 1.3722534999251366
  landing: 0.7694877982139587
  view-data: 3.603567697107792
