times:
  edit-metadata: 1.3248906880617142
  landing: 0.6596593931317329
  view-data: 3.4553691372275352
