times:
  edit-metadata: 1.5717450380325317
  landing: 0.7852636277675629
  view-data: 3.3734419122338295
