times:
  edit-metadata: 1.4776122644543648
  landing: 0.797622561454773
  view-data: 3.5145028233528137
