times:
  edit-metadata: 2.071131646633148
  landing: 0.7945844568312168
  view-data: 3.405371807515621
