times:
  edit-metadata: 1.6755147278308868
  landing: 0.9644520953297615
  view-data: 3.4578392654657364
