times:
  edit-metadata: 1.4168161749839783
  landing: 0.7476328313350677
  view-data: 3.510105676949024
