times:
  edit-metadata: 1.4535161703824997
  landing: 0.7237510532140732
  view-data: 3.448230877518654
