times:
  edit-metadata: 1.3782349899411201
  landing: 0.7363936081528664
  view-data: 3.4603959545493126
