times:
  edit-metadata: 1.5546895787119865
  landing: 0.8459844179451466
  view-data: 3.315291676670313
