times:
  edit-metadata: 1.3460871204733849
  landing: 0.7996999472379684
  view-data: 3.297104261815548
