times:
  edit-metadata: 1.4403177127242088
  landing: 0.7781558334827423
  view-data: 3.482672780752182
