times:
  edit-metadata: 1.4465087316930294
  landing: 0.7723967134952545
  view-data: 3.3129502087831497
