times:
  edit-metadata: 1.4614405259490013
  landing: 0.7569151520729065
  view-data: 3.490492954850197
