times:
  edit-metadata: 1.5130558460950851
  landing: 0.8250967338681221
  view-data: 3.3537242114543915
