times:
  edit-metadata: 1.522304229438305
  landing: 0.8375871330499649
  view-data: 3.3238182738423347
