times:
  edit-metadata: 1.457236148416996
  landing: 0.6820018142461777
  view-data: 3.2970298901200294
