times:
  edit-metadata: 1.6232878640294075
  landing: 0.8784199431538582
  view-data: 3.337655071169138
