times:
  edit-metadata: 1.4594954773783684
  landing: 0.7573611289262772
  view-data: 3.5381893664598465
