times:
  edit-metadata: 1.8540547862648964
  landing: 1.3311206847429276
  view-data: 3.3245212212204933
