times:
  edit-metadata: 1.5379156731069088
  landing: 0.8135828375816345
  view-data: 3.3928964771330357
