times:
  edit-metadata: 1.4346939325332642
  landing: 0.8159888461232185
  view-data: 3.343190774321556
