times:
  edit-metadata: 1.4075970239937305
  landing: 0.7701553851366043
  view-data: 3.3252611570060253
