times:
  edit-metadata: 1.4218486919999123
  landing: 0.773272879421711
  view-data: 3.419574163854122
