times:
  edit-metadata: 1.3583741635084152
  landing: 0.7509104311466217
  view-data: 3.4996775537729263
