times:
  edit-metadata: 1.5904409773647785
  landing: 0.8503175638616085
  view-data: 3.2745110914111137
