times:
  edit-metadata: 1.3524700328707695
  landing: 0.9037359356880188
  view-data: 3.2624277025461197
