times:
  edit-metadata: 1.3792282864451408
  landing: 0.7761751264333725
  view-data: 3.550016239285469
