times:
  edit-metadata: 1.3549656197428703
  landing: 0.7546656280755997
  view-data: 3.4214169308543205
