times:
  edit-metadata: 1.5115670636296272
  landing: 0.7996006906032562
  view-data: 3.378205507993698
