times:
  edit-metadata: 1.3859821185469627
  landing: 0.7861456982791424
  view-data: 3.262929506599903
