times:
  edit-metadata: 1.622183196246624
  landing: 0.9013686403632164
  view-data: 3.3175752758979797
