times:
  edit-metadata: 1.8809236027300358
  landing: 0.8190829195082188
  view-data: 3.3224055357277393
