times:
  edit-metadata: 1.4206566661596298
  landing: 0.8721015974879265
  view-data: 3.3023705556988716
