times:
  edit-metadata: 1.422096498310566
  landing: 0.7782520055770874
  view-data: 3.410606227815151
