times:
  edit-metadata: 1.3813097849488258
  landing: 0.7907409816980362
  view-data: 3.4288109242916107
