times:
  edit-metadata: 1.422970987856388
  landing: 0.7712351158261299
  view-data: 3.541083298623562
