times:
  edit-metadata: 1.483064204454422
  landing: 0.7917168885469437
  view-data: 3.545062430202961
