times:
  edit-metadata: 1.4325681924819946
  landing: 0.7941822484135628
  view-data: 3.507324479520321
