times:
  edit-metadata: 1.2855282947421074
  landing: 0.7736776173114777
  view-data: 3.36762198805809
