times:
  edit-metadata: 1.913024090230465
  landing: 1.0878243818879128
  view-data: 3.502109870314598
