times:
  edit-metadata: 1.3918760195374489
  landing: 0.771663099527359
  view-data: 3.304966453462839
