times:
  edit-metadata: 1.904222421348095
  landing: 0.8798273056745529
  view-data: 3.9069213829934597
