times:
  edit-metadata: 1.4417148903012276
  landing: 0.6995017156004906
  view-data: 3.4635143354535103
