times:
  edit-metadata: 1.420934520661831
  landing: 0.7252941504120827
  view-data: 3.426232695579529
