times:
  edit-metadata: 1.313784271478653
  landing: 0.7337473183870316
  view-data: 3.4589598178863525
