times:
  edit-metadata: 1.738669440150261
  landing: 1.0903209708631039
  view-data: 3.346884474158287
