times:
  edit-metadata: 1.3996807411313057
  landing: 0.8217049837112427
  view-data: 3.3101283982396126
