times:
  edit-metadata: 1.357766017317772
  landing: 0.7509321048855782
  view-data: 3.4593334272503853
