times:
  edit-metadata: 1.3663348779082298
  landing: 0.7710075005888939
  view-data: 3.268864370882511
