times:
  edit-metadata: 1.442278441041708
  landing: 0.8243201598525047
  view-data: 3.327403914183378
