times:
  edit-metadata: 1.5361802503466606
  landing: 0.9137837663292885
  view-data: 3.646141655743122
