times:
  edit-metadata: 1.4489714726805687
  landing: 0.7360237017273903
  view-data: 3.4610576033592224
