times:
  edit-metadata: 1.3466082066297531
  landing: 0.7206850498914719
  view-data: 3.4874364882707596
