times:
  edit-metadata: 1.3921755328774452
  landing: 0.7995556220412254
  view-data: 3.36076769977808
