times:
  edit-metadata: 1.3727914839982986
  landing: 0.773327499628067
  view-data: 3.2738361060619354
