times:
  edit-metadata: 1.793218545615673
  landing: 1.219620406627655
  view-data: 3.7000824734568596
