times:
  edit-metadata: 1.4133722111582756
  landing: 0.7344594076275826
  view-data: 3.5363489165902138
