times:
  edit-metadata: 1.5555741265416145
  landing: 0.716948039829731
  view-data: 3.489197224378586
