times:
  edit-metadata: 1.3505099527537823
  landing: 0.7975826822221279
  view-data: 3.30298712849617
