times:
  edit-metadata: 1.443822756409645
  landing: 0.7332502901554108
  view-data: 3.447264678776264
