times:
  edit-metadata: 1.47915555909276
  landing: 0.7699992656707764
  view-data: 3.2624479345977306
