times:
  edit-metadata: 1.7988285757601261
  landing: 0.9638750962913036
  view-data: 3.3170309104025364
