times:
  edit-metadata: 1.4749678075313568
  landing: 0.7626476250588894
  view-data: 3.327334873378277
