times:
  edit-metadata: 1.7396278865635395
  landing: 1.0591335482895374
  view-data: 3.299615677446127
