times:
  edit-metadata: 1.2793333753943443
  landing: 0.7148884609341621
  view-data: 3.5300749838352203
