times:
  edit-metadata: 1.37350133061409
  landing: 0.681066021323204
  view-data: 3.4165111631155014
