times:
  edit-metadata: 1.4545735120773315
  landing: 0.7373480051755905
  view-data: 3.391627684235573
