times:
  edit-metadata: 1.7347998395562172
  landing: 0.8321176245808601
  view-data: 3.334428533911705
