times:
  edit-metadata: 1.3334805965423584
  landing: 0.7875529453158379
  view-data: 3.488813191652298
