times:
  edit-metadata: 1.3823851011693478
  landing: 0.7079839818179607
  view-data: 3.3149693459272385
