times:
  edit-metadata: 1.3694420345127583
  landing: 0.8551479578018188
  view-data: 3.3229738995432854
