times:
  edit-metadata: 1.559741847217083
  landing: 0.8799446858465672
  view-data: 3.298106011003256
