times:
  edit-metadata: 1.4034414067864418
  landing: 0.7551946341991425
  view-data: 3.505806803703308
