times:
  edit-metadata: 1.4162048324942589
  landing: 0.7299500480294228
  view-data: 3.449613131582737
