times:
  edit-metadata: 1.82728673517704
  landing: 0.7990382611751556
  view-data: 3.405841812491417
