times:
  edit-metadata: 1.5398659110069275
  landing: 0.8567801788449287
  view-data: 3.292827658355236
