times:
  edit-metadata: 1.4504436887800694
  landing: 0.8493480384349823
  view-data: 3.3505709916353226
