times:
  edit-metadata: 1.6225418522953987
  landing: 0.9603138118982315
  view-data: 3.3288348466157913
