times:
  edit-metadata: 1.3954708725214005
  landing: 0.8375090584158897
  view-data: 3.369320757687092
