times:
  edit-metadata: 1.3738341554999352
  landing: 0.7365072220563889
  view-data: 3.3991491347551346
