times:
  edit-metadata: 1.9727609269320965
  landing: 1.2488335706293583
  view-data: 3.485291510820389
