times:
  edit-metadata: 1.3393058106303215
  landing: 0.8134494572877884
  view-data: 3.471668317914009
