times:
  edit-metadata: 1.38906891644001
  landing: 0.7616510391235352
  view-data: 3.5255511924624443
