times:
  edit-metadata: 1.4949063807725906
  landing: 0.7944877222180367
  view-data: 3.2782926708459854
