times:
  edit-metadata: 1.3935507982969284
  landing: 0.7705955728888512
  view-data: 3.538191929459572
