times:
  edit-metadata: 1.4179989024996758
  landing: 0.7596418261528015
  view-data: 3.4643765687942505
