times:
  edit-metadata: 1.6241510584950447
  landing: 0.8079063668847084
  view-data: 3.2805681377649307
