times:
  edit-metadata: 1.4695685729384422
  landing: 0.7840999141335487
  view-data: 3.5394399389624596
