times:
  edit-metadata: 1.3980403915047646
  landing: 0.7912337332963943
  view-data: 3.273226335644722
