times:
  edit-metadata: 1.4790852218866348
  landing: 0.7485164105892181
  view-data: 3.559252865612507
