times:
  edit-metadata: 0.5385865390126128
  landing: 0.07647868699859828
  view-data: 0.21434422599850222
