times:
  edit-metadata: 0.8808478680002736
  landing: 0.09811295099916606
  view-data: 0.28445168799953535
