times:
  edit-metadata: 1.589488085359335
  landing: 0.2690276652574539
  view-data: 0.02764160744845867
