times:
  edit-metadata: 0.5420237720245495
  landing: 0.07251989899668843
  view-data: 0.228805148974061
