times:
  edit-metadata: 0.49060627492144704
  landing: 0.05248871399089694
  view-data: 0.21007543080486357
