times:
  edit-metadata: 0.5593681989703327
  landing: 0.07050914102001116
  view-data: 0.23150880704633892
