times:
  edit-metadata: 0.5161387869156897
  landing: 0.06361524201929569
  view-data: 0.214463884010911
