times:
  edit-metadata: 1.5359325259923935
  landing: 0.13811086304485798
  view-data: 0.3829182852059603
