times:
  edit-metadata: 0.5167935136705637
  landing: 0.08495587762445211
  view-data: 0.21668957686051726
