times:
  edit-metadata: 1.3926352243870497
  landing: 0.12922660447657108
  view-data: 0.02530946210026741
