times:
  edit-metadata: 0.5705192260211334
  landing: 0.041693208971992135
  view-data: 0.2248686240054667
