times:
  edit-metadata: 0.46661694487556815
  landing: 0.06414279108867049
  view-data: 0.21339491894468665
