times:
  edit-metadata: 1.6775065883994102
  landing: 0.1840603295713663
  view-data: 0.1354615967720747
