times:
  edit-metadata: 0.5561548140249215
  landing: 0.08347019500797614
  view-data: 0.2171927280141972
