times:
  edit-metadata: 0.8028071640292183
  landing: 0.07631884003058076
  view-data: 0.21612264693249017
