times:
  edit-metadata: 1.7155689764767885
  landing: 0.10279500484466553
  view-data: 0.3821564167737961
