times:
  edit-metadata: 0.5135815269313753
  landing: 0.06566150486469269
  view-data: 0.34294245671480894
