times:
  edit-metadata: 0.4452633489854634
  landing: 0.05875280289910734
  view-data: 0.2058656201697886
