times:
  edit-metadata: 0.5315057350089774
  landing: 0.07520587998442352
  view-data: 0.22096601105295122
