times:
  edit-metadata: 0.5238225150023936
  landing: 0.07615203600289533
  view-data: 0.22753976700187195
