times:
  edit-metadata: 0.5880420989997219
  landing: 0.13315655800397508
  view-data: 0.27133800101000816
