times:
  edit-metadata: 0.6160638076253235
  landing: 0.08111493708565831
  view-data: 0.2960267476737499
