times:
  edit-metadata: 0.5532136409310624
  landing: 0.04842700203880668
  view-data: 0.22526473994366825
