times:
  edit-metadata: 0.5708737279928755
  landing: 0.08592253900133073
  view-data: 0.22143706999486312
