times:
  edit-metadata: 0.7027134519885294
  landing: 0.14206518398714252
  view-data: 0.21997891899081878
