times:
  edit-metadata: 0.7301974189467728
  landing: 0.08074094820767641
  view-data: 0.21188359428197145
