times:
  edit-metadata: 0.555306947324425
  landing: 0.04413406224921346
  view-data: 0.21133393608033657
