times:
  edit-metadata: 0.6011520829051733
  landing: 0.04956887010484934
  view-data: 0.29470794508233666
