times:
  edit-metadata: 0.46548267803154886
  landing: 0.0820197758730501
  view-data: 0.22321902704425156
