times:
  edit-metadata: 0.5306815910153091
  landing: 0.07788985595107079
  view-data: 0.2149100350216031
