times:
  edit-metadata: 1.3637080434709787
  landing: 0.21582823991775513
  view-data: 0.12501932308077812
