times:
  edit-metadata: 1.492256723344326
  landing: 0.34792475029826164
  view-data: 0.060586584731936455
