times:
  edit-metadata: 1.3945157043635845
  landing: 0.128189904615283
  view-data: 0.27916475012898445
