times:
  edit-metadata: 0.4865956341382116
  landing: 0.05466566514223814
  view-data: 0.2122334900777787
