times:
  edit-metadata: 0.5420523519860581
  landing: 0.0581809839932248
  view-data: 0.21837709797546268
