times:
  edit-metadata: 0.565839869028423
  landing: 0.05257759499363601
  view-data: 0.22643361502559856
