times:
  edit-metadata: 1.5360205136239529
  landing: 0.2268480658531189
  view-data: 0.027687570080161095
