times:
  edit-metadata: 0.5337480250746012
  landing: 0.04007474472746253
  view-data: 0.22810008004307747
