times:
  edit-metadata: 0.5306039969436824
  landing: 0.06899447413161397
  view-data: 0.2178119490854442
