times:
  edit-metadata: 0.62390699936077
  landing: 0.05669338721781969
  view-data: 0.21142646903172135
