times:
  edit-metadata: 0.5315438662655652
  landing: 0.06914751091971993
  view-data: 0.21799214277416468
