times:
  edit-metadata: 0.5411958090262488
  landing: 0.12387596699409187
  view-data: 0.27932873502140865
