times:
  edit-metadata: 1.8838018365204334
  landing: 0.17561926878988743
  view-data: 0.3106361608952284
