times:
  edit-metadata: 1.606157075613737
  landing: 0.026503786444664
  view-data: 0.12749183177947998
