times:
  edit-metadata: 0.5149756350001553
  landing: 0.0859211659990251
  view-data: 0.21232172800228
