times:
  edit-metadata: 0.5578804829856381
  landing: 0.04253095801686868
  view-data: 0.22507576300995424
