times:
  edit-metadata: 0.586654681712389
  landing: 0.0854582809843123
  view-data: 0.2994401133619249
