times:
  edit-metadata: 0.7566483318805695
  landing: 0.04987518582493067
  view-data: 0.218488906044513
