times:
  edit-metadata: 0.5617948240105761
  landing: 0.04143226299493108
  view-data: 0.21829412400256842
