times:
  edit-metadata: 1.488624969497323
  landing: 0.17522371374070644
  view-data: 0.2059023454785347
