times:
  edit-metadata: 0.5103596889966866
  landing: 0.0721218399994541
  view-data: 0.3495878520043334
