times:
  edit-metadata: 0.5252294739475474
  landing: 0.07348441099748015
  view-data: 0.2153043260332197
