times:
  edit-metadata: 0.7854007161222398
  landing: 0.18753755278885365
  view-data: 0.2867139670997858
