times:
  edit-metadata: 1.3633206766098738
  landing: 0.018117696046829224
  view-data: 0.3235239740461111
