times:
  edit-metadata: 0.7515940119046718
  landing: 0.07240901095792651
  view-data: 0.28148405789397657
