times:
  edit-metadata: 0.47551265987567604
  landing: 0.05425318400375545
  view-data: 0.22079890104942024
