times:
  edit-metadata: 0.4697400170844048
  landing: 0.047042320016771555
  view-data: 0.21460738987661898
