times:
  edit-metadata: 1.3860621098428965
  landing: 0.11744449101388454
  view-data: 0.28330534137785435
