times:
  edit-metadata: 1.5988960079848766
  landing: 0.2424899134784937
  view-data: 0.37773156724870205
