times:
  edit-metadata: 1.5040528420358896
  landing: 0.019474675878882408
  view-data: 0.4142577964812517
