times:
  edit-metadata: 0.5652796200010926
  landing: 0.07546627597184852
  view-data: 0.23032648098887876
