times:
  edit-metadata: 0.5505134663544595
  landing: 0.045600774232298136
  view-data: 0.21881292015314102
