times:
  edit-metadata: 0.5206816508434713
  landing: 0.0817194152623415
  view-data: 0.21098675671964884
