times:
  edit-metadata: 0.46007919614203274
  landing: 0.07554673310369253
  view-data: 0.2265094278845936
