times:
  edit-metadata: 0.5317717990255915
  landing: 0.0710095230024308
  view-data: 0.25094322505174205
