times:
  edit-metadata: 0.5290617889995701
  landing: 0.06251980100023502
  view-data: 0.21687411899984
