times:
  edit-metadata: 0.5921687610098161
  landing: 0.07771940500242636
  view-data: 0.21784516898333095
