times:
  edit-metadata: 0.7238555429503322
  landing: 0.0479396260343492
  view-data: 0.2369757299311459
