times:
  edit-metadata: 1.4501644168049097
  landing: 0.01971852220594883
  view-data: 0.3266028165817261
