times:
  edit-metadata: 0.4767290388699621
  landing: 0.04595207795500755
  view-data: 0.20975461811758578
