times:
  edit-metadata: 0.4570079038385302
  landing: 0.08246390102431178
  view-data: 0.2226306009106338
