times:
  edit-metadata: 1.5297301914542913
  landing: 0.22917751595377922
  view-data: 0.7377806566655636
