times:
  edit-metadata: 1.5314369462430477
  landing: 0.045664675533771515
  view-data: 0.0493699386715889
