times:
  edit-metadata: 0.7398532181978226
  landing: 0.06395683065056801
  view-data: 0.3246652069501579
