times:
  edit-metadata: 0.45810240879654884
  landing: 0.05978838796727359
  view-data: 0.20982594089582562
