times:
  edit-metadata: 1.5570670440793037
  landing: 0.2072977740317583
  view-data: 0.30982592701911926
