times:
  edit-metadata: 0.46203950489871204
  landing: 0.0631609100382775
  view-data: 0.21756218583323061
