times:
  edit-metadata: 1.362568262964487
  landing: 0.11572206765413284
  view-data: 0.023208661004900932
