times:
  edit-metadata: 0.5471955339889973
  landing: 0.04893327597528696
  view-data: 0.22584033897146583
