times:
  edit-metadata: 0.588813348673284
  landing: 0.14640436740592122
  view-data: 0.23384595289826393
