times:
  edit-metadata: 0.4560104019474238
  landing: 0.07049332209862769
  view-data: 0.20804757485166192
