times:
  edit-metadata: 0.7725582518614829
  landing: 0.10781462490558624
  view-data: 0.3205034709535539
