times:
  landing: 2.2638483149930835
  view-data: 0.03204209008254111
