times:
  landing: 1.1582006979733706
  view-data: 0.5526256568264216
