times:
  edit-metadata: 0.48208029894158244
  landing: 0.042686126194894314
  view-data: 0.5020788521505892
