times:
  edit-metadata: 0.46539538679644465
  landing: 0.04728975985199213
  view-data: 0.4979787766933441
