times:
  edit-metadata: 1.943405356258154
  landing: 1.179745338857174
  view-data: 3.484951324760914
