times:
  edit-metadata: 1.3132578432559967
  landing: 0.11895944457501173
  view-data: 0.9036379903554916
