times:
  edit-metadata: 1.3476036880165339
  landing: 0.020248000510036945
  view-data: 0.028249576687812805
