times:
  edit-metadata: 1.3262072820216417
  landing: 0.02198615577071905
  view-data: 0.8594678873196244
