times:
  edit-metadata: 0.5900000343099236
  landing: 0.12404326722025871
  view-data: 0.249037881847471
