times:
  edit-metadata: 1.3559177424758673
  landing: 0.022970535792410374
  view-data: 0.025284459814429283
