times:
  edit-metadata: 0.5348765009839553
  landing: 0.08732921798946336
  view-data: 0.22837186098331586
