times:
  edit-metadata: 1.3770768493413925
  landing: 0.02036893554031849
  view-data: 0.0221561212092638
