times:
  edit-metadata: 0.4348484529182315
  landing: 0.05152021115645766
  view-data: 0.4977226599585265
