times:
  edit-metadata: 0.5678888880647719
  landing: 0.05184847395867109
  view-data: 0.23710339702665806
