times:
  edit-metadata: 1.402709249407053
  landing: 0.018604904413223267
  view-data: 0.022789517417550087
