times:
  edit-metadata: 0.535274300025776
  landing: 0.06294314004480839
  view-data: 0.22907360387034714
