times:
  edit-metadata: 0.41023457306437194
  landing: 0.04933867300860584
  view-data: 0.4344550759997219
