times:
  edit-metadata: 0.5216931123286486
  landing: 0.07594183413311839
  view-data: 0.2408866612240672
