times:
  edit-metadata: 1.3806229587644339
  landing: 1.0353499818593264
  view-data: 3.3091632444411516
