times:
  edit-metadata: 1.6433692649006844
  landing: 0.37812604010105133
  view-data: 0.8871914278715849
