times:
  edit-metadata: 0.5819777580909431
  landing: 0.05494861304759979
  view-data: 0.26728703710250556
