times:
  edit-metadata: 0.5677685239352286
  landing: 0.0558584111277014
  view-data: 0.2481690300628543
