times:
  edit-metadata: 0.5346543828491122
  landing: 0.07189813209697604
  view-data: 0.2606707520317286
