times:
  edit-metadata: 0.47053046617656946
  landing: 0.041154018603265285
  view-data: 0.5055204960517585
