times:
  edit-metadata: 0.525316524785012
  landing: 0.06925581907853484
  view-data: 0.2246034238487482
