times:
  edit-metadata: 1.386985432356596
  landing: 0.0195283442735672
  view-data: 0.7739156372845173
