times:
  edit-metadata: 1.370360603556037
  landing: 0.022166067734360695
  view-data: 0.10307330824434757
