times:
  edit-metadata: 0.4642880200408399
  landing: 0.04133171634748578
  view-data: 0.493428077083081
