times:
  edit-metadata: 1.3416144819930196
  landing: 0.02242095023393631
  view-data: 0.8710607253015041
