times:
  edit-metadata: 0.40899086697027087
  landing: 0.04216126585379243
  view-data: 0.515881524886936
