times:
  edit-metadata: 1.5602032355964184
  landing: 1.0230097100138664
  view-data: 3.4996881410479546
