times:
  edit-metadata: 1.3950780546292663
  landing: 0.02046957239508629
  view-data: 0.8663746267557144
