times:
  edit-metadata: 1.439553413540125
  landing: 0.8344483682885766
  view-data: 3.348384958691895
