times:
  edit-metadata: 0.45473778108134866
  landing: 0.052155609941110015
  view-data: 0.5210865049157292
