times:
  edit-metadata: 0.46431540697813034
  landing: 0.050765556283295155
  view-data: 0.5410860320553184
