times:
  edit-metadata: 1.3357137320563197
  landing: 0.022707808762788773
  view-data: 0.8639799738302827
