times:
  edit-metadata: 2.060676282737404
  landing: 1.0892996401526034
  view-data: 3.483110554050654
