times:
  edit-metadata: 1.5088686533272266
  landing: 1.1001291908323765
  view-data: 3.5445349030196667
