times:
  edit-metadata: 1.2653788914903998
  landing: 0.728270704858005
  view-data: 3.237233616411686
