times:
  edit-metadata: 1.4474552110768855
  landing: 0.8673987919464707
  view-data: 3.355777401011437
