times:
  edit-metadata: 0.5501277833245695
  landing: 0.10359372897073627
  view-data: 0.2948297169059515
