times:
  edit-metadata: 0.574516277294606
  landing: 0.05725599406287074
  view-data: 0.2337496462278068
