times:
  edit-metadata: 2.1881449557840824
  landing: 1.231843963265419
  view-data: 3.5787171237170696
