times:
  edit-metadata: 1.6850513871759176
  landing: 0.020603112876415253
  view-data: 0.16067611053586006
