times:
  edit-metadata: 1.3661299347877502
  landing: 0.18509271834045649
  view-data: 0.12350183445960283
