times:
  edit-metadata: 0.57146234693937
  landing: 0.05577169300522655
  view-data: 0.23260385589674115
