times:
  edit-metadata: 1.5332160331308842
  landing: 0.8558604381978512
  view-data: 3.4308628626167774
