times:
  edit-metadata: 0.5532483709976077
  landing: 0.055048444075509906
  view-data: 0.23510837298817933
