times:
  edit-metadata: 0.47975495806895196
  landing: 0.04849801096133888
  view-data: 0.530982225202024
