times:
  edit-metadata: 1.5211434997618198
  landing: 0.7766340374946594
  view-data: 3.4438713882118464
