times:
  edit-metadata: 0.6027100110077299
  landing: 0.04781925200950354
  view-data: 0.247993013006635
