times:
  edit-metadata: 0.48313211603090167
  landing: 0.0442267800681293
  view-data: 0.4849978000856936
