times:
  edit-metadata: 1.4930799454450607
  landing: 0.022842423990368843
  view-data: 0.1254457477480173
