times:
  edit-metadata: 0.47010171320289373
  landing: 0.04237623093649745
  view-data: 0.5006200675852597
