times:
  edit-metadata: 0.5232114712707698
  landing: 0.06514876103028655
  view-data: 0.2560020009987056
