times:
  edit-metadata: 1.5652176747098565
  landing: 0.9460491240024567
  view-data: 3.3704352248460054
