times:
  edit-metadata: 1.399836240336299
  landing: 0.01899154670536518
  view-data: 0.9024779396131635
