times:
  edit-metadata: 1.5107857417315245
  landing: 0.8052555471658707
  view-data: 3.3959171641618013
