times:
  edit-metadata: 1.3750890828669071
  landing: 0.02125784195959568
  view-data: 0.7769999708980322
