times:
  edit-metadata: 1.5145205277949572
  landing: 0.8521916959434748
  view-data: 3.393936900421977
