times:
  edit-metadata: 0.5437273810093757
  landing: 0.04794908899930306
  view-data: 0.23270218900870532
