times:
  edit-metadata: 1.85262122284621
  landing: 0.027509402483701706
  view-data: 0.028712903149425983
