times:
  edit-metadata: 1.4327632412314415
  landing: 0.8881403282284737
  view-data: 3.3129027485847473
