times:
  edit-metadata: 0.46461340319365263
  landing: 0.040685911662876606
  view-data: 0.5150217181071639
