times:
  edit-metadata: 1.4734799768775702
  landing: 0.019512763246893883
  view-data: 1.081709174439311
