times:
  edit-metadata: 0.5930446740239859
  landing: 0.043830912094563246
  view-data: 0.556041972944513
