times:
  edit-metadata: 0.4804275780916214
  landing: 0.044330278877168894
  view-data: 0.5216273139230907
