times:
  edit-metadata: 1.4000940527766943
  landing: 0.02004143036901951
  view-data: 0.11818664334714413
