times:
  edit-metadata: 0.5468694451265037
  landing: 0.05513307498767972
  view-data: 0.2523159561678767
