times:
  edit-metadata: 0.4601966878399253
  landing: 0.05565279396250844
  view-data: 0.5216522803530097
