times:
  edit-metadata: 1.3461305554956198
  landing: 0.020466282963752747
  view-data: 0.026202510111033916
