times:
  edit-metadata: 1.3589893756434321
  landing: 0.9060558462515473
  view-data: 3.370397445745766
