times:
  edit-metadata: 1.4129078537225723
  landing: 0.894519742578268
  view-data: 3.3612949438393116
