times:
  edit-metadata: 1.3866681586951017
  landing: 0.19566495902836323
  view-data: 0.10257729515433311
