times:
  edit-metadata: 1.462400522083044
  landing: 0.2224566601216793
  view-data: 0.7914615925401449
