times:
  edit-metadata: 1.3900592271238565
  landing: 0.021231938153505325
  view-data: 0.026305513456463814
