times:
  edit-metadata: 1.3636003071442246
  landing: 0.021168974228203297
  view-data: 0.8573310691863298
