times:
  edit-metadata: 0.5468009992036968
  landing: 0.05776275903917849
  view-data: 0.25212809606455266
