times:
  edit-metadata: 1.515033159404993
  landing: 0.9351523816585541
  view-data: 3.3399087470024824
