times:
  edit-metadata: 1.5314804511144757
  landing: 0.8152574570849538
  view-data: 0.5281557086855173
