times:
  edit-metadata: 0.46206498984247446
  landing: 0.045360170770436525
  view-data: 0.4978426559828222
