times:
  edit-metadata: 1.368931958451867
  landing: 0.02371743507683277
  view-data: 0.027765119448304176
