times:
  edit-metadata: 1.5232875850051641
  landing: 0.7615142557770014
  view-data: 3.4045069999992847
