times:
  edit-metadata: 0.5604655956849456
  landing: 0.05344823095947504
  view-data: 0.23955636797472835
