times:
  edit-metadata: 0.5130820609629154
  landing: 0.08362585795111954
  view-data: 0.26557480497285724
