times:
  edit-metadata: 1.4389882646501064
  landing: 0.9670613445341587
  view-data: 3.3299071677029133
