times:
  edit-metadata: 1.419908112846315
  landing: 0.9067368907853961
  view-data: 3.358305404894054
