times:
  edit-metadata: 0.46795789897441864
  landing: 0.05095704086124897
  view-data: 0.512468877248466
