times:
  edit-metadata: 1.8822416458278894
  landing: 0.2692240606993437
  view-data: 0.8739708960056305
