times:
  edit-metadata: 0.4592763097025454
  landing: 0.04515980603173375
  view-data: 0.5411395118571818
