times:
  edit-metadata: 2.576250944286585
  landing: 1.0537235774099827
  view-data: 3.4167900644242764
