times:
  edit-metadata: 0.512188897933811
  landing: 0.0449534438084811
  view-data: 0.2353211420122534
