times:
  edit-metadata: 0.6952318847179413
  landing: 0.06860561901703477
  view-data: 0.21698982268571854
