times:
  edit-metadata: 1.4017765615135431
  landing: 0.02177618443965912
  view-data: 0.7439510989934206
