times:
  edit-metadata: 0.414947803132236
  landing: 0.04497962701134384
  view-data: 0.4385829330421984
