times:
  edit-metadata: 1.3783939331769943
  landing: 0.8152780272066593
  view-data: 3.3441205732524395
