times:
  edit-metadata: 1.6995668597519398
  landing: 0.9259331002831459
  view-data: 3.4622883275151253
