times:
  edit-metadata: 0.4861787408590317
  landing: 0.058145265094935894
  view-data: 0.5370385069400072
