times:
  edit-metadata: 1.5770794693380594
  landing: 0.20133568905293941
  view-data: 0.8477496337145567
