times:
  edit-metadata: 1.5253134705126286
  landing: 0.27508104406297207
  view-data: 0.024958057329058647
