times:
  edit-metadata: 1.351231163367629
  landing: 0.021583019755780697
  view-data: 0.12331483419984579
