times:
  edit-metadata: 1.4028657898306847
  landing: 0.20805014856159687
  view-data: 0.8329517673701048
