times:
  edit-metadata: 0.5511097990674898
  landing: 0.04808546998538077
  view-data: 0.23862535902298987
