times:
  edit-metadata: 1.588516928255558
  landing: 0.9690924920141697
  view-data: 3.4713237043470144
