times:
  edit-metadata: 1.5035008657723665
  landing: 0.02366797998547554
  view-data: 0.7704383097589016
