times:
  edit-metadata: 1.5152921788394451
  landing: 0.9624191932380199
  view-data: 3.367717429995537
