times:
  edit-metadata: 1.4669556487351656
  landing: 0.2206163927912712
  view-data: 0.7474884036928415
