times:
  edit-metadata: 0.5785609818994999
  landing: 0.05944138881750405
  view-data: 0.2572094982024282
