times:
  edit-metadata: 1.5521322712302208
  landing: 0.021414196118712425
  view-data: 1.0106037557125092
