times:
  edit-metadata: 0.5770673439837992
  landing: 0.05507135298103094
  view-data: 0.24358916201163083
