times:
  edit-metadata: 1.4889681772328913
  landing: 1.2919515878893435
  view-data: 3.3692320897243917
