times:
  edit-metadata: 1.7257505357265472
  landing: 1.0520854108035564
  view-data: 3.3668928928673267
