times:
  edit-metadata: 1.4418271221220493
  landing: 0.13760522194206715
  view-data: 0.13482166081666946
