times:
  edit-metadata: 1.6217453922145069
  landing: 1.0214120652526617
  view-data: 3.3902624282054603
