times:
  edit-metadata: 1.37668348941952
  landing: 0.020016629248857498
  view-data: 0.8659847509115934
