times:
  edit-metadata: 1.26179216906894
  landing: 0.9304051679791883
  view-data: 3.3118391280295327
