times:
  edit-metadata: 1.4769356157630682
  landing: 1.0625392301008105
  view-data: 3.3686435036361217
