times:
  edit-metadata: 1.5854849740862846
  landing: 0.018862919881939888
  view-data: 0.9264670126140118
