times:
  edit-metadata: 1.7290366403758526
  landing: 1.1814128682017326
  view-data: 3.3677711337804794
