times:
  edit-metadata: 1.856776313856244
  landing: 1.0038657281547785
  view-data: 3.3076198287308216
