times:
  edit-metadata: 1.5075088031589985
  landing: 0.9624755941331387
  view-data: 3.393050752580166
