times:
  edit-metadata: 0.4461410278454423
  landing: 0.042928548995405436
  view-data: 0.5545031419023871
