times:
  edit-metadata: 1.4223407227545977
  landing: 0.8707751072943211
  view-data: 3.3870340939611197
