times:
  edit-metadata: 1.4002388678491116
  landing: 0.8251456539146602
  view-data: 0.7099924441426992
