times:
  edit-metadata: 0.4593469062820077
  landing: 0.054021223448216915
  view-data: 0.8447163579985499
