times:
  edit-metadata: 0.474173367023468
  landing: 0.041440682020038366
  view-data: 0.5198995801620185
