times:
  edit-metadata: 1.5261300653219223
  landing: 0.7777538523077965
  view-data: 3.4155118837952614
