times:
  edit-metadata: 0.5293164209870156
  landing: 0.0649834549985826
  view-data: 0.24461563199292868
