times:
  edit-metadata: 1.756146863102913
  landing: 0.8172292150557041
  view-data: 3.2592290714383125
