times:
  edit-metadata: 1.4624992357566953
  landing: 0.9015963254496455
  view-data: 3.43283496145159
