times:
  edit-metadata: 1.5031955493614078
  landing: 0.8396633435040712
  view-data: 3.3507508113980293
