times:
  edit-metadata: 0.5717476601712406
  landing: 0.056369944009929895
  view-data: 0.21321812318637967
