times:
  edit-metadata: 1.5975369028747082
  landing: 0.05229083448648453
  view-data: 0.1454664282500744
