times:
  edit-metadata: 1.7240849453955889
  landing: 0.9613296836614609
  view-data: 3.3382614478468895
