times:
  edit-metadata: 1.4300641566514969
  landing: 0.8122561406344175
  view-data: 3.4107071878388524
