times:
  edit-metadata: 0.4927574903704226
  landing: 0.04075004905462265
  view-data: 0.5645710998214781
