times:
  edit-metadata: 1.8072525383904576
  landing: 0.28325669653713703
  view-data: 1.1713577955961227
