times:
  edit-metadata: 1.4702456761151552
  landing: 0.7724243439733982
  view-data: 3.367743294686079
