times:
  edit-metadata: 1.5490668173879385
  landing: 0.020427033305168152
  view-data: 0.31738078221678734
