times:
  edit-metadata: 1.4524189159274101
  landing: 1.0162949338555336
  view-data: 3.3452649414539337
