times:
  edit-metadata: 1.5685187480412424
  landing: 0.9481326169334352
  view-data: 3.3454942600801587
