times:
  edit-metadata: 0.3934152510482818
  landing: 0.05176944099366665
  view-data: 0.5040196119807661
