times:
  edit-metadata: 0.5719319319468923
  landing: 0.05551560904132202
  view-data: 0.26008447201456875
