times:
  edit-metadata: 1.4935958050191402
  landing: 0.1541094034910202
  view-data: 0.805805766955018
