times:
  edit-metadata: 1.4007916869595647
  landing: 0.020518865436315536
  view-data: 0.028199579566717148
