times:
  edit-metadata: 1.3926172675564885
  landing: 0.021164070814847946
  view-data: 0.9150183023884892
