times:
  edit-metadata: 0.480942246504128
  landing: 0.04653565771877766
  view-data: 0.546006933785975
