times:
  edit-metadata: 0.5934137059375644
  landing: 0.04904832399915904
  view-data: 0.2525659460807219
