times:
  edit-metadata: 1.4762024972587824
  landing: 0.018030812963843346
  view-data: 0.02329643815755844
