times:
  edit-metadata: 1.5330689921975136
  landing: 0.24771146848797798
  view-data: 0.02410246431827545
