times:
  edit-metadata: 1.4293415520805866
  landing: 0.7866863801609725
  view-data: 3.3397056909743696
