times:
  edit-metadata: 1.43130056373775
  landing: 0.88925358094275
  view-data: 3.3499188628047705
