times:
  edit-metadata: 0.7202344541437924
  landing: 0.11993774306029081
  view-data: 0.39886773796752095
