times:
  edit-metadata: 0.47331384220160544
  landing: 0.04696359997615218
  view-data: 0.47233511600643396
