times:
  edit-metadata: 3.8016774225980043
  landing: 1.3688692227005959
  view-data: 3.6764807756990194
