times:
  edit-metadata: 1.3517430452629924
  landing: 0.021704609505832195
  view-data: 0.1256582997739315
