times:
  edit-metadata: 0.544055107049644
  landing: 0.05798633396625519
  view-data: 0.3403515759855509
