times:
  edit-metadata: 1.610398955643177
  landing: 0.1512421928346157
  view-data: 0.9713297318667173
