times:
  edit-metadata: 0.3997702249325812
  landing: 0.049267105059698224
  view-data: 0.4301387460436672
