times:
  edit-metadata: 0.5836689379648305
  landing: 0.06940827501239255
  view-data: 0.2360723390011117
