times:
  edit-metadata: 2.489601466804743
  landing: 0.26349489390850067
  view-data: 0.8648405633866787
