times:
  edit-metadata: 1.3315564319491386
  landing: 0.021541261114180088
  view-data: 0.10285227093845606
