times:
  edit-metadata: 1.595025185495615
  landing: 1.086820900440216
  view-data: 3.406403049826622
