times:
  edit-metadata: 1.5949554182589054
  landing: 0.8823386617004871
  view-data: 3.3720930255949497
