times:
  edit-metadata: 1.4456514455378056
  landing: 0.24519294872879982
  view-data: 0.15038828365504742
