times:
  edit-metadata: 0.5923418800812215
  landing: 0.05518663104157895
  view-data: 0.2311769489897415
