times:
  edit-metadata: 1.3359417337924242
  landing: 0.02206994593143463
  view-data: 0.12400416657328606
