times:
  edit-metadata: 1.538486547768116
  landing: 0.9270945712924004
  view-data: 3.3956376872956753
