times:
  edit-metadata: 0.5459289168938994
  landing: 0.05612659128382802
  view-data: 0.34897821210324764
