times:
  edit-metadata: 1.4561361521482468
  landing: 0.8338519991375506
  view-data: 3.3463473781012
