times:
  edit-metadata: 0.46284122206270695
  landing: 0.03667777171358466
  view-data: 0.5206739259883761
