times:
  edit-metadata: 1.5048088040202856
  landing: 0.8349437154829502
  view-data: 0.5710772313177586
