times:
  edit-metadata: 1.7443273402750492
  landing: 0.7554253600537777
  view-data: 4.399996098130941
