times:
  edit-metadata: 1.346302510239184
  landing: 0.02128578256815672
  view-data: 0.03015600610524416
