times:
  edit-metadata: 1.7587868720293045
  landing: 0.021412908099591732
  view-data: 0.031111341901123524
