times:
  edit-metadata: 1.4229045677930117
  landing: 0.8899953090585768
  view-data: 3.379771969281137
