times:
  edit-metadata: 1.4021972212940454
  landing: 0.18333092518150806
  view-data: 0.2749018780887127
