times:
  edit-metadata: 1.361993933096528
  landing: 0.0215747132897377
  view-data: 0.8422542456537485
