times:
  edit-metadata: 0.4606747841462493
  landing: 0.0531151220202446
  view-data: 0.5207274230197072
