times:
  edit-metadata: 0.6816861069964943
  landing: 0.05691476400534157
  view-data: 0.34186301800218644
