times:
  edit-metadata: 0.48521165596321225
  landing: 0.04948083497583866
  view-data: 0.5725106219761074
