times:
  edit-metadata: 1.352471866644919
  landing: 0.020672257989645004
  view-data: 0.023800008930265903
