times:
  edit-metadata: 1.4467244856059551
  landing: 0.02447763830423355
  view-data: 0.028130685910582542
