times:
  edit-metadata: 0.45996346697211266
  landing: 0.042066665366292
  view-data: 0.5040643350221217
