times:
  edit-metadata: 0.5102297241101041
  landing: 0.058272446040064096
  view-data: 0.21903539390768856
