times:
  edit-metadata: 0.4699225937947631
  landing: 0.04889413807541132
  view-data: 0.49233876122161746
