times:
  edit-metadata: 0.5309142320184037
  landing: 0.05494172795442864
  view-data: 0.2407246539951302
