times:
  edit-metadata: 1.4507706426084042
  landing: 0.02149675413966179
  view-data: 0.7640512622892857
