times:
  edit-metadata: 1.329687182791531
  landing: 0.0218270905315876
  view-data: 0.025440899655222893
