times:
  edit-metadata: 3.3277895636856556
  landing: 1.3069866597652435
  view-data: 3.587129522114992
