times:
  edit-metadata: 1.549210961908102
  landing: 0.8862849846482277
  view-data: 3.423506982624531
