times:
  edit-metadata: 1.4505653288215399
  landing: 0.022540188394486904
  view-data: 0.1355464542284608
