times:
  edit-metadata: 1.5281121134757996
  landing: 1.3802442774176598
  view-data: 3.3529345244169235
