times:
  edit-metadata: 1.4806407140567899
  landing: 0.790610060095787
  view-data: 3.3405888420529664
