times:
  edit-metadata: 1.3869479140266776
  landing: 0.1816111346706748
  view-data: 0.027213566936552525
