times:
  edit-metadata: 1.484581433236599
  landing: 0.7406461145728827
  view-data: 3.5192791000008583
