times:
  edit-metadata: 1.4201813414692879
  landing: 0.8826518394052982
  view-data: 3.3501585759222507
