times:
  edit-metadata: 1.3612507246434689
  landing: 0.020650182850658894
  view-data: 0.02734642941504717
