times:
  edit-metadata: 1.3501506121829152
  landing: 0.8225823729299009
  view-data: 0.5967425634153187
