times:
  edit-metadata: 1.383393338881433
  landing: 0.8223062697798014
  view-data: 3.394333160482347
