times:
  edit-metadata: 2.666086867451668
  landing: 1.0498678125441074
  view-data: 3.6073936969041824
