times:
  edit-metadata: 0.5133718459983356
  landing: 0.052475285003311
  view-data: 0.2258469460066408
