times:
  edit-metadata: 1.5248573645949364
  landing: 0.8198827374726534
  view-data: 3.390520628541708
