times:
  edit-metadata: 0.4135962249711156
  landing: 0.05582724395208061
  view-data: 0.4297828869894147
