times:
  edit-metadata: 1.408106372691691
  landing: 0.020752287469804287
  view-data: 0.8913214318454266
