times:
  edit-metadata: 1.470345202833414
  landing: 0.9453623769804835
  view-data: 3.4276121547445655
