times:
  edit-metadata: 1.5839632789138705
  landing: 0.8306650910526514
  view-data: 0.7644566639792174
