times:
  edit-metadata: 2.0656276680529118
  landing: 1.3575871735811234
  view-data: 3.999634925276041
