times:
  edit-metadata: 1.485070839524269
  landing: 0.02241225726902485
  view-data: 0.025671645998954773
