times:
  edit-metadata: 1.286507285083644
  landing: 0.8027643270324916
  view-data: 0.5452941479161382
