times:
  edit-metadata: 1.4199852291494608
  landing: 0.022340874187648296
  view-data: 0.02699131891131401
