times:
  edit-metadata: 0.4905831776559353
  landing: 0.04380107391625643
  view-data: 0.5056198760867119
