times:
  edit-metadata: 1.492955083027482
  landing: 0.6986840553581715
  view-data: 3.474651772528887
