times:
  edit-metadata: 0.4565558370668441
  landing: 0.07495972095057368
  view-data: 0.4523516888730228
