times:
  edit-metadata: 1.5132289826869965
  landing: 0.9612081497907639
  view-data: 3.3897088542580605
