times:
  edit-metadata: 0.5172330749919638
  landing: 0.0661725039826706
  view-data: 0.23657945508603007
