times:
  edit-metadata: 1.329179598018527
  landing: 0.11717251781374216
  view-data: 0.12388399615883827
