times:
  edit-metadata: 0.5081820301711559
  landing: 0.06293429993093014
  view-data: 0.23728910693898797
