times:
  edit-metadata: 0.4667022288776934
  landing: 0.046592351980507374
  view-data: 0.48234141524881124
