times:
  edit-metadata: 1.3289544358849525
  landing: 0.16519054770469666
  view-data: 0.14663535449653864
