times:
  edit-metadata: 0.48174927569925785
  landing: 0.04599671997129917
  view-data: 0.5227982481010258
