times:
  edit-metadata: 0.558155468897894
  landing: 0.05015384289436042
  view-data: 0.2540652349125594
