times:
  edit-metadata: 1.5388972572982311
  landing: 0.8775976784527302
  view-data: 3.3912608325481415
