times:
  edit-metadata: 1.3481635805219412
  landing: 0.020364570431411266
  view-data: 0.17337518371641636
