times:
  edit-metadata: 0.5693805790506303
  landing: 0.05395623703952879
  view-data: 0.2231183749390766
