times:
  edit-metadata: 1.4663082882761955
  landing: 0.8519514501094818
  view-data: 3.3137101233005524
