times:
  edit-metadata: 1.5447213890729472
  landing: 1.0681502319639549
  view-data: 3.5022964739473537
