times:
  edit-metadata: 2.1548572201281786
  landing: 1.1158509561792016
  view-data: 3.382311454974115
