times:
  edit-metadata: 2.0160945933312178
  landing: 1.3886941596865654
  view-data: 3.3684736136347055
