times:
  edit-metadata: 0.4884361829608679
  landing: 0.04367644991725683
  view-data: 0.5138125009834766
