times:
  edit-metadata: 1.8583455495536327
  landing: 0.01953791081905365
  view-data: 0.11355306021869183
