times:
  edit-metadata: 1.4708596989512444
  landing: 0.02306031435728073
  view-data: 0.023830773308873177
