times:
  edit-metadata: 1.4075534231960773
  landing: 0.9240722134709358
  view-data: 3.355100102722645
