times:
  edit-metadata: 1.5135249220766127
  landing: 0.8824123279191554
  view-data: 3.3153489376418293
