times:
  edit-metadata: 0.581590699031949
  landing: 0.0678371787071228
  view-data: 0.2624703412875533
