times:
  edit-metadata: 0.4869522089138627
  landing: 0.0472667571157217
  view-data: 0.5313277961686254
