times:
  edit-metadata: 1.7510755024850368
  landing: 1.0947394967079163
  view-data: 3.493281953036785
