times:
  edit-metadata: 1.4408909622579813
  landing: 0.13747035712003708
  view-data: 0.9698065035045147
