times:
  edit-metadata: 1.4640399254858494
  landing: 0.7600193060934544
  view-data: 3.3140369169414043
