times:
  edit-metadata: 0.5487992689013481
  landing: 0.05154746293555945
  view-data: 0.24548091599717736
