times:
  edit-metadata: 0.5809455869020894
  landing: 0.05569645995274186
  view-data: 0.22518277098424733
