times:
  edit-metadata: 1.4922873377799988
  landing: 0.7681264877319336
  view-data: 3.3438252955675125
