times:
  edit-metadata: 1.6025604251772165
  landing: 0.29250294901430607
  view-data: 0.8726365845650434
