times:
  edit-metadata: 1.5663385894149542
  landing: 0.8394574802368879
  view-data: 3.4027359317988157
