times:
  edit-metadata: 1.9445651732385159
  landing: 0.3263303358107805
  view-data: 1.2215812243521214
