times:
  edit-metadata: 1.4033665135502815
  landing: 0.9264081418514252
  view-data: 3.3607748076319695
