times:
  edit-metadata: 1.3679021149873734
  landing: 0.02346820291131735
  view-data: 0.026414345018565655
