times:
  edit-metadata: 0.4898553788661957
  landing: 0.04330831067636609
  view-data: 0.5071149519644678
