times:
  edit-metadata: 0.4067964181303978
  landing: 0.04308982798829675
  view-data: 0.20004923618398607
