times:
  edit-metadata: 1.5634357668459415
  landing: 0.9297278858721256
  view-data: 3.407062865793705
