times:
  edit-metadata: 1.3339842213317752
  landing: 0.20906963385641575
  view-data: 0.22505260910838842
