times:
  edit-metadata: 1.4466683119535446
  landing: 0.9984353166073561
  view-data: 3.3314097933471203
