times:
  edit-metadata: 1.344839382916689
  landing: 0.022556954994797707
  view-data: 0.11844532936811447
