times:
  edit-metadata: 1.489344447851181
  landing: 0.7648402955383062
  view-data: 3.3595175575464964
