times:
  edit-metadata: 1.4406383279711008
  landing: 0.23832120932638645
  view-data: 0.12071604374796152
