times:
  edit-metadata: 0.5615374902263284
  landing: 0.05888765957206488
  view-data: 0.258192827925086
