times:
  edit-metadata: 0.47185288602486253
  landing: 0.08228470222093165
  view-data: 0.6453907189425081
