times:
  edit-metadata: 1.500736452639103
  landing: 0.8040849324315786
  view-data: 3.301137115806341
