times:
  edit-metadata: 1.5853603780269623
  landing: 1.0054288227111101
  view-data: 3.469763845205307
