times:
  edit-metadata: 1.3685130821540952
  landing: 0.021890437230467796
  view-data: 0.8195292893797159
