times:
  edit-metadata: 0.6347305350936949
  landing: 0.08905128785409033
  view-data: 0.29888202901929617
