times:
  edit-metadata: 1.6278441101312637
  landing: 1.002670019865036
  view-data: 3.350468598306179
