times:
  edit-metadata: 1.3417456606402993
  landing: 0.02087586186826229
  view-data: 0.027195323258638382
