times:
  edit-metadata: 1.5633124485611916
  landing: 0.8414327837526798
  view-data: 3.367280777543783
