times:
  edit-metadata: 0.4728076420724392
  landing: 0.040813944302499294
  view-data: 0.5310863060876727
