times:
  edit-metadata: 1.524646319448948
  landing: 0.2783891148865223
  view-data: 0.9214798975735903
