times:
  edit-metadata: 1.388236310100183
  landing: 1.018630866194144
  view-data: 3.280373616144061
