times:
  edit-metadata: 1.5633646193891764
  landing: 0.22755561210215092
  view-data: 0.8520251046866179
