times:
  edit-metadata: 0.5704197420272976
  landing: 0.07173824892379344
  view-data: 0.66715820110403
