times:
  edit-metadata: 0.43738080305047333
  landing: 0.06703086197376251
  view-data: 0.5280962178949267
