times:
  edit-metadata: 1.4103166498243809
  landing: 0.9774921014904976
  view-data: 3.384099967777729
