times:
  edit-metadata: 0.4796295501291752
  landing: 0.04422354092821479
  view-data: 0.54851731704548
