times:
  edit-metadata: 1.3643218018114567
  landing: 0.019870471209287643
  view-data: 0.12014577072113752
