times:
  edit-metadata: 1.3674697568640113
  landing: 1.3138546263799071
  view-data: 3.3858537124469876
