times:
  edit-metadata: 2.280311394482851
  landing: 1.1850866414606571
  view-data: 3.492742534726858
