times:
  edit-metadata: 1.6381314815953374
  landing: 1.0230084573850036
  view-data: 3.5116685293614864
