times:
  edit-metadata: 0.41345822298899293
  landing: 0.045200858963653445
  view-data: 0.5122283000964671
