times:
  edit-metadata: 0.48278582794591784
  landing: 0.04775204788893461
  view-data: 0.4907946102321148
