times:
  edit-metadata: 1.5293804742395878
  landing: 0.8467695917934179
  view-data: 3.4223962146788836
