times:
  edit-metadata: 0.5344250359921716
  landing: 0.08453881600871682
  view-data: 0.3629168759798631
