times:
  edit-metadata: 0.4563474361784756
  landing: 0.04866936104372144
  view-data: 0.5182544384151697
