times:
  edit-metadata: 0.47388655971735716
  landing: 0.04966123681515455
  view-data: 0.5132959093898535
