times:
  edit-metadata: 1.3530168272554874
  landing: 0.12824830505996943
  view-data: 0.028367649763822556
