times:
  edit-metadata: 0.47221555886790156
  landing: 0.04695603810250759
  view-data: 0.4931603861041367
