times:
  edit-metadata: 1.5212291665375233
  landing: 0.8581529445946217
  view-data: 3.4561711102724075
