times:
  edit-metadata: 1.3190308171324432
  landing: 0.7188316120300442
  view-data: 3.2978043139446527
