times:
  edit-metadata: 1.5056192837655544
  landing: 0.8519632779061794
  view-data: 3.3131385147571564
