times:
  edit-metadata: 1.49100586399436
  landing: 1.0454584993422031
  view-data: 3.4700703993439674
