times:
  edit-metadata: 0.459013604093343
  landing: 0.03974389471113682
  view-data: 0.5294935400597751
