times:
  edit-metadata: 0.4593723127618432
  landing: 0.05238975724205375
  view-data: 0.5101278540678322
