times:
  edit-metadata: 1.4278900735080242
  landing: 0.023142199032008648
  view-data: 0.12837254256010056
