times:
  edit-metadata: 0.5424019258935004
  landing: 0.05369225121103227
  view-data: 0.23304038401693106
