times:
  edit-metadata: 1.4261479834094644
  landing: 0.8643598789349198
  view-data: 3.3439174899831414
