times:
  edit-metadata: 0.4817108940333128
  landing: 0.04229465592652559
  view-data: 0.5133635392412543
