times:
  edit-metadata: 0.5211707181297243
  landing: 0.0520499967969954
  view-data: 0.5642190999351442
