times:
  edit-metadata: 0.4602023661136627
  landing: 0.05576842371374369
  view-data: 0.5257270969450474
