times:
  edit-metadata: 1.4949030987918377
  landing: 0.7686791140586138
  view-data: 3.3628825955092907
