times:
  edit-metadata: 1.4300024528056383
  landing: 0.13759922981262207
  view-data: 0.9573126770555973
