times:
  edit-metadata: 1.5325228909496218
  landing: 0.8150593570899218
  view-data: 3.32012883387506
