times:
  edit-metadata: 2.296224291436374
  landing: 0.30401229951530695
  view-data: 1.474476508796215
