times:
  edit-metadata: 1.967528723180294
  landing: 1.329445406794548
  view-data: 3.447031993418932
