times:
  edit-metadata: 1.5281266253441572
  landing: 1.1474135052412748
  view-data: 3.297317063435912
