times:
  edit-metadata: 1.5442211665213108
  landing: 0.9176588281989098
  view-data: 3.3640198819339275
