times:
  edit-metadata: 1.3296635709702969
  landing: 0.02155912760645151
  view-data: 0.02635145653039217
