times:
  edit-metadata: 1.4640636411495507
  landing: 0.8693829248659313
  view-data: 3.46090822503902
