times:
  edit-metadata: 1.3446025510784239
  landing: 0.8056077919900417
  view-data: 3.3678080458194017
