times:
  edit-metadata: 1.3710814332589507
  landing: 0.021069335751235485
  view-data: 0.026443920098245144
