times:
  edit-metadata: 0.4613604201003909
  landing: 0.052935581654310226
  view-data: 0.5555611252784729
