times:
  edit-metadata: 1.3560115806758404
  landing: 0.021977009251713753
  view-data: 0.12619087472558022
