times:
  edit-metadata: 0.5627803509123623
  landing: 0.0636787568219006
  view-data: 0.25094928010366857
