times:
  edit-metadata: 1.3876217510551214
  landing: 0.2225583028048277
  view-data: 0.024092528969049454
