times:
  edit-metadata: 1.3722509043291211
  landing: 0.13193506374955177
  view-data: 0.026304397732019424
