times:
  edit-metadata: 1.3845937056466937
  landing: 0.020941080525517464
  view-data: 0.1244486104696989
