times:
  edit-metadata: 1.546555133536458
  landing: 0.7967445645481348
  view-data: 3.4500240553170443
