times:
  edit-metadata: 1.8408327884972095
  landing: 1.1412227042019367
  view-data: 3.368008140474558
