times:
  edit-metadata: 1.3248080546036363
  landing: 0.020487766712903976
  view-data: 0.02594751864671707
