times:
  edit-metadata: 1.4662287384271622
  landing: 0.21555149741470814
  view-data: 0.21784713491797447
