times:
  edit-metadata: 1.420352236367762
  landing: 0.02010558918118477
  view-data: 0.989331996999681
