times:
  edit-metadata: 0.5512120280181989
  landing: 0.05408426595386118
  view-data: 0.34858278604224324
