times:
  edit-metadata: 0.4572019916959107
  landing: 0.04543940210714936
  view-data: 0.5090672639198601
