times:
  edit-metadata: 1.695521004498005
  landing: 0.7298862002789974
  view-data: 3.3598852083086967
