times:
  edit-metadata: 1.3898997195065022
  landing: 0.8101491928100586
  view-data: 3.316638071089983
