times:
  edit-metadata: 1.4532350804656744
  landing: 0.024489084258675575
  view-data: 0.7972506619989872
