times:
  edit-metadata: 0.4785823221318424
  landing: 0.04061180306598544
  view-data: 0.48543583089485765
