times:
  edit-metadata: 1.5670144259929657
  landing: 0.9382317364215851
  view-data: 3.3092457056045532
