times:
  edit-metadata: 1.525441713631153
  landing: 0.9718362726271152
  view-data: 3.4188711531460285
