times:
  edit-metadata: 1.4033758118748665
  landing: 0.9262033738195896
  view-data: 3.3193940706551075
