times:
  edit-metadata: 1.4761668592691422
  landing: 0.9313459917902946
  view-data: 3.337263837456703
