times:
  edit-metadata: 1.5249158553779125
  landing: 5.221207685768604
  view-data: 3.3422452360391617
