times:
  edit-metadata: 1.4669384229928255
  landing: 0.14081766828894615
  view-data: 0.7803310360759497
