times:
  edit-metadata: 1.505515270982869
  landing: 0.8377962689846754
  view-data: 3.442512741894461
