times:
  edit-metadata: 0.414861008990556
  landing: 0.07521374383941293
  view-data: 0.5217577901203185
