times:
  edit-metadata: 1.9310276992619038
  landing: 1.573635209351778
  view-data: 3.44180329144001
