times:
  edit-metadata: 1.3507343120872974
  landing: 0.021520473062992096
  view-data: 0.024075862020254135
