times:
  edit-metadata: 1.4127295960206538
  landing: 0.809203176992014
  view-data: 3.3568193649407476
