times:
  edit-metadata: 1.4661558270454407
  landing: 0.9012685790657997
  view-data: 3.4239285327494144
