times:
  edit-metadata: 4.945938963443041
  landing: 3.1391225457191467
  view-data: 4.70239182934165
