times:
  edit-metadata: 0.4590736785903573
  landing: 0.04402863187715411
  view-data: 0.5083754193037748
