times:
  edit-metadata: 1.4158512875437737
  landing: 1.3116826377809048
  view-data: 3.362683931365609
