times:
  edit-metadata: 1.3553765136748552
  landing: 0.019804478622972965
  view-data: 0.8434273861348629
