times:
  edit-metadata: 0.5342386059928685
  landing: 0.0636963970027864
  view-data: 0.3582887960365042
