times:
  edit-metadata: 1.425293669104576
  landing: 1.009632334113121
  view-data: 3.3695494048297405
