times:
  edit-metadata: 1.5000317357480526
  landing: 0.8165237680077553
  view-data: 3.37770464271307
