times:
  edit-metadata: 1.4473667927086353
  landing: 0.20973117090761662
  view-data: 0.8038395401090384
