times:
  edit-metadata: 1.4210621742531657
  landing: 0.15225796401500702
  view-data: 0.8930089259520173
