times:
  edit-metadata: 1.5970201399177313
  landing: 0.1282942295074463
  view-data: 0.9808357395231724
