times:
  edit-metadata: 1.984099380671978
  landing: 1.2889033928513527
  view-data: 3.3276334330439568
