times:
  edit-metadata: 1.5263157580047846
  landing: 0.7944848630577326
  view-data: 3.336420113220811
