times:
  edit-metadata: 1.430382639169693
  landing: 0.20035087689757347
  view-data: 0.13098522275686264
