times:
  edit-metadata: 1.4290545415133238
  landing: 0.8712155502289534
  view-data: 3.374121716246009
