times:
  edit-metadata: 1.3753637075424194
  landing: 0.019572156481444836
  view-data: 0.12116146180778742
