times:
  edit-metadata: 0.5841445405967534
  landing: 0.045122128911316395
  view-data: 0.2576384823769331
