times:
  edit-metadata: 1.3559372369199991
  landing: 0.021303338930010796
  view-data: 0.02472086437046528
