times:
  edit-metadata: 1.5581554509699345
  landing: 0.9705837778747082
  view-data: 3.3943005576729774
