times:
  edit-metadata: 2.1142547838389874
  landing: 1.3334690369665623
  view-data: 3.4702202193439007
