times:
  edit-metadata: 1.6688594613224268
  landing: 0.8883966337889433
  view-data: 3.355356091633439
