times:
  edit-metadata: 0.4203621670603752
  landing: 0.050465057138353586
  view-data: 0.4417634019628167
