times:
  edit-metadata: 1.49895678460598
  landing: 0.8393122497946024
  view-data: 3.432120418176055
