times:
  edit-metadata: 0.5997476605698466
  landing: 0.07336584012955427
  view-data: 0.3078722059726715
