times:
  edit-metadata: 1.384955265559256
  landing: 0.8254305785521865
  view-data: 3.3804354071617126
