times:
  edit-metadata: 1.378303188830614
  landing: 0.8428958281874657
  view-data: 3.297735694795847
