times:
  edit-metadata: 1.5140044149011374
  landing: 0.8256253376603127
  view-data: 3.4169495422393084
