times:
  edit-metadata: 1.3768337219953537
  landing: 0.02287703938782215
  view-data: 0.023831114172935486
