times:
  edit-metadata: 1.4108989052474499
  landing: 0.1334926951676607
  view-data: 0.029873345978558064
