times:
  edit-metadata: 1.6642455579712987
  landing: 0.8895053863525391
  view-data: 3.3500493597239256
