times:
  edit-metadata: 0.4799801353365183
  landing: 0.06789740500971675
  view-data: 0.5594319342635572
