times:
  edit-metadata: 0.515820343978703
  landing: 0.04503737390041351
  view-data: 0.5458690142259002
