times:
  edit-metadata: 0.46755984146147966
  landing: 0.043235003016889095
  view-data: 0.5163743738085032
