times:
  edit-metadata: 0.41921990597620606
  landing: 0.043063282035291195
  view-data: 0.19494926696643233
