times:
  edit-metadata: 1.9022607170045376
  landing: 1.053175449371338
  view-data: 3.3497967161238194
