times:
  edit-metadata: 0.5311858830973506
  landing: 0.04688988300040364
  view-data: 0.24236953293439
