times:
  edit-metadata: 1.400437843054533
  landing: 0.11841381154954433
  view-data: 0.7275586873292923
