times:
  edit-metadata: 0.5946919950656593
  landing: 0.05804125685244799
  view-data: 0.6043150760233402
