times:
  edit-metadata: 0.47209163568913937
  landing: 0.04482559487223625
  view-data: 0.5316904969513416
