times:
  edit-metadata: 1.4433670677244663
  landing: 0.02130557969212532
  view-data: 0.12587720155715942
