times:
  edit-metadata: 1.4082155637443066
  landing: 0.01967861782759428
  view-data: 0.025790139101445675
