times:
  edit-metadata: 1.803973639383912
  landing: 0.9701750203967094
  view-data: 3.3356884457170963
