times:
  edit-metadata: 0.4482994661666453
  landing: 0.04817482316866517
  view-data: 0.5032216729596257
