times:
  edit-metadata: 1.6893225312232971
  landing: 0.890597746707499
  view-data: 3.4244560385122895
