times:
  edit-metadata: 1.498430548235774
  landing: 0.8535260399803519
  view-data: 3.381324772723019
