times:
  edit-metadata: 1.7663498800247908
  landing: 2.113309676758945
  view-data: 3.6943952720612288
