times:
  edit-metadata: 1.3345014033839107
  landing: 0.02019869815558195
  view-data: 0.12250544596463442
