times:
  edit-metadata: 1.366236263886094
  landing: 0.8313793959096074
  view-data: 3.3235381795093417
