times:
  edit-metadata: 2.191629250533879
  landing: 0.27494751289486885
  view-data: 1.2980390479788184
