times:
  edit-metadata: 1.3949432168155909
  landing: 0.8269944079220295
  view-data: 0.629056409932673
