times:
  edit-metadata: 1.3383301636204123
  landing: 0.13559626042842865
  view-data: 0.02729666605591774
