times:
  edit-metadata: 1.5501051172614098
  landing: 0.8153295647352934
  view-data: 3.40273604914546
