times:
  edit-metadata: 1.3962003709748387
  landing: 0.7985151428729296
  view-data: 3.33276055008173
