times:
  edit-metadata: 1.4859923161566257
  landing: 0.8583841007202864
  view-data: 3.4271430298686028
