times:
  edit-metadata: 0.5280179760011379
  landing: 0.06289500999264419
  view-data: 0.2324949320027372
