times:
  edit-metadata: 1.388599487952888
  landing: 0.8733527159783989
  view-data: 3.284676756011322
