times:
  edit-metadata: 1.3313101939857006
  landing: 0.02019768115133047
  view-data: 0.02809255849570036
