times:
  edit-metadata: 1.3817727006971836
  landing: 0.019472599029541016
  view-data: 0.02288930583745241
