times:
  edit-metadata: 1.6252130698412657
  landing: 0.021304823458194733
  view-data: 0.022461513057351112
