times:
  edit-metadata: 1.3896194696426392
  landing: 0.7561978325247765
  view-data: 3.2708502039313316
