times:
  edit-metadata: 1.3602560078725219
  landing: 0.2640903042629361
  view-data: 0.1347077963873744
