times:
  edit-metadata: 0.48083153273910284
  landing: 0.03946099989116192
  view-data: 0.5598187064751983
