times:
  edit-metadata: 1.3656854592263699
  landing: 0.01878994330763817
  view-data: 0.023743072524666786
