times:
  edit-metadata: 0.5259724950883538
  landing: 0.07126634288579226
  view-data: 0.22782850312069058
