times:
  edit-metadata: 0.46798745822161436
  landing: 0.04345968086272478
  view-data: 0.5371409188956022
