times:
  edit-metadata: 1.362257333472371
  landing: 0.16345291584730148
  view-data: 0.1013783747330308
