times:
  edit-metadata: 1.6049513034522533
  landing: 0.7534921262413263
  view-data: 3.412514954805374
