times:
  edit-metadata: 0.45481509109959006
  landing: 0.052547245286405087
  view-data: 0.5007264129817486
