times:
  edit-metadata: 0.5602848309936235
  landing: 0.056796247998136096
  view-data: 0.23733151800115593
