times:
  edit-metadata: 1.3884978983551264
  landing: 0.018424883484840393
  view-data: 0.1013528872281313
