times:
  edit-metadata: 0.5516831719723996
  landing: 0.05651340101030655
  view-data: 0.2651614719943609
