times:
  edit-metadata: 1.3140406273305416
  landing: 0.9951631836593151
  view-data: 3.2877711169421673
