times:
  edit-metadata: 1.4241195376962423
  landing: 0.018755492754280567
  view-data: 0.09838647488504648
