times:
  edit-metadata: 0.5628520649988786
  landing: 0.05643291200249223
  view-data: 0.24638042999868048
