times:
  edit-metadata: 0.4714971873909235
  landing: 0.03925453592091799
  view-data: 0.5135829243808985
