times:
  edit-metadata: 1.4053548378869891
  landing: 0.02271095383912325
  view-data: 0.12377381511032581
