times:
  edit-metadata: 1.3833646550774574
  landing: 0.7958542332053185
  view-data: 3.3684595227241516
