times:
  edit-metadata: 0.5610399954020977
  landing: 0.06795028923079371
  view-data: 0.5021539577282965
