times:
  edit-metadata: 1.6222767629660666
  landing: 0.8899250701069832
  view-data: 0.6560667739249766
