times:
  edit-metadata: 1.5903900004923344
  landing: 0.2928091175854206
  view-data: 0.20533622615039349
