times:
  edit-metadata: 0.5905579260434024
  landing: 0.04574715200578794
  view-data: 0.2402302210102789
