times:
  edit-metadata: 0.4702272657305002
  landing: 0.038184287026524544
  view-data: 0.5158384786918759
