times:
  edit-metadata: 1.5512902475893497
  landing: 0.9345417022705078
  view-data: 3.442001637071371
