times:
  edit-metadata: 0.5195753138978034
  landing: 0.0669117548968643
  view-data: 0.3503716648556292
