times:
  edit-metadata: 1.4002624712884426
  landing: 0.021287494339048862
  view-data: 0.12200106680393219
