times:
  edit-metadata: 0.9227750999853015
  landing: 0.05262131104245782
  view-data: 0.3176262038759887
