times:
  edit-metadata: 1.478019077097997
  landing: 0.9420985248871148
  view-data: 3.4341389508917928
