times:
  edit-metadata: 1.4596964260563254
  landing: 0.886253047734499
  view-data: 3.375615932047367
