times:
  edit-metadata: 2.4168170522898436
  landing: 0.5313901174813509
  view-data: 1.26202941685915
