times:
  edit-metadata: 1.3538828631862998
  landing: 0.02199643664062023
  view-data: 0.027036392129957676
