times:
  edit-metadata: 1.3417833456769586
  landing: 0.02134829666465521
  view-data: 0.12215529568493366
