times:
  edit-metadata: 1.455828219652176
  landing: 0.841539092361927
  view-data: 3.336686834692955
