times:
  edit-metadata: 1.5970652289688587
  landing: 0.8600923772901297
  view-data: 3.4322675578296185
