times:
  edit-metadata: 0.4703037338331342
  landing: 0.040506545919924974
  view-data: 0.532031191047281
