times:
  edit-metadata: 0.48667074413970113
  landing: 0.04610592778772116
  view-data: 0.502699229400605
