times:
  edit-metadata: 0.48219588911160827
  landing: 0.04603771585971117
  view-data: 0.5041958708316088
