times:
  edit-metadata: 1.8090167175978422
  landing: 0.8881437601521611
  view-data: 3.4013520563021302
