times:
  edit-metadata: 1.4235306680202484
  landing: 0.01909710932523012
  view-data: 0.025756138376891613
