times:
  edit-metadata: 0.4588765911757946
  landing: 0.0425640931352973
  view-data: 0.4919125521555543
