times:
  edit-metadata: 1.470270723104477
  landing: 0.8942768052220345
  view-data: 3.474817181006074
