times:
  edit-metadata: 1.5421585738658905
  landing: 0.8171286266297102
  view-data: 3.3777717910706997
