times:
  edit-metadata: 0.4558322597295046
  landing: 0.04591556219384074
  view-data: 0.5092804916203022
