times:
  edit-metadata: 1.5500684473663568
  landing: 0.24557923339307308
  view-data: 0.8584118410944939
