times:
  edit-metadata: 1.4438652079552412
  landing: 0.12648646533489227
  view-data: 0.02977711148560047
