times:
  edit-metadata: 1.5082008317112923
  landing: 0.8299993593245745
  view-data: 3.4778160601854324
