times:
  edit-metadata: 0.5434241639450192
  landing: 0.06841582106426358
  view-data: 0.24787991004996002
