times:
  edit-metadata: 0.5717403469998317
  landing: 0.05180922900035512
  view-data: 0.2497446490006041
