times:
  edit-metadata: 0.47810307797044516
  landing: 0.04857325600460172
  view-data: 0.5392550071701407
