times:
  edit-metadata: 1.5169080551713705
  landing: 0.8089048601686954
  view-data: 3.3997560888528824
