times:
  edit-metadata: 0.45540130976587534
  landing: 0.05130111472681165
  view-data: 0.5669895131140947
