times:
  edit-metadata: 1.5690389536321163
  landing: 0.8772470057010651
  view-data: 3.4140680506825447
