times:
  edit-metadata: 1.3647451139986515
  landing: 5.072367507964373
  view-data: 3.323243082035333
