times:
  edit-metadata: 4.469492604956031
  landing: 1.9546910766512156
  view-data: 3.8410288468003273
