times:
  edit-metadata: 1.4219600148499012
  landing: 0.9373788759112358
  view-data: 3.3830518014729023
