times:
  edit-metadata: 1.4934513103216887
  landing: 0.14486060477793217
  view-data: 0.8113533463329077
