times:
  edit-metadata: 0.4728793711401522
  landing: 0.046538583002984524
  view-data: 0.5219125640578568
