times:
  edit-metadata: 1.6295978110283613
  landing: 0.3523121755570173
  view-data: 0.2946692919358611
