times:
  edit-metadata: 2.001146636903286
  landing: 1.7393762841820717
  view-data: 3.442211676388979
