times:
  edit-metadata: 0.4818140119314194
  landing: 0.040391713846474886
  view-data: 0.5248333523049951
