times:
  edit-metadata: 0.5633381500374526
  landing: 0.04772773396689445
  view-data: 0.23217471700627357
