times:
  edit-metadata: 0.47208218509331346
  landing: 0.04507767688483
  view-data: 0.5126361092552543
