times:
  edit-metadata: 1.6783335581421852
  landing: 1.047601904720068
  view-data: 3.3253950029611588
