times:
  edit-metadata: 0.6038589810486883
  landing: 0.06141303991898894
  view-data: 0.23616003501228988
