times:
  edit-metadata: 0.6823937930166721
  landing: 0.06987825687974691
  view-data: 0.7327053300105035
