times:
  edit-metadata: 0.4600621098652482
  landing: 0.043804554268717766
  view-data: 0.5354555137455463
