times:
  edit-metadata: 0.5932962791994214
  landing: 0.05094703985378146
  view-data: 0.22109000384807587
