times:
  edit-metadata: 1.3856574036180973
  landing: 0.18996082432568073
  view-data: 0.7775689084082842
