times:
  edit-metadata: 0.5700401538051665
  landing: 0.04826431814581156
  view-data: 0.24543092586100101
