times:
  edit-metadata: 1.6735329069197178
  landing: 0.2833005990833044
  view-data: 0.3309569116681814
