times:
  edit-metadata: 0.4372857650741935
  landing: 0.045568757923319936
  view-data: 0.43549882085062563
