times:
  edit-metadata: 1.5714386589825153
  landing: 0.8926674984395504
  view-data: 0.6272230930626392
