times:
  edit-metadata: 1.4132339879870415
  landing: 0.01933964528143406
  view-data: 0.02299836464226246
