times:
  edit-metadata: 0.5204853159375489
  landing: 0.06151720089837909
  view-data: 0.2339556240476668
