times:
  edit-metadata: 0.5422555969562382
  landing: 0.06344234000425786
  view-data: 0.24488232599105686
