times:
  edit-metadata: 0.4229825329966843
  landing: 0.05161986709572375
  view-data: 0.44358243187889457
