times:
  edit-metadata: 1.4815618470311165
  landing: 0.8847109479829669
  view-data: 3.391971583943814
