times:
  edit-metadata: 1.6234577260911465
  landing: 0.8709319867193699
  view-data: 3.522575229406357
