times:
  edit-metadata: 1.45049665030092
  landing: 0.02178687509149313
  view-data: 0.028003701008856297
