times:
  edit-metadata: 1.3435080153867602
  landing: 0.019445134326815605
  view-data: 0.10011083353310823
