times:
  edit-metadata: 0.6371987129969057
  landing: 0.13107950100675225
  view-data: 0.3086145560082514
