times:
  edit-metadata: 0.46474945917725563
  landing: 0.047963480930775404
  view-data: 0.5114541379734874
