times:
  edit-metadata: 1.7590868435800076
  landing: 1.236717626452446
  view-data: 3.496212888509035
