times:
  edit-metadata: 1.4614698681980371
  landing: 0.1742708906531334
  view-data: 0.024472951889038086
