times:
  edit-metadata: 1.3652950637042522
  landing: 0.12573999725282192
  view-data: 0.023936267010867596
