times:
  edit-metadata: 0.5727803579648025
  landing: 0.08163315599085763
  view-data: 0.2298326279851608
