times:
  edit-metadata: 1.4901688396930695
  landing: 0.9051049500703812
  view-data: 3.3719337172806263
