times:
  edit-metadata: 1.4841251876205206
  landing: 0.903046440333128
  view-data: 3.4973520040512085
