times:
  edit-metadata: 1.3949776459485292
  landing: 0.21930687315762043
  view-data: 0.13730394933372736
