times:
  edit-metadata: 0.4997750949114561
  landing: 0.04326681233942509
  view-data: 0.5763002969324589
