times:
  edit-metadata: 1.4248082740232348
  landing: 0.8249522782862186
  view-data: 3.32343527674675
