times:
  edit-metadata: 1.6357290223240852
  landing: 0.86719592474401
  view-data: 3.406391777098179
