times:
  edit-metadata: 1.3866824209690094
  landing: 0.019382642582058907
  view-data: 0.024513667449355125
