times:
  edit-metadata: 1.374721203930676
  landing: 0.2049294738098979
  view-data: 0.9402447454631329
