times:
  edit-metadata: 1.3726691165938973
  landing: 0.02176528424024582
  view-data: 0.12164000049233437
