times:
  edit-metadata: 1.8897084631025791
  landing: 1.6395089328289032
  view-data: 3.3619441650807858
