times:
  edit-metadata: 0.5777818989008665
  landing: 0.10571951977908611
  view-data: 0.2682278142310679
