times:
  edit-metadata: 0.4730193568393588
  landing: 0.05359714291989803
  view-data: 0.5161191374063492
