times:
  edit-metadata: 1.5482220984995365
  landing: 0.8150263503193855
  view-data: 3.428013186901808
