times:
  edit-metadata: 0.561261265000212
  landing: 0.05129046400543302
  view-data: 0.2639363790003699
