times:
  edit-metadata: 1.4599310271441936
  landing: 1.0143806152045727
  view-data: 3.2907866835594177
