times:
  edit-metadata: 1.3883586525917053
  landing: 0.7545201405882835
  view-data: 3.310809824615717
