times:
  edit-metadata: 0.4547809320501983
  landing: 0.04583997372537851
  view-data: 0.5022866660729051
