times:
  edit-metadata: 1.491659939289093
  landing: 0.779851920902729
  view-data: 3.373740077018738
