times:
  edit-metadata: 0.4786454765126109
  landing: 0.038860452361404896
  view-data: 0.4982863422483206
