times:
  edit-metadata: 1.3578953295946121
  landing: 0.02402128279209137
  view-data: 0.02458793856203556
