times:
  edit-metadata: 0.5104821990244091
  landing: 0.07563029089942575
  view-data: 0.2260394769255072
