times:
  edit-metadata: 1.378388537093997
  landing: 0.02535757515579462
  view-data: 0.025524086318910122
