times:
  edit-metadata: 0.680086730979383
  landing: 0.1272519459016621
  view-data: 0.22514110105112195
