times:
  edit-metadata: 0.4848425150848925
  landing: 0.05232041608542204
  view-data: 0.5045174919068813
