times:
  edit-metadata: 0.4617072157561779
  landing: 0.06810902524739504
  view-data: 0.5442038560286164
