times:
  edit-metadata: 1.3517691339948215
  landing: 0.30670744099188596
  view-data: 0.30943240399938077
