times:
  edit-metadata: 0.46438456792384386
  landing: 0.04147869814187288
  view-data: 0.5124961850233376
