times:
  edit-metadata: 1.4116042081732303
  landing: 0.8602093050722033
  view-data: 3.38787516602315
