times:
  edit-metadata: 1.5137969637289643
  landing: 0.12063856702297926
  view-data: 1.0411087684333324
