times:
  edit-metadata: 0.5209217229858041
  landing: 0.06687497533857822
  view-data: 0.26982162380591035
