times:
  edit-metadata: 1.4267112202942371
  landing: 0.8877311665564775
  view-data: 3.3360676169395447
