times:
  edit-metadata: 1.5950884073972702
  landing: 0.02237175777554512
  view-data: 0.8452617395669222
