times:
  edit-metadata: 0.4590785503387451
  landing: 0.041700363624840975
  view-data: 0.5125848180614412
