times:
  edit-metadata: 1.347461324185133
  landing: 0.8649571314454079
  view-data: 3.31804770603776
