times:
  edit-metadata: 0.5779434620053507
  landing: 0.04763200297020376
  view-data: 0.23849869100376964
