times:
  edit-metadata: 1.514906756579876
  landing: 0.018261991441249847
  view-data: 0.02500559762120247
