times:
  edit-metadata: 0.5052381049999894
  landing: 0.06846321400007582
  view-data: 0.23090849799973512
