times:
  edit-metadata: 1.424418649636209
  landing: 0.02369584608823061
  view-data: 0.9637602623552084
