times:
  edit-metadata: 0.4819263406097889
  landing: 0.04033201187849045
  view-data: 0.5368389440700412
