times:
  edit-metadata: 0.5191413257271051
  landing: 0.048399126157164574
  view-data: 0.5104243950918317
