times:
  edit-metadata: 0.5712991813197732
  landing: 0.0508466986939311
  view-data: 0.2524189823307097
