times:
  edit-metadata: 1.7274519000202417
  landing: 1.0072319051250815
  view-data: 3.3739983588457108
