times:
  edit-metadata: 1.3626805720850825
  landing: 0.17389607708901167
  view-data: 0.12050689663738012
