times:
  edit-metadata: 1.4112928761169314
  landing: 0.022960923612117767
  view-data: 0.12090400420129299
