times:
  edit-metadata: 3.486162558197975
  landing: 1.9745181174948812
  view-data: 4.30151763278991
