times:
  edit-metadata: 2.0047646276652813
  landing: 1.2430894114077091
  view-data: 3.2939344346523285
