times:
  edit-metadata: 0.46813184092752635
  landing: 0.06882669706828892
  view-data: 0.5736012579873204
