times:
  edit-metadata: 0.39585310802794993
  landing: 0.04184260196052492
  view-data: 0.4325136400293559
