times:
  edit-metadata: 1.4423379488289356
  landing: 0.930230088531971
  view-data: 3.443047847598791
