times:
  edit-metadata: 0.529704149113968
  landing: 0.054004792124032974
  view-data: 0.289344941964373
