times:
  edit-metadata: 1.4324876070022583
  landing: 0.1904289834201336
  view-data: 0.8138881642371416
