times:
  edit-metadata: 1.6111333817243576
  landing: 0.8380580227822065
  view-data: 3.4109642077237368
