times:
  edit-metadata: 0.45810211915522814
  landing: 0.04323142580688
  view-data: 0.5032918499782681
