times:
  edit-metadata: 1.3978593088686466
  landing: 0.020970700308680534
  view-data: 0.9347898475825787
