times:
  edit-metadata: 1.6336227990686893
  landing: 0.8780661039054394
  view-data: 3.309044886380434
