times:
  edit-metadata: 1.444299515336752
  landing: 0.9814446046948433
  view-data: 3.3396128341555595
