times:
  edit-metadata: 1.312244463711977
  landing: 0.906800277531147
  view-data: 3.340230342000723
