times:
  edit-metadata: 2.3837206661701202
  landing: 1.3294581323862076
  view-data: 3.3635981641709805
