times:
  edit-metadata: 1.4112763591110706
  landing: 0.8275378607213497
  view-data: 3.4457944333553314
