times:
  edit-metadata: 1.480364104732871
  landing: 0.7688860408961773
  view-data: 0.5670372080057859
