times:
  edit-metadata: 1.4997190739959478
  landing: 0.8406143309548497
  view-data: 3.3588964687660336
