times:
  edit-metadata: 0.8739272351376712
  landing: 0.040565661154687405
  view-data: 0.26930862898007035
