times:
  edit-metadata: 3.6878502974286675
  landing: 1.6984613593667746
  view-data: 4.203035800717771
