times:
  edit-metadata: 0.4751957105472684
  landing: 0.04510849341750145
  view-data: 0.5577060375362635
