times:
  edit-metadata: 0.51804478187114
  landing: 0.06323041021823883
  view-data: 0.35311252693645656
