times:
  edit-metadata: 1.384780122898519
  landing: 0.022059214301407337
  view-data: 0.02774590626358986
