times:
  edit-metadata: 0.6109112789854407
  landing: 0.16455559665337205
  view-data: 0.2608053502626717
