times:
  edit-metadata: 1.3965764222666621
  landing: 0.019010924734175205
  view-data: 0.12491086311638355
