times:
  edit-metadata: 1.3752812938764691
  landing: 0.18013396579772234
  view-data: 0.025520499795675278
