times:
  edit-metadata: 1.3609244544059038
  landing: 0.7930047828704119
  view-data: 3.3302785456180573
