times:
  edit-metadata: 1.4682370573282242
  landing: 0.20708574913442135
  view-data: 0.22646967228502035
