times:
  edit-metadata: 1.3972312780097127
  landing: 0.019682085141539574
  view-data: 0.12041715253144503
