times:
  edit-metadata: 1.4608465814962983
  landing: 0.8984672464430332
  view-data: 3.3434808161109686
