times:
  edit-metadata: 1.4564827755093575
  landing: 0.01823851466178894
  view-data: 0.1475834809243679
