times:
  edit-metadata: 0.5258783549070358
  landing: 0.08378365309908986
  view-data: 0.22812287998385727
