times:
  edit-metadata: 1.800719840452075
  landing: 0.9472550116479397
  view-data: 3.4522851295769215
