times:
  edit-metadata: 1.4874347411096096
  landing: 0.16342915780842304
  view-data: 0.024647176265716553
