times:
  edit-metadata: 1.4699750617146492
  landing: 0.8719675913453102
  view-data: 3.3998550362885
