times:
  edit-metadata: 1.6908505503088236
  landing: 0.8320841565728188
  view-data: 3.4507205095142126
