times:
  edit-metadata: 1.4767890311777592
  landing: 0.7473607622087002
  view-data: 3.38126303255558
