times:
  edit-metadata: 1.469796221703291
  landing: 0.9538241811096668
  view-data: 3.2985377982258797
