times:
  edit-metadata: 0.46242235181853175
  landing: 0.04721745476126671
  view-data: 0.49547490011900663
