times:
  edit-metadata: 1.4779640063643456
  landing: 0.7447122633457184
  view-data: 0.5658516697585583
