times:
  edit-metadata: 1.363460865803063
  landing: 0.022099473513662815
  view-data: 0.025481021031737328
