times:
  edit-metadata: 0.7949854610487819
  landing: 0.047829991672188044
  view-data: 0.36898612324148417
