times:
  edit-metadata: 1.4278597570955753
  landing: 0.21410947479307652
  view-data: 0.1314506009221077
