times:
  edit-metadata: 0.6183060039766133
  landing: 0.13352792710065842
  view-data: 0.6828148998320103
