times:
  edit-metadata: 1.5225231163203716
  landing: 0.14317062497138977
  view-data: 0.17145578563213348
