times:
  edit-metadata: 1.3567687940085307
  landing: 0.7546269680606201
  view-data: 3.230759351979941
