times:
  edit-metadata: 1.3936270717531443
  landing: 0.1303560845553875
  view-data: 0.9261705055832863
