times:
  edit-metadata: 1.4140484733507037
  landing: 0.8596874298527837
  view-data: 3.3811860168352723
