times:
  edit-metadata: 0.5700973630300723
  landing: 0.05822261102730408
  view-data: 0.23595890100114048
