times:
  edit-metadata: 1.3722122814506292
  landing: 0.021597118116915226
  view-data: 0.10107313189655542
