times:
  edit-metadata: 0.47358611272647977
  landing: 0.04160544089972973
  view-data: 0.5207358570769429
