times:
  edit-metadata: 1.5580358766019344
  landing: 0.8185511045157909
  view-data: 3.4019825495779514
