times:
  edit-metadata: 1.3789518889971077
  landing: 0.8029527980834246
  view-data: 3.375252539757639
