times:
  edit-metadata: 0.6048399000428617
  landing: 0.1814142046496272
  view-data: 0.801243512891233
