times:
  edit-metadata: 1.6752719953656197
  landing: 0.835391465574503
  view-data: 3.4217193368822336
