times:
  edit-metadata: 0.41741448105312884
  landing: 0.0660978879313916
  view-data: 0.4772040848620236
