times:
  edit-metadata: 1.3815402388572693
  landing: 0.019539834931492805
  view-data: 0.8861556090414524
