times:
  edit-metadata: 2.0659638084471226
  landing: 1.2098101675510406
  view-data: 3.3414940759539604
