times:
  edit-metadata: 1.7280290126800537
  landing: 1.0031714662909508
  view-data: 3.411871261894703
