times:
  edit-metadata: 1.356919938698411
  landing: 0.023398431949317455
  view-data: 0.02478994056582451
