times:
  edit-metadata: 1.763720367103815
  landing: 0.9746109433472157
  view-data: 3.314856082201004
