times:
  edit-metadata: 1.4359257575124502
  landing: 0.21356472000479698
  view-data: 0.29904224164783955
