times:
  edit-metadata: 1.6396494451910257
  landing: 0.16318576969206333
  view-data: 0.8759756330400705
