times:
  edit-metadata: 1.4588006418198347
  landing: 0.18132673017680645
  view-data: 0.7134964447468519
