times:
  edit-metadata: 1.3492084052413702
  landing: 0.10002358071506023
  view-data: 0.8532404862344265
