times:
  edit-metadata: 0.4624403710477054
  landing: 0.04080281872302294
  view-data: 0.48908387310802937
