times:
  edit-metadata: 1.4565196599578485
  landing: 0.8396132499910891
  view-data: 3.3538501389557496
