times:
  edit-metadata: 1.506675535812974
  landing: 0.7735621817409992
  view-data: 3.478908034041524
