times:
  edit-metadata: 1.5195772964507341
  landing: 0.8523010294884443
  view-data: 3.384556334465742
