times:
  edit-metadata: 0.4637067122384906
  landing: 0.04726849775761366
  view-data: 0.48602685797959566
