times:
  edit-metadata: 1.5355370976030827
  landing: 0.9266465678811073
  view-data: 3.5285295620560646
