times:
  edit-metadata: 0.7111209629802033
  landing: 0.044337722996715456
  view-data: 0.25189276394667104
