times:
  edit-metadata: 1.343977002426982
  landing: 0.021251671016216278
  view-data: 0.02658344153314829
