times:
  edit-metadata: 1.4085763096809387
  landing: 0.8975425213575363
  view-data: 3.329198271036148
