times:
  edit-metadata: 0.4609455680474639
  landing: 0.04796835407614708
  view-data: 0.5464859930798411
