times:
  edit-metadata: 0.45179118029773235
  landing: 0.04192240908741951
  view-data: 0.6820538900792599
