times:
  edit-metadata: 2.2074547335505486
  landing: 1.307900033891201
  view-data: 3.27777935937047
