times:
  edit-metadata: 0.5476232906803489
  landing: 0.06192442076280713
  view-data: 0.22385723097249866
