times:
  edit-metadata: 1.5609532166272402
  landing: 0.9915165174752474
  view-data: 3.3561590127646923
