times:
  edit-metadata: 1.6402220390737057
  landing: 0.18191279470920563
  view-data: 1.0746380034834146
