times:
  edit-metadata: 1.4808784760534763
  landing: 0.1815220359712839
  view-data: 0.7528527677059174
