times:
  edit-metadata: 1.5999459270387888
  landing: 0.9737912025302649
  view-data: 3.3587634079158306
