times:
  edit-metadata: 1.3905261773616076
  landing: 0.1696221735328436
  view-data: 0.14533413015305996
