times:
  edit-metadata: 1.234087685123086
  landing: 0.7694558277726173
  view-data: 3.336291301995516
