times:
  edit-metadata: 1.5388056188821793
  landing: 0.8865981511771679
  view-data: 3.3561471328139305
