times:
  edit-metadata: 0.5162323759868741
  landing: 0.05011146701872349
  view-data: 0.27635397599078715
