times:
  edit-metadata: 1.4625557195395231
  landing: 0.764842014759779
  view-data: 3.394939322024584
