times:
  edit-metadata: 1.3537471434101462
  landing: 0.1199943320825696
  view-data: 0.02622774802148342
