times:
  edit-metadata: 1.4944035988301039
  landing: 0.13968371786177158
  view-data: 0.12182295136153698
