times:
  edit-metadata: 1.5439746174961329
  landing: 0.17401542328298092
  view-data: 0.14907818660140038
