times:
  edit-metadata: 1.4004988316446543
  landing: 0.9655375480651855
  view-data: 3.3268522415310144
