times:
  edit-metadata: 1.4476683642715216
  landing: 0.020797232165932655
  view-data: 0.7582795768976212
