times:
  edit-metadata: 0.6228482779988553
  landing: 0.10022211499745026
  view-data: 0.2700977479980793
