times:
  edit-metadata: 1.3263600887730718
  landing: 0.021306644193828106
  view-data: 0.10398744326084852
