times:
  edit-metadata: 1.2646954078227282
  landing: 0.8945794329047203
  view-data: 3.3374096490442753
