times:
  edit-metadata: 1.849224692210555
  landing: 0.29984028823673725
  view-data: 1.0140663608908653
