times:
  edit-metadata: 1.6357187181711197
  landing: 0.15361223928630352
  view-data: 1.0027576852589846
