times:
  edit-metadata: 0.44989343732595444
  landing: 0.03771447204053402
  view-data: 0.5133192278444767
