times:
  edit-metadata: 1.5383916348218918
  landing: 0.8114791512489319
  view-data: 3.4063469115644693
