times:
  edit-metadata: 1.6068409495055676
  landing: 0.9411163404583931
  view-data: 3.315878627821803
