times:
  edit-metadata: 0.47799559496343136
  landing: 0.05156012298539281
  view-data: 0.5064113889820874
