times:
  edit-metadata: 1.379174405708909
  landing: 0.01970120333135128
  view-data: 0.024385156109929085
