times:
  edit-metadata: 0.5886121860239655
  landing: 0.06213552108965814
  view-data: 0.2595472279936075
