times:
  edit-metadata: 0.4347581460606307
  landing: 0.04840204492211342
  view-data: 0.4544081778731197
