times:
  edit-metadata: 1.3895372301340103
  landing: 0.12940877489745617
  view-data: 0.8186660595238209
