times:
  edit-metadata: 1.5926169492304325
  landing: 0.17501817643642426
  view-data: 0.13039959408342838
