times:
  edit-metadata: 1.54810556396842
  landing: 0.9460193105041981
  view-data: 3.4257346764206886
