times:
  edit-metadata: 1.5580933559685946
  landing: 0.14101016521453857
  view-data: 0.0264905896037817
