times:
  edit-metadata: 1.484140906482935
  landing: 0.7992399465292692
  view-data: 3.3730909898877144
