times:
  edit-metadata: 1.4722220078110695
  landing: 0.02115825656801462
  view-data: 0.0304269902408123
