times:
  edit-metadata: 1.4809855706989765
  landing: 0.8199643474072218
  view-data: 3.406752496957779
