times:
  edit-metadata: 1.5286361258476973
  landing: 1.0202058828435838
  view-data: 3.394921402912587
