times:
  edit-metadata: 1.4184897132217884
  landing: 0.13095672987401485
  view-data: 0.7519998848438263
