times:
  edit-metadata: 1.5822826996445656
  landing: 0.8797606229782104
  view-data: 3.3907419219613075
