times:
  edit-metadata: 1.442087396979332
  landing: 0.02206246927380562
  view-data: 0.024215392768383026
