times:
  edit-metadata: 0.4340960409026593
  landing: 0.05455018812790513
  view-data: 0.5794668269809335
