times:
  edit-metadata: 1.45554612390697
  landing: 0.20423023588955402
  view-data: 0.8034116271883249
