times:
  edit-metadata: 1.4699517879635096
  landing: 0.020290106534957886
  view-data: 0.025411926209926605
