times:
  edit-metadata: 1.3104239469394088
  landing: 0.02028370089828968
  view-data: 0.024842344224452972
