times:
  edit-metadata: 1.4631258361041546
  landing: 0.8168456361163408
  view-data: 3.2707027120050043
