times:
  edit-metadata: 0.47499356092885137
  landing: 0.047068510204553604
  view-data: 0.5277166510932148
