times:
  edit-metadata: 1.3996473960578442
  landing: 0.8431216739118099
  view-data: 3.3537814361043274
