times:
  edit-metadata: 0.4236533201765269
  landing: 0.05341305583715439
  view-data: 0.46721476898528636
