times:
  edit-metadata: 2.6765415370464325
  landing: 0.5880235657095909
  view-data: 0.6508052572607994
