times:
  edit-metadata: 1.4923063330352306
  landing: 0.8115600273013115
  view-data: 3.3839856646955013
