times:
  edit-metadata: 1.3344322554767132
  landing: 0.01883213222026825
  view-data: 0.0268253143876791
