times:
  edit-metadata: 1.3849017303436995
  landing: 0.02244633622467518
  view-data: 0.8269056864082813
