times:
  edit-metadata: 4.2021810142323375
  landing: 3.892268910072744
  view-data: 3.5920752128586173
