times:
  edit-metadata: 0.880351044004783
  landing: 0.05031264596618712
  view-data: 0.2533419330138713
