times:
  edit-metadata: 0.8191076861694455
  landing: 0.05064088059589267
  view-data: 0.21395248314365745
