times:
  edit-metadata: 1.4208143576979637
  landing: 0.9313258361071348
  view-data: 3.338031276129186
