times:
  edit-metadata: 1.5632013194262981
  landing: 1.4890643656253815
  view-data: 0.4563979431986809
