times:
  edit-metadata: 0.7578086410067044
  landing: 0.04245057300431654
  view-data: 0.20922432700172067
