times:
  edit-metadata: 1.7851881431415677
  landing: 0.02052896935492754
  view-data: 0.024139223620295525
