times:
  edit-metadata: 2.0369686372578144
  landing: 0.2901396360248327
  view-data: 0.17608325742185116
