times:
  edit-metadata: 1.5616207867860794
  landing: 0.8182145226746798
  view-data: 3.3984085973352194
