times:
  edit-metadata: 1.1336448600050062
  landing: 0.07326956803444773
  view-data: 0.2421603369875811
