times:
  edit-metadata: 0.8136322847567499
  landing: 0.047191895078867674
  view-data: 0.22091968869790435
