times:
  edit-metadata: 0.8144086836837232
  landing: 0.04603751469403505
  view-data: 0.21434175595641136
