times:
  edit-metadata: 0.7604112140834332
  landing: 0.042083161883056164
  view-data: 0.21278059296309948
