times:
  edit-metadata: 1.781697329133749
  landing: 1.0068548247218132
  view-data: 3.378140177577734
