times:
  edit-metadata: 1.8149816198274493
  landing: 0.022860338911414146
  view-data: 0.1235432242974639
