times:
  edit-metadata: 2.2087501026690006
  landing: 1.1923615746200085
  view-data: 3.4836954213678837
