times:
  edit-metadata: 0.8115135747939348
  landing: 0.04550815746188164
  view-data: 0.2247342625632882
