times:
  edit-metadata: 1.4182272255420685
  landing: 1.4070766754448414
  view-data: 3.356925616040826
