times:
  landing: 1.0663477100000023
  view-data: 0.5493345230000273
