times:
  edit-metadata: 1.83425971865654
  landing: 0.02403588406741619
  view-data: 0.024263450875878334
