times:
  edit-metadata: 0.8809065129607916
  landing: 0.051027377136051655
  view-data: 0.24038918409496546
