times:
  edit-metadata: 2.0546264741569757
  landing: 0.020316222682595253
  view-data: 0.4699793290346861
