times:
  edit-metadata: 2.1063718907535076
  landing: 0.11876082420349121
  view-data: 0.025477180257439613
