times:
  edit-metadata: 0.7532703224569559
  landing: 0.4327948987483978
  view-data: 0.26640334725379944
