times:
  edit-metadata: 1.0945227928459644
  landing: 0.07928428100422025
  view-data: 0.6619930299930274
