times:
  edit-metadata: 1.7996165426447988
  landing: 0.02041048090904951
  view-data: 0.3704680046066642
