times:
  edit-metadata: 1.5966055486351252
  landing: 0.6302534192800522
  view-data: 0.23714536242187023
