times:
  edit-metadata: 1.2422758978791535
  landing: 0.10553358495235443
  view-data: 0.31651852978393435
