times:
  edit-metadata: 2.163541369140148
  landing: 0.21930592134594917
  view-data: 0.1713536363095045
