times:
  edit-metadata: 1.8610485885292292
  landing: 0.18887449987232685
  view-data: 0.02463248372077942
