times:
  landing: 0.5584152410000343
  view-data: 0.5639630800000077
