times:
  edit-metadata: 1.5137518793344498
  landing: 0.04767011106014252
  view-data: 0.22693341597914696
