times:
  edit-metadata: 0.8602028000168502
  landing: 0.04350694688037038
  view-data: 0.22965282294899225
