times:
  edit-metadata: 1.50557791441679
  landing: 0.8416496682912111
  view-data: 3.3979995232075453
