times:
  edit-metadata: 0.7956533399410546
  landing: 0.04298682790249586
  view-data: 0.22409569285809994
