times:
  edit-metadata: 1.852333851158619
  landing: 0.024091525003314018
  view-data: 0.12270336225628853
