times:
  edit-metadata: 1.614288305863738
  landing: 0.5941297262907028
  view-data: 0.32458693720400333
