times:
  edit-metadata: 1.811996303498745
  landing: 1.0721665807068348
  view-data: 3.340513527393341
