times:
  edit-metadata: 0.7753599280258641
  landing: 0.04685961198993027
  view-data: 0.21103194204624742
