times:
  landing: 0.5504811480000171
  view-data: 0.5604656079999586
