times:
  edit-metadata: 1.5789909735321999
  landing: 1.1107294168323278
  view-data: 0.6238220483064651
