times:
  edit-metadata: 1.542678091675043
  landing: 0.9526976440101862
  view-data: 3.4330993816256523
