times:
  edit-metadata: 1.5533456951379776
  landing: 0.9556214474141598
  view-data: 3.4345767349004745
