times:
  edit-metadata: 0.8685682479990646
  landing: 0.05626993696205318
  view-data: 0.23134240100625902
