times:
  edit-metadata: 0.803453350905329
  landing: 0.05292277270928025
  view-data: 0.22499191015958786
