times:
  edit-metadata: 0.8302982938475907
  landing: 0.04406693484634161
  view-data: 5.5122819419484586
