times:
  edit-metadata: 1.626800635829568
  landing: 0.7450594678521156
  view-data: 0.34247404523193836
