times:
  edit-metadata: 0.8680889660026878
  landing: 0.058704229071736336
  view-data: 0.243830248946324
