times:
  edit-metadata: 1.9500164072960615
  landing: 0.022769813425838947
  view-data: 0.024211431853473186
