times:
  edit-metadata: 0.9489705510204658
  landing: 0.04482003301382065
  view-data: 0.24355520500103012
