times:
  edit-metadata: 0.8558454364538193
  landing: 0.5930758975446224
  view-data: 0.24127694591879845
