times:
  edit-metadata: 1.7999301068484783
  landing: 0.27980696130543947
  view-data: 0.4470998803153634
