times:
  landing: 0.5473343829999635
  view-data: 0.5766904320000208
