times:
  edit-metadata: 1.8061862960457802
  landing: 0.12291433475911617
  view-data: 0.025609111413359642
