times:
  landing: 0.5618593760000294
  view-data: 0.06777350999999499
