times:
  edit-metadata: 1.6654036734253168
  landing: 1.1811762154102325
  view-data: 0.6522939093410969
