times:
  edit-metadata: 0.7813374008983374
  landing: 0.05680811800993979
  view-data: 0.21684722509235144
