times:
  landing: 1.0749399690000132
  view-data: 0.5530741919999969
