times:
  edit-metadata: 1.9364946335554123
  landing: 1.3449751697480679
  view-data: 3.4259981848299503
