times:
  landing: 1.0964039680000042
  view-data: 0.5558312619999697
