times:
  edit-metadata: 1.4327806420624256
  landing: 0.9000938795506954
  view-data: 3.3460877798497677
