times:
  edit-metadata: 1.576653489843011
  landing: 0.8809598051011562
  view-data: 0.2809875067323446
