times:
  edit-metadata: 1.6054788064211607
  landing: 0.9639996755868196
  view-data: 3.299878429621458
