times:
  edit-metadata: 1.4600398279726505
  landing: 0.8557900339365005
  view-data: 3.3757136650383472
