times:
  landing: 1.0776906590000408
  view-data: 0.5565627629999881
