times:
  landing: 1.1010750309999935
  view-data: 0.5463002889999871
