times:
  edit-metadata: 0.7987364269793034
  landing: 0.05205336201470345
  view-data: 0.2166503770276904
