times:
  edit-metadata: 0.9726029890589416
  landing: 0.04766400414519012
  view-data: 0.21585219586268067
