times:
  edit-metadata: 2.1635372173041105
  landing: 0.21816124580800533
  view-data: 0.1505450252443552
