times:
  edit-metadata: 1.496734980493784
  landing: 0.043198224157094955
  view-data: 0.2161158286035061
