times:
  edit-metadata: 1.8086894936859608
  landing: 0.02249244786798954
  view-data: 0.34004247188568115
