times:
  landing: 1.1146513391286135
  view-data: 0.5523625579662621
