times:
  edit-metadata: 1.0344954417087138
  landing: 0.05868752207607031
  view-data: 0.24914511805400252
