times:
  edit-metadata: 1.8723047049716115
  landing: 0.12056733015924692
  view-data: 0.4280554037541151
