times:
  edit-metadata: 1.4358018839266151
  landing: 0.8546547088772058
  view-data: 3.4097766769118607
