times:
  edit-metadata: 1.5145008750259876
  landing: 0.8221070989966393
  view-data: 3.3433215860277414
