times:
  edit-metadata: 1.873324885033071
  landing: 0.021979465149343014
  view-data: 0.02658207342028618
