times:
  edit-metadata: 1.6235903427004814
  landing: 0.04887036234140396
  view-data: 0.2234206758439541
