times:
  edit-metadata: 1.3536803675815463
  landing: 0.8300944026559591
  view-data: 3.3632106948643923
