times:
  landing: 0.5519590480000716
  view-data: 0.5557371849999981
