times:
  edit-metadata: 0.8932293499965454
  landing: 0.04760698799509555
  view-data: 0.23405557200021576
