times:
  edit-metadata: 1.5380137953907251
  landing: 0.8343838397413492
  view-data: 3.419972075149417
