times:
  edit-metadata: 1.5549000203609467
  landing: 0.9667570255696774
  view-data: 0.47695797495543957
