times:
  edit-metadata: 1.478427991969511
  landing: 0.9328131780494004
  view-data: 3.385171928908676
