times:
  edit-metadata: 1.8584383148699999
  landing: 0.13622155785560608
  view-data: 0.3667950313538313
