times:
  landing: 0.5504101559999981
  view-data: 0.5504356559999906
