times:
  landing: 0.5678417170000216
  view-data: 0.5509988310000153
