times:
  edit-metadata: 1.521530643105507
  landing: 0.8098806031048298
  view-data: 3.380116341635585
