times:
  edit-metadata: 1.7844691928476095
  landing: 0.020997967571020126
  view-data: 0.022991444915533066
