times:
  edit-metadata: 1.5978717803955078
  landing: 0.051592957228422165
  view-data: 0.21549933031201363
