times:
  edit-metadata: 1.0279546813108027
  landing: 0.0555022950284183
  view-data: 0.4120138711296022
