times:
  edit-metadata: 0.8204107102937996
  landing: 0.04095005011186004
  view-data: 0.20859463512897491
