times:
  edit-metadata: 0.7903927270090207
  landing: 0.0419717850163579
  view-data: 0.2105200580554083
