times:
  edit-metadata: 0.8314373102039099
  landing: 0.03789341729134321
  view-data: 0.22745823301374912
