times:
  edit-metadata: 0.8032339150086045
  landing: 0.04281999310478568
  view-data: 0.22056726086884737
