times:
  edit-metadata: 1.950342072173953
  landing: 0.14528106525540352
  view-data: 0.025406375527381897
