times:
  edit-metadata: 0.7750822571106255
  landing: 0.049562272150069475
  view-data: 0.21526036132127047
