times:
  edit-metadata: 1.8145727012306452
  landing: 0.16327137779444456
  view-data: 0.265242132358253
