times:
  edit-metadata: 1.45704947412014
  landing: 0.8249684311449528
  view-data: 3.370003864169121
