times:
  edit-metadata: 2.226441031321883
  landing: 0.23738602176308632
  view-data: 0.14542955718934536
