times:
  edit-metadata: 0.9818920700345188
  landing: 0.054797988035716116
  view-data: 0.27940226398641244
