times:
  edit-metadata: 1.4841995015740395
  landing: 0.6593224033713341
  view-data: 3.379798661917448
