times:
  edit-metadata: 1.8474551094695926
  landing: 0.1938130846247077
  view-data: 0.42570218723267317
