times:
  edit-metadata: 1.6819552667438984
  landing: 0.9479190297424793
  view-data: 3.3238257691264153
