times:
  edit-metadata: 0.7517315209843218
  landing: 0.05355243384838104
  view-data: 0.2134030710440129
