times:
  edit-metadata: 1.851921527646482
  landing: 0.021249372512102127
  view-data: 0.026315568946301937
