times:
  edit-metadata: 1.794843828305602
  landing: 0.11698726378381252
  view-data: 0.6072665881365538
