times:
  edit-metadata: 2.3636514246463776
  landing: 1.2693627811968327
  view-data: 3.65698978677392
