times:
  edit-metadata: 1.7661842498928308
  landing: 0.1565180141478777
  view-data: 0.09328372403979301
