times:
  edit-metadata: 1.5615078061819077
  landing: 0.045614082366228104
  view-data: 0.22876601293683052
