times:
  edit-metadata: 1.6786537617444992
  landing: 0.04864992946386337
  view-data: 0.22209708392620087
