times:
  edit-metadata: 1.4302705028094351
  landing: 0.7991451341658831
  view-data: 3.449425747152418
