times:
  edit-metadata: 1.833626938983798
  landing: 0.020425097085535526
  view-data: 0.412754425778985
