times:
  edit-metadata: 0.8140128487721086
  landing: 0.0409087180159986
  view-data: 0.21116098621860147
