times:
  edit-metadata: 1.8672320786863565
  landing: 0.1181882694363594
  view-data: 0.029198747128248215
