times:
  edit-metadata: 1.8387587843462825
  landing: 0.02121854666620493
  view-data: 0.4560340652242303
