times:
  landing: 0.5446579420000148
  view-data: 0.5480165859999602
