times:
  edit-metadata: 0.8242345830076374
  landing: 0.05171924503520131
  view-data: 0.20825972099555656
