times:
  edit-metadata: 1.5357626080513
  landing: 1.0078255161643028
  view-data: 3.3261764720082283
