times:
  edit-metadata: 0.8941109031438828
  landing: 0.04581907484680414
  view-data: 0.22709554247558117
