times:
  edit-metadata: 2.3008110001683235
  landing: 1.2117782291024923
  view-data: 3.486723642796278
