times:
  edit-metadata: 1.3868355080485344
  landing: 0.9517557546496391
  view-data: 3.4443507865071297
