times:
  edit-metadata: 1.6503756158053875
  landing: 0.4722841363400221
  view-data: 0.2495735138654709
