times:
  landing: 0.5463082450000059
  view-data: 0.5521118099999853
