times:
  edit-metadata: 0.8468209938146174
  landing: 0.057217111345380545
  view-data: 0.20909516979008913
