times:
  edit-metadata: 1.547495525330305
  landing: 0.04726410657167435
  view-data: 0.2203059084713459
