times:
  edit-metadata: 0.774784694891423
  landing: 0.05408672383055091
  view-data: 0.22053709672763944
