times:
  edit-metadata: 1.7757272738963366
  landing: 0.0205670315772295
  view-data: 0.1235065208747983
