times:
  edit-metadata: 2.004135325551033
  landing: 0.022364391013979912
  view-data: 0.42386724427342415
