times:
  landing: 0.5466764600000147
  view-data: 0.551956735000033
