times:
  edit-metadata: 1.795710014179349
  landing: 0.019776741042733192
  view-data: 0.02435118891298771
