times:
  edit-metadata: 0.8883685360196978
  landing: 0.05197893502190709
  view-data: 0.24012945091817528
