times:
  edit-metadata: 1.5287013873457909
  landing: 0.778728449717164
  view-data: 3.3883455842733383
