times:
  edit-metadata: 1.8412004495039582
  landing: 0.23307804390788078
  view-data: 0.14605404902249575
