times:
  edit-metadata: 1.8460217751562595
  landing: 0.018999610096216202
  view-data: 0.026478959247469902
