times:
  edit-metadata: 0.7466981819598004
  landing: 0.04878505802480504
  view-data: 0.2082350900163874
