times:
  edit-metadata: 1.8637365344911814
  landing: 0.11794738285243511
  view-data: 0.35521466098725796
