times:
  landing: 0.5525974939999969
  view-data: 0.5542649089999827
