times:
  edit-metadata: 1.520681205089204
  landing: 1.0029314230196178
  view-data: 3.319921848946251
