times:
  edit-metadata: 0.9781336388550699
  landing: 0.08983540395274758
  view-data: 0.249441706109792
