times:
  edit-metadata: 1.4319821391254663
  landing: 0.8045991850085557
  view-data: 3.3366453568451107
