times:
  edit-metadata: 0.8421017173677683
  landing: 0.038785917684435844
  view-data: 0.22162197344005108
