times:
  edit-metadata: 1.9971130695194006
  landing: 0.021216249093413353
  view-data: 0.025967154651880264
