times:
  landing: 0.5481074320000516
  view-data: 0.5607643530000246
