times:
  edit-metadata: 1.7154119536280632
  landing: 0.05197843536734581
  view-data: 0.24929362908005714
