times:
  landing: 1.082997717000012
  view-data: 0.5612678400000277
