times:
  edit-metadata: 1.5622248128056526
  landing: 0.047011926770210266
  view-data: 0.22033564373850822
