times:
  edit-metadata: 0.7820960509998258
  landing: 0.05491884000366554
  view-data: 0.2063910250144545
