times:
  edit-metadata: 0.82774623692967
  landing: 0.06788384192623198
  view-data: 0.27237367909401655
