times:
  edit-metadata: 0.7579727899283171
  landing: 0.04015787388198078
  view-data: 0.22809505695477128
