times:
  edit-metadata: 0.7926966570084915
  landing: 0.048315469990484416
  view-data: 0.21199285698821768
