times:
  edit-metadata: 1.8841790752485394
  landing: 0.02031211368739605
  view-data: 0.029078299179673195
