times:
  edit-metadata: 1.6149316299706697
  landing: 0.5917562320828438
  view-data: 0.24573607929050922
