times:
  edit-metadata: 1.5383348483592272
  landing: 0.8771966602653265
  view-data: 3.355653755366802
