times:
  landing: 0.6251200290000156
  view-data: 0.5660571920000166
