times:
  edit-metadata: 1.6553837079554796
  landing: 1.5290476754307747
  view-data: 0.6777761038392782
