times:
  edit-metadata: 1.6496701426804066
  landing: 0.7436585687100887
  view-data: 0.2644227519631386
