times:
  edit-metadata: 0.8811746560968459
  landing: 0.052306144032627344
  view-data: 0.2400490299332887
