times:
  edit-metadata: 0.874829329084605
  landing: 0.046690452843904495
  view-data: 0.22035910096019506
