times:
  edit-metadata: 1.640473647043109
  landing: 0.7038968987762928
  view-data: 0.22808224335312843
