times:
  landing: 0.5573453290000145
  view-data: 0.05848307100001193
