times:
  edit-metadata: 2.060995576903224
  landing: 0.023664724081754684
  view-data: 0.025362934917211533
