times:
  edit-metadata: 1.6147492118179798
  landing: 0.05106768757104874
  view-data: 0.2137497030198574
