times:
  edit-metadata: 0.8128976160660386
  landing: 0.04655151441693306
  view-data: 0.22059845458716154
