times:
  edit-metadata: 0.8511399328708649
  landing: 0.7671747952699661
  view-data: 0.26870221085846424
