times:
  landing: 0.5530400019999888
  view-data: 0.555517545000157
