times:
  edit-metadata: 1.6186221949756145
  landing: 0.6982646286487579
  view-data: 0.4663872569799423
