times:
  edit-metadata: 1.5593692120164633
  landing: 0.8494415320456028
  view-data: 0.25968305580317974
