times:
  landing: 0.5445169029999875
  view-data: 0.5476191399999948
