times:
  edit-metadata: 0.8648887821473181
  landing: 0.054699857952073216
  view-data: 0.2336822901852429
