times:
  edit-metadata: 1.7116223610937595
  landing: 1.2974941320717335
  view-data: 1.0431280173361301
