times:
  landing: 0.5603546629999983
  view-data: 0.5882145510000214
