times:
  edit-metadata: 1.6030930411070585
  landing: 0.6512655112892389
  view-data: 0.26355100981891155
