times:
  edit-metadata: 1.777030035853386
  landing: 0.1446965206414461
  view-data: 0.10083534009754658
