times:
  edit-metadata: 1.4955475181341171
  landing: 0.04906514286994934
  view-data: 0.218667421489954
