times:
  edit-metadata: 1.6084766257554293
  landing: 0.6719282735139132
  view-data: 0.23994876258075237
