times:
  edit-metadata: 0.7793034720234573
  landing: 0.03947649197652936
  view-data: 0.21286298998165876
