times:
  edit-metadata: 1.8523036185652018
  landing: 0.018998779356479645
  view-data: 0.1368256565183401
