times:
  edit-metadata: 1.5931037431582808
  landing: 0.7200129767879844
  view-data: 3.4457519063726068
