times:
  landing: 0.5520770240000274
  view-data: 0.5539161459999491
