times:
  edit-metadata: 0.803537217900157
  landing: 0.039592170156538486
  view-data: 0.21239732904359698
