times:
  edit-metadata: 0.860146236140281
  landing: 0.04989276034757495
  view-data: 0.24322413560003042
