times:
  edit-metadata: 1.7522892239503562
  landing: 1.2151691662147641
  view-data: 3.416950001846999
