times:
  edit-metadata: 1.8241823241114616
  landing: 0.0187838114798069
  view-data: 0.12415868230164051
