times:
  edit-metadata: 0.8123155641369522
  landing: 0.04432543320581317
  view-data: 0.22427034797146916
