times:
  edit-metadata: 2.2792301699519157
  landing: 0.35426188725978136
  view-data: 0.19092845171689987
