times:
  landing: 0.5400529889999461
  view-data: 0.5475303470000199
