times:
  edit-metadata: 1.6427611000835896
  landing: 0.8820255622267723
  view-data: 3.4139360412955284
