times:
  edit-metadata: 1.5458034537732601
  landing: 0.8736241459846497
  view-data: 3.4326678290963173
