times:
  landing: 1.0787952210000071
  view-data: 0.5524613270000032
