times:
  edit-metadata: 1.6535261645913124
  landing: 0.0450025238096714
  view-data: 0.4979736693203449
