times:
  edit-metadata: 0.8335157227702439
  landing: 0.04341093683615327
  view-data: 0.20997845381498337
