times:
  edit-metadata: 1.848538494668901
  landing: 0.12028298899531364
  view-data: 0.18945351336151361
