times:
  edit-metadata: 2.0151996463537216
  landing: 0.020868083462119102
  view-data: 0.02620278298854828
