times:
  edit-metadata: 1.5206426866352558
  landing: 0.052518460899591446
  view-data: 0.21899378299713135
