times:
  landing: 0.5405582050000248
  view-data: 0.5676109889999452
