times:
  edit-metadata: 1.4183095982298255
  landing: 0.8764661988243461
  view-data: 3.341712382622063
