times:
  edit-metadata: 1.6176925897598267
  landing: 0.03893469646573067
  view-data: 0.21725009754300117
