times:
  edit-metadata: 1.9355970080941916
  landing: 0.3067711777985096
  view-data: 0.30050505325198174
