times:
  edit-metadata: 1.7976083233952522
  landing: 0.056733692064881325
  view-data: 0.24715954810380936
