times:
  landing: 1.0694656050000049
  view-data: 0.563222939999946
