times:
  edit-metadata: 1.5718835517764091
  landing: 0.935906495898962
  view-data: 3.4296104684472084
