times:
  edit-metadata: 1.5311438720673323
  landing: 0.8083976469933987
  view-data: 3.4632699321955442
