times:
  edit-metadata: 2.5047886688262224
  landing: 0.23328236117959023
  view-data: 0.6030504386872053
