times:
  edit-metadata: 2.033501336351037
  landing: 0.28301253728568554
  view-data: 0.42893051728606224
