times:
  edit-metadata: 2.26712978631258
  landing: 1.2409056909382343
  view-data: 3.4267249442636967
