times:
  edit-metadata: 1.523598663508892
  landing: 0.9077519401907921
  view-data: 3.382788283750415
