times:
  edit-metadata: 0.811185056809336
  landing: 0.047775572165846825
  view-data: 0.3248913995921612
