times:
  edit-metadata: 1.0977929821237922
  landing: 0.055834027007222176
  view-data: 0.2488356411922723
