times:
  edit-metadata: 1.5462993159890175
  landing: 0.8638771921396255
  view-data: 3.401194166392088
