times:
  edit-metadata: 1.8340121107175946
  landing: 0.02235576882958412
  view-data: 0.12022124696522951
