times:
  edit-metadata: 1.0028576818294823
  landing: 0.0843738648109138
  view-data: 0.2705673440359533
