times:
  edit-metadata: 1.8729499131441116
  landing: 0.022146991454064846
  view-data: 0.026742284186184406
