times:
  edit-metadata: 1.9463730650022626
  landing: 0.020096901804208755
  view-data: 0.20964525640010834
