times:
  landing: 0.569793054999991
  view-data: 0.5575329389999979
