times:
  edit-metadata: 1.6000176519155502
  landing: 0.9680616036057472
  view-data: 3.3027646243572235
