times:
  edit-metadata: 0.8101091319695115
  landing: 0.056183164939284325
  view-data: 0.23274322878569365
