times:
  edit-metadata: 1.603401342406869
  landing: 1.6661726906895638
  view-data: 0.6115787141025066
