times:
  landing: 0.5516533880000907
  view-data: 0.5563236179999649
