times:
  edit-metadata: 0.9801870490191504
  landing: 0.050627510994672775
  view-data: 0.25732026202604175
