times:
  edit-metadata: 0.8040570029988885
  landing: 0.05158634716644883
  view-data: 0.20991075201891363
