times:
  edit-metadata: 0.89159449422732
  landing: 0.047575321048498154
  view-data: 0.23237391375005245
