times:
  edit-metadata: 1.668242011219263
  landing: 1.1171418763697147
  view-data: 3.3245410714298487
