times:
  edit-metadata: 2.3215356189757586
  landing: 0.16164111532270908
  view-data: 0.19772393442690372
