times:
  edit-metadata: 1.4705699593760073
  landing: 0.8397935363464057
  view-data: 3.415678347926587
