times:
  edit-metadata: 0.805400300770998
  landing: 0.04970621317625046
  view-data: 0.22351290099322796
