times:
  edit-metadata: 1.6760848052799702
  landing: 1.041237872093916
  view-data: 3.3538421280682087
