times:
  edit-metadata: 2.068371582776308
  landing: 0.15207160264253616
  view-data: 0.030314600095152855
