times:
  edit-metadata: 1.851627011783421
  landing: 0.023031161166727543
  view-data: 0.026408521458506584
