times:
  landing: 0.5501460799999904
  view-data: 0.5527092949999997
