times:
  landing: 1.1015807539999969
  view-data: 0.5586937260000013
