times:
  landing: 0.5612176860000204
  view-data: 0.5553014910000229
