times:
  edit-metadata: 1.7099525928497314
  landing: 0.8082167636603117
  view-data: 3.377803172916174
