times:
  edit-metadata: 0.8781745149753988
  landing: 0.055083408020436764
  view-data: 0.2513070550048724
