times:
  landing: 0.5527777050000395
  view-data: 0.5558489300000247
