times:
  edit-metadata: 2.137069895863533
  landing: 0.11908023804426193
  view-data: 0.14558070339262486
