times:
  edit-metadata: 1.4284269716590643
  landing: 0.7872463474050164
  view-data: 3.3212000131607056
