times:
  landing: 0.5575168849999841
  view-data: 0.5578813879999984
