times:
  edit-metadata: 1.8300865348428488
  landing: 0.02059168554842472
  view-data: 0.12214351538568735
