times:
  edit-metadata: 1.507771847769618
  landing: 0.868730504065752
  view-data: 3.412900796160102
