times:
  edit-metadata: 0.7756199440918863
  landing: 0.039255659794434905
  view-data: 0.2148452049586922
