times:
  landing: 0.5564455629999543
  view-data: 0.5573349379999968
