times:
  landing: 1.0691884080000023
  view-data: 0.5588457299999732
