times:
  edit-metadata: 0.7758958350168541
  landing: 0.04953149298671633
  view-data: 0.21202005504164845
