times:
  edit-metadata: 1.398123922990635
  landing: 0.07667428499553353
  view-data: 0.2689182920148596
