times:
  edit-metadata: 1.548353798687458
  landing: 0.7348676957190037
  view-data: 3.3206302486360073
