times:
  edit-metadata: 1.6950275357812643
  landing: 0.7041184939444065
  view-data: 0.35965848341584206
