times:
  edit-metadata: 1.486111219972372
  landing: 0.8949603885412216
  view-data: 3.335656810551882
