times:
  landing: 0.5439020540000001
  view-data: 0.5500861509999595
