times:
  landing: 1.0738823219999176
  view-data: 0.5626682000000756
