times:
  edit-metadata: 1.6684717312455177
  landing: 1.0301669985055923
  view-data: 3.4236561581492424
