times:
  edit-metadata: 0.8689634108450264
  landing: 0.05358960502780974
  view-data: 0.36513415398076177
