times:
  landing: 0.5541347870000095
  view-data: 0.5587887840000008
