times:
  edit-metadata: 0.7710226466879249
  landing: 0.035013116896152496
  view-data: 0.2374651487916708
