times:
  landing: 0.5539556780000225
  view-data: 0.5585604789999934
