times:
  landing: 1.0940798969999719
  view-data: 0.564093492999973
