times:
  edit-metadata: 1.5644038878381252
  landing: 1.2344089932739735
  view-data: 3.4037063121795654
