times:
  edit-metadata: 1.7635607235133648
  landing: 0.22110757417976856
  view-data: 0.02346775494515896
