times:
  edit-metadata: 2.398627983406186
  landing: 0.022002654150128365
  view-data: 0.1594151072204113
