times:
  landing: 1.0768760260000363
  view-data: 0.5627386109999861
