times:
  edit-metadata: 1.5638149492442608
  landing: 0.8536921553313732
  view-data: 3.4291578978300095
