times:
  edit-metadata: 1.5431646667420864
  landing: 0.9895133674144745
  view-data: 3.432737175375223
