times:
  edit-metadata: 1.806844588369131
  landing: 0.5391861759126186
  view-data: 0.23303906619548798
