times:
  edit-metadata: 1.9142005778849125
  landing: 0.02335249073803425
  view-data: 0.027656491845846176
