times:
  edit-metadata: 0.782556033693254
  landing: 0.04819890111684799
  view-data: 0.20988444704562426
