times:
  edit-metadata: 0.7675754979718477
  landing: 0.04521340411156416
  view-data: 0.21569825010374188
