times:
  edit-metadata: 1.5601613223552704
  landing: 0.051826514303684235
  view-data: 0.21710624545812607
