times:
  landing: 0.54509276400006
  view-data: 0.5601342589999376
