times:
  edit-metadata: 1.513282436877489
  landing: 0.04190448299050331
  view-data: 0.2164972573518753
