times:
  edit-metadata: 1.944924471899867
  landing: 0.18597075529396534
  view-data: 0.24608471430838108
