times:
  landing: 0.5529995510000276
  view-data: 0.568701768999972
