times:
  edit-metadata: 1.7318653129041195
  landing: 1.0572943091392517
  view-data: 3.369655191898346
