times:
  edit-metadata: 1.5398136554285884
  landing: 0.8921718606725335
  view-data: 3.4326906679198146
