times:
  edit-metadata: 1.4173023481853306
  landing: 4.123941890429705
  view-data: 3.3240563231520355
