times:
  edit-metadata: 1.9323062915354967
  landing: 0.0678342953324318
  view-data: 0.02503555454313755
