times:
  edit-metadata: 1.1689269780181348
  landing: 0.08995527727529407
  view-data: 0.2426924998871982
