times:
  edit-metadata: 0.856360720936209
  landing: 0.047470707911998034
  view-data: 0.2045646170154214
