times:
  edit-metadata: 0.8395138997584581
  landing: 0.4282042644917965
  view-data: 0.21654383093118668
