times:
  edit-metadata: 0.8432247266173363
  landing: 0.059333350509405136
  view-data: 0.23486948013305664
