times:
  edit-metadata: 1.530245492234826
  landing: 0.8054920230060816
  view-data: 3.423770697787404
