times:
  landing: 2.298327748896554
  view-data: 0.03508773306384683
