times:
  edit-metadata: 1.8429883401840925
  landing: 0.79277672059834
  view-data: 0.36188558861613274
