times:
  edit-metadata: 1.566512681543827
  landing: 0.8524816632270813
  view-data: 3.4852073695510626
