times:
  landing: 0.5430665009999984
  view-data: 0.5455674380000346
