times:
  edit-metadata: 1.72001214325428
  landing: 1.1125761717557907
  view-data: 3.3903548680245876
