times:
  edit-metadata: 0.8100836279336363
  landing: 0.08516416186466813
  view-data: 0.2786939770448953
