times:
  edit-metadata: 0.7768871929729357
  landing: 0.04445958699216135
  view-data: 0.20596637300332077
