times:
  landing: 0.548153018999983
  view-data: 0.5552774079999949
