times:
  edit-metadata: 1.5189908910542727
  landing: 0.7920151650905609
  view-data: 3.3686615861952305
