times:
  edit-metadata: 1.5305772237479687
  landing: 0.8688903786242008
  view-data: 3.403712966479361
