times:
  edit-metadata: 1.5678033530712128
  landing: 1.0948779582977295
  view-data: 0.6301210504025221
