times:
  edit-metadata: 0.8336177910678089
  landing: 0.04009864013642073
  view-data: 0.2288644569925964
