times:
  edit-metadata: 1.8178481962531805
  landing: 0.21497758105397224
  view-data: 0.023733748123049736
