times:
  landing: 0.5399797439999929
  view-data: 0.5420534679999491
