times:
  edit-metadata: 1.7901212610304356
  landing: 0.1591100124642253
  view-data: 0.2272221790626645
