times:
  landing: 0.5954416239999887
  view-data: 0.5579340689999981
