times:
  edit-metadata: 1.8798713441938162
  landing: 0.021484648808836937
  view-data: 0.3327001463621855
