times:
  landing: 0.5528232830000093
  view-data: 0.5588995210000007
