times:
  edit-metadata: 1.8659440325573087
  landing: 0.02138491440564394
  view-data: 0.12127458769828081
