times:
  edit-metadata: 0.7715440569445491
  landing: 0.04341078992001712
  view-data: 0.20887874602340162
