times:
  landing: 0.5518849019999834
  view-data: 0.5614950100000442
