times:
  edit-metadata: 1.8218052722513676
  landing: 0.5621011462062597
  view-data: 0.26214259304106236
