times:
  edit-metadata: 1.754065915942192
  landing: 0.04737603850662708
  view-data: 0.22455411590635777
