times:
  edit-metadata: 0.7960303393192589
  landing: 0.043509459123015404
  view-data: 0.21616612188518047
