times:
  edit-metadata: 1.5059828478842974
  landing: 1.0179684404283762
  view-data: 3.289916731417179
