times:
  landing: 0.5565498700000262
  view-data: 0.574527651999972
