times:
  edit-metadata: 0.7916514063253999
  landing: 0.04859019536525011
  view-data: 0.2231855122372508
