times:
  edit-metadata: 1.3418527971953154
  landing: 0.9086592169478536
  view-data: 3.4099582647904754
