times:
  landing: 1.5879702539999698
  view-data: 0.5536896099999922
