times:
  edit-metadata: 1.4651715643703938
  landing: 0.8794275261461735
  view-data: 3.4972264729440212
