times:
  edit-metadata: 1.5249470472335815
  landing: 0.7811252530664206
  view-data: 3.3228992950171232
