times:
  edit-metadata: 1.544802188873291
  landing: 0.8027342725545168
  view-data: 3.427335334941745
