times:
  landing: 1.066372441999988
  view-data: 0.560940893999998
