times:
  landing: 0.5490268560000118
  view-data: 0.5537150270000097
