times:
  edit-metadata: 0.89151774905622
  landing: 0.052935689920559525
  view-data: 0.2280657469527796
