times:
  landing: 0.549695942999989
  view-data: 0.5506725040000049
