times:
  edit-metadata: 1.6294224602170289
  landing: 0.8358320030383766
  view-data: 3.346133520361036
