times:
  edit-metadata: 1.5831382311880589
  landing: 0.8752021230757236
  view-data: 3.412507589906454
