times:
  edit-metadata: 1.8473471626639366
  landing: 0.021084729582071304
  view-data: 0.02451134193688631
