times:
  edit-metadata: 1.4291990771889687
  landing: 0.8792180120944977
  view-data: 3.305681385099888
