times:
  landing: 1.0581812169999694
  view-data: 0.5507593189998943
