times:
  edit-metadata: 1.7888811770826578
  landing: 0.2059063659980893
  view-data: 0.42314095236361027
