times:
  landing: 1.629401492999989
  view-data: 0.5509984550000127
