times:
  edit-metadata: 1.584761405363679
  landing: 0.7914725467562675
  view-data: 3.4208779633045197
