times:
  edit-metadata: 1.518236855044961
  landing: 0.7985934317111969
  view-data: 3.4352272246032953
