times:
  edit-metadata: 1.5235574301332235
  landing: 0.8179919961839914
  view-data: 0.6703337840735912
