times:
  edit-metadata: 1.5211549773812294
  landing: 0.04182234779000282
  view-data: 0.22120953723788261
