times:
  edit-metadata: 1.7886708434671164
  landing: 0.02047324925661087
  view-data: 0.025613315403461456
