times:
  edit-metadata: 0.9470012467354536
  landing: 0.07511572726070881
  view-data: 0.22252389835193753
