times:
  edit-metadata: 1.4463187232613564
  landing: 0.9439910054206848
  view-data: 3.3461244106292725
