times:
  landing: 1.0887895019999405
  view-data: 0.5599637189999385
