times:
  edit-metadata: 1.8782244846224785
  landing: 0.01888962648808956
  view-data: 0.39608355797827244
