times:
  edit-metadata: 2.1893916092813015
  landing: 0.184691003523767
  view-data: 0.5232316879555583
