times:
  edit-metadata: 2.1838270984590054
  landing: 1.1842457167804241
  view-data: 3.369340356439352
