times:
  landing: 0.559135719000011
  view-data: 0.561015316999999
