times:
  edit-metadata: 0.7701620487496257
  landing: 0.04076142469421029
  view-data: 0.22101432783529162
