times:
  edit-metadata: 0.8218628880567849
  landing: 0.04188474174588919
  view-data: 0.2255518459714949
