times:
  landing: 0.5569270949999918
  view-data: 0.5689129959999946
