times:
  edit-metadata: 1.8491133991628885
  landing: 0.020170673727989197
  view-data: 0.1340816244482994
