times:
  landing: 1.073369667999998
  view-data: 0.5623161070000151
