times:
  edit-metadata: 0.8706771386787295
  landing: 0.05517454165965319
  view-data: 0.2394496346823871
