times:
  edit-metadata: 1.8743390869349241
  landing: 0.19534782320261002
  view-data: 0.39263895712792873
