times:
  edit-metadata: 0.9187309569970239
  landing: 0.06646114500472322
  view-data: 0.2505233510164544
