times:
  edit-metadata: 1.5759108420461416
  landing: 0.8711166456341743
  view-data: 3.431725762784481
