times:
  landing: 1.077815467999983
  view-data: 0.5654628259999868
