times:
  edit-metadata: 0.7536795483902097
  landing: 0.04561999998986721
  view-data: 0.2246661214157939
