times:
  landing: 0.5510907260000408
  view-data: 0.5539367109999489
