times:
  edit-metadata: 1.513917002826929
  landing: 0.03906337544322014
  view-data: 0.22460975125432014
