times:
  edit-metadata: 1.8594781225547194
  landing: 0.01998973172158003
  view-data: 0.027303026989102364
