times:
  edit-metadata: 0.7935842308215797
  landing: 0.044180978089571
  view-data: 0.21603026939556003
