times:
  edit-metadata: 0.8117107190191746
  landing: 0.042481775395572186
  view-data: 0.22739703580737114
