times:
  landing: 1.113171049000016
  view-data: 0.5640631199999575
