times:
  edit-metadata: 1.4308871701359749
  landing: 0.8840520121157169
  view-data: 3.3769936934113503
