times:
  edit-metadata: 0.8019124632701278
  landing: 0.04252126067876816
  view-data: 0.21816135896369815
