times:
  edit-metadata: 1.8004773696884513
  landing: 0.19464364740997553
  view-data: 0.0244962340220809
