times:
  edit-metadata: 1.7907496765255928
  landing: 1.0931937620043755
  view-data: 3.392784610390663
