times:
  edit-metadata: 0.885325722003472
  landing: 0.04525484298937954
  view-data: 0.20513504500559065
