times:
  landing: 1.0729636989999563
  view-data: 0.5648976279999829
