times:
  edit-metadata: 3.2566837202757597
  landing: 0.8536851527169347
  view-data: 3.5837369919754565
