times:
  edit-metadata: 0.8576184390112758
  landing: 0.051190019119530916
  view-data: 0.22618978493846953
