times:
  edit-metadata: 1.8899258021265268
  landing: 0.11603101249784231
  view-data: 0.022810135036706924
