times:
  edit-metadata: 0.7853659859392792
  landing: 0.04544844897463918
  view-data: 0.21223300695419312
