times:
  edit-metadata: 0.7818762571550906
  landing: 0.03993998793885112
  view-data: 0.23410357115790248
