times:
  landing: 0.55099978100003
  view-data: 0.5653096560000108
