times:
  edit-metadata: 0.9497477740005706
  landing: 0.06563237899536034
  view-data: 0.39805522600363474
