times:
  edit-metadata: 0.8810126334428787
  landing: 0.611137118190527
  view-data: 0.6126546077430248
