times:
  edit-metadata: 1.5232705175876617
  landing: 0.8320779073983431
  view-data: 3.3896621726453304
