times:
  edit-metadata: 1.9391676373779774
  landing: 0.1435724813491106
  view-data: 0.0230636578053236
