times:
  edit-metadata: 1.5494213309139013
  landing: 0.6308660078793764
  view-data: 0.6496983114629984
