times:
  edit-metadata: 0.8223880464211106
  landing: 0.042023652233183384
  view-data: 0.22703900933265686
