times:
  landing: 0.5486281280000185
  view-data: 0.5507809279999947
