times:
  edit-metadata: 1.6558906212449074
  landing: 0.04451636038720608
  view-data: 0.23162461631000042
