times:
  edit-metadata: 1.5920846052467823
  landing: 0.597864743322134
  view-data: 0.6292621996253729
