times:
  edit-metadata: 1.8095049588009715
  landing: 0.019695088267326355
  view-data: 0.024218155071139336
