times:
  edit-metadata: 0.8816474578343332
  landing: 0.04458150826394558
  view-data: 0.21514054527506232
