times:
  edit-metadata: 2.001811834052205
  landing: 0.022580175660550594
  view-data: 0.04418322257697582
