times:
  edit-metadata: 0.8638322420301847
  landing: 0.04708320397185162
  view-data: 0.22774777800077572
