times:
  edit-metadata: 0.7831200240179896
  landing: 0.048676202073693275
  view-data: 0.20905500883236527
