times:
  landing: 0.6312743419999833
  view-data: 0.5649754080000093
