times:
  edit-metadata: 1.521404206752777
  landing: 0.04301102086901665
  view-data: 0.22060851007699966
