times:
  landing: 1.0632144840000137
  view-data: 0.5511024710000356
