times:
  landing: 0.5418377529999816
  view-data: 0.5445254240000281
