times:
  landing: 0.5555988899999988
  view-data: 0.554597732000019
