times:
  edit-metadata: 2.2197729889303446
  landing: 1.5567166339606047
  view-data: 3.713958105072379
