times:
  edit-metadata: 1.464785996824503
  landing: 0.9967091828584671
  view-data: 3.350357886403799
