times:
  edit-metadata: 1.5707337856292725
  landing: 1.0292788445949554
  view-data: 3.5509145744144917
