times:
  edit-metadata: 1.400761305121705
  landing: 0.915053942007944
  view-data: 3.3693796889856458
