times:
  edit-metadata: 0.8792619759915397
  landing: 0.046816040005069226
  view-data: 0.26088306299061514
