times:
  edit-metadata: 1.4683956139488146
  landing: 0.8650063419481739
  view-data: 3.324165537022054
