times:
  landing: 0.5530085529999837
  view-data: 0.5615896200000066
