times:
  edit-metadata: 3.0940427612513304
  landing: 0.6986718792468309
  view-data: 0.4376431107521057
