times:
  edit-metadata: 1.5128315761685371
  landing: 0.7087347097694874
  view-data: 3.249932177364826
