times:
  edit-metadata: 1.8131752940003025
  landing: 0.08840259299995523
  view-data: 0.3983511780002118
