times:
  edit-metadata: 1.6706889234483242
  landing: 0.9310189932584763
  view-data: 3.4395844228565693
