times:
  edit-metadata: 1.8343853121623397
  landing: 0.10911743901669979
  view-data: 0.027489149011671543
