times:
  edit-metadata: 1.8067676164209843
  landing: 0.15268888138234615
  view-data: 0.025146929547190666
