times:
  edit-metadata: 1.4020288065075874
  landing: 0.9068817906081676
  view-data: 3.3435241766273975
