times:
  edit-metadata: 1.5273795500397682
  landing: 0.8176062069833279
  view-data: 3.362686924636364
