times:
  edit-metadata: 1.803165065124631
  landing: 0.17964675929397345
  view-data: 0.12139246519654989
