times:
  edit-metadata: 1.4418965941295028
  landing: 0.8655850209761411
  view-data: 3.387506158091128
