times:
  edit-metadata: 1.5321408610325307
  landing: 0.8190701000858098
  view-data: 3.352291162009351
