times:
  edit-metadata: 1.8673347299918532
  landing: 0.020289155654609203
  view-data: 0.02639018651098013
