times:
  edit-metadata: 1.5770091842859983
  landing: 0.8594381958246231
  view-data: 3.35387628339231
