times:
  edit-metadata: 1.492488907650113
  landing: 0.8940108828246593
  view-data: 3.405701095238328
