times:
  edit-metadata: 1.5635223723948002
  landing: 0.5834778677672148
  view-data: 0.6334262769669294
