times:
  edit-metadata: 1.5809057150036097
  landing: 0.7051696665585041
  view-data: 0.20869238302111626
