times:
  edit-metadata: 1.564992941915989
  landing: 0.039495304226875305
  view-data: 0.22369324043393135
