times:
  edit-metadata: 2.3166303881444037
  landing: 1.4110651719383895
  view-data: 3.3546687830239534
