times:
  edit-metadata: 1.3735380358994007
  landing: 0.7601248510181904
  view-data: 3.2628319561481476
