times:
  edit-metadata: 0.8131884029135108
  landing: 0.04481924278661609
  view-data: 0.2082103886641562
