times:
  edit-metadata: 1.5709574334323406
  landing: 0.9639926627278328
  view-data: 3.432990349829197
