times:
  edit-metadata: 1.8601715546101332
  landing: 0.0259306812658906
  view-data: 0.22341472003608942
