times:
  edit-metadata: 0.74697077088058
  landing: 0.8165199104696512
  view-data: 0.33623291924595833
