times:
  landing: 0.5695039780000002
  view-data: 0.5703700319999712
