times:
  edit-metadata: 0.8866295870393515
  landing: 0.0592964761890471
  view-data: 0.3895175880752504
