times:
  landing: 1.1041482350000251
  view-data: 0.5579980809999938
