times:
  edit-metadata: 5.743312258273363
  landing: 2.32708203420043
  view-data: 3.9007784500718117
