times:
  landing: 0.5547280920000048
  view-data: 0.5612027650000186
