times:
  landing: 1.1226643219999914
  view-data: 0.5542635059999839
