times:
  edit-metadata: 1.831631539389491
  landing: 0.022272400557994843
  view-data: 0.09747244045138359
