times:
  edit-metadata: 1.8718882650136948
  landing: 0.18469461612403393
  view-data: 0.3163712862879038
