times:
  edit-metadata: 1.3638028353452682
  landing: 0.7893717074766755
  view-data: 3.3783161183819175
