times:
  landing: 2.1211688139999296
  view-data: 1.0763109440000562
