times:
  edit-metadata: 1.3411571513861418
  landing: 0.7513940185308456
  view-data: 3.2951530814170837
