times:
  edit-metadata: 1.0784555580466986
  landing: 0.06238478422164917
  view-data: 0.3706427370198071
