times:
  edit-metadata: 0.9529131929739378
  landing: 0.0482895839959383
  view-data: 0.23655604402301833
