times:
  landing: 0.560025048
  view-data: 0.5632810649999556
