times:
  landing: 1.076175955999986
  view-data: 0.5671532709999951
