times:
  edit-metadata: 1.4755569007247686
  landing: 0.8545887134969234
  view-data: 3.3227853048592806
