times:
  edit-metadata: 1.5221091005951166
  landing: 1.6253793966025114
  view-data: 0.6189452484250069
