times:
  edit-metadata: 0.8233424881473184
  landing: 0.0474338810890913
  view-data: 0.21002915990538895
