times:
  edit-metadata: 1.461098127067089
  landing: 0.8583895307965577
  view-data: 3.3475812980905175
