times:
  edit-metadata: 0.9589396179653704
  landing: 0.052324529038742185
  view-data: 0.27075942599913105
