times:
  edit-metadata: 1.9206784823909402
  landing: 0.01892397366464138
  view-data: 0.42443133518099785
