times:
  edit-metadata: 1.777511702850461
  landing: 0.02055460959672928
  view-data: 0.026676179841160774
