times:
  edit-metadata: 1.9035178003832698
  landing: 0.022696771658957005
  view-data: 0.12326963618397713
