times:
  edit-metadata: 0.8707709050004269
  landing: 0.0533154189997731
  view-data: 0.23205363100078102
