times:
  edit-metadata: 1.2194410911761224
  landing: 0.10381716303527355
  view-data: 0.35375182004645467
