times:
  edit-metadata: 1.937331112101674
  landing: 0.13960921950638294
  view-data: 0.0223406795412302
