times:
  edit-metadata: 1.8110682033002377
  landing: 0.02145831286907196
  view-data: 0.3979794345796108
