times:
  edit-metadata: 2.283060112968087
  landing: 0.22135909646749496
  view-data: 0.4492569603025913
