times:
  landing: 1.0728969320000488
  view-data: 0.5552497229999744
