times:
  edit-metadata: 2.0977823454886675
  landing: 0.050935953855514526
  view-data: 0.027362020686268806
