times:
  edit-metadata: 1.4637938663363457
  landing: 0.03990979492664337
  view-data: 0.21842272207140923
