times:
  edit-metadata: 0.9396177379999244
  landing: 0.050589199000114604
  view-data: 0.23818229100015742
