times:
  edit-metadata: 0.9560758259613067
  landing: 0.05090554989874363
  view-data: 0.24880196107551455
