times:
  edit-metadata: 0.7668951568193734
  landing: 0.03566653002053499
  view-data: 0.2091377293691039
