times:
  edit-metadata: 2.153849970549345
  landing: 1.4098009020090103
  view-data: 0.7027696631848812
