times:
  edit-metadata: 1.535242859274149
  landing: 0.9376892633736134
  view-data: 3.337766908109188
