times:
  edit-metadata: 0.87856197997462
  landing: 0.045641281991265714
  view-data: 0.23627265996765345
