times:
  edit-metadata: 1.4535432495176792
  landing: 0.8303791917860508
  view-data: 3.344429537653923
