times:
  edit-metadata: 0.8861817920114845
  landing: 0.058452832978218794
  view-data: 0.4067551239859313
