times:
  edit-metadata: 1.6751223281025887
  landing: 0.5652452446520329
  view-data: 0.6250880546867847
