times:
  landing: 0.5466877910000107
  view-data: 0.5487506729999723
