times:
  edit-metadata: 1.8739423546940088
  landing: 0.17403150536119938
  view-data: 0.5001502241939306
