times:
  edit-metadata: 0.7844872768037021
  landing: 0.04636021098122001
  view-data: 0.21411234699189663
