times:
  edit-metadata: 1.804160695988685
  landing: 1.0364724211394787
  view-data: 3.5486565579194576
