times:
  landing: 0.5490902959999744
  view-data: 0.5457932539999888
