times:
  edit-metadata: 1.9505372899584472
  landing: 1.2322998261079192
  view-data: 3.452139137778431
