times:
  edit-metadata: 1.27493697963655
  landing: 0.21960264537483454
  view-data: 0.3089554808102548
