times:
  edit-metadata: 1.4753271481022239
  landing: 0.8953682039864361
  view-data: 3.374205351341516
