times:
  landing: 0.5479238269999769
  view-data: 0.5529674919999934
