times:
  edit-metadata: 1.8325323136523366
  landing: 0.02464135643094778
  view-data: 0.1017500376328826
