times:
  edit-metadata: 1.6909084729850292
  landing: 0.6111454330384731
  view-data: 0.628368591889739
