times:
  edit-metadata: 1.8211513236165047
  landing: 1.0805826811119914
  view-data: 3.334614720195532
