times:
  edit-metadata: 1.6647351291030645
  landing: 0.9104024730622768
  view-data: 3.400153322145343
