times:
  landing: 0.5498689080000077
  view-data: 0.5552836079999679
