times:
  landing: 1.0766210730000125
  view-data: 0.5492701490000513
