times:
  landing: 0.5737025279999557
  view-data: 0.5608960470000284
