times:
  edit-metadata: 1.9678102536126971
  landing: 0.021883622743189335
  view-data: 0.02653689682483673
