times:
  edit-metadata: 0.857348799938336
  landing: 0.04493180685676634
  view-data: 0.24292508116923273
