times:
  edit-metadata: 0.8264978197403252
  landing: 0.05782592296600342
  view-data: 0.21306084282696247
