times:
  edit-metadata: 0.8766554701142013
  landing: 0.043299226788803935
  view-data: 0.245229717111215
