times:
  edit-metadata: 0.8525376839970704
  landing: 0.04087456001434475
  view-data: 0.21588853799039498
