times:
  edit-metadata: 1.5361040197312832
  landing: 0.8117480631917715
  view-data: 3.3735774978995323
