times:
  edit-metadata: 1.8471388723701239
  landing: 0.02218787930905819
  view-data: 0.13680804893374443
