times:
  edit-metadata: 0.9527928121387959
  landing: 0.05617009801790118
  view-data: 0.37024467810988426
