times:
  edit-metadata: 2.6302118841558695
  landing: 1.6580465883016586
  view-data: 3.844502665102482
