times:
  landing: 1.0697400720000019
  view-data: 0.5503106789999777
