times:
  edit-metadata: 0.8220959610771388
  landing: 0.05053407698869705
  view-data: 0.2167015759041533
