times:
  edit-metadata: 1.7968949833884835
  landing: 0.020560327917337418
  view-data: 0.12612931989133358
