times:
  edit-metadata: 1.4279880510875955
  landing: 0.7967190799536183
  view-data: 3.2596376630244777
