times:
  edit-metadata: 0.7765565500594676
  landing: 0.038176738657057285
  view-data: 0.2250306881032884
