times:
  edit-metadata: 1.973557824268937
  landing: 0.02198879513889551
  view-data: 0.024222484789788723
