times:
  edit-metadata: 1.5702824722975492
  landing: 0.8635179530829191
  view-data: 3.39831281080842
