times:
  edit-metadata: 1.4466445185244083
  landing: 0.9000311978161335
  view-data: 3.3674177303910255
