times:
  edit-metadata: 1.4402177929878235
  landing: 1.0531755611300468
  view-data: 3.354997381567955
