times:
  landing: 0.5529885580000382
  view-data: 0.5649003500000163
