times:
  edit-metadata: 0.8717373721301556
  landing: 0.042422848055139184
  view-data: 0.2194993169978261
