times:
  edit-metadata: 1.432691678404808
  landing: 0.8760435581207275
  view-data: 3.3348982222378254
