times:
  edit-metadata: 1.5359683521091938
  landing: 0.9943345244973898
  view-data: 3.4369915388524532
