times:
  edit-metadata: 0.9575656600063667
  landing: 0.052502236008876935
  view-data: 0.25062441601767205
