times:
  edit-metadata: 1.8791700135916471
  landing: 0.2023355420678854
  view-data: 0.027766713872551918
