times:
  edit-metadata: 1.987508000805974
  landing: 0.19828754663467407
  view-data: 0.02442680113017559
