times:
  edit-metadata: 1.4987952271476388
  landing: 0.7691635109949857
  view-data: 3.286819100845605
