times:
  edit-metadata: 1.509992117062211
  landing: 0.7551966365426779
  view-data: 3.3703206181526184
