times:
  edit-metadata: 1.7832777323201299
  landing: 0.021123732440173626
  view-data: 0.12144928146153688
