times:
  edit-metadata: 0.7586563276126981
  landing: 0.09041845612227917
  view-data: 0.23643644200637937
