times:
  edit-metadata: 1.7695179609581828
  landing: 0.11627848353236914
  view-data: 0.028424530290067196
