times:
  edit-metadata: 1.868263278156519
  landing: 1.1771110529080033
  view-data: 3.648671545088291
