times:
  edit-metadata: 0.8106394875794649
  landing: 0.045786111149936914
  view-data: 0.2101797224022448
