times:
  landing: 1.0610356210000305
  view-data: 0.5511443319999785
