times:
  edit-metadata: 1.9756347965449095
  landing: 0.11733115091919899
  view-data: 0.05328504554927349
