times:
  edit-metadata: 0.8280223170295358
  landing: 0.03970474191009998
  view-data: 0.21073676040396094
