times:
  edit-metadata: 1.4681370630860329
  landing: 0.9505537115037441
  view-data: 3.364572089165449
