times:
  edit-metadata: 1.383016432984732
  landing: 0.30313348496565595
  view-data: 0.3127143439487554
