times:
  edit-metadata: 0.8308336138725281
  landing: 0.0908271879889071
  view-data: 0.2938628667034209
