times:
  edit-metadata: 0.8116553910076618
  landing: 0.044942066073417664
  view-data: 0.20705014280974865
