times:
  landing: 0.5599819030000504
  view-data: 0.5592627959999845
