times:
  edit-metadata: 0.899405462667346
  landing: 0.672236068174243
  view-data: 0.26290595158934593
