times:
  edit-metadata: 1.5475476998835802
  landing: 0.8028974495828152
  view-data: 3.3341315127909184
