times:
  edit-metadata: 0.7460108799859881
  landing: 0.046908616088330746
  view-data: 0.21513374103233218
