times:
  edit-metadata: 1.4346565194427967
  landing: 0.8364179618656635
  view-data: 3.298642225563526
