times:
  edit-metadata: 1.796802249737084
  landing: 0.020566684193909168
  view-data: 0.12115823570638895
