times:
  landing: 1.0664591419999851
  view-data: 0.5498902319999956
