times:
  edit-metadata: 0.916291362605989
  landing: 0.06463301600888371
  view-data: 0.2581226001493633
