times:
  edit-metadata: 0.9174417019821703
  landing: 0.05446818983182311
  view-data: 0.24694878282025456
