times:
  edit-metadata: 1.7998064327985048
  landing: 0.022055462934076786
  view-data: 0.44333322439342737
