times:
  edit-metadata: 1.8325681425631046
  landing: 0.021736348047852516
  view-data: 0.025891179218888283
