times:
  edit-metadata: 1.6127784959971905
  landing: 0.9490361511707306
  view-data: 3.3396181389689445
