times:
  edit-metadata: 1.7912902645766735
  landing: 0.019236748106777668
  view-data: 0.4801927926018834
