times:
  edit-metadata: 1.8065387066453695
  landing: 0.12141261994838715
  view-data: 0.025994179770350456
