times:
  edit-metadata: 0.7552571259438992
  landing: 0.03976924065500498
  view-data: 0.215535803232342
