times:
  edit-metadata: 1.4369830349460244
  landing: 0.8228190038353205
  view-data: 3.3750341669656336
