times:
  edit-metadata: 1.156856691930443
  landing: 0.06426945235580206
  view-data: 0.3412453201599419
