times:
  landing: 0.5524282789999688
  view-data: 0.5564229389999582
