times:
  edit-metadata: 0.8113950248807669
  landing: 0.06406296277418733
  view-data: 0.2154895393177867
