times:
  landing: 0.550334657999997
  view-data: 0.559183236000024
