times:
  edit-metadata: 1.1279926523566246
  landing: 0.050724569242447615
  view-data: 0.3650669208727777
