times:
  edit-metadata: 2.4311393965035677
  landing: 1.4163818378001451
  view-data: 3.720543382689357
