times:
  edit-metadata: 0.7757012802176178
  landing: 0.046407487243413925
  view-data: 0.21585819870233536
