times:
  edit-metadata: 2.7819598922505975
  landing: 0.3193361796438694
  view-data: 0.7684662267565727
