times:
  edit-metadata: 1.543340110220015
  landing: 0.8134996388107538
  view-data: 3.378033990971744
