times:
  edit-metadata: 2.4075333420187235
  landing: 0.29416154976934195
  view-data: 0.831377892754972
