times:
  edit-metadata: 0.7977517051622272
  landing: 0.039711495861411095
  view-data: 0.21570021007210016
