times:
  landing: 0.5588647780000429
  view-data: 0.5624325559999761
