times:
  edit-metadata: 1.494559671729803
  landing: 0.9015195108950138
  view-data: 3.3435577154159546
