times:
  edit-metadata: 0.9734785180044128
  landing: 0.050393426994560286
  view-data: 0.2343292629957432
