times:
  edit-metadata: 1.387849360704422
  landing: 0.7728289514780045
  view-data: 3.333681743592024
