times:
  edit-metadata: 1.4998356103897095
  landing: 0.044548336416482925
  view-data: 0.22457725554704666
