times:
  edit-metadata: 0.8816151430364698
  landing: 0.056739316089078784
  view-data: 0.2557494440115988
