times:
  edit-metadata: 1.4575091041624546
  landing: 0.03957995027303696
  view-data: 0.21818900108337402
