times:
  edit-metadata: 0.7997989756986499
  landing: 0.04128160886466503
  view-data: 0.23093307856470346
