times:
  edit-metadata: 1.6761098755523562
  landing: 1.029375510290265
  view-data: 3.3589363852515817
