times:
  edit-metadata: 0.8177508371882141
  landing: 0.04878619988448918
  view-data: 0.24044357892125845
