times:
  edit-metadata: 1.5738034136593342
  landing: 0.8429811485111713
  view-data: 3.429993584752083
