times:
  edit-metadata: 1.7971298359334469
  landing: 0.021419046446681023
  view-data: 0.027917159721255302
