times:
  edit-metadata: 1.8485582238063216
  landing: 0.021139536052942276
  view-data: 0.40247884951531887
