times:
  landing: 0.5492087060000017
  view-data: 0.5513718059999633
