times:
  edit-metadata: 0.7874981770291924
  landing: 0.047189670614898205
  view-data: 0.7356359614059329
