times:
  edit-metadata: 1.6247491054236889
  landing: 1.062134025618434
  view-data: 0.39378391951322556
