times:
  edit-metadata: 1.6846660058945417
  landing: 1.1018137615174055
  view-data: 0.6242455802857876
