times:
  edit-metadata: 1.8507382199168205
  landing: 0.12390690390020609
  view-data: 0.39987112022936344
