times:
  landing: 0.5461253849999821
  view-data: 0.5605646180000008
