times:
  landing: 0.5399458029999948
  view-data: 0.5456082739999886
