times:
  edit-metadata: 1.6316635347902775
  landing: 0.046616293489933014
  view-data: 0.21829086542129517
