times:
  edit-metadata: 0.7831258469959721
  landing: 0.040994882001541555
  view-data: 0.20886780798900872
