times:
  edit-metadata: 1.564518567174673
  landing: 0.945949625223875
  view-data: 3.381603315472603
