times:
  edit-metadata: 0.8916611990425736
  landing: 0.049577436060644686
  view-data: 0.2372107170522213
