times:
  edit-metadata: 1.4512002249248326
  landing: 0.8382105049677193
  view-data: 3.391914810054004
