times:
  landing: 0.5551183790000209
  view-data: 0.5583656470000165
