times:
  edit-metadata: 0.8958358250092715
  landing: 0.0516761289909482
  view-data: 0.2162272830028087
