times:
  landing: 0.5484031649999679
  view-data: 0.5510602010000412
