times:
  edit-metadata: 0.772481607273221
  landing: 0.5184721946716309
  view-data: 0.21433289721608162
