times:
  edit-metadata: 1.9067242471501231
  landing: 0.21420025546103716
  view-data: 0.24187940452247858
