times:
  edit-metadata: 0.767761570867151
  landing: 0.043343348894268274
  view-data: 0.21357011562213302
