times:
  edit-metadata: 0.9521375769982114
  landing: 0.04870874196058139
  view-data: 0.24104356102179736
