times:
  edit-metadata: 1.4485064074397087
  landing: 1.0181526355445385
  view-data: 3.5003630481660366
