times:
  edit-metadata: 1.5495114140212536
  landing: 0.041585538536310196
  view-data: 0.22258510068058968
