times:
  edit-metadata: 1.8468512957915664
  landing: 0.022362803108990192
  view-data: 0.11968167033046484
