times:
  edit-metadata: 0.8845292739570141
  landing: 0.7086281459778547
  view-data: 0.25796982645988464
