times:
  edit-metadata: 1.5917810425162315
  landing: 0.8617217615246773
  view-data: 3.33110773190856
