times:
  edit-metadata: 1.694281142205
  landing: 1.008400458842516
  view-data: 3.394616112112999
