times:
  edit-metadata: 1.8159394636750221
  landing: 0.01918594352900982
  view-data: 0.122183071449399
