times:
  edit-metadata: 1.3262969441711903
  landing: 0.08045774884521961
  view-data: 0.38623106107115746
