times:
  edit-metadata: 0.8501959519926459
  landing: 0.053955454961396754
  view-data: 0.22175823606085032
