times:
  landing: 1.0810720790000232
  view-data: 0.5627823849999913
