times:
  edit-metadata: 2.1652707047760487
  landing: 0.021319465711712837
  view-data: 0.025324786081910133
