times:
  edit-metadata: 1.8941704034805298
  landing: 0.9983707871288061
  view-data: 3.4949331525713205
