times:
  edit-metadata: 0.8169622300192714
  landing: 0.04035831522196531
  view-data: 0.22196736373007298
