times:
  edit-metadata: 1.8082487443462014
  landing: 0.02129321824759245
  view-data: 0.12821657862514257
