times:
  edit-metadata: 1.8521022964268923
  landing: 0.035995835438370705
  view-data: 0.02450423501431942
