times:
  edit-metadata: 2.7660770686343312
  landing: 1.4881783863529563
  view-data: 3.5164020378142595
