times:
  edit-metadata: 1.079413061030209
  landing: 0.10279979696497321
  view-data: 0.3354694149456918
