times:
  edit-metadata: 0.7972652087919414
  landing: 0.04077973775565624
  view-data: 0.21387353399768472
