times:
  edit-metadata: 1.8297636630013585
  landing: 0.11178154684603214
  view-data: 0.4183330526575446
