times:
  edit-metadata: 0.8513430114835501
  landing: 0.04303311463445425
  view-data: 0.23137630987912416
