times:
  edit-metadata: 0.7685000090277754
  landing: 0.04430987196974456
  view-data: 0.2063860060297884
