times:
  landing: 1.1199863719999712
  view-data: 0.5541995919999749
