times:
  edit-metadata: 1.7422067672014236
  landing: 3.6173737719655037
  view-data: 1.4847823474556208
