times:
  edit-metadata: 1.7890451522544026
  landing: 0.020367582328617573
  view-data: 0.026071020402014256
