times:
  edit-metadata: 1.8414029236882925
  landing: 0.02332243788987398
  view-data: 0.40373827423900366
