times:
  edit-metadata: 1.83528714440763
  landing: 0.24690463487058878
  view-data: 0.39762571826577187
