times:
  edit-metadata: 0.8491276139975525
  landing: 0.04520655196392909
  view-data: 0.2420836139936
