times:
  edit-metadata: 1.6154065802693367
  landing: 1.0159063562750816
  view-data: 3.33911656960845
