times:
  edit-metadata: 1.9917833339422941
  landing: 1.043036451563239
  view-data: 3.4890390783548355
