times:
  edit-metadata: 1.848784876987338
  landing: 0.2013643253594637
  view-data: 0.0246525751426816
