times:
  edit-metadata: 0.9035885070916265
  landing: 0.05718286195769906
  view-data: 0.256126853171736
