times:
  edit-metadata: 1.541500149294734
  landing: 1.3637492582201958
  view-data: 0.45018552988767624
