times:
  edit-metadata: 1.8931422801688313
  landing: 1.225766096264124
  view-data: 3.5648487377911806
