times:
  edit-metadata: 0.8085219040513039
  landing: 0.06666453601792455
  view-data: 0.23675075895152986
