times:
  landing: 0.5508755520000364
  view-data: 0.5602755769999703
