times:
  edit-metadata: 1.6346338111907244
  landing: 0.885154478251934
  view-data: 3.435696493834257
