times:
  edit-metadata: 0.971541475970298
  landing: 0.05415875185281038
  view-data: 0.2504940158687532
