times:
  edit-metadata: 0.8039724342525005
  landing: 0.0418557901866734
  view-data: 0.22004924714565277
