times:
  edit-metadata: 1.5807279497385025
  landing: 0.04741712287068367
  view-data: 0.22201833873987198
