times:
  edit-metadata: 1.6873850356787443
  landing: 0.9848887920379639
  view-data: 0.4444119315594435
