times:
  edit-metadata: 1.529657432809472
  landing: 1.6368015687912703
  view-data: 0.6213086470961571
