times:
  landing: 0.5634945620000167
  view-data: 0.5636581640000031
