times:
  edit-metadata: 1.532688781619072
  landing: 0.9188724905252457
  view-data: 3.3492175862193108
