times:
  edit-metadata: 0.9706059260061011
  landing: 0.05054231209214777
  view-data: 0.24665451899636537
