times:
  edit-metadata: 1.6028543412685394
  landing: 4.092888303101063
  view-data: 3.625211525708437
