times:
  edit-metadata: 1.832764808088541
  landing: 0.025065267458558083
  view-data: 0.13212794810533524
