times:
  edit-metadata: 1.6219685971736908
  landing: 0.5341396443545818
  view-data: 0.2523510903120041
