times:
  edit-metadata: 1.4495586699340492
  landing: 0.7895526851061732
  view-data: 3.3746943690348417
