times:
  landing: 0.5524110999999721
  view-data: 0.5534867960000156
