times:
  edit-metadata: 0.8470484861172736
  landing: 0.04756401805207133
  view-data: 0.2149112089537084
