times:
  landing: 0.5487216550000085
  view-data: 0.5547139639999727
