times:
  edit-metadata: 0.7475584649946541
  landing: 0.05094145890325308
  view-data: 0.20680940197780728
