times:
  edit-metadata: 1.514202183112502
  landing: 0.8308140654116869
  view-data: 3.3726329300552607
