times:
  edit-metadata: 1.5251497389981523
  landing: 0.9731741119176149
  view-data: 3.2977159350411966
