times:
  edit-metadata: 1.5150592625141144
  landing: 0.0439005121588707
  view-data: 0.23353667184710503
