times:
  edit-metadata: 1.662378791719675
  landing: 1.0684538334608078
  view-data: 3.4004117250442505
