times:
  landing: 0.5407809939999879
  view-data: 0.5444298439999784
