times:
  edit-metadata: 1.5750179402530193
  landing: 0.8031720668077469
  view-data: 3.350722510367632
