times:
  edit-metadata: 1.5176811832934618
  landing: 0.8099743109196424
  view-data: 3.4351032935082912
