times:
  edit-metadata: 0.8452974341344088
  landing: 0.05047721485607326
  view-data: 0.22110559605062008
