times:
  edit-metadata: 2.036697495728731
  landing: 0.14333432912826538
  view-data: 0.15584973245859146
