times:
  landing: 0.544156614000002
  view-data: 0.548770066000003
