times:
  edit-metadata: 1.1271866653114557
  landing: 0.05702742887660861
  view-data: 0.27263463800773025
