times:
  edit-metadata: 1.4586196765303612
  landing: 0.7917678020894527
  view-data: 3.3464807458221912
