times:
  edit-metadata: 0.9766186708584428
  landing: 0.05026938486844301
  view-data: 0.23992535704746842
