times:
  landing: 0.5478018019999809
  view-data: 0.5539375710000058
