times:
  edit-metadata: 1.7410063743591309
  landing: 0.8989308662712574
  view-data: 0.2601021621376276
