times:
  edit-metadata: 1.5779845863580704
  landing: 1.0481466501951218
  view-data: 3.449559770524502
