times:
  edit-metadata: 0.8788899008650333
  landing: 0.04530538897961378
  view-data: 0.2492089078295976
