times:
  edit-metadata: 1.5172347091138363
  landing: 0.7861346192657948
  view-data: 3.429818255826831
