times:
  edit-metadata: 1.8666088487952948
  landing: 0.02004804089665413
  view-data: 0.02803458832204342
