times:
  edit-metadata: 0.9444457900244743
  landing: 0.05436890909913927
  view-data: 0.26467956602573395
