times:
  edit-metadata: 1.8194520706310868
  landing: 0.018465508706867695
  view-data: 0.19801861234009266
