times:
  edit-metadata: 1.1029542589967605
  landing: 0.10881869200966321
  view-data: 0.36259306300780736
