times:
  edit-metadata: 1.4293870776891708
  landing: 0.9184489473700523
  view-data: 3.3022033758461475
