times:
  edit-metadata: 1.5355659630004084
  landing: 0.046620438999525504
  view-data: 0.21952627900100197
