times:
  edit-metadata: 0.7464494460145943
  landing: 0.04120548302307725
  view-data: 0.2001290189800784
