times:
  edit-metadata: 1.4634032580070198
  landing: 0.7811877131462097
  view-data: 3.362713382113725
