times:
  edit-metadata: 1.8550847927108407
  landing: 0.02240864373743534
  view-data: 0.4371697288006544
