times:
  edit-metadata: 1.6841283440589905
  landing: 1.0574747286736965
  view-data: 3.485444337129593
