times:
  edit-metadata: 0.7940639574080706
  landing: 0.04211198166012764
  view-data: 0.23522498924285173
