times:
  edit-metadata: 1.6911256443709135
  landing: 0.5730145405977964
  view-data: 0.24831307493150234
