times:
  edit-metadata: 0.7898149079410359
  landing: 0.03819835395552218
  view-data: 0.21273243299219757
