times:
  edit-metadata: 1.5787482038140297
  landing: 0.8040866442024708
  view-data: 3.3632086366415024
