times:
  edit-metadata: 1.8083348888903856
  landing: 0.12547609768807888
  view-data: 0.027534225955605507
