times:
  edit-metadata: 2.5425423085689545
  landing: 0.023187143728137016
  view-data: 0.502676498144865
