times:
  edit-metadata: 1.7199353016912937
  landing: 1.0168644860386848
  view-data: 3.3501858823001385
