times:
  edit-metadata: 1.6621792390942574
  landing: 0.9959002509713173
  view-data: 3.2964142225682735
