times:
  landing: 1.0796251900000016
  view-data: 0.5605270749999818
