times:
  edit-metadata: 1.7716300766915083
  landing: 0.021406641229987144
  view-data: 0.027082113549113274
