times:
  landing: 1.0716343459999962
  view-data: 0.5586532010000269
