times:
  edit-metadata: 1.3217838639393449
  landing: 0.9467916879802942
  view-data: 3.4056435702368617
