times:
  edit-metadata: 1.2074067629873753
  landing: 0.09033055906184018
  view-data: 0.4413993319030851
