times:
  edit-metadata: 0.7573963170289062
  landing: 0.037088782992213964
  view-data: 0.22030393301974982
