times:
  landing: 0.5587600169999973
  view-data: 0.5567940050000288
