times:
  edit-metadata: 1.481303595006466
  landing: 0.037959493696689606
  view-data: 0.21839281171560287
