times:
  edit-metadata: 2.118652256205678
  landing: 0.1678346674889326
  view-data: 0.5043780095875263
