times:
  edit-metadata: 1.7013189997524023
  landing: 0.8735045660287142
  view-data: 3.5495302453637123
