times:
  edit-metadata: 0.8870619570370764
  landing: 0.048012412851676345
  view-data: 0.24264186108484864
