times:
  landing: 1.066056964999916
  view-data: 0.5503817879998678
