times:
  edit-metadata: 1.778097478672862
  landing: 0.022590034641325474
  view-data: 0.12994007114320993
