times:
  edit-metadata: 1.4624889089973294
  landing: 0.04575440999906277
  view-data: 0.21671093899931293
