times:
  edit-metadata: 1.0247520487755537
  landing: 1.1723441444337368
  view-data: 0.41262531094253063
