times:
  edit-metadata: 1.6141969691962004
  landing: 0.5129396747797728
  view-data: 0.232442956417799
