times:
  edit-metadata: 0.8072015701327473
  landing: 0.052068076794967055
  view-data: 0.21359040401875973
