times:
  edit-metadata: 1.946031115949154
  landing: 0.020488154143095016
  view-data: 0.029417339712381363
