times:
  edit-metadata: 1.489496735855937
  landing: 0.7470564413815737
  view-data: 3.3520648274570704
