times:
  edit-metadata: 1.5093554898630828
  landing: 0.8495499680284411
  view-data: 3.372144141001627
