times:
  edit-metadata: 0.744361873017624
  landing: 0.05425522895529866
  view-data: 0.21624844800680876
