times:
  landing: 0.5527566800000159
  view-data: 0.5477513229999431
