times:
  edit-metadata: 1.782117884606123
  landing: 0.9651108365505934
  view-data: 3.4219822473824024
