times:
  landing: 0.5476863880000451
  view-data: 0.5475542859999791
