times:
  edit-metadata: 1.4673107229173183
  landing: 0.8011126145720482
  view-data: 3.328739382326603
