times:
  edit-metadata: 1.7885288000106812
  landing: 0.019718779250979424
  view-data: 0.13400236144661903
