times:
  edit-metadata: 0.8255255930125713
  landing: 0.04872493993025273
  view-data: 0.2103968330193311
