times:
  edit-metadata: 2.950875025242567
  landing: 0.36842695251107216
  view-data: 0.5101004559546709
