times:
  edit-metadata: 1.5599206127226353
  landing: 2.015090726315975
  view-data: 0.6871348209679127
