times:
  edit-metadata: 0.76052211294882
  landing: 0.05183310399297625
  view-data: 0.20597024902235717
