times:
  landing: 0.550402503999976
  view-data: 0.04446576600000185
