times:
  edit-metadata: 1.6392819434404373
  landing: 1.036469005048275
  view-data: 3.3268654085695744
