times:
  edit-metadata: 0.8561203719582409
  landing: 0.06345765595324337
  view-data: 0.20490384893491864
