times:
  landing: 0.561301493999963
  view-data: 0.5601534369999968
