times:
  edit-metadata: 0.82776351692155
  landing: 0.05085253110155463
  view-data: 0.20509213116019964
