times:
  edit-metadata: 1.873751518316567
  landing: 0.02031569741666317
  view-data: 0.12273305002599955
