times:
  edit-metadata: 1.8505993448197842
  landing: 0.06704182922840118
  view-data: 0.27714561112225056
