times:
  edit-metadata: 1.7717156731523573
  landing: 1.033311977982521
  view-data: 3.7528911740519106
