times:
  edit-metadata: 0.7623430429957807
  landing: 0.03808129299432039
  view-data: 0.20970623567700386
