times:
  landing: 0.5561402100000237
  view-data: 0.557017908999967
