times:
  edit-metadata: 1.808100637048483
  landing: 0.1345224827528
  view-data: 0.3577414769679308
