times:
  edit-metadata: 2.188125493004918
  landing: 0.18812891654670238
  view-data: 0.43255503848195076
