times:
  edit-metadata: 1.4183757118880749
  landing: 0.8974171988666058
  view-data: 3.3418205194175243
