times:
  edit-metadata: 1.8835437996312976
  landing: 0.02498010639101267
  view-data: 0.42074869107455015
