times:
  edit-metadata: 1.5859310012310743
  landing: 0.877739766612649
  view-data: 0.33083838783204556
