times:
  landing: 0.5517454399999906
  view-data: 0.046868084999971416
