times:
  landing: 1.7155038248747587
  view-data: 0.5770846512168646
