times:
  edit-metadata: 1.5180969834327698
  landing: 1.0184386260807514
  view-data: 3.3588743545114994
