times:
  edit-metadata: 0.837384216953069
  landing: 0.04121326981112361
  view-data: 0.21739569678902626
