times:
  landing: 1.1544483440000022
  view-data: 0.5575309739999739
