times:
  edit-metadata: 1.5517750456929207
  landing: 0.051005344837903976
  view-data: 0.21951884403824806
