times:
  edit-metadata: 1.4923602193593979
  landing: 0.05046897009015083
  view-data: 0.21474528685212135
