times:
  landing: 0.5747155980000116
  view-data: 0.5661322429999984
