times:
  edit-metadata: 2.33884952776134
  landing: 0.030020061880350113
  view-data: 0.18768061138689518
