times:
  landing: 0.561995679000006
  view-data: 0.5519164130000149
