times:
  edit-metadata: 1.5525570940226316
  landing: 0.8159872964024544
  view-data: 3.4137092158198357
