times:
  edit-metadata: 0.7711454469827004
  landing: 0.05262261600000784
  view-data: 0.21376116096507758
