times:
  edit-metadata: 2.190131478011608
  landing: 0.23191987536847591
  view-data: 0.3038106206804514
