times:
  landing: 1.5890744700000141
  view-data: 0.5573910130000286
