times:
  edit-metadata: 0.8953489769482985
  landing: 0.050630865967832506
  view-data: 0.2381245909491554
