times:
  edit-metadata: 3.715121847577393
  landing: 0.37108810525387526
  view-data: 0.5831846855580807
