times:
  edit-metadata: 1.4341134615242481
  landing: 0.7314471304416656
  view-data: 3.314380334690213
