times:
  edit-metadata: 1.894243486225605
  landing: 0.019960150122642517
  view-data: 0.3353358134627342
