times:
  edit-metadata: 1.5839148927479982
  landing: 1.2732552122324705
  view-data: 0.346379728987813
