times:
  edit-metadata: 1.4681258359923959
  landing: 0.9491922212764621
  view-data: 3.3624252839945257
