times:
  edit-metadata: 2.302611071616411
  landing: 1.275732098147273
  view-data: 3.4948763716965914
