times:
  edit-metadata: 0.786739771720022
  landing: 0.04881426924839616
  view-data: 0.21794837526977062
