times:
  edit-metadata: 1.130815893993713
  landing: 0.047509595984593034
  view-data: 0.24498038800084032
