times:
  edit-metadata: 1.138702942058444
  landing: 0.111709491815418
  view-data: 0.3860847749747336
