times:
  edit-metadata: 2.7617921829223633
  landing: 1.674306195229292
  view-data: 3.4226249009370804
