times:
  landing: 0.5523187320000034
  view-data: 0.5552730670000017
