times:
  edit-metadata: 1.495203573256731
  landing: 0.0497140996158123
  view-data: 0.22096800431609154
