times:
  landing: 0.554215948000035
  view-data: 0.5582371130000183
