times:
  edit-metadata: 1.6050233040004969
  landing: 1.1265854127705097
  view-data: 0.6215123198926449
