times:
  edit-metadata: 2.0636281482875347
  landing: 1.4108731336891651
  view-data: 3.3596117170527577
