times:
  edit-metadata: 0.7926579881459475
  landing: 0.038446989841759205
  view-data: 0.2233405839651823
