times:
  landing: 1.0980560020000212
  view-data: 0.5707886200000303
