times:
  edit-metadata: 1.592586686834693
  landing: 0.6428898517042398
  view-data: 0.26085601560771465
