times:
  edit-metadata: 1.7079887501895428
  landing: 0.5146501921117306
  view-data: 0.25260675698518753
