times:
  edit-metadata: 1.690213555470109
  landing: 0.7689347490668297
  view-data: 0.37087423726916313
