times:
  edit-metadata: 1.5712057128548622
  landing: 1.0325231328606606
  view-data: 3.3748952820897102
