times:
  landing: 1.083009555999979
  view-data: 0.5547740169999997
