times:
  edit-metadata: 1.4940460845828056
  landing: 0.04854036122560501
  view-data: 0.2183828465640545
