times:
  edit-metadata: 0.7764137149788439
  landing: 0.04066117201000452
  view-data: 0.22576768801081926
