times:
  edit-metadata: 1.8780824970453978
  landing: 0.021122642792761326
  view-data: 0.11917807534337044
