times:
  edit-metadata: 1.6496969982981682
  landing: 0.9144233427941799
  view-data: 3.372034251689911
