times:
  edit-metadata: 0.9697369183413684
  landing: 0.05586114292964339
  view-data: 0.234773606993258
