times:
  edit-metadata: 1.6894034072756767
  landing: 0.7227259110659361
  view-data: 0.3232352752238512
