times:
  edit-metadata: 0.8244797573424876
  landing: 0.039420658722519875
  view-data: 0.23002118105068803
