times:
  landing: 1.5966038390000108
  view-data: 0.5577714760000276
