times:
  edit-metadata: 1.8613267466425896
  landing: 0.2183990916237235
  view-data: 0.027540456503629684
