times:
  edit-metadata: 1.3209172612987459
  landing: 0.08553493488579988
  view-data: 0.26672697393223643
