times:
  edit-metadata: 0.8556045033037663
  landing: 0.9062073957175016
  view-data: 0.24902076087892056
