times:
  edit-metadata: 2.337153948843479
  landing: 0.8683484718203545
  view-data: 3.472580276429653
