times:
  edit-metadata: 1.538141032680869
  landing: 0.8057455383241177
  view-data: 3.377877626568079
