times:
  landing: 1.0789628790000165
  view-data: 0.5546599639999954
