times:
  edit-metadata: 1.3901789542287588
  landing: 0.8873490262776613
  view-data: 3.2766049038618803
