times:
  landing: 0.5511069279999958
  view-data: 0.5574751000000049
