times:
  edit-metadata: 0.90425183204934
  landing: 0.05063475086353719
  view-data: 0.3719271360896528
