times:
  edit-metadata: 0.8726940959968488
  landing: 0.04477903600491118
  view-data: 0.24685535000025993
