times:
  edit-metadata: 1.6001022588461637
  landing: 1.056602232158184
  view-data: 3.464186780154705
