times:
  edit-metadata: 1.4459106735885143
  landing: 0.7270225454121828
  view-data: 3.2953054681420326
