times:
  edit-metadata: 1.546400660648942
  landing: 0.8281529881060123
  view-data: 3.377891167998314
