times:
  landing: 1.1188918550000153
  view-data: 0.5677588480000395
