times:
  edit-metadata: 1.9053511656820774
  landing: 0.023033885285258293
  view-data: 0.2156050857156515
