times:
  edit-metadata: 0.8998929879162461
  landing: 0.052484736079350114
  view-data: 0.24849162413738668
