times:
  edit-metadata: 0.7974806929996703
  landing: 0.03862305197981186
  view-data: 0.2239450350170955
