times:
  edit-metadata: 1.4716333458200097
  landing: 0.8406683132052422
  view-data: 3.373120129108429
