times:
  edit-metadata: 1.4869153872132301
  landing: 0.8701341822743416
  view-data: 3.384529188275337
