times:
  edit-metadata: 1.8694493304938078
  landing: 0.02091822773218155
  view-data: 0.027991143986582756
