times:
  edit-metadata: 2.0644740629941225
  landing: 0.20254334807395935
  view-data: 0.16955772042274475
