times:
  edit-metadata: 1.560309385880828
  landing: 0.6159461215138435
  view-data: 0.6294999830424786
