times:
  edit-metadata: 1.6311748810112476
  landing: 0.04941922053694725
  view-data: 0.22094185650348663
