times:
  landing: 1.0740428029999975
  view-data: 0.5542798669999911
