times:
  edit-metadata: 1.7816538820043206
  landing: 1.099920878186822
  view-data: 3.344837762415409
