times:
  edit-metadata: 1.5050505176186562
  landing: 0.7873546443879604
  view-data: 3.3764968421310186
