times:
  landing: 1.1063255540000227
  view-data: 1.079509733000009
