times:
  edit-metadata: 1.8882228750735521
  landing: 0.14176677633076906
  view-data: 0.20181486755609512
