times:
  edit-metadata: 1.8283815570175648
  landing: 0.42600894905626774
  view-data: 0.25896180234849453
