times:
  edit-metadata: 0.917252890765667
  landing: 0.6414457596838474
  view-data: 0.24640445411205292
