times:
  landing: 1.6612673859999632
  view-data: 0.5628496290000271
