times:
  edit-metadata: 0.8768665511161089
  landing: 0.042363911867141724
  view-data: 0.25097398017533123
