times:
  edit-metadata: 1.5491430014371872
  landing: 0.8527300655841827
  view-data: 3.378199078142643
