times:
  landing: 0.5568541170000003
  view-data: 0.05069610099999977
