times:
  edit-metadata: 1.8478010967373848
  landing: 0.020087145268917084
  view-data: 0.1277722418308258
