times:
  edit-metadata: 0.8973945379984798
  landing: 0.04083255000296049
  view-data: 0.21215381799265742
