times:
  edit-metadata: 1.867244254797697
  landing: 0.021070320159196854
  view-data: 0.02663714811205864
