times:
  edit-metadata: 0.8608542219735682
  landing: 0.04241345124319196
  view-data: 0.21153809409588575
