times:
  landing: 1.104213709000021
  view-data: 0.5519431529999679
