times:
  edit-metadata: 0.7876034039072692
  landing: 0.04627393977716565
  view-data: 0.20879870001226664
