times:
  landing: 0.5504288590000215
  view-data: 0.5595917150000105
