times:
  edit-metadata: 0.7988278949633241
  landing: 0.049901558086276054
  view-data: 0.207380261272192
