times:
  edit-metadata: 1.9270590674132109
  landing: 0.01992422342300415
  view-data: 0.023495984263718128
