times:
  edit-metadata: 0.7875771685503423
  landing: 0.04077554401010275
  view-data: 0.2147951927036047
