times:
  edit-metadata: 0.8247614060528576
  landing: 0.05006657587364316
  view-data: 0.21523163793608546
