times:
  landing: 0.5534308090000195
  view-data: 0.5547818870000469
