times:
  edit-metadata: 1.8066464457660913
  landing: 0.019159190356731415
  view-data: 0.026483949273824692
