times:
  edit-metadata: 1.2634976289700717
  landing: 0.0982345649972558
  view-data: 0.3191197660053149
