times:
  edit-metadata: 2.0455753412097692
  landing: 0.2955436296761036
  view-data: 0.4027221258729696
