times:
  edit-metadata: 0.7967457287013531
  landing: 0.04475959204137325
  view-data: 0.22007805947214365
