times:
  edit-metadata: 1.5879493653774261
  landing: 0.053674422204494476
  view-data: 0.2187681384384632
