times:
  landing: 0.5560457270000256
  view-data: 0.5577963400000385
