times:
  landing: 0.5569612650000408
  view-data: 0.5636403990000076
