times:
  landing: 0.5605493319999937
  view-data: 0.5635271290000219
