times:
  edit-metadata: 1.6675331555306911
  landing: 0.8284699451178312
  view-data: 0.24938981793820858
