times:
  edit-metadata: 1.410728596150875
  landing: 0.8230515271425247
  view-data: 3.3616763362661004
