times:
  landing: 1.089992959999961
  view-data: 0.5589336830000207
