times:
  landing: 0.5670093729999621
  view-data: 0.5735163729999613
