times:
  landing: 0.5483116370000118
  view-data: 0.5547767809999868
