times:
  edit-metadata: 1.7707709390670061
  landing: 0.02687154896557331
  view-data: 0.1349177546799183
