times:
  edit-metadata: 1.1765363058075309
  landing: 0.08409498911350965
  view-data: 0.3887836020439863
