times:
  edit-metadata: 1.9983559511601925
  landing: 0.18896667659282684
  view-data: 0.02894902415573597
