times:
  edit-metadata: 1.5724678800906986
  landing: 0.8991869639139622
  view-data: 3.4372986759990454
