times:
  landing: 1.1356381329999863
  view-data: 0.5567231690000085
