times:
  edit-metadata: 1.6192830190993845
  landing: 1.0445271572098136
  view-data: 3.3124564541503787
