times:
  edit-metadata: 0.7889535767026246
  landing: 0.03838948206976056
  view-data: 0.21505451807752252
