times:
  landing: 0.5566211139998813
  view-data: 0.5684208989998751
