times:
  edit-metadata: 2.2632871828973293
  landing: 0.3136664666235447
  view-data: 0.16282841935753822
