times:
  edit-metadata: 1.6158309895545244
  landing: 1.524144971743226
  view-data: 0.3265818227082491
