times:
  edit-metadata: 0.8729462469927967
  landing: 0.05476108501898125
  view-data: 0.2823692549718544
