times:
  edit-metadata: 1.488950725644827
  landing: 0.04754316806793213
  view-data: 0.21714507415890694
