times:
  edit-metadata: 1.6121274828910828
  landing: 0.7799184117466211
  view-data: 3.3585293106734753
