times:
  edit-metadata: 1.435289267450571
  landing: 0.8214629366993904
  view-data: 3.3051906749606133
