times:
  edit-metadata: 0.7673023079987615
  landing: 0.050148857990279794
  view-data: 0.2180489399470389
