times:
  edit-metadata: 0.8650317880092189
  landing: 0.04344219004269689
  view-data: 0.23082393797812983
