times:
  edit-metadata: 1.4817581828683615
  landing: 0.8098237831145525
  view-data: 3.25263306312263
