times:
  edit-metadata: 1.477756875101477
  landing: 0.8270892198197544
  view-data: 3.3987590479664505
