times:
  edit-metadata: 1.8127408223226666
  landing: 1.9553348934277892
  view-data: 3.637050206772983
