times:
  edit-metadata: 1.6780143082141876
  landing: 1.0384333543479443
  view-data: 3.2961710169911385
