times:
  edit-metadata: 1.977329459041357
  landing: 0.1667679324746132
  view-data: 0.034298233687877655
