times:
  edit-metadata: 1.8572943955659866
  landing: 0.2220986057072878
  view-data: 0.35909590870141983
