times:
  edit-metadata: 1.494399830698967
  landing: 0.9522986710071564
  view-data: 3.3240698985755444
