times:
  edit-metadata: 0.8935474148020148
  landing: 0.08899593399837613
  view-data: 0.25508414721116424
