times:
  edit-metadata: 0.8682618089951575
  landing: 0.04916519403923303
  view-data: 0.23227358399890363
