times:
  edit-metadata: 1.6729370541870594
  landing: 1.2229385934770107
  view-data: 3.3541290760040283
