times:
  edit-metadata: 0.9847973799987813
  landing: 0.04855729299742961
  view-data: 0.25598148700373713
