times:
  edit-metadata: 1.8731341604143381
  landing: 0.02390204928815365
  view-data: 0.026356741786003113
