times:
  edit-metadata: 1.588492276147008
  landing: 0.6256999205797911
  view-data: 0.6168966088443995
