times:
  edit-metadata: 0.9217102660331875
  landing: 0.09951577195897698
  view-data: 0.31593703501857817
