times:
  landing: 1.1190881480006283
  view-data: 0.5627470489998814
