times:
  edit-metadata: 1.884011666290462
  landing: 0.022606211714446545
  view-data: 0.44073452055454254
