times:
  edit-metadata: 1.505796618759632
  landing: 0.7845740206539631
  view-data: 3.36175125092268
