times:
  edit-metadata: 0.8213320639915764
  landing: 0.06378646194934845
  view-data: 0.26005497900769114
