times:
  edit-metadata: 1.6053395830094814
  landing: 0.05452472344040871
  view-data: 0.23223520442843437
