times:
  edit-metadata: 1.7851720871403813
  landing: 0.02445046231150627
  view-data: 0.3904533125460148
