times:
  landing: 0.553374998000038
  view-data: 0.5583895670000061
