times:
  edit-metadata: 0.7643205802887678
  landing: 0.04959236364811659
  view-data: 0.21897572465240955
