times:
  edit-metadata: 1.5638842470943928
  landing: 0.8534329943358898
  view-data: 3.435862757265568
