times:
  edit-metadata: 1.3775086253881454
  landing: 0.8514645770192146
  view-data: 3.2778776064515114
