times:
  edit-metadata: 0.8937770819757134
  landing: 0.04839710192754865
  view-data: 0.24522390798665583
