times:
  edit-metadata: 0.8404899891465902
  landing: 0.047966101206839085
  view-data: 0.23158992547541857
