times:
  edit-metadata: 1.6550640761852264
  landing: 0.7363912183791399
  view-data: 0.24421401880681515
