times:
  edit-metadata: 1.4416065253317356
  landing: 0.9574306905269623
  view-data: 3.397175781428814
