times:
  edit-metadata: 0.7983227982185781
  landing: 0.04143142560496926
  view-data: 0.22360645607113838
