times:
  edit-metadata: 0.8081988031044602
  landing: 0.0465124249458313
  view-data: 0.2359263300895691
