times:
  edit-metadata: 1.9318298501893878
  landing: 0.9373263856396079
  view-data: 3.3854292309843004
