times:
  edit-metadata: 1.8670597784221172
  landing: 0.02392073068767786
  view-data: 0.14493227377533913
