times:
  edit-metadata: 0.8277917648665607
  landing: 0.050408263923600316
  view-data: 0.22044950886629522
