times:
  edit-metadata: 1.9090358559042215
  landing: 0.02118663303554058
  view-data: 0.02492375299334526
