times:
  edit-metadata: 0.7715441239997745
  landing: 0.048023845069110394
  view-data: 0.2108163288794458
