times:
  edit-metadata: 1.5003053713589907
  landing: 0.8769514225423336
  view-data: 3.2884795907884836
