times:
  edit-metadata: 0.8385806623846292
  landing: 0.05024571577087045
  view-data: 0.22088606329634786
