times:
  edit-metadata: 0.8538701208308339
  landing: 0.04758331598713994
  view-data: 0.23194170091301203
