times:
  edit-metadata: 1.6135998107492924
  landing: 0.5912610981613398
  view-data: 0.24604211375117302
