times:
  edit-metadata: 0.7824347920250148
  landing: 0.04417081794235855
  view-data: 0.20927971205674112
