times:
  edit-metadata: 2.250339100835845
  landing: 0.08942655404098332
  view-data: 0.44841152196750045
