times:
  edit-metadata: 0.9333848170936108
  landing: 0.5530269239097834
  view-data: 0.22066359035670757
