times:
  edit-metadata: 0.8111076741479337
  landing: 0.045077621936798096
  view-data: 0.21615739911794662
