times:
  edit-metadata: 1.4957562889903784
  landing: 0.7300497088581324
  view-data: 3.317940028384328
