times:
  edit-metadata: 0.9626694358885288
  landing: 0.10650085099041462
  view-data: 0.3134919470176101
