times:
  edit-metadata: 2.19405509904027
  landing: 0.23602005653083324
  view-data: 0.3609206285327673
