times:
  landing: 1.0891151310000282
  view-data: 0.554858817999957
