times:
  edit-metadata: 1.86453140899539
  landing: 0.021241755224764347
  view-data: 0.4602695666253567
