times:
  edit-metadata: 1.45603580866009
  landing: 0.8563331225886941
  view-data: 3.394559388048947
