times:
  edit-metadata: 1.4764871876686811
  landing: 0.8556952085345984
  view-data: 3.3541184831410646
