times:
  edit-metadata: 2.361223792657256
  landing: 0.14702248759567738
  view-data: 0.1574416570365429
