times:
  edit-metadata: 1.5319871976971626
  landing: 0.9761749096214771
  view-data: 3.4322448447346687
