times:
  edit-metadata: 0.9554189699701965
  landing: 0.04821224603801966
  view-data: 0.2552850559586659
