times:
  edit-metadata: 0.828749948181212
  landing: 0.038294482976198196
  view-data: 0.21903134509921074
