times:
  edit-metadata: 1.4782382929697633
  landing: 0.8912334330379963
  view-data: 3.4152562767267227
