times:
  edit-metadata: 0.8701384819869418
  landing: 0.05578651200630702
  view-data: 0.35306374699575827
