times:
  edit-metadata: 1.4057612344622612
  landing: 0.7415506914258003
  view-data: 3.3591412641108036
