times:
  edit-metadata: 1.859663650393486
  landing: 0.02282214630395174
  view-data: 0.413600729778409
