times:
  edit-metadata: 1.5562029033899307
  landing: 1.1450474075973034
  view-data: 3.351068440824747
