times:
  landing: 0.5491499000000886
  view-data: 0.566752704999999
