times:
  edit-metadata: 1.7902002716436982
  landing: 0.01992156356573105
  view-data: 0.02715166937559843
