times:
  edit-metadata: 0.8894502054899931
  landing: 0.8943393658846617
  view-data: 0.37024297192692757
