times:
  landing: 0.5508675699999799
  view-data: 0.552867348999996
