times:
  edit-metadata: 0.7765731810359284
  landing: 0.04735121800331399
  view-data: 0.2079042400000617
