times:
  edit-metadata: 1.7633421486243606
  landing: 0.1430459888651967
  view-data: 0.3977257860824466
