times:
  edit-metadata: 0.7500988959800452
  landing: 0.048908506985753775
  view-data: 0.21485126100014895
