times:
  edit-metadata: 1.4715707562863827
  landing: 0.9883341640233994
  view-data: 3.3694313056766987
