times:
  edit-metadata: 1.5266018062829971
  landing: 0.7744532041251659
  view-data: 3.3502311632037163
