times:
  edit-metadata: 0.8243277801666409
  landing: 0.053907970897853374
  view-data: 0.21558731305412948
