times:
  edit-metadata: 1.8525447370484471
  landing: 0.02026958391070366
  view-data: 0.39278755243867636
