times:
  edit-metadata: 1.5029479004442692
  landing: 0.8568461779505014
  view-data: 3.427610073238611
