times:
  edit-metadata: 1.5200838521122932
  landing: 0.9570899121463299
  view-data: 3.3913504742085934
