times:
  edit-metadata: 0.8757101309020072
  landing: 0.05220773699693382
  view-data: 0.24873887200374156
