times:
  edit-metadata: 2.2763271275907755
  landing: 0.045337505638599396
  view-data: 0.37230353616178036
