times:
  edit-metadata: 0.7881044037640095
  landing: 0.05137826316058636
  view-data: 0.20952447690069675
