times:
  edit-metadata: 1.5546734165400267
  landing: 0.7784741763025522
  view-data: 3.4108335990458727
