times:
  edit-metadata: 1.3252869821153581
  landing: 0.7550201460253447
  view-data: 3.3352926690131426
