times:
  edit-metadata: 2.152778289280832
  landing: 1.1814791979268193
  view-data: 3.6670514927245677
