times:
  edit-metadata: 1.4668450504541397
  landing: 5.221297115087509
  view-data: 3.306199874728918
