times:
  edit-metadata: 1.5169605538249016
  landing: 0.8461762983351946
  view-data: 3.407416507601738
