times:
  edit-metadata: 1.555448791012168
  landing: 0.8086041137576103
  view-data: 3.3529963959008455
