times:
  landing: 1.1069627300000207
  view-data: 0.5647033410000404
