times:
  edit-metadata: 1.651395097374916
  landing: 1.2077399902045727
  view-data: 3.4105262272059917
