times:
  edit-metadata: 1.8466611877083778
  landing: 0.09724683128297329
  view-data: 0.024516461417078972
