times:
  landing: 1.0812677519998033
  view-data: 0.5499802739996085
