times:
  edit-metadata: 0.9910781390499324
  landing: 0.04688285896554589
  view-data: 0.25017502496484667
