times:
  edit-metadata: 1.539911936968565
  landing: 0.05027471110224724
  view-data: 0.21880050376057625
