times:
  edit-metadata: 0.8058202039683238
  landing: 0.04187933902721852
  view-data: 0.21143374999519438
