times:
  edit-metadata: 0.8538477059919387
  landing: 0.047239182982593775
  view-data: 0.21125356596894562
