times:
  edit-metadata: 1.9225305747240782
  landing: 0.2835001163184643
  view-data: 0.02496802806854248
