times:
  edit-metadata: 1.7967645367607474
  landing: 0.023722511716187
  view-data: 0.09543708059936762
