times:
  edit-metadata: 1.8526327991858125
  landing: 0.019382254220545292
  view-data: 0.12170871812850237
