times:
  edit-metadata: 1.4336639158427715
  landing: 0.8640896938741207
  view-data: 3.308153983205557
