times:
  edit-metadata: 1.5068821562454104
  landing: 0.9116466324776411
  view-data: 0.7020488856360316
