times:
  edit-metadata: 0.8105989000760019
  landing: 0.04123583296313882
  view-data: 0.21250692568719387
