times:
  edit-metadata: 1.4946725638583302
  landing: 0.989790378138423
  view-data: 3.4511933447793126
