times:
  edit-metadata: 0.9814054826274514
  landing: 0.06245006062090397
  view-data: 0.24750148179009557
