times:
  edit-metadata: 0.8517511321697384
  landing: 0.05958298500627279
  view-data: 0.24422176298685372
