times:
  edit-metadata: 0.7931539206765592
  landing: 0.041162789799273014
  view-data: 0.21369796991348267
