times:
  edit-metadata: 1.5043770760530606
  landing: 0.9420454959617928
  view-data: 3.5435684259282425
