times:
  landing: 1.1112185689999592
  view-data: 0.561077130000001
