times:
  edit-metadata: 1.9602064341306686
  landing: 0.01882115937769413
  view-data: 0.025790836662054062
