times:
  landing: 0.5456825690000073
  view-data: 0.5489054490000171
