times:
  edit-metadata: 0.8421083909925073
  landing: 0.04539484716951847
  view-data: 0.2072198879905045
