times:
  landing: 1.0959082229999808
  view-data: 0.5570577590000312
