times:
  edit-metadata: 1.6246735379099846
  landing: 1.059499304741621
  view-data: 3.3654968291521072
