times:
  edit-metadata: 1.4781907685101032
  landing: 0.9880782030522823
  view-data: 3.3361384719610214
