times:
  edit-metadata: 1.752917394042015
  landing: 0.8467996455729008
  view-data: 0.33833639696240425
