times:
  landing: 0.5515552479999997
  view-data: 0.5562934160000168
