times:
  edit-metadata: 1.7195791937410831
  landing: 0.7821032982319593
  view-data: 0.25967359729111195
