times:
  landing: 1.0719690970000215
  view-data: 0.5595920709999973
