times:
  edit-metadata: 1.8035412915050983
  landing: 0.021278666332364082
  view-data: 0.025734872557222843
