times:
  edit-metadata: 1.475547879934311
  landing: 0.9555026553571224
  view-data: 3.417669903486967
