times:
  edit-metadata: 1.5902517400681973
  landing: 0.04770002141594887
  view-data: 0.21975060924887657
