times:
  edit-metadata: 1.869025882333517
  landing: 0.02154193539172411
  view-data: 0.027076099067926407
