times:
  edit-metadata: 1.5741728618741035
  landing: 0.8824905417859554
  view-data: 3.367756124585867
