times:
  edit-metadata: 1.7939557675272226
  landing: 0.6175684425979853
  view-data: 0.32327398657798767
