times:
  edit-metadata: 1.870590546168387
  landing: 0.02231620904058218
  view-data: 0.027209368534386158
