times:
  edit-metadata: 1.1345842550508678
  landing: 0.04641053173691034
  view-data: 0.258067446295172
