times:
  edit-metadata: 1.6567079238593578
  landing: 0.8324684575200081
  view-data: 3.366862092167139
