times:
  edit-metadata: 1.9591416856274009
  landing: 0.022067813202738762
  view-data: 0.1210302822291851
