times:
  landing: 1.595492003000004
  view-data: 15.116174855999986
