times:
  edit-metadata: 1.8144124504178762
  landing: 0.181260596960783
  view-data: 0.02529345639050007
