times:
  edit-metadata: 1.7564549203962088
  landing: 0.02294585481286049
  view-data: 0.0268216235563159
