times:
  edit-metadata: 1.5527564827352762
  landing: 0.5816274136304855
  view-data: 0.33967578038573265
