times:
  edit-metadata: 1.380875177681446
  landing: 0.8997526951134205
  view-data: 3.303163602948189
