times:
  edit-metadata: 1.3747190199792385
  landing: 0.8742914013564587
  view-data: 3.298643369227648
