times:
  landing: 0.548545822000051
  view-data: 0.5518130289997316
