times:
  edit-metadata: 1.3053009398281574
  landing: 0.804317643865943
  view-data: 3.3060049917548895
