times:
  landing: 0.545809921
  view-data: 0.5457190209999965
