times:
  edit-metadata: 1.5833088885992765
  landing: 0.6276180855929852
  view-data: 0.220715356990695
