times:
  edit-metadata: 0.8124439688399434
  landing: 0.039236889220774174
  view-data: 0.3202672991901636
