times:
  edit-metadata: 1.782304348424077
  landing: 0.021089385263621807
  view-data: 0.11771377082914114
