times:
  edit-metadata: 0.8703967879991978
  landing: 0.044817635003710166
  view-data: 0.24585521600965876
