times:
  landing: 0.5470877540000174
  view-data: 0.5596868330000007
