times:
  edit-metadata: 0.8844494475051761
  landing: 0.05160416942089796
  view-data: 0.23888333234936
