times:
  landing: 1.0872538040000563
  view-data: 0.5757522100000187
