times:
  landing: 0.5479639549998865
  view-data: 0.5527143599999818
