times:
  landing: 0.6200506380000093
  view-data: 0.5556895889999964
