times:
  landing: 0.5528369929999997
  view-data: 0.5548629319999918
