times:
  edit-metadata: 1.5152890793979168
  landing: 0.8073753472417593
  view-data: 3.3534994143992662
