times:
  edit-metadata: 1.845294939354062
  landing: 0.020176072604954243
  view-data: 0.11961973272264004
