times:
  edit-metadata: 1.5071873031556606
  landing: 0.0414167195558548
  view-data: 0.21809319406747818
