times:
  edit-metadata: 0.965454813092947
  landing: 0.05281451717019081
  view-data: 0.24824412213638425
