times:
  edit-metadata: 1.7952610105276108
  landing: 0.18802448455244303
  view-data: 0.11646426189690828
