times:
  edit-metadata: 0.8382566161453724
  landing: 0.6225883923470974
  view-data: 0.2476550117135048
