times:
  edit-metadata: 1.8600578289479017
  landing: 0.1340574473142624
  view-data: 0.3497176431119442
