times:
  edit-metadata: 1.1671762960031629
  landing: 0.08265317277982831
  view-data: 0.24839229928329587
