times:
  edit-metadata: 1.4642692543566227
  landing: 0.9246381931006908
  view-data: 3.334650158882141
