times:
  edit-metadata: 1.4971761368215084
  landing: 0.7243326939642429
  view-data: 3.3186330683529377
