times:
  edit-metadata: 1.5618710219860077
  landing: 0.03913388028740883
  view-data: 0.22308587282896042
