times:
  edit-metadata: 0.790430867113173
  landing: 0.040696168318390846
  view-data: 0.21676208497956395
