times:
  edit-metadata: 0.778731978032738
  landing: 0.048805405967868865
  view-data: 0.21771085599903017
