times:
  edit-metadata: 0.8873378110583872
  landing: 0.05138903600163758
  view-data: 0.2608823077753186
