times:
  edit-metadata: 0.8087251372635365
  landing: 0.03998488746583462
  view-data: 0.3559246649965644
