times:
  edit-metadata: 0.7732947950717062
  landing: 0.04660992603749037
  view-data: 0.20999482995830476
