times:
  landing: 0.5491298290000373
  view-data: 0.5571607389999826
