times:
  edit-metadata: 1.4537058770656586
  landing: 0.9303948991000652
  view-data: 3.4361953996121883
