times:
  edit-metadata: 1.887236524373293
  landing: 0.11934240534901619
  view-data: 0.025801993906497955
