times:
  edit-metadata: 1.7381392270326614
  landing: 0.05004260502755642
  view-data: 0.22604438476264477
