times:
  edit-metadata: 1.8662821175530553
  landing: 0.021657262928783894
  view-data: 0.12188139744102955
