times:
  landing: 0.5565488039999877
  view-data: 0.5570924189999573
