times:
  edit-metadata: 1.578621344640851
  landing: 0.8482483122497797
  view-data: 3.339992156252265
