times:
  edit-metadata: 1.760278175584972
  landing: 0.11349159199744463
  view-data: 0.43102544639259577
