times:
  edit-metadata: 1.8538819812238216
  landing: 0.02299393992871046
  view-data: 0.0258865999057889
