times:
  edit-metadata: 1.6315509900450706
  landing: 0.6103560216724873
  view-data: 0.24353515170514584
