times:
  edit-metadata: 1.4700637012720108
  landing: 0.8254822753369808
  view-data: 3.380024950951338
