times:
  landing: 1.0780021609999721
  view-data: 0.5598090099999808
