times:
  edit-metadata: 1.7271809419617057
  landing: 0.023885035887360573
  view-data: 0.12399353366345167
