times:
  edit-metadata: 0.9146112482994795
  landing: 0.639948308467865
  view-data: 0.263509688898921
