times:
  edit-metadata: 2.0067865923047066
  landing: 0.02320066373795271
  view-data: 0.026402604766190052
