times:
  edit-metadata: 1.6124488841742277
  landing: 0.5069437250494957
  view-data: 0.282652186229825
