times:
  edit-metadata: 0.8702299090800807
  landing: 0.05844057502690703
  view-data: 0.2485847988864407
