times:
  edit-metadata: 1.4928840063512325
  landing: 0.8082193937152624
  view-data: 3.316709827631712
