times:
  edit-metadata: 1.863210828974843
  landing: 0.020743831992149353
  view-data: 0.12728802114725113
