times:
  edit-metadata: 1.7672552028670907
  landing: 0.8444881169125438
  view-data: 3.3339163344353437
