times:
  edit-metadata: 1.551773777231574
  landing: 0.8062525782734156
  view-data: 3.416708827018738
