times:
  edit-metadata: 1.560938365999391
  landing: 0.04505178199997317
  view-data: 0.21901435400013725
