times:
  edit-metadata: 0.7478074639802799
  landing: 0.05225605401210487
  view-data: 0.21095426694955677
