times:
  landing: 0.5422838769999885
  view-data: 0.5496533740000018
