times:
  edit-metadata: 1.6036133468151093
  landing: 0.9826755784451962
  view-data: 3.4279231317341328
