times:
  landing: 0.548396863999983
  view-data: 0.5685132290000183
