times:
  edit-metadata: 1.123202035902068
  landing: 0.059199051931500435
  view-data: 0.24903018400073051
