times:
  edit-metadata: 1.6502606058493257
  landing: 0.8054088782519102
  view-data: 3.3055979814380407
