times:
  edit-metadata: 1.7816441673785448
  landing: 0.022275295108556747
  view-data: 0.026007904671132565
