times:
  edit-metadata: 0.8818691670894623
  landing: 0.045644138008356094
  view-data: 0.23577019991353154
