times:
  edit-metadata: 1.7833570092916489
  landing: 0.02064340002834797
  view-data: 0.024390126578509808
