times:
  edit-metadata: 1.9082451350986958
  landing: 0.15316051431000233
  view-data: 0.3229987435042858
