times:
  edit-metadata: 1.4932888932526112
  landing: 0.04131263494491577
  view-data: 0.2192305438220501
