times:
  edit-metadata: 0.9451261963695288
  landing: 1.705808226019144
  view-data: 0.5235332157462835
