times:
  edit-metadata: 1.672082182019949
  landing: 1.2245866935700178
  view-data: 3.3778143543750048
