times:
  edit-metadata: 2.0988312577828765
  landing: 0.257682747207582
  view-data: 0.5544210355728865
