times:
  edit-metadata: 1.49073938280344
  landing: 0.7213721126317978
  view-data: 3.526552826166153
