times:
  edit-metadata: 2.08863465487957
  landing: 1.485903985798359
  view-data: 3.592987947165966
