times:
  edit-metadata: 1.5595088228583336
  landing: 0.7866236791014671
  view-data: 3.5047621205449104
