times:
  edit-metadata: 1.5186899714171886
  landing: 0.7351949289441109
  view-data: 3.339638452976942
