times:
  edit-metadata: 1.5062669441103935
  landing: 0.7845281958580017
  view-data: 3.493749760091305
