times:
  edit-metadata: 1.466427594423294
  landing: 0.8809375986456871
  view-data: 3.3489651791751385
