times:
  edit-metadata: 1.5232205241918564
  landing: 0.7337882295250893
  view-data: 3.4545255824923515
