times:
  edit-metadata: 1.4626862928271294
  landing: 0.738581009209156
  view-data: 3.560804918408394
