times:
  edit-metadata: 1.418764304369688
  landing: 0.7290786392986774
  view-data: 3.3078472949564457
