times:
  edit-metadata: 1.3660770058631897
  landing: 0.7889069020748138
  view-data: 3.5401556491851807
