times:
  edit-metadata: 1.3974305093288422
  landing: 0.7584909349679947
  view-data: 3.447738394141197
