times:
  edit-metadata: 1.4365120120346546
  landing: 0.8632466904819012
  view-data: 3.365079116076231
