times:
  edit-metadata: 1.8508015051484108
  landing: 0.9736629724502563
  view-data: 3.384583678096533
