times:
  edit-metadata: 1.4891448430716991
  landing: 0.8276188895106316
  view-data: 3.335607808083296
