times:
  edit-metadata: 1.7478485889732838
  landing: 1.0439558811485767
  view-data: 3.3630654104053974
