times:
  edit-metadata: 1.5069547146558762
  landing: 0.7743217051029205
  view-data: 3.365271545946598
