times:
  edit-metadata: 1.4373242482542992
  landing: 0.8215327262878418
  view-data: 3.351184330880642
