times:
  edit-metadata: 1.566845379769802
  landing: 0.9738514572381973
  view-data: 3.6588541120290756
