times:
  edit-metadata: 1.4584772773087025
  landing: 0.7686281651258469
  view-data: 3.4252023734152317
