times:
  edit-metadata: 1.739137016236782
  landing: 0.7990182638168335
  view-data: 3.3847389854490757
