times:
  edit-metadata: 1.5326904207468033
  landing: 0.7982428222894669
  view-data: 3.6031224206089973
