times:
  edit-metadata: 1.4976208619773388
  landing: 0.8570728115737438
  view-data: 3.3690081015229225
