times:
  edit-metadata: 1.362827256321907
  landing: 0.7422451861202717
  view-data: 3.2799581065773964
