times:
  edit-metadata: 1.5006722435355186
  landing: 0.8519776314496994
  view-data: 3.3875894844532013
