times:
  edit-metadata: 1.4085562899708748
  landing: 0.8507001027464867
  view-data: 3.45762849599123
