times:
  edit-metadata: 1.4605636596679688
  landing: 0.7839050218462944
  view-data: 3.3373315408825874
