times:
  edit-metadata: 1.5105107948184013
  landing: 0.7612828090786934
  view-data: 3.536120690405369
