times:
  edit-metadata: 1.4381850361824036
  landing: 0.78827715665102
  view-data: 3.343077402561903
