times:
  edit-metadata: 1.6084269657731056
  landing: 0.7626034244894981
  view-data: 3.456435479223728
