times:
  edit-metadata: 1.4306937232613564
  landing: 0.7662120535969734
  view-data: 3.5253941789269447
