times:
  edit-metadata: 1.4661598429083824
  landing: 0.7360451519489288
  view-data: 3.5090137273073196
