times:
  edit-metadata: 1.3404958508908749
  landing: 0.8225562050938606
  view-data: 3.3592842519283295
