times:
  edit-metadata: 1.3501559868454933
  landing: 0.8321990668773651
  view-data: 3.4744756147265434
