times:
  edit-metadata: 2.1096490994095802
  landing: 1.4478985741734505
  view-data: 3.4814057499170303
