times:
  edit-metadata: 1.8666920810937881
  landing: 1.1173177808523178
  view-data: 3.5400514751672745
