times:
  edit-metadata: 1.498603142797947
  landing: 0.7663598135113716
  view-data: 3.544092647731304
