times:
  edit-metadata: 1.486599251627922
  landing: 0.7592841014266014
  view-data: 3.589286394417286
