times:
  edit-metadata: 1.6770402640104294
  landing: 0.8180803880095482
  view-data: 3.3596478402614594
