times:
  edit-metadata: 1.4992885887622833
  landing: 0.7691108658909798
  view-data: 3.355965480208397
