times:
  edit-metadata: 1.3958812579512596
  landing: 0.763534426689148
  view-data: 3.3204858526587486
