times:
  edit-metadata: 1.5058400556445122
  landing: 0.7878108695149422
  view-data: 3.3552546203136444
