times:
  edit-metadata: 1.4924070239067078
  landing: 0.7090230211615562
  view-data: 3.4737027063965797
