times:
  edit-metadata: 1.35647314786911
  landing: 0.8308473080396652
  view-data: 3.476477339863777
