times:
  edit-metadata: 1.4601678103208542
  landing: 0.7033920958638191
  view-data: 3.535111516714096
