times:
  edit-metadata: 1.4564110785722733
  landing: 0.7870365530252457
  view-data: 3.6079394221305847
