times:
  edit-metadata: 1.460517093539238
  landing: 0.7959345504641533
  view-data: 3.3054800778627396
