times:
  edit-metadata: 1.4638960771262646
  landing: 0.8130385354161263
  view-data: 3.3162237592041492
