times:
  edit-metadata: 1.4472197145223618
  landing: 0.756468378007412
  view-data: 3.5589639618992805
