times:
  edit-metadata: 1.4192981645464897
  landing: 0.7441973388195038
  view-data: 3.5187673792243004
