times:
  edit-metadata: 1.4043590724468231
  landing: 0.7459923550486565
  view-data: 3.555180847644806
