times:
  edit-metadata: 1.4747217521071434
  landing: 0.889102928340435
  view-data: 3.539746016263962
