times:
  edit-metadata: 1.4598439559340477
  landing: 0.8011224716901779
  view-data: 3.5377968102693558
