times:
  edit-metadata: 1.4475514367222786
  landing: 0.8499379530549049
  view-data: 3.3467392325401306
