times:
  edit-metadata: 2.0442395955324173
  landing: 0.9848114475607872
  view-data: 3.486515462398529
