times:
  edit-metadata: 1.4657657966017723
  landing: 0.8192771151661873
  view-data: 3.3868043571710587
