times:
  edit-metadata: 1.4253370389342308
  landing: 0.7356957495212555
  view-data: 3.4994970560073853
