times:
  edit-metadata: 1.4565702229738235
  landing: 0.7291847988963127
  view-data: 3.5285971239209175
