times:
  edit-metadata: 1.67761892080307
  landing: 1.0065811052918434
  view-data: 3.4998762905597687
