times:
  edit-metadata: 2.0111163705587387
  landing: 0.9052221551537514
  view-data: 3.3744219094514847
