times:
  edit-metadata: 1.4235600605607033
  landing: 0.8905085623264313
  view-data: 3.799934946000576
