times:
  edit-metadata: 1.554662972688675
  landing: 0.8266941159963608
  view-data: 3.4429518952965736
