times:
  edit-metadata: 2.593270495533943
  landing: 1.697083443403244
  view-data: 3.6023378297686577
