times:
  edit-metadata: 1.5100208073854446
  landing: 0.8013543412089348
  view-data: 3.7328852117061615
