times:
  edit-metadata: 1.7808047831058502
  landing: 0.8799003288149834
  view-data: 3.547552153468132
