times:
  edit-metadata: 1.494912289083004
  landing: 0.8532856181263924
  view-data: 3.5423614978790283
