times:
  edit-metadata: 1.416203759610653
  landing: 0.8005363121628761
  view-data: 3.4894108176231384
