times:
  edit-metadata: 1.4880720041692257
  landing: 0.7468734793365002
  view-data: 3.3225880824029446
