times:
  edit-metadata: 1.4088857024908066
  landing: 0.876174733042717
  view-data: 3.502178966999054
