times:
  edit-metadata: 1.9895483180880547
  landing: 1.1497300453484058
  view-data: 3.398774392902851
