times:
  edit-metadata: 2.786057483404875
  landing: 1.5897002518177032
  view-data: 3.861201360821724
