times:
  edit-metadata: 1.4179796762764454
  landing: 0.702937189489603
  view-data: 3.3953872397542
