times:
  edit-metadata: 1.3959838226437569
  landing: 0.8323061540722847
  view-data: 3.453624587506056
