times:
  edit-metadata: 1.361783355474472
  landing: 0.7581351548433304
  view-data: 3.421925649046898
