times:
  edit-metadata: 1.400683917105198
  landing: 0.6934526562690735
  view-data: 3.5308564081788063
