times:
  edit-metadata: 1.48771171271801
  landing: 0.8187009990215302
  view-data: 3.5437484681606293
