times:
  edit-metadata: 1.4566332623362541
  landing: 0.7879704758524895
  view-data: 3.565762221813202
