times:
  edit-metadata: 1.3851815238595009
  landing: 0.7360840775072575
  view-data: 3.3499101884663105
