times:
  edit-metadata: 1.5494516044855118
  landing: 0.8065870329737663
  view-data: 3.5125968158245087
