times:
  edit-metadata: 1.4108508080244064
  landing: 0.7717860713601112
  view-data: 3.427115961909294
