times:
  edit-metadata: 1.4214535653591156
  landing: 0.730436697602272
  view-data: 3.360572747886181
