times:
  edit-metadata: 1.4058923348784447
  landing: 0.7728672735393047
  view-data: 3.3125840425491333
