times:
  edit-metadata: 1.442454308271408
  landing: 0.8876158744096756
  view-data: 3.3820344135165215
