times:
  edit-metadata: 1.7857730314135551
  landing: 1.0013539679348469
  view-data: 3.385082885622978
