times:
  edit-metadata: 1.4378036111593246
  landing: 0.6750940158963203
  view-data: 3.5525994896888733
