times:
  edit-metadata: 1.5450889058411121
  landing: 0.8943013697862625
  view-data: 3.3661938086152077
