times:
  edit-metadata: 1.483025811612606
  landing: 0.9393716976046562
  view-data: 0.6090336516499519
