times:
  edit-metadata: 1.4788589105010033
  landing: 0.73987927287817
  view-data: 3.462989516556263
