times:
  edit-metadata: 1.3826913610100746
  landing: 0.6692186966538429
  view-data: 3.4730485379695892
