times:
  edit-metadata: 2.07219660282135
  landing: 1.1966999918222427
  view-data: 3.4646066427230835
