times:
  edit-metadata: 1.3838981464505196
  landing: 0.8681884482502937
  view-data: 3.4910812079906464
