times:
  edit-metadata: 1.3512181900441647
  landing: 1.0927170738577843
  view-data: 3.3707673773169518
