times:
  edit-metadata: 2.1858673989772797
  landing: 1.4017268791794777
  view-data: 3.4814315736293793
