times:
  edit-metadata: 1.376444909721613
  landing: 0.7888278961181641
  view-data: 3.416985511779785
