times:
  edit-metadata: 2.0609031319618225
  landing: 1.0530447661876678
  view-data: 3.5533816516399384
