times:
  edit-metadata: 1.5018157921731472
  landing: 0.7676212899386883
  view-data: 3.4229200445115566
