times:
  edit-metadata: 1.5243376195430756
  landing: 0.7276009023189545
  view-data: 3.465478926897049
