times:
  edit-metadata: 1.4258828982710838
  landing: 0.7785386592149734
  view-data: 3.508565865457058
