times:
  edit-metadata: 1.5028314366936684
  landing: 0.7861421406269073
  view-data: 3.438691847026348
