times:
  edit-metadata: 1.6538519822061062
  landing: 0.779983576387167
  view-data: 3.441242426633835
