times:
  edit-metadata: 1.4867724478244781
  landing: 0.7875057309865952
  view-data: 3.3444759398698807
