times:
  edit-metadata: 1.5021739304065704
  landing: 0.7573001682758331
  view-data: 3.538714461028576
