times:
  edit-metadata: 1.4689270332455635
  landing: 0.8411573879420757
  view-data: 3.6130670197308064
