times:
  edit-metadata: 1.5110463127493858
  landing: 0.8416975513100624
  view-data: 3.3553872033953667
