times:
  edit-metadata: 1.5541316643357277
  landing: 0.6947971284389496
  view-data: 3.377844963222742
