times:
  edit-metadata: 2.3378917798399925
  landing: 1.1850213706493378
  view-data: 3.698615752160549
