times:
  edit-metadata: 1.411770235747099
  landing: 0.7692833729088306
  view-data: 3.4261247254908085
