times:
  edit-metadata: 1.4156872555613518
  landing: 0.7892606407403946
  view-data: 3.3271835818886757
