times:
  edit-metadata: 1.5220626145601273
  landing: 0.7323893308639526
  view-data: 3.558138556778431
