times:
  edit-metadata: 1.4139528423547745
  landing: 0.7100133821368217
  view-data: 3.3963535204529762
