times:
  edit-metadata: 1.3663458153605461
  landing: 0.800404854118824
  view-data: 3.5720415636897087
