times:
  edit-metadata: 1.4054518565535545
  landing: 0.7054405733942986
  view-data: 3.5317132845520973
