times:
  edit-metadata: 2.1882853507995605
  landing: 1.142278429120779
  view-data: 3.6078668981790543
