times:
  edit-metadata: 1.4474651739001274
  landing: 0.866101436316967
  view-data: 3.352855071425438
