times:
  edit-metadata: 1.4122607931494713
  landing: 0.745124839246273
  view-data: 3.4849926978349686
