times:
  edit-metadata: 1.3941993713378906
  landing: 0.9732592329382896
  view-data: 3.306359674781561
