times:
  edit-metadata: 1.6003361269831657
  landing: 0.7332592159509659
  view-data: 3.5237800925970078
