times:
  edit-metadata: 1.4308275952935219
  landing: 0.7086387053132057
  view-data: 3.4657415002584457
