times:
  edit-metadata: 1.4675948098301888
  landing: 0.7675409466028214
  view-data: 3.417015992105007
