times:
  edit-metadata: 1.4094189926981926
  landing: 0.7568069770932198
  view-data: 3.322731025516987
