times:
  edit-metadata: 1.3776568844914436
  landing: 0.7476175278425217
  view-data: 3.5192657113075256
