times:
  edit-metadata: 1.583776656538248
  landing: 0.8333731219172478
  view-data: 3.4465213268995285
