times:
  edit-metadata: 1.3900863826274872
  landing: 0.7845643386244774
  view-data: 3.569824032485485
