times:
  edit-metadata: 1.4981877207756042
  landing: 0.7940495982766151
  view-data: 3.5634558871388435
