times:
  edit-metadata: 1.4040125906467438
  landing: 0.7331171333789825
  view-data: 3.501903861761093
