times:
  edit-metadata: 1.5663338154554367
  landing: 0.8547540307044983
  view-data: 3.2970968782901764
