times:
  edit-metadata: 1.4726304709911346
  landing: 0.7925032153725624
  view-data: 3.5635598823428154
