times:
  edit-metadata: 1.3720992729067802
  landing: 0.7811162397265434
  view-data: 3.360916256904602
