times:
  edit-metadata: 1.375375296920538
  landing: 0.8229370936751366
  view-data: 3.4006449691951275
