times:
  edit-metadata: 1.4962384514510632
  landing: 1.0195161551237106
  view-data: 3.323579914867878
