times:
  edit-metadata: 1.2255960553884506
  landing: 0.8712899088859558
  view-data: 3.5760348066687584
