times:
  edit-metadata: 1.399920530617237
  landing: 0.8967011123895645
  view-data: 3.33150652050972
