times:
  edit-metadata: 1.70809580758214
  landing: 0.8681234270334244
  view-data: 3.3861366882920265
