times:
  edit-metadata: 1.5710060894489288
  landing: 0.8634277246892452
  view-data: 3.4878375716507435
