times:
  edit-metadata: 1.66028443723917
  landing: 0.9525577984750271
  view-data: 3.808144796639681
