times:
  edit-metadata: 1.7263165190815926
  landing: 0.8963422104716301
  view-data: 3.572442151606083
