times:
  edit-metadata: 1.421374872326851
  landing: 0.8069925308227539
  view-data: 3.567226320505142
