times:
  edit-metadata: 1.4562587887048721
  landing: 0.7570215687155724
  view-data: 3.360368713736534
