times:
  edit-metadata: 1.3495408780872822
  landing: 0.772647563368082
  view-data: 3.386721011251211
