times:
  edit-metadata: 1.4454194754362106
  landing: 0.7330213859677315
  view-data: 3.6211474761366844
