times:
  edit-metadata: 1.407182466238737
  landing: 0.7445295192301273
  view-data: 3.2975520342588425
