times:
  edit-metadata: 1.4564444795250893
  landing: 0.6981986686587334
  view-data: 3.5715809985995293
