times:
  edit-metadata: 1.4494270160794258
  landing: 0.6708300933241844
  view-data: 3.5440979450941086
