times:
  edit-metadata: 1.4365432932972908
  landing: 0.8178125619888306
  view-data: 3.6010994240641594
