times:
  edit-metadata: 1.4972876012325287
  landing: 0.7371439039707184
  view-data: 3.3597579039633274
