times:
  edit-metadata: 1.4630724228918552
  landing: 0.818121649324894
  view-data: 3.3415769673883915
