times:
  edit-metadata: 1.4156012907624245
  landing: 0.7971425205469131
  view-data: 3.54206532984972
