times:
  edit-metadata: 1.5199910141527653
  landing: 0.8386210575699806
  view-data: 3.393877752125263
