times:
  edit-metadata: 1.4019832238554955
  landing: 0.7953541055321693
  view-data: 3.38935849070549
