times:
  edit-metadata: 1.395677074790001
  landing: 0.7872845828533173
  view-data: 3.5106785595417023
