times:
  edit-metadata: 1.3773409649729729
  landing: 0.8223301768302917
  view-data: 3.5301139503717422
