times:
  edit-metadata: 1.4257015958428383
  landing: 0.7201098240911961
  view-data: 3.3426743410527706
