times:
  edit-metadata: 1.5052316188812256
  landing: 0.8250721842050552
  view-data: 3.7935083881020546
