times:
  edit-metadata: 1.5152905024588108
  landing: 0.8009335845708847
  view-data: 3.392005279660225
