times:
  edit-metadata: 1.4097560122609138
  landing: 0.7872569262981415
  view-data: 3.7859600707888603
