times:
  edit-metadata: 1.6261648312211037
  landing: 0.9974891319870949
  view-data: 3.5964778438210487
