times:
  edit-metadata: 1.573655541986227
  landing: 0.7559597715735435
  view-data: 3.3393917940557003
