times:
  edit-metadata: 1.601736068725586
  landing: 0.8298226520419121
  view-data: 3.431379236280918
