times:
  edit-metadata: 1.6333402656018734
  landing: 0.8414925374090672
  view-data: 3.5477618724107742
