times:
  edit-metadata: 1.4307014420628548
  landing: 0.7445005178451538
  view-data: 3.4299009293317795
