times:
  edit-metadata: 1.613897930830717
  landing: 0.9493246078491211
  view-data: 3.3613130636513233
