times:
  edit-metadata: 1.724244810640812
  landing: 0.8818424269556999
  view-data: 3.334748573601246
