times:
  edit-metadata: 1.4875109419226646
  landing: 0.7565205618739128
  view-data: 3.4709903970360756
