times:
  edit-metadata: 1.415754958987236
  landing: 0.7108902037143707
  view-data: 3.3117580451071262
