times:
  edit-metadata: 1.3660805746912956
  landing: 0.9429334923624992
  view-data: 3.408921144902706
