times:
  edit-metadata: 1.7190435379743576
  landing: 1.3991333693265915
  view-data: 3.49542485922575
