times:
  edit-metadata: 1.423136055469513
  landing: 1.0307708010077477
  view-data: 3.307405784726143
