times:
  edit-metadata: 1.4862216264009476
  landing: 0.845925584435463
  view-data: 3.5315262600779533
