times:
  edit-metadata: 1.4717844724655151
  landing: 0.8393563702702522
  view-data: 3.4562659934163094
