times:
  edit-metadata: 2.1563649624586105
  landing: 1.2951266467571259
  view-data: 3.773398146033287
