times:
  edit-metadata: 2.167382836341858
  landing: 1.286137081682682
  view-data: 3.3845631554722786
