times:
  edit-metadata: 1.3870505765080452
  landing: 0.9211279153823853
  view-data: 3.4702036380767822
