times:
  edit-metadata: 1.3688068315386772
  landing: 0.8305976167321205
  view-data: 3.5911481231451035
