times:
  edit-metadata: 1.377981647849083
  landing: 0.8246255442500114
  view-data: 3.487385220825672
