times:
  edit-metadata: 1.474865861237049
  landing: 1.095644123852253
  view-data: 3.543402560055256
