times:
  edit-metadata: 2.3448282927274704
  landing: 1.5336403250694275
  view-data: 3.7252897173166275
