times:
  edit-metadata: 1.6781148239970207
  landing: 1.0922327637672424
  view-data: 3.372378386557102
