times:
  edit-metadata: 1.4239554181694984
  landing: 1.03737111389637
  view-data: 3.4625961035490036
