times:
  edit-metadata: 1.3929367288947105
  landing: 0.896722324192524
  view-data: 3.354326643049717
