times:
  edit-metadata: 1.4320874959230423
  landing: 0.8581848964095116
  view-data: 3.3268632143735886
