times:
  edit-metadata: 1.448841966688633
  landing: 0.9532782584428787
  view-data: 3.4917009845376015
