times:
  edit-metadata: 1.3757214918732643
  landing: 0.9933352619409561
  view-data: 3.527249127626419
