times:
  edit-metadata: 1.9019512981176376
  landing: 1.1583355627954006
  view-data: 3.4287510104477406
