times:
  edit-metadata: 1.3342877700924873
  landing: 0.7870998084545135
  view-data: 3.403338499367237
