times:
  edit-metadata: 1.5030453242361546
  landing: 0.8451990187168121
  view-data: 3.4417131058871746
