times:
  edit-metadata: 1.4450020529329777
  landing: 0.8023040741682053
  view-data: 3.2875503934919834
