times:
  edit-metadata: 2.025003172457218
  landing: 1.2452479675412178
  view-data: 3.2780620269477367
