times:
  edit-metadata: 4.4432530254125595
  landing: 2.2790365889668465
  view-data: 3.715290293097496
