times:
  edit-metadata: 1.4528173357248306
  landing: 0.9028794914484024
  view-data: 3.4915283247828484
