times:
  edit-metadata: 1.5613405220210552
  landing: 0.9165728874504566
  view-data: 3.3091741390526295
