times:
  edit-metadata: 1.4214292392134666
  landing: 1.0609384924173355
  view-data: 3.4239083528518677
