times:
  edit-metadata: 1.3728842660784721
  landing: 0.9312030524015427
  view-data: 3.362700439989567
