times:
  edit-metadata: 1.8954459615051746
  landing: 1.2012152038514614
  view-data: 3.2755360789597034
