times:
  edit-metadata: 1.9020389057695866
  landing: 1.102008368819952
  view-data: 3.329946156591177
