times:
  edit-metadata: 1.4022080600261688
  landing: 0.9040926843881607
  view-data: 3.260850302875042
