times:
  edit-metadata: 2.9291091710329056
  landing: 1.885946735739708
  view-data: 3.8847423791885376
