times:
  edit-metadata: 1.9261723197996616
  landing: 1.5868836529552937
  view-data: 3.3678868152201176
