times:
  edit-metadata: 1.4962000474333763
  landing: 0.8642125129699707
  view-data: 3.3483123295009136
