times:
  edit-metadata: 1.3969615623354912
  landing: 0.9047643467783928
  view-data: 3.4059905782341957
