times:
  edit-metadata: 1.334028720855713
  landing: 0.8828688263893127
  view-data: 3.3244427889585495
