times:
  edit-metadata: 1.3913267031311989
  landing: 0.9933473393321037
  view-data: 3.3411440402269363
