times:
  edit-metadata: 1.3906469494104385
  landing: 0.8840421885251999
  view-data: 3.398915909230709
