times:
  edit-metadata: 1.3849744275212288
  landing: 1.0407899618148804
  view-data: 3.46752543002367
