times:
  edit-metadata: 1.457784727215767
  landing: 1.108758918941021
  view-data: 3.384355716407299
