times:
  edit-metadata: 1.9257555678486824
  landing: 1.1825309582054615
  view-data: 3.3100920282304287
