times:
  edit-metadata: 1.3830380365252495
  landing: 0.8421063721179962
  view-data: 3.494488053023815
