times:
  edit-metadata: 1.8631092235445976
  landing: 1.0481871999800205
  view-data: 3.3641429021954536
