times:
  edit-metadata: 1.8238755650818348
  landing: 1.0938314460217953
  view-data: 3.306297544389963
