times:
  edit-metadata: 1.8968080021440983
  landing: 1.0879982002079487
  view-data: 3.3297157399356365
