times:
  edit-metadata: 1.6768001019954681
  landing: 0.9243621230125427
  view-data: 3.362126685678959
