times:
  edit-metadata: 1.3674764186143875
  landing: 0.8082220107316971
  view-data: 3.406895272433758
