times:
  edit-metadata: 1.4438298121094704
  landing: 0.9608806595206261
  view-data: 3.3930887952446938
