times:
  edit-metadata: 2.2115476429462433
  landing: 1.0376503691077232
  view-data: 3.600798949599266
