times:
  edit-metadata: 1.4737281873822212
  landing: 0.8812358379364014
  view-data: 3.410898797214031
