times:
  edit-metadata: 1.4916377514600754
  landing: 1.0982273444533348
  view-data: 3.346801858395338
