times:
  edit-metadata: 1.9842722490429878
  landing: 1.1236552819609642
  view-data: 3.284371342509985
