times:
  edit-metadata: 1.3571120500564575
  landing: 0.8183132112026215
  view-data: 3.272629663348198
