times:
  edit-metadata: 1.6086433604359627
  landing: 1.094869278371334
  view-data: 3.4079317674040794
