times:
  edit-metadata: 1.4661945402622223
  landing: 0.767472930252552
  view-data: 3.2657642364501953
