times:
  edit-metadata: 2.0159537196159363
  landing: 1.2754506319761276
  view-data: 3.3364087976515293
