times:
  edit-metadata: 1.329786978662014
  landing: 0.784968726336956
  view-data: 3.395156219601631
