times:
  edit-metadata: 1.5957223400473595
  landing: 1.0290249809622765
  view-data: 3.384451501071453
