times:
  edit-metadata: 1.511089839041233
  landing: 0.8601733967661858
  view-data: 3.504031464457512
