times:
  edit-metadata: 1.4034924432635307
  landing: 1.0686658844351768
  view-data: 3.4767334014177322
