times:
  edit-metadata: 1.5081651508808136
  landing: 0.8924534097313881
  view-data: 3.484308861196041
