times:
  edit-metadata: 1.385769598186016
  landing: 1.0756386443972588
  view-data: 3.267741482704878
