times:
  edit-metadata: 1.7733475789427757
  landing: 1.1120675466954708
  view-data: 3.4906310066580772
