times:
  edit-metadata: 2.114854544401169
  landing: 1.2394282668828964
  view-data: 3.4096083007752895
