times:
  edit-metadata: 1.3784314505755901
  landing: 1.0530829466879368
  view-data: 3.3786414861679077
