times:
  edit-metadata: 1.5315386317670345
  landing: 0.8218799605965614
  view-data: 3.3547035194933414
