times:
  edit-metadata: 1.930274523794651
  landing: 1.1323822513222694
  view-data: 3.618510652333498
