times:
  edit-metadata: 1.5753351412713528
  landing: 1.126179601997137
  view-data: 3.3686914928257465
