times:
  edit-metadata: 1.4194143414497375
  landing: 0.8757624700665474
  view-data: 3.5105603113770485
