times:
  edit-metadata: 1.4123734086751938
  landing: 0.902864433825016
  view-data: 3.5219206735491753
