times:
  edit-metadata: 1.7440021708607674
  landing: 1.1962694898247719
  view-data: 3.3222652599215508
