times:
  edit-metadata: 1.4575394615530968
  landing: 0.8968242332339287
  view-data: 3.439347892999649
