times:
  edit-metadata: 1.954252902418375
  landing: 1.513634730130434
  view-data: 3.3585642501711845
