times:
  edit-metadata: 1.3984952196478844
  landing: 0.8570162877440453
  view-data: 3.3903680443763733
