times:
  edit-metadata: 1.4663230180740356
  landing: 1.0722496435046196
  view-data: 3.3402477726340294
