times:
  edit-metadata: 1.5079997144639492
  landing: 1.3348010554909706
  view-data: 3.374053955078125
