times:
  edit-metadata: 1.3614099100232124
  landing: 0.8013212531805038
  view-data: 3.4452867582440376
