times:
  edit-metadata: 1.5408514514565468
  landing: 0.8256409838795662
  view-data: 3.397293120622635
