times:
  edit-metadata: 1.6165227070450783
  landing: 0.9912344440817833
  view-data: 3.2980582788586617
