times:
  edit-metadata: 1.7241943553090096
  landing: 0.9171115234494209
  view-data: 3.4670610427856445
