times:
  edit-metadata: 1.4998794421553612
  landing: 0.9454606175422668
  view-data: 3.5012032985687256
