times:
  edit-metadata: 1.3774891272187233
  landing: 1.0627623945474625
  view-data: 3.5032089948654175
