times:
  edit-metadata: 1.9465596452355385
  landing: 1.1245203092694283
  view-data: 3.285446636378765
