times:
  edit-metadata: 1.474422737956047
  landing: 0.8535042628645897
  view-data: 3.422262482345104
