times:
  edit-metadata: 2.003463391214609
  landing: 1.542459573596716
  view-data: 3.3503154702484608
