times:
  edit-metadata: 1.4318893402814865
  landing: 0.9119675755500793
  view-data: 3.4905881583690643
