times:
  edit-metadata: 1.884601954370737
  landing: 1.0700946003198624
  view-data: 3.2880180962383747
