times:
  edit-metadata: 1.3690755367279053
  landing: 0.8203587830066681
  view-data: 3.2973480001091957
