times:
  edit-metadata: 1.3536261022090912
  landing: 0.7992518246173859
  view-data: 3.4539625123143196
