times:
  edit-metadata: 1.9635132029652596
  landing: 1.1237222142517567
  view-data: 3.3753531500697136
