times:
  edit-metadata: 1.4560675993561745
  landing: 0.8614800795912743
  view-data: 3.5104348734021187
