times:
  edit-metadata: 1.9682635813951492
  landing: 1.38096322119236
  view-data: 3.3173607997596264
