times:
  edit-metadata: 1.549315720796585
  landing: 0.845183975994587
  view-data: 3.4104814305901527
