times:
  edit-metadata: 1.5253918692469597
  landing: 0.9790388196706772
  view-data: 3.49209962785244
