times:
  edit-metadata: 1.567800372838974
  landing: 0.8420386910438538
  view-data: 3.3809158951044083
