times:
  edit-metadata: 1.5720376744866371
  landing: 0.9287394881248474
  view-data: 3.4601870700716972
