times:
  edit-metadata: 1.35939547047019
  landing: 1.341115340590477
  view-data: 3.3509750105440617
