times:
  edit-metadata: 1.5067456513643265
  landing: 1.0318116918206215
  view-data: 3.46646074205637
