times:
  edit-metadata: 1.386091873049736
  landing: 0.8108447417616844
  view-data: 3.3468151167035103
