times:
  edit-metadata: 1.6864494681358337
  landing: 0.8664096854627132
  view-data: 3.3862135149538517
