times:
  edit-metadata: 1.4203241765499115
  landing: 0.9956895634531975
  view-data: 3.419350191950798
