times:
  edit-metadata: 1.3558791354298592
  landing: 1.0503723993897438
  view-data: 3.5088480561971664
