times:
  edit-metadata: 1.379908062517643
  landing: 0.8906265124678612
  view-data: 3.266698393970728
