times:
  edit-metadata: 1.4734183624386787
  landing: 1.0912903435528278
  view-data: 3.338961210101843
