times:
  edit-metadata: 2.071357350796461
  landing: 1.4292007498443127
  view-data: 3.345265496522188
