times:
  edit-metadata: 1.399060308933258
  landing: 0.80619166046381
  view-data: 3.432290017604828
