times:
  edit-metadata: 1.4693326279520988
  landing: 0.9472958892583847
  view-data: 3.3192970231175423
