times:
  edit-metadata: 1.3559939712285995
  landing: 0.8235514909029007
  view-data: 3.464956112205982
