times:
  edit-metadata: 1.4757247790694237
  landing: 0.9712879657745361
  view-data: 3.409738928079605
