times:
  edit-metadata: 1.9135567024350166
  landing: 1.1805998049676418
  view-data: 3.325938992202282
