times:
  edit-metadata: 1.414787620306015
  landing: 0.8389037698507309
  view-data: 3.3194297403097153
