times:
  edit-metadata: 1.466946691274643
  landing: 1.0291288867592812
  view-data: 3.523864783346653
