times:
  edit-metadata: 1.4499523639678955
  landing: 1.1408209651708603
  view-data: 3.4657820388674736
