times:
  edit-metadata: 1.3525976203382015
  landing: 0.7944203354418278
  view-data: 3.2905204109847546
