times:
  edit-metadata: 1.391006961464882
  landing: 0.945762000977993
  view-data: 3.4145214185118675
