times:
  edit-metadata: 1.8365591615438461
  landing: 1.4617558717727661
  view-data: 3.3282579071819782
