times:
  edit-metadata: 1.5310633033514023
  landing: 1.2415293753147125
  view-data: 3.397988073527813
