times:
  edit-metadata: 1.518857553601265
  landing: 1.094618134200573
  view-data: 3.2996536903083324
