times:
  edit-metadata: 1.4000120386481285
  landing: 0.880072832107544
  view-data: 3.506658472120762
