times:
  edit-metadata: 1.6037265323102474
  landing: 1.2325225435197353
  view-data: 3.3132058791816235
