times:
  edit-metadata: 1.753762610256672
  landing: 1.030804194509983
  view-data: 3.3743139430880547
