times:
  edit-metadata: 1.8586042821407318
  landing: 1.1426847912371159
  view-data: 3.365507483482361
