times:
  edit-metadata: 1.3780988976359367
  landing: 0.7692862451076508
  view-data: 3.421841099858284
