times:
  edit-metadata: 1.3586892932653427
  landing: 0.8756885007023811
  view-data: 3.275741845369339
