times:
  edit-metadata: 1.76614136621356
  landing: 1.1649482026696205
  view-data: 3.266857411712408
