times:
  edit-metadata: 1.3729189187288284
  landing: 0.8350295126438141
  view-data: 3.2589742839336395
