times:
  edit-metadata: 1.4125253558158875
  landing: 0.9552282020449638
  view-data: 3.4930580854415894
