times:
  edit-metadata: 1.4025532826781273
  landing: 0.8328158929944038
  view-data: 3.416836380958557
