times:
  edit-metadata: 1.86472387611866
  landing: 1.1595304980874062
  view-data: 3.2691606618463993
