times:
  edit-metadata: 1.4184176176786423
  landing: 0.7514027878642082
  view-data: 3.451303146779537
