times:
  edit-metadata: 1.3703670501708984
  landing: 0.9311482012271881
  view-data: 3.4573900252580643
