times:
  edit-metadata: 1.791696097701788
  landing: 1.1968120820820332
  view-data: 3.379087757319212
