times:
  edit-metadata: 1.4415260925889015
  landing: 0.8909667432308197
  view-data: 3.406628929078579
