times:
  edit-metadata: 1.4177630916237831
  landing: 0.8480028286576271
  view-data: 3.3347573578357697
