times:
  edit-metadata: 1.3726235330104828
  landing: 0.8977773785591125
  view-data: 3.4410552009940147
