times:
  edit-metadata: 1.3655674308538437
  landing: 0.8506099507212639
  view-data: 3.4727494046092033
