times:
  edit-metadata: 1.3814352974295616
  landing: 0.9629441276192665
  view-data: 3.414287731051445
