times:
  edit-metadata: 1.4448418989777565
  landing: 1.0041535645723343
  view-data: 3.421389766037464
