times:
  edit-metadata: 1.7187859639525414
  landing: 0.9952998384833336
  view-data: 3.3964754715561867
