times:
  edit-metadata: 4.128167662769556
  landing: 1.4630376547574997
  view-data: 4.0414133705198765
