times:
  edit-metadata: 1.4295528456568718
  landing: 0.8402345702052116
  view-data: 3.3058312460780144
