times:
  edit-metadata: 1.5825281627476215
  landing: 1.190323818475008
  view-data: 3.4463072642683983
