times:
  edit-metadata: 1.3436295911669731
  landing: 0.7760690227150917
  view-data: 3.3785336166620255
