times:
  edit-metadata: 1.3915179893374443
  landing: 0.8220545649528503
  view-data: 3.4247762262821198
