times:
  edit-metadata: 1.465813860297203
  landing: 0.9703852161765099
  view-data: 3.3675623014569283
