times:
  edit-metadata: 1.3767068833112717
  landing: 0.8699930235743523
  view-data: 3.4749922454357147
