times:
  edit-metadata: 1.4513971507549286
  landing: 0.9121769964694977
  view-data: 3.338619664311409
