times:
  edit-metadata: 2.1143650710582733
  landing: 1.3345197066664696
  view-data: 3.5508136227726936
