times:
  edit-metadata: 2.8661951906979084
  landing: 2.2429398745298386
  view-data: 3.6234849877655506
