times:
  edit-metadata: 1.5381334125995636
  landing: 1.3130466938018799
  view-data: 3.3350400999188423
