times:
  edit-metadata: 1.4752817675471306
  landing: 0.8051185309886932
  view-data: 3.487384542822838
