times:
  edit-metadata: 1.5271639004349709
  landing: 0.8819486796855927
  view-data: 3.4441047683358192
