times:
  edit-metadata: 1.3958562538027763
  landing: 1.1438414752483368
  view-data: 3.4653926342725754
