times:
  edit-metadata: 1.3724560290575027
  landing: 0.8449578806757927
  view-data: 3.4091537222266197
