times:
  edit-metadata: 1.5352083332836628
  landing: 0.9598111733794212
  view-data: 3.3488480262458324
