times:
  edit-metadata: 1.4691995680332184
  landing: 0.8541650101542473
  view-data: 3.46916114538908
