times:
  edit-metadata: 1.4033782556653023
  landing: 0.9372577965259552
  view-data: 3.3159142583608627
