times:
  edit-metadata: 1.4928807206451893
  landing: 0.9933978579938412
  view-data: 3.304280001670122
