times:
  edit-metadata: 1.3747986778616905
  landing: 0.8400891423225403
  view-data: 3.4478800147771835
