times:
  edit-metadata: 1.8289790004491806
  landing: 1.4138209857046604
  view-data: 3.444971438497305
