times:
  edit-metadata: 1.3206233708187938
  landing: 0.8388476893305779
  view-data: 3.3272121027112007
