times:
  edit-metadata: 1.446775235235691
  landing: 0.8468874357640743
  view-data: 3.3422253355383873
