times:
  edit-metadata: 1.6083237044513226
  landing: 0.9300268553197384
  view-data: 3.366035457700491
