times:
  edit-metadata: 1.420164491981268
  landing: 0.888199258595705
  view-data: 3.324537331238389
