times:
  edit-metadata: 1.756281679496169
  landing: 1.109811769798398
  view-data: 3.3946080785244703
