times:
  edit-metadata: 1.7002608124166727
  landing: 1.2202559411525726
  view-data: 3.416695410385728
