times:
  edit-metadata: 1.8881850931793451
  landing: 1.1949820909649134
  view-data: 3.335000140592456
