times:
  edit-metadata: 1.546764362603426
  landing: 1.0019699856638908
  view-data: 3.3180592954158783
