times:
  edit-metadata: 1.51321417465806
  landing: 0.8376040905714035
  view-data: 3.4336249381303787
