times:
  edit-metadata: 1.4046619236469269
  landing: 0.9840330258011818
  view-data: 3.3171796537935734
