times:
  edit-metadata: 1.6363755278289318
  landing: 1.032537255436182
  view-data: 3.3642702400684357
