times:
  edit-metadata: 1.52411400526762
  landing: 0.8949756249785423
  view-data: 3.3632868975400925
