times:
  edit-metadata: 1.492000337690115
  landing: 0.7781574428081512
  view-data: 0.6206133123487234
