times:
  edit-metadata: 1.4437797255814075
  landing: 0.9030775278806686
  view-data: 3.3056321814656258
