times:
  edit-metadata: 1.4930246844887733
  landing: 0.8114927858114243
  view-data: 3.459405567497015
