times:
  edit-metadata: 1.4772065468132496
  landing: 0.7965516652911901
  view-data: 3.418434012681246
