times:
  edit-metadata: 3.0280634947121143
  landing: 1.6525948755443096
  view-data: 3.6968421414494514
