times:
  edit-metadata: 1.3670163173228502
  landing: 0.7209441550076008
  view-data: 3.3395831119269133
