times:
  edit-metadata: 1.5340614095330238
  landing: 1.1026354804635048
  view-data: 3.296721562743187
