times:
  edit-metadata: 1.3419755771756172
  landing: 0.8241352401673794
  view-data: 3.342879343777895
