times:
  edit-metadata: 2.1162926740944386
  landing: 0.9936737045645714
  view-data: 3.314810946583748
