times:
  edit-metadata: 1.3490813341923058
  landing: 0.8604706968180835
  view-data: 3.240581091027707
