times:
  edit-metadata: 1.5927953571081161
  landing: 1.0720633193850517
  view-data: 3.3980555795133114
