times:
  edit-metadata: 1.3515126090496778
  landing: 0.8801631350070238
  view-data: 3.3413672130554914
