times:
  edit-metadata: 1.4489996721968055
  landing: 0.8452166179195046
  view-data: 3.3202028945088387
