times:
  edit-metadata: 1.571533516049385
  landing: 1.0308998078107834
  view-data: 3.3875970132648945
