times:
  edit-metadata: 1.4776842966675758
  landing: 0.7746411673724651
  view-data: 3.390629906207323
