times:
  edit-metadata: 1.7806652262806892
  landing: 0.9583828188478947
  view-data: 3.3016144912689924
