times:
  edit-metadata: 1.490345984697342
  landing: 0.7561083696782589
  view-data: 3.4081903509795666
