times:
  edit-metadata: 1.2591030662879348
  landing: 0.9161242730915546
  view-data: 3.3595489226281643
