times:
  edit-metadata: 1.7728661196306348
  landing: 0.8777320794761181
  view-data: 4.367467964999378
