times:
  edit-metadata: 1.38825054327026
  landing: 0.7398153748363256
  view-data: 3.3356292666867375
