times:
  edit-metadata: 1.3638721853494644
  landing: 0.9725839383900166
  view-data: 3.3233485966920853
