times:
  edit-metadata: 1.5083513651043177
  landing: 1.2394343689084053
  view-data: 3.3296191673725843
