times:
  edit-metadata: 1.5909161027520895
  landing: 0.8055195976048708
  view-data: 3.4164771400392056
