times:
  edit-metadata: 1.4573369771242142
  landing: 0.9122145213186741
  view-data: 3.4122592471539974
