times:
  edit-metadata: 1.5096309445798397
  landing: 1.0029941387474537
  view-data: 3.3770864121615887
