times:
  edit-metadata: 1.4338010540232062
  landing: 0.855021228082478
  view-data: 3.3490209551528096
