times:
  edit-metadata: 1.9163738330826163
  landing: 1.3637183383107185
  view-data: 3.4781816210597754
