times:
  edit-metadata: 1.6676065027713776
  landing: 1.0529616847634315
  view-data: 3.3546290695667267
