times:
  edit-metadata: 1.4870522366836667
  landing: 1.0186548214405775
  view-data: 3.299763730727136
