times:
  edit-metadata: 1.5878077577799559
  landing: 0.8419571928679943
  view-data: 3.4172622840851545
