times:
  edit-metadata: 1.4788263160735369
  landing: 0.778512230142951
  view-data: 3.3793887980282307
