times:
  edit-metadata: 1.5123988799750805
  landing: 0.8874627407640219
  view-data: 3.3503400590270758
