times:
  edit-metadata: 1.4068366773426533
  landing: 0.8737079538404942
  view-data: 3.3524477407336235
