times:
  edit-metadata: 1.4004934448748827
  landing: 0.7529730778187513
  view-data: 3.340861262753606
