times:
  edit-metadata: 1.4821079522371292
  landing: 0.8640160076320171
  view-data: 3.2651242651045322
