times:
  edit-metadata: 1.4387649465352297
  landing: 0.8361189719289541
  view-data: 3.4298080280423164
