times:
  edit-metadata: 1.4908171719871461
  landing: 0.7455557179637253
  view-data: 3.3358920419123024
