times:
  edit-metadata: 1.465417755767703
  landing: 0.8220958262681961
  view-data: 3.4169723242521286
