times:
  edit-metadata: 1.493378859013319
  landing: 0.7920807152986526
  view-data: 3.4274516459554434
