times:
  edit-metadata: 1.413929022848606
  landing: 0.8088704850524664
  view-data: 3.358538717031479
