times:
  edit-metadata: 1.217419135849923
  landing: 0.8422507708892226
  view-data: 3.3154637259431183
