times:
  edit-metadata: 1.4160836078226566
  landing: 0.8864959515631199
  view-data: 3.3442121371626854
