times:
  edit-metadata: 1.4985527209937572
  landing: 0.9132196009159088
  view-data: 3.329166330397129
