times:
  edit-metadata: 1.5292686456814408
  landing: 1.0168744591064751
  view-data: 3.276774362195283
