times:
  edit-metadata: 1.9450214430689812
  landing: 1.15279109030962
  view-data: 3.4356581792235374
