times:
  edit-metadata: 1.4287070017307997
  landing: 0.7923296168446541
  view-data: 3.26655903365463
