times:
  edit-metadata: 1.8133244840428233
  landing: 1.4556032372638583
  view-data: 3.5203947937116027
