times:
  edit-metadata: 1.4085662327706814
  landing: 0.9115735366940498
  view-data: 3.387304451316595
