times:
  edit-metadata: 1.9159371391870081
  landing: 1.2094772132113576
  view-data: 3.4004606399685144
