times:
  edit-metadata: 1.4886013828217983
  landing: 0.9146153852343559
  view-data: 3.3675258681178093
