times:
  edit-metadata: 1.5146707203239202
  landing: 0.9020224809646606
  view-data: 3.3755426332354546
