times:
  edit-metadata: 1.3954220600426197
  landing: 0.8941997773945332
  view-data: 3.4197163619101048
