times:
  edit-metadata: 1.3737175497226417
  landing: 0.7939622546546161
  view-data: 3.336344455834478
