times:
  edit-metadata: 1.4487735852599144
  landing: 0.7689422648400068
  view-data: 3.2977390736341476
