times:
  edit-metadata: 1.5455161090940237
  landing: 0.809802420437336
  view-data: 3.4271594677120447
