times:
  edit-metadata: 1.560878373682499
  landing: 0.8201345503330231
  view-data: 3.3251586444675922
