times:
  edit-metadata: 1.3520421632565558
  landing: 0.9218880850821733
  view-data: 3.547934141010046
