times:
  edit-metadata: 1.5434091910719872
  landing: 0.9033460766077042
  view-data: 3.4287907518446445
