times:
  edit-metadata: 1.5137523002922535
  landing: 0.7927642203867435
  view-data: 3.3501411359757185
