times:
  edit-metadata: 1.4458231371827424
  landing: 0.8841237877495587
  view-data: 3.3382981261238456
