times:
  edit-metadata: 1.493786370381713
  landing: 0.8189468029886484
  view-data: 3.3806842360645533
