times:
  edit-metadata: 1.7879718355834484
  landing: 1.3210076317191124
  view-data: 3.3956896699965
