times:
  edit-metadata: 1.3552438616752625
  landing: 0.8996208980679512
  view-data: 3.3218537159264088
