times:
  edit-metadata: 2.1216874588280916
  landing: 1.2139420928433537
  view-data: 3.7805439280346036
