times:
  edit-metadata: 1.5045902859419584
  landing: 0.8990377839654684
  view-data: 3.316653066314757
