times:
  edit-metadata: 1.4008922977373004
  landing: 0.7792884986847639
  view-data: 3.404483093880117
