times:
  edit-metadata: 1.3912218622863293
  landing: 0.954709816724062
  view-data: 3.342302357777953
