times:
  edit-metadata: 1.5953484401106834
  landing: 1.0708772242069244
  view-data: 3.3570856153964996
