times:
  edit-metadata: 1.4701790511608124
  landing: 0.8143369369208813
  view-data: 3.400732297450304
