times:
  edit-metadata: 1.4790698178112507
  landing: 0.8046543877571821
  view-data: 3.4635651875287294
