times:
  edit-metadata: 1.3014528444036841
  landing: 0.859674047678709
  view-data: 3.321984172798693
