times:
  edit-metadata: 1.4148116521537304
  landing: 0.9701905027031898
  view-data: 3.3258403688669205
