times:
  edit-metadata: 1.4542550072073936
  landing: 0.8564855791628361
  view-data: 3.4384689033031464
