times:
  edit-metadata: 1.3240011166781187
  landing: 0.7829904975369573
  view-data: 3.349629247561097
