times:
  edit-metadata: 1.3990781111642718
  landing: 1.0604495937004685
  view-data: 3.410293497145176
