times:
  edit-metadata: 1.5855070501565933
  landing: 1.0895970240235329
  view-data: 3.3558684773743153
