times:
  edit-metadata: 1.374854621477425
  landing: 0.8472219901159406
  view-data: 3.289049508050084
