times:
  edit-metadata: 1.5036583747714758
  landing: 0.9510256480425596
  view-data: 3.436005499213934
