times:
  edit-metadata: 1.581937100738287
  landing: 1.0790855213999748
  view-data: 3.3526245430111885
