times:
  edit-metadata: 1.4875067509710789
  landing: 0.8124787136912346
  view-data: 3.3541239611804485
