times:
  edit-metadata: 1.654675018042326
  landing: 1.030332062393427
  view-data: 3.3988181613385677
