times:
  edit-metadata: 1.4874021708965302
  landing: 0.8640282247215509
  view-data: 3.3274716418236494
