times:
  edit-metadata: 1.4387890882790089
  landing: 0.7241254709661007
  view-data: 3.36466533690691
