times:
  edit-metadata: 1.3949971571564674
  landing: 0.9308729320764542
  view-data: 3.3919858783483505
