times:
  edit-metadata: 1.4968789853155613
  landing: 0.7368217185139656
  view-data: 3.451553899794817
