times:
  edit-metadata: 1.530486412346363
  landing: 0.9321296140551567
  view-data: 3.396314237266779
