times:
  edit-metadata: 1.5166419930756092
  landing: 0.8129099542275071
  view-data: 3.2799006644636393
