times:
  edit-metadata: 1.5797450672835112
  landing: 0.7956763431429863
  view-data: 3.3384676054120064
