times:
  edit-metadata: 1.5039358921349049
  landing: 0.8898206353187561
  view-data: 3.2895173728466034
