times:
  edit-metadata: 1.61400730535388
  landing: 0.8728813584893942
  view-data: 3.4560894276946783
