times:
  edit-metadata: 1.536008644849062
  landing: 1.0733945034444332
  view-data: 3.3969824239611626
