times:
  edit-metadata: 2.487904015928507
  landing: 1.4062431566417217
  view-data: 3.4472898952662945
