times:
  edit-metadata: 1.3484247140586376
  landing: 0.773754334077239
  view-data: 3.3695168495178223
