times:
  edit-metadata: 1.333544347435236
  landing: 0.98666962236166
  view-data: 3.319147065281868
