times:
  edit-metadata: 1.583258729428053
  landing: 1.0169289484620094
  view-data: 3.4865610152482986
