times:
  edit-metadata: 1.6187630705535412
  landing: 0.9101266525685787
  view-data: 3.4467069283127785
