times:
  edit-metadata: 1.4668704941868782
  landing: 1.0016744658350945
  view-data: 3.3885385133326054
