times:
  edit-metadata: 1.4457013830542564
  landing: 0.9809449128806591
  view-data: 3.3726962246000767
