times:
  edit-metadata: 1.4591710921376944
  landing: 0.7447401089593768
  view-data: 3.3648140020668507
