times:
  edit-metadata: 1.4941283538937569
  landing: 0.7860689237713814
  view-data: 3.3779670670628548
