times:
  edit-metadata: 1.4208341375924647
  landing: 0.8782866997644305
  view-data: 3.3157206727191806
