times:
  edit-metadata: 1.7338625192642212
  landing: 2.464262817054987
  view-data: 3.331311609596014
