times:
  edit-metadata: 1.3766150488518178
  landing: 0.9400621489621699
  view-data: 4.559714720118791
