times:
  edit-metadata: 1.3561252318322659
  landing: 0.9526489600539207
  view-data: 3.4244556352496147
