times:
  edit-metadata: 1.5034151040017605
  landing: 0.8852641023695469
  view-data: 3.377771072089672
