times:
  edit-metadata: 1.7065669931471348
  landing: 1.119451180100441
  view-data: 3.4194713085889816
