times:
  edit-metadata: 1.4999847300350666
  landing: 0.7789480239152908
  view-data: 3.3397117517888546
