times:
  edit-metadata: 1.6988550908863544
  landing: 1.0653593186289072
  view-data: 3.3649720046669245
