times:
  edit-metadata: 1.9765609600581229
  landing: 1.2333762738853693
  view-data: 3.3408479196950793
