times:
  edit-metadata: 1.3410811349749565
  landing: 0.7273413799703121
  view-data: 3.333369228988886
