times:
  edit-metadata: 1.5657982304692268
  landing: 1.0986971110105515
  view-data: 3.3726626001298428
