times:
  edit-metadata: 1.5198645144701004
  landing: 0.8350842259824276
  view-data: 3.336743976920843
