times:
  edit-metadata: 1.5109668411314487
  landing: 0.7937928438186646
  view-data: 3.4288201704621315
