times:
  edit-metadata: 1.5130336750298738
  landing: 0.8079327419400215
  view-data: 3.424062207341194
