times:
  edit-metadata: 1.3761541098356247
  landing: 0.8987240865826607
  view-data: 3.3503959365189075
