times:
  edit-metadata: 1.3413244197145104
  landing: 0.8242566157132387
  view-data: 3.2832516254857183
