times:
  edit-metadata: 1.505581308156252
  landing: 0.7836403883993626
  view-data: 3.3666646480560303
