times:
  edit-metadata: 1.3946154527366161
  landing: 0.8616315387189388
  view-data: 3.336144905537367
