times:
  edit-metadata: 1.51839042827487
  landing: 0.9560341201722622
  view-data: 3.4091820903122425
