times:
  edit-metadata: 1.471691024955362
  landing: 0.8285590861923993
  view-data: 3.333410121034831
