times:
  edit-metadata: 1.4795914273709059
  landing: 0.7942548245191574
  view-data: 3.397524503991008
