times:
  edit-metadata: 1.4977094009518623
  landing: 0.7278487998992205
  view-data: 3.414976943284273
