times:
  edit-metadata: 1.5066339448094368
  landing: 0.9439075775444508
  view-data: 3.426703365519643
