times:
  edit-metadata: 1.6322604566812515
  landing: 1.1565921679139137
  view-data: 3.354087170213461
