times:
  edit-metadata: 1.6329487096518278
  landing: 0.9042553920298815
  view-data: 3.472996650263667
