times:
  edit-metadata: 1.8329956829547882
  landing: 1.2264607325196266
  view-data: 3.5683618299663067
