times:
  edit-metadata: 1.388608431443572
  landing: 1.8439308675006032
  view-data: 3.3884898433461785
