times:
  edit-metadata: 1.3524047089740634
  landing: 0.8578323666006327
  view-data: 3.5989556219428778
