times:
  edit-metadata: 2.0044163055717945
  landing: 0.9010343253612518
  view-data: 3.305935103446245
