times:
  edit-metadata: 1.496313827112317
  landing: 0.7924556955695152
  view-data: 3.3750191908329725
