times:
  edit-metadata: 1.5105701554566622
  landing: 0.9640024807304144
  view-data: 3.330216970294714
