times:
  edit-metadata: 1.5054291915148497
  landing: 0.8013455606997013
  view-data: 3.377730879932642
