times:
  edit-metadata: 1.5229759477078915
  landing: 0.838368583470583
  view-data: 3.4169780500233173
