times:
  edit-metadata: 1.566047178581357
  landing: 1.0134951751679182
  view-data: 3.433234302327037
