times:
  edit-metadata: 1.6113749332726002
  landing: 0.9710889458656311
  view-data: 3.399302251636982
