times:
  edit-metadata: 1.5287726670503616
  landing: 0.7783024981617928
  view-data: 3.4340126886963844
