times:
  edit-metadata: 1.5014436412602663
  landing: 0.9755944274365902
  view-data: 3.4011929035186768
