times:
  edit-metadata: 1.478243075311184
  landing: 0.8629038240760565
  view-data: 3.3274384010583162
