times:
  edit-metadata: 1.7483407352119684
  landing: 1.0604126928374171
  view-data: 3.397443674504757
