times:
  edit-metadata: 1.619373919442296
  landing: 0.6793011091649532
  view-data: 3.3590720798820257
