times:
  edit-metadata: 1.3870730064809322
  landing: 0.8678247146308422
  view-data: 3.320722732692957
