times:
  edit-metadata: 1.660313207656145
  landing: 1.1220461060293019
  view-data: 3.4400671683251858
