times:
  edit-metadata: 1.4139573872089386
  landing: 0.7357313744723797
  view-data: 3.3735409509390593
