times:
  edit-metadata: 1.370699729770422
  landing: 0.7929418310523033
  view-data: 3.278312962502241
