times:
  edit-metadata: 2.3506837897002697
  landing: 1.2532772794365883
  view-data: 4.0514027290046215
