times:
  edit-metadata: 1.3544481173157692
  landing: 0.9024881161749363
  view-data: 3.350933287292719
