times:
  edit-metadata: 1.8562003215774894
  landing: 1.1116455513983965
  view-data: 3.4040229925885797
