times:
  edit-metadata: 1.554230134934187
  landing: 0.8957686368376017
  view-data: 3.463234758004546
