times:
  edit-metadata: 1.4446642231196165
  landing: 1.0111906304955482
  view-data: 3.3612751234322786
