times:
  edit-metadata: 1.387408770620823
  landing: 0.9413469731807709
  view-data: 3.413646262139082
