times:
  edit-metadata: 1.4283131966367364
  landing: 0.7432571081444621
  view-data: 3.38280485663563
