times:
  edit-metadata: 1.3982714228332043
  landing: 0.8464681580662727
  view-data: 3.339108470827341
