times:
  edit-metadata: 1.5217159297317266
  landing: 0.8349187709391117
  view-data: 3.421218192204833
