times:
  edit-metadata: 1.5363392569124699
  landing: 0.9518872648477554
  view-data: 3.426545273512602
