times:
  edit-metadata: 1.4109570551663637
  landing: 0.8243652228266001
  view-data: 3.3014277927577496
