times:
  edit-metadata: 1.4156407052651048
  landing: 0.8777638850733638
  view-data: 3.396705849096179
