times:
  edit-metadata: 1.5081719048321247
  landing: 1.3816731795668602
  view-data: 3.3672887198626995
