times:
  edit-metadata: 1.5235362686216831
  landing: 0.9736865758895874
  view-data: 3.463521298021078
