times:
  edit-metadata: 4.657493520528078
  landing: 2.3624465614557266
  view-data: 3.7926490120589733
