times:
  edit-metadata: 1.7280964963138103
  landing: 1.0867136884480715
  view-data: 3.3490628423169255
