times:
  edit-metadata: 1.446466077119112
  landing: 0.7184519153088331
  view-data: 3.3233576714992523
