times:
  edit-metadata: 1.9818621878512204
  landing: 0.8380983560346067
  view-data: 3.4995116740465164
