times:
  edit-metadata: 1.4570991732180119
  landing: 0.9630829561501741
  view-data: 3.4169815061613917
