times:
  edit-metadata: 1.393240706063807
  landing: 0.8267888529226184
  view-data: 3.384105230681598
