times:
  edit-metadata: 1.514679841697216
  landing: 0.8051143828779459
  view-data: 3.404976364225149
