times:
  edit-metadata: 5.019104540348053
  landing: 2.2190513983368874
  view-data: 4.22353432700038
