times:
  edit-metadata: 1.3915053941309452
  landing: 0.810798916965723
  view-data: 3.387970369309187
