times:
  edit-metadata: 2.145472388714552
  landing: 1.1227791588753462
  view-data: 3.6525363977998495
