times:
  edit-metadata: 2.079191343858838
  landing: 1.184661724139005
  view-data: 3.347363182809204
