times:
  edit-metadata: 1.4004203248769045
  landing: 0.9205633364617825
  view-data: 3.3741464763879776
