times:
  edit-metadata: 1.5206722766160965
  landing: 0.9667515903711319
  view-data: 3.422441065311432
