times:
  edit-metadata: 1.3393049156293273
  landing: 0.8059279648587108
  view-data: 3.324706722982228
