times:
  edit-metadata: 1.436333891004324
  landing: 0.9224094599485397
  view-data: 3.448961731046438
