times:
  edit-metadata: 1.3242535926401615
  landing: 0.8001799741759896
  view-data: 3.2652154928073287
