times:
  edit-metadata: 1.3479802757501602
  landing: 0.9188121370971203
  view-data: 3.3281237222254276
