times:
  edit-metadata: 1.3677258715033531
  landing: 0.8459986355155706
  view-data: 3.37574952095747
