times:
  edit-metadata: 1.5248346142470837
  landing: 0.7496745716780424
  view-data: 3.4148927852511406
