times:
  edit-metadata: 1.5026339925825596
  landing: 0.9436905011534691
  view-data: 3.427872460335493
