times:
  edit-metadata: 1.397249123081565
  landing: 1.0636430336162448
  view-data: 3.581263500265777
