times:
  edit-metadata: 1.5229148361831903
  landing: 0.8438314031809568
  view-data: 3.3433384466916323
