times:
  edit-metadata: 1.8704448621720076
  landing: 0.9465642813593149
  view-data: 3.4358554799109697
