times:
  edit-metadata: 1.4087852519005537
  landing: 0.7989239953458309
  view-data: 3.316352479159832
