times:
  edit-metadata: 1.572361707687378
  landing: 0.8355263490229845
  view-data: 3.373800691217184
