times:
  edit-metadata: 1.9333470836281776
  landing: 1.0483910776674747
  view-data: 3.5201532915234566
