times:
  edit-metadata: 1.4437469858676195
  landing: 0.8737045433372259
  view-data: 3.316926132887602
