times:
  edit-metadata: 1.6529904520139098
  landing: 1.099609503056854
  view-data: 3.3865697109140456
