times:
  edit-metadata: 1.3076028898358345
  landing: 0.7406468465924263
  view-data: 3.3943930976092815
