times:
  edit-metadata: 1.4580154456198215
  landing: 0.932970192283392
  view-data: 3.3707673847675323
