times:
  edit-metadata: 1.577330194413662
  landing: 0.9889385476708412
  view-data: 3.323232337832451
