times:
  edit-metadata: 1.5113556422293186
  landing: 0.791626363992691
  view-data: 3.379603508859873
