times:
  edit-metadata: 1.3704869784414768
  landing: 0.833677601069212
  view-data: 3.329557180404663
