times:
  edit-metadata: 1.8397065997123718
  landing: 1.0684694573283195
  view-data: 3.488604836165905
