times:
  edit-metadata: 1.4267732314765453
  landing: 0.7453590873628855
  view-data: 3.2814073553308845
