times:
  edit-metadata: 1.5408153776079416
  landing: 0.7730376683175564
  view-data: 3.386618861928582
