times:
  edit-metadata: 1.4318862203508615
  landing: 0.7271404229104519
  view-data: 3.3167039938271046
