times:
  edit-metadata: 1.4917973540723324
  landing: 0.8529812768101692
  view-data: 3.3258952628821135
