times:
  edit-metadata: 1.4033799581229687
  landing: 0.9127757772803307
  view-data: 3.3088665045797825
