times:
  edit-metadata: 1.3728844784200191
  landing: 0.9177291076630354
  view-data: 3.3383999187499285
