times:
  edit-metadata: 1.4181305952370167
  landing: 1.0449887327849865
  view-data: 3.4413992911577225
