times:
  edit-metadata: 1.3888723626732826
  landing: 0.8800067529082298
  view-data: 3.323765069246292
