times:
  edit-metadata: 1.5274786166846752
  landing: 0.78353575989604
  view-data: 3.4020920917391777
