times:
  edit-metadata: 1.4347565304487944
  landing: 0.7621020218357444
  view-data: 0.5166762508451939
