times:
  edit-metadata: 1.4253029357641935
  landing: 0.7706816485151649
  view-data: 3.3239315636456013
