times:
  edit-metadata: 1.5158317610621452
  landing: 0.8389354050159454
  view-data: 3.4188010692596436
