times:
  edit-metadata: 1.503560196608305
  landing: 0.7646956332027912
  view-data: 3.4087678734213114
