times:
  edit-metadata: 1.3889080286026
  landing: 0.6895802840590477
  view-data: 3.5018029287457466
