times:
  edit-metadata: 1.5337039157748222
  landing: 0.7123228162527084
  view-data: 3.508997827768326
