times:
  edit-metadata: 1.8488957732915878
  landing: 1.0128409340977669
  view-data: 3.3788637071847916
