times:
  edit-metadata: 2.312108635902405
  landing: 1.0681641921401024
  view-data: 3.451546423137188
