times:
  edit-metadata: 1.4215576350688934
  landing: 0.722080685198307
  view-data: 3.4510938078165054
