times:
  edit-metadata: 1.5903827287256718
  landing: 0.830999705940485
  view-data: 3.307300642132759
