times:
  edit-metadata: 1.434887707233429
  landing: 0.7571772634983063
  view-data: 3.521205447614193
