times:
  edit-metadata: 1.426028586924076
  landing: 0.721905343234539
  view-data: 3.456322990357876
