times:
  edit-metadata: 1.4011227115988731
  landing: 0.6941915079951286
  view-data: 3.4115846902132034
