times:
  edit-metadata: 1.9347686618566513
  landing: 0.8971241563558578
  view-data: 3.442277304828167
