times:
  edit-metadata: 2.445602420717478
  landing: 0.9877010956406593
  view-data: 3.4927708990871906
