times:
  edit-metadata: 1.4671554192900658
  landing: 0.7967682182788849
  view-data: 3.289079651236534
