times:
  edit-metadata: 1.4317086562514305
  landing: 0.7886004149913788
  view-data: 3.5216234996914864
