times:
  edit-metadata: 1.4879407323896885
  landing: 0.7614480145275593
  view-data: 3.289711434394121
