times:
  edit-metadata: 1.382178172469139
  landing: 0.728188768029213
  view-data: 3.469341851770878
