times:
  edit-metadata: 1.6324446871876717
  landing: 0.919747993350029
  view-data: 3.410908542573452
