times:
  edit-metadata: 1.364252757281065
  landing: 0.8127508647739887
  view-data: 3.37942723557353
