times:
  edit-metadata: 1.4065268859267235
  landing: 0.8759167343378067
  view-data: 3.475525379180908
