times:
  edit-metadata: 1.384315051138401
  landing: 0.7460023239254951
  view-data: 3.4420326575636864
