times:
  edit-metadata: 1.4667273499071598
  landing: 0.736334603279829
  view-data: 3.2656144313514233
