times:
  edit-metadata: 1.5217221081256866
  landing: 0.752057395875454
  view-data: 3.476896084845066
