times:
  edit-metadata: 1.4334624782204628
  landing: 0.9048281982541084
  view-data: 3.3504681922495365
