times:
  edit-metadata: 1.4715019911527634
  landing: 0.9400322139263153
  view-data: 3.592817284166813
