times:
  edit-metadata: 1.4591978043317795
  landing: 0.8015806190669537
  view-data: 3.3878034837543964
