times:
  edit-metadata: 1.4372898638248444
  landing: 0.8137739300727844
  view-data: 3.3105483055114746
