times:
  edit-metadata: 1.4942037016153336
  landing: 0.9299754127860069
  view-data: 3.409349672496319
