times:
  edit-metadata: 1.4926874749362469
  landing: 0.7656566835939884
  view-data: 3.3338877744972706
