times:
  edit-metadata: 1.499161645770073
  landing: 0.794332280755043
  view-data: 3.311611548066139
