times:
  edit-metadata: 1.411214217543602
  landing: 0.7188304364681244
  view-data: 3.3650769852101803
