times:
  edit-metadata: 1.5471953712403774
  landing: 0.8614143580198288
  view-data: 3.275244038552046
