times:
  edit-metadata: 1.4406189173460007
  landing: 0.7310739681124687
  view-data: 3.436326876282692
