times:
  edit-metadata: 1.4663679376244545
  landing: 0.7296446412801743
  view-data: 3.502140134572983
