times:
  edit-metadata: 1.6709133423864841
  landing: 0.834987249225378
  view-data: 3.2799081802368164
