times:
  edit-metadata: 1.3805553242564201
  landing: 0.7192905396223068
  view-data: 3.5234294533729553
