times:
  edit-metadata: 1.767847940325737
  landing: 0.8079884871840477
  view-data: 3.3250129856169224
