times:
  edit-metadata: 1.4140291959047318
  landing: 0.7178458496928215
  view-data: 3.4096575006842613
