times:
  edit-metadata: 1.401160567998886
  landing: 0.6987312361598015
  view-data: 3.3871592208743095
