times:
  edit-metadata: 2.0683019049465656
  landing: 1.1432941071689129
  view-data: 3.444677535444498
