times:
  edit-metadata: 1.3380450382828712
  landing: 0.8285361751914024
  view-data: 3.495924063026905
