times:
  edit-metadata: 1.428921788930893
  landing: 0.9359299689531326
  view-data: 3.490718089044094
