times:
  edit-metadata: 1.3733048886060715
  landing: 0.9733391478657722
  view-data: 0.7929681465029716
