times:
  edit-metadata: 1.4125219658017159
  landing: 0.7731534689664841
  view-data: 3.5040585175156593
