times:
  edit-metadata: 1.3830231353640556
  landing: 0.7656344324350357
  view-data: 3.4676503017544746
