times:
  edit-metadata: 1.4809735342860222
  landing: 0.7374444268643856
  view-data: 3.3005449511110783
