times:
  edit-metadata: 1.4825070723891258
  landing: 0.7804239727556705
  view-data: 3.3059331700205803
