times:
  edit-metadata: 1.7005889527499676
  landing: 1.0712752267718315
  view-data: 3.333389315754175
