times:
  edit-metadata: 1.3888499736785889
  landing: 0.8861431777477264
  view-data: 3.4805186092853546
