times:
  edit-metadata: 1.46432064473629
  landing: 0.7674861699342728
  view-data: 3.320117674767971
