times:
  edit-metadata: 1.5002952590584755
  landing: 0.7088135778903961
  view-data: 3.522149220108986
