times:
  edit-metadata: 1.425283521413803
  landing: 0.8057961612939835
  view-data: 3.3247684240341187
