times:
  edit-metadata: 1.509171038866043
  landing: 0.7660629749298096
  view-data: 3.3143268525600433
