times:
  edit-metadata: 1.4541725106537342
  landing: 0.7671575732529163
  view-data: 3.2857275307178497
