times:
  edit-metadata: 1.4143324121832848
  landing: 0.807584784924984
  view-data: 3.430047929286957
