times:
  edit-metadata: 1.4071209728717804
  landing: 0.8794708289206028
  view-data: 3.3331432305276394
