times:
  edit-metadata: 1.458686463534832
  landing: 0.7756149098277092
  view-data: 3.260349541902542
