times:
  edit-metadata: 1.449485033750534
  landing: 0.8108981437981129
  view-data: 3.648879189044237
