times:
  edit-metadata: 1.3540680631995201
  landing: 0.7058933600783348
  view-data: 3.491731785237789
