times:
  edit-metadata: 1.3667787313461304
  landing: 0.7153649851679802
  view-data: 3.2324753180146217
