times:
  edit-metadata: 1.4045497998595238
  landing: 0.794600285589695
  view-data: 3.2991348952054977
