times:
  edit-metadata: 1.501045372337103
  landing: 0.8105561509728432
  view-data: 3.355046298354864
