times:
  edit-metadata: 1.4936569295823574
  landing: 0.7728247120976448
  view-data: 3.342685289680958
