times:
  edit-metadata: 1.5546246096491814
  landing: 0.9112949073314667
  view-data: 3.511193983256817
