times:
  edit-metadata: 1.3951363041996956
  landing: 0.7198104858398438
  view-data: 3.594435937702656
