times:
  edit-metadata: 1.9880238398909569
  landing: 1.2760671526193619
  view-data: 4.001743882894516
