times:
  edit-metadata: 1.3792933598160744
  landing: 0.7714026495814323
  view-data: 3.4923542588949203
