times:
  edit-metadata: 1.4875062890350819
  landing: 0.7878695577383041
  view-data: 3.3952479511499405
