times:
  edit-metadata: 1.5060529671609402
  landing: 0.842301893979311
  view-data: 3.36655143648386
