times:
  edit-metadata: 1.3865419179201126
  landing: 0.7701478451490402
  view-data: 3.492002062499523
