times:
  edit-metadata: 2.0447810254991055
  landing: 0.8312641680240631
  view-data: 3.5721986703574657
