times:
  edit-metadata: 1.5896653980016708
  landing: 1.2213820815086365
  view-data: 3.597669392824173
