times:
  edit-metadata: 1.3664773404598236
  landing: 0.7933705486357212
  view-data: 3.3464216738939285
