times:
  edit-metadata: 1.6422062516212463
  landing: 1.0137508362531662
  view-data: 3.347128748893738
