times:
  edit-metadata: 1.4919287823140621
  landing: 0.956659346818924
  view-data: 3.300872325897217
