times:
  edit-metadata: 1.282050035893917
  landing: 0.8950316309928894
  view-data: 3.4791911840438843
