times:
  edit-metadata: 1.5506961457431316
  landing: 0.9424927644431591
  view-data: 3.3556589856743813
