times:
  edit-metadata: 1.5418502762913704
  landing: 0.8375370167195797
  view-data: 3.393107373267412
