times:
  edit-metadata: 1.3898953050374985
  landing: 0.7613773457705975
  view-data: 3.301214523613453
