times:
  edit-metadata: 1.515044093132019
  landing: 0.9971834272146225
  view-data: 3.3209387324750423
