times:
  edit-metadata: 1.5219877287745476
  landing: 0.7212881594896317
  view-data: 3.506241463124752
