times:
  edit-metadata: 1.4823728166520596
  landing: 0.7907866574823856
  view-data: 3.352684199810028
