times:
  edit-metadata: 1.640822097659111
  landing: 0.9322622418403625
  view-data: 3.307574227452278
