times:
  edit-metadata: 1.334332711994648
  landing: 0.7762687727808952
  view-data: 3.343888930976391
