times:
  edit-metadata: 1.4491122588515282
  landing: 0.6637981161475182
  view-data: 3.4337937608361244
