times:
  edit-metadata: 1.77627669647336
  landing: 0.8607155308127403
  view-data: 3.2612783201038837
