times:
  edit-metadata: 1.4002614915370941
  landing: 0.7216685935854912
  view-data: 3.4373692497611046
