times:
  edit-metadata: 1.4585446678102016
  landing: 0.8764168806374073
  view-data: 3.343499943614006
