times:
  edit-metadata: 1.5316818207502365
  landing: 0.8247586041688919
  view-data: 3.3391143903136253
