times:
  edit-metadata: 1.3967246785759926
  landing: 0.7709541469812393
  view-data: 3.5006357580423355
