times:
  edit-metadata: 1.3796580955386162
  landing: 0.8182143643498421
  view-data: 3.510670892894268
