times:
  edit-metadata: 1.5535879731178284
  landing: 0.8027182891964912
  view-data: 3.315359577536583
