times:
  edit-metadata: 1.5155013129115105
  landing: 0.7432926148176193
  view-data: 3.55611489713192
