times:
  edit-metadata: 1.3914222866296768
  landing: 0.7855062037706375
  view-data: 3.3740881457924843
