times:
  edit-metadata: 1.396383486688137
  landing: 0.7269055843353271
  view-data: 3.499484121799469
