times:
  edit-metadata: 1.4387856051325798
  landing: 0.7223635613918304
  view-data: 3.5273529067635536
