times:
  edit-metadata: 1.4694485031068325
  landing: 0.895498301833868
  view-data: 3.3232099898159504
