times:
  edit-metadata: 1.4943087324500084
  landing: 0.7308656945824623
  view-data: 3.5270467177033424
