times:
  edit-metadata: 1.5007696896791458
  landing: 0.8173664882779121
  view-data: 3.3279490247368813
