times:
  edit-metadata: 1.5082351975142956
  landing: 0.8337542079389095
  view-data: 3.3111069798469543
