times:
  edit-metadata: 1.4117560684680939
  landing: 0.73740254342556
  view-data: 3.421149529516697
