times:
  edit-metadata: 1.4741944894194603
  landing: 0.7709683775901794
  view-data: 3.3599324747920036
