times:
  edit-metadata: 1.503601998090744
  landing: 0.8382669389247894
  view-data: 3.4733075127005577
