times:
  edit-metadata: 1.6246283762156963
  landing: 0.8292455486953259
  view-data: 3.3987445794045925
