times:
  edit-metadata: 1.4132724404335022
  landing: 0.7836793549358845
  view-data: 3.2645983174443245
