times:
  edit-metadata: 1.4716894030570984
  landing: 0.707357607781887
  view-data: 3.4915549978613853
