times:
  edit-metadata: 1.4507809691131115
  landing: 0.8129324726760387
  view-data: 3.396813478320837
