times:
  edit-metadata: 1.600874900817871
  landing: 0.8301050066947937
  view-data: 3.4806066304445267
