times:
  edit-metadata: 2.058790747076273
  landing: 1.1207382343709469
  view-data: 3.862184189260006
