times:
  edit-metadata: 1.5070309340953827
  landing: 0.8701234459877014
  view-data: 3.3862672448158264
