times:
  edit-metadata: 1.380647748708725
  landing: 0.7206842862069607
  view-data: 3.272797577083111
