times:
  edit-metadata: 2.5844709277153015
  landing: 1.485153079032898
  view-data: 3.872367888689041
