times:
  edit-metadata: 1.4544921666383743
  landing: 0.7885382398962975
  view-data: 3.470731981098652
