times:
  edit-metadata: 1.5248993746936321
  landing: 0.7128426022827625
  view-data: 3.2798425927758217
