times:
  edit-metadata: 1.5735495164990425
  landing: 0.8722765222191811
  view-data: 3.293413423001766
