times:
  edit-metadata: 1.9420010522007942
  landing: 1.2491426765918732
  view-data: 3.3773380368947983
