times:
  edit-metadata: 1.4071932584047318
  landing: 0.7924159318208694
  view-data: 3.455465853214264
