times:
  edit-metadata: 1.425360456109047
  landing: 0.8209408409893513
  view-data: 3.2928391210734844
