times:
  edit-metadata: 1.4142065420746803
  landing: 0.7686994522809982
  view-data: 3.444027990102768
