times:
  edit-metadata: 1.9195815101265907
  landing: 0.9565099477767944
  view-data: 3.375976786017418
