times:
  edit-metadata: 1.6377939507365227
  landing: 0.8902056366205215
  view-data: 3.677817039191723
