times:
  edit-metadata: 1.602133184671402
  landing: 0.876709196716547
  view-data: 3.2845828272402287
