times:
  edit-metadata: 1.3970045372843742
  landing: 0.728229783475399
  view-data: 3.5017147585749626
