times:
  edit-metadata: 1.444106563925743
  landing: 0.7822526022791862
  view-data: 3.4266020730137825
