times:
  edit-metadata: 1.4229924529790878
  landing: 0.7280911505222321
  view-data: 3.323117546737194
