times:
  edit-metadata: 1.4056315831840038
  landing: 0.800882913172245
  view-data: 3.365691840648651
