times:
  edit-metadata: 1.4204790368676186
  landing: 0.7701464407145977
  view-data: 3.318829972296953
