times:
  edit-metadata: 1.3786572739481926
  landing: 0.6800640299916267
  view-data: 3.282310537993908
