times:
  edit-metadata: 1.372913084924221
  landing: 0.8656833469867706
  view-data: 3.3826809227466583
