times:
  edit-metadata: 1.3924834504723549
  landing: 0.7561887502670288
  view-data: 3.5464110299944878
