times:
  edit-metadata: 1.3914310857653618
  landing: 0.7719055041670799
  view-data: 3.3245135843753815
