times:
  edit-metadata: 1.3777263909578323
  landing: 0.7378108873963356
  view-data: 3.445993848145008
