times:
  edit-metadata: 1.510031796991825
  landing: 0.80509352684021
  view-data: 3.550194777548313
