times:
  edit-metadata: 1.4064104408025742
  landing: 0.7931599318981171
  view-data: 3.487456664443016
