times:
  edit-metadata: 1.5756356120109558
  landing: 0.9103569947183132
  view-data: 3.320459622889757
