times:
  edit-metadata: 1.499766655266285
  landing: 0.7054266184568405
  view-data: 3.4939564391970634
