times:
  edit-metadata: 1.634932316839695
  landing: 0.8641872406005859
  view-data: 3.551851309835911
