times:
  edit-metadata: 1.5234860554337502
  landing: 0.7683435082435608
  view-data: 3.439666099846363
