times:
  edit-metadata: 1.424563966691494
  landing: 0.793871559202671
  view-data: 3.534799352288246
