times:
  edit-metadata: 1.3352689817547798
  landing: 0.875568076968193
  view-data: 3.4530493170022964
