times:
  edit-metadata: 1.7737960293889046
  landing: 0.898868665099144
  view-data: 3.5411818847060204
