times:
  edit-metadata: 1.3838694915175438
  landing: 0.7649888470768929
  view-data: 3.456619530916214
