times:
  edit-metadata: 1.4051191583275795
  landing: 0.7212304100394249
  view-data: 3.469721771776676
