times:
  edit-metadata: 1.4433592036366463
  landing: 0.7198622450232506
  view-data: 3.5506660640239716
