times:
  edit-metadata: 1.4705310612916946
  landing: 0.7978622987866402
  view-data: 3.3340632766485214
