times:
  edit-metadata: 1.456663429737091
  landing: 0.7554475516080856
  view-data: 3.481598049402237
