times:
  edit-metadata: 1.4709544107317924
  landing: 0.7988985851407051
  view-data: 3.4754908308386803
