times:
  edit-metadata: 1.3433966785669327
  landing: 0.7120390459895134
  view-data: 3.4304182901978493
