times:
  edit-metadata: 1.4441254623234272
  landing: 0.8147816956043243
  view-data: 3.3443242348730564
