times:
  edit-metadata: 1.43572498857975
  landing: 0.7840678989887238
  view-data: 3.4588278755545616
