times:
  edit-metadata: 1.9263011291623116
  landing: 0.8124297931790352
  view-data: 3.6477337926626205
