times:
  edit-metadata: 1.3777833357453346
  landing: 0.7221307158470154
  view-data: 3.4934414625167847
