times:
  edit-metadata: 1.5022203177213669
  landing: 0.9954048916697502
  view-data: 3.283239021897316
