times:
  edit-metadata: 1.4979054480791092
  landing: 0.7464880794286728
  view-data: 3.3798226788640022
