times:
  edit-metadata: 1.4527682289481163
  landing: 0.8056616745889187
  view-data: 3.2846107818186283
