times:
  edit-metadata: 1.4467944279313087
  landing: 0.7051229178905487
  view-data: 3.5674052238464355
