times:
  edit-metadata: 1.4858403652906418
  landing: 0.6942361071705818
  view-data: 3.466439537703991
