times:
  edit-metadata: 1.4789195321500301
  landing: 0.732478354126215
  view-data: 3.3275283835828304
