times:
  edit-metadata: 1.4201510399580002
  landing: 0.872408851981163
  view-data: 3.40802101790905
