times:
  edit-metadata: 1.4494788758456707
  landing: 0.7598717473447323
  view-data: 3.2675609216094017
