times:
  edit-metadata: 1.487241193652153
  landing: 0.7089274749159813
  view-data: 3.359536290168762
