times:
  edit-metadata: 1.8170321509242058
  landing: 1.059736706316471
  view-data: 3.552708461880684
