times:
  edit-metadata: 1.467860396951437
  landing: 0.712790235877037
  view-data: 3.387203924357891
