times:
  edit-metadata: 1.8338341303169727
  landing: 1.199353702366352
  view-data: 3.490344375371933
