times:
  edit-metadata: 1.3933599144220352
  landing: 0.8161061108112335
  view-data: 3.3440438508987427
