times:
  edit-metadata: 1.742203339934349
  landing: 1.0789098255336285
  view-data: 3.3995379731059074
