times:
  edit-metadata: 1.3534301547333598
  landing: 0.8415413931943476
  view-data: 3.38604494696483
