times:
  edit-metadata: 1.416250068694353
  landing: 0.9479912370443344
  view-data: 3.3349979668855667
