times:
  edit-metadata: 1.5268847830593586
  landing: 1.1072926372289658
  view-data: 3.249546028673649
