times:
  edit-metadata: 1.3974821229930967
  landing: 0.8193707868922502
  view-data: 3.3574813320301473
