times:
  edit-metadata: 1.9852293655276299
  landing: 1.2192770428955555
  view-data: 3.367692343890667
