times:
  edit-metadata: 1.4035482332110405
  landing: 0.9355066157877445
  view-data: 3.2597254924476147
