times:
  edit-metadata: 1.9038312025368214
  landing: 1.2232804149389267
  view-data: 3.373018965125084
