times:
  edit-metadata: 1.5050363130867481
  landing: 0.9482640326023102
  view-data: 3.439861226826906
