times:
  edit-metadata: 1.5168622881174088
  landing: 0.9080719463527203
  view-data: 3.3625176660716534
