times:
  edit-metadata: 1.4570982493460178
  landing: 0.9174132477492094
  view-data: 3.2895772121846676
