times:
  edit-metadata: 1.4264904861338437
  landing: 0.7914911760017276
  view-data: 3.410009079845622
