times:
  edit-metadata: 1.3886708519421518
  landing: 0.8177843980956823
  view-data: 3.3721451989840716
