times:
  edit-metadata: 3.5606906600296497
  landing: 0.9915829785168171
  view-data: 3.3945022337138653
