times:
  edit-metadata: 1.5541710425168276
  landing: 0.8267311379313469
  view-data: 3.3904100712388754
