times:
  edit-metadata: 1.5818432420492172
  landing: 0.8720713555812836
  view-data: 3.4850079361349344
