times:
  edit-metadata: 1.62981235422194
  landing: 1.1761863250285387
  view-data: 3.412547241896391
