times:
  edit-metadata: 1.5451190620660782
  landing: 0.8486247435212135
  view-data: 3.3124856241047382
