times:
  edit-metadata: 1.4398934859782457
  landing: 0.9271107353270054
  view-data: 3.375671098008752
