times:
  edit-metadata: 1.4295077696442604
  landing: 0.9938607215881348
  view-data: 3.3425350822508335
