times:
  edit-metadata: 1.4475003201514482
  landing: 0.8357554692775011
  view-data: 3.34568964317441
