times:
  edit-metadata: 1.5740409810096025
  landing: 0.8038239032030106
  view-data: 3.4270786605775356
