times:
  edit-metadata: 1.522579051554203
  landing: 0.8329221606254578
  view-data: 3.403649104759097
