times:
  edit-metadata: 1.439314201939851
  landing: 0.8315209406428039
  view-data: 0.6702030501328409
