times:
  edit-metadata: 1.50926623493433
  landing: 0.9047783799469471
  view-data: 3.3965159952640533
