times:
  edit-metadata: 1.422935213893652
  landing: 0.8122772239148617
  view-data: 3.385743291117251
