times:
  edit-metadata: 1.5486094541847706
  landing: 0.8349249213933945
  view-data: 3.4099695160984993
