times:
  edit-metadata: 1.5185747276991606
  landing: 0.8232989553362131
  view-data: 3.3987031746655703
