times:
  edit-metadata: 1.4558528360212222
  landing: 0.9683573440415785
  view-data: 3.337978068040684
