times:
  edit-metadata: 1.4976964220404625
  landing: 0.8363524116575718
  view-data: 3.4256417397409678
