times:
  edit-metadata: 1.9502707049250603
  landing: 1.0577301941812038
  view-data: 3.3879562579095364
