times:
  edit-metadata: 1.4552951231598854
  landing: 0.9243943598121405
  view-data: 3.397178332321346
