times:
  edit-metadata: 1.4905001560691744
  landing: 0.8720996030606329
  view-data: 3.4159522720146924
