times:
  edit-metadata: 1.5094580426812172
  landing: 0.8722364939749241
  view-data: 3.387412190437317
