times:
  edit-metadata: 1.3942444771528244
  landing: 0.8589148949831724
  view-data: 3.2999304439872503
