times:
  edit-metadata: 1.529939204454422
  landing: 0.9624753147363663
  view-data: 3.389413647353649
