times:
  edit-metadata: 1.5715501047670841
  landing: 0.8793480060994625
  view-data: 3.411571318283677
