times:
  edit-metadata: 1.4989209957420826
  landing: 0.7711682021617889
  view-data: 3.391102161258459
