times:
  edit-metadata: 1.554439041763544
  landing: 0.8414340168237686
  view-data: 3.4122742768377066
