times:
  edit-metadata: 1.3815975259058177
  landing: 0.8223747946321964
  view-data: 3.359581752680242
