times:
  edit-metadata: 1.6586429020389915
  landing: 1.1399321348872036
  view-data: 3.6084872239734977
