times:
  edit-metadata: 1.5146974039962515
  landing: 0.9060218249214813
  view-data: 3.333730846992694
