times:
  edit-metadata: 1.554443597793579
  landing: 0.967172984033823
  view-data: 3.442396391183138
