times:
  edit-metadata: 1.573313033208251
  landing: 0.8534649685025215
  view-data: 3.2884610816836357
