times:
  edit-metadata: 1.4141544736921787
  landing: 0.942951176315546
  view-data: 3.3189456053078175
