times:
  edit-metadata: 1.442913495004177
  landing: 1.0901688300073147
  view-data: 3.352295435965061
