times:
  edit-metadata: 1.4191872398369014
  landing: 0.8559414725750685
  view-data: 3.351745645981282
