times:
  edit-metadata: 1.4946759846061468
  landing: 0.901051115244627
  view-data: 3.3969490695744753
