times:
  edit-metadata: 1.5423028692603111
  landing: 0.7754899449646473
  view-data: 3.4028097726404667
