times:
  edit-metadata: 1.4190873904153705
  landing: 0.8581466749310493
  view-data: 3.3688391614705324
