times:
  edit-metadata: 1.6037983410060406
  landing: 1.0184966148808599
  view-data: 3.481141979806125
