times:
  edit-metadata: 1.7249584766104817
  landing: 1.1087407944723964
  view-data: 3.468098212964833
