times:
  edit-metadata: 1.9978772895410657
  landing: 1.358632616698742
  view-data: 3.63089800439775
