times:
  edit-metadata: 1.550084076821804
  landing: 0.8248903229832649
  view-data: 3.4126305356621742
