times:
  edit-metadata: 1.5567462854087353
  landing: 0.8598710522055626
  view-data: 3.399580132216215
