times:
  edit-metadata: 1.59978349506855
  landing: 0.9001664184033871
  view-data: 3.411234464496374
