times:
  edit-metadata: 1.534920061007142
  landing: 0.8790408316999674
  view-data: 3.413706671446562
