times:
  edit-metadata: 1.5265448242425919
  landing: 0.8910595998167992
  view-data: 3.4041543528437614
