times:
  edit-metadata: 1.5403820052742958
  landing: 0.9163474477827549
  view-data: 3.4171457812190056
