times:
  edit-metadata: 1.5050591719336808
  landing: 0.9411534541286528
  view-data: 3.3967962181195617
