times:
  edit-metadata: 1.6211226284503937
  landing: 1.0497335530817509
  view-data: 3.3727407567203045
