times:
  edit-metadata: 1.4685692265629768
  landing: 0.9967646300792694
  view-data: 3.3692514300346375
