times:
  edit-metadata: 1.7768004946410656
  landing: 1.2044965885579586
  view-data: 3.5661767721176147
