times:
  edit-metadata: 1.511852215975523
  landing: 1.7495458647608757
  view-data: 3.407699253410101
