times:
  edit-metadata: 1.448719173669815
  landing: 0.8962908796966076
  view-data: 3.3255007974803448
