times:
  edit-metadata: 1.6383803375065327
  landing: 1.0045712292194366
  view-data: 3.4157537296414375
