times:
  edit-metadata: 1.4515301594510674
  landing: 0.8737044837325811
  view-data: 3.3764527970924973
