times:
  edit-metadata: 1.5049005299806595
  landing: 0.8606639243662357
  view-data: 3.5072900280356407
