times:
  edit-metadata: 1.66361528262496
  landing: 0.878704659640789
  view-data: 3.396909683942795
