times:
  edit-metadata: 1.4824610683135688
  landing: 0.9666461879387498
  view-data: 3.3211440560407937
