times:
  edit-metadata: 3.500767138786614
  landing: 0.8925712332129478
  view-data: 3.4480317644774914
