times:
  edit-metadata: 1.4991970183327794
  landing: 1.0404111463576555
  view-data: 3.3577770879492164
