times:
  edit-metadata: 2.314033832401037
  landing: 1.4845618158578873
  view-data: 3.6735152825713158
