times:
  edit-metadata: 1.5072583854198456
  landing: 0.7938512917608023
  view-data: 3.3963890075683594
