times:
  edit-metadata: 1.65678121894598
  landing: 0.8876410908997059
  view-data: 3.477189999073744
