times:
  edit-metadata: 1.5877327900379896
  landing: 0.8559734113514423
  view-data: 3.431367015466094
