times:
  edit-metadata: 1.466333675198257
  landing: 1.0815041456371546
  view-data: 3.4346227580681443
