times:
  edit-metadata: 1.5138779133558273
  landing: 0.9264718629419804
  view-data: 3.3738154731690884
