times:
  edit-metadata: 1.5746167618781328
  landing: 0.803487204015255
  view-data: 3.3573863990604877
