times:
  edit-metadata: 1.8580820360220969
  landing: 0.7966419691219926
  view-data: 3.37718807766214
