times:
  edit-metadata: 2.294927842915058
  landing: 1.3042796533554792
  view-data: 3.6157018071971834
