times:
  edit-metadata: 1.9284512232989073
  landing: 1.172286307439208
  view-data: 3.437171967700124
