times:
  edit-metadata: 1.3490370772778988
  landing: 0.9197445921599865
  view-data: 3.3380849547684193
