times:
  edit-metadata: 1.639530472457409
  landing: 1.0454170778393745
  view-data: 3.455538310110569
