times:
  edit-metadata: 1.431297406554222
  landing: 1.0742630027234554
  view-data: 3.3189939968287945
