times:
  edit-metadata: 1.7605744488537312
  landing: 1.1786987446248531
  view-data: 3.3898451551795006
