times:
  edit-metadata: 1.567575579509139
  landing: 0.960920998826623
  view-data: 3.4681006874889135
