times:
  edit-metadata: 1.380848128348589
  landing: 0.7561399005353451
  view-data: 3.291501048952341
