times:
  edit-metadata: 1.548565423116088
  landing: 0.9829624313861132
  view-data: 3.4330848325043917
