times:
  edit-metadata: 1.5350971389561892
  landing: 0.831725962460041
  view-data: 3.3941315710544586
