times:
  edit-metadata: 1.755049116909504
  landing: 1.1203081533312798
  view-data: 3.4035420790314674
