times:
  edit-metadata: 1.360795009881258
  landing: 0.8484315946698189
  view-data: 3.2924782298505306
