times:
  edit-metadata: 1.5164482481777668
  landing: 1.017869494855404
  view-data: 3.4136320650577545
