times:
  edit-metadata: 1.874676343984902
  landing: 0.96941854711622
  view-data: 3.723405845463276
