times:
  edit-metadata: 2.0852174051105976
  landing: 1.6498061157763004
  view-data: 3.617803782224655
