times:
  edit-metadata: 1.793855844065547
  landing: 0.838270490989089
  view-data: 3.455519376322627
