times:
  edit-metadata: 1.4432234391570091
  landing: 0.774974450469017
  view-data: 3.2686929255723953
