times:
  edit-metadata: 1.6837851405143738
  landing: 1.2118719220161438
  view-data: 3.490344610065222
