times:
  edit-metadata: 1.5714722722768784
  landing: 0.9564253836870193
  view-data: 3.3498498424887657
