times:
  edit-metadata: 1.7413545679301023
  landing: 1.004430815577507
  view-data: 3.363129809498787
