times:
  edit-metadata: 1.4645140748471022
  landing: 0.966252900660038
  view-data: 3.4354237159714103
