times:
  edit-metadata: 1.5053528863936663
  landing: 0.7761788181960583
  view-data: 3.4000436943024397
