times:
  edit-metadata: 1.4845554316416383
  landing: 0.8141799392178655
  view-data: 3.4022577395662665
