times:
  edit-metadata: 1.7068475168198347
  landing: 0.8651683647185564
  view-data: 3.414142232388258
