times:
  edit-metadata: 1.546652726829052
  landing: 1.043067328631878
  view-data: 3.3955047242343426
