times:
  edit-metadata: 1.5297317989170551
  landing: 0.9388601966202259
  view-data: 3.4323042295873165
