times:
  edit-metadata: 1.425834315130487
  landing: 0.8298984230495989
  view-data: 3.349568645004183
