times:
  edit-metadata: 2.03143422678113
  landing: 1.431856445968151
  view-data: 3.534065578132868
