times:
  edit-metadata: 1.5323547422885895
  landing: 0.9982408918440342
  view-data: 3.437694452702999
