times:
  edit-metadata: 1.5584787484258413
  landing: 0.8656396856531501
  view-data: 3.383414091542363
