times:
  edit-metadata: 1.3618801906704903
  landing: 0.7845665998756886
  view-data: 3.356666473671794
