times:
  edit-metadata: 1.4109398424625397
  landing: 0.8072118386626244
  view-data: 3.3751128651201725
