times:
  edit-metadata: 1.5319957938045263
  landing: 0.8728349916636944
  view-data: 3.4471476692706347
