times:
  edit-metadata: 1.6835024394094944
  landing: 0.8969035847112536
  view-data: 4.411641924642026
