times:
  edit-metadata: 1.5171736739575863
  landing: 0.980049628764391
  view-data: 3.3962692990899086
