times:
  edit-metadata: 1.462616520933807
  landing: 0.9320032801479101
  view-data: 3.399202487897128
