times:
  edit-metadata: 1.505603015422821
  landing: 1.005541566759348
  view-data: 3.366438563913107
