times:
  edit-metadata: 1.5121795292943716
  landing: 1.0403541028499603
  view-data: 3.35474307090044
