times:
  edit-metadata: 1.69228246062994
  landing: 0.9733325205743313
  view-data: 3.463589247316122
