times:
  edit-metadata: 1.4518427541479468
  landing: 0.812218528939411
  view-data: 3.277781122131273
