times:
  edit-metadata: 1.5695339031517506
  landing: 1.0328638404607773
  view-data: 3.350465603172779
