times:
  edit-metadata: 1.4002017290331423
  landing: 0.8435140789952129
  view-data: 3.3487316579557955
