times:
  edit-metadata: 3.8613858446478844
  landing: 2.9281224384903908
  view-data: 4.229564443230629
