times:
  edit-metadata: 1.5558047983795404
  landing: 0.8023170232772827
  view-data: 3.3986208606511354
