times:
  edit-metadata: 1.43880007090047
  landing: 0.8432681420817971
  view-data: 3.3545419867150486
