times:
  edit-metadata: 1.4584665670990944
  landing: 0.8753607543185353
  view-data: 3.289786269888282
