times:
  edit-metadata: 1.4165113233029842
  landing: 0.8673315495252609
  view-data: 3.311655405908823
