times:
  edit-metadata: 1.403961818665266
  landing: 0.8665243331342936
  view-data: 3.303998563438654
