times:
  edit-metadata: 1.509479720145464
  landing: 0.8226810153573751
  view-data: 3.277849515900016
