times:
  edit-metadata: 1.455045304261148
  landing: 0.8993812259286642
  view-data: 3.40625196415931
