times:
  edit-metadata: 1.4960134606808424
  landing: 0.8616428282111883
  view-data: 3.295800246298313
