times:
  edit-metadata: 1.448419664055109
  landing: 0.855116493999958
  view-data: 3.3113664388656616
