times:
  edit-metadata: 1.4796006213873625
  landing: 0.9049661234021187
  view-data: 3.383461268618703
