times:
  edit-metadata: 1.5130929052829742
  landing: 0.9679105617105961
  view-data: 3.3175270557403564
