times:
  edit-metadata: 1.4961839616298676
  landing: 1.043493214994669
  view-data: 3.3800721280276775
