times:
  edit-metadata: 1.4532685279846191
  landing: 0.9465121738612652
  view-data: 3.3551354333758354
