times:
  edit-metadata: 1.6041705012321472
  landing: 1.011142060160637
  view-data: 3.4392850138247013
