times:
  edit-metadata: 1.3593848360469565
  landing: 0.8720098149497062
  view-data: 3.3876428400399163
