times:
  edit-metadata: 1.4628895288333297
  landing: 0.894388718996197
  view-data: 3.3775569749996066
