times:
  edit-metadata: 2.6937134359031916
  landing: 1.9332824647426605
  view-data: 3.599993335083127
