times:
  edit-metadata: 1.5793369486927986
  landing: 1.0185515061020851
  view-data: 3.4264885038137436
