times:
  edit-metadata: 1.571610487997532
  landing: 0.8054444715380669
  view-data: 3.42465159855783
