times:
  edit-metadata: 1.46641406416893
  landing: 1.301984891295433
  view-data: 3.3124336041510105
