times:
  edit-metadata: 1.4356395710492507
  landing: 0.8361250140005723
  view-data: 3.357576822047122
