times:
  edit-metadata: 1.4288650080561638
  landing: 0.9153949618339539
  view-data: 3.364500292111188
