times:
  edit-metadata: 1.5137536656111479
  landing: 0.7702911831438541
  view-data: 3.3423176649957895
