times:
  edit-metadata: 1.5499701909720898
  landing: 0.8568743243813515
  view-data: 3.3779148515313864
