times:
  edit-metadata: 1.3744180528447032
  landing: 0.9205136019736528
  view-data: 3.396167882718146
