times:
  edit-metadata: 1.7231877744197845
  landing: 1.0525164240971208
  view-data: 3.461144169792533
