times:
  edit-metadata: 1.5060426332056522
  landing: 0.823774104937911
  view-data: 3.3957585487514734
