times:
  edit-metadata: 1.503887651488185
  landing: 0.8734078388661146
  view-data: 3.436317093670368
