times:
  edit-metadata: 1.571244740858674
  landing: 1.1073156837373972
  view-data: 3.3598346393555403
