times:
  edit-metadata: 1.833197746425867
  landing: 0.80666359141469
  view-data: 3.2933947816491127
