times:
  edit-metadata: 1.498246880248189
  landing: 0.982314707711339
  view-data: 3.4727432187646627
