times:
  edit-metadata: 1.4359518811106682
  landing: 0.8852518908679485
  view-data: 3.412569534033537
