times:
  edit-metadata: 1.617803081870079
  landing: 0.9402854554355145
  view-data: 3.4260881431400776
