times:
  edit-metadata: 1.509084016084671
  landing: 1.070481851696968
  view-data: 3.3275845125317574
