times:
  edit-metadata: 1.6599185988307
  landing: 1.030724124982953
  view-data: 3.366848696023226
