times:
  edit-metadata: 1.5363786965608597
  landing: 0.8030246123671532
  view-data: 3.3709310553967953
