times:
  edit-metadata: 1.382269911468029
  landing: 0.9766661748290062
  view-data: 3.2864376083016396
