times:
  edit-metadata: 1.3771365862339735
  landing: 0.8224465250968933
  view-data: 3.3058852422982454
