times:
  edit-metadata: 1.7721226960420609
  landing: 0.8656761646270752
  view-data: 3.4205242972820997
