times:
  edit-metadata: 1.4802131466567516
  landing: 0.8487745970487595
  view-data: 3.288070272654295
