times:
  edit-metadata: 1.3441526554524899
  landing: 0.849089328199625
  view-data: 3.294641450047493
