times:
  edit-metadata: 1.972623135894537
  landing: 1.2326189102604985
  view-data: 3.603630912490189
