times:
  edit-metadata: 1.4320169426500797
  landing: 0.7703910171985626
  view-data: 3.3208541739732027
