times:
  edit-metadata: 1.3844175599515438
  landing: 1.1833513602614403
  view-data: 3.3463327661156654
