times:
  edit-metadata: 1.3932397551834583
  landing: 0.8785637319087982
  view-data: 3.393856018781662
