times:
  edit-metadata: 1.5495972894132137
  landing: 0.9921727851033211
  view-data: 3.4230975806713104
