times:
  edit-metadata: 2.336058645043522
  landing: 1.1980131729505956
  view-data: 3.516488012857735
