times:
  edit-metadata: 1.4552614344283938
  landing: 0.9097140189260244
  view-data: 3.3950243536382914
