times:
  edit-metadata: 1.515458906069398
  landing: 0.8496710145846009
  view-data: 3.3452068651095033
