times:
  edit-metadata: 2.5236536003649235
  landing: 1.5943108797073364
  view-data: 3.672335807234049
