times:
  edit-metadata: 1.4946789108216763
  landing: 0.9876336976885796
  view-data: 3.3852435871958733
