times:
  edit-metadata: 1.3668013364076614
  landing: 0.9022388644516468
  view-data: 3.39523883163929
