times:
  edit-metadata: 1.513474928215146
  landing: 0.8027633223682642
  view-data: 3.433371875435114
