times:
  edit-metadata: 1.6536832265555859
  landing: 1.3400960490107536
  view-data: 3.326333023607731
