times:
  edit-metadata: 1.4483270514756441
  landing: 0.8004047498106956
  view-data: 3.4012923780828714
