times:
  edit-metadata: 2.1765725230798125
  landing: 1.5188624430447817
  view-data: 3.6856280770152807
