times:
  edit-metadata: 1.5187678877264261
  landing: 0.7720469739288092
  view-data: 3.365059409290552
