times:
  edit-metadata: 1.5101135708391666
  landing: 0.804928295314312
  view-data: 3.3278640285134315
