times:
  edit-metadata: 1.5815263763070107
  landing: 0.933414813131094
  view-data: 3.3471026867628098
