times:
  edit-metadata: 1.3985329531133175
  landing: 0.8181021958589554
  view-data: 3.3202213495969772
