times:
  edit-metadata: 1.6609794534742832
  landing: 1.0408051311969757
  view-data: 3.4209185130894184
