times:
  edit-metadata: 1.5897464416921139
  landing: 1.0222305953502655
  view-data: 4.007253009825945
