times:
  edit-metadata: 1.5077743362635374
  landing: 0.8136067241430283
  view-data: 3.383461657911539
