times:
  edit-metadata: 1.3525446401908994
  landing: 0.8250974612310529
  view-data: 3.345955366268754
