times:
  edit-metadata: 1.35870649991557
  landing: 0.9203280620276928
  view-data: 3.4622357729822397
