times:
  edit-metadata: 1.535364093258977
  landing: 0.9306177124381065
  view-data: 3.338537834584713
