times:
  edit-metadata: 2.2764443829655647
  landing: 1.2605285122990608
  view-data: 3.387411642819643
