times:
  edit-metadata: 1.5131026357412338
  landing: 0.7952910363674164
  view-data: 3.3598341047763824
