times:
  edit-metadata: 1.50641836412251
  landing: 0.7685531117022038
  view-data: 3.3993354607373476
