times:
  edit-metadata: 1.3958853632211685
  landing: 0.9408406652510166
  view-data: 3.3067498430609703
