times:
  edit-metadata: 1.5437913592904806
  landing: 0.9495321474969387
  view-data: 3.3266872372478247
