times:
  edit-metadata: 1.5509281529812142
  landing: 1.0870561499614269
  view-data: 3.3062256979756057
