times:
  edit-metadata: 1.3755443948321044
  landing: 0.9015535283833742
  view-data: 3.3568247170187533
