times:
  edit-metadata: 1.4930054564028978
  landing: 0.9893369958736002
  view-data: 3.2943930961191654
