times:
  edit-metadata: 1.808142731897533
  landing: 1.1915684947744012
  view-data: 3.6260736766271293
