times:
  edit-metadata: 1.586158625781536
  landing: 1.0536700561642647
  view-data: 3.485816191881895
