times:
  edit-metadata: 1.4440898895263672
  landing: 0.9747511297464371
  view-data: 3.3487256094813347
