times:
  edit-metadata: 1.512796524912119
  landing: 0.8212900422513485
  view-data: 3.4193506818264723
