times:
  edit-metadata: 1.4040912315249443
  landing: 0.9684965834021568
  view-data: 3.333165943622589
