times:
  edit-metadata: 1.89204291254282
  landing: 1.1448651477694511
  view-data: 3.5674777142703533
