times:
  edit-metadata: 1.6602461077272892
  landing: 1.0240928754210472
  view-data: 3.4546972066164017
