times:
  edit-metadata: 1.3560776822268963
  landing: 0.9408796280622482
  view-data: 3.3186875618994236
