times:
  edit-metadata: 1.5672982700634748
  landing: 1.1126094290520996
  view-data: 3.398301874054596
