times:
  edit-metadata: 1.6718436144292355
  landing: 0.9475091639906168
  view-data: 3.4239796362817287
