times:
  edit-metadata: 1.6081515811383724
  landing: 0.8798098489642143
  view-data: 3.454447392374277
