times:
  edit-metadata: 1.3013515220955014
  landing: 0.91746486723423
  view-data: 3.3877803599461913
