times:
  edit-metadata: 1.4658903647214174
  landing: 0.9205437880009413
  view-data: 3.4399899151176214
