times:
  edit-metadata: 1.8647843040525913
  landing: 1.2070879060775042
  view-data: 3.5278089959174395
