times:
  edit-metadata: 1.312881212681532
  landing: 0.8031759057193995
  view-data: 3.313691731542349
