times:
  edit-metadata: 1.483822412788868
  landing: 1.8485309276729822
  view-data: 3.3198762284591794
