times:
  edit-metadata: 1.460456765955314
  landing: 0.9251120660919696
  view-data: 3.4435994969680905
