times:
  edit-metadata: 1.4586258782073855
  landing: 0.9050660906359553
  view-data: 3.3032652977854013
