times:
  edit-metadata: 1.7022483563050628
  landing: 0.974318569060415
  view-data: 3.423543951008469
