times:
  edit-metadata: 1.6123033426702023
  landing: 1.0577827095985413
  view-data: 3.381063584238291
