times:
  edit-metadata: 1.3650627871975303
  landing: 1.0184528226964176
  view-data: 3.3999592349864542
