times:
  edit-metadata: 1.5201255679130554
  landing: 0.9536543367430568
  view-data: 3.334867727011442
