times:
  edit-metadata: 1.5590005218982697
  landing: 0.8710065372288227
  view-data: 3.406888674944639
