times:
  edit-metadata: 1.5291723161935806
  landing: 0.8815577812492847
  view-data: 3.381092417985201
