times:
  edit-metadata: 1.3766156993806362
  landing: 0.9012070223689079
  view-data: 3.366703496314585
