times:
  edit-metadata: 1.4200069233775139
  landing: 0.7601192742586136
  view-data: 3.300243604928255
