times:
  edit-metadata: 1.4738006200641394
  landing: 0.8461068794131279
  view-data: 3.320430375635624
