times:
  edit-metadata: 1.4676641640253365
  landing: 0.8299497680272907
  view-data: 3.2955693921539932
