times:
  edit-metadata: 1.4045693213120103
  landing: 0.8604302387684584
  view-data: 3.355953992344439
