times:
  edit-metadata: 1.5808325223624706
  landing: 0.8581309393048286
  view-data: 3.3712083362042904
