times:
  edit-metadata: 1.4893692210316658
  landing: 0.7970672585070133
  view-data: 3.2932419888675213
