times:
  edit-metadata: 1.399094369262457
  landing: 0.9797419868409634
  view-data: 3.3157473616302013
