times:
  edit-metadata: 1.3872778830118477
  landing: 0.8370106052607298
  view-data: 3.332073111087084
