times:
  edit-metadata: 1.5138955991715193
  landing: 1.0160111589357257
  view-data: 3.4640338188037276
