times:
  edit-metadata: 2.0147953182458878
  landing: 1.1331228334456682
  view-data: 3.5442293863743544
