times:
  edit-metadata: 1.4121754057705402
  landing: 0.9346814528107643
  view-data: 3.5948381214402616
