times:
  edit-metadata: 1.3938185281585902
  landing: 0.8956579361110926
  view-data: 3.3706442618276924
