times:
  edit-metadata: 1.348108660429716
  landing: 0.8097604475915432
  view-data: 3.2585770823061466
