times:
  edit-metadata: 1.4012316912412643
  landing: 0.7551263235509396
  view-data: 3.271556306630373
