times:
  edit-metadata: 1.3990130797028542
  landing: 0.7941785231232643
  view-data: 3.5057407319545746
