times:
  edit-metadata: 1.4212859347462654
  landing: 0.9465470835566521
  view-data: 3.431133132427931
