times:
  edit-metadata: 1.4704260677099228
  landing: 0.7741993591189384
  view-data: 3.318404994904995
