times:
  edit-metadata: 1.451494000852108
  landing: 0.7802992612123489
  view-data: 3.4821571186184883
