times:
  edit-metadata: 1.586415309458971
  landing: 0.8223045617341995
  view-data: 3.328647267073393
