times:
  edit-metadata: 1.3677821196615696
  landing: 0.7809066399931908
  view-data: 3.2933377772569656
