times:
  edit-metadata: 1.5171814411878586
  landing: 0.8338450640439987
  view-data: 3.4505686089396477
