times:
  edit-metadata: 1.4148987829685211
  landing: 0.7492950111627579
  view-data: 3.4382071495056152
