times:
  edit-metadata: 1.3696122616529465
  landing: 0.8055638298392296
  view-data: 3.4621435552835464
