times:
  edit-metadata: 1.3284299820661545
  landing: 0.7449088096618652
  view-data: 3.261189643293619
