times:
  edit-metadata: 1.4717768505215645
  landing: 0.766373947262764
  view-data: 3.5953832268714905
