times:
  edit-metadata: 1.4167297333478928
  landing: 0.8602752909064293
  view-data: 3.4143018424510956
