times:
  edit-metadata: 1.4823245853185654
  landing: 0.864004336297512
  view-data: 3.401377893984318
