times:
  edit-metadata: 1.3698375411331654
  landing: 0.7262907698750496
  view-data: 3.349525533616543
