times:
  edit-metadata: 1.4799373969435692
  landing: 0.9582473635673523
  view-data: 3.283627077937126
