times:
  edit-metadata: 1.4634773656725883
  landing: 0.784236952662468
  view-data: 3.5151768624782562
