times:
  edit-metadata: 1.5015695132315159
  landing: 0.8566625863313675
  view-data: 3.2901328839361668
