times:
  edit-metadata: 1.5207142196595669
  landing: 1.008752878755331
  view-data: 3.261254273355007
