times:
  edit-metadata: 1.3644324466586113
  landing: 0.93763018399477
  view-data: 3.445579595863819
