times:
  edit-metadata: 1.5099626705050468
  landing: 0.8630522936582565
  view-data: 3.3286664970219135
