times:
  edit-metadata: 1.4211152717471123
  landing: 0.8462876453995705
  view-data: 3.30594439804554
