times:
  edit-metadata: 1.4359712488949299
  landing: 0.870503056794405
  view-data: 3.361827250570059
