times:
  edit-metadata: 1.3535929322242737
  landing: 0.7877920120954514
  view-data: 3.516744539141655
