times:
  edit-metadata: 1.4910196661949158
  landing: 0.8194726184010506
  view-data: 3.281077742576599
