times:
  edit-metadata: 1.4426871687173843
  landing: 0.7562945485115051
  view-data: 3.2948133274912834
