times:
  edit-metadata: 1.8654804863035679
  landing: 1.1672147698700428
  view-data: 3.4516773484647274
