times:
  edit-metadata: 1.5992686972022057
  landing: 0.9274364449083805
  view-data: 3.3655753433704376
