times:
  edit-metadata: 1.5183970928192139
  landing: 0.8354265838861465
  view-data: 3.28668961673975
