times:
  edit-metadata: 1.4148170314729214
  landing: 0.8202106468379498
  view-data: 3.3155434653162956
