times:
  edit-metadata: 1.3645682483911514
  landing: 0.775360569357872
  view-data: 3.3834946751594543
