times:
  edit-metadata: 1.3378040194511414
  landing: 0.7460073232650757
  view-data: 3.393554709851742
