times:
  edit-metadata: 1.4612508565187454
  landing: 0.7663361877202988
  view-data: 3.4781628400087357
