times:
  edit-metadata: 1.4597305320203304
  landing: 0.7588448747992516
  view-data: 3.3122775554656982
