times:
  edit-metadata: 1.445062316954136
  landing: 0.7842265889048576
  view-data: 3.3661381974816322
