times:
  edit-metadata: 1.4905185103416443
  landing: 0.7464982569217682
  view-data: 3.5127573907375336
