times:
  edit-metadata: 1.5335575640201569
  landing: 0.8374551311135292
  view-data: 3.5332466289401054
