times:
  edit-metadata: 1.3684720695018768
  landing: 0.7902603521943092
  view-data: 3.6048142164945602
