times:
  edit-metadata: 1.390964686870575
  landing: 0.691747173666954
  view-data: 3.539658024907112
