times:
  edit-metadata: 1.5109528191387653
  landing: 0.8731876499950886
  view-data: 3.4458043053746223
