times:
  edit-metadata: 1.4489634484052658
  landing: 0.9285265356302261
  view-data: 3.3249836415052414
