times:
  edit-metadata: 1.4245300590991974
  landing: 0.775442823767662
  view-data: 3.405025601387024
