times:
  edit-metadata: 1.4484361410140991
  landing: 0.7668056339025497
  view-data: 3.43340003490448
