times:
  edit-metadata: 1.4107153490185738
  landing: 0.9473481588065624
  view-data: 3.2915653958916664
