times:
  edit-metadata: 1.33350870013237
  landing: 0.7568904124200344
  view-data: 3.5143522322177887
