times:
  edit-metadata: 1.354339100420475
  landing: 0.789314329624176
  view-data: 3.455879680812359
