times:
  edit-metadata: 1.3265570104122162
  landing: 0.7037576921284199
  view-data: 3.3357441537082195
