times:
  edit-metadata: 1.6145337037742138
  landing: 0.8856738917529583
  view-data: 3.281203333288431
