times:
  edit-metadata: 1.4047816842794418
  landing: 0.8595949485898018
  view-data: 3.498899392783642
