times:
  edit-metadata: 1.5925892293453217
  landing: 0.8336039483547211
  view-data: 3.3154993876814842
