times:
  edit-metadata: 1.5927632227540016
  landing: 0.9309086352586746
  view-data: 3.2815974913537502
