times:
  edit-metadata: 1.426052838563919
  landing: 0.7054919227957726
  view-data: 3.4413328170776367
