times:
  edit-metadata: 1.3216387256979942
  landing: 0.7188874334096909
  view-data: 3.4174286499619484
