times:
  edit-metadata: 1.4130565598607063
  landing: 0.779679037630558
  view-data: 3.5011307820677757
