times:
  edit-metadata: 1.5786853395402431
  landing: 0.9765825718641281
  view-data: 3.3061363883316517
