times:
  edit-metadata: 1.4369959607720375
  landing: 0.8147815614938736
  view-data: 3.3075108379125595
