times:
  edit-metadata: 1.425381414592266
  landing: 0.7475665956735611
  view-data: 3.4139864295721054
