times:
  edit-metadata: 1.372112412005663
  landing: 0.8006316088140011
  view-data: 3.3371827229857445
