times:
  edit-metadata: 1.4610968381166458
  landing: 1.0831539519131184
  view-data: 3.3256671987473965
