times:
  edit-metadata: 1.608280286192894
  landing: 0.8911097422242165
  view-data: 3.3581716641783714
