times:
  edit-metadata: 2.1461194455623627
  landing: 1.4053104743361473
  view-data: 3.4096035435795784
