times:
  edit-metadata: 1.5127915814518929
  landing: 0.7201900854706764
  view-data: 3.512048624455929
