times:
  edit-metadata: 1.435838207602501
  landing: 0.7321412563323975
  view-data: 3.4262237027287483
