times:
  edit-metadata: 1.362191617488861
  landing: 0.7625729031860828
  view-data: 3.3852076679468155
