times:
  edit-metadata: 1.3083514831960201
  landing: 0.7858309932053089
  view-data: 3.3973065055906773
