times:
  edit-metadata: 1.4308904707431793
  landing: 0.7904442772269249
  view-data: 3.4646697491407394
