times:
  edit-metadata: 1.4199335128068924
  landing: 0.8172236979007721
  view-data: 3.4535448029637337
