times:
  edit-metadata: 1.4907658211886883
  landing: 0.8239669017493725
  view-data: 3.280339039862156
