times:
  edit-metadata: 2.400674633681774
  landing: 1.7705460712313652
  view-data: 3.724487826228142
