times:
  edit-metadata: 1.6262813955545425
  landing: 0.9556726217269897
  view-data: 3.4917072281241417
