times:
  edit-metadata: 1.454823836684227
  landing: 0.9892247281968594
  view-data: 3.3436215817928314
