times:
  edit-metadata: 1.4366507455706596
  landing: 0.7322172522544861
  view-data: 3.5042563006281853
