times:
  edit-metadata: 1.6470263302326202
  landing: 0.9489457979798317
  view-data: 3.3159193843603134
