times:
  edit-metadata: 1.3615645691752434
  landing: 0.7310129106044769
  view-data: 3.446641728281975
