times:
  edit-metadata: 1.5632739663124084
  landing: 0.877768836915493
  view-data: 3.388964105397463
