times:
  edit-metadata: 1.36329947412014
  landing: 0.7672154530882835
  view-data: 3.5176764726638794
