times:
  edit-metadata: 1.809869572520256
  landing: 1.2061892375349998
  view-data: 3.5121158808469772
