times:
  edit-metadata: 1.3781089186668396
  landing: 0.7358658611774445
  view-data: 3.458632305264473
