times:
  edit-metadata: 1.3478272780776024
  landing: 0.7683054581284523
  view-data: 3.5162168741226196
