times:
  edit-metadata: 1.5285185500979424
  landing: 0.7915424033999443
  view-data: 3.46895719319582
