times:
  edit-metadata: 1.3661459013819695
  landing: 0.7971328943967819
  view-data: 3.4627830311656
