times:
  edit-metadata: 1.5113498829305172
  landing: 0.9507197178900242
  view-data: 3.288367636501789
