times:
  edit-metadata: 1.6378798186779022
  landing: 0.9600258395075798
  view-data: 3.342436656355858
