times:
  edit-metadata: 1.4104969277977943
  landing: 0.7420156747102737
  view-data: 3.4934167116880417
