times:
  edit-metadata: 1.4446968398988247
  landing: 0.8428317680954933
  view-data: 3.3561866879463196
