times:
  edit-metadata: 1.3385676890611649
  landing: 0.7166853323578835
  view-data: 3.5002605244517326
