times:
  edit-metadata: 1.6119049862027168
  landing: 0.8718594834208488
  view-data: 3.4799144715070724
