times:
  edit-metadata: 2.673022724688053
  landing: 2.002319350838661
  view-data: 3.5313648357987404
