times:
  edit-metadata: 1.4655154421925545
  landing: 0.803958959877491
  view-data: 3.5847503170371056
