times:
  edit-metadata: 1.5286424532532692
  landing: 0.7453322112560272
  view-data: 3.486250452697277
