times:
  edit-metadata: 1.465977143496275
  landing: 0.8238762058317661
  view-data: 3.357436239719391
