times:
  edit-metadata: 1.376694843173027
  landing: 0.7423476427793503
  view-data: 3.525701269507408
