times:
  edit-metadata: 1.3708851709961891
  landing: 0.7467993795871735
  view-data: 3.8487779423594475
