times:
  edit-metadata: 1.6183052211999893
  landing: 1.279957503080368
  view-data: 3.468009501695633
