times:
  edit-metadata: 1.6367127820849419
  landing: 0.9820426031947136
  view-data: 3.7754961475729942
