times:
  edit-metadata: 1.5259532406926155
  landing: 0.8030076548457146
  view-data: 3.455695688724518
