times:
  edit-metadata: 1.4025308825075626
  landing: 0.7447179555892944
  view-data: 3.2556738406419754
