times:
  edit-metadata: 1.3390552401542664
  landing: 0.8775977566838264
  view-data: 3.3525271117687225
