times:
  edit-metadata: 1.5928976461291313
  landing: 0.8213410899043083
  view-data: 3.3665639460086823
