times:
  edit-metadata: 1.484735980629921
  landing: 0.8315750956535339
  view-data: 3.3674691319465637
