times:
  edit-metadata: 1.3810323812067509
  landing: 0.9367957934737206
  view-data: 3.327903985977173
