times:
  edit-metadata: 1.4528798572719097
  landing: 0.7477954253554344
  view-data: 3.3878031224012375
