times:
  edit-metadata: 1.4752273932099342
  landing: 0.7801858484745026
  view-data: 3.492170989513397
