times:
  edit-metadata: 1.5279917865991592
  landing: 0.7908415719866753
  view-data: 3.4585972130298615
