times:
  edit-metadata: 1.4139259532094002
  landing: 0.8004179745912552
  view-data: 3.2991229221224785
