times:
  edit-metadata: 1.5081715732812881
  landing: 0.7455773428082466
  view-data: 3.445168636739254
