times:
  edit-metadata: 1.3444861769676208
  landing: 0.7616057097911835
  view-data: 3.4940138086676598
