times:
  edit-metadata: 1.3579737395048141
  landing: 0.7306846901774406
  view-data: 3.4040047749876976
