times:
  edit-metadata: 1.4438046663999557
  landing: 0.7774802893400192
  view-data: 3.483557768166065
