times:
  edit-metadata: 1.4376512542366982
  landing: 1.2544234916567802
  view-data: 3.5378609597682953
