times:
  edit-metadata: 1.6931543983519077
  landing: 0.9387103617191315
  view-data: 3.3160555623471737
