times:
  edit-metadata: 1.4883238077163696
  landing: 0.931562751531601
  view-data: 3.487108953297138
