times:
  edit-metadata: 1.472768235951662
  landing: 1.1445989981293678
  view-data: 3.315365932881832
