times:
  edit-metadata: 1.4546166136860847
  landing: 0.8529476448893547
  view-data: 3.522257812321186
