times:
  edit-metadata: 1.6285397931933403
  landing: 0.8281440399587154
  view-data: 3.3442370519042015
