times:
  edit-metadata: 1.394898734986782
  landing: 0.737777091562748
  view-data: 3.519730545580387
