times:
  edit-metadata: 1.4832367226481438
  landing: 0.8076339475810528
  view-data: 3.330239161849022
