times:
  edit-metadata: 1.4218358024954796
  landing: 0.7559542246162891
  view-data: 3.325875721871853
