times:
  edit-metadata: 1.7166433967649937
  landing: 0.9397292509675026
  view-data: 3.3220672085881233
