times:
  edit-metadata: 1.9409555494785309
  landing: 1.2921129949390888
  view-data: 3.4118564315140247
