times:
  edit-metadata: 1.4603701792657375
  landing: 0.8098580501973629
  view-data: 3.343500077724457
