times:
  edit-metadata: 1.496324397623539
  landing: 1.0212426483631134
  view-data: 3.59336806088686
