times:
  edit-metadata: 1.6746029146015644
  landing: 0.8892093412578106
  view-data: 3.321327541023493
