times:
  edit-metadata: 1.470213621854782
  landing: 0.8692556247115135
  view-data: 3.3231838047504425
