times:
  edit-metadata: 1.429733693599701
  landing: 0.7853234112262726
  view-data: 3.492725133895874
