times:
  edit-metadata: 1.5658706426620483
  landing: 0.8503586500883102
  view-data: 3.3584728240966797
