times:
  edit-metadata: 1.4504876844584942
  landing: 0.837986845523119
  view-data: 3.3187439888715744
