times:
  edit-metadata: 1.4740517362952232
  landing: 0.8743092715740204
  view-data: 3.519383378326893
