times:
  edit-metadata: 1.4256548583507538
  landing: 0.7101051509380341
  view-data: 3.458069682121277
