times:
  edit-metadata: 1.5416208058595657
  landing: 0.8991098515689373
  view-data: 3.3628493696451187
