times:
  edit-metadata: 1.4549803659319878
  landing: 0.739933468401432
  view-data: 3.5406168550252914
