times:
  edit-metadata: 1.4880485534667969
  landing: 0.9921223148703575
  view-data: 3.343437395989895
