times:
  edit-metadata: 1.43048345297575
  landing: 0.7275152280926704
  view-data: 3.488745301961899
