times:
  edit-metadata: 1.4420663714408875
  landing: 0.7903137914836407
  view-data: 3.272481929510832
