times:
  edit-metadata: 1.5749246329069138
  landing: 0.8875958919525146
  view-data: 3.3051883205771446
