times:
  edit-metadata: 1.3490746095776558
  landing: 0.8242339491844177
  view-data: 3.2896800115704536
