times:
  edit-metadata: 1.4145202115178108
  landing: 0.8058644942939281
  view-data: 3.2783165127038956
