times:
  edit-metadata: 1.5391142070293427
  landing: 0.7841210067272186
  view-data: 3.4634883627295494
