times:
  edit-metadata: 1.7064733281731606
  landing: 1.115281119942665
  view-data: 3.637415997684002
