times:
  edit-metadata: 1.7128253802657127
  landing: 1.1178464516997337
  view-data: 3.3043076507747173
