times:
  edit-metadata: 1.4383903741836548
  landing: 0.8480074740946293
  view-data: 3.29144150018692
