times:
  edit-metadata: 1.4585725143551826
  landing: 0.7169390171766281
  view-data: 3.5402431041002274
