times:
  edit-metadata: 1.578468643128872
  landing: 0.8041388988494873
  view-data: 3.338426925241947
