times:
  edit-metadata: 2.4865719340741634
  landing: 1.1967306025326252
  view-data: 3.4350960180163383
