times:
  edit-metadata: 1.445875145494938
  landing: 0.7423857152462006
  view-data: 3.3021890446543694
