times:
  edit-metadata: 1.4393013566732407
  landing: 0.8555667102336884
  view-data: 3.479967273771763
