times:
  edit-metadata: 1.3722271993756294
  landing: 0.782549574971199
  view-data: 3.40207988768816
