times:
  edit-metadata: 1.5171667635440826
  landing: 0.8548044785857201
  view-data: 3.4197021797299385
