times:
  edit-metadata: 1.4758808836340904
  landing: 0.7134917378425598
  view-data: 3.2545213848352432
