times:
  edit-metadata: 1.7680964767932892
  landing: 0.7397747710347176
  view-data: 3.5345460325479507
