times:
  edit-metadata: 1.4199868887662888
  landing: 0.7694019451737404
  view-data: 3.3123238161206245
