times:
  edit-metadata: 1.4367311224341393
  landing: 0.7945056892931461
  view-data: 3.2658933587372303
