times:
  edit-metadata: 1.426700808107853
  landing: 0.8854993022978306
  view-data: 3.3228125236928463
