times:
  edit-metadata: 1.3767434805631638
  landing: 0.8385889530181885
  view-data: 3.4088488072156906
