times:
  edit-metadata: 1.4117855355143547
  landing: 0.7912721633911133
  view-data: 3.499953843653202
