times:
  edit-metadata: 1.4142342545092106
  landing: 0.8646826855838299
  view-data: 3.3335384391248226
