times:
  edit-metadata: 1.477524321526289
  landing: 1.1728241555392742
  view-data: 3.3867706917226315
