times:
  edit-metadata: 1.5258809886872768
  landing: 0.7936786226928234
  view-data: 3.3024212568998337
