times:
  edit-metadata: 1.6105942949652672
  landing: 1.3295062854886055
  view-data: 3.3094604536890984
