times:
  edit-metadata: 1.409904733300209
  landing: 0.7715645357966423
  view-data: 3.4155082926154137
