times:
  edit-metadata: 1.462084710597992
  landing: 0.7943474873900414
  view-data: 3.4555834010243416
