times:
  edit-metadata: 1.4387712888419628
  landing: 0.8207229822874069
  view-data: 3.2930426113307476
