times:
  edit-metadata: 1.4287396743893623
  landing: 0.9832907952368259
  view-data: 3.3264894634485245
