times:
  edit-metadata: 1.6327291503548622
  landing: 0.8679853603243828
  view-data: 3.48154503852129
