times:
  edit-metadata: 1.676631286740303
  landing: 1.0269774943590164
  view-data: 3.347635544836521
