times:
  edit-metadata: 1.5596618577837944
  landing: 0.8459650352597237
  view-data: 3.3040280491113663
