times:
  edit-metadata: 1.5048979669809341
  landing: 1.0965964198112488
  view-data: 3.4241785630583763
