times:
  edit-metadata: 1.4725333377718925
  landing: 0.751104012131691
  view-data: 3.253245323896408
