times:
  edit-metadata: 1.4044088050723076
  landing: 0.8279057517647743
  view-data: 3.4633194655179977
