times:
  edit-metadata: 2.576757773756981
  landing: 1.2017819993197918
  view-data: 3.410287942737341
