times:
  edit-metadata: 1.469219096004963
  landing: 0.8778809458017349
  view-data: 3.3108037933707237
