times:
  edit-metadata: 1.397910188883543
  landing: 0.8445586934685707
  view-data: 3.2904129661619663
