times:
  edit-metadata: 1.5166306346654892
  landing: 0.8441223055124283
  view-data: 3.378470167517662
