times:
  edit-metadata: 1.4069592207670212
  landing: 0.7664354518055916
  view-data: 3.2734514772892
