times:
  edit-metadata: 1.4833349995315075
  landing: 0.7944257594645023
  view-data: 3.294610746204853
