times:
  edit-metadata: 1.464803859591484
  landing: 0.7712240293622017
  view-data: 3.3683377653360367
