times:
  edit-metadata: 1.414283499121666
  landing: 0.778457410633564
  view-data: 3.375070206820965
