times:
  edit-metadata: 1.380504060536623
  landing: 0.9599384628236294
  view-data: 3.3802193105220795
