times:
  edit-metadata: 1.4982515014708042
  landing: 0.7719474509358406
  view-data: 3.3558796383440495
