times:
  edit-metadata: 1.4146719500422478
  landing: 0.8406343385577202
  view-data: 3.3223303630948067
