times:
  edit-metadata: 1.9943079091608524
  landing: 1.0762526988983154
  view-data: 3.3543962985277176
