times:
  edit-metadata: 1.4721161499619484
  landing: 0.8803173825144768
  view-data: 3.437401846051216
