times:
  edit-metadata: 1.5078331977128983
  landing: 0.9521557912230492
  view-data: 3.3228570073843002
