times:
  edit-metadata: 2.228043831884861
  landing: 1.277152769267559
  view-data: 3.7329544872045517
