times:
  edit-metadata: 1.4753234013915062
  landing: 0.7909599840641022
  view-data: 3.3448641523718834
