times:
  edit-metadata: 1.462657980620861
  landing: 0.8249359354376793
  view-data: 3.3090603202581406
