times:
  edit-metadata: 1.4558423161506653
  landing: 0.885065384209156
  view-data: 3.3502888306975365
