times:
  edit-metadata: 1.5004078559577465
  landing: 1.004815213382244
  view-data: 3.3280086256563663
