times:
  edit-metadata: 1.4521409645676613
  landing: 0.905788965523243
  view-data: 3.46992439776659
