times:
  edit-metadata: 1.5144742131233215
  landing: 0.8802207931876183
  view-data: 3.58433735370636
