times:
  edit-metadata: 1.3785650245845318
  landing: 0.8383029922842979
  view-data: 3.3357911184430122
