times:
  edit-metadata: 1.4328217022120953
  landing: 0.8565653376281261
  view-data: 3.322324864566326
