times:
  edit-metadata: 1.4068749397993088
  landing: 0.7701584547758102
  view-data: 3.269155241549015
