times:
  edit-metadata: 1.6068059206008911
  landing: 0.8981371186673641
  view-data: 3.34564858302474
