times:
  edit-metadata: 1.353348895907402
  landing: 0.7926971539855003
  view-data: 3.4425789043307304
