times:
  edit-metadata: 1.5408803969621658
  landing: 0.9363283738493919
  view-data: 3.442189708352089
