times:
  edit-metadata: 1.4113350063562393
  landing: 0.7962719574570656
  view-data: 3.42899851500988
