times:
  edit-metadata: 1.3670365400612354
  landing: 0.8252692148089409
  view-data: 3.2573731876909733
