times:
  edit-metadata: 1.4045123532414436
  landing: 0.7411756217479706
  view-data: 3.4093216210603714
