times:
  edit-metadata: 1.8603219017386436
  landing: 0.8645685166120529
  view-data: 3.4878220558166504
