times:
  edit-metadata: 1.540851652622223
  landing: 0.9470458067953587
  view-data: 3.311402853578329
