times:
  edit-metadata: 2.532199263572693
  landing: 1.9092912524938583
  view-data: 3.905834212899208
