times:
  edit-metadata: 3.458126552402973
  landing: 1.4464519619941711
  view-data: 3.6733837723731995
