times:
  edit-metadata: 1.257459793239832
  landing: 0.8266912288963795
  view-data: 3.310542430728674
