times:
  edit-metadata: 1.8322241604328156
  landing: 1.0174794308841228
  view-data: 3.3030431382358074
