times:
  edit-metadata: 1.5416073948144913
  landing: 0.849194947630167
  view-data: 3.3517141938209534
