times:
  edit-metadata: 1.4810351505875587
  landing: 0.8272541165351868
  view-data: 3.4073551148176193
