times:
  edit-metadata: 1.5983342453837395
  landing: 0.9636609181761742
  view-data: 3.387142948806286
