times:
  edit-metadata: 1.3436067029833794
  landing: 0.8541558422148228
  view-data: 3.321524541825056
