times:
  edit-metadata: 1.4375966042280197
  landing: 0.8291223645210266
  view-data: 3.3944489136338234
