times:
  edit-metadata: 1.5446351692080498
  landing: 0.7787740305066109
  view-data: 3.4160120114684105
