times:
  edit-metadata: 1.4503636807203293
  landing: 0.8010156452655792
  view-data: 3.401675693690777
