times:
  edit-metadata: 1.536267563700676
  landing: 0.8514559119939804
  view-data: 3.3279600515961647
