times:
  edit-metadata: 1.3929791897535324
  landing: 0.8068928383290768
  view-data: 3.275680858641863
