times:
  edit-metadata: 1.4368437230587006
  landing: 0.8988820537924767
  view-data: 3.4978734850883484
