times:
  edit-metadata: 1.6968542039394379
  landing: 1.0375484265387058
  view-data: 3.308486893773079
