times:
  edit-metadata: 1.378125473856926
  landing: 0.7349985241889954
  view-data: 3.38520909845829
