times:
  edit-metadata: 1.3685819208621979
  landing: 1.2255774959921837
  view-data: 3.3556609824299812
