times:
  edit-metadata: 1.454817846417427
  landing: 0.7403293773531914
  view-data: 3.4260872155427933
