times:
  edit-metadata: 1.7085070610046387
  landing: 0.8562417812645435
  view-data: 3.3673909939825535
