times:
  edit-metadata: 1.4971024803817272
  landing: 0.8778450340032578
  view-data: 3.3505698181688786
