times:
  edit-metadata: 1.3945472240447998
  landing: 0.8779929354786873
  view-data: 3.318984057754278
