times:
  edit-metadata: 1.4138098657131195
  landing: 0.6860156133770943
  view-data: 3.37487855553627
