times:
  edit-metadata: 1.5344684794545174
  landing: 0.9852511398494244
  view-data: 3.3403275460004807
