times:
  edit-metadata: 1.4280375838279724
  landing: 0.7564229220151901
  view-data: 3.43747815489769
