times:
  edit-metadata: 1.30635292455554
  landing: 0.7751360684633255
  view-data: 3.356232423335314
