times:
  edit-metadata: 1.5001147538423538
  landing: 0.8317939788103104
  view-data: 3.389645390212536
