times:
  edit-metadata: 1.6025915443897247
  landing: 0.8466841354966164
  view-data: 3.4416340366005898
