times:
  edit-metadata: 1.4220725037157536
  landing: 0.7476962059736252
  view-data: 3.303093731403351
