times:
  edit-metadata: 1.5573173388838768
  landing: 0.8878367692232132
  view-data: 3.378612883388996
