times:
  edit-metadata: 1.4714132398366928
  landing: 0.7345124818384647
  view-data: 3.241404913365841
