times:
  edit-metadata: 1.4563475921750069
  landing: 0.8325067833065987
  view-data: 3.4800882041454315
