times:
  edit-metadata: 1.524627648293972
  landing: 0.8542631343007088
  view-data: 3.345352239906788
