times:
  edit-metadata: 1.5035352781414986
  landing: 0.7899204604327679
  view-data: 3.31362709030509
