times:
  edit-metadata: 1.4246743321418762
  landing: 0.8700393289327621
  view-data: 3.470907062292099
