times:
  edit-metadata: 1.2800957933068275
  landing: 0.7752602025866508
  view-data: 3.506822817027569
