times:
  edit-metadata: 1.4570452347397804
  landing: 0.9318533092737198
  view-data: 3.608410269021988
