times:
  edit-metadata: 1.5313663855195045
  landing: 0.943116769194603
  view-data: 3.4268792867660522
