times:
  edit-metadata: 1.3939225301146507
  landing: 0.9090435206890106
  view-data: 3.4814587906003
