times:
  edit-metadata: 1.4377390444278717
  landing: 0.8557674214243889
  view-data: 3.3983175978064537
