times:
  edit-metadata: 1.414088748395443
  landing: 0.7673373520374298
  view-data: 3.432114951312542
