times:
  edit-metadata: 1.6857746951282024
  landing: 0.9899542666971684
  view-data: 3.3263362124562263
