times:
  edit-metadata: 1.4841232635080814
  landing: 0.8083010949194431
  view-data: 3.2961300909519196
