times:
  edit-metadata: 1.7386507168412209
  landing: 1.0334148183465004
  view-data: 3.386148765683174
