times:
  edit-metadata: 2.501465491950512
  landing: 1.4520275220274925
  view-data: 3.732727125287056
