times:
  edit-metadata: 1.4940330684185028
  landing: 0.870876669883728
  view-data: 3.416048988699913
