times:
  edit-metadata: 1.5322302430868149
  landing: 0.8959547802805901
  view-data: 3.316835343837738
