times:
  edit-metadata: 1.4459769576787949
  landing: 0.8024605289101601
  view-data: 3.304279014468193
