times:
  edit-metadata: 2.5048725605010986
  landing: 1.5102792754769325
  view-data: 3.6913855150341988
