times:
  edit-metadata: 1.4358119815587997
  landing: 0.7725474163889885
  view-data: 3.4673437401652336
