times:
  edit-metadata: 1.4414855390787125
  landing: 0.8176925182342529
  view-data: 3.293372869491577
