times:
  edit-metadata: 1.5075466334819794
  landing: 0.8314405605196953
  view-data: 3.341689072549343
