times:
  edit-metadata: 1.4643644951283932
  landing: 0.9097333699464798
  view-data: 3.333641391247511
