times:
  edit-metadata: 1.4649481698870659
  landing: 0.7661401517689228
  view-data: 3.3090383782982826
