times:
  edit-metadata: 1.4732288271188736
  landing: 0.7784440033137798
  view-data: 3.2921293638646603
