times:
  edit-metadata: 1.3865809738636017
  landing: 0.8104183748364449
  view-data: 3.4843563735485077
