times:
  edit-metadata: 1.403499498963356
  landing: 0.8377713486552238
  view-data: 3.447220727801323
