times:
  edit-metadata: 1.7161999084055424
  landing: 1.019073061645031
  view-data: 3.2838811352849007
