times:
  edit-metadata: 1.6816683635115623
  landing: 0.8654302060604095
  view-data: 3.2908664606511593
