times:
  edit-metadata: 1.5474787019193172
  landing: 0.8700480200350285
  view-data: 3.3071027733385563
