times:
  edit-metadata: 1.4332508072257042
  landing: 0.842107530683279
  view-data: 3.300607718527317
