times:
  edit-metadata: 1.7731568962335587
  landing: 0.7874986082315445
  view-data: 3.440605379641056
