times:
  edit-metadata: 1.691570334136486
  landing: 0.9945291131734848
  view-data: 3.3600985184311867
