times:
  edit-metadata: 1.4816091880202293
  landing: 1.036261446774006
  view-data: 3.589267961680889
