times:
  edit-metadata: 1.5020373836159706
  landing: 0.9457122161984444
  view-data: 3.443784050643444
