times:
  edit-metadata: 1.522508379071951
  landing: 0.8708471655845642
  view-data: 3.3629025146365166
