times:
  edit-metadata: 1.5807272717356682
  landing: 1.0582182332873344
  view-data: 3.4798310175538063
