times:
  edit-metadata: 1.446391448378563
  landing: 0.7841956615447998
  view-data: 3.496776767075062
