times:
  edit-metadata: 1.5160337537527084
  landing: 0.9234281033277512
  view-data: 3.379515089094639
