times:
  edit-metadata: 2.1026632376015186
  landing: 0.8153555504977703
  view-data: 3.3592464402318
