times:
  edit-metadata: 1.4033097103238106
  landing: 0.8208914548158646
  view-data: 3.42121621966362
