times:
  edit-metadata: 1.4102950245141983
  landing: 0.8031953684985638
  view-data: 3.339023843407631
