times:
  edit-metadata: 1.4710241854190826
  landing: 0.8449074178934097
  view-data: 3.337320227175951
