times:
  edit-metadata: 1.4396897181868553
  landing: 0.7232954055070877
  view-data: 3.4381802901625633
