times:
  edit-metadata: 1.5132687762379646
  landing: 0.8022585287690163
  view-data: 3.3726549223065376
