times:
  edit-metadata: 1.4649114236235619
  landing: 0.7938697636127472
  view-data: 3.48212181776762
