times:
  edit-metadata: 1.3983063623309135
  landing: 0.8049268797039986
  view-data: 3.468526005744934
