times:
  edit-metadata: 1.5276030749082565
  landing: 0.7728372663259506
  view-data: 3.4921589717268944
