times:
  edit-metadata: 1.4166264832019806
  landing: 0.7896312475204468
  view-data: 3.490780048072338
