times:
  edit-metadata: 1.9390579760074615
  landing: 1.022611826658249
  view-data: 3.461284950375557
