times:
  edit-metadata: 1.510132759809494
  landing: 0.7697482034564018
  view-data: 3.2804990112781525
