times:
  edit-metadata: 1.3821953535079956
  landing: 0.7277589291334152
  view-data: 3.306607611477375
