times:
  edit-metadata: 2.003653198480606
  landing: 1.3363069519400597
  view-data: 3.4636279493570328
