times:
  edit-metadata: 1.385441429913044
  landing: 0.8966689705848694
  view-data: 3.4653723761439323
