times:
  edit-metadata: 1.4442010149359703
  landing: 0.7930361926555634
  view-data: 3.4834036231040955
