times:
  edit-metadata: 1.5456764176487923
  landing: 0.9052091985940933
  view-data: 3.296613357961178
