times:
  edit-metadata: 1.5043630674481392
  landing: 0.8472815826535225
  view-data: 3.5256625562906265
