times:
  edit-metadata: 1.412789948284626
  landing: 0.8075615018606186
  view-data: 3.4248351454734802
