times:
  edit-metadata: 1.4685424119234085
  landing: 0.8755414076149464
  view-data: 3.3260457813739777
