times:
  edit-metadata: 1.3872624933719635
  landing: 0.8076028227806091
  view-data: 3.3619697615504265
