times:
  edit-metadata: 1.7182955220341682
  landing: 0.7711095660924911
  view-data: 3.4760971069335938
