times:
  edit-metadata: 1.465911716222763
  landing: 0.7182856202125549
  view-data: 3.461956426501274
