times:
  edit-metadata: 2.2537845745682716
  landing: 0.8621906451880932
  view-data: 3.2659162878990173
