times:
  edit-metadata: 1.5743322297930717
  landing: 1.1264886669814587
  view-data: 3.313517536967993
