times:
  edit-metadata: 1.4953419119119644
  landing: 0.9087309688329697
  view-data: 3.484542839229107
