times:
  edit-metadata: 1.5236431509256363
  landing: 1.0217329189181328
  view-data: 3.302013412117958
