times:
  edit-metadata: 1.4470324218273163
  landing: 0.745067223906517
  view-data: 3.4463704973459244
