times:
  edit-metadata: 1.6902228519320488
  landing: 0.8884394094347954
  view-data: 3.364962361752987
