times:
  edit-metadata: 1.534754328429699
  landing: 0.9000436626374722
  view-data: 3.3243637420237064
