times:
  edit-metadata: 1.4728149883449078
  landing: 0.9685204289853573
  view-data: 3.303851842880249
