times:
  edit-metadata: 1.6250100620090961
  landing: 0.7478105202317238
  view-data: 3.2602749839425087
