times:
  edit-metadata: 1.4978064969182014
  landing: 0.8171914145350456
  view-data: 3.422411546111107
