times:
  edit-metadata: 1.4621410444378853
  landing: 0.7820828929543495
  view-data: 3.393704481422901
