times:
  edit-metadata: 1.3641187697649002
  landing: 0.8346550241112709
  view-data: 3.375934951007366
