times:
  edit-metadata: 1.4959187656641006
  landing: 1.0382060036063194
  view-data: 3.3862796798348427
