times:
  edit-metadata: 2.8043767660856247
  landing: 1.0444962084293365
  view-data: 3.3493386954069138
