times:
  edit-metadata: 1.3934230878949165
  landing: 0.8064359575510025
  view-data: 3.4426961094141006
