times:
  edit-metadata: 1.5221240781247616
  landing: 0.9173687361180782
  view-data: 3.339745618402958
