times:
  edit-metadata: 1.4700835347175598
  landing: 0.8219494670629501
  view-data: 3.386096805334091
