times:
  edit-metadata: 1.435190588235855
  landing: 0.7793963104486465
  view-data: 3.522528849542141
