times:
  edit-metadata: 1.44029750674963
  landing: 0.7910265251994133
  view-data: 3.3668999299407005
