times:
  edit-metadata: 1.635227207094431
  landing: 0.845950024202466
  view-data: 3.384470984339714
