times:
  edit-metadata: 2.0209534764289856
  landing: 1.114576704800129
  view-data: 3.361992858350277
