times:
  edit-metadata: 1.5005587879568338
  landing: 0.799913952127099
  view-data: 3.4388838950544596
