times:
  edit-metadata: 1.4861263521015644
  landing: 0.9126296006143093
  view-data: 3.3851866759359837
