times:
  edit-metadata: 1.5765686817467213
  landing: 1.0673289000988007
  view-data: 3.3751457445323467
