times:
  edit-metadata: 1.3239382915198803
  landing: 0.7087781000882387
  view-data: 3.2980863600969315
