times:
  edit-metadata: 1.5546693466603756
  landing: 1.0367221273481846
  view-data: 3.4340092167258263
