times:
  edit-metadata: 1.5445171296596527
  landing: 0.8194397073239088
  view-data: 3.498617673292756
