times:
  edit-metadata: 3.4843947142362595
  landing: 2.3057254627346992
  view-data: 4.184807825833559
