times:
  edit-metadata: 1.559193279594183
  landing: 1.0241976976394653
  view-data: 3.3596679344773293
