times:
  edit-metadata: 1.433621482923627
  landing: 0.7566699981689453
  view-data: 3.3521374352276325
