times:
  edit-metadata: 1.5105023570358753
  landing: 1.045156229287386
  view-data: 3.29800583422184
