times:
  edit-metadata: 1.6283605508506298
  landing: 0.9080485068261623
  view-data: 3.3635320737957954
