times:
  edit-metadata: 1.5156923308968544
  landing: 0.8043160755187273
  view-data: 3.367501763626933
