times:
  edit-metadata: 1.4892427064478397
  landing: 0.9399436302483082
  view-data: 3.293490182608366
