times:
  edit-metadata: 1.536586008965969
  landing: 0.8561881519854069
  view-data: 3.438653651624918
