times:
  edit-metadata: 1.6040174253284931
  landing: 0.7459214963018894
  view-data: 3.4162619300186634
