times:
  edit-metadata: 1.4035409204661846
  landing: 0.9559739530086517
  view-data: 3.378699839115143
