times:
  edit-metadata: 1.5276247765868902
  landing: 0.85145677998662
  view-data: 3.4151024483144283
