times:
  edit-metadata: 1.457851279526949
  landing: 0.9084154516458511
  view-data: 3.362697124481201
