times:
  edit-metadata: 1.567533902823925
  landing: 0.8635522238910198
  view-data: 3.4314251095056534
