times:
  edit-metadata: 1.532749779522419
  landing: 0.8203128967434168
  view-data: 3.4917828775942326
