times:
  edit-metadata: 1.3955035042017698
  landing: 0.7753850314766169
  view-data: 3.401785520836711
