times:
  edit-metadata: 1.4874957464635372
  landing: 0.8855441547930241
  view-data: 3.375919707119465
