times:
  edit-metadata: 1.4541371688246727
  landing: 0.9512139074504375
  view-data: 3.371993687003851
