times:
  edit-metadata: 1.3820456061512232
  landing: 14.902270771563053
  view-data: 3.2927431780844927
