times:
  edit-metadata: 1.5405179839581251
  landing: 0.7683001849800348
  view-data: 3.4356964733451605
