times:
  edit-metadata: 1.5488031059503555
  landing: 0.8482245318591595
  view-data: 3.3679740019142628
