times:
  edit-metadata: 1.4865807555615902
  landing: 0.8857963383197784
  view-data: 3.381447494029999
