times:
  edit-metadata: 1.4756165444850922
  landing: 0.9718033075332642
  view-data: 3.3825676031410694
