times:
  edit-metadata: 1.8393860086798668
  landing: 0.9890901334583759
  view-data: 3.3242836594581604
