times:
  edit-metadata: 1.4737077876925468
  landing: 0.8612673655152321
  view-data: 3.292965915054083
