times:
  edit-metadata: 1.4641373753547668
  landing: 0.9833542555570602
  view-data: 3.3267699666321278
