times:
  edit-metadata: 1.30070966668427
  landing: 0.9045806303620338
  view-data: 3.3822295665740967
