times:
  edit-metadata: 1.3242864962667227
  landing: 0.8811543621122837
  view-data: 3.395623443648219
