times:
  edit-metadata: 1.4314929842948914
  landing: 0.8993399478495121
  view-data: 3.3106650598347187
