times:
  edit-metadata: 1.484637938439846
  landing: 0.8981369435787201
  view-data: 3.263078149408102
