times:
  edit-metadata: 1.4690300449728966
  landing: 0.755678616464138
  view-data: 3.2811931893229485
