times:
  edit-metadata: 1.459293121472001
  landing: 0.9493470191955566
  view-data: 3.343758663162589
