times:
  edit-metadata: 1.838582368567586
  landing: 1.224105628207326
  view-data: 3.3183684535324574
