times:
  edit-metadata: 1.4694628939032555
  landing: 0.9088098146021366
  view-data: 3.4399623945355415
