times:
  edit-metadata: 1.4356439225375652
  landing: 0.8823215998709202
  view-data: 3.3675559014081955
