times:
  edit-metadata: 1.5266512744128704
  landing: 0.9225466065108776
  view-data: 3.4585341848433018
