times:
  edit-metadata: 1.643878860399127
  landing: 0.8959671724587679
  view-data: 3.434104785323143
