times:
  edit-metadata: 1.4806804284453392
  landing: 0.754243629053235
  view-data: 3.423240376636386
