times:
  edit-metadata: 1.4661017023026943
  landing: 1.0864737257361412
  view-data: 3.435368426144123
