times:
  edit-metadata: 1.5285263005644083
  landing: 0.9884306360036135
  view-data: 3.374631667509675
