times:
  edit-metadata: 1.5579507015645504
  landing: 0.9859216716140509
  view-data: 3.3633874151855707
