times:
  edit-metadata: 1.6332582365721464
  landing: 0.8984066434204578
  view-data: 3.2818988859653473
