times:
  edit-metadata: 2.5043767131865025
  landing: 1.4002688899636269
  view-data: 4.030606284737587
