times:
  edit-metadata: 1.8417214825749397
  landing: 1.3183549530804157
  view-data: 3.7637668065726757
