times:
  edit-metadata: 1.3865304701030254
  landing: 0.8860594108700752
  view-data: 3.3438430838286877
