times:
  edit-metadata: 1.4015206955373287
  landing: 0.9370744563639164
  view-data: 3.387999527156353
