times:
  edit-metadata: 1.6100491806864738
  landing: 1.1396614536643028
  view-data: 3.3873604759573936
