times:
  edit-metadata: 1.3872065246105194
  landing: 1.0589373707771301
  view-data: 3.3322427570819855
