times:
  edit-metadata: 1.4296846762299538
  landing: 0.8011041283607483
  view-data: 3.27628331258893
