times:
  edit-metadata: 1.628310963511467
  landing: 0.9894818887114525
  view-data: 3.4856404326856136
