times:
  edit-metadata: 1.664358552545309
  landing: 1.0593098662793636
  view-data: 3.367157459259033
