times:
  edit-metadata: 1.2888623178005219
  landing: 0.7811331935226917
  view-data: 3.3959284387528896
