times:
  edit-metadata: 1.390050571411848
  landing: 0.9908744059503078
  view-data: 3.455868970602751
