times:
  edit-metadata: 1.558272797614336
  landing: 0.8004335779696703
  view-data: 3.3259279429912567
