times:
  edit-metadata: 2.256844934076071
  landing: 1.6844010017812252
  view-data: 3.607775781303644
