times:
  edit-metadata: 1.4800654500722885
  landing: 1.4502478744834661
  view-data: 3.384040731936693
