times:
  edit-metadata: 1.369986703619361
  landing: 0.9273178800940514
  view-data: 3.306123463436961
