times:
  edit-metadata: 1.4261546451598406
  landing: 0.7954781092703342
  view-data: 3.357281656935811
