times:
  edit-metadata: 1.5009469501674175
  landing: 1.073054488748312
  view-data: 3.3481029644608498
