times:
  edit-metadata: 1.9341360498219728
  landing: 0.9276113845407963
  view-data: 3.2966253384947777
