times:
  edit-metadata: 1.3404523096978664
  landing: 0.8687160946428776
  view-data: 3.495912656188011
