times:
  edit-metadata: 1.3500723391771317
  landing: 0.865632988512516
  view-data: 3.3981618098914623
