times:
  edit-metadata: 1.617293693125248
  landing: 0.9664601236581802
  view-data: 3.316611520946026
