times:
  edit-metadata: 1.5816804245114326
  landing: 0.8640348128974438
  view-data: 3.3334975447505713
