times:
  edit-metadata: 1.4758704006671906
  landing: 0.926264937967062
  view-data: 3.3535906486213207
