times:
  edit-metadata: 1.4014625288546085
  landing: 0.7200033236294985
  view-data: 3.2792544085532427
