times:
  edit-metadata: 1.4647448770701885
  landing: 6.456815041601658
  view-data: 3.3835271783173084
