times:
  edit-metadata: 1.4912518821656704
  landing: 0.9035715386271477
  view-data: 3.3666108548641205
