times:
  edit-metadata: 1.794453313574195
  landing: 1.0100310556590557
  view-data: 3.4502200931310654
