times:
  edit-metadata: 1.5475550703704357
  landing: 0.9336342364549637
  view-data: 3.3737119622528553
