times:
  edit-metadata: 1.5340028032660484
  landing: 0.8118982575833797
  view-data: 3.261405471712351
