times:
  edit-metadata: 1.5802028812468052
  landing: 0.7590263113379478
  view-data: 3.430498603731394
