times:
  edit-metadata: 1.4893812499940395
  landing: 0.7505210805684328
  view-data: 3.416872987523675
