times:
  edit-metadata: 1.4396004620939493
  landing: 0.8468572683632374
  view-data: 3.6661982983350754
