times:
  edit-metadata: 1.4962855372577906
  landing: 0.8589011318981647
  view-data: 3.3470615074038506
