times:
  edit-metadata: 1.6380459815263748
  landing: 0.925958164036274
  view-data: 3.401427745819092
