times:
  edit-metadata: 1.4928377084434032
  landing: 0.81544004753232
  view-data: 3.383726367726922
