times:
  edit-metadata: 1.32272713445127
  landing: 0.7141428608447313
  view-data: 3.4049471206963062
