times:
  edit-metadata: 1.5652029290795326
  landing: 0.8714037127792835
  view-data: 3.327178619801998
