times:
  edit-metadata: 1.674842519685626
  landing: 1.0224006213247776
  view-data: 3.4426483139395714
