times:
  edit-metadata: 1.869064249098301
  landing: 1.0453144758939743
  view-data: 3.4356101229786873
