times:
  edit-metadata: 1.3797904178500175
  landing: 0.9308155551552773
  view-data: 3.293987512588501
