times:
  edit-metadata: 1.884366936981678
  landing: 1.484459038823843
  view-data: 3.5584099143743515
