times:
  edit-metadata: 1.4305210299789906
  landing: 0.9236133806407452
  view-data: 3.3152101896703243
