times:
  edit-metadata: 1.3901121355593204
  landing: 0.9584983475506306
  view-data: 3.3509882390499115
