times:
  edit-metadata: 1.5552644319832325
  landing: 1.068706389516592
  view-data: 3.373044155538082
