times:
  edit-metadata: 1.5360471494495869
  landing: 0.849386315792799
  view-data: 3.4580534398555756
