times:
  edit-metadata: 1.5217934530228376
  landing: 0.8295021001249552
  view-data: 3.439457504078746
