times:
  edit-metadata: 1.5217998120933771
  landing: 0.8619672376662493
  view-data: 3.438642470166087
