times:
  edit-metadata: 1.7016596160829067
  landing: 0.9676435105502605
  view-data: 3.348439000546932
