times:
  edit-metadata: 1.5147952735424042
  landing: 0.7733623888343573
  view-data: 3.397722102701664
