times:
  edit-metadata: 1.597901251167059
  landing: 0.8845823779702187
  view-data: 3.3474504984915257
