times:
  edit-metadata: 1.5989450085908175
  landing: 0.8249645587056875
  view-data: 3.471381165087223
