times:
  edit-metadata: 1.63244067132473
  landing: 0.9025557152926922
  view-data: 3.323012337088585
