times:
  edit-metadata: 1.4567721523344517
  landing: 0.9397537708282471
  view-data: 3.336323522031307
