times:
  edit-metadata: 1.4664690904319286
  landing: 0.7778665721416473
  view-data: 3.24136957898736
