times:
  edit-metadata: 1.594735898077488
  landing: 0.6943804398179054
  view-data: 0.5200431607663631
