times:
  edit-metadata: 1.592194575816393
  landing: 3.0979757867753506
  view-data: 3.4825368262827396
