times:
  edit-metadata: 1.4911868963390589
  landing: 0.9344578515738249
  view-data: 3.506477478891611
