times:
  edit-metadata: 1.5671887323260307
  landing: 1.0490452069789171
  view-data: 3.4625783562660217
