times:
  edit-metadata: 1.4745147600769997
  landing: 0.8695471473038197
  view-data: 3.35693845897913
