times:
  edit-metadata: 1.4756716676056385
  landing: 0.6876568235456944
  view-data: 3.398846037685871
