times:
  edit-metadata: 1.618819173425436
  landing: 0.9243344888091087
  view-data: 3.407234150916338
