times:
  edit-metadata: 1.5818218290805817
  landing: 1.0139660760760307
  view-data: 3.3436695262789726
