times:
  edit-metadata: 1.4125322885811329
  landing: 0.973595816642046
  view-data: 3.3130421936511993
