times:
  edit-metadata: 1.5999077036976814
  landing: 0.8212102316319942
  view-data: 3.4169394709169865
