times:
  edit-metadata: 1.2256850507110357
  landing: 0.7722338028252125
  view-data: 3.430254014208913
