times:
  edit-metadata: 1.3582267686724663
  landing: 0.8271192200481892
  view-data: 3.304285377264023
