times:
  edit-metadata: 1.5652756802737713
  landing: 0.8100542463362217
  view-data: 3.432376179844141
