times:
  edit-metadata: 1.5287891067564487
  landing: 0.9607907645404339
  view-data: 3.369666650891304
