times:
  edit-metadata: 1.4880386348813772
  landing: 0.9867935981601477
  view-data: 3.4145803917199373
