times:
  edit-metadata: 1.5136146284639835
  landing: 0.8250896874815226
  view-data: 3.3799064587801695
