times:
  edit-metadata: 1.4456567987799644
  landing: 0.9898961074650288
  view-data: 3.3607878424227238
