times:
  edit-metadata: 1.4406152870506048
  landing: 0.8321687486022711
  view-data: 3.3571907598525286
