times:
  edit-metadata: 1.3772013932466507
  landing: 0.8849866129457951
  view-data: 3.379061557352543
