times:
  edit-metadata: 1.4765865243971348
  landing: 0.9580057375133038
  view-data: 3.372505236417055
