times:
  edit-metadata: 1.610733274370432
  landing: 1.1479634754359722
  view-data: 3.4581440053880215
