times:
  edit-metadata: 1.4162580259144306
  landing: 0.9882709570229053
  view-data: 3.4411815777420998
