times:
  edit-metadata: 1.6162157449871302
  landing: 0.8671297840774059
  view-data: 3.435452926903963
