times:
  edit-metadata: 1.4769658204168081
  landing: 0.8523562960326672
  view-data: 3.4239909686148167
