times:
  edit-metadata: 1.4223461337387562
  landing: 0.8705458417534828
  view-data: 3.3981746584177017
