times:
  edit-metadata: 1.4200833439826965
  landing: 0.7940549552440643
  view-data: 3.3385976813733578
