times:
  edit-metadata: 1.470449510961771
  landing: 0.7496956940740347
  view-data: 3.3906323611736298
