times:
  edit-metadata: 1.5843429956585169
  landing: 0.8233329113572836
  view-data: 3.4501601736992598
