times:
  edit-metadata: 1.3737377040088177
  landing: 0.9130197539925575
  view-data: 3.284589257091284
