times:
  edit-metadata: 1.3978817351162434
  landing: 0.7964016422629356
  view-data: 3.3186998032033443
