times:
  edit-metadata: 1.768473170697689
  landing: 0.9273084588348866
  view-data: 3.363533493131399
