times:
  edit-metadata: 1.507630042731762
  landing: 0.7383565921336412
  view-data: 3.400632943958044
