times:
  edit-metadata: 1.3272544145584106
  landing: 0.711760651320219
  view-data: 3.4301536306738853
