times:
  edit-metadata: 1.481139050796628
  landing: 0.9248403888195753
  view-data: 3.3755031879991293
