times:
  edit-metadata: 1.9666060917079449
  landing: 1.0969565510749817
  view-data: 3.74567212164402
