times:
  edit-metadata: 1.566905790939927
  landing: 0.7952220067381859
  view-data: 3.4289963729679585
