times:
  edit-metadata: 2.0698209814727306
  landing: 1.3062247596681118
  view-data: 3.3995732106268406
