times:
  edit-metadata: 1.4742382485419512
  landing: 0.8370379526168108
  view-data: 3.4085454009473324
