times:
  edit-metadata: 1.4064354710280895
  landing: 0.81630171649158
  view-data: 3.4146004896610975
