times:
  edit-metadata: 2.4199243430048227
  landing: 1.3343350868672132
  view-data: 3.654749283567071
