times:
  edit-metadata: 1.3525561168789864
  landing: 0.7500804960727692
  view-data: 3.366568434983492
