times:
  edit-metadata: 1.3097398281097412
  landing: 0.7076615821570158
  view-data: 3.4051760248839855
