times:
  edit-metadata: 1.5416646543890238
  landing: 0.7983318511396646
  view-data: 3.4344703890383244
