times:
  edit-metadata: 1.5199151877313852
  landing: 0.7722707260400057
  view-data: 3.464408740401268
