times:
  edit-metadata: 1.506788631901145
  landing: 0.904836917296052
  view-data: 3.3994471710175276
