times:
  edit-metadata: 1.3833966962993145
  landing: 0.872296292334795
  view-data: 3.2681072279810905
