times:
  edit-metadata: 1.5641819201409817
  landing: 0.9432066027075052
  view-data: 3.5034261252731085
