times:
  edit-metadata: 1.567017002031207
  landing: 0.7854595892131329
  view-data: 3.419607028365135
