times:
  edit-metadata: 1.4720666706562042
  landing: 0.8418841250240803
  view-data: 3.3936156183481216
