times:
  edit-metadata: 1.3899812828749418
  landing: 0.6224239561706781
  view-data: 3.3920291550457478
