times:
  edit-metadata: 1.3974575623869896
  landing: 0.9085409976541996
  view-data: 3.3501421362161636
