times:
  edit-metadata: 1.514436088502407
  landing: 0.962750893086195
  view-data: 3.440096039324999
