times:
  edit-metadata: 1.401086838915944
  landing: 2.5543361082673073
  view-data: 1.3669966123998165
