times:
  edit-metadata: 1.5149136744439602
  landing: 0.8090396523475647
  view-data: 3.331917054951191
