times:
  edit-metadata: 1.5282593742012978
  landing: 0.803401917219162
  view-data: 3.3923421651124954
