times:
  edit-metadata: 1.5323472172021866
  landing: 0.8947793170809746
  view-data: 3.303934220224619
