times:
  edit-metadata: 1.5352713968604803
  landing: 0.7587888967245817
  view-data: 3.4142896197736263
