times:
  edit-metadata: 1.676828257739544
  landing: 0.9962402805685997
  view-data: 3.3801532983779907
