times:
  edit-metadata: 1.4815785996615887
  landing: 0.6641106978058815
  view-data: 3.705070961266756
