times:
  edit-metadata: 1.5336855445057154
  landing: 0.8277521226555109
  view-data: 3.453156230971217
