times:
  edit-metadata: 1.6267824731767178
  landing: 1.008132316172123
  view-data: 3.2584655061364174
