times:
  edit-metadata: 1.4108575470745564
  landing: 0.7454402074217796
  view-data: 3.3253362104296684
