times:
  edit-metadata: 2.1127272211015224
  landing: 1.573546588420868
  view-data: 3.605775725096464
