times:
  edit-metadata: 1.5251152776181698
  landing: 0.9394464828073978
  view-data: 3.410102680325508
