times:
  edit-metadata: 1.4204181246459484
  landing: 0.8718534335494041
  view-data: 3.336292766034603
