times:
  edit-metadata: 1.5209611095488071
  landing: 0.9233668074011803
  view-data: 3.4366889968514442
