times:
  edit-metadata: 1.5195438265800476
  landing: 0.914661668241024
  view-data: 3.4247042797505856
