times:
  edit-metadata: 1.7085150480270386
  landing: 0.7884460501372814
  view-data: 3.349850568920374
