times:
  edit-metadata: 1.6005260609090328
  landing: 3.915316216647625
  view-data: 3.45333256945014
