times:
  edit-metadata: 1.36186857894063
  landing: 0.8704805783927441
  view-data: 3.306242384016514
