times:
  edit-metadata: 1.5683086663484573
  landing: 0.8934577368199825
  view-data: 3.3062996976077557
