times:
  edit-metadata: 1.3580950982868671
  landing: 0.7972810678184032
  view-data: 3.292580634355545
