times:
  edit-metadata: 1.5305246785283089
  landing: 0.8637465052306652
  view-data: 3.417306534945965
