times:
  edit-metadata: 1.5031929947435856
  landing: 0.8349137976765633
  view-data: 3.376677803695202
