times:
  edit-metadata: 1.5832365527749062
  landing: 0.9123580418527126
  view-data: 3.431808065623045
