times:
  edit-metadata: 1.5595561303198338
  landing: 0.852834340184927
  view-data: 3.379676926881075
