times:
  edit-metadata: 1.4835397377610207
  landing: 0.8122287876904011
  view-data: 3.424203373491764
