times:
  edit-metadata: 1.628864735364914
  landing: 0.9141486659646034
  view-data: 3.373093619942665
