times:
  edit-metadata: 1.3600714355707169
  landing: 0.8770398013293743
  view-data: 3.300414465367794
