times:
  edit-metadata: 1.623990923166275
  landing: 0.9131213687360287
  view-data: 3.3260803148150444
