times:
  edit-metadata: 1.5722247138619423
  landing: 0.8187235444784164
  view-data: 3.4392774365842342
