times:
  edit-metadata: 1.6965628638863564
  landing: 0.9364968724548817
  view-data: 3.44300365075469
