times:
  edit-metadata: 1.6283154487609863
  landing: 0.9418699592351913
  view-data: 3.3910905458033085
