times:
  edit-metadata: 1.7599835731089115
  landing: 0.69385601952672
  view-data: 3.3476467803120613
