times:
  edit-metadata: 1.5508035607635975
  landing: 0.8314003981649876
  view-data: 3.4311454258859158
