times:
  edit-metadata: 1.5111404322087765
  landing: 0.8098355866968632
  view-data: 3.380576141178608
