times:
  edit-metadata: 1.5963208563625813
  landing: 1.1345439441502094
  view-data: 3.4882646463811398
