times:
  edit-metadata: 1.58631432056427
  landing: 0.9032629653811455
  view-data: 3.424165204167366
