times:
  edit-metadata: 1.5482736341655254
  landing: 0.7742708623409271
  view-data: 3.379399362951517
