times:
  edit-metadata: 1.5112441293895245
  landing: 0.9029582254588604
  view-data: 3.427989926189184
