times:
  edit-metadata: 1.3544772379100323
  landing: 0.775232806801796
  view-data: 3.322311118245125
