times:
  edit-metadata: 1.4174636527895927
  landing: 0.8265271969139576
  view-data: 3.436875857412815
