times:
  edit-metadata: 2.8415022157132626
  landing: 1.4253207854926586
  view-data: 3.551835600286722
