times:
  edit-metadata: 1.5448797196149826
  landing: 0.7980623170733452
  view-data: 3.410251259803772
