times:
  edit-metadata: 1.5038300231099129
  landing: 0.9172350019216537
  view-data: 3.4928261563181877
