times:
  edit-metadata: 1.680723488330841
  landing: 0.9141908064484596
  view-data: 3.5132061317563057
