times:
  edit-metadata: 1.5532722100615501
  landing: 0.8645167946815491
  view-data: 3.494856409728527
