times:
  edit-metadata: 1.498357966542244
  landing: 0.8235223293304443
  view-data: 3.476215548813343
