times:
  edit-metadata: 1.4139618948101997
  landing: 0.7447390109300613
  view-data: 3.4835406318306923
