times:
  edit-metadata: 1.4625054597854614
  landing: 0.8965399265289307
  view-data: 3.5323308408260345
