times:
  edit-metadata: 1.5674676448106766
  landing: 0.8270550817251205
  view-data: 3.3583883866667747
