times:
  edit-metadata: 1.4477651044726372
  landing: 0.869643323123455
  view-data: 3.369961515069008
