times:
  edit-metadata: 1.4642233029007912
  landing: 0.9026319086551666
  view-data: 3.504037342965603
