times:
  edit-metadata: 1.4495517238974571
  landing: 0.8152997046709061
  view-data: 3.4113414138555527
