times:
  edit-metadata: 1.4347565472126007
  landing: 0.7620753049850464
  view-data: 3.480108842253685
