times:
  edit-metadata: 1.4787847474217415
  landing: 0.9041476026177406
  view-data: 3.4427570700645447
