times:
  edit-metadata: 2.6296547204256058
  landing: 1.5550312027335167
  view-data: 4.195731349289417
