times:
  edit-metadata: 1.5383529290556908
  landing: 0.8085141256451607
  view-data: 3.476927638053894
