times:
  edit-metadata: 1.6091971546411514
  landing: 1.040575347840786
  view-data: 3.4514156207442284
