times:
  edit-metadata: 1.4620626643300056
  landing: 0.7374974265694618
  view-data: 3.405887082219124
