times:
  edit-metadata: 1.587384045124054
  landing: 0.7893884778022766
  view-data: 3.496320180594921
