times:
  edit-metadata: 1.6003267616033554
  landing: 0.9153187498450279
  view-data: 3.454494208097458
