times:
  edit-metadata: 2.03602085262537
  landing: 1.3891592919826508
  view-data: 3.4311709254980087
