times:
  edit-metadata: 1.5015101954340935
  landing: 0.8543433994054794
  view-data: 3.417184069752693
