times:
  edit-metadata: 3.146306425333023
  landing: 1.0282758623361588
  view-data: 3.647089257836342
