times:
  edit-metadata: 1.4763748943805695
  landing: 1.055651731789112
  view-data: 3.5186106115579605
