times:
  edit-metadata: 1.4926702380180359
  landing: 0.8884653225541115
  view-data: 3.440416283905506
