times:
  edit-metadata: 1.8674818724393845
  landing: 1.2965572401881218
  view-data: 3.9168790131807327
