times:
  edit-metadata: 1.467427708208561
  landing: 0.7720400914549828
  view-data: 3.4652459919452667
