times:
  edit-metadata: 1.463449127972126
  landing: 0.8146971389651299
  view-data: 3.50123330950737
