times:
  edit-metadata: 1.4607150480151176
  landing: 0.7509162798523903
  view-data: 3.394802212715149
