times:
  edit-metadata: 1.7332198694348335
  landing: 1.256299041211605
  view-data: 3.5317120030522346
