times:
  edit-metadata: 1.849914789199829
  landing: 0.9880749732255936
  view-data: 3.462655395269394
