times:
  edit-metadata: 1.4257298409938812
  landing: 0.8034314885735512
  view-data: 3.5225941464304924
