times:
  edit-metadata: 1.4322748929262161
  landing: 0.7876423075795174
  view-data: 3.5357106626033783
