times:
  edit-metadata: 1.5273493900895119
  landing: 0.8481279462575912
  view-data: 3.4668500050902367
