times:
  edit-metadata: 1.7828091830015182
  landing: 1.036281280219555
  view-data: 3.5371105447411537
