times:
  edit-metadata: 1.5937397256493568
  landing: 1.2898452952504158
  view-data: 3.4169503822922707
