times:
  edit-metadata: 1.5114042535424232
  landing: 0.8326915428042412
  view-data: 3.46459524333477
