times:
  edit-metadata: 1.4690046533942223
  landing: 0.7868831232190132
  view-data: 3.4120254665613174
