times:
  edit-metadata: 1.4410303235054016
  landing: 0.7919375970959663
  view-data: 3.4640819504857063
