times:
  edit-metadata: 1.5480410382151604
  landing: 0.9527190625667572
  view-data: 3.408326633274555
