times:
  edit-metadata: 1.5449036359786987
  landing: 1.0256375446915627
  view-data: 3.549542024731636
