times:
  edit-metadata: 1.4876111820340157
  landing: 0.8491205498576164
  view-data: 3.6606823056936264
