times:
  edit-metadata: 1.5916591361165047
  landing: 0.871632494032383
  view-data: 3.4900499880313873
