times:
  edit-metadata: 1.5521271750330925
  landing: 0.8691613599658012
  view-data: 3.4303857162594795
