times:
  edit-metadata: 1.4152794182300568
  landing: 0.8146897479891777
  view-data: 3.434013955295086
