times:
  edit-metadata: 2.9288897663354874
  landing: 1.7758976072072983
  view-data: 4.02011613547802
