times:
  edit-metadata: 1.5235429406166077
  landing: 0.7649187203496695
  view-data: 3.335902240127325
