times:
  edit-metadata: 1.5689873062074184
  landing: 0.9394009299576283
  view-data: 3.4576279409229755
