times:
  edit-metadata: 1.4945743158459663
  landing: 1.0373490005731583
  view-data: 3.342116840183735
