times:
  edit-metadata: 1.3237411119043827
  landing: 0.9703288935124874
  view-data: 3.326243355870247
