times:
  edit-metadata: 1.6934787426143885
  landing: 0.9386000130325556
  view-data: 3.480938695371151
