times:
  edit-metadata: 1.8124795332551003
  landing: 1.1988017745316029
  view-data: 3.4753970950841904
