times:
  edit-metadata: 2.3156166672706604
  landing: 6.808678712695837
  view-data: 3.6065215803682804
