times:
  edit-metadata: 1.4971139654517174
  landing: 0.7604583464562893
  view-data: 3.3687646370381117
