times:
  edit-metadata: 1.5456812009215355
  landing: 0.8724432177841663
  view-data: 3.415638145059347
