times:
  edit-metadata: 2.2552897706627846
  landing: 1.2539542950689793
  view-data: 3.5506313145160675
