times:
  edit-metadata: 1.4833582639694214
  landing: 0.9434047751128674
  view-data: 3.3562369160354137
