times:
  edit-metadata: 1.42334258928895
  landing: 0.8677036762237549
  view-data: 3.27978627756238
