times:
  edit-metadata: 1.4247405119240284
  landing: 1.0011137127876282
  view-data: 3.387517347931862
