times:
  edit-metadata: 1.3794030845165253
  landing: 0.8655343689024448
  view-data: 3.3638139441609383
