times:
  edit-metadata: 1.53372373431921
  landing: 0.9479567781090736
  view-data: 3.4344601295888424
