times:
  edit-metadata: 1.5100687704980373
  landing: 0.7974948771297932
  view-data: 3.4337683636695147
