times:
  edit-metadata: 1.4037512689828873
  landing: 0.8942172676324844
  view-data: 3.32985857501626
