times:
  edit-metadata: 1.532163992524147
  landing: 0.8073584958910942
  view-data: 3.398697007447481
