times:
  edit-metadata: 1.3432917594909668
  landing: 0.9238491784781218
  view-data: 3.3003889713436365
