times:
  edit-metadata: 1.496174681931734
  landing: 0.7503030747175217
  view-data: 3.3487175554037094
