times:
  edit-metadata: 1.4017169885337353
  landing: 0.9489511698484421
  view-data: 3.3374011255800724
