times:
  edit-metadata: 1.5757362395524979
  landing: 0.9200892820954323
  view-data: 3.417253352701664
