times:
  edit-metadata: 1.588241158053279
  landing: 0.7055387329310179
  view-data: 3.3473094571381807
