times:
  edit-metadata: 1.5241253022104502
  landing: 0.9321025870740414
  view-data: 3.445480512455106
