times:
  edit-metadata: 1.5312352068722248
  landing: 0.8192364033311605
  view-data: 3.3800769839435816
