times:
  edit-metadata: 1.4768282677978277
  landing: 0.7815947774797678
  view-data: 3.38970379345119
