times:
  edit-metadata: 1.4877631328999996
  landing: 0.8902621567249298
  view-data: 3.3287830017507076
