times:
  edit-metadata: 1.446948166936636
  landing: 0.9979483187198639
  view-data: 3.3924213498830795
