times:
  edit-metadata: 1.5671748779714108
  landing: 1.068006444722414
  view-data: 3.387047231197357
