times:
  edit-metadata: 1.7140766941010952
  landing: 0.8608581759035587
  view-data: 3.401455659419298
