times:
  edit-metadata: 1.4707772247493267
  landing: 0.8978596702218056
  view-data: 3.4275219924747944
