times:
  edit-metadata: 2.130655061453581
  landing: 1.3619373515248299
  view-data: 3.3831021189689636
