times:
  edit-metadata: 1.477740041911602
  landing: 1.0263482704758644
  view-data: 3.3922673501074314
