times:
  edit-metadata: 1.4580586068332195
  landing: 0.8181125745177269
  view-data: 3.276145089417696
