times:
  edit-metadata: 1.6360632590949535
  landing: 0.9005146790295839
  view-data: 3.4751636274158955
