times:
  edit-metadata: 1.4894048627465963
  landing: 0.7856534961611032
  view-data: 3.4392739553004503
