times:
  edit-metadata: 1.4863372463732958
  landing: 0.7966906595975161
  view-data: 3.359618930146098
