times:
  edit-metadata: 1.5807874202728271
  landing: 0.8036224264651537
  view-data: 3.4008093625307083
