times:
  edit-metadata: 1.6537377089262009
  landing: 1.0859261564910412
  view-data: 3.349429078400135
