times:
  edit-metadata: 1.3518892470747232
  landing: 0.7857213336974382
  view-data: 3.409954760223627
