times:
  edit-metadata: 1.429068922996521
  landing: 0.890903152525425
  view-data: 3.305128503590822
