times:
  edit-metadata: 1.5602285899221897
  landing: 0.8990327306091785
  view-data: 3.4060473814606667
