times:
  edit-metadata: 1.5096452124416828
  landing: 0.8436866290867329
  view-data: 3.4018082097172737
