times:
  edit-metadata: 1.4389388263225555
  landing: 0.8506003376096487
  view-data: 3.3988105803728104
