times:
  edit-metadata: 1.5522619225084782
  landing: 0.966657966375351
  view-data: 3.463697649538517
