times:
  edit-metadata: 1.532416671514511
  landing: 0.832131914794445
  view-data: 3.2610181272029877
