times:
  edit-metadata: 1.4568320699036121
  landing: 0.9807185232639313
  view-data: 3.4133518636226654
