times:
  edit-metadata: 1.4586604796350002
  landing: 0.9315071403980255
  view-data: 3.3695078007876873
