times:
  edit-metadata: 1.6628691218793392
  landing: 1.0042033344507217
  view-data: 3.5179947540163994
