times:
  edit-metadata: 1.5041690953075886
  landing: 0.9584636874496937
  view-data: 3.4783007577061653
