times:
  edit-metadata: 1.5561388339847326
  landing: 0.8589559588581324
  view-data: 3.4345876555889845
