times:
  edit-metadata: 1.5203184802085161
  landing: 0.8199583645910025
  view-data: 3.380306337028742
