times:
  edit-metadata: 1.5203016437590122
  landing: 0.85657699406147
  view-data: 3.350866761058569
