times:
  edit-metadata: 1.5140766762197018
  landing: 0.852470301091671
  view-data: 3.4548234585672617
