times:
  edit-metadata: 1.4796294309198856
  landing: 0.7974807117134333
  view-data: 3.4216643441468477
