times:
  edit-metadata: 1.8312069363892078
  landing: 1.091806124895811
  view-data: 3.3206685669720173
