times:
  edit-metadata: 1.541513916105032
  landing: 0.8477126676589251
  view-data: 3.469099633395672
