times:
  edit-metadata: 1.5919777769595385
  landing: 0.8817753978073597
  view-data: 3.401683248579502
