times:
  edit-metadata: 1.5777047835290432
  landing: 0.9911021701991558
  view-data: 3.445711649954319
