times:
  edit-metadata: 1.456793673336506
  landing: 1.0216925591230392
  view-data: 4.183862555772066
