times:
  edit-metadata: 1.5890478119254112
  landing: 0.9903878904879093
  view-data: 3.4292030557990074
