times:
  edit-metadata: 1.5136949643492699
  landing: 0.8821443580091
  view-data: 3.4371701814234257
