times:
  edit-metadata: 1.4834742099046707
  landing: 0.9454818889498711
  view-data: 3.3965924344956875
