times:
  edit-metadata: 1.5025994013994932
  landing: 0.8020039517432451
  view-data: 3.370880490168929
