times:
  edit-metadata: 1.580874104052782
  landing: 1.7813547439873219
  view-data: 3.512805674225092
