times:
  edit-metadata: 1.3770481646060944
  landing: 0.9183752946555614
  view-data: 3.3607150427997112
