times:
  edit-metadata: 1.5205804407596588
  landing: 0.7842833790928125
  view-data: 3.363579111173749
