times:
  edit-metadata: 1.510767862200737
  landing: 0.9362743236124516
  view-data: 3.415711209177971
