times:
  edit-metadata: 1.5246137715876102
  landing: 0.8402876276522875
  view-data: 3.4318132642656565
