times:
  edit-metadata: 1.664000902324915
  landing: 0.931027639657259
  view-data: 3.3947174921631813
