times:
  edit-metadata: 1.5686799697577953
  landing: 1.0564997382462025
  view-data: 3.3558071479201317
