times:
  edit-metadata: 1.427962962538004
  landing: 0.922515794634819
  view-data: 3.349620394408703
