times:
  edit-metadata: 1.4880086444318295
  landing: 0.8410790842026472
  view-data: 3.3429312892258167
