times:
  edit-metadata: 3.4605058394372463
  landing: 1.665637630969286
  view-data: 3.463731613010168
