times:
  edit-metadata: 1.4607335310429335
  landing: 0.8430340867489576
  view-data: 3.4448694828897715
