times:
  edit-metadata: 1.4521890245378017
  landing: 0.8654331415891647
  view-data: 3.346658393740654
