times:
  edit-metadata: 1.4283741489052773
  landing: 0.9712185300886631
  view-data: 3.4236017167568207
