times:
  edit-metadata: 1.4842475932091475
  landing: 0.8039176240563393
  view-data: 3.3656903859227896
