times:
  edit-metadata: 1.4397638365626335
  landing: 0.8694787360727787
  view-data: 3.3683775924146175
