times:
  edit-metadata: 1.5496272593736649
  landing: 0.800673097372055
  view-data: 3.443273266777396
