times:
  edit-metadata: 3.376195479184389
  landing: 2.4086566157639027
  view-data: 3.9122703671455383
