times:
  edit-metadata: 1.4304872080683708
  landing: 1.0529365055263042
  view-data: 3.387630045413971
