times:
  edit-metadata: 1.4214263893663883
  landing: 0.8846357241272926
  view-data: 3.322351463139057
