times:
  edit-metadata: 1.506930273026228
  landing: 0.9417073018848896
  view-data: 3.4129186645150185
