times:
  edit-metadata: 2.0001704283058643
  landing: 1.4479558914899826
  view-data: 3.828536592423916
