times:
  edit-metadata: 1.4595524445176125
  landing: 0.9978197291493416
  view-data: 3.385451816022396
