times:
  edit-metadata: 1.486785601824522
  landing: 0.7720219567418098
  view-data: 3.3698343373835087
