times:
  edit-metadata: 1.6141627356410027
  landing: 1.045469656586647
  view-data: 3.452510952949524
