times:
  edit-metadata: 1.5678771063685417
  landing: 0.9731611534953117
  view-data: 3.429029658436775
