times:
  edit-metadata: 1.5453461203724146
  landing: 0.7914427649229765
  view-data: 3.4052477832883596
