times:
  edit-metadata: 1.5161796379834414
  landing: 0.8271026164293289
  view-data: 3.4680032189935446
