times:
  edit-metadata: 1.527083396911621
  landing: 0.6956806592643261
  view-data: 3.3901729434728622
