times:
  edit-metadata: 1.5042985752224922
  landing: 0.8580586910247803
  view-data: 3.3606733605265617
