times:
  edit-metadata: 1.5166000351309776
  landing: 1.006737045943737
  view-data: 3.524844240397215
