times:
  edit-metadata: 1.636296607553959
  landing: 0.9427110627293587
  view-data: 3.4676076248288155
