times:
  edit-metadata: 1.574612071737647
  landing: 0.8057051748037338
  view-data: 3.3876018412411213
