times:
  edit-metadata: 1.5404635667800903
  landing: 0.9973818250000477
  view-data: 3.331988025456667
