times:
  edit-metadata: 1.5424522832036018
  landing: 1.0391958616673946
  view-data: 3.3915635868906975
