times:
  edit-metadata: 1.4441282991319895
  landing: 2.2524892669171095
  view-data: 3.406996825709939
