times:
  edit-metadata: 1.4989438243210316
  landing: 0.7708914931863546
  view-data: 3.387755447998643
