times:
  edit-metadata: 1.4163600821048021
  landing: 0.8017820529639721
  view-data: 3.44807830452919
