times:
  edit-metadata: 1.5750661939382553
  landing: 0.8763264007866383
  view-data: 3.400968385860324
