times:
  edit-metadata: 1.4582406282424927
  landing: 0.9727663137018681
  view-data: 3.429305698722601
