times:
  edit-metadata: 1.5910133011639118
  landing: 1.1918171010911465
  view-data: 3.4331727772951126
