times:
  edit-metadata: 1.364121250808239
  landing: 0.8986185416579247
  view-data: 3.662002205848694
