times:
  edit-metadata: 1.5387759078294039
  landing: 0.7806452997028828
  view-data: 3.424040462821722
