times:
  edit-metadata: 1.5917518325150013
  landing: 0.8393748626112938
  view-data: 3.4465754237025976
