times:
  edit-metadata: 1.5227199979126453
  landing: 0.9770011529326439
  view-data: 3.3806063942611217
