times:
  edit-metadata: 1.8468800112605095
  landing: 1.042655747383833
  view-data: 3.3531372398138046
