times:
  edit-metadata: 1.4297444708645344
  landing: 0.832209836691618
  view-data: 3.2713575065135956
