times:
  edit-metadata: 1.5261812917888165
  landing: 0.9824105873703957
  view-data: 3.2965288907289505
