times:
  edit-metadata: 1.4690369106829166
  landing: 0.9483801573514938
  view-data: 3.380436848849058
