times:
  edit-metadata: 1.4153286442160606
  landing: 0.9384692423045635
  view-data: 3.33332946524024
