times:
  edit-metadata: 1.5593143738806248
  landing: 0.8610881082713604
  view-data: 3.4154367446899414
