times:
  edit-metadata: 1.3551192805171013
  landing: 0.8580278754234314
  view-data: 3.2907336223870516
