times:
  edit-metadata: 1.503625851124525
  landing: 0.8201373163610697
  view-data: 3.422731202095747
