times:
  edit-metadata: 1.433141453191638
  landing: 0.8958692513406277
  view-data: 3.368295880034566
