times:
  edit-metadata: 1.6372869536280632
  landing: 1.0066670328378677
  view-data: 3.3918998911976814
