times:
  edit-metadata: 1.5092481672763824
  landing: 0.8931036666035652
  view-data: 3.3711728900671005
