times:
  edit-metadata: 1.5867605283856392
  landing: 0.8613408021628857
  view-data: 3.32887758128345
