times:
  edit-metadata: 1.484422042965889
  landing: 0.9053663276135921
  view-data: 3.349680446088314
