times:
  edit-metadata: 1.5262348987162113
  landing: 1.02333153039217
  view-data: 3.3569558039307594
