times:
  edit-metadata: 1.7240027114748955
  landing: 1.1369554363191128
  view-data: 3.4456775337457657
