times:
  edit-metadata: 1.4321702644228935
  landing: 0.8983005844056606
  view-data: 3.4019567742943764
