times:
  edit-metadata: 1.4094413630664349
  landing: 0.9461313895881176
  view-data: 3.3906677812337875
