times:
  edit-metadata: 1.5931466594338417
  landing: 0.9596978947520256
  view-data: 3.365813322365284
