times:
  edit-metadata: 1.3391874060034752
  landing: 1.006421085447073
  view-data: 3.336041033267975
