times:
  edit-metadata: 1.6344868205487728
  landing: 0.9530524499714375
  view-data: 3.368052065372467
