times:
  edit-metadata: 1.7965817376971245
  landing: 1.239682875573635
  view-data: 3.647866725921631
