times:
  edit-metadata: 1.5167619362473488
  landing: 0.7431862354278564
  view-data: 3.4926774576306343
