times:
  edit-metadata: 1.4233026206493378
  landing: 0.7836995348334312
  view-data: 3.304021641612053
