times:
  edit-metadata: 1.5106427296996117
  landing: 1.2828908935189247
  view-data: 3.497274301946163
