times:
  edit-metadata: 1.436150312423706
  landing: 0.7759923189878464
  view-data: 3.5100518316030502
