times:
  edit-metadata: 1.3735414817929268
  landing: 0.7813321053981781
  view-data: 3.5176399275660515
