times:
  edit-metadata: 1.3979214504361153
  landing: 0.7837859243154526
  view-data: 3.3827846720814705
