times:
  edit-metadata: 1.458765558898449
  landing: 0.7989583984017372
  view-data: 3.3001943230628967
