times:
  edit-metadata: 1.383353404700756
  landing: 0.7212840840220451
  view-data: 3.462713435292244
