times:
  edit-metadata: 1.3403223529458046
  landing: 0.7392376139760017
  view-data: 3.4890362545847893
