times:
  edit-metadata: 1.4603705406188965
  landing: 0.7712235301733017
  view-data: 3.4777751341462135
