times:
  edit-metadata: 1.4262801334261894
  landing: 0.7403876110911369
  view-data: 3.3589461520314217
