times:
  edit-metadata: 1.283428594470024
  landing: 0.915510781109333
  view-data: 3.316581629216671
