times:
  edit-metadata: 1.5189069285988808
  landing: 0.7924562469124794
  view-data: 3.5776987597346306
