times:
  edit-metadata: 1.4335762709379196
  landing: 0.7750245779752731
  view-data: 3.4773763567209244
