times:
  edit-metadata: 1.3894188106060028
  landing: 0.7449004948139191
  view-data: 3.546603210270405
