times:
  edit-metadata: 1.4124937132000923
  landing: 0.7748187929391861
  view-data: 3.403866194188595
