times:
  edit-metadata: 1.466243676841259
  landing: 0.9097530767321587
  view-data: 3.4665035605430603
