times:
  edit-metadata: 1.4309327080845833
  landing: 0.7907138243317604
  view-data: 3.5334490463137627
