times:
  edit-metadata: 1.4935893788933754
  landing: 0.7909303456544876
  view-data: 3.3493097722530365
