times:
  edit-metadata: 1.3371264711022377
  landing: 0.771052211523056
  view-data: 3.3243575915694237
