times:
  edit-metadata: 1.4927451834082603
  landing: 0.775401346385479
  view-data: 3.485080733895302
