times:
  edit-metadata: 1.454669527709484
  landing: 0.7677973657846451
  view-data: 3.5264945030212402
