times:
  edit-metadata: 1.3079427853226662
  landing: 0.727141946554184
  view-data: 3.4287759214639664
