times:
  edit-metadata: 2.615320473909378
  landing: 1.1626107543706894
  view-data: 3.4363823756575584
