times:
  edit-metadata: 1.4789452254772186
  landing: 0.8237487226724625
  view-data: 3.299077570438385
