times:
  edit-metadata: 1.4940381944179535
  landing: 0.7195832282304764
  view-data: 3.5401905477046967
