times:
  edit-metadata: 2.1383934915065765
  landing: 1.326050691306591
  view-data: 3.533727578818798
