times:
  edit-metadata: 2.8091957569122314
  landing: 2.091461531817913
  view-data: 3.922530822455883
