times:
  edit-metadata: 1.410767987370491
  landing: 0.7931138426065445
  view-data: 3.473842851817608
