times:
  edit-metadata: 1.437384493649006
  landing: 0.7557995915412903
  view-data: 3.4566613882780075
