times:
  edit-metadata: 1.328481413424015
  landing: 0.7504845932126045
  view-data: 3.415948063135147
