times:
  edit-metadata: 1.365593895316124
  landing: 0.7252998426556587
  view-data: 3.468018800020218
