times:
  edit-metadata: 1.3871488645672798
  landing: 0.7734722942113876
  view-data: 3.3268304467201233
