times:
  edit-metadata: 1.4989095479249954
  landing: 0.7385030537843704
  view-data: 3.4876855611801147
