times:
  edit-metadata: 1.212143674492836
  landing: 0.9344977885484695
  view-data: 3.445228084921837
