times:
  edit-metadata: 1.3830464258790016
  landing: 0.7421283349394798
  view-data: 3.3623893409967422
