times:
  edit-metadata: 1.5192755237221718
  landing: 0.7813650518655777
  view-data: 3.5440676659345627
