times:
  edit-metadata: 1.4123999774456024
  landing: 0.8960335031151772
  view-data: 3.5453672856092453
