times:
  edit-metadata: 1.3514542952179909
  landing: 0.7248749658465385
  view-data: 3.4070922881364822
