times:
  edit-metadata: 1.4642464965581894
  landing: 0.8518858924508095
  view-data: 3.5280914455652237
