times:
  edit-metadata: 1.5591622740030289
  landing: 0.991372361779213
  view-data: 3.558178022503853
