times:
  edit-metadata: 1.4849005341529846
  landing: 0.7965574488043785
  view-data: 3.3481728062033653
