times:
  edit-metadata: 1.5178629383444786
  landing: 0.845427967607975
  view-data: 3.300576388835907
