times:
  edit-metadata: 1.5009179934859276
  landing: 0.764997772872448
  view-data: 3.289714589715004
