times:
  edit-metadata: 1.709490142762661
  landing: 0.8278869017958641
  view-data: 3.339148260653019
