times:
  edit-metadata: 1.4417193830013275
  landing: 0.7175746262073517
  view-data: 3.520992398262024
