times:
  edit-metadata: 1.3652333170175552
  landing: 0.8406401500105858
  view-data: 3.5532485246658325
