times:
  edit-metadata: 1.555619664490223
  landing: 0.8098740875720978
  view-data: 3.449842758476734
