times:
  edit-metadata: 1.4297801181674004
  landing: 0.7233827784657478
  view-data: 3.5513708665966988
