times:
  edit-metadata: 1.6144105345010757
  landing: 0.9148881062865257
  view-data: 3.3755008205771446
