times:
  edit-metadata: 1.4425709545612335
  landing: 0.7188821211457253
  view-data: 3.4930958598852158
