times:
  edit-metadata: 1.4039247334003448
  landing: 0.7792036607861519
  view-data: 3.4674180671572685
