times:
  edit-metadata: 1.83677426725626
  landing: 1.2277434468269348
  view-data: 3.398640565574169
