times:
  edit-metadata: 1.856104589998722
  landing: 0.9769111275672913
  view-data: 3.7303832843899727
