times:
  edit-metadata: 1.4440994709730148
  landing: 0.815239928662777
  view-data: 3.5427762418985367
