times:
  edit-metadata: 1.3349238336086273
  landing: 0.7184819430112839
  view-data: 3.4447957798838615
