times:
  edit-metadata: 1.5284019336104393
  landing: 0.817386656999588
  view-data: 3.6148257330060005
