times:
  edit-metadata: 1.5116537883877754
  landing: 0.7766150236129761
  view-data: 3.557827465236187
