times:
  edit-metadata: 1.5103247463703156
  landing: 0.8604930117726326
  view-data: 3.536626622080803
