times:
  edit-metadata: 1.4041394367814064
  landing: 0.7741925194859505
  view-data: 3.436368115246296
