times:
  edit-metadata: 1.3890902772545815
  landing: 0.7490017339587212
  view-data: 3.4758982211351395
