times:
  edit-metadata: 1.7116381004452705
  landing: 0.9383989199995995
  view-data: 3.5395192578434944
