times:
  edit-metadata: 1.4562133103609085
  landing: 0.7720414102077484
  view-data: 3.5307310596108437
