times:
  edit-metadata: 1.3330659717321396
  landing: 0.785973384976387
  view-data: 3.3119502514600754
