times:
  edit-metadata: 1.5563681796193123
  landing: 0.7415021732449532
  view-data: 3.4242447540163994
