times:
  edit-metadata: 1.4945670515298843
  landing: 1.1294723153114319
  view-data: 3.4720259830355644
