times:
  edit-metadata: 1.7345416322350502
  landing: 0.9448921829462051
  view-data: 3.420017324388027
