times:
  edit-metadata: 1.522817775607109
  landing: 0.7267290279269218
  view-data: 3.4588612020015717
