times:
  edit-metadata: 1.4769159033894539
  landing: 0.7538167089223862
  view-data: 3.499873787164688
