times:
  edit-metadata: 1.5300609916448593
  landing: 0.8256174474954605
  view-data: 3.3749110996723175
