times:
  edit-metadata: 1.6326359659433365
  landing: 0.8570429310202599
  view-data: 3.3319330364465714
