times:
  edit-metadata: 1.4319851621985435
  landing: 0.8353107795119286
  view-data: 3.530309483408928
