times:
  edit-metadata: 1.4073831290006638
  landing: 0.9437648802995682
  view-data: 3.46426559984684
