times:
  edit-metadata: 1.4389800652861595
  landing: 0.76927600055933
  view-data: 3.421941325068474
