times:
  edit-metadata: 1.5291399732232094
  landing: 0.6764111667871475
  view-data: 3.4782595336437225
