times:
  edit-metadata: 1.7138614505529404
  landing: 0.7993899807333946
  view-data: 3.517060160636902
