times:
  edit-metadata: 1.4280980750918388
  landing: 0.730696365237236
  view-data: 3.531264953315258
