times:
  edit-metadata: 1.501362219452858
  landing: 0.75323336571455
  view-data: 3.473390370607376
