times:
  edit-metadata: 1.3804084658622742
  landing: 0.7968152016401291
  view-data: 3.5390883684158325
