times:
  edit-metadata: 1.3572733998298645
  landing: 0.9827930480241776
  view-data: 3.4455441609025
