times:
  edit-metadata: 1.4853675812482834
  landing: 0.8703491240739822
  view-data: 3.3208104372024536
