times:
  edit-metadata: 1.4669787213206291
  landing: 0.7004689797759056
  view-data: 3.482515573501587
