times:
  edit-metadata: 1.4253785982728004
  landing: 0.7130077183246613
  view-data: 3.429342322051525
