times:
  edit-metadata: 1.9840877130627632
  landing: 1.2731738835573196
  view-data: 3.4675391614437103
