times:
  edit-metadata: 1.4753050655126572
  landing: 1.0041117370128632
  view-data: 3.5111986845731735
