times:
  edit-metadata: 1.4533152729272842
  landing: 0.7073000371456146
  view-data: 3.5156790763139725
