times:
  edit-metadata: 1.4467233568429947
  landing: 0.8415157198905945
  view-data: 3.531651459634304
