times:
  edit-metadata: 1.385703131556511
  landing: 0.8012773543596268
  view-data: 3.4866194799542427
