times:
  edit-metadata: 1.368639312684536
  landing: 0.7404246777296066
  view-data: 3.555961087346077
