times:
  edit-metadata: 1.490599274635315
  landing: 0.948660172522068
  view-data: 3.5088211819529533
