times:
  edit-metadata: 1.5608629658818245
  landing: 1.0927061885595322
  view-data: 3.5064821541309357
