times:
  edit-metadata: 1.3513410538434982
  landing: 0.8606971204280853
  view-data: 3.4741628021001816
