times:
  edit-metadata: 2.1175052747130394
  landing: 1.2463758029043674
  view-data: 1.0045085959136486
