times:
  edit-metadata: 2.569177094846964
  landing: 2.053039375692606
  view-data: 3.4440891966223717
