times:
  edit-metadata: 1.4440579451620579
  landing: 1.0609873719513416
  view-data: 3.3798854872584343
