times:
  edit-metadata: 2.568117693066597
  landing: 1.604345329105854
  view-data: 3.696521483361721
