times:
  edit-metadata: 1.8552452065050602
  landing: 1.249746311455965
  view-data: 1.000849973410368
