times:
  edit-metadata: 1.4384181126952171
  landing: 0.828551210463047
  view-data: 3.4730651900172234
