times:
  edit-metadata: 1.2844344079494476
  landing: 0.8632960170507431
  view-data: 3.316249266266823
