times:
  edit-metadata: 1.4053651466965675
  landing: 0.959118515253067
  view-data: 3.4829770401120186
