times:
  edit-metadata: 1.9114993140101433
  landing: 1.2572247311472893
  view-data: 3.2732963413000107
