times:
  edit-metadata: 2.2757776081562042
  landing: 1.7360046729445457
  view-data: 3.384334370493889
