times:
  edit-metadata: 1.495740432292223
  landing: 0.9341221451759338
  view-data: 3.3473210893571377
