times:
  edit-metadata: 1.2446071654558182
  landing: 0.951761357486248
  view-data: 3.426140621304512
