times:
  edit-metadata: 1.2820921540260315
  landing: 0.7812664918601513
  view-data: 3.357745483517647
