times:
  edit-metadata: 1.8537324480712414
  landing: 1.1416964046657085
  view-data: 3.27760861068964
