times:
  edit-metadata: 2.4892737194895744
  landing: 1.3626148737967014
  view-data: 3.398186769336462
