times:
  edit-metadata: 1.385097973048687
  landing: 1.163533017039299
  view-data: 3.4593337923288345
