times:
  edit-metadata: 1.4065135270357132
  landing: 0.8321428522467613
  view-data: 3.4921792671084404
