times:
  edit-metadata: 1.8782270811498165
  landing: 1.0207360945641994
  view-data: 3.265542346984148
