times:
  edit-metadata: 1.424036480486393
  landing: 0.8646266013383865
  view-data: 3.4911689534783363
