times:
  edit-metadata: 1.7714024782180786
  landing: 0.8772684410214424
  view-data: 3.433847337961197
