times:
  edit-metadata: 1.3908571861684322
  landing: 0.8453321382403374
  view-data: 3.3154505491256714
