times:
  edit-metadata: 2.530136749148369
  landing: 1.5398457236588001
  view-data: 0.9162434935569763
