times:
  edit-metadata: 1.5009476095438004
  landing: 0.9088435545563698
  view-data: 3.330466464161873
