times:
  edit-metadata: 1.4044470936059952
  landing: 0.7576374411582947
  view-data: 3.3944176658988
