times:
  edit-metadata: 1.2976115047931671
  landing: 0.9463771916925907
  view-data: 3.2741064727306366
