times:
  edit-metadata: 1.4916455559432507
  landing: 0.9353216215968132
  view-data: 3.385250300168991
