times:
  edit-metadata: 1.371646672487259
  landing: 0.9932118952274323
  view-data: 3.4574075639247894
