times:
  edit-metadata: 2.120021566748619
  landing: 1.151498056948185
  view-data: 3.6124787256121635
