times:
  edit-metadata: 1.3049940913915634
  landing: 0.8766446113586426
  view-data: 3.335320584475994
