times:
  edit-metadata: 1.3774604126811028
  landing: 0.8023782670497894
  view-data: 3.410441532731056
