times:
  edit-metadata: 1.2867219522595406
  landing: 0.8250324502587318
  view-data: 3.432351790368557
