times:
  edit-metadata: 1.4530709758400917
  landing: 0.9163647815585136
  view-data: 3.4755457937717438
