times:
  edit-metadata: 1.5228460058569908
  landing: 0.9491605535149574
  view-data: 3.42886221408844
