times:
  edit-metadata: 1.372604139149189
  landing: 0.822482667863369
  view-data: 3.2965928316116333
