times:
  edit-metadata: 1.7800606675446033
  landing: 1.257307831197977
  view-data: 3.2984650880098343
