times:
  edit-metadata: 1.333747036755085
  landing: 0.9348126947879791
  view-data: 3.278050199151039
