times:
  edit-metadata: 1.3718579187989235
  landing: 0.9484676942229271
  view-data: 3.40775416046381
