times:
  edit-metadata: 1.8970246389508247
  landing: 1.174650277942419
  view-data: 3.336156729608774
