times:
  edit-metadata: 1.3452943488955498
  landing: 0.9192659705877304
  view-data: 3.3728524670004845
