times:
  edit-metadata: 2.0002668276429176
  landing: 1.0372354984283447
  view-data: 3.5438848584890366
