times:
  edit-metadata: 1.375446129590273
  landing: 0.9637565575540066
  view-data: 3.3694497644901276
