times:
  edit-metadata: 1.6775707751512527
  landing: 1.101987972855568
  view-data: 3.5829172134399414
