times:
  edit-metadata: 1.4238774254918098
  landing: 0.922552689909935
  view-data: 3.4929805248975754
