times:
  edit-metadata: 1.3596300035715103
  landing: 0.8456872701644897
  view-data: 3.3039435669779778
