times:
  edit-metadata: 1.5299935713410378
  landing: 1.2815260663628578
  view-data: 3.421573393046856
