times:
  edit-metadata: 1.8517701365053654
  landing: 1.0646294131875038
  view-data: 3.3612824119627476
