times:
  edit-metadata: 1.311876431107521
  landing: 0.8218086808919907
  view-data: 3.313697434961796
