times:
  edit-metadata: 1.4853020533919334
  landing: 0.898829273879528
  view-data: 3.360030807554722
