times:
  edit-metadata: 1.2826478108763695
  landing: 0.934081107378006
  view-data: 3.318529963493347
