times:
  edit-metadata: 1.4479199647903442
  landing: 0.8233231455087662
  view-data: 3.4710732102394104
