times:
  edit-metadata: 1.8950078710913658
  landing: 1.17042301222682
  view-data: 3.292430303990841
