times:
  edit-metadata: 1.4231851398944855
  landing: 1.0854392424225807
  view-data: 3.4547054693102837
