times:
  edit-metadata: 2.9979599192738533
  landing: 1.5699980072677135
  view-data: 3.7443903498351574
