times:
  edit-metadata: 1.2766498029232025
  landing: 0.8688617050647736
  view-data: 3.3044310584664345
