times:
  edit-metadata: 1.863263912498951
  landing: 1.1037670336663723
  view-data: 3.3023706786334515
