times:
  edit-metadata: 1.465873971581459
  landing: 0.9345163926482201
  view-data: 3.377685584127903
