times:
  edit-metadata: 1.8301011733710766
  landing: 1.2189323715865612
  view-data: 3.261597566306591
