times:
  edit-metadata: 1.8461928851902485
  landing: 1.1497997716069221
  view-data: 3.2953504100441933
