times:
  edit-metadata: 1.924626350402832
  landing: 1.428595095872879
  view-data: 3.5406983345746994
