times:
  edit-metadata: 1.8077945113182068
  landing: 1.1214453391730785
  view-data: 3.262638956308365
