times:
  edit-metadata: 1.2341396734118462
  landing: 0.9045742303133011
  view-data: 3.4799469858407974
