times:
  edit-metadata: 1.4625772312283516
  landing: 0.8680092170834541
  view-data: 3.354384794831276
