times:
  edit-metadata: 1.301278606057167
  landing: 0.9202887192368507
  view-data: 3.331627383828163
