times:
  edit-metadata: 1.5319572389125824
  landing: 1.098608322441578
  view-data: 3.6838612258434296
