times:
  edit-metadata: 1.2763012275099754
  landing: 1.0445420369505882
  view-data: 3.482248693704605
