times:
  edit-metadata: 2.0521449521183968
  landing: 1.358900472521782
  view-data: 3.4307122342288494
