times:
  edit-metadata: 1.421718530356884
  landing: 1.169068768620491
  view-data: 3.486079230904579
