times:
  edit-metadata: 1.3460914716124535
  landing: 0.9974944069981575
  view-data: 3.4704684615135193
