times:
  edit-metadata: 1.544790931046009
  landing: 1.2116110287606716
  view-data: 3.3404527381062508
