times:
  edit-metadata: 1.2252792939543724
  landing: 0.7989116087555885
  view-data: 3.4232307523489
