times:
  edit-metadata: 1.6644735783338547
  landing: 1.0045847371220589
  view-data: 3.3178401440382004
