times:
  edit-metadata: 1.6040825247764587
  landing: 1.0161964520812035
  view-data: 3.6719169542193413
