times:
  edit-metadata: 1.802804570645094
  landing: 1.1887300312519073
  view-data: 1.0135585106909275
