times:
  edit-metadata: 1.5978983715176582
  landing: 1.2308664955198765
  view-data: 3.273729093372822
