times:
  edit-metadata: 1.4089177623391151
  landing: 1.341939926147461
  view-data: 3.4035482481122017
