times:
  edit-metadata: 1.8457417525351048
  landing: 1.2738960050046444
  view-data: 3.314850937575102
