times:
  edit-metadata: 1.8583615496754646
  landing: 1.410450518131256
  view-data: 3.3763067424297333
