times:
  edit-metadata: 1.868150532245636
  landing: 1.330305341631174
  view-data: 0.9521228969097137
