times:
  edit-metadata: 1.2992359101772308
  landing: 0.8800415843725204
  view-data: 3.536125674843788
