times:
  edit-metadata: 1.350625865161419
  landing: 0.7914802804589272
  view-data: 3.4101925790309906
