times:
  edit-metadata: 1.3806465119123459
  landing: 1.004880890250206
  view-data: 3.4149540662765503
