times:
  edit-metadata: 2.7445815727114677
  landing: 1.1073728948831558
  view-data: 3.340119242668152
