times:
  edit-metadata: 1.8810630328953266
  landing: 1.2031427100300789
  view-data: 3.2986683286726475
