times:
  edit-metadata: 1.8980799727141857
  landing: 1.238822128623724
  view-data: 3.309813752770424
