times:
  edit-metadata: 2.1587251611053944
  landing: 2.021553497761488
  view-data: 3.291217587888241
