times:
  edit-metadata: 1.3595593646168709
  landing: 0.83711938560009
  view-data: 3.308208979666233
