times:
  edit-metadata: 1.7075772881507874
  landing: 1.2114715054631233
  view-data: 3.4001360684633255
