times:
  edit-metadata: 1.2836977243423462
  landing: 0.7546527981758118
  view-data: 3.4779024198651314
