times:
  edit-metadata: 1.4159896820783615
  landing: 1.0171269625425339
  view-data: 3.4729149490594864
