times:
  edit-metadata: 1.4440012574195862
  landing: 0.936167024075985
  view-data: 3.460847355425358
