times:
  edit-metadata: 1.4171677976846695
  landing: 1.1488456651568413
  view-data: 3.4255928322672844
