times:
  edit-metadata: 1.4417456723749638
  landing: 0.9623094499111176
  view-data: 3.4315878227353096
