times:
  edit-metadata: 1.3933568820357323
  landing: 0.8824157193303108
  view-data: 3.4745786488056183
