times:
  edit-metadata: 1.4123125970363617
  landing: 0.927943043410778
  view-data: 3.400017961859703
