times:
  edit-metadata: 1.5112147070467472
  landing: 0.8979939594864845
  view-data: 3.3131889030337334
