times:
  edit-metadata: 1.4345306009054184
  landing: 0.8377515226602554
  view-data: 3.325352482497692
