times:
  edit-metadata: 1.9653788059949875
  landing: 1.2393594793975353
  view-data: 3.4303886517882347
