times:
  edit-metadata: 1.9194780625402927
  landing: 1.1571268253028393
  view-data: 1.0265675485134125
