times:
  edit-metadata: 1.4021703898906708
  landing: 0.9447804242372513
  view-data: 3.492990054190159
