times:
  edit-metadata: 1.4362470135092735
  landing: 1.2182111516594887
  view-data: 3.4849185720086098
