times:
  edit-metadata: 1.311498872935772
  landing: 0.8483675494790077
  view-data: 3.294276013970375
