times:
  edit-metadata: 1.2301288023591042
  landing: 0.886533722281456
  view-data: 3.3789010643959045
