times:
  edit-metadata: 1.3995044976472855
  landing: 0.8646517470479012
  view-data: 3.5122961327433586
