times:
  edit-metadata: 1.4279770627617836
  landing: 0.9611959829926491
  view-data: 3.463370569050312
