times:
  edit-metadata: 1.5383298210799694
  landing: 1.0889326110482216
  view-data: 3.292800884693861
