times:
  edit-metadata: 1.8365549817681313
  landing: 1.0615681409835815
  view-data: 3.318743947893381
