times:
  edit-metadata: 1.790340844541788
  landing: 1.3740603253245354
  view-data: 3.2969527542591095
