times:
  edit-metadata: 2.1434281170368195
  landing: 1.1873170770704746
  view-data: 3.308807745575905
