times:
  edit-metadata: 1.3802899718284607
  landing: 0.888423278927803
  view-data: 3.4893982112407684
