times:
  edit-metadata: 1.3732872158288956
  landing: 0.8244084492325783
  view-data: 3.3798499777913094
