times:
  edit-metadata: 1.3672580122947693
  landing: 0.7487260773777962
  view-data: 3.2918252497911453
