times:
  edit-metadata: 1.4408359751105309
  landing: 0.8604991361498833
  view-data: 3.439874142408371
