times:
  edit-metadata: 1.4801402613520622
  landing: 1.1862896382808685
  view-data: 3.3474117033183575
