times:
  edit-metadata: 1.2740526124835014
  landing: 0.8843292444944382
  view-data: 3.300921082496643
