times:
  edit-metadata: 1.71310493350029
  landing: 1.0849120616912842
  view-data: 3.5174963772296906
