times:
  edit-metadata: 1.873280357569456
  landing: 1.3238971456885338
  view-data: 3.408063594251871
