times:
  edit-metadata: 1.4375981986522675
  landing: 0.9042502790689468
  view-data: 3.411380812525749
