times:
  edit-metadata: 1.8361726254224777
  landing: 0.8776226565241814
  view-data: 3.4522730335593224
