times:
  edit-metadata: 1.2796010300517082
  landing: 0.8266059458255768
  view-data: 3.4921287447214127
