times:
  edit-metadata: 1.9357139952480793
  landing: 1.0388656072318554
  view-data: 3.370716080069542
