times:
  edit-metadata: 1.902073334902525
  landing: 1.2978400252759457
  view-data: 1.0176659487187862
