times:
  edit-metadata: 1.721522431820631
  landing: 1.1513000950217247
  view-data: 3.336317751556635
