times:
  edit-metadata: 1.7958937138319016
  landing: 1.0437275171279907
  view-data: 3.617203876376152
