times:
  edit-metadata: 1.9903968162834644
  landing: 1.3265566192567348
  view-data: 3.38718306645751
