times:
  edit-metadata: 2.246092177927494
  landing: 1.0258008241653442
  view-data: 3.4420913457870483
