times:
  edit-metadata: 1.8879371546208858
  landing: 1.143688939511776
  view-data: 3.3692729584872723
