times:
  edit-metadata: 1.370702687650919
  landing: 0.8193192109465599
  view-data: 3.2890534289181232
