times:
  edit-metadata: 2.2059426605701447
  landing: 1.0943235009908676
  view-data: 3.4836236611008644
