times:
  edit-metadata: 1.4205777570605278
  landing: 0.9686379134654999
  view-data: 3.448289029300213
