times:
  edit-metadata: 1.7643257342278957
  landing: 1.1911709904670715
  view-data: 3.2947272807359695
