times:
  edit-metadata: 1.3880005404353142
  landing: 0.7906971015036106
  view-data: 3.274633292108774
