times:
  edit-metadata: 1.4204202145338058
  landing: 0.9688380435109138
  view-data: 3.4822595566511154
