times:
  edit-metadata: 1.8081392981112003
  landing: 1.0776220634579659
  view-data: 3.3412425071001053
