times:
  edit-metadata: 1.2267017289996147
  landing: 0.8272023051977158
  view-data: 3.43750911206007
