times:
  edit-metadata: 2.0286417677998543
  landing: 1.132197491824627
  view-data: 3.6369987577199936
