times:
  edit-metadata: 1.2970075234770775
  landing: 0.9507372826337814
  view-data: 3.4078338518738747
