times:
  edit-metadata: 1.95224017649889
  landing: 1.0123496353626251
  view-data: 3.2706963047385216
