times:
  edit-metadata: 1.351390853524208
  landing: 0.8444322347640991
  view-data: 3.4001423865556717
