times:
  edit-metadata: 1.9339166171848774
  landing: 1.4049032889306545
  view-data: 3.347334697842598
