times:
  edit-metadata: 1.8317226395010948
  landing: 1.1790874861180782
  view-data: 1.1003822721540928
