times:
  edit-metadata: 1.41119834035635
  landing: 0.857198603451252
  view-data: 3.814284957945347
