times:
  edit-metadata: 1.2833912298083305
  landing: 0.9120709523558617
  view-data: 3.505970984697342
