times:
  edit-metadata: 1.396416798233986
  landing: 0.9719168320298195
  view-data: 3.3249800950288773
