times:
  edit-metadata: 2.0633264146745205
  landing: 1.0895428992807865
  view-data: 3.4129733443260193
