times:
  edit-metadata: 2.276295304298401
  landing: 1.508595548570156
  view-data: 3.8153361082077026
