times:
  edit-metadata: 1.6411708369851112
  landing: 0.9127748161554337
  view-data: 3.43078625947237
