times:
  edit-metadata: 1.408744104206562
  landing: 0.8844335600733757
  view-data: 3.411980427801609
