times:
  edit-metadata: 1.3169601075351238
  landing: 0.8695369586348534
  view-data: 3.3420945964753628
