times:
  edit-metadata: 1.3815565183758736
  landing: 0.8062004894018173
  view-data: 3.4662349447607994
