times:
  edit-metadata: 1.9405228793621063
  landing: 1.250592291355133
  view-data: 3.3129512444138527
