times:
  edit-metadata: 1.4866105392575264
  landing: 0.72320556640625
  view-data: 3.473095655441284
