times:
  edit-metadata: 1.3915583118796349
  landing: 0.7286902666091919
  view-data: 3.4950176030397415
