times:
  edit-metadata: 1.448267862200737
  landing: 0.9882543236017227
  view-data: 3.3445121943950653
