times:
  edit-metadata: 1.4064758345484734
  landing: 0.7293212562799454
  view-data: 3.3565100505948067
