times:
  edit-metadata: 1.3605341091752052
  landing: 0.8097525835037231
  view-data: 3.4460284039378166
