times:
  edit-metadata: 1.5441552475094795
  landing: 0.7140979468822479
  view-data: 3.490394003689289
