times:
  edit-metadata: 1.3551195561885834
  landing: 0.7776907458901405
  view-data: 3.4998709335923195
