times:
  edit-metadata: 1.4415330737829208
  landing: 0.7413530796766281
  view-data: 3.3831864669919014
