times:
  edit-metadata: 1.4326882511377335
  landing: 0.8690319955348969
  view-data: 3.356682799756527
