times:
  edit-metadata: 1.4440230205655098
  landing: 0.771719254553318
  view-data: 3.4934056997299194
