times:
  edit-metadata: 1.4761447235941887
  landing: 0.7746707946062088
  view-data: 3.445510447025299
