times:
  edit-metadata: 1.3573632314801216
  landing: 0.7961099520325661
  view-data: 3.27871722728014
