times:
  edit-metadata: 1.4984791800379753
  landing: 0.8175222277641296
  view-data: 3.3015773445367813
