times:
  edit-metadata: 2.6771847754716873
  landing: 1.3948614299297333
  view-data: 3.876285992562771
