times:
  edit-metadata: 1.443418212234974
  landing: 0.8043093234300613
  view-data: 3.486231207847595
