times:
  edit-metadata: 1.4969649985432625
  landing: 0.7299488261342049
  view-data: 3.5335058346390724
