times:
  edit-metadata: 1.8515562042593956
  landing: 0.956760048866272
  view-data: 3.3168042227625847
