times:
  edit-metadata: 1.3965569287538528
  landing: 0.7510565966367722
  view-data: 3.4996019452810287
