times:
  edit-metadata: 1.4784878492355347
  landing: 0.7773537710309029
  view-data: 3.4284282848238945
