times:
  edit-metadata: 1.506466418504715
  landing: 0.7865624204277992
  view-data: 3.4661970734596252
