times:
  edit-metadata: 1.3373693525791168
  landing: 0.7356897592544556
  view-data: 3.4914033338427544
