times:
  edit-metadata: 1.3302888199687004
  landing: 0.7990681380033493
  view-data: 3.5042648166418076
