times:
  edit-metadata: 1.6170735731720924
  landing: 0.7943673655390739
  view-data: 3.3749305829405785
