times:
  edit-metadata: 1.4235814064741135
  landing: 0.7709038481116295
  view-data: 3.5223249197006226
