times:
  edit-metadata: 1.427222564816475
  landing: 0.8096866980195045
  view-data: 3.382466360926628
