times:
  edit-metadata: 1.4245109930634499
  landing: 0.7801420912146568
  view-data: 3.456115312874317
