times:
  edit-metadata: 1.496908612549305
  landing: 0.8206479176878929
  view-data: 3.529805652797222
