times:
  edit-metadata: 1.5288058444857597
  landing: 0.6907606422901154
  view-data: 3.292746238410473
