times:
  edit-metadata: 1.4233010783791542
  landing: 0.683676578104496
  view-data: 3.4937555342912674
