times:
  edit-metadata: 1.5052679404616356
  landing: 0.7684560641646385
  view-data: 3.4851291850209236
