times:
  edit-metadata: 1.4491981267929077
  landing: 0.7355934232473373
  view-data: 3.4812372997403145
