times:
  edit-metadata: 1.4944817945361137
  landing: 0.99662796407938
  view-data: 3.52520402520895
