times:
  edit-metadata: 1.3929831832647324
  landing: 0.795499786734581
  view-data: 3.4713991209864616
