times:
  edit-metadata: 1.47194704413414
  landing: 0.7392920404672623
  view-data: 3.440411925315857
