times:
  edit-metadata: 1.1496883481740952
  landing: 0.7491597458720207
  view-data: 3.370385244488716
