times:
  edit-metadata: 1.4108090996742249
  landing: 0.7723479941487312
  view-data: 3.426514558494091
