times:
  edit-metadata: 1.372894212603569
  landing: 0.7011153399944305
  view-data: 3.4651396721601486
