times:
  edit-metadata: 2.177526593208313
  landing: 1.4845935627818108
  view-data: 3.4749635830521584
