times:
  edit-metadata: 1.4693193510174751
  landing: 1.136734388768673
  view-data: 3.657771870493889
