times:
  edit-metadata: 1.4996190518140793
  landing: 0.7754079848527908
  view-data: 3.306291602551937
