times:
  edit-metadata: 1.4084328636527061
  landing: 0.8537595644593239
  view-data: 3.487456649541855
