times:
  edit-metadata: 1.3775890544056892
  landing: 0.7689207121729851
  view-data: 3.5045094937086105
