times:
  edit-metadata: 1.5170220732688904
  landing: 0.7740023136138916
  view-data: 3.3330319225788116
