times:
  edit-metadata: 1.8105422630906105
  landing: 0.8518657088279724
  view-data: 3.576450690627098
