times:
  edit-metadata: 1.377554103732109
  landing: 0.7303812354803085
  view-data: 3.4847685173153877
