times:
  edit-metadata: 1.4078681245446205
  landing: 0.7182508856058121
  view-data: 3.4933235347270966
