times:
  edit-metadata: 1.386215202510357
  landing: 0.781565934419632
  view-data: 3.4681160375475883
