times:
  edit-metadata: 1.4508836045861244
  landing: 0.7223434671759605
  view-data: 3.370365686714649
