times:
  edit-metadata: 1.4518776834011078
  landing: 0.8802129030227661
  view-data: 3.2853488996624947
