times:
  edit-metadata: 1.7060069665312767
  landing: 1.005637913942337
  view-data: 3.5018815845251083
