times:
  edit-metadata: 1.3552171885967255
  landing: 0.7011412903666496
  view-data: 3.4446632340550423
