times:
  edit-metadata: 2.1248878464102745
  landing: 1.2014847174286842
  view-data: 3.4076637104153633
