times:
  edit-metadata: 1.508712999522686
  landing: 0.7290236055850983
  view-data: 3.4747378453612328
