times:
  edit-metadata: 1.4236897379159927
  landing: 1.0415606275200844
  view-data: 3.536281742155552
