times:
  edit-metadata: 1.3863414749503136
  landing: 0.7614173963665962
  view-data: 3.5683666840195656
