times:
  edit-metadata: 1.4276985451579094
  landing: 0.7439343705773354
  view-data: 3.451506681740284
