times:
  edit-metadata: 1.4064521044492722
  landing: 0.750919334590435
  view-data: 3.5492654591798782
