times:
  edit-metadata: 1.5323254391551018
  landing: 1.3394646123051643
  view-data: 3.3570859879255295
