times:
  edit-metadata: 1.4112099409103394
  landing: 0.7958094552159309
  view-data: 3.4619744047522545
