times:
  edit-metadata: 1.3707777857780457
  landing: 0.7907965406775475
  view-data: 3.461426004767418
