times:
  edit-metadata: 1.5643210411071777
  landing: 0.846624068915844
  view-data: 3.4434731230139732
