times:
  edit-metadata: 1.4151839688420296
  landing: 0.7963868975639343
  view-data: 3.3130662366747856
