times:
  edit-metadata: 1.33350969851017
  landing: 0.7468846887350082
  view-data: 3.528318114578724
