times:
  edit-metadata: 1.4467855989933014
  landing: 0.8410816788673401
  view-data: 3.3352954983711243
