times:
  edit-metadata: 1.4347646459937096
  landing: 0.810465969145298
  view-data: 3.469220943748951
