times:
  edit-metadata: 1.7306571900844574
  landing: 1.1455420032143593
  view-data: 3.5576994717121124
