times:
  edit-metadata: 1.4398760125041008
  landing: 0.6875928044319153
  view-data: 3.458640567958355
