times:
  edit-metadata: 1.9023855924606323
  landing: 1.1432810723781586
  view-data: 3.5417244657874107
