times:
  edit-metadata: 1.4078545644879341
  landing: 0.743395984172821
  view-data: 3.342082753777504
