times:
  edit-metadata: 1.4499782845377922
  landing: 0.7880519181489944
  view-data: 3.371678240597248
