times:
  edit-metadata: 1.3994494304060936
  landing: 0.7675450295209885
  view-data: 3.3885854333639145
