times:
  edit-metadata: 1.5691598430275917
  landing: 0.8074458539485931
  view-data: 3.3190744444727898
