times:
  edit-metadata: 1.390606313943863
  landing: 0.7413010522723198
  view-data: 3.454779803752899
