times:
  edit-metadata: 1.4459512680768967
  landing: 0.7089873477816582
  view-data: 3.3714713752269745
