times:
  edit-metadata: 1.5258486792445183
  landing: 0.7184150889515877
  view-data: 3.4184940680861473
