times:
  edit-metadata: 1.482009895145893
  landing: 0.7337685599923134
  view-data: 3.5627121031284332
