times:
  edit-metadata: 1.4188673049211502
  landing: 0.8097984120249748
  view-data: 3.3187094032764435
