times:
  edit-metadata: 1.3383696526288986
  landing: 0.7625504434108734
  view-data: 3.5018839985132217
