times:
  edit-metadata: 2.265110321342945
  landing: 1.136079952120781
  view-data: 3.596155919134617
