times:
  edit-metadata: 1.3539851754903793
  landing: 0.7570627108216286
  view-data: 3.4122605845332146
