times:
  edit-metadata: 1.5665640160441399
  landing: 0.8820640444755554
  view-data: 3.3434294164180756
