times:
  edit-metadata: 1.423453189432621
  landing: 0.7824035733938217
  view-data: 3.4866391494870186
