times:
  edit-metadata: 1.4174174964427948
  landing: 0.7588961645960808
  view-data: 3.481980487704277
