times:
  edit-metadata: 1.3948914483189583
  landing: 0.7581312134861946
  view-data: 3.3504706248641014
