times:
  edit-metadata: 1.6909576430916786
  landing: 0.8541708067059517
  view-data: 3.59671900421381
