times:
  edit-metadata: 1.4078189581632614
  landing: 0.7606476172804832
  view-data: 3.4115888252854347
