times:
  edit-metadata: 1.4146476536989212
  landing: 0.747699610888958
  view-data: 3.459183357656002
