times:
  edit-metadata: 1.4458745792508125
  landing: 0.7219159007072449
  view-data: 3.53157077729702
