times:
  edit-metadata: 1.451914168894291
  landing: 0.7872079387307167
  view-data: 3.503542371094227
