times:
  edit-metadata: 1.7584161087870598
  landing: 1.1239137947559357
  view-data: 3.6367325708270073
