times:
  edit-metadata: 1.346358671784401
  landing: 0.8012563288211823
  view-data: 3.5313904136419296
