times:
  edit-metadata: 1.2983242720365524
  landing: 0.7355709224939346
  view-data: 3.3940233439207077
