times:
  edit-metadata: 1.5053912326693535
  landing: 0.905758298933506
  view-data: 3.4640293046832085
