times:
  edit-metadata: 1.4593220055103302
  landing: 0.815727673470974
  view-data: 3.3356905430555344
