times:
  edit-metadata: 1.145410642027855
  landing: 0.727739617228508
  view-data: 3.451158680021763
