times:
  edit-metadata: 1.0584475323557854
  landing: 0.6961773410439491
  view-data: 3.5002678483724594
