times:
  edit-metadata: 1.57001643627882
  landing: 1.0927817523479462
  view-data: 3.5819383561611176
