times:
  edit-metadata: 1.4486503675580025
  landing: 0.8242306411266327
  view-data: 3.5598866268992424
