times:
  edit-metadata: 1.3369037955999374
  landing: 0.8644930794835091
  view-data: 3.3766698390245438
