times:
  edit-metadata: 1.4552993103861809
  landing: 0.8391213342547417
  view-data: 3.5293556079268456
