times:
  edit-metadata: 1.4711034819483757
  landing: 0.7563861683011055
  view-data: 3.422345995903015
