times:
  edit-metadata: 1.490435279905796
  landing: 0.8479408100247383
  view-data: 3.450008384883404
