times:
  edit-metadata: 1.503527693450451
  landing: 1.0230283290147781
  view-data: 3.3589800149202347
