times:
  edit-metadata: 1.4316339120268822
  landing: 0.8441843017935753
  view-data: 3.547152280807495
