times:
  edit-metadata: 1.6097376346588135
  landing: 0.8458002507686615
  view-data: 3.508429765701294
