times:
  edit-metadata: 1.400710977613926
  landing: 0.7045807391405106
  view-data: 3.545036695897579
