times:
  edit-metadata: 1.4121470153331757
  landing: 0.7924670726060867
  view-data: 3.4973195120692253
