times:
  edit-metadata: 2.8796401768922806
  landing: 1.583125576376915
  view-data: 4.283245146274567
