times:
  edit-metadata: 2.096590682864189
  landing: 1.3065644651651382
  view-data: 3.610045440495014
