times:
  edit-metadata: 2.042935285717249
  landing: 1.0094515420496464
  view-data: 3.403935804963112
