times:
  edit-metadata: 1.3656468838453293
  landing: 0.7620560601353645
  view-data: 3.3861254639923573
