times:
  edit-metadata: 1.4249750524759293
  landing: 0.8965360373258591
  view-data: 3.3462652936577797
