times:
  edit-metadata: 1.4037599861621857
  landing: 0.9021357893943787
  view-data: 3.5001794025301933
