times:
  edit-metadata: 1.3691089004278183
  landing: 0.7254650369286537
  view-data: 3.5581443458795547
