times:
  edit-metadata: 1.4824000373482704
  landing: 0.8031004369258881
  view-data: 3.4728618040680885
