times:
  edit-metadata: 1.4581455364823341
  landing: 0.7086368650197983
  view-data: 3.452029809355736
