times:
  edit-metadata: 1.4778841882944107
  landing: 0.9305960610508919
  view-data: 3.3002005256712437
