times:
  edit-metadata: 1.4820066839456558
  landing: 0.9746229574084282
  view-data: 3.5221869200468063
