times:
  edit-metadata: 1.423353549093008
  landing: 0.82354836165905
  view-data: 3.521064631640911
