times:
  edit-metadata: 1.0962953194975853
  landing: 0.7413974553346634
  view-data: 3.5829147174954414
