times:
  edit-metadata: 1.9003331884741783
  landing: 0.9398455023765564
  view-data: 3.4876029938459396
