times:
  edit-metadata: 1.4343532100319862
  landing: 0.7195453643798828
  view-data: 3.4439351111650467
