times:
  edit-metadata: 1.3450582474470139
  landing: 0.80331090092659
  view-data: 3.4746066853404045
