times:
  edit-metadata: 1.407542072236538
  landing: 0.802248939871788
  view-data: 3.3351547718048096
