times:
  edit-metadata: 1.450538381934166
  landing: 0.8135525360703468
  view-data: 3.365653946995735
