times:
  edit-metadata: 1.328589752316475
  landing: 0.8142319694161415
  view-data: 3.3287354111671448
