times:
  edit-metadata: 1.3834555372595787
  landing: 0.7309035584330559
  view-data: 3.458474725484848
