times:
  edit-metadata: 1.6631311252713203
  landing: 1.0279205814003944
  view-data: 3.542996823787689
