times:
  edit-metadata: 1.5773923099040985
  landing: 0.7836073860526085
  view-data: 3.3187686651945114
