times:
  edit-metadata: 1.4959018900990486
  landing: 0.7404910251498222
  view-data: 3.4529354125261307
