times:
  edit-metadata: 1.6566091924905777
  landing: 0.787496030330658
  view-data: 3.5521230325102806
