times:
  edit-metadata: 1.6528978236019611
  landing: 0.863320454955101
  view-data: 3.354841697961092
