times:
  edit-metadata: 1.3600216805934906
  landing: 0.763853631913662
  view-data: 3.5566841289401054
