times:
  edit-metadata: 1.3990889564156532
  landing: 0.7552819177508354
  view-data: 3.5309693440794945
