times:
  edit-metadata: 1.5562857687473297
  landing: 0.9162863492965698
  view-data: 3.4829874634742737
