times:
  edit-metadata: 1.367572233080864
  landing: 0.7208763733506203
  view-data: 3.4127670526504517
