times:
  edit-metadata: 1.3989241570234299
  landing: 0.7219727635383606
  view-data: 3.318994253873825
