times:
  edit-metadata: 1.469918355345726
  landing: 0.7249847128987312
  view-data: 3.4892135486006737
