times:
  edit-metadata: 1.5545685142278671
  landing: 0.8111882656812668
  view-data: 3.5698075219988823
