times:
  edit-metadata: 1.3654212392866611
  landing: 0.7960641160607338
  view-data: 3.287230234593153
