times:
  edit-metadata: 1.492089919745922
  landing: 0.8035405725240707
  view-data: 3.3563163429498672
