times:
  edit-metadata: 1.2465011402964592
  landing: 0.75429567694664
  view-data: 3.554165668785572
