times:
  edit-metadata: 1.4134565889835358
  landing: 0.952584370970726
  view-data: 3.4636861756443977
