times:
  edit-metadata: 1.3360262885689735
  landing: 0.6894282102584839
  view-data: 3.4244050681591034
