times:
  edit-metadata: 1.6465146914124489
  landing: 0.8027166277170181
  view-data: 3.7187783047556877
