times:
  edit-metadata: 1.3725199773907661
  landing: 0.8249258771538734
  view-data: 3.4192526936531067
