times:
  edit-metadata: 1.360204741358757
  landing: 0.7461828291416168
  view-data: 3.2658758386969566
