times:
  edit-metadata: 2.2188433408737183
  landing: 1.4459066987037659
  view-data: 3.62937493622303
