times:
  edit-metadata: 1.2476848512887955
  landing: 0.8176621422171593
  view-data: 3.465614326298237
