times:
  edit-metadata: 1.41145508736372
  landing: 0.7715612500905991
  view-data: 3.5566127821803093
