times:
  edit-metadata: 1.4659723937511444
  landing: 0.9064154028892517
  view-data: 3.4975399300456047
