times:
  edit-metadata: 1.4418500661849976
  landing: 0.9243259206414223
  view-data: 3.509449891746044
