times:
  edit-metadata: 1.4629636630415916
  landing: 0.6956153735518456
  view-data: 3.504384547472
