times:
  edit-metadata: 1.566279523074627
  landing: 0.7673857733607292
  view-data: 3.2998385280370712
