times:
  edit-metadata: 1.4363535419106483
  landing: 0.7239799872040749
  view-data: 3.399084784090519
