times:
  edit-metadata: 1.429548554122448
  landing: 0.8069931864738464
  view-data: 3.513026550412178
