times:
  edit-metadata: 1.4929287508130074
  landing: 0.8077543079853058
  view-data: 3.275957129895687
