times:
  edit-metadata: 1.6845040544867516
  landing: 0.7907158136367798
  view-data: 3.5461451038718224
