times:
  edit-metadata: 1.0896050035953522
  landing: 0.7723159343004227
  view-data: 3.489724040031433
