times:
  edit-metadata: 1.7154224291443825
  landing: 0.9286509454250336
  view-data: 3.329965464770794
