times:
  edit-metadata: 1.5086225345730782
  landing: 0.7512719109654427
  view-data: 3.3747460916638374
