times:
  edit-metadata: 1.3551733493804932
  landing: 0.6969448626041412
  view-data: 3.452074497938156
