times:
  edit-metadata: 1.3918480724096298
  landing: 0.7040203809738159
  view-data: 3.417738988995552
