times:
  edit-metadata: 1.3769455924630165
  landing: 0.7535279169678688
  view-data: 3.5268888249993324
