times:
  edit-metadata: 1.4930402860045433
  landing: 0.7325052544474602
  view-data: 3.471785895526409
