times:
  edit-metadata: 1.3619606867432594
  landing: 0.7238799184560776
  view-data: 3.4690319821238518
