times:
  edit-metadata: 1.3492922931909561
  landing: 0.6838322430849075
  view-data: 3.4316196590662003
