times:
  edit-metadata: 1.3538444116711617
  landing: 0.6877133324742317
  view-data: 3.264740440994501
