times:
  edit-metadata: 1.4522523805499077
  landing: 0.8886955380439758
  view-data: 3.375217691063881
