times:
  edit-metadata: 1.5265625789761543
  landing: 0.8125928789377213
  view-data: 3.5186701640486717
