times:
  edit-metadata: 1.997335359454155
  landing: 0.9710750989615917
  view-data: 3.4224735535681248
