times:
  edit-metadata: 1.438058115541935
  landing: 0.8011789917945862
  view-data: 3.552784062922001
