times:
  edit-metadata: 1.5479001328349113
  landing: 0.9510149136185646
  view-data: 3.3399162739515305
