times:
  edit-metadata: 1.4209770262241364
  landing: 0.7687675580382347
  view-data: 3.3151159435510635
