times:
  edit-metadata: 1.417736753821373
  landing: 0.7273342534899712
  view-data: 3.3685862496495247
