times:
  edit-metadata: 1.3250598013401031
  landing: 0.6935545951128006
  view-data: 3.60635207593441
