times:
  edit-metadata: 1.8169340267777443
  landing: 1.0567868202924728
  view-data: 3.4729099050164223
