times:
  edit-metadata: 1.6472599357366562
  landing: 0.7908632233738899
  view-data: 3.5165060870349407
