times:
  edit-metadata: 1.3859225288033485
  landing: 0.7267434000968933
  view-data: 3.407025061547756
