times:
  edit-metadata: 1.5625615641474724
  landing: 0.9110153317451477
  view-data: 3.5009820386767387
