times:
  edit-metadata: 1.4695168808102608
  landing: 0.9091229811310768
  view-data: 3.499502904713154
