times:
  edit-metadata: 2.247024692595005
  landing: 1.5719664096832275
  view-data: 3.7653141170740128
