times:
  edit-metadata: 1.3048292845487595
  landing: 0.8996839299798012
  view-data: 3.3970766738057137
