times:
  edit-metadata: 1.389066368341446
  landing: 0.7961978986859322
  view-data: 3.328549914062023
