times:
  edit-metadata: 1.4886027202010155
  landing: 0.8166924491524696
  view-data: 3.5388940423727036
