times:
  edit-metadata: 1.53379175812006
  landing: 0.8506967127323151
  view-data: 3.3709963746368885
