times:
  edit-metadata: 1.6402624025940895
  landing: 0.9087808355689049
  view-data: 3.4618247225880623
