times:
  edit-metadata: 1.4328262135386467
  landing: 0.7367942295968533
  view-data: 3.2650743685662746
