times:
  edit-metadata: 1.3638813197612762
  landing: 0.8956112116575241
  view-data: 3.536667488515377
