times:
  edit-metadata: 1.7295570112764835
  landing: 1.1054917685687542
  view-data: 3.3716446347534657
