times:
  edit-metadata: 1.6411682087928057
  landing: 0.8089710334315896
  view-data: 3.502765287645161
