times:
  edit-metadata: 1.4268009923398495
  landing: 0.8440703861415386
  view-data: 3.3526033461093903
