times:
  edit-metadata: 1.4375376924872398
  landing: 0.7271701693534851
  view-data: 3.5253224074840546
