times:
  edit-metadata: 1.4497027173638344
  landing: 0.7577218785881996
  view-data: 3.4431217089295387
