times:
  edit-metadata: 1.4113550186157227
  landing: 0.869317963719368
  view-data: 3.3573820888996124
