times:
  edit-metadata: 1.8488339930772781
  landing: 0.964104063808918
  view-data: 3.3487620651721954
