times:
  edit-metadata: 1.437928106635809
  landing: 0.8776003681123257
  view-data: 3.315385799854994
