times:
  edit-metadata: 1.4032756313681602
  landing: 0.7028216272592545
  view-data: 3.4726126566529274
