times:
  edit-metadata: 1.710171453654766
  landing: 0.8294573202729225
  view-data: 3.3910888880491257
