times:
  edit-metadata: 1.4294751062989235
  landing: 0.7443118840456009
  view-data: 3.503472052514553
