times:
  edit-metadata: 1.3812206499278545
  landing: 0.894870687276125
  view-data: 3.3685806579887867
