times:
  edit-metadata: 1.5826606005430222
  landing: 0.9073830246925354
  view-data: 3.590131737291813
