times:
  edit-metadata: 1.5426715575158596
  landing: 0.8141243308782578
  view-data: 3.283750481903553
