times:
  edit-metadata: 1.8769749104976654
  landing: 1.2392717897891998
  view-data: 3.3887898921966553
