times:
  edit-metadata: 2.3085751086473465
  landing: 1.406768225133419
  view-data: 3.6541940048336983
