times:
  edit-metadata: 1.4845827147364616
  landing: 1.049212671816349
  view-data: 3.4472698494791985
