times:
  edit-metadata: 1.323654267936945
  landing: 0.7966266945004463
  view-data: 3.359465915709734
