times:
  edit-metadata: 1.4122746288776398
  landing: 0.8965566791594028
  view-data: 3.372273575514555
