times:
  edit-metadata: 1.4303495436906815
  landing: 0.816016785800457
  view-data: 3.6541354805231094
