times:
  edit-metadata: 1.3947654142975807
  landing: 0.7694364674389362
  view-data: 3.2964209355413914
