times:
  edit-metadata: 1.4447055757045746
  landing: 0.8059107735753059
  view-data: 3.506367839872837
