times:
  edit-metadata: 1.520561158657074
  landing: 0.833168875426054
  view-data: 3.318789344280958
