times:
  edit-metadata: 1.413068238645792
  landing: 0.8203718550503254
  view-data: 3.339509841054678
