times:
  edit-metadata: 1.3386606648564339
  landing: 0.8060554042458534
  view-data: 3.4229425862431526
