times:
  edit-metadata: 1.558217879384756
  landing: 0.8701128289103508
  view-data: 3.3437368869781494
