times:
  edit-metadata: 1.5223546661436558
  landing: 0.7505225092172623
  view-data: 3.294897325336933
