times:
  edit-metadata: 1.6226342655718327
  landing: 0.9032211937010288
  view-data: 3.350721091032028
