times:
  edit-metadata: 1.4118298068642616
  landing: 0.7849698811769485
  view-data: 3.4951399862766266
