times:
  edit-metadata: 1.4272842556238174
  landing: 0.9386800080537796
  view-data: 3.416431039571762
