times:
  edit-metadata: 1.3629610612988472
  landing: 0.6919007152318954
  view-data: 3.4717955589294434
