times:
  edit-metadata: 1.8962462097406387
  landing: 0.9438527971506119
  view-data: 3.5647821947932243
