times:
  edit-metadata: 1.3825418911874294
  landing: 0.7900932058691978
  view-data: 3.384631425142288
