times:
  edit-metadata: 1.4696164801716805
  landing: 0.8411548361182213
  view-data: 3.3379236683249474
