times:
  edit-metadata: 2.4458890184760094
  landing: 1.650589682161808
  view-data: 3.8146579042077065
