times:
  edit-metadata: 1.5114784762263298
  landing: 0.7271910309791565
  view-data: 3.470700189471245
