times:
  edit-metadata: 1.4294101931154728
  landing: 0.8002466857433319
  view-data: 3.2726677134633064
