times:
  edit-metadata: 1.3687408491969109
  landing: 0.8201585412025452
  view-data: 3.4578018859028816
