times:
  edit-metadata: 1.5158319473266602
  landing: 0.782827265560627
  view-data: 3.494317904114723
