times:
  edit-metadata: 1.4193003997206688
  landing: 0.7738101780414581
  view-data: 3.5008065924048424
