times:
  edit-metadata: 1.4051470905542374
  landing: 0.7685415670275688
  view-data: 3.509204089641571
