times:
  edit-metadata: 1.5396127998828888
  landing: 0.9448343552649021
  view-data: 3.431710246950388
