times:
  edit-metadata: 1.468323566019535
  landing: 0.6930865943431854
  view-data: 3.4911106526851654
