times:
  edit-metadata: 1.4304747804999352
  landing: 0.8531035408377647
  view-data: 3.3770869225263596
