times:
  edit-metadata: 1.4653660170733929
  landing: 0.7617621831595898
  view-data: 3.314796432852745
