times:
  edit-metadata: 1.5231006368994713
  landing: 0.8170461803674698
  view-data: 3.3511898070573807
