times:
  edit-metadata: 1.3273556344211102
  landing: 0.7768290713429451
  view-data: 3.29298747330904
