times:
  edit-metadata: 1.4812465012073517
  landing: 0.7532733678817749
  view-data: 3.4856645688414574
