times:
  edit-metadata: 1.9892573580145836
  landing: 1.3070271275937557
  view-data: 3.543122995644808
