times:
  edit-metadata: 1.4332639649510384
  landing: 0.6992726847529411
  view-data: 3.419699177145958
