times:
  edit-metadata: 1.590180292725563
  landing: 0.8825573995709419
  view-data: 3.5282189324498177
