times:
  edit-metadata: 1.598456710577011
  landing: 1.2052659466862679
  view-data: 3.3663922771811485
