times:
  edit-metadata: 3.324575088918209
  landing: 1.6531823053956032
  view-data: 3.8462771847844124
