times:
  edit-metadata: 1.3772127255797386
  landing: 0.7895763367414474
  view-data: 3.5787914022803307
