times:
  edit-metadata: 1.5175830721855164
  landing: 0.7833520881831646
  view-data: 3.2866578176617622
