times:
  edit-metadata: 1.4319804534316063
  landing: 0.7661590576171875
  view-data: 3.369818300008774
