times:
  edit-metadata: 1.3745574727654457
  landing: 0.7830553352832794
  view-data: 3.3769290447235107
