times:
  edit-metadata: 1.617766484618187
  landing: 1.0822247937321663
  view-data: 3.6474056020379066
