times:
  edit-metadata: 3.3890510201454163
  landing: 4.134456504136324
  view-data: 3.431082356721163
