times:
  edit-metadata: 1.412611111998558
  landing: 0.7252192869782448
  view-data: 3.475942738354206
