times:
  edit-metadata: 1.816385343670845
  landing: 1.2237762436270714
  view-data: 3.4958510026335716
