times:
  edit-metadata: 1.5155386626720428
  landing: 0.7629239559173584
  view-data: 3.422050729393959
