times:
  edit-metadata: 1.4526484832167625
  landing: 0.7473937012255192
  view-data: 3.2994653955101967
