times:
  edit-metadata: 1.5207442939281464
  landing: 0.9449406489729881
  view-data: 3.3051084354519844
