times:
  edit-metadata: 1.4866850152611732
  landing: 0.7459023743867874
  view-data: 3.5381915867328644
