times:
  edit-metadata: 1.4029966928064823
  landing: 0.7449211813509464
  view-data: 3.260373804718256
