times:
  edit-metadata: 1.418924666941166
  landing: 0.728849433362484
  view-data: 3.504074051976204
