times:
  edit-metadata: 2.104018360376358
  landing: 1.0230655446648598
  view-data: 4.080160580575466
