times:
  edit-metadata: 1.5609442815184593
  landing: 0.7306207567453384
  view-data: 3.5135090351104736
