times:
  edit-metadata: 1.6019578166306019
  landing: 0.8740482442080975
  view-data: 3.402527015656233
