times:
  edit-metadata: 1.381964385509491
  landing: 0.8764703348278999
  view-data: 3.494497537612915
