times:
  edit-metadata: 1.9298089854419231
  landing: 1.0265220254659653
  view-data: 3.3284250162541866
