times:
  edit-metadata: 1.4689395129680634
  landing: 0.7909078821539879
  view-data: 3.325818784534931
