times:
  edit-metadata: 1.3694486543536186
  landing: 0.7021400406956673
  view-data: 3.431186281144619
