times:
  edit-metadata: 1.324039101600647
  landing: 0.7952122613787651
  view-data: 3.4945364966988564
