times:
  edit-metadata: 1.4225306659936905
  landing: 0.7818249762058258
  view-data: 3.338911861181259
