times:
  edit-metadata: 1.680631160736084
  landing: 0.8236222565174103
  view-data: 3.6032320633530617
