times:
  edit-metadata: 1.3719349652528763
  landing: 0.6817307770252228
  view-data: 3.3848606944084167
