times:
  edit-metadata: 1.3758352026343346
  landing: 0.7146055698394775
  view-data: 3.292787369340658
