times:
  edit-metadata: 1.479917049407959
  landing: 0.7809690088033676
  view-data: 3.4791321754455566
