times:
  edit-metadata: 1.4354791715741158
  landing: 0.8053773790597916
  view-data: 3.2961360588669777
