times:
  edit-metadata: 1.3637900277972221
  landing: 0.8092361837625504
  view-data: 3.468548968434334
