times:
  edit-metadata: 1.5196277648210526
  landing: 0.8512951135635376
  view-data: 3.3645808547735214
