times:
  edit-metadata: 1.4557346850633621
  landing: 0.7435739636421204
  view-data: 3.4696644619107246
