times:
  edit-metadata: 1.4841082319617271
  landing: 0.9215321391820908
  view-data: 3.4115923196077347
