times:
  edit-metadata: 1.8241817280650139
  landing: 1.0136047154664993
  view-data: 3.333060909062624
