times:
  edit-metadata: 1.3917501457035542
  landing: 0.6767208464443684
  view-data: 3.35288667678833
