times:
  edit-metadata: 1.4231134243309498
  landing: 0.7501458376646042
  view-data: 3.370543912053108
