times:
  edit-metadata: 1.4578809142112732
  landing: 0.9154272377490997
  view-data: 3.40066534653306
