times:
  edit-metadata: 1.5627373270690441
  landing: 0.7818222790956497
  view-data: 3.2984079383313656
