times:
  edit-metadata: 1.4945635050535202
  landing: 1.0578864999115467
  view-data: 3.3989707082509995
