times:
  edit-metadata: 1.3456049710512161
  landing: 0.7917379513382912
  view-data: 3.40678134560585
