times:
  edit-metadata: 1.3750388473272324
  landing: 0.7256782874464989
  view-data: 3.3001626059412956
