times:
  edit-metadata: 1.419464185833931
  landing: 0.6968102604150772
  view-data: 3.478680670261383
