times:
  edit-metadata: 1.4582217931747437
  landing: 0.7834779545664787
  view-data: 3.376885771751404
