times:
  edit-metadata: 1.3841773383319378
  landing: 0.7226461917161942
  view-data: 3.3512264043092728
