times:
  edit-metadata: 1.4540926367044449
  landing: 0.9295230954885483
  view-data: 3.338475413620472
