times:
  edit-metadata: 1.4944528117775917
  landing: 0.7529286444187164
  view-data: 3.3942247852683067
