times:
  edit-metadata: 1.4177517853677273
  landing: 0.8130085207521915
  view-data: 3.331654217094183
