times:
  edit-metadata: 2.2422794178128242
  landing: 1.496152140200138
  view-data: 3.4492040053009987
