times:
  edit-metadata: 1.5486776530742645
  landing: 0.9036337845027447
  view-data: 3.345223192125559
