times:
  edit-metadata: 1.3761104419827461
  landing: 0.8831740990281105
  view-data: 3.5974713638424873
