times:
  edit-metadata: 1.4158460199832916
  landing: 0.722805991768837
  view-data: 3.499841146171093
