times:
  edit-metadata: 1.4530169479548931
  landing: 0.836193922907114
  view-data: 3.296201702207327
