times:
  edit-metadata: 1.4097732231020927
  landing: 0.7746163234114647
  view-data: 3.3228797614574432
