times:
  edit-metadata: 1.4137467443943024
  landing: 0.7501076608896255
  view-data: 3.377060167491436
