times:
  edit-metadata: 1.5413608811795712
  landing: 0.8472069688141346
  view-data: 3.387714207172394
