times:
  edit-metadata: 1.40642911195755
  landing: 0.682874783873558
  view-data: 3.5131342336535454
