times:
  edit-metadata: 1.419258825480938
  landing: 0.7566667646169662
  view-data: 3.3476423621177673
