times:
  edit-metadata: 1.4535941928625107
  landing: 0.7924177646636963
  view-data: 3.5380196794867516
