times:
  edit-metadata: 1.5944029428064823
  landing: 0.8809860460460186
  view-data: 3.4043253995478153
