times:
  edit-metadata: 1.428286962211132
  landing: 0.7870635613799095
  view-data: 3.434234470129013
