times:
  edit-metadata: 1.4070388972759247
  landing: 0.9432402849197388
  view-data: 3.301371071487665
