times:
  edit-metadata: 1.468929298222065
  landing: 0.969637967646122
  view-data: 3.526250012218952
