times:
  edit-metadata: 1.5008216314017773
  landing: 0.866118460893631
  view-data: 3.3552943877875805
