times:
  edit-metadata: 1.5480179265141487
  landing: 0.8708679527044296
  view-data: 3.2959747910499573
