times:
  edit-metadata: 1.5754006579518318
  landing: 1.0260755866765976
  view-data: 3.556098487228155
