times:
  edit-metadata: 1.3770153373479843
  landing: 0.8775384426116943
  view-data: 0.5705954357981682
