times:
  edit-metadata: 1.4433920085430145
  landing: 0.7372559681534767
  view-data: 3.5229773074388504
