times:
  edit-metadata: 1.4783913642168045
  landing: 0.8044278733432293
  view-data: 3.282250687479973
