times:
  edit-metadata: 1.4890021942555904
  landing: 0.7621906064450741
  view-data: 3.3119491674005985
