times:
  edit-metadata: 2.0989387407898903
  landing: 1.0601879134774208
  view-data: 3.793888568878174
