times:
  edit-metadata: 1.4784198701381683
  landing: 0.8480525016784668
  view-data: 3.323154538869858
