times:
  edit-metadata: 1.4352330267429352
  landing: 0.8541014119982719
  view-data: 3.3454077169299126
