times:
  edit-metadata: 1.4750114157795906
  landing: 0.7440797835588455
  view-data: 3.4899837151169777
