times:
  edit-metadata: 1.3807513192296028
  landing: 0.8083977587521076
  view-data: 3.285311285406351
