times:
  edit-metadata: 1.3515932075679302
  landing: 0.7461478188633919
  view-data: 3.348873768001795
