times:
  edit-metadata: 1.3499771356582642
  landing: 0.7445815801620483
  view-data: 3.4748824909329414
