times:
  edit-metadata: 1.40360227227211
  landing: 0.7191481068730354
  view-data: 3.426916792988777
