times:
  edit-metadata: 1.332496739923954
  landing: 0.7928989827632904
  view-data: 3.26250372081995
