times:
  edit-metadata: 1.3854721710085869
  landing: 0.7237803190946579
  view-data: 3.4815882071852684
