times:
  edit-metadata: 1.43205077201128
  landing: 0.7297624498605728
  view-data: 3.5096001848578453
