times:
  edit-metadata: 1.4060081019997597
  landing: 0.8032412752509117
  view-data: 3.5040207356214523
