times:
  edit-metadata: 1.3402778282761574
  landing: 0.6964883804321289
  view-data: 3.478718541562557
