times:
  edit-metadata: 1.466967362910509
  landing: 0.8165764883160591
  view-data: 3.3223118372261524
