times:
  edit-metadata: 1.3361236527562141
  landing: 0.8483744636178017
  view-data: 3.4206043407320976
