times:
  edit-metadata: 1.4884809330105782
  landing: 0.7441661506891251
  view-data: 3.530275121331215
