times:
  edit-metadata: 1.5010710880160332
  landing: 0.8040098622441292
  view-data: 3.4921828731894493
