times:
  edit-metadata: 1.491112157702446
  landing: 0.8316854052245617
  view-data: 3.355758585035801
