times:
  edit-metadata: 1.5872245766222477
  landing: 0.8665283136069775
  view-data: 3.422373227775097
