times:
  edit-metadata: 1.3968956470489502
  landing: 0.7656999751925468
  view-data: 3.513495981693268
