times:
  edit-metadata: 2.179466862231493
  landing: 0.9903212860226631
  view-data: 3.303573962301016
