times:
  edit-metadata: 1.482911802828312
  landing: 0.822830930352211
  view-data: 3.5146992281079292
