times:
  edit-metadata: 1.374045379459858
  landing: 0.6990639269351959
  view-data: 3.4665025025606155
