times:
  edit-metadata: 1.3319328278303146
  landing: 0.7656443640589714
  view-data: 3.562231957912445
