times:
  edit-metadata: 1.440504651516676
  landing: 0.7402716428041458
  view-data: 3.414075195789337
