times:
  edit-metadata: 1.3739396408200264
  landing: 0.8369264975190163
  view-data: 3.344322893768549
