times:
  edit-metadata: 1.3752304650843143
  landing: 0.7643263265490532
  view-data: 3.3459643721580505
