times:
  edit-metadata: 1.4991115555167198
  landing: 0.7773936986923218
  view-data: 3.484224498271942
