times:
  edit-metadata: 1.4706704765558243
  landing: 0.8346463292837143
  view-data: 3.3221574276685715
