times:
  edit-metadata: 1.4328965917229652
  landing: 0.729974552989006
  view-data: 3.440517783164978
