times:
  edit-metadata: 1.454116739332676
  landing: 0.7347298339009285
  view-data: 3.264282613992691
