times:
  edit-metadata: 1.4302298165857792
  landing: 0.8308261521160603
  view-data: 3.3217676915228367
