times:
  edit-metadata: 1.357335664331913
  landing: 0.7995355166494846
  view-data: 3.3330991491675377
