times:
  edit-metadata: 1.4135519713163376
  landing: 0.8480203747749329
  view-data: 3.3308959156274796
