times:
  edit-metadata: 1.4241508767008781
  landing: 0.7277513518929482
  view-data: 3.438146196305752
