times:
  edit-metadata: 1.7319198623299599
  landing: 1.195628173649311
  view-data: 3.6607828363776207
