times:
  edit-metadata: 1.4423392489552498
  landing: 0.8046191334724426
  view-data: 3.515050455927849
