times:
  edit-metadata: 1.9586543142795563
  landing: 1.0074454098939896
  view-data: 3.520249769091606
