times:
  edit-metadata: 1.4976954087615013
  landing: 0.8624712452292442
  view-data: 3.3952694833278656
