times:
  edit-metadata: 1.5303684622049332
  landing: 0.778798520565033
  view-data: 3.4874186515808105
