times:
  edit-metadata: 1.5303890183568
  landing: 0.9097248986363411
  view-data: 3.333155080676079
