times:
  edit-metadata: 1.4471726417541504
  landing: 0.8422999382019043
  view-data: 3.54107379168272
