times:
  edit-metadata: 1.56772580742836
  landing: 0.805935375392437
  view-data: 3.58026123046875
