times:
  edit-metadata: 1.3991177156567574
  landing: 0.764338456094265
  view-data: 3.2789511680603027
