times:
  edit-metadata: 1.5399783104658127
  landing: 1.0010333135724068
  view-data: 3.5799981728196144
