times:
  edit-metadata: 1.5288402996957302
  landing: 0.8264298997819424
  view-data: 3.3639124147593975
