times:
  edit-metadata: 1.4053130373358727
  landing: 0.7844341099262238
  view-data: 3.574930928647518
