times:
  edit-metadata: 1.3804069757461548
  landing: 0.9675035029649734
  view-data: 3.399502322077751
