times:
  edit-metadata: 1.457009382545948
  landing: 0.8464727327227592
  view-data: 3.9145433381199837
