times:
  edit-metadata: 2.1194875575602055
  landing: 1.3886424414813519
  view-data: 3.3791520707309246
