times:
  edit-metadata: 1.4946452975273132
  landing: 0.8917794600129128
  view-data: 3.3429984897375107
