times:
  edit-metadata: 1.466822475194931
  landing: 0.8293038383126259
  view-data: 3.3154389560222626
