times:
  edit-metadata: 1.4281605705618858
  landing: 0.8022672533988953
  view-data: 3.6037857681512833
