times:
  edit-metadata: 1.6424356773495674
  landing: 1.12235501781106
  view-data: 3.3497890010476112
