times:
  edit-metadata: 1.4822477102279663
  landing: 0.8982546702027321
  view-data: 3.548244260251522
