times:
  edit-metadata: 1.5425424352288246
  landing: 0.8152807950973511
  view-data: 3.542720563709736
