times:
  edit-metadata: 1.4684479013085365
  landing: 0.8414540812373161
  view-data: 3.2922139205038548
