times:
  edit-metadata: 1.3996569067239761
  landing: 0.8059460520744324
  view-data: 3.5531289279460907
