times:
  edit-metadata: 1.4457003846764565
  landing: 0.8443144932389259
  view-data: 3.485738679766655
