times:
  edit-metadata: 1.8207638822495937
  landing: 1.0521640069782734
  view-data: 3.307359091937542
