times:
  edit-metadata: 1.4282982610166073
  landing: 0.8227884322404861
  view-data: 3.3128331042826176
