times:
  edit-metadata: 1.5360556468367577
  landing: 0.9098251685500145
  view-data: 3.5866425558924675
