times:
  edit-metadata: 1.5629631727933884
  landing: 0.8333326056599617
  view-data: 3.505225218832493
