times:
  edit-metadata: 1.5173250660300255
  landing: 0.7389140427112579
  view-data: 3.5250729620456696
