times:
  edit-metadata: 1.4713368192315102
  landing: 0.8493924923241138
  view-data: 3.31480660289526
