times:
  edit-metadata: 1.5109818279743195
  landing: 0.9081864058971405
  view-data: 3.5697539150714874
