times:
  edit-metadata: 1.4635763242840767
  landing: 0.9496391713619232
  view-data: 3.356300823390484
