times:
  edit-metadata: 1.4753170236945152
  landing: 0.8263401836156845
  view-data: 3.468713790178299
