times:
  edit-metadata: 1.4382038787007332
  landing: 0.9007570520043373
  view-data: 3.379660241305828
