times:
  edit-metadata: 1.5374014973640442
  landing: 0.9769744202494621
  view-data: 3.3869771994650364
