times:
  edit-metadata: 1.4900857955217361
  landing: 0.8730837889015675
  view-data: 3.3223247081041336
