times:
  edit-metadata: 1.476451002061367
  landing: 0.7904844582080841
  view-data: 3.3023772910237312
