times:
  edit-metadata: 1.5172634944319725
  landing: 0.8474713265895844
  view-data: 3.2601796686649323
