times:
  edit-metadata: 1.5368033573031425
  landing: 0.8628430590033531
  view-data: 3.3218393474817276
