times:
  edit-metadata: 1.4199082925915718
  landing: 0.7713267132639885
  view-data: 3.5636420622467995
