times:
  edit-metadata: 1.3841198720037937
  landing: 0.8315572962164879
  view-data: 3.284842327237129
