times:
  edit-metadata: 1.470273695886135
  landing: 0.772016204893589
  view-data: 3.4880028516054153
