times:
  edit-metadata: 1.4805886968970299
  landing: 0.8791539296507835
  view-data: 3.594461441040039
