times:
  edit-metadata: 2.9353803731501102
  landing: 1.4155175238847733
  view-data: 3.418336119502783
