times:
  edit-metadata: 2.0318142026662827
  landing: 1.380686730146408
  view-data: 3.4869351908564568
