times:
  edit-metadata: 1.5514076128602028
  landing: 0.7653724849224091
  view-data: 3.491514340043068
