times:
  edit-metadata: 1.5066229030489922
  landing: 0.8547241389751434
  view-data: 3.531257376074791
