times:
  edit-metadata: 1.4913665875792503
  landing: 0.9180012941360474
  view-data: 3.5383877009153366
