times:
  edit-metadata: 1.4891111105680466
  landing: 0.7714592814445496
  view-data: 3.4794433191418648
