times:
  edit-metadata: 1.3836709707975388
  landing: 0.8035512492060661
  view-data: 3.494214214384556
