times:
  edit-metadata: 1.4809053391218185
  landing: 0.8177763149142265
  view-data: 3.566046290099621
