times:
  edit-metadata: 1.4286261722445488
  landing: 0.8771975003182888
  view-data: 3.3900317400693893
