times:
  edit-metadata: 1.4860487543046474
  landing: 0.7595373466610909
  view-data: 3.3616515584290028
