times:
  edit-metadata: 1.5438196063041687
  landing: 0.8210205882787704
  view-data: 3.4927657917141914
