times:
  edit-metadata: 1.5186056345701218
  landing: 0.8230884745717049
  view-data: 3.3262683674693108
