times:
  edit-metadata: 1.643428884446621
  landing: 0.9351600557565689
  view-data: 3.4975769072771072
