times:
  edit-metadata: 1.613811455667019
  landing: 0.8395390510559082
  view-data: 3.539177879691124
