times:
  edit-metadata: 1.4288785234093666
  landing: 0.8508836701512337
  view-data: 3.460110791027546
