times:
  edit-metadata: 1.4689325913786888
  landing: 1.021105207502842
  view-data: 3.3036803230643272
