times:
  edit-metadata: 1.532347820699215
  landing: 0.7327126488089561
  view-data: 3.5216485410928726
