times:
  edit-metadata: 1.4252110868692398
  landing: 0.7596734389662743
  view-data: 3.540059916675091
