times:
  edit-metadata: 1.4610877707600594
  landing: 0.8190058469772339
  view-data: 3.4482213258743286
