times:
  edit-metadata: 1.6200116276741028
  landing: 0.8996592424809933
  view-data: 3.3023234866559505
