times:
  edit-metadata: 13.247549250721931
  landing: 7.052857741713524
  view-data: 6.219598367810249
