times:
  edit-metadata: 1.9924504086375237
  landing: 1.0119601041078568
  view-data: 3.75953409075737
