times:
  edit-metadata: 3.2832567617297173
  landing: 1.689619541168213
  view-data: 4.494986347854137
