times:
  edit-metadata: 1.4967841356992722
  landing: 0.7525181174278259
  view-data: 3.4860086515545845
