times:
  edit-metadata: 1.6357284411787987
  landing: 0.9100672900676727
  view-data: 3.352110430598259
