times:
  edit-metadata: 1.481573298573494
  landing: 0.8329517282545567
  view-data: 3.310028675943613
