times:
  edit-metadata: 1.5305799022316933
  landing: 0.7413164153695107
  view-data: 3.5393702164292336
