times:
  edit-metadata: 1.5586689114570618
  landing: 0.8178157731890678
  view-data: 3.5334938019514084
