times:
  edit-metadata: 1.6142559126019478
  landing: 0.9333090707659721
  view-data: 3.519392192363739
