times:
  edit-metadata: 1.4773742780089378
  landing: 0.7408984154462814
  view-data: 3.505590781569481
