times:
  edit-metadata: 1.557209588587284
  landing: 0.7109862640500069
  view-data: 3.519886538386345
