times:
  edit-metadata: 1.2839192897081375
  landing: 0.9102142006158829
  view-data: 3.5719202533364296
