times:
  edit-metadata: 1.4323876984417439
  landing: 0.8335900492966175
  view-data: 3.312899474054575
