times:
  edit-metadata: 1.525538794696331
  landing: 0.8122887164354324
  view-data: 3.5007995665073395
