times:
  edit-metadata: 1.393319457769394
  landing: 0.7519464008510113
  view-data: 3.3249256797134876
