times:
  edit-metadata: 1.556114286184311
  landing: 0.9331276789307594
  view-data: 3.3021553605794907
