times:
  edit-metadata: 1.4138069599866867
  landing: 0.8584054484963417
  view-data: 3.360354483127594
