times:
  edit-metadata: 2.1689465939998627
  landing: 1.1880433186888695
  view-data: 3.3872865363955498
