times:
  edit-metadata: 1.4294087029993534
  landing: 0.902088075876236
  view-data: 3.335595916956663
