times:
  edit-metadata: 1.484110713005066
  landing: 0.7672842890024185
  view-data: 3.254814751446247
