times:
  edit-metadata: 2.003440447151661
  landing: 1.2194385156035423
  view-data: 3.347407042980194
