times:
  edit-metadata: 1.5129639357328415
  landing: 0.9065123498439789
  view-data: 3.346402894705534
