times:
  edit-metadata: 1.4291676357388496
  landing: 0.8276349678635597
  view-data: 3.2758963108062744
