times:
  edit-metadata: 1.4954525902867317
  landing: 1.0162031725049019
  view-data: 3.285659935325384
