times:
  edit-metadata: 1.4830228388309479
  landing: 0.8106640353798866
  view-data: 3.557432383298874
