times:
  edit-metadata: 1.401864591985941
  landing: 0.814081821590662
  view-data: 3.2657299898564816
