times:
  edit-metadata: 1.4463096857070923
  landing: 0.7941110879182816
  view-data: 3.591821111738682
