times:
  edit-metadata: 1.5931468680500984
  landing: 0.765610009431839
  view-data: 3.4968515411019325
