times:
  edit-metadata: 2.0438565500080585
  landing: 1.3091088570654392
  view-data: 3.404160887002945
