times:
  edit-metadata: 1.3894012831151485
  landing: 1.1491443701088428
  view-data: 3.310815628618002
