times:
  edit-metadata: 1.4910030737519264
  landing: 0.7810948565602303
  view-data: 3.4663585498929024
