times:
  edit-metadata: 1.508521355688572
  landing: 1.0188424810767174
  view-data: 3.459669977426529
