times:
  edit-metadata: 1.503050222992897
  landing: 0.7894211933016777
  view-data: 3.4999202713370323
