times:
  edit-metadata: 1.3797294795513153
  landing: 0.8273661211133003
  view-data: 3.498972959816456
