times:
  edit-metadata: 1.7183373868465424
  landing: 1.2840625196695328
  view-data: 3.4736475199460983
