times:
  edit-metadata: 1.4390056505799294
  landing: 0.8334059119224548
  view-data: 3.468026265501976
