times:
  edit-metadata: 1.5625891983509064
  landing: 0.7921904847025871
  view-data: 3.4132803045213223
