times:
  edit-metadata: 1.4788398072123528
  landing: 0.8640256300568581
  view-data: 3.5658227056264877
