times:
  edit-metadata: 1.1690381094813347
  landing: 0.7479436323046684
  view-data: 3.4914313331246376
