times:
  edit-metadata: 1.5189900994300842
  landing: 0.854431077837944
  view-data: 3.2903362065553665
