times:
  edit-metadata: 1.430835783481598
  landing: 0.8113815560936928
  view-data: 3.5317663699388504
