times:
  edit-metadata: 1.3954148069024086
  landing: 0.8092642202973366
  view-data: 3.277265965938568
