times:
  edit-metadata: 1.4089658483862877
  landing: 0.827711433172226
  view-data: 3.341022752225399
