times:
  edit-metadata: 1.7042333409190178
  landing: 1.071457915008068
  view-data: 3.3318222612142563
