times:
  edit-metadata: 1.4646981060504913
  landing: 0.8417728543281555
  view-data: 3.4935403019189835
