times:
  edit-metadata: 1.506684198975563
  landing: 0.7998146265745163
  view-data: 3.2844493687152863
