times:
  edit-metadata: 1.4445608705282211
  landing: 0.7855391576886177
  view-data: 3.294778995215893
