times:
  edit-metadata: 1.5107408538460732
  landing: 1.2338787987828255
  view-data: 3.536689631640911
