times:
  edit-metadata: 1.3989629372954369
  landing: 0.8178980499505997
  view-data: 3.434656135737896
