times:
  edit-metadata: 1.5335897579789162
  landing: 0.7565396204590797
  view-data: 3.4811106249690056
