times:
  edit-metadata: 1.4992870911955833
  landing: 0.8817929401993752
  view-data: 3.3561360388994217
