times:
  edit-metadata: 1.5211399048566818
  landing: 0.7604348063468933
  view-data: 3.4271142184734344
