times:
  edit-metadata: 1.4510682597756386
  landing: 0.7878512740135193
  view-data: 3.584468834102154
