times:
  edit-metadata: 1.3959559202194214
  landing: 0.8578311875462532
  view-data: 3.5331950336694717
