times:
  edit-metadata: 1.5146935135126114
  landing: 0.7526896744966507
  view-data: 3.6820225939154625
