times:
  edit-metadata: 2.5628494024276733
  landing: 1.703151486814022
  view-data: 3.9917409792542458
