times:
  edit-metadata: 1.4227036535739899
  landing: 0.9558517187833786
  view-data: 3.3600705340504646
