times:
  edit-metadata: 1.140810802578926
  landing: 0.7793508768081665
  view-data: 3.3348427191376686
