times:
  edit-metadata: 1.4346023797988892
  landing: 0.7476281374692917
  view-data: 3.4760237112641335
