times:
  edit-metadata: 1.6214695423841476
  landing: 0.8318779319524765
  view-data: 3.4938244223594666
