times:
  edit-metadata: 2.3910456523299217
  landing: 1.7577909901738167
  view-data: 3.3650183230638504
