times:
  edit-metadata: 1.5226990282535553
  landing: 0.7668410688638687
  view-data: 3.5669677406549454
