times:
  edit-metadata: 1.6269755735993385
  landing: 1.2330007627606392
  view-data: 4.4752990156412125
