times:
  edit-metadata: 2.027674175798893
  landing: 1.2376940697431564
  view-data: 4.319991335272789
