times:
  edit-metadata: 1.903130866587162
  landing: 1.3643956407904625
  view-data: 3.8446744307875633
