times:
  edit-metadata: 1.378370352089405
  landing: 0.8471034541726112
  view-data: 3.676647871732712
