times:
  edit-metadata: 1.4328081384301186
  landing: 1.062501698732376
  view-data: 3.49643924087286
