times:
  edit-metadata: 1.44788259267807
  landing: 0.9615903049707413
  view-data: 3.4671647921204567
