times:
  edit-metadata: 1.4962254241108894
  landing: 0.8419589623808861
  view-data: 3.511191762983799
