times:
  edit-metadata: 1.4603967368602753
  landing: 0.765195682644844
  view-data: 3.437473177909851
