times:
  edit-metadata: 1.5652267783880234
  landing: 0.8774803653359413
  view-data: 3.4113248586654663
