times:
  edit-metadata: 1.474405437707901
  landing: 0.9485035240650177
  view-data: 3.467041924595833
