times:
  edit-metadata: 1.5123214647173882
  landing: 0.8251869305968285
  view-data: 3.364524118602276
