times:
  edit-metadata: 1.1580226123332977
  landing: 0.7628114148974419
  view-data: 3.3131925761699677
