times:
  edit-metadata: 1.4177107885479927
  landing: 0.8632198944687843
  view-data: 3.4157477244734764
