times:
  edit-metadata: 1.7594476640224457
  landing: 1.087388500571251
  view-data: 3.574947774410248
