times:
  edit-metadata: 1.4621426947414875
  landing: 0.7359478399157524
  view-data: 3.3050130791962147
