times:
  edit-metadata: 2.10064385086298
  landing: 1.184479583054781
  view-data: 3.5843266397714615
