times:
  edit-metadata: 1.3956573903560638
  landing: 0.7981087304651737
  view-data: 3.3100375458598137
