times:
  edit-metadata: 1.5964482799172401
  landing: 0.885662391781807
  view-data: 3.4188657104969025
