times:
  edit-metadata: 1.43282650411129
  landing: 0.8274459019303322
  view-data: 3.4333567768335342
