times:
  edit-metadata: 1.436836652457714
  landing: 0.7464119531214237
  view-data: 3.2987920604646206
