times:
  edit-metadata: 2.138700660318136
  landing: 1.0140162706375122
  view-data: 3.4642722494900227
