times:
  edit-metadata: 1.499475322663784
  landing: 0.9397500231862068
  view-data: 3.3433620631694794
