times:
  edit-metadata: 1.5426334962248802
  landing: 0.7623409852385521
  view-data: 3.5307116955518723
