times:
  edit-metadata: 1.3892340809106827
  landing: 0.7766820341348648
  view-data: 3.4635627642273903
