times:
  edit-metadata: 1.4331434518098831
  landing: 0.9206890538334846
  view-data: 3.3156856261193752
