times:
  edit-metadata: 1.392828792333603
  landing: 0.7352157086133957
  view-data: 3.279788464307785
