times:
  edit-metadata: 1.4970210939645767
  landing: 0.7651255801320076
  view-data: 3.550511121749878
