times:
  edit-metadata: 1.623240403831005
  landing: 0.8131281733512878
  view-data: 3.4367493763566017
