times:
  edit-metadata: 1.996088869869709
  landing: 1.139998771250248
  view-data: 3.4037621319293976
