times:
  edit-metadata: 1.4422683492302895
  landing: 0.793904110789299
  view-data: 3.460164397954941
