times:
  edit-metadata: 1.4365317299962044
  landing: 0.783283643424511
  view-data: 3.3165748566389084
