times:
  edit-metadata: 1.4993798434734344
  landing: 0.8405474051833153
  view-data: 3.3440702706575394
