times:
  edit-metadata: 1.5487663000822067
  landing: 0.8002748489379883
  view-data: 3.4101715087890625
