times:
  edit-metadata: 1.7348116785287857
  landing: 0.992533016949892
  view-data: 3.345817517489195
