times:
  edit-metadata: 1.5186558961868286
  landing: 0.7487639561295509
  view-data: 3.284542426466942
