times:
  edit-metadata: 1.8420585915446281
  landing: 0.9659923017024994
  view-data: 3.3665302768349648
