times:
  edit-metadata: 1.423504564911127
  landing: 0.76651456579566
  view-data: 3.3083385340869427
