times:
  edit-metadata: 1.3194094821810722
  landing: 0.7498224452137947
  view-data: 3.4225672259926796
