times:
  edit-metadata: 1.6599158644676208
  landing: 1.0003162063658237
  view-data: 3.7131389267742634
