times:
  edit-metadata: 1.4544688239693642
  landing: 0.7450939938426018
  view-data: 3.465640939772129
