times:
  edit-metadata: 1.4272222220897675
  landing: 0.7145729176700115
  view-data: 3.345889788120985
