times:
  edit-metadata: 1.4996229708194733
  landing: 0.7769501805305481
  view-data: 3.291257046163082
