times:
  edit-metadata: 1.5138547644019127
  landing: 0.8271101862192154
  view-data: 3.2980628237128258
