times:
  edit-metadata: 1.4354246631264687
  landing: 0.7425998374819756
  view-data: 3.48458331823349
