times:
  edit-metadata: 1.5026714988052845
  landing: 0.7911849841475487
  view-data: 3.3326086327433586
