times:
  edit-metadata: 1.4905682764947414
  landing: 0.8341303542256355
  view-data: 3.288305964320898
