times:
  edit-metadata: 1.4567598029971123
  landing: 0.767645999789238
  view-data: 3.491894245147705
