times:
  edit-metadata: 1.5218282006680965
  landing: 0.8966384828090668
  view-data: 3.329333957284689
