times:
  edit-metadata: 1.3778605051338673
  landing: 0.8169812485575676
  view-data: 3.4185707978904247
