times:
  edit-metadata: 1.4788780696690083
  landing: 0.8009274713695049
  view-data: 3.2855518497526646
