times:
  edit-metadata: 1.452448457479477
  landing: 0.6860790029168129
  view-data: 3.5216496884822845
