times:
  edit-metadata: 1.6265723928809166
  landing: 1.0366377606987953
  view-data: 3.39200996235013
