times:
  edit-metadata: 1.5246882662177086
  landing: 0.8720213025808334
  view-data: 3.352783188223839
