times:
  edit-metadata: 2.638918772339821
  landing: 1.6683995127677917
  view-data: 3.627961829304695
