times:
  edit-metadata: 1.4629218205809593
  landing: 0.8759412690997124
  view-data: 3.324893072247505
