times:
  edit-metadata: 3.0458596609532833
  landing: 1.1572521515190601
  view-data: 3.691722806543112
