times:
  edit-metadata: 1.4632848054170609
  landing: 0.8056436777114868
  view-data: 3.3136452734470367
