times:
  edit-metadata: 1.3610902354121208
  landing: 0.7866188585758209
  view-data: 3.455770544707775
