times:
  edit-metadata: 1.5507144704461098
  landing: 0.8206634372472763
  view-data: 3.3257912434637547
