times:
  edit-metadata: 1.4048266038298607
  landing: 0.7044690325856209
  view-data: 3.4772488698363304
