times:
  edit-metadata: 1.3964371867477894
  landing: 0.7601942792534828
  view-data: 3.30709308385849
