times:
  edit-metadata: 1.5181492529809475
  landing: 0.7861182391643524
  view-data: 3.333658315241337
