times:
  edit-metadata: 1.4613458216190338
  landing: 0.7070258408784866
  view-data: 3.4433513954281807
