times:
  edit-metadata: 1.5887462720274925
  landing: 0.8411710560321808
  view-data: 3.5996039509773254
