times:
  edit-metadata: 1.450317569077015
  landing: 0.7909362465143204
  view-data: 3.321600668132305
