times:
  edit-metadata: 1.4618522226810455
  landing: 0.8733968138694763
  view-data: 3.52562103420496
