times:
  edit-metadata: 1.5295363292098045
  landing: 0.8358627408742905
  view-data: 3.492447428405285
