times:
  edit-metadata: 1.3976947590708733
  landing: 0.7405362576246262
  view-data: 3.298450507223606
