times:
  edit-metadata: 1.6716154664754868
  landing: 0.869599312543869
  view-data: 3.3644949048757553
