times:
  edit-metadata: 1.544726226478815
  landing: 0.8331061080098152
  view-data: 3.2709609530866146
