times:
  edit-metadata: 1.4336887560784817
  landing: 0.8221755251288414
  view-data: 3.3236462846398354
