times:
  edit-metadata: 1.4035669416189194
  landing: 0.7577314302325249
  view-data: 3.5047504529356956
