times:
  edit-metadata: 1.3959411457180977
  landing: 0.7472135052084923
  view-data: 3.301646612584591
