times:
  edit-metadata: 1.5119710266590118
  landing: 0.7293756753206253
  view-data: 3.4802693873643875
