times:
  edit-metadata: 1.4614836685359478
  landing: 0.8368039056658745
  view-data: 3.345756024122238
