times:
  edit-metadata: 1.4201879873871803
  landing: 0.7158604636788368
  view-data: 3.5150555223226547
