times:
  edit-metadata: 1.433547854423523
  landing: 0.7833600491285324
  view-data: 3.4375564381480217
