times:
  edit-metadata: 1.402199313044548
  landing: 0.7380777969956398
  view-data: 3.5173399746418
