times:
  edit-metadata: 1.4593601897358894
  landing: 0.6887072771787643
  view-data: 3.49552408605814
