times:
  edit-metadata: 1.501437395811081
  landing: 0.7683594077825546
  view-data: 3.574361100792885
