times:
  edit-metadata: 1.4360190704464912
  landing: 0.7767593860626221
  view-data: 3.4329256266355515
