times:
  edit-metadata: 1.5949254222214222
  landing: 0.8274523131549358
  view-data: 3.3236516006290913
