times:
  edit-metadata: 1.4226388484239578
  landing: 0.7821324318647385
  view-data: 3.471826545894146
