times:
  edit-metadata: 1.337723359465599
  landing: 0.9986546710133553
  view-data: 3.492211662232876
