times:
  edit-metadata: 1.5578345507383347
  landing: 0.802516296505928
  view-data: 3.30186128243804
