times:
  edit-metadata: 1.3646224364638329
  landing: 0.7465228587388992
  view-data: 3.3236336819827557
