times:
  edit-metadata: 1.4979848638176918
  landing: 0.7530263066291809
  view-data: 3.4669873490929604
