times:
  edit-metadata: 1.5031306743621826
  landing: 0.8093650341033936
  view-data: 3.5372017323970795
