times:
  edit-metadata: 1.4592636972665787
  landing: 0.7938734292984009
  view-data: 3.365088976919651
