times:
  edit-metadata: 1.5278926976025105
  landing: 0.8235750570893288
  view-data: 3.495424024760723
