times:
  edit-metadata: 1.5237054452300072
  landing: 0.707909844815731
  view-data: 3.456786572933197
