times:
  edit-metadata: 1.4493899121880531
  landing: 0.7779687345027924
  view-data: 3.4865831658244133
