times:
  edit-metadata: 1.4876391142606735
  landing: 0.7508150413632393
  view-data: 3.4127099215984344
