times:
  edit-metadata: 1.5292175263166428
  landing: 0.7636821940541267
  view-data: 3.4392801746726036
