times:
  edit-metadata: 1.406828835606575
  landing: 0.6662526205182076
  view-data: 3.4005565643310547
