times:
  edit-metadata: 1.542491354048252
  landing: 0.8327931016683578
  view-data: 3.4580093398690224
