times:
  edit-metadata: 1.4668336436152458
  landing: 0.7274470403790474
  view-data: 3.4798421636223793
