times:
  edit-metadata: 1.4183522015810013
  landing: 0.884873129427433
  view-data: 3.4730798676609993
