times:
  edit-metadata: 2.3446096666157246
  landing: 1.1648388616740704
  view-data: 3.4218364134430885
