times:
  edit-metadata: 1.431170243769884
  landing: 0.7335676178336143
  view-data: 3.360896449536085
