times:
  edit-metadata: 2.9009035155177116
  landing: 2.1548368856310844
  view-data: 3.5384742841124535
