times:
  edit-metadata: 1.3888178020715714
  landing: 0.7393375113606453
  view-data: 3.437162071466446
