times:
  edit-metadata: 1.428237684071064
  landing: 0.7562801390886307
  view-data: 3.329916790127754
