times:
  edit-metadata: 1.4801582172513008
  landing: 0.7500208243727684
  view-data: 3.410761758685112
