times:
  edit-metadata: 1.7553911656141281
  landing: 1.2419922575354576
  view-data: 3.5173292458057404
