times:
  edit-metadata: 1.3390023931860924
  landing: 0.6949395909905434
  view-data: 3.406201235949993
