times:
  edit-metadata: 1.6327623054385185
  landing: 0.8349763005971909
  view-data: 3.3531012162566185
