times:
  edit-metadata: 1.5485314205288887
  landing: 0.7978392243385315
  view-data: 3.3223771154880524
