times:
  edit-metadata: 1.4382268488407135
  landing: 0.7771207764744759
  view-data: 3.307513155043125
