times:
  edit-metadata: 1.634868711233139
  landing: 0.7842822894454002
  view-data: 3.479031004011631
