times:
  edit-metadata: 1.4797827526926994
  landing: 0.7112334445118904
  view-data: 3.46601090580225
