times:
  edit-metadata: 1.4306512996554375
  landing: 0.7168763801455498
  view-data: 3.4966616854071617
