times:
  edit-metadata: 1.430992566049099
  landing: 0.7651483714580536
  view-data: 3.4303572550415993
