times:
  edit-metadata: 1.348085694015026
  landing: 0.7746051549911499
  view-data: 3.413776896893978
