times:
  edit-metadata: 1.5280136168003082
  landing: 0.8424609676003456
  view-data: 3.46265672147274
