times:
  edit-metadata: 1.470984447747469
  landing: 0.813458751887083
  view-data: 3.362473536282778
