times:
  edit-metadata: 1.5779553279280663
  landing: 7.208388417959213
  view-data: 5.418345049023628
