times:
  edit-metadata: 1.443101029843092
  landing: 0.7560516744852066
  view-data: 3.314832091331482
