times:
  edit-metadata: 1.455235704779625
  landing: 0.8040414154529572
  view-data: 3.486081972718239
