times:
  edit-metadata: 1.3466849997639656
  landing: 0.7584407813847065
  view-data: 3.277140598744154
