times:
  edit-metadata: 1.445351492613554
  landing: 0.8596149757504463
  view-data: 3.3436471670866013
