times:
  edit-metadata: 1.411203294992447
  landing: 0.8194644898176193
  view-data: 3.484904058277607
