times:
  edit-metadata: 1.5312334671616554
  landing: 0.7739919126033783
  view-data: 3.5095421969890594
