times:
  edit-metadata: 1.4804828986525536
  landing: 0.940717376768589
  view-data: 0.6200569123029709
