times:
  edit-metadata: 1.4686847105622292
  landing: 0.9309940710663795
  view-data: 3.40255406498909
