times:
  edit-metadata: 1.4936350733041763
  landing: 0.8487992137670517
  view-data: 3.5455221608281136
