times:
  edit-metadata: 1.5238738991320133
  landing: 0.9624049589037895
  view-data: 3.310050867497921
