times:
  edit-metadata: 1.4624730721116066
  landing: 0.710543654859066
  view-data: 3.423213116824627
