times:
  edit-metadata: 1.6192289888858795
  landing: 0.956138551235199
  view-data: 3.3550906106829643
