times:
  edit-metadata: 1.4845969937741756
  landing: 0.7741454876959324
  view-data: 3.2694252282381058
