times:
  edit-metadata: 1.5279796719551086
  landing: 0.8203582912683487
  view-data: 3.543866939842701
