times:
  edit-metadata: 1.4471763968467712
  landing: 0.7469998151063919
  view-data: 3.5153912156820297
