times:
  edit-metadata: 1.4671832472085953
  landing: 0.7087344750761986
  view-data: 3.5072372406721115
