times:
  edit-metadata: 1.4529240280389786
  landing: 0.7862436398863792
  view-data: 3.539201907813549
