times:
  edit-metadata: 1.5251912958920002
  landing: 0.8242186456918716
  view-data: 3.29936346039176
