times:
  edit-metadata: 1.4074844047427177
  landing: 0.732795462012291
  view-data: 3.5324333235621452
