times:
  edit-metadata: 1.6347344815731049
  landing: 0.9753769487142563
  view-data: 3.5186269655823708
