times:
  edit-metadata: 1.504145398736
  landing: 1.4241070970892906
  view-data: 3.679300680756569
