times:
  edit-metadata: 1.3988075032830238
  landing: 0.7381015792489052
  view-data: 3.3145234882831573
