times:
  edit-metadata: 1.5315600857138634
  landing: 0.7996902912855148
  view-data: 3.3989010602235794
