times:
  edit-metadata: 1.3590367883443832
  landing: 0.7880146205425262
  view-data: 3.6333938390016556
