times:
  edit-metadata: 1.5458539128303528
  landing: 0.9166674166917801
  view-data: 3.2647765912115574
