times:
  edit-metadata: 1.912794478237629
  landing: 0.9914438687264919
  view-data: 3.346652641892433
