times:
  edit-metadata: 1.4255401492118835
  landing: 0.8695437088608742
  view-data: 3.30861284583807
