times:
  edit-metadata: 1.4646225832402706
  landing: 0.753132876008749
  view-data: 3.282541945576668
