times:
  edit-metadata: 1.5890732258558273
  landing: 0.8482403606176376
  view-data: 3.4461982399225235
