times:
  edit-metadata: 1.513083040714264
  landing: 0.7841450497508049
  view-data: 3.309177465736866
