times:
  edit-metadata: 1.431079849600792
  landing: 0.7249955832958221
  view-data: 3.532117709517479
