times:
  edit-metadata: 1.4833197072148323
  landing: 0.7504951655864716
  view-data: 3.3199752308428288
