times:
  edit-metadata: 1.5129768252372742
  landing: 0.7980187013745308
  view-data: 3.3563781678676605
