times:
  edit-metadata: 1.3494729585945606
  landing: 0.7817119359970093
  view-data: 3.371287979185581
