times:
  edit-metadata: 1.426190372556448
  landing: 0.7704061456024647
  view-data: 3.3521275632083416
