times:
  edit-metadata: 1.4491226226091385
  landing: 1.319812037050724
  view-data: 3.4170411229133606
