times:
  edit-metadata: 1.5181497558951378
  landing: 0.9114247187972069
  view-data: 3.4718739986419678
