times:
  edit-metadata: 1.540098749101162
  landing: 0.8652630858123302
  view-data: 3.355469513684511
