times:
  edit-metadata: 1.4694052934646606
  landing: 0.7395031414926052
  view-data: 3.3449055552482605
