times:
  edit-metadata: 1.5472927019000053
  landing: 0.8680849969387054
  view-data: 3.535898797214031
