times:
  edit-metadata: 1.4436664544045925
  landing: 0.7773207202553749
  view-data: 3.3782627545297146
