times:
  edit-metadata: 1.4210769571363926
  landing: 0.7308000437915325
  view-data: 3.3181701190769672
