times:
  edit-metadata: 2.576629290357232
  landing: 0.29082345589995384
  view-data: 0.20407812856137753
