times:
  edit-metadata: 2.051611558534205
  landing: 0.021854564547538757
  view-data: 0.02718360349535942
