times:
  edit-metadata: 1.1405718866735697
  landing: 0.044742414727807045
  view-data: 0.2310747727751732
