times:
  edit-metadata: 1.1076976787298918
  landing: 0.04873179364949465
  view-data: 0.24304365180432796
