times:
  edit-metadata: 2.4144150279462337
  landing: 0.16815000027418137
  view-data: 0.17386739887297153
