times:
  edit-metadata: 1.2117949738167226
  landing: 0.06727394601330161
  view-data: 0.3909346777945757
