times:
  edit-metadata: 1.494349829852581
  landing: 0.7722659418359399
  view-data: 3.32865222543478
