times:
  edit-metadata: 1.2141174009884708
  landing: 0.06187920599768404
  view-data: 0.25086969799303915
