times:
  edit-metadata: 4.521641908213496
  landing: 2.2807736471295357
  view-data: 4.135578507557511
