times:
  edit-metadata: 1.5678702592849731
  landing: 0.7732306197285652
  view-data: 3.416735351085663
