times:
  edit-metadata: 1.4729124084115028
  landing: 0.7961111143231392
  view-data: 3.331045787781477
