times:
  edit-metadata: 2.179717481136322
  landing: 0.02280166558921337
  view-data: 0.10302760824561119
