times:
  edit-metadata: 1.4212859757244587
  landing: 0.775541365146637
  view-data: 3.3883818350732327
