times:
  edit-metadata: 1.5316134900785983
  landing: 0.8732598009519279
  view-data: 3.356075822841376
