times:
  edit-metadata: 2.1642461325973272
  landing: 1.1322966795414686
  view-data: 3.4172550085932016
