times:
  edit-metadata: 1.3666438534855843
  landing: 0.7753288634121418
  view-data: 3.2735613249242306
