times:
  edit-metadata: 1.1410401109606028
  landing: 0.05283324373885989
  view-data: 0.22852414939552546
