times:
  edit-metadata: 1.4397432869300246
  landing: 0.770186422392726
  view-data: 3.4229206312447786
