times:
  edit-metadata: 1.3599202744662762
  landing: 0.7961468957364559
  view-data: 3.3010010235011578
