times:
  edit-metadata: 1.1341839851811528
  landing: 0.041731998324394226
  view-data: 0.23746088333427906
