times:
  edit-metadata: 1.2931602040189318
  landing: 0.14433418097905815
  view-data: 0.2725925550039392
