times:
  edit-metadata: 1.0545701733790338
  landing: 0.04286317294463515
  view-data: 0.22856696136295795
