times:
  edit-metadata: 1.4670027829706669
  landing: 0.9624008461833
  view-data: 3.3540139831602573
