times:
  edit-metadata: 1.1195480665192008
  landing: 0.046435135416686535
  view-data: 0.2453244561329484
