times:
  edit-metadata: 1.4387529520317912
  landing: 0.8227218603715301
  view-data: 3.438897091895342
