times:
  edit-metadata: 2.0546127082780004
  landing: 0.020411940291523933
  view-data: 0.12668568175286055
