times:
  edit-metadata: 3.467719729989767
  landing: 0.31016405671834946
  view-data: 0.6860456457361579
