times:
  edit-metadata: 1.251554647111334
  landing: 0.07228752598166466
  view-data: 0.2669731449568644
