times:
  edit-metadata: 1.473548300564289
  landing: 0.8712458647787571
  view-data: 3.352711483836174
