times:
  edit-metadata: 2.0901141865178943
  landing: 0.02027697116136551
  view-data: 0.02845336776226759
