times:
  edit-metadata: 2.2358017172664404
  landing: 0.02060132473707199
  view-data: 0.02758721075952053
