times:
  edit-metadata: 1.3854329229798168
  landing: 1.1303517690394074
  view-data: 3.292051353957504
