times:
  edit-metadata: 1.9887914909049869
  landing: 0.021633755415678024
  view-data: 0.12123614642769098
