times:
  edit-metadata: 2.3346059434115887
  landing: 0.16577612236142159
  view-data: 0.104645861312747
