times:
  edit-metadata: 2.67901979573071
  landing: 0.24861308373510838
  view-data: 0.3893901128321886
