times:
  edit-metadata: 2.458255395293236
  landing: 0.35702105052769184
  view-data: 0.16897657699882984
