times:
  edit-metadata: 1.9727749871090055
  landing: 0.01909017190337181
  view-data: 0.026181009598076344
