times:
  edit-metadata: 1.5312391445040703
  landing: 0.8192578870803118
  view-data: 3.4169029258191586
