times:
  edit-metadata: 2.2879935652017593
  landing: 0.020148342475295067
  view-data: 0.32394339703023434
