times:
  edit-metadata: 1.445555395912379
  landing: 0.04983627609908581
  view-data: 0.2540371431969106
