times:
  edit-metadata: 1.5019851755350828
  landing: 0.7144073415547609
  view-data: 3.341985473409295
