times:
  edit-metadata: 1.2731463303789496
  landing: 0.05075321812182665
  view-data: 0.25470327120274305
