times:
  edit-metadata: 1.5644913464784622
  landing: 0.8200000431388617
  view-data: 3.27934530377388
