times:
  edit-metadata: 1.482446599751711
  landing: 0.8518086373806
  view-data: 3.330703940242529
