times:
  edit-metadata: 1.4258496798574924
  landing: 0.9105434715747833
  view-data: 3.3165828958153725
