times:
  edit-metadata: 1.6250128000974655
  landing: 0.14167260890826583
  view-data: 0.3027592138387263
