times:
  edit-metadata: 1.109212378039956
  landing: 0.04099821578711271
  view-data: 0.23965736385434866
