times:
  edit-metadata: 1.6321166791021824
  landing: 1.0207674764096737
  view-data: 3.4684415385127068
