times:
  edit-metadata: 1.4632263984531164
  landing: 0.8069279287010431
  view-data: 3.3681863052770495
