times:
  edit-metadata: 2.3558027036488056
  landing: 0.018847046419978142
  view-data: 0.38148883916437626
