times:
  edit-metadata: 1.4318844014778733
  landing: 0.8306346954777837
  view-data: 3.3794097173959017
