times:
  edit-metadata: 1.380226206034422
  landing: 0.9326365292072296
  view-data: 3.497035052627325
