times:
  edit-metadata: 1.6361960116773844
  landing: 0.9030521754175425
  view-data: 3.4490988571196795
