times:
  edit-metadata: 2.1753720808774233
  landing: 0.19939330779016018
  view-data: 0.2916449122130871
