times:
  edit-metadata: 1.1945836150553077
  landing: 0.0612991051748395
  view-data: 0.3937218999490142
