times:
  edit-metadata: 1.4485395113006234
  landing: 0.8234542971476912
  view-data: 3.384196562692523
