times:
  edit-metadata: 2.9167565256357193
  landing: 0.14511203579604626
  view-data: 0.4229768570512533
