times:
  edit-metadata: 1.211551341926679
  landing: 0.06248526903800666
  view-data: 0.35715502104721963
