times:
  edit-metadata: 1.0973476530052722
  landing: 0.04507025936618447
  view-data: 0.2399653745815158
