times:
  edit-metadata: 1.2085927100852132
  landing: 0.07328242086805403
  view-data: 0.25571813783608377
