times:
  edit-metadata: 1.1245162640698254
  landing: 0.04102503275498748
  view-data: 0.2412617038935423
