times:
  edit-metadata: 2.247256178408861
  landing: 0.19551093317568302
  view-data: 0.12707051262259483
