times:
  edit-metadata: 1.418493033386767
  landing: 0.7777457144111395
  view-data: 3.308342395350337
