times:
  edit-metadata: 1.0712068313732743
  landing: 0.040629422292113304
  view-data: 0.23696330096572638
