times:
  edit-metadata: 1.5182449270505458
  landing: 0.7761372840031981
  view-data: 3.3343942021019757
