times:
  edit-metadata: 1.9553574360907078
  landing: 1.357758179306984
  view-data: 3.518178705126047
