times:
  edit-metadata: 1.3629100546240807
  landing: 0.8429735377430916
  view-data: 3.4790159836411476
