times:
  edit-metadata: 1.3386276997625828
  landing: 0.7521440703421831
  view-data: 3.3662419971078634
