times:
  edit-metadata: 1.3932531401515007
  landing: 0.8622725121676922
  view-data: 3.3213375248014927
