times:
  edit-metadata: 2.3893570052459836
  landing: 0.2374479752033949
  view-data: 0.32735852524638176
