times:
  edit-metadata: 1.5195655710995197
  landing: 0.9385194778442383
  view-data: 3.3651215881109238
