times:
  edit-metadata: 2.078109989874065
  landing: 0.021763167344033718
  view-data: 0.025003126822412014
