times:
  edit-metadata: 1.245236094808206
  landing: 0.06262810388579965
  view-data: 0.25990299810655415
