times:
  edit-metadata: 1.2327838010096457
  landing: 0.0527703860134352
  view-data: 0.26353160399594344
