times:
  edit-metadata: 2.4452520478516817
  landing: 0.29281408712267876
  view-data: 0.3299859073013067
