times:
  edit-metadata: 1.1288711447268724
  landing: 0.039147729985415936
  view-data: 0.2291664220392704
