times:
  edit-metadata: 1.4685242343693972
  landing: 0.9527692552655935
  view-data: 3.3399067521095276
