times:
  edit-metadata: 1.2494462891481817
  landing: 0.06793247302994132
  view-data: 0.26190961385145783
