times:
  edit-metadata: 1.2863499090308324
  landing: 0.08326273504644632
  view-data: 0.2647436499828473
