times:
  edit-metadata: 2.2315358575433493
  landing: 0.020062696188688278
  view-data: 0.32439693808555603
