times:
  edit-metadata: 2.0062955087050796
  landing: 0.02261189464479685
  view-data: 0.12745087686926126
