times:
  edit-metadata: 2.054645013064146
  landing: 1.290902316570282
  view-data: 3.556593384593725
