times:
  edit-metadata: 2.177209921181202
  landing: 0.18317696079611778
  view-data: 0.02697218395769596
