times:
  edit-metadata: 1.5357723496854305
  landing: 0.9186120629310608
  view-data: 3.441409669816494
