times:
  edit-metadata: 1.343854023143649
  landing: 0.7884954488836229
  view-data: 3.3124275766313076
