times:
  edit-metadata: 1.2347063273191452
  landing: 0.07824708707630634
  view-data: 0.25688417302444577
