times:
  edit-metadata: 1.528061332181096
  landing: 0.726486824452877
  view-data: 3.3533153757452965
