times:
  edit-metadata: 1.4887446537613869
  landing: 6.011192966252565
  view-data: 3.413998767733574
