times:
  edit-metadata: 1.3694098982959986
  landing: 0.6646785736083984
  view-data: 3.2905792351812124
