times:
  edit-metadata: 1.2128416719497181
  landing: 0.06258053903002292
  view-data: 0.25460190599551424
