times:
  edit-metadata: 1.548812348395586
  landing: 0.9350393861532211
  view-data: 3.3666298761963844
