times:
  edit-metadata: 1.070268697105348
  landing: 0.04340375913307071
  view-data: 0.22544618230313063
