times:
  edit-metadata: 1.2053009290248156
  landing: 0.07451961399056017
  view-data: 0.2623708739411086
