times:
  edit-metadata: 1.2546293798368424
  landing: 0.054241759004071355
  view-data: 0.2550228228792548
