times:
  edit-metadata: 2.0969905741512775
  landing: 0.023516926914453506
  view-data: 0.2950415890663862
