times:
  edit-metadata: 1.4644284299574792
  landing: 0.04024615604430437
  view-data: 0.2612412909511477
