times:
  edit-metadata: 2.0184577126055956
  landing: 0.20677223429083824
  view-data: 0.4362394856289029
