times:
  edit-metadata: 1.4109081104397774
  landing: 0.7816334702074528
  view-data: 3.305961314588785
