times:
  edit-metadata: 1.4267833065241575
  landing: 0.8255667136982083
  view-data: 3.453988589346409
