times:
  edit-metadata: 1.4574891738593578
  landing: 0.7794518768787384
  view-data: 3.3925827369093895
