times:
  edit-metadata: 2.1973420195281506
  landing: 0.17100233770906925
  view-data: 0.30772378854453564
