times:
  edit-metadata: 1.1395781245082617
  landing: 0.0499318977817893
  view-data: 0.23223727475851774
