times:
  edit-metadata: 1.5488704526796937
  landing: 0.8902383213862777
  view-data: 3.331503828987479
