times:
  edit-metadata: 1.1559527842327952
  landing: 0.05178518686443567
  view-data: 0.37179009709507227
