times:
  edit-metadata: 2.559458243660629
  landing: 1.1702248575165868
  view-data: 3.720149289816618
