times:
  edit-metadata: 1.5490994602441788
  landing: 7.258010007441044
  view-data: 3.4201689772307873
