times:
  edit-metadata: 1.4621131774038076
  landing: 0.7472045328468084
  view-data: 3.396450811997056
