times:
  edit-metadata: 1.4741833098232746
  landing: 0.7106476537883282
  view-data: 3.3100037425756454
