times:
  edit-metadata: 2.589415453374386
  landing: 1.4360841140151024
  view-data: 3.6428811699151993
