times:
  edit-metadata: 2.3019181545823812
  landing: 0.24468538723886013
  view-data: 0.1421461272984743
