times:
  edit-metadata: 1.6347625269554555
  landing: 0.9565793350338936
  view-data: 3.3683713362552226
