times:
  edit-metadata: 1.5381636209785938
  landing: 1.0538673475384712
  view-data: 3.386735685169697
