times:
  edit-metadata: 1.387941401451826
  landing: 0.8970009684562683
  view-data: 3.35243222117424
