times:
  edit-metadata: 1.5044299513101578
  landing: 0.861652173101902
  view-data: 3.309699174016714
