times:
  edit-metadata: 2.397738317027688
  landing: 0.021361272782087326
  view-data: 0.13487987220287323
