times:
  edit-metadata: 2.292700642719865
  landing: 0.18534677289426327
  view-data: 0.14482850022614002
