times:
  edit-metadata: 1.2061073849909008
  landing: 0.0795198279665783
  view-data: 0.25206346390768886
