times:
  edit-metadata: 1.981468951329589
  landing: 0.12265472672879696
  view-data: 0.12630377430468798
