times:
  edit-metadata: 2.630509540438652
  landing: 0.27850125543773174
  view-data: 0.22479886375367641
