times:
  edit-metadata: 1.2212948938831687
  landing: 0.07953263074159622
  view-data: 0.2553255530074239
