times:
  edit-metadata: 1.6893708854913712
  landing: 0.9981079585850239
  view-data: 3.3506881818175316
