times:
  edit-metadata: 1.3957498967647552
  landing: 0.8527685739099979
  view-data: 3.3202234394848347
