times:
  edit-metadata: 2.1848572120070457
  landing: 0.12899580970406532
  view-data: 0.353229071944952
