times:
  edit-metadata: 1.2658301670016954
  landing: 0.05071599700022489
  view-data: 0.2614930890049436
