times:
  edit-metadata: 1.5715296622365713
  landing: 0.8990835826843977
  view-data: 3.3592475913465023
