times:
  edit-metadata: 1.1978555839741603
  landing: 0.0597515880363062
  view-data: 0.25265351095004007
