times:
  edit-metadata: 2.9045747239142656
  landing: 0.022807011380791664
  view-data: 0.3184371292591095
