times:
  edit-metadata: 1.4083515368402004
  landing: 0.7235211953520775
  view-data: 3.415951941162348
