times:
  edit-metadata: 1.5629304110188968
  landing: 0.12566164997406304
  view-data: 0.25094165897462517
