times:
  edit-metadata: 2.0110633550211787
  landing: 0.16736756078898907
  view-data: 0.12041579000651836
