times:
  edit-metadata: 1.2375790610094555
  landing: 0.06402293598512188
  view-data: 0.26502745400648564
