times:
  edit-metadata: 1.508650528267026
  landing: 0.7864031856879592
  view-data: 3.4785894230008125
