times:
  edit-metadata: 1.2084417761070654
  landing: 0.05564845202025026
  view-data: 0.24528446898330003
