times:
  edit-metadata: 1.5180888883769512
  landing: 0.7630514577031136
  view-data: 3.377406671643257
