times:
  edit-metadata: 1.5382681973278522
  landing: 0.8844450637698174
  view-data: 3.3215697817504406
