times:
  edit-metadata: 1.8825327455997467
  landing: 1.1982673853635788
  view-data: 3.5536175183951855
