times:
  edit-metadata: 1.4400763548910618
  landing: 0.8716482426971197
  view-data: 3.3830668050795794
