times:
  edit-metadata: 1.2684650751762092
  landing: 0.060556420125067234
  view-data: 0.2720720861107111
