times:
  edit-metadata: 1.998320547863841
  landing: 0.11803119350224733
  view-data: 0.028518421575427055
