times:
  edit-metadata: 2.0910501796752214
  landing: 0.21185285225510597
  view-data: 0.02490156702697277
