times:
  edit-metadata: 2.083997732028365
  landing: 0.022356346249580383
  view-data: 0.023709524422883987
