times:
  edit-metadata: 1.2653572720009834
  landing: 0.07040383398998529
  view-data: 0.2588743589585647
