times:
  edit-metadata: 1.527127742767334
  landing: 0.8427140191197395
  view-data: 3.409111935645342
