times:
  edit-metadata: 1.1706631742417812
  landing: 0.0470429421402514
  view-data: 0.23827959690243006
