times:
  edit-metadata: 1.5303018409758806
  landing: 0.7914856467396021
  view-data: 3.4222322441637516
