times:
  edit-metadata: 1.0873014377430081
  landing: 0.045448652002960443
  view-data: 0.23145947605371475
