times:
  edit-metadata: 1.3029241689946502
  landing: 0.06653551396448165
  view-data: 0.25978878198657185
