times:
  edit-metadata: 2.0904414895921946
  landing: 0.19557476416230202
  view-data: 0.36533259972929955
