times:
  edit-metadata: 1.419001765549183
  landing: 0.8843906484544277
  view-data: 3.4210425689816475
