times:
  edit-metadata: 1.214856214000065
  landing: 0.06397161899985804
  view-data: 0.25533099099993706
