times:
  edit-metadata: 1.438010897487402
  landing: 1.1322790123522282
  view-data: 3.413018513470888
