times:
  edit-metadata: 1.1003027828410268
  landing: 0.04007763788104057
  view-data: 0.23594463197514415
