times:
  edit-metadata: 1.5202464759349823
  landing: 0.9481731243431568
  view-data: 3.434192791581154
