times:
  edit-metadata: 1.209297473076731
  landing: 0.061535249929875135
  view-data: 0.2619422529824078
