times:
  edit-metadata: 2.015604579821229
  landing: 0.022132772020995617
  view-data: 0.12390434183180332
