times:
  edit-metadata: 1.2278481656685472
  landing: 0.06549399998039007
  view-data: 0.24676877493038774
