times:
  edit-metadata: 1.7816629186272621
  landing: 1.414789192378521
  view-data: 3.373578280210495
