times:
  edit-metadata: 2.008467510342598
  landing: 0.020926399156451225
  view-data: 0.10037765745073557
