times:
  edit-metadata: 1.3968953406438231
  landing: 0.8810435384511948
  view-data: 3.4047006284818053
