times:
  edit-metadata: 1.2665771441534162
  landing: 0.7281041154637933
  view-data: 3.6257859459146857
