times:
  edit-metadata: 1.3924514204263687
  landing: 0.8851753287017345
  view-data: 3.3593387715518475
