times:
  edit-metadata: 2.465391084551811
  landing: 1.3846753789111972
  view-data: 3.661415391601622
