times:
  edit-metadata: 1.9930664030835032
  landing: 0.021049875766038895
  view-data: 0.027064437977969646
