times:
  edit-metadata: 2.963688548654318
  landing: 1.173001240938902
  view-data: 3.2974854335188866
