times:
  edit-metadata: 1.577723491936922
  landing: 0.9197244681417942
  view-data: 3.302766904234886
