times:
  edit-metadata: 2.1993326786905527
  landing: 0.02182476967573166
  view-data: 0.02604983001947403
