times:
  edit-metadata: 1.863071020692587
  landing: 1.0249070972204208
  view-data: 3.487090714275837
