times:
  edit-metadata: 2.1766550708562136
  landing: 0.020224121399223804
  view-data: 0.052368149161338806
