times:
  edit-metadata: 2.162941257469356
  landing: 0.026812746189534664
  view-data: 0.14754313230514526
