times:
  edit-metadata: 1.530865740031004
  landing: 0.9250680692493916
  view-data: 3.401306189596653
