times:
  edit-metadata: 1.2597617739957059
  landing: 0.06930720499076415
  view-data: 0.25790430899360217
