times:
  edit-metadata: 1.5859512351453304
  landing: 0.846391823142767
  view-data: 3.4172318316996098
