times:
  edit-metadata: 2.251490529626608
  landing: 0.11798771657049656
  view-data: 0.31755949929356575
