times:
  edit-metadata: 1.5475028231739998
  landing: 0.909714087843895
  view-data: 3.430397152900696
