times:
  edit-metadata: 1.47856555134058
  landing: 0.94961192086339
  view-data: 3.3690721951425076
