times:
  edit-metadata: 1.2710491728503257
  landing: 0.054017830872908235
  view-data: 0.37422657920978963
