times:
  edit-metadata: 2.0317144384607673
  landing: 0.02096470445394516
  view-data: 0.12178904935717583
