times:
  edit-metadata: 1.9842531839385629
  landing: 0.02280277945101261
  view-data: 0.12256970442831516
