times:
  edit-metadata: 4.852608364075422
  landing: 1.907281082123518
  view-data: 4.038904290646315
