times:
  edit-metadata: 1.4080218225717545
  landing: 2.2400920279324055
  view-data: 3.3439262695610523
