times:
  edit-metadata: 1.5619763433933258
  landing: 1.0006179064512253
  view-data: 3.41768217086792
