times:
  edit-metadata: 1.3818104560050415
  landing: 0.09131617000093684
  view-data: 0.2741430480091367
