times:
  edit-metadata: 2.211844075471163
  landing: 0.22452252730727196
  view-data: 0.02686377987265587
