times:
  edit-metadata: 2.2523108702152967
  landing: 0.021644724532961845
  view-data: 0.38178293965756893
