times:
  edit-metadata: 2.0850383238866925
  landing: 0.22312109265476465
  view-data: 0.25327949319034815
