times:
  edit-metadata: 1.260057494044304
  landing: 0.0723269609734416
  view-data: 0.2528204470872879
