times:
  edit-metadata: 2.0255025550723076
  landing: 0.020772798918187618
  view-data: 0.02536839433014393
