times:
  edit-metadata: 2.234529184177518
  landing: 0.22235176526010036
  view-data: 0.1448176670819521
