times:
  edit-metadata: 1.2339488370344043
  landing: 0.06759187486022711
  view-data: 0.28250525798648596
