times:
  edit-metadata: 1.995284485630691
  landing: 0.02196099516004324
  view-data: 0.025416492484509945
