times:
  edit-metadata: 2.0300726471468806
  landing: 0.1712559126317501
  view-data: 0.11654494982212782
