times:
  edit-metadata: 1.222740299999714
  landing: 0.06675884872674942
  view-data: 0.24830131325870752
