times:
  edit-metadata: 1.536996029317379
  landing: 1.0373254418373108
  view-data: 3.36705082654953
