times:
  edit-metadata: 1.8930159993469715
  landing: 1.0334746912121773
  view-data: 3.4689739532768726
