times:
  edit-metadata: 1.2172089550294913
  landing: 0.06853772199247032
  view-data: 0.2615035939961672
