times:
  edit-metadata: 1.542730636894703
  landing: 0.7322609405964613
  view-data: 3.353615799918771
