times:
  edit-metadata: 2.074626845307648
  landing: 0.019718865863978863
  view-data: 0.11866504792124033
