times:
  edit-metadata: 1.975893777795136
  landing: 0.11726260092109442
  view-data: 0.11886301636695862
