times:
  edit-metadata: 1.1320573464035988
  landing: 0.04012384032830596
  view-data: 0.24159768596291542
