times:
  edit-metadata: 2.200792352668941
  landing: 0.01825055666267872
  view-data: 0.11549125611782074
