times:
  edit-metadata: 2.0131799886003137
  landing: 0.02083896193653345
  view-data: 0.3298373781144619
