times:
  edit-metadata: 1.4294065684080124
  landing: 1.0332965217530727
  view-data: 3.3698078021407127
