times:
  edit-metadata: 1.3845656858757138
  landing: 0.7990819709375501
  view-data: 3.322073668241501
