times:
  edit-metadata: 1.2913912369986065
  landing: 0.13186536997091025
  view-data: 0.2635170840076171
