times:
  edit-metadata: 1.5354386679828167
  landing: 0.7529747970402241
  view-data: 3.3488785214722157
