times:
  edit-metadata: 1.094158326741308
  landing: 0.04028460197150707
  view-data: 0.23339513782411814
