times:
  edit-metadata: 1.2397315269336104
  landing: 0.06955746305175126
  view-data: 0.2705484890611842
