times:
  edit-metadata: 1.092643566429615
  landing: 0.04305669292807579
  view-data: 0.2336331233382225
