times:
  edit-metadata: 1.6203927546739578
  landing: 0.9622722640633583
  view-data: 3.3083468340337276
