times:
  edit-metadata: 1.2510983610409312
  landing: 0.06316252099350095
  view-data: 0.27149229700444266
