times:
  edit-metadata: 2.330047018826008
  landing: 2.0713337678462267
  view-data: 3.415544807910919
