times:
  edit-metadata: 2.564686644822359
  landing: 0.022436082363128662
  view-data: 0.11798737570643425
