times:
  edit-metadata: 2.0641669426113367
  landing: 0.021907810121774673
  view-data: 0.40128222201019526
