times:
  edit-metadata: 2.3105917423963547
  landing: 0.20544959604740143
  view-data: 0.3135160803794861
