times:
  edit-metadata: 1.9843118898570538
  landing: 0.11622614599764347
  view-data: 0.40399731136858463
