times:
  edit-metadata: 1.6115093296393752
  landing: 0.8163700634613633
  view-data: 3.3778759855777025
