times:
  edit-metadata: 1.259964808006771
  landing: 0.04613206104841083
  view-data: 0.25280238001141697
