times:
  edit-metadata: 2.3710504435002804
  landing: 0.0230207871645689
  view-data: 0.10300325974822044
