times:
  edit-metadata: 1.2276536598801613
  landing: 0.0844549760222435
  view-data: 0.24268811102956533
