times:
  edit-metadata: 1.4097096044570208
  landing: 0.7477948144078255
  view-data: 3.2990375086665154
