times:
  edit-metadata: 1.5933316070586443
  landing: 0.7893314454704523
  view-data: 3.4446753207594156
