times:
  edit-metadata: 1.5328478515148163
  landing: 0.855459263548255
  view-data: 3.4007450472563505
