times:
  edit-metadata: 1.442065518349409
  landing: 0.9786234870553017
  view-data: 3.3547615706920624
