times:
  edit-metadata: 1.5805780719965696
  landing: 0.9133915570564568
  view-data: 3.322574387304485
