times:
  edit-metadata: 1.37307608127594
  landing: 0.8139678612351418
  view-data: 3.3068579770624638
