times:
  edit-metadata: 1.4537511989474297
  landing: 0.14201510325074196
  view-data: 0.4108118312433362
