times:
  edit-metadata: 1.3442536171060055
  landing: 0.7529270040104166
  view-data: 3.2846309969900176
