times:
  edit-metadata: 1.140725489705801
  landing: 0.0479795103892684
  view-data: 0.23675545491278172
