times:
  edit-metadata: 2.0655354792252183
  landing: 0.02155369520187378
  view-data: 0.0258248345926404
