times:
  edit-metadata: 2.15368040651083
  landing: 0.2067092526704073
  view-data: 0.12084478512406349
