times:
  edit-metadata: 2.7658684700727463
  landing: 1.2962958365678787
  view-data: 3.6545110754668713
