times:
  edit-metadata: 1.2746612650807947
  landing: 0.05411953013390303
  view-data: 0.24836787418462336
