times:
  edit-metadata: 2.944824807345867
  landing: 0.2780600981786847
  view-data: 0.3563514482229948
