times:
  edit-metadata: 1.5529464446008205
  landing: 1.0376737583428621
  view-data: 3.4370230436325073
