times:
  edit-metadata: 2.8205856401473284
  landing: 0.19157029129564762
  view-data: 0.4103932958096266
