times:
  edit-metadata: 1.147742130793631
  landing: 0.05104026012122631
  view-data: 0.23848900850862265
