times:
  edit-metadata: 2.005756389349699
  landing: 0.020068717189133167
  view-data: 0.12541803158819675
