times:
  edit-metadata: 2.101653435267508
  landing: 0.11586548574268818
  view-data: 0.02465454675257206
