times:
  edit-metadata: 1.6055165850557387
  landing: 0.0587502671405673
  view-data: 0.24330760911107063
