times:
  edit-metadata: 1.5062021240592003
  landing: 0.7679736874997616
  view-data: 3.3736585080623627
