times:
  edit-metadata: 1.6358151957392693
  landing: 0.9419957175850868
  view-data: 3.3786361776292324
