times:
  edit-metadata: 1.2537585338577628
  landing: 0.055844878079369664
  view-data: 0.25479918508790433
