times:
  edit-metadata: 2.2143736463040113
  landing: 0.2107754023745656
  view-data: 0.13220427837222815
