times:
  edit-metadata: 2.3638935927301645
  landing: 0.020703094080090523
  view-data: 0.0265604630112648
