times:
  edit-metadata: 1.0862316265702248
  landing: 0.04341766983270645
  view-data: 0.24493836984038353
