times:
  edit-metadata: 1.4395163219887763
  landing: 0.7241554800421
  view-data: 3.3763522019144148
