times:
  edit-metadata: 2.6067907363176346
  landing: 0.2900575362145901
  view-data: 0.3856963198632002
