times:
  edit-metadata: 2.416998527944088
  landing: 0.020496699959039688
  view-data: 0.0316616203635931
