times:
  edit-metadata: 1.1010666210204363
  landing: 0.040850145276635885
  view-data: 0.2363256150856614
