times:
  edit-metadata: 1.0895584430545568
  landing: 0.047048624604940414
  view-data: 0.23903623688966036
