times:
  edit-metadata: 1.4384081363677979
  landing: 0.9591224193572998
  view-data: 3.385513596236706
