times:
  edit-metadata: 1.4241119930520654
  landing: 0.8644286161288619
  view-data: 3.3788209622725844
