times:
  edit-metadata: 1.0784778431989253
  landing: 0.03847319632768631
  view-data: 0.2329803667962551
