times:
  edit-metadata: 1.3448166446760297
  landing: 0.7381454221904278
  view-data: 3.362678733188659
