times:
  edit-metadata: 1.421879569068551
  landing: 0.8181362748146057
  view-data: 3.3527311999350786
