times:
  edit-metadata: 1.554959086701274
  landing: 0.8122170828282833
  view-data: 3.3886654879897833
