times:
  edit-metadata: 2.2407975886017084
  landing: 0.11672504059970379
  view-data: 0.027378074824810028
