times:
  edit-metadata: 1.378077458590269
  landing: 0.8313911184668541
  view-data: 3.365736659616232
