times:
  edit-metadata: 2.0182852782309055
  landing: 0.02112898137420416
  view-data: 0.11526476684957743
