times:
  edit-metadata: 1.7143145576119423
  landing: 1.011216971091926
  view-data: 3.6256755106151104
