times:
  edit-metadata: 1.4829464592039585
  landing: 0.8718873560428619
  view-data: 3.3184088319540024
