times:
  edit-metadata: 2.45996430516243
  landing: 0.2890480160713196
  view-data: 0.3206723891198635
