times:
  edit-metadata: 2.275398161262274
  landing: 0.021124890074133873
  view-data: 0.1293896958231926
