times:
  edit-metadata: 1.6079901978373528
  landing: 1.0941934622824192
  view-data: 3.374928541481495
