times:
  edit-metadata: 1.794598799198866
  landing: 0.9014169881120324
  view-data: 3.349870217964053
