times:
  edit-metadata: 1.9966551885008812
  landing: 0.021106990054249763
  view-data: 0.12480248976498842
