times:
  edit-metadata: 2.4160101786255836
  landing: 0.3139819111675024
  view-data: 0.15096943266689777
