times:
  edit-metadata: 1.535872459411621
  landing: 0.9019504506140947
  view-data: 3.343842038884759
