times:
  edit-metadata: 1.5291015859693289
  landing: 0.8734383154660463
  view-data: 3.4490774516016245
