times:
  edit-metadata: 2.035972367040813
  landing: 0.020893847569823265
  view-data: 0.027166198007762432
