times:
  edit-metadata: 1.1528789880685508
  landing: 0.04058208502829075
  view-data: 0.22953134588897228
