times:
  edit-metadata: 1.4719512779265642
  landing: 0.814942923374474
  view-data: 3.3796734707430005
