times:
  edit-metadata: 2.0880423607304692
  landing: 0.01914857141673565
  view-data: 0.025400820188224316
