times:
  edit-metadata: 2.8039793856441975
  landing: 0.2878021188080311
  view-data: 0.18341401033103466
