times:
  edit-metadata: 2.080746210180223
  landing: 0.021393231116235256
  view-data: 0.4354149354621768
