times:
  edit-metadata: 1.9872002266347408
  landing: 0.020069068297743797
  view-data: 0.3888003909960389
