times:
  edit-metadata: 1.2527981289895251
  landing: 0.04673996998462826
  view-data: 0.25607152801239863
