times:
  edit-metadata: 2.000971954315901
  landing: 0.02114091720432043
  view-data: 0.027504144236445427
