times:
  edit-metadata: 1.404806461185217
  landing: 0.8472314523532987
  view-data: 3.25489913020283
