times:
  edit-metadata: 1.494032945483923
  landing: 0.7662636656314135
  view-data: 3.4191483799368143
