times:
  edit-metadata: 2.17127550765872
  landing: 0.21699830889701843
  view-data: 0.10152655281126499
