times:
  edit-metadata: 1.4980987068265676
  landing: 0.8865638971328735
  view-data: 3.418782640248537
