times:
  edit-metadata: 1.981309368275106
  landing: 0.11603746190667152
  view-data: 0.11421342752873898
