times:
  edit-metadata: 2.6890968419611454
  landing: 0.022765008732676506
  view-data: 0.3432709574699402
