times:
  edit-metadata: 1.5699771046638489
  landing: 0.8071869909763336
  view-data: 3.3897207900881767
