times:
  edit-metadata: 2.0508055295795202
  landing: 0.022642066702246666
  view-data: 0.13680527359247208
