times:
  edit-metadata: 1.3552175015211105
  landing: 0.7401349432766438
  view-data: 3.319259189069271
