times:
  edit-metadata: 2.1722755264490843
  landing: 0.19069591537117958
  view-data: 0.22317255567759275
