times:
  edit-metadata: 2.5423236079514027
  landing: 0.20559034310281277
  view-data: 0.05690213292837143
