times:
  edit-metadata: 1.540858929976821
  landing: 0.8102569617331028
  view-data: 3.4208431504666805
