times:
  edit-metadata: 2.036717200651765
  landing: 0.02070692740380764
  view-data: 0.21493753045797348
