times:
  edit-metadata: 1.2382852619921323
  landing: 0.048159331985516474
  view-data: 0.2595309060125146
