times:
  edit-metadata: 1.6000607274472713
  landing: 0.8890485297888517
  view-data: 3.452906234189868
