times:
  edit-metadata: 2.0022055925801396
  landing: 0.02092160750180483
  view-data: 0.1220289571210742
