times:
  edit-metadata: 2.48627738468349
  landing: 0.05001668818295002
  view-data: 0.32406469620764256
