times:
  edit-metadata: 1.4981454722583294
  landing: 0.7860581129789352
  view-data: 3.399587543681264
