times:
  edit-metadata: 1.2838051859289408
  landing: 0.046681822976097465
  view-data: 0.38767860806547105
