times:
  edit-metadata: 1.5179343279451132
  landing: 0.7834109105169773
  view-data: 3.414720533415675
