times:
  edit-metadata: 1.5254718880169094
  landing: 0.07989690871909261
  view-data: 0.38619648665189743
