times:
  edit-metadata: 1.5194407869130373
  landing: 0.7534235324710608
  view-data: 3.3858301639556885
