times:
  edit-metadata: 1.5473046600818634
  landing: 0.7578151449561119
  view-data: 3.408302888274193
