times:
  edit-metadata: 1.2216177110094577
  landing: 0.0724846349330619
  view-data: 0.2642281230073422
