times:
  edit-metadata: 1.2085470620077103
  landing: 0.06165488692931831
  view-data: 0.25828451686538756
