times:
  edit-metadata: 3.386246608570218
  landing: 0.2674226015806198
  view-data: 0.2850818857550621
