times:
  edit-metadata: 1.4439106322824955
  landing: 0.770330436527729
  view-data: 3.325651627033949
