times:
  edit-metadata: 1.2749501592479646
  landing: 0.04963291808962822
  view-data: 0.2579668490216136
