times:
  edit-metadata: 1.4239368790294975
  landing: 0.8428911420051008
  view-data: 3.369201604044065
