times:
  edit-metadata: 2.031435531564057
  landing: 0.024430866353213787
  view-data: 0.19551958609372377
