times:
  edit-metadata: 2.3778814915567636
  landing: 0.021974770352244377
  view-data: 0.3851523958146572
