times:
  edit-metadata: 2.312796179205179
  landing: 0.23278321884572506
  view-data: 0.025845250114798546
