times:
  edit-metadata: 1.5501233600080013
  landing: 0.9198984727263451
  view-data: 3.3431535735726357
