times:
  edit-metadata: 2.090728991664946
  landing: 0.01923133246600628
  view-data: 0.028711444698274136
