times:
  edit-metadata: 1.2531877770088613
  landing: 0.059569790959358215
  view-data: 0.26211671298369765
