times:
  edit-metadata: 2.954855704680085
  landing: 0.02303840033710003
  view-data: 0.4689623173326254
