times:
  edit-metadata: 1.771113010123372
  landing: 1.0089820120483637
  view-data: 3.3926883284002542
