times:
  edit-metadata: 2.081118510104716
  landing: 0.06626022886484861
  view-data: 0.19710145518183708
