times:
  edit-metadata: 2.042930468916893
  landing: 0.024177893064916134
  view-data: 0.12342696450650692
