times:
  edit-metadata: 1.528641190379858
  landing: 0.8231218829751015
  view-data: 3.4401191072538495
