times:
  edit-metadata: 2.2116247043013573
  landing: 0.01934383250772953
  view-data: 0.14479407854378223
