times:
  edit-metadata: 2.0433616507798433
  landing: 0.11995388101786375
  view-data: 0.024222668260335922
