times:
  edit-metadata: 2.067462715320289
  landing: 0.13676859810948372
  view-data: 0.02505651768296957
