times:
  edit-metadata: 2.1272991728037596
  landing: 0.02333955094218254
  view-data: 0.025398846715688705
