times:
  edit-metadata: 3.476584790274501
  landing: 0.3982652276754379
  view-data: 0.6439067861065269
