times:
  edit-metadata: 1.373469391837716
  landing: 0.7299451064318419
  view-data: 3.324192861095071
