times:
  edit-metadata: 1.4925387222319841
  landing: 0.7621380761265755
  view-data: 3.37273614667356
