times:
  edit-metadata: 1.2560488899471238
  landing: 0.07014615903608501
  view-data: 0.25518671004101634
