times:
  edit-metadata: 1.57611090131104
  landing: 0.8232568372040987
  view-data: 3.4525093268603086
