times:
  edit-metadata: 1.241171753999879
  landing: 0.06050500299988926
  view-data: 0.2637323330000072
