times:
  edit-metadata: 1.2316153880674392
  landing: 0.0747435400262475
  view-data: 0.251309520797804
