times:
  edit-metadata: 1.2546273809857666
  landing: 0.052832874935120344
  view-data: 0.253678057808429
