times:
  edit-metadata: 1.5996508095413446
  landing: 0.885045250877738
  view-data: 3.4548019524663687
