times:
  edit-metadata: 2.051248414441943
  landing: 0.21909511368721724
  view-data: 0.3534432705491781
