times:
  edit-metadata: 1.5397419463843107
  landing: 0.8575339112430811
  view-data: 3.432077484205365
