times:
  edit-metadata: 1.2786157599184662
  landing: 0.05491873901337385
  view-data: 0.2534371230285615
