times:
  edit-metadata: 1.0901826554909348
  landing: 0.05004615895450115
  view-data: 0.23979421239346266
