times:
  edit-metadata: 2.0114160804077983
  landing: 0.020726232789456844
  view-data: 0.11867252457886934
