times:
  edit-metadata: 2.053854557685554
  landing: 0.13421620707958937
  view-data: 0.405070461332798
