times:
  edit-metadata: 2.151659220457077
  landing: 0.022533323615789413
  view-data: 0.12180701643228531
