times:
  edit-metadata: 1.5379862766712904
  landing: 0.7431983854621649
  view-data: 3.3964298609644175
