times:
  edit-metadata: 1.5695978347212076
  landing: 0.8162225391715765
  view-data: 4.615652875974774
