times:
  edit-metadata: 1.9929983718320727
  landing: 0.022552497684955597
  view-data: 0.022931890562176704
