times:
  edit-metadata: 1.1007524188607931
  landing: 0.04206114821135998
  view-data: 0.2373515060171485
