times:
  edit-metadata: 2.0589700415730476
  landing: 0.12077853549271822
  view-data: 0.1221057241782546
