times:
  edit-metadata: 1.99864898994565
  landing: 0.1139537151902914
  view-data: 0.1339000752195716
