times:
  edit-metadata: 1.2581368528772146
  landing: 0.05124437902122736
  view-data: 0.26088015898130834
