times:
  edit-metadata: 2.2146166786551476
  landing: 0.0940562654286623
  view-data: 0.16012096777558327
