times:
  edit-metadata: 1.5609076535329223
  landing: 0.7872909419238567
  view-data: 3.4262428507208824
