times:
  edit-metadata: 1.2134631540102419
  landing: 0.06891414598794654
  view-data: 0.24488251499133185
