times:
  edit-metadata: 1.5111271664500237
  landing: 0.7766441199928522
  view-data: 3.401707224547863
