times:
  edit-metadata: 2.5107012018561363
  landing: 0.14835729636251926
  view-data: 0.320853091776371
