times:
  edit-metadata: 2.3503153547644615
  landing: 0.17239852249622345
  view-data: 0.029405634850263596
