times:
  edit-metadata: 2.418960826471448
  landing: 0.2333576288074255
  view-data: 0.3056991398334503
