times:
  edit-metadata: 1.455546832177788
  landing: 0.7939993739128113
  view-data: 3.3364769520703703
