times:
  edit-metadata: 1.6771386861801147
  landing: 0.9924299940466881
  view-data: 3.2546311281621456
