times:
  edit-metadata: 2.146807006560266
  landing: 0.13776697497814894
  view-data: 0.023504924029111862
