times:
  edit-metadata: 1.5507312482222915
  landing: 0.8146419953554869
  view-data: 3.3210525875911117
