times:
  edit-metadata: 2.1050481405109167
  landing: 0.021148379892110825
  view-data: 0.31313398852944374
