times:
  edit-metadata: 1.2317056080210023
  landing: 0.06377673405222595
  view-data: 0.36429298302391544
