times:
  edit-metadata: 1.474933911114931
  landing: 1.0049511045217514
  view-data: 3.496288239955902
