times:
  edit-metadata: 1.6008154675364494
  landing: 0.8382083270698786
  view-data: 3.393831893801689
