times:
  edit-metadata: 1.6601179353892803
  landing: 1.1150367110967636
  view-data: 3.378682855516672
