times:
  edit-metadata: 1.2754041539737955
  landing: 0.08113914798013866
  view-data: 0.2613651220453903
