times:
  edit-metadata: 1.7551155276596546
  landing: 1.059693306684494
  view-data: 3.380504570901394
