times:
  edit-metadata: 1.2325630969717167
  landing: 0.07722207898041233
  view-data: 0.25012813502689824
