times:
  edit-metadata: 1.5061437878757715
  landing: 0.9657338252291083
  view-data: 3.435930552892387
