times:
  edit-metadata: 1.3160360020119697
  landing: 1.0403249129885808
  view-data: 3.4081612289883196
