times:
  edit-metadata: 1.9884617114439607
  landing: 0.021428571082651615
  view-data: 0.028935549780726433
