times:
  edit-metadata: 1.4405899047851562
  landing: 1.091415360569954
  view-data: 3.367465350776911
