times:
  edit-metadata: 1.0930376388132572
  landing: 0.048506822902709246
  view-data: 0.23595284996554255
