times:
  edit-metadata: 1.5482273064553738
  landing: 0.91265057772398
  view-data: 3.418759234249592
