times:
  edit-metadata: 1.563676392659545
  landing: 1.024118473753333
  view-data: 3.441693661734462
