times:
  edit-metadata: 2.936815533787012
  landing: 0.024896927177906036
  view-data: 0.1750363875180483
