times:
  edit-metadata: 1.1556141842156649
  landing: 0.039704421535134315
  view-data: 0.23345679882913828
