times:
  edit-metadata: 2.09314470551908
  landing: 0.12785107269883156
  view-data: 0.36424198281019926
