times:
  edit-metadata: 1.409676294773817
  landing: 0.7921438794583082
  view-data: 3.2880029883235693
