times:
  edit-metadata: 1.1168650183826685
  landing: 0.042013281024992466
  view-data: 0.23579853400588036
