times:
  edit-metadata: 1.692517071031034
  landing: 1.2012914950028062
  view-data: 3.4703159146010876
