times:
  edit-metadata: 1.56143157184124
  landing: 1.1109868176281452
  view-data: 3.4220909625291824
