times:
  edit-metadata: 1.425513032823801
  landing: 1.2285623252391815
  view-data: 3.2732569500803947
