times:
  edit-metadata: 2.197876902297139
  landing: 0.1273927427828312
  view-data: 0.16703179106116295
