times:
  edit-metadata: 2.011040869168937
  landing: 0.021979909390211105
  view-data: 0.11978290043771267
