times:
  edit-metadata: 2.0078731356188655
  landing: 0.01972186006605625
  view-data: 0.4123675413429737
