times:
  edit-metadata: 1.4880237570032477
  landing: 0.11688886722549796
  view-data: 0.28733935998752713
