times:
  edit-metadata: 1.4147094570216723
  landing: 0.08295269700465724
  view-data: 0.27294590199016966
