times:
  edit-metadata: 1.4178608423098922
  landing: 0.7982550510205328
  view-data: 3.319970509968698
