times:
  edit-metadata: 1.570038689300418
  landing: 0.8209621198475361
  view-data: 3.442437482997775
