times:
  edit-metadata: 2.2034852635115385
  landing: 0.13609989546239376
  view-data: 0.20777903124690056
