times:
  edit-metadata: 2.2192940674722195
  landing: 0.12225361727178097
  view-data: 0.31767370738089085
