times:
  edit-metadata: 1.5187107287347317
  landing: 0.7330900803208351
  view-data: 3.368199910968542
