times:
  edit-metadata: 1.3946366868913174
  landing: 0.8248025677166879
  view-data: 3.507551068905741
