times:
  edit-metadata: 1.5379674690775573
  landing: 0.10611460311338305
  view-data: 0.5373456962406635
