times:
  edit-metadata: 1.1436062902212143
  landing: 0.04624966066330671
  view-data: 0.2345649916678667
