times:
  edit-metadata: 1.4251778908073902
  landing: 0.15278774732723832
  view-data: 0.29655762296169996
