times:
  edit-metadata: 2.2231846917420626
  landing: 0.018613798543810844
  view-data: 0.023579191416502
