times:
  edit-metadata: 1.5685008820146322
  landing: 0.7938414737582207
  view-data: 3.3382063396275043
