times:
  edit-metadata: 1.4390346836298704
  landing: 0.9292405527085066
  view-data: 3.3521911296993494
