times:
  edit-metadata: 1.3529507629573345
  landing: 0.8297005835920572
  view-data: 3.3286943435668945
