times:
  edit-metadata: 2.0033482536673546
  landing: 0.13337829243391752
  view-data: 0.12008505500853062
