times:
  edit-metadata: 1.5054714092984796
  landing: 0.841574652120471
  view-data: 3.243107346817851
