times:
  edit-metadata: 1.9933326859027147
  landing: 0.01836834754794836
  view-data: 0.12365951389074326
