times:
  edit-metadata: 1.631875035353005
  landing: 0.9270655266009271
  view-data: 3.40491743106395
