times:
  edit-metadata: 2.1457294365391135
  landing: 0.02560733538120985
  view-data: 0.024819242767989635
