times:
  edit-metadata: 1.986564095132053
  landing: 0.022802104242146015
  view-data: 0.02369141671806574
