times:
  edit-metadata: 1.070686899125576
  landing: 0.04450639896094799
  view-data: 0.23119530081748962
