times:
  edit-metadata: 1.3712971024215221
  landing: 0.7938467636704445
  view-data: 3.3351632729172707
