times:
  edit-metadata: 1.5637595020234585
  landing: 0.8373310323804617
  view-data: 3.4802655335515738
