times:
  edit-metadata: 2.4564345963299274
  landing: 0.9054601602256298
  view-data: 3.3614924252033234
