times:
  edit-metadata: 2.0183680737391114
  landing: 0.021418537944555283
  view-data: 0.09993524197489023
