times:
  edit-metadata: 1.5952404160052538
  landing: 0.8459515068680048
  view-data: 3.3470647279173136
