times:
  edit-metadata: 1.7667812959989533
  landing: 0.830707952962257
  view-data: 3.351093047996983
