times:
  edit-metadata: 1.4556155786849558
  landing: 0.12203737534582615
  view-data: 0.27674305997788906
