times:
  edit-metadata: 1.6056057433597744
  landing: 0.9588992698118091
  view-data: 3.3527139900252223
