times:
  edit-metadata: 1.2366295120009454
  landing: 0.0645578569965437
  view-data: 0.26973628500127234
