times:
  edit-metadata: 2.2481775637716055
  landing: 0.020468346774578094
  view-data: 0.025972207076847553
