times:
  edit-metadata: 1.3065272488165647
  landing: 0.05133007909171283
  view-data: 0.2579702949151397
