times:
  edit-metadata: 1.5197834968566895
  landing: 0.8486627228558064
  view-data: 3.3785699531435966
