times:
  edit-metadata: 2.147775139659643
  landing: 0.021626532077789307
  view-data: 0.1253234650939703
