times:
  edit-metadata: 1.5247699823230505
  landing: 1.0316125378012657
  view-data: 3.531899521127343
