times:
  edit-metadata: 2.3075129613280296
  landing: 0.021045712754130363
  view-data: 0.025804610922932625
