times:
  edit-metadata: 2.217502985149622
  landing: 0.024564409628510475
  view-data: 0.41627755202353
