times:
  edit-metadata: 1.3786541149020195
  landing: 1.028915036469698
  view-data: 3.3277293778955936
