times:
  edit-metadata: 2.170719400048256
  landing: 0.08019808027893305
  view-data: 0.11673450004309416
