times:
  edit-metadata: 1.4253926947712898
  landing: 0.7876105937175453
  view-data: 3.366275930311531
