times:
  edit-metadata: 2.2061972692608833
  landing: 0.20176303014159203
  view-data: 0.12649560905992985
