times:
  edit-metadata: 1.3176805160001095
  landing: 0.12455707299977803
  view-data: 0.2557109710005534
