times:
  edit-metadata: 2.13137851562351
  landing: 0.15749827306717634
  view-data: 0.12800700590014458
