times:
  edit-metadata: 1.3445679023861885
  landing: 0.7844704538583755
  view-data: 3.2489730454981327
