times:
  edit-metadata: 1.0875264750793576
  landing: 0.04445641301572323
  view-data: 0.23443224094808102
