times:
  edit-metadata: 1.5128833912312984
  landing: 0.9547572992742062
  view-data: 3.397201620042324
