times:
  edit-metadata: 2.201204704120755
  landing: 0.20938375405967236
  view-data: 0.3344454262405634
