times:
  edit-metadata: 1.217441369080916
  landing: 0.060393729945644736
  view-data: 0.24563353403937072
