times:
  edit-metadata: 1.9702984364703298
  landing: 0.026013382710516453
  view-data: 0.028803866356611252
