times:
  edit-metadata: 1.5236037727445364
  landing: 0.8405563998967409
  view-data: 3.4257988277822733
