times:
  edit-metadata: 2.209018563851714
  landing: 0.024374336004257202
  view-data: 0.025647079572081566
