times:
  edit-metadata: 1.265339731995482
  landing: 0.29894861398497596
  view-data: 0.22110278200125322
