times:
  edit-metadata: 1.499691927805543
  landing: 0.8747483119368553
  view-data: 3.444893630221486
