times:
  edit-metadata: 1.9794275406748056
  landing: 0.024674268439412117
  view-data: 0.11998945474624634
