times:
  edit-metadata: 2.0681507950648665
  landing: 0.022032315842807293
  view-data: 0.03205547574907541
