times:
  edit-metadata: 1.5228666253387928
  landing: 0.9658039771020412
  view-data: 3.427428212016821
