times:
  edit-metadata: 1.2117153061553836
  landing: 0.06014870200306177
  view-data: 0.24591316422447562
