times:
  edit-metadata: 1.2175050559453666
  landing: 0.06969124311581254
  view-data: 0.24504531687125564
