times:
  edit-metadata: 1.489839719608426
  landing: 0.7579321470111609
  view-data: 3.2602028120309114
