times:
  edit-metadata: 1.327714128419757
  landing: 0.7509964974597096
  view-data: 3.291400740854442
