times:
  edit-metadata: 3.003299195319414
  landing: 0.3849226273596287
  view-data: 0.3353206291794777
