times:
  edit-metadata: 2.0367915453389287
  landing: 0.12283502332866192
  view-data: 0.0255717933177948
