times:
  edit-metadata: 1.272564466111362
  landing: 0.04665998322889209
  view-data: 0.24965472891926765
