times:
  edit-metadata: 1.6215204000473022
  landing: 0.876834511756897
  view-data: 3.359985353425145
