times:
  edit-metadata: 1.492475972045213
  landing: 0.10824047587811947
  view-data: 0.3170190299861133
