times:
  edit-metadata: 2.2488041073083878
  landing: 0.0309369545429945
  view-data: 0.351492065936327
