times:
  edit-metadata: 1.5079537387937307
  landing: 0.7686205729842186
  view-data: 3.415097787976265
