times:
  edit-metadata: 2.6426963228732347
  landing: 0.031403280794620514
  view-data: 0.2659536711871624
