times:
  edit-metadata: 1.4032091931439936
  landing: 0.9232777589932084
  view-data: 3.4339190679602325
