times:
  edit-metadata: 2.6878109853714705
  landing: 0.2847683075815439
  view-data: 0.05748308449983597
