times:
  edit-metadata: 1.5348249487578869
  landing: 0.8671733699738979
  view-data: 3.374607142060995
