times:
  edit-metadata: 1.997376629151404
  landing: 0.128735464066267
  view-data: 0.4552389569580555
