times:
  edit-metadata: 1.3694000840187073
  landing: 0.7718364140018821
  view-data: 3.37360726762563
