times:
  edit-metadata: 1.5192495118826628
  landing: 0.8184788040816784
  view-data: 3.4073779582977295
