times:
  edit-metadata: 2.5460346918553114
  landing: 0.30364380590617657
  view-data: 0.36651771888136864
