times:
  edit-metadata: 1.403210062533617
  landing: 0.7547811716794968
  view-data: 3.291582629084587
