times:
  edit-metadata: 1.5716738240007544
  landing: 0.07117468899377855
  view-data: 0.2540605969988974
