times:
  edit-metadata: 2.0308349104598165
  landing: 0.02131813019514084
  view-data: 0.028013942763209343
