times:
  edit-metadata: 1.525690590031445
  landing: 1.0248956102877855
  view-data: 3.445865884423256
