times:
  edit-metadata: 2.0081758918240666
  landing: 0.11424297280609608
  view-data: 0.025227234698832035
