times:
  edit-metadata: 1.5513316318392754
  landing: 0.8203915897756815
  view-data: 3.4249201621860266
