times:
  edit-metadata: 1.3913121335208416
  landing: 0.8881487660109997
  view-data: 3.360268946737051
