times:
  edit-metadata: 2.2047617584466934
  landing: 0.21786317229270935
  view-data: 0.11958697251975536
