times:
  edit-metadata: 2.0551464622840285
  landing: 0.022478618659079075
  view-data: 0.11954963859170675
