times:
  edit-metadata: 2.0564769953489304
  landing: 0.1807056963443756
  view-data: 0.11309763975441456
