times:
  edit-metadata: 1.4530914351344109
  landing: 0.045504862908273935
  view-data: 0.2528565423563123
