times:
  edit-metadata: 2.0361781287938356
  landing: 0.018867590464651585
  view-data: 0.026524532586336136
