times:
  edit-metadata: 1.7008499787189066
  landing: 1.1254551163874567
  view-data: 3.4096344159916043
