times:
  edit-metadata: 1.5466695465147495
  landing: 0.8480512034147978
  view-data: 3.4163820520043373
