times:
  edit-metadata: 1.2836194219999015
  landing: 0.05221180384978652
  view-data: 0.2585820371750742
