times:
  edit-metadata: 1.5786132030189037
  landing: 0.8109792154282331
  view-data: 3.3294621612876654
