times:
  edit-metadata: 3.412290153093636
  landing: 0.2545855613425374
  view-data: 0.7596650188788772
