times:
  edit-metadata: 1.3339391089975834
  landing: 0.8192950761877
  view-data: 3.3802669120486826
