times:
  edit-metadata: 1.2030797020997852
  landing: 0.06947010289877653
  view-data: 0.25232428102754056
