times:
  edit-metadata: 1.5494142584502697
  landing: 0.8161141537129879
  view-data: 3.3510285168886185
