times:
  edit-metadata: 1.1949106850661337
  landing: 0.06521066091954708
  view-data: 0.26438289787620306
