times:
  edit-metadata: 1.4989811424165964
  landing: 0.7698837425559759
  view-data: 3.4350739512592554
