times:
  edit-metadata: 2.248789459466934
  landing: 0.11388902366161346
  view-data: 0.29512531124055386
