times:
  edit-metadata: 1.1296507879160345
  landing: 0.05249888775870204
  view-data: 0.2383321369998157
