times:
  edit-metadata: 1.2375430120155215
  landing: 0.0701463941950351
  view-data: 0.25836688792333007
