times:
  edit-metadata: 1.2924603470019065
  landing: 0.11341155201080255
  view-data: 0.26140766599564813
