times:
  edit-metadata: 2.0390392001718283
  landing: 0.020428945310413837
  view-data: 0.11829184088855982
