times:
  edit-metadata: 1.1070730444043875
  landing: 0.04332786612212658
  view-data: 0.2271505892276764
