times:
  edit-metadata: 1.369625885039568
  landing: 0.8599644750356674
  view-data: 3.315716292709112
