times:
  edit-metadata: 1.4891216312535107
  landing: 0.8772370261140168
  view-data: 3.3635446541011333
