times:
  edit-metadata: 2.0025841118767858
  landing: 0.020389865152537823
  view-data: 0.12110482808202505
