times:
  edit-metadata: 1.4546371852047741
  landing: 0.836834994610399
  view-data: 3.396080785896629
