times:
  edit-metadata: 2.35629022680223
  landing: 0.019829189404845238
  view-data: 0.31188128516077995
