times:
  edit-metadata: 2.1638007760047913
  landing: 1.3296650424599648
  view-data: 3.562672320753336
