times:
  edit-metadata: 4.108800936490297
  landing: 0.4832910876721144
  view-data: 0.5443672966212034
