times:
  edit-metadata: 1.55877286195755
  landing: 0.8469962030649185
  view-data: 3.3962584920227528
