times:
  edit-metadata: 1.5082150045782328
  landing: 0.7475690376013517
  view-data: 3.375516166910529
