times:
  edit-metadata: 1.516473401337862
  landing: 0.9004037939012051
  view-data: 3.3593108877539635
