times:
  edit-metadata: 2.062612244859338
  landing: 0.023991642519831657
  view-data: 0.02341553382575512
