times:
  edit-metadata: 1.3191513996571302
  landing: 0.8638887107372284
  view-data: 3.4244119375944138
