times:
  edit-metadata: 1.4860434159636497
  landing: 0.7637657485902309
  view-data: 3.342129932716489
