times:
  edit-metadata: 1.0932607450522482
  landing: 0.044182704761624336
  view-data: 0.23275127494707704
