times:
  edit-metadata: 1.524979867041111
  landing: 0.08650498325005174
  view-data: 0.2611795850098133
