times:
  edit-metadata: 1.103768177330494
  landing: 0.045636153779923916
  view-data: 0.241862784139812
