times:
  edit-metadata: 1.353891871869564
  landing: 0.058630410581827164
  view-data: 0.2510649058967829
