times:
  edit-metadata: 1.6766905374825
  landing: 0.8128295429050922
  view-data: 3.379148282110691
