times:
  edit-metadata: 1.229930343979504
  landing: 0.0542574790015351
  view-data: 0.3781472209957428
