times:
  edit-metadata: 1.3510115770623088
  landing: 0.7824520329013467
  view-data: 3.3994472618214786
