times:
  edit-metadata: 2.416322711855173
  landing: 0.17259431630373
  view-data: 0.036613572388887405
