times:
  edit-metadata: 1.755847118794918
  landing: 0.8671302311122417
  view-data: 3.4147248044610023
