times:
  edit-metadata: 1.5485977623611689
  landing: 0.7781650014221668
  view-data: 3.3890280965715647
