times:
  edit-metadata: 2.0288034323602915
  landing: 0.01969774905592203
  view-data: 0.40922868996858597
