times:
  edit-metadata: 1.9858444025740027
  landing: 0.020876478403806686
  view-data: 0.025160089135169983
