times:
  edit-metadata: 2.079173047095537
  landing: 0.14170083217322826
  view-data: 0.11864824779331684
