times:
  edit-metadata: 1.4505037879571319
  landing: 0.7826214293017983
  view-data: 3.3533976022154093
