times:
  edit-metadata: 1.4768593939952552
  landing: 0.7174000511877239
  view-data: 3.265533366939053
