times:
  edit-metadata: 1.4538796683773398
  landing: 0.7977785998955369
  view-data: 3.278667977079749
