times:
  edit-metadata: 2.6207670606672764
  landing: 0.2590331006795168
  view-data: 0.3706600684672594
