times:
  edit-metadata: 2.5974679607897997
  landing: 0.2560386639088392
  view-data: 0.18076271377503872
