times:
  edit-metadata: 1.4306841231882572
  landing: 0.9536461383104324
  view-data: 3.31262194737792
