times:
  edit-metadata: 2.2382399402558804
  landing: 0.1907572876662016
  view-data: 0.12995570525527
