times:
  edit-metadata: 1.4907740876078606
  landing: 0.7385514676570892
  view-data: 3.489130362868309
