times:
  edit-metadata: 1.2058468449977227
  landing: 0.07478813800116768
  view-data: 0.2588256730014109
