times:
  edit-metadata: 2.3224389031529427
  landing: 0.12747819907963276
  view-data: 0.23601410910487175
