times:
  edit-metadata: 1.562836941331625
  landing: 0.8166749496012926
  view-data: 3.3940238263458014
