times:
  edit-metadata: 1.5571908615529537
  landing: 0.7686045132577419
  view-data: 3.3844624422490597
