times:
  edit-metadata: 1.536583624780178
  landing: 0.8537869416177273
  view-data: 3.4335793145000935
