times:
  edit-metadata: 1.8930535316467285
  landing: 1.3511330336332321
  view-data: 3.556592248380184
