times:
  edit-metadata: 1.6440226919949055
  landing: 1.0617398023605347
  view-data: 3.40465234965086
