times:
  edit-metadata: 1.4423089111223817
  landing: 0.7904493077658117
  view-data: 3.3665229780599475
