times:
  edit-metadata: 1.5182311180979013
  landing: 0.795504055917263
  view-data: 3.3851754777133465
