times:
  edit-metadata: 1.5611243732273579
  landing: 0.8801974039524794
  view-data: 3.5040937177836895
