times:
  edit-metadata: 2.143831880763173
  landing: 0.18278933688998222
  view-data: 0.025656020268797874
