times:
  edit-metadata: 1.0902378568425775
  landing: 0.04727138578891754
  view-data: 0.2350868908688426
