times:
  edit-metadata: 2.0052182832732797
  landing: 0.02186509221792221
  view-data: 0.12281858921051025
