times:
  edit-metadata: 2.0066159861162305
  landing: 0.021812698803842068
  view-data: 0.11609891057014465
