times:
  edit-metadata: 1.423388418275863
  landing: 0.07825793884694576
  view-data: 0.2536082211881876
