times:
  edit-metadata: 1.4931909232400358
  landing: 0.05832142475992441
  view-data: 0.36006037006154656
