times:
  edit-metadata: 2.0739723471924663
  landing: 0.02125954069197178
  view-data: 0.02578348945826292
