times:
  edit-metadata: 1.3172793090343475
  landing: 0.7865264415740967
  view-data: 3.3469746727496386
