times:
  edit-metadata: 2.415459116920829
  landing: 0.24238336458802223
  view-data: 0.023171504959464073
