times:
  edit-metadata: 1.237394320894964
  landing: 0.06938422995153815
  view-data: 0.25989712902810425
