times:
  edit-metadata: 2.2006510086357594
  landing: 0.02132138144224882
  view-data: 0.02545517310500145
