times:
  edit-metadata: 1.524153959006071
  landing: 0.9341719932854176
  view-data: 3.295838236808777
