times:
  edit-metadata: 1.581281440332532
  landing: 0.7577630486339331
  view-data: 3.399337003007531
