times:
  edit-metadata: 1.7920363629236817
  landing: 0.9936009328812361
  view-data: 3.490467901341617
