times:
  edit-metadata: 1.2632235072087497
  landing: 0.06018304615281522
  view-data: 0.2729861808475107
