times:
  edit-metadata: 2.1985132806003094
  landing: 0.20939571224153042
  view-data: 0.10240310057997704
