times:
  edit-metadata: 1.6003750823438168
  landing: 0.9204481393098831
  view-data: 3.4159723818302155
