times:
  edit-metadata: 1.4995192661881447
  landing: 0.7840989232063293
  view-data: 3.379396254196763
