times:
  edit-metadata: 2.013523682951927
  landing: 0.098474464379251
  view-data: 0.027109450660645962
