times:
  edit-metadata: 1.2719955700449646
  landing: 0.060911952052265406
  view-data: 0.2572431550361216
