times:
  edit-metadata: 1.2924021510407329
  landing: 0.04859757702797651
  view-data: 0.2705674727912992
