times:
  edit-metadata: 1.263298085075803
  landing: 0.0689979640301317
  view-data: 0.2688361130421981
