times:
  edit-metadata: 2.0279429657384753
  landing: 0.019933327101171017
  view-data: 0.12141538318246603
