times:
  edit-metadata: 1.2869020469952375
  landing: 0.9120673809666187
  view-data: 3.407364565995522
