times:
  edit-metadata: 1.146450118161738
  landing: 0.03927554655820131
  view-data: 0.23155879136174917
