times:
  edit-metadata: 2.017266067676246
  landing: 0.02238594926893711
  view-data: 0.026237514801323414
