times:
  edit-metadata: 1.2279680559877306
  landing: 0.06006170413456857
  view-data: 0.25572023703716695
