times:
  edit-metadata: 1.521125465631485
  landing: 0.787131629884243
  view-data: 3.4036290254443884
