times:
  edit-metadata: 1.4384269141592085
  landing: 0.8407145077362657
  view-data: 3.3635751181282103
