times:
  edit-metadata: 1.387587308883667
  landing: 0.8750946037471294
  view-data: 3.335612941533327
