times:
  edit-metadata: 2.472779296338558
  landing: 0.14808117784559727
  view-data: 0.17186392843723297
