times:
  edit-metadata: 1.2383908089832403
  landing: 0.046847374993376434
  view-data: 0.38283407397102565
