times:
  edit-metadata: 1.241729130037129
  landing: 0.057718754978850484
  view-data: 0.2627463999669999
