times:
  edit-metadata: 2.0360821383073926
  landing: 0.21429992653429508
  view-data: 0.3190769646316767
