times:
  edit-metadata: 1.0694925617426634
  landing: 0.044919724110513926
  view-data: 0.23353860387578607
