times:
  edit-metadata: 1.677959319204092
  landing: 1.103862464427948
  view-data: 3.4026846401393414
