times:
  edit-metadata: 1.1422168919816613
  landing: 0.04629273200407624
  view-data: 0.21878853533416986
