times:
  edit-metadata: 1.123915237840265
  landing: 0.04718097299337387
  view-data: 0.2383540659211576
