times:
  edit-metadata: 1.689882516860962
  landing: 1.003519956022501
  view-data: 3.359700985252857
