times:
  edit-metadata: 1.2739153730217367
  landing: 0.050213796086609364
  view-data: 0.26099880994297564
