times:
  edit-metadata: 1.510880783200264
  landing: 0.8341115415096283
  view-data: 3.4254506900906563
