times:
  edit-metadata: 1.4545059651136398
  landing: 0.8940726891160011
  view-data: 3.53580891340971
