times:
  edit-metadata: 1.8097017966210842
  landing: 1.073258776217699
  view-data: 3.6712367236614227
