times:
  edit-metadata: 1.3621705919504166
  landing: 0.8222871422767639
  view-data: 3.50442011654377
