times:
  edit-metadata: 1.4437532275915146
  landing: 0.7907764315605164
  view-data: 3.466163896024227
