times:
  edit-metadata: 1.4976137466728687
  landing: 0.9067415744066238
  view-data: 3.375095598399639
