times:
  edit-metadata: 1.450124442577362
  landing: 0.8616557121276855
  view-data: 3.430166594684124
