times:
  edit-metadata: 1.503435354679823
  landing: 0.9688620083034039
  view-data: 3.3525694832205772
