times:
  edit-metadata: 1.3926698416471481
  landing: 0.9178745001554489
  view-data: 3.4843549355864525
