times:
  edit-metadata: 1.489787194877863
  landing: 0.9442097321152687
  view-data: 3.2663323543965816
