times:
  edit-metadata: 1.3564231917262077
  landing: 0.776888869702816
  view-data: 3.5124011039733887
