times:
  edit-metadata: 1.5062621012330055
  landing: 0.8800810128450394
  view-data: 3.4477375894784927
