times:
  edit-metadata: 1.4649472907185555
  landing: 0.7961421050131321
  view-data: 3.3394923135638237
