times:
  edit-metadata: 1.4335683062672615
  landing: 0.8398022502660751
  view-data: 3.519584760069847
