times:
  edit-metadata: 1.368678703904152
  landing: 0.8186559900641441
  view-data: 3.4052465483546257
