times:
  edit-metadata: 1.5280802696943283
  landing: 0.7154495492577553
  view-data: 3.3351613730192184
