times:
  edit-metadata: 1.4553536288440228
  landing: 0.768551416695118
  view-data: 3.331224039196968
