times:
  edit-metadata: 1.39938685297966
  landing: 0.8146871477365494
  view-data: 3.43576093763113
