times:
  edit-metadata: 1.748072825372219
  landing: 1.1761649623513222
  view-data: 3.486702896654606
