times:
  edit-metadata: 1.5524620935320854
  landing: 0.8572835028171539
  view-data: 3.327998973429203
