times:
  edit-metadata: 1.5690357573330402
  landing: 1.3502944447100163
  view-data: 3.3575321286916733
