times:
  edit-metadata: 1.5198580287396908
  landing: 0.8628069311380386
  view-data: 3.3286264836788177
