times:
  edit-metadata: 1.599770087748766
  landing: 0.8849726654589176
  view-data: 3.3361525870859623
