times:
  edit-metadata: 1.5286102443933487
  landing: 1.024720199406147
  view-data: 3.3164332434535027
