times:
  edit-metadata: 1.314789742231369
  landing: 0.777053564786911
  view-data: 3.275004453957081
