times:
  edit-metadata: 1.4911224395036697
  landing: 0.9039535373449326
  view-data: 3.4275552704930305
