times:
  edit-metadata: 1.342510238289833
  landing: 0.8358832150697708
  view-data: 3.4918114691972733
