times:
  edit-metadata: 1.469548538327217
  landing: 0.9980394542217255
  view-data: 3.345959011465311
