times:
  edit-metadata: 2.282524734735489
  landing: 1.2264701426029205
  view-data: 3.4771772511303425
