times:
  edit-metadata: 1.6053772494196892
  landing: 0.9107098951935768
  view-data: 3.5034769251942635
