times:
  edit-metadata: 1.441268540918827
  landing: 0.8276267126202583
  view-data: 3.4376512244343758
