times:
  edit-metadata: 1.6586315333843231
  landing: 1.2559769824147224
  view-data: 3.3253955096006393
