times:
  edit-metadata: 1.5208842754364014
  landing: 0.8238126561045647
  view-data: 3.316279411315918
