times:
  edit-metadata: 1.4783951491117477
  landing: 0.7563105672597885
  view-data: 3.494407445192337
