times:
  edit-metadata: 2.0565793365240097
  landing: 1.3347785994410515
  view-data: 3.434522971510887
