times:
  edit-metadata: 1.5019471347332
  landing: 0.8094585910439491
  view-data: 3.48639714717865
