times:
  edit-metadata: 1.4937637522816658
  landing: 0.944302823394537
  view-data: 3.3203940242528915
