times:
  edit-metadata: 1.459385797381401
  landing: 0.8893661573529243
  view-data: 3.51377671957016
