times:
  edit-metadata: 1.5805418193340302
  landing: 0.9513525888323784
  view-data: 3.433826558291912
