times:
  edit-metadata: 1.4304749816656113
  landing: 0.7815683409571648
  view-data: 3.4279955327510834
