times:
  edit-metadata: 1.4184512048959732
  landing: 0.7370988801121712
  view-data: 3.417254328727722
