times:
  edit-metadata: 1.4887598007917404
  landing: 0.9687339812517166
  view-data: 3.3310613110661507
