times:
  edit-metadata: 1.4440813288092613
  landing: 0.771451897919178
  view-data: 3.5047421008348465
