times:
  edit-metadata: 1.5808853507041931
  landing: 0.9583251625299454
  view-data: 3.369646653532982
