times:
  edit-metadata: 2.0255955532193184
  landing: 1.0739572755992413
  view-data: 3.2937380485236645
