times:
  edit-metadata: 1.4068565666675568
  landing: 0.8607893362641335
  view-data: 3.400344256311655
