times:
  edit-metadata: 1.587951898574829
  landing: 0.9836922511458397
  view-data: 3.3100852593779564
