times:
  edit-metadata: 1.545725155621767
  landing: 1.0173497460782528
  view-data: 3.4128952585160732
