times:
  edit-metadata: 1.4911725632846355
  landing: 0.9871016032993793
  view-data: 3.3823344074189663
