times:
  edit-metadata: 1.4649644196033478
  landing: 0.819939374923706
  view-data: 3.4407469034194946
