times:
  edit-metadata: 1.5043223425745964
  landing: 1.0222088322043419
  view-data: 3.610504522919655
