times:
  edit-metadata: 1.4505649879574776
  landing: 0.7599218040704727
  view-data: 3.452442765235901
