times:
  edit-metadata: 1.4250636100769043
  landing: 1.060576856136322
  view-data: 3.473222963511944
