times:
  edit-metadata: 1.4840550646185875
  landing: 0.7490516379475594
  view-data: 3.413998320698738
