times:
  edit-metadata: 1.400509886443615
  landing: 0.8573301397264004
  view-data: 3.326193019747734
