times:
  edit-metadata: 1.3625821843743324
  landing: 0.9607964977622032
  view-data: 3.4879167154431343
