times:
  edit-metadata: 1.620480626821518
  landing: 1.0138630531728268
  view-data: 3.3028248883783817
