times:
  edit-metadata: 1.4166937805712223
  landing: 0.8430373147130013
  view-data: 3.293179977685213
