times:
  edit-metadata: 1.3873057439923286
  landing: 0.7228701859712601
  view-data: 3.4490186870098114
