times:
  edit-metadata: 1.4373377114534378
  landing: 0.7696826457977295
  view-data: 3.4814390167593956
