times:
  edit-metadata: 1.4105011895298958
  landing: 0.7383067533373833
  view-data: 3.482036776840687
