times:
  edit-metadata: 1.4128242805600166
  landing: 0.7656825557351112
  view-data: 3.410250246524811
