times:
  edit-metadata: 1.5169933512806892
  landing: 0.8723577931523323
  view-data: 3.3333227783441544
