times:
  edit-metadata: 1.4423590265214443
  landing: 0.7457547411322594
  view-data: 3.31799653172493
