times:
  edit-metadata: 1.4962724521756172
  landing: 0.9129920825362206
  view-data: 3.3756395131349564
