times:
  edit-metadata: 1.4647327959537506
  landing: 0.8755114674568176
  view-data: 3.26974056661129
