times:
  edit-metadata: 1.5575909689068794
  landing: 0.8884823396801949
  view-data: 3.366137258708477
