times:
  edit-metadata: 3.3475630655884743
  landing: 1.6158974692225456
  view-data: 3.8040303364396095
