times:
  edit-metadata: 1.4505981504917145
  landing: 0.7707980200648308
  view-data: 3.4399087205529213
