times:
  edit-metadata: 1.3617957681417465
  landing: 0.7965640872716904
  view-data: 3.3650016263127327
