times:
  edit-metadata: 1.4116884246468544
  landing: 0.791123054921627
  view-data: 3.505205951631069
