times:
  edit-metadata: 1.4106701612472534
  landing: 0.8187225349247456
  view-data: 3.228997804224491
