times:
  edit-metadata: 1.8916523978114128
  landing: 1.1025598868727684
  view-data: 3.8793291971087456
