times:
  edit-metadata: 1.3454952090978622
  landing: 0.8748407959938049
  view-data: 3.408803015947342
