times:
  edit-metadata: 1.5081276670098305
  landing: 0.786201573908329
  view-data: 3.286125548183918
