times:
  edit-metadata: 1.4091660156846046
  landing: 0.8135996311903
  view-data: 3.4375255331397057
