times:
  edit-metadata: 1.666698768734932
  landing: 1.2139132469892502
  view-data: 3.3580575473606586
