times:
  edit-metadata: 1.5302066877484322
  landing: 0.9702576920390129
  view-data: 3.2772088274359703
