times:
  edit-metadata: 1.3735611587762833
  landing: 0.8999774754047394
  view-data: 3.4171666279435158
