times:
  edit-metadata: 1.3903936669230461
  landing: 0.7620104253292084
  view-data: 3.3846379816532135
