times:
  edit-metadata: 1.447715438902378
  landing: 0.8318488262593746
  view-data: 3.2652171924710274
