times:
  edit-metadata: 1.4873017854988575
  landing: 0.8249455168843269
  view-data: 3.3189224265515804
