times:
  edit-metadata: 1.4359386712312698
  landing: 0.8142356649041176
  view-data: 3.4574088901281357
