times:
  edit-metadata: 1.4791049882769585
  landing: 0.875225868076086
  view-data: 3.34490505233407
