times:
  edit-metadata: 1.3793662413954735
  landing: 0.8739313185214996
  view-data: 3.3159045949578285
