times:
  edit-metadata: 1.4544652104377747
  landing: 0.8496699258685112
  view-data: 3.3424466624855995
