times:
  edit-metadata: 1.4785529226064682
  landing: 0.8793188109993935
  view-data: 3.306374330073595
