times:
  edit-metadata: 1.3526037372648716
  landing: 0.7977287024259567
  view-data: 3.3902031406760216
