times:
  edit-metadata: 1.4490436688065529
  landing: 0.838486060500145
  view-data: 3.3644928969442844
