times:
  edit-metadata: 1.3785963281989098
  landing: 0.7293384447693825
  view-data: 3.4999738708138466
