times:
  edit-metadata: 1.4536028802394867
  landing: 0.7166431546211243
  view-data: 3.538762703537941
