times:
  edit-metadata: 1.5208659917116165
  landing: 0.8866119980812073
  view-data: 3.5291220992803574
