times:
  edit-metadata: 1.5212431848049164
  landing: 0.8068576231598854
  view-data: 3.47778307646513
