times:
  edit-metadata: 1.5132919326424599
  landing: 0.8364721238613129
  view-data: 3.558273397386074
