times:
  edit-metadata: 1.485294260084629
  landing: 0.8052781149744987
  view-data: 3.4725450575351715
