times:
  edit-metadata: 1.4969421103596687
  landing: 0.9190000146627426
  view-data: 3.488015539944172
