times:
  edit-metadata: 1.4874139577150345
  landing: 0.8045095875859261
  view-data: 3.2753492444753647
