times:
  edit-metadata: 1.5613981187343597
  landing: 0.8352959230542183
  view-data: 3.4151267781853676
