times:
  edit-metadata: 1.7830813005566597
  landing: 1.321928232908249
  view-data: 3.562202848494053
