times:
  edit-metadata: 1.450011733919382
  landing: 0.8707557506859303
  view-data: 3.2684942707419395
