times:
  edit-metadata: 1.3781234249472618
  landing: 0.8125115931034088
  view-data: 3.2875110618770123
