times:
  edit-metadata: 1.48895313590765
  landing: 0.8159574419260025
  view-data: 3.315795049071312
