times:
  edit-metadata: 1.491600476205349
  landing: 0.7820503488183022
  view-data: 3.4071549996733665
