times:
  edit-metadata: 1.40497687458992
  landing: 0.8114873059093952
  view-data: 3.252053279429674
