times:
  edit-metadata: 1.5058085545897484
  landing: 0.8334944322705269
  view-data: 3.48684673756361
