times:
  edit-metadata: 1.334236040711403
  landing: 0.9261814877390862
  view-data: 3.5319477543234825
