times:
  edit-metadata: 1.5136910416185856
  landing: 0.9647046811878681
  view-data: 3.3793265260756016
