times:
  edit-metadata: 1.5071313083171844
  landing: 0.7749596759676933
  view-data: 3.4192914217710495
