times:
  edit-metadata: 1.8631443604826927
  landing: 0.9995759949088097
  view-data: 3.621512494981289
