times:
  edit-metadata: 1.5199994966387749
  landing: 0.7781506851315498
  view-data: 3.459495782852173
