times:
  edit-metadata: 1.404484286904335
  landing: 0.7886338979005814
  view-data: 3.5089647993445396
