times:
  edit-metadata: 1.5186236798763275
  landing: 0.791055828332901
  view-data: 3.4705731347203255
