times:
  edit-metadata: 1.3933679014444351
  landing: 0.8254001215100288
  view-data: 3.273288108408451
