times:
  edit-metadata: 1.434358075261116
  landing: 0.8843643441796303
  view-data: 3.4667754992842674
