times:
  edit-metadata: 1.416207693517208
  landing: 0.8417442291975021
  view-data: 3.4791524037718773
