times:
  edit-metadata: 1.713797640055418
  landing: 1.4189075268805027
  view-data: 3.4343522414565086
