times:
  edit-metadata: 1.3941204622387886
  landing: 0.8148917928338051
  view-data: 3.461072251200676
