times:
  edit-metadata: 1.3961831107735634
  landing: 0.7928375452756882
  view-data: 3.3274571374058723
