times:
  edit-metadata: 1.4377417489886284
  landing: 0.9684010036289692
  view-data: 3.2797738425433636
