times:
  edit-metadata: 2.4240578040480614
  landing: 0.9325363039970398
  view-data: 3.4274695366621017
