times:
  edit-metadata: 1.3878513425588608
  landing: 0.7909341603517532
  view-data: 3.4015927985310555
