times:
  edit-metadata: 1.4787935987114906
  landing: 0.8733382001519203
  view-data: 3.3848154097795486
