times:
  edit-metadata: 1.5349186845123768
  landing: 0.9430777058005333
  view-data: 3.3286245204508305
