times:
  edit-metadata: 1.4328244552016258
  landing: 0.824290469288826
  view-data: 3.543669693171978
