times:
  edit-metadata: 1.4044368527829647
  landing: 0.8654662743210793
  view-data: 3.2586966566741467
