times:
  edit-metadata: 1.4536400400102139
  landing: 0.8161843903362751
  view-data: 3.406720083206892
