times:
  edit-metadata: 1.426457054913044
  landing: 0.8036435097455978
  view-data: 3.5250434204936028
