times:
  edit-metadata: 1.3659419938921928
  landing: 0.7527113482356071
  view-data: 3.4852822050452232
