times:
  edit-metadata: 1.5158245414495468
  landing: 0.8576526045799255
  view-data: 3.463365115225315
