times:
  edit-metadata: 1.4046162404119968
  landing: 0.847197525203228
  view-data: 3.279733471572399
