times:
  edit-metadata: 1.5930493772029877
  landing: 0.7952362969517708
  view-data: 3.4848514050245285
