times:
  edit-metadata: 1.4267167672514915
  landing: 0.8330713659524918
  view-data: 3.4991836175322533
