times:
  edit-metadata: 1.3879674784839153
  landing: 0.9708910807967186
  view-data: 3.253688581287861
