times:
  edit-metadata: 1.396545171737671
  landing: 0.8238959982991219
  view-data: 3.5206820741295815
