times:
  edit-metadata: 1.6803996823728085
  landing: 0.8964117839932442
  view-data: 3.31697865575552
