times:
  edit-metadata: 1.6445364952087402
  landing: 1.003936044871807
  view-data: 3.5136881470680237
