times:
  edit-metadata: 1.4182622358202934
  landing: 0.7729931399226189
  view-data: 3.44517170637846
