times:
  edit-metadata: 1.407775655388832
  landing: 0.837660513818264
  view-data: 3.4888362139463425
