times:
  edit-metadata: 1.4045348465442657
  landing: 0.8529371246695518
  view-data: 3.472165286540985
