times:
  edit-metadata: 1.444946639239788
  landing: 0.8239256888628006
  view-data: 3.479582227766514
