times:
  edit-metadata: 1.453338161110878
  landing: 0.8118675649166107
  view-data: 3.4928158447146416
