times:
  edit-metadata: 2.6369116455316544
  landing: 1.490774244070053
  view-data: 3.514934040606022
