times:
  edit-metadata: 1.5212906077504158
  landing: 0.8627732321619987
  view-data: 3.3238682374358177
