times:
  edit-metadata: 1.474117934703827
  landing: 0.9224199429154396
  view-data: 3.3597591891884804
