times:
  edit-metadata: 1.4154642261564732
  landing: 0.8697006963193417
  view-data: 3.3271890245378017
