times:
  edit-metadata: 1.4247123822569847
  landing: 0.8616429939866066
  view-data: 3.258582964539528
