times:
  edit-metadata: 1.7964796647429466
  landing: 1.084579724818468
  view-data: 3.3625803850591183
