times:
  edit-metadata: 1.3945322558283806
  landing: 0.901754729449749
  view-data: 3.4307987987995148
