times:
  edit-metadata: 1.3934967890381813
  landing: 0.8026567921042442
  view-data: 3.513042964041233
