times:
  edit-metadata: 1.4509837217628956
  landing: 0.9544669725000858
  view-data: 3.6159291677176952
