times:
  edit-metadata: 1.6846057437360287
  landing: 1.022061537951231
  view-data: 3.3133057802915573
