times:
  edit-metadata: 1.4230623915791512
  landing: 0.8363620489835739
  view-data: 3.5214982703328133
