times:
  edit-metadata: 1.4395950883626938
  landing: 0.8114145174622536
  view-data: 3.462245635688305
