times:
  edit-metadata: 1.4972728975117207
  landing: 0.7878794446587563
  view-data: 3.310972336679697
