times:
  edit-metadata: 1.4068058878183365
  landing: 0.7941848561167717
  view-data: 3.451336532831192
