times:
  edit-metadata: 1.4899368174374104
  landing: 0.8916712552309036
  view-data: 3.3640942238271236
