times:
  edit-metadata: 1.3761480785906315
  landing: 0.8544921241700649
  view-data: 3.338086176663637
