times:
  edit-metadata: 1.4119384214282036
  landing: 0.7459647729992867
  view-data: 3.5945956334471703
