times:
  edit-metadata: 1.9245277419686317
  landing: 1.1370482742786407
  view-data: 3.479258269071579
