times:
  edit-metadata: 1.5490191951394081
  landing: 0.905632771551609
  view-data: 3.464259020984173
