times:
  edit-metadata: 1.4363559111952782
  landing: 0.8802717849612236
  view-data: 3.536032848060131
