times:
  edit-metadata: 1.5724455490708351
  landing: 0.8077699616551399
  view-data: 3.319005638360977
