times:
  edit-metadata: 5.705000534653664
  landing: 2.124708853662014
  view-data: 4.715634532272816
