times:
  edit-metadata: 1.4011095762252808
  landing: 0.8984695300459862
  view-data: 3.4344329833984375
