times:
  edit-metadata: 1.5103435069322586
  landing: 0.8474828749895096
  view-data: 3.318995915353298
