times:
  edit-metadata: 1.4202472493052483
  landing: 0.7834640741348267
  view-data: 3.4772137105464935
