times:
  edit-metadata: 1.7536345943808556
  landing: 0.9550534039735794
  view-data: 3.3491860181093216
