times:
  edit-metadata: 5.2357907593250275
  landing: 0.9488949254155159
  view-data: 3.468115270137787
