times:
  edit-metadata: 1.494052566587925
  landing: 0.8368362560868263
  view-data: 3.5439521446824074
