times:
  edit-metadata: 1.4714460670948029
  landing: 0.8125421702861786
  view-data: 3.3283123150467873
