times:
  edit-metadata: 1.3837872669100761
  landing: 0.9498953074216843
  view-data: 3.5131661891937256
