times:
  edit-metadata: 1.4482752159237862
  landing: 1.2110326513648033
  view-data: 3.4913355633616447
