times:
  edit-metadata: 1.5312517657876015
  landing: 0.728947214782238
  view-data: 3.41827005892992
