times:
  edit-metadata: 1.1204830929636955
  landing: 0.76091268658638
  view-data: 3.4242271706461906
