times:
  edit-metadata: 1.5336148403584957
  landing: 0.8290035501122475
  view-data: 3.315866991877556
