times:
  edit-metadata: 1.4034992083907127
  landing: 0.8977639153599739
  view-data: 3.4984500482678413
