times:
  edit-metadata: 1.3818578720092773
  landing: 0.7797307893633842
  view-data: 3.5000923573970795
