times:
  edit-metadata: 1.4773800298571587
  landing: 0.8132932260632515
  view-data: 3.4393587559461594
