times:
  edit-metadata: 1.4673695713281631
  landing: 0.841939315199852
  view-data: 3.3503244817256927
