times:
  edit-metadata: 1.4549392759799957
  landing: 1.1046998500823975
  view-data: 3.5038445070385933
