times:
  edit-metadata: 1.747390791773796
  landing: 0.9991892203688622
  view-data: 3.4679433926939964
