times:
  edit-metadata: 1.5080750733613968
  landing: 0.766771174967289
  view-data: 3.4642328694462776
