times:
  edit-metadata: 1.5949574783444405
  landing: 1.0358761698007584
  view-data: 3.470214180648327
