times:
  edit-metadata: 1.5062095932662487
  landing: 0.7773115746676922
  view-data: 3.3124689795076847
