times:
  edit-metadata: 1.4965408332645893
  landing: 0.8662662133574486
  view-data: 3.321517165750265
