times:
  edit-metadata: 1.4359467774629593
  landing: 1.1711408197879791
  view-data: 3.550408884882927
