times:
  edit-metadata: 1.3611350357532501
  landing: 0.8141983896493912
  view-data: 3.3443152755498886
