times:
  edit-metadata: 1.9058302491903305
  landing: 1.2140452079474926
  view-data: 3.3668479211628437
