times:
  edit-metadata: 1.3917705193161964
  landing: 0.78549475222826
  view-data: 3.469808392226696
