times:
  edit-metadata: 1.373170219361782
  landing: 0.8501458540558815
  view-data: 3.33189158141613
