times:
  edit-metadata: 1.4466849491000175
  landing: 0.8161885477602482
  view-data: 3.319845002144575
