times:
  edit-metadata: 1.4130880385637283
  landing: 0.7580001279711723
  view-data: 3.3663747534155846
