times:
  edit-metadata: 1.4675625339150429
  landing: 0.7619797885417938
  view-data: 3.4546322599053383
