times:
  edit-metadata: 1.1473303437232971
  landing: 1.476119875907898
  view-data: 3.5216099992394447
