times:
  edit-metadata: 1.4204207360744476
  landing: 0.8056280389428139
  view-data: 3.272855758666992
