times:
  edit-metadata: 1.4241956695914268
  landing: 0.8856943547725677
  view-data: 3.351399227976799
