times:
  edit-metadata: 1.4509179219603539
  landing: 0.8414459154009819
  view-data: 3.301741451025009
