times:
  edit-metadata: 1.604405254125595
  landing: 0.8922972083091736
  view-data: 3.6116305217146873
