times:
  edit-metadata: 1.338401209563017
  landing: 0.8986211828887463
  view-data: 3.301041167229414
