times:
  edit-metadata: 1.4184647388756275
  landing: 0.7871595025062561
  view-data: 3.2847256809473038
