times:
  edit-metadata: 2.385949932038784
  landing: 1.2442913427948952
  view-data: 3.697330489754677
