times:
  edit-metadata: 1.8231360167264938
  landing: 0.8411451950669289
  view-data: 3.2313983142375946
