times:
  edit-metadata: 1.822080884128809
  landing: 1.0928067974746227
  view-data: 3.3987532407045364
