times:
  edit-metadata: 1.422417540103197
  landing: 0.7800788842141628
  view-data: 3.343936186283827
