times:
  edit-metadata: 1.4502661861479282
  landing: 0.770193062722683
  view-data: 3.2944284193217754
