times:
  edit-metadata: 1.3705119639635086
  landing: 0.7833265289664268
  view-data: 3.4267759919166565
