times:
  edit-metadata: 1.6481250151991844
  landing: 0.9565920419991016
  view-data: 3.3238555639982224
