times:
  edit-metadata: 2.1950595527887344
  landing: 1.1183749474585056
  view-data: 3.4568477272987366
