times:
  edit-metadata: 1.5119783654808998
  landing: 0.7979914769530296
  view-data: 3.5304239839315414
