times:
  edit-metadata: 2.1655210852622986
  landing: 1.0325445868074894
  view-data: 3.702490523457527
