times:
  edit-metadata: 1.543864019215107
  landing: 0.8242641165852547
  view-data: 3.329875685274601
