times:
  edit-metadata: 2.185474671423435
  landing: 1.3601411208510399
  view-data: 3.4413239285349846
