times:
  edit-metadata: 1.918044876307249
  landing: 1.1986563801765442
  view-data: 3.3366773426532745
