times:
  edit-metadata: 1.410327710211277
  landing: 0.8291734233498573
  view-data: 3.401466593146324
