times:
  edit-metadata: 1.4039156436920166
  landing: 0.8215810656547546
  view-data: 3.433912344276905
