times:
  edit-metadata: 1.4580588638782501
  landing: 0.7993806712329388
  view-data: 3.3114698454737663
