times:
  edit-metadata: 1.4301643446087837
  landing: 0.8711283095180988
  view-data: 3.2585832737386227
