times:
  edit-metadata: 1.3707277849316597
  landing: 0.9082802534103394
  view-data: 3.4637701138854027
