times:
  edit-metadata: 1.5060495771467686
  landing: 0.8366343565285206
  view-data: 3.405288018286228
