times:
  edit-metadata: 1.3948027566075325
  landing: 0.7784532979130745
  view-data: 3.303714632987976
