times:
  edit-metadata: 1.723720733076334
  landing: 0.9593583606183529
  view-data: 3.3266493678092957
