times:
  edit-metadata: 1.379061907529831
  landing: 0.7917538285255432
  view-data: 3.484251543879509
