times:
  edit-metadata: 1.4016415104269981
  landing: 0.847226157784462
  view-data: 3.330917317420244
