times:
  edit-metadata: 1.308921542018652
  landing: 0.8854760229587555
  view-data: 3.3255035020411015
