times:
  edit-metadata: 2.025794580578804
  landing: 1.3084643930196762
  view-data: 3.4931634292006493
