times:
  edit-metadata: 1.4227049946784973
  landing: 0.7979303747415543
  view-data: 3.49069145321846
