times:
  edit-metadata: 1.595853302627802
  landing: 0.8380082361400127
  view-data: 3.3073825016617775
