times:
  edit-metadata: 1.451664187014103
  landing: 0.8501798808574677
  view-data: 3.327002063393593
