times:
  edit-metadata: 1.3693843558430672
  landing: 0.7838301956653595
  view-data: 3.4672035202383995
