times:
  edit-metadata: 1.5083067379891872
  landing: 0.9757277183234692
  view-data: 3.290063563734293
