times:
  edit-metadata: 1.502460952848196
  landing: 0.8012418076395988
  view-data: 3.2987968288362026
