times:
  edit-metadata: 1.492981605231762
  landing: 0.7691976055502892
  view-data: 3.2995391190052032
