times:
  edit-metadata: 1.512900747358799
  landing: 0.901267521083355
  view-data: 3.243290536105633
