times:
  edit-metadata: 1.4834220558404922
  landing: 0.8218251764774323
  view-data: 3.644075095653534
