times:
  edit-metadata: 1.414281215518713
  landing: 0.8196397423744202
  view-data: 3.3127528838813305
