times:
  edit-metadata: 1.508641056716442
  landing: 0.8609984219074249
  view-data: 3.4159407541155815
