times:
  edit-metadata: 1.8584333844482899
  landing: 1.3548933155834675
  view-data: 3.8608996979892254
