times:
  edit-metadata: 1.5055407136678696
  landing: 0.9069223441183567
  view-data: 3.3640834353864193
