times:
  edit-metadata: 1.5627560690045357
  landing: 0.8127041421830654
  view-data: 3.3539200089871883
