times:
  edit-metadata: 1.3992253094911575
  landing: 0.835309412330389
  view-data: 3.303219825029373
