times:
  edit-metadata: 1.5090946406126022
  landing: 0.8688579574227333
  view-data: 3.39154851809144
