times:
  edit-metadata: 1.4700810685753822
  landing: 0.8918545059859753
  view-data: 3.3273745328187943
