times:
  edit-metadata: 1.4081906527280807
  landing: 0.7822966128587723
  view-data: 3.4010258838534355
