times:
  edit-metadata: 1.488703541457653
  landing: 0.767941378057003
  view-data: 3.4406597167253494
