times:
  edit-metadata: 1.5163262598216534
  landing: 0.9167166985571384
  view-data: 3.435988884419203
