times:
  edit-metadata: 1.3345556259155273
  landing: 0.7646135836839676
  view-data: 3.618111275136471
