times:
  edit-metadata: 1.428134672343731
  landing: 0.7185225710272789
  view-data: 3.4310161024332047
