times:
  edit-metadata: 1.4129923060536385
  landing: 0.7318371906876564
  view-data: 3.3708845674991608
