times:
  edit-metadata: 1.4474808722734451
  landing: 0.8374539874494076
  view-data: 3.2739522494375706
