times:
  edit-metadata: 1.282206878066063
  landing: 0.8453377559781075
  view-data: 3.585811026394367
