times:
  edit-metadata: 1.897729642689228
  landing: 1.0220633298158646
  view-data: 3.6127703711390495
