times:
  edit-metadata: 1.4990386739373207
  landing: 0.938637912273407
  view-data: 3.4006846956908703
