times:
  edit-metadata: 1.551771230995655
  landing: 0.7347449734807014
  view-data: 3.4351965859532356
