times:
  edit-metadata: 1.3544901199638844
  landing: 0.8650793544948101
  view-data: 3.3057835549116135
