times:
  edit-metadata: 1.4668410047888756
  landing: 0.7388670817017555
  view-data: 3.451237730681896
