times:
  edit-metadata: 1.5178121104836464
  landing: 0.9805882722139359
  view-data: 3.807354114949703
