times:
  edit-metadata: 1.354345291852951
  landing: 0.7818285301327705
  view-data: 3.4423628374934196
