times:
  edit-metadata: 1.5408515483140945
  landing: 0.8538019061088562
  view-data: 3.3395009860396385
