times:
  edit-metadata: 1.3639253079891205
  landing: 0.8527681231498718
  view-data: 3.6293337270617485
