times:
  edit-metadata: 1.5209928750991821
  landing: 0.7738512456417084
  view-data: 3.2630286999046803
