times:
  edit-metadata: 1.5487235225737095
  landing: 0.8690827451646328
  view-data: 3.303119957447052
