times:
  edit-metadata: 1.4876046553254128
  landing: 0.9528810493648052
  view-data: 3.304125841706991
