times:
  edit-metadata: 1.494790107011795
  landing: 0.800421305000782
  view-data: 3.548697419464588
