times:
  edit-metadata: 1.4798859432339668
  landing: 0.7936176508665085
  view-data: 3.368252493441105
