times:
  edit-metadata: 2.078806921839714
  landing: 1.3995750695466995
  view-data: 3.746442101895809
