times:
  edit-metadata: 1.5015857443213463
  landing: 0.862873662263155
  view-data: 3.38295029476285
