times:
  edit-metadata: 1.3998447507619858
  landing: 0.7807833626866341
  view-data: 3.610314980149269
