times:
  edit-metadata: 1.5319138690829277
  landing: 0.8340560123324394
  view-data: 3.2761243656277657
