times:
  edit-metadata: 1.4134513586759567
  landing: 0.9348308481276035
  view-data: 3.3295458666980267
