times:
  edit-metadata: 1.5448400676250458
  landing: 0.8710400015115738
  view-data: 3.291002869606018
