times:
  edit-metadata: 1.3804621174931526
  landing: 0.76872418820858
  view-data: 3.6232100278139114
