times:
  edit-metadata: 1.4658522307872772
  landing: 0.9973939657211304
  view-data: 3.4364014267921448
