times:
  edit-metadata: 1.4410598054528236
  landing: 0.8799938634037971
  view-data: 3.4350046291947365
