times:
  edit-metadata: 1.4100515022873878
  landing: 0.9383267536759377
  view-data: 3.465958319604397
