times:
  edit-metadata: 1.4401360899209976
  landing: 0.8276681452989578
  view-data: 3.4209334775805473
