times:
  edit-metadata: 1.4549982734024525
  landing: 0.8283634036779404
  view-data: 3.3674531504511833
