times:
  edit-metadata: 1.4077944159507751
  landing: 0.8280869387090206
  view-data: 3.351368058472872
