times:
  edit-metadata: 1.4149901866912842
  landing: 0.7921083271503448
  view-data: 3.3560766838490963
