times:
  edit-metadata: 1.4396078139543533
  landing: 0.8615565225481987
  view-data: 3.31332116574049
