times:
  edit-metadata: 1.5051328986883163
  landing: 0.8130798935890198
  view-data: 3.4603186398744583
