times:
  edit-metadata: 1.3775013983249664
  landing: 0.7341587767004967
  view-data: 3.4290714040398598
