times:
  edit-metadata: 1.4127648919820786
  landing: 0.6799247562885284
  view-data: 3.4128604531288147
