times:
  edit-metadata: 1.9994081780314445
  landing: 1.0256153419613838
  view-data: 3.416408084332943
