times:
  edit-metadata: 1.6568602696061134
  landing: 1.1833261474967003
  view-data: 3.3529305532574654
