times:
  edit-metadata: 1.4774858430027962
  landing: 0.7872621491551399
  view-data: 3.491385094821453
