times:
  edit-metadata: 1.3445379212498665
  landing: 0.7487107068300247
  view-data: 3.2908472418785095
