times:
  edit-metadata: 1.8573948368430138
  landing: 1.0975055024027824
  view-data: 3.385128043591976
