times:
  edit-metadata: 1.4493528753519058
  landing: 1.0499042347073555
  view-data: 3.577451929450035
