times:
  edit-metadata: 1.376893013715744
  landing: 0.7984245866537094
  view-data: 3.5574174895882607
