times:
  edit-metadata: 2.5305224247276783
  landing: 1.3845171593129635
  view-data: 3.82774555683136
