times:
  edit-metadata: 1.4230761602520943
  landing: 0.9733767546713352
  view-data: 3.2950754165649414
