times:
  edit-metadata: 1.403745986521244
  landing: 0.7911918833851814
  view-data: 3.3016195967793465
