times:
  edit-metadata: 1.3654170110821724
  landing: 0.8576221466064453
  view-data: 3.3927481546998024
