times:
  edit-metadata: 1.5036187767982483
  landing: 0.7582746967673302
  view-data: 3.524932287633419
