times:
  edit-metadata: 1.137051783502102
  landing: 0.8166456371545792
  view-data: 3.428741805255413
