times:
  edit-metadata: 1.4875499568879604
  landing: 1.0423092134296894
  view-data: 3.4731535241007805
