times:
  edit-metadata: 2.6601153425872326
  landing: 1.5363036915659904
  view-data: 3.475660979747772
