times:
  edit-metadata: 1.4062911048531532
  landing: 1.0941702723503113
  view-data: 3.4166136533021927
