times:
  edit-metadata: 1.499903216958046
  landing: 0.8719165697693825
  view-data: 3.546597585082054
