times:
  edit-metadata: 1.415986105799675
  landing: 0.778647605329752
  view-data: 3.327231641858816
