times:
  edit-metadata: 1.474393106997013
  landing: 0.8909810185432434
  view-data: 3.32253959774971
