times:
  edit-metadata: 1.3515822738409042
  landing: 0.8409411311149597
  view-data: 3.4652701169252396
