times:
  edit-metadata: 1.4063794240355492
  landing: 0.8716049529612064
  view-data: 3.282633814960718
