times:
  edit-metadata: 1.7079414874315262
  landing: 1.1698765605688095
  view-data: 3.600874237716198
