times:
  edit-metadata: 1.7046425603330135
  landing: 0.8670151829719543
  view-data: 3.287725705653429
