times:
  edit-metadata: 1.4060935825109482
  landing: 0.791379489004612
  view-data: 3.2741676308214664
