times:
  edit-metadata: 1.4930915758013725
  landing: 0.9866969920694828
  view-data: 3.3521974608302116
