times:
  edit-metadata: 1.4565114751458168
  landing: 0.7951606139540672
  view-data: 3.2838021256029606
