times:
  edit-metadata: 1.4553223364055157
  landing: 0.7686795480549335
  view-data: 3.3021944276988506
