times:
  edit-metadata: 1.4915352836251259
  landing: 0.7332508936524391
  view-data: 3.423009507358074
