times:
  edit-metadata: 1.3513411730527878
  landing: 0.965003814548254
  view-data: 3.280421704053879
