times:
  edit-metadata: 1.516935907304287
  landing: 1.103858932852745
  view-data: 3.472876638174057
