times:
  edit-metadata: 1.487170547246933
  landing: 0.7767188474535942
  view-data: 3.4357952401041985
