times:
  edit-metadata: 1.568815864622593
  landing: 0.7658577933907509
  view-data: 3.5440987423062325
