times:
  edit-metadata: 1.4609506204724312
  landing: 0.840678259730339
  view-data: 3.5170750990509987
