times:
  edit-metadata: 2.0134512409567833
  landing: 1.1366624385118484
  view-data: 3.3587839156389236
