times:
  edit-metadata: 1.7324272990226746
  landing: 1.2807874605059624
  view-data: 3.5180617570877075
