times:
  edit-metadata: 1.4864921420812607
  landing: 0.8292811587452888
  view-data: 3.498174622654915
