times:
  edit-metadata: 1.5559713542461395
  landing: 1.033419094979763
  view-data: 3.5304194316267967
