times:
  edit-metadata: 1.6501218229532242
  landing: 0.9043824970722198
  view-data: 3.4564290568232536
