times:
  edit-metadata: 1.4954952597618103
  landing: 0.7817850187420845
  view-data: 3.3653571605682373
