times:
  edit-metadata: 1.4744171053171158
  landing: 0.8202044367790222
  view-data: 3.5487754940986633
