times:
  edit-metadata: 1.4133217334747314
  landing: 0.8238397315144539
  view-data: 3.5456532984972
