times:
  edit-metadata: 1.566246137022972
  landing: 0.8541502505540848
  view-data: 3.5187399685382843
