times:
  edit-metadata: 1.5137640088796616
  landing: 0.8169244155287743
  view-data: 3.457803450524807
