times:
  edit-metadata: 1.6052432879805565
  landing: 0.9065245762467384
  view-data: 3.555268608033657
