times:
  edit-metadata: 2.840406373143196
  landing: 2.0019215121865273
  view-data: 3.5790594443678856
