times:
  edit-metadata: 1.5278579145669937
  landing: 0.887197844684124
  view-data: 3.5511885434389114
