times:
  edit-metadata: 1.4264162927865982
  landing: 0.7961932867765427
  view-data: 3.375642642378807
