times:
  edit-metadata: 1.5276002287864685
  landing: 0.9919727146625519
  view-data: 3.4774859473109245
