times:
  edit-metadata: 1.8443399891257286
  landing: 1.0769271329045296
  view-data: 3.583234392106533
