times:
  edit-metadata: 1.9685912504792213
  landing: 0.9204277843236923
  view-data: 3.4036299735307693
