times:
  edit-metadata: 1.555533029139042
  landing: 0.8176473453640938
  view-data: 3.476539745926857
