times:
  edit-metadata: 1.5531483367085457
  landing: 0.8004436269402504
  view-data: 3.5298855528235435
