times:
  edit-metadata: 1.7627214714884758
  landing: 0.9559652656316757
  view-data: 3.461110718548298
