times:
  edit-metadata: 1.4562936648726463
  landing: 0.8784895911812782
  view-data: 3.4814758747816086
