times:
  edit-metadata: 1.6044995412230492
  landing: 0.7555890530347824
  view-data: 3.5301947072148323
