times:
  edit-metadata: 1.5085389614105225
  landing: 0.8899350017309189
  view-data: 3.5438738837838173
