times:
  edit-metadata: 1.4590599089860916
  landing: 0.8432861119508743
  view-data: 3.5144337192177773
