times:
  edit-metadata: 1.622239537537098
  landing: 0.8250037282705307
  view-data: 3.492353744804859
