times:
  edit-metadata: 1.5037847384810448
  landing: 0.8873007297515869
  view-data: 3.4565395042300224
