times:
  edit-metadata: 1.5494130030274391
  landing: 0.7870981693267822
  view-data: 3.5055732131004333
