times:
  edit-metadata: 1.4847009927034378
  landing: 0.8643863871693611
  view-data: 3.365238957107067
