times:
  edit-metadata: 1.4080074951052666
  landing: 0.8176789358258247
  view-data: 3.517795667052269
