times:
  edit-metadata: 1.4366577714681625
  landing: 0.9437415897846222
  view-data: 3.490028627216816
