times:
  edit-metadata: 1.6007192954421043
  landing: 0.9632837101817131
  view-data: 3.556281067430973
