times:
  edit-metadata: 1.5928477868437767
  landing: 0.8268465995788574
  view-data: 3.5331674590706825
