times:
  edit-metadata: 1.5921848267316818
  landing: 0.8300011083483696
  view-data: 3.575713761150837
