times:
  edit-metadata: 1.5093749314546585
  landing: 0.8498116359114647
  view-data: 3.5062171444296837
