times:
  edit-metadata: 1.4993853867053986
  landing: 0.8288703560829163
  view-data: 3.476197026669979
