times:
  edit-metadata: 1.4791909232735634
  landing: 0.8189850226044655
  view-data: 3.471236638724804
