times:
  edit-metadata: 1.793232224881649
  landing: 1.1177045479416847
  view-data: 3.64901489764452
