times:
  edit-metadata: 1.4989600852131844
  landing: 0.9293008297681808
  view-data: 3.472476802766323
