times:
  edit-metadata: 1.5951928719878197
  landing: 0.8349872678518295
  view-data: 3.3697667345404625
