times:
  edit-metadata: 2.5501537695527077
  landing: 1.6916561722755432
  view-data: 3.8047352209687233
