times:
  edit-metadata: 1.5474704876542091
  landing: 0.8453873544931412
  view-data: 3.3428002148866653
