times:
  edit-metadata: 1.6810497641563416
  landing: 1.0313697680830956
  view-data: 3.6774231642484665
