times:
  edit-metadata: 1.4988332316279411
  landing: 0.9228826463222504
  view-data: 3.457369804382324
