times:
  edit-metadata: 1.4467098265886307
  landing: 0.8319902569055557
  view-data: 3.4551697969436646
