times:
  edit-metadata: 1.5290284603834152
  landing: 0.7806450426578522
  view-data: 3.5007886961102486
