times:
  edit-metadata: 1.5370140746235847
  landing: 0.9783558771014214
  view-data: 3.385799065232277
