times:
  edit-metadata: 1.4621770307421684
  landing: 0.7855594605207443
  view-data: 3.466031886637211
