times:
  edit-metadata: 1.4015467166900635
  landing: 0.778523176908493
  view-data: 3.495215632021427
