times:
  edit-metadata: 1.6080953627824783
  landing: 0.8834377825260162
  view-data: 3.2684265188872814
