times:
  edit-metadata: 1.4243895635008812
  landing: 0.7005963921546936
  view-data: 3.502454750239849
