times:
  edit-metadata: 1.5142272934317589
  landing: 0.866860531270504
  view-data: 3.3456108309328556
