times:
  edit-metadata: 1.487306609749794
  landing: 0.7591872289776802
  view-data: 3.3882994577288628
