times:
  edit-metadata: 1.5720528438687325
  landing: 0.8728048726916313
  view-data: 3.43856468051672
