times:
  edit-metadata: 1.4529492072761059
  landing: 0.7819585166871548
  view-data: 3.315220668911934
