times:
  edit-metadata: 1.4970325976610184
  landing: 0.7791974321007729
  view-data: 3.374390572309494
