times:
  edit-metadata: 1.42124405503273
  landing: 0.7576437257230282
  view-data: 3.302260123193264
