times:
  edit-metadata: 1.5451483651995659
  landing: 0.7550687342882156
  view-data: 3.4924314618110657
