times:
  edit-metadata: 1.3974098414182663
  landing: 0.7258294150233269
  view-data: 3.498748116195202
