times:
  edit-metadata: 1.5476726219058037
  landing: 0.8934461809694767
  view-data: 3.4858691468834877
