times:
  edit-metadata: 1.514145404100418
  landing: 0.6942002773284912
  view-data: 3.4888035655021667
