times:
  edit-metadata: 1.4544189721345901
  landing: 0.8448450490832329
  view-data: 3.377415657043457
