times:
  edit-metadata: 1.5700988173484802
  landing: 0.7821197062730789
  view-data: 3.5102608427405357
