times:
  edit-metadata: 1.809133991599083
  landing: 0.8830818459391594
  view-data: 3.4788272455334663
