times:
  edit-metadata: 2.054618902504444
  landing: 1.1234434470534325
  view-data: 3.6086212024092674
