times:
  edit-metadata: 1.5149569362401962
  landing: 0.7554598748683929
  view-data: 3.5048029720783234
