times:
  edit-metadata: 2.2552076131105423
  landing: 1.2484959363937378
  view-data: 3.6009413599967957
