times:
  edit-metadata: 2.1040065474808216
  landing: 1.120031502097845
  view-data: 3.374549776315689
