times:
  edit-metadata: 1.8706786409020424
  landing: 1.0109796896576881
  view-data: 3.270981214940548
