times:
  edit-metadata: 1.51942902430892
  landing: 0.843815453350544
  view-data: 3.365316905081272
