times:
  edit-metadata: 1.4124618172645569
  landing: 0.9243395626544952
  view-data: 3.3825617022812366
