times:
  edit-metadata: 1.439273364841938
  landing: 1.0054449513554573
  view-data: 3.3586628660559654
