times:
  edit-metadata: 2.1464090533554554
  landing: 1.16920730099082
  view-data: 3.55924966186285
