times:
  edit-metadata: 1.454243041574955
  landing: 0.7204849272966385
  view-data: 3.514074996113777
