times:
  edit-metadata: 1.5550186932086945
  landing: 0.8429397493600845
  view-data: 3.5166874676942825
