times:
  edit-metadata: 1.7122058644890785
  landing: 0.998691014945507
  view-data: 3.542322017252445
