times:
  edit-metadata: 1.603816531598568
  landing: 0.8307385146617889
  view-data: 3.4735669791698456
