times:
  edit-metadata: 1.5848375894129276
  landing: 0.861345998942852
  view-data: 3.320881437510252
