times:
  edit-metadata: 1.5133048072457314
  landing: 0.7269477099180222
  view-data: 0.6530111208558083
