times:
  edit-metadata: 1.4238882660865784
  landing: 0.717375636100769
  view-data: 3.364922918379307
