times:
  edit-metadata: 1.6875836253166199
  landing: 0.8058680891990662
  view-data: 3.439367040991783
