times:
  edit-metadata: 1.4211765453219414
  landing: 0.7845141887664795
  view-data: 3.4851662665605545
