times:
  edit-metadata: 1.4477823860943317
  landing: 0.7850819788873196
  view-data: 3.392829343676567
