times:
  edit-metadata: 1.5398068130016327
  landing: 0.7567019015550613
  view-data: 3.3899328485131264
