times:
  edit-metadata: 1.5546688437461853
  landing: 0.7562645152211189
  view-data: 3.4714885652065277
