times:
  edit-metadata: 1.5268805362284184
  landing: 0.8833719082176685
  view-data: 3.32736898958683
