times:
  edit-metadata: 1.4884444624185562
  landing: 0.769537940621376
  view-data: 3.269299164414406
