times:
  edit-metadata: 1.4629234597086906
  landing: 0.7004185542464256
  view-data: 3.4487884491682053
