times:
  edit-metadata: 1.6081063076853752
  landing: 0.9324469678103924
  view-data: 3.292844869196415
