times:
  edit-metadata: 1.5281715765595436
  landing: 0.7774548269808292
  view-data: 3.30768259242177
