times:
  edit-metadata: 1.4562552273273468
  landing: 0.7987166196107864
  view-data: 3.491170048713684
