times:
  edit-metadata: 1.5086513012647629
  landing: 0.7001958712935448
  view-data: 0.671193465590477
