times:
  edit-metadata: 1.5659900605678558
  landing: 0.8825896382331848
  view-data: 3.514956519007683
