times:
  edit-metadata: 1.5927880629897118
  landing: 0.8618339449167252
  view-data: 3.3261003121733665
