times:
  edit-metadata: 1.518212478607893
  landing: 0.7931447774171829
  view-data: 3.274269174784422
