times:
  edit-metadata: 1.4239991195499897
  landing: 0.8406628891825676
  view-data: 3.318170603364706
