times:
  edit-metadata: 1.3996985889971256
  landing: 0.8294821530580521
  view-data: 3.366975735872984
