times:
  edit-metadata: 1.6637505069375038
  landing: 1.0176707729697227
  view-data: 3.5290127769112587
