times:
  edit-metadata: 1.4017251059412956
  landing: 0.7297225371003151
  view-data: 3.4854541942477226
