times:
  edit-metadata: 1.7036484517157078
  landing: 1.0118845403194427
  view-data: 3.33687561750412
