times:
  edit-metadata: 2.0712155252695084
  landing: 1.0654341205954552
  view-data: 3.3347945362329483
