times:
  edit-metadata: 1.6503652930259705
  landing: 0.907721571624279
  view-data: 3.3147835433483124
