times:
  edit-metadata: 1.7838561721146107
  landing: 0.9742850884795189
  view-data: 3.3125416301190853
