times:
  edit-metadata: 1.4151603430509567
  landing: 0.8880089372396469
  view-data: 3.336295425891876
