times:
  edit-metadata: 1.535257175564766
  landing: 0.7387873008847237
  view-data: 3.467337802052498
