times:
  edit-metadata: 1.5283371321856976
  landing: 0.8293503187596798
  view-data: 3.3208598755300045
