times:
  edit-metadata: 1.4363262988626957
  landing: 0.7378790862858295
  view-data: 3.2898985743522644
