times:
  edit-metadata: 1.8958783186972141
  landing: 1.0032388977706432
  view-data: 3.30613237246871
