times:
  edit-metadata: 1.639209609478712
  landing: 0.7831101417541504
  view-data: 3.3265793211758137
