times:
  edit-metadata: 1.4672674909234047
  landing: 0.769748043268919
  view-data: 3.3047986067831516
