times:
  edit-metadata: 1.6064448207616806
  landing: 0.805277444422245
  view-data: 3.4745939522981644
