times:
  edit-metadata: 1.4707947671413422
  landing: 0.8144709542393684
  view-data: 3.3902937844395638
