times:
  edit-metadata: 1.4232026115059853
  landing: 0.7525929659605026
  view-data: 3.5179638788104057
