times:
  edit-metadata: 1.5543568283319473
  landing: 0.7760803923010826
  view-data: 3.472022235393524
