times:
  edit-metadata: 1.531286783516407
  landing: 0.8066973611712456
  view-data: 3.4417231753468513
