times:
  edit-metadata: 1.6506252996623516
  landing: 0.9960198663175106
  view-data: 3.322187226265669
