times:
  edit-metadata: 2.1807533651590347
  landing: 1.4849490970373154
  view-data: 3.7445764988660812
