times:
  edit-metadata: 1.457916609942913
  landing: 0.937621183693409
  view-data: 3.4972284361720085
