times:
  edit-metadata: 1.5341948047280312
  landing: 0.7096689790487289
  view-data: 3.4610783010721207
