times:
  edit-metadata: 2.048916645348072
  landing: 0.9371954277157784
  view-data: 3.4942434579133987
