times:
  edit-metadata: 1.6794888600707054
  landing: 0.8661458529531956
  view-data: 3.2994708381593227
