times:
  edit-metadata: 1.579014927148819
  landing: 0.7603542730212212
  view-data: 3.5368300899863243
