times:
  edit-metadata: 1.4579566232860088
  landing: 1.2537615895271301
  view-data: 3.329506404697895
