times:
  edit-metadata: 1.5040713772177696
  landing: 0.780578687787056
  view-data: 3.3065981678664684
