times:
  edit-metadata: 1.5114903524518013
  landing: 0.835760086774826
  view-data: 3.507028691470623
