times:
  edit-metadata: 1.4665686152875423
  landing: 0.8226665556430817
  view-data: 3.3099487833678722
