times:
  edit-metadata: 1.5459907501935959
  landing: 0.6810786053538322
  view-data: 3.48626858741045
