times:
  edit-metadata: 1.4888489097356796
  landing: 0.7536985948681831
  view-data: 3.3086052983999252
