times:
  edit-metadata: 1.5118258260190487
  landing: 0.735196553170681
  view-data: 3.388201881200075
