times:
  edit-metadata: 1.9036014936864376
  landing: 1.372581284493208
  view-data: 3.4293011873960495
