times:
  edit-metadata: 1.514177493751049
  landing: 0.7248569205403328
  view-data: 3.5279347598552704
