times:
  edit-metadata: 1.4333180263638496
  landing: 0.79963368922472
  view-data: 3.375987358391285
