times:
  edit-metadata: 1.4565433040261269
  landing: 0.7471728175878525
  view-data: 3.4753367006778717
