times:
  edit-metadata: 1.4062897451221943
  landing: 0.739599883556366
  view-data: 3.331412944942713
