times:
  edit-metadata: 1.6897768303751945
  landing: 0.8407008498907089
  view-data: 3.349033534526825
