times:
  edit-metadata: 1.6389027312397957
  landing: 0.7543011754751205
  view-data: 3.6288872361183167
