times:
  edit-metadata: 1.47308699041605
  landing: 0.7680175416171551
  view-data: 3.4121372923254967
