times:
  edit-metadata: 1.5406265556812286
  landing: 0.7589255198836327
  view-data: 3.2707907408475876
