times:
  edit-metadata: 1.4919146075844765
  landing: 0.7972739636898041
  view-data: 3.5708453729748726
