times:
  edit-metadata: 1.5420255437493324
  landing: 0.8077611848711967
  view-data: 3.5206726118922234
