times:
  edit-metadata: 1.4451532661914825
  landing: 0.8297383040189743
  view-data: 3.2790458649396896
