times:
  edit-metadata: 1.539872121065855
  landing: 0.8199941553175449
  view-data: 3.2722895853221416
