times:
  edit-metadata: 1.47612264752388
  landing: 0.7466787099838257
  view-data: 3.516689695417881
