times:
  edit-metadata: 1.5893010646104813
  landing: 0.8008636310696602
  view-data: 3.2976231537759304
