times:
  edit-metadata: 1.578495316207409
  landing: 0.9089608639478683
  view-data: 3.445711113512516
