times:
  edit-metadata: 1.603097215294838
  landing: 0.8699597418308258
  view-data: 3.3258351162075996
