times:
  edit-metadata: 1.48417828977108
  landing: 0.7270161062479019
  view-data: 3.5007108002901077
