times:
  edit-metadata: 1.5244373977184296
  landing: 0.9292634725570679
  view-data: 3.4810869842767715
