times:
  edit-metadata: 1.507132150232792
  landing: 0.8105007633566856
  view-data: 3.3494301959872246
