times:
  edit-metadata: 1.5508816614747047
  landing: 0.827117495238781
  view-data: 3.4835777431726456
