times:
  edit-metadata: 1.4587063565850258
  landing: 0.8220233097672462
  view-data: 3.5089585334062576
