times:
  edit-metadata: 1.4225211404263973
  landing: 0.7577605359256268
  view-data: 3.2643430307507515
