times:
  edit-metadata: 1.5104205682873726
  landing: 0.7918235510587692
  view-data: 3.4546345472335815
