times:
  edit-metadata: 1.4530090242624283
  landing: 0.8181544467806816
  view-data: 3.339423943310976
