times:
  edit-metadata: 1.570223644375801
  landing: 0.82951969653368
  view-data: 3.5873709619045258
