times:
  edit-metadata: 1.539827436208725
  landing: 0.8729156032204628
  view-data: 3.4939109310507774
