times:
  edit-metadata: 1.5271053947508335
  landing: 0.9010985158383846
  view-data: 3.361178081482649
