times:
  edit-metadata: 1.5445546507835388
  landing: 0.7454153299331665
  view-data: 3.299428027123213
