times:
  edit-metadata: 1.43157359957695
  landing: 0.8544863685965538
  view-data: 3.3300871029496193
