times:
  edit-metadata: 1.5594484433531761
  landing: 0.7576797008514404
  view-data: 3.4603305011987686
