times:
  edit-metadata: 1.3927915431559086
  landing: 0.7480949647724628
  view-data: 3.308794230222702
