times:
  edit-metadata: 1.4974817410111427
  landing: 0.7385398745536804
  view-data: 3.4577124640345573
