times:
  edit-metadata: 1.5055516809225082
  landing: 0.8231752291321754
  view-data: 3.3067906387150288
