times:
  edit-metadata: 1.4440628625452518
  landing: 0.7807224504649639
  view-data: 3.2913895659148693
