times:
  edit-metadata: 1.4892062172293663
  landing: 0.8145081847906113
  view-data: 3.33737775310874
