times:
  edit-metadata: 1.4783032909035683
  landing: 0.742132842540741
  view-data: 3.4666510224342346
