times:
  edit-metadata: 1.4665952771902084
  landing: 0.7678240984678268
  view-data: 3.5329478979110718
