times:
  edit-metadata: 1.5152379721403122
  landing: 0.7732692435383797
  view-data: 3.411589354276657
