times:
  edit-metadata: 1.4043486192822456
  landing: 0.7892418093979359
  view-data: 3.2711025066673756
