times:
  edit-metadata: 1.7036946192383766
  landing: 0.923231229186058
  view-data: 3.6705026775598526
