times:
  edit-metadata: 1.7189206331968307
  landing: 0.9855376519262791
  view-data: 3.301214948296547
