times:
  edit-metadata: 1.5522479116916656
  landing: 0.9036676585674286
  view-data: 3.549803227186203
