times:
  edit-metadata: 1.4306039661169052
  landing: 0.8168551176786423
  view-data: 3.418217696249485
