times:
  edit-metadata: 1.4297068789601326
  landing: 0.7642525359988213
  view-data: 3.3536409065127373
