times:
  edit-metadata: 1.4639830812811852
  landing: 0.7670544609427452
  view-data: 3.4557230845093727
