times:
  edit-metadata: 1.551058106124401
  landing: 0.7192033119499683
  view-data: 3.292881317436695
