times:
  edit-metadata: 1.5929298847913742
  landing: 0.7162052989006042
  view-data: 3.2831932306289673
