times:
  edit-metadata: 1.4459522143006325
  landing: 0.803790733218193
  view-data: 3.47291012853384
