times:
  edit-metadata: 1.717062659561634
  landing: 0.7740823924541473
  view-data: 3.393513433635235
