times:
  edit-metadata: 1.5598871409893036
  landing: 0.8274782709777355
  view-data: 3.362819228321314
