times:
  edit-metadata: 1.7925111949443817
  landing: 0.8519241623580456
  view-data: 3.4013213887810707
