times:
  edit-metadata: 1.5563597716391087
  landing: 0.7920749187469482
  view-data: 3.2763072922825813
