times:
  edit-metadata: 1.54610575735569
  landing: 0.6957884505391121
  view-data: 3.4627529233694077
