times:
  edit-metadata: 1.49344914406538
  landing: 0.770013652741909
  view-data: 3.4961201772093773
