times:
  edit-metadata: 1.5259319059550762
  landing: 0.7737784720957279
  view-data: 3.3041173554956913
