times:
  edit-metadata: 1.5666239559650421
  landing: 0.7448957487940788
  view-data: 3.7362444326281548
