times:
  edit-metadata: 1.4449502900242805
  landing: 0.7221384197473526
  view-data: 3.395855665206909
