times:
  edit-metadata: 1.500498190522194
  landing: 0.7373094782233238
  view-data: 3.5160897746682167
