times:
  edit-metadata: 1.3780717700719833
  landing: 0.7352598235011101
  view-data: 3.4347937926650047
