times:
  edit-metadata: 1.4898681826889515
  landing: 0.8436950072646141
  view-data: 3.364333063364029
