times:
  edit-metadata: 1.5409859716892242
  landing: 0.7695815339684486
  view-data: 3.4824090600013733
