times:
  edit-metadata: 1.5123488083481789
  landing: 0.7453701198101044
  view-data: 3.2925146743655205
