times:
  edit-metadata: 1.7159817814826965
  landing: 0.9591498747467995
  view-data: 3.2894142642617226
