times:
  edit-metadata: 1.5440762229263783
  landing: 0.7214097082614899
  view-data: 3.3699841387569904
