times:
  edit-metadata: 1.6417797468602657
  landing: 1.0662471801042557
  view-data: 3.3028308637440205
