times:
  edit-metadata: 2.5862738639116287
  landing: 1.3091303370893002
  view-data: 3.5286944806575775
