times:
  edit-metadata: 1.4998060837388039
  landing: 0.7953167632222176
  view-data: 3.3832135796546936
