times:
  edit-metadata: 1.395830400288105
  landing: 0.7076909989118576
  view-data: 3.4411252960562706
