times:
  edit-metadata: 1.4887950457632542
  landing: 1.0690117105841637
  view-data: 3.312786787748337
