times:
  edit-metadata: 1.4050252884626389
  landing: 0.703673280775547
  view-data: 3.480454295873642
