times:
  edit-metadata: 1.389456108212471
  landing: 0.8010304868221283
  view-data: 3.3773709386587143
