times:
  edit-metadata: 1.684422979131341
  landing: 1.052500506862998
  view-data: 3.7086772564798594
