times:
  edit-metadata: 1.5651849918067455
  landing: 0.978073313832283
  view-data: 3.378831297159195
