times:
  edit-metadata: 1.5167451798915863
  landing: 0.7594519909471273
  view-data: 3.340944403782487
