times:
  edit-metadata: 1.733901247382164
  landing: 1.155374526977539
  view-data: 3.4067554734647274
