times:
  edit-metadata: 1.5611644759774208
  landing: 0.8728470075875521
  view-data: 3.4743713848292828
