times:
  edit-metadata: 1.5168920122087002
  landing: 0.7994056064635515
  view-data: 3.412468034774065
