times:
  edit-metadata: 1.637034460902214
  landing: 0.9462518319487572
  view-data: 3.3330021612346172
