times:
  edit-metadata: 1.518999695777893
  landing: 0.748414795845747
  view-data: 3.4132592026144266
