times:
  edit-metadata: 2.029819142073393
  landing: 1.35703669115901
  view-data: 3.5826758220791817
