times:
  edit-metadata: 1.4940985180437565
  landing: 0.8736617378890514
  view-data: 3.3530662022531033
