times:
  edit-metadata: 1.3881183974444866
  landing: 0.8734934031963348
  view-data: 3.3138583041727543
