times:
  edit-metadata: 1.4826190657913685
  landing: 0.9309151507914066
  view-data: 3.3607225231826305
