times:
  edit-metadata: 1.9998818635940552
  landing: 1.0036506280303001
  view-data: 3.438061583787203
