times:
  edit-metadata: 1.585735511034727
  landing: 0.88004145398736
  view-data: 3.510875169187784
