times:
  edit-metadata: 1.5267681926488876
  landing: 0.8005581609904766
  view-data: 3.3932910449802876
