times:
  edit-metadata: 1.6696026884019375
  landing: 1.2225234359502792
  view-data: 3.514871194958687
