times:
  edit-metadata: 1.341509073972702
  landing: 0.8234645090997219
  view-data: 3.3002740144729614
