times:
  edit-metadata: 1.4080491345375776
  landing: 0.8067455012351274
  view-data: 3.382768841460347
