times:
  edit-metadata: 1.648022621870041
  landing: 0.8197079338133335
  view-data: 3.289601866155863
