times:
  edit-metadata: 1.5154211781919003
  landing: 1.0885356664657593
  view-data: 3.356418587267399
