times:
  edit-metadata: 1.3584478124976158
  landing: 0.8047988787293434
  view-data: 3.3360693268477917
