times:
  edit-metadata: 1.480599321424961
  landing: 0.7031712867319584
  view-data: 3.3791442438960075
