times:
  edit-metadata: 1.3632066398859024
  landing: 0.8707454614341259
  view-data: 3.4499798119068146
