times:
  edit-metadata: 2.871144015341997
  landing: 1.3661239296197891
  view-data: 4.05811957269907
