times:
  edit-metadata: 1.495769064873457
  landing: 0.7862328719347715
  view-data: 3.429207568988204
