times:
  edit-metadata: 1.5257968865334988
  landing: 0.955714363604784
  view-data: 3.428183749318123
