times:
  edit-metadata: 1.4938532933592796
  landing: 0.9367651529610157
  view-data: 3.3367795161902905
