times:
  edit-metadata: 1.4763889852911234
  landing: 0.785114387050271
  view-data: 3.419250499457121
