times:
  edit-metadata: 1.5659300163388252
  landing: 0.8315907157957554
  view-data: 3.4315544720739126
