times:
  edit-metadata: 1.4943986721336842
  landing: 0.7806148696690798
  view-data: 4.5432259906083345
