times:
  edit-metadata: 1.7542079202830791
  landing: 1.0529626719653606
  view-data: 3.3379779122769833
