times:
  edit-metadata: 1.4195215217769146
  landing: 0.895610474050045
  view-data: 3.3437379971146584
