times:
  edit-metadata: 1.4793557710945606
  landing: 0.9628425501286983
  view-data: 3.3714634105563164
