times:
  edit-metadata: 1.5009596087038517
  landing: 0.8077404797077179
  view-data: 3.4145360961556435
