times:
  edit-metadata: 1.4929875992238522
  landing: 0.7979828231036663
  view-data: 3.490304905921221
