times:
  edit-metadata: 1.4917830899357796
  landing: 0.8234181590378284
  view-data: 3.298378173261881
