times:
  edit-metadata: 1.4844062961637974
  landing: 0.7375169433653355
  view-data: 3.418775824829936
