times:
  edit-metadata: 1.612629722803831
  landing: 1.0823205076158047
  view-data: 3.34596324339509
