times:
  edit-metadata: 1.3423688672482967
  landing: 0.7056673467159271
  view-data: 3.3189682587981224
