times:
  edit-metadata: 1.4985676370561123
  landing: 0.8043954931199551
  view-data: 3.4004552997648716
