times:
  edit-metadata: 1.460665263235569
  landing: 0.9563296884298325
  view-data: 3.40963276848197
