times:
  edit-metadata: 1.5436925627291203
  landing: 0.8996938839554787
  view-data: 3.34656697884202
