times:
  edit-metadata: 1.3977775797247887
  landing: 0.8114704638719559
  view-data: 3.3514911867678165
