times:
  edit-metadata: 1.5344787687063217
  landing: 0.8379230424761772
  view-data: 3.380904871970415
