times:
  edit-metadata: 1.4572437666356564
  landing: 0.6988989412784576
  view-data: 3.30006505548954
