times:
  edit-metadata: 1.4361688494682312
  landing: 0.8657973222434521
  view-data: 3.3956026285886765
