times:
  edit-metadata: 1.4819359481334686
  landing: 0.7871014978736639
  view-data: 3.4008524734526873
