times:
  edit-metadata: 1.5059516429901123
  landing: 0.8785821720957756
  view-data: 3.4435471184551716
