times:
  edit-metadata: 1.4915422946214676
  landing: 0.8704520240426064
  view-data: 3.3591718561947346
