times:
  edit-metadata: 1.5167234856635332
  landing: 0.7436118889600039
  view-data: 3.4127072282135487
