times:
  edit-metadata: 1.565535755828023
  landing: 0.804462069645524
  view-data: 3.4411336816847324
