times:
  edit-metadata: 1.5807009264826775
  landing: 1.0902069993317127
  view-data: 3.3704281710088253
