times:
  edit-metadata: 1.7240813970565796
  landing: 1.1694647744297981
  view-data: 3.4210046902298927
