times:
  edit-metadata: 1.587703201919794
  landing: 1.4101463481783867
  view-data: 3.424089226871729
