times:
  edit-metadata: 1.4828648455440998
  landing: 0.8342102207243443
  view-data: 3.4316723365336657
