times:
  edit-metadata: 1.4759374633431435
  landing: 0.980576291680336
  view-data: 3.3727390356361866
