times:
  edit-metadata: 1.5328484661877155
  landing: 0.7614178154617548
  view-data: 3.4571981579065323
