times:
  edit-metadata: 1.4245207533240318
  landing: 0.8619574494659901
  view-data: 3.4416596069931984
