times:
  edit-metadata: 1.680385511368513
  landing: 1.0061107650399208
  view-data: 3.418217543512583
