times:
  edit-metadata: 1.9765555448830128
  landing: 0.9732354953885078
  view-data: 3.460135880857706
