times:
  edit-metadata: 1.4916685037314892
  landing: 0.8879212625324726
  view-data: 3.4239040799438953
