times:
  edit-metadata: 1.449129220098257
  landing: 0.8338614627718925
  view-data: 3.2922727800905704
