times:
  edit-metadata: 1.5766158737242222
  landing: 0.790881210938096
  view-data: 3.439328044652939
