times:
  edit-metadata: 1.33702926710248
  landing: 0.7123661562800407
  view-data: 3.3284516781568527
