times:
  edit-metadata: 1.487764896824956
  landing: 0.758371639996767
  view-data: 3.3861231226474047
