times:
  edit-metadata: 1.4396356046199799
  landing: 0.7739285230636597
  view-data: 3.293626494705677
