times:
  edit-metadata: 1.3885744661092758
  landing: 0.6598640941083431
  view-data: 3.3218000940978527
