times:
  edit-metadata: 1.5195640735328197
  landing: 0.910872608423233
  view-data: 3.4318876191973686
