times:
  edit-metadata: 1.5216937605291605
  landing: 0.8416274338960648
  view-data: 3.4145716726779938
