times:
  edit-metadata: 1.6541447062045336
  landing: 0.8762546870857477
  view-data: 3.496898654848337
