times:
  edit-metadata: 1.4806475974619389
  landing: 0.7985727731138468
  view-data: 3.4412919767200947
