times:
  edit-metadata: 1.5188089981675148
  landing: 0.8492653518915176
  view-data: 3.429676316678524
