times:
  edit-metadata: 1.4729630704969168
  landing: 0.6664237268269062
  view-data: 3.2876725383102894
