times:
  edit-metadata: 1.4788904413580894
  landing: 0.7314553968608379
  view-data: 3.37487605586648
