times:
  edit-metadata: 1.428213007748127
  landing: 0.8060136809945107
  view-data: 3.3139769919216633
