times:
  edit-metadata: 1.5819991491734982
  landing: 0.8611469641327858
  view-data: 3.417625542730093
