times:
  edit-metadata: 1.5410723462700844
  landing: 0.8929369300603867
  view-data: 3.401120275259018
