times:
  edit-metadata: 1.9131222441792488
  landing: 1.6165681779384613
  view-data: 3.416151650249958
