times:
  edit-metadata: 1.4509387165307999
  landing: 0.9530193991959095
  view-data: 3.399903129786253
