times:
  edit-metadata: 1.4097348898649216
  landing: 0.8108715713024139
  view-data: 3.3613505214452744
