times:
  edit-metadata: 1.5390769373625517
  landing: 0.8284282684326172
  view-data: 3.4102653823792934
