times:
  edit-metadata: 2.773201648145914
  landing: 1.4845973439514637
  view-data: 3.747617185115814
