times:
  edit-metadata: 1.7246333360671997
  landing: 0.9850637130439281
  view-data: 3.3788652792572975
