times:
  edit-metadata: 1.3687689453363419
  landing: 0.9440171308815479
  view-data: 3.3357531502842903
