times:
  edit-metadata: 1.494314055889845
  landing: 0.899607703089714
  view-data: 3.3796661868691444
