times:
  edit-metadata: 1.4971081521362066
  landing: 0.6684539914131165
  view-data: 3.3423829078674316
