times:
  edit-metadata: 1.641583625227213
  landing: 0.8189031854271889
  view-data: 3.3217015862464905
