times:
  edit-metadata: 2.3727686889469624
  landing: 1.2492782324552536
  view-data: 3.30404731631279
