times:
  edit-metadata: 1.699410144239664
  landing: 1.057785615324974
  view-data: 3.3272835351526737
