times:
  edit-metadata: 1.5273110158741474
  landing: 0.839628454297781
  view-data: 3.3915750049054623
