times:
  edit-metadata: 1.5337994284927845
  landing: 0.9807561114430428
  view-data: 3.392724324017763
