times:
  edit-metadata: 1.4113926850259304
  landing: 0.651072058826685
  view-data: 3.2834702283143997
