times:
  edit-metadata: 1.556641748175025
  landing: 0.8177435211837292
  view-data: 3.4455846827477217
