times:
  edit-metadata: 1.5664893090724945
  landing: 0.8018946461379528
  view-data: 3.441591054201126
