times:
  edit-metadata: 1.5936950519680977
  landing: 0.9069927968084812
  view-data: 3.374685376882553
