times:
  edit-metadata: 1.5115332789719105
  landing: 0.8236125949770212
  view-data: 3.407665343955159
