times:
  edit-metadata: 1.45314178802073
  landing: 0.751041067764163
  view-data: 3.3525892794132233
