times:
  edit-metadata: 1.4369396790862083
  landing: 0.8023473136126995
  view-data: 3.2982116118073463
