times:
  edit-metadata: 1.3841810896992683
  landing: 0.8221368007361889
  view-data: 3.586694683879614
