times:
  edit-metadata: 1.4831119123846292
  landing: 0.7976684253662825
  view-data: 3.4270465802401304
