times:
  edit-metadata: 1.5533329956233501
  landing: 1.05277881026268
  view-data: 3.461115777492523
