times:
  edit-metadata: 1.5086945574730635
  landing: 0.750662824138999
  view-data: 3.4286581743508577
