times:
  edit-metadata: 1.627940647304058
  landing: 1.0982078798115253
  view-data: 3.363811794668436
