times:
  edit-metadata: 1.3646971099078655
  landing: 0.7614877037703991
  view-data: 3.25779914483428
