times:
  edit-metadata: 1.5012138169258833
  landing: 0.807268351316452
  view-data: 3.4781562723219395
