times:
  edit-metadata: 1.7169394679367542
  landing: 0.7417529560625553
  view-data: 3.3974925968796015
