times:
  edit-metadata: 1.6048052906990051
  landing: 1.1094567887485027
  view-data: 3.3930243961513042
