times:
  edit-metadata: 1.4072610307484865
  landing: 0.7311103530228138
  view-data: 3.337003691121936
