times:
  edit-metadata: 1.6034436095505953
  landing: 0.9835241846740246
  view-data: 3.4949565157294273
