times:
  edit-metadata: 1.6246239468455315
  landing: 1.026775810867548
  view-data: 3.384521223604679
