times:
  edit-metadata: 1.4728261157870293
  landing: 0.8384940326213837
  view-data: 3.3997876942157745
