times:
  edit-metadata: 1.7765861377120018
  landing: 1.3132863081991673
  view-data: 3.3956762813031673
