times:
  edit-metadata: 1.3753925897181034
  landing: 0.7367667816579342
  view-data: 3.348393153399229
