times:
  edit-metadata: 1.4063955955207348
  landing: 0.8780578263103962
  view-data: 3.347301311790943
