times:
  edit-metadata: 1.5086145661771297
  landing: 0.9240346923470497
  view-data: 3.3466582633554935
