times:
  edit-metadata: 1.4029199536889791
  landing: 0.6675628796219826
  view-data: 3.3462857883423567
