times:
  edit-metadata: 1.4943963922560215
  landing: 0.8659786693751812
  view-data: 3.3403800390660763
