times:
  edit-metadata: 4.228519406169653
  landing: 2.2066487036645412
  view-data: 3.9457454681396484
