times:
  edit-metadata: 1.3267276920378208
  landing: 0.8397697731852531
  view-data: 3.2979930639266968
