times:
  edit-metadata: 1.4880852214992046
  landing: 0.8818494603037834
  view-data: 3.3410673663020134
