times:
  edit-metadata: 1.49231493845582
  landing: 1.1081743240356445
  view-data: 3.326220318675041
