times:
  edit-metadata: 1.4265165701508522
  landing: 0.8583909086883068
  view-data: 3.32438837364316
