times:
  edit-metadata: 1.5048271045088768
  landing: 1.0096331872045994
  view-data: 3.3830167073756456
