times:
  edit-metadata: 1.499491062015295
  landing: 0.8999888673424721
  view-data: 3.3974511064589024
