times:
  edit-metadata: 1.5294931344687939
  landing: 0.9123806208372116
  view-data: 3.4221326261758804
