times:
  landing: 2.826955155003816
  view-data: 0.031110497191548347
