times:
  landing: 1.076563296141103
  view-data: 0.5507544288411736
