times:
  edit-metadata: 1.6923718973994255
  landing: 0.9349957518279552
  view-data: 3.6682126969099045
