times:
  edit-metadata: 1.4432227835059166
  landing: 0.7884111776947975
  view-data: 3.7412662729620934
