times:
  edit-metadata: 1.5279053822159767
  landing: 0.9246836453676224
  view-data: 3.603771150112152
