times:
  edit-metadata: 1.5517980866134167
  landing: 0.9144951440393925
  view-data: 3.4652847088873386
