times:
  edit-metadata: 1.525561548769474
  landing: 0.8864731043577194
  view-data: 3.589777462184429
