times:
  edit-metadata: 1.3779079876840115
  landing: 0.9346437677741051
  view-data: 3.60146002843976
