times:
  edit-metadata: 1.4880777932703495
  landing: 0.9356971085071564
  view-data: 3.4251183196902275
