times:
  edit-metadata: 1.5433235354721546
  landing: 0.9325007572770119
  view-data: 3.70110597088933
