times:
  edit-metadata: 1.6547894850373268
  landing: 0.927981048822403
  view-data: 3.3642633333802223
