times:
  edit-metadata: 1.4444548934698105
  landing: 0.8586869612336159
  view-data: 3.558050885796547
