times:
  edit-metadata: 1.61117684841156
  landing: 0.993278257548809
  view-data: 3.9394217282533646
