times:
  edit-metadata: 1.4827402532100677
  landing: 0.8606218919157982
  view-data: 3.4955379888415337
