times:
  edit-metadata: 2.3367354162037373
  landing: 1.1985233426094055
  view-data: 3.4544649198651314
