times:
  edit-metadata: 1.3870635330677032
  landing: 0.7993847317993641
  view-data: 3.5975839830935
