times:
  edit-metadata: 1.5114076808094978
  landing: 0.8365490511059761
  view-data: 3.343081459403038
