times:
  edit-metadata: 2.809425301849842
  landing: 1.3454898819327354
  view-data: 3.742288514971733
