times:
  edit-metadata: 2.2181361541152
  landing: 1.1815444007515907
  view-data: 3.608410742133856
