times:
  edit-metadata: 1.5293373242020607
  landing: 0.7762984782457352
  view-data: 3.795000709593296
