times:
  edit-metadata: 1.527098298072815
  landing: 0.783757209777832
  view-data: 3.5965931937098503
