times:
  edit-metadata: 1.5118723958730698
  landing: 0.8604990020394325
  view-data: 3.7801370695233345
