times:
  edit-metadata: 1.4041220024228096
  landing: 0.8264373391866684
  view-data: 3.3160782009363174
