times:
  edit-metadata: 1.5520927719771862
  landing: 1.0847198888659477
  view-data: 3.5599653013050556
