times:
  edit-metadata: 1.486593283712864
  landing: 0.9817776158452034
  view-data: 3.3593810945749283
