times:
  edit-metadata: 1.4798551127314568
  landing: 0.7874162420630455
  view-data: 3.4909637421369553
