times:
  edit-metadata: 3.0014316365122795
  landing: 1.23621142283082
  view-data: 3.447556808590889
