times:
  edit-metadata: 1.3828162550926208
  landing: 0.7829671800136566
  view-data: 3.6855261474847794
