times:
  edit-metadata: 1.4169796407222748
  landing: 0.8009748011827469
  view-data: 3.282210674136877
