times:
  edit-metadata: 1.4049944058060646
  landing: 0.7712374925613403
  view-data: 3.4305291548371315
