times:
  edit-metadata: 1.4279316812753677
  landing: 0.8192403316497803
  view-data: 3.3539357036352158
