times:
  edit-metadata: 1.4551443383097649
  landing: 0.8588357381522655
  view-data: 3.3857680335640907
