times:
  edit-metadata: 2.3158193193376064
  landing: 1.0920766964554787
  view-data: 3.512167677283287
