times:
  edit-metadata: 1.6101760789752007
  landing: 0.8584601432085037
  view-data: 3.622828893363476
