times:
  edit-metadata: 1.4410543143749237
  landing: 0.804394394159317
  view-data: 3.5011950731277466
