times:
  edit-metadata: 1.464807964861393
  landing: 0.789403647184372
  view-data: 3.5820561945438385
