times:
  edit-metadata: 1.4844864010810852
  landing: 0.9017556309700012
  view-data: 3.5539581328630447
