times:
  edit-metadata: 1.346506979316473
  landing: 0.7897122763097286
  view-data: 3.3333521261811256
