times:
  edit-metadata: 1.4619433134794235
  landing: 0.8254548236727715
  view-data: 3.503347232937813
