times:
  edit-metadata: 1.5087754465639591
  landing: 0.9824119657278061
  view-data: 3.431919738650322
