times:
  edit-metadata: 1.5654553025960922
  landing: 0.84156184643507
  view-data: 3.6226622089743614
