times:
  edit-metadata: 2.3028627038002014
  landing: 1.5156511291861534
  view-data: 3.7344559654593468
