times:
  edit-metadata: 1.485154252499342
  landing: 0.8426077179610729
  view-data: 3.5883940756320953
