times:
  edit-metadata: 1.463899739086628
  landing: 1.0026379078626633
  view-data: 3.5503488332033157
