times:
  edit-metadata: 1.38849738240242
  landing: 0.8533926233649254
  view-data: 3.7711550444364548
