times:
  edit-metadata: 1.3948049917817116
  landing: 0.8747766464948654
  view-data: 3.359668679535389
