times:
  edit-metadata: 1.531043492257595
  landing: 0.8871783390641212
  view-data: 3.4034501165151596
