times:
  edit-metadata: 1.5852667577564716
  landing: 0.8042441345751286
  view-data: 3.3082837127149105
