times:
  edit-metadata: 1.6960831172764301
  landing: 1.1823577620089054
  view-data: 3.3832603357732296
