times:
  edit-metadata: 1.3997928723692894
  landing: 0.9665505103766918
  view-data: 3.344798307865858
