times:
  edit-metadata: 1.4019801616668701
  landing: 0.7746817469596863
  view-data: 3.420121006667614
