times:
  edit-metadata: 1.481608010828495
  landing: 0.8574682250618935
  view-data: 3.3717300966382027
