times:
  edit-metadata: 1.4634527154266834
  landing: 0.886577419936657
  view-data: 3.5336879454553127
