times:
  edit-metadata: 1.5411778427660465
  landing: 0.8698270954191685
  view-data: 3.622779008001089
