times:
  edit-metadata: 1.4400092847645283
  landing: 0.8936333805322647
  view-data: 3.3490920700132847
