times:
  edit-metadata: 1.3443286530673504
  landing: 0.8286474086344242
  view-data: 3.80898891761899
