times:
  edit-metadata: 2.935000017285347
  landing: 0.7628938555717468
  view-data: 3.3688037768006325
