times:
  edit-metadata: 1.29081254824996
  landing: 0.9283781722187996
  view-data: 3.4656838327646255
