times:
  edit-metadata: 1.4528922215104103
  landing: 0.7784144207835197
  view-data: 3.5105339884757996
