times:
  edit-metadata: 1.5391305536031723
  landing: 0.8231048882007599
  view-data: 3.6547566279768944
