times:
  edit-metadata: 2.012379474937916
  landing: 1.2331689447164536
  view-data: 3.509334549307823
