times:
  edit-metadata: 1.5237309597432613
  landing: 0.8504722714424133
  view-data: 3.4878100715577602
