times:
  edit-metadata: 1.478274866938591
  landing: 0.8237812668085098
  view-data: 3.733683653175831
