times:
  edit-metadata: 1.379226241260767
  landing: 0.8960183002054691
  view-data: 3.380673348903656
