times:
  edit-metadata: 1.4515123441815376
  landing: 0.8247816562652588
  view-data: 3.7415007427334785
