times:
  edit-metadata: 1.3840004280209541
  landing: 0.7507793456315994
  view-data: 3.7181916683912277
