times:
  edit-metadata: 1.5105314403772354
  landing: 0.8003967329859734
  view-data: 3.775342546403408
