times:
  edit-metadata: 1.4284801483154297
  landing: 0.8107281923294067
  view-data: 3.5945471450686455
