times:
  edit-metadata: 2.1593009680509567
  landing: 1.2647041231393814
  view-data: 3.8220764473080635
