times:
  edit-metadata: 1.5100749656558037
  landing: 0.8635414838790894
  view-data: 3.3754251822829247
