times:
  edit-metadata: 2.0113676488399506
  landing: 1.3227590471506119
  view-data: 3.495458699762821
