times:
  edit-metadata: 1.48361287266016
  landing: 0.8210627809166908
  view-data: 3.6250033751130104
