times:
  edit-metadata: 1.466908622533083
  landing: 0.9080132283270359
  view-data: 3.520577982068062
