times:
  edit-metadata: 1.4145556017756462
  landing: 0.8549286127090454
  view-data: 3.7300486713647842
