times:
  edit-metadata: 1.4706157855689526
  landing: 0.9309042729437351
  view-data: 3.351101905107498
