times:
  edit-metadata: 1.4110418185591698
  landing: 0.8800111450254917
  view-data: 3.5718409568071365
