times:
  edit-metadata: 1.4527533203363419
  landing: 1.0187161192297935
  view-data: 3.804787054657936
