times:
  edit-metadata: 1.5461348183453083
  landing: 0.8314069733023643
  view-data: 3.3924825340509415
