times:
  edit-metadata: 1.7219707928597927
  landing: 1.0633252523839474
  view-data: 3.358897380530834
