times:
  edit-metadata: 1.4852337427437305
  landing: 0.8204669691622257
  view-data: 3.399168662726879
