times:
  edit-metadata: 1.4891875237226486
  landing: 0.871950589120388
  view-data: 3.6351186260581017
