times:
  edit-metadata: 1.5833793804049492
  landing: 0.8934566676616669
  view-data: 3.490581937134266
