times:
  edit-metadata: 1.5520513951778412
  landing: 0.8475388884544373
  view-data: 3.5959064587950706
