times:
  edit-metadata: 1.5931594669818878
  landing: 0.8014882504940033
  view-data: 3.444001704454422
