times:
  edit-metadata: 1.4600067362189293
  landing: 0.8406530022621155
  view-data: 3.377714343369007
