times:
  edit-metadata: 1.4746492616832256
  landing: 0.8092694021761417
  view-data: 3.3817820735275745
