times:
  edit-metadata: 1.5003405511379242
  landing: 0.8502625748515129
  view-data: 3.4887574836611748
