times:
  edit-metadata: 1.4035685360431671
  landing: 0.8668518960475922
  view-data: 3.756087191402912
