times:
  edit-metadata: 1.40809678286314
  landing: 0.8421334251761436
  view-data: 3.391616601496935
