times:
  edit-metadata: 1.5115453377366066
  landing: 0.8147168159484863
  view-data: 3.2895538583397865
