times:
  edit-metadata: 1.4366873987019062
  landing: 0.8749349638819695
  view-data: 3.5583948493003845
