times:
  edit-metadata: 1.450496956706047
  landing: 0.8280829265713692
  view-data: 3.455361731350422
