times:
  edit-metadata: 2.2529045417904854
  landing: 1.7209459990262985
  view-data: 3.859608441591263
