times:
  edit-metadata: 1.6606723442673683
  landing: 0.8146072179079056
  view-data: 3.6089229732751846
