times:
  edit-metadata: 1.42549879103899
  landing: 0.8113882839679718
  view-data: 3.4077166467905045
