times:
  edit-metadata: 1.5801449343562126
  landing: 0.9021369926631451
  view-data: 3.5928032249212265
