times:
  edit-metadata: 1.5302529111504555
  landing: 0.8302445262670517
  view-data: 3.568114660680294
