times:
  edit-metadata: 1.4076425060629845
  landing: 0.7632270827889442
  view-data: 3.6818328201770782
