times:
  edit-metadata: 1.4505417458713055
  landing: 0.8831743039190769
  view-data: 3.5592696964740753
