times:
  edit-metadata: 1.5480651073157787
  landing: 0.8629345633089542
  view-data: 3.423857320100069
