times:
  edit-metadata: 1.4836650639772415
  landing: 0.7812187001109123
  view-data: 3.636063225567341
