times:
  edit-metadata: 1.451657548546791
  landing: 0.8401018530130386
  view-data: 3.413428947329521
