times:
  edit-metadata: 1.4452026560902596
  landing: 0.8160938173532486
  view-data: 3.9013833478093147
