times:
  edit-metadata: 2.7506897374987602
  landing: 1.824212096631527
  view-data: 3.7581482008099556
