times:
  edit-metadata: 1.5118600353598595
  landing: 0.7965468242764473
  view-data: 3.4278003349900246
