times:
  edit-metadata: 3.1373931355774403
  landing: 2.177227832376957
  view-data: 3.487624004483223
