times:
  edit-metadata: 1.501178901642561
  landing: 0.9424190893769264
  view-data: 3.309774938970804
