times:
  edit-metadata: 1.4167191460728645
  landing: 0.8229910209774971
  view-data: 3.7211761251091957
