times:
  edit-metadata: 1.7645218223333359
  landing: 0.9512671194970608
  view-data: 3.478041499853134
