times:
  edit-metadata: 1.4848329797387123
  landing: 0.8971441835165024
  view-data: 3.762992188334465
