times:
  edit-metadata: 1.6570788845419884
  landing: 0.9651176109910011
  view-data: 3.579387206584215
