times:
  edit-metadata: 1.4827072694897652
  landing: 0.9377339631319046
  view-data: 3.6477212086319923
