times:
  edit-metadata: 1.4795885533094406
  landing: 0.8125452920794487
  view-data: 3.6033525839447975
