times:
  edit-metadata: 1.5612431913614273
  landing: 0.8950618281960487
  view-data: 3.3565592169761658
