times:
  edit-metadata: 1.5312055945396423
  landing: 0.7649070844054222
  view-data: 3.5109639167785645
