times:
  edit-metadata: 1.5280240774154663
  landing: 0.7912716865539551
  view-data: 3.617581605911255
