times:
  edit-metadata: 1.5381057932972908
  landing: 0.867461621761322
  view-data: 3.5130460783839226
