times:
  edit-metadata: 2.115824855864048
  landing: 1.0526861473917961
  view-data: 3.4166579470038414
