times:
  edit-metadata: 1.5596277974545956
  landing: 0.8525188900530338
  view-data: 3.5244121365249157
