times:
  edit-metadata: 2.576413296163082
  landing: 1.4335684701800346
  view-data: 3.790695868432522
