times:
  edit-metadata: 1.3840204775333405
  landing: 0.9554548114538193
  view-data: 3.5478344336152077
