times:
  edit-metadata: 1.5069922059774399
  landing: 0.7965590581297874
  view-data: 3.5549976155161858
