times:
  edit-metadata: 1.520385056734085
  landing: 1.0325635373592377
  view-data: 3.719225402921438
