times:
  edit-metadata: 1.4342520534992218
  landing: 0.8299596346914768
  view-data: 3.371422916650772
