times:
  edit-metadata: 1.4418770298361778
  landing: 0.9331085979938507
  view-data: 3.7590296491980553
