times:
  edit-metadata: 1.5158290565013885
  landing: 0.7700992077589035
  view-data: 3.548466518521309
