times:
  edit-metadata: 1.5643109567463398
  landing: 0.9023118354380131
  view-data: 3.362281981855631
