times:
  edit-metadata: 1.5335927084088326
  landing: 0.899123840034008
  view-data: 3.372918538749218
