times:
  edit-metadata: 1.5644930452108383
  landing: 0.89720019698143
  view-data: 3.8516321629285812
