times:
  edit-metadata: 1.469468891620636
  landing: 0.7438615784049034
  view-data: 3.534206248819828
