times:
  edit-metadata: 1.4968369528651237
  landing: 0.8113407120108604
  view-data: 3.5103383511304855
