times:
  edit-metadata: 1.450853019952774
  landing: 0.7834020480513573
  view-data: 3.4944610819220543
