times:
  edit-metadata: 1.366119660437107
  landing: 0.7904038541018963
  view-data: 3.5746764317154884
