times:
  edit-metadata: 1.5589992478489876
  landing: 0.8505169153213501
  view-data: 3.639827236533165
