times:
  edit-metadata: 1.5411212742328644
  landing: 0.9829790592193604
  view-data: 3.8771022260189056
