times:
  edit-metadata: 1.4230563193559647
  landing: 0.7762327007949352
  view-data: 3.3804487586021423
