times:
  edit-metadata: 1.793256238102913
  landing: 1.0545268207788467
  view-data: 3.7866541519761086
