times:
  edit-metadata: 1.4627226181328297
  landing: 0.8826682306826115
  view-data: 3.3742118030786514
