times:
  edit-metadata: 1.8133576437830925
  landing: 0.950362503528595
  view-data: 3.6685833483934402
