times:
  edit-metadata: 1.9733824655413628
  landing: 1.3720205873250961
  view-data: 3.8681179508566856
