times:
  edit-metadata: 1.5920929498970509
  landing: 0.8656804524362087
  view-data: 3.762648146599531
