times:
  edit-metadata: 1.5792122706770897
  landing: 0.7845347970724106
  view-data: 3.6859729439020157
