times:
  edit-metadata: 1.396139308810234
  landing: 0.8557561114430428
  view-data: 3.5921658724546432
