times:
  edit-metadata: 1.7670557647943497
  landing: 1.1294314488768578
  view-data: 3.5510343313217163
