times:
  edit-metadata: 1.3860409185290337
  landing: 0.8688004687428474
  view-data: 3.311889983713627
