times:
  edit-metadata: 1.7050537392497063
  landing: 0.9813023507595062
  view-data: 3.9583094120025635
