times:
  edit-metadata: 1.7334675416350365
  landing: 0.9863678775727749
  view-data: 3.6259813718497753
