times:
  edit-metadata: 1.6153128370642662
  landing: 0.9142678715288639
  view-data: 3.367245975881815
