times:
  edit-metadata: 1.4076949805021286
  landing: 0.8062917143106461
  view-data: 3.4871001318097115
