times:
  edit-metadata: 1.4890216812491417
  landing: 0.8305273726582527
  view-data: 3.629645526409149
