times:
  edit-metadata: 1.4926348738372326
  landing: 0.855011098086834
  view-data: 3.3509673848748207
