times:
  edit-metadata: 1.4981341361999512
  landing: 0.8544982373714447
  view-data: 3.8222611472010612
