times:
  edit-metadata: 1.543987050652504
  landing: 0.7807837501168251
  view-data: 3.815579891204834
