times:
  edit-metadata: 1.5416400283575058
  landing: 0.992346316576004
  view-data: 3.6112049371004105
