times:
  edit-metadata: 1.44064100086689
  landing: 0.7860263362526894
  view-data: 3.303782295435667
