times:
  edit-metadata: 1.502825990319252
  landing: 0.8278163745999336
  view-data: 3.7844549268484116
