times:
  edit-metadata: 1.4426013492047787
  landing: 0.7618869170546532
  view-data: 3.3999177180230618
