times:
  edit-metadata: 1.4404912516474724
  landing: 0.7989770248532295
  view-data: 3.5319745391607285
