times:
  edit-metadata: 1.438988484442234
  landing: 0.812807559967041
  view-data: 3.5316632091999054
