times:
  edit-metadata: 1.8875175341963768
  landing: 1.2090442031621933
  view-data: 3.469081938266754
