times:
  edit-metadata: 1.5571597218513489
  landing: 0.8410457149147987
  view-data: 3.7686601355671883
