times:
  edit-metadata: 1.3863271921873093
  landing: 0.7938685342669487
  view-data: 3.6550620645284653
