times:
  edit-metadata: 1.9531100206077099
  landing: 1.0050238892436028
  view-data: 3.8291152343153954
