times:
  edit-metadata: 1.5697892047464848
  landing: 0.8757551871240139
  view-data: 3.4056513234972954
