times:
  edit-metadata: 1.4338162913918495
  landing: 0.8196152523159981
  view-data: 3.37414538115263
