times:
  edit-metadata: 1.481278344988823
  landing: 0.8394469395279884
  view-data: 3.5464717149734497
