times:
  edit-metadata: 1.5699995905160904
  landing: 0.7782993987202644
  view-data: 3.585219271481037
