times:
  edit-metadata: 1.4378428757190704
  landing: 0.823627345263958
  view-data: 3.7031815871596336
