times:
  edit-metadata: 2.88646306283772
  landing: 1.516445154324174
  view-data: 3.8521136604249477
