times:
  edit-metadata: 2.5195688288658857
  landing: 1.4317684844136238
  view-data: 3.716740597039461
