times:
  edit-metadata: 0.5827265350380912
  landing: 0.05042516702087596
  view-data: 0.22434804495424032
