times:
  edit-metadata: 1.4447370106354356
  landing: 0.8079542061313987
  view-data: 3.356165117584169
