times:
  edit-metadata: 0.4634176301769912
  landing: 0.05583665892481804
  view-data: 0.35637779580429196
