times:
  edit-metadata: 1.50970178283751
  landing: 0.7512965500354767
  view-data: 3.3930058665573597
