times:
  edit-metadata: 1.8623195104300976
  landing: 1.3374485708773136
  view-data: 3.525367345660925
