times:
  edit-metadata: 1.6409823670983315
  landing: 0.7722503840923309
  view-data: 3.396669313311577
