times:
  edit-metadata: 0.7336901123635471
  landing: 0.1238369569182396
  view-data: 0.21908567007631063
