times:
  edit-metadata: 1.3709025718271732
  landing: 0.7722456511110067
  view-data: 0.5195375741459429
