times:
  edit-metadata: 1.5927622839808464
  landing: 0.8401958309113979
  view-data: 3.3913988657295704
