times:
  edit-metadata: 1.4062423333525658
  landing: 0.8922362066805363
  view-data: 3.3309884537011385
