times:
  edit-metadata: 0.5278215720318258
  landing: 0.0991336707957089
  view-data: 0.30348064191639423
