times:
  edit-metadata: 1.3402867652475834
  landing: 0.8646158762276173
  view-data: 3.3299394324421883
