times:
  edit-metadata: 0.5256548640027177
  landing: 0.07280398601142224
  view-data: 0.21802160699735396
