times:
  edit-metadata: 1.3673352152109146
  landing: 0.8753316476941109
  view-data: 3.334121972322464
