times:
  edit-metadata: 1.6165532004088163
  landing: 0.8211815133690834
  view-data: 3.4737320095300674
