times:
  edit-metadata: 1.3914881959790364
  landing: 0.7245909880148247
  view-data: 3.251030208892189
