times:
  edit-metadata: 0.5140155549161136
  landing: 0.04629806103184819
  view-data: 0.2139658611267805
