times:
  edit-metadata: 1.51177679002285
  landing: 0.7320390157401562
  view-data: 3.381248064339161
