times:
  edit-metadata: 1.5086017209105194
  landing: 0.8253898068796843
  view-data: 3.3259771100711077
