times:
  edit-metadata: 0.4394408331718296
  landing: 0.07061362802051008
  view-data: 0.2068110320251435
