times:
  edit-metadata: 1.4376421831548214
  landing: 0.7691217064857483
  view-data: 3.299833983182907
