times:
  edit-metadata: 0.4863652010099031
  landing: 0.047630417975597084
  view-data: 0.21160250299726613
