times:
  edit-metadata: 1.5001886300742626
  landing: 0.8920284621417522
  view-data: 3.3101232275366783
