times:
  edit-metadata: 1.485852438956499
  landing: 0.7035159729421139
  view-data: 3.3297836240381002
