times:
  edit-metadata: 0.46876917500048876
  landing: 0.06031384295783937
  view-data: 0.2100631210487336
