times:
  edit-metadata: 0.4896608837880194
  landing: 0.04714185791090131
  view-data: 0.21264552092179656
