times:
  edit-metadata: 1.4594646649202332
  landing: 0.9093258350621909
  view-data: 3.3762372001074255
