times:
  edit-metadata: 1.4792657159268856
  landing: 0.8532099537551403
  view-data: 3.367495946586132
