times:
  edit-metadata: 1.5253382278606296
  landing: 0.8200179231353104
  view-data: 3.3543883650563657
