times:
  edit-metadata: 0.5239685850101523
  landing: 0.06750354100950062
  view-data: 0.22003508798661642
