times:
  edit-metadata: 2.5960990749299526
  landing: 1.9237933736294508
  view-data: 3.4677394311875105
