times:
  edit-metadata: 2.358087185770273
  landing: 1.2290810830891132
  view-data: 3.5202296897768974
