times:
  edit-metadata: 1.4221568927168846
  landing: 0.9066845662891865
  view-data: 3.354012608528137
