times:
  edit-metadata: 1.5126654766499996
  landing: 0.7472473084926605
  view-data: 3.3973764069378376
