times:
  edit-metadata: 2.0569293033331633
  landing: 1.1698824428021908
  view-data: 3.4324602615088224
