times:
  edit-metadata: 0.46406102390028536
  landing: 0.06252164882607758
  view-data: 0.2241551778279245
