times:
  edit-metadata: 1.411524437367916
  landing: 0.7527445033192635
  view-data: 3.285606488585472
