times:
  edit-metadata: 1.576961761340499
  landing: 0.15609108097851276
  view-data: 0.31539181247353554
