times:
  edit-metadata: 1.4758103284984827
  landing: 0.748175822198391
  view-data: 3.394750753417611
