times:
  edit-metadata: 0.47747748403344303
  landing: 0.06483498006127775
  view-data: 0.3368639159016311
