times:
  edit-metadata: 0.5138277120422572
  landing: 0.08620274998247623
  view-data: 0.24721765890717506
