times:
  edit-metadata: 2.855563076213002
  landing: 1.2898619621992111
  view-data: 3.8892929200083017
