times:
  edit-metadata: 2.330469973385334
  landing: 1.495812464505434
  view-data: 3.5731038711965084
