times:
  edit-metadata: 1.3985563479363918
  landing: 0.7927861921489239
  view-data: 3.2645359747111797
