times:
  edit-metadata: 1.4616848342120647
  landing: 0.8017993830144405
  view-data: 3.3131874687969685
