times:
  edit-metadata: 1.497183309867978
  landing: 0.7344674039632082
  view-data: 3.3741115257143974
