times:
  edit-metadata: 1.5021687829867005
  landing: 0.7622999511659145
  view-data: 3.352908257395029
