times:
  edit-metadata: 1.678087032865733
  landing: 1.0900777922943234
  view-data: 3.31390761770308
