times:
  edit-metadata: 2.707943806424737
  landing: 1.2150373011827469
  view-data: 3.66985946521163
