times:
  edit-metadata: 1.5042639132589102
  landing: 0.7754769995808601
  view-data: 3.4323099721223116
