times:
  edit-metadata: 1.3674734800006263
  landing: 0.32351283996831626
  view-data: 0.2900969170150347
