times:
  edit-metadata: 1.8883239552378654
  landing: 1.3966409265995026
  view-data: 3.4825413189828396
