times:
  edit-metadata: 1.5616297759115696
  landing: 0.998874980956316
  view-data: 3.3991255834698677
