times:
  edit-metadata: 4.665259428322315
  landing: 1.255523081868887
  view-data: 3.5039657317101955
