times:
  edit-metadata: 0.46378119196742773
  landing: 0.06972068920731544
  view-data: 0.2078968749847263
