times:
  edit-metadata: 1.502577232196927
  landing: 0.8495133901014924
  view-data: 3.437489902600646
