times:
  edit-metadata: 1.5255018435418606
  landing: 0.6859054584056139
  view-data: 3.3508498948067427
