times:
  edit-metadata: 0.4868655293248594
  landing: 0.044291611295193434
  view-data: 0.3393520009703934
