times:
  edit-metadata: 2.5756453052163124
  landing: 1.2575991190969944
  view-data: 3.5392853915691376
