times:
  edit-metadata: 2.7450023852288723
  landing: 1.7905373014509678
  view-data: 3.7830336913466454
