times:
  edit-metadata: 1.4452624693512917
  landing: 0.9355985559523106
  view-data: 3.345791433006525
