times:
  edit-metadata: 1.293398154899478
  landing: 0.8044301299378276
  view-data: 3.319465142674744
