times:
  edit-metadata: 1.4744374472647905
  landing: 0.8479651119560003
  view-data: 3.388137439265847
