times:
  edit-metadata: 1.4856367474421859
  landing: 0.8779519181698561
  view-data: 3.416903492063284
