times:
  edit-metadata: 1.50752186588943
  landing: 0.769778948277235
  view-data: 3.4128304328769445
