times:
  edit-metadata: 0.6365601659927052
  landing: 0.1403848080080934
  view-data: 0.24547035500290804
