times:
  edit-metadata: 0.6462336480617523
  landing: 0.14594842214137316
  view-data: 0.2810633322224021
