times:
  edit-metadata: 1.4387795419897884
  landing: 0.8613407940138131
  view-data: 3.2758617099607363
