times:
  edit-metadata: 0.5450647636316717
  landing: 0.06618537893518806
  view-data: 0.21189913107082248
