times:
  edit-metadata: 1.71291334182024
  landing: 0.9955851249396801
  view-data: 3.3529534973204136
