times:
  edit-metadata: 1.3837260827422142
  landing: 0.7622213419526815
  view-data: 3.2974117677658796
