times:
  edit-metadata: 1.4977856390178204
  landing: 0.8593645803630352
  view-data: 3.364200070500374
