times:
  edit-metadata: 2.781544666737318
  landing: 1.1948797423392534
  view-data: 3.619647259823978
