times:
  edit-metadata: 1.492600828409195
  landing: 0.8685843963176012
  view-data: 3.3699980285018682
