times:
  edit-metadata: 0.4869480701163411
  landing: 0.05163523182272911
  view-data: 0.22136781294830143
