times:
  edit-metadata: 1.390921711921692
  landing: 0.8407285697758198
  view-data: 3.3287127278745174
