times:
  edit-metadata: 0.5189843569824006
  landing: 0.06479298701742664
  view-data: 0.22104219600441866
