times:
  edit-metadata: 0.5334583360090619
  landing: 0.09667466899554711
  view-data: 0.2350877529970603
