times:
  edit-metadata: 0.45123944198712707
  landing: 0.060738673084415495
  view-data: 0.20253439398948103
