times:
  edit-metadata: 1.5802520364522934
  landing: 0.9779176265001297
  view-data: 3.4246828332543373
