times:
  edit-metadata: 1.5005063489079475
  landing: 0.8526939488947392
  view-data: 3.4296200275421143
