times:
  edit-metadata: 0.4594263699837029
  landing: 0.07044400600716472
  view-data: 0.2159299310296774
