times:
  edit-metadata: 0.5298540320072789
  landing: 0.06941685400670394
  view-data: 0.22988819199963473
