times:
  edit-metadata: 2.1242961762472987
  landing: 1.0953214159235358
  view-data: 3.7197813699021935
