times:
  edit-metadata: 1.6639370918273926
  landing: 0.9249761458486319
  view-data: 3.3486859407275915
