times:
  edit-metadata: 1.4252675408497453
  landing: 0.7675468260422349
  view-data: 3.2753076422959566
