times:
  edit-metadata: 0.47144386400759686
  landing: 0.060317757990560494
  view-data: 0.20700859400676563
