times:
  edit-metadata: 1.4570899829268456
  landing: 0.8536024689674377
  view-data: 3.367456328123808
