times:
  edit-metadata: 1.7649066001176834
  landing: 1.461075484752655
  view-data: 3.396938793361187
