times:
  edit-metadata: 1.4337606900371611
  landing: 0.7985834120772779
  view-data: 3.4216846898198128
