times:
  edit-metadata: 0.47367785905953497
  landing: 0.05614124704152346
  view-data: 0.21231316099874675
