times:
  edit-metadata: 3.408033536747098
  landing: 1.5337572246789932
  view-data: 3.943904984742403
