times:
  edit-metadata: 2.0357327684760094
  landing: 1.217675607651472
  view-data: 3.480962410569191
