times:
  edit-metadata: 1.3743116706609726
  landing: 0.8947422057390213
  view-data: 3.3524620682001114
