times:
  edit-metadata: 0.44242995721288025
  landing: 0.0736585611011833
  view-data: 0.21426389506086707
