times:
  edit-metadata: 2.012892718426883
  landing: 1.3671459089964628
  view-data: 3.5817462746053934
