times:
  edit-metadata: 1.7229493968188763
  landing: 0.9924416597932577
  view-data: 3.487793391570449
