times:
  edit-metadata: 0.5120728519978002
  landing: 0.04402954294346273
  view-data: 0.2163564549991861
