times:
  edit-metadata: 1.490137917920947
  landing: 0.8128198012709618
  view-data: 3.4303745534271
