times:
  edit-metadata: 0.4522603680379689
  landing: 0.07707007392309606
  view-data: 0.20987750915810466
