times:
  edit-metadata: 1.4348342400044203
  landing: 0.7839762789662927
  view-data: 3.407693858956918
