times:
  edit-metadata: 1.3043961115181446
  landing: 0.7659604512155056
  view-data: 3.426170712336898
