times:
  edit-metadata: 1.5452073905616999
  landing: 0.7685648053884506
  view-data: 3.397496907040477
