times:
  edit-metadata: 0.5387665909993302
  landing: 0.1448226849997809
  view-data: 0.22570638799970766
