times:
  edit-metadata: 2.2598773315548897
  landing: 1.1477120332419872
  view-data: 3.378831785172224
