times:
  edit-metadata: 1.495383657515049
  landing: 0.7440873794257641
  view-data: 3.374246833845973
