times:
  edit-metadata: 0.538096867967397
  landing: 0.07589533412829041
  view-data: 0.22330404492095113
