times:
  edit-metadata: 1.5108525529503822
  landing: 0.829914964735508
  view-data: 3.412964027374983
