times:
  edit-metadata: 0.7971981149166822
  landing: 0.07956211687996984
  view-data: 0.31875235959887505
