times:
  edit-metadata: 0.48129870399134234
  landing: 0.050248710002051666
  view-data: 0.20659940101904795
