times:
  edit-metadata: 1.512287475168705
  landing: 0.823157275095582
  view-data: 3.3957310281693935
