times:
  edit-metadata: 0.5469129449920729
  landing: 0.049767900025472045
  view-data: 0.22329452395206317
