times:
  edit-metadata: 0.5224501839993536
  landing: 0.07028664500012383
  view-data: 0.2273906150003313
