times:
  edit-metadata: 1.7326447553932667
  landing: 1.0044408775866032
  view-data: 3.3928307220339775
