times:
  edit-metadata: 1.596382487565279
  landing: 0.8594083115458488
  view-data: 3.376186840236187
