times:
  edit-metadata: 1.8560185506939888
  landing: 1.1990425996482372
  view-data: 3.5836732499301434
