times:
  edit-metadata: 1.4669762570410967
  landing: 0.755199559032917
  view-data: 3.435869725421071
