times:
  edit-metadata: 0.4713253958616406
  landing: 0.055801511043682694
  view-data: 0.20675780903548002
