times:
  edit-metadata: 1.480915866792202
  landing: 0.9385473392903805
  view-data: 3.402364354580641
