times:
  edit-metadata: 0.8127283328212798
  landing: 0.05999986408278346
  view-data: 0.21856935508549213
