times:
  edit-metadata: 1.3504673019051552
  landing: 0.8660938441753387
  view-data: 3.372510813176632
