times:
  edit-metadata: 1.3248287700116634
  landing: 0.8222125098109245
  view-data: 3.404472339898348
