times:
  edit-metadata: 0.7012674435973167
  landing: 0.12061672797426581
  view-data: 0.2089180937036872
