times:
  edit-metadata: 0.456364993005991
  landing: 0.08436334133148193
  view-data: 0.23054896807298064
