times:
  edit-metadata: 0.4485041049774736
  landing: 0.06431226688437164
  view-data: 0.23571797809563577
