times:
  edit-metadata: 1.555533029139042
  landing: 0.685248427093029
  view-data: 3.319090012460947
