times:
  edit-metadata: 0.46124690491706133
  landing: 0.06494626868516207
  view-data: 0.20934679778292775
