times:
  edit-metadata: 0.48470198595896363
  landing: 0.0443548250477761
  view-data: 0.2157642189413309
