times:
  edit-metadata: 1.5196533910930157
  landing: 0.7665091808885336
  view-data: 3.410877365618944
