times:
  edit-metadata: 1.5096104247495532
  landing: 1.0681778332218528
  view-data: 3.3315170397982
