times:
  edit-metadata: 1.4199529960751534
  landing: 0.7700260374695063
  view-data: 3.381702863611281
