times:
  edit-metadata: 1.5528000071644783
  landing: 0.8999889567494392
  view-data: 3.3701764345169067
