times:
  edit-metadata: 1.6162817850708961
  landing: 3.5507699623703957
  view-data: 3.3322997577488422
