times:
  edit-metadata: 1.4739896655082703
  landing: 0.7027871161699295
  view-data: 3.3271519318223
