times:
  edit-metadata: 2.0889035766012967
  landing: 1.314087166916579
  view-data: 3.4997391724027693
