times:
  edit-metadata: 0.47295446798671037
  landing: 0.08250491000944749
  view-data: 0.22551906399894506
