times:
  edit-metadata: 1.3334175311028957
  landing: 0.8229925073683262
  view-data: 3.3129186630249023
