times:
  edit-metadata: 1.4923402592539787
  landing: 0.8533938080072403
  view-data: 3.340373568236828
