times:
  edit-metadata: 0.5760362669825554
  landing: 0.067160882987082
  view-data: 0.3215883751399815
