times:
  edit-metadata: 0.4617694049993588
  landing: 0.07144276399958471
  view-data: 0.21235694400002103
