times:
  edit-metadata: 0.49119668098865077
  landing: 0.046333393023815006
  view-data: 0.20843762200092897
