times:
  edit-metadata: 1.5198959205299616
  landing: 0.7865524645894766
  view-data: 3.4068189039826393
