times:
  edit-metadata: 1.4591546393930912
  landing: 0.8917821049690247
  view-data: 3.421338826417923
