times:
  edit-metadata: 2.347001940011978
  landing: 1.1515552215278149
  view-data: 3.474693600088358
