times:
  edit-metadata: 1.4727497650310397
  landing: 1.110236942768097
  view-data: 0.5505402162671089
