times:
  edit-metadata: 0.5259670079976786
  landing: 0.05547084100544453
  view-data: 0.2157216579944361
