times:
  edit-metadata: 1.5207587368786335
  landing: 0.726454108953476
  view-data: 3.3836444951593876
