times:
  edit-metadata: 0.7191518330946565
  landing: 0.09835363598540425
  view-data: 0.23010968416929245
