times:
  edit-metadata: 0.4868366150185466
  landing: 0.0479165711440146
  view-data: 0.229738645022735
