times:
  edit-metadata: 1.3366473242640495
  landing: 0.880300261080265
  view-data: 3.327265914529562
