times:
  edit-metadata: 1.9870080277323723
  landing: 1.401267845183611
  view-data: 3.6242980360984802
