times:
  edit-metadata: 1.5119266961701214
  landing: 0.7851181323640049
  view-data: 3.397176573984325
