times:
  edit-metadata: 1.881242759525776
  landing: 1.0664093345403671
  view-data: 3.5170215629041195
