times:
  edit-metadata: 1.6034110728651285
  landing: 0.8145229201763868
  view-data: 3.34461235627532
