times:
  edit-metadata: 1.5004465728998184
  landing: 0.7457986380904913
  view-data: 3.410752698779106
