times:
  edit-metadata: 0.46415536594577134
  landing: 0.07541083893738687
  view-data: 0.22378848306834698
