times:
  edit-metadata: 1.950299996882677
  landing: 1.255798153579235
  view-data: 3.467654839158058
