times:
  edit-metadata: 1.3940898515284061
  landing: 0.7389452084898949
  view-data: 3.2701544612646103
