times:
  edit-metadata: 1.3882074132561684
  landing: 0.9188169836997986
  view-data: 3.3198248744010925
