times:
  edit-metadata: 1.3511600531637669
  landing: 0.8025609590113163
  view-data: 3.2749353647232056
