times:
  edit-metadata: 0.45453099196311086
  landing: 0.07049812807235867
  view-data: 0.22638870705850422
