times:
  edit-metadata: 0.5140351997688413
  landing: 0.0580633538775146
  view-data: 0.23863775888457894
