times:
  edit-metadata: 0.47006407810840756
  landing: 0.054943677969276905
  view-data: 0.21659736789297312
