times:
  edit-metadata: 1.5246185101568699
  landing: 0.2765850741416216
  view-data: 0.363706573843956
