times:
  edit-metadata: 0.526302530997782
  landing: 0.07731831500132103
  view-data: 0.21616260800510645
