times:
  edit-metadata: 1.5993455331772566
  landing: 0.8263587597757578
  view-data: 3.3918263912200928
