times:
  edit-metadata: 1.5756861809641123
  landing: 0.7926340997219086
  view-data: 3.4187547136098146
