times:
  edit-metadata: 1.455141584854573
  landing: 0.7873469381593168
  view-data: 3.3731641098856926
