times:
  edit-metadata: 3.1533431438729167
  landing: 1.5480256834998727
  view-data: 3.7225197153165936
