times:
  edit-metadata: 1.4421601668000221
  landing: 0.841641434468329
  view-data: 3.3900072714313865
