times:
  edit-metadata: 2.338373366743326
  landing: 1.7260271664708853
  view-data: 3.7828917130827904
