times:
  edit-metadata: 0.5626688459888101
  landing: 0.07535701501183212
  view-data: 0.2122134210076183
