times:
  edit-metadata: 1.4490971048362553
  landing: 0.7220093137584627
  view-data: 3.3582396949641407
