times:
  edit-metadata: 1.4825760126113892
  landing: 0.8730924166738987
  view-data: 3.3898964151740074
