times:
  edit-metadata: 0.45642741094343364
  landing: 0.0625128960236907
  view-data: 0.48351778113283217
