times:
  edit-metadata: 1.4911317620426416
  landing: 0.7671112045645714
  view-data: 3.4286473970860243
