times:
  edit-metadata: 1.7621446922421455
  landing: 0.8502705246210098
  view-data: 3.3333325535058975
