times:
  edit-metadata: 0.5255182567052543
  landing: 0.07380075799301267
  view-data: 0.231928669847548
