times:
  edit-metadata: 0.4450538079254329
  landing: 0.07438568584620953
  view-data: 0.2123501501046121
