times:
  edit-metadata: 1.6771028507500887
  landing: 0.8661554045975208
  view-data: 3.400648334994912
