times:
  edit-metadata: 0.5950396209955215
  landing: 0.0631769189494662
  view-data: 0.21736563596641645
