times:
  edit-metadata: 1.4204906718805432
  landing: 0.9382132636383176
  view-data: 3.4328781217336655
