times:
  edit-metadata: 1.29196850489825
  landing: 0.7686537057161331
  view-data: 3.334761225618422
