times:
  edit-metadata: 1.483827163465321
  landing: 0.8137598969042301
  view-data: 3.3230236498638988
