times:
  edit-metadata: 1.4820152493193746
  landing: 0.7165740756317973
  view-data: 3.3856221828609705
