times:
  edit-metadata: 1.6250500343739986
  landing: 1.2479867786169052
  view-data: 3.472249072045088
