times:
  edit-metadata: 1.3538494277745485
  landing: 0.7737428043037653
  view-data: 3.4294570572674274
