times:
  edit-metadata: 1.3103206986561418
  landing: 0.7518441574648023
  view-data: 3.297599562443793
