times:
  edit-metadata: 1.3382456609979272
  landing: 0.7816246480215341
  view-data: 3.3270853289868683
