times:
  edit-metadata: 1.420398287475109
  landing: 0.7928821397945285
  view-data: 3.3521415647119284
