times:
  edit-metadata: 1.4255594019778073
  landing: 0.8221704373136163
  view-data: 3.299915684852749
