times:
  edit-metadata: 1.4836797770112753
  landing: 0.8024404780007899
  view-data: 3.3573813419789076
