times:
  edit-metadata: 1.8455482870340347
  landing: 1.1795006655156612
  view-data: 3.4848009794950485
