times:
  edit-metadata: 2.546287564560771
  landing: 1.2344897910952568
  view-data: 3.483730109408498
