times:
  edit-metadata: 1.385332067962736
  landing: 1.0665755129884928
  view-data: 3.325641361065209
