times:
  edit-metadata: 1.341255884617567
  landing: 0.6876235157251358
  view-data: 3.2846364825963974
