times:
  edit-metadata: 1.5419829189777374
  landing: 0.8135608565062284
  view-data: 3.427111128345132
