times:
  edit-metadata: 0.723455348983407
  landing: 0.062189796939492226
  view-data: 0.2916023978032172
