times:
  edit-metadata: 0.46181645011529326
  landing: 0.08047837694175541
  view-data: 0.2173010678961873
