times:
  edit-metadata: 1.9665555357933044
  landing: 1.276354230940342
  view-data: 3.456167835742235
