times:
  edit-metadata: 0.5497122099986882
  landing: 0.0714054549971479
  view-data: 0.2208491739947931
