times:
  edit-metadata: 1.4818230669479817
  landing: 0.8088477330747992
  view-data: 3.3633243560325354
