times:
  edit-metadata: 1.4199767399113625
  landing: 0.8001437049824744
  view-data: 3.3877793739084154
