times:
  edit-metadata: 0.5312335090711713
  landing: 0.06157791521400213
  view-data: 0.2137025292031467
