times:
  edit-metadata: 1.5540285017341375
  landing: 0.7386012449860573
  view-data: 3.4921867521479726
