times:
  edit-metadata: 1.3752039538230747
  landing: 0.9155350339133292
  view-data: 3.3207839198876172
