times:
  edit-metadata: 0.48481395887210965
  landing: 0.07358649792149663
  view-data: 0.20958936284296215
