times:
  edit-metadata: 1.4954469241201878
  landing: 0.7718084938824177
  view-data: 3.3368289843201637
