times:
  edit-metadata: 1.5725569073110819
  landing: 0.8081477284431458
  view-data: 3.471065666526556
