times:
  edit-metadata: 1.3895561583340168
  landing: 0.8520922586321831
  view-data: 3.354951836168766
