times:
  edit-metadata: 1.4486752673983574
  landing: 0.7589135002344847
  view-data: 3.3977683391422033
