times:
  edit-metadata: 1.337021067738533
  landing: 0.6878475714474916
  view-data: 3.367161398753524
