times:
  edit-metadata: 1.274218076840043
  landing: 0.7663138415664434
  view-data: 3.334651798941195
