times:
  edit-metadata: 1.4278955906629562
  landing: 1.728271208703518
  view-data: 3.3595855236053467
