times:
  edit-metadata: 1.4736521523445845
  landing: 0.7524820305407047
  view-data: 3.390804475173354
