times:
  edit-metadata: 1.7120174877345562
  landing: 0.8788858912885189
  view-data: 3.3401351496577263
