times:
  edit-metadata: 1.4035372212529182
  landing: 0.9385884143412113
  view-data: 3.405945371836424
