times:
  edit-metadata: 1.507940612733364
  landing: 0.8146749511361122
  view-data: 3.351347081363201
