times:
  edit-metadata: 0.4476255488116294
  landing: 0.06420465186238289
  view-data: 0.21810537506826222
