times:
  edit-metadata: 1.4712663809768856
  landing: 0.8395666107535362
  view-data: 3.4527789149433374
