times:
  edit-metadata: 1.6797452680766582
  landing: 0.9173005558550358
  view-data: 3.4130979292094707
