times:
  edit-metadata: 1.4092905959114432
  landing: 0.7675167918205261
  view-data: 3.298530670814216
