times:
  edit-metadata: 1.430219303816557
  landing: 0.8451783135533333
  view-data: 3.3509870432317257
