times:
  edit-metadata: 2.7894794680178165
  landing: 0.8324807286262512
  view-data: 3.5451774671673775
