times:
  edit-metadata: 1.4167485432699323
  landing: 0.8262890200130641
  view-data: 3.3608125327154994
