times:
  edit-metadata: 1.4300325345247984
  landing: 0.7452131789177656
  view-data: 3.3373422902077436
