times:
  edit-metadata: 1.4597269482910633
  landing: 0.941101711243391
  view-data: 3.3953899554908276
