times:
  edit-metadata: 1.9484913498163223
  landing: 1.8290531113743782
  view-data: 3.4891139157116413
