times:
  edit-metadata: 1.3778713941574097
  landing: 0.8305291794240475
  view-data: 3.2985360138118267
