times:
  edit-metadata: 0.4639094039957854
  landing: 0.06575023799814517
  view-data: 0.21373689400206786
