times:
  edit-metadata: 1.499122053035535
  landing: 0.850719521054998
  view-data: 3.3475376869319007
