times:
  edit-metadata: 1.784144066274166
  landing: 1.2881852053105831
  view-data: 3.538024600595236
