times:
  edit-metadata: 1.4018915109336376
  landing: 0.8695463836193085
  view-data: 3.4465226903557777
