times:
  edit-metadata: 0.4882181480061263
  landing: 0.04655795497819781
  view-data: 0.21139041613787413
