times:
  edit-metadata: 1.44438034016639
  landing: 0.7587171578779817
  view-data: 3.3446462370920926
