times:
  edit-metadata: 1.4250988606363535
  landing: 0.7230287063866854
  view-data: 3.34664973244071
