times:
  edit-metadata: 1.326070424169302
  landing: 0.8782522343099117
  view-data: 3.4073561914265156
