times:
  edit-metadata: 1.2727917023003101
  landing: 0.6473945043981075
  view-data: 3.3543710447847843
