times:
  edit-metadata: 2.070564240217209
  landing: 0.8994245817884803
  view-data: 3.317863665521145
