times:
  edit-metadata: 0.47434790793340653
  landing: 0.050942777073942125
  view-data: 0.21767728799022734
