times:
  edit-metadata: 2.067652150988579
  landing: 1.1461451537907124
  view-data: 3.5141266509890556
