times:
  edit-metadata: 1.3437826437875628
  landing: 0.818366483785212
  view-data: 3.320031836628914
