times:
  edit-metadata: 0.5272749061696231
  landing: 0.12742874724790454
  view-data: 0.3070665788836777
