times:
  edit-metadata: 1.4938392050098628
  landing: 0.9166160459863022
  view-data: 3.3550030670594424
