times:
  edit-metadata: 0.4824727380182594
  landing: 0.04747690004296601
  view-data: 0.21326172701083124
