times:
  edit-metadata: 2.1078992001712322
  landing: 0.9578613005578518
  view-data: 3.568362792953849
