times:
  edit-metadata: 0.516638123895973
  landing: 0.14875792898237705
  view-data: 0.2161922729574144
