times:
  edit-metadata: 1.3721666755154729
  landing: 0.8310576258227229
  view-data: 3.3020454458892345
