times:
  edit-metadata: 1.775939959101379
  landing: 0.9574354300275445
  view-data: 3.434705635532737
