times:
  edit-metadata: 1.4971341099590063
  landing: 0.7405066769570112
  view-data: 3.392074016854167
