times:
  edit-metadata: 1.5393884032964706
  landing: 0.9474717285484076
  view-data: 3.3694598227739334
