times:
  edit-metadata: 2.427767278626561
  landing: 1.3773228395730257
  view-data: 3.694132700562477
