times:
  edit-metadata: 2.2246229127049446
  landing: 1.1280422136187553
  view-data: 3.631275203078985
