times:
  edit-metadata: 0.5386771811172366
  landing: 0.05718530481681228
  view-data: 0.22416580189019442
