times:
  edit-metadata: 1.4976315274834633
  landing: 0.8743392862379551
  view-data: 3.423310048878193
