times:
  edit-metadata: 2.0123775489628315
  landing: 0.8995424248278141
  view-data: 3.75655672326684
