times:
  edit-metadata: 2.3726736586540937
  landing: 1.625451248139143
  view-data: 3.6297190003097057
