times:
  edit-metadata: 0.5493247709237039
  landing: 0.10998114198446274
  view-data: 0.22539044776931405
