times:
  edit-metadata: 1.511446082033217
  landing: 0.8356811359990388
  view-data: 3.38153890799731
