times:
  edit-metadata: 0.5534734319662675
  landing: 0.07069525099359453
  view-data: 0.22076713398564607
