times:
  edit-metadata: 1.6355367563664913
  landing: 1.2569589540362358
  view-data: 3.3145489245653152
