times:
  edit-metadata: 1.6093589775264263
  landing: 0.8889307901263237
  view-data: 3.304916135966778
