times:
  edit-metadata: 2.3360785506665707
  landing: 1.2979846931993961
  view-data: 3.4316661469638348
