times:
  edit-metadata: 2.3426296897232533
  landing: 1.1762171369045973
  view-data: 3.4391228165477514
