times:
  edit-metadata: 0.5376997897401452
  landing: 0.06954151066020131
  view-data: 0.22840476222336292
