times:
  edit-metadata: 1.3447763668373227
  landing: 0.7843567421659827
  view-data: 3.332869915291667
