times:
  edit-metadata: 1.4139009956270456
  landing: 0.9352713916450739
  view-data: 3.371192838065326
