times:
  edit-metadata: 1.5266186408698559
  landing: 0.8211205368861556
  view-data: 3.391380506567657
