times:
  edit-metadata: 1.609189024195075
  landing: 0.8618649281561375
  view-data: 3.4284757412970066
