times:
  edit-metadata: 1.5755484122782946
  landing: 0.8007193058729172
  view-data: 3.4029997270554304
