times:
  edit-metadata: 2.7404758259654045
  landing: 1.7579966932535172
  view-data: 3.4703268110752106
