times:
  edit-metadata: 1.9169923104345798
  landing: 1.3568282686173916
  view-data: 3.479000274091959
