times:
  edit-metadata: 1.7423385120928288
  landing: 1.3131317533552647
  view-data: 3.414142183959484
