times:
  edit-metadata: 1.5399241633713245
  landing: 0.7502211723476648
  view-data: 3.44299772195518
