times:
  edit-metadata: 1.5365718060638756
  landing: 0.8848108819220215
  view-data: 3.3806451701093465
