times:
  edit-metadata: 0.472777514019981
  landing: 0.06937263603322208
  view-data: 0.21094503393396735
