times:
  edit-metadata: 1.3496697153896093
  landing: 0.7750251283869147
  view-data: 3.355190945789218
