times:
  edit-metadata: 1.3252713233232498
  landing: 0.8012243006378412
  view-data: 3.3277632873505354
