times:
  edit-metadata: 1.5139818117022514
  landing: 0.7385245356708765
  view-data: 3.488352168351412
