times:
  edit-metadata: 0.5050568617880344
  landing: 0.06903537409380078
  view-data: 0.21902835089713335
