times:
  edit-metadata: 3.0925281569361687
  landing: 2.283929081633687
  view-data: 3.541394332423806
