times:
  edit-metadata: 1.5934823574498296
  landing: 0.852035528048873
  view-data: 3.5504525508731604
