times:
  edit-metadata: 1.550444247201085
  landing: 0.8426132183521986
  view-data: 3.434214247390628
