times:
  edit-metadata: 1.4211335517466068
  landing: 1.1961655905470252
  view-data: 3.315352091565728
