times:
  edit-metadata: 0.534381634905003
  landing: 0.0629317780258134
  view-data: 0.2190365749411285
