times:
  edit-metadata: 4.414123933762312
  landing: 2.0773895010352135
  view-data: 3.806814778596163
