times:
  edit-metadata: 1.374641552567482
  landing: 0.8438991010189056
  view-data: 3.302598137408495
