times:
  edit-metadata: 1.3587347455322742
  landing: 0.8762294575572014
  view-data: 3.347220093011856
