times:
  edit-metadata: 0.44990513613447547
  landing: 0.06012919219210744
  view-data: 0.21071278676390648
