times:
  edit-metadata: 0.45408955798484385
  landing: 0.07073298399336636
  view-data: 0.21080824197269976
