times:
  edit-metadata: 3.5055520152673125
  landing: 2.0958548728376627
  view-data: 3.934753645211458
