times:
  edit-metadata: 1.4441402470692992
  landing: 0.7652523079887033
  view-data: 3.361619188915938
