times:
  edit-metadata: 0.5179963889531791
  landing: 0.0609006998129189
  view-data: 0.21918853977695107
