times:
  edit-metadata: 0.4711075919913128
  landing: 0.042780484014656395
  view-data: 0.20805808197474107
