times:
  edit-metadata: 1.3703385815024376
  landing: 0.8333295546472073
  view-data: 3.3856083638966084
