times:
  edit-metadata: 1.467653563246131
  landing: 0.734573058784008
  view-data: 3.408243827521801
