times:
  edit-metadata: 2.3561520762741566
  landing: 1.3114069923758507
  view-data: 3.4516698867082596
