times:
  edit-metadata: 0.5112208040081896
  landing: 0.11866232199827209
  view-data: 0.22056606801925227
