times:
  edit-metadata: 1.2619274454191327
  landing: 0.6660449979826808
  view-data: 3.317256413400173
