times:
  edit-metadata: 1.269664503633976
  landing: 0.7979784598574042
  view-data: 3.3113726945593953
