times:
  edit-metadata: 0.5412983889691532
  landing: 0.06948498694691807
  view-data: 0.2141910430509597
