times:
  edit-metadata: 0.46107066597323865
  landing: 0.06820406700717285
  view-data: 0.21783707494614646
