times:
  edit-metadata: 1.5568901784718037
  landing: 0.9443384557962418
  view-data: 3.3759935665875673
