times:
  edit-metadata: 2.992896134033799
  landing: 1.7628462240099907
  view-data: 3.715717749670148
