times:
  edit-metadata: 1.9146499121561646
  landing: 0.9455178715288639
  view-data: 3.609653314575553
