times:
  edit-metadata: 1.5274123139679432
  landing: 0.7820120379328728
  view-data: 3.386721197515726
