times:
  edit-metadata: 0.4858371689915657
  landing: 0.06302810995839536
  view-data: 0.21358867804519832
