times:
  edit-metadata: 1.2552658810745925
  landing: 0.6989957769401371
  view-data: 3.3220751660410315
