times:
  edit-metadata: 1.4058616496622562
  landing: 0.7459989497438073
  view-data: 3.323455830104649
