times:
  edit-metadata: 1.3596735782921314
  landing: 0.8438957333564758
  view-data: 0.5035448633134365
