times:
  edit-metadata: 1.5080087911337614
  landing: 0.7529626172035933
  view-data: 3.34669822268188
