times:
  edit-metadata: 1.9150234274566174
  landing: 1.1094260104000568
  view-data: 3.4105642028152943
