times:
  edit-metadata: 1.5171950329095125
  landing: 0.7660699728876352
  view-data: 3.370285764336586
