times:
  edit-metadata: 1.5050135683268309
  landing: 0.766571881249547
  view-data: 3.414664464071393
