times:
  edit-metadata: 1.5894899368286133
  landing: 0.8141980171203613
  view-data: 3.4409329276531935
