times:
  edit-metadata: 0.47015125397592783
  landing: 0.05244426702847704
  view-data: 0.2115075759938918
