times:
  edit-metadata: 0.5658573049586266
  landing: 0.047998690977692604
  view-data: 0.21848446899093688
