times:
  edit-metadata: 1.7182309543713927
  landing: 0.772486793808639
  view-data: 3.400619450956583
