times:
  edit-metadata: 4.47830575145781
  landing: 2.1322929318994284
  view-data: 4.429965013638139
