times:
  edit-metadata: 0.7714186138473451
  landing: 0.069842420052737
  view-data: 0.28543343814089894
