times:
  edit-metadata: 0.44128042203374207
  landing: 0.06124904204625636
  view-data: 0.21288354694843292
