times:
  edit-metadata: 0.46725986199453473
  landing: 0.06035429099574685
  view-data: 0.20844727312214673
