times:
  edit-metadata: 1.4947407003492117
  landing: 0.9136997703462839
  view-data: 3.3440935481339693
