times:
  edit-metadata: 1.3995757661759853
  landing: 0.8923079259693623
  view-data: 3.3814070262014866
