times:
  edit-metadata: 1.7209163210354745
  landing: 1.0040287422016263
  view-data: 3.7965115108527243
