times:
  edit-metadata: 1.5161937028169632
  landing: 0.834408100694418
  view-data: 3.312811553478241
