times:
  edit-metadata: 0.4730597869493067
  landing: 0.06967473519034684
  view-data: 0.2067265729419887
