times:
  edit-metadata: 1.5515343570150435
  landing: 0.8401531160343438
  view-data: 3.3090995440725237
