times:
  edit-metadata: 1.542313251644373
  landing: 0.6357159279286861
  view-data: 3.4096790961921215
