times:
  edit-metadata: 0.5775947580114007
  landing: 0.04495446803048253
  view-data: 0.20779891102574766
