times:
  edit-metadata: 0.4586810120381415
  landing: 0.054941935115493834
  view-data: 0.21811625000555068
