times:
  edit-metadata: 1.4802928231656551
  landing: 0.7968882247805595
  view-data: 3.4271572791039944
