times:
  edit-metadata: 1.462403992190957
  landing: 0.7009811494499445
  view-data: 3.3877700809389353
