times:
  edit-metadata: 1.469046175479889
  landing: 0.8226058036088943
  view-data: 3.3067646212875843
