times:
  edit-metadata: 1.4363763984292746
  landing: 0.7693311548791826
  view-data: 3.3732960298657417
