times:
  edit-metadata: 1.6067459713667631
  landing: 0.7962599229067564
  view-data: 3.384093629196286
