times:
  edit-metadata: 1.5221578292548656
  landing: 0.966070719063282
  view-data: 3.3288667909801006
