times:
  edit-metadata: 1.5671814251691103
  landing: 0.7995213847607374
  view-data: 3.457290919497609
