times:
  edit-metadata: 1.4852859806269407
  landing: 0.7560604922473431
  view-data: 3.3818244747817516
