times:
  edit-metadata: 0.489379655016819
  landing: 0.05263709000428207
  view-data: 0.4773549810051918
