times:
  edit-metadata: 1.5327408108860254
  landing: 0.7903754990547895
  view-data: 3.4130675066262484
