times:
  edit-metadata: 1.3489782996475697
  landing: 0.9563381783664227
  view-data: 0.5497313663363457
