times:
  edit-metadata: 2.4002004228532314
  landing: 0.01930586714297533
  view-data: 0.025692553259432316
