times:
  edit-metadata: 3.7404224053025246
  landing: 0.054788440465927124
  view-data: 0.31644515320658684
