times:
  edit-metadata: 2.2691343184560537
  landing: 1.7500352822244167
  view-data: 3.456147311255336
