times:
  edit-metadata: 1.3119596913456917
  landing: 0.9603994488716125
  view-data: 0.6318466886878014
