times:
  edit-metadata: 1.4694137200713158
  landing: 1.0026701129972935
  view-data: 3.287938352674246
