times:
  edit-metadata: 1.3348004324361682
  landing: 0.904821090400219
  view-data: 3.3091914309188724
