times:
  edit-metadata: 1.4037813656032085
  landing: 0.04599233902990818
  view-data: 0.28898577904328704
