times:
  edit-metadata: 3.700705550611019
  landing: 0.04498213529586792
  view-data: 0.3388049341738224
