times:
  landing: 0.5517545110001265
  view-data: 0.5632197859999906
