times:
  landing: 0.5512783679999984
  view-data: 0.5611984880000023
