times:
  edit-metadata: 3.9879099391400814
  landing: 0.828447138890624
  view-data: 0.32863388024270535
