times:
  edit-metadata: 2.8718602280132473
  landing: 0.05043631105218083
  view-data: 0.24381908401846886
