times:
  edit-metadata: 4.024194290861487
  landing: 0.6192815825343132
  view-data: 0.38304010033607483
