times:
  landing: 1.0634086229999866
  view-data: 0.5945749019999766
