times:
  landing: 1.0748248650000392
  view-data: 0.5467620000000011
