times:
  edit-metadata: 5.3990830539987655
  landing: 0.40104715900088195
  view-data: 0.8847362309970777
