times:
  edit-metadata: 2.829615497030318
  landing: 0.03990923101082444
  view-data: 0.28457753197290003
