times:
  edit-metadata: 2.309274890460074
  landing: 0.12669630255550146
  view-data: 0.12414825148880482
