times:
  edit-metadata: 4.175226733088493
  landing: 1.6815143562853336
  view-data: 1.2504851259291172
