times:
  edit-metadata: 4.301592286676168
  landing: 0.044611452147364616
  view-data: 0.4428708925843239
