times:
  landing: 0.5442362249999633
  view-data: 0.5507554969999546
