times:
  edit-metadata: 1.421009393001441
  landing: 0.06830849200196099
  view-data: 0.3388713280000957
