times:
  edit-metadata: 1.6660431567579508
  landing: 0.9865454081445932
  view-data: 3.368421521037817
