times:
  edit-metadata: 5.183076787739992
  landing: 2.703495681285858
  view-data: 0.7580670733004808
