times:
  landing: 0.5468816220000008
  view-data: 0.5526428539999984
