times:
  edit-metadata: 2.748395768998307
  landing: 0.03934252300314256
  view-data: 0.2737921140032995
