times:
  edit-metadata: 2.50608023814857
  landing: 0.022845560684800148
  view-data: 0.46348881907761097
