times:
  landing: 0.5483642750000399
  view-data: 0.5609029920000239
