times:
  edit-metadata: 1.3410749761387706
  landing: 0.05310848727822304
  view-data: 0.31477202009409666
