times:
  edit-metadata: 1.6337951868772507
  landing: 1.0138864442706108
  view-data: 3.361777503043413
