times:
  edit-metadata: 5.300143525004387
  landing: 0.5817788597196341
  view-data: 0.2866505812853575
