times:
  edit-metadata: 1.8887886041775346
  landing: 0.9260809607803822
  view-data: 3.3851834516972303
