times:
  edit-metadata: 1.441207468509674
  landing: 0.8013451471924782
  view-data: 3.3757259324193
