times:
  edit-metadata: 2.8328838320448995
  landing: 0.05322525999508798
  view-data: 0.26007763599045575
