times:
  edit-metadata: 1.6804452612996101
  landing: 1.0040657967329025
  view-data: 3.3700634948909283
