times:
  landing: 0.5660570379999967
  view-data: 0.5619761320000407
