times:
  edit-metadata: 2.3259440902620554
  landing: 0.021160942502319813
  view-data: 0.02484480757266283
