times:
  edit-metadata: 1.2976271752268076
  landing: 0.04582943767309189
  view-data: 0.257209615316242
