times:
  edit-metadata: 1.4536795250605792
  landing: 0.0463766340399161
  view-data: 0.31273885001428425
