times:
  edit-metadata: 1.4517879411578178
  landing: 1.0018144100904465
  view-data: 3.337570331990719
