times:
  edit-metadata: 1.3894092901609838
  landing: 0.03959184978157282
  view-data: 0.3209056449122727
