times:
  landing: 1.0715602729999887
  view-data: 0.5583167899999921
