times:
  landing: 0.5431800799999564
  view-data: 0.5490555610000456
