times:
  edit-metadata: 1.9510890319943428
  landing: 1.1258337646722794
  view-data: 3.359219938516617
