times:
  edit-metadata: 1.3875411190092564
  landing: 0.04495649877935648
  view-data: 0.26901177829131484
