times:
  edit-metadata: 1.4398603029549122
  landing: 0.053198814392089844
  view-data: 0.4015565672889352
