times:
  landing: 0.5582333669999571
  view-data: 0.5552848570000037
