times:
  edit-metadata: 2.5499756429344416
  landing: 0.13492134399712086
  view-data: 0.027033476158976555
