times:
  landing: 0.5622881909999933
  view-data: 0.5473599759999956
