times:
  edit-metadata: 1.726225282996893
  landing: 4.189986739307642
  view-data: 3.368199322372675
