times:
  edit-metadata: 1.5036549707874656
  landing: 0.8522201639134437
  view-data: 3.3087622299790382
