times:
  edit-metadata: 1.4119521760148928
  landing: 0.06679587200051174
  view-data: 0.40743221901357174
