times:
  edit-metadata: 3.4160123309120536
  landing: 0.0947058720048517
  view-data: 0.2550950269214809
