times:
  edit-metadata: 1.350474551320076
  landing: 0.9807881414890289
  view-data: 3.4354136772453785
