times:
  edit-metadata: 2.3569188164547086
  landing: 0.018968896009027958
  view-data: 0.025565406307578087
