times:
  edit-metadata: 2.358929160051048
  landing: 0.01992921531200409
  view-data: 0.09909601788967848
