times:
  edit-metadata: 4.158253695815802
  landing: 0.5730555150657892
  view-data: 0.7353465668857098
