times:
  edit-metadata: 1.3937505334615707
  landing: 0.953299019485712
  view-data: 3.328550573438406
