times:
  edit-metadata: 2.869035603478551
  landing: 0.15316993184387684
  view-data: 0.15087181143462658
