times:
  edit-metadata: 4.018610306084156
  landing: 0.04808850958943367
  view-data: 0.30945776775479317
