times:
  edit-metadata: 1.4100676598027349
  landing: 0.04321088036522269
  view-data: 0.31521023577079177
