times:
  edit-metadata: 2.4400478675961494
  landing: 0.02133409958332777
  view-data: 0.12215312197804451
