times:
  edit-metadata: 1.3336362428963184
  landing: 0.7738267295062542
  view-data: 3.3927324563264847
