times:
  edit-metadata: 2.334727691486478
  landing: 0.023552886210381985
  view-data: 0.12207656260579824
