times:
  edit-metadata: 1.8734484761953354
  landing: 1.1375527456402779
  view-data: 3.672340251505375
