times:
  landing: 0.5477779309999846
  view-data: 0.5630791380000346
