times:
  edit-metadata: 1.8242082595825195
  landing: 1.282781321555376
  view-data: 3.4733963645994663
