times:
  edit-metadata: 1.4257610910572112
  landing: 0.060021819081157446
  view-data: 0.38912869594059885
