times:
  edit-metadata: 1.8253961205482483
  landing: 1.092265946790576
  view-data: 3.3678985573351383
