times:
  edit-metadata: 2.8936127169290558
  landing: 0.04245188506320119
  view-data: 0.2349072080105543
