times:
  edit-metadata: 1.6118521690368652
  landing: 1.0389460138976574
  view-data: 3.481507893651724
