times:
  edit-metadata: 1.6204413999803364
  landing: 0.30077933898428455
  view-data: 0.31415697501506656
