times:
  edit-metadata: 2.335409151390195
  landing: 0.020394738763570786
  view-data: 0.631753608584404
