times:
  edit-metadata: 4.1868007108569145
  landing: 1.1107792556285858
  view-data: 0.7335661221295595
