times:
  edit-metadata: 1.7816051431000233
  landing: 0.04728352930396795
  view-data: 0.5938221239484847
