times:
  edit-metadata: 2.3185758674517274
  landing: 0.022531946189701557
  view-data: 0.0246430030092597
