times:
  edit-metadata: 1.5741239599883556
  landing: 0.06577643798664212
  view-data: 0.40907042496837676
