times:
  landing: 1.0791630549999809
  view-data: 0.5587411640000255
