times:
  edit-metadata: 5.5701526794582605
  landing: 1.2867736890912056
  view-data: 0.3874209653586149
