times:
  edit-metadata: 1.5772493779659271
  landing: 1.210138838738203
  view-data: 3.326440490782261
