times:
  edit-metadata: 2.41350937820971
  landing: 0.0193308899179101
  view-data: 0.5038944603875279
