times:
  edit-metadata: 1.4434791207313538
  landing: 0.7823512237519026
  view-data: 3.5544181931763887
