times:
  edit-metadata: 4.940795125439763
  landing: 0.9669720642268658
  view-data: 0.4843122698366642
