times:
  landing: 0.5487225129999729
  view-data: 0.5544075089999865
