times:
  edit-metadata: 4.170721834525466
  landing: 0.7741160783916712
  view-data: 0.4345241840928793
