times:
  edit-metadata: 2.79752553999424
  landing: 0.14592505805194378
  view-data: 0.1629613172262907
