times:
  edit-metadata: 2.3301868308335543
  landing: 0.019132385030388832
  view-data: 0.024979964829981327
