times:
  edit-metadata: 2.6037046797573566
  landing: 0.020731442607939243
  view-data: 0.025202018208801746
