times:
  edit-metadata: 1.5708169732242823
  landing: 0.9245576150715351
  view-data: 3.418012073263526
