times:
  edit-metadata: 3.9811195954680443
  landing: 1.0558495167642832
  view-data: 0.46020867489278316
