times:
  edit-metadata: 2.3006134564056993
  landing: 0.020114139653742313
  view-data: 0.026220079511404037
