times:
  edit-metadata: 2.2991720996797085
  landing: 0.01814898941665888
  view-data: 0.2271339986473322
