times:
  landing: 1.0686967400000071
  view-data: 0.5617881130000342
