times:
  edit-metadata: 1.444063981063664
  landing: 0.9686850560829043
  view-data: 3.3237890200689435
