times:
  edit-metadata: 1.4276479799300432
  landing: 0.8773794211447239
  view-data: 3.3159550987184048
