times:
  edit-metadata: 1.519767471589148
  landing: 0.904600995592773
  view-data: 3.2994226161390543
