times:
  landing: 0.5515006140000196
  view-data: 0.5551324140000133
