times:
  landing: 0.5670633650000241
  view-data: 0.5550531930000489
