times:
  landing: 1.0668105800000376
  view-data: 0.5478778660000216
