times:
  edit-metadata: 1.7319406401365995
  landing: 0.8938177675008774
  view-data: 3.369137139990926
