times:
  edit-metadata: 2.3700678758323193
  landing: 0.02028239145874977
  view-data: 0.1250455668196082
