times:
  landing: 2.145846836999965
  view-data: 0.06100243099996305
