times:
  edit-metadata: 2.362155725248158
  landing: 0.02072438783943653
  view-data: 0.20590004231780767
