times:
  edit-metadata: 2.564428750425577
  landing: 0.22226723469793797
  view-data: 0.45338956639170647
