times:
  edit-metadata: 2.398335477337241
  landing: 0.020857475697994232
  view-data: 0.023650151677429676
