times:
  edit-metadata: 4.072112448513508
  landing: 0.052481524646282196
  view-data: 0.33060404658317566
