times:
  edit-metadata: 2.783197140088305
  landing: 0.05185720301233232
  view-data: 0.2776468428783119
