times:
  edit-metadata: 2.4890617094933987
  landing: 0.023063955828547478
  view-data: 0.45770028978586197
