times:
  edit-metadata: 1.3746824362315238
  landing: 0.04163983277976513
  view-data: 0.27156458515673876
