times:
  edit-metadata: 1.727613389492035
  landing: 0.8993281312286854
  view-data: 3.684315310791135
