times:
  edit-metadata: 1.4989874493330717
  landing: 0.05600832775235176
  view-data: 0.2971624699421227
