times:
  edit-metadata: 1.4338656552135944
  landing: 0.9872887246310711
  view-data: 3.3418346904218197
