times:
  edit-metadata: 2.0303881391882896
  landing: 1.3881089370697737
  view-data: 3.397996535524726
