times:
  edit-metadata: 1.3631394421681762
  landing: 0.05006575025618076
  view-data: 0.30792856123298407
