times:
  edit-metadata: 2.846116344910115
  landing: 0.04002810292877257
  view-data: 0.2644538590684533
