times:
  edit-metadata: 1.7991531677544117
  landing: 1.2582230679690838
  view-data: 3.449179742485285
