times:
  edit-metadata: 3.6114473044872284
  landing: 0.04920698702335358
  view-data: 0.31097912788391113
