times:
  edit-metadata: 1.6180018582381308
  landing: 1.0059801046736538
  view-data: 3.4980202303268015
