times:
  edit-metadata: 1.3581791296601295
  landing: 0.8294555209577084
  view-data: 3.3835376985371113
