times:
  edit-metadata: 3.059969414025545
  landing: 0.04369480721652508
  view-data: 0.3114550346508622
