times:
  edit-metadata: 2.5327305626124144
  landing: 0.021382799372076988
  view-data: 0.027338627725839615
