times:
  edit-metadata: 4.233016373589635
  landing: 0.5937815345823765
  view-data: 0.7421899028122425
