times:
  edit-metadata: 1.424571294337511
  landing: 0.8254131469875574
  view-data: 3.3609274812042713
