times:
  edit-metadata: 4.911375908181071
  landing: 0.6191056910902262
  view-data: 0.44630493968725204
