times:
  edit-metadata: 3.105329206213355
  landing: 0.1336370538920164
  view-data: 0.3451818861067295
