times:
  edit-metadata: 1.4411997208371758
  landing: 0.8725666981190443
  view-data: 3.302535873837769
