times:
  landing: 0.551464564000014
  view-data: 0.5601676859999998
