times:
  edit-metadata: 1.8211669251322746
  landing: 0.15260354382917285
  view-data: 0.3370735771022737
