times:
  edit-metadata: 1.395415320000211
  landing: 0.07106575900070311
  view-data: 0.3718036150003172
