times:
  edit-metadata: 1.7281312979757786
  landing: 1.151163000613451
  view-data: 3.4060175642371178
