times:
  edit-metadata: 2.2896458571776748
  landing: 0.021282119676470757
  view-data: 0.02606061566621065
