times:
  edit-metadata: 3.6491834111511707
  landing: 0.04488518461585045
  view-data: 0.29691924154758453
