times:
  edit-metadata: 1.339691778179258
  landing: 0.9146132310852408
  view-data: 3.387177335098386
