times:
  edit-metadata: 2.5448021795600653
  landing: 0.1133477482944727
  view-data: 0.13392014056444168
