times:
  edit-metadata: 2.9304402954876423
  landing: 0.26825363375246525
  view-data: 0.1532332208007574
