times:
  edit-metadata: 1.7445467100478709
  landing: 0.06631992617622018
  view-data: 0.4050934240221977
