times:
  landing: 0.5490150949999588
  view-data: 0.5690582610000092
