times:
  edit-metadata: 1.395190082024783
  landing: 0.06989164394326508
  view-data: 0.37760049384087324
