times:
  edit-metadata: 1.692065404728055
  landing: 1.213742071762681
  view-data: 3.44517882168293
