times:
  edit-metadata: 1.1767008062452078
  landing: 0.8205667436122894
  view-data: 3.313304953277111
