times:
  landing: 0.5547514760000354
  view-data: 0.5623992639999642
