times:
  edit-metadata: 4.46360120549798
  landing: 0.7437936272472143
  view-data: 0.39503008872270584
