times:
  edit-metadata: 1.2984472792595625
  landing: 0.996672723442316
  view-data: 3.3932731579989195
