times:
  edit-metadata: 2.4721355848014355
  landing: 0.1526446547359228
  view-data: 0.023980158381164074
