times:
  edit-metadata: 1.7226180918514729
  landing: 1.0847668014466763
  view-data: 3.42285393178463
