times:
  edit-metadata: 2.375665033236146
  landing: 0.02122324798256159
  view-data: 0.12388809025287628
