times:
  edit-metadata: 1.5739440629258752
  landing: 0.0571367503143847
  view-data: 0.39490301022306085
