times:
  edit-metadata: 3.7281334064900875
  landing: 0.7660570833832026
  view-data: 0.3578632678836584
