times:
  landing: 0.5576163670000369
  view-data: 0.5537743820000287
