times:
  edit-metadata: 1.3428988959640265
  landing: 0.04818215314298868
  view-data: 0.26640464225783944
