times:
  edit-metadata: 2.806722822599113
  landing: 0.021565220318734646
  view-data: 0.027624881826341152
