times:
  edit-metadata: 5.162961062043905
  landing: 0.5547435116022825
  view-data: 0.3704196326434612
