times:
  edit-metadata: 1.4096375070512295
  landing: 0.059145923936739564
  view-data: 0.3750299320090562
