times:
  landing: 0.5528048710000348
  view-data: 0.5596138239999959
