times:
  edit-metadata: 1.6837030425667763
  landing: 1.2054328918457031
  view-data: 3.3109093606472015
