times:
  edit-metadata: 1.3614966911263764
  landing: 0.956846334040165
  view-data: 3.306624513817951
