times:
  edit-metadata: 1.6543462835252285
  landing: 1.0358370654284954
  view-data: 3.329041764140129
