times:
  edit-metadata: 1.4525474105030298
  landing: 0.7615879438817501
  view-data: 3.316597355529666
