times:
  landing: 1.5992980089999946
  view-data: 0.554430079000042
