times:
  edit-metadata: 1.6328565813601017
  landing: 1.0457392930984497
  view-data: 3.3435597084462643
