times:
  edit-metadata: 1.7731563486158848
  landing: 0.9836130179464817
  view-data: 3.3485497944056988
