times:
  edit-metadata: 2.886889111250639
  landing: 0.025391733273863792
  view-data: 0.023868456482887268
