times:
  edit-metadata: 2.875706454971805
  landing: 0.05004676396492869
  view-data: 0.23208281700499356
