times:
  edit-metadata: 2.52653462998569
  landing: 0.021615708246827126
  view-data: 0.4427611529827118
