times:
  edit-metadata: 3.6947449147701263
  landing: 0.043667785823345184
  view-data: 0.3158855512738228
