times:
  edit-metadata: 1.4973625300335698
  landing: 0.05425642500631511
  view-data: 0.41943646705476567
