times:
  edit-metadata: 1.4812450800091028
  landing: 0.04534978000447154
  view-data: 0.39612119598314166
