times:
  edit-metadata: 2.8548573120497167
  landing: 0.04615973006002605
  view-data: 0.24728712695650756
