times:
  edit-metadata: 2.0197159349918365
  landing: 1.006779819726944
  view-data: 3.5520991794764996
