times:
  edit-metadata: 1.3483358570374548
  landing: 0.03861643513664603
  view-data: 0.25588667718693614
