times:
  landing: 1.179798859000016
  view-data: 0.574618638000004
