times:
  edit-metadata: 3.680127117782831
  landing: 0.049974504858255386
  view-data: 0.3059225380420685
