times:
  edit-metadata: 5.325020156800747
  landing: 0.7410830557346344
  view-data: 0.5649706404656172
