times:
  edit-metadata: 1.400245477911085
  landing: 0.08482352364808321
  view-data: 0.30306548811495304
