times:
  edit-metadata: 4.136067070066929
  landing: 1.6037014331668615
  view-data: 0.7262549605220556
