times:
  landing: 1.0781192590000046
  view-data: 0.5593026099999747
