times:
  landing: 0.5469007789999978
  view-data: 0.5547139140000468
