times:
  landing: 1.5895695230000229
  view-data: 0.5569303260000424
