times:
  edit-metadata: 1.4298372869379818
  landing: 0.04905062913894653
  view-data: 0.26412945706397295
