times:
  edit-metadata: 2.3677905201911926
  landing: 0.021073952317237854
  view-data: 0.12019910104572773
