times:
  edit-metadata: 3.1209537000395358
  landing: 0.044210129883140326
  view-data: 0.3130710660479963
