times:
  edit-metadata: 1.3441258682869375
  landing: 0.05036375904455781
  view-data: 0.28506803000345826
