times:
  landing: 0.5413984110000172
  view-data: 0.5538575340000023
