times:
  landing: 0.5506487370000173
  view-data: 0.5583172169999955
