times:
  landing: 1.6263085007667542
  view-data: 1.1196040362119675
