times:
  edit-metadata: 1.4122002478688955
  landing: 0.06265258695930243
  view-data: 0.3767358111217618
