times:
  landing: 0.5483302469999671
  view-data: 0.5484416519999513
