times:
  landing: 0.554951309000046
  view-data: 0.5788368880000121
