times:
  edit-metadata: 1.3741455106064677
  landing: 0.043637555092573166
  view-data: 0.4211296048015356
