times:
  edit-metadata: 1.8226806707680225
  landing: 1.1691346019506454
  view-data: 3.396311979740858
