times:
  edit-metadata: 2.58200241625309
  landing: 0.019977426156401634
  view-data: 0.14286433905363083
