times:
  edit-metadata: 2.134999791160226
  landing: 1.3447774816304445
  view-data: 3.5857116356492043
