times:
  edit-metadata: 3.786360275000334
  landing: 0.037723079323768616
  view-data: 0.3045656718313694
