times:
  edit-metadata: 2.601526625454426
  landing: 0.13574248738586903
  view-data: 0.023571068421006203
