times:
  landing: 0.5476140140000041
  view-data: 0.5520125490000112
