times:
  edit-metadata: 1.4536757599562407
  landing: 0.7706071063876152
  view-data: 3.3230492025613785
