times:
  landing: 0.5500503780000372
  view-data: 0.5545339760000161
