times:
  edit-metadata: 4.297005323693156
  landing: 0.6249284837394953
  view-data: 0.7498714476823807
