times:
  edit-metadata: 2.4997517596930265
  landing: 0.020170532166957855
  view-data: 0.023642634972929955
