times:
  landing: 1.066106380000008
  view-data: 0.5558957019999866
