times:
  edit-metadata: 2.48579859000165
  landing: 0.12604433804517612
  view-data: 0.02844595001079142
