times:
  edit-metadata: 3.73134258762002
  landing: 0.046160049736499786
  view-data: 0.3003847636282444
