times:
  edit-metadata: 2.8452575779519975
  landing: 0.04555958602577448
  view-data: 0.2547209276817739
