times:
  edit-metadata: 2.4210362508893013
  landing: 0.13962074741721153
  view-data: 0.5335987787693739
