times:
  edit-metadata: 1.442200094461441
  landing: 0.9079817961901426
  view-data: 3.2937373239547014
