times:
  edit-metadata: 3.989148374646902
  landing: 0.053651779890060425
  view-data: 0.3165573365986347
