times:
  edit-metadata: 4.226271614432335
  landing: 0.9144038539379835
  view-data: 0.5525250658392906
