times:
  edit-metadata: 3.3179332222789526
  landing: 0.15296260826289654
  view-data: 0.193916168063879
