times:
  edit-metadata: 2.849925577174872
  landing: 0.05375596787780523
  view-data: 0.25781027087941766
