times:
  edit-metadata: 1.32467559305951
  landing: 0.8302909377962351
  view-data: 0.5754342102445662
