times:
  edit-metadata: 2.884454172104597
  landing: 0.045479971915483475
  view-data: 0.2546187825500965
