times:
  edit-metadata: 1.5147463381290436
  landing: 0.8405787236988544
  view-data: 3.3100364319980145
