times:
  edit-metadata: 5.756191013380885
  landing: 0.7592557482421398
  view-data: 0.3486485593020916
