times:
  edit-metadata: 2.571473689749837
  landing: 0.019840359687805176
  view-data: 0.024201512336730957
