times:
  edit-metadata: 1.5232754740864038
  landing: 0.06298044929280877
  view-data: 0.39150348817929626
