times:
  edit-metadata: 1.3713856497779489
  landing: 0.04923826456069946
  view-data: 0.3080650120973587
