times:
  edit-metadata: 4.11178614012897
  landing: 0.3935804311186075
  view-data: 0.34717067889869213
