times:
  edit-metadata: 2.5751690436154604
  landing: 0.2039092220366001
  view-data: 0.48748691380023956
