times:
  edit-metadata: 2.746958652511239
  landing: 0.1813566666096449
  view-data: 0.024744734168052673
