times:
  edit-metadata: 3.3773711880203336
  landing: 0.07320641912519932
  view-data: 0.35868699103593826
