times:
  edit-metadata: 1.348120417445898
  landing: 0.9090786557644606
  view-data: 3.3830677941441536
