times:
  landing: 0.5540758420000316
  view-data: 0.09110759700001836
