times:
  edit-metadata: 1.5720931757241488
  landing: 0.06022832076996565
  view-data: 0.2815152620896697
