times:
  edit-metadata: 1.5162540860183071
  landing: 0.09456055201007985
  view-data: 0.2842184269975405
