times:
  edit-metadata: 2.333450031466782
  landing: 0.040347564965486526
  view-data: 0.025181055068969727
