times:
  edit-metadata: 1.3307294198311865
  landing: 0.8507148511707783
  view-data: 3.295006774365902
