times:
  edit-metadata: 2.3609340554103255
  landing: 0.14829004183411598
  view-data: 0.46304240822792053
