times:
  edit-metadata: 2.8216313649900258
  landing: 0.04535782407037914
  view-data: 0.24556009098887444
