times:
  landing: 0.5478345230000059
  view-data: 0.056534233000007816
