times:
  edit-metadata: 1.1593403033912182
  landing: 0.7539781723171473
  view-data: 3.409461023285985
