times:
  edit-metadata: 1.3575259377248585
  landing: 0.05088120372965932
  view-data: 0.4933409271761775
