times:
  edit-metadata: 1.4614131953567266
  landing: 0.9546849802136421
  view-data: 3.342064483091235
