times:
  edit-metadata: 2.837047453969717
  landing: 0.044263401068747044
  view-data: 0.2689279178157449
