times:
  edit-metadata: 1.3470416627824306
  landing: 0.04494206979870796
  view-data: 0.3077931609004736
