times:
  landing: 1.065696934999778
  view-data: 0.5473340910002662
