times:
  edit-metadata: 2.8638830280397087
  landing: 0.045511779841035604
  view-data: 0.2522174781188369
