times:
  landing: 1.1147231439999814
  view-data: 0.5546140710002874
