times:
  edit-metadata: 1.5010994616895914
  landing: 0.9188578519970179
  view-data: 3.44436408393085
