times:
  edit-metadata: 2.859978688880801
  landing: 0.051513510989025235
  view-data: 0.24627793487161398
