times:
  edit-metadata: 1.5447401814162731
  landing: 1.01729279384017
  view-data: 3.3141180388629436
