times:
  edit-metadata: 3.8013636469841003
  landing: 0.4904999453574419
  view-data: 0.3300633132457733
