times:
  edit-metadata: 4.105216884985566
  landing: 0.8688314277678728
  view-data: 0.3275612182915211
