times:
  edit-metadata: 2.802787180058658
  landing: 0.05420549400150776
  view-data: 0.27881679800339043
