times:
  edit-metadata: 2.5486414544284344
  landing: 0.02060149423778057
  view-data: 0.10120031982660294
