times:
  edit-metadata: 1.522090541664511
  landing: 0.837198824621737
  view-data: 0.5192786920815706
