times:
  edit-metadata: 2.000922005623579
  landing: 0.9354564100503922
  view-data: 3.3528239503502846
