times:
  edit-metadata: 1.4389835968613625
  landing: 1.0051658488810062
  view-data: 3.3852153569459915
