times:
  edit-metadata: 1.467151225078851
  landing: 0.9026829570066184
  view-data: 0.6984171809162945
