times:
  edit-metadata: 3.719499371945858
  landing: 0.05367571860551834
  view-data: 0.29982490092515945
