times:
  edit-metadata: 1.3195106191560626
  landing: 0.9508085758425295
  view-data: 0.6375671429559588
