times:
  edit-metadata: 1.3314296156167984
  landing: 0.04952119570225477
  view-data: 0.3445369200780988
