times:
  edit-metadata: 1.5197213646024466
  landing: 1.8922744756564498
  view-data: 3.4075169898569584
