times:
  edit-metadata: 2.30688164755702
  landing: 0.0221269391477108
  view-data: 0.025860839523375034
