times:
  edit-metadata: 2.3021597219631076
  landing: 0.02098941709846258
  view-data: 0.5597486272454262
