times:
  edit-metadata: 1.4987125620245934
  landing: 3.001776959747076
  view-data: 3.3343466110527515
