times:
  edit-metadata: 2.267505175434053
  landing: 0.11578328721225262
  view-data: 0.45934613049030304
