times:
  edit-metadata: 3.704327270388603
  landing: 0.0446261428296566
  view-data: 0.30047762393951416
