times:
  edit-metadata: 1.4867159607820213
  landing: 0.049986762925982475
  view-data: 0.2800002130679786
