times:
  edit-metadata: 1.6194223347119987
  landing: 0.9660614659078419
  view-data: 0.8323814929462969
