times:
  edit-metadata: 1.4041438037529588
  landing: 0.9288901733234525
  view-data: 3.306796613149345
