times:
  edit-metadata: 2.83293745003175
  landing: 0.05104039498837665
  view-data: 0.2434094349737279
