times:
  landing: 0.5586214400000244
  view-data: 0.055192209999972874
