times:
  landing: 0.5564219490000823
  view-data: 0.5578934850000223
