times:
  edit-metadata: 4.124929395969957
  landing: 0.04957504104822874
  view-data: 0.27793214307166636
