times:
  edit-metadata: 2.830925508053042
  landing: 0.04428619705140591
  view-data: 0.23873693402856588
