times:
  edit-metadata: 1.3402991429902613
  landing: 0.04566534794867039
  view-data: 0.2623492842540145
