times:
  edit-metadata: 2.1450323946774006
  landing: 1.4602045230567455
  view-data: 3.447846969589591
