times:
  edit-metadata: 4.0874974224716425
  landing: 1.102568531408906
  view-data: 0.7412297446280718
