times:
  edit-metadata: 2.44771178252995
  landing: 0.15201625041663647
  view-data: 0.5375741235911846
