times:
  edit-metadata: 3.756488226354122
  landing: 0.05186690390110016
  view-data: 0.2978680804371834
