times:
  edit-metadata: 1.4338297164067626
  landing: 0.8428234001621604
  view-data: 0.5222038635984063
