times:
  edit-metadata: 2.311927789822221
  landing: 0.021186738274991512
  view-data: 0.02612414490431547
