times:
  edit-metadata: 2.9479183631483465
  landing: 0.04429809609428048
  view-data: 0.2560572649817914
