times:
  edit-metadata: 2.4590206323191524
  landing: 0.13246397115290165
  view-data: 0.5364773087203503
