times:
  edit-metadata: 4.204908411949873
  landing: 0.6613730061799288
  view-data: 0.3359649386256933
