times:
  edit-metadata: 2.9896510859252885
  landing: 0.05437838798388839
  view-data: 0.24547043803613633
