times:
  edit-metadata: 3.7662669382989407
  landing: 0.048899099230766296
  view-data: 0.3153822049498558
