times:
  edit-metadata: 1.3582910569384694
  landing: 0.0434874570928514
  view-data: 0.40033097891137004
