times:
  edit-metadata: 1.4628666550270282
  landing: 0.0515974200097844
  view-data: 0.39844824001193047
