times:
  edit-metadata: 1.987586893606931
  landing: 1.2907001581043005
  view-data: 3.4661191068589687
