times:
  edit-metadata: 2.8468797681853175
  landing: 0.046930433716624975
  view-data: 0.25249480083584785
