times:
  edit-metadata: 2.353254252113402
  landing: 0.020813023671507835
  view-data: 0.02318705338984728
