times:
  edit-metadata: 2.3907244531437755
  landing: 0.019554147496819496
  view-data: 0.022687571123242378
