times:
  edit-metadata: 2.775216393172741
  landing: 0.0409192256629467
  view-data: 0.31375375762581825
