times:
  edit-metadata: 2.3191984072327614
  landing: 0.09588704723864794
  view-data: 0.1211927505210042
