times:
  edit-metadata: 2.9052154049277306
  landing: 0.07972617587074637
  view-data: 0.2529805621597916
