times:
  landing: 0.5489261399999918
  view-data: 0.559910345999981
