times:
  edit-metadata: 3.9027811717242002
  landing: 0.59360795840621
  view-data: 0.32786414958536625
