times:
  edit-metadata: 2.7778691300190985
  landing: 0.05593234580010176
  view-data: 0.27256300719454885
