times:
  edit-metadata: 3.70754998549819
  landing: 0.0437995083630085
  view-data: 0.31012919545173645
