times:
  edit-metadata: 2.288987242616713
  landing: 0.0208784444257617
  view-data: 0.11743385437875986
