times:
  edit-metadata: 2.322828874923289
  landing: 0.12333507370203733
  view-data: 0.20546472072601318
