times:
  edit-metadata: 2.4423393327742815
  landing: 0.14072945713996887
  view-data: 0.14907321892678738
