times:
  edit-metadata: 2.559663651511073
  landing: 0.18069262243807316
  view-data: 0.4352038558572531
