times:
  edit-metadata: 2.8045529699884355
  landing: 0.04390434001106769
  view-data: 0.24226889701094478
