times:
  edit-metadata: 1.6755353100597858
  landing: 0.8819941617548466
  view-data: 3.3110477216541767
