times:
  edit-metadata: 1.4137432309798896
  landing: 0.07222710596397519
  view-data: 0.29086906905286014
