times:
  edit-metadata: 2.450930969789624
  landing: 0.021075705997645855
  view-data: 0.13048101123422384
