times:
  edit-metadata: 2.838578312192112
  landing: 0.03892434295266867
  view-data: 0.25782477762550116
