times:
  edit-metadata: 3.6557860339526087
  landing: 0.05014410684816539
  view-data: 0.5158099441323429
