times:
  edit-metadata: 1.8788268975913525
  landing: 1.285262018442154
  view-data: 3.4844348281621933
