times:
  edit-metadata: 3.7259544134140015
  landing: 0.04355720803141594
  view-data: 0.30273162573575974
