times:
  edit-metadata: 2.33944561611861
  landing: 0.18091514613479376
  view-data: 0.12073899060487747
