times:
  edit-metadata: 1.5716938369441777
  landing: 0.8796627649571747
  view-data: 3.2728992181364447
