times:
  edit-metadata: 1.3534622336737812
  landing: 0.038127309177070856
  view-data: 0.28772460762411356
