times:
  edit-metadata: 1.7725959699600935
  landing: 0.8605921887792647
  view-data: 3.398871665354818
