times:
  landing: 0.5465005949999977
  view-data: 0.5580368089999865
