times:
  edit-metadata: 4.007768077775836
  landing: 0.04601537622511387
  view-data: 0.33088700100779533
