times:
  edit-metadata: 1.3557036253623664
  landing: 0.0516927782446146
  view-data: 0.2946588881313801
