times:
  edit-metadata: 2.3928802739828825
  landing: 0.019461359828710556
  view-data: 0.7229436589404941
