times:
  landing: 1.100403568000047
  view-data: 0.5545477960000085
