times:
  edit-metadata: 1.432366388849914
  landing: 0.05010358989238739
  view-data: 0.3647863082587719
