times:
  edit-metadata: 2.4974363893270493
  landing: 0.15912168566137552
  view-data: 0.027014133520424366
