times:
  edit-metadata: 2.694318199530244
  landing: 1.4483688548207283
  view-data: 3.424728491343558
