times:
  edit-metadata: 2.4200576851144433
  landing: 0.020405124872922897
  view-data: 0.5198884885758162
