times:
  edit-metadata: 2.9896566085517406
  landing: 1.1483396254479885
  view-data: 3.396248783916235
