times:
  edit-metadata: 2.3432868402451277
  landing: 0.19408311787992716
  view-data: 0.02404238935559988
