times:
  edit-metadata: 1.4186260104179382
  landing: 1.0144197419285774
  view-data: 3.447454448789358
