times:
  edit-metadata: 2.626566080376506
  landing: 0.24543237127363682
  view-data: 0.4952992629259825
