times:
  landing: 0.554541565999898
  view-data: 0.5598908419999589
