times:
  edit-metadata: 1.3617932591587305
  landing: 0.8352504130452871
  view-data: 3.3477065321058035
