times:
  edit-metadata: 4.284831305034459
  landing: 0.7595559312030673
  view-data: 0.528339521959424
