times:
  landing: 0.5523008259999926
  view-data: 0.5681342489999963
