times:
  edit-metadata: 1.7673997655510902
  landing: 1.0416315980255604
  view-data: 3.3346029594540596
