times:
  edit-metadata: 1.5091555938124657
  landing: 0.9983042404055595
  view-data: 3.337276253849268
