times:
  edit-metadata: 2.3795854346826673
  landing: 1.3158877091482282
  view-data: 3.727732690051198
