times:
  edit-metadata: 1.3697123685851693
  landing: 0.04051545914262533
  view-data: 0.26402800995856524
