times:
  edit-metadata: 4.0314708929508924
  landing: 0.9232577532529831
  view-data: 0.4208182469010353
