times:
  edit-metadata: 1.3799292799085379
  landing: 0.7965281512588263
  view-data: 3.325061324983835
