times:
  landing: 0.5600355939999986
  view-data: 0.058945004000008794
