times:
  landing: 1.076631152999994
  view-data: 0.5560597659999758
