times:
  edit-metadata: 2.749957313761115
  landing: 0.2245877869427204
  view-data: 0.16825911402702332
