times:
  edit-metadata: 1.362298560794443
  landing: 0.047162657137960196
  view-data: 0.2622392033226788
