times:
  edit-metadata: 1.6288677120173816
  landing: 0.06674559199018404
  view-data: 0.5520348779973574
