times:
  edit-metadata: 1.7416455363854766
  landing: 0.04527590097859502
  view-data: 0.3185392417944968
