times:
  edit-metadata: 2.309244525618851
  landing: 0.021751134656369686
  view-data: 0.1278337361291051
