times:
  edit-metadata: 1.307299186475575
  landing: 0.7796074710786343
  view-data: 3.3644246058538556
