times:
  edit-metadata: 1.590546190738678
  landing: 0.9033186100423336
  view-data: 3.2927967347204685
