times:
  landing: 0.5533955090000404
  view-data: 0.05868107499998132
