times:
  landing: 0.5580437969999821
  view-data: 0.5592507970000042
