times:
  edit-metadata: 2.35644512437284
  landing: 0.21786997467279434
  view-data: 0.025739401578903198
