times:
  edit-metadata: 2.8359435430029407
  landing: 0.040250172998639755
  view-data: 0.27155327299260534
