times:
  edit-metadata: 1.691070086788386
  landing: 0.1136054857634008
  view-data: 0.412126739975065
