times:
  edit-metadata: 2.3134417152032256
  landing: 0.1283802790567279
  view-data: 0.12403490394353867
