times:
  edit-metadata: 2.7840005001053214
  landing: 0.04485675040632486
  view-data: 0.256417048163712
