times:
  edit-metadata: 2.896714413072914
  landing: 0.05318481381982565
  view-data: 0.24779435899108648
