times:
  edit-metadata: 1.5594584119971842
  landing: 0.04279676504665986
  view-data: 0.3821309659979306
