times:
  edit-metadata: 5.223671251907945
  landing: 0.9724295791238546
  view-data: 0.4429875072091818
