times:
  edit-metadata: 2.6838694121688604
  landing: 0.1370830349624157
  view-data: 0.024471521377563477
