times:
  edit-metadata: 1.237127847969532
  landing: 0.7135600261390209
  view-data: 3.308541879057884
