times:
  edit-metadata: 1.3866428593173623
  landing: 1.0436215987429023
  view-data: 3.297837591730058
