times:
  edit-metadata: 2.9280114602297544
  landing: 0.1748550459742546
  view-data: 0.5393093191087246
