times:
  edit-metadata: 1.4160752890165895
  landing: 0.0584160138387233
  view-data: 0.40760577796027064
