times:
  landing: 0.5550416560000144
  view-data: 0.5614021389999948
