times:
  edit-metadata: 2.9224148485809565
  landing: 0.2227823082357645
  view-data: 0.6122643202543259
