times:
  edit-metadata: 2.3615126255899668
  landing: 0.19821727089583874
  view-data: 0.09924148302525282
