times:
  landing: 0.5547312590000502
  view-data: 0.5586450559999889
