times:
  edit-metadata: 4.091014908626676
  landing: 0.4975757896900177
  view-data: 0.41199299320578575
