times:
  edit-metadata: 1.368069116026163
  landing: 0.8388891890645027
  view-data: 3.449766121804714
