times:
  edit-metadata: 2.6334366388618946
  landing: 0.022843273356556892
  view-data: 0.02563309296965599
