times:
  edit-metadata: 3.9220496751368046
  landing: 1.034718081355095
  view-data: 0.6162547264248133
