times:
  edit-metadata: 1.4440357331186533
  landing: 0.04714196501299739
  view-data: 0.3019758448936045
