times:
  edit-metadata: 4.016283227130771
  landing: 0.627204705029726
  view-data: 0.47394893877208233
