times:
  edit-metadata: 1.555255957879126
  landing: 0.917768003186211
  view-data: 3.346591816050932
