times:
  edit-metadata: 1.403742187190801
  landing: 0.07793135102838278
  view-data: 0.383783905999735
