times:
  landing: 0.5526389949999952
  view-data: 0.05785180000000878
