times:
  landing: 0.5414552920000233
  view-data: 0.549434500000018
