times:
  edit-metadata: 1.3132192865014076
  landing: 0.7967894040048122
  view-data: 3.233249995857477
