times:
  landing: 0.5527213260000394
  view-data: 0.5577620039999829
