times:
  edit-metadata: 2.6002861112356186
  landing: 0.15925661101937294
  view-data: 0.026424329727888107
