times:
  edit-metadata: 1.4448027815669775
  landing: 1.0029945205897093
  view-data: 3.3351903557777405
