times:
  edit-metadata: 2.9373295400000643
  landing: 0.048023228999227285
  view-data: 0.2514607460179832
