times:
  edit-metadata: 2.9663928486406803
  landing: 0.21075166761875153
  view-data: 0.14929392375051975
