times:
  edit-metadata: 2.388294148258865
  landing: 0.14194984827190638
  view-data: 0.22867952100932598
