times:
  edit-metadata: 5.204682890325785
  landing: 0.8086510952562094
  view-data: 0.49539135582745075
