times:
  edit-metadata: 1.5648400820791721
  landing: 1.0472188703715801
  view-data: 3.3515645302832127
