times:
  edit-metadata: 2.782370564993471
  landing: 0.04870158503763378
  view-data: 0.24381869519129395
