times:
  edit-metadata: 2.305956090800464
  landing: 0.022274251095950603
  view-data: 0.12335278652608395
