times:
  edit-metadata: 1.440411489456892
  landing: 1.023363895714283
  view-data: 3.340576369315386
