times:
  edit-metadata: 4.028542762622237
  landing: 1.0944668389856815
  view-data: 0.7200009226799011
