times:
  edit-metadata: 1.3429181980900466
  landing: 0.05072224698960781
  view-data: 0.2616802961565554
