times:
  edit-metadata: 3.397301444783807
  landing: 0.021280264481902122
  view-data: 0.06038157641887665
