times:
  edit-metadata: 1.434956632554531
  landing: 1.0126083344221115
  view-data: 3.63796978071332
