times:
  edit-metadata: 2.6331963278353214
  landing: 0.01792595535516739
  view-data: 0.02842942625284195
