times:
  edit-metadata: 5.0254033375531435
  landing: 0.7893180642277002
  view-data: 0.36572036147117615
