times:
  edit-metadata: 2.5784442368894815
  landing: 0.1467144675552845
  view-data: 0.4285850077867508
