times:
  edit-metadata: 2.301338697783649
  landing: 0.019765018485486507
  view-data: 0.02460278570652008
