times:
  edit-metadata: 1.3717381423339248
  landing: 0.045080590061843395
  view-data: 0.397752583026886
