times:
  edit-metadata: 1.5011385306715965
  landing: 1.0533068776130676
  view-data: 3.330774426460266
