times:
  edit-metadata: 2.5488482788205147
  landing: 0.19233646802604198
  view-data: 0.022998904809355736
