times:
  edit-metadata: 2.5825113393366337
  landing: 0.024560725316405296
  view-data: 0.025255411863327026
