times:
  edit-metadata: 1.4556149058043957
  landing: 1.230517365038395
  view-data: 3.322860971093178
