times:
  landing: 0.5469698939999716
  view-data: 0.5479447060000098
