times:
  edit-metadata: 1.3188861012458801
  landing: 0.8222116753458977
  view-data: 3.38280576094985
