times:
  edit-metadata: 2.850407990044914
  landing: 0.04110109800240025
  view-data: 0.24175450397888198
