times:
  edit-metadata: 3.80861047282815
  landing: 0.3768227118998766
  view-data: 0.20105303265154362
