times:
  edit-metadata: 3.1859794361516833
  landing: 0.09014708874747157
  view-data: 0.27588994102552533
