times:
  edit-metadata: 1.4377656690776348
  landing: 0.9122805558145046
  view-data: 3.400592725723982
