times:
  edit-metadata: 5.036481440067291
  landing: 0.6137381754815578
  view-data: 0.3644600473344326
