times:
  edit-metadata: 1.6279228404164314
  landing: 0.9560807645320892
  view-data: 3.2948570791631937
