times:
  edit-metadata: 3.0663368459790945
  landing: 0.1522870883345604
  view-data: 0.5904939770698547
