times:
  edit-metadata: 3.3572843484580517
  landing: 0.10310985054820776
  view-data: 0.410829434171319
