times:
  landing: 1.5858199140000124
  view-data: 0.5533538640000302
