times:
  edit-metadata: 2.8343702140264213
  landing: 0.042243852047249675
  view-data: 0.28481859783641994
