times:
  edit-metadata: 2.7398703284561634
  landing: 0.052613116800785065
  view-data: 0.2649996913969517
