times:
  landing: 1.0723930320000363
  view-data: 0.5708478949999858
