times:
  edit-metadata: 1.683459386229515
  landing: 1.1907742097973824
  view-data: 3.367745492607355
