times:
  landing: 0.5535233840000728
  view-data: 0.5563295000000608
