times:
  edit-metadata: 1.3858433589339256
  landing: 0.8413418419659138
  view-data: 3.3429294265806675
