times:
  edit-metadata: 3.966280436143279
  landing: 0.651383526623249
  view-data: 0.41743316873908043
