times:
  edit-metadata: 1.3853885070420802
  landing: 0.058876167982816696
  view-data: 0.3710646010003984
