times:
  edit-metadata: 2.287218757905066
  landing: 0.022802402265369892
  view-data: 0.02701149508357048
