times:
  landing: 0.5621315919999574
  view-data: 0.5581428610000216
