times:
  landing: 2.209233216010034
  view-data: 0.03650418599136174
