times:
  landing: 1.07271664000001
  view-data: 0.5560407929999656
