times:
  edit-metadata: 2.314721376635134
  landing: 0.11127810087054968
  view-data: 0.12010212522000074
