times:
  edit-metadata: 1.4116622768342495
  landing: 0.8921710830181837
  view-data: 3.36050864122808
