times:
  edit-metadata: 2.342355445958674
  landing: 0.02434301096946001
  view-data: 0.12018390651792288
