times:
  edit-metadata: 2.5090362522751093
  landing: 0.08887127041816711
  view-data: 0.023490114137530327
