times:
  edit-metadata: 2.6114781149999544
  landing: 0.126051594999808
  view-data: 0.4425917590001518
