times:
  edit-metadata: 1.408278500661254
  landing: 0.8579215984791517
  view-data: 3.340031774714589
