times:
  edit-metadata: 1.6869607083499432
  landing: 1.014903699979186
  view-data: 3.379980670288205
