times:
  landing: 1.0776682590000064
  view-data: 0.5571018370000047
