times:
  edit-metadata: 3.7037322260439396
  landing: 0.049943987280130386
  view-data: 0.30397045984864235
