times:
  edit-metadata: 1.5196094139828347
  landing: 0.07239537802524865
  view-data: 0.41716877699946053
