times:
  edit-metadata: 2.905221823602915
  landing: 0.11729676462709904
  view-data: 0.024020185694098473
