times:
  edit-metadata: 1.4212737865746021
  landing: 0.8719527684152126
  view-data: 3.3171758335083723
