times:
  edit-metadata: 1.6081920266151428
  landing: 0.9131088890135288
  view-data: 3.2980289608240128
