times:
  edit-metadata: 2.8551537910243496
  landing: 0.04235281003639102
  view-data: 0.2424663349520415
