times:
  edit-metadata: 2.6720593509962782
  landing: 0.04303772799903527
  view-data: 0.24713730698567815
