times:
  landing: 1.0967508180000323
  view-data: 0.5816645459999563
