times:
  landing: 1.0665679670000259
  view-data: 0.5503554829999757
