times:
  edit-metadata: 2.6103076115250587
  landing: 0.022706307470798492
  view-data: 0.027694817632436752
