times:
  landing: 0.5892955940000206
  view-data: 0.5594472849999761
