times:
  edit-metadata: 1.5606936104595661
  landing: 1.1808486357331276
  view-data: 3.39846096560359
