times:
  edit-metadata: 1.513259399999697
  landing: 0.05047877000015433
  view-data: 0.4056528219998654
