times:
  edit-metadata: 2.3720379611477256
  landing: 0.11264041345566511
  view-data: 0.5590877123177052
