times:
  landing: 0.5623500639999861
  view-data: 0.06955339699999286
