times:
  edit-metadata: 1.5364287681877613
  landing: 1.2191490158438683
  view-data: 3.3436614871025085
