times:
  edit-metadata: 1.8043657829985023
  landing: 0.06718780007213354
  view-data: 0.4850696180947125
