times:
  landing: 1.6007613180000249
  view-data: 0.5494157600000449
