times:
  edit-metadata: 4.237528229132295
  landing: 0.6333531904965639
  view-data: 0.3801249787211418
