times:
  edit-metadata: 1.8289096485823393
  landing: 1.1457469165325165
  view-data: 3.47078313305974
