times:
  edit-metadata: 1.876354020088911
  landing: 0.9974383004009724
  view-data: 0.7618208825588226
