times:
  edit-metadata: 2.5151269380003214
  landing: 0.19666550122201443
  view-data: 0.3889476824551821
