times:
  edit-metadata: 2.8870662907138467
  landing: 0.14225162658840418
  view-data: 0.10465343482792377
