times:
  landing: 0.551030437999998
  view-data: 0.5568560020000177
