times:
  edit-metadata: 1.4000563360750675
  landing: 0.8046307358890772
  view-data: 3.308207716792822
