times:
  edit-metadata: 1.5185612849891186
  landing: 0.7466397471725941
  view-data: 3.3918115235865116
