times:
  edit-metadata: 1.4605148819973692
  landing: 0.07069926301483065
  view-data: 0.4204829020309262
