times:
  edit-metadata: 2.5370350759476423
  landing: 1.6692084353417158
  view-data: 3.641384243965149
