times:
  edit-metadata: 2.8032284639775753
  landing: 0.01915486715734005
  view-data: 0.42479149252176285
