times:
  edit-metadata: 1.415261480025947
  landing: 0.09218546701595187
  view-data: 0.2625867580063641
