times:
  edit-metadata: 4.318879396014381
  landing: 0.1515813759760931
  view-data: 0.4075441699824296
