times:
  edit-metadata: 2.3789203986525536
  landing: 0.21091144811362028
  view-data: 0.24407902732491493
