times:
  edit-metadata: 1.4257300350582227
  landing: 0.07278780499473214
  view-data: 0.2933117150096223
