times:
  edit-metadata: 1.3849493619054556
  landing: 0.050489319022744894
  view-data: 0.2638207618147135
