times:
  edit-metadata: 3.0145543990656734
  landing: 0.05309997592121363
  view-data: 0.2773409041110426
