times:
  edit-metadata: 2.8581122141331434
  landing: 0.14716727286577225
  view-data: 0.4409019276499748
