times:
  edit-metadata: 2.505581619217992
  landing: 0.113164396956563
  view-data: 0.02640591934323311
