times:
  edit-metadata: 4.3226298578083515
  landing: 2.1399490870535374
  view-data: 0.7758282516151667
