times:
  edit-metadata: 1.3789657056331635
  landing: 0.8297693021595478
  view-data: 3.9162583239376545
