times:
  edit-metadata: 2.5031213145703077
  landing: 0.1435970440506935
  view-data: 0.487957626581192
