times:
  landing: 1.1168917310000097
  view-data: 0.5552353239999661
