times:
  edit-metadata: 2.7862544250674546
  landing: 0.054644701071083546
  view-data: 0.3202664628624916
