times:
  landing: 0.5508451840000248
  view-data: 0.5573219089999952
