times:
  edit-metadata: 1.4622175036929548
  landing: 0.0604107491672039
  view-data: 0.41223002318292856
