times:
  edit-metadata: 4.242072727531195
  landing: 0.5815411955118179
  view-data: 0.37513233348727226
