times:
  edit-metadata: 1.5712096989154816
  landing: 1.304458636790514
  view-data: 4.1241815611720085
