times:
  edit-metadata: 3.953955478966236
  landing: 0.5935525204986334
  view-data: 0.40775975212454796
