times:
  edit-metadata: 1.3782013040035963
  landing: 0.8181532640010118
  view-data: 3.402334002777934
