times:
  edit-metadata: 1.4108586953952909
  landing: 0.0706650922074914
  view-data: 0.3094178522005677
