times:
  landing: 0.5562376729999983
  view-data: 0.5631663019999564
