times:
  edit-metadata: 1.3710790579207242
  landing: 0.049174335319548845
  view-data: 0.25698790699243546
