times:
  edit-metadata: 2.340112647973001
  landing: 0.021557090803980827
  view-data: 0.028230082243680954
