times:
  edit-metadata: 3.6339522525668144
  landing: 0.04087262973189354
  view-data: 0.3096993640065193
