times:
  edit-metadata: 2.7973153649363667
  landing: 0.044841326074674726
  view-data: 0.285302798030898
