times:
  edit-metadata: 2.478887751698494
  landing: 1.4927977472543716
  view-data: 3.6897355769760907
