times:
  edit-metadata: 2.445781836286187
  landing: 0.021437624469399452
  view-data: 0.39220351353287697
