times:
  edit-metadata: 1.3827816098928452
  landing: 0.897506058216095
  view-data: 3.398570165038109
