times:
  edit-metadata: 4.081289799883962
  landing: 0.05817410163581371
  view-data: 0.3524952884763479
