times:
  edit-metadata: 1.4097314259270206
  landing: 0.06733913498464972
  view-data: 0.29287611099425703
