times:
  edit-metadata: 1.3169008190743625
  landing: 0.04063818883150816
  view-data: 0.30731291184201837
