times:
  edit-metadata: 1.4543157201260328
  landing: 0.06594150001183152
  view-data: 0.5461678630672395
