times:
  edit-metadata: 1.5976580309215933
  landing: 0.07208464085124433
  view-data: 0.3530267090536654
