times:
  edit-metadata: 1.870068833930418
  landing: 1.0797232910990715
  view-data: 3.3194245520280674
