times:
  edit-metadata: 4.328649394214153
  landing: 0.592549541965127
  view-data: 0.7347848210483789
