times:
  edit-metadata: 2.571562686935067
  landing: 0.22190198488533497
  view-data: 0.45313833467662334
