times:
  edit-metadata: 2.8455532039515674
  landing: 0.04836970195174217
  view-data: 0.2503946570213884
