times:
  edit-metadata: 1.6673679230734706
  landing: 0.06520232325419784
  view-data: 0.3282289858907461
