times:
  edit-metadata: 1.3332457267679274
  landing: 0.03708366118371487
  view-data: 0.29253010638058186
