times:
  edit-metadata: 2.5138501320034266
  landing: 0.11414250358939171
  view-data: 0.04846264608204365
