times:
  edit-metadata: 2.780177401378751
  landing: 0.20023796893656254
  view-data: 0.4322770796716213
