times:
  edit-metadata: 1.5822560004889965
  landing: 1.1118483915925026
  view-data: 3.322309821844101
