times:
  edit-metadata: 1.365335213020444
  landing: 0.03981226310133934
  view-data: 0.43344785599038005
