times:
  edit-metadata: 4.207574352622032
  landing: 0.6122812330722809
  view-data: 0.426424128934741
