times:
  landing: 0.5476146729999982
  view-data: 0.560804356999995
