times:
  landing: 1.0668672539999875
  view-data: 0.5627130930000135
