times:
  edit-metadata: 3.79615980386734
  landing: 1.5804928708821535
  view-data: 3.3756383061408997
