times:
  edit-metadata: 2.4237842708826065
  landing: 1.4977231919765472
  view-data: 3.453177873045206
