times:
  edit-metadata: 2.8443751921877265
  landing: 0.04723617108538747
  view-data: 0.26552267000079155
