times:
  edit-metadata: 2.9843837078660727
  landing: 0.1433604247868061
  view-data: 0.6518200170248747
