times:
  edit-metadata: 1.4580436600372195
  landing: 0.056732648983597755
  view-data: 0.2529430487193167
