times:
  landing: 0.5579933269999628
  view-data: 0.5676589679999893
