times:
  edit-metadata: 1.3605738077312708
  landing: 0.05544177629053593
  view-data: 0.27949216682463884
