times:
  edit-metadata: 1.5667572979582474
  landing: 0.049814486992545426
  view-data: 0.3034448849502951
