times:
  edit-metadata: 3.0454766220063902
  landing: 0.040676628006622195
  view-data: 0.23878791299648583
