times:
  edit-metadata: 1.4447736609727144
  landing: 1.0148948449641466
  view-data: 3.288047980517149
