times:
  edit-metadata: 1.5102053210139275
  landing: 0.9195072092115879
  view-data: 3.4021215476095676
