times:
  edit-metadata: 2.377914097160101
  landing: 0.023760177195072174
  view-data: 0.027178537100553513
