times:
  edit-metadata: 1.440650548785925
  landing: 1.0677661336958408
  view-data: 3.2935734279453754
