times:
  edit-metadata: 1.5330967083573341
  landing: 0.045755607075989246
  view-data: 0.4297133800573647
