times:
  edit-metadata: 2.859079080983065
  landing: 0.051674182002898306
  view-data: 0.23431278101634234
