times:
  edit-metadata: 1.472977178171277
  landing: 0.9881024397909641
  view-data: 3.4463291447609663
