times:
  edit-metadata: 1.3534916411153972
  landing: 0.04628114216029644
  view-data: 0.28841026686131954
