times:
  landing: 1.1249293980000061
  view-data: 0.5570255540000062
