times:
  edit-metadata: 3.7718730587512255
  landing: 0.23515335097908974
  view-data: 0.18928386643528938
