times:
  edit-metadata: 1.40914710983634
  landing: 0.046057750936597586
  view-data: 0.28845354774966836
