times:
  landing: 0.5486829280000052
  view-data: 0.5553236100000163
