times:
  edit-metadata: 1.4622416170022916
  landing: 0.07277563000388909
  view-data: 0.445919555000728
