times:
  edit-metadata: 1.4181053219363093
  landing: 0.07751249498687685
  view-data: 0.38885075494181365
