times:
  edit-metadata: 2.3574521262198687
  landing: 0.01998811401426792
  view-data: 0.09609905071556568
