times:
  edit-metadata: 4.136642809957266
  landing: 0.6095350068062544
  view-data: 0.3410258498042822
