times:
  edit-metadata: 4.189828144386411
  landing: 0.6821473129093647
  view-data: 0.4163737799972296
