times:
  edit-metadata: 1.2953164409846067
  landing: 0.8286925032734871
  view-data: 3.3974737245589495
