times:
  edit-metadata: 1.3549411045387387
  landing: 0.03930575866252184
  view-data: 0.4074087254703045
