times:
  edit-metadata: 1.7321501933038235
  landing: 1.1299491822719574
  view-data: 3.3924481868743896
