times:
  edit-metadata: 1.3582586348056793
  landing: 0.05320629011839628
  view-data: 0.29941572807729244
