times:
  edit-metadata: 2.627543345999584
  landing: 0.04317039600027783
  view-data: 0.26431606999994983
