times:
  edit-metadata: 1.3924988806247711
  landing: 0.7547634225338697
  view-data: 3.3174135144799948
