times:
  landing: 0.5552010360000281
  view-data: 0.556021195000028
