times:
  edit-metadata: 4.084225552156568
  landing: 1.193303495645523
  view-data: 0.5693091377615929
