times:
  edit-metadata: 2.7887266039906535
  landing: 0.053643585997633636
  view-data: 0.2409705500031123
