times:
  landing: 1.0589803759999654
  view-data: 0.5496514739999725
