times:
  edit-metadata: 3.709862422198057
  landing: 0.04983948543667793
  view-data: 0.30556169152259827
