times:
  edit-metadata: 1.5238161401357502
  landing: 0.8335922020487487
  view-data: 3.2894121250137687
