times:
  edit-metadata: 1.3663897337391973
  landing: 0.05062031513080001
  view-data: 0.24911378510296345
