times:
  edit-metadata: 1.3771220101043582
  landing: 0.040067107416689396
  view-data: 0.29647097643464804
