times:
  edit-metadata: 1.3496658839285374
  landing: 0.8486412465572357
  view-data: 3.3462271317839622
