times:
  landing: 0.583457707999969
  view-data: 0.5578832699999907
