times:
  edit-metadata: 2.473765205591917
  landing: 0.022045587189495564
  view-data: 0.022229180671274662
