times:
  edit-metadata: 2.5320811346173286
  landing: 0.19168735295534134
  view-data: 0.1276737079024315
