times:
  edit-metadata: 1.4595420570112765
  landing: 0.04557796404697001
  view-data: 0.5313973769079894
