times:
  edit-metadata: 4.066534906625748
  landing: 0.735652020201087
  view-data: 0.3618567921221256
