times:
  edit-metadata: 2.3364386688917875
  landing: 0.018817213363945484
  view-data: 0.09760191198438406
