times:
  edit-metadata: 2.493657613173127
  landing: 0.18320711329579353
  view-data: 0.027210377156734467
