times:
  edit-metadata: 1.3875887179747224
  landing: 0.050351452082395554
  view-data: 0.28099667886272073
