times:
  edit-metadata: 1.6939318291842937
  landing: 1.3524550832808018
  view-data: 3.3044192232191563
