times:
  edit-metadata: 4.122087497264147
  landing: 0.5842715092003345
  view-data: 0.7611246556043625
