times:
  landing: 0.5517426920000048
  view-data: 0.5502738700000123
