times:
  edit-metadata: 2.378905010409653
  landing: 0.023370513692498207
  view-data: 0.12229338381439447
