times:
  edit-metadata: 1.502598848004709
  landing: 0.044998322999163065
  view-data: 0.45626441999775125
