times:
  edit-metadata: 3.729227628558874
  landing: 0.053628772497177124
  view-data: 0.313314575701952
