times:
  landing: 1.0856723730000226
  view-data: 0.5502408920000335
