times:
  edit-metadata: 2.336884048767388
  landing: 0.022033531218767166
  view-data: 0.11790680233389139
