times:
  edit-metadata: 1.8442294689593837
  landing: 0.06665954197524115
  view-data: 0.40037261904217303
