times:
  edit-metadata: 4.0589773412793875
  landing: 0.995547266677022
  view-data: 0.36235248297452927
