times:
  edit-metadata: 1.5332661662250757
  landing: 0.9804653031751513
  view-data: 3.4449439691379666
