times:
  edit-metadata: 2.365324162878096
  landing: 0.021681521087884903
  view-data: 0.023955833166837692
