times:
  edit-metadata: 1.5301616340875626
  landing: 1.0262837782502174
  view-data: 3.3514316715300083
