times:
  edit-metadata: 1.4419614579965128
  landing: 0.06399511199560948
  view-data: 0.4106145010009641
