times:
  edit-metadata: 2.2680300446227193
  landing: 0.023905481211841106
  view-data: 0.11930926982313395
