times:
  edit-metadata: 2.460278095677495
  landing: 0.12650597654283047
  view-data: 0.14167466387152672
