times:
  edit-metadata: 1.490445027127862
  landing: 0.8362193051725626
  view-data: 3.4259589817374945
