times:
  landing: 1.0766350339999917
  view-data: 0.5571252820000154
