times:
  edit-metadata: 2.543185770511627
  landing: 0.022960202768445015
  view-data: 0.48277341574430466
