times:
  edit-metadata: 1.4457755531184375
  landing: 0.07076954818330705
  view-data: 0.4423043290153146
