times:
  edit-metadata: 2.405585763975978
  landing: 0.19568223226815462
  view-data: 0.2198915919288993
