times:
  edit-metadata: 2.3160446267575026
  landing: 0.019456851296126842
  view-data: 0.09824758768081665
