times:
  edit-metadata: 4.059137159958482
  landing: 0.7081610318273306
  view-data: 0.44572341069579124
