times:
  edit-metadata: 3.794441729784012
  landing: 0.053698524832725525
  view-data: 0.2700771999079734
