times:
  edit-metadata: 2.6646657017990947
  landing: 0.02155404258519411
  view-data: 0.02648183610290289
