times:
  edit-metadata: 3.7881501503288746
  landing: 0.058935247361660004
  view-data: 0.310813058167696
