times:
  edit-metadata: 4.033347664400935
  landing: 0.5998259838670492
  view-data: 0.4115473199635744
