times:
  edit-metadata: 2.4822593852877617
  landing: 0.1174684390425682
  view-data: 0.1202948484569788
