times:
  edit-metadata: 1.4380578310228884
  landing: 0.07220732397399843
  view-data: 0.3954509550239891
