times:
  edit-metadata: 4.27986341714859
  landing: 1.216414399445057
  view-data: 0.6391105949878693
