times:
  edit-metadata: 2.574909856542945
  landing: 0.022901806980371475
  view-data: 0.1385286096483469
