times:
  edit-metadata: 2.827738472027704
  landing: 0.055726162856444716
  view-data: 0.27307359501719475
