times:
  edit-metadata: 4.185013270005584
  landing: 0.9659964311867952
  view-data: 0.43663251027464867
