times:
  edit-metadata: 1.6026948317885399
  landing: 1.0785155817866325
  view-data: 3.351200256496668
