times:
  edit-metadata: 1.4762319847941399
  landing: 0.8470161333680153
  view-data: 3.4719229470938444
