times:
  edit-metadata: 1.4161293958313763
  landing: 0.053173307329416275
  view-data: 0.2743099029175937
