times:
  edit-metadata: 1.4350193552672863
  landing: 0.9339091628789902
  view-data: 3.3430338129401207
