times:
  edit-metadata: 2.0473493039608
  landing: 1.2220517713576555
  view-data: 3.377586955204606
