times:
  landing: 0.5577593669999601
  view-data: 0.5537396370000351
