times:
  edit-metadata: 3.9258931055665016
  landing: 0.5407175030559301
  view-data: 0.41721925884485245
