times:
  edit-metadata: 2.89538137614727
  landing: 0.2076795343309641
  view-data: 0.024795887991786003
