times:
  landing: 0.6462908230000153
  view-data: 0.5597660280000127
