times:
  landing: 1.1861436120000235
  view-data: 0.5578915120000261
