times:
  edit-metadata: 2.4589276388287544
  landing: 1.3277258835732937
  view-data: 3.4692278429865837
