times:
  edit-metadata: 2.8122911658138037
  landing: 0.31731595285236835
  view-data: 0.5599301215261221
