times:
  edit-metadata: 2.5151701103895903
  landing: 0.24135698564350605
  view-data: 0.1393418163061142
