times:
  edit-metadata: 1.3387963930144906
  landing: 0.890693387016654
  view-data: 3.3096088841557503
