times:
  edit-metadata: 2.799500591994729
  landing: 0.04604867601301521
  view-data: 0.2424142339732498
