times:
  edit-metadata: 2.696280123665929
  landing: 0.23472966253757477
  view-data: 0.30626605823636055
