times:
  edit-metadata: 1.8054252602159977
  landing: 0.994137104600668
  view-data: 3.298246406018734
