times:
  edit-metadata: 1.488274682778865
  landing: 0.8693679389543831
  view-data: 3.2796704592183232
