times:
  edit-metadata: 3.0613475274294615
  landing: 0.33808115497231483
  view-data: 0.6982307471334934
