times:
  edit-metadata: 2.879339761013398
  landing: 0.05007518900674768
  view-data: 0.2396973719878588
