times:
  edit-metadata: 1.7066211998462677
  landing: 1.5075347274541855
  view-data: 3.399498514831066
