times:
  landing: 1.1286510140000132
  view-data: 0.55491456499999
