times:
  edit-metadata: 2.89232758898288
  landing: 0.049954924965277314
  view-data: 0.2601805080194026
