times:
  edit-metadata: 1.5438154051080346
  landing: 0.8344357549212873
  view-data: 0.8120716898702085
