times:
  edit-metadata: 5.433226762339473
  landing: 0.8967819809913635
  view-data: 0.30249449983239174
