times:
  edit-metadata: 4.045944292098284
  landing: 0.531434740871191
  view-data: 0.4306809585541487
