times:
  landing: 1.0682719839999777
  view-data: 0.5631833340000298
