times:
  edit-metadata: 1.4042729716748
  landing: 0.7280750945210457
  view-data: 3.3280113637447357
