times:
  edit-metadata: 2.8609254248440266
  landing: 0.18564900569617748
  view-data: 0.1649041399359703
