times:
  edit-metadata: 1.4803296569734812
  landing: 0.06971426703967154
  view-data: 0.43036500993184745
