times:
  edit-metadata: 3.153037341311574
  landing: 0.020754264667630196
  view-data: 0.6372254453599453
