times:
  edit-metadata: 4.032857371494174
  landing: 0.9017378389835358
  view-data: 0.4601183608174324
