times:
  edit-metadata: 1.431196119170636
  landing: 0.043108997866511345
  view-data: 0.2963356990367174
