times:
  edit-metadata: 1.463419895619154
  landing: 1.0038110315799713
  view-data: 3.442847575992346
