times:
  edit-metadata: 3.9629708137363195
  landing: 0.5679848119616508
  view-data: 0.45279013365507126
