times:
  edit-metadata: 1.4039829759858549
  landing: 0.06011484103510156
  view-data: 0.3712488280143589
