times:
  edit-metadata: 2.5118601582944393
  landing: 0.019996292889118195
  view-data: 0.11870090290904045
