times:
  edit-metadata: 2.903820159146562
  landing: 0.04366259602829814
  view-data: 0.2503742049448192
