times:
  edit-metadata: 2.3205255549401045
  landing: 0.019112277776002884
  view-data: 0.02602415904402733
