times:
  edit-metadata: 1.4190091900527477
  landing: 0.8158552404493093
  view-data: 3.6178647968918085
