times:
  edit-metadata: 3.6942052096128464
  landing: 0.039813075214624405
  view-data: 0.30571792647242546
