times:
  edit-metadata: 4.011389883235097
  landing: 0.6192633975297213
  view-data: 0.43329635448753834
