times:
  landing: 0.5462011660000599
  view-data: 0.564447831999928
