times:
  landing: 0.564267735000044
  view-data: 0.559903816999963
