times:
  landing: 0.549755523999977
  view-data: 0.5594362280000382
