times:
  edit-metadata: 2.5225376784801483
  landing: 0.0199899785220623
  view-data: 0.4351654648780823
