times:
  landing: 0.5454613150000114
  view-data: 0.5497408680000149
