times:
  edit-metadata: 2.703186733648181
  landing: 0.021399710327386856
  view-data: 0.12225358467549086
