times:
  edit-metadata: 2.8359874710440636
  landing: 0.0445011998526752
  view-data: 0.2628893703222275
