times:
  landing: 0.552750661999994
  view-data: 0.5607686990000502
