times:
  edit-metadata: 1.3624218460172415
  landing: 0.04252727469429374
  view-data: 0.2713300995528698
