times:
  edit-metadata: 1.3430315000005066
  landing: 0.04770315997302532
  view-data: 0.25839295610785484
