times:
  edit-metadata: 1.3572089350782335
  landing: 0.052240016870200634
  view-data: 0.26183094177395105
