times:
  edit-metadata: 3.125241683796048
  landing: 0.25248792581260204
  view-data: 0.5817149626091123
