times:
  edit-metadata: 2.331605282612145
  landing: 0.020721484906971455
  view-data: 0.46121371909976006
