times:
  landing: 1.5940371300000038
  view-data: 0.5568075570000133
