times:
  landing: 0.5498744860000215
  view-data: 0.5600510120000308
