times:
  edit-metadata: 2.5770242288708687
  landing: 0.13816232606768608
  view-data: 0.5987950824201107
