times:
  edit-metadata: 3.7302184365689754
  landing: 0.038607243448495865
  view-data: 0.3238179013133049
