times:
  edit-metadata: 3.303665501996875
  landing: 0.06436852301703766
  view-data: 0.29143538599601015
