times:
  edit-metadata: 2.881534188054502
  landing: 0.04948342009447515
  view-data: 0.2381352729862556
