times:
  edit-metadata: 1.3241319269873202
  landing: 0.04086918290704489
  view-data: 0.26742301834747195
