times:
  landing: 1.0615471090000028
  view-data: 0.5499412110000321
