times:
  edit-metadata: 1.543695711530745
  landing: 0.9146414631977677
  view-data: 3.4565204745158553
