times:
  edit-metadata: 1.3434176761657
  landing: 0.7865832224488258
  view-data: 3.324782684445381
