times:
  edit-metadata: 1.6383799170143902
  landing: 0.8074273238889873
  view-data: 3.291872206144035
