times:
  landing: 1.065988539999978
  view-data: 0.5557704299999955
