times:
  edit-metadata: 1.4644142598845065
  landing: 0.05453206109814346
  view-data: 0.38356986502185464
