times:
  edit-metadata: 3.182477083057165
  landing: 0.050137924030423164
  view-data: 0.2678033479023725
