times:
  edit-metadata: 1.3913728846237063
  landing: 0.8628821717575192
  view-data: 3.29536107275635
