times:
  edit-metadata: 2.8224605098366737
  landing: 0.04781600786373019
  view-data: 0.251213766168803
