times:
  landing: 1.064376468999967
  view-data: 0.5534011430000305
