times:
  edit-metadata: 3.6918830685317516
  landing: 0.051490288227796555
  view-data: 0.30910974740982056
