times:
  edit-metadata: 1.5272211590781808
  landing: 0.05552333081141114
  view-data: 0.30875667184591293
