times:
  edit-metadata: 3.0981129463762045
  landing: 0.20776092819869518
  view-data: 0.406683050096035
