times:
  edit-metadata: 2.485452614724636
  landing: 0.02225719392299652
  view-data: 0.12497419863939285
