times:
  edit-metadata: 2.8202922381460667
  landing: 0.05083633400499821
  view-data: 0.24382249102927744
