times:
  edit-metadata: 1.4620624110102654
  landing: 0.836495878174901
  view-data: 3.379958463832736
