times:
  edit-metadata: 4.055515490472317
  landing: 0.053255924955010414
  view-data: 0.46039702370762825
