times:
  edit-metadata: 3.730695243924856
  landing: 0.047039274126291275
  view-data: 0.30530788376927376
