times:
  edit-metadata: 3.955560728907585
  landing: 0.553695272654295
  view-data: 0.33331875316798687
