times:
  landing: 1.107301219999954
  view-data: 0.5639131789999965
