times:
  edit-metadata: 3.113039016723633
  landing: 0.15253222361207008
  view-data: 0.46609536558389664
