times:
  edit-metadata: 2.6590357832610607
  landing: 0.13138796016573906
  view-data: 0.7203929740935564
