times:
  edit-metadata: 1.9954652544111013
  landing: 1.18957294896245
  view-data: 3.367109687998891
