times:
  edit-metadata: 1.4023010520031676
  landing: 0.06839742499869317
  view-data: 0.40281352610327303
