times:
  edit-metadata: 3.975642591714859
  landing: 0.773921012878418
  view-data: 0.3330773375928402
