times:
  landing: 1.6197393659999761
  view-data: 0.5517913840000119
