times:
  edit-metadata: 1.3596199727617204
  landing: 0.0443295119330287
  view-data: 0.39113989705219865
