times:
  edit-metadata: 1.4752499628812075
  landing: 0.9127389770001173
  view-data: 3.284835923463106
