times:
  landing: 0.5527372409999884
  view-data: 0.5567094909999923
