times:
  landing: 2.14755700500001
  view-data: 0.5789820459999646
