times:
  edit-metadata: 2.7982441690401174
  landing: 0.04272830602712929
  view-data: 0.2465813159942627
