times:
  edit-metadata: 2.650750072672963
  landing: 0.1441195160150528
  view-data: 0.5126918647438288
