times:
  edit-metadata: 1.575689086690545
  landing: 0.987477452494204
  view-data: 0.6530307149514556
