times:
  edit-metadata: 1.4564337560441345
  landing: 0.07068613404408097
  view-data: 0.534284105990082
