times:
  edit-metadata: 4.0884381756186485
  landing: 0.6024785339832306
  view-data: 0.7351765185594559
