times:
  edit-metadata: 2.8221546760760248
  landing: 0.04479258693754673
  view-data: 0.2523163119331002
