times:
  edit-metadata: 1.5469173211604357
  landing: 0.8313421308994293
  view-data: 3.299210400786251
