times:
  edit-metadata: 1.4767970815300941
  landing: 1.001525953412056
  view-data: 3.3314181715250015
