times:
  edit-metadata: 2.8331842119805515
  landing: 0.04386103665456176
  view-data: 0.28776902612298727
