times:
  edit-metadata: 1.3862017677165568
  landing: 0.044963874854147434
  view-data: 0.2714863270521164
