times:
  edit-metadata: 1.345905470661819
  landing: 0.04244351480156183
  view-data: 0.39774912875145674
