times:
  landing: 0.5402766299999939
  view-data: 0.5502540520000139
