times:
  landing: 0.5468648080000094
  view-data: 0.5557413120000092
