times:
  edit-metadata: 1.4826210234314203
  landing: 0.8839263711124659
  view-data: 3.2893288619816303
