times:
  edit-metadata: 2.340324068441987
  landing: 1.3204045221209526
  view-data: 3.547260817140341
