times:
  edit-metadata: 1.960658174008131
  landing: 0.07397970370948315
  view-data: 1.171822550240904
