times:
  edit-metadata: 2.783427412970923
  landing: 0.04810039803851396
  view-data: 0.23460151196923107
