times:
  edit-metadata: 1.4301675073802471
  landing: 0.8932840675115585
  view-data: 3.62498065456748
