times:
  edit-metadata: 1.3261147681623697
  landing: 0.8102061320096254
  view-data: 0.6616481579840183
