times:
  landing: 0.5502980879999768
  view-data: 0.5635102260000053
