times:
  edit-metadata: 1.8968888358213007
  landing: 0.1321069118566811
  view-data: 0.49363550217822194
