times:
  edit-metadata: 1.3598876893520355
  landing: 0.9442953132092953
  view-data: 3.3817834574729204
