times:
  landing: 0.5471103539999831
  view-data: 0.5564229180000098
