times:
  edit-metadata: 1.3659909809939563
  landing: 0.04200052795931697
  view-data: 0.4209139905869961
