times:
  edit-metadata: 2.857257451862097
  landing: 0.04048274923115969
  view-data: 0.2564564892090857
