times:
  edit-metadata: 2.822046261280775
  landing: 0.12359579466283321
  view-data: 0.730688301846385
