times:
  landing: 0.5625973580000618
  view-data: 0.5664634339999566
