times:
  edit-metadata: 1.4418902955949306
  landing: 0.9435326643288136
  view-data: 0.7058437783271074
