times:
  edit-metadata: 4.036816233769059
  landing: 3.366826295852661
  view-data: 1.414393713697791
