times:
  edit-metadata: 1.5778675340116024
  landing: 1.004296313971281
  view-data: 3.408369392156601
