times:
  edit-metadata: 2.0585483289323747
  landing: 0.07550823176279664
  view-data: 0.3492365339770913
