times:
  landing: 1.1200888079999913
  view-data: 0.5541813699999807
