times:
  edit-metadata: 2.8522053132764995
  landing: 0.047952116932719946
  view-data: 0.26168370293453336
