times:
  edit-metadata: 4.458014941075817
  landing: 0.102877845056355
  view-data: 0.3203643308952451
