times:
  edit-metadata: 1.5241786040132865
  landing: 0.04882503004046157
  view-data: 0.4062445919844322
