times:
  edit-metadata: 1.3492140769958496
  landing: 0.051202583126723766
  view-data: 0.29278146708384156
