times:
  landing: 0.5413981279999689
  view-data: 0.044469390000017484
