times:
  edit-metadata: 2.3099759463220835
  landing: 0.01881437562406063
  view-data: 0.02602029126137495
