times:
  landing: 0.5494093259999886
  view-data: 0.5638395150000406
