times:
  edit-metadata: 2.5553832687437534
  landing: 0.11086438037455082
  view-data: 0.5552451070398092
