times:
  edit-metadata: 1.494790610158816
  landing: 0.04501283704303205
  view-data: 0.39061449584551156
