times:
  landing: 0.5543638590000342
  view-data: 0.5637156049999703
