times:
  edit-metadata: 1.470069382339716
  landing: 0.8982055746018887
  view-data: 3.320688748732209
