times:
  edit-metadata: 1.5498588129412383
  landing: 0.7936488520354033
  view-data: 3.301332333823666
