times:
  landing: 1.068958040000041
  view-data: 0.5566804279999928
