times:
  landing: 1.0726566640000215
  view-data: 0.5640251610000178
