times:
  edit-metadata: 3.91880108602345
  landing: 0.6388535108417273
  view-data: 0.4177405796945095
