times:
  edit-metadata: 3.5660469867289066
  landing: 0.04741627722978592
  view-data: 0.2891067862510681
