times:
  edit-metadata: 2.5025659427046776
  landing: 0.025832461193203926
  view-data: 0.6163296308368444
