times:
  edit-metadata: 2.9023278718814254
  landing: 0.04745540185831487
  view-data: 0.2547277300618589
