times:
  edit-metadata: 1.3482202859595418
  landing: 0.04267371725291014
  view-data: 0.2703842609189451
