times:
  edit-metadata: 1.7066324329935014
  landing: 0.0722396899946034
  view-data: 0.29319130908697844
