times:
  edit-metadata: 2.8843444450758398
  landing: 0.049825961235910654
  view-data: 0.26181098399683833
