times:
  edit-metadata: 4.897103471681476
  landing: 0.5922775492072105
  view-data: 0.26802248507738113
