times:
  landing: 1.5941506339999592
  view-data: 0.5660385580000025
