times:
  edit-metadata: 1.707575257998542
  landing: 0.044386453009792604
  view-data: 0.39842960199166555
