times:
  edit-metadata: 1.4275426639942452
  landing: 0.050118093960918486
  view-data: 0.3115733750164509
