times:
  edit-metadata: 1.4291882198303938
  landing: 0.9713391400873661
  view-data: 3.4001170471310616
