times:
  edit-metadata: 1.9944783421233296
  landing: 0.1435876921750605
  view-data: 0.3045480237342417
