times:
  edit-metadata: 5.105543641373515
  landing: 0.5039055850356817
  view-data: 0.29579070396721363
