times:
  edit-metadata: 2.7902856608852744
  landing: 0.041738255182281137
  view-data: 0.25908498000353575
