times:
  edit-metadata: 1.382250627502799
  landing: 0.050123087130486965
  view-data: 0.30285568069666624
