times:
  edit-metadata: 1.4963140678592026
  landing: 0.07139577087946236
  view-data: 0.40034956205636263
