times:
  edit-metadata: 4.236019967123866
  landing: 1.0908762514591217
  view-data: 0.7377282232046127
