times:
  edit-metadata: 3.0873997071757913
  landing: 0.06528029614128172
  view-data: 0.2965419681277126
