times:
  landing: 1.0737050540000155
  view-data: 0.5589607520000186
