times:
  edit-metadata: 1.5038702711462975
  landing: 0.9917690232396126
  view-data: 3.3886333517730236
