times:
  edit-metadata: 1.3556925915181637
  landing: 0.865824175067246
  view-data: 3.3803278170526028
