times:
  edit-metadata: 1.3710872605443
  landing: 0.054067875258624554
  view-data: 0.32504377234727144
