times:
  edit-metadata: 1.6083600521087646
  landing: 0.9352281019091606
  view-data: 3.3861260786652565
