times:
  edit-metadata: 1.318578764796257
  landing: 0.9653042815625668
  view-data: 3.3294934444129467
