times:
  edit-metadata: 2.413950089365244
  landing: 0.020153203047811985
  view-data: 0.10650500562041998
