times:
  edit-metadata: 1.3279057419858873
  landing: 0.04562115017324686
  view-data: 0.423512892331928
