times:
  edit-metadata: 1.3792072280775756
  landing: 0.07247821195051074
  view-data: 0.30516100698150694
