times:
  edit-metadata: 2.0805772431194782
  landing: 1.689298003911972
  view-data: 3.380847942084074
