times:
  edit-metadata: 1.2446173839271069
  landing: 0.8163162507116795
  view-data: 3.359362233430147
