times:
  edit-metadata: 2.1413630098104477
  landing: 1.0168971717357635
  view-data: 3.335587352514267
