times:
  edit-metadata: 1.474655875004828
  landing: 0.09692856203764677
  view-data: 0.3948958402033895
