times:
  edit-metadata: 4.912620313465595
  landing: 0.6092821359634399
  view-data: 0.36083694733679295
