times:
  edit-metadata: 1.666750111617148
  landing: 0.9176711402833462
  view-data: 3.333953815512359
