times:
  landing: 1.125705255000014
  view-data: 0.5725374029999557
