times:
  edit-metadata: 1.4083518609404564
  landing: 0.8326667100191116
  view-data: 3.3500238731503487
