times:
  edit-metadata: 3.000111942877993
  landing: 0.054307879880070686
  view-data: 0.30746682081371546
