times:
  edit-metadata: 2.292283780872822
  landing: 0.021118221804499626
  view-data: 0.5761612690985203
