times:
  edit-metadata: 3.9904491305351257
  landing: 0.9168666675686836
  view-data: 0.3880306240171194
