times:
  edit-metadata: 1.397116200067103
  landing: 0.9466500079724938
  view-data: 3.4275029671844095
