times:
  edit-metadata: 1.7789423577487469
  landing: 1.137792456895113
  view-data: 3.370391584932804
