times:
  landing: 1.120550277999996
  view-data: 0.5618198270000221
