times:
  edit-metadata: 2.465690903365612
  landing: 0.11419164761900902
  view-data: 0.02461833693087101
