times:
  edit-metadata: 1.409616807475686
  landing: 0.7873305585235357
  view-data: 3.417705489322543
