times:
  edit-metadata: 4.08455659262836
  landing: 0.5626534335315228
  view-data: 0.45675867423415184
