times:
  edit-metadata: 1.4681255165487528
  landing: 0.9764274936169386
  view-data: 3.400972807779908
