times:
  edit-metadata: 1.3326358711346984
  landing: 0.05043220892548561
  view-data: 0.32280914206057787
