times:
  edit-metadata: 2.8035791110014543
  landing: 0.041211182018741965
  view-data: 0.2314550649607554
