times:
  edit-metadata: 4.187125964090228
  landing: 0.5949236080050468
  view-data: 0.4136230070143938
