times:
  landing: 0.5579979579999872
  view-data: 0.5552831850000075
