times:
  landing: 0.552040838000039
  view-data: 0.560270492000086
