times:
  edit-metadata: 1.5902621373534203
  landing: 1.0877307243645191
  view-data: 3.3134678676724434
