times:
  edit-metadata: 2.280783746391535
  landing: 0.02305994275957346
  view-data: 0.12462105881422758
