times:
  edit-metadata: 1.4009096687659621
  landing: 0.9295809231698513
  view-data: 3.2928120447322726
