times:
  landing: 1.0768649080000046
  view-data: 0.552220176999981
