times:
  edit-metadata: 1.4626240767538548
  landing: 0.923871036618948
  view-data: 3.383720088750124
