times:
  landing: 0.5511225479999666
  view-data: 0.5701921129999619
