times:
  edit-metadata: 3.7437411956489086
  landing: 0.051500678062438965
  view-data: 0.32011300697922707
