times:
  edit-metadata: 1.3702075029723346
  landing: 0.050086155999451876
  view-data: 0.31792356027290225
