times:
  edit-metadata: 1.7955945529974997
  landing: 0.09419884099042974
  view-data: 0.3363855089992285
