times:
  edit-metadata: 1.4317159876227379
  landing: 0.7077179942280054
  view-data: 3.5430624168366194
