times:
  edit-metadata: 1.463774380972609
  landing: 0.8510908569442108
  view-data: 3.4266307110665366
