times:
  edit-metadata: 2.451725646853447
  landing: 1.5420147962868214
  view-data: 3.647638715803623
