times:
  landing: 0.5505992649999598
  view-data: 0.5628762509999206
