times:
  edit-metadata: 2.9100557339843363
  landing: 0.04301196010783315
  view-data: 0.2384108790429309
