times:
  edit-metadata: 2.9226877549663186
  landing: 0.05794209003215656
  view-data: 0.27220903703710064
