times:
  edit-metadata: 2.8381870470475405
  landing: 0.049725641030818224
  view-data: 0.2611239671241492
