times:
  edit-metadata: 2.6348280794918537
  landing: 0.26948678866028786
  view-data: 0.4653653297573328
