times:
  edit-metadata: 1.6183369527570903
  landing: 0.06339948531240225
  view-data: 0.28109835321083665
