times:
  edit-metadata: 4.028022766113281
  landing: 0.5608677919954062
  view-data: 0.33558522909879684
