times:
  edit-metadata: 2.4771344996988773
  landing: 0.2093681450933218
  view-data: 0.13750430662184954
