times:
  edit-metadata: 2.075432635843754
  landing: 1.120025234296918
  view-data: 3.3734693694859743
