times:
  edit-metadata: 4.033940868452191
  landing: 0.948910677805543
  view-data: 0.5273593887686729
