times:
  landing: 0.55649985499997
  view-data: 0.05476413799999591
