times:
  landing: 1.071106071000031
  view-data: 0.5541654140000105
