times:
  edit-metadata: 4.117252312600613
  landing: 0.5735794566571712
  view-data: 0.7456917110830545
