times:
  landing: 1.0655610580000143
  view-data: 0.5528663599999959
