times:
  edit-metadata: 1.647973284125328
  landing: 1.1113160252571106
  view-data: 3.330700647085905
