times:
  edit-metadata: 1.4697047304362059
  landing: 0.8760399054735899
  view-data: 0.6115443501621485
