times:
  edit-metadata: 1.362112750299275
  landing: 0.8119184197857976
  view-data: 3.4313927944749594
