times:
  edit-metadata: 2.4851470068097115
  landing: 0.11994983442127705
  view-data: 0.024863874539732933
