times:
  landing: 0.5506497489999447
  view-data: 0.5624445159999141
