times:
  landing: 0.5514199240000153
  view-data: 0.556958490999989
