times:
  edit-metadata: 1.9070057477802038
  landing: 0.9891588129103184
  view-data: 3.4943524822592735
