times:
  landing: 1.064727736000009
  view-data: 0.5581505740000239
