times:
  edit-metadata: 1.4754808298312128
  landing: 0.06467085983604193
  view-data: 0.559412557631731
