times:
  edit-metadata: 2.553761700168252
  landing: 0.023288575932383537
  view-data: 0.6273569576442242
