times:
  landing: 1.0830749100000503
  view-data: 0.5601185390000296
