times:
  edit-metadata: 2.361871737986803
  landing: 0.022756241261959076
  view-data: 0.48691249918192625
