times:
  edit-metadata: 2.503514349460602
  landing: 0.018094556406140327
  view-data: 0.4184629339724779
