times:
  landing: 0.5595026839999946
  view-data: 0.5676012650000075
