times:
  landing: 0.5783737749999887
  view-data: 0.5647682909999503
