times:
  landing: 0.5421334129999877
  view-data: 0.5497514589999923
