times:
  edit-metadata: 2.8563989399990533
  landing: 0.05098954999994021
  view-data: 0.2433646889985539
