times:
  edit-metadata: 1.3812450850382447
  landing: 0.06253193691372871
  view-data: 0.4012279538437724
