times:
  edit-metadata: 2.352517267689109
  landing: 0.019749590195715427
  view-data: 0.026636140421032906
