times:
  edit-metadata: 1.4324638799298555
  landing: 0.06096163298934698
  view-data: 0.2854160568676889
