times:
  edit-metadata: 1.4409103151410818
  landing: 0.9174192678183317
  view-data: 3.3455772045999765
