times:
  edit-metadata: 3.7813285440206528
  landing: 0.04352632164955139
  view-data: 0.3025544062256813
