times:
  edit-metadata: 1.8914552330970764
  landing: 1.2963848039507866
  view-data: 3.425278775393963
