times:
  edit-metadata: 2.3171759145334363
  landing: 0.21091536432504654
  view-data: 0.6823247792199254
