times:
  landing: 0.5394461979999505
  view-data: 0.5450170970000272
