times:
  edit-metadata: 2.121849875897169
  landing: 1.1148891597986221
  view-data: 3.4670171551406384
