times:
  edit-metadata: 2.844223789870739
  landing: 0.044816337525844574
  view-data: 0.2766449749469757
