times:
  edit-metadata: 1.5512553080916405
  landing: 1.1614798922091722
  view-data: 3.363513668999076
