times:
  edit-metadata: 3.7465431820601225
  landing: 0.6617577206343412
  view-data: 1.057009244337678
