times:
  edit-metadata: 2.367814039811492
  landing: 0.1935196788981557
  view-data: 0.09597016591578722
