times:
  edit-metadata: 2.9499937350628898
  landing: 0.0536112729460001
  view-data: 0.24477391107939184
