times:
  edit-metadata: 2.85532174189575
  landing: 0.04754484607838094
  view-data: 0.23910034587606788
