times:
  edit-metadata: 3.0011366843245924
  landing: 0.043069024570286274
  view-data: 0.2719130739569664
