times:
  edit-metadata: 2.2835911894217134
  landing: 0.01901031658053398
  view-data: 0.025206848047673702
