times:
  edit-metadata: 2.8070754893124104
  landing: 0.04358365712687373
  view-data: 0.2557880370877683
