times:
  landing: 0.5563320560000307
  view-data: 0.5602455499999905
