times:
  landing: 1.0771295680000321
  view-data: 0.5608588210000107
