times:
  edit-metadata: 1.323035669978708
  landing: 0.04250399116426706
  view-data: 0.25931251607835293
