times:
  edit-metadata: 2.8503380870679393
  landing: 0.04020220099482685
  view-data: 0.23941422090865672
