times:
  landing: 0.5477724660000263
  view-data: 0.5585093519999873
