times:
  landing: 0.5490087320000043
  view-data: 0.5600257720000172
