times:
  edit-metadata: 2.6597314439713955
  landing: 0.048227619379758835
  view-data: 0.024553608149290085
