times:
  edit-metadata: 2.4658032031729817
  landing: 0.022434094920754433
  view-data: 0.13559568766504526
