times:
  edit-metadata: 1.5492060836404562
  landing: 0.8705840110778809
  view-data: 3.3847794998437166
