times:
  edit-metadata: 1.7195294331759214
  landing: 1.1658979672938585
  view-data: 3.431043617427349
