times:
  edit-metadata: 4.224851908162236
  landing: 0.06488232687115669
  view-data: 0.32584269531071186
