times:
  edit-metadata: 1.366207669954747
  landing: 0.046542080119252205
  view-data: 0.2818578267470002
