times:
  edit-metadata: 2.9779869578778744
  landing: 0.2894861474633217
  view-data: 0.4531996604055166
