times:
  landing: 0.5482578460000127
  view-data: 0.5495543590000125
