times:
  edit-metadata: 4.089690450578928
  landing: 0.579227440059185
  view-data: 0.3325234856456518
