times:
  edit-metadata: 1.5699716145172715
  landing: 0.7855100119486451
  view-data: 3.410257339477539
