times:
  edit-metadata: 1.3888696394860744
  landing: 0.9823706280440092
  view-data: 3.320696046575904
