times:
  edit-metadata: 1.3656085999682546
  landing: 0.040815139189362526
  view-data: 0.3262980207800865
