times:
  edit-metadata: 1.5582436807453632
  landing: 5.296045757830143
  view-data: 3.361909434199333
