times:
  edit-metadata: 1.4457761161029339
  landing: 0.9136090911924839
  view-data: 3.311329308897257
