times:
  edit-metadata: 1.345573048107326
  landing: 0.041700104251503944
  view-data: 0.40889724530279636
