times:
  landing: 1.0662372009999785
  view-data: 1.0819807849999847
