times:
  landing: 0.5501067630000307
  view-data: 0.5597069250000004
