times:
  edit-metadata: 3.693811509758234
  landing: 0.04888616129755974
  view-data: 0.29729778319597244
