times:
  edit-metadata: 1.4002441391348839
  landing: 0.06289847800508142
  view-data: 0.2927668939810246
