times:
  edit-metadata: 1.4735288508236408
  landing: 1.1021136231720448
  view-data: 3.311864919960499
