times:
  edit-metadata: 4.093630718067288
  landing: 0.7937480844557285
  view-data: 0.5169443171471357
