times:
  edit-metadata: 3.7224201299250126
  landing: 0.039083801209926605
  view-data: 0.32957104593515396
