times:
  edit-metadata: 2.5618371311575174
  landing: 0.018865792080760002
  view-data: 0.02324702963232994
