times:
  landing: 0.549576376999994
  view-data: 0.5653622920000316
