times:
  edit-metadata: 2.8472056209575385
  landing: 0.04365021991543472
  view-data: 0.2380580329336226
