times:
  edit-metadata: 2.4490417959168553
  landing: 0.01948173064738512
  view-data: 0.1222322303801775
