times:
  landing: 1.063598006999996
  view-data: 0.5514644259999386
