times:
  edit-metadata: 2.5063626635819674
  landing: 1.7062903549522161
  view-data: 3.7637251559644938
