times:
  landing: 0.5528468539999949
  view-data: 0.5627749359999825
