times:
  edit-metadata: 3.0158431585878134
  landing: 0.12440833449363708
  view-data: 0.16811124049127102
