times:
  edit-metadata: 1.3687648721970618
  landing: 0.04419348202645779
  view-data: 0.26364043774083257
