times:
  edit-metadata: 2.486457969993353
  landing: 0.1409598644822836
  view-data: 0.36481672525405884
