times:
  edit-metadata: 2.8439871890004724
  landing: 0.04000373592134565
  view-data: 0.24657171906437725
