times:
  edit-metadata: 2.8966713149566203
  landing: 0.052726703928783536
  view-data: 0.39651998691260815
