times:
  edit-metadata: 3.7570142187178135
  landing: 0.040920089930295944
  view-data: 0.32794108986854553
