times:
  edit-metadata: 1.4455759099218994
  landing: 0.07661195402033627
  view-data: 0.5244758802000433
