times:
  edit-metadata: 1.5252445260994136
  landing: 0.8605462978594005
  view-data: 3.2732245849911124
