times:
  edit-metadata: 2.3886224227026105
  landing: 0.02492508292198181
  view-data: 0.1277692811563611
