times:
  edit-metadata: 1.8867003018967807
  landing: 0.1117538521066308
  view-data: 0.5323189287446439
