times:
  edit-metadata: 2.875662436010316
  landing: 0.04522508301306516
  view-data: 0.23732047498924658
