times:
  edit-metadata: 1.8196015292778611
  landing: 1.154222659766674
  view-data: 3.459433928132057
