times:
  edit-metadata: 1.3689775601960719
  landing: 0.04512835526838899
  view-data: 0.2707825871184468
