times:
  edit-metadata: 1.5845542773604393
  landing: 1.0071602398529649
  view-data: 3.274715745821595
