times:
  edit-metadata: 1.4817335866391659
  landing: 1.0144310854375362
  view-data: 3.317562397569418
