times:
  landing: 0.5544805350000388
  view-data: 0.5639138999999886
