times:
  edit-metadata: 2.3361377846449614
  landing: 0.019947748631238937
  view-data: 0.02403090801090002
