times:
  landing: 0.5687841320000189
  view-data: 0.5577832000000171
