times:
  landing: 1.0880911209999908
  view-data: 0.5626895279999644
