times:
  edit-metadata: 1.3688270412385464
  landing: 0.04290583590045571
  view-data: 0.29172236705198884
