times:
  edit-metadata: 4.0739524979144335
  landing: 1.1305298618972301
  view-data: 0.7396784778684378
