times:
  edit-metadata: 2.8146418050164357
  landing: 0.04039083101088181
  view-data: 0.23905039101373404
