times:
  edit-metadata: 2.8023535790853202
  landing: 0.05070327315479517
  view-data: 0.25242285523563623
