times:
  edit-metadata: 1.5886190619785339
  landing: 0.08667218097252771
  view-data: 0.4146994610200636
