times:
  landing: 0.5483835009999893
  view-data: 0.5556684839999662
