times:
  landing: 0.5566455400000336
  view-data: 0.5616221729999893
