times:
  edit-metadata: 1.3418327579274774
  landing: 0.8340991409495473
  view-data: 3.44150582421571
