times:
  edit-metadata: 2.3048833198845387
  landing: 0.020743862725794315
  view-data: 0.12061421200633049
