times:
  edit-metadata: 1.3631941569037735
  landing: 0.050829594023525715
  view-data: 0.2728644353337586
