times:
  edit-metadata: 2.3619072139263153
  landing: 0.19968143198639154
  view-data: 0.122688471339643
