times:
  edit-metadata: 1.5605054600164294
  landing: 0.045817488338798285
  view-data: 0.41026346618309617
