times:
  edit-metadata: 2.3134452681988478
  landing: 0.019326569512486458
  view-data: 0.1195946903899312
