times:
  edit-metadata: 2.1058093030005693
  landing: 1.3545292299240828
  view-data: 3.565232278779149
