times:
  edit-metadata: 2.2467461256310344
  landing: 1.3453778736293316
  view-data: 3.6287613855674863
