times:
  edit-metadata: 1.513538658618927
  landing: 0.06261298432946205
  view-data: 0.3066519810818136
