times:
  edit-metadata: 2.7971873189962935
  landing: 0.03938300602021627
  view-data: 0.2380431170167867
