times:
  landing: 0.5530245840000134
  view-data: 0.5632533849999959
