times:
  edit-metadata: 1.4228344130096957
  landing: 0.06806338904425502
  view-data: 0.3966933410265483
