times:
  edit-metadata: 1.5648903921246529
  landing: 0.9896919652819633
  view-data: 3.37524401396513
