times:
  landing: 1.0723380260000113
  view-data: 0.5610797820000357
