times:
  landing: 0.5509241540000005
  view-data: 0.5563669009999899
