times:
  edit-metadata: 2.3016907703131437
  landing: 0.21299738995730877
  view-data: 0.1245411466807127
