times:
  edit-metadata: 3.659970957785845
  landing: 0.04317853972315788
  view-data: 0.299222718924284
