times:
  edit-metadata: 1.4336402988992631
  landing: 0.0704628040548414
  view-data: 0.3051419851835817
