times:
  edit-metadata: 1.3205986302345991
  landing: 0.7394732218235731
  view-data: 3.3591015990823507
