times:
  edit-metadata: 2.9513692231848836
  landing: 0.04586105211637914
  view-data: 0.2880039541050792
