times:
  landing: 0.5614170740000191
  view-data: 0.5592285859999606
