times:
  edit-metadata: 3.1739908698946238
  landing: 0.3116339184343815
  view-data: 0.4382026270031929
