times:
  edit-metadata: 2.4444934278726578
  landing: 0.2054130993783474
  view-data: 0.4358358606696129
