times:
  edit-metadata: 1.4820409938693047
  landing: 0.8992726057767868
  view-data: 3.613434638828039
