times:
  edit-metadata: 2.5217241924256086
  landing: 0.13913285359740257
  view-data: 0.02412322349846363
