times:
  edit-metadata: 2.3249921118840575
  landing: 0.021227288991212845
  view-data: 0.12265915237367153
