times:
  edit-metadata: 1.8548379428684711
  landing: 1.3824712038040161
  view-data: 3.370195545256138
