times:
  edit-metadata: 2.4235153906047344
  landing: 0.020053342916071415
  view-data: 0.12102911714464426
