times:
  edit-metadata: 2.484047258272767
  landing: 0.11746658198535442
  view-data: 0.41029435954988003
