times:
  edit-metadata: 4.195752961561084
  landing: 0.04320535622537136
  view-data: 0.34345708414912224
