times:
  edit-metadata: 1.3212330001406372
  landing: 0.050622766837477684
  view-data: 0.2968430630862713
