times:
  landing: 1.1197822970000288
  view-data: 0.561483796999994
