times:
  edit-metadata: 1.4197287110146135
  landing: 0.06777651095762849
  view-data: 0.31458676408510655
