times:
  edit-metadata: 4.063998060300946
  landing: 0.583466649055481
  view-data: 0.3381007555872202
