times:
  landing: 1.0599194029999808
  view-data: 0.5456151360000092
