times:
  landing: 1.0744109060000255
  view-data: 0.5529908880000107
