times:
  landing: 0.552655854999955
  view-data: 0.5594213420000074
