times:
  edit-metadata: 6.939785556867719
  landing: 1.293175432831049
  view-data: 0.5537900924682617
