times:
  edit-metadata: 2.3105903398245573
  landing: 0.02063839230686426
  view-data: 0.12371686846017838
