times:
  edit-metadata: 2.282606321386993
  landing: 0.17904052510857582
  view-data: 0.02618917729705572
