times:
  edit-metadata: 3.1163987051695585
  landing: 0.0659470830578357
  view-data: 0.2582812951877713
