times:
  landing: 0.5493330080000192
  view-data: 0.5577841180000291
