times:
  edit-metadata: 4.327906307997182
  landing: 0.25298558600479737
  view-data: 0.6779925579903647
