times:
  edit-metadata: 1.4206723757088184
  landing: 0.9206271395087242
  view-data: 3.399340357631445
