times:
  landing: 0.6183081719998427
  view-data: 0.5531157850000454
