times:
  edit-metadata: 1.4845866607502103
  landing: 0.8806952578015625
  view-data: 3.371077991090715
