times:
  edit-metadata: 1.835318794939667
  landing: 0.9100153709296137
  view-data: 3.3047373639419675
