times:
  edit-metadata: 3.319061106070876
  landing: 1.5531213413923979
  view-data: 3.745386153459549
