times:
  edit-metadata: 1.1861716471612453
  landing: 0.9640240296721458
  view-data: 3.376411247998476
