times:
  edit-metadata: 5.128504792228341
  landing: 0.42074831388890743
  view-data: 0.4464830048382282
