times:
  landing: 1.071386830999927
  view-data: 0.5625455000000557
