times:
  edit-metadata: 2.5057889483869076
  landing: 0.019251182675361633
  view-data: 0.023243185132741928
