times:
  edit-metadata: 1.3792706318199635
  landing: 0.732776153832674
  view-data: 3.3439785689115524
