times:
  edit-metadata: 3.779778268188238
  landing: 0.6491338983178139
  view-data: 0.3163688760250807
