times:
  edit-metadata: 5.245181787759066
  landing: 0.6724933590739965
  view-data: 0.3941355850547552
