times:
  edit-metadata: 3.5323707424104214
  landing: 0.04170924797654152
  view-data: 0.31895189359784126
