times:
  edit-metadata: 2.46689994353801
  landing: 0.02297459077090025
  view-data: 0.12417265772819519
