times:
  landing: 0.5499854749999997
  view-data: 0.04631390400001578
