times:
  landing: 1.0602349170000025
  view-data: 0.544777847999967
