times:
  edit-metadata: 2.44715984351933
  landing: 0.020757339894771576
  view-data: 0.48779910802841187
