times:
  edit-metadata: 1.6312398910013144
  landing: 0.09961869700055104
  view-data: 0.33609911800158443
