times:
  edit-metadata: 2.8602453810162842
  landing: 0.04611792112700641
  view-data: 0.2798805700149387
