times:
  edit-metadata: 1.5320598189719021
  landing: 0.05266668298281729
  view-data: 0.4294435299234465
