times:
  edit-metadata: 1.4649581518024206
  landing: 0.8478948287665844
  view-data: 3.3155826553702354
