times:
  edit-metadata: 1.4261627495288849
  landing: 0.8968840017914772
  view-data: 3.279656557366252
