times:
  edit-metadata: 3.9737616926431656
  landing: 0.5869865380227566
  view-data: 0.5183442961424589
