times:
  edit-metadata: 2.652523346245289
  landing: 0.019387511536478996
  view-data: 0.023160694167017937
