times:
  edit-metadata: 1.4477070644497871
  landing: 0.9499133639037609
  view-data: 3.3791020028293133
