times:
  edit-metadata: 3.6738406866788864
  landing: 0.04526897519826889
  view-data: 0.3178723268210888
