times:
  edit-metadata: 2.9077501986175776
  landing: 0.0228570643812418
  view-data: 0.1601649485528469
