times:
  edit-metadata: 5.345487162470818
  landing: 1.415906023234129
  view-data: 0.6151712518185377
