times:
  edit-metadata: 1.320526815019548
  landing: 0.04087115731090307
  view-data: 0.2926534013822675
