times:
  edit-metadata: 5.048112055286765
  landing: 0.5950690433382988
  view-data: 0.6421597022563219
