times:
  edit-metadata: 1.5248244404792786
  landing: 1.091071268543601
  view-data: 3.5579563602805138
