times:
  edit-metadata: 1.4691695119836368
  landing: 0.05880990898003802
  view-data: 0.316071645996999
