times:
  edit-metadata: 1.4128468232229352
  landing: 0.9904776448383927
  view-data: 3.3217308316379786
