times:
  edit-metadata: 2.3577685551717877
  landing: 0.17380391061306
  view-data: 0.4640284087508917
