times:
  edit-metadata: 2.3437153100967407
  landing: 1.2915735132992268
  view-data: 3.4026316814124584
