times:
  edit-metadata: 1.3704915177077055
  landing: 0.04251838196069002
  view-data: 0.3051329720765352
