times:
  edit-metadata: 2.295008330605924
  landing: 0.020907601341605186
  view-data: 0.026778938248753548
