times:
  edit-metadata: 3.6922056190669537
  landing: 0.04624518007040024
  view-data: 0.3158825933933258
