times:
  edit-metadata: 1.5899263620376587
  landing: 0.9224310265854001
  view-data: 3.318252162076533
