times:
  edit-metadata: 3.838308757171035
  landing: 0.023018963634967804
  view-data: 0.02846129611134529
