times:
  edit-metadata: 3.9591784719377756
  landing: 0.5954932607710361
  view-data: 0.42870594188570976
