times:
  edit-metadata: 1.6636981293559074
  landing: 1.1281983740627766
  view-data: 3.353068619966507
