times:
  edit-metadata: 2.3549636574462056
  landing: 0.18045789282768965
  view-data: 0.026748478412628174
