times:
  landing: 0.5546922650000283
  view-data: 0.5567736510000145
