times:
  edit-metadata: 1.4641356193460524
  landing: 0.8222644748166203
  view-data: 3.3694906583987176
