times:
  edit-metadata: 2.6730971802026033
  landing: 0.20709560252726078
  view-data: 0.026065824553370476
