times:
  edit-metadata: 1.3801375348120928
  landing: 0.04250022862106562
  view-data: 0.3102222988381982
