times:
  edit-metadata: 1.7429773100011516
  landing: 0.08759755498613231
  view-data: 0.360663146013394
