times:
  edit-metadata: 4.2330451449379325
  landing: 0.2222706638276577
  view-data: 0.6466505425050855
