times:
  edit-metadata: 2.5706349536776543
  landing: 0.021245356649160385
  view-data: 0.4558405727148056
