times:
  edit-metadata: 1.3681854978203773
  landing: 0.9149208292365074
  view-data: 3.2804885916411877
