times:
  edit-metadata: 1.5445666555315256
  landing: 1.0746396984905005
  view-data: 3.5991878993809223
