times:
  edit-metadata: 4.149850070476532
  landing: 1.5535828322172165
  view-data: 3.465200636535883
