times:
  edit-metadata: 2.362885777838528
  landing: 0.189294945448637
  view-data: 0.027819332666695118
