times:
  edit-metadata: 1.3691908488981426
  landing: 0.040612644981592894
  view-data: 0.37728067860007286
