times:
  edit-metadata: 3.741227775812149
  landing: 0.052083536982536316
  view-data: 0.31855277717113495
