times:
  edit-metadata: 1.4022106968332082
  landing: 0.0708560268394649
  view-data: 0.3079243050888181
