times:
  edit-metadata: 1.5231635659001768
  landing: 1.0957629450131208
  view-data: 3.332274684915319
