times:
  edit-metadata: 1.8697109217755497
  landing: 0.13874141685664654
  view-data: 0.4416576186195016
