times:
  edit-metadata: 1.4990777894854546
  landing: 1.047998696565628
  view-data: 3.3526078443974257
