times:
  edit-metadata: 2.4351031370460987
  landing: 0.019783237017691135
  view-data: 0.5080467322841287
