times:
  edit-metadata: 1.4139996692538261
  landing: 0.765705332159996
  view-data: 3.5240934565663338
