times:
  edit-metadata: 1.8649598732590675
  landing: 1.216111697256565
  view-data: 3.7006934136152267
