times:
  edit-metadata: 1.4662530571222305
  landing: 1.1919550970196724
  view-data: 3.4608659520745277
