times:
  edit-metadata: 1.4680083319544792
  landing: 0.868156760931015
  view-data: 3.3116977885365486
