times:
  edit-metadata: 2.0232508778572083
  landing: 1.2319315448403358
  view-data: 3.4517717212438583
