times:
  edit-metadata: 2.005231760442257
  landing: 1.3699020892381668
  view-data: 3.5296672210097313
