times:
  edit-metadata: 1.8659071251749992
  landing: 1.1822920739650726
  view-data: 3.919547885656357
