times:
  edit-metadata: 1.5238520130515099
  landing: 0.7662839069962502
  view-data: 3.5097108632326126
