times:
  edit-metadata: 1.5521205589175224
  landing: 0.9266620725393295
  view-data: 3.3337455093860626
