times:
  edit-metadata: 2.4010487273335457
  landing: 1.7479260712862015
  view-data: 3.601168118417263
