times:
  edit-metadata: 1.4184617921710014
  landing: 0.8042754903435707
  view-data: 3.269709639251232
