times:
  edit-metadata: 1.3739116415381432
  landing: 0.7428326457738876
  view-data: 3.5070784464478493
