times:
  edit-metadata: 1.4591061919927597
  landing: 0.7953582927584648
  view-data: 3.601675920188427
