times:
  edit-metadata: 1.4159589186310768
  landing: 0.7307999283075333
  view-data: 3.553120121359825
