times:
  edit-metadata: 1.5023334175348282
  landing: 1.0720026567578316
  view-data: 3.5348330438137054
