times:
  edit-metadata: 1.3855172991752625
  landing: 0.8532542064785957
  view-data: 3.524315223097801
