times:
  edit-metadata: 1.4194679036736488
  landing: 0.8098044544458389
  view-data: 3.4287388250231743
