times:
  edit-metadata: 1.4901729375123978
  landing: 0.77188740670681
  view-data: 3.5134787783026695
