times:
  edit-metadata: 1.5051248371601105
  landing: 0.8307346105575562
  view-data: 3.3311830312013626
