times:
  edit-metadata: 1.3220938667654991
  landing: 0.7192228734493256
  view-data: 3.554944545030594
