times:
  edit-metadata: 1.4823025241494179
  landing: 0.8821411430835724
  view-data: 3.4305559545755386
