times:
  edit-metadata: 1.3769225850701332
  landing: 0.8214292302727699
  view-data: 3.4114541709423065
