times:
  edit-metadata: 1.7606504335999489
  landing: 0.7798160091042519
  view-data: 3.645646259188652
