times:
  edit-metadata: 1.3902904465794563
  landing: 0.7721476554870605
  view-data: 3.2570330426096916
