times:
  edit-metadata: 1.3261935859918594
  landing: 0.8176319301128387
  view-data: 3.5030431747436523
