times:
  edit-metadata: 1.3441922590136528
  landing: 0.7752259597182274
  view-data: 3.4644598364830017
