times:
  edit-metadata: 1.3653519600629807
  landing: 0.7539502307772636
  view-data: 3.458299718797207
