times:
  edit-metadata: 1.4191705361008644
  landing: 0.7928665280342102
  view-data: 3.490159757435322
