times:
  edit-metadata: 1.4494392052292824
  landing: 1.0102382451295853
  view-data: 3.3229158893227577
