times:
  edit-metadata: 1.4678469449281693
  landing: 0.7652853652834892
  view-data: 3.5115633085370064
