times:
  edit-metadata: 1.4455012753605843
  landing: 0.7413802817463875
  view-data: 3.5193397402763367
