times:
  edit-metadata: 1.4370626509189606
  landing: 0.8793304413557053
  view-data: 3.3966752365231514
