times:
  edit-metadata: 1.4956929683685303
  landing: 0.7662473618984222
  view-data: 3.5452983677387238
