times:
  edit-metadata: 1.4767984971404076
  landing: 0.7388105019927025
  view-data: 3.5403719693422318
