times:
  edit-metadata: 1.5149429440498352
  landing: 0.8344813659787178
  view-data: 3.477994419634342
