times:
  edit-metadata: 1.3643286228179932
  landing: 0.8834338784217834
  view-data: 3.5745178535580635
