times:
  edit-metadata: 1.328421451151371
  landing: 0.7633942738175392
  view-data: 0.5385839268565178
