times:
  edit-metadata: 1.4452960938215256
  landing: 0.7517729476094246
  view-data: 3.252874970436096
