times:
  edit-metadata: 1.8807408660650253
  landing: 1.124040387570858
  view-data: 3.5148500204086304
