times:
  edit-metadata: 1.439891256392002
  landing: 0.7281664088368416
  view-data: 3.4827522560954094
