times:
  edit-metadata: 1.4754919037222862
  landing: 0.7950689643621445
  view-data: 3.4892787858843803
