times:
  edit-metadata: 1.5239511206746101
  landing: 0.8108325079083443
  view-data: 3.56020700186491
