times:
  edit-metadata: 1.2934342473745346
  landing: 0.859381876885891
  view-data: 3.7174555957317352
