times:
  edit-metadata: 1.5227042436599731
  landing: 1.046143263578415
  view-data: 3.385681353509426
