times:
  edit-metadata: 1.3866390138864517
  landing: 0.8138028904795647
  view-data: 3.4319890961050987
