times:
  edit-metadata: 1.9292465522885323
  landing: 1.1608283445239067
  view-data: 3.6180929765105247
