times:
  edit-metadata: 1.584643691778183
  landing: 0.8644384369254112
  view-data: 3.565090373158455
