times:
  edit-metadata: 1.3898283615708351
  landing: 0.78957200050354
  view-data: 3.3184042051434517
