times:
  edit-metadata: 1.4882285222411156
  landing: 0.7872278615832329
  view-data: 3.4895539730787277
