times:
  edit-metadata: 1.5119794830679893
  landing: 0.8219451010227203
  view-data: 3.310070477426052
