times:
  edit-metadata: 1.384638488292694
  landing: 0.7497874945402145
  view-data: 3.45648043602705
