times:
  edit-metadata: 1.3648316338658333
  landing: 0.7777018025517464
  view-data: 3.531713791191578
