times:
  edit-metadata: 1.452639676630497
  landing: 0.7834339216351509
  view-data: 3.4509848579764366
