times:
  edit-metadata: 1.5001831576228142
  landing: 0.8797969594597816
  view-data: 3.3166704550385475
