times:
  edit-metadata: 1.3494703620672226
  landing: 0.7901764437556267
  view-data: 3.4608490839600563
