times:
  edit-metadata: 1.4817330241203308
  landing: 0.8514929190278053
  view-data: 3.3412680476903915
