times:
  edit-metadata: 1.3748728930950165
  landing: 0.7754696160554886
  view-data: 3.4092149659991264
