times:
  edit-metadata: 1.502229318022728
  landing: 0.8269418254494667
  view-data: 3.4072734490036964
