times:
  edit-metadata: 1.4581539705395699
  landing: 0.9053243920207024
  view-data: 3.324476607143879
