times:
  edit-metadata: 2.2261865213513374
  landing: 1.111213080585003
  view-data: 3.5534816682338715
