times:
  edit-metadata: 1.47705689817667
  landing: 0.8688362836837769
  view-data: 3.5546635314822197
