times:
  edit-metadata: 1.5471787601709366
  landing: 0.8665926605463028
  view-data: 3.306486316025257
