times:
  edit-metadata: 1.402798369526863
  landing: 0.8016981407999992
  view-data: 3.3180856183171272
