times:
  edit-metadata: 1.398090772330761
  landing: 0.7119495719671249
  view-data: 3.4850191175937653
