times:
  edit-metadata: 1.8862123861908913
  landing: 1.1183502823114395
  view-data: 3.3781172931194305
