times:
  edit-metadata: 1.5890204086899757
  landing: 0.7230892851948738
  view-data: 3.396901063621044
