times:
  edit-metadata: 1.7482182309031487
  landing: 1.0563720166683197
  view-data: 3.757387697696686
