times:
  edit-metadata: 1.3451941087841988
  landing: 0.8045450448989868
  view-data: 3.4918304830789566
