times:
  edit-metadata: 1.3979068249464035
  landing: 0.8065618425607681
  view-data: 3.4933667182922363
