times:
  edit-metadata: 1.5325211435556412
  landing: 0.7565221190452576
  view-data: 3.368282102048397
