times:
  edit-metadata: 1.359133929014206
  landing: 0.8242431282997131
  view-data: 3.5203921869397163
