times:
  edit-metadata: 1.4325368106365204
  landing: 0.8026552125811577
  view-data: 3.5479776933789253
