times:
  edit-metadata: 1.3313903659582138
  landing: 0.7561420723795891
  view-data: 3.507002018392086
