times:
  edit-metadata: 1.4408668652176857
  landing: 0.743848517537117
  view-data: 3.5596740767359734
