times:
  edit-metadata: 1.4489033669233322
  landing: 0.823709562420845
  view-data: 3.4926721304655075
