times:
  edit-metadata: 1.4251942932605743
  landing: 0.767946794629097
  view-data: 3.4489249885082245
