times:
  edit-metadata: 1.498549073934555
  landing: 0.8291870653629303
  view-data: 3.3715224862098694
