times:
  edit-metadata: 1.3953895643353462
  landing: 0.8071574792265892
  view-data: 3.410420633852482
