times:
  edit-metadata: 1.4103875681757927
  landing: 0.8814046904444695
  view-data: 3.417657859623432
