times:
  edit-metadata: 1.5119738206267357
  landing: 0.7320942431688309
  view-data: 3.4726441353559494
