times:
  edit-metadata: 1.4422156289219856
  landing: 0.8137343972921371
  view-data: 3.4056039601564407
