times:
  edit-metadata: 1.8113045170903206
  landing: 1.6899155378341675
  view-data: 3.5468793362379074
