times:
  edit-metadata: 1.4510184600949287
  landing: 0.744103416800499
  view-data: 3.4402416422963142
