times:
  edit-metadata: 1.362051047384739
  landing: 0.7960582077503204
  view-data: 3.511321596801281
