times:
  edit-metadata: 1.5719475448131561
  landing: 0.7656458020210266
  view-data: 3.3969471380114555
