times:
  edit-metadata: 1.4389018192887306
  landing: 0.7606881335377693
  view-data: 3.4879712611436844
