times:
  edit-metadata: 1.4373381808400154
  landing: 0.7733990401029587
  view-data: 3.5615569576621056
