times:
  edit-metadata: 1.4234829246997833
  landing: 0.7571180909872055
  view-data: 3.5383162945508957
