times:
  edit-metadata: 1.244960255920887
  landing: 0.7566254287958145
  view-data: 3.5351022705435753
