times:
  edit-metadata: 1.4517522975802422
  landing: 0.7282790467143059
  view-data: 3.582164168357849
