times:
  edit-metadata: 1.4840506985783577
  landing: 0.8942675814032555
  view-data: 3.5568530932068825
