times:
  edit-metadata: 1.361525945365429
  landing: 0.8305247947573662
  view-data: 3.4582358226180077
