times:
  edit-metadata: 2.095725990831852
  landing: 1.2326465025544167
  view-data: 3.4974300637841225
