times:
  edit-metadata: 1.5901532173156738
  landing: 0.9252110198140144
  view-data: 3.427108682692051
