times:
  edit-metadata: 1.520112730562687
  landing: 0.895224079489708
  view-data: 3.4661820456385612
