times:
  edit-metadata: 1.5474673882126808
  landing: 0.9087611809372902
  view-data: 3.411465160548687
