times:
  edit-metadata: 1.5247888341546059
  landing: 0.8380428776144981
  view-data: 3.5116790756583214
