times:
  edit-metadata: 1.4814316257834435
  landing: 0.8622972145676613
  view-data: 3.5116985589265823
