times:
  edit-metadata: 1.4392890855669975
  landing: 0.8757467716932297
  view-data: 3.425838530063629
