times:
  edit-metadata: 1.4037814438343048
  landing: 0.802345335483551
  view-data: 3.359402224421501
