times:
  edit-metadata: 1.3188125863671303
  landing: 0.7673389539122581
  view-data: 3.4816327318549156
