times:
  edit-metadata: 1.4104629158973694
  landing: 0.7228236272931099
  view-data: 3.4158952981233597
