times:
  edit-metadata: 1.562085174024105
  landing: 0.9571726992726326
  view-data: 3.504067897796631
