times:
  edit-metadata: 1.539734348654747
  landing: 0.9054805487394333
  view-data: 3.415892407298088
