times:
  edit-metadata: 1.505410596728325
  landing: 0.92502511292696
  view-data: 3.4584129452705383
