times:
  edit-metadata: 1.5119608491659164
  landing: 0.7866223528981209
  view-data: 3.450618453323841
