times:
  edit-metadata: 1.5581968799233437
  landing: 0.9024774804711342
  view-data: 3.520074963569641
