times:
  edit-metadata: 1.487570121884346
  landing: 0.8209790885448456
  view-data: 3.4681491404771805
