times:
  edit-metadata: 1.4010766968131065
  landing: 0.8734325394034386
  view-data: 3.440334841609001
