times:
  edit-metadata: 1.5460712611675262
  landing: 0.876276895403862
  view-data: 3.4962122663855553
