times:
  edit-metadata: 1.6890688613057137
  landing: 0.8767137750983238
  view-data: 3.3589854165911674
