times:
  edit-metadata: 1.7313215658068657
  landing: 0.965456485748291
  view-data: 3.480796419084072
