times:
  edit-metadata: 1.525188848376274
  landing: 0.7764143124222755
  view-data: 3.5234893187880516
