times:
  edit-metadata: 1.7121840342879295
  landing: 1.1042525544762611
  view-data: 3.4817541390657425
