times:
  edit-metadata: 1.534716933965683
  landing: 0.843523845076561
  view-data: 3.439429685473442
