times:
  edit-metadata: 1.5905668213963509
  landing: 1.1994902417063713
  view-data: 3.5682867020368576
