times:
  edit-metadata: 1.5094384849071503
  landing: 0.976316399872303
  view-data: 3.4322159811854362
