times:
  edit-metadata: 1.5231074467301369
  landing: 0.819257415831089
  view-data: 3.4669152051210403
