times:
  edit-metadata: 1.6327647492289543
  landing: 0.846146434545517
  view-data: 3.625809036195278
