times:
  edit-metadata: 1.444895714521408
  landing: 0.9325617551803589
  view-data: 3.530173681676388
