times:
  edit-metadata: 1.6024925336241722
  landing: 0.8536404892802238
  view-data: 3.5091652497649193
