times:
  edit-metadata: 1.5551715046167374
  landing: 0.9794474169611931
  view-data: 3.490384064614773
