times:
  edit-metadata: 1.498918130993843
  landing: 0.9203486442565918
  view-data: 3.472839705646038
