times:
  edit-metadata: 1.5183501318097115
  landing: 0.8363775014877319
  view-data: 3.523203492164612
