times:
  edit-metadata: 1.414632797241211
  landing: 0.9256137982010841
  view-data: 3.3931813836097717
