times:
  edit-metadata: 1.4949174672365189
  landing: 0.8817389383912086
  view-data: 3.551915131509304
