times:
  edit-metadata: 2.87008523195982
  landing: 1.2197079584002495
  view-data: 3.435714617371559
