times:
  edit-metadata: 1.4268328845500946
  landing: 0.9344953522086143
  view-data: 3.404788337647915
