times:
  edit-metadata: 1.4271501451730728
  landing: 0.7463156208395958
  view-data: 3.430670514702797
