times:
  edit-metadata: 1.6556990295648575
  landing: 0.8564809784293175
  view-data: 3.4424769654870033
