times:
  edit-metadata: 1.55615895986557
  landing: 0.7934823483228683
  view-data: 3.451527714729309
