times:
  edit-metadata: 1.6031073406338692
  landing: 1.029959313571453
  view-data: 3.4769798144698143
