times:
  edit-metadata: 1.755517192184925
  landing: 1.1440802663564682
  view-data: 3.4471596628427505
