times:
  edit-metadata: 1.5121136903762817
  landing: 0.8535998836159706
  view-data: 3.4615124613046646
