times:
  edit-metadata: 1.504988357424736
  landing: 0.7962020114064217
  view-data: 3.4168489202857018
