times:
  edit-metadata: 1.6905293241143227
  landing: 0.8169040605425835
  view-data: 3.6077055782079697
