times:
  edit-metadata: 1.6639005318284035
  landing: 0.9765854254364967
  view-data: 3.466051295399666
