times:
  edit-metadata: 1.5426154881715775
  landing: 0.8365690484642982
  view-data: 3.553827166557312
