times:
  edit-metadata: 1.5842432379722595
  landing: 0.7932889610528946
  view-data: 3.2966496273875237
