times:
  edit-metadata: 1.5076027512550354
  landing: 0.8045720756053925
  view-data: 3.4739222079515457
