times:
  edit-metadata: 1.6521244421601295
  landing: 0.993905633687973
  view-data: 3.6274663656949997
