times:
  edit-metadata: 1.4961142614483833
  landing: 0.8602914363145828
  view-data: 3.5044031143188477
