times:
  edit-metadata: 1.4993721172213554
  landing: 0.9983675330877304
  view-data: 3.499494254589081
