times:
  edit-metadata: 1.5829689651727676
  landing: 0.8838760256767273
  view-data: 3.58469620347023
