times:
  edit-metadata: 1.6428368091583252
  landing: 1.0076948255300522
  view-data: 3.7243487015366554
