times:
  edit-metadata: 1.5446571707725525
  landing: 0.8731439635157585
  view-data: 3.445014551281929
