times:
  edit-metadata: 1.4530025720596313
  landing: 0.85638078302145
  view-data: 3.394565649330616
