times:
  edit-metadata: 2.352258287370205
  landing: 0.8963054865598679
  view-data: 3.4953183382749557
