times:
  edit-metadata: 1.5883598327636719
  landing: 0.8572764843702316
  view-data: 3.522944360971451
