times:
  edit-metadata: 1.6387684494256973
  landing: 0.8108630627393723
  view-data: 3.455626055598259
