times:
  edit-metadata: 1.5019067749381065
  landing: 0.8876285254955292
  view-data: 3.4955280497670174
