times:
  edit-metadata: 1.5933376476168633
  landing: 0.9101450368762016
  view-data: 3.5454442128539085
