times:
  edit-metadata: 1.5612921491265297
  landing: 0.8256180807948112
  view-data: 3.5135066136717796
