times:
  edit-metadata: 1.447968803346157
  landing: 0.9252117425203323
  view-data: 3.4780104532837868
