times:
  edit-metadata: 1.3778033703565598
  landing: 0.7581319436430931
  view-data: 3.330555021762848
