times:
  edit-metadata: 1.593095488846302
  landing: 0.9092219769954681
  view-data: 3.5691270157694817
