times:
  edit-metadata: 1.4579760879278183
  landing: 0.872311070561409
  view-data: 3.449933923780918
