times:
  edit-metadata: 1.5477718263864517
  landing: 0.8748425915837288
  view-data: 3.4504313617944717
