times:
  edit-metadata: 1.4829723462462425
  landing: 0.8371604755520821
  view-data: 3.4741612374782562
