times:
  edit-metadata: 1.8115875869989395
  landing: 1.0526233613491058
  view-data: 3.7083279341459274
