times:
  edit-metadata: 1.6100788563489914
  landing: 0.8455538973212242
  view-data: 3.5251583755016327
