times:
  edit-metadata: 1.4272666797041893
  landing: 0.7939164079725742
  view-data: 3.3708264157176018
