times:
  edit-metadata: 1.7243970856070518
  landing: 0.7946899905800819
  view-data: 3.3475255966186523
