times:
  edit-metadata: 1.4538504034280777
  landing: 0.8362175673246384
  view-data: 3.523316726088524
