times:
  edit-metadata: 1.474855825304985
  landing: 0.8506140410900116
  view-data: 3.2703726664185524
