times:
  edit-metadata: 1.5411295183002949
  landing: 0.9538914747536182
  view-data: 3.4042994901537895
