times:
  edit-metadata: 1.3819559402763844
  landing: 0.8070699572563171
  view-data: 3.387494456022978
