times:
  edit-metadata: 1.507278934121132
  landing: 0.7658291906118393
  view-data: 3.461771957576275
