times:
  edit-metadata: 1.5219586044549942
  landing: 0.8169882446527481
  view-data: 3.5084429010748863
