times:
  edit-metadata: 1.5472324714064598
  landing: 1.003420777618885
  view-data: 3.633820489048958
