times:
  edit-metadata: 1.5526505336165428
  landing: 0.8311070278286934
  view-data: 3.527293547987938
