times:
  edit-metadata: 1.7991338670253754
  landing: 0.7995728254318237
  view-data: 3.5171572789549828
