times:
  edit-metadata: 1.51992217451334
  landing: 0.7420543804764748
  view-data: 3.529771126806736
