times:
  edit-metadata: 1.5375928580760956
  landing: 0.8101473301649094
  view-data: 3.4452337101101875
