times:
  edit-metadata: 2.2499512881040573
  landing: 1.3125502057373524
  view-data: 3.4833177104592323
