times:
  edit-metadata: 1.4542587026953697
  landing: 0.7486243471503258
  view-data: 3.462383709847927
