times:
  edit-metadata: 1.7420233190059662
  landing: 0.8727772980928421
  view-data: 3.5545037984848022
