times:
  edit-metadata: 1.4407784193754196
  landing: 0.7969197742640972
  view-data: 3.304556891322136
