times:
  edit-metadata: 1.42982666939497
  landing: 0.8753507807850838
  view-data: 3.507735662162304
