times:
  edit-metadata: 1.6165857538580894
  landing: 0.7994676530361176
  view-data: 3.568716913461685
