times:
  edit-metadata: 1.545359741896391
  landing: 0.8987581171095371
  view-data: 3.3101453073322773
