times:
  edit-metadata: 2.9956131875514984
  landing: 1.7160092666745186
  view-data: 4.1950675174593925
