times:
  edit-metadata: 1.4329432547092438
  landing: 0.7692665010690689
  view-data: 3.401370532810688
