times:
  edit-metadata: 2.194930389523506
  landing: 0.8840157985687256
  view-data: 3.6576878875494003
