times:
  edit-metadata: 2.2499079182744026
  landing: 1.248239941895008
  view-data: 3.5116974115371704
