times:
  edit-metadata: 1.4573893323540688
  landing: 0.822088748216629
  view-data: 3.327620141208172
