times:
  edit-metadata: 1.5065884366631508
  landing: 1.0840002074837685
  view-data: 3.558967135846615
