times:
  edit-metadata: 1.463756237179041
  landing: 0.8230438753962517
  view-data: 3.3069114349782467
