times:
  edit-metadata: 1.6680070087313652
  landing: 1.0443437695503235
  view-data: 3.599269352853298
