times:
  edit-metadata: 1.4616144932806492
  landing: 0.7905664257705212
  view-data: 3.2770910933613777
