times:
  edit-metadata: 1.4269300550222397
  landing: 1.0338984951376915
  view-data: 3.5209399461746216
