times:
  edit-metadata: 1.5073330327868462
  landing: 0.8417673036456108
  view-data: 3.2773985862731934
