times:
  edit-metadata: 1.4392248913645744
  landing: 0.9900173023343086
  view-data: 3.5993060618638992
