times:
  edit-metadata: 1.4751061126589775
  landing: 0.7595674395561218
  view-data: 3.4088305681943893
