times:
  edit-metadata: 1.4879301115870476
  landing: 0.8020022921264172
  view-data: 3.285660222172737
