times:
  edit-metadata: 1.4553393609821796
  landing: 0.9004512317478657
  view-data: 3.2703156508505344
