times:
  edit-metadata: 1.7944298088550568
  landing: 1.2378018274903297
  view-data: 3.3131772950291634
