times:
  edit-metadata: 2.064085341989994
  landing: 1.2245724722743034
  view-data: 3.39643831551075
