times:
  edit-metadata: 2.6622417345643044
  landing: 1.9392376579344273
  view-data: 3.6485163792967796
