times:
  edit-metadata: 1.5068807303905487
  landing: 1.273196004331112
  view-data: 3.6058851554989815
