times:
  edit-metadata: 1.4947349950671196
  landing: 0.7713951468467712
  view-data: 3.553787797689438
