times:
  edit-metadata: 1.4333993010222912
  landing: 0.9498119503259659
  view-data: 3.258460510522127
