times:
  edit-metadata: 1.4677372761070728
  landing: 0.8031818009912968
  view-data: 3.344502367079258
