times:
  edit-metadata: 1.5368936583399773
  landing: 0.8090942651033401
  view-data: 3.460934303700924
