times:
  edit-metadata: 1.473184771835804
  landing: 0.8829845935106277
  view-data: 3.4730565696954727
