times:
  edit-metadata: 1.6632404327392578
  landing: 0.9729096964001656
  view-data: 3.347225099802017
