times:
  edit-metadata: 1.4036696925759315
  landing: 0.8859574645757675
  view-data: 3.3316600546240807
