times:
  edit-metadata: 1.439846359193325
  landing: 1.0076688677072525
  view-data: 3.5025708600878716
