times:
  edit-metadata: 1.9006967544555664
  landing: 0.7334315106272697
  view-data: 3.470091365277767
