times:
  edit-metadata: 1.8084114789962769
  landing: 1.209249384701252
  view-data: 3.32309328019619
