times:
  edit-metadata: 1.502347581088543
  landing: 0.9255123361945152
  view-data: 3.35683361813426
