times:
  edit-metadata: 1.7891041040420532
  landing: 1.1181161478161812
  view-data: 3.578398995101452
