times:
  edit-metadata: 1.518226146697998
  landing: 0.8861628770828247
  view-data: 3.593949794769287
