times:
  edit-metadata: 1.6445884481072426
  landing: 0.9084162786602974
  view-data: 3.3644083812832832
