times:
  edit-metadata: 1.490415446460247
  landing: 0.8421031758189201
  view-data: 3.2996040359139442
