times:
  edit-metadata: 2.096004731953144
  landing: 1.2840939983725548
  view-data: 3.4547786489129066
