times:
  edit-metadata: 1.6796639151871204
  landing: 1.0720664113759995
  view-data: 3.329459697008133
