times:
  edit-metadata: 1.469405397772789
  landing: 0.779732458293438
  view-data: 3.617009662091732
