times:
  edit-metadata: 1.4548130556941032
  landing: 0.9225601851940155
  view-data: 3.4636466428637505
