times:
  edit-metadata: 1.4309245683252811
  landing: 0.8919243291020393
  view-data: 3.3046262450516224
