times:
  edit-metadata: 1.5303175896406174
  landing: 1.0962383076548576
  view-data: 3.2994381710886955
