times:
  edit-metadata: 1.443532444536686
  landing: 0.8268477246165276
  view-data: 3.48438274115324
