times:
  edit-metadata: 1.5019340962171555
  landing: 0.9414671212434769
  view-data: 3.284628864377737
