times:
  edit-metadata: 1.5045145601034164
  landing: 0.7134245112538338
  view-data: 3.5571808144450188
