times:
  edit-metadata: 1.6609463542699814
  landing: 0.7228406518697739
  view-data: 3.5257433652877808
