times:
  edit-metadata: 1.6733844093978405
  landing: 0.8998303078114986
  view-data: 3.2945022955536842
