times:
  edit-metadata: 1.5317254327237606
  landing: 0.9078389629721642
  view-data: 3.2803923040628433
