times:
  edit-metadata: 1.3866287618875504
  landing: 0.7660484164953232
  view-data: 3.3670044243335724
