times:
  edit-metadata: 1.522753357887268
  landing: 0.8158540576696396
  view-data: 3.496438965201378
