times:
  edit-metadata: 2.604060634970665
  landing: 1.554888755083084
  view-data: 3.4788832515478134
