times:
  edit-metadata: 1.50046406686306
  landing: 0.7989735901355743
  view-data: 3.5470929592847824
