times:
  edit-metadata: 1.4841230288147926
  landing: 0.9215818457305431
  view-data: 3.3553456030786037
