times:
  edit-metadata: 1.4431113041937351
  landing: 0.7674286663532257
  view-data: 3.373664576560259
