times:
  edit-metadata: 1.8273930177092552
  landing: 1.0530491136014462
  view-data: 3.3207487128674984
