times:
  edit-metadata: 1.9468523263931274
  landing: 0.9362319335341454
  view-data: 3.6776342689990997
