times:
  edit-metadata: 1.41575201228261
  landing: 0.810700498521328
  view-data: 3.334860499948263
