times:
  edit-metadata: 1.419255517423153
  landing: 0.7707275114953518
  view-data: 3.2828223444521427
