times:
  edit-metadata: 1.4692054353654385
  landing: 0.9659158885478973
  view-data: 3.393499657511711
