times:
  edit-metadata: 1.5650829002261162
  landing: 1.1354560405015945
  view-data: 3.4919194653630257
