times:
  edit-metadata: 1.4651863127946854
  landing: 0.7354841530323029
  view-data: 3.500935234129429
