times:
  edit-metadata: 1.3736109659075737
  landing: 0.7996019087731838
  view-data: 3.3889753371477127
