times:
  edit-metadata: 1.4982118606567383
  landing: 0.8003602996468544
  view-data: 3.5847765058279037
