times:
  edit-metadata: 1.5326967686414719
  landing: 0.8628557994961739
  view-data: 3.279923126101494
