times:
  edit-metadata: 1.5438511781394482
  landing: 1.152775377035141
  view-data: 3.3229611814022064
