times:
  edit-metadata: 1.5898579768836498
  landing: 1.330740049481392
  view-data: 3.355027310550213
