times:
  edit-metadata: 1.4963656663894653
  landing: 0.836132600903511
  view-data: 3.5289007052779198
