times:
  edit-metadata: 1.7481772154569626
  landing: 0.8669259250164032
  view-data: 3.573427103459835
