times:
  edit-metadata: 1.5369629487395287
  landing: 0.8526390790939331
  view-data: 3.538605235517025
