times:
  edit-metadata: 1.6465330496430397
  landing: 0.8408279865980148
  view-data: 3.2348984107375145
