times:
  edit-metadata: 1.6143027655780315
  landing: 1.0189800076186657
  view-data: 3.314732354134321
