times:
  edit-metadata: 1.4659625627100468
  landing: 1.0141144655644894
  view-data: 3.3913938589394093
