times:
  edit-metadata: 1.468578726053238
  landing: 0.9530260339379311
  view-data: 3.5699071437120438
