times:
  edit-metadata: 1.7425264567136765
  landing: 1.1331364884972572
  view-data: 3.4133463129401207
