times:
  edit-metadata: 1.8495282381772995
  landing: 1.1305154711008072
  view-data: 3.3225327134132385
