times:
  edit-metadata: 1.896019745618105
  landing: 1.1922673285007477
  view-data: 3.331179417669773
