times:
  edit-metadata: 1.3483205065131187
  landing: 0.7196572199463844
  view-data: 3.4958469569683075
