times:
  edit-metadata: 1.4837608113884926
  landing: 1.0412810891866684
  view-data: 3.3181676380336285
