times:
  edit-metadata: 1.404827807098627
  landing: 0.8726258762180805
  view-data: 3.2642904557287693
