times:
  edit-metadata: 1.5019476562738419
  landing: 0.8279930353164673
  view-data: 3.4428295716643333
