times:
  edit-metadata: 1.490545853972435
  landing: 0.8127204850316048
  view-data: 3.3846327140927315
