times:
  edit-metadata: 1.4300290271639824
  landing: 0.9270874001085758
  view-data: 3.3292415402829647
