times:
  edit-metadata: 1.7591195926070213
  landing: 0.7751155942678452
  view-data: 3.527336709201336
