times:
  edit-metadata: 1.3898726031184196
  landing: 0.7809891030192375
  view-data: 3.3674860894680023
