times:
  edit-metadata: 1.3029931858181953
  landing: 0.9630880579352379
  view-data: 3.4039108008146286
