times:
  edit-metadata: 1.6930873095989227
  landing: 0.973525870591402
  view-data: 3.309798341244459
