times:
  edit-metadata: 1.4480895698070526
  landing: 0.8667678833007812
  view-data: 3.2695220969617367
