times:
  edit-metadata: 2.8189554437994957
  landing: 1.8354443237185478
  view-data: 3.4459876641631126
