times:
  edit-metadata: 1.9894044175744057
  landing: 1.24019093811512
  view-data: 3.6525947600603104
