times:
  edit-metadata: 1.6411399617791176
  landing: 0.8056691810488701
  view-data: 3.4768339693546295
