times:
  edit-metadata: 1.4282053969800472
  landing: 0.7891055531799793
  view-data: 3.2732528634369373
