times:
  edit-metadata: 1.490203209221363
  landing: 0.7934601679444313
  view-data: 3.5173728689551353
