times:
  edit-metadata: 3.460857205092907
  landing: 2.268141731619835
  view-data: 3.779681894928217
