times:
  edit-metadata: 1.4075598046183586
  landing: 0.8232991471886635
  view-data: 3.6165232583880424
