times:
  edit-metadata: 1.6128166392445564
  landing: 1.0501496493816376
  view-data: 3.3062609657645226
