times:
  edit-metadata: 1.592569462954998
  landing: 0.7755576148629189
  view-data: 3.4902072101831436
