times:
  edit-metadata: 1.526332050561905
  landing: 0.8186947405338287
  view-data: 3.490979790687561
