times:
  edit-metadata: 1.5841645076870918
  landing: 0.7820332869887352
  view-data: 3.572970785200596
