times:
  edit-metadata: 1.4917408376932144
  landing: 0.8262722343206406
  view-data: 3.539693221449852
