times:
  edit-metadata: 1.52304345369339
  landing: 0.8274936527013779
  view-data: 3.4924978464841843
