times:
  edit-metadata: 1.5768878608942032
  landing: 1.1176967024803162
  view-data: 3.3757786601781845
