times:
  edit-metadata: 1.465274102985859
  landing: 0.8321055248379707
  view-data: 3.4598497226834297
