times:
  edit-metadata: 1.462318740785122
  landing: 0.8054094389081001
  view-data: 3.259408228099346
