times:
  edit-metadata: 1.3471830487251282
  landing: 0.9558883011341095
  view-data: 3.5082885399460793
