times:
  edit-metadata: 1.4190337434411049
  landing: 0.9318510219454765
  view-data: 3.542405977845192
