times:
  edit-metadata: 1.4436423629522324
  landing: 0.8981393128633499
  view-data: 3.550319865345955
