times:
  edit-metadata: 1.3692094646394253
  landing: 0.7656184025108814
  view-data: 3.367259159684181
