times:
  edit-metadata: 1.6462448984384537
  landing: 1.17130533978343
  view-data: 3.3578516133129597
