times:
  edit-metadata: 1.523187406361103
  landing: 0.8187924399971962
  view-data: 3.5235004499554634
