times:
  edit-metadata: 1.4619892090559006
  landing: 0.8439832404255867
  view-data: 3.3044599071145058
