times:
  edit-metadata: 1.4713570587337017
  landing: 0.9658779688179493
  view-data: 0.5661876313388348
