times:
  edit-metadata: 1.675161886960268
  landing: 0.901931919157505
  view-data: 3.2952050790190697
