times:
  edit-metadata: 1.670447863638401
  landing: 0.976791113615036
  view-data: 3.3425485491752625
