times:
  edit-metadata: 1.4183253347873688
  landing: 0.791680209338665
  view-data: 3.2908152639865875
