times:
  edit-metadata: 1.4121690392494202
  landing: 0.7134303376078606
  view-data: 3.4512015655636787
