times:
  edit-metadata: 1.4986154176294804
  landing: 0.8241390511393547
  view-data: 3.3254107013344765
