times:
  edit-metadata: 1.6668782383203506
  landing: 0.8162528462707996
  view-data: 3.350640371441841
