times:
  edit-metadata: 1.676346518099308
  landing: 0.9369020611047745
  view-data: 3.361922435462475
