times:
  edit-metadata: 2.356351375579834
  landing: 1.2122357338666916
  view-data: 3.5822391882538795
