times:
  edit-metadata: 1.5304936096072197
  landing: 1.076210305094719
  view-data: 3.311150647699833
