times:
  edit-metadata: 1.51272052526474
  landing: 0.8342601880431175
  view-data: 3.5263654738664627
