times:
  edit-metadata: 1.5970760323107243
  landing: 0.8488185480237007
  view-data: 3.255350410938263
