times:
  edit-metadata: 1.4022601395845413
  landing: 0.8296573087573051
  view-data: 3.368261307477951
