times:
  edit-metadata: 1.6245275624096394
  landing: 1.0627913288772106
  view-data: 3.343603905290365
