times:
  edit-metadata: 1.480920534580946
  landing: 0.7930683754384518
  view-data: 3.3909409940242767
