times:
  edit-metadata: 1.64604502171278
  landing: 0.8477654084563255
  view-data: 3.5697579979896545
