times:
  edit-metadata: 1.4596410058438778
  landing: 0.8628084249794483
  view-data: 3.3459517247974873
