times:
  edit-metadata: 1.5091441944241524
  landing: 0.8152073621749878
  view-data: 3.55006892234087
