times:
  edit-metadata: 1.4619176089763641
  landing: 1.0861371830105782
  view-data: 3.3026273772120476
