times:
  edit-metadata: 1.4828340411186218
  landing: 0.9068109393119812
  view-data: 3.5337525457143784
