times:
  edit-metadata: 1.9184672236442566
  landing: 1.2904200702905655
  view-data: 3.329392459243536
