times:
  edit-metadata: 1.4925775043666363
  landing: 0.8654730916023254
  view-data: 3.3640039302408695
