times:
  edit-metadata: 1.51563361287117
  landing: 0.8890077993273735
  view-data: 3.340705819427967
