times:
  edit-metadata: 2.0891148671507835
  landing: 1.242434747517109
  view-data: 3.541963331401348
