times:
  edit-metadata: 1.6101137064397335
  landing: 0.9933649897575378
  view-data: 3.3715316988527775
