times:
  edit-metadata: 1.7401616498827934
  landing: 0.7877382189035416
  view-data: 3.517641007900238
