times:
  edit-metadata: 1.4015420824289322
  landing: 0.8307861052453518
  view-data: 3.346859112381935
