times:
  edit-metadata: 0.6057824450545013
  landing: 0.043393248692154884
  view-data: 0.20580808026716113
