times:
  edit-metadata: 0.6047320780344307
  landing: 0.03854634379968047
  view-data: 0.20860593300312757
