times:
  edit-metadata: 1.8138110870495439
  landing: 1.2149487035349011
  view-data: 3.7775000715628266
