times:
  edit-metadata: 1.5887954458594322
  landing: 0.0714567571412772
  view-data: 0.2852078911382705
