times:
  edit-metadata: 1.508597755804658
  landing: 0.8365483712404966
  view-data: 3.389059418812394
