times:
  edit-metadata: 0.6060783285647631
  landing: 0.03853642847388983
  view-data: 0.20855156797915697
