times:
  edit-metadata: 0.6503227590583265
  landing: 0.056383054004982114
  view-data: 0.22203316213563085
