times:
  edit-metadata: 1.5922524490160868
  landing: 0.07415081607177854
  view-data: 0.28832992003299296
