times:
  edit-metadata: 1.7894823206588626
  landing: 0.9712251992896199
  view-data: 3.4799953382462263
