times:
  edit-metadata: 2.444262446835637
  landing: 0.14032602403312922
  view-data: 0.12801264133304358
