times:
  edit-metadata: 1.5219476083293557
  landing: 0.019598502665758133
  view-data: 0.024335727095603943
