times:
  edit-metadata: 1.5839934800751507
  landing: 0.06877173110842705
  view-data: 0.27077594213187695
