times:
  edit-metadata: 2.5811122749000788
  landing: 0.15805286541581154
  view-data: 0.12160967662930489
