times:
  edit-metadata: 2.380235488526523
  landing: 0.02060837484896183
  view-data: 0.3929237676784396
