times:
  edit-metadata: 1.7729757439810783
  landing: 0.9028975550318137
  view-data: 3.264031208003871
