times:
  edit-metadata: 0.6090419380925596
  landing: 0.04312409274280071
  view-data: 0.2037041219882667
