times:
  edit-metadata: 1.3265744079835713
  landing: 0.7925492390058935
  view-data: 3.3820664640516043
