times:
  edit-metadata: 1.4529889458790421
  landing: 0.02262626402080059
  view-data: 0.023745632730424404
