times:
  edit-metadata: 1.5129844956099987
  landing: 0.9352792166173458
  view-data: 3.3936034590005875
