times:
  edit-metadata: 0.5940188020467758
  landing: 0.046324016992002726
  view-data: 0.20544469403102994
