times:
  edit-metadata: 1.3413830013014376
  landing: 0.7692744112573564
  view-data: 3.312367736827582
