times:
  edit-metadata: 1.369491270976141
  landing: 0.7880781770218164
  view-data: 3.3461401159875095
