times:
  edit-metadata: 2.6332232765853405
  landing: 0.019761964678764343
  view-data: 0.02368629164993763
