times:
  edit-metadata: 3.987394666299224
  landing: 0.19318273290991783
  view-data: 0.6306729838252068
