times:
  edit-metadata: 0.5721944200340658
  landing: 0.042008485994301736
  view-data: 0.21013183693867177
