times:
  edit-metadata: 1.5336876027286053
  landing: 0.02029684092849493
  view-data: 0.025989403948187828
