times:
  edit-metadata: 1.6235286798328161
  landing: 1.1129991635680199
  view-data: 3.3485137075185776
