times:
  edit-metadata: 1.4035387225449085
  landing: 0.8735608533024788
  view-data: 3.3106409534811974
