times:
  edit-metadata: 2.431120591238141
  landing: 0.3075889768078923
  view-data: 0.7172431526705623
