times:
  edit-metadata: 4.439096495509148
  landing: 2.551326487213373
  view-data: 3.912837442010641
