times:
  edit-metadata: 1.545314159244299
  landing: 0.8356602489948273
  view-data: 3.3942088056355715
