times:
  edit-metadata: 1.5945204868912697
  landing: 0.8137950450181961
  view-data: 3.434765202924609
