times:
  edit-metadata: 1.480609904974699
  landing: 0.9110017903149128
  view-data: 3.333841372281313
