times:
  edit-metadata: 1.4558796044439077
  landing: 0.7475882954895496
  view-data: 3.339536141604185
