times:
  edit-metadata: 1.536412751302123
  landing: 0.8289386555552483
  view-data: 3.3735227528959513
