times:
  edit-metadata: 1.684588969917968
  landing: 0.05398546904325485
  view-data: 0.29300675890408456
