times:
  edit-metadata: 0.6143192024901509
  landing: 0.043159632943570614
  view-data: 0.20086228661239147
