times:
  edit-metadata: 1.5500622317194939
  landing: 1.1058810874819756
  view-data: 3.3745369240641594
