times:
  edit-metadata: 0.5629593599587679
  landing: 0.040739855729043484
  view-data: 0.2041397402063012
