times:
  edit-metadata: 1.5027072317898273
  landing: 0.9444504491984844
  view-data: 3.4461574628949165
