times:
  edit-metadata: 2.112906419002684
  landing: 0.10411966001265682
  view-data: 0.32436588901327923
