times:
  edit-metadata: 3.2646670266985893
  landing: 0.14960847981274128
  view-data: 0.46273542009294033
