times:
  edit-metadata: 3.3294399362057447
  landing: 0.27209246903657913
  view-data: 0.19455954432487488
