times:
  edit-metadata: 1.515191588550806
  landing: 0.022875990718603134
  view-data: 0.10239829309284687
