times:
  edit-metadata: 2.409553241916001
  landing: 0.11162832006812096
  view-data: 0.12421951722353697
