times:
  edit-metadata: 1.4284519697539508
  landing: 1.3802496828138828
  view-data: 3.2902809171937406
