times:
  edit-metadata: 2.0848367009311914
  landing: 0.0761966179125011
  view-data: 0.3199900519102812
