times:
  edit-metadata: 2.6614157427102327
  landing: 0.14478611201047897
  view-data: 0.34919790364801884
