times:
  edit-metadata: 2.398994380608201
  landing: 0.022883208468556404
  view-data: 0.02663499303162098
