times:
  edit-metadata: 0.5524595559109002
  landing: 0.04078750195913017
  view-data: 0.19992250204086304
