times:
  edit-metadata: 1.457841094583273
  landing: 0.8223801143467426
  view-data: 3.281950991600752
