times:
  edit-metadata: 1.6260185749270022
  landing: 0.07422131020575762
  view-data: 0.26600303733721375
