times:
  edit-metadata: 1.5959363200236112
  landing: 0.07278299098834395
  view-data: 0.2921321240719408
