times:
  edit-metadata: 3.576071348041296
  landing: 2.8203833661973476
  view-data: 3.5842716321349144
