times:
  edit-metadata: 1.578353856690228
  landing: 0.02253823820501566
  view-data: 0.10002833139151335
