times:
  edit-metadata: 1.8461363827809691
  landing: 0.09448990365490317
  view-data: 0.46794487722218037
