times:
  edit-metadata: 1.7132470272481441
  landing: 1.3055250756442547
  view-data: 3.7038462683558464
