times:
  edit-metadata: 2.364612527191639
  landing: 0.02181360963732004
  view-data: 0.43673418648540974
