times:
  edit-metadata: 1.386670507490635
  landing: 0.8228271519765258
  view-data: 3.3299437649548054
