times:
  edit-metadata: 0.6277538859285414
  landing: 0.03986727213487029
  view-data: 0.2068535629659891
