times:
  edit-metadata: 0.6364232229534537
  landing: 0.04396471381187439
  view-data: 0.19524356885813177
