times:
  edit-metadata: 0.6143317483365536
  landing: 0.04448465723544359
  view-data: 0.21456991834565997
