times:
  edit-metadata: 3.58981697447598
  landing: 0.2142160777002573
  view-data: 0.170215567573905
