times:
  edit-metadata: 1.5200739949941635
  landing: 0.9545294530689716
  view-data: 3.4036603793501854
