times:
  edit-metadata: 0.582608507014811
  landing: 0.04727236006874591
  view-data: 0.20065876294393092
