times:
  edit-metadata: 1.6357266940176487
  landing: 0.04795724991708994
  view-data: 0.41093263821676373
