times:
  edit-metadata: 1.6380946410063189
  landing: 0.07955855398904532
  view-data: 0.4081277119985316
