times:
  edit-metadata: 0.600579203106463
  landing: 0.0396433905698359
  view-data: 0.21158958179876208
