times:
  edit-metadata: 2.617335479706526
  landing: 0.20772217772901058
  view-data: 0.027240466326475143
