times:
  edit-metadata: 0.6179869249463081
  landing: 0.041049640625715256
  view-data: 0.19681000290438533
