times:
  edit-metadata: 0.6328299418091774
  landing: 0.04408975876867771
  view-data: 0.2174037303775549
