times:
  edit-metadata: 2.456002488732338
  landing: 0.024956414476037025
  view-data: 0.3324355948716402
