times:
  edit-metadata: 2.5235377363860607
  landing: 1.5906573608517647
  view-data: 3.35948783159256
