times:
  edit-metadata: 1.9879203513264656
  landing: 1.2531432248651981
  view-data: 3.320621408522129
