times:
  edit-metadata: 0.6338738361373544
  landing: 0.04977317713201046
  view-data: 0.20456304214894772
