times:
  edit-metadata: 2.935915032401681
  landing: 0.021732674911618233
  view-data: 0.2727688793092966
