times:
  edit-metadata: 1.6833330870140344
  landing: 0.05215805605985224
  view-data: 0.2702640270581469
