times:
  edit-metadata: 0.6098152380436659
  landing: 0.042359524872154
  view-data: 0.2063603112474084
