times:
  edit-metadata: 1.5767606219742447
  landing: 0.8959033510182053
  view-data: 3.3539085580268875
