times:
  edit-metadata: 3.6763601638376713
  landing: 1.6262428052723408
  view-data: 3.6401511430740356
