times:
  edit-metadata: 0.5815483350306749
  landing: 0.05097984382882714
  view-data: 0.20184420980513096
