times:
  edit-metadata: 0.6324839582666755
  landing: 0.04453336913138628
  view-data: 0.20506893191486597
