times:
  edit-metadata: 0.5604275020305067
  landing: 0.044601457891985774
  view-data: 0.20510716387070715
