times:
  edit-metadata: 1.6128037449670956
  landing: 0.0738159529864788
  view-data: 0.2815088729839772
