times:
  edit-metadata: 0.5951741710305214
  landing: 0.042029765201732516
  view-data: 0.2081761760637164
