times:
  edit-metadata: 1.3960044299601577
  landing: 0.2937001599930227
  view-data: 0.31458924000617117
