times:
  edit-metadata: 2.520562531426549
  landing: 0.019465232267975807
  view-data: 0.4239225294440985
