times:
  edit-metadata: 1.5128784477710724
  landing: 0.9267422556877136
  view-data: 3.4006739147007465
