times:
  edit-metadata: 1.6780477548018098
  landing: 0.9669866040349007
  view-data: 3.355285600759089
