times:
  edit-metadata: 1.663648284971714
  landing: 0.836929552257061
  view-data: 3.2695063576102257
