times:
  edit-metadata: 1.5863376120105386
  landing: 0.06725670397281647
  view-data: 0.286496102809906
