times:
  edit-metadata: 1.7485641026869416
  landing: 1.0397264673374593
  view-data: 3.3540333132259548
