times:
  edit-metadata: 1.6240684036165476
  landing: 0.9034079983830452
  view-data: 3.44678558036685
