times:
  edit-metadata: 1.5952548339264467
  landing: 0.05979796394240111
  view-data: 0.2800937209976837
