times:
  edit-metadata: 1.4644239312037826
  landing: 0.890292264521122
  view-data: 3.3869863199070096
