times:
  edit-metadata: 1.3878617472946644
  landing: 0.8404309656471014
  view-data: 3.4147778199985623
