times:
  edit-metadata: 0.587637293851003
  landing: 0.03877959703095257
  view-data: 0.20079250005073845
