times:
  edit-metadata: 3.0085187274962664
  landing: 0.3232327029109001
  view-data: 0.47571280039846897
