times:
  edit-metadata: 0.5976396300829947
  landing: 0.04477338818833232
  view-data: 0.20246520079672337
