times:
  edit-metadata: 2.5502874851226807
  landing: 0.022306574508547783
  view-data: 0.023969344794750214
