times:
  edit-metadata: 1.578642476350069
  landing: 1.162174068391323
  view-data: 3.4090144969522953
