times:
  edit-metadata: 1.5252118753269315
  landing: 0.019836795516312122
  view-data: 0.02540970128029585
