times:
  edit-metadata: 2.7074643541127443
  landing: 0.021117763593792915
  view-data: 0.027523277327418327
