times:
  edit-metadata: 3.455462137237191
  landing: 0.28388199396431446
  view-data: 0.46690540574491024
