times:
  edit-metadata: 1.6139739090576768
  landing: 0.07381652598269284
  view-data: 0.2781016470398754
