times:
  edit-metadata: 1.609310595318675
  landing: 0.8480893243104219
  view-data: 3.4620987474918365
