times:
  edit-metadata: 1.5600873734802008
  landing: 0.8764379061758518
  view-data: 3.4740110244601965
