times:
  edit-metadata: 0.6117627043277025
  landing: 0.04143125005066395
  view-data: 0.20826742611825466
