times:
  edit-metadata: 2.8456352967768908
  landing: 0.16355412267148495
  view-data: 0.3209316823631525
