times:
  edit-metadata: 0.6150818360038102
  landing: 0.043849486857652664
  view-data: 0.21109858341515064
