times:
  edit-metadata: 0.5746967508457601
  landing: 0.05009726085700095
  view-data: 0.19762849202379584
