times:
  edit-metadata: 2.0047428607940674
  landing: 1.2468788516707718
  view-data: 3.6096300682984293
