times:
  edit-metadata: 0.6231345650739968
  landing: 0.050586543045938015
  view-data: 0.1892566829919815
