times:
  edit-metadata: 0.7585968631319702
  landing: 0.048317336943000555
  view-data: 0.23125928593799472
