times:
  edit-metadata: 1.6082569286227226
  landing: 0.8915446326136589
  view-data: 3.392566505819559
