times:
  edit-metadata: 2.724002430215478
  landing: 1.7382848989218473
  view-data: 3.4093383606523275
