times:
  edit-metadata: 1.5078707691282034
  landing: 0.021915060468018055
  view-data: 0.09964790660887957
