times:
  edit-metadata: 1.6111799420323223
  landing: 0.07009297190234065
  view-data: 0.2875822288915515
