times:
  edit-metadata: 2.4250446734949946
  landing: 0.023561029694974422
  view-data: 0.4747567493468523
