times:
  edit-metadata: 1.385279443114996
  landing: 0.8134314641356468
  view-data: 3.3613913357257843
