times:
  edit-metadata: 1.5697265388444066
  landing: 0.020633541978895664
  view-data: 0.44160891976207495
