times:
  edit-metadata: 2.6111115757375956
  landing: 0.30009792372584343
  view-data: 0.1293972060084343
