times:
  edit-metadata: 1.545266853645444
  landing: 0.09654086362570524
  view-data: 0.1068825563415885
