times:
  edit-metadata: 0.6169786960817873
  landing: 0.04335930570960045
  view-data: 0.20147347822785378
