times:
  edit-metadata: 3.047067645005882
  landing: 0.4255535015836358
  view-data: 0.7747701788321137
