times:
  edit-metadata: 1.549379602074623
  landing: 1.0003255493938923
  view-data: 3.3538620807230473
