times:
  edit-metadata: 2.4869018606841564
  landing: 0.02030440978705883
  view-data: 0.292326670140028
