times:
  edit-metadata: 0.630275602452457
  landing: 0.04806493874639273
  view-data: 0.22076526284217834
