times:
  edit-metadata: 1.5372092882171273
  landing: 0.02141342032700777
  view-data: 0.10038505401462317
