times:
  edit-metadata: 2.6957676578313112
  landing: 0.02340937964618206
  view-data: 0.37874662689864635
