times:
  edit-metadata: 1.60685792285949
  landing: 0.0799932440277189
  view-data: 0.2851564751472324
