times:
  edit-metadata: 2.4221543855965137
  landing: 0.21304590441286564
  view-data: 0.330363592132926
