times:
  edit-metadata: 0.6201949771493673
  landing: 0.041743586771190166
  view-data: 0.21007925365120173
