times:
  edit-metadata: 1.6038001412525773
  landing: 0.07555197412148118
  view-data: 0.2622322360984981
