times:
  edit-metadata: 0.6015181886032224
  landing: 0.04947309289127588
  view-data: 0.22573027666658163
