times:
  edit-metadata: 2.368819920346141
  landing: 0.12281358148902655
  view-data: 0.5099051268771291
