times:
  edit-metadata: 1.711833093315363
  landing: 1.145353738218546
  view-data: 3.3377240002155304
