times:
  edit-metadata: 1.2549684327095747
  landing: 0.9601339660584927
  view-data: 3.5973260598257184
