times:
  edit-metadata: 2.9497371427714825
  landing: 0.019871298223733902
  view-data: 0.3572749402374029
