times:
  edit-metadata: 1.8977702111005783
  landing: 3.4101977944374084
  view-data: 3.374851431697607
