times:
  edit-metadata: 1.9080947013571858
  landing: 1.9894288703799248
  view-data: 4.0112547585740685
