times:
  edit-metadata: 1.5410152114927769
  landing: 0.021148555912077427
  view-data: 0.12474458571523428
