times:
  edit-metadata: 1.5765883326530457
  landing: 0.8562908340245485
  view-data: 3.4058448057621717
