times:
  edit-metadata: 1.5642987990286201
  landing: 0.8469575231429189
  view-data: 3.395425205118954
