times:
  edit-metadata: 1.5588983613997698
  landing: 0.8331606443971395
  view-data: 3.401779569685459
