times:
  edit-metadata: 1.844231266528368
  landing: 0.8654233776032925
  view-data: 3.469536457210779
