times:
  edit-metadata: 1.4376715365797281
  landing: 0.9501222185790539
  view-data: 3.352035468444228
