times:
  edit-metadata: 2.7046852074563503
  landing: 1.750692568719387
  view-data: 3.6009967364370823
