times:
  edit-metadata: 1.6260854720603675
  landing: 0.07325970497913659
  view-data: 0.2799528408795595
