times:
  edit-metadata: 2.0769952572882175
  landing: 1.4483786337077618
  view-data: 3.4575382731854916
