times:
  edit-metadata: 1.498289552051574
  landing: 0.9523790117818862
  view-data: 3.2966178939677775
