times:
  edit-metadata: 2.45837274286896
  landing: 0.16415825858712196
  view-data: 0.5147754345089197
