times:
  edit-metadata: 0.9554606818128377
  landing: 0.05975953279994428
  view-data: 0.29971734108403325
