times:
  edit-metadata: 1.901153465732932
  landing: 1.223831245675683
  view-data: 3.5589417964220047
