times:
  edit-metadata: 1.8619600534439087
  landing: 1.2630047313869
  view-data: 3.9385375380516052
