times:
  edit-metadata: 0.5780874609481543
  landing: 0.05881491303443909
  view-data: 0.20276284287683666
