times:
  edit-metadata: 1.1369028128683567
  landing: 0.20348770590499043
  view-data: 0.29327214090153575
