times:
  edit-metadata: 2.9691923949867487
  landing: 0.020243359729647636
  view-data: 0.406442791223526
