times:
  edit-metadata: 1.5165650378912687
  landing: 0.02025250717997551
  view-data: 0.4487005388364196
