times:
  edit-metadata: 2.049203397007659
  landing: 0.1003016890026629
  view-data: 0.3095409998204559
