times:
  edit-metadata: 2.344708127900958
  landing: 0.0959312105551362
  view-data: 0.12113162782043219
