times:
  edit-metadata: 2.131518891081214
  landing: 0.8911555614322424
  view-data: 3.5060699433088303
