times:
  edit-metadata: 1.488508278504014
  landing: 0.9253828972578049
  view-data: 3.4522067327052355
