times:
  edit-metadata: 2.134472196921706
  landing: 1.3870216067880392
  view-data: 3.4209626875817776
