times:
  edit-metadata: 1.474966628011316
  landing: 1.0282395561225712
  view-data: 3.649103777948767
