times:
  edit-metadata: 0.5996042415499687
  landing: 0.04223709460347891
  view-data: 0.2123042345046997
