times:
  edit-metadata: 1.8839032109826803
  landing: 0.9757533762603998
  view-data: 3.541144059970975
