times:
  edit-metadata: 1.594699108041823
  landing: 0.929675780236721
  view-data: 3.38267086353153
