times:
  edit-metadata: 1.514300124719739
  landing: 0.7982512190937996
  view-data: 3.363765152171254
