times:
  edit-metadata: 1.6143782811705023
  landing: 0.04572345991618931
  view-data: 0.2822031690739095
