times:
  edit-metadata: 1.540793240070343
  landing: 0.7604732289910316
  view-data: 3.3741157203912735
