times:
  edit-metadata: 2.558071155101061
  landing: 0.16888627596199512
  view-data: 0.024032045155763626
