times:
  edit-metadata: 1.520154520869255
  landing: 0.8355924729257822
  view-data: 3.3987388778477907
