times:
  edit-metadata: 1.5688455402851105
  landing: 0.8613967336714268
  view-data: 3.4173222333192825
