times:
  edit-metadata: 1.4865347407758236
  landing: 0.022872047498822212
  view-data: 0.12224602047353983
