times:
  edit-metadata: 1.3660997508559376
  landing: 0.8443295529577881
  view-data: 3.3377189082093537
