times:
  edit-metadata: 0.6812977439258248
  landing: 0.04366572806611657
  view-data: 0.19467899715527892
