times:
  edit-metadata: 2.4058519415557384
  landing: 0.021251052618026733
  view-data: 0.026092102751135826
