times:
  edit-metadata: 1.7404445298016071
  landing: 1.136155180633068
  view-data: 3.4203018844127655
