times:
  edit-metadata: 2.7076498363167048
  landing: 0.09383870847523212
  view-data: 0.3368624374270439
