times:
  edit-metadata: 2.1668854393064976
  landing: 0.02118158433586359
  view-data: 0.047490435652434826
