times:
  edit-metadata: 0.6214770991355181
  landing: 0.05548236612230539
  view-data: 0.2041530581191182
