times:
  edit-metadata: 2.6269721928983927
  landing: 0.17461655475199223
  view-data: 0.10214800201356411
