times:
  edit-metadata: 1.5913193258456886
  landing: 0.07094078697264194
  view-data: 0.26716343220323324
