times:
  edit-metadata: 1.5131157375872135
  landing: 0.8374129757285118
  view-data: 3.440503440797329
