times:
  edit-metadata: 0.6288145687431097
  landing: 0.04907105304300785
  view-data: 0.2103556813672185
