times:
  edit-metadata: 0.7113272449932992
  landing: 0.0546457429882139
  view-data: 0.2436835749540478
