times:
  edit-metadata: 2.342122994363308
  landing: 0.020554324612021446
  view-data: 0.12118139956146479
