times:
  edit-metadata: 1.8941751749953255
  landing: 0.0728772880975157
  view-data: 0.2848964090226218
