times:
  edit-metadata: 2.482393386773765
  landing: 0.02203870750963688
  view-data: 0.02686956897377968
