times:
  edit-metadata: 2.7885915599763393
  landing: 0.022487495094537735
  view-data: 0.02634376659989357
