times:
  edit-metadata: 1.6368655069964007
  landing: 0.06897287396714091
  view-data: 0.29192086902912706
