times:
  edit-metadata: 1.6447823110502213
  landing: 0.0758403220679611
  view-data: 0.2882448430173099
