times:
  edit-metadata: 1.5629694685339928
  landing: 1.0218326970934868
  view-data: 3.3422124795615673
