times:
  edit-metadata: 1.377952914685011
  landing: 0.7903777956962585
  view-data: 3.420790795236826
