times:
  edit-metadata: 0.6384921360295266
  landing: 0.043380668153986335
  view-data: 0.20598148507997394
