times:
  edit-metadata: 3.1203119195997715
  landing: 0.022258872166275978
  view-data: 0.3510353025048971
