times:
  edit-metadata: 2.6393712293356657
  landing: 0.021896585822105408
  view-data: 0.3603328689932823
