times:
  edit-metadata: 3.024401211179793
  landing: 2.2336276406422257
  view-data: 4.358188490383327
