times:
  edit-metadata: 0.627602051012218
  landing: 0.04301624093204737
  view-data: 0.1985461418516934
