times:
  edit-metadata: 2.4479806507006288
  landing: 0.019197736866772175
  view-data: 0.4669868275523186
