times:
  edit-metadata: 1.454442484304309
  landing: 0.02212623879313469
  view-data: 0.39885338954627514
