times:
  edit-metadata: 0.5812086993828416
  landing: 0.042872886173427105
  view-data: 0.2115082796663046
