times:
  edit-metadata: 2.5637706480920315
  landing: 0.022185534238815308
  view-data: 0.022481000050902367
