times:
  edit-metadata: 1.5174368768930435
  landing: 0.820943146944046
  view-data: 3.4331711921840906
