times:
  edit-metadata: 1.5276610106229782
  landing: 0.7379887327551842
  view-data: 3.389155138283968
