times:
  edit-metadata: 1.5743878297507763
  landing: 1.0832560919225216
  view-data: 3.370718188583851
