times:
  edit-metadata: 2.972462037578225
  landing: 0.24404150806367397
  view-data: 0.25380046851933
