times:
  edit-metadata: 1.614340910105966
  landing: 0.07880971895065159
  view-data: 0.2881111529422924
