times:
  edit-metadata: 1.62188034132123
  landing: 0.8577906638383865
  view-data: 3.4515208918601274
