times:
  edit-metadata: 1.6534975431859493
  landing: 0.8099858202040195
  view-data: 3.4025934487581253
