times:
  edit-metadata: 2.5778299029916525
  landing: 0.020131325349211693
  view-data: 0.29937704280018806
