times:
  edit-metadata: 1.5970622692257166
  landing: 0.8574078232049942
  view-data: 3.41175489500165
