times:
  edit-metadata: 2.7187912426888943
  landing: 1.763849452137947
  view-data: 3.4370592534542084
