times:
  edit-metadata: 0.6051264880225062
  landing: 0.04416687600314617
  view-data: 0.35918984236195683
