times:
  edit-metadata: 1.6155477529973723
  landing: 0.049742802992113866
  view-data: 0.27590280899312347
