times:
  edit-metadata: 1.600149236037396
  landing: 0.0666672479128465
  view-data: 0.42589819501154125
