times:
  edit-metadata: 1.4948604721575975
  landing: 0.7439565435051918
  view-data: 3.401997074484825
