times:
  edit-metadata: 2.575276996998582
  landing: 0.021095485950354487
  view-data: 0.031351428013294935
