times:
  edit-metadata: 1.6587803810834885
  landing: 0.8290525786578655
  view-data: 3.480733899399638
