times:
  edit-metadata: 1.4291329681873322
  landing: 0.8526295833289623
  view-data: 3.312001373618841
