times:
  edit-metadata: 2.1077448629948776
  landing: 0.12276426400057971
  view-data: 0.2756796939938795
