times:
  edit-metadata: 1.622989019146189
  landing: 0.05247335019521415
  view-data: 0.40861742408014834
