times:
  edit-metadata: 2.637030916288495
  landing: 0.020851019769906998
  view-data: 0.31100430339574814
