times:
  edit-metadata: 2.667393447831273
  landing: 0.019911356270313263
  view-data: 0.025314996019005775
