times:
  edit-metadata: 3.2462727706879377
  landing: 0.4177371319383383
  view-data: 0.4109609741717577
