times:
  edit-metadata: 1.59893979690969
  landing: 0.8497106377035379
  view-data: 3.3905097246170044
