times:
  edit-metadata: 1.5808124160103034
  landing: 0.07690209700376727
  view-data: 0.3155361899989657
