times:
  edit-metadata: 1.3429263888392597
  landing: 0.8463916720356792
  view-data: 3.38461909792386
