times:
  edit-metadata: 1.697261743247509
  landing: 0.8685158472508192
  view-data: 3.313415763899684
