times:
  edit-metadata: 1.7508385572582483
  landing: 1.1877631768584251
  view-data: 3.575994146987796
