times:
  edit-metadata: 2.550466375425458
  landing: 0.020612243562936783
  view-data: 0.023275310173630714
