times:
  edit-metadata: 2.6300733480602503
  landing: 0.02297360450029373
  view-data: 0.02696223184466362
