times:
  edit-metadata: 1.5518982224166393
  landing: 0.9917082265019417
  view-data: 3.4274920597672462
