times:
  edit-metadata: 0.5795401753857732
  landing: 0.05358497612178326
  view-data: 0.2248792597092688
