times:
  edit-metadata: 1.6809120625257492
  landing: 1.35440743714571
  view-data: 3.4248029440641403
