times:
  edit-metadata: 1.8180869440548122
  landing: 0.06251672562211752
  view-data: 0.45166853396221995
