times:
  edit-metadata: 1.606145748985
  landing: 0.06831424101255834
  view-data: 0.2920388800557703
