times:
  edit-metadata: 1.75874787196517
  landing: 0.9569472838193178
  view-data: 3.4935845155268908
