times:
  edit-metadata: 1.4532948359847069
  landing: 0.9298141784965992
  view-data: 3.3273080959916115
