times:
  edit-metadata: 1.4885426126420498
  landing: 0.9441442843526602
  view-data: 3.3011939972639084
