times:
  edit-metadata: 1.629997193813324
  landing: 1.0242064986377954
  view-data: 3.2798685673624277
