times:
  edit-metadata: 1.9411410451866686
  landing: 0.043736839201301336
  view-data: 0.3197641531005502
