times:
  edit-metadata: 1.4010449182242155
  landing: 0.8589936215430498
  view-data: 3.3994183763861656
