times:
  edit-metadata: 0.5647896970622241
  landing: 0.04186677420511842
  view-data: 0.1956496867351234
