times:
  edit-metadata: 0.6410157224163413
  landing: 0.047210007440298796
  view-data: 0.22400706028565764
