times:
  edit-metadata: 0.7194912321865559
  landing: 0.07739787921309471
  view-data: 0.2209639111533761
