times:
  edit-metadata: 0.6001345659606159
  landing: 0.04290848597884178
  view-data: 0.21255369624122977
