times:
  edit-metadata: 1.9983493257313967
  landing: 0.06962220324203372
  view-data: 0.4327210299670696
