times:
  edit-metadata: 0.6454361057840288
  landing: 0.03647749871015549
  view-data: 0.20286729000508785
