times:
  edit-metadata: 2.325990542999989
  landing: 0.1131035029998202
  view-data: 0.358212266999999
