times:
  edit-metadata: 3.081598026677966
  landing: 0.15380688197910786
  view-data: 0.31881198287010193
