times:
  edit-metadata: 0.6155788809992373
  landing: 0.052576893009245396
  view-data: 0.20799203286878765
