times:
  edit-metadata: 1.8281096331775188
  landing: 0.9236710593104362
  view-data: 3.2880255542695522
