times:
  edit-metadata: 1.4088703501038253
  landing: 0.8955035852268338
  view-data: 3.396703673992306
