times:
  edit-metadata: 0.5476816548034549
  landing: 0.047387036960572004
  view-data: 0.2058676779270172
