times:
  edit-metadata: 2.04672879120335
  landing: 0.13402730599045753
  view-data: 0.3185946592129767
