times:
  edit-metadata: 2.725031889975071
  landing: 0.12002240307629108
  view-data: 0.4966615680605173
