times:
  edit-metadata: 1.539195278659463
  landing: 0.7830261308699846
  view-data: 3.3979731798171997
