times:
  edit-metadata: 1.53073067124933
  landing: 0.01953690405935049
  view-data: 0.11737127043306828
