times:
  edit-metadata: 0.6862856380175799
  landing: 0.04728225991129875
  view-data: 0.20245436392724514
