times:
  edit-metadata: 1.496362425852567
  landing: 0.7957282238639891
  view-data: 3.4045296530239284
