times:
  edit-metadata: 1.7725182250142097
  landing: 1.046428314060904
  view-data: 3.358141500968486
