times:
  edit-metadata: 0.622825866099447
  landing: 0.04545234516263008
  view-data: 0.20427522296085954
