times:
  edit-metadata: 1.5122218802571297
  landing: 0.7848871555179358
  view-data: 3.393567191436887
