times:
  edit-metadata: 0.5680711369495839
  landing: 0.042945935158059
  view-data: 0.20810297084972262
