times:
  edit-metadata: 2.6366410106420517
  landing: 1.7132584266364574
  view-data: 3.578787464648485
