times:
  edit-metadata: 2.6495118271559477
  landing: 0.021807000041007996
  view-data: 0.1320471167564392
