times:
  edit-metadata: 1.6012700180290267
  landing: 0.05387106002308428
  view-data: 0.2810852819820866
