times:
  edit-metadata: 1.6782499523833394
  landing: 0.020156243816018105
  view-data: 0.028767919167876244
