times:
  edit-metadata: 2.8314160015434027
  landing: 0.020718710497021675
  view-data: 0.280171075835824
