times:
  edit-metadata: 2.0446135979145765
  landing: 0.06508396472781897
  view-data: 0.2733444022014737
