times:
  edit-metadata: 1.5614847857505083
  landing: 0.8136242423206568
  view-data: 3.4104235507547855
