times:
  edit-metadata: 2.4114390732720494
  landing: 0.24226819444447756
  view-data: 0.42375935055315495
