times:
  edit-metadata: 0.611717866268009
  landing: 0.046072629280388355
  view-data: 0.20043268706649542
