times:
  edit-metadata: 0.6058351658284664
  landing: 0.04067602660506964
  view-data: 0.20957494899630547
