times:
  edit-metadata: 2.6057057408615947
  landing: 0.23910176940262318
  view-data: 0.2204554108902812
