times:
  edit-metadata: 3.2234955839812756
  landing: 1.9353332184255123
  view-data: 4.2597341649234295
