times:
  edit-metadata: 0.6194050370249897
  landing: 0.046818866045214236
  view-data: 0.21044610103126615
