times:
  edit-metadata: 1.5229836916550994
  landing: 0.022018497809767723
  view-data: 0.026020849123597145
