times:
  edit-metadata: 1.8797316593118012
  landing: 0.05939243407920003
  view-data: 0.2707805181853473
