times:
  edit-metadata: 1.509207770228386
  landing: 0.9147268310189247
  view-data: 3.3379810862243176
