times:
  edit-metadata: 0.5972495169844478
  landing: 0.04277465702034533
  view-data: 0.20333186606876552
