times:
  edit-metadata: 1.7887500235810876
  landing: 1.003407851792872
  view-data: 3.44815079215914
