times:
  edit-metadata: 0.6313620121218264
  landing: 0.04240226885303855
  view-data: 0.22097783302888274
