times:
  edit-metadata: 3.5325701255351305
  landing: 1.8661507703363895
  view-data: 3.910725088790059
