times:
  edit-metadata: 1.8619485540257301
  landing: 0.12144183699274436
  view-data: 0.31750195199856535
