times:
  edit-metadata: 2.831178931519389
  landing: 0.02153691276907921
  view-data: 0.026256872341036797
