times:
  edit-metadata: 1.3440656829625368
  landing: 0.7632038360461593
  view-data: 3.342309641651809
