times:
  edit-metadata: 1.9326233039610088
  landing: 0.06878519710153341
  view-data: 0.31214918103069067
