times:
  edit-metadata: 1.49848304502666
  landing: 0.9042913485318422
  view-data: 3.423031387850642
