times:
  edit-metadata: 1.613434071012307
  landing: 0.06905058299889788
  view-data: 0.40509144600946456
