times:
  edit-metadata: 1.533967450261116
  landing: 0.8404539376497269
  view-data: 3.4075670391321182
