times:
  edit-metadata: 3.920865783467889
  landing: 1.762100888416171
  view-data: 3.847143268212676
