times:
  edit-metadata: 0.6129311230033636
  landing: 0.041536381002515554
  view-data: 0.19861073372885585
