times:
  edit-metadata: 2.374186482280493
  landing: 0.018666681833565235
  view-data: 0.11936838179826736
