times:
  edit-metadata: 1.366063266992569
  landing: 0.837064616382122
  view-data: 3.379834309220314
