times:
  edit-metadata: 0.6297938409261405
  landing: 0.042354927863925695
  view-data: 0.20795462001115084
