times:
  edit-metadata: 3.5595564004033804
  landing: 0.03195934183895588
  view-data: 0.47786834463477135
