times:
  edit-metadata: 2.657156068831682
  landing: 0.18013053573668003
  view-data: 0.028319230303168297
