times:
  edit-metadata: 2.649661246687174
  landing: 0.13399018347263336
  view-data: 0.3272892087697983
