times:
  edit-metadata: 2.795151005499065
  landing: 0.02191308978945017
  view-data: 0.025147183798253536
