times:
  edit-metadata: 2.7492799628525972
  landing: 0.019204534590244293
  view-data: 0.02511156164109707
