times:
  edit-metadata: 1.2952963379211724
  landing: 0.7262138030491769
  view-data: 3.2826508469879627
