times:
  edit-metadata: 1.3625839548185468
  landing: 0.8444430949166417
  view-data: 3.406182973179966
