times:
  edit-metadata: 1.6567201960133389
  landing: 0.06398972200986464
  view-data: 0.27577622000535484
