times:
  edit-metadata: 1.8344132453203201
  landing: 0.9532241001725197
  view-data: 3.4217007607221603
