times:
  edit-metadata: 1.9218258769251406
  landing: 0.1410551411099732
  view-data: 0.28478158032521605
