times:
  edit-metadata: 1.4968322589993477
  landing: 0.986345149576664
  view-data: 3.362895365804434
