times:
  edit-metadata: 3.07523999735713
  landing: 1.2368365600705147
  view-data: 3.3876967690885067
