times:
  edit-metadata: 1.9375605843961239
  landing: 1.0951923336833715
  view-data: 3.341298444196582
