times:
  edit-metadata: 1.5966336391866207
  landing: 1.170239232480526
  view-data: 3.3228438571095467
