times:
  edit-metadata: 2.6310986932367086
  landing: 0.022065401077270508
  view-data: 0.02346891537308693
