times:
  edit-metadata: 1.5305575346574187
  landing: 0.9982874374836683
  view-data: 3.4968587728217244
