times:
  edit-metadata: 1.5945901861414313
  landing: 0.061534557957202196
  view-data: 0.29904183582402766
