times:
  edit-metadata: 2.3700029216706753
  landing: 1.3727307543158531
  view-data: 3.5744044482707977
