times:
  edit-metadata: 3.2334448751062155
  landing: 0.15080337785184383
  view-data: 0.21135558560490608
