times:
  edit-metadata: 0.6334317438304424
  landing: 0.040871583856642246
  view-data: 0.22195106092840433
