times:
  edit-metadata: 0.6120816254988313
  landing: 0.043451886624097824
  view-data: 0.2240753322839737
