times:
  edit-metadata: 1.4807334868237376
  landing: 0.021065404638648033
  view-data: 0.12004975974559784
