times:
  edit-metadata: 1.4242570362985134
  landing: 0.958693265914917
  view-data: 3.3534958362579346
