times:
  edit-metadata: 2.6087354961782694
  landing: 0.023219075053930283
  view-data: 0.027158411219716072
