times:
  edit-metadata: 1.376786186126992
  landing: 0.7902149569708854
  view-data: 3.3398524930235
