times:
  edit-metadata: 1.5979326255619526
  landing: 1.0440144203603268
  view-data: 3.412898786365986
