times:
  edit-metadata: 0.5756720816716552
  landing: 0.04858832899481058
  view-data: 0.19263076595962048
