times:
  edit-metadata: 1.586315134074539
  landing: 0.05831405380740762
  view-data: 0.28591195307672024
