times:
  edit-metadata: 2.3974592220038176
  landing: 0.019034297205507755
  view-data: 0.4088960252702236
