times:
  edit-metadata: 1.5208842679858208
  landing: 0.022917602211236954
  view-data: 0.026259629987180233
