times:
  edit-metadata: 1.6043811202980578
  landing: 0.06490778876468539
  view-data: 0.30630694376304746
