times:
  edit-metadata: 2.6347105521708727
  landing: 0.1147993765771389
  view-data: 0.30500949919223785
