times:
  edit-metadata: 1.6140822250163183
  landing: 0.06706825899891555
  view-data: 0.4061983920400962
