times:
  edit-metadata: 1.588195922988234
  landing: 0.07089594201534055
  view-data: 0.2984878319839481
