times:
  edit-metadata: 1.9086969178169966
  landing: 1.0566793926991522
  view-data: 3.314254546072334
