times:
  edit-metadata: 1.5402612145990133
  landing: 0.8531430996954441
  view-data: 3.418442638590932
