times:
  edit-metadata: 1.5610993728041649
  landing: 0.9510707259178162
  view-data: 3.390095826238394
