times:
  edit-metadata: 0.6511750426143408
  landing: 0.04227251838892698
  view-data: 0.21103087533265352
