times:
  edit-metadata: 1.5973547101020813
  landing: 1.012445256114006
  view-data: 3.312318291515112
