times:
  edit-metadata: 0.6438929801806808
  landing: 0.05668535875156522
  view-data: 0.18932174006476998
