times:
  edit-metadata: 1.6307773562148213
  landing: 0.06273277290165424
  view-data: 0.265324420761317
