times:
  edit-metadata: 1.657315940130502
  landing: 0.05395292304456234
  view-data: 0.2958898446522653
