times:
  edit-metadata: 1.4768855459988117
  landing: 0.9329463057219982
  view-data: 3.328845649957657
