times:
  edit-metadata: 1.5582004971802235
  landing: 0.019852223806083202
  view-data: 0.12134179938584566
