times:
  edit-metadata: 0.6406046519987285
  landing: 0.040626921225339174
  view-data: 0.20433434890583158
