times:
  edit-metadata: 1.512009084224701
  landing: 0.815085856243968
  view-data: 3.3823450673371553
