times:
  edit-metadata: 1.3661709409207106
  landing: 0.8712800610810518
  view-data: 3.3366931322962046
