times:
  edit-metadata: 1.5997391040436924
  landing: 0.06128724501468241
  view-data: 0.2906649778597057
