times:
  edit-metadata: 2.6871231850236654
  landing: 0.01986774243414402
  view-data: 0.024218453094363213
