times:
  edit-metadata: 2.414319579489529
  landing: 0.020623027347028255
  view-data: 0.10134440660476685
