times:
  edit-metadata: 1.9477364476770163
  landing: 1.0682790037244558
  view-data: 3.563370196148753
