times:
  edit-metadata: 0.5480920020490885
  landing: 0.048029046040028334
  view-data: 0.19998331181704998
