times:
  edit-metadata: 2.4165853252634406
  landing: 0.15622365567833185
  view-data: 0.12260004226118326
