times:
  edit-metadata: 2.0418850872665644
  landing: 1.2244426812976599
  view-data: 3.439682364463806
