times:
  edit-metadata: 0.6191504448652267
  landing: 0.04154936410486698
  view-data: 0.19698339002206922
