times:
  edit-metadata: 0.7379121170379221
  landing: 0.0661156983114779
  view-data: 0.2146679488942027
