times:
  edit-metadata: 3.2528047133237123
  landing: 0.27809207141399384
  view-data: 0.47691131941974163
