times:
  edit-metadata: 2.635468164458871
  landing: 0.021696142852306366
  view-data: 0.025072308257222176
