times:
  edit-metadata: 1.4629475865513086
  landing: 0.9645012561231852
  view-data: 3.4216636568307877
