times:
  edit-metadata: 0.6225803662091494
  landing: 0.04310363903641701
  view-data: 0.20310190878808498
