times:
  edit-metadata: 1.4826651774346828
  landing: 0.01998925395309925
  view-data: 0.22369382996112108
