times:
  edit-metadata: 2.6346459798514843
  landing: 1.4911720640957355
  view-data: 3.324397500604391
