times:
  edit-metadata: 1.3467083126306534
  landing: 0.7682679072022438
  view-data: 3.3322117291390896
