times:
  edit-metadata: 1.5808422435075045
  landing: 0.7501133270561695
  view-data: 3.3880714867264032
