times:
  edit-metadata: 1.5968550690013217
  landing: 0.05584675400314154
  view-data: 0.28706984000018565
