times:
  edit-metadata: 1.5228098123334348
  landing: 1.2030877731740475
  view-data: 3.4052617950364947
