times:
  edit-metadata: 0.6225520921871066
  landing: 0.03634790796786547
  view-data: 0.20333535317331553
