times:
  edit-metadata: 1.3633454581722617
  landing: 0.8369637029245496
  view-data: 3.3870700378902256
