times:
  edit-metadata: 0.5956559358164668
  landing: 0.04671474266797304
  view-data: 0.3446612870320678
