times:
  edit-metadata: 2.314961511641741
  landing: 1.1054986156523228
  view-data: 3.3669882752001286
