times:
  edit-metadata: 4.388804487884045
  landing: 0.2896225322037935
  view-data: 0.21018055826425552
