times:
  edit-metadata: 1.5203344840556383
  landing: 0.8016974199563265
  view-data: 3.402196828275919
