times:
  edit-metadata: 1.5238964315503836
  landing: 0.022405500523746014
  view-data: 0.10209378227591515
