times:
  edit-metadata: 1.3501157539431006
  landing: 0.8095142210368067
  view-data: 3.372602440882474
