times:
  edit-metadata: 1.4454844072461128
  landing: 0.8359681479632854
  view-data: 3.336216151714325
