times:
  edit-metadata: 0.6273756260052323
  landing: 0.047156467102468014
  view-data: 0.20499926712363958
