times:
  edit-metadata: 0.5993226359132677
  landing: 0.04222026001662016
  view-data: 0.1976556540466845
