times:
  edit-metadata: 2.705547831952572
  landing: 0.021017441526055336
  view-data: 0.026282774284482002
