times:
  edit-metadata: 1.3666840512305498
  landing: 0.892635827884078
  view-data: 3.430617718026042
