times:
  edit-metadata: 2.1083121113479137
  landing: 1.455834798514843
  view-data: 3.5435761250555515
