times:
  edit-metadata: 2.6551579143851995
  landing: 0.018938668072223663
  view-data: 0.37524837255477905
