times:
  edit-metadata: 1.5303450096398592
  landing: 0.02043576817959547
  view-data: 0.02598386723548174
