times:
  edit-metadata: 1.4929927960038185
  landing: 0.9605308175086975
  view-data: 3.27803760394454
