times:
  edit-metadata: 0.6086438987404108
  landing: 0.04838364291936159
  view-data: 0.20127138821408153
