times:
  edit-metadata: 1.5876051411032677
  landing: 0.9712126851081848
  view-data: 3.5507115088403225
