times:
  edit-metadata: 2.462133658118546
  landing: 0.26311788707971573
  view-data: 0.4167817151173949
