times:
  edit-metadata: 0.617033941205591
  landing: 0.038339673075824976
  view-data: 0.21533861570060253
