times:
  edit-metadata: 0.6227150659542531
  landing: 0.04395904194097966
  view-data: 0.20931096910499036
