times:
  edit-metadata: 1.6542613540077582
  landing: 0.05749358609318733
  view-data: 0.2801980919903144
