times:
  edit-metadata: 0.6072562109911814
  landing: 0.049748340039514005
  view-data: 0.20421236800029874
