times:
  edit-metadata: 2.3970341850072145
  landing: 0.023195115849375725
  view-data: 0.11552142631262541
