times:
  edit-metadata: 2.750506415963173
  landing: 0.14434632286429405
  view-data: 0.15302526205778122
