times:
  edit-metadata: 0.7437440408393741
  landing: 0.061686033848673105
  view-data: 0.20970559399574995
