times:
  edit-metadata: 0.6057651529554278
  landing: 0.04348880297038704
  view-data: 0.2011787820374593
