times:
  edit-metadata: 0.6874801020603627
  landing: 0.04599853605031967
  view-data: 0.21619345410726964
