times:
  edit-metadata: 1.5427723117172718
  landing: 0.022124064154922962
  view-data: 0.10139597579836845
