times:
  edit-metadata: 0.6779571059159935
  landing: 0.04170136619359255
  view-data: 0.20148018095642328
