times:
  edit-metadata: 1.6475407239049673
  landing: 0.020222079940140247
  view-data: 0.026784694753587246
