times:
  edit-metadata: 0.5995009546168149
  landing: 0.04390388494357467
  view-data: 0.35473798401653767
