times:
  edit-metadata: 2.7095035891979933
  landing: 0.022455791011452675
  view-data: 0.14367793127894402
