times:
  edit-metadata: 1.8800502181984484
  landing: 0.08521409891545773
  view-data: 0.5419644899666309
