times:
  edit-metadata: 3.0934453643858433
  landing: 0.3083126116544008
  view-data: 0.3001509066671133
