times:
  edit-metadata: 2.325583890080452
  landing: 1.6346159502863884
  view-data: 3.293771728873253
