times:
  edit-metadata: 0.5987998326309025
  landing: 0.040436021983623505
  view-data: 0.2113172640092671
