times:
  edit-metadata: 2.882576210424304
  landing: 1.5200718361884356
  view-data: 3.4614070411771536
