times:
  edit-metadata: 0.5946711050346494
  landing: 0.04830923769623041
  view-data: 0.1983158658258617
