times:
  edit-metadata: 2.5354314791038632
  landing: 0.0188633780926466
  view-data: 0.14581358898431063
