times:
  edit-metadata: 1.5355283617973328
  landing: 0.020966249518096447
  view-data: 0.025801691226661205
