times:
  edit-metadata: 1.460968944011256
  landing: 0.9750438900664449
  view-data: 3.431281686993316
