times:
  edit-metadata: 2.707513367757201
  landing: 1.6953674014657736
  view-data: 3.4078240245580673
