times:
  edit-metadata: 1.5128389615565538
  landing: 0.8529766444116831
  view-data: 3.4284062404185534
