times:
  edit-metadata: 0.5497395419515669
  landing: 0.05140939820557833
  view-data: 0.20148583594709635
