times:
  edit-metadata: 2.3643471524119377
  landing: 0.022334295324981213
  view-data: 0.3798628430813551
