times:
  edit-metadata: 1.5949805260170251
  landing: 0.052579434821382165
  view-data: 0.2941858291160315
