times:
  edit-metadata: 0.6376954009756446
  landing: 0.048711396753787994
  view-data: 0.20309878373518586
