times:
  edit-metadata: 1.5792902782559395
  landing: 0.7728871311992407
  view-data: 3.394700488075614
