times:
  edit-metadata: 1.35612752311863
  landing: 0.8521852430421859
  view-data: 3.4212202022317797
