times:
  edit-metadata: 1.9080402180552483
  landing: 1.3421192280948162
  view-data: 3.7784562297165394
