times:
  edit-metadata: 2.3407691046595573
  landing: 1.3645205572247505
  view-data: 3.3381150253117085
