times:
  edit-metadata: 1.553985109552741
  landing: 0.8035850208252668
  view-data: 3.4069783370941877
