times:
  edit-metadata: 0.5761513453908265
  landing: 0.05197336012497544
  view-data: 0.20954071125015616
