times:
  edit-metadata: 0.6229041898623109
  landing: 0.044928980991244316
  view-data: 0.21038665622472763
