times:
  edit-metadata: 2.767136638984084
  landing: 0.1165250800549984
  view-data: 0.3065786249935627
