times:
  edit-metadata: 4.197124899015762
  landing: 0.25070499401772395
  view-data: 0.5176943429978564
