times:
  edit-metadata: 1.5821087589720264
  landing: 0.054726207978092134
  view-data: 0.28276977699715644
