times:
  edit-metadata: 0.5870491601526737
  landing: 0.04641984682530165
  view-data: 0.215372733771801
