times:
  edit-metadata: 1.9091654382646084
  landing: 1.1152685061097145
  view-data: 3.3257738426327705
