times:
  edit-metadata: 0.6479769633151591
  landing: 0.038369348272681236
  view-data: 0.21218873094767332
