times:
  edit-metadata: 0.6222175820730627
  landing: 0.051384024089202285
  view-data: 0.1996656011324376
