times:
  edit-metadata: 0.6085449019446969
  landing: 0.04067401634529233
  view-data: 0.20673228101804852
