times:
  edit-metadata: 1.6059316208120435
  landing: 0.07116958196274936
  view-data: 0.30170941702090204
