times:
  edit-metadata: 2.9154847636818886
  landing: 0.16520050540566444
  view-data: 0.3629257660359144
