times:
  edit-metadata: 0.5902300742454827
  landing: 0.04961340595036745
  view-data: 0.21266824612393975
