times:
  edit-metadata: 1.6776137028355151
  landing: 1.0813819111790508
  view-data: 3.3688885821029544
