times:
  edit-metadata: 1.4112516343593597
  landing: 0.8422591686248779
  view-data: 3.35176957026124
