times:
  edit-metadata: 1.6424529366195202
  landing: 0.9798105582594872
  view-data: 3.3476169779896736
