times:
  edit-metadata: 2.633646810427308
  landing: 0.13074900954961777
  view-data: 0.31139770708978176
