times:
  edit-metadata: 1.4751250222325325
  landing: 7.924408905208111
  view-data: 3.3314264975488186
