times:
  edit-metadata: 1.4694659928791225
  landing: 0.8269224469549954
  view-data: 3.3945251246914268
