times:
  edit-metadata: 1.5481126196682453
  landing: 0.02395808044821024
  view-data: 0.4950631828978658
