times:
  edit-metadata: 1.559340886771679
  landing: 0.1257098326459527
  view-data: 0.025892062112689018
