times:
  edit-metadata: 1.717490689828992
  landing: 0.8525674566626549
  view-data: 3.341060746461153
