times:
  edit-metadata: 2.9306466691195965
  landing: 0.2742717768996954
  view-data: 0.367238299921155
