times:
  edit-metadata: 1.4095834037289023
  landing: 0.8557576024904847
  view-data: 3.377065527252853
