times:
  edit-metadata: 1.5732468161731958
  landing: 1.0701119806617498
  view-data: 3.3400392597541213
