times:
  edit-metadata: 0.6214450909756124
  landing: 0.04470255319029093
  view-data: 0.20743663795292377
