times:
  edit-metadata: 2.0201753629371524
  landing: 1.0722420630045235
  view-data: 3.5403537917882204
