times:
  edit-metadata: 2.9142376966774464
  landing: 1.5867259688675404
  view-data: 3.7982047647237778
