times:
  edit-metadata: 1.5276810879586264
  landing: 0.9570723859360442
  view-data: 3.3047061130637303
