times:
  edit-metadata: 3.425038991495967
  landing: 0.022989889606833458
  view-data: 0.3041336815804243
