times:
  edit-metadata: 1.3734782617539167
  landing: 0.9520474132150412
  view-data: 3.4135525338351727
