times:
  edit-metadata: 1.4231699872761965
  landing: 0.9754736293107271
  view-data: 3.3364170361310244
