times:
  edit-metadata: 1.3710444867610931
  landing: 0.9356812089681625
  view-data: 3.414121510460973
