times:
  edit-metadata: 1.673262852942571
  landing: 0.051607127068564296
  view-data: 0.27928910683840513
