times:
  edit-metadata: 1.6665127030573785
  landing: 0.06394494790583849
  view-data: 0.2839101143181324
