times:
  edit-metadata: 2.4062859639525414
  landing: 0.020286625251173973
  view-data: 0.23207512591034174
