times:
  edit-metadata: 2.571317275054753
  landing: 0.022121597081422806
  view-data: 0.027860001660883427
