times:
  edit-metadata: 1.5638216733932495
  landing: 0.7712027616798878
  view-data: 3.3386423215270042
