times:
  edit-metadata: 1.5405612364411354
  landing: 0.023041161708533764
  view-data: 0.025263505056500435
