times:
  edit-metadata: 0.5912164740730077
  landing: 0.04848228581249714
  view-data: 0.19527279096655548
