times:
  edit-metadata: 1.9227550700306892
  landing: 1.0893234312534332
  view-data: 3.393188253045082
