times:
  edit-metadata: 1.5824240860529244
  landing: 0.05540338694117963
  view-data: 0.30647164210677147
