times:
  edit-metadata: 0.6279916996136308
  landing: 0.039689973928034306
  view-data: 0.207292215898633
