times:
  edit-metadata: 3.0172685012221336
  landing: 0.2806728631258011
  view-data: 0.16887727566063404
