times:
  edit-metadata: 2.756025444716215
  landing: 0.13237367011606693
  view-data: 0.0263814739882946
