times:
  edit-metadata: 1.6425335339736193
  landing: 0.07464450498810038
  view-data: 0.2919325009570457
