times:
  edit-metadata: 1.5973169939998115
  landing: 0.06791571899975679
  view-data: 0.2880170159996851
