times:
  edit-metadata: 0.6434664623811841
  landing: 0.03854210115969181
  view-data: 0.22478990349918604
