times:
  edit-metadata: 2.436139492318034
  landing: 0.1709313178434968
  view-data: 0.1296237763017416
