times:
  edit-metadata: 2.636552194133401
  landing: 0.1908147931098938
  view-data: 0.3494204469025135
