times:
  edit-metadata: 2.4266494438052177
  landing: 0.02010518219321966
  view-data: 0.024709167890250683
