times:
  edit-metadata: 1.4502007756382227
  landing: 0.8953858781605959
  view-data: 3.277736995369196
