times:
  edit-metadata: 1.5447205137461424
  landing: 0.9902353920042515
  view-data: 3.4452138338238
