times:
  edit-metadata: 2.6414546128362417
  landing: 0.23168321512639523
  view-data: 0.02277090772986412
