times:
  edit-metadata: 1.5683017410337925
  landing: 0.9189018793404102
  view-data: 3.3565810779109597
