times:
  edit-metadata: 1.5445099184289575
  landing: 0.02222333289682865
  view-data: 0.026385830715298653
