times:
  edit-metadata: 0.6147297197021544
  landing: 0.044085332192480564
  view-data: 0.20574896363541484
