times:
  edit-metadata: 0.5743470268789679
  landing: 0.053214763989672065
  view-data: 0.1920060149859637
