times:
  edit-metadata: 4.266285350546241
  landing: 1.8418012000620365
  view-data: 4.0205452516674995
