times:
  edit-metadata: 4.169147379696369
  landing: 2.3992025665938854
  view-data: 3.7939674146473408
