times:
  edit-metadata: 1.5203630374744534
  landing: 0.02136172540485859
  view-data: 0.025984933599829674
