times:
  edit-metadata: 1.5165962809696794
  landing: 0.01990327425301075
  view-data: 0.027765272185206413
