times:
  edit-metadata: 1.632198067032732
  landing: 0.05712634802330285
  view-data: 0.2833451820188202
