times:
  edit-metadata: 2.852151172235608
  landing: 0.48421734757721424
  view-data: 0.46324305050075054
