times:
  edit-metadata: 1.381495181005448
  landing: 0.7654983140528202
  view-data: 3.3867219612002373
