times:
  edit-metadata: 1.6996297035366297
  landing: 0.1474323756992817
  view-data: 0.2275902582332492
