times:
  edit-metadata: 2.624360056594014
  landing: 0.22366461157798767
  view-data: 0.3336887089535594
