times:
  edit-metadata: 1.6155706000281498
  landing: 0.07741642801556736
  view-data: 0.27987995301373303
