times:
  edit-metadata: 1.6423946395516396
  landing: 1.1333858221769333
  view-data: 3.352280870079994
