times:
  edit-metadata: 1.496696613729
  landing: 0.9556248746812344
  view-data: 3.3990424498915672
