times:
  edit-metadata: 2.665149414911866
  landing: 0.019602995365858078
  view-data: 0.02312621660530567
