times:
  edit-metadata: 2.711896002292633
  landing: 0.1998790092766285
  view-data: 0.2617192789912224
