times:
  edit-metadata: 1.6359438318759203
  landing: 0.06475172191858292
  view-data: 0.2746147229336202
