times:
  edit-metadata: 1.5300845177844167
  landing: 0.01972651481628418
  view-data: 0.12537836655974388
