times:
  edit-metadata: 0.5930605619214475
  landing: 0.04854747117497027
  view-data: 0.20729363709688187
