times:
  edit-metadata: 1.5054937973618507
  landing: 0.020856251940131187
  view-data: 0.024436550214886665
