times:
  edit-metadata: 1.4619624018669128
  landing: 0.9541144520044327
  view-data: 3.2896541506052017
