times:
  edit-metadata: 1.5552220232784748
  landing: 0.9747652187943459
  view-data: 3.4801692105829716
