times:
  edit-metadata: 0.5809450768865645
  landing: 0.050239365082234144
  view-data: 0.20577008090913296
