times:
  edit-metadata: 2.692904554307461
  landing: 1.3889550752937794
  view-data: 3.3873241543769836
