times:
  edit-metadata: 0.6003611059859395
  landing: 0.03778068348765373
  view-data: 0.21206906158477068
