times:
  edit-metadata: 1.380227915942669
  landing: 0.9177803620696068
  view-data: 3.3809360647574067
