times:
  edit-metadata: 0.612831078004092
  landing: 0.04066556366160512
  view-data: 0.20099080307409167
