times:
  edit-metadata: 2.3412518426775932
  landing: 0.02055099979043007
  view-data: 0.025733080692589283
