times:
  edit-metadata: 1.6151582018937916
  landing: 0.06870432291179895
  view-data: 0.28332035802304745
