times:
  edit-metadata: 1.6103677740320563
  landing: 0.07606837712228298
  view-data: 0.2818006209563464
