times:
  edit-metadata: 2.707213466987014
  landing: 0.02232467569410801
  view-data: 0.14359818026423454
