times:
  edit-metadata: 2.2051529991440475
  landing: 0.04834960587322712
  view-data: 0.2869881419464946
