times:
  edit-metadata: 0.6458545341156423
  landing: 0.052082804031670094
  view-data: 0.1954685039818287
