times:
  edit-metadata: 2.8732841219753027
  landing: 0.13945157453417778
  view-data: 0.1518797893077135
