times:
  edit-metadata: 1.7308417800813913
  landing: 1.0127999391406775
  view-data: 3.346836395561695
