times:
  edit-metadata: 1.5368235483765602
  landing: 0.02190911304205656
  view-data: 0.42670885752886534
