times:
  edit-metadata: 2.5299436198547482
  landing: 0.21894992794841528
  view-data: 0.13489301688969135
