times:
  edit-metadata: 2.556068681180477
  landing: 0.11478550918400288
  view-data: 0.36372046172618866
