times:
  edit-metadata: 1.4194314740598202
  landing: 0.9836393110454082
  view-data: 3.352012701332569
