times:
  edit-metadata: 1.5338021013885736
  landing: 0.7465544156730175
  view-data: 3.4180709440261126
