times:
  edit-metadata: 1.6349029840203002
  landing: 0.07024342601653188
  view-data: 0.27870078396517783
