times:
  edit-metadata: 0.7074566930532455
  landing: 0.050465629901736975
  view-data: 0.19781234092079103
