times:
  edit-metadata: 2.451537755317986
  landing: 0.019078719429671764
  view-data: 0.43130305968225
