times:
  edit-metadata: 2.6434121876955032
  landing: 0.12274902313947678
  view-data: 0.13556751050055027
