times:
  edit-metadata: 1.5595899391919374
  landing: 0.850159702822566
  view-data: 3.451361743733287
