times:
  edit-metadata: 1.6092555630020797
  landing: 0.07147899799747393
  view-data: 0.31781170796602964
