times:
  edit-metadata: 2.8418647535145283
  landing: 0.33220669254660606
  view-data: 0.5129200164228678
