times:
  edit-metadata: 1.3616611249744892
  landing: 0.7487738830968738
  view-data: 3.297343377955258
