times:
  edit-metadata: 2.5411167051643133
  landing: 0.024267224594950676
  view-data: 0.022834815084934235
