times:
  edit-metadata: 1.7191709792241454
  landing: 0.9949153186753392
  view-data: 3.3363991980440915
