times:
  edit-metadata: 2.0966154485940933
  landing: 1.045862378552556
  view-data: 3.6282402090728283
