times:
  edit-metadata: 1.6486371103674173
  landing: 0.9921230562031269
  view-data: 3.444284933619201
