times:
  edit-metadata: 1.863353680819273
  landing: 0.06968370592221618
  view-data: 0.39651417220011353
