times:
  edit-metadata: 0.6114380719373003
  landing: 0.04057652095798403
  view-data: 0.20763627195265144
