times:
  edit-metadata: 0.5833765449933708
  landing: 0.04572579590603709
  view-data: 0.2037512669339776
