times:
  edit-metadata: 1.3769184723496437
  landing: 0.8454028572887182
  view-data: 3.4145762268453836
