times:
  edit-metadata: 1.5485888216644526
  landing: 0.8911036103963852
  view-data: 3.4322715420275927
