times:
  edit-metadata: 0.6193898930214345
  landing: 0.05201964499428868
  view-data: 0.22007714095525444
