times:
  edit-metadata: 1.5146617153659463
  landing: 0.02197801973670721
  view-data: 0.12223860714584589
