times:
  edit-metadata: 1.7059795409440994
  landing: 1.2314663790166378
  view-data: 3.342149807140231
