times:
  edit-metadata: 2.1244771261699498
  landing: 0.06309975823387504
  view-data: 0.43463798565790057
