times:
  edit-metadata: 0.6356689184904099
  landing: 0.03985170088708401
  view-data: 0.20771817583590746
