times:
  edit-metadata: 1.4757065884768963
  landing: 0.8772793021053076
  view-data: 3.440956201404333
