times:
  edit-metadata: 2.9397376514971256
  landing: 0.020655803382396698
  view-data: 0.3617971781641245
