times:
  edit-metadata: 0.5883348910138011
  landing: 0.0433106729760766
  view-data: 0.21082797087728977
