times:
  edit-metadata: 2.646200116723776
  landing: 0.23860000632703304
  view-data: 0.3965996392071247
