times:
  edit-metadata: 2.2963498681783676
  landing: 1.378513928502798
  view-data: 3.8991874121129513
