times:
  edit-metadata: 2.659152800217271
  landing: 0.23109799437224865
  view-data: 0.024285228922963142
