times:
  edit-metadata: 2.39508855715394
  landing: 0.12089142389595509
  view-data: 0.12304358277469873
