times:
  edit-metadata: 1.614028763025999
  landing: 0.07329292700160295
  view-data: 0.2951968900160864
