times:
  edit-metadata: 2.4639446549117565
  landing: 0.24357067700475454
  view-data: 0.4155621062964201
