times:
  edit-metadata: 0.5785154281184077
  landing: 0.04530588071793318
  view-data: 0.192217034753412
