times:
  edit-metadata: 3.1987556274980307
  landing: 0.29384696297347546
  view-data: 0.1545669101178646
