times:
  edit-metadata: 1.5424523204565048
  landing: 0.021434237249195576
  view-data: 0.026277256198227406
