times:
  edit-metadata: 2.540844140574336
  landing: 0.022221969440579414
  view-data: 0.13526393100619316
