times:
  edit-metadata: 1.3961483528837562
  landing: 0.9433004180900753
  view-data: 3.425567905884236
