times:
  edit-metadata: 1.6210835550446063
  landing: 0.07465529395267367
  view-data: 0.3045992370462045
