times:
  edit-metadata: 1.593397345393896
  landing: 0.8897856399416924
  view-data: 3.460762932896614
