times:
  edit-metadata: 1.6815830889972858
  landing: 0.08224482700461522
  view-data: 0.42602318001445383
