times:
  edit-metadata: 1.6402975860983133
  landing: 0.06736153969541192
  view-data: 0.27282834285870194
