times:
  edit-metadata: 0.6105896322987974
  landing: 0.04488543327897787
  view-data: 0.20405965065583587
