times:
  edit-metadata: 1.9961385894566774
  landing: 1.1218969486653805
  view-data: 3.481940297409892
