times:
  edit-metadata: 0.6116027138195932
  landing: 0.03645351715385914
  view-data: 0.20174074871465564
