times:
  edit-metadata: 1.5405734181404114
  landing: 0.8734788112342358
  view-data: 3.3806034922599792
