times:
  edit-metadata: 1.7923779338598251
  landing: 0.07225381536409259
  view-data: 0.2622507307678461
