times:
  edit-metadata: 1.5379630289971828
  landing: 0.09809641074389219
  view-data: 0.45680656004697084
