times:
  edit-metadata: 1.5276541747152805
  landing: 1.0340566746890545
  view-data: 3.486409302800894
