times:
  edit-metadata: 3.829334307461977
  landing: 2.4958899077028036
  view-data: 3.6699662283062935
