times:
  edit-metadata: 1.5416176123544574
  landing: 0.021731735207140446
  view-data: 0.23761714342981577
