times:
  edit-metadata: 1.4948615129105747
  landing: 0.09759240876883268
  view-data: 0.3485613497905433
