times:
  edit-metadata: 0.5666153812780976
  landing: 0.04679235117509961
  view-data: 0.20190710900351405
