times:
  edit-metadata: 0.7098304920364171
  landing: 0.08829566813074052
  view-data: 0.39961048890836537
