times:
  edit-metadata: 2.302922824397683
  landing: 1.5699598360806704
  view-data: 3.570008896291256
