times:
  edit-metadata: 1.5856509750010446
  landing: 0.07383434101939201
  view-data: 0.40789289798703976
