times:
  edit-metadata: 2.4325737031176686
  landing: 0.022228101268410683
  view-data: 0.024673850275576115
