times:
  edit-metadata: 1.4121014028787613
  landing: 0.7460489813238382
  view-data: 3.284217307344079
