times:
  edit-metadata: 2.630212184973061
  landing: 0.9318314818665385
  view-data: 3.6165208350867033
