times:
  edit-metadata: 1.6004895449150354
  landing: 0.06864666298497468
  view-data: 0.2762797980103642
