times:
  edit-metadata: 1.5317089948803186
  landing: 0.7884091287851334
  view-data: 3.388470971956849
