times:
  edit-metadata: 1.645117586478591
  landing: 0.9936804492026567
  view-data: 3.3817682275548577
