times:
  edit-metadata: 1.5359135512262583
  landing: 0.8203591275960207
  view-data: 3.39757988601923
