times:
  edit-metadata: 1.7633332908153534
  landing: 1.3848886843770742
  view-data: 3.4359810007736087
