times:
  edit-metadata: 1.5784808481112123
  landing: 0.1834563910961151
  view-data: 0.1001379918307066
