times:
  edit-metadata: 1.579578929580748
  landing: 0.02009508665651083
  view-data: 0.09984207432717085
