times:
  edit-metadata: 1.6211897269822657
  landing: 0.04597727186046541
  view-data: 0.2776100670453161
