times:
  edit-metadata: 2.5231194626539946
  landing: 0.019751248881220818
  view-data: 0.02281991019845009
