times:
  edit-metadata: 2.0221348255872726
  landing: 1.2512555345892906
  view-data: 3.482016656547785
