times:
  edit-metadata: 1.8918457049876451
  landing: 0.10937225632369518
  view-data: 0.26580434013158083
