times:
  edit-metadata: 1.610689440742135
  landing: 0.838558841496706
  view-data: 3.423787796869874
