times:
  edit-metadata: 1.611510484945029
  landing: 0.060531062074005604
  view-data: 0.26954410597682
