times:
  edit-metadata: 1.69058146327734
  landing: 1.1030890569090843
  view-data: 3.3569186106324196
