times:
  edit-metadata: 1.5991446650587022
  landing: 0.06524058571085334
  view-data: 0.27904048236086965
