times:
  edit-metadata: 1.6257628059829585
  landing: 0.07705262702074833
  view-data: 0.3166401490161661
