times:
  edit-metadata: 1.5388699630275369
  landing: 0.09622175712138414
  view-data: 0.12592509388923645
