times:
  edit-metadata: 1.6291896770708263
  landing: 0.0544424569234252
  view-data: 0.28579007601365447
