times:
  edit-metadata: 1.5573441497981548
  landing: 0.8979544192552567
  view-data: 3.4064895808696747
