times:
  edit-metadata: 0.5615775330225006
  landing: 0.04529298096895218
  view-data: 0.20670439000241458
