times:
  edit-metadata: 3.1714202482253313
  landing: 0.04191724397242069
  view-data: 0.055248335003852844
