times:
  edit-metadata: 1.3921007104218006
  landing: 1.046382114291191
  view-data: 3.475429233163595
