times:
  edit-metadata: 1.507130161859095
  landing: 0.02098629344254732
  view-data: 0.12031745444983244
