times:
  edit-metadata: 2.3719624476507306
  landing: 0.09605516865849495
  view-data: 0.028012065216898918
