times:
  edit-metadata: 1.6910172277130187
  landing: 0.06644751783460379
  view-data: 0.2813756591640413
