times:
  edit-metadata: 1.6021342426538467
  landing: 0.7889755163341761
  view-data: 3.420931601896882
