times:
  edit-metadata: 1.6189078430179507
  landing: 0.06735882209613919
  view-data: 0.29151721321977675
