times:
  edit-metadata: 1.5135181220248342
  landing: 0.9303524121642113
  view-data: 3.432808632031083
