times:
  edit-metadata: 1.4803118910640478
  landing: 0.7998781697824597
  view-data: 3.3777094408869743
