times:
  edit-metadata: 1.4205685406923294
  landing: 0.9424953646957874
  view-data: 3.420186385512352
