times:
  edit-metadata: 0.5826269392855465
  landing: 0.04475842835381627
  view-data: 0.20036355685442686
