times:
  edit-metadata: 2.6022221744060516
  landing: 0.019553808495402336
  view-data: 0.11865979619324207
