times:
  edit-metadata: 2.4112062761560082
  landing: 0.11527570988982916
  view-data: 0.025903823785483837
