times:
  edit-metadata: 1.5698408968746662
  landing: 0.9055112134665251
  view-data: 3.416269915178418
