times:
  edit-metadata: 1.3834686176851392
  landing: 0.8965789014473557
  view-data: 3.3867202065885067
