times:
  edit-metadata: 1.5908298064023256
  landing: 0.8744238372892141
  view-data: 3.479922641068697
