times:
  edit-metadata: 0.596833867020905
  landing: 0.04215938504785299
  view-data: 0.20092028519138694
