times:
  edit-metadata: 0.5833300412632525
  landing: 0.05013939784839749
  view-data: 0.19981299107894301
