times:
  edit-metadata: 0.5950432270765305
  landing: 0.04749138606712222
  view-data: 0.20718481694348156
