times:
  edit-metadata: 1.4198593432083726
  landing: 1.5694125592708588
  view-data: 3.3835837012156844
