times:
  edit-metadata: 0.6198692107573152
  landing: 0.04127270635217428
  view-data: 0.209845588542521
