times:
  edit-metadata: 0.8090300930198282
  landing: 0.049015783006325364
  view-data: 0.25213204184547067
