times:
  edit-metadata: 1.4702336881309748
  landing: 0.02183905988931656
  view-data: 0.02524331770837307
