times:
  edit-metadata: 1.5434891721233726
  landing: 0.11179483588784933
  view-data: 0.024291612207889557
