times:
  edit-metadata: 0.6360106477513909
  landing: 0.04294997500255704
  view-data: 0.21380720613524318
