times:
  edit-metadata: 2.3668868355453014
  landing: 0.022116510197520256
  view-data: 0.09845083486288786
