times:
  edit-metadata: 1.5202681217342615
  landing: 0.020251944661140442
  view-data: 0.025637836195528507
