times:
  edit-metadata: 0.5993221551179886
  landing: 0.0449712760746479
  view-data: 0.20396484108641744
