times:
  edit-metadata: 1.6499878182075918
  landing: 0.07702410221099854
  view-data: 0.2653488148935139
