times:
  edit-metadata: 1.5000087236985564
  landing: 0.01932582352310419
  view-data: 0.11939725931733847
