times:
  edit-metadata: 2.773537889122963
  landing: 0.11628405936062336
  view-data: 0.14085564389824867
