times:
  edit-metadata: 1.5205058073624969
  landing: 0.021975642070174217
  view-data: 0.025780219584703445
