times:
  edit-metadata: 1.6045071594417095
  landing: 1.1741730906069279
  view-data: 3.4685155749320984
