times:
  edit-metadata: 0.6787763820029795
  landing: 0.04316211398690939
  view-data: 0.21159349288791418
