times:
  edit-metadata: 2.6738990247249603
  landing: 0.020028119906783104
  view-data: 0.025990301743149757
