times:
  edit-metadata: 1.575767203932628
  landing: 0.07098990515805781
  view-data: 0.4271888858638704
