times:
  edit-metadata: 1.5063441125676036
  landing: 0.021820328198373318
  view-data: 0.12253373861312866
