times:
  edit-metadata: 1.5952486298047006
  landing: 0.06158021371811628
  view-data: 0.3003717460669577
