times:
  edit-metadata: 0.6773855341598392
  landing: 0.08550683315843344
  view-data: 0.23782933503389359
