times:
  edit-metadata: 2.5901333205401897
  landing: 0.02218727208673954
  view-data: 0.2974795438349247
