times:
  edit-metadata: 2.010198950767517
  landing: 1.1519225612282753
  view-data: 3.8260603733360767
