times:
  edit-metadata: 0.621115981019102
  landing: 0.051006018999032676
  view-data: 0.20453723997343332
