times:
  edit-metadata: 1.3618690241128206
  landing: 0.7906818054616451
  view-data: 3.3442113613709807
