times:
  edit-metadata: 1.4042256958782673
  landing: 0.9243300966918468
  view-data: 3.5705663822591305
