times:
  edit-metadata: 0.6550796441733837
  landing: 0.08581566996872425
  view-data: 0.26200314797461033
