times:
  edit-metadata: 1.4989196117967367
  landing: 0.8235882613807917
  view-data: 3.434299599379301
