times:
  edit-metadata: 1.602201750036329
  landing: 1.0826786253601313
  view-data: 3.2623419128358364
