times:
  edit-metadata: 1.396584833972156
  landing: 0.8281613201834261
  view-data: 3.3886803556233644
