times:
  edit-metadata: 1.420771535485983
  landing: 0.8148165345191956
  view-data: 3.3267471343278885
