times:
  edit-metadata: 1.5254016444087029
  landing: 0.7834491059184074
  view-data: 3.394261695444584
