times:
  edit-metadata: 0.5542363929562271
  landing: 0.04501891089603305
  view-data: 0.2026950279250741
