times:
  edit-metadata: 0.5928775873035192
  landing: 0.04389066807925701
  view-data: 0.21280409581959248
