times:
  edit-metadata: 1.6193991042673588
  landing: 1.465163841843605
  view-data: 3.3943944796919823
