times:
  edit-metadata: 1.5146370027214289
  landing: 0.019684980623424053
  view-data: 0.12121741566807032
