times:
  edit-metadata: 2.3937754528596997
  landing: 0.020096211694180965
  view-data: 0.11991668120026588
