times:
  edit-metadata: 0.5785829606465995
  landing: 0.05370302312076092
  view-data: 0.20214847195893526
