times:
  edit-metadata: 1.3988370929146186
  landing: 0.8255007350817323
  view-data: 3.3529904530150816
