times:
  edit-metadata: 0.7096311692148447
  landing: 0.12434579897671938
  view-data: 0.1943273008801043
