times:
  edit-metadata: 1.5226416662335396
  landing: 0.8643982261419296
  view-data: 3.4453407302498817
