times:
  edit-metadata: 0.61162791820243
  landing: 0.05100101372227073
  view-data: 0.21511045191437006
