times:
  edit-metadata: 3.1003236901015043
  landing: 0.055718036368489265
  view-data: 0.16592413932085037
