times:
  edit-metadata: 0.6175903950352222
  landing: 0.06338516995310783
  view-data: 0.22932848311029375
