times:
  edit-metadata: 2.3786083376035094
  landing: 0.11357318889349699
  view-data: 0.1197171388193965
