times:
  edit-metadata: 1.488317420706153
  landing: 0.9738582652062178
  view-data: 3.389914316125214
