times:
  edit-metadata: 2.539087211713195
  landing: 0.019350729882717133
  view-data: 0.022009266540408134
