times:
  edit-metadata: 1.624303340970073
  landing: 0.05924599902937189
  view-data: 0.3160823439829983
