times:
  edit-metadata: 3.053022123873234
  landing: 0.22065256349742413
  view-data: 0.42315826937556267
