times:
  edit-metadata: 1.58209965005517
  landing: 0.8122640177607536
  view-data: 3.4610761515796185
