times:
  edit-metadata: 1.4334658235311508
  landing: 0.7318407110869884
  view-data: 3.2963861040771008
