times:
  edit-metadata: 1.5738475574180484
  landing: 0.021788925863802433
  view-data: 0.024806615896523
