times:
  edit-metadata: 2.380272467620671
  landing: 0.11018926743417978
  view-data: 0.025838560424745083
