times:
  edit-metadata: 2.5489581916481256
  landing: 0.2412972506135702
  view-data: 0.40360058192163706
