times:
  edit-metadata: 1.8282513469457626
  landing: 1.4735980108380318
  view-data: 3.8143894597887993
