times:
  edit-metadata: 1.488846430554986
  landing: 0.9040288589894772
  view-data: 3.3980686217546463
