times:
  edit-metadata: 1.6021629087626934
  landing: 1.1376908347010612
  view-data: 3.313435148447752
