times:
  edit-metadata: 1.626157398102805
  landing: 0.06958874617703259
  view-data: 0.2651631629560143
