times:
  edit-metadata: 1.527979802340269
  landing: 0.02261024061590433
  view-data: 0.123349673114717
