times:
  edit-metadata: 1.6034149923361838
  landing: 0.07004894083365798
  view-data: 0.3014285918325186
