times:
  edit-metadata: 2.3933345284312963
  landing: 0.018500500358641148
  view-data: 0.024657991714775562
