times:
  edit-metadata: 0.6083677479764447
  landing: 0.04571354400832206
  view-data: 0.21189642196986824
