times:
  edit-metadata: 1.5806658419314772
  landing: 0.0675912550650537
  view-data: 0.2801284280139953
