times:
  edit-metadata: 1.5880075639579445
  landing: 0.05789806705433875
  view-data: 0.27666318498086184
