times:
  edit-metadata: 1.5624935925006866
  landing: 0.019739809446036816
  view-data: 0.2125244503840804
