times:
  edit-metadata: 3.2668844778090715
  landing: 0.13196835853159428
  view-data: 0.4222335033118725
