times:
  edit-metadata: 2.977948695421219
  landing: 0.18851214088499546
  view-data: 0.028498787432909012
