times:
  edit-metadata: 1.6212739449983928
  landing: 0.05901988100231392
  view-data: 0.27200030999665614
