times:
  edit-metadata: 1.4106499161571264
  landing: 0.8218415351584554
  view-data: 3.3905912758782506
