times:
  edit-metadata: 2.645196447148919
  landing: 0.019221661612391472
  view-data: 0.024077024310827255
