times:
  edit-metadata: 1.5458163805305958
  landing: 0.8911912590265274
  view-data: 3.404343329370022
