times:
  edit-metadata: 1.6383988996967673
  landing: 0.9725795947015285
  view-data: 3.327591515146196
