times:
  edit-metadata: 0.5886248629540205
  landing: 0.05075166514143348
  view-data: 0.20631973259150982
