times:
  edit-metadata: 1.8437860530029866
  landing: 0.05984202200488653
  view-data: 0.2891771510039689
