times:
  edit-metadata: 1.403460572939366
  landing: 0.8597494908608496
  view-data: 3.27715717907995
