times:
  edit-metadata: 1.5148943020030856
  landing: 0.01922420971095562
  view-data: 0.2114414656534791
