times:
  edit-metadata: 1.5699352575466037
  landing: 1.1839758418500423
  view-data: 3.407477575354278
