times:
  edit-metadata: 1.5086453538388014
  landing: 0.022476335987448692
  view-data: 0.12404646165668964
