times:
  edit-metadata: 1.4935038536787033
  landing: 0.6842628493905067
  view-data: 3.2990542128682137
