times:
  edit-metadata: 1.4604222849011421
  landing: 0.7762419767677784
  view-data: 3.3210305012762547
