times:
  edit-metadata: 1.4840422831475735
  landing: 0.7564607486128807
  view-data: 3.2897221110761166
