times:
  edit-metadata: 1.5452577285468578
  landing: 0.8138320706784725
  view-data: 3.3342729955911636
