times:
  edit-metadata: 1.4656869769096375
  landing: 0.8098527789115906
  view-data: 3.4909809604287148
