times:
  edit-metadata: 2.6717001311481
  landing: 2.152772445231676
  view-data: 3.4696629606187344
