times:
  edit-metadata: 1.4524856805801392
  landing: 0.7345899343490601
  view-data: 3.5179862082004547
