times:
  edit-metadata: 1.471460871398449
  landing: 0.8356949761509895
  view-data: 3.3549882248044014
