times:
  edit-metadata: 1.4884075820446014
  landing: 1.1099943220615387
  view-data: 3.4656551480293274
