times:
  edit-metadata: 1.450684830546379
  landing: 0.7945090010762215
  view-data: 3.5029087215662003
