times:
  edit-metadata: 1.4996331334114075
  landing: 0.7407880313694477
  view-data: 3.30729478597641
