times:
  edit-metadata: 1.5698416531085968
  landing: 0.8856244161725044
  view-data: 3.324419192969799
