times:
  edit-metadata: 1.4130100682377815
  landing: 0.7838127985596657
  view-data: 3.277903839945793
