times:
  edit-metadata: 1.4314086958765984
  landing: 0.758878268301487
  view-data: 3.454307332634926
