times:
  edit-metadata: 2.531803499907255
  landing: 1.3468706384301186
  view-data: 3.3704517669975758
