times:
  edit-metadata: 1.5219644233584404
  landing: 0.7069052867591381
  view-data: 3.275788336992264
