times:
  edit-metadata: 1.5400385409593582
  landing: 1.0552791580557823
  view-data: 3.404592130333185
