times:
  edit-metadata: 1.359482727944851
  landing: 0.8667199909687042
  view-data: 3.5251297280192375
