times:
  edit-metadata: 1.493958130478859
  landing: 0.8342248760163784
  view-data: 3.4151377752423286
