times:
  edit-metadata: 1.4425806179642677
  landing: 0.7565943226218224
  view-data: 3.4600021094083786
