times:
  edit-metadata: 1.3647888973355293
  landing: 0.6989752277731895
  view-data: 3.476075902581215
