times:
  edit-metadata: 1.5496275871992111
  landing: 0.8125806450843811
  view-data: 3.362170945852995
