times:
  edit-metadata: 1.718556173145771
  landing: 0.7690229676663876
  view-data: 3.3388904333114624
