times:
  edit-metadata: 1.5916811153292656
  landing: 0.765009380877018
  view-data: 3.5334584712982178
