times:
  edit-metadata: 1.4960736781358719
  landing: 0.7526184096932411
  view-data: 3.480075918138027
