times:
  edit-metadata: 1.5417220145463943
  landing: 0.8050239309668541
  view-data: 3.4741367921233177
