times:
  edit-metadata: 1.4626848995685577
  landing: 0.7851369306445122
  view-data: 3.4700351655483246
