times:
  edit-metadata: 1.3976928815245628
  landing: 0.7254485040903091
  view-data: 3.445100598037243
