times:
  edit-metadata: 1.3708349615335464
  landing: 0.7056080028414726
  view-data: 3.4748946502804756
