times:
  edit-metadata: 1.4596807360649109
  landing: 0.7685919478535652
  view-data: 3.5248105227947235
