times:
  edit-metadata: 1.4748592525720596
  landing: 0.7391230165958405
  view-data: 3.4627754166722298
