times:
  edit-metadata: 1.4649260640144348
  landing: 0.7125364691019058
  view-data: 3.358549915254116
