times:
  edit-metadata: 1.5201981216669083
  landing: 0.7764938212931156
  view-data: 3.3469257913529873
