times:
  edit-metadata: 1.5074255466461182
  landing: 0.7893360108137131
  view-data: 3.3608168363571167
