times:
  edit-metadata: 1.3999148085713387
  landing: 0.6525417566299438
  view-data: 3.4727448150515556
