times:
  edit-metadata: 1.4875369518995285
  landing: 0.7868526205420494
  view-data: 3.5069680958986282
