times:
  edit-metadata: 1.8114940747618675
  landing: 1.0615870952606201
  view-data: 3.48526880890131
