times:
  edit-metadata: 1.4055409282445908
  landing: 0.73504289239645
  view-data: 3.476799860596657
