times:
  edit-metadata: 1.3414113372564316
  landing: 0.7356905043125153
  view-data: 3.457457832992077
