times:
  edit-metadata: 1.4599712938070297
  landing: 0.7436514645814896
  view-data: 3.5329089388251305
