times:
  edit-metadata: 1.523133397102356
  landing: 0.7429075166583061
  view-data: 3.414763778448105
