times:
  edit-metadata: 1.302508682012558
  landing: 0.7443163692951202
  view-data: 3.448592536151409
