times:
  edit-metadata: 1.360486850142479
  landing: 0.768220067024231
  view-data: 3.4510502591729164
