times:
  edit-metadata: 1.4207235351204872
  landing: 0.9454332366585732
  view-data: 3.321602389216423
