times:
  edit-metadata: 1.387192890048027
  landing: 0.8005725145339966
  view-data: 3.471166841685772
