times:
  edit-metadata: 1.4278626255691051
  landing: 0.7256177552044392
  view-data: 3.273440107703209
