times:
  edit-metadata: 1.423150423914194
  landing: 0.8485259860754013
  view-data: 3.3204411827027798
