times:
  edit-metadata: 1.4303877912461758
  landing: 0.7141184918582439
  view-data: 3.282401718199253
