times:
  edit-metadata: 1.4198333844542503
  landing: 0.8023022525012493
  view-data: 3.320319827646017
