times:
  edit-metadata: 1.4815488308668137
  landing: 0.8063869178295135
  view-data: 3.3332184441387653
