times:
  edit-metadata: 1.5089307352900505
  landing: 0.7778572887182236
  view-data: 3.4524777606129646
