times:
  edit-metadata: 1.4118462055921555
  landing: 0.7577858418226242
  view-data: 3.3578312546014786
