times:
  edit-metadata: 1.4108658395707607
  landing: 0.7163490317761898
  view-data: 3.3445949219167233
