times:
  edit-metadata: 1.441066563129425
  landing: 0.7267358228564262
  view-data: 3.516056068241596
