times:
  edit-metadata: 1.1805816143751144
  landing: 0.8604825437068939
  view-data: 3.5121473595499992
