times:
  edit-metadata: 1.725339885801077
  landing: 0.9879395738244057
  view-data: 3.3381258882582188
