times:
  edit-metadata: 1.3797068074345589
  landing: 0.6805095970630646
  view-data: 3.4053134694695473
