times:
  edit-metadata: 1.5009177401661873
  landing: 0.7888811603188515
  view-data: 3.328566327691078
