times:
  edit-metadata: 1.3536051884293556
  landing: 0.7459745034575462
  view-data: 3.4768770337104797
