times:
  edit-metadata: 1.3915551155805588
  landing: 0.7650702595710754
  view-data: 3.405226342380047
