times:
  edit-metadata: 1.510652594268322
  landing: 0.8236865475773811
  view-data: 3.3358509093523026
