times:
  edit-metadata: 1.4473864622414112
  landing: 0.781662005931139
  view-data: 3.382091175764799
