times:
  edit-metadata: 1.5174787044525146
  landing: 0.8084641322493553
  view-data: 3.281318351626396
