times:
  edit-metadata: 1.5012180097401142
  landing: 0.7289204262197018
  view-data: 3.334934636950493
