times:
  edit-metadata: 1.4239643216133118
  landing: 0.7807673141360283
  view-data: 3.5612262934446335
