times:
  edit-metadata: 1.4741946011781693
  landing: 0.7973033562302589
  view-data: 3.3001277819275856
