times:
  edit-metadata: 1.4242435917258263
  landing: 0.7505273818969727
  view-data: 3.4540213644504547
