times:
  edit-metadata: 1.6009125113487244
  landing: 0.9422388598322868
  view-data: 3.3738459646701813
