times:
  edit-metadata: 1.3678441420197487
  landing: 0.7798574194312096
  view-data: 3.3423646688461304
