times:
  edit-metadata: 1.5898570194840431
  landing: 0.8718197122216225
  view-data: 3.381401926279068
