times:
  edit-metadata: 1.5507994145154953
  landing: 0.7125829458236694
  view-data: 3.313133142888546
