times:
  edit-metadata: 1.5016329884529114
  landing: 0.7081764414906502
  view-data: 3.4496016055345535
