times:
  edit-metadata: 1.5221719443798065
  landing: 0.8347193077206612
  view-data: 3.8207773342728615
