times:
  edit-metadata: 1.3910909816622734
  landing: 0.7026088163256645
  view-data: 3.4766277372837067
