times:
  edit-metadata: 1.3825669214129448
  landing: 0.808643564581871
  view-data: 3.4241588190197945
