times:
  edit-metadata: 1.3725393265485764
  landing: 0.7039519101381302
  view-data: 3.5048344507813454
