times:
  edit-metadata: 1.4919724091887474
  landing: 0.7814164459705353
  view-data: 3.468291223049164
