times:
  edit-metadata: 1.3816053941845894
  landing: 0.7690094038844109
  view-data: 3.3011095225811005
