times:
  edit-metadata: 1.6658195778727531
  landing: 0.8292476013302803
  view-data: 3.3047910816967487
