times:
  edit-metadata: 1.5371390208601952
  landing: 0.8265078030526638
  view-data: 3.3483697809278965
