times:
  edit-metadata: 2.4481766149401665
  landing: 1.656668245792389
  view-data: 3.599428340792656
