times:
  edit-metadata: 1.4435914158821106
  landing: 0.7219279035925865
  view-data: 3.303529754281044
