times:
  edit-metadata: 1.4874793514609337
  landing: 0.7228162363171577
  view-data: 3.439675286412239
