times:
  edit-metadata: 2.517604809254408
  landing: 1.3576873429119587
  view-data: 3.358638644218445
