times:
  edit-metadata: 1.708448402583599
  landing: 0.7934846393764019
  view-data: 3.403958559036255
