times:
  edit-metadata: 3.07603158056736
  landing: 1.0968101248145103
  view-data: 3.416238844394684
