times:
  edit-metadata: 1.505914568901062
  landing: 0.7206201925873756
  view-data: 3.2834479734301567
