times:
  edit-metadata: 1.6707032099366188
  landing: 0.8077406883239746
  view-data: 3.312569074332714
