times:
  edit-metadata: 1.5473852753639221
  landing: 1.0108633488416672
  view-data: 3.34206435829401
