times:
  edit-metadata: 1.5253662280738354
  landing: 0.8246200196444988
  view-data: 3.3612068369984627
