times:
  edit-metadata: 1.4968181103467941
  landing: 0.778716966509819
  view-data: 3.498825378715992
