times:
  edit-metadata: 1.650304563343525
  landing: 0.7675441205501556
  view-data: 3.354886692017317
