times:
  edit-metadata: 1.4411295875906944
  landing: 0.7981467694044113
  view-data: 3.3997810035943985
