times:
  edit-metadata: 1.406262919306755
  landing: 0.6581635996699333
  view-data: 3.4173998534679413
