times:
  edit-metadata: 1.3726256042718887
  landing: 0.8045652285218239
  view-data: 3.503742069005966
