times:
  edit-metadata: 1.4582960456609726
  landing: 0.836970828473568
  view-data: 3.32141575217247
