times:
  edit-metadata: 1.448520727455616
  landing: 0.7350930161774158
  view-data: 3.274846613407135
