times:
  edit-metadata: 1.3616383373737335
  landing: 0.7946822866797447
  view-data: 3.3357816599309444
