times:
  edit-metadata: 1.4581653252243996
  landing: 0.753019530326128
  view-data: 3.3465238325297832
