times:
  edit-metadata: 1.4269442781805992
  landing: 0.8298447877168655
  view-data: 3.3617769964039326
