times:
  edit-metadata: 1.5027842596173286
  landing: 0.8178704492747784
  view-data: 3.26413581520319
