times:
  edit-metadata: 1.499345824122429
  landing: 0.7275133840739727
  view-data: 3.3381446450948715
