times:
  edit-metadata: 1.4784769900143147
  landing: 0.7969759032130241
  view-data: 3.274842571467161
