times:
  edit-metadata: 1.5167605131864548
  landing: 0.8175115212798119
  view-data: 3.5087783485651016
