times:
  edit-metadata: 1.3962808586657047
  landing: 0.7928761541843414
  view-data: 3.3221638947725296
