times:
  edit-metadata: 1.4189549498260021
  landing: 0.7553784400224686
  view-data: 3.2831841856241226
