times:
  edit-metadata: 1.5048776865005493
  landing: 0.8777977637946606
  view-data: 3.329153183847666
