times:
  edit-metadata: 1.4657536186277866
  landing: 0.7761531546711922
  view-data: 3.3579595535993576
