times:
  edit-metadata: 2.632594257593155
  landing: 1.8419352397322655
  view-data: 3.848048835992813
