times:
  edit-metadata: 1.5524432435631752
  landing: 0.7455022186040878
  view-data: 3.5100604817271233
