times:
  edit-metadata: 1.6360320672392845
  landing: 0.7175554893910885
  view-data: 3.343416105955839
