times:
  edit-metadata: 1.3600469306111336
  landing: 0.7832963615655899
  view-data: 3.3606518507003784
