times:
  edit-metadata: 2.1658811308443546
  landing: 1.1323453411459923
  view-data: 3.35277633741498
