times:
  edit-metadata: 1.431423433125019
  landing: 0.7428148686885834
  view-data: 3.265306770801544
