times:
  edit-metadata: 1.4424886777997017
  landing: 0.7544877231121063
  view-data: 3.4717102125287056
