times:
  edit-metadata: 1.4868413805961609
  landing: 0.7179179787635803
  view-data: 3.4642147198319435
