times:
  edit-metadata: 1.3924417607486248
  landing: 0.7484868802130222
  view-data: 3.3234054185450077
