times:
  edit-metadata: 1.4297326132655144
  landing: 0.7684589102864265
  view-data: 3.473354548215866
