times:
  edit-metadata: 1.4731794074177742
  landing: 0.7614806219935417
  view-data: 3.3907367140054703
