times:
  edit-metadata: 1.4302743785083294
  landing: 0.8083911500871181
  view-data: 3.3326762095093727
