times:
  edit-metadata: 1.3497642204165459
  landing: 0.7785324975848198
  view-data: 3.364153653383255
