times:
  edit-metadata: 1.5003406181931496
  landing: 0.8615223169326782
  view-data: 3.4969665110111237
