times:
  edit-metadata: 1.436446063220501
  landing: 0.7193939238786697
  view-data: 3.2676130272448063
