times:
  edit-metadata: 1.4315639287233353
  landing: 0.7996952459216118
  view-data: 3.474646992981434
