times:
  edit-metadata: 2.782830387353897
  landing: 1.6889142468571663
  view-data: 3.63206934183836
