times:
  edit-metadata: 1.3983424343168736
  landing: 0.8140866868197918
  view-data: 3.3402971029281616
