times:
  edit-metadata: 1.6863586902618408
  landing: 0.987093597650528
  view-data: 3.4182236567139626
