times:
  edit-metadata: 2.211644247174263
  landing: 1.0730094760656357
  view-data: 3.435357190668583
