times:
  edit-metadata: 1.4621247053146362
  landing: 0.7965046614408493
  view-data: 3.3735046684741974
