times:
  edit-metadata: 1.3642231933772564
  landing: 0.7768163122236729
  view-data: 3.3475300185382366
