times:
  edit-metadata: 1.6163449957966805
  landing: 0.8235740326344967
  view-data: 3.3282403647899628
