times:
  edit-metadata: 1.5135740153491497
  landing: 0.7252550944685936
  view-data: 3.3003777973353863
