times:
  edit-metadata: 1.4309240728616714
  landing: 0.7933546453714371
  view-data: 3.539989948272705
