times:
  edit-metadata: 1.4184698313474655
  landing: 0.7631737664341927
  view-data: 3.50543974339962
