times:
  edit-metadata: 1.6261759251356125
  landing: 0.8591320887207985
  view-data: 3.4298535138368607
