times:
  edit-metadata: 1.460064135491848
  landing: 0.7694769278168678
  view-data: 3.4253911152482033
