times:
  edit-metadata: 1.3894026279449463
  landing: 0.7347162067890167
  view-data: 3.423795409500599
