times:
  edit-metadata: 1.5520942509174347
  landing: 0.7598446384072304
  view-data: 3.4375010281801224
