times:
  edit-metadata: 1.5441115498542786
  landing: 0.9297152459621429
  view-data: 3.516589470207691
