times:
  edit-metadata: 1.4257896319031715
  landing: 0.7349846884608269
  view-data: 3.374241463840008
