times:
  edit-metadata: 1.4641926623880863
  landing: 0.7185157276690006
  view-data: 3.2745625749230385
