times:
  edit-metadata: 1.8925137743353844
  landing: 1.0306041315197945
  view-data: 3.3300564140081406
