times:
  edit-metadata: 1.3957732394337654
  landing: 0.8023766614496708
  view-data: 3.336591102182865
