times:
  edit-metadata: 1.4134163372218609
  landing: 0.7904602475464344
  view-data: 3.2979738526046276
