times:
  edit-metadata: 1.3881228268146515
  landing: 0.7111398726701736
  view-data: 3.2824050188064575
