times:
  edit-metadata: 1.5417037308216095
  landing: 0.7858932614326477
  view-data: 3.313446793705225
