times:
  edit-metadata: 1.5399159155786037
  landing: 0.7098816409707069
  view-data: 3.4204896315932274
