times:
  edit-metadata: 1.4514058269560337
  landing: 0.7322395034134388
  view-data: 3.3080763407051563
