times:
  edit-metadata: 1.5414916537702084
  landing: 0.8426404222846031
  view-data: 3.7268244698643684
