times:
  edit-metadata: 1.3979319706559181
  landing: 0.7971566617488861
  view-data: 3.303654171526432
