times:
  edit-metadata: 1.3877889811992645
  landing: 0.7458996996283531
  view-data: 3.3421751633286476
