times:
  edit-metadata: 1.5299534872174263
  landing: 0.7083473801612854
  view-data: 3.4386336281895638
