times:
  edit-metadata: 1.8048507198691368
  landing: 0.824131540954113
  view-data: 3.3753309175372124
