times:
  edit-metadata: 1.5542313754558563
  landing: 0.7322439774870872
  view-data: 3.51531220972538
