times:
  edit-metadata: 1.583264671266079
  landing: 0.7672921270132065
  view-data: 3.522643782198429
