times:
  edit-metadata: 1.6837190836668015
  landing: 0.9106307253241539
  view-data: 3.5919681936502457
