times:
  edit-metadata: 3.6173436045646667
  landing: 1.7312908470630646
  view-data: 3.73129403591156
