times:
  edit-metadata: 1.6279785335063934
  landing: 1.0197455808520317
  view-data: 3.500550165772438
