times:
  edit-metadata: 1.413235455751419
  landing: 0.9091225862503052
  view-data: 3.4677047580480576
