times:
  edit-metadata: 1.4331690147519112
  landing: 0.7594670280814171
  view-data: 3.446963094174862
