times:
  edit-metadata: 1.9661032035946846
  landing: 1.2589225098490715
  view-data: 3.7207950353622437
