times:
  edit-metadata: 1.8175601735711098
  landing: 0.9134041666984558
  view-data: 3.4116687141358852
