times:
  edit-metadata: 1.5630245599895716
  landing: 0.8113309778273106
  view-data: 3.4172492120414972
