times:
  edit-metadata: 1.5159556046128273
  landing: 0.823432594537735
  view-data: 3.356227293610573
