times:
  edit-metadata: 1.9169745445251465
  landing: 1.317656870931387
  view-data: 3.541884332895279
