times:
  edit-metadata: 1.4734978824853897
  landing: 0.957761537283659
  view-data: 3.29103696718812
