times:
  edit-metadata: 1.5263679064810276
  landing: 0.8939288556575775
  view-data: 3.371258284896612
