times:
  edit-metadata: 3.21059774979949
  landing: 1.1135041080415249
  view-data: 3.3869111835956573
