times:
  edit-metadata: 1.4864648133516312
  landing: 0.9906467832624912
  view-data: 3.356841817498207
