times:
  edit-metadata: 1.4855928607285023
  landing: 0.8436092138290405
  view-data: 3.343244317919016
