times:
  edit-metadata: 1.8710609711706638
  landing: 1.26920747756958
  view-data: 3.372873242944479
