times:
  edit-metadata: 1.5739299356937408
  landing: 0.8171051423996687
  view-data: 3.4061938505619764
