times:
  edit-metadata: 1.582311449572444
  landing: 0.8907260559499264
  view-data: 3.5280775614082813
