times:
  edit-metadata: 1.6533785909414291
  landing: 0.9413839839398861
  view-data: 3.419314958155155
