times:
  edit-metadata: 1.640426004305482
  landing: 0.8318227119743824
  view-data: 3.455379931256175
