times:
  edit-metadata: 1.5829953271895647
  landing: 0.8256600201129913
  view-data: 3.3815390802919865
