times:
  edit-metadata: 1.5581218358129263
  landing: 0.88802052102983
  view-data: 0.7323775794357061
