times:
  edit-metadata: 1.4170382469892502
  landing: 0.9877719394862652
  view-data: 3.3495787605643272
