times:
  edit-metadata: 1.4206216782331467
  landing: 0.9545063115656376
  view-data: 3.4889566525816917
