times:
  edit-metadata: 1.4935155175626278
  landing: 0.9604574963450432
  view-data: 3.4273984394967556
