times:
  edit-metadata: 1.6397003158926964
  landing: 0.9996977560222149
  view-data: 3.3664641119539738
