times:
  edit-metadata: 1.6276064217090607
  landing: 0.8990683145821095
  view-data: 3.3288763724267483
