times:
  edit-metadata: 1.4623415395617485
  landing: 1.2052808851003647
  view-data: 3.361516423523426
