times:
  edit-metadata: 1.552520940080285
  landing: 0.8209195155650377
  view-data: 0.7092277929186821
