times:
  edit-metadata: 1.5730865113437176
  landing: 0.7865457162261009
  view-data: 3.3648779802024364
