times:
  edit-metadata: 1.5791114047169685
  landing: 0.9840537421405315
  view-data: 3.459990844130516
