times:
  edit-metadata: 1.4318598955869675
  landing: 0.8976201824843884
  view-data: 3.2957325540483
