times:
  edit-metadata: 1.4227844215929508
  landing: 0.796448789536953
  view-data: 3.2867217734456062
