times:
  edit-metadata: 1.7478582374751568
  landing: 1.1188249178230762
  view-data: 3.350764997303486
