times:
  edit-metadata: 1.5294456668198109
  landing: 0.8894464410841465
  view-data: 3.4466720297932625
