times:
  edit-metadata: 2.231976844370365
  landing: 1.8314760476350784
  view-data: 3.5367596484720707
