times:
  edit-metadata: 1.5971357822418213
  landing: 1.0760438777506351
  view-data: 3.463741187006235
