times:
  edit-metadata: 1.5489128194749355
  landing: 0.857983224093914
  view-data: 0.7426970861852169
