times:
  edit-metadata: 1.417985960841179
  landing: 0.9141045063734055
  view-data: 3.2829253748059273
