times:
  edit-metadata: 1.4424064792692661
  landing: 0.8467258214950562
  view-data: 3.3476151674985886
