times:
  edit-metadata: 1.4949525278061628
  landing: 0.8218852709978819
  view-data: 0.6676507797092199
