times:
  edit-metadata: 1.5340479165315628
  landing: 0.8883240632712841
  view-data: 0.6944374516606331
