times:
  edit-metadata: 1.5517861936241388
  landing: 0.9264519196003675
  view-data: 0.8269898202270269
