times:
  edit-metadata: 1.4965227209031582
  landing: 1.0490966811776161
  view-data: 3.324654582887888
