times:
  edit-metadata: 1.429930418729782
  landing: 1.1066783927381039
  view-data: 3.327621541917324
