times:
  edit-metadata: 1.5156080834567547
  landing: 0.817577812820673
  view-data: 3.3929725866764784
