times:
  edit-metadata: 1.5420671962201595
  landing: 0.9668576940894127
  view-data: 3.4105930291116238
