times:
  edit-metadata: 1.7086476013064384
  landing: 1.464118842035532
  view-data: 3.5062295980751514
