times:
  edit-metadata: 1.519310960546136
  landing: 2.2126261200755835
  view-data: 3.4293293301016092
