times:
  edit-metadata: 1.5590962432324886
  landing: 0.9471299387514591
  view-data: 3.3694313392043114
