times:
  edit-metadata: 1.447278842329979
  landing: 0.9785371497273445
  view-data: 3.397591881453991
