times:
  edit-metadata: 1.4211589209735394
  landing: 0.7834866270422935
  view-data: 0.6201293431222439
