times:
  edit-metadata: 1.5033934600651264
  landing: 1.083160724490881
  view-data: 3.3263888880610466
