times:
  edit-metadata: 1.4236782528460026
  landing: 0.8463141471147537
  view-data: 3.3677398189902306
