times:
  edit-metadata: 1.4492579698562622
  landing: 0.8619499690830708
  view-data: 3.262606643140316
