times:
  edit-metadata: 1.5397092141211033
  landing: 0.9237189218401909
  view-data: 3.396399814635515
