times:
  edit-metadata: 1.5476544387638569
  landing: 0.9411249980330467
  view-data: 3.354176215827465
