times:
  edit-metadata: 3.855872020125389
  landing: 1.5057681761682034
  view-data: 3.3724443428218365
