times:
  edit-metadata: 1.3852910455316305
  landing: 0.7591981813311577
  view-data: 3.293681487441063
