times:
  edit-metadata: 1.56151831895113
  landing: 1.3375606946647167
  view-data: 3.3128772228956223
