times:
  edit-metadata: 1.4599398784339428
  landing: 0.8481253944337368
  view-data: 3.3547432832419872
