times:
  edit-metadata: 1.5096506774425507
  landing: 0.9713871106505394
  view-data: 3.376595687121153
