times:
  edit-metadata: 1.6071759574115276
  landing: 0.878413051366806
  view-data: 3.3150987327098846
