times:
  edit-metadata: 1.4540916457772255
  landing: 0.8368649948388338
  view-data: 3.4386243484914303
