times:
  edit-metadata: 1.6452393382787704
  landing: 1.138182893395424
  view-data: 3.4939679354429245
