times:
  edit-metadata: 1.5201194137334824
  landing: 0.835665624588728
  view-data: 0.7365121729671955
