times:
  edit-metadata: 1.4276996776461601
  landing: 0.9673609249293804
  view-data: 3.3427176997065544
