times:
  edit-metadata: 1.6119680404663086
  landing: 1.3496542982757092
  view-data: 3.334109243005514
