times:
  edit-metadata: 1.462055142968893
  landing: 1.0110677778720856
  view-data: 3.252056736499071
