times:
  edit-metadata: 1.4261401519179344
  landing: 0.9200835637748241
  view-data: 3.339804284274578
