times:
  edit-metadata: 1.6043357029557228
  landing: 0.8372352235019207
  view-data: 3.240965761244297
