times:
  edit-metadata: 1.4717199951410294
  landing: 0.821981880813837
  view-data: 3.349659737199545
