times:
  edit-metadata: 1.551581472158432
  landing: 0.997020747512579
  view-data: 3.329301629215479
