times:
  edit-metadata: 1.559328580275178
  landing: 0.7979566548019648
  view-data: 0.6380093824118376
