times:
  edit-metadata: 1.4124830812215805
  landing: 0.8466182425618172
  view-data: 3.3189937882125378
