times:
  edit-metadata: 1.490747381001711
  landing: 0.9545309022068977
  view-data: 3.3447870425879955
