times:
  edit-metadata: 1.4443378299474716
  landing: 1.016464602202177
  view-data: 3.4421689957380295
