times:
  edit-metadata: 2.5617103539407253
  landing: 1.1713521517813206
  view-data: 3.4529260955750942
