times:
  edit-metadata: 1.4428672082722187
  landing: 0.9974084459245205
  view-data: 3.4426320008933544
