times:
  edit-metadata: 1.5799958817660809
  landing: 0.9078857153654099
  view-data: 3.424569483846426
