times:
  edit-metadata: 1.5633616857230663
  landing: 1.0238297618925571
  view-data: 3.398314904421568
