times:
  edit-metadata: 1.6840971820056438
  landing: 1.0362398698925972
  view-data: 3.377042032778263
