times:
  edit-metadata: 1.5364145524799824
  landing: 1.0997285656630993
  view-data: 3.3393111675977707
