times:
  edit-metadata: 1.609504770487547
  landing: 0.8910249639302492
  view-data: 3.4459893964231014
