times:
  edit-metadata: 1.6895298510789871
  landing: 1.6448200270533562
  view-data: 3.345537431538105
