times:
  edit-metadata: 1.5210155844688416
  landing: 0.8080083355307579
  view-data: 0.789294920861721
