times:
  edit-metadata: 1.686525646597147
  landing: 1.2919689491391182
  view-data: 3.3866526186466217
