times:
  edit-metadata: 1.5416357573121786
  landing: 0.7866790629923344
  view-data: 3.458892710506916
