times:
  edit-metadata: 1.7729343436658382
  landing: 1.2713463604450226
  view-data: 3.41495968028903
