times:
  edit-metadata: 1.3370324037969112
  landing: 0.829757247120142
  view-data: 0.6372200325131416
