times:
  edit-metadata: 1.529975924640894
  landing: 0.8796178363263607
  view-data: 3.420394007116556
