times:
  edit-metadata: 1.5500458013266325
  landing: 0.8400639723986387
  view-data: 0.883792357519269
