times:
  edit-metadata: 1.667557805776596
  landing: 1.4646027758717537
  view-data: 3.4053708501160145
