times:
  edit-metadata: 1.7904706373810768
  landing: 1.0301367789506912
  view-data: 3.3706339821219444
