times:
  edit-metadata: 1.5542795918881893
  landing: 0.8545234147459269
  view-data: 3.434786818921566
