times:
  edit-metadata: 1.522709172219038
  landing: 0.938428595662117
  view-data: 3.4022137224674225
