times:
  edit-metadata: 1.5088542606681585
  landing: 0.7662190441042185
  view-data: 3.3445827048271894
