times:
  edit-metadata: 4.0844386629760265
  landing: 1.5885088741779327
  view-data: 3.6684138141572475
