times:
  edit-metadata: 2.5282490961253643
  landing: 1.844385676085949
  view-data: 3.3579185269773006
