times:
  edit-metadata: 1.4055836386978626
  landing: 1.1754378229379654
  view-data: 3.4337540566921234
