times:
  edit-metadata: 1.3708199225366116
  landing: 0.9945714920759201
  view-data: 3.2854063622653484
