times:
  edit-metadata: 2.90756418928504
  landing: 1.5050645731389523
  view-data: 3.5290507934987545
