times:
  edit-metadata: 1.5558992214500904
  landing: 1.077207088470459
  view-data: 3.411145754158497
