times:
  edit-metadata: 1.5595787987113
  landing: 1.0073619298636913
  view-data: 3.4080825224518776
