times:
  edit-metadata: 2.1011687479913235
  landing: 1.1472222879529
  view-data: 3.4248438477516174
