times:
  edit-metadata: 1.6219995468854904
  landing: 0.8990436121821404
  view-data: 3.455585293471813
