times:
  edit-metadata: 1.6587225385010242
  landing: 1.3972670882940292
  view-data: 3.606844834983349
