times:
  edit-metadata: 1.5592886917293072
  landing: 1.0373786054551601
  view-data: 3.349401820451021
