times:
  edit-metadata: 1.4883616156876087
  landing: 0.9054059758782387
  view-data: 3.36448972299695
