times:
  edit-metadata: 1.6438420750200748
  landing: 0.9164072647690773
  view-data: 3.3752065412700176
