times:
  edit-metadata: 1.5527704171836376
  landing: 0.8714158870279789
  view-data: 3.3768773637712
