times:
  edit-metadata: 1.5218425132334232
  landing: 0.7951320167630911
  view-data: 3.4261648394167423
