times:
  edit-metadata: 1.585961440578103
  landing: 0.8194615561515093
  view-data: 3.4082074891775846
