times:
  edit-metadata: 1.730592541396618
  landing: 0.9165329560637474
  view-data: 3.393771693110466
