times:
  edit-metadata: 2.292991988360882
  landing: 1.123628068715334
  view-data: 3.526583217084408
