times:
  edit-metadata: 1.7774427644908428
  landing: 1.3029335997998714
  view-data: 3.3677940890192986
