times:
  edit-metadata: 1.4352396912872791
  landing: 0.936975222080946
  view-data: 3.335973683744669
