times:
  edit-metadata: 1.6596123352646828
  landing: 1.1308923065662384
  view-data: 3.376118626445532
