times:
  edit-metadata: 1.4831883125007153
  landing: 1.019915372133255
  view-data: 3.3776441402733326
