times:
  edit-metadata: 1.4145000092685223
  landing: 0.8900583051145077
  view-data: 3.3975575007498264
