times:
  edit-metadata: 1.5983561389148235
  landing: 1.0020889341831207
  view-data: 3.3574573025107384
