times:
  edit-metadata: 1.5877085253596306
  landing: 0.8088240399956703
  view-data: 3.4964243303984404
