times:
  edit-metadata: 1.9126282259821892
  landing: 1.9852094240486622
  view-data: 3.783115915954113
