times:
  edit-metadata: 1.4525227341800928
  landing: 0.7755915001034737
  view-data: 3.326279489323497
