times:
  edit-metadata: 1.8343033902347088
  landing: 1.155735194683075
  view-data: 3.3948842845857143
