times:
  edit-metadata: 1.463420558720827
  landing: 0.8247523419559002
  view-data: 3.3252995274960995
