times:
  edit-metadata: 1.6195439547300339
  landing: 0.8436599150300026
  view-data: 3.530096158385277
