times:
  edit-metadata: 1.6268265694379807
  landing: 1.0319032818078995
  view-data: 4.286753565073013
