times:
  edit-metadata: 1.5031629651784897
  landing: 0.8690034747123718
  view-data: 3.4172861874103546
