times:
  edit-metadata: 1.6365162283182144
  landing: 0.9470918662846088
  view-data: 3.4825056605041027
