times:
  edit-metadata: 1.429483138024807
  landing: 0.8960489481687546
  view-data: 3.519158251583576
