times:
  edit-metadata: 1.7025997191667557
  landing: 0.8738673329353333
  view-data: 3.273372419178486
