times:
  edit-metadata: 1.4004546850919724
  landing: 0.9408371895551682
  view-data: 3.3999858498573303
