times:
  edit-metadata: 1.38383499532938
  landing: 0.7902378141880035
  view-data: 3.4598888233304024
