times:
  edit-metadata: 1.5248778760433197
  landing: 0.8465832248330116
  view-data: 3.4732277616858482
