times:
  edit-metadata: 1.3720384538173676
  landing: 0.8224443346261978
  view-data: 3.448494903743267
