times:
  edit-metadata: 1.495226263999939
  landing: 0.782635785639286
  view-data: 3.412569582462311
