times:
  edit-metadata: 1.5415383242070675
  landing: 0.953348595649004
  view-data: 3.2817756682634354
