times:
  edit-metadata: 1.4035702422261238
  landing: 0.9166465625166893
  view-data: 3.4736772775650024
