times:
  edit-metadata: 1.4141604751348495
  landing: 0.8435641750693321
  view-data: 3.280171897262335
