times:
  edit-metadata: 1.425568513572216
  landing: 0.8688513450324535
  view-data: 3.2471614740788937
