times:
  edit-metadata: 1.509079024195671
  landing: 0.9169734418392181
  view-data: 3.364140123128891
