times:
  edit-metadata: 1.420343317091465
  landing: 0.7259025573730469
  view-data: 3.3768572956323624
