times:
  edit-metadata: 1.419937677681446
  landing: 0.8820645324885845
  view-data: 3.266360130161047
