times:
  edit-metadata: 1.4151240587234497
  landing: 0.8848475441336632
  view-data: 3.439783461391926
