times:
  edit-metadata: 1.4881537407636642
  landing: 0.8256203159689903
  view-data: 3.4108300656080246
