times:
  edit-metadata: 1.4305848628282547
  landing: 0.8661646842956543
  view-data: 3.477541372179985
