times:
  edit-metadata: 1.5096136517822742
  landing: 1.0977179743349552
  view-data: 3.3428828194737434
