times:
  edit-metadata: 1.5133289322257042
  landing: 0.7944581657648087
  view-data: 3.3042688593268394
