times:
  edit-metadata: 1.433518499135971
  landing: 1.0391782484948635
  view-data: 3.361259151250124
