times:
  edit-metadata: 1.3547760769724846
  landing: 0.9190488159656525
  view-data: 3.488748885691166
