times:
  edit-metadata: 1.5217372626066208
  landing: 0.8958786427974701
  view-data: 3.3291126117110252
