times:
  edit-metadata: 1.4742243513464928
  landing: 0.9367933347821236
  view-data: 3.3190545067191124
