times:
  edit-metadata: 1.3671664260327816
  landing: 0.8557744696736336
  view-data: 3.379453495144844
