times:
  edit-metadata: 1.4170678332448006
  landing: 0.8489826507866383
  view-data: 3.307300951331854
