times:
  edit-metadata: 1.5960427708923817
  landing: 0.929335281252861
  view-data: 3.307424083352089
