times:
  edit-metadata: 1.4992577731609344
  landing: 0.7722714021801949
  view-data: 3.5134575814008713
