times:
  edit-metadata: 1.2519024834036827
  landing: 0.8824391141533852
  view-data: 3.5301622077822685
