times:
  edit-metadata: 1.7103163748979568
  landing: 1.0125698037445545
  view-data: 3.356769785284996
