times:
  edit-metadata: 1.4815321266651154
  landing: 0.93502102419734
  view-data: 3.3509482592344284
