times:
  edit-metadata: 1.4306731224060059
  landing: 0.8276758193969727
  view-data: 3.452672488987446
