times:
  edit-metadata: 1.474446915090084
  landing: 0.8338800817728043
  view-data: 3.462068147957325
