times:
  edit-metadata: 1.9405476227402687
  landing: 0.9434510879218578
  view-data: 3.3720338381826878
