times:
  edit-metadata: 1.5748283490538597
  landing: 1.0706732422113419
  view-data: 3.344062238931656
