times:
  edit-metadata: 1.5142572820186615
  landing: 0.7275045812129974
  view-data: 3.479481093585491
