times:
  edit-metadata: 1.7148658260703087
  landing: 1.0550368689000607
  view-data: 3.3295394107699394
