times:
  edit-metadata: 1.394798032939434
  landing: 0.8328740447759628
  view-data: 3.321586601436138
