times:
  edit-metadata: 1.4682129211723804
  landing: 0.9096219390630722
  view-data: 3.2883125096559525
