times:
  edit-metadata: 1.608539868146181
  landing: 0.8824924193322659
  view-data: 3.2901713997125626
