times:
  edit-metadata: 1.4096484743058681
  landing: 0.9212839566171169
  view-data: 3.3271094486117363
