times:
  edit-metadata: 1.4707426130771637
  landing: 0.8109716176986694
  view-data: 3.4365166798233986
