times:
  edit-metadata: 1.3487759307026863
  landing: 0.8390573784708977
  view-data: 3.3704946264624596
