times:
  edit-metadata: 1.4728678241372108
  landing: 0.8632390946149826
  view-data: 3.432549349963665
