times:
  edit-metadata: 1.3408435136079788
  landing: 1.0478804260492325
  view-data: 3.4913961738348007
