times:
  edit-metadata: 1.7121446654200554
  landing: 0.921924352645874
  view-data: 3.299754787236452
