times:
  edit-metadata: 1.4178261756896973
  landing: 0.8727603033185005
  view-data: 3.5089557841420174
