times:
  edit-metadata: 1.3976376578211784
  landing: 0.8735679462552071
  view-data: 3.481001265347004
