times:
  edit-metadata: 2.0154697820544243
  landing: 1.669409640133381
  view-data: 3.590594694018364
