times:
  edit-metadata: 1.8647321946918964
  landing: 1.2275850921869278
  view-data: 3.42538233846426
