times:
  edit-metadata: 1.4595177322626114
  landing: 0.8705089166760445
  view-data: 3.273849330842495
