times:
  edit-metadata: 1.4199121445417404
  landing: 0.7717662155628204
  view-data: 3.543200045824051
