times:
  edit-metadata: 1.3559212312102318
  landing: 0.8835456743836403
  view-data: 3.488350711762905
