times:
  edit-metadata: 1.4575039371848106
  landing: 0.9443148337304592
  view-data: 3.2754520885646343
