times:
  edit-metadata: 1.801890753209591
  landing: 1.7937457412481308
  view-data: 3.4665098525583744
