times:
  edit-metadata: 1.9982060566544533
  landing: 1.1634273156523705
  view-data: 3.37852143868804
