times:
  edit-metadata: 1.458237238228321
  landing: 0.893762968480587
  view-data: 3.350945744663477
