times:
  edit-metadata: 1.434377782046795
  landing: 0.910280130803585
  view-data: 3.603525750339031
