times:
  edit-metadata: 1.3949430547654629
  landing: 0.9278864003717899
  view-data: 3.246928870677948
