times:
  edit-metadata: 1.5390024296939373
  landing: 1.0998535864055157
  view-data: 3.2888465262949467
