times:
  edit-metadata: 1.466119673103094
  landing: 0.9000638276338577
  view-data: 3.3815501146018505
