times:
  edit-metadata: 1.4647222459316254
  landing: 0.8765572160482407
  view-data: 3.2979082465171814
