times:
  edit-metadata: 1.3829885721206665
  landing: 1.0001953169703484
  view-data: 3.4879879280924797
