times:
  edit-metadata: 1.3889492526650429
  landing: 0.8308910056948662
  view-data: 3.3920635133981705
