times:
  edit-metadata: 1.4853089302778244
  landing: 0.8488209918141365
  view-data: 3.4758957475423813
