times:
  edit-metadata: 1.4140655994415283
  landing: 0.9486286602914333
  view-data: 3.3030814342200756
