times:
  edit-metadata: 1.4155470132827759
  landing: 0.8155148178339005
  view-data: 3.446632504463196
