times:
  edit-metadata: 1.5408235415816307
  landing: 0.7707574814558029
  view-data: 3.530039519071579
