times:
  edit-metadata: 1.4138801917433739
  landing: 0.860369972884655
  view-data: 3.2730384320020676
