times:
  edit-metadata: 2.177655912935734
  landing: 1.1504360139369965
  view-data: 3.3484502509236336
