times:
  edit-metadata: 1.7947714552283287
  landing: 0.9101714193820953
  view-data: 3.3487522825598717
