times:
  edit-metadata: 1.5947657898068428
  landing: 0.9382755719125271
  view-data: 3.35147000849247
