times:
  edit-metadata: 1.5032148696482182
  landing: 0.99057287722826
  view-data: 3.4263872653245926
