times:
  edit-metadata: 1.4589312672615051
  landing: 0.8998352587223053
  view-data: 3.4620683938264847
