times:
  edit-metadata: 1.5183275863528252
  landing: 0.8773491829633713
  view-data: 3.286782845854759
