times:
  edit-metadata: 1.5396391600370407
  landing: 0.9704736471176147
  view-data: 3.5338665023446083
