times:
  edit-metadata: 1.4113853424787521
  landing: 0.7806876674294472
  view-data: 3.4197439178824425
