times:
  edit-metadata: 1.5039489641785622
  landing: 0.8970159664750099
  view-data: 3.282249376177788
