times:
  edit-metadata: 1.5143600441515446
  landing: 0.9251396618783474
  view-data: 3.4197960905730724
