times:
  edit-metadata: 1.947592455893755
  landing: 1.2156424261629581
  view-data: 3.452427927404642
