times:
  edit-metadata: 1.6100209131836891
  landing: 0.9949813038110733
  view-data: 3.3426651284098625
