times:
  edit-metadata: 1.205121286213398
  landing: 0.8450406193733215
  view-data: 3.509086959064007
