times:
  edit-metadata: 1.4372375831007957
  landing: 1.080696888267994
  view-data: 3.495044730603695
