times:
  edit-metadata: 1.4314367361366749
  landing: 0.8624795973300934
  view-data: 3.3197597563266754
