times:
  edit-metadata: 1.4509999714791775
  landing: 0.9071312062442303
  view-data: 3.3252665922045708
