times:
  edit-metadata: 1.4144528731703758
  landing: 0.8515117913484573
  view-data: 3.4886104241013527
