times:
  edit-metadata: 1.4163558557629585
  landing: 0.8319698423147202
  view-data: 3.4508843272924423
