times:
  edit-metadata: 1.9720892496407032
  landing: 0.931419625878334
  view-data: 3.3796899169683456
