times:
  edit-metadata: 1.439525656402111
  landing: 0.9338222593069077
  view-data: 3.418479196727276
