times:
  edit-metadata: 1.5251423344016075
  landing: 1.009438380599022
  view-data: 3.4954327195882797
