times:
  edit-metadata: 1.4911134168505669
  landing: 0.8633588328957558
  view-data: 3.3876428678631783
