times:
  edit-metadata: 1.4375375732779503
  landing: 0.8375919014215469
  view-data: 3.3867178484797478
