times:
  edit-metadata: 1.3614611104130745
  landing: 0.912415474653244
  view-data: 3.474160812795162
