times:
  edit-metadata: 1.4961401596665382
  landing: 0.794557198882103
  view-data: 3.41073776781559
