times:
  edit-metadata: 1.4127542898058891
  landing: 0.9434019848704338
  view-data: 3.4584993794560432
