times:
  edit-metadata: 1.481059219688177
  landing: 0.9476358890533447
  view-data: 3.414866618812084
