times:
  edit-metadata: 1.6691777184605598
  landing: 1.059514433145523
  view-data: 3.6208548322319984
