times:
  edit-metadata: 1.4697260111570358
  landing: 0.8090642392635345
  view-data: 3.3954675495624542
