times:
  edit-metadata: 1.3719328343868256
  landing: 0.8967176377773285
  view-data: 3.4908417314291
