times:
  edit-metadata: 1.444042831659317
  landing: 0.8165876567363739
  view-data: 3.302687853574753
