times:
  edit-metadata: 1.7206547856330872
  landing: 1.078030288219452
  view-data: 3.6528536453843117
