times:
  edit-metadata: 1.439012374728918
  landing: 0.8082019612193108
  view-data: 3.3222357742488384
