times:
  edit-metadata: 1.3819627203047276
  landing: 0.7685040012001991
  view-data: 3.3475912511348724
