times:
  edit-metadata: 1.461233250796795
  landing: 0.838443573564291
  view-data: 3.2627010010182858
