times:
  edit-metadata: 1.53730733320117
  landing: 0.9049123339354992
  view-data: 3.351206995546818
