times:
  edit-metadata: 1.4382453933358192
  landing: 0.9481937438249588
  view-data: 3.4572887793183327
