times:
  edit-metadata: 2.1603277027606964
  landing: 1.5102241039276123
  view-data: 3.537598744034767
