times:
  edit-metadata: 1.4721514135599136
  landing: 0.9150742888450623
  view-data: 3.3420725911855698
