times:
  edit-metadata: 2.060203466564417
  landing: 1.2748248726129532
  view-data: 3.565771471709013
