times:
  edit-metadata: 1.4381668344140053
  landing: 0.9208616018295288
  view-data: 3.482256568968296
