times:
  edit-metadata: 1.477447398006916
  landing: 0.7755434736609459
  view-data: 3.5236577913165092
