times:
  edit-metadata: 1.4738599807024002
  landing: 0.8964914828538895
  view-data: 3.5341300442814827
