times:
  edit-metadata: 1.3419155552983284
  landing: 0.8925912901759148
  view-data: 3.274599365890026
