times:
  edit-metadata: 1.5333787575364113
  landing: 1.3148732334375381
  view-data: 3.342822201550007
