times:
  edit-metadata: 1.535394474864006
  landing: 0.774484358727932
  view-data: 3.3406297862529755
