times:
  edit-metadata: 1.5425814092159271
  landing: 0.8650069758296013
  view-data: 3.3417181447148323
