times:
  edit-metadata: 1.6191651746630669
  landing: 0.9135345816612244
  view-data: 3.3735928162932396
