times:
  edit-metadata: 1.3573417477309704
  landing: 0.78225988894701
  view-data: 3.3929707780480385
