times:
  edit-metadata: 1.521031104028225
  landing: 0.8921078070998192
  view-data: 3.3203102499246597
