times:
  edit-metadata: 1.4848993495106697
  landing: 0.9811005219817162
  view-data: 3.5669970586895943
