times:
  edit-metadata: 1.424386665225029
  landing: 0.9128674417734146
  view-data: 3.4668162018060684
