times:
  edit-metadata: 1.477951392531395
  landing: 0.853217326104641
  view-data: 3.5246175825595856
