times:
  edit-metadata: 1.6058256179094315
  landing: 0.8093931153416634
  view-data: 3.4293742924928665
