times:
  edit-metadata: 2.204009309411049
  landing: 1.0842480212450027
  view-data: 3.626320168375969
