times:
  edit-metadata: 1.5119487568736076
  landing: 0.8848212361335754
  view-data: 3.4031217098236084
