times:
  edit-metadata: 1.3769385367631912
  landing: 0.8053692877292633
  view-data: 3.455176092684269
