times:
  edit-metadata: 1.3090182095766068
  landing: 0.8075901716947556
  view-data: 3.316614732146263
