times:
  edit-metadata: 1.3841704577207565
  landing: 0.7487865686416626
  view-data: 3.6044047698378563
