times:
  edit-metadata: 1.3681425228714943
  landing: 0.83134975284338
  view-data: 3.445518285036087
