times:
  edit-metadata: 1.4142110645771027
  landing: 0.8116757348179817
  view-data: 3.4334266632795334
