times:
  edit-metadata: 1.3960839845240116
  landing: 0.8844904154539108
  view-data: 3.369639605283737
