times:
  edit-metadata: 1.41983025893569
  landing: 0.9108599834144115
  view-data: 3.2988405488431454
