times:
  edit-metadata: 1.5729339718818665
  landing: 0.906629417091608
  view-data: 3.2957786954939365
