times:
  edit-metadata: 2.4959933012723923
  landing: 1.7583543211221695
  view-data: 3.6322180777788162
