times:
  edit-metadata: 1.442667581140995
  landing: 0.7835836708545685
  view-data: 3.4811423271894455
