times:
  edit-metadata: 1.443972222507
  landing: 0.792251743376255
  view-data: 3.557841010391712
