times:
  edit-metadata: 1.4746493250131607
  landing: 0.9204404689371586
  view-data: 3.396834183484316
