times:
  edit-metadata: 1.4649263098835945
  landing: 0.9964426085352898
  view-data: 3.273168168962002
