times:
  edit-metadata: 1.7335221134126186
  landing: 1.0740457810461521
  view-data: 3.3064742982387543
