times:
  edit-metadata: 1.4475489482283592
  landing: 0.9433445259928703
  view-data: 3.34849289432168
