times:
  edit-metadata: 1.783570058643818
  landing: 1.0168938413262367
  view-data: 3.390500955283642
