times:
  edit-metadata: 1.4189580455422401
  landing: 0.7883433178067207
  view-data: 3.5819780081510544
