times:
  edit-metadata: 1.5703441388905048
  landing: 1.0797327794134617
  view-data: 3.299731031060219
