times:
  edit-metadata: 1.524662785232067
  landing: 0.8534275516867638
  view-data: 3.499340794980526
