times:
  edit-metadata: 1.4632952585816383
  landing: 0.8369296863675117
  view-data: 3.6189763098955154
