times:
  edit-metadata: 1.4690584242343903
  landing: 0.8581298217177391
  view-data: 3.483896031975746
