times:
  edit-metadata: 1.3823274075984955
  landing: 0.8427494466304779
  view-data: 3.527468591928482
