times:
  edit-metadata: 1.4525431767106056
  landing: 0.8961415961384773
  view-data: 3.3036407120525837
