times:
  edit-metadata: 1.537851594388485
  landing: 0.7506691887974739
  view-data: 3.401740774512291
