times:
  edit-metadata: 1.44548761844635
  landing: 0.8257627561688423
  view-data: 3.4259539395570755
