times:
  edit-metadata: 1.5391030795872211
  landing: 0.9152840971946716
  view-data: 3.3561333529651165
