times:
  edit-metadata: 1.3445565849542618
  landing: 0.8902696967124939
  view-data: 3.4935504496097565
