times:
  edit-metadata: 1.4177918210625648
  landing: 0.8361367881298065
  view-data: 3.427669830620289
