times:
  edit-metadata: 1.4545501321554184
  landing: 0.93213951587677
  view-data: 3.490028254687786
