times:
  edit-metadata: 1.470170572400093
  landing: 0.7614967823028564
  view-data: 3.314924083650112
