times:
  edit-metadata: 1.4709937758743763
  landing: 0.8464809991419315
  view-data: 3.3425460904836655
