times:
  edit-metadata: 1.5479360818862915
  landing: 0.7726560607552528
  view-data: 3.428450286388397
