times:
  edit-metadata: 1.4501852840185165
  landing: 0.7492783442139626
  view-data: 3.3718065544962883
