times:
  edit-metadata: 1.452878974378109
  landing: 1.0051425099372864
  view-data: 3.3054791688919067
