times:
  edit-metadata: 1.7875560745596886
  landing: 0.8997405469417572
  view-data: 3.5809452533721924
