times:
  edit-metadata: 1.5349249988794327
  landing: 0.7720195576548576
  view-data: 3.350831478834152
