times:
  edit-metadata: 1.4219620451331139
  landing: 0.7873721420764923
  view-data: 3.3458210453391075
