times:
  edit-metadata: 1.4282088428735733
  landing: 0.8578270487487316
  view-data: 3.356367416679859
