times:
  edit-metadata: 1.4677865877747536
  landing: 0.9612178206443787
  view-data: 3.431303948163986
