times:
  edit-metadata: 1.5127676278352737
  landing: 0.7803628891706467
  view-data: 3.4206947535276413
