times:
  edit-metadata: 1.4711175039410591
  landing: 0.8087840750813484
  view-data: 3.2787043005228043
