times:
  edit-metadata: 1.6397993117570877
  landing: 0.9444938376545906
  view-data: 3.3724622949957848
