times:
  edit-metadata: 1.44828499853611
  landing: 0.7919763848185539
  view-data: 3.580292522907257
