times:
  edit-metadata: 1.4188413433730602
  landing: 0.7950820550322533
  view-data: 3.2376234233379364
