times:
  edit-metadata: 1.4395457357168198
  landing: 0.7734623774886131
  view-data: 3.3767229467630386
