times:
  edit-metadata: 1.6984875723719597
  landing: 0.8450745716691017
  view-data: 3.289599973708391
