times:
  edit-metadata: 1.4114380776882172
  landing: 0.8529461249709129
  view-data: 3.4207813441753387
