times:
  edit-metadata: 1.4212489239871502
  landing: 0.7597161568701267
  view-data: 3.2782026305794716
