times:
  edit-metadata: 1.403610236942768
  landing: 0.7225385531783104
  view-data: 3.4606994464993477
