times:
  edit-metadata: 1.432964563369751
  landing: 0.8653594553470612
  view-data: 3.4608368799090385
