times:
  edit-metadata: 1.9337403699755669
  landing: 1.1015139892697334
  view-data: 3.6872202828526497
