times:
  edit-metadata: 1.5902080796658993
  landing: 0.848665926605463
  view-data: 3.387621384114027
