times:
  edit-metadata: 1.439533293247223
  landing: 0.8015608042478561
  view-data: 3.288848929107189
