times:
  edit-metadata: 1.5559940785169601
  landing: 0.7685441672801971
  view-data: 3.4781155064702034
