times:
  edit-metadata: 1.4724943488836288
  landing: 0.7487226128578186
  view-data: 3.557612717151642
