times:
  edit-metadata: 1.7137207016348839
  landing: 0.9215045347809792
  view-data: 3.3091782480478287
