times:
  edit-metadata: 1.6016120500862598
  landing: 0.8731095492839813
  view-data: 3.326038707047701
