times:
  edit-metadata: 1.4869061782956123
  landing: 0.7721634805202484
  view-data: 3.3356231451034546
