times:
  edit-metadata: 1.502024121582508
  landing: 0.8331975042819977
  view-data: 3.396032340824604
