times:
  edit-metadata: 1.4230044819414616
  landing: 0.7789815478026867
  view-data: 3.2941638194024563
