times:
  edit-metadata: 1.485734038054943
  landing: 0.7604233771562576
  view-data: 3.4624166041612625
