times:
  edit-metadata: 2.253131590783596
  landing: 1.2498489394783974
  view-data: 3.674803279340267
