times:
  edit-metadata: 1.3970653787255287
  landing: 0.7767752334475517
  view-data: 3.4438798651099205
