times:
  edit-metadata: 1.5498258993029594
  landing: 0.8340646326541901
  view-data: 3.4201909974217415
