times:
  edit-metadata: 1.455142319202423
  landing: 0.803882509469986
  view-data: 3.2929820865392685
