times:
  edit-metadata: 1.4454071670770645
  landing: 0.7779345214366913
  view-data: 3.4702436551451683
