times:
  edit-metadata: 1.479286566376686
  landing: 0.7807285338640213
  view-data: 3.385210894048214
