times:
  edit-metadata: 1.3909272402524948
  landing: 0.7670558840036392
  view-data: 3.552050866186619
