times:
  edit-metadata: 1.55245965346694
  landing: 0.8295024372637272
  view-data: 3.3707421757280827
