times:
  edit-metadata: 1.6123405285179615
  landing: 0.829152200371027
  view-data: 3.309268858283758
