times:
  edit-metadata: 1.6014337576925755
  landing: 0.7927652969956398
  view-data: 3.3454116247594357
