times:
  edit-metadata: 2.670442573726177
  landing: 1.3079862892627716
  view-data: 3.488240521401167
