times:
  edit-metadata: 1.618999220430851
  landing: 0.9351756982505322
  view-data: 3.3244529962539673
