times:
  edit-metadata: 1.4692010954022408
  landing: 1.2234753370285034
  view-data: 3.5093125849962234
