times:
  edit-metadata: 1.476518876850605
  landing: 0.743939995765686
  view-data: 3.5093941017985344
