times:
  edit-metadata: 1.4625022411346436
  landing: 0.7353454604744911
  view-data: 3.437528356909752
