times:
  edit-metadata: 1.5215230621397495
  landing: 0.8072422184050083
  view-data: 3.339485678821802
