times:
  edit-metadata: 1.7484784573316574
  landing: 1.3169207274913788
  view-data: 3.4964072853326797
