times:
  edit-metadata: 1.6966106668114662
  landing: 0.9007032513618469
  view-data: 3.3428408578038216
