times:
  edit-metadata: 1.6420921720564365
  landing: 0.7998726405203342
  view-data: 3.30706849694252
