times:
  edit-metadata: 1.4852469488978386
  landing: 0.7558784484863281
  view-data: 3.2747277542948723
