times:
  edit-metadata: 1.9007414393126965
  landing: 0.9855097159743309
  view-data: 3.353142011910677
