times:
  edit-metadata: 1.591826867312193
  landing: 0.9334271885454655
  view-data: 3.3143380992114544
