times:
  edit-metadata: 1.4600637406110764
  landing: 0.7403242215514183
  view-data: 3.5275715440511703
