times:
  edit-metadata: 1.5805769562721252
  landing: 0.8134611360728741
  view-data: 3.3934161998331547
