times:
  edit-metadata: 1.4147049747407436
  landing: 0.9057848043739796
  view-data: 3.2808840572834015
