times:
  edit-metadata: 1.4299635663628578
  landing: 0.8026229441165924
  view-data: 3.3651187270879745
