times:
  edit-metadata: 1.4391985833644867
  landing: 0.8302722126245499
  view-data: 3.535391293466091
