times:
  edit-metadata: 1.5835727378726006
  landing: 0.8002120181918144
  view-data: 3.308407239615917
