times:
  edit-metadata: 1.40773456543684
  landing: 0.9216114096343517
  view-data: 3.3193904906511307
