times:
  edit-metadata: 1.4806745760142803
  landing: 0.9359842017292976
  view-data: 3.2733340859413147
