times:
  edit-metadata: 1.4273429363965988
  landing: 0.7487496137619019
  view-data: 3.45637159794569
