times:
  edit-metadata: 1.407807670533657
  landing: 0.8184128999710083
  view-data: 3.46560700237751
