times:
  edit-metadata: 1.568270567804575
  landing: 0.7694433778524399
  view-data: 3.291410595178604
