times:
  edit-metadata: 1.4934564679861069
  landing: 0.8080141022801399
  view-data: 3.4625792428851128
