times:
  edit-metadata: 1.4648553393781185
  landing: 0.8085545636713505
  view-data: 3.320885930210352
