times:
  edit-metadata: 1.5209396183490753
  landing: 0.7968800440430641
  view-data: 3.4186631739139557
