times:
  edit-metadata: 1.5266435034573078
  landing: 0.797201607376337
  view-data: 3.3147037103772163
