times:
  edit-metadata: 1.539550319314003
  landing: 0.725711427628994
  view-data: 3.3675849214196205
