times:
  edit-metadata: 1.7069210521876812
  landing: 0.8410320691764355
  view-data: 3.3144707828760147
