times:
  edit-metadata: 1.4971266351640224
  landing: 0.8029510602355003
  view-data: 3.3779695108532906
