times:
  edit-metadata: 1.4632558971643448
  landing: 0.7843736261129379
  view-data: 3.5356574207544327
