times:
  edit-metadata: 1.4959383308887482
  landing: 0.854990653693676
  view-data: 3.2321886494755745
