times:
  edit-metadata: 1.468318447470665
  landing: 0.8042885288596153
  view-data: 3.3353609666228294
