times:
  edit-metadata: 2.1745354905724525
  landing: 1.0274631306529045
  view-data: 3.7754705771803856
