times:
  edit-metadata: 1.4712696820497513
  landing: 0.8045268207788467
  view-data: 3.482299104332924
