times:
  edit-metadata: 1.4386644959449768
  landing: 0.7665875554084778
  view-data: 3.3871557898819447
