times:
  edit-metadata: 1.4744594097137451
  landing: 0.8102124482393265
  view-data: 3.2796888910233974
