times:
  edit-metadata: 1.8456346802413464
  landing: 0.9514890052378178
  view-data: 3.5469744354486465
