times:
  edit-metadata: 1.6683755777776241
  landing: 0.9316039569675922
  view-data: 3.357118956744671
