times:
  edit-metadata: 3.142360530793667
  landing: 1.5928549319505692
  view-data: 3.5824178382754326
