times:
  edit-metadata: 1.75564044713974
  landing: 0.9496636465191841
  view-data: 3.4947705790400505
