times:
  edit-metadata: 1.4317104741930962
  landing: 0.7754169479012489
  view-data: 3.571521945297718
