times:
  edit-metadata: 1.432601921260357
  landing: 0.805264450609684
  view-data: 3.311026945710182
