times:
  edit-metadata: 1.5489855408668518
  landing: 0.7248862460255623
  view-data: 3.48130601644516
