times:
  edit-metadata: 1.481062926352024
  landing: 0.8785741254687309
  view-data: 3.2718350291252136
