times:
  edit-metadata: 1.4499374367296696
  landing: 0.833418495953083
  view-data: 3.254645776003599
