times:
  edit-metadata: 1.5137342549860477
  landing: 1.022029872983694
  view-data: 3.3865861743688583
