times:
  edit-metadata: 1.4407460913062096
  landing: 0.7331245541572571
  view-data: 3.443771980702877
