times:
  edit-metadata: 1.6050350703299046
  landing: 0.9687803462147713
  view-data: 3.365774590522051
