times:
  edit-metadata: 1.6078194603323936
  landing: 0.9379431381821632
  view-data: 3.3508330434560776
