times:
  edit-metadata: 1.528095692396164
  landing: 0.841027282178402
  view-data: 3.3272485323250294
