times:
  edit-metadata: 1.5529053285717964
  landing: 0.9000629521906376
  view-data: 3.3747431114315987
