times:
  edit-metadata: 1.9252780377864838
  landing: 1.3928796499967575
  view-data: 3.411745384335518
