times:
  edit-metadata: 1.4647880792617798
  landing: 0.8135697990655899
  view-data: 3.4310332015156746
