times:
  edit-metadata: 1.586788795888424
  landing: 0.7992882467806339
  view-data: 3.3867404386401176
