times:
  edit-metadata: 1.480504110455513
  landing: 0.7227051630616188
  view-data: 3.260215677320957
