times:
  edit-metadata: 1.7133586779236794
  landing: 1.0513123571872711
  view-data: 3.3749704882502556
