times:
  edit-metadata: 1.4068316370248795
  landing: 0.7492577657103539
  view-data: 3.4937734454870224
