times:
  edit-metadata: 1.4367445558309555
  landing: 0.8125010281801224
  view-data: 3.354954496026039
