times:
  edit-metadata: 1.4611256942152977
  landing: 0.7623370736837387
  view-data: 3.5098435431718826
