times:
  edit-metadata: 1.4661454856395721
  landing: 0.7592606097459793
  view-data: 3.336391754448414
