times:
  edit-metadata: 1.4214736707508564
  landing: 0.7833850458264351
  view-data: 3.30036735907197
