times:
  edit-metadata: 1.5662287399172783
  landing: 1.225414253771305
  view-data: 3.580881744623184
