times:
  edit-metadata: 1.5670654997229576
  landing: 0.9075913205742836
  view-data: 3.341876305639744
