times:
  edit-metadata: 1.4922271147370338
  landing: 0.7706359103322029
  view-data: 3.4611180797219276
