times:
  edit-metadata: 1.6624227315187454
  landing: 0.8920770585536957
  view-data: 3.3448808789253235
