times:
  edit-metadata: 1.4059082716703415
  landing: 0.719382181763649
  view-data: 3.305574107915163
