times:
  edit-metadata: 1.4699525833129883
  landing: 0.7618598639965057
  view-data: 3.5190118700265884
