times:
  edit-metadata: 1.478771723806858
  landing: 0.7630608305335045
  view-data: 3.4595907256007195
