times:
  edit-metadata: 1.7908153608441353
  landing: 0.9287318997085094
  view-data: 3.3557167053222656
