times:
  edit-metadata: 1.4634684398770332
  landing: 0.8648413121700287
  view-data: 3.280398827046156
