times:
  edit-metadata: 1.5197605341672897
  landing: 0.8017449751496315
  view-data: 3.5126646161079407
