times:
  edit-metadata: 1.5778028033673763
  landing: 0.9077613651752472
  view-data: 3.3835203275084496
