times:
  edit-metadata: 1.796664759516716
  landing: 1.0520824268460274
  view-data: 3.36980003118515
