times:
  edit-metadata: 1.4402577877044678
  landing: 0.7655399814248085
  view-data: 3.295280572026968
