times:
  edit-metadata: 1.500215396285057
  landing: 0.7354882843792439
  view-data: 3.2793775647878647
