times:
  edit-metadata: 1.5710744485259056
  landing: 0.7752604112029076
  view-data: 3.4874867647886276
