times:
  edit-metadata: 2.1376137658953667
  landing: 0.97807377576828
  view-data: 3.3613810874521732
