times:
  edit-metadata: 1.4489190876483917
  landing: 0.8421346098184586
  view-data: 3.4216673597693443
