times:
  edit-metadata: 1.5919384025037289
  landing: 0.8674799166619778
  view-data: 3.3995928056538105
