times:
  edit-metadata: 1.4305220022797585
  landing: 0.8219461739063263
  view-data: 3.4571362882852554
