times:
  edit-metadata: 1.553279034793377
  landing: 0.8270513862371445
  view-data: 3.4078882187604904
