times:
  edit-metadata: 1.5951627120375633
  landing: 0.9396497458219528
  view-data: 3.6184583380818367
