times:
  edit-metadata: 1.4939334839582443
  landing: 0.7584419772028923
  view-data: 3.50310630351305
