times:
  edit-metadata: 1.4761627987027168
  landing: 0.7572561651468277
  view-data: 3.256514437496662
