times:
  edit-metadata: 2.2060678265988827
  landing: 1.230685368180275
  view-data: 3.410412300378084
