times:
  edit-metadata: 1.5218002051115036
  landing: 0.7770681828260422
  view-data: 3.3281229734420776
