times:
  edit-metadata: 1.4180395528674126
  landing: 0.8135901242494583
  view-data: 3.3370177522301674
