times:
  edit-metadata: 1.5034295096993446
  landing: 0.8566771857440472
  view-data: 3.310363795608282
