times:
  edit-metadata: 1.4519189223647118
  landing: 0.7581737488508224
  view-data: 3.422082521021366
