times:
  edit-metadata: 1.4818162098526955
  landing: 0.7998028174042702
  view-data: 3.546274706721306
