times:
  edit-metadata: 1.6202427074313164
  landing: 0.8707233145833015
  view-data: 3.3218119367957115
