times:
  edit-metadata: 1.4567783921957016
  landing: 0.8283039629459381
  view-data: 3.45098377764225
