times:
  edit-metadata: 1.4543479830026627
  landing: 0.7981918081641197
  view-data: 3.3124388679862022
