times:
  edit-metadata: 1.4515795409679413
  landing: 0.7700787335634232
  view-data: 3.4362692162394524
