times:
  edit-metadata: 1.6163308881223202
  landing: 0.9045021012425423
  view-data: 3.340699039399624
