times:
  edit-metadata: 1.4619339555501938
  landing: 0.7348724752664566
  view-data: 3.4943161979317665
