times:
  edit-metadata: 1.6082560941576958
  landing: 0.8897259682416916
  view-data: 3.502148024737835
