times:
  edit-metadata: 1.4876653030514717
  landing: 0.7953327149152756
  view-data: 3.461201213300228
