times:
  edit-metadata: 1.5715279504656792
  landing: 0.7342378720641136
  view-data: 3.5580735206604004
