times:
  edit-metadata: 1.505830094218254
  landing: 0.8120097443461418
  view-data: 3.5368238240480423
