times:
  edit-metadata: 1.472004272043705
  landing: 0.8372329622507095
  view-data: 3.455576203763485
