times:
  edit-metadata: 1.4515368090942502
  landing: 0.828638194128871
  view-data: 3.3759414795786142
