times:
  edit-metadata: 1.5037353783845901
  landing: 0.8946319185197353
  view-data: 3.3130571469664574
