times:
  edit-metadata: 1.956732388585806
  landing: 0.018780363723635674
  view-data: 0.15867404453456402
