times:
  edit-metadata: 1.7067114915698767
  landing: 0.02085505798459053
  view-data: 0.02701502852141857
