times:
  edit-metadata: 1.8336609452962875
  landing: 0.12043815106153488
  view-data: 0.3510617669671774
