times:
  edit-metadata: 1.4482941515743732
  landing: 0.8295102287083864
  view-data: 3.3449948327615857
