times:
  edit-metadata: 1.5234343241900206
  landing: 0.9235024638473988
  view-data: 3.4504027664661407
