times:
  edit-metadata: 1.7966624852269888
  landing: 0.022474214434623718
  view-data: 0.14352504163980484
