times:
  edit-metadata: 1.8024067943915725
  landing: 1.1083075879141688
  view-data: 3.4106844710186124
