times:
  edit-metadata: 0.7542445689905435
  landing: 0.048047914053313434
  view-data: 0.2524853510549292
