times:
  edit-metadata: 1.5028644856065512
  landing: 0.7390545811504126
  view-data: 3.3614325039088726
