times:
  edit-metadata: 1.387954399921
  landing: 0.02230748627334833
  view-data: 0.027309885248541832
