times:
  edit-metadata: 1.356553602963686
  landing: 0.8779413998126984
  view-data: 3.3438077978789806
