times:
  edit-metadata: 1.567004626034759
  landing: 0.925012387917377
  view-data: 3.358941416023299
