times:
  edit-metadata: 1.4565585548989475
  landing: 0.8400291451252997
  view-data: 3.4015534659847617
