times:
  edit-metadata: 1.7760960245504975
  landing: 0.14358938671648502
  view-data: 0.32324680406600237
