times:
  edit-metadata: 1.5532729756087065
  landing: 0.9185384614393115
  view-data: 3.4451064616441727
