times:
  edit-metadata: 2.116523813456297
  landing: 0.20237393490970135
  view-data: 0.1894696056842804
