times:
  edit-metadata: 1.7520440369844437
  landing: 0.9650968294590712
  view-data: 3.3121026465669274
