times:
  edit-metadata: 1.7351404465734959
  landing: 1.1160080656409264
  view-data: 3.5855242498219013
