times:
  edit-metadata: 1.5532537437975407
  landing: 0.810466006398201
  view-data: 3.411041183397174
