times:
  edit-metadata: 1.4194963071495295
  landing: 0.8171856664121151
  view-data: 3.3647729847580194
