times:
  edit-metadata: 1.9774153847247362
  landing: 0.018907351419329643
  view-data: 0.13337011635303497
