times:
  edit-metadata: 1.372794196009636
  landing: 0.9023917391896248
  view-data: 3.3589379489421844
