times:
  edit-metadata: 0.47703350242227316
  landing: 0.05701070837676525
  view-data: 0.20710907690227032
