times:
  edit-metadata: 1.5317167714238167
  landing: 0.9975854158401489
  view-data: 3.45203984901309
