times:
  edit-metadata: 0.7527735619805753
  landing: 0.05226640007458627
  view-data: 0.2221767120063305
