times:
  edit-metadata: 1.6295056734234095
  landing: 0.8292345516383648
  view-data: 3.362863216549158
