times:
  edit-metadata: 1.9003204815089703
  landing: 0.02317455504089594
  view-data: 0.024492274038493633
