times:
  edit-metadata: 1.7446483504027128
  landing: 0.021781697869300842
  view-data: 0.4844270125031471
