times:
  edit-metadata: 1.5383910648524761
  landing: 0.981872171163559
  view-data: 3.4376226253807545
