times:
  edit-metadata: 1.7791355922818184
  landing: 0.019737232476472855
  view-data: 0.02768312767148018
