times:
  edit-metadata: 1.4160534553229809
  landing: 0.8014146834611893
  view-data: 3.2927044443786144
