times:
  edit-metadata: 1.5700123086571693
  landing: 0.869262246415019
  view-data: 3.341461330652237
