times:
  edit-metadata: 1.7482801685109735
  landing: 0.022998862899839878
  view-data: 0.02781666349619627
