times:
  edit-metadata: 0.83698157267645
  landing: 0.05552391801029444
  view-data: 0.22923792526125908
