times:
  edit-metadata: 1.7399837421253324
  landing: 0.02438442502170801
  view-data: 0.21563110314309597
