times:
  edit-metadata: 1.5427914205938578
  landing: 0.801766375079751
  view-data: 3.416661813855171
