times:
  edit-metadata: 1.9932686127722263
  landing: 0.14944501779973507
  view-data: 0.025938697159290314
