times:
  edit-metadata: 1.5174822118133307
  landing: 0.7968807779252529
  view-data: 3.427705053240061
