times:
  edit-metadata: 1.4515443034470081
  landing: 0.8677335418760777
  view-data: 3.3505092337727547
