times:
  edit-metadata: 1.4600602984428406
  landing: 2.2751952074468136
  view-data: 3.3239316195249557
