times:
  edit-metadata: 1.4621786850038916
  landing: 0.8104421570897102
  view-data: 3.244053214089945
