times:
  edit-metadata: 0.7511403799871914
  landing: 0.043649368977639824
  view-data: 0.2216471440042369
