times:
  edit-metadata: 1.579111110419035
  landing: 0.9883856140077114
  view-data: 3.4277612939476967
