times:
  edit-metadata: 1.7821663180366158
  landing: 0.22947534546256065
  view-data: 0.4705029698088765
