times:
  edit-metadata: 1.4362956010736525
  landing: 0.8744263132102787
  view-data: 3.4117080098949373
