times:
  edit-metadata: 0.7493586051277816
  landing: 0.04832621291279793
  view-data: 0.23348010191693902
