times:
  edit-metadata: 0.7258355870144442
  landing: 0.046120548009639606
  view-data: 0.26033049597754143
