times:
  edit-metadata: 1.5355240777134895
  landing: 0.8077637124806643
  view-data: 3.4224514812231064
