times:
  edit-metadata: 1.8835934773087502
  landing: 0.24168573133647442
  view-data: 0.36284621618688107
