times:
  edit-metadata: 1.7858407879248261
  landing: 0.1297761807218194
  view-data: 0.02353798784315586
