times:
  edit-metadata: 0.7131577697582543
  landing: 0.054721667896956205
  view-data: 0.38454874185845256
