times:
  edit-metadata: 1.8687252011150122
  landing: 0.019919225946068764
  view-data: 0.31945277377963066
