times:
  edit-metadata: 1.4362009493634105
  landing: 0.8209622958675027
  view-data: 3.329856187105179
