times:
  edit-metadata: 0.8350671739899553
  landing: 0.0758914349717088
  view-data: 0.24340475199278444
