times:
  edit-metadata: 1.5031905360519886
  landing: 0.8252327404916286
  view-data: 3.446540653705597
