times:
  edit-metadata: 1.561805386096239
  landing: 0.9536477252840996
  view-data: 3.448486991226673
