times:
  edit-metadata: 1.3004194237291813
  landing: 0.022869741544127464
  view-data: 0.11744899582117796
