times:
  edit-metadata: 1.4399945065379143
  landing: 1.019456297159195
  view-data: 3.4426860958337784
