times:
  edit-metadata: 2.063537983223796
  landing: 0.021004904061555862
  view-data: 0.3636623304337263
