times:
  edit-metadata: 1.4488236606121063
  landing: 0.8640912361443043
  view-data: 3.267261814326048
