times:
  edit-metadata: 1.8160513751208782
  landing: 1.1088215000927448
  view-data: 3.362190570682287
