times:
  edit-metadata: 2.330117631703615
  landing: 0.22537004761397839
  view-data: 0.20946514420211315
