times:
  edit-metadata: 1.864175297319889
  landing: 0.02174820937216282
  view-data: 0.33533417247235775
