times:
  edit-metadata: 1.3961960412561893
  landing: 0.7573178447782993
  view-data: 3.3489153273403645
