times:
  edit-metadata: 0.44492987636476755
  landing: 0.051097434014081955
  view-data: 0.19695757888257504
