times:
  edit-metadata: 2.243502849712968
  landing: 0.023684526793658733
  view-data: 0.025903518311679363
