times:
  edit-metadata: 1.4987464919686317
  landing: 0.7196764312684536
  view-data: 3.2637840025126934
