times:
  edit-metadata: 0.7504549729637802
  landing: 0.049140479997731745
  view-data: 0.22012627695221454
