times:
  edit-metadata: 0.8240894720074721
  landing: 0.055897480007843114
  view-data: 0.36788664299820084
