times:
  edit-metadata: 1.3101774351671338
  landing: 0.13312416896224022
  view-data: 0.023047021590173244
