times:
  edit-metadata: 1.4649059176445007
  landing: 0.7965450882911682
  view-data: 3.3065090477466583
