times:
  edit-metadata: 1.6368901170790195
  landing: 0.8724037911742926
  view-data: 3.309359172359109
