times:
  edit-metadata: 1.4664753000251949
  landing: 0.7994025030639023
  view-data: 3.3410536400042474
