times:
  edit-metadata: 1.798773217946291
  landing: 0.020245851948857307
  view-data: 0.14096237905323505
