times:
  edit-metadata: 1.860625520348549
  landing: 0.1762959621846676
  view-data: 0.3022978864610195
