times:
  edit-metadata: 1.7576334699988365
  landing: 0.12334439717233181
  view-data: 0.027638612315058708
