times:
  edit-metadata: 1.7997340261936188
  landing: 0.18606424890458584
  view-data: 0.027959175407886505
