times:
  edit-metadata: 1.5299115516245365
  landing: 0.8673397041857243
  view-data: 3.3205513544380665
