times:
  edit-metadata: 1.620982713997364
  landing: 1.0010873638093472
  view-data: 3.3774588592350483
