times:
  edit-metadata: 1.3871483840048313
  landing: 1.00259642675519
  view-data: 3.3198980428278446
