times:
  edit-metadata: 0.7956488581839949
  landing: 0.1290629969444126
  view-data: 0.26808214792981744
