times:
  edit-metadata: 1.7017354108393192
  landing: 0.02051085140556097
  view-data: 0.024177043698728085
