times:
  edit-metadata: 1.6891749501228333
  landing: 0.02067249920219183
  view-data: 0.10367046110332012
