times:
  edit-metadata: 1.3646859414875507
  landing: 0.8990940377116203
  view-data: 3.364950131624937
