times:
  edit-metadata: 1.8073707018047571
  landing: 0.18844211101531982
  view-data: 0.27998794987797737
