times:
  edit-metadata: 1.4597446527332067
  landing: 0.8155706375837326
  view-data: 3.3988954024389386
