times:
  edit-metadata: 0.8662486458197236
  landing: 0.048574550077319145
  view-data: 0.2308423942886293
