times:
  edit-metadata: 1.6306913308799267
  landing: 1.0582969449460506
  view-data: 3.3635526299476624
