times:
  edit-metadata: 1.494050107896328
  landing: 0.7668356858193874
  view-data: 3.3258897364139557
