times:
  edit-metadata: 1.4686071742326021
  landing: 0.7338511943817139
  view-data: 3.3425626792013645
