times:
  edit-metadata: 1.8835016917437315
  landing: 0.19991716742515564
  view-data: 0.3894546404480934
