times:
  edit-metadata: 0.7576246290118434
  landing: 0.04513364197919145
  view-data: 0.25120954698650166
