times:
  edit-metadata: 1.068788108881563
  landing: 0.07021293370053172
  view-data: 0.36709500290453434
