times:
  edit-metadata: 2.872655637562275
  landing: 2.026431303471327
  view-data: 3.4890877790749073
