times:
  edit-metadata: 1.4327155840583146
  landing: 0.7963997451588511
  view-data: 3.3941038348712027
