times:
  edit-metadata: 0.8974384069442749
  landing: 0.09926019492559135
  view-data: 0.2540439210133627
