times:
  edit-metadata: 1.7538377372547984
  landing: 0.1797142382711172
  view-data: 0.022626904770731926
