times:
  edit-metadata: 0.7235870829317719
  landing: 0.04198159300722182
  view-data: 0.23721111891791224
