times:
  edit-metadata: 1.7699228432029486
  landing: 0.20386671740561724
  view-data: 0.32285383995622396
