times:
  edit-metadata: 0.8350339829921722
  landing: 0.053174999076873064
  view-data: 0.22825924586504698
