times:
  edit-metadata: 1.4324634242802858
  landing: 0.814972186461091
  view-data: 3.3355322564020753
