times:
  edit-metadata: 1.4958545919507742
  landing: 0.7778785042464733
  view-data: 3.429993698373437
