times:
  edit-metadata: 0.7403620383702219
  landing: 0.046659477055072784
  view-data: 0.35843587620183825
