times:
  edit-metadata: 2.632551409304142
  landing: 0.16588841285556555
  view-data: 0.7755330698564649
