times:
  edit-metadata: 2.118234518915415
  landing: 0.022402506321668625
  view-data: 0.3953148629516363
