times:
  edit-metadata: 1.712707981467247
  landing: 0.949109498411417
  view-data: 3.3721223287284374
