times:
  edit-metadata: 1.7636811565607786
  landing: 0.20574155263602734
  view-data: 0.023349497467279434
