times:
  edit-metadata: 1.9206252321600914
  landing: 0.020479252561926842
  view-data: 0.128730533644557
