times:
  edit-metadata: 1.9470125548541546
  landing: 0.1376129575073719
  view-data: 0.14548507891595364
