times:
  edit-metadata: 2.0780765805393457
  landing: 0.05283500254154205
  view-data: 0.13823189120739698
