times:
  edit-metadata: 1.418226236011833
  landing: 0.8369577541016042
  view-data: 3.238862923113629
