times:
  edit-metadata: 1.5943291075527668
  landing: 1.2730538994073868
  view-data: 3.5833728089928627
