times:
  edit-metadata: 4.496560867875814
  landing: 1.7679098062217236
  view-data: 4.527565605938435
