times:
  edit-metadata: 1.6950804740190506
  landing: 0.9807345755398273
  view-data: 3.3969913125038147
