times:
  edit-metadata: 1.5002451338805258
  landing: 0.9787426081020385
  view-data: 3.396447299979627
