times:
  edit-metadata: 1.4873685690108687
  landing: 0.8054506790358573
  view-data: 3.3331617291551083
