times:
  edit-metadata: 1.7608763175085187
  landing: 0.1313052410259843
  view-data: 0.1342782722786069
