times:
  edit-metadata: 1.4991123285144567
  landing: 0.7853955626487732
  view-data: 3.406392639502883
