times:
  edit-metadata: 1.7162422128021717
  landing: 1.0592969506978989
  view-data: 3.3784951008856297
