times:
  edit-metadata: 1.9259317629039288
  landing: 0.20752287469804287
  view-data: 0.3183008749037981
