times:
  edit-metadata: 1.5172059182077646
  landing: 0.7597079090774059
  view-data: 3.4945668280124664
