times:
  edit-metadata: 1.3240117002278566
  landing: 0.019563517533242702
  view-data: 0.12813758850097656
