times:
  edit-metadata: 1.9416991360485554
  landing: 1.095086570829153
  view-data: 3.3254199400544167
