times:
  edit-metadata: 1.958261527121067
  landing: 1.0925702387467027
  view-data: 3.5271591311320662
