times:
  edit-metadata: 1.7676729578524828
  landing: 0.17648540996015072
  view-data: 0.4603960122913122
