times:
  edit-metadata: 1.5092087294906378
  landing: 0.825720552355051
  view-data: 3.4158468768000603
