times:
  edit-metadata: 1.5997780114412308
  landing: 0.870809692889452
  view-data: 3.470737874507904
