times:
  edit-metadata: 1.4006609730422497
  landing: 0.819700364023447
  view-data: 3.3718359880149364
