times:
  edit-metadata: 1.4704009480774403
  landing: 0.9612432457506657
  view-data: 3.4397510923445225
