times:
  edit-metadata: 1.5499502159655094
  landing: 0.9346036277711391
  view-data: 3.3936909548938274
