times:
  edit-metadata: 0.7191703720018268
  landing: 0.04611494694836438
  view-data: 0.2227103509940207
