times:
  edit-metadata: 2.385930974036455
  landing: 1.4212107993662357
  view-data: 3.3487303406000137
