times:
  edit-metadata: 1.499159637838602
  landing: 0.8186666406691074
  view-data: 3.412686124444008
