times:
  edit-metadata: 1.3973501280415803
  landing: 0.7929439740255475
  view-data: 3.2721224669367075
