times:
  edit-metadata: 0.8314186120405793
  landing: 0.04978298209607601
  view-data: 0.23247087094932795
