times:
  edit-metadata: 2.0233510453253984
  landing: 0.18787959218025208
  view-data: 0.3201642297208309
