times:
  edit-metadata: 1.7943341732025146
  landing: 0.20646264031529427
  view-data: 0.28032772056758404
