times:
  edit-metadata: 1.8675205251201987
  landing: 1.0071740075945854
  view-data: 3.4982470981776714
