times:
  edit-metadata: 1.900892162695527
  landing: 0.1615503914654255
  view-data: 0.28593858890235424
