times:
  edit-metadata: 1.8160871975123882
  landing: 0.020165019668638706
  view-data: 0.1241551823914051
