times:
  edit-metadata: 1.7402548985555768
  landing: 0.019841564819216728
  view-data: 0.13305702526122332
