times:
  edit-metadata: 1.4813432469964027
  landing: 0.7971270494163036
  view-data: 3.270108487457037
