times:
  edit-metadata: 1.3654130790382624
  landing: 0.7834128919057548
  view-data: 3.295240626204759
