times:
  edit-metadata: 1.9754869099706411
  landing: 0.12806757912039757
  view-data: 0.026229308918118477
