times:
  edit-metadata: 2.0396992852911353
  landing: 1.1750929886475205
  view-data: 3.5466844215989113
