times:
  edit-metadata: 1.7097426988184452
  landing: 0.15807158220559359
  view-data: 0.12115051224827766
