times:
  edit-metadata: 1.8653578292578459
  landing: 0.2434133868664503
  view-data: 0.022928062826395035
