times:
  edit-metadata: 2.110226394608617
  landing: 0.17113696038722992
  view-data: 0.4328300077468157
