times:
  edit-metadata: 1.5756790861487389
  landing: 0.9746050573885441
  view-data: 3.3656152971088886
