times:
  edit-metadata: 0.4812962142750621
  landing: 0.0555969150736928
  view-data: 0.2009527012705803
