times:
  edit-metadata: 1.5328995641320944
  landing: 0.9203960914164782
  view-data: 3.3368375934660435
