times:
  edit-metadata: 1.7032755613327026
  landing: 0.021718772128224373
  view-data: 0.024961652234196663
