times:
  edit-metadata: 1.5097483657300472
  landing: 0.9723537787795067
  view-data: 3.414395794272423
