times:
  edit-metadata: 1.6385438907891512
  landing: 0.8598175942897797
  view-data: 3.429922055453062
