times:
  edit-metadata: 1.8448184356093407
  landing: 0.27055403031408787
  view-data: 0.12409140355885029
