times:
  edit-metadata: 1.5004281389992684
  landing: 1.006577268941328
  view-data: 3.3774658339098096
