times:
  edit-metadata: 1.7364344652742147
  landing: 0.021080737933516502
  view-data: 0.12317076977342367
