times:
  edit-metadata: 0.731273885932751
  landing: 0.049695389927364886
  view-data: 0.23449264105875045
