times:
  edit-metadata: 1.4554978841915727
  landing: 0.9604171002283692
  view-data: 3.479764901101589
