times:
  edit-metadata: 0.8419010870002239
  landing: 0.07320572899971012
  view-data: 0.31676568900002167
