times:
  edit-metadata: 1.9300530422478914
  landing: 0.20885383151471615
  view-data: 0.1325656659901142
