times:
  edit-metadata: 1.5553171038627625
  landing: 0.8307990841567516
  view-data: 3.465267116203904
