times:
  edit-metadata: 1.3689945805817842
  landing: 0.022074434906244278
  view-data: 0.11716189701110125
