times:
  edit-metadata: 2.8292200956493616
  landing: 1.6328147742897272
  view-data: 3.687519244849682
