times:
  edit-metadata: 1.4228488523513079
  landing: 0.7971410471946001
  view-data: 3.3760476764291525
