times:
  edit-metadata: 1.496818970888853
  landing: 0.8313938602805138
  view-data: 3.3886084370315075
