times:
  edit-metadata: 1.8054590597748756
  landing: 0.024098409339785576
  view-data: 0.3070720061659813
