times:
  edit-metadata: 1.457079742103815
  landing: 0.9601248390972614
  view-data: 3.5599087104201317
