times:
  edit-metadata: 1.8762751314789057
  landing: 0.020076358690857887
  view-data: 0.027638799510896206
