times:
  edit-metadata: 0.7529715279815719
  landing: 0.04601290891878307
  view-data: 0.23225965595338494
