times:
  edit-metadata: 1.5549149177968502
  landing: 0.8016178533434868
  view-data: 3.3905695732682943
