times:
  edit-metadata: 1.3486319482326508
  landing: 0.8441942408680916
  view-data: 3.334966719150543
