times:
  edit-metadata: 1.7662386121228337
  landing: 0.023977268487215042
  view-data: 0.02460233960300684
