times:
  edit-metadata: 1.828045155853033
  landing: 0.01913677155971527
  view-data: 0.023938940837979317
