times:
  edit-metadata: 1.127432156354189
  landing: 0.050645530223846436
  view-data: 0.24228864815086126
