times:
  edit-metadata: 2.285531761001039
  landing: 0.2781738370031235
  view-data: 0.18837916699703783
