times:
  edit-metadata: 1.4413815326988697
  landing: 0.7352808341383934
  view-data: 3.283091478049755
