times:
  edit-metadata: 1.7312493212521076
  landing: 0.020885281264781952
  view-data: 0.11781605612486601
