times:
  edit-metadata: 1.5502022441942245
  landing: 0.7408882561139762
  view-data: 3.258319258922711
