times:
  edit-metadata: 1.7584008183330297
  landing: 0.18409972172230482
  view-data: 0.4899063240736723
