times:
  edit-metadata: 0.737854439066723
  landing: 0.05955503799486905
  view-data: 0.22492227505426854
