times:
  edit-metadata: 1.8388143628835678
  landing: 0.022824589163064957
  view-data: 0.027668118476867676
