times:
  edit-metadata: 1.572679877281189
  landing: 1.1802595295011997
  view-data: 3.3367156200110912
