times:
  edit-metadata: 0.7287267510546371
  landing: 0.07260409800801426
  view-data: 0.4955264260061085
