times:
  edit-metadata: 1.4641209207475185
  landing: 0.9043634310364723
  view-data: 3.288588523864746
