times:
  edit-metadata: 0.8259975080145523
  landing: 0.05684174399357289
  view-data: 0.23799634497845545
