times:
  edit-metadata: 2.145867840386927
  landing: 0.02137521095573902
  view-data: 0.027674338780343533
