times:
  edit-metadata: 0.8290911660005804
  landing: 0.07301730799372308
  view-data: 0.24361689199577086
