times:
  edit-metadata: 0.7412138441577554
  landing: 0.044410824310034513
  view-data: 0.23529953882098198
