times:
  edit-metadata: 1.6451398241333663
  landing: 1.003295260015875
  view-data: 3.3521817750297487
