times:
  edit-metadata: 2.7459563169977628
  landing: 0.1879245309974067
  view-data: 0.4423997480189428
