times:
  edit-metadata: 1.8188790008425713
  landing: 0.23696059174835682
  view-data: 0.33209034614264965
