times:
  edit-metadata: 0.7300794080365449
  landing: 0.045122065814211965
  view-data: 0.2293259168509394
