times:
  edit-metadata: 2.40886165574193
  landing: 0.020179148763418198
  view-data: 0.48689462430775166
