times:
  edit-metadata: 1.6054483372718096
  landing: 0.9468387588858604
  view-data: 3.4283659737557173
