times:
  edit-metadata: 0.9294701109756716
  landing: 0.05591780203394592
  view-data: 0.2437496359925717
