times:
  edit-metadata: 1.7895223660161719
  landing: 0.8455797089263797
  view-data: 3.353280083043501
