times:
  edit-metadata: 1.5082029774785042
  landing: 0.8166681155562401
  view-data: 3.3960793539881706
