times:
  edit-metadata: 1.309446764178574
  landing: 0.1601256337016821
  view-data: 0.12076746206730604
