times:
  edit-metadata: 1.7202171450480819
  landing: 0.02092667482793331
  view-data: 0.116257612593472
