times:
  edit-metadata: 1.4454405382275581
  landing: 0.9276121407747269
  view-data: 3.352141425013542
