times:
  edit-metadata: 1.728034408763051
  landing: 0.020282359793782234
  view-data: 0.02541313972324133
