times:
  edit-metadata: 1.3451772350817919
  landing: 0.7642576061189175
  view-data: 3.350762886926532
