times:
  edit-metadata: 0.8290697196498513
  landing: 0.04792951187118888
  view-data: 0.22768805408850312
