times:
  edit-metadata: 0.7375354719988536
  landing: 0.07095658601610921
  view-data: 0.24193004801054485
