times:
  edit-metadata: 1.5636083781719208
  landing: 0.8003301154822111
  view-data: 3.416201027110219
