times:
  edit-metadata: 1.7181001594290137
  landing: 0.021477144211530685
  view-data: 0.20956435054540634
