times:
  edit-metadata: 1.363767801783979
  landing: 0.022432051599025726
  view-data: 0.02524795476347208
