times:
  edit-metadata: 1.8792597372084856
  landing: 0.024127976968884468
  view-data: 0.35196563601493835
