times:
  edit-metadata: 1.4935224018990993
  landing: 0.7705376986414194
  view-data: 3.3949178848415613
