times:
  edit-metadata: 0.4735535802319646
  landing: 0.047194226644933224
  view-data: 0.2000993676483631
