times:
  edit-metadata: 1.4888014867901802
  landing: 0.9256667532026768
  view-data: 3.3291386142373085
