times:
  edit-metadata: 1.6909535080194473
  landing: 0.1606661258265376
  view-data: 0.023864787071943283
