times:
  edit-metadata: 1.8167429864406586
  landing: 0.020465325564146042
  view-data: 0.027159705758094788
