times:
  edit-metadata: 1.8521736189723015
  landing: 0.20428155176341534
  view-data: 0.1518180575221777
