times:
  edit-metadata: 2.0978724993765354
  landing: 0.1661012377589941
  view-data: 0.39634981378912926
