times:
  edit-metadata: 1.2695823982357979
  landing: 0.8382805231958628
  view-data: 3.361065600067377
