times:
  edit-metadata: 1.7862119544297457
  landing: 0.02052837796509266
  view-data: 0.024503604508936405
