times:
  edit-metadata: 1.523018941981718
  landing: 0.870696927071549
  view-data: 3.36607659899164
