times:
  edit-metadata: 1.3050252710236236
  landing: 0.297151216014754
  view-data: 0.30427240900462493
