times:
  edit-metadata: 1.5023670680820942
  landing: 0.8765242695808411
  view-data: 3.36102082952857
