times:
  edit-metadata: 1.431078176945448
  landing: 0.9563147760927677
  view-data: 3.8681855984032154
