times:
  edit-metadata: 3.4311118768528104
  landing: 0.7965480089187622
  view-data: 0.6140112029388547
