times:
  edit-metadata: 1.4954888224601746
  landing: 0.7762231919914484
  view-data: 3.7177253663539886
