times:
  edit-metadata: 1.7167908307164907
  landing: 0.8050853628665209
  view-data: 3.417057875543833
