times:
  edit-metadata: 1.507045703008771
  landing: 0.8985366113483906
  view-data: 3.4135651625692844
