times:
  edit-metadata: 1.5396338738501072
  landing: 0.9760028421878815
  view-data: 3.4126492887735367
