times:
  edit-metadata: 0.7254396079806611
  landing: 0.051203154027462006
  view-data: 0.23569591995328665
