times:
  edit-metadata: 1.3702520616352558
  landing: 0.9160877354443073
  view-data: 3.3529504276812077
