times:
  edit-metadata: 2.079863630235195
  landing: 0.019328542053699493
  view-data: 0.03494666237384081
