times:
  edit-metadata: 0.4735376760363579
  landing: 0.05459348764270544
  view-data: 0.19839833676815033
