times:
  edit-metadata: 2.0625682026147842
  landing: 0.28647373244166374
  view-data: 0.37464940920472145
