times:
  edit-metadata: 1.3495165314525366
  landing: 0.8957968074828386
  view-data: 3.348164137452841
