times:
  edit-metadata: 0.8813573840307072
  landing: 0.05023198900744319
  view-data: 0.2341947810491547
