times:
  edit-metadata: 1.6240758188068867
  landing: 1.0491124913096428
  view-data: 3.3847463317215443
