times:
  edit-metadata: 2.985279604792595
  landing: 0.023251716047525406
  view-data: 0.37969599664211273
