times:
  edit-metadata: 1.749496920965612
  landing: 0.11952258367091417
  view-data: 0.23026362899690866
