times:
  edit-metadata: 0.8239587129792199
  landing: 0.06914260203484446
  view-data: 0.2320941329235211
