times:
  edit-metadata: 1.0319488570094109
  landing: 0.11381757818162441
  view-data: 0.22916016494855285
