times:
  edit-metadata: 1.4384444691240788
  landing: 0.8589560054242611
  view-data: 3.313961062580347
