times:
  edit-metadata: 1.5567217729985714
  landing: 0.8819200471043587
  view-data: 3.3818706311285496
