times:
  edit-metadata: 1.7298299195244908
  landing: 0.12310208845883608
  view-data: 0.18843482714146376
