times:
  edit-metadata: 1.5364429129986092
  landing: 0.9057205920107663
  view-data: 3.3563427770277485
