times:
  edit-metadata: 1.5050829071551561
  landing: 0.9273719526827335
  view-data: 3.462153410539031
