times:
  edit-metadata: 1.558125203475356
  landing: 0.8212869148701429
  view-data: 3.382663920521736
