times:
  edit-metadata: 1.521749708801508
  landing: 0.8104198090732098
  view-data: 3.40223309956491
