times:
  edit-metadata: 0.9106162860989571
  landing: 0.042452172841876745
  view-data: 0.2966904519125819
