times:
  edit-metadata: 0.736235500080511
  landing: 0.048603586037643254
  view-data: 0.23931162699591368
