times:
  edit-metadata: 1.731258344836533
  landing: 0.020769295282661915
  view-data: 0.02562605869024992
