times:
  edit-metadata: 1.5306166112422943
  landing: 0.9782376326620579
  view-data: 3.474352438002825
