times:
  edit-metadata: 1.6629937551915646
  landing: 0.019110513851046562
  view-data: 0.13510646112263203
