times:
  edit-metadata: 2.673256113193929
  landing: 1.5168960578739643
  view-data: 3.50233047362417
