times:
  edit-metadata: 0.7558769090101123
  landing: 0.045901128090918064
  view-data: 0.3738528578542173
