times:
  edit-metadata: 1.5148977786302567
  landing: 0.7919937800616026
  view-data: 3.394871585071087
