times:
  edit-metadata: 1.69373844191432
  landing: 1.0897334516048431
  view-data: 3.3764396235346794
