times:
  edit-metadata: 1.8043123241513968
  landing: 0.019084788858890533
  view-data: 0.023565085604786873
