times:
  edit-metadata: 0.7318033699993975
  landing: 0.05475991498678923
  view-data: 0.24454855101066642
