times:
  edit-metadata: 0.8265410690219142
  landing: 0.046074690006207675
  view-data: 0.2241590379853733
