times:
  edit-metadata: 1.461742702871561
  landing: 0.8419752325862646
  view-data: 3.388455837033689
