times:
  edit-metadata: 1.737556729465723
  landing: 0.019652090035378933
  view-data: 0.02594383992254734
