times:
  edit-metadata: 0.7458680120762438
  landing: 0.04802707186900079
  view-data: 0.23149551101960242
