times:
  edit-metadata: 1.5378525545820594
  landing: 0.834227473475039
  view-data: 3.2961839102208614
