times:
  edit-metadata: 1.493540745228529
  landing: 0.954450998455286
  view-data: 3.360404819250107
