times:
  edit-metadata: 1.5355953080579638
  landing: 0.8850645390339196
  view-data: 3.358483196236193
