times:
  edit-metadata: 1.3559298999607563
  landing: 0.14156556501984596
  view-data: 0.028460228815674782
