times:
  edit-metadata: 1.4530067294836044
  landing: 1.071548841893673
  view-data: 3.376746654510498
