times:
  edit-metadata: 1.434113185852766
  landing: 0.8804292753338814
  view-data: 3.337216291576624
