times:
  edit-metadata: 1.984122559428215
  landing: 0.022880980744957924
  view-data: 0.3436058685183525
