times:
  edit-metadata: 0.731264369096607
  landing: 0.05863770912401378
  view-data: 0.2340590599924326
