times:
  edit-metadata: 1.5154204275459051
  landing: 0.8068100670352578
  view-data: 3.4486174127086997
