times:
  edit-metadata: 1.4616125808097422
  landing: 0.7589502721093595
  view-data: 3.3692682697437704
