times:
  edit-metadata: 1.5123260021209717
  landing: 0.8200855925679207
  view-data: 3.418387508019805
