times:
  edit-metadata: 1.5856908224523067
  landing: 1.4033391438424587
  view-data: 3.452940046787262
