times:
  edit-metadata: 1.5435976348817348
  landing: 0.8237220644950867
  view-data: 3.4439913481473923
