times:
  edit-metadata: 0.7528115389868617
  landing: 0.05230990005657077
  view-data: 0.2265962401870638
