times:
  edit-metadata: 1.5276214107871056
  landing: 0.7146156579256058
  view-data: 3.2841287963092327
