times:
  edit-metadata: 1.6194755919277668
  landing: 0.9569556601345539
  view-data: 3.440363582223654
