times:
  edit-metadata: 0.7478018789552152
  landing: 0.044594674836844206
  view-data: 0.22469066292978823
