times:
  edit-metadata: 1.3722358578816056
  landing: 0.022598817013204098
  view-data: 0.024166994728147984
