times:
  edit-metadata: 0.719765143992845
  landing: 0.045753227022942156
  view-data: 0.24070351698901504
