times:
  edit-metadata: 1.7877315701916814
  landing: 0.13953185640275478
  view-data: 0.02347840741276741
