times:
  edit-metadata: 3.5502838790416718
  landing: 0.2761665787547827
  view-data: 0.17008894495666027
