times:
  edit-metadata: 1.8503254987299442
  landing: 0.022965315729379654
  view-data: 0.2428501397371292
