times:
  edit-metadata: 1.4312915671616793
  landing: 0.8423381233587861
  view-data: 0.4987775729969144
