times:
  edit-metadata: 1.5618756487965584
  landing: 0.9476956613361835
  view-data: 3.4650162756443024
