times:
  edit-metadata: 1.6071880906820297
  landing: 0.8500940334051847
  view-data: 3.4423717223107815
