times:
  edit-metadata: 1.5102380588650703
  landing: 0.7980519309639931
  view-data: 3.4040069468319416
