times:
  edit-metadata: 0.734338863985613
  landing: 0.05327016091905534
  view-data: 0.22111489111557603
