times:
  edit-metadata: 1.6865489417687058
  landing: 0.10801141243427992
  view-data: 0.02735621202737093
