times:
  edit-metadata: 0.8017718769842759
  landing: 0.04595131799578667
  view-data: 0.22814017301425338
