times:
  edit-metadata: 1.6557084247469902
  landing: 1.0213060714304447
  view-data: 3.367650218307972
