times:
  edit-metadata: 0.9360557217150927
  landing: 0.0751667432487011
  view-data: 0.25736855575814843
