times:
  edit-metadata: 0.7969645640114322
  landing: 0.06392141000833362
  view-data: 0.23861412098631263
