times:
  edit-metadata: 1.5646753013134003
  landing: 0.20264476630836725
  view-data: 0.3168138014152646
