times:
  edit-metadata: 0.7515987218357623
  landing: 0.07533495291136205
  view-data: 0.22521652793511748
