times:
  edit-metadata: 0.846973178035114
  landing: 0.055086533015128225
  view-data: 0.242869817011524
