times:
  edit-metadata: 1.5054165944457054
  landing: 0.8464475516229868
  view-data: 3.3807930666953325
