times:
  edit-metadata: 1.7042367868125439
  landing: 0.020714581944048405
  view-data: 0.025503615848720074
