times:
  edit-metadata: 1.4480808600783348
  landing: 0.8459054632112384
  view-data: 3.3513431129977107
