times:
  edit-metadata: 1.498572077602148
  landing: 0.7832066137343645
  view-data: 3.3825340792536736
