times:
  edit-metadata: 1.4485612181015313
  landing: 0.9775345223024487
  view-data: 3.2399949743412435
