times:
  edit-metadata: 1.5376323668751866
  landing: 0.8091645389795303
  view-data: 3.3673017870169133
