times:
  edit-metadata: 1.6711490675807
  landing: 0.9292403906583786
  view-data: 3.3495398946106434
