times:
  edit-metadata: 1.4374976865947247
  landing: 0.9496279619634151
  view-data: 3.3460277765989304
