times:
  edit-metadata: 1.9832782857120037
  landing: 0.025001879781484604
  view-data: 0.025873573496937752
