times:
  edit-metadata: 1.8361002951860428
  landing: 0.1959490180015564
  view-data: 0.02499900385737419
