times:
  edit-metadata: 1.4368772581219673
  landing: 0.9369301609694958
  view-data: 3.3794286139309406
