times:
  edit-metadata: 1.9907453581690788
  landing: 1.3996054716408253
  view-data: 3.5253223516047
