times:
  edit-metadata: 4.299454829655588
  landing: 0.4149470245465636
  view-data: 0.4505106909200549
