times:
  edit-metadata: 1.4257841859944165
  landing: 0.8437869250774384
  view-data: 3.336310088634491
