times:
  edit-metadata: 1.8494013417512178
  landing: 0.2579392306506634
  view-data: 0.44584593549370766
