times:
  edit-metadata: 1.7804232630878687
  landing: 0.019070939160883427
  view-data: 0.11854433827102184
