times:
  edit-metadata: 1.564816303551197
  landing: 0.8136025704443455
  view-data: 3.4537753760814667
