times:
  edit-metadata: 2.1259627952240407
  landing: 1.2267691968008876
  view-data: 3.383355023805052
