times:
  edit-metadata: 1.4879107065498829
  landing: 0.9489622246474028
  view-data: 3.3896913789212704
