times:
  edit-metadata: 0.7321868269937113
  landing: 0.05569487303728238
  view-data: 0.23882150102872401
