times:
  edit-metadata: 1.7109999246895313
  landing: 0.12110244296491146
  view-data: 0.12096936348825693
