times:
  edit-metadata: 1.6842673979699612
  landing: 0.1795288948342204
  view-data: 0.028006567619740963
