times:
  edit-metadata: 1.221445120871067
  landing: 0.05864634830504656
  view-data: 0.25153233809396625
