times:
  edit-metadata: 0.740464098053053
  landing: 0.05515623604878783
  view-data: 0.3692651269957423
