times:
  edit-metadata: 0.7391312927938998
  landing: 0.0492662179749459
  view-data: 0.23714291397482157
