times:
  edit-metadata: 1.5492725148797035
  landing: 0.9516678936779499
  view-data: 3.387537106871605
