times:
  edit-metadata: 1.5153307300060987
  landing: 0.8157637570984662
  view-data: 3.3627338716760278
