times:
  edit-metadata: 0.8493713070056401
  landing: 0.06465843599289656
  view-data: 0.24172634800197557
