times:
  edit-metadata: 0.8061746770981699
  landing: 0.05143319594208151
  view-data: 0.23938361601904035
