times:
  edit-metadata: 0.46906739473342896
  landing: 0.05211835727095604
  view-data: 0.2051990246400237
