times:
  edit-metadata: 0.8287861790740862
  landing: 0.046007761964574456
  view-data: 0.23667541204486042
