times:
  edit-metadata: 1.8999438248574734
  landing: 0.2389136478304863
  view-data: 0.10288004949688911
