times:
  edit-metadata: 1.4199834000319242
  landing: 0.8278139382600784
  view-data: 3.389704469591379
