times:
  edit-metadata: 2.0042401254177094
  landing: 0.17097989097237587
  view-data: 0.5455522425472736
