times:
  edit-metadata: 1.5464475452899933
  landing: 0.8477877229452133
  view-data: 3.3739720806479454
