times:
  edit-metadata: 2.2372596953064203
  landing: 0.2627406995743513
  view-data: 0.3496446721255779
