times:
  edit-metadata: 1.3551578726619482
  landing: 0.021485540084540844
  view-data: 0.028873173519968987
