times:
  edit-metadata: 1.7521943980827928
  landing: 0.1827805433422327
  view-data: 0.40035991463810205
