times:
  edit-metadata: 3.3354055248200893
  landing: 0.4874850632622838
  view-data: 0.6396780963987112
