times:
  edit-metadata: 1.6292147301137447
  landing: 0.21553051844239235
  view-data: 0.21766158752143383
