times:
  edit-metadata: 1.2568074809387326
  landing: 0.022573141381144524
  view-data: 0.028354539535939693
