times:
  edit-metadata: 1.6599385160952806
  landing: 0.17449400667101145
  view-data: 0.20546869840472937
