times:
  edit-metadata: 1.7281737141311169
  landing: 0.02220316231250763
  view-data: 0.1256522824987769
