times:
  edit-metadata: 1.9272747337818146
  landing: 1.1441066339612007
  view-data: 3.546298075467348
