times:
  edit-metadata: 1.5908298939466476
  landing: 0.9853537986055017
  view-data: 3.4449166348204017
