times:
  edit-metadata: 1.526856206357479
  landing: 0.8702771347016096
  view-data: 3.3991237320005894
