times:
  edit-metadata: 1.5820917189121246
  landing: 0.9198374189436436
  view-data: 3.3612039014697075
