times:
  edit-metadata: 2.255154241807759
  landing: 0.02197233773767948
  view-data: 0.43847983982414007
