times:
  edit-metadata: 1.8407358806580305
  landing: 0.21284091286361217
  view-data: 0.023171965032815933
