times:
  edit-metadata: 1.7692388854920864
  landing: 0.12839549779891968
  view-data: 0.3115802314132452
