times:
  edit-metadata: 1.7258802643045783
  landing: 0.2172946948558092
  view-data: 0.22470997367054224
