times:
  edit-metadata: 2.3848137706518173
  landing: 1.675803929567337
  view-data: 3.577858816832304
