times:
  edit-metadata: 0.8293903239828069
  landing: 0.07339922999381088
  view-data: 0.2619093649846036
