times:
  edit-metadata: 1.5501239076256752
  landing: 0.748653944581747
  view-data: 3.3617013432085514
