times:
  edit-metadata: 1.5237103141844273
  landing: 0.9262439869344234
  view-data: 3.3661661222577095
