times:
  edit-metadata: 1.7365028094500303
  landing: 0.021299058571457863
  view-data: 0.4523239266127348
