times:
  edit-metadata: 1.4145369548350573
  landing: 0.736201710999012
  view-data: 3.4420538377016783
