times:
  edit-metadata: 0.8321075541898608
  landing: 0.047191986814141273
  view-data: 0.25549691589549184
