times:
  edit-metadata: 1.3719699792563915
  landing: 0.0191778726875782
  view-data: 0.02689893264323473
