times:
  edit-metadata: 0.7271967488341033
  landing: 0.06776871508918703
  view-data: 0.2276037340052426
