times:
  edit-metadata: 0.7349668368697166
  landing: 0.0501914550550282
  view-data: 0.2226552339270711
