times:
  edit-metadata: 1.4106700792908669
  landing: 0.8460274878889322
  view-data: 3.410020299255848
