times:
  edit-metadata: 1.8018756359815598
  landing: 0.23967899568378925
  view-data: 0.024695023894309998
