times:
  edit-metadata: 1.4897796120494604
  landing: 0.7330436203628778
  view-data: 3.3724591359496117
