times:
  edit-metadata: 0.9225840030121617
  landing: 0.06804445799207315
  view-data: 0.235656309989281
