times:
  edit-metadata: 0.7206093310378492
  landing: 0.07502348301932216
  view-data: 0.22635338827967644
