times:
  edit-metadata: 1.438313465565443
  landing: 0.9385800883173943
  view-data: 3.420356322079897
