times:
  edit-metadata: 1.6079516932368279
  landing: 1.0068132989108562
  view-data: 3.3264707550406456
