times:
  edit-metadata: 0.7320316799450666
  landing: 0.04883675603196025
  view-data: 0.23760909005068243
