times:
  edit-metadata: 1.677264228463173
  landing: 0.022708074189722538
  view-data: 0.11969540268182755
