times:
  edit-metadata: 0.8557445290498435
  landing: 0.07713274611160159
  view-data: 0.2270891540683806
