times:
  edit-metadata: 1.783365761861205
  landing: 0.02033153362572193
  view-data: 0.42852503433823586
