times:
  edit-metadata: 1.719964200630784
  landing: 0.8600208517163992
  view-data: 3.381585907191038
