times:
  edit-metadata: 1.562984250485897
  landing: 0.8564087394624949
  view-data: 3.4526299741119146
