times:
  edit-metadata: 1.7712400909513235
  landing: 0.20241585187613964
  view-data: 0.026252204552292824
