times:
  edit-metadata: 1.3847177177667618
  landing: 0.8712026923894882
  view-data: 3.3942486979067326
