times:
  edit-metadata: 1.4826309531927109
  landing: 0.9433495327830315
  view-data: 3.3639327064156532
