times:
  edit-metadata: 1.7445812691003084
  landing: 0.20372515451163054
  view-data: 0.12028071656823158
