times:
  edit-metadata: 1.6456782035529613
  landing: 1.0476851388812065
  view-data: 3.4873105362057686
