times:
  edit-metadata: 1.3834064956754446
  landing: 0.021262867376208305
  view-data: 0.09750921837985516
