times:
  edit-metadata: 1.7437451481819153
  landing: 0.1198357455432415
  view-data: 0.024998140521347523
