times:
  edit-metadata: 0.7341879940358922
  landing: 0.054162951069884
  view-data: 0.22049964196048677
