times:
  edit-metadata: 1.846328167244792
  landing: 0.14238974079489708
  view-data: 0.30439701676368713
