times:
  edit-metadata: 1.5351287424564362
  landing: 0.8088866472244263
  view-data: 3.411912240087986
