times:
  edit-metadata: 1.737910503987223
  landing: 0.9658271358348429
  view-data: 3.381091407034546
