times:
  edit-metadata: 0.8665983070095535
  landing: 0.04804560399497859
  view-data: 0.2581074589979835
