times:
  edit-metadata: 1.912969360128045
  landing: 0.15243964083492756
  view-data: 0.04578043147921562
