times:
  edit-metadata: 1.6797417718917131
  landing: 0.9429849265143275
  view-data: 3.4804252088069916
