times:
  edit-metadata: 1.5119745321571827
  landing: 0.8163406252861023
  view-data: 3.4459802340716124
