times:
  edit-metadata: 1.5255490839481354
  landing: 0.8202329557389021
  view-data: 3.3294974248856306
