times:
  edit-metadata: 1.545533062890172
  landing: 0.7682614885270596
  view-data: 3.38909425213933
