times:
  edit-metadata: 1.5165966842323542
  landing: 0.7427569758147001
  view-data: 3.3349326699972153
