times:
  edit-metadata: 1.5222022011876106
  landing: 0.8972046105191112
  view-data: 3.383202404715121
