times:
  edit-metadata: 1.445776135660708
  landing: 0.9492912692949176
  view-data: 3.3791732247918844
