times:
  edit-metadata: 1.7369697680696845
  landing: 0.019815287552773952
  view-data: 0.026011486537754536
