times:
  edit-metadata: 1.6117073353379965
  landing: 1.0942060826346278
  view-data: 0.5604396578855813
