times:
  edit-metadata: 1.517320578917861
  landing: 0.8832664648070931
  view-data: 3.414993026293814
