times:
  edit-metadata: 1.437496759928763
  landing: 2.0204380732029676
  view-data: 3.3666357258334756
