times:
  edit-metadata: 0.7106935938354582
  landing: 0.05923810577951372
  view-data: 0.23005245602689683
