times:
  edit-metadata: 2.480481632053852
  landing: 1.5550048984587193
  view-data: 3.6451187171041965
