times:
  edit-metadata: 0.982914262014674
  landing: 0.12816325400490314
  view-data: 0.2554271300032269
