times:
  edit-metadata: 1.5081928949803114
  landing: 0.7892935033887625
  view-data: 3.3635632190853357
