times:
  edit-metadata: 1.7417590115219355
  landing: 0.12197548523545265
  view-data: 0.09593805484473705
