times:
  edit-metadata: 0.8332251319661736
  landing: 0.05906454008072615
  view-data: 0.25670159375295043
