times:
  edit-metadata: 1.7388297328725457
  landing: 0.019990965723991394
  view-data: 0.026468864642083645
