times:
  edit-metadata: 0.7416422269307077
  landing: 0.05066879210062325
  view-data: 0.22001629695296288
