times:
  edit-metadata: 1.5071351639926434
  landing: 0.8475909791886806
  view-data: 3.405095275491476
