times:
  edit-metadata: 1.7117929672822356
  landing: 0.022029570303857327
  view-data: 0.025818401016294956
