times:
  edit-metadata: 1.41460613720119
  landing: 0.7670329231768847
  view-data: 3.321351632475853
