times:
  edit-metadata: 0.7209476851858199
  landing: 0.05596203915774822
  view-data: 0.22991422098129988
