times:
  edit-metadata: 1.37082330416888
  landing: 0.019430448301136494
  view-data: 0.025562191382050514
