times:
  edit-metadata: 0.8896970339119434
  landing: 0.1542745279148221
  view-data: 0.3312921687029302
