times:
  edit-metadata: 1.7876810785382986
  landing: 0.05311997979879379
  view-data: 0.34968269243836403
