times:
  edit-metadata: 0.8269735089997994
  landing: 0.04633341000044311
  view-data: 0.23540825700001733
