times:
  edit-metadata: 1.7468891087919474
  landing: 0.12895784340798855
  view-data: 0.02609097771346569
