times:
  edit-metadata: 0.740325371036306
  landing: 0.04441301617771387
  view-data: 0.23786540399305522
