times:
  edit-metadata: 1.4402836160734296
  landing: 0.8183715770719573
  view-data: 3.511869680020027
