times:
  edit-metadata: 1.470327876508236
  landing: 0.8260829886421561
  view-data: 3.461816397495568
