times:
  edit-metadata: 1.5048047620803118
  landing: 0.7866059131920338
  view-data: 3.3886546343564987
