times:
  edit-metadata: 1.425797127187252
  landing: 0.9777151830494404
  view-data: 3.530400078743696
