times:
  edit-metadata: 2.155257096514106
  landing: 0.02248169295489788
  view-data: 0.02608775906264782
