times:
  edit-metadata: 0.7284255232661963
  landing: 0.04388834070414305
  view-data: 0.2260327129624784
