times:
  edit-metadata: 0.8173966500035021
  landing: 0.04613804499967955
  view-data: 0.23534982500132173
