times:
  edit-metadata: 1.990659606643021
  landing: 0.28081953153014183
  view-data: 0.5589878857135773
