times:
  edit-metadata: 1.4297287948429585
  landing: 0.7203273922204971
  view-data: 3.412819877266884
