times:
  edit-metadata: 1.7197613352909684
  landing: 0.13810615334659815
  view-data: 0.027471492066979408
