times:
  edit-metadata: 2.080579286441207
  landing: 0.019623215310275555
  view-data: 0.027286346070468426
