times:
  edit-metadata: 1.742466937750578
  landing: 0.022037354297935963
  view-data: 0.1162520395591855
