times:
  edit-metadata: 0.976331284007756
  landing: 0.12240599500364624
  view-data: 0.3087511780031491
