times:
  edit-metadata: 1.9684513844549656
  landing: 1.2361110262572765
  view-data: 3.570811878889799
