times:
  edit-metadata: 1.8024608306586742
  landing: 0.021229106932878494
  view-data: 0.13654395006597042
