times:
  edit-metadata: 0.7247243549209088
  landing: 0.05470502399839461
  view-data: 0.22916994499973953
