times:
  edit-metadata: 1.2936490587890148
  landing: 0.022497590631246567
  view-data: 0.026141051203012466
