times:
  edit-metadata: 1.7675668569281697
  landing: 0.15921128261834383
  view-data: 0.02309342846274376
