times:
  edit-metadata: 1.7455952921882272
  landing: 0.021108311600983143
  view-data: 0.11596730537712574
