times:
  edit-metadata: 1.290672305971384
  landing: 0.17835202533751726
  view-data: 0.02454334031790495
