times:
  edit-metadata: 2.055009702220559
  landing: 0.16318398714065552
  view-data: 0.24289727956056595
