times:
  edit-metadata: 4.073327034711838
  landing: 1.223029263317585
  view-data: 3.4365946985781193
