times:
  edit-metadata: 1.4437484703958035
  landing: 0.8250793665647507
  view-data: 3.3010291419923306
