times:
  edit-metadata: 1.8551198979839683
  landing: 0.027012651786208153
  view-data: 0.32104520592838526
