times:
  edit-metadata: 1.6300213392823935
  landing: 0.9794861171394587
  view-data: 3.2999555207788944
