times:
  edit-metadata: 1.3176293121650815
  landing: 0.02042095549404621
  view-data: 0.09986248519271612
