times:
  edit-metadata: 2.1882592607289553
  landing: 0.2298458069562912
  view-data: 0.42111065052449703
