times:
  edit-metadata: 0.7245331089943647
  landing: 0.0698595060966909
  view-data: 0.23407397605478764
