times:
  edit-metadata: 1.4863828672096133
  landing: 1.0885643567889929
  view-data: 3.413098396733403
