times:
  edit-metadata: 0.45043919421732426
  landing: 0.051090456545352936
  view-data: 0.20648390613496304
