times:
  edit-metadata: 1.7757520116865635
  landing: 0.2190259639173746
  view-data: 0.35015530325472355
