times:
  edit-metadata: 1.6020130701363087
  landing: 0.9426507242023945
  view-data: 3.3412021808326244
