times:
  edit-metadata: 1.7360900770872831
  landing: 1.0615976732224226
  view-data: 4.64900466427207
