times:
  edit-metadata: 1.3647063821554184
  landing: 0.9981886558234692
  view-data: 3.3051871694624424
