times:
  edit-metadata: 1.5906367432326078
  landing: 0.992778779938817
  view-data: 3.3830755800008774
