times:
  edit-metadata: 2.0659734923392534
  landing: 0.20400352403521538
  view-data: 0.14111678302288055
