times:
  edit-metadata: 1.3834455790929496
  landing: 0.7914425430353731
  view-data: 3.333471426041797
