times:
  edit-metadata: 0.8101335630053654
  landing: 0.06721403205301613
  view-data: 0.23828443605452776
