times:
  edit-metadata: 1.7264493759721518
  landing: 0.020032460801303387
  view-data: 0.4447495201602578
