times:
  edit-metadata: 0.45390322618186474
  landing: 0.052473909221589565
  view-data: 0.18828064762055874
