times:
  edit-metadata: 1.4274170575663447
  landing: 0.8368005016818643
  view-data: 3.367538687773049
