times:
  edit-metadata: 0.7431526299988036
  landing: 0.06819987000199035
  view-data: 0.22838968300493434
