times:
  edit-metadata: 1.3770186929032207
  landing: 0.02108126785606146
  view-data: 0.03078033309429884
