times:
  edit-metadata: 1.7682248055934906
  landing: 0.019853047095239162
  view-data: 0.024960679933428764
