times:
  edit-metadata: 1.365538495592773
  landing: 0.021765041165053844
  view-data: 0.028709878213703632
