times:
  edit-metadata: 0.45417430251836777
  landing: 0.047648873180150986
  view-data: 0.21215392649173737
