times:
  edit-metadata: 1.449016286060214
  landing: 0.94300745613873
  view-data: 3.379740672186017
