times:
  edit-metadata: 1.4454500237479806
  landing: 0.793795800767839
  view-data: 3.356568076647818
