times:
  edit-metadata: 1.7413794314488769
  landing: 0.023608212359249592
  view-data: 0.028910916298627853
