times:
  edit-metadata: 1.585164811462164
  landing: 0.8557168059051037
  view-data: 3.4879904463887215
