times:
  edit-metadata: 1.6224086210131645
  landing: 1.0365984328091145
  view-data: 3.4147426560521126
