times:
  edit-metadata: 0.7346884340513498
  landing: 0.04615907301194966
  view-data: 0.2454278019722551
