times:
  edit-metadata: 1.6140055041760206
  landing: 0.817150354385376
  view-data: 3.4446180053055286
