times:
  edit-metadata: 1.6729538664221764
  landing: 1.0584891438484192
  view-data: 3.541706021875143
