times:
  edit-metadata: 1.4964775554835796
  landing: 0.9201244562864304
  view-data: 3.294775255024433
