times:
  edit-metadata: 1.4888080386444926
  landing: 0.8857878921553493
  view-data: 3.382213548757136
