times:
  edit-metadata: 0.7360562109970488
  landing: 0.05662802001461387
  view-data: 0.22530035203089938
