times:
  edit-metadata: 1.8004464022815228
  landing: 0.019181201234459877
  view-data: 0.13310223445296288
