times:
  edit-metadata: 1.3256004955619574
  landing: 0.8463978860527277
  view-data: 3.293693452142179
