times:
  edit-metadata: 2.1982350759208202
  landing: 0.27538944967091084
  view-data: 0.33455008268356323
