times:
  edit-metadata: 0.44951913319528103
  landing: 0.05012418795377016
  view-data: 0.21145077235996723
