times:
  edit-metadata: 1.740252592600882
  landing: 0.19591072108596563
  view-data: 0.3956355070695281
