times:
  edit-metadata: 1.812723882496357
  landing: 0.018829558044672012
  view-data: 0.45415385626256466
