times:
  edit-metadata: 1.4491671016439795
  landing: 0.7322940798476338
  view-data: 3.2607487803325057
