times:
  edit-metadata: 0.8254645999986678
  landing: 0.12446535599883646
  view-data: 0.2669163250029669
