times:
  edit-metadata: 2.1107196621596813
  landing: 0.3894396014511585
  view-data: 0.3542270213365555
