times:
  edit-metadata: 1.755252406001091
  landing: 0.14776098635047674
  view-data: 0.02426426950842142
