times:
  edit-metadata: 0.7310111001133919
  landing: 0.05103780888020992
  view-data: 0.2367641869932413
