times:
  edit-metadata: 0.7438285150565207
  landing: 0.05097954487428069
  view-data: 0.23118529561907053
