times:
  edit-metadata: 0.5106473974883556
  landing: 0.04020669870078564
  view-data: 0.21197188086807728
