times:
  edit-metadata: 0.7228815138805658
  landing: 0.06475957809016109
  view-data: 0.36909602489322424
