times:
  edit-metadata: 1.5787943489849567
  landing: 0.8237114027142525
  view-data: 3.423114713281393
