times:
  edit-metadata: 0.8312433888204396
  landing: 0.05226828483864665
  view-data: 0.23320999694988132
