times:
  edit-metadata: 0.7348768050433137
  landing: 0.06477562699001282
  view-data: 0.2315032510086894
