times:
  edit-metadata: 1.5083546601235867
  landing: 1.0590813960880041
  view-data: 3.408546330407262
