times:
  edit-metadata: 1.7554785246029496
  landing: 0.023917334154248238
  view-data: 0.12198103126138449
