times:
  edit-metadata: 1.7368493136018515
  landing: 0.023377529345452785
  view-data: 0.11765505652874708
