times:
  edit-metadata: 1.550669476389885
  landing: 0.8695543818175793
  view-data: 3.3801364377141
