times:
  edit-metadata: 0.730600010836497
  landing: 0.07916236598975956
  view-data: 0.23223904403857887
