times:
  edit-metadata: 1.5626387372612953
  landing: 0.7747769504785538
  view-data: 3.352409888058901
