times:
  edit-metadata: 1.493267735466361
  landing: 0.8535967860370874
  view-data: 3.3614790067076683
