times:
  edit-metadata: 2.0574815068393946
  landing: 1.1126890797168016
  view-data: 3.513552749529481
