times:
  edit-metadata: 1.4258598759770393
  landing: 0.9059448726475239
  view-data: 3.3296008333563805
