times:
  edit-metadata: 1.571759194135666
  landing: 0.8366535510867834
  view-data: 3.421868219971657
