times:
  edit-metadata: 1.7736336728557944
  landing: 0.021380034275352955
  view-data: 0.027880653738975525
