times:
  edit-metadata: 1.8341657761484385
  landing: 0.01929004304111004
  view-data: 0.023137014359235764
