times:
  edit-metadata: 1.051181233022362
  landing: 0.04647493129596114
  view-data: 0.3094562953338027
