times:
  edit-metadata: 1.5455650631338358
  landing: 0.8056359402835369
  view-data: 3.4278959780931473
