times:
  edit-metadata: 1.7845305167138577
  landing: 0.22176998108625412
  view-data: 0.3107237368822098
