times:
  edit-metadata: 1.794589027762413
  landing: 0.9893819913268089
  view-data: 3.3356513865292072
