times:
  edit-metadata: 1.4125214910600334
  landing: 0.7592707599978894
  view-data: 3.270429627969861
