times:
  edit-metadata: 1.5469577684998512
  landing: 0.7816799096763134
  view-data: 3.4494494535028934
