times:
  edit-metadata: 1.7615960072726011
  landing: 1.0828457735478878
  view-data: 3.5970286522060633
