times:
  edit-metadata: 1.5780581962317228
  landing: 0.8468263708055019
  view-data: 3.379338612779975
