times:
  edit-metadata: 1.3714393228292465
  landing: 0.7594484686851501
  view-data: 3.3660438247025013
