times:
  edit-metadata: 1.51565021276474
  landing: 1.1268319450318813
  view-data: 3.420558962970972
