times:
  edit-metadata: 1.7918299548327923
  landing: 0.13512861728668213
  view-data: 0.31188891641795635
