times:
  edit-metadata: 1.5523800626397133
  landing: 0.9083204884082079
  view-data: 3.3260511700063944
