times:
  edit-metadata: 0.8174275950004812
  landing: 0.0929333439853508
  view-data: 0.2700663169962354
