times:
  edit-metadata: 2.0060093868523836
  landing: 1.4816736672073603
  view-data: 3.421406188979745
