times:
  edit-metadata: 1.8863470125943422
  landing: 0.024977752938866615
  view-data: 0.3683484736829996
