times:
  edit-metadata: 2.119229380041361
  landing: 1.401169691234827
  view-data: 3.5049020163714886
