times:
  edit-metadata: 1.5408155918121338
  landing: 0.8874559886753559
  view-data: 3.443590894341469
