times:
  edit-metadata: 1.5192096456885338
  landing: 0.8273974508047104
  view-data: 3.4110503010451794
