times:
  edit-metadata: 1.537588382139802
  landing: 0.8673300072550774
  view-data: 3.3538027070462704
