times:
  edit-metadata: 1.756657874211669
  landing: 0.019874577410519123
  view-data: 0.44010842125862837
