times:
  edit-metadata: 1.4322130419313908
  landing: 0.948174599558115
  view-data: 3.603791080415249
