times:
  edit-metadata: 1.7123128455132246
  landing: 0.12491086777299643
  view-data: 0.11309890914708376
