times:
  edit-metadata: 1.7094264030456543
  landing: 1.0599472001194954
  view-data: 3.322604563087225
