times:
  edit-metadata: 1.823962600901723
  landing: 0.13947278261184692
  view-data: 0.027308769524097443
