times:
  edit-metadata: 1.470352903008461
  landing: 0.8287133681587875
  view-data: 3.368508383166045
