times:
  edit-metadata: 1.646411320194602
  landing: 0.8319943025708199
  view-data: 3.347764816135168
