times:
  edit-metadata: 1.4591838959604502
  landing: 0.8593481350690126
  view-data: 3.3950234688818455
