times:
  edit-metadata: 1.708715720102191
  landing: 0.020028230734169483
  view-data: 0.12279635109007359
