times:
  edit-metadata: 0.8960274821147323
  landing: 0.04693933017551899
  view-data: 0.38545430125668645
