times:
  edit-metadata: 1.693643738515675
  landing: 0.022432354278862476
  view-data: 0.026111465878784657
