times:
  edit-metadata: 1.5189328361302614
  landing: 0.8175555430352688
  view-data: 3.4672806635499
