times:
  edit-metadata: 1.4431179352104664
  landing: 0.8576193153858185
  view-data: 3.328005250543356
