times:
  edit-metadata: 2.3118917793035507
  landing: 0.15433602780103683
  view-data: 0.03479076735675335
