times:
  edit-metadata: 1.5286120064556599
  landing: 0.8485500030219555
  view-data: 3.4502875953912735
