times:
  edit-metadata: 1.7260096119716763
  landing: 0.02069377712905407
  view-data: 0.025235886685550213
