times:
  edit-metadata: 2.0946292746812105
  landing: 0.23902644589543343
  view-data: 0.2892147861421108
