times:
  edit-metadata: 2.850397097878158
  landing: 0.5264219809323549
  view-data: 0.42265989165753126
