times:
  edit-metadata: 1.9547781199216843
  landing: 0.021922755986452103
  view-data: 0.3962775133550167
