times:
  edit-metadata: 1.7360635036602616
  landing: 0.02169442642480135
  view-data: 0.3453647280111909
