times:
  edit-metadata: 1.311241602525115
  landing: 0.0198214715346694
  view-data: 0.024151316843926907
