times:
  edit-metadata: 1.8190241599804722
  landing: 0.12118572799954563
  view-data: 0.10774020303506404
