times:
  edit-metadata: 1.7081764517351985
  landing: 0.9004186764359474
  view-data: 3.471687779761851
