times:
  edit-metadata: 1.354893185198307
  landing: 0.7903639450669289
  view-data: 3.390912603586912
