times:
  edit-metadata: 0.7451319610700011
  landing: 0.0462697499897331
  view-data: 0.22756285697687417
