times:
  edit-metadata: 0.9044859991408885
  landing: 0.05672374414280057
  view-data: 0.24185217870399356
