times:
  edit-metadata: 1.3113976269960403
  landing: 0.7264144120272249
  view-data: 3.38697130093351
