times:
  edit-metadata: 0.4599036071449518
  landing: 0.04230127390474081
  view-data: 0.18794153165072203
