times:
  edit-metadata: 2.103900210931897
  landing: 0.1744200699031353
  view-data: 0.1520944144576788
