times:
  edit-metadata: 1.5345084220170975
  landing: 0.9624190255999565
  view-data: 3.4419037103652954
