times:
  edit-metadata: 1.9105371087789536
  landing: 0.11484733410179615
  view-data: 0.45603374671190977
