times:
  edit-metadata: 1.5834131240844727
  landing: 0.8915153667330742
  view-data: 3.289863534271717
