times:
  edit-metadata: 1.3532577529549599
  landing: 0.8423597663640976
  view-data: 3.3375959917902946
