times:
  edit-metadata: 1.70991700142622
  landing: 0.849159449338913
  view-data: 3.4538033977150917
