times:
  edit-metadata: 1.1565057337284088
  landing: 0.754691831767559
  view-data: 3.3927771896123886
