times:
  edit-metadata: 1.4817345589399338
  landing: 0.823615238070488
  view-data: 3.660429798066616
