times:
  edit-metadata: 1.445702575147152
  landing: 0.8647006824612617
  view-data: 3.5224383175373077
