times:
  edit-metadata: 1.4113387316465378
  landing: 0.7850762829184532
  view-data: 3.3353471234440804
