times:
  edit-metadata: 1.5380120798945427
  landing: 0.7700311988592148
  view-data: 3.5059016346931458
