times:
  edit-metadata: 1.570007860660553
  landing: 0.9462941437959671
  view-data: 3.3488383814692497
