times:
  edit-metadata: 1.3698796480894089
  landing: 0.8582222983241081
  view-data: 3.6335479393601418
