times:
  edit-metadata: 1.4121304377913475
  landing: 0.800227127969265
  view-data: 3.4470837861299515
