times:
  edit-metadata: 1.2424077689647675
  landing: 0.7566320151090622
  view-data: 3.4782329574227333
