times:
  edit-metadata: 1.9571915827691555
  landing: 1.0554917752742767
  view-data: 3.3871872052550316
