times:
  edit-metadata: 1.4064969718456268
  landing: 0.8463721945881844
  view-data: 3.5415140986442566
