times:
  edit-metadata: 1.5422451347112656
  landing: 0.7807989418506622
  view-data: 3.4162452667951584
