times:
  edit-metadata: 1.5120743438601494
  landing: 1.1373893097043037
  view-data: 3.559093549847603
