times:
  edit-metadata: 1.4584439396858215
  landing: 0.8747678026556969
  view-data: 3.5054272264242172
