times:
  edit-metadata: 1.5069302693009377
  landing: 0.8490472957491875
  view-data: 3.371990814805031
