times:
  edit-metadata: 1.5068370699882507
  landing: 0.7925791814923286
  view-data: 3.5332411527633667
