times:
  edit-metadata: 2.712465852499008
  landing: 2.2187724262475967
  view-data: 4.43414893746376
