times:
  edit-metadata: 1.674475610256195
  landing: 0.8280925825238228
  view-data: 3.468699686229229
