times:
  edit-metadata: 1.4980372749269009
  landing: 0.8508457206189632
  view-data: 3.2901053391397
