times:
  edit-metadata: 1.5269303396344185
  landing: 0.7628299668431282
  view-data: 3.5346922501921654
