times:
  edit-metadata: 1.5123384147882462
  landing: 0.8513791188597679
  view-data: 3.3513024374842644
