times:
  edit-metadata: 1.5215726122260094
  landing: 0.8206238299608231
  view-data: 3.6542503349483013
