times:
  edit-metadata: 1.3211297392845154
  landing: 0.7729843333363533
  view-data: 3.3994998708367348
