times:
  edit-metadata: 1.413542054593563
  landing: 0.8503147438168526
  view-data: 3.421241618692875
