times:
  edit-metadata: 1.5172153413295746
  landing: 0.8118634521961212
  view-data: 3.4374683871865273
