times:
  edit-metadata: 1.65193759649992
  landing: 0.9314882792532444
  view-data: 3.3274231143295765
