times:
  edit-metadata: 1.3940478339791298
  landing: 0.743578590452671
  view-data: 3.402241922914982
