times:
  edit-metadata: 1.5446881130337715
  landing: 0.7895746231079102
  view-data: 3.3256279826164246
