times:
  edit-metadata: 1.4888563677668571
  landing: 0.7986294627189636
  view-data: 3.4377489909529686
