times:
  edit-metadata: 1.449276588857174
  landing: 0.8203021138906479
  view-data: 3.4758558198809624
