times:
  edit-metadata: 1.656315341591835
  landing: 1.1083872094750404
  view-data: 3.425069250166416
