times:
  edit-metadata: 1.4155742824077606
  landing: 0.7729230150580406
  view-data: 3.4355273097753525
