times:
  edit-metadata: 1.362655445933342
  landing: 0.7833975106477737
  view-data: 3.4437832087278366
