times:
  edit-metadata: 1.3819083645939827
  landing: 0.8842886462807655
  view-data: 3.4253787100315094
