times:
  edit-metadata: 1.5322980731725693
  landing: 0.8236406147480011
  view-data: 3.4897126629948616
