times:
  edit-metadata: 1.4602878391742706
  landing: 0.7765775471925735
  view-data: 3.513667546212673
