times:
  edit-metadata: 1.32937853038311
  landing: 0.7939043194055557
  view-data: 3.3933230265975
