times:
  edit-metadata: 1.4745357856154442
  landing: 0.7767129838466644
  view-data: 3.322804145514965
