times:
  edit-metadata: 1.3635699078440666
  landing: 0.7870575711131096
  view-data: 3.5083393156528473
