times:
  edit-metadata: 1.5508160814642906
  landing: 0.789168231189251
  view-data: 3.4490825161337852
