times:
  edit-metadata: 1.368452973663807
  landing: 0.8041965439915657
  view-data: 3.3682086765766144
