times:
  edit-metadata: 1.5853325352072716
  landing: 0.9573566094040871
  view-data: 3.529865711927414
