times:
  edit-metadata: 1.5048807263374329
  landing: 0.8761995658278465
  view-data: 3.5306481048464775
