times:
  edit-metadata: 1.530503936111927
  landing: 0.8074385151267052
  view-data: 3.4870326220989227
