times:
  edit-metadata: 1.523767925798893
  landing: 0.8637109696865082
  view-data: 3.58100563287735
