times:
  edit-metadata: 2.6067627891898155
  landing: 1.7760517671704292
  view-data: 3.8878191336989403
