times:
  edit-metadata: 1.525034323334694
  landing: 0.8527837097644806
  view-data: 3.2813277766108513
