times:
  edit-metadata: 1.4453206583857536
  landing: 0.8542343750596046
  view-data: 3.4541353434324265
