times:
  edit-metadata: 1.7216077484190464
  landing: 0.9557686112821102
  view-data: 3.3309809491038322
