times:
  edit-metadata: 1.495412327349186
  landing: 0.9419510513544083
  view-data: 3.3686270713806152
