times:
  edit-metadata: 1.3880640417337418
  landing: 0.9637428745627403
  view-data: 3.306029684841633
