times:
  edit-metadata: 1.9316228739917278
  landing: 0.8974513150751591
  view-data: 3.451755180954933
