times:
  edit-metadata: 1.4611757546663284
  landing: 0.8008263558149338
  view-data: 3.3640128076076508
