times:
  edit-metadata: 1.5381808802485466
  landing: 0.8102865889668465
  view-data: 3.444002039730549
