times:
  edit-metadata: 1.420639991760254
  landing: 0.7377511709928513
  view-data: 3.400366432964802
