times:
  edit-metadata: 1.3943938091397285
  landing: 0.7909603714942932
  view-data: 3.441798724234104
