times:
  edit-metadata: 1.4062778651714325
  landing: 0.8250065594911575
  view-data: 3.2965005189180374
