times:
  edit-metadata: 1.2697295024991035
  landing: 0.7192906215786934
  view-data: 3.511966273188591
