times:
  edit-metadata: 1.523213304579258
  landing: 0.8789661154150963
  view-data: 3.348088078200817
