times:
  edit-metadata: 1.540081426501274
  landing: 0.8000885993242264
  view-data: 3.4312065094709396
