times:
  edit-metadata: 1.4759621247649193
  landing: 0.9063049331307411
  view-data: 3.3091871216893196
