times:
  edit-metadata: 1.3911303728818893
  landing: 0.9493642747402191
  view-data: 3.417163096368313
