times:
  edit-metadata: 1.4036545902490616
  landing: 0.8175463601946831
  view-data: 3.523313023149967
