times:
  edit-metadata: 1.4198932349681854
  landing: 0.8189981505274773
  view-data: 3.3981449902057648
