times:
  edit-metadata: 1.4133243262767792
  landing: 0.7597611919045448
  view-data: 3.4733250960707664
