times:
  edit-metadata: 1.3754162564873695
  landing: 0.7394322529435158
  view-data: 3.4056404531002045
