times:
  edit-metadata: 1.6002978049218655
  landing: 1.0605513751506805
  view-data: 3.4499709606170654
