times:
  edit-metadata: 1.468979924917221
  landing: 0.8712160401046276
  view-data: 3.3368535451591015
