times:
  edit-metadata: 1.467222735285759
  landing: 0.7889796644449234
  view-data: 3.4376436546444893
