times:
  edit-metadata: 1.4841930717229843
  landing: 0.9888632446527481
  view-data: 3.3814990296959877
