times:
  edit-metadata: 1.4939597472548485
  landing: 0.8280848786234856
  view-data: 3.502840541303158
