times:
  edit-metadata: 1.4953918755054474
  landing: 0.7903345450758934
  view-data: 3.533624067902565
