times:
  edit-metadata: 1.9030069559812546
  landing: 1.2530922144651413
  view-data: 3.633634015917778
