times:
  edit-metadata: 1.492688663303852
  landing: 0.9664672017097473
  view-data: 3.5733729377388954
