times:
  edit-metadata: 2.811213254928589
  landing: 1.543776661157608
  view-data: 3.508017398416996
