times:
  edit-metadata: 1.4355947598814964
  landing: 0.8631349951028824
  view-data: 3.2756601125001907
