times:
  edit-metadata: 1.4417161643505096
  landing: 0.7974061891436577
  view-data: 3.4586473256349564
