times:
  edit-metadata: 1.2890619933605194
  landing: 0.8105177134275436
  view-data: 3.445763699710369
