times:
  edit-metadata: 1.4440483152866364
  landing: 0.8596883118152618
  view-data: 3.410449780523777
