times:
  edit-metadata: 1.489620130509138
  landing: 0.9146288968622684
  view-data: 3.376465030014515
