times:
  edit-metadata: 1.5900277271866798
  landing: 0.935897946357727
  view-data: 3.5108710899949074
