times:
  edit-metadata: 1.4444542229175568
  landing: 0.7597215548157692
  view-data: 3.4711057394742966
