times:
  edit-metadata: 1.4061032719910145
  landing: 0.7656924575567245
  view-data: 3.3086400255560875
