times:
  edit-metadata: 1.4443763867020607
  landing: 0.8289465978741646
  view-data: 3.3923385590314865
