times:
  edit-metadata: 1.4537393599748611
  landing: 0.7450372949242592
  view-data: 3.435546576976776
