times:
  edit-metadata: 1.4260541200637817
  landing: 0.8945982456207275
  view-data: 3.5226940140128136
