times:
  edit-metadata: 1.556436002254486
  landing: 0.9961393773555756
  view-data: 3.297266997396946
