times:
  edit-metadata: 1.546980194747448
  landing: 0.7764190807938576
  view-data: 3.45915500074625
