times:
  edit-metadata: 1.532502442598343
  landing: 0.8704523779451847
  view-data: 3.3702222295105457
