times:
  edit-metadata: 1.4286689534783363
  landing: 0.8061129599809647
  view-data: 3.4029210209846497
