times:
  edit-metadata: 1.4142628014087677
  landing: 0.7996585890650749
  view-data: 3.554292045533657
