times:
  edit-metadata: 1.366421103477478
  landing: 0.9184061512351036
  view-data: 3.529522456228733
