times:
  edit-metadata: 1.4813760668039322
  landing: 0.750641617923975
  view-data: 3.3152884021401405
