times:
  edit-metadata: 1.5821880847215652
  landing: 0.8786309473216534
  view-data: 3.4011539481580257
