times:
  edit-metadata: 1.3713181540369987
  landing: 0.850003607571125
  view-data: 3.323116272687912
