times:
  edit-metadata: 1.1357374265789986
  landing: 0.8081618547439575
  view-data: 3.354970298707485
