times:
  edit-metadata: 1.439025193452835
  landing: 0.8808448687195778
  view-data: 3.308078482747078
