times:
  edit-metadata: 1.4321665912866592
  landing: 0.8940680474042892
  view-data: 3.4376183450222015
