times:
  edit-metadata: 2.4529956728219986
  landing: 1.6724553927779198
  view-data: 3.508871152997017
