times:
  edit-metadata: 1.474034622311592
  landing: 0.9061761125922203
  view-data: 3.433826692402363
