times:
  edit-metadata: 1.4109888598322868
  landing: 0.8265434429049492
  view-data: 3.5252111330628395
