times:
  edit-metadata: 1.4491450786590576
  landing: 0.8737292289733887
  view-data: 3.492552362382412
