times:
  edit-metadata: 1.449647918343544
  landing: 0.8203388005495071
  view-data: 3.4141584932804108
