times:
  edit-metadata: 1.9577858746051788
  landing: 1.4052571579813957
  view-data: 3.3530097007751465
