times:
  edit-metadata: 1.4111500829458237
  landing: 0.8513553366065025
  view-data: 0.687842033803463
