times:
  edit-metadata: 1.3554338812828064
  landing: 0.9862164035439491
  view-data: 3.479702927172184
