times:
  edit-metadata: 1.3454706072807312
  landing: 0.7498473823070526
  view-data: 3.6147815957665443
