times:
  edit-metadata: 1.6011980324983597
  landing: 0.8441834300756454
  view-data: 3.4161629751324654
