times:
  edit-metadata: 1.4789097309112549
  landing: 0.9560501649975777
  view-data: 3.323732167482376
