times:
  edit-metadata: 1.4463286250829697
  landing: 0.8378527611494064
  view-data: 3.321325995028019
