times:
  edit-metadata: 1.4647734612226486
  landing: 0.8071446530520916
  view-data: 3.317227613180876
