times:
  edit-metadata: 1.4502753615379333
  landing: 0.7719238325953484
  view-data: 3.4916100576519966
