times:
  edit-metadata: 1.4572448953986168
  landing: 0.7521981447935104
  view-data: 3.5461581870913506
