times:
  edit-metadata: 1.4342484399676323
  landing: 0.7813301980495453
  view-data: 3.4914910718798637
