times:
  edit-metadata: 1.4216321557760239
  landing: 0.7144448608160019
  view-data: 3.419387985020876
