times:
  edit-metadata: 1.4144886583089828
  landing: 0.7128810212016106
  view-data: 3.341610297560692
