times:
  edit-metadata: 1.5786784030497074
  landing: 0.8182860836386681
  view-data: 3.3481726087629795
