times:
  edit-metadata: 1.4241307750344276
  landing: 0.7736174054443836
  view-data: 3.3023738227784634
