times:
  edit-metadata: 1.6025879420340061
  landing: 0.8638405948877335
  view-data: 3.305142417550087
