times:
  edit-metadata: 2.9897819459438324
  landing: 1.9420843124389648
  view-data: 3.7245013639330864
