times:
  edit-metadata: 1.406352087855339
  landing: 0.70438352227211
  view-data: 3.4667121544480324
