times:
  edit-metadata: 1.3734708428382874
  landing: 0.7060079500079155
  view-data: 3.489222653210163
