times:
  edit-metadata: 1.3921316303312778
  landing: 0.7626690305769444
  view-data: 3.313832249492407
