times:
  edit-metadata: 1.395217139273882
  landing: 0.7851378694176674
  view-data: 3.321314252912998
