times:
  edit-metadata: 1.4703861363232136
  landing: 0.7912092246115208
  view-data: 3.3786661326885223
