times:
  edit-metadata: 2.0560689605772495
  landing: 0.932315856218338
  view-data: 3.338747389614582
