times:
  edit-metadata: 1.5370664149522781
  landing: 0.7875481471419334
  view-data: 3.333447739481926
