times:
  edit-metadata: 1.5352729707956314
  landing: 0.8138965591788292
  view-data: 3.3818602710962296
