times:
  edit-metadata: 1.5349055081605911
  landing: 0.7130160853266716
  view-data: 3.473117306828499
