times:
  edit-metadata: 1.5398767367005348
  landing: 0.7985930740833282
  view-data: 3.472241088747978
