times:
  edit-metadata: 1.4711450561881065
  landing: 0.7701183781027794
  view-data: 3.2631355188786983
