times:
  edit-metadata: 1.4557357653975487
  landing: 0.7875638492405415
  view-data: 3.2646165154874325
