times:
  edit-metadata: 1.4531084187328815
  landing: 0.7249688357114792
  view-data: 3.3086640499532223
