times:
  edit-metadata: 1.4660563319921494
  landing: 0.7068920359015465
  view-data: 3.531584642827511
