times:
  edit-metadata: 1.4605246745049953
  landing: 0.7661380879580975
  view-data: 3.273513689637184
