times:
  edit-metadata: 1.4068158939480782
  landing: 0.7291017547249794
  view-data: 3.3338573090732098
