times:
  edit-metadata: 1.459239199757576
  landing: 0.769834503531456
  view-data: 3.4071669206023216
