times:
  edit-metadata: 1.5496141612529755
  landing: 23.556504234671593
  view-data: 3.7542248889803886
