times:
  edit-metadata: 1.4357892274856567
  landing: 0.8159775026142597
  view-data: 3.3509855680167675
