times:
  edit-metadata: 1.5065961182117462
  landing: 0.7610189691185951
  view-data: 3.2908574007451534
