times:
  edit-metadata: 1.400703053921461
  landing: 0.8152956701815128
  view-data: 3.361688669770956
