times:
  edit-metadata: 1.4164316579699516
  landing: 0.723481148481369
  view-data: 3.374833293259144
