times:
  edit-metadata: 1.54255660623312
  landing: 0.7180569171905518
  view-data: 3.3730439618229866
