times:
  edit-metadata: 1.3966319262981415
  landing: 0.7348870486021042
  view-data: 3.4021707996726036
