times:
  edit-metadata: 1.4324019886553288
  landing: 0.809480257332325
  view-data: 3.3766085356473923
