times:
  edit-metadata: 1.4304353892803192
  landing: 0.7192374467849731
  view-data: 3.539896458387375
