times:
  edit-metadata: 1.640200164169073
  landing: 0.9424017332494259
  view-data: 3.3130262531340122
