times:
  edit-metadata: 1.5162677764892578
  landing: 0.7281380221247673
  view-data: 3.4848842173814774
