times:
  edit-metadata: 1.4972202330827713
  landing: 0.999366819858551
  view-data: 3.6149390563368797
