times:
  edit-metadata: 1.6420687958598137
  landing: 0.821232333779335
  view-data: 3.3191006779670715
