times:
  edit-metadata: 1.4626412466168404
  landing: 0.8163740113377571
  view-data: 3.3334691002964973
