times:
  edit-metadata: 1.5245372578501701
  landing: 0.7837337031960487
  view-data: 3.491532117128372
