times:
  edit-metadata: 1.5600830763578415
  landing: 0.7596765533089638
  view-data: 3.320844069123268
