times:
  edit-metadata: 1.570125475525856
  landing: 0.7707123830914497
  view-data: 3.5016140192747116
