times:
  edit-metadata: 1.5207215026021004
  landing: 0.935318723320961
  view-data: 3.5565943121910095
