times:
  edit-metadata: 1.8863343223929405
  landing: 1.4928284659981728
  view-data: 3.7474078685045242
