times:
  edit-metadata: 1.3943099826574326
  landing: 0.76162089407444
  view-data: 3.478457897901535
