times:
  edit-metadata: 1.4710062816739082
  landing: 0.7679598927497864
  view-data: 3.272434026002884
