times:
  edit-metadata: 1.4679079502820969
  landing: 0.8045882806181908
  view-data: 3.342914216220379
