times:
  edit-metadata: 1.76187414675951
  landing: 1.0066830515861511
  view-data: 3.3823118805885315
