times:
  edit-metadata: 1.4862147346138954
  landing: 0.8143332339823246
  view-data: 3.3235352598130703
