times:
  edit-metadata: 1.5436995141208172
  landing: 0.7744525447487831
  view-data: 3.3255454003810883
