times:
  edit-metadata: 1.5045856833457947
  landing: 0.7868641763925552
  view-data: 3.3634478598833084
