times:
  edit-metadata: 1.4710491970181465
  landing: 0.6775995567440987
  view-data: 3.411613665521145
