times:
  edit-metadata: 2.078819800168276
  landing: 1.1235276013612747
  view-data: 3.4980371482670307
