times:
  edit-metadata: 1.6503540761768818
  landing: 0.7937834970653057
  view-data: 3.367193464189768
