times:
  edit-metadata: 2.5203790813684464
  landing: 0.946245938539505
  view-data: 3.551370769739151
