times:
  edit-metadata: 1.4560478776693344
  landing: 0.7448711693286896
  view-data: 3.471250042319298
