times:
  edit-metadata: 1.5342500358819962
  landing: 0.7720915600657463
  view-data: 3.452382445335388
