times:
  edit-metadata: 1.431073360145092
  landing: 0.7443670406937599
  view-data: 3.5078320056200027
