times:
  edit-metadata: 1.3553721085190773
  landing: 0.8821637257933617
  view-data: 3.3626409955322742
