times:
  edit-metadata: 1.4944318756461143
  landing: 0.9236264675855637
  view-data: 3.381686456501484
