times:
  edit-metadata: 1.4672490544617176
  landing: 0.8388511314988136
  view-data: 3.3294156305491924
