times:
  edit-metadata: 1.4720331355929375
  landing: 0.7465500235557556
  view-data: 3.5224668756127357
