times:
  edit-metadata: 2.7607342079281807
  landing: 1.7273683473467827
  view-data: 3.791241742670536
