times:
  edit-metadata: 1.4486977756023407
  landing: 0.6991636008024216
  view-data: 3.464258000254631
