times:
  edit-metadata: 1.4648915082216263
  landing: 0.7443178780376911
  view-data: 3.298454400151968
