times:
  edit-metadata: 1.47844747453928
  landing: 0.7704363986849785
  view-data: 3.417966604232788
