times:
  edit-metadata: 1.4631902575492859
  landing: 0.6809437200427055
  view-data: 3.329565905034542
