times:
  edit-metadata: 1.5310047045350075
  landing: 1.1551365032792091
  view-data: 3.663420096039772
