times:
  edit-metadata: 1.4122105464339256
  landing: 0.7135197296738625
  view-data: 3.330516494810581
