times:
  edit-metadata: 1.4551259241998196
  landing: 0.7216882854700089
  view-data: 3.314418513327837
