times:
  edit-metadata: 1.412977509200573
  landing: 0.7192453294992447
  view-data: 3.2915602400898933
