times:
  edit-metadata: 1.465606540441513
  landing: 0.8018174320459366
  view-data: 3.3014149740338326
