times:
  edit-metadata: 1.4469020627439022
  landing: 0.8733318485319614
  view-data: 3.2896066084504128
