times:
  edit-metadata: 1.6541039310395718
  landing: 0.8151465840637684
  view-data: 3.3059470243752003
