times:
  edit-metadata: 1.3696552142500877
  landing: 0.8945165649056435
  view-data: 3.558720052242279
