times:
  edit-metadata: 1.497054312378168
  landing: 0.7615686766803265
  view-data: 3.350970081984997
