times:
  edit-metadata: 1.5563652589917183
  landing: 0.7475879974663258
  view-data: 3.2654487006366253
