times:
  edit-metadata: 1.40047587454319
  landing: 0.7184027954936028
  view-data: 3.371406003832817
