times:
  edit-metadata: 1.4725492782890797
  landing: 0.7806196808815002
  view-data: 3.4064794182777405
