times:
  edit-metadata: 1.5963069722056389
  landing: 0.7278982326388359
  view-data: 3.4671448543667793
