times:
  edit-metadata: 1.5021765530109406
  landing: 0.7413119748234749
  view-data: 3.4628183990716934
