times:
  edit-metadata: 1.4636549651622772
  landing: 0.8200220093131065
  view-data: 3.423068732023239
