times:
  edit-metadata: 1.4702417217195034
  landing: 0.7604736387729645
  view-data: 3.29672659188509
