times:
  edit-metadata: 1.4998218566179276
  landing: 0.7053947597742081
  view-data: 3.4581790566444397
