times:
  edit-metadata: 1.4561698362231255
  landing: 0.7125268802046776
  view-data: 3.2775387689471245
