times:
  edit-metadata: 1.6189175099134445
  landing: 0.9297501668334007
  view-data: 3.332034207880497
