times:
  edit-metadata: 1.5366634279489517
  landing: 0.7563591301441193
  view-data: 3.3909253031015396
