times:
  edit-metadata: 1.4965081922709942
  landing: 0.7666595913469791
  view-data: 3.334486674517393
