times:
  edit-metadata: 1.4776314869523048
  landing: 0.7510288953781128
  view-data: 3.4942410364747047
