times:
  edit-metadata: 1.4977576360106468
  landing: 0.8589962869882584
  view-data: 3.5422264337539673
