times:
  edit-metadata: 1.4311082661151886
  landing: 0.7414771467447281
  view-data: 3.540143094956875
