times:
  edit-metadata: 1.6041537337005138
  landing: 0.87686338275671
  view-data: 3.3841777369379997
