times:
  edit-metadata: 1.3990895003080368
  landing: 0.7376518324017525
  view-data: 3.3630886152386665
