times:
  edit-metadata: 1.4133006297051907
  landing: 0.9815014339983463
  view-data: 3.363209169358015
