times:
  edit-metadata: 1.4008852988481522
  landing: 0.7094767317175865
  view-data: 3.305830918252468
