times:
  edit-metadata: 1.442162036895752
  landing: 0.7205182798206806
  view-data: 3.2921209670603275
