times:
  edit-metadata: 1.4613474979996681
  landing: 0.751623060554266
  view-data: 3.326621938496828
