times:
  edit-metadata: 1.5027440413832664
  landing: 0.7369474656879902
  view-data: 3.4000229835510254
