times:
  edit-metadata: 1.5289455018937588
  landing: 0.9387058615684509
  view-data: 3.3137349225580692
