times:
  edit-metadata: 1.3981554731726646
  landing: 0.6956134811043739
  view-data: 3.4123987779021263
