times:
  edit-metadata: 1.3279151767492294
  landing: 0.6926300823688507
  view-data: 3.3910272642970085
