times:
  edit-metadata: 1.6179178059101105
  landing: 0.7920701950788498
  view-data: 3.318692058324814
