times:
  edit-metadata: 1.3656165078282356
  landing: 0.7174108996987343
  view-data: 3.4952025040984154
