times:
  edit-metadata: 1.6188920885324478
  landing: 0.89215487241745
  view-data: 3.349513817578554
