times:
  edit-metadata: 1.4404983595013618
  landing: 0.713564969599247
  view-data: 3.4147988706827164
