times:
  edit-metadata: 1.3983075469732285
  landing: 0.7277225106954575
  view-data: 3.346188895404339
