times:
  edit-metadata: 1.4383260421454906
  landing: 0.8094363771378994
  view-data: 3.277887709438801
