times:
  edit-metadata: 1.4337705448269844
  landing: 0.7353101149201393
  view-data: 3.5533809661865234
