times:
  edit-metadata: 1.488171860575676
  landing: 0.7346983179450035
  view-data: 3.273401528596878
