times:
  edit-metadata: 1.4488959424197674
  landing: 0.8138606324791908
  view-data: 3.38180398195982
