times:
  edit-metadata: 1.3579085022211075
  landing: 0.7356929033994675
  view-data: 3.52023633569479
