times:
  edit-metadata: 1.5344974547624588
  landing: 0.8056134656071663
  view-data: 3.5074210166931152
