times:
  edit-metadata: 1.5244986079633236
  landing: 0.8813662268221378
  view-data: 3.288133192807436
