times:
  edit-metadata: 1.3648280315101147
  landing: 0.8013196140527725
  view-data: 3.2667359113693237
