times:
  edit-metadata: 1.4772550910711288
  landing: 0.7116277515888214
  view-data: 3.531371630728245
