times:
  edit-metadata: 1.5738528855144978
  landing: 0.82642912119627
  view-data: 3.398668050765991
