times:
  edit-metadata: 1.4762963652610779
  landing: 0.7561995945870876
  view-data: 3.323246266692877
