times:
  edit-metadata: 1.5053708627820015
  landing: 0.7197059020400047
  view-data: 3.4414727240800858
