times:
  edit-metadata: 1.474720936268568
  landing: 0.8022072538733482
  view-data: 3.3214273266494274
