times:
  edit-metadata: 1.5475061237812042
  landing: 0.7355422303080559
  view-data: 3.3271163552999496
