times:
  edit-metadata: 1.522998683154583
  landing: 0.724441397935152
  view-data: 3.3040771521627903
