times:
  edit-metadata: 1.400283046066761
  landing: 0.7991658076643944
  view-data: 3.5389397591352463
