times:
  edit-metadata: 1.4867567420005798
  landing: 0.7656560614705086
  view-data: 3.4534542858600616
