times:
  edit-metadata: 1.4695827662944794
  landing: 0.7849403992295265
  view-data: 3.4628190025687218
