times:
  edit-metadata: 1.5506546571850777
  landing: 0.7016922608017921
  view-data: 3.381248787045479
