times:
  edit-metadata: 1.9152423739433289
  landing: 0.8678227663040161
  view-data: 3.482850059866905
