times:
  edit-metadata: 1.5811821669340134
  landing: 0.7118009924888611
  view-data: 3.4679844975471497
