times:
  edit-metadata: 1.5195927768945694
  landing: 0.7971020415425301
  view-data: 3.4960133135318756
