times:
  edit-metadata: 1.487957552075386
  landing: 0.9402644038200378
  view-data: 3.251909889280796
