times:
  edit-metadata: 1.4811880476772785
  landing: 0.7985538057982922
  view-data: 3.3093289770185947
