times:
  edit-metadata: 1.5843998305499554
  landing: 0.7830739468336105
  view-data: 3.3646823950111866
