times:
  edit-metadata: 1.4929543063044548
  landing: 0.7072669044137001
  view-data: 3.3350991904735565
