times:
  edit-metadata: 1.5822478123009205
  landing: 0.7966162301599979
  view-data: 3.325167268514633
