times:
  edit-metadata: 1.4453089982271194
  landing: 0.7323762476444244
  view-data: 3.511482313275337
