times:
  edit-metadata: 1.5278172492980957
  landing: 0.9114559143781662
  view-data: 3.3100040033459663
