times:
  edit-metadata: 1.4822784140706062
  landing: 0.7093952298164368
  view-data: 3.546416960656643
