times:
  edit-metadata: 1.4042026996612549
  landing: 0.9339418336749077
  view-data: 3.3995373994112015
