times:
  edit-metadata: 1.4483584761619568
  landing: 0.785749264061451
  view-data: 3.512593150138855
