times:
  edit-metadata: 2.040453251451254
  landing: 0.9821732193231583
  view-data: 3.3931368328630924
