times:
  edit-metadata: 1.5977929532527924
  landing: 0.9188597276806831
  view-data: 3.322945922613144
