times:
  edit-metadata: 1.615409754216671
  landing: 0.8410430774092674
  view-data: 3.297079313546419
