times:
  edit-metadata: 1.6989038214087486
  landing: 0.9392321854829788
  view-data: 3.512221671640873
