times:
  edit-metadata: 1.4175591170787811
  landing: 0.7302949130535126
  view-data: 3.373319074511528
