times:
  edit-metadata: 1.4245096929371357
  landing: 0.7253063134849072
  view-data: 3.321192678064108
