times:
  edit-metadata: 1.612843345850706
  landing: 0.8547208532691002
  view-data: 3.3299421072006226
