times:
  edit-metadata: 1.5321029052138329
  landing: 0.7911267876625061
  view-data: 3.5084207728505135
