times:
  edit-metadata: 1.7210419476032257
  landing: 1.3800880908966064
  view-data: 3.520537592470646
