times:
  edit-metadata: 1.684299349784851
  landing: 0.8417105972766876
  view-data: 3.259220279753208
