times:
  edit-metadata: 1.408237263560295
  landing: 0.7330212518572807
  view-data: 3.4909559190273285
