times:
  edit-metadata: 1.550644338130951
  landing: 0.7836029008030891
  view-data: 3.499005973339081
