times:
  edit-metadata: 1.4479287192225456
  landing: 0.7827655151486397
  view-data: 3.496329829096794
