times:
  edit-metadata: 1.3336944878101349
  landing: 0.8294400200247765
  view-data: 3.610973045229912
