times:
  edit-metadata: 1.3967952728271484
  landing: 0.8093416094779968
  view-data: 3.4964540600776672
