times:
  edit-metadata: 1.5078764781355858
  landing: 0.8116746544837952
  view-data: 3.4304744824767113
