times:
  edit-metadata: 1.4024799317121506
  landing: 0.6948094666004181
  view-data: 3.4447992369532585
