times:
  edit-metadata: 1.3653242960572243
  landing: 0.744495689868927
  view-data: 3.397670604288578
