times:
  edit-metadata: 1.3871143087744713
  landing: 0.890698753297329
  view-data: 3.499752514064312
