times:
  edit-metadata: 1.4398947283625603
  landing: 0.7619775757193565
  view-data: 3.4658617675304413
