times:
  edit-metadata: 1.4550494104623795
  landing: 0.8675890564918518
  view-data: 3.4671785160899162
