times:
  edit-metadata: 1.4015081822872162
  landing: 0.8797368034720421
  view-data: 3.491534046828747
