times:
  edit-metadata: 1.382483832538128
  landing: 0.8649971336126328
  view-data: 3.3903938457369804
