times:
  edit-metadata: 1.3869121447205544
  landing: 0.8060324564576149
  view-data: 3.453509248793125
