times:
  edit-metadata: 1.4278636798262596
  landing: 0.7697726339101791
  view-data: 3.4290670827031136
