times:
  edit-metadata: 1.4610200300812721
  landing: 0.8242379054427147
  view-data: 3.434725858271122
