times:
  edit-metadata: 1.4380116537213326
  landing: 0.7281797081232071
  view-data: 3.350748047232628
