times:
  edit-metadata: 1.4550466686487198
  landing: 0.8494913727045059
  view-data: 3.5069630667567253
