times:
  edit-metadata: 1.3538505285978317
  landing: 0.7802765741944313
  view-data: 3.4926929846405983
