times:
  edit-metadata: 1.4791320264339447
  landing: 0.7643511816859245
  view-data: 3.4978988021612167
