times:
  edit-metadata: 1.5729805752635002
  landing: 0.8271531015634537
  view-data: 3.47036924213171
