times:
  edit-metadata: 1.532352551817894
  landing: 0.8732055053114891
  view-data: 3.464274063706398
