times:
  edit-metadata: 1.38289462774992
  landing: 0.744279719889164
  view-data: 3.546912580728531
