times:
  edit-metadata: 1.3715750351548195
  landing: 0.8412075340747833
  view-data: 3.3039976730942726
