times:
  edit-metadata: 1.3205159232020378
  landing: 0.7643379494547844
  view-data: 3.4606371000409126
