times:
  edit-metadata: 1.5901770740747452
  landing: 0.9498561173677444
  view-data: 3.5048920288681984
