times:
  edit-metadata: 1.3568799570202827
  landing: 0.7298459783196449
  view-data: 3.419084519147873
