times:
  edit-metadata: 1.3604826182127
  landing: 0.7299606949090958
  view-data: 3.4302463829517365
