times:
  edit-metadata: 1.3723584413528442
  landing: 0.7381482273340225
  view-data: 3.4349175840616226
