times:
  edit-metadata: 1.5446739494800568
  landing: 0.9447986111044884
  view-data: 3.483980767428875
