times:
  edit-metadata: 1.490092359483242
  landing: 0.8259549587965012
  view-data: 3.5333850979804993
