times:
  edit-metadata: 1.4238649159669876
  landing: 0.7334255874156952
  view-data: 3.470509372651577
