times:
  edit-metadata: 1.6006507277488708
  landing: 0.9282157644629478
  view-data: 3.4357761442661285
