times:
  edit-metadata: 2.6667779088020325
  landing: 1.3710976764559746
  view-data: 3.6129761710762978
