times:
  edit-metadata: 1.4385330229997635
  landing: 0.8313693776726723
  view-data: 3.3987748697400093
