times:
  edit-metadata: 1.5225221142172813
  landing: 0.8220048770308495
  view-data: 3.5758151784539223
