times:
  edit-metadata: 1.435921274125576
  landing: 0.7615327537059784
  view-data: 3.5064235404133797
