times:
  edit-metadata: 2.1598527431488037
  landing: 1.157336764037609
  view-data: 3.6393092051148415
