times:
  edit-metadata: 1.4152234271168709
  landing: 0.7703070119023323
  view-data: 3.4437514320015907
