times:
  edit-metadata: 1.434390351176262
  landing: 0.745246909558773
  view-data: 3.4319473952054977
