times:
  edit-metadata: 1.354887843132019
  landing: 0.8214974403381348
  view-data: 3.4093729853630066
