times:
  edit-metadata: 1.433714710175991
  landing: 0.8288559913635254
  view-data: 3.326898954808712
