times:
  edit-metadata: 1.3552347049117088
  landing: 0.8858816176652908
  view-data: 3.4668857008218765
