times:
  edit-metadata: 1.5102564841508865
  landing: 0.8128718435764313
  view-data: 3.496134877204895
