times:
  edit-metadata: 1.4016181826591492
  landing: 0.7561510056257248
  view-data: 3.395357020199299
