times:
  edit-metadata: 1.0605610311031342
  landing: 0.7763004302978516
  view-data: 3.3524486124515533
