times:
  edit-metadata: 1.4060109034180641
  landing: 0.770385853946209
  view-data: 3.5081890374422073
