times:
  edit-metadata: 1.448795922100544
  landing: 0.8010539710521698
  view-data: 3.3357066735625267
