times:
  edit-metadata: 1.3420419096946716
  landing: 0.8170776963233948
  view-data: 3.4780381992459297
