times:
  edit-metadata: 1.333376981317997
  landing: 0.768204502761364
  view-data: 3.4370362907648087
