times:
  edit-metadata: 1.335009589791298
  landing: 0.8143481537699699
  view-data: 3.4243572652339935
