times:
  edit-metadata: 1.3646834343671799
  landing: 0.7290618792176247
  view-data: 3.513431064784527
