times:
  edit-metadata: 1.3928726017475128
  landing: 0.9110126346349716
  view-data: 3.291829392313957
