times:
  edit-metadata: 1.363520935177803
  landing: 0.8073909655213356
  view-data: 3.483650863170624
