times:
  edit-metadata: 1.4143191948533058
  landing: 0.9691431596875191
  view-data: 3.5356185883283615
