times:
  edit-metadata: 1.2671541050076485
  landing: 0.9048012942075729
  view-data: 3.621255412697792
