times:
  edit-metadata: 1.3877722024917603
  landing: 0.7912734001874924
  view-data: 3.435412786900997
