times:
  edit-metadata: 1.39962088316679
  landing: 0.7335842177271843
  view-data: 3.489466980099678
