times:
  edit-metadata: 2.1310669630765915
  landing: 1.2427725121378899
  view-data: 3.54659204185009
