times:
  edit-metadata: 1.358511932194233
  landing: 0.805416114628315
  view-data: 3.4019157588481903
