times:
  edit-metadata: 1.654570110142231
  landing: 1.111020341515541
  view-data: 3.356861151754856
