times:
  edit-metadata: 1.6324332505464554
  landing: 0.9564747363328934
  view-data: 3.526590459048748
