times:
  edit-metadata: 1.488998033106327
  landing: 0.8266195431351662
  view-data: 3.4839251190423965
