times:
  edit-metadata: 1.5315721780061722
  landing: 0.8477537035942078
  view-data: 3.472019746899605
