times:
  edit-metadata: 1.4376792833209038
  landing: 0.7917584627866745
  view-data: 3.4610808938741684
