times:
  edit-metadata: 1.6087236106395721
  landing: 0.8817530274391174
  view-data: 3.3732466101646423
