times:
  edit-metadata: 1.4424938559532166
  landing: 0.7899843081831932
  view-data: 3.4488814994692802
