times:
  edit-metadata: 1.5307734310626984
  landing: 0.7673624828457832
  view-data: 3.348381355404854
