times:
  edit-metadata: 1.483050674200058
  landing: 0.9416231662034988
  view-data: 3.580056242644787
