times:
  edit-metadata: 1.413616143167019
  landing: 0.7569004371762276
  view-data: 3.438565656542778
