times:
  edit-metadata: 1.423913560807705
  landing: 0.8083052933216095
  view-data: 3.4349249973893166
