times:
  edit-metadata: 1.4010502323508263
  landing: 0.7733260914683342
  view-data: 3.4503782466053963
