times:
  edit-metadata: 1.389200896024704
  landing: 0.81156125664711
  view-data: 3.5021956488490105
