times:
  edit-metadata: 1.4417385458946228
  landing: 0.7741915509104729
  view-data: 3.5184259489178658
