times:
  edit-metadata: 1.426821731030941
  landing: 0.761538065969944
  view-data: 3.392950639128685
