times:
  edit-metadata: 1.70390335470438
  landing: 0.7936834394931793
  view-data: 3.3474420309066772
