times:
  edit-metadata: 1.4607160165905952
  landing: 0.8463729321956635
  view-data: 3.4696858003735542
