times:
  edit-metadata: 1.4865731373429298
  landing: 0.8566483557224274
  view-data: 3.3403208255767822
