times:
  edit-metadata: 1.363811083137989
  landing: 0.8363114297389984
  view-data: 3.4462287425994873
