times:
  edit-metadata: 1.4235699847340584
  landing: 0.7150430530309677
  view-data: 3.365606516599655
