times:
  edit-metadata: 3.819112729281187
  landing: 1.911170583218336
  view-data: 3.795301476493478
