times:
  edit-metadata: 2.662639208137989
  landing: 1.9979606494307518
  view-data: 3.695965957827866
