times:
  edit-metadata: 0.5156670769210905
  landing: 0.046998812817037106
  view-data: 0.22489735786803067
