times:
  edit-metadata: 1.536416720598936
  landing: 0.8281156718730927
  view-data: 3.4604906123131514
