times:
  edit-metadata: 1.573344849050045
  landing: 0.020869120955467224
  view-data: 0.09988344833254814
