times:
  edit-metadata: 2.5541930235922337
  landing: 8.348545726388693
  view-data: 3.6910637505352497
