times:
  edit-metadata: 2.0858477354049683
  landing: 1.09564845636487
  view-data: 3.5133975371718407
