times:
  edit-metadata: 2.510049097239971
  landing: 1.356691362336278
  view-data: 3.5637044236063957
