times:
  edit-metadata: 1.8273405861109495
  landing: 0.1800399012863636
  view-data: 0.42429764941334724
