times:
  edit-metadata: 1.6401319038122892
  landing: 0.1698653269559145
  view-data: 0.15433399006724358
