times:
  edit-metadata: 0.5409195469692349
  landing: 0.05093131499597803
  view-data: 0.21818909497233108
