times:
  edit-metadata: 1.511665191501379
  landing: 0.8489857204258442
  view-data: 3.3543236516416073
