times:
  edit-metadata: 1.4983095284551382
  landing: 0.8340509496629238
  view-data: 3.3911476470530033
