times:
  edit-metadata: 1.418687127996236
  landing: 0.6781417531892657
  view-data: 3.3993898211047053
