times:
  edit-metadata: 0.8191946320002899
  landing: 0.18746932107023895
  view-data: 0.304366150056012
