times:
  edit-metadata: 1.5248767733573914
  landing: 0.9548969604074955
  view-data: 3.3881207555532455
