times:
  edit-metadata: 1.3949178494513035
  landing: 0.7208464164286852
  view-data: 3.386611621826887
