times:
  edit-metadata: 1.6230280362069607
  landing: 0.15270721353590488
  view-data: 0.027942072600126266
