times:
  edit-metadata: 1.4062871355563402
  landing: 0.7222580853849649
  view-data: 3.4223714862018824
