times:
  edit-metadata: 1.5204181242734194
  landing: 0.7408918831497431
  view-data: 3.300719827413559
