times:
  edit-metadata: 1.7564104348421097
  landing: 1.0791948772966862
  view-data: 3.4234969578683376
