times:
  edit-metadata: 1.7233033264055848
  landing: 1.2581343045458198
  view-data: 3.695320867933333
