times:
  edit-metadata: 0.49180308100767434
  landing: 0.04712455501430668
  view-data: 0.20445489999838173
