times:
  edit-metadata: 0.5148521671071649
  landing: 0.07096743118017912
  view-data: 0.21832343703135848
