times:
  edit-metadata: 0.5373656330630183
  landing: 0.04962940001860261
  view-data: 0.208598606986925
