times:
  edit-metadata: 1.590218008030206
  landing: 0.8283107290044427
  view-data: 3.438099151942879
