times:
  edit-metadata: 0.5035116258077323
  landing: 0.08746912889182568
  view-data: 0.20815789978951216
