times:
  edit-metadata: 0.5899718519067392
  landing: 0.07059080910403281
  view-data: 0.2166062459582463
