times:
  edit-metadata: 1.468944225460291
  landing: 0.6732641793787479
  view-data: 3.291056104004383
