times:
  edit-metadata: 0.8076643189415336
  landing: 0.05493932217359543
  view-data: 0.3161630490794778
