times:
  edit-metadata: 1.3075535260140896
  landing: 0.6676335919182748
  view-data: 3.2892268339637667
