times:
  edit-metadata: 1.4753132089972496
  landing: 0.7034188620746136
  view-data: 3.3615120947360992
