times:
  edit-metadata: 1.4615689241327345
  landing: 0.7816173569299281
  view-data: 3.3495268267579377
