times:
  edit-metadata: 1.337901670485735
  landing: 0.6236040033400059
  view-data: 3.290568772703409
