times:
  edit-metadata: 1.4982271082699299
  landing: 0.736743938177824
  view-data: 3.3067923239432275
