times:
  edit-metadata: 1.4575021602213383
  landing: 6.491993933916092
  view-data: 3.3558239825069904
