times:
  edit-metadata: 2.303127061575651
  landing: 1.560519190505147
  view-data: 3.4401869252324104
