times:
  edit-metadata: 1.599041000008583
  landing: 1.0127502717077732
  view-data: 3.5076718889176846
