times:
  edit-metadata: 0.5056377889122814
  landing: 0.06360054388642311
  view-data: 0.20782516384497285
