times:
  edit-metadata: 1.5251822546124458
  landing: 0.2607120256870985
  view-data: 0.1731498260051012
