times:
  edit-metadata: 0.490430761128664
  landing: 0.05858475691638887
  view-data: 0.2125354609452188
