times:
  edit-metadata: 1.4729296062141657
  landing: 0.11393059603869915
  view-data: 0.02634533680975437
