times:
  edit-metadata: 1.4661819599568844
  landing: 0.8870842009782791
  view-data: 3.420702140778303
