times:
  edit-metadata: 0.581262385006994
  landing: 0.06954823900014162
  view-data: 0.23108467180281878
