times:
  edit-metadata: 0.49987545888870955
  landing: 0.0641325181350112
  view-data: 0.21046211989596486
