times:
  edit-metadata: 1.611464936286211
  landing: 0.8457517474889755
  view-data: 3.3871730342507362
