times:
  edit-metadata: 1.6241345945745707
  landing: 0.8892053365707397
  view-data: 3.3061658777296543
