times:
  edit-metadata: 1.5540373399853706
  landing: 0.7586132567375898
  view-data: 3.4164945483207703
