times:
  edit-metadata: 1.2061996120028198
  landing: 0.23066166503122076
  view-data: 0.22808249399531633
