times:
  edit-metadata: 0.49565386201720685
  landing: 0.06126722495537251
  view-data: 0.21443067595828325
