times:
  edit-metadata: 1.5149789154529572
  landing: 0.754906652495265
  view-data: 3.2978361807763577
