times:
  edit-metadata: 1.5266507007181644
  landing: 0.6824051644653082
  view-data: 3.4190306272357702
