times:
  edit-metadata: 1.4070626981556416
  landing: 0.900665957480669
  view-data: 3.371674884110689
