times:
  edit-metadata: 1.3292064368724823
  landing: 0.8214858360588551
  view-data: 3.306259401142597
