times:
  edit-metadata: 1.656850654631853
  landing: 0.01997767575085163
  view-data: 0.17159068956971169
