times:
  edit-metadata: 0.5857298979826737
  landing: 0.06949734000954777
  view-data: 0.2055338859790936
