times:
  edit-metadata: 1.432181621901691
  landing: 0.7824560534209013
  view-data: 3.3520524511113763
