times:
  edit-metadata: 1.4350880649872124
  landing: 0.7311572527978569
  view-data: 3.3943574619479477
