times:
  edit-metadata: 1.543139848858118
  landing: 0.8396097514778376
  view-data: 3.410940757021308
