times:
  edit-metadata: 1.4961256505921483
  landing: 0.8258181782439351
  view-data: 3.388576304540038
