times:
  edit-metadata: 0.5678067640401423
  landing: 0.0799945811741054
  view-data: 0.2199099720455706
