times:
  edit-metadata: 1.4921605847775936
  landing: 0.021665586158633232
  view-data: 0.1321312077343464
