times:
  edit-metadata: 0.5077049019746482
  landing: 0.05810273298993707
  view-data: 0.20935881801415235
