times:
  edit-metadata: 1.4183421693742275
  landing: 0.23988916352391243
  view-data: 0.14954942651093006
