times:
  edit-metadata: 1.6404468528926373
  landing: 0.2590428590774536
  view-data: 0.022963011637330055
