times:
  edit-metadata: 0.4991532249841839
  landing: 0.07618555193766952
  view-data: 0.224715688964352
