times:
  edit-metadata: 1.543735045939684
  landing: 0.7810031594708562
  view-data: 3.367860090918839
