times:
  edit-metadata: 1.5740473866462708
  landing: 0.9013985060155392
  view-data: 3.3339074067771435
