times:
  edit-metadata: 1.4152946770191193
  landing: 0.8861073851585388
  view-data: 3.3161036483943462
