times:
  edit-metadata: 1.5241889394819736
  landing: 0.7964873611927032
  view-data: 3.376865155994892
