times:
  edit-metadata: 1.6387366652488708
  landing: 0.9746478088200092
  view-data: 3.32057211920619
