times:
  edit-metadata: 1.5088729038834572
  landing: 0.7310423217713833
  view-data: 3.422130363062024
