times:
  edit-metadata: 1.5295216292142868
  landing: 0.769283439964056
  view-data: 3.422193655744195
