times:
  edit-metadata: 1.3936548251658678
  landing: 0.019237684085965157
  view-data: 0.31588059663772583
