times:
  edit-metadata: 1.6334410943090916
  landing: 0.9076745435595512
  view-data: 3.4829729311168194
