times:
  edit-metadata: 1.5676593706011772
  landing: 0.23022971488535404
  view-data: 0.16752468049526215
