times:
  edit-metadata: 1.3802782278507948
  landing: 0.7662744037806988
  view-data: 3.3916763495653868
