times:
  edit-metadata: 1.4907009806483984
  landing: 0.9022327419370413
  view-data: 3.363773947581649
