times:
  edit-metadata: 1.3287308271974325
  landing: 0.6629561148583889
  view-data: 3.26458796299994
