times:
  edit-metadata: 1.5974167920649052
  landing: 0.9875298887491226
  view-data: 3.4842487685382366
