times:
  edit-metadata: 1.385482296347618
  landing: 0.7847947813570499
  view-data: 3.315541498363018
