times:
  edit-metadata: 1.2889095721766353
  landing: 0.7458867039531469
  view-data: 3.325801393017173
