times:
  edit-metadata: 0.5527055566199124
  landing: 0.04876594664528966
  view-data: 0.3513319846242666
