times:
  edit-metadata: 1.378587082028389
  landing: 0.896385632455349
  view-data: 3.3059300407767296
