times:
  edit-metadata: 0.4954375852830708
  landing: 0.06365692429244518
  view-data: 0.21261399891227484
