times:
  edit-metadata: 1.5424036607146263
  landing: 0.8776861280202866
  view-data: 3.432579092681408
