times:
  edit-metadata: 1.7006764188408852
  landing: 0.02378056012094021
  view-data: 0.02615373395383358
