times:
  edit-metadata: 1.6944043170660734
  landing: 1.1443640124052763
  view-data: 3.395901259034872
