times:
  edit-metadata: 1.4109104396775365
  landing: 0.8065016185864806
  view-data: 3.29573324508965
