times:
  edit-metadata: 0.6777904313057661
  landing: 0.11323441425338387
  view-data: 0.2589033739641309
