times:
  edit-metadata: 0.5182301799650304
  landing: 0.059168584004510194
  view-data: 0.21367105102399364
