times:
  edit-metadata: 1.941550176590681
  landing: 0.1657893043011427
  view-data: 0.17383660934865475
