times:
  edit-metadata: 0.8173572346568108
  landing: 0.07756153307855129
  view-data: 0.28953042114153504
