times:
  edit-metadata: 1.6852732971310616
  landing: 1.0801864340901375
  view-data: 3.4111624509096146
