times:
  edit-metadata: 1.7266821041703224
  landing: 0.9828063026070595
  view-data: 3.3376168310642242
