times:
  edit-metadata: 1.3394500873982906
  landing: 0.7225264683365822
  view-data: 3.396391337737441
