times:
  edit-metadata: 0.589375581999775
  landing: 0.05455068199080415
  view-data: 0.21529882299364544
