times:
  edit-metadata: 1.4840003903955221
  landing: 0.7814802136272192
  view-data: 3.367077869363129
