times:
  edit-metadata: 0.5267240540124476
  landing: 0.04829905496444553
  view-data: 0.21377052599564195
