times:
  edit-metadata: 0.4852150569204241
  landing: 0.06734671397134662
  view-data: 0.20666882302612066
