times:
  edit-metadata: 1.5176227912306786
  landing: 0.13507402502000332
  view-data: 0.29093654826283455
