times:
  edit-metadata: 3.69658837094903
  landing: 2.265942506492138
  view-data: 3.8457010127604008
