times:
  edit-metadata: 1.6634384915232658
  landing: 0.9594596214592457
  view-data: 3.356510505080223
