times:
  edit-metadata: 0.8069244907237589
  landing: 0.06336098397150636
  view-data: 0.28495604638010263
