times:
  edit-metadata: 0.5114057129831053
  landing: 0.046114467026200145
  view-data: 0.20620501303346828
