times:
  edit-metadata: 1.8576750182546675
  landing: 1.01842055702582
  view-data: 3.6190100451931357
