times:
  edit-metadata: 1.435142746195197
  landing: 0.23204325698316097
  view-data: 0.30742766708135605
