times:
  edit-metadata: 1.394853615667671
  landing: 0.914131339173764
  view-data: 3.446489321999252
