times:
  edit-metadata: 1.586215265095234
  landing: 0.8987453058362007
  view-data: 3.4281295463442802
