times:
  edit-metadata: 1.565044241026044
  landing: 0.788331413641572
  view-data: 3.453707166016102
