times:
  edit-metadata: 1.4723670296370983
  landing: 0.153691578656435
  view-data: 0.023702140897512436
