times:
  edit-metadata: 1.3163763359189034
  landing: 0.6890326328575611
  view-data: 3.3986159916967154
