times:
  edit-metadata: 1.4369125890079886
  landing: 0.7308847960084677
  view-data: 3.3063595349667594
