times:
  edit-metadata: 1.3860895782709122
  landing: 0.19532201997935772
  view-data: 0.02289552614092827
