times:
  edit-metadata: 1.3839133121073246
  landing: 0.9065060839056969
  view-data: 3.3419210016727448
