times:
  edit-metadata: 1.5231616888195276
  landing: 0.8210054077208042
  view-data: 3.4223857461474836
