times:
  edit-metadata: 1.8681243509054184
  landing: 0.9436431415379047
  view-data: 3.415705371648073
