times:
  edit-metadata: 1.6475330591201782
  landing: 0.857019504532218
  view-data: 3.467742720618844
