times:
  edit-metadata: 1.3871577456593513
  landing: 0.9212899431586266
  view-data: 3.3099233396351337
