times:
  edit-metadata: 1.5371866784989834
  landing: 0.8303247839212418
  view-data: 3.3687005415558815
