times:
  edit-metadata: 1.486356221139431
  landing: 0.7020742874592543
  view-data: 3.455117277801037
