times:
  edit-metadata: 0.5118246849160641
  landing: 0.08563799993135035
  view-data: 0.332854432053864
