times:
  edit-metadata: 1.6471054442226887
  landing: 0.9779232330620289
  view-data: 3.368618045002222
