times:
  edit-metadata: 1.344331607222557
  landing: 0.7033581361174583
  view-data: 3.345728673040867
