times:
  edit-metadata: 1.5047493260353804
  landing: 0.024433769285678864
  view-data: 0.025225890800356865
