times:
  edit-metadata: 1.5326035916805267
  landing: 0.7478116303682327
  view-data: 3.401872757822275
