times:
  edit-metadata: 3.08098104596138
  landing: 1.6541255246847868
  view-data: 3.709897691383958
