times:
  edit-metadata: 1.450162971392274
  landing: 0.7789512518793344
  view-data: 3.3372754901647568
