times:
  edit-metadata: 0.49127259012311697
  landing: 0.06007812195457518
  view-data: 0.20478278491646051
