times:
  edit-metadata: 1.572758374735713
  landing: 0.884041253477335
  view-data: 3.414627267047763
