times:
  edit-metadata: 2.45185499638319
  landing: 0.7826096154749393
  view-data: 3.399596508592367
