times:
  edit-metadata: 0.5975210919859819
  landing: 0.07912556000519544
  view-data: 0.25521115300944075
