times:
  edit-metadata: 2.01637065410614
  landing: 1.0474153012037277
  view-data: 3.460820901207626
