times:
  edit-metadata: 1.5799919441342354
  landing: 0.29295967891812325
  view-data: 0.18036903254687786
