times:
  edit-metadata: 1.4208086915314198
  landing: 0.24201564118266106
  view-data: 0.3172749597579241
