times:
  edit-metadata: 1.4122675508260727
  landing: 0.9998326599597931
  view-data: 3.3347480669617653
