times:
  edit-metadata: 1.462907588109374
  landing: 0.7877831268124282
  view-data: 3.3872919380664825
