times:
  edit-metadata: 0.48163311113603413
  landing: 0.0655496979597956
  view-data: 0.20136959780938923
