times:
  edit-metadata: 0.49327612295746803
  landing: 0.06006840895861387
  view-data: 0.21880775899626315
