times:
  edit-metadata: 1.3284441870637238
  landing: 0.7344916940201074
  view-data: 3.368492147885263
