times:
  edit-metadata: 1.5039901565760374
  landing: 27.16452970355749
  view-data: 3.3379502203315496
