times:
  edit-metadata: 1.501493614166975
  landing: 0.8761419672518969
  view-data: 3.4012923166155815
