times:
  edit-metadata: 1.8763077929615974
  landing: 0.9761021696031094
  view-data: 3.4650180395692587
