times:
  edit-metadata: 1.5639813281595707
  landing: 0.1540975384414196
  view-data: 0.40153482742607594
