times:
  edit-metadata: 1.5012130867689848
  landing: 0.7667655032128096
  view-data: 3.3059340193867683
