times:
  edit-metadata: 1.5476212855428457
  landing: 0.7767680417746305
  view-data: 3.4279350005090237
