times:
  edit-metadata: 0.6836358510045102
  landing: 0.0448681990019395
  view-data: 0.22102510200056713
