times:
  edit-metadata: 0.5000105269718915
  landing: 0.06474070204421878
  view-data: 0.20044759288430214
