times:
  edit-metadata: 1.7162405103445053
  landing: 1.131984993815422
  view-data: 3.397732872515917
