times:
  edit-metadata: 1.49357002787292
  landing: 0.24230771511793137
  view-data: 0.31582719646394253
