times:
  edit-metadata: 1.4935524594038725
  landing: 0.02034856379032135
  view-data: 0.33584062196314335
