times:
  edit-metadata: 1.309571746736765
  landing: 0.6631570421159267
  view-data: 3.404987385496497
