times:
  edit-metadata: 0.7544317629944999
  landing: 0.14992168001481332
  view-data: 0.24984869800391607
