times:
  edit-metadata: 0.573434567078948
  landing: 0.0645284210331738
  view-data: 0.35369072994217277
