times:
  edit-metadata: 1.4321232456713915
  landing: 0.23780478537082672
  view-data: 0.02493894472718239
