times:
  edit-metadata: 1.561075009405613
  landing: 0.8323672413825989
  view-data: 3.389062438160181
