times:
  edit-metadata: 1.5164779946208
  landing: 0.7303085215389729
  view-data: 3.296324122697115
