times:
  edit-metadata: 1.8037423081696033
  landing: 0.92691345885396
  view-data: 3.4517150558531284
