times:
  edit-metadata: 1.945789160206914
  landing: 0.16810966096818447
  view-data: 0.39080256037414074
