times:
  edit-metadata: 1.5717074144631624
  landing: 0.24276174791157246
  view-data: 0.37413017451763153
