times:
  edit-metadata: 1.4425908830016851
  landing: 0.22338890843093395
  view-data: 0.047150563448667526
