times:
  edit-metadata: 1.450937444344163
  landing: 0.01879979856312275
  view-data: 0.3449711501598358
