times:
  edit-metadata: 1.4404086510185152
  landing: 0.6972509999759495
  view-data: 3.3097447080072016
