times:
  edit-metadata: 1.6487800236791372
  landing: 0.8215014319866896
  view-data: 3.435468291863799
