times:
  edit-metadata: 1.4524952108040452
  landing: 0.9040246913209558
  view-data: 3.3804871030151844
