times:
  edit-metadata: 2.3428516848944128
  landing: 7.071724242065102
  view-data: 3.392150131985545
