times:
  edit-metadata: 1.3501687683165073
  landing: 0.7826224230229855
  view-data: 3.3895866461098194
