times:
  edit-metadata: 1.5157233476638794
  landing: 0.020087406039237976
  view-data: 0.25412585213780403
