times:
  edit-metadata: 0.4970157388597727
  landing: 0.07127449614927173
  view-data: 0.21244452893733978
