times:
  edit-metadata: 1.534910598769784
  landing: 0.85049421293661
  view-data: 3.366105210967362
