times:
  edit-metadata: 1.4697588458657265
  landing: 0.809040479362011
  view-data: 3.362676866352558
