times:
  edit-metadata: 2.6573419980704784
  landing: 1.7004753947257996
  view-data: 3.6150654815137386
