times:
  edit-metadata: 1.9068640358746052
  landing: 1.1183222886174917
  view-data: 3.5660755150020123
