times:
  edit-metadata: 0.5408411480020732
  landing: 0.05489469598978758
  view-data: 0.21375233097933233
