times:
  edit-metadata: 1.5707124695181847
  landing: 0.8553635515272617
  view-data: 3.348314456641674
