times:
  edit-metadata: 0.5162932840175927
  landing: 0.05369290802627802
  view-data: 0.2079923991113901
