times:
  edit-metadata: 1.4543405920267105
  landing: 0.16569562070071697
  view-data: 0.13374518044292927
