times:
  edit-metadata: 0.5369009049609303
  landing: 0.04841853701509535
  view-data: 0.21021578495856375
