times:
  edit-metadata: 1.5746169462800026
  landing: 0.8950996696949005
  view-data: 3.4259351156651974
