times:
  edit-metadata: 0.5963496859185398
  landing: 0.06671567307785153
  view-data: 0.23839915916323662
