times:
  edit-metadata: 0.484849664993817
  landing: 0.06832705400302075
  view-data: 0.22445741700357758
