times:
  edit-metadata: 0.4859698200598359
  landing: 0.07073360192589462
  view-data: 0.21655632997862995
