times:
  edit-metadata: 1.4872670662589371
  landing: 0.7709322446025908
  view-data: 3.381330906879157
