times:
  edit-metadata: 1.5100407414138317
  landing: 0.6337623819708824
  view-data: 3.3933072574436665
