times:
  edit-metadata: 1.430748376995325
  landing: 0.019273340702056885
  view-data: 0.33616052754223347
