times:
  edit-metadata: 1.2541477559134364
  landing: 0.7167527740821242
  view-data: 3.296491464599967
