times:
  edit-metadata: 1.280196875333786
  landing: 0.7272671926766634
  view-data: 3.289075803011656
