times:
  edit-metadata: 1.5976151321083307
  landing: 0.01935667172074318
  view-data: 0.45951064117252827
