times:
  edit-metadata: 0.6456479259941261
  landing: 0.1750595439807512
  view-data: 0.2333966690057423
