times:
  edit-metadata: 1.6876788809895515
  landing: 0.2357319090515375
  view-data: 0.13058237917721272
