times:
  edit-metadata: 1.4773624744266272
  landing: 0.019762704148888588
  view-data: 0.02630843222141266
