times:
  edit-metadata: 1.5507081896066666
  landing: 0.8883200325071812
  view-data: 3.3439195454120636
