times:
  edit-metadata: 0.8017773689934984
  landing: 0.10692759201629087
  view-data: 0.2250927200075239
