times:
  edit-metadata: 1.6194353364408016
  landing: 0.2193713691085577
  view-data: 0.02802085317671299
