times:
  edit-metadata: 1.591030839830637
  landing: 0.7161590307950974
  view-data: 3.325145151466131
