times:
  edit-metadata: 0.5444411411881447
  landing: 0.04754473781213164
  view-data: 0.2269628020003438
