times:
  edit-metadata: 1.4291934508364648
  landing: 0.7060846008826047
  view-data: 3.367993042105809
