times:
  edit-metadata: 1.4051364921033382
  landing: 0.02220165729522705
  view-data: 0.026261668652296066
