times:
  edit-metadata: 1.5135261472314596
  landing: 0.23073140531778336
  view-data: 0.024691833183169365
