times:
  edit-metadata: 1.5735233444720507
  landing: 0.7986041661351919
  view-data: 3.3523632548749447
