times:
  edit-metadata: 1.5121381022036076
  landing: 1.01105747371912
  view-data: 3.3481142930686474
