times:
  edit-metadata: 0.5361019750125706
  landing: 0.05686359922401607
  view-data: 0.22011272120289505
