times:
  edit-metadata: 1.434005443006754
  landing: 0.7540497053414583
  view-data: 3.2757323179394007
