times:
  edit-metadata: 1.4270256129093468
  landing: 0.8113682679831982
  view-data: 3.402130006812513
