times:
  edit-metadata: 1.4762712214142084
  landing: 0.11369148455560207
  view-data: 0.02676795795559883
