times:
  edit-metadata: 0.8276776922866702
  landing: 0.05958001688122749
  view-data: 0.2238890640437603
