times:
  edit-metadata: 1.5367176812142134
  landing: 0.8144462145864964
  view-data: 3.4412092361599207
