times:
  edit-metadata: 1.5908880215138197
  landing: 0.14100821502506733
  view-data: 0.02710685506463051
