times:
  edit-metadata: 1.4842928908765316
  landing: 0.7792612835764885
  view-data: 3.3615631703287363
