times:
  edit-metadata: 1.4767409637570381
  landing: 0.8954842686653137
  view-data: 3.3605816662311554
