times:
  edit-metadata: 1.4222950972616673
  landing: 0.9098117426037788
  view-data: 3.3348002284765244
