times:
  edit-metadata: 0.5941807776689529
  landing: 0.09989279694855213
  view-data: 0.22279986273497343
