times:
  edit-metadata: 1.5969299226999283
  landing: 0.3214575983583927
  view-data: 0.3592899274080992
