times:
  edit-metadata: 1.4001901876181364
  landing: 0.7700961567461491
  view-data: 3.370769410394132
