times:
  edit-metadata: 1.4173495024442673
  landing: 0.2108316831290722
  view-data: 0.13357408717274666
