times:
  edit-metadata: 1.5000561689957976
  landing: 0.7857797034084797
  view-data: 3.367749685421586
