times:
  edit-metadata: 0.4988659149967134
  landing: 0.06284002400934696
  view-data: 0.33276081597432494
