times:
  edit-metadata: 1.4030569195747375
  landing: 0.8731068652123213
  view-data: 3.3054031813517213
