times:
  edit-metadata: 1.4253025017678738
  landing: 0.9173170663416386
  view-data: 3.4115226045250893
