times:
  edit-metadata: 1.6076823868788779
  landing: 1.0085218772292137
  view-data: 3.403822206892073
