times:
  edit-metadata: 0.551105554914102
  landing: 0.04411705583333969
  view-data: 0.20375596801750362
