times:
  edit-metadata: 0.5139834529254586
  landing: 0.050734915072098374
  view-data: 0.20816322811879218
