times:
  edit-metadata: 0.5838889731094241
  landing: 0.06006175559014082
  view-data: 0.20265897316858172
