times:
  edit-metadata: 1.4390965104103088
  landing: 0.8809536583721638
  view-data: 3.4141988158226013
