times:
  edit-metadata: 0.5848469580087112
  landing: 0.06573052299791016
  view-data: 0.2256455000024289
