times:
  edit-metadata: 1.458383503020741
  landing: 0.8567245210288092
  view-data: 3.359265691949986
