times:
  edit-metadata: 0.5005412760656327
  landing: 0.05563615495339036
  view-data: 0.1970994349103421
