times:
  edit-metadata: 1.4918577838689089
  landing: 0.1336476281285286
  view-data: 0.30324928648769855
