times:
  edit-metadata: 1.360789231956005
  landing: 0.6822791751474142
  view-data: 3.2777025029063225
