times:
  edit-metadata: 1.5332614947110415
  landing: 0.02227107807993889
  view-data: 0.025041401386260986
