times:
  edit-metadata: 1.659214548766613
  landing: 0.8585123531520367
  view-data: 3.4521340187639
