times:
  edit-metadata: 1.5607605390250683
  landing: 0.7495560348033905
  view-data: 3.4107841067016125
