times:
  edit-metadata: 0.5998335329932161
  landing: 0.07011816499289125
  view-data: 0.21611766598653048
