times:
  edit-metadata: 1.640605503693223
  landing: 0.26747490279376507
  view-data: 0.4183377008885145
