times:
  edit-metadata: 0.588211721740663
  landing: 0.06698921089991927
  view-data: 0.211977562867105
