times:
  edit-metadata: 0.49032549301045947
  landing: 0.06773825298296288
  view-data: 0.3314935090020299
