times:
  edit-metadata: 1.4776963780168444
  landing: 0.836569917970337
  view-data: 3.30931150901597
