times:
  edit-metadata: 1.330889062024653
  landing: 0.7431592650245875
  view-data: 3.4215323401149362
