times:
  edit-metadata: 1.390650287270546
  landing: 0.020906904712319374
  view-data: 0.028295589610934258
