times:
  edit-metadata: 1.450668752193451
  landing: 0.9220690056681633
  view-data: 3.3487290292978287
