times:
  edit-metadata: 1.487394729629159
  landing: 0.13508431054651737
  view-data: 0.026668209582567215
