times:
  edit-metadata: 0.5094336990150623
  landing: 0.045568244997411966
  view-data: 0.2262903280206956
