times:
  edit-metadata: 1.5297040725126863
  landing: 0.8002168461680412
  view-data: 3.4076029611751437
