times:
  edit-metadata: 1.4909058678895235
  landing: 0.020457090809941292
  view-data: 0.12525466829538345
