times:
  edit-metadata: 0.6760172429785598
  landing: 0.09136859502177685
  view-data: 0.2316883159801364
