times:
  edit-metadata: 1.5361448004841805
  landing: 0.7589439861476421
  view-data: 3.2491878271102905
