times:
  edit-metadata: 0.5701357609941624
  landing: 0.05192244105273858
  view-data: 0.2137515689828433
