times:
  edit-metadata: 1.4360920700710267
  landing: 0.6660773379262537
  view-data: 3.3871121229603887
