times:
  edit-metadata: 0.6018046280369163
  landing: 0.05783626204356551
  view-data: 0.32765990076586604
