times:
  edit-metadata: 1.8906915914267302
  landing: 0.025411244481801987
  view-data: 0.14565392211079597
