times:
  edit-metadata: 1.5432656817138195
  landing: 0.8992264159023762
  view-data: 3.4043611362576485
