times:
  edit-metadata: 1.51843327190727
  landing: 0.8314777871128172
  view-data: 3.4414776258636266
