times:
  edit-metadata: 1.7015172354876995
  landing: 0.9463229030370712
  view-data: 3.3773096799850464
