times:
  edit-metadata: 1.498856320977211
  landing: 0.1892034150660038
  view-data: 0.35029764473438263
