times:
  edit-metadata: 1.498910577967763
  landing: 0.01910031959414482
  view-data: 0.047074584290385246
