times:
  edit-metadata: 1.4222956262528896
  landing: 0.7689133808016777
  view-data: 3.2925339452922344
