times:
  edit-metadata: 1.6234903782606125
  landing: 0.7990645207464695
  view-data: 3.4423613883554935
