times:
  edit-metadata: 1.6011027619242668
  landing: 0.29594054631888866
  view-data: 0.19988376274704933
