times:
  edit-metadata: 2.1885751001536846
  landing: 1.5014647580683231
  view-data: 3.672722939401865
