times:
  edit-metadata: 0.5410616458393633
  landing: 0.04830917506478727
  view-data: 0.20020817802287638
