times:
  edit-metadata: 1.4512361288070679
  landing: 0.019981466233730316
  view-data: 0.02370854839682579
