times:
  edit-metadata: 1.5786998849362135
  landing: 0.8733817879110575
  view-data: 3.4196635708212852
