times:
  edit-metadata: 1.4869232475757599
  landing: 0.020523475483059883
  view-data: 0.13487631641328335
