times:
  edit-metadata: 1.4620978198945522
  landing: 0.9589772634208202
  view-data: 3.3265382312238216
