times:
  edit-metadata: 1.582322634756565
  landing: 0.7451465353369713
  view-data: 3.4364531673491
