times:
  edit-metadata: 1.3573359288275242
  landing: 0.7163407895714045
  view-data: 3.3367885667830706
