times:
  edit-metadata: 1.487764809280634
  landing: 0.8794355243444443
  view-data: 3.3645802326500416
