times:
  edit-metadata: 0.5329204760491848
  landing: 0.04597612109500915
  view-data: 0.21767721499782056
