times:
  edit-metadata: 1.6261807102710009
  landing: 0.8234826680272818
  view-data: 3.275692341849208
