times:
  edit-metadata: 0.527303169015795
  landing: 0.04246017104014754
  view-data: 0.21058402000926435
