times:
  edit-metadata: 1.4511063732206821
  landing: 0.13276909291744232
  view-data: 0.10855173878371716
