times:
  edit-metadata: 1.901461023837328
  landing: 1.3638737071305513
  view-data: 3.4708718303591013
