times:
  edit-metadata: 1.953247468918562
  landing: 0.7117072828114033
  view-data: 3.4267831183969975
