times:
  edit-metadata: 1.5634613409638405
  landing: 0.8142373766750097
  view-data: 3.445094157010317
