times:
  edit-metadata: 1.3988743349909782
  landing: 0.02140422910451889
  view-data: 0.027767039835453033
