times:
  edit-metadata: 0.5152579049972701
  landing: 0.06351312700280687
  view-data: 0.21490700900176307
