times:
  edit-metadata: 1.2742931619286537
  landing: 0.6210285499691963
  view-data: 3.274785950779915
