times:
  edit-metadata: 0.5083190989680588
  landing: 0.04729648609645665
  view-data: 0.20840647793374956
