times:
  edit-metadata: 1.8920497810468078
  landing: 1.0336046749725938
  view-data: 3.718995519913733
