times:
  edit-metadata: 1.5218036798760295
  landing: 0.825082316994667
  view-data: 3.6602617325261235
