times:
  edit-metadata: 1.4642032086849213
  landing: 0.8399534039199352
  view-data: 3.3623469211161137
