times:
  edit-metadata: 0.4970499760238454
  landing: 0.06105268804822117
  view-data: 0.20990789704956114
