times:
  edit-metadata: 1.3723506033420563
  landing: 0.9124036058783531
  view-data: 3.2976211421191692
