times:
  edit-metadata: 0.4988776210229844
  landing: 0.06775200087577105
  view-data: 0.20334177603945136
