times:
  edit-metadata: 1.5421351119875908
  landing: 0.8113117516040802
  view-data: 3.3928448520600796
