times:
  edit-metadata: 1.520327266305685
  landing: 0.024018649011850357
  view-data: 0.025045247748494148
