times:
  edit-metadata: 0.4998806290095672
  landing: 0.06201714393682778
  view-data: 0.21047832805197686
