times:
  edit-metadata: 0.7840246357955039
  landing: 0.05806998023763299
  view-data: 0.19965396728366613
