times:
  edit-metadata: 2.086390775628388
  landing: 1.428842881694436
  view-data: 3.791973462328315
