times:
  edit-metadata: 0.5035725610796362
  landing: 0.0434742639772594
  view-data: 0.21277451305650175
