times:
  edit-metadata: 0.5756274909945205
  landing: 0.0772248120047152
  view-data: 0.21185820596292615
