times:
  edit-metadata: 1.397762805223465
  landing: 0.6970479832962155
  view-data: 3.3399977227672935
