times:
  edit-metadata: 1.4505034498870373
  landing: 0.8938342854380608
  view-data: 3.485244110226631
