times:
  edit-metadata: 1.828658441081643
  landing: 0.6850196458399296
  view-data: 3.914758699014783
