times:
  edit-metadata: 0.5447406720004437
  landing: 0.053357437000158825
  view-data: 0.21665603600013128
