times:
  edit-metadata: 2.7373981084674597
  landing: 1.2351695876568556
  view-data: 3.7147260531783104
