times:
  edit-metadata: 1.4376767501235008
  landing: 0.7563355267047882
  view-data: 3.39250579662621
