times:
  edit-metadata: 1.5033785719424486
  landing: 0.02145611308515072
  view-data: 0.025409242138266563
