times:
  edit-metadata: 1.4699728451669216
  landing: 0.6714018862694502
  view-data: 3.355403635650873
