times:
  edit-metadata: 1.4679266922175884
  landing: 0.1891809068620205
  view-data: 0.3250424191355705
