times:
  edit-metadata: 2.1367598213255405
  landing: 1.3782116565853357
  view-data: 3.5018375888466835
