times:
  edit-metadata: 1.3301544543355703
  landing: 0.8612467590719461
  view-data: 3.3299586409702897
