times:
  edit-metadata: 1.493400814011693
  landing: 0.1301672775298357
  view-data: 0.22279343754053116
