times:
  edit-metadata: 0.5870738869998604
  landing: 0.060260694939643145
  view-data: 0.2209656749619171
