times:
  edit-metadata: 1.5092086978256702
  landing: 0.9367776475846767
  view-data: 3.334703743457794
