times:
  edit-metadata: 0.5028910744003952
  landing: 0.06534148193895817
  view-data: 0.22073730267584324
