times:
  edit-metadata: 1.5110897794365883
  landing: 1.0067875515669584
  view-data: 3.3798126187175512
