times:
  edit-metadata: 1.6321822851896286
  landing: 0.9082756116986275
  view-data: 3.516676153987646
