times:
  edit-metadata: 0.5143265400547534
  landing: 0.05217551183886826
  view-data: 0.22340836888179183
