times:
  edit-metadata: 0.4978281110525131
  landing: 0.06893745623528957
  view-data: 0.20272967219352722
