times:
  edit-metadata: 1.6243169121444225
  landing: 0.1798931509256363
  view-data: 0.3218049705028534
