times:
  edit-metadata: 1.387228636071086
  landing: 0.01833203434944153
  view-data: 0.02614668384194374
