times:
  edit-metadata: 1.6687153559178114
  landing: 0.9791602734476328
  view-data: 3.4303568806499243
