times:
  edit-metadata: 1.6100984364748
  landing: 0.9220927990972996
  view-data: 3.349374059587717
