times:
  edit-metadata: 1.5374274477362633
  landing: 0.8614444062113762
  view-data: 3.410007283091545
