times:
  edit-metadata: 0.5048722000792623
  landing: 0.058440474094823
  view-data: 0.2080701340455562
