times:
  edit-metadata: 0.6685301107354462
  landing: 0.06827257014811039
  view-data: 0.295852726791054
