times:
  edit-metadata: 1.5780093260109425
  landing: 0.021534962579607964
  view-data: 0.12045899406075478
