times:
  edit-metadata: 1.5831167753785849
  landing: 0.774752352386713
  view-data: 3.422300675883889
