times:
  edit-metadata: 0.577410273021087
  landing: 0.06190138997044414
  view-data: 0.21962752903345972
