times:
  edit-metadata: 1.4894961398094893
  landing: 0.02155821956694126
  view-data: 0.2979666367173195
