times:
  edit-metadata: 2.2146012485027313
  landing: 1.2112651076167822
  view-data: 3.6050724424421787
