times:
  edit-metadata: 1.9763947427272797
  landing: 1.2818983448669314
  view-data: 3.400256337597966
