times:
  edit-metadata: 1.8891182160004973
  landing: 1.1072282306849957
  view-data: 3.373163662850857
