times:
  edit-metadata: 0.8623757329769433
  landing: 0.057664784137159586
  view-data: 0.28092382196336985
