times:
  edit-metadata: 0.5871462649665773
  landing: 0.06440519308671355
  view-data: 0.21597125893458724
