times:
  edit-metadata: 1.5381839014589787
  landing: 0.9368975982069969
  view-data: 3.4186708740890026
