times:
  edit-metadata: 1.499007597565651
  landing: 0.022309431806206703
  view-data: 0.3152357656508684
