times:
  edit-metadata: 1.2902220524847507
  landing: 5.18351580016315
  view-data: 3.3116596899926662
