times:
  edit-metadata: 1.589100832119584
  landing: 0.2030744068324566
  view-data: 0.3010840639472008
