times:
  edit-metadata: 2.577632057480514
  landing: 1.3891207445412874
  view-data: 3.6482136407867074
