times:
  edit-metadata: 0.5032807390671223
  landing: 0.07128924014978111
  view-data: 0.2027831939049065
