times:
  edit-metadata: 1.317504109814763
  landing: 0.8938256283290684
  view-data: 3.3333072061650455
