times:
  edit-metadata: 1.52201584354043
  landing: 0.1418278682976961
  view-data: 0.3052573148161173
