times:
  edit-metadata: 1.3868996854871511
  landing: 0.7423313148319721
  view-data: 3.320484424009919
