times:
  edit-metadata: 0.5137313700106461
  landing: 0.06130562099860981
  view-data: 0.21460072198533453
