times:
  edit-metadata: 1.590374432504177
  landing: 0.9249135628342628
  view-data: 3.3608713261783123
