times:
  edit-metadata: 1.4560072422027588
  landing: 0.15946650691330433
  view-data: 0.32622216641902924
