times:
  edit-metadata: 1.5013151299208403
  landing: 0.7385655399411917
  view-data: 3.3091683220118284
