times:
  edit-metadata: 1.46940032299608
  landing: 0.8930010820040479
  view-data: 3.5638728300109506
