times:
  edit-metadata: 1.5404930673539639
  landing: 0.9478582702577114
  view-data: 3.468512076884508
