times:
  edit-metadata: 1.7214536033570766
  landing: 1.037965390831232
  view-data: 3.455383013933897
