times:
  edit-metadata: 0.6214855199796148
  landing: 0.04914103000191972
  view-data: 0.2113682729541324
