times:
  edit-metadata: 1.5480650626122952
  landing: 1.0503053776919842
  view-data: 3.3819302283227444
