times:
  edit-metadata: 2.3320966763421893
  landing: 0.7889541434124112
  view-data: 3.5573701839894056
