times:
  edit-metadata: 3.8505709134042263
  landing: 1.7619919627904892
  view-data: 3.853224292397499
