times:
  edit-metadata: 0.4929991760291159
  landing: 0.06786357704550028
  view-data: 0.20638266997411847
