times:
  edit-metadata: 1.6586799882352352
  landing: 1.1259005144238472
  view-data: 3.4509675465524197
