times:
  edit-metadata: 0.7762290323153138
  landing: 0.07247355487197638
  view-data: 0.25524656334891915
