times:
  edit-metadata: 0.5948258890130091
  landing: 0.07994554701144807
  view-data: 0.21776397101348266
