times:
  edit-metadata: 1.648104203864932
  landing: 0.23596210777759552
  view-data: 0.5231513511389494
