times:
  edit-metadata: 1.4157540500164032
  landing: 0.9745641276240349
  view-data: 3.3441259637475014
