times:
  edit-metadata: 1.311787188053131
  landing: 0.7867048345506191
  view-data: 3.3596116807311773
