times:
  edit-metadata: 0.5736316170077771
  landing: 0.0640859620179981
  view-data: 0.21782739099580795
