times:
  edit-metadata: 1.5572996139526367
  landing: 1.0079430751502514
  view-data: 3.369217172265053
