times:
  edit-metadata: 3.0478698015213013
  landing: 1.7370873987674713
  view-data: 3.384937170892954
