times:
  edit-metadata: 0.5934647109825164
  landing: 0.06285521201789379
  view-data: 0.21483809797791764
