times:
  edit-metadata: 1.4131720550358295
  landing: 0.7785111450357363
  view-data: 3.4232649959158152
