times:
  edit-metadata: 0.5849808679777198
  landing: 0.17124686995521188
  view-data: 0.22182694199727848
