times:
  edit-metadata: 1.4804858560673892
  landing: 0.7637462811544538
  view-data: 3.3441050807014108
