times:
  edit-metadata: 1.544380847364664
  landing: 0.9386590085923672
  view-data: 3.382235962897539
