times:
  edit-metadata: 1.566153395920992
  landing: 0.821390800178051
  view-data: 3.36680243909359
