times:
  edit-metadata: 1.8544439524412155
  landing: 1.4129763282835484
  view-data: 3.5174374226480722
