times:
  edit-metadata: 1.3729476928710938
  landing: 0.9158239550888538
  view-data: 3.3196868039667606
