times:
  edit-metadata: 1.639661692082882
  landing: 0.2298077717423439
  view-data: 0.3563291188329458
