times:
  edit-metadata: 1.4001661706715822
  landing: 0.22662360779941082
  view-data: 0.12813835963606834
