times:
  edit-metadata: 1.5104591399431229
  landing: 0.8829038180410862
  view-data: 3.3616026304662228
