times:
  edit-metadata: 1.3221422210335732
  landing: 0.7656147126108408
  view-data: 3.4542489238083363
