times:
  edit-metadata: 2.3491241820156574
  landing: 1.2020777203142643
  view-data: 3.6392210330814123
