times:
  edit-metadata: 1.4643023796379566
  landing: 0.8437764197587967
  view-data: 3.3173539862036705
