times:
  edit-metadata: 2.2273977771401405
  landing: 1.1117950528860092
  view-data: 4.0876402938738465
