times:
  edit-metadata: 1.8836734984070063
  landing: 0.02286917343735695
  view-data: 0.381970901042223
