times:
  edit-metadata: 1.4455282017588615
  landing: 0.8026152914389968
  view-data: 3.3417562432587147
