times:
  edit-metadata: 0.5127707808278501
  landing: 0.05218956503085792
  view-data: 0.20212248293682933
