times:
  edit-metadata: 1.4880819898098707
  landing: 0.7539930623024702
  view-data: 3.3841347321867943
