times:
  edit-metadata: 1.6539547890424728
  landing: 0.7798339147120714
  view-data: 3.4315598402172327
