times:
  edit-metadata: 1.440395450219512
  landing: 0.19631540775299072
  view-data: 0.025712065398693085
