times:
  edit-metadata: 1.4048295691609383
  landing: 0.8065921403467655
  view-data: 3.3188486136496067
