times:
  edit-metadata: 2.3713788939639926
  landing: 0.8554016416892409
  view-data: 3.584592290222645
