times:
  edit-metadata: 1.6080829706043005
  landing: 0.19931901805102825
  view-data: 0.12654820457100868
