times:
  edit-metadata: 0.49487202893942595
  landing: 0.07072545029222965
  view-data: 0.21725928504019976
