times:
  edit-metadata: 1.6915091648697853
  landing: 0.2561118993908167
  view-data: 0.02533007599413395
