times:
  edit-metadata: 0.5315620917826891
  landing: 0.0533829708583653
  view-data: 0.2050595167092979
