times:
  edit-metadata: 1.5603602286428213
  landing: 0.17302906699478626
  view-data: 0.14616356045007706
