times:
  edit-metadata: 1.5565460212528706
  landing: 0.8824835680425167
  view-data: 3.4037090204656124
