times:
  edit-metadata: 1.4655715357512236
  landing: 0.785140204243362
  view-data: 3.3888548323884606
