times:
  edit-metadata: 1.469424495473504
  landing: 0.020452311262488365
  view-data: 0.3139812592417002
