times:
  edit-metadata: 1.5074467062950134
  landing: 0.8129871003329754
  view-data: 3.3221284486353397
