times:
  edit-metadata: 1.8216735846363008
  landing: 0.9229396507143974
  view-data: 3.447670524008572
