times:
  edit-metadata: 1.4510643295943737
  landing: 0.7054884061217308
  view-data: 3.2761664763092995
