times:
  edit-metadata: 1.6619826760143042
  landing: 0.9105349164456129
  view-data: 3.3602915666997433
