times:
  edit-metadata: 1.3679013922810555
  landing: 0.8306003622710705
  view-data: 3.3170920871198177
