times:
  edit-metadata: 1.4761878959834576
  landing: 0.8382278122007847
  view-data: 3.3333241902291775
