times:
  edit-metadata: 0.5099825719953515
  landing: 0.060504482011310756
  view-data: 0.22102276503574103
