times:
  edit-metadata: 1.4167897230945528
  landing: 0.7863819017075002
  view-data: 3.349208598025143
