times:
  edit-metadata: 1.4872552779270336
  landing: 0.9219420769950375
  view-data: 3.5608711959794164
