times:
  edit-metadata: 1.5141002535820007
  landing: 0.8282221555709839
  view-data: 3.3765913043171167
