times:
  edit-metadata: 0.5000008000060916
  landing: 0.07163324998691678
  view-data: 0.3388378609670326
