times:
  edit-metadata: 1.8431946951895952
  landing: 0.15577841363847256
  view-data: 0.4550379291176796
