times:
  edit-metadata: 1.5386214032769203
  landing: 0.8585234507918358
  view-data: 3.3615319803357124
