times:
  edit-metadata: 0.6869971080159303
  landing: 0.06579092200263403
  view-data: 0.21579133000341244
