times:
  edit-metadata: 1.5614353865385056
  landing: 0.25545390881597996
  view-data: 0.02406715601682663
