times:
  edit-metadata: 1.3785020937211812
  landing: 0.7146215937100351
  view-data: 3.337579838000238
