times:
  edit-metadata: 1.528784492984414
  landing: 0.7303397282958031
  view-data: 3.3416526671499014
