times:
  edit-metadata: 1.4304038980044425
  landing: 0.7427085570525378
  view-data: 3.294452988076955
