times:
  edit-metadata: 1.5920318737626076
  landing: 1.0129296630620956
  view-data: 3.47255252674222
