times:
  edit-metadata: 1.5272142477333546
  landing: 0.8766008876264095
  view-data: 3.399594560265541
