times:
  edit-metadata: 0.5217238629702479
  landing: 0.07639631896745414
  view-data: 0.20381931797601283
