times:
  edit-metadata: 1.8281243294477463
  landing: 0.16076479852199554
  view-data: 0.3837107140570879
