times:
  edit-metadata: 1.5312981570605189
  landing: 0.8258774620480835
  view-data: 3.398795963032171
