times:
  edit-metadata: 1.5122632458806038
  landing: 0.8839602246880531
  view-data: 3.4335469007492065
