times:
  edit-metadata: 1.4234261317178607
  landing: 0.8190038511529565
  view-data: 3.352777193300426
