times:
  edit-metadata: 1.4171841517090797
  landing: 0.9175665974617004
  view-data: 3.3110349401831627
