times:
  edit-metadata: 1.511997677385807
  landing: 1.0266878865659237
  view-data: 3.363243244588375
