times:
  edit-metadata: 0.5106032020412385
  landing: 0.05186346988193691
  view-data: 0.23816450289450586
