times:
  edit-metadata: 0.5831525889225304
  landing: 0.03752588527277112
  view-data: 0.20026742108166218
