times:
  edit-metadata: 1.5267553552985191
  landing: 0.8859105929732323
  view-data: 3.392267782241106
