times:
  edit-metadata: 1.4895232617855072
  landing: 0.7732136063277721
  view-data: 3.2820589654147625
