times:
  edit-metadata: 1.7132977452129126
  landing: 0.022966468706727028
  view-data: 0.30841452442109585
