times:
  edit-metadata: 1.4190308209508657
  landing: 0.6827718038111925
  view-data: 3.3645253572613
