times:
  edit-metadata: 1.5691452734172344
  landing: 0.808440163731575
  view-data: 3.4164229296147823
