times:
  edit-metadata: 1.5057504214346409
  landing: 0.7417336143553257
  view-data: 3.3962747510522604
