times:
  edit-metadata: 1.5716330464929342
  landing: 0.7082348298281431
  view-data: 3.4161502551287413
