times:
  edit-metadata: 1.6321264579892159
  landing: 0.904708556830883
  view-data: 3.3765586465597153
