times:
  edit-metadata: 1.5724126435816288
  landing: 0.8306939173489809
  view-data: 3.419789196923375
