times:
  edit-metadata: 1.4585545547306538
  landing: 0.6620111353695393
  view-data: 3.4057426527142525
