times:
  edit-metadata: 1.378072184510529
  landing: 0.9447166342288256
  view-data: 3.3775226892903447
