times:
  edit-metadata: 1.6843048483133316
  landing: 0.8681878559291363
  view-data: 3.3554563838988543
