times:
  edit-metadata: 1.5678094178438187
  landing: 0.9426741227507591
  view-data: 3.4233578890562057
