times:
  edit-metadata: 0.5063542000716552
  landing: 0.07629957096651196
  view-data: 0.22352716198656708
