times:
  edit-metadata: 1.4246885171160102
  landing: 0.7958796713501215
  view-data: 3.3572995867580175
