times:
  edit-metadata: 1.8236381076276302
  landing: 0.8813201896846294
  view-data: 3.3685635589063168
