times:
  edit-metadata: 1.4355632103979588
  landing: 0.927365630865097
  view-data: 3.3588844016194344
