times:
  edit-metadata: 1.315351190045476
  landing: 0.8438916858285666
  view-data: 3.342079760506749
