times:
  edit-metadata: 1.552111091092229
  landing: 0.7692083325237036
  view-data: 3.4301092009991407
