times:
  edit-metadata: 2.135350663214922
  landing: 1.244180679321289
  view-data: 3.5496392734348774
