times:
  edit-metadata: 1.4834865294396877
  landing: 0.9209247902035713
  view-data: 3.3555357195436954
