times:
  edit-metadata: 1.3880276270210743
  landing: 0.8805172704160213
  view-data: 3.3638537898659706
