times:
  edit-metadata: 1.397219892591238
  landing: 0.8345424197614193
  view-data: 3.3314916156232357
