times:
  edit-metadata: 1.6791648473590612
  landing: 0.8773168530315161
  view-data: 3.3133518397808075
