times:
  edit-metadata: 1.6598773915320635
  landing: 0.7889440171420574
  view-data: 3.4247627295553684
