times:
  edit-metadata: 0.5474154630210251
  landing: 0.06886492599733174
  view-data: 0.22259508300339803
