times:
  edit-metadata: 1.4188403598964214
  landing: 0.7541124597191811
  view-data: 3.306625373661518
