times:
  edit-metadata: 0.4999376388732344
  landing: 0.0663200959097594
  view-data: 0.22217920399270952
