times:
  edit-metadata: 1.4765843506902456
  landing: 0.7812229739502072
  view-data: 3.4124615471810102
