times:
  edit-metadata: 2.1331085078418255
  landing: 1.2110300473868847
  view-data: 3.5897070728242397
