times:
  edit-metadata: 1.5388869722373784
  landing: 0.8184161083772779
  view-data: 3.351169880013913
