times:
  edit-metadata: 0.502342524996493
  landing: 0.07259525900008157
  view-data: 0.22125816601328552
