times:
  edit-metadata: 0.4927624298725277
  landing: 0.08883977611549199
  view-data: 0.21974241291172802
