times:
  edit-metadata: 0.48948937887325883
  landing: 0.06830931082367897
  view-data: 0.20491895824670792
