times:
  edit-metadata: 0.5031387540511787
  landing: 0.079373779008165
  view-data: 0.21912933001294732
