times:
  edit-metadata: 1.4071357920765877
  landing: 0.6909842900931835
  view-data: 3.3523788414895535
