times:
  edit-metadata: 1.6689144419506192
  landing: 1.2979344371706247
  view-data: 3.3808958549052477
