times:
  edit-metadata: 0.5103368221316487
  landing: 0.0698888199403882
  view-data: 0.2194897010922432
