times:
  edit-metadata: 1.5368742272257805
  landing: 0.796064805239439
  view-data: 3.3663943372666836
