times:
  edit-metadata: 1.4998873174190521
  landing: 0.9733772203326225
  view-data: 3.4357152357697487
