times:
  edit-metadata: 1.4716181010007858
  landing: 0.9092366360127926
  view-data: 3.8912975415587425
