times:
  edit-metadata: 1.509870944544673
  landing: 0.7285034321248531
  view-data: 3.3892436176538467
