times:
  edit-metadata: 1.5474414862692356
  landing: 0.9754074104130268
  view-data: 3.3129738345742226
