times:
  edit-metadata: 2.211880799382925
  landing: 1.6834217831492424
  view-data: 3.553727112710476
