times:
  edit-metadata: 1.9272829703986645
  landing: 1.374094009399414
  view-data: 3.6593820974230766
