times:
  edit-metadata: 1.5420278068631887
  landing: 0.756253108382225
  view-data: 3.408857259899378
