times:
  edit-metadata: 1.4492012299597263
  landing: 0.7696014083921909
  view-data: 3.3693175548687577
