times:
  edit-metadata: 1.7773528154939413
  landing: 0.8053416609764099
  view-data: 3.379539370536804
