times:
  edit-metadata: 1.489309623837471
  landing: 0.7955755852162838
  view-data: 3.3247466776520014
