times:
  edit-metadata: 1.3825422078371048
  landing: 0.8483346961438656
  view-data: 3.3712035976350307
