times:
  edit-metadata: 1.7235348401591182
  landing: 0.9785030921921134
  view-data: 3.397531154565513
