times:
  edit-metadata: 1.5093124331906438
  landing: 0.7315053157508373
  view-data: 3.3774765953421593
