times:
  edit-metadata: 1.6556405313313007
  landing: 0.9908111579716206
  view-data: 3.35845073312521
