times:
  edit-metadata: 1.5270208539441228
  landing: 0.8547551091760397
  view-data: 3.3889999939128757
