times:
  edit-metadata: 0.5371316499076784
  landing: 0.07193137472495437
  view-data: 0.3516916101798415
