times:
  edit-metadata: 0.5149218610022217
  landing: 0.08015616296324879
  view-data: 0.2306347619742155
