times:
  edit-metadata: 1.557131564244628
  landing: 0.7292535658925772
  view-data: 3.4053029101341963
