times:
  edit-metadata: 1.498694621026516
  landing: 3.351374540477991
  view-data: 3.398243226110935
