times:
  edit-metadata: 1.7279382711276412
  landing: 0.9067126703448594
  view-data: 3.3959156977944076
