times:
  edit-metadata: 1.4896337483078241
  landing: 0.744184935465455
  view-data: 3.407366642728448
