times:
  edit-metadata: 1.3730773031711578
  landing: 0.6863352544605732
  view-data: 3.32780946418643
