times:
  edit-metadata: 1.339182373136282
  landing: 0.765939355827868
  view-data: 3.27991187851876
