times:
  edit-metadata: 0.5007812610001565
  landing: 0.06807170799947926
  view-data: 0.2211301259994798
