times:
  edit-metadata: 1.3616594201885164
  landing: 0.844936631154269
  view-data: 3.3560626641847193
