times:
  edit-metadata: 0.4971761938650161
  landing: 0.062255931086838245
  view-data: 0.22788235498592257
