times:
  edit-metadata: 1.3891081809997559
  landing: 0.9316398836672306
  view-data: 3.308822736144066
