times:
  edit-metadata: 1.282418369082734
  landing: 0.6470831781625748
  view-data: 3.3134041919838637
