times:
  edit-metadata: 0.499326485209167
  landing: 0.058377170003950596
  view-data: 0.22894669603556395
