times:
  edit-metadata: 0.5101774770300835
  landing: 0.07707116310484707
  view-data: 0.22383896983228624
