times:
  edit-metadata: 1.5009264647960663
  landing: 0.8330948017537594
  view-data: 3.340662356466055
