times:
  edit-metadata: 1.3966943938285112
  landing: 0.8734204000793397
  view-data: 3.3295124880969524
