times:
  edit-metadata: 1.6175015177577734
  landing: 0.9162444099783897
  view-data: 3.430605022236705
