times:
  edit-metadata: 1.3157811590936035
  landing: 0.7533416771329939
  view-data: 3.283909779973328
