times:
  edit-metadata: 1.630069550126791
  landing: 0.9016181044280529
  view-data: 3.4713351130485535
