times:
  edit-metadata: 1.5848169643431902
  landing: 0.814887348562479
  view-data: 3.4752412512898445
