times:
  edit-metadata: 2.4619316421449184
  landing: 1.3577030524611473
  view-data: 3.6593335401266813
