times:
  edit-metadata: 1.506930047646165
  landing: 0.7896981574594975
  view-data: 3.3420740459114313
