times:
  edit-metadata: 1.4929908476769924
  landing: 0.7566432189196348
  view-data: 3.3655072078108788
