times:
  edit-metadata: 1.4385630134493113
  landing: 0.7627624180167913
  view-data: 3.359660224057734
