times:
  edit-metadata: 1.377252914942801
  landing: 0.9502903120592237
  view-data: 3.4906856790184975
