times:
  edit-metadata: 2.0899595422670245
  landing: 0.8380118645727634
  view-data: 3.356680618599057
