times:
  edit-metadata: 1.7147006811574101
  landing: 0.8049949929118156
  view-data: 3.5336261801421642
