times:
  edit-metadata: 1.8431477309204638
  landing: 0.7980117029510438
  view-data: 3.528302670456469
