times:
  edit-metadata: 1.572134181857109
  landing: 0.8170726224780083
  view-data: 3.4042396135628223
