times:
  edit-metadata: 0.49489428801462054
  landing: 0.07573099806904793
  view-data: 0.21735339798033237
