times:
  edit-metadata: 1.5176168326288462
  landing: 0.8483492443338037
  view-data: 3.4133327985182405
