times:
  edit-metadata: 1.3894390650093555
  landing: 0.8052480019396171
  view-data: 3.3703320779604837
