times:
  edit-metadata: 1.6561715565621853
  landing: 1.0801368802785873
  view-data: 3.4034426659345627
