times:
  edit-metadata: 1.3527256809175014
  landing: 0.8453114391304553
  view-data: 3.292043968103826
