times:
  edit-metadata: 0.5298334899998736
  landing: 0.07432442800200079
  view-data: 0.21713229600572959
