times:
  edit-metadata: 1.5438247360289097
  landing: 0.774641552940011
  view-data: 3.403373558074236
