times:
  edit-metadata: 0.5171145010972396
  landing: 0.06936797895468771
  view-data: 0.24004544806666672
