times:
  edit-metadata: 1.516774084419012
  landing: 3.5211849398911
  view-data: 3.3628889359533787
