times:
  edit-metadata: 1.6543458588421345
  landing: 0.9933910332620144
  view-data: 3.3049394320696592
