times:
  edit-metadata: 1.5375752300024033
  landing: 0.7980740889906883
  view-data: 3.392659943550825
