times:
  edit-metadata: 0.49603622301947325
  landing: 0.07572415203321725
  view-data: 0.22861345601268113
