times:
  edit-metadata: 1.5518335960805416
  landing: 0.8135249447077513
  view-data: 3.522773528471589
