times:
  edit-metadata: 1.5392111353576183
  landing: 0.7915198062546551
  view-data: 3.3567180610261858
