times:
  edit-metadata: 1.604469321668148
  landing: 0.7368472293019295
  view-data: 3.3755703270435333
