times:
  edit-metadata: 1.5739406067878008
  landing: 0.8105461299419403
  view-data: 3.4300874434411526
