times:
  edit-metadata: 1.7566594798117876
  landing: 0.9167370647192001
  view-data: 3.537088081240654
