times:
  edit-metadata: 1.5865777116268873
  landing: 0.8810392562299967
  view-data: 3.527067881077528
