times:
  edit-metadata: 1.5485711619257927
  landing: 0.8328334055840969
  view-data: 3.448243208229542
