times:
  edit-metadata: 0.5213552680797875
  landing: 0.06050208816304803
  view-data: 0.23149075638502836
