times:
  edit-metadata: 1.4236120618879795
  landing: 0.7556208483874798
  view-data: 3.365387264639139
