times:
  edit-metadata: 0.5783120850101113
  landing: 0.06152684998232871
  view-data: 0.2225774999242276
