times:
  edit-metadata: 0.5060253669507802
  landing: 0.07701919111423194
  view-data: 0.22476630797609687
