times:
  edit-metadata: 1.6401561498641968
  landing: 1.1718539856374264
  view-data: 3.3548856303095818
