times:
  edit-metadata: 1.3060943456366658
  landing: 0.9728451739065349
  view-data: 3.5592506928369403
