times:
  edit-metadata: 0.5098543759668246
  landing: 0.07009497995022684
  view-data: 0.22824909794144332
