times:
  edit-metadata: 0.5027166260406375
  landing: 0.069699602201581
  view-data: 0.21995405200868845
