times:
  edit-metadata: 1.829839151352644
  landing: 1.0596732273697853
  view-data: 3.6565295569598675
