times:
  edit-metadata: 0.5040326830931008
  landing: 0.07026047608815134
  view-data: 0.22399197984486818
