times:
  edit-metadata: 1.4739512763917446
  landing: 0.9157885499298573
  view-data: 3.3734177462756634
