times:
  edit-metadata: 0.5660975109785795
  landing: 0.07945971796289086
  view-data: 0.2564419431146234
