times:
  edit-metadata: 1.4641560204327106
  landing: 0.9461730867624283
  view-data: 3.3490292988717556
