times:
  edit-metadata: 1.4257033318281174
  landing: 0.703820213675499
  view-data: 3.349152345210314
