times:
  edit-metadata: 1.4349440075457096
  landing: 0.7988665727898479
  view-data: 3.369774354621768
