times:
  edit-metadata: 1.5431072674691677
  landing: 0.8919872790575027
  view-data: 3.4060025066137314
