times:
  edit-metadata: 1.4651761427521706
  landing: 0.9355510137975216
  view-data: 3.376114509999752
