times:
  edit-metadata: 1.3957509472966194
  landing: 1.1377120651304722
  view-data: 3.3556463569402695
