times:
  edit-metadata: 1.3995957961305976
  landing: 0.7198365880176425
  view-data: 3.4088530261069536
