times:
  edit-metadata: 2.165954828262329
  landing: 1.1412420608103275
  view-data: 3.3972979113459587
