times:
  edit-metadata: 1.4569135040510446
  landing: 0.7544573480263352
  view-data: 3.355805278988555
