times:
  edit-metadata: 0.5768743290100247
  landing: 0.07914193102624267
  view-data: 0.2106451130239293
