times:
  edit-metadata: 1.5620274655520916
  landing: 0.8695059027522802
  view-data: 3.4271945990622044
