times:
  edit-metadata: 1.6208059787750244
  landing: 0.9938762821257114
  view-data: 3.4592021480202675
