times:
  edit-metadata: 1.7937971289502457
  landing: 0.7917707909364253
  view-data: 3.4020002509932965
