times:
  edit-metadata: 1.5721599124372005
  landing: 0.7663738578557968
  view-data: 3.6028964929282665
