times:
  edit-metadata: 2.951734706759453
  landing: 1.48605084605515
  view-data: 3.713549444451928
