times:
  edit-metadata: 1.9856508690863848
  landing: 0.989119591191411
  view-data: 3.3167592845857143
