times:
  edit-metadata: 1.5680415821261704
  landing: 0.8427921130787581
  view-data: 3.458093889988959
