times:
  edit-metadata: 1.5925986990332603
  landing: 0.9604020677506924
  view-data: 3.541043132543564
