times:
  edit-metadata: 0.5036619468592107
  landing: 0.07132839784026146
  view-data: 0.2111712759360671
