times:
  edit-metadata: 1.4249765686690807
  landing: 0.6851138398051262
  view-data: 3.4931435883045197
