times:
  edit-metadata: 1.4759596176445484
  landing: 0.6924793384969234
  view-data: 3.341407425701618
