times:
  edit-metadata: 2.0872742868959904
  landing: 2.0388098545372486
  view-data: 3.653115537017584
