times:
  edit-metadata: 1.4728002902120352
  landing: 0.7335784379392862
  view-data: 3.3471736069768667
