times:
  edit-metadata: 1.1866810779902153
  landing: 0.20872820704244077
  view-data: 0.21611637197202072
