times:
  edit-metadata: 0.49174618488177657
  landing: 0.07510863593779504
  view-data: 0.21305154310539365
