times:
  edit-metadata: 1.5301156714558601
  landing: 0.7130082156509161
  view-data: 3.397713962942362
