times:
  edit-metadata: 1.4965103510767221
  landing: 1.0084064803086221
  view-data: 3.5747400550171733
