times:
  edit-metadata: 1.9507187902927399
  landing: 1.00037731975317
  view-data: 3.402752310037613
