times:
  edit-metadata: 1.804137073457241
  landing: 0.811962328851223
  view-data: 3.433728698641062
