times:
  edit-metadata: 1.6243794858455658
  landing: 1.1159814186394215
  view-data: 3.3832586109638214
