times:
  edit-metadata: 1.4233249546959996
  landing: 0.807728043757379
  view-data: 3.4467783318832517
