times:
  edit-metadata: 1.4490912007167935
  landing: 1.5467562545090914
  view-data: 3.525514760054648
