times:
  edit-metadata: 0.5056883422657847
  landing: 0.07553254393860698
  view-data: 0.22423017770051956
