times:
  edit-metadata: 1.9747268557548523
  landing: 0.9509942308068275
  view-data: 3.4492261670529842
