times:
  edit-metadata: 1.6811481900513172
  landing: 0.8517448306083679
  view-data: 3.3697206005454063
