times:
  edit-metadata: 0.5210913319606334
  landing: 0.07256117113865912
  view-data: 0.21779949590563774
