times:
  edit-metadata: 1.460859913378954
  landing: 0.7735267840325832
  view-data: 3.4131470397114754
