times:
  edit-metadata: 1.4195172227919102
  landing: 0.7032199092209339
  view-data: 3.298140373080969
