times:
  edit-metadata: 1.4484150037169456
  landing: 0.8975894078612328
  view-data: 3.341979019343853
