times:
  edit-metadata: 1.8716441337019205
  landing: 1.0881436932832003
  view-data: 3.557471038773656
