times:
  edit-metadata: 1.5451161228120327
  landing: 0.7355163861066103
  view-data: 3.3887156303972006
