times:
  edit-metadata: 1.5845424234867096
  landing: 0.7031079549342394
  view-data: 3.344674250110984
