times:
  edit-metadata: 1.6131222881376743
  landing: 1.018180314451456
  view-data: 3.380408864468336
