times:
  edit-metadata: 1.7859215922653675
  landing: 1.2459567300975323
  view-data: 3.47285096347332
