times:
  edit-metadata: 1.5528330691158772
  landing: 0.9209614023566246
  view-data: 3.405113101005554
