times:
  edit-metadata: 1.525128586217761
  landing: 0.9281158149242401
  view-data: 3.451305164024234
