times:
  edit-metadata: 1.4007665663957596
  landing: 0.878395214676857
  view-data: 3.3540419563651085
