times:
  edit-metadata: 2.093678990378976
  landing: 1.180655775591731
  view-data: 3.455489492043853
