times:
  edit-metadata: 1.4271323652938008
  landing: 0.8466741880401969
  view-data: 3.376001311466098
