times:
  edit-metadata: 0.5060859390068799
  landing: 0.06905092200031504
  view-data: 0.2222346019698307
