times:
  edit-metadata: 1.3788367733359337
  landing: 0.7907669991254807
  view-data: 3.376287594437599
