times:
  edit-metadata: 1.6581520698964596
  landing: 0.9139274787157774
  view-data: 3.429329313337803
