times:
  edit-metadata: 2.161130538210273
  landing: 1.2405753396451473
  view-data: 3.6637641424313188
