times:
  edit-metadata: 1.3840455412864685
  landing: 0.726154986768961
  view-data: 3.311789270490408
