times:
  edit-metadata: 0.5213438009377569
  landing: 0.061489572981372476
  view-data: 0.21177509403787553
