times:
  edit-metadata: 1.5150930397212505
  landing: 0.8823230639100075
  view-data: 3.3779705688357353
