times:
  edit-metadata: 1.5554002430289984
  landing: 0.8547435069922358
  view-data: 3.3233023618813604
