times:
  edit-metadata: 1.713836070150137
  landing: 0.7259055580943823
  view-data: 3.3285050876438618
