times:
  edit-metadata: 1.510140372440219
  landing: 0.7320811916142702
  view-data: 3.360596092417836
