times:
  edit-metadata: 1.817317234352231
  landing: 0.8593470677733421
  view-data: 3.373275950551033
