times:
  edit-metadata: 1.3798354130703956
  landing: 0.8125326940789819
  view-data: 3.273431641049683
