times:
  edit-metadata: 1.4267789786681533
  landing: 0.9090212844312191
  view-data: 3.3529010582715273
