times:
  edit-metadata: 1.4751880913972855
  landing: 0.7503775712102652
  view-data: 3.378360953181982
