times:
  edit-metadata: 1.2864117361605167
  landing: 0.7070051915943623
  view-data: 3.3047508001327515
