times:
  edit-metadata: 0.5051821550005116
  landing: 0.06735617300728336
  view-data: 0.21843040897510946
