times:
  edit-metadata: 2.178890138864517
  landing: 1.0978445219807327
  view-data: 3.472207081038505
