times:
  edit-metadata: 1.4066735990345478
  landing: 0.8641938604414463
  view-data: 3.3075107596814632
