times:
  edit-metadata: 1.5102786272764206
  landing: 1.3314870782196522
  view-data: 3.367219988256693
