times:
  edit-metadata: 1.5328303277492523
  landing: 0.7878989167511463
  view-data: 3.416233465075493
