times:
  edit-metadata: 1.883312415331602
  landing: 1.2034241054207087
  view-data: 3.3454249761998653
