times:
  edit-metadata: 0.5103592551313341
  landing: 0.07430426520295441
  view-data: 0.23634275305084884
