times:
  edit-metadata: 1.3774645659141243
  landing: 0.7542034098878503
  view-data: 3.350800012703985
