times:
  edit-metadata: 0.547318288940005
  landing: 0.04569707694463432
  view-data: 0.2082859380170703
