times:
  edit-metadata: 1.8808632344007492
  landing: 1.0700793452560902
  view-data: 3.4999726489186287
