times:
  edit-metadata: 0.5010165369603783
  landing: 0.07948265294544399
  view-data: 0.22630993812344968
