times:
  edit-metadata: 1.5967645831406116
  landing: 0.8583112843334675
  view-data: 3.5582778081297874
