times:
  edit-metadata: 1.4444361831992865
  landing: 0.9024004191160202
  view-data: 3.403470268473029
