times:
  edit-metadata: 1.5121180843561888
  landing: 0.7670438699424267
  view-data: 3.364502364769578
