times:
  edit-metadata: 1.5091449320316315
  landing: 0.8654673919081688
  view-data: 3.4028038270771503
