times:
  edit-metadata: 0.4978725742548704
  landing: 0.07856416003778577
  view-data: 0.2220296710729599
