times:
  edit-metadata: 1.5242547690868378
  landing: 0.8687938936054707
  view-data: 3.386878740042448
