times:
  edit-metadata: 1.5239614360034466
  landing: 0.9884441830217838
  view-data: 3.377456910908222
