times:
  edit-metadata: 0.4878402489994187
  landing: 0.05753069499041885
  view-data: 0.3702029999985825
