times:
  edit-metadata: 0.5066972309723496
  landing: 0.07229343999642879
  view-data: 0.23827973590232432
