times:
  edit-metadata: 0.5020257071591914
  landing: 0.07510591391474009
  view-data: 0.22836636705324054
