times:
  edit-metadata: 1.5527108497917652
  landing: 0.7926693335175514
  view-data: 3.3860944397747517
