times:
  edit-metadata: 1.4882157444953918
  landing: 0.9370312690734863
  view-data: 3.363400537520647
