times:
  edit-metadata: 0.5163662449922413
  landing: 0.0728780881036073
  view-data: 0.21912952791899443
