times:
  edit-metadata: 1.5351800844073296
  landing: 0.8775698728859425
  view-data: 3.466727513819933
