times:
  edit-metadata: 1.4677300387993455
  landing: 0.7710518343374133
  view-data: 3.369963953271508
