times:
  edit-metadata: 1.5514124482870102
  landing: 0.7812463007867336
  view-data: 3.478767264634371
