times:
  edit-metadata: 1.5077789761126041
  landing: 0.8522119075059891
  view-data: 3.3849047953262925
