times:
  edit-metadata: 1.4691811138764024
  landing: 0.7892760699614882
  view-data: 3.3462408566847444
