times:
  edit-metadata: 1.4939289432950318
  landing: 0.7985798129811883
  view-data: 3.354258821811527
