times:
  edit-metadata: 0.5134227499947883
  landing: 0.06637252401560545
  view-data: 0.23042868898482993
