times:
  edit-metadata: 2.2706478890031576
  landing: 1.6067818142473698
  view-data: 3.812322910875082
