times:
  edit-metadata: 1.5680192336440086
  landing: 0.9590088799595833
  view-data: 3.3646374754607677
