times:
  edit-metadata: 1.601504534482956
  landing: 0.860668245702982
  view-data: 3.5279331654310226
