times:
  edit-metadata: 1.5322594307363033
  landing: 0.8476088959723711
  view-data: 3.4442094694823027
