times:
  edit-metadata: 1.551796171348542
  landing: 0.807488904800266
  view-data: 3.366650235839188
