times:
  edit-metadata: 1.5292441174387932
  landing: 0.917868971824646
  view-data: 3.396734893321991
