times:
  edit-metadata: 0.5860545280156657
  landing: 0.07142198598012328
  view-data: 0.22858228790573776
