times:
  edit-metadata: 1.510319852270186
  landing: 0.8342845123261213
  view-data: 3.39585782866925
