times:
  edit-metadata: 1.5256565678864717
  landing: 0.771378668025136
  view-data: 3.377030272036791
