times:
  edit-metadata: 0.6685250080190599
  landing: 0.07742273202165961
  view-data: 0.22988231433555484
