times:
  edit-metadata: 2.1603276394307613
  landing: 1.259222436696291
  view-data: 3.6111490055918694
