times:
  edit-metadata: 1.432422359008342
  landing: 0.9186403909698129
  view-data: 3.3590644950745627
