times:
  edit-metadata: 0.8873548429692164
  landing: 0.09059752896428108
  view-data: 0.2262454000301659
