times:
  edit-metadata: 1.4301092848181725
  landing: 0.9142507314682007
  view-data: 3.3413494490087032
