times:
  edit-metadata: 1.5412601619027555
  landing: 0.8399503119289875
  view-data: 3.3240844341926277
