times:
  edit-metadata: 1.4469175562262535
  landing: 0.7262601219117641
  view-data: 3.351869635283947
