times:
  edit-metadata: 1.323883842676878
  landing: 0.8379754833877087
  view-data: 3.3359404020011425
