times:
  edit-metadata: 0.5330600901506841
  landing: 0.06395662808790803
  view-data: 0.22779228584840894
