times:
  edit-metadata: 0.5309737510979176
  landing: 0.047472299076616764
  view-data: 0.21943256491795182
