times:
  edit-metadata: 0.522216853001737
  landing: 0.07423151299735764
  view-data: 0.20818934099952457
