times:
  edit-metadata: 1.5963965952396393
  landing: 0.9321278352290392
  view-data: 3.5282420720905066
