times:
  edit-metadata: 1.5878793187439442
  landing: 0.7830477748066187
  view-data: 3.4141512867063284
