times:
  edit-metadata: 0.5066873270552605
  landing: 0.06878104782663286
  view-data: 0.22741828300058842
