times:
  edit-metadata: 4.7514130882918835
  landing: 2.4757609479129314
  view-data: 3.769416641443968
