times:
  edit-metadata: 1.4651244217529893
  landing: 0.8252239758148789
  view-data: 3.408958778716624
