times:
  edit-metadata: 1.4824017030186951
  landing: 0.7660209899768233
  view-data: 3.357686412986368
