times:
  edit-metadata: 1.5844704397022724
  landing: 0.840187281370163
  view-data: 3.4422063417732716
