times:
  edit-metadata: 2.4813686907291412
  landing: 1.5658791549503803
  view-data: 4.13702392578125
