times:
  edit-metadata: 1.3481598841026425
  landing: 0.8285655993968248
  view-data: 3.287625632248819
