times:
  edit-metadata: 1.5515484120696783
  landing: 0.7742951139807701
  view-data: 3.403473012149334
