times:
  edit-metadata: 1.5766623951494694
  landing: 0.8349465690553188
  view-data: 3.4347243942320347
