times:
  edit-metadata: 2.0584882237017155
  landing: 1.2713751811534166
  view-data: 3.367999969050288
