times:
  edit-metadata: 2.0537000373005867
  landing: 0.9990209452807903
  view-data: 3.4729545265436172
