times:
  edit-metadata: 1.5324498526751995
  landing: 0.703850369900465
  view-data: 3.3087266236543655
