times:
  edit-metadata: 1.422854470089078
  landing: 0.7494073677808046
  view-data: 3.3875129465013742
