times:
  edit-metadata: 1.5317192114889622
  landing: 0.910889495164156
  view-data: 3.4288591518998146
