times:
  edit-metadata: 2.0723389834165573
  landing: 1.1604897417128086
  view-data: 3.507941458374262
