times:
  edit-metadata: 2.23847221955657
  landing: 1.3554562432691455
  view-data: 3.6010365588590503
