times:
  edit-metadata: 1.4827399160712957
  landing: 0.8336393642239273
  view-data: 3.352900416124612
