times:
  edit-metadata: 0.5030397961381823
  landing: 0.07823137403465807
  view-data: 0.23428572295233607
