times:
  edit-metadata: 0.4981709090061486
  landing: 0.0670095020905137
  view-data: 0.2192310200771317
