times:
  edit-metadata: 1.578571144491434
  landing: 0.8964227307587862
  view-data: 3.499934269115329
