times:
  edit-metadata: 1.4633404426276684
  landing: 0.9105746261775494
  view-data: 3.3484156653285027
