times:
  edit-metadata: 1.6629095897078514
  landing: 1.0306942164897919
  view-data: 3.3582863584160805
