times:
  edit-metadata: 1.4110615950776264
  landing: 0.778777297004126
  view-data: 3.3383143490646034
