times:
  edit-metadata: 0.48988968785852194
  landing: 0.06998843280598521
  view-data: 0.23031571321189404
