times:
  edit-metadata: 1.3787612905725837
  landing: 0.7210199171677232
  view-data: 3.3241503788158298
