times:
  edit-metadata: 1.3908149935305119
  landing: 0.730291711166501
  view-data: 3.4694171492010355
