times:
  edit-metadata: 1.6583178266882896
  landing: 0.9813309507444501
  view-data: 3.44972650334239
