times:
  edit-metadata: 0.49940479709766805
  landing: 0.07630946510471404
  view-data: 0.21065766690298915
