times:
  edit-metadata: 0.5056636070366949
  landing: 0.07307026186026633
  view-data: 0.21612966805696487
