times:
  edit-metadata: 1.3798206890933216
  landing: 0.7828643540851772
  view-data: 3.338116557803005
