times:
  edit-metadata: 0.5182118751108646
  landing: 0.07237703073769808
  view-data: 0.21678706584498286
