times:
  edit-metadata: 1.353830964770168
  landing: 0.7539490107446909
  view-data: 3.4735485911369324
