times:
  edit-metadata: 1.3213436140213162
  landing: 0.7748641869984567
  view-data: 3.367267332971096
