times:
  edit-metadata: 1.5846660677343607
  landing: 0.7507324926555157
  view-data: 3.435760982334614
