times:
  edit-metadata: 1.4892922304570675
  landing: 0.8766815178096294
  view-data: 3.3770070634782314
