times:
  edit-metadata: 0.5032978998497128
  landing: 0.07401513494551182
  view-data: 0.2199068027548492
