times:
  edit-metadata: 1.4986248575150967
  landing: 0.7451826948672533
  view-data: 3.4188414569944143
