times:
  edit-metadata: 1.4196268767118454
  landing: 0.8820194453001022
  view-data: 3.3546740449965
