times:
  edit-metadata: 1.5574679113924503
  landing: 7.2873427122831345
  view-data: 3.342816211283207
