times:
  edit-metadata: 1.556950282305479
  landing: 0.7526240926235914
  view-data: 3.407923052087426
