times:
  edit-metadata: 1.5401924066245556
  landing: 1.073620717972517
  view-data: 3.319339655339718
