times:
  edit-metadata: 0.4908476209966466
  landing: 0.07054163501015864
  view-data: 0.22259806099464186
