times:
  edit-metadata: 1.5078193694353104
  landing: 0.9559411527588964
  view-data: 3.4550297297537327
