times:
  edit-metadata: 1.4711356931366026
  landing: 0.7671817680820823
  view-data: 3.3259212360717356
