times:
  edit-metadata: 1.5336922965943813
  landing: 0.763870183378458
  view-data: 3.324669474735856
