times:
  edit-metadata: 1.544191338121891
  landing: 0.7009561844170094
  view-data: 3.3771336898207664
