times:
  edit-metadata: 1.5380361452698708
  landing: 0.8347747102379799
  view-data: 3.4315831074491143
