times:
  edit-metadata: 1.7067962028086185
  landing: 1.1366006433963776
  view-data: 3.410420160740614
