times:
  edit-metadata: 1.4528981070034206
  landing: 0.8178430069237947
  view-data: 3.3740543322637677
