times:
  edit-metadata: 1.537522254511714
  landing: 0.7514936085790396
  view-data: 3.386518587358296
