times:
  edit-metadata: 1.6157886423170567
  landing: 0.8782888911664486
  view-data: 3.285130351781845
