times:
  edit-metadata: 0.5100486020091921
  landing: 0.07209382503060624
  view-data: 0.21710200398229063
