times:
  edit-metadata: 0.5136432319995947
  landing: 0.06273366301320493
  view-data: 0.22729885898297653
