times:
  edit-metadata: 1.5048408769071102
  landing: 1.2031129859387875
  view-data: 3.36915085837245
