times:
  edit-metadata: 0.49724724900443107
  landing: 0.07248517300467938
  view-data: 0.20816449401900172
