times:
  edit-metadata: 1.622070051729679
  landing: 0.767328655347228
  view-data: 3.43130667693913
