times:
  edit-metadata: 1.4589815884828568
  landing: 0.7987063806504011
  view-data: 3.4431124199181795
