times:
  edit-metadata: 1.832629755139351
  landing: 1.3063652776181698
  view-data: 3.4651629105210304
