times:
  edit-metadata: 1.6799427717924118
  landing: 0.8469250202178955
  view-data: 3.4446147475391626
