times:
  edit-metadata: 1.461547582410276
  landing: 0.7924076160416007
  view-data: 3.3482217183336616
