times:
  edit-metadata: 0.5037328798789531
  landing: 0.06438922602683306
  view-data: 0.22050155512988567
