times:
  edit-metadata: 1.4541179188527167
  landing: 0.8074810770340264
  view-data: 3.3988645267672837
