times:
  edit-metadata: 1.5316290371119976
  landing: 0.7822026573121548
  view-data: 3.457400020211935
