times:
  edit-metadata: 1.4517090022563934
  landing: 0.7290712865069509
  view-data: 3.26126576308161
