times:
  edit-metadata: 1.2530929781496525
  landing: 0.8206414273008704
  view-data: 3.3244165554642677
