times:
  edit-metadata: 1.4764887439087033
  landing: 0.7971751615405083
  view-data: 3.3295686142519116
