times:
  edit-metadata: 1.612472753971815
  landing: 0.9002752378582954
  view-data: 3.3833228275179863
