times:
  edit-metadata: 1.5901348739862442
  landing: 0.7653870843350887
  view-data: 3.4232270251959562
