times:
  edit-metadata: 1.577096862718463
  landing: 0.8770366124808788
  view-data: 3.5335722137242556
