times:
  edit-metadata: 1.5544287636876106
  landing: 0.8322699069976807
  view-data: 3.3604688830673695
