times:
  edit-metadata: 1.564025042578578
  landing: 0.7848776802420616
  view-data: 3.322627793997526
