times:
  edit-metadata: 1.5222658328711987
  landing: 0.7532708030194044
  view-data: 3.4479522369802
