times:
  edit-metadata: 1.5876105278730392
  landing: 0.7181673124432564
  view-data: 3.301703989505768
