times:
  edit-metadata: 1.4821723029017448
  landing: 0.755966804921627
  view-data: 3.4380656257271767
