times:
  edit-metadata: 1.597691036760807
  landing: 0.9240321554243565
  view-data: 3.3982908092439175
