times:
  edit-metadata: 1.3723735809326172
  landing: 0.7558712214231491
  view-data: 3.484996259212494
