times:
  edit-metadata: 1.397666484117508
  landing: 0.7538004890084267
  view-data: 3.5412357226014137
