times:
  edit-metadata: 1.445399783551693
  landing: 0.8763905689120293
  view-data: 3.403064489364624
