times:
  edit-metadata: 1.4589932709932327
  landing: 0.7847030088305473
  view-data: 3.3799229115247726
