times:
  edit-metadata: 1.4471938386559486
  landing: 0.7680723667144775
  view-data: 3.4635391905903816
