times:
  edit-metadata: 1.438131857663393
  landing: 0.8913160376250744
  view-data: 3.3641448505222797
