times:
  edit-metadata: 1.7553778290748596
  landing: 1.0179188176989555
  view-data: 3.594621106982231
