times:
  edit-metadata: 1.9727018922567368
  landing: 0.8473628610372543
  view-data: 3.476792201399803
