times:
  edit-metadata: 1.4293821081519127
  landing: 0.835869237780571
  view-data: 3.4015112705528736
