times:
  edit-metadata: 1.995462790131569
  landing: 1.1771623566746712
  view-data: 3.5416219979524612
