times:
  edit-metadata: 1.844025433063507
  landing: 0.9236601106822491
  view-data: 3.352647762745619
