times:
  edit-metadata: 1.5140901803970337
  landing: 0.7594814822077751
  view-data: 3.489244930446148
