times:
  edit-metadata: 1.6259346902370453
  landing: 0.7912884652614594
  view-data: 3.3203103691339493
