times:
  edit-metadata: 1.5762963220477104
  landing: 0.9809112995862961
  view-data: 3.49534922093153
