times:
  edit-metadata: 1.5125975087285042
  landing: 0.8403061553835869
  view-data: 3.365846276283264
