times:
  edit-metadata: 1.5067611932754517
  landing: 0.7640335634350777
  view-data: 3.403793178498745
