times:
  edit-metadata: 1.3623068109154701
  landing: 0.7670482993125916
  view-data: 3.3188240602612495
