times:
  edit-metadata: 1.5449732057750225
  landing: 0.8641630820930004
  view-data: 3.298790853470564
