times:
  edit-metadata: 1.2002142667770386
  landing: 0.7285253182053566
  view-data: 3.327136315405369
