times:
  edit-metadata: 1.4079259485006332
  landing: 0.8223618566989899
  view-data: 3.4353567883372307
