times:
  edit-metadata: 1.3870595023036003
  landing: 0.7108605727553368
  view-data: 3.441622607409954
