times:
  edit-metadata: 1.3812980614602566
  landing: 0.7686971463263035
  view-data: 3.309941206127405
