times:
  edit-metadata: 1.4118418209254742
  landing: 0.7480524107813835
  view-data: 3.3034642226994038
