times:
  edit-metadata: 1.6403049863874912
  landing: 0.8620522208511829
  view-data: 3.3080799505114555
