times:
  edit-metadata: 1.440295547246933
  landing: 0.7322051152586937
  view-data: 3.4356798753142357
