times:
  edit-metadata: 1.5322666019201279
  landing: 0.7323872819542885
  view-data: 3.3338969945907593
