times:
  edit-metadata: 1.6037924587726593
  landing: 0.9085102118551731
  view-data: 3.4552490189671516
