times:
  edit-metadata: 1.459212675690651
  landing: 0.7347938194870949
  view-data: 3.4311631098389626
