times:
  edit-metadata: 1.346856065094471
  landing: 0.7344521656632423
  view-data: 3.399150252342224
