times:
  edit-metadata: 1.3612817376852036
  landing: 0.7379403710365295
  view-data: 3.436147689819336
