times:
  edit-metadata: 1.3614338412880898
  landing: 0.744610108435154
  view-data: 3.415977507829666
