times:
  edit-metadata: 1.4996832385659218
  landing: 0.7727221921086311
  view-data: 3.488087274134159
