times:
  edit-metadata: 1.4256002604961395
  landing: 0.7798052430152893
  view-data: 3.485922433435917
