times:
  edit-metadata: 1.4682639613747597
  landing: 0.741635650396347
  view-data: 3.337911479175091
