times:
  edit-metadata: 1.7536630108952522
  landing: 1.017940230667591
  view-data: 3.4655380845069885
