times:
  edit-metadata: 2.576976254582405
  landing: 1.5148587748408318
  view-data: 3.3938862085342407
