times:
  edit-metadata: 1.5732770636677742
  landing: 0.864329993724823
  view-data: 3.433067701756954
