times:
  edit-metadata: 1.4117576032876968
  landing: 0.8087953329086304
  view-data: 3.2720763236284256
