times:
  edit-metadata: 1.5171115323901176
  landing: 0.7734231948852539
  view-data: 3.318269558250904
