times:
  edit-metadata: 1.4700912199914455
  landing: 0.7174060717225075
  view-data: 3.2647064216434956
