times:
  edit-metadata: 1.625084139406681
  landing: 0.768346793949604
  view-data: 3.3858081102371216
