times:
  edit-metadata: 1.5054593533277512
  landing: 0.7893601879477501
  view-data: 3.3158143162727356
