times:
  edit-metadata: 1.3570478409528732
  landing: 0.7866630852222443
  view-data: 3.334491692483425
