times:
  edit-metadata: 1.367771603167057
  landing: 0.8261548057198524
  view-data: 3.373861014842987
