times:
  edit-metadata: 1.9533365964889526
  landing: 1.1702730357646942
  view-data: 3.3565166294574738
