times:
  edit-metadata: 1.4003606885671616
  landing: 0.8469560146331787
  view-data: 3.4246338233351707
