times:
  edit-metadata: 1.4021689482033253
  landing: 0.7917848899960518
  view-data: 3.325583029538393
