times:
  edit-metadata: 1.3553416952490807
  landing: 0.7850813865661621
  view-data: 3.3049091435968876
