times:
  edit-metadata: 1.6996257975697517
  landing: 0.796095784753561
  view-data: 3.282531052827835
