times:
  edit-metadata: 1.5030930787324905
  landing: 0.8225703462958336
  view-data: 3.499767690896988
