times:
  edit-metadata: 1.4170922338962555
  landing: 0.8313682600855827
  view-data: 3.5056819766759872
