times:
  edit-metadata: 1.4419637471437454
  landing: 0.7958534359931946
  view-data: 3.3935390040278435
