times:
  edit-metadata: 1.4506758600473404
  landing: 0.8554939962923527
  view-data: 3.345072213560343
