times:
  edit-metadata: 1.3873790055513382
  landing: 0.7543767243623734
  view-data: 3.4842425882816315
