times:
  edit-metadata: 1.4773164838552475
  landing: 0.8669927343726158
  view-data: 3.535480499267578
