times:
  edit-metadata: 1.4753515385091305
  landing: 0.8013668768107891
  view-data: 3.2718534246087074
