times:
  edit-metadata: 1.3904603123664856
  landing: 0.7255444303154945
  view-data: 3.3383782133460045
