times:
  edit-metadata: 1.5952906981110573
  landing: 0.826751321554184
  view-data: 3.33949576318264
