times:
  edit-metadata: 1.9105186611413956
  landing: 0.9709508940577507
  view-data: 3.2972352206707
