times:
  edit-metadata: 1.3433247283101082
  landing: 0.7564718797802925
  view-data: 3.4133884832262993
