times:
  edit-metadata: 1.5378385409712791
  landing: 0.7703813761472702
  view-data: 3.329860679805279
