times:
  edit-metadata: 2.1987831704318523
  landing: 1.031985990703106
  view-data: 3.582558285444975
