times:
  edit-metadata: 1.376635193824768
  landing: 0.6996970325708389
  view-data: 3.4589730948209763
