times:
  edit-metadata: 1.3954238146543503
  landing: 0.745287325233221
  view-data: 3.2781684771180153
