times:
  edit-metadata: 1.4884357042610645
  landing: 0.8033152259886265
  view-data: 3.3839376531541348
