times:
  edit-metadata: 1.527234297245741
  landing: 0.8267038054764271
  view-data: 3.3520107120275497
