times:
  edit-metadata: 1.3706553503870964
  landing: 0.7850374542176723
  view-data: 3.350012093782425
