times:
  edit-metadata: 1.3673271089792252
  landing: 0.7009119018912315
  view-data: 3.4454752430319786
