times:
  edit-metadata: 1.6047219336032867
  landing: 0.805112648755312
  view-data: 3.3333942107856274
