times:
  edit-metadata: 1.4844281747937202
  landing: 0.8870182260870934
  view-data: 3.3482398726046085
