times:
  edit-metadata: 1.4129462391138077
  landing: 0.8213229030370712
  view-data: 3.518967866897583
