times:
  edit-metadata: 1.3694325610995293
  landing: 0.7941780090332031
  view-data: 3.408721163868904
