times:
  edit-metadata: 1.6297133043408394
  landing: 0.7260626256465912
  view-data: 3.4844453558325768
