times:
  edit-metadata: 1.2907089293003082
  landing: 0.788083903491497
  view-data: 3.5356029346585274
