times:
  edit-metadata: 1.506776623427868
  landing: 0.7618949040770531
  view-data: 3.5043897330760956
