times:
  edit-metadata: 1.5231854617595673
  landing: 0.8558779433369637
  view-data: 3.5193444937467575
