times:
  edit-metadata: 1.5953698679804802
  landing: 0.763099305331707
  view-data: 3.48974472284317
