times:
  edit-metadata: 1.393250972032547
  landing: 0.8422336578369141
  view-data: 3.2951865270733833
