times:
  edit-metadata: 1.4034791886806488
  landing: 0.7582697719335556
  view-data: 3.4709334075450897
