times:
  edit-metadata: 1.6869394332170486
  landing: 1.2502226009964943
  view-data: 3.3402190171182156
