times:
  edit-metadata: 1.5525571927428246
  landing: 0.9351956732571125
  view-data: 3.3331497870385647
