times:
  edit-metadata: 1.3540076464414597
  landing: 0.7479964792728424
  view-data: 3.548921838402748
