times:
  edit-metadata: 1.3795646354556084
  landing: 0.720057912170887
  view-data: 3.437455929815769
