times:
  edit-metadata: 1.4930108934640884
  landing: 0.6807469055056572
  view-data: 3.4859608560800552
