times:
  edit-metadata: 2.2913868874311447
  landing: 1.1304932907223701
  view-data: 3.825514443218708
