times:
  edit-metadata: 1.4890392422676086
  landing: 0.7959998548030853
  view-data: 3.3664986714720726
