times:
  edit-metadata: 1.4508560821413994
  landing: 0.8156282529234886
  view-data: 3.494579792022705
