times:
  edit-metadata: 1.3876635134220123
  landing: 0.7285605370998383
  view-data: 3.530479773879051
