times:
  edit-metadata: 1.3953674510121346
  landing: 0.7968739122152328
  view-data: 3.5551926344633102
