times:
  edit-metadata: 1.3455708399415016
  landing: 0.8059299290180206
  view-data: 3.4859266504645348
