times:
  edit-metadata: 1.5096518248319626
  landing: 0.6869236081838608
  view-data: 3.4557352140545845
