times:
  edit-metadata: 1.369785599410534
  landing: 0.7473810017108917
  view-data: 3.445652984082699
