times:
  edit-metadata: 1.618076004087925
  landing: 0.8373345099389553
  view-data: 3.3317598439753056
