times:
  edit-metadata: 1.409135341644287
  landing: 0.7273863777518272
  view-data: 3.307257615029812
