times:
  edit-metadata: 1.495003767311573
  landing: 0.8269520998001099
  view-data: 3.3036506101489067
