times:
  edit-metadata: 1.3355562314391136
  landing: 0.7341011241078377
  view-data: 3.4173200502991676
