times:
  edit-metadata: 1.5046614781022072
  landing: 0.9032206051051617
  view-data: 3.3398008570075035
