times:
  edit-metadata: 1.4528731480240822
  landing: 0.8786757662892342
  view-data: 3.3680234849452972
