times:
  edit-metadata: 1.3682149201631546
  landing: 0.882239080965519
  view-data: 3.4972658455371857
