times:
  edit-metadata: 1.5370299220085144
  landing: 0.7451563850045204
  view-data: 3.517389200627804
