times:
  edit-metadata: 1.4002908989787102
  landing: 0.7746675685048103
  view-data: 3.536336310207844
