times:
  edit-metadata: 1.5285778865218163
  landing: 0.7840493023395538
  view-data: 3.5265854597091675
