times:
  edit-metadata: 1.5723180547356606
  landing: 0.838574156165123
  view-data: 3.4025892689824104
