times:
  edit-metadata: 2.12610449641943
  landing: 1.5334773138165474
  view-data: 3.604366436600685
