times:
  edit-metadata: 1.3626559600234032
  landing: 0.6908026188611984
  view-data: 3.4890616312623024
