times:
  edit-metadata: 1.9951482079923153
  landing: 1.3697604946792126
  view-data: 3.8337113112211227
