times:
  edit-metadata: 1.3339089676737785
  landing: 0.7543982565402985
  view-data: 3.514668621122837
