times:
  edit-metadata: 1.4000671319663525
  landing: 0.7835657671093941
  view-data: 3.3305324092507362
