times:
  edit-metadata: 1.5074657425284386
  landing: 0.8612537607550621
  view-data: 3.3008173033595085
