times:
  edit-metadata: 1.507740505039692
  landing: 0.8869563043117523
  view-data: 3.309640347957611
