times:
  edit-metadata: 1.9132846370339394
  landing: 1.0682443380355835
  view-data: 3.3494973853230476
