times:
  edit-metadata: 1.393016777932644
  landing: 0.7532468736171722
  view-data: 3.373155601322651
