times:
  edit-metadata: 1.4219556376338005
  landing: 0.8565107733011246
  view-data: 3.44555900990963
