times:
  edit-metadata: 1.444907270371914
  landing: 0.8107138499617577
  view-data: 3.4624762758612633
