times:
  edit-metadata: 1.4097971245646477
  landing: 0.7581611722707748
  view-data: 3.31390380859375
