times:
  edit-metadata: 1.510579563677311
  landing: 0.7931767404079437
  view-data: 3.4412399157881737
