times:
  edit-metadata: 1.371664471924305
  landing: 0.7771922498941422
  view-data: 3.49240143597126
