times:
  edit-metadata: 1.3727980852127075
  landing: 0.7655794322490692
  view-data: 3.4333480820059776
