times:
  edit-metadata: 1.4736553356051445
  landing: 0.8004895746707916
  view-data: 3.527719110250473
