times:
  edit-metadata: 1.537181407213211
  landing: 0.8127596154808998
  view-data: 3.3311390057206154
