times:
  edit-metadata: 1.4615212678909302
  landing: 0.7301719039678574
  view-data: 3.370010979473591
