times:
  edit-metadata: 1.5167809948325157
  landing: 0.8732313141226768
  view-data: 3.545332193374634
