times:
  edit-metadata: 1.3240002766251564
  landing: 0.7898616641759872
  view-data: 3.330081067979336
