times:
  edit-metadata: 1.3327129036188126
  landing: 0.8822954073548317
  view-data: 3.4947137981653214
