times:
  edit-metadata: 1.3799423202872276
  landing: 0.728056512773037
  view-data: 3.422148860991001
