times:
  edit-metadata: 1.7830701023340225
  landing: 0.8787288591265678
  view-data: 3.6068767085671425
