times:
  edit-metadata: 1.5351476445794106
  landing: 0.715454526245594
  view-data: 3.3521145656704903
