times:
  edit-metadata: 1.9374916106462479
  landing: 1.0104714035987854
  view-data: 3.649236373603344
