times:
  edit-metadata: 1.4094326198101044
  landing: 0.8284083157777786
  view-data: 3.4736345559358597
