times:
  edit-metadata: 1.3777780011296272
  landing: 0.7289436757564545
  view-data: 3.5664930790662766
