times:
  edit-metadata: 1.5295496173202991
  landing: 1.0789722315967083
  view-data: 3.3324363194406033
