times:
  edit-metadata: 1.5422940929420292
  landing: 1.1184421619400382
  view-data: 3.4491162919439375
