times:
  edit-metadata: 1.4134267009794712
  landing: 0.7511200625449419
  view-data: 3.336954904720187
