times:
  edit-metadata: 0.6821461600047769
  landing: 0.045020238001598045
  view-data: 0.24945300599210896
