times:
  edit-metadata: 0.7159441679250449
  landing: 0.05830081400927156
  view-data: 0.24959718203172088
