times:
  edit-metadata: 1.4832092076539993
  landing: 0.8757436312735081
  view-data: 3.3500546850264072
