times:
  edit-metadata: 1.435299776494503
  landing: 1.1793987415730953
  view-data: 3.3475663773715496
