times:
  edit-metadata: 1.4823163244873285
  landing: 0.9523804951459169
  view-data: 3.3791336715221405
