times:
  edit-metadata: 1.4605240309610963
  landing: 0.8110344586893916
  view-data: 3.2866211654618382
