times:
  edit-metadata: 0.6579645620076917
  landing: 0.04843278200132772
  view-data: 0.22920869896188378
