times:
  edit-metadata: 1.5721179638057947
  landing: 0.7481909338384867
  view-data: 3.62927140109241
