times:
  edit-metadata: 1.4349342249333858
  landing: 0.7689889073371887
  view-data: 3.3242210634052753
