times:
  edit-metadata: 1.5974504295736551
  landing: 1.0278264246881008
  view-data: 3.489612005650997
