times:
  edit-metadata: 1.4347976967692375
  landing: 0.7732620351016521
  view-data: 3.3056351356208324
