times:
  edit-metadata: 1.7136256862431765
  landing: 1.3189536947757006
  view-data: 3.3110316451638937
