times:
  edit-metadata: 1.4006591215729713
  landing: 0.9860718473792076
  view-data: 3.3649576492607594
