times:
  edit-metadata: 1.333517475053668
  landing: 0.8939581150189042
  view-data: 3.440698084887117
