times:
  edit-metadata: 1.4614744801074266
  landing: 0.7406132742762566
  view-data: 3.3720497842878103
