times:
  edit-metadata: 2.819721046835184
  landing: 1.040220446884632
  view-data: 3.3630409575998783
