times:
  edit-metadata: 1.4625406209379435
  landing: 0.8756597563624382
  view-data: 3.5639784149825573
