times:
  edit-metadata: 2.392869159579277
  landing: 1.1926415655761957
  view-data: 3.7979713156819344
