times:
  edit-metadata: 1.5458658561110497
  landing: 0.8452872596681118
  view-data: 3.298214441165328
