times:
  edit-metadata: 2.0527599044144154
  landing: 1.24068920686841
  view-data: 3.4817653708159924
