times:
  edit-metadata: 1.6363252997398376
  landing: 1.0024152137339115
  view-data: 127.4081438742578
