times:
  edit-metadata: 1.4122559300158173
  landing: 0.778614830924198
  view-data: 3.364799150964245
