times:
  edit-metadata: 1.5047269016504288
  landing: 0.6993638463318348
  view-data: 3.4213614743202925
