times:
  edit-metadata: 1.5544093772768974
  landing: 0.9640901908278465
  view-data: 3.435741174966097
