times:
  edit-metadata: 1.4977467879652977
  landing: 0.8934754449874163
  view-data: 3.4365899432450533
