times:
  edit-metadata: 1.2653269480215386
  landing: 0.810746809002012
  view-data: 3.360381301958114
