times:
  edit-metadata: 1.7356840400025249
  landing: 0.9911294393241405
  view-data: 3.459218262694776
