times:
  edit-metadata: 1.2497631711885333
  landing: 0.8564339429140091
  view-data: 3.3131404807791114
