times:
  edit-metadata: 1.326370706781745
  landing: 0.7610255535691977
  view-data: 3.3012250643223524
