times:
  edit-metadata: 1.6506907846778631
  landing: 1.1397566571831703
  view-data: 3.3968196865171194
