times:
  edit-metadata: 0.740677182096988
  landing: 0.05222167097963393
  view-data: 0.24402960506267846
