times:
  edit-metadata: 1.164986653951928
  landing: 0.8465446690097451
  view-data: 3.385478868847713
