times:
  edit-metadata: 1.6020223200321198
  landing: 1.0110702943056822
  view-data: 3.4546179911121726
