times:
  edit-metadata: 1.5083390139043331
  landing: 0.9681187346577644
  view-data: 3.3375607542693615
