times:
  edit-metadata: 1.607671508565545
  landing: 0.7130089625716209
  view-data: 3.3983460403978825
