times:
  edit-metadata: 2.1327537782490253
  landing: 1.1092496616765857
  view-data: 3.372983615845442
