times:
  edit-metadata: 1.2085984100122005
  landing: 0.20190941297914833
  view-data: 0.23401970701524988
