times:
  edit-metadata: 1.6458203345537186
  landing: 0.8776041567325592
  view-data: 3.3202378191053867
