times:
  edit-metadata: 0.740134215913713
  landing: 0.04656641185283661
  view-data: 0.27413510205224156
