times:
  edit-metadata: 1.1460105013102293
  landing: 0.7092005889862776
  view-data: 3.385614186525345
