times:
  edit-metadata: 1.6386602781713009
  landing: 0.9251970164477825
  view-data: 3.4623561166226864
