times:
  edit-metadata: 1.6335583291947842
  landing: 1.01632134988904
  view-data: 3.3269004859030247
