times:
  edit-metadata: 0.6585127729922533
  landing: 0.04770056705456227
  view-data: 0.36015646799933165
