times:
  edit-metadata: 1.3824057877063751
  landing: 0.9161128550767899
  view-data: 3.3647639490664005
