times:
  edit-metadata: 1.4878080263733864
  landing: 0.7446365244686604
  view-data: 3.600199928507209
