times:
  edit-metadata: 1.4569657072424889
  landing: 1.0285252816975117
  view-data: 3.370453018695116
