times:
  edit-metadata: 1.512527581071481
  landing: 1.0252891180571169
  view-data: 3.5675943340174854
