times:
  edit-metadata: 1.42748636379838
  landing: 1.0132730416953564
  view-data: 3.405699420720339
