times:
  edit-metadata: 1.4669967787340283
  landing: 0.825450949370861
  view-data: 3.4165188865736127
