times:
  edit-metadata: 1.6290079317986965
  landing: 0.949427880346775
  view-data: 3.381629515439272
