times:
  edit-metadata: 1.4710597563534975
  landing: 0.8467472698539495
  view-data: 3.3225129544734955
