times:
  edit-metadata: 1.5090225338935852
  landing: 0.7969931028783321
  view-data: 3.3721530474722385
