times:
  edit-metadata: 1.4376095049083233
  landing: 0.8332872167229652
  view-data: 3.3191929645836353
