times:
  edit-metadata: 1.6289855353534222
  landing: 1.2316240258514881
  view-data: 3.4538914561271667
