times:
  edit-metadata: 1.4801377598196268
  landing: 0.8100440800189972
  view-data: 3.3086512610316277
