times:
  edit-metadata: 1.3434753119945526
  landing: 0.9357444681227207
  view-data: 3.6201946064829826
