times:
  edit-metadata: 1.55698636546731
  landing: 0.7591496706008911
  view-data: 3.4057214111089706
