times:
  edit-metadata: 1.3065831980202347
  landing: 0.7542111701332033
  view-data: 3.2863451088778675
