times:
  edit-metadata: 0.6941530769690871
  landing: 0.048272934975102544
  view-data: 0.23323472600895911
