times:
  edit-metadata: 1.7323539517819881
  landing: 1.216232204809785
  view-data: 3.4451360553503036
