times:
  edit-metadata: 1.3710084408521652
  landing: 0.7645735703408718
  view-data: 3.2598173767328262
