times:
  edit-metadata: 1.624984983354807
  landing: 1.0031647365540266
  view-data: 3.4622233789414167
