times:
  edit-metadata: 1.314124726690352
  landing: 0.7528721811249852
  view-data: 3.4119504932314157
