times:
  edit-metadata: 1.6015447694808245
  landing: 0.9899197090417147
  view-data: 3.4513830598443747
