times:
  edit-metadata: 1.5952634029090405
  landing: 1.1446050964295864
  view-data: 3.4006790220737457
