times:
  edit-metadata: 1.5560489976778626
  landing: 1.0888447468169034
  view-data: 3.316829571966082
