times:
  edit-metadata: 1.7965035811066628
  landing: 1.0231721196323633
  view-data: 3.3691551238298416
