times:
  edit-metadata: 1.4376440457999706
  landing: 0.7614977611228824
  view-data: 3.32885804772377
