times:
  edit-metadata: 1.3286720588803291
  landing: 0.8356226719915867
  view-data: 3.351143404841423
