times:
  edit-metadata: 1.312109777936712
  landing: 1.24420509301126
  view-data: 3.4288477799855173
