times:
  edit-metadata: 1.5267285113222897
  landing: 0.7999072358943522
  view-data: 3.519591378979385
