times:
  edit-metadata: 0.7185102279763669
  landing: 0.04768176202196628
  view-data: 0.21876794897252694
