times:
  edit-metadata: 1.4848319478332996
  landing: 0.8379004616290331
  view-data: 3.3407529313117266
