times:
  edit-metadata: 1.4615549724549055
  landing: 0.7713863160461187
  view-data: 3.4896507151424885
