times:
  edit-metadata: 1.3885502554476261
  landing: 0.8324388973414898
  view-data: 3.2877981550991535
