times:
  edit-metadata: 1.7038654740899801
  landing: 0.9653902463614941
  view-data: 3.437753263860941
