times:
  edit-metadata: 1.4514777176082134
  landing: 0.8822646029293537
  view-data: 3.359451323747635
