times:
  edit-metadata: 0.6717601069249213
  landing: 0.05042916117236018
  view-data: 0.23228650679811835
