times:
  edit-metadata: 1.5947746485471725
  landing: 0.9559652246534824
  view-data: 3.3919851407408714
