times:
  edit-metadata: 1.5609210170805454
  landing: 1.1245036721229553
  view-data: 3.4440236501395702
