times:
  edit-metadata: 1.4657185301184654
  landing: 0.7134746462106705
  view-data: 3.366898536682129
