times:
  edit-metadata: 1.463489769026637
  landing: 0.8019411284476519
  view-data: 3.3614144697785378
