times:
  edit-metadata: 1.6289743147790432
  landing: 0.9732349440455437
  view-data: 3.3284452110528946
