times:
  edit-metadata: 1.2543662460520864
  landing: 0.7519300784915686
  view-data: 3.544270409271121
