times:
  edit-metadata: 0.6903173946775496
  landing: 0.058401988819241524
  view-data: 0.21854192903265357
