times:
  edit-metadata: 1.765049071982503
  landing: 1.2519183531403542
  view-data: 3.3980940878391266
