times:
  edit-metadata: 1.431439807638526
  landing: 0.7953690774738789
  view-data: 3.3429047875106335
