times:
  edit-metadata: 1.4329374060034752
  landing: 0.8419044781476259
  view-data: 3.5758196152746677
