times:
  edit-metadata: 1.5217012139037251
  landing: 0.8365738494321704
  view-data: 3.2919685347005725
