times:
  edit-metadata: 1.7328576855361462
  landing: 1.1145055405795574
  view-data: 3.497997771948576
