times:
  edit-metadata: 1.3731684640515596
  landing: 0.8142788771074265
  view-data: 3.3104991340078413
