times:
  edit-metadata: 0.6824766369536519
  landing: 0.06721646315418184
  view-data: 0.25863262289203703
