times:
  edit-metadata: 1.4816818237304688
  landing: 0.7589171268045902
  view-data: 3.6375933792442083
