times:
  edit-metadata: 1.4580177627503872
  landing: 1.052878264337778
  view-data: 3.3595749624073505
