times:
  edit-metadata: 1.5410958006978035
  landing: 0.8379939086735249
  view-data: 3.3293411266058683
