times:
  edit-metadata: 1.5098152607679367
  landing: 0.8778091073036194
  view-data: 3.449357470497489
