times:
  edit-metadata: 1.4163529239594936
  landing: 0.8411206640303135
  view-data: 3.306202545762062
