times:
  edit-metadata: 0.6784051191061735
  landing: 0.04924405599012971
  view-data: 0.2350603137165308
