times:
  edit-metadata: 0.6830124589978368
  landing: 0.049484974006190896
  view-data: 0.23246651999943424
