times:
  edit-metadata: 0.6748332579154521
  landing: 0.0482521231751889
  view-data: 0.2239642220083624
