times:
  edit-metadata: 1.5268320553004742
  landing: 0.8951054643839598
  view-data: 3.4153973013162613
