times:
  edit-metadata: 1.48378252889961
  landing: 0.7730666440911591
  view-data: 3.40506848692894
