times:
  edit-metadata: 1.3390287421643734
  landing: 0.9277822813019156
  view-data: 3.4492045640945435
