times:
  edit-metadata: 1.4693015664815903
  landing: 0.7993140779435635
  view-data: 3.304448828101158
