times:
  edit-metadata: 1.389159005950205
  landing: 0.9734066220698878
  view-data: 3.333447798038833
