times:
  edit-metadata: 1.4358120821416378
  landing: 0.7430048959795386
  view-data: 3.2447220750618726
