times:
  edit-metadata: 1.5610505230724812
  landing: 1.1063843667507172
  view-data: 3.3813964612782
