times:
  edit-metadata: 1.6862918995320797
  landing: 0.8153997771441936
  view-data: 3.3053019046783447
