times:
  edit-metadata: 1.4221918396651745
  landing: 0.8322092220187187
  view-data: 3.4291579872369766
