times:
  edit-metadata: 1.5582343600690365
  landing: 0.9225440211594105
  view-data: 3.390845648944378
