times:
  edit-metadata: 1.3105275547131896
  landing: 1.0426013958640397
  view-data: 3.338399366941303
