times:
  edit-metadata: 0.6534278467297554
  landing: 0.06844000285491347
  view-data: 0.2423061477020383
