times:
  edit-metadata: 1.3876651348546147
  landing: 0.8399709770455956
  view-data: 3.318787910975516
