times:
  edit-metadata: 1.4921066872775555
  landing: 0.7917596511542797
  view-data: 3.3788728322833776
