times:
  edit-metadata: 1.9291808158159256
  landing: 1.1179592590779066
  view-data: 3.5757272616028786
