times:
  edit-metadata: 0.7285204560030252
  landing: 0.04618535004556179
  view-data: 0.22840010398067534
