times:
  edit-metadata: 1.490623813122511
  landing: 1.0563371442258358
  view-data: 3.3706423938274384
