times:
  edit-metadata: 0.6983432359993458
  landing: 0.05106089694891125
  view-data: 0.22563573298975825
