times:
  edit-metadata: 1.500828355550766
  landing: 0.9448009505867958
  view-data: 3.3659144453704357
