times:
  edit-metadata: 1.335700472816825
  landing: 1.0670131780207157
  view-data: 3.357087744399905
