times:
  edit-metadata: 1.361890222877264
  landing: 0.9450719803571701
  view-data: 3.3415257558226585
