times:
  edit-metadata: 1.516656357795
  landing: 0.9639995954930782
  view-data: 3.39253044500947
