times:
  edit-metadata: 0.6551644392311573
  landing: 0.05613416898995638
  view-data: 0.3474720800295472
