times:
  edit-metadata: 1.4373698271811008
  landing: 0.7762831300497055
  view-data: 3.3469602558761835
