times:
  edit-metadata: 1.483647234737873
  landing: 0.7723934110254049
  view-data: 3.294144632294774
