times:
  edit-metadata: 1.572276022285223
  landing: 0.7274762857705355
  view-data: 3.370841110125184
