times:
  edit-metadata: 1.4354251474142075
  landing: 0.9965825900435448
  view-data: 3.5830758325755596
