times:
  edit-metadata: 1.4306492060422897
  landing: 0.7593757249414921
  view-data: 3.5310554644092917
