times:
  edit-metadata: 0.5293541590217501
  landing: 0.059761242009699345
  view-data: 0.2476766079198569
