times:
  edit-metadata: 1.2791858918499202
  landing: 0.7402879239525646
  view-data: 3.350051739020273
