times:
  edit-metadata: 1.496218042448163
  landing: 0.7988453432917595
  view-data: 3.3504181671887636
