times:
  edit-metadata: 1.526986127719283
  landing: 0.7722999565303326
  view-data: 3.4124650601297617
