times:
  edit-metadata: 1.1855230461806059
  landing: 0.7734762076288462
  view-data: 3.3029440976679325
