times:
  edit-metadata: 3.5177311152219772
  landing: 1.080696426331997
  view-data: 3.3910540714859962
