times:
  edit-metadata: 0.5178658489603549
  landing: 0.05216636206023395
  view-data: 0.2109682308509946
