times:
  edit-metadata: 1.4390356447547674
  landing: 0.7673396430909634
  view-data: 3.340461529791355
