times:
  edit-metadata: 0.7023751720553264
  landing: 0.052469247952103615
  view-data: 0.226278816931881
