times:
  edit-metadata: 1.6389914602041245
  landing: 1.0236734226346016
  view-data: 3.3378545865416527
