times:
  edit-metadata: 0.7266576380934566
  landing: 0.04847658006474376
  view-data: 0.24043151084333658
