times:
  edit-metadata: 1.9374656728468835
  landing: 1.203589241951704
  view-data: 3.503395809326321
