times:
  edit-metadata: 1.4260849934071302
  landing: 0.8843076042830944
  view-data: 3.3294601440429688
