times:
  edit-metadata: 1.4564842246472836
  landing: 0.7617804184556007
  view-data: 3.373135471716523
