times:
  edit-metadata: 1.3869557343423367
  landing: 0.8807215243577957
  view-data: 3.3889021798968315
