times:
  edit-metadata: 1.5171530842781067
  landing: 0.9417585171759129
  view-data: 3.426874555647373
