times:
  edit-metadata: 1.4371386598795652
  landing: 0.9517928957939148
  view-data: 3.391601111739874
