times:
  edit-metadata: 1.514500173740089
  landing: 0.7890493525192142
  view-data: 3.317787013016641
