times:
  edit-metadata: 0.6869296981021762
  landing: 0.04612174490466714
  view-data: 0.22091497806832194
