times:
  edit-metadata: 1.5624957606196404
  landing: 0.8725917972624302
  view-data: 3.3986086808145046
