times:
  edit-metadata: 1.2379119601100683
  landing: 0.8198629394173622
  view-data: 3.441589592024684
