times:
  edit-metadata: 1.4048322830349207
  landing: 0.7381477579474449
  view-data: 3.3439913149923086
