times:
  edit-metadata: 1.3391921343281865
  landing: 1.063472875393927
  view-data: 3.307256036438048
