times:
  edit-metadata: 1.5047875922173262
  landing: 0.7813320029526949
  view-data: 3.3734729140996933
