times:
  edit-metadata: 1.4406159009085968
  landing: 0.7229726830264553
  view-data: 3.3776176440296695
