times:
  edit-metadata: 1.4628296606242657
  landing: 0.7779909148812294
  view-data: 3.3468802496790886
