times:
  edit-metadata: 1.5906980484724045
  landing: 0.8929989896714687
  view-data: 3.381095327436924
