times:
  edit-metadata: 0.6770497639663517
  landing: 0.05706086102873087
  view-data: 0.226478757802397
