times:
  edit-metadata: 1.263499720953405
  landing: 0.8115339379291981
  view-data: 3.2522958698682487
