times:
  edit-metadata: 0.6794068356975913
  landing: 0.051483450923115015
  view-data: 0.2321788021363318
