times:
  edit-metadata: 1.5387055464088917
  landing: 1.0311683043837547
  view-data: 3.403846189379692
