times:
  edit-metadata: 1.3544735368341208
  landing: 0.8933908008038998
  view-data: 3.340980786830187
