times:
  edit-metadata: 1.454531957861036
  landing: 0.7975267712026834
  view-data: 3.3286469881422818
