times:
  edit-metadata: 1.327074784785509
  landing: 0.8941221460700035
  view-data: 3.2983946427702904
