times:
  edit-metadata: 1.5017988793551922
  landing: 0.9654246121644974
  view-data: 3.402875702828169
