times:
  edit-metadata: 1.4758745804429054
  landing: 1.3288139030337334
  view-data: 3.396362687461078
