times:
  edit-metadata: 0.6837107129977085
  landing: 0.04716539499349892
  view-data: 0.21801237895851955
