times:
  edit-metadata: 1.6621191995218396
  landing: 0.8714158469811082
  view-data: 3.3393750824034214
