times:
  edit-metadata: 1.3579218871891499
  landing: 0.7851215116679668
  view-data: 3.3049794919788837
