times:
  edit-metadata: 1.6296595484018326
  landing: 1.1153784319758415
  view-data: 3.3429717645049095
