times:
  edit-metadata: 1.459011035040021
  landing: 0.8148886915296316
  view-data: 3.375957738608122
