times:
  edit-metadata: 1.579519361257553
  landing: 0.9427251443266869
  view-data: 3.5748669430613518
