times:
  edit-metadata: 1.9176038801670074
  landing: 1.143397979438305
  view-data: 3.387422539293766
