times:
  edit-metadata: 1.3543843161314726
  landing: 0.8895666394382715
  view-data: 3.307132882066071
