times:
  edit-metadata: 0.6863408689969219
  landing: 0.07489375403383747
  view-data: 0.25747642101487145
