times:
  edit-metadata: 1.8769510416314006
  landing: 1.1363518266007304
  view-data: 3.38059476390481
