times:
  edit-metadata: 0.6695426050573587
  landing: 0.04931289586238563
  view-data: 0.34895251085981727
