times:
  edit-metadata: 0.6845484609948471
  landing: 0.06128930195700377
  view-data: 0.24038024607580155
