times:
  edit-metadata: 1.3669795915484428
  landing: 0.8733543213456869
  view-data: 3.4492584597319365
