times:
  edit-metadata: 2.425226077437401
  landing: 1.4553199596703053
  view-data: 3.611254431307316
