times:
  edit-metadata: 1.3969823271036148
  landing: 0.8696169517934322
  view-data: 3.3418021090328693
