times:
  edit-metadata: 1.4240579344332218
  landing: 0.9246722608804703
  view-data: 3.3713906593620777
