times:
  edit-metadata: 1.3126566791906953
  landing: 0.8414866565726697
  view-data: 3.3372343769297004
