times:
  edit-metadata: 0.6737165070371702
  landing: 0.05691165407188237
  view-data: 0.22639505402185023
