times:
  edit-metadata: 0.6875506220385432
  landing: 0.04850683198310435
  view-data: 0.23338394204620272
