times:
  edit-metadata: 1.5960022620856762
  landing: 0.8633848503232002
  view-data: 3.385700646787882
