times:
  edit-metadata: 1.4152250029146671
  landing: 0.8439569100737572
  view-data: 3.2934353314340115
