times:
  edit-metadata: 1.5150636630132794
  landing: 0.928665712941438
  view-data: 3.3388069950742647
