times:
  edit-metadata: 1.5510681262239814
  landing: 1.07869725022465
  view-data: 3.338360865600407
