times:
  edit-metadata: 1.5506783463060856
  landing: 1.0549435690045357
  view-data: 3.4853973910212517
