times:
  edit-metadata: 1.5566785857081413
  landing: 1.1004759073257446
  view-data: 3.4112121984362602
