times:
  edit-metadata: 1.3432807810604572
  landing: 0.7984412871301174
  view-data: 3.2670595794916153
