times:
  edit-metadata: 1.3607520088553429
  landing: 0.7970831505954266
  view-data: 3.319629978388548
