times:
  edit-metadata: 1.4744178354740143
  landing: 1.06298952922225
  view-data: 3.378921501338482
