times:
  edit-metadata: 1.7778282072395086
  landing: 0.9781671538949013
  view-data: 3.357130976393819
