times:
  edit-metadata: 1.4040318671613932
  landing: 0.8325942461378872
  view-data: 3.443783729802817
