times:
  edit-metadata: 1.4936219025403261
  landing: 0.7770094387233257
  view-data: 3.3558376524597406
