times:
  edit-metadata: 1.3572850972414017
  landing: 1.050635252147913
  view-data: 3.3855463042855263
