times:
  edit-metadata: 1.680728073231876
  landing: 0.8658066960051656
  view-data: 3.3727974696084857
