times:
  edit-metadata: 1.3784799799323082
  landing: 1.0195457264780998
  view-data: 3.4980476535856724
