times:
  edit-metadata: 1.540457452996634
  landing: 0.9203624670626596
  view-data: 3.4759740519803017
