times:
  edit-metadata: 1.4835683680139482
  landing: 0.8336515403352678
  view-data: 3.4432647167705
