times:
  edit-metadata: 1.5206632874906063
  landing: 0.7436322178691626
  view-data: 3.416696233674884
