times:
  edit-metadata: 0.6915655727498233
  landing: 0.05104220472276211
  view-data: 0.2178743276745081
