times:
  edit-metadata: 1.4296195209026337
  landing: 0.9327565468847752
  view-data: 3.3697977755218744
