times:
  edit-metadata: 1.7980439867824316
  landing: 0.8289690362289548
  view-data: 3.392870840616524
