times:
  edit-metadata: 1.3789993822574615
  landing: 0.8013602718710899
  view-data: 3.4361439011991024
