times:
  edit-metadata: 1.3383420296013355
  landing: 0.8831518404185772
  view-data: 0.5723041668534279
