times:
  edit-metadata: 1.8064254261553288
  landing: 1.2297020833939314
  view-data: 3.412407682277262
