times:
  edit-metadata: 1.5273412447422743
  landing: 0.9055824596434832
  view-data: 3.293077187612653
