times:
  edit-metadata: 1.6985699161887169
  landing: 1.1463594511151314
  view-data: 3.4207447469234467
