times:
  edit-metadata: 0.7016140278428793
  landing: 0.05992703209631145
  view-data: 0.22691307589411736
