times:
  edit-metadata: 3.312047131359577
  landing: 1.3696071840822697
  view-data: 3.381995890289545
