times:
  edit-metadata: 0.696557333227247
  landing: 0.15147218899801373
  view-data: 0.24923323700204492
