times:
  edit-metadata: 0.67848353786394
  landing: 0.04773774999193847
  view-data: 0.5046131419949234
