times:
  edit-metadata: 0.6771494809072465
  landing: 0.050824335077777505
  view-data: 0.2436102549545467
