times:
  edit-metadata: 1.8225449789315462
  landing: 0.7863158117979765
  view-data: 3.3207769449800253
