times:
  edit-metadata: 2.4256559684872627
  landing: 1.5208506286144257
  view-data: 3.7287766840308905
