times:
  edit-metadata: 1.5600901283323765
  landing: 0.8561421036720276
  view-data: 3.3413484655320644
