times:
  edit-metadata: 1.585299588739872
  landing: 1.0048279874026775
  view-data: 3.6049500815570354
