times:
  edit-metadata: 1.4185906033962965
  landing: 0.7993554957211018
  view-data: 3.387614216655493
