times:
  edit-metadata: 0.6551106427796185
  landing: 0.08397992886602879
  view-data: 0.22368672024458647
