times:
  edit-metadata: 0.6636798580002505
  landing: 0.04520125998533331
  view-data: 0.24760055498336442
