times:
  edit-metadata: 1.3857854311354458
  landing: 0.7819120981730521
  view-data: 3.3319827942177653
