times:
  edit-metadata: 1.3442967254668474
  landing: 0.7657636553049088
  view-data: 3.4723901618272066
