times:
  edit-metadata: 1.533039677888155
  landing: 0.8811179175972939
  view-data: 3.3857806622982025
