times:
  edit-metadata: 1.6240046881139278
  landing: 0.8086354099214077
  view-data: 3.4212892651557922
