times:
  edit-metadata: 1.5269675715826452
  landing: 0.8729025879874825
  view-data: 3.281885086093098
