times:
  edit-metadata: 1.386769110802561
  landing: 0.8196562249213457
  view-data: 3.3764997110702097
