times:
  edit-metadata: 3.311746623367071
  landing: 1.5618135444819927
  view-data: 3.5992732793092728
