times:
  edit-metadata: 0.6756571268197149
  landing: 0.05964631889946759
  view-data: 0.2357872510328889
