times:
  edit-metadata: 1.222610353026539
  landing: 0.8153047380037606
  view-data: 3.337469874881208
