times:
  edit-metadata: 1.474974824115634
  landing: 0.934692719951272
  view-data: 3.3901991732418537
