times:
  edit-metadata: 0.7079187431372702
  landing: 0.0493595409207046
  view-data: 0.26687196688726544
