times:
  edit-metadata: 1.2587204286828637
  landing: 0.8064714791253209
  view-data: 0.5157848689705133
