times:
  edit-metadata: 1.6096036210656166
  landing: 1.202206525951624
  view-data: 3.371859770268202
