times:
  edit-metadata: 1.5513622350990772
  landing: 1.024593248963356
  view-data: 3.3631474748253822
