times:
  edit-metadata: 1.458312002941966
  landing: 0.8084499407559633
  view-data: 3.3802448147907853
