times:
  edit-metadata: 1.6149610648863018
  landing: 1.0812830803915858
  view-data: 3.386855303775519
