times:
  edit-metadata: 1.7081172838807106
  landing: 0.828227000311017
  view-data: 3.3144008442759514
