times:
  edit-metadata: 1.4736847504973412
  landing: 0.7719261609017849
  view-data: 3.338876850903034
