times:
  edit-metadata: 1.3451497741043568
  landing: 0.9733691848814487
  view-data: 3.302405908703804
