times:
  edit-metadata: 1.3217943627387285
  landing: 0.8403243301436305
  view-data: 4.1960838083177805
