times:
  edit-metadata: 1.4739774707704782
  landing: 0.8434466579928994
  view-data: 3.3414147924631834
