times:
  edit-metadata: 2.018569987267256
  landing: 1.5381132401525974
  view-data: 3.350277304649353
