times:
  edit-metadata: 1.4587171077728271
  landing: 0.9531434290111065
  view-data: 3.645547166466713
