times:
  edit-metadata: 0.7151668469887227
  landing: 0.05442555597983301
  view-data: 0.28227753611281514
