times:
  edit-metadata: 1.395076084882021
  landing: 0.9156615100800991
  view-data: 3.342940468341112
