times:
  edit-metadata: 1.4036245038732886
  landing: 0.8620529810432345
  view-data: 3.262473542941734
