times:
  edit-metadata: 1.6203252226114273
  landing: 0.9351113103330135
  view-data: 3.3934762850403786
