times:
  edit-metadata: 2.1155917239375412
  landing: 1.1436360646039248
  view-data: 3.299711163621396
