times:
  edit-metadata: 0.6772443500813097
  landing: 0.049161838134750724
  view-data: 0.23429365502670407
