times:
  edit-metadata: 1.8221254125237465
  landing: 1.0945078013464808
  view-data: 3.4951382521539927
