times:
  edit-metadata: 1.4442891608923674
  landing: 0.7992461649700999
  view-data: 3.3320973087102175
