times:
  edit-metadata: 1.2944769789464772
  landing: 0.7284108991734684
  view-data: 3.3515973910689354
