times:
  edit-metadata: 1.3659878373146057
  landing: 0.767235416918993
  view-data: 3.2876207195222378
