times:
  edit-metadata: 1.6740719750523567
  landing: 1.2625843733549118
  view-data: 3.360108472406864
