times:
  edit-metadata: 2.3871315978467464
  landing: 1.1155144926160574
  view-data: 3.428336525335908
