times:
  edit-metadata: 2.5538612119853497
  landing: 1.577075894922018
  view-data: 3.4828306511044502
