times:
  edit-metadata: 1.355492178350687
  landing: 0.9298278950154781
  view-data: 3.3460121266543865
