times:
  edit-metadata: 1.5206653326749802
  landing: 0.9453743640333414
  view-data: 0.601248262450099
