times:
  edit-metadata: 1.4469125419855118
  landing: 0.7779986318200827
  view-data: 3.3322456292808056
