times:
  edit-metadata: 1.4320702515542507
  landing: 0.8677213490009308
  view-data: 3.378108985722065
