times:
  edit-metadata: 1.774144522845745
  landing: 1.0353382639586926
  view-data: 3.3099817261099815
