times:
  edit-metadata: 2.2093907641246915
  landing: 1.0503461947664618
  view-data: 3.290988164022565
