times:
  edit-metadata: 1.514632547274232
  landing: 0.7092099115252495
  view-data: 3.363471455872059
