times:
  edit-metadata: 1.4792751828208566
  landing: 0.7671457333490252
  view-data: 3.432681566104293
