times:
  edit-metadata: 0.6979940449818969
  landing: 0.05442277598194778
  view-data: 0.3749632150866091
