times:
  edit-metadata: 1.5365900192409754
  landing: 0.8786079622805119
  view-data: 3.334826063364744
