times:
  edit-metadata: 0.6751073810155503
  landing: 0.04756144300336018
  view-data: 0.3476001620001625
