times:
  edit-metadata: 2.617521584033966
  landing: 1.2256068736314774
  view-data: 3.693154625594616
