times:
  edit-metadata: 1.4940999895334244
  landing: 1.052647776901722
  view-data: 3.5415575057268143
