times:
  edit-metadata: 1.5597077310085297
  landing: 0.9629143867641687
  view-data: 3.3944795727729797
