times:
  edit-metadata: 1.64779416564852
  landing: 0.8392640091478825
  view-data: 3.3677305560559034
