times:
  edit-metadata: 1.52908568456769
  landing: 0.9980681389570236
  view-data: 3.409677892923355
