times:
  edit-metadata: 0.6889211329980753
  landing: 0.0527847419725731
  view-data: 0.23706763301743194
