times:
  edit-metadata: 1.4186807572841644
  landing: 0.804121058434248
  view-data: 3.3509960807859898
