times:
  edit-metadata: 1.6696408921852708
  landing: 0.9360570637509227
  view-data: 3.5018089190125465
