times:
  edit-metadata: 1.4307238534092903
  landing: 0.7558540552854538
  view-data: 3.298062764108181
