times:
  edit-metadata: 1.517595893703401
  landing: 1.0359475025907159
  view-data: 3.49172290507704
