times:
  edit-metadata: 1.4387941369786859
  landing: 0.8363874154165387
  view-data: 3.37317215744406
