times:
  edit-metadata: 1.3965259827673435
  landing: 0.9759025722742081
  view-data: 3.317011743783951
