times:
  edit-metadata: 2.348339132964611
  landing: 1.7040383592247963
  view-data: 4.313561961054802
