times:
  edit-metadata: 1.4975257813930511
  landing: 0.7439714893698692
  view-data: 3.436334550380707
