times:
  edit-metadata: 1.4415791183710098
  landing: 0.7750065475702286
  view-data: 3.52276698499918
