times:
  edit-metadata: 1.8237302713096142
  landing: 1.1846673600375652
  view-data: 3.3323546685278416
