times:
  edit-metadata: 1.3463444784283638
  landing: 0.7912546023726463
  view-data: 3.2858773060142994
