times:
  edit-metadata: 1.4250210151076317
  landing: 0.7264833152294159
  view-data: 3.491181917488575
