times:
  edit-metadata: 1.3823607414960861
  landing: 0.7971112355589867
  view-data: 3.3803779035806656
