times:
  edit-metadata: 1.327826589345932
  landing: 0.8699676766991615
  view-data: 3.3656693510711193
