times:
  edit-metadata: 1.4537025801837444
  landing: 0.7967091910541058
  view-data: 3.2777149192988873
