times:
  edit-metadata: 1.539834514260292
  landing: 0.7792925536632538
  view-data: 3.395290821790695
