times:
  edit-metadata: 1.4468641802668571
  landing: 0.7086174860596657
  view-data: 3.396369121968746
