times:
  edit-metadata: 1.4121134877204895
  landing: 0.8102403283119202
  view-data: 3.5596238002181053
