times:
  edit-metadata: 1.470600701868534
  landing: 0.8444989696145058
  view-data: 3.786964438855648
