times:
  edit-metadata: 1.3261564299464226
  landing: 0.7733795568346977
  view-data: 3.489766113460064
