times:
  edit-metadata: 1.4155086278915405
  landing: 0.9135032519698143
  view-data: 3.558729112148285
