times:
  edit-metadata: 1.6531626284122467
  landing: 0.8911502733826637
  view-data: 3.3177340403199196
