times:
  edit-metadata: 1.4732459522783756
  landing: 0.885717086493969
  view-data: 3.306964050978422
