times:
  edit-metadata: 1.4759413972496986
  landing: 0.8095199689269066
  view-data: 3.763691872358322
