times:
  edit-metadata: 1.3300903365015984
  landing: 0.7431127429008484
  view-data: 3.4942319244146347
