times:
  edit-metadata: 1.3938440456986427
  landing: 0.7885321006178856
  view-data: 3.549972280859947
