times:
  edit-metadata: 1.4834915176033974
  landing: 0.808916337788105
  view-data: 3.262095518410206
