times:
  edit-metadata: 1.816335253417492
  landing: 1.0097353383898735
  view-data: 3.4579214826226234
