times:
  edit-metadata: 1.4484386816620827
  landing: 0.882882684469223
  view-data: 3.466333292424679
