times:
  edit-metadata: 1.42104160040617
  landing: 0.8062459155917168
  view-data: 3.406214125454426
