times:
  edit-metadata: 1.5059475675225258
  landing: 0.7726878300309181
  view-data: 3.442191503942013
