times:
  edit-metadata: 1.784315600991249
  landing: 1.1736869737505913
  view-data: 3.5548106655478477
