times:
  edit-metadata: 1.401588961482048
  landing: 0.7562918588519096
  view-data: 3.3067614287137985
