times:
  edit-metadata: 1.3571966141462326
  landing: 0.8460893929004669
  view-data: 3.4143840670585632
