times:
  edit-metadata: 1.4571590051054955
  landing: 0.993124857544899
  view-data: 3.565058618783951
