times:
  edit-metadata: 1.4747389182448387
  landing: 0.7267089337110519
  view-data: 3.3935591280460358
