times:
  edit-metadata: 1.3733369559049606
  landing: 1.036002278327942
  view-data: 3.307866223156452
