times:
  edit-metadata: 1.3984598442912102
  landing: 0.9485721439123154
  view-data: 3.5458648577332497
