times:
  edit-metadata: 1.3933902978897095
  landing: 0.8365707322955132
  view-data: 3.2860554233193398
