times:
  edit-metadata: 2.019016832113266
  landing: 1.1148542910814285
  view-data: 3.802987903356552
