times:
  edit-metadata: 1.3787915334105492
  landing: 1.0535717085003853
  view-data: 3.370632763952017
