times:
  edit-metadata: 1.3987183682620525
  landing: 0.8175234906375408
  view-data: 3.3046690225601196
