times:
  edit-metadata: 1.4135082364082336
  landing: 0.7697622403502464
  view-data: 3.366194784641266
