times:
  edit-metadata: 1.4983845800161362
  landing: 0.9896886423230171
  view-data: 3.370805874466896
