times:
  edit-metadata: 1.4554792679846287
  landing: 0.897948145866394
  view-data: 3.3982850275933743
