times:
  edit-metadata: 1.411277461796999
  landing: 0.9664380960166454
  view-data: 3.386058669537306
