times:
  edit-metadata: 1.2981190457940102
  landing: 0.8354473412036896
  view-data: 3.4633720591664314
