times:
  edit-metadata: 1.439463447779417
  landing: 1.0597745068371296
  view-data: 3.275741294026375
