times:
  edit-metadata: 1.3084711208939552
  landing: 0.9357569701969624
  view-data: 3.3026245906949043
