times:
  edit-metadata: 1.4307862520217896
  landing: 0.8065953180193901
  view-data: 3.5103597417473793
