times:
  edit-metadata: 1.384304791688919
  landing: 0.8725428655743599
  view-data: 3.344807505607605
