times:
  edit-metadata: 1.5724495574831963
  landing: 0.8486391045153141
  view-data: 3.438007812947035
