times:
  edit-metadata: 1.4089376479387283
  landing: 0.7589714974164963
  view-data: 3.536602310836315
