times:
  edit-metadata: 1.379102822393179
  landing: 0.7638867944478989
  view-data: 3.344208635389805
