times:
  edit-metadata: 1.4869775772094727
  landing: 0.7982650026679039
  view-data: 3.4686384201049805
