times:
  edit-metadata: 1.4375780001282692
  landing: 0.7670862898230553
  view-data: 3.545926533639431
