times:
  edit-metadata: 1.3664905279874802
  landing: 0.8995163403451443
  view-data: 3.31120453029871
