times:
  edit-metadata: 1.3520171716809273
  landing: 0.8402825109660625
  view-data: 3.2479130625724792
