times:
  edit-metadata: 1.474816344678402
  landing: 0.8755722865462303
  view-data: 3.315661210566759
