times:
  edit-metadata: 1.4636493399739265
  landing: 0.82328936830163
  view-data: 3.3504129201173782
