times:
  edit-metadata: 1.3522526770830154
  landing: 0.8063079416751862
  view-data: 3.3596901297569275
