times:
  edit-metadata: 1.452141486108303
  landing: 0.9273693487048149
  view-data: 3.4714309498667717
