times:
  edit-metadata: 1.3831103704869747
  landing: 0.8009154386818409
  view-data: 3.282489374279976
