times:
  edit-metadata: 1.344228107482195
  landing: 0.8269348964095116
  view-data: 3.3120567202568054
