times:
  edit-metadata: 1.3774925135076046
  landing: 0.8982388339936733
  view-data: 3.2605258338153362
