times:
  edit-metadata: 1.424289595335722
  landing: 0.8192405067384243
  view-data: 3.387574326246977
