times:
  edit-metadata: 1.89371919631958
  landing: 0.8147445619106293
  view-data: 3.7587177753448486
