times:
  edit-metadata: 1.4698178507387638
  landing: 0.8223195262253284
  view-data: 3.289064858108759
