times:
  edit-metadata: 1.729610837996006
  landing: 1.118233036249876
  view-data: 3.3533773608505726
