times:
  edit-metadata: 1.9056508913636208
  landing: 1.1431061699986458
  view-data: 3.372230138629675
