times:
  edit-metadata: 1.3795987218618393
  landing: 0.8018411919474602
  view-data: 3.534777596592903
