times:
  edit-metadata: 1.7005347087979317
  landing: 0.7933517172932625
  view-data: 3.2972036749124527
