times:
  edit-metadata: 2.0756438821554184
  landing: 1.2369615584611893
  view-data: 3.4204901456832886
