times:
  edit-metadata: 1.386595942080021
  landing: 0.7801107466220856
  view-data: 3.6997797936201096
