times:
  edit-metadata: 1.4968147948384285
  landing: 0.9321071803569794
  view-data: 3.570638284087181
