times:
  edit-metadata: 1.4064592905342579
  landing: 0.7765481546521187
  view-data: 3.2716898396611214
