times:
  edit-metadata: 1.4394086450338364
  landing: 0.8402970097959042
  view-data: 3.341560561209917
