times:
  edit-metadata: 1.3797796666622162
  landing: 0.7618890628218651
  view-data: 3.3709661960601807
