times:
  edit-metadata: 1.5179937854409218
  landing: 1.0373168662190437
  view-data: 3.3276403918862343
