times:
  edit-metadata: 1.451883651316166
  landing: 0.9044551774859428
  view-data: 3.586387626826763
