times:
  edit-metadata: 1.5737635716795921
  landing: 0.8605684340000153
  view-data: 3.472593314945698
