times:
  edit-metadata: 1.468886911869049
  landing: 0.9598796963691711
  view-data: 3.544379845261574
