times:
  edit-metadata: 1.424668811261654
  landing: 0.7516216784715652
  view-data: 3.2987911850214005
