times:
  edit-metadata: 1.5854373909533024
  landing: 0.8575404323637486
  view-data: 3.3201444782316685
