times:
  edit-metadata: 1.4239901006221771
  landing: 0.8519918099045753
  view-data: 3.370264947414398
