times:
  edit-metadata: 1.4418781846761703
  landing: 0.8625083714723587
  view-data: 3.352329198271036
