times:
  edit-metadata: 1.3599690794944763
  landing: 0.7072386667132378
  view-data: 3.5400577932596207
