times:
  edit-metadata: 1.407144419848919
  landing: 0.7586018741130829
  view-data: 3.418032631278038
