times:
  edit-metadata: 1.711343839764595
  landing: 1.2012419886887074
  view-data: 3.3294183164834976
