times:
  edit-metadata: 1.413262039422989
  landing: 0.8736112266778946
  view-data: 3.433291256427765
