times:
  edit-metadata: 1.2837685123085976
  landing: 0.8598114997148514
  view-data: 3.4431810453534126
