times:
  edit-metadata: 1.4758562110364437
  landing: 0.8564802743494511
  view-data: 3.335775312036276
