times:
  edit-metadata: 1.407168209552765
  landing: 0.6938208416104317
  view-data: 3.551578663289547
