times:
  edit-metadata: 1.4852804094552994
  landing: 0.879793182015419
  view-data: 3.31564898788929
