times:
  edit-metadata: 1.3912885710597038
  landing: 0.8538983464241028
  view-data: 3.333774033933878
