times:
  edit-metadata: 1.5699295103549957
  landing: 0.8945547565817833
  view-data: 3.4442538917064667
