times:
  edit-metadata: 1.6247174963355064
  landing: 1.200280338525772
  view-data: 3.328665606677532
