times:
  edit-metadata: 1.603619784116745
  landing: 0.8736425489187241
  view-data: 3.5623999536037445
