times:
  edit-metadata: 1.336789220571518
  landing: 0.8116464093327522
  view-data: 3.335139863193035
