times:
  edit-metadata: 1.4473294094204903
  landing: 0.7171456292271614
  view-data: 3.5008967891335487
