times:
  edit-metadata: 1.436518244445324
  landing: 0.8269036561250687
  view-data: 3.3309378921985626
