times:
  edit-metadata: 1.3046197444200516
  landing: 0.8971197456121445
  view-data: 3.4253565296530724
