times:
  edit-metadata: 1.7489588856697083
  landing: 1.4716378450393677
  view-data: 3.3358041308820248
