times:
  edit-metadata: 1.3962912634015083
  landing: 0.8229380324482918
  view-data: 3.285371221601963
