times:
  edit-metadata: 1.495804712176323
  landing: 0.8664092049002647
  view-data: 3.3685261458158493
