times:
  edit-metadata: 1.4507168978452682
  landing: 0.8698733597993851
  view-data: 3.5089087188243866
