times:
  edit-metadata: 1.4143476337194443
  landing: 0.8604965955018997
  view-data: 3.4718863293528557
