times:
  edit-metadata: 1.420717902481556
  landing: 0.7907905578613281
  view-data: 3.594158060848713
