times:
  edit-metadata: 1.4448538310825825
  landing: 0.8547353632748127
  view-data: 3.391934886574745
