times:
  edit-metadata: 1.4583983570337296
  landing: 0.8170937299728394
  view-data: 3.573840767145157
