times:
  edit-metadata: 1.34094800055027
  landing: 0.7736634463071823
  view-data: 3.501231074333191
