times:
  edit-metadata: 1.4065335020422935
  landing: 0.7534093633294106
  view-data: 3.426381379365921
