times:
  edit-metadata: 1.3955515585839748
  landing: 0.78971366584301
  view-data: 3.305770993232727
