times:
  edit-metadata: 1.5095437541604042
  landing: 0.7734867483377457
  view-data: 3.499203361570835
