times:
  edit-metadata: 1.541206769645214
  landing: 0.9430548548698425
  view-data: 3.496517539024353
