times:
  edit-metadata: 1.7615577094256878
  landing: 1.1212411411106586
  view-data: 3.325622506439686
