times:
  edit-metadata: 1.357006922364235
  landing: 0.865344688296318
  view-data: 3.3394244015216827
