times:
  edit-metadata: 1.4571689069271088
  landing: 0.8098783418536186
  view-data: 3.3118420392274857
