times:
  edit-metadata: 2.1878639720380306
  landing: 1.1808627843856812
  view-data: 3.419116046279669
