times:
  edit-metadata: 1.4969282150268555
  landing: 0.7415310516953468
  view-data: 3.4347516894340515
