times:
  edit-metadata: 1.4608839452266693
  landing: 0.7510539814829826
  view-data: 3.5458993539214134
