times:
  edit-metadata: 1.4303988926112652
  landing: 0.8607003539800644
  view-data: 3.3872015438973904
