times:
  edit-metadata: 1.4269757494330406
  landing: 0.8103680722415447
  view-data: 3.372170891612768
