times:
  edit-metadata: 1.4910086207091808
  landing: 0.887172769755125
  view-data: 3.366702411323786
