times:
  edit-metadata: 1.4363617151975632
  landing: 0.780316136777401
  view-data: 3.5155949741601944
