times:
  edit-metadata: 1.5842239074409008
  landing: 0.9483482055366039
  view-data: 3.2989516928792
