times:
  edit-metadata: 1.5238678008317947
  landing: 0.8200684040784836
  view-data: 3.253848899155855
