times:
  edit-metadata: 1.4390218034386635
  landing: 0.8153122738003731
  view-data: 3.497938223183155
