times:
  edit-metadata: 1.4941090941429138
  landing: 0.7401368916034698
  view-data: 3.313998766243458
