times:
  edit-metadata: 1.315395526587963
  landing: 0.793994165956974
  view-data: 3.525946244597435
