times:
  edit-metadata: 1.4278105944395065
  landing: 0.8441784083843231
  view-data: 3.321729362010956
