times:
  edit-metadata: 1.4550939202308655
  landing: 0.7976004183292389
  view-data: 3.581206016242504
