times:
  edit-metadata: 1.429765947163105
  landing: 0.818117044866085
  view-data: 3.4078899547457695
