times:
  edit-metadata: 1.4812137074768543
  landing: 0.8501384891569614
  view-data: 3.396318443119526
