times:
  edit-metadata: 1.3842317461967468
  landing: 0.8248507305979729
  view-data: 3.5379349142313004
