times:
  edit-metadata: 1.4728261455893517
  landing: 0.7477364987134933
  view-data: 3.5413862615823746
