times:
  edit-metadata: 1.4365516752004623
  landing: 0.7743361294269562
  view-data: 3.495877720415592
