times:
  edit-metadata: 1.515515297651291
  landing: 0.8340382054448128
  view-data: 3.321739487349987
