times:
  edit-metadata: 1.3274091258645058
  landing: 0.7918954864144325
  view-data: 3.4734750986099243
