times:
  edit-metadata: 1.417276855558157
  landing: 0.7813776507973671
  view-data: 3.3062196895480156
