times:
  edit-metadata: 1.6524875834584236
  landing: 1.0509257912635803
  view-data: 3.3504197001457214
