times:
  edit-metadata: 1.494953952729702
  landing: 0.8855461403727531
  view-data: 3.377110294997692
