times:
  edit-metadata: 1.5372685641050339
  landing: 0.7384845539927483
  view-data: 3.418657034635544
