times:
  edit-metadata: 1.4033550396561623
  landing: 0.957990974187851
  view-data: 3.3294187113642693
