times:
  edit-metadata: 1.469182625412941
  landing: 0.8170094937086105
  view-data: 3.2754090540111065
