times:
  edit-metadata: 2.864761143922806
  landing: 1.4867212399840355
  view-data: 3.4474394768476486
