times:
  edit-metadata: 1.3986374288797379
  landing: 0.7580052316188812
  view-data: 3.4649997279047966
