times:
  edit-metadata: 1.4348139837384224
  landing: 0.9441725388169289
  view-data: 3.2688855938613415
