times:
  edit-metadata: 1.688135489821434
  landing: 0.948292076587677
  view-data: 3.4877722412347794
