times:
  edit-metadata: 1.4201580174267292
  landing: 0.8066200315952301
  view-data: 3.362346775829792
