times:
  edit-metadata: 1.376818723976612
  landing: 0.7880764007568359
  view-data: 3.4753238260746
