times:
  edit-metadata: 1.4204330407083035
  landing: 0.8369453363120556
  view-data: 3.3465413339436054
