times:
  edit-metadata: 1.5155938789248466
  landing: 0.9768467545509338
  view-data: 3.490425117313862
