times:
  edit-metadata: 1.569835837930441
  landing: 0.8587169796228409
  view-data: 3.3001200146973133
