times:
  edit-metadata: 1.3823160901665688
  landing: 0.8848391473293304
  view-data: 3.5023478493094444
