times:
  edit-metadata: 1.3799933642148972
  landing: 0.8690434843301773
  view-data: 3.5224714800715446
