times:
  edit-metadata: 1.5240227058529854
  landing: 0.9659461975097656
  view-data: 3.295758157968521
