times:
  edit-metadata: 1.4933586791157722
  landing: 0.7480241432785988
  view-data: 3.465910069644451
