times:
  edit-metadata: 1.3969239816069603
  landing: 0.7331607565283775
  view-data: 3.341951869428158
