times:
  edit-metadata: 1.3892344534397125
  landing: 0.8096503913402557
  view-data: 3.579541616141796
