times:
  edit-metadata: 1.3558677062392235
  landing: 0.8917764499783516
  view-data: 3.441203512251377
