times:
  edit-metadata: 1.630919385701418
  landing: 1.0994269140064716
  view-data: 3.3554822988808155
