times:
  edit-metadata: 1.4699946120381355
  landing: 0.775732547044754
  view-data: 3.5164824873209
