times:
  edit-metadata: 1.4095216020941734
  landing: 0.7253105118870735
  view-data: 3.4809427931904793
