times:
  edit-metadata: 1.380629949271679
  landing: 0.7903815843164921
  view-data: 3.4201188161969185
