times:
  edit-metadata: 1.3960453532636166
  landing: 0.8018312454223633
  view-data: 3.3545985966920853
