times:
  edit-metadata: 1.404782585799694
  landing: 0.7900483384728432
  view-data: 3.4040052220225334
