times:
  edit-metadata: 2.1250205487012863
  landing: 1.1618880555033684
  view-data: 3.5555118545889854
