times:
  edit-metadata: 1.650797512382269
  landing: 1.249599240720272
  view-data: 3.3141362071037292
