times:
  edit-metadata: 3.8486068844795227
  landing: 1.4812046512961388
  view-data: 3.8138401098549366
