times:
  edit-metadata: 1.5885290801525116
  landing: 1.0324208363890648
  view-data: 3.483208082616329
