times:
  edit-metadata: 1.5994628369808197
  landing: 0.91001907736063
  view-data: 3.409158356487751
