times:
  edit-metadata: 1.5778652764856815
  landing: 0.9747239649295807
  view-data: 3.362732645124197
