times:
  edit-metadata: 1.704160775989294
  landing: 1.1525091342628002
  view-data: 3.3362189270555973
