times:
  edit-metadata: 1.634130984544754
  landing: 0.9069173857569695
  view-data: 3.3089301139116287
