times:
  edit-metadata: 1.6160858795046806
  landing: 1.0058973878622055
  view-data: 3.273536279797554
