times:
  edit-metadata: 1.6185949184000492
  landing: 1.070532489567995
  view-data: 3.334021285176277
