times:
  edit-metadata: 1.6962906569242477
  landing: 1.0478529408574104
  view-data: 3.5104734525084496
