times:
  edit-metadata: 1.7006771266460419
  landing: 1.073068529367447
  view-data: 3.3275196254253387
