times:
  edit-metadata: 1.8095087110996246
  landing: 1.110060479491949
  view-data: 3.313799627125263
