times:
  edit-metadata: 1.627108559012413
  landing: 0.9343095272779465
  view-data: 3.378725528717041
