times:
  edit-metadata: 1.773564137518406
  landing: 1.0016212314367294
  view-data: 3.3808602541685104
