times:
  edit-metadata: 1.5473608896136284
  landing: 0.9501624591648579
  view-data: 3.312096517533064
