times:
  edit-metadata: 1.7281122580170631
  landing: 1.106768161058426
  view-data: 3.2930853068828583
