times:
  edit-metadata: 1.6200569495558739
  landing: 0.9352517649531364
  view-data: 3.393684007227421
