times:
  edit-metadata: 1.5600831359624863
  landing: 0.9255229607224464
  view-data: 3.4420704022049904
