times:
  edit-metadata: 1.5893902033567429
  landing: 0.9133325219154358
  view-data: 3.393570154905319
