times:
  edit-metadata: 1.976176854223013
  landing: 1.2636257596313953
  view-data: 3.36969231069088
