times:
  edit-metadata: 2.408503282815218
  landing: 1.3589560613036156
  view-data: 3.4693202152848244
