times:
  edit-metadata: 2.047424428164959
  landing: 1.176194615662098
  view-data: 3.313475914299488
