times:
  edit-metadata: 2.026104684919119
  landing: 1.555852998048067
  view-data: 3.4490556828677654
