times:
  edit-metadata: 1.6126656867563725
  landing: 0.9891233369708061
  view-data: 3.3345156833529472
