times:
  edit-metadata: 2.1676043272018433
  landing: 1.002664364874363
  view-data: 3.340390533208847
