times:
  edit-metadata: 1.6991815119981766
  landing: 0.9492323398590088
  view-data: 3.5477806627750397
