times:
  edit-metadata: 1.738303817808628
  landing: 0.9971626177430153
  view-data: 3.34940455108881
