times:
  edit-metadata: 1.6955739967525005
  landing: 0.9795547090470791
  view-data: 3.2607976384460926
