times:
  edit-metadata: 2.592649482190609
  landing: 1.669044405221939
  view-data: 3.4189863204956055
