times:
  edit-metadata: 1.813478708267212
  landing: 0.9718369767069817
  view-data: 3.4086816124618053
