times:
  edit-metadata: 1.6910061091184616
  landing: 0.9848030433058739
  view-data: 3.335244484245777
