times:
  edit-metadata: 1.6323726251721382
  landing: 0.994301550090313
  view-data: 3.472689628601074
