times:
  edit-metadata: 1.639059342443943
  landing: 0.9694270566105843
  view-data: 3.4592093601822853
