times:
  edit-metadata: 1.5872681736946106
  landing: 1.0552088618278503
  view-data: 3.41720749437809
