times:
  edit-metadata: 1.5932729206979275
  landing: 0.9994527287781239
  view-data: 3.3915192373096943
