times:
  edit-metadata: 1.696133278310299
  landing: 1.0202073827385902
  view-data: 3.299697518348694
