times:
  edit-metadata: 1.6106356978416443
  landing: 0.9995082430541515
  view-data: 3.3533611483871937
