times:
  edit-metadata: 1.9376514628529549
  landing: 0.9705099537968636
  view-data: 3.554340288043022
