times:
  edit-metadata: 1.7120418064296246
  landing: 1.0579651519656181
  view-data: 3.4328370168805122
