times:
  edit-metadata: 1.8326097056269646
  landing: 0.9882795512676239
  view-data: 3.3134215474128723
