times:
  edit-metadata: 1.9243609756231308
  landing: 1.3408160656690598
  view-data: 3.475072830915451
