times:
  edit-metadata: 1.608965765684843
  landing: 1.0342379733920097
  view-data: 3.3113071732223034
