times:
  edit-metadata: 1.648987926542759
  landing: 0.9226486459374428
  view-data: 3.3700337186455727
