times:
  edit-metadata: 1.656580239534378
  landing: 0.9391737654805183
  view-data: 3.405072443187237
