times:
  edit-metadata: 2.039124123752117
  landing: 1.1379229351878166
  view-data: 3.3931224048137665
