times:
  edit-metadata: 1.7029542215168476
  landing: 1.0207582712173462
  view-data: 3.2940171770751476
