times:
  edit-metadata: 1.9994681105017662
  landing: 1.1853219419717789
  view-data: 3.381695903837681
