times:
  edit-metadata: 1.6490357294678688
  landing: 1.0155598893761635
  view-data: 3.4052006155252457
