times:
  edit-metadata: 2.0604835972189903
  landing: 1.220997877418995
  view-data: 3.4643381759524345
