times:
  edit-metadata: 1.6137680038809776
  landing: 0.9066339805722237
  view-data: 3.4738147631287575
