times:
  edit-metadata: 2.0437573306262493
  landing: 0.9772784560918808
  view-data: 3.3666167557239532
