times:
  edit-metadata: 1.6590769737958908
  landing: 0.9472335129976273
  view-data: 3.4373168647289276
