times:
  edit-metadata: 1.6532574705779552
  landing: 0.8705545216798782
  view-data: 3.3826129361987114
