times:
  edit-metadata: 1.6423500962555408
  landing: 1.2207893505692482
  view-data: 3.3164519406855106
