times:
  edit-metadata: 2.6819141060113907
  landing: 1.5938164293766022
  view-data: 3.5124504566192627
