times:
  edit-metadata: 1.5457908809185028
  landing: 0.959972433745861
  view-data: 3.4217973351478577
