times:
  edit-metadata: 1.7137189395725727
  landing: 0.9901049360632896
  view-data: 3.3354689367115498
