times:
  edit-metadata: 1.6330168768763542
  landing: 1.0049474462866783
  view-data: 3.344391256570816
