times:
  edit-metadata: 1.7300904989242554
  landing: 0.980859249830246
  view-data: 3.350678078830242
