times:
  edit-metadata: 1.6758345514535904
  landing: 0.9006004482507706
  view-data: 3.5197594463825226
