times:
  edit-metadata: 1.5117348432540894
  landing: 0.9480360262095928
  view-data: 3.2505632750689983
