times:
  edit-metadata: 1.6731791943311691
  landing: 1.0793084800243378
  view-data: 3.3516048714518547
