times:
  edit-metadata: 1.6081252247095108
  landing: 1.0205874368548393
  view-data: 3.4851255118846893
