times:
  edit-metadata: 1.647601693868637
  landing: 0.910429835319519
  view-data: 3.327894300222397
