times:
  edit-metadata: 1.6841102614998817
  landing: 0.9535599499940872
  view-data: 3.3625661805272102
