times:
  edit-metadata: 1.5528708770871162
  landing: 0.9534260407090187
  view-data: 3.3496216163039207
