times:
  edit-metadata: 1.5864590108394623
  landing: 0.9003929123282433
  view-data: 3.5126650780439377
