times:
  edit-metadata: 1.7024353966116905
  landing: 1.0814506486058235
  view-data: 3.446777358651161
