times:
  edit-metadata: 1.7378980815410614
  landing: 0.9182620346546173
  view-data: 3.493661917746067
