times:
  edit-metadata: 1.8762866333127022
  landing: 1.1479231491684914
  view-data: 3.443226471543312
