times:
  edit-metadata: 1.727331854403019
  landing: 1.2888603284955025
  view-data: 3.4383329451084137
