times:
  edit-metadata: 1.6006763689219952
  landing: 0.9388917721807957
  view-data: 3.3848705142736435
