times:
  edit-metadata: 1.7724835835397243
  landing: 1.4978808537125587
  view-data: 3.3079562596976757
