times:
  edit-metadata: 2.7426110059022903
  landing: 1.7927688732743263
  view-data: 3.529335729777813
