times:
  edit-metadata: 1.6524371355772018
  landing: 0.9633170925080776
  view-data: 3.3557542487978935
