times:
  edit-metadata: 1.6800760254263878
  landing: 1.0290878787636757
  view-data: 3.331983767449856
