times:
  edit-metadata: 1.6595212332904339
  landing: 1.1067327111959457
  view-data: 3.2785097919404507
