times:
  edit-metadata: 1.5859845243394375
  landing: 0.9063128381967545
  view-data: 3.3044393472373486
