times:
  edit-metadata: 1.5683821961283684
  landing: 0.9593707621097565
  view-data: 3.431462474167347
