times:
  edit-metadata: 1.946091204881668
  landing: 1.1420533657073975
  view-data: 3.902971051633358
