times:
  edit-metadata: 1.5629419758915901
  landing: 0.9521138519048691
  view-data: 3.271679900586605
