times:
  edit-metadata: 1.7150342911481857
  landing: 0.9676646068692207
  view-data: 3.5128326788544655
