times:
  edit-metadata: 1.7034076824784279
  landing: 0.9539293870329857
  view-data: 3.462885230779648
