times:
  edit-metadata: 1.6916452795267105
  landing: 1.138478934764862
  view-data: 3.32302238792181
