times:
  edit-metadata: 2.667585764080286
  landing: 2.0869865342974663
  view-data: 3.618436560034752
