times:
  edit-metadata: 1.6933182030916214
  landing: 1.0425010919570923
  view-data: 3.3683759570121765
