times:
  edit-metadata: 1.647479698061943
  landing: 0.9556371346116066
  view-data: 3.4668003395199776
