times:
  edit-metadata: 1.597708284854889
  landing: 0.9745793640613556
  view-data: 3.354102835059166
