times:
  edit-metadata: 1.6425513252615929
  landing: 0.908945694565773
  view-data: 3.4554483592510223
