times:
  edit-metadata: 1.8584749549627304
  landing: 1.1853735521435738
  view-data: 3.47569826990366
