times:
  edit-metadata: 1.7652847431600094
  landing: 0.998676024377346
  view-data: 3.346818197518587
