times:
  edit-metadata: 1.615504678338766
  landing: 1.0428415387868881
  view-data: 3.319049347192049
