times:
  edit-metadata: 1.666862390935421
  landing: 0.9411281421780586
  view-data: 3.50149155408144
