times:
  edit-metadata: 1.5997429862618446
  landing: 0.9398178085684776
  view-data: 3.4061188474297523
