times:
  edit-metadata: 1.6499501019716263
  landing: 0.9494093246757984
  view-data: 3.302091885358095
