times:
  edit-metadata: 1.8572909161448479
  landing: 1.1151667684316635
  view-data: 3.5835590809583664
