times:
  edit-metadata: 2.203138217329979
  landing: 1.396182857453823
  view-data: 3.367436893284321
