times:
  edit-metadata: 1.4903749376535416
  landing: 0.9140344262123108
  view-data: 3.456241153180599
