times:
  edit-metadata: 1.547328844666481
  landing: 1.08979120105505
  view-data: 3.421696662902832
