times:
  edit-metadata: 1.731127843260765
  landing: 1.0230474136769772
  view-data: 3.3594197668135166
