times:
  edit-metadata: 1.5729373432695866
  landing: 0.9638549946248531
  view-data: 3.295560132712126
