times:
  edit-metadata: 1.7007442861795425
  landing: 1.0189541094005108
  view-data: 3.2948255389928818
