times:
  edit-metadata: 1.6124818921089172
  landing: 0.9786963947117329
  view-data: 3.3400284089148045
