times:
  edit-metadata: 1.687718190252781
  landing: 0.9957374855875969
  view-data: 3.3063371032476425
