times:
  edit-metadata: 1.5831173062324524
  landing: 0.9496921375393867
  view-data: 3.4496563524007797
