times:
  edit-metadata: 1.5725151151418686
  landing: 0.979733794927597
  view-data: 3.470903940498829
