times:
  edit-metadata: 4.697733156383038
  landing: 2.6250966414809227
  view-data: 3.862523674964905
