times:
  edit-metadata: 1.6397823877632618
  landing: 1.1437854766845703
  view-data: 3.404332209378481
