times:
  edit-metadata: 1.7885423451662064
  landing: 1.0717982724308968
  view-data: 3.296830527484417
