times:
  edit-metadata: 1.596546895802021
  landing: 1.0470690168440342
  view-data: 3.3145486265420914
