times:
  edit-metadata: 1.6190622672438622
  landing: 0.9288684725761414
  view-data: 3.4901921302080154
