times:
  edit-metadata: 1.8267027772963047
  landing: 1.0311993099749088
  view-data: 3.3169551230967045
