times:
  edit-metadata: 1.5795359462499619
  landing: 0.9849677681922913
  view-data: 3.489604465663433
