times:
  edit-metadata: 1.5710045509040356
  landing: 0.9493114650249481
  view-data: 3.338595040142536
