times:
  edit-metadata: 1.5226814299821854
  landing: 0.898212768137455
  view-data: 3.4173541963100433
