times:
  edit-metadata: 1.6202580034732819
  landing: 1.0358850732445717
  view-data: 3.3621017932891846
