times:
  edit-metadata: 1.5469538867473602
  landing: 1.067011535167694
  view-data: 3.3538660034537315
