times:
  edit-metadata: 2.942692667245865
  landing: 1.4976724833250046
  view-data: 3.5841907635331154
