times:
  edit-metadata: 2.3023675084114075
  landing: 2.2510632649064064
  view-data: 3.3491267301142216
