times:
  edit-metadata: 1.6667971536517143
  landing: 0.9970595948398113
  view-data: 3.294131938368082
