times:
  edit-metadata: 1.7197955623269081
  landing: 1.0977843701839447
  view-data: 3.3249687626957893
