times:
  edit-metadata: 1.5837234780192375
  landing: 0.9306893572211266
  view-data: 3.4581119045615196
