times:
  edit-metadata: 2.028320573270321
  landing: 1.2587262839078903
  view-data: 3.5727497711777687
