times:
  edit-metadata: 1.537765808403492
  landing: 1.0213679000735283
  view-data: 3.429766424000263
