times:
  edit-metadata: 1.5954795330762863
  landing: 0.9716182425618172
  view-data: 3.3868893161416054
