times:
  edit-metadata: 1.8174991011619568
  landing: 1.006865717470646
  view-data: 3.5020980909466743
