times:
  edit-metadata: 1.60020437464118
  landing: 0.9859925583004951
  view-data: 3.3808834105730057
