times:
  edit-metadata: 1.64279143512249
  landing: 0.9864917919039726
  view-data: 3.442834720015526
