times:
  edit-metadata: 1.7752252295613289
  landing: 0.9507513232529163
  view-data: 3.308614645153284
