times:
  edit-metadata: 1.6457668244838715
  landing: 0.9783932790160179
  view-data: 3.483398161828518
