times:
  edit-metadata: 1.6086994484066963
  landing: 0.9008391797542572
  view-data: 3.472242645919323
