times:
  edit-metadata: 1.583198569715023
  landing: 0.9179017767310143
  view-data: 3.47409338504076
