times:
  edit-metadata: 1.579076074063778
  landing: 1.0094472095370293
  view-data: 3.401980623602867
