times:
  edit-metadata: 1.6392360478639603
  landing: 1.0450071096420288
  view-data: 3.4597797617316246
