times:
  edit-metadata: 1.7594877108931541
  landing: 1.1569885686039925
  view-data: 3.515275612473488
