times:
  edit-metadata: 1.66746312007308
  landing: 0.9202168174088001
  view-data: 3.306515097618103
