times:
  edit-metadata: 1.6173873841762543
  landing: 1.0105147808790207
  view-data: 3.4551818519830704
