times:
  edit-metadata: 2.218192435801029
  landing: 1.2446180880069733
  view-data: 3.7549716383218765
