times:
  edit-metadata: 1.6536379754543304
  landing: 0.912243090569973
  view-data: 3.4976009726524353
