times:
  edit-metadata: 1.614713877439499
  landing: 1.0234929919242859
  view-data: 3.3322405740618706
