times:
  edit-metadata: 1.5910666063427925
  landing: 0.9099089279770851
  view-data: 3.357719711959362
