times:
  edit-metadata: 1.5835705697536469
  landing: 0.9559855088591576
  view-data: 3.4615166559815407
