times:
  edit-metadata: 1.6571582928299904
  landing: 0.955919936299324
  view-data: 3.521230585873127
