times:
  edit-metadata: 1.598364196717739
  landing: 0.9297030866146088
  view-data: 3.3464815616607666
