times:
  edit-metadata: 1.8824007213115692
  landing: 1.1004449650645256
  view-data: 3.339047558605671
