times:
  edit-metadata: 1.6435125395655632
  landing: 1.0140360705554485
  view-data: 3.371713601052761
