times:
  edit-metadata: 1.8377145417034626
  landing: 1.091754510998726
  view-data: 3.307206254452467
