times:
  edit-metadata: 1.5776888132095337
  landing: 0.8982632607221603
  view-data: 3.4004130363464355
