times:
  edit-metadata: 1.5684063285589218
  landing: 0.9387038536369801
  view-data: 3.3906781785190105
