times:
  edit-metadata: 0.7630067599238828
  landing: 0.09021178400143981
  view-data: 0.24776905600447208
