times:
  edit-metadata: 0.6688865208998322
  landing: 0.05339037487283349
  view-data: 0.2062088237144053
