times:
  edit-metadata: 0.6812101129908115
  landing: 0.043070750776678324
  view-data: 0.22764822281897068
