times:
  edit-metadata: 1.6848553959280252
  landing: 1.1532380152493715
  view-data: 3.321463644504547
