times:
  edit-metadata: 1.762951347976923
  landing: 0.1185672152787447
  view-data: 0.12030120100826025
