times:
  edit-metadata: 1.7215364631265402
  landing: 0.11614641826599836
  view-data: 0.5142164584249258
