times:
  edit-metadata: 1.1448447100119665
  landing: 0.03725558705627918
  view-data: 0.20432537700980902
