times:
  edit-metadata: 2.685041107237339
  landing: 1.2971756309270859
  view-data: 3.3995315991342068
