times:
  edit-metadata: 1.103161945939064
  landing: 0.05523160099983215
  view-data: 0.20941491052508354
