times:
  edit-metadata: 1.1640269989147782
  landing: 0.051464583026245236
  view-data: 0.20673545298632234
