times:
  edit-metadata: 0.704873763024807
  landing: 0.05876944726333022
  view-data: 0.2413964718580246
