times:
  edit-metadata: 1.5766857229173183
  landing: 0.9724587760865688
  view-data: 3.3715691566467285
