times:
  edit-metadata: 1.6562280701473355
  landing: 0.13975842855870724
  view-data: 0.09835417661815882
