times:
  landing: 0.554171378000035
  view-data: 0.5578425960000004
