times:
  edit-metadata: 1.4946067687124014
  landing: 0.8986948505043983
  view-data: 0.5806476585566998
