times:
  edit-metadata: 1.1523864758200943
  landing: 0.048740746919065714
  view-data: 0.2022080859169364
