times:
  landing: 1.6331949510000072
  view-data: 0.5656740339999828
