times:
  edit-metadata: 1.6121350396424532
  landing: 0.751179339364171
  view-data: 3.386769974604249
