times:
  edit-metadata: 1.7276627905666828
  landing: 1.007644534111023
  view-data: 3.3166265189647675
