times:
  edit-metadata: 1.640991721302271
  landing: 0.020154655911028385
  view-data: 0.1205475702881813
