times:
  edit-metadata: 2.6615087892860174
  landing: 0.047398459166288376
  view-data: 0.02538176253437996
