times:
  landing: 1.0661685589998342
  view-data: 0.548512675999973
