times:
  edit-metadata: 0.7967479676008224
  landing: 0.13417095923796296
  view-data: 0.2220313297584653
