times:
  edit-metadata: 1.2046865578740835
  landing: 0.04989580996334553
  view-data: 0.21760435891337693
