times:
  edit-metadata: 1.5836162958294153
  landing: 0.786761237308383
  view-data: 3.3847625739872456
