times:
  edit-metadata: 0.7121831029653549
  landing: 0.04743806109763682
  view-data: 0.22132755117490888
