times:
  edit-metadata: 1.1583897279342636
  landing: 0.05212726001627743
  view-data: 0.20744535000994802
