times:
  edit-metadata: 0.705637281993404
  landing: 0.0506897468585521
  view-data: 0.2284814710728824
