times:
  edit-metadata: 1.684153750538826
  landing: 0.12754674442112446
  view-data: 0.30036722868680954
