times:
  edit-metadata: 1.9048998188227415
  landing: 0.2889245003461838
  view-data: 0.369876055046916
