times:
  edit-metadata: 0.6816781586967409
  landing: 0.04934739926829934
  view-data: 0.20293119410052896
