times:
  edit-metadata: 1.6109181344509125
  landing: 1.0333280637860298
  view-data: 3.3200433254241943
