times:
  edit-metadata: 0.7750312048010528
  landing: 0.10134168807417154
  view-data: 0.35731029277667403
