times:
  edit-metadata: 1.4424081705510616
  landing: 0.04978778213262558
  view-data: 0.2166963294148445
