times:
  edit-metadata: 1.1679641709197313
  landing: 0.04518093494698405
  view-data: 0.20396237610839307
