times:
  edit-metadata: 1.130394776002504
  landing: 0.04929031105712056
  view-data: 0.20462353993207216
