times:
  edit-metadata: 1.6599169680848718
  landing: 0.02388071082532406
  view-data: 0.126473780721426
