times:
  edit-metadata: 1.5312846899032593
  landing: 1.0911646001040936
  view-data: 3.334280129522085
