times:
  edit-metadata: 1.9108894001692533
  landing: 0.25657849572598934
  view-data: 0.16699453070759773
