times:
  edit-metadata: 1.2009085521567613
  landing: 0.049808105919510126
  view-data: 0.20618545007891953
