times:
  edit-metadata: 1.5493992529809475
  landing: 7.677394459024072
  view-data: 4.74712179787457
