times:
  edit-metadata: 1.1446818131953478
  landing: 0.04125262517482042
  view-data: 0.20501594804227352
