times:
  edit-metadata: 1.6665114108473063
  landing: 0.19734483025968075
  view-data: 0.025807400234043598
