times:
  edit-metadata: 0.7213982800021768
  landing: 0.05394102353602648
  view-data: 0.21367446798831224
