times:
  edit-metadata: 1.4358555041253567
  landing: 0.05789249762892723
  view-data: 0.2152450866997242
