times:
  edit-metadata: 0.6693452829495072
  landing: 0.045548017136752605
  view-data: 0.1977961570955813
