times:
  edit-metadata: 0.7101995917037129
  landing: 0.04329933878034353
  view-data: 0.21175896935164928
