times:
  edit-metadata: 1.538834746927023
  landing: 0.5411265920847654
  view-data: 0.33745334297418594
