times:
  edit-metadata: 1.158102813991718
  landing: 0.04769896902143955
  view-data: 0.20720899302978069
