times:
  edit-metadata: 1.6761690704151988
  landing: 0.11439772322773933
  view-data: 0.02519048936665058
