times:
  edit-metadata: 0.7000187649391592
  landing: 0.05498031293973327
  view-data: 0.22175074904225767
