times:
  edit-metadata: 1.6979521065950394
  landing: 0.18853222578763962
  view-data: 0.32051862217485905
