times:
  edit-metadata: 1.4451794291380793
  landing: 1.0385043590795249
  view-data: 3.324582536937669
