times:
  edit-metadata: 1.2840898619033396
  landing: 0.8052806109189987
  view-data: 3.2732815872877836
