times:
  landing: 0.5550277830000141
  view-data: 0.5611216350000063
