times:
  edit-metadata: 0.7097897101193666
  landing: 0.04497199598699808
  view-data: 0.21091956598684192
