times:
  edit-metadata: 1.6048511117696762
  landing: 0.5111580118536949
  view-data: 0.2219600100070238
