times:
  edit-metadata: 1.387402094900608
  landing: 0.9436755180358887
  view-data: 3.3291517570614815
