times:
  edit-metadata: 1.4748413152992725
  landing: 0.9000955168157816
  view-data: 0.21044130809605122
