times:
  edit-metadata: 1.6893251594156027
  landing: 0.02115267515182495
  view-data: 0.02317512221634388
