times:
  edit-metadata: 1.8576156310737133
  landing: 0.7342048157006502
  view-data: 0.4602987840771675
