times:
  edit-metadata: 0.6930077910001273
  landing: 0.04871573700074805
  view-data: 0.22418291099893395
