times:
  landing: 0.5546140039999727
  view-data: 0.5595201350000707
