times:
  edit-metadata: 0.7219069749116898
  landing: 0.05343288695439696
  view-data: 0.22421070910058916
