times:
  edit-metadata: 1.5150484517216682
  landing: 0.7890804391354322
  view-data: 3.3793165422976017
