times:
  edit-metadata: 0.9316498348489404
  landing: 0.07882341416552663
  view-data: 0.42151743499562144
