times:
  edit-metadata: 1.7036526463925838
  landing: 0.019215906970202923
  view-data: 0.14960361644625664
