times:
  edit-metadata: 1.7806044686585665
  landing: 0.2337927743792534
  view-data: 0.3385168742388487
