times:
  edit-metadata: 1.772097460925579
  landing: 0.02177892066538334
  view-data: 0.12517173867672682
