times:
  edit-metadata: 0.6856481651775539
  landing: 0.06916010798886418
  view-data: 0.2308012810535729
