times:
  edit-metadata: 1.7668002508580685
  landing: 0.023417528718709946
  view-data: 0.026810851879417896
