times:
  edit-metadata: 1.356659637996927
  landing: 0.3191434339969419
  view-data: 0.31393752101575956
