times:
  edit-metadata: 1.702579876407981
  landing: 0.02274693362414837
  view-data: 0.026868168264627457
