times:
  edit-metadata: 1.5170377008616924
  landing: 0.6954883933067322
  view-data: 3.3549127355217934
