times:
  edit-metadata: 1.7136893682181835
  landing: 0.022656157612800598
  view-data: 0.02700156532227993
