times:
  edit-metadata: 1.1802959518972784
  landing: 0.05145837506279349
  view-data: 0.1997889969497919
