times:
  edit-metadata: 1.4764136038720608
  landing: 0.05414162203669548
  view-data: 0.2202334962785244
