times:
  edit-metadata: 2.266658605003613
  landing: 0.16509230899828253
  view-data: 0.18443414000648772
