times:
  landing: 0.5530891060000158
  view-data: 0.5603357979999828
