times:
  edit-metadata: 1.1410270289052278
  landing: 0.04760824202094227
  view-data: 0.2019953109556809
