times:
  edit-metadata: 1.4404530450701714
  landing: 0.9093564040958881
  view-data: 3.3980408161878586
