times:
  edit-metadata: 1.4903667229809798
  landing: 0.0869133829837665
  view-data: 0.22283599799266085
