times:
  edit-metadata: 1.814154403284192
  landing: 0.203803189098835
  view-data: 0.12477035075426102
