times:
  landing: 0.5419835289999924
  view-data: 0.5435220439999853
