times:
  edit-metadata: 0.782954497999981
  landing: 0.07036298699995314
  view-data: 0.21995019500036506
