times:
  edit-metadata: 1.4540622485801578
  landing: 0.8488154532387853
  view-data: 3.3855838319286704
