times:
  edit-metadata: 1.6875062379986048
  landing: 0.1141365971416235
  view-data: 0.12301580607891083
