times:
  landing: 0.5566648250000981
  view-data: 0.5593339409997498
