times:
  edit-metadata: 1.6401884648948908
  landing: 0.9514924492686987
  view-data: 3.4492414984852076
