times:
  edit-metadata: 1.6709729302674532
  landing: 0.21455217897891998
  view-data: 0.3674430791288614
