times:
  edit-metadata: 1.410855695605278
  landing: 0.8399546770378947
  view-data: 3.3900068094953895
