times:
  edit-metadata: 0.6963795928750187
  landing: 0.04895397601649165
  view-data: 0.20801356085576117
