times:
  edit-metadata: 1.570714756846428
  landing: 0.5655127726495266
  view-data: 0.2094087302684784
