times:
  edit-metadata: 0.720403844024986
  landing: 0.04312629485502839
  view-data: 0.21186037501320243
