times:
  edit-metadata: 1.3878682283684611
  landing: 0.976204470731318
  view-data: 3.5538093051873147
