times:
  edit-metadata: 1.1536290979711339
  landing: 0.04607340297661722
  view-data: 0.20649820496328175
