times:
  edit-metadata: 1.6389028523117304
  landing: 1.632005488499999
  view-data: 0.6300213914364576
