times:
  edit-metadata: 0.718328645976726
  landing: 0.04275344795314595
  view-data: 0.2173551400192082
