times:
  edit-metadata: 1.5411855317652225
  landing: 1.0220622774213552
  view-data: 3.491662089712918
