times:
  edit-metadata: 1.6673738788813353
  landing: 1.1117732860147953
  view-data: 0.3217534776777029
