times:
  edit-metadata: 1.5814534537494183
  landing: 0.8826203048229218
  view-data: 3.3851286359131336
