times:
  edit-metadata: 0.812592193018645
  landing: 0.11121275799814612
  view-data: 0.2539665009826422
