times:
  edit-metadata: 0.7662974861450493
  landing: 0.15221273200586438
  view-data: 0.28775787190534174
