times:
  edit-metadata: 0.6940684891305864
  landing: 0.05242916801944375
  view-data: 0.20040680468082428
