times:
  edit-metadata: 1.8320768177509308
  landing: 5.461715590208769
  view-data: 3.351948745548725
