times:
  edit-metadata: 1.744333740323782
  landing: 0.12253046594560146
  view-data: 0.14127654023468494
