times:
  edit-metadata: 1.692209666594863
  landing: 0.02225832175463438
  view-data: 0.024646573700010777
