times:
  edit-metadata: 1.1442552270018496
  landing: 0.04518121699220501
  view-data: 0.20703054900513962
