times:
  edit-metadata: 1.6632096720859408
  landing: 0.019568191841244698
  view-data: 0.45165078435093164
