times:
  landing: 0.5578751130000228
  view-data: 0.5555523009999774
