times:
  landing: 1.0874085689999902
  view-data: 0.5631025019999925
