times:
  edit-metadata: 0.6787022878415883
  landing: 0.051494920160621405
  view-data: 0.21372079011052847
