times:
  edit-metadata: 1.548208435997367
  landing: 0.8184805922210217
  view-data: 3.3810928370803595
