times:
  edit-metadata: 1.61482789600268
  landing: 1.0586261111311615
  view-data: 3.5094775203615427
