times:
  edit-metadata: 1.6618912238627672
  landing: 1.4173665884882212
  view-data: 0.42453317902982235
