times:
  edit-metadata: 1.5403919592499733
  landing: 0.8957157731056213
  view-data: 3.3850528970360756
