times:
  edit-metadata: 1.6027458049356937
  landing: 0.7651895843446255
  view-data: 3.3458149693906307
