times:
  edit-metadata: 2.1506929870229214
  landing: 0.10677429288625717
  view-data: 0.2749006769154221
