times:
  edit-metadata: 1.6657768236473203
  landing: 0.021116002462804317
  view-data: 0.19705105107277632
