times:
  edit-metadata: 0.733010939322412
  landing: 0.05473790131509304
  view-data: 0.2235026303678751
