times:
  edit-metadata: 0.8052414800040424
  landing: 0.12214127399784047
  view-data: 0.24513719999231398
