times:
  edit-metadata: 1.5362544860690832
  landing: 0.766655845567584
  view-data: 3.3550059031695127
