times:
  edit-metadata: 1.589126355946064
  landing: 0.8573379516601562
  view-data: 3.432521916925907
