times:
  edit-metadata: 1.6436553737148643
  landing: 0.9834349025040865
  view-data: 3.440545395947993
