times:
  edit-metadata: 1.7682003267109394
  landing: 1.0313820280134678
  view-data: 3.3979030065238476
