times:
  landing: 0.5561078619999762
  view-data: 0.5551716980000378
