times:
  edit-metadata: 1.378838885575533
  landing: 0.0456419438123703
  view-data: 0.22067544981837273
