times:
  edit-metadata: 0.7066111669992097
  landing: 0.046833404994686134
  view-data: 0.23026790900621563
