times:
  landing: 0.5969388610000124
  view-data: 0.5630962149999732
