times:
  edit-metadata: 1.525583939626813
  landing: 0.9762601209804416
  view-data: 3.3558872528374195
