times:
  landing: 0.5487485630001174
  view-data: 0.5531819969999106
