times:
  edit-metadata: 1.6798652121797204
  landing: 0.021492688916623592
  view-data: 0.024043104611337185
