times:
  landing: 0.5486111220000112
  view-data: 0.5579534299999978
