times:
  edit-metadata: 1.6950555611401796
  landing: 0.7731027510017157
  view-data: 0.5278651136904955
