times:
  edit-metadata: 1.77849224768579
  landing: 0.02204621583223343
  view-data: 0.12242722883820534
