times:
  edit-metadata: 1.7265206295996904
  landing: 0.02301986888051033
  view-data: 0.026735376566648483
