times:
  edit-metadata: 1.8044846905395389
  landing: 0.21722802612930536
  view-data: 0.45133999176323414
