times:
  edit-metadata: 1.4134009946137667
  landing: 0.8231882574036717
  view-data: 3.3523223167285323
