times:
  edit-metadata: 1.5976508632302284
  landing: 0.834774810820818
  view-data: 3.424260549247265
