times:
  edit-metadata: 0.7084950341377407
  landing: 0.0489773980807513
  view-data: 0.21716768899932504
