times:
  edit-metadata: 1.509165095165372
  landing: 0.8658452145755291
  view-data: 0.32454264909029007
