times:
  edit-metadata: 2.2523526903241873
  landing: 0.178325317800045
  view-data: 0.3534505385905504
