times:
  edit-metadata: 1.7482686191797256
  landing: 0.2148367278277874
  view-data: 0.3600030764937401
