times:
  edit-metadata: 0.7027103491127491
  landing: 0.04201347101479769
  view-data: 0.22025284077972174
