times:
  edit-metadata: 1.4319626539945602
  landing: 0.7048549875617027
  view-data: 0.3243280407041311
