times:
  edit-metadata: 1.93009396456182
  landing: 0.19319408014416695
  view-data: 0.38350397907197475
