times:
  edit-metadata: 1.4913354478776455
  landing: 0.9957159645855427
  view-data: 3.426890917122364
