times:
  landing: 0.5577142489999574
  view-data: 0.5448280689999478
