times:
  edit-metadata: 1.8201671838760376
  landing: 0.3051654454320669
  view-data: 0.1652830559760332
