times:
  edit-metadata: 1.4621020178310573
  landing: 0.8973287297412753
  view-data: 3.409893082920462
