times:
  edit-metadata: 2.03361678798683
  landing: 0.032792033976875246
  view-data: 0.12765442399540916
