times:
  edit-metadata: 1.687451750971377
  landing: 0.12250885367393494
  view-data: 0.388331332243979
