times:
  edit-metadata: 1.658486943691969
  landing: 0.11871834751218557
  view-data: 0.1228734040632844
