times:
  edit-metadata: 1.5460173829924315
  landing: 0.044884417206048965
  view-data: 0.2098923888988793
