times:
  edit-metadata: 1.5674459002912045
  landing: 0.6796263456344604
  view-data: 0.2595224231481552
