times:
  edit-metadata: 0.7148831645026803
  landing: 0.042060328647494316
  view-data: 0.21033063903450966
