times:
  edit-metadata: 1.623914630152285
  landing: 0.02110933978110552
  view-data: 0.1202592384070158
