times:
  landing: 1.0776246660000197
  view-data: 0.5672067849999962
