times:
  edit-metadata: 1.4673537723720074
  landing: 7.092774089425802
  view-data: 3.397599905729294
