times:
  edit-metadata: 0.8028023010119796
  landing: 0.05737560801208019
  view-data: 0.22700791573151946
