times:
  edit-metadata: 1.6387260407209396
  landing: 0.021789132617413998
  view-data: 0.023385661654174328
