times:
  edit-metadata: 1.7462431825697422
  landing: 0.7379111964255571
  view-data: 0.3630610313266516
