times:
  edit-metadata: 1.6828897763043642
  landing: 0.24451644346117973
  view-data: 0.023030031472444534
