times:
  edit-metadata: 1.1039309150073677
  landing: 0.061438689939677715
  view-data: 0.20722272293642163
