times:
  edit-metadata: 1.5750007908791304
  landing: 0.5037101116031408
  view-data: 0.20227505452930927
