times:
  edit-metadata: 1.6653293669223785
  landing: 1.0627908110618591
  view-data: 3.4840313382446766
