times:
  edit-metadata: 1.3658343441784382
  landing: 0.05230606347322464
  view-data: 0.22073207423090935
