times:
  edit-metadata: 1.657968569546938
  landing: 0.2167610265314579
  view-data: 0.38527901470661163
