times:
  landing: 0.5499709829999802
  view-data: 0.5590947050000068
