times:
  edit-metadata: 0.7717713210004149
  landing: 0.045718491994193755
  view-data: 0.34625357000913937
