times:
  edit-metadata: 1.2059314351063222
  landing: 0.05123105994425714
  view-data: 0.33038159902207553
