times:
  landing: 1.0659420320000095
  view-data: 0.5491156589999946
