times:
  edit-metadata: 1.365259532816708
  landing: 0.8976240810006857
  view-data: 3.3546014139428735
