times:
  landing: 0.5515518779999979
  view-data: 0.5584153089999973
