times:
  edit-metadata: 1.4750498905777931
  landing: 0.8885347582399845
  view-data: 3.3833785243332386
