times:
  edit-metadata: 0.6803895269986242
  landing: 0.05046426481567323
  view-data: 0.23046415601857007
