times:
  edit-metadata: 1.6200998853892088
  landing: 8.211166940629482
  view-data: 3.476261343806982
