times:
  edit-metadata: 0.725503487046808
  landing: 0.05063490895554423
  view-data: 0.21412816597148776
