times:
  edit-metadata: 3.0376423336565495
  landing: 2.8142348397523165
  view-data: 4.086032098159194
