times:
  edit-metadata: 1.670043133199215
  landing: 1.0098158605396748
  view-data: 3.3083050288259983
