times:
  edit-metadata: 1.6409976035356522
  landing: 2.948813322931528
  view-data: 0.590751688927412
