times:
  edit-metadata: 2.010114222764969
  landing: 1.1696155481040478
  view-data: 3.3156141825020313
