times:
  edit-metadata: 0.8381578978151083
  landing: 0.09307749196887016
  view-data: 0.23591190809383988
