times:
  edit-metadata: 2.041683171875775
  landing: 1.4010625891387463
  view-data: 3.575478591956198
