times:
  edit-metadata: 1.6145108249038458
  landing: 0.6967652644962072
  view-data: 0.35286007449030876
