times:
  edit-metadata: 1.7203611209988594
  landing: 0.9522071370156482
  view-data: 3.3248495690058917
