times:
  edit-metadata: 0.8056868449784815
  landing: 0.06208294117823243
  view-data: 0.2563925110734999
