times:
  landing: 0.5482069560000014
  view-data: 0.5506388300000253
