times:
  edit-metadata: 1.828564953058958
  landing: 1.0082379691302776
  view-data: 3.419670909643173
