times:
  edit-metadata: 2.500835983082652
  landing: 0.2741872575134039
  view-data: 0.23505300283432007
