times:
  edit-metadata: 0.7083745410200208
  landing: 0.0542195700109005
  view-data: 0.22541528497822583
