times:
  edit-metadata: 1.5267591923475266
  landing: 0.8250606171786785
  view-data: 3.405039295554161
