times:
  edit-metadata: 1.8254959168843925
  landing: 1.6490238751284778
  view-data: 3.3541190586984158
