times:
  edit-metadata: 1.602518331259489
  landing: 0.8245347812771797
  view-data: 3.3999268859624863
