times:
  landing: 1.0734062430000222
  view-data: 0.5565467409999769
