times:
  edit-metadata: 0.7250017090700567
  landing: 0.050308276899158955
  view-data: 0.21309580700471997
