times:
  edit-metadata: 1.0495072407647967
  landing: 0.08720419835299253
  view-data: 0.21921156998723745
