times:
  edit-metadata: 0.7006823378615081
  landing: 0.04963935073465109
  view-data: 0.25681167701259255
