times:
  landing: 0.5504282280000439
  view-data: 0.5596425379999914
