times:
  edit-metadata: 1.6627962831407785
  landing: 0.021931175142526627
  view-data: 0.12425673566758633
