times:
  edit-metadata: 0.7066177539527416
  landing: 0.04762746673077345
  view-data: 0.23319366946816444
