times:
  edit-metadata: 1.4476289562880993
  landing: 0.05011085048317909
  view-data: 0.21136996150016785
