times:
  edit-metadata: 1.718898270279169
  landing: 0.19964215718209743
  view-data: 0.32783140428364277
