times:
  edit-metadata: 1.492856852710247
  landing: 1.1076648253947496
  view-data: 0.6053942162543535
