times:
  edit-metadata: 1.4169684052467346
  landing: 0.04737367480993271
  view-data: 0.21265363320708275
