times:
  edit-metadata: 0.873095488990657
  landing: 0.09987927199108526
  view-data: 0.22844974201871082
