times:
  edit-metadata: 0.674068417865783
  landing: 0.04769272916018963
  view-data: 0.2170295137912035
