times:
  edit-metadata: 1.4961718230042607
  landing: 0.7896968710701913
  view-data: 3.347226954996586
