times:
  edit-metadata: 1.5574766546487808
  landing: 0.5425192508846521
  view-data: 0.20166789554059505
