times:
  edit-metadata: 0.773883951944299
  landing: 0.056970613077282906
  view-data: 0.21533895400352776
