times:
  edit-metadata: 1.6527736354619265
  landing: 0.020672944374382496
  view-data: 0.12105363048613071
