times:
  edit-metadata: 1.538073118776083
  landing: 0.9497499093413353
  view-data: 3.3957730010151863
