times:
  edit-metadata: 1.4858815893530846
  landing: 0.758122930303216
  view-data: 3.298942366614938
