times:
  edit-metadata: 1.4130007727071643
  landing: 0.8512815274298191
  view-data: 0.5326063008978963
