times:
  edit-metadata: 0.7009515720419586
  landing: 0.048250489053316414
  view-data: 0.24393999599851668
