times:
  edit-metadata: 2.1263825614005327
  landing: 0.14749659970402718
  view-data: 0.29224447160959244
