times:
  edit-metadata: 1.6099086683243513
  landing: 2.136651137843728
  view-data: 0.6497785039246082
