times:
  edit-metadata: 1.8865895438939333
  landing: 0.2765383590012789
  view-data: 0.4417283795773983
