times:
  edit-metadata: 1.1690320938359946
  landing: 0.05582683905959129
  view-data: 0.20665046712383628
