times:
  edit-metadata: 1.902857018634677
  landing: 1.1048666387796402
  view-data: 3.404690645635128
