times:
  edit-metadata: 1.692488707602024
  landing: 0.022123713046312332
  view-data: 0.140791118144989
