times:
  edit-metadata: 1.6400365363806486
  landing: 0.5505945142358541
  view-data: 0.25816603749990463
