times:
  edit-metadata: 1.1649633939377964
  landing: 0.04997754283249378
  view-data: 0.20912513183429837
