times:
  edit-metadata: 1.3249144149012864
  landing: 0.780832951888442
  view-data: 3.297009619884193
