times:
  edit-metadata: 2.0494039449840784
  landing: 0.02112735714763403
  view-data: 0.02685640938580036
