times:
  edit-metadata: 0.6886775169987231
  landing: 0.057826348987873644
  view-data: 0.35211146500660107
