times:
  edit-metadata: 0.7024014815688133
  landing: 0.04070627596229315
  view-data: 0.35771136451512575
