times:
  edit-metadata: 1.7479155231267214
  landing: 0.024124056100845337
  view-data: 0.025052238255739212
