times:
  edit-metadata: 1.65794319473207
  landing: 1.1697902148589492
  view-data: 3.3528929129242897
