times:
  edit-metadata: 1.614733537659049
  landing: 0.11989539489150047
  view-data: 0.3264538599178195
