times:
  edit-metadata: 1.627353560179472
  landing: 0.049156296998262405
  view-data: 0.22808454371988773
