times:
  landing: 1.0748245110000312
  view-data: 0.5593825529999776
