times:
  edit-metadata: 1.6386683974415064
  landing: 0.9318718556314707
  view-data: 3.300563583150506
