times:
  edit-metadata: 1.157646050909534
  landing: 0.043886769097298384
  view-data: 0.3659960990771651
