times:
  edit-metadata: 1.3973738495260477
  landing: 0.9935091715306044
  view-data: 3.434666506946087
