times:
  edit-metadata: 1.385929275304079
  landing: 0.0444919690489769
  view-data: 0.21254569292068481
