times:
  edit-metadata: 0.7101826309226453
  landing: 0.04251501942053437
  view-data: 0.20327194314450026
