times:
  edit-metadata: 1.169521514326334
  landing: 0.04212988819926977
  view-data: 0.2039489271119237
