times:
  edit-metadata: 0.6798504440230317
  landing: 0.07663744100136682
  view-data: 0.2172985590295866
