times:
  edit-metadata: 0.7100665057078004
  landing: 0.04572687204927206
  view-data: 0.21914322208613157
