times:
  edit-metadata: 1.6249889302998781
  landing: 0.5939013157039881
  view-data: 0.21446949616074562
