times:
  edit-metadata: 0.6942563140764832
  landing: 0.04834374110214412
  view-data: 0.23527963110245764
