times:
  edit-metadata: 1.1820562640205026
  landing: 0.09995756205171347
  view-data: 0.2306522310245782
