times:
  edit-metadata: 1.5105042699724436
  landing: 0.8198148319497705
  view-data: 3.3788141943514347
