times:
  edit-metadata: 1.6633884347975254
  landing: 0.5871867127716541
  view-data: 0.6698063965886831
