times:
  edit-metadata: 0.6794751421548426
  landing: 0.051373404916375875
  view-data: 0.22344846092164516
