times:
  edit-metadata: 1.1732255590613931
  landing: 0.08036867203190923
  view-data: 0.20833805506117642
