times:
  landing: 0.5567283610000118
  view-data: 0.5512919249999868
