times:
  edit-metadata: 1.572152502834797
  landing: 0.7795882653445005
  view-data: 3.415557147935033
