times:
  edit-metadata: 1.3819503262639046
  landing: 0.04108752682805061
  view-data: 0.21607954055070877
