times:
  edit-metadata: 1.6185027658939362
  landing: 0.878129456192255
  view-data: 0.6375054754316807
