times:
  edit-metadata: 1.4024975689826533
  landing: 1.0161390100838616
  view-data: 3.6486404429888353
