times:
  edit-metadata: 0.7573536969721317
  landing: 0.04728379100561142
  view-data: 0.20911687426269054
