times:
  landing: 1.0797480520000136
  view-data: 0.5612492459999885
