times:
  edit-metadata: 1.7339859660714865
  landing: 0.0201948257163167
  view-data: 0.0246054632589221
