times:
  landing: 1.073644607999995
  view-data: 0.5530440600000475
