times:
  edit-metadata: 1.4589867815375328
  landing: 0.7446842957288027
  view-data: 3.3826499432325363
