times:
  edit-metadata: 1.7134927716106176
  landing: 0.6465408969670534
  view-data: 0.22153127565979958
