times:
  edit-metadata: 1.7043861728161573
  landing: 0.022944612428545952
  view-data: 0.4653647104278207
