times:
  edit-metadata: 1.6797700989991426
  landing: 0.02047174982726574
  view-data: 0.5141804423183203
