times:
  edit-metadata: 1.5927487425506115
  landing: 1.1652621924877167
  view-data: 3.404480166733265
