times:
  landing: 1.0674683120000168
  view-data: 0.5490701749999971
