times:
  edit-metadata: 1.137148577021435
  landing: 0.04842814395669848
  view-data: 0.21075041394215077
