times:
  edit-metadata: 1.4829405900090933
  landing: 0.8112710518762469
  view-data: 3.379324597772211
