times:
  landing: 1.0787835459999542
  view-data: 0.5684921550000013
