times:
  edit-metadata: 2.199532501399517
  landing: 1.0222128182649612
  view-data: 3.6237485352903605
