times:
  edit-metadata: 1.4827271667309105
  landing: 0.863140522968024
  view-data: 3.3852175856009126
