times:
  edit-metadata: 2.1001227162778378
  landing: 0.019629916176199913
  view-data: 0.3787737898528576
