times:
  edit-metadata: 1.480592668056488
  landing: 0.8480666130781174
  view-data: 3.34453596919775
