times:
  edit-metadata: 1.6249957829713821
  landing: 0.8581967577338219
  view-data: 3.439761735498905
