times:
  edit-metadata: 0.7122267093509436
  landing: 0.05183753464370966
  view-data: 0.21863213554024696
