times:
  edit-metadata: 1.5254947543144226
  landing: 0.8101382404565811
  view-data: 3.3813256472349167
