times:
  landing: 0.5432961330000126
  view-data: 0.5518303449999848
