times:
  edit-metadata: 0.8458027802407742
  landing: 0.12416106602177024
  view-data: 0.37661813478916883
