times:
  edit-metadata: 1.3804884240962565
  landing: 0.0628944740165025
  view-data: 0.21622103406116366
