times:
  edit-metadata: 1.6657753456383944
  landing: 0.8123245611786842
  view-data: 0.32829438522458076
