times:
  edit-metadata: 1.1976071940734982
  landing: 0.04336623381823301
  view-data: 0.20462780515663326
