times:
  edit-metadata: 1.1623671100242063
  landing: 0.05027086893096566
  view-data: 0.20679421699605882
