times:
  edit-metadata: 1.0526806619018316
  landing: 0.12807814916595817
  view-data: 0.3428175197914243
