times:
  edit-metadata: 0.7448777470272034
  landing: 0.12632463593035936
  view-data: 0.41514100797940046
