times:
  edit-metadata: 0.6744176619686186
  landing: 0.04507733229547739
  view-data: 0.21778977196663618
