times:
  edit-metadata: 1.4995341245085
  landing: 0.881031665019691
  view-data: 3.3664449295029044
