times:
  edit-metadata: 1.3100677118636668
  landing: 0.7417486540507525
  view-data: 3.3503899339120835
