times:
  edit-metadata: 1.5283980630338192
  landing: 0.5813093315809965
  view-data: 0.2134178765118122
