times:
  edit-metadata: 0.9150864919647574
  landing: 0.0760435750707984
  view-data: 0.3895025812089443
