times:
  edit-metadata: 1.2044874038547277
  landing: 0.05001601204276085
  view-data: 0.20898783998563886
