times:
  landing: 0.5499833509999803
  view-data: 0.5559976719999895
