times:
  edit-metadata: 1.1895070099271834
  landing: 0.05715660797432065
  view-data: 0.20306034991517663
