times:
  edit-metadata: 0.772074294014601
  landing: 0.07701923500280827
  view-data: 0.23279363301116973
