times:
  edit-metadata: 1.5219026199774817
  landing: 0.9311203618999571
  view-data: 3.307051338022575
