times:
  edit-metadata: 1.6458636559545994
  landing: 0.6486193388700485
  view-data: 0.23290474340319633
