times:
  edit-metadata: 0.6383992247283459
  landing: 0.04766519693657756
  view-data: 0.2037608870305121
