times:
  edit-metadata: 0.8054590099491179
  landing: 0.058725715149194
  view-data: 0.36403444688767195
