times:
  edit-metadata: 1.7366830427199602
  landing: 1.0919172363355756
  view-data: 3.389878493733704
