times:
  edit-metadata: 1.6480488013476133
  landing: 0.019344458356499672
  view-data: 0.024253533221781254
