times:
  edit-metadata: 1.4702486917376518
  landing: 0.9419741928577423
  view-data: 3.3334508053958416
