times:
  edit-metadata: 1.725762253627181
  landing: 0.2437231494113803
  view-data: 0.2943636067211628
