times:
  edit-metadata: 1.4194974638521671
  landing: 0.046715978533029556
  view-data: 0.20983851328492165
