times:
  edit-metadata: 0.7014746023342013
  landing: 0.049048420041799545
  view-data: 0.2332052057608962
