times:
  edit-metadata: 2.145918097347021
  landing: 0.27906245179474354
  view-data: 0.1354328952729702
