times:
  edit-metadata: 1.574392519891262
  landing: 0.8330807685852051
  view-data: 3.3944124709814787
