times:
  edit-metadata: 1.6825450910255313
  landing: 0.024561750702559948
  view-data: 0.026464872993528843
