times:
  edit-metadata: 1.6068742610514164
  landing: 0.9856980443000793
  view-data: 3.481129452586174
