times:
  edit-metadata: 1.6461077071726322
  landing: 1.214731277897954
  view-data: 0.45511126704514027
