times:
  edit-metadata: 2.8877732353284955
  landing: 1.553072180133313
  view-data: 3.652068444993347
