times:
  edit-metadata: 0.7579997042194009
  landing: 0.08044872293248773
  view-data: 0.23658725479617715
