times:
  edit-metadata: 1.6690038861706853
  landing: 0.02104435581713915
  view-data: 0.09945959597826004
