times:
  landing: 0.5549998759999539
  view-data: 0.5617407270000285
