times:
  edit-metadata: 1.5807574354112148
  landing: 0.7879181411117315
  view-data: 3.4213542230427265
