times:
  edit-metadata: 2.499167022004258
  landing: 0.3179798069759272
  view-data: 0.5110502099851146
