times:
  edit-metadata: 1.7412134958431125
  landing: 0.02145192865282297
  view-data: 0.11867675185203552
