times:
  edit-metadata: 1.6865423545241356
  landing: 0.5731473844498396
  view-data: 0.2094826754182577
