times:
  landing: 0.5455405080000446
  view-data: 0.5510907760000237
