times:
  edit-metadata: 1.7382085677236319
  landing: 0.16231015510857105
  view-data: 0.024969492107629776
