times:
  edit-metadata: 1.5545961763709784
  landing: 0.5994992963969707
  view-data: 0.2677210606634617
