times:
  edit-metadata: 1.6598336482420564
  landing: 0.020986489951610565
  view-data: 0.10047889687120914
