times:
  edit-metadata: 1.7044222373515368
  landing: 0.17058210261166096
  view-data: 0.05367369204759598
