times:
  edit-metadata: 0.6966113009257242
  landing: 0.050502102938480675
  view-data: 0.22454265598207712
