times:
  edit-metadata: 0.7181336530484259
  landing: 0.05296048382297158
  view-data: 0.21765237394720316
