times:
  edit-metadata: 1.2201158879324794
  landing: 0.04707083408720791
  view-data: 0.2031618698965758
