times:
  edit-metadata: 0.9610614769917447
  landing: 0.07229468098375946
  view-data: 0.23161121900193393
