times:
  landing: 0.5448785840000028
  view-data: 0.5506122159999904
