times:
  edit-metadata: 1.7909889947623014
  landing: 0.27640734799206257
  view-data: 0.02544625662267208
