times:
  edit-metadata: 1.5642914343625307
  landing: 0.5381000488996506
  view-data: 0.2023550495505333
