times:
  edit-metadata: 1.75230248644948
  landing: 1.0726370066404343
  view-data: 3.348312560468912
