times:
  edit-metadata: 0.7034349660389125
  landing: 0.053403197787702084
  view-data: 0.21113533480092883
