times:
  edit-metadata: 1.6554548796266317
  landing: 0.022537696175277233
  view-data: 0.023911871947348118
