times:
  edit-metadata: 1.3034686050377786
  landing: 0.7237284958828241
  view-data: 3.225725262891501
