times:
  edit-metadata: 0.6740308087319136
  landing: 0.04285340290516615
  view-data: 0.19925040798261762
