times:
  edit-metadata: 2.3498938009142876
  landing: 0.28834368288517
  view-data: 0.39495642855763435
