times:
  edit-metadata: 1.5797793846577406
  landing: 0.5073600932955742
  view-data: 0.22510364465415478
