times:
  edit-metadata: 1.696609627455473
  landing: 0.021398024633526802
  view-data: 0.02830585464835167
