times:
  edit-metadata: 0.7049908097833395
  landing: 0.04371556639671326
  view-data: 0.21380645874887705
