times:
  edit-metadata: 0.6871276260353625
  landing: 0.04824813990853727
  view-data: 0.21257737698033452
