times:
  edit-metadata: 0.6623540329746902
  landing: 0.047631206922233105
  view-data: 0.2067767707630992
