times:
  edit-metadata: 1.4754486908204854
  landing: 0.8329519890248775
  view-data: 3.308170293457806
