times:
  edit-metadata: 1.549283316358924
  landing: 0.7674982193857431
  view-data: 3.34018343873322
