times:
  edit-metadata: 1.6391657711938024
  landing: 0.17138160672038794
  view-data: 0.12459675595164299
