times:
  edit-metadata: 1.5581964943557978
  landing: 0.7962235640734434
  view-data: 3.4673753306269646
