times:
  landing: 0.5473572830001103
  view-data: 0.5488300749998416
