times:
  landing: 1.0842515500000331
  view-data: 0.5621155279999925
