times:
  edit-metadata: 1.1664613539905986
  landing: 0.05157814700214658
  view-data: 0.2104708480037516
