times:
  edit-metadata: 1.5782571490854025
  landing: 0.8307060487568378
  view-data: 3.443807849660516
