times:
  edit-metadata: 1.7382248155772686
  landing: 0.018328821286559105
  view-data: 0.025908606126904488
