times:
  landing: 0.5524032649999526
  view-data: 0.5574273220000237
