times:
  landing: 1.0774931939999988
  view-data: 0.5562875659999804
