times:
  edit-metadata: 1.6587227527052164
  landing: 0.6350688934326172
  view-data: 0.6406291648745537
