times:
  edit-metadata: 1.5807824209332466
  landing: 0.8454163447022438
  view-data: 3.3927277512848377
