times:
  edit-metadata: 1.4706266932189465
  landing: 0.05051936022937298
  view-data: 0.21564658544957638
