times:
  edit-metadata: 1.5561933666467667
  landing: 1.012957375496626
  view-data: 3.389872170984745
