times:
  landing: 0.5548431189999974
  view-data: 0.5643797599999516
