times:
  edit-metadata: 0.9375386759929825
  landing: 0.15890693198889494
  view-data: 0.27482667699223384
