times:
  edit-metadata: 1.7596834162250161
  landing: 0.12043712381273508
  view-data: 0.16805097553879023
