times:
  edit-metadata: 1.1179536320269108
  landing: 0.04650276154279709
  view-data: 0.2101477012038231
