times:
  edit-metadata: 1.5193497873842716
  landing: 1.0232749730348587
  view-data: 3.3179072737693787
