times:
  edit-metadata: 0.7198602841235697
  landing: 0.05472862161695957
  view-data: 0.35959413927048445
