times:
  edit-metadata: 1.9553920533508062
  landing: 0.018669484183192253
  view-data: 0.4018466677516699
