times:
  edit-metadata: 2.827612115070224
  landing: 2.112735029309988
  view-data: 4.0362257566303015
