times:
  edit-metadata: 1.570410268381238
  landing: 0.9608640894293785
  view-data: 0.4287656173110008
