times:
  edit-metadata: 1.5936257056891918
  landing: 0.5372825562953949
  view-data: 0.2710620369762182
