times:
  landing: 0.5584155099999748
  view-data: 0.5690606530000082
