times:
  landing: 0.5565613840000196
  view-data: 0.5684774179999863
