times:
  edit-metadata: 1.714065808802843
  landing: 1.0184774305671453
  view-data: 0.22682823427021503
