times:
  edit-metadata: 1.7062804270535707
  landing: 0.12555930577218533
  view-data: 0.271675618365407
