times:
  edit-metadata: 2.405678628012538
  landing: 0.02109506167471409
  view-data: 0.5095434542745352
