times:
  edit-metadata: 1.539431998040527
  landing: 0.8748826009687036
  view-data: 0.5779551940504462
