times:
  edit-metadata: 1.534074192866683
  landing: 0.8440498076379299
  view-data: 3.3730194102972746
