times:
  edit-metadata: 1.6738489093258977
  landing: 0.023465143516659737
  view-data: 0.2046057265251875
