times:
  edit-metadata: 1.2074459539726377
  landing: 0.06735085905529559
  view-data: 0.21666501485742629
