times:
  edit-metadata: 1.7119760289788246
  landing: 1.1644986607134342
  view-data: 3.332027729600668
