times:
  edit-metadata: 1.7619137726724148
  landing: 0.01850704848766327
  view-data: 0.12716088257730007
