times:
  edit-metadata: 1.6290511582046747
  landing: 0.5470590405166149
  view-data: 0.2091162297874689
