times:
  edit-metadata: 1.5274099707603455
  landing: 1.4780741054564714
  view-data: 0.2105626855045557
