times:
  edit-metadata: 1.1529636039631441
  landing: 0.04171125707216561
  view-data: 0.20636787498369813
