times:
  edit-metadata: 1.68741175532341
  landing: 0.02123965509235859
  view-data: 0.025749042630195618
