times:
  landing: 0.5498501019999367
  view-data: 0.5490645900000573
