times:
  edit-metadata: 1.49868793040514
  landing: 1.577975457534194
  view-data: 0.4683261774480343
