times:
  edit-metadata: 1.6160652711987495
  landing: 0.020574595779180527
  view-data: 0.5876119025051594
