times:
  landing: 0.5577331630001936
  view-data: 0.5654128610003681
