times:
  edit-metadata: 1.4113642685115337
  landing: 0.052143555134534836
  view-data: 0.2129347361624241
