times:
  edit-metadata: 1.67268249951303
  landing: 0.020583389326930046
  view-data: 0.10244172252714634
