times:
  edit-metadata: 2.0019399356096983
  landing: 0.30969019792973995
  view-data: 0.1793673075735569
