times:
  edit-metadata: 1.7604974415153265
  landing: 0.021134817972779274
  view-data: 0.46807564329355955
