times:
  edit-metadata: 0.6946965460665524
  landing: 0.04688899894244969
  view-data: 0.20851740695070475
