times:
  edit-metadata: 1.426666721701622
  landing: 0.04667013883590698
  view-data: 0.2189801260828972
