times:
  edit-metadata: 1.6512576937675476
  landing: 0.14276270009577274
  view-data: 0.025433075614273548
