times:
  landing: 0.5579078340000478
  view-data: 0.556168409999998
