times:
  edit-metadata: 1.6963980942964554
  landing: 0.5545687600970268
  view-data: 0.32812654599547386
