times:
  edit-metadata: 1.55026799114421
  landing: 0.9640757250599563
  view-data: 3.4070255742408335
