times:
  edit-metadata: 1.6327818538993597
  landing: 0.6178875919431448
  view-data: 0.6333457957953215
