times:
  edit-metadata: 1.1425523541402072
  landing: 0.04160990985110402
  view-data: 0.20201111515052617
