times:
  edit-metadata: 1.6524597238749266
  landing: 0.9323973916471004
  view-data: 3.4096998795866966
