times:
  edit-metadata: 1.3702587112784386
  landing: 0.045945242047309875
  view-data: 0.2180858701467514
