times:
  edit-metadata: 1.8988904785364866
  landing: 0.15303887985646725
  view-data: 0.0332624576985836
