times:
  edit-metadata: 0.7095288028940558
  landing: 0.054406457114964724
  view-data: 0.21056224824860692
