times:
  edit-metadata: 2.32014568336308
  landing: 1.2638650070875883
  view-data: 3.774626947939396
