times:
  landing: 0.5527621859999954
  view-data: 0.5514120459999958
