times:
  edit-metadata: 1.3946055583655834
  landing: 0.04500402510166168
  view-data: 0.22231265529990196
