times:
  edit-metadata: 1.1884460520232096
  landing: 0.04831176099833101
  view-data: 0.20319211692549288
