times:
  edit-metadata: 1.667047523893416
  landing: 0.02077497262507677
  view-data: 0.026969825848937035
