times:
  edit-metadata: 1.454649950377643
  landing: 0.8901115320622921
  view-data: 3.3887569392099977
