times:
  edit-metadata: 0.6908616779837757
  landing: 0.04592866695020348
  view-data: 0.2235451629385352
