times:
  edit-metadata: 1.4413120076060295
  landing: 0.9015356414020061
  view-data: 3.3667900562286377
