times:
  edit-metadata: 1.4490798264741898
  landing: 0.05056474357843399
  view-data: 0.21749106794595718
