times:
  edit-metadata: 1.5919496342539787
  landing: 1.0125215612351894
  view-data: 3.3559201806783676
