times:
  edit-metadata: 1.1470050811767578
  landing: 0.05138257518410683
  view-data: 0.2041853368282318
