times:
  edit-metadata: 0.699187375837937
  landing: 0.06338969897478819
  view-data: 0.22511887806467712
