times:
  edit-metadata: 1.4793047970160842
  landing: 0.8582853134721518
  view-data: 3.284425119869411
