times:
  edit-metadata: 0.6855396158061922
  landing: 0.048068962059915066
  view-data: 0.20381055166944861
