times:
  landing: 0.551897734000022
  view-data: 0.5555929090000404
