times:
  edit-metadata: 1.7019878579303622
  landing: 0.02051527425646782
  view-data: 0.4221613733097911
