times:
  edit-metadata: 1.1132423500530422
  landing: 0.04473894997499883
  view-data: 0.19906594511121511
