times:
  edit-metadata: 1.6899225171655416
  landing: 0.021324612200260162
  view-data: 0.379288699477911
