times:
  landing: 0.5421317289999479
  view-data: 0.5410516140000254
