times:
  edit-metadata: 1.668695512227714
  landing: 0.022151743061840534
  view-data: 0.12623796425759792
