times:
  landing: 0.552028177000011
  view-data: 0.5561181010000382
