times:
  edit-metadata: 1.6499444302171469
  landing: 0.020546194165945053
  view-data: 0.025643439032137394
