times:
  edit-metadata: 1.5518002640455961
  landing: 0.8415416702628136
  view-data: 3.4689182564616203
