times:
  edit-metadata: 0.7016070494428277
  landing: 0.05611881799995899
  view-data: 0.19837175216525793
