times:
  landing: 0.5537513870000339
  view-data: 0.5568785250000019
