times:
  edit-metadata: 1.5306433467194438
  landing: 0.9181674756109715
  view-data: 3.406222968362272
