times:
  edit-metadata: 1.5361026879400015
  landing: 0.8863006196916103
  view-data: 0.33791637420654297
