times:
  edit-metadata: 1.7644153516739607
  landing: 0.25724227726459503
  view-data: 0.023326124995946884
