times:
  landing: 1.0683345429999918
  view-data: 0.5513406640000085
