times:
  edit-metadata: 1.5381455887109041
  landing: 0.8267605658620596
  view-data: 3.455985525622964
