times:
  edit-metadata: 0.6640673489309847
  landing: 0.057094528805464506
  view-data: 0.2315059108659625
