times:
  edit-metadata: 1.6849344493821263
  landing: 0.02344490773975849
  view-data: 0.12513098772615194
