times:
  edit-metadata: 1.3934001699090004
  landing: 0.04653105512261391
  view-data: 0.21149567887187004
