times:
  landing: 0.5466811130000337
  view-data: 0.5513045629999738
