times:
  edit-metadata: 1.31256910902448
  landing: 0.8442994810175151
  view-data: 3.311988630797714
