times:
  edit-metadata: 1.5378328002989292
  landing: 0.5563441105186939
  view-data: 0.2709041964262724
