times:
  landing: 0.5547526249999919
  view-data: 0.5565861129999803
