times:
  edit-metadata: 1.6666716756299138
  landing: 0.020992998033761978
  view-data: 0.5384117569774389
