times:
  landing: 1.5970831019999991
  view-data: 0.556065416000024
