times:
  edit-metadata: 1.4164360724389553
  landing: 0.8810671791434288
  view-data: 3.279917109757662
