times:
  edit-metadata: 1.137341583147645
  landing: 0.054561390075832605
  view-data: 0.20836804201826453
