times:
  edit-metadata: 0.7786749540828168
  landing: 0.05509477504529059
  view-data: 0.22411429602652788
