times:
  edit-metadata: 1.6251642927527428
  landing: 0.5697235334664583
  view-data: 0.624425295740366
