times:
  edit-metadata: 1.6783429495990276
  landing: 0.11900879722088575
  view-data: 0.4004227239638567
