times:
  edit-metadata: 0.7206668816506863
  landing: 0.04834591131657362
  view-data: 0.2166090551763773
