times:
  edit-metadata: 1.150078995153308
  landing: 0.04413373442366719
  view-data: 0.2002149778418243
