times:
  edit-metadata: 0.7190943257883191
  landing: 0.047050471883267164
  view-data: 0.21377896796911955
