times:
  edit-metadata: 1.7300984039902687
  landing: 0.9976508300751448
  view-data: 0.3141690529882908
