times:
  edit-metadata: 1.4492117743939161
  landing: 0.8147420715540648
  view-data: 0.3156107533723116
