times:
  edit-metadata: 1.682889647781849
  landing: 0.018964923918247223
  view-data: 0.13080621510744095
