times:
  edit-metadata: 1.548400366678834
  landing: 0.8214160315692425
  view-data: 3.4517619349062443
