times:
  edit-metadata: 1.7236840426921844
  landing: 0.23888840526342392
  view-data: 0.023074164986610413
