times:
  edit-metadata: 0.6700133732520044
  landing: 0.04049179796129465
  view-data: 0.20599710289388895
