times:
  edit-metadata: 2.808026463724673
  landing: 0.44820770900696516
  view-data: 0.7210867097601295
