times:
  edit-metadata: 0.7093662649858743
  landing: 0.0497529850108549
  view-data: 0.22268893697764724
