times:
  edit-metadata: 1.6830574367195368
  landing: 0.9441319964826107
  view-data: 3.3476541209965944
