times:
  edit-metadata: 1.6604038551449776
  landing: 0.05550077371299267
  view-data: 0.2232848983258009
