times:
  edit-metadata: 1.412377204746008
  landing: 1.0062093511223793
  view-data: 3.37141589820385
