times:
  edit-metadata: 1.4489766657352448
  landing: 0.04604477062821388
  view-data: 0.22078914567828178
