times:
  edit-metadata: 1.6998053630813956
  landing: 0.1782929478213191
  view-data: 0.408232725225389
