times:
  edit-metadata: 0.7022664193063974
  landing: 0.0506786722689867
  view-data: 0.21499815676361322
