times:
  edit-metadata: 0.7062113499268889
  landing: 0.050867361947894096
  view-data: 0.5150692339520901
