times:
  edit-metadata: 1.6230061799287796
  landing: 0.7880841009318829
  view-data: 3.2682950273156166
