times:
  edit-metadata: 1.6982036344707012
  landing: 0.021449770778417587
  view-data: 0.02337731048464775
