times:
  edit-metadata: 1.8962359987199306
  landing: 0.934602877125144
  view-data: 3.4088249700143933
