times:
  edit-metadata: 1.8044343199580908
  landing: 0.20635978318750858
  view-data: 0.10631868988275528
