times:
  edit-metadata: 0.93660753313452
  landing: 0.07771784299984574
  view-data: 0.3271009889431298
