times:
  edit-metadata: 1.1596262819948606
  landing: 0.0463631230086321
  view-data: 0.20674119700561278
