times:
  edit-metadata: 1.6173371113836765
  landing: 0.15970756765455008
  view-data: 0.025137162767350674
