times:
  edit-metadata: 1.6954985111951828
  landing: 0.020083406940102577
  view-data: 0.027299131266772747
