times:
  edit-metadata: 1.5717396456748247
  landing: 0.7997043449431658
  view-data: 3.422123832628131
