times:
  edit-metadata: 1.3515034280717373
  landing: 0.7776401666924357
  view-data: 3.395273070782423
