times:
  landing: 0.5479100960000096
  view-data: 0.551660634999962
