times:
  edit-metadata: 1.4841802977025509
  landing: 0.7524033458903432
  view-data: 3.2778859129175544
