times:
  edit-metadata: 1.751787549816072
  landing: 0.02142261527478695
  view-data: 0.1322108032181859
