times:
  landing: 1.0715673050000305
  view-data: 0.5629306359999191
