times:
  edit-metadata: 1.5818269215524197
  landing: 0.051745591685175896
  view-data: 0.21831364557147026
