times:
  edit-metadata: 1.598184909671545
  landing: 0.9119673650711775
  view-data: 3.3542572017759085
