times:
  edit-metadata: 1.6779874451458454
  landing: 1.0162775926291943
  view-data: 3.376248423010111
