times:
  edit-metadata: 1.6337297093123198
  landing: 0.875801308080554
  view-data: 3.4112132731825113
