times:
  edit-metadata: 0.9022547816857696
  landing: 0.07372535113245249
  view-data: 0.26401531090959907
