times:
  edit-metadata: 1.5209299139678478
  landing: 0.04891112819314003
  view-data: 0.21993321925401688
