times:
  edit-metadata: 1.68046466819942
  landing: 0.7748189773410559
  view-data: 3.4086778704077005
