times:
  edit-metadata: 1.7221054527908564
  landing: 0.020196834579110146
  view-data: 0.02308676950633526
