times:
  edit-metadata: 1.6245776964351535
  landing: 0.019796141423285007
  view-data: 0.024879904463887215
