times:
  edit-metadata: 1.1692257130052894
  landing: 0.04586598603054881
  view-data: 0.2016568398103118
