times:
  edit-metadata: 0.6847140062600374
  landing: 0.0404343749396503
  view-data: 0.20073244394734502
