times:
  edit-metadata: 0.7175535029964522
  landing: 0.04402749193832278
  view-data: 0.3444165620021522
