times:
  landing: 1.0851909859999864
  view-data: 0.5614406020000047
