times:
  edit-metadata: 1.7786586806178093
  landing: 0.8208131119608879
  view-data: 3.3000334668904543
