times:
  edit-metadata: 1.4471938721835613
  landing: 0.04280392825603485
  view-data: 0.22325237095355988
