times:
  edit-metadata: 1.7120042648166418
  landing: 0.14429862424731255
  view-data: 0.14788955450057983
