times:
  edit-metadata: 0.6909157750196755
  landing: 0.04416178399696946
  view-data: 0.34662864077836275
