times:
  edit-metadata: 0.7765284979832359
  landing: 0.05798442801460624
  view-data: 0.2225538549828343
