times:
  edit-metadata: 1.3254771040001287
  landing: 0.12175891299966679
  view-data: 0.31460263400003896
