times:
  edit-metadata: 0.7428412372246385
  landing: 0.04836970567703247
  view-data: 0.22375534661114216
