times:
  edit-metadata: 1.1807591270189732
  landing: 0.054674314975272864
  view-data: 0.20082309795543551
