times:
  edit-metadata: 1.526120774447918
  landing: 0.9561444688588381
  view-data: 3.387752803042531
