times:
  edit-metadata: 0.8173565356992185
  landing: 0.06480347318574786
  view-data: 0.23489377787336707
