times:
  edit-metadata: 3.309452820569277
  landing: 0.05138363502919674
  view-data: 0.053767645731568336
