times:
  edit-metadata: 2.49089412111789
  landing: 0.2031453875824809
  view-data: 0.17581705749034882
