times:
  edit-metadata: 0.6705928142182529
  landing: 0.04554414190351963
  view-data: 0.20965344365686178
