times:
  edit-metadata: 1.6746734119951725
  landing: 0.023957042023539543
  view-data: 0.12393234670162201
