times:
  landing: 0.5570126249999703
  view-data: 0.5534103630000118
