times:
  landing: 1.0980923879999978
  view-data: 0.5539017220000346
