times:
  edit-metadata: 1.707117266021669
  landing: 0.022750978358089924
  view-data: 0.1005911510437727
