times:
  landing: 0.5444959820000008
  view-data: 0.5526245689999882
