times:
  edit-metadata: 1.4297344535589218
  landing: 0.05073833465576172
  view-data: 0.2219201922416687
