times:
  landing: 0.5599960229999965
  view-data: 0.5550032149999993
