times:
  edit-metadata: 1.1547069300431758
  landing: 0.059938079910352826
  view-data: 0.19128464092500508
