times:
  edit-metadata: 1.7815689016133547
  landing: 0.019865275360643864
  view-data: 0.21818748395889997
