times:
  edit-metadata: 1.161836710991338
  landing: 0.04757527000037953
  view-data: 0.19915286300238222
