times:
  edit-metadata: 0.6993217431008816
  landing: 0.04329982167109847
  view-data: 0.21001520473510027
