times:
  edit-metadata: 1.5256520509719849
  landing: 0.9111707881093025
  view-data: 3.362997593358159
