times:
  edit-metadata: 1.7185967452824116
  landing: 1.0552917793393135
  view-data: 3.3584077768027782
