times:
  edit-metadata: 1.925301844254136
  landing: 1.7611758690327406
  view-data: 3.372843688353896
