times:
  edit-metadata: 1.6725766267627478
  landing: 0.019581565633416176
  view-data: 0.024333542212843895
