times:
  edit-metadata: 0.71355174575001
  landing: 0.054598335176706314
  view-data: 0.21079009398818016
