times:
  edit-metadata: 1.6800763607025146
  landing: 0.11925256811082363
  view-data: 0.45593332406133413
