times:
  edit-metadata: 1.826782714575529
  landing: 0.30524635687470436
  view-data: 0.02321394719183445
