times:
  edit-metadata: 1.162906255980488
  landing: 0.04140792501857504
  view-data: 0.20585418201517314
