times:
  edit-metadata: 2.5416805893182755
  landing: 1.4571693921461701
  view-data: 3.484750592149794
