times:
  landing: 0.5473043599999983
  view-data: 0.5545427449999352
