times:
  landing: 0.5495576200000301
  view-data: 0.556423542999994
