times:
  landing: 0.5592531519999966
  view-data: 0.5484133010000392
