times:
  edit-metadata: 1.6634760526940227
  landing: 0.13123007584363222
  view-data: 0.026733246631920338
