times:
  edit-metadata: 1.5435516461730003
  landing: 0.7860074564814568
  view-data: 3.3599964156746864
