times:
  edit-metadata: 1.682737722992897
  landing: 0.8784431014209986
  view-data: 3.348618008196354
