times:
  landing: 0.5521567250000317
  view-data: 0.5598487649999697
