times:
  edit-metadata: 1.136338783078827
  landing: 0.04277357493992895
  view-data: 0.2027016350766644
