times:
  edit-metadata: 1.5325735323131084
  landing: 0.9357050005346537
  view-data: 3.453526435419917
