times:
  edit-metadata: 1.0313163846731186
  landing: 0.06470575509592891
  view-data: 0.3269762280397117
