times:
  edit-metadata: 1.5989453829824924
  landing: 0.9390977844595909
  view-data: 3.4032591469585896
