times:
  edit-metadata: 1.7457091696560383
  landing: 1.153433097526431
  view-data: 3.385773591697216
