times:
  edit-metadata: 1.4044171702116728
  landing: 0.8752800868824124
  view-data: 3.405098137445748
