times:
  edit-metadata: 1.7048722254112363
  landing: 0.021577530540525913
  view-data: 0.023792400024831295
