times:
  edit-metadata: 1.3533526044338942
  landing: 2.6214844370260835
  view-data: 3.26616183295846
