times:
  landing: 0.5538465500000029
  view-data: 0.5534860300000446
