times:
  edit-metadata: 1.2753284918144345
  landing: 0.047925121849402785
  view-data: 0.21042133984155953
