times:
  edit-metadata: 1.6481533870100975
  landing: 0.5643973741680384
  view-data: 0.2259531393647194
