times:
  edit-metadata: 2.098275685682893
  landing: 0.3574116490781307
  view-data: 0.44505736231803894
