times:
  edit-metadata: 0.8882305012084544
  landing: 0.056916508823633194
  view-data: 0.2354229809716344
