times:
  edit-metadata: 1.5715159960091114
  landing: 0.7590702008455992
  view-data: 0.3481190111488104
