times:
  landing: 1.5871374019999962
  view-data: 0.5522194149999677
