times:
  edit-metadata: 1.5491694901138544
  landing: 0.824425358325243
  view-data: 3.4180567990988493
