times:
  edit-metadata: 1.745887091383338
  landing: 0.2136537041515112
  view-data: 0.3506448045372963
