times:
  landing: 0.5587913349999099
  view-data: 0.5625539569999773
