times:
  edit-metadata: 1.1716509819962084
  landing: 0.04161588603165001
  view-data: 0.21576842200011015
