times:
  edit-metadata: 1.4639030252583325
  landing: 0.8294787667691708
  view-data: 3.390026935841888
