times:
  edit-metadata: 1.4634842425584793
  landing: 0.8718107286840677
  view-data: 3.3030696250498295
