times:
  landing: 1.0883897510000224
  view-data: 0.5539425210000104
