times:
  landing: 1.1012340895831585
  view-data: 1.093546649441123
