times:
  edit-metadata: 1.6700533255934715
  landing: 0.5366010125726461
  view-data: 0.26101794466376305
