times:
  landing: 1.0683135209999932
  view-data: 0.5532249839999963
