times:
  edit-metadata: 1.623593159019947
  landing: 0.01998053304851055
  view-data: 0.027373109944164753
