times:
  edit-metadata: 1.719386788085103
  landing: 0.01941438764333725
  view-data: 0.12589618749916553
