times:
  landing: 1.0691654729999982
  view-data: 0.548954004000052
