times:
  edit-metadata: 0.8978755283169448
  landing: 0.07858274737372994
  view-data: 0.22010829066857696
