times:
  edit-metadata: 0.7665665750391781
  landing: 0.05592443305067718
  view-data: 0.36753351090010256
