times:
  edit-metadata: 1.4084812067449093
  landing: 0.8249029144644737
  view-data: 3.2933163307607174
