times:
  landing: 0.5933011739999756
  view-data: 0.5673050089999379
