times:
  edit-metadata: 1.5431784149259329
  landing: 0.9190350035205483
  view-data: 3.4056724682450294
