times:
  edit-metadata: 1.1515300290193409
  landing: 0.041814969037659466
  view-data: 0.212146322010085
