times:
  landing: 1.1030746799999633
  view-data: 0.5645935390000432
