times:
  edit-metadata: 1.5854057148098946
  landing: 0.6062795203179121
  view-data: 0.21287868916988373
