times:
  edit-metadata: 1.586902815848589
  landing: 0.5447994489222765
  view-data: 0.23136982321739197
