times:
  edit-metadata: 1.0942331410187762
  landing: 0.049352925998391584
  view-data: 0.19743753501097672
