times:
  edit-metadata: 1.6601748913526535
  landing: 1.1210226081311703
  view-data: 3.4429759345948696
