times:
  edit-metadata: 1.5702622402459383
  landing: 0.7200220879167318
  view-data: 0.6294027231633663
