times:
  edit-metadata: 1.140818246640265
  landing: 0.04196562198922038
  view-data: 0.20335292303934693
