times:
  edit-metadata: 1.521276455372572
  landing: 0.7275596354156733
  view-data: 3.3534233942627907
