times:
  edit-metadata: 1.6532863713800907
  landing: 0.9752110205590725
  view-data: 3.4370498917996883
