times:
  edit-metadata: 1.713317726738751
  landing: 0.020597080700099468
  view-data: 0.09868664667010307
