times:
  edit-metadata: 0.666441046167165
  landing: 0.042800297960639
  view-data: 0.2052111099474132
