times:
  edit-metadata: 1.6464635357260704
  landing: 1.0639824904501438
  view-data: 3.370717268437147
