times:
  edit-metadata: 1.458781058434397
  landing: 0.801507982891053
  view-data: 3.380737076047808
