times:
  landing: 1.0661692570000127
  view-data: 0.5514793190000091
