times:
  edit-metadata: 1.6866270508617163
  landing: 0.580121798440814
  view-data: 0.648445064201951
