times:
  edit-metadata: 1.1720815608277917
  landing: 0.04462497215718031
  view-data: 0.205245781224221
