times:
  edit-metadata: 1.6622749017551541
  landing: 0.020576519891619682
  view-data: 0.44136338494718075
