times:
  edit-metadata: 1.5679023191332817
  landing: 0.9001671895384789
  view-data: 3.366558291018009
