times:
  edit-metadata: 1.6836427822709084
  landing: 0.255598452873528
  view-data: 0.026197374798357487
