times:
  landing: 0.5508754709999835
  view-data: 0.5489485599999853
