times:
  edit-metadata: 1.5204611383378506
  landing: 0.9246504157781601
  view-data: 3.3597780764102936
