times:
  edit-metadata: 1.4280080124735832
  landing: 0.8276462405920029
  view-data: 3.3111724108457565
