times:
  landing: 1.0633780439999896
  view-data: 0.5566870050000148
