times:
  edit-metadata: 1.6951600667089224
  landing: 0.018944144248962402
  view-data: 0.36032313108444214
