times:
  landing: 0.5474893500000348
  view-data: 0.5485737500000027
