times:
  edit-metadata: 1.6803666409105062
  landing: 0.020466536283493042
  view-data: 0.3626750949770212
