times:
  edit-metadata: 0.6620665723457932
  landing: 0.04618688207119703
  view-data: 0.20303117204457521
