times:
  edit-metadata: 0.685179989784956
  landing: 0.041753252036869526
  view-data: 0.19832756323739886
