times:
  edit-metadata: 0.6782436301000416
  landing: 0.038337336387485266
  view-data: 0.20312375016510487
