times:
  edit-metadata: 1.5193009674549103
  landing: 0.9838117733597755
  view-data: 3.409854505211115
