times:
  edit-metadata: 0.7307749507017434
  landing: 0.04756709327921271
  view-data: 0.3823930020444095
