times:
  edit-metadata: 1.8271927926689386
  landing: 0.21561578288674355
  view-data: 0.28387463837862015
