times:
  landing: 0.5417809080000779
  view-data: 0.5460903700000017
