times:
  edit-metadata: 1.261679763905704
  landing: 0.0857713739387691
  view-data: 0.2579875569790602
