times:
  edit-metadata: 0.6713262288831174
  landing: 0.08117918786592782
  view-data: 0.2415790578816086
