times:
  edit-metadata: 1.511089000850916
  landing: 1.0504154488444328
  view-data: 3.4125423319637775
