times:
  edit-metadata: 2.2184590324759483
  landing: 0.2949438039213419
  view-data: 0.4507289081811905
