times:
  edit-metadata: 1.4744753874838352
  landing: 0.8220120668411255
  view-data: 3.3258363604545593
