times:
  edit-metadata: 1.9470954816788435
  landing: 0.21592379920184612
  view-data: 0.18073315732181072
