times:
  edit-metadata: 1.6654498185962439
  landing: 0.024187606759369373
  view-data: 0.12885409221053123
