times:
  edit-metadata: 1.67191182076931
  landing: 0.022884678095579147
  view-data: 0.025812653824687004
