times:
  edit-metadata: 1.4015443697571754
  landing: 0.04991013929247856
  view-data: 0.2182624600827694
