times:
  edit-metadata: 1.3995464788749814
  landing: 0.8055170378647745
  view-data: 3.336131365969777
