times:
  edit-metadata: 1.9606569558382034
  landing: 0.21003340557217598
  view-data: 0.1442074328660965
