times:
  edit-metadata: 0.7321624660398811
  landing: 0.05573525605723262
  view-data: 0.2208762790542096
