times:
  edit-metadata: 0.7203863905742764
  landing: 0.05096696503460407
  view-data: 0.21326767932623625
