times:
  edit-metadata: 1.5882159769535065
  landing: 0.5713753271847963
  view-data: 0.6276811957359314
