times:
  edit-metadata: 1.5977073200047016
  landing: 1.0534723959863186
  view-data: 3.298573885113001
