times:
  edit-metadata: 1.1454730490222573
  landing: 0.05187824502354488
  view-data: 0.2067006499855779
