times:
  edit-metadata: 1.8544425163418055
  landing: 0.01953764818608761
  view-data: 0.02422834001481533
