times:
  edit-metadata: 1.1360841650166549
  landing: 0.060162410023622215
  view-data: 0.20396955899195746
