times:
  edit-metadata: 1.5217019319534302
  landing: 0.9425243195146322
  view-data: 3.466814512386918
