times:
  edit-metadata: 0.71234918711707
  landing: 0.050650638062506914
  view-data: 0.20844531897455454
