times:
  edit-metadata: 2.07863184530288
  landing: 0.020731563679873943
  view-data: 0.03016072604805231
