times:
  edit-metadata: 1.5398923568427563
  landing: 0.9802957735955715
  view-data: 3.4340310730040073
