times:
  edit-metadata: 1.6079963967204094
  landing: 0.0544096902012825
  view-data: 0.23184225521981716
