times:
  edit-metadata: 1.5548501685261726
  landing: 0.7615347281098366
  view-data: 3.315789297223091
