times:
  edit-metadata: 1.7004490830004215
  landing: 0.09827945195138454
  view-data: 0.10259560868144035
