times:
  edit-metadata: 1.7629848178476095
  landing: 1.1912864111363888
  view-data: 3.4686253406107426
