times:
  edit-metadata: 1.754520964808762
  landing: 0.1330768344923854
  view-data: 0.19579957239329815
