times:
  landing: 1.079758283999979
  view-data: 0.559489072999952
