times:
  edit-metadata: 1.66932381875813
  landing: 0.18836201168596745
  view-data: 0.31789606250822544
