times:
  edit-metadata: 0.7069631912745535
  landing: 0.05240171728655696
  view-data: 0.22066642483696342
