times:
  edit-metadata: 1.3989162461366504
  landing: 0.8184837121516466
  view-data: 0.5773535519838333
