times:
  edit-metadata: 0.6903900250326842
  landing: 0.04891215998213738
  view-data: 0.23175430798437446
