times:
  edit-metadata: 0.7187934200046584
  landing: 0.05443322198698297
  view-data: 0.21987152501242235
