times:
  edit-metadata: 1.3893693871796131
  landing: 0.052499979734420776
  view-data: 0.21589809656143188
