times:
  edit-metadata: 1.5838262913748622
  landing: 0.8631966440007091
  view-data: 3.3660015175119042
