times:
  landing: 0.5565600339999719
  view-data: 0.5604300649999914
