times:
  edit-metadata: 1.7062910264357924
  landing: 0.022258815355598927
  view-data: 0.02509971149265766
