times:
  edit-metadata: 1.4072314277291298
  landing: 0.8859118707478046
  view-data: 3.365701090544462
