times:
  edit-metadata: 1.52708931080997
  landing: 0.8538195881992579
  view-data: 0.5490457806736231
