times:
  edit-metadata: 1.6516913138329983
  landing: 0.019927912391722202
  view-data: 0.4118847083300352
