times:
  edit-metadata: 0.7168208477087319
  landing: 0.04643204901367426
  view-data: 0.22999118454754353
