times:
  edit-metadata: 0.6928413724526763
  landing: 0.04813150875270367
  view-data: 0.2256749328225851
