times:
  edit-metadata: 2.027102841064334
  landing: 0.15083331428468227
  view-data: 0.3631573263555765
