times:
  edit-metadata: 1.1408006449928507
  landing: 0.041143320995615795
  view-data: 0.2041066349920584
