times:
  edit-metadata: 1.7145784329622984
  landing: 0.11834751255810261
  view-data: 0.024965067394077778
