times:
  edit-metadata: 1.177704791072756
  landing: 0.049757173750549555
  view-data: 0.2185656949877739
