times:
  edit-metadata: 1.5035932091996074
  landing: 0.8036199249327183
  view-data: 3.409593434073031
