times:
  edit-metadata: 0.711439843988046
  landing: 0.07524933014065027
  view-data: 0.35549966897815466
