times:
  edit-metadata: 1.1534429999883287
  landing: 0.04123948299093172
  view-data: 0.20362533198203892
