times:
  edit-metadata: 1.4627323001623154
  landing: 0.8316902928054333
  view-data: 3.3080088570713997
