times:
  edit-metadata: 1.4454593593254685
  landing: 0.9905746150761843
  view-data: 3.4303147569298744
