times:
  landing: 1.0862192760000084
  view-data: 0.5761173540000186
