times:
  edit-metadata: 0.7055835425853729
  landing: 0.051956783048808575
  view-data: 0.2151888580992818
