times:
  edit-metadata: 3.981710497289896
  landing: 0.22283080965280533
  view-data: 0.3200372401624918
