times:
  edit-metadata: 1.567896705120802
  landing: 0.8259645458310843
  view-data: 3.4276605416089296
