times:
  edit-metadata: 1.6258353870362043
  landing: 0.9092189185321331
  view-data: 0.4493438843637705
