times:
  edit-metadata: 1.7245605885982513
  landing: 0.019406573846936226
  view-data: 0.15067342668771744
