times:
  landing: 0.5739048579999917
  view-data: 0.5599078489999556
