times:
  edit-metadata: 1.3916231654584408
  landing: 0.04821717366576195
  view-data: 0.2143399827182293
