times:
  edit-metadata: 1.7334670517593622
  landing: 0.02480490878224373
  view-data: 0.10373074002563953
