times:
  edit-metadata: 1.401257794117555
  landing: 0.7962871338240802
  view-data: 3.32521148188971
