times:
  edit-metadata: 1.9192358516156673
  landing: 1.2478537671267986
  view-data: 3.5815789280459285
