times:
  edit-metadata: 1.3853221759200096
  landing: 0.050179749727249146
  view-data: 0.2119717113673687
