times:
  edit-metadata: 1.5011593699455261
  landing: 0.9021916799247265
  view-data: 3.3305672332644463
