times:
  edit-metadata: 1.6667677443474531
  landing: 1.0183320064097643
  view-data: 3.4323779437690973
