times:
  edit-metadata: 1.4836694858968258
  landing: 0.7871515788137913
  view-data: 3.367443047463894
