times:
  landing: 1.074956584000006
  view-data: 0.555529612999976
