times:
  edit-metadata: 0.732215714873746
  landing: 0.04716256610117853
  view-data: 0.2154925810173154
