times:
  landing: 1.0696093669999982
  view-data: 0.5556078510000475
