times:
  edit-metadata: 1.3946682550013065
  landing: 0.840716440230608
  view-data: 3.346390498802066
