times:
  edit-metadata: 0.6954255779273808
  landing: 0.047592120012268424
  view-data: 0.22138855187222362
