times:
  edit-metadata: 2.412065664306283
  landing: 0.360550319775939
  view-data: 0.4418016728013754
