times:
  edit-metadata: 0.7339417980983853
  landing: 0.05342362727969885
  view-data: 0.22439165320247412
