times:
  edit-metadata: 1.4125861562788486
  landing: 0.04006260260939598
  view-data: 0.21788102015852928
