times:
  edit-metadata: 1.6919403206557035
  landing: 0.23284062556922436
  view-data: 0.5255135223269463
