times:
  edit-metadata: 1.156660852022469
  landing: 0.04733431595377624
  view-data: 0.21272483794018626
