times:
  edit-metadata: 1.4013211019337177
  landing: 0.90972600877285
  view-data: 3.336703933775425
