times:
  edit-metadata: 0.689451381971594
  landing: 0.04588191496441141
  view-data: 0.2234286199673079
