times:
  edit-metadata: 1.5997173674404621
  landing: 0.9828619435429573
  view-data: 3.3332995362579823
