times:
  edit-metadata: 0.7963023069314659
  landing: 0.049517510924488306
  view-data: 0.35383739275857806
