times:
  landing: 0.5655405619999669
  view-data: 0.5632021330000043
