times:
  edit-metadata: 1.5847059842199087
  landing: 0.5761823523789644
  view-data: 0.619346184656024
