times:
  edit-metadata: 1.1928654219955206
  landing: 0.05398851307108998
  view-data: 0.2018773560412228
