times:
  landing: 0.6287328460000481
  view-data: 0.5640550090000147
