times:
  edit-metadata: 0.6912698624655604
  landing: 0.04836886841803789
  view-data: 0.21204637922346592
