times:
  landing: 1.1180500589999838
  view-data: 0.559290944000054
