times:
  edit-metadata: 1.5343182571232319
  landing: 0.9671042785048485
  view-data: 3.4192200303077698
