times:
  edit-metadata: 1.6833416800945997
  landing: 0.021432642824947834
  view-data: 0.022791637107729912
