times:
  landing: 1.0843591139998807
  view-data: 0.5584950699999354
