times:
  landing: 0.5473897230000375
  view-data: 0.5533896119999895
