times:
  landing: 1.0669193979999818
  view-data: 0.5475608649999799
