times:
  landing: 0.5616201379999666
  view-data: 0.5548991119999869
