times:
  edit-metadata: 1.6346820667386055
  landing: 0.9679717756807804
  view-data: 3.3319650255143642
