times:
  landing: 0.5555837949999898
  view-data: 0.06398043599998005
