times:
  edit-metadata: 0.745067422016291
  landing: 0.06266415800200775
  view-data: 0.23732965500676073
