times:
  edit-metadata: 1.6367362523451447
  landing: 0.18177372682839632
  view-data: 0.025436241179704666
