times:
  landing: 0.5587184890000003
  view-data: 0.04527319900000748
