times:
  edit-metadata: 1.3167643640190363
  landing: 0.8776991821359843
  view-data: 3.2851798811461776
