times:
  edit-metadata: 0.6836788300424814
  landing: 0.04265145491808653
  view-data: 0.214250051882118
