times:
  edit-metadata: 1.1485832040198147
  landing: 0.049123011995106936
  view-data: 0.2158210639609024
