times:
  landing: 1.068817058000036
  view-data: 0.5511073950000309
