times:
  edit-metadata: 1.1726670699717943
  landing: 0.04905881200102158
  view-data: 0.3372481930127833
