times:
  edit-metadata: 1.568117368966341
  landing: 0.8098352551460266
  view-data: 3.348495304584503
