times:
  edit-metadata: 1.1525414449861273
  landing: 0.04453926801215857
  view-data: 0.2048745440552011
