times:
  edit-metadata: 0.7341079629841261
  landing: 0.0550253470428288
  view-data: 0.24095111002679914
