times:
  edit-metadata: 1.1724947912152857
  landing: 0.05514587787911296
  view-data: 0.2040152451954782
