times:
  edit-metadata: 1.692419109866023
  landing: 0.9462783299386501
  view-data: 3.337660202756524
