times:
  edit-metadata: 2.2141112769022584
  landing: 1.2003561025485396
  view-data: 3.7463657492771745
