times:
  landing: 0.5654574190000403
  view-data: 0.56205010299999
