times:
  edit-metadata: 1.4710642956197262
  landing: 0.7543712854385376
  view-data: 3.321190692484379
