times:
  edit-metadata: 1.562526412308216
  landing: 0.8570405170321465
  view-data: 3.376016564667225
