times:
  edit-metadata: 1.4954007379710674
  landing: 0.8106868788599968
  view-data: 0.3387547619640827
