times:
  landing: 0.5546367889999146
  view-data: 0.5652733409999655
