times:
  edit-metadata: 2.0661070980131626
  landing: 0.26669710502028465
  view-data: 0.37741763330996037
