times:
  edit-metadata: 1.5670187268406153
  landing: 0.876280527561903
  view-data: 3.4011595398187637
