times:
  landing: 0.5518872039999678
  view-data: 0.5612364230000253
