times:
  edit-metadata: 0.7203496741130948
  landing: 0.0500901872292161
  view-data: 0.2104939976707101
