times:
  edit-metadata: 1.751737043261528
  landing: 0.13840104825794697
  view-data: 0.025461524724960327
