times:
  landing: 1.087714525000024
  view-data: 0.5492411510000466
