times:
  edit-metadata: 0.7093326470348984
  landing: 0.04977839509956539
  view-data: 0.2179545268882066
