times:
  edit-metadata: 1.7628953512758017
  landing: 0.021082721650600433
  view-data: 0.36821142956614494
