times:
  edit-metadata: 1.7642127992585301
  landing: 0.018926708959043026
  view-data: 0.02491515502333641
