times:
  edit-metadata: 1.9420280046761036
  landing: 1.1032215096056461
  view-data: 3.4653123803436756
