times:
  landing: 0.5854791219999811
  view-data: 0.5630036539999992
