times:
  edit-metadata: 1.4213668256998062
  landing: 0.05385025963187218
  view-data: 0.21582959219813347
