times:
  edit-metadata: 1.7161436881870031
  landing: 1.079825483262539
  view-data: 3.417050091549754
