times:
  edit-metadata: 0.6899100460577756
  landing: 0.0755336198490113
  view-data: 0.2515759668312967
