times:
  edit-metadata: 1.6533452710136771
  landing: 0.022039671428501606
  view-data: 0.12382705509662628
