times:
  edit-metadata: 1.4625825863331556
  landing: 1.327272953465581
  view-data: 0.23018561489880085
