times:
  edit-metadata: 1.7481218054890633
  landing: 0.20678106509149075
  view-data: 0.12264738231897354
