times:
  edit-metadata: 0.7609218069701456
  landing: 0.07077242201194167
  view-data: 0.2585073820082471
