times:
  edit-metadata: 1.4930687136948109
  landing: 0.9756004847586155
  view-data: 3.4149366803467274
