times:
  edit-metadata: 1.5988922156393528
  landing: 0.3853813409805298
  view-data: 0.21664792858064175
