times:
  edit-metadata: 1.44438835978508
  landing: 0.9767907038331032
  view-data: 3.3343736603856087
