times:
  edit-metadata: 0.6965789720416069
  landing: 0.046848752070218325
  view-data: 0.21381011279299855
