times:
  edit-metadata: 0.7085952800698578
  landing: 0.04976572236046195
  view-data: 0.23664329992607236
