times:
  landing: 1.0980861890000142
  view-data: 0.5493991989999927
