times:
  edit-metadata: 1.5807785354554653
  landing: 1.291401170194149
  view-data: 0.6051829047501087
