times:
  landing: 0.5515685199999893
  view-data: 0.5533699410000281
