times:
  landing: 0.5423899040000038
  view-data: 0.5462242600000309
