times:
  edit-metadata: 1.679550850763917
  landing: 0.1572668980807066
  view-data: 0.13543724827468395
