times:
  landing: 0.5532190879999916
  view-data: 0.5569125129999861
