times:
  edit-metadata: 0.6817513289861381
  landing: 0.04583374224603176
  view-data: 0.2066193027421832
