times:
  edit-metadata: 1.6278917454183102
  landing: 1.5688595827668905
  view-data: 0.3078014478087425
