times:
  landing: 0.5535582140000201
  view-data: 0.5551958560000116
