times:
  edit-metadata: 1.7068387251347303
  landing: 0.022113552317023277
  view-data: 0.14378413278609514
