times:
  landing: 0.5525522249999995
  view-data: 0.5601313399999981
