times:
  edit-metadata: 1.443283785134554
  landing: 0.9165183529257774
  view-data: 3.349891521036625
