times:
  edit-metadata: 1.8021364510059357
  landing: 0.018294408917427063
  view-data: 0.3281357791274786
