times:
  edit-metadata: 1.6669114860706031
  landing: 0.9385137879289687
  view-data: 0.5201098029501736
