times:
  landing: 1.5816285009999547
  view-data: 1.076856002999989
