times:
  edit-metadata: 1.1511803360190243
  landing: 0.043508282862603664
  view-data: 0.2118068728595972
