times:
  edit-metadata: 0.7184376493096352
  landing: 0.051923660561442375
  view-data: 0.21871129795908928
