times:
  edit-metadata: 1.5002862960100174
  landing: 0.9446816816926003
  view-data: 3.377712894231081
