times:
  edit-metadata: 1.6929593132808805
  landing: 0.024540097452700138
  view-data: 0.12728902325034142
