times:
  edit-metadata: 1.6713315015658736
  landing: 0.15235118102282286
  view-data: 0.025562058202922344
