times:
  edit-metadata: 1.3362619280815125
  landing: 0.8560716416686773
  view-data: 3.309227641671896
