times:
  edit-metadata: 1.4258728409186006
  landing: 0.8044637283310294
  view-data: 3.3515276834368706
