times:
  landing: 0.5611167050000176
  view-data: 0.5489336389999835
