times:
  landing: 0.5461207270000159
  view-data: 0.5450768840000251
