times:
  edit-metadata: 1.7029322050511837
  landing: 0.19858822412788868
  view-data: 0.02565445564687252
