times:
  edit-metadata: 1.5503606963902712
  landing: 0.8853699173778296
  view-data: 3.478939400985837
