times:
  edit-metadata: 1.1444477910117712
  landing: 0.05404707000707276
  view-data: 0.2034064170147758
