times:
  edit-metadata: 1.3795927911996841
  landing: 0.9081879667937756
  view-data: 3.342290583997965
