times:
  edit-metadata: 1.5125510580837727
  landing: 2.2479763329029083
  view-data: 3.4250282756984234
