times:
  edit-metadata: 1.6555663757026196
  landing: 2.2990882750600576
  view-data: 0.34525732323527336
