times:
  landing: 0.5676995649999981
  view-data: 0.5556372929999611
