times:
  landing: 0.5523583809999764
  view-data: 0.5601587710000331
