times:
  edit-metadata: 1.7376456744968891
  landing: 0.021205966360867023
  view-data: 0.025003578513860703
