times:
  edit-metadata: 3.7885167971253395
  landing: 0.5418140953406692
  view-data: 0.666637996211648
