times:
  landing: 0.5569280600000184
  view-data: 0.5667365929999733
