times:
  edit-metadata: 2.0936841163784266
  landing: 0.15957925654947758
  view-data: 0.4281546287238598
