times:
  edit-metadata: 1.678578200750053
  landing: 0.01919029839336872
  view-data: 0.02840272244066
