times:
  edit-metadata: 1.1556689199060202
  landing: 0.05445627076551318
  view-data: 0.1992447511292994
