times:
  edit-metadata: 1.5111123844981194
  landing: 0.9871365539729595
  view-data: 3.3877011239528656
