times:
  edit-metadata: 1.7294987384229898
  landing: 0.22005615197122097
  view-data: 0.024159377440810204
