times:
  landing: 0.549606864999987
  view-data: 0.5554427360000318
