times:
  edit-metadata: 1.7036025263369083
  landing: 0.019130496308207512
  view-data: 0.024792134761810303
