times:
  edit-metadata: 1.6117797810584307
  landing: 0.8417513966560364
  view-data: 3.4248437955975533
