times:
  edit-metadata: 1.4600166976451874
  landing: 0.7818158827722073
  view-data: 3.319134648889303
