times:
  edit-metadata: 0.8393844910897315
  landing: 0.06674491288140416
  view-data: 0.24244381114840508
