times:
  edit-metadata: 0.784319476922974
  landing: 0.050696894992142916
  view-data: 0.25062455201987177
