times:
  edit-metadata: 1.651782545261085
  landing: 0.02179747074842453
  view-data: 0.1203607777133584
