times:
  edit-metadata: 1.7657935973256826
  landing: 0.5713210441172123
  view-data: 0.5955188330262899
