times:
  edit-metadata: 1.5933075845241547
  landing: 0.8757297843694687
  view-data: 3.5063895285129547
