times:
  edit-metadata: 1.54522386752069
  landing: 0.8096372094005346
  view-data: 3.434649420902133
