times:
  edit-metadata: 1.677532397210598
  landing: 0.23507403209805489
  view-data: 0.02399206254631281
