times:
  edit-metadata: 1.5981566393747926
  landing: 0.021557512693107128
  view-data: 0.1246589943766594
