times:
  edit-metadata: 1.7391322739422321
  landing: 0.24345342256128788
  view-data: 0.40774829033762217
