times:
  edit-metadata: 0.6702889781445265
  landing: 0.045118310023099184
  view-data: 0.2116799778304994
