times:
  edit-metadata: 1.7233180068433285
  landing: 0.6320152878761292
  view-data: 0.62342169880867
