times:
  edit-metadata: 1.1765172888990492
  landing: 0.05141508998349309
  view-data: 0.2038701621349901
