times:
  edit-metadata: 0.7795388100203127
  landing: 0.04827676899731159
  view-data: 0.2254851420293562
