times:
  edit-metadata: 0.7072485568933189
  landing: 0.05143206799402833
  view-data: 0.20716332085430622
