times:
  landing: 0.5556657390000055
  view-data: 0.5598665929999811
