times:
  edit-metadata: 1.1511256670346484
  landing: 0.04234843293670565
  view-data: 0.20982353994622827
