times:
  edit-metadata: 2.156237453222275
  landing: 1.0088853389024734
  view-data: 3.5306005403399467
