times:
  edit-metadata: 1.7995939124375582
  landing: 0.020621832460165024
  view-data: 0.0254318006336689
