times:
  edit-metadata: 1.639651970937848
  landing: 0.02216727565973997
  view-data: 0.4063364341855049
