times:
  edit-metadata: 1.595358956605196
  landing: 2.148853888735175
  view-data: 0.420625077560544
