times:
  landing: 0.5464401950000024
  view-data: 0.552939063999986
