times:
  edit-metadata: 1.768455596640706
  landing: 0.026013832539319992
  view-data: 0.32202639803290367
