times:
  edit-metadata: 1.6899405904114246
  landing: 0.20377385057508945
  view-data: 0.11878462787717581
