times:
  edit-metadata: 1.1615889209788293
  landing: 0.051699892967008054
  view-data: 0.20687895105220377
