times:
  landing: 1.0583641890000024
  view-data: 0.5446590610000044
