times:
  edit-metadata: 1.5000228509306908
  landing: 0.8792144656181335
  view-data: 3.396849349141121
