times:
  landing: 1.0606975440000497
  view-data: 0.5480885669999793
