times:
  edit-metadata: 0.6607100055553019
  landing: 0.04912513913586736
  view-data: 0.21159544494003057
