times:
  landing: 0.5483337569999662
  view-data: 0.5536591219999991
