times:
  edit-metadata: 1.5674232058227062
  landing: 0.8183026984333992
  view-data: 3.400141280144453
