times:
  edit-metadata: 1.6424136273562908
  landing: 0.8868530094623566
  view-data: 3.337124314159155
