times:
  landing: 0.5568806370000061
  view-data: 0.5647623550000276
