times:
  edit-metadata: 1.8149461895227432
  landing: 0.37629716470837593
  view-data: 0.1988967601209879
