times:
  edit-metadata: 1.7297735344618559
  landing: 0.021641805768013
  view-data: 0.12530611269176006
