times:
  edit-metadata: 0.7591753541491926
  landing: 0.07508070906624198
  view-data: 0.22194075724110007
