times:
  edit-metadata: 1.6605450306087732
  landing: 0.019921245984733105
  view-data: 0.12304868176579475
