times:
  edit-metadata: 1.4940061941742897
  landing: 0.8780902810394764
  view-data: 3.3602374270558357
