times:
  edit-metadata: 1.4846227765083313
  landing: 1.0236298516392708
  view-data: 3.3417565412819386
