times:
  edit-metadata: 1.621387803927064
  landing: 0.6821831110864878
  view-data: 0.34877292439341545
