times:
  edit-metadata: 1.5586514864116907
  landing: 1.022467141970992
  view-data: 0.31754136830568314
