times:
  edit-metadata: 0.7174952700734138
  landing: 0.04832802340388298
  view-data: 0.331845928914845
