times:
  landing: 1.0648170210000103
  view-data: 0.5572095310000122
