times:
  edit-metadata: 1.5521669797599316
  landing: 0.8735368680208921
  view-data: 3.456836396828294
