times:
  edit-metadata: 0.6639794171787798
  landing: 0.051086629275232553
  view-data: 0.20978753175586462
