times:
  edit-metadata: 0.725298484088853
  landing: 0.051768774166703224
  view-data: 0.21170980599708855
