times:
  edit-metadata: 1.7220391277223825
  landing: 0.020120132714509964
  view-data: 0.13304669223725796
