times:
  edit-metadata: 0.6874003303237259
  landing: 0.05102891614660621
  view-data: 0.2034530066885054
