times:
  edit-metadata: 1.9467640649527311
  landing: 0.022298891097307205
  view-data: 0.12545435689389706
