times:
  landing: 0.5537606170000231
  view-data: 0.5741342540000005
