times:
  edit-metadata: 1.6468530921265483
  landing: 0.12545583117753267
  view-data: 0.027190023101866245
