times:
  edit-metadata: 1.6767789218574762
  landing: 0.8127592168748379
  view-data: 3.4076702129095793
