times:
  edit-metadata: 1.7044069878757
  landing: 0.02277128491550684
  view-data: 0.45960657484829426
