times:
  edit-metadata: 1.5987333729863167
  landing: 0.5777036193758249
  view-data: 0.6414754036813974
