times:
  edit-metadata: 1.152535076951608
  landing: 0.043590197106823325
  view-data: 0.20347419707104564
