times:
  edit-metadata: 1.5246275644749403
  landing: 0.855242233723402
  view-data: 0.32823874801397324
