times:
  edit-metadata: 1.833488155156374
  landing: 0.025568990036845207
  view-data: 0.02689451165497303
