times:
  edit-metadata: 1.5411069951951504
  landing: 0.734169377014041
  view-data: 3.4042175374925137
