times:
  edit-metadata: 1.7422752287238836
  landing: 0.020715494640171528
  view-data: 0.026452532038092613
