times:
  edit-metadata: 0.6564693390391767
  landing: 0.04559345869347453
  view-data: 0.48274723859503865
