times:
  edit-metadata: 1.7337197978049517
  landing: 0.018839433789253235
  view-data: 0.02268766053020954
