times:
  edit-metadata: 0.6745313466526568
  landing: 0.05252050794661045
  view-data: 0.20655547408387065
