times:
  edit-metadata: 1.1578479860909283
  landing: 0.04466739809140563
  view-data: 0.19969776505604386
