times:
  landing: 1.0662430950000044
  view-data: 0.5891702280000004
