times:
  edit-metadata: 1.6608167234808207
  landing: 0.020030684769153595
  view-data: 0.09754859283566475
