times:
  edit-metadata: 1.0710823610424995
  landing: 0.1526795239187777
  view-data: 0.25354454200714827
