times:
  landing: 0.5440298909999228
  view-data: 0.5457782749999751
