times:
  edit-metadata: 2.068992432206869
  landing: 0.15392112359404564
  view-data: 0.38640582747757435
