times:
  edit-metadata: 0.7649382420349866
  landing: 0.06336500099860132
  view-data: 0.23233740602154285
