times:
  landing: 0.5526131940000027
  view-data: 0.5604868969999757
