times:
  landing: 0.5548881940000001
  view-data: 0.549076226000011
