times:
  edit-metadata: 1.7894393429160118
  landing: 0.9146761856973171
  view-data: 0.3253008145838976
