times:
  edit-metadata: 1.523535568267107
  landing: 0.8392789885401726
  view-data: 3.329118676483631
