times:
  edit-metadata: 1.328417613869533
  landing: 0.7319094790145755
  view-data: 3.2380052630323917
