times:
  edit-metadata: 1.6039418652653694
  landing: 1.0118283033370972
  view-data: 3.3283410370349884
