times:
  edit-metadata: 0.8490749890042935
  landing: 0.10823480700491928
  view-data: 0.25230797100812197
