times:
  edit-metadata: 1.797508493065834
  landing: 1.252827800810337
  view-data: 3.3655419759452343
