times:
  edit-metadata: 0.6851590638980269
  landing: 0.04127645865082741
  view-data: 0.20746052078902721
