times:
  edit-metadata: 1.559515530243516
  landing: 0.5854355879127979
  view-data: 0.22121562063694
