times:
  landing: 0.5517108829999984
  view-data: 0.5588248340000064
