times:
  edit-metadata: 1.6062443405389786
  landing: 0.8028129898011684
  view-data: 0.4904902409762144
