times:
  edit-metadata: 1.0772621559999607
  landing: 0.04593213000043761
  view-data: 0.20402602600006503
