times:
  edit-metadata: 1.1512036330532283
  landing: 0.055364163126796484
  view-data: 0.2094295269344002
