times:
  edit-metadata: 1.5229361429810524
  landing: 0.7483635134994984
  view-data: 3.390361685305834
