times:
  edit-metadata: 0.7333973371423781
  landing: 0.07996225263923407
  view-data: 0.22145158471539617
