times:
  edit-metadata: 1.7004368156194687
  landing: 0.8487859163433313
  view-data: 0.22913885675370693
