times:
  edit-metadata: 1.4653322519734502
  landing: 0.796727731009014
  view-data: 3.2553098619682714
