times:
  landing: 1.087356874999955
  view-data: 0.5570676510000112
