times:
  edit-metadata: 1.4223413057625294
  landing: 0.04629691317677498
  view-data: 0.2127714827656746
