times:
  edit-metadata: 1.1620418169768527
  landing: 0.049353849957697093
  view-data: 0.2024627859937027
