times:
  edit-metadata: 1.7013612855225801
  landing: 0.019717568531632423
  view-data: 0.026480933651328087
