times:
  edit-metadata: 0.6938420631922781
  landing: 0.04637174867093563
  view-data: 0.22016187710687518
