times:
  edit-metadata: 1.4222796730464324
  landing: 0.8305173980770633
  view-data: 0.5833392740460113
