times:
  edit-metadata: 1.4527909117750823
  landing: 0.8650721698068082
  view-data: 0.5450212531723082
