times:
  landing: 0.5487850760000015
  view-data: 0.5549518740000394
