times:
  edit-metadata: 1.5815570391714573
  landing: 0.9382087923586369
  view-data: 3.4567230753600597
