times:
  edit-metadata: 1.1703099349979311
  landing: 0.05181091898703016
  view-data: 0.1972280110057909
