times:
  edit-metadata: 1.5169389564543962
  landing: 0.7984737195074558
  view-data: 3.4107941444963217
