times:
  edit-metadata: 1.6616508439183235
  landing: 0.814026091247797
  view-data: 0.7397907730191946
