times:
  edit-metadata: 0.7685371791012585
  landing: 0.07834472099784762
  view-data: 0.23705124203115702
