times:
  edit-metadata: 1.404173530638218
  landing: 0.7541655972599983
  view-data: 3.2231209352612495
