times:
  edit-metadata: 1.5409343540668488
  landing: 0.7684122920036316
  view-data: 3.4035499785095453
