times:
  edit-metadata: 1.5289476700127125
  landing: 0.9741901345551014
  view-data: 3.4500921070575714
