times:
  edit-metadata: 1.6857596281915903
  landing: 0.018951651640236378
  view-data: 0.2339807255193591
