times:
  edit-metadata: 1.4542332477867603
  landing: 0.051688481122255325
  view-data: 0.22104332968592644
