times:
  edit-metadata: 1.5403867801651359
  landing: 0.9382595559582114
  view-data: 3.4165576400700957
