times:
  edit-metadata: 1.7010540906339884
  landing: 0.12542405910789967
  view-data: 0.026385667733848095
