times:
  edit-metadata: 1.4550802782177925
  landing: 0.0420277863740921
  view-data: 0.2192385196685791
