times:
  edit-metadata: 1.4954836703836918
  landing: 0.8375058695673943
  view-data: 3.3355803973972797
