times:
  edit-metadata: 1.6302082389593124
  landing: 0.7488766014575958
  view-data: 0.20982413925230503
