times:
  landing: 0.5584073500000386
  view-data: 0.560857664000082
