times:
  landing: 1.0725215840000146
  view-data: 0.5572052589999998
