times:
  edit-metadata: 0.7791195690515451
  landing: 0.07658364297822118
  view-data: 0.3468981639598496
