times:
  edit-metadata: 1.487238347530365
  landing: 0.8570554442703724
  view-data: 3.4035619385540485
