times:
  edit-metadata: 1.4594197161495686
  landing: 0.8271040702238679
  view-data: 3.3868535961955786
