times:
  landing: 1.5828289470000527
  view-data: 0.5498035530000038
