times:
  edit-metadata: 1.6612953236326575
  landing: 0.020055262371897697
  view-data: 0.02460928075015545
