times:
  edit-metadata: 0.6962539937812835
  landing: 0.048451710026711226
  view-data: 0.26436390820890665
