times:
  edit-metadata: 1.784970204345882
  landing: 0.09562716074287891
  view-data: 0.40649093221873045
