times:
  edit-metadata: 1.512441474944353
  landing: 0.8581989910453558
  view-data: 3.40665278211236
