times:
  edit-metadata: 1.701165983453393
  landing: 0.021524963900446892
  view-data: 0.1405617417767644
