times:
  edit-metadata: 1.1471679816022515
  landing: 0.053229124285280704
  view-data: 0.2048755120486021
