times:
  edit-metadata: 1.1395171760232188
  landing: 0.044550408027134836
  view-data: 0.2064640269964002
