times:
  edit-metadata: 1.164360495749861
  landing: 0.046552654821425676
  view-data: 0.19912417232990265
