times:
  edit-metadata: 1.6253307089209557
  landing: 1.0206886641681194
  view-data: 3.3698177002370358
