times:
  edit-metadata: 1.6838645096868277
  landing: 0.020951255224645138
  view-data: 0.027199198491871357
