times:
  edit-metadata: 1.5505248978734016
  landing: 0.8281649257987738
  view-data: 3.3322096038609743
