times:
  edit-metadata: 1.4643616201356053
  landing: 0.8375581009313464
  view-data: 3.3904498098418117
