times:
  edit-metadata: 2.2416800186038017
  landing: 0.21507753059267998
  view-data: 0.443310359492898
