times:
  edit-metadata: 1.1625545129645616
  landing: 0.04448863980360329
  view-data: 0.20526329800486565
