times:
  landing: 0.5607069199999728
  view-data: 0.5586674080000193
