times:
  edit-metadata: 0.7290718294680119
  landing: 0.05218498967587948
  view-data: 0.21382693480700254
