times:
  edit-metadata: 0.7108423768077046
  landing: 0.05754331103526056
  view-data: 0.8622682911809534
