times:
  edit-metadata: 1.574450671672821
  landing: 0.9612086713314056
  view-data: 3.3599074073135853
