times:
  edit-metadata: 0.7404336140025407
  landing: 0.06523435599956429
  view-data: 0.3678543600035482
