times:
  landing: 1.0657692799999836
  view-data: 1.0745292619999987
