times:
  edit-metadata: 1.899773744866252
  landing: 0.12068941816687584
  view-data: 0.24460382759571075
