times:
  edit-metadata: 1.5018968861550093
  landing: 2.0292698480188847
  view-data: 0.6950672995299101
