times:
  landing: 0.5543705900000191
  view-data: 0.5560255880000113
