times:
  edit-metadata: 1.6313451891764998
  landing: 0.2505563171580434
  view-data: 0.13939578365534544
