times:
  edit-metadata: 1.5767532605677843
  landing: 0.6710927896201611
  view-data: 0.30837337113916874
