times:
  edit-metadata: 1.870591428130865
  landing: 1.426828246563673
  view-data: 3.3358518481254578
