times:
  edit-metadata: 0.6798114459961653
  landing: 0.04441762529313564
  view-data: 0.20061435271054506
