times:
  edit-metadata: 1.5599769363179803
  landing: 0.9890564540401101
  view-data: 3.3951685121282935
