times:
  edit-metadata: 0.7266170389484614
  landing: 0.05279841599985957
  view-data: 0.24236615805421025
