times:
  edit-metadata: 1.746996022760868
  landing: 0.8381031975150108
  view-data: 3.369974486529827
