times:
  edit-metadata: 1.1737818050023634
  landing: 0.046904685004847124
  view-data: 0.2002892970049288
