times:
  landing: 0.5645960830000263
  view-data: 0.5579494030000092
