times:
  edit-metadata: 1.5634716004133224
  landing: 0.7747458294034004
  view-data: 3.372038686648011
