times:
  edit-metadata: 1.7089042365550995
  landing: 0.9550443328917027
  view-data: 3.355098843574524
