times:
  edit-metadata: 1.6987091191112995
  landing: 0.6043621189892292
  view-data: 0.22443947568535805
