times:
  edit-metadata: 0.6672270790149923
  landing: 0.06600554898614064
  view-data: 0.22404447800363414
