times:
  edit-metadata: 1.4443455785512924
  landing: 0.8395942971110344
  view-data: 3.3360305801033974
