times:
  edit-metadata: 1.5091737001203
  landing: 0.9180608447641134
  view-data: 3.389946535695344
