times:
  edit-metadata: 2.207881275564432
  landing: 0.15520748123526573
  view-data: 0.3578981403261423
