times:
  edit-metadata: 1.7133480180054903
  landing: 0.024152198806405067
  view-data: 0.3253780882805586
