times:
  edit-metadata: 1.1544876960106194
  landing: 0.12695778207853436
  view-data: 0.22831204696558416
