times:
  landing: 0.5540849899999785
  view-data: 0.5552630869999575
