times:
  edit-metadata: 0.6983650680631399
  landing: 0.05270366743206978
  view-data: 0.22000982984900475
