times:
  edit-metadata: 0.6722539961338043
  landing: 0.043912068009376526
  view-data: 0.20960820280015469
