times:
  edit-metadata: 1.5439265170134604
  landing: 1.166360184084624
  view-data: 3.398334892001003
