times:
  edit-metadata: 0.6838496729997132
  landing: 0.04539109899997129
  view-data: 0.22121647499989194
