times:
  edit-metadata: 1.821516264230013
  landing: 1.024104181677103
  view-data: 3.3895536214113235
