times:
  edit-metadata: 1.5653255805373192
  landing: 0.05876178294420242
  view-data: 0.21771233528852463
