times:
  edit-metadata: 0.7154284999705851
  landing: 0.047241383232176304
  view-data: 0.2505798740312457
