times:
  edit-metadata: 1.3960823230445385
  landing: 0.04839986562728882
  view-data: 0.21739882230758667
