times:
  edit-metadata: 1.7037375019863248
  landing: 0.01877159159630537
  view-data: 0.4495017668232322
