times:
  edit-metadata: 1.1761727380217053
  landing: 0.043678032991010696
  view-data: 0.2029301119619049
