times:
  edit-metadata: 1.1944151418283582
  landing: 0.04946256196126342
  view-data: 0.20315346587449312
