times:
  edit-metadata: 0.7044210680760443
  landing: 0.0792903141118586
  view-data: 0.23466585902497172
