times:
  landing: 0.545309986999996
  view-data: 0.5516952850000507
