times:
  edit-metadata: 1.1939090329688042
  landing: 0.04699648008681834
  view-data: 0.20287840790115297
