times:
  edit-metadata: 2.2156720981001854
  landing: 5.774543467909098
  view-data: 3.457331210374832
