times:
  edit-metadata: 1.7196621587499976
  landing: 0.020513453520834446
  view-data: 0.42554366402328014
