times:
  edit-metadata: 1.5363895893096924
  landing: 0.8406389877200127
  view-data: 3.397403893992305
