times:
  edit-metadata: 1.7046891078352928
  landing: 0.019550028257071972
  view-data: 0.026988818310201168
