times:
  edit-metadata: 1.4390362836420536
  landing: 0.055911172181367874
  view-data: 0.21731306612491608
