times:
  edit-metadata: 1.1643311989028007
  landing: 0.042866074945777655
  view-data: 0.20814857899677008
