times:
  landing: 0.5561236359999953
  view-data: 0.5567057730000329
