times:
  edit-metadata: 1.418673899024725
  landing: 0.05168382078409195
  view-data: 0.21401844173669815
