times:
  edit-metadata: 1.3949783891439438
  landing: 0.04264390096068382
  view-data: 0.21792124211788177
