times:
  landing: 0.5646698420000007
  view-data: 0.5889188600000352
