times:
  edit-metadata: 1.2201540160458535
  landing: 0.04585034213960171
  view-data: 0.19957112683914602
