times:
  edit-metadata: 0.7517767902463675
  landing: 0.04800331965088844
  view-data: 0.2376140528358519
