times:
  edit-metadata: 1.4010587520897388
  landing: 0.047487616539001465
  view-data: 0.21464256197214127
