times:
  edit-metadata: 1.181169545976445
  landing: 0.047269301023334265
  view-data: 0.2047416550340131
