times:
  landing: 1.0647438539999712
  view-data: 0.5502248249999866
