times:
  edit-metadata: 1.7284914189949632
  landing: 0.14773530513048172
  view-data: 0.23285165429115295
