times:
  edit-metadata: 0.7187730278819799
  landing: 0.04876889195293188
  view-data: 0.21790610533207655
