times:
  edit-metadata: 0.7139568860293366
  landing: 0.053486894990783185
  view-data: 0.22518416302045807
