times:
  edit-metadata: 1.5209007691591978
  landing: 0.8485755436122417
  view-data: 3.29853717982769
