times:
  edit-metadata: 2.6441136691719294
  landing: 1.5798993278294802
  view-data: 3.6468276120722294
