times:
  landing: 0.5581289600000332
  view-data: 0.5567980679999778
