times:
  edit-metadata: 1.4030961096286774
  landing: 0.04871891811490059
  view-data: 0.2189612053334713
