times:
  edit-metadata: 1.6864551808685064
  landing: 0.01927561964839697
  view-data: 0.029400072060525417
