times:
  edit-metadata: 1.9626256860792637
  landing: 0.4009014433249831
  view-data: 0.2425367459654808
