times:
  edit-metadata: 1.0987280839981395
  landing: 0.048890760001086164
  view-data: 0.2124570539999695
