times:
  edit-metadata: 0.7109945472329855
  landing: 0.04142755828797817
  view-data: 0.2146537099033594
