times:
  edit-metadata: 1.7696426045149565
  landing: 0.12161692045629025
  view-data: 0.029815442860126495
