times:
  landing: 1.067065585000023
  view-data: 0.555598955999983
