times:
  edit-metadata: 1.9834152031689882
  landing: 0.27847323194146156
  view-data: 0.34902223013341427
