times:
  edit-metadata: 1.6100083626806736
  landing: 0.6635706201195717
  view-data: 0.220454515889287
