times:
  edit-metadata: 1.534914005547762
  landing: 0.8357977084815502
  view-data: 3.4138622041791677
