times:
  edit-metadata: 1.3560514417476952
  landing: 0.13604425266385078
  view-data: 0.352915036957711
