times:
  edit-metadata: 0.7709209399763495
  landing: 0.07327362895011902
  view-data: 0.22945672110654414
