times:
  edit-metadata: 1.674184718169272
  landing: 0.021060435101389885
  view-data: 0.10082909371703863
