times:
  edit-metadata: 1.5707386545836926
  landing: 1.101550243794918
  view-data: 0.6312465835362673
