times:
  edit-metadata: 1.6495025977492332
  landing: 0.838335208594799
  view-data: 3.30965980514884
