times:
  edit-metadata: 1.5172100812196732
  landing: 0.6959547325968742
  view-data: 3.485403351485729
