times:
  edit-metadata: 1.449292365461588
  landing: 0.8005709946155548
  view-data: 3.4093590676784515
