times:
  edit-metadata: 1.4518495351076126
  landing: 0.8222950845956802
  view-data: 3.2857565209269524
