times:
  edit-metadata: 1.471443071961403
  landing: 0.9027198106050491
  view-data: 3.4913242049515247
