times:
  edit-metadata: 1.4524951577186584
  landing: 0.7925393581390381
  view-data: 3.438378758728504
