times:
  edit-metadata: 1.6130553260445595
  landing: 0.7130680978298187
  view-data: 3.474647656083107
