times:
  edit-metadata: 1.4298594407737255
  landing: 0.79535923153162
  view-data: 3.362844482064247
