times:
  edit-metadata: 1.426329605281353
  landing: 0.995708554983139
  view-data: 3.5290195792913437
