times:
  edit-metadata: 1.4457761198282242
  landing: 0.7650988474488258
  view-data: 3.281767062842846
