times:
  edit-metadata: 1.5216900929808617
  landing: 0.811145007610321
  view-data: 3.317120388150215
