times:
  edit-metadata: 1.4246382266283035
  landing: 0.7390358559787273
  view-data: 3.3369811959564686
