times:
  edit-metadata: 1.552945837378502
  landing: 0.8100279793143272
  view-data: 3.501345932483673
