times:
  edit-metadata: 1.415542371571064
  landing: 0.7279447019100189
  view-data: 3.4099608436226845
