times:
  edit-metadata: 1.4796522706747055
  landing: 0.7260236591100693
  view-data: 3.396344192326069
