times:
  edit-metadata: 1.436710201203823
  landing: 0.7670073509216309
  view-data: 3.451600894331932
