times:
  edit-metadata: 1.5479530468583107
  landing: 0.8924392499029636
  view-data: 3.2965792194008827
