times:
  edit-metadata: 1.474825032055378
  landing: 0.6797345317900181
  view-data: 3.291389726102352
