times:
  edit-metadata: 1.505919635295868
  landing: 0.7972086071968079
  view-data: 3.333099015057087
