times:
  edit-metadata: 1.3804134503006935
  landing: 0.6802121922373772
  view-data: 3.4879692271351814
