times:
  edit-metadata: 1.4567509293556213
  landing: 0.7537403889000416
  view-data: 3.320152159780264
