times:
  edit-metadata: 1.5120517313480377
  landing: 0.7429847195744514
  view-data: 3.5360493808984756
