times:
  edit-metadata: 1.5244428776204586
  landing: 0.8294541575014591
  view-data: 3.31844050437212
