times:
  edit-metadata: 1.5064335092902184
  landing: 0.713335707783699
  view-data: 3.7560936138033867
