times:
  edit-metadata: 1.3705922439694405
  landing: 0.7205703482031822
  view-data: 3.261174999177456
