times:
  edit-metadata: 1.3908017501235008
  landing: 0.8000155612826347
  view-data: 3.273295506834984
