times:
  edit-metadata: 1.381518892943859
  landing: 0.7137552946805954
  view-data: 3.4706531763076782
