times:
  edit-metadata: 1.4818239957094193
  landing: 0.8282611444592476
  view-data: 3.337805114686489
