times:
  edit-metadata: 1.4141473770141602
  landing: 0.8606869019567966
  view-data: 3.3506969660520554
