times:
  edit-metadata: 1.3804414793848991
  landing: 0.8228776976466179
  view-data: 3.415141709148884
