times:
  edit-metadata: 1.5252505913376808
  landing: 0.8552010469138622
  view-data: 3.373333916068077
