times:
  edit-metadata: 1.3919170945882797
  landing: 0.8026766180992126
  view-data: 3.249085981398821
