times:
  edit-metadata: 1.4615526646375656
  landing: 1.1483697816729546
  view-data: 3.5823784843087196
