times:
  edit-metadata: 1.4872297495603561
  landing: 0.7562407627701759
  view-data: 3.4462315812706947
