times:
  edit-metadata: 1.4327302128076553
  landing: 0.8145777396857738
  view-data: 3.327535878866911
