times:
  edit-metadata: 1.4154018387198448
  landing: 0.7552150934934616
  view-data: 3.477185294032097
