times:
  edit-metadata: 2.2291117794811726
  landing: 1.2626382447779179
  view-data: 3.6436631307005882
