times:
  edit-metadata: 1.4156749173998833
  landing: 0.6881461814045906
  view-data: 3.466505117714405
