times:
  edit-metadata: 3.819648802280426
  landing: 2.2540669962763786
  view-data: 3.607661433517933
