times:
  edit-metadata: 1.4340083859860897
  landing: 0.8015172332525253
  view-data: 3.357989363372326
