times:
  edit-metadata: 1.5295420810580254
  landing: 0.9950623996555805
  view-data: 3.3358524926006794
