times:
  edit-metadata: 1.4490561038255692
  landing: 0.8397859185934067
  view-data: 0.49551087617874146
