times:
  edit-metadata: 1.5531389601528645
  landing: 0.8376369774341583
  view-data: 3.3075828962028027
