times:
  edit-metadata: 1.7004237845540047
  landing: 0.854502484202385
  view-data: 3.7398654893040657
