times:
  edit-metadata: 1.4877961799502373
  landing: 0.7775957211852074
  view-data: 3.3373974412679672
