times:
  edit-metadata: 1.4186872467398643
  landing: 0.7798130735754967
  view-data: 3.5132012888789177
