times:
  edit-metadata: 1.3938704133033752
  landing: 0.7716188132762909
  view-data: 3.4997315034270287
