times:
  edit-metadata: 1.32865060120821
  landing: 0.7369652688503265
  view-data: 3.325657904148102
