times:
  edit-metadata: 1.5044542402029037
  landing: 0.7782759293913841
  view-data: 3.525589793920517
