times:
  edit-metadata: 1.3728355057537556
  landing: 0.812742605805397
  view-data: 3.2977569811046124
