times:
  edit-metadata: 1.834169290959835
  landing: 1.1444935984909534
  view-data: 3.319158799946308
