times:
  edit-metadata: 1.458866372704506
  landing: 0.7837299779057503
  view-data: 3.373298443853855
