times:
  edit-metadata: 1.5736356005072594
  landing: 0.7441287264227867
  view-data: 3.5349989980459213
