times:
  edit-metadata: 1.4378730729222298
  landing: 0.8240493461489677
  view-data: 3.294744297862053
