times:
  edit-metadata: 1.4487395286560059
  landing: 0.8311617895960808
  view-data: 3.293746754527092
