times:
  edit-metadata: 1.410611368715763
  landing: 0.7939930483698845
  view-data: 3.491091474890709
