times:
  edit-metadata: 1.5116904377937317
  landing: 0.7298578843474388
  view-data: 3.5251354575157166
