times:
  edit-metadata: 1.4088947772979736
  landing: 0.7243241891264915
  view-data: 3.442383699119091
