times:
  edit-metadata: 1.4456237703561783
  landing: 0.8146489337086678
  view-data: 3.320519097149372
