times:
  edit-metadata: 1.6800651848316193
  landing: 0.9369195476174355
  view-data: 3.38523630797863
