times:
  edit-metadata: 1.3773741833865643
  landing: 0.7817066796123981
  view-data: 3.3256146162748337
