times:
  edit-metadata: 1.3617015108466148
  landing: 0.7579383105039597
  view-data: 3.4729629531502724
