times:
  edit-metadata: 1.8511945605278015
  landing: 1.2370066791772842
  view-data: 3.292133539915085
