times:
  edit-metadata: 1.369923923164606
  landing: 0.7462170384824276
  view-data: 3.3367372266948223
