times:
  edit-metadata: 1.3723016306757927
  landing: 0.9824513494968414
  view-data: 3.283210787922144
