times:
  edit-metadata: 1.4038408920168877
  landing: 0.7659694850444794
  view-data: 3.4758746549487114
