times:
  edit-metadata: 1.4539514295756817
  landing: 0.8037258833646774
  view-data: 3.3181963972747326
