times:
  edit-metadata: 1.8205350786447525
  landing: 0.8659892603754997
  view-data: 3.4725134670734406
