times:
  edit-metadata: 1.5708278343081474
  landing: 0.7726599387824535
  view-data: 3.3993662782013416
