times:
  edit-metadata: 1.5283907353878021
  landing: 0.8527752906084061
  view-data: 3.300720177590847
