times:
  edit-metadata: 1.3821391686797142
  landing: 0.767107218503952
  view-data: 3.4658093228936195
