times:
  edit-metadata: 1.5367668084800243
  landing: 0.8976653926074505
  view-data: 3.305920857936144
