times:
  edit-metadata: 1.5072712898254395
  landing: 0.7869076281785965
  view-data: 3.2981391474604607
