times:
  edit-metadata: 1.490633349865675
  landing: 0.7327858172357082
  view-data: 3.2891958951950073
