times:
  edit-metadata: 1.4605516120791435
  landing: 0.9518954455852509
  view-data: 3.4426543563604355
