times:
  edit-metadata: 1.5654820390045643
  landing: 0.7749938443303108
  view-data: 3.328773111104965
