times:
  edit-metadata: 1.4830245971679688
  landing: 0.8222179114818573
  view-data: 3.4852921962738037
