times:
  edit-metadata: 1.4196715131402016
  landing: 0.7721690982580185
  view-data: 3.5385677069425583
