times:
  edit-metadata: 1.402514934539795
  landing: 0.7398841083049774
  view-data: 3.5484488531947136
