times:
  edit-metadata: 1.3747522868216038
  landing: 0.7751584425568581
  view-data: 3.34097832813859
