times:
  edit-metadata: 1.420413713902235
  landing: 0.9031806439161301
  view-data: 3.490428104996681
