times:
  edit-metadata: 2.358685076236725
  landing: 0.998248003423214
  view-data: 3.434520445764065
