times:
  edit-metadata: 1.4165941178798676
  landing: 0.6941976398229599
  view-data: 3.483588069677353
