times:
  edit-metadata: 1.347623035311699
  landing: 0.7046803757548332
  view-data: 3.4290721714496613
