times:
  edit-metadata: 1.4136936664581299
  landing: 0.7445867545902729
  view-data: 3.3171200565993786
