times:
  edit-metadata: 1.471662137657404
  landing: 0.8818561099469662
  view-data: 3.3782705143094063
