times:
  edit-metadata: 1.4567984081804752
  landing: 0.8044920116662979
  view-data: 3.341264445334673
