times:
  edit-metadata: 1.4047649651765823
  landing: 0.745404876768589
  view-data: 3.41330523788929
