times:
  edit-metadata: 1.6794727891683578
  landing: 0.8584573939442635
  view-data: 3.348151709884405
