times:
  edit-metadata: 1.4596742689609528
  landing: 0.8105288669466972
  view-data: 3.51914369314909
