times:
  edit-metadata: 1.5195995904505253
  landing: 0.8405896611511707
  view-data: 3.299768891185522
