times:
  edit-metadata: 1.3914055712521076
  landing: 0.8080819621682167
  view-data: 3.2372914254665375
