times:
  edit-metadata: 3.6063426323235035
  landing: 1.7362178713083267
  view-data: 3.6000126227736473
