times:
  edit-metadata: 1.500403292477131
  landing: 0.7767504826188087
  view-data: 3.522737868130207
