times:
  edit-metadata: 1.821509838104248
  landing: 1.0145699977874756
  view-data: 3.5354683250188828
