times:
  edit-metadata: 1.4448763579130173
  landing: 0.8975730836391449
  view-data: 3.512504130601883
