times:
  edit-metadata: 2.403252314776182
  landing: 1.2555389553308487
  view-data: 3.35257301107049
