times:
  edit-metadata: 1.3730737194418907
  landing: 0.7266147062182426
  view-data: 3.379761591553688
