times:
  edit-metadata: 1.3584327101707458
  landing: 0.8462303690612316
  view-data: 3.3608856834471226
