times:
  edit-metadata: 1.5557816326618195
  landing: 0.9095248505473137
  view-data: 3.358847491443157
