times:
  edit-metadata: 1.5374893732368946
  landing: 0.908124390989542
  view-data: 3.2640000954270363
