times:
  edit-metadata: 1.4200027510523796
  landing: 0.8050881400704384
  view-data: 3.499880500137806
