times:
  edit-metadata: 1.6595363765954971
  landing: 0.8403794839978218
  view-data: 3.3014165721833706
