times:
  edit-metadata: 1.470885880291462
  landing: 0.7449883781373501
  view-data: 3.2659955471754074
