times:
  edit-metadata: 1.4146614260971546
  landing: 0.7648540697991848
  view-data: 3.3314685076475143
