times:
  edit-metadata: 1.4961316287517548
  landing: 0.7981889694929123
  view-data: 3.50823987275362
