times:
  edit-metadata: 1.4204294383525848
  landing: 0.7663198411464691
  view-data: 3.4935524985194206
