times:
  edit-metadata: 1.4567366689443588
  landing: 0.7141993790864944
  view-data: 3.424811974167824
