times:
  edit-metadata: 1.7722760550677776
  landing: 0.9400589726865292
  view-data: 3.2977713271975517
