times:
  edit-metadata: 1.3988609127700329
  landing: 0.7822130508720875
  view-data: 3.3889986872673035
