times:
  edit-metadata: 1.6769774854183197
  landing: 0.7424108684062958
  view-data: 3.5006081238389015
