times:
  edit-metadata: 1.483851358294487
  landing: 0.7939638867974281
  view-data: 3.489501617848873
