times:
  edit-metadata: 1.4486739337444305
  landing: 0.7529318034648895
  view-data: 3.423371523618698
