times:
  edit-metadata: 1.3987729996442795
  landing: 0.7963066473603249
  view-data: 3.4752432480454445
