times:
  edit-metadata: 1.3782326057553291
  landing: 0.8974240347743034
  view-data: 3.3717207834124565
