times:
  edit-metadata: 1.1312830746173859
  landing: 0.7651075050234795
  view-data: 3.4465486630797386
