times:
  edit-metadata: 1.4360099285840988
  landing: 0.7438905909657478
  view-data: 3.303635351359844
