times:
  edit-metadata: 1.4510506615042686
  landing: 0.7961230427026749
  view-data: 3.4781201034784317
