times:
  edit-metadata: 1.5078044086694717
  landing: 0.7890797704458237
  view-data: 3.5451406240463257
