times:
  edit-metadata: 1.3776017799973488
  landing: 0.7070200033485889
  view-data: 3.3126274421811104
