times:
  edit-metadata: 1.570356160402298
  landing: 0.7770968303084373
  view-data: 3.4012810066342354
