times:
  edit-metadata: 2.6467641070485115
  landing: 0.947301808744669
  view-data: 3.3598402179777622
