times:
  edit-metadata: 1.3303364962339401
  landing: 0.8051059693098068
  view-data: 3.3634590581059456
