times:
  edit-metadata: 1.4581016078591347
  landing: 0.7680546045303345
  view-data: 3.308320142328739
