times:
  edit-metadata: 1.4627411663532257
  landing: 0.7387609258294106
  view-data: 3.276425786316395
