times:
  edit-metadata: 1.4739636294543743
  landing: 0.7164937518537045
  view-data: 3.30955608189106
