times:
  edit-metadata: 1.4923852160573006
  landing: 0.7319710217416286
  view-data: 3.299191642552614
