times:
  edit-metadata: 1.4500407949090004
  landing: 0.804002046585083
  view-data: 3.5282885134220123
