times:
  edit-metadata: 1.496706049889326
  landing: 0.8430564068257809
  view-data: 3.3570035696029663
