times:
  edit-metadata: 1.484577365219593
  landing: 0.7216605618596077
  view-data: 3.5262671411037445
