times:
  edit-metadata: 1.4325604885816574
  landing: 0.7724690102040768
  view-data: 3.268493164330721
