times:
  edit-metadata: 1.5189592838287354
  landing: 0.6776680238544941
  view-data: 3.3668575175106525
