times:
  edit-metadata: 1.6771055310964584
  landing: 0.8187231868505478
  view-data: 3.3150127045810223
