times:
  edit-metadata: 1.4300056472420692
  landing: 0.7819845750927925
  view-data: 3.3191137686371803
