times:
  edit-metadata: 1.4198783040046692
  landing: 0.738582618534565
  view-data: 3.2940286099910736
