times:
  edit-metadata: 1.4812383614480495
  landing: 0.7913033366203308
  view-data: 3.3261472396552563
