times:
  edit-metadata: 1.4741913974285126
  landing: 0.8121200203895569
  view-data: 3.409930072724819
