times:
  edit-metadata: 1.4065598249435425
  landing: 0.7342376112937927
  view-data: 3.3892088383436203
