times:
  edit-metadata: 1.4161886349320412
  landing: 0.7864401414990425
  view-data: 3.5134177803993225
