times:
  edit-metadata: 1.3564502075314522
  landing: 0.8124120831489563
  view-data: 3.511111840605736
