times:
  edit-metadata: 1.5393340736627579
  landing: 0.8345311731100082
  view-data: 3.5476988032460213
