times:
  edit-metadata: 1.498534269630909
  landing: 0.8145690336823463
  view-data: 3.643291227519512
