times:
  edit-metadata: 1.397558480501175
  landing: 0.8853461518883705
  view-data: 3.3565141037106514
