times:
  edit-metadata: 1.4207882061600685
  landing: 0.8090329095721245
  view-data: 3.35557721555233
