times:
  edit-metadata: 1.4460006728768349
  landing: 0.7899718731641769
  view-data: 3.458283469080925
