times:
  edit-metadata: 1.4336226135492325
  landing: 0.7249375134706497
  view-data: 3.4901945888996124
