times:
  edit-metadata: 1.4862030744552612
  landing: 0.8681168928742409
  view-data: 3.3688937723636627
