times:
  edit-metadata: 1.5838590934872627
  landing: 1.1175111457705498
  view-data: 3.685772553086281
