times:
  edit-metadata: 1.5365627110004425
  landing: 0.8435317762196064
  view-data: 3.358484596014023
