times:
  edit-metadata: 1.9637462198734283
  landing: 1.1627450436353683
  view-data: 3.6957608833909035
