times:
  edit-metadata: 1.511174514889717
  landing: 0.7769143581390381
  view-data: 3.5292592123150826
