times:
  edit-metadata: 1.4175567030906677
  landing: 0.8163218013942242
  view-data: 3.3091572113335133
