times:
  edit-metadata: 1.4827653765678406
  landing: 0.7382137402892113
  view-data: 3.452486827969551
