times:
  edit-metadata: 1.475394792854786
  landing: 0.7582383304834366
  view-data: 3.485214836895466
