times:
  edit-metadata: 1.4027798771858215
  landing: 0.7561799511313438
  view-data: 3.4100558757781982
