times:
  edit-metadata: 1.4651711732149124
  landing: 0.7950698509812355
  view-data: 3.495403677225113
