times:
  edit-metadata: 2.565572891384363
  landing: 1.7115818932652473
  view-data: 3.7282130047678947
