times:
  edit-metadata: 1.3659402877092361
  landing: 0.7855666428804398
  view-data: 3.503584139049053
