times:
  edit-metadata: 2.0909646674990654
  landing: 1.4124349877238274
  view-data: 3.774940714240074
