times:
  edit-metadata: 0.4994320480618626
  landing: 0.04636122798547149
  view-data: 0.2463399029802531
