times:
  edit-metadata: 2.8942087590694427
  landing: 1.442475352436304
  view-data: 3.6706817112863064
