times:
  edit-metadata: 0.5148201500996947
  landing: 0.05187873123213649
  view-data: 0.21672732988372445
