times:
  edit-metadata: 0.5207625939510763
  landing: 0.051055087707936764
  view-data: 0.21538527589291334
