times:
  edit-metadata: 1.5805467497557402
  landing: 0.09850911609828472
  view-data: 0.14615978673100471
