times:
  edit-metadata: 1.4539150893688202
  landing: 0.8183457907289267
  view-data: 3.326134283095598
