times:
  edit-metadata: 1.4832636560313404
  landing: 0.974357598926872
  view-data: 3.359001467935741
