times:
  edit-metadata: 0.5894661340862513
  landing: 0.052013966254889965
  view-data: 0.2137314323335886
