times:
  edit-metadata: 1.3430516961961985
  landing: 0.7795327063649893
  view-data: 3.3158422093838453
