times:
  edit-metadata: 1.4044422581791878
  landing: 0.7155147381126881
  view-data: 3.3115196246653795
