times:
  edit-metadata: 1.534368159249425
  landing: 0.7861207704991102
  view-data: 3.4126843605190516
