times:
  edit-metadata: 0.6227174662053585
  landing: 0.08122572302818298
  view-data: 0.21397348819300532
