times:
  edit-metadata: 0.5698761099483818
  landing: 0.0497737939003855
  view-data: 0.23929282207973301
