times:
  edit-metadata: 1.3035469949245453
  landing: 1.0210128730395809
  view-data: 3.395049297949299
