times:
  edit-metadata: 1.5809953790158033
  landing: 0.16178241558372974
  view-data: 0.026169631630182266
