times:
  edit-metadata: 1.6661404334008694
  landing: 0.2297136690467596
  view-data: 0.43177068792283535
