times:
  edit-metadata: 1.6331169605255127
  landing: 0.2733005043119192
  view-data: 0.2639132924377918
