times:
  edit-metadata: 0.6504046716727316
  landing: 0.05009621987119317
  view-data: 0.21303643099963665
