times:
  edit-metadata: 0.8043472310528159
  landing: 0.04324995493516326
  view-data: 0.28703102096915245
