times:
  edit-metadata: 3.0212172344326973
  landing: 5.18979799747467
  view-data: 3.8083120435476303
