times:
  edit-metadata: 1.5284702219069004
  landing: 0.0192998219281435
  view-data: 0.022237690165638924
