times:
  edit-metadata: 0.5261519150808454
  landing: 0.05262182513251901
  view-data: 0.20988544402644038
