times:
  edit-metadata: 1.519223876297474
  landing: 0.9980556666851044
  view-data: 3.328684162348509
