times:
  edit-metadata: 1.4493135027587414
  landing: 0.7277058362960815
  view-data: 3.288878984749317
