times:
  edit-metadata: 1.4770849000196904
  landing: 0.8714524329407141
  view-data: 3.3127886990550905
