times:
  edit-metadata: 1.6198289539897814
  landing: 0.8334628000156954
  view-data: 3.3717776839621365
