times:
  edit-metadata: 0.8419347428716719
  landing: 0.10859242919832468
  view-data: 0.23082975298166275
