times:
  edit-metadata: 1.4967190362513065
  landing: 0.20879053883254528
  view-data: 0.2935234159231186
