times:
  edit-metadata: 0.5226272959262133
  landing: 0.06404690002091229
  view-data: 0.24210818414576352
