times:
  edit-metadata: 1.6305701155215502
  landing: 0.023046527057886124
  view-data: 0.37493940256536007
