times:
  edit-metadata: 0.5858435889822431
  landing: 0.051940385019406676
  view-data: 0.22455435298616067
