times:
  edit-metadata: 1.4236716106534004
  landing: 0.020158519968390465
  view-data: 0.3853262271732092
