times:
  edit-metadata: 1.4388504661619663
  landing: 0.19739415496587753
  view-data: 0.2283178772777319
