times:
  edit-metadata: 1.3874823302030563
  landing: 0.8359494283795357
  view-data: 3.3237137980759144
