times:
  edit-metadata: 1.445846932940185
  landing: 0.8481975011527538
  view-data: 3.4012303948402405
