times:
  edit-metadata: 1.4363652858883142
  landing: 0.7548644915223122
  view-data: 3.34072944521904
