times:
  edit-metadata: 0.5062187830917537
  landing: 0.08392290701158345
  view-data: 0.322703949874267
