times:
  edit-metadata: 1.4679462285712361
  landing: 7.226482527330518
  view-data: 3.3574051074683666
