times:
  edit-metadata: 1.41702645085752
  landing: 0.7879649605602026
  view-data: 3.323173465207219
