times:
  edit-metadata: 1.535150472074747
  landing: 1.055987175554037
  view-data: 3.4204230941832066
