times:
  edit-metadata: 2.5301697328686714
  landing: 1.477351926267147
  view-data: 4.105295363813639
