times:
  edit-metadata: 1.442808199673891
  landing: 0.02214023284614086
  view-data: 0.12097909860312939
