times:
  edit-metadata: 4.038809744641185
  landing: 1.9962387923151255
  view-data: 4.456297090277076
