times:
  edit-metadata: 1.3373177368193865
  landing: 0.7646914552897215
  view-data: 3.3562294002622366
