times:
  edit-metadata: 1.4021596629172564
  landing: 0.8426428716629744
  view-data: 3.3445403836667538
