times:
  edit-metadata: 1.3574763629585505
  landing: 0.7522243931889534
  view-data: 3.342328744009137
