times:
  edit-metadata: 0.6023814280051738
  landing: 0.06520408194046468
  view-data: 0.22440492000896484
