times:
  edit-metadata: 1.670743104070425
  landing: 1.0356168858706951
  view-data: 3.444314930588007
