times:
  edit-metadata: 1.5839956514537334
  landing: 0.19935099221765995
  view-data: 0.025005264207720757
