times:
  edit-metadata: 1.6528245657682419
  landing: 1.0446784608066082
  view-data: 3.4643885418772697
