times:
  edit-metadata: 1.5438347551971674
  landing: 0.23762748017907143
  view-data: 0.2758643124252558
