times:
  edit-metadata: 0.5992094639805146
  landing: 0.05678597802761942
  view-data: 0.21876097097992897
