times:
  edit-metadata: 1.456485852599144
  landing: 0.7658566012978554
  view-data: 3.3598076477646828
