times:
  edit-metadata: 1.3160703741014004
  landing: 0.7520723417401314
  view-data: 3.255023345351219
