times:
  edit-metadata: 0.7382382513023913
  landing: 0.08732648799195886
  view-data: 0.21425209799781442
