times:
  edit-metadata: 1.3312530849361792
  landing: 0.834985094028525
  view-data: 3.5147487689973786
