times:
  edit-metadata: 0.6008417649427429
  landing: 0.07545283902436495
  view-data: 0.2452016220195219
