times:
  edit-metadata: 0.5356364649487659
  landing: 0.05034517700551078
  view-data: 0.2150713200098835
