times:
  edit-metadata: 1.4558491744101048
  landing: 0.7832179479300976
  view-data: 3.330634478479624
