times:
  edit-metadata: 1.46192535944283
  landing: 0.7298465557396412
  view-data: 3.346067126840353
