times:
  edit-metadata: 1.4907141402363777
  landing: 0.019936032593250275
  view-data: 0.028190553188323975
