times:
  edit-metadata: 1.4745001439005136
  landing: 0.9199680173769593
  view-data: 3.3854463612660766
