times:
  edit-metadata: 1.6293197944760323
  landing: 1.0578628927469254
  view-data: 3.437824387103319
