times:
  edit-metadata: 1.5405276026576757
  landing: 0.8128761183470488
  view-data: 3.3266055434942245
