times:
  edit-metadata: 1.4609698168933392
  landing: 0.8379294946789742
  view-data: 3.367356037721038
