times:
  edit-metadata: 0.5009068370563909
  landing: 0.06838733691256493
  view-data: 0.21320711297448725
