times:
  edit-metadata: 1.5018230509012938
  landing: 0.786833455786109
  view-data: 3.3808936830610037
