times:
  edit-metadata: 0.5255310910288244
  landing: 0.04538137302733958
  view-data: 0.22982540808152407
