times:
  edit-metadata: 1.5007304586470127
  landing: 0.9164719674736261
  view-data: 3.4504873789846897
