times:
  edit-metadata: 1.4030768051743507
  landing: 0.6817378606647253
  view-data: 3.3425954319536686
