times:
  edit-metadata: 0.5396213936619461
  landing: 0.05015117023140192
  view-data: 0.21400984469801188
