times:
  edit-metadata: 1.5251591503620148
  landing: 0.9253706261515617
  view-data: 3.426213658414781
