times:
  edit-metadata: 1.9926176834851503
  landing: 0.1869812309741974
  view-data: 0.48282358422875404
