times:
  edit-metadata: 1.3484292291104794
  landing: 0.7962304688990116
  view-data: 3.340056076645851
