times:
  edit-metadata: 0.5813926390110282
  landing: 0.051222791997133754
  view-data: 0.23004487100115512
