times:
  edit-metadata: 0.5820356699987315
  landing: 0.08388900499267038
  view-data: 0.22419012199679855
