times:
  edit-metadata: 1.2998328553512692
  landing: 0.7469635019078851
  view-data: 3.3333265017718077
