times:
  edit-metadata: 1.391219652723521
  landing: 0.836885410360992
  view-data: 3.3893139120191336
