times:
  edit-metadata: 1.4180579409003258
  landing: 0.9331497587263584
  view-data: 3.3625360429286957
