times:
  edit-metadata: 1.811405269894749
  landing: 0.745031445287168
  view-data: 3.4416548889130354
