times:
  edit-metadata: 0.9228879166767001
  landing: 0.1323773660697043
  view-data: 0.2946312790736556
