times:
  edit-metadata: 1.4799704607576132
  landing: 0.12300335243344307
  view-data: 0.05543666332960129
