times:
  edit-metadata: 1.3304104404523969
  landing: 0.792064375244081
  view-data: 3.369648154824972
