times:
  edit-metadata: 1.714551756158471
  landing: 1.1899236664175987
  view-data: 3.332971343770623
