times:
  edit-metadata: 1.4003079133108258
  landing: 0.7756634373217821
  view-data: 3.3030236307531595
