times:
  edit-metadata: 1.4924122765660286
  landing: 0.8874789923429489
  view-data: 3.3042151927948
