times:
  edit-metadata: 1.3163614049553871
  landing: 0.9595387205481529
  view-data: 3.3663799930363894
