times:
  edit-metadata: 1.4525584182702005
  landing: 0.81232964200899
  view-data: 3.4189699478447437
