times:
  edit-metadata: 1.3928840858861804
  landing: 0.7736013391986489
  view-data: 3.3308041533455253
