times:
  edit-metadata: 1.6893210969865322
  landing: 0.9737012579571456
  view-data: 3.4067336809821427
