times:
  edit-metadata: 3.1416068337857723
  landing: 0.9450470395386219
  view-data: 3.3130454048514366
