times:
  edit-metadata: 1.2840503549668938
  landing: 0.8650601869449019
  view-data: 3.3284968407824636
