times:
  edit-metadata: 1.4204091159626842
  landing: 0.8056112062186003
  view-data: 3.351754715666175
