times:
  edit-metadata: 1.5505049899220467
  landing: 1.012686401605606
  view-data: 3.359912060201168
