times:
  edit-metadata: 1.4845537580549717
  landing: 0.22028628550469875
  view-data: 0.023969117552042007
