times:
  edit-metadata: 1.5313498303294182
  landing: 0.8143932297825813
  view-data: 3.4485210068523884
