times:
  edit-metadata: 1.3460956942290068
  landing: 0.7633301950991154
  view-data: 3.4278855081647635
