times:
  edit-metadata: 1.52071223128587
  landing: 0.8094232641160488
  view-data: 3.363968100398779
