times:
  edit-metadata: 3.084945165552199
  landing: 1.746547469869256
  view-data: 3.6002563145011663
