times:
  edit-metadata: 1.4889927320182323
  landing: 0.764257550239563
  view-data: 3.3982961624860764
