times:
  edit-metadata: 2.19803960993886
  landing: 1.0057690413668752
  view-data: 3.2728114342316985
