times:
  edit-metadata: 0.8664559586904943
  landing: 0.06427646288648248
  view-data: 0.21582177514210343
