times:
  edit-metadata: 0.7649229009984992
  landing: 0.13690543599659577
  view-data: 0.22471307800151408
