times:
  edit-metadata: 1.620840742252767
  landing: 0.9977122722193599
  view-data: 3.3242886252701283
