times:
  edit-metadata: 1.5163278356194496
  landing: 0.7709768321365118
  view-data: 3.3704429119825363
