times:
  edit-metadata: 0.5347345559857786
  landing: 0.05303341901162639
  view-data: 0.21301634900737554
