times:
  edit-metadata: 1.7128667877987027
  landing: 0.928041273728013
  view-data: 3.3589686723425984
