times:
  edit-metadata: 1.4686072394251823
  landing: 0.021401356905698776
  view-data: 0.30350808426737785
