times:
  edit-metadata: 1.3420153185725212
  landing: 0.7211033888161182
  view-data: 3.3409244380891323
