times:
  edit-metadata: 2.6827676538378
  landing: 1.8808379843831062
  view-data: 3.6636440940201283
