times:
  edit-metadata: 0.5345389610156417
  landing: 0.05629970203153789
  view-data: 0.20578893111087382
