times:
  edit-metadata: 1.5494371736422181
  landing: 0.7640688261017203
  view-data: 3.29323301743716
