times:
  edit-metadata: 1.633492048829794
  landing: 1.056210421025753
  view-data: 3.470591127872467
