times:
  edit-metadata: 1.4491122383624315
  landing: 0.17647591792047024
  view-data: 0.11876378022134304
