times:
  edit-metadata: 1.5307602174580097
  landing: 0.9350946620106697
  view-data: 3.449018493294716
