times:
  edit-metadata: 0.5328343948349357
  landing: 0.05241417279466987
  view-data: 0.22683084476739168
