times:
  edit-metadata: 1.610862897709012
  landing: 0.02126239612698555
  view-data: 0.18757236190140247
