times:
  edit-metadata: 1.4714025016874075
  landing: 0.1992275845259428
  view-data: 0.1359107457101345
