times:
  edit-metadata: 1.5947577701881528
  landing: 1.0704712476581335
  view-data: 3.52027865126729
