times:
  edit-metadata: 1.457805149257183
  landing: 0.14618314616382122
  view-data: 0.0238027386367321
