times:
  edit-metadata: 1.5275621805340052
  landing: 0.1269810050725937
  view-data: 0.14658831804990768
