times:
  edit-metadata: 1.4970200825482607
  landing: 0.19687694124877453
  view-data: 0.023607106879353523
