times:
  edit-metadata: 1.3428269140422344
  landing: 0.7426038011908531
  view-data: 3.2998262848705053
