times:
  edit-metadata: 0.9333511730656028
  landing: 0.05266216117888689
  view-data: 0.23053816612809896
