times:
  edit-metadata: 1.484572671353817
  landing: 0.7396277654916048
  view-data: 3.3315865639597178
