times:
  edit-metadata: 0.5435049571096897
  landing: 0.05260691000148654
  view-data: 0.22657210193574429
