times:
  edit-metadata: 1.5572277680039406
  landing: 1.1459974087774754
  view-data: 3.326079625636339
