times:
  edit-metadata: 2.4507627077400684
  landing: 1.6182286385446787
  view-data: 3.687644898891449
