times:
  edit-metadata: 1.556388359516859
  landing: 0.7804688885807991
  view-data: 3.36667487770319
