times:
  edit-metadata: 0.49791008210740983
  landing: 0.05190227087587118
  view-data: 0.21519912499934435
