times:
  edit-metadata: 2.0737896636128426
  landing: 1.367995161563158
  view-data: 3.6544403210282326
