times:
  edit-metadata: 1.4634985700249672
  landing: 1.0072618499398232
  view-data: 3.4516160376369953
