times:
  edit-metadata: 1.4242745116353035
  landing: 0.021959198638796806
  view-data: 0.025843769311904907
