times:
  edit-metadata: 1.4667636565864086
  landing: 0.1936397198587656
  view-data: 0.02666075900197029
