times:
  edit-metadata: 0.5111619038507342
  landing: 0.0662879478186369
  view-data: 0.21269870968535542
