times:
  edit-metadata: 2.8537514321506023
  landing: 1.0947578940540552
  view-data: 3.7287207804620266
