times:
  edit-metadata: 1.5834777988493443
  landing: 0.9091550298035145
  view-data: 3.386549888178706
