times:
  edit-metadata: 2.250432763248682
  landing: 1.2537903375923634
  view-data: 3.51974112726748
