times:
  edit-metadata: 1.3227303258609027
  landing: 0.759498466970399
  view-data: 3.2797242279630154
