times:
  edit-metadata: 1.487737249583006
  landing: 0.6709331311285496
  view-data: 3.3579184003174305
