times:
  edit-metadata: 1.4986435323953629
  landing: 0.9449988827109337
  view-data: 3.4082106687128544
