times:
  edit-metadata: 0.6045616960618645
  landing: 0.045087059028446674
  view-data: 0.21679604693781585
