times:
  edit-metadata: 1.4556030100211501
  landing: 0.8212270000949502
  view-data: 3.354591107927263
