times:
  edit-metadata: 1.5115369856357574
  landing: 0.7489888966083527
  view-data: 3.3935310654342175
