times:
  edit-metadata: 0.5197228800388984
  landing: 0.050470101996324956
  view-data: 0.23498490097699687
