times:
  edit-metadata: 1.8499472700059414
  landing: 0.7435655258595943
  view-data: 3.403713146224618
