times:
  edit-metadata: 0.5841554491780698
  landing: 0.06657310202717781
  view-data: 0.2165481811389327
