times:
  edit-metadata: 0.5806545710001956
  landing: 0.051690817999769934
  view-data: 0.22974329399585258
