times:
  edit-metadata: 1.4328626245260239
  landing: 1.1746597699820995
  view-data: 3.30186428129673
