times:
  edit-metadata: 0.49701906100381166
  landing: 0.04322620399761945
  view-data: 0.34215104300528765
