times:
  edit-metadata: 1.3908850401639938
  landing: 0.9144257679581642
  view-data: 3.3769237976521254
