times:
  edit-metadata: 0.5206861819606274
  landing: 0.0610973141156137
  view-data: 0.2174195279367268
