times:
  edit-metadata: 5.073237299919128
  landing: 3.248704943805933
  view-data: 4.331223618239164
