times:
  edit-metadata: 1.7619894929230213
  landing: 1.0840860642492771
  view-data: 3.401078522205353
