times:
  edit-metadata: 1.4639650471508503
  landing: 1.520881775766611
  view-data: 3.725908536463976
