times:
  edit-metadata: 1.6107654236257076
  landing: 1.0451745204627514
  view-data: 3.3297719061374664
