times:
  edit-metadata: 1.3034744784235954
  landing: 0.6952475141733885
  view-data: 3.2805268224328756
