times:
  edit-metadata: 1.5721840895712376
  landing: 0.7845710404217243
  view-data: 3.4120711721479893
