times:
  edit-metadata: 1.491414655931294
  landing: 0.8128432845696807
  view-data: 3.383456736803055
