times:
  edit-metadata: 1.4347306960262358
  landing: 0.853702659253031
  view-data: 3.3846817179583013
