times:
  edit-metadata: 2.1399627905339003
  landing: 1.4573413971811533
  view-data: 3.3344163969159126
