times:
  edit-metadata: 1.4186626709997654
  landing: 0.8200347200036049
  view-data: 3.338373653590679
