times:
  edit-metadata: 1.5343428291380405
  landing: 0.845539276022464
  view-data: 3.3636325569823384
