times:
  edit-metadata: 1.4480751752853394
  landing: 0.02103605680167675
  view-data: 0.13350530341267586
