times:
  edit-metadata: 1.5779214091598988
  landing: 0.023161472752690315
  view-data: 0.024294983595609665
