times:
  edit-metadata: 1.544326514005661
  landing: 0.902387760579586
  view-data: 3.4050366394221783
