times:
  edit-metadata: 1.4145073220133781
  landing: 0.7839991711080074
  view-data: 3.361726824194193
