times:
  edit-metadata: 1.2687689228914678
  landing: 0.7390443210024387
  view-data: 3.2813569239806384
