times:
  edit-metadata: 1.4435862880200148
  landing: 0.8533409386873245
  view-data: 3.3669940158724785
