times:
  edit-metadata: 1.318812558427453
  landing: 0.7983718402683735
  view-data: 3.3298682775348425
