times:
  edit-metadata: 1.3865858316421509
  landing: 3.5188991837203503
  view-data: 3.3976536504924297
