times:
  edit-metadata: 1.4618888013064861
  landing: 0.02294437773525715
  view-data: 0.3383503872901201
