times:
  edit-metadata: 0.5240513258613646
  landing: 0.04631472006440163
  view-data: 0.21095948293805122
