times:
  edit-metadata: 1.3121623797342181
  landing: 0.7412800313904881
  view-data: 3.319152961485088
