times:
  edit-metadata: 1.4544588178396225
  landing: 0.9053645860403776
  view-data: 3.36144085181877
