times:
  edit-metadata: 2.116730867885053
  landing: 1.2858430929481983
  view-data: 3.4087069099768996
