times:
  edit-metadata: 1.3494495134800673
  landing: 0.7777056824415922
  view-data: 3.3408906497061253
