times:
  edit-metadata: 1.3781748581677675
  landing: 0.01986246556043625
  view-data: 0.023705845698714256
