times:
  edit-metadata: 1.5344597361981869
  landing: 0.8959192354232073
  view-data: 3.4263026900589466
