times:
  edit-metadata: 1.33055251929909
  landing: 0.8208108758553863
  view-data: 3.2906173346564174
