times:
  edit-metadata: 3.618210047483444
  landing: 0.02347901463508606
  view-data: 0.06822633370757103
