times:
  edit-metadata: 1.26631782297045
  landing: 0.7814463330432773
  view-data: 3.3618793888017535
