times:
  edit-metadata: 1.3634641077369452
  landing: 0.8050112426280975
  view-data: 3.4502425398677588
