times:
  edit-metadata: 1.387313624843955
  landing: 0.12378868460655212
  view-data: 0.02511267177760601
