times:
  edit-metadata: 1.709952948614955
  landing: 0.2771015204489231
  view-data: 0.16663222946226597
