times:
  edit-metadata: 1.4494188372045755
  landing: 0.03717491589486599
  view-data: 0.14595156535506248
