times:
  edit-metadata: 1.5262344968505204
  landing: 0.7514159129932523
  view-data: 3.4026826517656446
