times:
  edit-metadata: 0.522448698990047
  landing: 0.07143352809362113
  view-data: 0.20566543913446367
