times:
  edit-metadata: 1.67677272669971
  landing: 0.24353955686092377
  view-data: 0.1472521908581257
