times:
  edit-metadata: 0.5358511229860596
  landing: 0.052678664040286094
  view-data: 0.20798609498888254
