times:
  edit-metadata: 0.5108223169809207
  landing: 0.0641593059990555
  view-data: 0.20853116596117616
