times:
  edit-metadata: 0.7129198396578431
  landing: 0.045538151171058416
  view-data: 0.29892008705064654
