times:
  edit-metadata: 2.294044278562069
  landing: 0.8393386006355286
  view-data: 3.7862290516495705
