times:
  edit-metadata: 1.5924751907587051
  landing: 0.9583102650940418
  view-data: 3.295849736779928
