times:
  edit-metadata: 0.6455893679521978
  landing: 0.046498075127601624
  view-data: 0.215450051240623
