times:
  edit-metadata: 1.5210854783654213
  landing: 0.7901837360113859
  view-data: 3.396737065166235
