times:
  edit-metadata: 1.52968910895288
  landing: 0.9555491399951279
  view-data: 3.4229535930790007
