times:
  edit-metadata: 1.4348724335432053
  landing: 0.020199893042445183
  view-data: 0.025503305718302727
