times:
  edit-metadata: 2.273055894766003
  landing: 1.3744290289469063
  view-data: 3.3639637120068073
