times:
  edit-metadata: 1.3988431133329868
  landing: 0.8336324878036976
  view-data: 3.2848252467811108
