times:
  edit-metadata: 0.4940580760012381
  landing: 0.0673706199740991
  view-data: 0.21541993494611233
