times:
  edit-metadata: 1.4404530096799135
  landing: 0.02444717288017273
  view-data: 0.028313733637332916
