times:
  edit-metadata: 1.4140194281935692
  landing: 0.8199323043227196
  view-data: 3.273967582732439
