times:
  edit-metadata: 1.661661399062723
  landing: 0.8803179203532636
  view-data: 3.430393250193447
