times:
  edit-metadata: 1.5731533132493496
  landing: 1.0193432345986366
  view-data: 3.2997389100492
