times:
  edit-metadata: 2.0577698261477053
  landing: 1.154502173885703
  view-data: 3.503439361229539
