times:
  edit-metadata: 0.6013969920168165
  landing: 0.05000055200071074
  view-data: 0.21565424499567598
