times:
  edit-metadata: 1.3991206288337708
  landing: 0.9381869845092297
  view-data: 3.365098549053073
