times:
  edit-metadata: 1.5724394004791975
  landing: 0.020166819915175438
  view-data: 0.025244615972042084
