times:
  edit-metadata: 1.4023888604715466
  landing: 0.9660818045958877
  view-data: 3.3603533217683434
