times:
  edit-metadata: 1.623943674378097
  landing: 1.4282676866278052
  view-data: 3.3463747799396515
