times:
  edit-metadata: 0.5925444840686396
  landing: 0.05086153908632696
  view-data: 0.20571977400686592
