times:
  edit-metadata: 1.1080616200006261
  landing: 0.1426308110003447
  view-data: 0.31371880900042015
