times:
  edit-metadata: 1.5067430529743433
  landing: 0.7141598742455244
  view-data: 3.3086174558848143
