times:
  edit-metadata: 0.5110489381477237
  landing: 0.07066959422081709
  view-data: 0.21689251204952598
