times:
  edit-metadata: 1.3526638448238373
  landing: 0.7411625869572163
  view-data: 3.348279284313321
