times:
  edit-metadata: 2.0858279750682414
  landing: 1.1692527090199292
  view-data: 3.393821083009243
