times:
  edit-metadata: 0.5782181579852477
  landing: 0.061802293988876045
  view-data: 0.2104776060441509
