times:
  edit-metadata: 1.5014395918697119
  landing: 0.16024299524724483
  view-data: 0.02419908531010151
