times:
  edit-metadata: 1.5089669339358807
  landing: 0.9421852603554726
  view-data: 3.4657687842845917
