times:
  edit-metadata: 1.825880739837885
  landing: 0.16887669265270233
  view-data: 0.3400517590343952
