times:
  edit-metadata: 1.6390988714993
  landing: 0.8873433358967304
  view-data: 3.4411001838743687
