times:
  edit-metadata: 1.494492466095835
  landing: 0.8214528930839151
  view-data: 3.3474341658875346
