times:
  edit-metadata: 2.6568816769868135
  landing: 0.1369898021221161
  view-data: 0.4986046086996794
