times:
  edit-metadata: 1.6540430393069983
  landing: 0.14536264538764954
  view-data: 0.3267047442495823
