times:
  edit-metadata: 1.7618810422718525
  landing: 0.9043758660554886
  view-data: 3.4351036064326763
