times:
  edit-metadata: 1.796024177223444
  landing: 0.7712802812457085
  view-data: 3.452669594436884
