times:
  edit-metadata: 0.5333064701408148
  landing: 0.050028946017846465
  view-data: 0.21115508303046227
