times:
  edit-metadata: 1.5605882704257965
  landing: 0.7661876771599054
  view-data: 3.378831036388874
