times:
  edit-metadata: 2.1147458273917437
  landing: 0.020414376631379128
  view-data: 0.22978870011866093
