times:
  edit-metadata: 1.4797647055238485
  landing: 0.7440583687275648
  view-data: 3.367225678637624
