times:
  edit-metadata: 1.7717584483325481
  landing: 0.10542893595993519
  view-data: 0.3275498617440462
