times:
  edit-metadata: 1.3486283365637064
  landing: 0.7149840071797371
  view-data: 3.3491670209914446
