times:
  edit-metadata: 1.3763177953660488
  landing: 0.8369172513484955
  view-data: 3.34540569037199
