times:
  edit-metadata: 0.5796373219927773
  landing: 0.05276975900051184
  view-data: 0.2190654560108669
