times:
  edit-metadata: 1.3180953208357096
  landing: 0.7695635613054037
  view-data: 3.313750496134162
