times:
  edit-metadata: 0.626865028985776
  landing: 0.15161264804191887
  view-data: 0.21947228396311402
