times:
  edit-metadata: 0.5013214600039646
  landing: 0.08289489900926128
  view-data: 0.22165491699706763
