times:
  edit-metadata: 0.5961760641075671
  landing: 0.06356270099058747
  view-data: 0.2343071699142456
