times:
  edit-metadata: 0.6247650699997394
  landing: 0.05661127499934082
  view-data: 0.21844012699966697
