times:
  edit-metadata: 1.5004434641450644
  landing: 0.1379806473851204
  view-data: 0.02862474136054516
