times:
  edit-metadata: 1.3492438634857535
  landing: 0.8513388140127063
  view-data: 3.3940366813912988
