times:
  edit-metadata: 1.3855761513113976
  landing: 0.7886021248996258
  view-data: 3.3330315090715885
