times:
  edit-metadata: 1.4420747607946396
  landing: 0.15246855281293392
  view-data: 0.33386545442044735
