times:
  edit-metadata: 1.3511716965585947
  landing: 0.8732783980667591
  view-data: 3.441953906789422
