times:
  edit-metadata: 0.5832077655941248
  landing: 0.046099198050796986
  view-data: 0.2833739500492811
