times:
  edit-metadata: 1.4886612016707659
  landing: 0.020318223163485527
  view-data: 0.3081988636404276
