times:
  edit-metadata: 1.4979379773139954
  landing: 0.987789697945118
  view-data: 3.3739241026341915
