times:
  edit-metadata: 1.4048161869868636
  landing: 1.9175247040111572
  view-data: 3.4376240470446646
