times:
  edit-metadata: 1.5684996228665113
  landing: 0.23181268945336342
  view-data: 0.3053673282265663
