times:
  edit-metadata: 1.3979470916092396
  landing: 0.7004448212683201
  view-data: 3.3187695369124413
