times:
  edit-metadata: 1.70604595169425
  landing: 1.2474780976772308
  view-data: 3.4342509172856808
