times:
  edit-metadata: 0.5245150960108731
  landing: 0.04733299900544807
  view-data: 0.456553680007346
