times:
  edit-metadata: 1.404609290882945
  landing: 0.02214358001947403
  view-data: 0.02786322683095932
