times:
  edit-metadata: 0.5924485689611174
  landing: 0.051435629022307694
  view-data: 0.22364675102289766
