times:
  edit-metadata: 1.4477921277284622
  landing: 0.024322353303432465
  view-data: 0.15941730700433254
