times:
  edit-metadata: 0.5973746509989724
  landing: 0.05281203496269882
  view-data: 0.21305078803561628
