times:
  edit-metadata: 1.4544910844415426
  landing: 0.6934161968529224
  view-data: 3.2954860758036375
