times:
  edit-metadata: 1.4944748096168041
  landing: 0.04985173046588898
  view-data: 0.12404804676771164
