times:
  edit-metadata: 0.5481158748734742
  landing: 0.05043864878825843
  view-data: 0.2202281029894948
