times:
  edit-metadata: 1.5930194687098265
  landing: 0.023748958483338356
  view-data: 0.16348450630903244
