times:
  edit-metadata: 1.4101344449445605
  landing: 1.4745294786989689
  view-data: 3.3214365346357226
