times:
  edit-metadata: 1.7522860690951347
  landing: 0.911125872284174
  view-data: 3.3063248060643673
