times:
  edit-metadata: 2.4252392034977674
  landing: 1.3891321439296007
  view-data: 3.7712598461657763
