times:
  edit-metadata: 1.7312678806483746
  landing: 0.15026003681123257
  view-data: 0.47930072247982025
