times:
  edit-metadata: 1.4844996542669833
  landing: 0.8068413469009101
  view-data: 3.3243600139394403
