times:
  edit-metadata: 1.4591918792575598
  landing: 0.021026892587542534
  view-data: 0.2795819491147995
