times:
  edit-metadata: 2.520559811964631
  landing: 1.1347834449261427
  view-data: 3.44551208242774
