times:
  edit-metadata: 1.5026331078261137
  landing: 0.7895570304244757
  view-data: 3.3290551509708166
