times:
  edit-metadata: 0.5388177509958041
  landing: 0.062075160996755585
  view-data: 0.2099332880025031
