times:
  edit-metadata: 1.498807918280363
  landing: 0.020478714257478714
  view-data: 0.02475089207291603
