times:
  edit-metadata: 1.4118092264980078
  landing: 0.02276277169585228
  view-data: 0.027478240430355072
