times:
  edit-metadata: 1.4967100359499454
  landing: 0.21096942387521267
  view-data: 0.027566706761717796
