times:
  edit-metadata: 1.9011484328657389
  landing: 1.0686267092823982
  view-data: 3.4278668761253357
