times:
  edit-metadata: 1.3721790723502636
  landing: 0.91457274928689
  view-data: 3.367861818522215
