times:
  edit-metadata: 1.3841641079634428
  landing: 0.9085452030412853
  view-data: 3.3114736839197576
