times:
  edit-metadata: 1.662051715888083
  landing: 1.0448542712256312
  view-data: 3.2873930698260665
