times:
  edit-metadata: 1.5684132277965546
  landing: 0.7736401781439781
  view-data: 3.3160256817936897
