times:
  edit-metadata: 1.744008314795792
  landing: 0.9295329079031944
  view-data: 3.3532899701967835
