times:
  edit-metadata: 2.772804008796811
  landing: 1.2412043437361717
  view-data: 3.801399864256382
