times:
  edit-metadata: 1.4319954980164766
  landing: 0.8866629181429744
  view-data: 3.3147340330760926
