times:
  edit-metadata: 1.5813834201544523
  landing: 0.18950135074555874
  view-data: 0.0294733177870512
