times:
  edit-metadata: 1.446202339604497
  landing: 0.20033838041126728
  view-data: 0.15606892481446266
