times:
  edit-metadata: 1.6556701697409153
  landing: 0.9841339364647865
  view-data: 3.376702167093754
