times:
  edit-metadata: 1.5178049616515636
  landing: 0.9824094362556934
  view-data: 0.6506253033876419
