times:
  edit-metadata: 2.8696163640124723
  landing: 0.03777193499263376
  view-data: 0.6982381860143505
