times:
  edit-metadata: 0.6221946749719791
  landing: 0.051999631978105754
  view-data: 0.2089839190011844
