times:
  edit-metadata: 1.5323629677295685
  landing: 0.8352531790733337
  view-data: 3.4091090373694897
