times:
  edit-metadata: 1.3265967294573784
  landing: 0.7285668030381203
  view-data: 3.3923399224877357
