times:
  edit-metadata: 1.3421827964484692
  landing: 0.8032602034509182
  view-data: 3.3639922253787518
