times:
  edit-metadata: 1.4014869183301926
  landing: 0.8368331827223301
  view-data: 3.3733909241855145
