times:
  edit-metadata: 1.47795844450593
  landing: 0.7902821563184261
  view-data: 3.4328039065003395
