times:
  edit-metadata: 1.4004430128261447
  landing: 0.7964554075151682
  view-data: 3.340654967352748
