times:
  edit-metadata: 0.6604537639941555
  landing: 0.10442378302104771
  view-data: 0.2528403790201992
