times:
  edit-metadata: 1.8857387732714415
  landing: 1.6100724767893553
  view-data: 3.5773790795356035
