times:
  edit-metadata: 1.4746306296437979
  landing: 0.021393485367298126
  view-data: 0.34713154658675194
