times:
  edit-metadata: 1.5601202570833266
  landing: 0.8756441278383136
  view-data: 3.454628507141024
