times:
  edit-metadata: 1.4485163055360317
  landing: 0.9607040584087372
  view-data: 3.3875938057899475
