times:
  edit-metadata: 0.520004607969895
  landing: 0.049301590071991086
  view-data: 0.21882956591434777
