times:
  edit-metadata: 0.5421892430167645
  landing: 0.0504724089987576
  view-data: 0.21328179608099163
