times:
  edit-metadata: 1.5131802801042795
  landing: 0.019079411402344704
  view-data: 0.308278588578105
