times:
  edit-metadata: 1.3719946471974254
  landing: 0.989289402961731
  view-data: 3.496821530163288
