times:
  edit-metadata: 1.4793890584260225
  landing: 0.020850645378232002
  view-data: 0.12815535999834538
