times:
  edit-metadata: 1.7986131189973094
  landing: 0.13339104899932863
  view-data: 0.6739753090005252
