times:
  edit-metadata: 0.5187098891474307
  landing: 0.051219135988503695
  view-data: 0.2025216738693416
