times:
  edit-metadata: 1.4216620493680239
  landing: 0.8235784471035004
  view-data: 3.392427448183298
