times:
  edit-metadata: 1.5122476015239954
  landing: 0.7334718685597181
  view-data: 3.3248408008366823
