times:
  edit-metadata: 1.4543642178177834
  landing: 1.0228658989071846
  view-data: 3.453029587864876
