times:
  edit-metadata: 1.6637533456087112
  landing: 0.9913884922862053
  view-data: 3.3264935798943043
