times:
  edit-metadata: 2.292396042495966
  landing: 1.284111812710762
  view-data: 3.6156498212367296
