times:
  edit-metadata: 1.5184614704921842
  landing: 0.8652500240132213
  view-data: 3.400600495748222
