times:
  edit-metadata: 0.527251623920165
  landing: 0.057850352954119444
  view-data: 0.3402769339736551
