times:
  edit-metadata: 0.5238667880184948
  landing: 0.0505588548257947
  view-data: 0.21785876201465726
