times:
  edit-metadata: 1.819979777559638
  landing: 1.3186349924653769
  view-data: 3.503853503614664
