times:
  edit-metadata: 1.5181212443858385
  landing: 0.13543971255421638
  view-data: 0.3348069526255131
