times:
  edit-metadata: 1.4968610014766455
  landing: 0.8931330014020205
  view-data: 3.3795247208327055
