times:
  edit-metadata: 0.7806434347294271
  landing: 0.09582784818485379
  view-data: 0.24743310175836086
