times:
  edit-metadata: 2.320632455870509
  landing: 1.6960263010114431
  view-data: 3.439459305256605
