times:
  edit-metadata: 1.4539737552404404
  landing: 0.019857248291373253
  view-data: 0.28533161990344524
