times:
  edit-metadata: 1.4859574362635612
  landing: 1.0861552059650421
  view-data: 3.3252272494137287
