times:
  edit-metadata: 1.462687898427248
  landing: 0.19477813877165318
  view-data: 0.1338314190506935
