times:
  edit-metadata: 2.3978023286908865
  landing: 1.2749069575220346
  view-data: 3.365906497463584
