times:
  edit-metadata: 0.5360637051053345
  landing: 0.05832925019785762
  view-data: 0.22843466699123383
