times:
  edit-metadata: 1.5067028012126684
  landing: 0.7270379420369864
  view-data: 3.3465358912944794
