times:
  edit-metadata: 1.8106066025793552
  landing: 0.15574719943106174
  view-data: 0.3283987920731306
