times:
  edit-metadata: 1.6054716277867556
  landing: 0.22436006367206573
  view-data: 0.0237001683562994
