times:
  edit-metadata: 0.5288114070426673
  landing: 0.05949193309061229
  view-data: 0.20653349091298878
