times:
  edit-metadata: 0.47969577508047223
  landing: 0.07156265410594642
  view-data: 0.21379493898712099
