times:
  edit-metadata: 0.4942493250127882
  landing: 0.06210039998404682
  view-data: 0.21489818417467177
