times:
  edit-metadata: 1.4690577648580074
  landing: 1.6008378863334656
  view-data: 3.3389800786972046
