times:
  edit-metadata: 1.5546274408698082
  landing: 1.0094496868550777
  view-data: 3.3230930604040623
