times:
  edit-metadata: 1.3000406101346016
  landing: 0.8703901767730713
  view-data: 3.350445317104459
