times:
  edit-metadata: 1.396207857877016
  landing: 0.7401290237903595
  view-data: 3.2516183853149414
