times:
  edit-metadata: 1.3868101835250854
  landing: 0.8223990388214588
  view-data: 3.3490841947495937
