times:
  edit-metadata: 2.2467358335852623
  landing: 0.5492385253310204
  view-data: 0.4158297870308161
