times:
  edit-metadata: 1.5981057472527027
  landing: 0.8311973996460438
  view-data: 3.395565550774336
