times:
  edit-metadata: 1.5415123370476067
  landing: 0.8361368691548705
  view-data: 3.3599039050750434
