times:
  edit-metadata: 1.3661213554441929
  landing: 0.7336123026907444
  view-data: 3.4043793957680464
