times:
  edit-metadata: 2.29446086846292
  landing: 1.4088511783629656
  view-data: 3.509210493415594
