times:
  edit-metadata: 1.523443564772606
  landing: 0.2641661446541548
  view-data: 0.02460739202797413
