times:
  edit-metadata: 1.8821251299232244
  landing: 0.16318152286112309
  view-data: 0.32123540341854095
