times:
  edit-metadata: 1.662351367995143
  landing: 0.022621411830186844
  view-data: 0.023284757509827614
