times:
  edit-metadata: 1.5116973966360092
  landing: 0.7645620293915272
  view-data: 3.3555805161595345
