times:
  edit-metadata: 1.4192466596141458
  landing: 0.8484057225286961
  view-data: 3.34848191216588
