times:
  edit-metadata: 1.6571831181645393
  landing: 0.9966257587075233
  view-data: 3.5302671901881695
