times:
  edit-metadata: 0.5310980670619756
  landing: 0.0522477300837636
  view-data: 0.3493105019442737
