times:
  edit-metadata: 1.5221148263663054
  landing: 0.02285229228436947
  view-data: 0.1719304397702217
