times:
  edit-metadata: 1.444864947348833
  landing: 0.8558360571041703
  view-data: 3.376084001734853
