times:
  edit-metadata: 1.602383740246296
  landing: 1.0148183926939964
  view-data: 3.37405913323164
