times:
  edit-metadata: 1.3727024520048872
  landing: 0.7292868129443377
  view-data: 3.2504800850292668
