times:
  edit-metadata: 1.7791776303201914
  landing: 1.1279048956930637
  view-data: 3.4820284694433212
