times:
  edit-metadata: 0.5246247180039063
  landing: 0.05969431501580402
  view-data: 0.2197565200040117
