times:
  edit-metadata: 1.8569681905210018
  landing: 0.22224428318440914
  view-data: 0.02753450721502304
