times:
  edit-metadata: 1.4579406715929508
  landing: 0.7774934731423855
  view-data: 3.4065538831055164
