times:
  edit-metadata: 1.3822890482842922
  landing: 0.8928922899067402
  view-data: 3.346123691648245
