times:
  edit-metadata: 1.4171087667346
  landing: 0.25724092312157154
  view-data: 0.12108578346669674
