times:
  edit-metadata: 1.4983256869018078
  landing: 0.8172209654003382
  view-data: 3.350092900916934
