times:
  edit-metadata: 1.7383496761322021
  landing: 1.1106852106750011
  view-data: 3.3321564458310604
