times:
  edit-metadata: 0.5376278101466596
  landing: 0.05193716217763722
  view-data: 0.21708048391155899
