times:
  edit-metadata: 0.5043104100041091
  landing: 0.0762887189630419
  view-data: 0.2231933610746637
