times:
  edit-metadata: 1.6178246177732944
  landing: 0.9420521855354309
  view-data: 3.31965085119009
