times:
  edit-metadata: 1.4374772533774376
  landing: 0.8140445873141289
  view-data: 3.301155883818865
