times:
  edit-metadata: 1.6190046593546867
  landing: 0.02424408681690693
  view-data: 0.1345697809010744
