times:
  edit-metadata: 1.4048829022794962
  landing: 0.9000483267009258
  view-data: 3.3431011233478785
