times:
  edit-metadata: 1.829424500465393
  landing: 1.1611947007477283
  view-data: 3.381526581943035
