times:
  edit-metadata: 1.884313352406025
  landing: 1.268893651664257
  view-data: 3.419762682169676
