times:
  edit-metadata: 1.5574280582368374
  landing: 0.8215418513864279
  view-data: 3.3683809377253056
