times:
  edit-metadata: 1.5761760640889406
  landing: 0.7846876084804535
  view-data: 3.4182262010872364
