times:
  edit-metadata: 1.4054572265595198
  landing: 0.7844618707895279
  view-data: 3.3948243875056505
