times:
  edit-metadata: 0.6386531289972481
  landing: 0.06402928200259339
  view-data: 0.2283696090016747
