times:
  edit-metadata: 0.6628752239921596
  landing: 0.1689710750069935
  view-data: 0.23397105702315457
