times:
  edit-metadata: 0.5767502780072391
  landing: 0.05531392619013786
  view-data: 0.21259252866730094
