times:
  edit-metadata: 1.4091256950050592
  landing: 0.9520756909623742
  view-data: 3.4440105413086712
