times:
  edit-metadata: 1.4884989000856876
  landing: 0.7732777558267117
  view-data: 3.265873707830906
