times:
  edit-metadata: 1.6134240087121725
  landing: 0.730772003531456
  view-data: 3.31890950165689
