times:
  edit-metadata: 1.463209643959999
  landing: 0.22014501877129078
  view-data: 0.12817353382706642
