times:
  edit-metadata: 1.4137531882151961
  landing: 0.8425798378884792
  view-data: 3.400351846590638
