times:
  edit-metadata: 0.5278631369874347
  landing: 0.06091414499678649
  view-data: 0.2102795579994563
