times:
  edit-metadata: 1.6036524511873722
  landing: 0.9134670272469521
  view-data: 3.400008611381054
