times:
  edit-metadata: 0.54911880614236
  landing: 0.06019473006017506
  view-data: 0.21131218085065484
