times:
  edit-metadata: 0.49309237400302663
  landing: 0.06842270499328151
  view-data: 0.2134911319881212
