times:
  edit-metadata: 1.6772647760808468
  landing: 1.0858104787766933
  view-data: 3.439966283738613
