times:
  edit-metadata: 1.4034853354096413
  landing: 0.7348386188969016
  view-data: 3.288456130772829
