times:
  edit-metadata: 1.3952006874606013
  landing: 0.8304905574768782
  view-data: 3.490786761045456
