times:
  edit-metadata: 1.396081456914544
  landing: 0.7132405396550894
  view-data: 3.3271859120577574
