times:
  edit-metadata: 1.8670943453907967
  landing: 1.1799638196825981
  view-data: 3.436462938785553
