times:
  edit-metadata: 1.4520076271146536
  landing: 0.23254216834902763
  view-data: 0.0230757724493742
