times:
  edit-metadata: 1.557108225300908
  landing: 0.7277292758226395
  view-data: 3.319368841126561
