times:
  edit-metadata: 1.372622836381197
  landing: 0.9109873808920383
  view-data: 3.356454186141491
