times:
  edit-metadata: 0.7771644368767738
  landing: 0.11156205413863063
  view-data: 0.2602042891085148
