times:
  edit-metadata: 1.4004769820021465
  landing: 0.8364255509804934
  view-data: 3.321464759996161
