times:
  edit-metadata: 0.6069658129708841
  landing: 0.057539911940693855
  view-data: 0.21546245797071606
