times:
  edit-metadata: 1.487502021715045
  landing: 0.1475485898554325
  view-data: 0.22676769271492958
