times:
  edit-metadata: 1.457975722849369
  landing: 0.21660172194242477
  view-data: 0.31488717906177044
