times:
  edit-metadata: 2.73037001863122
  landing: 2.094189792871475
  view-data: 3.609117154031992
