times:
  edit-metadata: 1.5510965026915073
  landing: 0.1954524740576744
  view-data: 0.02456442452967167
