times:
  edit-metadata: 1.3821982899680734
  landing: 0.8243926838040352
  view-data: 3.390766094904393
