times:
  edit-metadata: 1.4842278060386889
  landing: 0.019928485970012844
  view-data: 0.029672994976863265
