times:
  edit-metadata: 0.5323186470195651
  landing: 0.05081175873056054
  view-data: 0.21662580501288176
