times:
  edit-metadata: 0.6320034731179476
  landing: 0.09146794630214572
  view-data: 0.20953604066744447
