times:
  edit-metadata: 0.6295270849950612
  landing: 0.08675451995804906
  view-data: 0.3350403110962361
