times:
  edit-metadata: 0.7681218769866973
  landing: 0.06044363998807967
  view-data: 0.22054116596700624
