times:
  edit-metadata: 1.5982266161590815
  landing: 0.16011391766369343
  view-data: 0.027534836903214455
