times:
  edit-metadata: 0.5854497128166258
  landing: 0.06791900610551238
  view-data: 0.23842620523646474
