times:
  edit-metadata: 0.5044146350119263
  landing: 0.06703778891824186
  view-data: 0.22294960101135075
