times:
  edit-metadata: 0.8826101822778583
  landing: 0.05601099319756031
  view-data: 0.28983221435919404
