times:
  edit-metadata: 1.4655531905591488
  landing: 0.8232712019234896
  view-data: 3.310287479311228
