times:
  edit-metadata: 0.510834131971933
  landing: 0.07413804007228464
  view-data: 0.20686294289771467
