times:
  edit-metadata: 1.3939191587269306
  landing: 0.9442870654165745
  view-data: 3.314845521003008
