times:
  edit-metadata: 1.3776927343569696
  landing: 0.7508185249753296
  view-data: 3.295274875126779
