times:
  edit-metadata: 1.625451423227787
  landing: 0.9979104325175285
  view-data: 3.3648219034075737
