times:
  edit-metadata: 1.636643286794424
  landing: 1.0247269347310066
  view-data: 3.308164317160845
