times:
  edit-metadata: 1.2467224629945122
  landing: 0.3175757610006258
  view-data: 0.35504660103470087
