times:
  edit-metadata: 1.470004316419363
  landing: 0.02314496785402298
  view-data: 0.025231629610061646
