times:
  edit-metadata: 1.494692089036107
  landing: 0.01867646351456642
  view-data: 0.02365408092737198
