times:
  edit-metadata: 1.4806558871641755
  landing: 0.8336651856079698
  view-data: 3.37998191639781
