times:
  edit-metadata: 0.5551867629401386
  landing: 0.06164144491776824
  view-data: 0.21112960996106267
