times:
  edit-metadata: 1.4786475356668234
  landing: 0.836514987051487
  view-data: 3.3671139520592988
