times:
  edit-metadata: 1.4625253174453974
  landing: 0.21980459801852703
  view-data: 0.02668190561234951
