times:
  edit-metadata: 0.5278951330110431
  landing: 0.05701212282292545
  view-data: 0.20994323189370334
