times:
  edit-metadata: 1.4493579498957843
  landing: 0.8168489090166986
  view-data: 3.2773768468759954
