times:
  edit-metadata: 1.413486197590828
  landing: 0.6846951935440302
  view-data: 3.397623999044299
