times:
  edit-metadata: 2.5292596891522408
  landing: 1.6026903353631496
  view-data: 3.5328623354434967
