times:
  edit-metadata: 1.3397823423147202
  landing: 0.8794477917253971
  view-data: 3.4117350298911333
