times:
  edit-metadata: 1.4734735377132893
  landing: 1.0563605353236198
  view-data: 3.3361666575074196
