times:
  edit-metadata: 1.5166774056851864
  landing: 0.7262957356870174
  view-data: 3.2667772509157658
