times:
  edit-metadata: 1.3795693330466747
  landing: 0.8490830454975367
  view-data: 3.379985071718693
