times:
  edit-metadata: 1.5574800120666623
  landing: 0.7968554669059813
  view-data: 3.3461295827291906
