times:
  edit-metadata: 0.471894268412143
  landing: 0.04554839292541146
  view-data: 0.19862986775115132
