times:
  edit-metadata: 1.4078747890889645
  landing: 0.018859704956412315
  view-data: 0.3975431062281132
