times:
  edit-metadata: 1.4934014603495598
  landing: 0.022617803886532784
  view-data: 0.2972916327416897
