times:
  edit-metadata: 1.953801380470395
  landing: 0.7621190939098597
  view-data: 3.2843312807381153
