times:
  edit-metadata: 0.5503302980214357
  landing: 0.04710537940263748
  view-data: 0.2043774677440524
