times:
  edit-metadata: 1.5161369380075485
  landing: 0.8470215980196372
  view-data: 3.294313509017229
