times:
  edit-metadata: 1.4228836549445987
  landing: 0.01934212725609541
  view-data: 0.1035021310672164
