times:
  edit-metadata: 0.5868965769186616
  landing: 0.06429093796759844
  view-data: 0.22579751489683986
