times:
  edit-metadata: 1.3678880911320448
  landing: 0.8562319586053491
  view-data: 3.2969534508883953
