times:
  edit-metadata: 1.4483845606446266
  landing: 0.7499740440398455
  view-data: 3.314820783212781
