times:
  edit-metadata: 1.5127993766218424
  landing: 0.7702625505626202
  view-data: 3.470096053555608
