times:
  edit-metadata: 1.4215984251350164
  landing: 0.020390048623085022
  view-data: 0.2949444651603699
