times:
  edit-metadata: 0.5698015922680497
  landing: 0.07626525592058897
  view-data: 0.2286002109758556
