times:
  edit-metadata: 1.5673464192077518
  landing: 0.024315115064382553
  view-data: 0.1258181994780898
