times:
  edit-metadata: 1.5262502990663052
  landing: 0.7241827584803104
  view-data: 3.3535899091511965
