times:
  edit-metadata: 1.5052858013659716
  landing: 0.2113087698817253
  view-data: 0.02938869222998619
