times:
  edit-metadata: 0.7372441426850855
  landing: 0.08178236801177263
  view-data: 0.2097765440121293
