times:
  edit-metadata: 1.4737699590623379
  landing: 0.020672887563705444
  view-data: 0.02277502231299877
