times:
  edit-metadata: 1.4476144462823868
  landing: 0.8741548508405685
  view-data: 3.3995226360857487
