times:
  edit-metadata: 1.3866554498672485
  landing: 0.839502926915884
  view-data: 3.5163347832858562
