times:
  edit-metadata: 1.4771811719983816
  landing: 0.7290230765938759
  view-data: 3.4120741058140993
