times:
  edit-metadata: 1.639165136963129
  landing: 0.9545026049017906
  view-data: 3.3339845314621925
