times:
  edit-metadata: 1.3283116146922112
  landing: 0.7592214792966843
  view-data: 3.688690710812807
