times:
  edit-metadata: 1.4281530436128378
  landing: 0.8566830642521381
  view-data: 3.322471149265766
