times:
  edit-metadata: 2.079681194969453
  landing: 0.17437103699194267
  view-data: 0.1890858489787206
