times:
  edit-metadata: 1.500162085518241
  landing: 0.23056202568113804
  view-data: 0.2400316558778286
