times:
  edit-metadata: 1.627359103411436
  landing: 0.9478238821029663
  view-data: 3.4037935100495815
