times:
  edit-metadata: 1.4457557387650013
  landing: 0.9965099543333054
  view-data: 3.344569180160761
