times:
  edit-metadata: 1.4719260893762112
  landing: 0.23391308449208736
  view-data: 0.1353778513148427
