times:
  edit-metadata: 1.3244934268295765
  landing: 0.7694886047393084
  view-data: 3.3127631545066833
