times:
  edit-metadata: 1.4352313056588173
  landing: 0.7945622988045216
  view-data: 3.2645886801183224
