times:
  edit-metadata: 0.5693509809789248
  landing: 0.06819965597242117
  view-data: 0.3628008040250279
