times:
  edit-metadata: 0.5703567599412054
  landing: 0.07407773705199361
  view-data: 0.21576030179858208
