times:
  edit-metadata: 1.488560650497675
  landing: 0.8750544041395187
  view-data: 3.3219046033918858
