times:
  edit-metadata: 1.4144879346713424
  landing: 0.019201834686100483
  view-data: 0.025858059525489807
