times:
  edit-metadata: 1.3460706770420074
  landing: 0.8031751159578562
  view-data: 3.4187876917421818
