times:
  edit-metadata: 1.3249225440085866
  landing: 0.29727911099325866
  view-data: 0.327149192977231
