times:
  edit-metadata: 0.5749598457477987
  landing: 0.06521104276180267
  view-data: 0.22597091970965266
