times:
  edit-metadata: 1.6819789744913578
  landing: 1.1491249799728394
  view-data: 3.3779966216534376
