times:
  edit-metadata: 3.880707772448659
  landing: 2.2066979948431253
  view-data: 3.8635559417307377
