times:
  edit-metadata: 1.3463683985173702
  landing: 0.9046985320746899
  view-data: 3.356192708015442
