times:
  edit-metadata: 0.5121805155649781
  landing: 0.04747263062745333
  view-data: 0.20652701053768396
