times:
  edit-metadata: 0.47045337222516537
  landing: 0.040414500050246716
  view-data: 0.1986839957535267
