times:
  edit-metadata: 1.4664420830085874
  landing: 0.13912580721080303
  view-data: 0.13924368098378181
