times:
  edit-metadata: 1.5853664316236973
  landing: 1.0518090836703777
  view-data: 3.307483371347189
