times:
  edit-metadata: 1.474203558638692
  landing: 0.8460764642804861
  view-data: 3.402630896307528
