times:
  edit-metadata: 0.5682546480093151
  landing: 0.07004220993258059
  view-data: 0.21999016590416431
