times:
  edit-metadata: 0.48417483596131206
  landing: 0.047660408075898886
  view-data: 0.20412508212029934
