times:
  edit-metadata: 1.4940143004059792
  landing: 0.9741587936878204
  view-data: 3.370444394648075
