times:
  edit-metadata: 0.49804406333714724
  landing: 0.04660886898636818
  view-data: 0.2006409764289856
