times:
  edit-metadata: 0.5485484208911657
  landing: 0.048283638432621956
  view-data: 0.21156722959131002
