times:
  edit-metadata: 1.5172057207673788
  landing: 0.7712154928594828
  view-data: 3.342935288324952
