times:
  edit-metadata: 1.4249228481203318
  landing: 0.7245471458882093
  view-data: 3.2726669907569885
