times:
  edit-metadata: 1.4933278430253267
  landing: 1.0495206750929356
  view-data: 3.453489089384675
