times:
  edit-metadata: 1.5053694397211075
  landing: 0.7887220121920109
  view-data: 3.307408783584833
