times:
  edit-metadata: 1.3541074693202972
  landing: 0.8193863555788994
  view-data: 3.425919307395816
