times:
  edit-metadata: 1.4077666765078902
  landing: 0.020757240243256092
  view-data: 0.02586529590189457
