times:
  edit-metadata: 1.3515623845160007
  landing: 0.8751507736742496
  view-data: 3.3879148103296757
