times:
  edit-metadata: 1.6432965509593487
  landing: 0.32630096189677715
  view-data: 0.5915248449891806
