times:
  edit-metadata: 1.4877133136615157
  landing: 0.11735839303582907
  view-data: 0.02558730635792017
