times:
  edit-metadata: 1.7590841725468636
  landing: 1.094360962510109
  view-data: 3.385014846920967
