times:
  edit-metadata: 0.576181927928701
  landing: 0.07925036898814142
  view-data: 0.21819454478099942
