times:
  edit-metadata: 1.4240743098780513
  landing: 0.021065705455839634
  view-data: 0.40506203565746546
