times:
  edit-metadata: 1.5945057962089777
  landing: 0.9465404991060495
  view-data: 3.3956648409366608
