times:
  edit-metadata: 1.6173593048006296
  landing: 0.22943530417978764
  view-data: 0.1380352210253477
