times:
  edit-metadata: 0.5588982719928026
  landing: 0.06256759725511074
  view-data: 0.22039413079619408
