times:
  edit-metadata: 1.6335207615047693
  landing: 0.018565263599157333
  view-data: 0.3259306736290455
