times:
  edit-metadata: 0.5008470052853227
  landing: 0.04934486327692866
  view-data: 0.211564218159765
