times:
  edit-metadata: 0.4981261668726802
  landing: 0.05118686147034168
  view-data: 0.218152629211545
