times:
  edit-metadata: 1.4037936246022582
  landing: 0.7559836814180017
  view-data: 3.320163633674383
