times:
  edit-metadata: 0.5660300389863551
  landing: 0.046169396955519915
  view-data: 0.21283775998745114
