times:
  edit-metadata: 1.405700335279107
  landing: 0.18904854357242584
  view-data: 0.024988912045955658
