times:
  edit-metadata: 0.5107465879991651
  landing: 0.051040709018707275
  view-data: 0.20561003498733044
