times:
  edit-metadata: 1.2861267291009426
  landing: 0.8360711671411991
  view-data: 3.3124107122421265
