times:
  edit-metadata: 0.5590630029328167
  landing: 0.07454091124236584
  view-data: 0.22015174198895693
