times:
  edit-metadata: 2.2327705547213554
  landing: 1.3443420259281993
  view-data: 3.434354852885008
