times:
  edit-metadata: 0.5147421704605222
  landing: 0.040957702323794365
  view-data: 0.20909401588141918
