times:
  edit-metadata: 1.4042116161435843
  landing: 0.08598663657903671
  view-data: 0.332569295540452
