times:
  edit-metadata: 0.4540450731292367
  landing: 0.04958076495677233
  view-data: 0.20991904521360993
