times:
  edit-metadata: 1.433410462923348
  landing: 8.261453137267381
  view-data: 3.3548028580844402
