times:
  edit-metadata: 2.868601194990333
  landing: 0.4543615100556053
  view-data: 0.469682038994506
