times:
  edit-metadata: 1.605706688016653
  landing: 1.0177289359271526
  view-data: 3.3648412749171257
