times:
  edit-metadata: 2.0012905719995615
  landing: 0.18706082200515084
  view-data: 0.1722736910014646
