times:
  edit-metadata: 0.5357380099594593
  landing: 0.0496786842122674
  view-data: 0.2018854059278965
