times:
  edit-metadata: 1.450357472524047
  landing: 0.019666915759444237
  view-data: 0.25876870937645435
