times:
  edit-metadata: 1.5613414228428155
  landing: 0.9633485230151564
  view-data: 3.3628907708916813
