times:
  edit-metadata: 1.4030327750369906
  landing: 0.7835068790009245
  view-data: 3.353348125005141
