times:
  edit-metadata: 1.4737101178616285
  landing: 0.8552970578894019
  view-data: 3.3869722159579396
