times:
  edit-metadata: 1.550268055871129
  landing: 0.43004476465284824
  view-data: 0.28032601065933704
