times:
  edit-metadata: 1.3707787618041039
  landing: 0.822515144944191
  view-data: 3.314295832067728
