times:
  edit-metadata: 1.4383977362886071
  landing: 0.02293507196009159
  view-data: 0.42535797599703074
