times:
  edit-metadata: 0.7622993339900859
  landing: 0.07861291500739753
  view-data: 0.2946651710080914
