times:
  edit-metadata: 0.7336391979988548
  landing: 0.08211423600005219
  view-data: 0.22150512000371236
