times:
  edit-metadata: 1.419405184686184
  landing: 0.8427800461649895
  view-data: 3.3761696703732014
