times:
  edit-metadata: 1.4234294053167105
  landing: 0.019370063208043575
  view-data: 0.024979895912110806
