times:
  edit-metadata: 0.5080171665176749
  landing: 0.04914631228893995
  view-data: 0.20843962207436562
