times:
  edit-metadata: 1.4163577118888497
  landing: 0.019652889110147953
  view-data: 0.12099167611449957
