times:
  edit-metadata: 1.7760733291506767
  landing: 1.0675913840532303
  view-data: 3.3231802210211754
