times:
  edit-metadata: 1.3081554881064221
  landing: 0.8181015799054876
  view-data: 3.33253707701806
