times:
  edit-metadata: 1.2929403190501034
  landing: 0.7689106059260666
  view-data: 3.248505610972643
