times:
  edit-metadata: 1.4909108765423298
  landing: 0.27614456601440907
  view-data: 0.38833267241716385
