times:
  edit-metadata: 1.9587399000301957
  landing: 1.4948262106627226
  view-data: 3.505976501852274
