times:
  edit-metadata: 1.5953038856387138
  landing: 0.40593171305954456
  view-data: 0.026069803163409233
