times:
  edit-metadata: 0.5850318870216142
  landing: 0.03835535599500872
  view-data: 0.22542243901989423
