times:
  edit-metadata: 1.702622964978218
  landing: 0.9046646226197481
  view-data: 3.351866941899061
