times:
  edit-metadata: 1.4892123420722783
  landing: 0.8744899737648666
  view-data: 3.3293889863416553
