times:
  edit-metadata: 1.7280717380344868
  landing: 0.8117700275033712
  view-data: 3.4510646983981133
