times:
  edit-metadata: 1.433573318645358
  landing: 0.9381095804274082
  view-data: 3.3470955323427916
