times:
  edit-metadata: 1.470090638846159
  landing: 0.021617529913783073
  view-data: 0.02576116845011711
