times:
  edit-metadata: 0.5778467748314142
  landing: 0.07471290905959904
  view-data: 0.23431239696219563
