times:
  edit-metadata: 1.3968466594815254
  landing: 0.803497675806284
  view-data: 3.378916075453162
