times:
  edit-metadata: 1.4657705090939999
  landing: 0.8957589715719223
  view-data: 3.3720750212669373
