times:
  edit-metadata: 1.5001699347048998
  landing: 0.020593205466866493
  view-data: 0.12412257306277752
