times:
  edit-metadata: 1.468704380095005
  landing: 0.1179261514917016
  view-data: 0.12768867146223783
