times:
  edit-metadata: 1.5555341634899378
  landing: 0.019085407257080078
  view-data: 0.34722587279975414
