times:
  edit-metadata: 1.4369453145191073
  landing: 0.15078856889158487
  view-data: 0.02584793884307146
