times:
  edit-metadata: 0.4744910351000726
  landing: 0.0528930788859725
  view-data: 0.19913161173462868
