times:
  edit-metadata: 1.5014963457360864
  landing: 0.02209477685391903
  view-data: 0.025799098424613476
