times:
  edit-metadata: 1.7939663641154766
  landing: 1.0131858065724373
  view-data: 3.3765477910637856
