times:
  edit-metadata: 1.9285927340388298
  landing: 0.23313929699361324
  view-data: 0.38420397974550724
