times:
  edit-metadata: 1.4325951114296913
  landing: 0.02069377899169922
  view-data: 0.02459111250936985
