times:
  edit-metadata: 0.5861827499466017
  landing: 0.08397976902779192
  view-data: 0.22383573290426284
