times:
  edit-metadata: 1.3587583042681217
  landing: 1.0419770926237106
  view-data: 3.343902911990881
