times:
  edit-metadata: 1.4875225313007832
  landing: 0.8997758366167545
  view-data: 3.4293213579803705
