times:
  edit-metadata: 1.4383192881941795
  landing: 0.02181187830865383
  view-data: 0.2135041058063507
