times:
  edit-metadata: 1.6885168179869652
  landing: 1.0331731252372265
  view-data: 3.3452130630612373
