times:
  edit-metadata: 1.5299175567924976
  landing: 0.02225004881620407
  view-data: 0.02575778029859066
