times:
  edit-metadata: 1.4615610027685761
  landing: 0.0210732351988554
  view-data: 0.02790223713964224
