times:
  edit-metadata: 1.480708859860897
  landing: 0.1276231613010168
  view-data: 0.20678141713142395
