times:
  edit-metadata: 0.6192991682328284
  landing: 0.049627806060016155
  view-data: 0.23060134099796414
