times:
  edit-metadata: 1.5204009339213371
  landing: 0.9367831759154797
  view-data: 3.394576758146286
