times:
  edit-metadata: 2.161692114546895
  landing: 0.9169315295293927
  view-data: 3.4074306124821305
