times:
  edit-metadata: 1.409388706088066
  landing: 0.7152025438845158
  view-data: 3.306698389351368
