times:
  edit-metadata: 0.49105629976838827
  landing: 0.04497039970010519
  view-data: 0.22386494185775518
