times:
  edit-metadata: 0.6437758450047113
  landing: 0.1003464040113613
  view-data: 0.228150000970345
