times:
  edit-metadata: 1.5810561496764421
  landing: 0.9715980645269156
  view-data: 3.3703338839113712
