times:
  edit-metadata: 0.5056815519928932
  landing: 0.04936342919245362
  view-data: 0.19602453988045454
