times:
  edit-metadata: 1.4199374429881573
  landing: 0.7113560251891613
  view-data: 3.3974374681711197
