times:
  edit-metadata: 0.6268054619995382
  landing: 0.04797006999979203
  view-data: 0.21771376200013037
