times:
  edit-metadata: 1.820984000340104
  landing: 0.2725448366254568
  view-data: 0.15129986219108105
