times:
  edit-metadata: 0.5715295479167253
  landing: 0.04167651105672121
  view-data: 0.2152538299560547
