times:
  edit-metadata: 1.4203401915729046
  landing: 1.0485378988087177
  view-data: 3.3593622632324696
