times:
  edit-metadata: 0.49813141860067844
  landing: 0.049147664569318295
  view-data: 0.20467200409621
