times:
  edit-metadata: 1.3402046151459217
  landing: 0.7807022780179977
  view-data: 3.2798814810812473
