times:
  edit-metadata: 0.5662539131008089
  landing: 0.08455475582741201
  view-data: 0.2604625967796892
