times:
  edit-metadata: 1.4374972907826304
  landing: 0.8972725355997682
  view-data: 3.4019983001053333
