times:
  edit-metadata: 1.7802307344973087
  landing: 0.2198674213141203
  view-data: 0.3258178997784853
