times:
  edit-metadata: 1.9710014835000038
  landing: 0.680811570957303
  view-data: 3.347511075437069
