times:
  edit-metadata: 1.6268562637269497
  landing: 0.7840623818337917
  view-data: 3.422936240211129
