times:
  edit-metadata: 1.4762180810794234
  landing: 0.7596992338076234
  view-data: 3.360418437048793
