times:
  edit-metadata: 1.469244932755828
  landing: 0.7492852360010147
  view-data: 3.3179425336420536
