times:
  edit-metadata: 1.8432233380153775
  landing: 0.15036451909691095
  view-data: 0.3243996128439903
