times:
  edit-metadata: 0.5129796010442078
  landing: 0.05565578816458583
  view-data: 0.19421953801065683
