times:
  edit-metadata: 1.4258042182773352
  landing: 0.7963478546589613
  view-data: 3.3356978436931968
