times:
  edit-metadata: 1.4244493832811713
  landing: 0.01981189288198948
  view-data: 0.026544571854174137
