times:
  edit-metadata: 0.5679744300432503
  landing: 0.07655552797950804
  view-data: 0.22134597203694284
