times:
  edit-metadata: 0.6047944938763976
  landing: 0.05207445565611124
  view-data: 0.21362510276958346
