times:
  edit-metadata: 1.7570327837020159
  landing: 1.0184854622930288
  view-data: 3.7613061256706715
