times:
  edit-metadata: 1.6192230600863695
  landing: 0.8413435705006123
  view-data: 3.342948904260993
