times:
  edit-metadata: 1.9858746249228716
  landing: 0.19350537098944187
  view-data: 0.161659961566329
