times:
  edit-metadata: 0.5648220009170473
  landing: 0.07252875808626413
  view-data: 0.22932954598218203
