times:
  edit-metadata: 0.4661521380767226
  landing: 0.04363842308521271
  view-data: 0.19333750708028674
