times:
  edit-metadata: 1.5500070312991738
  landing: 0.934233377687633
  view-data: 3.438659470528364
