times:
  edit-metadata: 1.6378906005993485
  landing: 0.2103494619950652
  view-data: 0.23171171266585588
