times:
  edit-metadata: 1.4371372982859612
  landing: 0.8845521565526724
  view-data: 3.3910909481346607
