times:
  edit-metadata: 1.4131953436881304
  landing: 0.022582377307116985
  view-data: 0.40814702026546
