times:
  edit-metadata: 1.7072768099606037
  landing: 0.29586954042315483
  view-data: 0.2631366327404976
