times:
  edit-metadata: 1.4458586387336254
  landing: 0.7970957234501839
  view-data: 3.2943242080509663
