times:
  edit-metadata: 1.4828317044302821
  landing: 0.19554131664335728
  view-data: 0.023503506556153297
