times:
  edit-metadata: 0.47410031082108617
  landing: 0.038798665162175894
  view-data: 0.1875658966600895
