times:
  edit-metadata: 1.4319661213085055
  landing: 0.6987961251288652
  view-data: 3.3703887267038226
