times:
  edit-metadata: 0.5075924294069409
  landing: 0.044238006696105
  view-data: 0.20691052079200745
