times:
  edit-metadata: 1.5251070596277714
  landing: 0.9488029628992081
  view-data: 3.392717607319355
