times:
  edit-metadata: 1.4356920719146729
  landing: 0.02334327343851328
  view-data: 0.02678360976278782
