times:
  edit-metadata: 1.4145055525004864
  landing: 0.019346870481967926
  view-data: 0.025930744595825672
