times:
  edit-metadata: 1.448926605284214
  landing: 0.022717222571372986
  view-data: 0.025040319189429283
