times:
  edit-metadata: 1.4375279005616903
  landing: 0.01915554329752922
  view-data: 0.0242022518068552
