times:
  edit-metadata: 0.6376482179912273
  landing: 0.07884588398155756
  view-data: 0.2454646060068626
