times:
  edit-metadata: 0.474535858258605
  landing: 0.051002797205001116
  view-data: 0.1956571601331234
