times:
  edit-metadata: 0.6749818762764335
  landing: 0.10056398063898087
  view-data: 0.23497901810333133
