times:
  edit-metadata: 1.4498384296894073
  landing: 0.023097984492778778
  view-data: 0.025387074798345566
