times:
  edit-metadata: 0.473302039783448
  landing: 0.039992428850382566
  view-data: 0.20205878373235464
