times:
  edit-metadata: 1.5345215309644118
  landing: 0.9500556129496545
  view-data: 3.3847662640037015
