times:
  edit-metadata: 1.487171154934913
  landing: 0.8011617446318269
  view-data: 3.371032701805234
