times:
  edit-metadata: 1.6931804940104485
  landing: 1.2214566059410572
  view-data: 3.3503481037914753
