times:
  edit-metadata: 1.4348783902823925
  landing: 0.8431099094450474
  view-data: 3.3472499325871468
