times:
  edit-metadata: 1.6080700322054327
  landing: 0.9772971388883889
  view-data: 3.361863136291504
