times:
  edit-metadata: 1.3630685470998287
  landing: 0.7185180969536304
  view-data: 3.429266294464469
