times:
  edit-metadata: 1.3754816725850105
  landing: 0.1256844885647297
  view-data: 0.335121288895607
