times:
  edit-metadata: 1.4935737177729607
  landing: 0.1969258151948452
  view-data: 0.32106020487844944
