times:
  edit-metadata: 0.5150910215452313
  landing: 0.04762010183185339
  view-data: 0.21235057897865772
