times:
  edit-metadata: 1.4126094356179237
  landing: 0.19724943302571774
  view-data: 0.1070618536323309
