times:
  edit-metadata: 0.7184788030572236
  landing: 0.09179560793563724
  view-data: 0.3025829871185124
