times:
  edit-metadata: 1.4365832917392254
  landing: 0.7272948194295168
  view-data: 3.3164118696004152
