times:
  edit-metadata: 1.5337391328066587
  landing: 0.19139369577169418
  view-data: 0.21491281688213348
