times:
  edit-metadata: 0.5217590518295765
  landing: 0.05504607688635588
  view-data: 0.20661699306219816
