times:
  edit-metadata: 1.9935827162116766
  landing: 0.16310488060116768
  view-data: 0.37660269625484943
