times:
  edit-metadata: 0.4944870611652732
  landing: 0.047410428524017334
  view-data: 0.2078988403081894
