times:
  edit-metadata: 1.5503964126110077
  landing: 0.02215513400733471
  view-data: 0.02485663630068302
