times:
  edit-metadata: 1.336376235820353
  landing: 0.7386961868032813
  view-data: 3.3667271183803678
