times:
  edit-metadata: 0.4941843687556684
  landing: 0.04632883472368121
  view-data: 0.19762129290029407
