times:
  edit-metadata: 1.479804058559239
  landing: 0.019796586595475674
  view-data: 0.027050943113863468
