times:
  edit-metadata: 0.5635074311867356
  landing: 0.04477131413295865
  view-data: 0.2093024761416018
