times:
  edit-metadata: 1.4664441477507353
  landing: 0.021817882545292377
  view-data: 0.434960444457829
