times:
  edit-metadata: 1.4950614720582962
  landing: 0.11518493108451366
  view-data: 0.02599889226257801
