times:
  edit-metadata: 1.4648695085197687
  landing: 0.11445255018770695
  view-data: 0.02623695693910122
