times:
  edit-metadata: 1.4478335799649358
  landing: 0.019239474087953568
  view-data: 0.10134150832891464
