times:
  edit-metadata: 0.5712477000197396
  landing: 0.07743260002462193
  view-data: 0.2499565280159004
