times:
  edit-metadata: 1.4200020739808679
  landing: 0.23989378474652767
  view-data: 0.023972613736987114
