times:
  edit-metadata: 1.4921037666499615
  landing: 0.9242715612053871
  view-data: 3.463950280100107
