times:
  edit-metadata: 0.5609875590307638
  landing: 0.05316131201107055
  view-data: 0.21865589707158506
