times:
  edit-metadata: 1.6732809208333492
  landing: 1.0303752459585667
  view-data: 3.4201989509165287
