times:
  edit-metadata: 1.4001792734488845
  landing: 0.02118543442338705
  view-data: 0.09825878776609898
