times:
  edit-metadata: 0.4766555093228817
  landing: 0.0388046782463789
  view-data: 0.1999278380535543
