times:
  edit-metadata: 1.7585113421082497
  landing: 0.9996818117797375
  view-data: 3.413345042616129
