times:
  edit-metadata: 1.5159313026815653
  landing: 0.9801228800788522
  view-data: 3.3423421727493405
