times:
  edit-metadata: 1.8457279615104198
  landing: 1.059948019683361
  view-data: 3.3701342530548573
