times:
  edit-metadata: 1.53793553262949
  landing: 0.9198976680636406
  view-data: 3.4207183346152306
