times:
  edit-metadata: 1.438173689180985
  landing: 0.7447152228560299
  view-data: 3.3324206098914146
