times:
  edit-metadata: 0.5710079609998502
  landing: 0.0642141499556601
  view-data: 0.2390376870171167
