times:
  edit-metadata: 1.4387790393084288
  landing: 0.13980063050985336
  view-data: 0.1412741243839264
