times:
  edit-metadata: 1.5489799100905657
  landing: 0.019771520048379898
  view-data: 0.3265352603048086
