times:
  edit-metadata: 1.4357469622045755
  landing: 0.7209729440510273
  view-data: 3.2980750408023596
