times:
  edit-metadata: 1.4496876895427704
  landing: 0.8361924309283495
  view-data: 3.3376543149352074
