times:
  edit-metadata: 1.4076240472495556
  landing: 0.8727368786931038
  view-data: 3.32674347050488
