times:
  edit-metadata: 1.4736690428107977
  landing: 0.0207900358363986
  view-data: 0.023747016675770283
