times:
  edit-metadata: 0.5669066039845347
  landing: 0.0481053558178246
  view-data: 0.2042310240212828
