times:
  edit-metadata: 0.4675159128382802
  landing: 0.04276348510757089
  view-data: 0.19638934871181846
