times:
  edit-metadata: 1.694631122983992
  landing: 1.033396776765585
  view-data: 3.4640363827347755
