times:
  edit-metadata: 1.4324031174182892
  landing: 0.02334344107657671
  view-data: 0.025021513924002647
