times:
  edit-metadata: 0.5066272392868996
  landing: 0.046571316197514534
  view-data: 0.3491436103358865
