times:
  edit-metadata: 0.611124818213284
  landing: 0.060035422910004854
  view-data: 0.21317115193232894
