times:
  edit-metadata: 1.7724600927904248
  landing: 1.09959258697927
  view-data: 3.4127277731895447
