times:
  edit-metadata: 0.5056499131023884
  landing: 0.04257063800469041
  view-data: 0.21799638401716948
