times:
  edit-metadata: 1.4512243792414665
  landing: 0.12976108863949776
  view-data: 0.1359238214790821
