times:
  edit-metadata: 1.2835936909541488
  landing: 0.9218679999466985
  view-data: 3.2834497631993145
