times:
  edit-metadata: 1.3330752477049828
  landing: 0.9016982708126307
  view-data: 3.474792340770364
