times:
  edit-metadata: 1.735468152910471
  landing: 0.2171060722321272
  view-data: 0.028780553489923477
