times:
  edit-metadata: 1.4331364389508963
  landing: 0.02103869989514351
  view-data: 0.02939040306955576
