times:
  edit-metadata: 1.5411979015916586
  landing: 0.9263647980988026
  view-data: 3.3887435104697943
