times:
  edit-metadata: 1.4494393384084105
  landing: 0.024004703387618065
  view-data: 0.025822481140494347
