times:
  edit-metadata: 1.5487444251775742
  landing: 0.7777109891176224
  view-data: 3.306688066571951
