times:
  edit-metadata: 0.5846086540259421
  landing: 0.04171147401211783
  view-data: 0.2332588629797101
