times:
  edit-metadata: 1.4028522702865303
  landing: 0.975749562960118
  view-data: 3.342809859663248
