times:
  edit-metadata: 0.5302717238664627
  landing: 0.042140379548072815
  view-data: 0.21368233393877745
