times:
  edit-metadata: 1.4373165532015264
  landing: 0.7204774362035096
  view-data: 3.3437976967543364
