times:
  edit-metadata: 2.028940863907337
  landing: 1.3083292581140995
  view-data: 3.5673391558229923
