times:
  edit-metadata: 1.3401696104556322
  landing: 0.8031113920733333
  view-data: 3.3594418661668897
