times:
  edit-metadata: 1.5015218704938889
  landing: 0.7367173694074154
  view-data: 3.3312131240963936
