times:
  edit-metadata: 1.3553980980068445
  landing: 0.9543695151805878
  view-data: 3.309406694956124
