times:
  edit-metadata: 1.366717854514718
  landing: 0.8682716507464647
  view-data: 3.352407019585371
