times:
  edit-metadata: 0.5716107540065423
  landing: 0.05513113993220031
  view-data: 0.21142661292105913
