times:
  edit-metadata: 1.4282433800399303
  landing: 0.020319374278187752
  view-data: 0.4233800992369652
