times:
  edit-metadata: 1.5010037180036306
  landing: 0.021016888320446014
  view-data: 0.2861106116324663
