times:
  edit-metadata: 1.379851646721363
  landing: 0.9892135597765446
  view-data: 3.602305067703128
