times:
  edit-metadata: 0.5096702454611659
  landing: 0.04353072866797447
  view-data: 0.2065046112984419
