times:
  edit-metadata: 0.5687474058941007
  landing: 0.08966047293506563
  view-data: 0.21982950903475285
