times:
  edit-metadata: 1.4475088603794575
  landing: 0.022130200639367104
  view-data: 0.12495446391403675
