times:
  edit-metadata: 1.4609260773286223
  landing: 0.020624900236725807
  view-data: 0.11961989011615515
