times:
  edit-metadata: 1.6590418014675379
  landing: 0.8671723399311304
  view-data: 3.4195430539548397
