times:
  edit-metadata: 0.6361914067529142
  landing: 0.0750174350105226
  view-data: 0.2899284898303449
