times:
  edit-metadata: 1.420085621997714
  landing: 0.020686618983745575
  view-data: 0.39321164693683386
