times:
  edit-metadata: 0.5815394129604101
  landing: 0.06346207798924297
  view-data: 0.23558302002493292
