times:
  edit-metadata: 0.5814101020805538
  landing: 0.0540797661524266
  view-data: 0.21833562897518277
