times:
  edit-metadata: 1.4121541362255812
  landing: 0.8732203543186188
  view-data: 3.3755275141447783
