times:
  edit-metadata: 1.5638248324394226
  landing: 0.01914159208536148
  view-data: 0.49924091063439846
