times:
  edit-metadata: 1.5230376198887825
  landing: 1.0581185966730118
  view-data: 3.361971639096737
