times:
  edit-metadata: 0.48254102701321244
  landing: 0.04468868300318718
  view-data: 0.19747691182419658
