times:
  edit-metadata: 1.2642385410144925
  landing: 0.7022046169731766
  view-data: 3.361619967967272
