times:
  edit-metadata: 1.5609325636178255
  landing: 0.7445787787437439
  view-data: 3.451501864939928
