times:
  edit-metadata: 2.0355372559279203
  landing: 0.19116655737161636
  view-data: 0.473837798461318
