times:
  edit-metadata: 1.457526127807796
  landing: 0.020891645923256874
  view-data: 0.19231693539768457
