times:
  edit-metadata: 1.407365033403039
  landing: 0.02037740685045719
  view-data: 0.024413823150098324
