times:
  edit-metadata: 1.6432653181254864
  landing: 0.3241402879357338
  view-data: 0.2919454611837864
