times:
  edit-metadata: 0.577359460061416
  landing: 0.0771247900556773
  view-data: 0.2337283929809928
