times:
  edit-metadata: 0.4911232669837773
  landing: 0.04435153678059578
  view-data: 0.2144081499427557
