times:
  edit-metadata: 0.5573591603897512
  landing: 0.044553267769515514
  view-data: 0.24558148812502623
