times:
  edit-metadata: 1.4330006260424852
  landing: 0.021030649542808533
  view-data: 0.023996496573090553
