times:
  edit-metadata: 1.6183882402256131
  landing: 0.02498421724885702
  view-data: 0.025868505239486694
