times:
  edit-metadata: 1.361863125115633
  landing: 0.7535477876663208
  view-data: 3.2651369273662567
