times:
  edit-metadata: 1.470926709473133
  landing: 0.8645253404974937
  view-data: 3.2903279811143875
