times:
  edit-metadata: 1.5084462724626064
  landing: 0.019919801503419876
  view-data: 0.11830438580363989
