times:
  edit-metadata: 1.4754591146484017
  landing: 0.12345798034220934
  view-data: 0.026657349430024624
