times:
  edit-metadata: 1.4280222989618778
  landing: 0.02147794794291258
  view-data: 0.023976393975317478
