times:
  edit-metadata: 0.5571795799769461
  landing: 0.04540007503237575
  view-data: 0.2046665829839185
