times:
  edit-metadata: 1.4773650104179978
  landing: 0.02110987715423107
  view-data: 0.026616633869707584
