times:
  edit-metadata: 1.567833250388503
  landing: 0.7421468906104565
  view-data: 3.4268343299627304
