times:
  edit-metadata: 0.5498288869857788
  landing: 0.04913419298827648
  view-data: 0.1920907124876976
