times:
  edit-metadata: 1.305292653851211
  landing: 0.021853976882994175
  view-data: 0.02634833101183176
