times:
  edit-metadata: 1.5981516316533089
  landing: 0.22938325442373753
  view-data: 0.031078211963176727
