times:
  edit-metadata: 1.6921586748212576
  landing: 1.0052027348428965
  view-data: 3.3420629892498255
