times:
  edit-metadata: 0.5780660579912364
  landing: 0.04177313111722469
  view-data: 0.2264894167892635
