times:
  edit-metadata: 1.5701407045125961
  landing: 7.178458955138922
  view-data: 3.6520431637763977
