times:
  edit-metadata: 0.5196255152113736
  landing: 0.048732356168329716
  view-data: 0.21171999303624034
