times:
  edit-metadata: 1.4239785894751549
  landing: 0.8969853678718209
  view-data: 3.328935444355011
