times:
  edit-metadata: 0.6037465441040695
  landing: 0.046072921017184854
  view-data: 0.3661430028732866
