times:
  edit-metadata: 0.500504347961396
  landing: 0.04656306328251958
  view-data: 0.20619545318186283
