times:
  edit-metadata: 1.5389904342591763
  landing: 0.019558090716600418
  view-data: 0.02260536700487137
