times:
  edit-metadata: 1.3160900389775634
  landing: 0.7402127897366881
  view-data: 3.446857846342027
