times:
  edit-metadata: 1.6705450853332877
  landing: 0.029089078307151794
  view-data: 0.025768587365746498
