times:
  edit-metadata: 1.4162555746734142
  landing: 0.8595660366117954
  view-data: 3.314503490924835
