times:
  edit-metadata: 0.48284353502094746
  landing: 0.047238931991159916
  view-data: 0.19475452275946736
