times:
  edit-metadata: 1.5710915150120854
  landing: 0.022188971750438213
  view-data: 0.13542137946933508
