times:
  edit-metadata: 1.4371008770540357
  landing: 0.09711605496704578
  view-data: 0.1218919288367033
