times:
  edit-metadata: 0.5789567539977725
  landing: 0.061579676999826916
  view-data: 0.22979347000364214
