times:
  edit-metadata: 1.665251649916172
  landing: 1.0005217343568802
  view-data: 3.3368237912654877
