times:
  edit-metadata: 1.5312292873859406
  landing: 0.9237080849707127
  view-data: 3.401669379323721
