times:
  edit-metadata: 1.7574316840618849
  landing: 0.04272292833775282
  view-data: 0.11402405425906181
