times:
  edit-metadata: 0.5815940449829213
  landing: 0.07674283196683973
  view-data: 0.2267082579783164
