times:
  edit-metadata: 3.724248506128788
  landing: 1.452659334987402
  view-data: 4.141686851158738
