times:
  edit-metadata: 1.5149815436452627
  landing: 0.02268192358314991
  view-data: 0.027069611474871635
