times:
  edit-metadata: 0.6522286980034551
  landing: 0.0803773759980686
  view-data: 0.21594418300082907
