times:
  edit-metadata: 2.114187069237232
  landing: 1.4072168432176113
  view-data: 3.413894433528185
