times:
  edit-metadata: 1.4709709221497178
  landing: 0.8226749049499631
  view-data: 3.4482972733676434
