times:
  edit-metadata: 1.4912707799812779
  landing: 1.0817938500549644
  view-data: 3.3854255459737033
