times:
  edit-metadata: 1.444690141826868
  landing: 0.7153927236795425
  view-data: 3.34977450594306
