times:
  edit-metadata: 0.5698358340305276
  landing: 0.04781263699987903
  view-data: 0.21341047500027344
