times:
  edit-metadata: 0.5151197002269328
  landing: 0.036992786917835474
  view-data: 0.19780251802876592
