times:
  edit-metadata: 1.4224136723205447
  landing: 0.0211876118555665
  view-data: 0.026941952295601368
