times:
  edit-metadata: 1.490663593634963
  landing: 0.05522182770073414
  view-data: 0.10578055866062641
