times:
  edit-metadata: 1.457031519152224
  landing: 0.7310465408954769
  view-data: 3.298709185095504
