times:
  edit-metadata: 0.7181599410250783
  landing: 0.07239255029708147
  view-data: 0.23405634006485343
