times:
  edit-metadata: 1.8762707486748695
  landing: 1.2122732177376747
  view-data: 3.3212843872606754
