times:
  edit-metadata: 0.493446527980268
  landing: 0.043074730318039656
  view-data: 0.19994710991159081
