times:
  edit-metadata: 1.4478483661077917
  landing: 0.8399196001701057
  view-data: 3.3662842619232833
