times:
  edit-metadata: 1.3826096877455711
  landing: 0.8335993550717831
  view-data: 3.2843294590711594
