times:
  edit-metadata: 1.453404139727354
  landing: 0.023927939124405384
  view-data: 0.028291404247283936
