times:
  edit-metadata: 1.618393188342452
  landing: 0.8274441044777632
  view-data: 3.4568149130791426
