times:
  edit-metadata: 1.4261791156604886
  landing: 0.020406668074429035
  view-data: 0.12277869135141373
