times:
  edit-metadata: 1.5283022560179234
  landing: 0.021910257637500763
  view-data: 0.024913698434829712
