times:
  edit-metadata: 1.4776942627504468
  landing: 0.02216065488755703
  view-data: 0.41150969732552767
