times:
  edit-metadata: 1.4879791350103915
  landing: 0.8495169139932841
  view-data: 3.3212567451409996
