times:
  edit-metadata: 0.9478609790094197
  landing: 0.09186944691464305
  view-data: 0.36983977910131216
