times:
  edit-metadata: 1.841266306117177
  landing: 1.2949054706841707
  view-data: 3.5367006845772266
