times:
  edit-metadata: 1.4340935293585062
  landing: 0.28621767833828926
  view-data: 0.025105249136686325
