times:
  edit-metadata: 1.4207188375294209
  landing: 0.7924166284501553
  view-data: 3.3157890290021896
