times:
  edit-metadata: 1.685882855206728
  landing: 0.34411000832915306
  view-data: 0.1641151960939169
