times:
  edit-metadata: 1.3982244599610567
  landing: 0.20742385741323233
  view-data: 0.025270044803619385
