times:
  edit-metadata: 1.4859991315752268
  landing: 0.8303749840706587
  view-data: 3.323750078678131
