times:
  edit-metadata: 1.4489302970468998
  landing: 0.8926248401403427
  view-data: 3.3282848857343197
