times:
  edit-metadata: 1.503264844417572
  landing: 0.020591572858393192
  view-data: 0.02752476930618286
