times:
  edit-metadata: 1.5277231018990278
  landing: 0.8344531767070293
  view-data: 3.2881193375214934
