times:
  edit-metadata: 1.4786678701639175
  landing: 0.019331222400069237
  view-data: 0.02335657738149166
