times:
  edit-metadata: 2.7964146994054317
  landing: 1.1034735441207886
  view-data: 3.375712141394615
