times:
  edit-metadata: 1.4288480440154672
  landing: 0.02007204294204712
  view-data: 0.025277746841311455
