times:
  edit-metadata: 2.4071920290589333
  landing: 0.2673964072018862
  view-data: 0.2106250235810876
