times:
  edit-metadata: 0.5737061669351533
  landing: 0.06981424905825406
  view-data: 0.21695019793696702
