times:
  edit-metadata: 1.4393620435148478
  landing: 0.022236240096390247
  view-data: 0.09797532390803099
