times:
  edit-metadata: 1.3393809236586094
  landing: 1.4434680845588446
  view-data: 3.3056580368429422
