times:
  edit-metadata: 1.3696667850017548
  landing: 0.8954359795898199
  view-data: 3.450721887871623
