times:
  edit-metadata: 1.6414373256266117
  landing: 1.0576235465705395
  view-data: 3.498847734183073
