times:
  edit-metadata: 0.5689405900193378
  landing: 0.08302263799123466
  view-data: 0.21475690393708646
