times:
  edit-metadata: 1.4572040885686874
  landing: 0.9366573467850685
  view-data: 3.342538256198168
