times:
  edit-metadata: 1.4310504151508212
  landing: 0.01993643306195736
  view-data: 0.12487384211272001
