times:
  edit-metadata: 1.8059238381683826
  landing: 0.020078442990779877
  view-data: 0.026979216374456882
