times:
  edit-metadata: 1.4127394799143076
  landing: 0.8268088437616825
  view-data: 3.346339873969555
