times:
  edit-metadata: 1.3658684194087982
  landing: 0.865199463441968
  view-data: 3.2878806479275227
