times:
  edit-metadata: 1.5252324398607016
  landing: 0.92447545286268
  view-data: 3.375220846850425
