times:
  edit-metadata: 0.522877988871187
  landing: 0.04405222600325942
  view-data: 0.20624974090605974
