times:
  edit-metadata: 1.8967620357871056
  landing: 1.0163552686572075
  view-data: 3.4714652709662914
