times:
  edit-metadata: 1.5144991166889668
  landing: 0.02098032273352146
  view-data: 0.026012809947133064
