times:
  edit-metadata: 0.4659198638983071
  landing: 0.04192344797775149
  view-data: 0.2038247911259532
