times:
  edit-metadata: 1.578403078019619
  landing: 0.989711120724678
  view-data: 3.493646841496229
