times:
  edit-metadata: 1.4160318495705724
  landing: 0.02274767216295004
  view-data: 0.405694130808115
