times:
  edit-metadata: 0.482262572273612
  landing: 0.05177012085914612
  view-data: 0.1971319643780589
