times:
  edit-metadata: 1.447362213395536
  landing: 0.022532298229634762
  view-data: 0.028475635685026646
