times:
  edit-metadata: 0.5861949929967523
  landing: 0.050467004999518394
  view-data: 0.2621537239756435
