times:
  edit-metadata: 0.5802575049456209
  landing: 0.04401330905966461
  view-data: 0.21366211399435997
