times:
  edit-metadata: 1.6215209178626537
  landing: 0.9685251638293266
  view-data: 3.3661777153611183
