times:
  edit-metadata: 0.570374655071646
  landing: 0.08492103707976639
  view-data: 0.23259804886765778
