times:
  edit-metadata: 1.658296663314104
  landing: 0.9744520932435989
  view-data: 3.3048085160553455
