times:
  edit-metadata: 1.4490425437688828
  landing: 0.01971518248319626
  view-data: 0.022994935512542725
