times:
  edit-metadata: 1.4675634764134884
  landing: 0.1256029885262251
  view-data: 0.5164467860013247
