times:
  edit-metadata: 1.5024918783456087
  landing: 0.02052302472293377
  view-data: 0.12702012434601784
