times:
  edit-metadata: 0.5248215766623616
  landing: 0.048504003789275885
  view-data: 0.20533669274300337
