times:
  edit-metadata: 0.5843519479967654
  landing: 0.08488182199653238
  view-data: 0.22221247100969777
