times:
  edit-metadata: 0.6304122060537338
  landing: 0.0431453688070178
  view-data: 0.215302512049675
