times:
  edit-metadata: 1.4936066647060215
  landing: 4.954951473977417
  view-data: 3.282771143130958
