times:
  edit-metadata: 1.4269165955483913
  landing: 1.0235697738826275
  view-data: 3.312783256173134
