times:
  edit-metadata: 1.6415042355656624
  landing: 0.025445926934480667
  view-data: 0.026426371186971664
