times:
  edit-metadata: 0.5808655950240791
  landing: 0.08081339625641704
  view-data: 0.22218296397477388
