times:
  edit-metadata: 1.5458131544291973
  landing: 0.020919015631079674
  view-data: 0.39420837722718716
