times:
  edit-metadata: 1.4017689526081085
  landing: 0.8442577980458736
  view-data: 3.3311826195567846
