times:
  edit-metadata: 0.6170972410182003
  landing: 0.07708628100226633
  view-data: 0.23061770800268278
