times:
  edit-metadata: 1.5345540344715118
  landing: 0.7752668634057045
  view-data: 3.4638013802468777
