times:
  edit-metadata: 1.532194265164435
  landing: 0.019463051110506058
  view-data: 0.02942842710763216
