times:
  edit-metadata: 1.5400170013308525
  landing: 0.02403002418577671
  view-data: 0.13002163916826248
