times:
  edit-metadata: 1.3778853043913841
  landing: 1.0851154439151287
  view-data: 3.2913854978978634
