times:
  edit-metadata: 3.2172633754089475
  landing: 0.33092802856117487
  view-data: 0.47498351149261
