times:
  edit-metadata: 1.380653090775013
  landing: 0.9316715747117996
  view-data: 3.4053146755322814
