times:
  edit-metadata: 0.5957716759294271
  landing: 0.04626728594303131
  view-data: 0.22264141403138638
