times:
  edit-metadata: 1.4154136553406715
  landing: 0.8750591482967138
  view-data: 3.4424012545496225
