times:
  edit-metadata: 0.5599895222112536
  landing: 0.047772029880434275
  view-data: 0.2170957182534039
