times:
  edit-metadata: 0.551031729002716
  landing: 0.042305430994019844
  view-data: 0.2184331949974876
