times:
  edit-metadata: 1.3741417191922665
  landing: 0.7520689945667982
  view-data: 3.5737201552838087
