times:
  edit-metadata: 1.3547249131370336
  landing: 0.8331297789700329
  view-data: 3.3841039061080664
