times:
  edit-metadata: 1.5961727797985077
  landing: 1.0759791918098927
  view-data: 3.3352188915014267
