times:
  edit-metadata: 1.5079514607787132
  landing: 0.9163017477840185
  view-data: 3.475434010848403
