times:
  edit-metadata: 0.5233478834852576
  landing: 0.05129313003271818
  view-data: 0.20197918452322483
