times:
  edit-metadata: 1.5671717934310436
  landing: 0.7879357486963272
  view-data: 3.308472827076912
