times:
  edit-metadata: 1.4210443496704102
  landing: 0.23608121927827597
  view-data: 0.18179449532181025
