times:
  edit-metadata: 1.4191252524033189
  landing: 0.11350507754832506
  view-data: 0.4563808813691139
