times:
  edit-metadata: 1.38886359333992
  landing: 0.8203490637242794
  view-data: 3.381997887045145
