times:
  edit-metadata: 1.5023872386664152
  landing: 0.019123775884509087
  view-data: 0.03377138637006283
