times:
  edit-metadata: 1.612022964283824
  landing: 0.9781698007136583
  view-data: 3.3111240826547146
