times:
  edit-metadata: 1.411328999325633
  landing: 0.12270358297973871
  view-data: 0.46577154844999313
