times:
  edit-metadata: 1.572054024785757
  landing: 0.024803152307868004
  view-data: 0.3203412313014269
