times:
  edit-metadata: 0.5110361119732261
  landing: 0.04019364062696695
  view-data: 0.2048115422949195
