times:
  edit-metadata: 0.5833242982625961
  landing: 0.04311284888535738
  view-data: 0.22192447120323777
