times:
  edit-metadata: 1.717090256512165
  landing: 0.26241025514900684
  view-data: 0.023820295929908752
