times:
  edit-metadata: 0.5808096998371184
  landing: 0.04624477168545127
  view-data: 0.3547640689648688
