times:
  edit-metadata: 1.9333534315228462
  landing: 1.0538662672042847
  view-data: 3.347287207841873
