times:
  edit-metadata: 0.6138195130042732
  landing: 0.07337098894640803
  view-data: 0.2062616627663374
