times:
  edit-metadata: 0.5442656660452485
  landing: 0.045862570870667696
  view-data: 0.20173738012090325
