times:
  edit-metadata: 0.6853455749806017
  landing: 0.04295731399906799
  view-data: 0.2660543249803595
