times:
  edit-metadata: 0.5108661991544068
  landing: 0.040333513636142015
  view-data: 0.20219574682414532
