times:
  edit-metadata: 1.5600313618779182
  landing: 0.7975996397435665
  view-data: 3.2732336707413197
