times:
  edit-metadata: 1.4009039178490639
  landing: 0.9662479013204575
  view-data: 3.3175383135676384
