times:
  edit-metadata: 1.4084852999076247
  landing: 0.7432565428316593
  view-data: 3.346477880142629
