times:
  edit-metadata: 1.44442817568779
  landing: 0.17153932806104422
  view-data: 0.2154991663992405
