times:
  edit-metadata: 1.5459607485681772
  landing: 0.2478801254183054
  view-data: 0.025410806760191917
