times:
  edit-metadata: 2.6027204683050513
  landing: 0.4607408717274666
  view-data: 0.47546059265732765
