times:
  edit-metadata: 0.5576643710955977
  landing: 0.07446811511181295
  view-data: 0.244673766894266
