times:
  edit-metadata: 1.4772215262055397
  landing: 0.7592071145772934
  view-data: 3.362386181950569
