times:
  edit-metadata: 1.4149635303765535
  landing: 0.8751316852867603
  view-data: 3.315383244305849
