times:
  edit-metadata: 1.5128387343138456
  landing: 0.27608602307736874
  view-data: 0.1585827562958002
