times:
  edit-metadata: 1.652125459164381
  landing: 0.9584469869732857
  view-data: 3.3162650763988495
