times:
  edit-metadata: 1.6926199607551098
  landing: 0.7375533170998096
  view-data: 3.328738012816757
