times:
  edit-metadata: 1.3865111712366343
  landing: 0.7692394852638245
  view-data: 3.3331139218062162
