times:
  edit-metadata: 0.8190524420933798
  landing: 0.12960495392326266
  view-data: 0.29840802506078035
