times:
  edit-metadata: 1.9126079808920622
  landing: 1.3780596125870943
  view-data: 3.337663546204567
