times:
  edit-metadata: 0.5052010999061167
  landing: 0.04544008197262883
  view-data: 0.1994249653071165
