times:
  edit-metadata: 1.6468754885718226
  landing: 0.17733082827180624
  view-data: 0.13280164636671543
