times:
  edit-metadata: 1.4840438410174102
  landing: 0.9065244488883764
  view-data: 3.4798935980070382
