times:
  edit-metadata: 1.6714026108384132
  landing: 1.3785142675042152
  view-data: 3.3902009911835194
