times:
  edit-metadata: 0.522815614938736
  landing: 0.054217934142798185
  view-data: 0.2150295590981841
