times:
  edit-metadata: 1.4140593204647303
  landing: 0.6969938259571791
  view-data: 3.34148514829576
