times:
  edit-metadata: 1.6412746030837297
  landing: 0.9049554448574781
  view-data: 3.3624318819493055
