times:
  edit-metadata: 2.050119388848543
  landing: 1.3517283275723457
  view-data: 3.358867458999157
