times:
  edit-metadata: 0.5731327212415636
  landing: 0.039947406854480505
  view-data: 0.21900170017033815
