times:
  edit-metadata: 0.5759972189553082
  landing: 0.060509245842695236
  view-data: 0.24969749664887786
