times:
  edit-metadata: 1.4914465248584747
  landing: 0.934743132442236
  view-data: 3.3361829966306686
