times:
  edit-metadata: 0.5547825680114329
  landing: 0.057954414980486035
  view-data: 0.22042907401919365
