times:
  edit-metadata: 1.4251420656219125
  landing: 0.019827626645565033
  view-data: 0.02440219558775425
