times:
  edit-metadata: 0.539808401837945
  landing: 0.04209026601165533
  view-data: 0.21540246112272143
