times:
  edit-metadata: 1.5164202079176903
  landing: 0.8809479551855475
  view-data: 3.3122769149485976
