times:
  edit-metadata: 1.5454551801085472
  landing: 1.118977278470993
  view-data: 3.380889415740967
