times:
  edit-metadata: 1.4052422856912017
  landing: 0.020632254891097546
  view-data: 0.11754027381539345
