times:
  edit-metadata: 1.4917885018512607
  landing: 0.17343337647616863
  view-data: 0.11576393712311983
