times:
  edit-metadata: 2.2135092802345753
  landing: 1.3712039645761251
  view-data: 4.035722021013498
