times:
  edit-metadata: 1.5264146411791444
  landing: 0.8904469879344106
  view-data: 3.364269502926618
