times:
  edit-metadata: 0.5855907900258899
  landing: 0.057139487005770206
  view-data: 0.3473274428397417
