times:
  edit-metadata: 1.4591786889359355
  landing: 0.019651370123028755
  view-data: 0.022773487493395805
