times:
  edit-metadata: 1.5779223591089249
  landing: 0.9209045246243477
  view-data: 3.29264697432518
