times:
  edit-metadata: 1.4135950151830912
  landing: 0.022401146590709686
  view-data: 0.023972705006599426
