times:
  edit-metadata: 1.4088033810257912
  landing: 0.19868977926671505
  view-data: 0.02309091668576002
