times:
  edit-metadata: 0.5613569120177999
  landing: 0.06490433198632672
  view-data: 0.2187016429961659
