times:
  edit-metadata: 1.4289157018065453
  landing: 0.020295055583119392
  view-data: 0.10190085787326097
