times:
  edit-metadata: 1.5596773754805326
  landing: 0.2469245009124279
  view-data: 0.1395004391670227
