times:
  edit-metadata: 3.1910278983414173
  landing: 0.32661107182502747
  view-data: 0.5248324926942587
