times:
  edit-metadata: 1.457226475700736
  landing: 0.7851988673210144
  view-data: 3.2970521561801434
