times:
  edit-metadata: 0.720412683673203
  landing: 0.05795028619468212
  view-data: 0.25834456365555525
