times:
  edit-metadata: 1.5237057134509087
  landing: 0.8458598554134369
  view-data: 3.3727295584976673
