times:
  edit-metadata: 0.5578894970240071
  landing: 0.08636251802090555
  view-data: 0.35697272594552487
