times:
  edit-metadata: 1.6280622072517872
  landing: 0.8328828020021319
  view-data: 3.333253361284733
