times:
  edit-metadata: 1.5345395877957344
  landing: 6.866883400827646
  view-data: 3.385384254157543
