times:
  edit-metadata: 0.5990022360347211
  landing: 0.04847136896569282
  view-data: 0.21813337702769786
