times:
  edit-metadata: 1.6321518123149872
  landing: 0.022678584791719913
  view-data: 0.12614158727228642
