times:
  edit-metadata: 1.407129562459886
  landing: 0.13551276735961437
  view-data: 0.12050564773380756
