times:
  edit-metadata: 1.4687043130397797
  landing: 0.14389051869511604
  view-data: 0.40488044638186693
