times:
  edit-metadata: 0.5718736989947502
  landing: 0.06254766600613948
  view-data: 0.2129157919989666
