times:
  edit-metadata: 0.6115424209274352
  landing: 0.04277038399595767
  view-data: 0.22006509196944535
