times:
  edit-metadata: 1.4321448234841228
  landing: 0.13040887285023928
  view-data: 0.3171627167612314
