times:
  edit-metadata: 0.5801874679746106
  landing: 0.07424267998430878
  view-data: 0.22790649894159287
