times:
  edit-metadata: 1.5548554807901382
  landing: 0.2737179882824421
  view-data: 0.026650087907910347
