times:
  edit-metadata: 1.4819641830399632
  landing: 0.019083963707089424
  view-data: 0.026457561179995537
