times:
  edit-metadata: 0.5681944000534713
  landing: 0.0644769340287894
  view-data: 0.2319441440049559
