times:
  edit-metadata: 0.605819315649569
  landing: 0.043433432932943106
  view-data: 0.22029164712876081
