times:
  edit-metadata: 0.4848449779674411
  landing: 0.04015596862882376
  view-data: 0.19887752179056406
