times:
  edit-metadata: 0.871551264077425
  landing: 0.06212483998388052
  view-data: 0.23143532127141953
