times:
  edit-metadata: 1.4801251366734505
  landing: 1.10003162920475
  view-data: 3.3325496539473534
