times:
  edit-metadata: 0.5215416508726776
  landing: 0.04864849057048559
  view-data: 0.2041346919722855
