times:
  edit-metadata: 1.3540367940440774
  landing: 0.7527280393987894
  view-data: 3.3521819692105055
