times:
  edit-metadata: 0.5699062969652005
  landing: 0.045325496001169086
  view-data: 0.22147065500030294
