times:
  edit-metadata: 0.5114903198555112
  landing: 0.04834427498281002
  view-data: 0.19971933774650097
