times:
  edit-metadata: 0.5091189052909613
  landing: 0.05560006573796272
  view-data: 0.20863503590226173
