times:
  edit-metadata: 1.6366143450140953
  landing: 0.20878714881837368
  view-data: 0.028918351978063583
