times:
  edit-metadata: 0.5620602089911699
  landing: 0.08984397002495825
  view-data: 0.22003227681852877
