times:
  edit-metadata: 1.4959000665694475
  landing: 0.7322246413677931
  view-data: 3.3806716855615377
