times:
  edit-metadata: 0.5323995342478156
  landing: 0.05604898417368531
  view-data: 0.20924266194924712
