times:
  edit-metadata: 1.4336042096838355
  landing: 0.20771852228790522
  view-data: 0.38460657466202974
