times:
  edit-metadata: 1.4152550511062145
  landing: 1.0120116546750069
  view-data: 3.4020183347165585
