times:
  edit-metadata: 1.501472383737564
  landing: 0.022029871121048927
  view-data: 0.024705873802304268
