times:
  edit-metadata: 0.7486049849539995
  landing: 0.052650715690106153
  view-data: 0.3176462729461491
