times:
  edit-metadata: 1.4293880760669708
  landing: 0.023242536932229996
  view-data: 0.3081385362893343
