times:
  edit-metadata: 1.4796908851712942
  landing: 0.19254393316805363
  view-data: 0.30809242092072964
