times:
  edit-metadata: 1.4792702179402113
  landing: 0.02404232695698738
  view-data: 0.022975469008088112
