times:
  edit-metadata: 1.4392794147133827
  landing: 0.9803597154095769
  view-data: 3.3848690846934915
