times:
  edit-metadata: 1.3343265485018492
  landing: 0.8167181517928839
  view-data: 3.431317938491702
