times:
  edit-metadata: 1.5771077256649733
  landing: 0.9284439347684383
  view-data: 3.473055548965931
