times:
  edit-metadata: 1.5520389676094055
  landing: 0.02313658967614174
  view-data: 0.31935422495007515
