times:
  edit-metadata: 1.51069818995893
  landing: 0.820202799513936
  view-data: 3.4759123474359512
