times:
  edit-metadata: 1.5182992070913315
  landing: 0.15689725801348686
  view-data: 0.025900309905409813
