times:
  edit-metadata: 0.5731141220021527
  landing: 0.04053558499435894
  view-data: 0.35967874799098354
