times:
  edit-metadata: 1.43048857152462
  landing: 0.02450762316584587
  view-data: 0.11791798751801252
