times:
  edit-metadata: 0.614707943983376
  landing: 0.04694576095789671
  view-data: 0.22030927194282413
