times:
  edit-metadata: 2.071293592453003
  landing: 0.2738227155059576
  view-data: 0.40179482847452164
