times:
  edit-metadata: 1.5201320014894009
  landing: 0.9554276755079627
  view-data: 3.415615927428007
