times:
  edit-metadata: 1.4491026941686869
  landing: 0.1658551562577486
  view-data: 0.027879273518919945
