times:
  edit-metadata: 0.5643628998659551
  landing: 0.04961063992232084
  view-data: 0.21578821307048202
