times:
  edit-metadata: 1.6607071608304977
  landing: 0.11945787072181702
  view-data: 0.06457513570785522
