times:
  edit-metadata: 1.4300492592155933
  landing: 0.019680234603583813
  view-data: 0.025733010843396187
