times:
  edit-metadata: 1.863147098571062
  landing: 1.6887878477573395
  view-data: 3.40002903342247
