times:
  edit-metadata: 2.2202022513374686
  landing: 0.2857544394209981
  view-data: 0.7116796923801303
