times:
  edit-metadata: 1.7440644763410091
  landing: 0.317137373611331
  view-data: 0.8175993151962757
