times:
  edit-metadata: 1.3755620867013931
  landing: 0.876044899225235
  view-data: 3.3584104478359222
