times:
  edit-metadata: 1.4369562435895205
  landing: 0.6906188894063234
  view-data: 3.372318109497428
