times:
  edit-metadata: 1.4402096793055534
  landing: 0.9651662781834602
  view-data: 3.3605542853474617
