times:
  edit-metadata: 1.274157289415598
  landing: 0.8271247753873467
  view-data: 3.3928805543109775
