times:
  edit-metadata: 1.8438244368880987
  landing: 0.8057666691020131
  view-data: 3.443355267867446
