times:
  edit-metadata: 0.5636255010031164
  landing: 0.0626521180383861
  view-data: 0.2226094719953835
