times:
  edit-metadata: 1.3154254369437695
  landing: 0.7855492811650038
  view-data: 3.410060226917267
