times:
  edit-metadata: 1.4135181661695242
  landing: 0.16047994140535593
  view-data: 0.02691789623349905
