times:
  edit-metadata: 0.5104412427172065
  landing: 0.04246181808412075
  view-data: 0.20414766483008862
