times:
  edit-metadata: 1.4318311428651214
  landing: 0.02130037359893322
  view-data: 0.024505951441824436
