times:
  edit-metadata: 1.467144331894815
  landing: 0.8349251737818122
  view-data: 3.3388083586469293
