times:
  edit-metadata: 1.387332458049059
  landing: 0.8965521659702063
  view-data: 3.341485971584916
