times:
  edit-metadata: 0.45467782905325294
  landing: 0.05079658702015877
  view-data: 0.20147705497220159
