times:
  edit-metadata: 1.4305938892066479
  landing: 0.9248994663357735
  view-data: 3.4033082388341427
