times:
  edit-metadata: 1.471030354499817
  landing: 0.7697268798947334
  view-data: 3.269962526857853
