times:
  edit-metadata: 1.3859484791755676
  landing: 0.853193573653698
  view-data: 3.3345217369496822
