times:
  edit-metadata: 1.6077443175017834
  landing: 1.040349505841732
  view-data: 3.4000118114054203
