times:
  edit-metadata: 1.4328728765249252
  landing: 0.018511924892663956
  view-data: 0.022510310634970665
