times:
  edit-metadata: 1.4710775380954146
  landing: 0.12960019055753946
  view-data: 0.11614394746720791
