times:
  edit-metadata: 1.440906848758459
  landing: 0.02183511108160019
  view-data: 0.12448169384151697
