times:
  edit-metadata: 1.4794542845338583
  landing: 0.018131939694285393
  view-data: 0.022252783179283142
