times:
  edit-metadata: 2.3214275240898132
  landing: 0.8925347179174423
  view-data: 3.8515142425894737
