times:
  edit-metadata: 1.4701372170820832
  landing: 0.0204904917627573
  view-data: 0.12948225531727076
