times:
  edit-metadata: 0.4958074693568051
  landing: 0.0470341220498085
  view-data: 0.19966738810762763
