times:
  edit-metadata: 1.4247869979590178
  landing: 0.02100698370486498
  view-data: 0.027704809792339802
