times:
  edit-metadata: 1.3235556315630674
  landing: 0.7904314659535885
  view-data: 3.274529398418963
