times:
  edit-metadata: 0.4618367590010166
  landing: 0.050224639009684324
  view-data: 0.19988867221400142
