times:
  edit-metadata: 0.4723957432433963
  landing: 0.042279092129319906
  view-data: 0.21137420274317265
