times:
  edit-metadata: 0.5648362950887531
  landing: 0.04463174496777356
  view-data: 0.2126610390841961
