times:
  edit-metadata: 1.2898247321136296
  landing: 0.8105459359940141
  view-data: 3.3326581069268286
