times:
  edit-metadata: 0.5712878606282175
  landing: 0.07628050073981285
  view-data: 0.22020097263157368
