times:
  edit-metadata: 1.845348620787263
  landing: 0.9567128159105778
  view-data: 3.320005865767598
