times:
  edit-metadata: 0.5551292820600793
  landing: 0.07016663998365402
  view-data: 0.34454909700434655
