times:
  edit-metadata: 1.58656270429492
  landing: 0.021867706440389156
  view-data: 0.12524466402828693
