times:
  edit-metadata: 1.594842734746635
  landing: 0.8886900059878826
  view-data: 3.4028636096045375
