times:
  edit-metadata: 0.5510903471149504
  landing: 0.07642804482020438
  view-data: 0.24978920095600188
