times:
  edit-metadata: 0.47531327698379755
  landing: 0.04597554495558143
  view-data: 0.19690153980627656
