times:
  edit-metadata: 0.5595529860001989
  landing: 0.053047102999698836
  view-data: 0.21894277499814052
