times:
  edit-metadata: 1.3813751311972737
  landing: 0.019053739495575428
  view-data: 0.025237015448510647
