times:
  edit-metadata: 1.6025944454595447
  landing: 0.8278655307367444
  view-data: 3.410312708467245
