times:
  edit-metadata: 0.5618924470618367
  landing: 0.05591115285642445
  view-data: 0.23348750220611691
