times:
  edit-metadata: 0.5812770830234513
  landing: 0.04975346697028726
  view-data: 0.22919348301365972
