times:
  edit-metadata: 0.5037460764870048
  landing: 0.046596743166446686
  view-data: 0.20884311106055975
