times:
  edit-metadata: 1.478665428236127
  landing: 0.020746733993291855
  view-data: 0.11548757739365101
