times:
  edit-metadata: 1.6163439266383648
  landing: 0.821842759847641
  view-data: 3.3165400624275208
