times:
  edit-metadata: 1.4408623510971665
  landing: 0.15568487346172333
  view-data: 0.024237248115241528
