times:
  edit-metadata: 1.4515956481918693
  landing: 0.02152014523744583
  view-data: 0.024267696775496006
