times:
  edit-metadata: 1.6159664876759052
  landing: 0.8381568342447281
  view-data: 3.459251966327429
