times:
  edit-metadata: 1.5073089972138405
  landing: 1.0667457580566406
  view-data: 3.3219425305724144
