times:
  edit-metadata: 0.5060214782133698
  landing: 0.04227415844798088
  view-data: 0.203925471752882
