times:
  edit-metadata: 0.5794396619312465
  landing: 0.05150186410173774
  view-data: 0.213347194949165
