times:
  edit-metadata: 1.8157105278223753
  landing: 0.9978906139731407
  view-data: 3.399534948170185
