times:
  edit-metadata: 1.4645973555743694
  landing: 0.7569164428859949
  view-data: 3.596355475485325
