times:
  edit-metadata: 0.590754138014745
  landing: 0.045349086984060705
  view-data: 0.2086559779709205
