times:
  edit-metadata: 1.4968809708952904
  landing: 0.020729338750243187
  view-data: 0.125454219058156
