times:
  edit-metadata: 1.3335526171140373
  landing: 0.8295469880104065
  view-data: 3.369047255255282
