times:
  edit-metadata: 1.4806885495781898
  landing: 0.7860469371080399
  view-data: 3.427373170852661
