times:
  edit-metadata: 1.4796914712060243
  landing: 0.8170721018686891
  view-data: 3.4296087929978967
