times:
  edit-metadata: 0.6212829439900815
  landing: 0.050689405761659145
  view-data: 0.21552733005955815
