times:
  edit-metadata: 1.3369345739483833
  landing: 0.76406922750175
  view-data: 3.4417660646140575
