times:
  edit-metadata: 0.7554667580002388
  landing: 0.05775859699997454
  view-data: 0.3045851040001253
