times:
  edit-metadata: 0.620192714035511
  landing: 0.04359789891168475
  view-data: 0.2173764050239697
