times:
  edit-metadata: 0.5660943050170317
  landing: 0.08346968097612262
  view-data: 0.2294207769446075
