times:
  edit-metadata: 0.769565497059375
  landing: 0.05739791924133897
  view-data: 0.23149866005405784
