times:
  edit-metadata: 0.6369670259300619
  landing: 0.042190409963950515
  view-data: 0.20709318201988935
