times:
  edit-metadata: 1.4770161462947726
  landing: 0.7773465742357075
  view-data: 3.398340377956629
