times:
  edit-metadata: 1.448254942893982
  landing: 0.9586676694452763
  view-data: 3.3145325407385826
