times:
  edit-metadata: 0.37380444072186947
  landing: 0.8717428147792816
  view-data: 0.29293767362833023
