times:
  edit-metadata: 0.6563346739858389
  landing: 0.04272329714149237
  view-data: 0.21241526072844863
