times:
  edit-metadata: 1.388183206319809
  landing: 0.7418829910457134
  view-data: 3.2953926995396614
