times:
  edit-metadata: 0.5659902459010482
  landing: 0.04936212906613946
  view-data: 0.21273088222369552
