times:
  edit-metadata: 0.7983429091982543
  landing: 0.048074856866151094
  view-data: 0.23166265292093158
