times:
  edit-metadata: 1.5274039963260293
  landing: 0.02105250023305416
  view-data: 0.02861512452363968
