times:
  edit-metadata: 2.1022643614560366
  landing: 0.4100221339613199
  view-data: 0.38407635875046253
