times:
  edit-metadata: 0.6586546241305768
  landing: 0.03923476301133633
  view-data: 0.20683027897030115
