times:
  edit-metadata: 0.6091916640289128
  landing: 0.05075096001382917
  view-data: 0.20952614000998437
