times:
  edit-metadata: 1.8226461093872786
  landing: 0.23419030010700226
  view-data: 0.15344544872641563
