times:
  edit-metadata: 1.511405348777771
  landing: 0.9501889199018478
  view-data: 3.4153497740626335
