times:
  edit-metadata: 0.7116219759918749
  landing: 0.05256811296567321
  view-data: 0.21020647999830544
