times:
  edit-metadata: 1.4323118077591062
  landing: 0.7299157474189997
  view-data: 3.2814220897853374
