times:
  edit-metadata: 1.780777145177126
  landing: 0.12434426322579384
  view-data: 0.3014212613925338
