times:
  edit-metadata: 2.2294251415878534
  landing: 0.27612525410950184
  view-data: 0.35924847051501274
