times:
  edit-metadata: 0.6151528800837696
  landing: 0.040483787190169096
  view-data: 0.1964075928553939
