times:
  edit-metadata: 1.9586385302245617
  landing: 1.1141202617436647
  view-data: 3.491188019514084
