times:
  edit-metadata: 0.6394949089735746
  landing: 0.04183239606209099
  view-data: 0.2239183170022443
