times:
  edit-metadata: 1.5293489284813404
  landing: 0.02300928346812725
  view-data: 0.2337168650701642
