times:
  edit-metadata: 0.7028658310882747
  landing: 0.0713235700968653
  view-data: 0.22903346293605864
