times:
  edit-metadata: 0.6683955080807209
  landing: 0.044945999048650265
  view-data: 0.21671488415449858
