times:
  edit-metadata: 1.5793677810579538
  landing: 0.7919824868440628
  view-data: 3.442097468301654
