times:
  edit-metadata: 1.6484031714498997
  landing: 0.9820095002651215
  view-data: 3.373639240860939
