times:
  edit-metadata: 1.5260866172611713
  landing: 0.74228660389781
  view-data: 3.3762631081044674
