times:
  edit-metadata: 0.6919711600057781
  landing: 0.0757259619422257
  view-data: 0.23102942295372486
