times:
  edit-metadata: 0.354402307420969
  landing: 0.831380058079958
  view-data: 0.18132906407117844
