times:
  edit-metadata: 0.44610941782593727
  landing: 0.051526591181755066
  view-data: 0.18862073868513107
