times:
  edit-metadata: 1.7049384992569685
  landing: 0.18245118483901024
  view-data: 0.02348574437201023
