times:
  edit-metadata: 0.7407938740216196
  landing: 0.05050599714741111
  view-data: 0.21826121117919683
