times:
  edit-metadata: 1.5148961059749126
  landing: 0.7910576350986958
  view-data: 3.392949141561985
