times:
  edit-metadata: 2.539942391216755
  landing: 0.8546664230525494
  view-data: 3.3015127778053284
