times:
  edit-metadata: 0.6661119039636105
  landing: 0.05287188896909356
  view-data: 0.2054198100231588
