times:
  edit-metadata: 1.5804073065519333
  landing: 0.8008302375674248
  view-data: 3.4758074432611465
