times:
  edit-metadata: 1.5422697961330414
  landing: 0.8241021260619164
  view-data: 3.3490476440638304
