times:
  edit-metadata: 1.9190779756754637
  landing: 0.02289792336523533
  view-data: 0.32070821709930897
