times:
  edit-metadata: 1.5740389116108418
  landing: 0.7588503547012806
  view-data: 3.4517570761963725
