times:
  edit-metadata: 0.6477888831868768
  landing: 0.04343711072579026
  view-data: 0.21177768893539906
