times:
  edit-metadata: 1.5371865890920162
  landing: 0.92810133472085
  view-data: 3.3581292033195496
