times:
  edit-metadata: 1.7965349107980728
  landing: 1.101563454605639
  view-data: 3.33107328414917
