times:
  edit-metadata: 0.6582253389060497
  landing: 0.04953964985907078
  view-data: 0.2237327378243208
