times:
  edit-metadata: 1.6247121505439281
  landing: 1.0269526951014996
  view-data: 3.345931526273489
