times:
  edit-metadata: 0.6817436502315104
  landing: 0.04569673491641879
  view-data: 0.22184447571635246
