times:
  edit-metadata: 0.6053965128958225
  landing: 0.04259893670678139
  view-data: 1.486331363208592
