times:
  edit-metadata: 1.5741029169876128
  landing: 0.8401946539524943
  view-data: 3.3742644090671092
