times:
  edit-metadata: 0.6329064127057791
  landing: 0.04493384063243866
  view-data: 0.2242423864081502
