times:
  edit-metadata: 1.4797298163175583
  landing: 0.8508998528122902
  view-data: 3.3481160327792168
