times:
  edit-metadata: 0.7334116138517857
  landing: 0.04786417190916836
  view-data: 0.2576910878997296
