times:
  edit-metadata: 0.5957952411845326
  landing: 0.03864429518580437
  view-data: 0.21923671290278435
