times:
  edit-metadata: 1.404451660811901
  landing: 0.8628661371767521
  view-data: 3.3304942809045315
