times:
  edit-metadata: 1.4567697532474995
  landing: 0.022063501179218292
  view-data: 0.1175675643607974
