times:
  edit-metadata: 0.5937782842665911
  landing: 0.04389054188504815
  view-data: 0.32615680573508143
