times:
  edit-metadata: 1.411451630992815
  landing: 0.7886337260715663
  view-data: 3.264235252980143
