times:
  edit-metadata: 0.7086537997238338
  landing: 0.047941011376678944
  view-data: 0.21847721794620156
