times:
  edit-metadata: 0.6659981239354238
  landing: 0.03943294798955321
  view-data: 0.19974778802134097
