times:
  edit-metadata: 0.5848668799735606
  landing: 0.04327587177976966
  view-data: 0.20662254001945257
