times:
  edit-metadata: 1.5722207883372903
  landing: 0.8062656810507178
  view-data: 3.4041794119402766
