times:
  edit-metadata: 1.7397817466408014
  landing: 0.24781984463334084
  view-data: 0.2972652278840542
