times:
  edit-metadata: 1.4913455862551928
  landing: 0.11585803236812353
  view-data: 0.02372924890369177
