times:
  edit-metadata: 0.5690733179799281
  landing: 0.0443440800299868
  view-data: 0.20005085197044536
