times:
  edit-metadata: 0.5984665440046228
  landing: 0.048005818971432745
  view-data: 0.2046163670020178
