times:
  edit-metadata: 0.8142674551345408
  landing: 0.12236629985272884
  view-data: 0.23362439312040806
