times:
  edit-metadata: 1.5943059073761106
  landing: 0.020818171091377735
  view-data: 0.12306573987007141
