times:
  edit-metadata: 1.9682760071009398
  landing: 0.23068277537822723
  view-data: 0.44576234742999077
