times:
  edit-metadata: 2.792638124898076
  landing: 2.3505777548998594
  view-data: 3.7223014580085874
