times:
  edit-metadata: 0.9875523392111063
  landing: 0.05411948170512915
  view-data: 0.2248263256624341
