times:
  edit-metadata: 0.6273423251695931
  landing: 0.04484664974734187
  view-data: 0.21681906888261437
