times:
  edit-metadata: 0.9767634281888604
  landing: 0.05802279198542237
  view-data: 0.3253950048238039
