times:
  edit-metadata: 1.7534307148307562
  landing: 0.23851698264479637
  view-data: 0.026217859238386154
