times:
  edit-metadata: 1.7112817335873842
  landing: 0.9345889259129763
  view-data: 3.290023883804679
