times:
  edit-metadata: 1.5451563373208046
  landing: 0.9216542318463326
  view-data: 3.339106421917677
