times:
  edit-metadata: 1.0641917078755796
  landing: 0.08181108208373189
  view-data: 0.3297904268838465
