times:
  edit-metadata: 1.8534779027104378
  landing: 0.15150311961770058
  view-data: 0.2437452543526888
