times:
  edit-metadata: 0.6593850499484688
  landing: 0.05329368496313691
  view-data: 0.21100199315696955
