times:
  edit-metadata: 1.0790016511455178
  landing: 0.17863587010651827
  view-data: 0.22712176525965333
