times:
  edit-metadata: 0.6333849313668907
  landing: 0.038677006028592587
  view-data: 0.20299680205062032
