times:
  edit-metadata: 0.7714392140042037
  landing: 0.08632673602551222
  view-data: 0.24266753799747676
