times:
  edit-metadata: 0.7121992480242625
  landing: 0.04684740403899923
  view-data: 0.22370569803752005
