times:
  edit-metadata: 1.7221551854163408
  landing: 0.020281346514821053
  view-data: 0.02743963710963726
