times:
  edit-metadata: 0.6580915520898998
  landing: 0.04421911109238863
  view-data: 0.22258142801001668
