times:
  edit-metadata: 5.301298080012202
  landing: 1.7443357408046722
  view-data: 4.0917250998318195
