times:
  edit-metadata: 1.6277257967740297
  landing: 0.885745644569397
  view-data: 3.5600147750228643
