times:
  edit-metadata: 0.397289015352726
  landing: 0.9193228278309107
  view-data: 0.18863189965486526
