times:
  edit-metadata: 0.4460189025849104
  landing: 0.47584057971835136
  view-data: 0.21110794320702553
