times:
  edit-metadata: 0.3867501839995384
  landing: 0.044193338602781296
  view-data: 0.18141905218362808
