times:
  edit-metadata: 1.5411427803337574
  landing: 0.7974235527217388
  view-data: 3.380486149340868
