times:
  edit-metadata: 1.5393992140889168
  landing: 0.14663126319646835
  view-data: 0.027677159756422043
