times:
  edit-metadata: 0.6373488160315901
  landing: 0.05351134808734059
  view-data: 0.1985173240536824
