times:
  edit-metadata: 1.4958433900028467
  landing: 0.7852507932111621
  view-data: 3.35715171135962
