times:
  edit-metadata: 1.6734685879200697
  landing: 0.01849684864282608
  view-data: 0.022713955491781235
