times:
  edit-metadata: 1.4827739652246237
  landing: 0.9073333479464054
  view-data: 3.30654177069664
