times:
  edit-metadata: 0.4392660968005657
  landing: 0.7123705968260765
  view-data: 0.2952273841947317
