times:
  edit-metadata: 0.38290769048035145
  landing: 1.06224013119936
  view-data: 0.2945094555616379
