times:
  edit-metadata: 1.5179734488483518
  landing: 0.777932558208704
  view-data: 3.3827431849204004
