times:
  edit-metadata: 0.392032440751791
  landing: 0.07266493327915668
  view-data: 0.181497598066926
