times:
  edit-metadata: 0.38280903920531273
  landing: 0.5909138098359108
  view-data: 0.2072029933333397
