times:
  edit-metadata: 0.6501720799133182
  landing: 0.04138141963630915
  view-data: 0.20133904879912734
