times:
  edit-metadata: 0.36229411885142326
  landing: 0.04055852070450783
  view-data: 0.18956397846341133
