times:
  edit-metadata: 1.5531016625463963
  landing: 1.0570984110236168
  view-data: 3.3294164165854454
