times:
  edit-metadata: 0.6363856056705117
  landing: 0.04291455494239926
  view-data: 0.20539099723100662
