times:
  edit-metadata: 2.0192653788253665
  landing: 0.38274723943322897
  view-data: 0.3636467522010207
