times:
  edit-metadata: 1.745824070647359
  landing: 0.022914130240678787
  view-data: 0.229798911139369
