times:
  edit-metadata: 1.5473187677562237
  landing: 0.7472287341952324
  view-data: 3.416219674050808
