times:
  edit-metadata: 1.4656675709411502
  landing: 0.8320438079535961
  view-data: 3.372195163741708
