times:
  edit-metadata: 0.7895963780028978
  landing: 0.06920328699925449
  view-data: 0.23808336099318694
