times:
  edit-metadata: 0.4735602531582117
  landing: 0.05516934208571911
  view-data: 0.19363220036029816
