times:
  edit-metadata: 1.0193624920211732
  landing: 0.07169995876029134
  view-data: 0.28080899408087134
