times:
  edit-metadata: 0.7129173108842224
  landing: 0.04829576495103538
  view-data: 0.22385836695320904
