times:
  edit-metadata: 0.7808564100414515
  landing: 0.18605098873376846
  view-data: 0.3270127819851041
