times:
  edit-metadata: 1.6331019084900618
  landing: 0.236139465123415
  view-data: 0.1521323248744011
