times:
  edit-metadata: 0.6475782790221274
  landing: 0.05209693592041731
  view-data: 0.20507853897288442
