times:
  edit-metadata: 0.637551587074995
  landing: 0.053685897029936314
  view-data: 0.20238358108326793
