times:
  edit-metadata: 0.3564141057431698
  landing: 0.5672608911991119
  view-data: 0.20898064598441124
