times:
  edit-metadata: 1.610291913151741
  landing: 0.9382560960948467
  view-data: 3.422050654888153
