times:
  edit-metadata: 0.6543467901647091
  landing: 0.05250716861337423
  view-data: 0.2109429808333516
