times:
  edit-metadata: 1.543340534903109
  landing: 0.021968869492411613
  view-data: 0.025279875844717026
