times:
  edit-metadata: 1.3490361026488245
  landing: 0.781927356030792
  view-data: 3.3791467170231044
