times:
  edit-metadata: 1.508692480623722
  landing: 0.7965278271585703
  view-data: 3.380491631105542
