times:
  edit-metadata: 0.44146594777703285
  landing: 1.059230798855424
  view-data: 0.17982536368072033
