times:
  edit-metadata: 1.802131650969386
  landing: 0.020928289741277695
  view-data: 0.02879747748374939
