times:
  edit-metadata: 0.7632947759702802
  landing: 0.06680546328425407
  view-data: 0.22064203023910522
