times:
  edit-metadata: 1.6258374815806746
  landing: 0.19990153703838587
  view-data: 0.02737840823829174
