times:
  edit-metadata: 1.753516312688589
  landing: 0.021185219287872314
  view-data: 0.024130096659064293
