times:
  edit-metadata: 1.641959429718554
  landing: 0.20639963261783123
  view-data: 0.024401250295341015
