times:
  edit-metadata: 0.6254707290790975
  landing: 0.043260241858661175
  view-data: 0.21194130694493651
