times:
  edit-metadata: 0.7681454797275364
  landing: 0.057239504996687174
  view-data: 0.2891384270042181
