times:
  edit-metadata: 1.4743264997377992
  landing: 0.023876691237092018
  view-data: 0.12388364970684052
