times:
  edit-metadata: 2.4362895265221596
  landing: 0.21828759647905827
  view-data: 0.2504058349877596
