times:
  edit-metadata: 1.7274427022784948
  landing: 0.01995941810309887
  view-data: 0.269351152703166
