times:
  edit-metadata: 1.5445801224559546
  landing: 0.7755148150026798
  view-data: 3.3997588232159615
