times:
  edit-metadata: 2.0622708164155483
  landing: 0.15251128189265728
  view-data: 0.028968166559934616
