times:
  edit-metadata: 1.5420980267226696
  landing: 0.810813719406724
  view-data: 3.4274563528597355
