times:
  edit-metadata: 0.6971400864422321
  landing: 0.04175097867846489
  view-data: 0.19500691816210747
