times:
  edit-metadata: 0.6495675938203931
  landing: 0.05310199502855539
  view-data: 0.2103155367076397
