times:
  edit-metadata: 1.5339044630527496
  landing: 0.8889710530638695
  view-data: 3.3449761606752872
