times:
  edit-metadata: 0.811688638990745
  landing: 0.07866045899572782
  view-data: 0.3684995489893481
