times:
  edit-metadata: 0.6945514148101211
  landing: 0.059940369334071875
  view-data: 0.23767324397340417
