times:
  edit-metadata: 1.617728617042303
  landing: 0.7727448157966137
  view-data: 3.4494583532214165
