times:
  edit-metadata: 0.5860300790518522
  landing: 0.038755693938583136
  view-data: 0.2096532629802823
