times:
  edit-metadata: 0.6283122280146927
  landing: 0.05407538404688239
  view-data: 0.22984950593672693
