times:
  edit-metadata: 1.4950939320001453
  landing: 0.16769508299967129
  view-data: 0.28636426299999584
