times:
  edit-metadata: 1.731350366026163
  landing: 0.8941769860684872
  view-data: 3.4803623780608177
