times:
  edit-metadata: 1.6793013978749514
  landing: 0.20401819609105587
  view-data: 0.025701504200696945
