times:
  edit-metadata: 1.9957841094583273
  landing: 1.0155312232673168
  view-data: 3.448335399851203
