times:
  edit-metadata: 0.6396588701754808
  landing: 0.03961434494704008
  view-data: 0.20706145418807864
