times:
  edit-metadata: 1.5883893333375454
  landing: 0.7292290851473808
  view-data: 3.4097394440323114
