times:
  edit-metadata: 1.593754779547453
  landing: 0.7411208152770996
  view-data: 3.406176131218672
