times:
  edit-metadata: 0.7088116099994295
  landing: 0.04654634799953783
  view-data: 0.22032143800061021
