times:
  edit-metadata: 1.5326648289337754
  landing: 0.02458116225898266
  view-data: 0.12166450545191765
