times:
  edit-metadata: 0.5446030719904229
  landing: 0.05042333001620136
  view-data: 0.20192896001390181
