times:
  edit-metadata: 2.525144975632429
  landing: 1.3275177665054798
  view-data: 4.0913337506353855
