times:
  edit-metadata: 0.8097306089475751
  landing: 0.05453110300004482
  view-data: 0.21818406926468015
