times:
  edit-metadata: 1.823937164619565
  landing: 0.14767158403992653
  view-data: 0.02667010948061943
