times:
  edit-metadata: 1.663747949525714
  landing: 0.8727712947875261
  view-data: 3.402449008077383
