times:
  edit-metadata: 0.9970486289821565
  landing: 0.05899299867451191
  view-data: 0.3261593356728554
