times:
  edit-metadata: 0.6371848238632083
  landing: 0.03976629115641117
  view-data: 0.23261875566095114
