times:
  edit-metadata: 1.493917343672365
  landing: 0.8794188350439072
  view-data: 3.438670587260276
