times:
  edit-metadata: 0.7153863810235634
  landing: 0.07114830397767946
  view-data: 0.2229178890120238
