times:
  edit-metadata: 1.9561021905392408
  landing: 0.1474069058895111
  view-data: 0.025402333587408066
