times:
  edit-metadata: 2.7069276431575418
  landing: 0.21707538980990648
  view-data: 0.395847637206316
