times:
  edit-metadata: 1.5747934048995376
  landing: 0.022555663250386715
  view-data: 0.12209212686866522
