times:
  edit-metadata: 1.549495266750455
  landing: 0.018745829351246357
  view-data: 0.4072816651314497
