times:
  edit-metadata: 0.8986245919950306
  landing: 0.053570847027003765
  view-data: 0.41225909598870203
