times:
  edit-metadata: 0.6839733859524131
  landing: 0.04304894432425499
  view-data: 0.20213251747190952
