times:
  edit-metadata: 1.573458367958665
  landing: 0.9616684336215258
  view-data: 3.458853816613555
