times:
  edit-metadata: 1.7310064751654863
  landing: 0.17774304002523422
  view-data: 0.1254173070192337
