times:
  edit-metadata: 1.4809434534981847
  landing: 0.023942627012729645
  view-data: 0.023640342988073826
