times:
  edit-metadata: 0.34006142243742943
  landing: 0.040295232087373734
  view-data: 0.1884879730641842
