times:
  edit-metadata: 1.6339246407151222
  landing: 0.9949200786650181
  view-data: 3.463134679943323
