times:
  edit-metadata: 1.6346229445189238
  landing: 0.8080706056207418
  view-data: 3.401908179745078
