times:
  edit-metadata: 0.36265910044312477
  landing: 1.0561582706868649
  view-data: 0.42000565491616726
