times:
  edit-metadata: 0.8206092556938529
  landing: 0.04027425590902567
  view-data: 0.24555560108274221
