times:
  edit-metadata: 0.6584222349338233
  landing: 0.05930445482954383
  view-data: 0.19875661795958877
