times:
  edit-metadata: 1.517130022868514
  landing: 0.813277704641223
  view-data: 3.37123485468328
