times:
  edit-metadata: 1.589965082705021
  landing: 0.8068714924156666
  view-data: 3.4242310002446175
