times:
  edit-metadata: 0.6853135621640831
  landing: 0.04222752992063761
  view-data: 0.2026053830049932
