times:
  edit-metadata: 0.4707565139979124
  landing: 0.06565782241523266
  view-data: 0.1957493145018816
