times:
  edit-metadata: 0.6296676159836352
  landing: 0.05483181891031563
  view-data: 0.20929683512076735
