times:
  edit-metadata: 1.4865707680583
  landing: 0.020240580663084984
  view-data: 0.34927315916866064
