times:
  edit-metadata: 1.5327609181404114
  landing: 0.9144952110946178
  view-data: 3.3470954336225986
