times:
  edit-metadata: 0.6736356439068913
  landing: 0.05110595119185746
  view-data: 0.20156781398691237
