times:
  edit-metadata: 1.38173059374094
  landing: 0.963672187179327
  view-data: 3.3296324722468853
