times:
  edit-metadata: 1.4986046245321631
  landing: 0.02251099795103073
  view-data: 0.12069556582719088
