times:
  edit-metadata: 1.578979317098856
  landing: 0.8312228657305241
  view-data: 3.369609620422125
