times:
  edit-metadata: 1.6026125848293304
  landing: 0.7521122954785824
  view-data: 3.380581259727478
