times:
  edit-metadata: 0.5110106460051611
  landing: 0.05270686704898253
  view-data: 0.1912640570080839
