times:
  edit-metadata: 0.64567760983482
  landing: 0.040663769003003836
  view-data: 0.20889390213415027
