times:
  edit-metadata: 0.3625318557024002
  landing: 0.04159470275044441
  view-data: 0.19036933034658432
