times:
  edit-metadata: 0.7425018213689327
  landing: 0.05283474177122116
  view-data: 0.18989671021699905
