times:
  edit-metadata: 2.0056521454825997
  landing: 0.19395055156201124
  view-data: 0.3299240469932556
