times:
  edit-metadata: 1.6802000924944878
  landing: 0.9953955300152302
  view-data: 3.4979182817041874
