times:
  edit-metadata: 1.691636934876442
  landing: 0.23371504433453083
  view-data: 0.027961190789937973
