times:
  edit-metadata: 1.9561625979840755
  landing: 6.098995089530945
  view-data: 3.5054296143352985
