times:
  edit-metadata: 1.5058947540819645
  landing: 0.02046920172870159
  view-data: 0.12640750780701637
