times:
  edit-metadata: 0.645942198112607
  landing: 0.047354495618492365
  view-data: 0.21886420296505094
