times:
  edit-metadata: 1.4973597840871662
  landing: 0.8310691489605233
  view-data: 3.31026545597706
