times:
  edit-metadata: 1.6773450933396816
  landing: 0.24517629947513342
  view-data: 0.281057839281857
