times:
  edit-metadata: 1.550482615828514
  landing: 0.7694245483726263
  view-data: 3.4080757163465023
