times:
  edit-metadata: 0.6621942529454827
  landing: 0.051752040977589786
  view-data: 0.2035195130156353
