times:
  edit-metadata: 0.6521521196700633
  landing: 0.0452682520262897
  view-data: 0.21433299593627453
