times:
  edit-metadata: 0.5848079770803452
  landing: 0.041064183693379164
  view-data: 0.21737554296851158
