times:
  edit-metadata: 1.4628826603293419
  landing: 0.8740631118416786
  view-data: 3.438408736139536
