times:
  edit-metadata: 0.5929100150242448
  landing: 0.04699017200618982
  view-data: 0.22056485246866941
