times:
  edit-metadata: 0.3515679482370615
  landing: 0.49874897487461567
  view-data: 0.17920531705021858
