times:
  edit-metadata: 2.008624067530036
  landing: 0.019626930356025696
  view-data: 0.4019377790391445
