times:
  edit-metadata: 1.4829305782914162
  landing: 0.01960635557770729
  view-data: 0.4298224998638034
