times:
  edit-metadata: 1.503954354673624
  landing: 0.9712073542177677
  view-data: 3.339119076728821
