times:
  edit-metadata: 1.5305068641901016
  landing: 0.021860224194824696
  view-data: 0.025862262584269047
