times:
  edit-metadata: 1.576361294835806
  landing: 0.8158275075256824
  view-data: 3.3196071460843086
