times:
  edit-metadata: 0.34589651226997375
  landing: 0.04967981576919556
  view-data: 0.19245877116918564
