times:
  edit-metadata: 1.7888342514634132
  landing: 0.019841745495796204
  view-data: 0.3507836163043976
