times:
  edit-metadata: 1.782793777063489
  landing: 0.18670930340886116
  view-data: 0.31882687471807003
