times:
  edit-metadata: 4.339063252322376
  landing: 1.8819692926481366
  view-data: 3.751124924980104
