times:
  edit-metadata: 0.5798391010612249
  landing: 0.050540218129754066
  view-data: 0.20893654879182577
