times:
  edit-metadata: 1.71180759370327
  landing: 0.019204353913664818
  view-data: 0.026589084416627884
