times:
  edit-metadata: 0.7397128279990284
  landing: 0.07112071799929254
  view-data: 0.3683978030021535
