times:
  edit-metadata: 1.5035084262490273
  landing: 0.7280155047774315
  view-data: 3.3078664522618055
