times:
  edit-metadata: 0.3499174565076828
  landing: 0.5703747197985649
  view-data: 0.30366187915205956
