times:
  edit-metadata: 0.7522155344486237
  landing: 0.045448143035173416
  view-data: 0.20578265562653542
