times:
  edit-metadata: 1.5812529702670872
  landing: 0.8624746771529317
  view-data: 3.4351435699500144
