times:
  edit-metadata: 2.070328852161765
  landing: 0.28572494350373745
  view-data: 0.15765742771327496
