times:
  edit-metadata: 1.3981672725640237
  landing: 1.2177269509993494
  view-data: 3.30166674265638
