times:
  edit-metadata: 1.598576670512557
  landing: 0.8905550558120012
  view-data: 3.410255989059806
