times:
  edit-metadata: 2.2221228145062923
  landing: 0.9883053153753281
  view-data: 3.449189208447933
