times:
  edit-metadata: 1.4634677413851023
  landing: 0.11882607731968164
  view-data: 0.4717305200174451
