times:
  edit-metadata: 0.7080246168188751
  landing: 0.07813096372410655
  view-data: 0.22033926285803318
