times:
  edit-metadata: 1.5393616408109665
  landing: 0.8964715786278248
  view-data: 3.358832437545061
