times:
  edit-metadata: 1.940650787204504
  landing: 1.1980875432491302
  view-data: 3.284102726727724
