times:
  edit-metadata: 1.725260578095913
  landing: 0.9624724388122559
  view-data: 3.355913031846285
