times:
  edit-metadata: 0.9618538711220026
  landing: 0.07376785529777408
  view-data: 0.24400150310248137
