times:
  edit-metadata: 1.6187404654920101
  landing: 0.8479460291564465
  view-data: 3.420515213161707
