times:
  edit-metadata: 0.3897189684212208
  landing: 0.8366837576031685
  view-data: 0.3076591193675995
