times:
  edit-metadata: 1.8990665804594755
  landing: 0.2713409513235092
  view-data: 0.4112410806119442
