times:
  edit-metadata: 1.7604688834398985
  landing: 0.18187027424573898
  view-data: 0.30569384805858135
