times:
  edit-metadata: 0.6185391159961
  landing: 0.05343134899158031
  view-data: 0.20175673498306423
