times:
  edit-metadata: 1.7611789088696241
  landing: 0.8256816565990448
  view-data: 3.3085987716913223
