times:
  edit-metadata: 1.5428141690790653
  landing: 0.8832732997834682
  view-data: 3.4464668072760105
