times:
  edit-metadata: 0.730743893996987
  landing: 0.05578657400110387
  view-data: 0.19740954699955182
