times:
  edit-metadata: 0.6301559479907155
  landing: 0.056063316995278
  view-data: 0.21091920090839267
