times:
  edit-metadata: 1.5360333919525146
  landing: 0.8411402367055416
  view-data: 3.398229505866766
