times:
  edit-metadata: 0.6129110010806471
  landing: 0.05223408399615437
  view-data: 0.21012283803429455
