times:
  edit-metadata: 0.8005760150263086
  landing: 0.0522388230310753
  view-data: 0.22828342102002352
