times:
  edit-metadata: 1.563570449128747
  landing: 0.8529945313930511
  view-data: 3.347357977181673
