times:
  edit-metadata: 1.7605722025036812
  landing: 0.13168969936668873
  view-data: 0.048647565767169
