times:
  edit-metadata: 1.461292378604412
  landing: 0.02067678142338991
  view-data: 0.10278445482254028
