times:
  edit-metadata: 0.7951761910226196
  landing: 0.0501996980747208
  view-data: 0.23128437204286456
