times:
  edit-metadata: 0.3680600170046091
  landing: 0.48833566531538963
  view-data: 0.17846464924514294
