times:
  edit-metadata: 10.050671681761742
  landing: 3.0376392230391502
  view-data: 5.0986858904361725
