times:
  edit-metadata: 0.4907227300136583
  landing: 0.05011853300675284
  view-data: 0.1914019690011628
