times:
  edit-metadata: 1.6428311131894588
  landing: 0.9507483169436455
  view-data: 3.3656309470534325
