times:
  edit-metadata: 1.591082476079464
  landing: 0.7490584291517735
  view-data: 3.4121092297136784
