times:
  edit-metadata: 0.7453755736351013
  landing: 0.055348411202430725
  view-data: 0.18972065299749374
