times:
  edit-metadata: 2.0849239323288202
  landing: 0.22221336141228676
  view-data: 0.48153770342469215
