times:
  edit-metadata: 0.7111601799260825
  landing: 0.08030564291402698
  view-data: 0.23236661590635777
