times:
  edit-metadata: 1.9123441148549318
  landing: 0.1384882666170597
  view-data: 0.024956725537776947
