times:
  edit-metadata: 0.6248408616520464
  landing: 0.04447875311598182
  view-data: 0.20382827892899513
