times:
  edit-metadata: 0.7027777610346675
  landing: 0.07034610991831869
  view-data: 0.2263002539984882
