times:
  edit-metadata: 1.8192687965929508
  landing: 1.0596430972218513
  view-data: 3.4834657311439514
