times:
  edit-metadata: 0.7473826380000901
  landing: 0.036842712000179745
  view-data: 0.19099466999978176
