times:
  edit-metadata: 1.5348907317966223
  landing: 0.021242241375148296
  view-data: 0.12284585367888212
