times:
  edit-metadata: 2.319942496716976
  landing: 1.0420476645231247
  view-data: 3.3802499286830425
