times:
  edit-metadata: 1.4792014583945274
  landing: 0.9395296163856983
  view-data: 3.33211762458086
