times:
  edit-metadata: 3.8147543892264366
  landing: 2.531746994704008
  view-data: 3.488116081804037
