times:
  edit-metadata: 0.5639033392071724
  landing: 0.04311714693903923
  view-data: 0.2015612437389791
