times:
  edit-metadata: 1.5842169038951397
  landing: 0.8203262872993946
  view-data: 3.4167288299649954
