times:
  edit-metadata: 1.5090970937162638
  landing: 0.02021670900285244
  view-data: 0.4071638388559222
