times:
  edit-metadata: 0.4724133796989918
  landing: 0.5000959727913141
  view-data: 0.19974346086382866
