times:
  edit-metadata: 1.4953605346381664
  landing: 0.8616833724081516
  view-data: 3.321296878159046
