times:
  edit-metadata: 0.753254659473896
  landing: 0.062167923897504807
  view-data: 0.1925681047141552
