times:
  edit-metadata: 0.6698789540678263
  landing: 0.06804490205831826
  view-data: 0.22691926290281117
