times:
  edit-metadata: 1.5021518021821976
  landing: 0.02165949624031782
  view-data: 0.027603997848927975
