times:
  edit-metadata: 0.6450920312199742
  landing: 0.04583648289553821
  view-data: 0.19987809006124735
