times:
  edit-metadata: 1.7547173127532005
  landing: 0.14615670125931501
  view-data: 0.42656567972153425
