times:
  edit-metadata: 2.3295313976705074
  landing: 1.2236504964530468
  view-data: 3.543834012001753
