times:
  edit-metadata: 1.386508204974234
  landing: 0.7275684056803584
  view-data: 3.3314797999337316
