times:
  edit-metadata: 0.6703926897607744
  landing: 0.03957054391503334
  view-data: 0.20342015800997615
