times:
  edit-metadata: 1.8586043640971184
  landing: 0.2468965258449316
  view-data: 0.023763179779052734
