times:
  edit-metadata: 1.5242471657693386
  landing: 4.531546276062727
  view-data: 3.327727898955345
