times:
  edit-metadata: 1.410008069127798
  landing: 0.9038752242922783
  view-data: 3.333945818245411
