times:
  edit-metadata: 0.5779214960057288
  landing: 0.048857306013815105
  view-data: 0.1968049649731256
