times:
  edit-metadata: 0.63483647396788
  landing: 0.046192497946321964
  view-data: 0.20914597110822797
