times:
  edit-metadata: 0.4848712590028299
  landing: 0.04828732099849731
  view-data: 0.31970428000204265
