times:
  edit-metadata: 1.5399493472650647
  landing: 0.020746170543134212
  view-data: 0.4315953180193901
