times:
  edit-metadata: 0.4601379849918885
  landing: 0.053652739006793126
  view-data: 0.19779718799691182
