times:
  edit-metadata: 0.6830064000096172
  landing: 0.06493247300386429
  view-data: 0.23197653517127037
