times:
  edit-metadata: 0.7746569099836051
  landing: 0.044910936150699854
  view-data: 0.21821978269144893
