times:
  edit-metadata: 0.5710529182106256
  landing: 0.052263238932937384
  view-data: 0.2175879250280559
