times:
  edit-metadata: 1.6485397489741445
  landing: 0.02263519074767828
  view-data: 0.1553264306858182
