times:
  edit-metadata: 1.472027663141489
  landing: 0.020686572417616844
  view-data: 0.12584277521818876
