times:
  edit-metadata: 1.6778693813830614
  landing: 0.0253000371158123
  view-data: 0.024856258183717728
