times:
  edit-metadata: 0.41174776665866375
  landing: 0.6564144231379032
  view-data: 0.1781348790973425
