times:
  edit-metadata: 1.5001253290101886
  landing: 0.01978231780230999
  view-data: 0.22156256716698408
