times:
  edit-metadata: 1.4749628435820341
  landing: 0.6905851513147354
  view-data: 3.2846520133316517
