times:
  edit-metadata: 1.558491325005889
  landing: 0.7965558879077435
  view-data: 3.445426259189844
