times:
  edit-metadata: 1.623703170567751
  landing: 1.4887256436049938
  view-data: 3.4199394695460796
