times:
  edit-metadata: 1.5220994483679533
  landing: 0.8431778512895107
  view-data: 3.411520903930068
