times:
  edit-metadata: 1.4543476775288582
  landing: 0.020569372922182083
  view-data: 0.023295576684176922
