times:
  edit-metadata: 1.6881387229077518
  landing: 0.9699303098022938
  view-data: 3.338612135965377
