times:
  edit-metadata: 1.686540599912405
  landing: 0.773123849183321
  view-data: 3.293741926550865
