times:
  edit-metadata: 0.7455439046025276
  landing: 0.04663475602865219
  view-data: 0.1916574351489544
