times:
  edit-metadata: 1.5646969331428409
  landing: 0.021547505632042885
  view-data: 0.4927141107618809
