times:
  edit-metadata: 1.5558733195066452
  landing: 0.8149487320333719
  view-data: 3.390361502766609
