times:
  edit-metadata: 1.5828351471573114
  landing: 0.15959737449884415
  view-data: 0.026395322754979134
