times:
  edit-metadata: 1.5956650450825691
  landing: 0.8728071115911007
  view-data: 3.395963448099792
