times:
  edit-metadata: 1.5309274485334754
  landing: 0.11362598743289709
  view-data: 0.0250780638307333
