times:
  edit-metadata: 0.2806592360138893
  landing: 0.7022283840924501
  view-data: 0.29665560089051723
