times:
  edit-metadata: 0.6673832009546459
  landing: 0.03973943798337132
  view-data: 0.20275266899261624
