times:
  edit-metadata: 1.7791976798325777
  landing: 0.22538001090288162
  view-data: 0.11890827771276236
