times:
  edit-metadata: 1.6073177848011255
  landing: 0.020204712636768818
  view-data: 0.025214342400431633
