times:
  edit-metadata: 0.34742167219519615
  landing: 0.6115679647773504
  view-data: 0.1739262454211712
