times:
  edit-metadata: 1.4557255869731307
  landing: 0.8191197915002704
  view-data: 3.3780965534970164
