times:
  edit-metadata: 1.5546018276363611
  landing: 0.7468087412416935
  view-data: 3.3899891152977943
