times:
  edit-metadata: 0.7079232321120799
  landing: 0.056850595865398645
  view-data: 0.21365966997109354
