times:
  edit-metadata: 0.7299802140332758
  landing: 0.050515162060037255
  view-data: 0.3648231909610331
