times:
  edit-metadata: 0.7269174689427018
  landing: 0.04717430518940091
  view-data: 0.2182738040573895
