times:
  edit-metadata: 1.5924349520355463
  landing: 0.9083366766571999
  view-data: 3.4449612349271774
