times:
  edit-metadata: 0.8057260510977358
  landing: 0.050617382978089154
  view-data: 0.22874052601400763
