times:
  edit-metadata: 1.4649879299104214
  landing: 0.7143037151545286
  view-data: 3.342526273801923
