times:
  edit-metadata: 1.6033386308699846
  landing: 0.23901396989822388
  view-data: 0.023751774802803993
