times:
  edit-metadata: 1.4827215149998665
  landing: 0.022402086295187473
  view-data: 0.11528625804930925
