times:
  edit-metadata: 0.6026926708873361
  landing: 0.04541094205342233
  view-data: 50.01460226695053
