times:
  edit-metadata: 1.679018184542656
  landing: 0.13438375480473042
  view-data: 0.35267602652311325
