times:
  edit-metadata: 1.560849603265524
  landing: 0.9583219923079014
  view-data: 3.4766145534813404
