times:
  edit-metadata: 0.6969775180041324
  landing: 0.07372433200362138
  view-data: 0.22826698498101905
