times:
  edit-metadata: 1.5519206700846553
  landing: 0.022069976665079594
  view-data: 0.12247118540108204
