times:
  edit-metadata: 0.5911906261462718
  landing: 0.04477687901817262
  view-data: 0.2159470389597118
