times:
  edit-metadata: 1.531480398029089
  landing: 0.12198719661682844
  view-data: 0.025806310586631298
