times:
  edit-metadata: 1.467274397611618
  landing: 0.11734981369227171
  view-data: 0.12500833254307508
