times:
  edit-metadata: 1.4148235768079758
  landing: 0.6742668244987726
  view-data: 3.394687356427312
