times:
  edit-metadata: 1.5376738049089909
  landing: 0.6847386583685875
  view-data: 3.3525929544121027
