times:
  edit-metadata: 0.5743639371357858
  landing: 0.04360912088304758
  view-data: 0.19902874203398824
