times:
  edit-metadata: 0.7371206060051918
  landing: 0.04552207514643669
  view-data: 0.20183607935905457
