times:
  edit-metadata: 1.5463726315647364
  landing: 0.7277927529066801
  view-data: 3.3734947349876165
