times:
  edit-metadata: 1.605219324119389
  landing: 0.843759342096746
  view-data: 3.414915082976222
