times:
  edit-metadata: 0.7764760779682547
  landing: 0.07779400900471956
  view-data: 0.23583449004217982
