times:
  edit-metadata: 1.7017293628305197
  landing: 0.9400187851861119
  view-data: 3.4044157303869724
