times:
  edit-metadata: 1.602398656308651
  landing: 0.929802980273962
  view-data: 3.432892967015505
