times:
  edit-metadata: 1.5609143562614918
  landing: 0.9369919672608376
  view-data: 3.4271355718374252
