times:
  edit-metadata: 1.6766714742407203
  landing: 0.04951055161654949
  view-data: 0.03498353622853756
