times:
  edit-metadata: 1.5485056955367327
  landing: 0.7362973615527153
  view-data: 3.4026330709457397
