times:
  edit-metadata: 1.7220096439123154
  landing: 0.7324603125452995
  view-data: 3.4168320428580046
