times:
  edit-metadata: 0.7078410519752651
  landing: 0.07438992901006714
  view-data: 0.23322085599647835
