times:
  edit-metadata: 0.630454140715301
  landing: 0.050335679203271866
  view-data: 0.2149372361600399
