times:
  edit-metadata: 0.74645918502938
  landing: 0.05889359302818775
  view-data: 0.23714074800955132
