times:
  edit-metadata: 0.7853393228724599
  landing: 0.08622725121676922
  view-data: 0.20803161012008786
