times:
  edit-metadata: 1.9975702725350857
  landing: 0.1388676706701517
  view-data: 0.0274339709430933
