times:
  edit-metadata: 1.4656907953321934
  landing: 0.021618807688355446
  view-data: 0.025440862402319908
