times:
  edit-metadata: 1.928657479584217
  landing: 0.7509927675127983
  view-data: 3.795144146308303
