times:
  edit-metadata: 1.4902945645153522
  landing: 0.020408567041158676
  view-data: 0.02637655660510063
