times:
  edit-metadata: 0.6343771480023861
  landing: 0.040484338998794556
  view-data: 0.21978115662932396
