times:
  edit-metadata: 1.5383156286552548
  landing: 0.02047140523791313
  view-data: 0.4075925359502435
