times:
  edit-metadata: 1.5810715965926647
  landing: 0.02222825400531292
  view-data: 0.419581038877368
