times:
  edit-metadata: 1.5245794262737036
  landing: 0.8917991938069463
  view-data: 3.4305497147142887
