times:
  edit-metadata: 0.7118047969415784
  landing: 0.04667034279555082
  view-data: 0.24001998105086386
