times:
  edit-metadata: 1.402687769383192
  landing: 0.9025664925575256
  view-data: 3.455245729535818
