times:
  edit-metadata: 0.35775338113307953
  landing: 0.7537496890872717
  view-data: 0.2977717537432909
