times:
  edit-metadata: 0.7148512189742178
  landing: 0.04772349796257913
  view-data: 0.3467413519974798
