times:
  edit-metadata: 1.4899316634982824
  landing: 0.7897906061261892
  view-data: 3.342708917334676
