times:
  edit-metadata: 0.7264270369996666
  landing: 0.04186000699701253
  view-data: 0.2116861619942938
