times:
  edit-metadata: 4.130446955561638
  landing: 2.5290322974324226
  view-data: 3.8856205474585295
