times:
  edit-metadata: 0.7130441090557724
  landing: 0.0527121729683131
  view-data: 0.21714583691209555
