times:
  edit-metadata: 1.6882460163906217
  landing: 0.24067079182714224
  view-data: 0.3652921747416258
