times:
  edit-metadata: 1.5266692992299795
  landing: 0.8442547973245382
  view-data: 3.3894327636808157
