times:
  edit-metadata: 0.6325797209283337
  landing: 0.06423930602613837
  view-data: 0.20512814994435757
