times:
  edit-metadata: 1.4840247696265578
  landing: 5.680612870957702
  view-data: 3.3562791869044304
