times:
  edit-metadata: 0.38734911754727364
  landing: 0.0435217022895813
  view-data: 0.17855507507920265
