times:
  edit-metadata: 1.403814592398703
  landing: 0.7868351126089692
  view-data: 3.3403191715478897
