times:
  edit-metadata: 1.7168580181896687
  landing: 0.13334942422807217
  view-data: 0.5000309152528644
