times:
  edit-metadata: 0.36674121022224426
  landing: 0.07732057571411133
  view-data: 0.17980101332068443
