times:
  edit-metadata: 0.6432071481831372
  landing: 0.04172999691218138
  view-data: 0.20405072905123234
