times:
  edit-metadata: 1.5774734374135733
  landing: 0.7760192528367043
  view-data: 3.4496511314064264
