times:
  edit-metadata: 1.597372269257903
  landing: 0.7290383111685514
  view-data: 3.447381569072604
