times:
  edit-metadata: 1.562840048223734
  landing: 0.8263673465698957
  view-data: 3.340401891618967
