times:
  edit-metadata: 0.7253532990580425
  landing: 0.0457495009759441
  view-data: 0.21660342591349036
