times:
  edit-metadata: 0.6345871379598975
  landing: 0.052023453172296286
  view-data: 0.1889426540583372
