times:
  edit-metadata: 1.462407366372645
  landing: 0.021631848067045212
  view-data: 0.12008746899664402
