times:
  edit-metadata: 1.4595054229721427
  landing: 0.020457769744098186
  view-data: 0.12178794201463461
