times:
  edit-metadata: 0.5838455897755921
  landing: 0.04274142812937498
  view-data: 0.21227424312382936
