times:
  edit-metadata: 1.430823426693678
  landing: 0.8734722621738911
  view-data: 3.3700855299830437
