times:
  edit-metadata: 1.4385058656334877
  landing: 1.0241666994988918
  view-data: 3.331331092864275
