times:
  edit-metadata: 1.743189400061965
  landing: 0.13254409842193127
  view-data: 0.13699131086468697
