times:
  edit-metadata: 0.5884635510155931
  landing: 0.07632841699523851
  view-data: 0.23407783801667392
