times:
  edit-metadata: 1.391274094581604
  landing: 0.829729687422514
  view-data: 3.321100100874901
