times:
  edit-metadata: 0.622729878872633
  landing: 0.03980967588722706
  view-data: 0.22024302696809173
