times:
  edit-metadata: 1.3905763113871217
  landing: 0.745755547657609
  view-data: 3.2833778355270624
