times:
  edit-metadata: 0.3797559551894665
  landing: 0.04523368924856186
  view-data: 0.18878839537501335
