times:
  edit-metadata: 0.7444619029993191
  landing: 0.06953246705234051
  view-data: 0.23486234800657257
