times:
  edit-metadata: 1.5374721437692642
  landing: 0.7808631956577301
  view-data: 3.410346180200577
