times:
  edit-metadata: 1.564894350245595
  landing: 0.6883939933031797
  view-data: 3.357025409117341
