times:
  edit-metadata: 2.1541841253638268
  landing: 1.1029802933335304
  view-data: 3.6836183480918407
