times:
  edit-metadata: 0.4557153694331646
  landing: 0.9149602074176073
  view-data: 0.19804581440985203
