times:
  edit-metadata: 1.5449354778975248
  landing: 0.022766378708183765
  view-data: 0.12596927676349878
