times:
  edit-metadata: 1.690412249416113
  landing: 1.0133683420717716
  view-data: 3.4247228242456913
