times:
  edit-metadata: 1.4039983535185456
  landing: 0.8044080873951316
  view-data: 3.3933610301464796
