times:
  edit-metadata: 0.6022724020294845
  landing: 0.05126491608098149
  view-data: 0.2073335642926395
