times:
  edit-metadata: 0.602681159041822
  landing: 0.041628590086475015
  view-data: 0.3181013760622591
