times:
  edit-metadata: 0.8241635248996317
  landing: 0.12227202206850052
  view-data: 0.2176154712215066
