times:
  edit-metadata: 1.4915734445676208
  landing: 0.7312922487035394
  view-data: 3.343299792148173
