times:
  edit-metadata: 0.7826945371925831
  landing: 0.05110739916563034
  view-data: 0.19735213369131088
