times:
  edit-metadata: 1.472886923700571
  landing: 0.021659796126186848
  view-data: 0.12438974622637033
