times:
  edit-metadata: 0.6587814530357718
  landing: 0.0514458273537457
  view-data: 0.22162379790097475
