times:
  edit-metadata: 0.4331697765737772
  landing: 0.4845204222947359
  view-data: 0.18421628698706627
