times:
  edit-metadata: 0.7755386494100094
  landing: 0.057109810411930084
  view-data: 0.2044704295694828
