times:
  edit-metadata: 1.7538004368543625
  landing: 0.2501197289675474
  view-data: 0.023718545213341713
