times:
  edit-metadata: 0.6146917960140854
  landing: 0.03997247701045126
  view-data: 0.19530990300700068
