times:
  edit-metadata: 0.6654757978394628
  landing: 0.049713748041540384
  view-data: 0.21000273386016488
