times:
  edit-metadata: 1.56360531039536
  landing: 0.8023503236472607
  view-data: 3.388370780274272
