times:
  edit-metadata: 1.756184009835124
  landing: 0.1727326400578022
  view-data: 0.23930642753839493
