times:
  edit-metadata: 1.651342430151999
  landing: 0.9221343141980469
  view-data: 3.3368525891564786
