times:
  edit-metadata: 1.563703367486596
  landing: 0.6986611168831587
  view-data: 3.400094136595726
