times:
  edit-metadata: 0.41874995082616806
  landing: 0.719029363244772
  view-data: 0.29967435635626316
