times:
  edit-metadata: 1.3862595679238439
  landing: 0.7725020227953792
  view-data: 3.364100281149149
