times:
  edit-metadata: 0.7220604689791799
  landing: 0.04804685997078195
  view-data: 0.2162841710378416
