times:
  edit-metadata: 0.3902168273925781
  landing: 0.04016158729791641
  view-data: 0.19273332133889198
