times:
  edit-metadata: 0.6494303019717336
  landing: 0.045870771165937185
  view-data: 0.21107651386409998
