times:
  edit-metadata: 0.37888994440436363
  landing: 0.8256271760910749
  view-data: 0.31928746961057186
