times:
  edit-metadata: 0.6300970318261534
  landing: 0.044055450009182096
  view-data: 0.20904012094251812
