times:
  edit-metadata: 1.489710533991456
  landing: 0.7519732399377972
  view-data: 3.3450754780787975
