times:
  edit-metadata: 1.5732516832649708
  landing: 0.020879138261079788
  view-data: 0.027366476133465767
