times:
  edit-metadata: 1.763067428022623
  landing: 0.21315818931907415
  view-data: 0.41402919963002205
