times:
  edit-metadata: 0.6842161156237125
  landing: 0.04269703757017851
  view-data: 0.21486245933920145
