times:
  edit-metadata: 1.4940477049676701
  landing: 0.8363344210665673
  view-data: 3.3289406730327755
