times:
  edit-metadata: 0.6841840359847993
  landing: 0.062023615930229425
  view-data: 0.24433855013921857
