times:
  edit-metadata: 2.2849402353167534
  landing: 0.19321918673813343
  view-data: 0.3357235733419657
