times:
  edit-metadata: 1.4924576422199607
  landing: 0.8110596928745508
  view-data: 3.3522902503609657
