times:
  edit-metadata: 1.4651885442435741
  landing: 0.9151355512440205
  view-data: 3.5863433992490172
