times:
  edit-metadata: 1.5894441613927484
  landing: 0.7905325554311275
  view-data: 3.2701584426686168
