times:
  edit-metadata: 0.6046804352663457
  landing: 0.046363730914890766
  view-data: 0.19890996301546693
