times:
  edit-metadata: 0.47209364600712433
  landing: 0.04416622201097198
  view-data: 0.1996603429724928
