times:
  edit-metadata: 0.7159282760694623
  landing: 0.04986098222434521
  view-data: 0.21704789181239903
