times:
  edit-metadata: 1.5677495151758194
  landing: 0.8890059925615788
  view-data: 3.417722150683403
