times:
  edit-metadata: 2.0095262117683887
  landing: 0.14178253524005413
  view-data: 0.13901816308498383
