times:
  edit-metadata: 0.6918522180058062
  landing: 0.040666916873306036
  view-data: 0.222190513741225
