times:
  edit-metadata: 0.37981104850769043
  landing: 0.3646201305091381
  view-data: 0.2928092014044523
