times:
  edit-metadata: 0.455216039030347
  landing: 0.04712428600760177
  view-data: 0.19324418203905225
