times:
  edit-metadata: 0.6719006597995758
  landing: 0.039836774580180645
  view-data: 0.2080217134207487
