times:
  edit-metadata: 0.6410152551252395
  landing: 0.048178925877436996
  view-data: 0.20179428299888968
