times:
  edit-metadata: 1.579725680872798
  landing: 0.767010759562254
  view-data: 3.391909636557102
