times:
  edit-metadata: 1.4613118581473827
  landing: 0.6895368993282318
  view-data: 3.385410826653242
