times:
  edit-metadata: 1.6219044886529446
  landing: 0.9977953881025314
  view-data: 3.340054713189602
