times:
  edit-metadata: 0.6742964144796133
  landing: 0.04218189883977175
  view-data: 0.20593686774373055
