times:
  edit-metadata: 0.7992189638316631
  landing: 0.05372268706560135
  view-data: 0.22209983365610242
