times:
  edit-metadata: 1.5400690380483866
  landing: 0.020067479461431503
  view-data: 0.48061982821673155
