times:
  edit-metadata: 1.5811454290524125
  landing: 0.8864172650501132
  view-data: 3.3072984470054507
