times:
  edit-metadata: 2.268894337117672
  landing: 1.3969475850462914
  view-data: 3.3668158687651157
