times:
  edit-metadata: 0.38871563971042633
  landing: 0.044607143849134445
  view-data: 0.18536217510700226
