times:
  edit-metadata: 1.3558504319516942
  landing: 0.8438577479682863
  view-data: 3.409570222022012
