times:
  edit-metadata: 0.6282301519531757
  landing: 0.05832377914339304
  view-data: 0.20366917992942035
