times:
  edit-metadata: 0.6713703302666545
  landing: 0.044176756870001554
  view-data: 0.1956291338428855
