times:
  edit-metadata: 1.5330148879438639
  landing: 0.10989725030958652
  view-data: 0.027400674298405647
