times:
  edit-metadata: 0.640898801968433
  landing: 0.0454508860129863
  view-data: 0.21168631897307932
