times:
  edit-metadata: 0.6118882754817605
  landing: 0.042062122374773026
  view-data: 0.22201519273221493
