times:
  edit-metadata: 0.38821809738874435
  landing: 0.043712589889764786
  view-data: 0.18596287071704865
