times:
  edit-metadata: 1.7443594317883253
  landing: 0.13621398992836475
  view-data: 0.023972028866410255
