times:
  edit-metadata: 1.5657209493219852
  landing: 0.8700687102973461
  view-data: 3.333074040710926
