times:
  edit-metadata: 1.6309616807848215
  landing: 0.7520792577415705
  view-data: 3.4231391325592995
