times:
  edit-metadata: 0.6915243080002256
  landing: 0.06575409902143292
  view-data: 0.5128224480140489
