times:
  edit-metadata: 0.6903113640000811
  landing: 0.07114502901094966
  view-data: 0.24310956100816838
