times:
  edit-metadata: 0.6466523690614849
  landing: 0.04834592784754932
  view-data: 0.20468712598085403
