times:
  edit-metadata: 0.6482943901792169
  landing: 0.040124781895428896
  view-data: 0.19659387739375234
