times:
  edit-metadata: 0.6949697569943964
  landing: 0.07609317684546113
  view-data: 0.3608232568949461
