times:
  edit-metadata: 1.788486810401082
  landing: 0.020830029621720314
  view-data: 0.12307347357273102
