times:
  edit-metadata: 0.6901150560006499
  landing: 0.07697294000536203
  view-data: 0.22629194101318717
