times:
  edit-metadata: 1.6582474578171968
  landing: 0.8797775078564882
  view-data: 3.4186903685331345
