times:
  edit-metadata: 0.7826165184378624
  landing: 0.05244225263595581
  view-data: 0.19772060215473175
