times:
  edit-metadata: 0.7257415740168653
  landing: 0.04859054903499782
  view-data: 0.2172024970059283
