times:
  edit-metadata: 0.6115230820141733
  landing: 0.10877237794920802
  view-data: 0.2125658211298287
