times:
  edit-metadata: 1.5629212856292725
  landing: 0.7756078504025936
  view-data: 3.4459612630307674
