times:
  edit-metadata: 2.292478215880692
  landing: 1.1982637317851186
  view-data: 3.8989051673561335
