times:
  edit-metadata: 0.659106741193682
  landing: 0.045324523001909256
  view-data: 0.20059088477864861
