times:
  edit-metadata: 1.556072050705552
  landing: 0.7432562671601772
  view-data: 3.4182481672614813
