times:
  edit-metadata: 1.5004495233297348
  landing: 0.8010211698710918
  view-data: 3.348704554140568
