times:
  edit-metadata: 0.3672518730163574
  landing: 0.7577877957373857
  view-data: 0.1768250521272421
