times:
  edit-metadata: 1.5866654589772224
  landing: 0.9450946897268295
  view-data: 3.343671802431345
