times:
  edit-metadata: 0.6886822211090475
  landing: 0.08302975003607571
  view-data: 0.2688313389662653
