times:
  edit-metadata: 1.5339506678283215
  landing: 0.9798426292836666
  view-data: 3.3609523363411427
