times:
  edit-metadata: 0.600535936653614
  landing: 0.049437401350587606
  view-data: 0.20420972583815455
