times:
  edit-metadata: 0.3619668781757355
  landing: 0.6139792259782553
  view-data: 0.18174035102128983
