times:
  edit-metadata: 1.579457137733698
  landing: 0.9254773519933224
  view-data: 3.4533272460103035
