times:
  edit-metadata: 1.4461778216063976
  landing: 0.9464722089469433
  view-data: 3.319794349372387
