times:
  edit-metadata: 1.6484913509339094
  landing: 0.020693738013505936
  view-data: 0.12152603827416897
