times:
  edit-metadata: 0.7254290750715882
  landing: 0.08212071005254984
  view-data: 0.19890012894757092
