times:
  edit-metadata: 0.8106949711218476
  landing: 0.04748193407431245
  view-data: 0.2337271231226623
