times:
  edit-metadata: 0.35801122337579727
  landing: 0.045169997960329056
  view-data: 0.18652132153511047
