times:
  edit-metadata: 1.8871099799871445
  landing: 0.23879492096602917
  view-data: 0.13504367507994175
