times:
  edit-metadata: 0.6492159059271216
  landing: 0.05106720607727766
  view-data: 0.196691719815135
