times:
  edit-metadata: 0.39395197108387947
  landing: 0.7858231253921986
  view-data: 0.2976703718304634
