times:
  edit-metadata: 0.40039110369980335
  landing: 0.7172842640429735
  view-data: 0.2241359781473875
