times:
  edit-metadata: 1.6266713505610824
  landing: 0.02944351453334093
  view-data: 0.026890727691352367
