times:
  edit-metadata: 1.4919225799385458
  landing: 0.7844539450015873
  view-data: 3.403937124181539
