times:
  edit-metadata: 0.46703635598532856
  landing: 0.04980309298844077
  view-data: 0.1924042040191125
