times:
  edit-metadata: 1.4936533219879493
  landing: 0.8663041430991143
  view-data: 3.336801356053911
