times:
  edit-metadata: 0.7232562439749017
  landing: 0.05054798105265945
  view-data: 0.2280899069737643
