times:
  edit-metadata: 1.5128820892423391
  landing: 0.7668681545183063
  view-data: 3.360967227257788
