times:
  edit-metadata: 1.3709126859903336
  landing: 0.8397993445396423
  view-data: 3.2640723437070847
