times:
  edit-metadata: 0.35555846616625786
  landing: 0.8076963592320681
  view-data: 0.20710976049304008
