times:
  edit-metadata: 1.5741061980370432
  landing: 0.8474973679985851
  view-data: 3.3273093650350347
