times:
  edit-metadata: 0.6933812510687858
  landing: 0.06674289586953819
  view-data: 0.22461500391364098
