times:
  edit-metadata: 0.6344292899593711
  landing: 0.042478546034544706
  view-data: 0.21082215895876288
