times:
  edit-metadata: 0.8598965820856392
  landing: 0.07771974382922053
  view-data: 0.2338964412920177
