times:
  edit-metadata: 0.6316219321452081
  landing: 0.05151561903767288
  view-data: 0.1918906830251217
