times:
  edit-metadata: 1.9461938943713903
  landing: 0.1610280405730009
  view-data: 0.34624236449599266
