times:
  edit-metadata: 1.5321942809969187
  landing: 0.7721886672079563
  view-data: 3.4019942712038755
