times:
  edit-metadata: 1.5668957084417343
  landing: 0.8508279696106911
  view-data: 3.3690978288650513
