times:
  edit-metadata: 1.462624816223979
  landing: 0.7403730526566505
  view-data: 3.3034895788878202
