times:
  edit-metadata: 0.7411495596170425
  landing: 0.05027339607477188
  view-data: 0.19545062258839607
