times:
  edit-metadata: 1.347165015526116
  landing: 0.8609586805105209
  view-data: 3.301268447190523
