times:
  edit-metadata: 1.6138923298567533
  landing: 0.8266317415982485
  view-data: 3.41546917706728
