times:
  edit-metadata: 0.6937797800637782
  landing: 0.06652381701860577
  view-data: 0.22351773700211197
