times:
  edit-metadata: 1.9006516970694065
  landing: 0.020760882645845413
  view-data: 0.1297573186457157
