times:
  edit-metadata: 2.7763256952166557
  landing: 1.8895319737493992
  view-data: 3.6428277529776096
