times:
  edit-metadata: 1.742479806765914
  landing: 0.25836993008852005
  view-data: 0.024069666862487793
