times:
  edit-metadata: 0.756319826003164
  landing: 0.06529567899997346
  view-data: 0.23801948298932984
