times:
  edit-metadata: 0.38855964690446854
  landing: 0.05103474482893944
  view-data: 0.19311590120196342
