times:
  edit-metadata: 0.3773146588355303
  landing: 0.7336928192526102
  view-data: 0.1894446574151516
