times:
  edit-metadata: 1.7175119807943702
  landing: 0.01962587796151638
  view-data: 0.02577855810523033
