times:
  edit-metadata: 0.6891372639220208
  landing: 0.07336432603187859
  view-data: 0.2305869220290333
