times:
  edit-metadata: 0.7815620563924313
  landing: 0.06985131092369556
  view-data: 0.22238182183355093
