times:
  edit-metadata: 1.6561272609978914
  landing: 0.1495148502290249
  view-data: 0.42997826263308525
