times:
  edit-metadata: 0.6564533622004092
  landing: 0.05914781289175153
  view-data: 0.20438558794558048
