times:
  edit-metadata: 0.3727347832173109
  landing: 0.5814725179225206
  view-data: 0.1907940488308668
