times:
  edit-metadata: 0.5983051509829238
  landing: 0.03860783902928233
  view-data: 0.19719140604138374
