times:
  edit-metadata: 1.5763798831030726
  landing: 0.01960871834307909
  view-data: 0.027184808626770973
