times:
  edit-metadata: 1.5145356003195047
  landing: 0.14548351522535086
  view-data: 0.026182018220424652
