times:
  edit-metadata: 0.6693897699005902
  landing: 0.04552257293835282
  view-data: 0.19952043471857905
