times:
  edit-metadata: 1.737042872235179
  landing: 0.025754752568900585
  view-data: 0.026031648740172386
