times:
  edit-metadata: 0.7502636276185513
  landing: 0.03638502582907677
  view-data: 0.19787084311246872
