times:
  edit-metadata: 1.4805913921445608
  landing: 0.0988394757732749
  view-data: 0.027473525144159794
