times:
  edit-metadata: 0.6660372139886022
  landing: 0.047621098812669516
  view-data: 0.21046354714781046
