times:
  edit-metadata: 0.810066394507885
  landing: 0.05092492699623108
  view-data: 0.1846565119922161
