times:
  edit-metadata: 1.5921665746718645
  landing: 0.15303569100797176
  view-data: 0.37005983851850033
