times:
  edit-metadata: 1.5561123602092266
  landing: 0.8103137314319611
  view-data: 3.3188625127077103
