times:
  edit-metadata: 0.5886352090165019
  landing: 0.05810408596880734
  view-data: 0.21150947699788958
