times:
  edit-metadata: 1.0546028870157897
  landing: 0.1585961482487619
  view-data: 0.3149980171583593
