times:
  edit-metadata: 1.6449557850137353
  landing: 0.020445588044822216
  view-data: 0.43456614203751087
