times:
  edit-metadata: 0.6669789210427552
  landing: 0.0906690179836005
  view-data: 0.22245982778258622
