times:
  edit-metadata: 0.7170631974004209
  landing: 0.04899425012990832
  view-data: 0.23447581101208925
