times:
  edit-metadata: 0.37758898362517357
  landing: 0.048989564180374146
  view-data: 0.19335458800196648
