times:
  edit-metadata: 0.9968394092284143
  landing: 0.06472007976844907
  view-data: 0.2356273951008916
