times:
  edit-metadata: 0.7267989367246628
  landing: 0.04430142045021057
  view-data: 0.19459063187241554
