times:
  edit-metadata: 0.6500039668753743
  landing: 0.03919874504208565
  view-data: 0.21185309626162052
