times:
  edit-metadata: 0.7851086296141148
  landing: 0.041995465755462646
  view-data: 0.19084830582141876
