times:
  edit-metadata: 0.5884945670259185
  landing: 0.11739450797904283
  view-data: 0.27752784301992506
