times:
  edit-metadata: 1.5524919498711824
  landing: 0.020549668930470943
  view-data: 0.12330459617078304
