times:
  edit-metadata: 1.8895574286580086
  landing: 0.2327822931110859
  view-data: 0.16226453706622124
