times:
  edit-metadata: 1.7319663763046265
  landing: 0.189994091168046
  view-data: 0.3038003742694855
