times:
  edit-metadata: 1.7017582766711712
  landing: 0.13678157329559326
  view-data: 0.2852842267602682
