times:
  edit-metadata: 0.467726556584239
  landing: 0.042802006006240845
  view-data: 0.19187664426863194
