times:
  edit-metadata: 0.7670309169916436
  landing: 0.09575720597058535
  view-data: 0.23457476205658168
