times:
  edit-metadata: 0.42614930123090744
  landing: 0.7135763019323349
  view-data: 0.21289178729057312
