times:
  edit-metadata: 1.6825247798115015
  landing: 1.0653023151680827
  view-data: 3.3599819149821997
