times:
  edit-metadata: 1.5057973936200142
  landing: 0.9330099187791348
  view-data: 3.4551889821887016
