times:
  edit-metadata: 1.7188738770782948
  landing: 0.9660361837595701
  view-data: 3.4533999767154455
