times:
  edit-metadata: 1.7449236810207367
  landing: 0.2908941078931093
  view-data: 0.1280569937080145
