times:
  edit-metadata: 0.45744428411126137
  landing: 0.8648371249437332
  view-data: 0.9048486091196537
