times:
  edit-metadata: 0.6881554999999935
  landing: 0.08053930399910314
  view-data: 0.22633851900172886
