times:
  edit-metadata: 1.9728921242058277
  landing: 0.14866548124700785
  view-data: 0.045163112692534924
