times:
  edit-metadata: 1.8213349003344774
  landing: 0.14196862652897835
  view-data: 0.3576483279466629
