times:
  edit-metadata: 0.6183798599522561
  landing: 0.05084692395757884
  view-data: 0.20766397507395595
