times:
  edit-metadata: 1.8321036007255316
  landing: 0.2975148353725672
  view-data: 0.262555755674839
