times:
  edit-metadata: 1.7658861372619867
  landing: 0.11683970876038074
  view-data: 0.27971647307276726
