times:
  edit-metadata: 0.6168713108636439
  landing: 0.040757755283266306
  view-data: 0.2183608841150999
