times:
  edit-metadata: 1.488953284919262
  landing: 0.8212359175086021
  view-data: 3.3712771348655224
