times:
  edit-metadata: 1.493521912023425
  landing: 0.7845233911648393
  view-data: 3.399512375704944
