times:
  edit-metadata: 0.491738548502326
  landing: 1.0056456197053194
  view-data: 0.3625366073101759
