times:
  edit-metadata: 1.5255570448935032
  landing: 0.7566641978919506
  view-data: 3.321016166359186
