times:
  edit-metadata: 1.832207877188921
  landing: 1.0682681389153004
  view-data: 3.340287232771516
