times:
  edit-metadata: 1.5075591914355755
  landing: 1.0157498978078365
  view-data: 3.3644059747457504
