times:
  edit-metadata: 0.3722919002175331
  landing: 1.2437008433043957
  view-data: 0.2811865881085396
