times:
  edit-metadata: 1.7145408503711224
  landing: 0.01977541856467724
  view-data: 0.024381082504987717
