times:
  edit-metadata: 0.34734318405389786
  landing: 0.05151009559631348
  view-data: 0.18974719196558
