times:
  edit-metadata: 2.0244064582511783
  landing: 0.020428569987416267
  view-data: 0.12169572524726391
