times:
  edit-metadata: 1.6462563648819923
  landing: 0.8484671600162983
  view-data: 3.320209752768278
