times:
  edit-metadata: 1.5709143690764904
  landing: 0.9289140701293945
  view-data: 3.3452448584139347
