times:
  edit-metadata: 1.7269935896620154
  landing: 0.020916557870805264
  view-data: 0.3365497663617134
