times:
  edit-metadata: 1.739478761330247
  landing: 0.15651044808328152
  view-data: 0.15653526410460472
