times:
  edit-metadata: 1.5938612087629735
  landing: 0.812083185184747
  view-data: 3.3599559529684484
