times:
  edit-metadata: 0.5882122749462724
  landing: 0.05115715507417917
  view-data: 0.20438245916739106
