times:
  edit-metadata: 1.6406391859054565
  landing: 0.842735979706049
  view-data: 3.4190503135323524
