times:
  edit-metadata: 1.3607837380841374
  landing: 0.062220785999670625
  view-data: 0.2831210328731686
