times:
  edit-metadata: 0.3649338483810425
  landing: 0.5784607585519552
  view-data: 0.1863630060106516
