times:
  edit-metadata: 1.7457902655005455
  landing: 0.021230055019259453
  view-data: 0.022769847884774208
