times:
  edit-metadata: 0.661552197067067
  landing: 0.05928811803460121
  view-data: 0.1935700469184667
