times:
  edit-metadata: 0.6343268961645663
  landing: 0.04039454320445657
  view-data: 0.19933068891987205
