times:
  edit-metadata: 0.526244642038364
  landing: 0.06375422503333539
  view-data: 0.19967730401549488
