times:
  edit-metadata: 0.742453444050625
  landing: 0.05081882094964385
  view-data: 0.21219669305719435
