times:
  edit-metadata: 0.6527063874527812
  landing: 0.04881476052105427
  view-data: 0.21065840777009726
