times:
  edit-metadata: 0.6295336880721152
  landing: 0.05066194524988532
  view-data: 0.22004252672195435
