times:
  edit-metadata: 1.5885764276608825
  landing: 0.020378517918288708
  view-data: 0.025441798381507397
