times:
  edit-metadata: 0.7092048679478467
  landing: 0.04456692689564079
  view-data: 0.19567471800837666
