times:
  edit-metadata: 1.4895717967301607
  landing: 0.8045477150008082
  view-data: 3.3531301338225603
