times:
  edit-metadata: 0.4229224119335413
  landing: 0.926187064498663
  view-data: 0.20012021996080875
