times:
  edit-metadata: 0.7256964228581637
  landing: 0.04365489515475929
  view-data: 0.2316893960814923
