times:
  edit-metadata: 1.5396468276157975
  landing: 0.11123205814510584
  view-data: 0.09648207109421492
