times:
  edit-metadata: 1.0403572630602866
  landing: 0.1385807942133397
  view-data: 0.23886665794998407
