times:
  edit-metadata: 0.8041633907705545
  landing: 0.055749474093317986
  view-data: 0.21137226792052388
