times:
  edit-metadata: 0.7072810754179955
  landing: 0.04232289269566536
  view-data: 0.18821101635694504
