times:
  edit-metadata: 1.8030131962150335
  landing: 0.16566869989037514
  view-data: 0.026159362867474556
