times:
  edit-metadata: 1.8141256347298622
  landing: 0.20797435194253922
  view-data: 0.3301858603954315
