times:
  edit-metadata: 0.5778562210034579
  landing: 0.0495013149920851
  view-data: 0.19437763298628852
