times:
  edit-metadata: 0.35153235681355
  landing: 0.5766389314085245
  view-data: 0.17817066796123981
