times:
  edit-metadata: 0.71458700299263
  landing: 0.05234461720101535
  view-data: 0.220001450041309
