times:
  edit-metadata: 0.6191546720219776
  landing: 0.058951154933311045
  view-data: 0.19711286493111402
