times:
  edit-metadata: 1.7186488043516874
  landing: 0.2536493483930826
  view-data: 0.36232241429388523
