times:
  edit-metadata: 2.013498719781637
  landing: 0.02394518069922924
  view-data: 0.02673495002090931
