times:
  edit-metadata: 0.6184500982053578
  landing: 0.05146083189174533
  view-data: 0.2026377199217677
