times:
  edit-metadata: 0.6755168437957764
  landing: 0.049760591238737106
  view-data: 0.195066399872303
