times:
  edit-metadata: 0.7334987189387903
  landing: 0.045007635024376214
  view-data: 0.2209698959486559
