times:
  edit-metadata: 1.7328895051032305
  landing: 0.22131746727973223
  view-data: 0.13364066649228334
