times:
  edit-metadata: 0.679743526969105
  landing: 0.04471756797283888
  view-data: 0.19852947001345456
