times:
  edit-metadata: 1.4438931047916412
  landing: 0.8146149588283151
  view-data: 3.4169649879913777
