times:
  edit-metadata: 0.35834761895239353
  landing: 0.5682657305151224
  view-data: 0.18563086912035942
