times:
  edit-metadata: 0.42442976869642735
  landing: 0.37482021376490593
  view-data: 0.192937683314085
