times:
  edit-metadata: 0.5860357779893093
  landing: 0.04671027499716729
  view-data: 0.19100724800955504
