times:
  edit-metadata: 1.461555689573288
  landing: 0.8044416457414627
  view-data: 3.280948895961046
