times:
  edit-metadata: 0.6436771033331752
  landing: 0.043691156432032585
  view-data: 0.2082065436989069
