times:
  edit-metadata: 2.089338943362236
  landing: 1.0740898810327053
  view-data: 3.4134931564331055
