times:
  edit-metadata: 0.6589439809322357
  landing: 0.045508735813200474
  view-data: 0.2121716532856226
