times:
  edit-metadata: 1.6290974477306008
  landing: 0.23578434716910124
  view-data: 0.4217229364439845
