times:
  edit-metadata: 1.6093388861045241
  landing: 0.16791454423218966
  view-data: 0.4262353666126728
