times:
  edit-metadata: 4.206210285425186
  landing: 1.796134190633893
  view-data: 3.975585926324129
