times:
  edit-metadata: 1.695689707994461
  landing: 0.9352398552000523
  view-data: 3.3698382936418056
