times:
  edit-metadata: 1.4779570624232292
  landing: 0.022060676477849483
  view-data: 0.1265920652076602
