times:
  edit-metadata: 0.4471676480025053
  landing: 0.5005517788231373
  view-data: 0.1917070522904396
