times:
  edit-metadata: 0.694647051859647
  landing: 0.06884774565696716
  view-data: 0.2273376751691103
