times:
  edit-metadata: 1.5891123078763485
  landing: 0.7677258495241404
  view-data: 3.3794041331857443
