times:
  edit-metadata: 0.7244770799297839
  landing: 0.04582189302891493
  view-data: 0.21725957607850432
