times:
  edit-metadata: 1.5905011110007763
  landing: 0.8538290224969387
  view-data: 3.363989671692252
