times:
  edit-metadata: 0.6530670318752527
  landing: 0.04415870551019907
  view-data: 0.21784775238484144
