times:
  edit-metadata: 0.8100288470741361
  landing: 0.06967439386062324
  view-data: 0.23096765205264091
