times:
  edit-metadata: 1.6967524029314518
  landing: 0.18171765375882387
  view-data: 0.023474552668631077
