times:
  edit-metadata: 1.4680569292977452
  landing: 0.8093934450298548
  view-data: 3.369630992412567
