times:
  edit-metadata: 1.3616332672536373
  landing: 0.7517027985304594
  view-data: 3.344723403453827
