times:
  edit-metadata: 0.36412468552589417
  landing: 0.04792580381035805
  view-data: 0.18618721514940262
