times:
  edit-metadata: 2.0434033684432507
  landing: 0.3055034950375557
  view-data: 0.18774600699543953
