times:
  edit-metadata: 0.3503890112042427
  landing: 2.044832143932581
  view-data: 0.3257148824632168
