times:
  edit-metadata: 1.5245046359486878
  landing: 0.6279342928901315
  view-data: 3.341114523820579
