times:
  edit-metadata: 1.7786114569753408
  landing: 0.1663329191505909
  view-data: 0.28701791912317276
