times:
  edit-metadata: 0.38434524089097977
  landing: 0.043787047266960144
  view-data: 0.1902526691555977
