times:
  edit-metadata: 0.7177508599124849
  landing: 0.04516353318467736
  view-data: 0.21982896886765957
