times:
  edit-metadata: 1.617786530405283
  landing: 0.8875767551362514
  view-data: 3.32486261613667
