times:
  edit-metadata: 0.6477550943382084
  landing: 0.04182662582024932
  view-data: 0.20651040086522698
