times:
  edit-metadata: 2.8255321569740772
  landing: 0.3415145603939891
  view-data: 0.41191891115158796
