times:
  edit-metadata: 0.6568346288986504
  landing: 0.04436115501448512
  view-data: 0.19094230607151985
