times:
  edit-metadata: 2.82252611592412
  landing: 0.22212599590420723
  view-data: 0.18807868473231792
