times:
  edit-metadata: 0.6941490108147264
  landing: 0.047256726771593094
  view-data: 0.21871189028024673
