times:
  edit-metadata: 0.546180033008568
  landing: 0.045972867985256016
  view-data: 0.20325687201693654
