times:
  edit-metadata: 0.7789506099652499
  landing: 0.04611765209119767
  view-data: 0.22408541792538017
