times:
  edit-metadata: 0.6562159250024706
  landing: 0.04922235710546374
  view-data: 0.20582610415294766
