times:
  edit-metadata: 1.5437012547627091
  landing: 0.02220696583390236
  view-data: 0.02568013034760952
