times:
  edit-metadata: 1.94790431112051
  landing: 0.16052690334618092
  view-data: 0.16419961489737034
