times:
  edit-metadata: 0.5663602706044912
  landing: 0.04408196406438947
  view-data: 0.20798446564003825
