times:
  edit-metadata: 0.634700994938612
  landing: 0.04486532276496291
  view-data: 0.20568404020741582
