times:
  edit-metadata: 0.7283485382795334
  landing: 0.05179658159613609
  view-data: 0.20508499071002007
