times:
  edit-metadata: 1.6868271697312593
  landing: 0.21696973219513893
  view-data: 0.02422567643225193
