times:
  edit-metadata: 1.7269491590559483
  landing: 0.019423339515924454
  view-data: 0.024203794077038765
