times:
  edit-metadata: 0.6658975267782807
  landing: 0.04297295631840825
  view-data: 0.20696632517501712
