times:
  edit-metadata: 1.5845102397724986
  landing: 0.020427612587809563
  view-data: 0.4196535740047693
