times:
  edit-metadata: 4.989650530740619
  landing: 2.381554303690791
  view-data: 4.606012279167771
