times:
  edit-metadata: 1.4518771888688207
  landing: 0.022103002294898033
  view-data: 0.1195987369865179
