times:
  edit-metadata: 1.59902024269104
  landing: 1.0552537143230438
  view-data: 3.3262052722275257
