times:
  edit-metadata: 1.4524428620934486
  landing: 0.8433185294270515
  view-data: 3.3500430025160313
