times:
  edit-metadata: 1.5137403029948473
  landing: 0.8773893499746919
  view-data: 3.3703661747276783
