times:
  edit-metadata: 0.6392061649821699
  landing: 0.047439599060453475
  view-data: 0.2049850090406835
