times:
  edit-metadata: 1.7306961566209793
  landing: 0.01982124336063862
  view-data: 0.3503285814076662
