times:
  edit-metadata: 0.7564061209559441
  landing: 0.04464574158191681
  view-data: 0.1987004652619362
