times:
  edit-metadata: 2.4581431075930595
  landing: 1.8211545050144196
  view-data: 3.9570250269025564
