times:
  edit-metadata: 0.5917156548239291
  landing: 0.05567981209605932
  view-data: 0.20383485592901707
