times:
  edit-metadata: 1.8627276495099068
  landing: 0.02294131927192211
  view-data: 0.14348218403756618
