times:
  edit-metadata: 0.3953711185604334
  landing: 0.5145389549434185
  view-data: 0.16594177298247814
