times:
  edit-metadata: 1.5834521930664778
  landing: 0.022805698215961456
  view-data: 0.0243534529581666
