times:
  edit-metadata: 1.654066562652588
  landing: 0.8906756583601236
  view-data: 3.373837076127529
