times:
  edit-metadata: 1.6477495431900024
  landing: 0.20523053128272295
  view-data: 0.25686962995678186
