times:
  edit-metadata: 0.35930322855710983
  landing: 0.5889339037239552
  view-data: 0.1816267240792513
