times:
  edit-metadata: 2.376050729304552
  landing: 0.16011405736207962
  view-data: 0.4521467909216881
