times:
  edit-metadata: 1.4945967542007565
  landing: 0.02056215424090624
  view-data: 0.09786912892013788
