times:
  edit-metadata: 2.0204430613666773
  landing: 0.24496290646493435
  view-data: 0.311001680791378
