times:
  edit-metadata: 1.5208698958158493
  landing: 0.9006924666464329
  view-data: 3.3379479236900806
