times:
  edit-metadata: 2.313186092302203
  landing: 0.1914603691548109
  view-data: 0.12841392122209072
