times:
  edit-metadata: 0.3346740398555994
  landing: 1.5035817474126816
  view-data: 0.2878361660987139
