times:
  edit-metadata: 1.4162674993276596
  landing: 0.8449084386229515
  view-data: 3.32258528098464
