times:
  edit-metadata: 1.825030643492937
  landing: 0.020579135045409203
  view-data: 0.3399744015187025
