times:
  edit-metadata: 0.37370353005826473
  landing: 0.5854945909231901
  view-data: 0.2944938372820616
