times:
  edit-metadata: 1.4840625310316682
  landing: 0.862417615018785
  view-data: 3.437678750604391
