times:
  edit-metadata: 0.6305315298959613
  landing: 0.053851781878620386
  view-data: 0.2098109140060842
