times:
  edit-metadata: 0.7497992366552353
  landing: 0.052307285368442535
  view-data: 0.3176296018064022
