times:
  edit-metadata: 0.7012742769438773
  landing: 0.05237566493451595
  view-data: 0.2261594239389524
