times:
  edit-metadata: 1.398640357889235
  landing: 1.0463193580508232
  view-data: 3.3899311632849276
