times:
  edit-metadata: 1.4246984794735909
  landing: 0.8071348965167999
  view-data: 3.307993408292532
