times:
  edit-metadata: 0.5664749550051056
  landing: 0.053183707990683615
  view-data: 0.188198365009157
