times:
  edit-metadata: 1.5452106483280659
  landing: 0.022168812341988087
  view-data: 0.127409596927464
