times:
  edit-metadata: 1.5174159333109856
  landing: 0.7496508229523897
  view-data: 3.374317040666938
