times:
  edit-metadata: 1.5586384944617748
  landing: 0.7776860110461712
  view-data: 3.4291854090988636
