times:
  edit-metadata: 1.5158180110156536
  landing: 0.025402107276022434
  view-data: 0.024747783318161964
