times:
  edit-metadata: 1.6140421843156219
  landing: 0.023249357007443905
  view-data: 0.44275245908647776
