times:
  edit-metadata: 1.5838408907875419
  landing: 0.021065976470708847
  view-data: 0.1013946020975709
