times:
  edit-metadata: 1.7756000943481922
  landing: 0.24279958754777908
  view-data: 0.026792658492922783
