times:
  edit-metadata: 1.4763258742168546
  landing: 0.02005651965737343
  view-data: 0.025995037518441677
