times:
  edit-metadata: 0.38031841814517975
  landing: 0.055937036871910095
  view-data: 0.17793427780270576
