times:
  edit-metadata: 0.605575572932139
  landing: 0.046197235002182424
  view-data: 0.2017116720089689
