times:
  edit-metadata: 2.17024109326303
  landing: 0.2769969627261162
  view-data: 0.19427507556974888
