times:
  edit-metadata: 1.4830130729824305
  landing: 0.7798875472508371
  view-data: 3.37695399671793
