times:
  edit-metadata: 1.4109273748472333
  landing: 0.7890422539785504
  view-data: 3.246973460773006
