times:
  edit-metadata: 2.0999134238809347
  landing: 0.30597964581102133
  view-data: 0.4269270785152912
