times:
  edit-metadata: 0.414574196562171
  landing: 0.47860776260495186
  view-data: 0.17329027503728867
