times:
  edit-metadata: 1.7845303621143103
  landing: 0.1994006708264351
  view-data: 0.024967528879642487
