times:
  edit-metadata: 1.4818770065903664
  landing: 0.021216370165348053
  view-data: 0.4800867550075054
