times:
  edit-metadata: 1.6865834835916758
  landing: 0.02026134543120861
  view-data: 0.028632715344429016
