times:
  edit-metadata: 0.7098753899335861
  landing: 0.04370544711127877
  view-data: 0.21712223906069994
