times:
  edit-metadata: 0.4348255507647991
  landing: 1.5128273405134678
  view-data: 0.5347721837460995
