times:
  edit-metadata: 1.5754396710544825
  landing: 0.7756319437175989
  view-data: 3.372601106762886
