times:
  edit-metadata: 1.7464315649122
  landing: 0.22369302809238434
  view-data: 0.0260548647493124
