times:
  edit-metadata: 0.6482075040694326
  landing: 0.03953849198296666
  view-data: 0.19809354608878493
