times:
  edit-metadata: 0.3616512566804886
  landing: 0.6620096750557423
  view-data: 0.18793338537216187
