times:
  edit-metadata: 1.4487781669013202
  landing: 0.8828476619673893
  view-data: 3.470780792995356
