times:
  edit-metadata: 2.9807105660438538
  landing: 1.8411209918558598
  view-data: 3.4402526803314686
