times:
  edit-metadata: 0.634487209841609
  landing: 0.05331599898636341
  view-data: 0.2149519487284124
