times:
  edit-metadata: 0.5938595915213227
  landing: 0.04346916452050209
  view-data: 0.21603449806571007
