times:
  edit-metadata: 1.429138895124197
  landing: 0.8853145055472851
  view-data: 3.3778081350028515
