times:
  edit-metadata: 1.4722141344100237
  landing: 0.7799334833398461
  view-data: 3.3481908636167645
