times:
  edit-metadata: 1.516552334651351
  landing: 0.02260125707834959
  view-data: 0.45128840301185846
