times:
  edit-metadata: 0.7233778268564492
  landing: 0.051764225121587515
  view-data: 0.21519742417149246
