times:
  edit-metadata: 1.5676026958972216
  landing: 0.8032907620072365
  view-data: 3.3359704557806253
