times:
  edit-metadata: 2.3889919575303793
  landing: 0.34433536045253277
  view-data: 0.4344322010874748
