times:
  edit-metadata: 0.3775713872164488
  landing: 0.521833136677742
  view-data: 0.19902422092854977
