times:
  edit-metadata: 1.6238175574690104
  landing: 0.8867171015590429
  view-data: 3.4245944395661354
