times:
  edit-metadata: 0.7751154350116849
  landing: 0.07457048096694052
  view-data: 0.2290626490721479
