times:
  edit-metadata: 1.8111272677779198
  landing: 0.022022398188710213
  view-data: 0.02815856784582138
