times:
  edit-metadata: 1.5669455751776695
  landing: 0.7366361767053604
  view-data: 3.44186095520854
