times:
  edit-metadata: 1.5591366421431303
  landing: 0.7632768116891384
  view-data: 3.4223014768213034
