times:
  edit-metadata: 0.7016590535640717
  landing: 0.04796510189771652
  view-data: 0.19523634761571884
