times:
  edit-metadata: 1.4699662178754807
  landing: 0.020322658121585846
  view-data: 0.0266113867983222
