times:
  edit-metadata: 0.720101012964733
  landing: 0.07208105502650142
  view-data: 0.23983924800995737
