times:
  edit-metadata: 0.6443373374640942
  landing: 0.04400301072746515
  view-data: 0.20553200971335173
