times:
  edit-metadata: 1.5964181050658226
  landing: 0.8644886054098606
  view-data: 3.4077534712851048
