times:
  edit-metadata: 1.5381502583622932
  landing: 0.7563669085502625
  view-data: 3.4088775999844074
