times:
  edit-metadata: 0.6570567809976637
  landing: 0.04971432301681489
  view-data: 0.2041808239882812
