times:
  edit-metadata: 1.633724780753255
  landing: 0.8201516177505255
  view-data: 3.4248724579811096
