times:
  edit-metadata: 2.0696503929793835
  landing: 0.23840968124568462
  view-data: 0.3444483205676079
