times:
  edit-metadata: 0.7534644899424165
  landing: 0.049009319161996245
  view-data: 0.22888359613716602
