times:
  edit-metadata: 1.924532301723957
  landing: 0.8065693434327841
  view-data: 3.4667234886437654
