times:
  edit-metadata: 1.0633773347362876
  landing: 0.06980354711413383
  view-data: 0.2601994317956269
