times:
  edit-metadata: 0.6265882840380073
  landing: 0.041720237117260695
  view-data: 0.20665403176099062
