times:
  edit-metadata: 1.5040115052834153
  landing: 0.02085255552083254
  view-data: 0.02708915527909994
