times:
  edit-metadata: 0.3434201553463936
  landing: 0.04515580087900162
  view-data: 0.19421983137726784
