times:
  edit-metadata: 1.6896665208041668
  landing: 0.2226675022393465
  view-data: 0.02446119859814644
