times:
  edit-metadata: 1.3758642100729048
  landing: 0.7058617488946766
  view-data: 3.263026232016273
