times:
  edit-metadata: 1.8895172849297523
  landing: 1.1167683005332947
  view-data: 3.42910697683692
