times:
  edit-metadata: 0.7792863273061812
  landing: 0.045543631073087454
  view-data: 0.21941456478089094
