times:
  edit-metadata: 0.691862721927464
  landing: 0.0748386790510267
  view-data: 0.22991457395255566
