times:
  edit-metadata: 1.5077959359623492
  landing: 0.8154133860953152
  view-data: 3.4226367780938745
