times:
  edit-metadata: 0.7965355509659275
  landing: 0.047324426006525755
  view-data: 0.23331961099756882
