times:
  edit-metadata: 1.5460454560816288
  landing: 0.8455649390816689
  view-data: 3.3809346593916416
