times:
  edit-metadata: 1.7503607794642448
  landing: 0.02167999092489481
  view-data: 0.20939353108406067
