times:
  edit-metadata: 0.3858899436891079
  landing: 0.04119940102100372
  view-data: 0.17769987881183624
