times:
  edit-metadata: 2.3639895636588335
  landing: 0.19212822429835796
  view-data: 0.48633184283971786
