times:
  edit-metadata: 1.6343901341315359
  landing: 0.8290071389637887
  view-data: 3.423086167080328
