times:
  edit-metadata: 1.5947293750941753
  landing: 0.02190306782722473
  view-data: 0.025475999340415
