times:
  edit-metadata: 1.0723552000708878
  landing: 0.1193017028272152
  view-data: 0.30255254497751594
