times:
  edit-metadata: 0.7686765230027959
  landing: 0.07750462397234514
  view-data: 0.23678311798721552
