times:
  edit-metadata: 0.5776672121137381
  landing: 0.05790684814564884
  view-data: 0.1983624470885843
