times:
  edit-metadata: 0.9911682000383735
  landing: 0.10851446399465203
  view-data: 0.22572432504966855
