times:
  edit-metadata: 0.6167151159606874
  landing: 0.04275892209261656
  view-data: 0.20660299994051456
