times:
  edit-metadata: 1.8561569079756737
  landing: 0.20583596266806126
  view-data: 0.10123639553785324
