times:
  edit-metadata: 1.7894085925072432
  landing: 0.0235681664198637
  view-data: 0.025666525587439537
