times:
  edit-metadata: 0.6478956869104877
  landing: 0.04468771198298782
  view-data: 0.19509566901251674
