times:
  edit-metadata: 1.5323374904692173
  landing: 0.6793425101786852
  view-data: 3.3244337495416403
