times:
  edit-metadata: 1.8921883841976523
  landing: 1.0458882190287113
  view-data: 3.37151898117736
