times:
  edit-metadata: 1.568706475198269
  landing: 0.8015501508489251
  view-data: 3.3934984244406223
