times:
  edit-metadata: 1.7522702291607857
  landing: 0.20963267795741558
  view-data: 0.023165302351117134
