times:
  edit-metadata: 0.6385308499448001
  landing: 0.046676571015268564
  view-data: 0.21374535514041781
