times:
  edit-metadata: 0.6756376828998327
  landing: 0.041849616914987564
  view-data: 0.20904691284522414
