times:
  edit-metadata: 0.3495804276317358
  landing: 0.5767674166709185
  view-data: 0.186066135764122
