times:
  edit-metadata: 0.6192305418662727
  landing: 0.04635378438979387
  view-data: 0.2048038919456303
