times:
  edit-metadata: 1.5030299294739962
  landing: 0.7779426295310259
  view-data: 3.3542052814736962
