times:
  edit-metadata: 1.5673748180270195
  landing: 0.7807083390653133
  view-data: 3.2973531652241945
