times:
  edit-metadata: 1.8352472558617592
  landing: 1.2117092050611973
  view-data: 3.475707985460758
