times:
  edit-metadata: 1.4948164485394955
  landing: 0.9437862932682037
  view-data: 3.2707922495901585
