times:
  edit-metadata: 1.6706492528319359
  landing: 0.20611271262168884
  view-data: 0.3528697248548269
