times:
  edit-metadata: 0.44510193541646004
  landing: 0.04510929062962532
  view-data: 0.19564666412770748
