times:
  edit-metadata: 3.506606264039874
  landing: 1.9561259830370545
  view-data: 3.8382883332669735
