times:
  edit-metadata: 1.52325230371207
  landing: 0.021291585639119148
  view-data: 0.13180479407310486
