times:
  edit-metadata: 0.7399201251100749
  landing: 0.052366602001711726
  view-data: 0.22544585797004402
