times:
  edit-metadata: 1.7886411920189857
  landing: 0.1916654035449028
  view-data: 0.02626829408109188
