times:
  edit-metadata: 0.6525064976885915
  landing: 0.041171012446284294
  view-data: 0.2222783761098981
