times:
  edit-metadata: 1.4651107676327229
  landing: 0.7816892750561237
  view-data: 3.292820367962122
