times:
  edit-metadata: 1.5590443164110184
  landing: 0.8053805530071259
  view-data: 3.3873344399034977
