times:
  edit-metadata: 1.347812017018441
  landing: 0.30001677898690104
  view-data: 0.3003737350227311
