times:
  edit-metadata: 0.6956996530061588
  landing: 0.06464773102197796
  view-data: 0.23896342795342207
