times:
  edit-metadata: 1.3000705180165824
  landing: 0.11597232898930088
  view-data: 0.25532463198760524
