times:
  edit-metadata: 6.134846901521087
  landing: 2.1346705947071314
  view-data: 4.55716697871685
