times:
  edit-metadata: 1.6496034963056445
  landing: 0.1354942675679922
  view-data: 0.11829378176480532
