times:
  edit-metadata: 1.5653365589678288
  landing: 0.7955763563513756
  view-data: 3.422391375526786
