times:
  edit-metadata: 0.4631771855056286
  landing: 0.05909114331007004
  view-data: 0.20647737011313438
