times:
  edit-metadata: 0.37097468227148056
  landing: 0.041421253234148026
  view-data: 0.18452954664826393
