times:
  edit-metadata: 1.77719022706151
  landing: 0.20421317033469677
  view-data: 0.023439722135663033
