times:
  edit-metadata: 1.6151951290667057
  landing: 0.8271027812734246
  view-data: 3.3823407785966992
