times:
  edit-metadata: 1.529407512396574
  landing: 0.020656966604292393
  view-data: 0.09987739101052284
