times:
  edit-metadata: 2.0904028080403805
  landing: 0.38046956807374954
  view-data: 0.4028203245252371
