times:
  edit-metadata: 0.5856486829579808
  landing: 0.04580652096774429
  view-data: 0.19909492699662223
