times:
  edit-metadata: 1.507187926210463
  landing: 1.034327938221395
  view-data: 3.4854017086327076
