times:
  edit-metadata: 2.0065985955297947
  landing: 1.0739796422421932
  view-data: 3.428440412506461
