times:
  edit-metadata: 1.3425391796045005
  landing: 0.8138335240073502
  view-data: 3.328066288959235
