times:
  edit-metadata: 1.5974323712289333
  landing: 0.8697502631694078
  view-data: 3.443171191960573
