times:
  edit-metadata: 1.4071296714246273
  landing: 0.8484122306108475
  view-data: 3.389568205922842
