times:
  edit-metadata: 1.7920678136870265
  landing: 0.9679108513519168
  view-data: 3.469488828442991
