times:
  edit-metadata: 1.5413425527513027
  landing: 0.9560918435454369
  view-data: 3.3954668790102005
