times:
  edit-metadata: 1.4897281639277935
  landing: 0.7790599428117275
  view-data: 3.392007214948535
