times:
  edit-metadata: 1.4041987210512161
  landing: 0.9749504998326302
  view-data: 3.3851900473237038
