times:
  edit-metadata: 1.5123048014938831
  landing: 0.8779032938182354
  view-data: 3.8987648226320744
