times:
  edit-metadata: 1.607684435788542
  landing: 1.0614816071465611
  view-data: 3.3985445317812264
