times:
  edit-metadata: 1.8178172074258327
  landing: 0.9305700846016407
  view-data: 3.362646846100688
