times:
  edit-metadata: 1.5707053914666176
  landing: 0.9067867919802666
  view-data: 3.431515235453844
