times:
  edit-metadata: 1.4906148202717304
  landing: 1.0239931540563703
  view-data: 3.3276666728779674
