times:
  edit-metadata: 1.375500462949276
  landing: 0.8429943639785051
  view-data: 3.3705765940248966
