times:
  edit-metadata: 1.4618646083399653
  landing: 0.9010305628180504
  view-data: 3.438953415490687
