times:
  edit-metadata: 1.497328907251358
  landing: 1.0218949895352125
  view-data: 3.4600690323859453
