times:
  edit-metadata: 1.3705186061561108
  landing: 0.8527070805430412
  view-data: 3.36768901348114
