times:
  edit-metadata: 2.625825237482786
  landing: 1.2779830265790224
  view-data: 3.839709820225835
