times:
  edit-metadata: 1.25097127398476
  landing: 0.74266362702474
  view-data: 3.4271156219765544
