times:
  edit-metadata: 1.3607096634805202
  landing: 0.8764342442154884
  view-data: 3.35547336563468
