times:
  edit-metadata: 1.4687527380883694
  landing: 0.8642526157200336
  view-data: 3.40794331766665
