times:
  edit-metadata: 1.5238773450255394
  landing: 0.927657175809145
  view-data: 3.3443130515515804
