times:
  edit-metadata: 1.4223032118752599
  landing: 1.2129646972753108
  view-data: 3.4345451327972114
