times:
  edit-metadata: 1.4869157522916794
  landing: 0.7846013624221087
  view-data: 3.4053509533405304
