times:
  edit-metadata: 1.4908415619283915
  landing: 0.9217131603509188
  view-data: 3.3876616433262825
