times:
  edit-metadata: 1.8318024687469006
  landing: 0.8241585902869701
  view-data: 3.383992336690426
