times:
  edit-metadata: 1.5782351046800613
  landing: 1.0741625651717186
  view-data: 3.387323670089245
