times:
  edit-metadata: 1.6544732935726643
  landing: 0.9142974577844143
  view-data: 3.3691444657742977
