times:
  edit-metadata: 1.5170913133770227
  landing: 0.8307044827379286
  view-data: 3.348112612962723
