times:
  edit-metadata: 1.5193380657583475
  landing: 0.7843270935118198
  view-data: 3.3823127523064613
