times:
  edit-metadata: 1.4940434694290161
  landing: 0.7759219817817211
  view-data: 3.3776036985218525
