times:
  edit-metadata: 1.3972793202847242
  landing: 0.8700519502162933
  view-data: 3.317574266344309
