times:
  edit-metadata: 2.0668412260711193
  landing: 1.4215494506061077
  view-data: 3.514711372554302
