times:
  edit-metadata: 1.4420512951910496
  landing: 0.9459341987967491
  view-data: 3.4247947186231613
