times:
  edit-metadata: 1.400768205523491
  landing: 0.9837009906768799
  view-data: 3.4001949839293957
