times:
  edit-metadata: 1.5260752327740192
  landing: 0.9291720241308212
  view-data: 3.335351563990116
