times:
  edit-metadata: 1.5001799650490284
  landing: 0.9990779235959053
  view-data: 3.4118644893169403
