times:
  edit-metadata: 1.524296885356307
  landing: 0.8085402958095074
  view-data: 3.437839450314641
