times:
  edit-metadata: 2.1206685630604625
  landing: 1.3560611507855356
  view-data: 3.489743859972805
