times:
  edit-metadata: 1.5149081833660603
  landing: 0.7593269012868404
  view-data: 3.352495174854994
