times:
  edit-metadata: 1.3509174142964184
  landing: 0.7825175682082772
  view-data: 3.309148794040084
