times:
  edit-metadata: 1.4465439822524786
  landing: 0.8371196752414107
  view-data: 3.4070647545158863
