times:
  edit-metadata: 1.3913560062646866
  landing: 0.7771747931838036
  view-data: 3.342276830226183
