times:
  edit-metadata: 1.3704420663416386
  landing: 0.8470388427376747
  view-data: 3.3508962877094746
