times:
  edit-metadata: 2.4315530359745026
  landing: 1.1918986663222313
  view-data: 3.284630808979273
