times:
  edit-metadata: 1.5242562480270863
  landing: 0.7941231075674295
  view-data: 3.41784174926579
