times:
  edit-metadata: 1.7485777512192726
  landing: 1.3751696310937405
  view-data: 3.5825545601546764
