times:
  edit-metadata: 1.369255444034934
  landing: 0.7571598626673222
  view-data: 3.376009549945593
