times:
  edit-metadata: 1.7231131866574287
  landing: 3.6329397335648537
  view-data: 3.4037029147148132
