times:
  edit-metadata: 1.6200987044721842
  landing: 0.8738057129085064
  view-data: 3.4514436442404985
