times:
  edit-metadata: 1.5424312837421894
  landing: 0.9427438862621784
  view-data: 3.3980663307011127
