times:
  edit-metadata: 1.6436683554202318
  landing: 0.8655111268162727
  view-data: 3.4788476172834635
