times:
  edit-metadata: 1.5929470648989081
  landing: 0.836811488494277
  view-data: 3.47728453297168
