times:
  edit-metadata: 1.498407430946827
  landing: 0.9949443638324738
  view-data: 3.405934289097786
