times:
  edit-metadata: 1.2270062630996108
  landing: 0.7664577420800924
  view-data: 4.586254448629916
