times:
  edit-metadata: 1.5122816003859043
  landing: 0.7887614089995623
  view-data: 3.39971711486578
