times:
  edit-metadata: 1.5604979377239943
  landing: 0.9794013276696205
  view-data: 3.4158448353409767
