times:
  edit-metadata: 1.3141687959432602
  landing: 0.7791668698191643
  view-data: 3.289776861667633
