times:
  edit-metadata: 1.4794924203306437
  landing: 0.8879459798336029
  view-data: 3.4066016618162394
