times:
  edit-metadata: 1.5659433715045452
  landing: 0.8247178085148335
  view-data: 3.395229935646057
