times:
  edit-metadata: 1.5062656123191118
  landing: 0.8272265400737524
  view-data: 3.427286198362708
