times:
  edit-metadata: 1.3923333436250687
  landing: 0.8720105439424515
  view-data: 3.33578210324049
