times:
  edit-metadata: 1.490184816531837
  landing: 0.9257286516949534
  view-data: 0.7593943066895008
