times:
  edit-metadata: 1.3822357133030891
  landing: 1.0027156583964825
  view-data: 3.36448859795928
