times:
  edit-metadata: 1.3143710871227086
  landing: 0.8944606697186828
  view-data: 3.424956116359681
