times:
  edit-metadata: 1.3722670301795006
  landing: 0.8564309068024158
  view-data: 3.2726937010884285
