times:
  edit-metadata: 1.621565267443657
  landing: 1.0712712220847607
  view-data: 3.379262547940016
