times:
  edit-metadata: 1.4173689796589315
  landing: 0.8263260568492115
  view-data: 3.3989848191849887
