times:
  edit-metadata: 1.4949224963784218
  landing: 0.7695130184292793
  view-data: 3.371603723615408
