times:
  edit-metadata: 1.6247718259692192
  landing: 1.0256598182022572
  view-data: 3.4715433940291405
