times:
  edit-metadata: 1.8059378825128078
  landing: 1.152726547792554
  view-data: 3.455007402226329
