times:
  edit-metadata: 1.4362750267609954
  landing: 0.9274323666468263
  view-data: 3.4337675580754876
