times:
  edit-metadata: 1.6080071050673723
  landing: 1.1068053618073463
  view-data: 3.494111616164446
