times:
  edit-metadata: 1.710076466202736
  landing: 1.0925216116011143
  view-data: 3.394514635205269
