times:
  edit-metadata: 1.43693907558918
  landing: 0.7778175473213196
  view-data: 3.38817972689867
