times:
  edit-metadata: 1.7239180207252502
  landing: 0.6939303516410291
  view-data: 3.3477373821660876
