times:
  edit-metadata: 1.5114708598703146
  landing: 1.3851993968710303
  view-data: 3.336221450008452
