times:
  edit-metadata: 1.413762996904552
  landing: 0.7928802850656211
  view-data: 3.4042852530255914
