times:
  edit-metadata: 1.3250838592648506
  landing: 0.8709937892854214
  view-data: 3.2955940067768097
