times:
  edit-metadata: 1.2400838937610388
  landing: 0.8276769802905619
  view-data: 3.3060422660782933
