times:
  edit-metadata: 1.5286508463323116
  landing: 0.8629081770777702
  view-data: 3.4243966452777386
