times:
  edit-metadata: 1.7282695462927222
  landing: 1.0814627893269062
  view-data: 3.390327364206314
