times:
  edit-metadata: 1.8152614571154118
  landing: 0.9238196425139904
  view-data: 3.3465962186455727
