times:
  edit-metadata: 1.59532761387527
  landing: 0.8042600639164448
  view-data: 3.2611153442412615
