times:
  edit-metadata: 1.346204686909914
  landing: 0.7716596722602844
  view-data: 3.2884688526391983
