times:
  edit-metadata: 1.4593360628932714
  landing: 0.8639650084078312
  view-data: 3.4059145152568817
