times:
  edit-metadata: 1.4854812547564507
  landing: 0.9468843257054687
  view-data: 3.3222194919362664
