times:
  edit-metadata: 1.4044006057083607
  landing: 0.9905186556279659
  view-data: 3.3867343813180923
