times:
  edit-metadata: 2.20010906457901
  landing: 1.0218024291098118
  view-data: 3.3528577014803886
