times:
  edit-metadata: 1.6399008557200432
  landing: 1.001572197303176
  view-data: 3.4670926509425044
