times:
  edit-metadata: 1.6049715429544449
  landing: 0.8963094763457775
  view-data: 3.2886568419635296
