times:
  edit-metadata: 1.557471727952361
  landing: 1.0080598890781403
  view-data: 3.375917760655284
