times:
  edit-metadata: 1.4942427715286613
  landing: 0.8142393724992871
  view-data: 3.505147465504706
