times:
  edit-metadata: 1.560331717133522
  landing: 0.8839835897088051
  view-data: 3.311946351081133
