times:
  edit-metadata: 1.4515052139759064
  landing: 1.0137854777276516
  view-data: 3.3826425783336163
