times:
  edit-metadata: 1.486204408109188
  landing: 0.8878573700785637
  view-data: 3.3497246503829956
