times:
  edit-metadata: 1.5009030271321535
  landing: 0.759901013225317
  view-data: 3.351898092776537
