times:
  edit-metadata: 1.3833624087274075
  landing: 0.8382797762751579
  view-data: 3.297897405922413
