times:
  edit-metadata: 1.5215916857123375
  landing: 0.8517020717263222
  view-data: 3.3862446676939726
