times:
  edit-metadata: 1.5276094991713762
  landing: 0.824698081240058
  view-data: 3.402149733155966
