times:
  edit-metadata: 1.3954905942082405
  landing: 0.9084139466285706
  view-data: 3.358866721391678
