times:
  edit-metadata: 1.5574193522334099
  landing: 0.8476974125951529
  view-data: 3.442444358021021
