times:
  edit-metadata: 1.3625427368097007
  landing: 0.9301588269881904
  view-data: 3.673861963208765
