times:
  edit-metadata: 1.4117069551721215
  landing: 0.9325437564402819
  view-data: 3.2659866893664002
