times:
  edit-metadata: 1.628188494592905
  landing: 0.9719755314290524
  view-data: 3.3528535179793835
