times:
  edit-metadata: 1.5522421821951866
  landing: 0.8844626247882843
  view-data: 3.423842564225197
