times:
  edit-metadata: 1.5214304737746716
  landing: 0.8891415819525719
  view-data: 3.3758434131741524
