times:
  edit-metadata: 1.555649671703577
  landing: 1.1197240948677063
  view-data: 3.319285746663809
