times:
  edit-metadata: 1.4915678929537535
  landing: 0.7382358703762293
  view-data: 3.406860064715147
