times:
  edit-metadata: 1.5039712428115308
  landing: 0.8203950189054012
  view-data: 3.374240580946207
