times:
  edit-metadata: 1.323214516043663
  landing: 0.7416283190250397
  view-data: 3.3458692766726017
