times:
  edit-metadata: 1.5131232906132936
  landing: 0.8158726897090673
  view-data: 3.452850803732872
