times:
  edit-metadata: 1.486692100763321
  landing: 0.9340189322829247
  view-data: 3.2913893796503544
