times:
  edit-metadata: 1.481021398678422
  landing: 0.7843264117836952
  view-data: 3.381623884662986
