times:
  edit-metadata: 1.5818379037082195
  landing: 0.8975465856492519
  view-data: 3.442905217409134
