times:
  edit-metadata: 1.5785879902541637
  landing: 0.7962632291018963
  view-data: 3.3872669227421284
