times:
  edit-metadata: 1.3263079654425383
  landing: 0.7845831084996462
  view-data: 3.304120907559991
