times:
  edit-metadata: 1.3630186598747969
  landing: 0.7452998403459787
  view-data: 3.283627385273576
