times:
  edit-metadata: 1.44712945073843
  landing: 0.8780554998666048
  view-data: 3.2842262219637632
