times:
  edit-metadata: 1.6741711609065533
  landing: 0.9415195491164923
  view-data: 3.3550483379513025
