times:
  edit-metadata: 1.2380464114248753
  landing: 0.8985678451135755
  view-data: 3.3309657741338015
