times:
  edit-metadata: 1.679375123232603
  landing: 1.0704050660133362
  view-data: 3.3847768492996693
