times:
  edit-metadata: 1.32659712433815
  landing: 0.950278390198946
  view-data: 3.381831329315901
