times:
  edit-metadata: 1.4144617514684796
  landing: 0.8708789926022291
  view-data: 3.378587403334677
