times:
  edit-metadata: 1.4490557685494423
  landing: 0.8993638716638088
  view-data: 3.3493561670184135
