times:
  edit-metadata: 1.3460107618011534
  landing: 0.7555886739864945
  view-data: 3.311479243915528
