times:
  edit-metadata: 1.530997060239315
  landing: 0.8456945214420557
  view-data: 3.3709691874682903
