times:
  edit-metadata: 1.6676153670996428
  landing: 0.8120945263653994
  view-data: 3.357187172397971
