times:
  edit-metadata: 1.549485832452774
  landing: 0.8102127946913242
  view-data: 3.3497757874429226
