times:
  edit-metadata: 1.4840654022991657
  landing: 0.7706197891384363
  view-data: 3.3996709045022726
