times:
  edit-metadata: 1.4137435369193554
  landing: 0.8972080312669277
  view-data: 3.362617567181587
