times:
  edit-metadata: 1.498131176456809
  landing: 0.8824241617694497
  view-data: 3.3899992993101478
