times:
  edit-metadata: 1.6321779638528824
  landing: 1.0062065199017525
  view-data: 3.4576262272894382
