times:
  edit-metadata: 1.8540190979838371
  landing: 1.1831407099962234
  view-data: 3.404405456967652
