times:
  edit-metadata: 1.5477811060845852
  landing: 0.9517079703509808
  view-data: 3.3690483942627907
