times:
  edit-metadata: 1.3634902462363243
  landing: 0.8548332490026951
  view-data: 3.342940615490079
