times:
  edit-metadata: 1.5099973157048225
  landing: 0.9473227672278881
  view-data: 3.3222950529307127
