times:
  edit-metadata: 1.4396662851795554
  landing: 0.9221000894904137
  view-data: 3.3701633643358946
