times:
  edit-metadata: 1.5315317660570145
  landing: 0.8467795252799988
  view-data: 3.3857269063591957
