times:
  edit-metadata: 1.3829639134928584
  landing: 0.7670033434405923
  view-data: 3.3208829602226615
