times:
  edit-metadata: 2.0526536274701357
  landing: 1.2668835949152708
  view-data: 3.5417454969137907
