times:
  edit-metadata: 1.505941640585661
  landing: 1.3982114903628826
  view-data: 3.360478065907955
