times:
  edit-metadata: 1.5944236107170582
  landing: 1.0427204072475433
  view-data: 3.3658761009573936
