times:
  edit-metadata: 2.969099350273609
  landing: 1.3996780775487423
  view-data: 3.9187355786561966
