times:
  edit-metadata: 1.4888723455369473
  landing: 0.8710177950561047
  view-data: 3.4416411239653826
