times:
  edit-metadata: 1.5037950589321554
  landing: 0.8263481808826327
  view-data: 3.406574949156493
