times:
  edit-metadata: 1.43418575450778
  landing: 0.9835667535662651
  view-data: 3.3786463290452957
