times:
  edit-metadata: 1.6245117373764515
  landing: 0.991922203451395
  view-data: 3.2988297939300537
