times:
  edit-metadata: 1.3810147251933813
  landing: 0.8456275574862957
  view-data: 3.319372311234474
