times:
  edit-metadata: 1.978454764932394
  landing: 0.9965071771293879
  view-data: 3.458541503176093
