times:
  edit-metadata: 1.444097276777029
  landing: 0.8119230410084128
  view-data: 3.3856166498735547
