times:
  edit-metadata: 1.409770249389112
  landing: 0.8248120024800301
  view-data: 3.2801448237150908
