times:
  edit-metadata: 1.302917780354619
  landing: 0.8413630439899862
  view-data: 3.2863865378312767
