times:
  edit-metadata: 1.8517771176993847
  landing: 1.1083601899445057
  view-data: 3.437376692891121
