times:
  edit-metadata: 1.321691489778459
  landing: 0.7602357855066657
  view-data: 3.310863634571433
