times:
  edit-metadata: 1.5957117676734924
  landing: 0.9031208846718073
  view-data: 3.420149407349527
