times:
  edit-metadata: 30.52985610999167
  landing: 18.004631323739886
  view-data: 3.56613695807755
