times:
  edit-metadata: 1.49778525903821
  landing: 0.8327001463621855
  view-data: 3.43120876327157
