times:
  edit-metadata: 1.492237877100706
  landing: 0.8311488162726164
  view-data: 3.425620336085558
