times:
  edit-metadata: 1.5390248969197273
  landing: 0.8571898005902767
  view-data: 3.363955732434988
