times:
  edit-metadata: 1.4878257475793362
  landing: 0.9740667873993516
  view-data: 3.3970335330814123
