times:
  edit-metadata: 1.4537926316261292
  landing: 0.9345363713800907
  view-data: 3.3771707974374294
