times:
  edit-metadata: 1.4249788476154208
  landing: 0.7938567344099283
  view-data: 3.344753541983664
