times:
  edit-metadata: 1.3402888104319572
  landing: 0.8831506744027138
  view-data: 3.3041602335870266
