times:
  edit-metadata: 1.6755532026290894
  landing: 1.0984041653573513
  view-data: 3.3720081113278866
