times:
  edit-metadata: 1.4384048637002707
  landing: 0.7951570898294449
  view-data: 3.3669172432273626
