times:
  edit-metadata: 1.6050837095826864
  landing: 0.9598431549966335
  view-data: 3.4783601630479097
