times:
  edit-metadata: 1.41248145326972
  landing: 0.7966967262327671
  view-data: 3.339887011796236
