times:
  edit-metadata: 1.6109519116580486
  landing: 0.7753866408020258
  view-data: 3.3677650559693575
