times:
  edit-metadata: 1.4312401879578829
  landing: 0.7818521894514561
  view-data: 3.352497497573495
