times:
  edit-metadata: 1.4768938818015158
  landing: 0.9378459001891315
  view-data: 3.3751858109608293
