times:
  edit-metadata: 1.3707067482173443
  landing: 0.9414148591458797
  view-data: 3.350544836372137
