times:
  edit-metadata: 1.5069768149405718
  landing: 0.8312941137701273
  view-data: 3.3947438653558493
