times:
  edit-metadata: 1.3217549677938223
  landing: 0.8523954693228006
  view-data: 3.3237292133271694
