times:
  edit-metadata: 1.7280040504410863
  landing: 0.836580628529191
  view-data: 3.4313537618145347
