times:
  edit-metadata: 1.4747646860778332
  landing: 0.8201357685029507
  view-data: 3.3717419803142548
