times:
  edit-metadata: 2.8393513448536396
  landing: 2.0935810171067715
  view-data: 4.025756124407053
