times:
  edit-metadata: 1.4625432528555393
  landing: 0.78569420799613
  view-data: 3.367078009992838
