times:
  edit-metadata: 1.48238480463624
  landing: 0.9809534251689911
  view-data: 3.366430900990963
