times:
  edit-metadata: 2.9242235012352467
  landing: 1.3175883516669273
  view-data: 4.027871049940586
