times:
  edit-metadata: 1.5345877204090357
  landing: 0.8446445241570473
  view-data: 3.3024315014481544
