times:
  edit-metadata: 1.5180430598556995
  landing: 0.8094014935195446
  view-data: 3.443618981167674
