times:
  edit-metadata: 1.4785095304250717
  landing: 0.9283147603273392
  view-data: 3.371162600815296
