times:
  edit-metadata: 1.4747006576508284
  landing: 0.7362397573888302
  view-data: 3.410273438319564
