times:
  edit-metadata: 2.4834429919719696
  landing: 1.2981895469129086
  view-data: 3.753935169428587
