times:
  edit-metadata: 2.096245586872101
  landing: 1.243453025817871
  view-data: 3.482813861221075
