times:
  edit-metadata: 1.1699158065021038
  landing: 0.8427423732355237
  view-data: 3.3238412840291858
