times:
  edit-metadata: 1.5237546972930431
  landing: 0.9992636851966381
  view-data: 3.2979806028306484
