times:
  edit-metadata: 1.4273036010563374
  landing: 0.9200962260365486
  view-data: 3.3323958851397038
