times:
  edit-metadata: 1.4285378344357014
  landing: 0.8622767357155681
  view-data: 3.308949966914952
