times:
  edit-metadata: 1.434565532952547
  landing: 0.829752191901207
  view-data: 3.3657318633049726
