times:
  edit-metadata: 1.4201405234634876
  landing: 0.7772188931703568
  view-data: 3.3732238672673702
