times:
  edit-metadata: 1.5767474211752415
  landing: 0.8934106417000294
  view-data: 3.3485567569732666
