times:
  edit-metadata: 1.4761895947158337
  landing: 0.7806466594338417
  view-data: 3.389746582135558
