times:
  edit-metadata: 1.5283056609332561
  landing: 0.7852253504097462
  view-data: 3.4277400877326727
