times:
  edit-metadata: 1.4064589627087116
  landing: 0.8324223756790161
  view-data: 3.2512305937707424
