times:
  edit-metadata: 1.4933002814650536
  landing: 0.752236720174551
  view-data: 3.4008922912180424
