times:
  edit-metadata: 1.346208855509758
  landing: 0.9049775339663029
  view-data: 3.2844320982694626
