times:
  edit-metadata: 1.5070868134498596
  landing: 0.7747720628976822
  view-data: 3.4057935290038586
