times:
  edit-metadata: 1.3736757151782513
  landing: 0.9214088255539536
  view-data: 3.3313863119110465
