times:
  edit-metadata: 1.335265301167965
  landing: 0.9585347278043628
  view-data: 3.378080504015088
