times:
  edit-metadata: 1.4151268117129803
  landing: 0.9159479737281799
  view-data: 3.4297728165984154
