times:
  edit-metadata: 1.4961782973259687
  landing: 0.8199276253581047
  view-data: 3.4224708061665297
