times:
  edit-metadata: 1.4275713050737977
  landing: 0.8112014913931489
  view-data: 3.379106815904379
