times:
  edit-metadata: 1.4318110439926386
  landing: 0.8182555641978979
  view-data: 3.3680606288835406
