times:
  edit-metadata: 1.3720038533210754
  landing: 0.9139568731188774
  view-data: 3.3566425144672394
