times:
  edit-metadata: 1.4034075438976288
  landing: 0.8932251632213593
  view-data: 3.299700189381838
