times:
  edit-metadata: 1.756620204076171
  landing: 0.9045292176306248
  view-data: 3.3213437888771296
