times:
  edit-metadata: 1.269692175090313
  landing: 0.7867620242759585
  view-data: 0.450230929069221
