times:
  edit-metadata: 1.3350875368341804
  landing: 0.8429060089401901
  view-data: 3.3571393829770386
