times:
  edit-metadata: 1.5030671022832394
  landing: 0.9393060728907585
  view-data: 3.4379410184919834
