times:
  edit-metadata: 1.5747034046798944
  landing: 0.9322971254587173
  view-data: 3.50554708391428
