times:
  edit-metadata: 1.540579680353403
  landing: 0.8455382063984871
  view-data: 3.4000918120145798
