times:
  edit-metadata: 1.5917287040501833
  landing: 1.0054905987344682
  view-data: 3.3922948776744306
