times:
  edit-metadata: 1.5109852105379105
  landing: 4.4476041458547115
  view-data: 3.3789001181721687
