times:
  edit-metadata: 1.4951948076486588
  landing: 0.7669865563511848
  view-data: 3.3565445505082607
