times:
  edit-metadata: 1.4418325517326593
  landing: 0.7988428715616465
  view-data: 3.3528510369360447
