times:
  edit-metadata: 1.577577818185091
  landing: 0.7566793691366911
  view-data: 3.3976307660341263
