times:
  edit-metadata: 1.403374144807458
  landing: 0.8090806268155575
  view-data: 3.3246758319437504
