times:
  edit-metadata: 1.462499599903822
  landing: 0.8822263944894075
  view-data: 3.3858740124851465
