times:
  edit-metadata: 2.4192256163805723
  landing: 1.2723461231216788
  view-data: 3.7996998792514205
