times:
  edit-metadata: 1.6059545204043388
  landing: 0.952619444578886
  view-data: 3.4602585695683956
