times:
  edit-metadata: 2.1446999087929726
  landing: 1.5766193568706512
  view-data: 0.932132774963975
