times:
  edit-metadata: 1.7988293208181858
  landing: 1.4032276086509228
  view-data: 3.631719633936882
