times:
  edit-metadata: 1.4564789421856403
  landing: 1.0240360982716084
  view-data: 3.36555452644825
