times:
  edit-metadata: 1.560948509722948
  landing: 0.8654579259455204
  view-data: 3.3799515441060066
