times:
  edit-metadata: 1.3791978377848864
  landing: 0.8376130405813456
  view-data: 3.3837369307875633
