times:
  edit-metadata: 1.9130256734788418
  landing: 1.2590493857860565
  view-data: 3.5537342466413975
