times:
  edit-metadata: 1.7146821580827236
  landing: 1.102647203952074
  view-data: 3.328996881842613
