times:
  edit-metadata: 1.531281977891922
  landing: 0.8365246616303921
  view-data: 3.375485248863697
