times:
  edit-metadata: 1.4794670045375824
  landing: 0.9927290864288807
  view-data: 3.3637946732342243
