times:
  edit-metadata: 1.5413682870566845
  landing: 1.0011619254946709
  view-data: 3.439062461256981
