times:
  edit-metadata: 1.4912496209144592
  landing: 0.9293341785669327
  view-data: 3.3213288486003876
