times:
  edit-metadata: 1.4669291600584984
  landing: 0.9866803884506226
  view-data: 3.311605103313923
