times:
  edit-metadata: 1.5745953153818846
  landing: 0.874737961217761
  view-data: 3.3200502283871174
