times:
  edit-metadata: 1.6192966289818287
  landing: 1.048827152699232
  view-data: 3.322058290243149
