times:
  edit-metadata: 1.5113965943455696
  landing: 0.8618576563894749
  view-data: 3.371020495891571
