times:
  edit-metadata: 1.3606370575726032
  landing: 0.877941707149148
  view-data: 3.4121428029611707
