times:
  edit-metadata: 1.3553163059987128
  landing: 0.9489536420442164
  view-data: 0.7560506989248097
