times:
  edit-metadata: 1.4541732938960195
  landing: 1.0108613837510347
  view-data: 0.5955449668690562
