times:
  edit-metadata: 1.352965947240591
  landing: 0.9852985478937626
  view-data: 3.3511211276054382
