times:
  edit-metadata: 1.7725859805941582
  landing: 1.434942565858364
  view-data: 3.578460916876793
