times:
  edit-metadata: 1.5172184724360704
  landing: 0.8277009036391973
  view-data: 0.6075534801930189
