times:
  edit-metadata: 1.6012430228292942
  landing: 0.8312357030808926
  view-data: 0.6778091080486774
