times:
  edit-metadata: 1.5452332682907581
  landing: 0.9621225614100695
  view-data: 0.6595749109983444
