times:
  edit-metadata: 2.2623243629932404
  landing: 1.8889083936810493
  view-data: 3.360385473817587
