times:
  edit-metadata: 1.5173788741230965
  landing: 1.0082279667258263
  view-data: 3.3941660784184933
