times:
  edit-metadata: 1.500167179852724
  landing: 0.960752360522747
  view-data: 3.3285513147711754
