times:
  edit-metadata: 1.4037079252302647
  landing: 0.8246253915131092
  view-data: 0.5956597402691841
