times:
  edit-metadata: 1.449860580265522
  landing: 0.9225691072642803
  view-data: 3.3593593761324883
