times:
  edit-metadata: 1.556600447744131
  landing: 1.0961365066468716
  view-data: 3.5022955648601055
