times:
  edit-metadata: 1.5083896089345217
  landing: 0.8366421796381474
  view-data: 3.357426756992936
