times:
  edit-metadata: 1.604705911129713
  landing: 1.0383679121732712
  view-data: 3.4087563194334507
