times:
  edit-metadata: 1.4517081286758184
  landing: 5.80305169057101
  view-data: 3.3060204349458218
