times:
  edit-metadata: 1.5111620724201202
  landing: 0.9739430472254753
  view-data: 3.288373164832592
