times:
  edit-metadata: 1.3604139797389507
  landing: 0.9671049322932959
  view-data: 3.2740275263786316
