times:
  edit-metadata: 1.5449571758508682
  landing: 0.8360709026455879
  view-data: 3.4421638064086437
