times:
  edit-metadata: 1.6177299916744232
  landing: 0.9021510407328606
  view-data: 3.4677736461162567
