times:
  edit-metadata: 1.5680761337280273
  landing: 0.9036895222961903
  view-data: 0.5682775713503361
