times:
  edit-metadata: 1.9589651972055435
  landing: 1.067005917429924
  view-data: 3.3550171852111816
