times:
  edit-metadata: 1.5160519033670425
  landing: 0.814297016710043
  view-data: 3.346911445260048
