times:
  edit-metadata: 1.364770207554102
  landing: 0.9689434096217155
  view-data: 3.3605014383792877
