times:
  edit-metadata: 1.5367993377149105
  landing: 1.9462882205843925
  view-data: 3.335876988247037
