times:
  edit-metadata: 1.4638391742482781
  landing: 0.9445001324638724
  view-data: 0.6982051962986588
