times:
  edit-metadata: 1.428048098925501
  landing: 0.9214086979627609
  view-data: 0.6865903991274536
