times:
  edit-metadata: 1.7825179025530815
  landing: 1.0457543954253197
  view-data: 3.518351014703512
