times:
  edit-metadata: 1.6123915389180183
  landing: 1.2802562080323696
  view-data: 3.3143467754125595
