times:
  edit-metadata: 1.5286002829670906
  landing: 0.8318993952125311
  view-data: 0.6181351002305746
