times:
  edit-metadata: 1.6661452576518059
  landing: 0.9923446960747242
  view-data: 3.4665206633508205
