times:
  edit-metadata: 1.5229323767125607
  landing: 0.8517138808965683
  view-data: 3.384890763089061
