times:
  edit-metadata: 1.5042534098029137
  landing: 0.9778288453817368
  view-data: 3.3915188275277615
