times:
  edit-metadata: 1.536740304902196
  landing: 0.7934583891183138
  view-data: 3.387075150385499
