times:
  edit-metadata: 1.5320439282804728
  landing: 0.8468313161283731
  view-data: 3.4567924682050943
