times:
  edit-metadata: 1.3513897769153118
  landing: 0.8610732108354568
  view-data: 3.295629147440195
