times:
  edit-metadata: 1.6126727871596813
  landing: 0.9013437014073133
  view-data: 0.7109966985881329
