times:
  edit-metadata: 1.570128720253706
  landing: 1.002819549292326
  view-data: 3.359424442052841
