times:
  edit-metadata: 1.4396573239937425
  landing: 0.8665463607758284
  view-data: 0.8082290049642324
