times:
  edit-metadata: 1.511204306036234
  landing: 0.8037127889692783
  view-data: 3.357379037886858
