times:
  edit-metadata: 1.4984696935862303
  landing: 0.8147921180352569
  view-data: 1.505407152697444
