times:
  edit-metadata: 1.5478895362466574
  landing: 0.8604085054248571
  view-data: 3.278484843671322
