times:
  edit-metadata: 1.3721405677497387
  landing: 0.877347506582737
  view-data: 3.3902429677546024
