times:
  edit-metadata: 1.4232854284346104
  landing: 0.8102187742479146
  view-data: 3.308106028009206
