times:
  edit-metadata: 1.6419578902423382
  landing: 1.1949023753404617
  view-data: 0.7841026708483696
