times:
  edit-metadata: 2.079905830323696
  landing: 1.2408513277769089
  view-data: 3.4927419759333134
