times:
  edit-metadata: 1.3587697707116604
  landing: 0.9017515620216727
  view-data: 0.5680204229429364
