times:
  edit-metadata: 1.4780054986476898
  landing: 0.789189551025629
  view-data: 3.358603995293379
