times:
  edit-metadata: 1.5196735635399818
  landing: 0.8843195028603077
  view-data: 3.286468006670475
