times:
  edit-metadata: 1.8123968932777643
  landing: 1.1453951485455036
  view-data: 0.7164984326809645
