times:
  edit-metadata: 1.4187785126268864
  landing: 0.9495565555989742
  view-data: 3.3158929124474525
