times:
  edit-metadata: 1.4427974484860897
  landing: 0.9430733025074005
  view-data: 3.296870667487383
