times:
  edit-metadata: 1.4822997422888875
  landing: 0.9270141869783401
  view-data: 3.439408847130835
