times:
  edit-metadata: 1.8211280964314938
  landing: 1.056923869997263
  view-data: 3.4027521274983883
