times:
  edit-metadata: 1.4289492350071669
  landing: 0.7144361864775419
  view-data: 3.4027464874088764
