times:
  edit-metadata: 1.5810909047722816
  landing: 1.11777413636446
  view-data: 3.3952625803649426
