times:
  edit-metadata: 1.5323756765574217
  landing: 0.8203341569751501
  view-data: 0.6356533579528332
