times:
  edit-metadata: 1.4717623330652714
  landing: 0.8895272314548492
  view-data: 3.434352118521929
