times:
  edit-metadata: 1.4671216793358326
  landing: 0.9641492143273354
  view-data: 3.405250623822212
