times:
  edit-metadata: 1.6027199793606997
  landing: 0.8371418043971062
  view-data: 0.6446226164698601
