times:
  edit-metadata: 1.5583636313676834
  landing: 0.9868809878826141
  view-data: 3.4070668630301952
