times:
  edit-metadata: 1.385723615065217
  landing: 0.943810828961432
  view-data: 3.3708416782319546
