times:
  edit-metadata: 1.359474316239357
  landing: 0.8594594672322273
  view-data: 3.318423680961132
