times:
  edit-metadata: 1.7043714225292206
  landing: 1.0078285560011864
  view-data: 0.8851089980453253
