times:
  edit-metadata: 1.4727112501859665
  landing: 0.8941370435059071
  view-data: 3.336319752037525
