times:
  edit-metadata: 1.3762100748717785
  landing: 0.9406765922904015
  view-data: 3.5583837777376175
