times:
  edit-metadata: 1.5548922419548035
  landing: 1.024263259023428
  view-data: 3.3518238440155983
