times:
  edit-metadata: 1.5212285220623016
  landing: 0.9471722319722176
  view-data: 3.504083104431629
