times:
  edit-metadata: 1.549709104001522
  landing: 0.9046857208013535
  view-data: 3.384000774472952
