times:
  edit-metadata: 1.6321580335497856
  landing: 1.0127997174859047
  view-data: 3.325464230030775
