times:
  edit-metadata: 1.7215385832823813
  landing: 1.0642536180093884
  view-data: 3.3132462482899427
