times:
  edit-metadata: 1.6186799854040146
  landing: 1.0844484940171242
  view-data: 3.349267855286598
