times:
  edit-metadata: 1.5048957020044327
  landing: 0.8271401952952147
  view-data: 3.3961206320673227
