times:
  edit-metadata: 1.8305518496781588
  landing: 1.068735858425498
  view-data: 3.4045719169080257
