times:
  edit-metadata: 1.6183695755898952
  landing: 1.002753622829914
  view-data: 3.385728407651186
