times:
  edit-metadata: 1.5384461767971516
  landing: 0.893025666475296
  view-data: 0.7242359984666109
