times:
  edit-metadata: 1.3517134170979261
  landing: 0.9398657036945224
  view-data: 3.389355775900185
