times:
  edit-metadata: 1.606852326542139
  landing: 0.8575115986168385
  view-data: 0.6585579756647348
