times:
  edit-metadata: 2.2146602012217045
  landing: 1.6384694464504719
  view-data: 3.6880890410393476
