times:
  edit-metadata: 1.5199464596807957
  landing: 0.8108718730509281
  view-data: 3.4275259636342525
