times:
  edit-metadata: 1.5248042847961187
  landing: 0.8451316319406033
  view-data: 0.6288958415389061
