times:
  edit-metadata: 1.5156122744083405
  landing: 0.8453837279230356
  view-data: 0.7383528035134077
