times:
  edit-metadata: 1.5162164643406868
  landing: 0.9469001889228821
  view-data: 3.3587780818343163
