times:
  edit-metadata: 1.3690988719463348
  landing: 0.9622609037905931
  view-data: 0.6286133378744125
