times:
  edit-metadata: 1.3793195290490985
  landing: 0.8101420402526855
  view-data: 0.6427619680762291
