times:
  edit-metadata: 1.538778057321906
  landing: 0.774623166769743
  view-data: 3.407800843939185
