times:
  edit-metadata: 1.502675924450159
  landing: 1.04380426928401
  view-data: 3.449187073856592
