times:
  edit-metadata: 1.4421519413590431
  landing: 1.014411248266697
  view-data: 3.3015315532684326
