times:
  edit-metadata: 1.550863073207438
  landing: 0.8782946923747659
  view-data: 0.5794088700786233
