times:
  edit-metadata: 1.541369255632162
  landing: 1.0498731471598148
  view-data: 3.3867232650518417
