times:
  edit-metadata: 3.490482789464295
  landing: 1.0549289211630821
  view-data: 3.69746816996485
