times:
  edit-metadata: 1.5747798178344965
  landing: 0.8801182527095079
  view-data: 0.5985989179462194
