times:
  edit-metadata: 1.4051706083118916
  landing: 1.0180749595165253
  view-data: 3.395507998764515
