times:
  edit-metadata: 1.482340456917882
  landing: 0.9923943169414997
  view-data: 3.3558216150850058
