times:
  edit-metadata: 1.4416854456067085
  landing: 0.9707755073904991
  view-data: 3.3100353591144085
