times:
  edit-metadata: 1.6044224090874195
  landing: 1.2859611921012402
  view-data: 3.368169378489256
