times:
  edit-metadata: 1.4163389075547457
  landing: 0.9157211165875196
  view-data: 0.6249443255364895
