times:
  edit-metadata: 1.5768136717379093
  landing: 0.8902402743697166
  view-data: 3.40651773288846
