times:
  edit-metadata: 1.4213609658181667
  landing: 0.852314580231905
  view-data: 3.228622954338789
