times:
  edit-metadata: 2.4210707899183035
  landing: 1.4579182546585798
  view-data: 3.601123657077551
