times:
  edit-metadata: 1.515145244076848
  landing: 0.8273687195032835
  view-data: 0.7858490161597729
