times:
  edit-metadata: 1.8159370254725218
  landing: 0.9121873434633017
  view-data: 0.6072677280753851
