times:
  edit-metadata: 1.5350563749670982
  landing: 0.817021656781435
  view-data: 3.3986958526074886
