times:
  edit-metadata: 1.478730740956962
  landing: 0.8961659027263522
  view-data: 0.6203867485746741
