times:
  edit-metadata: 1.515772208571434
  landing: 0.9808250721544027
  view-data: 3.3022664804011583
