times:
  edit-metadata: 1.5494949454441667
  landing: 0.8680941732600331
  view-data: 0.8278275793418288
