times:
  edit-metadata: 1.7412137277424335
  landing: 1.0132661797106266
  view-data: 3.3325502276420593
