times:
  edit-metadata: 1.53190603479743
  landing: 0.8611773680895567
  view-data: 3.4285547137260437
