times:
  edit-metadata: 1.6603590669110417
  landing: 0.9796447046101093
  view-data: 0.5732969846576452
