times:
  edit-metadata: 1.4268284179270267
  landing: 1.0125636756420135
  view-data: 3.343329332768917
