times:
  edit-metadata: 1.4826087383553386
  landing: 0.9401162825524807
  view-data: 0.7180383494123816
