times:
  edit-metadata: 1.4854995794594288
  landing: 0.753777090460062
  view-data: 0.5487351194024086
