times:
  edit-metadata: 1.6825214885175228
  landing: 1.0092047564685345
  view-data: 3.3411077819764614
