times:
  edit-metadata: 1.5425123497843742
  landing: 0.8959268108010292
  view-data: 3.398432105779648
