times:
  edit-metadata: 1.4690164849162102
  landing: 0.8858489040285349
  view-data: 3.369714017957449
