times:
  edit-metadata: 1.7358279451727867
  landing: 1.166000872850418
  view-data: 3.5367018431425095
