times:
  edit-metadata: 1.7532222121953964
  landing: 0.9094511987641454
  view-data: 0.5549911335110664
