times:
  edit-metadata: 1.4730546548962593
  landing: 0.8926099129021168
  view-data: 0.5772283934056759
