times:
  edit-metadata: 1.495319128036499
  landing: 0.8298359103500843
  view-data: 3.380995975807309
