times:
  edit-metadata: 1.4978768527507782
  landing: 1.0025084502995014
  view-data: 3.3708828762173653
