times:
  edit-metadata: 1.6125518828630447
  landing: 1.013029409572482
  view-data: 3.3460079226642847
