times:
  edit-metadata: 1.3801920749247074
  landing: 0.8250443832948804
  view-data: 0.5397737314924598
