times:
  edit-metadata: 1.3594792690128088
  landing: 0.8874784717336297
  view-data: 3.3971499605104327
