times:
  edit-metadata: 1.5060016922652721
  landing: 0.7931547332555056
  view-data: 3.374705484136939
