times:
  edit-metadata: 1.5773083344101906
  landing: 0.909527450799942
  view-data: 3.4415659308433533
