times:
  edit-metadata: 1.7931236494332552
  landing: 1.0060395458713174
  view-data: 3.3586220424622297
