times:
  edit-metadata: 1.6580341905355453
  landing: 1.0317621231079102
  view-data: 3.434471718966961
