times:
  edit-metadata: 1.5258977338671684
  landing: 1.0329076275229454
  view-data: 3.3896704725921154
