times:
  edit-metadata: 1.5285962391644716
  landing: 0.7671138681471348
  view-data: 0.6886206082999706
