times:
  edit-metadata: 1.701921010389924
  landing: 1.0389199629426003
  view-data: 3.3806288558989763
