times:
  edit-metadata: 1.3390508382581174
  landing: 0.9018413969315588
  view-data: 0.7460929900407791
