times:
  edit-metadata: 1.3050688114017248
  landing: 0.6655729934573174
  view-data: 3.35967536829412
