times:
  edit-metadata: 1.445717915892601
  landing: 0.9946802072227001
  view-data: 3.4023112431168556
