times:
  edit-metadata: 1.5179317817091942
  landing: 1.0304502993822098
  view-data: 3.362809330224991
