times:
  edit-metadata: 1.529856177046895
  landing: 0.8203846514225006
  view-data: 0.6844179723411798
