times:
  edit-metadata: 1.4279265068471432
  landing: 0.9353179223835468
  view-data: 3.326056256890297
