times:
  edit-metadata: 2.714241337031126
  landing: 1.4346768744289875
  view-data: 3.555367436259985
