times:
  edit-metadata: 1.7559900637716055
  landing: 1.1049792151898146
  view-data: 3.5795863326638937
