times:
  edit-metadata: 1.6645293720066547
  landing: 0.9240923095494509
  view-data: 3.4481238229200244
