times:
  edit-metadata: 1.770069930702448
  landing: 0.9813821893185377
  view-data: 3.336070040240884
