times:
  edit-metadata: 1.5250208396464586
  landing: 0.9177089035511017
  view-data: 0.6507830079644918
