times:
  edit-metadata: 1.5120084676891565
  landing: 0.8461063597351313
  view-data: 3.3951151594519615
