times:
  edit-metadata: 1.7062573470175266
  landing: 1.0592756196856499
  view-data: 3.345276940613985
