times:
  edit-metadata: 1.4627205468714237
  landing: 0.8870967272669077
  view-data: 0.547977676615119
