times:
  edit-metadata: 2.396678674966097
  landing: 1.5356782767921686
  view-data: 3.5451394747942686
