times:
  edit-metadata: 1.415879551321268
  landing: 0.7508663330227137
  view-data: 0.5154043734073639
