times:
  edit-metadata: 1.5596154648810625
  landing: 0.861524011939764
  view-data: 3.407454563304782
