times:
  edit-metadata: 1.4707357622683048
  landing: 0.9102839156985283
  view-data: 3.3048467598855495
