times:
  edit-metadata: 1.4745410243049264
  landing: 1.0900329276919365
  view-data: 3.3634814331308007
