times:
  edit-metadata: 1.4246413186192513
  landing: 0.8905341736972332
  view-data: 3.3614907562732697
