times:
  edit-metadata: 1.4137541959062219
  landing: 0.968625545501709
  view-data: 3.368385775014758
