times:
  edit-metadata: 1.4203514009714127
  landing: 0.7008916772902012
  view-data: 0.6079391445964575
