times:
  edit-metadata: 1.4209274630993605
  landing: 0.8367454460822046
  view-data: 0.6293403748422861
