times:
  edit-metadata: 1.459429981186986
  landing: 0.8765553832054138
  view-data: 0.6034931465983391
