times:
  edit-metadata: 1.3598980400711298
  landing: 0.7241446822881699
  view-data: 0.5781778693199158
