times:
  edit-metadata: 1.5672627538442612
  landing: 0.9523756820708513
  view-data: 3.3762712003663182
