times:
  edit-metadata: 1.6131701320409775
  landing: 0.8395990692079067
  view-data: 3.407015174627304
