times:
  edit-metadata: 1.5674746930599213
  landing: 1.0909673795104027
  view-data: 3.338919274508953
