times:
  edit-metadata: 1.4773146621882915
  landing: 0.7986678443849087
  view-data: 0.6095871217548847
