times:
  edit-metadata: 1.6771550308912992
  landing: 0.9553753677755594
  view-data: 0.5984903201460838
