times:
  edit-metadata: 2.0997872576117516
  landing: 1.1442552413791418
  view-data: 3.4939999915659428
