times:
  edit-metadata: 1.509147197008133
  landing: 0.9764412045478821
  view-data: 3.3578818179666996
