times:
  edit-metadata: 1.3642895640805364
  landing: 0.861541714053601
  view-data: 3.3294915701262653
