times:
  edit-metadata: 1.5239592678844929
  landing: 0.9246785342693329
  view-data: 0.6521887909621
