times:
  edit-metadata: 1.450810220092535
  landing: 0.7891357056796551
  view-data: 3.327058579772711
