times:
  edit-metadata: 3.776062425225973
  landing: 2.03274904191494
  view-data: 3.923216249793768
