times:
  edit-metadata: 2.6027304977178574
  landing: 1.5284624183550477
  view-data: 3.6516652358695865
