times:
  edit-metadata: 1.5222254768013954
  landing: 0.94332405179739
  view-data: 0.7746688406914473
