times:
  edit-metadata: 1.6456071473658085
  landing: 0.8492886312305927
  view-data: 3.473296768963337
