times:
  edit-metadata: 1.352030374109745
  landing: 0.8489723093807697
  view-data: 3.3010295890271664
