times:
  edit-metadata: 1.5825535282492638
  landing: 0.964141484349966
  view-data: 3.3535386212170124
