times:
  edit-metadata: 1.5301010478287935
  landing: 0.8397999629378319
  view-data: 3.3495243471115828
