times:
  edit-metadata: 1.6174744069576263
  landing: 1.0695334635674953
  view-data: 3.448563691228628
