times:
  edit-metadata: 2.104880966246128
  landing: 1.8646025657653809
  view-data: 3.7212678007781506
