times:
  edit-metadata: 2.0178754152730107
  landing: 1.024816732853651
  view-data: 3.4073333982378244
