times:
  edit-metadata: 1.5197661183774471
  landing: 0.9337893649935722
  view-data: 3.3974882438778877
