times:
  edit-metadata: 1.6278948225080967
  landing: 0.9424963537603617
  view-data: 3.417270263656974
