times:
  edit-metadata: 1.4155085049569607
  landing: 0.8861091323196888
  view-data: 3.3163071759045124
