times:
  edit-metadata: 1.5127943959087133
  landing: 0.8513669315725565
  view-data: 0.6082315035164356
