times:
  edit-metadata: 2.616411715745926
  landing: 1.4406125247478485
  view-data: 3.4104003570973873
