times:
  edit-metadata: 1.531049970537424
  landing: 0.8527638465166092
  view-data: 3.4299402199685574
