times:
  edit-metadata: 1.452334150671959
  landing: 1.2139811180531979
  view-data: 3.325762413442135
