times:
  edit-metadata: 1.5115703977644444
  landing: 1.0051023848354816
  view-data: 3.331082161515951
