times:
  edit-metadata: 1.5326813161373138
  landing: 0.9918683990836143
  view-data: 3.3585598319768906
