times:
  edit-metadata: 1.4470757390372455
  landing: 0.9079032251611352
  view-data: 3.3833178938366473
