times:
  edit-metadata: 1.3963320087641478
  landing: 0.7608509156852961
  view-data: 0.5978357512503862
