times:
  edit-metadata: 1.4681406412273645
  landing: 0.7564705144613981
  view-data: 0.6059955339878798
