times:
  edit-metadata: 1.89779032766819
  landing: 1.195528145879507
  view-data: 3.376813903450966
