times:
  edit-metadata: 1.5068394672125578
  landing: 0.8440854530781507
  view-data: 3.3619261998683214
