times:
  edit-metadata: 1.7475438602268696
  landing: 1.0851896405220032
  view-data: 3.411735836416483
