times:
  edit-metadata: 1.3728024084120989
  landing: 0.9571952112019062
  view-data: 3.373028412461281
