times:
  edit-metadata: 1.5196447242051363
  landing: 0.895671971142292
  view-data: 3.3816053718328476
