times:
  edit-metadata: 1.4057750776410103
  landing: 0.9306245697662234
  view-data: 0.7153636487200856
