times:
  edit-metadata: 1.5066231098026037
  landing: 0.9187832996249199
  view-data: 0.8579593058675528
