times:
  edit-metadata: 1.6259708888828754
  landing: 1.11361550912261
  view-data: 3.3537370190024376
