times:
  edit-metadata: 1.4347970858216286
  landing: 1.0272471606731415
  view-data: 3.351409249007702
