times:
  edit-metadata: 1.5153928808867931
  landing: 0.8699757549911737
  view-data: 0.6988555137068033
