times:
  edit-metadata: 1.4375445516780019
  landing: 0.8817455405369401
  view-data: 0.6212671454995871
