times:
  edit-metadata: 1.653575275093317
  landing: 1.3992333188652992
  view-data: 3.4306878857314587
