times:
  edit-metadata: 1.531669158488512
  landing: 0.8054380211979151
  view-data: 0.6955231614410877
