times:
  edit-metadata: 1.8614661199972034
  landing: 0.9561297819018364
  view-data: 3.3729729168117046
