times:
  edit-metadata: 1.5206988472491503
  landing: 0.8464970327913761
  view-data: 0.6154845412820578
