times:
  edit-metadata: 1.9128922186791897
  landing: 1.1912861727178097
  view-data: 3.574525088071823
