times:
  edit-metadata: 1.3567639887332916
  landing: 0.8723631920292974
  view-data: 0.6805023541674018
