times:
  edit-metadata: 1.5622623320668936
  landing: 0.8517539147287607
  view-data: 0.6720074247568846
