times:
  edit-metadata: 1.3652943391352892
  landing: 1.005463320761919
  view-data: 3.286401253193617
