times:
  edit-metadata: 1.4541013538837433
  landing: 0.9345736764371395
  view-data: 3.4179951436817646
