times:
  edit-metadata: 1.612550288438797
  landing: 0.8724674805998802
  view-data: 3.464540360495448
