times:
  edit-metadata: 1.4240587130188942
  landing: 0.765289630740881
  view-data: 3.3791076242923737
