times:
  edit-metadata: 1.4257850833237171
  landing: 0.7619128376245499
  view-data: 3.39344035461545
