times:
  edit-metadata: 1.3626252859830856
  landing: 0.726589985191822
  view-data: 3.3819913491606712
