times:
  edit-metadata: 1.6485745459794998
  landing: 0.7936068698763847
  view-data: 3.536012716591358
