times:
  edit-metadata: 1.528466247022152
  landing: 0.8559266775846481
  view-data: 3.5513999313116074
