times:
  edit-metadata: 1.45170509070158
  landing: 0.7798147425055504
  view-data: 3.403017945587635
