times:
  edit-metadata: 1.511044703423977
  landing: 0.8097329437732697
  view-data: 3.34667831659317
