times:
  edit-metadata: 1.5385032407939434
  landing: 0.8005048371851444
  view-data: 3.2895508259534836
