times:
  edit-metadata: 1.807043932378292
  landing: 0.7242828011512756
  view-data: 3.5134186893701553
