times:
  edit-metadata: 1.7250485122203827
  landing: 0.9399154931306839
  view-data: 3.779806710779667
