times:
  edit-metadata: 1.5608810409903526
  landing: 0.7589910551905632
  view-data: 3.5093125104904175
