times:
  edit-metadata: 2.135136615484953
  landing: 1.5506944730877876
  view-data: 3.4462068751454353
