times:
  edit-metadata: 1.7278937846422195
  landing: 1.2536063715815544
  view-data: 3.465448573231697
