times:
  edit-metadata: 1.3831955194473267
  landing: 0.7408814430236816
  view-data: 3.5718152299523354
