times:
  edit-metadata: 1.5817744471132755
  landing: 0.8539819084107876
  view-data: 3.301024954766035
