times:
  edit-metadata: 1.4041436463594437
  landing: 0.6967422291636467
  view-data: 3.428149126470089
