times:
  edit-metadata: 1.3415046408772469
  landing: 0.7863846346735954
  view-data: 3.434440940618515
