times:
  edit-metadata: 1.4349128901958466
  landing: 0.7361293360590935
  view-data: 3.4885286763310432
