times:
  edit-metadata: 2.485848881304264
  landing: 1.3942398577928543
  view-data: 3.515670418739319
