times:
  edit-metadata: 1.8479143604636192
  landing: 1.0609674826264381
  view-data: 3.374926120042801
