times:
  edit-metadata: 1.5376645810902119
  landing: 0.8301964960992336
  view-data: 3.345571719110012
