times:
  edit-metadata: 1.5385689102113247
  landing: 0.8485656343400478
  view-data: 3.316283456981182
