times:
  edit-metadata: 1.4217994064092636
  landing: 0.7586763575673103
  view-data: 3.466172620654106
