times:
  edit-metadata: 1.454732432961464
  landing: 0.7024046406149864
  view-data: 3.4027923196554184
