times:
  edit-metadata: 1.4404744543135166
  landing: 0.9970523901283741
  view-data: 3.361996326595545
