times:
  edit-metadata: 1.4021622240543365
  landing: 0.7055499404668808
  view-data: 3.442971393465996
