times:
  edit-metadata: 1.3789756335318089
  landing: 0.6736682616174221
  view-data: 3.2515290305018425
