times:
  edit-metadata: 1.6485870219767094
  landing: 0.8917195722460747
  view-data: 3.3424827717244625
