times:
  edit-metadata: 1.4374350309371948
  landing: 0.774698942899704
  view-data: 3.498843662440777
