times:
  edit-metadata: 1.4155573323369026
  landing: 0.6693639978766441
  view-data: 3.3880767449736595
