times:
  edit-metadata: 1.4271180629730225
  landing: 0.7873218953609467
  view-data: 3.3193199783563614
