times:
  edit-metadata: 1.4088930636644363
  landing: 0.88543950766325
  view-data: 3.401245728135109
