times:
  edit-metadata: 1.4579413272440434
  landing: 0.7289926037192345
  view-data: 3.3411717787384987
