times:
  edit-metadata: 1.5372253879904747
  landing: 0.7691159099340439
  view-data: 3.3616795130074024
