times:
  edit-metadata: 1.4063307270407677
  landing: 0.6985662207007408
  view-data: 3.410060577094555
