times:
  edit-metadata: 1.9093806147575378
  landing: 1.4035429060459137
  view-data: 3.525075264275074
