times:
  edit-metadata: 1.4210582077503204
  landing: 0.747725173830986
  view-data: 3.494377590715885
