times:
  edit-metadata: 1.5204993076622486
  landing: 0.8138786666095257
  view-data: 3.353565488010645
