times:
  edit-metadata: 1.371529445052147
  landing: 0.7218621969223022
  view-data: 3.2565587535500526
