times:
  edit-metadata: 1.4246679246425629
  landing: 0.7650029882788658
  view-data: 3.4078670516610146
