times:
  edit-metadata: 1.5006310120224953
  landing: 0.7900462374091148
  view-data: 3.383054628968239
