times:
  edit-metadata: 1.3736867308616638
  landing: 0.8682662099599838
  view-data: 3.3242944926023483
