times:
  edit-metadata: 2.0223762914538383
  landing: 1.0445088110864162
  view-data: 3.5084784738719463
