times:
  edit-metadata: 1.3827370963990688
  landing: 0.7790291905403137
  view-data: 3.307362124323845
