times:
  edit-metadata: 1.4209128767251968
  landing: 0.7626170217990875
  view-data: 3.4545320570468903
