times:
  edit-metadata: 1.6715881749987602
  landing: 0.8542742058634758
  view-data: 3.5158535167574883
