times:
  edit-metadata: 1.3413840532302856
  landing: 0.795144833624363
  view-data: 3.517844282090664
