times:
  edit-metadata: 1.4115105643868446
  landing: 0.7606058903038502
  view-data: 3.35118979588151
