times:
  edit-metadata: 1.496155634522438
  landing: 0.7244742438197136
  view-data: 3.3539704009890556
