times:
  edit-metadata: 1.5499538406729698
  landing: 0.8132559880614281
  view-data: 3.438677228987217
