times:
  edit-metadata: 1.4299708493053913
  landing: 0.7616103291511536
  view-data: 3.2997962422668934
