times:
  edit-metadata: 1.3388147354125977
  landing: 0.7872674465179443
  view-data: 3.37001833319664
