times:
  edit-metadata: 1.3713916391134262
  landing: 0.7932059094309807
  view-data: 3.4479590132832527
