times:
  edit-metadata: 1.4314728826284409
  landing: 0.7973728850483894
  view-data: 3.392186149954796
