times:
  edit-metadata: 1.4080700166523457
  landing: 0.7428667061030865
  view-data: 3.271473802626133
