times:
  edit-metadata: 1.456136018037796
  landing: 0.7690873071551323
  view-data: 3.2744309157133102
