times:
  edit-metadata: 1.5334840938448906
  landing: 0.7715041637420654
  view-data: 3.4252959638834
