times:
  edit-metadata: 1.4051384553313255
  landing: 0.7544713094830513
  view-data: 3.321863040328026
