times:
  edit-metadata: 1.5192555412650108
  landing: 1.0911413058638573
  view-data: 3.5260362699627876
