times:
  edit-metadata: 1.5438767448067665
  landing: 0.8142263442277908
  view-data: 3.4506465196609497
