times:
  edit-metadata: 1.4547161869704723
  landing: 0.8568211421370506
  view-data: 3.344248279929161
