times:
  edit-metadata: 1.4236381500959396
  landing: 0.8044828251004219
  view-data: 3.310583807528019
