times:
  edit-metadata: 1.502398855984211
  landing: 0.7464154958724976
  view-data: 3.481637589633465
