times:
  edit-metadata: 1.5167908743023872
  landing: 0.900222472846508
  view-data: 3.3290669582784176
