times:
  edit-metadata: 1.446250755339861
  landing: 0.7922234646975994
  view-data: 3.408294040709734
