times:
  edit-metadata: 1.5613751858472824
  landing: 1.2321471199393272
  view-data: 3.6610997915267944
