times:
  edit-metadata: 1.4284438416361809
  landing: 0.7775727473199368
  view-data: 3.297119040042162
