times:
  edit-metadata: 1.4973053261637688
  landing: 0.7141662463545799
  view-data: 3.4662230983376503
