times:
  edit-metadata: 1.5131062716245651
  landing: 0.8498022109270096
  view-data: 3.300996407866478
