times:
  edit-metadata: 1.3951876983046532
  landing: 0.7733003720641136
  view-data: 3.4635333865880966
