times:
  edit-metadata: 1.367867849767208
  landing: 0.719473198056221
  view-data: 3.2988399229943752
