times:
  edit-metadata: 1.457553043961525
  landing: 0.7877341285347939
  view-data: 3.4841930642724037
