times:
  edit-metadata: 1.5199641548097134
  landing: 0.7054780833423138
  view-data: 3.307113651186228
