times:
  edit-metadata: 1.3584766536951065
  landing: 0.7506981715559959
  view-data: 3.4362520575523376
