times:
  edit-metadata: 1.385674461722374
  landing: 0.7929579764604568
  view-data: 3.4317484572529793
