times:
  edit-metadata: 1.3916290327906609
  landing: 1.0121594294905663
  view-data: 3.4864951744675636
