times:
  edit-metadata: 1.4113271199166775
  landing: 0.8236929960548878
  view-data: 3.405989855527878
