times:
  edit-metadata: 1.3445545062422752
  landing: 0.6952865496277809
  view-data: 3.520097330212593
