times:
  edit-metadata: 1.5349456146359444
  landing: 0.7954045087099075
  view-data: 3.3523169234395027
