times:
  edit-metadata: 1.8448636382818222
  landing: 1.1913368552923203
  view-data: 3.5042842403054237
