times:
  edit-metadata: 1.4722468629479408
  landing: 0.7739965841174126
  view-data: 3.3296845108270645
