times:
  edit-metadata: 1.4852622002363205
  landing: 0.8154693618416786
  view-data: 3.2913053035736084
