times:
  edit-metadata: 1.4502301663160324
  landing: 0.7493063136935234
  view-data: 3.456289067864418
