times:
  edit-metadata: 1.3736245855689049
  landing: 0.6951152011752129
  view-data: 3.3014106824994087
