times:
  edit-metadata: 1.3781082704663277
  landing: 0.7749234810471535
  view-data: 3.4678153917193413
