times:
  edit-metadata: 1.6303742863237858
  landing: 1.018830083310604
  view-data: 3.4907175712287426
