times:
  edit-metadata: 1.394000194966793
  landing: 0.7668655440211296
  view-data: 3.509624443948269
