times:
  edit-metadata: 1.4452553912997246
  landing: 0.7547452598810196
  view-data: 3.4535716250538826
