times:
  edit-metadata: 1.4284727275371552
  landing: 0.7356558218598366
  view-data: 3.427682839334011
