times:
  edit-metadata: 1.4148157574236393
  landing: 0.7923131063580513
  view-data: 3.3319311141967773
