times:
  edit-metadata: 1.4554855823516846
  landing: 0.7619826346635818
  view-data: 3.275777578353882
