times:
  edit-metadata: 1.376656413078308
  landing: 0.761321984231472
  view-data: 3.4673964381217957
