times:
  edit-metadata: 1.4694209434092045
  landing: 0.7870685048401356
  view-data: 3.308747962117195
