times:
  edit-metadata: 1.8761448487639427
  landing: 1.0078095085918903
  view-data: 3.3948280103504658
