times:
  edit-metadata: 1.1876865029335022
  landing: 0.7783791571855545
  view-data: 3.4923755303025246
