times:
  edit-metadata: 1.5440811812877655
  landing: 0.7780369445681572
  view-data: 3.387957312166691
