times:
  edit-metadata: 1.3790188804268837
  landing: 0.8616855442523956
  view-data: 3.4483951777219772
