times:
  edit-metadata: 1.416177362203598
  landing: 0.9504567012190819
  view-data: 3.32276726141572
