times:
  edit-metadata: 1.3821407929062843
  landing: 0.7138667330145836
  view-data: 3.3072215244174004
