times:
  edit-metadata: 1.6443459168076515
  landing: 0.9736392870545387
  view-data: 3.360171813517809
