times:
  edit-metadata: 1.3549170345067978
  landing: 0.7265744581818581
  view-data: 3.528007835149765
