times:
  edit-metadata: 1.727063812315464
  landing: 0.8742650300264359
  view-data: 3.54153486341238
