times:
  edit-metadata: 1.415289729833603
  landing: 0.7316465452313423
  view-data: 3.4318627268075943
