times:
  edit-metadata: 1.5477826744318008
  landing: 0.8584601432085037
  view-data: 3.569902651011944
