times:
  edit-metadata: 1.655866153538227
  landing: 0.7879977896809578
  view-data: 3.4342555552721024
