times:
  edit-metadata: 1.349227450788021
  landing: 0.6936080008745193
  view-data: 3.4672929868102074
