times:
  edit-metadata: 1.833602324128151
  landing: 0.9647992663085461
  view-data: 3.3688626289367676
