times:
  edit-metadata: 1.4302566945552826
  landing: 0.8745460361242294
  view-data: 3.337668102234602
