times:
  edit-metadata: 1.3444737941026688
  landing: 0.7529331669211388
  view-data: 3.472819857299328
