times:
  edit-metadata: 1.4630873054265976
  landing: 0.7698340341448784
  view-data: 3.4767357259988785
