times:
  edit-metadata: 1.432133823633194
  landing: 0.7455377131700516
  view-data: 3.3729736506938934
