times:
  edit-metadata: 1.4834610410034657
  landing: 0.8393780738115311
  view-data: 3.2534030750393867
