times:
  edit-metadata: 1.960269808769226
  landing: 1.280586950480938
  view-data: 3.485882043838501
