times:
  edit-metadata: 1.3503964692354202
  landing: 0.730112686753273
  view-data: 3.4158394634723663
