times:
  edit-metadata: 1.3738138899207115
  landing: 0.6981090754270554
  view-data: 3.463153950870037
