times:
  edit-metadata: 1.4386291205883026
  landing: 0.7453859597444534
  view-data: 3.431090369820595
