times:
  edit-metadata: 1.5105351507663727
  landing: 0.7417233511805534
  view-data: 3.2991518266499043
