times:
  edit-metadata: 1.9212178140878677
  landing: 1.1210077293217182
  view-data: 3.5395262241363525
