times:
  edit-metadata: 1.4163715466856956
  landing: 0.7815766930580139
  view-data: 3.42170313000679
