times:
  edit-metadata: 1.3988516479730606
  landing: 0.7172604762017727
  view-data: 3.29644987359643
