times:
  edit-metadata: 1.3458282127976418
  landing: 0.7521179169416428
  view-data: 3.4963091388344765
