times:
  edit-metadata: 1.395711474120617
  landing: 0.7631343975663185
  view-data: 3.562015362083912
