times:
  edit-metadata: 1.4304733723402023
  landing: 0.7433646693825722
  view-data: 3.473803788423538
