times:
  edit-metadata: 1.4064253643155098
  landing: 0.7864573895931244
  view-data: 3.4553358256816864
