times:
  edit-metadata: 1.3856958970427513
  landing: 0.7357521131634712
  view-data: 3.275206081569195
