times:
  edit-metadata: 1.3573903888463974
  landing: 0.695407897233963
  view-data: 3.3711133003234863
