times:
  edit-metadata: 1.480651631951332
  landing: 0.7097340300679207
  view-data: 3.5369474813342094
