times:
  edit-metadata: 1.8403636924922466
  landing: 0.9724142402410507
  view-data: 3.46267206966877
