times:
  edit-metadata: 1.6428173519670963
  landing: 1.221571009606123
  view-data: 3.376593165099621
