times:
  edit-metadata: 1.4821055047214031
  landing: 0.8542126342654228
  view-data: 3.324371449649334
