times:
  edit-metadata: 1.3618905544281006
  landing: 1.1252150982618332
  view-data: 3.6997502744197845
