times:
  edit-metadata: 1.7034471333026886
  landing: 0.8211215957999229
  view-data: 3.401352681219578
