times:
  edit-metadata: 1.8682025745511055
  landing: 0.797704704105854
  view-data: 3.4468176290392876
