times:
  edit-metadata: 1.3773767575621605
  landing: 0.7454742044210434
  view-data: 3.38911122828722
