times:
  edit-metadata: 1.088042475283146
  landing: 0.8323205634951591
  view-data: 3.4762915894389153
