times:
  edit-metadata: 1.4247972518205643
  landing: 0.7566996589303017
  view-data: 3.5146275013685226
