times:
  edit-metadata: 2.199299283325672
  landing: 1.2606865912675858
  view-data: 3.7840841934084892
