times:
  edit-metadata: 1.4930789731442928
  landing: 0.7849697396159172
  view-data: 3.3038943633437157
