times:
  edit-metadata: 2.9222970828413963
  landing: 1.8566338047385216
  view-data: 3.5279218405485153
