times:
  edit-metadata: 1.98634809628129
  landing: 0.7585267312824726
  view-data: 3.359881494194269
