times:
  edit-metadata: 1.7470395639538765
  landing: 0.8871731013059616
  view-data: 3.3283480405807495
