times:
  edit-metadata: 1.4098770394921303
  landing: 0.7628113850951195
  view-data: 3.4794728979468346
