times:
  edit-metadata: 1.7260624393820763
  landing: 1.360742811113596
  view-data: 3.554008159786463
