times:
  edit-metadata: 1.4407810866832733
  landing: 0.7594871371984482
  view-data: 3.3893190883100033
