times:
  edit-metadata: 1.3893269822001457
  landing: 0.817993026226759
  view-data: 3.3161461018025875
