times:
  edit-metadata: 1.554998554289341
  landing: 0.7625045701861382
  view-data: 3.4285698160529137
