times:
  edit-metadata: 1.4622353538870811
  landing: 0.7623094916343689
  view-data: 3.347306728363037
