times:
  edit-metadata: 1.4919342771172523
  landing: 0.8351863250136375
  view-data: 3.3431751653552055
