times:
  edit-metadata: 1.6617868766188622
  landing: 0.8454903922975063
  view-data: 3.4130527302622795
