times:
  edit-metadata: 1.4224369674921036
  landing: 0.7823558337986469
  view-data: 3.364443078637123
