times:
  edit-metadata: 2.0642647072672844
  landing: 1.0580015555024147
  view-data: 3.409145064651966
