times:
  edit-metadata: 1.5601532682776451
  landing: 0.7125388979911804
  view-data: 3.3426462411880493
