times:
  edit-metadata: 1.4517065733671188
  landing: 0.7221353650093079
  view-data: 3.496126227080822
