times:
  edit-metadata: 1.3834314942359924
  landing: 0.7111623361706734
  view-data: 3.4835604429244995
