times:
  edit-metadata: 1.448706142604351
  landing: 0.733501061797142
  view-data: 3.475221775472164
