times:
  edit-metadata: 1.4514713995158672
  landing: 0.7903659753501415
  view-data: 3.3811113238334656
