times:
  edit-metadata: 0.5270825610023167
  landing: 0.042127267999603646
  view-data: 0.19856238099964685
