times:
  edit-metadata: 1.5458229631185532
  landing: 0.7999043092131615
  view-data: 3.3965143375098705
