times:
  edit-metadata: 1.322676045820117
  landing: 0.020415088161826134
  view-data: 0.410424561239779
