times:
  edit-metadata: 0.4389452515169978
  landing: 0.04321011248975992
  view-data: 0.219444889575243
