times:
  edit-metadata: 1.4053586944937706
  landing: 0.8449411243200302
  view-data: 3.3409992158412933
