times:
  edit-metadata: 1.6279426915571094
  landing: 0.9670893279835582
  view-data: 3.3480861773714423
