times:
  edit-metadata: 1.3132391460239887
  landing: 0.018619081936776638
  view-data: 0.028254265896975994
