times:
  landing: 0.5505000839999639
  view-data: 0.5508875889999558
