times:
  edit-metadata: 1.5610152278095484
  landing: 0.8027544524520636
  view-data: 3.4589170776307583
