times:
  edit-metadata: 1.5032951729372144
  landing: 0.7509313211776316
  view-data: 3.360180506017059
