times:
  edit-metadata: 1.6772731691598892
  landing: 0.8069599717855453
  view-data: 3.450330648571253
