times:
  edit-metadata: 1.7041589990258217
  landing: 1.0226178467273712
  view-data: 3.346206873655319
