times:
  landing: 0.5471571970000184
  view-data: 0.5485732349999921
