times:
  edit-metadata: 0.4380340608768165
  landing: 0.05306911328807473
  view-data: 0.19468125887215137
