times:
  edit-metadata: 0.442259670002386
  landing: 0.06881159101612866
  view-data: 0.21076881000772119
