times:
  edit-metadata: 0.6197178809670731
  landing: 0.05259672994725406
  view-data: 0.20133854204323143
