times:
  edit-metadata: 1.754380276426673
  landing: 1.001426823437214
  view-data: 3.5382343139499426
