times:
  edit-metadata: 1.3659459557384253
  landing: 0.021116402931511402
  view-data: 0.12215505912899971
