times:
  edit-metadata: 0.5926478747278452
  landing: 0.057453280314803123
  view-data: 0.18946433812379837
