times:
  edit-metadata: 1.8486615642905235
  landing: 0.7484413012862206
  view-data: 3.356684036552906
