times:
  landing: 1.0682544150000126
  view-data: 0.5558377330000326
