times:
  edit-metadata: 1.526627141982317
  landing: 0.7848756574094296
  view-data: 3.2795468159019947
