times:
  edit-metadata: 1.368739990517497
  landing: 0.019024466164410114
  view-data: 0.02699210401624441
