times:
  edit-metadata: 0.5061400905251503
  landing: 0.5215573646128178
  view-data: 0.3038658779114485
