times:
  edit-metadata: 0.6056284289807081
  landing: 0.051037095952779055
  view-data: 0.2034971850225702
