times:
  edit-metadata: 0.5122483614832163
  landing: 0.4119163006544113
  view-data: 0.3442869633436203
