times:
  landing: 0.5612765960000274
  view-data: 0.5562581310000212
