times:
  edit-metadata: 1.5255144760012627
  landing: 0.746605884283781
  view-data: 3.3823155015707016
