times:
  edit-metadata: 0.5981293730146717
  landing: 0.042225230979966
  view-data: 0.1864164040016476
