times:
  edit-metadata: 1.9396679066121578
  landing: 0.9616478569805622
  view-data: 3.4649671837687492
