times:
  edit-metadata: 0.43300833366811275
  landing: 0.044347760267555714
  view-data: 0.21055496018379927
