times:
  landing: 0.554327164
  view-data: 0.5624556710000093
