times:
  landing: 0.5519909759999564
  view-data: 0.5679524000000242
