times:
  edit-metadata: 1.560973096638918
  landing: 0.8945980742573738
  view-data: 3.399874383583665
