times:
  edit-metadata: 1.4672610240522772
  landing: 0.7330914051271975
  view-data: 3.374922423856333
