times:
  edit-metadata: 1.566409109160304
  landing: 0.7701290119439363
  view-data: 3.4373974576592445
