times:
  edit-metadata: 1.2863243389874697
  landing: 0.023214356042444706
  view-data: 0.09951355494558811
