times:
  edit-metadata: 1.2835959680378437
  landing: 0.020187554880976677
  view-data: 0.02443982195109129
