times:
  edit-metadata: 0.5211972147226334
  landing: 0.04966428503394127
  view-data: 0.2026258297264576
