times:
  edit-metadata: 0.544536131201312
  landing: 0.07425119588151574
  view-data: 0.22262032213620842
