times:
  landing: 0.550533353999981
  view-data: 0.5548829260001185
