times:
  edit-metadata: 1.3153355028480291
  landing: 0.020115179009735584
  view-data: 0.09902744088321924
