times:
  edit-metadata: 0.6244532580021769
  landing: 0.047465946059674025
  view-data: 0.20253204088658094
