times:
  edit-metadata: 0.43976446194574237
  landing: 0.04275688901543617
  view-data: 0.2151432540267706
