times:
  edit-metadata: 1.6808727346360683
  landing: 1.0825649537146091
  view-data: 3.3837369978427887
