times:
  landing: 0.5543647979999946
  view-data: 0.5577431390000243
