times:
  landing: 0.5787591350000412
  view-data: 0.5527781569999775
