times:
  edit-metadata: 1.5240706242620945
  landing: 0.7123832665383816
  view-data: 3.39379589445889
