times:
  edit-metadata: 0.8186129122041166
  landing: 0.051960482727736235
  view-data: 0.20503012277185917
