times:
  landing: 1.0732182799999919
  view-data: 0.5528358130000015
