times:
  edit-metadata: 0.44237834100204054
  landing: 0.04839976599760121
  view-data: 0.20688281700131483
