times:
  edit-metadata: 1.3338981438428164
  landing: 0.7039720304310322
  view-data: 3.314375877380371
