times:
  edit-metadata: 1.3100486984476447
  landing: 0.020981404930353165
  view-data: 0.023205112665891647
