times:
  edit-metadata: 0.5943120849551633
  landing: 0.04732575896196067
  view-data: 0.18917076801881194
