times:
  edit-metadata: 0.5190213170135394
  landing: 0.07653754903003573
  view-data: 0.2189039280056022
