times:
  edit-metadata: 0.5533304069977021
  landing: 0.07580587800475769
  view-data: 0.23952844100131188
