times:
  edit-metadata: 0.41994723305106163
  landing: 0.04287275392562151
  view-data: 0.19380935793742537
