times:
  edit-metadata: 1.5415975656360388
  landing: 0.753787936642766
  view-data: 3.432933695614338
