times:
  landing: 1.6590074710547924
  view-data: 0.030734600964933634
