times:
  edit-metadata: 1.3875665236264467
  landing: 0.20095709152519703
  view-data: 0.14432420022785664
