times:
  edit-metadata: 1.4633259190013632
  landing: 0.8103079830761999
  view-data: 3.37443808990065
