times:
  edit-metadata: 0.5747532120440155
  landing: 0.05254953901749104
  view-data: 0.19329008704517037
