times:
  edit-metadata: 0.6952077182941139
  landing: 0.045151700265705585
  view-data: 0.29526929929852486
