times:
  edit-metadata: 1.3763130214065313
  landing: 0.7528589554131031
  view-data: 3.3167433496564627
