times:
  edit-metadata: 0.6018795222043991
  landing: 0.051360948011279106
  view-data: 0.19110814901068807
