times:
  edit-metadata: 1.3677345160394907
  landing: 0.14968871884047985
  view-data: 0.02510797046124935
