times:
  edit-metadata: 0.5207146070897579
  landing: 0.051061897072941065
  view-data: 0.21479315916076303
