times:
  edit-metadata: 1.360571782104671
  landing: 0.019802918657660484
  view-data: 0.1521492237225175
