times:
  edit-metadata: 0.5504139848053455
  landing: 0.05987449735403061
  view-data: 0.1924074925482273
