times:
  edit-metadata: 1.354679960757494
  landing: 0.7241947203874588
  view-data: 3.318347617983818
