times:
  edit-metadata: 0.4546706599649042
  landing: 0.055188233964145184
  view-data: 0.2113746419781819
