times:
  edit-metadata: 0.44771883683279157
  landing: 0.047310864087194204
  view-data: 0.19578660000115633
