times:
  edit-metadata: 1.3129406655207276
  landing: 0.019111955538392067
  view-data: 0.10044042114168406
