times:
  edit-metadata: 0.4306714690756053
  landing: 0.06685293605551124
  view-data: 0.35300623695366085
