times:
  edit-metadata: 1.3658143747597933
  landing: 0.021290525794029236
  view-data: 0.12418397702276707
