times:
  edit-metadata: 0.5163854584097862
  landing: 0.04734748974442482
  view-data: 0.19727500528097153
