times:
  edit-metadata: 1.5671484842896461
  landing: 0.7591564152389765
  view-data: 3.399538841098547
