times:
  landing: 0.5529365929999983
  view-data: 0.5592343970000115
