times:
  landing: 1.0757187680000015
  view-data: 0.5574580310000101
