times:
  landing: 0.5470482949999678
  view-data: 0.5521965960000443
