times:
  edit-metadata: 1.3995605865493417
  landing: 0.21180077083408833
  view-data: 0.023073059506714344
