times:
  edit-metadata: 1.5479073375463486
  landing: 0.8727059811353683
  view-data: 3.406510643661022
