times:
  edit-metadata: 0.421013486047741
  landing: 0.07589034497505054
  view-data: 0.20475686097051948
