times:
  edit-metadata: 0.6070521539077163
  landing: 0.05917275999672711
  view-data: 0.1951599190942943
