times:
  edit-metadata: 0.45053784595802426
  landing: 0.05189033900387585
  view-data: 0.21158557408489287
