times:
  edit-metadata: 0.5349509509978816
  landing: 0.14741704100742936
  view-data: 0.20954392303247005
