times:
  edit-metadata: 0.5547606890031602
  landing: 0.06398068301496096
  view-data: 0.2306854909984395
