times:
  edit-metadata: 0.5411097519099712
  landing: 1.1309336964040995
  view-data: 0.30330988205969334
