times:
  edit-metadata: 0.4280474469996989
  landing: 0.07396652805618942
  view-data: 0.3434109480585903
