times:
  landing: 0.5499080879999951
  view-data: 0.5506886640000062
