times:
  landing: 1.0745227430000455
  view-data: 0.5495306580000374
