times:
  edit-metadata: 0.578250091522932
  landing: 0.5948992054909468
  view-data: 0.598607212305069
