times:
  edit-metadata: 0.663412326015532
  landing: 0.06250042491592467
  view-data: 0.21617698413319886
