times:
  landing: 1.6051456920000078
  view-data: 0.5597172460000479
