times:
  edit-metadata: 0.5295862480998039
  landing: 0.6267279740422964
  view-data: 0.3113388027995825
