times:
  edit-metadata: 1.5445130169391632
  landing: 0.9180269055068493
  view-data: 0.6645912937819958
