times:
  edit-metadata: 0.4436658686026931
  landing: 0.04533626418560743
  view-data: 0.20752986893057823
