times:
  edit-metadata: 1.3748512398451567
  landing: 0.7926594410091639
  view-data: 3.300316408276558
