times:
  edit-metadata: 1.3097907584160566
  landing: 0.01998151745647192
  view-data: 0.027233933098614216
