times:
  landing: 1.6498169059999555
  view-data: 0.5580100419999781
