times:
  edit-metadata: 0.418225672096014
  landing: 0.05273670423775911
  view-data: 0.19424109999090433
