times:
  edit-metadata: 1.3196479361504316
  landing: 0.01961144432425499
  view-data: 0.37146309949457645
