times:
  edit-metadata: 0.5672970227897167
  landing: 0.04599330201745033
  view-data: 0.19223980978131294
