times:
  edit-metadata: 0.43060287181288004
  landing: 0.052342165261507034
  view-data: 0.20327142160385847
