times:
  edit-metadata: 1.493336645886302
  landing: 0.8527339715510607
  view-data: 3.359888283535838
