times:
  edit-metadata: 1.3294860143214464
  landing: 0.19756007380783558
  view-data: 0.023755189031362534
