times:
  edit-metadata: 0.45589483715593815
  landing: 0.04852558299899101
  view-data: 0.21633173106238246
