times:
  edit-metadata: 0.5589706748723984
  landing: 0.06020532175898552
  view-data: 0.1837596818804741
