times:
  edit-metadata: 0.4338982659392059
  landing: 0.07150674611330032
  view-data: 0.21110637998208404
