times:
  edit-metadata: 0.452883118763566
  landing: 0.04207017878070474
  view-data: 0.21838881401345134
