times:
  edit-metadata: 1.4543807823210955
  landing: 0.20833476446568966
  view-data: 0.2536701112985611
