times:
  edit-metadata: 1.6363127809017897
  landing: 0.8666621875017881
  view-data: 3.4130932725965977
