times:
  edit-metadata: 1.271684036590159
  landing: 0.021103914827108383
  view-data: 0.12117269076406956
