times:
  landing: 0.5577492239999913
  view-data: 0.560525862999981
