times:
  edit-metadata: 0.5232589673250914
  landing: 0.5979280062019825
  view-data: 0.20249479450285435
