times:
  edit-metadata: 1.2875738823786378
  landing: 0.021667799912393093
  view-data: 0.1228408133611083
