times:
  landing: 0.5466341479999528
  view-data: 0.5515943460000017
