times:
  edit-metadata: 0.5205888524651527
  landing: 0.5831521116197109
  view-data: 0.5975121613591909
