times:
  edit-metadata: 1.3839437942951918
  landing: 0.7911203484982252
  view-data: 3.3497897777706385
