times:
  edit-metadata: 0.4631446890416555
  landing: 0.054804060026071966
  view-data: 0.21628758998122066
