times:
  edit-metadata: 0.5730966050177813
  landing: 0.6056164167821407
  view-data: 0.19560701586306095
