times:
  edit-metadata: 0.4195968289859593
  landing: 0.07255454297410324
  view-data: 0.23113483603810892
