times:
  edit-metadata: 1.3852060735225677
  landing: 0.026105068624019623
  view-data: 0.024287352338433266
