times:
  landing: 0.5589630099999567
  view-data: 0.5683130759999813
