times:
  edit-metadata: 0.4249438582919538
  landing: 0.047943104058504105
  view-data: 0.201600878033787
