times:
  edit-metadata: 1.4385553076863289
  landing: 0.18222821410745382
  view-data: 0.1392137473449111
