times:
  edit-metadata: 0.5458002053201199
  landing: 0.052999768406152725
  view-data: 0.19021884351968765
