times:
  edit-metadata: 0.4521615069825202
  landing: 0.04706205701222643
  view-data: 0.2069656149833463
