times:
  edit-metadata: 2.3258746284991503
  landing: 1.1516591627150774
  view-data: 3.544020705856383
