times:
  edit-metadata: 0.510948584000289
  landing: 0.07924623400003838
  view-data: 0.22277630000007775
