times:
  edit-metadata: 1.698284794576466
  landing: 0.13857269752770662
  view-data: 0.5009778346866369
