times:
  edit-metadata: 1.3341633956879377
  landing: 0.115446912124753
  view-data: 0.3221936672925949
