times:
  edit-metadata: 1.7090340433642268
  landing: 0.8758560358546674
  view-data: 3.447685681283474
