times:
  landing: 0.5496883929999967
  view-data: 0.5611186030000113
