times:
  edit-metadata: 0.4976938348263502
  landing: 0.8362575322389603
  view-data: 0.32094110175967216
