times:
  edit-metadata: 1.470297660678625
  landing: 0.8090036977082491
  view-data: 3.353111892938614
