times:
  landing: 1.0662211979999938
  view-data: 0.5465401019999945
