times:
  edit-metadata: 1.4291574954986572
  landing: 0.7222972232848406
  view-data: 3.4206600934267044
