times:
  edit-metadata: 0.6044898442924023
  landing: 0.7384019233286381
  view-data: 0.1936908159404993
