times:
  edit-metadata: 1.562843007966876
  landing: 0.7930393200367689
  view-data: 3.4030062779784203
