times:
  edit-metadata: 1.6016396526247263
  landing: 0.16193925589323044
  view-data: 0.6168228592723608
