times:
  edit-metadata: 0.5536320088431239
  landing: 0.06775162974372506
  view-data: 0.2060456108301878
