times:
  edit-metadata: 0.6577731030993164
  landing: 0.047015776857733727
  view-data: 0.18926467234268785
