times:
  edit-metadata: 1.307961598969996
  landing: 0.021945878863334656
  view-data: 0.41584685631096363
