times:
  edit-metadata: 0.48890344984829426
  landing: 1.1455795597285032
  view-data: 0.6000665500760078
