times:
  edit-metadata: 1.5489830486476421
  landing: 0.8301283605396748
  view-data: 3.3265261724591255
