times:
  edit-metadata: 0.5993522047065198
  landing: 0.05196941317990422
  view-data: 0.17846237309277058
