times:
  edit-metadata: 0.5877500079805031
  landing: 0.04986366495722905
  view-data: 0.1906119270133786
