times:
  landing: 0.5549923810000337
  view-data: 0.5566052279999667
