times:
  edit-metadata: 1.2920042630285025
  landing: 0.11394797917455435
  view-data: 0.02598659321665764
