times:
  edit-metadata: 0.6068592949886806
  landing: 0.07646620998275466
  view-data: 0.23104606501874514
