times:
  edit-metadata: 1.5679510086774826
  landing: 0.7445204295217991
  view-data: 3.3678204119205475
