times:
  edit-metadata: 0.5017609689384699
  landing: 0.740847023203969
  view-data: 0.21841594576835632
