times:
  edit-metadata: 1.4473208524286747
  landing: 0.2641908396035433
  view-data: 0.25756117329001427
