times:
  edit-metadata: 1.365183163434267
  landing: 0.021485669538378716
  view-data: 0.12498866580426693
