times:
  landing: 0.5507011819999548
  view-data: 0.5545263390000059
