times:
  edit-metadata: 0.6301463909912854
  landing: 0.04999607987701893
  view-data: 0.19588000210933387
