times:
  edit-metadata: 1.412443457171321
  landing: 0.023277603089809418
  view-data: 0.28271152824163437
