times:
  edit-metadata: 1.6787294782698154
  landing: 1.0498483143746853
  view-data: 3.4180606827139854
