times:
  edit-metadata: 0.654320509172976
  landing: 0.0480085052549839
  view-data: 0.29081152006983757
