times:
  landing: 0.5645488499999942
  view-data: 0.5574706329999799
