times:
  landing: 0.5569475590000081
  view-data: 0.5557317430000239
