times:
  edit-metadata: 0.45455253031104803
  landing: 0.03970702085644007
  view-data: 0.21482051629573107
