times:
  edit-metadata: 0.41713398043066263
  landing: 0.04552214406430721
  view-data: 0.2069767639040947
