times:
  edit-metadata: 1.876123333349824
  landing: 1.4018520954996347
  view-data: 3.729693505913019
