times:
  edit-metadata: 0.5408426225185394
  landing: 0.0518050454556942
  view-data: 0.1963832937180996
