times:
  landing: 0.5686347710000064
  view-data: 0.5547660420000113
