times:
  edit-metadata: 2.271429746411741
  landing: 0.6212344970554113
  view-data: 0.5246359780430794
