times:
  edit-metadata: 0.4393458985723555
  landing: 0.05930981319397688
  view-data: 0.21750322496518493
