times:
  edit-metadata: 0.42830331390723586
  landing: 0.05090242205187678
  view-data: 0.19333388190716505
