times:
  edit-metadata: 0.4400299582630396
  landing: 0.046728409826755524
  view-data: 0.20986282546073198
