times:
  edit-metadata: 0.43651097221300006
  landing: 0.043694410007447004
  view-data: 0.19496915489435196
