times:
  landing: 0.5908298080000236
  view-data: 0.5601292420000163
