times:
  landing: 0.5530273029999933
  view-data: 0.5516924949999975
