times:
  edit-metadata: 1.5669698677957058
  landing: 0.8974961712956429
  view-data: 3.3989389054477215
