times:
  landing: 0.5506049159999975
  view-data: 0.5551178709999931
