times:
  landing: 1.068525937000004
  view-data: 0.5526287060000641
