times:
  landing: 0.566593188000013
  view-data: 0.5513418030000139
