times:
  edit-metadata: 1.5169771267101169
  landing: 0.773020638152957
  view-data: 3.358584270812571
