times:
  edit-metadata: 1.526902111247182
  landing: 0.019657373428344727
  view-data: 0.12768501415848732
