times:
  edit-metadata: 1.555930694565177
  landing: 0.8237091023474932
  view-data: 3.4118811413645744
