times:
  edit-metadata: 0.6344966790638864
  landing: 0.045487575232982635
  view-data: 0.19199366169050336
