times:
  edit-metadata: 1.6520457677543163
  landing: 0.7587740607559681
  view-data: 3.441710500046611
