times:
  landing: 0.5431723400000124
  view-data: 0.5441744519999929
