times:
  edit-metadata: 1.408580731600523
  landing: 0.8426095396280289
  view-data: 3.3414509631693363
