times:
  edit-metadata: 0.6080779660260305
  landing: 0.04600456007756293
  view-data: 0.19817556207999587
