times:
  edit-metadata: 0.6129557800013572
  landing: 0.05350475199520588
  view-data: 0.19406062201596797
