times:
  edit-metadata: 0.7757960236631334
  landing: 0.08278475375846028
  view-data: 0.2380518289282918
