times:
  edit-metadata: 1.6536187808960676
  landing: 0.8596992730163038
  view-data: 3.350872378796339
