times:
  edit-metadata: 0.4406961459899321
  landing: 0.07223841000813991
  view-data: 0.22738576005212963
