times:
  edit-metadata: 1.486892952118069
  landing: 0.7771050420124084
  view-data: 3.3493603349197656
