times:
  edit-metadata: 0.7563967918977141
  landing: 0.10559317003935575
  view-data: 0.28277722792699933
