times:
  landing: 0.5582352790000016
  view-data: 0.5570151850000116
