times:
  edit-metadata: 1.6389746791683137
  landing: 0.882400643080473
  view-data: 3.308956939727068
