times:
  edit-metadata: 0.5311301480978727
  landing: 1.1426986623555422
  view-data: 0.6035213842988014
