times:
  landing: 0.5484639389999302
  view-data: 0.5581560340000351
