times:
  landing: 0.5434194619999744
  view-data: 0.5454364920000216
