times:
  landing: 0.5591643220000151
  view-data: 0.555514119999998
