times:
  edit-metadata: 0.523587343050167
  landing: 0.0764885280514136
  view-data: 0.21985000395216048
