times:
  edit-metadata: 0.5155734717845917
  landing: 0.5711315181106329
  view-data: 0.5980396158993244
