times:
  edit-metadata: 0.6666005649603903
  landing: 0.05840716464444995
  view-data: 0.1850390639156103
