times:
  landing: 0.5574154970001928
  view-data: 0.5559932109999863
