times:
  edit-metadata: 0.5664751939475536
  landing: 0.5822770353406668
  view-data: 0.19171171449124813
