times:
  edit-metadata: 0.5562922051176429
  landing: 0.22780378255993128
  view-data: 0.21736436476930976
