times:
  edit-metadata: 0.6140490670222789
  landing: 0.05708641605451703
  view-data: 0.1979511990211904
