times:
  landing: 1.0659093520000056
  view-data: 0.5521955939999543
