times:
  edit-metadata: 0.5613086912781
  landing: 1.2795495949685574
  view-data: 0.6514607891440392
