times:
  edit-metadata: 1.758997693657875
  landing: 0.027243785560131073
  view-data: 0.3261108975857496
