times:
  edit-metadata: 0.49665084201842546
  landing: 0.04171726293861866
  view-data: 0.2318686442449689
