times:
  edit-metadata: 0.5254721157252789
  landing: 0.05435016006231308
  view-data: 0.19613919407129288
