times:
  edit-metadata: 1.5223756339401007
  landing: 0.15758570842444897
  view-data: 0.3565750773996115
