times:
  landing: 1.0782112469999845
  view-data: 0.5547927099999868
