times:
  edit-metadata: 2.0403481973335147
  landing: 1.1937336651608348
  view-data: 3.4771681032143533
