times:
  edit-metadata: 0.42613827902823687
  landing: 0.06795898312702775
  view-data: 0.210519399959594
