times:
  edit-metadata: 0.5282043777406216
  landing: 0.05793436989188194
  view-data: 0.1932114139199257
