times:
  landing: 0.5507332139999903
  view-data: 0.557079329000004
