times:
  edit-metadata: 1.5521807055920362
  landing: 0.7376753557473421
  view-data: 3.363197760656476
