times:
  edit-metadata: 1.3706018906086683
  landing: 0.22823337838053703
  view-data: 0.14696152694523335
