times:
  edit-metadata: 1.736732942983508
  landing: 0.7807196117937565
  view-data: 3.335725726559758
