times:
  edit-metadata: 1.5026833061128855
  landing: 0.7079460043460131
  view-data: 3.421707522124052
