times:
  edit-metadata: 1.3772092778235674
  landing: 0.23429565131664276
  view-data: 0.3479936346411705
