times:
  landing: 0.5520202100000233
  view-data: 0.5640110519999553
