times:
  edit-metadata: 1.4763830159790814
  landing: 0.74762490298599
  view-data: 3.410625868011266
