times:
  edit-metadata: 0.44422036223113537
  landing: 0.05145918391644955
  view-data: 0.21395472716540098
