times:
  edit-metadata: 0.6963904870208353
  landing: 0.05004367098445073
  view-data: 0.18638927803840488
