times:
  edit-metadata: 0.5085746683180332
  landing: 0.05140089616179466
  view-data: 0.20013457909226418
