times:
  edit-metadata: 1.4218478444963694
  landing: 0.023010337725281715
  view-data: 0.34582712687551975
