times:
  edit-metadata: 1.290792946703732
  landing: 0.019718852825462818
  view-data: 0.028026736341416836
