times:
  edit-metadata: 0.47304976964369416
  landing: 0.05195648688822985
  view-data: 0.20833314396440983
