times:
  edit-metadata: 2.036790171638131
  landing: 1.311103624291718
  view-data: 3.7724435133859515
