times:
  edit-metadata: 1.4479830134660006
  landing: 0.7803662791848183
  view-data: 3.3718020860105753
