times:
  edit-metadata: 1.4965702202171087
  landing: 0.8407423147000372
  view-data: 3.3497827649116516
