times:
  edit-metadata: 1.3820895571261644
  landing: 0.18152819573879242
  view-data: 0.21063055843114853
