times:
  edit-metadata: 2.120733927935362
  landing: 0.020264599472284317
  view-data: 0.02466581203043461
