times:
  landing: 0.5531533189999891
  view-data: 0.555449780999993
