times:
  edit-metadata: 1.6007545720785856
  landing: 0.8234323989599943
  view-data: 3.447359684854746
