times:
  edit-metadata: 1.3872510939836502
  landing: 0.7214855998754501
  view-data: 3.311934396624565
