times:
  landing: 0.5465881100000161
  view-data: 0.5519155149999904
