times:
  edit-metadata: 0.4257209710776806
  landing: 0.04726611729711294
  view-data: 0.20576589088886976
