times:
  edit-metadata: 1.554115317761898
  landing: 0.7601331509649754
  view-data: 3.4488496761769056
