times:
  edit-metadata: 0.5937895650276914
  landing: 0.04275877203326672
  view-data: 0.18999988993164152
