times:
  edit-metadata: 1.3064851118251681
  landing: 0.020412382669746876
  view-data: 0.02400031127035618
