times:
  edit-metadata: 0.619135707966052
  landing: 0.04510434600524604
  view-data: 0.195312418974936
