times:
  edit-metadata: 1.380257467739284
  landing: 0.7364283120259643
  view-data: 3.287750975228846
