times:
  landing: 1.5823589099999822
  view-data: 1.0693045509999592
