times:
  edit-metadata: 0.5878457659855485
  landing: 0.04407615098170936
  view-data: 0.19337678595911711
