times:
  edit-metadata: 0.4424064720515162
  landing: 0.04964531189762056
  view-data: 0.22439980297349393
