times:
  edit-metadata: 1.3481498770415783
  landing: 0.7056284993886948
  view-data: 3.3140069283545017
