times:
  edit-metadata: 0.43452186207287014
  landing: 0.0647554979659617
  view-data: 0.21951049892231822
