times:
  edit-metadata: 0.4632641909411177
  landing: 0.05897320597432554
  view-data: 0.21162451000418514
