times:
  edit-metadata: 1.249383445829153
  landing: 0.018842115066945553
  view-data: 0.02591207716614008
