times:
  edit-metadata: 1.343443538993597
  landing: 0.019328264519572258
  view-data: 0.32141171023249626
