times:
  edit-metadata: 1.5621532909572124
  landing: 0.7324500121176243
  view-data: 3.4036094956099987
