times:
  edit-metadata: 0.7667110480833799
  landing: 0.06014768802560866
  view-data: 0.20894038793630898
