times:
  edit-metadata: 0.5450660070055164
  landing: 0.05144225200638175
  view-data: 0.2208323150407523
