times:
  edit-metadata: 1.491318866610527
  landing: 0.022776996716856956
  view-data: 0.028820130974054337
