times:
  edit-metadata: 0.571131007745862
  landing: 0.5213603898882866
  view-data: 0.1896725930273533
