times:
  landing: 0.5514457079999886
  view-data: 0.551482309000022
