times:
  edit-metadata: 0.6155648841522634
  landing: 0.040297515923157334
  view-data: 0.2016649479046464
