times:
  edit-metadata: 1.2885823668912053
  landing: 0.02133713662624359
  view-data: 0.12109426409006119
