times:
  edit-metadata: 0.6513923510065069
  landing: 0.05358200099726673
  view-data: 0.19179130499833263
