times:
  edit-metadata: 0.5092570199631155
  landing: 0.0751535720191896
  view-data: 0.2252767049940303
