times:
  edit-metadata: 0.5141134969890118
  landing: 0.04745000600814819
  view-data: 0.19824518263339996
