times:
  edit-metadata: 1.600718628615141
  landing: 0.8218632414937019
  view-data: 3.421248681843281
