times:
  edit-metadata: 0.5591163355857134
  landing: 0.8704572357237339
  view-data: 0.34950561076402664
