times:
  landing: 1.0715504049999822
  view-data: 0.5541396369999916
