times:
  edit-metadata: 0.5154704004526138
  landing: 0.0501067191362381
  view-data: 0.18973616883158684
