times:
  edit-metadata: 1.529333557933569
  landing: 0.8797832503914833
  view-data: 3.4530257545411587
