times:
  edit-metadata: 1.3270667679607868
  landing: 0.021764641627669334
  view-data: 0.30964114889502525
