times:
  edit-metadata: 1.3443932831287384
  landing: 0.021511243656277657
  view-data: 0.31468003802001476
