times:
  edit-metadata: 0.46171302627772093
  landing: 0.04882808029651642
  view-data: 0.22560676606372
