times:
  landing: 0.5605802879999828
  view-data: 0.5556132629999979
