times:
  edit-metadata: 0.5273883230984211
  landing: 0.049163851886987686
  view-data: 0.20105962827801704
