times:
  landing: 1.0776775620000194
  view-data: 0.5604499209999858
