times:
  edit-metadata: 0.4385864450596273
  landing: 0.07833710825070739
  view-data: 0.22238885518163443
