times:
  edit-metadata: 1.427497192285955
  landing: 0.021838979795575142
  view-data: 0.11610650736838579
