times:
  edit-metadata: 1.5186219159513712
  landing: 0.8215777669101954
  view-data: 3.429580455645919
