times:
  edit-metadata: 0.6153063810197636
  landing: 0.04425669996999204
  view-data: 0.19315577996894717
