times:
  edit-metadata: 0.4224321460351348
  landing: 0.05524112889543176
  view-data: 0.19130503898486495
