times:
  edit-metadata: 1.4021261539310217
  landing: 0.2552354820072651
  view-data: 0.38952692598104477
