times:
  edit-metadata: 0.4332566875964403
  landing: 0.04109344072639942
  view-data: 0.1917634028941393
