times:
  edit-metadata: 1.3292067535221577
  landing: 0.019505131989717484
  view-data: 0.02274344116449356
