times:
  edit-metadata: 1.2936455952003598
  landing: 0.01944474782794714
  view-data: 0.1193762980401516
