times:
  edit-metadata: 0.5772465541958809
  landing: 0.48413319513201714
  view-data: 0.18057950399816036
