times:
  landing: 1.0894517439999163
  view-data: 0.5586514840000518
