times:
  edit-metadata: 1.5438487213104963
  landing: 0.7362575437873602
  view-data: 3.3552664164453745
