times:
  landing: 1.0805453839999757
  view-data: 0.5662079150000068
