times:
  edit-metadata: 1.3402077443897724
  landing: 0.11436501517891884
  view-data: 0.023163272067904472
