times:
  edit-metadata: 0.6419316690880805
  landing: 0.05861812084913254
  view-data: 0.1863094000145793
