times:
  edit-metadata: 1.3014701548963785
  landing: 0.020332899875938892
  view-data: 0.1352709773927927
