times:
  edit-metadata: 1.2642867714166641
  landing: 0.11872022692114115
  view-data: 0.02395832259207964
