times:
  edit-metadata: 1.3112927712500095
  landing: 0.019594378769397736
  view-data: 0.3333053942769766
