times:
  edit-metadata: 0.4305419051088393
  landing: 0.04337309207767248
  view-data: 0.19112262083217502
