times:
  edit-metadata: 0.6490949660073966
  landing: 0.05392830399796367
  view-data: 0.19197079888544977
