times:
  edit-metadata: 0.4167099641636014
  landing: 0.05183071689680219
  view-data: 0.19332321686670184
