times:
  edit-metadata: 1.6848878301680088
  landing: 0.28978882916271687
  view-data: 0.38633747585117817
