times:
  landing: 0.5584062570000015
  view-data: 0.5588254569999549
