times:
  edit-metadata: 1.4984338646754622
  landing: 0.7841263068839908
  view-data: 3.3749595563858747
