times:
  edit-metadata: 0.4473316939547658
  landing: 0.046139090321958065
  view-data: 0.20458904281258583
