times:
  landing: 0.5537482260000388
  view-data: 0.5536187889999837
