times:
  edit-metadata: 1.551401473581791
  landing: 0.7453073170036077
  view-data: 3.968229839578271
