times:
  edit-metadata: 0.5610809922218323
  landing: 0.7705962918698788
  view-data: 0.4159158803522587
