times:
  edit-metadata: 1.2770146131515503
  landing: 0.020878384821116924
  view-data: 0.026156606152653694
