times:
  edit-metadata: 0.5285633419989608
  landing: 0.04664052600855939
  view-data: 0.21941003599204123
