times:
  edit-metadata: 1.6928483918309212
  landing: 0.8921835497021675
  view-data: 3.4211397543549538
