times:
  landing: 0.5544558930000107
  view-data: 0.5570348900000113
