times:
  landing: 1.0852565189999837
  view-data: 0.5564723429999958
