times:
  edit-metadata: 1.4438044228591025
  landing: 0.7457332438789308
  view-data: 3.287155367899686
