times:
  edit-metadata: 1.318481059744954
  landing: 0.02125250268727541
  view-data: 0.02731981221586466
