times:
  edit-metadata: 0.42410130240023136
  landing: 0.04751680791378021
  view-data: 0.20169977191835642
