times:
  landing: 0.5437731110000072
  view-data: 0.5485559819999821
