times:
  landing: 0.624569073000032
  view-data: 0.5588176990000306
