times:
  edit-metadata: 1.9099595621228218
  landing: 0.9636372439563274
  view-data: 3.373664516955614
