times:
  edit-metadata: 1.3423489267006516
  landing: 0.12131133396178484
  view-data: 0.4079041974619031
