times:
  edit-metadata: 0.6243905229493976
  landing: 0.055844477377831936
  view-data: 0.18894205708056688
