times:
  landing: 0.5629620029999955
  view-data: 0.5593360809999695
