times:
  edit-metadata: 1.6030494570732117
  landing: 0.9011282883584499
  view-data: 3.3915392495691776
