times:
  edit-metadata: 1.5066434228792787
  landing: 0.7955603701993823
  view-data: 3.367685455828905
