times:
  landing: 1.0780800210000052
  view-data: 0.560173538000015
