times:
  edit-metadata: 1.8791249562054873
  landing: 0.2719876188784838
  view-data: 0.5377031099051237
