times:
  landing: 0.5551159759999962
  view-data: 0.5531743640000002
