times:
  landing: 0.5524924580000175
  view-data: 0.552943359999972
