times:
  edit-metadata: 0.5209225583821535
  landing: 0.9971522931009531
  view-data: 0.2042147647589445
