times:
  edit-metadata: 1.3716869363561273
  landing: 0.06447526253759861
  view-data: 0.2203577123582363
