times:
  edit-metadata: 1.3783341469243169
  landing: 0.02033007051795721
  view-data: 0.027368972077965736
