times:
  edit-metadata: 1.2916069272905588
  landing: 0.16300762072205544
  view-data: 0.024878228083252907
