times:
  edit-metadata: 1.5785963758826256
  landing: 1.033050637692213
  view-data: 3.3579748272895813
