times:
  edit-metadata: 1.259368703700602
  landing: 0.02029588259756565
  view-data: 0.095884851180017
