times:
  edit-metadata: 1.440334815531969
  landing: 0.710678443312645
  view-data: 3.3026031479239464
