times:
  edit-metadata: 1.7365617342293262
  landing: 1.0482301115989685
  view-data: 3.395457334816456
