times:
  edit-metadata: 1.3150542359799147
  landing: 0.019165122881531715
  view-data: 0.40273466147482395
