times:
  edit-metadata: 1.5629580952227116
  landing: 0.9654275700449944
  view-data: 3.4614766016602516
