times:
  edit-metadata: 0.7659537638537586
  landing: 0.061380166094750166
  view-data: 0.22982394299469888
