times:
  edit-metadata: 0.5041622668504715
  landing: 0.04452197998762131
  view-data: 0.19991252198815346
