times:
  edit-metadata: 1.2898350497707725
  landing: 0.23949102591723204
  view-data: 0.35297663416713476
