times:
  edit-metadata: 0.6297046989202499
  landing: 0.046554313972592354
  view-data: 0.1789445539470762
