times:
  landing: 0.5571641169999566
  view-data: 0.5865203729999848
