times:
  landing: 1.0837271780000037
  view-data: 0.5588919470000064
