times:
  edit-metadata: 1.2616655128076673
  landing: 0.026143287308514118
  view-data: 0.024562605656683445
