times:
  edit-metadata: 0.5149288102984428
  landing: 0.9514966607093811
  view-data: 0.28963856399059296
