times:
  edit-metadata: 0.5060951001942158
  landing: 1.827306043356657
  view-data: 0.41243517585098743
