times:
  edit-metadata: 0.440684855915606
  landing: 0.048839351162314415
  view-data: 0.20484503312036395
