times:
  edit-metadata: 1.2816915092989802
  landing: 0.020470301620662212
  view-data: 0.11662007961422205
