times:
  edit-metadata: 0.4395840591751039
  landing: 0.046786181861534715
  view-data: 0.214026854140684
