times:
  landing: 0.5547394689997418
  view-data: 0.5564152490001106
