times:
  edit-metadata: 1.4311440959572792
  landing: 0.021630452945828438
  view-data: 0.025450609624385834
