times:
  landing: 0.549849791999975
  view-data: 0.04853298900002301
