times:
  edit-metadata: 0.42906065890565515
  landing: 0.05016197916120291
  view-data: 0.19141599675640464
