times:
  edit-metadata: 1.8420799924060702
  landing: 0.9575592000037432
  view-data: 3.3703995561227202
