times:
  edit-metadata: 0.4661625949665904
  landing: 0.05485451896674931
  view-data: 0.2224566659424454
