times:
  edit-metadata: 1.310044527053833
  landing: 0.13582043536007404
  view-data: 0.024882515892386436
