times:
  edit-metadata: 1.2791489539667964
  landing: 0.01995281409472227
  view-data: 0.02554089017212391
