times:
  edit-metadata: 1.7696763295680285
  landing: 0.200183330103755
  view-data: 0.15636128559708595
