times:
  landing: 1.0804470130000254
  view-data: 0.5605701169999975
