times:
  edit-metadata: 0.43549357797019184
  landing: 0.05192640301538631
  view-data: 0.21381614496931434
