times:
  edit-metadata: 1.3507404075935483
  landing: 0.7796615334227681
  view-data: 3.315485902130604
