times:
  edit-metadata: 0.5532387923449278
  landing: 0.6415302976965904
  view-data: 0.2550457175821066
