times:
  edit-metadata: 1.4104523323476315
  landing: 0.8719966597855091
  view-data: 3.291828766465187
