times:
  edit-metadata: 1.600165129872039
  landing: 0.9013043690938503
  view-data: 3.498400629963726
