times:
  edit-metadata: 0.44315100321546197
  landing: 0.05244555789977312
  view-data: 0.19175304798409343
