times:
  edit-metadata: 0.5004650037735701
  landing: 0.06557375378906727
  view-data: 0.25281923497095704
