times:
  edit-metadata: 0.5660997107625008
  landing: 0.9668879248201847
  view-data: 0.3291319292038679
