times:
  edit-metadata: 0.5161746069788933
  landing: 0.5917392112314701
  view-data: 0.5982042290270329
