times:
  edit-metadata: 1.3194464016705751
  landing: 0.019190151244401932
  view-data: 0.18226599972695112
