times:
  edit-metadata: 0.4319932390935719
  landing: 0.04352236678823829
  view-data: 0.1912338682450354
