times:
  edit-metadata: 0.6120596330147237
  landing: 0.03937647491693497
  view-data: 0.1994662289507687
