times:
  landing: 1.0857954169999857
  view-data: 0.5659661660000097
