times:
  edit-metadata: 2.147358952090144
  landing: 1.099481607787311
  view-data: 3.58912028092891
