times:
  edit-metadata: 0.594767567992676
  landing: 0.04406849900260568
  view-data: 0.19646873598685488
