times:
  edit-metadata: 1.2962054666131735
  landing: 0.19042774476110935
  view-data: 0.02336479350924492
