times:
  edit-metadata: 1.5491062123328447
  landing: 0.1673818603157997
  view-data: 0.3868023082613945
