times:
  edit-metadata: 1.5140362568199635
  landing: 0.25663626566529274
  view-data: 0.15643258392810822
