times:
  edit-metadata: 2.0509654926136136
  landing: 0.37469247076660395
  view-data: 0.6057351790368557
