times:
  edit-metadata: 0.5332536678761244
  landing: 1.0683277659118176
  view-data: 0.29404295049607754
