times:
  edit-metadata: 0.47375281201675534
  landing: 0.05280142184346914
  view-data: 0.19620695896446705
