times:
  landing: 0.5473064850000071
  view-data: 0.5485450000000185
