times:
  edit-metadata: 0.5294194165617228
  landing: 0.7723398003727198
  view-data: 0.5447825472801924
