times:
  edit-metadata: 2.0588099649176
  landing: 1.1246791807934642
  view-data: 3.6567213628441095
