times:
  edit-metadata: 0.5330333039164543
  landing: 0.5331076867878437
  view-data: 0.227849954739213
