times:
  edit-metadata: 1.4118927158415318
  landing: 0.8499111719429493
  view-data: 3.323195856064558
