times:
  edit-metadata: 0.4388863081112504
  landing: 0.0506817102432251
  view-data: 0.20130306668579578
