times:
  edit-metadata: 1.3552584759891033
  landing: 0.02069883421063423
  view-data: 0.02332885190844536
