times:
  edit-metadata: 0.5218590423464775
  landing: 1.7069070748984814
  view-data: 1.9153744410723448
