times:
  edit-metadata: 1.2746599465608597
  landing: 0.12522235419601202
  view-data: 0.025164715945720673
