times:
  edit-metadata: 1.392212588340044
  landing: 0.020999811589717865
  view-data: 0.12837145663797855
