times:
  edit-metadata: 1.707712970674038
  landing: 1.0291506610810757
  view-data: 3.3466229997575283
