times:
  edit-metadata: 1.469775415956974
  landing: 0.864598274230957
  view-data: 3.3494852893054485
