times:
  edit-metadata: 0.6012668390758336
  landing: 0.04884260194376111
  view-data: 0.1962116309441626
