times:
  edit-metadata: 1.5600663162767887
  landing: 0.7193600721657276
  view-data: 3.376013822853565
