times:
  edit-metadata: 1.5894269458949566
  landing: 0.23174799140542746
  view-data: 0.13665611296892166
