times:
  edit-metadata: 0.41828797198832035
  landing: 0.04556163772940636
  view-data: 0.21364251896739006
