times:
  edit-metadata: 0.5252505838871002
  landing: 0.06092160567641258
  view-data: 0.18703261762857437
