times:
  landing: 1.5985173369999757
  view-data: 0.5617125350000265
