times:
  edit-metadata: 1.5178858330473304
  landing: 0.7560491049662232
  view-data: 3.335597625002265
