times:
  edit-metadata: 1.6889469716697931
  landing: 0.17365464195609093
  view-data: 0.345896041020751
