times:
  landing: 0.5429720340000586
  view-data: 0.5417333170000802
