times:
  edit-metadata: 0.4258748609572649
  landing: 0.07449771498795599
  view-data: 0.2055626360233873
