times:
  landing: 2.1004598939999823
  view-data: 0.5476234230000045
