times:
  edit-metadata: 0.5337324813008308
  landing: 0.05063645541667938
  view-data: 0.19816359505057335
