times:
  edit-metadata: 1.55681474506855
  landing: 0.8506910540163517
  view-data: 3.751625034958124
