times:
  edit-metadata: 0.5130159594118595
  landing: 1.9902667682617903
  view-data: 0.551084391772747
