times:
  edit-metadata: 1.483780661597848
  landing: 0.1228161845356226
  view-data: 0.3713685953989625
