times:
  landing: 1.0716504040000245
  view-data: 0.5560145640000087
