times:
  edit-metadata: 1.5287545714527369
  landing: 0.7679672800004482
  view-data: 3.3988770563155413
