times:
  edit-metadata: 1.5255891438573599
  landing: 0.7580529246479273
  view-data: 3.4083467572927475
