times:
  edit-metadata: 1.4289513546973467
  landing: 0.66384232416749
  view-data: 3.3628366719931364
