times:
  edit-metadata: 0.5503085684031248
  landing: 0.6443245895206928
  view-data: 0.1921987235546112
