times:
  edit-metadata: 1.58831599005498
  landing: 0.7960999021306634
  view-data: 3.39812066196464
