times:
  edit-metadata: 0.6127068750793114
  landing: 0.0560505660250783
  view-data: 0.18229237291961908
