times:
  edit-metadata: 0.47869489155709743
  landing: 0.8201053589582443
  view-data: 0.31987482868134975
