times:
  edit-metadata: 1.3540997290983796
  landing: 0.01843817625194788
  view-data: 0.02521808072924614
