times:
  edit-metadata: 0.6706625451333821
  landing: 0.051458730828016996
  view-data: 0.18988441419787705
