times:
  landing: 1.063405414000016
  view-data: 0.5498242079999898
