times:
  edit-metadata: 0.4479354431387037
  landing: 0.05738148814998567
  view-data: 0.20691192988306284
