times:
  edit-metadata: 0.444255115929991
  landing: 0.07543980097398162
  view-data: 0.34313428797759116
