times:
  landing: 0.5547363830000052
  view-data: 0.5554343780000295
