times:
  edit-metadata: 0.5291884876787663
  landing: 1.2530858591198921
  view-data: 0.7136290743947029
