times:
  landing: 0.5492849989999513
  view-data: 0.5519494569999779
