times:
  edit-metadata: 0.595525517128408
  landing: 0.0490870950743556
  view-data: 0.19574871798977256
