times:
  edit-metadata: 1.5471327230334282
  landing: 0.884534228593111
  view-data: 3.3828174974769354
