times:
  edit-metadata: 1.6643935590982437
  landing: 0.9487221362069249
  view-data: 3.2865279391407967
