times:
  edit-metadata: 0.4476350110489875
  landing: 0.0766693539917469
  view-data: 0.2260503489524126
