times:
  edit-metadata: 1.5519992765039206
  landing: 0.2898135595023632
  view-data: 0.3973062504082918
