times:
  edit-metadata: 0.5216028392314911
  landing: 0.051135338842868805
  view-data: 0.19593029096722603
