times:
  edit-metadata: 0.5865290840156376
  landing: 0.06164103402988985
  view-data: 0.18540462001692504
