times:
  edit-metadata: 2.3520549200475216
  landing: 1.4506921926513314
  view-data: 3.6254858300089836
