times:
  edit-metadata: 1.560234971344471
  landing: 0.9128200709819794
  view-data: 3.375051189213991
