times:
  edit-metadata: 0.5149985775351524
  landing: 0.04781541973352432
  view-data: 0.1968209370970726
