times:
  edit-metadata: 0.5501208212226629
  landing: 0.8986492399126291
  view-data: 0.1829112246632576
