times:
  landing: 1.07513265099999
  view-data: 0.5661976860000095
