times:
  landing: 1.0853868979029357
  view-data: 0.5494084521196783
