times:
  edit-metadata: 1.4840716358739883
  landing: 0.8125813500955701
  view-data: 3.3971806101035327
