times:
  edit-metadata: 0.44844529312103987
  landing: 0.05328720295801759
  view-data: 0.21196838887408376
