times:
  landing: 1.0842218970000204
  view-data: 0.5614163200000348
