times:
  landing: 0.557514335999997
  view-data: 0.5524093040000082
