times:
  edit-metadata: 1.5392886344343424
  landing: 0.8160276133567095
  view-data: 3.366454491391778
