times:
  edit-metadata: 0.5242951437830925
  landing: 0.5778089854866266
  view-data: 0.6009390335530043
