times:
  landing: 0.5564675839999893
  view-data: 0.5584427860000005
