times:
  edit-metadata: 1.5742502324283123
  landing: 0.8690442871302366
  view-data: 3.3569627068936825
