times:
  edit-metadata: 0.5783609561622143
  landing: 0.6063953824341297
  view-data: 0.2290142197161913
