times:
  edit-metadata: 0.504232257604599
  landing: 0.052100569009780884
  view-data: 0.1959826648235321
