times:
  edit-metadata: 0.5242026709020138
  landing: 0.051563236862421036
  view-data: 0.2023310363292694
