times:
  landing: 0.5434209969999984
  view-data: 0.5424333710000155
