times:
  edit-metadata: 0.5041350424289703
  landing: 0.07873627543449402
  view-data: 0.19475515186786652
