times:
  edit-metadata: 1.3165549878031015
  landing: 0.7020596489310265
  view-data: 3.299870951101184
