times:
  edit-metadata: 1.4673918560147285
  landing: 0.7517923414707184
  view-data: 3.3111440502107143
