times:
  edit-metadata: 1.4009230136871338
  landing: 0.13775747828185558
  view-data: 0.3752401936799288
