times:
  edit-metadata: 1.2952072229236364
  landing: 0.022387683391571045
  view-data: 0.025040166452527046
