times:
  edit-metadata: 1.3904158752411604
  landing: 0.11091828718781471
  view-data: 0.32886818051338196
