times:
  landing: 1.098149831000228
  view-data: 0.546504079999977
