times:
  edit-metadata: 2.17918055690825
  landing: 1.2685539685189724
  view-data: 3.666150016710162
