times:
  edit-metadata: 1.4601001273840666
  landing: 0.770452035125345
  view-data: 3.493804484140128
