times:
  edit-metadata: 1.8081010188907385
  landing: 1.3568994402885437
  view-data: 3.414260860532522
