times:
  landing: 1.07707769000001
  view-data: 0.5559726199999204
