times:
  edit-metadata: 1.5363551527261734
  landing: 0.7622892633080482
  view-data: 3.389172486960888
