times:
  edit-metadata: 0.5649804547429085
  landing: 0.6227056235074997
  view-data: 0.3159991856664419
