times:
  edit-metadata: 0.5424622190184891
  landing: 0.05202984198695049
  view-data: 0.21597197197843343
