times:
  edit-metadata: 0.5335740745067596
  landing: 0.05324149876832962
  view-data: 0.1972803995013237
