times:
  landing: 1.0868421569999782
  view-data: 0.5654357829999981
