times:
  edit-metadata: 1.3401308357715607
  landing: 0.023573949933052063
  view-data: 0.37240452505648136
