times:
  landing: 1.063488024999998
  view-data: 0.5495873620000111
