times:
  edit-metadata: 0.513022392988205
  landing: 0.049102380871772766
  view-data: 0.1908593475818634
