times:
  edit-metadata: 1.5633372403681278
  landing: 0.7708799056708813
  view-data: 3.4368674494326115
