times:
  edit-metadata: 0.4432727759703994
  landing: 0.03962957579642534
  view-data: 0.20934376306831837
