times:
  edit-metadata: 1.2821138557046652
  landing: 0.021844368427991867
  view-data: 0.026852209120988846
