times:
  landing: 0.5479052299999978
  view-data: 0.5542616220000127
