times:
  edit-metadata: 0.529673358425498
  landing: 0.612200615927577
  view-data: 0.19177470542490482
