times:
  edit-metadata: 0.546565093100071
  landing: 0.7282290700823069
  view-data: 0.18429916724562645
