times:
  landing: 0.5409127359999957
  view-data: 0.5483015350000642
