times:
  edit-metadata: 0.4593042510095984
  landing: 0.0514023310970515
  view-data: 0.20729324501007795
