times:
  edit-metadata: 1.3954007308930159
  landing: 0.1856264676898718
  view-data: 0.4420627988874912
