times:
  edit-metadata: 1.6724570645019412
  landing: 0.020709317177534103
  view-data: 0.5817942218855023
