times:
  edit-metadata: 0.43695984594523907
  landing: 0.041913796216249466
  view-data: 0.20794205786660314
