times:
  edit-metadata: 0.5268087536096573
  landing: 1.1448048539459705
  view-data: 0.6138171907514334
