times:
  edit-metadata: 1.702419277280569
  landing: 0.9736569365486503
  view-data: 3.434898748062551
