times:
  edit-metadata: 0.5312523767352104
  landing: 0.04404548555612564
  view-data: 0.19493263959884644
