times:
  edit-metadata: 1.349209306994453
  landing: 0.7934468589955941
  view-data: 3.300319924019277
