times:
  edit-metadata: 1.5437098797410727
  landing: 0.7453875001519918
  view-data: 3.3506887275725603
