times:
  edit-metadata: 0.6115696392953396
  landing: 0.5668863095343113
  view-data: 0.19212898425757885
