times:
  edit-metadata: 1.5393053069710732
  landing: 0.9577484764158726
  view-data: 3.4573984183371067
