times:
  edit-metadata: 0.43142340797930956
  landing: 0.04498166870325804
  view-data: 0.19188487390056252
