times:
  landing: 1.1236170669999979
  view-data: 0.5719510530000207
