times:
  edit-metadata: 0.5182735808193684
  landing: 0.04757118597626686
  view-data: 0.19130222871899605
