times:
  edit-metadata: 0.500426908954978
  landing: 0.5085045546293259
  view-data: 0.20343169197440147
