times:
  edit-metadata: 1.4149210937321186
  landing: 0.8471062481403351
  view-data: 3.405198644846678
