times:
  edit-metadata: 1.441303400322795
  landing: 0.725161649286747
  view-data: 3.357136193662882
