times:
  landing: 0.5653384810000261
  view-data: 0.5632717739999862
