times:
  edit-metadata: 1.4129622094333172
  landing: 0.8509341776371002
  view-data: 3.357254434376955
