times:
  edit-metadata: 1.4018408693373203
  landing: 0.8505094535648823
  view-data: 3.3640849851071835
