times:
  edit-metadata: 0.5146605484187603
  landing: 0.5765240080654621
  view-data: 0.19755187258124352
