times:
  edit-metadata: 1.4947113483212888
  landing: 0.8614393551833928
  view-data: 3.433134085033089
