times:
  landing: 2.12251047603786
  view-data: 0.5877218600362539
