times:
  edit-metadata: 1.601181467063725
  landing: 0.7055853474885225
  view-data: 3.270941383205354
