times:
  edit-metadata: 1.6470587644726038
  landing: 0.22171829640865326
  view-data: 0.18109050393104553
