times:
  edit-metadata: 1.6341230981051922
  landing: 0.9161119200289249
  view-data: 3.301278445869684
