times:
  edit-metadata: 0.6014098599553108
  landing: 0.05369060207158327
  view-data: 0.1987227601930499
