times:
  edit-metadata: 1.38393335044384
  landing: 0.8626450598239899
  view-data: 3.385913483798504
