times:
  edit-metadata: 1.447672073962167
  landing: 0.7494599999627098
  view-data: 3.293656277935952
