times:
  edit-metadata: 0.5990771749056876
  landing: 0.05182202090509236
  view-data: 0.19312863610684872
