times:
  landing: 1.0630354669999633
  view-data: 0.6016102520000004
