times:
  edit-metadata: 1.300365044735372
  landing: 0.022201240062713623
  view-data: 0.025102452374994755
