times:
  edit-metadata: 0.69903704803437
  landing: 0.15644030319526792
  view-data: 0.2739102481864393
