times:
  edit-metadata: 0.4315846050158143
  landing: 0.07467923616059124
  view-data: 0.21340202214196324
