times:
  edit-metadata: 0.5098481681197882
  landing: 0.913445258513093
  view-data: 0.29653864726424217
