times:
  edit-metadata: 0.6049053759779781
  landing: 0.04909676592797041
  view-data: 0.18246091506443918
