times:
  edit-metadata: 0.4324855813756585
  landing: 0.04398125410079956
  view-data: 0.19552585622295737
