times:
  edit-metadata: 1.4414446502923965
  landing: 0.9119349233806133
  view-data: 3.345488704741001
