times:
  edit-metadata: 1.3067812118679285
  landing: 0.019729016348719597
  view-data: 0.02338983118534088
