times:
  edit-metadata: 0.49950795620679855
  landing: 1.1137508787214756
  view-data: 0.5941839348524809
