times:
  landing: 0.5639997090000293
  view-data: 0.5615600880000216
