times:
  landing: 0.5678898519999507
  view-data: 0.5587397569999553
