times:
  edit-metadata: 0.634037246927619
  landing: 0.5777652338147163
  view-data: 0.2167671024799347
