times:
  edit-metadata: 1.4074054900556803
  landing: 0.021868979558348656
  view-data: 0.3277816232293844
