times:
  edit-metadata: 0.6146873352117836
  landing: 0.06049971608445048
  view-data: 0.1973553686402738
