times:
  edit-metadata: 1.5937715992331505
  landing: 0.7835717387497425
  view-data: 3.3931351341307163
