times:
  edit-metadata: 0.42120545264333487
  landing: 0.04348736722022295
  view-data: 0.21298084687441587
