times:
  edit-metadata: 1.508405689150095
  landing: 0.8489990644156933
  view-data: 3.3391509242355824
