times:
  edit-metadata: 1.7270370163023472
  landing: 0.7846822272986174
  view-data: 3.4167944118380547
