times:
  edit-metadata: 1.3777541974559426
  landing: 0.11672923061996698
  view-data: 0.09901920333504677
