times:
  edit-metadata: 0.5098116490989923
  landing: 0.07292083324864507
  view-data: 0.24070607498288155
