times:
  edit-metadata: 0.43135275796521455
  landing: 0.07820365601219237
  view-data: 0.22220556205138564
