times:
  edit-metadata: 1.5557454880326986
  landing: 0.7189795654267073
  view-data: 3.4117234516888857
