times:
  edit-metadata: 1.284557994455099
  landing: 0.11863922886550426
  view-data: 0.42767819110304117
