times:
  edit-metadata: 1.5968736875802279
  landing: 0.8522354234009981
  view-data: 3.466692980378866
