times:
  edit-metadata: 0.5130054317414761
  landing: 0.6341043431311846
  view-data: 0.2983625680208206
