times:
  landing: 0.5426400769999873
  view-data: 0.548420970000052
