times:
  edit-metadata: 0.5321664325892925
  landing: 0.04721241816878319
  view-data: 0.19597630947828293
