times:
  landing: 0.5591646310000158
  view-data: 0.55468903000002
