times:
  edit-metadata: 1.4267098270356655
  landing: 0.8789968192577362
  view-data: 3.3411616273224354
