times:
  edit-metadata: 0.5493690670118667
  landing: 0.05194440297782421
  view-data: 0.26516866200836375
