times:
  edit-metadata: 0.48746381141245365
  landing: 0.5899548921734095
  view-data: 0.6002165228128433
