times:
  edit-metadata: 0.8721094988286495
  landing: 0.060820433078333735
  view-data: 0.30152493598870933
