times:
  edit-metadata: 1.480058092623949
  landing: 0.1795151811093092
  view-data: 0.33347180485725403
