times:
  edit-metadata: 0.6765045202337205
  landing: 0.11610740423202515
  view-data: 0.23286669421941042
