times:
  edit-metadata: 1.2963379239663482
  landing: 0.020995745435357094
  view-data: 0.46832939330488443
