times:
  edit-metadata: 0.5567621737718582
  landing: 1.1622729860246181
  view-data: 0.43273792415857315
