times:
  landing: 0.5613713399999938
  view-data: 0.5619432359999905
