times:
  landing: 1.0725781639999923
  view-data: 0.5537667860000113
