times:
  edit-metadata: 0.807937229052186
  landing: 0.1128362831659615
  view-data: 0.2803245310205966
