times:
  edit-metadata: 0.6327583550009876
  landing: 0.049677470000460744
  view-data: 0.31085316208191216
