times:
  edit-metadata: 1.4832650423049927
  landing: 0.8499192781746387
  view-data: 3.3619823195040226
