times:
  landing: 0.5511279659999957
  view-data: 0.559398195
