times:
  edit-metadata: 1.475562155013904
  landing: 0.9563617530511692
  view-data: 3.378151108045131
