times:
  edit-metadata: 1.3773286379873753
  landing: 0.7672536112368107
  view-data: 3.344195157289505
