times:
  edit-metadata: 1.4951909743249416
  landing: 1.0067948959767818
  view-data: 3.3532905280590057
