times:
  edit-metadata: 0.5640553291887045
  landing: 1.1281228233128786
  view-data: 0.6112440172582865
