times:
  edit-metadata: 0.4269734271802008
  landing: 0.07612751424312592
  view-data: 0.2119544930756092
