times:
  edit-metadata: 0.41739145293831825
  landing: 0.07761669997125864
  view-data: 0.2077681329101324
