times:
  landing: 0.5434275169999978
  view-data: 0.547672370999976
