times:
  edit-metadata: 0.4488290259614587
  landing: 0.043313538655638695
  view-data: 0.18722929898649454
