times:
  edit-metadata: 0.5169579647481441
  landing: 0.053504060953855515
  view-data: 0.19256757944822311
