times:
  edit-metadata: 1.352104278281331
  landing: 0.11380294803529978
  view-data: 0.4619478089734912
