times:
  landing: 0.5442785299999287
  view-data: 0.5440560270000105
