times:
  edit-metadata: 1.3847580989822745
  landing: 0.23550510313361883
  view-data: 0.026296266354620457
