times:
  landing: 0.5571883950000256
  view-data: 0.5563285489999998
