times:
  edit-metadata: 0.5330021120607853
  landing: 0.8346821311861277
  view-data: 0.3013660777360201
