times:
  edit-metadata: 1.4190413085743785
  landing: 0.8599429191090167
  view-data: 3.3576528769917786
