times:
  edit-metadata: 1.5281828865408897
  landing: 0.023118413984775543
  view-data: 0.15169615298509598
