times:
  edit-metadata: 1.3924112543463707
  landing: 0.9088115207850933
  view-data: 3.379066601395607
