times:
  edit-metadata: 2.343237473629415
  landing: 1.3801540853455663
  view-data: 3.7138833049684763
