times:
  landing: 0.5597534489999987
  view-data: 0.5584153419999893
