times:
  landing: 0.5608479320000015
  view-data: 0.5564574769999808
