times:
  landing: 0.5590621559999818
  view-data: 0.5569544260000043
