times:
  edit-metadata: 0.6508350790245458
  landing: 0.08058439602609724
  view-data: 0.2370622199960053
