times:
  edit-metadata: 1.6421842388808727
  landing: 0.9491080977022648
  view-data: 3.3275496996939182
