times:
  edit-metadata: 1.3677826449275017
  landing: 0.02474886178970337
  view-data: 0.35218399204313755
