times:
  edit-metadata: 0.45096762105822563
  landing: 0.050747083965688944
  view-data: 0.19446224300190806
