times:
  edit-metadata: 0.43477570987306535
  landing: 0.05507242004387081
  view-data: 0.2044055201113224
