times:
  edit-metadata: 0.5970226989593357
  landing: 0.04253303201403469
  view-data: 0.19787373900180683
