times:
  edit-metadata: 1.427010465413332
  landing: 0.019499534741044044
  view-data: 0.25636796094477177
