times:
  edit-metadata: 0.43226544838398695
  landing: 0.0498423483222723
  view-data: 0.3422485198825598
