times:
  edit-metadata: 0.4439495769329369
  landing: 0.046522506047040224
  view-data: 0.21233864990063012
