times:
  edit-metadata: 1.3644026853144169
  landing: 0.7414175905287266
  view-data: 3.247774664312601
