times:
  edit-metadata: 1.4833560045808554
  landing: 0.8551550079137087
  view-data: 3.4666187539696693
