times:
  landing: 0.5478970799999843
  view-data: 0.5511013609999509
