times:
  edit-metadata: 0.6339059858582914
  landing: 0.13172410428524017
  view-data: 0.21790313813835382
