times:
  landing: 0.551793731000032
  view-data: 0.5597382269999684
