times:
  edit-metadata: 1.5472479574382305
  landing: 0.9204434007406235
  view-data: 3.402989227324724
