times:
  edit-metadata: 0.6121273570461199
  landing: 0.042159885982982814
  view-data: 0.19257513503544033
