times:
  edit-metadata: 0.44420978194102645
  landing: 0.04923922196030617
  view-data: 0.21356016700156033
