times:
  edit-metadata: 1.5949716679751873
  landing: 0.973489198833704
  view-data: 3.399440560489893
