times:
  edit-metadata: 1.404124416410923
  landing: 0.02084731124341488
  view-data: 0.27413638681173325
