times:
  edit-metadata: 0.644214877858758
  landing: 0.056546055944636464
  view-data: 0.22784742806106806
