times:
  edit-metadata: 1.6214833110570908
  landing: 0.7946859076619148
  view-data: 3.607727747410536
