times:
  edit-metadata: 1.7149759968742728
  landing: 0.01914114411920309
  view-data: 0.02938959002494812
