times:
  edit-metadata: 0.5231133997440338
  landing: 0.043810177594423294
  view-data: 0.19559843838214874
