times:
  edit-metadata: 0.44102558959275484
  landing: 0.041670133359730244
  view-data: 0.19981414917856455
