times:
  edit-metadata: 2.0032204538583755
  landing: 0.02108730934560299
  view-data: 0.17536883056163788
