times:
  edit-metadata: 1.3610207363963127
  landing: 0.020364271476864815
  view-data: 0.02564149536192417
