times:
  edit-metadata: 1.3960289284586906
  landing: 0.019029099494218826
  view-data: 0.12056230939924717
