times:
  edit-metadata: 1.537573717534542
  landing: 0.7699113301932812
  view-data: 3.380404308438301
