times:
  edit-metadata: 0.44407226331532
  landing: 0.04784789914265275
  view-data: 0.2063740650191903
