times:
  edit-metadata: 0.5896686869673431
  landing: 0.05030618398450315
  view-data: 0.1938821190269664
