times:
  edit-metadata: 1.38192892447114
  landing: 0.10315801203250885
  view-data: 0.3648045677691698
