times:
  edit-metadata: 1.4003268014639616
  landing: 0.7188295312225819
  view-data: 3.3074883557856083
