times:
  landing: 1.1238524119999624
  view-data: 0.5582852109999976
