times:
  edit-metadata: 0.435208487091586
  landing: 0.0776103570824489
  view-data: 0.21768129093106836
