times:
  edit-metadata: 1.9567002356052399
  landing: 1.2358816834166646
  view-data: 3.7709763320162892
