times:
  edit-metadata: 0.43901780620217323
  landing: 0.05101894028484821
  view-data: 0.20356218609958887
