times:
  edit-metadata: 0.4492401329334825
  landing: 0.05777063313871622
  view-data: 0.21130393398925662
