times:
  edit-metadata: 0.44538248237222433
  landing: 0.04991954565048218
  view-data: 0.21091338992118835
