times:
  edit-metadata: 1.3954627569764853
  landing: 1.082164331106469
  view-data: 3.3805950870737433
