times:
  edit-metadata: 0.5579254440963268
  landing: 1.2415701039135456
  view-data: 0.1934447418898344
