times:
  edit-metadata: 0.6069385609589517
  landing: 0.05524726025760174
  view-data: 0.19218849996104836
