times:
  edit-metadata: 1.4123776610940695
  landing: 0.022604409605264664
  view-data: 0.4881203919649124
