times:
  edit-metadata: 1.3166089123114944
  landing: 0.13164429180324078
  view-data: 0.09541614167392254
