times:
  edit-metadata: 0.4438576470129192
  landing: 0.06023399205878377
  view-data: 0.21545109478756785
