times:
  edit-metadata: 0.6182816671207547
  landing: 0.05637556407600641
  view-data: 0.18544129002839327
