times:
  edit-metadata: 1.5053056231699884
  landing: 0.7876506741158664
  view-data: 3.4644379508681595
