times:
  edit-metadata: 0.4487407780252397
  landing: 0.06341309903655201
  view-data: 0.2175613340223208
