times:
  edit-metadata: 0.5440459959208965
  landing: 0.04890439473092556
  view-data: 0.21093383198603988
