times:
  edit-metadata: 1.5501283686608076
  landing: 0.02472599968314171
  view-data: 0.27433392591774464
