times:
  edit-metadata: 0.8271394839975983
  landing: 0.09177654300583526
  view-data: 0.24331864796113223
