times:
  edit-metadata: 1.6485576648265123
  landing: 0.02035602182149887
  view-data: 0.3507359065115452
