times:
  edit-metadata: 1.5095604548696429
  landing: 0.7906144079752266
  view-data: 3.3490884280763566
