times:
  edit-metadata: 0.502813657745719
  landing: 0.5734423156827688
  view-data: 0.605262765660882
