times:
  edit-metadata: 1.4043486937880516
  landing: 0.023046765476465225
  view-data: 0.35289013758301735
