times:
  edit-metadata: 1.571359321475029
  landing: 0.8071156181395054
  view-data: 3.39078414067626
