times:
  edit-metadata: 0.46443393896333873
  landing: 0.0512752600479871
  view-data: 0.2128100759582594
