times:
  edit-metadata: 0.5136987680016318
  landing: 0.08843174700450618
  view-data: 0.25475763699796516
