times:
  landing: 0.5556592840000008
  view-data: 0.5591218650000087
