times:
  edit-metadata: 1.506348643451929
  landing: 0.8349948786199093
  view-data: 3.3968956414610147
