times:
  landing: 0.5530252140000016
  view-data: 0.5581360479999944
