times:
  edit-metadata: 0.4344776709913276
  landing: 0.06452657899353653
  view-data: 0.2072641729901079
