times:
  edit-metadata: 1.5439322646707296
  landing: 0.023877687752246857
  view-data: 0.3760922346264124
