times:
  landing: 0.5561852300000112
  view-data: 0.5599713050000048
