times:
  edit-metadata: 0.5312017379328609
  landing: 0.045910623855888844
  view-data: 0.22457231394946575
