times:
  edit-metadata: 2.188717819750309
  landing: 1.4150240793824196
  view-data: 3.3119701333343983
