times:
  edit-metadata: 1.5018784627318382
  landing: 0.1635572724044323
  view-data: 0.26938015408813953
