times:
  edit-metadata: 3.4463293328881264
  landing: 1.6731925811618567
  view-data: 3.853803815320134
