times:
  edit-metadata: 1.5827960930764675
  landing: 0.02033890224993229
  view-data: 0.3811129853129387
