times:
  edit-metadata: 0.5112591572105885
  landing: 0.04732879251241684
  view-data: 0.19750931859016418
