times:
  edit-metadata: 1.31462262570858
  landing: 0.02157391980290413
  view-data: 0.12370182946324348
