times:
  landing: 0.6038189569999872
  view-data: 0.5543393730000048
