times:
  edit-metadata: 1.529042948037386
  landing: 0.020438140258193016
  view-data: 0.12488584592938423
