times:
  landing: 0.5564328119999686
  view-data: 0.558943964999969
