times:
  edit-metadata: 1.6051888950169086
  landing: 0.9514767602086067
  view-data: 3.296263873577118
