times:
  edit-metadata: 4.127543347887695
  landing: 2.67181961517781
  view-data: 3.5552754011005163
