times:
  edit-metadata: 0.5212323796004057
  landing: 0.6336037814617157
  view-data: 0.3062606956809759
