times:
  edit-metadata: 0.44679499976336956
  landing: 0.052465527318418026
  view-data: 0.19334288034588099
