times:
  edit-metadata: 0.6403404260054231
  landing: 0.04163316497579217
  view-data: 0.19415302015841007
