times:
  landing: 0.5596330410000121
  view-data: 0.5494993050000119
