times:
  edit-metadata: 0.6140986579994205
  landing: 0.0472820780123584
  view-data: 0.19208902600803412
