times:
  edit-metadata: 0.5229750240105204
  landing: 0.07606733299326152
  view-data: 0.22226177400443703
