times:
  edit-metadata: 1.2585572227835655
  landing: 0.021933536045253277
  view-data: 0.12434656172990799
