times:
  edit-metadata: 1.2624564776197076
  landing: 0.021356777288019657
  view-data: 0.026133904233574867
