times:
  edit-metadata: 0.5299044090788811
  landing: 0.05079567700158805
  view-data: 0.21776835806667805
