times:
  edit-metadata: 0.538948230445385
  landing: 0.04843662679195404
  view-data: 0.1953468769788742
