times:
  edit-metadata: 0.5936532790074125
  landing: 0.04474095196928829
  view-data: 0.19667311402736232
