times:
  edit-metadata: 1.6468095930758864
  landing: 0.9558105169562623
  view-data: 3.320726561010815
