times:
  edit-metadata: 1.49134093336761
  landing: 0.8509080577641726
  view-data: 3.4131532665342093
