times:
  edit-metadata: 2.4052253803238273
  landing: 2.049088940024376
  view-data: 4.087070517241955
