times:
  edit-metadata: 1.2766961259767413
  landing: 0.020298481918871403
  view-data: 0.1178842606022954
