times:
  edit-metadata: 1.3196984780952334
  landing: 0.020233054645359516
  view-data: 0.030097119510173798
