times:
  edit-metadata: 1.5561877973377705
  landing: 0.8107158616185188
  view-data: 3.3525184206664562
