times:
  edit-metadata: 1.5597993675619364
  landing: 0.8185025341808796
  view-data: 3.4066749904304743
