times:
  landing: 0.5585561550000193
  view-data: 0.5590311560000032
