times:
  edit-metadata: 1.3541281074285507
  landing: 0.022595803253352642
  view-data: 0.41355390287935734
