times:
  edit-metadata: 0.5136479325592518
  landing: 0.04905020818114281
  view-data: 0.20121657475829124
