times:
  edit-metadata: 1.3012013211846352
  landing: 0.020446427166461945
  view-data: 0.022186623886227608
