times:
  edit-metadata: 0.4272382650524378
  landing: 0.04263065196573734
  view-data: 0.19199760304763913
