times:
  edit-metadata: 1.295381828211248
  landing: 0.6853500008583069
  view-data: 3.269055516459048
