times:
  edit-metadata: 1.3115610929671675
  landing: 0.7140420160721987
  view-data: 3.3349208489526063
