times:
  edit-metadata: 1.5849495455622673
  landing: 0.7286984473466873
  view-data: 3.4068208802491426
