times:
  edit-metadata: 0.5852795579703525
  landing: 0.05408069002442062
  view-data: 0.18559122702572495
