times:
  edit-metadata: 0.5400192076340318
  landing: 0.052580423187464476
  view-data: 0.20926163205876946
