times:
  edit-metadata: 1.5000987984240055
  landing: 0.8582887537777424
  view-data: 3.310536812990904
