times:
  edit-metadata: 0.5883482843637466
  landing: 0.4988713078200817
  view-data: 0.19792380183935165
