times:
  edit-metadata: 0.45257777397637255
  landing: 0.052324646996567026
  view-data: 0.21300285001052544
