times:
  landing: 0.5558367210000483
  view-data: 0.5681686899999931
