times:
  landing: 3.2197851180000043
  view-data: 0.5688600429999724
