times:
  edit-metadata: 0.5369914434850216
  landing: 0.6191226113587618
  view-data: 0.17934091202914715
