times:
  landing: 0.5449532709999971
  view-data: 0.5504549290000114
