times:
  edit-metadata: 1.417734608054161
  landing: 0.8889578320086002
  view-data: 3.3394038565456867
