times:
  edit-metadata: 1.3996400609612465
  landing: 0.778094407171011
  view-data: 3.3465685434639454
