times:
  edit-metadata: 1.5812131129205227
  landing: 0.7771933656185865
  view-data: 3.442632829770446
