times:
  edit-metadata: 1.4426288846880198
  landing: 0.1659446731209755
  view-data: 0.48780970834195614
