times:
  edit-metadata: 0.5520057501271367
  landing: 0.058816210832446814
  view-data: 0.25883919233456254
