times:
  edit-metadata: 0.7145052668638527
  landing: 0.0502502778545022
  view-data: 0.19425139483064413
