times:
  landing: 0.5691779759999918
  view-data: 0.5577192409999725
