times:
  edit-metadata: 0.4424207587726414
  landing: 0.04479112010449171
  view-data: 0.19341531302779913
