times:
  landing: 0.5548987919999604
  view-data: 0.5520056789999899
