times:
  edit-metadata: 1.5622699428349733
  landing: 0.7449760045856237
  view-data: 3.3830271642655134
