times:
  edit-metadata: 1.5452158637344837
  landing: 0.023395288735628128
  view-data: 0.13524558395147324
