times:
  edit-metadata: 0.6320902199950069
  landing: 0.05315298499772325
  view-data: 0.21084124996559694
