times:
  edit-metadata: 1.8090087724849582
  landing: 0.020620916970074177
  view-data: 0.02793755568563938
