times:
  edit-metadata: 1.6142302490770817
  landing: 0.8905416838824749
  view-data: 3.368578899651766
