times:
  landing: 0.5604906720000145
  view-data: 0.5569158540000103
