times:
  edit-metadata: 0.5296437040087767
  landing: 0.08379639001213945
  view-data: 0.22460176300955936
