times:
  edit-metadata: 0.5219876120099798
  landing: 0.10383012701640837
  view-data: 0.269869915995514
