times:
  edit-metadata: 0.4310175492428243
  landing: 0.0457382439635694
  view-data: 0.19946580799296498
