times:
  edit-metadata: 1.3802655711770058
  landing: 0.020920688286423683
  view-data: 0.3512191865593195
