times:
  edit-metadata: 1.5296270959079266
  landing: 0.9124977104365826
  view-data: 3.4214057810604572
