times:
  edit-metadata: 0.6285067930584773
  landing: 0.045141255017369986
  view-data: 0.19271030998788774
