times:
  edit-metadata: 1.4718457087874413
  landing: 0.6874072849750519
  view-data: 3.330276656895876
