times:
  landing: 0.5555582339999887
  view-data: 0.5530406379999704
