times:
  edit-metadata: 0.6087036959361285
  landing: 0.0506227919831872
  view-data: 0.18931689905002713
