times:
  edit-metadata: 0.6021352660027333
  landing: 0.04595286599942483
  view-data: 0.18908608799392823
