times:
  edit-metadata: 0.4359813630580902
  landing: 0.07256001094356179
  view-data: 0.23191363690420985
