times:
  edit-metadata: 1.4034711420536041
  landing: 0.23063118755817413
  view-data: 0.4500673729926348
