times:
  edit-metadata: 1.586334620602429
  landing: 0.8980787545442581
  view-data: 3.462236225605011
