times:
  edit-metadata: 0.5224122777581215
  landing: 0.5841978080570698
  view-data: 0.5988239496946335
