times:
  edit-metadata: 1.4350061509758234
  landing: 0.020978894084692
  view-data: 0.02691549528390169
