times:
  edit-metadata: 0.441450335085392
  landing: 0.048030395060777664
  view-data: 0.22445337194949389
