times:
  edit-metadata: 1.5517427623271942
  landing: 0.7318293750286102
  view-data: 3.4097178485244513
