times:
  edit-metadata: 0.44303596392273903
  landing: 0.04644729010760784
  view-data: 0.20025191828608513
