times:
  edit-metadata: 1.5119366920553148
  landing: 0.9568680580705404
  view-data: 3.563972255215049
