times:
  edit-metadata: 1.72263003885746
  landing: 0.9278261251747608
  view-data: 3.358123067766428
