times:
  edit-metadata: 0.448159322142601
  landing: 0.050994252786040306
  view-data: 0.1990221538580954
