times:
  edit-metadata: 0.6076682158745825
  landing: 0.05421010358259082
  view-data: 0.19341976335272193
