times:
  edit-metadata: 0.45292306994087994
  landing: 0.04934504581615329
  view-data: 0.20583332399837673
