times:
  edit-metadata: 0.5279687456786633
  landing: 0.05191144347190857
  view-data: 0.2018488645553589
