times:
  edit-metadata: 1.5431407690048218
  landing: 0.14241815358400345
  view-data: 0.4329617749899626
