times:
  landing: 1.133760590999998
  view-data: 0.5534658820000118
