times:
  edit-metadata: 0.4400564539246261
  landing: 0.04902819590643048
  view-data: 0.20883071795105934
