times:
  landing: 1.0674199439999938
  view-data: 0.5537036709999938
