times:
  edit-metadata: 0.4946387894451618
  landing: 0.6049779616296291
  view-data: 0.5969096794724464
