times:
  edit-metadata: 0.49676311388611794
  landing: 0.6176489405333996
  view-data: 0.20146193727850914
