times:
  landing: 1.0727564489999963
  view-data: 0.5529960439999968
