times:
  edit-metadata: 1.5140341818332672
  landing: 0.8559195548295975
  view-data: 3.4025271050632
