times:
  edit-metadata: 1.2770523000508547
  landing: 0.09534043073654175
  view-data: 0.026129954494535923
