times:
  edit-metadata: 1.5227542575448751
  landing: 0.7296825535595417
  view-data: 3.383315395563841
