times:
  edit-metadata: 1.2894362127408385
  landing: 0.022321580909192562
  view-data: 0.27596062421798706
