times:
  edit-metadata: 1.3738121706992388
  landing: 0.019041910767555237
  view-data: 0.4929430056363344
