times:
  edit-metadata: 0.5382990501821041
  landing: 0.05187416821718216
  view-data: 0.1949433721601963
