times:
  edit-metadata: 0.5147797800600529
  landing: 0.0831975219771266
  view-data: 0.227602603379637
