times:
  edit-metadata: 2.525217467918992
  landing: 1.3580416571348906
  view-data: 3.4979373551905155
