times:
  edit-metadata: 0.43123782193288207
  landing: 0.04769111284986138
  view-data: 0.19866740982979536
