times:
  edit-metadata: 2.2911124313250184
  landing: 0.02584351785480976
  view-data: 0.04691074416041374
