times:
  edit-metadata: 0.5135295391082764
  landing: 0.049346622079610825
  view-data: 0.197134081274271
