times:
  edit-metadata: 0.43614360806532204
  landing: 0.0716964821331203
  view-data: 0.21081456099636853
