times:
  edit-metadata: 0.6582018518820405
  landing: 0.07971539697609842
  view-data: 0.19192914781160653
