times:
  edit-metadata: 1.3541306238621473
  landing: 0.01996996719390154
  view-data: 0.026495755650103092
