times:
  edit-metadata: 0.5293124467134476
  landing: 0.6686258353292942
  view-data: 0.41616731882095337
