times:
  edit-metadata: 0.6109988490352407
  landing: 0.04317643999820575
  view-data: 0.1836012559942901
