times:
  landing: 1.0765160480000304
  view-data: 0.5549673830000188
