times:
  landing: 0.5522967640000047
  view-data: 0.553256263999998
