times:
  edit-metadata: 1.389996001496911
  landing: 0.2327449508011341
  view-data: 0.13178947754204273
