times:
  edit-metadata: 1.5500291418284178
  landing: 0.90992546454072
  view-data: 3.7320080045610666
