times:
  edit-metadata: 0.4945917169970926
  landing: 0.04689203199814074
  view-data: 0.19798648099822458
