times:
  edit-metadata: 0.5355219260018202
  landing: 0.04718956699798582
  view-data: 0.21647523499996169
