times:
  edit-metadata: 1.3480232707224786
  landing: 0.8797140447422862
  view-data: 3.3463569609448314
