times:
  edit-metadata: 1.2588852643966675
  landing: 0.02020174916833639
  view-data: 0.02282936777919531
