times:
  landing: 0.5621266849999813
  view-data: 0.06011337900000058
