times:
  edit-metadata: 0.5062863007187843
  landing: 2.1344344057142735
  view-data: 0.6066708024591208
