times:
  edit-metadata: 0.6460801509674639
  landing: 0.0563485671300441
  view-data: 0.29501189989969134
