times:
  edit-metadata: 0.5528891440480947
  landing: 1.4165580458939075
  view-data: 0.401570662856102
