times:
  edit-metadata: 0.5207043479895219
  landing: 0.054433037992566824
  view-data: 0.21909216395579278
