times:
  edit-metadata: 1.647221490740776
  landing: 0.2650017961859703
  view-data: 0.46039719693362713
