times:
  edit-metadata: 0.5557146687060595
  landing: 0.8270764276385307
  view-data: 0.3043455984443426
