times:
  edit-metadata: 1.4462408013641834
  landing: 2.8837036145851016
  view-data: 3.365607894025743
