times:
  edit-metadata: 1.3464465290307999
  landing: 0.018728697672486305
  view-data: 0.022623665630817413
