times:
  edit-metadata: 1.2939606290310621
  landing: 0.020412315614521503
  view-data: 0.11856521759182215
