times:
  edit-metadata: 0.5902555919601582
  landing: 0.048421245999634266
  view-data: 0.19638786098221317
