times:
  edit-metadata: 0.5751927122473717
  landing: 0.7531053982675076
  view-data: 0.41644201427698135
