times:
  landing: 0.5526900169999749
  view-data: 0.5567184209999709
