times:
  landing: 0.5730544749999922
  view-data: 0.5609131729999888
