times:
  edit-metadata: 1.5055748000741005
  landing: 0.829499214887619
  view-data: 3.332837726920843
