times:
  edit-metadata: 1.4425378181040287
  landing: 0.7674012891948223
  view-data: 3.281258836388588
