times:
  edit-metadata: 0.5290340470382944
  landing: 0.0733172099571675
  view-data: 0.219882596982643
