times:
  edit-metadata: 0.5572190284729004
  landing: 0.05731479823589325
  view-data: 0.19174586609005928
