times:
  edit-metadata: 1.4862603060901165
  landing: 0.2559600155800581
  view-data: 0.1379495281726122
