times:
  landing: 0.5516542189999996
  view-data: 0.09267524599999888
