times:
  edit-metadata: 0.4291564510203898
  landing: 0.047626727260649204
  view-data: 0.19109071418642998
