times:
  edit-metadata: 1.4941377479117364
  landing: 0.8069438629318029
  view-data: 3.3615868878550828
