times:
  edit-metadata: 0.5991984810680151
  landing: 0.5089012533426285
  view-data: 0.1905229203402996
