times:
  edit-metadata: 1.5527612939476967
  landing: 0.7703449688851833
  view-data: 3.43766950070858
