times:
  edit-metadata: 0.4256442077457905
  landing: 0.051345561165362597
  view-data: 0.19827306689694524
