times:
  edit-metadata: 0.6047401148825884
  landing: 0.05628286488354206
  view-data: 0.20509927906095982
