times:
  edit-metadata: 1.4054811336100101
  landing: 0.8440359085798264
  view-data: 3.4421943463385105
