times:
  edit-metadata: 1.2924732770770788
  landing: 0.02162176463752985
  view-data: 0.20595276355743408
