times:
  edit-metadata: 1.3499346198514104
  landing: 0.21170484460890293
  view-data: 0.026475771330296993
