times:
  edit-metadata: 0.45012932550162077
  landing: 0.040679953061044216
  view-data: 0.2149989791214466
