times:
  edit-metadata: 0.584821879863739
  landing: 0.3785112798213959
  view-data: 0.19270574487745762
