times:
  edit-metadata: 1.5144022405147552
  landing: 0.021240776404738426
  view-data: 0.312259653583169
