times:
  edit-metadata: 0.556311784312129
  landing: 0.061714982613921165
  view-data: 0.21730493195354939
