times:
  edit-metadata: 0.5043904352933168
  landing: 0.6189337130635977
  view-data: 0.1912474799901247
