times:
  landing: 1.0636463029999845
  view-data: 0.5490560370000139
