times:
  edit-metadata: 0.432548807002604
  landing: 0.04176207818090916
  view-data: 0.19835243094712496
