times:
  edit-metadata: 1.7099304646253586
  landing: 1.103940263390541
  view-data: 3.3822914734482765
