times:
  edit-metadata: 0.4948534780414775
  landing: 0.08049945393577218
  view-data: 0.220289072021842
