times:
  edit-metadata: 0.5480114659294486
  landing: 0.13109669415280223
  view-data: 0.21445954637601972
