times:
  edit-metadata: 1.4101882865652442
  landing: 0.02018455509096384
  view-data: 0.12062281649559736
