times:
  edit-metadata: 0.45570706855505705
  landing: 0.046004860661923885
  view-data: 0.1995080392807722
