times:
  edit-metadata: 1.2702647522091866
  landing: 0.020682280883193016
  view-data: 0.024592220783233643
