times:
  edit-metadata: 1.5349634028971195
  landing: 0.8992046229541302
  view-data: 3.4310878477990627
