times:
  edit-metadata: 0.5138809630007017
  landing: 0.06799409798986744
  view-data: 0.22433484200155362
