times:
  edit-metadata: 1.296947617083788
  landing: 0.023164380341768265
  view-data: 0.02565864846110344
