times:
  edit-metadata: 1.6936943773180246
  landing: 0.8649923461489379
  view-data: 3.3948833742178977
