times:
  landing: 0.5445239350000008
  view-data: 0.5442238310000107
