times:
  edit-metadata: 1.525611985474825
  landing: 0.7198209203779697
  view-data: 3.3881459273397923
