times:
  edit-metadata: 0.4149536890909076
  landing: 0.10843060305342078
  view-data: 0.21328078489750624
