times:
  edit-metadata: 0.6100584850646555
  landing: 0.04713272489607334
  view-data: 0.18055622396059334
