times:
  edit-metadata: 1.5141326636075974
  landing: 0.8428145488724113
  view-data: 3.3731396682560444
