times:
  edit-metadata: 1.4051630515605211
  landing: 0.13020412251353264
  view-data: 0.02589515969157219
