times:
  landing: 0.5501051260000622
  view-data: 0.5514827199999672
