times:
  landing: 1.0848262549999959
  view-data: 0.5589752930000031
