times:
  edit-metadata: 1.4820199832320213
  landing: 0.8143402636051178
  view-data: 3.3755989745259285
