times:
  edit-metadata: 1.9431646056473255
  landing: 1.1940443217754364
  view-data: 3.476180460304022
