times:
  edit-metadata: 0.5941258149687201
  landing: 0.05265425506513566
  view-data: 0.1917062500724569
