times:
  edit-metadata: 1.2979741115123034
  landing: 0.022133858874440193
  view-data: 0.024658258073031902
