times:
  edit-metadata: 0.6513281748630106
  landing: 0.05394423007965088
  view-data: 0.19613617518916726
