times:
  landing: 0.5554684800000018
  view-data: 0.5523325450000129
