times:
  edit-metadata: 0.6138596751261503
  landing: 0.05871236207894981
  view-data: 0.183518520090729
