times:
  edit-metadata: 0.41980725014582276
  landing: 0.04596147174015641
  view-data: 0.19161698082461953
