times:
  edit-metadata: 1.2891597775742412
  landing: 0.020824726670980453
  view-data: 0.12534493207931519
