times:
  edit-metadata: 1.5075287446379662
  landing: 0.7630822602659464
  view-data: 3.3764600940048695
