times:
  edit-metadata: 0.612898959312588
  landing: 0.05655500432476401
  view-data: 0.18728027772158384
