times:
  landing: 0.5454271330000893
  view-data: 0.5451688289999765
