times:
  edit-metadata: 1.8321355283260345
  landing: 0.9849057048559189
  view-data: 3.3726630695164204
