times:
  edit-metadata: 1.381136069074273
  landing: 0.020078865811228752
  view-data: 0.5196889359503984
