times:
  landing: 1.073544677999962
  view-data: 0.5567833190000329
