times:
  edit-metadata: 1.563864627853036
  landing: 0.7454509995877743
  view-data: 3.4507111832499504
