times:
  edit-metadata: 1.3225237745791674
  landing: 0.24441851116716862
  view-data: 0.3401829171925783
