times:
  edit-metadata: 1.4891435261815786
  landing: 0.01877153478562832
  view-data: 0.2777293361723423
