times:
  landing: 0.5544320189999894
  view-data: 0.6034179119999976
