times:
  edit-metadata: 1.6133550256490707
  landing: 0.7886228822171688
  view-data: 3.4242087826132774
