times:
  edit-metadata: 1.5264691263437271
  landing: 0.8063177987933159
  view-data: 3.365767255425453
