times:
  edit-metadata: 0.5397967454046011
  landing: 0.48609322495758533
  view-data: 0.29616756178438663
