times:
  landing: 0.5626709849999827
  view-data: 0.5596965750000038
