times:
  edit-metadata: 1.3725820295512676
  landing: 0.11547224316745996
  view-data: 0.024440428242087364
