times:
  edit-metadata: 0.6289572059176862
  landing: 0.05673788790591061
  view-data: 0.18191892001777887
