times:
  edit-metadata: 0.5295913089066744
  landing: 0.06725134700536728
  view-data: 0.22083210200071335
