times:
  edit-metadata: 0.6130202350323088
  landing: 0.04152874095598236
  view-data: 0.1923557950067334
