times:
  landing: 0.55114086399999
  view-data: 0.5555951949999951
