times:
  edit-metadata: 0.5278623476624489
  landing: 0.05260248854756355
  view-data: 0.1999877616763115
