times:
  edit-metadata: 1.7631336823105812
  landing: 0.9305972419679165
  view-data: 3.3302641808986664
