times:
  edit-metadata: 1.3965407852083445
  landing: 0.1817347789183259
  view-data: 0.41102860774844885
