times:
  edit-metadata: 1.2836927911266685
  landing: 0.0217170687392354
  view-data: 0.4054521834477782
