times:
  edit-metadata: 0.4500092128291726
  landing: 0.05545628699474037
  view-data: 0.20575572992675006
