times:
  edit-metadata: 1.3192084785550833
  landing: 0.02248152531683445
  view-data: 0.12361427675932646
