times:
  edit-metadata: 2.6265419963747263
  landing: 0.36252774856984615
  view-data: 0.7773462422192097
