times:
  edit-metadata: 0.6118761389516294
  landing: 0.048611386911943555
  view-data: 0.18959111790172756
