times:
  edit-metadata: 0.6085737473331392
  landing: 0.052162486128509045
  view-data: 0.1923315986059606
