times:
  edit-metadata: 1.4869955494068563
  landing: 0.7848610309883952
  view-data: 3.341633785981685
