times:
  edit-metadata: 1.4548861477524042
  landing: 0.17729735001921654
  view-data: 0.026067156344652176
