times:
  edit-metadata: 1.333926440216601
  landing: 0.1613138411194086
  view-data: 0.1191318491473794
