times:
  edit-metadata: 0.5236511379480362
  landing: 0.04963885620236397
  view-data: 0.19741461426019669
