times:
  edit-metadata: 0.6619714639964513
  landing: 0.049452797014964744
  view-data: 0.19983912000316195
