times:
  edit-metadata: 0.5503353420644999
  landing: 0.066012694966048
  view-data: 0.2276463843882084
