times:
  edit-metadata: 0.5138555355370045
  landing: 0.04949983209371567
  view-data: 0.19676905870437622
