times:
  edit-metadata: 1.3449815642088652
  landing: 0.01948358491063118
  view-data: 0.11962059140205383
