times:
  edit-metadata: 0.6475823959335685
  landing: 0.05575594399124384
  view-data: 0.19783232989721
