times:
  edit-metadata: 0.41792411217465997
  landing: 0.048100514337420464
  view-data: 0.1834239261224866
