times:
  edit-metadata: 1.512736575677991
  landing: 0.6839909851551056
  view-data: 3.366598015651107
