times:
  edit-metadata: 0.6055995230562985
  landing: 0.04733395320363343
  view-data: 0.18892415380105376
