times:
  edit-metadata: 1.5150530897080898
  landing: 0.7147602513432503
  view-data: 3.3924143444746733
