times:
  edit-metadata: 3.0155748035758734
  landing: 1.9267971366643906
  view-data: 4.897809207439423
