times:
  edit-metadata: 1.530490592122078
  landing: 0.8503492996096611
  view-data: 3.392231449484825
