times:
  edit-metadata: 1.37593793310225
  landing: 0.019704945385456085
  view-data: 0.10087038390338421
