times:
  edit-metadata: 1.5520831122994423
  landing: 0.7784351166337729
  view-data: 3.3849201183766127
