times:
  edit-metadata: 1.5566695351153612
  landing: 0.7773274723440409
  view-data: 3.4217066522687674
