times:
  landing: 1.0644005880000122
  view-data: 0.5807926239999688
