times:
  edit-metadata: 1.617405690252781
  landing: 0.8727677203714848
  view-data: 3.37527322024107
