times:
  edit-metadata: 0.42790354788303375
  landing: 0.054234993644058704
  view-data: 0.19661825196817517
