times:
  edit-metadata: 0.5905486210249364
  landing: 0.04615004899096675
  view-data: 0.19034353902679868
