times:
  edit-metadata: 1.6958943903446198
  landing: 1.0249605122953653
  view-data: 3.3944426849484444
