times:
  edit-metadata: 1.5574063528329134
  landing: 0.837156530469656
  view-data: 3.404423039406538
