times:
  edit-metadata: 1.4312403984367847
  landing: 0.82895353063941
  view-data: 3.32725141197443
