times:
  edit-metadata: 0.5511273969896138
  landing: 0.13202076219022274
  view-data: 0.270630048122257
