times:
  edit-metadata: 1.580780142918229
  landing: 0.8579177130013704
  view-data: 3.3953791577368975
