times:
  edit-metadata: 0.424883347004652
  landing: 0.05349993798881769
  view-data: 0.1961115119047463
