times:
  edit-metadata: 1.32993845641613
  landing: 0.019374942407011986
  view-data: 0.02177252061665058
