times:
  edit-metadata: 1.3025067131966352
  landing: 0.1746663013473153
  view-data: 0.20542135555297136
