times:
  landing: 1.072281610999994
  view-data: 0.5590739529999951
