times:
  edit-metadata: 0.5271179303526878
  landing: 0.05651314929127693
  view-data: 0.1833983063697815
