times:
  edit-metadata: 1.756675235927105
  landing: 1.061469927430153
  view-data: 3.4192421808838844
