times:
  edit-metadata: 0.46555573493242264
  landing: 0.039891074411571026
  view-data: 0.20387375447899103
