times:
  edit-metadata: 0.43850738322362304
  landing: 0.04534301394596696
  view-data: 0.19559649983420968
