times:
  edit-metadata: 1.5355511419475079
  landing: 0.6970117501914501
  view-data: 3.40930737555027
