times:
  edit-metadata: 0.5989005900919437
  landing: 0.04945832409430295
  view-data: 0.19519988098181784
