times:
  edit-metadata: 1.5684227757155895
  landing: 0.8228599280118942
  view-data: 3.4211626648902893
