times:
  landing: 1.087175183999534
  view-data: 0.5539165909995063
