times:
  edit-metadata: 0.5283027719706297
  landing: 0.5695221144706011
  view-data: 0.5926771406084299
