times:
  edit-metadata: 0.5621473770588636
  landing: 0.06284774001687765
  view-data: 0.215880888979882
