times:
  edit-metadata: 1.6547913867980242
  landing: 0.9399090353399515
  view-data: 3.4334408715367317
