times:
  edit-metadata: 0.432825556024909
  landing: 0.07190263993106782
  view-data: 0.2135406379820779
