times:
  edit-metadata: 0.7547700279392302
  landing: 0.06408253288827837
  view-data: 0.19587931595742702
