times:
  edit-metadata: 1.2882143501192331
  landing: 0.11975706648081541
  view-data: 0.09972027223557234
