times:
  edit-metadata: 1.2959573697298765
  landing: 0.0209366325289011
  view-data: 0.2896469756960869
