times:
  edit-metadata: 2.215614842250943
  landing: 0.9724353468045592
  view-data: 3.2870844611898065
