times:
  edit-metadata: 0.5361676681786776
  landing: 0.8023280464112759
  view-data: 0.32176846265792847
