times:
  edit-metadata: 1.3080319268628955
  landing: 0.021606293506920338
  view-data: 0.026779831387102604
