times:
  edit-metadata: 1.3719449378550053
  landing: 0.2521927934139967
  view-data: 0.319173039868474
