times:
  edit-metadata: 1.4278560001403093
  landing: 0.12430121097713709
  view-data: 0.029590873047709465
