times:
  edit-metadata: 1.589566919952631
  landing: 1.2224784307181835
  view-data: 3.378098763525486
