times:
  edit-metadata: 1.3951638881117105
  landing: 0.01958514004945755
  view-data: 0.12783756479620934
