times:
  edit-metadata: 0.5251007890037727
  landing: 0.0746369710250292
  view-data: 0.20969684200827032
