times:
  edit-metadata: 1.2736954744905233
  landing: 0.16073866467922926
  view-data: 0.02616027183830738
