times:
  landing: 0.5525362340000015
  view-data: 0.5532799400000101
