times:
  edit-metadata: 0.5120724570006132
  landing: 0.06741850078105927
  view-data: 0.22141750901937485
