times:
  edit-metadata: 1.4105299208313227
  landing: 0.020574823021888733
  view-data: 0.3244102671742439
