times:
  landing: 0.5615924059999884
  view-data: 0.5513285709999991
