times:
  edit-metadata: 1.4062562212347984
  landing: 0.7222486510872841
  view-data: 3.3009850829839706
