times:
  edit-metadata: 1.4988866075873375
  landing: 0.8434148794040084
  view-data: 3.3687825771048665
