times:
  edit-metadata: 0.5413052290678024
  landing: 0.04991314560174942
  view-data: 0.1926659606397152
