times:
  edit-metadata: 1.5255730487406254
  landing: 0.02592017501592636
  view-data: 0.22563286498188972
