times:
  edit-metadata: 1.6424117740243673
  landing: 0.36020505242049694
  view-data: 0.4162397366017103
