times:
  edit-metadata: 1.542622046545148
  landing: 0.6925992835313082
  view-data: 3.3863077722489834
