times:
  edit-metadata: 1.4724024944007397
  landing: 0.16570571810007095
  view-data: 0.45165265165269375
