times:
  edit-metadata: 1.6515042297542095
  landing: 1.1025475189089775
  view-data: 3.4658263102173805
