times:
  landing: 0.5544301740000037
  view-data: 0.5618028209999579
