times:
  edit-metadata: 0.43928677099756896
  landing: 0.05528565007261932
  view-data: 0.20832518697716296
