times:
  edit-metadata: 0.4326276551000774
  landing: 0.07582093914970756
  view-data: 0.21795398695394397
