times:
  edit-metadata: 1.3211617395281792
  landing: 0.020051983185112476
  view-data: 0.10114672593772411
