times:
  edit-metadata: 1.5534544214606285
  landing: 0.9227545522153378
  view-data: 3.376961871981621
