times:
  landing: 0.5534954850000986
  view-data: 0.551887875000034
