times:
  landing: 0.5534229149999419
  view-data: 0.5529663130000699
