times:
  edit-metadata: 1.3080206653103232
  landing: 0.022003005258738995
  view-data: 0.4121575830504298
