times:
  edit-metadata: 0.6475255830446258
  landing: 0.05135716998483986
  view-data: 0.19716230302583426
