times:
  edit-metadata: 1.334340845234692
  landing: 0.1611233176663518
  view-data: 0.14447848405689
