times:
  edit-metadata: 1.4142068587243557
  landing: 0.8457250259816647
  view-data: 3.380189783871174
