times:
  edit-metadata: 0.446358785033226
  landing: 0.04570009279996157
  view-data: 0.18727572495117784
