times:
  edit-metadata: 1.3799964999780059
  landing: 0.02062722109258175
  view-data: 0.3216589652001858
