times:
  edit-metadata: 1.29786335863173
  landing: 0.16940623708069324
  view-data: 0.33135209791362286
