times:
  edit-metadata: 0.6175011389423162
  landing: 0.04482412990182638
  view-data: 0.18750902987085283
