times:
  edit-metadata: 1.286734750494361
  landing: 0.20418420061469078
  view-data: 0.12220356706529856
