times:
  edit-metadata: 1.5682483687996864
  landing: 0.024416159838438034
  view-data: 0.16511579416692257
