times:
  edit-metadata: 1.473256852477789
  landing: 0.8337608492001891
  view-data: 0.511798775754869
