times:
  edit-metadata: 1.5828064791858196
  landing: 0.698468241840601
  view-data: 3.391608152538538
