times:
  edit-metadata: 0.4443176886998117
  landing: 0.0523246587254107
  view-data: 0.20900121796876192
