times:
  edit-metadata: 1.495127346366644
  landing: 0.8749726377427578
  view-data: 3.4215069487690926
