times:
  edit-metadata: 1.3237412683665752
  landing: 0.14418473094701767
  view-data: 0.15326648950576782
