times:
  edit-metadata: 0.5758645832538605
  landing: 0.6544333100318909
  view-data: 0.29393516294658184
