times:
  landing: 1.0707939749999866
  view-data: 0.5551123150000024
