times:
  edit-metadata: 1.6302513591945171
  landing: 0.9424726106226444
  view-data: 3.448138453066349
