times:
  landing: 0.5509703249999802
  view-data: 0.5531204760000037
