times:
  edit-metadata: 1.6463218443095684
  landing: 0.9066833555698395
  view-data: 3.3558833226561546
