times:
  edit-metadata: 1.5918861906975508
  landing: 0.15507167018949986
  view-data: 0.024989154189825058
