times:
  edit-metadata: 0.42595318518579006
  landing: 0.043609125073999166
  view-data: 0.20929141202941537
