times:
  edit-metadata: 1.440973337739706
  landing: 0.7997136265039444
  view-data: 3.426247116178274
