times:
  edit-metadata: 1.284858069382608
  landing: 0.01999010145664215
  view-data: 0.45037142001092434
