times:
  landing: 1.0895994329999894
  view-data: 0.5610770189999812
