times:
  landing: 1.098614021000003
  view-data: 0.556041209
