times:
  edit-metadata: 0.5116742439568043
  landing: 0.0502193383872509
  view-data: 0.19508200138807297
