times:
  edit-metadata: 1.4808840081095695
  landing: 0.1451043076813221
  view-data: 0.3481157757341862
