times:
  edit-metadata: 0.5968267110001761
  landing: 0.050039937006658874
  view-data: 0.20844234399555717
