times:
  edit-metadata: 0.44341302290558815
  landing: 0.052087089978158474
  view-data: 0.20707082701846957
