times:
  edit-metadata: 0.46840821765363216
  landing: 0.9540677852928638
  view-data: 0.2922748774290085
