times:
  edit-metadata: 1.3838975997641683
  landing: 0.019104687497019768
  view-data: 0.026460747234523296
