times:
  edit-metadata: 3.8155422396957874
  landing: 2.035699423402548
  view-data: 3.4834448136389256
