times:
  edit-metadata: 0.5371767729520798
  landing: 0.798079201951623
  view-data: 0.3092845007777214
