times:
  edit-metadata: 1.5399699658155441
  landing: 0.8257561549544334
  view-data: 3.3944027796387672
