times:
  edit-metadata: 1.4569910243153572
  landing: 0.9016326107084751
  view-data: 3.44171679019928
