times:
  edit-metadata: 1.548118967562914
  landing: 0.8992519304156303
  view-data: 3.412810120731592
