times:
  edit-metadata: 0.9433195430001433
  landing: 0.12561801299989384
  view-data: 0.3083828389999326
