times:
  edit-metadata: 0.47800946421921253
  landing: 0.6591055113822222
  view-data: 0.22924071177840233
