times:
  landing: 1.0805900200000451
  view-data: 0.5578589819999706
