times:
  edit-metadata: 0.6239501310046762
  landing: 0.048332164995372295
  view-data: 0.19457578496076167
