times:
  edit-metadata: 0.43101575784385204
  landing: 0.048703418113291264
  view-data: 0.20384841691702604
