times:
  edit-metadata: 0.47061429894529283
  landing: 0.052568704122677445
  view-data: 0.21032833214849234
