times:
  edit-metadata: 0.6065613030223176
  landing: 0.04661566301365383
  view-data: 0.19502156300586648
