times:
  edit-metadata: 0.43024681229144335
  landing: 0.03963459096848965
  view-data: 0.20658590830862522
