times:
  edit-metadata: 1.5426541585475206
  landing: 0.7871413249522448
  view-data: 3.361060549505055
