times:
  edit-metadata: 1.293138644658029
  landing: 0.020414878614246845
  view-data: 0.11516295000910759
