times:
  edit-metadata: 0.5655561964958906
  landing: 0.6038572955876589
  view-data: 0.20053078420460224
