times:
  edit-metadata: 0.5362415891140699
  landing: 0.814500018954277
  view-data: 0.30167062021791935
