times:
  edit-metadata: 0.4382903343066573
  landing: 0.04578535258769989
  view-data: 0.195683091878891
