times:
  landing: 1.0901262999999801
  view-data: 0.5475868340000147
