times:
  edit-metadata: 0.5295007042586803
  landing: 0.042618393898010254
  view-data: 0.1993553303182125
