times:
  edit-metadata: 1.3832435961812735
  landing: 0.018245704472064972
  view-data: 0.02249801531434059
