times:
  edit-metadata: 1.4697331003844738
  landing: 0.7946090176701546
  view-data: 3.3744296580553055
