times:
  landing: 0.5528086389999771
  view-data: 0.5504344230000129
