times:
  edit-metadata: 1.4954717069631442
  landing: 0.8398363500600681
  view-data: 3.34575653297361
