times:
  edit-metadata: 1.2938924981281161
  landing: 0.21100915223360062
  view-data: 0.02346726879477501
