times:
  edit-metadata: 1.459339575842023
  landing: 0.24273944832384586
  view-data: 0.3420402221381664
