times:
  edit-metadata: 1.2850681068375707
  landing: 0.023008027113974094
  view-data: 0.1203245259821415
