times:
  edit-metadata: 0.5241004377603531
  landing: 1.6231879033148289
  view-data: 0.5936779230833054
