times:
  landing: 1.5983903070000451
  view-data: 0.5606524660000218
