times:
  edit-metadata: 0.5068176500499249
  landing: 0.08847096795216203
  view-data: 0.21840296406298876
