times:
  edit-metadata: 0.4516541080083698
  landing: 0.052448871079832315
  view-data: 0.20989407505840063
