times:
  edit-metadata: 1.4728146754205227
  landing: 0.8931302055716515
  view-data: 3.316667839884758
