times:
  edit-metadata: 0.6211665279697627
  landing: 0.04633009503595531
  view-data: 0.18290822999551892
