times:
  edit-metadata: 1.485463950317353
  landing: 0.8596977829001844
  view-data: 3.4196953289210796
