times:
  edit-metadata: 0.6480879341252148
  landing: 0.07413464481942356
  view-data: 0.197385735809803
