times:
  edit-metadata: 1.301247582770884
  landing: 0.020043442025780678
  view-data: 0.12037896737456322
