times:
  landing: 0.5543018489999838
  view-data: 0.5520797479999828
