times:
  edit-metadata: 0.8255017448682338
  landing: 0.05563619895838201
  view-data: 0.2604750441387296
