times:
  edit-metadata: 0.5792249441146851
  landing: 1.1076466646045446
  view-data: 0.5390121638774872
