times:
  landing: 0.5680633979999357
  view-data: 0.5573906220000708
