times:
  edit-metadata: 1.585241966880858
  landing: 0.8751871190033853
  view-data: 3.4768488730769604
