times:
  edit-metadata: 1.3295502681285143
  landing: 0.11525852978229523
  view-data: 0.02555943839251995
