times:
  landing: 0.557427319999988
  view-data: 0.5547432019999974
