times:
  landing: 1.0835491169999614
  view-data: 0.5546923610000363
