times:
  edit-metadata: 0.5127623360604048
  landing: 0.07055670721456409
  view-data: 0.22875762125477195
