times:
  edit-metadata: 0.46433787886053324
  landing: 0.04433272499591112
  view-data: 0.20465637650340796
