times:
  edit-metadata: 1.53411501692608
  landing: 0.7817514706403017
  view-data: 3.303928747307509
