times:
  edit-metadata: 1.2787843029946089
  landing: 0.020769433118402958
  view-data: 0.024538842029869556
