times:
  edit-metadata: 0.5263437889516354
  landing: 1.1377555876970291
  view-data: 0.31534213572740555
