times:
  edit-metadata: 1.3889219406992197
  landing: 0.11325238831341267
  view-data: 0.3475592080503702
