times:
  landing: 0.5504342680000036
  view-data: 0.5612142820000088
