times:
  edit-metadata: 0.6673379130661488
  landing: 0.061030359007418156
  view-data: 0.18698691995814443
