times:
  landing: 0.5476865130000022
  view-data: 0.545068778000001
