times:
  landing: 0.5498045599999841
  view-data: 0.5541822860000138
