times:
  edit-metadata: 1.3356610033661127
  landing: 0.020146513357758522
  view-data: 0.02616152074187994
