times:
  edit-metadata: 0.42248395923525095
  landing: 0.048821568954735994
  view-data: 0.1952175865881145
