times:
  edit-metadata: 0.5170182436704636
  landing: 0.5667755883187056
  view-data: 0.6034181397408247
