times:
  edit-metadata: 1.9732430949807167
  landing: 1.2710881438106298
  view-data: 3.6902709864079952
