times:
  edit-metadata: 1.4845896158367395
  landing: 0.7140984386205673
  view-data: 3.2907060384750366
