times:
  edit-metadata: 1.4710368011146784
  landing: 0.7628726460970938
  view-data: 3.331990602891892
