times:
  edit-metadata: 1.4405697686597705
  landing: 0.7365415329113603
  view-data: 3.308295262977481
