times:
  edit-metadata: 0.6023137210868299
  landing: 0.13216015184298158
  view-data: 0.24757278291508555
