times:
  edit-metadata: 1.5054756291210651
  landing: 0.019971643574535847
  view-data: 0.025392678566277027
