times:
  edit-metadata: 0.4254925949499011
  landing: 0.042140593752264977
  view-data: 0.20180147513747215
