times:
  edit-metadata: 0.44425237411633134
  landing: 0.054999756161123514
  view-data: 0.20760877197608352
