times:
  edit-metadata: 1.2962546069175005
  landing: 0.019925550557672977
  view-data: 0.02603190205991268
