times:
  edit-metadata: 0.4841324966400862
  landing: 0.5720108710229397
  view-data: 0.6028946712613106
