times:
  edit-metadata: 1.5207073763012886
  landing: 0.7434307038784027
  view-data: 3.3964002020657063
