times:
  edit-metadata: 1.2806694079190493
  landing: 0.020943070761859417
  view-data: 0.025901462882757187
