times:
  edit-metadata: 1.4864980541169643
  landing: 0.9405192956328392
  view-data: 3.351199198514223
