times:
  edit-metadata: 1.3850419064983726
  landing: 0.13337775506079197
  view-data: 0.023270737379789352
