times:
  edit-metadata: 0.737002934794873
  landing: 0.06277939304709435
  view-data: 0.2012214632704854
