times:
  edit-metadata: 0.45229363488033414
  landing: 0.04729228396899998
  view-data: 0.20654116291552782
