times:
  landing: 0.5529060190000052
  view-data: 0.5590034100000025
