times:
  edit-metadata: 1.766281045973301
  landing: 1.2839245796203613
  view-data: 3.322922680526972
