times:
  edit-metadata: 1.283997479826212
  landing: 0.13847595732659101
  view-data: 0.025561613962054253
