times:
  edit-metadata: 1.2481233682483435
  landing: 0.02271386794745922
  view-data: 0.41159239783883095
