times:
  edit-metadata: 1.3204440139234066
  landing: 0.122926183976233
  view-data: 0.0299546392634511
