times:
  landing: 0.5656494109999812
  view-data: 0.5664753129999553
