times:
  edit-metadata: 1.3042569942772388
  landing: 0.19649634324014187
  view-data: 0.026565667241811752
