times:
  edit-metadata: 1.3009301563724875
  landing: 0.8321463596075773
  view-data: 3.376990503631532
