times:
  edit-metadata: 1.440485528903082
  landing: 0.783341997070238
  view-data: 3.3679937820415944
