times:
  edit-metadata: 0.5102312155067921
  landing: 1.1303845420479774
  view-data: 0.5806664749979973
