times:
  edit-metadata: 0.6135041490197182
  landing: 0.07043597381561995
  view-data: 0.267581514082849
