times:
  edit-metadata: 1.4833659827709198
  landing: 0.9002367127686739
  view-data: 3.3634531814604998
