times:
  edit-metadata: 0.4346010908484459
  landing: 0.05322874616831541
  view-data: 0.2043707212433219
