times:
  edit-metadata: 0.5192462569102645
  landing: 0.03991303592920303
  view-data: 0.20257156901061535
