times:
  edit-metadata: 1.478241141885519
  landing: 0.7600782252848148
  view-data: 3.3370922431349754
