times:
  edit-metadata: 0.5237233806401491
  landing: 1.053613219410181
  view-data: 0.32068342342972755
