times:
  edit-metadata: 0.4177206661552191
  landing: 0.04934452287852764
  view-data: 0.19760165410116315
