times:
  edit-metadata: 0.5868310029618442
  landing: 0.04675273038446903
  view-data: 0.1882637059316039
