times:
  edit-metadata: 1.6200837045907974
  landing: 0.27523999474942684
  view-data: 0.4169237967580557
