times:
  edit-metadata: 0.5467993160127662
  landing: 0.06438704501488246
  view-data: 0.2149416040047072
