times:
  edit-metadata: 0.5533761903643608
  landing: 0.6815845314413309
  view-data: 0.5291030425578356
