times:
  edit-metadata: 1.5131288319826126
  landing: 0.7866068817675114
  view-data: 3.4011708181351423
