times:
  edit-metadata: 0.597872497048229
  landing: 0.054586749989539385
  view-data: 0.19162726821377873
