times:
  edit-metadata: 0.49444334395229816
  landing: 0.6075187753885984
  view-data: 0.3373525068163872
