times:
  edit-metadata: 1.385833527892828
  landing: 0.8155449517071247
  view-data: 3.3099875561892986
