times:
  edit-metadata: 0.5433766543865204
  landing: 0.4734047781676054
  view-data: 0.19412991404533386
