times:
  edit-metadata: 0.5002650489914231
  landing: 0.07151484797941521
  view-data: 0.207950557989534
