times:
  edit-metadata: 0.5123352706432343
  landing: 0.04425039468333125
  view-data: 0.20132254203781486
