times:
  edit-metadata: 0.5019358042627573
  landing: 0.612813426181674
  view-data: 0.3074631951749325
