times:
  edit-metadata: 0.6489933550183196
  landing: 0.0755187259928789
  view-data: 0.2658752440183889
