times:
  landing: 0.548014290999987
  view-data: 0.5517625999999893
