times:
  edit-metadata: 1.6446992605924606
  landing: 0.16496625542640686
  view-data: 0.03074704483151436
