times:
  landing: 0.5679540090000046
  view-data: 0.05563725700000077
