times:
  edit-metadata: 0.7729386700084433
  landing: 0.05215387500356883
  view-data: 0.1948992990073748
