times:
  landing: 1.0838403899999776
  view-data: 0.5711010769999803
