times:
  edit-metadata: 0.45407320093363523
  landing: 0.07184884184971452
  view-data: 0.18816236406564713
