times:
  landing: 0.5518549390000089
  view-data: 0.5641184720000183
