times:
  edit-metadata: 1.6678117886185646
  landing: 1.183127548545599
  view-data: 3.4061789363622665
