times:
  edit-metadata: 1.48683962225914
  landing: 0.924488577991724
  view-data: 3.4396445862948895
