times:
  edit-metadata: 1.4692171663045883
  landing: 0.8519074246287346
  view-data: 3.300867475569248
