times:
  edit-metadata: 1.4762130379676819
  landing: 0.8070950284600258
  view-data: 0.6422413717955351
