times:
  edit-metadata: 2.601825602352619
  landing: 1.375027347356081
  view-data: 3.454380312934518
