times:
  edit-metadata: 1.4017090536653996
  landing: 0.8077909611165524
  view-data: 3.3883410915732384
