times:
  edit-metadata: 1.5329114254564047
  landing: 0.7889257092028856
  view-data: 3.3933905996382236
