times:
  edit-metadata: 1.4342751819640398
  landing: 0.8618774563074112
  view-data: 3.4232509722933173
