times:
  edit-metadata: 0.46300080802757293
  landing: 0.0556202030275017
  view-data: 0.23360861593391746
