times:
  edit-metadata: 2.427629721350968
  landing: 1.190714837051928
  view-data: 3.5142960087396204
