times:
  landing: 1.0826384360000247
  view-data: 0.5609148650000293
