times:
  edit-metadata: 1.307212539948523
  landing: 0.02236667089164257
  view-data: 0.12360331136733294
