times:
  edit-metadata: 0.40928893396630883
  landing: 0.06645798997487873
  view-data: 0.2162619520095177
