times:
  edit-metadata: 0.4933544583618641
  landing: 0.05444854125380516
  view-data: 0.19198468327522278
