times:
  edit-metadata: 1.9756420459598303
  landing: 0.26422848738729954
  view-data: 0.025993874296545982
