times:
  edit-metadata: 1.2565112551674247
  landing: 1.0349783105775714
  view-data: 3.382385947741568
