times:
  edit-metadata: 0.48403679579496384
  landing: 0.041623497381806374
  view-data: 0.20184519235044718
