times:
  edit-metadata: 1.502735923975706
  landing: 0.9125900119543076
  view-data: 3.411725878715515
