times:
  edit-metadata: 0.4274424589239061
  landing: 0.041618072893470526
  view-data: 0.19104192312806845
