times:
  edit-metadata: 0.5010462552309036
  landing: 0.043912336230278015
  view-data: 0.1996169090270996
