times:
  edit-metadata: 0.5572084542363882
  landing: 0.5400327071547508
  view-data: 0.18389304541051388
