times:
  edit-metadata: 0.5976771309506148
  landing: 0.040741293923929334
  view-data: 0.19517991482280195
