times:
  landing: 0.5437532520000161
  view-data: 0.5475129099999947
