times:
  edit-metadata: 1.5248813722282648
  landing: 0.795650091022253
  view-data: 3.395740829408169
