times:
  landing: 1.0730938089999995
  view-data: 0.5519514380000032
