times:
  edit-metadata: 2.170533951371908
  landing: 0.494641050696373
  view-data: 0.43049150332808495
