times:
  landing: 1.0646844460000011
  view-data: 0.551550476999978
