times:
  edit-metadata: 1.3808100447058678
  landing: 0.833015626296401
  view-data: 3.337686847895384
