times:
  edit-metadata: 0.49769249302335083
  landing: 0.0699213130865246
  view-data: 0.24521943693980575
