times:
  edit-metadata: 0.518300911411643
  landing: 0.7665652558207512
  view-data: 0.4187684766948223
