times:
  edit-metadata: 2.270589519292116
  landing: 2.5731636621057987
  view-data: 3.421619152650237
