times:
  landing: 0.5549354079999773
  view-data: 0.5530769089999978
