times:
  edit-metadata: 1.744066759943962
  landing: 0.6769283935427666
  view-data: 3.3500705286860466
