times:
  landing: 0.5527770799999985
  view-data: 0.5543542930000172
