times:
  edit-metadata: 1.5362379141151905
  landing: 0.7088565044105053
  view-data: 3.3803123719990253
