times:
  edit-metadata: 1.5360001400113106
  landing: 0.1693037487566471
  view-data: 0.36814785562455654
