times:
  edit-metadata: 0.5384574085474014
  landing: 0.810107359662652
  view-data: 0.30970341712236404
