times:
  edit-metadata: 0.4239167096093297
  landing: 0.04160502552986145
  view-data: 0.20364798232913017
