times:
  edit-metadata: 1.5506166405975819
  landing: 1.0951505899429321
  view-data: 3.3721264712512493
