times:
  edit-metadata: 1.5099717732518911
  landing: 0.7947247792035341
  view-data: 3.4070777390152216
