times:
  landing: 0.54804405699997
  view-data: 0.5430103269999336
