times:
  edit-metadata: 1.5951806101948023
  landing: 0.7605026289820671
  view-data: 3.4943356150761247
