times:
  edit-metadata: 0.45316018600715324
  landing: 0.05790105400956236
  view-data: 0.20189220900647342
