times:
  edit-metadata: 2.064539099112153
  landing: 0.023603119887411594
  view-data: 0.48633185401558876
