times:
  edit-metadata: 0.505638126283884
  landing: 0.047550491988658905
  view-data: 0.18958370760083199
