times:
  edit-metadata: 1.5550574902445078
  landing: 0.7540119793266058
  view-data: 3.3836513366550207
