times:
  edit-metadata: 0.41488916194066405
  landing: 0.05364491697400808
  view-data: 0.18926576105877757
