times:
  edit-metadata: 1.5051123462617397
  landing: 0.8315267357975245
  view-data: 3.4373202696442604
