times:
  edit-metadata: 0.6290008070645854
  landing: 0.043678701040335
  view-data: 0.20075754704885185
