times:
  edit-metadata: 1.279482533223927
  landing: 0.02047913335263729
  view-data: 0.02404923178255558
