times:
  edit-metadata: 1.397165097296238
  landing: 0.11777954269200563
  view-data: 0.02621612139046192
