times:
  edit-metadata: 0.49542822875082493
  landing: 0.49282478727400303
  view-data: 0.1846938654780388
