times:
  edit-metadata: 1.4825251437723637
  landing: 0.9035651907324791
  view-data: 3.345838826149702
