times:
  edit-metadata: 0.5824912898242474
  landing: 0.04767699912190437
  view-data: 0.19947801530361176
