times:
  landing: 0.5459695089999741
  view-data: 0.548515440000017
