times:
  edit-metadata: 0.48844242468476295
  landing: 0.04683554917573929
  view-data: 0.1890595369040966
