times:
  edit-metadata: 0.5034018228761852
  landing: 0.061742905993014574
  view-data: 0.2211960037238896
