times:
  edit-metadata: 0.5185111939790659
  landing: 0.04368929099291563
  view-data: 0.19748967501800507
