times:
  edit-metadata: 1.4244104330427945
  landing: 0.8214210700243711
  view-data: 3.4358345572836697
