times:
  landing: 1.0675772349999306
  view-data: 0.5497333450000497
