times:
  edit-metadata: 0.551948192063719
  landing: 0.05833191308192909
  view-data: 0.21591016999445856
