times:
  edit-metadata: 1.3165956176817417
  landing: 0.021740572527050972
  view-data: 0.026494547724723816
