times:
  edit-metadata: 0.5276362001895905
  landing: 0.049554578959941864
  view-data: 0.19807086139917374
