times:
  edit-metadata: 0.5690803565084934
  landing: 0.8953465912491083
  view-data: 0.42071924917399883
