times:
  edit-metadata: 0.5452947479789145
  landing: 0.050797333009541035
  view-data: 0.21905521099688485
