times:
  edit-metadata: 1.2945490833371878
  landing: 0.02041090466082096
  view-data: 0.12425847630947828
