times:
  edit-metadata: 0.4305624889675528
  landing: 0.056243279948830605
  view-data: 0.32136148191057146
