times:
  edit-metadata: 0.4850992066785693
  landing: 0.04790611704811454
  view-data: 0.18835409404709935
