times:
  edit-metadata: 0.7096123998053372
  landing: 0.05183599330484867
  view-data: 0.31105857994407415
