times:
  edit-metadata: 0.4700778948608786
  landing: 0.064512011827901
  view-data: 0.21037694183178246
