times:
  edit-metadata: 0.4513374310336076
  landing: 0.0528908499982208
  view-data: 0.2168881050311029
