times:
  edit-metadata: 0.4995663035660982
  landing: 0.7601002417504787
  view-data: 0.18410484865307808
