times:
  edit-metadata: 1.3013438433408737
  landing: 0.019616425037384033
  view-data: 0.029036324471235275
