times:
  landing: 0.558912356999997
  view-data: 0.5594561930000168
