times:
  edit-metadata: 1.5751416767016053
  landing: 0.9167471118271351
  view-data: 3.5081323701888323
