times:
  landing: 0.5552384830000392
  view-data: 0.5566461030000482
