times:
  edit-metadata: 0.6135668339557014
  landing: 0.04304637399036437
  view-data: 0.19516817200928926
