times:
  edit-metadata: 1.5026962390402332
  landing: 0.8767848979914561
  view-data: 3.3187485600356013
