times:
  edit-metadata: 1.2800230085849762
  landing: 0.020485278218984604
  view-data: 0.027700459584593773
