times:
  landing: 0.586647801999959
  view-data: 0.5604269120000254
