times:
  edit-metadata: 1.2618920356035233
  landing: 0.022366157732903957
  view-data: 0.11829659063369036
