times:
  edit-metadata: 1.4953813701868057
  landing: 0.9312223829329014
  view-data: 3.3944079875946045
