times:
  edit-metadata: 1.5049012564122677
  landing: 1.1809500195086002
  view-data: 3.3885793685913086
