times:
  edit-metadata: 0.4263251982629299
  landing: 0.047925819642841816
  view-data: 0.19672603392973542
