times:
  edit-metadata: 0.5104939267039299
  landing: 0.042394015938043594
  view-data: 0.18590829148888588
