times:
  edit-metadata: 1.3623562380671501
  landing: 0.8934297598898411
  view-data: 3.3431377448141575
