times:
  edit-metadata: 1.6907106700818986
  landing: 0.9267834331840277
  view-data: 3.386184071889147
