times:
  edit-metadata: 0.4277348602190614
  landing: 0.039499068167060614
  view-data: 0.19260789081454277
