times:
  landing: 1.0799641419999944
  view-data: 0.5516288809999992
