times:
  edit-metadata: 0.7901073819957674
  landing: 0.11372375302016735
  view-data: 0.20227399514988065
