times:
  edit-metadata: 0.42511359695345163
  landing: 0.03499799780547619
  view-data: 1.2304829470813274
