times:
  edit-metadata: 1.9587766528129578
  landing: 0.9829599857330322
  view-data: 3.422492504119873
