times:
  edit-metadata: 1.3546440824866295
  landing: 0.02191975526511669
  view-data: 0.023944057524204254
