times:
  landing: 0.5504301009999892
  view-data: 0.555501970999984
