times:
  edit-metadata: 0.6113964889664203
  landing: 0.04555207397788763
  view-data: 0.1817915439605713
