times:
  edit-metadata: 1.5526059977710247
  landing: 0.9103355780243874
  view-data: 3.5534086488187313
