times:
  edit-metadata: 1.3866064809262753
  landing: 0.18996337428689003
  view-data: 0.024914713576436043
