times:
  edit-metadata: 0.5117773562669754
  landing: 0.872428834438324
  view-data: 0.43603135272860527
