times:
  edit-metadata: 1.4932643696665764
  landing: 0.24246069975197315
  view-data: 0.13109234534204006
