times:
  edit-metadata: 1.3434459306299686
  landing: 0.14123219065368176
  view-data: 0.23639732040464878
