times:
  landing: 0.5508280359999844
  view-data: 0.5623731860000021
