times:
  edit-metadata: 1.2931976206600666
  landing: 0.1385946422815323
  view-data: 0.3909570164978504
