times:
  edit-metadata: 0.6003333150874823
  landing: 0.047827671049162745
  view-data: 0.19507306395098567
