times:
  edit-metadata: 1.5676272939890623
  landing: 0.7748888731002808
  view-data: 3.4517586044967175
