times:
  edit-metadata: 0.6217808560468256
  landing: 0.05756609421223402
  view-data: 0.1890991786494851
