times:
  edit-metadata: 0.5150872470112517
  landing: 0.10042825498385355
  view-data: 0.34494536294369027
