times:
  edit-metadata: 0.5063735987059772
  landing: 0.051157176960259676
  view-data: 0.19659579498693347
