times:
  edit-metadata: 1.7535948427394032
  landing: 0.02241166029125452
  view-data: 0.13384299911558628
