times:
  edit-metadata: 1.568011563271284
  landing: 0.8306741900742054
  view-data: 3.47065507248044
