times:
  landing: 0.5619230339999604
  view-data: 0.5665842330000146
