times:
  edit-metadata: 1.3411441259086132
  landing: 0.021276462823152542
  view-data: 0.3076536376029253
