times:
  edit-metadata: 1.2665274059399962
  landing: 0.0204232195392251
  view-data: 0.4601738592609763
