times:
  edit-metadata: 0.44285278720781207
  landing: 0.045180584769696
  view-data: 0.21978130703791976
