times:
  edit-metadata: 0.5888548250077292
  landing: 0.04394280398264527
  view-data: 0.18313593801576644
