times:
  edit-metadata: 1.3228798396885395
  landing: 0.7051345184445381
  view-data: 3.315894041210413
