times:
  edit-metadata: 1.559801809489727
  landing: 1.0053416788578033
  view-data: 3.3660615496337414
