times:
  edit-metadata: 0.574481176037807
  landing: 0.04053193802246824
  view-data: 0.20145347603829578
