times:
  edit-metadata: 1.5016292668879032
  landing: 0.9490908533334732
  view-data: 3.412064876407385
