times:
  edit-metadata: 1.5207445248961449
  landing: 0.9762385189533234
  view-data: 3.438373640179634
