times:
  edit-metadata: 0.5587800140492618
  landing: 0.05222704727202654
  view-data: 0.19110208610072732
