times:
  edit-metadata: 1.4989868439733982
  landing: 0.7899694107472897
  view-data: 3.4323543310165405
