times:
  edit-metadata: 1.4104188494384289
  landing: 0.1419811062514782
  view-data: 0.023914465680718422
