times:
  edit-metadata: 1.5559682269813493
  landing: 0.8827176360646263
  view-data: 3.2712574909674004
