times:
  edit-metadata: 1.354547891765833
  landing: 0.019600228406488895
  view-data: 0.19729076325893402
