times:
  edit-metadata: 1.5244984086602926
  landing: 0.7387381345033646
  view-data: 3.3634000830352306
