times:
  edit-metadata: 1.573374081403017
  landing: 0.9788711220026016
  view-data: 3.467500101774931
