times:
  landing: 0.5476651899999752
  view-data: 0.5492024769999944
