times:
  edit-metadata: 0.6149588930420578
  landing: 0.0570865161716938
  view-data: 0.32701079407706857
