times:
  landing: 1.0836835759999985
  view-data: 0.5590000949999876
