times:
  landing: 0.5420629540000164
  view-data: 0.5507602960000213
