times:
  edit-metadata: 1.3023252505809069
  landing: 0.7569686435163021
  view-data: 3.3575109113007784
