times:
  edit-metadata: 1.6083132699131966
  landing: 0.02163206972181797
  view-data: 0.17197991721332073
