times:
  edit-metadata: 0.5392407979816198
  landing: 1.1487672589719296
  view-data: 0.6033798307180405
