times:
  landing: 0.5555959580001399
  view-data: 0.5599802850001652
