times:
  edit-metadata: 1.4074715953320265
  landing: 0.8289125552400947
  view-data: 3.372545379213989
