times:
  landing: 0.5586562620000279
  view-data: 0.5664843499999961
