times:
  edit-metadata: 1.2911680359393358
  landing: 0.10493355430662632
  view-data: 0.12025330774486065
