times:
  landing: 1.0837405080000053
  view-data: 0.557055919999982
