times:
  edit-metadata: 0.4067047529388219
  landing: 0.06733970600180328
  view-data: 0.21765990904532373
