times:
  landing: 0.5487955799999895
  view-data: 0.5562736290000032
