times:
  landing: 0.5601876529999856
  view-data: 0.5651218540000116
