times:
  edit-metadata: 1.3679666640236974
  landing: 0.019364054314792156
  view-data: 0.45331862196326256
