times:
  edit-metadata: 0.5106546841561794
  landing: 0.044828999787569046
  view-data: 0.19497903808951378
