times:
  edit-metadata: 0.41614083014428616
  landing: 0.038734917994588614
  view-data: 0.18953224504366517
