times:
  edit-metadata: 1.6475030519068241
  landing: 0.9754660651087761
  view-data: 3.366283882409334
