times:
  edit-metadata: 0.5244636419229209
  landing: 0.05584836518391967
  view-data: 0.25983036821708083
