times:
  edit-metadata: 1.284615507349372
  landing: 0.1150324260815978
  view-data: 0.4582958845421672
