times:
  landing: 0.5485991439999793
  view-data: 0.5415605599999935
