times:
  edit-metadata: 1.5333318766206503
  landing: 0.8277648910880089
  view-data: 3.4017679635435343
