times:
  edit-metadata: 1.4771250486373901
  landing: 0.7200653124600649
  view-data: 3.410720556974411
