times:
  edit-metadata: 0.4089528610929847
  landing: 0.07368595991283655
  view-data: 0.21927057392895222
