times:
  edit-metadata: 1.3548187194392085
  landing: 0.021994817070662975
  view-data: 0.12050400115549564
