times:
  landing: 0.5533288759999664
  view-data: 0.5510960470000441
