times:
  edit-metadata: 0.42393702222034335
  landing: 0.047837721183896065
  view-data: 0.20953179709613323
