times:
  edit-metadata: 1.3348408993333578
  landing: 0.2164420560002327
  view-data: 0.3697975464165211
