times:
  edit-metadata: 0.4582345719682053
  landing: 0.055374140036292374
  view-data: 0.21329494402743876
