times:
  edit-metadata: 1.3018557708710432
  landing: 0.7917712824419141
  view-data: 3.2780500557273626
