times:
  edit-metadata: 0.43147081695497036
  landing: 0.05137122399173677
  view-data: 0.20017640991136432
