times:
  edit-metadata: 1.2838882822543383
  landing: 0.02312542963773012
  view-data: 0.11728162504732609
