times:
  edit-metadata: 1.3886463064700365
  landing: 0.04777916334569454
  view-data: 0.15120791271328926
