times:
  edit-metadata: 0.6036078960169107
  landing: 0.04286501702154055
  view-data: 0.2019432260422036
