times:
  edit-metadata: 1.3481723545119166
  landing: 0.13074530195444822
  view-data: 0.10133926384150982
