times:
  landing: 1.0851516349999883
  view-data: 0.5613440320000223
