times:
  edit-metadata: 1.453296147286892
  landing: 0.9185773693025112
  view-data: 0.8307696655392647
