times:
  edit-metadata: 1.485293760895729
  landing: 6.987786799669266
  view-data: 3.719624951481819
