times:
  edit-metadata: 0.4500056290999055
  landing: 0.04883325472474098
  view-data: 0.20258382288739085
