times:
  landing: 0.5531590970000195
  view-data: 0.5541503489999968
