times:
  landing: 1.0809710290000112
  view-data: 0.5680920099999867
