times:
  landing: 1.140947046000008
  view-data: 0.5631025659999978
