times:
  edit-metadata: 1.3051178911700845
  landing: 0.21139147225767374
  view-data: 0.11922364681959152
