times:
  edit-metadata: 1.460398145020008
  landing: 0.864840554073453
  view-data: 3.3557692170143127
