times:
  edit-metadata: 1.409369520843029
  landing: 0.8799141049385071
  view-data: 3.3166911117732525
