times:
  edit-metadata: 0.5264828493818641
  landing: 0.08068875037133694
  view-data: 0.22606605803593993
