times:
  landing: 0.5487436800000296
  view-data: 0.5508628960000124
