times:
  landing: 0.5419855220000045
  view-data: 0.5434528360000286
