times:
  landing: 0.5503322159999868
  view-data: 0.047936607999986336
