times:
  landing: 0.5596274810000068
  view-data: 0.5507436429999757
