times:
  edit-metadata: 0.5048825237900019
  landing: 0.9044851344078779
  view-data: 0.3080207295715809
