times:
  edit-metadata: 0.43109823390841484
  landing: 0.04951656376942992
  view-data: 0.20041559310629964
