times:
  edit-metadata: 2.5712776990003476
  landing: 0.045666265999898314
  view-data: 0.7478420509978605
