times:
  edit-metadata: 1.572258086875081
  landing: 0.9671969413757324
  view-data: 3.3525435756891966
