times:
  edit-metadata: 0.5321203917264938
  landing: 0.8509744070470333
  view-data: 0.31968203373253345
