times:
  edit-metadata: 1.2911204621195793
  landing: 0.8506254805251956
  view-data: 3.3345501739531755
