times:
  edit-metadata: 1.3659408744424582
  landing: 0.01963886246085167
  view-data: 0.02293911576271057
