times:
  edit-metadata: 0.519924758002162
  landing: 0.05640475801192224
  view-data: 0.2149981299880892
