times:
  edit-metadata: 2.1472387120011263
  landing: 0.5299606770277023
  view-data: 0.5767751340172254
