times:
  edit-metadata: 1.7339162481948733
  landing: 0.020450197160243988
  view-data: 0.023886079899966717
