times:
  edit-metadata: 0.49330040998756886
  landing: 1.13658338598907
  view-data: 0.6079075615853071
