times:
  landing: 1.0585157609999953
  view-data: 0.04526700499999947
