times:
  edit-metadata: 2.0515795405954123
  landing: 0.21266496740281582
  view-data: 0.3759501874446869
