times:
  edit-metadata: 3.0617127497680485
  landing: 2.197489568963647
  view-data: 3.522898507770151
