times:
  edit-metadata: 1.3773226793855429
  landing: 0.022813992574810982
  view-data: 0.36246769689023495
