times:
  edit-metadata: 1.2876292318105698
  landing: 0.7555329687893391
  view-data: 3.254389140754938
