times:
  edit-metadata: 0.42262163385748863
  landing: 0.039095905143767595
  view-data: 0.1997793959453702
