times:
  landing: 1.0664387860000204
  view-data: 0.5530092269999898
