times:
  landing: 1.6611355489585549
  view-data: 0.5513259710278362
