times:
  landing: 1.0709598939999978
  view-data: 0.5497393570000213
