times:
  edit-metadata: 1.3864163849502802
  landing: 0.018921511247754097
  view-data: 0.12056277692317963
