times:
  edit-metadata: 1.4981984868645668
  landing: 0.8035467807203531
  view-data: 3.4466766975820065
