times:
  landing: 0.5564983820000009
  view-data: 0.5585590000000025
