times:
  edit-metadata: 1.6077254377305508
  landing: 0.26410710625350475
  view-data: 0.1534331552684307
