times:
  edit-metadata: 1.3594654789194465
  landing: 0.02136225812137127
  view-data: 0.030376161448657513
