times:
  edit-metadata: 1.6142916772514582
  landing: 0.30593117885291576
  view-data: 0.4369289558380842
