times:
  landing: 1.0675259090000964
  view-data: 0.5585372529999404
