times:
  edit-metadata: 1.2882477287203074
  landing: 0.021128075197339058
  view-data: 0.12709650583565235
