times:
  edit-metadata: 0.5363358650356531
  landing: 0.6631041839718819
  view-data: 0.2939539160579443
