times:
  edit-metadata: 0.5915391449816525
  landing: 0.04722782701719552
  view-data: 0.19273704499937594
