times:
  edit-metadata: 0.45387543085962534
  landing: 0.04180563101544976
  view-data: 0.1898286920040846
