times:
  edit-metadata: 0.4163234339794144
  landing: 0.06749624304939061
  view-data: 0.2105620689690113
