times:
  edit-metadata: 0.4964129813015461
  landing: 0.04639047756791115
  view-data: 0.1993393413722515
