times:
  edit-metadata: 0.40600546915084124
  landing: 0.04463663697242737
  view-data: 0.18958420678973198
