times:
  edit-metadata: 0.44322940381243825
  landing: 0.055303669068962336
  view-data: 0.20321010798215866
