times:
  edit-metadata: 0.41540002822875977
  landing: 0.042748468928039074
  view-data: 0.18845746386796236
