times:
  edit-metadata: 0.5950181770604104
  landing: 0.05592809501104057
  view-data: 0.184898299863562
