times:
  edit-metadata: 0.4401785796508193
  landing: 0.04638955183327198
  view-data: 0.20565586537122726
