times:
  edit-metadata: 1.2734269397333264
  landing: 0.021629284135997295
  view-data: 0.025972086004912853
