times:
  edit-metadata: 0.5452934219501913
  landing: 0.0617926181294024
  view-data: 0.22232756204903126
