times:
  edit-metadata: 1.385565847158432
  landing: 0.23781034350395203
  view-data: 0.1450081802904606
