times:
  edit-metadata: 1.471319766715169
  landing: 0.8942039143294096
  view-data: 3.361854836344719
