times:
  edit-metadata: 1.5992372930049896
  landing: 0.8749618083238602
  view-data: 3.4340131245553493
