times:
  landing: 2.1089182989999813
  view-data: 0.5514945019999686
