times:
  edit-metadata: 0.4717326667159796
  landing: 0.04483872884884477
  view-data: 0.22355105495080352
