times:
  edit-metadata: 1.3532227277755737
  landing: 0.9363801516592503
  view-data: 3.3710001446306705
