times:
  edit-metadata: 1.596291944384575
  landing: 0.09882094524800777
  view-data: 0.14318221434950829
