times:
  edit-metadata: 0.5714989260304719
  landing: 0.042696329997852445
  view-data: 0.1929551970679313
