times:
  edit-metadata: 0.5461240094155073
  landing: 0.5325957220047712
  view-data: 0.19215451925992966
