times:
  edit-metadata: 1.5279758293181658
  landing: 0.810954013839364
  view-data: 3.484483612701297
