times:
  edit-metadata: 1.4696234706789255
  landing: 0.8321941066533327
  view-data: 3.372727805748582
