times:
  landing: 1.0790403240000046
  view-data: 0.560312931999988
