times:
  landing: 0.5611787599999616
  view-data: 0.5599159529999724
