times:
  landing: 0.5552791830000103
  view-data: 0.5651165169999786
