times:
  edit-metadata: 1.397930797189474
  landing: 0.021047045476734638
  view-data: 0.02279228251427412
