times:
  edit-metadata: 0.4179743650602177
  landing: 0.06985536799766123
  view-data: 0.2049413820495829
