times:
  edit-metadata: 0.71593470685184
  landing: 0.8422465622425079
  view-data: 0.22352091036736965
