times:
  edit-metadata: 1.9840962253510952
  landing: 1.3453928157687187
  view-data: 3.5172788836061954
