times:
  edit-metadata: 1.4487806090619415
  landing: 0.8448675540275872
  view-data: 3.383133453084156
