times:
  landing: 1.0784424459999968
  view-data: 0.5624069369999916
