times:
  edit-metadata: 0.6291864040540531
  landing: 0.042206349899061024
  view-data: 0.19501376792322844
