times:
  landing: 0.5520193029999518
  view-data: 0.5556399880000527
