times:
  landing: 0.5437912079999876
  view-data: 0.5607476970000107
