times:
  edit-metadata: 0.42963236663490534
  landing: 0.043103117030113935
  view-data: 0.18351628025993705
