times:
  edit-metadata: 1.5850064493715763
  landing: 0.9611463062465191
  view-data: 3.342104196548462
