times:
  landing: 1.073760961000005
  view-data: 0.5614285059999986
