times:
  edit-metadata: 1.2833885913714767
  landing: 0.12350340280681849
  view-data: 0.10169674549251795
