times:
  edit-metadata: 1.3805723320692778
  landing: 0.15614631492644548
  view-data: 0.02660631760954857
