times:
  landing: 0.5532757569999944
  view-data: 0.052539792999994006
