times:
  edit-metadata: 0.4363201498053968
  landing: 0.03847851324826479
  view-data: 0.1915268418379128
