times:
  edit-metadata: 1.8231205306947231
  landing: 0.21940351277589798
  view-data: 0.5241742972284555
