times:
  edit-metadata: 0.5543308219930623
  landing: 0.05562732397811487
  view-data: 0.23404460499295965
