times:
  edit-metadata: 1.342790387570858
  landing: 0.020085128024220467
  view-data: 0.024913271889090538
