times:
  landing: 0.555398609000008
  view-data: 0.5509743249999701
