times:
  edit-metadata: 0.5781884310417809
  landing: 0.04987100197467953
  view-data: 0.18684121902333573
