times:
  landing: 0.545010871000045
  view-data: 0.5573604069999192
