times:
  edit-metadata: 1.320073664188385
  landing: 0.02041016425937414
  view-data: 0.4785853885114193
