times:
  edit-metadata: 0.5055670700967312
  landing: 0.04590095579624176
  view-data: 0.18752073496580124
