times:
  edit-metadata: 1.3670837711542845
  landing: 0.15374872460961342
  view-data: 0.12182313948869705
