times:
  edit-metadata: 0.6471193959005177
  landing: 0.048488579923287034
  view-data: 0.19019261002540588
