times:
  edit-metadata: 0.6242319140583277
  landing: 0.0517298448830843
  view-data: 0.2782152849249542
