times:
  edit-metadata: 1.3787022959440947
  landing: 0.021996144205331802
  view-data: 0.32401630841195583
