times:
  landing: 1.635871562000034
  view-data: 0.5555471179999927
