times:
  edit-metadata: 1.341579799540341
  landing: 0.02084310259670019
  view-data: 0.19869666546583176
