times:
  edit-metadata: 0.6234188940143213
  landing: 0.04587392398389056
  view-data: 0.1944991649943404
