times:
  edit-metadata: 1.4204088170081377
  landing: 0.1974026095122099
  view-data: 0.5060024205595255
