times:
  edit-metadata: 0.546190844848752
  landing: 0.5479045528918505
  view-data: 0.19126863591372967
