times:
  edit-metadata: 1.5540325324982405
  landing: 0.9614706505089998
  view-data: 3.363795356824994
