times:
  edit-metadata: 0.605130422860384
  landing: 0.05095799593254924
  view-data: 0.3093868917785585
