times:
  landing: 0.5603679820000025
  view-data: 0.563160885000002
