times:
  landing: 1.120165677999978
  view-data: 0.5564118789999952
