times:
  edit-metadata: 1.6119552329182625
  landing: 1.0591603517532349
  view-data: 3.3136425837874413
