times:
  edit-metadata: 0.5419477531686425
  landing: 0.06285169115290046
  view-data: 0.19688211288303137
