times:
  edit-metadata: 1.3680926971137524
  landing: 0.7390197198837996
  view-data: 3.3378719072788954
