times:
  edit-metadata: 1.8443623185157776
  landing: 0.16930769756436348
  view-data: 0.4719536919146776
