times:
  edit-metadata: 0.6189366700127721
  landing: 0.050606496166437864
  view-data: 0.18718801415525377
