times:
  edit-metadata: 1.2875987961888313
  landing: 0.7041046433150768
  view-data: 3.292463505640626
