times:
  landing: 0.5619056259999979
  view-data: 0.5658411450000358
