times:
  edit-metadata: 1.315547957085073
  landing: 0.9962425259873271
  view-data: 3.4368167819920927
