times:
  edit-metadata: 1.354314062744379
  landing: 0.021672947332262993
  view-data: 0.12449123337864876
