times:
  landing: 1.0754761669999766
  view-data: 0.5551454680000347
