times:
  edit-metadata: 0.573565925937146
  landing: 0.05154154705815017
  view-data: 0.18889995198696852
