times:
  edit-metadata: 1.4956773053854704
  landing: 0.1790804211050272
  view-data: 0.5298731159418821
