times:
  edit-metadata: 1.4511650297790766
  landing: 0.8036656454205513
  view-data: 3.3862631171941757
