times:
  edit-metadata: 0.44164229498710483
  landing: 0.04735003400128335
  view-data: 0.20678018598118797
