times:
  edit-metadata: 1.389879954047501
  landing: 0.020555004477500916
  view-data: 0.024960841983556747
