times:
  edit-metadata: 0.5163992512971163
  landing: 0.8334104642271996
  view-data: 0.5436475165188313
