times:
  landing: 1.0871743239999887
  view-data: 0.563050813000018
