times:
  edit-metadata: 1.266546880826354
  landing: 0.20617033261805773
  view-data: 0.12353666592389345
