times:
  landing: 0.5393709070000341
  view-data: 0.5423539469999241
