times:
  edit-metadata: 0.5280213914811611
  landing: 0.6774379480630159
  view-data: 0.2967935632914305
