times:
  edit-metadata: 0.4947123250167351
  landing: 0.07195617698016576
  view-data: 0.20227573701413348
