times:
  edit-metadata: 0.5296026933938265
  landing: 0.5695654675364494
  view-data: 0.18533172644674778
