times:
  edit-metadata: 0.49693599017336965
  landing: 0.07717261929064989
  view-data: 0.21092337928712368
