times:
  edit-metadata: 0.5909946879837662
  landing: 0.04954307188745588
  view-data: 0.19734600698575377
