times:
  landing: 0.5526597020000281
  view-data: 0.5536668970000846
