times:
  edit-metadata: 0.4704288877546787
  landing: 0.5744645223021507
  view-data: 0.3021975867450237
