times:
  edit-metadata: 0.5155261587351561
  landing: 0.4977737329900265
  view-data: 0.2069085855036974
