times:
  edit-metadata: 1.8035284914076328
  landing: 0.021964583545923233
  view-data: 0.17775027826428413
