times:
  edit-metadata: 1.326629338786006
  landing: 0.13667257502675056
  view-data: 0.02525232546031475
