times:
  edit-metadata: 0.638072992907837
  landing: 0.05182261788286269
  view-data: 0.22665473190136254
