times:
  edit-metadata: 1.2946737203747034
  landing: 0.021202010102570057
  view-data: 0.11919981148093939
