times:
  edit-metadata: 0.6054781940183602
  landing: 0.04453304602066055
  view-data: 0.1954256069730036
