times:
  landing: 0.5444752679999851
  view-data: 0.5514006340000037
