times:
  edit-metadata: 1.278473075479269
  landing: 0.021566566079854965
  view-data: 0.1192712178453803
