times:
  edit-metadata: 2.5808722032234073
  landing: 1.4615879356861115
  view-data: 3.6323213698342443
