times:
  landing: 0.5524254669999777
  view-data: 0.5555885859999989
