times:
  edit-metadata: 0.5315285439137369
  landing: 0.04467452492099255
  view-data: 0.21409959509037435
