times:
  edit-metadata: 0.49811574444174767
  landing: 1.1544632725417614
  view-data: 0.1950356289744377
