times:
  edit-metadata: 1.5117913279682398
  landing: 0.2342714797705412
  view-data: 0.02911168709397316
