times:
  edit-metadata: 1.3160160901024938
  landing: 0.02036666963249445
  view-data: 0.15133200865238905
