times:
  edit-metadata: 2.341785814613104
  landing: 1.2699165036901832
  view-data: 3.462306016124785
