times:
  edit-metadata: 0.6447740830481052
  landing: 0.09795405622571707
  view-data: 0.2085673427209258
