times:
  edit-metadata: 1.4010793939232826
  landing: 1.0016432292759418
  view-data: 3.3429313227534294
