times:
  edit-metadata: 0.5150908509967849
  landing: 0.09106498694745824
  view-data: 0.20260430203052238
