times:
  edit-metadata: 1.6219677589833736
  landing: 0.33463031239807606
  view-data: 0.025433801114559174
