times:
  edit-metadata: 2.4457987705245614
  landing: 1.3282192777842283
  view-data: 3.4329818785190582
