times:
  edit-metadata: 0.4317586130928248
  landing: 0.10101468907669187
  view-data: 0.1958929921966046
