times:
  edit-metadata: 0.4448332665488124
  landing: 0.03882445488125086
  view-data: 0.2044370574876666
