times:
  edit-metadata: 0.7188474731519818
  landing: 0.0797235588543117
  view-data: 0.19224185007624328
