times:
  edit-metadata: 1.6178784407675266
  landing: 0.28101007640361786
  view-data: 0.3646142203360796
