times:
  edit-metadata: 0.4382775039994158
  landing: 0.059659476042725146
  view-data: 0.22144143097102642
