times:
  edit-metadata: 0.4505313960253261
  landing: 0.05822689598426223
  view-data: 0.20738932699896395
