times:
  edit-metadata: 0.4355951859615743
  landing: 0.04157801205292344
  view-data: 0.2019651848822832
