times:
  edit-metadata: 0.4464219359215349
  landing: 0.05978793790563941
  view-data: 0.2072958319913596
