times:
  landing: 1.0722252779999906
  view-data: 0.5565816550000022
