times:
  landing: 0.5561626279999814
  view-data: 0.5555430719999777
