times:
  landing: 0.5565528129999961
  view-data: 0.5551140100000111
