times:
  landing: 1.0661361279999824
  view-data: 0.5487652919999846
