times:
  landing: 0.557349572999982
  view-data: 0.5935170809999875
