times:
  edit-metadata: 0.45907545974478126
  landing: 0.05182510567829013
  view-data: 0.19718609005212784
