times:
  edit-metadata: 1.7083853855729103
  landing: 0.24589195102453232
  view-data: 0.34272562339901924
