times:
  edit-metadata: 1.471999030560255
  landing: 0.043637036345899105
  view-data: 0.027030372992157936
