times:
  edit-metadata: 0.6185427503660321
  landing: 0.041177287232130766
  view-data: 0.21556788217276335
