times:
  edit-metadata: 1.4188102455809712
  landing: 0.8396768281236291
  view-data: 3.375691936351359
