times:
  edit-metadata: 1.3369134608656168
  landing: 0.02326808962970972
  view-data: 0.12330409418791533
