times:
  landing: 1.0649014500000078
  view-data: 0.5518588479999949
