times:
  landing: 0.5584939599999927
  view-data: 0.5584047579999947
