times:
  edit-metadata: 1.4152674414217472
  landing: 0.8141409512609243
  view-data: 3.3710536137223244
