times:
  edit-metadata: 1.3805686868727207
  landing: 0.9104921147227287
  view-data: 3.325087361037731
