times:
  edit-metadata: 0.501497432589531
  landing: 0.039592765271663666
  view-data: 0.19247978925704956
