times:
  landing: 0.5464427340000384
  view-data: 0.5548149960000046
