times:
  edit-metadata: 0.4076365288347006
  landing: 0.051065139938145876
  view-data: 0.19115932611748576
