times:
  edit-metadata: 0.5684220213443041
  landing: 0.5210393965244293
  view-data: 0.19075833447277546
