times:
  edit-metadata: 1.3697159476578236
  landing: 0.8994552344083786
  view-data: 3.3815812095999718
