times:
  edit-metadata: 1.4415433052927256
  landing: 0.019528585486114025
  view-data: 0.40609366074204445
