times:
  edit-metadata: 0.424865999026224
  landing: 0.06263023498468101
  view-data: 0.21218586014583707
