times:
  edit-metadata: 1.5436342470347881
  landing: 1.0041191559284925
  view-data: 3.3257561679929495
