times:
  edit-metadata: 0.5366040118969977
  landing: 0.039639359805732965
  view-data: 0.21251980168744922
