times:
  edit-metadata: 1.577362472191453
  landing: 0.20356038957834244
  view-data: 0.3663408923894167
