times:
  edit-metadata: 0.5136331506073475
  landing: 0.5675942674279213
  view-data: 0.6189373210072517
