times:
  edit-metadata: 0.5500583648681641
  landing: 0.047906238585710526
  view-data: 0.19083289802074432
