times:
  edit-metadata: 0.5588270509906579
  landing: 0.06824492200394161
  view-data: 0.28938117099460214
