times:
  edit-metadata: 0.4864173159003258
  landing: 0.5759653821587563
  view-data: 0.6014365404844284
