times:
  edit-metadata: 0.5865747260395437
  landing: 0.042496048961766064
  view-data: 0.19239461002871394
