times:
  edit-metadata: 0.6458189820114058
  landing: 0.05005443797563203
  view-data: 0.19532432302366942
