times:
  edit-metadata: 1.5021772664040327
  landing: 0.768811022862792
  view-data: 3.3926576040685177
