times:
  edit-metadata: 1.3582996623590589
  landing: 0.1929590255022049
  view-data: 0.2440227633342147
