times:
  edit-metadata: 0.4986705300398171
  landing: 0.04356786422431469
  view-data: 0.20657538529485464
