times:
  edit-metadata: 1.6472221575677395
  landing: 1.1150302588939667
  view-data: 3.3239345215260983
