times:
  edit-metadata: 1.2953913882374763
  landing: 0.17174776270985603
  view-data: 0.026342268101871014
