times:
  edit-metadata: 1.4889942668378353
  landing: 0.7629259545356035
  view-data: 3.418361645191908
