times:
  edit-metadata: 0.521033275872469
  landing: 0.05320063233375549
  view-data: 0.18448122218251228
