times:
  edit-metadata: 0.603652129881084
  landing: 0.060043776873499155
  view-data: 0.1794873820617795
