times:
  edit-metadata: 0.4964725561439991
  landing: 0.04471722990274429
  view-data: 0.20070594549179077
