times:
  edit-metadata: 1.3346238918602467
  landing: 0.8544722571969032
  view-data: 3.2557471953332424
