times:
  edit-metadata: 0.6179296160116792
  landing: 0.04568637511692941
  view-data: 0.20532124815508723
