times:
  edit-metadata: 0.6437476119026542
  landing: 0.045866743894293904
  view-data: 0.18598595191724598
