times:
  edit-metadata: 0.5083395596593618
  landing: 0.7774612717330456
  view-data: 0.36227807588875294
