times:
  edit-metadata: 1.3956871535629034
  landing: 0.01986231654882431
  view-data: 0.3212611898779869
