times:
  edit-metadata: 0.6230666302144527
  landing: 0.039670547004789114
  view-data: 0.1949832597747445
