times:
  edit-metadata: 1.2777545768767595
  landing: 0.020479251630604267
  view-data: 0.11944465897977352
