times:
  landing: 0.5537000850000027
  view-data: 0.561359111999991
