times:
  edit-metadata: 0.5223326330306008
  landing: 0.05416390497703105
  view-data: 0.2202908619074151
