times:
  edit-metadata: 0.4926599208265543
  landing: 0.5659963246434927
  view-data: 0.589069951325655
