times:
  edit-metadata: 1.601577633060515
  landing: 1.2045394629240036
  view-data: 3.4281667401082814
