times:
  edit-metadata: 0.6239837729954161
  landing: 0.050744320993544534
  view-data: 0.19701241099392064
