times:
  edit-metadata: 1.3107438869774342
  landing: 0.7843449041247368
  view-data: 3.3416023291647434
