times:
  edit-metadata: 1.5647112699225545
  landing: 0.7532465942203999
  view-data: 3.942397240549326
