times:
  edit-metadata: 1.2886729780584574
  landing: 0.019251275807619095
  view-data: 0.12068943306803703
