times:
  edit-metadata: 1.4264211393892765
  landing: 0.8470598626881838
  view-data: 3.3622922422364354
