times:
  edit-metadata: 0.5856074269395322
  landing: 0.045871233101934195
  view-data: 0.1907503759721294
