times:
  edit-metadata: 1.2902095569297671
  landing: 0.0985192134976387
  view-data: 0.12069159932434559
