times:
  landing: 1.0781041250000385
  view-data: 0.55812253900001
