times:
  edit-metadata: 1.4624212235212326
  landing: 0.92176403850317
  view-data: 3.3357213754206896
