times:
  edit-metadata: 0.529263086616993
  landing: 1.2807688284665346
  view-data: 0.29770253971219063
