times:
  edit-metadata: 0.41518869902938604
  landing: 0.07421781297307462
  view-data: 0.2104502400616184
