times:
  edit-metadata: 1.4696194529533386
  landing: 0.8714371174573898
  view-data: 3.399058159440756
