times:
  edit-metadata: 0.6135463030077517
  landing: 0.047600024030543864
  view-data: 0.19038553000427783
