times:
  edit-metadata: 1.1621696880320087
  landing: 0.054387638927437365
  view-data: 0.25747680803760886
