times:
  edit-metadata: 0.45785931404680014
  landing: 0.04568562796339393
  view-data: 0.20269072707742453
