times:
  edit-metadata: 0.5012905076146126
  landing: 0.04732697084546089
  view-data: 0.19339794665575027
