times:
  edit-metadata: 0.4237674199976027
  landing: 0.05247863498516381
  view-data: 0.19875925197266042
