times:
  landing: 0.5560837379999839
  view-data: 0.5620694779999837
