times:
  landing: 0.5447952929999929
  view-data: 0.5535255540000037
