times:
  edit-metadata: 1.6154356328770518
  landing: 0.8281578850001097
  view-data: 3.3982314513996243
