times:
  edit-metadata: 0.4900425709784031
  landing: 0.04522676765918732
  view-data: 0.1958945281803608
