times:
  landing: 1.0940897369999902
  view-data: 0.5593262890000119
