times:
  edit-metadata: 0.4975145229982445
  landing: 0.050522819998150226
  view-data: 0.22130670300248312
