times:
  edit-metadata: 0.5769911120005418
  landing: 0.038972322989138775
  view-data: 0.1960409029998118
