times:
  edit-metadata: 1.5331970173865557
  landing: 0.9532551616430283
  view-data: 3.4140509888529778
