times:
  edit-metadata: 0.5501953100319952
  landing: 0.050350614823400974
  view-data: 0.21944648888893425
