times:
  edit-metadata: 1.5014445073902607
  landing: 0.7819331958889961
  view-data: 0.6995914876461029
