times:
  edit-metadata: 1.6265486739575863
  landing: 1.0773890167474747
  view-data: 3.3867345228791237
