times:
  landing: 0.5811453430000029
  view-data: 0.554615431000002
