times:
  edit-metadata: 0.4563196689123288
  landing: 0.059104035957716405
  view-data: 0.22014493797905743
