times:
  edit-metadata: 1.4394933162257075
  landing: 0.8770644515752792
  view-data: 3.4169431794434786
