times:
  edit-metadata: 1.2389280279166996
  landing: 0.7587157171219587
  view-data: 3.254961133003235
