times:
  edit-metadata: 0.4346261089667678
  landing: 0.04299103654921055
  view-data: 0.2001285571604967
