times:
  edit-metadata: 0.47493445314466953
  landing: 0.04158673295751214
  view-data: 0.2121017468161881
