times:
  edit-metadata: 0.49182418268173933
  landing: 0.04598510172218084
  view-data: 0.20719048893079162
