times:
  edit-metadata: 0.43094039149582386
  landing: 0.04592632781714201
  view-data: 0.19873166922479868
