times:
  edit-metadata: 0.49778956919908524
  landing: 0.5915838908404112
  view-data: 0.5956299509853125
