times:
  edit-metadata: 1.3671001372858882
  landing: 0.019007488153874874
  view-data: 0.028189295902848244
