times:
  edit-metadata: 1.4426696607843041
  landing: 0.8471937403082848
  view-data: 3.3763030217960477
