times:
  edit-metadata: 1.3520763888955116
  landing: 0.8136564828455448
  view-data: 3.342117317020893
