times:
  edit-metadata: 1.3062540804967284
  landing: 0.021387165412306786
  view-data: 0.12222237046808004
