times:
  edit-metadata: 0.6518658141139895
  landing: 0.05617604102008045
  view-data: 0.18458300805650651
