times:
  edit-metadata: 0.5907716802321374
  landing: 0.09941828297451138
  view-data: 0.2307879771105945
