times:
  edit-metadata: 0.4879773985594511
  landing: 0.06774664716795087
  view-data: 0.2511572143994272
