times:
  landing: 0.5539330069999835
  view-data: 0.5496962789999884
