times:
  edit-metadata: 1.3002661727368832
  landing: 0.022074483335018158
  view-data: 0.230766162276268
