times:
  edit-metadata: 1.543296180665493
  landing: 0.7972385082393885
  view-data: 3.4497684482485056
