times:
  landing: 0.5567843489999973
  view-data: 0.06535795799999278
