times:
  edit-metadata: 1.3728955946862698
  landing: 0.019602397456765175
  view-data: 0.12340898625552654
