times:
  edit-metadata: 1.2799234529957175
  landing: 0.159199140034616
  view-data: 0.028017839416861534
