times:
  edit-metadata: 0.5210647284984589
  landing: 0.04204810410737991
  view-data: 0.19354239851236343
