times:
  edit-metadata: 1.3385372962802649
  landing: 0.1288448479026556
  view-data: 0.29134064726531506
