times:
  edit-metadata: 1.3346039112657309
  landing: 0.8386643533594906
  view-data: 3.4175040717236698
