times:
  edit-metadata: 1.2901757070794702
  landing: 0.020904146134853363
  view-data: 0.12273791991174221
