times:
  landing: 0.5525733669999795
  view-data: 0.060112070000002404
