times:
  edit-metadata: 0.5358819980174303
  landing: 0.6464943867176771
  view-data: 0.18572074733674526
