times:
  edit-metadata: 1.4157223352231085
  landing: 0.8062095958739519
  view-data: 3.377850852906704
