times:
  edit-metadata: 0.6256031340162735
  landing: 0.04410946200368926
  view-data: 0.1883893800259102
