times:
  edit-metadata: 0.5097118299454451
  landing: 0.054489956237375736
  view-data: 0.1987901022657752
