times:
  edit-metadata: 0.5159448410850018
  landing: 0.05673508415929973
  view-data: 0.2168132928200066
