times:
  edit-metadata: 0.44215930299833417
  landing: 0.056391501100733876
  view-data: 0.2183640890289098
