times:
  edit-metadata: 0.5614806609228253
  landing: 0.04386661620810628
  view-data: 0.18948926404118538
