times:
  edit-metadata: 1.3844615183770657
  landing: 0.24590785056352615
  view-data: 0.3015045579522848
