times:
  edit-metadata: 1.5173857547342777
  landing: 0.8593032397329807
  view-data: 3.4249082021415234
