times:
  edit-metadata: 1.5171557683497667
  landing: 0.12506878562271595
  view-data: 0.39570143818855286
