times:
  landing: 0.5579366709999931
  view-data: 0.5513141769999947
