times:
  edit-metadata: 1.2766107600182295
  landing: 0.0212727515026927
  view-data: 0.4718776373192668
