times:
  edit-metadata: 0.6029969920637086
  landing: 0.04636870208196342
  view-data: 0.19565109303221107
