times:
  edit-metadata: 1.3982236981391907
  landing: 0.024225414730608463
  view-data: 0.02728230319917202
