times:
  edit-metadata: 0.6261336170136929
  landing: 0.03991973598022014
  view-data: 0.19022042804863304
