times:
  edit-metadata: 1.5380752310156822
  landing: 0.9059714823961258
  view-data: 3.424695437774062
