times:
  edit-metadata: 2.3157605035230517
  landing: 1.259559410624206
  view-data: 3.5636807698756456
