times:
  edit-metadata: 1.2987029561772943
  landing: 0.020479566417634487
  view-data: 0.0263843834400177
