times:
  edit-metadata: 0.5707444604486227
  landing: 1.10128160007298
  view-data: 0.6021963432431221
