times:
  edit-metadata: 1.4453394040465355
  landing: 0.8763800822198391
  view-data: 3.3516021743416786
