times:
  edit-metadata: 1.5307511910796165
  landing: 0.9409745037555695
  view-data: 3.3409528248012066
