times:
  edit-metadata: 0.5722852199105546
  landing: 0.046199557022191584
  view-data: 0.19700257305521518
