times:
  edit-metadata: 0.5705609656870365
  landing: 0.052300794050097466
  view-data: 0.18834969261661172
