times:
  edit-metadata: 0.5282825119793415
  landing: 0.046855028718709946
  view-data: 0.2106002178043127
