times:
  edit-metadata: 0.49461186677217484
  landing: 0.6269402150064707
  view-data: 0.33915246464312077
