times:
  landing: 1.0670740159999923
  view-data: 0.5507165570000438
