times:
  edit-metadata: 1.331716688349843
  landing: 0.02174561284482479
  view-data: 0.02490914799273014
