times:
  edit-metadata: 0.42181347869336605
  landing: 0.06955406395718455
  view-data: 0.1941999513655901
