times:
  edit-metadata: 1.5432005487382412
  landing: 0.7911173552274704
  view-data: 3.456174910068512
