times:
  edit-metadata: 0.44830712489783764
  landing: 0.04332474898546934
  view-data: 0.5864713941700757
