times:
  edit-metadata: 1.3812335841357708
  landing: 0.019664560444653034
  view-data: 0.46809605695307255
