times:
  edit-metadata: 0.6146689159795642
  landing: 0.04849020089022815
  view-data: 0.19588170386850834
