times:
  edit-metadata: 1.416312505491078
  landing: 0.7843897314742208
  view-data: 3.358431773260236
