times:
  edit-metadata: 1.2868656758219004
  landing: 0.020239632576704025
  view-data: 0.23034592997282743
