times:
  edit-metadata: 0.48877517879009247
  landing: 1.2210167907178402
  view-data: 0.41829122230410576
