times:
  edit-metadata: 1.3500927211716771
  landing: 0.01929993275552988
  view-data: 0.027044598013162613
