times:
  landing: 0.5589109339999823
  view-data: 0.5812615259999916
