times:
  edit-metadata: 1.2980069406330585
  landing: 0.022549382410943508
  view-data: 0.4682245831936598
