times:
  edit-metadata: 0.4444906646385789
  landing: 0.039497644640505314
  view-data: 0.1979834921658039
