times:
  edit-metadata: 0.4963484928011894
  landing: 0.04888932779431343
  view-data: 0.1883707381784916
