times:
  edit-metadata: 1.295669780112803
  landing: 0.022573391906917095
  view-data: 0.027509073726832867
