times:
  edit-metadata: 0.5182288251817226
  landing: 0.04512704908847809
  view-data: 0.19205417856574059
