times:
  edit-metadata: 0.502102930098772
  landing: 0.042937297374010086
  view-data: 0.2000035047531128
