times:
  edit-metadata: 0.51769994571805
  landing: 0.044103801250457764
  view-data: 0.19798799604177475
