times:
  landing: 1.0517955501563847
  view-data: 0.5522533250041306
