times:
  landing: 0.5587855729999944
  view-data: 0.5583649699999853
