times:
  edit-metadata: 0.6648168760002591
  landing: 0.08933072400395758
  view-data: 0.22487132498645224
