times:
  edit-metadata: 1.2699422240257263
  landing: 0.02147131133824587
  view-data: 0.02849671896547079
