times:
  edit-metadata: 1.4124293811619282
  landing: 0.8765294328331947
  view-data: 3.3345776312053204
