times:
  landing: 0.55134555799998
  view-data: 0.5537447580000219
