times:
  edit-metadata: 1.5736791361123323
  landing: 0.7941283192485571
  view-data: 3.418218243867159
