times:
  landing: 0.5594001009999943
  view-data: 0.564099270000014
