times:
  edit-metadata: 0.4274879340082407
  landing: 0.06611936795525253
  view-data: 0.20844099204987288
