times:
  edit-metadata: 1.380627479404211
  landing: 0.7605554088950157
  view-data: 3.308709781616926
