times:
  landing: 0.5968754209999929
  view-data: 0.5531546619999972
