times:
  edit-metadata: 1.5013753045350313
  landing: 0.8305976241827011
  view-data: 3.3342894725501537
