times:
  edit-metadata: 1.4670803099870682
  landing: 0.756735460832715
  view-data: 3.320842780172825
