times:
  edit-metadata: 0.4472322401124984
  landing: 0.054930398939177394
  view-data: 0.21322751394473016
