times:
  edit-metadata: 1.2825260814279318
  landing: 0.019902311265468597
  view-data: 0.12129779253154993
