times:
  edit-metadata: 0.49535790272057056
  landing: 0.06109716510400176
  view-data: 0.21863882709294558
