times:
  landing: 0.5588333959999545
  view-data: 0.5591903000000116
