times:
  edit-metadata: 1.3129770560190082
  landing: 0.01959889940917492
  view-data: 0.11932604480534792
