times:
  edit-metadata: 1.3334486689418554
  landing: 0.022022072225809097
  view-data: 0.3461599349975586
