times:
  edit-metadata: 0.5185012399451807
  landing: 0.04973700002301484
  view-data: 0.20225108205340803
