times:
  landing: 0.5846866290000321
  view-data: 0.5596077849999688
