times:
  edit-metadata: 0.5186907816678286
  landing: 0.9124671816825867
  view-data: 0.18904973566532135
