times:
  landing: 0.5567854679999868
  view-data: 0.5567994680000083
