times:
  edit-metadata: 1.3962225206196308
  landing: 0.7098299823701382
  view-data: 3.301372082903981
