times:
  edit-metadata: 1.5235341787338257
  landing: 0.8955625407397747
  view-data: 3.435205388814211
