times:
  edit-metadata: 1.289828415028751
  landing: 0.021542437374591827
  view-data: 0.027153014205396175
