times:
  edit-metadata: 1.8422489613294601
  landing: 1.1170823015272617
  view-data: 3.420314811170101
