times:
  edit-metadata: 0.42448886996135116
  landing: 0.05841914704069495
  view-data: 0.2046017999527976
