times:
  edit-metadata: 1.4020528625696898
  landing: 0.020836735144257545
  view-data: 0.3724507335573435
