times:
  landing: 0.5596530579999808
  view-data: 0.5590502580000134
