times:
  edit-metadata: 2.863982788287103
  landing: 1.3228361140936613
  view-data: 3.6407992178574204
