times:
  edit-metadata: 1.4721738416701555
  landing: 0.8506886083632708
  view-data: 3.3983329627662897
