times:
  edit-metadata: 0.6071173020172864
  landing: 0.06494215689599514
  view-data: 0.1958665989805013
