times:
  edit-metadata: 1.4469185583293438
  landing: 0.9854004047811031
  view-data: 3.3740929402410984
