times:
  edit-metadata: 1.3697552271187305
  landing: 0.02279052697122097
  view-data: 0.1483062170445919
