times:
  edit-metadata: 1.325214653275907
  landing: 0.023159603588283062
  view-data: 0.41151958890259266
