times:
  edit-metadata: 0.5884397621266544
  landing: 0.04803214990533888
  view-data: 0.18454573908820748
