times:
  edit-metadata: 0.4092685324139893
  landing: 0.06453823111951351
  view-data: 0.20083674462512136
