times:
  landing: 0.5559792779999952
  view-data: 0.5604630529999781
