times:
  edit-metadata: 1.2737666731700301
  landing: 0.09805253893136978
  view-data: 0.12018047738820314
