times:
  edit-metadata: 0.532095231115818
  landing: 0.05711079761385918
  view-data: 0.19602402672171593
