times:
  edit-metadata: 1.2924464279785752
  landing: 0.02173927891999483
  view-data: 0.02873854711651802
