times:
  edit-metadata: 1.6620594889391214
  landing: 0.8056699889712036
  view-data: 3.3738589610438794
