times:
  edit-metadata: 1.4802421852946281
  landing: 1.0034032240509987
  view-data: 3.297723550349474
