times:
  edit-metadata: 1.4206458549015224
  landing: 0.8185838703066111
  view-data: 3.3624066482298076
