times:
  landing: 0.5484800410000048
  view-data: 0.5519576880000159
