times:
  edit-metadata: 1.38667649962008
  landing: 0.13594486936926842
  view-data: 0.319116136059165
