times:
  edit-metadata: 1.4237554147839546
  landing: 0.8978031054139137
  view-data: 3.381385672837496
