times:
  edit-metadata: 1.5002297945320606
  landing: 0.7485656030476093
  view-data: 3.4248794559389353
