times:
  edit-metadata: 0.49720127508044243
  landing: 0.04496854543685913
  view-data: 0.19931180030107498
