times:
  edit-metadata: 0.6227959099924192
  landing: 0.04707550402963534
  view-data: 0.19135913904756308
