times:
  edit-metadata: 1.7275266908109188
  landing: 0.19271902740001678
  view-data: 0.3336323872208595
