times:
  edit-metadata: 1.3833611533045769
  landing: 0.7377042640000582
  view-data: 3.336512040346861
