times:
  edit-metadata: 1.4877056498080492
  landing: 0.8198750875890255
  view-data: 3.4427102003246546
