times:
  edit-metadata: 1.3755302065983415
  landing: 0.022828664630651474
  view-data: 0.4779491387307644
