times:
  edit-metadata: 0.5947910561226308
  landing: 0.08700988814234734
  view-data: 0.19505227822810411
