times:
  edit-metadata: 0.5745754749514163
  landing: 0.04557413700968027
  view-data: 0.1905404480639845
