times:
  edit-metadata: 1.4315545558929443
  landing: 0.7229805216193199
  view-data: 3.3549935072660446
