times:
  edit-metadata: 0.46675967099145055
  landing: 0.052899406058713794
  view-data: 0.22458497690968215
