times:
  edit-metadata: 0.8838781709782779
  landing: 0.14764554193243384
  view-data: 0.2931134181562811
