times:
  edit-metadata: 0.41797945799771696
  landing: 0.0624698789906688
  view-data: 0.2054557210067287
