times:
  edit-metadata: 1.42808922752738
  landing: 0.8969354927539825
  view-data: 3.3020737320184708
