times:
  edit-metadata: 0.5983732100576162
  landing: 0.047846972942352295
  view-data: 0.19257684238255024
