times:
  landing: 0.546365193000014
  view-data: 0.5484197180000194
