times:
  edit-metadata: 1.3848924152553082
  landing: 0.823040034621954
  view-data: 3.37347752135247
