times:
  landing: 0.5554616960000089
  view-data: 0.5538686819999725
