times:
  edit-metadata: 1.532537754625082
  landing: 0.8892413713037968
  view-data: 3.3126447089016438
