times:
  edit-metadata: 1.5078961309045553
  landing: 0.8071224726736546
  view-data: 3.4146995078772306
