times:
  edit-metadata: 0.6098581089172512
  landing: 0.039659128058701754
  view-data: 0.1830964640248567
