times:
  edit-metadata: 1.8732543028891087
  landing: 1.2724642176181078
  view-data: 3.4569273069500923
