times:
  landing: 0.6128831689999856
  view-data: 0.5514706140000385
