times:
  edit-metadata: 0.626200906932354
  landing: 0.046467363834381104
  view-data: 0.17784338002093136
