times:
  edit-metadata: 0.533772099763155
  landing: 0.6713378597050905
  view-data: 0.22039217874407768
