times:
  edit-metadata: 0.44712459947913885
  landing: 0.04118084441870451
  view-data: 0.20147245656698942
