times:
  landing: 0.5464023480001288
  view-data: 0.5535181190000458
