times:
  edit-metadata: 1.2604843443259597
  landing: 0.020509926602244377
  view-data: 0.02710050716996193
