times:
  edit-metadata: 1.7839192561805248
  landing: 0.9204506855458021
  view-data: 3.515927879139781
