times:
  edit-metadata: 0.5146895311772823
  landing: 0.6142903417348862
  view-data: 0.3282030075788498
