times:
  edit-metadata: 1.4507106803357601
  landing: 0.924627561122179
  view-data: 3.36540699377656
