times:
  edit-metadata: 1.3829947225749493
  landing: 0.20458659157156944
  view-data: 0.3076021783053875
