times:
  edit-metadata: 1.3699594251811504
  landing: 1.1367665715515614
  view-data: 3.3465836606919765
