times:
  edit-metadata: 1.4125816449522972
  landing: 0.9178565219044685
  view-data: 3.290913939476013
