times:
  edit-metadata: 1.3608990162611008
  landing: 0.8742345944046974
  view-data: 0.7563876919448376
