times:
  edit-metadata: 1.492793746292591
  landing: 6.367390300147235
  view-data: 3.399133702740073
