times:
  edit-metadata: 0.6418856650125235
  landing: 0.05123902088962495
  view-data: 0.20274211908690631
