times:
  edit-metadata: 0.5322759803384542
  landing: 0.5834115371108055
  view-data: 0.19854492880403996
