times:
  landing: 0.556767103999988
  view-data: 0.5600276869999732
