times:
  edit-metadata: 0.4357975518796593
  landing: 0.07163658598437905
  view-data: 0.23365552118048072
