times:
  edit-metadata: 0.44508632202632725
  landing: 0.05022790504153818
  view-data: 0.2121390380198136
