times:
  edit-metadata: 1.5091941803693771
  landing: 0.863413579761982
  view-data: 3.343523744493723
