times:
  edit-metadata: 0.49213912710547447
  landing: 0.047098156064748764
  view-data: 0.18660448491573334
