times:
  edit-metadata: 0.45664252201095223
  landing: 0.03992674173787236
  view-data: 0.20296055916696787
