times:
  landing: 0.5604614799999865
  view-data: 0.5611936799999739
