times:
  landing: 1.065671119000001
  view-data: 0.5587263940000184
