times:
  landing: 1.0848401629999955
  view-data: 0.5462402659999839
