times:
  edit-metadata: 0.4244344960898161
  landing: 0.06411125999875367
  view-data: 0.20092049706727266
