times:
  landing: 0.5643734660000064
  view-data: 0.5548738049999997
