times:
  edit-metadata: 0.44456187216565013
  landing: 0.06056172680109739
  view-data: 0.20927997212857008
