times:
  edit-metadata: 0.46838841075077653
  landing: 0.05392193095758557
  view-data: 0.20558962738141418
