times:
  landing: 0.5426196489999882
  view-data: 0.551061040999997
