times:
  edit-metadata: 0.4163803677074611
  landing: 0.041186926420778036
  view-data: 0.19118708977475762
