times:
  edit-metadata: 0.5087536796927452
  landing: 0.042998768389225006
  view-data: 0.1956309899687767
