times:
  edit-metadata: 0.5194689556956291
  landing: 0.6333785466849804
  view-data: 0.17882561683654785
