times:
  edit-metadata: 0.5559895250480622
  landing: 0.052875787019729614
  view-data: 0.1769689649809152
