times:
  edit-metadata: 0.49718834087252617
  landing: 0.04245506972074509
  view-data: 0.19517554715275764
