times:
  edit-metadata: 0.6398336091078818
  landing: 0.04811984859406948
  view-data: 0.3437938033603132
