times:
  edit-metadata: 1.5640132948756218
  landing: 0.023439792916178703
  view-data: 0.1875806488096714
