times:
  edit-metadata: 0.44111618492752314
  landing: 0.05549974367022514
  view-data: 0.22023135609924793
