times:
  edit-metadata: 1.3428038358688354
  landing: 0.21881450898945332
  view-data: 0.02734282799065113
