times:
  edit-metadata: 1.42087946459651
  landing: 0.7849867269396782
  view-data: 3.3619858399033546
