times:
  edit-metadata: 1.2919864756986499
  landing: 0.02134732063859701
  view-data: 0.02673157025128603
