times:
  landing: 1.0754872959999773
  view-data: 0.5540058400000021
