times:
  edit-metadata: 1.5885671563446522
  landing: 0.2825148031115532
  view-data: 0.43402816727757454
