times:
  edit-metadata: 1.6882402040064335
  landing: 0.8287951424717903
  view-data: 3.439737416803837
