times:
  edit-metadata: 0.49781153351068497
  landing: 1.1229827348142862
  view-data: 0.5794492848217487
