times:
  landing: 0.5456039289999808
  view-data: 0.5464371230000324
