times:
  edit-metadata: 0.42551887081936
  landing: 0.06442190590314567
  view-data: 0.21260066097602248
