times:
  edit-metadata: 0.5001049321144819
  landing: 0.7416566386818886
  view-data: 0.2200751192867756
