times:
  edit-metadata: 0.4371527396142483
  landing: 0.04479880118742585
  view-data: 0.19208496576175094
