times:
  edit-metadata: 0.44431409309618175
  landing: 0.05628746887668967
  view-data: 0.19692446710541844
