times:
  edit-metadata: 0.44701164797879755
  landing: 0.06011269299779087
  view-data: 0.1991156400181353
