times:
  edit-metadata: 0.5823058211244643
  landing: 0.04220562195405364
  view-data: 0.19369306601583958
