times:
  landing: 0.5576882770000111
  view-data: 0.557051677000004
