times:
  edit-metadata: 1.3430961929261684
  landing: 0.7179659269750118
  view-data: 3.2848400063812733
