times:
  edit-metadata: 1.7418312160298228
  landing: 0.021744033321738243
  view-data: 0.03580918814986944
