times:
  edit-metadata: 0.8940328339813277
  landing: 0.10866488004103303
  view-data: 0.2469881129800342
