times:
  landing: 1.595037972
  view-data: 0.5585235460000035
