times:
  edit-metadata: 1.750899912789464
  landing: 0.3059584852308035
  view-data: 0.5190364215523005
