times:
  edit-metadata: 0.6118832810316235
  landing: 0.044728963170200586
  view-data: 0.19837261806242168
