times:
  edit-metadata: 1.3907629502937198
  landing: 0.025487080216407776
  view-data: 0.19635427463799715
