times:
  edit-metadata: 0.5828333492390811
  landing: 0.050320607144385576
  view-data: 0.1858952809125185
