times:
  edit-metadata: 1.300370785407722
  landing: 0.8907330557703972
  view-data: 3.2982542272657156
