times:
  edit-metadata: 1.4884418733417988
  landing: 1.020477008074522
  view-data: 3.3800687715411186
