times:
  edit-metadata: 0.5018874555826187
  landing: 0.07677172869443893
  view-data: 0.20297150127589703
