times:
  edit-metadata: 1.5521420948207378
  landing: 0.8445821665227413
  view-data: 3.423175845295191
