times:
  edit-metadata: 1.235083969309926
  landing: 0.7937683071941137
  view-data: 3.3185828402638435
