times:
  edit-metadata: 1.5028186030685902
  landing: 0.872900128364563
  view-data: 3.3022180795669556
