times:
  edit-metadata: 1.2899882569909096
  landing: 0.022067755460739136
  view-data: 0.12399710435420275
