times:
  edit-metadata: 1.4184874072670937
  landing: 0.7985470332205296
  view-data: 3.3393883984535933
