times:
  edit-metadata: 1.5642643421888351
  landing: 0.9406886361539364
  view-data: 3.4183872006833553
