times:
  edit-metadata: 0.7014501290395856
  landing: 0.05098913609981537
  view-data: 0.23822615901008248
