times:
  edit-metadata: 0.5290614515542984
  landing: 1.0350756794214249
  view-data: 0.28566099144518375
