times:
  edit-metadata: 0.5236704109702259
  landing: 0.05379208398517221
  view-data: 0.20858732203487307
