times:
  edit-metadata: 0.5474249124526978
  landing: 0.053849540650844574
  view-data: 0.19669198989868164
