times:
  edit-metadata: 1.3686487153172493
  landing: 0.021451354958117008
  view-data: 0.02713277842849493
