times:
  edit-metadata: 0.529004393145442
  landing: 1.12692148424685
  view-data: 0.6251851376146078
