times:
  edit-metadata: 1.5312775298953056
  landing: 0.26939255371689796
  view-data: 0.38072413206100464
