times:
  landing: 0.5537735050000379
  view-data: 0.05029330000002119
