times:
  edit-metadata: 1.6807430982589722
  landing: 1.0978469625115395
  view-data: 3.3857572115957737
