times:
  edit-metadata: 0.5895713847130537
  landing: 0.07899707788601518
  view-data: 0.2652043951675296
