times:
  edit-metadata: 0.5101969689130783
  landing: 0.04185712710022926
  view-data: 0.19838691130280495
