times:
  edit-metadata: 1.2851678533479571
  landing: 0.018687640316784382
  view-data: 0.024428817443549633
