times:
  edit-metadata: 1.4217543825507164
  landing: 0.15232824720442295
  view-data: 0.1359560564160347
