times:
  edit-metadata: 0.4325856679934077
  landing: 0.0542794429929927
  view-data: 0.20587817998602986
