times:
  landing: 1.0643846229999667
  view-data: 0.5570467979999876
