times:
  edit-metadata: 0.4928429932333529
  landing: 0.055469121783971786
  view-data: 0.21061308775097132
