times:
  edit-metadata: 1.4948756024241447
  landing: 0.8965629115700722
  view-data: 3.391746101900935
