times:
  edit-metadata: 0.4432961428537965
  landing: 0.07910496089607477
  view-data: 0.20889056520536542
