times:
  landing: 0.5574793809999505
  view-data: 0.05353190699997867
