times:
  edit-metadata: 1.3072041301056743
  landing: 0.02381915505975485
  view-data: 0.027100611478090286
