times:
  edit-metadata: 1.3903465690091252
  landing: 0.905910762026906
  view-data: 3.4088806565850973
