times:
  edit-metadata: 1.280723111703992
  landing: 0.020744627341628075
  view-data: 0.024501859210431576
