times:
  edit-metadata: 1.4925640970468521
  landing: 0.7675594855099916
  view-data: 3.419981002807617
