times:
  edit-metadata: 1.2902111699804664
  landing: 0.21041874028742313
  view-data: 0.025256022810935974
