times:
  edit-metadata: 0.6074836369371042
  landing: 0.04784641903825104
  view-data: 0.1996493189362809
