times:
  edit-metadata: 1.5165332853794098
  landing: 1.029613696038723
  view-data: 3.396047353744507
