times:
  edit-metadata: 1.295961482450366
  landing: 0.019860743544995785
  view-data: 0.11911744624376297
