times:
  edit-metadata: 1.5000162590295076
  landing: 0.7676596604287624
  view-data: 3.381322640925646
