times:
  edit-metadata: 0.5528626479208469
  landing: 0.05089256912469864
  view-data: 0.19030055776238441
