times:
  edit-metadata: 1.4195733750239015
  landing: 0.8420256460085511
  view-data: 3.318326584994793
