times:
  edit-metadata: 1.3170686904340982
  landing: 0.02153576724231243
  view-data: 0.02726600505411625
