times:
  edit-metadata: 0.6067229979671538
  landing: 0.046739796875044703
  view-data: 0.1841878721024841
