times:
  edit-metadata: 0.5551109034568071
  landing: 0.520101472735405
  view-data: 0.29841033555567265
