times:
  edit-metadata: 1.4461897000437602
  landing: 1.0286779220914468
  view-data: 3.3795558479614556
