times:
  landing: 0.5573553970000091
  view-data: 0.5580494200000032
