times:
  edit-metadata: 1.6368210082873702
  landing: 0.17161504831165075
  view-data: 0.1545980218797922
