times:
  edit-metadata: 0.624397023813799
  landing: 0.0488642870914191
  view-data: 0.18089775484986603
