times:
  landing: 1.5811528590002126
  view-data: 0.5470952560003752
