times:
  edit-metadata: 1.6132422406226397
  landing: 0.9430819377303123
  view-data: 3.4746423717588186
