times:
  landing: 0.5569557450000104
  view-data: 0.5755082270000003
