times:
  edit-metadata: 1.474189491942525
  landing: 0.7534977868199348
  view-data: 3.4215419720858335
