times:
  edit-metadata: 0.6136476271785796
  landing: 0.04655280290171504
  view-data: 0.1937703900039196
