times:
  edit-metadata: 1.5687187779694796
  landing: 0.023564504459500313
  view-data: 0.4448827710002661
