times:
  landing: 1.0781685570000263
  view-data: 0.5569847049999908
