times:
  edit-metadata: 0.5180863905698061
  landing: 1.1162787675857544
  view-data: 0.6055405084043741
