times:
  edit-metadata: 0.5767406080849469
  landing: 0.041569511871784925
  view-data: 0.18718477012589574
