times:
  edit-metadata: 0.5409573372453451
  landing: 1.1172755546867847
  view-data: 0.6078684255480766
