times:
  edit-metadata: 1.5974018778651953
  landing: 1.0311690159142017
  view-data: 3.5636160410940647
