times:
  edit-metadata: 0.6073810179950669
  landing: 0.047928744985256344
  view-data: 0.18611825397238135
