times:
  edit-metadata: 0.534671550616622
  landing: 0.5298847109079361
  view-data: 0.18958448059856892
