times:
  edit-metadata: 1.614604365080595
  landing: 0.3216728623956442
  view-data: 0.20010227151215076
