times:
  edit-metadata: 0.47614720556885004
  landing: 0.04414584394544363
  view-data: 0.19434894248843193
