times:
  edit-metadata: 1.5174448899924755
  landing: 0.8479622949380428
  view-data: 3.3927624449133873
