times:
  edit-metadata: 0.5608712639659643
  landing: 0.04839295148849487
  view-data: 0.24745460599660873
