times:
  landing: 0.555291719999957
  view-data: 0.5580559379999954
