times:
  edit-metadata: 1.5100800544023514
  landing: 0.7688727043569088
  view-data: 3.3970675580203533
