times:
  landing: 0.5509123610000017
  view-data: 0.55146256499998
