times:
  edit-metadata: 0.48418249003589153
  landing: 0.5670984666794538
  view-data: 0.58482482470572
