times:
  edit-metadata: 1.4064392959699035
  landing: 0.11673589143902063
  view-data: 0.46825544349849224
