times:
  edit-metadata: 0.5293418508954346
  landing: 0.050080832093954086
  view-data: 0.20385334081947803
