times:
  edit-metadata: 1.38443698361516
  landing: 0.01908139046281576
  view-data: 0.47329279966652393
