times:
  edit-metadata: 1.4693026598542929
  landing: 0.7988599590025842
  view-data: 3.409834589343518
