times:
  edit-metadata: 1.5047958511859179
  landing: 0.7906750999391079
  view-data: 0.6945907771587372
