times:
  edit-metadata: 1.5154847390949726
  landing: 0.899209950119257
  view-data: 3.4443798549473286
