times:
  edit-metadata: 1.5463045202195644
  landing: 0.909351047128439
  view-data: 3.3380837589502335
