times:
  landing: 0.5514735300000098
  view-data: 0.5559332230000109
