times:
  edit-metadata: 1.7332002073526382
  landing: 0.057226719334721565
  view-data: 0.1688130423426628
