times:
  edit-metadata: 0.5263473372906446
  landing: 1.573638090863824
  view-data: 0.5321632381528616
