times:
  edit-metadata: 0.4181620287708938
  landing: 0.06519038695842028
  view-data: 0.22501965099945664
