times:
  edit-metadata: 1.350096712820232
  landing: 0.02113248035311699
  view-data: 0.025860996916890144
