times:
  edit-metadata: 0.41418826789595187
  landing: 0.062948705162853
  view-data: 0.20483779604546726
