times:
  landing: 2.119771290000017
  view-data: 0.5558819549999043
