times:
  edit-metadata: 0.4889386296272278
  landing: 0.573885839432478
  view-data: 0.6022254358977079
