times:
  edit-metadata: 1.3442269377410412
  landing: 0.02066957578063011
  view-data: 0.12126569729298353
