times:
  landing: 1.0749918080000498
  view-data: 0.5529913819999592
