times:
  edit-metadata: 1.3961880458518863
  landing: 0.02049577422440052
  view-data: 0.4744286285713315
