times:
  edit-metadata: 1.5137297809123993
  landing: 0.7448396570980549
  view-data: 0.543310659006238
