times:
  edit-metadata: 1.4288988281041384
  landing: 1.0580985210835934
  view-data: 3.3312832675874233
