times:
  edit-metadata: 1.6042839214205742
  landing: 1.0443325750529766
  view-data: 0.719841580837965
