times:
  edit-metadata: 0.6133887870237231
  landing: 0.04523787903599441
  view-data: 0.17736731795594096
