times:
  edit-metadata: 0.5596153237856925
  landing: 0.052999621257185936
  view-data: 0.21858423994854093
