times:
  edit-metadata: 1.5380070935934782
  landing: 0.020931167528033257
  view-data: 0.3800756298005581
