times:
  edit-metadata: 1.4168060519732535
  landing: 0.8232013322412968
  view-data: 3.3377320067957044
