times:
  edit-metadata: 0.5249183028936386
  landing: 0.05199702829122543
  view-data: 0.18607071042060852
