times:
  edit-metadata: 1.332941684871912
  landing: 0.019039828330278397
  view-data: 0.1018627556040883
