times:
  edit-metadata: 0.4345990950241685
  landing: 0.04615628207102418
  view-data: 0.19653029087930918
