times:
  edit-metadata: 1.5194011684507132
  landing: 0.1249401792883873
  view-data: 0.17239637300372124
