times:
  landing: 0.5491841730000715
  view-data: 0.5507120770000711
