times:
  edit-metadata: 1.545204559341073
  landing: 0.7731250002980232
  view-data: 3.3820239827036858
