times:
  edit-metadata: 1.3882181039080024
  landing: 0.02009123843163252
  view-data: 0.024070139043033123
