times:
  edit-metadata: 0.41844221111387014
  landing: 0.04438010696321726
  view-data: 0.21115571912378073
