times:
  edit-metadata: 0.5084038488566875
  landing: 0.04199431091547012
  view-data: 0.1902475766837597
