times:
  edit-metadata: 0.4179383246228099
  landing: 0.03903866792097688
  view-data: 0.1849615639075637
