times:
  edit-metadata: 1.5039556734263897
  landing: 0.7531220130622387
  view-data: 3.419475696980953
