times:
  edit-metadata: 1.5062714293599129
  landing: 0.8888185918331146
  view-data: 3.4279089979827404
