times:
  edit-metadata: 1.47303825058043
  landing: 0.715343788266182
  view-data: 3.330947197973728
