times:
  edit-metadata: 0.5013523325324059
  landing: 0.048130277544260025
  view-data: 0.1940714791417122
