times:
  edit-metadata: 0.6142450550105423
  landing: 0.05378655414097011
  view-data: 0.19118347018957138
