times:
  edit-metadata: 1.5270125772804022
  landing: 0.7674656119197607
  view-data: 3.3934473246335983
