times:
  edit-metadata: 0.6247767430031672
  landing: 0.04443361499579623
  view-data: 0.2032053269795142
