times:
  landing: 1.6075736390000088
  view-data: 0.55397358700003
