times:
  edit-metadata: 1.516576360911131
  landing: 0.9285802245140076
  view-data: 3.4249850772321224
