times:
  edit-metadata: 0.5652900072745979
  landing: 0.06157449400052428
  view-data: 0.21085487818345428
