times:
  edit-metadata: 0.41814076201990247
  landing: 0.04051662189885974
  view-data: 0.1891294028609991
