times:
  edit-metadata: 1.3525997791439295
  landing: 0.023165512830018997
  view-data: 0.12690730206668377
