times:
  edit-metadata: 0.6760078798979521
  landing: 0.04871439002454281
  view-data: 0.18814408918842673
