times:
  edit-metadata: 1.3779784049838781
  landing: 1.0182688683271408
  view-data: 3.3344615469686687
