times:
  landing: 1.606494564000002
  view-data: 1.0745679740000185
