times:
  landing: 1.6299266330897808
  view-data: 0.6368636805564165
