times:
  edit-metadata: 1.4959141984581947
  landing: 0.2771157827228308
  view-data: 0.025342721492052078
