times:
  edit-metadata: 0.44042803440243006
  landing: 0.05479052755981684
  view-data: 0.185888959094882
