times:
  edit-metadata: 1.7408510157838464
  landing: 0.021221780218183994
  view-data: 0.1777721969410777
