times:
  edit-metadata: 0.763249647000066
  landing: 0.06629843600012464
  view-data: 0.33476375000009284
