times:
  landing: 0.5567445800000428
  view-data: 0.5658629080000424
