times:
  edit-metadata: 1.617764849215746
  landing: 0.9055641889572144
  view-data: 3.4457192569971085
