times:
  edit-metadata: 0.5198437310755253
  landing: 0.05384049331769347
  view-data: 0.21874485909938812
