times:
  edit-metadata: 1.419799247290939
  landing: 0.8170161726884544
  view-data: 3.4343611425720155
