times:
  edit-metadata: 0.5978971510194242
  landing: 0.03970144013874233
  view-data: 0.19184635393321514
