times:
  edit-metadata: 0.49082639068365097
  landing: 0.0482909232378006
  view-data: 0.19798238575458527
