times:
  edit-metadata: 0.5053767748177052
  landing: 0.051722604781389236
  view-data: 0.1951695755124092
