times:
  edit-metadata: 0.4392221951857209
  landing: 0.04211568646132946
  view-data: 0.19878168031573296
