times:
  landing: 1.0758119439999518
  view-data: 0.5539096179999774
