times:
  edit-metadata: 1.4921681731939316
  landing: 0.8265369571745396
  view-data: 3.36378775537014
