times:
  edit-metadata: 1.4944811072200537
  landing: 0.8036408647894859
  view-data: 3.410221293568611
