times:
  edit-metadata: 1.356290189549327
  landing: 0.16971885971724987
  view-data: 0.15006209909915924
