times:
  edit-metadata: 0.5107230693101883
  landing: 0.04793951287865639
  view-data: 0.18976814672350883
