times:
  edit-metadata: 0.5061191130007501
  landing: 0.07016103700152598
  view-data: 0.21258778300398262
