times:
  edit-metadata: 1.6195087265223265
  landing: 0.7981165759265423
  view-data: 3.377294383943081
