times:
  landing: 0.5526857719999896
  view-data: 0.5614249170000107
