times:
  edit-metadata: 0.4405361879616976
  landing: 0.05310084018856287
  view-data: 0.20678249932825565
