times:
  edit-metadata: 1.2705789161846042
  landing: 0.019258695654571056
  view-data: 0.026807790622115135
