times:
  landing: 1.0682394780000095
  view-data: 0.5526064689999828
