times:
  edit-metadata: 0.5532913822680712
  landing: 1.1314043924212456
  view-data: 0.3082263916730881
