times:
  landing: 0.5450153760000092
  view-data: 0.5500395599999877
