times:
  edit-metadata: 1.3678769655525684
  landing: 0.9577391557395458
  view-data: 3.3090197183191776
