times:
  landing: 0.5683377469999868
  view-data: 0.5673946000000001
