times:
  edit-metadata: 0.600917813993874
  landing: 0.054472763993544504
  view-data: 0.18531834598979913
