times:
  edit-metadata: 1.6111889816820621
  landing: 0.7391066756099463
  view-data: 3.3571043219417334
