times:
  edit-metadata: 1.3855848349630833
  landing: 0.19100541062653065
  view-data: 0.3552127555012703
