times:
  edit-metadata: 1.4355181753635406
  landing: 0.023840315639972687
  view-data: 0.024433953687548637
