times:
  edit-metadata: 0.5039167990908027
  landing: 0.056649794802069664
  view-data: 0.19797475822269917
