times:
  landing: 0.5535310539999045
  view-data: 0.5583475910000288
