times:
  edit-metadata: 1.5735220313072205
  landing: 1.0481663718819618
  view-data: 3.4664054177701473
