times:
  landing: 1.0730774160000465
  view-data: 0.5543263419999676
