times:
  landing: 0.5553211620000127
  view-data: 0.5615794480000034
