times:
  edit-metadata: 0.5045792125165462
  landing: 0.9877657480537891
  view-data: 0.2910317536443472
