times:
  edit-metadata: 0.6390521749854088
  landing: 0.1032552239485085
  view-data: 0.20840105414390564
