times:
  edit-metadata: 0.5347316469997168
  landing: 0.6537466421723366
  view-data: 0.30801041424274445
