times:
  edit-metadata: 0.4732258077710867
  landing: 0.5971601195633411
  view-data: 0.18561406806111336
