times:
  landing: 0.550159003000033
  view-data: 0.5515034229999856
