times:
  edit-metadata: 0.5743786208331585
  landing: 0.6780943162739277
  view-data: 0.2934530843049288
