times:
  edit-metadata: 1.4721537064760923
  landing: 0.020220035687088966
  view-data: 0.5535246673971415
