times:
  edit-metadata: 0.6141435690224171
  landing: 0.046881153946742415
  view-data: 0.1783510890090838
