times:
  edit-metadata: 1.431186005473137
  landing: 0.17201331164687872
  view-data: 0.3865186898037791
