times:
  edit-metadata: 0.5337177999317646
  landing: 0.5601190570741892
  view-data: 0.21520428359508514
