times:
  edit-metadata: 0.5153915453702211
  landing: 1.265850018709898
  view-data: 0.32009876519441605
