times:
  edit-metadata: 0.5651034042239189
  landing: 0.5820528604090214
  view-data: 0.18243259750306606
