times:
  landing: 0.5590588910000065
  view-data: 0.5629419409999912
