times:
  edit-metadata: 1.5655008256435394
  landing: 0.2733333446085453
  view-data: 0.4251138102263212
