times:
  landing: 2.382479194086045
  view-data: 0.03099117800593376
