times:
  edit-metadata: 0.496311298571527
  landing: 0.05410747416317463
  view-data: 0.19707376509904861
