times:
  edit-metadata: 0.43332546204328537
  landing: 0.05476040509529412
  view-data: 0.20245387707836926
