times:
  edit-metadata: 1.4680844210088253
  landing: 0.7919704280793667
  view-data: 3.2986860796809196
