times:
  edit-metadata: 1.7359593342989683
  landing: 1.0221310118213296
  view-data: 3.5697400737553835
