times:
  edit-metadata: 1.3223349805921316
  landing: 0.0210384763777256
  view-data: 0.024967992678284645
