times:
  edit-metadata: 1.4770505297929049
  landing: 0.9308748636394739
  view-data: 3.462086295709014
