times:
  edit-metadata: 0.4248308911919594
  landing: 0.07576396688818932
  view-data: 0.20351607911288738
