times:
  edit-metadata: 0.49233492463827133
  landing: 0.568696079775691
  view-data: 0.18306261859834194
