times:
  edit-metadata: 1.3664761572144926
  landing: 0.8202530788257718
  view-data: 3.358911871910095
