times:
  edit-metadata: 1.3513273000717163
  landing: 0.02069798856973648
  view-data: 0.026699095964431763
