times:
  edit-metadata: 0.4796748519875109
  landing: 0.05271496484056115
  view-data: 0.2001974699087441
