times:
  edit-metadata: 1.4129144758917391
  landing: 0.8143575878348202
  view-data: 3.3514266710262746
