times:
  edit-metadata: 1.3842897713184357
  landing: 0.8863550275564194
  view-data: 3.32639429718256
