times:
  edit-metadata: 1.4116172976791859
  landing: 0.20096330903470516
  view-data: 0.37622723914682865
