times:
  edit-metadata: 0.4958972637541592
  landing: 0.03939265524968505
  view-data: 0.18973820330575109
