times:
  edit-metadata: 1.5229033241048455
  landing: 0.8039472638629377
  view-data: 3.3643815969116986
