times:
  edit-metadata: 0.5343343671411276
  landing: 0.6689033675938845
  view-data: 0.3104674872010946
