times:
  edit-metadata: 1.2991885151714087
  landing: 0.12838336545974016
  view-data: 0.11764651816338301
