times:
  edit-metadata: 0.4506406430155039
  landing: 0.05821226700209081
  view-data: 0.2131605149479583
