times:
  edit-metadata: 1.5046398676931858
  landing: 0.895942822098732
  view-data: 3.405038185417652
