times:
  edit-metadata: 1.366680707782507
  landing: 0.7579956203699112
  view-data: 3.3390985932201147
