times:
  edit-metadata: 1.382889261469245
  landing: 0.1480878535658121
  view-data: 0.02658970281481743
