times:
  edit-metadata: 1.3997447220608592
  landing: 0.22562830615788698
  view-data: 0.31082562636584044
