times:
  edit-metadata: 1.5212033791467547
  landing: 1.0087501308880746
  view-data: 3.2880180296488106
