times:
  edit-metadata: 1.4503594590350986
  landing: 0.8371576720383018
  view-data: 3.395223273895681
