times:
  edit-metadata: 1.5488492157310247
  landing: 0.7562058791518211
  view-data: 0.8011236749589443
