times:
  edit-metadata: 0.4371545920148492
  landing: 0.043340228497982025
  view-data: 0.20264243334531784
