times:
  edit-metadata: 1.4146103980019689
  landing: 0.7833470059558749
  view-data: 3.3641636059619486
