times:
  landing: 0.5396133719999909
  view-data: 0.5483206789999997
