times:
  edit-metadata: 0.5942592709907331
  landing: 0.05389526399085298
  view-data: 0.18736145499860868
