times:
  edit-metadata: 0.48290824610739946
  landing: 0.07562506105750799
  view-data: 0.2028800928965211
