times:
  edit-metadata: 0.5511414017528296
  landing: 0.04525415226817131
  view-data: 0.1981502529233694
