times:
  edit-metadata: 0.520931925624609
  landing: 0.7523940689861774
  view-data: 0.19280656054615974
