times:
  landing: 0.598518968999997
  view-data: 0.5581249109999931
