times:
  edit-metadata: 1.3314226623624563
  landing: 0.020616027526557446
  view-data: 0.025562729686498642
