times:
  edit-metadata: 0.4842994809150696
  landing: 0.050357069820165634
  view-data: 0.18827588483691216
