times:
  edit-metadata: 0.6087783828843385
  landing: 0.04550362913869321
  view-data: 0.18486377806402743
