times:
  edit-metadata: 1.3528522895649076
  landing: 0.021247739903628826
  view-data: 0.028717877343297005
