times:
  edit-metadata: 0.49277753196656704
  landing: 0.5177098643034697
  view-data: 0.19406335800886154
