times:
  edit-metadata: 1.3563296534121037
  landing: 0.13837579637765884
  view-data: 0.1482041534036398
