times:
  edit-metadata: 0.5935008060187101
  landing: 0.054376945132389665
  view-data: 0.1811943829525262
