times:
  edit-metadata: 1.3383698398247361
  landing: 0.020388909615576267
  view-data: 0.026496050879359245
