times:
  edit-metadata: 1.3335982589051127
  landing: 0.020549929700791836
  view-data: 0.11821319442242384
