times:
  edit-metadata: 0.4516630033031106
  landing: 0.03855133522301912
  view-data: 0.2092602588236332
