times:
  edit-metadata: 1.3921623397618532
  landing: 0.15401325654238462
  view-data: 0.3907019402831793
