times:
  edit-metadata: 0.5753616050351411
  landing: 0.05070907506160438
  view-data: 0.19318489101715386
