times:
  edit-metadata: 0.43908635107800364
  landing: 0.05106625193729997
  view-data: 0.2079554940573871
