times:
  edit-metadata: 0.7445016810670495
  landing: 0.12391645228490233
  view-data: 0.2547732009552419
