times:
  edit-metadata: 0.4728116299957037
  landing: 0.05424022814258933
  view-data: 0.21068166196346283
