times:
  edit-metadata: 1.3035847200080752
  landing: 0.020360466092824936
  view-data: 0.12667679227888584
