times:
  edit-metadata: 2.4235165594145656
  landing: 0.16463664080947638
  view-data: 0.8109952481463552
