times:
  edit-metadata: 0.6666344976983964
  landing: 0.05216859607025981
  view-data: 0.41085034189745784
