times:
  edit-metadata: 0.623364367056638
  landing: 0.04959157505072653
  view-data: 0.1938303770730272
