times:
  edit-metadata: 0.4328951200004667
  landing: 0.05397827900014818
  view-data: 0.19460181600879878
