times:
  edit-metadata: 0.4269430839922279
  landing: 0.061422669095918536
  view-data: 0.20284847589209676
