times:
  edit-metadata: 1.674895716831088
  landing: 0.263501413166523
  view-data: 0.029689287766814232
