times:
  edit-metadata: 1.3345493720844388
  landing: 0.17130744829773903
  view-data: 0.41876895166933537
