times:
  edit-metadata: 0.4499665549956262
  landing: 0.05459261802025139
  view-data: 0.2010823900345713
