times:
  edit-metadata: 1.4569323062896729
  landing: 0.9209716841578484
  view-data: 3.340325601398945
