times:
  landing: 0.5547264120000364
  view-data: 0.5585488520000581
