times:
  landing: 0.5476548240000056
  view-data: 0.5519807809999975
