times:
  edit-metadata: 1.358983876183629
  landing: 1.3652441892772913
  view-data: 3.3064150623977184
