times:
  edit-metadata: 1.4281195560470223
  landing: 0.021225137636065483
  view-data: 0.027622882276773453
