times:
  edit-metadata: 1.4279824942350388
  landing: 0.9175611510872841
  view-data: 3.4067464247345924
