times:
  edit-metadata: 1.2882668524980545
  landing: 0.04923638142645359
  view-data: 0.05325751472264528
