times:
  edit-metadata: 1.3305882919812575
  landing: 0.028017315024044365
  view-data: 0.13985178497387096
