times:
  edit-metadata: 1.5438744984567165
  landing: 0.966713659465313
  view-data: 3.691296808421612
