times:
  landing: 1.1061405600000285
  view-data: 0.5667993440000032
