times:
  edit-metadata: 1.4105096869170666
  landing: 0.1903621330857277
  view-data: 0.026365937665104866
