times:
  edit-metadata: 2.0101921781897545
  landing: 0.2758352439850569
  view-data: 0.5174184404313564
