times:
  edit-metadata: 1.3030625859973952
  landing: 1.0008794200839475
  view-data: 3.325960317044519
