times:
  edit-metadata: 0.5001895199529827
  landing: 0.04573379782959819
  view-data: 0.19809470791369677
