times:
  edit-metadata: 0.5200358964502811
  landing: 0.051245078444480896
  view-data: 0.19217413663864136
