times:
  edit-metadata: 0.47523726895451546
  landing: 1.5781987197697163
  view-data: 0.411005100235343
