times:
  edit-metadata: 0.42453955626115203
  landing: 0.04681059857830405
  view-data: 0.21127200312912464
