times:
  landing: 0.5533737560000418
  view-data: 0.5566891970000825
