times:
  edit-metadata: 1.3854446914047003
  landing: 0.8860609903931618
  view-data: 3.352387088816613
