times:
  landing: 0.5541096679999953
  view-data: 0.08688395800001558
