times:
  landing: 0.5504728790000115
  view-data: 0.5528292140000133
