times:
  landing: 0.5549118459999818
  view-data: 0.5509047470000041
