times:
  edit-metadata: 0.5334892496466637
  landing: 0.6709062941372395
  view-data: 0.1893175859004259
