times:
  landing: 0.5507642050000072
  view-data: 0.5525955210000006
