times:
  edit-metadata: 2.1605474147945642
  landing: 0.24077638611197472
  view-data: 0.3139213304966688
