times:
  edit-metadata: 0.52054762840271
  landing: 0.03900699317455292
  view-data: 0.1859554871916771
