times:
  edit-metadata: 0.5191146600991488
  landing: 1.8970111925154924
  view-data: 0.23728604055941105
