times:
  edit-metadata: 0.5363479796797037
  landing: 0.6566194891929626
  view-data: 0.22279142774641514
