times:
  edit-metadata: 0.5913014749530703
  landing: 0.04951522103510797
  view-data: 0.18888197792693973
