times:
  edit-metadata: 1.6500811474397779
  landing: 1.241250148974359
  view-data: 3.2757129091769457
