times:
  edit-metadata: 0.40714094089344144
  landing: 0.041205108631402254
  view-data: 0.19370917975902557
