times:
  edit-metadata: 0.6433061819989234
  landing: 0.08240413991734385
  view-data: 0.2550807048100978
