times:
  edit-metadata: 0.5167489424347878
  landing: 0.04118726775050163
  view-data: 0.19611767679452896
