times:
  edit-metadata: 0.5254079169826582
  landing: 0.05765673500718549
  view-data: 0.25093016400933266
