times:
  edit-metadata: 1.321712851524353
  landing: 0.020642787218093872
  view-data: 0.12273150216788054
