times:
  edit-metadata: 0.7629655860364437
  landing: 0.5657732523977757
  view-data: 0.599072627723217
