times:
  landing: 1.0729084609999973
  view-data: 0.5593378419999908
