times:
  landing: 0.5510050539999725
  view-data: 0.5492120499999942
