times:
  landing: 0.5422912720000568
  view-data: 0.5475370370000974
