times:
  edit-metadata: 1.3301494158804417
  landing: 0.6469552554190159
  view-data: 3.270896151661873
