times:
  edit-metadata: 0.5375684052705765
  landing: 0.5936122070997953
  view-data: 0.43069240264594555
