times:
  edit-metadata: 1.3492960017174482
  landing: 0.01985938847064972
  view-data: 0.1237753089517355
