times:
  landing: 1.0750110969999582
  view-data: 0.5609011949999854
