times:
  landing: 1.0812867889999893
  view-data: 0.5540124870000227
