times:
  edit-metadata: 1.562611535191536
  landing: 0.9302650280296803
  view-data: 3.3658587858080864
