times:
  edit-metadata: 1.405242219567299
  landing: 0.7869368009269238
  view-data: 3.3558329418301582
