times:
  edit-metadata: 1.3777968417853117
  landing: 0.1904974840581417
  view-data: 0.3208876419812441
