times:
  edit-metadata: 1.5629023406654596
  landing: 0.9999834457412362
  view-data: 3.5043144365772605
