times:
  edit-metadata: 1.5092426631599665
  landing: 1.1752891838550568
  view-data: 3.435506397858262
