times:
  edit-metadata: 0.5057608149945736
  landing: 0.7639128714799881
  view-data: 0.29507580026984215
