times:
  landing: 0.5406315729999278
  view-data: 0.5464240579999569
