times:
  edit-metadata: 1.372288579121232
  landing: 0.021423012018203735
  view-data: 0.02474014088511467
