times:
  edit-metadata: 0.5104379449912813
  landing: 0.06699601899890695
  view-data: 0.2696408280025935
