times:
  landing: 0.5518004820000044
  view-data: 0.5528980710000155
