times:
  edit-metadata: 1.4731421959586442
  landing: 0.9099241429939866
  view-data: 3.402908554999158
