times:
  edit-metadata: 2.0155759481713176
  landing: 0.15266811847686768
  view-data: 0.24782053381204605
