times:
  edit-metadata: 0.5849054059945047
  landing: 0.049572878997423686
  view-data: 0.1894535939936759
