times:
  edit-metadata: 2.2558425199240446
  landing: 0.026418223977088928
  view-data: 0.43458984792232513
