times:
  edit-metadata: 1.4338866584002972
  landing: 0.9614566825330257
  view-data: 3.4552342481911182
