times:
  edit-metadata: 1.3742862213402987
  landing: 0.04503595270216465
  view-data: 0.025470959022641182
