times:
  edit-metadata: 1.8266229555010796
  landing: 0.15698234550654888
  view-data: 0.39434793405234814
