times:
  edit-metadata: 0.433005740866065
  landing: 0.06170253828167915
  view-data: 0.21176917711272836
