times:
  edit-metadata: 0.4179827868938446
  landing: 0.0459539252333343
  view-data: 0.1853157849982381
