times:
  edit-metadata: 0.48322705179452896
  landing: 0.573583235964179
  view-data: 0.5864827558398247
