times:
  edit-metadata: 1.3349668383598328
  landing: 0.023468978703022003
  view-data: 0.13275091908872128
