times:
  landing: 0.5514326029999665
  view-data: 0.5558860320001031
