times:
  edit-metadata: 0.4626806527376175
  landing: 0.04721503704786301
  view-data: 0.2031979262828827
