times:
  edit-metadata: 0.5788451880216599
  landing: 0.047954583540558815
  view-data: 0.20159838162362576
