times:
  edit-metadata: 1.5673917522653937
  landing: 0.7482612710446119
  view-data: 3.287252465263009
