times:
  edit-metadata: 0.5748071819543839
  landing: 0.5210759416222572
  view-data: 0.1879708580672741
