times:
  edit-metadata: 0.5160220409743488
  landing: 0.04635887686163187
  view-data: 0.21752973087131977
