times:
  edit-metadata: 0.4228819929994643
  landing: 0.04039713181555271
  view-data: 0.19992133928462863
