times:
  edit-metadata: 1.3933877311646938
  landing: 0.7438773289322853
  view-data: 3.361904878169298
