times:
  edit-metadata: 0.6085089460248128
  landing: 0.05104527191724628
  view-data: 0.19147500803228468
