times:
  edit-metadata: 1.3774680059868842
  landing: 0.7865957110188901
  view-data: 3.35846744698938
