times:
  edit-metadata: 0.40194153832271695
  landing: 0.04502848768606782
  view-data: 0.19711821107193828
