times:
  edit-metadata: 0.5377676282078028
  landing: 0.4576991889625788
  view-data: 0.293198823928833
