times:
  edit-metadata: 0.5067974552512169
  landing: 0.05192387476563454
  view-data: 0.19806241244077682
