times:
  edit-metadata: 0.43256985303014517
  landing: 0.05092412419617176
  view-data: 0.2021862082183361
