times:
  edit-metadata: 1.5059413388371468
  landing: 0.8748312760144472
  view-data: 3.3384924419224262
