times:
  edit-metadata: 0.5013329070061445
  landing: 0.5495386570692062
  view-data: 0.3068396896123886
