times:
  edit-metadata: 1.4150200439617038
  landing: 0.7846097107976675
  view-data: 3.367611574009061
