times:
  landing: 1.111702041000001
  view-data: 0.5573027590000379
