times:
  edit-metadata: 0.6885250429622829
  landing: 0.04976085410453379
  view-data: 0.19374592881649733
