times:
  edit-metadata: 0.5172892194241285
  landing: 0.5980877317488194
  view-data: 0.44381436333060265
