times:
  edit-metadata: 1.5878753624856472
  landing: 0.9004149064421654
  view-data: 3.681021723896265
