times:
  landing: 0.551762162999978
  view-data: 0.5532940720000283
