times:
  landing: 0.5518315409999559
  view-data: 0.556508368999971
