times:
  edit-metadata: 0.4253386310301721
  landing: 0.051436330657452345
  view-data: 0.18951262487098575
