times:
  edit-metadata: 0.49538199976086617
  landing: 0.044675927609205246
  view-data: 0.19539716839790344
