times:
  landing: 0.5540220549999049
  view-data: 0.5633783159998984
