times:
  edit-metadata: 0.5044040339998901
  landing: 0.07072428381070495
  view-data: 0.20341061800718307
