times:
  edit-metadata: 0.5253441091626883
  landing: 1.113727981224656
  view-data: 0.19796863198280334
