times:
  edit-metadata: 0.5082437209784985
  landing: 1.0822874773293734
  view-data: 0.5958374366164207
