times:
  edit-metadata: 0.5071268677711487
  landing: 0.04559934139251709
  view-data: 0.19718772545456886
