times:
  edit-metadata: 1.2869723439216614
  landing: 0.11528531834483147
  view-data: 0.12322688288986683
