times:
  edit-metadata: 1.3104097303003073
  landing: 0.19584515690803528
  view-data: 0.0265058446675539
