times:
  edit-metadata: 0.4370724119944498
  landing: 0.05107738298829645
  view-data: 0.22826781898038462
