times:
  edit-metadata: 1.439379971474409
  landing: 0.8496198058128357
  view-data: 3.3369499556720257
