times:
  edit-metadata: 0.6252161919837818
  landing: 0.04986067797290161
  view-data: 0.19638632299029268
