times:
  edit-metadata: 1.339871204458177
  landing: 0.02423177193850279
  view-data: 0.023562559857964516
