times:
  landing: 1.0699101980000023
  view-data: 0.5589719369999955
