times:
  edit-metadata: 0.5090814249997493
  landing: 0.039751428000272426
  view-data: 0.19380766900030721
