times:
  edit-metadata: 0.42550084087997675
  landing: 0.05147785600274801
  view-data: 0.20112812612205744
