times:
  edit-metadata: 0.5434607286006212
  landing: 0.552869563922286
  view-data: 0.18529668264091015
