times:
  edit-metadata: 1.5042894780635834
  landing: 0.820492647588253
  view-data: 3.3186661936342716
