times:
  edit-metadata: 1.4534933348186314
  landing: 0.8622148791328073
  view-data: 3.4764963453635573
