times:
  edit-metadata: 1.5177485421299934
  landing: 0.7799314651638269
  view-data: 3.4303510319441557
