times:
  edit-metadata: 0.6385346200549975
  landing: 0.046769465086981654
  view-data: 0.1906948770629242
