times:
  edit-metadata: 2.1041630432009697
  landing: 2.6805544570088387
  view-data: 3.309774048626423
