times:
  edit-metadata: 0.4769189767539501
  landing: 0.8290414605289698
  view-data: 0.2931061014533043
