times:
  edit-metadata: 1.4824015349149704
  landing: 0.7805970478802919
  view-data: 3.5505952034145594
