times:
  edit-metadata: 0.5490990011021495
  landing: 0.0474064601585269
  view-data: 0.21829693531617522
