times:
  landing: 1.058541520999995
  view-data: 0.5451784720000035
