times:
  edit-metadata: 0.505117230117321
  landing: 0.04357867315411568
  view-data: 0.19313522055745125
