times:
  edit-metadata: 1.3210055408999324
  landing: 0.2187725594267249
  view-data: 0.4089671978726983
