times:
  edit-metadata: 0.6427754508331418
  landing: 0.04674884304404259
  view-data: 0.2080183899961412
