times:
  edit-metadata: 0.5325218271464109
  landing: 0.0482100285589695
  view-data: 0.1898546814918518
