times:
  edit-metadata: 0.5822908440604806
  landing: 0.03859989205375314
  view-data: 0.18849550420418382
