times:
  edit-metadata: 1.310680415481329
  landing: 0.09126473590731621
  view-data: 0.11870867572724819
