times:
  edit-metadata: 0.42426334135234356
  landing: 0.04618813097476959
  view-data: 0.19823962775990367
