times:
  edit-metadata: 0.45572230592370033
  landing: 0.04016637522727251
  view-data: 0.19511439837515354
