times:
  edit-metadata: 0.5741922329179943
  landing: 0.048895985120907426
  view-data: 0.19551606103777885
