times:
  landing: 2.285335331922397
  view-data: 0.031294238986447453
