times:
  landing: 2.35026344913058
  view-data: 0.03116744989529252
