times:
  landing: 1.1074571299832314
  view-data: 0.5573426170740277
