times:
  edit-metadata: 1.7777459435164928
  landing: 0.022176312282681465
  view-data: 0.02718066517263651
