times:
  edit-metadata: 2.989287905395031
  landing: 1.8175145350396633
  view-data: 3.5018463507294655
