times:
  edit-metadata: 1.290895279031247
  landing: 0.9259956630412489
  view-data: 3.262129314010963
