times:
  edit-metadata: 1.8383794203400612
  landing: 0.024018052965402603
  view-data: 0.026966827921569347
