times:
  edit-metadata: 1.351328931748867
  landing: 0.9997405260801315
  view-data: 3.3339791782200336
