times:
  edit-metadata: 1.5719297006726265
  landing: 0.8242212198674679
  view-data: 3.485709747299552
