times:
  edit-metadata: 0.5778408702462912
  landing: 0.049040623009204865
  view-data: 0.2106558308005333
