times:
  edit-metadata: 1.3871525526046753
  landing: 0.8618445992469788
  view-data: 3.287486683577299
