times:
  edit-metadata: 0.5329868122935295
  landing: 0.04569217935204506
  view-data: 0.20928266551345587
