times:
  edit-metadata: 2.610340628772974
  landing: 0.8670375309884548
  view-data: 3.938842784613371
