times:
  edit-metadata: 1.903860013000667
  landing: 0.022446476854383945
  view-data: 0.028732184320688248
