times:
  edit-metadata: 1.8074616398662329
  landing: 0.023849941790103912
  view-data: 0.1268426552414894
