times:
  edit-metadata: 1.5522888489067554
  landing: 0.7111338982358575
  view-data: 3.3131300900131464
