times:
  edit-metadata: 1.8677472844719887
  landing: 0.02714724652469158
  view-data: 0.3193920683115721
