times:
  edit-metadata: 0.579694077372551
  landing: 0.04850628040730953
  view-data: 0.19996196497231722
