times:
  edit-metadata: 1.362751587294042
  landing: 0.8878768235445023
  view-data: 3.3672276474535465
