times:
  edit-metadata: 1.4215427711606026
  landing: 0.8514291169121861
  view-data: 3.4241418559104204
