times:
  edit-metadata: 1.4581470880657434
  landing: 0.7718862667679787
  view-data: 3.3038094080984592
