times:
  edit-metadata: 1.5008531603962183
  landing: 0.7978632878512144
  view-data: 3.421725982800126
