times:
  edit-metadata: 0.5411863140761852
  landing: 0.04722679313272238
  view-data: 0.21047446876764297
