times:
  edit-metadata: 0.9408686878159642
  landing: 0.055643093306571245
  view-data: 0.24836933985352516
