times:
  edit-metadata: 2.1799191664904356
  landing: 0.024415679275989532
  view-data: 0.41125935316085815
