times:
  edit-metadata: 0.8558658238034695
  landing: 0.05242466204799712
  view-data: 0.23755981493741274
