times:
  edit-metadata: 0.8276833510026336
  landing: 0.07548543415032327
  view-data: 0.37524386192671955
