times:
  edit-metadata: 1.526762243360281
  landing: 1.1600495614111423
  view-data: 3.7277682200074196
