times:
  edit-metadata: 1.3875034861266613
  landing: 0.02109528798609972
  view-data: 0.12258847244083881
