times:
  edit-metadata: 1.5908627565950155
  landing: 0.9296216554939747
  view-data: 3.330780068412423
