times:
  edit-metadata: 1.5240751430392265
  landing: 0.7973692938685417
  view-data: 3.4124695360660553
