times:
  edit-metadata: 0.5857085809111595
  landing: 0.04315331531688571
  view-data: 0.21494439477100968
