times:
  edit-metadata: 1.4210521914064884
  landing: 0.8597379885613918
  view-data: 3.360692508518696
