times:
  edit-metadata: 1.934471920132637
  landing: 0.22932421788573265
  view-data: 0.10369757935404778
