times:
  edit-metadata: 0.8641222859732807
  landing: 0.04644456831738353
  view-data: 0.22763721086084843
