times:
  edit-metadata: 0.8466278139967471
  landing: 0.049143096985062584
  view-data: 0.24623774300562218
