times:
  edit-metadata: 2.0848762281239033
  landing: 0.24022755026817322
  view-data: 0.023218080401420593
