times:
  edit-metadata: 2.439076581969857
  landing: 0.19491781294345856
  view-data: 0.26884461380541325
