times:
  edit-metadata: 1.3898245671298355
  landing: 0.8338886101264507
  view-data: 3.387103845132515
