times:
  edit-metadata: 1.2907462760340422
  landing: 0.8273282959125936
  view-data: 3.3209697641432285
