times:
  edit-metadata: 1.5187571570277214
  landing: 0.8375790100544691
  view-data: 3.451463593170047
