times:
  edit-metadata: 1.8266022419556975
  landing: 0.21771465055644512
  view-data: 0.4951833924278617
