times:
  edit-metadata: 0.9196671289973892
  landing: 0.07012475002557039
  view-data: 0.28198611695552245
