times:
  edit-metadata: 0.95803848200012
  landing: 0.05954386299708858
  view-data: 0.2556294249952771
