times:
  edit-metadata: 1.6396053452044725
  landing: 0.8838107194751501
  view-data: 3.443120338022709
