times:
  edit-metadata: 1.5679550357162952
  landing: 1.0421828590333462
  view-data: 3.359817035496235
