times:
  edit-metadata: 0.9360199840157293
  landing: 0.05498417798662558
  view-data: 0.2611181209795177
