times:
  edit-metadata: 1.3810649160295725
  landing: 0.9796553198248148
  view-data: 3.3476092414930463
