times:
  edit-metadata: 2.017806591466069
  landing: 0.021126076579093933
  view-data: 0.027324827387928963
