times:
  edit-metadata: 1.5583949238061905
  landing: 0.8482330050319433
  view-data: 3.5151582583785057
