times:
  edit-metadata: 1.8418256677687168
  landing: 0.934196513146162
  view-data: 3.3394864350557327
