times:
  edit-metadata: 1.4494751021265984
  landing: 0.7403413793072104
  view-data: 3.381093330681324
