times:
  edit-metadata: 1.4705540211871266
  landing: 0.8725847597233951
  view-data: 3.398376598022878
