times:
  edit-metadata: 1.3817791622132063
  landing: 0.954696960747242
  view-data: 3.3279187362641096
