times:
  edit-metadata: 0.9438671940006316
  landing: 0.05199671199079603
  view-data: 0.2575454469770193
