times:
  edit-metadata: 1.8787534032016993
  landing: 0.14409031346440315
  view-data: 0.024274911731481552
