times:
  edit-metadata: 1.7798135643824935
  landing: 0.22660022508352995
  view-data: 0.11755420174449682
