times:
  edit-metadata: 1.8914318233728409
  landing: 0.20472415164113045
  view-data: 0.02486095391213894
