times:
  edit-metadata: 1.890151970088482
  landing: 0.1325262151658535
  view-data: 0.027356084436178207
