times:
  edit-metadata: 1.5901039857417345
  landing: 0.8660418819636106
  view-data: 3.4325459357351065
