times:
  edit-metadata: 1.4390140445902944
  landing: 0.020246551372110844
  view-data: 0.12290586344897747
