times:
  edit-metadata: 1.6931637302041054
  landing: 0.9859356209635735
  view-data: 3.439020646736026
