times:
  edit-metadata: 1.3401826610788703
  landing: 0.9641984193585813
  view-data: 3.3767017778009176
