times:
  edit-metadata: 0.8540615530218929
  landing: 0.052550991997122765
  view-data: 0.23706053593195975
