times:
  edit-metadata: 4.141905345022678
  landing: 1.994729582220316
  view-data: 3.5267824940383434
