times:
  edit-metadata: 1.5217146999202669
  landing: 0.9075933499261737
  view-data: 3.32557296496816
