times:
  edit-metadata: 1.76763366907835
  landing: 0.02139302995055914
  view-data: 0.0268164724111557
