times:
  edit-metadata: 0.839708857005462
  landing: 0.050881047965958714
  view-data: 0.2583848568610847
