times:
  edit-metadata: 1.7595659997314215
  landing: 0.022782801650464535
  view-data: 0.12404814083129168
