times:
  edit-metadata: 1.7698990181088448
  landing: 0.020826246589422226
  view-data: 0.12210598681122065
