times:
  edit-metadata: 1.4343604482710361
  landing: 0.9849108159542084
  view-data: 3.3889500461518764
