times:
  edit-metadata: 3.124570295214653
  landing: 0.3876130925491452
  view-data: 0.5320356823503971
