times:
  edit-metadata: 1.874381234869361
  landing: 0.020897485315799713
  view-data: 0.023194359615445137
