times:
  edit-metadata: 2.0029272316023707
  landing: 1.5825485847890377
  view-data: 3.5517468117177486
