times:
  edit-metadata: 1.3760851798579097
  landing: 0.8682020222768188
  view-data: 3.272002032957971
