times:
  edit-metadata: 0.8399529929738492
  landing: 0.049193701008334756
  view-data: 0.23819848499260843
