times:
  edit-metadata: 0.8060811348259449
  landing: 0.07204245706088841
  view-data: 0.2257311730645597
