times:
  edit-metadata: 1.819116611033678
  landing: 0.020814746618270874
  view-data: 0.35770330391824245
