times:
  edit-metadata: 0.5409243972972035
  landing: 0.040698046796023846
  view-data: 0.21284281462430954
