times:
  edit-metadata: 1.404061982408166
  landing: 0.7844033725559711
  view-data: 3.3573611713945866
