times:
  edit-metadata: 0.5726412320509553
  landing: 0.037680226378142834
  view-data: 0.20405958872288465
