times:
  edit-metadata: 1.4725089091807604
  landing: 0.785475904121995
  view-data: 3.390122879296541
