times:
  edit-metadata: 1.7737562898546457
  landing: 0.023573976010084152
  view-data: 0.02678757533431053
