times:
  edit-metadata: 1.7288680914789438
  landing: 0.021267578937113285
  view-data: 0.09898523893207312
