times:
  edit-metadata: 0.5736422939226031
  landing: 0.03892050124704838
  view-data: 0.22094860672950745
