times:
  edit-metadata: 0.5531683010049164
  landing: 0.04228295711800456
  view-data: 0.21304709697142243
