times:
  edit-metadata: 1.9342672415077686
  landing: 0.1309702917933464
  view-data: 0.38019913993775845
