times:
  edit-metadata: 1.534612312912941
  landing: 1.0119224414229393
  view-data: 3.4254096299409866
