times:
  edit-metadata: 0.9376098839566112
  landing: 0.057480214163661
  view-data: 0.23441962199285626
