times:
  edit-metadata: 1.4817313458770514
  landing: 0.8627087129279971
  view-data: 3.3864743877202272
