times:
  edit-metadata: 1.418560666963458
  landing: 0.7802714463323355
  view-data: 3.38934912905097
