times:
  edit-metadata: 1.8088106950744987
  landing: 0.1305353231728077
  view-data: 0.13275719061493874
