times:
  edit-metadata: 1.5713094044476748
  landing: 0.8624138589948416
  view-data: 3.2990127988159657
