times:
  edit-metadata: 1.338505633175373
  landing: 0.8140637539327145
  view-data: 3.302459605038166
