times:
  edit-metadata: 1.7701985035091639
  landing: 0.1162275169044733
  view-data: 0.4448929484933615
