times:
  edit-metadata: 2.3916974421590567
  landing: 0.1482467819005251
  view-data: 0.3354039043188095
