times:
  edit-metadata: 1.3934475402347744
  landing: 0.8039797199890018
  view-data: 3.4104507518932223
