times:
  edit-metadata: 1.6984056159853935
  landing: 1.037722397595644
  view-data: 3.3256563618779182
