times:
  edit-metadata: 1.800245800986886
  landing: 0.17660243902355433
  view-data: 0.12362148612737656
