times:
  edit-metadata: 0.5728298155590892
  landing: 0.045884246937930584
  view-data: 0.207845208235085
