times:
  edit-metadata: 1.8333189077675343
  landing: 0.16810420900583267
  view-data: 0.3187671862542629
