times:
  edit-metadata: 1.4477071017026901
  landing: 1.0081650353968143
  view-data: 3.375138659030199
