times:
  edit-metadata: 1.445365340448916
  landing: 0.8834582176059484
  view-data: 3.347289875149727
