times:
  edit-metadata: 1.5563914440572262
  landing: 0.8208412118256092
  view-data: 3.4270650688558817
