times:
  edit-metadata: 1.4109475426375866
  landing: 0.7982658911496401
  view-data: 3.3417960200458765
