times:
  edit-metadata: 1.3990319482982159
  landing: 0.9149947613477707
  view-data: 3.3792966455221176
