times:
  edit-metadata: 1.5217588879168034
  landing: 0.8117895666509867
  view-data: 3.406339155510068
