times:
  edit-metadata: 0.9421210479922593
  landing: 0.05408473638817668
  view-data: 0.23779862886294723
