times:
  edit-metadata: 1.5006950912065804
  landing: 0.8853387581184506
  view-data: 3.3477279930375516
