times:
  edit-metadata: 0.5282890181988478
  landing: 0.04260735819116235
  view-data: 0.20580278802663088
