times:
  edit-metadata: 1.984007915481925
  landing: 0.24785460717976093
  view-data: 0.33367350324988365
