times:
  edit-metadata: 1.8643997125327587
  landing: 0.021686960011720657
  view-data: 0.29483383893966675
