times:
  edit-metadata: 1.7672429895028472
  landing: 0.020183873362839222
  view-data: 0.11817687563598156
