times:
  edit-metadata: 0.966616410005372
  landing: 0.05195793596794829
  view-data: 0.24149982503149658
