times:
  edit-metadata: 1.54390062764287
  landing: 0.9216757994145155
  view-data: 3.3848425280302763
