times:
  edit-metadata: 1.7880708440206945
  landing: 1.1757176201790571
  view-data: 3.3350145970471203
