times:
  edit-metadata: 1.3579724514856935
  landing: 0.8276722673326731
  view-data: 3.268259719014168
