times:
  edit-metadata: 1.8065562676638365
  landing: 0.02247055247426033
  view-data: 0.28454084135591984
