times:
  edit-metadata: 3.7127815848216414
  landing: 0.4278276218101382
  view-data: 0.49523643497377634
