times:
  edit-metadata: 1.40171467512846
  landing: 1.0702177993953228
  view-data: 3.310401413589716
