times:
  edit-metadata: 1.4287149533629417
  landing: 0.8030747976154089
  view-data: 3.318656338378787
