times:
  edit-metadata: 1.5307900868356228
  landing: 0.8900912515819073
  view-data: 3.380282074213028
