times:
  edit-metadata: 2.016602125018835
  landing: 0.024619827046990395
  view-data: 0.13924185000360012
