times:
  edit-metadata: 1.525933088734746
  landing: 0.8977577816694975
  view-data: 3.3137959223240614
