times:
  edit-metadata: 1.5561534222215414
  landing: 0.7907616104930639
  view-data: 3.385087702423334
