times:
  edit-metadata: 1.5619165003299713
  landing: 0.9146906398236752
  view-data: 3.4085467141121626
