times:
  edit-metadata: 2.2336775846779346
  landing: 6.97219836525619
  view-data: 3.5149019937962294
