times:
  edit-metadata: 1.5074685104191303
  landing: 0.8646056689321995
  view-data: 3.3369062580168247
