times:
  edit-metadata: 1.7514269091188908
  landing: 0.020412339828908443
  view-data: 0.0985438534989953
