times:
  edit-metadata: 1.1663397746160626
  landing: 0.04650554992258549
  view-data: 0.29454235825687647
