times:
  edit-metadata: 1.775211182422936
  landing: 0.019350855611264706
  view-data: 0.12052917666733265
