times:
  edit-metadata: 0.9494321310194209
  landing: 0.14516916300635785
  view-data: 0.27651301003061235
