times:
  edit-metadata: 1.5056017525494099
  landing: 0.9341525100171566
  view-data: 3.4084330275654793
