times:
  edit-metadata: 1.3988672653213143
  landing: 0.021155910566449165
  view-data: 0.12082030344754457
