times:
  edit-metadata: 1.5154404737986624
  landing: 0.8097670660354197
  view-data: 3.3562756259925663
