times:
  edit-metadata: 1.6741194035857916
  landing: 0.9981224201619625
  view-data: 3.3046193327754736
