times:
  edit-metadata: 1.9370064660906792
  landing: 0.022205660119652748
  view-data: 0.02771725505590439
