times:
  edit-metadata: 0.8184852991253138
  landing: 0.0689724050462246
  view-data: 0.2280051321722567
