times:
  edit-metadata: 1.843527538701892
  landing: 0.021286282688379288
  view-data: 0.2950232997536659
