times:
  edit-metadata: 1.4114484461024404
  landing: 0.16119270212948322
  view-data: 0.12376360315829515
