times:
  edit-metadata: 1.879768280312419
  landing: 0.021071871742606163
  view-data: 0.02501775696873665
