times:
  edit-metadata: 1.465619333088398
  landing: 0.9045246057212353
  view-data: 3.3037792928516865
