times:
  edit-metadata: 1.5854647681117058
  landing: 1.0344949252903461
  view-data: 3.378521393984556
