times:
  edit-metadata: 1.8106817342340946
  landing: 0.11390219815075397
  view-data: 0.26648826338350773
