times:
  edit-metadata: 1.787246085703373
  landing: 0.020789998583495617
  view-data: 0.023983565159142017
