times:
  edit-metadata: 1.7721761595457792
  landing: 0.02192415576428175
  view-data: 0.12023658957332373
