times:
  edit-metadata: 1.4530551019124687
  landing: 1.2722753006964922
  view-data: 3.5250039687380195
