times:
  edit-metadata: 1.4235532814636827
  landing: 0.021113856695592403
  view-data: 0.11993247270584106
