times:
  edit-metadata: 0.8225706540979445
  landing: 0.06421775324270129
  view-data: 0.23124512704089284
