times:
  edit-metadata: 1.7039065845310688
  landing: 1.1284596249461174
  view-data: 3.4346520267426968
