times:
  edit-metadata: 1.3539976100437343
  landing: 0.2080147870001383
  view-data: 0.3022086850251071
