times:
  edit-metadata: 1.9420677721500397
  landing: 0.14185540936887264
  view-data: 0.02536975033581257
