times:
  edit-metadata: 2.31534281745553
  landing: 0.20921997167170048
  view-data: 0.15791687928140163
