times:
  edit-metadata: 2.2679260056465864
  landing: 1.4612229596823454
  view-data: 3.55762298963964
