times:
  edit-metadata: 0.8778396109119058
  landing: 0.05169580178335309
  view-data: 0.25764136109501123
