times:
  edit-metadata: 1.5291700512170792
  landing: 0.9442975521087646
  view-data: 3.4027602523565292
