times:
  edit-metadata: 1.7582823149859905
  landing: 0.018945779651403427
  view-data: 0.2688929233700037
