times:
  edit-metadata: 1.6052899123169482
  landing: 1.0578983989544213
  view-data: 3.3345738309435546
