times:
  edit-metadata: 1.4235029965639114
  landing: 1.0855236314237118
  view-data: 3.2998537607491016
