times:
  edit-metadata: 1.808648663572967
  landing: 0.12822790164500475
  view-data: 0.029486204497516155
