times:
  edit-metadata: 0.8402568390001761
  landing: 0.04860841000026994
  view-data: 0.23657564899986028
