times:
  edit-metadata: 1.791352759115398
  landing: 0.02002357691526413
  view-data: 0.10365807078778744
