times:
  edit-metadata: 1.4001892041414976
  landing: 0.02096545696258545
  view-data: 0.0317472442984581
