times:
  edit-metadata: 1.8252809215337038
  landing: 0.2236712696030736
  view-data: 0.022890103980898857
