times:
  edit-metadata: 0.9455224400153384
  landing: 0.05177152599208057
  view-data: 0.2503006859915331
