times:
  edit-metadata: 1.786992552690208
  landing: 0.021279282867908478
  view-data: 0.10412424523383379
