times:
  edit-metadata: 1.1089684488251805
  landing: 0.10454215202480555
  view-data: 0.47366091096773744
