times:
  edit-metadata: 1.9421154838055372
  landing: 0.11319578252732754
  view-data: 0.025386499240994453
