times:
  edit-metadata: 1.932421600446105
  landing: 0.17858767323195934
  view-data: 0.0967882052063942
