times:
  edit-metadata: 1.2771755522117019
  landing: 0.053711541928350925
  view-data: 0.35596965439617634
