times:
  edit-metadata: 0.8719950070371851
  landing: 0.05260171997360885
  view-data: 0.23973844799911603
