times:
  edit-metadata: 0.813850371981971
  landing: 0.07327076001092792
  view-data: 0.22935427993070334
