times:
  edit-metadata: 1.3511995673179626
  landing: 0.7648015692830086
  view-data: 3.3066217973828316
