times:
  edit-metadata: 1.860773142427206
  landing: 0.020346982404589653
  view-data: 0.3160356655716896
