times:
  edit-metadata: 1.5580171383917332
  landing: 0.8088642321527004
  view-data: 3.391599355265498
