times:
  edit-metadata: 1.4727980084717274
  landing: 0.9803720004856586
  view-data: 3.624439563602209
