times:
  edit-metadata: 1.4029002115130424
  landing: 0.7362794317305088
  view-data: 3.2516294419765472
