times:
  edit-metadata: 1.5441109873354435
  landing: 0.9348107427358627
  view-data: 3.395020281895995
