times:
  edit-metadata: 1.5406457297503948
  landing: 0.818881556391716
  view-data: 3.410764740779996
