times:
  edit-metadata: 2.1270789802074432
  landing: 0.14499815180897713
  view-data: 0.026267454028129578
