times:
  edit-metadata: 1.8185702366754413
  landing: 0.16451334673911333
  view-data: 0.11987801734358072
