times:
  edit-metadata: 1.845323852263391
  landing: 0.19129791110754013
  view-data: 0.028339619748294353
