times:
  edit-metadata: 1.4311147867701948
  landing: 0.8474969319067895
  view-data: 3.4034646986983716
