times:
  edit-metadata: 0.5390728041529655
  landing: 0.04774966649711132
  view-data: 0.334088459610939
