times:
  edit-metadata: 1.4224367272108793
  landing: 0.7969531593844295
  view-data: 3.2468766309320927
