times:
  edit-metadata: 1.888911433517933
  landing: 0.02064826712012291
  view-data: 0.02688327245414257
