times:
  edit-metadata: 1.526262130588293
  landing: 0.956425316631794
  view-data: 3.4274426326155663
