times:
  edit-metadata: 1.7658423818647861
  landing: 0.020796528086066246
  view-data: 0.12567972671240568
