times:
  edit-metadata: 1.8677397444844246
  landing: 0.151631161570549
  view-data: 0.024022137746214867
