times:
  edit-metadata: 0.8074222559807822
  landing: 0.058367480989545584
  view-data: 0.2289857169962488
