times:
  edit-metadata: 2.0195804834365845
  landing: 0.2780162403360009
  view-data: 0.18028224632143974
