times:
  edit-metadata: 1.8110229969024658
  landing: 0.2105851247906685
  view-data: 0.44986570812761784
