times:
  edit-metadata: 2.3465884355828166
  landing: 1.3154878420755267
  view-data: 3.5028853891417384
