times:
  edit-metadata: 0.8412684840150177
  landing: 0.04928410705178976
  view-data: 0.23435801407322288
