times:
  edit-metadata: 1.7598944017663598
  landing: 0.019464923068881035
  view-data: 0.02458129357546568
