times:
  edit-metadata: 1.7935341019183397
  landing: 0.14572574570775032
  view-data: 0.1908745476976037
