times:
  edit-metadata: 0.8769233169732615
  landing: 0.048902326030656695
  view-data: 0.2328076389967464
