times:
  edit-metadata: 1.4952276684343815
  landing: 0.7460316196084023
  view-data: 3.3495262395590544
