times:
  edit-metadata: 1.8639955772086978
  landing: 0.021087530069053173
  view-data: 0.33029709849506617
