times:
  edit-metadata: 1.4419067171402276
  landing: 0.9325420649256557
  view-data: 3.3066946731414646
