times:
  edit-metadata: 1.2358825197443366
  landing: 0.07906636316329241
  view-data: 0.2754514547996223
