times:
  edit-metadata: 1.5135334292426705
  landing: 0.8230402190238237
  view-data: 3.3439584504812956
