times:
  edit-metadata: 1.6245505921542645
  landing: 1.1120002046227455
  view-data: 3.4217792823910713
