times:
  edit-metadata: 1.4120402410626411
  landing: 0.13344579469412565
  view-data: 0.02412520255893469
