times:
  edit-metadata: 1.6637376621365547
  landing: 1.0838321968913078
  view-data: 3.3153311163187027
