times:
  edit-metadata: 1.8912858851253986
  landing: 0.048451632261276245
  view-data: 0.48897483479231596
