times:
  edit-metadata: 1.5322715640068054
  landing: 0.8643683232367039
  view-data: 3.394257642328739
