times:
  edit-metadata: 2.0390544813126326
  landing: 0.022149506956338882
  view-data: 0.4337498899549246
