times:
  edit-metadata: 0.8342757140053436
  landing: 0.042580028995871544
  view-data: 0.23539116396568716
