times:
  edit-metadata: 1.7765203677117825
  landing: 0.02532967459410429
  view-data: 0.11818631924688816
