times:
  edit-metadata: 0.5239698188379407
  landing: 0.04799529630690813
  view-data: 0.21700859256088734
