times:
  edit-metadata: 1.5154028832912445
  landing: 0.84747663885355
  view-data: 3.3935519456863403
