times:
  edit-metadata: 1.815954371355474
  landing: 0.01908017136156559
  view-data: 0.12603542767465115
