times:
  edit-metadata: 2.805108541622758
  landing: 0.18436144292354584
  view-data: 0.15072141773998737
