times:
  edit-metadata: 0.5921417372301221
  landing: 0.04151820670813322
  view-data: 0.20380251482129097
