times:
  edit-metadata: 1.3233491834253073
  landing: 0.8756519006565213
  view-data: 3.3203698797151446
