times:
  edit-metadata: 2.0851772744208574
  landing: 0.23040670529007912
  view-data: 0.13130773417651653
