times:
  edit-metadata: 1.5391376987099648
  landing: 1.039537500590086
  view-data: 3.415865022689104
