times:
  edit-metadata: 1.5277248956263065
  landing: 0.7644991893321276
  view-data: 3.374768905341625
