times:
  edit-metadata: 1.3920414499007165
  landing: 0.7312877071090043
  view-data: 3.38818067102693
