times:
  edit-metadata: 1.9218532238155603
  landing: 1.2010106425732374
  view-data: 3.464520450681448
