times:
  edit-metadata: 1.457789108157158
  landing: 0.9374192506074905
  view-data: 3.2956797294318676
