times:
  edit-metadata: 2.0698062777519226
  landing: 0.18262728489935398
  view-data: 0.1484882514923811
