times:
  edit-metadata: 1.7770822662860155
  landing: 0.02232085634022951
  view-data: 0.023968159221112728
