times:
  edit-metadata: 1.5023370273411274
  landing: 0.8886440768837929
  view-data: 3.3215196765959263
