times:
  edit-metadata: 0.5700943893752992
  landing: 0.04268400790169835
  view-data: 0.21111718704923987
