times:
  edit-metadata: 1.5997837372124195
  landing: 6.548050761222839
  view-data: 3.3647644966840744
