times:
  edit-metadata: 1.3760049585253
  landing: 0.8830847032368183
  view-data: 3.404319196008146
