times:
  edit-metadata: 1.4274647617712617
  landing: 0.019387084990739822
  view-data: 0.02564242295920849
