times:
  edit-metadata: 1.470049500465393
  landing: 1.0741306524723768
  view-data: 3.436550108715892
