times:
  edit-metadata: 2.1613197196274996
  landing: 0.31146445870399475
  view-data: 0.4211445767432451
