times:
  edit-metadata: 1.8443594817072153
  landing: 0.0216311477124691
  view-data: 0.022740736603736877
