times:
  edit-metadata: 1.8873570393770933
  landing: 0.13206571154296398
  view-data: 0.3025852106511593
