times:
  edit-metadata: 1.7640012986958027
  landing: 0.22293232195079327
  view-data: 0.4057960342615843
