times:
  edit-metadata: 2.2501887548714876
  landing: 0.22849003598093987
  view-data: 0.0253561083227396
