times:
  edit-metadata: 1.0403992421925068
  landing: 0.04519935883581638
  view-data: 0.24385919701308012
