times:
  edit-metadata: 1.9835594277828932
  landing: 0.14601674862205982
  view-data: 0.35193265974521637
