times:
  edit-metadata: 1.1078283381648362
  landing: 0.12273532385006547
  view-data: 0.2529231193475425
