times:
  edit-metadata: 1.5287179611623287
  landing: 0.8289842866361141
  view-data: 3.40815999917686
