times:
  edit-metadata: 0.8087808648124337
  landing: 0.06554063176736236
  view-data: 0.25340151507407427
