times:
  edit-metadata: 1.5198224671185017
  landing: 0.9658185243606567
  view-data: 3.409450702369213
