times:
  edit-metadata: 0.8700667850207537
  landing: 0.06759737100219354
  view-data: 0.24604951398214325
