times:
  edit-metadata: 1.8819168470799923
  landing: 0.929505174048245
  view-data: 3.403041549026966
