times:
  edit-metadata: 1.3805400282144547
  landing: 0.8094774298369884
  view-data: 3.319034483283758
