times:
  edit-metadata: 0.9018783350475132
  landing: 0.07420941721647978
  view-data: 0.2527442001737654
