times:
  edit-metadata: 1.7880960190668702
  landing: 0.020871772430837154
  view-data: 0.026758995838463306
