times:
  edit-metadata: 1.8090147003531456
  landing: 0.02393963932991028
  view-data: 0.12452090065926313
