times:
  edit-metadata: 1.7022896967828274
  landing: 1.0523425973951817
  view-data: 3.3356431052088737
