times:
  edit-metadata: 2.1834861803799868
  landing: 0.2238282561302185
  view-data: 0.3766614403575659
