times:
  edit-metadata: 1.4140891134738922
  landing: 0.8877669498324394
  view-data: 3.316427279263735
