times:
  edit-metadata: 0.5784480459988117
  landing: 0.0414009690284729
  view-data: 0.2115258751437068
