times:
  edit-metadata: 1.8432502839714289
  landing: 0.2082668449729681
  view-data: 0.1396766435354948
