times:
  edit-metadata: 1.8278951775282621
  landing: 1.0745177417993546
  view-data: 3.4656966365873814
