times:
  edit-metadata: 1.5923272781074047
  landing: 0.8851172402501106
  view-data: 3.4275010749697685
