times:
  edit-metadata: 1.820333132520318
  landing: 0.018698991276323795
  view-data: 0.02407883107662201
