times:
  edit-metadata: 0.8032972430810332
  landing: 0.06665697204880416
  view-data: 0.2359581422060728
