times:
  edit-metadata: 1.4887345992028713
  landing: 0.7216009646654129
  view-data: 3.3132837377488613
