times:
  edit-metadata: 1.4047693700995296
  landing: 0.7341513421852142
  view-data: 3.3926367859821767
