times:
  edit-metadata: 0.9315215297974646
  landing: 0.05571022816002369
  view-data: 0.22817050386220217
