times:
  edit-metadata: 1.1237533050007187
  landing: 0.06947400700300932
  view-data: 0.2494187919946853
