times:
  edit-metadata: 0.9014984359964728
  landing: 0.0742245209403336
  view-data: 0.24768439726904035
