times:
  edit-metadata: 1.3925620326772332
  landing: 0.02182060945779085
  view-data: 0.02552194893360138
