times:
  edit-metadata: 1.4261916559189558
  landing: 0.020000011660158634
  view-data: 0.025552405044436455
