times:
  edit-metadata: 1.7739983890205622
  landing: 0.19366342201828957
  view-data: 0.14409710373729467
