times:
  edit-metadata: 1.7723351120948792
  landing: 0.020417015068233013
  view-data: 0.02556468080729246
