times:
  edit-metadata: 1.3959732735529542
  landing: 0.09857286419719458
  view-data: 0.026165181770920753
