times:
  edit-metadata: 1.6515264324843884
  landing: 1.0407327562570572
  view-data: 3.3079299367964268
