times:
  edit-metadata: 1.8049772698432207
  landing: 0.11958905775099993
  view-data: 0.3409707583487034
