times:
  edit-metadata: 1.3733090851455927
  landing: 0.8587322048842907
  view-data: 3.3114858409389853
