times:
  edit-metadata: 1.3716044537723064
  landing: 0.8238520994782448
  view-data: 3.300852794200182
