times:
  edit-metadata: 1.7623415682464838
  landing: 0.020125838927924633
  view-data: 0.12627014238387346
