times:
  edit-metadata: 1.5159223368391395
  landing: 1.037995444610715
  view-data: 3.776873741298914
