times:
  edit-metadata: 1.5417785830795765
  landing: 0.8180707544088364
  view-data: 3.358350208029151
