times:
  edit-metadata: 0.558607917279005
  landing: 0.05492074973881245
  view-data: 0.20504385326057673
