times:
  edit-metadata: 1.5199248138815165
  landing: 0.8564162235707045
  view-data: 3.4040673188865185
