times:
  edit-metadata: 1.413317791186273
  landing: 0.01962121482938528
  view-data: 0.02559080347418785
