times:
  edit-metadata: 1.8539438601583242
  landing: 0.1390307992696762
  view-data: 0.0240786150097847
