times:
  edit-metadata: 2.137047859840095
  landing: 0.019636946730315685
  view-data: 0.030014129355549812
