times:
  edit-metadata: 0.9438744980143383
  landing: 0.06563647696748376
  view-data: 0.26957279490306973
