times:
  edit-metadata: 1.8810337707400322
  landing: 0.022231251001358032
  view-data: 0.5375622939318419
