times:
  edit-metadata: 1.3401399180293083
  landing: 0.8517985418438911
  view-data: 3.375595849007368
