times:
  edit-metadata: 1.5599096156656742
  landing: 0.8745483793318272
  view-data: 3.443447779864073
