times:
  edit-metadata: 0.8544329210417345
  landing: 0.04379375197459012
  view-data: 0.25697149499319494
