times:
  edit-metadata: 1.5563684180378914
  landing: 0.862488180398941
  view-data: 3.371063195168972
