times:
  edit-metadata: 1.8800119291990995
  landing: 0.019398480653762817
  view-data: 0.34705378860235214
