times:
  edit-metadata: 1.5082837156951427
  landing: 0.7425880990922451
  view-data: 3.3331826366484165
