times:
  edit-metadata: 0.8368417299352586
  landing: 0.07738651288673282
  view-data: 0.22873565484769642
