times:
  edit-metadata: 1.4621791879180819
  landing: 0.8611074290238321
  view-data: 3.402111266972497
