times:
  edit-metadata: 0.8206577361561358
  landing: 0.081678815651685
  view-data: 1.763126406352967
