times:
  edit-metadata: 1.787923151627183
  landing: 0.018525349907577038
  view-data: 0.025004387833178043
