times:
  edit-metadata: 1.4993494488298893
  landing: 0.8950040973722935
  view-data: 3.3643115274608135
