times:
  edit-metadata: 1.16947817010805
  landing: 0.131434656213969
  view-data: 0.32193673122674227
