times:
  edit-metadata: 1.4600956290960312
  landing: 0.911746196448803
  view-data: 3.326823513954878
