times:
  edit-metadata: 1.4788039177656174
  landing: 0.8476961348205805
  view-data: 3.372004136443138
