times:
  edit-metadata: 0.9039077689958503
  landing: 0.07230293899192475
  view-data: 0.25894099498691503
