times:
  edit-metadata: 1.4129076981917024
  landing: 0.021350763738155365
  view-data: 0.027477795258164406
