times:
  edit-metadata: 1.3195625841617584
  landing: 0.7756140977144241
  view-data: 3.340635608881712
