times:
  edit-metadata: 3.1683382093906403
  landing: 0.5947135938331485
  view-data: 0.773733876645565
