times:
  edit-metadata: 0.9544758140109479
  landing: 0.05159657800686546
  view-data: 0.2578626339964103
