times:
  edit-metadata: 0.9050327390432358
  landing: 0.06101845810189843
  view-data: 0.2546955170109868
