times:
  edit-metadata: 1.8454390726983547
  landing: 0.02369105815887451
  view-data: 0.029148217290639877
