times:
  edit-metadata: 1.8711162358522415
  landing: 0.021892422810196877
  view-data: 0.027443354949355125
