times:
  edit-metadata: 0.8625881981570274
  landing: 0.04938312107697129
  view-data: 0.23879533214494586
