times:
  edit-metadata: 0.5840895064175129
  landing: 0.04303472116589546
  view-data: 0.2156816879287362
