times:
  edit-metadata: 0.8498423920245841
  landing: 0.04811236006207764
  view-data: 0.23594334709923714
