times:
  edit-metadata: 0.8076242530078162
  landing: 0.0647803460014984
  view-data: 0.2348481829976663
