times:
  edit-metadata: 1.8710294011980295
  landing: 0.142283508554101
  view-data: 0.059931010007858276
