times:
  edit-metadata: 1.3639277648180723
  landing: 0.9380269171670079
  view-data: 3.414867989718914
