times:
  edit-metadata: 1.4330142140388489
  landing: 0.9282236620783806
  view-data: 3.4303490482270718
