times:
  edit-metadata: 0.932614080957137
  landing: 0.060185173992067575
  view-data: 0.23325917904730886
