times:
  edit-metadata: 1.5060117226094007
  landing: 0.740065747871995
  view-data: 3.3585532307624817
