times:
  edit-metadata: 1.7752579031512141
  landing: 0.022247801534831524
  view-data: 0.027963181026279926
