times:
  edit-metadata: 0.8388791899196804
  landing: 0.04771421104669571
  view-data: 0.23067605891264975
