times:
  edit-metadata: 1.095203225966543
  landing: 0.10852741217240691
  view-data: 0.26195437181741
