times:
  edit-metadata: 1.7703629527240992
  landing: 0.021260804496705532
  view-data: 0.49120947252959013
