times:
  edit-metadata: 1.6069708913564682
  landing: 0.8442626222968102
  view-data: 3.4188310354948044
