times:
  edit-metadata: 1.806011551991105
  landing: 0.019366919994354248
  view-data: 0.028808031231164932
