times:
  edit-metadata: 1.251738402992487
  landing: 0.0400932626798749
  view-data: 0.3104678001254797
