times:
  edit-metadata: 1.4992060475051403
  landing: 0.8324540238827467
  view-data: 3.4691348504275084
