times:
  edit-metadata: 1.5167501382529736
  landing: 0.8438849598169327
  view-data: 3.452604627236724
