times:
  edit-metadata: 1.4973429068922997
  landing: 0.7979330904781818
  view-data: 3.400782335549593
