times:
  edit-metadata: 1.8361423276364803
  landing: 0.029406439512968063
  view-data: 0.026336412876844406
