times:
  edit-metadata: 0.9247231420013122
  landing: 0.04395901603857055
  view-data: 0.24322716100141406
