times:
  edit-metadata: 0.5636827130801976
  landing: 0.03992346115410328
  view-data: 0.2036983510479331
