times:
  edit-metadata: 1.44322454277426
  landing: 0.948730856180191
  view-data: 3.394864031113684
