times:
  edit-metadata: 0.5219392441213131
  landing: 0.04095579357817769
  view-data: 0.22138200467452407
