times:
  edit-metadata: 0.8213975590188056
  landing: 0.07083362899720669
  view-data: 0.2302335640124511
