times:
  edit-metadata: 1.491943247616291
  landing: 0.8769516982138157
  view-data: 3.2885409593582153
