times:
  edit-metadata: 1.3971228897571564
  landing: 1.049174752086401
  view-data: 3.3942747712135315
