times:
  edit-metadata: 1.9866278050467372
  landing: 0.018629061058163643
  view-data: 0.525461002252996
