times:
  edit-metadata: 1.531292333966121
  landing: 0.9758453520480543
  view-data: 3.405849009985104
