times:
  edit-metadata: 1.933457037433982
  landing: 0.27877827174961567
  view-data: 0.3326536826789379
