times:
  edit-metadata: 1.7703353688120842
  landing: 1.233767930418253
  view-data: 3.475882299244404
