times:
  edit-metadata: 1.761561144143343
  landing: 0.020542103797197342
  view-data: 0.026617088355123997
