times:
  edit-metadata: 1.3691272549331188
  landing: 0.8293264592066407
  view-data: 3.383717367425561
