times:
  edit-metadata: 3.0929166972637177
  landing: 0.3822956085205078
  view-data: 0.20889512822031975
