times:
  edit-metadata: 1.6565057933330536
  landing: 0.9912408106029034
  view-data: 3.3933483734726906
