times:
  edit-metadata: 1.5179902538657188
  landing: 0.7961363140493631
  view-data: 3.3725427091121674
