times:
  edit-metadata: 1.7883674204349518
  landing: 1.042209181934595
  view-data: 3.405549731105566
