times:
  edit-metadata: 1.772322928532958
  landing: 0.9175633480772376
  view-data: 3.3773406399413943
