times:
  edit-metadata: 1.7654802426695824
  landing: 0.21209571603685617
  view-data: 0.4753218702971935
