times:
  edit-metadata: 1.7857277039438486
  landing: 0.23616551607847214
  view-data: 0.11500823218375444
