times:
  edit-metadata: 1.8704137112945318
  landing: 0.023679984733462334
  view-data: 0.32000439055263996
