times:
  edit-metadata: 2.0873815715312958
  landing: 1.4750064983963966
  view-data: 3.8877939097583294
