times:
  edit-metadata: 1.576188531704247
  landing: 1.1340888561680913
  view-data: 3.536607990041375
