times:
  edit-metadata: 1.3760587591677904
  landing: 0.9409189689904451
  view-data: 3.329697853885591
