times:
  edit-metadata: 0.7981267930008471
  landing: 0.07119859685190022
  view-data: 0.22815196705050766
