times:
  edit-metadata: 1.745555303990841
  landing: 1.4720636382699013
  view-data: 3.460424143821001
