times:
  edit-metadata: 1.8222071211785078
  landing: 0.12497877143323421
  view-data: 0.1336154006421566
