times:
  edit-metadata: 0.9241947568953037
  landing: 0.11332032876089215
  view-data: 0.3954945779405534
