times:
  edit-metadata: 1.5533878672868013
  landing: 0.9733086284250021
  view-data: 3.469214666634798
