times:
  edit-metadata: 1.684369895607233
  landing: 0.8776153549551964
  view-data: 3.389609394595027
