times:
  edit-metadata: 0.8411222959402949
  landing: 0.050735985045321286
  view-data: 0.23012974997982383
