times:
  edit-metadata: 1.3852160598617047
  landing: 0.8711973901372403
  view-data: 3.3612107299268246
