times:
  edit-metadata: 1.7561766039580107
  landing: 0.021356130950152874
  view-data: 0.21541097853332758
