times:
  edit-metadata: 1.6459894627332687
  landing: 0.9313703291118145
  view-data: 3.406626783311367
