times:
  edit-metadata: 0.8547507990151644
  landing: 0.05433024186640978
  view-data: 0.235122281126678
