times:
  edit-metadata: 0.5444303350523114
  landing: 0.04139171913266182
  view-data: 0.2111567109823227
