times:
  edit-metadata: 1.378406336531043
  landing: 0.724505640566349
  view-data: 3.325795302167535
