times:
  edit-metadata: 1.8193230759352446
  landing: 0.021579410880804062
  view-data: 0.02545077260583639
