times:
  edit-metadata: 1.510750563815236
  landing: 0.8871577996760607
  view-data: 3.3979724664241076
