times:
  edit-metadata: 1.4748773127794266
  landing: 0.8254191167652607
  view-data: 3.3515045270323753
