times:
  edit-metadata: 1.478074510814622
  landing: 1.0322985500097275
  view-data: 3.2344019620213658
