times:
  edit-metadata: 0.5618347860872746
  landing: 0.045745255425572395
  view-data: 0.21271736733615398
