times:
  edit-metadata: 0.5538914082571864
  landing: 0.04626659583300352
  view-data: 0.20318835973739624
