times:
  edit-metadata: 0.8618157439632341
  landing: 0.04740598308853805
  view-data: 0.23277723300270736
