times:
  edit-metadata: 2.31500999443233
  landing: 0.17118077725172043
  view-data: 0.1827002763748169
