times:
  edit-metadata: 0.8626927220029756
  landing: 0.0515575300087221
  view-data: 0.2507263599545695
