times:
  edit-metadata: 1.8383078929036856
  landing: 0.0221776831895113
  view-data: 0.025941607542335987
