times:
  edit-metadata: 2.056984410621226
  landing: 0.024198266677558422
  view-data: 0.02540554292500019
