times:
  edit-metadata: 1.4751236559823155
  landing: 0.914965839125216
  view-data: 3.389489165507257
