times:
  edit-metadata: 1.383637578226626
  landing: 0.8743711858987808
  view-data: 3.3722848519682884
