times:
  edit-metadata: 0.8762044250033796
  landing: 0.04988239286467433
  view-data: 0.23209045501425862
