times:
  edit-metadata: 0.8196620700182393
  landing: 0.06806065398268402
  view-data: 0.23659472807776183
