times:
  edit-metadata: 1.5383071834221482
  landing: 1.0066225808113813
  view-data: 3.42411894723773
