times:
  edit-metadata: 0.8937228261493146
  landing: 0.06437015766277909
  view-data: 0.2669578888453543
