times:
  edit-metadata: 0.5814836071804166
  landing: 0.04051277693361044
  view-data: 0.208854956086725
