times:
  edit-metadata: 1.7746214037761092
  landing: 0.020963141694664955
  view-data: 0.4576352844014764
