times:
  edit-metadata: 0.8607227879110724
  landing: 0.04792173008900136
  view-data: 0.23690412298310548
