times:
  edit-metadata: 1.724183063954115
  landing: 0.021225035190582275
  view-data: 0.3613446392118931
