times:
  edit-metadata: 1.5051474440842867
  landing: 0.8116970881819725
  view-data: 3.3700548950582743
