times:
  edit-metadata: 0.9137548019998576
  landing: 0.06253030500010937
  view-data: 0.24096759999974893
