times:
  edit-metadata: 0.5767987268045545
  landing: 0.04324578866362572
  view-data: 0.19307142030447721
