times:
  edit-metadata: 2.0921535696834326
  landing: 0.02261984348297119
  view-data: 0.12826923094689846
