times:
  edit-metadata: 1.5664565656334162
  landing: 0.8250752985477448
  view-data: 3.4225335838273168
