times:
  edit-metadata: 1.420743809081614
  landing: 0.022701406851410866
  view-data: 0.09811468329280615
