times:
  edit-metadata: 2.012501684948802
  landing: 0.2826127056032419
  view-data: 0.3796776831150055
