times:
  edit-metadata: 1.6012898050248623
  landing: 1.0633076131343842
  view-data: 3.3781612999737263
