times:
  edit-metadata: 2.1450253538787365
  landing: 0.0443948470056057
  view-data: 0.03036108799278736
