times:
  edit-metadata: 2.639535612426698
  landing: 0.2943692784756422
  view-data: 0.15766255743801594
