times:
  edit-metadata: 1.6192396767437458
  landing: 1.0717074424028397
  view-data: 3.3494060412049294
