times:
  edit-metadata: 1.7474314803257585
  landing: 0.01981290988624096
  view-data: 0.025803832337260246
