times:
  edit-metadata: 0.866195117123425
  landing: 0.056281680008396506
  view-data: 0.22575666895136237
