times:
  edit-metadata: 2.5472298339009285
  landing: 0.2618010826408863
  view-data: 0.19087795354425907
