times:
  edit-metadata: 1.523267848417163
  landing: 0.9802778381854296
  view-data: 3.4012243691831827
