times:
  edit-metadata: 0.5376684935763478
  landing: 0.045764774084091187
  view-data: 0.20693993847817183
