times:
  edit-metadata: 1.5243643075227737
  landing: 0.9016655869781971
  view-data: 3.3006929960101843
