times:
  edit-metadata: 2.6842940440401435
  landing: 0.4453234011307359
  view-data: 0.4510072721168399
