times:
  edit-metadata: 1.8278980553150177
  landing: 0.20229570288211107
  view-data: 0.09779408108443022
