times:
  edit-metadata: 0.5738142477348447
  landing: 0.04777236096560955
  view-data: 0.20687974896281958
