times:
  edit-metadata: 1.3825368210673332
  landing: 0.7318307408131659
  view-data: 3.2947003170847893
