times:
  edit-metadata: 0.8609377192333341
  landing: 0.052118871826678514
  view-data: 0.25121528189629316
