times:
  edit-metadata: 1.797374832443893
  landing: 0.02096258196979761
  view-data: 0.12627410795539618
