times:
  edit-metadata: 2.665518583729863
  landing: 0.3204358406364918
  view-data: 0.47957378067076206
