times:
  edit-metadata: 0.8783751259325072
  landing: 0.060376272071152925
  view-data: 0.22151230298914015
