times:
  edit-metadata: 1.4413998238742352
  landing: 0.9907035566866398
  view-data: 3.312175877392292
