times:
  edit-metadata: 1.5006169378757477
  landing: 0.9311882294714451
  view-data: 3.3145120590925217
