times:
  edit-metadata: 1.4257175270467997
  landing: 0.021844330243766308
  view-data: 0.028157592751085758
