times:
  edit-metadata: 0.9903447218239307
  landing: 0.1364287119358778
  view-data: 0.2571424823254347
