times:
  edit-metadata: 1.3513267459347844
  landing: 0.7735654758289456
  view-data: 3.395457218401134
