times:
  edit-metadata: 1.8348592147231102
  landing: 0.020512606017291546
  view-data: 0.025938631035387516
