times:
  edit-metadata: 1.4176870547235012
  landing: 0.9971042722463608
  view-data: 3.449582140892744
