times:
  edit-metadata: 1.7755662454292178
  landing: 0.021523927338421345
  view-data: 0.02557012066245079
