times:
  edit-metadata: 1.5780004896223545
  landing: 1.0329202366992831
  view-data: 3.5220652618445456
