times:
  edit-metadata: 1.3963136933743954
  landing: 0.020921049639582634
  view-data: 0.09851298481225967
