times:
  edit-metadata: 1.8297449070960283
  landing: 0.11918900348246098
  view-data: 0.023129401728510857
