times:
  edit-metadata: 1.8259475287050009
  landing: 0.18724426813423634
  view-data: 0.35140582732856274
