times:
  edit-metadata: 1.2439969521947205
  landing: 0.04859647899866104
  view-data: 0.28731437725946307
