times:
  edit-metadata: 1.5391686223447323
  landing: 0.9481394477188587
  view-data: 3.417207792401314
