times:
  edit-metadata: 0.5308232447132468
  landing: 0.04329745937138796
  view-data: 0.21688647428527474
