times:
  edit-metadata: 0.545604141894728
  landing: 0.040685311891138554
  view-data: 0.2043728930875659
