times:
  edit-metadata: 1.7790219821035862
  landing: 0.020774167962372303
  view-data: 0.11888731736689806
