times:
  edit-metadata: 0.8846510618459433
  landing: 0.058690235018730164
  view-data: 0.3730402139481157
