times:
  edit-metadata: 0.9535286501049995
  landing: 0.0541371307335794
  view-data: 0.25451460806652904
