times:
  edit-metadata: 1.5454604979604483
  landing: 0.8525794763118029
  view-data: 3.4116371516138315
