times:
  edit-metadata: 1.4288806654512882
  landing: 0.02049700077623129
  view-data: 0.028189823031425476
