times:
  edit-metadata: 1.4342289343476295
  landing: 0.9634385071694851
  view-data: 3.290521763265133
