times:
  edit-metadata: 1.4115798361599445
  landing: 0.02322440128773451
  view-data: 0.02642075903713703
