times:
  edit-metadata: 0.9706174409948289
  landing: 0.0813412890129257
  view-data: 0.25569758398341946
