times:
  edit-metadata: 2.874946478754282
  landing: 2.000253528356552
  view-data: 3.8964480627328157
