times:
  edit-metadata: 1.5293499492108822
  landing: 0.8043375983834267
  view-data: 3.374296959489584
