times:
  edit-metadata: 1.955450665205717
  landing: 0.22574779205024242
  view-data: 0.12420486845076084
