times:
  edit-metadata: 1.7687689270824194
  landing: 0.022908375598490238
  view-data: 0.03194295521825552
