times:
  edit-metadata: 1.384938582777977
  landing: 1.0413958244025707
  view-data: 3.3380306661129
