times:
  edit-metadata: 0.5350791681557894
  landing: 0.044837930239737034
  view-data: 0.22278181463479996
