times:
  edit-metadata: 1.8461938044056296
  landing: 0.11794970743358135
  view-data: 0.10122677590698004
