times:
  edit-metadata: 2.01912559941411
  landing: 0.28148118406534195
  view-data: 0.14135137386620045
