times:
  edit-metadata: 1.5078265899792314
  landing: 0.8637826759368181
  view-data: 3.352853716351092
