times:
  edit-metadata: 1.4886823779670522
  landing: 0.9118063290370628
  view-data: 3.336737944977358
