times:
  edit-metadata: 1.9664554968476295
  landing: 0.12355484627187252
  view-data: 0.35271105915308
