times:
  edit-metadata: 1.7921897303313017
  landing: 0.02345360815525055
  view-data: 0.1293550180271268
