times:
  edit-metadata: 1.5454761683940887
  landing: 1.0291652120649815
  view-data: 3.3988301940262318
