times:
  edit-metadata: 3.0489038787782192
  landing: 1.0770145431160927
  view-data: 3.3799424842000008
