times:
  edit-metadata: 2.1272140219807625
  landing: 0.021349940448999405
  view-data: 0.024021435528993607
