times:
  edit-metadata: 1.402220874093473
  landing: 0.020672617480158806
  view-data: 0.028751393780112267
