times:
  edit-metadata: 0.8493096558377147
  landing: 0.05691082705743611
  view-data: 0.2388803290668875
