times:
  edit-metadata: 1.7799259228631854
  landing: 0.019360116682946682
  view-data: 0.12079878337681293
