times:
  edit-metadata: 1.5069069489836693
  landing: 0.806077042594552
  view-data: 3.4383952915668488
