times:
  edit-metadata: 1.542221825569868
  landing: 0.7871179059147835
  view-data: 3.575468059629202
