times:
  edit-metadata: 1.7759472895413637
  landing: 0.17695595975965261
  view-data: 0.025833246298134327
