times:
  edit-metadata: 1.4941079840064049
  landing: 0.8273029178380966
  view-data: 3.3819463718682528
