times:
  edit-metadata: 1.4711881717666984
  landing: 0.021125725470483303
  view-data: 0.44360869750380516
