times:
  edit-metadata: 1.0278990829829127
  landing: 0.1009230560157448
  view-data: 0.3870302000141237
