times:
  edit-metadata: 0.8496467641089112
  landing: 0.049687199061736465
  view-data: 0.2356140180490911
