times:
  edit-metadata: 2.3240412082523108
  landing: 0.03166608698666096
  view-data: 0.3566491771489382
