times:
  edit-metadata: 0.5527093959972262
  landing: 0.04874241724610329
  view-data: 0.21022980008274317
