times:
  edit-metadata: 0.8237420739606023
  landing: 0.06955885200295597
  view-data: 0.2429366330616176
