times:
  edit-metadata: 1.451967716217041
  landing: 0.9325679996982217
  view-data: 3.385656419210136
