times:
  edit-metadata: 1.5914462516084313
  landing: 0.9713041028007865
  view-data: 3.3408510740846395
