times:
  edit-metadata: 1.8487400198355317
  landing: 0.1859502149745822
  view-data: 0.030006922781467438
