times:
  edit-metadata: 1.556757977232337
  landing: 0.8398978281766176
  view-data: 3.4234465155750513
