times:
  edit-metadata: 1.501181012019515
  landing: 0.906674349680543
  view-data: 3.398273039609194
