times:
  edit-metadata: 1.7774326112121344
  landing: 0.2056673737242818
  view-data: 0.19669391214847565
