times:
  edit-metadata: 0.5482602501288056
  landing: 0.04750877199694514
  view-data: 0.20265235472470522
