times:
  edit-metadata: 1.9056941494345665
  landing: 0.022372080013155937
  view-data: 0.022883180528879166
