times:
  edit-metadata: 1.3916569305583835
  landing: 0.8860082132741809
  view-data: 3.3393011828884482
