times:
  edit-metadata: 1.7911164686083794
  landing: 0.024838509038090706
  view-data: 0.4550535622984171
