times:
  edit-metadata: 0.6360166547819972
  landing: 0.046372405253350735
  view-data: 0.20645538065582514
