times:
  edit-metadata: 1.4125191643834114
  landing: 0.2454614657908678
  view-data: 0.13459721766412258
