times:
  edit-metadata: 0.865920651005581
  landing: 0.05502031510695815
  view-data: 0.23426587600260973
