times:
  edit-metadata: 1.9414138924330473
  landing: 0.0228373184800148
  view-data: 0.2779722958803177
