times:
  edit-metadata: 1.4895932141225785
  landing: 0.8595291341189295
  view-data: 3.3776344538200647
