times:
  edit-metadata: 2.445938639342785
  landing: 0.3241491671651602
  view-data: 0.19198836758732796
