times:
  edit-metadata: 1.8636949770152569
  landing: 0.028071340173482895
  view-data: 0.025472166016697884
