times:
  edit-metadata: 1.8309567924588919
  landing: 0.02036810014396906
  view-data: 0.12243473809212446
