times:
  edit-metadata: 1.585480084642768
  landing: 0.8013059441000223
  view-data: 3.4227453488856554
