times:
  edit-metadata: 1.5080244429409504
  landing: 0.9419549703598022
  view-data: 3.465657029300928
