times:
  edit-metadata: 1.416586228646338
  landing: 0.022390088997781277
  view-data: 0.024599995464086533
