times:
  edit-metadata: 1.3365126769058406
  landing: 0.7824974679388106
  view-data: 3.3834660132415593
