times:
  edit-metadata: 1.8798592872917652
  landing: 0.018759088590741158
  view-data: 0.30054966919124126
