times:
  edit-metadata: 1.760466287843883
  landing: 0.020829911343753338
  view-data: 0.026461233384907246
