times:
  edit-metadata: 1.5034647919237614
  landing: 0.9475009944289923
  view-data: 3.37373679690063
