times:
  edit-metadata: 1.7976946476846933
  landing: 0.021828599274158478
  view-data: 0.2854401934891939
