times:
  edit-metadata: 1.4845953434705734
  landing: 0.859971547499299
  view-data: 3.3845150228589773
