times:
  edit-metadata: 1.9203910548239946
  landing: 0.1193175558000803
  view-data: 0.026000207290053368
