times:
  edit-metadata: 1.4544762633740902
  landing: 11.707119952887297
  view-data: 3.3490843903273344
