times:
  edit-metadata: 1.7528727985918522
  landing: 1.0442751459777355
  view-data: 3.4017830342054367
