times:
  edit-metadata: 2.2754920925945044
  landing: 0.15472806617617607
  view-data: 0.15693216770887375
