times:
  edit-metadata: 1.7395390942692757
  landing: 0.11013706307858229
  view-data: 0.026607388630509377
