times:
  edit-metadata: 1.9252229891717434
  landing: 0.023154418915510178
  view-data: 0.3669519294053316
