times:
  edit-metadata: 1.849489476531744
  landing: 0.19243566691875458
  view-data: 0.3093258887529373
