times:
  edit-metadata: 1.3912409851327538
  landing: 0.8519234554842114
  view-data: 3.3919707406312227
