times:
  edit-metadata: 0.854382213903591
  landing: 0.05715658003464341
  view-data: 0.3856092670466751
