times:
  edit-metadata: 1.9160338416695595
  landing: 0.19039503298699856
  view-data: 0.3406391516327858
