times:
  edit-metadata: 0.534082149155438
  landing: 0.04451155988499522
  view-data: 0.20241298992186785
