times:
  edit-metadata: 0.8076878078281879
  landing: 0.06439860118553042
  view-data: 0.22837316803634167
