times:
  edit-metadata: 1.7851005988195539
  landing: 0.21492135617882013
  view-data: 0.3894569808617234
