times:
  edit-metadata: 1.9479092843830585
  landing: 0.26452731527388096
  view-data: 0.025423424318432808
