times:
  edit-metadata: 1.0054932580023888
  landing: 0.05628802700084634
  view-data: 0.2640408310035127
