times:
  edit-metadata: 0.913117345997307
  landing: 0.04896429500513477
  view-data: 0.25288980100594927
