times:
  edit-metadata: 1.8661985248327255
  landing: 0.023229096084833145
  view-data: 0.026322221383452415
