times:
  edit-metadata: 1.547593243420124
  landing: 0.8669193312525749
  view-data: 3.437356863170862
