times:
  edit-metadata: 2.9004169292747974
  landing: 1.4614428542554379
  view-data: 3.393444187939167
