times:
  edit-metadata: 1.5424067489802837
  landing: 0.8391780331730843
  view-data: 3.41373779065907
