times:
  edit-metadata: 0.8343680209945887
  landing: 0.06327191297896206
  view-data: 0.2230315760243684
