times:
  edit-metadata: 1.8245384339243174
  landing: 0.22062461078166962
  view-data: 0.10085525270551443
