times:
  edit-metadata: 1.365443903952837
  landing: 0.8210210762917995
  view-data: 3.2856521382927895
