times:
  edit-metadata: 1.502720408141613
  landing: 0.8171297200024128
  view-data: 3.4268724732100964
