times:
  edit-metadata: 1.8783636633306742
  landing: 0.023910459131002426
  view-data: 0.32903892546892166
