times:
  edit-metadata: 2.1338882371783257
  landing: 0.9941488169133663
  view-data: 3.721659801900387
