times:
  edit-metadata: 0.8559689359972253
  landing: 0.05738498701248318
  view-data: 0.23846966703422368
