times:
  edit-metadata: 1.7941888170316815
  landing: 0.12060622591525316
  view-data: 0.09650331642478704
