times:
  edit-metadata: 1.8860121192410588
  landing: 0.02249877993017435
  view-data: 0.027016603387892246
