times:
  edit-metadata: 1.7011991739273071
  landing: 1.104598868638277
  view-data: 3.368715312331915
