times:
  edit-metadata: 1.7958760047331452
  landing: 0.019861776381731033
  view-data: 0.12443632446229458
