times:
  edit-metadata: 1.7607174925506115
  landing: 0.021102881990373135
  view-data: 0.02355994191020727
