times:
  edit-metadata: 1.578430563211441
  landing: 0.8880787324160337
  view-data: 3.424871051684022
