times:
  edit-metadata: 1.0452538940007798
  landing: 0.10008205199846998
  view-data: 0.3587066439795308
