times:
  edit-metadata: 1.7779347645118833
  landing: 0.11690811719745398
  view-data: 0.02395576983690262
