times:
  edit-metadata: 1.5050711762160063
  landing: 0.7441731300204992
  view-data: 3.3718027006834745
