times:
  edit-metadata: 1.8498895801603794
  landing: 0.025831816717982292
  view-data: 0.024398528039455414
