times:
  edit-metadata: 1.3362461319193244
  landing: 0.8167308168485761
  view-data: 3.377697193995118
