times:
  edit-metadata: 1.3662476828321815
  landing: 0.8659178549423814
  view-data: 3.409186685923487
