times:
  edit-metadata: 1.5268792435526848
  landing: 0.8327925093472004
  view-data: 3.456570604816079
