times:
  edit-metadata: 2.378790380433202
  landing: 0.2736339494585991
  view-data: 0.32815442979335785
