times:
  edit-metadata: 1.8525598719716072
  landing: 0.18079358339309692
  view-data: 0.3300764784216881
