times:
  edit-metadata: 1.4178324677050114
  landing: 0.8464252557605505
  view-data: 3.2992259301245213
