times:
  edit-metadata: 1.7568049198016524
  landing: 0.11667445953935385
  view-data: 0.3975126463919878
