times:
  edit-metadata: 1.849480975419283
  landing: 0.02183406800031662
  view-data: 0.025753315538167953
