times:
  edit-metadata: 1.532279135659337
  landing: 0.935118196066469
  view-data: 3.346312512177974
