times:
  edit-metadata: 1.7722189547494054
  landing: 0.09398534242063761
  view-data: 0.21768210362643003
