times:
  edit-metadata: 0.5654769064858556
  landing: 0.04349002614617348
  view-data: 0.20708204805850983
