times:
  edit-metadata: 1.520902344956994
  landing: 0.824699237011373
  view-data: 3.3584018582478166
