times:
  edit-metadata: 1.5337176960892975
  landing: 0.9917536699213088
  view-data: 3.4096804950386286
