times:
  edit-metadata: 1.279731644783169
  landing: 0.8105561889242381
  view-data: 3.3136763179209083
