times:
  edit-metadata: 1.588314089924097
  landing: 0.9687601551413536
  view-data: 3.4433353655040264
