times:
  edit-metadata: 1.7869798438623548
  landing: 0.020761785097420216
  view-data: 0.43798883352428675
