times:
  edit-metadata: 2.316689435392618
  landing: 0.24434267729520798
  view-data: 0.4390413220971823
