times:
  edit-metadata: 1.9441954735666513
  landing: 0.18612982518970966
  view-data: 0.3140565324574709
