times:
  edit-metadata: 0.8368653678335249
  landing: 0.07632235810160637
  view-data: 0.241493278183043
