times:
  edit-metadata: 2.209813579916954
  landing: 0.3034453373402357
  view-data: 0.02543974667787552
