times:
  edit-metadata: 0.9658695133402944
  landing: 0.04886285914108157
  view-data: 0.25656182086095214
