times:
  edit-metadata: 0.534460193477571
  landing: 0.041408471763134
  view-data: 0.20702544879168272
