times:
  edit-metadata: 2.0312758963555098
  landing: 0.2693831939250231
  view-data: 0.4594191238284111
