times:
  edit-metadata: 1.4146839268505573
  landing: 0.9186263531446457
  view-data: 3.3735390044748783
