times:
  edit-metadata: 1.3755322471261024
  landing: 0.831260547041893
  view-data: 3.2874621748924255
