times:
  edit-metadata: 1.3961979020386934
  landing: 0.9032907094806433
  view-data: 3.361247817054391
