times:
  edit-metadata: 0.5853351959958673
  landing: 0.043293227441608906
  view-data: 0.20795133523643017
