times:
  edit-metadata: 1.6888037610333413
  landing: 0.9624497439945117
  view-data: 3.3013319009914994
