times:
  edit-metadata: 1.4912368394434452
  landing: 4.339335307478905
  view-data: 3.296079333871603
