times:
  edit-metadata: 1.35085454210639
  landing: 0.8181070201098919
  view-data: 3.4123927829787135
