times:
  edit-metadata: 1.4004253717139363
  landing: 0.021127223037183285
  view-data: 0.12404182832688093
