times:
  edit-metadata: 1.7221324370475486
  landing: 0.8029876069631428
  view-data: 3.320149559993297
