times:
  edit-metadata: 1.405072309076786
  landing: 0.8476711288094521
  view-data: 3.302113376557827
