times:
  edit-metadata: 1.7958527747541666
  landing: 0.02017871756106615
  view-data: 0.14789098594337702
