times:
  edit-metadata: 1.4403558876365423
  landing: 0.021905467845499516
  view-data: 0.028731435537338257
