times:
  edit-metadata: 1.8233292680233717
  landing: 0.22824101708829403
  view-data: 0.34539818204939365
