times:
  edit-metadata: 1.5191792827099562
  landing: 0.8208459466695786
  view-data: 3.3887970317155123
