times:
  edit-metadata: 0.9600176112726331
  landing: 0.058106034994125366
  view-data: 0.46825515339151025
