times:
  edit-metadata: 0.9346903820114676
  landing: 0.053003665001597255
  view-data: 0.24292833299841732
