times:
  edit-metadata: 1.8573062010109425
  landing: 1.0891653448343277
  view-data: 3.384393699467182
