times:
  edit-metadata: 1.6479662284255028
  landing: 1.1551768705248833
  view-data: 3.4300880432128906
