times:
  edit-metadata: 1.414766639471054
  landing: 0.9069985337555408
  view-data: 3.6113432459533215
