times:
  edit-metadata: 1.8570999298244715
  landing: 0.11942814849317074
  view-data: 0.13915559276938438
