times:
  edit-metadata: 1.1410415809950791
  landing: 0.07426103501347825
  view-data: 0.3209216829854995
