times:
  edit-metadata: 1.5593906566500664
  landing: 0.9894953332841396
  view-data: 3.367329817265272
