times:
  edit-metadata: 0.8238948911894113
  landing: 0.07197458390146494
  view-data: 0.22126446198672056
