times:
  edit-metadata: 1.4212873801589012
  landing: 0.9239405915141106
  view-data: 3.360572289675474
