times:
  edit-metadata: 2.110229931771755
  landing: 0.9718506969511509
  view-data: 3.5375035852193832
