times:
  edit-metadata: 1.8220309969037771
  landing: 0.019885818473994732
  view-data: 0.47360096126794815
