times:
  edit-metadata: 2.2511324901133776
  landing: 0.2994071077555418
  view-data: 0.3898653853684664
