times:
  edit-metadata: 1.4220427609980106
  landing: 0.8606747761368752
  view-data: 3.341559087857604
