times:
  edit-metadata: 2.0198100693523884
  landing: 0.4105194490402937
  view-data: 0.028977172449231148
