times:
  edit-metadata: 0.5879839919507504
  landing: 0.05167941749095917
  view-data: 0.2200852194800973
