times:
  edit-metadata: 0.9354597380151972
  landing: 0.0746964099816978
  view-data: 0.2410732910502702
