times:
  edit-metadata: 1.5136317145079374
  landing: 1.0906876884400845
  view-data: 3.3477311078459024
