times:
  edit-metadata: 1.6115436451509595
  landing: 0.95084895985201
  view-data: 3.4969848073087633
