times:
  edit-metadata: 0.8459655409969855
  landing: 0.043120830989209935
  view-data: 0.36302849001367576
