times:
  edit-metadata: 1.5694363377988338
  landing: 0.8535426091402769
  view-data: 3.333150750026107
