times:
  edit-metadata: 1.6324447337538004
  landing: 0.8856004429981112
  view-data: 3.4274787958711386
