times:
  edit-metadata: 1.7975922520272434
  landing: 1.0075304321944714
  view-data: 4.652656318154186
