times:
  edit-metadata: 1.5574909392744303
  landing: 0.801975229755044
  view-data: 3.3782127238810062
