times:
  edit-metadata: 1.4983074106276035
  landing: 1.0881330966949463
  view-data: 3.4487092345952988
