times:
  edit-metadata: 1.5172788612544537
  landing: 0.9847792219370604
  view-data: 3.512542247772217
