times:
  edit-metadata: 1.7076158057898283
  landing: 1.0931017678231
  view-data: 3.3833472467958927
