times:
  edit-metadata: 1.5577842984348536
  landing: 0.8652810342609882
  view-data: 3.4218556322157383
