times:
  edit-metadata: 1.483911907300353
  landing: 0.9760033115744591
  view-data: 3.3740262649953365
