times:
  edit-metadata: 1.554633635096252
  landing: 0.8850205997005105
  view-data: 3.401879788376391
