times:
  edit-metadata: 1.5015737544745207
  landing: 1.055236704647541
  view-data: 3.811822298914194
