times:
  edit-metadata: 2.0599880181252956
  landing: 1.2609088718891144
  view-data: 3.5122847659513354
