times:
  edit-metadata: 1.343865789938718
  landing: 0.6787296489346772
  view-data: 3.302456803037785
