times:
  edit-metadata: 1.5505633726716042
  landing: 0.9535363577306271
  view-data: 3.3516004607081413
