times:
  edit-metadata: 1.4229829423129559
  landing: 0.9434779919683933
  view-data: 3.339774340391159
