times:
  edit-metadata: 1.5862685181200504
  landing: 1.1499959081411362
  view-data: 3.347487971186638
