times:
  edit-metadata: 1.491625800728798
  landing: 1.046720391139388
  view-data: 3.3108695317059755
