times:
  edit-metadata: 2.0631684996187687
  landing: 1.071021782234311
  view-data: 3.5522654857486486
