times:
  edit-metadata: 1.5295263268053532
  landing: 0.9541376456618309
  view-data: 3.3573408275842667
