times:
  edit-metadata: 1.7612224034965038
  landing: 1.2121769562363625
  view-data: 3.4639002978801727
