times:
  edit-metadata: 1.6701635662466288
  landing: 1.056311884894967
  view-data: 3.3481254540383816
