times:
  edit-metadata: 1.9381356909871101
  landing: 1.0368876699358225
  view-data: 3.3600417459383607
