times:
  edit-metadata: 1.5796128250658512
  landing: 0.9112101010978222
  view-data: 3.4204345382750034
