times:
  edit-metadata: 1.66433659568429
  landing: 0.9323254823684692
  view-data: 3.421207409352064
