times:
  edit-metadata: 1.5684315748512745
  landing: 0.9324027709662914
  view-data: 3.3951194174587727
