times:
  edit-metadata: 1.4772681128233671
  landing: 0.8438428528606892
  view-data: 3.37519015558064
