times:
  edit-metadata: 1.718078799545765
  landing: 1.1699851304292679
  view-data: 3.4301889408379793
