times:
  edit-metadata: 1.6630145814269781
  landing: 1.0379632785916328
  view-data: 3.3156122881919146
