times:
  edit-metadata: 1.3962959870696068
  landing: 0.8163664889289066
  view-data: 3.3316841550404206
