times:
  edit-metadata: 4.725006308406591
  landing: 2.1378898732364178
  view-data: 4.157009180635214
