times:
  edit-metadata: 1.351268406957388
  landing: 0.8411710187792778
  view-data: 3.264867153018713
