times:
  edit-metadata: 1.4817160405218601
  landing: 0.9598840437829494
  view-data: 3.4414248429238796
