times:
  edit-metadata: 2.200522406026721
  landing: 1.304887218400836
  view-data: 3.609513934701681
