times:
  edit-metadata: 1.4236125592142344
  landing: 0.7766743563115597
  view-data: 3.3051146641373634
