times:
  edit-metadata: 1.5522646829485893
  landing: 0.8521529715508223
  view-data: 3.4488821774721146
