times:
  edit-metadata: 1.4373749941587448
  landing: 0.943817425519228
  view-data: 3.3636584132909775
