times:
  edit-metadata: 1.3779037334024906
  landing: 0.7887489572167397
  view-data: 3.3114948077127337
