times:
  edit-metadata: 1.6380929537117481
  landing: 1.038354916498065
  view-data: 3.3136881832033396
