times:
  edit-metadata: 1.5290627805516124
  landing: 0.9567856304347515
  view-data: 3.4785555079579353
