times:
  edit-metadata: 1.6050065997987986
  landing: 0.917357450351119
  view-data: 3.4409939907491207
