times:
  edit-metadata: 2.1955840718001127
  landing: 1.2505125645548105
  view-data: 3.3965317495167255
