times:
  edit-metadata: 1.4905220540240407
  landing: 0.9914873354136944
  view-data: 3.357270204462111
