times:
  edit-metadata: 1.5623185522854328
  landing: 1.0094586480408907
  view-data: 3.29887499473989
