times:
  edit-metadata: 1.4182114005088806
  landing: 0.9507733322679996
  view-data: 3.400934550911188
