times:
  edit-metadata: 1.911245339550078
  landing: 1.13207330647856
  view-data: 3.311190570704639
