times:
  edit-metadata: 1.430344894528389
  landing: 0.8537260834127665
  view-data: 3.3976541459560394
