times:
  edit-metadata: 1.6045329980552197
  landing: 1.2285005301237106
  view-data: 3.43907742574811
