times:
  edit-metadata: 1.2850571819581091
  landing: 0.8194655789993703
  view-data: 3.3574521020054817
