times:
  edit-metadata: 1.5574455335736275
  landing: 0.8759823106229305
  view-data: 3.368079539388418
