times:
  edit-metadata: 1.3921814020723104
  landing: 0.8445385750383139
  view-data: 3.3830044148489833
