times:
  edit-metadata: 2.1305848509073257
  landing: 1.146929856389761
  view-data: 3.360714878886938
