times:
  edit-metadata: 1.5081756711006165
  landing: 0.9066182263195515
  view-data: 3.3022163286805153
