times:
  edit-metadata: 1.5392386503517628
  landing: 0.8480453658849001
  view-data: 3.4187213629484177
