times:
  edit-metadata: 2.1053279689513147
  landing: 0.9221906010061502
  view-data: 3.344856366980821
