times:
  edit-metadata: 1.6370363533496857
  landing: 0.9587819129228592
  view-data: 3.3873509392142296
