times:
  edit-metadata: 1.4142604689113796
  landing: 0.7686809268780053
  view-data: 3.3303770900238305
