times:
  edit-metadata: 1.4483936727046967
  landing: 0.8177330326288939
  view-data: 3.2958275601267815
