times:
  edit-metadata: 1.4667100682854652
  landing: 0.9613780546933413
  view-data: 3.2793348943814635
