times:
  edit-metadata: 1.6413274202495813
  landing: 0.9332079943269491
  view-data: 3.3451917972415686
