times:
  edit-metadata: 1.4618752263486385
  landing: 0.7935812585055828
  view-data: 3.2696745321154594
