times:
  edit-metadata: 1.684915404766798
  landing: 1.2841079570353031
  view-data: 3.4520546067506075
