times:
  edit-metadata: 1.544676024466753
  landing: 0.9102151691913605
  view-data: 3.398357316851616
