times:
  edit-metadata: 1.4669896052218974
  landing: 0.9021356180310249
  view-data: 3.412857399787754
