times:
  edit-metadata: 1.4193326476961374
  landing: 0.9635573700070381
  view-data: 3.3836868535727262
