times:
  edit-metadata: 1.915622572414577
  landing: 1.6361519768834114
  view-data: 3.6531310146674514
