times:
  edit-metadata: 1.5824058204889297
  landing: 0.8548879530280828
  view-data: 3.470827726647258
