times:
  edit-metadata: 2.264521765522659
  landing: 1.244238787330687
  view-data: 3.409723631106317
