times:
  edit-metadata: 1.6778325885534286
  landing: 0.9584931954741478
  view-data: 3.3450354672968388
