times:
  edit-metadata: 1.5623834133148193
  landing: 0.918023806065321
  view-data: 3.4712438341230154
