times:
  edit-metadata: 2.477693635970354
  landing: 1.1692775152623653
  view-data: 3.3716327399015427
