times:
  edit-metadata: 1.4546253383159637
  landing: 0.847914420068264
  view-data: 3.299536842852831
