times:
  edit-metadata: 1.4116272926330566
  landing: 0.9533212780952454
  view-data: 3.3252596221864223
