times:
  edit-metadata: 1.4803332071751356
  landing: 0.9536460246890783
  view-data: 3.74709833599627
