times:
  edit-metadata: 1.6014773044735193
  landing: 1.0355996834114194
  view-data: 3.3045863723382354
