times:
  edit-metadata: 1.5518760457634926
  landing: 0.87971967831254
  view-data: 3.4309070259332657
