times:
  edit-metadata: 1.4671554081141949
  landing: 0.9268794578965753
  view-data: 3.4434571671299636
