times:
  edit-metadata: 1.733573604375124
  landing: 1.162712749093771
  view-data: 3.422062076628208
