times:
  edit-metadata: 1.4624303998425603
  landing: 0.8560653179883957
  view-data: 3.3876607744023204
