times:
  edit-metadata: 1.440813448280096
  landing: 0.9220579266548157
  view-data: 3.3256526738405228
