times:
  edit-metadata: 1.6985216233879328
  landing: 1.0787446778267622
  view-data: 3.48654105886817
