times:
  edit-metadata: 2.6831798776984215
  landing: 1.4377740062773228
  view-data: 3.6798348799347878
