times:
  edit-metadata: 1.5131705403327942
  landing: 0.8868430461734533
  view-data: 3.3941672071814537
