times:
  edit-metadata: 1.558188907802105
  landing: 0.9887287467718124
  view-data: 3.3647462762892246
