times:
  edit-metadata: 1.5157778020948172
  landing: 0.7422692216932774
  view-data: 3.390189129859209
