times:
  edit-metadata: 1.8617503717541695
  landing: 1.2101754136383533
  view-data: 3.369980413466692
