times:
  edit-metadata: 1.7486841762438416
  landing: 0.9970235312357545
  view-data: 3.321944162249565
