times:
  edit-metadata: 1.6908123791217804
  landing: 1.0935992486774921
  view-data: 3.3413335755467415
