times:
  edit-metadata: 1.440144494175911
  landing: 0.8921866491436958
  view-data: 3.337018497288227
