times:
  edit-metadata: 1.6909856162965298
  landing: 1.010011576116085
  view-data: 3.493834611028433
