times:
  edit-metadata: 1.8174807131290436
  landing: 1.030251607298851
  view-data: 3.3002355098724365
