times:
  edit-metadata: 1.508927883580327
  landing: 0.9478462999686599
  view-data: 3.5080346083268523
