times:
  edit-metadata: 1.5480499528348446
  landing: 0.8352285362780094
  view-data: 3.429277816787362
