times:
  edit-metadata: 1.6848768070340157
  landing: 1.2178948894143105
  view-data: 3.4047451075166464
