times:
  edit-metadata: 1.8734115064144135
  landing: 1.2048849444836378
  view-data: 3.346508549526334
