times:
  edit-metadata: 1.7160371020436287
  landing: 1.2297817282378674
  view-data: 3.4059872329235077
