times:
  edit-metadata: 1.6913330554962158
  landing: 1.0157652022317052
  view-data: 3.32571270596236
