times:
  edit-metadata: 1.5111993658356369
  landing: 0.9237564918585122
  view-data: 3.3210769020952284
