times:
  edit-metadata: 2.2908600345253944
  landing: 1.599799957126379
  view-data: 3.6470938064157963
