times:
  edit-metadata: 1.3857137821614742
  landing: 0.960678692907095
  view-data: 3.385571852326393
