times:
  edit-metadata: 1.5558800548315048
  landing: 0.9837978072464466
  view-data: 3.3238266706466675
