times:
  edit-metadata: 1.434595674276352
  landing: 1.0588098652660847
  view-data: 3.3253622092306614
