times:
  edit-metadata: 1.4437054991722107
  landing: 1.0306697469204664
  view-data: 3.3824397195130587
