times:
  edit-metadata: 1.699179980903864
  landing: 0.8968260688707232
  view-data: 3.4337463323026896
