times:
  edit-metadata: 1.5244476683437824
  landing: 1.0243029929697514
  view-data: 3.355239201337099
