times:
  edit-metadata: 2.131567932665348
  landing: 1.4628025777637959
  view-data: 3.3689204789698124
