times:
  edit-metadata: 1.5731843784451485
  landing: 1.0183610953390598
  view-data: 3.435630064457655
