times:
  edit-metadata: 1.5958903208374977
  landing: 0.8378076534718275
  view-data: 3.358713250607252
