times:
  edit-metadata: 1.612414828967303
  landing: 1.0376359960064292
  view-data: 3.484264610800892
