times:
  edit-metadata: 1.3745765443891287
  landing: 0.8839687407016754
  view-data: 3.2687074095010757
