times:
  edit-metadata: 1.94150270242244
  landing: 1.1422611009329557
  view-data: 3.444584546610713
