times:
  edit-metadata: 1.634867012500763
  landing: 0.9330126345157623
  view-data: 3.708147522062063
