times:
  edit-metadata: 1.4276326037943363
  landing: 0.9474742375314236
  view-data: 3.3466731756925583
