times:
  edit-metadata: 1.4649694277904928
  landing: 0.8792264643125236
  view-data: 3.418384274933487
