times:
  edit-metadata: 1.4013043642044067
  landing: 0.8325142525136471
  view-data: 3.364685647189617
