times:
  edit-metadata: 1.5535462200641632
  landing: 0.9922339469194412
  view-data: 3.3376299887895584
