times:
  edit-metadata: 1.462548904120922
  landing: 0.9709487333893776
  view-data: 3.482167962938547
