times:
  edit-metadata: 1.492897741496563
  landing: 0.8160900324583054
  view-data: 3.3368108570575714
