times:
  edit-metadata: 1.6524455174803734
  landing: 0.876960963010788
  view-data: 3.3995876144617796
