times:
  edit-metadata: 1.530171174556017
  landing: 0.9102669954299927
  view-data: 3.370659552514553
