times:
  edit-metadata: 1.4686162695288658
  landing: 0.8271056450903416
  view-data: 3.3422298952937126
