times:
  edit-metadata: 1.4974819347262383
  landing: 1.0359949432313442
  view-data: 3.3762106373906136
