times:
  edit-metadata: 1.5256818067282438
  landing: 0.8602290619164705
  view-data: 3.3770297542214394
