times:
  edit-metadata: 1.5165751725435257
  landing: 0.8250514399260283
  view-data: 3.427850915119052
