times:
  edit-metadata: 1.619520016014576
  landing: 1.0257088728249073
  view-data: 3.348516196012497
