times:
  edit-metadata: 1.493565269280225
  landing: 0.8571934779174626
  view-data: 3.3172232168726623
