times:
  edit-metadata: 1.4600834771990776
  landing: 1.0224510002881289
  view-data: 3.319369380362332
