times:
  edit-metadata: 1.470565553754568
  landing: 1.1061026230454445
  view-data: 3.340237580239773
