times:
  edit-metadata: 1.2947250800207257
  landing: 0.7484425860457122
  view-data: 3.3386299901176244
