times:
  edit-metadata: 1.9363944083452225
  landing: 1.448560755699873
  view-data: 3.33756684884429
