times:
  edit-metadata: 1.5399879030883312
  landing: 0.8599414452910423
  view-data: 3.329103386029601
