times:
  edit-metadata: 1.6498865550383925
  landing: 0.9304424999281764
  view-data: 3.302427784074098
