times:
  edit-metadata: 1.7413289435207844
  landing: 1.0460388213396072
  view-data: 3.383647106587887
