times:
  edit-metadata: 1.661619990132749
  landing: 1.0523084104061127
  view-data: 3.362921603024006
