times:
  edit-metadata: 1.5316116884350777
  landing: 0.9989835172891617
  view-data: 3.39518029242754
