times:
  edit-metadata: 1.4648610670119524
  landing: 1.032003216445446
  view-data: 3.3694709818810225
