times:
  edit-metadata: 1.5501156970858574
  landing: 0.9294604435563087
  view-data: 3.27670793607831
