times:
  edit-metadata: 1.5396214239299297
  landing: 0.8656590227037668
  view-data: 3.367042127996683
