times:
  edit-metadata: 1.4169496884569526
  landing: 0.828707754611969
  view-data: 3.3933399664238095
