times:
  edit-metadata: 1.5215609483420849
  landing: 1.5494673140347004
  view-data: 3.315666627138853
