times:
  edit-metadata: 1.5607675053179264
  landing: 1.176989559084177
  view-data: 3.3765175230801105
