times:
  edit-metadata: 1.542042886838317
  landing: 0.9235261604189873
  view-data: 3.4573765955865383
