times:
  edit-metadata: 1.4108111374080181
  landing: 0.8641760163009167
  view-data: 3.34224633872509
