times:
  edit-metadata: 1.4339696113020182
  landing: 0.9696551761589944
  view-data: 3.3621164690703154
