times:
  edit-metadata: 1.6231312081217766
  landing: 1.1448524668812752
  view-data: 3.2587617076933384
