times:
  edit-metadata: 1.5251462198793888
  landing: 0.7816076558083296
  view-data: 3.3564313240349293
