times:
  edit-metadata: 1.4088104087859392
  landing: 0.9138108771294355
  view-data: 3.285164887085557
