times:
  edit-metadata: 1.5673793610185385
  landing: 1.0104651912115514
  view-data: 3.3494519642554224
