times:
  edit-metadata: 1.7681193388998508
  landing: 0.9634584337472916
  view-data: 3.3627108186483383
