times:
  edit-metadata: 1.52371777407825
  landing: 0.8485566172748804
  view-data: 3.421954296529293
