times:
  edit-metadata: 2.744070701301098
  landing: 2.3230917043983936
  view-data: 3.7532078698277473
