times:
  edit-metadata: 2.698651295155287
  landing: 1.126810853369534
  view-data: 3.6182146687060595
