times:
  edit-metadata: 1.4496365550439805
  landing: 0.8233790859812871
  view-data: 3.3335716100409627
