times:
  edit-metadata: 1.600568674504757
  landing: 1.0215283818542957
  view-data: 3.386869877576828
