times:
  edit-metadata: 1.3972339797765017
  landing: 0.8467247877269983
  view-data: 3.3324220925569534
