times:
  edit-metadata: 1.4435476940125227
  landing: 0.8511034492403269
  view-data: 3.379763897508383
