times:
  edit-metadata: 1.5729712061583996
  landing: 3.17021544277668
  view-data: 3.3422462604939938
