times:
  edit-metadata: 1.6637374088168144
  landing: 1.1087975017726421
  view-data: 3.356883879750967
