times:
  edit-metadata: 1.4906170859467238
  landing: 0.9697099500335753
  view-data: 3.3796488500665873
