times:
  edit-metadata: 1.3884039297699928
  landing: 0.8384839557111263
  view-data: 3.273483157157898
