times:
  edit-metadata: 3.943301683291793
  landing: 1.8504354115575552
  view-data: 3.8092897925525904
