times:
  edit-metadata: 1.52800951898098
  landing: 0.8594855461269617
  view-data: 3.4415273871272802
