times:
  edit-metadata: 1.5202940125018358
  landing: 0.8427197244018316
  view-data: 3.404815113171935
