times:
  edit-metadata: 1.5496679097414017
  landing: 0.8669787850230932
  view-data: 3.4622998163104057
