times:
  edit-metadata: 1.5377451237291098
  landing: 0.8475691676139832
  view-data: 3.379599979147315
