times:
  edit-metadata: 1.4316034060902894
  landing: 0.8966112895868719
  view-data: 3.4233428118750453
