times:
  edit-metadata: 1.5202191658318043
  landing: 1.2714657243341208
  view-data: 3.471669990569353
