times:
  edit-metadata: 1.2000636650482193
  landing: 0.21455011604120955
  view-data: 0.32005040702642873
