times:
  edit-metadata: 1.4548033885657787
  landing: 0.9866424687206745
  view-data: 3.3761062379926443
