times:
  edit-metadata: 1.540603019297123
  landing: 0.8250273391604424
  view-data: 3.41631399653852
