times:
  edit-metadata: 1.4235547464340925
  landing: 1.053285015746951
  view-data: 3.384853921830654
