times:
  edit-metadata: 1.4511882718652487
  landing: 1.5940751861780882
  view-data: 3.3160216268152
