times:
  edit-metadata: 1.5377572069410235
  landing: 0.9827251830138266
  view-data: 3.376009593019262
