times:
  edit-metadata: 1.5889780858997256
  landing: 0.817409984068945
  view-data: 3.3139335738960654
