times:
  edit-metadata: 2.725175118073821
  landing: 1.6255741231143475
  view-data: 3.8600662257522345
