times:
  edit-metadata: 1.960506934672594
  landing: 1.508507501333952
  view-data: 3.4245964251458645
