times:
  edit-metadata: 1.505261566489935
  landing: 0.8446278441697359
  view-data: 3.4101013634353876
