times:
  edit-metadata: 1.5495240464806557
  landing: 1.0326951937749982
  view-data: 3.395865892060101
