times:
  edit-metadata: 1.4303810726851225
  landing: 0.8990212203934789
  view-data: 3.35619227681309
