times:
  edit-metadata: 1.5603366494178772
  landing: 1.0649563148617744
  view-data: 3.391849011182785
