times:
  edit-metadata: 1.4268431088421494
  landing: 0.8281951528042555
  view-data: 3.4254978171084076
