times:
  edit-metadata: 1.5275819189846516
  landing: 1.0313775092363358
  view-data: 3.3441350013017654
