times:
  edit-metadata: 1.5054108016192913
  landing: 0.8758703991770744
  view-data: 3.3913938589394093
