times:
  edit-metadata: 1.6150828152894974
  landing: 1.0039336457848549
  view-data: 3.380810681730509
