times:
  edit-metadata: 1.5326937697827816
  landing: 0.899712111800909
  view-data: 3.421239928342402
