times:
  edit-metadata: 1.427235409617424
  landing: 0.8079086877405643
  view-data: 3.281134221702814
