times:
  edit-metadata: 1.6868033008649945
  landing: 0.9702653079293668
  view-data: 3.337175906635821
