times:
  edit-metadata: 1.678152110427618
  landing: 1.034973032772541
  view-data: 3.3421377949416637
