times:
  edit-metadata: 1.5212178137153387
  landing: 1.0949492771178484
  view-data: 3.4394482895731926
