times:
  edit-metadata: 1.4433698924258351
  landing: 0.9136746469885111
  view-data: 3.3742568884044886
