times:
  edit-metadata: 1.4207488894462585
  landing: 0.9523923844099045
  view-data: 3.319123648107052
