times:
  edit-metadata: 1.5682053118944168
  landing: 1.2241933643817902
  view-data: 3.3421555794775486
