times:
  edit-metadata: 1.5030538281425834
  landing: 0.8727678479626775
  view-data: 3.3718035900965333
