times:
  edit-metadata: 2.0095416735857725
  landing: 1.0856055822223425
  view-data: 3.4834822146221995
