times:
  edit-metadata: 1.620592676103115
  landing: 0.9912397153675556
  view-data: 3.4045570641756058
