times:
  edit-metadata: 2.5638698041439056
  landing: 1.3672222942113876
  view-data: 3.3769005052745342
