times:
  edit-metadata: 1.4565910398960114
  landing: 1.0037359707057476
  view-data: 3.4482599832117558
