times:
  edit-metadata: 1.504147566971369
  landing: 0.7996697070775554
  view-data: 3.357145100017078
