times:
  edit-metadata: 1.8531694188714027
  landing: 1.5979086868464947
  view-data: 3.4395361728966236
