times:
  edit-metadata: 1.4318412467837334
  landing: 1.0412620343267918
  view-data: 3.377952925860882
