times:
  edit-metadata: 1.5480778366327286
  landing: 0.8596011251211166
  view-data: 3.454483311623335
