times:
  edit-metadata: 1.5547404335811734
  landing: 0.8286559274420142
  view-data: 3.699344069696963
