times:
  edit-metadata: 1.4207098293118179
  landing: 0.850602419115603
  view-data: 3.793585939798504
