times:
  edit-metadata: 1.5013317270204425
  landing: 0.9376399060711265
  view-data: 3.3117898432537913
