times:
  edit-metadata: 1.4457757323980331
  landing: 0.827243696898222
  view-data: 3.3734212331473827
