times:
  edit-metadata: 1.5992865152657032
  landing: 1.049759216606617
  view-data: 3.415679160505533
