times:
  edit-metadata: 1.5161313563585281
  landing: 0.7903321366757154
  view-data: 3.3752401806414127
