times:
  edit-metadata: 1.6218655407428741
  landing: 0.8929782081395388
  view-data: 3.412072539329529
