times:
  edit-metadata: 1.5797254033386707
  landing: 0.8452382981777191
  view-data: 3.414372470229864
