times:
  edit-metadata: 1.5432726005092263
  landing: 0.8677906226366758
  view-data: 3.4425410320982337
