times:
  edit-metadata: 1.6536270417273045
  landing: 1.0251017846167088
  view-data: 3.352435700595379
