times:
  edit-metadata: 2.0975020099431276
  landing: 0.984621106646955
  view-data: 3.520399423316121
