times:
  edit-metadata: 1.7053621066734195
  landing: 1.1278375899419188
  view-data: 3.362758733332157
