times:
  edit-metadata: 1.5412595570087433
  landing: 0.7944616805762053
  view-data: 3.37202600389719
