times:
  edit-metadata: 1.4591421335935593
  landing: 1.0171152129769325
  view-data: 3.330970771610737
