times:
  edit-metadata: 1.6061514467000961
  landing: 0.8306805845350027
  view-data: 3.512645874172449
