times:
  edit-metadata: 1.652033295482397
  landing: 0.8659979663789272
  view-data: 3.7350932396948338
