times:
  edit-metadata: 1.3635330945253372
  landing: 0.9987246580421925
  view-data: 3.3562446795403957
