times:
  edit-metadata: 1.7749498141929507
  landing: 0.9671799261122942
  view-data: 3.5020265951752663
