times:
  edit-metadata: 1.5368265956640244
  landing: 0.7870635464787483
  view-data: 3.3523323014378548
