times:
  edit-metadata: 2.2042536716908216
  landing: 1.2759003210812807
  view-data: 3.5892046354711056
