times:
  edit-metadata: 1.6985658556222916
  landing: 1.3061497174203396
  view-data: 3.2961255311965942
