times:
  edit-metadata: 1.653406549245119
  landing: 1.0803896822035313
  view-data: 3.45359306037426
