times:
  edit-metadata: 1.3966688718646765
  landing: 0.9594226237386465
  view-data: 3.537153607234359
