times:
  edit-metadata: 1.4634878751821816
  landing: 1.0541405510157347
  view-data: 3.366951443720609
