times:
  edit-metadata: 1.527057260274887
  landing: 1.0149313770234585
  view-data: 3.365015747025609
