times:
  edit-metadata: 1.4076911490410566
  landing: 0.8972050938755274
  view-data: 3.357762828003615
