times:
  edit-metadata: 1.6748772412538528
  landing: 1.3386630131863058
  view-data: 3.5305825141258538
