times:
  edit-metadata: 1.53835504129529
  landing: 0.8036268576979637
  view-data: 3.3479770086705685
