times:
  edit-metadata: 1.5015007220208645
  landing: 0.8095949236303568
  view-data: 3.391467586159706
