times:
  edit-metadata: 1.4663816571701318
  landing: 0.8176148030906916
  view-data: 3.264294622000307
