times:
  edit-metadata: 1.5751574151217937
  landing: 0.9755657017230988
  view-data: 3.456926191225648
