times:
  edit-metadata: 1.5648471526801586
  landing: 0.8521893601864576
  view-data: 3.4102294202893972
