times:
  edit-metadata: 1.5688296239823103
  landing: 0.912932276725769
  view-data: 3.459747578948736
