times:
  edit-metadata: 1.4008799782022834
  landing: 0.9139825450256467
  view-data: 3.372301942668855
