times:
  edit-metadata: 1.3959068655967712
  landing: 0.9834513366222382
  view-data: 3.326436474919319
