times:
  edit-metadata: 1.4911486469209194
  landing: 0.9077613763511181
  view-data: 3.415408305823803
