times:
  edit-metadata: 1.5383861921727657
  landing: 1.0890526250004768
  view-data: 3.440628107637167
