times:
  edit-metadata: 1.8838079264387488
  landing: 1.2516728062182665
  view-data: 3.359890445135534
