times:
  edit-metadata: 1.4457384143024683
  landing: 0.8672096198424697
  view-data: 3.3381029879674315
