times:
  edit-metadata: 1.6806770395487547
  landing: 0.26845425367355347
  view-data: 0.3452479597181082
