times:
  edit-metadata: 1.5752440094947815
  landing: 0.8341978183016181
  view-data: 3.374876187182963
