times:
  edit-metadata: 1.7789077535271645
  landing: 0.1467670574784279
  view-data: 0.34370990842580795
