times:
  edit-metadata: 0.6132394718006253
  landing: 0.04342175414785743
  view-data: 0.2134382901713252
