times:
  edit-metadata: 1.018558607000159
  landing: 0.07119199199951254
  view-data: 0.2360746580088744
