times:
  edit-metadata: 2.5697997538372874
  landing: 1.85327766276896
  view-data: 3.585452458821237
