times:
  edit-metadata: 0.8034734288230538
  landing: 0.039751808159053326
  view-data: 0.28332212287932634
