times:
  edit-metadata: 2.85818858910352
  landing: 0.5810505961999297
  view-data: 0.564225303940475
