times:
  edit-metadata: 1.4799916185438633
  landing: 0.7947196513414383
  view-data: 3.281176768243313
