times:
  edit-metadata: 1.0147121009649709
  landing: 0.07264940597815439
  view-data: 0.24031552101951092
