times:
  edit-metadata: 0.8468036400154233
  landing: 0.10976471193134785
  view-data: 0.2855328908190131
