times:
  edit-metadata: 1.574976846575737
  landing: 1.2382326945662498
  view-data: 3.359694544225931
