times:
  edit-metadata: 1.4048859048634768
  landing: 0.02536889910697937
  view-data: 0.12024353351444006
