times:
  edit-metadata: 1.4048677254468203
  landing: 0.021099315956234932
  view-data: 0.22663559764623642
