times:
  edit-metadata: 1.5141113698482513
  landing: 1.0620777569711208
  view-data: 3.3555500768125057
