times:
  edit-metadata: 1.0284059760160744
  landing: 0.061379050835967064
  view-data: 0.24573169206269085
