times:
  edit-metadata: 1.4129523057490587
  landing: 0.11850865744054317
  view-data: 0.14107120037078857
