times:
  edit-metadata: 1.477268248796463
  landing: 0.810728270560503
  view-data: 3.3922203294932842
