times:
  edit-metadata: 1.393191210925579
  landing: 0.11266679409891367
  view-data: 0.1222914569079876
