times:
  edit-metadata: 1.7952841110527515
  landing: 0.3011327553540468
  view-data: 0.35100734047591686
