times:
  edit-metadata: 1.3195587161462754
  landing: 0.7297540551517159
  view-data: 3.2846118910238147
