times:
  edit-metadata: 1.4034857265651226
  landing: 0.2215176122263074
  view-data: 0.31788258999586105
