times:
  edit-metadata: 1.519152014516294
  landing: 0.019083443097770214
  view-data: 0.024346163496375084
