times:
  edit-metadata: 2.5453394297510386
  landing: 5.980030739679933
  view-data: 3.783450661227107
