times:
  edit-metadata: 1.373793383128941
  landing: 0.09579942561686039
  view-data: 0.12020255252718925
