times:
  edit-metadata: 1.463344182819128
  landing: 0.8027160242199898
  view-data: 3.3241360671818256
