times:
  edit-metadata: 0.6215019340161234
  landing: 0.05444334400817752
  view-data: 0.2190907829790376
