times:
  edit-metadata: 1.0280362458433956
  landing: 0.06387910293415189
  view-data: 0.24347922415472567
