times:
  edit-metadata: 1.494961155578494
  landing: 0.9968360215425491
  view-data: 3.365174612030387
