times:
  edit-metadata: 1.397080047056079
  landing: 0.025130433030426502
  view-data: 0.3850088631734252
