times:
  edit-metadata: 1.458813278004527
  landing: 0.02059666533023119
  view-data: 0.02476897183805704
