times:
  edit-metadata: 1.5552655532956123
  landing: 1.3380975499749184
  view-data: 3.6485933177173138
