times:
  edit-metadata: 1.3885150607675314
  landing: 0.024687623605132103
  view-data: 0.43610874004662037
