times:
  edit-metadata: 1.3637905642390251
  landing: 0.02228148002177477
  view-data: 0.1262098951265216
