times:
  edit-metadata: 1.3800949361175299
  landing: 0.8308368362486362
  view-data: 3.3906457349658012
