times:
  edit-metadata: 1.7435959428548813
  landing: 0.29101316817104816
  view-data: 0.3497535679489374
