times:
  edit-metadata: 1.0154567749705166
  landing: 0.06351310992613435
  view-data: 0.23761745390947908
