times:
  edit-metadata: 1.5717656053602695
  landing: 1.111157312989235
  view-data: 3.4287636913359165
