times:
  edit-metadata: 1.0312614829745144
  landing: 0.0509803369641304
  view-data: 0.25649785390123725
