times:
  edit-metadata: 1.3145388327538967
  landing: 0.8993618078529835
  view-data: 3.284710180014372
