times:
  edit-metadata: 1.3111309939995408
  landing: 0.9030062714591622
  view-data: 3.29125165194273
