times:
  edit-metadata: 0.7771248538047075
  landing: 0.07015318609774113
  view-data: 0.32435131818056107
