times:
  edit-metadata: 1.4246284430846572
  landing: 0.11922874394804239
  view-data: 0.025581832975149155
