times:
  edit-metadata: 1.5666952766478062
  landing: 1.1642806828022003
  view-data: 3.4133721366524696
