times:
  edit-metadata: 1.3845841120928526
  landing: 0.020408036187291145
  view-data: 0.02503173891454935
