times:
  edit-metadata: 1.5485783368349075
  landing: 1.0025952737778425
  view-data: 3.353348610922694
