times:
  edit-metadata: 1.502104938030243
  landing: 1.1055493503808975
  view-data: 3.367084715515375
