times:
  edit-metadata: 1.8252208195626736
  landing: 0.021159149706363678
  view-data: 0.025798600167036057
