times:
  edit-metadata: 1.3732276633381844
  landing: 0.01887801568955183
  view-data: 0.11730570532381535
