times:
  edit-metadata: 1.0156559580937028
  landing: 0.04602225311100483
  view-data: 0.3796690159942955
