times:
  edit-metadata: 1.4316921895369887
  landing: 0.2170183276757598
  view-data: 0.1210361747071147
