times:
  edit-metadata: 1.4432710763067007
  landing: 0.9867889801971614
  view-data: 3.3053223150782287
