times:
  edit-metadata: 1.4395395498722792
  landing: 0.19765940681099892
  view-data: 0.2882660385221243
