times:
  edit-metadata: 1.727211594581604
  landing: 1.5708208605647087
  view-data: 3.4543430283665657
