times:
  edit-metadata: 1.4458465557545424
  landing: 0.7640621289610863
  view-data: 3.340897236019373
