times:
  edit-metadata: 0.6966911790077575
  landing: 0.10226616897853091
  view-data: 0.2314237720274832
