times:
  edit-metadata: 1.0352175999432802
  landing: 0.05844298982992768
  view-data: 0.26178914681077003
