times:
  edit-metadata: 1.0094052639324218
  landing: 0.06915657711215317
  view-data: 0.24334197212010622
