times:
  edit-metadata: 1.7065577283501625
  landing: 1.131313106045127
  view-data: 3.32158487662673
