times:
  edit-metadata: 0.8694746880792081
  landing: 0.12669802317395806
  view-data: 0.3021984971128404
