times:
  edit-metadata: 1.413792785257101
  landing: 0.11854618974030018
  view-data: 0.3164847195148468
