times:
  edit-metadata: 1.470855224877596
  landing: 0.859276756644249
  view-data: 3.6173483841121197
