times:
  edit-metadata: 1.41843100823462
  landing: 0.022892934270203114
  view-data: 0.02580974530428648
