times:
  edit-metadata: 1.5549897737801075
  landing: 0.9981452710926533
  view-data: 3.362187296152115
