times:
  edit-metadata: 1.5275512225925922
  landing: 0.922459352761507
  view-data: 3.4653464555740356
