times:
  edit-metadata: 1.0055799428373575
  landing: 0.0672713709063828
  view-data: 0.24196976702660322
