times:
  edit-metadata: 1.0875864289700985
  landing: 0.05075389996636659
  view-data: 0.5179632920771837
