times:
  edit-metadata: 1.1011758929817006
  landing: 0.05891535896807909
  view-data: 0.26170266792178154
