times:
  edit-metadata: 1.6013533789664507
  landing: 0.02034643106162548
  view-data: 0.025227880105376244
