times:
  edit-metadata: 1.4253794541582465
  landing: 0.1214174423366785
  view-data: 0.026839232072234154
