times:
  edit-metadata: 1.3813235103152692
  landing: 3.6905622091144323
  view-data: 3.2534270910546184
