times:
  edit-metadata: 1.4574200008064508
  landing: 0.19933512061834335
  view-data: 0.28188282810151577
