times:
  edit-metadata: 1.8137619532644749
  landing: 0.33323846012353897
  view-data: 0.5342137981206179
