times:
  edit-metadata: 1.365551139228046
  landing: 0.7910243039950728
  view-data: 3.267015440389514
