times:
  edit-metadata: 1.4390070494264364
  landing: 0.8358164522796869
  view-data: 3.31730367988348
