times:
  edit-metadata: 1.5738408789038658
  landing: 0.9683701135218143
  view-data: 3.450923155993223
