times:
  edit-metadata: 1.4048337768763304
  landing: 0.01947546936571598
  view-data: 0.025751386769115925
