times:
  edit-metadata: 1.0112139789853245
  landing: 0.052840130985714495
  view-data: 0.38672701991163194
