times:
  edit-metadata: 1.725259281694889
  landing: 1.1220169551670551
  view-data: 3.3685460686683655
