times:
  edit-metadata: 1.445821326225996
  landing: 0.8454387299716473
  view-data: 3.322293208912015
