times:
  edit-metadata: 1.5772912949323654
  landing: 0.9886686466634274
  view-data: 3.278072141110897
