times:
  edit-metadata: 1.52426016330719
  landing: 5.21152382530272
  view-data: 3.3233874393627048
