times:
  edit-metadata: 1.5332213593646884
  landing: 0.21575171127915382
  view-data: 0.5089568141847849
