times:
  edit-metadata: 1.427812647074461
  landing: 1.1047158148139715
  view-data: 3.3352202884852886
