times:
  edit-metadata: 1.4196220031008124
  landing: 0.019026655703783035
  view-data: 0.09958701767027378
