times:
  edit-metadata: 1.5874025393277407
  landing: 0.908800782635808
  view-data: 3.3424805998802185
