times:
  edit-metadata: 1.445620776154101
  landing: 0.021221719682216644
  view-data: 0.1188603276386857
