times:
  edit-metadata: 1.4664806332439184
  landing: 0.022909393534064293
  view-data: 0.2607561629265547
