times:
  edit-metadata: 1.5403521810658276
  landing: 0.851881287060678
  view-data: 3.3909656568430364
