times:
  edit-metadata: 1.7264159582555294
  landing: 1.4755032546818256
  view-data: 3.3745079077780247
