times:
  edit-metadata: 0.6263757819979219
  landing: 0.04345176300557796
  view-data: 0.21379896999860648
