times:
  edit-metadata: 1.459623223170638
  landing: 0.021110661327838898
  view-data: 0.027725879102945328
