times:
  edit-metadata: 1.3863387340679765
  landing: 0.020872064866125584
  view-data: 0.027866486459970474
