times:
  edit-metadata: 1.6494837682694197
  landing: 0.13050512969493866
  view-data: 0.1827201135456562
