times:
  edit-metadata: 1.4601366464048624
  landing: 0.022050712257623672
  view-data: 0.1407170630991459
