times:
  edit-metadata: 1.7649654857814312
  landing: 1.031786173582077
  view-data: 3.370846139267087
