times:
  edit-metadata: 1.0105068259872496
  landing: 0.05677357083186507
  view-data: 0.25061869202181697
