times:
  edit-metadata: 1.3888854682445526
  landing: 0.944095566868782
  view-data: 3.5698472186923027
