times:
  edit-metadata: 1.0214444730008836
  landing: 0.07344593900052132
  view-data: 0.24866931800352177
