times:
  edit-metadata: 1.0228122770786285
  landing: 0.05898489197716117
  view-data: 0.24307972518727183
