times:
  edit-metadata: 2.0963145438581705
  landing: 0.22297894395887852
  view-data: 0.5741175785660744
