times:
  edit-metadata: 1.4445728827267885
  landing: 0.8593424130231142
  view-data: 3.4277976881712675
