times:
  edit-metadata: 1.0298949709394947
  landing: 0.05729273206088692
  view-data: 0.253543108003214
