times:
  edit-metadata: 1.4716083221137524
  landing: 0.19780180603265762
  view-data: 0.14243541844189167
