times:
  edit-metadata: 1.4880591705441475
  landing: 0.8373812232166529
  view-data: 3.332990637049079
