times:
  edit-metadata: 1.4477265104651451
  landing: 0.8785723447799683
  view-data: 3.338128512725234
