times:
  edit-metadata: 1.3926714269910008
  landing: 0.7942720749415457
  view-data: 3.301280200947076
