times:
  edit-metadata: 1.420716144144535
  landing: 0.02399657480418682
  view-data: 0.025950525887310505
