times:
  edit-metadata: 1.227732066065073
  landing: 0.8084079716354609
  view-data: 3.4278363343328238
