times:
  edit-metadata: 1.6160468235611916
  landing: 1.11692900583148
  view-data: 3.371243979781866
