times:
  edit-metadata: 1.0385666210204363
  landing: 0.07164835510775447
  view-data: 0.23766930704005063
