times:
  edit-metadata: 0.6054607760015642
  landing: 0.11216201599745546
  view-data: 0.20831045100203482
