times:
  edit-metadata: 1.8465249547734857
  landing: 0.22831084113568068
  view-data: 0.34000757336616516
