times:
  edit-metadata: 1.1157956239767373
  landing: 0.04922405001707375
  view-data: 0.26458858302794397
