times:
  edit-metadata: 1.458221035078168
  landing: 0.1271940153092146
  view-data: 0.026844440028071404
