times:
  edit-metadata: 1.47238215431571
  landing: 0.02200241945683956
  view-data: 0.028071044012904167
