times:
  edit-metadata: 1.3775425909552723
  landing: 0.7235631099902093
  view-data: 3.340062244096771
