times:
  edit-metadata: 1.5141748059540987
  landing: 0.021475685760378838
  view-data: 0.02529168501496315
