times:
  edit-metadata: 2.487787041813135
  landing: 1.5631229132413864
  view-data: 3.5153750479221344
