times:
  edit-metadata: 1.5258424617350101
  landing: 1.1698950538411736
  view-data: 3.4530826918780804
