times:
  edit-metadata: 1.560292137786746
  landing: 0.8764577060937881
  view-data: 3.319642400369048
