times:
  edit-metadata: 1.590754570439458
  landing: 0.9183232989162207
  view-data: 3.4040895514190197
