times:
  edit-metadata: 1.2357505038380623
  landing: 0.8029572553932667
  view-data: 3.300958899781108
