times:
  edit-metadata: 0.9944978188723326
  landing: 0.04528347891755402
  view-data: 0.2503022749442607
