times:
  edit-metadata: 1.4409378245472908
  landing: 1.1421463508158922
  view-data: 3.3497741371393204
