times:
  edit-metadata: 1.4317808719351888
  landing: 0.021763933822512627
  view-data: 0.4056444186717272
