times:
  edit-metadata: 1.4822998102754354
  landing: 0.7456193715333939
  view-data: 3.334675880149007
