times:
  edit-metadata: 1.3418766744434834
  landing: 0.8648057067766786
  view-data: 3.3461518697440624
