times:
  edit-metadata: 1.8649481050670147
  landing: 0.8484017932787538
  view-data: 3.2568695340305567
