times:
  edit-metadata: 1.4192145839333534
  landing: 0.019891414791345596
  view-data: 0.22946747485548258
