times:
  edit-metadata: 1.5435517120640725
  landing: 0.06846499000675976
  view-data: 0.2948423670604825
