times:
  edit-metadata: 0.6084625180083094
  landing: 0.04562795200035907
  view-data: 0.21356607199413702
