times:
  edit-metadata: 0.8449147338978946
  landing: 0.0673243566416204
  view-data: 0.21249174838885665
