times:
  edit-metadata: 1.3777474388480186
  landing: 0.9078092649579048
  view-data: 3.410163637250662
