times:
  edit-metadata: 1.5366941504180431
  landing: 0.25910243578255177
  view-data: 0.3369689043611288
