times:
  edit-metadata: 1.838556669652462
  landing: 1.2445509992539883
  view-data: 3.7115536741912365
