times:
  edit-metadata: 1.7645507585257292
  landing: 0.023634668439626694
  view-data: 0.4100854694843292
