times:
  edit-metadata: 1.4045801348984241
  landing: 1.0156508684158325
  view-data: 3.31892541795969
