times:
  edit-metadata: 1.4022281765937805
  landing: 0.7733460087329149
  view-data: 3.362804627045989
