times:
  edit-metadata: 1.5190669726580381
  landing: 0.023469308391213417
  view-data: 0.2694033607840538
