times:
  edit-metadata: 1.5228730514645576
  landing: 0.8577503152191639
  view-data: 3.2782864943146706
