times:
  edit-metadata: 1.4861218072474003
  landing: 0.15407691150903702
  view-data: 0.025260722264647484
