times:
  edit-metadata: 1.0046452450333163
  landing: 0.06685573700815439
  view-data: 0.24412314302753657
