times:
  edit-metadata: 0.84165731491521
  landing: 0.0469786012545228
  view-data: 0.2852127770893276
