times:
  edit-metadata: 1.2325553316622972
  landing: 0.790405198931694
  view-data: 3.454795828089118
