times:
  edit-metadata: 1.683234080672264
  landing: 0.9211587253957987
  view-data: 3.290074836462736
