times:
  edit-metadata: 2.6030742079019547
  landing: 1.2775896433740854
  view-data: 4.012676898390055
