times:
  edit-metadata: 1.8270781226456165
  landing: 0.25698143523186445
  view-data: 0.24144194088876247
