times:
  edit-metadata: 1.782121067866683
  landing: 0.1736498959362507
  view-data: 0.46893746592104435
