times:
  edit-metadata: 1.4417266817763448
  landing: 0.9453632598742843
  view-data: 3.41809918358922
