times:
  edit-metadata: 1.4787910655140877
  landing: 0.11932665482163429
  view-data: 0.27639280818402767
