times:
  edit-metadata: 1.996325884014368
  landing: 1.0610749013721943
  view-data: 3.4737472906708717
