times:
  edit-metadata: 3.9934155344963074
  landing: 2.506874840706587
  view-data: 3.7658613733947277
