times:
  edit-metadata: 1.4815044151619077
  landing: 0.019962566904723644
  view-data: 0.025618049316108227
