times:
  edit-metadata: 1.653718013316393
  landing: 0.2168800812214613
  view-data: 0.15636541321873665
