times:
  edit-metadata: 1.8600521478801966
  landing: 0.29744199849665165
  view-data: 0.33436357602477074
