times:
  edit-metadata: 0.8407731959596276
  landing: 0.06934860069304705
  view-data: 0.21368275117129087
