times:
  edit-metadata: 1.3835229314863682
  landing: 0.02082428429275751
  view-data: 0.11870178673416376
