times:
  edit-metadata: 1.4447011053562164
  landing: 0.2555806562304497
  view-data: 0.022511519491672516
