times:
  edit-metadata: 1.002900140825659
  landing: 0.06816268619149923
  view-data: 0.24419328523799777
