times:
  edit-metadata: 1.4460072200745344
  landing: 0.02187514677643776
  view-data: 0.12968848459422588
