times:
  edit-metadata: 1.3616286795586348
  landing: 0.7908258344978094
  view-data: 3.353152194991708
