times:
  edit-metadata: 1.5583550930023193
  landing: 0.871910628862679
  view-data: 3.2818606570363045
