times:
  edit-metadata: 1.4366391133517027
  landing: 0.7699985783547163
  view-data: 3.3275651279836893
