times:
  edit-metadata: 1.0354357659816742
  landing: 0.05232781614176929
  view-data: 0.2407042949926108
