times:
  edit-metadata: 1.4109062803909183
  landing: 1.0414894623681903
  view-data: 3.386689311824739
