times:
  edit-metadata: 1.3412614315748215
  landing: 0.720791220664978
  view-data: 3.28813511505723
