times:
  edit-metadata: 1.6581530719995499
  landing: 0.8943119868636131
  view-data: 3.3683433793485165
