times:
  edit-metadata: 1.0193470260128379
  landing: 0.07333503616973758
  view-data: 0.2416593129746616
