times:
  edit-metadata: 1.5002283304929733
  landing: 0.13460152596235275
  view-data: 0.28771885856986046
