times:
  edit-metadata: 1.71224807202816
  landing: 0.14197190292179585
  view-data: 0.36273389495909214
