times:
  edit-metadata: 1.4007885819883086
  landing: 0.29206485697068274
  view-data: 0.29367160302354023
