times:
  edit-metadata: 2.1917186118662357
  landing: 1.2466683448292315
  view-data: 3.485739861149341
