times:
  edit-metadata: 1.4142262991517782
  landing: 0.02261941321194172
  view-data: 0.02644513174891472
