times:
  edit-metadata: 0.6989250440092292
  landing: 0.08531225699698552
  view-data: 0.251560821023304
