times:
  edit-metadata: 1.6274219918996096
  landing: 0.16078531742095947
  view-data: 0.1523667685687542
