times:
  edit-metadata: 1.7956675551831722
  landing: 0.220777103677392
  view-data: 0.35065075010061264
