times:
  edit-metadata: 1.5443457923829556
  landing: 0.24486518651247025
  view-data: 0.026518620550632477
