times:
  edit-metadata: 1.0374511710833758
  landing: 0.05314858700148761
  view-data: 0.2528475110884756
