times:
  edit-metadata: 1.366754644550383
  landing: 0.9017813494428992
  view-data: 3.3527277233079076
