times:
  edit-metadata: 1.4898150190711021
  landing: 0.8073359727859497
  view-data: 3.3082812279462814
