times:
  edit-metadata: 1.4314856380224228
  landing: 0.02156686596572399
  view-data: 0.3960918439552188
