times:
  edit-metadata: 1.4276331793516874
  landing: 0.018196232616901398
  view-data: 0.02621215581893921
