times:
  edit-metadata: 1.436093032360077
  landing: 0.7714164163917303
  view-data: 3.3546424247324467
