times:
  edit-metadata: 1.062050149019342
  landing: 0.06565618101740256
  view-data: 0.2479941810015589
