times:
  edit-metadata: 1.395860591903329
  landing: 0.986649383790791
  view-data: 3.3182622268795967
