times:
  edit-metadata: 2.055320631712675
  landing: 1.5608680061995983
  view-data: 3.4141617715358734
