times:
  edit-metadata: 1.4287425354123116
  landing: 0.022886957973241806
  view-data: 0.025873184204101562
