times:
  edit-metadata: 1.529066575691104
  landing: 0.2400299794971943
  view-data: 0.36129969730973244
