times:
  edit-metadata: 1.518441580235958
  landing: 0.9945989921689034
  view-data: 3.3560006953775883
