times:
  edit-metadata: 1.4855585359036922
  landing: 0.749085295945406
  view-data: 3.2727625872939825
