times:
  edit-metadata: 1.5854593552649021
  landing: 0.77721356600523
  view-data: 3.3816948644816875
