times:
  edit-metadata: 1.744192261248827
  landing: 0.02073412574827671
  view-data: 0.1619155202060938
