times:
  edit-metadata: 1.3290664069354534
  landing: 0.7038873452693224
  view-data: 3.280701655894518
