times:
  edit-metadata: 1.3669187109917402
  landing: 0.020442009903490543
  view-data: 0.025563357397913933
