times:
  edit-metadata: 1.4286041408777237
  landing: 0.9528431668877602
  view-data: 3.3620998933911324
