times:
  edit-metadata: 1.8236614800989628
  landing: 0.3010409437119961
  view-data: 0.5270154178142548
