times:
  edit-metadata: 1.0024148258380592
  landing: 0.07336523104459047
  view-data: 0.24264156119897962
