times:
  edit-metadata: 1.7681252136826515
  landing: 0.7205703072249889
  view-data: 3.265577245503664
