times:
  edit-metadata: 1.4804613757878542
  landing: 0.2835335247218609
  view-data: 0.024224930442869663
