times:
  edit-metadata: 0.6811391999945045
  landing: 0.07296501938253641
  view-data: 0.2844612612389028
