times:
  edit-metadata: 0.6273590172640979
  landing: 0.05392529396340251
  view-data: 0.22278630081564188
