times:
  edit-metadata: 1.5458033718168736
  landing: 1.0744733437895775
  view-data: 3.4013557322323322
