times:
  edit-metadata: 1.397180836647749
  landing: 0.0224218862131238
  view-data: 0.4149974975734949
