times:
  edit-metadata: 1.0182807040400803
  landing: 0.04679747298359871
  view-data: 0.25579274306073785
