times:
  edit-metadata: 1.8939871666952968
  landing: 0.9303351854905486
  view-data: 3.3673384971916676
