times:
  edit-metadata: 1.523660521954298
  landing: 0.929406113922596
  view-data: 3.3536916114389896
