times:
  edit-metadata: 1.4624875746667385
  landing: 0.2461654981598258
  view-data: 0.44711241312325
