times:
  edit-metadata: 0.6882161018438637
  landing: 0.044600541703402996
  view-data: 0.2627542200498283
