times:
  edit-metadata: 1.6409348510205746
  landing: 1.0786378160119057
  view-data: 3.3590825609862804
