times:
  edit-metadata: 1.380381042137742
  landing: 0.8061019945889711
  view-data: 3.317491120658815
