times:
  edit-metadata: 1.0311239890288562
  landing: 0.06591606501024216
  view-data: 0.2472014719969593
