times:
  edit-metadata: 1.4291063286364079
  landing: 0.020494112744927406
  view-data: 0.026544335298240185
