times:
  edit-metadata: 1.4864400466904044
  landing: 0.12613727524876595
  view-data: 0.41286013647913933
