times:
  edit-metadata: 1.4939862973988056
  landing: 0.9043901022523642
  view-data: 3.356072762981057
