times:
  edit-metadata: 1.5766549594700336
  landing: 1.1900672875344753
  view-data: 3.3608023412525654
