times:
  edit-metadata: 1.8001426113769412
  landing: 1.1283898213878274
  view-data: 3.3683841545134783
