times:
  edit-metadata: 1.3710164315998554
  landing: 0.020482348278164864
  view-data: 0.12715542316436768
