times:
  edit-metadata: 1.4189790161326528
  landing: 0.025042439810931683
  view-data: 0.025197289884090424
