times:
  edit-metadata: 1.7299063131213188
  landing: 1.3095814734697342
  view-data: 3.416060794144869
