times:
  edit-metadata: 1.5159670412540436
  landing: 1.0251860618591309
  view-data: 3.4040115028619766
