times:
  edit-metadata: 1.3911198917776346
  landing: 0.8254054393619299
  view-data: 3.3691402412950993
