times:
  edit-metadata: 1.3879158608615398
  landing: 0.670348608866334
  view-data: 3.508787088096142
