times:
  edit-metadata: 1.3892824025824666
  landing: 0.18920593056827784
  view-data: 0.4847858306020498
