times:
  edit-metadata: 1.364343631081283
  landing: 0.7570221917703748
  view-data: 3.2615608060732484
