times:
  edit-metadata: 1.6796646397560835
  landing: 0.14908146671950817
  view-data: 0.3185673225671053
