times:
  edit-metadata: 1.409526351839304
  landing: 0.893639799207449
  view-data: 3.2736514173448086
