times:
  edit-metadata: 1.4463816247880459
  landing: 0.022257991135120392
  view-data: 0.027966209687292576
