times:
  edit-metadata: 1.5039946213364601
  landing: 0.021216752007603645
  view-data: 0.33366371132433414
