times:
  edit-metadata: 1.3925891667604446
  landing: 1.0504555255174637
  view-data: 3.3812027983367443
