times:
  edit-metadata: 2.212390162050724
  landing: 1.1823049299418926
  view-data: 3.488407764583826
