times:
  edit-metadata: 1.4580233488231897
  landing: 0.02582796197384596
  view-data: 0.028530491515994072
