times:
  edit-metadata: 1.3934401348233223
  landing: 0.7535058110952377
  view-data: 3.2924123741686344
