times:
  edit-metadata: 1.573399054002948
  landing: 1.1319775829324499
  view-data: 3.392502409988083
