times:
  edit-metadata: 1.677184958010912
  landing: 1.1482906602323055
  view-data: 3.3814563676714897
