times:
  edit-metadata: 1.1069605220109224
  landing: 0.7711296509951353
  view-data: 3.418897045776248
