times:
  edit-metadata: 1.3979394771158695
  landing: 0.9467434957623482
  view-data: 3.3215990513563156
