times:
  edit-metadata: 1.5444664359092712
  landing: 0.2345544621348381
  view-data: 0.026458365842700005
