times:
  edit-metadata: 1.329735504463315
  landing: 0.8141092266887426
  view-data: 3.2849891260266304
