times:
  edit-metadata: 1.4119515179190785
  landing: 0.7418208259623498
  view-data: 3.3109386938158423
