times:
  edit-metadata: 1.532714270055294
  landing: 0.8747235182672739
  view-data: 3.430963972583413
