times:
  edit-metadata: 0.5954944430850446
  landing: 0.04967221012338996
  view-data: 0.2082608239725232
