times:
  edit-metadata: 1.5180228147655725
  landing: 0.2105370443314314
  view-data: 0.33058610185980797
