times:
  edit-metadata: 1.5614763349294662
  landing: 0.9758458808064461
  view-data: 3.423679616302252
