times:
  edit-metadata: 1.3964317999780178
  landing: 0.020609207451343536
  view-data: 0.1249248431995511
