times:
  edit-metadata: 1.4443512819707394
  landing: 0.8965455321595073
  view-data: 3.3116636956110597
