times:
  edit-metadata: 1.3342641610652208
  landing: 0.12477041222155094
  view-data: 0.29441471211612225
