times:
  edit-metadata: 1.4177375340368599
  landing: 0.7974759929347783
  view-data: 3.3332793209701777
