times:
  edit-metadata: 1.6657999828457832
  landing: 1.0624851658940315
  view-data: 3.337779575958848
