times:
  edit-metadata: 2.414801239967346
  landing: 1.4199781008064747
  view-data: 4.2043535225093365
