times:
  edit-metadata: 1.4689194932579994
  landing: 0.02354086935520172
  view-data: 0.0268574021756649
