times:
  edit-metadata: 1.3992387047037482
  landing: 0.02101961523294449
  view-data: 0.025897621177136898
