times:
  edit-metadata: 1.2427654806524515
  landing: 0.7874533273279667
  view-data: 3.325248345732689
