times:
  edit-metadata: 1.0119830628391355
  landing: 0.04427513387054205
  view-data: 0.38410320691764355
