times:
  edit-metadata: 1.1079822370084003
  landing: 0.041810187976807356
  view-data: 0.2552140010520816
