times:
  edit-metadata: 1.639861909672618
  landing: 0.9104237407445908
  view-data: 3.489526867866516
