times:
  edit-metadata: 1.0143463569693267
  landing: 0.053044392727315426
  view-data: 0.2451133611612022
