times:
  edit-metadata: 1.3588600493967533
  landing: 0.8329280130565166
  view-data: 3.2900438122451305
