times:
  edit-metadata: 1.014188074041158
  landing: 0.069245845079422
  view-data: 0.25514100305736065
