times:
  edit-metadata: 1.5328863933682442
  landing: 0.7821562774479389
  view-data: 3.3524891044944525
