times:
  edit-metadata: 1.0312106009805575
  landing: 0.05056781001621857
  view-data: 0.24942970497068018
