times:
  edit-metadata: 1.143308598548174
  landing: 0.701237129047513
  view-data: 3.385027574375272
