times:
  edit-metadata: 1.394416549243033
  landing: 0.022265137173235416
  view-data: 0.02558465115725994
