times:
  edit-metadata: 0.5858779479749501
  landing: 0.06706576608121395
  view-data: 0.22101817186921835
