times:
  edit-metadata: 2.311476569622755
  landing: 1.5835720859467983
  view-data: 3.585108231753111
