times:
  edit-metadata: 0.5869413310138043
  landing: 0.06347771300352179
  view-data: 0.22428581499843858
