times:
  edit-metadata: 1.0040018030558713
  landing: 0.06295130698708817
  view-data: 0.2482032509869896
