times:
  edit-metadata: 1.4292851742357016
  landing: 0.12629257328808308
  view-data: 0.11713779252022505
