times:
  edit-metadata: 1.3214945644140244
  landing: 0.7921413369476795
  view-data: 3.3405450340360403
