times:
  edit-metadata: 1.3147659189999104
  landing: 0.904059424996376
  view-data: 3.325531052891165
