times:
  edit-metadata: 1.5763425836339593
  landing: 0.8692073589190841
  view-data: 3.386103908531368
