times:
  edit-metadata: 1.151472382247448
  landing: 0.7108694650232792
  view-data: 3.4379483871161938
