times:
  edit-metadata: 1.3885615579783916
  landing: 0.0212627025321126
  view-data: 0.030095703899860382
