times:
  edit-metadata: 1.7142511401325464
  landing: 0.16064053773880005
  view-data: 0.3493265137076378
