times:
  edit-metadata: 1.4811481116339564
  landing: 0.8961718278005719
  view-data: 3.5314377415925264
