times:
  edit-metadata: 1.3663267344236374
  landing: 0.9437812641263008
  view-data: 3.361761622130871
