times:
  edit-metadata: 1.3464663792401552
  landing: 0.022463200613856316
  view-data: 0.026928202249109745
