times:
  edit-metadata: 1.3910554936155677
  landing: 0.02020971942692995
  view-data: 0.11944473162293434
