times:
  edit-metadata: 1.279188681859523
  landing: 0.781078141881153
  view-data: 3.3883178599644452
