times:
  edit-metadata: 1.7387704798020422
  landing: 1.125633146148175
  view-data: 3.354459648951888
