times:
  edit-metadata: 2.013470359146595
  landing: 1.226072609424591
  view-data: 3.3478488624095917
