times:
  edit-metadata: 1.0409298001322895
  landing: 0.05335434200242162
  view-data: 0.24537497013807297
