times:
  edit-metadata: 1.4438145104795694
  landing: 0.11587324179708958
  view-data: 0.26923408545553684
