times:
  edit-metadata: 1.0043110279366374
  landing: 0.060790142975747585
  view-data: 0.26576518500223756
