times:
  edit-metadata: 1.0127275440609083
  landing: 0.063405737048015
  view-data: 0.23578823904972523
