times:
  edit-metadata: 1.4230256155133247
  landing: 0.12981048598885536
  view-data: 0.025458401069045067
