times:
  edit-metadata: 1.901357026770711
  landing: 0.022701645269989967
  view-data: 0.1424731221050024
