times:
  edit-metadata: 1.5215661823749542
  landing: 0.019031275063753128
  view-data: 0.11990650277584791
