times:
  edit-metadata: 1.084403790999204
  landing: 0.0489797709742561
  view-data: 0.2505208820803091
