times:
  edit-metadata: 1.4865062292665243
  landing: 0.021788815036416054
  view-data: 0.11722658760845661
