times:
  edit-metadata: 1.6182703450322151
  landing: 1.0223921611905098
  view-data: 3.3605774492025375
