times:
  edit-metadata: 1.01947513082996
  landing: 0.07756623206660151
  view-data: 0.2549769289325923
