times:
  edit-metadata: 1.6249697171151638
  landing: 1.171196587383747
  view-data: 3.4267517030239105
