times:
  edit-metadata: 1.3933907020837069
  landing: 0.8031153604388237
  view-data: 3.3271010257303715
