times:
  edit-metadata: 1.0058424269082025
  landing: 0.06103762809652835
  view-data: 0.24742334999609739
