times:
  edit-metadata: 1.3274858938530087
  landing: 0.6979315280914307
  view-data: 3.2745371805503964
