times:
  edit-metadata: 0.6089364410145208
  landing: 0.04716432199347764
  view-data: 0.22533465799642727
