times:
  edit-metadata: 1.4411960747092962
  landing: 0.02124128583818674
  view-data: 0.12193111516535282
