times:
  edit-metadata: 1.4485606886446476
  landing: 0.11637407168745995
  view-data: 0.026954997330904007
