times:
  edit-metadata: 1.507867882028222
  landing: 0.8428219053894281
  view-data: 3.3447013180702925
