times:
  edit-metadata: 1.4444086076691747
  landing: 0.12139436509460211
  view-data: 0.02610911801457405
