times:
  edit-metadata: 1.4100289065390825
  landing: 0.11212902143597603
  view-data: 0.27518879249691963
