times:
  edit-metadata: 1.4458457631990314
  landing: 0.022060598246753216
  view-data: 0.12310516461730003
