times:
  edit-metadata: 1.979718741029501
  landing: 1.092533890157938
  view-data: 3.505590185523033
