times:
  edit-metadata: 1.5352512542158365
  landing: 0.7896660370752215
  view-data: 3.398851992562413
