times:
  edit-metadata: 2.818465804681182
  landing: 0.8338459357619286
  view-data: 3.4540534261614084
