times:
  edit-metadata: 1.4914093874394894
  landing: 1.0872173644602299
  view-data: 3.356925718486309
