times:
  edit-metadata: 1.4509327746927738
  landing: 0.7309517692774534
  view-data: 3.3256025556474924
