times:
  edit-metadata: 1.456269010901451
  landing: 0.8801779970526695
  view-data: 3.5118732042610645
