times:
  edit-metadata: 1.2495319601148367
  landing: 0.9201534688472748
  view-data: 3.3103073658421636
