times:
  edit-metadata: 1.5222899676300585
  landing: 0.7855140808969736
  view-data: 3.312095148023218
