times:
  edit-metadata: 1.7312437277287245
  landing: 1.1206218395382166
  view-data: 3.4070171769708395
