times:
  edit-metadata: 1.5253837760537863
  landing: 0.021240971982479095
  view-data: 0.3089632336050272
