times:
  edit-metadata: 1.7016813848167658
  landing: 0.1384062748402357
  view-data: 0.15609734691679478
