times:
  edit-metadata: 1.0121512559708208
  landing: 0.048707813024520874
  view-data: 0.255698598921299
