times:
  edit-metadata: 1.4338343534618616
  landing: 0.7184542082250118
  view-data: 3.5527280140668154
