times:
  edit-metadata: 1.4355233889073133
  landing: 0.12643876671791077
  view-data: 0.4495447752997279
