times:
  edit-metadata: 1.6608235593885183
  landing: 0.9368651751428843
  view-data: 3.43085603043437
