times:
  edit-metadata: 1.4473790563642979
  landing: 0.824600625783205
  view-data: 3.286390271037817
