times:
  edit-metadata: 1.4781369119882584
  landing: 0.7139341939473525
  view-data: 3.376924238051288
