times:
  edit-metadata: 1.4397237841039896
  landing: 0.02318383939564228
  view-data: 0.28528913483023643
