times:
  edit-metadata: 0.6164995250292122
  landing: 0.04897690378129482
  view-data: 0.21114082587882876
