times:
  edit-metadata: 1.2567001371644437
  landing: 0.06984840705990791
  view-data: 0.26175980316475034
