times:
  edit-metadata: 2.0467910803854465
  landing: 1.6116288788616657
  view-data: 3.8076548501849174
