times:
  edit-metadata: 1.5132810743525624
  landing: 0.12044013384729624
  view-data: 0.09451241604983807
