times:
  edit-metadata: 1.423879181034863
  landing: 0.020729883573949337
  view-data: 0.02545853890478611
