times:
  edit-metadata: 1.4222475551068783
  landing: 0.01945841684937477
  view-data: 0.3430969100445509
