times:
  edit-metadata: 1.2342796689999886
  landing: 0.13592964600047708
  view-data: 0.2690939209996941
