times:
  edit-metadata: 1.403159512206912
  landing: 0.7546110115945339
  view-data: 3.3088789135217667
