times:
  edit-metadata: 1.5060864128172398
  landing: 0.15175582095980644
  view-data: 0.12038102559745312
