times:
  edit-metadata: 1.5111388433724642
  landing: 0.019759783521294594
  view-data: 0.293882517144084
