times:
  edit-metadata: 1.404182638041675
  landing: 0.022537510842084885
  view-data: 0.0310244457796216
