times:
  edit-metadata: 1.4042198341339827
  landing: 1.038090396206826
  view-data: 3.3306771949864924
