times:
  edit-metadata: 1.5481927320361137
  landing: 0.7803440876305103
  view-data: 3.326923606917262
