times:
  edit-metadata: 0.5856513199978508
  landing: 0.1229112150031142
  view-data: 0.24373814300633967
