times:
  edit-metadata: 1.6350338943302631
  landing: 1.1826204285025597
  view-data: 3.3806499876081944
