times:
  edit-metadata: 1.010611274978146
  landing: 0.06662127585150301
  view-data: 0.24662860808894038
