times:
  edit-metadata: 0.9963540800381452
  landing: 0.0774222940672189
  view-data: 0.2359826781321317
