times:
  edit-metadata: 1.4924989864230156
  landing: 0.7568399533629417
  view-data: 3.337758457288146
