times:
  edit-metadata: 1.0275889240438119
  landing: 0.06844881107099354
  view-data: 0.23546630807686597
