times:
  edit-metadata: 1.4914103038609028
  landing: 0.888356015086174
  view-data: 3.3047864474356174
