times:
  edit-metadata: 0.5748626380081987
  landing: 0.06935863800754305
  view-data: 0.24908359500113875
