times:
  edit-metadata: 1.5092840231955051
  landing: 0.7027415335178375
  view-data: 3.535791538655758
