times:
  edit-metadata: 1.4261636333540082
  landing: 0.09706998988986015
  view-data: 0.09704462252557278
