times:
  edit-metadata: 1.4678897932171822
  landing: 0.025296524167060852
  view-data: 0.13740165904164314
