times:
  edit-metadata: 1.5871879681944847
  landing: 0.9278363194316626
  view-data: 3.292102249339223
