times:
  edit-metadata: 1.3458967059850693
  landing: 0.873635932803154
  view-data: 3.3099954426288605
