times:
  edit-metadata: 1.5006289016455412
  landing: 0.1340250000357628
  view-data: 0.33997200429439545
