times:
  edit-metadata: 1.4525865707546473
  landing: 0.15332602709531784
  view-data: 0.5223375055938959
