times:
  edit-metadata: 1.758098678663373
  landing: 1.0471459161490202
  view-data: 3.419215274974704
