times:
  edit-metadata: 1.178267477080226
  landing: 0.7503802236169577
  view-data: 3.4462275728583336
