times:
  edit-metadata: 3.057222015224397
  landing: 1.328747782856226
  view-data: 3.8721450958400965
