times:
  edit-metadata: 2.6208082418888807
  landing: 1.700001446530223
  view-data: 3.8277024142444134
