times:
  edit-metadata: 1.413048492744565
  landing: 0.02050117403268814
  view-data: 0.28992706164717674
