times:
  edit-metadata: 1.4146317644044757
  landing: 0.1127373268827796
  view-data: 0.12047151383012533
