times:
  edit-metadata: 1.3853863142430782
  landing: 0.8219504151493311
  view-data: 3.386142695322633
