times:
  edit-metadata: 1.3966356320306659
  landing: 0.8169375080615282
  view-data: 3.3917966368608177
