times:
  edit-metadata: 1.0186986309709027
  landing: 0.06180226500146091
  view-data: 0.24279088503681123
