times:
  edit-metadata: 1.3156244214624166
  landing: 0.9230257477611303
  view-data: 3.3323210142552853
