times:
  edit-metadata: 1.508273635059595
  landing: 0.788908340036869
  view-data: 3.3908339608460665
