times:
  edit-metadata: 1.4253311506472528
  landing: 0.8970389380119741
  view-data: 3.448938478715718
