times:
  edit-metadata: 1.332819877192378
  landing: 0.8489911230280995
  view-data: 3.377577525097877
