times:
  edit-metadata: 3.9333312679082155
  landing: 1.6417677216231823
  view-data: 4.121637413278222
