times:
  edit-metadata: 1.0830909290234558
  landing: 0.07701751199783757
  view-data: 0.24462394695729017
