times:
  edit-metadata: 1.3748379275202751
  landing: 0.11506382655352354
  view-data: 0.22766970843076706
