times:
  edit-metadata: 1.0122389000025578
  landing: 0.053783237002789974
  view-data: 0.2508587060146965
