times:
  edit-metadata: 1.3672664128243923
  landing: 0.7632400803267956
  view-data: 3.3513543978333473
