times:
  edit-metadata: 1.6076803209725767
  landing: 0.8364348399918526
  view-data: 3.437894075992517
