times:
  edit-metadata: 1.4023328525945544
  landing: 0.021841236390173435
  view-data: 0.35529691353440285
