times:
  edit-metadata: 2.19276808667928
  landing: 1.583151781000197
  view-data: 3.380631054751575
