times:
  edit-metadata: 1.5115375984460115
  landing: 0.12006399035453796
  view-data: 0.3177142068743706
