times:
  edit-metadata: 1.4273467846214771
  landing: 0.7205614261329174
  view-data: 3.328248780220747
