times:
  edit-metadata: 1.033750934060663
  landing: 0.05020983493886888
  view-data: 0.25245194509625435
