times:
  edit-metadata: 1.7131356978788972
  landing: 0.021543466486036777
  view-data: 0.02596589457243681
