times:
  edit-metadata: 1.3673485070466995
  landing: 0.9848795682191849
  view-data: 3.3219966776669025
