times:
  edit-metadata: 1.356693962123245
  landing: 0.8627649382688105
  view-data: 3.3202632390893996
