times:
  edit-metadata: 1.8264757189899683
  landing: 0.272893188521266
  view-data: 0.6148170474916697
