times:
  edit-metadata: 1.0249313870444894
  landing: 0.07035186397843063
  view-data: 0.24131964199477807
