times:
  edit-metadata: 1.4264762783423066
  landing: 0.023321229964494705
  view-data: 0.02560492418706417
