times:
  edit-metadata: 2.324709666892886
  landing: 0.043986447155475616
  view-data: 0.053475307300686836
