times:
  edit-metadata: 1.0053250880446285
  landing: 0.05879600904881954
  view-data: 0.3856180121656507
