times:
  edit-metadata: 0.7225954460445791
  landing: 0.07571517198812217
  view-data: 0.2367255879798904
