times:
  edit-metadata: 1.9451652318239212
  landing: 0.9999165683984756
  view-data: 3.5137116946280003
