times:
  edit-metadata: 0.6190453940071166
  landing: 0.04262023500632495
  view-data: 0.21897230698959902
