times:
  edit-metadata: 1.007015103008598
  landing: 0.06576732802204788
  view-data: 0.24122710502706468
