times:
  edit-metadata: 1.4480176083743572
  landing: 0.8143000919371843
  view-data: 3.3748245146125555
