times:
  edit-metadata: 1.4486685656011105
  landing: 0.14498044177889824
  view-data: 0.24235561396926641
