times:
  edit-metadata: 1.1909913644194603
  landing: 0.7634390275925398
  view-data: 3.4460532441735268
