times:
  edit-metadata: 1.5127529110759497
  landing: 0.8134769145399332
  view-data: 3.342012122273445
