times:
  edit-metadata: 1.4331727772951126
  landing: 0.7907308787107468
  view-data: 3.353352412581444
