times:
  edit-metadata: 1.648076619952917
  landing: 0.2899290304630995
  view-data: 0.3904117625206709
