times:
  edit-metadata: 1.3853145828470588
  landing: 0.818955322727561
  view-data: 3.347739844582975
