times:
  edit-metadata: 1.4421553863212466
  landing: 0.019725331105291843
  view-data: 0.03131386265158653
