times:
  edit-metadata: 1.965349830687046
  landing: 1.3094803616404533
  view-data: 3.3557663820683956
