times:
  edit-metadata: 1.4721615184098482
  landing: 0.2139468491077423
  view-data: 0.2768780533224344
