times:
  edit-metadata: 1.0061623500077985
  landing: 0.06619333298294805
  view-data: 0.3680479419999756
