times:
  edit-metadata: 1.4052613722160459
  landing: 0.18204044178128242
  view-data: 0.027435792610049248
