times:
  edit-metadata: 1.3988295160233974
  landing: 0.9485591612756252
  view-data: 3.2656474597752094
