times:
  edit-metadata: 1.6380131505429745
  landing: 1.3679862767457962
  view-data: 3.354038868099451
