times:
  edit-metadata: 2.253379376139492
  landing: 1.4700481197796762
  view-data: 3.3112934227101505
