times:
  edit-metadata: 1.487277589738369
  landing: 0.12792231887578964
  view-data: 0.12099066376686096
