times:
  edit-metadata: 1.4804441314190626
  landing: 0.23994454741477966
  view-data: 0.0231669619679451
