times:
  edit-metadata: 1.520668846089393
  landing: 0.8549117529764771
  view-data: 3.372492517810315
