times:
  edit-metadata: 1.3922018371522427
  landing: 0.8232373036444187
  view-data: 3.303949598222971
