times:
  edit-metadata: 1.3706734851002693
  landing: 0.7924188617616892
  view-data: 3.5967355258762836
