times:
  edit-metadata: 1.4157593436539173
  landing: 0.019274305552244186
  view-data: 0.3200239818543196
