times:
  edit-metadata: 1.7391721280291677
  landing: 1.1462035342119634
  view-data: 3.3274844298139215
