times:
  edit-metadata: 1.4341740421950817
  landing: 0.020071832463145256
  view-data: 0.026491744443774223
