times:
  edit-metadata: 1.5438499888405204
  landing: 0.12590467371046543
  view-data: 0.2683690031990409
