times:
  edit-metadata: 1.4091791082173586
  landing: 0.7331772223114967
  view-data: 3.622061226516962
