times:
  edit-metadata: 1.507526233792305
  landing: 0.02113526500761509
  view-data: 0.2835720255970955
