times:
  edit-metadata: 0.7162761250510812
  landing: 0.17700837971642613
  view-data: 0.2165470258332789
