times:
  edit-metadata: 1.4491938948631287
  landing: 0.14249994419515133
  view-data: 0.11892258375883102
