times:
  edit-metadata: 1.4371581552550197
  landing: 0.2375118238851428
  view-data: 0.11472192872315645
