times:
  edit-metadata: 1.4648593524470925
  landing: 0.022460591048002243
  view-data: 0.02268024068325758
