times:
  edit-metadata: 1.0119923489401117
  landing: 0.06713563995435834
  view-data: 0.23815092898439616
