times:
  edit-metadata: 0.605368560180068
  landing: 0.05933697335422039
  view-data: 0.3087818892672658
