times:
  edit-metadata: 1.6130240112543106
  landing: 0.827150646597147
  view-data: 3.387294039130211
