times:
  edit-metadata: 1.5608475226908922
  landing: 0.9045469406992197
  view-data: 3.3836833965033293
