times:
  edit-metadata: 1.4972188901156187
  landing: 0.11909100785851479
  view-data: 0.32925375550985336
