times:
  edit-metadata: 1.0174151759129018
  landing: 0.06794092594645917
  view-data: 0.25639739795587957
