times:
  edit-metadata: 0.7666697720997036
  landing: 0.09065980603918433
  view-data: 0.3043744368478656
