times:
  edit-metadata: 1.402381956577301
  landing: 1.0321348160505295
  view-data: 3.2927492018789053
