times:
  edit-metadata: 1.0175836610142142
  landing: 0.07146230898797512
  view-data: 0.24614374901284464
