times:
  edit-metadata: 1.3945356253534555
  landing: 0.14236503466963768
  view-data: 0.023395612835884094
