times:
  edit-metadata: 0.57093545794487
  landing: 0.07209228118881583
  view-data: 0.22180879907682538
