times:
  edit-metadata: 1.5238731503486633
  landing: 0.9121174961328506
  view-data: 3.2545482590794563
