times:
  edit-metadata: 2.224269107915461
  landing: 1.5014325762167573
  view-data: 3.3733470933511853
