times:
  edit-metadata: 1.399773720651865
  landing: 0.9314821362495422
  view-data: 3.4092475064098835
