times:
  edit-metadata: 0.6319994269870222
  landing: 0.06315616611391306
  view-data: 0.2704568402841687
