times:
  edit-metadata: 1.2659409288316965
  landing: 0.7491385266184807
  view-data: 3.3349433159455657
