times:
  edit-metadata: 1.4530116692185402
  landing: 0.15638016909360886
  view-data: 0.25433313101530075
