times:
  edit-metadata: 1.4011033810675144
  landing: 0.021467567421495914
  view-data: 0.24409198015928268
