times:
  edit-metadata: 1.4448750354349613
  landing: 0.9386386536061764
  view-data: 3.385382067412138
