times:
  edit-metadata: 1.41853095497936
  landing: 0.01913820207118988
  view-data: 0.121233144775033
