times:
  edit-metadata: 0.6854764032177627
  landing: 0.059281377121806145
  view-data: 0.3483681920915842
