times:
  edit-metadata: 1.3422232633456588
  landing: 0.020115547813475132
  view-data: 0.11652623768895864
