times:
  edit-metadata: 1.4333269484341145
  landing: 0.24006148613989353
  view-data: 0.33565775118768215
