times:
  edit-metadata: 1.3000015262514353
  landing: 0.9786205478012562
  view-data: 3.3309286879375577
