times:
  edit-metadata: 1.177842553704977
  landing: 0.7307652980089188
  view-data: 3.365125734359026
