times:
  edit-metadata: 1.4331413358449936
  landing: 0.8792052716016769
  view-data: 3.3840757831931114
