times:
  edit-metadata: 1.3253595130518079
  landing: 0.7995451847091317
  view-data: 3.2957859616726637
