times:
  edit-metadata: 1.4067187467589974
  landing: 0.11469726823270321
  view-data: 0.33664814103394747
