times:
  edit-metadata: 1.0398502961033955
  landing: 0.07149240700528026
  view-data: 0.24325383896939456
