times:
  edit-metadata: 1.3178469724953175
  landing: 0.9813865516334772
  view-data: 3.4470462687313557
