times:
  edit-metadata: 1.8752984963357449
  landing: 1.0751564670354128
  view-data: 3.41292829439044
