times:
  edit-metadata: 1.7771739698946476
  landing: 0.913304042071104
  view-data: 3.656256977468729
