times:
  edit-metadata: 1.3817678671330214
  landing: 0.021412162110209465
  view-data: 0.12010968662798405
