times:
  edit-metadata: 1.4531407244503498
  landing: 0.9599683992564678
  view-data: 3.3452913090586662
