times:
  edit-metadata: 1.4696088042110205
  landing: 0.758141066879034
  view-data: 3.3906799647957087
