times:
  edit-metadata: 1.474537156522274
  landing: 0.24152575619518757
  view-data: 0.2781393025070429
