times:
  edit-metadata: 1.4402090506628156
  landing: 0.8068718826398253
  view-data: 3.3757655331864953
