times:
  edit-metadata: 1.5955862747505307
  landing: 0.8058806136250496
  view-data: 3.4474098924547434
