times:
  edit-metadata: 1.5075539015233517
  landing: 0.024085674434900284
  view-data: 0.10842317529022694
