times:
  edit-metadata: 1.030405513010919
  landing: 0.057711414992809296
  view-data: 0.2580989820417017
