times:
  edit-metadata: 1.4136742502450943
  landing: 0.9902717359364033
  view-data: 3.29126625880599
