times:
  edit-metadata: 2.1405771235004067
  landing: 1.7560647716745734
  view-data: 3.681294836103916
