times:
  edit-metadata: 1.4101994363591075
  landing: 0.203162825666368
  view-data: 0.023033360950648785
