times:
  edit-metadata: 1.0957924099639058
  landing: 0.06349516101181507
  view-data: 0.25165393203496933
