times:
  edit-metadata: 1.4295949544757605
  landing: 0.0219936091452837
  view-data: 0.02419808879494667
