times:
  edit-metadata: 1.3808543807826936
  landing: 0.8012922862544656
  view-data: 3.3619127408601344
