times:
  edit-metadata: 1.7256358470767736
  landing: 1.0275677940808237
  view-data: 3.4409669563174248
