times:
  edit-metadata: 1.4674848057329655
  landing: 0.019321952015161514
  view-data: 0.35869971849024296
