times:
  edit-metadata: 1.6521358285099268
  landing: 0.12731671519577503
  view-data: 0.025745077058672905
