times:
  edit-metadata: 2.5726405680179596
  landing: 1.3269961215555668
  view-data: 3.4309428445994854
