times:
  edit-metadata: 2.512953438796103
  landing: 0.45650808699429035
  view-data: 0.6376800332218409
