times:
  edit-metadata: 1.659857377409935
  landing: 1.2869772240519524
  view-data: 3.323709547519684
