times:
  edit-metadata: 1.4938615281134844
  landing: 0.13846082240343094
  view-data: 0.21175992395728827
