times:
  edit-metadata: 1.553677923977375
  landing: 0.23108509927988052
  view-data: 0.024455688893795013
