times:
  edit-metadata: 1.038175206980668
  landing: 0.058606898004654795
  view-data: 0.3737183909979649
