times:
  edit-metadata: 1.5481483191251755
  landing: 0.9342625476419926
  view-data: 3.4384755454957485
