times:
  edit-metadata: 1.3893093317747116
  landing: 0.04668402671813965
  view-data: 0.13735315948724747
