times:
  edit-metadata: 1.3978201132267714
  landing: 0.02380138635635376
  view-data: 0.12632131949067116
