times:
  edit-metadata: 1.0148965367116034
  landing: 0.049250599928200245
  view-data: 0.23968767933547497
