times:
  edit-metadata: 1.0611718210857362
  landing: 0.05680719902738929
  view-data: 0.27052046591416
