times:
  edit-metadata: 1.41841896250844
  landing: 0.8314774297177792
  view-data: 3.313986152410507
