times:
  edit-metadata: 1.822935188189149
  landing: 0.23793775588274002
  view-data: 0.16655702516436577
