times:
  edit-metadata: 1.4490107577294111
  landing: 1.022026166319847
  view-data: 3.391676288098097
