times:
  edit-metadata: 1.2675384618341923
  landing: 0.8888691924512386
  view-data: 3.3218097649514675
