times:
  edit-metadata: 1.3649409897625446
  landing: 0.7908703237771988
  view-data: 3.296870496124029
