times:
  edit-metadata: 1.589381953701377
  landing: 0.2659305911511183
  view-data: 0.025507448241114616
