times:
  edit-metadata: 3.753644496202469
  landing: 2.1018895879387856
  view-data: 4.305735940113664
