times:
  edit-metadata: 1.6555910762399435
  landing: 0.17439759336411953
  view-data: 0.3574574086815119
