times:
  edit-metadata: 1.3848165348172188
  landing: 0.9421255514025688
  view-data: 3.323130588978529
