times:
  edit-metadata: 1.5427043698728085
  landing: 1.1037612743675709
  view-data: 3.4501231499016285
