times:
  edit-metadata: 2.175126640126109
  landing: 0.7823019442148507
  view-data: 3.256681976141408
