times:
  edit-metadata: 1.4790180176496506
  landing: 1.0709209144115448
  view-data: 3.356022637337446
