times:
  edit-metadata: 1.7266353946179152
  landing: 0.28998879715800285
  view-data: 0.4455840550363064
