times:
  edit-metadata: 1.5213836804032326
  landing: 0.8508636578917503
  view-data: 3.344271719455719
