times:
  edit-metadata: 1.4943201784044504
  landing: 0.1605884935706854
  view-data: 0.4430423825979233
