times:
  edit-metadata: 1.7308125784620643
  landing: 0.05118455924093723
  view-data: 0.18046404514461756
