times:
  edit-metadata: 1.1648866925388575
  landing: 0.7544142417609692
  view-data: 3.3971352204680443
