times:
  edit-metadata: 1.458477284759283
  landing: 0.02419194206595421
  view-data: 0.025610333308577538
