times:
  edit-metadata: 1.5983108840882778
  landing: 1.2576767206192017
  view-data: 3.43667683750391
