times:
  edit-metadata: 1.4296409506350756
  landing: 0.019414609298110008
  view-data: 0.44449108466506004
