times:
  edit-metadata: 1.61812780238688
  landing: 0.24032427929341793
  view-data: 0.4577968008816242
