times:
  edit-metadata: 1.6193711776286364
  landing: 0.9599333480000496
  view-data: 3.3461555521935225
