times:
  edit-metadata: 1.6986297108232975
  landing: 1.322970189154148
  view-data: 3.4032432921230793
