times:
  edit-metadata: 2.1243845745921135
  landing: 0.14903174713253975
  view-data: 0.1328045316040516
