times:
  edit-metadata: 2.0668693352490664
  landing: 1.0571887018159032
  view-data: 3.4386417409405112
