times:
  edit-metadata: 1.5529963038861752
  landing: 0.8466886281967163
  view-data: 3.36079828068614
