times:
  edit-metadata: 1.593277234584093
  landing: 0.9844351597130299
  view-data: 3.370268452912569
