times:
  edit-metadata: 1.379372258670628
  landing: 0.15867787972092628
  view-data: 0.024819382466375828
