times:
  edit-metadata: 1.0173904330004007
  landing: 0.060558888129889965
  view-data: 0.2525120540522039
