times:
  edit-metadata: 3.0364344213157892
  landing: 1.8739371169358492
  view-data: 3.7871912755072117
