times:
  edit-metadata: 1.4434754252433777
  landing: 0.022060242481529713
  view-data: 0.10048329271376133
