times:
  edit-metadata: 1.4528327025473118
  landing: 0.9504923895001411
  view-data: 3.4278384521603584
