times:
  edit-metadata: 1.3936446076259017
  landing: 0.14565083663910627
  view-data: 0.11979355942457914
