times:
  edit-metadata: 1.4650423666462302
  landing: 0.022278391756117344
  view-data: 0.027496020309627056
