times:
  edit-metadata: 0.8746529549971456
  landing: 0.09435382101219147
  view-data: 0.21794095500081312
