times:
  edit-metadata: 4.140476455911994
  landing: 1.8591565154492855
  view-data: 3.9750368390232325
