times:
  edit-metadata: 1.361110416939482
  landing: 0.6947702278848737
  view-data: 3.342733836034313
