times:
  edit-metadata: 1.3362112389877439
  landing: 0.778766802046448
  view-data: 3.3288634927012026
