times:
  edit-metadata: 1.667981717735529
  landing: 0.9200207814574242
  view-data: 3.313968501985073
