times:
  edit-metadata: 1.7692834287881851
  landing: 0.32574923802167177
  view-data: 0.34529557079076767
