times:
  edit-metadata: 1.7081343941390514
  landing: 0.9556859619915485
  view-data: 3.35864869505167
