times:
  edit-metadata: 0.42346227797679603
  landing: 0.08131333393976092
  view-data: 0.2069134919438511
