times:
  edit-metadata: 0.5733466651290655
  landing: 0.5208204332739115
  view-data: 0.29635379277169704
