times:
  edit-metadata: 0.5490648299455643
  landing: 0.04224075749516487
  view-data: 0.19323890283703804
