times:
  edit-metadata: 1.475654559675604
  landing: 0.9210884221829474
  view-data: 3.339380871038884
