times:
  edit-metadata: 1.5583990942686796
  landing: 0.8281272407621145
  view-data: 3.4086783211678267
