times:
  edit-metadata: 1.3258252823725343
  landing: 0.17107374127954245
  view-data: 0.022788628935813904
