times:
  edit-metadata: 0.48015092872083187
  landing: 0.5811451096087694
  view-data: 0.6043382491916418
