times:
  edit-metadata: 1.53685761988163
  landing: 0.12238893285393715
  view-data: 0.023675747215747833
