times:
  edit-metadata: 1.5736437290906906
  landing: 1.137509185820818
  view-data: 3.3310650661587715
