times:
  edit-metadata: 1.592647848650813
  landing: 0.8280970863997936
  view-data: 3.4820117074996233
