times:
  edit-metadata: 0.4130513039417565
  landing: 0.058813212905079126
  view-data: 0.20293585630133748
