times:
  edit-metadata: 1.3680403009057045
  landing: 0.02268907241523266
  view-data: 0.24360072426497936
