times:
  edit-metadata: 0.600746053038165
  landing: 0.049395747017115355
  view-data: 0.18514019413851202
