times:
  landing: 1.057820380999999
  view-data: 0.546886728000004
