times:
  edit-metadata: 1.4664205509470776
  landing: 0.7428996770177037
  view-data: 3.3173058360116556
