times:
  edit-metadata: 1.3033239579526708
  landing: 0.8031911640428007
  view-data: 3.3240816519828513
