times:
  edit-metadata: 0.4911362826824188
  landing: 0.05181187763810158
  view-data: 0.1881718523800373
