times:
  edit-metadata: 0.5967714819125831
  landing: 0.042512587970122695
  view-data: 0.19045383599586785
