times:
  edit-metadata: 1.3402997022494674
  landing: 0.02237480878829956
  view-data: 0.2162032350897789
