times:
  edit-metadata: 0.4237321796827018
  landing: 0.05869285482913256
  view-data: 0.20417738426476717
