times:
  edit-metadata: 1.345305128954351
  landing: 0.01896630972623825
  view-data: 0.4890458285808563
