times:
  landing: 1.0698023360000093
  view-data: 0.54970986699999
