times:
  edit-metadata: 0.551447469741106
  landing: 0.04948349203914404
  view-data: 0.1950716208666563
