times:
  edit-metadata: 1.5821730718016624
  landing: 0.9153759367763996
  view-data: 3.4414582662284374
