times:
  edit-metadata: 0.561893530189991
  landing: 0.05010364204645157
  view-data: 0.19972504302859306
