times:
  edit-metadata: 1.509369682520628
  landing: 0.8603426553308964
  view-data: 3.3277896344661713
