times:
  edit-metadata: 1.3719262247905135
  landing: 0.22955634538084269
  view-data: 0.040738582611083984
