times:
  edit-metadata: 1.3793552853167057
  landing: 0.14322244748473167
  view-data: 0.14125839062035084
