times:
  edit-metadata: 0.5957092070020735
  landing: 0.04153575794771314
  view-data: 0.19701543590053916
