times:
  edit-metadata: 1.6712348591536283
  landing: 0.1801143679767847
  view-data: 0.4237705133855343
