times:
  landing: 1.0778130040000065
  view-data: 0.5566751499999896
