times:
  edit-metadata: 1.7995742820203304
  landing: 0.02066657319664955
  view-data: 0.026383450254797935
