times:
  edit-metadata: 1.385812183842063
  landing: 0.019730979576706886
  view-data: 0.1230430155992508
