times:
  edit-metadata: 0.525246886536479
  landing: 0.6074075940996408
  view-data: 0.2915787734091282
