times:
  edit-metadata: 0.5353302638977766
  landing: 0.42099478654563427
  view-data: 0.197391239926219
