times:
  edit-metadata: 0.5299029499292374
  landing: 0.04720417782664299
  view-data: 0.19538740068674088
