times:
  landing: 0.5606871329999876
  view-data: 0.555131627000037
