times:
  landing: 0.5495611620001455
  view-data: 0.555829625999877
