times:
  landing: 0.5517115290000447
  view-data: 0.5538686510000161
