times:
  edit-metadata: 0.48561818012967706
  landing: 0.04850025475025177
  view-data: 0.2088772440329194
