times:
  landing: 0.5531345240000292
  view-data: 0.5582910659999243
