times:
  edit-metadata: 1.4073411263525486
  landing: 0.9477060995995998
  view-data: 3.3451121486723423
