times:
  landing: 0.55246278300001
  view-data: 0.5628787200000716
