times:
  edit-metadata: 0.5309035442769527
  landing: 0.050264522433280945
  view-data: 0.19994907826185226
