times:
  edit-metadata: 0.44641392678022385
  landing: 0.04297761619091034
  view-data: 0.20289287995547056
