times:
  edit-metadata: 1.3706447118893266
  landing: 0.22142525482922792
  view-data: 0.4520860416814685
