times:
  edit-metadata: 0.6031640190631151
  landing: 0.05234654503874481
  view-data: 0.19191182008944452
