times:
  edit-metadata: 1.601840801537037
  landing: 0.8648833222687244
  view-data: 3.406366840004921
