times:
  edit-metadata: 0.6068228520452976
  landing: 0.7560243029147387
  view-data: 0.22667716071009636
