times:
  edit-metadata: 2.06582273542881
  landing: 1.6791602969169617
  view-data: 3.521851407364011
