times:
  edit-metadata: 0.48922741413116455
  landing: 0.051229823380708694
  view-data: 0.19339314475655556
