times:
  edit-metadata: 1.388501807115972
  landing: 0.021058511920273304
  view-data: 0.10115710366517305
