times:
  landing: 0.5451105149999762
  view-data: 0.5466798339999741
