times:
  edit-metadata: 0.5109249490051297
  landing: 0.07248892399366014
  view-data: 0.22385451599257067
