times:
  edit-metadata: 1.4436120092868805
  landing: 0.965171217918396
  view-data: 3.3355627954006195
