times:
  edit-metadata: 0.4543945202603936
  landing: 0.04256000556051731
  view-data: 0.2007437264546752
