times:
  edit-metadata: 0.39946431620046496
  landing: 0.0705658532679081
  view-data: 0.24062356585636735
