times:
  edit-metadata: 1.5572900380939245
  landing: 0.8136925101280212
  view-data: 3.3811476919800043
