times:
  edit-metadata: 0.46135818818584085
  landing: 0.05173105513677001
  view-data: 0.2081306646578014
