times:
  landing: 0.5571001320000732
  view-data: 0.5545648159999246
