times:
  edit-metadata: 1.5268671587109566
  landing: 0.818375289440155
  view-data: 3.422210395336151
