times:
  edit-metadata: 2.258448388427496
  landing: 0.023715555667877197
  view-data: 0.3524679783731699
