times:
  edit-metadata: 1.4981774259358644
  landing: 0.7979904543608427
  view-data: 3.344924431294203
