times:
  edit-metadata: 0.49680203199386597
  landing: 0.0386292040348053
  view-data: 0.18686122819781303
