times:
  edit-metadata: 0.5435679779620841
  landing: 0.04798725398723036
  view-data: 0.21936807094607502
