times:
  edit-metadata: 0.4935933146625757
  landing: 1.0968776196241379
  view-data: 0.5990342162549496
