times:
  edit-metadata: 0.46945439791306853
  landing: 0.05341820511966944
  view-data: 0.20285398000851274
