times:
  edit-metadata: 1.5241087283939123
  landing: 0.8840896487236023
  view-data: 3.2996965534985065
