times:
  edit-metadata: 0.6226218700176105
  landing: 0.03959907195530832
  view-data: 0.19520051300060004
