times:
  edit-metadata: 1.415339406579733
  landing: 0.9087490551173687
  view-data: 3.4813055098056793
