times:
  edit-metadata: 1.5315748620778322
  landing: 0.019915135577321053
  view-data: 0.3155645988881588
