times:
  edit-metadata: 1.4566932413727045
  landing: 0.2528732232749462
  view-data: 0.16024774499237537
