times:
  edit-metadata: 1.4388561178930104
  landing: 0.8542262180708349
  view-data: 3.4591297688893974
