times:
  edit-metadata: 0.6235898880986497
  landing: 0.03997939208056778
  view-data: 0.19055816903710365
