times:
  edit-metadata: 0.6156413889839314
  landing: 0.0380660819937475
  view-data: 0.18843579397071153
