times:
  edit-metadata: 1.581618720665574
  landing: 0.22896799258887768
  view-data: 0.02488517016172409
