times:
  edit-metadata: 1.4192113373428583
  landing: 0.019971663132309914
  view-data: 0.3667025789618492
