times:
  edit-metadata: 1.3354864846915007
  landing: 0.7180570978671312
  view-data: 3.3297462854534388
