times:
  edit-metadata: 1.6353746633976698
  landing: 0.8152624182403088
  view-data: 3.3408265709877014
