times:
  edit-metadata: 0.44467409374192357
  landing: 0.04083680268377066
  view-data: 0.19404213083907962
