times:
  edit-metadata: 0.4307831129990518
  landing: 0.07321404991671443
  view-data: 0.21434389101341367
