times:
  edit-metadata: 1.4967205859720707
  landing: 0.803648941218853
  view-data: 3.379591988399625
