times:
  edit-metadata: 0.6349849011749029
  landing: 0.9601507727056742
  view-data: 0.29465580359101295
