times:
  edit-metadata: 0.5232277289032936
  landing: 0.048052381724119186
  view-data: 0.18868594244122505
