times:
  edit-metadata: 0.5076451096683741
  landing: 0.5801986437290907
  view-data: 0.6146284677088261
