times:
  edit-metadata: 1.6303842831403017
  landing: 0.8623367436230183
  view-data: 3.3828484434634447
