times:
  edit-metadata: 1.563229626044631
  landing: 0.7122811209410429
  view-data: 3.451205777004361
