times:
  edit-metadata: 0.6179200829938054
  landing: 0.04229161504190415
  view-data: 0.1981981680728495
