times:
  edit-metadata: 0.6170680789509788
  landing: 0.0418615530943498
  view-data: 0.19624050392303616
