times:
  edit-metadata: 1.4305139854550362
  landing: 0.9492322951555252
  view-data: 3.320545755326748
