times:
  edit-metadata: 1.3865252695977688
  landing: 0.023387327790260315
  view-data: 0.35488663241267204
