times:
  landing: 0.54518663500005
  view-data: 0.5569597830000248
