times:
  edit-metadata: 1.4861536482349038
  landing: 0.7505793082527816
  view-data: 3.4171674610115588
