times:
  edit-metadata: 0.4259390807710588
  landing: 0.04305711714550853
  view-data: 0.20360051514580846
