times:
  edit-metadata: 0.7825181960361078
  landing: 0.09144726401427761
  view-data: 0.2833233660203405
