times:
  edit-metadata: 0.5171782076358795
  landing: 0.04517023265361786
  view-data: 0.1938805729150772
