times:
  edit-metadata: 1.4080733410082757
  landing: 0.7483954960480332
  view-data: 3.2473415180575103
