times:
  edit-metadata: 0.5655664075165987
  landing: 0.4833368565887213
  view-data: 0.1956807915121317
