times:
  edit-metadata: 1.4282617270946503
  landing: 0.025691035203635693
  view-data: 0.11797416023910046
