times:
  landing: 0.5547071030000552
  view-data: 0.5575206309999885
