times:
  edit-metadata: 0.49784926301799715
  landing: 0.07274221896659583
  view-data: 0.20728980598505586
