times:
  edit-metadata: 1.467665346339345
  landing: 0.27484715171158314
  view-data: 0.3780770804733038
