times:
  edit-metadata: 1.498696228954941
  landing: 0.7258377771358937
  view-data: 3.293236448895186
