times:
  landing: 0.5640841610000393
  view-data: 0.613710631999993
