times:
  landing: 0.5461620690000473
  view-data: 0.5530731670000932
