times:
  edit-metadata: 1.3613953031599522
  landing: 0.019377246499061584
  view-data: 0.4463558029383421
