times:
  edit-metadata: 1.667964294552803
  landing: 1.0561567954719067
  view-data: 3.3382519483566284
