times:
  edit-metadata: 1.6694473437964916
  landing: 0.8896154370158911
  view-data: 3.4361644070595503
