times:
  edit-metadata: 0.5403631050139666
  landing: 0.9337331745773554
  view-data: 0.18110415153205395
