times:
  edit-metadata: 1.334281500428915
  landing: 0.02050215471535921
  view-data: 0.1348134856671095
