times:
  edit-metadata: 1.5022725239396095
  landing: 0.8434391170740128
  view-data: 3.3420306518673897
