times:
  edit-metadata: 0.4532489739358425
  landing: 0.04674373473972082
  view-data: 0.20476885791867971
