times:
  edit-metadata: 1.686983471736312
  landing: 0.9415587056428194
  view-data: 3.453522428870201
