times:
  edit-metadata: 1.5872955862432718
  landing: 0.9053035732358694
  view-data: 3.4509742595255375
