times:
  edit-metadata: 0.495994144002907
  landing: 0.07263859396334738
  view-data: 0.21601188299246132
