times:
  edit-metadata: 2.0383377792313695
  landing: 1.364199886098504
  view-data: 3.5290147066116333
