times:
  edit-metadata: 1.3114481894299388
  landing: 0.022116118110716343
  view-data: 0.4074192624539137
