times:
  edit-metadata: 0.5613500541076064
  landing: 0.05028158565983176
  view-data: 0.19582962291315198
