times:
  edit-metadata: 0.4431522390805185
  landing: 0.05216962797567248
  view-data: 0.19175016600638628
