times:
  edit-metadata: 0.40953654097393155
  landing: 0.06653044000267982
  view-data: 0.1988347910810262
