times:
  edit-metadata: 0.534484663978219
  landing: 0.04575373977422714
  view-data: 0.18210750631988049
