times:
  edit-metadata: 0.6196781670441851
  landing: 0.047060711949598044
  view-data: 0.18309030501404777
