times:
  edit-metadata: 0.6481142230331898
  landing: 0.04494296107441187
  view-data: 0.19806079496629536
