times:
  edit-metadata: 0.5376480789855123
  landing: 0.04668818099889904
  view-data: 0.2228765519685112
