times:
  edit-metadata: 0.42506168596446514
  landing: 0.07511211396194994
  view-data: 0.19782319013029337
