times:
  edit-metadata: 1.3497034711763263
  landing: 0.019521798007190228
  view-data: 0.02710170205682516
