times:
  edit-metadata: 0.4458630816079676
  landing: 0.04067950090393424
  view-data: 0.2006983980536461
