times:
  edit-metadata: 0.4893674380145967
  landing: 0.04247866477817297
  view-data: 0.20277395471930504
