times:
  landing: 0.5465366889999359
  view-data: 0.5474656950000281
