times:
  edit-metadata: 0.624083370086737
  landing: 0.04912364203482866
  view-data: 0.191528353956528
