times:
  edit-metadata: 1.4388244487345219
  landing: 0.7739378921687603
  view-data: 3.2905169501900673
