times:
  edit-metadata: 0.4276748369447887
  landing: 0.06789703899994493
  view-data: 0.22298650909215212
