times:
  edit-metadata: 0.5064077526330948
  landing: 0.12141775339841843
  view-data: 0.1897743120789528
