times:
  edit-metadata: 0.6406895816326141
  landing: 2.273842280730605
  view-data: 0.6093049701303244
