times:
  landing: 1.0649581280000007
  view-data: 0.556825640999989
