times:
  edit-metadata: 1.6225931458175182
  landing: 0.8859191462397575
  view-data: 3.442420957610011
