times:
  edit-metadata: 1.4568830374628305
  landing: 0.7610962074249983
  view-data: 3.407878777012229
