times:
  edit-metadata: 1.4566009435802698
  landing: 0.785350862890482
  view-data: 3.3547126092016697
