times:
  edit-metadata: 0.5752172395586967
  landing: 1.2314455080777407
  view-data: 0.22632581181824207
