times:
  edit-metadata: 0.5344390794634819
  landing: 0.5906629785895348
  view-data: 0.5944032426923513
