times:
  edit-metadata: 1.8731133295223117
  landing: 0.9600421404466033
  view-data: 3.526978368870914
