times:
  edit-metadata: 0.6239737379364669
  landing: 0.03654465498402715
  view-data: 0.1893232180736959
