times:
  edit-metadata: 0.4527349192649126
  landing: 0.04461616417393088
  view-data: 0.20619463315233588
