times:
  edit-metadata: 1.438957903534174
  landing: 0.2274256031960249
  view-data: 0.1293331515043974
