times:
  edit-metadata: 1.5079422406852245
  landing: 0.18843646813184023
  view-data: 0.11459110956639051
