times:
  edit-metadata: 1.4583016447722912
  landing: 0.9095082245767117
  view-data: 3.436839047819376
