times:
  edit-metadata: 1.4830770771950483
  landing: 0.13269346207380295
  view-data: 0.3342152461409569
