times:
  edit-metadata: 0.4465010236017406
  landing: 0.04557019378989935
  view-data: 0.19157540518790483
