times:
  edit-metadata: 1.5526098869740963
  landing: 1.0523228719830513
  view-data: 3.39727571234107
