times:
  edit-metadata: 0.56609474029392
  landing: 0.09343509282916784
  view-data: 0.21084989979863167
