times:
  edit-metadata: 0.54662867449224
  landing: 0.6431208960711956
  view-data: 0.18311733193695545
