times:
  edit-metadata: 0.5803515836596489
  landing: 0.059740131720900536
  view-data: 0.30521020805463195
