times:
  landing: 0.5418618249999554
  view-data: 0.5437738519999584
