times:
  edit-metadata: 2.141892248764634
  landing: 1.572730059735477
  view-data: 3.9553910177201033
