times:
  edit-metadata: 0.5276901150064077
  landing: 0.04982564999954775
  view-data: 0.21100617799675092
