times:
  edit-metadata: 4.511530224233866
  landing: 1.6947159506380558
  view-data: 3.6827594488859177
