times:
  edit-metadata: 0.6189576560864225
  landing: 0.042965554050169885
  view-data: 0.1982451230287552
