times:
  edit-metadata: 1.3257848974317312
  landing: 0.021747779101133347
  view-data: 0.33122255094349384
