times:
  edit-metadata: 0.521291296929121
  landing: 0.048850543797016144
  view-data: 0.19185520336031914
