times:
  edit-metadata: 1.6923983562737703
  landing: 0.22006189450621605
  view-data: 0.18267996422946453
