times:
  edit-metadata: 0.5349532910622656
  landing: 0.05589785100892186
  view-data: 0.2093362659215927
