times:
  landing: 0.5373887410000862
  view-data: 0.5493414400000347
