times:
  edit-metadata: 0.5381607860326767
  landing: 0.05521991848945618
  view-data: 0.1935916282236576
