times:
  edit-metadata: 0.5410182350315154
  landing: 0.0486846300191246
  view-data: 0.23941713001113385
