times:
  edit-metadata: 1.4811404538340867
  landing: 0.8167129689827561
  view-data: 3.382151884958148
