times:
  edit-metadata: 2.48750395514071
  landing: 1.2054834319278598
  view-data: 3.5304202530533075
