times:
  edit-metadata: 0.4982709139585495
  landing: 0.042519461363554
  view-data: 0.1924280822277069
