times:
  edit-metadata: 1.4320708382874727
  landing: 0.9239869359880686
  view-data: 3.460898831486702
