times:
  edit-metadata: 0.5085873268544674
  landing: 1.0151094999164343
  view-data: 0.31029755622148514
