times:
  edit-metadata: 0.4682706808671355
  landing: 0.04366576625034213
  view-data: 0.19555805902928114
