times:
  edit-metadata: 0.6283973359968513
  landing: 0.04545762500492856
  view-data: 0.19666319101816043
