times:
  edit-metadata: 1.3736618999391794
  landing: 0.11560743860900402
  view-data: 0.025303658097982407
