times:
  edit-metadata: 0.603694089979399
  landing: 0.04594136099331081
  view-data: 0.18869267799891531
