times:
  edit-metadata: 0.42558795819059014
  landing: 0.05826775310561061
  view-data: 0.2039620252326131
