times:
  edit-metadata: 0.45188447507098317
  landing: 0.05491441721096635
  view-data: 0.19326431676745415
