times:
  edit-metadata: 1.4144191443920135
  landing: 0.8056789115071297
  view-data: 3.350814698264003
