times:
  edit-metadata: 1.3364598155021667
  landing: 0.802733026444912
  view-data: 3.356788534671068
