times:
  edit-metadata: 0.4159740179311484
  landing: 0.06956740282475948
  view-data: 0.1975485689472407
