times:
  edit-metadata: 0.4289879510179162
  landing: 0.0450479700230062
  view-data: 0.200937585439533
