times:
  edit-metadata: 1.6386726722121239
  landing: 1.0197695046663284
  view-data: 3.3660451136529446
