times:
  edit-metadata: 1.5920281503349543
  landing: 0.8562792371958494
  view-data: 3.3761872611939907
