times:
  edit-metadata: 0.42278382694348693
  landing: 0.07123575382865965
  view-data: 0.19641046202741563
