times:
  edit-metadata: 1.3980973847210407
  landing: 0.024076182395219803
  view-data: 0.2268604300916195
