times:
  edit-metadata: 0.449374346062541
  landing: 0.042194209061563015
  view-data: 0.19259082013741136
