times:
  edit-metadata: 0.6044721519574523
  landing: 0.04498947225511074
  view-data: 0.19457350578159094
