times:
  edit-metadata: 0.4936179406940937
  landing: 0.7152197472751141
  view-data: 0.19353397749364376
