times:
  edit-metadata: 0.611416466999799
  landing: 0.04177715606056154
  view-data: 0.19468218716792762
