times:
  edit-metadata: 1.5082382038235664
  landing: 0.24838420003652573
  view-data: 0.37186803482472897
