times:
  edit-metadata: 1.4707743115723133
  landing: 0.021014838479459286
  view-data: 0.023560315370559692
