times:
  edit-metadata: 1.3532620901241899
  landing: 0.019454827532172203
  view-data: 0.12108133174479008
