times:
  edit-metadata: 0.4375896737910807
  landing: 0.050690775737166405
  view-data: 0.1934612370096147
