times:
  edit-metadata: 0.5926944026723504
  landing: 0.041290909983217716
  view-data: 0.19467878295108676
