times:
  edit-metadata: 1.9600978568196297
  landing: 0.9934708029031754
  view-data: 3.378456125035882
