times:
  landing: 0.5478876500000069
  view-data: 0.5515965920000099
