times:
  edit-metadata: 0.5968012060038745
  landing: 0.04554670490324497
  view-data: 0.18121410626918077
