times:
  edit-metadata: 0.4207291379570961
  landing: 0.07032121508382261
  view-data: 0.19732427806593478
