times:
  landing: 0.5468726230000129
  view-data: 0.5519815959999619
