times:
  edit-metadata: 1.5384773835539818
  landing: 0.9235383868217468
  view-data: 3.4139804989099503
