times:
  edit-metadata: 0.5380987520329654
  landing: 0.12049802392721176
  view-data: 0.20349064888432622
