times:
  edit-metadata: 1.5106758084148169
  landing: 0.8454678663983941
  view-data: 3.3492610156536102
