times:
  edit-metadata: 1.5238028280436993
  landing: 0.8584338016808033
  view-data: 3.434867400676012
