times:
  edit-metadata: 1.4927493277937174
  landing: 0.7674465980380774
  view-data: 3.3417438194155693
