times:
  edit-metadata: 1.5400116136297584
  landing: 0.8963779034093022
  view-data: 3.4318609265610576
