times:
  edit-metadata: 1.5855289660394192
  landing: 0.8263654168695211
  view-data: 3.466090986505151
