times:
  edit-metadata: 1.8768972903490067
  landing: 0.8026813380420208
  view-data: 3.3256227038800716
