times:
  edit-metadata: 0.6389235449023545
  landing: 0.0483714547008276
  view-data: 0.1978144203312695
