times:
  edit-metadata: 1.4000461781397462
  landing: 0.13142268732190132
  view-data: 0.02591132652014494
