times:
  edit-metadata: 1.9262199681252241
  landing: 0.022765427827835083
  view-data: 0.052964018657803535
