times:
  edit-metadata: 1.5328520201146603
  landing: 0.1267833635210991
  view-data: 0.3520525358617306
