times:
  edit-metadata: 0.45897338492795825
  landing: 0.045864681247621775
  view-data: 0.20006321091204882
