times:
  edit-metadata: 1.5509829986840487
  landing: 0.7398713268339634
  view-data: 3.3635282553732395
