times:
  edit-metadata: 0.4314605100080371
  landing: 0.06902078189887106
  view-data: 0.20033756410703063
