times:
  edit-metadata: 1.5370242837816477
  landing: 0.6997577715665102
  view-data: 3.4131553154438734
