times:
  edit-metadata: 0.4451566911302507
  landing: 0.0400436082854867
  view-data: 0.19826748874038458
