times:
  edit-metadata: 0.5225659770076163
  landing: 0.07202674797736108
  view-data: 0.2055569249787368
