times:
  edit-metadata: 0.6107265750179067
  landing: 0.04556848399806768
  view-data: 0.193801857996732
