times:
  edit-metadata: 0.5505288913846016
  landing: 0.05370020866394043
  view-data: 0.1922810673713684
