times:
  edit-metadata: 0.45126700960099697
  landing: 0.04522332176566124
  view-data: 0.1974475458264351
