times:
  edit-metadata: 1.5479039065539837
  landing: 0.9583146460354328
  view-data: 3.3599838577210903
