times:
  edit-metadata: 1.287875171750784
  landing: 0.019805647432804108
  view-data: 0.3060836251825094
