times:
  edit-metadata: 1.7318677864968777
  landing: 0.7601621821522713
  view-data: 0.580626267939806
