times:
  edit-metadata: 1.7382978610694408
  landing: 0.925823662430048
  view-data: 3.333305587992072
