times:
  edit-metadata: 1.4207096109166741
  landing: 0.13692016527056694
  view-data: 0.4711643671616912
