times:
  edit-metadata: 1.3477839510887861
  landing: 0.019615452736616135
  view-data: 0.40031577087938786
