times:
  edit-metadata: 1.3530932795256376
  landing: 0.024673734791576862
  view-data: 0.02309464104473591
