times:
  edit-metadata: 0.6278076239977963
  landing: 0.04065598198212683
  view-data: 0.19148162097553723
