times:
  edit-metadata: 2.2693544272333384
  landing: 3.137190727517009
  view-data: 3.9672750793397427
