times:
  edit-metadata: 1.3626587260514498
  landing: 0.022657720372080803
  view-data: 0.47644183970987797
