times:
  edit-metadata: 0.45753119327127934
  landing: 0.03981802798807621
  view-data: 0.248951758723706
