times:
  edit-metadata: 0.4172556842677295
  landing: 0.07449311716482043
  view-data: 0.20136175397783518
