times:
  edit-metadata: 0.6214207950979471
  landing: 0.5951570365577936
  view-data: 0.19815631210803986
