times:
  edit-metadata: 0.5965241696685553
  landing: 0.6668916717171669
  view-data: 0.21607445552945137
