times:
  edit-metadata: 1.3121793931350112
  landing: 0.021030778996646404
  view-data: 0.45213860366493464
