times:
  edit-metadata: 1.924152521416545
  landing: 0.17412257380783558
  view-data: 0.3494264483451843
