times:
  edit-metadata: 1.3736396804451942
  landing: 0.019995084032416344
  view-data: 0.025757357478141785
