times:
  edit-metadata: 1.5335300248116255
  landing: 0.7390701528638601
  view-data: 3.4801609348505735
