times:
  edit-metadata: 2.4552776347845793
  landing: 1.2132321055978537
  view-data: 3.53642949834466
