times:
  edit-metadata: 0.4650619709864259
  landing: 0.04289695620536804
  view-data: 0.2047833940014243
