times:
  edit-metadata: 1.4003155622631311
  landing: 0.0239382553845644
  view-data: 0.026860324665904045
