times:
  edit-metadata: 0.642485324293375
  landing: 1.1522365994751453
  view-data: 0.421263225376606
