times:
  edit-metadata: 1.482520293444395
  landing: 0.14800189435482025
  view-data: 0.14095749519765377
