times:
  edit-metadata: 0.4338466958142817
  landing: 0.039384773932397366
  view-data: 0.205945351626724
