times:
  edit-metadata: 0.4261281319777481
  landing: 0.06879321596352383
  view-data: 0.19928311498370022
