times:
  edit-metadata: 0.48164389189332724
  landing: 0.05567631218582392
  view-data: 0.1920777722261846
