times:
  edit-metadata: 1.3076866550254636
  landing: 0.2998411260196008
  view-data: 0.3070035379496403
