times:
  edit-metadata: 0.42098020299999916
  landing: 0.07787729999927251
  view-data: 0.2306441270002324
