times:
  edit-metadata: 1.2970466893166304
  landing: 0.02009280677884817
  view-data: 0.023383664898574352
