times:
  edit-metadata: 1.378395065665245
  landing: 0.02066432684659958
  view-data: 0.12214037775993347
