times:
  edit-metadata: 1.5041634012013674
  landing: 0.7881330233067274
  view-data: 3.4051616806536913
