times:
  edit-metadata: 0.5397010779706761
  landing: 0.04915968794375658
  view-data: 0.22014763404149562
