times:
  edit-metadata: 1.3434803858399391
  landing: 0.8155950121581554
  view-data: 3.307480290532112
