times:
  edit-metadata: 0.6097143269726075
  landing: 0.040992628026288
  view-data: 0.20685832301387563
