times:
  edit-metadata: 1.5903829112648964
  landing: 0.8471453003585339
  view-data: 3.4052868569269776
