times:
  edit-metadata: 0.5323479510843754
  landing: 0.055441456846892834
  view-data: 0.21125863306224346
