times:
  edit-metadata: 0.5237030293792486
  landing: 1.395547704771161
  view-data: 0.29506199806928635
