times:
  edit-metadata: 1.4097603093832731
  landing: 0.11746364831924438
  view-data: 0.30093890614807606
