times:
  landing: 1.659495448693633
  view-data: 0.5650988724082708
