times:
  edit-metadata: 1.5070289820432663
  landing: 0.872062785550952
  view-data: 3.4691577460616827
