times:
  edit-metadata: 0.4934691712260246
  landing: 0.041297201067209244
  view-data: 0.19252876564860344
