times:
  edit-metadata: 1.6177686769515276
  landing: 0.91536570712924
  view-data: 3.4635711684823036
