times:
  edit-metadata: 1.57707117497921
  landing: 0.7232366316020489
  view-data: 3.404859719797969
