times:
  edit-metadata: 0.4929043250158429
  landing: 0.05292415712028742
  view-data: 0.19549877755343914
