times:
  edit-metadata: 1.4021976231597364
  landing: 0.7712640077807009
  view-data: 3.3787210257723927
