times:
  edit-metadata: 0.5477834362536669
  landing: 0.663063982501626
  view-data: 0.31846556439995766
