times:
  edit-metadata: 1.5481921825557947
  landing: 0.7034752536565065
  view-data: 3.3934697322547436
