times:
  edit-metadata: 0.5033525191247463
  landing: 0.05207844078540802
  view-data: 0.18971958756446838
