times:
  edit-metadata: 2.285396561026573
  landing: 1.4711360856890678
  view-data: 3.5152513906359673
