times:
  edit-metadata: 0.5346988961100578
  landing: 0.04056673124432564
  view-data: 0.19610019773244858
