times:
  edit-metadata: 1.3272312842309475
  landing: 0.021678839810192585
  view-data: 0.0239957133308053
