times:
  edit-metadata: 1.3322116758208722
  landing: 0.7041781649459153
  view-data: 3.3235370190814137
