times:
  edit-metadata: 0.5623671039938927
  landing: 0.9774524848908186
  view-data: 0.42500289157032967
