times:
  edit-metadata: 0.4229416670277715
  landing: 0.07159297610633075
  view-data: 0.1995880389586091
