times:
  edit-metadata: 1.7918173186481
  landing: 1.0305574014782906
  view-data: 3.341319590806961
