times:
  edit-metadata: 1.5138869993388653
  landing: 0.7936452962458134
  view-data: 3.4400837421417236
