times:
  edit-metadata: 1.5305610336363316
  landing: 0.9500348791480064
  view-data: 3.408807422965765
