times:
  edit-metadata: 1.6347102113068104
  landing: 0.052494464442133904
  view-data: 0.1674579419195652
