times:
  landing: 0.5495150280000303
  view-data: 0.5526155290000361
