times:
  edit-metadata: 1.323168633505702
  landing: 0.018880441784858704
  view-data: 0.1298353150486946
