times:
  edit-metadata: 0.42086975392885506
  landing: 0.06894824397750199
  view-data: 0.36405637906864285
