times:
  landing: 1.0763735950000068
  view-data: 1.5983384019999676
