times:
  edit-metadata: 0.5448824409395456
  landing: 0.4985385723412037
  view-data: 0.17843409068882465
