times:
  edit-metadata: 1.6593768373131752
  landing: 0.7886984199285507
  view-data: 3.349209437146783
