times:
  edit-metadata: 1.3185768481343985
  landing: 0.23980105482041836
  view-data: 0.02372066117823124
