times:
  edit-metadata: 0.7917748671025038
  landing: 0.11338599771261215
  view-data: 0.27666978305205703
