times:
  edit-metadata: 1.310574447736144
  landing: 0.11768080200999975
  view-data: 0.12354003824293613
