times:
  edit-metadata: 1.3204754032194614
  landing: 0.17245159670710564
  view-data: 0.29369358718395233
