times:
  edit-metadata: 0.5245574451982975
  landing: 0.04785753786563873
  view-data: 0.19763240963220596
