times:
  edit-metadata: 1.5038886941038072
  landing: 0.8131836969405413
  view-data: 3.3632594677619636
