times:
  edit-metadata: 0.42321343801449984
  landing: 0.06940104998648167
  view-data: 0.19837374310009181
