times:
  edit-metadata: 1.7965407259762287
  landing: 1.0000245086848736
  view-data: 3.371999764814973
