times:
  edit-metadata: 0.4674430163577199
  landing: 0.04386293329298496
  view-data: 0.2090023895725608
