times:
  edit-metadata: 0.5232738649938256
  landing: 0.06437112900312059
  view-data: 0.21283498901175335
