times:
  edit-metadata: 0.5248190201818943
  landing: 0.5772643610835075
  view-data: 0.2925866339355707
