times:
  edit-metadata: 1.3803247921168804
  landing: 0.27829523105174303
  view-data: 0.3700533080846071
