times:
  edit-metadata: 1.6451290752738714
  landing: 0.7357818447053432
  view-data: 3.376348178833723
