times:
  edit-metadata: 1.3235544739291072
  landing: 0.12709923647344112
  view-data: 0.026226134970784187
