times:
  edit-metadata: 0.4951646216213703
  landing: 0.051018126308918
  view-data: 0.19745654612779617
