times:
  edit-metadata: 1.334469711408019
  landing: 0.02219032682478428
  view-data: 0.11729489732533693
