times:
  edit-metadata: 0.6093728279229254
  landing: 0.04205885098781437
  view-data: 0.19567767390981317
