times:
  edit-metadata: 0.538243068382144
  landing: 0.5951418112963438
  view-data: 0.19562685675919056
