times:
  landing: 0.548328778000041
  view-data: 0.5569528639999817
