times:
  edit-metadata: 0.44717724062502384
  landing: 0.04175474215298891
  view-data: 0.19589110929518938
