times:
  edit-metadata: 1.3909478150308132
  landing: 0.10100468806922436
  view-data: 0.023842399939894676
