times:
  edit-metadata: 0.4417370203882456
  landing: 0.04501107381656766
  view-data: 0.1949060927145183
