times:
  edit-metadata: 0.581745829898864
  landing: 0.047139212023466825
  view-data: 0.18240359611809254
