times:
  edit-metadata: 0.4616675963625312
  landing: 0.04259378043934703
  view-data: 0.19567254278808832
