times:
  edit-metadata: 0.6280055604875088
  landing: 0.5582853611558676
  view-data: 0.19571965746581554
