times:
  edit-metadata: 1.5421866960823536
  landing: 0.8137348890304565
  view-data: 3.3984939754009247
