times:
  edit-metadata: 1.4391606291756034
  landing: 0.01919767912477255
  view-data: 0.1170070543885231
