times:
  edit-metadata: 0.5303295850753784
  landing: 0.04353513941168785
  view-data: 0.19904927909374237
