times:
  edit-metadata: 1.312258250778541
  landing: 0.6898043670225888
  view-data: 3.2526449060533196
