times:
  edit-metadata: 0.6210919348523021
  landing: 0.041404969058930874
  view-data: 0.18006376596167684
