times:
  edit-metadata: 0.6105800110090058
  landing: 0.04345206299331039
  view-data: 0.17824207099329215
