times:
  edit-metadata: 1.5359136713668704
  landing: 1.0075650727376342
  view-data: 3.444542234763503
