times:
  edit-metadata: 1.355608832091093
  landing: 0.21374112647026777
  view-data: 0.023762667551636696
