times:
  edit-metadata: 0.49930732883512974
  landing: 0.568345507606864
  view-data: 0.17860769666731358
