times:
  edit-metadata: 0.5424487646669149
  landing: 0.5690554566681385
  view-data: 0.19085349701344967
