times:
  edit-metadata: 0.5984799859579653
  landing: 0.04697033390402794
  view-data: 0.18149106006603688
