times:
  edit-metadata: 0.6422259639948606
  landing: 0.048452322982484475
  view-data: 0.19087938600569032
