times:
  edit-metadata: 1.5611909702420235
  landing: 0.1505310796201229
  view-data: 0.5779736433178186
