times:
  edit-metadata: 0.43936652108095586
  landing: 0.0680937129072845
  view-data: 0.1979388538748026
