times:
  landing: 1.0804103500000224
  view-data: 0.5530906079999909
