times:
  edit-metadata: 1.3634273204952478
  landing: 0.23421550542116165
  view-data: 0.025059368461370468
