times:
  edit-metadata: 1.9006884433329105
  landing: 1.9285169206559658
  view-data: 3.7065472938120365
