times:
  edit-metadata: 0.46294049406424165
  landing: 0.041929644998162985
  view-data: 0.19242187310010195
