times:
  edit-metadata: 1.5310892555862665
  landing: 0.8220871556550264
  view-data: 3.4454418178647757
