times:
  edit-metadata: 1.4138010833412409
  landing: 0.12582788802683353
  view-data: 0.12036171182990074
