times:
  edit-metadata: 0.6328509140294045
  landing: 0.048153472831472754
  view-data: 0.18768769409507513
