times:
  edit-metadata: 0.5715963039547205
  landing: 0.04973943089134991
  view-data: 0.18441758281551301
