times:
  edit-metadata: 1.480927936732769
  landing: 0.9631941132247448
  view-data: 3.4041966795921326
