times:
  edit-metadata: 0.717976612970233
  landing: 0.07136128493584692
  view-data: 0.22027299809269607
