times:
  edit-metadata: 1.7406612746417522
  landing: 1.1616835556924343
  view-data: 3.3597687259316444
