times:
  edit-metadata: 1.2859465274959803
  landing: 0.2362278401851654
  view-data: 0.3378043659031391
