times:
  edit-metadata: 1.6517737209796906
  landing: 1.053059021010995
  view-data: 3.3823979031294584
