times:
  edit-metadata: 0.4374951859936118
  landing: 0.03942381637170911
  view-data: 0.19563821842893958
