times:
  edit-metadata: 0.5014895039785188
  landing: 0.075124427996343
  view-data: 0.3351338340144139
