times:
  edit-metadata: 1.540154560469091
  landing: 0.019708682782948017
  view-data: 0.1990138664841652
