times:
  edit-metadata: 1.3747461419552565
  landing: 0.1962626501917839
  view-data: 0.342907914891839
