times:
  edit-metadata: 1.5024816561490297
  landing: 0.7871240135282278
  view-data: 3.323156563565135
