times:
  edit-metadata: 1.364024599082768
  landing: 0.021683720871806145
  view-data: 0.12216945644468069
