times:
  edit-metadata: 0.5239526871591806
  landing: 1.4833147823810577
  view-data: 0.295793479308486
