times:
  edit-metadata: 1.4848840646445751
  landing: 0.980764415115118
  view-data: 3.4370299093425274
