times:
  edit-metadata: 1.5864550471305847
  landing: 0.020589529536664486
  view-data: 0.11719710659235716
