times:
  edit-metadata: 1.4240824542939663
  landing: 0.7340262271463871
  view-data: 3.405053099617362
