times:
  edit-metadata: 0.613610692002112
  landing: 0.05343482401804067
  view-data: 0.19030709800426848
