times:
  edit-metadata: 0.4428081950172782
  landing: 0.04190857894718647
  view-data: 0.19808236695826054
