times:
  edit-metadata: 1.4278272446244955
  landing: 0.1071774335578084
  view-data: 0.22085252404212952
