times:
  edit-metadata: 1.4145418033003807
  landing: 0.8382597491145134
  view-data: 3.294455237686634
