times:
  edit-metadata: 1.3239360777661204
  landing: 0.02007827628403902
  view-data: 0.4577205516397953
