times:
  edit-metadata: 1.784348113462329
  landing: 1.0508931130170822
  view-data: 3.3516113543882966
