times:
  edit-metadata: 1.3384197391569614
  landing: 0.020484313368797302
  view-data: 0.026094043627381325
