times:
  edit-metadata: 2.118933084886521
  landing: 1.0148145318962634
  view-data: 3.5337222879752517
