times:
  edit-metadata: 0.6170950959203765
  landing: 0.04409797792322934
  view-data: 0.1923604280455038
