times:
  edit-metadata: 1.3607465475797653
  landing: 0.16338536515831947
  view-data: 0.3107624836266041
