times:
  edit-metadata: 1.462943528778851
  landing: 0.02345451433211565
  view-data: 0.13608867209404707
