times:
  edit-metadata: 0.45374121703207493
  landing: 0.03853223007172346
  view-data: 0.33790127001702785
