times:
  edit-metadata: 1.6427222974598408
  landing: 0.9247836638242006
  view-data: 3.442004043608904
