times:
  edit-metadata: 0.5974310039309785
  landing: 0.04604265303350985
  view-data: 0.1761132050305605
