times:
  edit-metadata: 0.42150292999576777
  landing: 0.06871022807899863
  view-data: 0.20939038402866572
