times:
  edit-metadata: 0.5112430807203054
  landing: 0.5864582806825638
  view-data: 0.20754153840243816
