times:
  edit-metadata: 0.6063609002158046
  landing: 0.04972667573019862
  view-data: 0.1923694428987801
