times:
  edit-metadata: 0.6310478819650598
  landing: 0.042241546034347266
  view-data: 0.19254561298293993
