times:
  edit-metadata: 1.439549259841442
  landing: 0.9269027449190617
  view-data: 3.3406664431095123
