times:
  edit-metadata: 1.4299610517919064
  landing: 0.02018502727150917
  view-data: 0.34008361771702766
