times:
  edit-metadata: 1.3550023194402456
  landing: 0.17389574088156223
  view-data: 0.023392686620354652
