times:
  landing: 0.5456869210000264
  view-data: 0.5472354300000006
