times:
  edit-metadata: 0.634099650895223
  landing: 0.048432430950924754
  view-data: 0.303525511873886
