times:
  edit-metadata: 0.6145653589628637
  landing: 0.04302565986290574
  view-data: 0.18813596572726965
