times:
  edit-metadata: 2.771002374589443
  landing: 1.7147101629525423
  view-data: 3.7210268191993237
