times:
  edit-metadata: 1.5333311185240746
  landing: 0.022660477086901665
  view-data: 0.1441613882780075
