times:
  edit-metadata: 0.5784748904407024
  landing: 0.5737679693847895
  view-data: 0.599952569231391
