times:
  edit-metadata: 1.4015040211379528
  landing: 0.25321643240749836
  view-data: 0.28381282836198807
