times:
  edit-metadata: 0.45319956820458174
  landing: 0.039957755245268345
  view-data: 0.1998406071215868
