times:
  edit-metadata: 1.5428238548338413
  landing: 0.8328731693327427
  view-data: 3.424864262342453
