times:
  edit-metadata: 0.6158673036843538
  landing: 0.5518890377134085
  view-data: 0.3224017880856991
