times:
  edit-metadata: 1.3566033393144608
  landing: 0.18393768556416035
  view-data: 0.026332108303904533
