times:
  edit-metadata: 0.3985706079984084
  landing: 0.06423079909291118
  view-data: 0.1987021209206432
