times:
  edit-metadata: 0.5636411644518375
  landing: 0.6360116861760616
  view-data: 0.5864454042166471
