times:
  edit-metadata: 1.3703350517898798
  landing: 0.02161868568509817
  view-data: 0.023329480551183224
