times:
  edit-metadata: 1.3619458684697747
  landing: 0.16221709083765745
  view-data: 0.19624554924666882
