times:
  edit-metadata: 0.5529469661414623
  landing: 1.9799442626535892
  view-data: 2.7664739284664392
