times:
  edit-metadata: 0.4365200181491673
  landing: 0.04419615864753723
  view-data: 0.20087361708283424
