times:
  edit-metadata: 0.5029082000255585
  landing: 0.0494104428216815
  view-data: 0.20656563201919198
