times:
  edit-metadata: 1.5567171201109886
  landing: 0.8279995042830706
  view-data: 3.408176105003804
