times:
  edit-metadata: 1.6142784338444471
  landing: 0.8864752557128668
  view-data: 3.3594150356948376
