times:
  edit-metadata: 1.3893462168052793
  landing: 0.020951014012098312
  view-data: 0.02503750380128622
