times:
  edit-metadata: 2.6526606567204
  landing: 0.8606268581934273
  view-data: 3.63612604374066
