times:
  edit-metadata: 1.2568234959617257
  landing: 0.7661234129918739
  view-data: 3.2975505120120943
