times:
  edit-metadata: 1.3744274731725454
  landing: 0.13347803801298141
  view-data: 0.11772081721574068
