times:
  landing: 0.5475666010000282
  view-data: 0.5524545559999865
