times:
  edit-metadata: 0.6046708330395631
  landing: 0.03910937102045864
  view-data: 0.19758727797307074
