times:
  edit-metadata: 1.476154614239931
  landing: 0.8241387149319053
  view-data: 3.3651792826130986
