times:
  edit-metadata: 1.5239636488258839
  landing: 0.7645978964865208
  view-data: 3.4008163437247276
