times:
  edit-metadata: 0.49221162003232166
  landing: 0.07672238501254469
  view-data: 0.2228535100002773
