times:
  edit-metadata: 1.4464220702648163
  landing: 0.7671623155474663
  view-data: 3.309515181928873
