times:
  landing: 0.5715087600000288
  view-data: 0.560896549000006
