times:
  edit-metadata: 0.5393718164414167
  landing: 0.5413615517318249
  view-data: 0.29465997591614723
