times:
  edit-metadata: 1.3870056420564651
  landing: 0.1303414637222886
  view-data: 0.12112600076943636
