times:
  edit-metadata: 0.5301965596154332
  landing: 0.042990836314857006
  view-data: 0.21992311347275972
