times:
  edit-metadata: 0.44830229808576405
  landing: 0.09891266608610749
  view-data: 0.20261699007824063
