times:
  edit-metadata: 0.4817743245512247
  landing: 0.9426292553544044
  view-data: 0.20815670490264893
