times:
  edit-metadata: 0.46799607016146183
  landing: 0.37085553258657455
  view-data: 0.1934063471853733
