times:
  edit-metadata: 0.6114274659194052
  landing: 0.0779096707701683
  view-data: 0.22934593819081783
