times:
  landing: 0.592078362000052
  view-data: 0.5584195569999792
