times:
  edit-metadata: 0.6131953910226002
  landing: 0.04094357695430517
  view-data: 0.18805601890198886
