times:
  edit-metadata: 0.542793370783329
  landing: 0.039528630673885345
  view-data: 0.18838068842887878
