times:
  edit-metadata: 1.4738084711134434
  landing: 0.18110036104917526
  view-data: 0.36351726204156876
