times:
  edit-metadata: 1.417737364768982
  landing: 0.9436088725924492
  view-data: 3.320994161069393
