times:
  edit-metadata: 1.5196830071508884
  landing: 0.9025738872587681
  view-data: 3.4317374788224697
