times:
  edit-metadata: 1.5847905818372965
  landing: 0.7910666652023792
  view-data: 3.451932691037655
