times:
  edit-metadata: 1.3247832506895065
  landing: 0.7686206661164761
  view-data: 3.318225521594286
