times:
  landing: 1.0857668069999704
  view-data: 0.5612623690000191
