times:
  edit-metadata: 1.3494150415062904
  landing: 0.7895712926983833
  view-data: 3.3828893154859543
