times:
  edit-metadata: 0.6066731968894601
  landing: 0.052246815990656614
  view-data: 0.1966851670295
