times:
  edit-metadata: 2.0019102096557617
  landing: 0.4851014520972967
  view-data: 0.46152948774397373
