times:
  edit-metadata: 0.6247247169958428
  landing: 0.041927284095436335
  view-data: 0.19417980196885765
