times:
  edit-metadata: 1.4007816929370165
  landing: 0.23316228948533535
  view-data: 0.02284296602010727
