times:
  edit-metadata: 1.3724664356559515
  landing: 0.019589873030781746
  view-data: 0.4843182172626257
