times:
  edit-metadata: 0.5465211756527424
  landing: 0.6288433503359556
  view-data: 0.3007272928953171
