times:
  edit-metadata: 1.4970860611647367
  landing: 0.023310858756303787
  view-data: 0.34428293630480766
