times:
  landing: 0.5591519149999726
  view-data: 0.5596130119999998
