times:
  edit-metadata: 0.6354463079478592
  landing: 0.049419698014389724
  view-data: 0.1980073840240948
