times:
  edit-metadata: 0.5876305840210989
  landing: 0.04732921498361975
  view-data: 0.1756024300120771
