times:
  edit-metadata: 1.6485789213329554
  landing: 0.8113541919738054
  view-data: 3.3825739789754152
