times:
  landing: 0.5465622859999826
  view-data: 0.5552746199999774
