times:
  edit-metadata: 1.4538288889452815
  landing: 0.7563638051506132
  view-data: 3.3697968230117112
