times:
  edit-metadata: 0.6494869750458747
  landing: 0.05522037600167096
  view-data: 0.19211580394767225
