times:
  edit-metadata: 1.5063535207882524
  landing: 1.9167030807584524
  view-data: 3.38526907004416
