times:
  edit-metadata: 0.5055315420031548
  landing: 1.1900638733059168
  view-data: 0.30362966284155846
