times:
  edit-metadata: 0.6539399679750204
  landing: 0.10213910206221044
  view-data: 0.19615923007950187
