times:
  edit-metadata: 2.963155032135546
  landing: 0.6002000728622079
  view-data: 0.7723490847274661
