times:
  edit-metadata: 0.6014416799880564
  landing: 0.04652024293318391
  view-data: 0.17943962290883064
