times:
  edit-metadata: 1.412552879191935
  landing: 0.019560874439775944
  view-data: 0.023363200947642326
