times:
  edit-metadata: 1.466131454333663
  landing: 0.8232548274099827
  view-data: 3.4111156994476914
