times:
  edit-metadata: 0.4168265070184134
  landing: 0.06556131099932827
  view-data: 0.3161509119963739
