times:
  edit-metadata: 1.7036769557744265
  landing: 0.17171184346079826
  view-data: 0.37167111970484257
