times:
  edit-metadata: 0.592789389193058
  landing: 0.8994025848805904
  view-data: 0.20108037628233433
