times:
  edit-metadata: 0.6232322980649769
  landing: 0.03607973596081138
  view-data: 0.19348204298876226
