times:
  landing: 1.115706179999961
  view-data: 0.5555876619999935
