times:
  edit-metadata: 0.6375835901126266
  landing: 0.0689809019677341
  view-data: 0.20906016789376736
