times:
  landing: 0.5605956269999979
  view-data: 0.5587168160000147
