times:
  edit-metadata: 0.6047286437824368
  landing: 0.03989679412916303
  view-data: 0.1992548257112503
