times:
  edit-metadata: 0.4640640619909391
  landing: 0.052914088941179216
  view-data: 0.21342263696715236
