times:
  edit-metadata: 0.5094365943223238
  landing: 1.4884527903050184
  view-data: 0.5446151308715343
