times:
  edit-metadata: 0.6248609219910577
  landing: 0.04121362394653261
  view-data: 0.19338042591698468
