times:
  edit-metadata: 1.5320395026355982
  landing: 0.7595997238531709
  view-data: 3.3626018054783344
