times:
  edit-metadata: 0.43675449676811695
  landing: 0.04147238004952669
  view-data: 0.19390277098864317
