times:
  edit-metadata: 1.5511867813766003
  landing: 0.8987828735262156
  view-data: 3.4209925699979067
