times:
  edit-metadata: 0.59664143063128
  landing: 0.044808763079345226
  view-data: 0.19657530961558223
