times:
  edit-metadata: 1.5460809990763664
  landing: 0.778150724247098
  view-data: 3.400790259242058
