times:
  edit-metadata: 1.4386053681373596
  landing: 0.8794080466032028
  view-data: 3.348646432161331
