times:
  edit-metadata: 0.44354854291304946
  landing: 0.061343017034232616
  view-data: 0.22051672800444067
