times:
  landing: 0.5513990310000167
  view-data: 0.5541528080000262
