times:
  edit-metadata: 1.3699683146551251
  landing: 0.126113872975111
  view-data: 0.02591647394001484
