times:
  edit-metadata: 1.3227695962414145
  landing: 0.020102469250559807
  view-data: 0.12456248700618744
