times:
  edit-metadata: 1.462078908458352
  landing: 0.3906108718365431
  view-data: 0.31688544154167175
