times:
  edit-metadata: 1.3870252519845963
  landing: 0.13715568371117115
  view-data: 0.023110918700695038
