times:
  edit-metadata: 2.0516480496153235
  landing: 0.3051215223968029
  view-data: 0.5928455460816622
