times:
  landing: 0.5447117989999697
  view-data: 0.5504514860000427
