times:
  edit-metadata: 1.500352218747139
  landing: 0.12392053194344044
  view-data: 0.022694025188684464
