times:
  edit-metadata: 0.6269833270926028
  landing: 0.09945466206409037
  view-data: 0.19378819991834462
