times:
  edit-metadata: 1.3062040079385042
  landing: 0.07912408700212836
  view-data: 0.24509201990440488
