times:
  edit-metadata: 1.7031799238175154
  landing: 0.7821925859898329
  view-data: 3.4364157803356647
