times:
  edit-metadata: 0.43950868491083384
  landing: 0.04820440895855427
  view-data: 0.19395189406350255
