times:
  edit-metadata: 0.5401880610734224
  landing: 0.045429499819874763
  view-data: 0.18467474356293678
