times:
  edit-metadata: 1.5379104316234589
  landing: 0.9968394711613655
  view-data: 3.3628221936523914
