times:
  edit-metadata: 1.4023622889071703
  landing: 0.01962624117732048
  view-data: 0.023438381031155586
