times:
  edit-metadata: 1.733574278652668
  landing: 0.9812223426997662
  view-data: 3.3668028227984905
