times:
  edit-metadata: 1.3423137087374926
  landing: 0.02004067599773407
  view-data: 0.11924264952540398
