times:
  edit-metadata: 0.5222926386632025
  landing: 0.04365334426984191
  view-data: 0.21341085294261575
