times:
  edit-metadata: 1.4604082414880395
  landing: 0.7517103562131524
  view-data: 3.4005195340141654
