times:
  edit-metadata: 1.5420417450368404
  landing: 0.02494269795715809
  view-data: 0.2861365769058466
