times:
  edit-metadata: 1.3805099837481976
  landing: 0.7398127596825361
  view-data: 3.3603954669088125
