times:
  edit-metadata: 1.3488681707531214
  landing: 0.266213895753026
  view-data: 0.31719244830310345
