times:
  edit-metadata: 1.5268528796732426
  landing: 0.9497404582798481
  view-data: 3.3953619226813316
