times:
  edit-metadata: 1.335660208016634
  landing: 0.019308317452669144
  view-data: 0.024808784946799278
