times:
  edit-metadata: 0.4302122052758932
  landing: 0.04468240635469556
  view-data: 0.19257477996870875
