times:
  landing: 1.0660250829999995
  view-data: 0.5499884419999717
