times:
  edit-metadata: 0.6315967929549515
  landing: 0.045168162789195776
  view-data: 0.19420390506274998
