times:
  edit-metadata: 0.505475590005517
  landing: 0.07094053400214761
  view-data: 0.20936988294124603
