times:
  edit-metadata: 1.3728734394535422
  landing: 0.021997837349772453
  view-data: 0.028077520430088043
