times:
  edit-metadata: 1.4805191940395162
  landing: 0.8581580120371655
  view-data: 3.333649954991415
