times:
  edit-metadata: 0.5001478716731071
  landing: 0.04304590821266174
  view-data: 0.1988971270620823
