times:
  edit-metadata: 1.3290285179391503
  landing: 0.01846014428883791
  view-data: 0.14152617286890745
