times:
  edit-metadata: 1.4512782767415047
  landing: 0.02123769372701645
  view-data: 0.09884041454643011
