times:
  edit-metadata: 1.7753333244472742
  landing: 0.0223347470164299
  view-data: 0.053417669609189034
