times:
  edit-metadata: 1.4374836096540093
  landing: 0.13345828279852867
  view-data: 0.13134436961263418
