times:
  edit-metadata: 1.4959201980382204
  landing: 0.7393911313265562
  view-data: 3.4054516963660717
