times:
  edit-metadata: 0.4974771589040756
  landing: 0.04525425285100937
  view-data: 0.19148360565304756
