times:
  edit-metadata: 1.3888727817684412
  landing: 0.1873885616660118
  view-data: 0.41421347856521606
