times:
  edit-metadata: 0.5586843993514776
  landing: 0.6471698749810457
  view-data: 0.213769668713212
