times:
  edit-metadata: 0.5993364329915494
  landing: 0.04581169300945476
  view-data: 0.19146093798917718
