times:
  edit-metadata: 1.3919687382876873
  landing: 0.018587375059723854
  view-data: 0.11795954033732414
