times:
  edit-metadata: 0.501659706234932
  landing: 0.05512285605072975
  view-data: 0.1909571923315525
