times:
  edit-metadata: 0.4163249540142715
  landing: 0.06158732809126377
  view-data: 0.20263453107327223
