times:
  edit-metadata: 0.4179188509006053
  landing: 0.06032071588560939
  view-data: 0.19993608095683157
