times:
  edit-metadata: 1.554437393322587
  landing: 0.12306348327547312
  view-data: 0.4523465698584914
