times:
  edit-metadata: 0.549638032913208
  landing: 0.042913563549518585
  view-data: 0.1969720646739006
