times:
  edit-metadata: 1.5517152771353722
  landing: 0.6799473129212856
  view-data: 3.366470467299223
