times:
  edit-metadata: 1.5803494388237596
  landing: 0.7145425193011761
  view-data: 3.404609441291541
