times:
  edit-metadata: 0.49214441142976284
  landing: 1.6068187393248081
  view-data: 0.5826084185391665
