times:
  landing: 0.5524744410000721
  view-data: 0.5519080029999941
