times:
  edit-metadata: 0.4860891252756119
  landing: 0.6116430964320898
  view-data: 0.31060122326016426
