times:
  edit-metadata: 0.626791134942323
  landing: 0.04954878310672939
  view-data: 0.19389698607847095
