times:
  edit-metadata: 0.5273018493317068
  landing: 0.08558884775266051
  view-data: 0.30977165699005127
