times:
  edit-metadata: 0.5177458263933659
  landing: 0.047753579914569855
  view-data: 0.1812160462141037
