times:
  edit-metadata: 1.8000034866854548
  landing: 0.8419176414608955
  view-data: 3.671994828619063
