times:
  edit-metadata: 1.543352061882615
  landing: 0.7718720566481352
  view-data: 3.5199909415096045
