times:
  edit-metadata: 0.44382039923220873
  landing: 0.04511520033702254
  view-data: 0.19231319287791848
