times:
  edit-metadata: 1.8125634267926216
  landing: 1.0722296461462975
  view-data: 3.383090704679489
