times:
  edit-metadata: 0.5505414009094238
  landing: 0.04304241202771664
  view-data: 0.18601499497890472
