times:
  edit-metadata: 1.5787565801292658
  landing: 0.7900778297334909
  view-data: 3.4395186323672533
