times:
  landing: 0.5597449969999957
  view-data: 0.5532945179999729
