times:
  edit-metadata: 1.5531947668641806
  landing: 0.14468890894204378
  view-data: 0.34152366779744625
