times:
  edit-metadata: 1.6275847554206848
  landing: 0.9304685704410076
  view-data: 3.278944093734026
