times:
  edit-metadata: 1.5900490749627352
  landing: 0.7914215885102749
  view-data: 3.3682673443108797
