times:
  edit-metadata: 1.321194895543158
  landing: 0.019041440449655056
  view-data: 0.124159493483603
