times:
  edit-metadata: 0.6576942931860685
  landing: 1.1720937993377447
  view-data: 0.31150047294795513
