times:
  edit-metadata: 0.5115994848310947
  landing: 0.044873788952827454
  view-data: 0.19698061421513557
