times:
  edit-metadata: 0.6116656437516212
  landing: 0.04980798903852701
  view-data: 0.19372916221618652
