times:
  edit-metadata: 1.2905109487473965
  landing: 0.7550054946914315
  view-data: 3.359003748744726
