times:
  landing: 1.09043541799997
  view-data: 0.5691022099999827
