times:
  edit-metadata: 1.548454748466611
  landing: 0.7925860397517681
  view-data: 3.4066120516508818
