times:
  edit-metadata: 0.484374787658453
  landing: 0.5746031440794468
  view-data: 0.5940717346966267
