times:
  edit-metadata: 0.39795675498316996
  landing: 0.06888745800824836
  view-data: 0.3269195510074496
