times:
  edit-metadata: 1.7092838324606419
  landing: 0.9681739583611488
  view-data: 3.404756370931864
