times:
  edit-metadata: 1.4501148778945208
  landing: 0.019906343892216682
  view-data: 0.1344492295756936
