times:
  edit-metadata: 1.3655154248699546
  landing: 0.01967945322394371
  view-data: 0.025745900347828865
