times:
  edit-metadata: 0.42752748797647655
  landing: 0.06393376499181613
  view-data: 0.19954148901160806
