times:
  edit-metadata: 1.5168351754546165
  landing: 0.8124302700161934
  view-data: 3.375671848654747
