times:
  edit-metadata: 1.7894549705088139
  landing: 1.1721265502274036
  view-data: 3.386539973318577
