times:
  edit-metadata: 1.3321559727191925
  landing: 0.1741285463795066
  view-data: 0.27975344005972147
