times:
  edit-metadata: 0.6317186709493399
  landing: 0.07294571399688721
  view-data: 0.3089781370945275
