times:
  edit-metadata: 0.4193678889423609
  landing: 0.06358184397686273
  view-data: 0.20110107900109142
