times:
  edit-metadata: 1.3861385490745306
  landing: 0.018456109799444675
  view-data: 0.40423842798918486
