times:
  edit-metadata: 0.482574425637722
  landing: 0.03885927051305771
  view-data: 0.20829452201724052
