times:
  edit-metadata: 0.4670450668781996
  landing: 0.04327099118381739
  view-data: 0.1904591708444059
