times:
  edit-metadata: 0.4516130080446601
  landing: 0.04127096198499203
  view-data: 0.3442312590777874
