times:
  edit-metadata: 1.7487046570749953
  landing: 0.8268783639650792
  view-data: 3.3178166900761425
