times:
  edit-metadata: 0.6220644890563563
  landing: 0.04140205611474812
  view-data: 0.1929043879499659
