times:
  edit-metadata: 0.4614327810704708
  landing: 0.052256605587899685
  view-data: 0.20077120792120695
