times:
  edit-metadata: 0.4684833660721779
  landing: 0.05333358934149146
  view-data: 0.20220975624397397
