times:
  edit-metadata: 0.4643578617833555
  landing: 0.06160659110173583
  view-data: 0.2045528709422797
