times:
  edit-metadata: 0.5291757360100746
  landing: 0.04460372030735016
  view-data: 0.1884303018450737
