times:
  edit-metadata: 1.5008113905787468
  landing: 0.7289572935551405
  view-data: 3.3698289319872856
