times:
  edit-metadata: 0.4219181800726801
  landing: 0.06067514279857278
  view-data: 0.20831258897669613
