times:
  edit-metadata: 1.342116835527122
  landing: 0.02148360200226307
  view-data: 0.11953553184866905
