times:
  edit-metadata: 1.3250776156783104
  landing: 0.0198324304074049
  view-data: 0.31545342691242695
