times:
  edit-metadata: 1.6964369770139456
  landing: 1.8722147792577744
  view-data: 3.3336080703884363
