times:
  edit-metadata: 0.6264525009319186
  landing: 0.053728449158370495
  view-data: 0.19067360507324338
