times:
  edit-metadata: 1.3146205693483353
  landing: 0.23267509881407022
  view-data: 0.2759409863501787
