times:
  edit-metadata: 0.4785426687449217
  landing: 1.0949355363845825
  view-data: 0.5808639042079449
