times:
  edit-metadata: 0.42216963693499565
  landing: 0.04684821516275406
  view-data: 0.19388329098001122
