times:
  edit-metadata: 1.4615898542106152
  landing: 0.13785964250564575
  view-data: 0.39597489684820175
