times:
  edit-metadata: 0.4897710792720318
  landing: 0.6341737937182188
  view-data: 0.2978155743330717
