times:
  edit-metadata: 0.6354372519999743
  landing: 0.044874924002215266
  view-data: 0.1818248019553721
