times:
  edit-metadata: 1.5096480511128902
  landing: 1.324548427015543
  view-data: 3.6165741868317127
