times:
  edit-metadata: 1.5197235122323036
  landing: 0.7911010794341564
  view-data: 3.3616011701524258
