times:
  edit-metadata: 1.533739622682333
  landing: 0.9206000827252865
  view-data: 3.4366045854985714
