times:
  edit-metadata: 1.5692367684096098
  landing: 0.1548122689127922
  view-data: 0.02678951621055603
