times:
  edit-metadata: 1.5952433161437511
  landing: 0.9386579543352127
  view-data: 3.374338671565056
