times:
  edit-metadata: 1.51046197488904
  landing: 0.8859412707388401
  view-data: 3.380599159747362
