times:
  edit-metadata: 0.6459689459297806
  landing: 0.044944738037884235
  view-data: 0.19124918896704912
