times:
  edit-metadata: 1.5749223567545414
  landing: 0.019323626533150673
  view-data: 0.35252134315669537
