times:
  edit-metadata: 2.73354778252542
  landing: 0.6743444809690118
  view-data: 3.6064678970724344
