times:
  landing: 0.5551834350000036
  view-data: 0.5547609380000154
