times:
  edit-metadata: 0.5077323520090431
  landing: 0.07047509599942714
  view-data: 0.21939008799381554
