times:
  edit-metadata: 0.6513237789622508
  landing: 0.05039619602030143
  view-data: 0.18117944698315114
