times:
  edit-metadata: 1.6288023926317692
  landing: 1.002865917980671
  view-data: 3.439590912312269
