times:
  edit-metadata: 0.6014451880473644
  landing: 0.1837613198440522
  view-data: 0.19303625309839845
