times:
  edit-metadata: 1.5559988506138325
  landing: 0.7520428821444511
  view-data: 3.408783260732889
