times:
  edit-metadata: 1.5659885685890913
  landing: 0.8166160266846418
  view-data: 3.3883207011967897
