times:
  edit-metadata: 0.4235730851069093
  landing: 0.070587218971923
  view-data: 0.1998861830215901
