times:
  landing: 0.5601835960000017
  view-data: 0.5608216040000116
