times:
  edit-metadata: 0.39702656702138484
  landing: 0.06496953696478158
  view-data: 0.21215002599637955
