times:
  edit-metadata: 0.5059358961880207
  landing: 0.07113071531057358
  view-data: 0.29378696577623487
