times:
  edit-metadata: 0.6417552828788757
  landing: 0.048890973906964064
  view-data: 0.5518018021248281
