times:
  edit-metadata: 1.4265755526721478
  landing: 0.8191311471164227
  view-data: 3.2963735572993755
