times:
  landing: 0.5554211259999988
  view-data: 0.55805738600003
