times:
  edit-metadata: 1.5781668350100517
  landing: 0.7588143311440945
  view-data: 3.41846227273345
