times:
  edit-metadata: 0.5294865723699331
  landing: 0.7074893992394209
  view-data: 0.20449494756758213
