times:
  edit-metadata: 1.6581626534461975
  landing: 1.203269138932228
  view-data: 3.381265204399824
