times:
  edit-metadata: 1.3847052166238427
  landing: 0.1013276968151331
  view-data: 0.31768704764544964
