times:
  edit-metadata: 0.4191186730749905
  landing: 0.0663511878810823
  view-data: 0.2028657952323556
