times:
  edit-metadata: 2.2442640252411366
  landing: 0.2549350280314684
  view-data: 0.5583741292357445
