times:
  edit-metadata: 0.41757033596513793
  landing: 0.060018552001565695
  view-data: 0.20289700001012534
