times:
  edit-metadata: 1.528820313513279
  landing: 0.8414084874093533
  view-data: 3.391761239618063
