times:
  edit-metadata: 1.3917036410421133
  landing: 0.13657343201339245
  view-data: 0.02622460387647152
