times:
  landing: 0.5525608970000349
  view-data: 0.5536381169999913
