times:
  edit-metadata: 0.4419425600208342
  landing: 0.04485783074051142
  view-data: 0.1897684410214424
