times:
  edit-metadata: 1.3356561958789825
  landing: 0.20890043769031763
  view-data: 0.027432020753622055
