times:
  edit-metadata: 0.4924717330140993
  landing: 0.06485846801660955
  view-data: 0.21548823203193024
