times:
  edit-metadata: 0.4975326731801033
  landing: 0.579807136207819
  view-data: 0.1967900600284338
