times:
  edit-metadata: 1.676033392548561
  landing: 1.047569040209055
  view-data: 3.409031603485346
