times:
  edit-metadata: 0.5039806216955185
  landing: 0.050797417759895325
  view-data: 0.18958507478237152
