times:
  edit-metadata: 1.3310507908463478
  landing: 0.020358393900096416
  view-data: 0.39893335942178965
