times:
  edit-metadata: 1.5524035301059484
  landing: 0.7492467891424894
  view-data: 3.397706788033247
