times:
  edit-metadata: 0.6191044908482581
  landing: 0.04610855202190578
  view-data: 0.18241419713012874
