times:
  edit-metadata: 1.3412972055375576
  landing: 0.11389844305813313
  view-data: 0.10106713324785233
