times:
  edit-metadata: 1.4560711504891515
  landing: 0.8299349062144756
  view-data: 3.2982445042580366
