times:
  edit-metadata: 1.4000564040616155
  landing: 0.13594148959964514
  view-data: 0.022127914242446423
