times:
  edit-metadata: 0.551093066111207
  landing: 0.6033197958022356
  view-data: 0.5879602432250977
