times:
  landing: 0.5685605349999605
  view-data: 0.5542084429999932
