times:
  edit-metadata: 0.6899753441102803
  landing: 0.04070438211783767
  view-data: 0.19102499214932323
