times:
  edit-metadata: 1.3920776098966599
  landing: 0.02344358339905739
  view-data: 0.13623085245490074
