times:
  edit-metadata: 1.3572096647694707
  landing: 0.02238564658910036
  view-data: 0.02603512816131115
