times:
  edit-metadata: 1.3116087010130286
  landing: 0.020962846465408802
  view-data: 0.02613123133778572
