times:
  edit-metadata: 0.5552141759544611
  landing: 0.8083059713244438
  view-data: 0.32397340796887875
