times:
  edit-metadata: 0.46292073372751474
  landing: 0.04697436187416315
  view-data: 0.2061573676764965
