times:
  edit-metadata: 1.4616745933890343
  landing: 0.941002931445837
  view-data: 3.360740091651678
