times:
  edit-metadata: 0.5176717790018301
  landing: 0.044362772001477424
  view-data: 0.3372102690045722
