times:
  edit-metadata: 0.6634033098816872
  landing: 0.04481259686872363
  view-data: 0.18967450899071991
