times:
  edit-metadata: 0.4381078709848225
  landing: 0.03948323614895344
  view-data: 0.19130773190408945
