times:
  edit-metadata: 1.5882755853235722
  landing: 1.137682929635048
  view-data: 3.4149106182157993
