times:
  edit-metadata: 1.5375319812446833
  landing: 0.19516919180750847
  view-data: 0.40483807772397995
