times:
  edit-metadata: 1.534569026902318
  landing: 0.7367902286350727
  view-data: 3.395743628963828
