times:
  landing: 0.5517178750000085
  view-data: 0.5548652940000238
