times:
  edit-metadata: 1.512567576020956
  landing: 0.9654540568590164
  view-data: 3.458290748298168
