times:
  edit-metadata: 1.5418512895703316
  landing: 0.877929225564003
  view-data: 3.3317001424729824
