times:
  edit-metadata: 1.3326540440320969
  landing: 0.019370554015040398
  view-data: 0.025368843227624893
