times:
  edit-metadata: 1.415712807327509
  landing: 0.019884886220097542
  view-data: 0.14751223102211952
