times:
  edit-metadata: 1.3618592554703355
  landing: 0.02461525984108448
  view-data: 0.028665713965892792
