times:
  edit-metadata: 1.3638776503503323
  landing: 0.021062076091766357
  view-data: 0.23647331446409225
