times:
  edit-metadata: 1.5746158882975578
  landing: 0.9218036904931068
  view-data: 3.605193004012108
