times:
  edit-metadata: 0.4205492283217609
  landing: 0.0574431330896914
  view-data: 0.20839382195845246
