times:
  edit-metadata: 0.4532242314890027
  landing: 0.04336380027234554
  view-data: 0.20557783264666796
