times:
  edit-metadata: 1.5346811600029469
  landing: 0.8152846079319715
  view-data: 3.401448590680957
