times:
  edit-metadata: 0.5706151612102985
  landing: 0.5644398108124733
  view-data: 0.1988955046981573
