times:
  edit-metadata: 2.1371748447418213
  landing: 1.467236451804638
  view-data: 3.39388021081686
