times:
  edit-metadata: 0.6151473319623619
  landing: 0.04003929009195417
  view-data: 0.18650672095827758
