times:
  edit-metadata: 0.43098606588318944
  landing: 0.0434936061501503
  view-data: 0.195114450994879
