times:
  edit-metadata: 2.924438327550888
  landing: 1.3086093552410603
  view-data: 3.608937256038189
