times:
  edit-metadata: 1.3680733982473612
  landing: 0.19113137759268284
  view-data: 0.12363364547491074
