times:
  edit-metadata: 0.5236434377729893
  landing: 1.0288049578666687
  view-data: 0.24396746419370174
