times:
  landing: 0.541603767999959
  view-data: 0.5435859899999969
