times:
  edit-metadata: 0.4636042723432183
  landing: 0.045567178167402744
  view-data: 0.20167475007474422
