times:
  edit-metadata: 1.637287724763155
  landing: 0.916858883574605
  view-data: 3.3781784679740667
