times:
  edit-metadata: 1.5951616745442152
  landing: 0.7807321473956108
  view-data: 3.42693230509758
