times:
  landing: 0.5411184690000255
  view-data: 0.5466268229999969
