times:
  edit-metadata: 0.5526555813848972
  landing: 0.04786485806107521
  view-data: 0.19453633576631546
