times:
  edit-metadata: 2.618377030827105
  landing: 0.21062450483441353
  view-data: 0.4783173995092511
