times:
  edit-metadata: 0.6030122919473797
  landing: 0.04353171098046005
  view-data: 0.17630802397616208
