times:
  edit-metadata: 0.5522443987429142
  landing: 0.5691599678248167
  view-data: 0.3168293181806803
