times:
  edit-metadata: 0.48287514300318435
  landing: 0.1267801760113798
  view-data: 0.20993365498725325
