times:
  edit-metadata: 1.4751283377408981
  landing: 0.9797291979193687
  view-data: 3.3114634044468403
