times:
  edit-metadata: 1.4898432744666934
  landing: 0.19335471745580435
  view-data: 0.12129612918943167
