times:
  edit-metadata: 1.771572032943368
  landing: 0.020981192588806152
  view-data: 0.1461946740746498
