times:
  edit-metadata: 0.5128042753785849
  landing: 1.1455104686319828
  view-data: 0.593468189239502
