times:
  edit-metadata: 1.3787555042654276
  landing: 0.7541699493303895
  view-data: 3.409191133454442
