times:
  edit-metadata: 0.4301320961676538
  landing: 0.05808849283494055
  view-data: 0.1989579601213336
