times:
  edit-metadata: 1.4924136456102133
  landing: 0.40435130149126053
  view-data: 0.028304677456617355
