times:
  edit-metadata: 0.49990786286070943
  landing: 0.06038996996358037
  view-data: 0.24866521498188376
