times:
  edit-metadata: 0.5227246917784214
  landing: 0.5456209592521191
  view-data: 0.2259259857237339
