times:
  edit-metadata: 1.3853014204651117
  landing: 0.7611870225518942
  view-data: 3.308417573571205
