times:
  edit-metadata: 0.5416017472743988
  landing: 0.04607395455241203
  view-data: 0.18195433169603348
