times:
  edit-metadata: 1.3763401824980974
  landing: 0.024596662260591984
  view-data: 0.2506351312622428
