times:
  edit-metadata: 0.46471873112022877
  landing: 0.04121240135282278
  view-data: 0.2078713933005929
