times:
  edit-metadata: 1.4744253610260785
  landing: 0.7997455066069961
  view-data: 3.3448628559708595
