times:
  edit-metadata: 1.379134764894843
  landing: 0.018962930887937546
  view-data: 0.13272519782185555
