times:
  edit-metadata: 0.43637456279248
  landing: 0.04496407089754939
  view-data: 0.1912201908417046
