times:
  edit-metadata: 0.6343971670139581
  landing: 0.05973606393672526
  view-data: 0.18187582190148532
