times:
  landing: 1.1265850739999905
  view-data: 0.5569829140000024
