times:
  edit-metadata: 1.342845218256116
  landing: 0.1931981798261404
  view-data: 0.29981459863483906
