times:
  edit-metadata: 0.45412755897268653
  landing: 0.05084373475983739
  view-data: 0.19056008802726865
