times:
  edit-metadata: 0.6295433100312948
  landing: 0.07949649915099144
  view-data: 0.20761348004452884
