times:
  edit-metadata: 0.5775964148342609
  landing: 0.045275770127773285
  view-data: 0.18397846072912216
