times:
  edit-metadata: 0.43811196100432426
  landing: 0.04829508799593896
  view-data: 0.2143426180118695
