times:
  edit-metadata: 0.45444144681096077
  landing: 0.03706229943782091
  view-data: 0.19623178150504827
