times:
  edit-metadata: 0.44577466882765293
  landing: 0.04117257799953222
  view-data: 0.1913460297510028
