times:
  edit-metadata: 1.472314384765923
  landing: 1.2008819309994578
  view-data: 3.461216759867966
