times:
  edit-metadata: 0.6142412819899619
  landing: 0.03754103498067707
  view-data: 0.19176447403151542
