times:
  edit-metadata: 1.7637837454676628
  landing: 0.7492729909718037
  view-data: 3.4196993429213762
