times:
  edit-metadata: 0.5760073643177748
  landing: 1.040152434259653
  view-data: 0.3005503788590431
