times:
  edit-metadata: 1.3271813532337546
  landing: 0.02003957238048315
  view-data: 0.026927935890853405
