times:
  edit-metadata: 1.345402654260397
  landing: 0.12101446557790041
  view-data: 0.12697257660329342
