times:
  edit-metadata: 0.46788540622219443
  landing: 0.04042054899036884
  view-data: 0.19561439706012607
