times:
  edit-metadata: 0.5306294932961464
  landing: 0.05265616625547409
  view-data: 0.20333676412701607
