times:
  edit-metadata: 1.454737597843632
  landing: 0.9683042310643941
  view-data: 3.330562052084133
