times:
  edit-metadata: 0.5020401419897098
  landing: 0.04928466699493583
  view-data: 0.2197015849960735
