times:
  edit-metadata: 1.4564486951567233
  landing: 0.7946760449558496
  view-data: 3.4211681811138988
