times:
  landing: 0.5489068699999962
  view-data: 0.5542515180000009
