times:
  edit-metadata: 0.5155430398881435
  landing: 0.04788682982325554
  view-data: 0.19176290929317474
