times:
  edit-metadata: 1.4519823864102364
  landing: 0.11969945952296257
  view-data: 0.38579087890684605
