times:
  edit-metadata: 1.5809897501021624
  landing: 0.8020335081964731
  view-data: 3.450676156207919
