times:
  edit-metadata: 1.45363450050354
  landing: 0.7921524457633495
  view-data: 3.3700416795909405
