times:
  edit-metadata: 0.549940649420023
  landing: 0.9121965877711773
  view-data: 0.29197924211621284
