times:
  edit-metadata: 0.5005751624703407
  landing: 0.5996808335185051
  view-data: 0.6069427207112312
