times:
  edit-metadata: 1.4100462719798088
  landing: 0.9221445694565773
  view-data: 3.372010476887226
