times:
  edit-metadata: 1.3977512009441853
  landing: 0.7998572289943695
  view-data: 3.313729390501976
