times:
  edit-metadata: 1.3369999444112182
  landing: 0.19239605963230133
  view-data: 0.3489639610052109
