times:
  edit-metadata: 1.3259101351723075
  landing: 0.023063031025230885
  view-data: 0.024755962193012238
