times:
  edit-metadata: 0.7046635239385068
  landing: 0.057364300824701786
  view-data: 0.454514023847878
