times:
  edit-metadata: 0.6097820189315826
  landing: 0.04082088591530919
  view-data: 0.19719492900185287
