times:
  edit-metadata: 1.5255457782186568
  landing: 0.80319081293419
  view-data: 3.3592029688879848
