times:
  edit-metadata: 1.5785683300346136
  landing: 0.7687190193682909
  view-data: 3.487439524382353
