times:
  edit-metadata: 0.6210840018466115
  landing: 0.04462024802342057
  view-data: 0.1788662939798087
