times:
  edit-metadata: 1.715453615412116
  landing: 0.7914791442453861
  view-data: 3.4746603835374117
