times:
  landing: 0.5497458859999824
  view-data: 0.5563812119999625
