times:
  edit-metadata: 0.5458491556346416
  landing: 0.049861375242471695
  view-data: 0.1925869956612587
