times:
  edit-metadata: 1.4334747269749641
  landing: 0.021070925518870354
  view-data: 0.11701210867613554
