times:
  edit-metadata: 0.7312941099517047
  landing: 0.046719279140233994
  view-data: 0.21328698890283704
