times:
  edit-metadata: 0.43797524087131023
  landing: 0.049830330070108175
  view-data: 0.19342900486662984
