times:
  edit-metadata: 1.562359906733036
  landing: 0.9499463438987732
  view-data: 3.3997611179947853
