times:
  edit-metadata: 0.6113362680189312
  landing: 0.05332665704190731
  view-data: 0.18606903194449842
