times:
  edit-metadata: 0.5132727082818747
  landing: 0.47672432847321033
  view-data: 0.18877945840358734
