times:
  edit-metadata: 1.377021612599492
  landing: 0.02001242432743311
  view-data: 0.1204333072528243
