times:
  edit-metadata: 1.3063623737543821
  landing: 0.018672535195946693
  view-data: 0.02346927672624588
