times:
  edit-metadata: 0.5079059638082981
  landing: 0.5917263794690371
  view-data: 0.19245818257331848
