times:
  edit-metadata: 0.6178019100334495
  landing: 0.052329543977975845
  view-data: 0.1811982709914446
