times:
  edit-metadata: 0.5479214005172253
  landing: 0.6980004142969847
  view-data: 0.3156734686344862
