times:
  edit-metadata: 0.4495729231275618
  landing: 0.04253712994977832
  view-data: 0.20005125179886818
