times:
  edit-metadata: 1.632371905259788
  landing: 0.8458626121282578
  view-data: 3.4016241524368525
