times:
  edit-metadata: 0.49141016399516957
  landing: 0.04233770700375317
  view-data: 0.18714414299756754
