times:
  edit-metadata: 1.5829639695584774
  landing: 0.18979406543076038
  view-data: 0.12720859050750732
