times:
  edit-metadata: 1.3525768797844648
  landing: 0.021863644942641258
  view-data: 0.1249503530561924
