times:
  edit-metadata: 1.496444477699697
  landing: 0.8287370139732957
  view-data: 3.420560005120933
