times:
  edit-metadata: 0.6211329429643229
  landing: 0.052632523933425546
  view-data: 0.1938905989518389
