times:
  edit-metadata: 0.6387863269774243
  landing: 0.047174687031656504
  view-data: 0.19121410802472383
