times:
  edit-metadata: 1.47474892064929
  landing: 0.2331219669431448
  view-data: 0.025201942771673203
