times:
  edit-metadata: 0.4218658019672148
  landing: 0.061949331022333354
  view-data: 0.20875775400782004
