times:
  edit-metadata: 1.6142770536243916
  landing: 0.9356928169727325
  view-data: 3.3723635897040367
