times:
  edit-metadata: 0.5337722133845091
  landing: 0.3803907558321953
  view-data: 0.19151107035577297
