times:
  edit-metadata: 0.46441756282001734
  landing: 0.04326462605968118
  view-data: 0.19745837664231658
