times:
  edit-metadata: 0.4721201015636325
  landing: 0.04588690027594566
  view-data: 0.2021531593054533
