times:
  edit-metadata: 0.6198282912373543
  landing: 0.045767538249492645
  view-data: 0.1956435409374535
