times:
  edit-metadata: 0.5115695800632238
  landing: 2.3689836263656616
  view-data: 0.7726243045181036
