times:
  edit-metadata: 0.6123729813843966
  landing: 0.6756676360964775
  view-data: 0.428315544500947
