times:
  landing: 0.5535856079999917
  view-data: 0.5589428989999874
