times:
  edit-metadata: 0.5311453859321773
  landing: 0.05670964019373059
  view-data: 0.37402376998215914
