times:
  edit-metadata: 1.3417719975113869
  landing: 0.11414088308811188
  view-data: 0.3268537428230047
