times:
  edit-metadata: 1.360810436308384
  landing: 0.020792683586478233
  view-data: 0.027453964576125145
