times:
  edit-metadata: 1.3500184584408998
  landing: 0.1755572371184826
  view-data: 0.0257240142673254
