times:
  edit-metadata: 0.5151836518198252
  landing: 0.9457687456160784
  view-data: 0.30079920403659344
