times:
  edit-metadata: 1.3417252879589796
  landing: 0.027163779363036156
  view-data: 0.3553959745913744
