times:
  edit-metadata: 1.5610067006200552
  landing: 0.8943179715424776
  view-data: 3.337758105248213
