times:
  edit-metadata: 0.6175375930033624
  landing: 0.040588723961263895
  view-data: 0.19721876294352114
