times:
  edit-metadata: 0.5254537409928162
  landing: 0.05014342299546115
  view-data: 0.2056916120054666
