times:
  edit-metadata: 0.5965283149853349
  landing: 0.06744022900238633
  view-data: 0.19321748497895896
