times:
  edit-metadata: 0.5254813991487026
  landing: 1.667386032640934
  view-data: 0.3326871432363987
