times:
  edit-metadata: 1.3347924146801233
  landing: 0.021126147359609604
  view-data: 0.025656026788055897
