times:
  landing: 0.5477855120000186
  view-data: 0.5499430259999372
