times:
  edit-metadata: 0.5469949170947075
  landing: 0.04101710021495819
  view-data: 0.19247319921851158
