times:
  edit-metadata: 0.5935693490318954
  landing: 0.05192980286665261
  view-data: 0.19544433197006583
