times:
  edit-metadata: 1.359865915030241
  landing: 0.2043111901730299
  view-data: 0.02576008439064026
