times:
  edit-metadata: 1.510983044281602
  landing: 0.8933062637224793
  view-data: 3.3475049631670117
