times:
  edit-metadata: 1.5205410160124302
  landing: 0.9649192094802856
  view-data: 3.4248863831162453
