times:
  edit-metadata: 0.5271715382114053
  landing: 0.05620061606168747
  view-data: 0.21038003684952855
