times:
  edit-metadata: 0.45566690620034933
  landing: 0.05176324490457773
  view-data: 0.2084802899044007
