times:
  edit-metadata: 1.3110516369342804
  landing: 0.14924603886902332
  view-data: 0.3388453386723995
