times:
  edit-metadata: 1.3861608216539025
  landing: 0.01951280888170004
  view-data: 0.1232309490442276
