times:
  edit-metadata: 1.7504200488328934
  landing: 0.9850680902600288
  view-data: 3.4737601280212402
