times:
  edit-metadata: 0.5493178688921034
  landing: 0.05418601806741208
  view-data: 0.2175038419663906
