times:
  edit-metadata: 0.5297081805765629
  landing: 0.04502193257212639
  view-data: 0.18992814794182777
