times:
  edit-metadata: 0.6072633301373571
  landing: 0.044387161964550614
  view-data: 0.18665604083798826
