times:
  edit-metadata: 1.3289566403254867
  landing: 0.02104781847447157
  view-data: 0.47792430967092514
