times:
  edit-metadata: 0.5189258940517902
  landing: 0.04165580868721008
  view-data: 0.19852161407470703
