times:
  edit-metadata: 0.47136461385525763
  landing: 0.05626215902157128
  view-data: 0.22599490988068283
