times:
  edit-metadata: 1.5631368961185217
  landing: 0.8392102103680372
  view-data: 3.4128109673038125
