times:
  edit-metadata: 0.6352118288632482
  landing: 0.04640281293541193
  view-data: 0.4458218270447105
