times:
  edit-metadata: 1.5744915325194597
  landing: 0.8341093771159649
  view-data: 3.4187443032860756
