times:
  edit-metadata: 0.716246860101819
  landing: 0.08670287998393178
  view-data: 0.20566963404417038
