times:
  edit-metadata: 0.45361683377996087
  landing: 0.04990316508337855
  view-data: 0.2022096337750554
