times:
  edit-metadata: 1.5408238992094994
  landing: 0.8478778917342424
  view-data: 3.4114257227629423
