times:
  edit-metadata: 0.4745832970365882
  landing: 0.04677209723740816
  view-data: 0.18695633485913277
