times:
  edit-metadata: 0.4200466920156032
  landing: 0.06350326002575457
  view-data: 0.21165594505146146
