times:
  edit-metadata: 1.332927908282727
  landing: 0.6799878706224263
  view-data: 3.2946359259076416
