times:
  edit-metadata: 0.4515001899562776
  landing: 0.04562883311882615
  view-data: 0.20256670890375972
