times:
  edit-metadata: 0.4662545481696725
  landing: 0.05224229581654072
  view-data: 0.2032328648492694
