times:
  edit-metadata: 0.4986615218222141
  landing: 0.04859846085309982
  view-data: 0.18601955100893974
