times:
  edit-metadata: 1.3280472764745355
  landing: 0.01981878187507391
  view-data: 0.023350481875240803
