times:
  edit-metadata: 1.5842824392020702
  landing: 0.7730284389108419
  view-data: 3.29754157923162
