times:
  edit-metadata: 1.3770490204915404
  landing: 0.18812079448252916
  view-data: 0.0964767225086689
