times:
  edit-metadata: 1.6210330538451672
  landing: 0.942766709253192
  view-data: 3.3679693546146154
