times:
  edit-metadata: 0.5451512069994351
  landing: 0.04802659500273876
  view-data: 0.19948340100381756
