times:
  edit-metadata: 0.42644254595506936
  landing: 0.0442443290958181
  view-data: 0.21004408004228026
