times:
  edit-metadata: 1.396618515253067
  landing: 0.01830136775970459
  view-data: 0.37678286992013454
