times:
  edit-metadata: 1.3991789054125547
  landing: 0.021894431672990322
  view-data: 0.024148888885974884
