times:
  edit-metadata: 0.4265941409394145
  landing: 0.07103860890492797
  view-data: 0.20907711004838347
