times:
  edit-metadata: 1.9287347570061684
  landing: 1.1900688000023365
  view-data: 3.4022644199430943
