times:
  edit-metadata: 0.6291556030046195
  landing: 0.037409311975352466
  view-data: 0.19451839895918965
