times:
  edit-metadata: 1.3886602092534304
  landing: 0.13294805586338043
  view-data: 0.0231521874666214
