times:
  edit-metadata: 1.327929246937856
  landing: 0.6669578650034964
  view-data: 3.278929366962984
