times:
  edit-metadata: 1.5198527071624994
  landing: 0.023698238655924797
  view-data: 0.33735573291778564
