times:
  edit-metadata: 0.5452364981174469
  landing: 0.04508444666862488
  view-data: 0.1939779780805111
