times:
  edit-metadata: 1.3957656053826213
  landing: 0.1560048572719097
  view-data: 0.4301053788512945
