times:
  edit-metadata: 1.6653847973793745
  landing: 0.17337001115083694
  view-data: 0.3278788197785616
