times:
  edit-metadata: 0.6343183470016811
  landing: 0.04141867900034413
  view-data: 0.19631497299997136
