times:
  edit-metadata: 0.44780239509418607
  landing: 0.04792215768247843
  view-data: 0.19791603134945035
