times:
  edit-metadata: 0.4436840112321079
  landing: 0.04423932824283838
  view-data: 0.19715836131945252
