times:
  edit-metadata: 1.6381758069619536
  landing: 0.7977952351793647
  view-data: 3.413368012290448
