times:
  edit-metadata: 0.44945841102162376
  landing: 0.07110416900832206
  view-data: 0.20711012702668086
