times:
  edit-metadata: 0.49753651581704617
  landing: 1.1632107831537724
  view-data: 0.4667275194078684
