times:
  edit-metadata: 1.3698260774835944
  landing: 0.020570778287947178
  view-data: 0.02791957650333643
