times:
  edit-metadata: 0.5012524500489235
  landing: 0.7704901602119207
  view-data: 0.29583226330578327
