times:
  edit-metadata: 0.5869096554815769
  landing: 0.057631419971585274
  view-data: 0.19044608063995838
