times:
  edit-metadata: 0.5504051670432091
  landing: 0.8248029109090567
  view-data: 0.3120743837207556
