times:
  edit-metadata: 0.4935851451009512
  landing: 1.0872251857072115
  view-data: 0.5945969056338072
