times:
  edit-metadata: 1.5786731969565153
  landing: 0.8531210534274578
  view-data: 3.326469061896205
