times:
  edit-metadata: 1.4688151180744171
  landing: 0.8716067485511303
  view-data: 3.3760240115225315
