times:
  edit-metadata: 1.586179120466113
  landing: 0.741252364590764
  view-data: 3.4305154364556074
