times:
  edit-metadata: 1.7141905799508095
  landing: 0.8021701220422983
  view-data: 3.41308456659317
