times:
  edit-metadata: 1.7222185414284468
  landing: 0.14398939162492752
  view-data: 0.03109567053616047
