times:
  edit-metadata: 0.49882177600011346
  landing: 0.0629103619999114
  view-data: 0.21333676800031753
