times:
  landing: 0.555526635000092
  view-data: 0.5581413539999858
