times:
  edit-metadata: 1.9628400020301342
  landing: 1.1146478187292814
  view-data: 3.40770061314106
