times:
  edit-metadata: 1.5353019582107663
  landing: 1.0014873407781124
  view-data: 3.312053154222667
