times:
  edit-metadata: 1.2348475330509245
  landing: 0.9821709629613906
  view-data: 3.2928411751054227
