times:
  edit-metadata: 0.6190198436379433
  landing: 0.6108660120517015
  view-data: 0.19507589377462864
