times:
  edit-metadata: 1.5355476848781109
  landing: 0.9209774062037468
  view-data: 3.443430934101343
