times:
  edit-metadata: 1.5805712267756462
  landing: 0.8539314456284046
  view-data: 3.448980923742056
