times:
  edit-metadata: 0.452503589913249
  landing: 0.05082435626536608
  view-data: 0.20069092512130737
