times:
  landing: 0.5495551490000707
  view-data: 0.5561811890000854
