times:
  edit-metadata: 0.6025854479521513
  landing: 0.5977948009967804
  view-data: 0.191312612965703
