times:
  edit-metadata: 0.42564140702597797
  landing: 0.06312635401263833
  view-data: 0.20199928898364305
