times:
  edit-metadata: 1.4910785146057606
  landing: 0.8720908313989639
  view-data: 3.3778664506971836
