times:
  edit-metadata: 0.5870122220367193
  landing: 0.043381513096392155
  view-data: 0.1936007069889456
