times:
  edit-metadata: 0.6599919511936605
  landing: 0.11126291006803513
  view-data: 0.21824021684005857
