times:
  edit-metadata: 0.43967999517917633
  landing: 0.119702338706702
  view-data: 0.21398254204541445
