times:
  edit-metadata: 0.636260855011642
  landing: 0.05954672698862851
  view-data: 0.21962106600403786
