times:
  edit-metadata: 1.399713920429349
  landing: 0.19899078831076622
  view-data: 0.17072883807122707
