times:
  edit-metadata: 1.7913944739848375
  landing: 0.7728410679847002
  view-data: 3.4357964284718037
