times:
  edit-metadata: 0.5991238327696919
  landing: 0.04694183496758342
  view-data: 0.19655934302136302
