times:
  edit-metadata: 0.6180203570984304
  landing: 0.04095513094216585
  view-data: 0.22617650171741843
