times:
  edit-metadata: 0.551753865001956
  landing: 0.10331549801048823
  view-data: 0.23766731200157665
