times:
  edit-metadata: 1.561953604221344
  landing: 0.7112835291773081
  view-data: 3.3474077228456736
