times:
  edit-metadata: 1.5663684271275997
  landing: 0.7446555905044079
  view-data: 3.537949115037918
