times:
  edit-metadata: 1.477482408983633
  landing: 0.7655318980105221
  view-data: 3.359629896003753
