times:
  edit-metadata: 0.5075820721685886
  landing: 0.036506082862615585
  view-data: 0.19697435945272446
