times:
  edit-metadata: 0.4235363588668406
  landing: 0.041159351356327534
  view-data: 0.21375187207013369
