times:
  edit-metadata: 1.4529098942875862
  landing: 0.8800464570522308
  view-data: 3.3106160648167133
