times:
  edit-metadata: 1.314472365193069
  landing: 0.2099605379626155
  view-data: 0.026890745386481285
