times:
  edit-metadata: 0.450469265691936
  landing: 0.0438167080283165
  view-data: 0.19196673203259706
