times:
  edit-metadata: 0.6023776424117386
  landing: 0.042318565770983696
  view-data: 0.19589213002473116
