times:
  edit-metadata: 1.369951938278973
  landing: 0.12470519077032804
  view-data: 0.12105961795896292
