times:
  edit-metadata: 0.41899116220884025
  landing: 0.06623996002599597
  view-data: 0.20320821390487254
