times:
  edit-metadata: 1.4621240021660924
  landing: 0.9859092440456152
  view-data: 3.566835038829595
