times:
  edit-metadata: 0.5679703913629055
  landing: 1.085470512509346
  view-data: 0.36193300783634186
