times:
  edit-metadata: 1.56032151915133
  landing: 0.8171046394854784
  view-data: 3.3476234525442123
