times:
  edit-metadata: 0.39746029197704047
  landing: 0.06961591506842524
  view-data: 0.20220445399172604
