times:
  edit-metadata: 1.4035589806735516
  landing: 0.7990095354616642
  view-data: 3.2754539363086224
