times:
  edit-metadata: 0.5031337682157755
  landing: 1.113257959485054
  view-data: 0.5858628042042255
