times:
  edit-metadata: 1.8528922647237778
  landing: 1.0740343928337097
  view-data: 3.4975555203855038
