times:
  edit-metadata: 1.4946443438529968
  landing: 0.7871469333767891
  view-data: 3.4133594520390034
