times:
  edit-metadata: 0.5163306277245283
  landing: 1.1688612308353186
  view-data: 0.5366997439414263
