times:
  edit-metadata: 0.5403200890868902
  landing: 0.8276859149336815
  view-data: 0.22451229579746723
