times:
  edit-metadata: 0.5379655659198761
  landing: 0.05101294070482254
  view-data: 0.19262199476361275
