times:
  edit-metadata: 1.4560128250159323
  landing: 0.7854549223557115
  view-data: 3.354693675879389
