times:
  edit-metadata: 1.5467352829873562
  landing: 0.9013919457793236
  view-data: 3.4207964316010475
