times:
  edit-metadata: 1.4748244360089302
  landing: 0.8062508665025234
  view-data: 3.3523300690576434
