times:
  edit-metadata: 0.456986746750772
  landing: 0.05549518018960953
  view-data: 0.1923547275364399
