times:
  edit-metadata: 1.4528490705415606
  landing: 0.14673412032425404
  view-data: 0.026989072561264038
