times:
  edit-metadata: 1.3349235467612743
  landing: 0.13847268093377352
  view-data: 0.4120352007448673
