times:
  edit-metadata: 0.49485744908452034
  landing: 1.1023642737418413
  view-data: 0.5980413239449263
