times:
  edit-metadata: 1.3696538545191288
  landing: 0.7077571824193001
  view-data: 3.284121673554182
