times:
  edit-metadata: 0.40034566074609756
  landing: 0.06791759375482798
  view-data: 0.2137997909449041
