times:
  edit-metadata: 1.6671939995139837
  landing: 0.3571734484285116
  view-data: 0.1714857779443264
