times:
  edit-metadata: 0.5411672350019217
  landing: 0.664575757458806
  view-data: 0.29939023964107037
