times:
  edit-metadata: 1.4811562555842102
  landing: 0.7898828261531889
  view-data: 3.32056319527328
