times:
  edit-metadata: 1.594612680375576
  landing: 0.7518648598343134
  view-data: 3.440859869122505
