times:
  edit-metadata: 0.40585224400274456
  landing: 0.0753014839719981
  view-data: 0.23366809310391545
