times:
  edit-metadata: 1.526890754699707
  landing: 0.9447156116366386
  view-data: 3.409108903259039
