times:
  edit-metadata: 1.3801803346723318
  landing: 0.12664108723402023
  view-data: 0.2681232653558254
