times:
  edit-metadata: 1.593012616969645
  landing: 0.8470687819644809
  view-data: 3.2813638378866017
