times:
  edit-metadata: 1.5625257231295109
  landing: 1.0254606753587723
  view-data: 3.3396499902009964
