times:
  edit-metadata: 0.5370521694421768
  landing: 0.04762226715683937
  view-data: 0.1904166266322136
