times:
  edit-metadata: 0.6112214530003257
  landing: 0.041668933001346886
  view-data: 0.191488615993876
