times:
  edit-metadata: 0.46991344913840294
  landing: 0.045359764248132706
  view-data: 0.20295711047947407
