times:
  edit-metadata: 1.5540532171726227
  landing: 0.02103111520409584
  view-data: 0.34483814239501953
