times:
  edit-metadata: 1.3538113497197628
  landing: 0.021267710253596306
  view-data: 0.024678684771060944
