times:
  edit-metadata: 0.524282518774271
  landing: 0.5797990150749683
  view-data: 0.5987305957823992
