times:
  edit-metadata: 1.5971960742026567
  landing: 0.765011029317975
  view-data: 3.433953944593668
