times:
  edit-metadata: 0.4985702708363533
  landing: 0.05524521693587303
  view-data: 0.19775806739926338
