times:
  landing: 0.5545616129999758
  view-data: 0.5715244859999871
