times:
  edit-metadata: 0.583764921000693
  landing: 0.12097764402278699
  view-data: 0.24313435101066716
