times:
  edit-metadata: 1.3119072765111923
  landing: 0.023002130910754204
  view-data: 0.11551987566053867
