times:
  edit-metadata: 1.3799971733242273
  landing: 0.17719688266515732
  view-data: 0.02341347560286522
