times:
  edit-metadata: 0.6245665340684354
  landing: 0.04634562274441123
  view-data: 0.19869408663362265
