times:
  edit-metadata: 1.5541461147367954
  landing: 0.8261271640658379
  view-data: 3.41782009601593
