times:
  edit-metadata: 1.4553179703652859
  landing: 0.806627232581377
  view-data: 3.3417878709733486
