times:
  edit-metadata: 1.4525845348834991
  landing: 0.7883235439658165
  view-data: 3.3120214454829693
