times:
  edit-metadata: 0.5053281130021787
  landing: 0.1047152079991065
  view-data: 0.20062580500234617
