times:
  edit-metadata: 0.5557702130172402
  landing: 0.07093467301456258
  view-data: 0.23089996702037752
