times:
  edit-metadata: 0.46123370504938066
  landing: 0.07587321987375617
  view-data: 0.21212710393592715
