times:
  edit-metadata: 1.4123713374137878
  landing: 0.9031908251345158
  view-data: 3.3777254596352577
