times:
  edit-metadata: 0.5244694440625608
  landing: 0.09365908289328218
  view-data: 0.22096594190225005
