times:
  edit-metadata: 1.3744043344631791
  landing: 0.7360017132014036
  view-data: 3.3968053301796317
