times:
  edit-metadata: 1.6227356530725956
  landing: 1.289734460413456
  view-data: 3.4480895437300205
