times:
  edit-metadata: 1.613596085458994
  landing: 1.0040072537958622
  view-data: 3.477222189307213
