times:
  edit-metadata: 1.5236924081109464
  landing: 0.7878650361672044
  view-data: 3.3436574772931635
