times:
  edit-metadata: 1.4907302870415151
  landing: 0.9326022318564355
  view-data: 3.4365035148803145
