times:
  edit-metadata: 1.3474836158566177
  landing: 0.777142302133143
  view-data: 3.356840297114104
