times:
  edit-metadata: 0.5064560770988464
  landing: 0.05967128463089466
  view-data: 0.21291198395192623
