times:
  edit-metadata: 0.6285620918497443
  landing: 0.06271724263206124
  view-data: 0.31651038816198707
