times:
  edit-metadata: 0.5378720270091435
  landing: 0.04427435400430113
  view-data: 0.22033348098921124
