times:
  edit-metadata: 1.5269762352108955
  landing: 0.31055518612265587
  view-data: 0.1666634250432253
