times:
  edit-metadata: 0.466730996966362
  landing: 0.07444781390950084
  view-data: 0.22332317009568214
