times:
  edit-metadata: 1.8347030393779278
  landing: 1.156990546733141
  view-data: 3.410354882478714
