times:
  edit-metadata: 0.4542763599965838
  landing: 0.06983203400159255
  view-data: 0.21292201300093438
