times:
  edit-metadata: 0.47144775197375566
  landing: 0.06934646097943187
  view-data: 0.21837214997503906
