times:
  edit-metadata: 1.8421841599047184
  landing: 0.879416698589921
  view-data: 3.382330121472478
