times:
  edit-metadata: 0.4561252249404788
  landing: 0.07077957014553249
  view-data: 0.2056695050559938
