times:
  edit-metadata: 1.3355013458058238
  landing: 0.7281540473923087
  view-data: 3.333947291597724
