times:
  edit-metadata: 0.46936315996572375
  landing: 0.0700458160135895
  view-data: 0.2132205890957266
