times:
  edit-metadata: 1.5186613705009222
  landing: 0.7730388306081295
  view-data: 3.401078701019287
