times:
  edit-metadata: 1.3835446760058403
  landing: 0.8638384565711021
  view-data: 3.3281081058084965
