times:
  edit-metadata: 0.5717237399949227
  landing: 0.06793366200872697
  view-data: 0.2132024589809589
