times:
  edit-metadata: 0.45780443103285506
  landing: 0.06932997598778456
  view-data: 0.22031706100096926
