times:
  edit-metadata: 1.528638806194067
  landing: 0.7398408576846123
  view-data: 3.3672230057418346
