times:
  edit-metadata: 1.4214282594621181
  landing: 0.9026770032942295
  view-data: 3.336106561124325
