times:
  edit-metadata: 1.3993170959874988
  landing: 0.7893836470320821
  view-data: 3.3802881371229887
