times:
  edit-metadata: 1.5577487529953942
  landing: 1.0002341489307582
  view-data: 3.3532136608846486
