times:
  edit-metadata: 0.4569282330048736
  landing: 0.07469158999447245
  view-data: 0.20897227300156374
