times:
  edit-metadata: 1.3935792519478127
  landing: 0.7991518639028072
  view-data: 3.3188124630833045
