times:
  edit-metadata: 1.429872753098607
  landing: 0.7856424408964813
  view-data: 3.352539896965027
