times:
  edit-metadata: 1.5322406473569572
  landing: 1.316590506117791
  view-data: 3.4139300528913736
