times:
  edit-metadata: 0.4463574039982632
  landing: 0.05619780102279037
  view-data: 0.20933849597349763
