times:
  edit-metadata: 1.4520195838995278
  landing: 0.7429031049832702
  view-data: 3.304944931063801
