times:
  edit-metadata: 0.4753173510544002
  landing: 0.052064147777855396
  view-data: 0.2168837240897119
