times:
  edit-metadata: 1.5248018689453602
  landing: 1.4163543619215488
  view-data: 3.3492033556103706
