times:
  edit-metadata: 1.4582859352231026
  landing: 0.7577256746590137
  view-data: 3.3934738785028458
