times:
  edit-metadata: 1.366698894649744
  landing: 0.894966933876276
  view-data: 3.3662335872650146
