times:
  edit-metadata: 1.492490155622363
  landing: 0.9033525418490171
  view-data: 3.4002339700236917
