times:
  edit-metadata: 1.6610765778459609
  landing: 1.1165034216828644
  view-data: 3.353881298098713
