times:
  edit-metadata: 0.4329713878687471
  landing: 0.06395766395144165
  view-data: 0.2117903360631317
