times:
  edit-metadata: 0.4702740549109876
  landing: 0.06231300765648484
  view-data: 0.22900141403079033
