times:
  edit-metadata: 1.587699767202139
  landing: 0.8877648990601301
  view-data: 3.3904255498200655
