times:
  edit-metadata: 0.5512606450356543
  landing: 0.07056161598302424
  view-data: 0.2157995030283928
