times:
  edit-metadata: 0.5937337810173631
  landing: 0.11642034398391843
  view-data: 0.2196365031413734
