times:
  edit-metadata: 1.3915201909840107
  landing: 0.9870675019919872
  view-data: 3.3237252570688725
