times:
  edit-metadata: 1.3445925081614405
  landing: 0.7068909518420696
  view-data: 3.3343186979182065
