times:
  edit-metadata: 0.4528738840017468
  landing: 0.06109166797250509
  view-data: 0.22584586893208325
