times:
  edit-metadata: 1.5822864398360252
  landing: 0.9804794080555439
  view-data: 3.364750781096518
