times:
  edit-metadata: 1.8566517941653728
  landing: 0.8727104626595974
  view-data: 3.3004719354212284
