times:
  edit-metadata: 1.5054915267974138
  landing: 0.7214098274707794
  view-data: 3.376990746706724
