times:
  edit-metadata: 0.44513340713456273
  landing: 0.0745674897916615
  view-data: 0.22237098682671785
