times:
  edit-metadata: 2.0010282676666975
  landing: 1.1186105106025934
  view-data: 3.654441984370351
