times:
  edit-metadata: 1.6132303159683943
  landing: 0.7929887603968382
  view-data: 3.713496250100434
