times:
  edit-metadata: 1.909527663141489
  landing: 1.200150515884161
  view-data: 3.5470371022820473
