times:
  edit-metadata: 1.3724813414737582
  landing: 0.7880125436931849
  view-data: 3.4465810619294643
