times:
  edit-metadata: 1.7473761048167944
  landing: 0.1965518593788147
  view-data: 0.024665314704179764
