times:
  edit-metadata: 1.510768711566925
  landing: 0.8673977479338646
  view-data: 3.420716345310211
