times:
  edit-metadata: 1.4835520824417472
  landing: 0.8383676931262016
  view-data: 3.3743414264172316
