times:
  edit-metadata: 1.8680529035627842
  landing: 0.7883787471801043
  view-data: 3.3884120881557465
