times:
  edit-metadata: 1.579571172595024
  landing: 0.9814237393438816
  view-data: 3.4439675100147724
