times:
  edit-metadata: 1.5057104039005935
  landing: 0.8042699829675257
  view-data: 3.3953490960411727
