times:
  edit-metadata: 1.5784937031567097
  landing: 0.8506772145628929
  view-data: 3.443959277123213
