times:
  edit-metadata: 2.103025957942009
  landing: 1.744819026440382
  view-data: 3.492607779800892
