times:
  edit-metadata: 1.333034135401249
  landing: 0.816599890589714
  view-data: 3.358960971236229
