times:
  edit-metadata: 1.804450236260891
  landing: 1.0054138898849487
  view-data: 3.565696243196726
