times:
  edit-metadata: 1.4992499658837914
  landing: 0.7655874704942107
  view-data: 3.5418718876317143
