times:
  edit-metadata: 1.437595423310995
  landing: 0.8693329989910126
  view-data: 3.4080494651570916
