times:
  edit-metadata: 2.476731976494193
  landing: 1.2246692478656769
  view-data: 3.87699231505394
