times:
  edit-metadata: 1.486969256773591
  landing: 0.7192528173327446
  view-data: 3.456186654046178
