times:
  edit-metadata: 1.6848913375288248
  landing: 0.992283720523119
  view-data: 3.5948979081586003
