times:
  edit-metadata: 0.47063784301280975
  landing: 0.05659415409900248
  view-data: 0.2163050500676036
