times:
  edit-metadata: 1.6543739717453718
  landing: 0.8438134123571217
  view-data: 3.8120117248035967
