times:
  edit-metadata: 1.5741343759000301
  landing: 0.881927851587534
  view-data: 3.4217943772673607
