times:
  edit-metadata: 1.475627563893795
  landing: 1.0099187642335892
  view-data: 3.33615539688617
