times:
  edit-metadata: 1.3844759725034237
  landing: 0.8751042075455189
  view-data: 3.3594613783061504
