times:
  edit-metadata: 1.4262254741042852
  landing: 0.7886258186772466
  view-data: 3.512835410423577
