times:
  edit-metadata: 1.394298069179058
  landing: 0.8866443857550621
  view-data: 3.3622090741991997
