times:
  edit-metadata: 1.688656201120466
  landing: 0.8417973662726581
  view-data: 3.4065592996776104
