times:
  edit-metadata: 1.4872108940035105
  landing: 0.706681253388524
  view-data: 3.402719561010599
