times:
  edit-metadata: 1.524958711117506
  landing: 0.9040190763771534
  view-data: 3.382027503103018
