times:
  edit-metadata: 0.4794568109791726
  landing: 0.047336703981272876
  view-data: 0.2195184079464525
