times:
  edit-metadata: 1.7820566445589066
  landing: 1.0576613880693913
  view-data: 3.464885838329792
