times:
  edit-metadata: 1.5032407753169537
  landing: 0.9929585605859756
  view-data: 3.2677360735833645
