times:
  edit-metadata: 1.5726915411651134
  landing: 0.830579649657011
  view-data: 3.415111504495144
