times:
  edit-metadata: 1.3313308369833976
  landing: 0.7997250070329756
  view-data: 3.3636000640690327
