times:
  edit-metadata: 1.4256585570983589
  landing: 0.8285529147833586
  view-data: 3.351049041375518
