times:
  edit-metadata: 1.4969779569655657
  landing: 0.8719804640859365
  view-data: 3.5342614576220512
