times:
  edit-metadata: 1.4615444233641028
  landing: 0.7750511299818754
  view-data: 3.3028789600357413
