times:
  edit-metadata: 0.5729676801711321
  landing: 0.1166945998556912
  view-data: 0.3169678128324449
