times:
  edit-metadata: 1.5210233964025974
  landing: 0.9276806525886059
  view-data: 3.4188135899603367
