times:
  edit-metadata: 1.592802181839943
  landing: 0.9006361812353134
  view-data: 3.434442814439535
