times:
  edit-metadata: 1.5473658051341772
  landing: 0.7608796954154968
  view-data: 3.406221015378833
