times:
  edit-metadata: 1.5827044378966093
  landing: 0.7575409803539515
  view-data: 3.4075639005750418
