times:
  edit-metadata: 0.46620269108098
  landing: 0.07420356094371527
  view-data: 0.21392202808056027
