times:
  edit-metadata: 0.4583915499970317
  landing: 0.0703042889945209
  view-data: 0.20827123406343162
