times:
  edit-metadata: 1.543556059943512
  landing: 0.8074373670388013
  view-data: 3.3957780618220568
