times:
  edit-metadata: 1.5825311709195375
  landing: 0.794421948492527
  view-data: 3.410591611638665
