times:
  edit-metadata: 1.4116632640361786
  landing: 0.982180081307888
  view-data: 3.3404157422482967
