times:
  edit-metadata: 0.4462103109999589
  landing: 0.06854619600017031
  view-data: 0.21410368800025026
