times:
  edit-metadata: 0.45529495598748326
  landing: 0.07283005816861987
  view-data: 0.2125828629359603
