times:
  edit-metadata: 1.4932033605873585
  landing: 0.7657793276011944
  view-data: 3.3868974037468433
