times:
  edit-metadata: 0.5523879069369286
  landing: 0.05107208900153637
  view-data: 0.2189868720015511
