times:
  edit-metadata: 1.4711855165660381
  landing: 0.9060695264488459
  view-data: 3.4239389756694436
