times:
  edit-metadata: 1.5105928350239992
  landing: 0.8967581189936027
  view-data: 3.3431288729188964
