times:
  edit-metadata: 1.423403561115265
  landing: 0.9413245804607868
  view-data: 3.3942148871719837
