times:
  edit-metadata: 1.475581870879978
  landing: 0.7971348981373012
  view-data: 3.4357567969709635
