times:
  edit-metadata: 1.593641635030508
  landing: 0.8123417310416698
  view-data: 3.4383536130189896
