times:
  edit-metadata: 1.4916666448116302
  landing: 0.793547909706831
  view-data: 3.38470022380352
