times:
  edit-metadata: 1.4761242493987083
  landing: 0.7295426800847054
  view-data: 3.308956779539585
