times:
  edit-metadata: 1.6097954344004393
  landing: 0.8448222111910582
  view-data: 3.4765709862113
