times:
  edit-metadata: 2.652344594709575
  landing: 1.1375099271535873
  view-data: 3.506581121124327
