times:
  edit-metadata: 1.46715378400404
  landing: 0.8850865010172129
  view-data: 3.364070360083133
