times:
  edit-metadata: 1.4465860538184643
  landing: 0.7547591552138329
  view-data: 3.3705337941646576
