times:
  edit-metadata: 1.4390994375571609
  landing: 0.7264602556824684
  view-data: 3.408039888367057
