times:
  edit-metadata: 1.423281267983839
  landing: 0.697767857927829
  view-data: 3.2600336398463696
