times:
  edit-metadata: 1.4420544980093837
  landing: 0.7933649192564189
  view-data: 3.2851348789408803
