times:
  edit-metadata: 1.3641362711787224
  landing: 0.8195777051150799
  view-data: 3.3080116659402847
