times:
  edit-metadata: 1.7687164172530174
  landing: 1.0788207948207855
  view-data: 3.3710326850414276
