times:
  edit-metadata: 1.5040252283215523
  landing: 0.7465871535241604
  view-data: 3.270244212821126
