times:
  edit-metadata: 1.5548722203820944
  landing: 0.7918389793485403
  view-data: 3.439151406288147
