times:
  edit-metadata: 1.8345437832176685
  landing: 1.0208310894668102
  view-data: 3.354283392429352
