times:
  edit-metadata: 1.5984409749507904
  landing: 0.9949677065014839
  view-data: 3.362623207271099
