times:
  edit-metadata: 1.4465209320187569
  landing: 0.7794362539425492
  view-data: 3.3867911770939827
