times:
  edit-metadata: 1.5093552060425282
  landing: 0.8266802430152893
  view-data: 3.398280121386051
