times:
  edit-metadata: 0.4464970319531858
  landing: 0.06747526000253856
  view-data: 0.21252094500232488
