times:
  edit-metadata: 1.5155221000313759
  landing: 0.838719991967082
  view-data: 3.4485763125121593
