times:
  edit-metadata: 1.4027538240188733
  landing: 0.7197375219548121
  view-data: 3.2667802639771253
