times:
  edit-metadata: 1.4888348550302908
  landing: 0.8403613190166652
  view-data: 3.2957129140850157
