times:
  edit-metadata: 1.495628159493208
  landing: 0.7146803382784128
  view-data: 3.3619551323354244
