times:
  edit-metadata: 0.4754006559960544
  landing: 0.0744483059970662
  view-data: 0.3450549389817752
