times:
  edit-metadata: 0.4560988221783191
  landing: 0.06993543496355414
  view-data: 0.21391752385534346
