times:
  edit-metadata: 1.9331625681370497
  landing: 1.2222299249842763
  view-data: 3.673702996224165
