times:
  edit-metadata: 1.6654459449928254
  landing: 0.9563590509351343
  view-data: 3.393223597900942
