times:
  edit-metadata: 1.5195102375000715
  landing: 0.803773133084178
  view-data: 3.415031688287854
