times:
  edit-metadata: 1.4388849139213562
  landing: 0.8167840503156185
  view-data: 3.3447123244404793
