times:
  edit-metadata: 2.2371062645688653
  landing: 0.7478386322036386
  view-data: 3.7028189608827233
