times:
  edit-metadata: 3.0407027117908
  landing: 1.9554137587547302
  view-data: 3.475158754736185
