times:
  edit-metadata: 1.5287156011909246
  landing: 0.7905771704390645
  view-data: 3.376909744925797
