times:
  edit-metadata: 0.47173295263201
  landing: 0.04926563799381256
  view-data: 0.20715870754793286
