times:
  edit-metadata: 2.6983228251338005
  landing: 1.3046696409583092
  view-data: 3.4910847265273333
