times:
  edit-metadata: 1.4028822463005781
  landing: 0.7576664295047522
  view-data: 3.3481314703822136
