times:
  edit-metadata: 1.4978767558932304
  landing: 0.7402533125132322
  view-data: 3.405723189935088
