times:
  edit-metadata: 0.4459905188996345
  landing: 0.06627541105262935
  view-data: 0.21710645104758441
