times:
  edit-metadata: 1.8985446919687092
  landing: 1.1584435561671853
  view-data: 3.324430433101952
