times:
  edit-metadata: 1.4450930021703243
  landing: 0.730047419667244
  view-data: 3.2941702008247375
