times:
  edit-metadata: 0.45630089985206723
  landing: 0.07064545387402177
  view-data: 0.21386917075142264
