times:
  edit-metadata: 0.4704022561199963
  landing: 0.07175578991882503
  view-data: 0.2313494288828224
