times:
  edit-metadata: 1.699736449867487
  landing: 0.9362904466688633
  view-data: 3.406949058175087
