times:
  edit-metadata: 1.4877984803169966
  landing: 0.8315174803137779
  view-data: 3.4190611988306046
