times:
  edit-metadata: 0.947794147010427
  landing: 0.10270671200123616
  view-data: 0.2481067929766141
