times:
  edit-metadata: 1.5139553360641003
  landing: 0.9371553547680378
  view-data: 3.4405176006257534
