times:
  edit-metadata: 1.55692820250988
  landing: 1.0494019538164139
  view-data: 3.411771807819605
