times:
  edit-metadata: 1.5535511001944542
  landing: 0.8906631544232368
  view-data: 3.371747575700283
