times:
  edit-metadata: 1.4166912995278835
  landing: 0.986209973692894
  view-data: 3.3299251087009907
