times:
  edit-metadata: 1.8485207632184029
  landing: 0.8375875279307365
  view-data: 3.4775023832917213
