times:
  edit-metadata: 1.6070895958691835
  landing: 0.7993396874517202
  view-data: 3.4172600153833628
