times:
  edit-metadata: 0.4474861631169915
  landing: 0.06956429686397314
  view-data: 0.21650916896760464
