times:
  edit-metadata: 0.511117139365524
  landing: 0.061000056099146605
  view-data: 0.2158187418244779
