times:
  edit-metadata: 1.3270163191482425
  landing: 0.7587480661459267
  view-data: 3.4930764259770513
