times:
  edit-metadata: 1.4849114306271076
  landing: 0.8859864212572575
  view-data: 3.3955150730907917
