times:
  edit-metadata: 1.5593650043010712
  landing: 0.8698813505470753
  view-data: 3.341063965111971
