times:
  edit-metadata: 0.4939284840365872
  landing: 0.059041539090685546
  view-data: 0.21379245596472174
