times:
  edit-metadata: 0.6160016899812035
  landing: 0.15222814999287948
  view-data: 0.24874902199371718
