times:
  edit-metadata: 0.4596572630107403
  landing: 0.07203146792016923
  view-data: 0.21400668402202427
