times:
  edit-metadata: 0.662845694925636
  landing: 0.13202493684366345
  view-data: 0.3000661297701299
