times:
  edit-metadata: 1.500240694731474
  landing: 0.8320121802389622
  view-data: 3.4109965786337852
