times:
  edit-metadata: 0.4533296059817076
  landing: 0.07295688311569393
  view-data: 0.22380932699888945
