times:
  edit-metadata: 2.6616439186036587
  landing: 1.7023871336132288
  view-data: 3.7531427796930075
