times:
  edit-metadata: 0.6135659231804311
  landing: 0.0840325839817524
  view-data: 0.21383128128945827
