times:
  edit-metadata: 1.6060748249292374
  landing: 0.802893714979291
  view-data: 3.437264062464237
