times:
  edit-metadata: 1.5436531752347946
  landing: 0.7065851371735334
  view-data: 3.3431860711425543
