times:
  edit-metadata: 2.154529742896557
  landing: 1.178720572963357
  view-data: 3.4968969840556383
