times:
  edit-metadata: 0.5416171159595251
  landing: 0.049437784939073026
  view-data: 0.21912032400723547
