times:
  edit-metadata: 0.544689878999634
  landing: 0.07288196700028493
  view-data: 0.217785941999864
