times:
  edit-metadata: 1.5093175377696753
  landing: 0.7872554957866669
  view-data: 4.526945870369673
