times:
  edit-metadata: 1.516646794974804
  landing: 0.9040972776710987
  view-data: 3.2894624695181847
