times:
  edit-metadata: 0.6212258060113527
  landing: 0.12611574598122388
  view-data: 0.2176283469889313
