times:
  edit-metadata: 0.43991108098998666
  landing: 0.07165601800079457
  view-data: 0.21781144899432547
