times:
  edit-metadata: 4.524008177220821
  landing: 2.235094767063856
  view-data: 3.813722800463438
