times:
  edit-metadata: 3.4313657097518444
  landing: 1.9748562704771757
  view-data: 3.627511167898774
