times:
  edit-metadata: 1.4861832205206156
  landing: 0.7796321492642164
  view-data: 3.384359760209918
