times:
  edit-metadata: 0.5265782530186698
  landing: 0.07319840299896896
  view-data: 0.23494142096024007
