times:
  edit-metadata: 2.3471117336302996
  landing: 1.2482028994709253
  view-data: 3.754372926428914
