times:
  edit-metadata: 1.4728056602180004
  landing: 0.8808659389615059
  view-data: 3.365205217152834
