times:
  edit-metadata: 1.4696416668593884
  landing: 0.6816084757447243
  view-data: 3.298207553103566
