times:
  edit-metadata: 1.320952896028757
  landing: 0.7481909245252609
  view-data: 3.298350002616644
