times:
  edit-metadata: 0.5242539281025529
  landing: 0.06293357105460018
  view-data: 0.22100966703146696
