times:
  edit-metadata: 0.5194009639089927
  landing: 0.06584069400560111
  view-data: 0.20882227004040033
