times:
  edit-metadata: 1.4806638769805431
  landing: 0.7900907434523106
  view-data: 3.386191476136446
