times:
  edit-metadata: 1.4630338847637177
  landing: 0.7730779834091663
  view-data: 3.417068511247635
