times:
  edit-metadata: 1.8451355695724487
  landing: 1.324736250564456
  view-data: 3.822536949068308
