times:
  edit-metadata: 0.4823057218454778
  landing: 0.05364934401586652
  view-data: 0.22270252206362784
