times:
  edit-metadata: 0.560356954112649
  landing: 0.13270575273782015
  view-data: 0.2775108916684985
