times:
  edit-metadata: 1.499302975134924
  landing: 0.862727127969265
  view-data: 3.396602920955047
