times:
  edit-metadata: 1.5266078785061836
  landing: 0.9002086371183395
  view-data: 3.4214938804507256
