times:
  edit-metadata: 1.432060794904828
  landing: 0.74659404437989
  view-data: 3.3523061759769917
