times:
  edit-metadata: 1.354447373189032
  landing: 0.9484713403508067
  view-data: 3.4286617636680603
