times:
  edit-metadata: 1.5019140522927046
  landing: 0.8299460783600807
  view-data: 3.39798341691494
