times:
  edit-metadata: 0.4491189238615334
  landing: 0.05554925324395299
  view-data: 0.21522370632737875
