times:
  edit-metadata: 1.5162165332585573
  landing: 0.8022497668862343
  view-data: 3.440442895516753
