times:
  edit-metadata: 1.4778531417250633
  landing: 0.9131837785243988
  view-data: 3.337483238428831
