times:
  edit-metadata: 2.0085569717921317
  landing: 1.1737510077655315
  view-data: 3.503315974958241
