times:
  edit-metadata: 1.4710585810244083
  landing: 0.7330629676580429
  view-data: 3.3730207346379757
