times:
  edit-metadata: 1.452189811039716
  landing: 0.8551658196374774
  view-data: 3.4098322722129524
