times:
  edit-metadata: 1.4555292781442404
  landing: 0.8517747800797224
  view-data: 3.4064933639019728
