times:
  edit-metadata: 0.4617387019097805
  landing: 0.05286286398768425
  view-data: 0.21869496116414666
