times:
  edit-metadata: 0.4485975180286914
  landing: 0.06819458794780076
  view-data: 0.2154659009538591
