times:
  edit-metadata: 1.7310004569590092
  landing: 1.0669093765318394
  view-data: 3.422213565558195
