times:
  edit-metadata: 1.926332009024918
  landing: 0.8042877884581685
  view-data: 3.427082042209804
