times:
  edit-metadata: 2.7759919688105583
  landing: 1.3699122797697783
  view-data: 3.4400782827287912
