times:
  edit-metadata: 1.533596083521843
  landing: 0.7735131718218327
  view-data: 3.4399849623441696
