times:
  edit-metadata: 1.9999923016875982
  landing: 0.1672168280929327
  view-data: 0.20222742296755314
