times:
  edit-metadata: 0.4510711191687733
  landing: 0.07556621381081641
  view-data: 0.2177138680126518
