times:
  edit-metadata: 2.191696736961603
  landing: 1.2028713636100292
  view-data: 3.422147337347269
