times:
  edit-metadata: 0.6073552489979193
  landing: 0.06431120197521523
  view-data: 0.2181444409652613
