times:
  edit-metadata: 0.46145080600399524
  landing: 0.057669098023325205
  view-data: 0.21686070098076016
