times:
  edit-metadata: 1.7610413506627083
  landing: 0.8491122983396053
  view-data: 3.4294529240578413
