times:
  edit-metadata: 1.4842914640903473
  landing: 0.9240848682820797
  view-data: 3.350485611706972
