times:
  edit-metadata: 2.4545911345630884
  landing: 1.4221629295498133
  view-data: 3.6681529320776463
