times:
  edit-metadata: 1.5435583405196667
  landing: 0.7723940014839172
  view-data: 3.443055421113968
