times:
  edit-metadata: 1.3807242177426815
  landing: 0.6867453996092081
  view-data: 3.412706548348069
