times:
  edit-metadata: 1.5700052604079247
  landing: 0.7702248264104128
  view-data: 3.4437526538968086
