times:
  edit-metadata: 1.5937433540821075
  landing: 1.0776471868157387
  view-data: 3.3333892934024334
