times:
  edit-metadata: 1.6516852155327797
  landing: 0.7982839690521359
  view-data: 3.3637062637135386
