times:
  edit-metadata: 1.639890119433403
  landing: 1.14466767385602
  view-data: 3.3989631980657578
