times:
  edit-metadata: 0.44977520289830863
  landing: 0.07319326791912317
  view-data: 0.2084443240892142
