times:
  edit-metadata: 1.7443309165537357
  landing: 0.2575208228081465
  view-data: 0.4964937325567007
