times:
  edit-metadata: 0.4710422149510123
  landing: 0.04308228800073266
  view-data: 0.21038412797497585
