times:
  edit-metadata: 1.549894206225872
  landing: 5.175660453736782
  view-data: 3.343976393342018
