times:
  edit-metadata: 1.4559863600879908
  landing: 0.6708651911467314
  view-data: 3.342987146228552
