times:
  edit-metadata: 2.269829921424389
  landing: 1.0030889213085175
  view-data: 4.000035718083382
