times:
  edit-metadata: 1.4688399229198694
  landing: 0.7553978897631168
  view-data: 3.412089731544256
