times:
  edit-metadata: 1.469734288053587
  landing: 0.7938678129576147
  view-data: 3.345281624002382
