times:
  edit-metadata: 0.5536637519835494
  landing: 0.04835739597911015
  view-data: 0.2208673630375415
