times:
  edit-metadata: 1.580263327807188
  landing: 1.1640789732336998
  view-data: 3.604890886694193
