times:
  edit-metadata: 0.4854901907965541
  landing: 0.0588469950016588
  view-data: 0.20833114092238247
