times:
  edit-metadata: 1.3193381549790502
  landing: 0.7303730109706521
  view-data: 3.3309066854417324
