times:
  edit-metadata: 1.4155806256458163
  landing: 0.7511588269844651
  view-data: 3.3382844077423215
