times:
  edit-metadata: 0.47015953506343067
  landing: 0.06763336108997464
  view-data: 0.2241359339095652
