times:
  edit-metadata: 1.3824140056967735
  landing: 0.7814724184572697
  view-data: 3.302440132945776
