times:
  edit-metadata: 0.4543785660061985
  landing: 0.07275247504003346
  view-data: 0.21896398509852588
