times:
  edit-metadata: 1.44177870079875
  landing: 0.807490891776979
  view-data: 3.358712456189096
