times:
  edit-metadata: 1.4497687071561813
  landing: 0.8950474355369806
  view-data: 3.3734943214803934
