times:
  edit-metadata: 1.4943786039948463
  landing: 0.747379619628191
  view-data: 3.425620876252651
