times:
  edit-metadata: 0.5281102820008527
  landing: 0.06430343401734717
  view-data: 0.21880000198143534
