times:
  edit-metadata: 1.580402521416545
  landing: 0.8811996169388294
  view-data: 3.3694107234477997
