times:
  edit-metadata: 1.4939885288476944
  landing: 0.9234032295644283
  view-data: 3.4620004072785378
