times:
  edit-metadata: 1.5087018944323063
  landing: 0.8356564417481422
  view-data: 3.4015500433743
