times:
  edit-metadata: 0.44482446485199034
  landing: 0.07095007807947695
  view-data: 0.21317876782268286
