times:
  edit-metadata: 3.0949193481355906
  landing: 1.3179013282060623
  view-data: 3.5644630771130323
