times:
  edit-metadata: 1.4888362251222134
  landing: 0.784938445314765
  view-data: 3.4048981610685587
