times:
  edit-metadata: 1.4341097213327885
  landing: 0.7367662489414215
  view-data: 3.3659130707383156
