times:
  edit-metadata: 1.5550632122904062
  landing: 0.7860988881438971
  view-data: 3.6741371657699347
