times:
  edit-metadata: 1.4337600441649556
  landing: 0.8177438820712268
  view-data: 3.3948697592131793
