times:
  edit-metadata: 1.530288890004158
  landing: 0.7863066960126162
  view-data: 3.41073252633214
