times:
  edit-metadata: 0.5784093122929335
  landing: 0.10423584282398224
  view-data: 0.20479769818484783
