times:
  edit-metadata: 1.426550312899053
  landing: 0.7712658196687698
  view-data: 3.3696648059412837
