times:
  edit-metadata: 1.5224923696368933
  landing: 0.6829389724880457
  view-data: 3.3628789130598307
