times:
  edit-metadata: 1.499266717582941
  landing: 1.0119642689824104
  view-data: 3.283476822078228
