times:
  edit-metadata: 1.9146195035427809
  landing: 1.0902096834033728
  view-data: 3.428022162988782
