times:
  edit-metadata: 1.5067939758300781
  landing: 0.7533811833709478
  view-data: 3.400598146021366
