times:
  edit-metadata: 1.5087182484567165
  landing: 0.81182527448982
  view-data: 3.3893766896799207
