times:
  edit-metadata: 0.4497071439982392
  landing: 0.07357281597796828
  view-data: 0.2234331799845677
