times:
  edit-metadata: 1.905880163423717
  landing: 0.8523572525009513
  view-data: 3.532552871853113
