times:
  edit-metadata: 0.4408701458014548
  landing: 0.06452391808852553
  view-data: 0.22084175469353795
