times:
  edit-metadata: 0.4437427669763565
  landing: 0.055725396843627095
  view-data: 0.22215637797489762
