times:
  edit-metadata: 1.4831928834319115
  landing: 0.6908397432416677
  view-data: 3.407146232202649
