times:
  edit-metadata: 1.5429533869028091
  landing: 0.7407159190624952
  view-data: 3.4197621755301952
