times:
  edit-metadata: 1.5944208279252052
  landing: 1.1186151765286922
  view-data: 3.3600300177931786
