times:
  edit-metadata: 1.5448599085211754
  landing: 0.9227867759764194
  view-data: 3.378773882985115
