times:
  edit-metadata: 1.4424796528182924
  landing: 0.8416843288578093
  view-data: 3.362866098061204
