times:
  edit-metadata: 0.7573610250838101
  landing: 0.057196213863790035
  view-data: 0.21838241396471858
