times:
  edit-metadata: 1.5245726983994246
  landing: 0.7946171443909407
  view-data: 3.372683024033904
