times:
  edit-metadata: 1.3811341561377048
  landing: 0.9280138574540615
  view-data: 3.3195776380598545
