times:
  edit-metadata: 0.48843917483463883
  landing: 0.05729783000424504
  view-data: 0.2105640978552401
