times:
  edit-metadata: 0.5634594129996913
  landing: 0.11047537000013108
  view-data: 0.27129934200002026
