times:
  edit-metadata: 0.5937135189888068
  landing: 0.045621753961313516
  view-data: 0.21364345197798684
