times:
  edit-metadata: 1.5468698590993881
  landing: 0.8565431777387857
  view-data: 3.430584544315934
