times:
  edit-metadata: 1.5116531625390053
  landing: 0.9656461626291275
  view-data: 3.460083346813917
