times:
  edit-metadata: 1.3471797853708267
  landing: 0.8104938426986337
  view-data: 3.356340093538165
