times:
  edit-metadata: 1.3409646800719202
  landing: 0.7648432389833033
  view-data: 3.331550467060879
