times:
  edit-metadata: 1.3495106436312199
  landing: 0.7161248112097383
  view-data: 3.298566434532404
