times:
  edit-metadata: 1.3406407870352268
  landing: 0.8395302854478359
  view-data: 3.29384383931756
