times:
  edit-metadata: 0.508545767981559
  landing: 0.06119095999747515
  view-data: 0.219084108248353
