times:
  edit-metadata: 0.4579413630999625
  landing: 0.07134103495627642
  view-data: 0.21156978805083781
