times:
  edit-metadata: 2.69640483148396
  landing: 1.2382179740816355
  view-data: 3.911655243486166
