times:
  edit-metadata: 1.5154632274061441
  landing: 0.8932384680956602
  view-data: 3.43010032735765
