times:
  edit-metadata: 1.4505032077431679
  landing: 0.7409465573728085
  view-data: 3.4761386644095182
