times:
  edit-metadata: 1.4187079221010208
  landing: 0.8811706379055977
  view-data: 3.288715709000826
