times:
  edit-metadata: 0.4701114040799439
  landing: 0.07668107119388878
  view-data: 0.2149467640556395
