times:
  edit-metadata: 0.45970098907127976
  landing: 0.07067530299536884
  view-data: 0.2320382429752499
