times:
  edit-metadata: 1.4141148263588548
  landing: 0.7735967822372913
  view-data: 3.3736441750079393
