times:
  edit-metadata: 1.3558122292160988
  landing: 0.8400767184793949
  view-data: 3.7198098972439766
