times:
  edit-metadata: 2.1693683955818415
  landing: 1.3244427144527435
  view-data: 3.5692794267088175
