times:
  edit-metadata: 1.616389237344265
  landing: 0.9382027313113213
  view-data: 3.475701102986932
