times:
  edit-metadata: 1.420049712061882
  landing: 0.8808435872197151
  view-data: 3.3507335111498833
