times:
  edit-metadata: 1.5635328404605389
  landing: 0.9217988327145576
  view-data: 3.3537664748728275
