times:
  edit-metadata: 1.6329814605414867
  landing: 0.7589215822517872
  view-data: 3.3032932952046394
