times:
  edit-metadata: 1.5539397448301315
  landing: 1.6452953591942787
  view-data: 3.5983963944017887
