times:
  edit-metadata: 1.454604808241129
  landing: 0.9013636969029903
  view-data: 3.4255345687270164
