times:
  edit-metadata: 1.3949791640043259
  landing: 0.7326879687607288
  view-data: 3.381546948105097
