times:
  edit-metadata: 1.531070526689291
  landing: 0.7917057760059834
  view-data: 3.4283935576677322
