times:
  edit-metadata: 0.544792904984206
  landing: 0.06762127601541579
  view-data: 0.22018059401307255
