times:
  edit-metadata: 1.4425184270367026
  landing: 0.8726499993354082
  view-data: 3.3658547303639352
