times:
  edit-metadata: 1.347272016108036
  landing: 0.9459925591945648
  view-data: 3.6692571192979813
