times:
  edit-metadata: 1.4375678291544318
  landing: 0.7488635769113898
  view-data: 3.3844957053661346
