times:
  edit-metadata: 1.4957125969231129
  landing: 0.8998216390609741
  view-data: 3.3928693868219852
