times:
  edit-metadata: 1.4317057677544653
  landing: 0.810593303758651
  view-data: 3.3348502218723297
