times:
  edit-metadata: 2.20596113614738
  landing: 1.4056573994457722
  view-data: 3.459215519949794
