times:
  edit-metadata: 1.3717628009617329
  landing: 0.7751142587512732
  view-data: 3.36249110288918
