times:
  edit-metadata: 1.433288898319006
  landing: 0.7909583710134029
  view-data: 3.3193426253274083
