times:
  edit-metadata: 0.814449188997969
  landing: 0.06936582399066538
  view-data: 0.21839404298225418
