times:
  edit-metadata: 1.3341077044606209
  landing: 1.0030233338475227
  view-data: 3.372343260794878
