times:
  edit-metadata: 1.9319928428158164
  landing: 1.1324218241497874
  view-data: 3.3923091869801283
