times:
  edit-metadata: 1.4840564783662558
  landing: 0.7449251543730497
  view-data: 3.365460768342018
