times:
  edit-metadata: 0.5362661149993073
  landing: 0.06999702099710703
  view-data: 0.22616969601949677
