times:
  edit-metadata: 0.6063927370123565
  landing: 0.15978577500209212
  view-data: 0.22431834693998098
