times:
  edit-metadata: 1.5438789576292038
  landing: 0.7667134739458561
  view-data: 3.4550633281469345
