times:
  edit-metadata: 1.675800550961867
  landing: 0.8450457390863448
  view-data: 3.349066355964169
