times:
  edit-metadata: 1.518107283860445
  landing: 0.8779574669897556
  view-data: 3.4261075109243393
