times:
  edit-metadata: 0.506488987011835
  landing: 0.04681475297547877
  view-data: 0.24589071609079838
