times:
  edit-metadata: 1.6282117031514645
  landing: 0.9463816322386265
  view-data: 3.475684054195881
