times:
  edit-metadata: 0.439500214997679
  landing: 0.07584731793031096
  view-data: 0.2143401331268251
