times:
  edit-metadata: 1.531019613146782
  landing: 0.7537361495196819
  view-data: 3.3663540482521057
