times:
  edit-metadata: 0.4610833458136767
  landing: 0.07067431299947202
  view-data: 0.20292846905067563
