times:
  edit-metadata: 1.3931202106177807
  landing: 0.8890390209853649
  view-data: 3.371923226863146
