times:
  edit-metadata: 1.4513213597238064
  landing: 0.7289922721683979
  view-data: 3.351599119603634
