times:
  edit-metadata: 0.5343169830739498
  landing: 0.06126928888261318
  view-data: 0.2168899760581553
