times:
  edit-metadata: 0.5378594339999836
  landing: 0.05685339099727571
  view-data: 0.21787514600146096
