times:
  edit-metadata: 2.544353537261486
  landing: 1.5007678605616093
  view-data: 3.5303715616464615
