times:
  edit-metadata: 1.4764828644692898
  landing: 0.8353572078049183
  view-data: 3.329637348651886
