times:
  edit-metadata: 1.7992271790280938
  landing: 1.3815367072820663
  view-data: 3.448200674727559
