times:
  edit-metadata: 0.47113816696219146
  landing: 0.05690423189662397
  view-data: 0.21770895505324006
