times:
  edit-metadata: 0.4604591920506209
  landing: 0.07497115293517709
  view-data: 0.21581347798928618
