times:
  edit-metadata: 1.6579464403912425
  landing: 1.2718419702723622
  view-data: 4.332581312395632
