times:
  edit-metadata: 0.58744030399248
  landing: 0.10515056503936648
  view-data: 0.24925637105479836
