times:
  edit-metadata: 1.2806988786906004
  landing: 0.768492863047868
  view-data: 3.338341692928225
