times:
  edit-metadata: 0.6081780060194433
  landing: 0.15659354394301772
  view-data: 0.22362795192748308
