times:
  edit-metadata: 1.6728837117552757
  landing: 0.9241326227784157
  view-data: 3.3618124574422836
