times:
  edit-metadata: 0.8259406420402229
  landing: 0.07173655787482858
  view-data: 0.2605752949602902
