times:
  edit-metadata: 1.5123788975179195
  landing: 0.7787734307348728
  view-data: 3.2294104546308517
