times:
  edit-metadata: 1.481665976345539
  landing: 0.9706608578562737
  view-data: 3.3614440113306046
