times:
  edit-metadata: 1.8653379492461681
  landing: 0.8153121769428253
  view-data: 3.394422810524702
