times:
  edit-metadata: 1.4711037087254226
  landing: 0.740968223195523
  view-data: 3.3446058654226363
