times:
  edit-metadata: 0.5596720349858515
  landing: 0.08088171703275293
  view-data: 0.2190917679690756
