times:
  edit-metadata: 0.5255653309995978
  landing: 0.04919821899966337
  view-data: 0.21999114800019015
