times:
  edit-metadata: 1.5530877113342285
  landing: 0.9632481187582016
  view-data: 3.409026652574539
