times:
  edit-metadata: 1.4853865467011929
  landing: 0.7369722872972488
  view-data: 3.672513861209154
