times:
  edit-metadata: 1.5037740524858236
  landing: 0.8427618592977524
  view-data: 3.386027244850993
