times:
  edit-metadata: 1.3768503367900848
  landing: 0.8536154646426439
  view-data: 3.329611973837018
