times:
  edit-metadata: 1.5177003256976604
  landing: 1.1671268306672573
  view-data: 3.3526562489569187
