times:
  edit-metadata: 0.5846481821499765
  landing: 0.045026361010968685
  view-data: 0.2166876089759171
