times:
  edit-metadata: 0.7401034440845251
  landing: 0.10444536618888378
  view-data: 0.26992035657167435
