times:
  edit-metadata: 1.2593535331543535
  landing: 0.7964978399686515
  view-data: 3.286727803060785
