times:
  edit-metadata: 1.4352166131138802
  landing: 0.8983251713216305
  view-data: 3.339370969682932
