times:
  edit-metadata: 0.5333329900167882
  landing: 0.04699354199692607
  view-data: 0.22281543200369924
