times:
  edit-metadata: 1.4009292721748352
  landing: 0.7671901173889637
  view-data: 3.397645741701126
