times:
  edit-metadata: 0.5651628966443241
  landing: 0.15807483391836286
  view-data: 0.22770174499601126
