times:
  edit-metadata: 1.9803856052458286
  landing: 0.964907955378294
  view-data: 3.3513769693672657
