times:
  edit-metadata: 0.4827702740440145
  landing: 0.06531941599678248
  view-data: 0.20287732407450676
