times:
  edit-metadata: 1.4903390500694513
  landing: 0.805828008800745
  view-data: 3.398035239428282
