times:
  edit-metadata: 0.4908604300580919
  landing: 0.06599230295978487
  view-data: 0.21355690085329115
