times:
  edit-metadata: 1.5032424665987492
  landing: 0.976758873090148
  view-data: 3.2960852440446615
