times:
  edit-metadata: 0.5924938089447096
  landing: 0.06383417802862823
  view-data: 0.22793958999682218
