times:
  edit-metadata: 1.4762070253491402
  landing: 1.5608559595420957
  view-data: 3.4305668845772743
