times:
  edit-metadata: 1.556816527619958
  landing: 0.6557605545967817
  view-data: 3.3613686598837376
