times:
  edit-metadata: 2.5835128985345364
  landing: 0.7450894918292761
  view-data: 3.482241160236299
