times:
  edit-metadata: 0.603745679021813
  landing: 0.04624110599979758
  view-data: 0.21857896295841783
