times:
  edit-metadata: 0.5936531989718787
  landing: 0.06938980903942138
  view-data: 0.22489873098675162
