times:
  edit-metadata: 1.4895087592303753
  landing: 0.8395341224968433
  view-data: 3.3330143112689257
