times:
  edit-metadata: 1.3631488718092442
  landing: 0.8686940968036652
  view-data: 3.3314404860138893
