times:
  edit-metadata: 1.4263222143054008
  landing: 0.835242509841919
  view-data: 3.3549644611775875
