times:
  edit-metadata: 0.5260438320692629
  landing: 0.04816606710664928
  view-data: 0.19714006199501455
