times:
  edit-metadata: 3.1626512333750725
  landing: 1.078268799930811
  view-data: 4.080892324447632
