times:
  edit-metadata: 0.5845523589996446
  landing: 0.07543387100031396
  view-data: 0.21901687399986258
