times:
  edit-metadata: 0.5818579669576138
  landing: 0.05222393595613539
  view-data: 0.21464211493730545
