times:
  edit-metadata: 1.4020270826295018
  landing: 0.7999769942834973
  view-data: 3.3279055170714855
