times:
  edit-metadata: 0.6210728689911775
  landing: 0.057805522985290736
  view-data: 0.21948279201751575
