times:
  edit-metadata: 0.547678902046755
  landing: 0.04876331193372607
  view-data: 0.24066566117107868
