times:
  edit-metadata: 1.3545132093131542
  landing: 0.8439321555197239
  view-data: 3.3338152319192886
