times:
  edit-metadata: 0.5100386409903876
  landing: 0.050208074040710926
  view-data: 0.35726750700268894
