times:
  edit-metadata: 1.4828033410012722
  landing: 0.8144661821424961
  view-data: 3.376166183501482
