times:
  edit-metadata: 1.488693818449974
  landing: 0.7327511422336102
  view-data: 3.2838283702731133
