times:
  edit-metadata: 1.6331423595547676
  landing: 0.782136756926775
  view-data: 3.322292709723115
