times:
  edit-metadata: 0.5978294660017127
  landing: 0.08073326500016265
  view-data: 0.23246018400095636
