times:
  edit-metadata: 0.5068144110264257
  landing: 0.06925168796442449
  view-data: 0.21133326995186508
