times:
  edit-metadata: 1.4380465373396873
  landing: 0.7864801636897027
  view-data: 3.3357126149348915
