times:
  edit-metadata: 0.6057052779942751
  landing: 0.08426090003922582
  view-data: 0.21409154997672886
