times:
  edit-metadata: 1.5701668225228786
  landing: 0.8922882489860058
  view-data: 3.307310091331601
