times:
  edit-metadata: 1.4570060893893242
  landing: 0.8995888419449329
  view-data: 3.3340930491685867
