times:
  edit-metadata: 1.4208698431029916
  landing: 0.7870395791251212
  view-data: 3.3791962759569287
