times:
  edit-metadata: 1.7574606500566006
  landing: 1.0998347289860249
  view-data: 3.4063571467995644
