times:
  edit-metadata: 1.3756068460643291
  landing: 0.8715023510158062
  view-data: 3.4013040103018284
