times:
  edit-metadata: 1.6406864076852798
  landing: 1.0306971594691277
  view-data: 3.365253083407879
