times:
  edit-metadata: 1.4741803370416164
  landing: 0.8274122790899128
  view-data: 3.3164364888798445
