times:
  edit-metadata: 1.2724361587315798
  landing: 0.662897503003478
  view-data: 3.2801159638911486
