times:
  edit-metadata: 1.4691977333277464
  landing: 0.7164286533370614
  view-data: 3.329722779802978
