times:
  edit-metadata: 1.2864568494260311
  landing: 0.8081870526075363
  view-data: 3.593290101736784
