times:
  edit-metadata: 0.5839234022423625
  landing: 0.07803445216268301
  view-data: 0.22687719808891416
