times:
  edit-metadata: 1.5193473417311907
  landing: 0.8069429416209459
  view-data: 3.3314004000276327
