times:
  edit-metadata: 1.302189587149769
  landing: 0.8105345657095313
  view-data: 3.304909735918045
