times:
  edit-metadata: 0.4984687650576234
  landing: 0.07259746384806931
  view-data: 0.21553954505361617
