times:
  edit-metadata: 1.5469553712755442
  landing: 0.8149842321872711
  view-data: 3.363630833104253
