times:
  edit-metadata: 0.5004082398954779
  landing: 0.0684141858946532
  view-data: 0.36188412201590836
