times:
  edit-metadata: 0.5085855520010227
  landing: 0.04906109599687625
  view-data: 0.2054148669994902
