times:
  edit-metadata: 0.5221447820076719
  landing: 0.05529492802452296
  view-data: 0.21155862300656736
