times:
  edit-metadata: 1.5968829970806837
  landing: 0.8702474683523178
  view-data: 3.4135335870087147
