times:
  edit-metadata: 1.3875879347324371
  landing: 1.0650381073355675
  view-data: 3.4106941632926464
