times:
  edit-metadata: 0.49660461908206344
  landing: 0.06685522594489157
  view-data: 0.21582923899404705
