times:
  edit-metadata: 1.6000674832612276
  landing: 0.7695365808904171
  view-data: 3.326663751155138
