times:
  edit-metadata: 1.2780813612043858
  landing: 0.7574597299098969
  view-data: 3.3193445475772023
