times:
  edit-metadata: 1.6171709336340427
  landing: 0.9282540790736675
  view-data: 3.3428740091621876
