times:
  edit-metadata: 1.7801206447184086
  landing: 1.0450328849256039
  view-data: 3.314020523801446
