times:
  edit-metadata: 1.4268913585692644
  landing: 0.740093756467104
  view-data: 3.327528052031994
