times:
  edit-metadata: 1.406777709722519
  landing: 0.7049312070012093
  view-data: 3.2952930107712746
