times:
  edit-metadata: 1.4582665376365185
  landing: 0.6639857925474644
  view-data: 3.3472723811864853
