times:
  edit-metadata: 2.437554307281971
  landing: 1.2640042640268803
  view-data: 3.6244383081793785
