times:
  edit-metadata: 1.3644569851458073
  landing: 0.7445322293788195
  view-data: 3.2951924968510866
