times:
  edit-metadata: 1.5084864478558302
  landing: 0.7482025790959597
  view-data: 3.434102851897478
