times:
  edit-metadata: 0.5988182550063357
  landing: 0.04474324401235208
  view-data: 0.21441156501532532
