times:
  edit-metadata: 1.569623252376914
  landing: 0.6652111038565636
  view-data: 3.3103100303560495
