times:
  edit-metadata: 0.5027493620291352
  landing: 0.06984599796123803
  view-data: 0.22062997100874782
