times:
  edit-metadata: 1.5000603217631578
  landing: 0.7327146455645561
  view-data: 3.3542080242186785
