times:
  edit-metadata: 2.4324434138834476
  landing: 7.356051307171583
  view-data: 3.5093452632427216
