times:
  edit-metadata: 1.3759242491796613
  landing: 0.7317002769559622
  view-data: 3.3386828880757093
