times:
  edit-metadata: 2.134203664958477
  landing: 1.206542819738388
  view-data: 3.7765786312520504
