times:
  edit-metadata: 1.7724427711218596
  landing: 1.0223835138604045
  view-data: 3.420112899504602
