times:
  edit-metadata: 0.48747426699264906
  landing: 0.06279390401323326
  view-data: 0.33336790301837027
