times:
  edit-metadata: 1.7381391078233719
  landing: 0.9975900240242481
  view-data: 3.3519959188997746
