times:
  edit-metadata: 1.5229761507362127
  landing: 0.6815293319523335
  view-data: 3.3829767741262913
