times:
  edit-metadata: 0.5105308000929654
  landing: 0.08603651798330247
  view-data: 0.3367169180419296
