times:
  edit-metadata: 0.5162199048791081
  landing: 0.08071765885688365
  view-data: 0.22155120386742055
