times:
  edit-metadata: 1.4410153552889824
  landing: 0.821779727935791
  view-data: 3.308538667857647
