times:
  edit-metadata: 1.7063496770570055
  landing: 0.8948273269925267
  view-data: 3.358768646023236
