times:
  edit-metadata: 0.5127783778589219
  landing: 0.07508610421791673
  view-data: 0.21047932817600667
