times:
  edit-metadata: 1.5104016326367855
  landing: 0.7395316064357758
  view-data: 3.362288935109973
