times:
  edit-metadata: 1.4612376503646374
  landing: 0.8036052398383617
  view-data: 3.3068295419216156
