times:
  edit-metadata: 1.3299964829348028
  landing: 0.7428258759900928
  view-data: 3.3112478707917035
