times:
  edit-metadata: 0.5771613379474729
  landing: 0.0944036899600178
  view-data: 0.2344749040203169
