times:
  edit-metadata: 1.48180684261024
  landing: 0.7427603118121624
  view-data: 3.344069881364703
