times:
  edit-metadata: 0.5167449368163943
  landing: 0.05001075519248843
  view-data: 0.21795944590121508
