times:
  edit-metadata: 0.48256924300221726
  landing: 0.059679359022993594
  view-data: 0.20357132697245106
