times:
  edit-metadata: 1.57610129006207
  landing: 1.0829016547650099
  view-data: 3.335675976239145
