times:
  edit-metadata: 0.5757560569982161
  landing: 0.06889884699921822
  view-data: 0.20883591399615398
