times:
  edit-metadata: 2.044678281992674
  landing: 0.9760323651134968
  view-data: 3.432449173182249
