times:
  edit-metadata: 0.9105036649852991
  landing: 0.049270795192569494
  view-data: 0.216639150865376
