times:
  edit-metadata: 0.5171257799956948
  landing: 0.06942444713786244
  view-data: 0.21368030994199216
