times:
  edit-metadata: 0.7017964827828109
  landing: 0.11437871120870113
  view-data: 0.21721604000777006
