times:
  edit-metadata: 1.4095145408064127
  landing: 0.6844760589301586
  view-data: 3.3444378096610308
