times:
  edit-metadata: 1.2694640299887396
  landing: 0.31156400800682604
  view-data: 0.3071241279831156
