times:
  edit-metadata: 1.5538675375282764
  landing: 1.005976565182209
  view-data: 3.347861874848604
