times:
  edit-metadata: 1.5578190311789513
  landing: 1.036799792200327
  view-data: 3.3505230471491814
