times:
  edit-metadata: 2.194218610879034
  landing: 1.1958040348254144
  view-data: 3.600874003022909
