times:
  edit-metadata: 1.5078355260193348
  landing: 0.8110604286193848
  view-data: 3.33742943033576
