times:
  edit-metadata: 2.939008602872491
  landing: 1.003357071429491
  view-data: 3.4140732120722532
