times:
  edit-metadata: 1.451050104573369
  landing: 0.7916410304605961
  view-data: 3.340139815583825
