times:
  edit-metadata: 0.5777744930237532
  landing: 0.07447626302018762
  view-data: 0.20919111813418567
