times:
  edit-metadata: 0.4986787260277197
  landing: 0.06910608499310911
  view-data: 0.228610593941994
