times:
  edit-metadata: 0.5666857920587063
  landing: 0.07890847092494369
  view-data: 0.22397005883976817
