times:
  edit-metadata: 1.3937044776976109
  landing: 0.885300874710083
  view-data: 3.378082826733589
