times:
  edit-metadata: 1.3837952979374677
  landing: 0.9154944609617814
  view-data: 3.3498613509582356
