times:
  edit-metadata: 2.2745797354727983
  landing: 1.0269166277721524
  view-data: 3.7273853113874793
