times:
  edit-metadata: 0.5199076640419662
  landing: 0.06013726303353906
  view-data: 0.23396316496655345
