times:
  edit-metadata: 1.7924726782366633
  landing: 0.8563326196745038
  view-data: 3.4312390917912126
