times:
  edit-metadata: 1.4160736500052735
  landing: 0.8030262889806181
  view-data: 3.353518504067324
