times:
  edit-metadata: 1.5577834881842136
  landing: 0.9503996782004833
  view-data: 3.402667511254549
