times:
  edit-metadata: 0.5805194440763444
  landing: 0.06490813998971134
  view-data: 0.21756250807084143
