times:
  edit-metadata: 1.5248642303049564
  landing: 0.8000740110874176
  view-data: 3.368577342480421
