times:
  edit-metadata: 1.4626598581671715
  landing: 0.8349183648824692
  view-data: 3.2408655919134617
