times:
  edit-metadata: 0.5066695271525532
  landing: 0.06381246191449463
  view-data: 0.22788016009144485
