times:
  edit-metadata: 0.5140481459675357
  landing: 0.0618148329667747
  view-data: 0.20037926896475255
