times:
  edit-metadata: 1.4059992264956236
  landing: 0.7898155152797699
  view-data: 3.396663261577487
