times:
  edit-metadata: 0.5633245190110756
  landing: 0.07060082300449722
  view-data: 0.3553510679921601
