times:
  edit-metadata: 1.429901797324419
  landing: 0.8517351932823658
  view-data: 3.3813227489590645
