times:
  edit-metadata: 1.5983035005629063
  landing: 0.8135624285787344
  view-data: 3.364900391548872
