times:
  edit-metadata: 1.4489790815860033
  landing: 0.8893400048837066
  view-data: 3.30230425670743
