times:
  edit-metadata: 0.5751230620080605
  landing: 0.07106153000495397
  view-data: 0.21744661800039466
