times:
  edit-metadata: 1.8801238257437944
  landing: 1.1532092690467834
  view-data: 3.5025882478803396
