times:
  edit-metadata: 0.6630927631631494
  landing: 0.1960677420720458
  view-data: 0.22105373395606875
