times:
  edit-metadata: 1.3863937687128782
  landing: 0.751530596986413
  view-data: 3.3659638464450836
