times:
  edit-metadata: 1.4016551412642002
  landing: 0.8102242201566696
  view-data: 3.409961085766554
