times:
  edit-metadata: 1.6204804107546806
  landing: 0.9751926995813847
  view-data: 3.3862250819802284
