times:
  edit-metadata: 1.5291808247566223
  landing: 0.8318990487605333
  view-data: 3.3606851920485497
