times:
  edit-metadata: 1.3513002581894398
  landing: 0.7991652823984623
  view-data: 3.3975555039942265
