times:
  edit-metadata: 0.5970274209976196
  landing: 0.06192881893366575
  view-data: 0.2262848480604589
