times:
  edit-metadata: 1.6042751148343086
  landing: 0.8898340165615082
  view-data: 3.347082030028105
