times:
  edit-metadata: 0.5273951306007802
  landing: 0.05319064809009433
  view-data: 0.2053145058453083
