times:
  edit-metadata: 1.4976928774267435
  landing: 0.7265149280428886
  view-data: 3.4149710554629564
