times:
  edit-metadata: 1.4568318091332912
  landing: 0.832642225548625
  view-data: 3.482293050736189
