times:
  edit-metadata: 1.3645089417696
  landing: 0.8233061730861664
  view-data: 3.3716910649091005
