times:
  edit-metadata: 1.4529384784400463
  landing: 0.7437633909285069
  view-data: 3.3543096892535686
