times:
  edit-metadata: 1.5217187330126762
  landing: 0.8092890866100788
  view-data: 3.3459803126752377
