times:
  edit-metadata: 0.5949353650212288
  landing: 0.07379566505551338
  view-data: 0.21404222096316516
