times:
  edit-metadata: 2.7656050203368068
  landing: 1.3320518163964152
  view-data: 3.8709242176264524
