times:
  edit-metadata: 1.5011463947594166
  landing: 0.8143569827079773
  view-data: 3.328978925012052
