times:
  edit-metadata: 0.5218402750324458
  landing: 0.047884028987027705
  view-data: 0.3474690690636635
