times:
  edit-metadata: 1.8587748557329178
  landing: 0.8379921205341816
  view-data: 3.4081776589155197
