times:
  edit-metadata: 1.449285302311182
  landing: 0.8590525910258293
  view-data: 3.3929674606770277
