times:
  edit-metadata: 1.4337597116827965
  landing: 0.7764790095388889
  view-data: 3.4089174643158913
