times:
  edit-metadata: 1.3309872709214687
  landing: 0.825814001262188
  view-data: 3.3875018656253815
