times:
  edit-metadata: 1.4113257303833961
  landing: 0.7427134327590466
  view-data: 3.3243123944848776
