times:
  edit-metadata: 1.3423985922709107
  landing: 0.8340190928429365
  view-data: 3.385979926213622
