times:
  edit-metadata: 1.450341235846281
  landing: 1.0705359973944724
  view-data: 3.4095041626133025
