times:
  edit-metadata: 1.5626242831349373
  landing: 0.8946411907672882
  view-data: 3.4547004215419292
