times:
  edit-metadata: 0.5245657289633527
  landing: 0.04470867302734405
  view-data: 0.3465454279212281
