times:
  edit-metadata: 0.5775878260610625
  landing: 0.07466413697693497
  view-data: 0.21976820100098848
