times:
  edit-metadata: 1.4239825792610645
  landing: 0.9141017757356167
  view-data: 3.344877917319536
