times:
  edit-metadata: 0.5316211371682584
  landing: 0.04891306580975652
  view-data: 0.21917775738984346
