times:
  edit-metadata: 1.6114414408802986
  landing: 0.7997835800051689
  view-data: 3.4134456794708967
