times:
  edit-metadata: 1.3838019678369164
  landing: 0.7638670820742846
  view-data: 3.39565328322351
