times:
  edit-metadata: 0.6552502579870634
  landing: 0.06497556300018914
  view-data: 0.21448866699938662
