times:
  edit-metadata: 1.5476719625294209
  landing: 0.7628102637827396
  view-data: 3.3584255445748568
