times:
  edit-metadata: 1.445810366421938
  landing: 0.8845203891396523
  view-data: 3.3610551841557026
