times:
  edit-metadata: 1.3937111441046
  landing: 0.7604387439787388
  view-data: 3.2902222787961364
