times:
  edit-metadata: 1.4672162234783173
  landing: 0.6779794432222843
  view-data: 3.3524531312286854
