times:
  edit-metadata: 0.597832378000021
  landing: 0.11574910499621183
  view-data: 0.21963362698443234
