times:
  edit-metadata: 0.5157539369538426
  landing: 0.0647033010609448
  view-data: 0.2142900968901813
