times:
  edit-metadata: 0.5159822369460016
  landing: 0.11958497203886509
  view-data: 0.20846252189949155
