times:
  edit-metadata: 1.3675333100836724
  landing: 0.6870486049447209
  view-data: 3.257177945924923
