times:
  edit-metadata: 0.4848854881711304
  landing: 0.07474305666983128
  view-data: 0.23334908206015825
