times:
  edit-metadata: 2.34294674731791
  landing: 1.816899487748742
  view-data: 3.495676951482892
