times:
  edit-metadata: 0.5010603119153529
  landing: 0.06838275492191315
  view-data: 0.2070731830317527
