times:
  edit-metadata: 1.432384256273508
  landing: 0.9077108427882195
  view-data: 3.3831852562725544
