times:
  edit-metadata: 0.5523046950111166
  landing: 0.051361401041503996
  view-data: 0.20555257302476093
