times:
  edit-metadata: 1.5520297158509493
  landing: 0.7651629075407982
  view-data: 3.402454163879156
