times:
  edit-metadata: 2.178429674357176
  landing: 1.3551714234054089
  view-data: 3.7114056795835495
