times:
  edit-metadata: 1.4033544901758432
  landing: 0.7398034613579512
  view-data: 3.342846307903528
