times:
  edit-metadata: 1.4121991069987416
  landing: 0.9070995249785483
  view-data: 3.3524581319652498
