times:
  edit-metadata: 1.428338872268796
  landing: 0.7916095498949289
  view-data: 3.3421052917838097
