times:
  edit-metadata: 0.5161150509957224
  landing: 0.07058117096312344
  view-data: 0.21191739803180099
