times:
  edit-metadata: 1.2772663878276944
  landing: 0.7541308403015137
  view-data: 3.2613703748211265
