times:
  edit-metadata: 1.9397085532546043
  landing: 0.8974917903542519
  view-data: 3.4158690199255943
