times:
  edit-metadata: 1.5795270092785358
  landing: 0.9482828639447689
  view-data: 3.3829434290528297
