times:
  edit-metadata: 1.5319731757044792
  landing: 0.9217235082760453
  view-data: 3.356463862583041
