times:
  edit-metadata: 0.5924401772208512
  landing: 0.06735188607126474
  view-data: 0.215015668887645
