times:
  edit-metadata: 1.488714437931776
  landing: 1.0544152148067951
  view-data: 3.3666363321244717
