times:
  edit-metadata: 1.5012348219752312
  landing: 0.8611485213041306
  view-data: 3.334681686013937
