times:
  edit-metadata: 1.5217369049787521
  landing: 0.7338406201452017
  view-data: 3.415578356012702
