times:
  edit-metadata: 1.5790053755044937
  landing: 0.8219673447310925
  view-data: 3.3054697811603546
