times:
  edit-metadata: 1.4354700408875942
  landing: 0.7137668170034885
  view-data: 3.296381998807192
