times:
  edit-metadata: 1.4474678374826908
  landing: 0.8814827166497707
  view-data: 3.3161569871008396
