times:
  edit-metadata: 1.5931967999786139
  landing: 0.8350424533709884
  view-data: 3.34145750105381
