times:
  edit-metadata: 1.5398238748311996
  landing: 0.7536544427275658
  view-data: 3.338822180405259
