times:
  edit-metadata: 1.420339372009039
  landing: 0.895802017301321
  view-data: 3.4177071005105972
