times:
  edit-metadata: 1.3399053923785686
  landing: 0.6855517718940973
  view-data: 3.306825637817383
