times:
  edit-metadata: 0.585595621028915
  landing: 0.07745398802217096
  view-data: 0.23785812791902572
