times:
  edit-metadata: 1.3438753448426723
  landing: 0.8806555103510618
  view-data: 3.516487406566739
