times:
  edit-metadata: 0.5869526939932257
  landing: 0.06496934901224449
  view-data: 0.222841744980542
