times:
  edit-metadata: 1.5185574293136597
  landing: 0.7297865021973848
  view-data: 3.419060129672289
