times:
  edit-metadata: 1.3337868843227625
  landing: 0.74411162128672
  view-data: 3.333438466768712
