times:
  edit-metadata: 1.4061522148549557
  landing: 0.8012597393244505
  view-data: 3.3045024909079075
