times:
  edit-metadata: 1.6788186952471733
  landing: 0.9081424549221992
  view-data: 3.4550102166831493
