times:
  edit-metadata: 1.5692617669701576
  landing: 1.061668423935771
  view-data: 3.4053365159779787
