times:
  edit-metadata: 1.4471596293151379
  landing: 0.8103331439197063
  view-data: 3.2929087206721306
