times:
  edit-metadata: 2.494879737496376
  landing: 1.4793796949088573
  view-data: 3.8411076813936234
