times:
  edit-metadata: 0.609717630999512
  landing: 0.06997985999623779
  view-data: 0.21964897301222663
