times:
  edit-metadata: 2.063574439845979
  landing: 1.204135158099234
  view-data: 3.4543694597668946
