times:
  edit-metadata: 1.6776540849823505
  landing: 0.8328608270967379
  view-data: 3.2816910370020196
