times:
  edit-metadata: 1.487830562517047
  landing: 0.7144620101898909
  view-data: 3.365088138729334
