times:
  edit-metadata: 1.9463630467653275
  landing: 0.8600843288004398
  view-data: 3.6444525495171547
