times:
  edit-metadata: 3.032702513039112
  landing: 1.2640904188156128
  view-data: 3.3844376914203167
