times:
  edit-metadata: 1.8307579727843404
  landing: 0.9404726061038673
  view-data: 3.352202211972326
