times:
  edit-metadata: 1.400331910001114
  landing: 0.768411673954688
  view-data: 3.3967600140022114
