times:
  edit-metadata: 0.5186931609641761
  landing: 0.04763798601925373
  view-data: 0.20816123415715992
