times:
  edit-metadata: 1.8331960495561361
  landing: 1.2222599973902106
  view-data: 3.484439469873905
