times:
  edit-metadata: 1.4427508357912302
  landing: 0.7535965237766504
  view-data: 3.311688946560025
