times:
  edit-metadata: 1.2925287736579776
  landing: 0.704631126485765
  view-data: 3.339772650040686
