times:
  edit-metadata: 1.5126760676503181
  landing: 0.9808087833225727
  view-data: 3.3476559184491634
