times:
  edit-metadata: 1.5261390944942832
  landing: 0.7836714936420321
  view-data: 3.283435834571719
