times:
  edit-metadata: 1.801827885210514
  landing: 0.7874160222709179
  view-data: 3.4292492270469666
