times:
  edit-metadata: 0.5059019809123129
  landing: 0.0739220508839935
  view-data: 0.2121199001558125
