times:
  edit-metadata: 1.3772151283919811
  landing: 0.9236345514655113
  view-data: 3.3498081490397453
