times:
  edit-metadata: 0.6287269024178386
  landing: 0.043397015891969204
  view-data: 0.2231399966403842
