times:
  edit-metadata: 0.6329749809810892
  landing: 0.14469307498075068
  view-data: 0.22160171199357137
