times:
  edit-metadata: 0.5058557509910315
  landing: 0.06728508183732629
  view-data: 0.22604280803352594
