times:
  edit-metadata: 1.4756560400128365
  landing: 0.783275879919529
  view-data: 3.3546687122434378
