times:
  edit-metadata: 1.9045409075915813
  landing: 1.143641259521246
  view-data: 3.5027111805975437
