times:
  edit-metadata: 1.392619214951992
  landing: 0.8383472412824631
  view-data: 3.412638621404767
