times:
  edit-metadata: 0.6044257550965995
  landing: 0.07162143406458199
  view-data: 0.2549284449778497
