times:
  edit-metadata: 1.438681185245514
  landing: 0.9197239726781845
  view-data: 3.4687513522803783
