times:
  edit-metadata: 1.4040778670459986
  landing: 0.7240962442010641
  view-data: 3.3830579463392496
