times:
  edit-metadata: 1.3450873382389545
  landing: 0.909887008368969
  view-data: 3.282853465527296
