times:
  edit-metadata: 1.299903986044228
  landing: 0.749171532690525
  view-data: 3.3771713599562645
