times:
  edit-metadata: 1.5281085632741451
  landing: 0.796892523765564
  view-data: 3.3677173452451825
