times:
  edit-metadata: 1.5030857101082802
  landing: 0.71948466822505
  view-data: 3.3257663920521736
