times:
  edit-metadata: 1.7716978304088116
  landing: 1.011760987341404
  view-data: 3.4232358001172543
