times:
  edit-metadata: 1.4489581137895584
  landing: 0.8025583121925592
  view-data: 3.3101268392056227
