times:
  edit-metadata: 1.5174753312021494
  landing: 0.7997880708426237
  view-data: 3.349496139213443
