times:
  edit-metadata: 0.4874568230006844
  landing: 0.06634145000134595
  view-data: 0.20761009500711225
