times:
  edit-metadata: 1.3401248841546476
  landing: 0.7050324948504567
  view-data: 3.2975811129435897
