times:
  edit-metadata: 1.617458903696388
  landing: 0.8574193990789354
  view-data: 3.369558645877987
