times:
  edit-metadata: 1.5893868398852646
  landing: 1.1812245389446616
  view-data: 3.395134588703513
