times:
  edit-metadata: 1.8475113604217768
  landing: 1.1952941855415702
  view-data: 3.5111313108354807
