times:
  edit-metadata: 2.5077487593516707
  landing: 1.160115759819746
  view-data: 3.4608640605583787
