times:
  edit-metadata: 0.4977659161668271
  landing: 0.07236821320839226
  view-data: 0.20673461887054145
