times:
  edit-metadata: 1.4947544671595097
  landing: 0.877038387581706
  view-data: 3.4247853104025126
