times:
  edit-metadata: 1.477769648656249
  landing: 6.420987155754119
  view-data: 3.3623029747977853
