times:
  edit-metadata: 1.3985704444348812
  landing: 0.7105232290923595
  view-data: 3.3537301383912563
