times:
  edit-metadata: 0.4803654540446587
  landing: 0.0729527379735373
  view-data: 0.2124424849753268
