times:
  edit-metadata: 1.4365131482481956
  landing: 0.8571198172867298
  view-data: 3.296005830168724
