times:
  edit-metadata: 1.5461760479956865
  landing: 0.8386662397533655
  view-data: 3.396358011290431
