times:
  edit-metadata: 1.47256426140666
  landing: 0.7339546605944633
  view-data: 3.330441564321518
