times:
  edit-metadata: 1.9590116515755653
  landing: 1.1540606692433357
  view-data: 3.4502499103546143
