times:
  edit-metadata: 1.2869926942512393
  landing: 0.8113861819729209
  view-data: 3.2920413808897138
