times:
  edit-metadata: 1.697057493031025
  landing: 1.0069740787148476
  view-data: 3.327358480542898
