times:
  edit-metadata: 0.5015407140017487
  landing: 0.0710258879698813
  view-data: 0.21673336799722165
