times:
  edit-metadata: 1.4885940719395876
  landing: 0.7407269030809402
  view-data: 3.356548978947103
