times:
  edit-metadata: 1.5137264803051949
  landing: 0.6748314090073109
  view-data: 3.304869059473276
