times:
  edit-metadata: 0.47450950602069497
  landing: 0.06609265692532063
  view-data: 0.2300930628553033
