times:
  edit-metadata: 0.5016045800002757
  landing: 0.06732060801004991
  view-data: 0.22199744699173607
