times:
  edit-metadata: 1.4464585725218058
  landing: 0.766257744282484
  view-data: 3.3879183884710073
