times:
  edit-metadata: 1.4864626564085484
  landing: 0.8414178155362606
  view-data: 3.298007357865572
