times:
  edit-metadata: 2.029456944204867
  landing: 1.1648191488347948
  view-data: 3.5136514310725033
