times:
  edit-metadata: 0.6086369678378105
  landing: 0.058943907264620066
  view-data: 0.21641325019299984
