times:
  edit-metadata: 1.696812216192484
  landing: 1.3151881620287895
  view-data: 3.2926898822188377
