times:
  edit-metadata: 0.6497731279814616
  landing: 0.15283123101107776
  view-data: 0.23931631501181982
