times:
  edit-metadata: 0.4795122849754989
  landing: 0.0840861180331558
  view-data: 0.20630923891440034
