times:
  edit-metadata: 1.5195376463234425
  landing: 0.9613615237176418
  view-data: 3.3331237733364105
