times:
  edit-metadata: 0.8789590280503035
  landing: 0.04659337503835559
  view-data: 0.2961434577591717
