times:
  edit-metadata: 1.6037949062883854
  landing: 1.1214200593531132
  view-data: 0.6460347548127174
