times:
  edit-metadata: 1.4798294119536877
  landing: 0.9693903028964996
  view-data: 3.3323335982859135
