times:
  edit-metadata: 0.4990004491992295
  landing: 0.07403998193331063
  view-data: 0.20928792492486537
