times:
  edit-metadata: 1.4819092825055122
  landing: 0.7980893030762672
  view-data: 3.408205959945917
