times:
  edit-metadata: 1.634657096117735
  landing: 0.7231409531086683
  view-data: 3.3945285696536303
