times:
  edit-metadata: 1.4080084972083569
  landing: 0.6993507854640484
  view-data: 3.3695382066071033
