times:
  edit-metadata: 1.6998971290886402
  landing: 1.0287181120365858
  view-data: 3.432659525424242
