times:
  edit-metadata: 1.5034329518675804
  landing: 0.9682248793542385
  view-data: 3.471988335251808
