times:
  edit-metadata: 1.5248141251504421
  landing: 0.9203335866332054
  view-data: 3.424373369663954
