times:
  edit-metadata: 2.1075138337910175
  landing: 0.7422305466607213
  view-data: 3.3861504392698407
