times:
  edit-metadata: 0.6137173329479992
  landing: 0.06673865439370275
  view-data: 0.30092606227844954
