times:
  edit-metadata: 1.4928960409015417
  landing: 0.7617038711905479
  view-data: 3.3077162597328424
