times:
  edit-metadata: 0.6159876910969615
  landing: 0.0653790949145332
  view-data: 0.28295290004462004
