times:
  edit-metadata: 1.7111091017723083
  landing: 1.006727747619152
  view-data: 3.394430562853813
