times:
  edit-metadata: 0.6582788322120905
  landing: 0.04173819301649928
  view-data: 0.22656347323209047
