times:
  edit-metadata: 1.3648011339828372
  landing: 0.8497925400733948
  view-data: 3.3704801610438153
