times:
  edit-metadata: 1.7268952317535877
  landing: 0.9222172982990742
  view-data: 3.373475044965744
