times:
  edit-metadata: 1.4777191989123821
  landing: 0.7217671908438206
  view-data: 3.3561986926943064
