times:
  edit-metadata: 1.3856722367927432
  landing: 0.824915798380971
  view-data: 3.410936078056693
