times:
  edit-metadata: 1.363486676942557
  landing: 0.7428675689734519
  view-data: 3.319482889957726
