times:
  edit-metadata: 1.6000212654471397
  landing: 0.7878038920462132
  view-data: 3.3389213904738426
