times:
  edit-metadata: 1.184894212987274
  landing: 0.7301336149685085
  view-data: 3.3521761619485915
