times:
  edit-metadata: 1.3666934296488762
  landing: 0.8534566890448332
  view-data: 3.3178164763376117
