times:
  edit-metadata: 1.3875050861388445
  landing: 0.7080374136567116
  view-data: 3.2962950468063354
