times:
  edit-metadata: 1.5785583816468716
  landing: 0.7364098131656647
  view-data: 3.383006304502487
