times:
  edit-metadata: 1.6835316189099103
  landing: 0.8899850079324096
  view-data: 3.3442159011028707
