times:
  edit-metadata: 1.4828765075653791
  landing: 0.9341984447091818
  view-data: 3.4686393216252327
