times:
  edit-metadata: 1.4264155300334096
  landing: 0.876334210159257
  view-data: 3.3450680039823055
