times:
  edit-metadata: 1.5560375675559044
  landing: 0.7908013723790646
  view-data: 3.374166978523135
