times:
  edit-metadata: 1.577497512102127
  landing: 1.1462933756411076
  view-data: 3.3545911386609077
