times:
  edit-metadata: 1.713213799521327
  landing: 0.9476074669510126
  view-data: 3.4026598408818245
