times:
  edit-metadata: 1.3452849509194493
  landing: 0.7979022599756718
  view-data: 3.3391202711500227
