times:
  edit-metadata: 0.5068644299171865
  landing: 0.06528794066980481
  view-data: 0.2312199529260397
