times:
  edit-metadata: 1.3932942785322666
  landing: 0.8746783174574375
  view-data: 3.4087377972900867
