times:
  edit-metadata: 5.956948716193438
  landing: 0.997174403630197
  view-data: 4.13476035092026
