times:
  edit-metadata: 1.4173127673566341
  landing: 1.0432468466460705
  view-data: 3.400926925241947
