times:
  edit-metadata: 1.3918444169685245
  landing: 0.7506730477325618
  view-data: 3.338538163807243
