times:
  edit-metadata: 1.3509065192192793
  landing: 0.6841866914182901
  view-data: 3.315224539488554
