times:
  edit-metadata: 1.3908048309385777
  landing: 0.7515024039894342
  view-data: 3.2790778940543532
