times:
  edit-metadata: 1.3917321292683482
  landing: 0.7565445397049189
  view-data: 3.3923875307664275
