times:
  edit-metadata: 1.6164761409163475
  landing: 0.9028424508869648
  view-data: 3.3511759638786316
