times:
  edit-metadata: 0.48434353699849453
  landing: 0.06537222501356155
  view-data: 0.21358743000018876
