times:
  edit-metadata: 0.5117657729424536
  landing: 0.06285833707079291
  view-data: 0.21730075823143125
