times:
  edit-metadata: 1.527999121695757
  landing: 0.7858683187514544
  view-data: 3.325413776561618
