times:
  edit-metadata: 1.515162616968155
  landing: 0.8981375768780708
  view-data: 3.9747141394764185
