times:
  edit-metadata: 3.4820267111063004
  landing: 2.4021886698901653
  view-data: 3.7005800791084766
