times:
  edit-metadata: 1.5497162975370884
  landing: 0.8621899634599686
  view-data: 3.3576830439269543
