times:
  edit-metadata: 0.4931046769488603
  landing: 0.06770144798792899
  view-data: 0.2204541419632733
