times:
  edit-metadata: 1.430144876241684
  landing: 0.6917034313082695
  view-data: 3.3144281953573227
