times:
  edit-metadata: 0.5843971841968596
  landing: 0.06056314101442695
  view-data: 0.2397958990186453
