times:
  edit-metadata: 0.5868858220055699
  landing: 0.07169963698834181
  view-data: 0.23300066799856722
