times:
  edit-metadata: 1.4698592256754637
  landing: 0.8041084092110395
  view-data: 3.3672196213155985
