times:
  edit-metadata: 1.5012302119284868
  landing: 0.8304912261664867
  view-data: 3.410918526351452
