times:
  edit-metadata: 1.6116908602416515
  landing: 0.8703409023582935
  view-data: 3.415353560820222
