times:
  edit-metadata: 1.5062656365334988
  landing: 0.8228136971592903
  view-data: 3.4388090427964926
