times:
  edit-metadata: 1.731852475553751
  landing: 1.1161006763577461
  view-data: 3.423775836825371
