times:
  edit-metadata: 1.5067171603441238
  landing: 0.7981935683637857
  view-data: 3.420798311010003
