times:
  edit-metadata: 1.4565020874142647
  landing: 1.201971661299467
  view-data: 3.317668415606022
