times:
  edit-metadata: 1.5165262781083584
  landing: 0.97738391533494
  view-data: 3.3951251320540905
