times:
  edit-metadata: 2.092696152627468
  landing: 1.2151756957173347
  view-data: 3.4231750443577766
