times:
  edit-metadata: 1.6551485732197762
  landing: 1.1580077782273293
  view-data: 3.33242492005229
