times:
  edit-metadata: 1.4375822991132736
  landing: 1.1456543058156967
  view-data: 3.3223820589482784
