times:
  edit-metadata: 1.562221609055996
  landing: 0.8225418366491795
  view-data: 3.485347431153059
