times:
  edit-metadata: 1.4374259151518345
  landing: 0.8321175612509251
  view-data: 3.2961273714900017
