times:
  edit-metadata: 1.5378449112176895
  landing: 0.9345942251384258
  view-data: 3.3884395360946655
