times:
  edit-metadata: 1.5520647130906582
  landing: 0.9743017554283142
  view-data: 3.411002039909363
