times:
  edit-metadata: 1.573634922504425
  landing: 0.8216440044343472
  view-data: 3.265663120895624
