times:
  edit-metadata: 1.53179532289505
  landing: 0.9607351236045361
  view-data: 3.395787350833416
