times:
  edit-metadata: 1.3724875710904598
  landing: 0.7828600406646729
  view-data: 3.294735934585333
