times:
  edit-metadata: 1.6959043107926846
  landing: 1.0850834362208843
  view-data: 3.430745892226696
