times:
  edit-metadata: 1.5020008385181427
  landing: 0.8671064246445894
  view-data: 3.3755540419369936
