times:
  edit-metadata: 1.496394321322441
  landing: 0.7934940028935671
  view-data: 3.4324032105505466
