times:
  edit-metadata: 1.4893022906035185
  landing: 0.823932945728302
  view-data: 3.391043959185481
