times:
  edit-metadata: 1.5268664807081223
  landing: 0.7965096868574619
  view-data: 3.4187102895230055
