times:
  edit-metadata: 1.488039467483759
  landing: 0.7966602426022291
  view-data: 3.4416332505643368
