times:
  edit-metadata: 1.8582468628883362
  landing: 1.076835423707962
  view-data: 3.4082856848835945
