times:
  edit-metadata: 1.5070735551416874
  landing: 0.8188511840999126
  view-data: 3.3921379428356886
