times:
  edit-metadata: 1.448101805523038
  landing: 0.775674095377326
  view-data: 3.4129885900765657
