times:
  edit-metadata: 1.4519777782261372
  landing: 1.1658872067928314
  view-data: 3.355766501277685
