times:
  edit-metadata: 1.7703603506088257
  landing: 1.3069010749459267
  view-data: 3.388293996453285
