times:
  edit-metadata: 1.606648601591587
  landing: 0.9083393812179565
  view-data: 3.3670864924788475
