times:
  edit-metadata: 1.5268929060548544
  landing: 0.883045444265008
  view-data: 3.427757838740945
