times:
  edit-metadata: 1.5452138856053352
  landing: 0.9373197555541992
  view-data: 3.3900214470922947
