times:
  edit-metadata: 1.8449544869363308
  landing: 1.091174516826868
  view-data: 3.391943346709013
