times:
  edit-metadata: 1.5644412897527218
  landing: 0.8488990906625986
  view-data: 3.4239430837333202
