times:
  edit-metadata: 1.7419797256588936
  landing: 1.0810867138206959
  view-data: 3.4034153632819653
