times:
  edit-metadata: 1.5068529695272446
  landing: 0.8807556889951229
  view-data: 3.394267976284027
