times:
  edit-metadata: 1.501334248110652
  landing: 0.7818823605775833
  view-data: 3.5135140530765057
