times:
  edit-metadata: 1.4144146014004946
  landing: 0.8156131356954575
  view-data: 3.365537591278553
