times:
  edit-metadata: 1.483390636742115
  landing: 0.8012965377420187
  view-data: 3.431361014023423
