times:
  edit-metadata: 1.3352768570184708
  landing: 0.6976351737976074
  view-data: 3.2897252440452576
