times:
  edit-metadata: 1.4776195287704468
  landing: 0.8301237728446722
  view-data: 3.381293796002865
