times:
  edit-metadata: 1.5256594195961952
  landing: 1.0203728303313255
  view-data: 3.3775352612137794
