times:
  edit-metadata: 1.5447792522609234
  landing: 0.8650489300489426
  view-data: 3.380955696105957
