times:
  edit-metadata: 1.4921236466616392
  landing: 0.7510798182338476
  view-data: 3.4062852188944817
