times:
  edit-metadata: 1.586724815890193
  landing: 0.8295823968946934
  view-data: 3.382237996906042
