times:
  edit-metadata: 1.5128480717539787
  landing: 0.9073797278106213
  view-data: 4.829979870468378
