times:
  edit-metadata: 1.562814712524414
  landing: 0.8115438967943192
  view-data: 3.3725787699222565
