times:
  edit-metadata: 1.5345728918910027
  landing: 0.7734610065817833
  view-data: 3.409644430503249
