times:
  edit-metadata: 1.4214620999991894
  landing: 0.9669516310095787
  view-data: 3.35720818862319
