times:
  edit-metadata: 1.552018290385604
  landing: 0.9807794280350208
  view-data: 3.4450484439730644
