times:
  edit-metadata: 1.4984903186559677
  landing: 0.8134556300938129
  view-data: 3.4311852920800447
