times:
  edit-metadata: 1.421331737190485
  landing: 0.7234151810407639
  view-data: 3.3133244775235653
