times:
  edit-metadata: 1.3415451534092426
  landing: 0.8438232578337193
  view-data: 3.292782697826624
