times:
  edit-metadata: 1.5156001262366772
  landing: 0.8490955270826817
  view-data: 3.4675292372703552
