times:
  edit-metadata: 1.4713666178286076
  landing: 0.8959475830197334
  view-data: 3.3567300848662853
