times:
  edit-metadata: 2.347436685115099
  landing: 5.24608139321208
  view-data: 3.5144647024571896
