times:
  edit-metadata: 1.6244619153439999
  landing: 0.9696810618042946
  view-data: 3.375394906848669
