times:
  edit-metadata: 1.5477725751698017
  landing: 0.9272298477590084
  view-data: 3.3273412846028805
