times:
  edit-metadata: 1.4740996360778809
  landing: 1.0522817969322205
  view-data: 3.3362738117575645
