times:
  edit-metadata: 1.7755549736320972
  landing: 1.1329410038888454
  view-data: 3.3101737573742867
