times:
  edit-metadata: 1.4941654037684202
  landing: 0.8007006291300058
  view-data: 3.3677295930683613
