times:
  edit-metadata: 1.9249581098556519
  landing: 1.1096318699419498
  view-data: 3.7410537153482437
