times:
  edit-metadata: 1.4148363806307316
  landing: 7.379856567829847
  view-data: 3.3500284403562546
