times:
  edit-metadata: 1.3629988841712475
  landing: 0.9508453384041786
  view-data: 3.3407294154167175
