times:
  edit-metadata: 1.5244210176169872
  landing: 0.9029758423566818
  view-data: 3.373178780078888
