times:
  edit-metadata: 1.3966634571552277
  landing: 0.9705707505345345
  view-data: 3.368891827762127
