times:
  edit-metadata: 1.4810497760772705
  landing: 0.7293826192617416
  view-data: 3.3518329802900553
