times:
  edit-metadata: 1.485019899904728
  landing: 1.0339403487741947
  view-data: 3.3740424178540707
