times:
  edit-metadata: 1.7605912424623966
  landing: 1.1011340022087097
  view-data: 3.316456500440836
