times:
  edit-metadata: 1.5397249329835176
  landing: 0.79039641097188
  view-data: 3.4809076320379972
