times:
  edit-metadata: 1.4519629292190075
  landing: 0.8918914683163166
  view-data: 3.4080615118145943
