times:
  edit-metadata: 1.6998454257845879
  landing: 1.0937686376273632
  view-data: 3.3822376802563667
