times:
  edit-metadata: 1.3432428315281868
  landing: 0.9151506498456001
  view-data: 3.3431990519165993
