times:
  edit-metadata: 1.4823264461010695
  landing: 0.788507517427206
  view-data: 3.380926487967372
