times:
  edit-metadata: 1.511042470112443
  landing: 0.7980031929910183
  view-data: 3.434758834540844
