times:
  edit-metadata: 1.367477759718895
  landing: 0.7189793400466442
  view-data: 3.3415307328104973
