times:
  edit-metadata: 1.5344264842569828
  landing: 0.8074075095355511
  view-data: 3.3845031559467316
