times:
  edit-metadata: 1.446646761149168
  landing: 0.933993611484766
  view-data: 3.3143754675984383
