times:
  edit-metadata: 1.6346046701073647
  landing: 0.7869970090687275
  view-data: 3.3197801932692528
