times:
  edit-metadata: 1.4159268885850906
  landing: 0.9113183990120888
  view-data: 3.5895879045128822
