times:
  edit-metadata: 1.4593723975121975
  landing: 0.9573988355696201
  view-data: 3.325739085674286
