times:
  edit-metadata: 1.4212197288870811
  landing: 0.8274980410933495
  view-data: 3.3146851249039173
