times:
  edit-metadata: 1.4918220955878496
  landing: 0.7415927220135927
  view-data: 3.399024123325944
