times:
  edit-metadata: 1.9324094876646996
  landing: 1.103864099830389
  view-data: 3.9318266101181507
