times:
  edit-metadata: 1.4204891510307789
  landing: 0.879379864782095
  view-data: 3.320476748049259
