times:
  edit-metadata: 1.5073042176663876
  landing: 0.8199128657579422
  view-data: 3.4144263602793217
