times:
  edit-metadata: 1.551118865609169
  landing: 0.9645475298166275
  view-data: 3.3898948803544044
