times:
  edit-metadata: 1.626499965786934
  landing: 1.083434358239174
  view-data: 3.468719255179167
