times:
  edit-metadata: 1.4477583058178425
  landing: 0.811492707580328
  view-data: 3.3751208409667015
