times:
  edit-metadata: 1.4950986076146364
  landing: 0.7695698067545891
  view-data: 3.416919484734535
