times:
  edit-metadata: 1.5054524540901184
  landing: 0.8699268028140068
  view-data: 3.4098280631005764
