times:
  edit-metadata: 1.5357455536723137
  landing: 0.9573843143880367
  view-data: 3.381189238280058
