times:
  edit-metadata: 1.303462028503418
  landing: 0.7840182147920132
  view-data: 3.3438386768102646
