times:
  edit-metadata: 1.521638536825776
  landing: 0.8307337258011103
  view-data: 3.4661564733833075
