times:
  edit-metadata: 1.6028947159647942
  landing: 1.02783777192235
  view-data: 3.34841850027442
