times:
  edit-metadata: 1.5417542085051537
  landing: 0.9281103163957596
  view-data: 3.333614695817232
