times:
  edit-metadata: 1.3868766948580742
  landing: 0.8112416919320822
  view-data: 3.3033541217446327
