times:
  edit-metadata: 1.4835316333919764
  landing: 0.8106898535043001
  view-data: 3.3647370152175426
