times:
  edit-metadata: 1.4979841448366642
  landing: 0.8401376809924841
  view-data: 3.503723032772541
