times:
  edit-metadata: 1.498776588588953
  landing: 0.7995056416839361
  view-data: 3.377275723963976
