times:
  edit-metadata: 1.395771648734808
  landing: 0.8505156226456165
  view-data: 3.358512807637453
