times:
  edit-metadata: 1.517745178192854
  landing: 1.0426315627992153
  view-data: 3.3141226023435593
