times:
  edit-metadata: 1.434115570038557
  landing: 0.9274850077927113
  view-data: 3.3841796442866325
