times:
  edit-metadata: 1.8183647729456425
  landing: 1.0427684932947159
  view-data: 3.3406773135066032
