times:
  edit-metadata: 1.4677981920540333
  landing: 0.9920140318572521
  view-data: 3.4308260269463062
