times:
  edit-metadata: 1.4841965921223164
  landing: 0.9396597892045975
  view-data: 3.324455253779888
