times:
  edit-metadata: 1.4158981926739216
  landing: 0.9531013369560242
  view-data: 3.417657446116209
