times:
  edit-metadata: 1.4016262702643871
  landing: 1.0038885660469532
  view-data: 3.3493098579347134
