times:
  edit-metadata: 1.6804961021989584
  landing: 1.1378429736942053
  view-data: 3.3709701374173164
