times:
  edit-metadata: 1.4738503396511078
  landing: 0.786055788397789
  view-data: 3.2939523011446
