times:
  edit-metadata: 1.7111251652240753
  landing: 0.9609647542238235
  view-data: 3.5239699706435204
