times:
  edit-metadata: 1.648784913122654
  landing: 0.9738079346716404
  view-data: 3.395451318472624
