times:
  edit-metadata: 1.5059753004461527
  landing: 0.7843643948435783
  view-data: 3.3722395561635494
