times:
  edit-metadata: 1.9882640652358532
  landing: 0.8554705493152142
  view-data: 3.3790442533791065
