times:
  edit-metadata: 1.6836795005947351
  landing: 0.900030018761754
  view-data: 3.396470485255122
