times:
  edit-metadata: 1.4877674877643585
  landing: 0.745509672909975
  view-data: 3.289941631257534
