times:
  edit-metadata: 1.5727895759046078
  landing: 0.9139275271445513
  view-data: 3.5052814576774836
