times:
  edit-metadata: 1.5375203099101782
  landing: 0.7772577982395887
  view-data: 3.4007206801325083
