times:
  edit-metadata: 1.5624844580888748
  landing: 0.9290175810456276
  view-data: 3.6946458220481873
