times:
  edit-metadata: 1.5391985103487968
  landing: 1.0769840516149998
  view-data: 3.289369449019432
