times:
  edit-metadata: 1.426419697701931
  landing: 0.8284265249967575
  view-data: 3.5156740695238113
