times:
  edit-metadata: 1.443300113081932
  landing: 0.8394581452012062
  view-data: 3.544736810028553
