times:
  edit-metadata: 1.398146592080593
  landing: 0.7139965519309044
  view-data: 3.4527201279997826
