times:
  edit-metadata: 1.52010527998209
  landing: 0.9505408257246017
  view-data: 3.6274584233760834
