times:
  edit-metadata: 1.4534973725676537
  landing: 0.8685855865478516
  view-data: 3.4166384041309357
