times:
  edit-metadata: 1.3197984024882317
  landing: 0.9109793528914452
  view-data: 3.387421488761902
