times:
  edit-metadata: 1.4521731808781624
  landing: 1.0529027953743935
  view-data: 3.5160471349954605
