times:
  edit-metadata: 1.4715478122234344
  landing: 1.0188364759087563
  view-data: 3.289029933512211
