times:
  edit-metadata: 1.5999345928430557
  landing: 1.0091657191514969
  view-data: 3.3213423043489456
