times:
  edit-metadata: 1.4853394031524658
  landing: 0.7993705421686172
  view-data: 3.481544353067875
