times:
  edit-metadata: 1.3576901331543922
  landing: 0.7996882051229477
  view-data: 3.4125972762703896
