times:
  edit-metadata: 1.3432910814881325
  landing: 0.7918469160795212
  view-data: 3.531077042222023
