times:
  edit-metadata: 1.4522770941257477
  landing: 0.8222222849726677
  view-data: 3.529433861374855
