times:
  edit-metadata: 1.4098982885479927
  landing: 0.8212588652968407
  view-data: 3.48297131806612
