times:
  edit-metadata: 1.497499980032444
  landing: 1.1255986243486404
  view-data: 3.3110242150723934
