times:
  edit-metadata: 2.950289562344551
  landing: 1.4146733954548836
  view-data: 3.5289151668548584
