times:
  edit-metadata: 1.4552034065127373
  landing: 0.8856562450528145
  view-data: 3.358467847108841
