times:
  edit-metadata: 1.480693519115448
  landing: 0.8225335702300072
  view-data: 3.499710291624069
