times:
  edit-metadata: 1.3006994388997555
  landing: 0.8936434052884579
  view-data: 3.2772672548890114
