times:
  edit-metadata: 1.4299236983060837
  landing: 0.8163915500044823
  view-data: 3.546732597053051
