times:
  edit-metadata: 1.4149621650576591
  landing: 0.8948547281324863
  view-data: 3.305866092443466
