times:
  edit-metadata: 1.479447841644287
  landing: 0.7699548155069351
  view-data: 3.4436394944787025
