times:
  edit-metadata: 1.3656046837568283
  landing: 0.8162849955260754
  view-data: 3.3901513814926147
