times:
  edit-metadata: 1.6864976361393929
  landing: 1.151076965034008
  view-data: 3.740904316306114
