times:
  edit-metadata: 1.5132017582654953
  landing: 0.8651124238967896
  view-data: 3.3020230755209923
