times:
  edit-metadata: 1.465691477060318
  landing: 0.9495800137519836
  view-data: 3.3789881207048893
