times:
  edit-metadata: 1.5060871541500092
  landing: 0.8503889068961143
  view-data: 3.277907732874155
