times:
  edit-metadata: 1.4271939098834991
  landing: 0.9591391682624817
  view-data: 3.4711565151810646
