times:
  edit-metadata: 1.7447866573929787
  landing: 1.037017285823822
  view-data: 3.344978015869856
