times:
  edit-metadata: 1.5281460992991924
  landing: 0.7851844653487206
  view-data: 3.364553775638342
