times:
  edit-metadata: 1.4138321317732334
  landing: 0.912387777119875
  view-data: 3.292807150632143
