times:
  edit-metadata: 1.500276617705822
  landing: 0.9535153657197952
  view-data: 3.3413974717259407
