times:
  edit-metadata: 1.6044074445962906
  landing: 0.8085759878158569
  view-data: 3.4753424525260925
