times:
  edit-metadata: 1.5218582227826118
  landing: 1.0129348076879978
  view-data: 3.3270900808274746
