times:
  edit-metadata: 1.4395278878509998
  landing: 0.8883481658995152
  view-data: 3.3215663991868496
