times:
  edit-metadata: 1.3822508230805397
  landing: 0.7917711436748505
  view-data: 3.346231907606125
