times:
  edit-metadata: 1.4953881278634071
  landing: 1.0087570771574974
  view-data: 3.298814605921507
