times:
  edit-metadata: 1.429551087319851
  landing: 0.7353368848562241
  view-data: 3.4371604919433594
