times:
  edit-metadata: 1.5466566160321236
  landing: 0.7288060262799263
  view-data: 3.4633018746972084
