times:
  edit-metadata: 1.3955786675214767
  landing: 0.851961299777031
  view-data: 3.258868746459484
