times:
  edit-metadata: 1.4242301508784294
  landing: 0.8470101058483124
  view-data: 3.5604242011904716
