times:
  edit-metadata: 1.6770975105464458
  landing: 1.0164821669459343
  view-data: 3.390232715755701
