times:
  edit-metadata: 1.370089903473854
  landing: 0.9137870371341705
  view-data: 3.560262568295002
