times:
  edit-metadata: 1.6519806049764156
  landing: 0.9023582488298416
  view-data: 3.363051615655422
