times:
  edit-metadata: 1.6728135719895363
  landing: 1.1673684492707253
  view-data: 3.3275784105062485
