times:
  edit-metadata: 1.4194334521889687
  landing: 0.9035994037985802
  view-data: 3.5011209547519684
