times:
  edit-metadata: 1.398345798254013
  landing: 0.9095253422856331
  view-data: 3.4108935073018074
