times:
  edit-metadata: 1.4267642349004745
  landing: 0.792582131922245
  view-data: 3.647926539182663
