times:
  edit-metadata: 1.5858250185847282
  landing: 0.8267856314778328
  view-data: 3.494997851550579
