times:
  edit-metadata: 1.6893768459558487
  landing: 0.9414389654994011
  view-data: 3.361654583364725
