times:
  edit-metadata: 1.9831028878688812
  landing: 1.3496078252792358
  view-data: 3.7900990024209023
