times:
  edit-metadata: 1.5419675409793854
  landing: 0.9277203045785427
  view-data: 3.3084866255521774
