times:
  edit-metadata: 1.450899414718151
  landing: 0.8916527591645718
  view-data: 3.305475290864706
