times:
  edit-metadata: 1.3378797322511673
  landing: 0.7478508204221725
  view-data: 3.4908940494060516
