times:
  edit-metadata: 1.407204233109951
  landing: 0.8263112455606461
  view-data: 3.5512835159897804
