times:
  edit-metadata: 1.4688052460551262
  landing: 0.8350075259804726
  view-data: 3.293215449899435
