times:
  edit-metadata: 1.3703845515847206
  landing: 0.7438300773501396
  view-data: 3.2696001827716827
