times:
  edit-metadata: 1.4204897284507751
  landing: 0.7967552915215492
  view-data: 3.544355109333992
