times:
  edit-metadata: 1.359613798558712
  landing: 0.8751187846064568
  view-data: 3.430916652083397
