times:
  edit-metadata: 1.5199517384171486
  landing: 0.948925755918026
  view-data: 3.3080048337578773
