times:
  edit-metadata: 1.5037956535816193
  landing: 0.9239282235503197
  view-data: 3.3198785334825516
