times:
  edit-metadata: 1.4855063371360302
  landing: 0.8936806879937649
  view-data: 3.336188465356827
