times:
  edit-metadata: 1.6362207382917404
  landing: 0.9120479375123978
  view-data: 3.487421475350857
