times:
  edit-metadata: 1.5503131039440632
  landing: 0.8136301562190056
  view-data: 3.278849486261606
