times:
  edit-metadata: 1.5005623772740364
  landing: 0.9332638084888458
  view-data: 3.497587464749813
