times:
  edit-metadata: 1.440364770591259
  landing: 1.3257042840123177
  view-data: 3.3814768865704536
