times:
  edit-metadata: 1.4034821353852749
  landing: 0.8606485240161419
  view-data: 3.3413584753870964
