times:
  edit-metadata: 1.4270729944109917
  landing: 0.7942928075790405
  view-data: 3.414114736020565
