times:
  edit-metadata: 1.5303746238350868
  landing: 0.8717684596776962
  view-data: 3.5174708366394043
