times:
  edit-metadata: 1.368970114737749
  landing: 0.7724720537662506
  view-data: 3.295753348618746
