times:
  edit-metadata: 1.5887641981244087
  landing: 0.9233086481690407
  view-data: 3.511859707534313
