times:
  edit-metadata: 1.4834177494049072
  landing: 0.8335509747266769
  view-data: 3.287184737622738
