times:
  edit-metadata: 1.680850900709629
  landing: 0.8384154960513115
  view-data: 3.4229708164930344
