times:
  edit-metadata: 1.4167834520339966
  landing: 0.9234389215707779
  view-data: 3.707049034535885
