times:
  edit-metadata: 1.4031290784478188
  landing: 0.8395306617021561
  view-data: 3.3444739133119583
