times:
  edit-metadata: 1.9765692427754402
  landing: 1.5160931795835495
  view-data: 3.514338791370392
