times:
  edit-metadata: 1.4813700169324875
  landing: 0.7908475995063782
  view-data: 3.459686078131199
