times:
  edit-metadata: 1.4960015565156937
  landing: 0.9342940971255302
  view-data: 3.3147459402680397
