times:
  edit-metadata: 1.4588294848799706
  landing: 0.7687453106045723
  view-data: 3.3701047375798225
