times:
  edit-metadata: 1.4854178316891193
  landing: 0.8897276185452938
  view-data: 3.3028436601161957
