times:
  edit-metadata: 1.3713789582252502
  landing: 0.7992497310042381
  view-data: 3.404634229838848
