times:
  edit-metadata: 1.2287071719765663
  landing: 0.7647309452295303
  view-data: 3.543783262372017
