times:
  edit-metadata: 1.490147203207016
  landing: 0.8636818081140518
  view-data: 3.348867505788803
