times:
  edit-metadata: 1.4204404838383198
  landing: 0.8252162598073483
  view-data: 3.3217923678457737
