times:
  edit-metadata: 1.3515710309147835
  landing: 0.8083440661430359
  view-data: 3.5898308157920837
