times:
  edit-metadata: 1.5196364521980286
  landing: 0.8373546004295349
  view-data: 3.2687325812876225
