times:
  edit-metadata: 1.457903478294611
  landing: 0.8569748550653458
  view-data: 3.313316695392132
