times:
  edit-metadata: 1.3854616656899452
  landing: 0.8366542831063271
  view-data: 3.3626624681055546
