times:
  edit-metadata: 2.2090828865766525
  landing: 1.7948690131306648
  view-data: 3.4043559208512306
