times:
  edit-metadata: 1.39508793130517
  landing: 0.7683583684265614
  view-data: 3.318060517311096
