times:
  edit-metadata: 1.4332515895366669
  landing: 0.7579936385154724
  view-data: 3.578842617571354
