times:
  edit-metadata: 1.469510205090046
  landing: 0.9361995048820972
  view-data: 3.3147002048790455
