times:
  edit-metadata: 1.5649367272853851
  landing: 0.7999978065490723
  view-data: 3.593285359442234
