times:
  edit-metadata: 1.5181269980967045
  landing: 0.8211199380457401
  view-data: 3.3372395522892475
