times:
  edit-metadata: 1.3854310512542725
  landing: 0.7891880646348
  view-data: 3.4934145882725716
