times:
  edit-metadata: 1.4154404774308205
  landing: 0.9418069049715996
  view-data: 3.283349432051182
