times:
  edit-metadata: 1.5291491597890854
  landing: 0.9124231785535812
  view-data: 3.3092339113354683
