times:
  edit-metadata: 1.37595671787858
  landing: 0.8490351550281048
  view-data: 3.7080584689974785
