times:
  edit-metadata: 1.5068810768425465
  landing: 0.9392900802195072
  view-data: 3.2731341309845448
