times:
  edit-metadata: 1.4466077536344528
  landing: 0.9300038069486618
  view-data: 3.47585379332304
