times:
  edit-metadata: 2.472427047789097
  landing: 2.1029351353645325
  view-data: 3.642149768769741
