times:
  edit-metadata: 1.5939587280154228
  landing: 0.8730506375432014
  view-data: 3.3459391370415688
