times:
  edit-metadata: 1.4265556074678898
  landing: 0.7685233317315578
  view-data: 3.2640266455709934
