times:
  edit-metadata: 1.4318446964025497
  landing: 0.7651162818074226
  view-data: 3.533179245889187
