times:
  edit-metadata: 1.4416211247444153
  landing: 0.9386471882462502
  view-data: 3.468705654144287
