times:
  edit-metadata: 1.4077937304973602
  landing: 0.8493015766143799
  view-data: 3.5206922069191933
