times:
  edit-metadata: 1.3712407387793064
  landing: 0.7752696238458157
  view-data: 3.299062602221966
