times:
  edit-metadata: 1.34876798838377
  landing: 0.7845818772912025
  view-data: 3.476464346051216
