times:
  edit-metadata: 1.3814782872796059
  landing: 0.8296055048704147
  view-data: 3.2907747998833656
