times:
  edit-metadata: 1.5234640538692474
  landing: 0.8308796808123589
  view-data: 3.5085385590791702
