times:
  edit-metadata: 1.4793811663985252
  landing: 0.8010097667574883
  view-data: 3.618511140346527
