times:
  edit-metadata: 1.5798714756965637
  landing: 0.9128958135843277
  view-data: 3.5481979474425316
