times:
  edit-metadata: 1.4250777214765549
  landing: 0.7955140024423599
  view-data: 3.2742382399737835
