times:
  edit-metadata: 1.417868733406067
  landing: 0.7857875153422356
  view-data: 3.3755313605070114
