times:
  edit-metadata: 1.4534791894257069
  landing: 0.8807017616927624
  view-data: 3.384673748165369
