times:
  edit-metadata: 1.4119434729218483
  landing: 0.7691872715950012
  view-data: 3.398415222764015
