times:
  edit-metadata: 1.397038072347641
  landing: 0.8425137288868427
  view-data: 3.384644016623497
