times:
  edit-metadata: 1.6770726293325424
  landing: 1.076048694550991
  view-data: 3.3104309774935246
