times:
  edit-metadata: 1.5998128056526184
  landing: 0.8702899552881718
  view-data: 3.32923574000597
