times:
  edit-metadata: 1.5281591042876244
  landing: 0.8783099725842476
  view-data: 3.2829561606049538
