times:
  edit-metadata: 1.4002200067043304
  landing: 0.8455883711576462
  view-data: 3.4736711233854294
