times:
  edit-metadata: 1.5346635021269321
  landing: 0.9661749079823494
  view-data: 3.376573834568262
