times:
  edit-metadata: 1.6177056320011616
  landing: 1.0429178290069103
  view-data: 3.309879433363676
