times:
  edit-metadata: 1.4689267985522747
  landing: 0.8747053556144238
  view-data: 3.2930358052253723
