times:
  edit-metadata: 1.473078414797783
  landing: 0.7994818463921547
  view-data: 3.295767068862915
