times:
  edit-metadata: 1.472015131264925
  landing: 0.9777513779699802
  view-data: 3.3175218626856804
