times:
  edit-metadata: 1.5150070413947105
  landing: 0.8130905479192734
  view-data: 3.4789699614048004
