times:
  edit-metadata: 1.3850568048655987
  landing: 0.7869259566068649
  view-data: 3.2989316396415234
