times:
  edit-metadata: 1.391664620488882
  landing: 0.8150852993130684
  view-data: 3.297499965876341
