times:
  edit-metadata: 1.6657294668257236
  landing: 1.0149917155504227
  view-data: 3.3660081550478935
