times:
  edit-metadata: 1.337485432624817
  landing: 0.7972153723239899
  view-data: 3.5110728666186333
