times:
  edit-metadata: 1.4233159348368645
  landing: 0.8060639277100563
  view-data: 3.426217496395111
