times:
  edit-metadata: 1.417400322854519
  landing: 0.9943287968635559
  view-data: 3.476656921207905
