times:
  edit-metadata: 1.404323622584343
  landing: 0.8181164711713791
  view-data: 3.3209359645843506
