times:
  edit-metadata: 1.386382807046175
  landing: 0.8457403853535652
  view-data: 3.30793908983469
