times:
  edit-metadata: 1.4594903662800789
  landing: 0.8192247524857521
  view-data: 3.516808792948723
