times:
  edit-metadata: 1.5152736343443394
  landing: 0.8979914002120495
  view-data: 3.3004417307674885
