times:
  edit-metadata: 1.4092357084155083
  landing: 0.8958090767264366
  view-data: 3.5040873363614082
