times:
  edit-metadata: 1.6769714802503586
  landing: 0.9925285428762436
  view-data: 3.387507662177086
