times:
  edit-metadata: 1.5063713043928146
  landing: 0.9416200369596481
  view-data: 3.5447703823447227
