times:
  edit-metadata: 1.467280488461256
  landing: 0.7903413437306881
  view-data: 3.323734328150749
