times:
  edit-metadata: 1.5751990899443626
  landing: 0.8780526369810104
  view-data: 3.4580063596367836
