times:
  edit-metadata: 1.443181585520506
  landing: 0.8130097202956676
  view-data: 3.2465181797742844
