times:
  edit-metadata: 1.3234886452555656
  landing: 0.8921360112726688
  view-data: 3.314323727041483
