times:
  edit-metadata: 1.5314080491662025
  landing: 1.0254410654306412
  view-data: 3.314047284424305
