times:
  edit-metadata: 1.8683681786060333
  landing: 1.1641038656234741
  view-data: 3.5602819845080376
