times:
  edit-metadata: 1.4752839356660843
  landing: 1.0594076961278915
  view-data: 3.4896486923098564
