times:
  edit-metadata: 1.5733657702803612
  landing: 0.954311266541481
  view-data: 3.3039783239364624
