times:
  edit-metadata: 1.4773183017969131
  landing: 0.8234026581048965
  view-data: 3.2986836321651936
