times:
  edit-metadata: 1.8405926823616028
  landing: 1.3558005392551422
  view-data: 3.753241293132305
