times:
  edit-metadata: 1.598431035876274
  landing: 0.9800647869706154
  view-data: 3.34382913261652
