times:
  edit-metadata: 1.5097538754343987
  landing: 0.8252427726984024
  view-data: 3.4994461238384247
