times:
  edit-metadata: 1.4906916320323944
  landing: 0.8670630902051926
  view-data: 3.282325651496649
