times:
  edit-metadata: 1.4915778264403343
  landing: 0.7807209342718124
  view-data: 3.472226746380329
