times:
  edit-metadata: 1.4007165729999542
  landing: 0.9483937472105026
  view-data: 3.4906454533338547
