times:
  edit-metadata: 1.5181995034217834
  landing: 0.9097629860043526
  view-data: 3.332787938416004
