times:
  edit-metadata: 1.4700093045830727
  landing: 0.8143150210380554
  view-data: 3.3265271484851837
