times:
  edit-metadata: 2.7001109877601266
  landing: 1.1578795490786433
  view-data: 3.4652022421360016
