times:
  edit-metadata: 1.3076237319037318
  landing: 0.023304756730794907
  view-data: 0.023776444606482983
