times:
  edit-metadata: 0.5450552236288786
  landing: 0.5427224636077881
  view-data: 0.18704968504607677
