times:
  edit-metadata: 0.5693077892065048
  landing: 1.1024709157645702
  view-data: 0.6018626112490892
