times:
  edit-metadata: 1.4800263494253159
  landing: 0.9448268488049507
  view-data: 3.39915556833148
