times:
  edit-metadata: 1.4742902889847755
  landing: 0.9157315492630005
  view-data: 3.331402935087681
