times:
  edit-metadata: 1.3005055114626884
  landing: 0.02104022540152073
  view-data: 0.22801469918340445
