times:
  edit-metadata: 0.5052092671394348
  landing: 0.044038061052560806
  view-data: 0.19762682169675827
