times:
  edit-metadata: 1.3871811954304576
  landing: 0.02013577241450548
  view-data: 0.022962248884141445
