times:
  edit-metadata: 0.5385936666280031
  landing: 0.691601425409317
  view-data: 0.308387815952301
