times:
  edit-metadata: 0.6898242520401254
  landing: 0.038714306021574885
  view-data: 0.2053853200050071
