times:
  edit-metadata: 1.3880146984010935
  landing: 0.22044076025485992
  view-data: 0.3252985756844282
