times:
  edit-metadata: 0.5125000365078449
  landing: 0.045486945658922195
  view-data: 0.19636308401823044
