times:
  edit-metadata: 1.2861294178292155
  landing: 0.022787966765463352
  view-data: 0.1996990442276001
