times:
  edit-metadata: 1.290836420841515
  landing: 0.11727358400821686
  view-data: 0.4636335205286741
