times:
  edit-metadata: 1.5782375559210777
  landing: 0.6890592444688082
  view-data: 3.407349392771721
