times:
  edit-metadata: 1.5479404348880053
  landing: 0.7529269605875015
  view-data: 3.3920598896220326
