times:
  edit-metadata: 1.5010801702737808
  landing: 0.9241965413093567
  view-data: 3.3612652271986008
