times:
  edit-metadata: 1.318724018521607
  landing: 0.022407373413443565
  view-data: 0.4271791558712721
