times:
  edit-metadata: 1.263782805763185
  landing: 0.02230316586792469
  view-data: 0.4240308115258813
