times:
  edit-metadata: 2.2786317383870482
  landing: 1.2761252848431468
  view-data: 3.7050403375178576
