times:
  landing: 1.0852879870000152
  view-data: 0.5614129630000093
