times:
  edit-metadata: 1.3711366448551416
  landing: 0.023838384076952934
  view-data: 0.1205381378531456
