times:
  landing: 0.5563344149999807
  view-data: 0.5569454259999986
