times:
  edit-metadata: 1.317593390995171
  landing: 0.26396786101395264
  view-data: 0.30334540898911655
