times:
  edit-metadata: 1.5544060952961445
  landing: 0.7807042188942432
  view-data: 3.398099297657609
