times:
  edit-metadata: 0.5596334957517684
  landing: 0.06223616795614362
  view-data: 0.21548242820426822
