times:
  landing: 0.5740720229999852
  view-data: 0.5508393339999884
