times:
  edit-metadata: 1.5859738420695066
  landing: 0.7231418211013079
  view-data: 3.3629471454769373
