times:
  edit-metadata: 0.535471417941153
  landing: 0.047976396046578884
  view-data: 0.1977997487410903
