times:
  edit-metadata: 1.5268978513777256
  landing: 0.17955508269369602
  view-data: 0.14383049681782722
