times:
  edit-metadata: 1.3769319895654917
  landing: 0.0188309233635664
  view-data: 0.025638200342655182
