times:
  edit-metadata: 1.292637842707336
  landing: 0.021167069673538208
  view-data: 0.11833357159048319
