times:
  edit-metadata: 1.5503572979941964
  landing: 1.0880605382844806
  view-data: 3.497230145148933
