times:
  edit-metadata: 1.3880858216434717
  landing: 0.2086421251296997
  view-data: 0.025062665343284607
