times:
  edit-metadata: 1.31089635938406
  landing: 0.0193950105458498
  view-data: 0.3110415656119585
