times:
  edit-metadata: 0.6497862627729774
  landing: 0.057948068249970675
  view-data: 0.17786139389500022
