times:
  edit-metadata: 1.4124390073120594
  landing: 0.22230958379805088
  view-data: 0.02676299586892128
