times:
  edit-metadata: 1.3267799960449338
  landing: 0.76479846611619
  view-data: 3.390877583064139
