times:
  edit-metadata: 0.5634667668491602
  landing: 0.04204613249748945
  view-data: 0.20108685549348593
