times:
  landing: 0.5544155419999868
  view-data: 0.5714229269999862
