times:
  edit-metadata: 1.5061332359910011
  landing: 0.821830125991255
  view-data: 3.315578568726778
