times:
  edit-metadata: 0.61725353699876
  landing: 0.044603006972465664
  view-data: 0.19277436897391453
