times:
  landing: 0.5446872490000487
  view-data: 0.5486961470001006
