times:
  edit-metadata: 1.510163533501327
  landing: 0.9923535501584411
  view-data: 3.3289790861308575
