times:
  landing: 1.0861849780000057
  view-data: 0.5553475010000284
