times:
  edit-metadata: 0.5376222030026838
  landing: 0.048216122027952224
  view-data: 0.21449495700653642
