times:
  edit-metadata: 0.5374313690699637
  landing: 0.04458189383149147
  view-data: 0.2136182631365955
