times:
  edit-metadata: 1.710355682298541
  landing: 0.32600525952875614
  view-data: 0.4183611199259758
