times:
  edit-metadata: 1.4170941598713398
  landing: 0.7479354273527861
  view-data: 3.3311421517282724
