times:
  landing: 1.5799789760000351
  view-data: 0.5494380609999894
