times:
  edit-metadata: 0.44800626998767257
  landing: 0.04212394496425986
  view-data: 0.19521998101845384
