times:
  landing: 1.5822373129999505
  view-data: 0.551068821000058
