times:
  landing: 1.0667680610000048
  view-data: 0.5504922289999854
