times:
  edit-metadata: 1.7279076240956783
  landing: 1.17738638818264
  view-data: 3.4187923073768616
