times:
  edit-metadata: 1.5582121759653091
  landing: 0.03663342073559761
  view-data: 0.02729223482310772
