times:
  landing: 0.557827790999994
  view-data: 0.04997509500000774
