times:
  edit-metadata: 0.552492605522275
  landing: 0.7168910801410675
  view-data: 0.20523029007017612
