times:
  landing: 0.5811568760000227
  view-data: 0.5669813419999628
