times:
  edit-metadata: 1.517285868525505
  landing: 0.856559481471777
  view-data: 3.284481603652239
