times:
  edit-metadata: 0.5897804340056609
  landing: 0.050499943012255244
  view-data: 0.19484377700428013
