times:
  edit-metadata: 0.5079138204455376
  landing: 0.04828852787613869
  view-data: 0.19065174460411072
