times:
  landing: 1.0854583950000176
  view-data: 0.5578412309999976
