times:
  edit-metadata: 1.5754738003015518
  landing: 0.7335927486419678
  view-data: 3.415375228971243
