times:
  edit-metadata: 0.495806735008955
  landing: 0.5768261067569256
  view-data: 0.5994972847402096
