times:
  edit-metadata: 1.4694498020689934
  landing: 0.7622940689325333
  view-data: 3.3517091979738325
