times:
  edit-metadata: 0.45551810204051435
  landing: 0.05984143598470837
  view-data: 0.22109885804820806
