times:
  edit-metadata: 0.5890706620411947
  landing: 0.04802878596819937
  view-data: 0.19907301396597177
