times:
  edit-metadata: 1.3740806262940168
  landing: 0.22202026285231113
  view-data: 0.023603856563568115
