times:
  edit-metadata: 1.5721416343003511
  landing: 0.8688008561730385
  view-data: 3.4182344172149897
