times:
  edit-metadata: 0.4742643079953268
  landing: 0.059057694976218045
  view-data: 0.21013347001280636
