times:
  edit-metadata: 1.275631689466536
  landing: 0.02367241121828556
  view-data: 0.11907458398491144
