times:
  edit-metadata: 0.8474464039318264
  landing: 0.08453884592745453
  view-data: 0.2569947289302945
