times:
  edit-metadata: 0.5237393025308847
  landing: 0.62820247374475
  view-data: 0.5978205315768719
