times:
  edit-metadata: 0.42354417010210454
  landing: 0.04925278597511351
  view-data: 0.2027811559382826
