times:
  landing: 1.1010126259999993
  view-data: 0.5599680899999839
