times:
  edit-metadata: 1.7573549076914787
  landing: 0.9398263953626156
  view-data: 3.3763959892094135
