times:
  edit-metadata: 0.5741227641701698
  landing: 0.057028671726584435
  view-data: 0.18539443332701921
