times:
  edit-metadata: 0.5223327847197652
  landing: 0.04643809702247381
  view-data: 0.3302666270174086
