times:
  landing: 0.5503342869999983
  view-data: 0.5579648330000282
