times:
  edit-metadata: 1.5332631170749664
  landing: 0.8738592974841595
  view-data: 3.421328004449606
