times:
  edit-metadata: 1.2856568675488234
  landing: 0.02057616226375103
  view-data: 0.46858696173876524
