times:
  landing: 1.1004810250000219
  view-data: 0.5578440259999979
