times:
  edit-metadata: 1.577397495508194
  landing: 0.9117628689855337
  view-data: 3.4293856602162123
