times:
  edit-metadata: 0.4706397539994214
  landing: 0.04648005200579064
  view-data: 0.21036068499961402
