times:
  edit-metadata: 0.5669431132264435
  landing: 0.12465305393561721
  view-data: 0.192253187764436
