times:
  landing: 1.067264955999974
  view-data: 0.5562019479999663
