times:
  edit-metadata: 0.6556947641074657
  landing: 0.04581400938332081
  view-data: 0.19393236003816128
