times:
  edit-metadata: 1.564535230398178
  landing: 0.9164007976651192
  view-data: 3.3902604058384895
