times:
  edit-metadata: 1.4087377283722162
  landing: 0.7065493948757648
  view-data: 3.422833850607276
