times:
  edit-metadata: 0.45362600998487324
  landing: 0.05857397906947881
  view-data: 0.20695916400291026
