times:
  edit-metadata: 0.44920080387964845
  landing: 0.051879094215109944
  view-data: 0.3434328050352633
