times:
  edit-metadata: 0.5057954527437687
  landing: 0.045539386570453644
  view-data: 0.19505716487765312
