times:
  landing: 1.074335141000006
  view-data: 0.5569962760000067
