times:
  edit-metadata: 0.5179424099624157
  landing: 2.38823845051229
  view-data: 0.6489444971084595
