times:
  edit-metadata: 0.5077693331986666
  landing: 0.11341983778402209
  view-data: 0.2758831391111016
