times:
  edit-metadata: 0.4662932609207928
  landing: 0.06776730716228485
  view-data: 0.20394587609916925
