times:
  edit-metadata: 1.4242698159068823
  landing: 0.6794854942709208
  view-data: 3.284325795248151
