times:
  edit-metadata: 0.5629373881965876
  landing: 0.06505034491419792
  view-data: 0.19189701229333878
