times:
  edit-metadata: 0.5979767160024494
  landing: 0.054700770997442305
  view-data: 0.19433466298505664
