times:
  edit-metadata: 1.2941225757822394
  landing: 0.02047800086438656
  view-data: 0.13849325850605965
