times:
  landing: 0.5896456560000161
  view-data: 0.5651931149999996
