times:
  edit-metadata: 1.4956019576638937
  landing: 0.7721955021843314
  view-data: 3.3554358733817935
