times:
  edit-metadata: 1.2791247069835663
  landing: 0.11412100307643414
  view-data: 0.12412542290985584
