times:
  edit-metadata: 0.6509874369949102
  landing: 0.06144877313636243
  view-data: 0.2036550040356815
