times:
  edit-metadata: 0.5332268141210079
  landing: 0.04160640528425574
  view-data: 0.19608154986053705
