times:
  landing: 0.5520031019999578
  view-data: 0.5490868519999594
