times:
  edit-metadata: 1.305917764082551
  landing: 0.01967788953334093
  view-data: 0.4143530046567321
