times:
  edit-metadata: 0.5327804498374462
  landing: 0.6454846635460854
  view-data: 0.1840121876448393
