times:
  landing: 1.071784751000024
  view-data: 0.5457701220000217
