times:
  landing: 1.601053439999987
  view-data: 0.5606398160000481
