times:
  landing: 0.548653091999995
  view-data: 0.5532298480000009
