times:
  landing: 0.5522822469999937
  view-data: 0.5542159219999974
