times:
  landing: 0.5828761859999076
  view-data: 0.5555208380000067
