times:
  edit-metadata: 0.5009038373827934
  landing: 0.05011956766247749
  view-data: 0.19602995365858078
