times:
  edit-metadata: 0.5923435270087793
  landing: 0.0518828020140063
  view-data: 0.19470808099140413
