times:
  edit-metadata: 1.3303159438073635
  landing: 0.1319088600575924
  view-data: 0.023425107821822166
