times:
  edit-metadata: 0.5558810504153371
  landing: 0.053548771888017654
  view-data: 0.20519545208662748
