times:
  edit-metadata: 1.9275926239788532
  landing: 1.3932712152600288
  view-data: 3.369807582348585
