times:
  edit-metadata: 0.4922069329768419
  landing: 0.5046391636133194
  view-data: 0.18477721884846687
