times:
  landing: 0.548756037000004
  view-data: 0.5514090570000008
