times:
  edit-metadata: 1.5181289464235306
  landing: 0.01981787383556366
  view-data: 0.02539430372416973
