times:
  landing: 1.0647372930000074
  view-data: 0.5533631579999678
