times:
  landing: 0.5492693129999964
  view-data: 0.5458899559999963
