times:
  landing: 0.5488427869999839
  view-data: 0.5511941320000062
