times:
  edit-metadata: 1.4871604647487402
  landing: 0.7742083007469773
  view-data: 3.364082209765911
