times:
  landing: 0.5638853469999958
  view-data: 0.5589518269999871
