times:
  edit-metadata: 1.5720043405890465
  landing: 0.8299964964389801
  view-data: 3.409321691840887
