times:
  edit-metadata: 0.5545944683253765
  landing: 0.7571961507201195
  view-data: 0.19925709813833237
