times:
  edit-metadata: 1.5141297485679388
  landing: 0.7906204164028168
  view-data: 3.3596892654895782
