times:
  edit-metadata: 1.7190292216837406
  landing: 0.898486640304327
  view-data: 3.356289640069008
