times:
  edit-metadata: 0.6181202180159744
  landing: 0.042233014974044636
  view-data: 0.19107306899968535
