times:
  landing: 0.5498235120000174
  view-data: 0.5573113609999893
