times:
  edit-metadata: 1.4374963901937008
  landing: 0.2282277438789606
  view-data: 0.3960315119475126
