times:
  edit-metadata: 1.4125565066933632
  landing: 0.8188228160142899
  view-data: 3.393218655139208
