times:
  edit-metadata: 0.5263289660215378
  landing: 0.05260288715362549
  view-data: 0.19614732638001442
