times:
  edit-metadata: 0.45166348991915584
  landing: 0.04313115123659372
  view-data: 0.1977570941671729
