times:
  edit-metadata: 0.43496713880449533
  landing: 0.040036598686128855
  view-data: 0.2036499958485365
