times:
  edit-metadata: 0.4300585752353072
  landing: 0.05469062877818942
  view-data: 0.19733865512534976
