times:
  edit-metadata: 0.6532861519954167
  landing: 0.040861047978978604
  view-data: 0.19341903098393232
