times:
  edit-metadata: 1.2884330749511719
  landing: 0.022342334501445293
  view-data: 0.02608477883040905
