times:
  edit-metadata: 0.5512035097926855
  landing: 0.04369169659912586
  view-data: 0.2075254274532199
