times:
  edit-metadata: 1.6839492376893759
  landing: 0.227682676166296
  view-data: 0.3793632425367832
