times:
  edit-metadata: 0.5983120941091329
  landing: 0.05052836309187114
  view-data: 0.19773550680838525
