times:
  edit-metadata: 1.29671361297369
  landing: 0.01970268040895462
  view-data: 0.2475519049912691
