times:
  edit-metadata: 0.44495588494464755
  landing: 0.0534813329577446
  view-data: 0.21472987905144691
