times:
  landing: 1.0722142090000375
  view-data: 0.5679768929999796
