times:
  edit-metadata: 1.552629977464676
  landing: 0.7799297533929348
  view-data: 3.2749800831079483
