times:
  edit-metadata: 0.6311814929940738
  landing: 0.04281769099179655
  view-data: 0.1943638850352727
