times:
  landing: 0.562016806000031
  view-data: 0.5594641700000125
