times:
  landing: 1.0883992340000077
  view-data: 0.5637533159999748
