times:
  edit-metadata: 1.9802385242655873
  landing: 1.1959153730422258
  view-data: 3.521480241790414
