times:
  edit-metadata: 1.3020676411688328
  landing: 0.020617900416254997
  view-data: 0.12042366992682219
