times:
  edit-metadata: 0.6385429149959236
  landing: 0.0427403780631721
  view-data: 0.19559628213755786
