times:
  edit-metadata: 0.614736351184547
  landing: 0.08917813980951905
  view-data: 0.22601139592006803
