times:
  landing: 1.0693839279999793
  view-data: 0.5588986879999993
