times:
  landing: 1.0823853649999933
  view-data: 0.5706745129999717
