times:
  edit-metadata: 1.5559798069298267
  landing: 0.709909051656723
  view-data: 3.361504700034857
