times:
  edit-metadata: 1.2813271097838879
  landing: 0.11350613739341497
  view-data: 0.32287068851292133
