times:
  edit-metadata: 1.5004613548517227
  landing: 0.26562268659472466
  view-data: 0.36853863671422005
