times:
  edit-metadata: 2.0670875757932663
  landing: 1.0038396306335926
  view-data: 3.3869401663541794
