times:
  edit-metadata: 1.5312851965427399
  landing: 0.8842047862708569
  view-data: 3.4153230227530003
