times:
  edit-metadata: 0.5138694420456886
  landing: 0.05334313586354256
  view-data: 0.19989463314414024
