times:
  edit-metadata: 1.458881702274084
  landing: 0.7913603223860264
  view-data: 3.4147798344492912
