times:
  landing: 0.5410188289999951
  view-data: 0.5482429319999937
