times:
  edit-metadata: 0.5969039578922093
  landing: 0.048887362936511636
  view-data: 0.19201359804719687
