times:
  edit-metadata: 0.5367743520037038
  landing: 0.04790631499781739
  view-data: 0.2413262509944616
