times:
  landing: 0.5505828789999896
  view-data: 0.548735559999983
