times:
  edit-metadata: 1.903890561312437
  landing: 1.0580609329044819
  view-data: 3.5272294273599982
