times:
  edit-metadata: 0.5318019185215235
  landing: 0.5985214952379465
  view-data: 0.30710096657276154
