times:
  edit-metadata: 0.6841683289967477
  landing: 0.08213300304487348
  view-data: 0.20131688611581922
