times:
  edit-metadata: 1.5259363614022732
  landing: 6.107101563364267
  view-data: 3.2948695756495
