times:
  edit-metadata: 1.3389451168477535
  landing: 0.13298399560153484
  view-data: 0.1363300308585167
