times:
  edit-metadata: 1.2618564078584313
  landing: 0.020602175034582615
  view-data: 0.1309502413496375
