times:
  edit-metadata: 0.4276389409787953
  landing: 0.05025761714205146
  view-data: 0.20073961419984698
