times:
  landing: 0.560249921000036
  view-data: 0.5623354140000174
