times:
  edit-metadata: 1.3942042840644717
  landing: 0.022116519510746002
  view-data: 0.025288762524724007
