times:
  edit-metadata: 0.6799727492034435
  landing: 0.062458841130137444
  view-data: 0.23504390381276608
