times:
  edit-metadata: 1.34937862213701
  landing: 0.7297946470789611
  view-data: 3.3774698111228645
