times:
  edit-metadata: 2.374471445567906
  landing: 0.9226154489442706
  view-data: 3.6309171430766582
