times:
  edit-metadata: 0.43469367711804807
  landing: 0.04582431400194764
  view-data: 0.20608626608736813
