times:
  edit-metadata: 0.5935036211740226
  landing: 0.06439604586921632
  view-data: 0.19475677190348506
