times:
  edit-metadata: 1.492412280291319
  landing: 0.7629307927563787
  view-data: 3.363663258962333
