times:
  edit-metadata: 1.4387737922370434
  landing: 0.1239825040102005
  view-data: 0.340142834931612
