times:
  edit-metadata: 0.5229412093758583
  landing: 0.05399726703763008
  view-data: 0.19351092353463173
