times:
  landing: 0.5752345749999677
  view-data: 0.5568747279999684
