times:
  edit-metadata: 1.314091875217855
  landing: 0.021838600747287273
  view-data: 0.026498164050281048
