times:
  edit-metadata: 0.4276489708572626
  landing: 0.048448857851326466
  view-data: 0.20715437922626734
