times:
  edit-metadata: 0.45790094893891364
  landing: 0.04802424693480134
  view-data: 0.2053499190369621
