times:
  edit-metadata: 0.5030702501535416
  landing: 0.04647921770811081
  view-data: 0.19247552379965782
