times:
  landing: 1.079325778999987
  view-data: 0.5591307529999767
