times:
  edit-metadata: 1.2694928767159581
  landing: 0.020231913775205612
  view-data: 0.027016575448215008
