times:
  landing: 0.5541516790000003
  view-data: 0.5548330179999823
