times:
  edit-metadata: 2.9267294481396675
  landing: 1.7483628876507282
  view-data: 4.001978445798159
