times:
  edit-metadata: 1.5710526816546917
  landing: 0.7907568700611591
  view-data: 3.4353871028870344
