times:
  landing: 0.5564297380000198
  view-data: 0.5635683930000255
