times:
  edit-metadata: 1.5871318988502026
  landing: 0.7950798403471708
  view-data: 3.406564885750413
