times:
  edit-metadata: 1.5376511346548796
  landing: 0.6973208729177713
  view-data: 3.368354072794318
