times:
  edit-metadata: 0.5120259351097047
  landing: 0.04750231606885791
  view-data: 0.20873752422630787
