times:
  edit-metadata: 1.6561352089047432
  landing: 1.0339384377002716
  view-data: 3.3649583496153355
