times:
  edit-metadata: 0.5152585301548243
  landing: 0.04125035787001252
  view-data: 0.19987623486667871
