times:
  edit-metadata: 0.5058422310030437
  landing: 0.04241718300181674
  view-data: 0.20793638000031933
