times:
  edit-metadata: 0.4531402802094817
  landing: 0.038997513242065907
  view-data: 0.20258551696315408
