times:
  edit-metadata: 1.4612461254000664
  landing: 0.7489516967907548
  view-data: 3.3264029594138265
