times:
  edit-metadata: 0.5200910437852144
  landing: 0.7495695631951094
  view-data: 0.4352205619215965
