times:
  edit-metadata: 0.5791260283440351
  landing: 0.07431035907939076
  view-data: 0.20433887373656034
