times:
  edit-metadata: 0.6723960279487073
  landing: 0.049364357022568583
  view-data: 0.1913909730501473
