times:
  edit-metadata: 1.2387625593692064
  landing: 0.01901341136544943
  view-data: 0.02482033520936966
