times:
  edit-metadata: 0.6451630899682641
  landing: 0.04098646098282188
  view-data: 0.1924129209946841
