times:
  edit-metadata: 1.736356321722269
  landing: 1.0272118337452412
  view-data: 3.353326741605997
