times:
  edit-metadata: 1.561497574672103
  landing: 0.2636470813304186
  view-data: 0.5206078439950943
