times:
  edit-metadata: 1.6102442797273397
  landing: 0.8386000767350197
  view-data: 3.3461889028549194
