times:
  landing: 0.5571627439999816
  view-data: 0.5675632929999779
