times:
  landing: 1.1174740940000447
  view-data: 0.5555294239999853
