times:
  edit-metadata: 0.5249108001589775
  landing: 0.052411120384931564
  view-data: 0.1925254948437214
