times:
  edit-metadata: 0.5618951674550772
  landing: 0.5877248924225569
  view-data: 0.5848322622478008
