times:
  landing: 1.1004180219999853
  view-data: 0.5532699930000149
