times:
  landing: 0.5458624479999798
  view-data: 0.5472561659999542
