times:
  edit-metadata: 0.4384896056726575
  landing: 0.045316342264413834
  view-data: 0.20765116903930902
