times:
  edit-metadata: 0.6932565360330045
  landing: 0.0449937810190022
  view-data: 0.22172304382547736
