times:
  edit-metadata: 0.5055698677897453
  landing: 0.6747782621532679
  view-data: 0.4344995431602001
