times:
  edit-metadata: 1.6038006199523807
  landing: 0.31152018904685974
  view-data: 0.3538266820833087
