times:
  landing: 1.6225493839999672
  view-data: 0.5547904900000162
