times:
  landing: 0.5487476640000182
  view-data: 0.5581893730000047
