times:
  edit-metadata: 0.4632158293388784
  landing: 0.04434063518419862
  view-data: 0.21697052102535963
