times:
  landing: 0.5491255249999654
  view-data: 0.551159977999987
