times:
  edit-metadata: 0.5955130287911743
  landing: 0.04631964606232941
  view-data: 0.18734488310292363
