times:
  edit-metadata: 1.692215128801763
  landing: 0.13068205956369638
  view-data: 0.024373957887291908
