times:
  edit-metadata: 1.4780961479991674
  landing: 0.7251275479793549
  view-data: 3.278340745717287
