times:
  edit-metadata: 1.4179246164858341
  landing: 0.8188140206038952
  view-data: 3.3132218942046165
