times:
  edit-metadata: 0.6241191234439611
  landing: 0.6302360109984875
  view-data: 0.18934532813727856
