times:
  edit-metadata: 0.5490482994355261
  landing: 0.0440267282538116
  view-data: 0.19577182037755847
