times:
  edit-metadata: 1.3057489320635796
  landing: 0.02280139923095703
  view-data: 0.02370952069759369
