times:
  edit-metadata: 0.5351924393326044
  landing: 0.608934547752142
  view-data: 0.6019266918301582
