times:
  edit-metadata: 0.5220690481364727
  landing: 0.5736003667116165
  view-data: 0.6436017751693726
