times:
  landing: 1.1169900789999474
  view-data: 0.5593932959999961
