times:
  edit-metadata: 1.4799030758440495
  landing: 0.8262082114815712
  view-data: 3.3410677313804626
