times:
  edit-metadata: 1.4593245908617973
  landing: 0.7520924145355821
  view-data: 3.3838210590183735
