times:
  edit-metadata: 1.2817770764231682
  landing: 0.01910853572189808
  view-data: 0.3111551534384489
