times:
  edit-metadata: 0.5445182025432587
  landing: 0.600184727460146
  view-data: 0.23620494082570076
