times:
  edit-metadata: 1.505380678921938
  landing: 0.8452939502894878
  view-data: 3.3835242800414562
