times:
  edit-metadata: 0.4486193098127842
  landing: 0.04950389126315713
  view-data: 0.33559068106114864
