times:
  landing: 0.5506490999999869
  view-data: 0.5587325210000245
