times:
  edit-metadata: 0.48992603399983636
  landing: 0.036893064000651066
  view-data: 0.19303170700004557
