times:
  edit-metadata: 1.969537055119872
  landing: 1.1163825578987598
  view-data: 3.7075416073203087
