times:
  edit-metadata: 0.5781584158539772
  landing: 0.8329449370503426
  view-data: 0.20035206712782383
