times:
  edit-metadata: 1.6473841443657875
  landing: 0.9437234736979008
  view-data: 3.4569951705634594
