times:
  landing: 1.0809375341050327
  view-data: 0.6577932429499924
