times:
  edit-metadata: 0.568852161988616
  landing: 0.5735105574131012
  view-data: 0.21970153972506523
