times:
  edit-metadata: 3.3843929916620255
  landing: 0.03896608576178551
  view-data: 0.05483892746269703
