times:
  edit-metadata: 0.5314457160420716
  landing: 0.05494138004723936
  view-data: 0.21166063589043915
