times:
  edit-metadata: 1.392394894734025
  landing: 0.02029731683433056
  view-data: 0.026725933887064457
