times:
  edit-metadata: 0.6288743079639971
  landing: 0.05318935005925596
  view-data: 0.17960156709887087
