times:
  edit-metadata: 1.6812379248440266
  landing: 0.7490092515945435
  view-data: 3.2931507043540478
