times:
  edit-metadata: 0.5451470389962196
  landing: 0.04915084969252348
  view-data: 0.21364195831120014
