times:
  edit-metadata: 1.6116176955401897
  landing: 0.7971539366990328
  view-data: 3.3667808640748262
