times:
  edit-metadata: 0.6103391698561609
  landing: 0.04161589592695236
  view-data: 0.19366464717313647
