times:
  edit-metadata: 1.3774274159222841
  landing: 0.022428298369050026
  view-data: 0.141005739569664
