times:
  edit-metadata: 1.3091598665341735
  landing: 0.8259562589228153
  view-data: 3.3105720030143857
