times:
  edit-metadata: 0.5228763371706009
  landing: 0.04582933709025383
  view-data: 0.1888156794011593
