times:
  edit-metadata: 0.5369890481233597
  landing: 0.05289551243185997
  view-data: 0.1921810284256935
