times:
  edit-metadata: 0.45420132111757994
  landing: 0.061290403828024864
  view-data: 0.2040991736575961
