times:
  landing: 0.5497457479999923
  view-data: 0.5527118489999907
