times:
  edit-metadata: 0.6009306979831308
  landing: 0.04303241288289428
  view-data: 0.1838948018848896
