times:
  edit-metadata: 0.5107337310910225
  landing: 0.6817195806652308
  view-data: 0.3218044601380825
