times:
  edit-metadata: 1.547588860616088
  landing: 0.7480381466448307
  view-data: 3.4284204728901386
