times:
  edit-metadata: 0.4799916649935767
  landing: 0.05226087605115026
  view-data: 0.23194440198130906
