times:
  edit-metadata: 1.4267880329862237
  landing: 0.8203358547762036
  view-data: 3.372741677798331
