times:
  edit-metadata: 0.7097152110654861
  landing: 0.058805513894185424
  view-data: 0.2131466439459473
