times:
  edit-metadata: 1.6001187190413475
  landing: 0.6506303511559963
  view-data: 3.291615143418312
