times:
  edit-metadata: 1.3096338789910078
  landing: 0.02006439119577408
  view-data: 0.0246766097843647
