times:
  edit-metadata: 0.4157162408810109
  landing: 0.04905413184314966
  view-data: 0.2006876829545945
