times:
  edit-metadata: 1.6214545890688896
  landing: 0.8258368708193302
  view-data: 3.2925883382558823
