times:
  edit-metadata: 0.5539785921573639
  landing: 0.5587258543819189
  view-data: 0.18261067755520344
