times:
  edit-metadata: 0.5448221899569035
  landing: 0.7142988722771406
  view-data: 0.2189954798668623
