times:
  edit-metadata: 1.6183225736021996
  landing: 0.8928120508790016
  view-data: 3.367851499468088
