times:
  edit-metadata: 0.6145071738865227
  landing: 0.053421011194586754
  view-data: 0.23381029511801898
