times:
  edit-metadata: 1.3529933672398329
  landing: 0.2064562886953354
  view-data: 0.46073690336197615
