times:
  edit-metadata: 1.2870151223614812
  landing: 0.020908743143081665
  view-data: 0.27237599343061447
