times:
  edit-metadata: 1.2765724509954453
  landing: 0.6303157210350037
  view-data: 3.3406763821840286
