times:
  edit-metadata: 1.5521812830120325
  landing: 0.7468374613672495
  view-data: 3.431066434830427
