times:
  edit-metadata: 0.5846064426004887
  landing: 0.5588461998850107
  view-data: 0.19400378689169884
