times:
  edit-metadata: 0.45726507483050227
  landing: 0.05224773706868291
  view-data: 0.22499967296607792
