times:
  edit-metadata: 0.5296805053949356
  landing: 0.5552561115473509
  view-data: 0.2036914825439453
