times:
  edit-metadata: 1.271063782274723
  landing: 0.019324181601405144
  view-data: 0.34150236658751965
