times:
  edit-metadata: 0.4550575907342136
  landing: 0.050509827211499214
  view-data: 0.2071244940161705
