times:
  edit-metadata: 2.7296548392623663
  landing: 0.15667439624667168
  view-data: 0.3877797797322273
