times:
  landing: 0.5699393900000018
  view-data: 0.5650486620000095
