times:
  edit-metadata: 1.3108613286167383
  landing: 0.020465902984142303
  view-data: 0.024449670687317848
