times:
  edit-metadata: 1.2821831479668617
  landing: 0.020047923550009727
  view-data: 0.026649086736142635
