times:
  edit-metadata: 1.6017648605629802
  landing: 0.7958266902714968
  view-data: 3.412275136448443
