times:
  edit-metadata: 1.4239149447530508
  landing: 0.6342257857322693
  view-data: 3.3128703497350216
