times:
  edit-metadata: 0.44762018392793834
  landing: 0.05039770295843482
  view-data: 0.2127213659696281
