times:
  edit-metadata: 0.5363140013068914
  landing: 0.041103582829236984
  view-data: 0.2012375993654132
