times:
  edit-metadata: 0.5795623883605003
  landing: 0.6883032973855734
  view-data: 0.24263416603207588
