times:
  edit-metadata: 1.6209657415747643
  landing: 0.8293736502528191
  view-data: 3.3162099234759808
