times:
  landing: 0.545817392999993
  view-data: 0.5460443960000134
