times:
  edit-metadata: 0.6230298709124327
  landing: 0.04359159292653203
  view-data: 0.19336267584003508
