times:
  edit-metadata: 1.4288795925676823
  landing: 0.7004054225981236
  view-data: 3.2859632819890976
