times:
  edit-metadata: 0.44080447405576706
  landing: 0.06946506164968014
  view-data: 0.204566007014364
