times:
  edit-metadata: 1.4303723955526948
  landing: 0.8365036593750119
  view-data: 3.404266821220517
