times:
  edit-metadata: 0.5979881199309602
  landing: 0.05120840494055301
  view-data: 0.19442161498591304
