times:
  edit-metadata: 0.6116175870411098
  landing: 0.05460974806919694
  view-data: 0.19526507600676268
