times:
  edit-metadata: 1.6562631651759148
  landing: 0.7793600782752037
  view-data: 3.3196862936019897
