times:
  edit-metadata: 0.5189166148193181
  landing: 0.04026288911700249
  view-data: 0.19159190729260445
