times:
  edit-metadata: 0.5920442882925272
  landing: 0.5426657926291227
  view-data: 0.1944612544029951
