times:
  edit-metadata: 0.4462189320474863
  landing: 0.05697049596346915
  view-data: 0.2095034250523895
