times:
  edit-metadata: 1.3708644192665815
  landing: 0.11141387186944485
  view-data: 0.13008313812315464
