times:
  edit-metadata: 0.6031919131055474
  landing: 0.04252559004817158
  view-data: 0.1942622709320858
