times:
  edit-metadata: 0.6295310789719224
  landing: 0.055880638072267175
  view-data: 0.19359261402860284
