times:
  edit-metadata: 1.8752221651375294
  landing: 0.8636325523257256
  view-data: 3.4497605971992016
