times:
  edit-metadata: 0.6014608070254326
  landing: 0.04649585112929344
  view-data: 0.1829990721307695
