times:
  edit-metadata: 0.6214148048311472
  landing: 0.042978065088391304
  view-data: 0.19302742695435882
