times:
  landing: 0.5497052229999895
  view-data: 0.5534471460000532
