times:
  edit-metadata: 1.4123741062358022
  landing: 0.19809821713715792
  view-data: 0.1222121911123395
