times:
  edit-metadata: 0.46276146499440074
  landing: 0.0517222840571776
  view-data: 0.20571045204997063
