times:
  edit-metadata: 1.5931903009768575
  landing: 0.8265712750144303
  view-data: 3.517518603010103
