times:
  edit-metadata: 1.5519543830305338
  landing: 0.7832909370772541
  view-data: 3.401397918816656
