times:
  edit-metadata: 1.8908877111971378
  landing: 0.023264508694410324
  view-data: 0.5292408671230078
