times:
  landing: 0.5509260389999895
  view-data: 0.5637758059999953
