times:
  edit-metadata: 1.3470649775117636
  landing: 0.2296810932457447
  view-data: 0.3189149387180805
