times:
  edit-metadata: 1.364651009440422
  landing: 0.8486235179007053
  view-data: 3.3226743564009666
