times:
  edit-metadata: 0.5587909361347556
  landing: 0.04758766479790211
  view-data: 0.1985551593825221
