times:
  edit-metadata: 0.521538782864809
  landing: 0.04784708842635155
  view-data: 0.1944066509604454
