times:
  edit-metadata: 1.5113757029175758
  landing: 0.7359761726111174
  view-data: 3.384676182642579
