times:
  edit-metadata: 1.2973977578803897
  landing: 0.01928034797310829
  view-data: 0.41842167917639017
