times:
  landing: 1.0722647110000025
  view-data: 0.5593558880000273
