times:
  landing: 1.0751296079999975
  view-data: 0.5612998500000117
