times:
  edit-metadata: 0.6089929838199168
  landing: 0.04301272192969918
  view-data: 0.2023769209627062
