times:
  landing: 0.5576951259999987
  view-data: 0.5604330730000129
