times:
  edit-metadata: 0.6049324497580528
  landing: 0.051996152848005295
  view-data: 0.18845082819461823
