times:
  edit-metadata: 0.5311762983910739
  landing: 0.04775576386600733
  view-data: 0.19729693979024887
