times:
  landing: 1.0744520819999934
  view-data: 0.5581045839999774
