times:
  edit-metadata: 0.6209135691169649
  landing: 0.04866856103762984
  view-data: 0.19066722108982503
