times:
  landing: 1.1004929640000114
  view-data: 0.5513716050000426
