times:
  edit-metadata: 0.48019698821008205
  landing: 1.1298766285181046
  view-data: 0.5822822619229555
