times:
  edit-metadata: 1.3076541079208255
  landing: 0.13401014544069767
  view-data: 0.2254997305572033
