times:
  edit-metadata: 0.43916155700571835
  landing: 0.04354039393365383
  view-data: 0.20294402609579265
