times:
  edit-metadata: 0.5327378623187542
  landing: 0.03919222950935364
  view-data: 0.1955346167087555
