times:
  edit-metadata: 1.481652531772852
  landing: 0.8385142656043172
  view-data: 3.381859702989459
