times:
  edit-metadata: 1.5055749379098415
  landing: 0.8554738461971283
  view-data: 3.3394010588526726
