times:
  edit-metadata: 1.3959828186780214
  landing: 0.023184673860669136
  view-data: 0.3632300514727831
