times:
  edit-metadata: 1.456948314094916
  landing: 0.7641345430165529
  view-data: 3.359184506116435
