times:
  edit-metadata: 0.5786681789904833
  landing: 0.5594716593623161
  view-data: 0.1918583121150732
