times:
  landing: 1.0775285620000261
  view-data: 0.5549578680000025
