times:
  edit-metadata: 0.4339749029604718
  landing: 0.05624690791592002
  view-data: 0.20627592597156763
