times:
  edit-metadata: 0.5499860299751163
  landing: 0.051474538166075945
  view-data: 0.19639262091368437
