times:
  landing: 0.5548940299999856
  view-data: 0.05679532400000653
