times:
  edit-metadata: 1.6192273274064064
  landing: 0.8333963192999363
  view-data: 3.4554575458168983
