times:
  edit-metadata: 1.5297293830662966
  landing: 0.0245707705616951
  view-data: 0.12418918311595917
