times:
  landing: 0.5999993640000412
  view-data: 0.564596913999992
