times:
  edit-metadata: 1.402961302548647
  landing: 0.7752858614549041
  view-data: 3.300526263192296
