times:
  edit-metadata: 1.51141650788486
  landing: 0.30171837843954563
  view-data: 0.40656941942870617
