times:
  edit-metadata: 1.2809270434081554
  landing: 0.02353003527969122
  view-data: 0.023994517512619495
