times:
  landing: 0.5482088159999989
  view-data: 0.5565818080000042
