times:
  edit-metadata: 0.5256824581883848
  landing: 0.04290711414068937
  view-data: 0.1903777550905943
