times:
  edit-metadata: 0.6809511450119317
  landing: 0.0542661149520427
  view-data: 0.20303513202816248
