times:
  edit-metadata: 1.4759776219725609
  landing: 0.8219660613685846
  view-data: 3.2797496765851974
