times:
  edit-metadata: 1.507839985191822
  landing: 0.9820339754223824
  view-data: 3.4474482648074627
