times:
  edit-metadata: 0.4225478991866112
  landing: 0.0507927481085062
  view-data: 0.19008269300684333
