times:
  landing: 1.069823160999988
  view-data: 0.5550216209999803
