times:
  landing: 0.5544027000000256
  view-data: 0.5551625549999812
