times:
  edit-metadata: 1.5324472822248936
  landing: 0.8821160309016705
  view-data: 3.3834789507091045
