times:
  edit-metadata: 1.761554965749383
  landing: 0.02198834903538227
  view-data: 0.3999069184064865
