times:
  edit-metadata: 0.5140635860152543
  landing: 0.11428794777020812
  view-data: 0.2987894960679114
