times:
  edit-metadata: 0.55214012414217
  landing: 0.055009543895721436
  view-data: 0.2004266083240509
