times:
  edit-metadata: 0.6288935639895499
  landing: 0.05515076592564583
  view-data: 0.19190223305486143
