times:
  edit-metadata: 0.4723649639636278
  landing: 1.6206389758735895
  view-data: 1.0969504602253437
