times:
  edit-metadata: 1.5485625164583325
  landing: 0.018893116153776646
  view-data: 0.12164352182298899
