times:
  edit-metadata: 0.6136790500022471
  landing: 0.043655047891661525
  view-data: 0.19491063500754535
