times:
  edit-metadata: 1.2973300497978926
  landing: 0.02200528420507908
  view-data: 0.024102065712213516
