times:
  landing: 0.5568959580000126
  view-data: 0.5548805330000164
