times:
  edit-metadata: 0.468643955886364
  landing: 1.0885914489626884
  view-data: 0.5830096285790205
