times:
  landing: 0.6046362069999986
  view-data: 0.5636920630000191
