times:
  landing: 0.559139373999983
  view-data: 0.5613353809999921
