times:
  edit-metadata: 1.293384050950408
  landing: 0.24556199461221695
  view-data: 0.3753794711083174
