times:
  landing: 0.5475466640000377
  view-data: 0.5478789680000204
