times:
  edit-metadata: 1.3988813124597073
  landing: 0.7292321734130383
  view-data: 3.260035917162895
