times:
  landing: 0.5509884010000405
  view-data: 0.5500098210000033
