times:
  edit-metadata: 1.6828339025378227
  landing: 0.021260231733322144
  view-data: 0.18463907949626446
