times:
  edit-metadata: 1.3679468855261803
  landing: 0.1988150142133236
  view-data: 0.42517112381756306
