times:
  edit-metadata: 1.616361515596509
  landing: 0.12836906407028437
  view-data: 0.2989038182422519
