times:
  edit-metadata: 1.5848026536405087
  landing: 0.8288007713854313
  view-data: 3.428689803928137
