times:
  edit-metadata: 0.5433008745312691
  landing: 0.7767839599400759
  view-data: 0.19139414466917515
