times:
  edit-metadata: 1.318634713999927
  landing: 0.021264507435262203
  view-data: 0.028231685049831867
