times:
  edit-metadata: 1.606142297387123
  landing: 0.7589888330549002
  view-data: 3.4537656903266907
