times:
  edit-metadata: 0.6225464090239257
  landing: 0.04169038392137736
  view-data: 0.19022843602579087
