times:
  edit-metadata: 0.42988653713837266
  landing: 0.040871354285627604
  view-data: 0.19996959203854203
