times:
  landing: 0.5999169140000049
  view-data: 0.5543657660000463
