times:
  edit-metadata: 0.4913923260755837
  landing: 0.05231577204540372
  view-data: 0.21294331597164273
