times:
  edit-metadata: 1.2884168792515993
  landing: 0.02039074245840311
  view-data: 0.12509739864617586
