times:
  edit-metadata: 0.6191756629850715
  landing: 0.04959692293778062
  view-data: 0.1892171991057694
