times:
  edit-metadata: 0.5385587429627776
  landing: 0.03991535538807511
  view-data: 0.1894080308265984
