times:
  landing: 0.553127571999994
  view-data: 0.5580919149999772
