times:
  edit-metadata: 0.5312597565352917
  landing: 0.039163488894701004
  view-data: 0.19066469371318817
