times:
  edit-metadata: 0.5074372477829456
  landing: 0.04247036948800087
  view-data: 0.1949734203517437
