times:
  landing: 0.5512364619999062
  view-data: 0.5495814740002061
