times:
  edit-metadata: 0.5041474401950836
  landing: 1.1034961435943842
  view-data: 0.5988044552505016
