times:
  edit-metadata: 0.5152210965752602
  landing: 0.04767024889588356
  view-data: 0.19702434912323952
