times:
  edit-metadata: 0.5973342549987137
  landing: 0.07871201215311885
  view-data: 0.20750513207167387
