times:
  edit-metadata: 2.6329120099544525
  landing: 1.9032953456044197
  view-data: 3.821251131594181
