times:
  edit-metadata: 1.374802004545927
  landing: 0.024689003825187683
  view-data: 0.27394460141658783
