times:
  edit-metadata: 1.502837110310793
  landing: 0.09144144784659147
  view-data: 0.4323735460639
