times:
  edit-metadata: 1.3352363146841526
  landing: 0.020193815231323242
  view-data: 0.025690820068120956
