times:
  edit-metadata: 0.732622629031539
  landing: 0.057529773097485304
  view-data: 0.295688412617892
