times:
  landing: 0.5513404699999569
  view-data: 0.5576814469999931
