times:
  edit-metadata: 1.2955397199839354
  landing: 0.12092157918959856
  view-data: 0.43759043142199516
