times:
  edit-metadata: 1.3184958938509226
  landing: 0.1311246007680893
  view-data: 0.3766886703670025
