times:
  edit-metadata: 1.3296192269772291
  landing: 0.01957007497549057
  view-data: 0.11261306330561638
