times:
  edit-metadata: 0.4357685949653387
  landing: 0.04403166100382805
  view-data: 0.19479521410539746
