times:
  edit-metadata: 1.3635295182466507
  landing: 0.020381763577461243
  view-data: 0.4678006647154689
