times:
  edit-metadata: 0.5241114050149918
  landing: 0.5699341874569654
  view-data: 0.582228796556592
