times:
  edit-metadata: 0.44110995158553123
  landing: 0.0372744370251894
  view-data: 0.19707789923995733
