times:
  edit-metadata: 0.42993924394249916
  landing: 0.039768205024302006
  view-data: 0.1996590467169881
