times:
  edit-metadata: 1.3108858559280634
  landing: 0.12414585333317518
  view-data: 0.3217837819829583
