times:
  edit-metadata: 0.5208666771650314
  landing: 0.04443175904452801
  view-data: 0.18834775919094682
