times:
  edit-metadata: 1.5602237023413181
  landing: 0.8950295820832253
  view-data: 3.4537598118185997
