times:
  edit-metadata: 0.5305594889941858
  landing: 0.04561416599608492
  view-data: 0.2095826209988445
