times:
  landing: 0.548758676999995
  view-data: 0.04755904199998895
