times:
  landing: 0.5530483430000004
  view-data: 0.5513518200000362
