times:
  edit-metadata: 1.6032790932804346
  landing: 0.8451989479362965
  view-data: 3.440273070707917
