times:
  edit-metadata: 0.6229252377524972
  landing: 0.04942581709474325
  view-data: 0.19102770602330565
