times:
  edit-metadata: 0.5435019340366125
  landing: 0.7954073641449213
  view-data: 0.6616987269371748
