times:
  edit-metadata: 0.5277604189468548
  landing: 0.059411211987026036
  view-data: 0.21793903002981097
