times:
  edit-metadata: 0.6022774869925343
  landing: 0.054433214012533426
  view-data: 0.19137126798159443
