times:
  edit-metadata: 1.6601570062339306
  landing: 0.26251715421676636
  view-data: 0.15671027451753616
