times:
  edit-metadata: 0.44286194536834955
  landing: 0.041140551678836346
  view-data: 0.20117245614528656
