times:
  edit-metadata: 0.5806477442383766
  landing: 1.1476755067706108
  view-data: 0.2862491775304079
