times:
  edit-metadata: 1.4862374742515385
  landing: 0.7133146892301738
  view-data: 3.36221089027822
