times:
  landing: 1.0687850690000005
  view-data: 0.5618984949999231
