times:
  edit-metadata: 1.2986345896497369
  landing: 0.019115283153951168
  view-data: 0.15713037177920341
