times:
  landing: 1.0766455250000035
  view-data: 0.5559021210000026
