times:
  edit-metadata: 0.4247816540300846
  landing: 0.06925335712730885
  view-data: 0.2054026471450925
