times:
  edit-metadata: 1.3231564471498132
  landing: 0.021531914360821247
  view-data: 0.024854145012795925
