times:
  edit-metadata: 1.2895416542887688
  landing: 0.09524055756628513
  view-data: 0.022411330603063107
