times:
  edit-metadata: 0.4307175069116056
  landing: 0.05038215592503548
  view-data: 0.18803812516853213
