times:
  edit-metadata: 0.5193403861485422
  landing: 0.09775008307769895
  view-data: 0.20365022169426084
