times:
  edit-metadata: 0.5561687257140875
  landing: 2.595868606120348
  view-data: 0.5249196011573076
