times:
  edit-metadata: 0.5841185069875792
  landing: 0.04258810399915092
  view-data: 0.3223379449918866
