times:
  edit-metadata: 1.3107342701405287
  landing: 0.14133610762655735
  view-data: 0.027895202860236168
