times:
  edit-metadata: 1.548771109431982
  landing: 0.8066514357924461
  view-data: 3.4101299419999123
