times:
  edit-metadata: 1.3068660830613226
  landing: 0.8555058459751308
  view-data: 3.351290561957285
