times:
  edit-metadata: 0.436735300347209
  landing: 0.03746427595615387
  view-data: 0.5865838397294283
