times:
  landing: 0.5528524889999744
  view-data: 0.5600171330000308
