times:
  edit-metadata: 1.3365201223641634
  landing: 0.021903974935412407
  view-data: 0.022944028489291668
