times:
  edit-metadata: 1.6613008435815573
  landing: 1.0021565426141024
  view-data: 3.3766009975224733
