times:
  edit-metadata: 1.5974197052419186
  landing: 1.1434560306370258
  view-data: 3.396626390516758
