times:
  landing: 0.5503132410001399
  view-data: 0.5719567910000478
