times:
  edit-metadata: 0.423658000305295
  landing: 0.03756903996691108
  view-data: 0.1876703198067844
