times:
  landing: 0.550648375000037
  view-data: 0.5550428659999511
