times:
  edit-metadata: 2.164948118850589
  landing: 1.2053213063627481
  view-data: 3.6855637207627296
