times:
  edit-metadata: 1.4802834652364254
  landing: 0.8544299826025963
  view-data: 3.3498076908290386
