times:
  edit-metadata: 2.966966829262674
  landing: 0.4423485705628991
  view-data: 1.0069338595494628
