times:
  edit-metadata: 0.5310694701038301
  landing: 0.042778232134878635
  view-data: 0.19125310378149152
