times:
  edit-metadata: 1.3064679633826017
  landing: 0.1885401513427496
  view-data: 0.126599982380867
