times:
  edit-metadata: 1.3086539907380939
  landing: 0.022173747420310974
  view-data: 0.02428583800792694
