times:
  edit-metadata: 0.6006585825234652
  landing: 0.5869590789079666
  view-data: 0.597037659958005
