times:
  edit-metadata: 0.604673016932793
  landing: 0.04227623902261257
  view-data: 0.2191810809308663
