times:
  edit-metadata: 1.8006706358864903
  landing: 1.1591032790020108
  view-data: 3.406801980920136
