times:
  edit-metadata: 1.3682840391993523
  landing: 0.7786174118518829
  view-data: 3.3330675438046455
