times:
  edit-metadata: 1.500974278897047
  landing: 19.988603020086884
  view-data: 3.3724385872483253
