times:
  edit-metadata: 1.6456939466297626
  landing: 0.8255535662174225
  view-data: 3.3193328883498907
