times:
  edit-metadata: 1.4031609948724508
  landing: 0.318107420578599
  view-data: 0.1382372286170721
