times:
  edit-metadata: 0.6633695940254256
  landing: 0.09430519596207887
  view-data: 0.21640986198326573
