times:
  edit-metadata: 1.5491697117686272
  landing: 0.8774838335812092
  view-data: 3.4274193719029427
