times:
  landing: 0.5550643029999947
  view-data: 0.5554639040000211
