times:
  edit-metadata: 0.5056318850256503
  landing: 0.041957234032452106
  view-data: 0.20542468799976632
