times:
  landing: 0.5529868849999957
  view-data: 0.5586697709999839
