times:
  edit-metadata: 0.44553040503524244
  landing: 0.07022783602587879
  view-data: 0.19815125199966133
