times:
  edit-metadata: 1.5503452718257904
  landing: 0.7027307692915201
  view-data: 3.365563578903675
