times:
  edit-metadata: 0.5306178880855441
  landing: 0.08140919683501124
  view-data: 0.23193035228177905
