times:
  edit-metadata: 0.515840120613575
  landing: 0.04633767157793045
  view-data: 0.19748366624116898
