times:
  edit-metadata: 1.288059557788074
  landing: 0.1641218177974224
  view-data: 0.02536486554890871
