times:
  edit-metadata: 1.364133832976222
  landing: 0.2805609982460737
  view-data: 0.13570290990173817
