times:
  edit-metadata: 1.2955526448786259
  landing: 0.020192096009850502
  view-data: 0.022889861837029457
