times:
  edit-metadata: 1.2622723085805774
  landing: 0.021315662190318108
  view-data: 0.12354968208819628
