times:
  landing: 1.0679719419995308
  view-data: 0.556053172999782
