times:
  edit-metadata: 1.7262447476387024
  landing: 0.021322607062757015
  view-data: 0.026584223844110966
