times:
  landing: 0.5492723169999749
  view-data: 0.5580119219999915
