times:
  edit-metadata: 0.5084993541240692
  landing: 0.048989564180374146
  view-data: 0.18686304241418839
