times:
  edit-metadata: 0.5285661129746586
  landing: 0.05069505691062659
  view-data: 0.21645772689953446
