times:
  edit-metadata: 0.5994287970243022
  landing: 0.045931739965453744
  view-data: 0.19435650203377008
