times:
  edit-metadata: 0.4257349241524935
  landing: 0.04772973759099841
  view-data: 0.1987966070882976
