times:
  edit-metadata: 1.5261324010789394
  landing: 0.8145945984870195
  view-data: 3.4160895366221666
