times:
  edit-metadata: 1.5912869237363338
  landing: 0.7601755298674107
  view-data: 3.3216875717043877
