times:
  landing: 0.6230220610000288
  view-data: 0.5634673550000002
