times:
  edit-metadata: 0.6701853759586811
  landing: 0.07078094012103975
  view-data: 0.2270272560417652
