times:
  edit-metadata: 0.5881790519924834
  landing: 0.05141481600003317
  view-data: 0.195499530993402
