times:
  edit-metadata: 1.4624994276091456
  landing: 0.902796225156635
  view-data: 3.286143767181784
