times:
  edit-metadata: 1.825140617787838
  landing: 0.9372272044420242
  view-data: 3.4268616251647472
