times:
  landing: 0.5485297060000676
  view-data: 0.5443346319999591
