times:
  edit-metadata: 1.5679592452943325
  landing: 0.844566073268652
  view-data: 3.426321055740118
