times:
  edit-metadata: 0.6576651770155877
  landing: 0.048874286003410816
  view-data: 0.192569819977507
