times:
  landing: 0.548400402999988
  view-data: 0.5463345789999892
