times:
  edit-metadata: 0.5160031095147133
  landing: 1.102776812389493
  view-data: 0.585949569940567
