times:
  landing: 1.0799939279999933
  view-data: 0.5533101080000051
