times:
  edit-metadata: 0.6013031750917435
  landing: 0.04325206205248833
  view-data: 0.3230227380990982
