times:
  edit-metadata: 0.48354152287356555
  landing: 0.058713866863399744
  view-data: 0.21085814503021538
