times:
  edit-metadata: 0.42185240099206567
  landing: 0.049016995006240904
  view-data: 0.20867098699091002
