times:
  edit-metadata: 1.2972406670451164
  landing: 0.021716225892305374
  view-data: 0.12775559071451426
