times:
  edit-metadata: 0.719359824899584
  landing: 0.1158965677022934
  view-data: 0.25120620615780354
