times:
  edit-metadata: 0.45309855812229216
  landing: 0.04652335518039763
  view-data: 0.21839732211083174
