times:
  edit-metadata: 0.5331685137934983
  landing: 0.04674350889399648
  view-data: 0.1913523836992681
