times:
  edit-metadata: 1.5729497140273452
  landing: 0.7893394157290459
  view-data: 3.3634817199781537
