times:
  edit-metadata: 1.5502301901578903
  landing: 0.02118992805480957
  view-data: 0.2972729653120041
