times:
  edit-metadata: 1.3318096362054348
  landing: 0.02098257467150688
  view-data: 0.13113303668797016
