times:
  edit-metadata: 1.2994808023795485
  landing: 0.11364990007132292
  view-data: 0.025177452713251114
