times:
  landing: 1.075768743000026
  view-data: 0.5575677410000139
