times:
  landing: 0.548528196999996
  view-data: 0.5522213970000109
