times:
  edit-metadata: 1.5387094914913177
  landing: 0.7739169802516699
  view-data: 3.3512332532554865
