times:
  edit-metadata: 0.862451917026192
  landing: 0.05862252414226532
  view-data: 0.18873712699860334
