times:
  edit-metadata: 1.3288524271920323
  landing: 0.12563079223036766
  view-data: 0.13478633016347885
