times:
  edit-metadata: 0.49957129545509815
  landing: 0.7058038171380758
  view-data: 0.30622347071766853
