times:
  edit-metadata: 0.5258362719905563
  landing: 0.053343001985922456
  view-data: 0.21257430699188262
