times:
  landing: 0.5544147700000508
  view-data: 0.5647835859999759
