times:
  edit-metadata: 1.5086830761283636
  landing: 0.8784081256017089
  view-data: 3.2957335240207613
