times:
  edit-metadata: 1.3287009578198195
  landing: 0.027528204023838043
  view-data: 0.3016537455841899
