times:
  landing: 0.5547391239999797
  view-data: 0.5510226000000102
