times:
  edit-metadata: 0.5473294440016616
  landing: 0.08274975899257697
  view-data: 0.24296733300434425
