times:
  edit-metadata: 1.5233122697100043
  landing: 0.786557752173394
  view-data: 3.371499584056437
