times:
  edit-metadata: 0.6022986490279436
  landing: 0.04449344193562865
  view-data: 0.1919334540143609
