times:
  edit-metadata: 0.546586605720222
  landing: 0.03786750975996256
  view-data: 0.19249113276600838
