times:
  edit-metadata: 0.41908010793849826
  landing: 0.039523232728242874
  view-data: 0.19265229115262628
