times:
  edit-metadata: 1.6229703640565276
  landing: 1.1201055878773332
  view-data: 3.632651887834072
