times:
  edit-metadata: 1.3192512206733227
  landing: 0.20869921147823334
  view-data: 0.3939823228865862
