times:
  edit-metadata: 0.539475331956055
  landing: 0.053919731988571584
  view-data: 0.21216015005484223
