times:
  edit-metadata: 1.4993050377815962
  landing: 0.9051326122134924
  view-data: 3.3661839943379164
