times:
  edit-metadata: 1.3556141313165426
  landing: 0.021001318469643593
  view-data: 0.10140560753643513
