times:
  landing: 0.5481509940000251
  view-data: 0.552224123999963
