times:
  edit-metadata: 0.5053957402706146
  landing: 0.04351701959967613
  view-data: 0.20164668187499046
