times:
  edit-metadata: 0.6903525989619084
  landing: 0.053937915014103055
  view-data: 0.2005460630171001
