times:
  landing: 0.5450510660000418
  view-data: 0.5518482410000161
