times:
  edit-metadata: 1.674737898632884
  landing: 0.2608323525637388
  view-data: 0.39985798858106136
