times:
  edit-metadata: 1.3823756873607635
  landing: 0.8189857564866543
  view-data: 3.3163567520678043
