times:
  edit-metadata: 0.4265282000415027
  landing: 0.04350903304293752
  view-data: 0.18899876112118363
