times:
  edit-metadata: 1.3486294504255056
  landing: 0.2344515724107623
  view-data: 0.19548893813043833
