times:
  edit-metadata: 1.3340584384277463
  landing: 0.11854303535073996
  view-data: 0.026826152577996254
