times:
  edit-metadata: 1.6373799219727516
  landing: 0.9731249697506428
  view-data: 3.3916019573807716
