times:
  edit-metadata: 0.5611600931733847
  landing: 1.2999814804643393
  view-data: 0.5350725036114454
