times:
  edit-metadata: 0.42626416590064764
  landing: 0.0483864676207304
  view-data: 0.20177835784852505
