times:
  edit-metadata: 0.5070262110093608
  landing: 0.04660138097824529
  view-data: 0.21559940901352093
