times:
  edit-metadata: 1.482684512855485
  landing: 0.8054704789537936
  view-data: 3.422125626122579
