times:
  edit-metadata: 0.6288712080568075
  landing: 0.06386424880474806
  view-data: 0.2949764197692275
