times:
  edit-metadata: 0.44243038503918797
  landing: 0.051022395957261324
  view-data: 0.20952179899904877
