times:
  edit-metadata: 1.529280662536621
  landing: 0.9101100414991379
  view-data: 3.3710562847554684
