times:
  edit-metadata: 1.4918969757854939
  landing: 0.6805683430284262
  view-data: 3.371589506044984
