times:
  edit-metadata: 1.35724619589746
  landing: 0.02391903568059206
  view-data: 0.02416704874485731
