times:
  edit-metadata: 0.6069319103844464
  landing: 0.047046479769051075
  view-data: 0.19001454766839743
