times:
  edit-metadata: 0.5170362088829279
  landing: 0.5688517689704895
  view-data: 0.6024096608161926
