times:
  edit-metadata: 1.3749001109972596
  landing: 0.9477673569926992
  view-data: 3.346447988995351
