times:
  edit-metadata: 0.6681309610139579
  landing: 0.058847655076533556
  view-data: 0.19303773995488882
