times:
  edit-metadata: 1.50808859243989
  landing: 0.7036837171763182
  view-data: 3.3065062668174505
