times:
  edit-metadata: 1.3584405919536948
  landing: 0.021655237302184105
  view-data: 0.023815871216356754
