times:
  edit-metadata: 0.42539993906393647
  landing: 0.06920075695961714
  view-data: 0.20703500509262085
