times:
  edit-metadata: 0.6037000799551606
  landing: 0.04540141788311303
  view-data: 0.19233754905872047
