times:
  edit-metadata: 2.134182489477098
  landing: 1.001145257614553
  view-data: 3.30102158151567
