times:
  landing: 1.0800641939999878
  view-data: 0.5662314720000268
