times:
  edit-metadata: 0.4989586267620325
  landing: 1.0845078937709332
  view-data: 0.6133522037416697
