times:
  edit-metadata: 0.560584023129195
  landing: 0.05070785712450743
  view-data: 0.1962968218140304
