times:
  edit-metadata: 1.5348439682275057
  landing: 0.816494120284915
  view-data: 3.404913580045104
