times:
  edit-metadata: 1.285467647947371
  landing: 0.021653153002262115
  view-data: 0.12307267542928457
