times:
  edit-metadata: 0.5065455287694931
  landing: 0.9130900744348764
  view-data: 0.29063979908823967
