times:
  landing: 0.5490586690000043
  view-data: 0.565679934000002
