times:
  edit-metadata: 0.6875640340149403
  landing: 0.060779036954045296
  view-data: 0.3970005330629647
