times:
  edit-metadata: 1.3593734875321388
  landing: 0.02043013647198677
  view-data: 0.15608943812549114
