times:
  landing: 0.5561905469999999
  view-data: 0.5531937960000164
