times:
  edit-metadata: 1.7146410644054413
  landing: 0.7486172989010811
  view-data: 3.3440352268517017
