times:
  edit-metadata: 1.5273312516510487
  landing: 0.8939716257154942
  view-data: 3.4020161144435406
