times:
  edit-metadata: 0.6017202911898494
  landing: 0.04321159375831485
  view-data: 0.19245353201404214
