times:
  edit-metadata: 0.6379001790191978
  landing: 0.06489035591948777
  view-data: 0.20719407789874822
