times:
  landing: 0.5541883679999842
  view-data: 0.5565945200000328
