times:
  edit-metadata: 1.2915826169773936
  landing: 0.02162663545459509
  view-data: 0.11693127267062664
