times:
  edit-metadata: 0.5678401701152325
  landing: 0.048369795083999634
  view-data: 0.20383365079760551
