times:
  edit-metadata: 0.544585432857275
  landing: 0.049434736371040344
  view-data: 0.198784701526165
