times:
  edit-metadata: 0.6132431412115693
  landing: 0.04593717027455568
  view-data: 0.19381091510877013
