times:
  edit-metadata: 0.49288585828617215
  landing: 0.07287810184061527
  view-data: 0.3535361927933991
