times:
  edit-metadata: 1.5564152300357819
  landing: 0.7850373834371567
  view-data: 3.422270718961954
