times:
  edit-metadata: 0.6347812770400196
  landing: 0.0489946820307523
  view-data: 0.19410506100393832
