times:
  edit-metadata: 0.45761913000023924
  landing: 0.06124185999215115
  view-data: 0.19987819899688475
