times:
  edit-metadata: 0.5251545906066895
  landing: 1.1127854958176613
  view-data: 0.30332302674651146
