times:
  edit-metadata: 1.2997102066874504
  landing: 0.18097132071852684
  view-data: 0.026776829734444618
