times:
  edit-metadata: 0.6031427510315552
  landing: 0.04909131699241698
  view-data: 0.18968080397462472
