times:
  landing: 0.5496986990000323
  view-data: 0.5527506010000138
