times:
  landing: 0.5583992619999947
  view-data: 0.05199337799999171
