times:
  landing: 1.5926726960000224
  view-data: 0.5614744589999532
