times:
  edit-metadata: 1.5528998114168644
  landing: 0.2052924893796444
  view-data: 0.15545776300132275
