times:
  landing: 0.5549926079999636
  view-data: 0.5579615429999762
