times:
  landing: 0.5484367800000314
  view-data: 0.5459995450000292
