times:
  landing: 0.5539957469999877
  view-data: 0.5612446949999708
