times:
  edit-metadata: 1.9408111479133368
  landing: 0.24596428126096725
  view-data: 0.33063941076397896
