times:
  edit-metadata: 2.470950573682785
  landing: 0.528396075591445
  view-data: 0.5413324376568198
