times:
  edit-metadata: 1.4847402009181678
  landing: 0.7701933393254876
  view-data: 3.403577503748238
