times:
  edit-metadata: 1.5729647492989898
  landing: 0.774734565988183
  view-data: 3.3375061359256506
