times:
  edit-metadata: 1.6875500828027725
  landing: 0.2517856992781162
  view-data: 0.2762391176074743
