times:
  edit-metadata: 0.5751919788308442
  landing: 0.04868214204907417
  view-data: 0.19623284693807364
