times:
  edit-metadata: 1.450975101441145
  landing: 0.24428684450685978
  view-data: 0.41336844116449356
