times:
  edit-metadata: 0.6292833746410906
  landing: 0.06844776775687933
  view-data: 0.2742252228781581
