times:
  edit-metadata: 1.3531658183783293
  landing: 0.21551716141402721
  view-data: 0.14365842565894127
