times:
  edit-metadata: 1.3498858446255326
  landing: 0.13020049314945936
  view-data: 0.36626716051250696
