times:
  edit-metadata: 1.6488687340170145
  landing: 0.1114742923527956
  view-data: 0.02572517655789852
