times:
  edit-metadata: 1.308854142203927
  landing: 0.02210215013474226
  view-data: 0.0245057400316
