times:
  edit-metadata: 0.5223873271606863
  landing: 0.04486758494749665
  view-data: 0.20230919402092695
