times:
  edit-metadata: 0.45970592799130827
  landing: 0.0597253650194034
  view-data: 0.3395489579997957
