times:
  edit-metadata: 0.5225880742073059
  landing: 0.04636872932314873
  view-data: 0.19757166504859924
