times:
  edit-metadata: 1.4474252965301275
  landing: 0.3270734455436468
  view-data: 0.34892914444208145
