times:
  edit-metadata: 1.408322524279356
  landing: 0.021842824295163155
  view-data: 0.024737495929002762
