times:
  edit-metadata: 1.6579234804958105
  landing: 0.019448477774858475
  view-data: 0.024551739916205406
