times:
  edit-metadata: 0.6494424269767478
  landing: 0.043246043962426484
  view-data: 0.20029802608769387
