times:
  edit-metadata: 1.3663529390469193
  landing: 0.02382802776992321
  view-data: 0.11960374936461449
