times:
  edit-metadata: 0.5404595080763102
  landing: 0.8610614724457264
  view-data: 0.307794701308012
