times:
  edit-metadata: 1.2881783451884985
  landing: 0.02437128685414791
  view-data: 0.026566408574581146
