times:
  landing: 1.0702069129999927
  view-data: 0.5601333910000221
