times:
  edit-metadata: 0.5338551755994558
  landing: 0.49739369936287403
  view-data: 0.19253125973045826
