times:
  edit-metadata: 0.43714653607457876
  landing: 0.042934791184961796
  view-data: 0.20512514002621174
