times:
  edit-metadata: 0.5189240984618664
  landing: 0.04516507685184479
  view-data: 0.1969459056854248
