times:
  edit-metadata: 0.5420515667647123
  landing: 0.9719185866415501
  view-data: 0.19387317262589931
