times:
  landing: 0.5586489019999874
  view-data: 0.556747817999991
