times:
  edit-metadata: 0.6076602280372754
  landing: 0.041826733970083296
  view-data: 0.19289300090167671
