times:
  edit-metadata: 0.5353872762061656
  landing: 0.046444754116237164
  view-data: 0.18602519994601607
