times:
  edit-metadata: 0.5284237824380398
  landing: 0.04263311251997948
  view-data: 0.19482655823230743
