times:
  landing: 0.5637850990000288
  view-data: 0.5660065069999973
