times:
  edit-metadata: 0.6154223941266537
  landing: 0.048999527003616095
  view-data: 0.19171367632225156
