times:
  edit-metadata: 0.4333357270807028
  landing: 0.04684616206213832
  view-data: 0.23134936322458088
