times:
  edit-metadata: 1.2579541075974703
  landing: 0.018258746713399887
  view-data: 0.421872285194695
