times:
  edit-metadata: 1.5637232586741447
  landing: 0.7369966357946396
  view-data: 3.4179196525365114
