times:
  edit-metadata: 0.4376843370264396
  landing: 0.05494902899954468
  view-data: 0.20854231994599104
