times:
  landing: 0.5613105009999799
  view-data: 0.5613450289999946
