times:
  edit-metadata: 0.5960587090812624
  landing: 0.050971880089491606
  view-data: 0.1953146830201149
