times:
  edit-metadata: 0.43953978829085827
  landing: 0.04351786244660616
  view-data: 0.1987593788653612
