times:
  edit-metadata: 1.540964275598526
  landing: 5.783200923353434
  view-data: 3.333441060036421
