times:
  landing: 1.0730947430000128
  view-data: 0.564133830000003
