times:
  edit-metadata: 0.9425115099875256
  landing: 0.0653718370012939
  view-data: 0.2613100369926542
