times:
  edit-metadata: 1.2899973799940199
  landing: 0.8006569328717887
  view-data: 3.3278959149029106
