times:
  edit-metadata: 1.5092527838423848
  landing: 0.7723512267693877
  view-data: 3.3481619441881776
