times:
  edit-metadata: 0.5794996283948421
  landing: 0.04410124570131302
  view-data: 0.20049751922488213
