times:
  edit-metadata: 0.5499214511364698
  landing: 0.04517197981476784
  view-data: 0.20388316037133336
