times:
  edit-metadata: 1.570839136838913
  landing: 0.9471080042421818
  view-data: 3.35968816652894
