times:
  edit-metadata: 1.4818636700510979
  landing: 0.8019370660185814
  view-data: 3.3174176812171936
