times:
  landing: 1.0714345670000398
  view-data: 0.5591776480000021
