times:
  edit-metadata: 0.5156122110784054
  landing: 0.04141756519675255
  view-data: 0.19592449069023132
