times:
  edit-metadata: 0.4189910967834294
  landing: 0.042705068830400705
  view-data: 0.1928184488788247
