times:
  landing: 0.5540240369999765
  view-data: 0.553022478999992
