times:
  edit-metadata: 0.6205681101419032
  landing: 0.05284695792943239
  view-data: 0.19276335602626204
