times:
  edit-metadata: 0.4459821260534227
  landing: 0.05098114698193967
  view-data: 0.20901906117796898
