times:
  edit-metadata: 0.5853926204144955
  landing: 0.9423747137188911
  view-data: 0.1956003811210394
