times:
  edit-metadata: 1.5194418597966433
  landing: 0.8850652799010277
  view-data: 3.4398551173508167
