times:
  edit-metadata: 1.369563831947744
  landing: 1.0226032063364983
  view-data: 3.5895734317600727
