times:
  landing: 0.5462653350000437
  view-data: 0.5533465910000359
