times:
  edit-metadata: 0.5306764729321003
  landing: 0.04015820845961571
  view-data: 0.18856235593557358
