times:
  landing: 0.5503223219999995
  view-data: 0.5551362459999609
