times:
  edit-metadata: 0.5890572590287775
  landing: 0.04058261506725103
  view-data: 0.19582927494775504
