times:
  edit-metadata: 0.43463771301321685
  landing: 0.05262808798579499
  view-data: 0.20676851901225746
