times:
  edit-metadata: 1.545111708343029
  landing: 0.7245450913906097
  view-data: 3.297010850161314
