times:
  edit-metadata: 0.5997584611177444
  landing: 0.047600057907402515
  view-data: 0.18650540709495544
