times:
  edit-metadata: 0.5391337519977242
  landing: 0.04950200696475804
  view-data: 0.20833155896980315
