times:
  edit-metadata: 1.3099009143188596
  landing: 0.02048644796013832
  view-data: 0.11914015933871269
