times:
  edit-metadata: 1.597651271149516
  landing: 0.7935233097523451
  view-data: 3.4078266471624374
