times:
  edit-metadata: 0.4560734650003724
  landing: 0.056141741981264204
  view-data: 0.21766831900458783
