times:
  edit-metadata: 1.472514484077692
  landing: 0.7877587559632957
  view-data: 3.439525223802775
