times:
  landing: 0.5728962850000698
  view-data: 0.5631881159999921
