times:
  edit-metadata: 1.349891560152173
  landing: 0.6857003439217806
  view-data: 3.3036269303411245
