times:
  edit-metadata: 1.566105842590332
  landing: 0.9147293046116829
  view-data: 3.3484161756932735
