times:
  landing: 0.548509432000003
  view-data: 0.5548269129999994
