times:
  edit-metadata: 0.4181939521804452
  landing: 0.057848125929012895
  view-data: 0.2119465060532093
