times:
  edit-metadata: 0.4241085769608617
  landing: 0.0712574569042772
  view-data: 0.20488635799847543
