times:
  edit-metadata: 1.4010117445141077
  landing: 0.022748278453946114
  view-data: 0.10118911415338516
