times:
  edit-metadata: 0.6128375621046871
  landing: 0.05959857604466379
  view-data: 0.18061426002532244
