times:
  landing: 1.143129857999952
  view-data: 0.5542066410000075
