times:
  edit-metadata: 1.5424369536340237
  landing: 0.8884734399616718
  view-data: 3.3948395252227783
