times:
  edit-metadata: 1.3089227201417089
  landing: 0.021014448255300522
  view-data: 0.024725782684981823
