times:
  edit-metadata: 0.4738552197813988
  landing: 0.7453022338449955
  view-data: 0.30626479536294937
