times:
  landing: 0.5618279419999794
  view-data: 0.5565410130000146
