times:
  edit-metadata: 1.6157230772078037
  landing: 0.7924040406942368
  view-data: 3.356904711574316
