times:
  edit-metadata: 1.5550035145133734
  landing: 0.7563742287456989
  view-data: 3.4129405356943607
