times:
  landing: 1.0668722149999894
  view-data: 0.5539334620000318
