times:
  edit-metadata: 1.5586783234030008
  landing: 0.771798636764288
  view-data: 3.444599935784936
