times:
  edit-metadata: 1.5657755937427282
  landing: 0.783852007240057
  view-data: 3.407058233395219
