times:
  edit-metadata: 0.5005889795720577
  landing: 0.04752299189567566
  view-data: 0.19965336844325066
