times:
  edit-metadata: 1.4149903394281864
  landing: 0.26240259036421776
  view-data: 0.2591030988842249
