times:
  edit-metadata: 1.529978678561747
  landing: 0.7862845985218883
  view-data: 3.365287874825299
