times:
  edit-metadata: 1.519420314580202
  landing: 0.7061536125838757
  view-data: 3.381015080958605
