times:
  edit-metadata: 0.5071184690023074
  landing: 0.04129082500003278
  view-data: 0.19553160999930697
