times:
  edit-metadata: 0.4468543480616063
  landing: 0.05209446814842522
  view-data: 0.20984213193878531
