times:
  edit-metadata: 0.44303732994012535
  landing: 0.04582253098487854
  view-data: 0.21263993089087307
