times:
  edit-metadata: 0.6258224850025726
  landing: 0.04701460000069346
  view-data: 0.19360425299964845
