times:
  edit-metadata: 0.4177126570002656
  landing: 0.06270578600015142
  view-data: 0.20743717699951958
