times:
  edit-metadata: 1.272571163251996
  landing: 0.12423045001924038
  view-data: 0.11848063953220844
