times:
  edit-metadata: 0.5139677058905363
  landing: 0.05353537295013666
  view-data: 0.18739617383107543
