times:
  landing: 0.5464134430000058
  view-data: 0.5465414440000131
