times:
  edit-metadata: 1.6666295193135738
  landing: 0.9983347952365875
  view-data: 3.2656903862953186
