times:
  edit-metadata: 1.27821265719831
  landing: 0.021130364388227463
  view-data: 0.2159984027966857
