times:
  edit-metadata: 0.44309814099688083
  landing: 0.04654471704270691
  view-data: 0.20322642102837563
