times:
  edit-metadata: 0.5829865399282426
  landing: 0.049926767009310424
  view-data: 0.1937460950575769
