times:
  edit-metadata: 2.10513471160084
  landing: 0.8832503240555525
  view-data: 3.5429721660912037
