times:
  edit-metadata: 0.4260154478251934
  landing: 0.03627924108877778
  view-data: 0.19223054917529225
