times:
  edit-metadata: 0.417448865249753
  landing: 0.04718777583912015
  view-data: 0.2036608960479498
