times:
  edit-metadata: 1.7334464387968183
  landing: 0.04470078647136688
  view-data: 0.031006524339318275
