times:
  edit-metadata: 1.544042780995369
  landing: 0.8347157631069422
  view-data: 3.455777984112501
