times:
  landing: 0.5492647039999952
  view-data: 0.543803343999997
