times:
  edit-metadata: 1.5541787650436163
  landing: 0.7578225284814835
  view-data: 3.456226360052824
