times:
  edit-metadata: 1.3670517709106207
  landing: 0.25900691002607346
  view-data: 0.2989735249429941
