times:
  edit-metadata: 1.3055888880044222
  landing: 0.020913593471050262
  view-data: 0.023730581626296043
