times:
  edit-metadata: 0.5938360700383782
  landing: 0.04194624995579943
  view-data: 0.1943879069876857
