times:
  edit-metadata: 1.4404645897448063
  landing: 0.6346230357885361
  view-data: 3.2979259341955185
