times:
  edit-metadata: 1.5535604916512966
  landing: 0.7578583806753159
  view-data: 3.459827944636345
