times:
  landing: 0.5536721650000231
  view-data: 0.5508554639999943
