times:
  edit-metadata: 0.4315765539649874
  landing: 0.06823511002585292
  view-data: 0.20132363284938037
