times:
  edit-metadata: 1.431786723434925
  landing: 0.2493009828031063
  view-data: 0.12017527222633362
