times:
  edit-metadata: 1.5636400282382965
  landing: 0.7299755923449993
  view-data: 3.4086315128952265
