times:
  edit-metadata: 1.6018583327531815
  landing: 0.9002307504415512
  view-data: 3.393605574965477
