times:
  edit-metadata: 0.5825452678836882
  landing: 0.04599369317293167
  view-data: 0.19567394605837762
