times:
  edit-metadata: 1.549564577639103
  landing: 0.6854804307222366
  view-data: 3.3605886101722717
