times:
  edit-metadata: 1.5985873310128227
  landing: 0.8551735520595685
  view-data: 3.4129629189847037
