times:
  edit-metadata: 1.3673441829159856
  landing: 0.02066041436046362
  view-data: 0.2930402038618922
