times:
  edit-metadata: 1.3746817130595446
  landing: 0.21720969304442406
  view-data: 0.17596900835633278
