times:
  edit-metadata: 1.570795550942421
  landing: 0.7589984387159348
  view-data: 3.422193005681038
