times:
  edit-metadata: 0.5627369992434978
  landing: 0.49597205966711044
  view-data: 0.20304113999009132
