times:
  edit-metadata: 1.4479905124753714
  landing: 0.02245800383388996
  view-data: 0.28021873347461224
