times:
  edit-metadata: 1.4735056050121784
  landing: 0.8449690230190754
  view-data: 3.359492115676403
