times:
  edit-metadata: 0.43362742476165295
  landing: 0.04988648742437363
  view-data: 0.1991256228648126
