times:
  edit-metadata: 1.4027666300535202
  landing: 0.8037924841046333
  view-data: 3.2723325453698635
