times:
  edit-metadata: 0.416483377921395
  landing: 0.05279932008124888
  view-data: 0.2074103329796344
