times:
  edit-metadata: 1.8531076023355126
  landing: 0.02836582064628601
  view-data: 0.129020219668746
