times:
  edit-metadata: 0.6618936380255036
  landing: 0.06265603698557243
  view-data: 0.186849154997617
