times:
  edit-metadata: 0.530322517734021
  landing: 0.041072424966841936
  view-data: 0.19458414521068335
