times:
  edit-metadata: 0.5622330736368895
  landing: 0.5868135262280703
  view-data: 0.6313618961721659
