times:
  edit-metadata: 1.3216684376820922
  landing: 0.021662160754203796
  view-data: 0.023503423668444157
