times:
  edit-metadata: 1.3408910054713488
  landing: 0.2577815428376198
  view-data: 0.02514023333787918
