times:
  edit-metadata: 1.4841858081053942
  landing: 0.7166461138986051
  view-data: 3.350769482087344
