times:
  edit-metadata: 1.5267099663615227
  landing: 0.7927191592752934
  view-data: 3.389941617846489
