times:
  edit-metadata: 1.4946195855736732
  landing: 0.7212102860212326
  view-data: 3.321805663406849
