times:
  edit-metadata: 1.5713766552507877
  landing: 0.8278496246784925
  view-data: 3.388619987294078
