times:
  edit-metadata: 1.3327252473682165
  landing: 0.019801978021860123
  view-data: 0.09903053753077984
