times:
  edit-metadata: 1.5656150029972196
  landing: 0.8111604768782854
  view-data: 3.35769076179713
