times:
  edit-metadata: 1.2786836670711637
  landing: 0.025858785957098007
  view-data: 0.02569936402142048
