times:
  landing: 0.5572783999999729
  view-data: 0.556571636000001
