times:
  edit-metadata: 0.4293504850938916
  landing: 0.04698896920308471
  view-data: 0.20346380211412907
