times:
  landing: 0.5525351099999796
  view-data: 0.5559790490000012
