times:
  edit-metadata: 1.4291790649294853
  landing: 0.15255652368068695
  view-data: 0.3191416971385479
