times:
  edit-metadata: 1.42965879291296
  landing: 0.16634950041770935
  view-data: 0.025544943287968636
