times:
  landing: 0.5622336189999828
  view-data: 0.05822953899996719
