times:
  edit-metadata: 0.5537070133723319
  landing: 0.05130958231166005
  view-data: 0.19303080393001437
