times:
  landing: 0.5517189019999478
  view-data: 0.5592689919999998
