times:
  edit-metadata: 1.4828545432537794
  landing: 0.7704911548644304
  view-data: 3.3639174699783325
