times:
  edit-metadata: 0.46725725498981774
  landing: 0.050116321071982384
  view-data: 0.20501902210526168
