times:
  edit-metadata: 0.7364971558563411
  landing: 0.04460435197688639
  view-data: 0.19192350981757045
