times:
  edit-metadata: 0.5128759332001209
  landing: 0.04101566970348358
  view-data: 0.1954406276345253
