times:
  edit-metadata: 1.547973144799471
  landing: 0.8585159294307232
  view-data: 3.453609451651573
