times:
  landing: 0.5579694620000737
  view-data: 0.5536727900000642
