times:
  edit-metadata: 1.4044785648584366
  landing: 0.019592493772506714
  view-data: 0.33626301772892475
