times:
  edit-metadata: 0.4380542410071939
  landing: 0.07104865415021777
  view-data: 0.2047741492278874
