times:
  edit-metadata: 1.5122001618146896
  landing: 6.661182578653097
  view-data: 3.3969716131687164
