times:
  edit-metadata: 1.5724213346838951
  landing: 0.9164189584553242
  view-data: 3.3942253962159157
