times:
  edit-metadata: 0.5435145944356918
  landing: 0.6965556740760803
  view-data: 0.19187003187835217
