times:
  edit-metadata: 0.47150901705026627
  landing: 0.9284950606524944
  view-data: 0.3244697730988264
