times:
  edit-metadata: 0.5564944730140269
  landing: 0.05550441890954971
  view-data: 0.2135505029000342
