times:
  edit-metadata: 0.5003156140446663
  landing: 0.045625146478414536
  view-data: 0.20673835650086403
