times:
  edit-metadata: 0.5512384120374918
  landing: 0.04464719723910093
  view-data: 0.2078468929976225
