times:
  edit-metadata: 1.4082324709743261
  landing: 0.020417964085936546
  view-data: 0.1389977652579546
