times:
  edit-metadata: 0.699636623999595
  landing: 0.08784745100001601
  view-data: 0.29740132699998867
