times:
  edit-metadata: 1.3643266102299094
  landing: 0.024400881491601467
  view-data: 0.1234624469652772
