times:
  edit-metadata: 0.5353623740375042
  landing: 0.043744154274463654
  view-data: 0.1966260951012373
