times:
  edit-metadata: 2.1075600907206535
  landing: 1.083855513483286
  view-data: 3.359879247844219
