times:
  edit-metadata: 0.5160151549789589
  landing: 0.12595370400231332
  view-data: 0.24256835199776106
