times:
  edit-metadata: 0.5109715536236763
  landing: 0.052801284939050674
  view-data: 0.19783572480082512
