times:
  edit-metadata: 1.271293274126947
  landing: 0.021832531318068504
  view-data: 0.022084634751081467
