times:
  edit-metadata: 0.5754240192472935
  landing: 0.05038253217935562
  view-data: 0.1949005238711834
