times:
  landing: 1.0965895710000382
  view-data: 0.5683831279999936
