times:
  landing: 0.5504074999999773
  view-data: 0.5483548929999813
