times:
  edit-metadata: 0.5290182931348681
  landing: 0.042494069784879684
  view-data: 0.24999209260568023
