times:
  edit-metadata: 1.2888270076364279
  landing: 0.1279722722247243
  view-data: 0.02535409014672041
