times:
  edit-metadata: 1.51300535723567
  landing: 0.9356915690004826
  view-data: 3.3324506282806396
