times:
  edit-metadata: 1.3179583977907896
  landing: 0.018567129969596863
  view-data: 0.3399211969226599
