times:
  edit-metadata: 1.304643526673317
  landing: 0.021202975884079933
  view-data: 0.022933518514037132
