times:
  edit-metadata: 0.43911295500583947
  landing: 0.05337734310887754
  view-data: 0.33471520408056676
