times:
  edit-metadata: 0.48192091286182404
  landing: 0.8314720895141363
  view-data: 0.43657518178224564
