times:
  edit-metadata: 0.548003114759922
  landing: 0.051783304661512375
  view-data: 0.18823669478297234
