times:
  edit-metadata: 1.520574513822794
  landing: 0.9218304827809334
  view-data: 3.342465579509735
