times:
  edit-metadata: 0.45354458107613027
  landing: 0.05304825305938721
  view-data: 0.2047916951123625
