times:
  edit-metadata: 1.5413392633199692
  landing: 0.6971622481942177
  view-data: 3.3912789318710566
