times:
  edit-metadata: 0.5867612026631832
  landing: 0.4805029518902302
  view-data: 0.1832466423511505
