times:
  edit-metadata: 1.3686882387846708
  landing: 0.020660286769270897
  view-data: 0.025436309166252613
