times:
  edit-metadata: 0.5952904630103149
  landing: 0.054644702991936356
  view-data: 0.20871374796843156
