times:
  edit-metadata: 1.2649909686297178
  landing: 0.12090102024376392
  view-data: 0.4243315039202571
