times:
  edit-metadata: 0.5817453449126333
  landing: 0.044652751996181905
  view-data: 0.1979678689967841
