times:
  edit-metadata: 0.5114030353724957
  landing: 0.6112989988178015
  view-data: 0.18988491222262383
