times:
  edit-metadata: 0.8103897981345654
  landing: 0.04703851789236069
  view-data: 0.3863475800026208
