times:
  edit-metadata: 1.5338189266622066
  landing: 0.8446705974638462
  view-data: 3.374551475048065
