times:
  edit-metadata: 1.4019143749028444
  landing: 0.1633023340255022
  view-data: 0.28870443627238274
