times:
  edit-metadata: 0.4545645590405911
  landing: 0.05247758491896093
  view-data: 0.21201199502684176
