times:
  edit-metadata: 0.5453612040728331
  landing: 3.704292945563793
  view-data: 1.1139521468430758
