times:
  edit-metadata: 0.5168574433773756
  landing: 0.6793939601629972
  view-data: 0.21392375230789185
