times:
  edit-metadata: 1.3424002965912223
  landing: 0.023141231387853622
  view-data: 0.0225325096398592
