times:
  edit-metadata: 2.383028307929635
  landing: 1.2339101303368807
  view-data: 3.8168826289474964
