times:
  edit-metadata: 1.4905387088656425
  landing: 0.7929884288460016
  view-data: 3.4203884517773986
