times:
  landing: 0.5593326569999704
  view-data: 0.5589592540000012
