times:
  edit-metadata: 2.509286629036069
  landing: 1.3189141228795052
  view-data: 3.4257437167689204
