times:
  edit-metadata: 1.5210626721382141
  landing: 0.8236157819628716
  view-data: 3.3858408741652966
