times:
  edit-metadata: 0.504513256251812
  landing: 0.05168117582798004
  view-data: 0.19815592095255852
