times:
  edit-metadata: 0.46175663196481764
  landing: 0.059305713046342134
  view-data: 0.20766835403628647
