times:
  edit-metadata: 0.6645091990940273
  landing: 0.052157610189169645
  view-data: 0.20782687794417143
