times:
  edit-metadata: 1.5252389200031757
  landing: 0.7733194530010223
  view-data: 3.4501739032566547
