times:
  edit-metadata: 0.5497349239885807
  landing: 0.05291328579187393
  view-data: 0.18328071385622025
