times:
  edit-metadata: 1.3914023209363222
  landing: 0.7572168204933405
  view-data: 3.3606753405183554
