times:
  edit-metadata: 1.5826685149222612
  landing: 0.02239643596112728
  view-data: 0.46254295110702515
