times:
  landing: 0.5562082579999981
  view-data: 0.5599103430000127
