times:
  landing: 0.551996938000002
  view-data: 0.5583153009999933
