times:
  edit-metadata: 0.638431731145829
  landing: 0.05226543406024575
  view-data: 0.196904466021806
