times:
  edit-metadata: 0.545055883936584
  landing: 0.03991847950965166
  view-data: 0.20211794506758451
