times:
  edit-metadata: 1.9193222187459469
  landing: 0.9836464617401361
  view-data: 3.4725953321903944
