times:
  edit-metadata: 1.343759486451745
  landing: 0.19723013322800398
  view-data: 0.4719679933041334
