times:
  landing: 0.556569359000008
  view-data: 0.5602356560000032
