times:
  edit-metadata: 0.45767046185210347
  landing: 0.05338928382843733
  view-data: 0.2069339039735496
