times:
  landing: 1.0721206279999933
  view-data: 0.5564184699999828
