times:
  edit-metadata: 1.3715423298999667
  landing: 0.2214783001691103
  view-data: 0.2664704108610749
