times:
  edit-metadata: 1.3397414302453399
  landing: 0.09331397712230682
  view-data: 0.023714302107691765
