times:
  landing: 0.5554808070000945
  view-data: 0.5617012679999789
