times:
  edit-metadata: 1.624815583229065
  landing: 1.0053989067673683
  view-data: 3.3770848512649536
