times:
  landing: 1.0724482800000033
  view-data: 0.5624684239999169
