times:
  edit-metadata: 1.36088527739048
  landing: 0.021468810737133026
  view-data: 0.02577804960310459
