times:
  landing: 0.5463866600000244
  view-data: 0.5459824550000008
