times:
  landing: 0.5498672429999942
  view-data: 0.5492726350000225
