times:
  edit-metadata: 1.2773680398240685
  landing: 0.022877857089042664
  view-data: 0.026121454313397408
