times:
  edit-metadata: 0.5916734109632671
  landing: 0.041914938017725945
  view-data: 0.20080999890342355
