times:
  landing: 1.087171120999983
  view-data: 0.5593605329999605
