times:
  landing: 4.7098603660000435
  view-data: 0.5658706049999864
