times:
  edit-metadata: 1.3764630248770118
  landing: 0.020515194162726402
  view-data: 0.022195709869265556
