times:
  edit-metadata: 0.5968670309521258
  landing: 0.04249734990298748
  view-data: 0.1963760470971465
