times:
  edit-metadata: 0.4175294889137149
  landing: 0.06616985378786922
  view-data: 0.20932240993715823
