times:
  edit-metadata: 1.5124930553138256
  landing: 0.31636236794292927
  view-data: 0.3817593716084957
