times:
  landing: 0.5497282009999935
  view-data: 0.5583085860000665
