times:
  edit-metadata: 0.5513846620160621
  landing: 0.05621403199620545
  view-data: 0.26643364000483416
