times:
  edit-metadata: 1.4897450283169746
  landing: 0.05599655956029892
  view-data: 0.4958083014935255
