times:
  edit-metadata: 0.9649367769889068
  landing: 0.05533853897941299
  view-data: 0.20609948498895392
