times:
  edit-metadata: 1.4219573084264994
  landing: 0.02328518219292164
  view-data: 0.025064682587981224
