times:
  edit-metadata: 0.5638295393437147
  landing: 1.36865821108222
  view-data: 0.6387924756854773
