times:
  edit-metadata: 0.605997976148501
  landing: 0.05481033679097891
  view-data: 0.19669686583802104
