times:
  edit-metadata: 0.6471400709706359
  landing: 0.04952777997823432
  view-data: 0.19372924603521824
