times:
  edit-metadata: 1.4705077139660716
  landing: 0.7774137882515788
  view-data: 3.3725292701274157
