times:
  edit-metadata: 1.3412237651646137
  landing: 0.12678284849971533
  view-data: 0.23752794787287712
