times:
  landing: 1.061476133999804
  view-data: 0.5550946329999533
