times:
  edit-metadata: 0.5264629370003604
  landing: 0.06413347499983502
  view-data: 0.21463569199977428
