times:
  edit-metadata: 0.5973213410470635
  landing: 0.040646617067977786
  view-data: 0.19346071197651327
