times:
  edit-metadata: 0.5938189360313118
  landing: 0.04806789895519614
  view-data: 0.18214555690065026
