times:
  edit-metadata: 1.321368871256709
  landing: 0.020137790590524673
  view-data: 0.0289271492511034
