times:
  edit-metadata: 0.5353291481733322
  landing: 1.5284538827836514
  view-data: 0.2988289650529623
