times:
  edit-metadata: 0.6089093340560794
  landing: 0.051386354956775904
  view-data: 0.19027043203823268
