times:
  edit-metadata: 1.792113058269024
  landing: 0.8793272171169519
  view-data: 3.366538831964135
