times:
  edit-metadata: 0.5987892780685797
  landing: 0.051682409015484154
  view-data: 0.18753895803820342
