times:
  edit-metadata: 1.6477637756615877
  landing: 0.8523147534579039
  view-data: 3.3383460603654385
