times:
  edit-metadata: 0.5109942685812712
  landing: 1.117906428873539
  view-data: 0.5987464487552643
