times:
  edit-metadata: 1.545413563027978
  landing: 0.766118859872222
  view-data: 3.38221513107419
