times:
  edit-metadata: 0.6042926760856062
  landing: 0.053013857919722795
  view-data: 0.19270244904328138
