times:
  edit-metadata: 1.485423421021551
  landing: 0.7919717780314386
  view-data: 3.344529781024903
