times:
  edit-metadata: 0.5924848783761263
  landing: 0.853707030415535
  view-data: 0.29213107749819756
