times:
  edit-metadata: 1.625520758330822
  landing: 0.7828043792396784
  view-data: 3.477397371083498
