times:
  edit-metadata: 1.2803660910576582
  landing: 0.020997047424316406
  view-data: 0.11934177298098803
