times:
  edit-metadata: 2.01028701197356
  landing: 1.2766428128816187
  view-data: 3.5824329550378025
