times:
  edit-metadata: 1.4493296351283789
  landing: 0.030435478314757347
  view-data: 0.31024620309472084
