times:
  edit-metadata: 0.4908762350678444
  landing: 0.4694347959011793
  view-data: 0.19278264790773392
