times:
  edit-metadata: 1.3967086635529995
  landing: 0.8623525463044643
  view-data: 3.3454474546015263
