times:
  landing: 0.5547792209999898
  view-data: 0.5666354200000114
