times:
  edit-metadata: 0.5452696867287159
  landing: 2.0587351508438587
  view-data: 1.0837426725775003
