times:
  edit-metadata: 1.3626532666385174
  landing: 0.1935090720653534
  view-data: 0.37660464830696583
