times:
  edit-metadata: 0.539912972599268
  landing: 0.5721031837165356
  view-data: 0.5960276443511248
