times:
  edit-metadata: 0.4443937037140131
  landing: 0.04170888755470514
  view-data: 0.20459727104753256
