times:
  edit-metadata: 0.5761365285143256
  landing: 0.04473675601184368
  view-data: 0.21335567720234394
