times:
  edit-metadata: 0.5061666294932365
  landing: 0.04420880600810051
  view-data: 0.1944739818572998
