times:
  edit-metadata: 0.5117997080087662
  landing: 0.5952994599938393
  view-data: 0.1869134083390236
