times:
  edit-metadata: 0.5206783413887024
  landing: 0.05110570415854454
  view-data: 0.19486092031002045
