times:
  edit-metadata: 1.2833070904016495
  landing: 0.019446004182100296
  view-data: 0.49418454710394144
