times:
  edit-metadata: 1.2014923649840057
  landing: 0.7360464371740818
  view-data: 3.275955314747989
