times:
  edit-metadata: 0.45284100295975804
  landing: 0.07862482964992523
  view-data: 0.23743836814537644
