times:
  edit-metadata: 1.4792151721194386
  landing: 0.7647322099655867
  view-data: 0.5024890033528209
