times:
  edit-metadata: 1.485287677962333
  landing: 0.06915754498913884
  view-data: 0.343927358975634
