times:
  edit-metadata: 1.6618467532098293
  landing: 0.7874248120933771
  view-data: 3.39390330016613
