times:
  edit-metadata: 1.4673145189881325
  landing: 0.9445082657039165
  view-data: 3.3520065508782864
