times:
  edit-metadata: 1.5098203606903553
  landing: 1.0260458774864674
  view-data: 3.3717286251485348
