times:
  landing: 1.1081235350000043
  view-data: 0.5549969740000051
