times:
  landing: 0.5472043980000194
  view-data: 0.5514394319999951
