times:
  edit-metadata: 0.4380597989948001
  landing: 0.06836692700744607
  view-data: 0.2045942679978907
