times:
  edit-metadata: 0.41359409084543586
  landing: 0.03996095713227987
  view-data: 0.1903320592828095
