times:
  edit-metadata: 0.5302276760339737
  landing: 0.04514375329017639
  view-data: 0.19703144952654839
