times:
  edit-metadata: 0.5815450716763735
  landing: 0.5424849595874548
  view-data: 0.19223925471305847
