times:
  edit-metadata: 0.5145513704046607
  landing: 0.045665574725717306
  view-data: 0.19059118209406734
