times:
  landing: 0.5533515459999876
  view-data: 0.5582291750000081
