times:
  edit-metadata: 0.6313640214502811
  landing: 0.48962194845080376
  view-data: 0.20061696879565716
