times:
  edit-metadata: 1.5859816316515207
  landing: 0.7647145576775074
  view-data: 3.387547116726637
