times:
  edit-metadata: 0.4424782916903496
  landing: 0.06347012193873525
  view-data: 0.20750042982399464
