times:
  edit-metadata: 1.593030490912497
  landing: 0.8433156219543889
  view-data: 3.355559905990958
