times:
  edit-metadata: 0.5274719335138798
  landing: 0.04765510559082031
  view-data: 0.20005535334348679
