times:
  edit-metadata: 1.5050319656729698
  landing: 0.9342276938259602
  view-data: 3.3563764579594135
