times:
  edit-metadata: 2.0972309429198503
  landing: 1.2877864819020033
  view-data: 3.574080147780478
