times:
  edit-metadata: 0.5212041102349758
  landing: 0.580871470272541
  view-data: 0.6044453978538513
