times:
  edit-metadata: 0.5159043851308525
  landing: 0.04664141312241554
  view-data: 0.2105799438431859
