times:
  edit-metadata: 1.4505551122128963
  landing: 0.12603981792926788
  view-data: 0.4723005434498191
