times:
  landing: 0.5564857440000139
  view-data: 0.5548382169999968
