times:
  edit-metadata: 1.5369400084018707
  landing: 0.8790063727647066
  view-data: 3.4270219802856445
