times:
  edit-metadata: 0.5444028861820698
  landing: 0.040984864346683025
  view-data: 0.21177834924310446
