times:
  edit-metadata: 1.2767155738547444
  landing: 0.11781940888613462
  view-data: 0.11785324849188328
