times:
  edit-metadata: 1.629007400944829
  landing: 0.31828626431524754
  view-data: 0.4246087670326233
