times:
  edit-metadata: 1.496476073982194
  landing: 0.917800460010767
  view-data: 3.3373333250638098
