times:
  edit-metadata: 0.5054588206112385
  landing: 1.8136920183897018
  view-data: 0.41515141539275646
