times:
  edit-metadata: 0.5359257617965341
  landing: 0.04787630774080753
  view-data: 0.19115476589649916
