times:
  landing: 1.064528461000009
  view-data: 0.5486432779999859
