times:
  edit-metadata: 0.5153884440660477
  landing: 0.05043574050068855
  view-data: 0.1955290287733078
