times:
  edit-metadata: 1.3113824808970094
  landing: 0.021698780357837677
  view-data: 0.025348253548145294
