times:
  edit-metadata: 1.3692302722483873
  landing: 0.020271755754947662
  view-data: 0.31919695623219013
