times:
  edit-metadata: 1.5282822120934725
  landing: 0.7682571671903133
  view-data: 3.4010357912629843
