times:
  edit-metadata: 1.4147702176123857
  landing: 0.023910412564873695
  view-data: 0.026172300800681114
