times:
  edit-metadata: 1.5602821484208107
  landing: 0.7858323939144611
  view-data: 3.2939634807407856
