times:
  edit-metadata: 0.9174775248393416
  landing: 0.0603966920170933
  view-data: 0.2400535149499774
