times:
  edit-metadata: 1.4231996648013592
  landing: 0.13860456459224224
  view-data: 0.13507938385009766
