times:
  edit-metadata: 1.2875513266772032
  landing: 0.021295894868671894
  view-data: 0.09672446921467781
