times:
  edit-metadata: 1.5728880038950592
  landing: 0.8020804941188544
  view-data: 3.3675838159397244
