times:
  edit-metadata: 1.3381197601556778
  landing: 0.020352108404040337
  view-data: 0.22181580774486065
