times:
  edit-metadata: 0.5444471798837185
  landing: 0.5958941355347633
  view-data: 0.18519088812172413
