times:
  edit-metadata: 0.5075453147292137
  landing: 1.0468989480286837
  view-data: 0.2946280874311924
