times:
  edit-metadata: 0.5175712369382381
  landing: 0.04852266237139702
  view-data: 0.1865418255329132
