times:
  edit-metadata: 0.6051974930014694
  landing: 0.044801634998293594
  view-data: 0.19317669000884052
