times:
  edit-metadata: 0.5130430869758129
  landing: 0.04274926707148552
  view-data: 0.19233501702547073
