times:
  edit-metadata: 1.4824884347617626
  landing: 0.7588639836758375
  view-data: 3.249436365440488
