times:
  landing: 0.5420961570000031
  view-data: 0.5437178800000027
