times:
  edit-metadata: 2.0859280512668192
  landing: 1.0561048220843077
  view-data: 3.4647575519047678
