times:
  edit-metadata: 1.3739206939935684
  landing: 0.20975262857973576
  view-data: 0.027395129203796387
