times:
  edit-metadata: 1.3868723884224892
  landing: 0.8635086007416248
  view-data: 3.3125726096332073
