times:
  landing: 0.5563345030000164
  view-data: 0.5582274149999193
