times:
  edit-metadata: 1.4310489147901535
  landing: 0.01839430443942547
  view-data: 0.4411902641877532
