times:
  edit-metadata: 0.4408330451697111
  landing: 0.04288692306727171
  view-data: 0.20424635568633676
