times:
  edit-metadata: 0.4981497060507536
  landing: 0.5918894894421101
  view-data: 0.19760399125516415
