times:
  edit-metadata: 1.390588529407978
  landing: 0.019323600456118584
  view-data: 0.025990638881921768
