times:
  edit-metadata: 0.6387662370689213
  landing: 0.0406973659992218
  view-data: 0.18774771806783974
