times:
  edit-metadata: 1.4124543871730566
  landing: 0.023377226665616035
  view-data: 0.37026395834982395
