times:
  landing: 0.5565385670000182
  view-data: 0.568481227999996
