times:
  landing: 0.554439944999956
  view-data: 0.5595072549999713
