times:
  edit-metadata: 0.5110689587891102
  landing: 0.690259488299489
  view-data: 0.231418889015913
