times:
  edit-metadata: 1.482802152633667
  landing: 0.8900629989802837
  view-data: 3.3808154799044132
