times:
  landing: 1.094813653966412
  view-data: 0.5503133519086987
