times:
  edit-metadata: 1.6784975156188011
  landing: 0.932218674570322
  view-data: 3.3891975171864033
