times:
  landing: 0.5557924960000094
  view-data: 0.55237297299999
