times:
  edit-metadata: 0.5823165737092495
  landing: 0.04142006114125252
  view-data: 0.19258429063484073
