times:
  edit-metadata: 0.5010107349371538
  landing: 0.0457799369469285
  view-data: 0.20671927905641496
