times:
  edit-metadata: 0.5590503411367536
  landing: 0.04677166836336255
  view-data: 0.2022961750626564
