times:
  edit-metadata: 0.4392060814425349
  landing: 0.04350593313574791
  view-data: 0.20049301628023386
