times:
  edit-metadata: 0.5218314290978014
  landing: 0.046324826311320066
  view-data: 0.19158677477389574
