times:
  edit-metadata: 0.46033257100498304
  landing: 0.05393241700949147
  view-data: 0.20151709497440606
