times:
  edit-metadata: 0.42135199601761997
  landing: 0.05145766888745129
  view-data: 0.20241162297315896
