times:
  edit-metadata: 0.5907630431465805
  landing: 0.049398294650018215
  view-data: 0.1829781890846789
