times:
  landing: 0.5443829639999933
  view-data: 0.548918934999989
