times:
  landing: 0.5524347279999802
  view-data: 0.555790141999978
