times:
  edit-metadata: 1.524759879335761
  landing: 0.7607946880161762
  view-data: 3.4374245554208755
