times:
  edit-metadata: 1.3515002503991127
  landing: 0.19328401610255241
  view-data: 0.13076344318687916
