times:
  edit-metadata: 2.0381655134260654
  landing: 1.1101697981357574
  view-data: 3.606833891943097
