times:
  landing: 0.550619973000039
  view-data: 0.5615010220000158
