times:
  edit-metadata: 0.418106347322464
  landing: 0.055645698215812445
  view-data: 0.21058807196095586
