times:
  edit-metadata: 0.5461220040451735
  landing: 0.05520278896437958
  view-data: 0.20938607095740736
