times:
  edit-metadata: 0.5965998657047749
  landing: 0.052103159949183464
  view-data: 0.19482091441750526
