times:
  edit-metadata: 1.5464785024523735
  landing: 0.8292634300887585
  view-data: 3.4011256210505962
