times:
  edit-metadata: 0.5845523260068148
  landing: 0.06036865897476673
  view-data: 0.1793624870479107
