times:
  edit-metadata: 1.3391740303486586
  landing: 0.020186757668852806
  view-data: 0.13369806949049234
