times:
  edit-metadata: 1.5618534479290247
  landing: 0.7166604176163673
  view-data: 3.391860654577613
