times:
  edit-metadata: 1.410446422174573
  landing: 0.8547899341210723
  view-data: 3.342327362857759
