times:
  edit-metadata: 0.6114387428388
  landing: 0.04102963884361088
  view-data: 0.19325128407217562
