times:
  edit-metadata: 1.8687927797436714
  landing: 1.2929056249558926
  view-data: 3.33491425588727
