times:
  edit-metadata: 1.5438598189502954
  landing: 0.902620941400528
  view-data: 3.423208884894848
