times:
  edit-metadata: 1.2877531005069613
  landing: 0.1154830101877451
  view-data: 0.42493127565830946
