times:
  edit-metadata: 0.5576367150060833
  landing: 0.039310431107878685
  view-data: 0.20091869682073593
