times:
  edit-metadata: 0.7098511313088238
  landing: 0.04093639273196459
  view-data: 0.19275228399783373
