times:
  edit-metadata: 1.5185323171317577
  landing: 0.8350419402122498
  view-data: 3.282355561852455
