times:
  edit-metadata: 0.5732215480529703
  landing: 0.04588830401189625
  view-data: 0.22652222198667005
