times:
  edit-metadata: 0.563240148127079
  landing: 0.05123610235750675
  view-data: 0.19557085633277893
