times:
  edit-metadata: 1.2816814314574003
  landing: 0.019383061677217484
  view-data: 0.024118218570947647
