times:
  edit-metadata: 1.6131369024515152
  landing: 1.030740812420845
  view-data: 3.3943472541868687
