times:
  edit-metadata: 1.930316761136055
  landing: 1.425046862103045
  view-data: 3.3667296478524804
