times:
  edit-metadata: 0.4263121410040185
  landing: 0.04674695199355483
  view-data: 0.2116559490095824
