times:
  edit-metadata: 1.9838111642748117
  landing: 0.7990366313606501
  view-data: 3.4080578424036503
