times:
  edit-metadata: 0.49559912199765677
  landing: 0.04257464900001651
  view-data: 0.18952490399533417
