times:
  edit-metadata: 1.8626046366989613
  landing: 0.9991561137139797
  view-data: 3.4311624355614185
