times:
  landing: 0.5476954360000263
  view-data: 0.5425553710000486
