times:
  edit-metadata: 1.422376523958519
  landing: 0.7002524029230699
  view-data: 3.2852099610026926
