times:
  edit-metadata: 1.507816195487976
  landing: 0.9826556257903576
  view-data: 3.398880673572421
