times:
  edit-metadata: 0.5257205422967672
  landing: 0.3421251941472292
  view-data: 0.19700108468532562
