times:
  edit-metadata: 0.5417144689708948
  landing: 0.045783489011228085
  view-data: 0.21892348723486066
