times:
  edit-metadata: 0.4989915471524
  landing: 0.49105783738195896
  view-data: 0.21640729904174805
