times:
  edit-metadata: 1.5501115825027227
  landing: 0.7838673163205385
  view-data: 3.4874072410166264
