times:
  edit-metadata: 1.6057235384359956
  landing: 0.8237662008032203
  view-data: 3.4846150390803814
