times:
  landing: 0.5527682510000034
  view-data: 0.05082648100000142
