times:
  edit-metadata: 1.6093831360340118
  landing: 0.8634576536715031
  view-data: 3.3203464038670063
