times:
  edit-metadata: 1.2636020369827747
  landing: 0.19895819295197725
  view-data: 0.11475479323416948
