times:
  edit-metadata: 1.3805425968021154
  landing: 0.12238520011305809
  view-data: 0.128758292645216
