times:
  edit-metadata: 1.595533149316907
  landing: 0.8768097255378962
  view-data: 3.427799815312028
