times:
  edit-metadata: 2.651791254989803
  landing: 1.2314332257956266
  view-data: 3.524388193152845
