times:
  landing: 1.068840616999978
  view-data: 0.5540847899999903
