times:
  edit-metadata: 0.6014606524258852
  landing: 1.2650143820792437
  view-data: 0.6348543595522642
