times:
  edit-metadata: 0.607888505095616
  landing: 0.053374950075522065
  view-data: 0.18820382980629802
