times:
  edit-metadata: 1.2764556594192982
  landing: 0.01926348078995943
  view-data: 0.1369020538404584
