times:
  edit-metadata: 0.4475719057954848
  landing: 0.051205949857831
  view-data: 0.2067968430928886
