times:
  edit-metadata: 1.3574934024363756
  landing: 0.02046772837638855
  view-data: 0.025937523692846298
