times:
  edit-metadata: 0.559600706998026
  landing: 0.04960706899873912
  view-data: 0.21896455698879436
