times:
  edit-metadata: 1.5552792567759752
  landing: 0.7091348357498646
  view-data: 3.399774832651019
