times:
  landing: 1.0633819399999993
  view-data: 0.5476192859996445
