times:
  edit-metadata: 1.53007498010993
  landing: 0.8266478627920151
  view-data: 3.3101640939712524
