times:
  edit-metadata: 0.5134865678846836
  landing: 0.907646669074893
  view-data: 0.32322697527706623
