times:
  edit-metadata: 1.551847591996193
  landing: 0.7534679435193539
  view-data: 3.3899665381759405
