times:
  edit-metadata: 1.8983264870475978
  landing: 0.7914589040447026
  view-data: 3.2500421919394284
