times:
  edit-metadata: 0.543242072686553
  landing: 0.5647533163428307
  view-data: 0.5932985804975033
