times:
  edit-metadata: 0.5951328609371558
  landing: 0.049428601982071996
  view-data: 0.17864229890983552
