times:
  landing: 0.5549521469999945
  view-data: 0.5553916060000006
