times:
  edit-metadata: 1.4663487747311592
  landing: 0.7979516088962555
  view-data: 3.3863063156604767
