times:
  edit-metadata: 1.4225574284791946
  landing: 0.781376488506794
  view-data: 3.412277787923813
