times:
  edit-metadata: 1.5319972857832909
  landing: 1.0147211998701096
  view-data: 3.574912518262863
