times:
  edit-metadata: 1.4705330207943916
  landing: 0.7452443763613701
  view-data: 3.459103189408779
