times:
  edit-metadata: 1.6476959213614464
  landing: 0.9991158992052078
  view-data: 3.6903982385993004
