times:
  edit-metadata: 1.6856693029403687
  landing: 0.8613700792193413
  view-data: 3.6079964712262154
