times:
  edit-metadata: 1.4197435155510902
  landing: 0.8849726393818855
  view-data: 3.5033386275172234
