times:
  edit-metadata: 1.5119178742170334
  landing: 0.8217683508992195
  view-data: 3.47598610073328
