times:
  edit-metadata: 1.513932690024376
  landing: 0.7708944901823997
  view-data: 3.453316181898117
