times:
  edit-metadata: 1.3998367637395859
  landing: 0.8211980685591698
  view-data: 3.4640016332268715
