times:
  edit-metadata: 1.3843997716903687
  landing: 0.7492953166365623
  view-data: 3.51445359736681
