times:
  edit-metadata: 1.473869763314724
  landing: 0.8047827333211899
  view-data: 3.5852160155773163
