times:
  edit-metadata: 1.4211236909031868
  landing: 0.767797514796257
  view-data: 3.454945169389248
