times:
  edit-metadata: 1.5443983674049377
  landing: 0.7915462255477905
  view-data: 3.4391459971666336
