times:
  edit-metadata: 1.3616500720381737
  landing: 0.8654103800654411
  view-data: 3.4827980771660805
