times:
  edit-metadata: 1.3852359652519226
  landing: 0.7483165413141251
  view-data: 3.3033532947301865
