times:
  edit-metadata: 1.535814255475998
  landing: 0.7826956361532211
  view-data: 3.550394356250763
