times:
  edit-metadata: 1.4151776060461998
  landing: 0.9357536509633064
  view-data: 3.4189276471734047
