times:
  edit-metadata: 1.3611221835017204
  landing: 0.7628960758447647
  view-data: 3.4134966507554054
