times:
  edit-metadata: 1.6960515230894089
  landing: 0.903987929224968
  view-data: 3.356585182249546
