times:
  edit-metadata: 1.4412232339382172
  landing: 0.7559337913990021
  view-data: 3.285788968205452
