times:
  edit-metadata: 1.4396502897143364
  landing: 0.8563355132937431
  view-data: 3.2827458158135414
