times:
  edit-metadata: 1.3789420425891876
  landing: 0.8243242055177689
  view-data: 3.431424379348755
