times:
  edit-metadata: 1.3935699686408043
  landing: 0.8520564287900925
  view-data: 3.536551743745804
