times:
  edit-metadata: 1.6856736242771149
  landing: 0.9424894824624062
  view-data: 3.570497177541256
