times:
  edit-metadata: 2.1586549505591393
  landing: 1.327095054090023
  view-data: 3.801590032875538
