times:
  edit-metadata: 1.5026737824082375
  landing: 0.7910340875387192
  view-data: 3.5803661420941353
