times:
  edit-metadata: 1.3775652721524239
  landing: 0.795586995780468
  view-data: 3.4309412986040115
