times:
  edit-metadata: 1.7903328612446785
  landing: 0.9840720146894455
  view-data: 3.529034450650215
