times:
  edit-metadata: 1.4325443729758263
  landing: 0.860229879617691
  view-data: 3.5731355771422386
