times:
  edit-metadata: 1.3573386371135712
  landing: 0.8701558783650398
  view-data: 3.5923892483115196
