times:
  edit-metadata: 1.5001747012138367
  landing: 0.8089510425925255
  view-data: 3.3011452108621597
