times:
  edit-metadata: 1.442362554371357
  landing: 0.7905387952923775
  view-data: 3.528576508164406
