times:
  edit-metadata: 1.5045400559902191
  landing: 0.7790688797831535
  view-data: 3.4835270643234253
