times:
  edit-metadata: 1.4919854924082756
  landing: 0.8801542669534683
  view-data: 3.4847509562969208
