times:
  edit-metadata: 1.5170601606369019
  landing: 0.9152286425232887
  view-data: 3.378709100186825
