times:
  edit-metadata: 1.5920520052313805
  landing: 0.8735908940434456
  view-data: 3.3550381138920784
