times:
  edit-metadata: 1.482993096113205
  landing: 0.9567027762532234
  view-data: 3.4574382677674294
