times:
  edit-metadata: 1.451740525662899
  landing: 0.8620592206716537
  view-data: 3.4889127537608147
