times:
  edit-metadata: 1.312323808670044
  landing: 0.7200787365436554
  view-data: 3.461688607931137
