times:
  edit-metadata: 2.036801464855671
  landing: 1.2801527753472328
  view-data: 3.9139620140194893
