times:
  edit-metadata: 1.452225349843502
  landing: 0.8385041803121567
  view-data: 3.4616441503167152
