times:
  edit-metadata: 2.4155008867383003
  landing: 1.584047444164753
  view-data: 3.954507738351822
