times:
  edit-metadata: 1.5476161018013954
  landing: 0.8155271038413048
  view-data: 3.334979847073555
