times:
  edit-metadata: 1.416897714138031
  landing: 0.8374712616205215
  view-data: 3.5154656916856766
