times:
  edit-metadata: 1.4456318989396095
  landing: 0.7925094962120056
  view-data: 3.4223398193717003
