times:
  edit-metadata: 1.4981006979942322
  landing: 0.8325225561857224
  view-data: 3.5030296817421913
