times:
  edit-metadata: 1.4640595093369484
  landing: 0.8129798695445061
  view-data: 3.5114620476961136
