times:
  edit-metadata: 1.3248622193932533
  landing: 0.8227173313498497
  view-data: 3.359229862689972
