times:
  edit-metadata: 1.5459170043468475
  landing: 0.8520788252353668
  view-data: 3.3898448795080185
