times:
  edit-metadata: 1.4892156198620796
  landing: 0.8036161214113235
  view-data: 3.5106507763266563
