times:
  edit-metadata: 1.3804779797792435
  landing: 0.8810187056660652
  view-data: 3.4871270954608917
