times:
  edit-metadata: 1.4120600149035454
  landing: 0.8941172063350677
  view-data: 3.3815531134605408
