times:
  edit-metadata: 1.4219970852136612
  landing: 0.8220155611634254
  view-data: 3.292394459247589
