times:
  edit-metadata: 1.5259922668337822
  landing: 0.8376438766717911
  view-data: 3.501018278300762
