times:
  edit-metadata: 1.3978720530867577
  landing: 0.7829614505171776
  view-data: 3.4407410472631454
