times:
  edit-metadata: 1.3481785356998444
  landing: 0.8655893132090569
  view-data: 3.314277946949005
