times:
  edit-metadata: 1.4804033935070038
  landing: 0.79609365016222
  view-data: 3.5540479719638824
