times:
  edit-metadata: 1.3860609084367752
  landing: 0.8827394992113113
  view-data: 3.5003313422203064
