times:
  edit-metadata: 1.3452841192483902
  landing: 0.8122121319174767
  view-data: 3.4283920601010323
