times:
  edit-metadata: 1.4136036038398743
  landing: 1.0023099333047867
  view-data: 3.4024218320846558
