times:
  edit-metadata: 1.4581117779016495
  landing: 0.7809237688779831
  view-data: 3.4567134976387024
