times:
  edit-metadata: 1.4177806302905083
  landing: 0.8466992676258087
  view-data: 3.453536093235016
