times:
  edit-metadata: 1.5100695341825485
  landing: 1.0435707196593285
  view-data: 3.5437999814748764
