times:
  edit-metadata: 1.3715391606092453
  landing: 0.8560846000909805
  view-data: 3.46139445155859
