times:
  edit-metadata: 1.4885607659816742
  landing: 0.7315957099199295
  view-data: 3.422797940671444
