times:
  edit-metadata: 1.533815011382103
  landing: 0.8195275142788887
  view-data: 3.5617978647351265
