times:
  edit-metadata: 1.4018480330705643
  landing: 0.7678912654519081
  view-data: 3.4887270256876945
