times:
  edit-metadata: 1.3903613165020943
  landing: 0.8367689922451973
  view-data: 3.4796363934874535
