times:
  edit-metadata: 1.4289323911070824
  landing: 0.8098620176315308
  view-data: 3.4188567772507668
