times:
  edit-metadata: 1.5075980201363564
  landing: 0.8537189811468124
  view-data: 3.48176933825016
