times:
  edit-metadata: 1.4226372689008713
  landing: 0.8367953971028328
  view-data: 3.5006667226552963
