times:
  edit-metadata: 1.4894555434584618
  landing: 0.7807684764266014
  view-data: 3.405796654522419
