times:
  edit-metadata: 1.3924638628959656
  landing: 1.0083905383944511
  view-data: 3.4739184752106667
