times:
  edit-metadata: 2.109178937971592
  landing: 1.1286545544862747
  view-data: 3.405389852821827
