times:
  edit-metadata: 1.3902984634041786
  landing: 0.7831664532423019
  view-data: 3.3970833644270897
