times:
  edit-metadata: 1.6800961568951607
  landing: 0.939464658498764
  view-data: 3.354798100888729
