times:
  edit-metadata: 1.4013006687164307
  landing: 0.7428197339177132
  view-data: 3.49127484112978
