times:
  edit-metadata: 1.4494097605347633
  landing: 0.8038778230547905
  view-data: 3.5003368631005287
