times:
  edit-metadata: 1.4595283269882202
  landing: 0.820137269794941
  view-data: 3.4294345378875732
