times:
  edit-metadata: 1.524984247982502
  landing: 0.8281984999775887
  view-data: 3.4708502516150475
