times:
  edit-metadata: 1.3520289435982704
  landing: 0.9020729139447212
  view-data: 3.439011014997959
