times:
  edit-metadata: 1.4627738371491432
  landing: 0.7892035841941833
  view-data: 3.56834813952446
