times:
  landing: 1.0681330620000153
  view-data: 0.5502164010000001
