times:
  edit-metadata: 0.6960548907518387
  landing: 0.04565651994198561
  view-data: 0.2481968179345131
