times:
  edit-metadata: 1.3956564106047153
  landing: 0.8834504000842571
  view-data: 3.3072597309947014
