times:
  edit-metadata: 1.4578410992398858
  landing: 0.1088411770761013
  view-data: 0.1633795127272606
