times:
  edit-metadata: 3.10628897882998
  landing: 4.850839668884873
  view-data: 3.5710356533527374
