times:
  landing: 1.0762468560000116
  view-data: 0.5584373419999906
