times:
  edit-metadata: 1.4302781792357564
  landing: 0.022711302153766155
  view-data: 0.12735406029969454
