times:
  edit-metadata: 1.4946546275168657
  landing: 0.8637559469789267
  view-data: 3.3603484351187944
