times:
  landing: 0.5495405959999857
  view-data: 0.5509448149999798
