times:
  edit-metadata: 1.5128135439008474
  landing: 0.9149096189066768
  view-data: 3.4060257766395807
