times:
  edit-metadata: 1.4913233239203691
  landing: 0.8649705909192562
  view-data: 3.401581783313304
