times:
  edit-metadata: 1.6257183235138655
  landing: 0.02201136201620102
  view-data: 0.10587967000901699
