times:
  edit-metadata: 0.7820425650570542
  landing: 0.05416382197290659
  view-data: 0.20992473419755697
