times:
  edit-metadata: 1.3968010935932398
  landing: 0.8440238367766142
  view-data: 3.401408474892378
