times:
  landing: 1.6009815950000075
  view-data: 0.5620545439999773
