times:
  edit-metadata: 0.6785619258880615
  landing: 0.7494469862431288
  view-data: 0.5618820991367102
