times:
  edit-metadata: 2.4861997961997986
  landing: 1.2778823487460613
  view-data: 3.5073799937963486
