times:
  landing: 1.0647539880000068
  view-data: 0.5466718100000207
