times:
  edit-metadata: 0.6031691920943558
  landing: 0.033799545373767614
  view-data: 0.21718956669792533
