times:
  edit-metadata: 1.510579171590507
  landing: 0.023047982715070248
  view-data: 0.48692424688488245
