times:
  edit-metadata: 0.7571451179683208
  landing: 0.05029539484530687
  view-data: 0.20531108835712075
