times:
  edit-metadata: 2.1844832599163055
  landing: 0.27413470577448606
  view-data: 0.16152337938547134
