times:
  edit-metadata: 1.5044326093047857
  landing: 0.16165841277688742
  view-data: 0.024664655327796936
