times:
  landing: 0.5511407019999979
  view-data: 0.5542145790000177
