times:
  edit-metadata: 1.487529320642352
  landing: 0.19278672151267529
  view-data: 0.026325471699237823
