times:
  edit-metadata: 1.559031030163169
  landing: 0.22460604459047318
  view-data: 0.41951242089271545
