times:
  edit-metadata: 0.8209545835852623
  landing: 0.5885997284203768
  view-data: 0.25875172950327396
