times:
  edit-metadata: 0.7362110782414675
  landing: 0.7856101710349321
  view-data: 0.312664732336998
