times:
  edit-metadata: 1.5232034890213981
  landing: 0.8571340680355206
  view-data: 3.3662781190359965
