times:
  edit-metadata: 1.4821291863918304
  landing: 0.23121683299541473
  view-data: 0.3680981192737818
