times:
  landing: 0.5441825419999873
  view-data: 0.5583702920000064
