times:
  edit-metadata: 0.813711179420352
  landing: 2.306635607033968
  view-data: 0.2976439408957958
