times:
  edit-metadata: 1.5045220162719488
  landing: 0.16691468842327595
  view-data: 0.396889585070312
