times:
  edit-metadata: 0.5214550490491092
  landing: 0.050982098095119
  view-data: 0.22656362899579108
