times:
  landing: 0.5461751340000092
  view-data: 0.5508284489999937
