times:
  edit-metadata: 0.6211407629962196
  landing: 0.11100082699704217
  view-data: 0.2466496859997278
