times:
  edit-metadata: 1.4901108928024769
  landing: 0.020931589417159557
  view-data: 0.12103530578315258
