times:
  edit-metadata: 1.3659127801656723
  landing: 0.9180892445147038
  view-data: 3.349075675010681
