times:
  edit-metadata: 0.8926181010028813
  landing: 0.10715221599093638
  view-data: 0.27478289999999106
