times:
  edit-metadata: 1.4384759329259396
  landing: 0.9651009030640125
  view-data: 3.318928699940443
