times:
  edit-metadata: 1.8387779369950294
  landing: 0.3318763617426157
  view-data: 0.5869372114539146
