times:
  edit-metadata: 1.5030554458498955
  landing: 0.7610326558351517
  view-data: 3.325867649167776
