times:
  edit-metadata: 1.6450071930885315
  landing: 1.113599717617035
  view-data: 3.367790464311838
