times:
  edit-metadata: 0.7481259850319475
  landing: 0.040583830792456865
  view-data: 0.19154064799658954
