times:
  edit-metadata: 0.8259577732533216
  landing: 0.951109791174531
  view-data: 0.27274883538484573
