times:
  edit-metadata: 0.5308037919458002
  landing: 0.0417049580719322
  view-data: 0.2531281439587474
