times:
  edit-metadata: 0.9012897289358079
  landing: 0.047329830937087536
  view-data: 0.22279653698205948
