times:
  edit-metadata: 0.8325483668595552
  landing: 0.0607037078589201
  view-data: 0.31774930097162724
