times:
  edit-metadata: 0.8102746098302305
  landing: 0.06788124307058752
  view-data: 0.2050207748543471
