times:
  edit-metadata: 2.363646631129086
  landing: 0.21223696693778038
  view-data: 0.5954983020201325
