times:
  edit-metadata: 1.5320036737248302
  landing: 0.18960241973400116
  view-data: 0.028676079586148262
