times:
  landing: 0.5445387369999821
  view-data: 0.5540136490000123
