times:
  edit-metadata: 0.7332913856953382
  landing: 0.6567603498697281
  view-data: 0.23135054484009743
