times:
  edit-metadata: 0.5251535996794701
  landing: 0.03794217621907592
  view-data: 0.19517623307183385
