times:
  edit-metadata: 0.528499383945018
  landing: 0.0496352631598711
  view-data: 0.20481924433261156
