times:
  edit-metadata: 0.782829899340868
  landing: 0.05170538276433945
  view-data: 0.18877263739705086
