times:
  edit-metadata: 2.6018196307122707
  landing: 1.2321171090006828
  view-data: 3.569456033408642
