times:
  landing: 0.5569147209999983
  view-data: 0.556254521000028
