times:
  landing: 0.5674428269999794
  view-data: 0.5684894799999824
