times:
  edit-metadata: 0.508909200085327
  landing: 0.06951991305686533
  view-data: 0.34079544292762876
