times:
  edit-metadata: 1.496655536815524
  landing: 0.1608742866665125
  view-data: 0.026932611130177975
