times:
  edit-metadata: 0.7657340280711651
  landing: 0.050014227628707886
  view-data: 0.20997611433267593
