times:
  landing: 0.5539404319999903
  view-data: 0.5556868639999948
