times:
  edit-metadata: 1.4424906112253666
  landing: 1.1066459976136684
  view-data: 3.365529429167509
