times:
  edit-metadata: 1.509100317955017
  landing: 0.021478671580553055
  view-data: 0.02703418955206871
