times:
  edit-metadata: 1.4383041420951486
  landing: 0.11414170358330011
  view-data: 0.09852862358093262
