times:
  edit-metadata: 0.6567538430099376
  landing: 0.10483427398139611
  view-data: 0.23329242202453315
