times:
  edit-metadata: 0.4910869048908353
  landing: 0.03900690469890833
  view-data: 0.19878181582316756
