times:
  edit-metadata: 0.5050011868588626
  landing: 0.04461143119260669
  view-data: 0.21160144917666912
