times:
  edit-metadata: 1.534874726086855
  landing: 0.9103064499795437
  view-data: 3.4247274175286293
