times:
  edit-metadata: 0.5345444330014288
  landing: 0.04595761699602008
  view-data: 0.19442780641838908
