times:
  edit-metadata: 0.521882465807721
  landing: 0.08066115295514464
  view-data: 0.3483880429994315
