times:
  edit-metadata: 1.4864130802452564
  landing: 0.8158923536539078
  view-data: 3.4035980720072985
