times:
  landing: 0.5566690019999783
  view-data: 0.5532550620000052
