times:
  edit-metadata: 1.7739212810993195
  landing: 1.217669602483511
  view-data: 3.4289600923657417
