times:
  edit-metadata: 0.7347337361425161
  landing: 0.05400396790355444
  view-data: 0.18901970703154802
