times:
  edit-metadata: 0.6149830169742927
  landing: 0.09818039601668715
  view-data: 0.2419525650329888
