times:
  landing: 2.2491635298356414
  view-data: 0.03073537815362215
