times:
  landing: 1.083276058000024
  view-data: 0.5589149929999735
