times:
  edit-metadata: 0.7981219477951527
  landing: 0.797887647524476
  view-data: 0.32996024191379547
