times:
  edit-metadata: 0.7712600864470005
  landing: 0.04363099858164787
  view-data: 0.19612398371100426
