times:
  edit-metadata: 1.3968293145298958
  landing: 1.0299075283110142
  view-data: 3.35696529969573
