times:
  edit-metadata: 1.6234553856775165
  landing: 0.01771915704011917
  view-data: 0.03150052949786186
