times:
  edit-metadata: 0.750375865958631
  landing: 0.05556140700355172
  view-data: 0.21420466504059732
