times:
  edit-metadata: 0.8544480185955763
  landing: 0.5881748851388693
  view-data: 0.2055281139910221
