times:
  edit-metadata: 1.5652807112783194
  landing: 0.0199616476893425
  view-data: 0.10289293341338634
