times:
  edit-metadata: 1.3698809146881104
  landing: 1.1110836118459702
  view-data: 3.322748329490423
