times:
  edit-metadata: 1.5700210183858871
  landing: 0.16336899623274803
  view-data: 0.4516622442752123
