times:
  edit-metadata: 0.5246562089887448
  landing: 0.04281908099073917
  view-data: 0.3808935199631378
