times:
  edit-metadata: 1.5233709644526243
  landing: 0.01820790022611618
  view-data: 0.3861249927431345
