times:
  edit-metadata: 1.6512699723243713
  landing: 1.1752408668398857
  view-data: 3.4272047132253647
