times:
  landing: 0.5512875019999228
  view-data: 0.5659175950000872
