times:
  edit-metadata: 1.5878141620196402
  landing: 0.8912709481082857
  view-data: 3.461530202999711
