times:
  edit-metadata: 0.8635472171008587
  landing: 0.8792273290455341
  view-data: 0.43125437945127487
