times:
  edit-metadata: 0.5307185389101505
  landing: 0.0391517817042768
  view-data: 0.21931598894298077
