times:
  edit-metadata: 1.513024683110416
  landing: 0.01967893447726965
  view-data: 0.026621620170772076
