times:
  edit-metadata: 0.8264730386435986
  landing: 0.056240264326334
  view-data: 0.21140902489423752
