times:
  edit-metadata: 0.752678083954379
  landing: 0.05604907008819282
  view-data: 0.21029343688860536
