times:
  edit-metadata: 0.517333110794425
  landing: 0.04153325315564871
  view-data: 0.21202206332236528
