times:
  edit-metadata: 1.4901823280379176
  landing: 0.023200134746730328
  view-data: 0.1250280188396573
