times:
  landing: 1.0740238210000257
  view-data: 0.582566460999999
