times:
  landing: 0.5656901969999808
  view-data: 0.5571140430000128
