times:
  edit-metadata: 1.4184781946241856
  landing: 0.8697938434779644
  view-data: 3.2740446403622627
