times:
  edit-metadata: 0.5487344078719616
  landing: 0.0460111191496253
  view-data: 0.20529713295400143
