times:
  edit-metadata: 0.746345366933383
  landing: 0.050253742025233805
  view-data: 0.18807586701586843
