times:
  edit-metadata: 2.2450125636532903
  landing: 1.4405004139989614
  view-data: 3.287702943198383
