times:
  edit-metadata: 2.5412732791155577
  landing: 1.3437311667948961
  view-data: 3.6716833114624023
