times:
  edit-metadata: 0.538237978995312
  landing: 0.05782130699662957
  view-data: 0.21863850799854845
