times:
  edit-metadata: 1.3313992973417044
  landing: 0.7533318772912025
  view-data: 3.2797676348127425
