times:
  edit-metadata: 0.7858664393424988
  landing: 2.127974648028612
  view-data: 0.5945324003696442
