times:
  edit-metadata: 0.7509362460114062
  landing: 0.04356218595057726
  view-data: 0.2000096180709079
