times:
  edit-metadata: 1.3904235921800137
  landing: 0.7680590748786926
  view-data: 3.303325843065977
