times:
  edit-metadata: 0.7778327111154795
  landing: 0.8273572865873575
  view-data: 0.3142662849277258
