times:
  edit-metadata: 0.5189908919855952
  landing: 0.04405112937092781
  view-data: 0.20206125592812896
