times:
  edit-metadata: 1.72602784819901
  landing: 0.2539974972605705
  view-data: 0.1481365319341421
