times:
  landing: 1.0708771299999853
  view-data: 0.557551554999975
