times:
  edit-metadata: 1.8050005286931992
  landing: 1.1287826858460903
  view-data: 3.5399998500943184
