times:
  edit-metadata: 0.7459846884012222
  landing: 0.04154038056731224
  view-data: 0.20112160593271255
