times:
  edit-metadata: 0.6549406289122999
  landing: 0.04539477126672864
  view-data: 0.2732274760492146
