times:
  edit-metadata: 1.5125761814415455
  landing: 0.020306868478655815
  view-data: 0.3404522594064474
