times:
  edit-metadata: 1.587196015752852
  landing: 0.9234071895480156
  view-data: 3.330490724183619
