times:
  edit-metadata: 0.5049540949985385
  landing: 0.07550909201381728
  view-data: 0.5384025009989273
