times:
  edit-metadata: 0.7638760320842266
  landing: 0.04398734122514725
  view-data: 0.19136418774724007
