times:
  edit-metadata: 1.4445876330137253
  landing: 0.9305685218423605
  view-data: 3.40276469476521
