times:
  edit-metadata: 0.5285375877283514
  landing: 0.042654125951230526
  view-data: 0.24794097198173404
