times:
  landing: 1.592617238999992
  view-data: 0.558825306000017
