times:
  edit-metadata: 1.4960985714569688
  landing: 0.023565687239170074
  view-data: 0.12468665651977062
