times:
  edit-metadata: 1.5056092254817486
  landing: 0.817600429058075
  view-data: 3.3596112988889217
