times:
  edit-metadata: 1.5178604889661074
  landing: 0.18510668724775314
  view-data: 0.02653457224369049
