times:
  landing: 0.5701743660000034
  view-data: 0.5557024550000165
