times:
  landing: 1.0956576080000104
  view-data: 0.5623714860000177
