times:
  edit-metadata: 0.8125762976706028
  landing: 0.04685698449611664
  view-data: 0.19967323914170265
