times:
  edit-metadata: 0.5400136327371001
  landing: 0.04072949010878801
  view-data: 0.21644605929031968
