times:
  landing: 0.5551451249999957
  view-data: 0.5574656670000309
