times:
  edit-metadata: 1.8616449888795614
  landing: 0.1404394917190075
  view-data: 0.45551404170691967
