times:
  edit-metadata: 1.519160089083016
  landing: 0.022530616261065006
  view-data: 0.1299711810424924
