times:
  landing: 0.5688190250000389
  view-data: 0.5521579929999234
