times:
  edit-metadata: 1.5346892923116684
  landing: 0.02386525273323059
  view-data: 0.3726572208106518
