times:
  edit-metadata: 0.5977468425408006
  landing: 0.0569196492433548
  view-data: 0.2250566901639104
