times:
  edit-metadata: 0.8404103592038155
  landing: 0.6932022273540497
  view-data: 0.22992278076708317
