times:
  landing: 0.550446245000046
  view-data: 0.049622868000028575
