times:
  edit-metadata: 0.7436311510391533
  landing: 0.04076263098977506
  view-data: 0.18869278905913234
