times:
  edit-metadata: 0.7375564640387893
  landing: 0.04993531294167042
  view-data: 0.2123952810652554
