times:
  edit-metadata: 0.7687810733914375
  landing: 0.048377297818660736
  view-data: 0.19789432734251022
