times:
  landing: 0.5535501140000179
  view-data: 0.5662877279999634
