times:
  edit-metadata: 0.7485350270289928
  landing: 0.04348074598237872
  view-data: 0.19456292095128447
