times:
  edit-metadata: 1.5129420030862093
  landing: 0.8106678817421198
  view-data: 3.365453276783228
