times:
  edit-metadata: 0.5093837680178694
  landing: 0.04674368997802958
  view-data: 0.24884571705479175
