times:
  edit-metadata: 1.5039202943444252
  landing: 0.020817479118704796
  view-data: 0.023600948974490166
