times:
  edit-metadata: 0.502735213842243
  landing: 0.048856331035494804
  view-data: 0.19671439798548818
