times:
  edit-metadata: 1.5103471763432026
  landing: 0.2006481196731329
  view-data: 0.14154871553182602
