times:
  landing: 0.5447111139999663
  view-data: 0.5541509189999942
