times:
  landing: 1.0720326160000013
  view-data: 0.5530527399999983
