times:
  edit-metadata: 0.7616834749933332
  landing: 0.0485095459735021
  view-data: 0.20729506597854197
