times:
  edit-metadata: 0.7642771187238395
  landing: 0.12366396887227893
  view-data: 0.38712696405127645
