times:
  edit-metadata: 0.8424929734319448
  landing: 0.6026300713419914
  view-data: 0.6053021773695946
