times:
  edit-metadata: 0.84516934864223
  landing: 0.6104303319007158
  view-data: 0.31517647206783295
