times:
  landing: 0.5567537850000122
  view-data: 0.5553107779999777
