times:
  edit-metadata: 0.5933247739449143
  landing: 0.042412655893713236
  view-data: 0.21259089885279536
