times:
  edit-metadata: 1.3979668729007244
  landing: 3.179947067052126
  view-data: 3.3298585936427116
