times:
  landing: 0.5544000169999777
  view-data: 0.057086021000031906
