times:
  edit-metadata: 1.559976875782013
  landing: 1.1159175876528025
  view-data: 3.3177145337685943
