times:
  landing: 0.5530826750000415
  view-data: 0.5579436310000006
