times:
  edit-metadata: 1.4320951327681541
  landing: 0.9225599393248558
  view-data: 3.3158567883074284
