times:
  edit-metadata: 0.6353955230442807
  landing: 0.04691556899342686
  view-data: 0.21205739106517285
