times:
  edit-metadata: 0.7254708399996161
  landing: 0.039961136993952096
  view-data: 0.21289844502462074
