times:
  edit-metadata: 0.8103594090789557
  landing: 1.11237420886755
  view-data: 0.44995769299566746
