times:
  edit-metadata: 2.1153919720090926
  landing: 1.0360968667082489
  view-data: 3.482280238997191
