times:
  landing: 1.075956027000018
  view-data: 0.5659126999999557
