times:
  landing: 0.5491407810000055
  view-data: 0.5526384039999925
