times:
  landing: 1.0660653799999977
  view-data: 0.5506067649999977
