times:
  edit-metadata: 0.5098592462018132
  landing: 0.046884378883987665
  view-data: 0.1891960366629064
