times:
  landing: 1.0643220850001853
  view-data: 0.5482999860000746
