times:
  edit-metadata: 1.5625418275594711
  landing: 1.048095177859068
  view-data: 3.4092912040650845
