times:
  edit-metadata: 1.5697863730601966
  landing: 1.0172986290417612
  view-data: 3.393548586871475
