times:
  landing: 0.5543914829999039
  view-data: 0.5685158840000213
