times:
  landing: 0.5531184609999968
  view-data: 0.5575702560000195
