times:
  edit-metadata: 0.7673483937978745
  landing: 0.046082787215709686
  view-data: 0.18923451378941536
