times:
  edit-metadata: 0.7669436000287533
  landing: 0.04961276426911354
  view-data: 0.20628315210342407
