times:
  landing: 0.5592278879998958
  view-data: 0.5580713819999801
