times:
  edit-metadata: 1.8000790486112237
  landing: 0.9208046058192849
  view-data: 3.316053089685738
