times:
  edit-metadata: 0.7393082436174154
  landing: 0.6379027478396893
  view-data: 0.27209440991282463
