times:
  edit-metadata: 0.743479419965297
  landing: 0.04409868095535785
  view-data: 0.19242393597960472
