times:
  edit-metadata: 1.4795111827552319
  landing: 0.8248505741357803
  view-data: 3.4598577469587326
