times:
  edit-metadata: 1.565075102262199
  landing: 0.02317020297050476
  view-data: 0.028098881244659424
