times:
  edit-metadata: 1.526048880070448
  landing: 0.8103390075266361
  view-data: 3.3688609171658754
