times:
  landing: 0.5423194280000132
  view-data: 0.543116638000015
