times:
  edit-metadata: 1.4365232959389687
  landing: 0.7280106954276562
  view-data: 3.3019315637648106
