times:
  edit-metadata: 0.4908991460688412
  landing: 0.03762518474832177
  view-data: 0.21731650084257126
