times:
  edit-metadata: 1.5414639245718718
  landing: 0.01923645567148924
  view-data: 0.47616593819111586
