times:
  edit-metadata: 1.5738745592534542
  landing: 0.15833758562803268
  view-data: 0.027788663282990456
