times:
  edit-metadata: 0.5024723620153964
  landing: 0.04264737572520971
  view-data: 0.19810742791742086
