times:
  edit-metadata: 1.3643405176699162
  landing: 0.9461852945387363
  view-data: 3.35889720544219
