times:
  edit-metadata: 1.5443402975797653
  landing: 0.020915687084197998
  view-data: 0.12029313761740923
