times:
  edit-metadata: 1.5288989190012217
  landing: 0.8418923486024141
  view-data: 3.375500274822116
