times:
  edit-metadata: 0.7985501729417592
  landing: 0.05930646718479693
  view-data: 0.21152461902238429
