times:
  edit-metadata: 1.537742136977613
  landing: 0.21447272412478924
  view-data: 0.11817750800400972
