times:
  edit-metadata: 0.5149510642513633
  landing: 0.043553132098168135
  view-data: 0.2058832379989326
