times:
  landing: 0.5555514739999978
  view-data: 0.5629268620000119
