times:
  landing: 0.5590662320000206
  view-data: 0.5454794650000281
