times:
  edit-metadata: 0.5070072412490845
  landing: 0.04100560396909714
  view-data: 0.2002019132487476
