times:
  edit-metadata: 1.5351137574762106
  landing: 0.022032071836292744
  view-data: 0.1886226562783122
