times:
  edit-metadata: 1.4779601991176605
  landing: 1.0489939227700233
  view-data: 3.371531657874584
