times:
  edit-metadata: 0.49548547016456723
  landing: 0.04318021284416318
  view-data: 0.19851547060534358
