times:
  edit-metadata: 1.5038986839354038
  landing: 0.02182893641293049
  view-data: 0.02674991451203823
