times:
  edit-metadata: 1.6735470797866583
  landing: 0.02243119478225708
  view-data: 0.15013541094958782
