times:
  edit-metadata: 0.522412421181798
  landing: 0.03834338812157512
  view-data: 0.22488031862303615
