times:
  edit-metadata: 1.3119954409776255
  landing: 0.9035387890180573
  view-data: 3.448274101014249
