times:
  landing: 0.5522150759999818
  view-data: 0.5600624029999608
