times:
  edit-metadata: 1.644623463973403
  landing: 0.14651462249457836
  view-data: 0.02601877599954605
