times:
  landing: 0.5555532919999564
  view-data: 0.5569866799999659
