times:
  edit-metadata: 1.3740113526582718
  landing: 0.7785041481256485
  view-data: 3.332215189933777
