times:
  landing: 1.1066633130000127
  view-data: 0.5622306570001001
