times:
  edit-metadata: 0.767011497169733
  landing: 0.041370000690221786
  view-data: 0.1917886734008789
