times:
  edit-metadata: 0.7333108599996194
  landing: 0.04466396709904075
  view-data: 0.1971664569573477
