times:
  edit-metadata: 0.8170607499778271
  landing: 0.7884251363575459
  view-data: 0.33310671895742416
