times:
  edit-metadata: 0.7406199090182781
  landing: 0.04129745502723381
  view-data: 0.20130347402300686
