times:
  landing: 0.5501189080000017
  view-data: 0.5535028300000135
