times:
  edit-metadata: 1.5973317101597786
  landing: 0.02108488231897354
  view-data: 0.1248745834454894
