times:
  edit-metadata: 0.7413930622860789
  landing: 0.04906985396519303
  view-data: 0.20164708700031042
