times:
  edit-metadata: 2.2769149746745825
  landing: 1.2589950966648757
  view-data: 3.4579391120932996
