times:
  edit-metadata: 1.516962168738246
  landing: 0.8227141238749027
  view-data: 3.4102599658071995
