times:
  edit-metadata: 0.7309698269236833
  landing: 0.049298784928396344
  view-data: 0.21244301018305123
