times:
  landing: 1.0912176220000447
  view-data: 0.5580446760000086
