times:
  edit-metadata: 0.8318931180983782
  landing: 0.5780362524092197
  view-data: 0.6038013398647308
