times:
  edit-metadata: 0.8540933337062597
  landing: 0.8407868072390556
  view-data: 0.5534578934311867
