times:
  edit-metadata: 0.6681398972868919
  landing: 0.8486703671514988
  view-data: 0.5741682313382626
