times:
  landing: 0.5579317499999661
  view-data: 0.5631758810000065
