times:
  edit-metadata: 1.3144881906919181
  landing: 0.7921505239792168
  view-data: 3.3769519650377333
