times:
  landing: 0.5596993960000418
  view-data: 0.5555028059999927
