times:
  edit-metadata: 0.7726287019904703
  landing: 0.0567104727961123
  view-data: 0.20335949514992535
