times:
  edit-metadata: 0.5350899519980885
  landing: 0.07632045100035612
  view-data: 0.21530057700147154
