times:
  edit-metadata: 0.5331646990962327
  landing: 0.06519535090774298
  view-data: 0.22356357402168214
