times:
  edit-metadata: 2.4375413935631514
  landing: 0.25180610083043575
  view-data: 0.302471661940217
