times:
  edit-metadata: 0.6709113512188196
  landing: 1.055952548980713
  view-data: 0.4273045249283314
