times:
  landing: 0.5474392890000672
  view-data: 0.550151557999925
