times:
  landing: 0.5537395059999994
  view-data: 0.5674219210000047
