times:
  edit-metadata: 0.6133788250008365
  landing: 0.09410843900695909
  view-data: 0.2529789999971399
