times:
  edit-metadata: 1.8199753491207957
  landing: 0.15374453645199537
  view-data: 0.03186902962625027
