times:
  edit-metadata: 0.667592478916049
  landing: 0.36877579241991043
  view-data: 0.21121922321617603
