times:
  edit-metadata: 1.6042427821084857
  landing: 0.021559571847319603
  view-data: 0.11695908196270466
