times:
  edit-metadata: 1.5663323160260916
  landing: 0.8586690630763769
  view-data: 3.3468111688271165
