times:
  edit-metadata: 1.5285365991294384
  landing: 0.7223115880042315
  view-data: 3.3269436359405518
