times:
  edit-metadata: 1.5261051803827286
  landing: 0.023152541369199753
  view-data: 0.24949533864855766
