times:
  landing: 0.592385218000004
  view-data: 0.5584587259999694
