times:
  edit-metadata: 1.3401583805680275
  landing: 0.916545333340764
  view-data: 3.273384090512991
