times:
  edit-metadata: 1.9427367076277733
  landing: 0.22018124721944332
  view-data: 0.02700807899236679
