times:
  edit-metadata: 0.6420477940700948
  landing: 0.06612748699262738
  view-data: 0.33198220329359174
