times:
  landing: 0.6120253579999826
  view-data: 0.5609665149999046
