times:
  landing: 1.0767764699999702
  view-data: 0.5914437170000042
