times:
  edit-metadata: 1.5234025241807103
  landing: 0.019814244471490383
  view-data: 0.41782226227223873
