times:
  landing: 0.5452591340000481
  view-data: 0.5496014510000578
