times:
  edit-metadata: 1.793798522092402
  landing: 1.3787130014970899
  view-data: 3.645596000365913
