times:
  edit-metadata: 0.783884808421135
  landing: 0.5848472081124783
  view-data: 0.5995613634586334
