times:
  edit-metadata: 1.5383144095540047
  landing: 0.022588640451431274
  view-data: 0.5607820637524128
