times:
  edit-metadata: 1.4970436496660113
  landing: 0.043272086419165134
  view-data: 0.14637441467493773
