times:
  edit-metadata: 1.5089789740741253
  landing: 0.8865286111831665
  view-data: 3.378537703305483
