times:
  edit-metadata: 0.7926561268977821
  landing: 0.05234336806461215
  view-data: 0.20354630495421588
