times:
  edit-metadata: 1.5285796616226435
  landing: 0.0193310733884573
  view-data: 0.027202144265174866
