times:
  edit-metadata: 0.5153814256191254
  landing: 0.04644395411014557
  view-data: 0.20356239844113588
