times:
  edit-metadata: 0.7399205439724028
  landing: 0.045636522118002176
  view-data: 0.20155698340386152
