times:
  edit-metadata: 0.8127868231385946
  landing: 1.1080649122595787
  view-data: 0.3243653755635023
