times:
  edit-metadata: 1.72313067689538
  landing: 1.042181245982647
  view-data: 3.5021652169525623
