times:
  edit-metadata: 0.6958773285150528
  landing: 0.514038598164916
  view-data: 0.22422092594206333
