times:
  edit-metadata: 0.6592543027363718
  landing: 0.050562955904752016
  view-data: 0.22665902879089117
