times:
  edit-metadata: 0.49241998558864
  landing: 0.0445579718798399
  view-data: 0.1987721361219883
