times:
  edit-metadata: 1.4759188955649734
  landing: 0.02195105515420437
  view-data: 0.10111154336482286
