times:
  landing: 0.5502932929999815
  view-data: 0.5651526059999696
