times:
  edit-metadata: 1.7621929477900267
  landing: 0.24050642177462578
  view-data: 0.4796888642013073
