times:
  edit-metadata: 1.604761067777872
  landing: 0.9036865960806608
  view-data: 3.4258221480995417
