times:
  landing: 1.0653225390000216
  view-data: 0.5526582739999526
