times:
  edit-metadata: 0.519509385805577
  landing: 0.04262831015512347
  view-data: 0.2337536800187081
