times:
  landing: 0.5532694990000095
  view-data: 0.556610835000015
