times:
  edit-metadata: 1.5658285561949015
  landing: 0.01940042618662119
  view-data: 0.5172367822378874
