times:
  edit-metadata: 1.4459348805248737
  landing: 0.8157737962901592
  view-data: 3.298619268462062
