times:
  edit-metadata: 0.7260732632130384
  landing: 0.08191784098744392
  view-data: 0.21907172398641706
