times:
  landing: 0.551949718000003
  view-data: 0.5552643770000145
