times:
  edit-metadata: 0.5204402878880501
  landing: 0.04537444980815053
  view-data: 0.25221577496267855
