times:
  edit-metadata: 2.0138758569955826
  landing: 1.1785356849431992
  view-data: 3.525931417942047
