times:
  landing: 0.5505019480000044
  view-data: 0.055121275000004744
