times:
  landing: 0.5780848980000428
  view-data: 0.5589132239999799
