times:
  edit-metadata: 0.5180544489994645
  landing: 0.05129453795962036
  view-data: 0.2343028038740158
