times:
  edit-metadata: 1.337729822844267
  landing: 0.9356004372239113
  view-data: 3.392164833843708
