times:
  landing: 0.5514694949999921
  view-data: 0.044748383999973385
