times:
  edit-metadata: 2.1537483539432287
  landing: 1.4802839364856482
  view-data: 3.7396712694317102
