times:
  edit-metadata: 0.7459415069315583
  landing: 0.044115832075476646
  view-data: 0.19925718300510198
