times:
  edit-metadata: 0.5884698918089271
  landing: 0.04709679773077369
  view-data: 0.23516047094017267
