times:
  edit-metadata: 0.8198635634034872
  landing: 0.6758766621351242
  view-data: 0.23077321983873844
