times:
  edit-metadata: 1.937604432925582
  landing: 0.263179088011384
  view-data: 0.4046848863363266
