times:
  edit-metadata: 1.4780966360121965
  landing: 0.7745310217142105
  view-data: 3.426218245178461
