times:
  edit-metadata: 1.5064774453639984
  landing: 0.8371700756251812
  view-data: 3.347212376073003
