times:
  landing: 1.1193984281271696
  view-data: 1.1094518639147282
