times:
  edit-metadata: 1.7973803132772446
  landing: 0.428949061781168
  view-data: 0.17678368277847767
