times:
  edit-metadata: 0.555970286950469
  landing: 0.042305754497647285
  view-data: 0.20120447594672441
