times:
  edit-metadata: 0.5083505632355809
  landing: 0.04600743483752012
  view-data: 0.215838179923594
