times:
  edit-metadata: 0.7696825042366982
  landing: 0.04219840094447136
  view-data: 0.2014002911746502
