times:
  edit-metadata: 1.4583687484264374
  landing: 0.1671170825138688
  view-data: 0.2311535393819213
