times:
  edit-metadata: 1.4975694194436073
  landing: 0.9173879008740187
  view-data: 3.419586855918169
