times:
  edit-metadata: 1.4817179013043642
  landing: 0.21942212898284197
  view-data: 0.25373728200793266
