times:
  edit-metadata: 1.681786771863699
  landing: 0.7958596833050251
  view-data: 3.3618504647165537
