times:
  edit-metadata: 0.6169363709632307
  landing: 0.06373333802912384
  view-data: 0.23254830110818148
