times:
  edit-metadata: 0.5129610751755536
  landing: 0.05485200183466077
  view-data: 0.2167190699838102
