times:
  edit-metadata: 1.5026531592011452
  landing: 0.02125895954668522
  view-data: 0.11947816610336304
