times:
  edit-metadata: 1.5264344541355968
  landing: 0.11711748130619526
  view-data: 0.4377367403358221
