times:
  edit-metadata: 0.7428222820162773
  landing: 0.0449526640586555
  view-data: 0.20738414814695716
