times:
  edit-metadata: 0.7606323128566146
  landing: 0.03963081701658666
  view-data: 0.20150950807146728
