times:
  edit-metadata: 0.7620762437582016
  landing: 0.041134368628263474
  view-data: 0.2003680355846882
