times:
  edit-metadata: 1.4523279927670956
  landing: 0.9324424229562283
  view-data: 3.3453707210719585
