times:
  edit-metadata: 1.3922360762953758
  landing: 1.000288400799036
  view-data: 3.425753578543663
