times:
  edit-metadata: 1.5179778449237347
  landing: 0.8691463954746723
  view-data: 3.372164413332939
