times:
  edit-metadata: 1.6014555916190147
  landing: 0.8142513241618872
  view-data: 3.3977132979780436
