times:
  edit-metadata: 1.617886207997799
  landing: 0.8553102761507034
  view-data: 3.4039626494050026
