times:
  edit-metadata: 0.5902231360087171
  landing: 0.04454494998208247
  view-data: 0.3582239850074984
