times:
  edit-metadata: 0.9401376992464066
  landing: 2.442732909694314
  view-data: 0.7077226266264915
