times:
  edit-metadata: 1.5132862031459808
  landing: 0.8053679689764977
  view-data: 3.408253652974963
