times:
  edit-metadata: 0.9017261825501919
  landing: 0.8214442320168018
  view-data: 0.23721310682594776
