times:
  edit-metadata: 1.5444231498986483
  landing: 0.14148455299437046
  view-data: 0.024465905502438545
