times:
  landing: 0.5524311460000035
  view-data: 0.555221089999975
