times:
  landing: 1.0588285239999777
  view-data: 0.5480694500000141
