times:
  landing: 0.5515113939999878
  view-data: 0.5524941010000362
