times:
  edit-metadata: 0.7590216340031475
  landing: 0.0529605511110276
  view-data: 0.18925384595058858
