times:
  edit-metadata: 1.427954275161028
  landing: 1.0912018902599812
  view-data: 3.386815570294857
