times:
  edit-metadata: 1.5179066397249699
  landing: 0.02095949836075306
  view-data: 0.5092241736128926
