times:
  edit-metadata: 1.5682053212076426
  landing: 0.02212356310337782
  view-data: 0.13536908477544785
