times:
  edit-metadata: 1.5151673965156078
  landing: 0.7945331316441298
  view-data: 3.4337321873754263
