times:
  edit-metadata: 1.6545911319553852
  landing: 0.9954348057508469
  view-data: 3.459080807864666
