times:
  edit-metadata: 0.8223475571721792
  landing: 0.8059784024953842
  view-data: 0.3044346310198307
