times:
  edit-metadata: 1.5347345247864723
  landing: 0.021677427925169468
  view-data: 0.10109840426594019
