times:
  edit-metadata: 0.5349633599398658
  landing: 0.07949735200963914
  view-data: 0.22340540098957717
