times:
  edit-metadata: 1.3881160749588162
  landing: 0.826505291974172
  view-data: 3.374774143099785
