times:
  edit-metadata: 0.8269764860160649
  landing: 0.04863705509342253
  view-data: 0.2510494929738343
