times:
  edit-metadata: 0.660537620075047
  landing: 0.046042272355407476
  view-data: 0.3572301915846765
