times:
  edit-metadata: 1.5382696390151978
  landing: 1.0035852789878845
  view-data: 3.4401663094758987
