times:
  edit-metadata: 1.5271736532449722
  landing: 0.7819822039455175
  view-data: 3.4265127051621675
