times:
  edit-metadata: 0.7560661761090159
  landing: 0.05690091196447611
  view-data: 0.2132514261174947
