times:
  edit-metadata: 3.7165361400693655
  landing: 1.5916041657328606
  view-data: 3.4631493277847767
