times:
  edit-metadata: 1.482635878957808
  landing: 0.021297292783856392
  view-data: 0.4092827355489135
