times:
  landing: 0.5510650840000153
  view-data: 0.5640635439999642
