times:
  landing: 0.5636596620000205
  view-data: 0.5741636469999776
