times:
  edit-metadata: 0.7666672691702843
  landing: 0.04738229513168335
  view-data: 0.20399634167551994
