times:
  edit-metadata: 0.49716600170359015
  landing: 0.04324370576068759
  view-data: 0.20112192584201694
