times:
  edit-metadata: 0.6018037049798295
  landing: 0.045070162974298
  view-data: 0.2263247499940917
