times:
  edit-metadata: 1.4848350882530212
  landing: 0.8961769733577967
  view-data: 3.4171405751258135
