times:
  edit-metadata: 1.4724393379874527
  landing: 0.8172450619749725
  view-data: 3.4356820229440928
