times:
  edit-metadata: 0.611598325020168
  landing: 0.07044266097364016
  view-data: 0.24281148498994298
