times:
  edit-metadata: 0.5577572290785611
  landing: 0.043388145975768566
  view-data: 0.204494743142277
