times:
  edit-metadata: 1.487284746952355
  landing: 0.9335332890041173
  view-data: 3.406126295682043
