times:
  edit-metadata: 0.5079146139323711
  landing: 0.044472103007137775
  view-data: 0.19817782286554575
