times:
  edit-metadata: 1.5154629098251462
  landing: 0.017888419330120087
  view-data: 0.12300156615674496
