times:
  edit-metadata: 1.885767268948257
  landing: 0.8975987043231726
  view-data: 3.407214656472206
