times:
  landing: 0.560049891999995
  view-data: 0.05600532899995869
