times:
  edit-metadata: 1.3627196131274104
  landing: 0.8937304373830557
  view-data: 3.292011732235551
