times:
  edit-metadata: 1.513374913483858
  landing: 0.022661253809928894
  view-data: 0.11870958283543587
