times:
  edit-metadata: 1.5217112638056278
  landing: 0.8365814723074436
  view-data: 3.343809213489294
