times:
  edit-metadata: 1.6959277912974358
  landing: 1.116049900650978
  view-data: 3.4624926149845123
