times:
  edit-metadata: 1.8998573925346136
  landing: 0.12517339270561934
  view-data: 0.025279291905462742
