times:
  edit-metadata: 2.033202731050551
  landing: 0.0187778165563941
  view-data: 0.8701689783483744
