times:
  edit-metadata: 1.3226291351020336
  landing: 0.8717917315661907
  view-data: 3.3138704113662243
