times:
  landing: 0.5485617049999973
  view-data: 0.5513579319999735
