times:
  edit-metadata: 1.51916812825948
  landing: 0.020572861656546593
  view-data: 0.42827032320201397
