times:
  edit-metadata: 0.7357610841281712
  landing: 0.04241104610264301
  view-data: 0.2025473229587078
