times:
  edit-metadata: 1.353646893054247
  landing: 0.7386189885437489
  view-data: 3.3240863904356956
