times:
  edit-metadata: 1.7114439588040113
  landing: 0.028120335191488266
  view-data: 0.1832012739032507
