times:
  landing: 0.549941500999978
  view-data: 0.5601882910000313
