times:
  edit-metadata: 0.5157977079506963
  landing: 0.042529023019596934
  view-data: 0.22818186599761248
