times:
  edit-metadata: 1.468490682542324
  landing: 0.9561604931950569
  view-data: 3.4911502227187157
