times:
  edit-metadata: 1.6524275857955217
  landing: 0.022479020059108734
  view-data: 0.0402193907648325
