times:
  edit-metadata: 1.469717136817053
  landing: 0.8819283740594983
  view-data: 3.450155403930694
