times:
  edit-metadata: 1.417288570664823
  landing: 0.8315652078017592
  view-data: 3.415497427340597
