times:
  edit-metadata: 1.451480608433485
  landing: 0.023944132030010223
  view-data: 0.10323686711490154
