times:
  edit-metadata: 0.7892940789461136
  landing: 0.0383557491004467
  view-data: 0.20053601264953613
