times:
  edit-metadata: 0.60138869198272
  landing: 0.043841737031470984
  view-data: 0.2411297420039773
