times:
  landing: 0.5457309530000316
  view-data: 0.5507607260000214
