times:
  edit-metadata: 2.133629083633423
  landing: 0.7711361814290285
  view-data: 3.3790970481932163
