times:
  landing: 1.0819071219999614
  view-data: 0.5671030990000077
