times:
  edit-metadata: 1.4070000424981117
  landing: 0.9325275421142578
  view-data: 3.366079479455948
