times:
  edit-metadata: 1.593861410394311
  landing: 0.13714046776294708
  view-data: 0.39834038726985455
