times:
  edit-metadata: 1.3927683271467686
  landing: 0.7150403708219528
  view-data: 3.316525610163808
