times:
  edit-metadata: 0.7902731969952583
  landing: 0.05222174525260925
  view-data: 0.19258667901158333
