times:
  edit-metadata: 1.6186881102621555
  landing: 0.9792618881911039
  view-data: 3.44188822619617
