times:
  edit-metadata: 1.4775418303906918
  landing: 0.8646158622577786
  view-data: 3.3834204990416765
