times:
  edit-metadata: 1.2386566079221666
  landing: 0.06516711693257093
  view-data: 0.41789932106621563
