times:
  edit-metadata: 1.453493446111679
  landing: 0.9148762635886669
  view-data: 3.330271504819393
