times:
  landing: 0.5550157430000127
  view-data: 0.05244111999996903
