times:
  edit-metadata: 1.5595679134130478
  landing: 0.1576239913702011
  view-data: 0.42345575243234634
