times:
  edit-metadata: 1.5579333808273077
  landing: 0.1708637997508049
  view-data: 0.025680003687739372
