times:
  edit-metadata: 1.4865086060017347
  landing: 0.019785242155194283
  view-data: 0.12863915413618088
