times:
  edit-metadata: 1.5089592039585114
  landing: 0.02146910410374403
  view-data: 0.027003664523363113
