times:
  edit-metadata: 1.4828702956438065
  landing: 0.27763807959854603
  view-data: 0.4375159665942192
