times:
  edit-metadata: 0.8058831561356783
  landing: 0.6851590257138014
  view-data: 0.20724751241505146
