times:
  landing: 1.0777762069999994
  view-data: 0.558161670000004
