times:
  landing: 0.5522938540000268
  view-data: 0.5621401419999756
