times:
  edit-metadata: 1.5033050179481506
  landing: 0.9199689216911793
  view-data: 3.3515428863465786
