times:
  landing: 1.059907648999797
  view-data: 0.5473075760000938
