times:
  edit-metadata: 1.5544309224933386
  landing: 0.8614289462566376
  view-data: 3.383970595896244
