times:
  edit-metadata: 1.5767653528600931
  landing: 0.020684966817498207
  view-data: 0.024361107498407364
