times:
  edit-metadata: 1.5080221751704812
  landing: 0.019346529617905617
  view-data: 0.02718689665198326
