times:
  edit-metadata: 0.8438381170853972
  landing: 0.05941380886361003
  view-data: 0.23186525702476501
