times:
  edit-metadata: 1.5194956250488758
  landing: 0.9096467513591051
  view-data: 3.4064119048416615
