times:
  edit-metadata: 1.5031948890537024
  landing: 0.9157961960881948
  view-data: 3.43493383936584
