times:
  edit-metadata: 1.5284116677939892
  landing: 0.04807732440531254
  view-data: 0.028905555605888367
