times:
  edit-metadata: 0.6695221038535237
  landing: 0.0996157587505877
  view-data: 0.2674686210229993
