times:
  edit-metadata: 1.4705551648512483
  landing: 0.7817494617775083
  view-data: 3.403073691762984
