times:
  edit-metadata: 1.799183264025487
  landing: 1.058302373974584
  view-data: 3.3280572310322896
