times:
  edit-metadata: 0.5222121188417077
  landing: 0.045304123079404235
  view-data: 0.20981197012588382
