times:
  edit-metadata: 1.477750588208437
  landing: 1.0242312923073769
  view-data: 3.3878336623311043
