times:
  edit-metadata: 1.4703962802886963
  landing: 0.022819457575678825
  view-data: 0.02615066710859537
