times:
  edit-metadata: 0.7227592449635267
  landing: 0.06051963195204735
  view-data: 0.21724112471565604
