times:
  edit-metadata: 1.5447455123066902
  landing: 1.0641757473349571
  view-data: 3.411075245589018
