times:
  edit-metadata: 0.8020300678908825
  landing: 0.04917598515748978
  view-data: 0.19352148845791817
