times:
  landing: 0.5580713050001123
  view-data: 0.5722068449999824
