times:
  edit-metadata: 1.449233888182789
  landing: 0.8004277271684259
  view-data: 3.3749318360351026
