times:
  edit-metadata: 1.3511789292097092
  landing: 0.8540387628600001
  view-data: 3.4165260531008244
