times:
  landing: 0.5479380909999918
  view-data: 0.5515733379999688
