times:
  landing: 1.0709660100000065
  view-data: 0.5622359030000439
