times:
  landing: 0.5408761369999979
  view-data: 0.5534844919999955
