times:
  edit-metadata: 1.523757633753121
  landing: 0.019308442249894142
  view-data: 0.02656411472707987
