times:
  edit-metadata: 2.3155768793076277
  landing: 1.2420641779899597
  view-data: 3.4483450409024954
