times:
  edit-metadata: 0.5571347065269947
  landing: 0.04439317248761654
  view-data: 0.20303327217698097
