times:
  edit-metadata: 1.5493101412430406
  landing: 0.022363723255693913
  view-data: 0.026410959661006927
