times:
  edit-metadata: 1.4859666749835014
  landing: 0.8767996616661549
  view-data: 3.363213574513793
