times:
  edit-metadata: 0.798085942864418
  landing: 0.04976922273635864
  view-data: 0.2250850796699524
