times:
  edit-metadata: 1.5469337422400713
  landing: 0.02138917613774538
  view-data: 0.025742193683981895
