times:
  edit-metadata: 0.809752868488431
  landing: 0.842116953805089
  view-data: 0.31534496508538723
