times:
  landing: 1.0981757819999984
  view-data: 0.565744809000023
