times:
  edit-metadata: 0.7591773271560669
  landing: 0.05000303313136101
  view-data: 0.20346884801983833
