times:
  edit-metadata: 1.4849588014185429
  landing: 0.8240158446133137
  view-data: 3.378076173365116
