times:
  edit-metadata: 0.560993991792202
  landing: 0.04479272197932005
  view-data: 0.22026229370385408
