times:
  edit-metadata: 0.6103163780062459
  landing: 0.04455790400970727
  view-data: 0.2119378339848481
