times:
  landing: 0.5498931380000158
  view-data: 0.5568168880000144
