times:
  edit-metadata: 0.6656196549884044
  landing: 0.063281505019404
  view-data: 0.23473531496711075
