times:
  edit-metadata: 1.5018037185072899
  landing: 0.11543674301356077
  view-data: 0.4267635131254792
