times:
  edit-metadata: 1.5738522056490183
  landing: 0.271602027118206
  view-data: 0.024578899145126343
