times:
  edit-metadata: 1.5134112425148487
  landing: 1.0231901546940207
  view-data: 3.2898381957784295
