times:
  edit-metadata: 1.6535109840333462
  landing: 0.01962570659816265
  view-data: 0.3224383946508169
