times:
  edit-metadata: 1.4967256970703602
  landing: 0.7985257394611835
  view-data: 3.404694713652134
