times:
  landing: 1.083713800000055
  view-data: 0.556034029999978
