times:
  edit-metadata: 1.5290670730173588
  landing: 0.8131805285811424
  view-data: 3.4502170849591494
