times:
  edit-metadata: 0.789331492036581
  landing: 0.9206092990934849
  view-data: 0.6641122251749039
