times:
  edit-metadata: 0.5072997210081667
  landing: 0.049422829994000494
  view-data: 0.2222319709835574
