times:
  edit-metadata: 1.4758758805692196
  landing: 0.14766277000308037
  view-data: 0.369177283719182
