times:
  edit-metadata: 1.5779632311314344
  landing: 0.14947450906038284
  view-data: 0.029637415893375874
