times:
  landing: 1.076832823000018
  view-data: 0.5610496859999898
