times:
  edit-metadata: 2.7949448488652706
  landing: 1.6375242993235588
  view-data: 3.8478554897010326
