times:
  edit-metadata: 1.258245748002082
  landing: 0.30791278404649347
  view-data: 0.2814252160023898
