times:
  edit-metadata: 2.051747163757682
  landing: 0.27359221410006285
  view-data: 0.24141075741499662
