times:
  edit-metadata: 1.8323329370468855
  landing: 0.12219293229281902
  view-data: 0.04964236728847027
