times:
  landing: 1.062904651999986
  view-data: 0.5504925440000079
