times:
  landing: 0.5521200129999215
  view-data: 0.5578822229999787
