times:
  edit-metadata: 1.4451272645965219
  landing: 0.021289327181875706
  view-data: 0.023291071876883507
