times:
  edit-metadata: 1.5600769091397524
  landing: 0.8773729484528303
  view-data: 3.4303104849532247
