times:
  edit-metadata: 0.7539708316326141
  landing: 0.04459402710199356
  view-data: 0.1901715286076069
