times:
  edit-metadata: 2.1655424050986767
  landing: 1.3403624407947063
  view-data: 3.553810788318515
