times:
  edit-metadata: 0.8193324394524097
  landing: 0.7128202989697456
  view-data: 0.5467456802725792
