times:
  landing: 0.5908977729999947
  view-data: 0.5561910609999927
