times:
  landing: 0.5537490520000006
  view-data: 0.5542993839999895
