times:
  landing: 1.0725104729999657
  view-data: 0.5613896930000237
