times:
  landing: 0.5436073690000285
  view-data: 0.5503898599999957
