times:
  landing: 0.5587443609999809
  view-data: 0.5478543510000691
