times:
  edit-metadata: 1.747365178540349
  landing: 0.2771165259182453
  view-data: 0.15451318956911564
