times:
  edit-metadata: 1.6754572931677103
  landing: 0.15132548846304417
  view-data: 0.19065012596547604
