times:
  edit-metadata: 0.6865418059751391
  landing: 0.08948130393400788
  view-data: 0.35399778094142675
