times:
  edit-metadata: 0.8384276833385229
  landing: 0.5316080637276173
  view-data: 0.21673142537474632
