times:
  edit-metadata: 0.7852606400847435
  landing: 0.0455462746322155
  view-data: 0.2203836664557457
