times:
  edit-metadata: 0.8383005920331925
  landing: 0.06145186396315694
  view-data: 0.24509291118010879
