times:
  edit-metadata: 1.6843639332801104
  landing: 0.28881981782615185
  view-data: 0.28098138235509396
