times:
  edit-metadata: 0.7668704469979275
  landing: 0.041894832014804706
  view-data: 0.20017540198750794
