times:
  edit-metadata: 1.4272506423294544
  landing: 1.1029820926487446
  view-data: 3.2937026619911194
