times:
  edit-metadata: 1.531845391727984
  landing: 0.022294062189757824
  view-data: 0.02454787865281105
