times:
  landing: 0.5868540030000418
  view-data: 0.5429600900000082
