times:
  edit-metadata: 1.5175962410867214
  landing: 0.2004867922514677
  view-data: 0.025441119447350502
