times:
  edit-metadata: 0.7768824268132448
  landing: 0.9952300544828176
  view-data: 0.45181609131395817
