times:
  landing: 0.549412913000026
  view-data: 0.5531169139999861
