times:
  landing: 0.5457601020000027
  view-data: 0.552337375999997
