times:
  landing: 0.5560851199999775
  view-data: 0.5568465240000364
