times:
  edit-metadata: 1.637663334608078
  landing: 0.15396390482783318
  view-data: 0.0258454792201519
