times:
  edit-metadata: 0.5236902488395572
  landing: 0.04651152063161135
  view-data: 0.21363654173910618
