times:
  edit-metadata: 0.7989284750074148
  landing: 1.093053538352251
  view-data: 0.6046181600540876
