times:
  landing: 0.5597709499999723
  view-data: 0.5589810999999827
