times:
  edit-metadata: 0.5166077059984673
  landing: 0.045806612994056195
  view-data: 0.2573237550095655
