times:
  edit-metadata: 0.77702815271914
  landing: 0.05042331758886576
  view-data: 0.1943057868629694
