times:
  edit-metadata: 0.7544286729535088
  landing: 0.04017640999518335
  view-data: 0.20481614395976067
