times:
  edit-metadata: 0.7581271310336888
  landing: 0.04995774501003325
  view-data: 0.19551056600175798
