times:
  edit-metadata: 1.6441389778628945
  landing: 1.061659537255764
  view-data: 3.6659774351865053
