times:
  landing: 0.5567623960000105
  view-data: 0.049791499000008344
