times:
  edit-metadata: 0.6904152152128518
  landing: 0.05491186585277319
  view-data: 0.31796221900731325
