times:
  edit-metadata: 1.52049271017313
  landing: 1.0183943770825863
  view-data: 3.331409864127636
