times:
  landing: 0.5497334529999875
  view-data: 1.066982820000021
