times:
  edit-metadata: 1.532680799253285
  landing: 0.02054667007178068
  view-data: 0.11932556517422199
