times:
  edit-metadata: 0.7317663569701836
  landing: 0.03864230203907937
  view-data: 0.20803970005363226
