times:
  landing: 0.5493556879999915
  view-data: 0.5464384939999718
