times:
  edit-metadata: 1.4771213345229626
  landing: 0.019555967301130295
  view-data: 0.14953221008181572
