times:
  edit-metadata: 1.493412645533681
  landing: 0.021879938431084156
  view-data: 0.03145558573305607
