times:
  landing: 0.553329873999985
  view-data: 0.5653717370000209
