times:
  edit-metadata: 2.4968814151361585
  landing: 1.2190463272854686
  view-data: 3.863745336420834
