times:
  edit-metadata: 1.5932821910828352
  landing: 0.25926203839480877
  view-data: 0.361634261906147
