times:
  edit-metadata: 0.8208560533821583
  landing: 0.04173677787184715
  view-data: 0.2000822052359581
