times:
  edit-metadata: 0.5107745202258229
  landing: 0.04058539168909192
  view-data: 0.1962876901961863
