times:
  edit-metadata: 1.5660858433693647
  landing: 0.20953919552266598
  view-data: 0.47921683453023434
