times:
  edit-metadata: 1.4985807985067368
  landing: 0.8012166172266006
  view-data: 3.408630382269621
