times:
  landing: 0.5435221459999866
  view-data: 0.5486531159999686
