times:
  edit-metadata: 0.5366808967664838
  landing: 0.05983327701687813
  view-data: 0.23529452923685312
