times:
  edit-metadata: 1.4966642931103706
  landing: 0.9718731958419085
  view-data: 3.433633390814066
