times:
  edit-metadata: 1.4674613773822784
  landing: 0.8855574503540993
  view-data: 3.435356467962265
