times:
  edit-metadata: 1.5214135646820068
  landing: 0.9582215901464224
  view-data: 3.335823519155383
