times:
  landing: 0.5429318100000273
  view-data: 0.5476129990000231
