times:
  edit-metadata: 1.4782889718189836
  landing: 0.022931809537112713
  view-data: 0.45166248735040426
