times:
  edit-metadata: 1.9399284832179546
  landing: 0.2882919851690531
  view-data: 0.31854946352541447
