times:
  edit-metadata: 1.5613056644797325
  landing: 0.19673311337828636
  view-data: 0.4068386908620596
