times:
  edit-metadata: 3.135989001020789
  landing: 0.5235298164188862
  view-data: 0.6822910401970148
