times:
  edit-metadata: 1.5637118238955736
  landing: 0.13008739240467548
  view-data: 0.38832093961536884
