times:
  edit-metadata: 0.5348134241066873
  landing: 0.04570385115221143
  view-data: 0.22307003196328878
