times:
  edit-metadata: 0.5305000609951094
  landing: 0.07508787408005446
  view-data: 0.3476924120914191
