times:
  landing: 0.570039013999974
  view-data: 0.5636290789999521
