times:
  landing: 1.0801852380000128
  view-data: 0.559976818999985
