times:
  edit-metadata: 1.477595146978274
  landing: 0.8728439460974187
  view-data: 3.4008611389435828
