times:
  edit-metadata: 0.745280607836321
  landing: 0.04995640995912254
  view-data: 0.19359588297083974
