times:
  edit-metadata: 0.7517381478101015
  landing: 0.764271154999733
  view-data: 0.33498948253691196
