times:
  edit-metadata: 0.6394957508891821
  landing: 0.5238661468029022
  view-data: 0.20913232117891312
