times:
  edit-metadata: 0.5352319302037358
  landing: 0.0405121985822916
  view-data: 0.2048661671578884
