times:
  edit-metadata: 1.5311461733654141
  landing: 0.1990806022658944
  view-data: 0.4693479649722576
