times:
  edit-metadata: 0.7560003362596035
  landing: 0.6227241661399603
  view-data: 0.2697680927813053
