times:
  edit-metadata: 0.5428473143838346
  landing: 0.04242226481437683
  view-data: 0.21250265091657639
