times:
  edit-metadata: 1.4868648201227188
  landing: 0.021922068670392036
  view-data: 0.024067431688308716
