times:
  edit-metadata: 0.5943030760026886
  landing: 0.06761944299796596
  view-data: 0.27461280999705195
