times:
  edit-metadata: 0.7652756720781326
  landing: 0.047581110149621964
  view-data: 0.20256098359823227
