times:
  edit-metadata: 0.7817045279998638
  landing: 0.041811135999523685
  view-data: 0.1876513810002507
