times:
  edit-metadata: 1.4993915166705847
  landing: 0.8035634886473417
  view-data: 3.4216326475143433
