times:
  edit-metadata: 1.5306295454502106
  landing: 0.9805754795670509
  view-data: 3.3717744313180447
