times:
  landing: 0.5410546990000284
  view-data: 0.5443935450000481
