times:
  edit-metadata: 0.5293541818391532
  landing: 0.04422254581004381
  view-data: 0.2302400970365852
