times:
  edit-metadata: 1.4443271653726697
  landing: 0.15551482513546944
  view-data: 0.026131251826882362
