times:
  edit-metadata: 1.5462929923087358
  landing: 0.020641162991523743
  view-data: 0.026738138869404793
