times:
  edit-metadata: 1.5083735939115286
  landing: 0.019030163064599037
  view-data: 0.24593334458768368
