times:
  landing: 0.5507240989999787
  view-data: 0.5600220969999441
