times:
  edit-metadata: 1.6943449787795544
  landing: 0.01884802896529436
  view-data: 0.1371758859604597
