times:
  edit-metadata: 1.8245147783309221
  landing: 0.020335129462182522
  view-data: 0.028094982728362083
