times:
  edit-metadata: 1.4123033545911312
  landing: 0.8177079390734434
  view-data: 3.3556103873997927
