times:
  edit-metadata: 0.7469463990128133
  landing: 0.04661446998943575
  view-data: 0.1989306510076858
