times:
  landing: 0.5500409009999885
  view-data: 0.5551946969999904
