times:
  edit-metadata: 0.5296545429737307
  landing: 0.06500026502180845
  view-data: 0.23107806802727282
