times:
  edit-metadata: 1.5054874746128917
  landing: 0.11549069173634052
  view-data: 0.10252076387405396
