times:
  edit-metadata: 1.564862433820963
  landing: 0.0202325452119112
  view-data: 0.22718826681375504
