times:
  edit-metadata: 0.7829078468494117
  landing: 0.04339599283412099
  view-data: 0.2992449561133981
