times:
  edit-metadata: 1.5954197458922863
  landing: 0.8430304247885942
  view-data: 3.3203183580189943
