times:
  landing: 0.545263091000038
  view-data: 0.5550796210000044
