times:
  edit-metadata: 1.4817914608865976
  landing: 0.7793172784149647
  view-data: 3.3665103558450937
