times:
  edit-metadata: 0.7563857361674309
  landing: 0.04389585554599762
  view-data: 0.19873452186584473
