times:
  edit-metadata: 0.5051994477398694
  landing: 0.04287702403962612
  view-data: 0.20242225332185626
