times:
  edit-metadata: 1.7902798037976027
  landing: 0.16316199488937855
  view-data: 0.3811418656259775
