times:
  landing: 0.6084246119999648
  view-data: 0.5565996039999845
