times:
  edit-metadata: 1.5855390708893538
  landing: 0.21311067044734955
  view-data: 0.3915507700294256
