times:
  edit-metadata: 1.5135815925896168
  landing: 0.8758527114987373
  view-data: 3.398257289081812
