times:
  edit-metadata: 0.5826084580003226
  landing: 0.06862726100007421
  view-data: 0.21779889600020397
