times:
  edit-metadata: 1.7562164179980755
  landing: 0.16408572159707546
  view-data: 0.3668062053620815
