times:
  edit-metadata: 1.5288096172735095
  landing: 0.9759387616068125
  view-data: 3.36822260171175
