times:
  edit-metadata: 0.52360675111413
  landing: 0.05198507686145604
  view-data: 0.36143609089776874
