times:
  edit-metadata: 0.7728541530668736
  landing: 0.04396755248308182
  view-data: 0.20269441232085228
