times:
  edit-metadata: 1.5091299433261156
  landing: 0.02096677664667368
  view-data: 0.12733144592493773
