times:
  landing: 1.1122465829999442
  view-data: 0.5574682120000034
