times:
  edit-metadata: 1.4779478730633855
  landing: 0.021678105928003788
  view-data: 0.025252449326217175
