times:
  edit-metadata: 0.6688867639750242
  landing: 0.766007898375392
  view-data: 0.33520968817174435
