times:
  edit-metadata: 1.5314873903989792
  landing: 0.8386461436748505
  view-data: 3.679644078016281
