times:
  edit-metadata: 0.8385344576090574
  landing: 0.5741442404687405
  view-data: 0.6026296019554138
