times:
  edit-metadata: 0.7501892610453069
  landing: 0.04126796592026949
  view-data: 0.1995492409914732
