times:
  edit-metadata: 0.8046004790812731
  landing: 0.5160859748721123
  view-data: 0.216748783364892
