times:
  edit-metadata: 0.6155022759921849
  landing: 0.07734298286959529
  view-data: 0.2520514680072665
