times:
  edit-metadata: 0.8221255079843104
  landing: 0.04711126093752682
  view-data: 0.19125148211605847
