times:
  edit-metadata: 0.8444941304624081
  landing: 0.38555045425891876
  view-data: 0.22958995774388313
