times:
  landing: 0.5834523809999723
  view-data: 0.5877910990000146
