times:
  edit-metadata: 1.5384746752679348
  landing: 0.9909424930810928
  view-data: 3.3808222115039825
