times:
  edit-metadata: 0.735121418023482
  landing: 0.049462491995655
  view-data: 0.19758693303447217
