times:
  edit-metadata: 1.5214257277548313
  landing: 0.7928174566477537
  view-data: 3.3663945738226175
