times:
  edit-metadata: 1.4699055068194866
  landing: 1.0792389586567879
  view-data: 3.437016922980547
