times:
  edit-metadata: 0.7387590780854225
  landing: 0.05490022525191307
  view-data: 0.23043606104329228
