times:
  edit-metadata: 1.8218386601656675
  landing: 0.23195898905396461
  view-data: 0.4447340276092291
