times:
  edit-metadata: 0.5967803869862109
  landing: 0.043728797987569124
  view-data: 0.23300121200736612
