times:
  edit-metadata: 1.487694764509797
  landing: 0.8990148408338428
  view-data: 3.364628706127405
