times:
  landing: 0.5672903180000048
  view-data: 0.5593368510000118
