times:
  edit-metadata: 1.392795369029045
  landing: 0.826049760915339
  view-data: 3.363069568295032
