times:
  landing: 0.5586209240000244
  view-data: 0.5482545680000612
