times:
  edit-metadata: 0.8121480662375689
  landing: 0.499830512329936
  view-data: 0.3139055520296097
