times:
  edit-metadata: 0.5270167961716652
  landing: 0.05008334759622812
  view-data: 0.19926361553370953
