times:
  edit-metadata: 0.8139635473489761
  landing: 0.04317300021648407
  view-data: 0.19643627852201462
