times:
  edit-metadata: 2.274491898715496
  landing: 0.8661978021264076
  view-data: 3.6665709912776947
