times:
  landing: 0.5548527260000071
  view-data: 0.5541507990000127
