times:
  edit-metadata: 0.5106361438520253
  landing: 0.042597957886755466
  view-data: 0.1957788122817874
