times:
  edit-metadata: 0.7898671645671129
  landing: 0.5767509881407022
  view-data: 0.6106643155217171
