times:
  edit-metadata: 1.5199276395142078
  landing: 0.8295704610645771
  view-data: 3.3902567382901907
