times:
  edit-metadata: 0.5094150500372052
  landing: 0.08024669997394085
  view-data: 0.2738032112829387
