times:
  edit-metadata: 1.571342570707202
  landing: 0.8440996240824461
  view-data: 3.3948466815054417
