times:
  landing: 0.5456615820000366
  view-data: 0.546991300000002
