times:
  edit-metadata: 0.7571758650010452
  landing: 0.042630759067833424
  view-data: 0.19298764399718493
