times:
  edit-metadata: 0.7806129828095436
  landing: 0.03922995179891586
  view-data: 0.20015539601445198
