times:
  edit-metadata: 1.4694737400859594
  landing: 0.9549845339497551
  view-data: 3.3471490968950093
