times:
  edit-metadata: 0.7530865339795128
  landing: 0.04372959502507001
  view-data: 0.20695806900039315
