times:
  edit-metadata: 2.154900200664997
  landing: 3.1800656095147133
  view-data: 3.4901285618543625
