times:
  edit-metadata: 0.7681904844939709
  landing: 0.041142795234918594
  view-data: 0.19500911980867386
