times:
  edit-metadata: 0.496400770265609
  landing: 0.04822640074416995
  view-data: 0.2213757219724357
