times:
  edit-metadata: 0.5152862728573382
  landing: 0.0492070191539824
  view-data: 0.21429156605154276
