times:
  edit-metadata: 1.5436151372268796
  landing: 0.8545618643984199
  view-data: 3.350409919396043
