times:
  edit-metadata: 1.6253668032586575
  landing: 0.02152842842042446
  view-data: 0.024215077981352806
