times:
  edit-metadata: 0.8233243804425001
  landing: 0.7502810023725033
  view-data: 0.5512823443859816
