times:
  edit-metadata: 1.8206731770187616
  landing: 1.1854744795709848
  view-data: 3.7495316648855805
