times:
  edit-metadata: 1.4922992289066315
  landing: 1.0082912668585777
  view-data: 3.3316004052758217
