times:
  edit-metadata: 1.6830912679433823
  landing: 0.9974105544388294
  view-data: 3.380885563790798
