times:
  edit-metadata: 0.8375191688537598
  landing: 0.54025649279356
  view-data: 0.23633059673011303
