times:
  edit-metadata: 1.4726510243490338
  landing: 0.0204895231872797
  view-data: 0.11793484073132277
