times:
  edit-metadata: 0.5557670453563333
  landing: 0.04332941770553589
  view-data: 0.21428167074918747
