times:
  edit-metadata: 0.6122487531974912
  landing: 0.049819134175777435
  view-data: 0.3520300332456827
