times:
  edit-metadata: 0.6669308519922197
  landing: 0.11052842100616544
  view-data: 0.3215827150270343
