times:
  edit-metadata: 1.5232775211334229
  landing: 0.7849602904170752
  view-data: 3.3634727615863085
