times:
  edit-metadata: 1.438749235123396
  landing: 0.8764574564993382
  view-data: 3.3558444418013096
