times:
  landing: 0.5545554249999896
  view-data: 0.5580981489999886
