times:
  edit-metadata: 1.5079626124352217
  landing: 0.018751151859760284
  view-data: 0.38727298378944397
