times:
  edit-metadata: 1.5575287695974112
  landing: 0.29019458405673504
  view-data: 0.12247185595333576
