times:
  edit-metadata: 0.9376057721674442
  landing: 0.0579331424087286
  view-data: 0.2589317560195923
