times:
  edit-metadata: 0.7605474961455911
  landing: 0.04933834308758378
  view-data: 0.20289029809646308
