times:
  edit-metadata: 1.6167095229029655
  landing: 0.02572050131857395
  view-data: 0.026385512202978134
