times:
  edit-metadata: 1.5942639894783497
  landing: 0.8065340183675289
  view-data: 3.3178326040506363
