times:
  edit-metadata: 1.686861352995038
  landing: 0.9681956488639116
  view-data: 3.473534530028701
