times:
  edit-metadata: 0.535321420058608
  landing: 0.051679820753633976
  view-data: 0.2083856500685215
