times:
  edit-metadata: 0.5226267371326685
  landing: 0.04974838066846132
  view-data: 0.22248203121125698
