times:
  edit-metadata: 1.5058517567813396
  landing: 0.9370921216905117
  view-data: 3.368934515863657
