times:
  edit-metadata: 0.6082816058769822
  landing: 0.0805049710907042
  view-data: 0.21881953673437238
