times:
  edit-metadata: 0.516949677024968
  landing: 0.07950497895944864
  view-data: 0.23080953699536622
