times:
  edit-metadata: 1.5213743764907122
  landing: 0.021703731268644333
  view-data: 0.023773787543177605
