times:
  edit-metadata: 1.676117705181241
  landing: 1.080383811146021
  view-data: 3.4592356448993087
