times:
  edit-metadata: 1.570009235292673
  landing: 0.8889574930071831
  view-data: 3.3288649097085
