times:
  edit-metadata: 1.4958415236324072
  landing: 0.019603705033659935
  view-data: 0.13664632849395275
