times:
  edit-metadata: 0.8520037122070789
  landing: 0.5650361366569996
  view-data: 0.6127895247191191
