times:
  edit-metadata: 1.5367105836048722
  landing: 0.22617152519524097
  view-data: 0.09389572218060493
