times:
  edit-metadata: 0.8188203535974026
  landing: 0.8261529058218002
  view-data: 0.3335940930992365
