times:
  edit-metadata: 1.4978430680930614
  landing: 0.025264855474233627
  view-data: 0.025815660133957863
