times:
  edit-metadata: 0.5172732407227159
  landing: 0.05119928764179349
  view-data: 0.24259104067459702
