times:
  edit-metadata: 0.7483996227383614
  landing: 0.04213698673993349
  view-data: 0.20997348614037037
