times:
  landing: 1.10383096999999
  view-data: 0.5549329010000292
