times:
  landing: 0.5514485049999962
  view-data: 0.5539052290000086
