times:
  landing: 0.5644194270000185
  view-data: 0.5627749280000103
