times:
  edit-metadata: 1.3999513499438763
  landing: 0.8874949812889099
  view-data: 3.3392198905348778
