times:
  landing: 0.5445922909999581
  view-data: 0.56407139800001
