times:
  edit-metadata: 0.7543405189935584
  landing: 0.04321434200392105
  view-data: 0.19564178798464127
