times:
  edit-metadata: 0.5138836659025401
  landing: 0.042119125835597515
  view-data: 0.22832416696473956
