times:
  edit-metadata: 1.468577116727829
  landing: 0.138388279825449
  view-data: 0.024040985852479935
