times:
  landing: 1.0739425459999552
  view-data: 0.5589527000000203
