times:
  edit-metadata: 0.7669721953570843
  landing: 1.09067521430552
  view-data: 0.6025795340538025
