times:
  edit-metadata: 1.5406980141997337
  landing: 0.02431771531701088
  view-data: 0.026027444750070572
