times:
  edit-metadata: 0.7558188129914925
  landing: 0.05780197400599718
  view-data: 0.2019081300823018
