times:
  edit-metadata: 0.5461454465985298
  landing: 0.04777998570352793
  view-data: 0.20993805397301912
