times:
  edit-metadata: 0.5186513420194387
  landing: 0.03997527388855815
  view-data: 0.20223206607624888
