times:
  edit-metadata: 0.5932397069991566
  landing: 0.06625564600108191
  view-data: 0.22167604899732396
