times:
  edit-metadata: 0.5034724222496152
  landing: 0.04301770497113466
  view-data: 0.20263120299205184
