times:
  landing: 0.5543857539998953
  view-data: 0.5541512510000075
