times:
  edit-metadata: 1.362912680953741
  landing: 0.9234054423868656
  view-data: 3.3978773467242718
