times:
  edit-metadata: 1.428821324952878
  landing: 0.7787143259774894
  view-data: 3.2996822219574824
