times:
  edit-metadata: 1.531324952840805
  landing: 0.01803271472454071
  view-data: 0.40783877670764923
