times:
  edit-metadata: 0.5204332415014505
  landing: 0.04270873125642538
  view-data: 0.2104910695925355
