times:
  edit-metadata: 0.523681990802288
  landing: 0.040240198373794556
  view-data: 0.26392498053610325
