times:
  edit-metadata: 1.5989627074450254
  landing: 0.1359326969832182
  view-data: 0.4133009472861886
