times:
  edit-metadata: 0.8167527730111033
  landing: 0.05457469983957708
  view-data: 0.2601937409490347
