times:
  edit-metadata: 1.6288514602929354
  landing: 0.12389229983091354
  view-data: 0.023667288944125175
