times:
  landing: 1.0703261200000043
  view-data: 0.5562590399999863
