times:
  landing: 1.0742896769999675
  view-data: 0.5542741980000301
