times:
  edit-metadata: 1.5074030770920217
  landing: 0.8171773627400398
  view-data: 3.372150365728885
