times:
  edit-metadata: 1.533345254138112
  landing: 0.020505146123468876
  view-data: 0.02602424379438162
