times:
  landing: 0.5563922620000312
  view-data: 0.5556196649999947
