times:
  edit-metadata: 0.5282765009906143
  landing: 0.08226909302175045
  view-data: 0.38502483791671693
