times:
  edit-metadata: 0.7651577470824122
  landing: 0.044536778004840016
  view-data: 0.19220088003203273
