times:
  edit-metadata: 0.8336405418813229
  landing: 1.4643495324999094
  view-data: 0.33900643698871136
