times:
  landing: 0.5502828819999763
  view-data: 0.5558141470000351
