times:
  edit-metadata: 0.5229452848434448
  landing: 0.051482874900102615
  view-data: 0.2720156782306731
