times:
  landing: 0.5531121129999974
  view-data: 0.5542822789999491
