times:
  edit-metadata: 1.7398101941216737
  landing: 0.9957290010061115
  view-data: 3.3012900380417705
