times:
  landing: 0.5543874920000462
  view-data: 0.5756355409999969
