times:
  edit-metadata: 1.389047688106075
  landing: 0.05002182815223932
  view-data: 0.24287595110945404
