times:
  edit-metadata: 1.7734834477305412
  landing: 0.33813496865332127
  view-data: 0.14886275865137577
