times:
  edit-metadata: 0.8167345069814473
  landing: 0.04660608316771686
  view-data: 0.19374259910546243
