times:
  edit-metadata: 2.235137770883739
  landing: 1.2576929703354836
  view-data: 3.70117103215307
