times:
  landing: 1.0990069470000208
  view-data: 0.5525816709999845
