times:
  edit-metadata: 1.55130604095757
  landing: 0.9296186619903892
  view-data: 3.360241719055921
