times:
  edit-metadata: 0.6195580270141363
  landing: 0.045378962997347116
  view-data: 0.22954349406063557
