times:
  edit-metadata: 1.476243194192648
  landing: 0.02115911804139614
  view-data: 0.026929600164294243
