times:
  landing: 1.0663148209999918
  view-data: 0.5480758150000042
