times:
  edit-metadata: 1.6047662496566772
  landing: 0.8489671517163515
  view-data: 3.424673253670335
