times:
  edit-metadata: 1.4774392414838076
  landing: 0.24102665297687054
  view-data: 0.3505271803587675
