times:
  edit-metadata: 0.7393740266561508
  landing: 0.5052736923098564
  view-data: 0.22356043197214603
