times:
  edit-metadata: 0.5188441939535551
  landing: 0.07978545699734241
  view-data: 0.24128790199756622
