times:
  edit-metadata: 1.506093880161643
  landing: 0.023422904312610626
  view-data: 0.025811783969402313
