times:
  landing: 0.5487708399999747
  view-data: 0.5661132410000107
