times:
  edit-metadata: 0.8192679435014725
  landing: 0.5807396434247494
  view-data: 0.22516514547169209
