times:
  edit-metadata: 1.652508169412613
  landing: 0.9049915112555027
  view-data: 3.3595459647476673
