times:
  edit-metadata: 0.7612455300986767
  landing: 0.043063677847385406
  view-data: 0.1914832703769207
