times:
  edit-metadata: 0.6840502731502056
  landing: 0.0898684011772275
  view-data: 0.2178367543965578
