times:
  edit-metadata: 1.416318280622363
  landing: 0.8055877396836877
  view-data: 3.372150059789419
