times:
  edit-metadata: 1.4381083035841584
  landing: 0.020772330462932587
  view-data: 0.12401058711111546
