times:
  landing: 0.5409956870000769
  view-data: 0.5438392199999953
