times:
  edit-metadata: 0.5029612309299409
  landing: 0.046415216056630015
  view-data: 0.47653289907611907
