times:
  edit-metadata: 0.7078022044152021
  landing: 0.5613095741719007
  view-data: 0.2314437087625265
