times:
  edit-metadata: 1.5160991102457047
  landing: 1.0031687021255493
  view-data: 3.394385538995266
