times:
  edit-metadata: 1.4671382009983063
  landing: 0.020073076710104942
  view-data: 0.026997758075594902
