times:
  landing: 0.560204165000016
  view-data: 0.5516864859999941
