times:
  edit-metadata: 1.4877945557236671
  landing: 0.022577477619051933
  view-data: 0.02653331123292446
