times:
  edit-metadata: 0.7713984623551369
  landing: 0.042961347848176956
  view-data: 0.20409489795565605
