times:
  edit-metadata: 0.7504834270002902
  landing: 0.042301583001972176
  view-data: 0.20197740699950373
