times:
  edit-metadata: 1.4853081069886684
  landing: 0.8876688382588327
  view-data: 3.4343384760431945
