times:
  edit-metadata: 0.5367811899632215
  landing: 0.04024571646004915
  view-data: 0.20450544357299805
