times:
  edit-metadata: 0.7371735973283648
  landing: 0.0478702699765563
  view-data: 0.3145658387802541
