times:
  edit-metadata: 1.5087937898933887
  landing: 0.02108832448720932
  view-data: 0.34969841688871384
