times:
  edit-metadata: 1.5477660475298762
  landing: 0.021306654438376427
  view-data: 0.028032383881509304
