times:
  landing: 1.5964403709999715
  view-data: 0.5586783919999903
