times:
  landing: 0.5530212410000104
  view-data: 0.5568665629999714
