times:
  edit-metadata: 0.7270302949473262
  landing: 0.0445326310582459
  view-data: 0.21714720129966736
