times:
  edit-metadata: 1.6677633952349424
  landing: 0.857679782435298
  view-data: 3.401449942961335
