times:
  edit-metadata: 0.7904280573129654
  landing: 0.517860921099782
  view-data: 0.23270013742148876
