times:
  edit-metadata: 2.767276817932725
  landing: 0.5823265081271529
  view-data: 0.478043245151639
