times:
  edit-metadata: 1.6601268500089645
  landing: 1.0990489572286606
  view-data: 3.3905889727175236
