times:
  landing: 1.086992538000004
  view-data: 0.5583701130000236
