times:
  landing: 0.554350162999981
  view-data: 0.556327500000009
