times:
  landing: 1.0851925510000342
  view-data: 0.562699030000033
