times:
  edit-metadata: 1.5401277355849743
  landing: 0.8656556978821754
  view-data: 3.386860065162182
