times:
  edit-metadata: 0.7991508543491364
  landing: 0.6649219486862421
  view-data: 0.23837224394083023
