times:
  edit-metadata: 2.673938661813736
  landing: 1.182595744729042
  view-data: 3.4648788906633854
