times:
  edit-metadata: 0.5197058790363371
  landing: 0.041781759122386575
  view-data: 0.23628001706674695
