times:
  edit-metadata: 1.4441680270247161
  landing: 0.7834010771475732
  view-data: 3.3350119180977345
