times:
  edit-metadata: 1.4818329941481352
  landing: 0.019267376512289047
  view-data: 0.4353394638746977
