times:
  edit-metadata: 0.5051804799586535
  landing: 0.04888660181313753
  view-data: 0.1981423287652433
