times:
  edit-metadata: 0.6018924718955532
  landing: 0.06259960902389139
  view-data: 0.24130709108430892
