times:
  edit-metadata: 2.377426634542644
  landing: 1.3514725593850017
  view-data: 3.7146713715046644
