times:
  edit-metadata: 1.4733699802309275
  landing: 0.02402425929903984
  view-data: 0.413667656481266
