times:
  edit-metadata: 0.7592523089842871
  landing: 0.041195270023308694
  view-data: 0.1897398449946195
