times:
  edit-metadata: 0.7720682229846716
  landing: 1.6367514077574015
  view-data: 0.6041564270853996
