times:
  edit-metadata: 1.5325329815968871
  landing: 0.7988408617675304
  view-data: 3.399212443269789
