times:
  edit-metadata: 1.8556366935372353
  landing: 1.0137616507709026
  view-data: 3.318806651979685
