times:
  landing: 0.556660387000079
  view-data: 0.555642540000008
