times:
  landing: 0.5548262199999954
  view-data: 0.5574909100000127
