times:
  edit-metadata: 0.4838856509886682
  landing: 0.04616752592846751
  view-data: 0.2037356998771429
