times:
  edit-metadata: 1.6838198360055685
  landing: 1.1189830135554075
  view-data: 3.4992725122720003
