times:
  edit-metadata: 0.533253223169595
  landing: 0.049707827623933554
  view-data: 0.22383802710101008
