times:
  edit-metadata: 0.9309463687241077
  landing: 0.06022205762565136
  view-data: 0.21520375832915306
