times:
  edit-metadata: 0.6148886550217867
  landing: 0.04010260500945151
  view-data: 0.21955511101987213
