times:
  edit-metadata: 1.5394811732694507
  landing: 0.20168786961585283
  view-data: 0.02739602141082287
