times:
  edit-metadata: 2.0025114538148046
  landing: 1.494972319342196
  view-data: 3.5390252638608217
