times:
  edit-metadata: 0.8198124039918184
  landing: 0.04135532304644585
  view-data: 0.21867014281451702
