times:
  edit-metadata: 1.4977719262242317
  landing: 0.7531566992402077
  view-data: 3.395886220037937
