times:
  edit-metadata: 1.4872362781316042
  landing: 0.02355640009045601
  view-data: 0.24304848164319992
