times:
  edit-metadata: 0.7309262799099088
  landing: 0.04324295511469245
  view-data: 0.2666126398835331
