times:
  edit-metadata: 1.8362445449456573
  landing: 0.8894571959972382
  view-data: 3.315383435226977
