times:
  edit-metadata: 0.8372602369636297
  landing: 0.043401305098086596
  view-data: 0.21718075312674046
