times:
  edit-metadata: 1.5353782437741756
  landing: 0.14502474293112755
  view-data: 0.5633992310613394
