times:
  edit-metadata: 1.415710985660553
  landing: 0.8843192644417286
  view-data: 3.3158710077404976
