times:
  edit-metadata: 0.5137402671389282
  landing: 0.042972836177796125
  view-data: 0.31573672126978636
