times:
  edit-metadata: 0.7309687864035368
  landing: 0.047004951164126396
  view-data: 0.31115642096847296
