times:
  edit-metadata: 0.5199658991768956
  landing: 0.04456290137022734
  view-data: 0.20577558875083923
