times:
  edit-metadata: 1.4468293469399214
  landing: 0.11688039638102055
  view-data: 0.02496671862900257
