times:
  edit-metadata: 1.5413126414641738
  landing: 0.019735461100935936
  view-data: 0.1217890502884984
