times:
  edit-metadata: 0.7629460250027478
  landing: 0.05040537205059081
  view-data: 0.2048418519552797
