times:
  edit-metadata: 0.5563998334109783
  landing: 0.04066728428006172
  view-data: 0.21177845168858767
