times:
  edit-metadata: 1.103628259152174
  landing: 1.0440594758838415
  view-data: 0.30701363272964954
