times:
  edit-metadata: 0.7579077900154516
  landing: 0.10114988300483674
  view-data: 0.24926723801763728
