times:
  edit-metadata: 1.4906404549255967
  landing: 0.022537870332598686
  view-data: 0.12486634496599436
