times:
  edit-metadata: 0.5217649809783325
  landing: 0.079251728951931
  view-data: 0.21991292899474502
