times:
  edit-metadata: 1.4084886349737644
  landing: 0.9494245685636997
  view-data: 3.3747222684323788
