times:
  edit-metadata: 0.6744228061288595
  landing: 0.5735823512077332
  view-data: 0.5882738120853901
