times:
  landing: 0.5599734919999833
  view-data: 0.5599119920000248
