times:
  edit-metadata: 1.526598110795021
  landing: 0.8986779898405075
  view-data: 3.4167556688189507
