times:
  edit-metadata: 1.4460965935140848
  landing: 0.23773137293756008
  view-data: 0.13567384146153927
