times:
  edit-metadata: 1.4574861219152808
  landing: 0.8381942557170987
  view-data: 3.3964869170449674
