times:
  edit-metadata: 1.531683435663581
  landing: 0.9220814742147923
  view-data: 3.336372496560216
