times:
  edit-metadata: 1.4946123957633972
  landing: 0.8177098445594311
  view-data: 3.4485705122351646
