times:
  edit-metadata: 1.529364438727498
  landing: 0.02217995561659336
  view-data: 0.37042761594057083
