times:
  landing: 1.0842794179916382
  view-data: 0.5517281452193856
