times:
  edit-metadata: 1.5388797409832478
  landing: 0.8402482476085424
  view-data: 3.4027659446001053
