times:
  edit-metadata: 1.5266073253005743
  landing: 0.02045939303934574
  view-data: 0.1361522739753127
