times:
  landing: 0.5552307540000356
  view-data: 0.5519415310000113
