times:
  edit-metadata: 0.7499646176584065
  landing: 0.05108382226899266
  view-data: 0.20503325993195176
