times:
  edit-metadata: 0.7838749669026583
  landing: 0.04143226216547191
  view-data: 0.21325700893066823
