times:
  edit-metadata: 1.459475121460855
  landing: 0.023065892048180103
  view-data: 0.02646476775407791
