times:
  edit-metadata: 0.7815753761678934
  landing: 0.9543352965265512
  view-data: 0.30248826928436756
