times:
  landing: 0.5523758830000247
  view-data: 0.5551185319999945
