times:
  edit-metadata: 1.5963222607970238
  landing: 0.020573657006025314
  view-data: 0.35230501741170883
