times:
  edit-metadata: 1.37735228613019
  landing: 0.82931924238801
  view-data: 3.3075338192284107
