times:
  edit-metadata: 0.5130883590318263
  landing: 0.04056207090616226
  view-data: 0.19318045675754547
