times:
  edit-metadata: 0.7827835139978561
  landing: 0.04945560399937676
  view-data: 0.19857395500002895
