times:
  edit-metadata: 0.5206511039286852
  landing: 0.042794918175786734
  view-data: 0.20783925196155906
