times:
  edit-metadata: 1.7356736734509468
  landing: 0.1861470676958561
  view-data: 0.30437756329774857
