times:
  edit-metadata: 1.5364819914102554
  landing: 0.9599045552313328
  view-data: 3.4175432510674
