times:
  edit-metadata: 1.487786564975977
  landing: 0.9252196475863457
  view-data: 3.3490701988339424
