times:
  edit-metadata: 0.6104052140144631
  landing: 0.044831548002548516
  view-data: 0.24207683699205518
