times:
  edit-metadata: 1.6412725672125816
  landing: 1.0288621447980404
  view-data: 3.460681226104498
