times:
  edit-metadata: 0.7486312770051882
  landing: 0.04003194405231625
  view-data: 0.18987350002862513
