times:
  edit-metadata: 0.8008159548044205
  landing: 0.048684071749448776
  view-data: 0.20491119101643562
