times:
  edit-metadata: 0.5184013419784606
  landing: 0.03814261592924595
  view-data: 0.20121248019859195
