times:
  edit-metadata: 1.537674855440855
  landing: 0.8099490012973547
  view-data: 3.4240448027849197
