times:
  edit-metadata: 1.5162983536720276
  landing: 0.8364741075783968
  view-data: 3.413009626790881
