times:
  edit-metadata: 1.491951622068882
  landing: 0.019899562001228333
  view-data: 0.45091354474425316
