times:
  edit-metadata: 0.7436006380012259
  landing: 0.04059253603918478
  view-data: 0.19271146901883185
