times:
  landing: 1.105648269000028
  view-data: 0.5600379089999592
