times:
  edit-metadata: 1.8125253394246101
  landing: 0.9536846913397312
  view-data: 3.3450970500707626
