times:
  edit-metadata: 0.5269433069042861
  landing: 0.04504188895225525
  view-data: 0.26001551700755954
