times:
  edit-metadata: 1.5427979491651058
  landing: 0.8701158128678799
  view-data: 3.37408459931612
