times:
  edit-metadata: 0.5047472473233938
  landing: 0.04286684514954686
  view-data: 0.2200527978129685
