times:
  edit-metadata: 1.4519415646791458
  landing: 0.7215884318575263
  view-data: 3.4161121686920524
