times:
  edit-metadata: 0.7368638019543141
  landing: 0.04591516894288361
  view-data: 0.20025753998197615
