times:
  edit-metadata: 1.495982963591814
  landing: 0.2423186581581831
  view-data: 0.3800141364336014
