times:
  landing: 0.5526268610000216
  view-data: 0.5584663939999928
