times:
  edit-metadata: 0.7942012809216976
  landing: 0.04269172623753548
  view-data: 0.19512269645929337
