times:
  edit-metadata: 0.5103087410097942
  landing: 0.07884717790875584
  view-data: 0.25344024400692433
