times:
  edit-metadata: 1.5566407702863216
  landing: 0.02508681360632181
  view-data: 0.10304496064782143
