times:
  edit-metadata: 1.4986074268817902
  landing: 0.9116115234792233
  view-data: 3.3239086978137493
