times:
  edit-metadata: 0.5242717219516635
  landing: 0.04909503320232034
  view-data: 0.2509811013005674
