times:
  edit-metadata: 0.8384982002899051
  landing: 0.03866203688085079
  view-data: 0.24584402330219746
