times:
  landing: 1.0583465640000327
  view-data: 0.551740174000031
