times:
  edit-metadata: 0.5384315475821495
  landing: 0.04790734685957432
  view-data: 0.2034128913655877
