times:
  edit-metadata: 1.4740853072144091
  landing: 0.7806164000649005
  view-data: 3.402819436043501
