times:
  landing: 0.5488502989999802
  view-data: 0.556208885999979
