times:
  edit-metadata: 1.6065063439309597
  landing: 0.9581263400614262
  view-data: 3.3440529759973288
