times:
  edit-metadata: 0.5143466738518327
  landing: 0.07504320400767028
  view-data: 0.21993169886991382
