times:
  landing: 0.5690102020000154
  view-data: 0.5587052999999855
