times:
  edit-metadata: 0.8186609894037247
  landing: 0.0470224991440773
  view-data: 0.19850227236747742
