times:
  landing: 0.5480671859995709
  view-data: 0.5547080440001082
