times:
  edit-metadata: 0.5513943540863693
  landing: 0.049955309834331274
  view-data: 0.21370871365070343
