times:
  edit-metadata: 1.5467708427459002
  landing: 0.8558877445757389
  view-data: 3.415833513252437
