times:
  edit-metadata: 0.802855771034956
  landing: 0.5794167965650558
  view-data: 0.6045625973492861
