times:
  landing: 0.555298520000008
  view-data: 0.5560278270000083
