times:
  edit-metadata: 0.7110094912350178
  landing: 0.6848087161779404
  view-data: 0.23119118064641953
