times:
  edit-metadata: 0.7440919919754378
  landing: 0.053467580990400165
  view-data: 0.21272297797258943
