times:
  edit-metadata: 0.7495330809615552
  landing: 0.04785743588581681
  view-data: 0.20117756398394704
