times:
  edit-metadata: 1.513828530907631
  landing: 0.9022084623575211
  view-data: 3.4773736223578453
