times:
  edit-metadata: 0.8951152544468641
  landing: 0.6714395675808191
  view-data: 0.36266511864960194
