times:
  edit-metadata: 1.5740838800556958
  landing: 0.8254288239404559
  view-data: 3.341372611001134
