times:
  edit-metadata: 0.7600322288926691
  landing: 0.05620490899309516
  view-data: 0.20937197795137763
