times:
  edit-metadata: 0.5268911959137768
  landing: 0.06897125206887722
  view-data: 0.24021153198555112
