times:
  edit-metadata: 1.5106709897518158
  landing: 0.8635915443301201
  view-data: 3.458920618519187
