times:
  edit-metadata: 1.5408178055658937
  landing: 0.824560733512044
  view-data: 3.342303871177137
