times:
  edit-metadata: 0.5117695590015501
  landing: 0.046649152878671885
  view-data: 0.3608973210211843
