times:
  edit-metadata: 0.78189941868186
  landing: 0.04670072719454765
  view-data: 0.20677080377936363
