times:
  edit-metadata: 0.5197769168298692
  landing: 0.06787972501479089
  view-data: 0.2545561660081148
