times:
  edit-metadata: 1.447502094320953
  landing: 0.8207363244146109
  view-data: 3.3866367489099503
