times:
  edit-metadata: 0.7777498885989189
  landing: 0.05268111452460289
  view-data: 0.19514483585953712
