times:
  edit-metadata: 0.7335927900858223
  landing: 0.049803551053628325
  view-data: 0.2007761220447719
