times:
  landing: 0.5492039210000144
  view-data: 0.5571982370000228
