times:
  edit-metadata: 1.4645093586295843
  landing: 0.21526107005774975
  view-data: 0.026124712079763412
