times:
  edit-metadata: 0.6596091752871871
  landing: 0.07944966573268175
  view-data: 0.33893481083214283
