times:
  edit-metadata: 1.7736562369391322
  landing: 0.05905260890722275
  view-data: 0.34185233199968934
