times:
  edit-metadata: 0.5577118126675487
  landing: 0.042756231501698494
  view-data: 0.2101693358272314
