times:
  edit-metadata: 0.7572418830823153
  landing: 0.046540135983377695
  view-data: 0.207619161112234
