times:
  edit-metadata: 0.763638261007145
  landing: 0.05816252203658223
  view-data: 0.18552699987776577
