times:
  edit-metadata: 0.7387475840514526
  landing: 0.04247297695837915
  view-data: 0.19254476798232645
