times:
  edit-metadata: 1.1006514189998597
  landing: 0.08022136399995361
  view-data: 0.24391124900012073
