times:
  edit-metadata: 1.4978902535513043
  landing: 0.02097149845212698
  view-data: 0.026275286450982094
