times:
  edit-metadata: 0.8203493971377611
  landing: 0.592975776642561
  view-data: 0.2154176440089941
