times:
  edit-metadata: 1.510802287608385
  landing: 0.8158978298306465
  view-data: 3.3440664298832417
