times:
  edit-metadata: 0.8770152051001787
  landing: 0.051421068608760834
  view-data: 0.22424381040036678
