times:
  edit-metadata: 1.4025810360908508
  landing: 0.8914612680673599
  view-data: 3.3305732011795044
