times:
  landing: 0.6050984270000299
  view-data: 0.554825558999994
