times:
  edit-metadata: 1.5155354756861925
  landing: 0.13243013061583042
  view-data: 0.342823488637805
