times:
  edit-metadata: 1.390707136131823
  landing: 0.8343197382055223
  view-data: 3.315006851684302
