times:
  edit-metadata: 0.7384467649972066
  landing: 0.046547536010621116
  view-data: 0.2212556919985218
