times:
  edit-metadata: 1.5361755099147558
  landing: 0.02319240476936102
  view-data: 0.1199279772117734
