times:
  edit-metadata: 1.6142607107758522
  landing: 1.0970891639590263
  view-data: 3.330250483006239
