times:
  edit-metadata: 0.5336257535964251
  landing: 0.042796176858246326
  view-data: 0.2554535595700145
