times:
  edit-metadata: 1.7886995021253824
  landing: 0.27816300094127655
  view-data: 0.36979440972208977
