times:
  edit-metadata: 1.9168704561889172
  landing: 1.4744084551930428
  view-data: 3.506676759570837
