times:
  edit-metadata: 0.7572028869763017
  landing: 0.0427507518325001
  view-data: 0.1926794839091599
