times:
  landing: 0.5650504509999905
  view-data: 0.5576852959999883
