times:
  edit-metadata: 1.5917482506483793
  landing: 0.02150518912822008
  view-data: 0.027063477784395218
