times:
  landing: 0.558697914999982
  view-data: 0.5590838800000029
