times:
  edit-metadata: 1.5881668142974377
  landing: 0.13194420374929905
  view-data: 0.37948756478726864
