times:
  edit-metadata: 3.4080985970795155
  landing: 1.5972380749881268
  view-data: 3.8561963252723217
