times:
  edit-metadata: 1.2844521403312683
  landing: 0.7895796410739422
  view-data: 3.3365739714354277
