times:
  edit-metadata: 1.504470651037991
  landing: 0.8570945132523775
  view-data: 3.386806769296527
