times:
  edit-metadata: 1.5243202587589622
  landing: 0.02378046792000532
  view-data: 0.025541387498378754
