times:
  edit-metadata: 0.8579174801707268
  landing: 0.6378511637449265
  view-data: 0.21767091937363148
