times:
  edit-metadata: 1.5748804211616516
  landing: 0.13542833551764488
  view-data: 0.36199138313531876
