times:
  edit-metadata: 0.5258321409992277
  landing: 0.07823580800049967
  view-data: 0.21180294599980698
