times:
  landing: 0.5565366069999982
  view-data: 0.5557012510000732
