times:
  edit-metadata: 1.5006832787767053
  landing: 0.11006118636578321
  view-data: 0.11891789268702269
