times:
  edit-metadata: 0.5189923411235213
  landing: 0.04100371990352869
  view-data: 0.2157041858881712
