times:
  edit-metadata: 1.5101152658462524
  landing: 0.01802368275821209
  view-data: 0.21526663657277822
