times:
  edit-metadata: 1.4834090080112219
  landing: 1.2506306134164333
  view-data: 3.37625771202147
