times:
  edit-metadata: 1.965977218002081
  landing: 1.273479012772441
  view-data: 3.3982567712664604
