times:
  edit-metadata: 1.5924975657835603
  landing: 0.21755635272711515
  view-data: 0.02512458525598049
