times:
  landing: 1.0657944229999998
  view-data: 0.5570411130000252
