times:
  edit-metadata: 0.5066914898343384
  landing: 0.04386925091966987
  view-data: 0.4712134781293571
