times:
  edit-metadata: 0.7400523261167109
  landing: 0.08857324020937085
  view-data: 0.29743978194892406
