times:
  edit-metadata: 0.8373732809559442
  landing: 0.055742523982189596
  view-data: 0.20108808600343764
