times:
  edit-metadata: 1.3480292491149157
  landing: 0.16814746987074614
  view-data: 0.42350448202341795
