times:
  edit-metadata: 0.7602172708138824
  landing: 0.04959739116020501
  view-data: 0.2047150928992778
