times:
  landing: 1.068196021999995
  view-data: 0.5566485909999983
