times:
  edit-metadata: 1.511791636236012
  landing: 0.13256247155368328
  view-data: 0.25818733777850866
