times:
  landing: 1.1136358889999656
  view-data: 0.5628898969999909
