times:
  edit-metadata: 1.3992958823218942
  landing: 5.29719227924943
  view-data: 3.3274094089865685
