times:
  edit-metadata: 0.5192240150063299
  landing: 0.07355309999547899
  view-data: 0.2324312020209618
