times:
  edit-metadata: 1.444817035458982
  landing: 0.018650040961802006
  view-data: 0.2554475348442793
