times:
  edit-metadata: 1.7792383655905724
  landing: 0.0222349613904953
  view-data: 0.422149995341897
