times:
  edit-metadata: 2.0102458856999874
  landing: 0.3014467637985945
  view-data: 0.19826973974704742
