times:
  edit-metadata: 0.7487196680158377
  landing: 0.04799640970304608
  view-data: 0.18861108599230647
