times:
  edit-metadata: 1.2894980479031801
  landing: 0.7423572884872556
  view-data: 3.2983450843021274
