times:
  edit-metadata: 3.818655204027891
  landing: 1.6775685511529446
  view-data: 3.37150401994586
