times:
  edit-metadata: 0.7668340988457203
  landing: 0.04319982975721359
  view-data: 0.2008291706442833
