times:
  edit-metadata: 1.7539238734170794
  landing: 1.1067622303962708
  view-data: 3.5121894711628556
