times:
  edit-metadata: 0.5092935222201049
  landing: 0.04994476493448019
  view-data: 0.2017194600775838
