times:
  landing: 0.5544930060000013
  view-data: 0.05513706299998944
