times:
  edit-metadata: 1.5669331513345242
  landing: 0.8758450113236904
  view-data: 3.435273068025708
