times:
  landing: 0.5493225349999875
  view-data: 0.5543116449999843
