times:
  landing: 1.066058995999981
  view-data: 0.5607993939999574
