times:
  landing: 0.5480731270000092
  view-data: 0.5502662549999968
