times:
  edit-metadata: 1.5237082177773118
  landing: 0.02430153265595436
  view-data: 0.12242955155670643
