times:
  edit-metadata: 0.5569177996367216
  landing: 0.0422517741099
  view-data: 0.21857938636094332
