times:
  edit-metadata: 1.3992898780852556
  landing: 0.8233271008357406
  view-data: 3.393654529005289
