times:
  landing: 1.5860767140000007
  view-data: 0.5582502939999472
