times:
  edit-metadata: 0.519162782933563
  landing: 0.04964290326461196
  view-data: 0.2049281350336969
