times:
  edit-metadata: 1.452260758727789
  landing: 0.8777581229805946
  view-data: 3.3470797166228294
