times:
  edit-metadata: 0.9576837606728077
  landing: 0.778494693338871
  view-data: 0.33644451573491096
