times:
  edit-metadata: 0.7663998660282232
  landing: 0.04963430901989341
  view-data: 0.1892341549973935
