times:
  edit-metadata: 0.8275844752788544
  landing: 0.6995652783662081
  view-data: 0.24628998339176178
