times:
  edit-metadata: 1.62025255151093
  landing: 0.021399904042482376
  view-data: 0.3977906499058008
