times:
  edit-metadata: 1.4642690001055598
  landing: 0.020616943016648293
  view-data: 0.022240081802010536
