times:
  edit-metadata: 0.7657416389993159
  landing: 0.040181069998652674
  view-data: 0.20421948000148404
