times:
  landing: 1.0887591040000189
  view-data: 0.5581905180000604
