times:
  landing: 0.5575787120000086
  view-data: 0.5664815359999693
