times:
  edit-metadata: 0.862114792689681
  landing: 0.5606978479772806
  view-data: 0.2537227738648653
