times:
  edit-metadata: 0.8975526749854907
  landing: 0.07319620810449123
  view-data: 0.2575836729956791
