times:
  edit-metadata: 1.5415052212774754
  landing: 0.9880260117352009
  view-data: 3.4222867861390114
