times:
  edit-metadata: 0.5289923889795318
  landing: 0.08092585403937846
  view-data: 0.26183455309364945
