times:
  edit-metadata: 0.7721861749887466
  landing: 0.0424308106303215
  view-data: 0.22714542970061302
