times:
  edit-metadata: 0.527092401869595
  landing: 0.04082175996154547
  view-data: 0.2060645828023553
