times:
  edit-metadata: 0.8460700586438179
  landing: 0.7883935905992985
  view-data: 0.6809533406049013
