times:
  edit-metadata: 1.3671977948397398
  landing: 0.7030947376042604
  view-data: 3.311468293890357
