times:
  edit-metadata: 1.5397743321955204
  landing: 1.0253140372224152
  view-data: 3.573512620292604
