times:
  landing: 0.5496366059999787
  view-data: 0.550048806999996
