times:
  edit-metadata: 1.4945353884249926
  landing: 0.021154822781682014
  view-data: 0.43437436781823635
