times:
  edit-metadata: 1.482956439256668
  landing: 0.7713478915393353
  view-data: 3.3780841566622257
