times:
  edit-metadata: 0.5348034501075745
  landing: 0.0465405797585845
  view-data: 0.20219226274639368
