times:
  edit-metadata: 1.4621123280376196
  landing: 0.8944900408387184
  view-data: 0.5705384276807308
