times:
  edit-metadata: 1.4513570172712207
  landing: 0.8099187882617116
  view-data: 3.391333010047674
