times:
  edit-metadata: 0.7158357510343194
  landing: 0.04158389614894986
  view-data: 0.344678932800889
