times:
  edit-metadata: 1.4566125553101301
  landing: 0.18669781275093555
  view-data: 0.4294403400272131
