times:
  edit-metadata: 0.8462589867413044
  landing: 0.6114115752279758
  view-data: 0.254115778952837
