times:
  edit-metadata: 0.8380356729030609
  landing: 0.5645885318517685
  view-data: 0.3173062466084957
