times:
  edit-metadata: 0.8032356612384319
  landing: 0.7851178403943777
  view-data: 0.2322166319936514
