times:
  edit-metadata: 0.5998341121012345
  landing: 0.04555212496779859
  view-data: 0.2158331839600578
