times:
  edit-metadata: 0.5444691181182861
  landing: 0.0447911536321044
  view-data: 0.22786898910999298
