times:
  edit-metadata: 0.7760173715651035
  landing: 0.04425174370408058
  view-data: 0.19478033483028412
