times:
  edit-metadata: 0.7890067731495947
  landing: 0.04342885804362595
  view-data: 0.19776897807605565
