times:
  edit-metadata: 1.363843809813261
  landing: 0.8195724152028561
  view-data: 3.306413110345602
