times:
  edit-metadata: 0.8350386768579483
  landing: 0.05070307105779648
  view-data: 0.20900210738182068
