times:
  edit-metadata: 0.7622800199897029
  landing: 0.045609975000843406
  view-data: 0.1900227969745174
