times:
  edit-metadata: 1.4432458356022835
  landing: 0.7428982071578503
  view-data: 3.3752759993076324
