times:
  edit-metadata: 1.6253031870583072
  landing: 0.8612481119344011
  view-data: 3.277659193961881
