times:
  edit-metadata: 0.7957069559488446
  landing: 0.04779086192138493
  view-data: 0.19582982594147325
