times:
  edit-metadata: 0.6217728643678129
  landing: 0.04098200565204024
  view-data: 0.20917894877493382
