times:
  edit-metadata: 0.5983092579990625
  landing: 0.04110814799787477
  view-data: 0.23391540499869734
