times:
  edit-metadata: 0.9556605648249388
  landing: 0.9118439685553312
  view-data: 0.32272815704345703
