times:
  edit-metadata: 0.822784187272191
  landing: 0.5721107460558414
  view-data: 0.6063639521598816
