times:
  edit-metadata: 0.7652401756495237
  landing: 1.2401180025190115
  view-data: 0.43019250966608524
