times:
  edit-metadata: 1.487793646985665
  landing: 0.9030492550227791
  view-data: 3.3650703788734972
