times:
  edit-metadata: 0.5286363610066473
  landing: 0.04371592600364238
  view-data: 0.21858120197430253
