times:
  edit-metadata: 0.7754459902644157
  landing: 0.04758532717823982
  view-data: 0.19008193537592888
