times:
  edit-metadata: 0.5159120569005609
  landing: 0.04999680072069168
  view-data: 0.20256694732233882
