times:
  edit-metadata: 1.5611234325915575
  landing: 0.021531349048018456
  view-data: 0.02708723023533821
