times:
  edit-metadata: 0.5185513128526509
  landing: 0.0719727580435574
  view-data: 0.2253450029529631
