times:
  landing: 1.0953921739999828
  view-data: 0.5637729370000102
