times:
  edit-metadata: 2.3035771027207375
  landing: 0.030033253133296967
  view-data: 0.5110091213136911
