times:
  edit-metadata: 0.7578493260079995
  landing: 0.05107360996771604
  view-data: 0.1970718150259927
