times:
  edit-metadata: 0.6323430240154266
  landing: 0.038963969331234694
  view-data: 0.23312407499179244
