times:
  edit-metadata: 1.4888102365657687
  landing: 0.021203751675784588
  view-data: 0.12589816935360432
