times:
  landing: 1.082437813282013
  view-data: 0.5531663401052356
