times:
  edit-metadata: 1.564514571800828
  landing: 0.018805745989084244
  view-data: 0.41769280936568975
