times:
  edit-metadata: 0.5075999799882993
  landing: 0.04235252499347553
  view-data: 0.2488871389941778
