times:
  edit-metadata: 1.598979376256466
  landing: 1.0217588637024164
  view-data: 3.418654376640916
