times:
  landing: 0.5402883140000085
  view-data: 0.5432266899999831
