times:
  edit-metadata: 1.4578200997784734
  landing: 0.11368788965046406
  view-data: 0.025389092974364758
