times:
  edit-metadata: 1.6056134775280952
  landing: 0.16503613255918026
  view-data: 0.3786702360957861
