times:
  edit-metadata: 0.7343382770195603
  landing: 0.0469895969145
  view-data: 0.2053889762610197
