times:
  edit-metadata: 1.032044909952674
  landing: 0.08035558898700401
  view-data: 0.28869910503271967
