times:
  edit-metadata: 1.466968972235918
  landing: 0.8491675071418285
  view-data: 3.4014789685606956
