times:
  edit-metadata: 1.5200961232185364
  landing: 0.13969054352492094
  view-data: 0.024561436846852303
