times:
  edit-metadata: 1.4083103090524673
  landing: 0.9329715557396412
  view-data: 3.2862619273364544
