times:
  edit-metadata: 0.7933292910456657
  landing: 1.6121671237051487
  view-data: 0.5946457404643297
