times:
  edit-metadata: 0.7255129260011017
  landing: 0.043413387960754335
  view-data: 0.2042249129153788
