times:
  landing: 0.5504126289999931
  view-data: 0.554414075000011
