times:
  landing: 0.5512558199999944
  view-data: 0.557330248000028
