times:
  edit-metadata: 1.57276875898242
  landing: 1.0487996898591518
  view-data: 3.41368280723691
