times:
  edit-metadata: 0.7562127370620146
  landing: 0.04177489900030196
  view-data: 0.18996905500534922
