times:
  edit-metadata: 0.7683544449973851
  landing: 0.04374215821735561
  view-data: 0.1996717369183898
