times:
  edit-metadata: 0.7555151110282168
  landing: 0.04110808402765542
  view-data: 0.191179636050947
