times:
  edit-metadata: 1.5730454428121448
  landing: 0.9465987235307693
  view-data: 3.3419483229517937
