times:
  landing: 0.5445131480000214
  view-data: 0.553203155999995
