times:
  edit-metadata: 1.5606823451817036
  landing: 1.138381514698267
  view-data: 3.3861576840281487
