times:
  edit-metadata: 1.4935028944164515
  landing: 0.8348701987415552
  view-data: 3.309383226558566
