times:
  edit-metadata: 2.3747946955263615
  landing: 1.5271144770085812
  view-data: 3.592406164854765
