times:
  edit-metadata: 0.7798047550022602
  landing: 2.132568256929517
  view-data: 0.5967663433402777
