times:
  edit-metadata: 1.36268762499094
  landing: 0.8197565004229546
  view-data: 3.366093620657921
