times:
  edit-metadata: 1.4583384385332465
  landing: 0.019871353171765804
  view-data: 0.023937398567795753
