times:
  edit-metadata: 0.5342675861902535
  landing: 0.044394881930202246
  view-data: 0.2124481499195099
