times:
  edit-metadata: 0.5305713932029903
  landing: 0.045216554310172796
  view-data: 0.19510913686826825
