times:
  landing: 0.5477125840000099
  view-data: 0.5475802810000232
