times:
  edit-metadata: 0.5938388190115802
  landing: 0.049600441998336464
  view-data: 0.2021421020035632
