times:
  edit-metadata: 1.6448291167616844
  landing: 0.9784997515380383
  view-data: 3.3282935693860054
