times:
  edit-metadata: 0.8243106249719858
  landing: 0.6765676960349083
  view-data: 0.36093771643936634
