times:
  edit-metadata: 0.7512872982770205
  landing: 0.03965275827795267
  view-data: 0.23937387485057116
