times:
  edit-metadata: 1.0487447567284107
  landing: 0.5643971394747496
  view-data: 0.2378304209560156
