times:
  edit-metadata: 1.6729616420343518
  landing: 0.021276745945215225
  view-data: 0.023301140405237675
