times:
  edit-metadata: 1.8009449569508433
  landing: 0.0203590989112854
  view-data: 0.02496541477739811
