times:
  edit-metadata: 1.6452303156256676
  landing: 0.018457714468240738
  view-data: 0.3813181705772877
