times:
  edit-metadata: 1.4228782509453595
  landing: 4.515282447915524
  view-data: 3.359704763162881
