times:
  edit-metadata: 1.7947000246495008
  landing: 0.2770965211093426
  view-data: 0.02411159686744213
