times:
  edit-metadata: 1.0817282125353813
  landing: 0.044983841478824615
  view-data: 0.20833196491003036
