times:
  landing: 0.5544508380007755
  view-data: 0.5575839600005565
