times:
  landing: 0.5553787670000361
  view-data: 0.5615910519999829
