times:
  landing: 0.5456479110000032
  view-data: 0.5490983089999872
