times:
  edit-metadata: 1.2665247395634651
  landing: 1.1010695062577724
  view-data: 0.3581014405936003
