times:
  edit-metadata: 1.5555502027273178
  landing: 0.8591873161494732
  view-data: 3.442312179133296
