times:
  landing: 0.5590311070000098
  view-data: 0.5607814059999896
