times:
  edit-metadata: 0.6979106250219047
  landing: 0.04647586168721318
  view-data: 0.2334851138293743
