times:
  edit-metadata: 1.2918119560927153
  landing: 0.5654871705919504
  view-data: 0.22290826961398125
