times:
  landing: 1.0674367739999866
  view-data: 0.5572328779999793
