times:
  edit-metadata: 0.6638532171491534
  landing: 0.052286555990576744
  view-data: 0.2529657280538231
