times:
  edit-metadata: 1.6918100072070956
  landing: 0.13906102627515793
  view-data: 0.13883238099515438
