times:
  edit-metadata: 1.1330280005931854
  landing: 0.7930158209055662
  view-data: 0.24898650869727135
