times:
  edit-metadata: 1.4134600348770618
  landing: 0.762924084905535
  view-data: 3.3362945539411157
