times:
  landing: 1.0724632370000222
  view-data: 0.5564059750000183
