times:
  edit-metadata: 1.581190349534154
  landing: 0.6950893439352512
  view-data: 0.23327673599123955
