times:
  landing: 1.0763636660000202
  view-data: 0.5583637889999977
