times:
  edit-metadata: 1.6240769708529115
  landing: 0.14899960067123175
  view-data: 0.4690446564927697
