times:
  edit-metadata: 1.5137609709054232
  landing: 0.8046557363122702
  view-data: 3.433244341984391
