times:
  edit-metadata: 1.6651990078389645
  landing: 0.12980674020946026
  view-data: 0.024999352172017097
