times:
  edit-metadata: 1.576131958514452
  landing: 0.8258682377636433
  view-data: 3.28013501688838
