times:
  edit-metadata: 1.5378057565540075
  landing: 1.0568058732897043
  view-data: 3.324527772143483
