times:
  edit-metadata: 1.116277813911438
  landing: 0.04418536275625229
  view-data: 0.20271877571940422
