times:
  landing: 0.5540050569999835
  view-data: 0.051988580999989153
