times:
  edit-metadata: 1.6233936231583357
  landing: 0.18641509860754013
  view-data: 0.02517059724777937
