times:
  edit-metadata: 1.6674563381820917
  landing: 0.22934153862297535
  view-data: 0.4526725700125098
