times:
  edit-metadata: 0.8768354076892138
  landing: 0.06080894963815808
  view-data: 0.26004757825285196
