times:
  edit-metadata: 0.7279918538406491
  landing: 0.04109909012913704
  view-data: 0.26002222392708063
