times:
  edit-metadata: 1.1314637027680874
  landing: 0.03935278207063675
  view-data: 0.21703888475894928
