times:
  edit-metadata: 1.5228352546691895
  landing: 0.8825693801045418
  view-data: 3.3650669679045677
