times:
  edit-metadata: 1.0402493779547513
  landing: 0.04474818892776966
  view-data: 0.24436056008562446
