times:
  edit-metadata: 0.6787872379645705
  landing: 0.04277229798026383
  view-data: 0.2573177239391953
