times:
  edit-metadata: 0.9553111158311367
  landing: 0.04371717292815447
  view-data: 0.3001823117956519
