times:
  edit-metadata: 0.7571769612841308
  landing: 0.04599790507927537
  view-data: 0.2288929750211537
