times:
  landing: 0.5499006420000114
  view-data: 0.5510521049999966
