times:
  edit-metadata: 1.6725804908201098
  landing: 0.022234312258660793
  view-data: 0.12265757750719786
