times:
  edit-metadata: 0.7116838712245226
  landing: 0.041092004626989365
  view-data: 0.21964243985712528
