times:
  edit-metadata: 1.1047420464456081
  landing: 0.042395807802677155
  view-data: 0.20132334157824516
