times:
  edit-metadata: 1.6761160250753164
  landing: 0.21904554963111877
  view-data: 0.02560185268521309
