times:
  landing: 1.6406048069999883
  view-data: 0.5668993200000045
