times:
  edit-metadata: 1.1111082285642624
  landing: 0.049936916679143906
  view-data: 0.20702143013477325
