times:
  landing: 0.5502549629999862
  view-data: 0.5541870160000144
