times:
  landing: 0.5491153979999979
  view-data: 0.5514252979999981
