times:
  edit-metadata: 0.6990437931381166
  landing: 0.041389649733901024
  view-data: 0.215091812890023
