times:
  edit-metadata: 0.7291088351048529
  landing: 0.052406081929802895
  view-data: 0.21036464488133788
