times:
  landing: 0.5543818840000085
  view-data: 0.5541621820000273
