times:
  edit-metadata: 1.1129205971956253
  landing: 0.04389486461877823
  view-data: 0.20731672644615173
