times:
  landing: 0.5499631719999911
  view-data: 0.5607543929999963
