times:
  edit-metadata: 0.6610456253401935
  landing: 0.05180799588561058
  view-data: 0.20905607473105192
