times:
  edit-metadata: 2.489668697118759
  landing: 0.2757785674184561
  view-data: 0.46591414883732796
