times:
  landing: 0.5481576990000008
  view-data: 0.5558332920000453
