times:
  edit-metadata: 1.1165406554937363
  landing: 0.03867233172059059
  view-data: 0.20238273590803146
