times:
  edit-metadata: 1.631431288085878
  landing: 0.11556162312626839
  view-data: 0.20494616590440273
