times:
  edit-metadata: 1.5450679007917643
  landing: 0.9140828913077712
  view-data: 3.370969177223742
