times:
  landing: 0.5769433370001025
  view-data: 0.5705288300000575
