times:
  edit-metadata: 1.0120088079711422
  landing: 0.04517175100045279
  view-data: 0.2076048530288972
