times:
  edit-metadata: 1.768231451511383
  landing: 0.1284184344112873
  view-data: 0.02554466389119625
