times:
  edit-metadata: 1.6143703646957874
  landing: 0.019499436020851135
  view-data: 0.2323127668350935
