times:
  edit-metadata: 0.6856245340313762
  landing: 0.04770211782306433
  view-data: 0.5190890338271856
