times:
  edit-metadata: 1.1794962286949158
  landing: 0.044341446831822395
  view-data: 0.23023015819489956
