times:
  edit-metadata: 1.9577871765941381
  landing: 0.020291881635785103
  view-data: 0.02710615936666727
