times:
  landing: 1.0622856560003129
  view-data: 0.5486454490001051
