times:
  edit-metadata: 1.6067072674632072
  landing: 0.1666165655478835
  view-data: 0.11616858933120966
