times:
  edit-metadata: 1.1113155391067266
  landing: 0.9200892988592386
  view-data: 0.4256849754601717
