times:
  edit-metadata: 0.6947218009736389
  landing: 0.050698405830189586
  view-data: 0.35489462106488645
