times:
  edit-metadata: 1.8505322635173798
  landing: 0.01997295208275318
  view-data: 0.026019101962447166
