times:
  landing: 1.0983750209999812
  view-data: 0.5624710339999979
