times:
  edit-metadata: 1.9032945986837149
  landing: 0.2337846029549837
  view-data: 0.23221302591264248
