times:
  edit-metadata: 1.4746552621945739
  landing: 0.9407562837004662
  view-data: 3.420144342817366
