times:
  edit-metadata: 0.6778538548387587
  landing: 0.05545988888479769
  view-data: 0.2519701779820025
