times:
  landing: 0.5506076030000031
  view-data: 0.5608004359999654
