times:
  edit-metadata: 1.7456113332882524
  landing: 0.13017518538981676
  view-data: 0.024991415441036224
