times:
  edit-metadata: 1.7069048807024956
  landing: 0.2016698783263564
  view-data: 0.5020725233480334
