times:
  landing: 0.5420489490000193
  view-data: 0.5442681509999829
