times:
  edit-metadata: 1.2254611868411303
  landing: 0.7549255881458521
  view-data: 0.2425489593297243
