times:
  edit-metadata: 1.08470532001229
  landing: 0.05174710799474269
  view-data: 0.20634617703035474
