times:
  edit-metadata: 1.596623639576137
  landing: 0.17968708649277687
  view-data: 0.12029018625617027
