times:
  edit-metadata: 1.3028727839700878
  landing: 0.7822053038980812
  view-data: 3.3036771391052753
