times:
  edit-metadata: 1.5570303993299603
  landing: 0.9274164857342839
  view-data: 3.40905583743006
