times:
  edit-metadata: 1.404949459945783
  landing: 0.8454525980632752
  view-data: 3.335236627026461
