times:
  edit-metadata: 1.4237762559205294
  landing: 0.9264692608267069
  view-data: 3.3944001868367195
