times:
  edit-metadata: 1.595438078045845
  landing: 1.1120649427175522
  view-data: 3.3568918462842703
