times:
  edit-metadata: 1.5735436044633389
  landing: 0.8659612461924553
  view-data: 3.3965310901403427
