times:
  edit-metadata: 1.0115160839632154
  landing: 0.05239421874284744
  view-data: 0.2070257687009871
