times:
  edit-metadata: 0.7103062618989497
  landing: 0.04676409112289548
  view-data: 0.22887158417142928
