times:
  edit-metadata: 1.735682430677116
  landing: 0.02347474731504917
  view-data: 0.024661695584654808
