times:
  edit-metadata: 1.3507091279607266
  landing: 0.05179674318060279
  view-data: 0.21386655210517347
