times:
  edit-metadata: 1.4838971756398678
  landing: 0.9791439808905125
  view-data: 3.3279789984226227
