times:
  edit-metadata: 1.3936508037149906
  landing: 0.8606541194021702
  view-data: 3.3362476620823145
