times:
  edit-metadata: 0.7695219786837697
  landing: 0.045054332818835974
  view-data: 0.23080422217026353
