times:
  edit-metadata: 1.7646689470857382
  landing: 0.02105452585965395
  view-data: 0.4805218642577529
