times:
  landing: 1.0896151719999807
  view-data: 0.5556395980000275
