times:
  landing: 1.0723461279999924
  view-data: 0.5572662410000362
