times:
  landing: 1.0626615130000232
  view-data: 0.5486534629999937
