times:
  edit-metadata: 1.5113431885838509
  landing: 0.992736529558897
  view-data: 3.4294750820845366
