times:
  landing: 0.5482400810000172
  view-data: 0.5583161340000515
