times:
  edit-metadata: 0.6977994060143828
  landing: 0.04606804810464382
  view-data: 0.23805162589997053
