times:
  edit-metadata: 0.7434992869966663
  landing: 0.04909882496576756
  view-data: 0.35421289497753605
