times:
  edit-metadata: 1.047727170982398
  landing: 0.04738859995268285
  view-data: 0.20999947900418192
