times:
  edit-metadata: 1.8344559436663985
  landing: 0.13924888521432877
  view-data: 0.02537719812244177
