times:
  landing: 0.548241828999835
  view-data: 0.552168434999885
