times:
  edit-metadata: 0.7147030611522496
  landing: 0.04279146296903491
  view-data: 0.21553420834243298
