times:
  edit-metadata: 1.2565657999366522
  landing: 0.6542970929294825
  view-data: 0.6206976547837257
