times:
  edit-metadata: 1.0928534171544015
  landing: 0.04050241690129042
  view-data: 0.20912675699219108
