times:
  edit-metadata: 1.6906975274905562
  landing: 0.020901470445096493
  view-data: 0.023426405154168606
