times:
  landing: 1.1609284216538072
  view-data: 0.6948430882766843
