times:
  edit-metadata: 1.5671036075800657
  landing: 0.7644473677501082
  view-data: 3.3402773244306445
