times:
  edit-metadata: 1.5081145372241735
  landing: 0.8233132008463144
  view-data: 3.46865020878613
