times:
  edit-metadata: 2.373788706958294
  landing: 1.3089355248957872
  view-data: 3.5986822452396154
