times:
  edit-metadata: 1.1634096838533878
  landing: 0.05411127954721451
  view-data: 0.21439190208911896
