times:
  landing: 0.550311191999981
  view-data: 0.5544242249999911
