times:
  edit-metadata: 1.6025560945272446
  landing: 0.9591873995959759
  view-data: 3.3235282339155674
