times:
  edit-metadata: 1.1310715191066265
  landing: 0.041531749069690704
  view-data: 0.2208937145769596
