times:
  landing: 1.102969900000005
  view-data: 0.5871793119999893
