times:
  landing: 1.0766176120000068
  view-data: 0.56718777399999
