times:
  edit-metadata: 1.1765016310382634
  landing: 0.044822941068559885
  view-data: 0.22701690695248544
