times:
  edit-metadata: 1.693113513290882
  landing: 0.019811976701021194
  view-data: 0.026497410610318184
