times:
  edit-metadata: 1.6659613270312548
  landing: 0.1939372718334198
  view-data: 0.026777668856084347
