times:
  landing: 0.5415861810000138
  view-data: 0.5471054030000175
