times:
  edit-metadata: 1.5376805234700441
  landing: 0.8084846399724483
  view-data: 3.439890503883362
