times:
  edit-metadata: 0.6648599461186677
  landing: 0.06436838791705668
  view-data: 0.24529428803361952
