times:
  edit-metadata: 1.434709468856454
  landing: 0.8537403885275126
  view-data: 3.3364511523395777
