times:
  edit-metadata: 0.6699851006269455
  landing: 0.03981429059058428
  view-data: 0.261710143648088
