times:
  edit-metadata: 0.8149114511907101
  landing: 0.052941184025257826
  view-data: 0.23454783810302615
