times:
  edit-metadata: 1.6422398990252987
  landing: 1.134880071040243
  view-data: 3.365109983016737
