times:
  edit-metadata: 1.0657686702907085
  landing: 0.0462053045630455
  view-data: 0.2065756656229496
