times:
  edit-metadata: 1.6003440115600824
  landing: 0.018693204037845135
  view-data: 0.12059763073921204
