times:
  edit-metadata: 1.7401340529322624
  landing: 0.3840233478695154
  view-data: 0.4228949546813965
