times:
  edit-metadata: 1.6659667296335101
  landing: 0.1997376885265112
  view-data: 0.456167995929718
