times:
  edit-metadata: 1.5881255734711885
  landing: 0.8737218752503395
  view-data: 3.355350530706346
