times:
  edit-metadata: 1.6589206662029028
  landing: 0.021380748599767685
  view-data: 0.025325993075966835
