times:
  edit-metadata: 0.6545396051369607
  landing: 0.04523515934124589
  view-data: 0.2415981818921864
