times:
  landing: 0.5463927179999928
  view-data: 0.04259304900000416
