times:
  edit-metadata: 2.126889578998089
  landing: 1.4599613845348358
  view-data: 3.4549034349620342
