times:
  edit-metadata: 1.6686342572793365
  landing: 0.021059791557490826
  view-data: 0.43196649197489023
