times:
  edit-metadata: 1.6062334710732102
  landing: 0.018736522644758224
  view-data: 0.41386314295232296
