times:
  landing: 0.5725642069996866
  view-data: 0.5590624149999712
