times:
  edit-metadata: 0.882310149987461
  landing: 0.10562019099597819
  view-data: 0.3207023380091414
