times:
  edit-metadata: 0.7536174799315631
  landing: 0.04520189901813865
  view-data: 0.23281499603763223
