times:
  edit-metadata: 1.3785531595349312
  landing: 0.8929711356759071
  view-data: 3.3674573935568333
