times:
  edit-metadata: 1.4298941809684038
  landing: 0.7526546930894256
  view-data: 3.331601924262941
