times:
  landing: 0.5543433920000211
  view-data: 0.5589002869999717
