times:
  landing: 0.6023367479999706
  view-data: 0.5537101909999933
