times:
  landing: 0.5500798780000196
  view-data: 0.5509431209999889
