times:
  landing: 1.0734056780000287
  view-data: 0.5615474229999791
