times:
  edit-metadata: 1.4116944186389446
  landing: 0.7156578563153744
  view-data: 3.314481597393751
