times:
  edit-metadata: 1.5792154222726822
  landing: 1.0238172449171543
  view-data: 3.365291580557823
