times:
  edit-metadata: 1.5761809796094894
  landing: 0.9236267246305943
  view-data: 3.424424320459366
