times:
  edit-metadata: 0.9489506599493325
  landing: 0.0755500397644937
  view-data: 0.2373941782861948
