times:
  edit-metadata: 1.0678336657583714
  landing: 0.05045228451490402
  view-data: 0.20213620364665985
