times:
  edit-metadata: 0.7286549448035657
  landing: 0.06369059113785625
  view-data: 0.22625696286559105
