times:
  edit-metadata: 1.0011379229836166
  landing: 0.04077159706503153
  view-data: 0.2026044859085232
