times:
  edit-metadata: 1.3754119155928493
  landing: 0.9008948998525739
  view-data: 3.388795574195683
