times:
  edit-metadata: 2.3666957151144743
  landing: 0.26696239970624447
  view-data: 0.6998882554471493
