times:
  edit-metadata: 1.040315786958672
  landing: 0.05287785909604281
  view-data: 0.2303706269012764
