times:
  edit-metadata: 0.873254622798413
  landing: 0.05386248929426074
  view-data: 0.2529938402585685
