times:
  edit-metadata: 1.1374016515910625
  landing: 0.805210791528225
  view-data: 0.3464675284922123
