times:
  edit-metadata: 1.5207500159740448
  landing: 1.0004403963685036
  view-data: 3.5249908603727818
