times:
  edit-metadata: 1.7044803705066442
  landing: 0.019158421084284782
  view-data: 0.12134675309062004
