times:
  edit-metadata: 1.491160612553358
  landing: 0.9254039637744427
  view-data: 3.4238557144999504
