times:
  edit-metadata: 1.6389402952045202
  landing: 0.02028549835085869
  view-data: 0.12787633202970028
