times:
  edit-metadata: 1.0754439779557288
  landing: 0.04669533099513501
  view-data: 0.21103409095667303
