times:
  edit-metadata: 1.7861193101853132
  landing: 0.019482487812638283
  view-data: 0.022440187633037567
