times:
  edit-metadata: 1.620675502344966
  landing: 0.16425489354878664
  view-data: 0.12648986745625734
