times:
  edit-metadata: 1.5067216018214822
  landing: 0.8647981323301792
  view-data: 3.4084867839701474
