times:
  edit-metadata: 1.678070392459631
  landing: 0.17191355116665363
  view-data: 0.02395710162818432
