times:
  edit-metadata: 1.5011812634766102
  landing: 0.7892132289707661
  view-data: 3.3314706832170486
