times:
  edit-metadata: 1.6269423542544246
  landing: 0.019965438172221184
  view-data: 0.024332920089364052
