times:
  edit-metadata: 1.0637321551330388
  landing: 0.04330996936187148
  view-data: 0.2115264842286706
