times:
  edit-metadata: 1.284676929935813
  landing: 0.8989716190844774
  view-data: 0.3144049849361181
