times:
  landing: 0.5542508240000643
  view-data: 0.5636289770000076
