times:
  edit-metadata: 1.2475434350781143
  landing: 0.07682590303011239
  view-data: 0.24207829893566668
