times:
  edit-metadata: 1.1118324175477028
  landing: 0.04551510885357857
  view-data: 0.20742463693022728
