times:
  edit-metadata: 0.9860898032784462
  landing: 0.7402114644646645
  view-data: 0.28930750489234924
