times:
  edit-metadata: 1.034645330044441
  landing: 0.041502456995658576
  view-data: 0.2134443169925362
