times:
  edit-metadata: 0.8014888903126121
  landing: 0.048740413039922714
  view-data: 0.2330355690792203
