times:
  edit-metadata: 0.7983938748948276
  landing: 0.03815600322559476
  view-data: 0.21718267910182476
