times:
  edit-metadata: 1.6135374680161476
  landing: 0.01958505529910326
  view-data: 0.5068526389077306
