times:
  edit-metadata: 1.57335782982409
  landing: 1.016552709043026
  view-data: 3.4597318787127733
