times:
  landing: 1.596079092000025
  view-data: 1.0846881770000323
