times:
  edit-metadata: 1.0569629119709134
  landing: 0.049739420879632235
  view-data: 0.22399522829800844
