times:
  edit-metadata: 2.059072667732835
  landing: 0.020640545524656773
  view-data: 0.022070137783885002
