times:
  edit-metadata: 1.1523909643292427
  landing: 1.571140630170703
  view-data: 0.38084598630666733
