times:
  edit-metadata: 0.7578685720000067
  landing: 0.04729762800025128
  view-data: 0.357113389999995
