times:
  edit-metadata: 1.7104240618646145
  landing: 1.0465549752116203
  view-data: 3.3688341565430164
