times:
  edit-metadata: 1.6549482196569443
  landing: 0.02159828133881092
  view-data: 0.10123438015580177
