times:
  edit-metadata: 1.518594529479742
  landing: 0.9387169443070889
  view-data: 3.3906090520322323
