times:
  edit-metadata: 1.4370228005573153
  landing: 0.9946716651320457
  view-data: 3.411532592959702
