times:
  edit-metadata: 1.1556584686040878
  landing: 0.041066836565732956
  view-data: 0.21054717898368835
