times:
  edit-metadata: 1.6903989240527153
  landing: 0.021280985325574875
  view-data: 0.3936313483864069
