times:
  edit-metadata: 1.1971136461943388
  landing: 0.9523652959614992
  view-data: 0.33982380107045174
