times:
  edit-metadata: 1.1005147248506546
  landing: 0.04421391710639
  view-data: 0.24301307648420334
