times:
  edit-metadata: 1.406041634036228
  landing: 0.7745145329972729
  view-data: 3.401935742003843
