times:
  edit-metadata: 0.66929378407076
  landing: 0.047078009927645326
  view-data: 0.25924934702925384
