times:
  edit-metadata: 1.678706482052803
  landing: 0.02096964418888092
  view-data: 0.36640290170907974
