times:
  edit-metadata: 1.5255172215402126
  landing: 0.9241478405892849
  view-data: 3.3550461679697037
