times:
  edit-metadata: 1.123988563194871
  landing: 1.6113152373582125
  view-data: 0.6066748462617397
