times:
  edit-metadata: 0.6649088959675282
  landing: 0.047972061089240015
  view-data: 0.23979493998922408
