times:
  edit-metadata: 1.0124769719841424
  landing: 0.049960341973928735
  view-data: 0.20763000097940676
