times:
  edit-metadata: 0.729984862729907
  landing: 0.043673536740243435
  view-data: 0.22930203471332788
