times:
  edit-metadata: 1.4781835936009884
  landing: 0.9770059287548065
  view-data: 3.339692398905754
