times:
  edit-metadata: 1.132045981939882
  landing: 0.04748875298537314
  view-data: 0.22013479296583682
