times:
  edit-metadata: 1.732623079791665
  landing: 0.1312420554459095
  view-data: 0.4853815510869026
