times:
  edit-metadata: 0.6818337719887495
  landing: 0.04256432503461838
  view-data: 0.22953530494123697
