times:
  edit-metadata: 1.5076791942119598
  landing: 0.9264271780848503
  view-data: 3.3834686391055584
