times:
  edit-metadata: 1.482291717082262
  landing: 0.9798044301569462
  view-data: 3.3679243735969067
