times:
  edit-metadata: 1.4428019388578832
  landing: 0.7456249168608338
  view-data: 3.4072436129208654
