times:
  edit-metadata: 1.7316339006647468
  landing: 0.021309390664100647
  view-data: 0.4872163077816367
