times:
  landing: 0.5466993570000227
  view-data: 0.5543114590000187
