times:
  edit-metadata: 1.4269204661250114
  landing: 0.7878314778208733
  view-data: 3.323422960937023
