times:
  edit-metadata: 1.1650968454778194
  landing: 0.04667934402823448
  view-data: 0.2104204259812832
