times:
  edit-metadata: 1.3714829869568348
  landing: 0.8452183045446873
  view-data: 3.317764837294817
