times:
  edit-metadata: 1.1550683439709246
  landing: 0.058824415085837245
  view-data: 0.22055001906119287
