times:
  edit-metadata: 1.101422606036067
  landing: 0.7582290433347225
  view-data: 0.32000894472002983
