times:
  landing: 0.5545291110000221
  view-data: 0.5579808109999931
