times:
  edit-metadata: 1.397510867100209
  landing: 0.9313600258901715
  view-data: 3.3863473050296307
