times:
  edit-metadata: 1.0212570489384234
  landing: 0.03855872992426157
  view-data: 0.21313599683344364
