times:
  edit-metadata: 0.6926995720714331
  landing: 0.04401937918737531
  view-data: 0.22861752286553383
