times:
  edit-metadata: 1.1703181969933212
  landing: 0.04611682100221515
  view-data: 0.20560020115226507
