times:
  edit-metadata: 0.7274926220998168
  landing: 0.04130470100790262
  view-data: 0.21847710013389587
