times:
  edit-metadata: 1.4064350854605436
  landing: 0.8673005849123001
  view-data: 3.3799751475453377
