times:
  edit-metadata: 2.019703160971403
  landing: 0.05110430996865034
  view-data: 0.025102414190769196
