times:
  edit-metadata: 1.6290268870070577
  landing: 0.01945575885474682
  view-data: 0.023771199397742748
