times:
  edit-metadata: 1.462107821367681
  landing: 0.884618965908885
  view-data: 3.3936392441391945
