times:
  edit-metadata: 0.803168079815805
  landing: 0.05053097475320101
  view-data: 0.28586625680327415
