times:
  edit-metadata: 0.6694753249175847
  landing: 0.05276692402549088
  view-data: 0.24565508612431586
