times:
  landing: 0.5500290610000036
  view-data: 0.5573722569999973
