times:
  edit-metadata: 1.0137487929314375
  landing: 0.05088891100604087
  view-data: 0.20825332100503147
