times:
  landing: 0.5496406699999739
  view-data: 0.5551514599999905
