times:
  edit-metadata: 1.3134369626641273
  landing: 0.5663046836853027
  view-data: 0.25094216875731945
