times:
  edit-metadata: 1.6038678297773004
  landing: 0.021726373583078384
  view-data: 0.02422202844172716
