times:
  edit-metadata: 1.1945838276296854
  landing: 0.5746435672044754
  view-data: 0.6138899642974138
