times:
  landing: 0.5563951020000104
  view-data: 0.5676856669999779
