times:
  edit-metadata: 1.5359008386731148
  landing: 0.883297324180603
  view-data: 3.3765179105103016
