times:
  edit-metadata: 1.519777126610279
  landing: 0.7928909137845039
  view-data: 3.305933866649866
