times:
  edit-metadata: 1.5165443196892738
  landing: 0.7830160856246948
  view-data: 3.4209020659327507
