times:
  edit-metadata: 1.5182763673365116
  landing: 1.5432094186544418
  view-data: 3.3770808707922697
