times:
  edit-metadata: 0.9036633069626987
  landing: 0.07418317859992385
  view-data: 0.33129090862348676
