times:
  edit-metadata: 0.6754110000038054
  landing: 0.04712998599279672
  view-data: 0.6082482130150311
