times:
  landing: 1.5904193739999641
  view-data: 0.554948765000006
