times:
  edit-metadata: 0.6551192980259657
  landing: 0.06274457601830363
  view-data: 0.25624271004926413
