times:
  edit-metadata: 1.0538960229605436
  landing: 0.04884821688756347
  view-data: 0.20356074697338045
