times:
  edit-metadata: 0.900836993008852
  landing: 0.11290916701545939
  view-data: 0.28361924199271016
