times:
  edit-metadata: 1.4617518484592438
  landing: 0.8172653056681156
  view-data: 3.402076655998826
