times:
  edit-metadata: 0.6987677339930087
  landing: 0.046395214041695
  view-data: 0.24996140494477004
