times:
  edit-metadata: 1.6940476913005114
  landing: 0.018063504248857498
  view-data: 0.022078948095440865
