times:
  landing: 1.0723374949999993
  view-data: 0.5556282210000063
