times:
  edit-metadata: 0.6673837599810213
  landing: 0.047978804213926196
  view-data: 0.3653464210219681
