times:
  edit-metadata: 2.0217566043138504
  landing: 0.2205822803080082
  view-data: 0.8556105326861143
