times:
  edit-metadata: 1.6542720012366772
  landing: 0.22990728169679642
  view-data: 0.5879425331950188
