times:
  edit-metadata: 1.6793600358068943
  landing: 0.020292467437684536
  view-data: 0.12454284727573395
