times:
  edit-metadata: 1.6082575656473637
  landing: 0.20003881864249706
  view-data: 0.48415981233119965
