times:
  landing: 0.5541393409999955
  view-data: 0.5551276529999996
