times:
  edit-metadata: 0.7421255180001936
  landing: 0.1148340019999523
  view-data: 0.24199446800002988
