times:
  edit-metadata: 1.0757712759659626
  landing: 0.04814541700761765
  view-data: 0.19833753601415083
