times:
  edit-metadata: 1.627691593952477
  landing: 0.02029599342495203
  view-data: 0.45919976104050875
