times:
  edit-metadata: 0.6642107900697738
  landing: 0.0676024230197072
  view-data: 0.23320933990180492
