times:
  edit-metadata: 1.0770508910063654
  landing: 0.050790876033715904
  view-data: 0.2046114980475977
