times:
  edit-metadata: 0.7769596818834543
  landing: 0.04622748401015997
  view-data: 0.3951494852080941
