times:
  edit-metadata: 0.6630966439843178
  landing: 0.062128715915605426
  view-data: 0.2418806510977447
