times:
  landing: 0.5481077540000001
  view-data: 0.5481514539999921
