times:
  edit-metadata: 0.8883627150207758
  landing: 1.0888228360563517
  view-data: 0.31223226711153984
