times:
  edit-metadata: 1.6719261575490236
  landing: 0.020547840744256973
  view-data: 0.025330455973744392
