times:
  edit-metadata: 1.5388357378542423
  landing: 0.960161566734314
  view-data: 3.3604918904602528
