times:
  edit-metadata: 1.4209769498556852
  landing: 1.1133732786402106
  view-data: 3.3520844373852015
