times:
  landing: 0.5522560489999933
  view-data: 0.5618228399999907
