times:
  edit-metadata: 2.0777937956154346
  landing: 0.28382424637675285
  view-data: 0.45206614024937153
