times:
  edit-metadata: 1.1121610887348652
  landing: 0.049414023756980896
  view-data: 0.2117507942020893
