times:
  edit-metadata: 1.6593552995473146
  landing: 1.0532966051250696
  view-data: 3.463616408407688
