times:
  edit-metadata: 1.7196760857477784
  landing: 0.019963430240750313
  view-data: 0.4712293744087219
