times:
  edit-metadata: 0.7788610653951764
  landing: 0.038325753062963486
  view-data: 0.22008010698482394
