times:
  edit-metadata: 1.6448806338012218
  landing: 0.11989278346300125
  view-data: 0.12728474102914333
