times:
  edit-metadata: 1.615780083462596
  landing: 0.8569950554519892
  view-data: 3.4057221841067076
