times:
  edit-metadata: 1.0934052895754576
  landing: 0.6512633059173822
  view-data: 0.4395133312791586
