times:
  edit-metadata: 1.5294127902016044
  landing: 0.1792948180809617
  view-data: 0.38948747515678406
