times:
  edit-metadata: 1.6778579372912645
  landing: 0.02254734095185995
  view-data: 0.43358628265559673
