times:
  edit-metadata: 1.1451349058188498
  landing: 0.04958696197718382
  view-data: 0.2761938110925257
