times:
  landing: 1.0613104480000288
  view-data: 0.5504808850000131
