times:
  edit-metadata: 1.3666838221251965
  landing: 0.9106824807822704
  view-data: 3.2972187735140324
