times:
  edit-metadata: 0.7383894016966224
  landing: 0.04512911103665829
  view-data: 0.22596673760563135
