times:
  landing: 1.0719087679999575
  view-data: 0.5596758579999914
