times:
  landing: 0.5443010330000106
  view-data: 0.5554263129999981
