times:
  edit-metadata: 1.566663846373558
  landing: 0.8136568330228329
  view-data: 3.467140920460224
