times:
  edit-metadata: 1.010658994084224
  landing: 0.04325394215993583
  view-data: 0.2190008128527552
