times:
  edit-metadata: 1.4873505365103483
  landing: 0.7945024631917477
  view-data: 3.3666346110403538
