times:
  edit-metadata: 1.3590061608701944
  landing: 0.9012393271550536
  view-data: 3.3141949716955423
