times:
  edit-metadata: 1.2191603779792786
  landing: 2.7379601448774338
  view-data: 0.7748784776777029
