times:
  edit-metadata: 0.6705421973019838
  landing: 0.045250501949340105
  view-data: 0.21003468800336123
