times:
  edit-metadata: 0.707551022991538
  landing: 0.04610404837876558
  view-data: 0.22516280319541693
