times:
  landing: 0.5609029199999895
  view-data: 0.5616116259999444
