times:
  edit-metadata: 1.0443195537663996
  landing: 0.04574969317764044
  view-data: 0.2120859008282423
