times:
  edit-metadata: 1.1227304842323065
  landing: 0.8114943243563175
  view-data: 0.37717060931026936
