times:
  edit-metadata: 0.7179522593505681
  landing: 0.03845572704449296
  view-data: 0.22915951255708933
