times:
  landing: 0.5490307010000208
  view-data: 0.5573154310000064
