times:
  edit-metadata: 1.7302136505022645
  landing: 0.1909473342821002
  view-data: 0.025540082715451717
