times:
  edit-metadata: 1.171792596578598
  landing: 0.0461716465651989
  view-data: 0.20523016154766083
