times:
  edit-metadata: 1.7374802604317665
  landing: 1.167646985501051
  view-data: 3.3325474858283997
