times:
  edit-metadata: 1.5597504116594791
  landing: 0.809956643730402
  view-data: 3.412098165601492
