times:
  edit-metadata: 1.0674027111381292
  landing: 0.552529837936163
  view-data: 0.26238357834517956
