times:
  landing: 0.559842265000043
  view-data: 0.5539746000000605
