times:
  edit-metadata: 1.5069049643352628
  landing: 0.9266719408333302
  view-data: 3.361214641481638
