times:
  edit-metadata: 1.675179093144834
  landing: 0.020846035331487656
  view-data: 0.11996902711689472
