times:
  edit-metadata: 1.6472333911806345
  landing: 0.88953454233706
  view-data: 3.451435413211584
