times:
  edit-metadata: 1.1876947490964085
  landing: 0.05234177503734827
  view-data: 0.21372305299155414
