times:
  edit-metadata: 1.4826590158045292
  landing: 0.8849432803690434
  view-data: 3.366945642977953
