times:
  landing: 1.1363319339999975
  view-data: 0.5584836590000464
