times:
  edit-metadata: 1.5279950676485896
  landing: 1.0300213508307934
  view-data: 3.3915939331054688
