times:
  edit-metadata: 1.0749375759914983
  landing: 0.049866983987158164
  view-data: 0.2109326839854475
