times:
  edit-metadata: 1.3363637514412403
  landing: 0.7692741677165031
  view-data: 3.250927247107029
