times:
  landing: 0.5482664160000184
  view-data: 0.059945502000005035
