times:
  edit-metadata: 1.60870018042624
  landing: 0.7685274872928858
  view-data: 3.3612795006483793
