times:
  landing: 0.5710272389999886
  view-data: 0.5652521100000172
