times:
  edit-metadata: 1.6705844067037106
  landing: 0.19536877050995827
  view-data: 0.26248073019087315
