times:
  edit-metadata: 1.5632297145202756
  landing: 0.018262633122503757
  view-data: 0.49369416665285826
