times:
  edit-metadata: 0.6609909479739144
  landing: 0.045241407002322376
  view-data: 0.25329049408901483
