times:
  edit-metadata: 1.2002477999776602
  landing: 1.1953108292073011
  view-data: 0.621783010661602
