times:
  edit-metadata: 0.7608163193799555
  landing: 0.05208835890516639
  view-data: 0.23621356301009655
