times:
  edit-metadata: 2.458973353728652
  landing: 0.35577174462378025
  view-data: 0.1594287995249033
