times:
  edit-metadata: 1.6923473328351974
  landing: 0.02014901675283909
  view-data: 0.49696859903633595
