times:
  edit-metadata: 0.7984372900027665
  landing: 0.05830975800199667
  view-data: 0.2757620259944815
