times:
  landing: 1.0771668339999678
  view-data: 0.5630098039999893
