times:
  edit-metadata: 0.7156158238649368
  landing: 0.04023676924407482
  view-data: 0.22022391576319933
