times:
  landing: 1.0614010819999748
  view-data: 0.5542964609999217
