times:
  edit-metadata: 1.5743427751585841
  landing: 0.22152062598615885
  view-data: 0.13860387448221445
