times:
  edit-metadata: 1.4526219330728054
  landing: 0.9556429497897625
  view-data: 3.3309863470494747
