times:
  edit-metadata: 0.7358506312593818
  landing: 0.04481214005500078
  view-data: 0.21638150792568922
