times:
  edit-metadata: 1.0323995682410896
  landing: 0.046481464989483356
  view-data: 0.21486311592161655
