times:
  edit-metadata: 0.7749984129332006
  landing: 0.05185415898449719
  view-data: 0.25125325995031744
