times:
  edit-metadata: 1.0313841942697763
  landing: 1.079096369445324
  view-data: 0.473515160381794
