times:
  edit-metadata: 1.0709270886145532
  landing: 0.053896510042250156
  view-data: 0.21721219085156918
