times:
  edit-metadata: 1.6412329822778702
  landing: 0.1750440075993538
  view-data: 0.4007300194352865
