times:
  edit-metadata: 0.7710669944062829
  landing: 0.050272929482162
  view-data: 0.23519743978977203
