times:
  edit-metadata: 1.6287206187844276
  landing: 0.12167556583881378
  view-data: 0.12391156423836946
