times:
  edit-metadata: 1.4816619269549847
  landing: 0.9751820750534534
  view-data: 3.3718640618026257
