times:
  edit-metadata: 1.6189373768866062
  landing: 0.9645613692700863
  view-data: 3.4183042477816343
