times:
  landing: 0.5487409449999916
  view-data: 0.5579208459999734
