times:
  edit-metadata: 2.3319641277194023
  landing: 1.5146279521286488
  view-data: 3.4583999514579773
