times:
  edit-metadata: 1.083903837017715
  landing: 0.040729954023845494
  view-data: 0.20950332196662202
