times:
  landing: 0.6062036159999593
  view-data: 0.5606553029999759
