times:
  landing: 0.5539542509999933
  view-data: 0.5596661220000101
