times:
  edit-metadata: 1.201681211590767
  landing: 0.5533140115439892
  view-data: 0.2765672989189625
