times:
  edit-metadata: 1.6420073537155986
  landing: 0.20173343736678362
  view-data: 0.2530350862070918
