times:
  edit-metadata: 1.4100214634090662
  landing: 0.8801725842058659
  view-data: 3.3545120982453227
