times:
  landing: 0.5417012489999706
  view-data: 0.5513214210000115
