times:
  edit-metadata: 1.0260669472627342
  landing: 0.043194962199777365
  view-data: 0.20752194337546825
