times:
  edit-metadata: 2.60068940743804
  landing: 1.548140274360776
  view-data: 3.496744755655527
