times:
  edit-metadata: 1.8696911036968231
  landing: 1.1953855603933334
  view-data: 3.4856920205056667
