times:
  edit-metadata: 1.5606583766639233
  landing: 0.7750525195151567
  view-data: 3.3959958162158728
