times:
  edit-metadata: 0.7900885078124702
  landing: 0.06401097122579813
  view-data: 0.23075740318745375
