times:
  edit-metadata: 1.6115545528009534
  landing: 0.024931578896939754
  view-data: 0.48610190115869045
