times:
  edit-metadata: 1.070499316090718
  landing: 0.04952299199067056
  view-data: 0.2117171110585332
