times:
  edit-metadata: 0.7020343542098999
  landing: 0.04713582806289196
  view-data: 0.2215416431427002
