times:
  edit-metadata: 1.1364498361945152
  landing: 0.04852791130542755
  view-data: 0.20200692117214203
