times:
  edit-metadata: 2.1195337772369385
  landing: 1.562970645725727
  view-data: 3.458161775022745
