times:
  edit-metadata: 0.8665975609328598
  landing: 0.07937953202053905
  view-data: 0.23651741398498416
