times:
  edit-metadata: 1.6384970676153898
  landing: 0.01898980513215065
  view-data: 0.026998745277523994
