times:
  edit-metadata: 1.698224287480116
  landing: 1.0208807848393917
  view-data: 3.3142914213240147
