times:
  edit-metadata: 0.7039523250423372
  landing: 0.04676178237423301
  view-data: 0.2260812339372933
