times:
  landing: 1.0677448559999902
  view-data: 0.5547682910000162
