times:
  edit-metadata: 1.6110539911314845
  landing: 0.1320254122838378
  view-data: 0.024549047462642193
