times:
  landing: 0.5489712740000527
  view-data: 0.5580867200000057
