times:
  edit-metadata: 1.7576860319823027
  landing: 0.21903792582452297
  view-data: 0.1546091940253973
