times:
  landing: 0.6166423619999932
  view-data: 0.5650468370000112
