times:
  edit-metadata: 1.2707248907536268
  landing: 0.5766586363315582
  view-data: 0.618120102211833
