times:
  edit-metadata: 1.542595949023962
  landing: 0.8918097727000713
  view-data: 3.4001728035509586
