times:
  edit-metadata: 0.644572843099013
  landing: 0.06345233507454395
  view-data: 0.2508634119294584
