times:
  landing: 1.0659113639999873
  view-data: 0.5561930420000181
