times:
  landing: 0.5574827369999866
  view-data: 0.5713223330000119
