times:
  edit-metadata: 1.3887151386588812
  landing: 0.8467358415946364
  view-data: 3.3711805567145348
