times:
  edit-metadata: 0.7095419247634709
  landing: 0.04347402509301901
  view-data: 0.85516650788486
