times:
  edit-metadata: 1.5851792208850384
  landing: 1.0176830515265465
  view-data: 3.3343318961560726
