times:
  landing: 0.5602561700000024
  view-data: 0.04564249199998471
