times:
  edit-metadata: 2.324099751189351
  landing: 0.02324889600276947
  view-data: 0.037976909428834915
