times:
  edit-metadata: 1.1491168905049562
  landing: 0.9161679912358522
  view-data: 0.47905866242945194
