times:
  edit-metadata: 1.7197741139680147
  landing: 0.019094206392765045
  view-data: 0.45924246963113546
