times:
  landing: 1.0679418609999516
  view-data: 0.5879537659999983
