times:
  edit-metadata: 1.031033325009048
  landing: 0.045889440923929214
  view-data: 0.23102654493413866
