times:
  edit-metadata: 1.6364521756768227
  landing: 0.2400368843227625
  view-data: 0.030132876709103584
