times:
  edit-metadata: 1.0945253469981253
  landing: 0.05482332315295935
  view-data: 0.21025167498737574
