times:
  edit-metadata: 1.627529252320528
  landing: 0.02018185332417488
  view-data: 0.025448985397815704
