times:
  edit-metadata: 1.3785834573209286
  landing: 0.7540450198575854
  view-data: 3.48775724042207
