times:
  edit-metadata: 1.513387469574809
  landing: 0.8459231704473495
  view-data: 3.3600875791162252
