times:
  landing: 0.5613741499998923
  view-data: 0.5526031750000584
