times:
  edit-metadata: 1.8561619650572538
  landing: 0.019660839810967445
  view-data: 0.15073648281395435
