times:
  edit-metadata: 1.6240167766809464
  landing: 1.290341604501009
  view-data: 3.345512945204973
