times:
  landing: 0.5521524079999836
  view-data: 0.5559542340000121
