times:
  edit-metadata: 1.5457146069966257
  landing: 0.11491339420899749
  view-data: 0.34399636602029204
