times:
  edit-metadata: 1.4720282377675176
  landing: 0.9389594960957766
  view-data: 3.386279894039035
