times:
  edit-metadata: 1.5676047932356596
  landing: 0.9603883475065231
  view-data: 3.6428391840308905
