times:
  edit-metadata: 1.7751900888979435
  landing: 0.256831269711256
  view-data: 0.024696268141269684
