times:
  edit-metadata: 1.1937897950410843
  landing: 0.9412552583962679
  view-data: 0.3783108927309513
