times:
  landing: 1.0584307729999978
  view-data: 0.5500872359999676
