times:
  edit-metadata: 1.0023685842752457
  landing: 2.839185791090131
  view-data: 1.1805324722081423
