times:
  edit-metadata: 0.9947426910512149
  landing: 0.06896293116733432
  view-data: 0.236656011082232
