times:
  edit-metadata: 1.095257816836238
  landing: 0.9852518979460001
  view-data: 0.329495083540678
