times:
  edit-metadata: 0.7883662963286042
  landing: 0.04917206382378936
  view-data: 0.24358636420220137
