times:
  edit-metadata: 1.4502437333576381
  landing: 0.8851164267398417
  view-data: 3.4639741741120815
