times:
  edit-metadata: 0.808326969970949
  landing: 0.04441044898703694
  view-data: 0.2575833550072275
