times:
  edit-metadata: 1.1904113478958607
  landing: 0.04940514266490936
  view-data: 0.20519239082932472
