times:
  edit-metadata: 1.6815324202179909
  landing: 0.9527205359190702
  view-data: 3.377791779115796
