times:
  edit-metadata: 1.1527813170105219
  landing: 0.5878804363310337
  view-data: 0.24001863598823547
