times:
  edit-metadata: 1.6663344455882907
  landing: 0.12790254782885313
  view-data: 0.4538910584524274
