times:
  edit-metadata: 0.95110441185534
  landing: 0.594101257622242
  view-data: 0.35216683708131313
