times:
  edit-metadata: 1.473855834454298
  landing: 0.9969556666910648
  view-data: 3.3465845994651318
