times:
  edit-metadata: 1.1973422549999668
  landing: 0.054554669000935974
  view-data: 0.21448344500095118
