times:
  landing: 1.5917138679999994
  view-data: 0.5533600289999754
