times:
  edit-metadata: 0.8196338331326842
  landing: 0.04610129538923502
  view-data: 0.3552646366879344
