times:
  edit-metadata: 1.250955345109105
  landing: 0.05468389391899109
  view-data: 0.2551887407898903
