times:
  edit-metadata: 0.7858838047832251
  landing: 0.11971873790025711
  view-data: 0.2627585050649941
