times:
  edit-metadata: 0.6590991737321019
  landing: 0.040219354908913374
  view-data: 0.25985664036124945
