times:
  edit-metadata: 1.2407652009278536
  landing: 0.524335402995348
  view-data: 0.2536857835948467
