times:
  edit-metadata: 1.675681995227933
  landing: 0.126414998434484
  view-data: 0.024043447338044643
