times:
  edit-metadata: 1.4974252479150891
  landing: 0.837434146553278
  view-data: 3.369316072203219
