times:
  edit-metadata: 0.7733983420184813
  landing: 0.05330261797644198
  view-data: 0.23443837801460177
