times:
  edit-metadata: 0.6851161679951474
  landing: 0.052911994978785515
  view-data: 0.22939422097988427
