times:
  edit-metadata: 1.4533305540680885
  landing: 0.9373338744044304
  view-data: 3.385899096727371
