times:
  edit-metadata: 1.0788950130809098
  landing: 0.04766115511301905
  view-data: 0.20560449792537838
