times:
  edit-metadata: 0.7584928219439462
  landing: 0.04492069501429796
  view-data: 0.23719230899587274
