times:
  edit-metadata: 0.7037725117988884
  landing: 0.05010657012462616
  view-data: 0.23079158319160342
