times:
  edit-metadata: 3.281567116267979
  landing: 0.40480832383036613
  view-data: 0.8327442863956094
