times:
  landing: 0.5488797680000062
  view-data: 0.5580809069999759
