times:
  edit-metadata: 1.446607779711485
  landing: 0.8021381869912148
  view-data: 3.382869018241763
