times:
  landing: 0.5564593160000868
  view-data: 0.55586697800004
