times:
  edit-metadata: 1.5194540061056614
  landing: 0.8771154806017876
  view-data: 3.439064610749483
