times:
  landing: 1.5944237969999904
  view-data: 0.5680452510000009
