times:
  edit-metadata: 0.85893589630723
  landing: 0.6106375474482775
  view-data: 0.23879235424101353
