times:
  edit-metadata: 1.1725736579974182
  landing: 0.05649929301580414
  view-data: 0.21235194700420834
