times:
  edit-metadata: 1.127848606556654
  landing: 0.043464504182338715
  view-data: 0.20985902473330498
