times:
  edit-metadata: 1.6204096972942352
  landing: 0.11811664514243603
  view-data: 0.37881639413535595
