times:
  landing: 0.558458427000005
  view-data: 0.5803404850000788
