times:
  edit-metadata: 0.7149751177057624
  landing: 0.04033780563622713
  view-data: 0.23362569976598024
