times:
  edit-metadata: 1.4257881939411163
  landing: 0.6817743862047791
  view-data: 3.2651736540719867
