times:
  edit-metadata: 1.7615950033068657
  landing: 0.023988788947463036
  view-data: 0.051112182438373566
