times:
  landing: 0.5785799289999431
  view-data: 0.5552398590000394
