times:
  edit-metadata: 0.7080219020135701
  landing: 0.057442568242549896
  view-data: 0.26883791433647275
