times:
  landing: 1.087623300999951
  view-data: 0.5638144190000389
