times:
  edit-metadata: 1.0673515230882913
  landing: 0.045861419988796115
  view-data: 0.34728407789953053
