times:
  edit-metadata: 1.6974656209349632
  landing: 0.09361744299530983
  view-data: 0.028881204314529896
