times:
  edit-metadata: 1.0935719648841769
  landing: 0.04776925593614578
  view-data: 0.21246651094406843
