times:
  edit-metadata: 0.6922588648740202
  landing: 0.04868578794412315
  view-data: 0.24175221798941493
