times:
  landing: 1.069799374000013
  view-data: 0.5646458760000428
