times:
  edit-metadata: 1.5424764472991228
  landing: 0.979243909008801
  view-data: 3.417532515246421
