times:
  edit-metadata: 0.7473091026768088
  landing: 0.040668302215635777
  view-data: 0.24555656500160694
