times:
  landing: 1.0746034009999903
  view-data: 0.5626692409999805
