times:
  edit-metadata: 1.4047680422663689
  landing: 0.9162557609379292
  view-data: 3.415431408211589
