times:
  edit-metadata: 1.6158330896869302
  landing: 0.021270795725286007
  view-data: 0.024615691043436527
