times:
  edit-metadata: 0.7734994958154857
  landing: 0.04921645997092128
  view-data: 0.2365025682374835
