times:
  edit-metadata: 1.5936383418738842
  landing: 0.9372792914509773
  view-data: 3.418264925479889
