times:
  edit-metadata: 1.9912934880703688
  landing: 0.22821135818958282
  view-data: 0.16627954132854939
