times:
  edit-metadata: 1.177574461326003
  landing: 1.1678830198943615
  view-data: 0.49667021818459034
