times:
  edit-metadata: 1.706040121614933
  landing: 0.2345274332910776
  view-data: 0.12916661612689495
