times:
  edit-metadata: 1.4704028302803636
  landing: 0.9858444631099701
  view-data: 3.3523043543100357
