times:
  edit-metadata: 1.675247810781002
  landing: 0.019969262182712555
  view-data: 0.026024870574474335
