times:
  landing: 0.5543976600000065
  view-data: 0.559431251000035
