times:
  edit-metadata: 1.4110396951436996
  landing: 0.9590912722051144
  view-data: 3.414312459528446
