times:
  edit-metadata: 0.6801822679117322
  landing: 0.049142909701913595
  view-data: 0.231579908169806
