times:
  edit-metadata: 1.0180700180353597
  landing: 0.04265950503759086
  view-data: 0.24904528202023357
