times:
  edit-metadata: 1.6666161082684994
  landing: 0.292605422437191
  view-data: 0.1457434520125389
