times:
  landing: 1.08678815199994
  view-data: 0.5605534250000801
