times:
  edit-metadata: 1.2055869121104479
  landing: 0.57397236302495
  view-data: 0.6205421313643456
