times:
  edit-metadata: 0.6844798671081662
  landing: 0.04060171218588948
  view-data: 0.22422083700075746
