times:
  edit-metadata: 1.35883329808712
  landing: 0.872135691344738
  view-data: 3.3248019069433212
