times:
  edit-metadata: 0.6963927450124174
  landing: 0.04155893495772034
  view-data: 0.25587421690579504
