times:
  edit-metadata: 1.6485207872465253
  landing: 0.02096481528133154
  view-data: 0.12683948036283255
