times:
  edit-metadata: 1.142535760998726
  landing: 2.635367374867201
  view-data: 0.6228564437478781
