times:
  edit-metadata: 1.1504146307706833
  landing: 0.6292177978903055
  view-data: 0.31996096670627594
