times:
  edit-metadata: 0.7668321640230715
  landing: 0.04679663002025336
  view-data: 0.24255754600744694
