times:
  landing: 1.0806905869999923
  view-data: 0.562929736000001
