times:
  edit-metadata: 0.9964342173188925
  landing: 0.6570040248334408
  view-data: 0.444338908419013
