times:
  edit-metadata: 1.5153516568243504
  landing: 0.843266811221838
  view-data: 3.394977893680334
