times:
  edit-metadata: 2.0540746450424194
  landing: 0.3135526068508625
  view-data: 0.5528843142092228
