times:
  edit-metadata: 1.7551819272339344
  landing: 0.22010873071849346
  view-data: 0.025675076991319656
