times:
  edit-metadata: 1.0407990929670632
  landing: 0.04942203208338469
  view-data: 0.20273602101951838
