times:
  edit-metadata: 1.0805093020317145
  landing: 0.045558325946331024
  view-data: 0.19846686098026112
