times:
  edit-metadata: 1.5324717443436384
  landing: 0.8941375259310007
  view-data: 3.4073016960173845
