times:
  edit-metadata: 1.2894982807338238
  landing: 0.7398451250046492
  view-data: 0.36579377204179764
