times:
  edit-metadata: 1.6880927048623562
  landing: 1.1296530663967133
  view-data: 3.392878282815218
