times:
  edit-metadata: 0.6657469449855853
  landing: 0.04493799599003978
  view-data: 0.35245267700520344
