times:
  edit-metadata: 0.6827760920859873
  landing: 0.051850931253284216
  view-data: 0.26163793820887804
