times:
  landing: 1.0703008689999933
  view-data: 0.5513475989999961
