times:
  edit-metadata: 1.5834103589877486
  landing: 0.14132293406873941
  view-data: 0.4945368133485317
