times:
  edit-metadata: 1.3195006381720304
  landing: 1.1760964607819915
  view-data: 3.538981788326055
