times:
  landing: 1.079175442999997
  view-data: 0.5536748610000473
