times:
  edit-metadata: 1.5404689442366362
  landing: 0.9823413267731667
  view-data: 3.3101747781038284
