times:
  landing: 1.7355713439173996
  view-data: 0.016468015033751726
