times:
  edit-metadata: 2.1067217320087366
  landing: 0.025841500028036535
  view-data: 0.03289644100004807
