times:
  landing: 0.5409238389999018
  view-data: 0.543348470000069
