times:
  edit-metadata: 1.1349313259124756
  landing: 0.03914078325033188
  view-data: 0.21014415472745895
