times:
  edit-metadata: 1.031653078040108
  landing: 0.040263782953843474
  view-data: 0.2013577048201114
