times:
  edit-metadata: 1.782840047031641
  landing: 0.05389905534684658
  view-data: 0.47530493699014187
