times:
  edit-metadata: 1.0765704661607742
  landing: 0.05208180006593466
  view-data: 0.21556516829878092
