times:
  edit-metadata: 1.402826003730297
  landing: 0.9322614148259163
  view-data: 3.3424542136490345
