times:
  edit-metadata: 0.9302277211099863
  landing: 0.046785266138613224
  view-data: 0.33681676303967834
