times:
  landing: 0.5534494400000085
  view-data: 0.5629795830000148
