times:
  landing: 0.546255761999987
  view-data: 0.5516185660000019
