times:
  landing: 1.0722138720000203
  view-data: 0.5555580160000204
