times:
  edit-metadata: 1.1731733493506908
  landing: 0.040793437510728836
  view-data: 0.2058684639632702
