times:
  edit-metadata: 1.689964897930622
  landing: 0.227457782253623
  view-data: 0.11881597805768251
