times:
  edit-metadata: 1.1775149310124107
  landing: 0.0652204499929212
  view-data: 0.2568906590458937
