times:
  edit-metadata: 1.3127800719812512
  landing: 0.7418839940801263
  view-data: 3.3359561134129763
