times:
  edit-metadata: 0.6661620819941163
  landing: 0.044457387644797564
  view-data: 0.21280479803681374
