times:
  landing: 0.5489689420000161
  view-data: 0.5567759950000095
