times:
  landing: 1.0738664670000162
  view-data: 0.557976133000011
