times:
  edit-metadata: 1.1888544112443924
  landing: 0.5431054197251797
  view-data: 0.3293392565101385
