times:
  edit-metadata: 0.6493945908732712
  landing: 0.036429885774850845
  view-data: 0.20987680088728666
