times:
  edit-metadata: 1.3842360358685255
  landing: 0.7468641009181738
  view-data: 3.3335016146302223
