times:
  landing: 0.5529882289999932
  view-data: 0.5556498120000128
