times:
  edit-metadata: 2.0653954800218344
  landing: 0.547713739797473
  view-data: 0.19869445636868477
