times:
  edit-metadata: 1.0356503549264744
  landing: 0.04697799799032509
  view-data: 0.20059812103863806
