times:
  edit-metadata: 1.6401564478874207
  landing: 1.1578905694186687
  view-data: 3.3555797189474106
