times:
  edit-metadata: 1.558526884764433
  landing: 0.9283901043236256
  view-data: 3.357947714626789
