times:
  landing: 1.0697736569999847
  view-data: 0.5610393940000336
