times:
  landing: 0.5561554899999805
  view-data: 0.5602493110000069
