times:
  edit-metadata: 1.5242342054843903
  landing: 0.9896335154771805
  view-data: 3.3922877572476864
