times:
  edit-metadata: 1.9776148833334446
  landing: 1.4293529838323593
  view-data: 3.639873214997351
