times:
  edit-metadata: 0.664943645009771
  landing: 0.07137682801112533
  view-data: 0.23453614697791636
