times:
  edit-metadata: 1.6039285687729716
  landing: 0.9857913069427013
  view-data: 3.287862090859562
