times:
  landing: 0.5588030229999958
  view-data: 0.5632441459999882
