times:
  edit-metadata: 2.209031996317208
  landing: 1.292004369199276
  view-data: 3.6076132101006806
