times:
  edit-metadata: 1.5387282595038414
  landing: 0.8380828220397234
  view-data: 3.406370609998703
