times:
  landing: 0.5559774840000102
  view-data: 0.5580849090000015
