times:
  edit-metadata: 1.0478088692761958
  landing: 0.04073530388996005
  view-data: 0.21501027280464768
