times:
  edit-metadata: 1.0986163071356714
  landing: 0.052652145037427545
  view-data: 0.20643348805606365
