times:
  edit-metadata: 1.804817732423544
  landing: 0.25350015237927437
  view-data: 0.43228831700980663
