times:
  edit-metadata: 2.0565978586673737
  landing: 0.02484288066625595
  view-data: 0.4187172092497349
