times:
  edit-metadata: 0.7968203569762409
  landing: 0.05896516999928281
  view-data: 0.5016242149868049
