times:
  edit-metadata: 1.6979447975754738
  landing: 0.02701201755553484
  view-data: 0.026213986799120903
