times:
  edit-metadata: 1.1445635184645653
  landing: 0.04698001220822334
  view-data: 0.2020031251013279
