times:
  edit-metadata: 1.646759976632893
  landing: 0.021826403215527534
  view-data: 0.12049361225217581
