times:
  edit-metadata: 1.0613584879902191
  landing: 0.04282090300694108
  view-data: 0.1948369549936615
