times:
  edit-metadata: 1.8446358516812325
  landing: 1.0449328981339931
  view-data: 3.506080586463213
