times:
  edit-metadata: 0.9223272418603301
  landing: 0.0888167591765523
  view-data: 0.376052584964782
