times:
  edit-metadata: 1.0822050219867378
  landing: 0.05719107296317816
  view-data: 0.24145700479857624
