times:
  edit-metadata: 1.7005417626351118
  landing: 1.0933470446616411
  view-data: 3.4929640777409077
