times:
  edit-metadata: 1.9600570518523455
  landing: 0.32809450291097164
  view-data: 0.6491983570158482
