times:
  edit-metadata: 1.0410360391251743
  landing: 0.048394686076790094
  view-data: 0.20350615098141134
