times:
  edit-metadata: 1.1148752979934216
  landing: 0.0552857369184494
  view-data: 0.20509889721870422
