times:
  edit-metadata: 1.3153991997241974
  landing: 1.6417964659631252
  view-data: 0.6396415885537863
