times:
  edit-metadata: 0.766096340958029
  landing: 0.054626108962111175
  view-data: 0.22870052803773433
