times:
  edit-metadata: 2.0545674562454224
  landing: 0.31630267202854156
  view-data: 0.4344220105558634
