times:
  edit-metadata: 1.1099591590464115
  landing: 0.04402671009302139
  view-data: 0.20469773560762405
