times:
  landing: 0.587357370999996
  view-data: 0.5541521860000103
