times:
  edit-metadata: 0.7093593068420887
  landing: 0.039520069025456905
  view-data: 0.23777083586901426
