times:
  edit-metadata: 1.5325699727982283
  landing: 0.8646494094282389
  view-data: 3.4542853999882936
