times:
  edit-metadata: 3.001840485001594
  landing: 0.041007243999047205
  view-data: 0.5803456270004972
