times:
  edit-metadata: 0.8211700972169638
  landing: 0.04789750697091222
  view-data: 0.2605665330775082
