times:
  edit-metadata: 1.7564094718545675
  landing: 0.14711911790072918
  view-data: 0.025514109060168266
