times:
  landing: 0.5493876200000614
  view-data: 0.556387897000036
