times:
  edit-metadata: 1.1558988068718463
  landing: 0.05636566481553018
  view-data: 0.22917924006469548
