times:
  edit-metadata: 1.6243028994649649
  landing: 0.2931950045749545
  view-data: 0.23815564718097448
