times:
  landing: 0.5589783710000233
  view-data: 0.5784503520000044
