times:
  edit-metadata: 1.1929768198169768
  landing: 0.04843813879415393
  view-data: 0.25157473888248205
