times:
  edit-metadata: 0.6722261221148074
  landing: 0.058446689043194056
  view-data: 0.22780138486996293
