times:
  edit-metadata: 2.019031647592783
  landing: 1.305130960419774
  view-data: 3.6393826715648174
