times:
  edit-metadata: 1.9701919732615352
  landing: 0.7670306516811252
  view-data: 3.4484932543709874
