times:
  edit-metadata: 1.6553959511220455
  landing: 0.020464519970119
  view-data: 0.22644862439483404
