times:
  edit-metadata: 1.0225563384592533
  landing: 0.6084806881844997
  view-data: 0.5795672554522753
