times:
  edit-metadata: 0.6778481159708463
  landing: 0.05387988896109164
  view-data: 0.25285775400698185
