times:
  edit-metadata: 2.1768619809299707
  landing: 1.3561801705509424
  view-data: 3.4274269733577967
