times:
  landing: 1.1004885100000479
  view-data: 0.5537507769999479
