times:
  edit-metadata: 1.0582804288715124
  landing: 0.05510698212310672
  view-data: 0.19358435599133372
