times:
  edit-metadata: 1.5805742321535945
  landing: 0.01993708312511444
  view-data: 0.500524383969605
