times:
  edit-metadata: 1.523704832419753
  landing: 0.8309158906340599
  view-data: 3.4864810593426228
