times:
  edit-metadata: 1.7844759076833725
  landing: 0.11424205079674721
  view-data: 0.40850199200212955
