times:
  edit-metadata: 0.6795448330231011
  landing: 0.04738112189806998
  view-data: 0.23273148795124143
