times:
  edit-metadata: 1.112985322251916
  landing: 0.10379669489338994
  view-data: 0.3009385550394654
