times:
  edit-metadata: 1.6132796593010426
  landing: 0.019763054326176643
  view-data: 0.10075557976961136
