times:
  edit-metadata: 0.6640360839664936
  landing: 0.06046356400474906
  view-data: 0.23778150905855
