times:
  edit-metadata: 1.506019152700901
  landing: 0.7777322288602591
  view-data: 3.4043333530426025
