times:
  edit-metadata: 1.2958746738731861
  landing: 0.04552379436790943
  view-data: 0.2503663972020149
