times:
  edit-metadata: 1.0815140679478645
  landing: 0.39855759404599667
  view-data: 0.23205959610641003
