times:
  landing: 0.5508033770000225
  view-data: 0.5566352519999782
