times:
  edit-metadata: 1.392373152077198
  landing: 0.7747746743261814
  view-data: 3.358958274126053
