times:
  edit-metadata: 1.4720606729388237
  landing: 0.8881194740533829
  view-data: 3.306834653019905
