times:
  edit-metadata: 1.9343599025160074
  landing: 0.155339939519763
  view-data: 0.44783623330295086
