times:
  edit-metadata: 1.8088267128914595
  landing: 0.20094849541783333
  view-data: 0.054639965295791626
