times:
  edit-metadata: 1.190788995474577
  landing: 0.6342509631067514
  view-data: 0.2343990970402956
