times:
  edit-metadata: 2.804812543094158
  landing: 1.5894583957269788
  view-data: 3.8388450467027724
