times:
  edit-metadata: 1.639987014234066
  landing: 1.073371060192585
  view-data: 3.486945476382971
