times:
  edit-metadata: 1.4284422844648361
  landing: 0.8632706440985203
  view-data: 3.3385608457028866
