times:
  landing: 0.5505064879999964
  view-data: 0.5552858180000158
