times:
  edit-metadata: 1.7965720184147358
  landing: 0.01969239767640829
  view-data: 0.5283789588138461
