times:
  edit-metadata: 1.208125127479434
  landing: 0.5775606594979763
  view-data: 0.6364030055701733
