times:
  edit-metadata: 0.7480601589995786
  landing: 0.06356238999433117
  view-data: 0.25386477100255433
