times:
  edit-metadata: 1.8481104718521237
  landing: 1.1623856844380498
  view-data: 3.34507376793772
