times:
  edit-metadata: 1.8289376348257065
  landing: 0.1721903495490551
  view-data: 0.40591019205749035
