times:
  edit-metadata: 1.4548159837722778
  landing: 0.843524647410959
  view-data: 3.2600071439519525
