times:
  edit-metadata: 1.0858704335987568
  landing: 0.04193013906478882
  view-data: 0.20539599284529686
