times:
  landing: 1.0777454899999839
  view-data: 0.5695204440000339
