times:
  edit-metadata: 1.7212928431108594
  landing: 0.22759209852665663
  view-data: 0.024491875432431698
