times:
  edit-metadata: 1.05707844090648
  landing: 0.048177671153098345
  view-data: 0.21021753293462098
