times:
  edit-metadata: 1.3833813262172043
  landing: 1.0354706193320453
  view-data: 3.356359088793397
