times:
  edit-metadata: 1.5962508097290993
  landing: 1.0096789747476578
  view-data: 3.43084005266428
