times:
  edit-metadata: 1.5256340149790049
  landing: 0.7987600676715374
  view-data: 3.374704744666815
