times:
  edit-metadata: 1.3895194996148348
  landing: 0.8749644551426172
  view-data: 3.3255227990448475
