times:
  edit-metadata: 1.1874626569915563
  landing: 0.08262053993530571
  view-data: 0.25911480002105236
