times:
  edit-metadata: 0.673747256398201
  landing: 0.04493113700300455
  view-data: 0.21906518610194325
