times:
  edit-metadata: 1.6702347313985229
  landing: 0.019804855808615685
  view-data: 0.4661498023197055
