times:
  edit-metadata: 1.8099879249930382
  landing: 0.02000328991562128
  view-data: 0.27485421672463417
