times:
  edit-metadata: 1.4353631399571896
  landing: 0.9458356983959675
  view-data: 3.3202957063913345
