times:
  edit-metadata: 0.7578961728140712
  landing: 0.048746571876108646
  view-data: 0.23875598283484578
