times:
  edit-metadata: 1.385079424828291
  landing: 0.8854965604841709
  view-data: 3.3080100007355213
