times:
  landing: 0.5605481129999816
  view-data: 0.554548178999994
