times:
  edit-metadata: 1.6461371965706348
  landing: 0.022856580093503
  view-data: 0.027466516941785812
