times:
  edit-metadata: 1.5697868578135967
  landing: 0.9988789930939674
  view-data: 3.421789061278105
