times:
  landing: 0.5596490350000067
  view-data: 0.556989021999982
