times:
  edit-metadata: 1.6196096949279308
  landing: 0.11072922125458717
  view-data: 0.5052351150661707
