times:
  edit-metadata: 1.5882719438523054
  landing: 0.8162168655544519
  view-data: 3.440974621102214
