times:
  edit-metadata: 1.5589893124997616
  landing: 0.9025425836443901
  view-data: 3.3982058577239513
