times:
  edit-metadata: 1.7089817514643073
  landing: 0.02111591026186943
  view-data: 0.23203337099403143
