times:
  edit-metadata: 1.5463777370750904
  landing: 0.8411720432341099
  view-data: 3.411980874836445
