times:
  edit-metadata: 1.0566084429738112
  landing: 0.04167759302072227
  view-data: 0.20414279200485907
