times:
  edit-metadata: 1.5135494116693735
  landing: 1.0391155034303665
  view-data: 3.4014433342963457
