times:
  edit-metadata: 1.2950091622769833
  landing: 1.1174768265336752
  view-data: 0.6289597116410732
