times:
  edit-metadata: 1.6763809081166983
  landing: 0.025351569056510925
  view-data: 0.4558591032400727
