times:
  edit-metadata: 1.408783508464694
  landing: 0.8655678927898407
  view-data: 3.368327334523201
