times:
  edit-metadata: 0.7026906521059573
  landing: 0.044188525062054396
  view-data: 0.2263118689879775
