times:
  edit-metadata: 1.547343298792839
  landing: 0.9294543452560902
  view-data: 3.4668800346553326
