times:
  edit-metadata: 2.4763663206249475
  landing: 1.9150975672528148
  view-data: 3.6600490314885974
