times:
  edit-metadata: 1.660689426586032
  landing: 0.1363875437527895
  view-data: 0.6491337269544601
