times:
  edit-metadata: 1.8738112095743418
  landing: 0.22114052437245846
  view-data: 0.4138815626502037
