times:
  edit-metadata: 1.542631822056137
  landing: 1.0829768449766561
  view-data: 3.3214934800053015
