times:
  landing: 0.5575943000000052
  view-data: 0.5708905089999803
