times:
  edit-metadata: 0.7630215836688876
  landing: 0.04700635792687535
  view-data: 0.24345189286395907
