times:
  edit-metadata: 1.5749970227479935
  landing: 0.8457768503576517
  view-data: 3.4946076963096857
