times:
  edit-metadata: 1.079805376008153
  landing: 0.5967271197587252
  view-data: 0.3077846597880125
