times:
  edit-metadata: 1.5379434134811163
  landing: 0.8042741920799017
  view-data: 3.330690363422036
