times:
  edit-metadata: 1.6810900643467903
  landing: 1.0422786511480808
  view-data: 3.331559296697378
