times:
  edit-metadata: 1.4727331632748246
  landing: 0.8735772082582116
  view-data: 3.4135295590385795
