times:
  edit-metadata: 1.1539881527423859
  landing: 1.1056056506931782
  view-data: 0.6115327775478363
