times:
  edit-metadata: 1.0090582021512091
  landing: 0.101035017054528
  view-data: 0.29915104107931256
