times:
  edit-metadata: 1.5344409793615341
  landing: 0.8632638920098543
  view-data: 3.438895132392645
