times:
  edit-metadata: 1.8461867570877075
  landing: 0.9897149913012981
  view-data: 3.357699144631624
