times:
  edit-metadata: 1.6872836910188198
  landing: 0.020399912260472775
  view-data: 0.0257005849853158
