times:
  edit-metadata: 0.67835823725909
  landing: 0.0452302317135036
  view-data: 0.2261451492086053
