times:
  edit-metadata: 1.324222132563591
  landing: 0.7720522023737431
  view-data: 3.3373185843229294
