times:
  edit-metadata: 1.5405294839292765
  landing: 0.7936181277036667
  view-data: 3.3926208559423685
