times:
  edit-metadata: 0.8711658692918718
  landing: 0.04733388917520642
  view-data: 0.3129736050032079
