times:
  edit-metadata: 1.02237298397813
  landing: 0.04406599898356944
  view-data: 0.19894690305227414
