times:
  edit-metadata: 1.4527483619749546
  landing: 1.0115921944379807
  view-data: 3.4913207106292248
