times:
  edit-metadata: 1.5160768516361713
  landing: 1.3104543089866638
  view-data: 3.3654952235519886
