times:
  edit-metadata: 1.13970150006935
  landing: 0.05711014708504081
  view-data: 0.22381084086373448
