times:
  edit-metadata: 1.782496402040124
  landing: 0.13421913888305426
  view-data: 0.12460872903466225
