times:
  edit-metadata: 1.1334581766277552
  landing: 0.8499205969274044
  view-data: 0.43447683937847614
