times:
  edit-metadata: 1.047315307892859
  landing: 0.03721581003628671
  view-data: 0.21019672905094922
