times:
  edit-metadata: 1.537285465747118
  landing: 0.9370254278182983
  view-data: 3.3222154416143894
