times:
  edit-metadata: 1.0370653830468655
  landing: 0.6151493452489376
  view-data: 0.5996872447431087
