times:
  edit-metadata: 1.046812518965453
  landing: 0.045573236187919974
  view-data: 0.20934620103798807
