times:
  landing: 1.091112014000032
  view-data: 0.06179920200003153
