times:
  edit-metadata: 0.6646193831693381
  landing: 0.04681874695234001
  view-data: 0.24194265180267394
