times:
  edit-metadata: 0.7132830456830561
  landing: 0.044615249149501324
  view-data: 0.2237448412925005
