times:
  edit-metadata: 0.7163461572490633
  landing: 0.04182769590988755
  view-data: 0.21377281984314322
