times:
  edit-metadata: 3.1196867721155286
  landing: 1.580133800394833
  view-data: 3.6411609211936593
