times:
  landing: 0.5512145929999974
  view-data: 0.04829858499999773
