times:
  edit-metadata: 1.711732916533947
  landing: 0.02001869399100542
  view-data: 0.25758344028145075
