times:
  edit-metadata: 1.6787495575845242
  landing: 0.02063101064413786
  view-data: 0.02805648185312748
