times:
  edit-metadata: 1.6946588717401028
  landing: 0.023294838145375252
  view-data: 0.024007631465792656
