times:
  edit-metadata: 1.3911329302936792
  landing: 0.8517831228673458
  view-data: 3.340636359527707
