times:
  edit-metadata: 1.5918740332126617
  landing: 1.1646774411201477
  view-data: 3.464251883327961
