times:
  edit-metadata: 1.0448217429220676
  landing: 0.04285458289086819
  view-data: 0.23745149793103337
