times:
  edit-metadata: 1.439262303058058
  landing: 0.8490009289234877
  view-data: 3.3725885017775
