times:
  edit-metadata: 2.8174885734915733
  landing: 2.207930028438568
  view-data: 3.7048750407993793
