times:
  edit-metadata: 1.125952335074544
  landing: 0.5694604851305485
  view-data: 0.6111352909356356
