times:
  edit-metadata: 1.4404733255505562
  landing: 0.8881700914353132
  view-data: 3.4658857472240925
