times:
  edit-metadata: 1.7680108193308115
  landing: 0.14398222416639328
  view-data: 0.12099155597388744
