times:
  edit-metadata: 2.02035878226161
  landing: 0.01974821649491787
  view-data: 0.025322233326733112
