times:
  edit-metadata: 1.0607300599804148
  landing: 0.05299095809459686
  view-data: 0.23687006393447518
