times:
  edit-metadata: 1.3977802246809006
  landing: 0.8004909716546535
  view-data: 3.280749883502722
