times:
  edit-metadata: 1.2407017163932323
  landing: 0.5707552507519722
  view-data: 0.6486136019229889
