times:
  edit-metadata: 1.4166648630052805
  landing: 0.9040459478273988
  view-data: 3.4499026970006526
