times:
  edit-metadata: 1.2449625320732594
  landing: 0.6068001482635736
  view-data: 0.26415348052978516
