times:
  edit-metadata: 1.6148928068578243
  landing: 0.021970074623823166
  view-data: 0.026454406790435314
