times:
  edit-metadata: 1.5573905110359192
  landing: 1.3245406113564968
  view-data: 3.377662867307663
