times:
  edit-metadata: 1.8236415050923824
  landing: 1.0880525931715965
  view-data: 3.348912753164768
