times:
  landing: 1.069853715000022
  view-data: 0.562998891999996
