times:
  edit-metadata: 1.5843626940622926
  landing: 0.15688334964215755
  view-data: 0.266896391287446
