times:
  edit-metadata: 0.6936742546968162
  landing: 0.043054645881056786
  view-data: 0.25025011505931616
