times:
  edit-metadata: 1.5579301826655865
  landing: 0.8421088047325611
  view-data: 3.397565558552742
