times:
  edit-metadata: 1.732808880507946
  landing: 0.14435827918350697
  view-data: 0.15121047385036945
