times:
  edit-metadata: 0.7136796768754721
  landing: 0.041609653737396
  view-data: 0.22307927394285798
