times:
  landing: 0.550097615000027
  view-data: 0.5682272720000583
