times:
  landing: 1.11004832200706
  view-data: 1.10147556476295
