times:
  edit-metadata: 0.6778691629997411
  landing: 0.046388302000195836
  view-data: 0.22497108399966237
