times:
  edit-metadata: 1.7122454140335321
  landing: 0.021010925993323326
  view-data: 0.5061249546706676
