times:
  edit-metadata: 0.6820755619555712
  landing: 0.05475099396426231
  view-data: 0.350422834046185
