times:
  edit-metadata: 1.376811247318983
  landing: 0.8530815653502941
  view-data: 3.2920360937714577
