times:
  edit-metadata: 1.1623338237404823
  landing: 0.056806791573762894
  view-data: 0.20436867699027061
