times:
  edit-metadata: 0.7039751932024956
  landing: 0.04279740294441581
  view-data: 0.397457845043391
