times:
  edit-metadata: 1.8465939331799746
  landing: 0.19343052804470062
  view-data: 0.15465502999722958
