times:
  edit-metadata: 1.336084634065628
  landing: 0.8327960334718227
  view-data: 3.3794665671885014
