times:
  edit-metadata: 1.2047234571073204
  landing: 0.05911339703015983
  view-data: 0.26887141494080424
