times:
  edit-metadata: 0.6540031579788774
  landing: 0.06583518092520535
  view-data: 0.26368820993229747
