times:
  edit-metadata: 1.5445378087460995
  landing: 1.007649939507246
  view-data: 3.4563140980899334
