times:
  landing: 0.5464461439999582
  view-data: 0.5490815809999958
