times:
  edit-metadata: 0.7538451150030596
  landing: 0.052098454994848
  view-data: 0.23489328401046805
