times:
  edit-metadata: 0.6992212040349841
  landing: 0.04466808773577213
  view-data: 0.2272412278689444
