times:
  landing: 0.5469919580000351
  view-data: 0.557872327000041
