times:
  edit-metadata: 1.9179225922562182
  landing: 1.148803741671145
  view-data: 3.572478554211557
