times:
  edit-metadata: 0.6610389561392367
  landing: 0.04096048092469573
  view-data: 0.20677543617784977
