times:
  edit-metadata: 0.7740138713270426
  landing: 0.05194174591451883
  view-data: 0.29532679496333003
