times:
  edit-metadata: 1.0570036692079157
  landing: 0.04375486494973302
  view-data: 0.22889597504399717
