times:
  edit-metadata: 1.0702889189124107
  landing: 0.05157892405986786
  view-data: 0.2023584432899952
