times:
  edit-metadata: 1.050883905030787
  landing: 0.04462412092834711
  view-data: 0.20082642906345427
