times:
  edit-metadata: 1.6439331863075495
  landing: 0.31464245915412903
  view-data: 0.12664145231246948
