times:
  edit-metadata: 1.7699446994811296
  landing: 0.23077640123665333
  view-data: 0.025897223502397537
