times:
  edit-metadata: 1.3728762548416853
  landing: 0.7576000560075045
  view-data: 3.306533258408308
