times:
  edit-metadata: 0.7261879080033395
  landing: 0.06109160301275551
  view-data: 0.24474747499334626
