times:
  landing: 0.547397209000053
  view-data: 0.5540329070000212
