times:
  edit-metadata: 1.6027013324201107
  landing: 1.0062149204313755
  view-data: 3.3237114399671555
