times:
  edit-metadata: 1.7064564600586891
  landing: 0.02142877411097288
  view-data: 0.12055060267448425
