times:
  edit-metadata: 1.477695073990617
  landing: 0.298313662991859
  view-data: 0.31786347803426906
