times:
  edit-metadata: 1.7332609295845032
  landing: 0.15519683621823788
  view-data: 0.5697128213942051
