times:
  edit-metadata: 2.296184793114662
  landing: 1.4120955523103476
  view-data: 3.531845223158598
