times:
  edit-metadata: 1.6304061226546764
  landing: 0.02192641980946064
  view-data: 0.48217717930674553
