times:
  edit-metadata: 1.15935361944139
  landing: 0.9090690240263939
  view-data: 0.34592506289482117
