times:
  edit-metadata: 1.0379239991307259
  landing: 0.04566324781626463
  view-data: 0.21887231105938554
