times:
  landing: 0.5530733139999029
  view-data: 0.5534984160000249
