times:
  edit-metadata: 0.8740966129989829
  landing: 0.055305716989096254
  view-data: 0.2314633269852493
