times:
  edit-metadata: 0.7334310114383698
  landing: 0.04280388355255127
  view-data: 0.2522079236805439
