times:
  edit-metadata: 1.6545714056119323
  landing: 0.13473727088421583
  view-data: 0.5346848303452134
