times:
  edit-metadata: 0.6779517820104957
  landing: 0.04746644897386432
  view-data: 0.23529668396804482
