times:
  edit-metadata: 1.0698841780103976
  landing: 0.04342105600517243
  view-data: 0.26666451200435404
