times:
  edit-metadata: 1.8111132811754942
  landing: 0.2185402400791645
  view-data: 0.46846740134060383
