times:
  edit-metadata: 0.824246983975172
  landing: 0.047781790141016245
  view-data: 0.3693467457778752
