times:
  edit-metadata: 1.6690342631191015
  landing: 0.22597605362534523
  view-data: 0.1358819231390953
