times:
  landing: 0.5559672370000328
  view-data: 0.5659400719999894
