times:
  landing: 1.0914462619999767
  view-data: 0.5575623780000001
