times:
  edit-metadata: 1.3953155418857932
  landing: 1.0835427790880203
  view-data: 3.3940339693799615
