times:
  landing: 0.6343056020000404
  view-data: 0.5749256920000221
