times:
  edit-metadata: 1.1565898172557354
  landing: 0.05258288234472275
  view-data: 0.20270365476608276
