times:
  edit-metadata: 1.5441148057579994
  landing: 1.1851139441132545
  view-data: 3.425405129790306
