times:
  edit-metadata: 1.133366670459509
  landing: 0.04634935036301613
  view-data: 0.21665430814027786
