times:
  edit-metadata: 1.6658471170812845
  landing: 0.21937242802232504
  view-data: 0.22740724310278893
