times:
  landing: 1.167871847000015
  view-data: 0.5593094500000007
