times:
  edit-metadata: 2.019515751861036
  landing: 0.18199107982218266
  view-data: 0.6661619208753109
