times:
  landing: 0.5467184759999668
  view-data: 0.5487898009999981
