times:
  edit-metadata: 1.4004074570257217
  landing: 0.9991268669255078
  view-data: 3.2870123509783298
