times:
  edit-metadata: 1.107710562646389
  landing: 0.04830463230609894
  view-data: 0.20853428915143013
