times:
  edit-metadata: 0.6814578911289573
  landing: 0.04174498561769724
  view-data: 0.22463719826191664
