times:
  edit-metadata: 1.6894221771508455
  landing: 0.02967667579650879
  view-data: 0.14173602312803268
