times:
  edit-metadata: 0.6962237511761487
  landing: 0.047400479670614004
  view-data: 0.3631715574301779
