times:
  edit-metadata: 1.1472557708621025
  landing: 0.04219676926732063
  view-data: 0.20980248600244522
