times:
  edit-metadata: 1.531893553212285
  landing: 0.888809947296977
  view-data: 3.4277493795379996
