times:
  edit-metadata: 1.156384302303195
  landing: 1.2448023166507483
  view-data: 0.24249161966145039
