times:
  edit-metadata: 1.638337766751647
  landing: 0.11640254687517881
  view-data: 0.5153515096753836
