times:
  edit-metadata: 1.5903078932315111
  landing: 0.0190972238779068
  view-data: 0.02355998568236828
