times:
  edit-metadata: 1.634059823001735
  landing: 0.0989744039834477
  view-data: 0.3230974219623022
