times:
  edit-metadata: 0.6846788893453777
  landing: 0.046445386949926615
  view-data: 0.3592878133058548
