times:
  edit-metadata: 1.6722224112600088
  landing: 0.022058093920350075
  view-data: 0.10918732546269894
