times:
  landing: 1.0607048280000413
  view-data: 0.5514113830000156
