times:
  edit-metadata: 1.6364165050908923
  landing: 0.02075351309031248
  view-data: 0.25176865234971046
