times:
  edit-metadata: 1.1979321651160717
  landing: 1.2534810565412045
  view-data: 0.3198058530688286
