times:
  landing: 0.5491606510000224
  view-data: 0.5552854449999813
