times:
  edit-metadata: 0.9655332304537296
  landing: 0.8409005124121904
  view-data: 0.33064121939241886
