times:
  edit-metadata: 1.281859451904893
  landing: 0.5055185742676258
  view-data: 0.3186644949018955
