times:
  edit-metadata: 0.6960733011364937
  landing: 0.04432136984542012
  view-data: 0.23430509120225906
