times:
  edit-metadata: 1.5167007464915514
  landing: 0.8080884031951427
  view-data: 3.3923628106713295
