times:
  edit-metadata: 0.7803447633050382
  landing: 0.040014189667999744
  view-data: 0.22854993678629398
