times:
  edit-metadata: 2.2154266126453876
  landing: 1.1741962134838104
  view-data: 3.375139996409416
