times:
  edit-metadata: 1.0587681410834193
  landing: 0.08431349392049015
  view-data: 0.21053564990870655
