times:
  edit-metadata: 1.460099757881835
  landing: 1.0367053740192205
  view-data: 3.394845567876473
