times:
  edit-metadata: 1.1265288051217794
  landing: 1.4682147540152073
  view-data: 0.690114751458168
