times:
  edit-metadata: 1.6240024734288454
  landing: 0.18749220483005047
  view-data: 0.023324640467762947
