times:
  landing: 0.5540516180000168
  view-data: 0.5518959690000429
