times:
  edit-metadata: 1.4280328680761158
  landing: 0.8999440970364958
  view-data: 3.3625215059146285
