times:
  landing: 0.5557880990000115
  view-data: 0.5552987979999955
