times:
  edit-metadata: 1.55280124489218
  landing: 0.831463142298162
  view-data: 3.3798448788002133
