times:
  edit-metadata: 1.5492592044174671
  landing: 0.8506886288523674
  view-data: 3.4329242408275604
