times:
  edit-metadata: 1.0450275639886968
  landing: 0.04085816198494285
  view-data: 0.1941771549754776
