times:
  landing: 0.5453177499999811
  view-data: 0.5497499089999565
