times:
  edit-metadata: 1.0766070410609245
  landing: 0.05369234690442681
  view-data: 0.2128643929027021
