times:
  landing: 0.5471015880000323
  view-data: 0.5522691539999869
