times:
  edit-metadata: 0.6762204630067572
  landing: 0.054409397998824716
  view-data: 0.3524899419862777
