times:
  landing: 1.0683669879999798
  view-data: 0.5599440339999546
