times:
  edit-metadata: 0.6811424359912053
  landing: 0.06857083801878616
  view-data: 0.2590982500114478
