times:
  edit-metadata: 0.6795192708959803
  landing: 0.0534741620067507
  view-data: 0.23802433896344155
