times:
  edit-metadata: 0.7128258952870965
  landing: 0.051525517366826534
  view-data: 0.2748657772317529
