times:
  edit-metadata: 0.7492204839363694
  landing: 0.04079980310052633
  view-data: 0.22589460015296936
