times:
  edit-metadata: 1.4447257318533957
  landing: 0.9494012193754315
  view-data: 3.416269644163549
