times:
  landing: 0.5563130039999464
  view-data: 0.5879855379999981
