times:
  edit-metadata: 0.6583880633115768
  landing: 0.06471975380554795
  view-data: 0.24312223307788372
