times:
  edit-metadata: 2.691477371379733
  landing: 1.5261581568047404
  view-data: 3.4000000143423676
