times:
  edit-metadata: 1.0165821691043675
  landing: 0.03948101634159684
  view-data: 0.22099726414307952
