times:
  edit-metadata: 1.1183590292930603
  landing: 0.04554767534136772
  view-data: 0.2135944738984108
