times:
  edit-metadata: 1.2850796394050121
  landing: 0.5632348489016294
  view-data: 0.23130037263035774
