times:
  edit-metadata: 1.0506096189492382
  landing: 0.04115603899117559
  view-data: 0.20893299399176612
