times:
  edit-metadata: 0.6974666281603277
  landing: 0.04934778204187751
  view-data: 0.21968890400603414
