times:
  edit-metadata: 0.8005679501220584
  landing: 0.05025975126773119
  view-data: 0.33736878726631403
