times:
  edit-metadata: 1.776011111214757
  landing: 0.16220724396407604
  view-data: 0.44442347902804613
