times:
  edit-metadata: 0.6580090881325305
  landing: 0.06650236994028091
  view-data: 0.3622982488013804
