times:
  edit-metadata: 1.2997508998960257
  landing: 0.7443763501942158
  view-data: 0.32617017067968845
