times:
  edit-metadata: 1.510719172656536
  landing: 0.8888273742049932
  view-data: 3.438953375443816
