times:
  edit-metadata: 0.7330351788550615
  landing: 0.040432218462228775
  view-data: 0.22610629443079233
