times:
  edit-metadata: 3.4648102559149265
  landing: 1.5224026963114738
  view-data: 3.54359820112586
