times:
  edit-metadata: 1.7578840088099241
  landing: 0.01895611174404621
  view-data: 0.023890892043709755
