times:
  edit-metadata: 1.3958609050605446
  landing: 0.09678175998851657
  view-data: 0.2631523290183395
