times:
  edit-metadata: 1.148352112621069
  landing: 0.04590213671326637
  view-data: 0.20158392190933228
