times:
  edit-metadata: 1.212538557127118
  landing: 0.48046091943979263
  view-data: 0.2252319771796465
