times:
  edit-metadata: 1.7107070721685886
  landing: 1.047579351812601
  view-data: 3.3703978061676025
