times:
  landing: 1.0780255590000252
  view-data: 0.5574605300000144
