times:
  landing: 0.5564055649999773
  view-data: 0.5502310529999477
