times:
  landing: 1.076529340000036
  view-data: 0.5552292870000315
