times:
  edit-metadata: 1.0629822248592973
  landing: 0.1488737971521914
  view-data: 0.2958808350376785
