times:
  landing: 0.5505662809999876
  view-data: 0.5591708439999934
