times:
  edit-metadata: 1.817176142707467
  landing: 0.021196527406573296
  view-data: 0.3996629882603884
