times:
  edit-metadata: 1.5914293490350246
  landing: 0.06106183398514986
  view-data: 0.43389555206522346
