times:
  edit-metadata: 1.7973725162446499
  landing: 0.15554805099964142
  view-data: 0.4799417033791542
