times:
  edit-metadata: 1.6318566491827369
  landing: 0.029844187200069427
  view-data: 0.48638329841196537
