times:
  landing: 0.5498734899999818
  view-data: 0.5605421050000245
