times:
  edit-metadata: 0.6505927830003202
  landing: 0.04748825915157795
  view-data: 0.22069316916167736
