times:
  edit-metadata: 1.020160234067589
  landing: 0.042452817782759666
  view-data: 0.20803060429170728
