times:
  landing: 1.1158420770000248
  view-data: 0.5629021930000135
