times:
  edit-metadata: 1.644367883913219
  landing: 0.22616530675441027
  view-data: 0.22834165766835213
