times:
  landing: 0.5447439030000396
  view-data: 0.5628063070000735
