times:
  edit-metadata: 1.04199709801469
  landing: 0.03867450705729425
  view-data: 0.20273348200134933
