times:
  edit-metadata: 1.3914375603199005
  landing: 0.8464090116322041
  view-data: 3.303408356383443
