times:
  edit-metadata: 1.6393747087568045
  landing: 0.2024133987724781
  view-data: 0.3676845282316208
