times:
  edit-metadata: 1.12315209582448
  landing: 0.0437171645462513
  view-data: 0.21104193851351738
