times:
  edit-metadata: 0.8447972820140421
  landing: 0.05021377600496635
  view-data: 0.5058841400314122
