times:
  edit-metadata: 1.6999082174152136
  landing: 0.022234316915273666
  view-data: 0.3896893188357353
