times:
  edit-metadata: 0.717369866091758
  landing: 0.0410813819617033
  view-data: 0.21181520819664001
