times:
  edit-metadata: 1.777501754462719
  landing: 0.026007497683167458
  view-data: 0.025211786851286888
