times:
  landing: 0.5504681429999891
  view-data: 0.5596168130000194
