times:
  landing: 1.0762345230000392
  view-data: 0.5597557240000128
