times:
  landing: 0.5526260400000069
  view-data: 0.5642081639999788
