times:
  edit-metadata: 1.2425713874399662
  landing: 0.6768441069871187
  view-data: 0.31075556576251984
