times:
  edit-metadata: 1.7394342524930835
  landing: 0.02199495490640402
  view-data: 0.13517330307513475
