times:
  edit-metadata: 2.2205108953639865
  landing: 1.5059476410970092
  view-data: 3.649929629638791
