times:
  edit-metadata: 1.6350425817072392
  landing: 1.0798188708722591
  view-data: 3.395345129072666
