times:
  edit-metadata: 1.7112341979518533
  landing: 0.023787287063896656
  view-data: 0.02352012787014246
