times:
  landing: 0.5445697970000083
  view-data: 0.5481645460000095
