times:
  edit-metadata: 0.673585619777441
  landing: 0.046837909147143364
  view-data: 0.22930746199563146
