times:
  edit-metadata: 0.7417398537509143
  landing: 0.047630073968321085
  view-data: 0.23605732060968876
