times:
  edit-metadata: 1.0982220023870468
  landing: 0.049349766224622726
  view-data: 0.2100011631846428
