times:
  edit-metadata: 2.303604356944561
  landing: 1.2993553509004414
  view-data: 3.4586882279254496
