times:
  edit-metadata: 1.6451380550861359
  landing: 0.02093420922756195
  view-data: 0.4588834224268794
