times:
  edit-metadata: 1.2176734637469053
  landing: 0.6140275485813618
  view-data: 0.21410656534135342
