times:
  landing: 0.5563920600000074
  view-data: 0.560353680999981
