times:
  edit-metadata: 2.9508521100506186
  landing: 0.265648010186851
  view-data: 0.8914986634626985
