times:
  edit-metadata: 2.1263274028897285
  landing: 1.0862721605226398
  view-data: 3.5259932056069374
