times:
  edit-metadata: 1.0247487969463691
  landing: 0.049356187926605344
  view-data: 0.2048701460007578
