times:
  edit-metadata: 1.5350556522607803
  landing: 0.8081108294427395
  view-data: 3.4099128004163504
