times:
  landing: 0.5443184910000127
  view-data: 0.5479148670000313
