times:
  edit-metadata: 1.0885387267917395
  landing: 0.5556816309690475
  view-data: 0.36030553467571735
