times:
  edit-metadata: 0.9351051859557629
  landing: 0.6617832984775305
  view-data: 0.22400357946753502
