times:
  edit-metadata: 1.7795603033155203
  landing: 0.019590657204389572
  view-data: 0.14293710514903069
