times:
  edit-metadata: 1.8213700093328953
  landing: 0.018275951966643333
  view-data: 0.02344302088022232
