times:
  landing: 1.5781785430000355
  view-data: 0.5561606990000314
