times:
  edit-metadata: 2.086513262242079
  landing: 0.27924248576164246
  view-data: 0.5183016005903482
