times:
  edit-metadata: 2.440136722289026
  landing: 1.3324579447507858
  view-data: 3.602365124039352
