times:
  edit-metadata: 1.505826648324728
  landing: 0.7886370979249477
  view-data: 3.418752908706665
