times:
  edit-metadata: 2.2402234487235546
  landing: 0.019418789073824883
  view-data: 0.16730880551040173
