times:
  edit-metadata: 1.5078746937215328
  landing: 0.9405053518712521
  view-data: 3.406824190169573
