times:
  edit-metadata: 1.5535094626247883
  landing: 0.13318730983883142
  view-data: 0.5068071698769927
