times:
  edit-metadata: 1.2230840101838112
  landing: 0.584269205108285
  view-data: 0.6245317570865154
