times:
  edit-metadata: 1.662114167585969
  landing: 0.1658335281535983
  view-data: 0.44442459382116795
