times:
  edit-metadata: 1.1037565991282463
  landing: 0.041273318231105804
  view-data: 0.21131062507629395
