times:
  edit-metadata: 1.1281102299690247
  landing: 0.04850433021783829
  view-data: 0.2059081383049488
