times:
  edit-metadata: 1.5455800220370293
  landing: 0.9347490221261978
  view-data: 3.3986671827733517
