times:
  edit-metadata: 1.5700361346825957
  landing: 0.2084382064640522
  view-data: 0.23022074438631535
