times:
  edit-metadata: 1.3555429298430681
  landing: 0.7641103770583868
  view-data: 3.3381526665762067
