times:
  edit-metadata: 1.5277094095945358
  landing: 1.0545604787766933
  view-data: 3.370148040354252
