times:
  edit-metadata: 1.525732360780239
  landing: 0.8396761231124401
  view-data: 3.7098854314535856
