times:
  edit-metadata: 1.5079356878995895
  landing: 0.9479961544275284
  view-data: 3.4346712678670883
