times:
  edit-metadata: 1.2075618728995323
  landing: 0.7904786691069603
  view-data: 0.3559446819126606
