times:
  edit-metadata: 0.6839422918856144
  landing: 0.04139777272939682
  view-data: 0.22073022834956646
