times:
  landing: 0.5405481399999417
  view-data: 0.5432044770000175
