times:
  edit-metadata: 1.540093094110489
  landing: 0.8238453269004822
  view-data: 3.342022769153118
