times:
  edit-metadata: 1.548235721886158
  landing: 0.7931803818792105
  view-data: 3.3709172531962395
