times:
  edit-metadata: 0.9827074329950847
  landing: 0.05751375699765049
  view-data: 0.2524997500004247
