times:
  edit-metadata: 1.1150283366441727
  landing: 0.0436873696744442
  view-data: 0.20728575065732002
