times:
  edit-metadata: 1.0969967008568347
  landing: 0.04354688408784568
  view-data: 0.23893561190925539
