times:
  edit-metadata: 1.4908842025324702
  landing: 0.9033465962857008
  view-data: 3.4606224857270718
