times:
  edit-metadata: 0.6676665330305696
  landing: 0.046208541141822934
  view-data: 0.23976414906792343
