times:
  landing: 0.5530196659999547
  view-data: 0.5586232630000154
