times:
  edit-metadata: 1.6956163179129362
  landing: 0.19150383677333593
  view-data: 0.14010479114949703
