times:
  edit-metadata: 1.47508785687387
  landing: 0.7530246879905462
  view-data: 3.3677248656749725
