times:
  edit-metadata: 1.638637237250805
  landing: 0.14740456361323595
  view-data: 0.49066517129540443
