times:
  edit-metadata: 0.7154582720249891
  landing: 0.05396446818485856
  view-data: 0.24044955195859075
