times:
  edit-metadata: 1.5972517002373934
  landing: 0.18458302784711123
  view-data: 0.44011399801820517
