times:
  landing: 1.0698484890000373
  view-data: 0.5527653530000407
