times:
  edit-metadata: 1.8474534880369902
  landing: 0.021204350516200066
  view-data: 0.1628490723669529
