times:
  edit-metadata: 0.8397303399979137
  landing: 0.060707975004334
  view-data: 0.2289525060041342
