times:
  edit-metadata: 1.0518971849960508
  landing: 0.04716571100289002
  view-data: 0.2062209269934101
