times:
  edit-metadata: 0.7432006970047951
  landing: 0.061168425949290395
  view-data: 0.24183847202220932
