times:
  edit-metadata: 1.7092075916007161
  landing: 0.20191548205912113
  view-data: 0.02390898484736681
