times:
  edit-metadata: 1.3125102277845144
  landing: 0.6299911048263311
  view-data: 0.6098151337355375
