times:
  landing: 0.6091690229999926
  view-data: 0.5593603800000437
