times:
  edit-metadata: 1.0675144459819421
  landing: 0.04595364804845303
  view-data: 0.2099246879806742
