times:
  edit-metadata: 1.4318299107253551
  landing: 0.8529230421409011
  view-data: 3.306916132569313
