times:
  edit-metadata: 1.046801001066342
  landing: 0.03621075092814863
  view-data: 0.20239379804115742
