times:
  edit-metadata: 1.1555699929594994
  landing: 0.6790837924927473
  view-data: 0.30793246626853943
