times:
  edit-metadata: 1.529562445357442
  landing: 0.7685591895133257
  view-data: 3.3871271051466465
