times:
  edit-metadata: 0.7462530955672264
  landing: 0.06130068842321634
  view-data: 0.22818414960056543
