times:
  edit-metadata: 1.7811518013477325
  landing: 1.1349930576980114
  view-data: 3.3687634579837322
