times:
  edit-metadata: 1.5267268903553486
  landing: 0.9423477556556463
  view-data: 3.441877169534564
