times:
  edit-metadata: 2.022737991064787
  landing: 0.2196653801947832
  view-data: 0.5062468312680721
