times:
  edit-metadata: 0.6957248169928789
  landing: 0.050054744351655245
  view-data: 0.21114748297259212
