times:
  edit-metadata: 1.3606696710921824
  landing: 0.05805084714666009
  view-data: 0.45284833619371057
