times:
  landing: 1.075875064999991
  view-data: 0.5590222189999849
