times:
  landing: 0.5607939579999766
  view-data: 0.5553218539999989
