times:
  landing: 1.5902354799999898
  view-data: 0.557471760999988
