times:
  edit-metadata: 1.0435976050794125
  landing: 0.0646309768781066
  view-data: 0.23796019796282053
