times:
  landing: 0.5522167880000097
  view-data: 0.5562422069999684
