times:
  edit-metadata: 1.4141064470168203
  landing: 0.8416705769486725
  view-data: 3.3970210959669203
