times:
  edit-metadata: 1.765170724131167
  landing: 0.13607463333755732
  view-data: 0.023117829114198685
