times:
  edit-metadata: 0.9018585942685604
  landing: 0.04412342235445976
  view-data: 0.25368994288146496
