times:
  edit-metadata: 1.5601389929652214
  landing: 1.0433179587125778
  view-data: 3.3536970131099224
