times:
  edit-metadata: 1.4625602513551712
  landing: 0.9971156716346741
  view-data: 3.3844051845371723
