times:
  landing: 1.0686557689999745
  view-data: 0.5591425850000178
