times:
  landing: 0.5550837629999705
  view-data: 0.5623690130000227
