times:
  edit-metadata: 1.524689458310604
  landing: 0.8619814701378345
  view-data: 3.4448653142899275
