times:
  edit-metadata: 1.0796182480407879
  landing: 0.04937576793599874
  view-data: 0.20087957102805376
