times:
  landing: 0.5582550230000152
  view-data: 0.5562211989999923
