times:
  edit-metadata: 1.6202260199934244
  landing: 0.0470522865653038
  view-data: 0.4088747613132
