times:
  landing: 0.5550672150000082
  view-data: 0.5641230680000149
