times:
  edit-metadata: 1.0339882769621909
  landing: 0.05436668288893998
  view-data: 0.24467541300691664
