times:
  edit-metadata: 1.196356002241373
  landing: 0.042803894728422165
  view-data: 0.20620572566986084
