times:
  edit-metadata: 1.6830298230051994
  landing: 0.1939497273415327
  view-data: 0.3800779953598976
