times:
  edit-metadata: 1.6467277919873595
  landing: 0.02146928198635578
  view-data: 0.02588728815317154
