times:
  edit-metadata: 0.9561003744602203
  landing: 0.5093687027692795
  view-data: 0.2729666605591774
