times:
  edit-metadata: 1.7032551765441895
  landing: 0.24044284410774708
  view-data: 0.026224631816148758
