times:
  edit-metadata: 1.681329146027565
  landing: 0.21493645012378693
  view-data: 0.02350798435509205
