times:
  edit-metadata: 1.0497512300207745
  landing: 0.0515260920219589
  view-data: 0.21097830301732756
