times:
  edit-metadata: 1.5155509356409311
  landing: 0.8330513257533312
  view-data: 3.3842928800731897
