times:
  edit-metadata: 1.048664125992218
  landing: 0.04570397300994955
  view-data: 0.20124263800971676
