times:
  edit-metadata: 1.8029823452234268
  landing: 0.12293493933975697
  view-data: 0.11974329687654972
