times:
  edit-metadata: 0.6712102279998362
  landing: 0.039638488087803125
  view-data: 0.22189925890415907
