times:
  edit-metadata: 0.7985443291254342
  landing: 0.04844349296763539
  view-data: 0.2549689542502165
