times:
  landing: 0.563111350999975
  view-data: 0.5631460879999963
