times:
  landing: 0.5558010199999899
  view-data: 0.056868475000015906
