times:
  edit-metadata: 1.0596066531725228
  landing: 0.04357387498021126
  view-data: 0.21516795409843326
