times:
  landing: 0.555755218999991
  view-data: 0.5653518019999808
