times:
  edit-metadata: 0.7097192481160164
  landing: 0.04277895484119654
  view-data: 0.21193531900644302
