times:
  edit-metadata: 1.694082654081285
  landing: 0.13947190530598164
  view-data: 0.22077284194529057
