times:
  landing: 0.5502056340000081
  view-data: 0.5547237249999739
