times:
  edit-metadata: 1.3954543098807335
  landing: 0.856333963572979
  view-data: 3.2918386347591877
