times:
  landing: 0.5424235140000064
  view-data: 0.541719106999949
