times:
  edit-metadata: 1.600010040216148
  landing: 0.1234604911878705
  view-data: 0.1191853703930974
