times:
  edit-metadata: 1.1917942613363266
  landing: 1.269784789532423
  view-data: 0.318235931918025
