times:
  edit-metadata: 0.7624986080336384
  landing: 0.049733254010789096
  view-data: 0.25706902699312195
