times:
  edit-metadata: 1.3022347502410412
  landing: 0.047399573028087616
  view-data: 0.22819741815328598
