times:
  edit-metadata: 1.6320442333817482
  landing: 0.01961665228009224
  view-data: 0.5101529974490404
