times:
  edit-metadata: 1.6010891050100327
  landing: 0.8537412248551846
  view-data: 3.3626088686287403
