times:
  edit-metadata: 1.5701380781829357
  landing: 0.8000758159905672
  view-data: 3.381758540868759
