times:
  edit-metadata: 0.663755445741117
  landing: 0.06588636199012399
  view-data: 0.2416973588988185
