times:
  edit-metadata: 0.6937065590173006
  landing: 0.045645243022590876
  view-data: 0.26182126393541694
