times:
  edit-metadata: 0.781839263974689
  landing: 0.055958702927455306
  view-data: 0.2661454399349168
