times:
  edit-metadata: 1.5574161056429148
  landing: 0.8476896826177835
  view-data: 3.45502438955009
