times:
  edit-metadata: 0.7123670722357929
  landing: 0.05172651680186391
  view-data: 0.27025421196594834
