times:
  edit-metadata: 1.6469727465882897
  landing: 0.019127911888062954
  view-data: 0.023695765994489193
