times:
  edit-metadata: 1.0219296719878912
  landing: 0.8160910345613956
  view-data: 0.29374808445572853
