times:
  landing: 0.552086796999987
  view-data: 0.5522740079999835
