times:
  edit-metadata: 0.7404946489259601
  landing: 0.05070712883025408
  view-data: 0.23361865803599358
