times:
  edit-metadata: 0.6852753669954836
  landing: 0.05530495010316372
  view-data: 0.33904009009711444
