times:
  edit-metadata: 0.6819342491216958
  landing: 0.046706650871783495
  view-data: 0.25165513390675187
