times:
  edit-metadata: 1.5312639847397804
  landing: 1.0007849298417568
  view-data: 3.41745338216424
