times:
  edit-metadata: 0.6850286768749356
  landing: 0.03716071927919984
  view-data: 0.23590845707803965
