times:
  edit-metadata: 1.5405409187078476
  landing: 1.0861181057989597
  view-data: 3.4238903895020485
