times:
  edit-metadata: 1.8392854388803244
  landing: 1.135030584409833
  view-data: 3.579588580876589
