times:
  edit-metadata: 1.025644237990491
  landing: 0.05008131905924529
  view-data: 0.199716157047078
