times:
  edit-metadata: 1.467472406104207
  landing: 0.8589367009699345
  view-data: 3.3766396469436586
