times:
  edit-metadata: 1.422431156039238
  landing: 0.860429048538208
  view-data: 3.3148214239627123
