times:
  edit-metadata: 1.1578870303928852
  landing: 1.1478196308016777
  view-data: 0.6088789496570826
