times:
  edit-metadata: 1.1087242625653744
  landing: 0.049777835607528687
  view-data: 0.21110708639025688
