times:
  edit-metadata: 0.6549860080704093
  landing: 0.04435523692518473
  view-data: 0.2046092259697616
