times:
  edit-metadata: 1.1245657317340374
  landing: 0.05023913457989693
  view-data: 0.22167308256030083
