times:
  landing: 1.0870028589999947
  view-data: 0.5795192109999903
