times:
  edit-metadata: 1.0691384361125529
  landing: 0.04031247994862497
  view-data: 0.21876844903454185
