times:
  edit-metadata: 1.7676087189465761
  landing: 0.16012855432927608
  view-data: 0.39988806284964085
