times:
  landing: 0.5481288070000119
  view-data: 0.5525102550000156
