times:
  edit-metadata: 1.7251419369131327
  landing: 0.25864179618656635
  view-data: 0.5739702247083187
