times:
  edit-metadata: 1.454996643587947
  landing: 0.8751741126179695
  view-data: 3.33294877409935
