times:
  edit-metadata: 1.996597396209836
  landing: 0.023399580270051956
  view-data: 0.13954910822212696
