times:
  edit-metadata: 0.9910928113386035
  landing: 0.05532303871586919
  view-data: 0.2935473760589957
