times:
  edit-metadata: 1.0734748360700905
  landing: 0.044233351945877075
  view-data: 0.21079505002126098
