times:
  landing: 0.5776012299999707
  view-data: 0.5619193320000022
