times:
  edit-metadata: 0.67206737305969
  landing: 0.053022845182567835
  view-data: 0.24316722713410854
