times:
  edit-metadata: 1.7079990161582828
  landing: 0.23135717399418354
  view-data: 0.5283129354938865
