times:
  edit-metadata: 1.793733974918723
  landing: 0.11964954249560833
  view-data: 0.02684415876865387
