times:
  edit-metadata: 1.5679207481443882
  landing: 0.9075607061386108
  view-data: 3.2960044108331203
