times:
  edit-metadata: 0.7449911716394126
  landing: 0.06681788200512528
  view-data: 0.24456103285774589
