times:
  edit-metadata: 1.4339757240377367
  landing: 0.853612719103694
  view-data: 3.3203080017119646
