times:
  edit-metadata: 1.0850534960627556
  landing: 0.04225071519613266
  view-data: 0.21303144469857216
