times:
  edit-metadata: 1.6747784297913313
  landing: 0.020943159237504005
  view-data: 0.026481276378035545
