times:
  landing: 1.0679579119999971
  view-data: 0.5543935549999901
