times:
  edit-metadata: 1.7756558526307344
  landing: 0.1385987251996994
  view-data: 0.030214443802833557
