times:
  landing: 0.5516329330000076
  view-data: 0.04627614700001459
