times:
  landing: 0.5446668139999247
  view-data: 0.5530987250000408
