times:
  edit-metadata: 1.451268095523119
  landing: 0.9971223007887602
  view-data: 3.3324459567666054
