times:
  edit-metadata: 1.6031312122941017
  landing: 0.9396832007914782
  view-data: 3.496065592393279
