times:
  edit-metadata: 1.0339486619923264
  landing: 0.03651713498402387
  view-data: 0.20313187094870955
