times:
  landing: 0.5461664749999784
  view-data: 0.549166807000006
