times:
  edit-metadata: 2.110809831880033
  landing: 1.0134278470650315
  view-data: 3.3406059339176863
