times:
  edit-metadata: 0.6913968669250607
  landing: 0.05030141107272357
  view-data: 0.3467671370599419
