times:
  edit-metadata: 1.1994354967027903
  landing: 0.9122266415506601
  view-data: 0.4269031975418329
