times:
  edit-metadata: 1.1067738179699518
  landing: 0.04043332196306437
  view-data: 0.20858708902960643
