times:
  edit-metadata: 1.7016090489923954
  landing: 0.020900530740618706
  view-data: 0.09969912189990282
