times:
  edit-metadata: 1.1380042675882578
  landing: 2.257145954295993
  view-data: 0.3333767466247082
