times:
  edit-metadata: 0.7308499189093709
  landing: 0.041983856819570065
  view-data: 0.228725403547287
