times:
  landing: 1.0756890529999623
  view-data: 0.5655242560000033
