times:
  edit-metadata: 1.1756820902228355
  landing: 0.049745773896574974
  view-data: 0.32331472262740135
