times:
  edit-metadata: 1.8322562519460917
  landing: 1.1150062722153962
  view-data: 3.7778105000033975
