times:
  edit-metadata: 1.0196405060123652
  landing: 0.04431532393209636
  view-data: 0.20975449308753014
