times:
  edit-metadata: 1.5693796798586845
  landing: 0.9507518969476223
  view-data: 3.457926131784916
