times:
  edit-metadata: 1.6469751065596938
  landing: 0.02032017521560192
  view-data: 0.02622693032026291
