times:
  edit-metadata: 1.3909421972930431
  landing: 0.8812151663005352
  view-data: 3.289477191865444
