times:
  edit-metadata: 0.8677946589887142
  landing: 0.6037511918693781
  view-data: 0.22221598401665688
