times:
  edit-metadata: 1.648547855205834
  landing: 0.2317482614889741
  view-data: 0.12299428787082434
