times:
  edit-metadata: 2.1214406192302704
  landing: 1.2761669885367155
  view-data: 3.483748745173216
