times:
  edit-metadata: 1.1674784310162067
  landing: 1.104525800794363
  view-data: 0.613497307524085
