times:
  edit-metadata: 2.485220968723297
  landing: 1.1319954134523869
  view-data: 3.5841007120907307
