times:
  edit-metadata: 1.4506835178472102
  landing: 0.8849663180299103
  view-data: 3.3568839938379824
