times:
  edit-metadata: 1.4094391240505502
  landing: 0.8981663919985294
  view-data: 3.3302547989878803
