times:
  edit-metadata: 1.3631546758115292
  landing: 0.8047859258949757
  view-data: 3.2546403724700212
