times:
  edit-metadata: 0.6848378600552678
  landing: 0.0507830900605768
  view-data: 0.3690505849663168
