times:
  edit-metadata: 0.6784076690673828
  landing: 0.05743735306896269
  view-data: 0.2600720301270485
