times:
  edit-metadata: 0.6785705150105059
  landing: 0.04614467895589769
  view-data: 0.4792725050356239
