times:
  edit-metadata: 1.4392311945557594
  landing: 0.7941349893808365
  view-data: 3.523228719830513
