times:
  edit-metadata: 1.4518468044698238
  landing: 0.7893749140202999
  view-data: 3.3597290739417076
