times:
  edit-metadata: 1.3969609066843987
  landing: 0.6994438022375107
  view-data: 3.464294120669365
