times:
  edit-metadata: 1.5403651781380177
  landing: 0.9099805802106857
  view-data: 3.3185409530997276
