times:
  edit-metadata: 1.4636436328291893
  landing: 0.7397637143731117
  view-data: 3.42805415391922
