times:
  edit-metadata: 1.588277705013752
  landing: 0.8362831473350525
  view-data: 3.4921291694045067
