times:
  edit-metadata: 1.4453787505626678
  landing: 0.7919061183929443
  view-data: 3.420545756816864
