times:
  edit-metadata: 1.6741467826068401
  landing: 0.9127491898834705
  view-data: 3.316512741148472
