times:
  edit-metadata: 1.3599551245570183
  landing: 0.7870853394269943
  view-data: 3.4875207915902138
