times:
  edit-metadata: 1.7297307029366493
  landing: 1.9270671978592873
  view-data: 3.5660283267498016
