times:
  edit-metadata: 1.4205892831087112
  landing: 0.7254713289439678
  view-data: 3.28794751688838
