times:
  edit-metadata: 1.5376697480678558
  landing: 1.1648829579353333
  view-data: 3.527877561748028
