times:
  edit-metadata: 1.5376612469553947
  landing: 0.8286678157746792
  view-data: 3.3834050856530666
