times:
  edit-metadata: 1.3977049812674522
  landing: 1.1491199061274529
  view-data: 0.5628814548254013
