times:
  edit-metadata: 1.495502583682537
  landing: 0.9152824059128761
  view-data: 3.4932953119277954
