times:
  edit-metadata: 2.010485179722309
  landing: 1.3089021071791649
  view-data: 3.3782823756337166
