times:
  edit-metadata: 1.3441626653075218
  landing: 0.7692960947751999
  view-data: 3.4721097350120544
