times:
  edit-metadata: 1.7710156291723251
  landing: 1.1156268119812012
  view-data: 3.581033132970333
