times:
  edit-metadata: 1.2252221181988716
  landing: 0.7952443808317184
  view-data: 3.5326970294117928
