times:
  edit-metadata: 1.367969088256359
  landing: 0.7311943843960762
  view-data: 3.5097836330533028
