times:
  edit-metadata: 1.4207486659288406
  landing: 0.736399807035923
  view-data: 3.4373201429843903
