times:
  edit-metadata: 1.3687081336975098
  landing: 1.1075311973690987
  view-data: 3.2931409515440464
