times:
  edit-metadata: 1.404069647192955
  landing: 0.7577305063605309
  view-data: 3.4178804755210876
