times:
  edit-metadata: 1.4321568831801414
  landing: 0.7638369277119637
  view-data: 3.480232462286949
