times:
  edit-metadata: 1.497030034661293
  landing: 0.9350839778780937
  view-data: 3.5614558160305023
