times:
  edit-metadata: 1.3491159230470657
  landing: 0.7538662701845169
  view-data: 3.410908132791519
