times:
  edit-metadata: 1.563310444355011
  landing: 0.7779650017619133
  view-data: 3.444155380129814
