times:
  edit-metadata: 1.386446826159954
  landing: 0.8101139292120934
  view-data: 3.5309562906622887
