times:
  edit-metadata: 1.4037475511431694
  landing: 0.8105514273047447
  view-data: 3.26892676204443
