times:
  edit-metadata: 1.475144438445568
  landing: 0.8327338322997093
  view-data: 3.497382678091526
