times:
  edit-metadata: 1.391392007470131
  landing: 0.7240274548530579
  view-data: 3.3275749683380127
