times:
  edit-metadata: 1.4777828566730022
  landing: 1.0653551742434502
  view-data: 3.3407782278954983
