times:
  edit-metadata: 1.415071316063404
  landing: 0.7870218008756638
  view-data: 3.392542451620102
