times:
  edit-metadata: 1.4306103065609932
  landing: 0.7227721139788628
  view-data: 3.466266207396984
