times:
  edit-metadata: 1.3791118487715721
  landing: 0.8001548424363136
  view-data: 3.580462194979191
