times:
  edit-metadata: 1.4500870443880558
  landing: 1.0171545781195164
  view-data: 3.3482028134167194
