times:
  edit-metadata: 1.3970300555229187
  landing: 0.7294764518737793
  view-data: 3.4876523911952972
