times:
  edit-metadata: 1.8579086512327194
  landing: 1.2051994651556015
  view-data: 3.568350650370121
