times:
  edit-metadata: 1.539717424660921
  landing: 0.8222532533109188
  view-data: 3.331632599234581
