times:
  edit-metadata: 1.4780054911971092
  landing: 0.747178103774786
  view-data: 3.323796294629574
