times:
  edit-metadata: 1.4157521277666092
  landing: 0.7123833186924458
  view-data: 3.3220395520329475
