times:
  edit-metadata: 1.3774328827857971
  landing: 0.828015748411417
  view-data: 3.3006052896380424
