times:
  edit-metadata: 1.7601036205887794
  landing: 0.9788515344262123
  view-data: 3.3878545835614204
