times:
  edit-metadata: 1.6066320426762104
  landing: 1.7489694505929947
  view-data: 3.552691001445055
