times:
  edit-metadata: 1.394641324877739
  landing: 0.7061971053481102
  view-data: 3.507620044052601
