times:
  edit-metadata: 1.5073561295866966
  landing: 0.7283417508006096
  view-data: 3.321459248661995
