times:
  edit-metadata: 1.3626325950026512
  landing: 0.7144238874316216
  view-data: 3.299528129398823
