times:
  edit-metadata: 1.4082771465182304
  landing: 0.7785947695374489
  view-data: 3.432617664337158
