times:
  edit-metadata: 1.3976130858063698
  landing: 0.8126692548394203
  view-data: 3.4495859593153
