times:
  edit-metadata: 1.4631506688892841
  landing: 0.9461742229759693
  view-data: 3.4299976713955402
