times:
  edit-metadata: 1.449583824723959
  landing: 0.8103879578411579
  view-data: 3.3505994863808155
