times:
  edit-metadata: 1.3759661987423897
  landing: 0.852322407066822
  view-data: 3.384447358548641
