times:
  edit-metadata: 1.4209566041827202
  landing: 0.8291700184345245
  view-data: 3.2650267109274864
