times:
  edit-metadata: 1.8736492991447449
  landing: 1.1216400116682053
  view-data: 3.5035578049719334
