times:
  edit-metadata: 1.4197520390152931
  landing: 0.8813731707632542
  view-data: 3.3247241526842117
