times:
  edit-metadata: 1.4315391778945923
  landing: 0.7441677302122116
  view-data: 3.458650730550289
