times:
  edit-metadata: 1.4391096755862236
  landing: 0.7805129215121269
  view-data: 3.4616686701774597
