times:
  edit-metadata: 1.4487046524882317
  landing: 0.8313304707407951
  view-data: 3.495108313858509
