times:
  edit-metadata: 1.4418201595544815
  landing: 0.8019190318882465
  view-data: 3.309614025056362
