times:
  edit-metadata: 1.392283946275711
  landing: 0.7101280242204666
  view-data: 3.310769446194172
