times:
  edit-metadata: 1.5101519227027893
  landing: 0.7521579973399639
  view-data: 3.276189159601927
