times:
  edit-metadata: 1.4603442773222923
  landing: 0.838754840195179
  view-data: 3.498635321855545
