times:
  edit-metadata: 1.40323106944561
  landing: 0.7654300332069397
  view-data: 3.4649924635887146
