times:
  edit-metadata: 1.9219505190849304
  landing: 1.3328505977988243
  view-data: 3.4327330589294434
