times:
  edit-metadata: 2.050184052437544
  landing: 1.401801135390997
  view-data: 3.426279943436384
