times:
  edit-metadata: 1.4857153370976448
  landing: 0.7408776059746742
  view-data: 0.49971597641706467
