times:
  edit-metadata: 1.3005543984472752
  landing: 1.0964043587446213
  view-data: 3.3233165480196476
