times:
  edit-metadata: 1.425575576722622
  landing: 0.8817762061953545
  view-data: 3.3411350771784782
