times:
  edit-metadata: 1.3696197420358658
  landing: 0.7875996008515358
  view-data: 0.5228097513318062
