times:
  edit-metadata: 1.3720112144947052
  landing: 0.7737738192081451
  view-data: 3.501307837665081
