times:
  edit-metadata: 1.3638203740119934
  landing: 0.6732901781797409
  view-data: 3.454881764948368
