times:
  edit-metadata: 1.5229773372411728
  landing: 1.0202745757997036
  view-data: 3.3522555083036423
