times:
  edit-metadata: 1.7804575264453888
  landing: 0.9459175020456314
  view-data: 3.431317113339901
