times:
  edit-metadata: 1.4282623305916786
  landing: 0.7835776209831238
  view-data: 3.509690970182419
