times:
  edit-metadata: 1.3846073895692825
  landing: 0.7554686591029167
  view-data: 3.5255526900291443
