times:
  edit-metadata: 1.4337068125605583
  landing: 0.7687706127762794
  view-data: 3.3331283852458
