times:
  edit-metadata: 1.724844392389059
  landing: 0.9959764778614044
  view-data: 3.2950758077204227
