times:
  edit-metadata: 1.4047920629382133
  landing: 0.7588421106338501
  view-data: 3.511834502220154
