times:
  edit-metadata: 1.6311186626553535
  landing: 0.9771342575550079
  view-data: 3.349792204797268
