times:
  edit-metadata: 4.052118513733149
  landing: 1.2529009133577347
  view-data: 4.206045314669609
