times:
  edit-metadata: 1.4336424432694912
  landing: 0.8806702978909016
  view-data: 3.2922866754233837
