times:
  edit-metadata: 1.4191801324486732
  landing: 0.7271061763167381
  view-data: 3.299399934709072
