times:
  edit-metadata: 1.3779920414090157
  landing: 0.750371802598238
  view-data: 3.261739667505026
