times:
  edit-metadata: 1.4151198714971542
  landing: 0.7095335051417351
  view-data: 3.6219594478607178
