times:
  edit-metadata: 1.4424146637320518
  landing: 0.7276499941945076
  view-data: 3.301139034330845
