times:
  edit-metadata: 1.7439101934432983
  landing: 0.9501455239951611
  view-data: 3.3725867085158825
