times:
  edit-metadata: 1.4644512310624123
  landing: 0.8811486065387726
  view-data: 3.405160628259182
