times:
  edit-metadata: 2.713989458978176
  landing: 1.2594916969537735
  view-data: 3.7753852903842926
