times:
  edit-metadata: 2.454954482614994
  landing: 1.2639627903699875
  view-data: 3.4944100826978683
