times:
  edit-metadata: 1.5651475191116333
  landing: 0.7951724417507648
  view-data: 3.3279698565602303
