times:
  edit-metadata: 2.0049985460937023
  landing: 1.1631901748478413
  view-data: 3.5885767936706543
