times:
  edit-metadata: 1.4319569766521454
  landing: 0.7177562043070793
  view-data: 3.3943184912204742
