times:
  edit-metadata: 1.4833153560757637
  landing: 0.7567859999835491
  view-data: 3.2987050861120224
