times:
  edit-metadata: 1.495225004851818
  landing: 1.2771544679999352
  view-data: 3.3720106929540634
