times:
  edit-metadata: 1.499599851667881
  landing: 0.8328385949134827
  view-data: 3.286128606647253
