times:
  edit-metadata: 1.4032681249082088
  landing: 0.7268663085997105
  view-data: 3.3238369673490524
