times:
  edit-metadata: 1.4543738886713982
  landing: 0.8742987774312496
  view-data: 3.4282036125659943
