times:
  edit-metadata: 1.466098915785551
  landing: 0.7754119746387005
  view-data: 3.274544809013605
