times:
  edit-metadata: 1.4117833897471428
  landing: 0.8096460253000259
  view-data: 3.3113113194704056
