times:
  edit-metadata: 1.4395364820957184
  landing: 0.8222825787961483
  view-data: 3.377088226377964
