times:
  edit-metadata: 1.3863013982772827
  landing: 0.7673398032784462
  view-data: 3.4319638535380363
