times:
  edit-metadata: 1.6050648130476475
  landing: 0.9531338140368462
  view-data: 3.3553479500114918
