times:
  edit-metadata: 1.432384267449379
  landing: 0.7319008111953735
  view-data: 3.3324189633131027
