times:
  edit-metadata: 1.3585730120539665
  landing: 0.7903200089931488
  view-data: 3.439013756811619
