times:
  edit-metadata: 1.6441296190023422
  landing: 0.9185213968157768
  view-data: 3.291726939380169
