times:
  edit-metadata: 1.4774499237537384
  landing: 0.7789193540811539
  view-data: 3.4671085700392723
