times:
  edit-metadata: 1.3917619585990906
  landing: 0.766251303255558
  view-data: 3.4884201884269714
