times:
  edit-metadata: 1.8129308447241783
  landing: 0.9747764989733696
  view-data: 3.502188064157963
