times:
  edit-metadata: 1.6039344891905785
  landing: 0.8926002234220505
  view-data: 3.5702668875455856
