times:
  edit-metadata: 2.0778597481548786
  landing: 0.8599824421107769
  view-data: 3.3872960321605206
