times:
  edit-metadata: 1.4188780039548874
  landing: 0.7593025267124176
  view-data: 3.2990424633026123
