times:
  edit-metadata: 1.760934516787529
  landing: 0.9907973222434521
  view-data: 3.303066860884428
