times:
  edit-metadata: 1.399063527584076
  landing: 0.7226129844784737
  view-data: 3.530589632689953
