times:
  edit-metadata: 1.3879036530852318
  landing: 0.7311939597129822
  view-data: 3.2663801088929176
