times:
  edit-metadata: 1.9601225778460503
  landing: 1.2558510601520538
  view-data: 3.487583853304386
