times:
  edit-metadata: 1.5765378065407276
  landing: 0.8415210098028183
  view-data: 0.705107681453228
