times:
  edit-metadata: 1.535782366991043
  landing: 0.7881023585796356
  view-data: 3.306977353990078
