times:
  edit-metadata: 2.0754137113690376
  landing: 0.9851575791835785
  view-data: 3.5017727687954903
