times:
  edit-metadata: 1.51486786454916
  landing: 0.6674087196588516
  view-data: 3.4907243847846985
