times:
  edit-metadata: 1.4010127186775208
  landing: 0.7564278244972229
  view-data: 3.6296034827828407
