times:
  edit-metadata: 1.4337361454963684
  landing: 0.8225164152681828
  view-data: 3.307933557778597
