times:
  edit-metadata: 1.386103942990303
  landing: 0.7055945247411728
  view-data: 3.4419432803988457
