times:
  edit-metadata: 1.7670266404747963
  landing: 0.7407290413975716
  view-data: 3.3147162906825542
