times:
  edit-metadata: 2.5710451155900955
  landing: 1.7781616002321243
  view-data: 3.9616658836603165
