times:
  edit-metadata: 1.5174096003174782
  landing: 0.6722690910100937
  view-data: 3.450151652097702
