times:
  edit-metadata: 1.421142578125
  landing: 0.7486437857151031
  view-data: 3.4304259940981865
