times:
  edit-metadata: 2.3096880689263344
  landing: 1.8740613460540771
  view-data: 4.074870117008686
