times:
  edit-metadata: 1.8535230979323387
  landing: 0.9027102589607239
  view-data: 3.463805742561817
