times:
  edit-metadata: 1.680399015545845
  landing: 0.857445202767849
  view-data: 3.3135099187493324
