times:
  edit-metadata: 1.3659542798995972
  landing: 0.8069005683064461
  view-data: 3.4551815018057823
