times:
  edit-metadata: 1.5655049458146095
  landing: 0.8103853464126587
  view-data: 3.3299769274890423
