times:
  edit-metadata: 1.353706419467926
  landing: 0.8290187381207943
  view-data: 3.3609109111130238
