times:
  edit-metadata: 1.5129710026085377
  landing: 0.904447115957737
  view-data: 3.3408729061484337
