times:
  edit-metadata: 1.393671676516533
  landing: 0.8099030181765556
  view-data: 3.4880388975143433
