times:
  edit-metadata: 1.492093201726675
  landing: 0.9445137791335583
  view-data: 3.354035183787346
