times:
  edit-metadata: 1.3893238008022308
  landing: 0.7529753521084785
  view-data: 3.4540427550673485
