times:
  edit-metadata: 1.3964462354779243
  landing: 0.7266691476106644
  view-data: 3.2951050400733948
