times:
  edit-metadata: 1.544480875134468
  landing: 0.8230990543961525
  view-data: 3.359588384628296
