times:
  edit-metadata: 1.37407685816288
  landing: 0.7356399409472942
  view-data: 3.287211835384369
