times:
  edit-metadata: 1.567472979426384
  landing: 0.9242578074336052
  view-data: 3.506822317838669
