times:
  edit-metadata: 1.392941191792488
  landing: 0.8867846056818962
  view-data: 3.3089435435831547
