times:
  edit-metadata: 1.449222132563591
  landing: 0.8092466816306114
  view-data: 3.419186621904373
