times:
  edit-metadata: 1.4901026152074337
  landing: 0.7890490330755711
  view-data: 3.4026913791894913
