times:
  edit-metadata: 1.4455221742391586
  landing: 0.791306309401989
  view-data: 3.4354155138134956
