times:
  edit-metadata: 1.494473908096552
  landing: 0.755317036062479
  view-data: 3.2467692717909813
