times:
  edit-metadata: 1.3663360923528671
  landing: 0.7868910804390907
  view-data: 3.439482867717743
