times:
  edit-metadata: 1.4729897528886795
  landing: 0.800820529460907
  view-data: 3.4684115052223206
