times:
  edit-metadata: 1.8083969131112099
  landing: 0.8827748224139214
  view-data: 3.3751193061470985
