times:
  edit-metadata: 1.7950646616518497
  landing: 1.2534478604793549
  view-data: 3.4152638912200928
