times:
  edit-metadata: 1.8517950735986233
  landing: 1.0179779753088951
  view-data: 3.4168299697339535
