times:
  edit-metadata: 1.5237483754754066
  landing: 0.7822801098227501
  view-data: 3.294732380658388
