times:
  edit-metadata: 2.4453687109053135
  landing: 1.4674563631415367
  view-data: 3.4550889283418655
