times:
  edit-metadata: 1.6579164005815983
  landing: 0.8697911463677883
  view-data: 3.264474343508482
