times:
  edit-metadata: 1.693970188498497
  landing: 0.7783234864473343
  view-data: 3.389723666012287
