times:
  edit-metadata: 1.5447383224964142
  landing: 1.1986225098371506
  view-data: 0.5735834315419197
