times:
  edit-metadata: 1.4115717262029648
  landing: 0.8571182265877724
  view-data: 3.514735624194145
