times:
  edit-metadata: 1.4012852683663368
  landing: 0.8017424196004868
  view-data: 3.331810288131237
