times:
  edit-metadata: 1.9920433834195137
  landing: 1.0166830718517303
  view-data: 3.4200781136751175
