times:
  edit-metadata: 1.3442858681082726
  landing: 0.6858474612236023
  view-data: 3.427559621632099
