times:
  edit-metadata: 1.3585608825087547
  landing: 0.7575852051377296
  view-data: 3.3208343274891376
