times:
  edit-metadata: 1.4225654490292072
  landing: 0.7415574267506599
  view-data: 3.348809041082859
