times:
  landing: 1.0734848639999655
  view-data: 0.5583955299999843
