times:
  landing: 0.564282282000022
  view-data: 0.5536044680002306
