times:
  landing: 1.0728989790000014
  view-data: 0.5555839449999667
