times:
  landing: 0.5618214239998451
  view-data: 0.5593873220000205
