times:
  landing: 0.5541890179999882
  view-data: 0.5548979270000132
