times:
  landing: 0.5617383250000216
  view-data: 0.5547932239999795
