times:
  landing: 1.0816760539999564
  view-data: 1.0741647039999975
