times:
  landing: 0.5537718109999901
  view-data: 0.5589541790000112
