times:
  landing: 0.5553188299999761
  view-data: 0.561359815000003
