times:
  landing: 0.5496100290000072
  view-data: 0.5468327899999963
