times:
  landing: 0.5966064130000177
  view-data: 0.5540774039999974
