times:
  landing: 0.5594512040000268
  view-data: 0.5548568730000056
