times:
  landing: 0.5510738179999635
  view-data: 0.5560454419999701
