times:
  edit-metadata: 1.427868879865855
  landing: 0.04225925914943218
  view-data: 0.24042908195406199
