times:
  edit-metadata: 2.714942808030173
  landing: 0.11663071811199188
  view-data: 0.38949303491972387
