times:
  edit-metadata: 1.68117345898645
  landing: 0.04776615899754688
  view-data: 0.24027304101036862
