times:
  edit-metadata: 3.172480631619692
  landing: 0.21392002701759338
  view-data: 0.23652916960418224
