times:
  edit-metadata: 3.329100538045168
  landing: 3.5615723207592964
  view-data: 0.6136051807552576
