times:
  edit-metadata: 1.7896311152726412
  landing: 0.04083269275724888
  view-data: 0.2907047774642706
