times:
  edit-metadata: 1.7048796589951962
  landing: 0.055505300988443196
  view-data: 0.23674543492961675
