times:
  edit-metadata: 1.1643200367689133
  landing: 1.3221603091806173
  view-data: 0.3177012875676155
