times:
  edit-metadata: 3.264719070866704
  landing: 0.02160053141415119
  view-data: 0.34782660752534866
