times:
  edit-metadata: 2.928654753603041
  landing: 0.03105059638619423
  view-data: 0.028100564144551754
