times:
  edit-metadata: 2.9636982511729
  landing: 0.22679901961237192
  view-data: 0.46310385782271624
