times:
  edit-metadata: 3.7238069009035826
  landing: 0.3802535180002451
  view-data: 0.14489191956818104
