times:
  edit-metadata: 1.4302507266402245
  landing: 0.9396028816699982
  view-data: 3.2932176031172276
