times:
  edit-metadata: 2.2172557140002027
  landing: 0.073443581990432
  view-data: 0.31470813299529254
