times:
  edit-metadata: 2.1772745589987608
  landing: 0.06896819200483151
  view-data: 0.3145957829983672
