times:
  edit-metadata: 2.9109738245606422
  landing: 0.049149252474308014
  view-data: 0.27908826619386673
