times:
  edit-metadata: 3.23407837562263
  landing: 0.6945448219776154
  view-data: 0.30570544488728046
