times:
  edit-metadata: 3.2828366830945015
  landing: 0.7159209679812193
  view-data: 0.41305694356560707
