times:
  edit-metadata: 1.1520549599081278
  landing: 0.5730204172432423
  view-data: 0.610358839854598
