times:
  edit-metadata: 1.750293042510748
  landing: 1.1207052953541279
  view-data: 3.388474367558956
