times:
  edit-metadata: 1.472529400140047
  landing: 0.7397854849696159
  view-data: 3.393097300082445
