times:
  edit-metadata: 1.6706504002213478
  landing: 1.0488143591210246
  view-data: 3.384406480938196
