times:
  edit-metadata: 3.0873918626457453
  landing: 0.23141868226230145
  view-data: 0.12634374760091305
