times:
  edit-metadata: 1.3922612890601158
  landing: 0.9294172059744596
  view-data: 3.3811965323984623
