times:
  edit-metadata: 2.8447049958631396
  landing: 0.019589167088270187
  view-data: 0.1210927702486515
