times:
  edit-metadata: 1.7369768251664937
  landing: 0.0497858920134604
  view-data: 0.27981271920725703
