times:
  edit-metadata: 2.2295446610078216
  landing: 0.051404827972874045
  view-data: 0.46193443005904555
