times:
  edit-metadata: 4.250108743086457
  landing: 0.32997953332960606
  view-data: 0.41387522779405117
