times:
  edit-metadata: 1.7355396188795567
  landing: 0.03911744290962815
  view-data: 0.2687027519568801
