times:
  edit-metadata: 2.2081205679569393
  landing: 0.06700988998636603
  view-data: 0.3193686039885506
