times:
  edit-metadata: 1.736661951057613
  landing: 0.0472009452059865
  view-data: 0.2918991884216666
