times:
  edit-metadata: 2.768664324656129
  landing: 0.02333544846624136
  view-data: 0.09931868873536587
