times:
  edit-metadata: 1.573258738964796
  landing: 0.8435699120163918
  view-data: 3.2808989733457565
