times:
  edit-metadata: 2.891692940145731
  landing: 0.052393630146980286
  view-data: 0.2832108661532402
