times:
  edit-metadata: 1.38151790574193
  landing: 0.9086517374962568
  view-data: 3.3523714719340205
