times:
  edit-metadata: 2.845418971031904
  landing: 0.10363232996314764
  view-data: 0.025425933301448822
