times:
  edit-metadata: 1.4738177489489317
  landing: 0.9525033105164766
  view-data: 3.401463408023119
