times:
  edit-metadata: 1.372273387387395
  landing: 0.8033801149576902
  view-data: 3.344073897227645
