times:
  edit-metadata: 1.5999496839940548
  landing: 1.0750211142003536
  view-data: 3.451225996017456
