times:
  edit-metadata: 3.2588351853191853
  landing: 2.8488921374082565
  view-data: 0.6455312632024288
