times:
  edit-metadata: 1.45550587028265
  landing: 0.851651968434453
  view-data: 3.296054633334279
