times:
  edit-metadata: 1.7311461349017918
  landing: 0.04742225771769881
  view-data: 0.23950891103595495
