times:
  edit-metadata: 2.2956206100061536
  landing: 0.046524642035365105
  view-data: 0.3153234409401193
