times:
  edit-metadata: 2.8863993771374226
  landing: 0.04258229210972786
  view-data: 0.28425291180610657
