times:
  edit-metadata: 1.5956270219758153
  landing: 0.8454796029254794
  view-data: 3.3374725114554167
