times:
  edit-metadata: 3.3000311721116304
  landing: 1.0714488737285137
  view-data: 0.6294358689337969
