times:
  edit-metadata: 3.208730073645711
  landing: 0.02124340645968914
  view-data: 0.02529316209256649
