times:
  edit-metadata: 2.821238105010707
  landing: 0.12700862099882215
  view-data: 0.4948486899957061
