times:
  edit-metadata: 1.6661989875137806
  landing: 1.0092806238681078
  view-data: 3.4804596789181232
