times:
  edit-metadata: 2.1492567530003726
  landing: 0.06584330499754287
  view-data: 0.31160270200052764
