times:
  edit-metadata: 3.191036695614457
  landing: 0.6785509511828423
  view-data: 0.2827895488590002
