times:
  edit-metadata: 2.9851140854880214
  landing: 0.2178872423246503
  view-data: 0.4808017546311021
