times:
  edit-metadata: 3.160711247473955
  landing: 0.022842159494757652
  view-data: 0.13164609670639038
