times:
  edit-metadata: 1.7169469310319982
  landing: 0.040922685991972685
  view-data: 0.24261082499288023
