times:
  edit-metadata: 2.1653031408786774
  landing: 1.549415186047554
  view-data: 3.5553382597863674
