times:
  edit-metadata: 2.8053456945344806
  landing: 0.0190644022077322
  view-data: 0.1274071168154478
