times:
  edit-metadata: 1.8103145300410688
  landing: 0.05228706495836377
  view-data: 0.2561485031619668
