times:
  edit-metadata: 1.76848862785846
  landing: 0.04436086397618055
  view-data: 0.2761344350874424
