times:
  edit-metadata: 4.617430180311203
  landing: 2.489899255335331
  view-data: 4.104380961507559
