times:
  edit-metadata: 1.44230330362916
  landing: 1.02848294749856
  view-data: 3.3774256072938442
