times:
  edit-metadata: 3.2626292649656534
  landing: 0.028348688036203384
  view-data: 0.023343069478869438
