times:
  edit-metadata: 2.205800455994904
  landing: 0.05127242021262646
  view-data: 0.3142620448488742
