times:
  edit-metadata: 2.887593714520335
  landing: 0.020616143941879272
  view-data: 0.12184063531458378
