times:
  edit-metadata: 1.7242960669100285
  landing: 0.9964387640357018
  view-data: 3.4324510619044304
