times:
  edit-metadata: 1.7470665939617902
  landing: 0.04710973100736737
  view-data: 0.243012101855129
