times:
  edit-metadata: 1.7236878799740225
  landing: 0.04418793902732432
  view-data: 0.2445072690024972
