times:
  edit-metadata: 1.7696369029581547
  landing: 0.039798082783818245
  view-data: 0.27373265381902456
