times:
  edit-metadata: 2.2537313010543585
  landing: 0.05754093104042113
  view-data: 0.4441333160502836
