times:
  edit-metadata: 1.9803169659571722
  landing: 0.07627383701037616
  view-data: 0.24353128200164065
