times:
  edit-metadata: 3.1038123071193695
  landing: 0.02130052261054516
  view-data: 0.3003318663686514
