times:
  edit-metadata: 1.7312188348732889
  landing: 0.04708211962133646
  view-data: 0.2666004030033946
