times:
  edit-metadata: 1.8334828158840537
  landing: 0.06739843869581819
  view-data: 0.284261304885149
