times:
  edit-metadata: 2.8472539465874434
  landing: 0.02021156158298254
  view-data: 0.12166592106223106
