times:
  edit-metadata: 1.4068242907524109
  landing: 0.0446329046972096
  view-data: 0.2420807620510459
