times:
  edit-metadata: 3.218870911747217
  landing: 0.13425777480006218
  view-data: 0.2945542708039284
