times:
  edit-metadata: 2.1902012010104954
  landing: 0.04430909000802785
  view-data: 0.30008712597191334
