times:
  edit-metadata: 3.3218943029642105
  landing: 0.7170441504567862
  view-data: 0.4432383384555578
