times:
  edit-metadata: 1.7254040818661451
  landing: 0.04168310621753335
  view-data: 0.2551863491535187
