times:
  edit-metadata: 3.220753598958254
  landing: 0.05618547089397907
  view-data: 0.2659620475023985
