times:
  edit-metadata: 3.258414017036557
  landing: 0.30655004642903805
  view-data: 0.29275023378431797
