times:
  edit-metadata: 2.8358734725043178
  landing: 0.024242551065981388
  view-data: 0.1039372393861413
