times:
  edit-metadata: 2.4248247407376766
  landing: 1.2651087455451488
  view-data: 3.4342757761478424
