times:
  edit-metadata: 2.9655445255339146
  landing: 0.019884539768099785
  view-data: 0.02414067555218935
