times:
  edit-metadata: 1.7247682830202393
  landing: 0.0427668490447104
  view-data: 0.24693532602395862
