times:
  edit-metadata: 3.269680520519614
  landing: 0.6581864729523659
  view-data: 0.3331784550100565
