times:
  edit-metadata: 2.905570652335882
  landing: 0.04792794585227966
  view-data: 0.2797172926366329
