times:
  edit-metadata: 3.224114179611206
  landing: 0.2032738160341978
  view-data: 0.3836107160896063
