times:
  edit-metadata: 1.8554159111808985
  landing: 0.048438805155456066
  view-data: 0.23567396006546915
