times:
  edit-metadata: 3.420522602275014
  landing: 0.02364090085029602
  view-data: 0.36823916621506214
