times:
  edit-metadata: 2.199407893931493
  landing: 0.050461686914786696
  view-data: 0.3026738071348518
