times:
  edit-metadata: 1.3145265653729439
  landing: 0.8980998732149601
  view-data: 3.328846950083971
