times:
  edit-metadata: 1.8115492300130427
  landing: 0.05500184802804142
  view-data: 0.26394180895294994
