times:
  edit-metadata: 1.4257999169640243
  landing: 0.04180799424648285
  view-data: 0.2368843131698668
