times:
  edit-metadata: 2.76875476911664
  landing: 0.021461239084601402
  view-data: 0.12355024740099907
