times:
  edit-metadata: 1.410832118242979
  landing: 0.9068642258644104
  view-data: 3.334920585155487
