times:
  edit-metadata: 1.3810974068474025
  landing: 0.8821257371455431
  view-data: 3.3145765219815075
