times:
  edit-metadata: 1.7933668030891567
  landing: 0.04156308202072978
  view-data: 0.2367655229754746
