times:
  edit-metadata: 1.6539361551404
  landing: 1.2607891596853733
  view-data: 3.3916574865579605
