times:
  edit-metadata: 1.581249614013359
  landing: 1.2165312520228326
  view-data: 3.2963820720324293
