times:
  edit-metadata: 1.7710892651230097
  landing: 0.04565034992992878
  view-data: 0.2620228501036763
