times:
  edit-metadata: 3.0663101710379124
  landing: 0.5249685570597649
  view-data: 0.26864514127373695
