times:
  edit-metadata: 1.3473196011036634
  landing: 0.8317648940719664
  view-data: 3.37472655903548
