times:
  edit-metadata: 2.1955127569963224
  landing: 0.07389375596540049
  view-data: 0.3227945889811963
