times:
  edit-metadata: 3.3508815802633762
  landing: 0.021678943186998367
  view-data: 0.05393077991902828
