times:
  edit-metadata: 3.2864150758832693
  landing: 0.029786743223667145
  view-data: 0.05675843916833401
