times:
  edit-metadata: 3.0060211746022105
  landing: 0.11976606957614422
  view-data: 0.2117595635354519
