times:
  edit-metadata: 1.8587559685111046
  landing: 1.2963543571531773
  view-data: 3.465734623372555
