times:
  edit-metadata: 3.2043294087052345
  landing: 0.01922493614256382
  view-data: 0.023011991754174232
