times:
  edit-metadata: 1.2461254019290209
  landing: 0.5831051263958216
  view-data: 0.6219100765883923
