times:
  edit-metadata: 1.6081312410533428
  landing: 1.0810136944055557
  view-data: 3.3866958618164062
