times:
  edit-metadata: 3.1360057163983583
  landing: 0.24329787865281105
  view-data: 0.5012222453951836
