times:
  edit-metadata: 1.7516858708113432
  landing: 0.043339566327631474
  view-data: 0.2660114597529173
