times:
  edit-metadata: 1.6949911774136126
  landing: 0.042163558304309845
  view-data: 0.2384123899973929
