times:
  edit-metadata: 2.2414424029993825
  landing: 0.0694915690110065
  view-data: 0.312356436974369
