times:
  edit-metadata: 2.2334990960080177
  landing: 0.09470441099256277
  view-data: 0.31090233591385186
