times:
  edit-metadata: 1.7122023419942707
  landing: 0.04729783290531486
  view-data: 0.24593703902792186
