times:
  edit-metadata: 3.1354822870343924
  landing: 0.7096577771008015
  view-data: 0.39559383504092693
