times:
  edit-metadata: 2.197018039005343
  landing: 0.05020388899720274
  view-data: 0.3470246279903222
