times:
  edit-metadata: 1.4324187217280269
  landing: 0.9961546557024121
  view-data: 3.479127151891589
