times:
  edit-metadata: 2.779906924813986
  landing: 0.06725293584167957
  view-data: 0.29631540225818753
