times:
  edit-metadata: 3.0190445948392153
  landing: 0.9034393765032291
  view-data: 0.3938175439834595
