times:
  edit-metadata: 1.4280237518250942
  landing: 0.9050236567854881
  view-data: 3.2926295436918736
