times:
  edit-metadata: 1.3290249649435282
  landing: 0.7878800421021879
  view-data: 3.3796538810711354
