times:
  edit-metadata: 2.9237454319372773
  landing: 0.2798411203548312
  view-data: 0.23043661192059517
