times:
  edit-metadata: 4.970834970474243
  landing: 0.5427568992599845
  view-data: 0.6041361475363374
