times:
  edit-metadata: 1.8833521669730544
  landing: 0.04209714196622372
  view-data: 0.23386814491823316
