times:
  edit-metadata: 3.0961504839360714
  landing: 0.12065876461565495
  view-data: 0.1239311695098877
