times:
  edit-metadata: 1.4737755917012691
  landing: 0.8960959725081921
  view-data: 3.4013554006814957
