times:
  edit-metadata: 1.3914660243317485
  landing: 0.8571996670216322
  view-data: 3.2845312263816595
