times:
  edit-metadata: 1.416448563337326
  landing: 1.3869097158312798
  view-data: 3.3777233473956585
