times:
  edit-metadata: 1.5320099079981446
  landing: 1.0972002669004723
  view-data: 3.407789167948067
