times:
  edit-metadata: 1.494832780212164
  landing: 0.8797266334295273
  view-data: 3.3451061993837357
