times:
  edit-metadata: 2.8273433297872543
  landing: 0.019696682691574097
  view-data: 0.02530001662671566
