times:
  edit-metadata: 1.7256716322153807
  landing: 0.0420041149482131
  view-data: 0.2720119832083583
