times:
  edit-metadata: 4.557661219500005
  landing: 0.29941569082438946
  view-data: 0.39255273155868053
