times:
  edit-metadata: 1.429104823153466
  landing: 0.04711233777925372
  view-data: 0.24124570237472653
