times:
  edit-metadata: 2.924982398748398
  landing: 0.06325799971818924
  view-data: 0.28471268340945244
