times:
  edit-metadata: 3.17424787953496
  landing: 0.3022528886795044
  view-data: 0.023710470646619797
