times:
  edit-metadata: 2.279091625008732
  landing: 0.053671722300350666
  view-data: 0.31292178807780147
