times:
  edit-metadata: 2.928809020668268
  landing: 0.05198570340871811
  view-data: 0.28112974762916565
