times:
  edit-metadata: 1.4167604241520166
  landing: 0.8724557515233755
  view-data: 3.3724439665675163
