times:
  edit-metadata: 2.8444007225334644
  landing: 0.21200103405863047
  view-data: 0.11857917997986078
