times:
  edit-metadata: 2.3651631500106305
  landing: 0.05751619813963771
  view-data: 0.31277520419098437
