times:
  edit-metadata: 1.2566313780844212
  landing: 0.6262276545166969
  view-data: 0.21643756330013275
