times:
  edit-metadata: 1.4990582838654518
  landing: 0.8598674610257149
  view-data: 3.289858827367425
