times:
  edit-metadata: 3.5556356105953455
  landing: 0.04608856700360775
  view-data: 0.601062897592783
