times:
  edit-metadata: 1.927070366218686
  landing: 1.1202930714935064
  view-data: 3.519346259534359
