times:
  edit-metadata: 1.6081679556518793
  landing: 1.0495031215250492
  view-data: 3.36028066650033
