times:
  edit-metadata: 3.1836514845490456
  landing: 0.019462544471025467
  view-data: 0.024099130183458328
