times:
  edit-metadata: 1.484110314399004
  landing: 0.9303372651338577
  view-data: 3.401183670386672
