times:
  edit-metadata: 1.7905066469684243
  landing: 0.048622166039422154
  view-data: 0.24074824200943112
