times:
  edit-metadata: 2.796155834570527
  landing: 0.023580914363265038
  view-data: 0.09859614167362452
