times:
  edit-metadata: 2.904733147472143
  landing: 0.049633610993623734
  view-data: 0.28024541586637497
