times:
  edit-metadata: 2.2215678080683574
  landing: 0.04589977895375341
  view-data: 0.31123582599684596
