times:
  edit-metadata: 3.2338375095278025
  landing: 0.14385952427983284
  view-data: 0.02641301043331623
