times:
  edit-metadata: 1.7218280369997956
  landing: 0.043345179001335055
  view-data: 0.24883353302720934
