times:
  edit-metadata: 1.4777759099379182
  landing: 0.05397602170705795
  view-data: 0.23807063698768616
