times:
  edit-metadata: 2.2185089259874076
  landing: 0.04927102604415268
  view-data: 0.31248018599580973
