times:
  edit-metadata: 2.221048781881109
  landing: 0.054238571086898446
  view-data: 0.3153325340244919
