times:
  edit-metadata: 2.852628529071808
  landing: 0.020112471655011177
  view-data: 0.42294678650796413
