times:
  edit-metadata: 1.9061119221150875
  landing: 1.2322237007319927
  view-data: 3.3917240127921104
