times:
  edit-metadata: 1.6120576187968254
  landing: 0.9713799618184566
  view-data: 3.3129364885389805
