times:
  edit-metadata: 1.566622506827116
  landing: 0.91639519110322
  view-data: 3.4360049962997437
