times:
  edit-metadata: 1.4879628270864487
  landing: 0.9703122992068529
  view-data: 3.340705653652549
