times:
  edit-metadata: 3.2235400956124067
  landing: 0.022878553718328476
  view-data: 0.34683868661522865
