times:
  edit-metadata: 2.829137654043734
  landing: 0.022470442578196526
  view-data: 0.11594039667397738
