times:
  edit-metadata: 1.0356160160154104
  landing: 1.0925087910145521
  view-data: 0.6205913964658976
