times:
  edit-metadata: 0.663296403363347
  landing: 0.6549118291586637
  view-data: 0.24362515844404697
