times:
  edit-metadata: 1.2932265708222985
  landing: 0.7906110174953938
  view-data: 3.3381572095677257
