times:
  edit-metadata: 2.9314142391085625
  landing: 0.05902960151433945
  view-data: 0.28688155859708786
