times:
  edit-metadata: 1.519276985898614
  landing: 0.8566610533744097
  view-data: 3.3874199111014605
