times:
  edit-metadata: 2.2371993958950043
  landing: 0.061787731014192104
  view-data: 0.3238725191913545
