times:
  edit-metadata: 0.6442893128842115
  landing: 1.2785929292440414
  view-data: 0.5156075749546289
