times:
  edit-metadata: 1.500117752701044
  landing: 0.8606558814644814
  view-data: 3.347403012216091
