times:
  edit-metadata: 3.5880651100005707
  landing: 0.03967399500015745
  view-data: 0.27315835999979754
