times:
  edit-metadata: 2.8493248214945197
  landing: 0.02172436285763979
  view-data: 0.023856893181800842
