times:
  edit-metadata: 3.437083587050438
  landing: 0.8753723185509443
  view-data: 0.28955416940152645
