times:
  edit-metadata: 1.2538086995482445
  landing: 0.6464499402791262
  view-data: 0.6236487850546837
