times:
  edit-metadata: 2.2341546793468297
  landing: 0.054615186993032694
  view-data: 0.35318833589553833
