times:
  edit-metadata: 1.4444311959668994
  landing: 0.03897810587659478
  view-data: 0.241808972787112
