times:
  edit-metadata: 2.760556106455624
  landing: 0.02048755344003439
  view-data: 0.12328360881656408
