times:
  edit-metadata: 2.825932780979201
  landing: 0.05896064592525363
  view-data: 0.364437815034762
