times:
  edit-metadata: 2.8083075899630785
  landing: 0.02373360935598612
  view-data: 0.42229339573532343
