times:
  edit-metadata: 3.3507448844611645
  landing: 0.7418477516621351
  view-data: 0.4030956495553255
