times:
  edit-metadata: 1.4279927164316177
  landing: 0.9502993859350681
  view-data: 3.4297176264226437
