times:
  edit-metadata: 3.7401691805571318
  landing: 0.15176537819206715
  view-data: 0.5000219661742449
