times:
  edit-metadata: 1.7583082905039191
  landing: 0.03784279618412256
  view-data: 0.268842869438231
