times:
  edit-metadata: 2.622574540786445
  landing: 1.348815431818366
  view-data: 3.907955843023956
