times:
  edit-metadata: 1.5711969155818224
  landing: 0.8516033254563808
  view-data: 3.3069842401891947
