times:
  edit-metadata: 1.7221149129327387
  landing: 0.041831115959212184
  view-data: 0.24547811597585678
