times:
  edit-metadata: 2.8962425403296947
  landing: 0.049174997955560684
  view-data: 0.2853003665804863
