times:
  edit-metadata: 2.1849289170932025
  landing: 0.0571335619315505
  view-data: 0.27816616115160286
