times:
  edit-metadata: 1.6000861059874296
  landing: 0.9087580554187298
  view-data: 3.381593046709895
