times:
  edit-metadata: 1.7046010179910809
  landing: 0.050457873032428324
  view-data: 0.24253060796763748
