times:
  edit-metadata: 1.385081335902214
  landing: 0.9274019878357649
  view-data: 3.3670820565894246
