times:
  edit-metadata: 3.1406715121120214
  landing: 0.7906432040035725
  view-data: 0.5134778767824173
