times:
  edit-metadata: 3.0726612862199545
  landing: 0.6834011767059565
  view-data: 0.2919462975114584
