times:
  edit-metadata: 3.485680604353547
  landing: 0.12668607011437416
  view-data: 0.29427302815020084
