times:
  edit-metadata: 3.172643892467022
  landing: 0.022239720448851585
  view-data: 0.12695744074881077
