times:
  edit-metadata: 2.965056514367461
  landing: 0.22744167037308216
  view-data: 0.02307814545929432
