times:
  edit-metadata: 1.5258440263569355
  landing: 0.9034089036285877
  view-data: 3.2579546868801117
