times:
  edit-metadata: 1.428902117535472
  landing: 0.8763328958302736
  view-data: 3.3943704571574926
