times:
  edit-metadata: 2.0491243340075016
  landing: 0.06346185086295009
  view-data: 0.23502090526744723
