times:
  edit-metadata: 2.8204761976376176
  landing: 0.024055246263742447
  view-data: 0.12130220234394073
