times:
  edit-metadata: 2.2622348512522876
  landing: 0.05130118923261762
  view-data: 0.30071802297607064
