times:
  edit-metadata: 1.4549441607668996
  landing: 2.7238808516412973
  view-data: 3.3221816206350923
