times:
  edit-metadata: 1.7048598170513287
  landing: 0.04071539791766554
  view-data: 0.23878803302068263
