times:
  edit-metadata: 1.4457527482882142
  landing: 0.9756652810610831
  view-data: 3.412669140845537
