times:
  edit-metadata: 2.2673627430340275
  landing: 0.046377555991057307
  view-data: 0.3098599649965763
