times:
  edit-metadata: 2.149056334979832
  landing: 0.0727432610001415
  view-data: 0.46499341796152294
