times:
  edit-metadata: 3.220495004206896
  landing: 0.1463278792798519
  view-data: 0.3187951371073723
