times:
  edit-metadata: 2.821593899279833
  landing: 0.11625105049461126
  view-data: 0.489002987742424
