times:
  edit-metadata: 2.7873097881674767
  landing: 0.11605834774672985
  view-data: 0.11832117475569248
