times:
  edit-metadata: 2.209373527672142
  landing: 0.06561975507065654
  view-data: 0.30939212488010526
