times:
  edit-metadata: 3.0445347856730223
  landing: 0.020918277092278004
  view-data: 0.13127881288528442
