times:
  edit-metadata: 1.740738209336996
  landing: 0.8392468970268965
  view-data: 3.3256544936448336
