times:
  edit-metadata: 2.8862052857875824
  landing: 0.05517600104212761
  view-data: 0.2804723381996155
