times:
  edit-metadata: 1.7319944039918482
  landing: 0.04212557803839445
  view-data: 0.24393530888482928
