times:
  edit-metadata: 1.5324198305606842
  landing: 1.057327639311552
  view-data: 3.3997339084744453
