times:
  edit-metadata: 1.3685362618416548
  landing: 0.8745151162147522
  view-data: 3.3306225119158626
