times:
  edit-metadata: 2.9361717235296965
  landing: 0.24888954684138298
  view-data: 0.39403217751532793
