times:
  edit-metadata: 0.535463934764266
  landing: 0.9851469825953245
  view-data: 0.4434425514191389
