times:
  edit-metadata: 2.8942130841314793
  landing: 0.06347918510437012
  view-data: 0.28027309104800224
