times:
  edit-metadata: 2.3249713629484177
  landing: 0.0705002669710666
  view-data: 0.2695315619930625
