times:
  edit-metadata: 1.5145675018429756
  landing: 0.8500527516007423
  view-data: 3.2600961215794086
