times:
  edit-metadata: 2.9190810890868306
  landing: 0.11300108581781387
  view-data: 0.11754437070339918
