times:
  edit-metadata: 1.7254567691124976
  landing: 0.0458541689440608
  view-data: 0.24157306691631675
