times:
  edit-metadata: 1.8459056480787694
  landing: 0.05171775002963841
  view-data: 0.231468774843961
