times:
  edit-metadata: 3.2251842953264713
  landing: 0.19086510129272938
  view-data: 0.36704826913774014
