times:
  edit-metadata: 1.396702416241169
  landing: 0.9555779919028282
  view-data: 3.345619659870863
