times:
  edit-metadata: 1.7511983551084995
  landing: 0.0509319850243628
  view-data: 0.23702104203402996
