times:
  edit-metadata: 1.4193841330707073
  landing: 0.04347787192091346
  view-data: 0.2392744729295373
