times:
  edit-metadata: 3.121413368731737
  landing: 0.24513354524970055
  view-data: 0.10213139280676842
