times:
  edit-metadata: 2.8462909515947104
  landing: 0.020542622543871403
  view-data: 0.12456647772341967
