times:
  edit-metadata: 4.097997907549143
  landing: 0.24557949788868427
  view-data: 0.025518199428915977
