times:
  edit-metadata: 1.509823054075241
  landing: 0.8156334329396486
  view-data: 3.3655167147517204
