times:
  edit-metadata: 3.1814858820289373
  landing: 0.869124498218298
  view-data: 0.48728193528950214
