times:
  edit-metadata: 1.3963748710229993
  landing: 0.7787710640113801
  view-data: 3.2837125521618873
