times:
  edit-metadata: 1.573186531662941
  landing: 0.9751812666654587
  view-data: 3.359570775181055
