times:
  edit-metadata: 2.151862945407629
  landing: 1.3080207854509354
  view-data: 3.363620638847351
