times:
  edit-metadata: 2.2944439169950783
  landing: 0.04931861278600991
  view-data: 0.34293592092581093
