times:
  edit-metadata: 2.1718838419765234
  landing: 0.06657457398250699
  view-data: 0.3216025510337204
