times:
  edit-metadata: 3.045506556518376
  landing: 0.1497634770348668
  view-data: 0.024807464331388474
