times:
  edit-metadata: 1.7567947246134281
  landing: 1.17343071103096
  view-data: 3.4419509023427963
