times:
  edit-metadata: 1.7988618239760399
  landing: 1.2084065601229668
  view-data: 3.4080069325864315
