times:
  edit-metadata: 2.2173980691004544
  landing: 0.07046450604684651
  view-data: 0.324052379000932
