times:
  edit-metadata: 2.9521670155227184
  landing: 0.05325522646307945
  view-data: 0.2862529009580612
