times:
  edit-metadata: 2.3093700089957565
  landing: 0.08684567804448307
  view-data: 0.31922412797575817
