times:
  edit-metadata: 2.821417831815779
  landing: 0.024724453687667847
  view-data: 0.41012624464929104
