times:
  edit-metadata: 2.881035901606083
  landing: 0.024920059368014336
  view-data: 0.426757900044322
