times:
  edit-metadata: 2.8284019455313683
  landing: 0.02347617130726576
  view-data: 0.09828042052686214
