times:
  edit-metadata: 1.852373069152236
  landing: 0.046285915188491344
  view-data: 0.25561365485191345
