times:
  edit-metadata: 2.7737588603049517
  landing: 0.17903926223516464
  view-data: 0.09798549767583609
