times:
  edit-metadata: 2.0161268040537834
  landing: 1.4311558455228806
  view-data: 3.4251594096422195
