times:
  edit-metadata: 3.1364652570337057
  landing: 0.6121579371392727
  view-data: 0.38089772686362267
