times:
  edit-metadata: 2.8796002455055714
  landing: 0.11872072238475084
  view-data: 0.025842378847301006
