times:
  edit-metadata: 3.178395261988044
  landing: 0.5665916502475739
  view-data: 0.2661174666136503
