times:
  edit-metadata: 0.6531717237085104
  landing: 0.9132225513458252
  view-data: 0.3148451130837202
