times:
  edit-metadata: 2.2556659490801394
  landing: 0.05366248404607177
  view-data: 0.3020108420168981
