times:
  edit-metadata: 3.3627349138259888
  landing: 0.1947322841733694
  view-data: 0.32372367195785046
