times:
  edit-metadata: 1.6201125532388687
  landing: 0.9540774822235107
  view-data: 3.310954239219427
