times:
  edit-metadata: 2.064199128653854
  landing: 0.09736728901043534
  view-data: 0.4294926431030035
