times:
  edit-metadata: 0.6390986740589142
  landing: 0.8237952124327421
  view-data: 0.2049235012382269
