times:
  edit-metadata: 2.8577859960496426
  landing: 0.022332833148539066
  view-data: 0.027886521071195602
