times:
  edit-metadata: 1.5268542375415564
  landing: 0.9601512905210257
  view-data: 3.451567316427827
