times:
  edit-metadata: 1.6943546771071851
  landing: 0.060699600260704756
  view-data: 0.24947434896603227
