times:
  edit-metadata: 1.5076810829341412
  landing: 0.9340930953621864
  view-data: 3.3618447221815586
