times:
  edit-metadata: 1.2947249710559845
  landing: 1.7141342852264643
  view-data: 0.45063095912337303
