times:
  edit-metadata: 1.7128283800557256
  landing: 0.04163652937859297
  view-data: 0.2444225838407874
