times:
  edit-metadata: 3.1396935675293207
  landing: 0.17192712612450123
  view-data: 0.022025635465979576
