times:
  edit-metadata: 1.8532574009150267
  landing: 0.07631739787757397
  view-data: 0.3165835118852556
