times:
  edit-metadata: 1.7506942469626665
  landing: 0.05097079090774059
  view-data: 0.26195984007790685
