times:
  edit-metadata: 2.8676794040948153
  landing: 0.022819372825324535
  view-data: 0.11967893969267607
