times:
  edit-metadata: 1.5547410566359758
  landing: 1.068286158144474
  view-data: 3.304198667407036
