times:
  edit-metadata: 3.173592522740364
  landing: 0.6787238270044327
  view-data: 0.28477211482822895
