times:
  edit-metadata: 3.5453643891960382
  landing: 0.18989332392811775
  view-data: 0.38670372404158115
