times:
  edit-metadata: 1.7285754419863224
  landing: 0.04792533302679658
  view-data: 0.2582096070982516
