times:
  edit-metadata: 1.5585162751376629
  landing: 0.8770679477602243
  view-data: 3.368687829002738
