times:
  edit-metadata: 2.156563519005431
  landing: 0.06720101699465886
  view-data: 0.44357950598350726
