times:
  edit-metadata: 3.2002630308270454
  landing: 0.07073940336704254
  view-data: 0.2768327035009861
