times:
  edit-metadata: 3.082459246739745
  landing: 0.5738331750035286
  view-data: 0.27312858030200005
