times:
  edit-metadata: 3.052175648510456
  landing: 0.6115103140473366
  view-data: 0.277289193123579
