times:
  edit-metadata: 3.104638582095504
  landing: 0.020769543945789337
  view-data: 0.3659291248768568
