times:
  edit-metadata: 1.4941167496144772
  landing: 0.9320110231637955
  view-data: 3.548519689589739
