times:
  edit-metadata: 1.4364039027132094
  landing: 0.04175258567556739
  view-data: 0.24034705897793174
