times:
  edit-metadata: 3.9604609049856663
  landing: 0.17089388705790043
  view-data: 0.3737852703779936
