times:
  edit-metadata: 1.8093548110336997
  landing: 0.04427088797092438
  view-data: 0.24188281100941822
