times:
  edit-metadata: 1.407303619198501
  landing: 0.9183200132101774
  view-data: 3.313665364868939
