times:
  edit-metadata: 3.2395921405404806
  landing: 0.9995392262935638
  view-data: 0.2806774713099003
