times:
  edit-metadata: 2.8304165471345186
  landing: 0.15501089673489332
  view-data: 0.12575613800436258
