times:
  edit-metadata: 1.1161745432764292
  landing: 0.5704675521701574
  view-data: 0.6197508182376623
