times:
  edit-metadata: 3.2233296390622854
  landing: 0.021772056818008423
  view-data: 0.02355515956878662
