times:
  edit-metadata: 2.9131209198385477
  landing: 0.026794361881911755
  view-data: 0.024993970058858395
