times:
  edit-metadata: 1.5945788957178593
  landing: 1.0089358054101467
  view-data: 3.3108533658087254
