times:
  edit-metadata: 2.8744379952549934
  landing: 0.049503423273563385
  view-data: 0.2770860493183136
