times:
  edit-metadata: 2.9126656046137214
  landing: 0.020458469167351723
  view-data: 0.41511208564043045
