times:
  edit-metadata: 2.1880241020116955
  landing: 0.06775392801500857
  view-data: 0.3123821660410613
