times:
  edit-metadata: 3.2259463109076023
  landing: 1.8518840353935957
  view-data: 0.6071760859340429
