times:
  edit-metadata: 2.8161767683923244
  landing: 0.019922100007534027
  view-data: 0.026397239416837692
