times:
  edit-metadata: 2.9182167714461684
  landing: 0.021785182878375053
  view-data: 0.1170459920540452
