times:
  edit-metadata: 3.3428626265376806
  landing: 0.10159940645098686
  view-data: 0.10554804280400276
