times:
  edit-metadata: 1.7702558001037687
  landing: 0.05486230505630374
  view-data: 0.23305477993562818
