times:
  edit-metadata: 1.7750429706647992
  landing: 0.04707600362598896
  view-data: 0.2846821900457144
