times:
  edit-metadata: 2.185252601047978
  landing: 0.06326193001586944
  view-data: 0.3247718500206247
