times:
  edit-metadata: 3.9661121107637882
  landing: 0.218441279605031
  view-data: 0.3862401023507118
