times:
  edit-metadata: 2.1400425657629967
  landing: 1.4113018438220024
  view-data: 3.4581283777952194
