times:
  edit-metadata: 1.7084676818922162
  landing: 0.041221002116799355
  view-data: 0.2641289848834276
