times:
  edit-metadata: 2.927415143698454
  landing: 0.049820125102996826
  view-data: 0.28687700256705284
