times:
  edit-metadata: 0.6471573561429977
  landing: 0.6468532364815474
  view-data: 0.20538736321032047
