times:
  edit-metadata: 1.595026919618249
  landing: 0.8745389636605978
  view-data: 3.4211947321891785
