times:
  edit-metadata: 1.7340127248317003
  landing: 0.04607096407562494
  view-data: 0.27814168110489845
