times:
  edit-metadata: 1.7279146190267056
  landing: 0.04230143898166716
  view-data: 0.24083882989361882
