times:
  edit-metadata: 4.442170212045312
  landing: 0.22998974844813347
  view-data: 0.6179893929511309
