times:
  edit-metadata: 3.3709410093724728
  landing: 0.9499605093151331
  view-data: 0.4051658269017935
