times:
  edit-metadata: 1.3517317231744528
  landing: 0.9208075669594109
  view-data: 3.3432494369335473
