times:
  edit-metadata: 2.444926153868437
  landing: 1.4108662717044353
  view-data: 3.494783580303192
