times:
  edit-metadata: 1.436257304623723
  landing: 0.7582894824445248
  view-data: 3.4080826826393604
