times:
  edit-metadata: 1.5388778615742922
  landing: 0.7731935624033213
  view-data: 3.3834132440388203
