times:
  edit-metadata: 3.098504038527608
  landing: 0.12564055621623993
  view-data: 0.3439486715942621
