times:
  edit-metadata: 1.8063871152698994
  landing: 1.0205774158239365
  view-data: 3.5218128636479378
