times:
  edit-metadata: 2.885973308235407
  landing: 0.01984911412000656
  view-data: 0.02576778642833233
