times:
  edit-metadata: 5.257087633013725
  landing: 0.025297245010733604
  view-data: 0.5258413031697273
