times:
  edit-metadata: 3.3555293139070272
  landing: 0.2112126648426056
  view-data: 0.0287555530667305
