times:
  edit-metadata: 2.657810846983921
  landing: 0.07621450698934495
  view-data: 0.2870587859652005
