times:
  edit-metadata: 2.844447799026966
  landing: 0.20079103019088507
  view-data: 0.1159953661262989
