times:
  edit-metadata: 1.3019706793129444
  landing: 0.7964451387524605
  view-data: 3.2560322247445583
