times:
  edit-metadata: 1.4012537519447505
  landing: 0.04400882637128234
  view-data: 0.24059952702373266
