times:
  edit-metadata: 3.479360131546855
  landing: 0.023313460871577263
  view-data: 0.04676992353051901
