times:
  edit-metadata: 3.41258941590786
  landing: 0.05215025320649147
  view-data: 0.2914377972483635
