times:
  edit-metadata: 2.1992137429770082
  landing: 0.09234995898441412
  view-data: 0.32984619098715484
