times:
  edit-metadata: 2.9101999811828136
  landing: 0.022651770152151585
  view-data: 0.1147442664951086
