times:
  edit-metadata: 1.6464782133698463
  landing: 1.0729200839996338
  view-data: 3.406646654009819
