times:
  edit-metadata: 2.685703462921083
  landing: 0.06849229941144586
  view-data: 0.38279353082180023
