times:
  edit-metadata: 6.064879652112722
  landing: 2.70035208016634
  view-data: 4.215595133602619
