times:
  edit-metadata: 1.3862432762980461
  landing: 0.8787232041358948
  view-data: 3.413478434085846
