times:
  edit-metadata: 2.7357713729143143
  landing: 0.07476208172738552
  view-data: 0.32719096820801497
