times:
  edit-metadata: 1.1006485261023045
  landing: 0.5974260922521353
  view-data: 0.6118374820798635
