times:
  edit-metadata: 1.4576210612431169
  landing: 0.8309339825063944
  view-data: 3.253351849503815
