times:
  edit-metadata: 5.131221072748303
  landing: 2.8578557912260294
  view-data: 4.544290421530604
