times:
  edit-metadata: 4.4688548650592566
  landing: 0.196288438513875
  view-data: 0.37866740860044956
