times:
  edit-metadata: 3.807287573814392
  landing: 0.2953365817666054
  view-data: 0.16084051690995693
