times:
  edit-metadata: 2.8642141334712505
  landing: 0.1939184246584773
  view-data: 0.3830858813598752
