times:
  edit-metadata: 0.6955215819180012
  landing: 0.9067528825253248
  view-data: 0.22148929350078106
