times:
  edit-metadata: 2.937521353363991
  landing: 0.05142822116613388
  view-data: 0.2889617644250393
