times:
  edit-metadata: 2.2142326794564724
  landing: 4.311484985053539
  view-data: 3.297535616904497
