times:
  edit-metadata: 0.663752555847168
  landing: 0.7667637225240469
  view-data: 0.20895538479089737
