times:
  edit-metadata: 2.193030670285225
  landing: 1.6695325300097466
  view-data: 3.5386840775609016
