times:
  edit-metadata: 2.9919180748984218
  landing: 0.21406449656933546
  view-data: 0.025098886340856552
