times:
  edit-metadata: 2.8395968787372112
  landing: 0.021078476682305336
  view-data: 0.02441056538373232
