times:
  edit-metadata: 3.9203069005161524
  landing: 0.3079334907233715
  view-data: 0.22456856071949005
