times:
  edit-metadata: 2.7034932007081807
  landing: 0.07581257587298751
  view-data: 0.3133501601405442
