times:
  edit-metadata: 1.5938560776412487
  landing: 0.8848878927528858
  view-data: 3.3563730455935
