times:
  edit-metadata: 1.8719861509744078
  landing: 0.03927180008031428
  view-data: 0.24109879788011312
