times:
  edit-metadata: 3.0161053547635674
  landing: 1.2638291912153363
  view-data: 3.5910727260634303
