times:
  edit-metadata: 3.499696172773838
  landing: 0.17266862280666828
  view-data: 0.16158215701580048
