times:
  edit-metadata: 1.4793051034212112
  landing: 0.7306934632360935
  view-data: 3.329375360161066
