times:
  edit-metadata: 2.9092021472752094
  landing: 0.12947821989655495
  view-data: 0.456940989010036
