times:
  edit-metadata: 1.873516766121611
  landing: 0.06998667097650468
  view-data: 0.23900891211815178
