times:
  edit-metadata: 2.8885327950119972
  landing: 0.05075252801179886
  view-data: 0.2795139104127884
