times:
  edit-metadata: 2.952034030109644
  landing: 0.0487820990383625
  view-data: 0.27455949038267136
