times:
  edit-metadata: 3.150419009849429
  landing: 0.1614018902182579
  view-data: 0.32939321361482143
