times:
  edit-metadata: 3.3250641766935587
  landing: 0.12297445349395275
  view-data: 0.3257116600871086
