times:
  edit-metadata: 1.7081404919736087
  landing: 0.0488885878585279
  view-data: 0.24486595811322331
