times:
  edit-metadata: 2.909447506070137
  landing: 0.05147120729088783
  view-data: 0.28237858042120934
