times:
  edit-metadata: 1.450150741264224
  landing: 0.043890482280403376
  view-data: 0.24417137121781707
