times:
  edit-metadata: 1.5018539652228355
  landing: 0.8512622378766537
  view-data: 3.3769325502216816
