times:
  edit-metadata: 1.4723889171145856
  landing: 0.04367938591167331
  view-data: 0.24726206623017788
