times:
  edit-metadata: 1.381531630991958
  landing: 0.289444473979529
  view-data: 0.2623655640054494
