times:
  edit-metadata: 1.495061432942748
  landing: 0.8950624279677868
  view-data: 3.3190626315772533
