times:
  edit-metadata: 1.3627984886988997
  landing: 0.847345482558012
  view-data: 3.2763367481529713
