times:
  edit-metadata: 1.5402081441134214
  landing: 0.9000910446047783
  view-data: 3.3765653632581234
