times:
  edit-metadata: 1.6694637462496758
  landing: 1.2795908022671938
  view-data: 3.467985574156046
