times:
  edit-metadata: 1.8996908040717244
  landing: 0.06074705999344587
  view-data: 0.24030379788018763
