times:
  edit-metadata: 1.7236831514164805
  landing: 0.044856312684714794
  view-data: 0.27141204895451665
