times:
  edit-metadata: 2.8134300094097853
  landing: 0.11671469639986753
  view-data: 0.5072588329203427
