times:
  edit-metadata: 3.1825311481952667
  landing: 0.019358238205313683
  view-data: 0.4603695832192898
