times:
  edit-metadata: 1.73109314404428
  landing: 0.05090961093083024
  view-data: 0.24405031697824597
