times:
  edit-metadata: 3.147396506741643
  landing: 0.01937192864716053
  view-data: 0.1182343140244484
