times:
  edit-metadata: 3.1575654540210962
  landing: 0.7709009498357773
  view-data: 0.27026204764842987
