times:
  edit-metadata: 1.4314777222461998
  landing: 0.04047889122739434
  view-data: 0.2428644080646336
