times:
  edit-metadata: 1.4253004789352417
  landing: 1.123164851218462
  view-data: 3.381106548011303
