times:
  edit-metadata: 1.6949818650027737
  landing: 0.0354362309735734
  view-data: 0.24797785698319785
