times:
  edit-metadata: 1.5190025735646486
  landing: 0.815519655123353
  view-data: 3.4017494656145573
