times:
  edit-metadata: 2.8939801864326
  landing: 0.04356624186038971
  view-data: 0.2793371304869652
