times:
  edit-metadata: 1.399217671714723
  landing: 0.9347064988687634
  view-data: 3.3520709816366434
