times:
  edit-metadata: 2.884765830822289
  landing: 0.17178260441869497
  view-data: 0.1195932338014245
