times:
  edit-metadata: 3.060980787500739
  landing: 0.14147118665277958
  view-data: 0.026702143251895905
