times:
  edit-metadata: 1.8351598151493818
  landing: 0.053155959118157625
  view-data: 0.3712143199518323
