times:
  edit-metadata: 1.6921710700262338
  landing: 0.03844777902122587
  view-data: 0.24511439399793744
