times:
  edit-metadata: 1.4402566980570555
  landing: 0.04191575711593032
  view-data: 0.23872433602809906
