times:
  edit-metadata: 3.8219639845192432
  landing: 0.040701061487197876
  view-data: 0.27996914461255074
