times:
  edit-metadata: 1.3569412417709827
  landing: 0.7499799802899361
  view-data: 3.3261863999068737
