times:
  edit-metadata: 3.1226975694298744
  landing: 1.6390379574149847
  view-data: 0.6481261774897575
