times:
  edit-metadata: 2.935185443609953
  landing: 0.05019158869981766
  view-data: 0.2885505333542824
