times:
  edit-metadata: 1.536691840738058
  landing: 1.0677645988762379
  view-data: 3.39376724883914
