times:
  edit-metadata: 1.4334323620423675
  landing: 0.03832580801099539
  view-data: 0.24516301229596138
