times:
  edit-metadata: 1.3389531448483467
  landing: 0.9279073793441057
  view-data: 3.327385690063238
