times:
  edit-metadata: 2.81587106641382
  landing: 0.020758674480021
  view-data: 0.09774045739322901
