times:
  edit-metadata: 3.0382333640009165
  landing: 0.16549965646117926
  view-data: 0.41512506268918514
