times:
  edit-metadata: 1.5171063039451838
  landing: 0.9229158423841
  view-data: 3.305717019364238
