times:
  edit-metadata: 4.483378431992605
  landing: 0.0822988220024854
  view-data: 0.39164667995646596
