times:
  edit-metadata: 1.787313500419259
  landing: 0.05267186090350151
  view-data: 0.27494974061846733
