times:
  edit-metadata: 2.971883811056614
  landing: 0.20297545194625854
  view-data: 0.02609429508447647
