times:
  edit-metadata: 2.2307778709800914
  landing: 0.0521918690064922
  view-data: 0.31363298901123926
