times:
  edit-metadata: 1.5119579788297415
  landing: 0.8677602466195822
  view-data: 3.3732828199863434
