times:
  edit-metadata: 1.4753581183031201
  landing: 0.9928188808262348
  view-data: 3.4033204028382897
