times:
  edit-metadata: 1.5053882282227278
  landing: 0.8568424470722675
  view-data: 3.434410372748971
