times:
  edit-metadata: 1.3726538084447384
  landing: 0.89041549526155
  view-data: 3.3676701737567782
