times:
  edit-metadata: 1.445622538216412
  landing: 0.038642264902591705
  view-data: 0.2511254590936005
