times:
  edit-metadata: 1.7210632129572332
  landing: 0.05445163894910365
  view-data: 0.2295507729286328
