times:
  edit-metadata: 2.91116813570261
  landing: 0.05967620387673378
  view-data: 0.27954381331801414
