times:
  edit-metadata: 2.2158619039691985
  landing: 0.07408855529502034
  view-data: 0.29910651687532663
