times:
  edit-metadata: 1.4149252232164145
  landing: 1.0040212790481746
  view-data: 3.376141756772995
