times:
  edit-metadata: 1.7267587883397937
  landing: 0.05323025118559599
  view-data: 0.2442500740289688
