times:
  edit-metadata: 2.175474103540182
  landing: 1.5048798695206642
  view-data: 3.3789330385625362
