times:
  edit-metadata: 2.193054420000408
  landing: 0.06528655899455771
  view-data: 0.4602825970505364
