times:
  edit-metadata: 1.7357493569143116
  landing: 0.0478825680911541
  view-data: 0.2439377848058939
