times:
  edit-metadata: 2.7808274272829294
  landing: 0.11644697561860085
  view-data: 0.10288884490728378
