times:
  edit-metadata: 3.8904969394207
  landing: 0.25978015922009945
  view-data: 0.342580147087574
