times:
  edit-metadata: 3.1248288340866566
  landing: 0.6205827817320824
  view-data: 0.39373181760311127
