times:
  edit-metadata: 2.976179522462189
  landing: 0.12786513846367598
  view-data: 0.44859694316983223
