times:
  edit-metadata: 3.317081842571497
  landing: 0.3078762907534838
  view-data: 0.39946057461202145
