times:
  edit-metadata: 3.153354272246361
  landing: 0.17042778059840202
  view-data: 0.028079943731427193
