times:
  edit-metadata: 2.2067404680419713
  landing: 0.06814103794749826
  view-data: 0.31496122700627893
