times:
  edit-metadata: 1.7699571438133717
  landing: 1.2715094611048698
  view-data: 3.4028261117637157
