times:
  edit-metadata: 3.2008729726076126
  landing: 0.1516453381627798
  view-data: 0.02518313378095627
