times:
  edit-metadata: 4.126572337001562
  landing: 0.3337918035686016
  view-data: 0.2511183936148882
