times:
  edit-metadata: 3.2359557449817657
  landing: 1.0803822819143534
  view-data: 0.38071669079363346
