times:
  edit-metadata: 1.5299307275563478
  landing: 0.8512573447078466
  view-data: 0.6752002853900194
