times:
  edit-metadata: 2.7962406184524298
  landing: 0.11850790400058031
  view-data: 0.11720895022153854
