times:
  edit-metadata: 1.3916602674871683
  landing: 0.7612510081380606
  view-data: 3.357454936951399
