times:
  edit-metadata: 3.1370399426668882
  landing: 1.0372104216367006
  view-data: 0.3763676155358553
