times:
  edit-metadata: 1.5824027862399817
  landing: 1.1391914188861847
  view-data: 3.309935610741377
