times:
  edit-metadata: 1.4310667359968647
  landing: 1.0042885730508715
  view-data: 3.6465393350226805
