times:
  edit-metadata: 3.269492655992508
  landing: 0.588166780769825
  view-data: 0.2948427703231573
