times:
  edit-metadata: 1.534088283777237
  landing: 0.8114791344851255
  view-data: 3.3941145837306976
