times:
  edit-metadata: 2.19507275801152
  landing: 0.04337932902853936
  view-data: 0.31267164601013064
