times:
  edit-metadata: 1.367299584671855
  landing: 0.9168333578854799
  view-data: 3.358005680143833
