times:
  edit-metadata: 3.0138650108128786
  landing: 1.0504441373050213
  view-data: 0.5211341846734285
