times:
  edit-metadata: 1.7089189520047512
  landing: 0.04299665700818878
  view-data: 0.2436759480042383
