times:
  edit-metadata: 2.897119631059468
  landing: 0.02079335693269968
  view-data: 0.022394346073269844
