times:
  edit-metadata: 1.4081811462529004
  landing: 0.04190459940582514
  view-data: 0.24449984589591622
