times:
  edit-metadata: 2.3341955430805683
  landing: 1.3323155120015144
  view-data: 3.470588054507971
