times:
  edit-metadata: 1.3154376780148596
  landing: 0.7296354500576854
  view-data: 3.3177914281841367
