times:
  edit-metadata: 4.3488453179597855
  landing: 0.1965814922004938
  view-data: 0.5291690826416016
