times:
  edit-metadata: 1.441751278936863
  landing: 0.894384503364563
  view-data: 3.323362495750189
