times:
  edit-metadata: 2.170983815100044
  landing: 0.0670530991628766
  view-data: 0.32207820611074567
