times:
  edit-metadata: 1.4156731339171529
  landing: 0.04486508294939995
  view-data: 0.23831398598849773
