times:
  edit-metadata: 1.5232148468494415
  landing: 0.8950487524271011
  view-data: 3.3708504624664783
