times:
  edit-metadata: 3.2224139478057623
  landing: 0.11556468345224857
  view-data: 0.11796733178198338
