times:
  edit-metadata: 2.288100400008261
  landing: 0.05083350604400039
  view-data: 0.3238163541536778
