times:
  edit-metadata: 2.8396830083802342
  landing: 0.020716619677841663
  view-data: 0.05851893965154886
