times:
  edit-metadata: 1.6682599700288847
  landing: 0.03996286599431187
  view-data: 0.24799795495346189
