times:
  edit-metadata: 1.7137193400412798
  landing: 0.042748467065393925
  view-data: 0.24157498078420758
