times:
  edit-metadata: 1.2960007516667247
  landing: 0.8593714237213135
  view-data: 3.2879292648285627
