times:
  edit-metadata: 2.787505785934627
  landing: 0.020955810323357582
  view-data: 0.13380726892501116
