times:
  edit-metadata: 4.166126167401671
  landing: 0.22377613745629787
  view-data: 0.2511125635355711
