times:
  edit-metadata: 1.5455856509506702
  landing: 0.9203641712665558
  view-data: 3.3010257314890623
