times:
  edit-metadata: 2.9193748338148
  landing: 0.02098006196320057
  view-data: 0.02633629459887743
