times:
  edit-metadata: 1.866408560425043
  landing: 1.3141508027911186
  view-data: 3.4179899375885725
