times:
  edit-metadata: 2.8957285853102803
  landing: 0.02291983086615801
  view-data: 0.46496317628771067
