times:
  edit-metadata: 3.3349001929163933
  landing: 0.7526353690773249
  view-data: 0.3992727007716894
