times:
  edit-metadata: 1.7282290059374645
  landing: 0.048861057963222265
  view-data: 0.24909720895811915
