times:
  edit-metadata: 1.6722345910966396
  landing: 1.2012173160910606
  view-data: 3.364832777529955
