times:
  edit-metadata: 1.7390674529597163
  landing: 0.05195918004028499
  view-data: 0.23217288381420076
