times:
  edit-metadata: 1.626390229910612
  landing: 0.7702573128044605
  view-data: 3.288346257060766
