times:
  edit-metadata: 2.2928413649788126
  landing: 0.04798906610812992
  view-data: 0.3200431870063767
