times:
  edit-metadata: 2.7835673885419965
  landing: 0.020571580156683922
  view-data: 0.41531325690448284
