times:
  edit-metadata: 3.1671204417943954
  landing: 0.019562138244509697
  view-data: 0.024775825440883636
