times:
  edit-metadata: 3.64839213400046
  landing: 0.04286881900043227
  view-data: 0.27886858000056236
