times:
  edit-metadata: 2.1886075623333454
  landing: 1.599477095529437
  view-data: 3.4753275010734797
