times:
  edit-metadata: 0.5591401364654303
  landing: 1.115343064069748
  view-data: 0.23745147697627544
