times:
  edit-metadata: 1.753701833076775
  landing: 0.04497783351689577
  view-data: 0.2737289611250162
