times:
  edit-metadata: 1.120800744742155
  landing: 0.5919196084141731
  view-data: 0.6244227010756731
