times:
  edit-metadata: 3.187126288190484
  landing: 0.7512651402503252
  view-data: 0.38921021670103073
