times:
  edit-metadata: 2.2454450000077486
  landing: 0.0519761509494856
  view-data: 0.3140338680241257
