times:
  edit-metadata: 2.860235354863107
  landing: 0.021585335955023766
  view-data: 0.24772064480930567
