times:
  edit-metadata: 2.6598220537416637
  landing: 0.07271014293655753
  view-data: 0.29628913197666407
