times:
  edit-metadata: 3.7087080124765635
  landing: 0.13098732382059097
  view-data: 0.13682973012328148
