times:
  edit-metadata: 1.4680272182449698
  landing: 0.04153089597821236
  view-data: 0.24277442321181297
