times:
  edit-metadata: 1.3910675812512636
  landing: 0.8812405113130808
  view-data: 3.3785163797438145
