times:
  edit-metadata: 2.6171774975955486
  landing: 0.04638013103976846
  view-data: 0.31896396819502115
