times:
  edit-metadata: 2.899605923332274
  landing: 0.020184621214866638
  view-data: 0.1230072109028697
