times:
  edit-metadata: 3.6010910607874393
  landing: 0.22783076763153076
  view-data: 0.4528963379561901
