times:
  edit-metadata: 2.9093708049913403
  landing: 0.10128976000123657
  view-data: 0.40727014699950814
