times:
  edit-metadata: 2.9057432301342487
  landing: 0.04332272335886955
  view-data: 0.28211023658514023
