times:
  edit-metadata: 1.7084098960040137
  landing: 0.04231203498784453
  view-data: 0.2433858539443463
