times:
  edit-metadata: 1.1126812007278204
  landing: 1.1440140139311552
  view-data: 0.6283201240003109
