times:
  edit-metadata: 1.4917191118001938
  landing: 1.0437991172075272
  view-data: 3.33970845118165
