times:
  edit-metadata: 1.5064028594642878
  landing: 0.7824460882693529
  view-data: 3.3565245270729065
