times:
  edit-metadata: 2.331005505286157
  landing: 0.053593484684824944
  view-data: 0.31890318263322115
