times:
  edit-metadata: 2.9517557471990585
  landing: 0.018797628581523895
  view-data: 0.4515567207708955
