times:
  edit-metadata: 1.5192801244556904
  landing: 0.81290945969522
  view-data: 3.349531903862953
