times:
  edit-metadata: 3.1332190185785294
  landing: 0.789808502420783
  view-data: 0.3952004760503769
