times:
  edit-metadata: 1.4566918769851327
  landing: 0.052239812444895506
  view-data: 0.2440268979407847
