times:
  edit-metadata: 1.441532731987536
  landing: 0.8702843161299825
  view-data: 3.2509861211292446
