times:
  edit-metadata: 1.7347270529717207
  landing: 0.042869629338383675
  view-data: 0.275488905608654
