times:
  edit-metadata: 1.690598446992226
  landing: 0.04317672795150429
  view-data: 0.2559866539668292
