times:
  edit-metadata: 0.7467381544411182
  landing: 0.6239865366369486
  view-data: 0.2530770134180784
