times:
  edit-metadata: 2.9176469035446644
  landing: 0.695114130154252
  view-data: 0.2915418688207865
