times:
  edit-metadata: 1.7981396247632802
  landing: 0.09276151284575462
  view-data: 0.27401399426162243
