times:
  edit-metadata: 1.3817459046840668
  landing: 0.7942597940564156
  view-data: 3.3551653623580933
