times:
  edit-metadata: 1.6788665540516376
  landing: 0.04508377984166145
  view-data: 0.25104677164927125
