times:
  edit-metadata: 1.4749380489811301
  landing: 0.04315530275925994
  view-data: 0.23920829221606255
