times:
  edit-metadata: 3.0859689554199576
  landing: 0.25001541897654533
  view-data: 0.4768242659047246
