times:
  edit-metadata: 1.4311242885887623
  landing: 1.023945428431034
  view-data: 3.3351114615797997
