times:
  edit-metadata: 3.0261389883235097
  landing: 0.02374289743602276
  view-data: 0.025961780920624733
