times:
  edit-metadata: 1.4842615611851215
  landing: 0.88196687027812
  view-data: 3.314700860530138
