times:
  edit-metadata: 3.2038881201297045
  landing: 0.15021197125315666
  view-data: 0.41928314231336117
