times:
  edit-metadata: 1.6953058390063234
  landing: 0.05187545798253268
  view-data: 0.24032970698317513
