times:
  edit-metadata: 3.2365743685513735
  landing: 0.5910691637545824
  view-data: 0.28103969991207123
