times:
  edit-metadata: 1.443996474146843
  landing: 0.04146574391052127
  view-data: 0.2482561799697578
