times:
  edit-metadata: 2.911359019577503
  landing: 0.024087914265692234
  view-data: 0.0258635263890028
