times:
  edit-metadata: 1.4615270160138607
  landing: 0.9829012081027031
  view-data: 3.368328209966421
