times:
  edit-metadata: 2.9460411285981536
  landing: 0.02448793686926365
  view-data: 0.023970570415258408
