times:
  edit-metadata: 3.2947412822395563
  landing: 0.1386815942823887
  view-data: 0.34322046861052513
