times:
  edit-metadata: 3.672072544693947
  landing: 0.1655428633093834
  view-data: 0.26882863976061344
