times:
  edit-metadata: 3.134874166920781
  landing: 0.044797616079449654
  view-data: 0.2819198053330183
