times:
  edit-metadata: 1.3525382070802152
  landing: 1.0850234711542726
  view-data: 3.323190553113818
