times:
  edit-metadata: 1.54256197437644
  landing: 1.0283739045262337
  view-data: 3.3305737487971783
