times:
  edit-metadata: 3.965028228238225
  landing: 0.35167075507342815
  view-data: 0.025890449061989784
