times:
  edit-metadata: 3.147175373043865
  landing: 0.0864652693271637
  view-data: 0.28168549481779337
