times:
  edit-metadata: 3.0859078969806433
  landing: 0.20629917457699776
  view-data: 0.1264397744089365
