times:
  edit-metadata: 2.908917400985956
  landing: 0.04600514844059944
  view-data: 0.28033347427845
