times:
  edit-metadata: 3.3002770226448774
  landing: 0.0210665725171566
  view-data: 0.4068667609244585
