times:
  edit-metadata: 2.278625249004108
  landing: 0.051266841001051944
  view-data: 0.4413610920018982
