times:
  edit-metadata: 2.921088721603155
  landing: 0.021753955632448196
  view-data: 0.31933705508708954
