times:
  edit-metadata: 3.211851166561246
  landing: 0.02314661629498005
  view-data: 0.11640513688325882
