times:
  edit-metadata: 1.718246690928936
  landing: 1.3188952505588531
  view-data: 3.497758824378252
