times:
  edit-metadata: 2.9565686397254467
  landing: 0.04797232896089554
  view-data: 0.28337235003709793
