times:
  edit-metadata: 1.7220355010067578
  landing: 0.04848953400505707
  view-data: 0.23619516799226403
