times:
  edit-metadata: 1.1914379354566336
  landing: 1.6224688347429037
  view-data: 0.6144878845661879
