times:
  edit-metadata: 2.9034248739480972
  landing: 0.046784382313489914
  view-data: 0.27872027456760406
