times:
  edit-metadata: 1.9121615402400494
  landing: 1.5490784645080566
  view-data: 3.4618852995336056
