times:
  edit-metadata: 3.105964992195368
  landing: 0.12827592343091965
  view-data: 0.1202051192522049
