times:
  edit-metadata: 2.2742423759773374
  landing: 0.06655423063784838
  view-data: 0.3166791400872171
