times:
  edit-metadata: 1.718758774921298
  landing: 0.036576488986611366
  view-data: 0.2600058550015092
