times:
  edit-metadata: 1.693783352151513
  landing: 0.043767592869699
  view-data: 0.273980172816664
