times:
  edit-metadata: 1.3989126699743792
  landing: 0.9676541909575462
  view-data: 3.308927834033966
