times:
  edit-metadata: 1.538654886186123
  landing: 0.9682724624872208
  view-data: 3.3601324260234833
