times:
  edit-metadata: 2.584985062479973
  landing: 1.0588251911103725
  view-data: 3.595584738999605
