times:
  edit-metadata: 1.5413205046206713
  landing: 0.8448545727878809
  view-data: 3.3989023622125387
