times:
  edit-metadata: 3.2298835292458534
  landing: 0.21645929850637913
  view-data: 0.30994792468845844
