times:
  edit-metadata: 1.8664990682154894
  landing: 1.2457620799541473
  view-data: 3.3783541657030582
