times:
  edit-metadata: 2.7902824082411826
  landing: 0.09517417987808585
  view-data: 0.387453265953809
