times:
  edit-metadata: 1.630643013981171
  landing: 1.2004006259376183
  view-data: 3.39282354793977
