times:
  edit-metadata: 2.323022397933528
  landing: 0.05131797515787184
  view-data: 0.29703047894872725
