times:
  edit-metadata: 1.7304366930620745
  landing: 0.041857767035253346
  view-data: 0.2480720019666478
