times:
  edit-metadata: 1.5727008767426014
  landing: 0.7996782809495926
  view-data: 3.350566156208515
