times:
  edit-metadata: 1.7571489580441266
  landing: 0.047026506857946515
  view-data: 0.24835947807878256
