times:
  edit-metadata: 1.464425212237984
  landing: 0.04610126605257392
  view-data: 0.24423777405172586
