times:
  edit-metadata: 1.8022196129895747
  landing: 0.04194838204421103
  view-data: 0.23872360307723284
