times:
  edit-metadata: 2.2725878031924367
  landing: 0.04656041995622218
  view-data: 0.3075553011149168
