times:
  edit-metadata: 2.9032905399799347
  landing: 0.023792431689798832
  view-data: 0.0254958001896739
