times:
  edit-metadata: 4.00874631293118
  landing: 0.2807244826108217
  view-data: 0.38974761217832565
