times:
  edit-metadata: 2.917569337412715
  landing: 0.21859514340758324
  view-data: 0.1333424085751176
