times:
  edit-metadata: 3.370434682816267
  landing: 0.2847610842436552
  view-data: 0.27911949157714844
