times:
  edit-metadata: 1.548577097710222
  landing: 0.9200647040270269
  view-data: 3.2752802348695695
