times:
  edit-metadata: 1.7534386250190437
  landing: 0.047333067981526256
  view-data: 0.22496966482140124
