times:
  edit-metadata: 2.576131005072966
  landing: 0.07699619699269533
  view-data: 0.25293943495489657
