times:
  edit-metadata: 2.7107779658399522
  landing: 0.17142210202291608
  view-data: 0.33642514795064926
