times:
  edit-metadata: 1.4108979292213917
  landing: 0.8333632554858923
  view-data: 3.3498345017433167
