times:
  edit-metadata: 2.1835912829265
  landing: 0.08845575479790568
  view-data: 0.30893723713234067
