times:
  edit-metadata: 2.940917001105845
  landing: 1.4062118451111019
  view-data: 3.5328985839150846
