times:
  edit-metadata: 2.3476513760106172
  landing: 0.07099516899324954
  view-data: 0.3264781410107389
