times:
  edit-metadata: 2.266584720928222
  landing: 0.05513456405606121
  view-data: 0.3244280879152939
