times:
  edit-metadata: 1.7437161654233932
  landing: 0.9983242386952043
  view-data: 3.4308850783854723
