times:
  edit-metadata: 1.714451665058732
  landing: 0.04967305390164256
  view-data: 0.24426671816036105
