times:
  edit-metadata: 1.7070612281095237
  landing: 0.04162077500950545
  view-data: 0.23869324708357453
