times:
  edit-metadata: 2.888916689902544
  landing: 0.06413425505161285
  view-data: 0.2767263725399971
