times:
  edit-metadata: 3.0701335379853845
  landing: 0.02000335045158863
  view-data: 0.36255423724651337
