times:
  edit-metadata: 3.0782606033608317
  landing: 0.24140865076333284
  view-data: 0.36775788478553295
