times:
  edit-metadata: 3.0610212329775095
  landing: 1.7803597394376993
  view-data: 0.5006096065044403
