times:
  edit-metadata: 1.5634336520452052
  landing: 0.9411313279997557
  view-data: 3.4012377050239593
