times:
  edit-metadata: 2.651435803156346
  landing: 0.13196801813319325
  view-data: 0.3200176749378443
