times:
  edit-metadata: 1.4885353073477745
  landing: 0.7983776554465294
  view-data: 3.326464619487524
