times:
  edit-metadata: 1.4603720717132092
  landing: 0.9205818139016628
  view-data: 3.4110965505242348
