times:
  edit-metadata: 3.189465370029211
  landing: 0.052456505596637726
  view-data: 0.2884887345135212
