times:
  edit-metadata: 1.5735713671892881
  landing: 0.8524817321449518
  view-data: 3.407375631853938
