times:
  edit-metadata: 1.822558844462037
  landing: 1.0575149320065975
  view-data: 3.3961194213479757
