times:
  edit-metadata: 1.3784541320055723
  landing: 0.9434731109067798
  view-data: 3.279192785732448
