times:
  edit-metadata: 1.8471513099502772
  landing: 0.05033692508004606
  view-data: 0.24988399306312203
