times:
  edit-metadata: 1.5233359970152378
  landing: 1.0496117752045393
  view-data: 3.425807371735573
