times:
  edit-metadata: 1.695640821941197
  landing: 0.04288227087818086
  view-data: 0.24023325508460402
