times:
  edit-metadata: 1.7622905522584915
  landing: 0.04038015007972717
  view-data: 0.27679632045328617
