times:
  edit-metadata: 1.76808269508183
  landing: 0.05495201610028744
  view-data: 0.26974791567772627
