times:
  edit-metadata: 1.3844932951033115
  landing: 0.8999704234302044
  view-data: 3.3986212350428104
