times:
  edit-metadata: 1.3831244595348835
  landing: 0.9675238560885191
  view-data: 3.4172629481181502
