times:
  edit-metadata: 3.1744686514139175
  landing: 1.3285854440182447
  view-data: 0.5188968777656555
