times:
  edit-metadata: 2.8144680792465806
  landing: 0.02172705437988043
  view-data: 0.12013828102499247
