times:
  edit-metadata: 2.8846229314804077
  landing: 0.050909169018268585
  view-data: 0.2970943711698055
