times:
  edit-metadata: 2.2532645100727677
  landing: 0.058550652116537094
  view-data: 0.3052365879993886
