times:
  edit-metadata: 1.4939284212887287
  landing: 1.043176181614399
  view-data: 3.365555204451084
