times:
  edit-metadata: 3.320513954386115
  landing: 0.811080489307642
  view-data: 0.3842362370342016
