times:
  edit-metadata: 1.5174046754837036
  landing: 0.9860829897224903
  view-data: 3.336405985057354
