times:
  edit-metadata: 1.836445901542902
  landing: 1.2474646009504795
  view-data: 3.510177094489336
