times:
  edit-metadata: 1.434605959802866
  landing: 0.8282021284103394
  view-data: 3.271924179047346
