times:
  edit-metadata: 3.158951360732317
  landing: 1.237861055880785
  view-data: 0.3847977165132761
