times:
  edit-metadata: 3.3064198791980743
  landing: 1.3311902955174446
  view-data: 0.6144081838428974
