times:
  edit-metadata: 2.2770385049516335
  landing: 0.04952407197561115
  view-data: 0.3003416160354391
