times:
  edit-metadata: 1.755814646370709
  landing: 0.043610719963908195
  view-data: 0.2666346775367856
