times:
  edit-metadata: 1.4333772733807564
  landing: 0.9441327638924122
  view-data: 3.3270572498440742
