times:
  edit-metadata: 1.4852546509355307
  landing: 0.796823097858578
  view-data: 3.288656247779727
