times:
  edit-metadata: 1.3846913538873196
  landing: 1.0974461054429412
  view-data: 3.3593142302706838
