times:
  edit-metadata: 3.2441359609365463
  landing: 0.13454423286020756
  view-data: 0.1400513667613268
