times:
  edit-metadata: 2.8980427188798785
  landing: 0.021425570361316204
  view-data: 0.4731897599995136
