times:
  edit-metadata: 2.6626596020068973
  landing: 0.10538510396145284
  view-data: 0.25653308304026723
