times:
  edit-metadata: 1.3743807952851057
  landing: 0.9034121101722121
  view-data: 3.292629395145923
