times:
  edit-metadata: 1.4927034489810467
  landing: 0.9268876872956753
  view-data: 3.359499793499708
