times:
  edit-metadata: 2.9213198143988848
  landing: 0.21011167112737894
  view-data: 0.1203380273655057
