times:
  edit-metadata: 2.887500185519457
  landing: 0.02188911661505699
  view-data: 0.4109837356954813
