times:
  edit-metadata: 1.404007347067818
  landing: 0.8995582540519536
  view-data: 3.2698815970215946
