times:
  edit-metadata: 1.7522280709818006
  landing: 0.04347372520714998
  view-data: 0.2792976931668818
