times:
  edit-metadata: 1.429427235852927
  landing: 0.04015293205156922
  view-data: 0.23776223231106997
