times:
  edit-metadata: 3.150959314778447
  landing: 0.05248804949223995
  view-data: 0.3188870083540678
