times:
  edit-metadata: 2.7905823681503534
  landing: 0.019452673383057117
  view-data: 0.09882147051393986
