times:
  edit-metadata: 1.394430638058111
  landing: 1.0386210840661079
  view-data: 3.320754161919467
