times:
  edit-metadata: 2.306232568109408
  landing: 0.05089891189709306
  view-data: 0.31363669387064874
