times:
  edit-metadata: 1.6350537352263927
  landing: 0.9923280403017998
  view-data: 3.318142469972372
