times:
  edit-metadata: 1.5017823055386543
  landing: 1.0078760050237179
  view-data: 3.3455141820013523
