times:
  edit-metadata: 1.7411392121575773
  landing: 0.04286783188581467
  view-data: 0.23815920995548368
