times:
  edit-metadata: 2.919805284589529
  landing: 0.05352509394288063
  view-data: 0.2877115271985531
