times:
  edit-metadata: 0.6633807923644781
  landing: 2.689170153811574
  view-data: 0.7765467651188374
