times:
  edit-metadata: 1.566906563937664
  landing: 0.8621182888746262
  view-data: 3.3855325654149055
