times:
  edit-metadata: 0.6567778494209051
  landing: 0.49498652294278145
  view-data: 0.19650992564857006
