times:
  edit-metadata: 3.172953578999568
  landing: 0.09711172500010434
  view-data: 0.5293992689998959
