times:
  edit-metadata: 1.7207588360033697
  landing: 0.04804397300176788
  view-data: 0.2288846809969982
