times:
  edit-metadata: 2.894600300118327
  landing: 0.020319712348282337
  view-data: 0.029261699877679348
