times:
  edit-metadata: 1.613324135541916
  landing: 1.1229640617966652
  view-data: 3.359716195613146
