times:
  edit-metadata: 2.2810084116645157
  landing: 0.04496915312483907
  view-data: 0.31773787178099155
