times:
  edit-metadata: 1.739391515031457
  landing: 0.042657206766307354
  view-data: 0.40805104840546846
