times:
  edit-metadata: 3.244433769956231
  landing: 0.02193458192050457
  view-data: 0.37473971024155617
