times:
  edit-metadata: 1.6574963303282857
  landing: 1.1919352523982525
  view-data: 3.4563870150595903
