times:
  edit-metadata: 1.1026703398674726
  landing: 3.181598749011755
  view-data: 0.601165471598506
