times:
  edit-metadata: 2.272673136998492
  landing: 0.048630954006512184
  view-data: 0.338558223003929
