times:
  edit-metadata: 3.981701457872987
  landing: 0.21335561946034431
  view-data: 0.19798256270587444
