times:
  edit-metadata: 3.1886041052639484
  landing: 0.02240690402686596
  view-data: 0.26186320558190346
