times:
  edit-metadata: 1.6964637259952724
  landing: 0.04418393597006798
  view-data: 0.24298134399577975
