times:
  edit-metadata: 2.8914606599137187
  landing: 0.22190996166318655
  view-data: 0.11815263982862234
