times:
  edit-metadata: 1.9776318818330765
  landing: 1.2830669842660427
  view-data: 3.526799649000168
