times:
  edit-metadata: 2.2297650389373302
  landing: 0.06026473792735487
  view-data: 0.31503620208241045
