times:
  edit-metadata: 2.9065705686807632
  landing: 0.05281151831150055
  view-data: 0.2774590477347374
