times:
  edit-metadata: 1.7250960869714618
  landing: 0.039347471203655005
  view-data: 0.26728524919599295
