times:
  edit-metadata: 3.1193922627717257
  landing: 0.15186318196356297
  view-data: 0.3094136714935303
