times:
  edit-metadata: 1.1480096615850925
  landing: 0.5713477823883295
  view-data: 0.6198280826210976
