times:
  edit-metadata: 1.4828993119299412
  landing: 0.8896299824118614
  view-data: 3.402908420190215
