times:
  edit-metadata: 1.5063780173659325
  landing: 0.790501032024622
  view-data: 3.264000453054905
