times:
  edit-metadata: 1.3890493093058467
  landing: 0.8908034688793123
  view-data: 3.3430231399834156
