times:
  edit-metadata: 1.5511928964406252
  landing: 0.9590693637728691
  view-data: 3.350971680134535
