times:
  edit-metadata: 3.913870584219694
  landing: 2.2218765281140804
  view-data: 4.726785220205784
