times:
  edit-metadata: 1.3705576080828905
  landing: 0.8700482118874788
  view-data: 3.3789488077163696
