times:
  edit-metadata: 1.4524918631650507
  landing: 0.04084475291892886
  view-data: 0.24870884604752064
