times:
  edit-metadata: 2.9106675945222378
  landing: 0.052606984972953796
  view-data: 0.2904975265264511
