times:
  edit-metadata: 1.7106899609789252
  landing: 0.04044585500378162
  view-data: 0.24999470595503226
