times:
  edit-metadata: 1.3645524587482214
  landing: 0.8673505205661058
  view-data: 3.444973971694708
