times:
  edit-metadata: 3.4343646094202995
  landing: 0.023543037474155426
  view-data: 0.14911893010139465
