times:
  edit-metadata: 1.396282609552145
  landing: 0.9359969571232796
  view-data: 3.34631310030818
