times:
  edit-metadata: 1.7386673418805003
  landing: 0.04434576164931059
  view-data: 0.24354948801919818
