times:
  edit-metadata: 2.8123417738825083
  landing: 0.02133962418884039
  view-data: 0.21013925038278103
