times:
  edit-metadata: 1.7198903858661652
  landing: 0.05059032794088125
  view-data: 0.2418232038617134
