times:
  edit-metadata: 1.7715265210717916
  landing: 0.04324965504929423
  view-data: 0.2527677558828145
