times:
  edit-metadata: 1.5560139790177345
  landing: 0.849894130602479
  view-data: 3.328232990577817
