times:
  edit-metadata: 3.5837027886882424
  landing: 0.0209046034142375
  view-data: 0.16742374934256077
