times:
  edit-metadata: 1.529113421216607
  landing: 0.8882776824757457
  view-data: 3.32816853094846
