times:
  edit-metadata: 2.9419408589601517
  landing: 0.04131004959344864
  view-data: 0.27122391760349274
