times:
  edit-metadata: 1.5260393749922514
  landing: 0.8026600386947393
  view-data: 3.3429309520870447
