times:
  edit-metadata: 1.422980247065425
  landing: 0.8266908582299948
  view-data: 3.334598133340478
