times:
  edit-metadata: 1.7430066871456802
  landing: 0.04150854190811515
  view-data: 0.2746811839751899
