times:
  edit-metadata: 2.2386903789592907
  landing: 0.07514682097826153
  view-data: 0.3197999879484996
