times:
  edit-metadata: 1.1350294947624207
  landing: 0.5737229567021132
  view-data: 0.6143696047365665
