times:
  edit-metadata: 1.497968316078186
  landing: 0.9231641441583633
  view-data: 3.319844074547291
