times:
  edit-metadata: 1.4079253114759922
  landing: 1.0124065093696117
  view-data: 3.398451916873455
