times:
  edit-metadata: 3.6973530501127243
  landing: 0.04868244007229805
  view-data: 0.2761138752102852
