times:
  edit-metadata: 2.225558914244175
  landing: 1.2190915532410145
  view-data: 3.3685365319252014
