times:
  edit-metadata: 2.8791090324521065
  landing: 0.0218797717243433
  view-data: 0.11817788798362017
