times:
  edit-metadata: 2.193923110840842
  landing: 0.05482553085312247
  view-data: 0.3169470119755715
