times:
  edit-metadata: 2.2057787550147623
  landing: 0.07173834694549441
  view-data: 0.4393700018990785
