times:
  edit-metadata: 1.7080534240230918
  landing: 0.048298791982233524
  view-data: 0.2517123679863289
