times:
  edit-metadata: 1.6899856280069798
  landing: 0.045244564069435
  view-data: 0.23923968593589962
