times:
  edit-metadata: 3.6539337650174275
  landing: 0.15662639698712155
  view-data: 0.46736384701216593
