times:
  edit-metadata: 2.876047382131219
  landing: 0.019024825654923916
  view-data: 0.11653428990393877
