times:
  edit-metadata: 2.2057526679709554
  landing: 0.052701637032441795
  view-data: 0.303816637955606
