times:
  edit-metadata: 1.3835310749709606
  landing: 0.9141995420213789
  view-data: 3.369434986030683
