times:
  edit-metadata: 1.708132404834032
  landing: 1.1702952235937119
  view-data: 3.32151110842824
