times:
  edit-metadata: 1.498026616871357
  landing: 1.07191401720047
  view-data: 3.384544163942337
