times:
  edit-metadata: 3.1225239038467407
  landing: 0.21046983636915684
  view-data: 0.024376515299081802
