times:
  edit-metadata: 2.1880592000088654
  landing: 0.15191206499002874
  view-data: 0.3492822209955193
