times:
  edit-metadata: 1.773710343055427
  landing: 0.05198059510439634
  view-data: 0.27257717587053776
