times:
  edit-metadata: 3.1593588776886463
  landing: 0.023009849712252617
  view-data: 0.14262145571410656
