times:
  edit-metadata: 1.7712554894387722
  landing: 1.1564262434840202
  view-data: 3.4101002998650074
