times:
  edit-metadata: 1.1680987495929003
  landing: 1.1763943172991276
  view-data: 0.6092442125082016
