times:
  edit-metadata: 2.8379094479605556
  landing: 0.019707173109054565
  view-data: 0.026740544475615025
