times:
  edit-metadata: 1.3740756995975971
  landing: 0.8809514045715332
  view-data: 3.2902733385562897
