times:
  edit-metadata: 1.5238832384347916
  landing: 0.9380490183830261
  view-data: 3.3189839124679565
