times:
  edit-metadata: 2.8469958268105984
  landing: 0.04439160227775574
  view-data: 0.2811678387224674
