times:
  edit-metadata: 1.3979296509642154
  landing: 1.1051010680384934
  view-data: 3.2538708749925718
