times:
  edit-metadata: 2.213626991957426
  landing: 0.065146594773978
  view-data: 0.30144523503258824
