times:
  edit-metadata: 3.109695026651025
  landing: 0.022354399785399437
  view-data: 0.024109752848744392
