times:
  edit-metadata: 1.700937187008094
  landing: 0.048310600977856666
  view-data: 0.24353980796877295
