times:
  edit-metadata: 1.5345611907541752
  landing: 0.9957828484475613
  view-data: 3.4014854319393635
