times:
  edit-metadata: 1.3633650438860059
  landing: 0.8730334797874093
  view-data: 3.349830617196858
