times:
  edit-metadata: 1.750368726439774
  landing: 0.0480625769123435
  view-data: 0.27875207737088203
