times:
  edit-metadata: 3.050655383616686
  landing: 2.1776264403015375
  view-data: 0.2764773201197386
