times:
  edit-metadata: 2.1691097480943426
  landing: 0.07585664698854089
  view-data: 0.3243838750058785
