times:
  edit-metadata: 3.829419517889619
  landing: 0.1715710684657097
  view-data: 0.18317444808781147
