times:
  edit-metadata: 2.2953690816648304
  landing: 0.05613016616553068
  view-data: 0.3042059177532792
