times:
  edit-metadata: 1.4981568069197237
  landing: 0.9302231799811125
  view-data: 3.3205010308884084
