times:
  edit-metadata: 2.1607483129482716
  landing: 0.07510071899741888
  view-data: 0.31377048115246
