times:
  edit-metadata: 4.315274318680167
  landing: 0.2814512923359871
  view-data: 0.282273355871439
