times:
  edit-metadata: 1.4555668462999165
  landing: 0.04323866171762347
  view-data: 0.2580819930881262
