times:
  edit-metadata: 4.354764840994903
  landing: 0.22160864099714672
  view-data: 0.5813296420019469
