times:
  edit-metadata: 1.410780227277428
  landing: 0.040668477304279804
  view-data: 0.23951703682541847
