times:
  edit-metadata: 1.392306387424469
  landing: 0.8252001311630011
  view-data: 3.3450334537774324
