times:
  edit-metadata: 3.7707577757537365
  landing: 0.04782867431640625
  view-data: 0.2723979018628597
