times:
  edit-metadata: 2.2485349809285253
  landing: 0.0586825089994818
  view-data: 0.3085259129293263
