times:
  edit-metadata: 3.198614075779915
  landing: 0.020441735163331032
  view-data: 0.02689569629728794
