times:
  edit-metadata: 1.6996616309625097
  landing: 0.04578223201679066
  view-data: 0.24514420400373638
