times:
  edit-metadata: 1.6262570708058774
  landing: 0.04887298122048378
  view-data: 0.2609190898947418
