times:
  edit-metadata: 1.4403083380311728
  landing: 0.04354403028264642
  view-data: 0.2417087140493095
