times:
  edit-metadata: 1.716378510929644
  landing: 0.06855343095958233
  view-data: 0.24493133509531617
