times:
  edit-metadata: 1.866231095045805
  landing: 0.07532473001629114
  view-data: 0.25785446306690574
