times:
  edit-metadata: 1.5767011251300573
  landing: 0.8752665710635483
  view-data: 3.2849646601825953
