times:
  edit-metadata: 1.4928883179090917
  landing: 0.8681338799651712
  view-data: 3.3861789868678898
