times:
  edit-metadata: 1.4571775682270527
  landing: 0.9369315169751644
  view-data: 3.3691759258508682
