times:
  edit-metadata: 2.926355908624828
  landing: 0.22825974691659212
  view-data: 0.18904798477888107
