times:
  edit-metadata: 1.4209119328297675
  landing: 0.04368401598185301
  view-data: 0.2465166519396007
