times:
  edit-metadata: 2.219553178991191
  landing: 0.05884735001018271
  view-data: 0.31097225996199995
