times:
  edit-metadata: 2.798590464517474
  landing: 0.020809502340853214
  view-data: 0.0989454397931695
