times:
  edit-metadata: 1.4374160119332373
  landing: 0.8815033198334277
  view-data: 3.315502765122801
