times:
  edit-metadata: 1.6846657805144787
  landing: 0.9190436815842986
  view-data: 3.3765346333384514
