times:
  edit-metadata: 2.9332781322300434
  landing: 0.0377352274954319
  view-data: 0.28404127806425095
