times:
  edit-metadata: 1.424850581213832
  landing: 0.8164939936250448
  view-data: 3.405179970897734
