times:
  edit-metadata: 1.738709994009696
  landing: 0.04711441101972014
  view-data: 0.2391871379222721
