times:
  edit-metadata: 2.8941251253709197
  landing: 0.022461475804448128
  view-data: 0.11838208418339491
