times:
  edit-metadata: 1.6757139340043068
  landing: 0.9655392281711102
  view-data: 3.4023235961794853
