times:
  edit-metadata: 2.9647745536640286
  landing: 0.14000745862722397
  view-data: 0.2389299925416708
