times:
  edit-metadata: 1.6648682998493314
  landing: 0.9214028753340244
  view-data: 3.3483123620972037
