times:
  edit-metadata: 2.29479407297913
  landing: 0.05005752301076427
  view-data: 0.30226176197174937
