times:
  edit-metadata: 2.348755118000554
  landing: 0.06748820401844569
  view-data: 0.3375106150051579
