times:
  edit-metadata: 2.8746610237285495
  landing: 0.019694446586072445
  view-data: 0.44120473600924015
