times:
  edit-metadata: 1.721991227939725
  landing: 0.05218272004276514
  view-data: 0.24527104303706437
