times:
  edit-metadata: 2.2343136279378086
  landing: 0.04742529196664691
  view-data: 0.3093332650605589
