times:
  edit-metadata: 2.956860692240298
  landing: 0.21186779998242855
  view-data: 0.4726339401677251
