times:
  edit-metadata: 1.5030414052307606
  landing: 0.8012217544019222
  view-data: 3.3123885951936245
