times:
  edit-metadata: 2.889327611774206
  landing: 0.052153635770082474
  view-data: 0.28530146926641464
