times:
  edit-metadata: 1.7302063759416342
  landing: 0.05115621699951589
  view-data: 0.24614607100374997
