times:
  edit-metadata: 2.250277914106846
  landing: 1.637249905616045
  view-data: 3.5007598847150803
