times:
  edit-metadata: 3.433068899437785
  landing: 0.02423933334648609
  view-data: 0.18198912404477596
