times:
  edit-metadata: 1.5367589350789785
  landing: 0.8214593641459942
  view-data: 3.2942231446504593
