times:
  edit-metadata: 1.7805433943867683
  landing: 1.1645216196775436
  view-data: 3.374208638444543
