times:
  edit-metadata: 3.46951000764966
  landing: 2.135708127170801
  view-data: 3.796628177165985
