times:
  edit-metadata: 1.529624279588461
  landing: 0.8691325038671494
  view-data: 3.401000866666436
