times:
  edit-metadata: 1.7225729810306802
  landing: 0.05024267500266433
  view-data: 0.24147500901017338
