times:
  edit-metadata: 3.189434776082635
  landing: 0.8923747111111879
  view-data: 0.4115679860115051
