times:
  edit-metadata: 2.9465495040640235
  landing: 0.021467415615916252
  view-data: 0.1248348094522953
