times:
  edit-metadata: 2.9552132776007056
  landing: 0.023007173091173172
  view-data: 0.12189136631786823
