times:
  edit-metadata: 0.6877244412899017
  landing: 0.5402682069689035
  view-data: 0.20704798214137554
