times:
  edit-metadata: 2.8956453017890453
  landing: 0.04125800356268883
  view-data: 0.28052719309926033
