times:
  edit-metadata: 0.7846301142126322
  landing: 0.8875992149114609
  view-data: 0.35297273471951485
