times:
  edit-metadata: 3.245992036536336
  landing: 0.019860871136188507
  view-data: 0.3620020095258951
