times:
  edit-metadata: 2.887617412954569
  landing: 0.05144795775413513
  view-data: 0.28518468141555786
