times:
  edit-metadata: 1.4360256297513843
  landing: 0.05306915286928415
  view-data: 0.23788238409906626
