times:
  edit-metadata: 4.911665462015662
  landing: 0.03611380996881053
  view-data: 0.07155089301522821
