times:
  edit-metadata: 1.7452480839565396
  landing: 0.04621749557554722
  view-data: 0.2827461361885071
