times:
  edit-metadata: 0.7107480298727751
  landing: 0.8865849506109953
  view-data: 0.4664609916508198
