times:
  edit-metadata: 2.973565921187401
  landing: 0.051430780440568924
  view-data: 0.2725314497947693
