times:
  edit-metadata: 2.185660748999908
  landing: 0.0736546210000597
  view-data: 0.31741679200013095
