times:
  edit-metadata: 1.3838868960738182
  landing: 0.7908081319183111
  view-data: 3.4243726283311844
