times:
  edit-metadata: 4.162189269438386
  landing: 0.23878801241517067
  view-data: 0.1703092660754919
