times:
  edit-metadata: 1.7054751360119553
  landing: 0.03885373398952652
  view-data: 0.2421480920020258
