times:
  edit-metadata: 1.8575067319907248
  landing: 0.042829463025555015
  view-data: 0.24404465104453266
