times:
  edit-metadata: 1.7268122409004718
  landing: 0.03963057999499142
  view-data: 0.22484390903264284
