times:
  edit-metadata: 1.6163108609616756
  landing: 0.9585920730605721
  view-data: 3.3734021382406354
