times:
  edit-metadata: 1.5008548125624657
  landing: 0.7343478389084339
  view-data: 3.298852998763323
