times:
  edit-metadata: 2.9272074084728956
  landing: 0.021726226434111595
  view-data: 0.12034837249666452
