times:
  edit-metadata: 1.4633545740507543
  landing: 0.03882652381435037
  view-data: 0.24131979094818234
