times:
  edit-metadata: 1.8689871244132519
  landing: 0.943308636546135
  view-data: 3.60482244938612
