times:
  edit-metadata: 1.687166946940124
  landing: 1.0281209680251777
  view-data: 3.36412591394037
