times:
  edit-metadata: 1.6527543347328901
  landing: 0.9152539372444153
  view-data: 3.3239594688639045
