times:
  edit-metadata: 2.90539637953043
  landing: 0.18505994882434607
  view-data: 0.3070159265771508
