times:
  edit-metadata: 1.6996489020530134
  landing: 0.04773063398897648
  view-data: 0.2508958140388131
