times:
  edit-metadata: 2.8540448751300573
  landing: 0.08187540201470256
  view-data: 0.4441723679192364
