times:
  edit-metadata: 2.8745877128094435
  landing: 0.020794682204723358
  view-data: 0.11971135716885328
