times:
  edit-metadata: 3.069124149158597
  landing: 0.6669340506196022
  view-data: 0.38385920971632004
