times:
  edit-metadata: 0.5418995302170515
  landing: 0.6782188918441534
  view-data: 0.20296436361968517
