times:
  edit-metadata: 2.2309346760157496
  landing: 0.07593476702459157
  view-data: 0.3205752500798553
