times:
  edit-metadata: 1.7553575225174427
  landing: 0.05289583746343851
  view-data: 0.268139841966331
