times:
  edit-metadata: 1.71807840798283
  landing: 0.04477553500328213
  view-data: 0.24447033199248835
