times:
  edit-metadata: 1.3623074125498533
  landing: 0.8898473740555346
  view-data: 3.3860971676185727
