times:
  edit-metadata: 1.7767203506082296
  landing: 0.04750270675867796
  view-data: 0.26920243073254824
