times:
  edit-metadata: 1.4244272913783789
  landing: 0.048780485056340694
  view-data: 0.23688000906258821
