times:
  edit-metadata: 2.9432619996368885
  landing: 0.04922695457935333
  view-data: 0.2923353314399719
