times:
  edit-metadata: 3.802157871425152
  landing: 0.19849970936775208
  view-data: 0.17218267545104027
