times:
  edit-metadata: 1.7878076620399952
  landing: 0.05118332803249359
  view-data: 0.283043266274035
