times:
  edit-metadata: 2.0578458710806444
  landing: 0.051388846011832356
  view-data: 0.26524182001594454
