times:
  edit-metadata: 1.540730843320489
  landing: 0.8473516907542944
  view-data: 3.3139924239367247
