times:
  edit-metadata: 1.4340924830175936
  landing: 0.0454012812115252
  view-data: 0.24134589219465852
