times:
  edit-metadata: 2.23081776779145
  landing: 0.07226521312259138
  view-data: 0.31599096208810806
