times:
  edit-metadata: 2.2067652349360287
  landing: 0.06427299603819847
  view-data: 0.2978086518123746
