times:
  edit-metadata: 1.7404165840125643
  landing: 0.04418436702690087
  view-data: 0.24679733900120482
