times:
  edit-metadata: 1.73486367193982
  landing: 0.05007091490551829
  view-data: 0.26774013601243496
