times:
  edit-metadata: 1.4093060083687305
  landing: 0.941279087215662
  view-data: 3.2927710991352797
