times:
  edit-metadata: 1.4230453819036484
  landing: 0.9884368628263474
  view-data: 3.3587981909513474
