times:
  edit-metadata: 1.2305337768048048
  landing: 1.1029026675969362
  view-data: 0.6004065349698067
