times:
  edit-metadata: 4.019597947597504
  landing: 8.48140187188983
  view-data: 4.026082715019584
