times:
  edit-metadata: 2.2508741670753807
  landing: 0.07016388885676861
  view-data: 0.44623282994143665
