times:
  edit-metadata: 3.6754853520542383
  landing: 0.14351695775985718
  view-data: 0.13395589776337147
