times:
  edit-metadata: 1.5659797713160515
  landing: 1.0800474807620049
  view-data: 3.291715558618307
