times:
  edit-metadata: 2.828207212500274
  landing: 0.019940033555030823
  view-data: 0.11922438722103834
