times:
  edit-metadata: 1.473265454173088
  landing: 0.9952864535152912
  view-data: 3.334654863923788
