times:
  edit-metadata: 1.799228709191084
  landing: 1.0804407931864262
  view-data: 3.3639812655746937
