times:
  edit-metadata: 2.1534533529920736
  landing: 0.06418272000155412
  view-data: 0.3139742329949513
