times:
  edit-metadata: 1.3005798067897558
  landing: 1.0816812366247177
  view-data: 0.6483536902815104
