times:
  edit-metadata: 1.7140651179943234
  landing: 0.041484812973067164
  view-data: 0.24269115692004561
