times:
  edit-metadata: 1.1124613117426634
  landing: 2.13323693908751
  view-data: 0.6119092982262373
