times:
  edit-metadata: 2.473999689333141
  landing: 0.07081912504509091
  view-data: 0.29141490114852786
