times:
  edit-metadata: 1.7121063279919326
  landing: 0.04221848607994616
  view-data: 0.24388021405320615
