times:
  edit-metadata: 1.7294548170175403
  landing: 0.039780449122190475
  view-data: 0.24553020996972919
