times:
  edit-metadata: 2.8147955341264606
  landing: 0.021976511925458908
  view-data: 0.23117328993976116
