times:
  edit-metadata: 1.7102384030586109
  landing: 0.04266308597289026
  view-data: 0.24430518702138215
