times:
  edit-metadata: 2.2687355149828363
  landing: 0.04773508899961598
  view-data: 0.3214083620114252
