times:
  edit-metadata: 2.8838684969814494
  landing: 0.10683967801742256
  view-data: 0.4012975440127775
