times:
  edit-metadata: 1.2532944213598967
  landing: 1.4828876573592424
  view-data: 0.33963463082909584
