times:
  edit-metadata: 3.1644051410257816
  landing: 0.5785588026046753
  view-data: 0.2791703771799803
