times:
  edit-metadata: 2.2821011210326105
  landing: 0.05280299414880574
  view-data: 0.44288128800690174
