times:
  edit-metadata: 1.7347557051107287
  landing: 0.043550917878746986
  view-data: 0.2830983139574528
