times:
  edit-metadata: 1.5495177078992128
  landing: 1.0287958718836308
  view-data: 0.6853094473481178
