times:
  edit-metadata: 1.697781968396157
  landing: 0.044637319166213274
  view-data: 0.2382905767299235
