times:
  edit-metadata: 1.700864183017984
  landing: 0.04454433987848461
  view-data: 0.24615775304846466
