times:
  edit-metadata: 1.4417262356728315
  landing: 0.9010003991425037
  view-data: 3.331873904913664
