times:
  edit-metadata: 2.178667350090109
  landing: 0.06483384303282946
  view-data: 0.3184685470769182
