times:
  edit-metadata: 2.197533607017249
  landing: 0.07850502908695489
  view-data: 0.321436470025219
