times:
  edit-metadata: 3.2763908114284277
  landing: 0.022505812346935272
  view-data: 0.12264781259000301
