times:
  edit-metadata: 3.086872223764658
  landing: 0.02346038445830345
  view-data: 0.02285040356218815
