times:
  edit-metadata: 1.596263188868761
  landing: 1.0605622958391905
  view-data: 3.3524053506553173
