times:
  edit-metadata: 3.731804033741355
  landing: 0.1568065732717514
  view-data: 0.16773979738354683
