times:
  edit-metadata: 2.580269105732441
  landing: 1.7733626812696457
  view-data: 3.938233695924282
