times:
  edit-metadata: 1.5199738293886185
  landing: 0.8292970359325409
  view-data: 3.4567888155579567
