times:
  edit-metadata: 3.4568815380334854
  landing: 1.592581294476986
  view-data: 3.5561269894242287
