times:
  edit-metadata: 1.49073975533247
  landing: 0.8075203448534012
  view-data: 3.5367054417729378
