times:
  edit-metadata: 1.3809484876692295
  landing: 0.7823602296411991
  view-data: 3.287785407155752
