times:
  edit-metadata: 1.4563152566552162
  landing: 0.8330865651369095
  view-data: 3.57475259155035
