times:
  edit-metadata: 1.45416559278965
  landing: 0.755753368139267
  view-data: 3.569203145802021
