times:
  edit-metadata: 1.5101925507187843
  landing: 0.8664259128272533
  view-data: 3.313484586775303
