times:
  edit-metadata: 1.3649784326553345
  landing: 0.8529495373368263
  view-data: 3.2803426682949066
