times:
  edit-metadata: 1.9122730493545532
  landing: 1.1202038750052452
  view-data: 3.6516318768262863
