times:
  edit-metadata: 1.4637851417064667
  landing: 0.8304048702120781
  view-data: 3.5648434683680534
