times:
  edit-metadata: 1.5112784318625927
  landing: 0.9552431292831898
  view-data: 3.362815871834755
