times:
  edit-metadata: 1.3540478125214577
  landing: 0.7795208692550659
  view-data: 3.411552347242832
