times:
  edit-metadata: 1.555851623415947
  landing: 0.9178903922438622
  view-data: 3.277826674282551
