times:
  edit-metadata: 1.7240049093961716
  landing: 0.9469359889626503
  view-data: 3.464154951274395
