times:
  edit-metadata: 1.4876977428793907
  landing: 0.929671123623848
  view-data: 3.5064824372529984
