times:
  edit-metadata: 1.4502768367528915
  landing: 0.8266972824931145
  view-data: 3.3527269028127193
