times:
  edit-metadata: 1.3399382904171944
  landing: 0.8166219368577003
  view-data: 3.5025945231318474
