times:
  edit-metadata: 1.395455539226532
  landing: 0.8006799519062042
  view-data: 3.3009742721915245
