times:
  edit-metadata: 1.5636522062122822
  landing: 0.9972539469599724
  view-data: 3.285600606352091
