times:
  edit-metadata: 1.5201605260372162
  landing: 0.7567899487912655
  view-data: 3.3691133558750153
