times:
  edit-metadata: 1.4324789606034756
  landing: 0.8268696591258049
  view-data: 3.408728741109371
