times:
  edit-metadata: 1.5362683609127998
  landing: 0.7818959355354309
  view-data: 3.43308387696743
