times:
  edit-metadata: 1.4309671372175217
  landing: 0.8644892051815987
  view-data: 3.3164763040840626
