times:
  edit-metadata: 1.4765850976109505
  landing: 0.8919519744813442
  view-data: 3.2955665215849876
