times:
  edit-metadata: 2.2077349834144115
  landing: 1.6699857152998447
  view-data: 3.4045608937740326
