times:
  edit-metadata: 1.426597349345684
  landing: 0.8045243322849274
  view-data: 3.2876378670334816
