times:
  edit-metadata: 1.5409968942403793
  landing: 0.9006376340985298
  view-data: 3.345624752342701
