times:
  edit-metadata: 1.3993834182620049
  landing: 0.8672308623790741
  view-data: 3.4270446598529816
