times:
  edit-metadata: 1.429693803191185
  landing: 0.8605982735753059
  view-data: 3.3098270297050476
