times:
  edit-metadata: 1.3314356915652752
  landing: 0.7761211134493351
  view-data: 3.295542061328888
