times:
  edit-metadata: 1.6028424426913261
  landing: 0.9047806486487389
  view-data: 3.389029175043106
