times:
  edit-metadata: 1.4411144368350506
  landing: 0.7271164171397686
  view-data: 3.2893242239952087
