times:
  edit-metadata: 1.39421546459198
  landing: 0.8844847232103348
  view-data: 0.5447885170578957
