times:
  edit-metadata: 1.5173834338784218
  landing: 0.866340346634388
  view-data: 3.361185632646084
