times:
  edit-metadata: 1.4631779342889786
  landing: 0.7762314528226852
  view-data: 3.531014919281006
