times:
  edit-metadata: 2.4489978551864624
  landing: 0.8150057345628738
  view-data: 3.394681751728058
