times:
  edit-metadata: 1.4936742559075356
  landing: 0.9081046804785728
  view-data: 3.4935327246785164
