times:
  edit-metadata: 1.4297514855861664
  landing: 0.7761277183890343
  view-data: 3.5217868834733963
