times:
  edit-metadata: 2.392067328095436
  landing: 1.4330103322863579
  view-data: 3.445771746337414
