times:
  edit-metadata: 1.4230015575885773
  landing: 0.7814489752054214
  view-data: 3.3793644718825817
