times:
  edit-metadata: 1.6843619458377361
  landing: 0.7657515704631805
  view-data: 3.3534869104623795
