times:
  edit-metadata: 1.5021693855524063
  landing: 0.8833804652094841
  view-data: 3.3389852195978165
