times:
  edit-metadata: 1.4222398400306702
  landing: 0.9118619784712791
  view-data: 3.5350397154688835
