times:
  edit-metadata: 1.6088566444814205
  landing: 1.1086949370801449
  view-data: 3.433287750929594
