times:
  edit-metadata: 1.5283576250076294
  landing: 0.7614054679870605
  view-data: 3.5634455159306526
