times:
  edit-metadata: 1.3456225506961346
  landing: 0.9156037792563438
  view-data: 3.344438873231411
