times:
  edit-metadata: 1.347461774945259
  landing: 0.8003006502985954
  view-data: 3.4279156923294067
