times:
  edit-metadata: 1.3881981149315834
  landing: 0.7632891461253166
  view-data: 3.4541088864207268
