times:
  edit-metadata: 1.5273039937019348
  landing: 0.8515979498624802
  view-data: 3.497848816215992
