times:
  edit-metadata: 1.4941981062293053
  landing: 0.9599391371011734
  view-data: 3.5028320103883743
