times:
  edit-metadata: 1.3829638585448265
  landing: 0.8055436164140701
  view-data: 3.3401761651039124
