times:
  edit-metadata: 1.4461613148450851
  landing: 0.8176129907369614
  view-data: 3.277800090610981
