times:
  edit-metadata: 1.5371542237699032
  landing: 0.9100639261305332
  view-data: 3.309781525284052
