times:
  edit-metadata: 1.5011961609125137
  landing: 0.7925789169967175
  view-data: 3.3822611682116985
