times:
  edit-metadata: 1.4209593757987022
  landing: 0.8417285829782486
  view-data: 3.577702172100544
