times:
  edit-metadata: 1.3462631478905678
  landing: 0.7924902215600014
  view-data: 3.481412671506405
