times:
  edit-metadata: 1.4140661247074604
  landing: 0.9434226602315903
  view-data: 3.2855108976364136
