times:
  edit-metadata: 1.5659562796354294
  landing: 0.8367504775524139
  view-data: 3.2872287780046463
