times:
  edit-metadata: 1.4065854102373123
  landing: 0.773674950003624
  view-data: 3.517136327922344
