times:
  edit-metadata: 1.5245258286595345
  landing: 0.832714207470417
  view-data: 3.481383003294468
