times:
  edit-metadata: 1.542847067117691
  landing: 0.8598631620407104
  view-data: 3.3613443821668625
