times:
  edit-metadata: 1.45352853089571
  landing: 0.739512100815773
  view-data: 3.534402385354042
