times:
  edit-metadata: 1.4019682109355927
  landing: 0.8090781792998314
  view-data: 3.4924136325716972
