times:
  edit-metadata: 1.712610088288784
  landing: 0.9496312253177166
  view-data: 3.378805797547102
