times:
  edit-metadata: 1.5523147359490395
  landing: 0.7156427726149559
  view-data: 3.5005187913775444
