times:
  edit-metadata: 2.165990389883518
  landing: 1.142366774380207
  view-data: 3.714766949415207
