times:
  edit-metadata: 1.4456289783120155
  landing: 0.9005270600318909
  view-data: 3.3462253846228123
