times:
  edit-metadata: 1.5282264202833176
  landing: 0.806964710354805
  view-data: 3.3159103095531464
