times:
  edit-metadata: 1.3999836072325706
  landing: 0.8101398795843124
  view-data: 3.291588120162487
