times:
  edit-metadata: 1.4498539380729198
  landing: 0.8674477972090244
  view-data: 3.3026271387934685
