times:
  edit-metadata: 1.3748990185558796
  landing: 0.7902358360588551
  view-data: 3.335417442023754
