times:
  edit-metadata: 1.407460991293192
  landing: 0.8999818302690983
  view-data: 3.2877896018326283
