times:
  edit-metadata: 1.455910574644804
  landing: 0.7831743396818638
  view-data: 3.313038256019354
