times:
  edit-metadata: 2.367937598377466
  landing: 1.9984054565429688
  view-data: 3.4281104914844036
