times:
  edit-metadata: 1.4045022800564766
  landing: 0.8169086687266827
  view-data: 3.3092891797423363
