times:
  edit-metadata: 1.3808820843696594
  landing: 0.7800298854708672
  view-data: 3.2583441585302353
