times:
  edit-metadata: 1.4656258299946785
  landing: 0.9881825819611549
  view-data: 3.5646507292985916
