times:
  edit-metadata: 1.7006030455231667
  landing: 1.1340082213282585
  view-data: 3.430527836084366
