times:
  edit-metadata: 1.3892081826925278
  landing: 0.7885124832391739
  view-data: 3.592910222709179
