times:
  edit-metadata: 1.422329120337963
  landing: 0.8545279502868652
  view-data: 3.3113597482442856
