times:
  edit-metadata: 1.4550743103027344
  landing: 0.9480952024459839
  view-data: 3.462964855134487
