times:
  edit-metadata: 1.4861898832023144
  landing: 0.867975328117609
  view-data: 3.2829358279705048
