times:
  edit-metadata: 1.54336616396904
  landing: 0.9961305223405361
  view-data: 3.4008681550621986
