times:
  edit-metadata: 1.3826911002397537
  landing: 0.915574736893177
  view-data: 3.528487280011177
