times:
  edit-metadata: 1.4545648507773876
  landing: 0.8422311544418335
  view-data: 3.308494884520769
