times:
  edit-metadata: 1.592361193150282
  landing: 0.8905879892408848
  view-data: 3.3537158258259296
