times:
  edit-metadata: 1.3868064805865288
  landing: 0.8163401708006859
  view-data: 3.623073272407055
