times:
  edit-metadata: 1.3994712978601456
  landing: 0.7871914803981781
  view-data: 3.3467119559645653
