times:
  edit-metadata: 1.4997547641396523
  landing: 0.9890134930610657
  view-data: 3.363896243274212
