times:
  edit-metadata: 1.317024089396
  landing: 1.0248024985194206
  view-data: 3.5839394852519035
