times:
  edit-metadata: 1.4227058552205563
  landing: 0.8418583124876022
  view-data: 3.2564748600125313
