times:
  edit-metadata: 2.6211878657341003
  landing: 1.523784101009369
  view-data: 3.55961387231946
