times:
  edit-metadata: 1.394494690001011
  landing: 0.8328730091452599
  view-data: 3.422782763838768
