times:
  edit-metadata: 1.4937148429453373
  landing: 0.7680808342993259
  view-data: 3.3505088537931442
