times:
  edit-metadata: 1.4641790837049484
  landing: 0.7023459225893021
  view-data: 3.4009226337075233
