times:
  edit-metadata: 1.4665626361966133
  landing: 0.7730045020580292
  view-data: 3.516479030251503
