times:
  edit-metadata: 1.7721427977085114
  landing: 0.9581183195114136
  view-data: 3.329842671751976
