times:
  edit-metadata: 1.4961105436086655
  landing: 0.8755511902272701
  view-data: 3.3540255948901176
