times:
  edit-metadata: 1.433786615729332
  landing: 0.853601336479187
  view-data: 3.464659631252289
