times:
  edit-metadata: 1.57328612357378
  landing: 0.8684768453240395
  view-data: 3.4792086631059647
