times:
  edit-metadata: 1.4924595057964325
  landing: 0.836067795753479
  view-data: 3.4215585589408875
