times:
  edit-metadata: 1.4889641404151917
  landing: 0.7373329028487206
  view-data: 3.5154451206326485
