times:
  edit-metadata: 1.562571793794632
  landing: 0.9437507465481758
  view-data: 3.324604883790016
