times:
  edit-metadata: 1.5756794176995754
  landing: 0.8570413179695606
  view-data: 3.3088948279619217
