times:
  edit-metadata: 1.4992936216294765
  landing: 0.8350500985980034
  view-data: 3.46240571513772
