times:
  edit-metadata: 1.4743573442101479
  landing: 0.7902800180017948
  view-data: 3.283953979611397
