times:
  edit-metadata: 1.395585872232914
  landing: 0.9109281748533249
  view-data: 3.3397205360233784
