times:
  edit-metadata: 1.5360142588615417
  landing: 0.8018534705042839
  view-data: 3.495541125535965
