times:
  edit-metadata: 1.3346667289733887
  landing: 0.8254578113555908
  view-data: 3.3550575599074364
