times:
  edit-metadata: 1.510640524327755
  landing: 0.7563522234559059
  view-data: 3.527889810502529
