times:
  edit-metadata: 1.9880992770195007
  landing: 0.9466563537716866
  view-data: 3.6625612378120422
