times:
  edit-metadata: 1.5308481007814407
  landing: 0.795285303145647
  view-data: 3.2942811101675034
