times:
  edit-metadata: 1.4739427044987679
  landing: 0.8220500499010086
  view-data: 3.5437889620661736
