times:
  edit-metadata: 1.5130915492773056
  landing: 0.8578000366687775
  view-data: 3.3489416241645813
