times:
  edit-metadata: 1.3457135185599327
  landing: 0.8813442513346672
  view-data: 3.46648508310318
