times:
  edit-metadata: 1.512552298605442
  landing: 0.8968625664710999
  view-data: 3.5458279997110367
