times:
  edit-metadata: 1.3695463426411152
  landing: 0.8614793121814728
  view-data: 3.360052265226841
