times:
  edit-metadata: 1.41946267709136
  landing: 0.8618419095873833
  view-data: 3.3585068434476852
