times:
  edit-metadata: 1.4623667821288109
  landing: 0.8606359325349331
  view-data: 3.3064828477799892
