times:
  edit-metadata: 1.468968205153942
  landing: 1.0430648364126682
  view-data: 3.3753627836704254
