times:
  edit-metadata: 1.406411737203598
  landing: 0.7666384726762772
  view-data: 3.6047288924455643
