times:
  edit-metadata: 1.4891093745827675
  landing: 0.8426651284098625
  view-data: 3.3752169981598854
