times:
  edit-metadata: 1.468825027346611
  landing: 0.7863961085677147
  view-data: 3.3539028614759445
