times:
  edit-metadata: 1.4509314373135567
  landing: 0.735495425760746
  view-data: 3.478798672556877
