times:
  edit-metadata: 1.392766185104847
  landing: 0.874612845480442
  view-data: 3.344691928476095
