times:
  edit-metadata: 1.6013357676565647
  landing: 0.9436636045575142
  view-data: 3.369240317493677
