times:
  edit-metadata: 2.5385739728808403
  landing: 1.836142398416996
  view-data: 3.8365934751927853
