times:
  edit-metadata: 1.4965913221240044
  landing: 0.9176542013883591
  view-data: 3.2946701422333717
