times:
  edit-metadata: 2.3493195176124573
  landing: 1.3633020520210266
  view-data: 4.154760926961899
