times:
  edit-metadata: 1.4903835505247116
  landing: 0.8742968514561653
  view-data: 3.3148152381181717
