times:
  edit-metadata: 1.468393549323082
  landing: 0.796002633869648
  view-data: 3.436099871993065
