times:
  edit-metadata: 1.4621211513876915
  landing: 0.779431514441967
  view-data: 3.5614274740219116
