times:
  edit-metadata: 1.4236981719732285
  landing: 0.9119573011994362
  view-data: 3.38014954328537
