times:
  edit-metadata: 1.6346727460622787
  landing: 0.7960138320922852
  view-data: 3.283515579998493
