times:
  edit-metadata: 1.3422890678048134
  landing: 0.8110882639884949
  view-data: 3.3225370720028877
