times:
  edit-metadata: 1.3508713692426682
  landing: 0.808824323117733
  view-data: 3.5638353154063225
