times:
  edit-metadata: 1.4902527034282684
  landing: 0.9260792136192322
  view-data: 3.329644687473774
