times:
  edit-metadata: 1.4442871287465096
  landing: 0.7988934442400932
  view-data: 3.4459366127848625
