times:
  edit-metadata: 1.4548876881599426
  landing: 0.8883293271064758
  view-data: 3.4827775061130524
