times:
  edit-metadata: 1.7878993824124336
  landing: 1.2331552654504776
  view-data: 3.6100673228502274
