times:
  edit-metadata: 1.4761714525520802
  landing: 0.8419481478631496
  view-data: 3.317331191152334
