times:
  edit-metadata: 1.3560555018484592
  landing: 0.8856460526585579
  view-data: 3.2614705450832844
