times:
  edit-metadata: 1.376025415956974
  landing: 0.8097647279500961
  view-data: 0.5335453636944294
