times:
  edit-metadata: 1.3611002638936043
  landing: 0.7923751547932625
  view-data: 3.5150618106126785
