times:
  edit-metadata: 1.7081000581383705
  landing: 0.9078630805015564
  view-data: 3.345466487109661
