times:
  edit-metadata: 1.3319057673215866
  landing: 0.7730468362569809
  view-data: 3.4186455234885216
