times:
  edit-metadata: 1.4950056597590446
  landing: 0.866953082382679
  view-data: 3.6165687069296837
