times:
  edit-metadata: 1.8157705925405025
  landing: 1.1168760545551777
  view-data: 3.3945019394159317
