times:
  edit-metadata: 1.5055087879300117
  landing: 0.8191076368093491
  view-data: 3.2942661866545677
