times:
  edit-metadata: 1.3554344549775124
  landing: 0.6895449534058571
  view-data: 3.5043815225362778
