times:
  edit-metadata: 1.4151352643966675
  landing: 0.8276888504624367
  view-data: 3.470715917646885
