times:
  edit-metadata: 1.3610008507966995
  landing: 0.7037770226597786
  view-data: 3.4624978601932526
