times:
  edit-metadata: 1.521336868405342
  landing: 0.9161140210926533
  view-data: 3.4016275219619274
