times:
  edit-metadata: 1.4614715576171875
  landing: 1.0992930978536606
  view-data: 3.267732433974743
