times:
  edit-metadata: 1.4232322797179222
  landing: 0.7495917454361916
  view-data: 3.5678293257951736
