times:
  edit-metadata: 1.5150741934776306
  landing: 0.8139340952038765
  view-data: 3.4655781239271164
