times:
  edit-metadata: 1.4250075854361057
  landing: 0.7840880341827869
  view-data: 3.3231509923934937
