times:
  edit-metadata: 1.4160939082503319
  landing: 0.8616326302289963
  view-data: 3.293981369584799
