times:
  edit-metadata: 1.3894369713962078
  landing: 0.7238235659897327
  view-data: 3.301824815571308
