times:
  edit-metadata: 1.5189097821712494
  landing: 0.7626852989196777
  view-data: 3.3759424835443497
