times:
  edit-metadata: 1.406444825232029
  landing: 0.7718904316425323
  view-data: 3.405078247189522
