times:
  edit-metadata: 1.4081576019525528
  landing: 0.8446738049387932
  view-data: 3.5417853370308876
