times:
  edit-metadata: 1.5342022404074669
  landing: 0.754106629639864
  view-data: 3.333273660391569
