times:
  edit-metadata: 1.588169313967228
  landing: 0.9340575858950615
  view-data: 3.325821727514267
