times:
  edit-metadata: 1.4368171021342278
  landing: 0.8047512583434582
  view-data: 3.35109731182456
