times:
  edit-metadata: 1.41855289041996
  landing: 0.7181335538625717
  view-data: 3.417421981692314
