times:
  edit-metadata: 1.1892378702759743
  landing: 0.73786261677742
  view-data: 3.4544212222099304
