times:
  edit-metadata: 1.486831121146679
  landing: 0.8938505910336971
  view-data: 3.324835192412138
