times:
  edit-metadata: 1.402377188205719
  landing: 0.7468300312757492
  view-data: 3.401807062327862
