times:
  edit-metadata: 1.5173295363783836
  landing: 0.8208484388887882
  view-data: 3.307863984256983
