times:
  edit-metadata: 1.5405719727277756
  landing: 0.7735470682382584
  view-data: 3.5345030203461647
