times:
  edit-metadata: 1.4002549201250076
  landing: 0.8094043433666229
  view-data: 3.54671361297369
