times:
  edit-metadata: 1.7038239315152168
  landing: 0.870491124689579
  view-data: 3.436047650873661
