times:
  edit-metadata: 2.026752606034279
  landing: 1.480085775256157
  view-data: 3.604887969791889
