times:
  edit-metadata: 1.389021161943674
  landing: 0.7470209859311581
  view-data: 3.326165948063135
