times:
  edit-metadata: 1.34360870718956
  landing: 0.7520636394619942
  view-data: 3.5045570582151413
