times:
  edit-metadata: 1.7447816133499146
  landing: 1.1064525321125984
  view-data: 3.299073524773121
