times:
  edit-metadata: 1.4092155024409294
  landing: 0.7655304670333862
  view-data: 3.4870811998844147
