times:
  edit-metadata: 1.6026809439063072
  landing: 0.7326422557234764
  view-data: 3.3275488018989563
