times:
  edit-metadata: 1.4747247770428658
  landing: 0.791719987988472
  view-data: 3.3869520500302315
