times:
  edit-metadata: 1.4057680666446686
  landing: 0.6987788453698158
  view-data: 3.634082868695259
