times:
  edit-metadata: 1.517175406217575
  landing: 0.9123585633933544
  view-data: 3.2844966053962708
