times:
  edit-metadata: 1.4471040107309818
  landing: 0.8529800847172737
  view-data: 3.3435365706682205
