times:
  edit-metadata: 1.6415770277380943
  landing: 0.884397603571415
  view-data: 3.5382915288209915
