times:
  edit-metadata: 2.097030848264694
  landing: 1.4131386280059814
  view-data: 3.6766441464424133
