times:
  edit-metadata: 1.4235829859972
  landing: 0.9458091035485268
  view-data: 3.5240131318569183
