times:
  edit-metadata: 1.4790781661868095
  landing: 0.8653859719634056
  view-data: 3.340004086494446
