times:
  edit-metadata: 1.4484894946217537
  landing: 0.8785936236381531
  view-data: 3.300874888896942
