times:
  edit-metadata: 1.5127111300826073
  landing: 0.744140051305294
  view-data: 3.5236472859978676
