times:
  edit-metadata: 1.40575348213315
  landing: 0.7590847164392471
  view-data: 3.2857252582907677
