times:
  edit-metadata: 1.5690350383520126
  landing: 1.1289032623171806
  view-data: 3.455273635685444
