times:
  edit-metadata: 1.4223444201052189
  landing: 0.7670433074235916
  view-data: 3.3465500622987747
