times:
  edit-metadata: 1.5856617987155914
  landing: 0.9051280096173286
  view-data: 3.3400565572082996
