times:
  edit-metadata: 1.4379134848713875
  landing: 0.8155694305896759
  view-data: 3.3121541887521744
