times:
  edit-metadata: 1.431931808590889
  landing: 0.7237934917211533
  view-data: 3.27884591370821
