times:
  edit-metadata: 1.542078673839569
  landing: 0.7287211045622826
  view-data: 3.4594629108905792
