times:
  edit-metadata: 1.42408636957407
  landing: 0.8981356956064701
  view-data: 3.282544519752264
