times:
  edit-metadata: 1.4306380152702332
  landing: 0.7782486565411091
  view-data: 0.5604642778635025
