times:
  edit-metadata: 1.4401032254099846
  landing: 0.6884132996201515
  view-data: 3.33025249093771
