times:
  edit-metadata: 1.4648787640035152
  landing: 0.7569927200675011
  view-data: 3.261676363646984
