times:
  edit-metadata: 1.4695981591939926
  landing: 0.8642964214086533
  view-data: 3.55823528021574
