times:
  edit-metadata: 1.6181548200547695
  landing: 0.7925239242613316
  view-data: 3.359010551124811
