times:
  edit-metadata: 1.42961585521698
  landing: 0.7109386101365089
  view-data: 3.449405662715435
