times:
  edit-metadata: 1.4046016559004784
  landing: 0.8094810321927071
  view-data: 3.296954244375229
