times:
  edit-metadata: 1.386730670928955
  landing: 0.8135231956839561
  view-data: 3.5085386633872986
