times:
  edit-metadata: 1.4510153532028198
  landing: 0.7289345636963844
  view-data: 3.355390176177025
