times:
  edit-metadata: 1.3879855275154114
  landing: 0.869687020778656
  view-data: 3.4843532890081406
