times:
  edit-metadata: 1.4284352511167526
  landing: 0.7841015160083771
  view-data: 3.5275914520025253
