times:
  edit-metadata: 1.7461992464959621
  landing: 0.7980537675321102
  view-data: 3.3387822657823563
