times:
  edit-metadata: 1.4677055105566978
  landing: 0.7430523857474327
  view-data: 3.4745675772428513
