times:
  edit-metadata: 1.459030918776989
  landing: 0.8648444227874279
  view-data: 3.302258674055338
