times:
  edit-metadata: 1.4044693484902382
  landing: 0.7304194271564484
  view-data: 3.4915903136134148
