times:
  edit-metadata: 1.7616706490516663
  landing: 0.9756066426634789
  view-data: 3.5885349214076996
