times:
  edit-metadata: 1.5333446338772774
  landing: 0.7937507033348083
  view-data: 3.516879417002201
