times:
  edit-metadata: 1.3589334264397621
  landing: 0.7973762862384319
  view-data: 3.3773253299295902
