times:
  edit-metadata: 1.492171786725521
  landing: 0.7510174289345741
  view-data: 3.352534607052803
