times:
  edit-metadata: 1.4823745861649513
  landing: 0.9887240529060364
  view-data: 3.56181288510561
