times:
  edit-metadata: 1.4068383574485779
  landing: 0.7150562405586243
  view-data: 3.2604984678328037
