times:
  edit-metadata: 1.434520035982132
  landing: 0.865980003029108
  view-data: 3.274891097098589
