times:
  edit-metadata: 2.057163529098034
  landing: 1.2722633853554726
  view-data: 3.497763067483902
