times:
  edit-metadata: 2.309808675199747
  landing: 1.1685795858502388
  view-data: 3.4120479337871075
