times:
  edit-metadata: 1.427304808050394
  landing: 0.7371678464114666
  view-data: 3.3895878978073597
