times:
  edit-metadata: 1.5302630215883255
  landing: 0.7099085077643394
  view-data: 3.4718757271766663
