times:
  edit-metadata: 1.4269377663731575
  landing: 1.0465701594948769
  view-data: 3.345877915620804
