times:
  edit-metadata: 1.3646816313266754
  landing: 0.7767247781157494
  view-data: 3.315098226070404
