times:
  edit-metadata: 1.4012625589966774
  landing: 0.6933584734797478
  view-data: 3.3092001527547836
