times:
  edit-metadata: 1.4969603791832924
  landing: 0.7654398903250694
  view-data: 3.3426991775631905
