times:
  edit-metadata: 1.7472315654158592
  landing: 1.0849427804350853
  view-data: 3.624092772603035
