times:
  edit-metadata: 1.388291820883751
  landing: 0.777503713965416
  view-data: 3.2698581367731094
