times:
  edit-metadata: 1.443963024765253
  landing: 0.8273797631263733
  view-data: 3.3515476658940315
