times:
  edit-metadata: 1.51749686896801
  landing: 0.8388952612876892
  view-data: 3.515973374247551
