times:
  edit-metadata: 1.4631113931536674
  landing: 0.7362576350569725
  view-data: 3.472867138683796
