times:
  edit-metadata: 1.4190668910741806
  landing: 0.9000904187560081
  view-data: 3.283359359949827
