times:
  edit-metadata: 1.414090320467949
  landing: 1.226768434047699
  view-data: 3.642687886953354
