times:
  edit-metadata: 1.4166345000267029
  landing: 0.8261119350790977
  view-data: 3.4702911600470543
