times:
  edit-metadata: 1.3710426166653633
  landing: 0.7226595431566238
  view-data: 3.440254792571068
