times:
  edit-metadata: 1.415494866669178
  landing: 0.7331796213984489
  view-data: 3.4014954045414925
