times:
  edit-metadata: 1.52446348965168
  landing: 1.0759840235114098
  view-data: 3.3108355328440666
