times:
  edit-metadata: 1.4229298830032349
  landing: 0.7269493043422699
  view-data: 3.486553817987442
