times:
  edit-metadata: 1.3936843648552895
  landing: 0.798398844897747
  view-data: 3.2896199114620686
