times:
  edit-metadata: 1.4476540312170982
  landing: 0.7981654033064842
  view-data: 3.3024276345968246
