times:
  edit-metadata: 1.5123041421175003
  landing: 0.7578792944550514
  view-data: 3.54685527831316
