times:
  edit-metadata: 1.8119243420660496
  landing: 0.8817552588880062
  view-data: 3.331453327089548
