times:
  edit-metadata: 1.7626139931380749
  landing: 1.0307353772222996
  view-data: 3.4490064345300198
