times:
  edit-metadata: 1.4445992782711983
  landing: 0.7999464124441147
  view-data: 3.3279084004461765
