times:
  edit-metadata: 1.3350714147090912
  landing: 0.8041321933269501
  view-data: 3.488598994910717
