times:
  edit-metadata: 1.3908050879836082
  landing: 0.743375938385725
  view-data: 3.340149063616991
