times:
  edit-metadata: 1.6005451008677483
  landing: 0.8398331999778748
  view-data: 3.2853342220187187
