times:
  edit-metadata: 1.5142424702644348
  landing: 0.7456653192639351
  view-data: 3.5122244879603386
