times:
  edit-metadata: 1.4043673947453499
  landing: 0.7301199361681938
  view-data: 3.550623431801796
