times:
  edit-metadata: 1.3553861640393734
  landing: 0.7672399543225765
  view-data: 3.292284317314625
