times:
  edit-metadata: 1.59989582747221
  landing: 0.8552880920469761
  view-data: 3.322556607425213
