times:
  edit-metadata: 1.429704088717699
  landing: 0.8485985323786736
  view-data: 3.3564324900507927
