times:
  edit-metadata: 2.1953193061053753
  landing: 1.2083235532045364
  view-data: 3.3222052305936813
