times:
  edit-metadata: 1.4571668654680252
  landing: 0.9308740049600601
  view-data: 3.513655349612236
