times:
  edit-metadata: 1.5560319758951664
  landing: 0.8147181905806065
  view-data: 3.3972688652575016
