times:
  edit-metadata: 1.5046936944127083
  landing: 0.6732318103313446
  view-data: 3.483371429145336
