times:
  edit-metadata: 1.3603582233190536
  landing: 0.7043411880731583
  view-data: 3.4138060733675957
