times:
  edit-metadata: 1.4921411499381065
  landing: 0.7965019419789314
  view-data: 3.2925967648625374
