times:
  edit-metadata: 1.5481337904930115
  landing: 0.9200699366629124
  view-data: 3.4291318394243717
