times:
  edit-metadata: 1.5210326053202152
  landing: 0.8602401539683342
  view-data: 3.314652670174837
