times:
  edit-metadata: 1.5781083032488823
  landing: 0.8089216500520706
  view-data: 3.594475768506527
