times:
  edit-metadata: 1.6745381988584995
  landing: 0.8647208139300346
  view-data: 3.4247111342847347
