times:
  edit-metadata: 1.4727558568120003
  landing: 0.7229821085929871
  view-data: 3.527328573167324
