times:
  edit-metadata: 1.387396328151226
  landing: 0.7002640664577484
  view-data: 3.4769827276468277
