times:
  edit-metadata: 1.3978017158806324
  landing: 0.8053537383675575
  view-data: 3.339375015348196
