times:
  edit-metadata: 1.9330285340547562
  landing: 1.2261283695697784
  view-data: 3.6688153743743896
