times:
  edit-metadata: 1.5114636532962322
  landing: 0.7351263388991356
  view-data: 3.3245216235518456
