times:
  edit-metadata: 1.4998762756586075
  landing: 0.8385960608720779
  view-data: 3.4784750565886497
