times:
  edit-metadata: 1.4912633933126926
  landing: 0.7279297560453415
  view-data: 3.346859846264124
