times:
  edit-metadata: 1.3514689058065414
  landing: 0.7839967608451843
  view-data: 3.463374137878418
