times:
  edit-metadata: 1.5721944645047188
  landing: 0.7229617089033127
  view-data: 3.4792414978146553
