times:
  edit-metadata: 1.612390197813511
  landing: 0.7658474817872047
  view-data: 3.4485207945108414
