times:
  edit-metadata: 1.4970971792936325
  landing: 0.8236359432339668
  view-data: 3.3237480223178864
