times:
  edit-metadata: 1.441352739930153
  landing: 0.7577074393630028
  view-data: 3.4363994002342224
