times:
  edit-metadata: 1.3966287896037102
  landing: 0.7947817668318748
  view-data: 3.3421043530106544
