times:
  edit-metadata: 1.4854762479662895
  landing: 0.9970686212182045
  view-data: 3.3931045085191727
