times:
  edit-metadata: 1.474654171615839
  landing: 0.8661532178521156
  view-data: 3.3054505437612534
