times:
  edit-metadata: 1.371975377202034
  landing: 0.7644437924027443
  view-data: 3.495652101933956
