times:
  edit-metadata: 1.6877650693058968
  landing: 0.9339880347251892
  view-data: 3.372544474899769
