times:
  edit-metadata: 1.5923679023981094
  landing: 0.8123925365507603
  view-data: 3.379114758223295
