times:
  edit-metadata: 1.4504777491092682
  landing: 0.7449847832322121
  view-data: 3.446089245378971
