times:
  edit-metadata: 1.4408640563488007
  landing: 0.783951573073864
  view-data: 3.726562984287739
