times:
  edit-metadata: 1.5020808652043343
  landing: 0.7482611760497093
  view-data: 3.466237485408783
