times:
  edit-metadata: 3.029674917459488
  landing: 2.0329624637961388
  view-data: 4.378932759165764
