times:
  edit-metadata: 1.3767862543463707
  landing: 0.8853283450007439
  view-data: 3.471377819776535
