times:
  edit-metadata: 1.4299460016191006
  landing: 0.7453635297715664
  view-data: 3.3424443155527115
