times:
  edit-metadata: 1.4247942864894867
  landing: 0.7775313034653664
  view-data: 3.54159314930439
