times:
  edit-metadata: 1.4037559404969215
  landing: 0.7409397512674332
  view-data: 3.4536489471793175
