times:
  edit-metadata: 1.3961844928562641
  landing: 0.7805912010371685
  view-data: 3.2956693917512894
