times:
  edit-metadata: 1.5466031804680824
  landing: 0.864808164536953
  view-data: 0.5074312761425972
