times:
  edit-metadata: 1.3826517909765244
  landing: 0.7680564373731613
  view-data: 3.284537047147751
