times:
  edit-metadata: 2.060312297195196
  landing: 1.216025561094284
  view-data: 3.476819261908531
