times:
  edit-metadata: 1.4298159331083298
  landing: 0.6879200898110867
  view-data: 3.282934255897999
