times:
  edit-metadata: 1.4494329020380974
  landing: 0.7686352431774139
  view-data: 3.402430474758148
