times:
  edit-metadata: 1.4039655774831772
  landing: 0.7871201485395432
  view-data: 3.2933036647737026
