times:
  edit-metadata: 1.3641227036714554
  landing: 0.778235450387001
  view-data: 3.471605882048607
