times:
  edit-metadata: 1.5851150639355183
  landing: 0.780366163700819
  view-data: 3.287494193762541
