times:
  edit-metadata: 1.4812791906297207
  landing: 0.8770675919950008
  view-data: 3.3499909713864326
