times:
  edit-metadata: 1.436195682734251
  landing: 0.7820459008216858
  view-data: 3.3545759171247482
