times:
  edit-metadata: 1.4321164712309837
  landing: 0.7864128425717354
  view-data: 3.267244651913643
