times:
  edit-metadata: 1.4663261212408543
  landing: 0.68673475086689
  view-data: 3.278683375567198
