times:
  edit-metadata: 1.5280728340148926
  landing: 0.8618520945310593
  view-data: 3.3621559888124466
