times:
  edit-metadata: 2.23261209577322
  landing: 1.3039764612913132
  view-data: 3.47037935256958
