times:
  edit-metadata: 1.649453803896904
  landing: 0.8884129002690315
  view-data: 3.5499955117702484
