times:
  edit-metadata: 1.468187466263771
  landing: 0.7529088333249092
  view-data: 3.4712437093257904
