times:
  edit-metadata: 1.4874974340200424
  landing: 0.7704644575715065
  view-data: 3.5478711277246475
