times:
  edit-metadata: 1.7608035132288933
  landing: 0.9321856088936329
  view-data: 3.3284789137542248
