times:
  edit-metadata: 2.4068566635251045
  landing: 1.40504240244627
  view-data: 3.5321047455072403
