times:
  edit-metadata: 1.4207243919372559
  landing: 0.7133220806717873
  view-data: 3.4685670733451843
