times:
  edit-metadata: 1.4339935034513474
  landing: 0.7796650603413582
  view-data: 3.4691360741853714
