times:
  edit-metadata: 1.5525569915771484
  landing: 0.7445247620344162
  view-data: 3.5167601257562637
