times:
  edit-metadata: 1.4871294498443604
  landing: 0.7835999131202698
  view-data: 3.355817787349224
