times:
  edit-metadata: 1.4428746849298477
  landing: 0.7708873748779297
  view-data: 3.471615009009838
