times:
  edit-metadata: 1.3901061192154884
  landing: 0.6973727568984032
  view-data: 3.4523942545056343
