times:
  edit-metadata: 2.0099399350583553
  landing: 1.1170708239078522
  view-data: 3.338584303855896
