times:
  edit-metadata: 1.3743018060922623
  landing: 0.7667372599244118
  view-data: 3.480161592364311
