times:
  edit-metadata: 1.4983383305370808
  landing: 0.7234865762293339
  view-data: 3.2775796949863434
