times:
  edit-metadata: 1.4108930751681328
  landing: 0.7489006444811821
  view-data: 3.3444257974624634
