times:
  edit-metadata: 1.357533872127533
  landing: 0.8200773745775223
  view-data: 3.2732553854584694
