times:
  edit-metadata: 1.443227767944336
  landing: 0.8154823184013367
  view-data: 3.3275183588266373
