times:
  edit-metadata: 1.5419427677989006
  landing: 0.7689628191292286
  view-data: 3.285808250308037
