times:
  edit-metadata: 1.5456868633627892
  landing: 0.7977055385708809
  view-data: 3.3477568700909615
