times:
  edit-metadata: 1.5286438539624214
  landing: 0.8121549896895885
  view-data: 3.3150784224271774
