times:
  edit-metadata: 1.5567720457911491
  landing: 0.9329935647547245
  view-data: 3.682367864996195
