times:
  edit-metadata: 1.2522389777004719
  landing: 0.7256438806653023
  view-data: 3.365501757711172
