times:
  edit-metadata: 1.7105160728096962
  landing: 0.9188412800431252
  view-data: 3.304371364414692
