times:
  edit-metadata: 1.4260552152991295
  landing: 0.7664720639586449
  view-data: 3.3638286851346493
