times:
  edit-metadata: 1.957547903060913
  landing: 0.7551335692405701
  view-data: 3.335853859782219
