times:
  edit-metadata: 1.5049200542271137
  landing: 0.9225023835897446
  view-data: 3.3983971811830997
