times:
  edit-metadata: 1.4005731716752052
  landing: 0.8284352347254753
  view-data: 3.412903379648924
