times:
  edit-metadata: 1.4196816682815552
  landing: 0.8574287816882133
  view-data: 3.3458107262849808
