times:
  edit-metadata: 1.442055605351925
  landing: 0.7879260703921318
  view-data: 3.308825321495533
