times:
  edit-metadata: 1.8261434510350227
  landing: 1.0659720860421658
  view-data: 3.3684159740805626
