times:
  edit-metadata: 1.429876446723938
  landing: 0.7493478506803513
  view-data: 3.388928271830082
