times:
  edit-metadata: 1.4423711597919464
  landing: 0.7694721817970276
  view-data: 3.4170786887407303
