times:
  edit-metadata: 1.3815677389502525
  landing: 0.7395611219108105
  view-data: 3.3706370182335377
