times:
  edit-metadata: 1.4423540458083153
  landing: 0.9628253392875195
  view-data: 3.3639373257756233
