times:
  edit-metadata: 1.410327859222889
  landing: 0.7554081454873085
  view-data: 3.457115650177002
