times:
  edit-metadata: 1.5875029563903809
  landing: 0.8785922266542912
  view-data: 3.392252430319786
