times:
  edit-metadata: 1.6871781796216965
  landing: 0.9442505463957787
  view-data: 3.3850333504378796
