times:
  edit-metadata: 1.4125663116574287
  landing: 0.8441022299230099
  view-data: 3.3927528373897076
