times:
  edit-metadata: 1.6258506774902344
  landing: 0.8852721117436886
  view-data: 3.3056493811309338
