times:
  edit-metadata: 1.413080096244812
  landing: 0.7713525965809822
  view-data: 3.34253853559494
