times:
  edit-metadata: 1.4374410770833492
  landing: 0.7620306238532066
  view-data: 3.3247614726424217
