times:
  edit-metadata: 1.3819109909236431
  landing: 0.7345116473734379
  view-data: 3.4104493632912636
