times:
  edit-metadata: 1.472047634422779
  landing: 0.7487885281443596
  view-data: 3.5808702036738396
