times:
  edit-metadata: 1.4969589933753014
  landing: 0.9743522182106972
  view-data: 3.5059715285897255
