times:
  edit-metadata: 1.4217484891414642
  landing: 0.8617984801530838
  view-data: 3.422225907444954
