times:
  edit-metadata: 1.3745728209614754
  landing: 1.1588731333613396
  view-data: 3.2909387722611427
