times:
  edit-metadata: 1.4570245817303658
  landing: 0.8222713060677052
  view-data: 3.3524086587131023
