times:
  edit-metadata: 1.5963403843343258
  landing: 0.9535126984119415
  view-data: 3.3699215836822987
