times:
  edit-metadata: 1.59504359588027
  landing: 0.7980814129114151
  view-data: 3.442588359117508
