times:
  edit-metadata: 1.4802176840603352
  landing: 0.8953628018498421
  view-data: 3.357370939105749
