times:
  edit-metadata: 1.4570548310875893
  landing: 0.8867672458291054
  view-data: 3.3406043499708176
