times:
  edit-metadata: 1.356774002313614
  landing: 0.7615783363580704
  view-data: 3.318135641515255
