times:
  edit-metadata: 1.5325302742421627
  landing: 0.8430836461484432
  view-data: 3.356622774153948
