times:
  edit-metadata: 1.5779639035463333
  landing: 2.404191292822361
  view-data: 4.068116784095764
