times:
  edit-metadata: 1.3756271675229073
  landing: 0.7066213227808475
  view-data: 3.322518728673458
