times:
  edit-metadata: 1.3727545887231827
  landing: 0.7221697196364403
  view-data: 3.4919682070612907
