times:
  edit-metadata: 1.4056685715913773
  landing: 0.7312909662723541
  view-data: 3.4514185562729836
