times:
  edit-metadata: 1.38174357265234
  landing: 0.7585946321487427
  view-data: 3.329677928239107
