times:
  edit-metadata: 1.904665470123291
  landing: 1.0429055579006672
  view-data: 3.559212561696768
