times:
  edit-metadata: 1.47372617572546
  landing: 0.8035682700574398
  view-data: 3.2559878267347813
