times:
  edit-metadata: 1.4507884681224823
  landing: 0.8039491325616837
  view-data: 3.327364966273308
