times:
  edit-metadata: 1.5039877891540527
  landing: 0.844659298658371
  view-data: 3.2979166135191917
