times:
  edit-metadata: 1.5602173134684563
  landing: 0.8552496656775475
  view-data: 3.369976956397295
