times:
  edit-metadata: 1.4764145538210869
  landing: 0.8069022372364998
  view-data: 3.3233938962221146
