times:
  edit-metadata: 1.427524134516716
  landing: 0.7712071314454079
  view-data: 3.6071182563900948
