times:
  edit-metadata: 1.5461933016777039
  landing: 0.8433232977986336
  view-data: 3.376137003302574
