times:
  edit-metadata: 1.4699686616659164
  landing: 0.7335288748145103
  view-data: 3.4634476974606514
