times:
  edit-metadata: 1.4573078900575638
  landing: 0.9404662027955055
  view-data: 3.3026865050196648
