times:
  edit-metadata: 1.3860915824770927
  landing: 0.7966613061726093
  view-data: 3.380893971771002
