times:
  edit-metadata: 1.5297932587563992
  landing: 0.7989952191710472
  view-data: 3.3236835561692715
