times:
  edit-metadata: 1.837310642004013
  landing: 0.98532984405756
  view-data: 3.4166407585144043
