times:
  edit-metadata: 1.4053423255681992
  landing: 0.7991223782300949
  view-data: 3.3486961983144283
