times:
  edit-metadata: 1.2845585942268372
  landing: 0.6758293807506561
  view-data: 3.4354916363954544
