times:
  edit-metadata: 1.4194370359182358
  landing: 0.7442664690315723
  view-data: 3.3457599207758904
