times:
  edit-metadata: 1.3698224276304245
  landing: 0.6874336749315262
  view-data: 3.278308942914009
