times:
  edit-metadata: 2.041628647595644
  landing: 1.2222781293094158
  view-data: 3.380058106034994
