times:
  edit-metadata: 1.6304139196872711
  landing: 0.878982700407505
  view-data: 3.322293136268854
