times:
  edit-metadata: 1.51968514919281
  landing: 0.8163153007626534
  view-data: 3.3170434683561325
