times:
  edit-metadata: 1.5173367820680141
  landing: 0.8072012104094028
  view-data: 3.2957661487162113
