times:
  edit-metadata: 1.5238236337900162
  landing: 0.9774525463581085
  view-data: 3.3078414164483547
