times:
  edit-metadata: 1.5063887387514114
  landing: 0.7439742162823677
  view-data: 3.356611043214798
