times:
  edit-metadata: 1.5754412189126015
  landing: 0.8539087995886803
  view-data: 3.4125157482922077
