times:
  edit-metadata: 1.417981006205082
  landing: 0.8171778954565525
  view-data: 3.2931125424802303
