times:
  edit-metadata: 1.4716076478362083
  landing: 0.736716266721487
  view-data: 3.295704860240221
