times:
  edit-metadata: 1.4296925216913223
  landing: 0.8267491348087788
  view-data: 3.353685427457094
