times:
  edit-metadata: 1.5274424888193607
  landing: 0.7834216952323914
  view-data: 3.314331002533436
