times:
  edit-metadata: 1.6321767270565033
  landing: 0.8404257819056511
  view-data: 3.345270574092865
