times:
  edit-metadata: 1.517583105713129
  landing: 0.7947741262614727
  view-data: 3.270474385470152
