times:
  edit-metadata: 1.3722938038408756
  landing: 0.7375728152692318
  view-data: 3.2387462817132473
