times:
  edit-metadata: 1.3699900209903717
  landing: 0.8644878193736076
  view-data: 3.277037985622883
