times:
  edit-metadata: 1.432398073375225
  landing: 0.836771585047245
  view-data: 3.3186364248394966
