times:
  edit-metadata: 1.3353147357702255
  landing: 0.7516830265522003
  view-data: 3.3772129639983177
