times:
  edit-metadata: 1.556993193924427
  landing: 0.8428876288235188
  view-data: 3.3224142268300056
