times:
  edit-metadata: 1.6377538442611694
  landing: 0.8909846059978008
  view-data: 3.319662220776081
