times:
  edit-metadata: 1.3664826154708862
  landing: 0.715984046459198
  view-data: 3.311536781489849
