times:
  edit-metadata: 1.5545687079429626
  landing: 0.794481560587883
  view-data: 3.2998625114560127
