times:
  edit-metadata: 1.312879804521799
  landing: 0.7453963458538055
  view-data: 3.298412337899208
