times:
  edit-metadata: 2.1364948078989983
  landing: 1.355966903269291
  view-data: 3.446240022778511
