times:
  edit-metadata: 1.5884185172617435
  landing: 0.8251712061464787
  view-data: 3.4435731060802937
