times:
  edit-metadata: 1.532301738858223
  landing: 0.7946432083845139
  view-data: 3.52561254799366
