times:
  edit-metadata: 1.5610809735953808
  landing: 0.859347403049469
  view-data: 3.286377601325512
