times:
  edit-metadata: 1.4807687811553478
  landing: 0.8182299546897411
  view-data: 3.3125622421503067
