times:
  edit-metadata: 1.4020806290209293
  landing: 0.7526812441647053
  view-data: 3.333167929202318
