times:
  edit-metadata: 1.82316405326128
  landing: 0.9562042094767094
  view-data: 3.3542829640209675
