times:
  edit-metadata: 1.4786615893244743
  landing: 0.8538839407265186
  view-data: 3.3410309106111526
