times:
  edit-metadata: 2.7779367864131927
  landing: 1.5736525133252144
  view-data: 3.695525608956814
