times:
  edit-metadata: 1.4376126900315285
  landing: 0.7432835847139359
  view-data: 3.3604215756058693
