times:
  edit-metadata: 1.4470541700720787
  landing: 0.7989923432469368
  view-data: 3.3486342057585716
