times:
  edit-metadata: 1.656016644090414
  landing: 0.8788797445595264
  view-data: 3.3345342576503754
