times:
  landing: 1.0886929109999528
  view-data: 0.5647720250000248
