times:
  edit-metadata: 1.0713547229534015
  landing: 0.04875846300274134
  view-data: 0.21257322002202272
