times:
  edit-metadata: 1.0338266491889954
  landing: 0.5952017176896334
  view-data: 0.6133292894810438
