times:
  landing: 0.5485343110000258
  view-data: 0.558411193999973
