times:
  landing: 1.0747325980000255
  view-data: 0.5505911480000236
