times:
  edit-metadata: 1.7061418760567904
  landing: 0.02586797997355461
  view-data: 0.13766625337302685
