times:
  edit-metadata: 1.1105194482952356
  landing: 12.883752070367336
  view-data: 3.1017883513122797
