times:
  edit-metadata: 1.5881599457934499
  landing: 0.02272878959774971
  view-data: 0.02529926598072052
