times:
  edit-metadata: 1.7161514572799206
  landing: 0.1440977156162262
  view-data: 0.02393963932991028
