times:
  edit-metadata: 0.7332956420141272
  landing: 0.06620244396617636
  view-data: 0.21632623503683135
