times:
  edit-metadata: 1.0088176988065243
  landing: 0.045531466603279114
  view-data: 0.20354387164115906
