times:
  landing: 0.5515086730000007
  view-data: 0.556997138999975
