times:
  edit-metadata: 1.0773018673062325
  landing: 0.6706664655357599
  view-data: 0.33005452901124954
