times:
  edit-metadata: 0.6006696652621031
  landing: 0.05182962166145444
  view-data: 0.20099741593003273
