times:
  edit-metadata: 1.943897444754839
  landing: 0.253518832847476
  view-data: 0.027090488001704216
