times:
  landing: 0.5557924449999518
  view-data: 0.5677768040000046
