times:
  edit-metadata: 1.7937232879921794
  landing: 0.24830221384763718
  view-data: 0.12261253222823143
