times:
  edit-metadata: 1.6092085260897875
  landing: 0.1265320423990488
  view-data: 0.4402729133144021
