times:
  landing: 0.5604978380000034
  view-data: 0.5600106010000161
