times:
  edit-metadata: 1.815892145037651
  landing: 1.3684814125299454
  view-data: 3.4391776099801064
