times:
  edit-metadata: 1.8111269809305668
  landing: 0.20613663084805012
  view-data: 0.05253705382347107
