times:
  edit-metadata: 1.017097432166338
  landing: 0.05371282622218132
  view-data: 0.2005322463810444
