times:
  landing: 1.074819869999999
  view-data: 0.5580028289999746
