times:
  landing: 0.5480672539999887
  view-data: 0.5521323000000393
