times:
  edit-metadata: 1.5706446776166558
  landing: 0.020754667930305004
  view-data: 0.389710146933794
