times:
  edit-metadata: 0.7451388270128518
  landing: 0.05019419896416366
  view-data: 0.2207382310880348
