times:
  edit-metadata: 1.6112759970128536
  landing: 1.050319366157055
  view-data: 3.4384482726454735
