times:
  edit-metadata: 0.7062441459997899
  landing: 0.05352204700011498
  view-data: 0.21888281500014273
