times:
  landing: 0.5662558669999953
  view-data: 0.5586275280000166
