times:
  edit-metadata: 1.0795784424990416
  landing: 1.1199966240674257
  view-data: 0.6105463057756424
