times:
  edit-metadata: 1.5278496835380793
  landing: 0.8122766129672527
  view-data: 3.370287299156189
