times:
  edit-metadata: 2.261788783594966
  landing: 1.4643566636368632
  view-data: 3.5150649454444647
