times:
  edit-metadata: 1.6009797165170312
  landing: 0.020648610778152943
  view-data: 0.029425877146422863
