times:
  edit-metadata: 1.3606477119028568
  landing: 0.8156307525932789
  view-data: 3.4488952923566103
