times:
  edit-metadata: 1.0148332603275776
  landing: 0.5631414148956537
  view-data: 0.20781690627336502
