times:
  landing: 0.5577878089999899
  view-data: 0.5626179170000114
