times:
  edit-metadata: 1.4897808134555817
  landing: 0.9278922006487846
  view-data: 3.363609317690134
