times:
  edit-metadata: 1.01595851033926
  landing: 0.04635364189743996
  view-data: 0.2056782767176628
