times:
  edit-metadata: 0.971237514866516
  landing: 0.043950631050392985
  view-data: 0.20702987909317017
