times:
  edit-metadata: 1.7259826473891735
  landing: 1.4785603731870651
  view-data: 3.4834786877036095
