times:
  edit-metadata: 1.075070746243
  landing: 0.3684703763574362
  view-data: 0.19103133119642735
