times:
  edit-metadata: 1.850304076448083
  landing: 1.2703287601470947
  view-data: 3.334602989256382
