times:
  edit-metadata: 1.5319256205111742
  landing: 0.8401229958981276
  view-data: 3.3859888333827257
