times:
  edit-metadata: 0.6787470099516213
  landing: 0.040107815992087126
  view-data: 0.21939718816429377
