times:
  landing: 0.5670858159999739
  view-data: 0.051208508000001984
