times:
  edit-metadata: 1.119561024941504
  landing: 0.04799042595550418
  view-data: 0.20267087686806917
