times:
  edit-metadata: 0.8044259361922741
  landing: 1.0182650312781334
  view-data: 0.2947034668177366
