times:
  edit-metadata: 1.9770732782781124
  landing: 1.0159276388585567
  view-data: 60.293081764131784
