times:
  edit-metadata: 1.8959986753761768
  landing: 1.007784590125084
  view-data: 3.378793593496084
