times:
  edit-metadata: 1.0362359397113323
  landing: 1.5228824988007545
  view-data: 0.5489587523043156
