times:
  edit-metadata: 1.8586326725780964
  landing: 0.14896593242883682
  view-data: 0.02375859022140503
