times:
  landing: 0.5435658769999918
  view-data: 0.5471267140000009
