times:
  landing: 1.0722079159999964
  view-data: 0.557662697000012
