times:
  edit-metadata: 1.4035974070429802
  landing: 0.8460285067558289
  view-data: 3.277666788548231
