times:
  edit-metadata: 1.6317526865750551
  landing: 0.020296631380915642
  view-data: 0.024919556453824043
