times:
  edit-metadata: 0.9556138019543141
  landing: 0.051537384977564216
  view-data: 0.20196748501621187
