times:
  edit-metadata: 0.7335885157808661
  landing: 0.05370507948100567
  view-data: 0.21231958642601967
