times:
  edit-metadata: 1.6233410891145468
  landing: 0.1281817965209484
  view-data: 0.025744957849383354
