times:
  edit-metadata: 1.3951464779675007
  landing: 0.8663462921977043
  view-data: 3.301366861909628
