times:
  edit-metadata: 0.751717742998153
  landing: 0.05596742103807628
  view-data: 0.2278930409811437
