times:
  edit-metadata: 1.7610126435756683
  landing: 0.9875486940145493
  view-data: 3.405825823545456
