times:
  edit-metadata: 0.9575530157890171
  landing: 0.04555726610124111
  view-data: 0.20056989300064743
