times:
  landing: 1.0690433620000022
  view-data: 0.5580228659999875
