times:
  landing: 1.078360674999999
  view-data: 0.551663308000002
