times:
  edit-metadata: 0.9235227759927511
  landing: 0.054343654002877884
  view-data: 0.19613632500113454
