times:
  edit-metadata: 1.7047174931503832
  landing: 0.8020262438803911
  view-data: 3.3250117977149785
