times:
  edit-metadata: 1.1906141266226768
  landing: 0.4423977993428707
  view-data: 0.2060332354158163
