times:
  edit-metadata: 0.701643344014883
  landing: 0.050055912928655744
  view-data: 0.4886913469526917
