times:
  edit-metadata: 1.0314436834305525
  landing: 1.1921965703368187
  view-data: 0.6094640586525202
