times:
  landing: 0.5432309479999731
  view-data: 0.5419607320000068
