times:
  edit-metadata: 1.5613887021318078
  landing: 0.12020313180983067
  view-data: 0.026634985581040382
