times:
  edit-metadata: 1.7117418684065342
  landing: 0.0198458731174469
  view-data: 0.3387889564037323
