times:
  edit-metadata: 0.856887181289494
  landing: 0.0510719190351665
  view-data: 0.2574900300242007
