times:
  landing: 1.124985632000005
  view-data: 0.5601327349999963
