times:
  edit-metadata: 1.2715853126719594
  landing: 0.7546767583116889
  view-data: 3.2746267057955265
