times:
  edit-metadata: 1.6698529608547688
  landing: 0.24660954345017672
  view-data: 0.022785327397286892
