times:
  edit-metadata: 1.855595264583826
  landing: 1.0125536043196917
  view-data: 3.3792209066450596
