times:
  edit-metadata: 1.2803047876805067
  landing: 0.9167127348482609
  view-data: 3.394111329689622
