times:
  edit-metadata: 0.6899710489669815
  landing: 0.07796097395475954
  view-data: 0.22587464400567114
