times:
  edit-metadata: 1.9161956124007702
  landing: 0.13845566846430302
  view-data: 0.02603461593389511
