times:
  edit-metadata: 1.0531021691858768
  landing: 0.038828060030937195
  view-data: 0.20570460706949234
