times:
  landing: 0.5423561710000513
  view-data: 0.5455745340000249
