times:
  edit-metadata: 1.9316281899809837
  landing: 0.3147305380553007
  view-data: 0.4274235740303993
