times:
  edit-metadata: 1.541312457062304
  landing: 0.020397226326167583
  view-data: 0.023101800121366978
