times:
  landing: 1.5959570730000223
  view-data: 0.5560302270000079
