times:
  landing: 1.074334962000023
  view-data: 0.5678558930000008
