times:
  edit-metadata: 1.0150133930146694
  landing: 0.0449393168091774
  view-data: 0.24448461085557938
