times:
  edit-metadata: 0.9037466609152034
  landing: 0.043853710987605155
  view-data: 0.2028250879375264
