times:
  landing: 0.5566158090000499
  view-data: 0.5498576270000513
