times:
  edit-metadata: 1.0749914031475782
  landing: 0.5605759229511023
  view-data: 0.24262398853898048
