times:
  landing: 1.072742852000033
  view-data: 0.56220375099997
