times:
  landing: 1.0770720550000021
  view-data: 0.5584838770000147
