times:
  edit-metadata: 1.379743367433548
  landing: 0.7872936837375164
  view-data: 3.363077899441123
