times:
  edit-metadata: 0.6804711138829589
  landing: 0.044450738467276096
  view-data: 0.20772236306220293
