times:
  edit-metadata: 0.9456635150127113
  landing: 0.05299975397065282
  view-data: 0.19806364900432527
