times:
  edit-metadata: 0.9174005949753337
  landing: 0.046577893022913486
  view-data: 0.24550928198732436
