times:
  edit-metadata: 0.6554452469572425
  landing: 0.0797421527095139
  view-data: 0.21590489009395242
