times:
  edit-metadata: 1.6111861318349838
  landing: 0.14996576309204102
  view-data: 0.31230950728058815
