times:
  edit-metadata: 1.6292957440018654
  landing: 0.12568016536533833
  view-data: 0.14637196250259876
