times:
  edit-metadata: 1.4075381765142083
  landing: 0.883222259581089
  view-data: 3.320001292973757
