times:
  edit-metadata: 1.61607651039958
  landing: 0.019492176361382008
  view-data: 0.02291564643383026
