times:
  edit-metadata: 1.4321960993111134
  landing: 1.0199303515255451
  view-data: 3.341870278120041
