times:
  edit-metadata: 1.6664939485490322
  landing: 1.240029864013195
  view-data: 3.3357683941721916
