times:
  edit-metadata: 0.9448590240208432
  landing: 0.04255303705576807
  view-data: 0.19551753206178546
