times:
  edit-metadata: 1.5809780964627862
  landing: 0.11994022130966187
  view-data: 0.12240559700876474
