times:
  edit-metadata: 1.3311099223792553
  landing: 0.8220642926171422
  view-data: 3.389748220331967
