times:
  edit-metadata: 0.6270185844041407
  landing: 0.04403382493183017
  view-data: 0.18834556499496102
