times:
  edit-metadata: 1.754763500066474
  landing: 1.0357267790241167
  view-data: 3.360527371056378
