times:
  edit-metadata: 1.228832170367241
  landing: 0.8266576509922743
  view-data: 3.2899364437907934
