times:
  edit-metadata: 0.7401419342495501
  landing: 0.06891911337152123
  view-data: 0.24559832829982042
