times:
  edit-metadata: 1.3598325159400702
  landing: 0.8467514496296644
  view-data: 3.2950016958639026
