times:
  edit-metadata: 0.8809547680430114
  landing: 0.07295680698007345
  view-data: 0.21502193808555603
