times:
  edit-metadata: 0.721641437150538
  landing: 0.05555009189993143
  view-data: 0.21165032871067524
