times:
  edit-metadata: 1.3698469176888466
  landing: 0.8303509000688791
  view-data: 3.386009931564331
