times:
  edit-metadata: 1.3407263793051243
  landing: 0.753984022885561
  view-data: 3.34052137658
