times:
  edit-metadata: 0.6447238160762936
  landing: 0.061734995106235147
  view-data: 0.2232963079586625
