times:
  edit-metadata: 1.3975334949791431
  landing: 0.8018999472260475
  view-data: 3.3220349624753
