times:
  edit-metadata: 0.9128140760003589
  landing: 0.0441583450010512
  view-data: 0.22297019299003296
