times:
  edit-metadata: 1.50989231467247
  landing: 0.7928848545998335
  view-data: 3.333395963534713
