times:
  edit-metadata: 0.6753858779557049
  landing: 0.08612993103452027
  view-data: 0.24419356603175402
