times:
  edit-metadata: 1.0551615860313177
  landing: 0.6622905228286982
  view-data: 0.31355912424623966
