times:
  edit-metadata: 0.9798270519822836
  landing: 0.04936514503788203
  view-data: 0.2096232590265572
