times:
  edit-metadata: 1.2103781010955572
  landing: 1.6451891548931599
  view-data: 0.6219333987683058
