times:
  edit-metadata: 0.7458986299971002
  landing: 0.047932631998264696
  view-data: 0.23726470400288235
