times:
  edit-metadata: 1.0659943148493767
  landing: 0.6329391319304705
  view-data: 0.19996820017695427
