times:
  edit-metadata: 0.8868733899435028
  landing: 0.04074355599004775
  view-data: 0.2041033359710127
