times:
  edit-metadata: 1.6316927233710885
  landing: 0.9847058309242129
  view-data: 3.316505804657936
