times:
  edit-metadata: 1.0213829618878663
  landing: 0.053034201031550765
  view-data: 0.19468976906500757
