times:
  edit-metadata: 1.0732304439879954
  landing: 0.05775317992083728
  view-data: 0.21555706509388983
