times:
  edit-metadata: 1.566238285973668
  landing: 0.021008700132369995
  view-data: 0.026441688649356365
