times:
  edit-metadata: 0.6989895739825442
  landing: 0.04670694097876549
  view-data: 0.21644351398572326
