times:
  edit-metadata: 0.6747220330871642
  landing: 0.06654611299745739
  view-data: 0.21835559699684381
