times:
  landing: 0.5462256550000006
  view-data: 0.5453331450000007
