times:
  edit-metadata: 1.592654642648995
  landing: 0.02023665513843298
  view-data: 0.11653602216392756
