times:
  edit-metadata: 0.9408676309976727
  landing: 0.05351108405739069
  view-data: 0.20363386697135866
