times:
  edit-metadata: 1.6880399491637945
  landing: 0.02141037117689848
  view-data: 0.02374364621937275
