times:
  edit-metadata: 1.5343929007649422
  landing: 0.8702269922941923
  view-data: 3.303045803681016
