times:
  edit-metadata: 0.6665215361863375
  landing: 0.047198541928082705
  view-data: 0.20959534216672182
