times:
  edit-metadata: 0.6155221513472497
  landing: 0.05244492692872882
  view-data: 0.1950762807391584
