times:
  edit-metadata: 1.0000527668744326
  landing: 1.3852467723190784
  view-data: 0.19282743893563747
