times:
  landing: 0.5482182239999815
  view-data: 0.5464453779999872
