times:
  landing: 1.0906426529999749
  view-data: 0.5599849669999912
