times:
  edit-metadata: 1.9409466134384274
  landing: 1.333502283319831
  view-data: 3.4252866189926863
