times:
  landing: 0.5541950660000055
  view-data: 0.545116242000006
