times:
  edit-metadata: 1.6268769754096866
  landing: 0.13477529864758253
  view-data: 0.20558276772499084
