times:
  edit-metadata: 0.9791705079842359
  landing: 0.06059746886603534
  view-data: 0.19226937391795218
