times:
  edit-metadata: 0.630983476061374
  landing: 0.04273635568097234
  view-data: 0.20985855907201767
