times:
  edit-metadata: 0.6396947409957647
  landing: 0.03935223398730159
  view-data: 0.21437360625714064
