times:
  landing: 0.5518155439999646
  view-data: 0.5530036010000003
