times:
  edit-metadata: 1.3832396678626537
  landing: 0.7481282241642475
  view-data: 3.3492359947413206
