times:
  edit-metadata: 1.2900655064731836
  landing: 0.9802253935486078
  view-data: 3.4295599246397614
