times:
  edit-metadata: 1.6845267321914434
  landing: 0.01963098719716072
  view-data: 0.02410983294248581
