times:
  edit-metadata: 1.9904597960412502
  landing: 0.2506951652467251
  view-data: 0.39277494698762894
