times:
  edit-metadata: 1.3766846023499966
  landing: 0.9036013297736645
  view-data: 3.324388399720192
