times:
  edit-metadata: 1.3616667967289686
  landing: 1.0177652072161436
  view-data: 3.396915638819337
