times:
  landing: 2.228484394028783
  view-data: 0.03211069596000016
