times:
  edit-metadata: 1.097946185618639
  landing: 0.04851888120174408
  view-data: 0.19895561411976814
