times:
  edit-metadata: 1.5448394604027271
  landing: 0.8572177477180958
  view-data: 3.3849880173802376
