times:
  edit-metadata: 1.5563266268000007
  landing: 0.1220547016710043
  view-data: 0.0246057640761137
