times:
  landing: 1.1241224039999906
  view-data: 0.5641944650000141
