times:
  edit-metadata: 0.6864850010024384
  landing: 0.07713671296369284
  view-data: 0.22214614890981466
