times:
  edit-metadata: 0.7318811680015642
  landing: 0.05432021500018891
  view-data: 0.2569799110060558
