times:
  edit-metadata: 1.6955704279243946
  landing: 0.020972056314349174
  view-data: 0.025448428466916084
