times:
  edit-metadata: 1.0201595209073275
  landing: 0.05064174789004028
  view-data: 0.19993285811506212
