times:
  landing: 0.5479981579999276
  view-data: 0.5572062860001097
