times:
  edit-metadata: 1.05182496458292
  landing: 0.05853535793721676
  view-data: 0.20643547736108303
