times:
  edit-metadata: 0.8637323677539825
  landing: 0.528006998822093
  view-data: 0.19509419240057468
