times:
  landing: 0.5782583329999511
  view-data: 0.560805638999966
