times:
  edit-metadata: 1.6422416269779205
  landing: 0.2560863960534334
  view-data: 0.028333202004432678
