times:
  edit-metadata: 1.9738967986777425
  landing: 0.02017874736338854
  view-data: 0.027001526206731796
