times:
  edit-metadata: 1.6104901349171996
  landing: 1.044805615907535
  view-data: 4.004649998852983
