times:
  edit-metadata: 1.6236384389922023
  landing: 0.021831627935171127
  view-data: 0.09814020153135061
