times:
  edit-metadata: 1.6260942099615932
  landing: 0.02020146604627371
  view-data: 0.023457969538867474
