times:
  edit-metadata: 0.7032493602018803
  landing: 0.057953338138759136
  view-data: 0.21159785706549883
