times:
  edit-metadata: 1.1067266911268234
  landing: 0.049682680517435074
  view-data: 0.20964661613106728
