times:
  edit-metadata: 1.6728833988308907
  landing: 0.04240080714225769
  view-data: 0.3877979554235935
