times:
  edit-metadata: 1.6012250678613782
  landing: 0.02029282972216606
  view-data: 0.02733503468334675
