times:
  edit-metadata: 0.9743715468794107
  landing: 0.5938609875738621
  view-data: 0.6110981181263924
