times:
  edit-metadata: 1.8410504069179296
  landing: 0.23127317987382412
  view-data: 0.16313951648771763
