times:
  edit-metadata: 3.3605377627536654
  landing: 0.33900089748203754
  view-data: 0.7675815168768167
