times:
  landing: 0.5600604690000068
  view-data: 0.5494178680000346
