times:
  edit-metadata: 0.673457640921697
  landing: 0.05171332601457834
  view-data: 0.22676124284043908
