times:
  landing: 0.5904780299999857
  view-data: 0.5547780109999962
