times:
  edit-metadata: 1.1177173908799887
  landing: 0.6731684692203999
  view-data: 0.41536962799727917
