times:
  edit-metadata: 1.6398850441910326
  landing: 1.8669939949177206
  view-data: 3.2902740901336074
