times:
  edit-metadata: 0.9736742824316025
  landing: 0.0428207702934742
  view-data: 0.21377281844615936
