times:
  edit-metadata: 1.5537023721262813
  landing: 0.02073356043547392
  view-data: 0.028978964313864708
