times:
  edit-metadata: 0.8841009330062661
  landing: 0.05457591498270631
  view-data: 0.30016656999941915
