times:
  landing: 1.0673313670000084
  view-data: 0.5556517219999932
