times:
  edit-metadata: 2.6946581788361073
  landing: 1.2343137226998806
  view-data: 3.672600395977497
