times:
  edit-metadata: 1.0119659528136253
  landing: 1.0960409361869097
  view-data: 0.6041697505861521
