times:
  edit-metadata: 1.3706426434218884
  landing: 0.9412567839026451
  view-data: 3.424112271517515
