times:
  edit-metadata: 1.6406537778675556
  landing: 0.02418600209057331
  view-data: 0.02446560002863407
