times:
  edit-metadata: 1.6410990934818983
  landing: 0.8923070132732391
  view-data: 3.419532176107168
