times:
  edit-metadata: 0.6231179432943463
  landing: 0.05101555585861206
  view-data: 0.20498446375131607
