times:
  edit-metadata: 1.5617934539914131
  landing: 0.12715721689164639
  view-data: 0.023135322146117687
