times:
  edit-metadata: 1.5893009146675467
  landing: 0.021116042509675026
  view-data: 0.1253197994083166
