times:
  edit-metadata: 0.6525423061102629
  landing: 0.04499573726207018
  view-data: 0.21216322109103203
