times:
  edit-metadata: 1.3516352139413357
  landing: 0.7870732829906046
  view-data: 3.300804126774892
