times:
  edit-metadata: 2.3823562636971474
  landing: 1.2245457582175732
  view-data: 3.4548743590712547
