times:
  edit-metadata: 0.6384014179930091
  landing: 0.05146488221362233
  view-data: 0.20076442090794444
