times:
  edit-metadata: 2.020511836744845
  landing: 1.526184837333858
  view-data: 3.4561510449275374
