times:
  edit-metadata: 1.3282107189297676
  landing: 0.835443302989006
  view-data: 3.3019315265119076
