times:
  edit-metadata: 1.722665379755199
  landing: 0.019882199354469776
  view-data: 0.028316153213381767
