times:
  edit-metadata: 0.6600686348974705
  landing: 0.0423552580177784
  view-data: 0.5790877714753151
