times:
  edit-metadata: 1.0241589955985546
  landing: 0.6630396097898483
  view-data: 0.31853252835571766
