times:
  edit-metadata: 1.339524831622839
  landing: 0.6991641409695148
  view-data: 3.29158285446465
