times:
  edit-metadata: 1.0355334840714931
  landing: 0.04204542934894562
  view-data: 0.20168020576238632
