times:
  landing: 1.071050008000043
  view-data: 0.5624369089999846
