times:
  landing: 0.5525049569999965
  view-data: 0.5522032350000359
