times:
  edit-metadata: 1.3401282718405128
  landing: 0.8040775465779006
  view-data: 3.307402383070439
