times:
  edit-metadata: 2.0007585883140564
  landing: 1.3537429422140121
  view-data: 3.4865626469254494
