times:
  edit-metadata: 0.9188387650065124
  landing: 0.043921965174376965
  view-data: 0.19572051498107612
