times:
  landing: 0.5576409259999764
  view-data: 0.5540158919999953
