times:
  edit-metadata: 1.5152778029441833
  landing: 0.7575308084487915
  view-data: 3.300209902226925
