times:
  landing: 0.5544335419999982
  view-data: 0.5637567560000036
