times:
  edit-metadata: 1.3687390554696321
  landing: 1.203792281448841
  view-data: 3.2894630450755358
