times:
  edit-metadata: 1.0337711833417416
  landing: 0.9793435726314783
  view-data: 0.3305006865411997
