times:
  landing: 1.0720851559999858
  view-data: 0.5535652510000091
