times:
  landing: 1.118455885000003
  view-data: 0.5716020029999811
