times:
  edit-metadata: 0.9565584899391979
  landing: 0.045957393012940884
  view-data: 0.19663755898363888
