times:
  edit-metadata: 0.9724708111025393
  landing: 0.050439911894500256
  view-data: 0.19698069104924798
