times:
  landing: 1.0714429719999998
  view-data: 0.5646385590000023
