times:
  landing: 0.5608330209997803
  view-data: 0.5557186220003132
