times:
  landing: 1.0726150979999716
  view-data: 0.555938067999989
