times:
  edit-metadata: 0.7271423358470201
  landing: 0.04823594447225332
  view-data: 0.20912696607410908
