times:
  edit-metadata: 1.6263838186860085
  landing: 0.02084315847605467
  view-data: 0.0290319062769413
