times:
  edit-metadata: 1.5337540870532393
  landing: 0.02140215877443552
  view-data: 0.02634598221629858
