times:
  edit-metadata: 0.752721970085986
  landing: 0.11243475007358938
  view-data: 0.23786550702061504
