times:
  edit-metadata: 1.4045327510684729
  landing: 0.763021681457758
  view-data: 3.3558166828006506
