times:
  edit-metadata: 1.8347956482321024
  landing: 0.1475167963653803
  view-data: 0.1468109805136919
