times:
  edit-metadata: 0.9902982900384814
  landing: 0.04283847915939987
  view-data: 0.20106659387238324
