times:
  landing: 0.5428944169999852
  view-data: 0.5476536719999956
