times:
  edit-metadata: 1.0279835686087608
  landing: 0.04362864047288895
  view-data: 0.2152394913136959
