times:
  landing: 0.5434662899999978
  view-data: 0.5461067569999898
