times:
  edit-metadata: 1.8510410003364086
  landing: 1.4972420558333397
  view-data: 3.8838924281299114
