times:
  edit-metadata: 1.6949382741004229
  landing: 0.18925206176936626
  view-data: 0.3179526571184397
