times:
  edit-metadata: 2.904867470264435
  landing: 1.5736077474430203
  view-data: 3.689288118854165
