times:
  edit-metadata: 1.9412293583154678
  landing: 1.4501812942326069
  view-data: 3.514158360660076
