times:
  edit-metadata: 0.9092065338045359
  landing: 0.08737264294177294
  view-data: 0.21665476076304913
