times:
  edit-metadata: 0.6564370859414339
  landing: 0.042497693095356226
  view-data: 0.20064858300611377
