times:
  edit-metadata: 1.532896764576435
  landing: 0.9554003197699785
  view-data: 3.3706428427249193
