times:
  edit-metadata: 1.1006995234638453
  landing: 0.9716900456696749
  view-data: 0.32228311337530613
