times:
  edit-metadata: 0.7953885141760111
  landing: 0.0588166294619441
  view-data: 0.2079313090071082
