times:
  edit-metadata: 1.064094802364707
  landing: 0.37883493676781654
  view-data: 0.3284405805170536
