times:
  edit-metadata: 0.9961903542280197
  landing: 0.4423524960875511
  view-data: 0.21291054040193558
