times:
  edit-metadata: 1.0001931861042976
  landing: 0.03974524512887001
  view-data: 0.20206814631819725
