times:
  edit-metadata: 0.9925269465893507
  landing: 0.6152836512774229
  view-data: 0.23176532797515392
