times:
  edit-metadata: 0.9250295220408589
  landing: 0.05530559306498617
  view-data: 0.2033346580574289
