times:
  edit-metadata: 2.071408740244806
  landing: 0.8996106358245015
  view-data: 3.795885077677667
