times:
  landing: 1.0615970599999969
  view-data: 0.5474411980000014
