times:
  edit-metadata: 1.684324136003852
  landing: 0.02009684033691883
  view-data: 0.33953830413520336
