times:
  edit-metadata: 1.629379074089229
  landing: 0.02055921033024788
  view-data: 0.02374404575675726
