times:
  edit-metadata: 1.44502092897892
  landing: 0.8975237086415291
  view-data: 3.2570825740695
