times:
  edit-metadata: 1.552423482760787
  landing: 0.8004312962293625
  view-data: 3.411260148510337
