times:
  edit-metadata: 0.702973450999707
  landing: 0.061704123858362436
  view-data: 0.2007022430188954
