times:
  edit-metadata: 1.6096414532512426
  landing: 0.02411641553044319
  view-data: 0.025579823181033134
