times:
  edit-metadata: 0.9856143444776535
  landing: 0.046953234821558
  view-data: 0.2055087387561798
