times:
  edit-metadata: 0.8667632080614567
  landing: 0.572080347687006
  view-data: 0.20827475935220718
