times:
  edit-metadata: 1.496536636725068
  landing: 0.8285663817077875
  view-data: 3.417023567482829
