times:
  edit-metadata: 1.3710086308419704
  landing: 0.8377925008535385
  view-data: 3.2770559284836054
