times:
  edit-metadata: 1.0242109894752502
  landing: 0.0484069399535656
  view-data: 0.21371938660740852
