times:
  edit-metadata: 1.6419400819577277
  landing: 0.8353164209984243
  view-data: 3.3814738020300865
