times:
  edit-metadata: 0.9316581329330802
  landing: 0.049208356998860836
  view-data: 0.19624892785213888
