times:
  edit-metadata: 1.6734150256961584
  landing: 1.1591638699173927
  view-data: 3.427692024037242
