times:
  edit-metadata: 0.9004783574491739
  landing: 0.5867951456457376
  view-data: 0.19762428104877472
