times:
  edit-metadata: 1.064503388479352
  landing: 1.145019382238388
  view-data: 0.7752377036958933
