times:
  edit-metadata: 1.5911427028477192
  landing: 0.021422945894300938
  view-data: 0.026797630824148655
