times:
  edit-metadata: 1.7609924785792828
  landing: 1.352050505578518
  view-data: 3.4675914384424686
