times:
  edit-metadata: 0.7076287972740829
  landing: 0.06430776184424758
  view-data: 0.21520395623520017
