times:
  edit-metadata: 0.7131818069610745
  landing: 0.057424095924943686
  view-data: 0.22470559203065932
