times:
  landing: 0.5496490630000039
  view-data: 0.5523088049999956
