times:
  edit-metadata: 0.6928482509683818
  landing: 0.04597709607332945
  view-data: 0.23768016789108515
