times:
  landing: 1.0969996439999932
  view-data: 0.570649488000015
