times:
  edit-metadata: 1.9213170669972897
  landing: 1.05959926918149
  view-data: 3.35730267688632
