times:
  edit-metadata: 1.5756419887766242
  landing: 0.020921876654028893
  view-data: 0.02399142924696207
