times:
  edit-metadata: 1.672634068876505
  landing: 1.3165264911949635
  view-data: 3.354995835572481
