times:
  edit-metadata: 0.9385933320736513
  landing: 0.049756526947021484
  view-data: 0.20591087697539479
