times:
  edit-metadata: 1.3770978720858693
  landing: 0.8461820292286575
  view-data: 3.3560762028209865
