times:
  edit-metadata: 1.6638615187257528
  landing: 0.19520973227918148
  view-data: 0.15487290918827057
