times:
  edit-metadata: 0.7194637929787859
  landing: 0.047203179012285545
  view-data: 0.21699356599128805
