times:
  edit-metadata: 0.9056393739301711
  landing: 0.0394040800165385
  view-data: 0.2069851099513471
