times:
  edit-metadata: 0.9874364696443081
  landing: 0.5702748093754053
  view-data: 0.6065980233252048
