times:
  edit-metadata: 0.6413610707968473
  landing: 0.04445760976523161
  view-data: 0.2117706574499607
