times:
  edit-metadata: 1.4059584997594357
  landing: 0.8182546682655811
  view-data: 3.369942542165518
