times:
  landing: 1.0786636709999584
  view-data: 0.5637741020000249
