times:
  landing: 0.55857295200002
  view-data: 0.5640418360000012
