times:
  landing: 1.0833001089999925
  view-data: 0.5630150009999966
