times:
  edit-metadata: 3.349007128737867
  landing: 1.699406810104847
  view-data: 3.445154534652829
