times:
  edit-metadata: 1.4957980401813984
  landing: 0.8224578965455294
  view-data: 3.311938125640154
