times:
  edit-metadata: 1.6118155485019088
  landing: 0.022098135203123093
  view-data: 0.02606689278036356
