times:
  edit-metadata: 1.5466073164716363
  landing: 0.02200918458402157
  view-data: 0.025078152306377888
