times:
  edit-metadata: 0.7089174700086005
  landing: 0.0521348460461013
  view-data: 0.22193483699811623
