times:
  edit-metadata: 0.6785361501388252
  landing: 0.06019746302627027
  view-data: 0.22110040695406497
