times:
  edit-metadata: 1.3131191805005074
  landing: 0.7471290603280067
  view-data: 3.2732471711933613
