times:
  landing: 0.5731484649999743
  view-data: 0.5729339660000505
