times:
  edit-metadata: 1.7812475617974997
  landing: 1.1138250604271889
  view-data: 3.3737141843885183
