times:
  edit-metadata: 1.2613424034789205
  landing: 1.2924784235656261
  view-data: 3.3383443551138043
