times:
  edit-metadata: 1.3764125443995
  landing: 0.8332007210701704
  view-data: 3.372108332812786
