times:
  edit-metadata: 1.823255741968751
  landing: 0.019853312522172928
  view-data: 0.3895952021703124
