times:
  landing: 0.5612968829999829
  view-data: 0.5668470630000115
