times:
  edit-metadata: 0.7070000912062824
  landing: 0.04752375418320298
  view-data: 0.22381559433415532
