times:
  edit-metadata: 1.4405230265110731
  landing: 0.8737900499254465
  view-data: 3.440906397998333
