times:
  edit-metadata: 0.675406935159117
  landing: 0.0720425620675087
  view-data: 0.22085005789995193
