times:
  edit-metadata: 1.361142076086253
  landing: 0.7825405411422253
  view-data: 3.3056338529568166
