times:
  edit-metadata: 1.1544588953256607
  landing: 0.06677895411849022
  view-data: 0.24635003693401814
