times:
  edit-metadata: 1.585072973743081
  landing: 0.021892955526709557
  view-data: 0.023806393146514893
