times:
  edit-metadata: 0.7208793938625604
  landing: 0.046977143036201596
  view-data: 0.21362890605814755
