times:
  edit-metadata: 1.4047002736479044
  landing: 0.8290322497487068
  view-data: 3.355240285862237
