times:
  edit-metadata: 1.6204877132549882
  landing: 0.1227888148277998
  view-data: 0.027298844419419765
