times:
  edit-metadata: 1.5426863823086023
  landing: 0.8686953391879797
  view-data: 3.3662616796791553
