times:
  edit-metadata: 1.5367686972022057
  landing: 0.8713751640170813
  view-data: 3.4121565390378237
