times:
  edit-metadata: 1.761112755164504
  landing: 0.14577012322843075
  view-data: 0.4018396455794573
