times:
  edit-metadata: 1.6017251629382372
  landing: 0.022305084392428398
  view-data: 0.025049354881048203
