times:
  landing: 1.0843763340000123
  view-data: 0.564416504999997
