times:
  landing: 0.5515920959999221
  view-data: 0.5547776199999817
