times:
  edit-metadata: 1.4682320528663695
  landing: 0.8228448801673949
  view-data: 3.304958780761808
