times:
  edit-metadata: 1.6178208943456411
  landing: 0.020843753591179848
  view-data: 0.027569626457989216
