times:
  edit-metadata: 1.3498704880475998
  landing: 0.9135577417910099
  view-data: 3.3280020654201508
