times:
  landing: 0.5606323870000267
  view-data: 0.5554474620000178
