times:
  edit-metadata: 0.6773854219936766
  landing: 0.07361534598749131
  view-data: 0.21090467799513135
