times:
  edit-metadata: 0.7510877430031542
  landing: 0.05550823002704419
  view-data: 0.22284722799668089
