times:
  edit-metadata: 1.6281936336308718
  landing: 0.020695781335234642
  view-data: 0.028206439688801765
