times:
  landing: 1.091247779000014
  view-data: 0.5534879439999827
