times:
  edit-metadata: 1.5618272963911295
  landing: 0.02064223773777485
  view-data: 0.40738688223063946
