times:
  landing: 0.5471832359999667
  view-data: 0.5505638870000098
