times:
  edit-metadata: 1.715818665921688
  landing: 0.9197160340845585
  view-data: 3.311381231993437
