times:
  edit-metadata: 1.3719433918595314
  landing: 4.502142820507288
  view-data: 3.366097379475832
