times:
  edit-metadata: 0.7877991709974594
  landing: 0.08456400300201494
  view-data: 0.21501156199519755
