times:
  landing: 0.5534560440000007
  view-data: 0.5596329239999989
