times:
  edit-metadata: 1.6957343686372042
  landing: 0.7952590752393007
  view-data: 3.3292420152574778
