times:
  edit-metadata: 1.623029625043273
  landing: 0.019396401941776276
  view-data: 0.023269396275281906
