times:
  edit-metadata: 2.230053939856589
  landing: 0.3627287382259965
  view-data: 0.3719996092841029
