times:
  edit-metadata: 0.742412907013204
  landing: 0.05042464501457289
  view-data: 0.22296429600100964
