times:
  landing: 0.5471775430000321
  view-data: 0.5488792540000418
