times:
  landing: 0.5515840819999767
  view-data: 0.5626202939999985
