times:
  edit-metadata: 1.5898594502359629
  landing: 0.020238608121871948
  view-data: 0.433690020814538
