times:
  edit-metadata: 2.072229940444231
  landing: 0.021511975675821304
  view-data: 0.37743210047483444
