times:
  edit-metadata: 0.6553843338042498
  landing: 0.04499645158648491
  view-data: 0.21741475351154804
