times:
  landing: 0.552767853999967
  view-data: 0.5508322179999823
