times:
  landing: 0.5653901130000349
  view-data: 0.5590763400000469
