times:
  landing: 0.5540363850000176
  view-data: 0.5551133050000203
