times:
  edit-metadata: 0.911883239983581
  landing: 0.05029223102610558
  view-data: 0.1987504179123789
