times:
  edit-metadata: 1.5218158327043056
  landing: 0.9423164515756071
  view-data: 3.3142088227905333
