times:
  edit-metadata: 2.067553936969489
  landing: 0.16599402501014993
  view-data: 0.44307930098148063
