times:
  edit-metadata: 1.470050297677517
  landing: 1.1074123866856098
  view-data: 3.44357231259346
