times:
  edit-metadata: 1.0438704527914524
  landing: 0.04384124279022217
  view-data: 0.20685571804642677
