times:
  edit-metadata: 0.7669649129966274
  landing: 0.04942779603879899
  view-data: 0.21518628997728229
