times:
  edit-metadata: 1.6187609238550067
  landing: 0.020838383585214615
  view-data: 0.1191601725295186
