times:
  edit-metadata: 1.5798129802569747
  landing: 0.020303976722061634
  view-data: 0.027998187579214573
