times:
  edit-metadata: 1.5225034691393375
  landing: 1.1730660013854504
  view-data: 3.348643369972706
