times:
  landing: 0.5582535159999793
  view-data: 0.566456216000006
