times:
  edit-metadata: 1.3744541853666306
  landing: 0.9513331428170204
  view-data: 3.293462760746479
