times:
  edit-metadata: 1.3842312830965966
  landing: 0.8677684389986098
  view-data: 3.3476553121581674
