times:
  edit-metadata: 1.6020981892943382
  landing: 0.19816504418849945
  view-data: 0.026080675423145294
