times:
  edit-metadata: 1.9800160359591246
  landing: 1.5416646162047982
  view-data: 3.6377062518149614
