times:
  landing: 2.1415553390979767
  view-data: 0.599084161221981
