times:
  edit-metadata: 1.8147702664136887
  landing: 0.01994325779378414
  view-data: 0.18555486015975475
