times:
  edit-metadata: 1.6184156322851777
  landing: 0.02076429594308138
  view-data: 0.02676088735461235
