times:
  edit-metadata: 1.6695326827466488
  landing: 1.0387440510094166
  view-data: 3.3080261200666428
