times:
  edit-metadata: 1.645004652440548
  landing: 0.11848330870270729
  view-data: 0.34299750067293644
