times:
  edit-metadata: 2.0070844162255526
  landing: 1.0913696102797985
  view-data: 3.379062307998538
