times:
  edit-metadata: 1.7422628263011575
  landing: 0.8995641684159636
  view-data: 3.3305986477062106
