times:
  edit-metadata: 1.7836628258228302
  landing: 0.15368551574647427
  view-data: 0.13445496000349522
