times:
  edit-metadata: 1.261285699903965
  landing: 0.6150660552084446
  view-data: 0.3208838663995266
