times:
  edit-metadata: 0.6973297430668026
  landing: 0.07285146997310221
  view-data: 0.23962013889104128
