times:
  landing: 2.6283667680000065
  view-data: 1.6000678210000103
