times:
  edit-metadata: 1.779509212821722
  landing: 1.170751802623272
  view-data: 3.3887180536985397
