times:
  edit-metadata: 1.806057957932353
  landing: 0.172375300899148
  view-data: 0.026565732434391975
