times:
  edit-metadata: 2.076658358797431
  landing: 0.19104623422026634
  view-data: 0.5507818963378668
