times:
  edit-metadata: 0.9349389150738716
  landing: 0.0728914188221097
  view-data: 0.2151930551044643
