times:
  landing: 0.5510413110000059
  view-data: 0.5559911750000026
