times:
  edit-metadata: 1.340015548048541
  landing: 0.864753199974075
  view-data: 3.3475724060554057
