times:
  edit-metadata: 0.6338877740781754
  landing: 0.07073356513865292
  view-data: 0.2070995490066707
