times:
  edit-metadata: 1.5880786161869764
  landing: 0.2094260985031724
  view-data: 0.09613478276878595
