times:
  edit-metadata: 1.5113336108624935
  landing: 0.807276763021946
  view-data: 3.3605020567774773
