times:
  edit-metadata: 1.4353854544460773
  landing: 0.9315161779522896
  view-data: 3.304957676678896
