times:
  edit-metadata: 1.553324867039919
  landing: 0.9504287615418434
  view-data: 3.3175592944025993
