times:
  edit-metadata: 1.5552569553256035
  landing: 0.02190220821648836
  view-data: 0.02626726496964693
