times:
  landing: 0.5629843419999929
  view-data: 0.5590439119999928
