times:
  edit-metadata: 0.8523636572062969
  landing: 0.04608624428510666
  view-data: 0.22638092562556267
