times:
  edit-metadata: 1.141411392018199
  landing: 0.710256727412343
  view-data: 0.3387721888720989
