times:
  edit-metadata: 0.9137811419932405
  landing: 0.047284303000196815
  view-data: 0.19525921600870788
