times:
  edit-metadata: 1.4003281071782112
  landing: 0.8191854562610388
  view-data: 3.3650706857442856
