times:
  edit-metadata: 1.6990577168762684
  landing: 1.0630447566509247
  view-data: 3.3624239582568407
