times:
  edit-metadata: 1.074197178997565
  landing: 0.05355283900280483
  view-data: 0.19658874298329465
