times:
  edit-metadata: 1.0699183382093906
  landing: 1.104297822341323
  view-data: 0.4227463137358427
