times:
  edit-metadata: 1.5078615993261337
  landing: 0.7918381243944168
  view-data: 3.377710225060582
