times:
  edit-metadata: 1.1103473044931889
  landing: 0.6903201714158058
  view-data: 0.44677468948066235
