times:
  edit-metadata: 1.6444610089529306
  landing: 0.023604404996149242
  view-data: 0.03105451399460435
