times:
  edit-metadata: 1.0329898339987267
  landing: 0.05080025999995996
  view-data: 0.22150554100153386
