times:
  edit-metadata: 0.7201719731092453
  landing: 0.049318966921418905
  view-data: 0.35482244985178113
