times:
  edit-metadata: 1.4803116249386221
  landing: 0.9308448079973459
  view-data: 3.2863466490525752
