times:
  landing: 0.556963799000016
  view-data: 0.5758652170000005
