times:
  edit-metadata: 1.114636171841994
  landing: 0.05208310391753912
  view-data: 0.25438236398622394
