times:
  edit-metadata: 1.4671175561379641
  landing: 0.8636276300530881
  view-data: 3.2829262670129538
