times:
  landing: 0.5499913729999832
  view-data: 0.058651849999989736
