times:
  edit-metadata: 1.5666199754923582
  landing: 0.021374806761741638
  view-data: 0.025507325306534767
