times:
  landing: 0.5561671760000024
  view-data: 0.5549734919999878
