times:
  edit-metadata: 0.664575217757374
  landing: 0.04240367282181978
  view-data: 0.3450851794332266
