times:
  edit-metadata: 1.2002114225178957
  landing: 0.06299949996173382
  view-data: 0.20118344761431217
