times:
  edit-metadata: 1.053691765293479
  landing: 0.5565504785627127
  view-data: 0.31373415887355804
