times:
  edit-metadata: 1.2595788890030235
  landing: 0.05633004894480109
  view-data: 0.23688167985528708
