times:
  edit-metadata: 1.087121605873108
  landing: 0.9993304796516895
  view-data: 0.30854404531419277
