times:
  edit-metadata: 0.8347634430974722
  landing: 0.569984283298254
  view-data: 0.6192094590514898
