times:
  landing: 0.5525757639999824
  view-data: 0.55741124299999
