times:
  edit-metadata: 1.1352149602025747
  landing: 0.7466766145080328
  view-data: 0.20116777904331684
