times:
  landing: 0.5479333920000045
  view-data: 0.05213945899998862
