times:
  edit-metadata: 1.072579124942422
  landing: 0.7011486161500216
  view-data: 0.22108537144958973
