times:
  edit-metadata: 1.0755583681166172
  landing: 0.045874642208218575
  view-data: 0.20543116331100464
