times:
  edit-metadata: 1.5469694724306464
  landing: 0.02171905431896448
  view-data: 0.03104398213326931
