times:
  edit-metadata: 0.8526887372136116
  landing: 0.580821106210351
  view-data: 0.34645820781588554
