times:
  edit-metadata: 1.7631911356002092
  landing: 0.1354529745876789
  view-data: 0.45661681331694126
