times:
  edit-metadata: 1.6148833697661757
  landing: 0.021367255598306656
  view-data: 0.025678908452391624
