times:
  edit-metadata: 2.341677276417613
  landing: 1.5604390930384398
  view-data: 3.4062999170273542
