times:
  edit-metadata: 0.6784629330504686
  landing: 0.04798201099038124
  view-data: 0.21335414797067642
