times:
  edit-metadata: 1.0222909599542618
  landing: 0.04642114415764809
  view-data: 0.2017490491271019
