times:
  landing: 0.5587215199998354
  view-data: 0.5571371109999745
