times:
  edit-metadata: 1.5095267221331596
  landing: 0.8712681606411934
  view-data: 3.306525519117713
