times:
  landing: 0.548851969999987
  view-data: 0.5536276650000218
