times:
  edit-metadata: 1.3752036653459072
  landing: 0.7297642156481743
  view-data: 3.3567374981939793
