times:
  edit-metadata: 1.5411936696618795
  landing: 0.022163884714245796
  view-data: 0.025967545807361603
