times:
  edit-metadata: 1.5711841098964214
  landing: 0.15843192022293806
  view-data: 0.12282442301511765
