times:
  edit-metadata: 1.779928993433714
  landing: 1.1425525695085526
  view-data: 3.3629950024187565
