times:
  edit-metadata: 1.691752115264535
  landing: 0.020182221196591854
  view-data: 0.12668364122509956
