times:
  edit-metadata: 0.9095915569923818
  landing: 0.048282469157129526
  view-data: 0.20128110283985734
