times:
  edit-metadata: 0.712870726827532
  landing: 0.05154908890835941
  view-data: 0.2192177651450038
