times:
  edit-metadata: 1.0137162934988737
  landing: 1.6066745314747095
  view-data: 0.6007146909832954
