times:
  edit-metadata: 0.71602783491835
  landing: 0.06486494233831763
  view-data: 0.215702042914927
