times:
  edit-metadata: 1.344125110656023
  landing: 0.9527831450104713
  view-data: 3.3081574626266956
