times:
  edit-metadata: 0.9204140910878778
  landing: 0.036832910031080246
  view-data: 0.20235104160383344
