times:
  edit-metadata: 1.2402851227670908
  landing: 0.8979577217251062
  view-data: 3.4115119595080614
