times:
  edit-metadata: 1.0304418727755547
  landing: 0.04856153950095177
  view-data: 0.20170673727989197
