times:
  landing: 0.5585859870000149
  view-data: 0.5614461540000093
