times:
  landing: 0.548212000000035
  view-data: 0.547892399000034
