times:
  edit-metadata: 0.665048147959169
  landing: 0.06665740796597674
  view-data: 0.21253176999744028
