times:
  landing: 0.5564427439999804
  view-data: 0.5555367249999676
