times:
  edit-metadata: 1.0655756033957005
  landing: 0.6174793057143688
  view-data: 0.19900363124907017
