times:
  edit-metadata: 1.6057450901716948
  landing: 0.1724944468587637
  view-data: 0.02605124469846487
