times:
  edit-metadata: 0.8606852926313877
  landing: 0.5838752165436745
  view-data: 0.21337847597897053
