times:
  edit-metadata: 1.0054100267589092
  landing: 0.04295432195067406
  view-data: 0.20681115239858627
