times:
  edit-metadata: 1.0083156321197748
  landing: 0.8176331594586372
  view-data: 0.3119008131325245
