times:
  edit-metadata: 1.6628439668565989
  landing: 0.021225111559033394
  view-data: 0.2574521452188492
