times:
  edit-metadata: 1.2697595590725541
  landing: 0.05013695894740522
  view-data: 0.22083116695284843
