times:
  edit-metadata: 1.5404929034411907
  landing: 0.7784641031175852
  view-data: 3.2710518427193165
