times:
  edit-metadata: 1.4299999589566141
  landing: 0.8267652641516179
  view-data: 3.2868790111970156
