times:
  edit-metadata: 1.6242046151310205
  landing: 0.16599483415484428
  view-data: 0.023445121943950653
