times:
  edit-metadata: 0.6763292476534843
  landing: 0.043047594372183084
  view-data: 0.21730729192495346
