times:
  landing: 0.5504833600000154
  view-data: 0.053690607999982376
