times:
  edit-metadata: 1.8313293475657701
  landing: 0.2148579228669405
  view-data: 0.3662852719426155
