times:
  edit-metadata: 0.709311840008013
  landing: 0.05375931889284402
  view-data: 0.21415393706411123
