times:
  edit-metadata: 1.450136324390769
  landing: 0.8084745164960623
  view-data: 3.3777138609439135
