times:
  edit-metadata: 2.1190435457974672
  landing: 1.0669551361352205
  view-data: 3.583871139213443
