times:
  landing: 0.5507153190000054
  view-data: 0.5548812779999821
