times:
  edit-metadata: 1.5332157462835312
  landing: 0.8255254533141851
  view-data: 3.354909921064973
