times:
  edit-metadata: 1.6396873071789742
  landing: 0.25763130374252796
  view-data: 0.02764592505991459
