times:
  edit-metadata: 1.011180553585291
  landing: 1.1408683210611343
  view-data: 0.20896822959184647
