times:
  edit-metadata: 0.9829916730523109
  landing: 0.05043459311127663
  view-data: 0.19925792887806892
