times:
  edit-metadata: 1.0326412860304117
  landing: 0.038126239785924554
  view-data: 0.20406960509717464
