times:
  edit-metadata: 1.0023922771215439
  landing: 0.04988934472203255
  view-data: 0.20971433073282242
