times:
  edit-metadata: 0.9752048403024673
  landing: 0.03875817358493805
  view-data: 0.20051857829093933
