times:
  edit-metadata: 0.7151729497127235
  landing: 0.057051937095820904
  view-data: 0.20903449784964323
