times:
  edit-metadata: 1.4423437006771564
  landing: 0.7918537221848965
  view-data: 3.342558730393648
