times:
  edit-metadata: 1.8505074977874756
  landing: 0.8535060025751591
  view-data: 3.356865180656314
