times:
  edit-metadata: 1.0700001120567322
  landing: 0.38851509615778923
  view-data: 0.35189679078757763
