times:
  edit-metadata: 1.9484516084194183
  landing: 1.2038338221609592
  view-data: 3.4234121218323708
