times:
  edit-metadata: 0.7164044403471053
  landing: 0.04481840739026666
  view-data: 0.3613806958310306
