times:
  edit-metadata: 1.2687571551650763
  landing: 0.751892551779747
  view-data: 3.2794107124209404
