times:
  edit-metadata: 1.740721506997943
  landing: 0.12853454053401947
  view-data: 0.025055859237909317
