times:
  edit-metadata: 0.9367493763566017
  landing: 0.6488918773829937
  view-data: 0.2014421559870243
