times:
  landing: 0.5556369260000054
  view-data: 0.5637780659999976
