times:
  edit-metadata: 1.542795698158443
  landing: 0.01874800119549036
  view-data: 0.12029575742781162
