times:
  edit-metadata: 0.8923670286312699
  landing: 0.18181463796645403
  view-data: 0.3507138420827687
