times:
  landing: 0.5561446259999911
  view-data: 0.5635610610000015
