times:
  landing: 0.5496903330000009
  view-data: 0.549449428999992
