times:
  landing: 0.551582504999999
  view-data: 0.5602819320000094
