times:
  edit-metadata: 1.3618546482175589
  landing: 0.8618183806538582
  view-data: 3.3328179428353906
