times:
  edit-metadata: 0.6890262831002474
  landing: 0.06525371398311108
  view-data: 0.2205523350276053
