times:
  edit-metadata: 0.9858625009655952
  landing: 0.0450274832546711
  view-data: 0.20935703814029694
