times:
  edit-metadata: 0.9946904629468918
  landing: 0.03715320699848235
  view-data: 0.21657306200359017
