times:
  edit-metadata: 0.6644365307874978
  landing: 0.038915087934583426
  view-data: 0.2049408769235015
