times:
  edit-metadata: 1.5367806451395154
  landing: 0.020780769176781178
  view-data: 0.1189268184825778
