times:
  edit-metadata: 0.9326559212058783
  landing: 0.050931053003296256
  view-data: 0.1976342429406941
