times:
  edit-metadata: 1.0464702807366848
  landing: 0.04039850831031799
  view-data: 0.19911864399909973
