times:
  edit-metadata: 1.4102628639666364
  landing: 0.886737207067199
  view-data: 3.3348768790019676
