times:
  landing: 1.06734510185197
  view-data: 0.5532562169246376
