times:
  edit-metadata: 0.5971855772659183
  landing: 0.04252442205324769
  view-data: 0.20411850465461612
