times:
  edit-metadata: 1.496461570262909
  landing: 0.9033263549208641
  view-data: 3.3520347476005554
