times:
  edit-metadata: 0.6396555658429861
  landing: 0.04366022767499089
  view-data: 0.19488395983353257
