times:
  edit-metadata: 3.0964629180380143
  landing: 0.4763793319580145
  view-data: 0.24515993101522326
