times:
  edit-metadata: 1.495736826211214
  landing: 0.7953544296324253
  view-data: 3.359717160463333
