times:
  edit-metadata: 0.9597024319227785
  landing: 0.054261115146800876
  view-data: 0.19829605519771576
