times:
  edit-metadata: 1.6379546467214823
  landing: 0.02082820050418377
  view-data: 0.15017229691147804
