times:
  edit-metadata: 2.0207517482340336
  landing: 0.13416124507784843
  view-data: 0.14039083197712898
