times:
  landing: 0.5486118840000245
  view-data: 0.561133664999943
