times:
  edit-metadata: 0.8901201509870589
  landing: 0.0739662921987474
  view-data: 0.3022733968682587
