times:
  landing: 0.5534235760000001
  view-data: 0.5538559809999981
