times:
  edit-metadata: 1.5566056575626135
  landing: 0.020659422501921654
  view-data: 0.027439831756055355
