times:
  landing: 0.5495018520000201
  view-data: 0.5542125070000168
