times:
  edit-metadata: 1.4066046141088009
  landing: 0.7568297646939754
  view-data: 3.311913136392832
