times:
  landing: 1.0748199820000082
  view-data: 0.5582724979999512
