times:
  edit-metadata: 1.1007593534886837
  landing: 1.1335581205785275
  view-data: 0.6357144862413406
