times:
  edit-metadata: 2.7988718077540398
  landing: 1.4847845435142517
  view-data: 3.3362753055989742
