times:
  edit-metadata: 1.5125359427183867
  landing: 0.8079234808683395
  view-data: 3.2818020917475224
