times:
  edit-metadata: 1.5789822563529015
  landing: 0.8337378166615963
  view-data: 3.2715254426002502
