times:
  edit-metadata: 1.5978157594799995
  landing: 0.023352614603936672
  view-data: 0.02697110828012228
