times:
  landing: 0.5539019160000009
  view-data: 0.5565305040000226
