times:
  edit-metadata: 0.7031768569722772
  landing: 0.049497183004859835
  view-data: 0.20933945098659024
