times:
  edit-metadata: 1.6156399007886648
  landing: 0.1990212555974722
  view-data: 0.277791203930974
