times:
  edit-metadata: 0.6469812151044607
  landing: 0.0418414119631052
  view-data: 0.20404108706861734
