times:
  landing: 0.5529406210000047
  view-data: 0.5608149839999896
