times:
  edit-metadata: 1.3315779617987573
  landing: 0.6942225671373308
  view-data: 3.3232414489611983
