times:
  edit-metadata: 0.9204681310802698
  landing: 0.04107491998001933
  view-data: 0.19668705482035875
