times:
  edit-metadata: 1.5899333795532584
  landing: 0.02094959281384945
  view-data: 0.028240861371159554
