times:
  edit-metadata: 0.9981260392814875
  landing: 2.148182548582554
  view-data: 0.8761298879981041
