times:
  edit-metadata: 1.0161396972835064
  landing: 0.67634610645473
  view-data: 0.2300611287355423
