times:
  edit-metadata: 1.6587303280830383
  landing: 0.02089683525264263
  view-data: 0.15891967341303825
