times:
  landing: 0.5578463159999956
  view-data: 0.555045597000003
