times:
  landing: 0.5448377060000666
  view-data: 0.5540442139999868
