times:
  edit-metadata: 1.4623921513557434
  landing: 0.9438478872179985
  view-data: 3.422053501009941
