times:
  edit-metadata: 1.4770200662314892
  landing: 0.9043173491954803
  view-data: 3.3315997794270515
