times:
  edit-metadata: 1.989602793008089
  landing: 2.1965606845915318
  view-data: 3.649588108062744
