times:
  edit-metadata: 2.3941524559631944
  landing: 0.3871588623151183
  view-data: 0.5824882183223963
