times:
  edit-metadata: 1.7111940280301496
  landing: 0.8678517319494858
  view-data: 3.347128032008186
