times:
  edit-metadata: 1.432312742806971
  landing: 0.8620386230759323
  view-data: 3.308624770026654
