times:
  edit-metadata: 0.6548800077289343
  landing: 0.04452268173918128
  view-data: 0.2093214220367372
