times:
  edit-metadata: 1.5550662400200963
  landing: 0.11627462785691023
  view-data: 0.025697976350784302
