times:
  edit-metadata: 1.4899613810703158
  landing: 0.8688907967880368
  view-data: 3.3904087217524648
