times:
  landing: 0.559850522000005
  view-data: 0.5726713619999941
