times:
  edit-metadata: 1.556865006685257
  landing: 0.8013125769793987
  view-data: 3.4146544598042965
