times:
  edit-metadata: 1.0381705053150654
  landing: 0.04278072714805603
  view-data: 0.21214044466614723
