times:
  edit-metadata: 1.5885666394606233
  landing: 0.021012761630117893
  view-data: 0.11979325767606497
