times:
  edit-metadata: 1.6341317892074585
  landing: 0.02228132262825966
  view-data: 0.027289357036352158
