times:
  edit-metadata: 1.5676771262660623
  landing: 0.022057244554162025
  view-data: 0.10157190263271332
