times:
  edit-metadata: 1.5216141054406762
  landing: 0.2186237219721079
  view-data: 0.3947166493162513
