times:
  landing: 0.551008037999992
  view-data: 0.5560223129999997
