times:
  edit-metadata: 0.6511041871272027
  landing: 0.044311507139354944
  view-data: 0.2002068548463285
