times:
  edit-metadata: 1.7105772607028484
  landing: 0.9061910025775433
  view-data: 3.4379307366907597
