times:
  edit-metadata: 1.3997704833745956
  landing: 0.8717236071825027
  view-data: 3.2968922965228558
