times:
  edit-metadata: 1.4641582518815994
  landing: 1.0202214904129505
  view-data: 3.335481198504567
