times:
  edit-metadata: 0.6663266730029136
  landing: 0.052309630904346704
  view-data: 0.21544809686020017
