times:
  edit-metadata: 1.0224859789013863
  landing: 1.5187259875237942
  view-data: 0.4357497002929449
