times:
  edit-metadata: 0.6422630809247494
  landing: 0.047073209192603827
  view-data: 0.20628390880301595
