times:
  edit-metadata: 1.6083564460277557
  landing: 0.9295095093548298
  view-data: 3.622727867215872
