times:
  edit-metadata: 0.9332938371226192
  landing: 0.045510365162044764
  view-data: 0.20144220115616918
