times:
  edit-metadata: 1.7271714266389608
  landing: 0.9610029757022858
  view-data: 3.3357612751424313
