times:
  landing: 0.5544329199999822
  view-data: 0.5679900510000095
