times:
  landing: 1.0742362899999875
  view-data: 0.5606009649999919
