times:
  edit-metadata: 1.717227766290307
  landing: 0.1799899023026228
  view-data: 0.440209349617362
