times:
  edit-metadata: 2.027624689973891
  landing: 0.164344753138721
  view-data: 0.41575966496020555
