times:
  edit-metadata: 0.6453442005440593
  landing: 0.04106365330517292
  view-data: 0.21236590668559074
