times:
  edit-metadata: 1.3104593683965504
  landing: 0.8629237236455083
  view-data: 3.3127601579762995
