times:
  edit-metadata: 1.1642646454274654
  landing: 0.04944077134132385
  view-data: 0.20914026722311974
