times:
  edit-metadata: 1.3478250950574875
  landing: 0.8544509261846542
  view-data: 3.374330224469304
