times:
  edit-metadata: 0.6834826020058244
  landing: 0.07409206696320325
  view-data: 0.2156990939984098
