times:
  edit-metadata: 2.312129622325301
  landing: 1.1421048063784838
  view-data: 3.6593214087188244
