times:
  edit-metadata: 1.3779177899705246
  landing: 0.27573891897918656
  view-data: 0.31595253699924797
