times:
  edit-metadata: 0.6758727221749723
  landing: 0.06799546396359801
  view-data: 0.2218022330198437
