times:
  edit-metadata: 1.465941614471376
  landing: 0.8652730705216527
  view-data: 3.328992299735546
