times:
  edit-metadata: 1.5190273560583591
  landing: 0.8603121899068356
  view-data: 3.3248019963502884
