times:
  edit-metadata: 0.647918963804841
  landing: 0.047255231998860836
  view-data: 0.19772382592782378
