times:
  edit-metadata: 1.0575251411646605
  landing: 0.7761405352503061
  view-data: 0.19346744380891323
