times:
  edit-metadata: 0.6466480009257793
  landing: 0.05238485289737582
  view-data: 0.19917614478617907
