times:
  landing: 1.6205216090000363
  view-data: 1.0974152210000057
