times:
  landing: 0.5485330550000072
  view-data: 0.5576006029999689
