times:
  landing: 0.5707745050000312
  view-data: 0.5553115170000638
