times:
  edit-metadata: 1.4906168673187494
  landing: 0.8169831056147814
  view-data: 3.4138894639909267
