times:
  edit-metadata: 2.370519759133458
  landing: 0.025067469105124474
  view-data: 0.5376654639840126
