times:
  edit-metadata: 0.9569918001070619
  landing: 0.04905628808774054
  view-data: 0.20939276809804142
