times:
  edit-metadata: 1.3392638266086578
  landing: 0.7783463494852185
  view-data: 3.285343734547496
