times:
  edit-metadata: 1.6183696603402495
  landing: 0.020487268455326557
  view-data: 0.11757156532257795
