times:
  landing: 0.5502177119999487
  view-data: 0.5534418120000737
