times:
  edit-metadata: 1.3604971789754927
  landing: 0.8939534060191363
  view-data: 3.3139781850622967
