times:
  edit-metadata: 0.6715083529707044
  landing: 0.08618909399956465
  view-data: 0.38472065702080727
