times:
  edit-metadata: 1.5949914269149303
  landing: 0.021548716351389885
  view-data: 0.02489291410893202
