times:
  edit-metadata: 1.0658191179973073
  landing: 0.038493064988870174
  view-data: 0.20474595302948728
