times:
  edit-metadata: 1.6483197659254074
  landing: 0.12036160379648209
  view-data: 0.14389529451727867
