times:
  edit-metadata: 1.9345501959323883
  landing: 0.4365059360861778
  view-data: 0.3178131803870201
