times:
  edit-metadata: 0.6055330159142613
  landing: 0.05028727184981108
  view-data: 0.20701504219323397
