times:
  edit-metadata: 1.432117659598589
  landing: 0.9516690447926521
  view-data: 3.376449517905712
