times:
  edit-metadata: 1.6385982381179929
  landing: 0.020671584643423557
  view-data: 0.025916531682014465
