times:
  edit-metadata: 0.9870084299473092
  landing: 0.04400555707979947
  view-data: 0.20191642793361098
