times:
  edit-metadata: 1.022380881011486
  landing: 0.04637172445654869
  view-data: 0.21077661588788033
