times:
  edit-metadata: 1.4681974463164806
  landing: 0.9641168564558029
  view-data: 3.3683957755565643
