times:
  edit-metadata: 1.533121969550848
  landing: 0.903466921299696
  view-data: 3.3686447590589523
