times:
  edit-metadata: 0.96082064404618
  landing: 0.043120529036968946
  view-data: 0.21459792694076896
