times:
  edit-metadata: 1.0266662687063217
  landing: 0.04139620065689087
  view-data: 0.21435636281967163
