times:
  landing: 0.549033264000002
  view-data: 0.5557432079999671
