times:
  edit-metadata: 0.9468187249731272
  landing: 0.04206122795585543
  view-data: 0.19515600096201524
