times:
  edit-metadata: 0.8988538719713688
  landing: 1.6462575793266296
  view-data: 0.31014782935380936
