times:
  edit-metadata: 1.6204268457368016
  landing: 0.2132270960137248
  view-data: 0.026223575696349144
