times:
  edit-metadata: 1.008739959448576
  landing: 0.03977346047759056
  view-data: 0.20530594512820244
