times:
  edit-metadata: 0.786009063012898
  landing: 0.09967395290732384
  view-data: 0.24387978296726942
