times:
  edit-metadata: 1.0563476756215096
  landing: 0.8295900784432888
  view-data: 0.23711245320737362
