times:
  landing: 1.1428639389999944
  view-data: 0.5546874310000476
