times:
  edit-metadata: 1.868573248386383
  landing: 0.0268410574644804
  view-data: 0.3897040542215109
