times:
  edit-metadata: 1.067416951060295
  landing: 1.7649651449173689
  view-data: 0.41086687333881855
