times:
  landing: 1.0673831139997674
  view-data: 0.5519101560003037
