times:
  edit-metadata: 1.1105198860168457
  landing: 0.4909406118094921
  view-data: 0.32733993977308273
