times:
  edit-metadata: 1.5793190179392695
  landing: 0.023103325627744198
  view-data: 0.02966925222426653
