times:
  edit-metadata: 1.5823966655880213
  landing: 0.8197272643446922
  view-data: 3.333437666296959
