times:
  edit-metadata: 1.5479795262217522
  landing: 0.7647286131978035
  view-data: 3.3892021663486958
