times:
  edit-metadata: 0.6752428309991956
  landing: 0.04234324302524328
  view-data: 0.20554214483126998
