times:
  edit-metadata: 0.6789410710334778
  landing: 0.06416212813928723
  view-data: 0.21267000073567033
