times:
  edit-metadata: 1.340368714183569
  landing: 0.8669240213930607
  view-data: 3.314116895198822
