times:
  edit-metadata: 3.2693858314305544
  landing: 1.7607691027224064
  view-data: 3.4139797762036324
