times:
  edit-metadata: 1.1578716589137912
  landing: 0.056833041133359075
  view-data: 0.20370535901747644
