times:
  edit-metadata: 1.817332074046135
  landing: 0.02646782249212265
  view-data: 0.43756708689033985
