times:
  landing: 0.5602005800000143
  view-data: 0.5552560810000102
