times:
  edit-metadata: 2.1382573656737804
  landing: 1.1677741259336472
  view-data: 3.8716236278414726
