times:
  edit-metadata: 1.5242739748209715
  landing: 0.8363188914954662
  view-data: 3.3691481593996286
