times:
  edit-metadata: 1.6461219508200884
  landing: 0.19955047219991684
  view-data: 0.12111899442970753
