times:
  edit-metadata: 1.582037189975381
  landing: 0.14408418349921703
  view-data: 0.02787291631102562
