times:
  landing: 1.0944968340000116
  view-data: 0.5516729809999958
