times:
  edit-metadata: 1.5895548965781927
  landing: 0.16351467557251453
  view-data: 0.3103923834860325
