times:
  edit-metadata: 0.7235723650082946
  landing: 0.04972763452678919
  view-data: 0.20731705240905285
