times:
  edit-metadata: 1.4601860642433167
  landing: 0.8039186289533973
  view-data: 3.46028458699584
