times:
  edit-metadata: 0.6842097099870443
  landing: 0.07839625398628414
  view-data: 0.22099881619215012
