times:
  edit-metadata: 0.7018566359765828
  landing: 0.08473279187455773
  view-data: 0.21607574727386236
