times:
  edit-metadata: 1.642292121425271
  landing: 0.24942701309919357
  view-data: 0.3613058216869831
