times:
  edit-metadata: 0.9996554960007416
  landing: 0.052322499999718275
  view-data: 0.20889561300009518
