times:
  edit-metadata: 0.6872264528647065
  landing: 0.050959974993020296
  view-data: 0.20615005027502775
