times:
  edit-metadata: 1.4617671221494675
  landing: 0.8147813528776169
  view-data: 3.275302365422249
