times:
  edit-metadata: 1.0369644071906805
  landing: 1.6078347377479076
  view-data: 0.6318395938724279
