times:
  edit-metadata: 1.0172169096767902
  landing: 0.043645959347486496
  view-data: 0.1994514837861061
