times:
  edit-metadata: 1.559761006385088
  landing: 0.01919166836887598
  view-data: 0.024166897870600224
