times:
  edit-metadata: 0.9294275501742959
  landing: 0.046639100182801485
  view-data: 0.1997883440926671
