times:
  edit-metadata: 1.0218253880739212
  landing: 0.04827961325645447
  view-data: 0.21909326687455177
