times:
  edit-metadata: 1.6174718663096428
  landing: 0.021755460649728775
  view-data: 0.027793947607278824
