times:
  edit-metadata: 1.6080584907904267
  landing: 0.02381893713027239
  view-data: 0.13732141349464655
