times:
  landing: 0.5622698290000017
  view-data: 0.06779373100002317
