times:
  edit-metadata: 1.0655107758939266
  landing: 1.129413241520524
  view-data: 0.6083673983812332
