times:
  edit-metadata: 0.7179911280109081
  landing: 0.05340289301238954
  view-data: 0.24171645598835312
