times:
  edit-metadata: 0.9933259340468794
  landing: 0.043868151027709246
  view-data: 0.19519653008319438
