times:
  edit-metadata: 1.5084015913307667
  landing: 0.8989684171974659
  view-data: 3.3807812817394733
