times:
  edit-metadata: 1.1057150959968567
  landing: 0.6659287810325623
  view-data: 0.2050007190555334
