times:
  edit-metadata: 0.7072459636256099
  landing: 0.05439378600567579
  view-data: 0.210250043310225
