times:
  edit-metadata: 0.8877817168831825
  landing: 0.5491678360849619
  view-data: 0.3100506439805031
