times:
  edit-metadata: 1.013947581872344
  landing: 0.7036987785249949
  view-data: 0.41473212093114853
