times:
  edit-metadata: 2.0244425758719444
  landing: 1.1837866827845573
  view-data: 3.4905715622007847
