times:
  edit-metadata: 1.3192926235496998
  landing: 0.8843882484361529
  view-data: 3.2944733845070004
