times:
  edit-metadata: 0.9616760311182588
  landing: 0.04869463387876749
  view-data: 0.19710080791264772
