times:
  landing: 2.097394720000011
  view-data: 0.5504157479999776
