times:
  edit-metadata: 1.645378353074193
  landing: 0.022685479372739792
  view-data: 0.33592954836785793
