times:
  edit-metadata: 0.6288402401842177
  landing: 0.04108821181580424
  view-data: 0.2020842432975769
