times:
  edit-metadata: 2.3442933596670628
  landing: 0.24367830157279968
  view-data: 0.16293878480792046
