times:
  edit-metadata: 0.6039447109214962
  landing: 0.04320765100419521
  view-data: 0.2055258429609239
