times:
  edit-metadata: 0.6696238471195102
  landing: 0.046577783999964595
  view-data: 0.21356418705545366
