times:
  edit-metadata: 0.6755015370436013
  landing: 0.0640991348773241
  view-data: 0.3570201192051172
