times:
  edit-metadata: 0.7127129598520696
  landing: 0.0699128326959908
  view-data: 0.23645439790561795
