times:
  edit-metadata: 1.0044000074267387
  landing: 0.5694708116352558
  view-data: 0.638333048671484
