times:
  edit-metadata: 1.4728853702545166
  landing: 0.9055356681346893
  view-data: 3.297878984361887
