times:
  landing: 1.5887318439999945
  view-data: 0.5554901400000176
