times:
  edit-metadata: 1.5428658667951822
  landing: 0.8470370527356863
  view-data: 3.4053824208676815
