times:
  edit-metadata: 0.9538270430639386
  landing: 0.05181259918026626
  view-data: 0.18683411506935954
