times:
  edit-metadata: 0.6299048601649702
  landing: 0.044424432795494795
  view-data: 0.20362106524407864
