times:
  edit-metadata: 1.6771598383784294
  landing: 1.075043607968837
  view-data: 3.406140762846917
