times:
  edit-metadata: 0.7899190040043322
  landing: 0.05178024400083814
  view-data: 0.22378330898936838
