times:
  edit-metadata: 1.9239912470802665
  landing: 0.02169110532850027
  view-data: 0.02578592672944069
