times:
  edit-metadata: 0.7088215942494571
  landing: 0.044401728082448244
  view-data: 0.21840216033160686
