times:
  edit-metadata: 1.5149937868118286
  landing: 0.7864850088953972
  view-data: 3.3546469807624817
