times:
  landing: 1.1591612489999648
  view-data: 0.07640277199999446
