times:
  edit-metadata: 1.5428834725171328
  landing: 0.021635967306792736
  view-data: 0.09622696973383427
