times:
  edit-metadata: 1.4388149753212929
  landing: 0.9472232982516289
  view-data: 3.330874005332589
