times:
  edit-metadata: 0.8982079289853573
  landing: 0.07617044122889638
  view-data: 0.21501861326396465
