times:
  edit-metadata: 0.7184260070207529
  landing: 0.04940564901335165
  view-data: 0.22537336399545893
