times:
  edit-metadata: 1.621685577556491
  landing: 0.018919019028544426
  view-data: 0.3535971436649561
