times:
  edit-metadata: 0.7618947370210662
  landing: 0.04868134198477492
  view-data: 0.2206502350163646
