times:
  edit-metadata: 1.377251940779388
  landing: 0.8524331990629435
  view-data: 3.374122745357454
