times:
  edit-metadata: 1.358091115951538
  landing: 0.9304209724068642
  view-data: 3.415195271372795
