times:
  edit-metadata: 0.6936489988584071
  landing: 0.061474686954170465
  view-data: 0.251845289953053
