times:
  edit-metadata: 1.5083592794835567
  landing: 0.9463973194360733
  view-data: 3.3271456733345985
