times:
  edit-metadata: 0.7073971168138087
  landing: 0.05045504169538617
  view-data: 0.21566325426101685
