times:
  edit-metadata: 1.2797463848255575
  landing: 0.8313613780774176
  view-data: 3.2792261741124094
