times:
  landing: 0.5825956390000329
  view-data: 0.5590830449999658
