times:
  edit-metadata: 1.6137804854661226
  landing: 0.022937961854040623
  view-data: 0.025016481056809425
