times:
  edit-metadata: 0.697677070973441
  landing: 0.058339633978903294
  view-data: 0.21289027901366353
