times:
  edit-metadata: 0.6356062348932028
  landing: 0.04689825791865587
  view-data: 0.215562941506505
