times:
  edit-metadata: 1.5611767321825027
  landing: 0.9269890710711479
  view-data: 3.2959973327815533
