times:
  edit-metadata: 0.9743096509482712
  landing: 0.04512936598621309
  view-data: 0.23856445401906967
