times:
  edit-metadata: 1.5636983383446932
  landing: 0.2052958058193326
  view-data: 0.38926466926932335
