times:
  edit-metadata: 1.2625711038708687
  landing: 0.8339497987180948
  view-data: 3.319849068298936
