times:
  edit-metadata: 1.6243064515292645
  landing: 1.1204822026193142
  view-data: 3.4142179377377033
