times:
  edit-metadata: 0.867948904633522
  landing: 0.7917458452284336
  view-data: 0.2558042276650667
