times:
  edit-metadata: 1.6664793659001589
  landing: 0.2059125229716301
  view-data: 0.026468154042959213
