times:
  edit-metadata: 1.4207691699266434
  landing: 1.029693827033043
  view-data: 3.356820747256279
