times:
  edit-metadata: 1.4951216541230679
  landing: 0.8306793887168169
  view-data: 3.2790233502164483
