times:
  edit-metadata: 0.6710065752267838
  landing: 0.05411976855248213
  view-data: 0.2130870707333088
