times:
  edit-metadata: 0.655475172912702
  landing: 0.08818591898307204
  view-data: 0.2335369389038533
