times:
  edit-metadata: 1.215126134455204
  landing: 0.9962584879249334
  view-data: 0.2280199807137251
