times:
  edit-metadata: 0.795162866008468
  landing: 0.10301535303005949
  view-data: 0.2571852109977044
