times:
  edit-metadata: 1.3572611659765244
  landing: 0.9559673890471458
  view-data: 3.3348900638520718
