times:
  edit-metadata: 1.5882909363135695
  landing: 0.020717957988381386
  view-data: 0.025319496169686317
