times:
  edit-metadata: 0.7554380819201469
  landing: 0.18586880201473832
  view-data: 0.3004424227401614
