times:
  landing: 1.5833050869999852
  view-data: 0.5625912929999686
