times:
  edit-metadata: 0.6943887260276824
  landing: 0.055052528041414917
  view-data: 0.21731639897916466
