times:
  edit-metadata: 2.304675875999237
  landing: 0.04285566100224969
  view-data: 0.03656482699807384
