times:
  edit-metadata: 1.9524250160902739
  landing: 0.02234062273055315
  view-data: 0.05777594540268183
