times:
  edit-metadata: 1.3812229577451944
  landing: 0.9658798109740019
  view-data: 3.452891044318676
