times:
  landing: 0.543137841999993
  view-data: 0.549257990000001
