times:
  edit-metadata: 0.678286143578589
  landing: 0.04163601528853178
  view-data: 0.20101815927773714
