times:
  edit-metadata: 1.634101241827011
  landing: 0.1172585729509592
  view-data: 0.11859915778040886
