times:
  edit-metadata: 0.6469195606186986
  landing: 0.044720293022692204
  view-data: 0.21158459596335888
