times:
  edit-metadata: 0.6815805910155177
  landing: 0.052067090990021825
  view-data: 0.21528151002712548
