times:
  edit-metadata: 1.1029235070454888
  landing: 0.062152917962521315
  view-data: 0.21364289696794003
