times:
  edit-metadata: 1.6213834416121244
  landing: 0.021283342503011227
  view-data: 0.12141935061663389
