times:
  edit-metadata: 0.9329218892380595
  landing: 0.04397438699379563
  view-data: 0.20575214689597487
