times:
  edit-metadata: 0.7604335327632725
  landing: 0.1417681509628892
  view-data: 0.2716109547764063
