times:
  edit-metadata: 1.5997856464236975
  landing: 0.021677719429135323
  view-data: 0.026085253804922104
