times:
  edit-metadata: 1.013056993484497
  landing: 0.04718693718314171
  view-data: 0.21516165882349014
