times:
  edit-metadata: 2.4062476977705956
  landing: 0.9918108247220516
  view-data: 3.894847098737955
