times:
  edit-metadata: 0.9385885060182773
  landing: 0.03898944100365043
  view-data: 0.19916484400164336
