times:
  edit-metadata: 1.0308799557387829
  landing: 0.04469998553395271
  view-data: 0.20806024968624115
