times:
  edit-metadata: 0.629897243808955
  landing: 0.054227287881076336
  view-data: 0.2049179757013917
