times:
  landing: 1.0729057299999738
  view-data: 0.5630098340000131
