times:
  edit-metadata: 1.4843489974737167
  landing: 0.7768470644950867
  view-data: 3.2796140536665916
