times:
  landing: 1.0699036320000346
  view-data: 0.5564386909999826
