times:
  edit-metadata: 0.9835561000509188
  landing: 0.03750187798868865
  view-data: 0.21864105598069727
