times:
  edit-metadata: 0.797557860147208
  landing: 0.08054714510217309
  view-data: 0.2311141649261117
