times:
  edit-metadata: 1.261759857647121
  landing: 0.8147540879435837
  view-data: 3.3734452361240983
