times:
  edit-metadata: 0.6564486250281334
  landing: 0.04926834721118212
  view-data: 0.20479378709569573
