times:
  edit-metadata: 1.317259058356285
  landing: 0.9507761299610138
  view-data: 3.3144998103380203
