times:
  landing: 1.050820532022044
  view-data: 0.5422532821539789
