times:
  landing: 0.5588512270001047
  view-data: 0.5637828639999043
