times:
  edit-metadata: 0.9523092061281204
  landing: 0.04483058163896203
  view-data: 0.3278090888634324
