times:
  edit-metadata: 1.0525931753218174
  landing: 0.36725584231317043
  view-data: 0.20665139704942703
