times:
  landing: 0.5427765020000379
  view-data: 0.5455950379999877
