times:
  edit-metadata: 1.5278437547385693
  landing: 0.8087885212153196
  view-data: 3.3467935509979725
