times:
  edit-metadata: 1.0391192380338907
  landing: 1.1245608478784561
  view-data: 0.6090127397328615
