times:
  edit-metadata: 1.3853226946666837
  landing: 0.8533621891401708
  view-data: 3.3581288526766
