times:
  edit-metadata: 0.9687606189399958
  landing: 0.05438479804433882
  view-data: 0.20578673598356545
