times:
  landing: 0.5590709319999974
  view-data: 0.5559012190000203
