times:
  edit-metadata: 1.527346309274435
  landing: 0.7682358026504517
  view-data: 3.279180057346821
