times:
  edit-metadata: 1.3421316519379616
  landing: 0.770215917378664
  view-data: 3.362114693969488
