times:
  edit-metadata: 1.4694437347352505
  landing: 0.9350407980382442
  view-data: 3.33959211781621
