times:
  edit-metadata: 2.9057588456198573
  landing: 2.240816446952522
  view-data: 3.5975607773289084
