times:
  edit-metadata: 1.611202416010201
  landing: 0.019884882494807243
  view-data: 0.026620348915457726
