times:
  landing: 1.0736044090000405
  view-data: 0.5578363409999838
