times:
  landing: 0.5698038549999751
  view-data: 0.5581678140000008
