times:
  edit-metadata: 2.0116866305470467
  landing: 0.16902806237339973
  view-data: 0.3755353447049856
