times:
  edit-metadata: 0.6708038039505482
  landing: 0.04857555124908686
  view-data: 0.20299925096333027
