times:
  edit-metadata: 1.6269206777215004
  landing: 0.02042495831847191
  view-data: 0.31858800165355206
