times:
  edit-metadata: 1.3871626937761903
  landing: 0.9154279278591275
  view-data: 3.400326198898256
