times:
  edit-metadata: 1.4125536680221558
  landing: 0.9537203796207905
  view-data: 3.335745930671692
