times:
  edit-metadata: 0.6408490259200335
  landing: 0.04788042325526476
  view-data: 0.20449670404195786
