times:
  edit-metadata: 2.244881998747587
  landing: 1.1522505972534418
  view-data: 3.6930334120988846
