times:
  edit-metadata: 1.3686049471143633
  landing: 0.8965100089553744
  view-data: 3.352695270907134
