times:
  edit-metadata: 0.9569202261045575
  landing: 0.052004565950483084
  view-data: 0.19792425679042935
