times:
  edit-metadata: 1.565586717799306
  landing: 0.02175362128764391
  view-data: 0.40812533907592297
