times:
  edit-metadata: 0.6895738234743476
  landing: 0.040336367674171925
  view-data: 0.21193232666701078
