times:
  edit-metadata: 0.705319311004132
  landing: 0.06922570010647178
  view-data: 0.21675191773101687
