times:
  edit-metadata: 1.4652353409910575
  landing: 0.11618442903272808
  view-data: 0.2679591809865087
