times:
  edit-metadata: 1.0338074713945389
  landing: 0.04978856071829796
  view-data: 0.212190680205822
