times:
  edit-metadata: 0.9450574750080705
  landing: 0.04851441993378103
  view-data: 0.19725825218483806
