times:
  edit-metadata: 1.0721297208219767
  landing: 0.5875263791531324
  view-data: 0.3268964346498251
