times:
  edit-metadata: 0.7075803610496223
  landing: 0.07645482430234551
  view-data: 0.245272952131927
