times:
  edit-metadata: 1.5649875588715076
  landing: 0.8457516133785248
  view-data: 3.3582396283745766
