times:
  landing: 1.0754740400000173
  view-data: 0.5589565920000155
