times:
  edit-metadata: 1.536155678331852
  landing: 0.8008016645908356
  view-data: 3.3168912325054407
