times:
  edit-metadata: 0.7448666790733114
  landing: 0.08568260807078332
  view-data: 0.23981374001596123
