times:
  edit-metadata: 1.5859180307015777
  landing: 0.023085887543857098
  view-data: 0.11950620263814926
