times:
  edit-metadata: 1.4267714768648148
  landing: 0.9188307821750641
  view-data: 3.379034247249365
