times:
  edit-metadata: 0.9099227000260726
  landing: 0.04312085601850413
  view-data: 0.20061732598696835
