times:
  edit-metadata: 0.7349711582064629
  landing: 0.05488069728016853
  view-data: 0.21687278244644403
