times:
  edit-metadata: 1.081761460751295
  landing: 0.04214593768119812
  view-data: 0.1993369497358799
