times:
  edit-metadata: 1.7155639585107565
  landing: 0.17399836517870426
  view-data: 0.024415595456957817
