times:
  edit-metadata: 0.6398565801791847
  landing: 0.04869437078014016
  view-data: 0.21506933914497495
