times:
  edit-metadata: 1.56507789157331
  landing: 0.01983828004449606
  view-data: 0.1201782925054431
