times:
  edit-metadata: 1.8777562025934458
  landing: 0.8507387824356556
  view-data: 3.5852217245846987
