times:
  landing: 0.5591020079998543
  view-data: 0.5524712070000533
