times:
  edit-metadata: 1.6633764915168285
  landing: 0.025800777599215508
  view-data: 0.32202813774347305
