times:
  edit-metadata: 0.9669652080046944
  landing: 0.038869977986905724
  view-data: 0.20539192197611555
