times:
  edit-metadata: 1.6784993940964341
  landing: 0.021199973300099373
  view-data: 0.027552422136068344
