times:
  edit-metadata: 1.797526115551591
  landing: 1.2242569457739592
  view-data: 3.3199968468397856
