times:
  landing: 0.5551544090000107
  view-data: 0.5605911460000073
