times:
  landing: 1.0735268640000015
  view-data: 0.5580348500000127
