times:
  edit-metadata: 0.6951426700106822
  landing: 0.04990880697732791
  view-data: 0.2536890910123475
