times:
  landing: 0.5549622669998371
  view-data: 0.5559194169998136
