times:
  landing: 1.0732061930000327
  view-data: 0.566827088000025
