times:
  edit-metadata: 1.026004869490862
  landing: 0.052021678537130356
  view-data: 0.20775965973734856
