times:
  edit-metadata: 1.0001257006078959
  landing: 0.05068613728508353
  view-data: 0.20474134478718042
