times:
  edit-metadata: 0.7218408971093595
  landing: 0.05455980123952031
  view-data: 0.21599867241457105
