times:
  landing: 0.5513085930000159
  view-data: 0.5576630609999995
