times:
  edit-metadata: 0.6694922028109431
  landing: 0.053088846150785685
  view-data: 0.21561275515705347
