times:
  edit-metadata: 0.8787937425076962
  landing: 0.8711166437715292
  view-data: 0.23116988502442837
