times:
  edit-metadata: 1.6462404541671276
  landing: 0.13776650466024876
  view-data: 0.2924331072717905
