times:
  edit-metadata: 1.3601518049836159
  landing: 0.8950536586344242
  view-data: 3.349481450393796
