times:
  edit-metadata: 1.5165847931057215
  landing: 0.7745834644883871
  view-data: 3.3152330853044987
