times:
  edit-metadata: 0.6407389659434557
  landing: 0.04590765107423067
  view-data: 0.20595145411789417
