times:
  edit-metadata: 1.3800225649029016
  landing: 0.75564138405025
  view-data: 3.3950645001605153
