times:
  landing: 0.5593442720000041
  view-data: 0.5620917880000036
