times:
  landing: 1.0767123179999771
  view-data: 0.5584619879999764
