times:
  edit-metadata: 1.0339122097939253
  landing: 0.8192820176482201
  view-data: 0.3300961721688509
