times:
  edit-metadata: 1.0252686077728868
  landing: 0.049043660052120686
  view-data: 0.20618113176897168
