times:
  edit-metadata: 0.9136869190260768
  landing: 0.041056287940591574
  view-data: 0.1988243767991662
