times:
  edit-metadata: 1.724304884672165
  landing: 0.15217263624072075
  view-data: 0.4727569855749607
