times:
  edit-metadata: 0.6913866540417075
  landing: 0.04923263471573591
  view-data: 0.22665372490882874
