times:
  edit-metadata: 0.9374899950344115
  landing: 0.043303039972670376
  view-data: 0.19880960998125374
