times:
  edit-metadata: 1.5829535303637385
  landing: 0.21543367486447096
  view-data: 0.12530117575079203
