times:
  edit-metadata: 1.0455936379730701
  landing: 0.9352916795760393
  view-data: 0.1945110484957695
