times:
  landing: 1.1313925979999908
  view-data: 0.5559817909999651
