times:
  edit-metadata: 2.718955060467124
  landing: 0.05382278189063072
  view-data: 0.05648018606007099
