times:
  landing: 1.0661522240000068
  view-data: 0.5509440879999943
