times:
  edit-metadata: 1.0658439230173826
  landing: 0.8807803466916084
  view-data: 0.2047566119581461
