times:
  edit-metadata: 0.6838827393949032
  landing: 0.044917949475347996
  view-data: 0.21025421656668186
