times:
  edit-metadata: 1.5884973350912333
  landing: 0.8250500112771988
  view-data: 3.392296666279435
