times:
  edit-metadata: 0.9318524599075317
  landing: 0.044568887911736965
  view-data: 0.1977046150714159
