times:
  landing: 1.133939130000016
  view-data: 0.5557285369999931
