times:
  landing: 1.590944597999993
  view-data: 0.5516732380000064
