times:
  edit-metadata: 0.818470829166472
  landing: 0.07368978997692466
  view-data: 0.3090257099829614
