times:
  landing: 0.5526165600000468
  view-data: 0.5579400830000054
