times:
  edit-metadata: 1.4005064405500889
  landing: 0.8032187707722187
  view-data: 3.40307230502367
