times:
  edit-metadata: 1.527631863951683
  landing: 1.0167171284556389
  view-data: 3.432415544986725
