times:
  edit-metadata: 1.6154623609036207
  landing: 0.13451161980628967
  view-data: 0.3092930596321821
