times:
  edit-metadata: 1.5234252847731113
  landing: 0.8109870199114084
  view-data: 3.3893806599080563
