times:
  edit-metadata: 0.9384532698895782
  landing: 0.05067722103558481
  view-data: 0.19649011199362576
