times:
  edit-metadata: 1.6613277047872543
  landing: 0.985470287501812
  view-data: 3.4033670015633106
