times:
  edit-metadata: 1.5919687375426292
  landing: 0.1928392443805933
  view-data: 0.02545449323952198
