times:
  edit-metadata: 0.915165664977394
  landing: 0.041125035961158574
  view-data: 0.20602465304546058
