times:
  edit-metadata: 0.6664401290472597
  landing: 0.053251057863235474
  view-data: 0.2183222840540111
