times:
  edit-metadata: 1.023826215416193
  landing: 0.047592852264642715
  view-data: 0.20877985656261444
