times:
  edit-metadata: 1.4035340957343578
  landing: 0.8826575204730034
  view-data: 3.301797889173031
