times:
  edit-metadata: 1.5733561515808105
  landing: 0.022711490280926228
  view-data: 0.21922699827700853
