times:
  landing: 0.5418540929999835
  view-data: 0.5441171109999914
