times:
  edit-metadata: 1.7961136847734451
  landing: 0.3299979828298092
  view-data: 0.16572371311485767
