times:
  landing: 0.5515895980000209
  view-data: 0.5641882160000193
