times:
  edit-metadata: 0.9358121040277183
  landing: 0.04536501271650195
  view-data: 0.20833625504747033
