times:
  edit-metadata: 1.4395260140299797
  landing: 0.8172267973423004
  view-data: 3.4071438275277615
