times:
  edit-metadata: 1.5673932814970613
  landing: 0.1515427716076374
  view-data: 0.1963949277997017
