times:
  edit-metadata: 1.7888926174491644
  landing: 0.20653606951236725
  view-data: 0.10754694044589996
