times:
  edit-metadata: 1.032261736690998
  landing: 0.041613634675741196
  view-data: 0.21621913090348244
