times:
  landing: 0.5597539270000027
  view-data: 0.0547032999999999
