times:
  edit-metadata: 1.0502631769049913
  landing: 0.054029848892241716
  view-data: 0.20285358396358788
