times:
  edit-metadata: 1.761544513516128
  landing: 0.02097100019454956
  view-data: 0.46099760103970766
