times:
  edit-metadata: 1.508634578436613
  landing: 0.8325406666845083
  view-data: 3.395424509420991
