times:
  landing: 0.5509948049999878
  view-data: 0.5609701719999975
