times:
  edit-metadata: 1.5408640075474977
  landing: 0.7737892996519804
  view-data: 3.347078448161483
