times:
  edit-metadata: 0.6895930208265781
  landing: 0.04372013593092561
  view-data: 0.2236787499859929
