times:
  edit-metadata: 1.3661688738502562
  landing: 0.8327660402283072
  view-data: 3.2694224203005433
