times:
  edit-metadata: 1.5651755928993225
  landing: 0.1985738044604659
  view-data: 0.024553393945097923
