times:
  edit-metadata: 1.8030704036355019
  landing: 0.2337862327694893
  view-data: 0.11057653278112411
