times:
  landing: 1.1140464880000422
  view-data: 0.5514321179999797
