times:
  edit-metadata: 0.6806034417822957
  landing: 0.05259104212746024
  view-data: 0.23149692500010133
