times:
  edit-metadata: 1.4011310338974
  landing: 0.8126627020537853
  view-data: 3.3524263612926006
