times:
  edit-metadata: 0.7909891591407359
  landing: 0.07682253606617451
  view-data: 0.22257940005511045
