times:
  edit-metadata: 0.9536916009965353
  landing: 0.0512132820149418
  view-data: 0.19488409301266074
