times:
  edit-metadata: 1.8030742146074772
  landing: 0.1402177531272173
  view-data: 0.03034258261322975
