times:
  landing: 1.0612172420001116
  view-data: 0.5446299919999547
