times:
  edit-metadata: 1.4273771485313773
  landing: 0.9385239044204354
  view-data: 3.322286325506866
