times:
  edit-metadata: 0.7289152429439127
  landing: 0.07432993268594146
  view-data: 0.2255349331535399
