times:
  landing: 0.5573520369999869
  view-data: 0.5625167040000179
