times:
  edit-metadata: 1.0442871153354645
  landing: 0.6215234566479921
  view-data: 0.18894478306174278
