times:
  edit-metadata: 1.590061130002141
  landing: 0.1893620602786541
  view-data: 0.11383798718452454
