times:
  edit-metadata: 0.6477805762551725
  landing: 0.04857412492856383
  view-data: 0.2065383568406105
