times:
  edit-metadata: 1.458374135196209
  landing: 0.8808456361293793
  view-data: 3.3434260226786137
