times:
  edit-metadata: 0.9632046119659208
  landing: 0.04185437603155151
  view-data: 0.20838935003848746
