times:
  edit-metadata: 1.0807380005717278
  landing: 1.003274168819189
  view-data: 0.4365771245211363
