times:
  edit-metadata: 1.3513849303126335
  landing: 0.9911283068358898
  view-data: 3.348076216876507
