times:
  edit-metadata: 1.1006383635103703
  landing: 0.7450883276760578
  view-data: 0.2020311038941145
