times:
  edit-metadata: 1.7994704991579056
  landing: 1.2285623624920845
  view-data: 3.407633278518915
