times:
  edit-metadata: 0.6622364232316613
  landing: 0.05509798228740692
  view-data: 0.20676648803055286
