times:
  edit-metadata: 3.1639923993498087
  landing: 1.730771697126329
  view-data: 3.4885370237752795
