times:
  landing: 0.5623904980000134
  view-data: 0.5570197509999844
