times:
  landing: 0.5500538160000019
  view-data: 0.5590071969999997
