times:
  landing: 0.5654391180000005
  view-data: 0.5585143230000256
