times:
  edit-metadata: 1.0720281414687634
  landing: 0.6859955694526434
  view-data: 0.22073335945606232
