times:
  edit-metadata: 1.5408838093280792
  landing: 0.7233867160975933
  view-data: 3.2789774239063263
