times:
  edit-metadata: 0.7259718360146508
  landing: 0.06574630900286138
  view-data: 0.21435545105487108
