times:
  edit-metadata: 1.6076002130284905
  landing: 0.019614188000559807
  view-data: 0.025751769542694092
