times:
  edit-metadata: 1.3257739897817373
  landing: 0.7990658711642027
  view-data: 3.421020235866308
