times:
  edit-metadata: 1.4274016860872507
  landing: 0.9332552636042237
  view-data: 3.339410030283034
