times:
  edit-metadata: 0.8313969988375902
  landing: 0.6290925648063421
  view-data: 0.22412663511931896
