times:
  edit-metadata: 1.6953839380294085
  landing: 0.1962726805359125
  view-data: 0.4281312469393015
