times:
  edit-metadata: 0.6956767197698355
  landing: 0.053352265153080225
  view-data: 0.22203153371810913
