times:
  landing: 0.5505717110000319
  view-data: 0.5487988900000005
