times:
  edit-metadata: 0.9546741439990001
  landing: 0.038907648995518684
  view-data: 0.197967714004335
