times:
  edit-metadata: 1.6392134204506874
  landing: 0.7905093356966972
  view-data: 3.4226386230438948
