times:
  landing: 1.0629748989999825
  view-data: 0.5502185640000334
