times:
  edit-metadata: 1.6818826738744974
  landing: 0.23226829059422016
  view-data: 0.38088473677635193
