times:
  edit-metadata: 0.9604663869831711
  landing: 0.07303369883447886
  view-data: 0.20753289596177638
