times:
  edit-metadata: 0.7562699199770577
  landing: 0.10241391800809652
  view-data: 0.37043450999772176
