times:
  edit-metadata: 1.5650057904422283
  landing: 1.3408008366823196
  view-data: 3.341186087578535
