times:
  edit-metadata: 1.418988241814077
  landing: 0.6963194301351905
  view-data: 3.2741535087116063
