times:
  edit-metadata: 1.643735133111477
  landing: 0.01955733634531498
  view-data: 0.29491197504103184
