times:
  edit-metadata: 2.058937725611031
  landing: 0.34738757461309433
  view-data: 0.4032242810353637
