times:
  edit-metadata: 0.8989303009584546
  landing: 0.04883719905046746
  view-data: 0.20759197900770232
