times:
  landing: 0.5496665050000047
  view-data: 0.5526365079999778
