times:
  edit-metadata: 0.6446056871209294
  landing: 0.048090143129229546
  view-data: 0.21205020509660244
