times:
  landing: 1.083221447000028
  view-data: 0.5651515119999999
