times:
  landing: 0.5606173749999925
  view-data: 0.5636002249999876
