times:
  landing: 0.5488680639999757
  view-data: 0.5540211189999695
