times:
  edit-metadata: 1.5415916331112385
  landing: 0.9398110210895538
  view-data: 3.363722048699856
