times:
  edit-metadata: 0.6748877763748169
  landing: 0.05010273586958647
  view-data: 0.21308557502925396
