times:
  landing: 0.5494339260000061
  view-data: 0.557742157000007
