times:
  landing: 0.5577920469999071
  view-data: 0.5560690840000007
