times:
  edit-metadata: 2.1134917493909597
  landing: 1.4180746292695403
  view-data: 3.3725079628638923
