times:
  edit-metadata: 1.6107762344181538
  landing: 0.022580021061003208
  view-data: 0.024979377165436745
