times:
  edit-metadata: 1.3294379110448062
  landing: 0.7317012418061495
  view-data: 3.3017458319664
