times:
  edit-metadata: 0.8388330042362213
  landing: 0.5288659259676933
  view-data: 0.319949209690094
