times:
  edit-metadata: 1.568848223425448
  landing: 0.02190887276083231
  view-data: 0.128947040066123
