times:
  edit-metadata: 1.0171207357198
  landing: 0.5991765409708023
  view-data: 0.6372254081070423
