times:
  edit-metadata: 2.455435970798135
  landing: 1.6022853590548038
  view-data: 3.6317501962184906
