times:
  edit-metadata: 0.6168460110202432
  landing: 0.047770540695637465
  view-data: 0.20923437224701047
