times:
  landing: 0.5571385860000078
  view-data: 0.5616377789999945
