times:
  landing: 1.0726983830001018
  view-data: 0.5589922159999787
