times:
  edit-metadata: 1.59953342564404
  landing: 0.021171129308640957
  view-data: 0.026640500873327255
