times:
  edit-metadata: 1.59389878064394
  landing: 0.1541575165465474
  view-data: 0.12104704231023788
