times:
  edit-metadata: 0.7901343860139605
  landing: 0.07295960999908857
  view-data: 0.2520601350115612
