times:
  edit-metadata: 0.9176863022148609
  landing: 0.0416580350138247
  view-data: 0.20172953698784113
