times:
  edit-metadata: 0.9476259450311773
  landing: 0.045578129997011274
  view-data: 0.216853073972743
