times:
  edit-metadata: 1.291259385000103
  landing: 0.07808429599981537
  view-data: 0.2900087620000704
