times:
  edit-metadata: 0.6758992346003652
  landing: 0.04522653482854366
  view-data: 0.21702390536665916
