times:
  landing: 0.5490001690000099
  view-data: 0.555372785000003
