times:
  edit-metadata: 1.639995870180428
  landing: 0.021146604791283607
  view-data: 0.024076719768345356
