times:
  edit-metadata: 0.7289186699781567
  landing: 0.0624146310146898
  view-data: 0.25764873705338687
