times:
  edit-metadata: 2.324157515540719
  landing: 1.3322262028232217
  view-data: 3.717282310128212
