times:
  edit-metadata: 1.5628799488767982
  landing: 0.021548216231167316
  view-data: 0.12109990417957306
