times:
  edit-metadata: 1.5669465409591794
  landing: 0.01963528897613287
  view-data: 0.432025077752769
