times:
  edit-metadata: 1.5852543842047453
  landing: 0.859227292239666
  view-data: 3.342709871008992
