times:
  landing: 0.5524871830000109
  view-data: 0.5580319970000005
