times:
  landing: 0.5534523310000168
  view-data: 0.5612042800000268
