times:
  edit-metadata: 1.0510648749768734
  landing: 0.053479813039302826
  view-data: 0.21065928041934967
