times:
  edit-metadata: 1.5355457998812199
  landing: 0.7649552263319492
  view-data: 3.313808873295784
