times:
  edit-metadata: 1.0217126291245222
  landing: 1.0826768800616264
  view-data: 0.6647792607545853
