times:
  edit-metadata: 1.6384106930345297
  landing: 0.19807262904942036
  view-data: 0.0227836761623621
