times:
  edit-metadata: 2.0408772211521864
  landing: 0.03044915944337845
  view-data: 0.04956119507551193
