times:
  edit-metadata: 1.4687680788338184
  landing: 0.873726524412632
  view-data: 3.34704377874732
