times:
  edit-metadata: 1.4449298083782196
  landing: 0.9037864692509174
  view-data: 3.3580786734819412
