times:
  landing: 0.5594598769999948
  view-data: 0.5601394130000017
