times:
  edit-metadata: 0.6660056149121374
  landing: 0.0540142881218344
  view-data: 0.21233822195790708
