times:
  landing: 0.55002989999997
  view-data: 0.5550847700000077
