times:
  edit-metadata: 0.9754747822880745
  landing: 0.04431160166859627
  view-data: 0.214319359511137
