times:
  edit-metadata: 1.2781798150390387
  landing: 0.7952110031619668
  view-data: 3.379867147654295
