times:
  landing: 0.553922239000002
  view-data: 0.5604598259999989
