times:
  edit-metadata: 0.9647912071086466
  landing: 0.048303970135748386
  view-data: 0.1995069058611989
