times:
  edit-metadata: 1.5853779762983322
  landing: 0.21843400038778782
  view-data: 0.3487942833453417
