times:
  edit-metadata: 0.9986955120693892
  landing: 0.04981878900434822
  view-data: 0.1958336979150772
