times:
  edit-metadata: 0.9392002429813147
  landing: 0.05333056300878525
  view-data: 0.1963351760059595
