times:
  edit-metadata: 1.5160313984379172
  landing: 1.0019817287102342
  view-data: 3.5144786750897765
