times:
  edit-metadata: 0.7071201400831342
  landing: 0.04617283400148153
  view-data: 0.24106931779533625
