times:
  edit-metadata: 0.6828466737642884
  landing: 0.047819215804338455
  view-data: 0.20538563653826714
