times:
  landing: 1.0850935230000118
  view-data: 0.5574702509999838
