times:
  edit-metadata: 1.695110386237502
  landing: 0.2353045530617237
  view-data: 0.02498033456504345
