times:
  edit-metadata: 1.051215996965766
  landing: 1.3105096109211445
  view-data: 0.5377268362790346
