times:
  edit-metadata: 2.2448255140334368
  landing: 1.22128239646554
  view-data: 3.49152453802526
