times:
  edit-metadata: 1.8508921954780817
  landing: 0.020835453644394875
  view-data: 0.346944447606802
