times:
  edit-metadata: 0.6852521430701017
  landing: 0.0741105661727488
  view-data: 0.21752025606110692
