times:
  edit-metadata: 1.034350175410509
  landing: 1.2724626045674086
  view-data: 0.6015476938337088
