times:
  edit-metadata: 0.6428421707823873
  landing: 0.04882264323532581
  view-data: 0.2133571058511734
