times:
  edit-metadata: 2.9159707613289356
  landing: 1.2788668982684612
  view-data: 3.5429966934025288
