times:
  edit-metadata: 1.2724846107885242
  landing: 0.8038468565791845
  view-data: 3.306143649853766
