times:
  edit-metadata: 1.5363303069025278
  landing: 0.02064377348870039
  view-data: 0.11913080606609583
