times:
  edit-metadata: 1.5645003505051136
  landing: 0.022244039922952652
  view-data: 0.104039098136127
