times:
  edit-metadata: 0.6866199201904237
  landing: 0.07579142786562443
  view-data: 0.21428776998072863
