times:
  edit-metadata: 1.5981433000415564
  landing: 0.02181322779506445
  view-data: 0.02622152306139469
