times:
  edit-metadata: 0.7017426450038329
  landing: 0.049931628978811204
  view-data: 0.21467700798530132
