times:
  edit-metadata: 1.4871523007750511
  landing: 0.79113451205194
  view-data: 4.5206245090812445
