times:
  edit-metadata: 1.0083265339490026
  landing: 0.04413153510540724
  view-data: 0.19941412308253348
