times:
  edit-metadata: 0.9562950008548796
  landing: 0.06273730797693133
  view-data: 0.19681529491208494
