times:
  edit-metadata: 0.6963341860100627
  landing: 0.052681369008496404
  view-data: 0.23270251881331205
