times:
  landing: 1.0769541090000416
  view-data: 0.5613756149999745
