times:
  landing: 1.071789406000022
  view-data: 0.5662412989999552
