times:
  edit-metadata: 1.9630324244499207
  landing: 0.2967590466141701
  view-data: 0.37940162792801857
