times:
  edit-metadata: 0.7177807851694524
  landing: 0.05322272889316082
  view-data: 0.2332627158612013
