times:
  edit-metadata: 1.3303665730636567
  landing: 0.8526950371451676
  view-data: 3.2773591040167958
