times:
  edit-metadata: 1.6138737481087446
  landing: 0.18725735787302256
  view-data: 0.023661771789193153
