times:
  landing: 0.5567723199999932
  view-data: 0.5542166010000074
