times:
  edit-metadata: 1.5019017364829779
  landing: 0.8276402577757835
  view-data: 3.417994551360607
