times:
  edit-metadata: 2.6917613446712494
  landing: 2.53448074683547
  view-data: 3.7795199044048786
