times:
  edit-metadata: 0.733346797991544
  landing: 0.07098794495686889
  view-data: 0.22164497198536992
