times:
  edit-metadata: 1.598490983247757
  landing: 0.021750954911112785
  view-data: 0.30582972429692745
