times:
  edit-metadata: 1.5341895129531622
  landing: 0.021265681833028793
  view-data: 0.2877682615071535
