times:
  edit-metadata: 1.619300707243383
  landing: 0.023052397184073925
  view-data: 0.025143485516309738
