times:
  edit-metadata: 1.4453781032934785
  landing: 0.805091168731451
  view-data: 3.4195730462670326
