times:
  edit-metadata: 0.9083560879807919
  landing: 0.03955110500101
  view-data: 0.19556253403425217
