times:
  edit-metadata: 0.7132738307118416
  landing: 0.04695142898708582
  view-data: 0.2197908302769065
