times:
  edit-metadata: 1.0653507020324469
  landing: 0.6246106848120689
  view-data: 0.20673194155097008
