times:
  edit-metadata: 0.9297226069029421
  landing: 0.04495127801783383
  view-data: 0.19704237999394536
