times:
  edit-metadata: 0.7729035269876476
  landing: 0.062139948015101254
  view-data: 0.22180700799799524
