times:
  edit-metadata: 0.7406938620260917
  landing: 0.0595124060055241
  view-data: 0.22944649902638048
