times:
  edit-metadata: 1.588105408474803
  landing: 0.022593414410948753
  view-data: 0.024671757593750954
