times:
  edit-metadata: 1.1707433946430683
  landing: 0.4518158622086048
  view-data: 0.20606593042612076
