times:
  edit-metadata: 0.6246446301229298
  landing: 0.04612854914739728
  view-data: 0.20759424613788724
