times:
  edit-metadata: 1.5404212288558483
  landing: 0.8249116949737072
  view-data: 3.320828288793564
