times:
  edit-metadata: 1.1204769629985094
  landing: 0.05930003337562084
  view-data: 0.20785007253289223
