times:
  edit-metadata: 1.9893567487597466
  landing: 1.4661395512521267
  view-data: 3.435513734817505
