times:
  edit-metadata: 0.8400808963924646
  landing: 1.4985949788242579
  view-data: 0.5678398590534925
