times:
  edit-metadata: 1.5086451396346092
  landing: 0.9809632077813148
  view-data: 3.3451375104486942
