times:
  edit-metadata: 1.5918579418212175
  landing: 0.19583860225975513
  view-data: 0.14486842043697834
