times:
  edit-metadata: 0.6310643488541245
  landing: 0.04923886898905039
  view-data: 0.20081089437007904
