times:
  edit-metadata: 0.6149875419214368
  landing: 0.14696331368759274
  view-data: 0.20326378708705306
