times:
  edit-metadata: 0.6517239548265934
  landing: 0.04987337160855532
  view-data: 0.21267219819128513
