times:
  landing: 0.5506543580000312
  view-data: 0.557211145999986
