times:
  edit-metadata: 1.6599761460674927
  landing: 1.0077287550084293
  view-data: 3.3727919119410217
