times:
  landing: 1.079261726000027
  view-data: 0.5642999140000029
