times:
  edit-metadata: 1.4486579895019531
  landing: 0.8355126120150089
  view-data: 3.2665888369083405
