times:
  edit-metadata: 0.9629338989034295
  landing: 0.045954538974910975
  view-data: 0.20867739617824554
