times:
  edit-metadata: 0.6330229584127665
  landing: 0.05233862530440092
  view-data: 0.21723678894340992
