times:
  edit-metadata: 0.7109852180001326
  landing: 0.0495286169971223
  view-data: 0.21569285900477553
