times:
  landing: 0.5460348789999898
  view-data: 0.5514032899999961
