times:
  edit-metadata: 1.4792814776301384
  landing: 0.7874412089586258
  view-data: 3.6054291129112244
