times:
  edit-metadata: 1.4556541740894318
  landing: 0.7997649610042572
  view-data: 3.3020677492022514
