times:
  edit-metadata: 1.5259931944310665
  landing: 0.8394591137766838
  view-data: 3.3561720438301563
