times:
  edit-metadata: 1.4021373465657234
  landing: 0.8073038682341576
  view-data: 3.3209486231207848
