times:
  edit-metadata: 1.4507105238735676
  landing: 0.7470098696649075
  view-data: 3.2621963545680046
