times:
  edit-metadata: 1.6744485832750797
  landing: 0.9523276723921299
  view-data: 3.3206716775894165
