times:
  edit-metadata: 1.3041452690958977
  landing: 0.77804134786129
  view-data: 3.5327775329351425
