times:
  edit-metadata: 1.4883361086249352
  landing: 0.9431844726204872
  view-data: 3.423970654606819
