times:
  edit-metadata: 2.1280542388558388
  landing: 1.2423900067806244
  view-data: 3.4249887466430664
