times:
  edit-metadata: 1.5634506419301033
  landing: 0.8421982750296593
  view-data: 3.5354610830545425
