times:
  edit-metadata: 1.3617221638560295
  landing: 0.8218833915889263
  view-data: 3.2718514911830425
