times:
  edit-metadata: 1.8274094089865685
  landing: 1.0069305673241615
  view-data: 3.3854384385049343
