times:
  edit-metadata: 1.4751927703619003
  landing: 0.9019616767764091
  view-data: 3.443806990981102
