times:
  edit-metadata: 1.4202529415488243
  landing: 0.7397358566522598
  view-data: 3.5103005096316338
