times:
  edit-metadata: 1.26986625790596
  landing: 0.7747829183936119
  view-data: 3.4766170233488083
