times:
  edit-metadata: 1.5186664387583733
  landing: 0.7774020060896873
  view-data: 3.3421449959278107
