times:
  edit-metadata: 1.5921013578772545
  landing: 1.0993461832404137
  view-data: 3.487011320888996
