times:
  edit-metadata: 1.482236534357071
  landing: 0.8385469689965248
  view-data: 3.3816260509192944
