times:
  edit-metadata: 1.497509352862835
  landing: 0.8032656535506248
  view-data: 3.522284708917141
