times:
  edit-metadata: 1.3721753507852554
  landing: 0.7355333715677261
  view-data: 3.442337244749069
