times:
  edit-metadata: 1.7116222083568573
  landing: 0.768475778400898
  view-data: 3.49171744287014
