times:
  edit-metadata: 1.4429570138454437
  landing: 0.8455960489809513
  view-data: 3.2960650622844696
