times:
  edit-metadata: 1.3933367431163788
  landing: 0.7396336123347282
  view-data: 3.486788146197796
