times:
  edit-metadata: 1.4783571511507034
  landing: 0.7570775300264359
  view-data: 3.5030597895383835
