times:
  edit-metadata: 1.4280042685568333
  landing: 0.7681469768285751
  view-data: 3.278861489146948
