times:
  edit-metadata: 1.4444817453622818
  landing: 0.7732207402586937
  view-data: 3.5221699848771095
