times:
  edit-metadata: 1.4893275499343872
  landing: 0.8571274131536484
  view-data: 3.4509902596473694
