times:
  edit-metadata: 1.5493626073002815
  landing: 0.6955633461475372
  view-data: 3.4340705201029778
