times:
  edit-metadata: 1.3649685122072697
  landing: 0.7894373461604118
  view-data: 3.319575283676386
