times:
  edit-metadata: 1.5539870634675026
  landing: 0.8413333296775818
  view-data: 3.5482935905456543
