times:
  edit-metadata: 1.5605050846934319
  landing: 0.8805629387497902
  view-data: 3.3468398079276085
