times:
  edit-metadata: 1.405525229871273
  landing: 0.9722023829817772
  view-data: 3.4846882447600365
