times:
  edit-metadata: 1.6913647055625916
  landing: 0.8597173914313316
  view-data: 3.3439332135021687
