times:
  edit-metadata: 2.111400030553341
  landing: 0.8318637236952782
  view-data: 3.3875205367803574
