times:
  edit-metadata: 1.446420792490244
  landing: 0.8548076674342155
  view-data: 3.310498610138893
