times:
  edit-metadata: 1.4161198250949383
  landing: 0.8498590551316738
  view-data: 3.3170274943113327
