times:
  edit-metadata: 1.4085464030504227
  landing: 0.8813348338007927
  view-data: 3.519185520708561
