times:
  edit-metadata: 1.4361149407923222
  landing: 0.9013305306434631
  view-data: 3.3201895095407963
