times:
  edit-metadata: 1.8828627169132233
  landing: 0.9877585619688034
  view-data: 0.6749553307890892
