times:
  edit-metadata: 1.4546443447470665
  landing: 0.7246305346488953
  view-data: 3.605385258793831
