times:
  edit-metadata: 1.4268811903893948
  landing: 0.8193432837724686
  view-data: 3.36377015709877
