times:
  edit-metadata: 1.6326251439750195
  landing: 0.8932713605463505
  view-data: 3.358316544443369
