times:
  edit-metadata: 1.5866112038493156
  landing: 0.8486595675349236
  view-data: 3.3158496730029583
