times:
  edit-metadata: 1.5017938800156116
  landing: 0.8371787331998348
  view-data: 3.321724459528923
