times:
  edit-metadata: 1.389619167894125
  landing: 0.8593950346112251
  view-data: 3.3578252233564854
