times:
  edit-metadata: 2.1775816902518272
  landing: 1.2606815621256828
  view-data: 3.6520355939865112
