times:
  edit-metadata: 1.489763505756855
  landing: 0.8535223379731178
  view-data: 3.358870655298233
