times:
  edit-metadata: 1.3684538379311562
  landing: 0.787906926125288
  view-data: 3.3037127405405045
