times:
  edit-metadata: 1.532747209072113
  landing: 0.8153305053710938
  view-data: 3.48454000800848
