times:
  edit-metadata: 1.375099465250969
  landing: 0.8060049191117287
  view-data: 3.437268055975437
