times:
  edit-metadata: 1.5771490558981895
  landing: 0.8840337842702866
  view-data: 3.2987255230545998
