times:
  edit-metadata: 1.5471030324697495
  landing: 0.815725777298212
  view-data: 3.264273628592491
