times:
  edit-metadata: 1.4178352430462837
  landing: 0.8411011174321175
  view-data: 3.349858947098255
