times:
  edit-metadata: 1.4652578458189964
  landing: 0.9840567521750927
  view-data: 3.361273907124996
