times:
  edit-metadata: 1.3818616829812527
  landing: 0.7537670768797398
  view-data: 3.2905733957886696
