times:
  edit-metadata: 2.216624777764082
  landing: 1.2068332955241203
  view-data: 3.4410283342003822
