times:
  edit-metadata: 1.5993059128522873
  landing: 0.9868320524692535
  view-data: 3.2760935090482235
