times:
  edit-metadata: 1.717021320015192
  landing: 0.9696720950305462
  view-data: 3.4006965197622776
