times:
  edit-metadata: 1.4280272796750069
  landing: 0.8038186579942703
  view-data: 3.4405443146824837
