times:
  edit-metadata: 1.473178431391716
  landing: 0.9160663485527039
  view-data: 3.289173938333988
