times:
  edit-metadata: 1.4330648444592953
  landing: 0.7809998206794262
  view-data: 3.279339887201786
