times:
  edit-metadata: 1.4296712428331375
  landing: 0.7307754904031754
  view-data: 3.292042888700962
