times:
  edit-metadata: 1.418568767607212
  landing: 0.7141416668891907
  view-data: 3.487688161432743
