times:
  edit-metadata: 1.4064119383692741
  landing: 0.7327360510826111
  view-data: 3.450135849416256
