times:
  edit-metadata: 1.4962146282196045
  landing: 0.7532092034816742
  view-data: 3.4180599004030228
