times:
  edit-metadata: 1.5618839636445045
  landing: 0.8979354500770569
  view-data: 0.6008958294987679
