times:
  edit-metadata: 1.3284300416707993
  landing: 0.7420663461089134
  view-data: 3.397319883108139
