times:
  edit-metadata: 1.472782388329506
  landing: 0.7869822084903717
  view-data: 3.2818359062075615
