times:
  edit-metadata: 1.4281126856803894
  landing: 0.7405687421560287
  view-data: 3.3865032643079758
