times:
  edit-metadata: 1.604320414364338
  landing: 0.8243966400623322
  view-data: 3.5521074533462524
