times:
  edit-metadata: 1.6997882276773453
  landing: 0.7794608324766159
  view-data: 3.360457092523575
