times:
  edit-metadata: 1.3606584891676903
  landing: 0.7750142253935337
  view-data: 3.305342450737953
