times:
  edit-metadata: 1.5885771587491035
  landing: 0.925319030880928
  view-data: 3.4082313552498817
