times:
  edit-metadata: 1.5554971247911453
  landing: 0.8773071356117725
  view-data: 3.433996196836233
