times:
  edit-metadata: 1.3722839877009392
  landing: 1.274340659379959
  view-data: 3.725614570081234
