times:
  edit-metadata: 1.3698494881391525
  landing: 0.7794591262936592
  view-data: 3.558416225016117
