times:
  edit-metadata: 1.3984514772891998
  landing: 0.7705291584134102
  view-data: 3.3700580149888992
