times:
  edit-metadata: 1.5781651809811592
  landing: 0.9063979610800743
  view-data: 3.4268470779061317
