times:
  edit-metadata: 1.4321471452713013
  landing: 0.7241794541478157
  view-data: 3.3566371873021126
