times:
  edit-metadata: 1.432583760470152
  landing: 0.9046126827597618
  view-data: 3.294120740145445
