times:
  edit-metadata: 1.3872844651341438
  landing: 0.7701978906989098
  view-data: 3.383769638836384
