times:
  edit-metadata: 2.6323486045002937
  landing: 1.207088626921177
  view-data: 3.4807273596525192
