times:
  edit-metadata: 1.3836087584495544
  landing: 0.7486331760883331
  view-data: 3.4548324942588806
