times:
  edit-metadata: 3.7529097199440002
  landing: 2.3385338820517063
  view-data: 3.7466390542685986
