times:
  edit-metadata: 1.687397114932537
  landing: 1.0350037515163422
  view-data: 3.3020770102739334
