times:
  edit-metadata: 1.542269341647625
  landing: 0.7768747806549072
  view-data: 3.4377627819776535
