times:
  edit-metadata: 1.351204615086317
  landing: 0.7611066922545433
  view-data: 3.361091624945402
