times:
  edit-metadata: 1.2874463945627213
  landing: 0.7580412328243256
  view-data: 3.328975088894367
