times:
  edit-metadata: 1.5973111130297184
  landing: 1.2037480510771275
  view-data: 3.3990415036678314
