times:
  edit-metadata: 1.3986492604017258
  landing: 0.7409920319914818
  view-data: 3.4145494922995567
