times:
  edit-metadata: 1.4548649713397026
  landing: 0.7423138469457626
  view-data: 3.3875250294804573
