times:
  edit-metadata: 1.337877694517374
  landing: 0.8158592134714127
  view-data: 3.3219341933727264
