times:
  edit-metadata: 1.3469199389219284
  landing: 0.874665841460228
  view-data: 3.3969531059265137
