times:
  edit-metadata: 1.658250853419304
  landing: 0.9110170751810074
  view-data: 3.5006188228726387
