times:
  edit-metadata: 1.4576816037297249
  landing: 0.7358257248997688
  view-data: 3.4626783207058907
