times:
  edit-metadata: 1.3657577224075794
  landing: 0.7208772711455822
  view-data: 3.319416392594576
