times:
  edit-metadata: 1.359573520720005
  landing: 0.7562662810087204
  view-data: 3.328088715672493
