times:
  edit-metadata: 1.452639862895012
  landing: 0.7849884554743767
  view-data: 3.425665818154812
