times:
  edit-metadata: 1.4512200132012367
  landing: 0.9127480834722519
  view-data: 3.4466052874922752
