times:
  edit-metadata: 1.6344164907932281
  landing: 1.055148683488369
  view-data: 3.358491972088814
