times:
  edit-metadata: 1.4775538071990013
  landing: 0.795887403190136
  view-data: 3.5198766216635704
