times:
  edit-metadata: 1.3611905947327614
  landing: 0.7707898914813995
  view-data: 3.3089612051844597
