times:
  edit-metadata: 1.3550176844000816
  landing: 0.7752869352698326
  view-data: 3.373799204826355
