times:
  edit-metadata: 1.4797728843986988
  landing: 0.7241056337952614
  view-data: 3.294943083077669
