times:
  edit-metadata: 1.3982694000005722
  landing: 0.7764668762683868
  view-data: 3.3772590830922127
