times:
  edit-metadata: 1.41226027905941
  landing: 0.8295354321599007
  view-data: 3.353912614285946
