times:
  edit-metadata: 1.7392664030194283
  landing: 0.9074103906750679
  view-data: 3.3965588957071304
