times:
  edit-metadata: 1.4862155318260193
  landing: 0.7663242742419243
  view-data: 3.646409183740616
