times:
  edit-metadata: 1.5241001844406128
  landing: 0.9887742847204208
  view-data: 3.3199556469917297
