times:
  edit-metadata: 1.4453976526856422
  landing: 0.7565432488918304
  view-data: 3.5188712999224663
