times:
  edit-metadata: 1.3069647178053856
  landing: 0.8036205694079399
  view-data: 3.5292756259441376
