times:
  edit-metadata: 1.4930637925863266
  landing: 0.7435773462057114
  view-data: 3.545973964035511
