times:
  edit-metadata: 1.5718876086175442
  landing: 0.9099893495440483
  view-data: 3.398821856826544
