times:
  edit-metadata: 1.3477602675557137
  landing: 0.8634639531373978
  view-data: 3.299590241163969
