times:
  edit-metadata: 1.3978677690029144
  landing: 0.8995703384280205
  view-data: 3.5609225183725357
