times:
  edit-metadata: 1.671693790704012
  landing: 1.3099079094827175
  view-data: 3.3379905000329018
