times:
  edit-metadata: 1.5471391752362251
  landing: 1.0278319641947746
  view-data: 3.464734248816967
