times:
  edit-metadata: 1.4649657011032104
  landing: 0.7853474020957947
  view-data: 3.5309412479400635
