times:
  edit-metadata: 1.6977741159498692
  landing: 0.9030645079910755
  view-data: 3.324414264410734
