times:
  edit-metadata: 1.4530591443181038
  landing: 0.7901958599686623
  view-data: 3.7432202994823456
