times:
  edit-metadata: 1.445563018321991
  landing: 0.7403516694903374
  view-data: 3.3590653985738754
