times:
  edit-metadata: 1.4563084542751312
  landing: 0.88913344591856
  view-data: 3.421106345951557
