times:
  edit-metadata: 1.7943161614239216
  landing: 1.0050533600151539
  view-data: 3.337411757558584
