times:
  edit-metadata: 1.520055714994669
  landing: 0.8303091935813427
  view-data: 3.3202918246388435
