times:
  edit-metadata: 1.3881276175379753
  landing: 0.9041823297739029
  view-data: 3.543066903948784
