times:
  edit-metadata: 1.493767611682415
  landing: 0.7830425053834915
  view-data: 3.4833888188004494
