times:
  edit-metadata: 1.5056773871183395
  landing: 1.0085097551345825
  view-data: 3.5337938889861107
