times:
  edit-metadata: 1.412729635834694
  landing: 0.7531101256608963
  view-data: 3.4236492216587067
