times:
  edit-metadata: 1.4502978771924973
  landing: 0.7147592753171921
  view-data: 3.5439988523721695
