times:
  edit-metadata: 1.3928882144391537
  landing: 0.8673221692442894
  view-data: 3.3231946006417274
