times:
  edit-metadata: 1.436122927814722
  landing: 0.977681078016758
  view-data: 3.2952878028154373
