times:
  edit-metadata: 1.3586955145001411
  landing: 0.8141711726784706
  view-data: 3.5724193304777145
