times:
  edit-metadata: 1.605236478149891
  landing: 0.8349215351045132
  view-data: 3.3154724091291428
