times:
  edit-metadata: 1.4453023597598076
  landing: 0.8834856748580933
  view-data: 3.3140682950615883
