times:
  edit-metadata: 1.4358522593975067
  landing: 0.8589449822902679
  view-data: 3.3090966939926147
