times:
  edit-metadata: 1.6514135673642159
  landing: 1.1017211899161339
  view-data: 3.3093701787292957
