times:
  edit-metadata: 1.4762992933392525
  landing: 0.8866526484489441
  view-data: 3.4966349601745605
