times:
  edit-metadata: 1.4881962835788727
  landing: 0.8864105977118015
  view-data: 3.331087525933981
