times:
  edit-metadata: 1.3825416415929794
  landing: 0.7505393400788307
  view-data: 3.2927004508674145
