times:
  edit-metadata: 1.4591053947806358
  landing: 0.7669422701001167
  view-data: 3.4100639522075653
