times:
  edit-metadata: 1.5065683424472809
  landing: 0.9126684926450253
  view-data: 3.3002803549170494
