times:
  edit-metadata: 1.537223219871521
  landing: 0.8028974309563637
  view-data: 3.3148161247372627
