times:
  edit-metadata: 1.5686596632003784
  landing: 0.7756619155406952
  view-data: 3.8147524148225784
