times:
  edit-metadata: 1.4344344586133957
  landing: 0.7783617079257965
  view-data: 3.514266312122345
