times:
  edit-metadata: 1.4834060221910477
  landing: 0.8025045320391655
  view-data: 3.4051142781972885
