times:
  edit-metadata: 1.4794416315853596
  landing: 1.0513251423835754
  view-data: 3.3049703761935234
