times:
  edit-metadata: 1.6000859178602695
  landing: 1.1202196702361107
  view-data: 3.3858878277242184
