times:
  edit-metadata: 1.5135666728019714
  landing: 0.8811283558607101
  view-data: 3.3744779601693153
