times:
  edit-metadata: 1.518083292990923
  landing: 0.7810478918254375
  view-data: 3.2858607955276966
