times:
  edit-metadata: 1.5290730521082878
  landing: 0.9281203895807266
  view-data: 3.25997881218791
