times:
  edit-metadata: 1.4677567929029465
  landing: 0.8115340955555439
  view-data: 3.314021084457636
