times:
  edit-metadata: 1.4187320843338966
  landing: 0.8532694801688194
  view-data: 3.5040030255913734
