times:
  edit-metadata: 1.5052667707204819
  landing: 0.8124199993908405
  view-data: 3.3473855890333652
