times:
  edit-metadata: 2.2173016145825386
  landing: 1.1049605756998062
  view-data: 3.3338582776486874
