times:
  edit-metadata: 1.4569926336407661
  landing: 0.7765864431858063
  view-data: 3.475159227848053
