times:
  edit-metadata: 1.8077527061104774
  landing: 1.286424983292818
  view-data: 3.431271653622389
