times:
  edit-metadata: 1.4849520847201347
  landing: 0.8846753127872944
  view-data: 3.3136423602700233
