times:
  edit-metadata: 1.4488893821835518
  landing: 0.8019084706902504
  view-data: 3.308334030210972
