times:
  edit-metadata: 1.94456160441041
  landing: 1.4613174684345722
  view-data: 3.7204153649508953
