times:
  edit-metadata: 1.445499837398529
  landing: 0.9116425514221191
  view-data: 3.402180530130863
