times:
  edit-metadata: 1.3504581972956657
  landing: 0.833353690803051
  view-data: 3.3456341698765755
