times:
  edit-metadata: 1.4394891075789928
  landing: 0.9910709075629711
  view-data: 3.3163061626255512
