times:
  edit-metadata: 1.5365831926465034
  landing: 0.7939058616757393
  view-data: 3.530597448348999
