times:
  edit-metadata: 1.7785532474517822
  landing: 0.9110761731863022
  view-data: 3.2779158167541027
