times:
  edit-metadata: 1.4105453342199326
  landing: 1.0289967507123947
  view-data: 3.4980941638350487
