times:
  edit-metadata: 1.4212697967886925
  landing: 0.7993760034441948
  view-data: 3.546282134950161
