times:
  edit-metadata: 1.6257802248001099
  landing: 0.895629920065403
  view-data: 3.4362175688147545
