times:
  edit-metadata: 1.4863513857126236
  landing: 0.8167511597275734
  view-data: 3.5001491010189056
