times:
  edit-metadata: 1.4263833612203598
  landing: 0.8424149826169014
  view-data: 3.315500557422638
