times:
  edit-metadata: 1.3761063516139984
  landing: 0.8391172140836716
  view-data: 3.3131104856729507
