times:
  edit-metadata: 1.4874983802437782
  landing: 0.8850040063261986
  view-data: 3.5010446459054947
