times:
  edit-metadata: 1.3944573774933815
  landing: 0.7884937897324562
  view-data: 3.2419870644807816
