times:
  edit-metadata: 1.5449561923742294
  landing: 0.9157150760293007
  view-data: 3.59055694937706
