times:
  edit-metadata: 1.3523819744586945
  landing: 0.8192868903279305
  view-data: 3.3711975179612637
