times:
  edit-metadata: 1.4098331183195114
  landing: 0.8690230250358582
  view-data: 3.4713593870401382
