times:
  edit-metadata: 1.5247257500886917
  landing: 0.8603346943855286
  view-data: 3.430489659309387
