times:
  edit-metadata: 3.039853274822235
  landing: 1.724061705172062
  view-data: 3.6763374730944633
