times:
  edit-metadata: 1.4272998087108135
  landing: 0.8543092086911201
  view-data: 3.3155647553503513
