times:
  edit-metadata: 1.475164394825697
  landing: 0.7996447682380676
  view-data: 3.388210751116276
