times:
  edit-metadata: 1.5339155308902264
  landing: 0.9472062289714813
  view-data: 3.3375379107892513
