times:
  edit-metadata: 1.4634480848908424
  landing: 0.852925531566143
  view-data: 3.53321273624897
