times:
  edit-metadata: 1.5563689097762108
  landing: 0.9120962619781494
  view-data: 3.4898593202233315
