times:
  edit-metadata: 1.5519907027482986
  landing: 0.7806868553161621
  view-data: 3.4966725781559944
