times:
  edit-metadata: 1.5520871132612228
  landing: 0.90244435146451
  view-data: 3.284583557397127
