times:
  edit-metadata: 1.4906173348426819
  landing: 0.804445318877697
  view-data: 3.446377582848072
