times:
  edit-metadata: 1.6203265860676765
  landing: 0.8426847234368324
  view-data: 3.297685019671917
