times:
  edit-metadata: 1.552425540983677
  landing: 0.8930903002619743
  view-data: 3.4181738905608654
