times:
  edit-metadata: 1.609431803226471
  landing: 0.8770538046956062
  view-data: 3.3700327277183533
