times:
  edit-metadata: 1.468377560377121
  landing: 0.9377507828176022
  view-data: 3.330290336161852
