times:
  edit-metadata: 1.6004699915647507
  landing: 0.7783475071191788
  view-data: 3.5188459903001785
