times:
  edit-metadata: 2.0336233228445053
  landing: 1.230390079319477
  view-data: 3.520393043756485
