times:
  edit-metadata: 1.464567318558693
  landing: 0.8256383910775185
  view-data: 3.489931158721447
