times:
  edit-metadata: 1.4308556765317917
  landing: 0.9299867711961269
  view-data: 3.311262972652912
