times:
  edit-metadata: 1.9169294238090515
  landing: 1.4247608855366707
  view-data: 3.450913466513157
