times:
  edit-metadata: 1.6749914288520813
  landing: 1.0716438442468643
  view-data: 3.3358191698789597
