times:
  edit-metadata: 1.5542486757040024
  landing: 0.8815290331840515
  view-data: 3.471026748418808
