times:
  edit-metadata: 1.3643408715724945
  landing: 0.8171728998422623
  view-data: 3.2902796119451523
