times:
  edit-metadata: 1.357197366654873
  landing: 0.8615158572793007
  view-data: 3.354165643453598
