times:
  edit-metadata: 1.9854979626834393
  landing: 1.1308910436928272
  view-data: 3.439538396894932
