times:
  edit-metadata: 1.4995060563087463
  landing: 0.9020206928253174
  view-data: 3.263430044054985
