times:
  edit-metadata: 1.4687711670994759
  landing: 0.8495672196149826
  view-data: 3.532959960401058
