times:
  edit-metadata: 1.461748480796814
  landing: 0.873726025223732
  view-data: 3.51680039614439
