times:
  edit-metadata: 1.4733532965183258
  landing: 0.8069382235407829
  view-data: 3.334803059697151
