times:
  edit-metadata: 2.2666711881756783
  landing: 1.0511244982481003
  view-data: 3.5228846669197083
