times:
  edit-metadata: 1.484613861888647
  landing: 0.8014676757156849
  view-data: 3.2427299059927464
