times:
  edit-metadata: 1.5692963972687721
  landing: 0.8220433816313744
  view-data: 3.5107292085886
