times:
  edit-metadata: 1.3853710144758224
  landing: 1.0003178752958775
  view-data: 3.3224288299679756
