times:
  edit-metadata: 2.2246764451265335
  landing: 1.5845860838890076
  view-data: 3.390840709209442
