times:
  edit-metadata: 2.439760595560074
  landing: 1.3643261045217514
  view-data: 3.635503441095352
