times:
  edit-metadata: 1.5545952692627907
  landing: 0.8576028905808926
  view-data: 3.370069332420826
