times:
  edit-metadata: 1.5364228077232838
  landing: 0.9738471060991287
  view-data: 3.323367364704609
