times:
  edit-metadata: 1.4258041866123676
  landing: 0.8788342736661434
  view-data: 3.308725230395794
