times:
  edit-metadata: 1.4068174362182617
  landing: 0.8971827477216721
  view-data: 3.322543181478977
