times:
  edit-metadata: 1.4574564807116985
  landing: 0.7930950336158276
  view-data: 3.292759358882904
