times:
  edit-metadata: 1.7569690234959126
  landing: 0.8877790123224258
  view-data: 3.3508380837738514
