times:
  edit-metadata: 1.4771909937262535
  landing: 0.80637027323246
  view-data: 3.50984263420105
