times:
  edit-metadata: 1.8541244938969612
  landing: 1.1511084251105785
  view-data: 3.3818237334489822
