times:
  edit-metadata: 1.4572063311934471
  landing: 0.9883536472916603
  view-data: 3.497857078909874
