times:
  edit-metadata: 1.594124212861061
  landing: 0.8085175901651382
  view-data: 3.5128012374043465
