times:
  edit-metadata: 1.3492785952985287
  landing: 0.9744972698390484
  view-data: 3.273979887366295
