times:
  edit-metadata: 1.5556670278310776
  landing: 0.9223216325044632
  view-data: 3.3301642537117004
