times:
  edit-metadata: 1.3916140049695969
  landing: 0.9396719075739384
  view-data: 3.3088472597301006
