times:
  edit-metadata: 1.4358652904629707
  landing: 0.895785465836525
  view-data: 3.4577927961945534
