times:
  edit-metadata: 1.9623351320624352
  landing: 1.2611705958843231
  view-data: 3.4660762324929237
