times:
  edit-metadata: 1.443978413939476
  landing: 0.923981063067913
  view-data: 3.3419510535895824
