times:
  edit-metadata: 1.4309073016047478
  landing: 0.8496369421482086
  view-data: 3.3714760690927505
