times:
  edit-metadata: 1.536630392074585
  landing: 0.9601747021079063
  view-data: 3.282680444419384
