times:
  edit-metadata: 3.347792685031891
  landing: 2.095196381211281
  view-data: 3.755715563893318
