times:
  edit-metadata: 1.5063302665948868
  landing: 0.8837544471025467
  view-data: 3.453413538634777
