times:
  edit-metadata: 1.4157817922532558
  landing: 0.8227303735911846
  view-data: 3.3262598887085915
