times:
  edit-metadata: 1.4688527584075928
  landing: 0.8316196650266647
  view-data: 3.422235496342182
