times:
  edit-metadata: 1.7320576533675194
  landing: 0.994841743260622
  view-data: 3.360914394259453
