times:
  edit-metadata: 1.5558161586523056
  landing: 0.9517103023827076
  view-data: 3.37246285751462
