times:
  edit-metadata: 1.4668005891144276
  landing: 0.894847571849823
  view-data: 3.2808625772595406
