times:
  edit-metadata: 1.5229015350341797
  landing: 0.7569309026002884
  view-data: 3.4966723918914795
