times:
  edit-metadata: 1.5711175575852394
  landing: 0.8542807325720787
  view-data: 3.4819711446762085
