times:
  edit-metadata: 1.5463490709662437
  landing: 0.8944536074995995
  view-data: 3.3910535275936127
