times:
  edit-metadata: 1.5110950767993927
  landing: 0.862183466553688
  view-data: 3.547990635037422
