times:
  edit-metadata: 1.4502657055854797
  landing: 0.8826932571828365
  view-data: 3.3309944011271
