times:
  edit-metadata: 1.4423811435699463
  landing: 0.8713160380721092
  view-data: 3.361300580203533
