times:
  edit-metadata: 1.5184605941176414
  landing: 0.8255550265312195
  view-data: 3.547360934317112
