times:
  edit-metadata: 1.4852039143443108
  landing: 0.8165770843625069
  view-data: 3.422016955912113
