times:
  edit-metadata: 1.4243214167654514
  landing: 0.7805412486195564
  view-data: 3.366038706153631
