times:
  edit-metadata: 1.5474352352321148
  landing: 0.8541683964431286
  view-data: 3.2718776240944862
