times:
  edit-metadata: 1.4329557493329048
  landing: 0.8867891728878021
  view-data: 3.3931833654642105
