times:
  edit-metadata: 1.5480090156197548
  landing: 0.8396384343504906
  view-data: 3.326897047460079
