times:
  edit-metadata: 1.3856697902083397
  landing: 0.7722760140895844
  view-data: 3.4151031747460365
