times:
  edit-metadata: 1.4366758465766907
  landing: 0.9259207546710968
  view-data: 3.4914836287498474
