times:
  edit-metadata: 1.4061126932501793
  landing: 0.8248811811208725
  view-data: 3.4470769688487053
