times:
  edit-metadata: 1.6471357867121696
  landing: 0.8574186153709888
  view-data: 3.3948787674307823
