times:
  edit-metadata: 1.4108581617474556
  landing: 0.8296184688806534
  view-data: 3.2876550890505314
