times:
  edit-metadata: 1.5513825714588165
  landing: 0.8293481692671776
  view-data: 3.5183845087885857
