times:
  edit-metadata: 1.3939678519964218
  landing: 0.803755447268486
  view-data: 3.4566664695739746
