times:
  edit-metadata: 1.4746760316193104
  landing: 0.9214270487427711
  view-data: 3.2978865168988705
