times:
  edit-metadata: 1.4597585685551167
  landing: 0.8254456482827663
  view-data: 3.330246288329363
