times:
  edit-metadata: 2.4117012917995453
  landing: 1.0097909048199654
  view-data: 3.5818963944911957
