times:
  edit-metadata: 1.3931393064558506
  landing: 0.8814144842326641
  view-data: 3.3265433236956596
