times:
  edit-metadata: 1.4402420669794083
  landing: 0.8401969373226166
  view-data: 3.4649441987276077
