times:
  edit-metadata: 1.4559804946184158
  landing: 1.0623377040028572
  view-data: 3.3920657113194466
