times:
  edit-metadata: 1.4372583255171776
  landing: 0.8990930318832397
  view-data: 3.413821280002594
