times:
  edit-metadata: 1.3688066378235817
  landing: 0.8440053388476372
  view-data: 3.546129710972309
