times:
  edit-metadata: 1.5813863426446915
  landing: 1.0353128612041473
  view-data: 3.3103295043110847
