times:
  edit-metadata: 1.4568452462553978
  landing: 0.911051981151104
  view-data: 3.4689357355237007
