times:
  edit-metadata: 1.4309725016355515
  landing: 0.8059480264782906
  view-data: 3.5058333575725555
