times:
  edit-metadata: 1.935220092535019
  landing: 1.4651974141597748
  view-data: 3.5840413719415665
