times:
  edit-metadata: 1.8511143550276756
  landing: 0.8544953539967537
  view-data: 3.4949570670723915
