times:
  edit-metadata: 1.4708408452570438
  landing: 0.8899533785879612
  view-data: 3.3461888656020164
