times:
  edit-metadata: 1.4679034054279327
  landing: 0.8504436612129211
  view-data: 3.383822776377201
