times:
  edit-metadata: 2.6000439301133156
  landing: 1.6622580289840698
  view-data: 3.8812972754240036
