times:
  edit-metadata: 1.4673506990075111
  landing: 0.8863765448331833
  view-data: 3.332693040370941
