times:
  edit-metadata: 1.518523421138525
  landing: 0.911199539899826
  view-data: 3.294392891228199
