times:
  edit-metadata: 1.4540302008390427
  landing: 1.0040881037712097
  view-data: 3.4251121655106544
