times:
  edit-metadata: 1.8778881579637527
  landing: 1.028288185596466
  view-data: 3.615024894475937
