times:
  edit-metadata: 1.5264441668987274
  landing: 0.8507660925388336
  view-data: 3.321561634540558
