times:
  edit-metadata: 1.4341579005122185
  landing: 0.774934433400631
  view-data: 3.5389605313539505
