times:
  edit-metadata: 1.4822430685162544
  landing: 0.9092587530612946
  view-data: 3.272865802049637
