times:
  edit-metadata: 1.4634047150611877
  landing: 0.7705552726984024
  view-data: 3.3565042838454247
