times:
  edit-metadata: 1.5589274615049362
  landing: 0.8202379867434502
  view-data: 3.3030914589762688
