times:
  edit-metadata: 1.4614232927560806
  landing: 0.8829334303736687
  view-data: 3.334960989654064
