times:
  edit-metadata: 1.5234813801944256
  landing: 0.8383380100131035
  view-data: 3.356875978410244
