times:
  edit-metadata: 1.5483531653881073
  landing: 0.8510410636663437
  view-data: 3.5063793510198593
