times:
  edit-metadata: 1.521670050919056
  landing: 0.8436644300818443
  view-data: 3.5437394231557846
