times:
  edit-metadata: 1.4303672835230827
  landing: 0.7620286792516708
  view-data: 3.4548572823405266
