times:
  edit-metadata: 1.580590806901455
  landing: 0.786452166736126
  view-data: 3.3767738044261932
