times:
  edit-metadata: 1.4720112420618534
  landing: 0.8670749962329865
  view-data: 3.269033044576645
