times:
  edit-metadata: 1.4771783575415611
  landing: 1.0120253264904022
  view-data: 3.572754703462124
