times:
  edit-metadata: 1.4566383957862854
  landing: 0.9933861456811428
  view-data: 3.318960551172495
