times:
  edit-metadata: 1.4652486443519592
  landing: 0.8273290321230888
  view-data: 3.3304224833846092
