times:
  edit-metadata: 1.726014219224453
  landing: 1.3352367579936981
  view-data: 3.577523782849312
