times:
  edit-metadata: 1.5080699026584625
  landing: 0.9790095686912537
  view-data: 3.444487079977989
