times:
  edit-metadata: 1.390255518257618
  landing: 0.8724027276039124
  view-data: 3.5282080247998238
