times:
  edit-metadata: 1.608423888683319
  landing: 0.8456078246235847
  view-data: 3.5702787935733795
