times:
  edit-metadata: 1.3556164056062698
  landing: 0.841617189347744
  view-data: 3.420226201415062
