times:
  edit-metadata: 1.4944210164248943
  landing: 0.8932813666760921
  view-data: 3.323540687561035
