times:
  edit-metadata: 1.4796134904026985
  landing: 0.8608165979385376
  view-data: 3.560541182756424
