times:
  edit-metadata: 1.5758118778467178
  landing: 1.0456741899251938
  view-data: 3.9545205757021904
