times:
  edit-metadata: 1.4145513772964478
  landing: 0.8077912852168083
  view-data: 3.5022777393460274
