times:
  edit-metadata: 1.588596135377884
  landing: 0.9119738228619099
  view-data: 3.3593439646065235
