times:
  edit-metadata: 1.4748023450374603
  landing: 0.8700921162962914
  view-data: 3.4556219801306725
