times:
  edit-metadata: 1.4415816478431225
  landing: 0.9390971437096596
  view-data: 3.327171690762043
