times:
  edit-metadata: 1.4916606582701206
  landing: 0.9133393317461014
  view-data: 3.282758828252554
