times:
  edit-metadata: 1.7568706423044205
  landing: 1.093914844095707
  view-data: 3.337353937327862
