times:
  edit-metadata: 1.4717139080166817
  landing: 0.7759594693779945
  view-data: 3.391684927046299
