times:
  edit-metadata: 1.4229426831007004
  landing: 0.8861124999821186
  view-data: 3.299278609454632
