times:
  edit-metadata: 1.3826841413974762
  landing: 0.8106414452195168
  view-data: 3.466856360435486
