times:
  edit-metadata: 1.5652562081813812
  landing: 0.8790045455098152
  view-data: 3.3095041923224926
