times:
  edit-metadata: 1.3867601305246353
  landing: 0.8694310709834099
  view-data: 3.3311067819595337
