times:
  edit-metadata: 1.6973874755203724
  landing: 0.8445855751633644
  view-data: 3.461344938725233
