times:
  edit-metadata: 1.509327471256256
  landing: 0.9317056760191917
  view-data: 3.4705863296985626
