times:
  edit-metadata: 1.4296854138374329
  landing: 0.8443200811743736
  view-data: 3.3321537151932716
