times:
  edit-metadata: 1.4047781229019165
  landing: 0.8570745512843132
  view-data: 3.462239310145378
