times:
  edit-metadata: 1.5054611340165138
  landing: 0.8175239413976669
  view-data: 3.406655266880989
