times:
  edit-metadata: 1.3951224237680435
  landing: 0.8203713595867157
  view-data: 3.433731719851494
