times:
  edit-metadata: 1.409300021827221
  landing: 0.8617168366909027
  view-data: 3.396871142089367
