times:
  edit-metadata: 1.4475449323654175
  landing: 0.8277452066540718
  view-data: 3.534370832145214
