times:
  edit-metadata: 1.6394269205629826
  landing: 0.9887579046189785
  view-data: 3.2918762154877186
