times:
  edit-metadata: 1.5197983756661415
  landing: 1.137877218425274
  view-data: 3.583492085337639
