times:
  edit-metadata: 1.4970883205533028
  landing: 0.827945776283741
  view-data: 3.4475975781679153
