times:
  edit-metadata: 2.201481655240059
  landing: 1.1809797994792461
  view-data: 3.3619722984731197
