times:
  edit-metadata: 2.275659032166004
  landing: 1.3081619590520859
  view-data: 3.9106606543064117
