times:
  edit-metadata: 1.3948692940175533
  landing: 0.8604412265121937
  view-data: 3.314853720366955
