times:
  edit-metadata: 1.4238134920597076
  landing: 0.8046958819031715
  view-data: 3.503870017826557
