times:
  edit-metadata: 1.440130665898323
  landing: 0.8405366092920303
  view-data: 3.4452318996191025
