times:
  edit-metadata: 1.5081589221954346
  landing: 0.8566382676362991
  view-data: 3.543142758309841
