times:
  edit-metadata: 1.3820403702557087
  landing: 0.8421391472220421
  view-data: 3.26134342700243
