times:
  edit-metadata: 1.4489265605807304
  landing: 0.8146639093756676
  view-data: 3.3773248717188835
