times:
  edit-metadata: 1.5759354084730148
  landing: 0.7853439152240753
  view-data: 3.514600992202759
