times:
  edit-metadata: 1.4722627252340317
  landing: 0.8217211589217186
  view-data: 3.461113952100277
