times:
  edit-metadata: 1.3512093499302864
  landing: 0.8872573748230934
  view-data: 3.366937831044197
