times:
  edit-metadata: 1.6024565249681473
  landing: 0.7618091255426407
  view-data: 3.474868305027485
