times:
  edit-metadata: 2.1848221458494663
  landing: 1.326256886124611
  view-data: 3.410650309175253
