times:
  edit-metadata: 1.4476636946201324
  landing: 0.8071800991892815
  view-data: 3.3607996851205826
