times:
  edit-metadata: 1.5653952918946743
  landing: 0.97210693359375
  view-data: 3.3524310551583767
