times:
  edit-metadata: 1.8208978548645973
  landing: 0.9776540696620941
  view-data: 3.444788157939911
