times:
  edit-metadata: 1.4673748537898064
  landing: 0.846583005040884
  view-data: 3.3360624872148037
