times:
  edit-metadata: 1.3899505138397217
  landing: 0.8841017112135887
  view-data: 3.437153324484825
