times:
  edit-metadata: 2.2009871415793896
  landing: 1.608724132180214
  view-data: 3.406250938773155
