times:
  edit-metadata: 1.464024692773819
  landing: 0.886650662869215
  view-data: 3.3267967626452446
