times:
  edit-metadata: 1.3854050636291504
  landing: 0.7798142656683922
  view-data: 3.491956517100334
