times:
  edit-metadata: 1.4183106496930122
  landing: 0.8280645087361336
  view-data: 3.4844185933470726
