times:
  edit-metadata: 1.5367909222841263
  landing: 0.8211104422807693
  view-data: 3.386467918753624
