times:
  edit-metadata: 1.48276899009943
  landing: 0.801220491528511
  view-data: 3.510389670729637
