times:
  edit-metadata: 1.529323011636734
  landing: 1.0233448967337608
  view-data: 3.4727883636951447
