times:
  edit-metadata: 1.5470419973134995
  landing: 0.7710183709859848
  view-data: 3.443639449775219
