times:
  edit-metadata: 1.5206477269530296
  landing: 1.0280590429902077
  view-data: 3.274588853120804
