times:
  edit-metadata: 1.3905354291200638
  landing: 0.8576721623539925
  view-data: 3.421131044626236
