times:
  edit-metadata: 1.4641316384077072
  landing: 1.2380324751138687
  view-data: 3.5404478684067726
