times:
  edit-metadata: 1.4598815627396107
  landing: 0.8573319166898727
  view-data: 3.3354138880968094
