times:
  edit-metadata: 1.3563420176506042
  landing: 0.8611464127898216
  view-data: 3.34938657656312
