times:
  edit-metadata: 1.4384564831852913
  landing: 0.8078866526484489
  view-data: 3.2337893918156624
