times:
  edit-metadata: 1.4783789217472076
  landing: 0.8142642602324486
  view-data: 3.4728828743100166
