times:
  edit-metadata: 1.5199632570147514
  landing: 0.9069958701729774
  view-data: 3.4145586863160133
