times:
  edit-metadata: 1.515462450683117
  landing: 0.8626638874411583
  view-data: 3.5003594756126404
