times:
  edit-metadata: 1.6816075071692467
  landing: 0.9398256167769432
  view-data: 3.3544206619262695
