times:
  edit-metadata: 1.5487135350704193
  landing: 0.8547813296318054
  view-data: 3.271033748984337
