times:
  edit-metadata: 1.538218840956688
  landing: 0.8501031324267387
  view-data: 3.5086755976080894
