times:
  edit-metadata: 1.4806672632694244
  landing: 0.8447316139936447
  view-data: 3.494638867676258
