times:
  edit-metadata: 1.5484045520424843
  landing: 0.9491353929042816
  view-data: 3.3997906371951103
