times:
  edit-metadata: 1.4014482572674751
  landing: 0.8421752527356148
  view-data: 3.4434479027986526
