times:
  edit-metadata: 1.6137567460536957
  landing: 1.06282589584589
  view-data: 3.4670690819621086
