times:
  edit-metadata: 1.4357832595705986
  landing: 0.9505824372172356
  view-data: 6.916475169360638
