times:
  edit-metadata: 1.3846153505146503
  landing: 0.8957504704594612
  view-data: 3.3270958587527275
