times:
  edit-metadata: 1.4957508109509945
  landing: 0.8634145818650723
  view-data: 3.31688616797328
