times:
  edit-metadata: 1.5128398016095161
  landing: 0.8999432772397995
  view-data: 3.512865900993347
