times:
  edit-metadata: 1.4600711092352867
  landing: 0.8383544832468033
  view-data: 3.481307253241539
