times:
  edit-metadata: 1.4267637953162193
  landing: 0.8045549392700195
  view-data: 3.542294852435589
