times:
  edit-metadata: 1.4650320783257484
  landing: 0.9316712990403175
  view-data: 3.3949184492230415
