times:
  edit-metadata: 1.383079171180725
  landing: 0.8492483794689178
  view-data: 3.31970139965415
