times:
  edit-metadata: 2.0145889595150948
  landing: 1.5491484627127647
  view-data: 3.5479949191212654
