times:
  edit-metadata: 1.5374921709299088
  landing: 0.8871777690947056
  view-data: 3.34068725630641
