times:
  edit-metadata: 2.168039597570896
  landing: 1.4447475969791412
  view-data: 3.4756235778331757
