times:
  edit-metadata: 2.2050217911601067
  landing: 1.4326961189508438
  view-data: 3.4780311807990074
