times:
  edit-metadata: 1.373832456767559
  landing: 0.839791402220726
  view-data: 3.3671911507844925
