times:
  edit-metadata: 1.5594152510166168
  landing: 0.7820337861776352
  view-data: 3.532367706298828
