times:
  edit-metadata: 1.483925238251686
  landing: 0.7669585198163986
  view-data: 3.5005606934428215
