times:
  edit-metadata: 1.5287846438586712
  landing: 0.7836812026798725
  view-data: 3.347069039940834
