times:
  edit-metadata: 1.577200971543789
  landing: 0.7550337240099907
  view-data: 3.3810078129172325
