times:
  edit-metadata: 1.405229952186346
  landing: 0.9663474559783936
  view-data: 3.268684960901737
