times:
  edit-metadata: 1.5041808262467384
  landing: 0.7958777770400047
  view-data: 3.417922504246235
