times:
  edit-metadata: 1.4538430646061897
  landing: 0.8350824564695358
  view-data: 3.398563966155052
