times:
  edit-metadata: 1.4480236023664474
  landing: 0.8775784820318222
  view-data: 3.325384423136711
