times:
  edit-metadata: 1.5760449692606926
  landing: 0.8734875954687595
  view-data: 3.2604079730808735
