times:
  edit-metadata: 1.5430474653840065
  landing: 0.9730691462755203
  view-data: 3.468834951519966
