times:
  edit-metadata: 1.4779549092054367
  landing: 0.8451090082526207
  view-data: 3.4860164746642113
