times:
  edit-metadata: 1.4939536601305008
  landing: 0.94893903657794
  view-data: 3.300566613674164
