times:
  edit-metadata: 1.5950577519834042
  landing: 0.8289842382073402
  view-data: 3.3101121485233307
