times:
  edit-metadata: 1.528310589492321
  landing: 0.8562292531132698
  view-data: 3.2812716960906982
