times:
  edit-metadata: 1.4782269075512886
  landing: 0.8335257098078728
  view-data: 3.4589710012078285
