times:
  edit-metadata: 1.4453818947076797
  landing: 0.8380556553602219
  view-data: 3.314053386449814
