times:
  edit-metadata: 1.3991840034723282
  landing: 0.9381689354777336
  view-data: 3.441154219210148
