times:
  edit-metadata: 1.4463601261377335
  landing: 1.0303480625152588
  view-data: 3.5707125514745712
