times:
  edit-metadata: 1.4649643376469612
  landing: 0.8386387526988983
  view-data: 3.4161121025681496
