times:
  edit-metadata: 1.4794798716902733
  landing: 0.9232934601604939
  view-data: 3.35403735563159
