times:
  edit-metadata: 1.5046109706163406
  landing: 0.846286728978157
  view-data: 3.3679817020893097
