times:
  edit-metadata: 1.4702520109713078
  landing: 0.7988960184156895
  view-data: 3.4311629496514797
