times:
  edit-metadata: 1.4484629929065704
  landing: 0.8833813369274139
  view-data: 3.5004383847117424
