times:
  edit-metadata: 1.4416294917464256
  landing: 1.1803536862134933
  view-data: 3.573018930852413
