times:
  edit-metadata: 1.4226145148277283
  landing: 0.8473568335175514
  view-data: 3.510373018682003
