times:
  edit-metadata: 1.5586479976773262
  landing: 0.8554977923631668
  view-data: 3.4869522526860237
