times:
  edit-metadata: 1.5867930240929127
  landing: 1.042556568980217
  view-data: 3.3028786033391953
