times:
  edit-metadata: 1.498172402381897
  landing: 0.8797353133559227
  view-data: 3.4983954802155495
