times:
  edit-metadata: 1.382540002465248
  landing: 0.8095134794712067
  view-data: 3.391457248479128
