times:
  edit-metadata: 1.4885123446583748
  landing: 0.7748655527830124
  view-data: 3.49371674656868
