times:
  edit-metadata: 2.0708798691630363
  landing: 1.362891711294651
  view-data: 3.372620791196823
