times:
  edit-metadata: 1.4343361780047417
  landing: 0.8115789294242859
  view-data: 3.4505097717046738
