times:
  edit-metadata: 1.4980603978037834
  landing: 0.8471376523375511
  view-data: 3.419887214899063
