times:
  edit-metadata: 1.5132013037800789
  landing: 0.828435406088829
  view-data: 3.3662083595991135
