times:
  edit-metadata: 3.356610491871834
  landing: 1.7208610028028488
  view-data: 3.547932282090187
