times:
  edit-metadata: 1.4662854298949242
  landing: 0.830826498568058
  view-data: 3.26040655747056
