times:
  edit-metadata: 1.4884110018610954
  landing: 0.8844515532255173
  view-data: 3.4080724716186523
