times:
  edit-metadata: 1.6309924274682999
  landing: 0.9378501027822495
  view-data: 3.399898186326027
