times:
  edit-metadata: 1.4860753566026688
  landing: 1.0174760557711124
  view-data: 3.4249091744422913
