times:
  edit-metadata: 1.4182748347520828
  landing: 1.043715950101614
  view-data: 3.3909566029906273
