times:
  edit-metadata: 1.4301483631134033
  landing: 0.8816952183842659
  view-data: 3.3384899385273457
