times:
  edit-metadata: 1.4685310125350952
  landing: 1.0704116821289062
  view-data: 3.514290526509285
