times:
  edit-metadata: 1.4666825607419014
  landing: 0.8895990699529648
  view-data: 3.4740045368671417
