times:
  edit-metadata: 1.6488571465015411
  landing: 1.0366134159266949
  view-data: 3.343876488506794
