times:
  edit-metadata: 1.4369411990046501
  landing: 0.8425271287560463
  view-data: 3.403258867561817
