times:
  edit-metadata: 1.7257418036460876
  landing: 0.956409864127636
  view-data: 3.3136798292398453
