times:
  edit-metadata: 1.4596977457404137
  landing: 0.798213317990303
  view-data: 3.500147521495819
