times:
  edit-metadata: 1.8914787471294403
  landing: 1.0450553223490715
  view-data: 3.387299969792366
