times:
  edit-metadata: 1.5289879739284515
  landing: 0.8377362638711929
  view-data: 3.4603520780801773
