times:
  edit-metadata: 1.4801181517541409
  landing: 0.9196824952960014
  view-data: 3.3865715228021145
