times:
  edit-metadata: 1.4794094488024712
  landing: 0.8716889545321465
  view-data: 3.3000503927469254
