times:
  edit-metadata: 1.502968642860651
  landing: 0.8896812684834003
  view-data: 3.255279742181301
