times:
  edit-metadata: 1.4533296674489975
  landing: 0.8742062039673328
  view-data: 3.2989727035164833
