times:
  edit-metadata: 1.4446689933538437
  landing: 0.8703525736927986
  view-data: 3.544431798160076
