times:
  edit-metadata: 1.4589304029941559
  landing: 0.9178067110478878
  view-data: 3.308511469513178
