times:
  edit-metadata: 1.44857769459486
  landing: 0.8898771554231644
  view-data: 3.3333640322089195
