times:
  edit-metadata: 1.4378304593265057
  landing: 0.81460065767169
  view-data: 3.3276944495737553
