times:
  edit-metadata: 1.7406549714505672
  landing: 1.0009919106960297
  view-data: 3.386462677270174
