times:
  edit-metadata: 1.5369883030653
  landing: 0.8376542031764984
  view-data: 3.2541055604815483
