times:
  edit-metadata: 1.444149773567915
  landing: 0.8266509249806404
  view-data: 3.3503883108496666
