times:
  edit-metadata: 1.401940792798996
  landing: 0.8473408184945583
  view-data: 3.3187575340270996
