times:
  edit-metadata: 1.5546398684382439
  landing: 0.9761519394814968
  view-data: 3.3396798856556416
