times:
  edit-metadata: 1.459887146949768
  landing: 0.7842871323227882
  view-data: 3.518262282013893
