times:
  edit-metadata: 1.45942060649395
  landing: 0.8790876492857933
  view-data: 3.501394607126713
