times:
  edit-metadata: 1.8571890518069267
  landing: 0.9788613840937614
  view-data: 3.4073658287525177
