times:
  edit-metadata: 1.7881956994533539
  landing: 1.0791619271039963
  view-data: 3.4768599569797516
