times:
  edit-metadata: 1.4298251196742058
  landing: 0.8549525141716003
  view-data: 3.316897138953209
