times:
  edit-metadata: 1.548798218369484
  landing: 0.9171584397554398
  view-data: 3.3115831688046455
