times:
  edit-metadata: 1.4261521697044373
  landing: 0.8450304269790649
  view-data: 3.2962441444396973
