times:
  edit-metadata: 1.4860819354653358
  landing: 0.8743186816573143
  view-data: 3.3592409566044807
