times:
  edit-metadata: 2.4470790177583694
  landing: 2.257744826376438
  view-data: 3.46275831758976
