times:
  edit-metadata: 1.4423850364983082
  landing: 0.8870270438492298
  view-data: 3.350534662604332
