times:
  edit-metadata: 1.4345262944698334
  landing: 0.9355441927909851
  view-data: 3.42107742652297
