times:
  edit-metadata: 1.4315641336143017
  landing: 0.7835532575845718
  view-data: 3.2716570124030113
