times:
  edit-metadata: 1.5163742750883102
  landing: 0.8861813768744469
  view-data: 3.337488889694214
