times:
  edit-metadata: 1.4031600952148438
  landing: 0.7775232791900635
  view-data: 3.481053076684475
