times:
  edit-metadata: 1.4829746708273888
  landing: 1.035591509193182
  view-data: 3.308549288660288
