times:
  edit-metadata: 1.4145340770483017
  landing: 0.8632050305604935
  view-data: 3.5368690490722656
