times:
  edit-metadata: 1.4823097586631775
  landing: 0.7365690469741821
  view-data: 3.365778036415577
