times:
  edit-metadata: 1.5165486335754395
  landing: 0.9332493878901005
  view-data: 3.322649583220482
