times:
  edit-metadata: 1.5261284857988358
  landing: 0.8038856126368046
  view-data: 3.3537190929055214
