times:
  edit-metadata: 1.4157500714063644
  landing: 0.854753203690052
  view-data: 3.3157296925783157
