times:
  edit-metadata: 1.642775498330593
  landing: 0.9989388287067413
  view-data: 3.586288906633854
