times:
  edit-metadata: 1.5145271122455597
  landing: 0.8038839176297188
  view-data: 3.4938711524009705
