times:
  edit-metadata: 1.5191877335309982
  landing: 0.8478036001324654
  view-data: 3.4772613048553467
