times:
  edit-metadata: 1.4659379050135612
  landing: 0.7829087600111961
  view-data: 3.532770521938801
