times:
  edit-metadata: 1.568733237683773
  landing: 0.8522570729255676
  view-data: 3.3277253955602646
