times:
  edit-metadata: 1.4002236872911453
  landing: 0.8723777458071709
  view-data: 3.315223902463913
