times:
  edit-metadata: 1.3704307302832603
  landing: 0.8122931569814682
  view-data: 3.3034848496317863
