times:
  edit-metadata: 1.457027893513441
  landing: 0.9291330203413963
  view-data: 3.289696551859379
