times:
  edit-metadata: 1.5911898985505104
  landing: 1.0801125839352608
  view-data: 3.3349523842334747
