times:
  edit-metadata: 1.8090250417590141
  landing: 0.8948635645210743
  view-data: 3.8004519008100033
