times:
  edit-metadata: 2.1635965146124363
  landing: 1.0188192315399647
  view-data: 3.472151067107916
