times:
  edit-metadata: 1.5341543853282928
  landing: 0.8499811105430126
  view-data: 3.3299335837364197
