times:
  edit-metadata: 2.7626857236027718
  landing: 1.9295582175254822
  view-data: 3.87293753772974
