times:
  edit-metadata: 1.397947307676077
  landing: 0.8177039213478565
  view-data: 3.3299246430397034
