times:
  edit-metadata: 1.494532000273466
  landing: 0.9394468702375889
  view-data: 3.3871671371161938
