times:
  edit-metadata: 1.4275845661759377
  landing: 0.7607718631625175
  view-data: 3.3783793821930885
