times:
  edit-metadata: 1.349811352789402
  landing: 0.7987740635871887
  view-data: 3.6020646691322327
