times:
  edit-metadata: 1.5338270887732506
  landing: 0.9377657175064087
  view-data: 3.331664826720953
