times:
  edit-metadata: 1.567266646772623
  landing: 0.9217286631464958
  view-data: 3.3924643769860268
