times:
  edit-metadata: 1.8828567266464233
  landing: 0.9761289060115814
  view-data: 3.391196608543396
