times:
  edit-metadata: 1.362584076821804
  landing: 0.8259152173995972
  view-data: 3.3385647162795067
