times:
  edit-metadata: 1.3553709983825684
  landing: 0.8207548297941685
  view-data: 3.3080519437789917
