times:
  edit-metadata: 1.347110029309988
  landing: 0.8764960207045078
  view-data: 3.30660505220294
