times:
  edit-metadata: 1.5124826431274414
  landing: 0.7671597599983215
  view-data: 3.4627868309617043
