times:
  edit-metadata: 1.520308718085289
  landing: 0.9159361198544502
  view-data: 3.353282280266285
