times:
  edit-metadata: 1.510195031762123
  landing: 0.8418570980429649
  view-data: 3.3576573096215725
