times:
  edit-metadata: 1.4231342785060406
  landing: 0.8544518537819386
  view-data: 3.4490817934274673
