times:
  edit-metadata: 1.4303140230476856
  landing: 0.8511746563017368
  view-data: 3.3080754317343235
