times:
  edit-metadata: 1.4880267679691315
  landing: 1.3782354444265366
  view-data: 3.3276738673448563
