times:
  edit-metadata: 1.4591404795646667
  landing: 0.8730143271386623
  view-data: 3.311143219470978
