times:
  edit-metadata: 1.5414509996771812
  landing: 0.8424709886312485
  view-data: 3.480053626000881
