times:
  edit-metadata: 1.4204287007451057
  landing: 0.7045631036162376
  view-data: 3.361539602279663
