times:
  edit-metadata: 1.4341258332133293
  landing: 0.7334687858819962
  view-data: 3.498751722276211
