times:
  edit-metadata: 1.4026212468743324
  landing: 0.7671491876244545
  view-data: 3.448153831064701
