times:
  edit-metadata: 1.3866108283400536
  landing: 0.845007598400116
  view-data: 3.461189940571785
