times:
  edit-metadata: 1.9291741475462914
  landing: 1.3327984511852264
  view-data: 3.821354404091835
