times:
  edit-metadata: 1.3524918481707573
  landing: 0.8646987043321133
  view-data: 3.3733681812882423
