times:
  edit-metadata: 1.4047645777463913
  landing: 0.9618160426616669
  view-data: 3.5753946378827095
