times:
  edit-metadata: 1.5169555246829987
  landing: 0.8617390245199203
  view-data: 3.470043309032917
