times:
  edit-metadata: 1.3667203187942505
  landing: 0.7932965606451035
  view-data: 3.454637497663498
