times:
  edit-metadata: 1.5784376040101051
  landing: 0.7752369418740273
  view-data: 3.4737450033426285
