times:
  edit-metadata: 1.4488737508654594
  landing: 0.8145641312003136
  view-data: 3.5000658184289932
