times:
  edit-metadata: 1.3721516206860542
  landing: 0.8033297136425972
  view-data: 3.4270897209644318
