times:
  edit-metadata: 1.508771926164627
  landing: 0.9487128406763077
  view-data: 3.483564332127571
