times:
  edit-metadata: 1.4266040958464146
  landing: 0.9389419443905354
  view-data: 3.4157658740878105
