times:
  edit-metadata: 2.1464514061808586
  landing: 1.3427055887877941
  view-data: 3.365541122853756
