times:
  edit-metadata: 1.4013375714421272
  landing: 0.8016144037246704
  view-data: 3.506593905389309
