times:
  edit-metadata: 1.4080214649438858
  landing: 0.7858194336295128
  view-data: 3.4864838644862175
