times:
  edit-metadata: 1.5315811596810818
  landing: 0.761237770318985
  view-data: 3.3034180402755737
