times:
  edit-metadata: 1.5035363361239433
  landing: 0.782144695520401
  view-data: 3.30537635833025
