times:
  edit-metadata: 1.3696130514144897
  landing: 0.7592814117670059
  view-data: 3.442095495760441
