times:
  edit-metadata: 1.8115770071744919
  landing: 1.1062450222671032
  view-data: 3.260851614177227
