times:
  edit-metadata: 1.5001986250281334
  landing: 0.8677292577922344
  view-data: 3.4370411708950996
