times:
  edit-metadata: 1.2043303772807121
  landing: 0.8955882638692856
  view-data: 3.51305740326643
