times:
  edit-metadata: 2.074552770704031
  landing: 1.2564911767840385
  view-data: 3.4457257129251957
