times:
  edit-metadata: 1.4486968368291855
  landing: 0.7718393355607986
  view-data: 3.591830186545849
