times:
  edit-metadata: 1.4378197267651558
  landing: 0.8034878000617027
  view-data: 3.5354323983192444
