times:
  edit-metadata: 1.420925848186016
  landing: 0.9281480833888054
  view-data: 3.340170755982399
