times:
  edit-metadata: 1.396424449980259
  landing: 0.7809840887784958
  view-data: 3.4340685084462166
