times:
  edit-metadata: 1.404082853347063
  landing: 0.8758245185017586
  view-data: 3.29305699467659
