times:
  edit-metadata: 1.4114800803363323
  landing: 0.7077200077474117
  view-data: 3.3574914261698723
