times:
  edit-metadata: 1.4147763922810555
  landing: 0.777536902576685
  view-data: 3.2859507873654366
