times:
  edit-metadata: 1.435828372836113
  landing: 0.7317619994282722
  view-data: 3.467723697423935
