times:
  edit-metadata: 1.4703904800117016
  landing: 0.7926979698240757
  view-data: 3.353238273411989
