times:
  edit-metadata: 1.402717337012291
  landing: 0.7968504875898361
  view-data: 3.4285236820578575
