times:
  edit-metadata: 1.3863066211342812
  landing: 0.7731330841779709
  view-data: 3.275436919182539
