times:
  edit-metadata: 1.452971026301384
  landing: 0.7463190332055092
  view-data: 3.4652377516031265
