times:
  edit-metadata: 1.4815591499209404
  landing: 0.8245872668921947
  view-data: 3.302415806800127
