times:
  edit-metadata: 1.46036908775568
  landing: 0.7531593963503838
  view-data: 3.433795288205147
