times:
  edit-metadata: 1.5017313584685326
  landing: 0.8146585151553154
  view-data: 3.5288211926817894
