times:
  edit-metadata: 1.59367173910141
  landing: 0.9610230028629303
  view-data: 3.576697364449501
