times:
  edit-metadata: 1.367413453757763
  landing: 0.8423386216163635
  view-data: 3.3847216069698334
