times:
  edit-metadata: 1.371939241886139
  landing: 1.0243028923869133
  view-data: 3.542726591229439
