times:
  edit-metadata: 1.425445657223463
  landing: 0.8977105244994164
  view-data: 3.2787841260433197
