times:
  edit-metadata: 1.548079565167427
  landing: 0.9101543910801411
  view-data: 3.397779658436775
