times:
  edit-metadata: 1.5104323625564575
  landing: 0.7155752778053284
  view-data: 3.3463536128401756
