times:
  edit-metadata: 1.4925879165530205
  landing: 0.8086444213986397
  view-data: 3.5065974816679955
