times:
  edit-metadata: 1.3779772222042084
  landing: 0.7690433785319328
  view-data: 3.4478001073002815
