times:
  edit-metadata: 1.4829733483493328
  landing: 0.8711020834743977
  view-data: 3.298981923609972
