times:
  edit-metadata: 1.415134772658348
  landing: 0.8091900199651718
  view-data: 3.54935971647501
