times:
  edit-metadata: 1.341594859957695
  landing: 0.7883456572890282
  view-data: 3.2592961862683296
