times:
  edit-metadata: 1.4744108244776726
  landing: 0.8660962134599686
  view-data: 3.4740186482667923
