times:
  edit-metadata: 2.1082794666290283
  landing: 1.2136692702770233
  view-data: 3.5854604840278625
