times:
  edit-metadata: 1.451999545097351
  landing: 0.7691579908132553
  view-data: 3.5373837277293205
