times:
  edit-metadata: 1.6479128412902355
  landing: 0.8879223205149174
  view-data: 3.3888100646436214
