times:
  edit-metadata: 2.071196012198925
  landing: 1.5711201950907707
  view-data: 3.5419113114476204
