times:
  edit-metadata: 1.4207884669303894
  landing: 0.8534671887755394
  view-data: 3.3466710299253464
