times:
  edit-metadata: 1.490895502269268
  landing: 0.8619614504277706
  view-data: 3.32792516797781
