times:
  edit-metadata: 1.4839524924755096
  landing: 0.8647065572440624
  view-data: 3.349194135516882
