times:
  edit-metadata: 1.7103609815239906
  landing: 1.0769499279558659
  view-data: 3.445254284888506
