times:
  edit-metadata: 1.4792411774396896
  landing: 0.7678961753845215
  view-data: 3.268455758690834
