times:
  edit-metadata: 1.4219424724578857
  landing: 0.7715447545051575
  view-data: 3.2890294827520847
