times:
  edit-metadata: 1.4437186755239964
  landing: 1.0394146777689457
  view-data: 3.3507248610258102
