times:
  edit-metadata: 1.4758615419268608
  landing: 0.7825563251972198
  view-data: 3.5088624879717827
