times:
  edit-metadata: 1.4217239990830421
  landing: 0.875019732862711
  view-data: 3.279415722936392
