times:
  edit-metadata: 1.8240966498851776
  landing: 1.3026486784219742
  view-data: 3.557437054812908
