times:
  edit-metadata: 1.4959733188152313
  landing: 0.8122593238949776
  view-data: 3.4390409141778946
