times:
  edit-metadata: 1.583561360836029
  landing: 1.3644762113690376
  view-data: 3.3888344019651413
