times:
  edit-metadata: 1.4458207935094833
  landing: 0.7999792844057083
  view-data: 3.501019723713398
