times:
  edit-metadata: 1.526731587946415
  landing: 0.746913019567728
  view-data: 3.337585337460041
