times:
  edit-metadata: 1.4629844799637794
  landing: 0.8572106286883354
  view-data: 3.3232502713799477
