times:
  edit-metadata: 2.5328151285648346
  landing: 1.4437298402190208
  view-data: 3.6430050507187843
