times:
  edit-metadata: 1.561729285866022
  landing: 0.9169204644858837
  view-data: 3.3162537589669228
