times:
  edit-metadata: 1.560871284455061
  landing: 0.9163624309003353
  view-data: 3.310349650681019
