times:
  edit-metadata: 1.4649288058280945
  landing: 0.8480708710849285
  view-data: 3.3172462172806263
