times:
  edit-metadata: 1.409009676426649
  landing: 0.9106922335922718
  view-data: 3.3514707796275616
