times:
  edit-metadata: 1.4645953103899956
  landing: 0.890560656785965
  view-data: 3.4166187420487404
