times:
  edit-metadata: 1.4042716547846794
  landing: 0.8397249318659306
  view-data: 3.3175691701471806
