times:
  edit-metadata: 1.6159473694860935
  landing: 0.865879338234663
  view-data: 3.3368564918637276
