times:
  edit-metadata: 1.3443321362137794
  landing: 0.7796539068222046
  view-data: 3.5279187485575676
