times:
  edit-metadata: 1.5245904065668583
  landing: 0.7831842936575413
  view-data: 3.5561722069978714
