times:
  edit-metadata: 1.37491824477911
  landing: 0.7204603776335716
  view-data: 3.5825390592217445
