times:
  edit-metadata: 1.7617250084877014
  landing: 1.1790443696081638
  view-data: 3.371178064495325
