times:
  edit-metadata: 1.5077940598130226
  landing: 0.9618832990527153
  view-data: 3.3416581824421883
