times:
  edit-metadata: 1.3235763981938362
  landing: 0.7244848310947418
  view-data: 3.5055483877658844
