times:
  edit-metadata: 1.5007171779870987
  landing: 0.8404649719595909
  view-data: 3.4645900279283524
