times:
  edit-metadata: 1.5250426828861237
  landing: 0.822020772844553
  view-data: 3.279515665024519
