times:
  edit-metadata: 1.4320895075798035
  landing: 0.8052921444177628
  view-data: 3.363710179924965
