times:
  edit-metadata: 1.7354980371892452
  landing: 1.7546654641628265
  view-data: 3.2833043187856674
