times:
  edit-metadata: 1.390324927866459
  landing: 0.8484057709574699
  view-data: 3.3817718252539635
