times:
  edit-metadata: 1.4246947094798088
  landing: 0.8140159547328949
  view-data: 3.469394437968731
