times:
  edit-metadata: 1.4185527563095093
  landing: 0.8001791685819626
  view-data: 3.5280174240469933
