times:
  edit-metadata: 1.4243158251047134
  landing: 0.7301621437072754
  view-data: 3.4711519554257393
