times:
  edit-metadata: 1.4757717289030552
  landing: 0.8147852271795273
  view-data: 3.274843905121088
