times:
  edit-metadata: 1.4997149556875229
  landing: 0.9271516054868698
  view-data: 3.4045177698135376
