times:
  edit-metadata: 1.5271564349532127
  landing: 0.7367839813232422
  view-data: 3.2751695588231087
