times:
  edit-metadata: 1.441194947808981
  landing: 0.7549222260713577
  view-data: 3.3502894267439842
