times:
  edit-metadata: 1.5634397864341736
  landing: 0.9676253497600555
  view-data: 3.4106041714549065
