times:
  edit-metadata: 1.5185619443655014
  landing: 0.9444198757410049
  view-data: 3.3167910426855087
