times:
  edit-metadata: 1.580092765390873
  landing: 0.8408616743981838
  view-data: 3.2880039736628532
