times:
  edit-metadata: 1.3483524695038795
  landing: 0.8414599299430847
  view-data: 3.501735784113407
