times:
  edit-metadata: 1.5363044142723083
  landing: 0.7924088165163994
  view-data: 3.4736620411276817
