times:
  edit-metadata: 1.3845225498080254
  landing: 0.7121164053678513
  view-data: 3.43436399102211
