times:
  edit-metadata: 1.4158428385853767
  landing: 0.7936674207448959
  view-data: 3.3102539032697678
