times:
  edit-metadata: 1.4354747645556927
  landing: 0.8738131076097488
  view-data: 3.3112801536917686
