times:
  edit-metadata: 1.450608529150486
  landing: 0.9024718403816223
  view-data: 3.5379635840654373
