times:
  edit-metadata: 1.4803408049046993
  landing: 0.9270092807710171
  view-data: 3.3207692354917526
