times:
  edit-metadata: 1.6520290523767471
  landing: 0.9397332221269608
  view-data: 3.3916996344923973
