times:
  edit-metadata: 1.4209443256258965
  landing: 0.8858979940414429
  view-data: 3.46656546741724
