times:
  edit-metadata: 1.4368511140346527
  landing: 0.9216542541980743
  view-data: 3.740959219634533
