times:
  edit-metadata: 1.3951756358146667
  landing: 0.7749106585979462
  view-data: 3.490735076367855
