times:
  edit-metadata: 1.4661344438791275
  landing: 0.773265078663826
  view-data: 3.478679820895195
