times:
  edit-metadata: 1.5035352259874344
  landing: 0.799692690372467
  view-data: 3.2597233578562737
