times:
  edit-metadata: 1.3767057284712791
  landing: 0.8694908767938614
  view-data: 3.601699933409691
