times:
  edit-metadata: 1.3896176517009735
  landing: 0.815204918384552
  view-data: 3.5079557448625565
