times:
  edit-metadata: 1.4612768664956093
  landing: 0.9273259118199348
  view-data: 3.4823818504810333
