times:
  edit-metadata: 1.4166579023003578
  landing: 0.7453234493732452
  view-data: 3.4699387922883034
