times:
  edit-metadata: 1.4317403733730316
  landing: 0.8165711387991905
  view-data: 3.2876632884144783
