times:
  edit-metadata: 2.116865761578083
  landing: 0.9753982163965702
  view-data: 3.3471811078488827
