times:
  edit-metadata: 1.4333600774407387
  landing: 0.7340926751494408
  view-data: 3.4288435503840446
