times:
  edit-metadata: 1.5351910814642906
  landing: 0.973233088850975
  view-data: 3.3070919811725616
