times:
  edit-metadata: 1.5320148281753063
  landing: 0.9219644106924534
  view-data: 3.335226286202669
