times:
  edit-metadata: 1.3688504546880722
  landing: 0.7728171050548553
  view-data: 3.449579209089279
