times:
  edit-metadata: 1.4004524871706963
  landing: 0.8426891788840294
  view-data: 3.477491207420826
