times:
  edit-metadata: 1.4233665689826012
  landing: 0.8461344465613365
  view-data: 3.322981059551239
