times:
  edit-metadata: 1.365260548889637
  landing: 0.8114116191864014
  view-data: 3.4324965700507164
