times:
  edit-metadata: 1.4186977595090866
  landing: 0.753287747502327
  view-data: 3.5307861864566803
