times:
  edit-metadata: 1.4897254556417465
  landing: 0.8088966906070709
  view-data: 3.326128274202347
