times:
  edit-metadata: 0.5976525109726936
  landing: 0.04724444216117263
  view-data: 0.18796671484597027
