times:
  edit-metadata: 1.4741992242634296
  landing: 0.8039492033421993
  view-data: 3.3511641025543213
