times:
  edit-metadata: 1.3329206304624677
  landing: 0.17802508547902107
  view-data: 0.4459943547844887
