times:
  edit-metadata: 0.49822717532515526
  landing: 0.6225209087133408
  view-data: 0.18030363507568836
