times:
  edit-metadata: 0.4269778779707849
  landing: 0.05964788002893329
  view-data: 0.20677988999523222
