times:
  edit-metadata: 1.4930500593036413
  landing: 0.7677120305597782
  view-data: 3.359963537193835
