times:
  edit-metadata: 0.4291116390377283
  landing: 0.04029572755098343
  view-data: 0.2021758696064353
