times:
  edit-metadata: 1.686158038675785
  landing: 0.9786630868911743
  view-data: 3.352085754275322
