times:
  edit-metadata: 0.8260680069215596
  landing: 0.0590422241948545
  view-data: 0.18849661108106375
