times:
  edit-metadata: 0.619762129150331
  landing: 0.15583106991834939
  view-data: 0.20158164901658893
