times:
  edit-metadata: 1.4195856973528862
  landing: 0.7953602261841297
  view-data: 3.304053157567978
