times:
  edit-metadata: 0.4503698101034388
  landing: 0.05378617707174271
  view-data: 0.20192504196893424
