times:
  landing: 0.5574249249999639
  view-data: 0.5596769740000127
