times:
  edit-metadata: 0.45532570919021964
  landing: 0.05530179897323251
  view-data: 0.20502478606067598
