times:
  edit-metadata: 1.283527771010995
  landing: 0.01933748461306095
  view-data: 0.12236940860748291
