times:
  edit-metadata: 1.3732102811336517
  landing: 0.652568306773901
  view-data: 3.3237289246171713
