times:
  edit-metadata: 0.49928987585008144
  landing: 0.5520652402192354
  view-data: 0.18879227340221405
