times:
  edit-metadata: 0.42722957697696984
  landing: 0.06614116788841784
  view-data: 0.21393345715478063
