times:
  edit-metadata: 0.43445951398462057
  landing: 0.0424416633322835
  view-data: 0.20523636043071747
