times:
  edit-metadata: 1.3809389509260654
  landing: 0.8373674862086773
  view-data: 3.355410326272249
