times:
  landing: 1.0919585789999928
  view-data: 0.5509593589999895
