times:
  landing: 0.5492170729999657
  view-data: 0.5465208939999684
