times:
  edit-metadata: 0.6497378599597141
  landing: 0.05296796001493931
  view-data: 0.19626237999182194
