times:
  edit-metadata: 0.5559726748615503
  landing: 0.8657162636518478
  view-data: 0.4390737395733595
