times:
  edit-metadata: 1.4503611959517002
  landing: 0.7655607229098678
  view-data: 3.35548691265285
