times:
  edit-metadata: 1.5681671239435673
  landing: 0.8069772105664015
  view-data: 3.377199873328209
