times:
  edit-metadata: 1.3221344137564301
  landing: 0.02112817857414484
  view-data: 0.12922556418925524
