times:
  edit-metadata: 0.6030350034125149
  landing: 0.03897315729409456
  view-data: 0.19153380719944835
