times:
  landing: 0.5642730819999997
  view-data: 0.5568849900000146
