times:
  edit-metadata: 0.4405464450828731
  landing: 0.05502140591852367
  view-data: 0.20572291617281735
