times:
  edit-metadata: 0.5072421208024025
  landing: 0.7961836382746696
  view-data: 0.6495241690427065
