times:
  landing: 0.5450324309999814
  view-data: 0.549372194
