times:
  edit-metadata: 0.4222772438079119
  landing: 0.04467377346009016
  view-data: 0.8508744239807129
