times:
  edit-metadata: 1.534232471138239
  landing: 0.8541665803641081
  view-data: 3.398306494578719
