times:
  edit-metadata: 1.4886278845369816
  landing: 0.15476127341389656
  view-data: 0.42116106301546097
