times:
  landing: 0.5488625270000114
  view-data: 0.5556270740000002
