times:
  edit-metadata: 0.41777997463941574
  landing: 0.049804480746388435
  view-data: 0.20836024545133114
