times:
  edit-metadata: 0.5735901594161987
  landing: 0.04743393138051033
  view-data: 0.2005947008728981
