times:
  edit-metadata: 0.4182305209687911
  landing: 0.07020297698909417
  view-data: 0.21466070896713063
