times:
  landing: 0.6091732110000407
  view-data: 0.5779991179999797
