times:
  edit-metadata: 0.6069437639962416
  landing: 0.05363401700742543
  view-data: 0.19182949101377744
