times:
  edit-metadata: 0.43695675302296877
  landing: 0.04571381118148565
  view-data: 0.2051674979738891
