times:
  edit-metadata: 1.4311279812827706
  landing: 0.019259153865277767
  view-data: 0.2851715385913849
