times:
  edit-metadata: 0.8017701280768961
  landing: 0.046426685992628336
  view-data: 0.2021189669612795
