times:
  edit-metadata: 0.4214296550489962
  landing: 0.05067349225282669
  view-data: 0.19488224107772112
