times:
  landing: 0.5589893889999757
  view-data: 0.5691913519999616
