times:
  edit-metadata: 1.423404410481453
  landing: 0.871682345867157
  view-data: 3.3309225887060165
