times:
  landing: 0.5446595490000163
  view-data: 0.5506209459999809
