times:
  landing: 0.5471605919999547
  view-data: 0.5518556950000288
