times:
  landing: 0.5590401919999977
  view-data: 0.055501785000018344
