times:
  edit-metadata: 0.7245647665113211
  landing: 1.1403769981116056
  view-data: 0.6200943812727928
