times:
  edit-metadata: 1.4899618215858936
  landing: 0.022823413833975792
  view-data: 0.1586529277265072
