times:
  landing: 0.5551061990000221
  view-data: 0.5962285699999939
