times:
  edit-metadata: 0.535956934094429
  landing: 0.051392510533332825
  view-data: 0.18785494565963745
