times:
  edit-metadata: 1.7304533571004868
  landing: 0.7393140904605389
  view-data: 3.338409526273608
