times:
  edit-metadata: 1.2783430851995945
  landing: 0.019977242685854435
  view-data: 0.45964060351252556
