times:
  edit-metadata: 0.44860155700007454
  landing: 0.0512606090051122
  view-data: 0.21076524996897206
