times:
  edit-metadata: 0.8981547649018466
  landing: 0.08522683498449624
  view-data: 0.24313680897466838
