times:
  landing: 0.5675751740000123
  view-data: 0.559427573000022
