times:
  edit-metadata: 1.4222999271005392
  landing: 0.020920494571328163
  view-data: 0.14875980466604233
