times:
  edit-metadata: 0.6625918359495699
  landing: 0.11669925693422556
  view-data: 0.2584324302151799
