times:
  landing: 0.5414660669999876
  view-data: 0.5499905680000268
