times:
  edit-metadata: 1.6538822315633297
  landing: 0.8439574521034956
  view-data: 3.4770251493901014
