times:
  edit-metadata: 1.641511745750904
  landing: 0.8183388188481331
  view-data: 3.4384318962693214
