times:
  edit-metadata: 1.3547976349946111
  landing: 0.3112758020288311
  view-data: 0.3005356130306609
