times:
  edit-metadata: 1.3665644628927112
  landing: 0.020260876044631004
  view-data: 0.44581659603863955
