times:
  edit-metadata: 0.5078031048178673
  landing: 0.572326535359025
  view-data: 0.6003776844590902
