times:
  edit-metadata: 1.498166210949421
  landing: 0.32634156942367554
  view-data: 0.5600391831248999
