times:
  edit-metadata: 0.4530671130050905
  landing: 0.04830857797060162
  view-data: 0.22049449500627816
