times:
  edit-metadata: 1.5831622537225485
  landing: 0.7280902955681086
  view-data: 3.353065140545368
