times:
  landing: 1.060143998000001
  view-data: 0.5486043740000355
