times:
  edit-metadata: 0.46842261900019366
  landing: 0.05737880700326059
  view-data: 0.21404721699946094
