times:
  edit-metadata: 1.3105214284732938
  landing: 0.12134633585810661
  view-data: 0.024930418469011784
