times:
  edit-metadata: 1.8357826247811317
  landing: 1.0455469004809856
  view-data: 3.2946245186030865
