times:
  edit-metadata: 1.374081414192915
  landing: 0.1706761848181486
  view-data: 0.314659109339118
