times:
  landing: 0.5803620230000206
  view-data: 0.5591298050000262
