times:
  edit-metadata: 1.3701855149120092
  landing: 1.293064741883427
  view-data: 3.336691239848733
