times:
  edit-metadata: 0.5587073154747486
  landing: 0.04818694293498993
  view-data: 0.19992762804031372
