times:
  edit-metadata: 1.3786290045827627
  landing: 0.19027764536440372
  view-data: 0.3203940615057945
