times:
  edit-metadata: 0.5542555004358292
  landing: 0.046850286424160004
  view-data: 0.19344044849276543
