times:
  edit-metadata: 1.5274143517017365
  landing: 0.738687127828598
  view-data: 3.3911184202879667
