times:
  edit-metadata: 1.5327433561906219
  landing: 0.839344946667552
  view-data: 3.456805164925754
