times:
  edit-metadata: 1.4742359602823853
  landing: 0.8457774962298572
  view-data: 3.3250685459934175
