times:
  edit-metadata: 0.5183256510063075
  landing: 0.06607288599479944
  view-data: 0.22856665299332235
