times:
  edit-metadata: 1.3036647448316216
  landing: 0.020407660864293575
  view-data: 0.12772383261471987
