times:
  edit-metadata: 0.4446742311120033
  landing: 0.040018838830292225
  view-data: 0.1953628589399159
