times:
  edit-metadata: 1.8438460864126682
  landing: 1.0920628421008587
  view-data: 3.338434772565961
