times:
  landing: 1.0814326249999908
  view-data: 0.5574202299999911
