times:
  edit-metadata: 0.44118123303633183
  landing: 0.04460245498921722
  view-data: 0.2251340929651633
