times:
  edit-metadata: 0.695235027000308
  landing: 0.12462423043325543
  view-data: 0.21520492993295193
