times:
  edit-metadata: 0.6308166491799057
  landing: 0.03953087795525789
  view-data: 0.1978173772804439
