times:
  edit-metadata: 0.5171230472624302
  landing: 0.05026382952928543
  view-data: 0.1963285394012928
