times:
  edit-metadata: 0.5489864815026522
  landing: 0.7681988794356585
  view-data: 0.18516072817146778
