times:
  edit-metadata: 1.5983012970536947
  landing: 0.7385944724082947
  view-data: 3.4308313578367233
