times:
  edit-metadata: 1.32895902171731
  landing: 0.12584407441318035
  view-data: 0.10298745799809694
