times:
  edit-metadata: 0.4350922940066084
  landing: 0.04789629497099668
  view-data: 0.2257117909612134
