times:
  edit-metadata: 0.6038315966725349
  landing: 0.6823583282530308
  view-data: 0.2238299548625946
