times:
  landing: 0.5583402170000227
  view-data: 0.5623577210000121
