times:
  edit-metadata: 0.4449206697754562
  landing: 0.04395562130957842
  view-data: 0.18984616175293922
