times:
  edit-metadata: 2.1780156455934048
  landing: 0.7663594707846642
  view-data: 3.443753771483898
