times:
  landing: 1.0806007799999975
  view-data: 0.5590299080000136
