times:
  edit-metadata: 0.4406952508725226
  landing: 0.04749519191682339
  view-data: 0.18937224987894297
