times:
  edit-metadata: 1.8269776795059443
  landing: 0.9918391276150942
  view-data: 3.511491345241666
