times:
  edit-metadata: 0.5192850567400455
  landing: 0.05007346346974373
  view-data: 0.18114961683750153
