times:
  edit-metadata: 0.584562536329031
  landing: 0.6531773861497641
  view-data: 0.1907798908650875
