times:
  landing: 0.5483218069999793
  view-data: 0.5517624500000124
