times:
  edit-metadata: 1.3372023347765207
  landing: 0.13722661323845387
  view-data: 0.32822488993406296
