times:
  edit-metadata: 0.7826662759762257
  landing: 0.06436533899977803
  view-data: 0.1980903830844909
