times:
  edit-metadata: 1.5783538110554218
  landing: 0.7816095501184464
  view-data: 3.3996092178858817
