times:
  edit-metadata: 1.2983034569770098
  landing: 0.113848433829844
  view-data: 0.12493022717535496
