times:
  landing: 0.5527490040000202
  view-data: 0.5582305340000175
