times:
  edit-metadata: 1.5677050687372684
  landing: 0.7314113080501556
  view-data: 3.352453827857971
