times:
  landing: 1.079896213999973
  view-data: 0.5620855610000035
