times:
  edit-metadata: 0.6527594510116614
  landing: 0.08181629501632415
  view-data: 0.22929450598894618
