times:
  edit-metadata: 1.605359360575676
  landing: 0.9344960749149323
  view-data: 3.341059383004904
