times:
  edit-metadata: 1.6208631936460733
  landing: 0.821752056479454
  view-data: 3.4398541431874037
