times:
  edit-metadata: 0.43732015509158373
  landing: 0.06795758102089167
  view-data: 0.2210485963150859
