times:
  landing: 1.0665924350000182
  view-data: 0.5522631250000245
