times:
  edit-metadata: 0.7853223340352997
  landing: 0.041964834090322256
  view-data: 0.19334879494272172
