times:
  edit-metadata: 1.6703280955553055
  landing: 1.084114395081997
  view-data: 3.4941591545939445
