times:
  edit-metadata: 0.541146663017571
  landing: 0.04507286299485713
  view-data: 0.21996386104729027
