times:
  edit-metadata: 0.638509355019778
  landing: 0.045691706996876746
  view-data: 0.19274142303038388
