times:
  edit-metadata: 0.503436349099502
  landing: 0.06576549494639039
  view-data: 0.21259386907331645
