times:
  edit-metadata: 0.5272011328488588
  landing: 0.665868479758501
  view-data: 0.19392278790473938
