times:
  edit-metadata: 1.5566088110208511
  landing: 0.8611985929310322
  view-data: 3.4195913523435593
