times:
  edit-metadata: 0.6967549021355808
  landing: 0.052687976974993944
  view-data: 0.24239166802726686
