times:
  edit-metadata: 1.3087798431515694
  landing: 0.01822049543261528
  view-data: 0.02666720375418663
