times:
  edit-metadata: 1.545917047187686
  landing: 0.7803989555686712
  view-data: 3.4364088159054518
