times:
  edit-metadata: 0.628288537991466
  landing: 0.05046486100764014
  view-data: 0.19430005399044603
