times:
  landing: 1.1262457729999937
  view-data: 0.5589507549999553
