times:
  edit-metadata: 0.49571945518255234
  landing: 0.5485304240137339
  view-data: 0.20709282904863358
