times:
  edit-metadata: 0.6140445130877197
  landing: 0.1227648863568902
  view-data: 0.24067036295309663
