times:
  edit-metadata: 1.4048807211220264
  landing: 0.9555612988770008
  view-data: 0.5006175749003887
