times:
  edit-metadata: 1.6202327348291874
  landing: 0.835368201136589
  view-data: 3.4052404798567295
