times:
  edit-metadata: 0.45502426801249385
  landing: 0.055303473956882954
  view-data: 0.19361425004899502
