times:
  edit-metadata: 0.5188524909317493
  landing: 0.05194975063204765
  view-data: 0.1942165493965149
