times:
  edit-metadata: 1.2763218013569713
  landing: 0.019817263819277287
  view-data: 0.02418542094528675
