times:
  edit-metadata: 0.4832461230107583
  landing: 0.05554552003741264
  view-data: 0.21533048496348783
