times:
  edit-metadata: 0.5062595773488283
  landing: 0.7290105316787958
  view-data: 0.31416204012930393
