times:
  edit-metadata: 0.4222911950200796
  landing: 0.0681619057431817
  view-data: 0.21169238397851586
