times:
  edit-metadata: 1.607983535155654
  landing: 0.7849200926721096
  view-data: 3.405690060928464
