times:
  edit-metadata: 0.4468539757654071
  landing: 0.04663043096661568
  view-data: 0.18860279489308596
