times:
  edit-metadata: 1.896657387726009
  landing: 1.2966110492125154
  view-data: 3.6236872328445315
