times:
  landing: 1.071865334999984
  view-data: 0.5501480289999563
