times:
  edit-metadata: 0.8390476820059121
  landing: 0.05523671396076679
  view-data: 0.1943877418525517
