times:
  edit-metadata: 0.5096704605966806
  landing: 0.8959418535232544
  view-data: 0.28432977944612503
