times:
  edit-metadata: 0.6245687580667436
  landing: 0.04829176235944033
  view-data: 0.19400050584226847
