times:
  edit-metadata: 0.5301224159775302
  landing: 0.04472185100894421
  view-data: 0.21124948398210108
