times:
  edit-metadata: 1.5115145798772573
  landing: 0.733369629830122
  view-data: 3.397757651284337
