times:
  edit-metadata: 1.5044372621923685
  landing: 0.19641599990427494
  view-data: 0.054706400260329247
