times:
  edit-metadata: 0.5185468997806311
  landing: 1.1458024494349957
  view-data: 0.2974823508411646
