times:
  landing: 0.5432570559999874
  view-data: 0.5516408940000019
