times:
  edit-metadata: 0.5224764533340931
  landing: 0.050467025488615036
  view-data: 0.18617799133062363
