times:
  edit-metadata: 1.4046417325735092
  landing: 0.24623499810695648
  view-data: 0.12806574255228043
