times:
  edit-metadata: 1.3494663462042809
  landing: 0.017851674929261208
  view-data: 0.023879440501332283
