times:
  edit-metadata: 1.0884005120024085
  landing: 0.13106664101360366
  view-data: 0.2505239660385996
