times:
  edit-metadata: 1.4891616143286228
  landing: 0.8832783438265324
  view-data: 3.392839565873146
