times:
  edit-metadata: 0.6880203150212765
  landing: 0.048713013995438814
  view-data: 0.1998987840488553
