times:
  edit-metadata: 1.605102002620697
  landing: 0.8937556762248278
  view-data: 3.4887891318649054
