times:
  edit-metadata: 0.5649125948548317
  landing: 0.8569794204086065
  view-data: 0.1822238191962242
