times:
  edit-metadata: 0.5291589386761189
  landing: 0.04456867277622223
  view-data: 0.18588819354772568
