times:
  edit-metadata: 0.4444134780205786
  landing: 0.04426257824525237
  view-data: 0.20472214370965958
