times:
  edit-metadata: 1.527893440797925
  landing: 0.22617285884916782
  view-data: 0.3411761838942766
