times:
  edit-metadata: 1.280695142224431
  landing: 0.022038618102669716
  view-data: 0.20390386041253805
