times:
  edit-metadata: 0.5185676421970129
  landing: 1.2300607282668352
  view-data: 0.4127215575426817
