times:
  edit-metadata: 0.48061130894348025
  landing: 0.05247710132971406
  view-data: 0.34385730512440205
