times:
  landing: 1.0737959770000316
  view-data: 0.5557167910000089
