times:
  edit-metadata: 0.42017735401168466
  landing: 0.07015616097487509
  view-data: 0.21774087997619063
