times:
  edit-metadata: 0.46638124994933605
  landing: 0.04310242738574743
  view-data: 0.1958734686486423
