times:
  edit-metadata: 1.4515395052731037
  landing: 0.8837545625865459
  view-data: 3.4118723049759865
