times:
  landing: 1.066896853000003
  view-data: 0.5651353949999702
