times:
  landing: 0.5399764129999767
  view-data: 0.5420450980000169
