times:
  edit-metadata: 1.2802435690537095
  landing: 0.019816246815025806
  view-data: 0.21315003372728825
