times:
  landing: 1.0805500550000033
  view-data: 0.5560905650000052
