times:
  edit-metadata: 0.5167504549026489
  landing: 0.04187380149960518
  view-data: 0.19714976474642754
