times:
  edit-metadata: 0.6772870979912113
  landing: 0.04434162098914385
  view-data: 0.20505936900735833
