times:
  edit-metadata: 0.5173501269891858
  landing: 0.0561868489603512
  view-data: 0.21681819902732968
