times:
  edit-metadata: 1.3262922363355756
  landing: 0.04154485836625099
  view-data: 0.025703445076942444
