times:
  edit-metadata: 0.7155484291724861
  landing: 0.04785519279539585
  view-data: 0.18892638199031353
