times:
  edit-metadata: 1.4549590144306421
  landing: 0.23540336824953556
  view-data: 0.31942208111286163
