times:
  edit-metadata: 1.990226305089891
  landing: 1.0867857858538628
  view-data: 3.6056824708357453
