times:
  edit-metadata: 0.4910879787057638
  landing: 0.5756447669118643
  view-data: 0.5972051713615656
