times:
  edit-metadata: 0.5194417089223862
  landing: 0.04588581994175911
  view-data: 0.1915132887661457
