times:
  edit-metadata: 0.6508118733763695
  landing: 0.6059936042875051
  view-data: 0.2028170172125101
