times:
  edit-metadata: 1.5996362064033747
  landing: 0.7441687751561403
  view-data: 3.788839293643832
