times:
  landing: 0.5523732259999861
  view-data: 0.5553089539999974
