times:
  edit-metadata: 0.5082421039696783
  landing: 0.0692902710288763
  view-data: 0.21227439993526787
