times:
  edit-metadata: 1.5400309599936008
  landing: 0.30683510936796665
  view-data: 0.42900943569839
