times:
  edit-metadata: 1.3541821101680398
  landing: 0.09712127968668938
  view-data: 0.10077820904552937
