times:
  edit-metadata: 1.3159605311229825
  landing: 0.020441892556846142
  view-data: 0.028695632703602314
