times:
  edit-metadata: 1.2926649525761604
  landing: 0.15014139097183943
  view-data: 0.325774610042572
