times:
  edit-metadata: 0.49552263133227825
  landing: 1.1565103828907013
  view-data: 0.44720375537872314
