times:
  edit-metadata: 1.3246968183666468
  landing: 0.1720891846343875
  view-data: 0.1214383002370596
