times:
  edit-metadata: 0.6249811886809766
  landing: 0.04047307604923844
  view-data: 0.19359688507393003
