times:
  edit-metadata: 0.4301019753329456
  landing: 0.048459438141435385
  view-data: 0.19490998378023505
