times:
  edit-metadata: 1.3226383915171027
  landing: 0.10963792260736227
  view-data: 0.402038112282753
