times:
  edit-metadata: 0.6231174729764462
  landing: 0.08753716386854649
  view-data: 0.2226138049736619
