times:
  landing: 1.0923503809999602
  view-data: 0.5541371410000124
