times:
  edit-metadata: 1.5023607034236193
  landing: 0.7570377755910158
  view-data: 3.364753995090723
