times:
  edit-metadata: 1.4027878195047379
  landing: 0.7269065678119659
  view-data: 3.304228115826845
