times:
  edit-metadata: 0.5130746429786086
  landing: 0.0518150869756937
  view-data: 0.20299105579033494
