times:
  edit-metadata: 0.49685244960710406
  landing: 0.08541061356663704
  view-data: 0.21517650270834565
