times:
  edit-metadata: 1.5734566515311599
  landing: 0.7916513346135616
  view-data: 3.371974558569491
