times:
  edit-metadata: 0.5389609780395404
  landing: 0.04306933202315122
  view-data: 0.21252955700038
