times:
  edit-metadata: 1.4498209971934557
  landing: 0.8920779507607222
  view-data: 3.296249793842435
