times:
  edit-metadata: 0.4536004951223731
  landing: 0.08398732915520668
  view-data: 0.212326570879668
