times:
  edit-metadata: 0.4540144791826606
  landing: 0.04131257999688387
  view-data: 0.2008912917226553
