times:
  edit-metadata: 1.4169271379942074
  landing: 0.8601232740329579
  view-data: 3.573639885056764
