times:
  edit-metadata: 1.523332854732871
  landing: 0.7638659980148077
  view-data: 3.40482166595757
