times:
  edit-metadata: 1.4648324884474277
  landing: 0.7861894890666008
  view-data: 3.3902487233281136
