times:
  edit-metadata: 1.5342944120056927
  landing: 0.8696777769364417
  view-data: 3.3492472609505057
