times:
  edit-metadata: 1.4334080936387181
  landing: 0.01937625277787447
  view-data: 0.02608175203204155
