times:
  landing: 0.5447764820000032
  view-data: 0.5480519170000093
