times:
  edit-metadata: 0.6159340500016697
  landing: 0.1520238519879058
  view-data: 0.19668875000206754
