times:
  edit-metadata: 1.6005492452532053
  landing: 0.773686982691288
  view-data: 3.4057100797072053
