times:
  landing: 0.550555093000014
  view-data: 0.5619406569999796
