times:
  edit-metadata: 1.6130191646516323
  landing: 0.902160819619894
  view-data: 3.3466606736183167
