times:
  edit-metadata: 0.4349589738994837
  landing: 0.07775106420740485
  view-data: 0.20740868570283055
