times:
  edit-metadata: 1.4698381079360843
  landing: 0.8136105667799711
  view-data: 3.431531159672886
