times:
  edit-metadata: 1.5048903748393059
  landing: 0.702014148235321
  view-data: 3.378312226384878
