times:
  edit-metadata: 2.0075240656733513
  landing: 0.289784699678421
  view-data: 0.507349893450737
