times:
  edit-metadata: 0.5078608654439449
  landing: 0.05631614848971367
  view-data: 0.19178030639886856
