times:
  edit-metadata: 1.4030334907583892
  landing: 0.694247106090188
  view-data: 3.4723089281469584
