times:
  edit-metadata: 0.43393520708195865
  landing: 0.04022435192018747
  view-data: 0.22122965496964753
