times:
  edit-metadata: 1.5844483934342861
  landing: 0.9344624951481819
  view-data: 3.3508566208183765
