times:
  edit-metadata: 0.42978934408165514
  landing: 0.06148176803253591
  view-data: 0.2085507259471342
