times:
  edit-metadata: 0.5409714920679107
  landing: 0.04521901800762862
  view-data: 0.22119175095576793
