times:
  edit-metadata: 1.7365744346752763
  landing: 0.020780140534043312
  view-data: 0.2580378483980894
