times:
  edit-metadata: 0.42552640102803707
  landing: 0.04755246499553323
  view-data: 0.20961844874545932
