times:
  edit-metadata: 0.5278076827526093
  landing: 0.05029614269733429
  view-data: 0.19316315650939941
