times:
  edit-metadata: 1.6909605115652084
  landing: 0.14949898049235344
  view-data: 0.026034299284219742
