times:
  edit-metadata: 1.545747191645205
  landing: 0.7742832647636533
  view-data: 3.371534307487309
