times:
  landing: 0.5559791770000402
  view-data: 0.5537349650000465
