times:
  edit-metadata: 1.2821286339312792
  landing: 0.02150136884301901
  view-data: 0.12103765271604061
