times:
  edit-metadata: 1.4819918293505907
  landing: 0.12160452455282211
  view-data: 0.303155031055212
