times:
  edit-metadata: 0.6682788409816567
  landing: 0.04457355898921378
  view-data: 0.18741073299315758
