times:
  edit-metadata: 1.4864697689190507
  landing: 0.921183655038476
  view-data: 3.4213373037055135
