times:
  edit-metadata: 0.738196050748229
  landing: 0.07373200915753841
  view-data: 0.2848695912398398
