times:
  edit-metadata: 1.5739864148199558
  landing: 1.1001210324466228
  view-data: 3.3810586743056774
