times:
  edit-metadata: 1.7556596398353577
  landing: 0.9767105765640736
  view-data: 3.386367440223694
