times:
  edit-metadata: 0.6190372500568628
  landing: 0.04715161211788654
  view-data: 0.18104629591107368
