times:
  edit-metadata: 0.5262247882783413
  landing: 0.6033575963228941
  view-data: 0.30633293092250824
