times:
  landing: 0.5548667260000002
  view-data: 0.5747670060000019
