times:
  edit-metadata: 0.6553613478317857
  landing: 0.043701739981770515
  view-data: 0.19559889286756516
