times:
  edit-metadata: 0.43760580383241177
  landing: 0.07257749512791634
  view-data: 0.2171449540182948
