times:
  edit-metadata: 1.5727498345077038
  landing: 0.6824165359139442
  view-data: 3.3522354625165462
