times:
  edit-metadata: 1.3360093319788575
  landing: 0.02100501675158739
  view-data: 0.12648517917841673
