times:
  edit-metadata: 0.5028190091252327
  landing: 2.751654479652643
  view-data: 0.6444285660982132
