times:
  edit-metadata: 1.3339658305048943
  landing: 0.11614579893648624
  view-data: 0.024951067753136158
