times:
  edit-metadata: 0.6275977748446167
  landing: 0.05180955491960049
  view-data: 0.19536784198135138
