times:
  edit-metadata: 0.44444386498071253
  landing: 0.04775555711239576
  view-data: 0.20843197591602802
