times:
  edit-metadata: 1.2921779314056039
  landing: 0.02156779821962118
  view-data: 0.10096154548227787
