times:
  edit-metadata: 1.547672163695097
  landing: 0.9342473298311234
  view-data: 3.384837083518505
