times:
  edit-metadata: 1.391404464840889
  landing: 0.02033989690244198
  view-data: 0.02933720499277115
