times:
  edit-metadata: 1.4647483471781015
  landing: 0.6723394319415092
  view-data: 3.3355603963136673
