times:
  edit-metadata: 0.6458745058625937
  landing: 0.04633003193885088
  view-data: 0.19609568803571165
