times:
  edit-metadata: 0.4288152060471475
  landing: 0.06282788375392556
  view-data: 0.21239433297887444
