times:
  edit-metadata: 1.3847209457308054
  landing: 0.14971630461513996
  view-data: 0.3638831228017807
