times:
  edit-metadata: 1.6923380382359028
  landing: 0.9885474406182766
  view-data: 3.479844532907009
