times:
  landing: 0.547157014999982
  view-data: 0.549354988999994
