times:
  edit-metadata: 0.7395376898348331
  landing: 0.043696269392967224
  view-data: 0.206898745149374
