times:
  edit-metadata: 1.6486821994185448
  landing: 0.7047795057296753
  view-data: 3.4476921912282705
