times:
  edit-metadata: 1.3229583157226443
  landing: 0.15069963969290257
  view-data: 0.023097648285329342
