times:
  edit-metadata: 0.786448368919082
  landing: 0.04791055107489228
  view-data: 0.18973119102884084
