times:
  landing: 0.5533780920000027
  view-data: 0.556901468000035
