times:
  edit-metadata: 0.43001166312024
  landing: 0.05210663191974163
  view-data: 0.19640984013676643
