times:
  edit-metadata: 0.6171975280012703
  landing: 0.04538269199838396
  view-data: 0.19722153199836612
