times:
  edit-metadata: 0.49556997884064913
  landing: 0.07270922185853124
  view-data: 0.21238561207428575
