times:
  landing: 0.5475695490000021
  view-data: 0.5589430500000105
