times:
  edit-metadata: 1.3068129178136587
  landing: 0.1953764082863927
  view-data: 0.11819753423333168
