times:
  edit-metadata: 0.43347074708435684
  landing: 0.050000630086287856
  view-data: 0.20499495300464332
