times:
  edit-metadata: 2.37035056296736
  landing: 1.2893264489248395
  view-data: 3.53114065900445
