times:
  edit-metadata: 0.5348399169743061
  landing: 0.06758376210927963
  view-data: 0.2211999110877514
