times:
  landing: 0.5525286030000416
  view-data: 0.5619377890000123
