times:
  edit-metadata: 0.6922446377575397
  landing: 0.04676385223865509
  view-data: 0.182944618165493
