times:
  landing: 0.5545464510000215
  view-data: 0.5662084090000121
