times:
  edit-metadata: 0.46395159186795354
  landing: 0.043751380406320095
  view-data: 0.19383517559617758
