times:
  edit-metadata: 1.469285090919584
  landing: 0.7799350169952959
  view-data: 3.351979361148551
