times:
  edit-metadata: 0.4442743007093668
  landing: 0.05028973799198866
  view-data: 0.18925141636282206
