times:
  edit-metadata: 1.3962916610762477
  landing: 0.7594527807086706
  view-data: 3.358991215005517
