times:
  edit-metadata: 0.5154737625271082
  landing: 0.4708306733518839
  view-data: 0.1908983401954174
