times:
  edit-metadata: 1.4884357890114188
  landing: 0.7778418036177754
  view-data: 3.3414019718766212
