times:
  edit-metadata: 1.3506009513512254
  landing: 0.11479772161692381
  view-data: 0.024574008770287037
