times:
  edit-metadata: 0.443286654073745
  landing: 0.05331521015614271
  view-data: 0.189945911988616
