times:
  edit-metadata: 1.4749620705842972
  landing: 0.8615088537335396
  view-data: 3.37017934396863
