times:
  edit-metadata: 0.5428960956633091
  landing: 0.5212806854397058
  view-data: 0.18090511858463287
