times:
  edit-metadata: 0.5581536386162043
  landing: 0.6227771863341331
  view-data: 0.5975716523826122
