times:
  edit-metadata: 0.504319004714489
  landing: 0.8488329462707043
  view-data: 0.4326603189110756
