times:
  landing: 0.5554151339999862
  view-data: 0.5596405269999991
