times:
  edit-metadata: 1.7547606937587261
  landing: 0.8421593140810728
  view-data: 3.4426961354911327
