times:
  edit-metadata: 1.3092105882242322
  landing: 0.01930061634629965
  view-data: 0.023773394525051117
