times:
  edit-metadata: 1.7238202389562503
  landing: 0.8706960439449176
  view-data: 3.3984277941053733
