times:
  edit-metadata: 0.5893829360138625
  landing: 0.04468707402702421
  view-data: 0.18978856003377587
