times:
  landing: 0.5535729380000021
  view-data: 0.5544318419999854
