times:
  edit-metadata: 1.529454754665494
  landing: 0.7846781648695469
  view-data: 3.321225244551897
