times:
  edit-metadata: 1.2504158969968557
  landing: 0.021324978210031986
  view-data: 0.39835395105183125
