times:
  edit-metadata: 1.6865120008587837
  landing: 0.9538866560906172
  view-data: 3.4188569840043783
