times:
  edit-metadata: 0.4759114650078118
  landing: 0.05295037804171443
  view-data: 0.19764031935483217
