times:
  edit-metadata: 0.4233226589858532
  landing: 0.06631624093279243
  view-data: 0.2166191430296749
