times:
  edit-metadata: 1.7099841721355915
  landing: 0.9904866106808186
  view-data: 3.466444317251444
