times:
  edit-metadata: 1.3702947106212378
  landing: 0.12589875981211662
  view-data: 0.13715407997369766
