times:
  edit-metadata: 0.4200072588864714
  landing: 0.07421793299727142
  view-data: 0.33319843490608037
