times:
  edit-metadata: 1.5676331147551537
  landing: 0.7501627877354622
  view-data: 3.418957605957985
