times:
  edit-metadata: 1.3700830657035112
  landing: 0.027486354112625122
  view-data: 0.03222350776195526
