times:
  landing: 0.5519555929999456
  view-data: 0.05908356999998432
