times:
  edit-metadata: 1.2471829447895288
  landing: 0.021892535500228405
  view-data: 0.40373154915869236
