times:
  edit-metadata: 1.4345939718186855
  landing: 0.8934015557169914
  view-data: 3.3522988110780716
