times:
  edit-metadata: 0.5579260587692261
  landing: 0.052882008254528046
  view-data: 0.1883230172097683
