times:
  edit-metadata: 1.4168795254081488
  landing: 0.12625512294471264
  view-data: 0.12294532917439938
