times:
  edit-metadata: 1.571309832856059
  landing: 0.7569717913866043
  view-data: 3.401511276140809
