times:
  edit-metadata: 0.45197782292962074
  landing: 0.052178433164954185
  view-data: 0.1900538462214172
