times:
  edit-metadata: 0.4319381667301059
  landing: 0.05217346642166376
  view-data: 0.2009843187406659
