times:
  edit-metadata: 1.46920046210289
  landing: 0.9346424415707588
  view-data: 3.419870115816593
