times:
  landing: 1.0984592249999992
  view-data: 0.5557503360000169
