times:
  edit-metadata: 0.5139872282743454
  landing: 0.05100614205002785
  view-data: 0.1931380070745945
