times:
  edit-metadata: 0.44685978442430496
  landing: 0.045591602101922035
  view-data: 0.20196486357599497
