times:
  edit-metadata: 1.401172747835517
  landing: 0.20862503722310066
  view-data: 0.02655967604368925
