times:
  edit-metadata: 0.5458051208406687
  landing: 0.5190421715378761
  view-data: 0.19185449369251728
