times:
  edit-metadata: 1.743888245895505
  landing: 0.21602021344006062
  view-data: 0.37217739410698414
