times:
  edit-metadata: 0.6391803491860628
  landing: 0.11969810491427779
  view-data: 0.1877825353294611
