times:
  edit-metadata: 1.5018633021973073
  landing: 0.6667702361010015
  view-data: 3.313202862860635
