times:
  edit-metadata: 1.5831319587305188
  landing: 0.8578056888654828
  view-data: 3.4846500661224127
