times:
  edit-metadata: 1.270362944342196
  landing: 0.02130711078643799
  view-data: 0.024195989593863487
