times:
  landing: 0.5529429470000196
  view-data: 0.5583973249999872
