times:
  edit-metadata: 0.5149818658828735
  landing: 0.511374207213521
  view-data: 0.2063073068857193
