times:
  edit-metadata: 1.269528710283339
  landing: 0.023704775609076023
  view-data: 0.12952436413615942
