times:
  edit-metadata: 1.364530104212463
  landing: 0.021718072704970837
  view-data: 0.02424045465886593
