times:
  landing: 0.5408682119999924
  view-data: 0.5459790300000122
