times:
  edit-metadata: 1.2893457328900695
  landing: 0.02067203540354967
  view-data: 0.025221039541065693
