times:
  edit-metadata: 1.403417732566595
  landing: 0.02092541754245758
  view-data: 0.3088919594883919
