times:
  edit-metadata: 1.449750479310751
  landing: 0.7486143447458744
  view-data: 3.3116944953799248
