times:
  landing: 0.5887104050000289
  view-data: 0.5584420150000255
