times:
  landing: 0.5548214559999849
  view-data: 0.5543314269999939
