times:
  edit-metadata: 1.4338700287044048
  landing: 0.8300593234598637
  view-data: 3.295956451445818
