times:
  edit-metadata: 1.5459095612168312
  landing: 0.8641803842037916
  view-data: 3.446164423599839
