times:
  edit-metadata: 1.36051891092211
  landing: 0.13184952922165394
  view-data: 0.31183141097426414
