times:
  edit-metadata: 0.7084759239805862
  landing: 0.08732158501516096
  view-data: 0.22513293600059114
