times:
  landing: 0.5425328129999798
  view-data: 0.5552718180000511
