times:
  edit-metadata: 0.5225860476493835
  landing: 0.0544486828148365
  view-data: 0.19458072632551193
