times:
  edit-metadata: 1.3405422940850258
  landing: 0.12196466699242592
  view-data: 0.023001397028565407
