times:
  landing: 0.5462779540000042
  view-data: 0.5518907790000185
