times:
  edit-metadata: 1.5963911563158035
  landing: 0.9968299195170403
  view-data: 3.5600682981312275
