times:
  edit-metadata: 1.6831825785338879
  landing: 1.129811618477106
  view-data: 3.3610133789479733
