times:
  edit-metadata: 0.5259332709829323
  landing: 0.05219024996040389
  view-data: 0.22739843802992254
