times:
  edit-metadata: 1.3802101211622357
  landing: 0.11178376153111458
  view-data: 0.025894145481288433
