times:
  edit-metadata: 0.5335205085575581
  landing: 0.04652917757630348
  view-data: 0.18637444451451302
