times:
  landing: 1.5892605210000283
  view-data: 0.550874102000023
