times:
  edit-metadata: 1.4437370300292969
  landing: 0.8241197168827057
  view-data: 3.2914671786129475
