times:
  edit-metadata: 1.406132908537984
  landing: 0.849707031622529
  view-data: 3.374716093763709
