times:
  edit-metadata: 0.41992865316569805
  landing: 0.04251307435333729
  view-data: 0.23707782104611397
