times:
  edit-metadata: 0.4130816519900691
  landing: 0.07815235498128459
  view-data: 0.33511593099683523
