times:
  edit-metadata: 1.4653352331370115
  landing: 0.7546090178657323
  view-data: 3.3460061349906027
