times:
  edit-metadata: 1.094323572004214
  landing: 0.08743440103717148
  view-data: 0.23601182806305587
