times:
  edit-metadata: 0.5904377670376562
  landing: 0.15300363401183859
  view-data: 0.19659480295376852
