times:
  edit-metadata: 1.5961320847272873
  landing: 0.7887494675815105
  view-data: 3.366671724244952
