times:
  edit-metadata: 1.7710153367370367
  landing: 0.2800734229385853
  view-data: 0.29215241968631744
