times:
  edit-metadata: 1.459265511482954
  landing: 0.7591802962124348
  view-data: 3.2856367118656635
