times:
  edit-metadata: 1.4183469582349062
  landing: 0.019310224801301956
  view-data: 0.022106172516942024
