times:
  landing: 1.0707588549999514
  view-data: 0.5507055900000069
