times:
  edit-metadata: 1.4171831961721182
  landing: 0.02022634632885456
  view-data: 0.025525923818349838
