times:
  edit-metadata: 1.444817090407014
  landing: 0.7537851501256227
  view-data: 3.382982213050127
