times:
  edit-metadata: 0.7000502930022776
  landing: 0.04619760599962319
  view-data: 0.1947844089991122
