times:
  edit-metadata: 0.6270843850215897
  landing: 0.15833457803819329
  view-data: 0.18991834297776222
