times:
  edit-metadata: 0.5721140370005742
  landing: 0.05059531499955483
  view-data: 0.19310348900035024
