times:
  edit-metadata: 1.4506012555211782
  landing: 0.6136374492198229
  view-data: 3.3341250605881214
