times:
  landing: 0.5528743780000127
  view-data: 0.5537044309999715
