times:
  edit-metadata: 0.6523807388730347
  landing: 0.08876608405262232
  view-data: 0.24378749914467335
