times:
  edit-metadata: 1.279666604474187
  landing: 0.021237848326563835
  view-data: 0.12266771402209997
