times:
  edit-metadata: 3.752492574043572
  landing: 0.8527595549821854
  view-data: 0.6761302258819342
