times:
  landing: 0.5624211460000197
  view-data: 0.05232220700000312
