times:
  edit-metadata: 0.45786570524796844
  landing: 0.044786937069147825
  view-data: 0.19401187309995294
