times:
  edit-metadata: 1.4527566991746426
  landing: 0.019340606406331062
  view-data: 0.36710274033248425
