times:
  edit-metadata: 1.4202516078948975
  landing: 0.1372025329619646
  view-data: 0.025736376643180847
