times:
  edit-metadata: 1.3136226627975702
  landing: 0.022252067923545837
  view-data: 0.026501329615712166
