times:
  edit-metadata: 2.3601194731891155
  landing: 1.1277086911723018
  view-data: 3.43428454734385
