times:
  landing: 1.5959205220000285
  view-data: 0.5589860349999753
