times:
  edit-metadata: 0.41404924914240837
  landing: 0.050547465682029724
  view-data: 0.1987375421449542
