times:
  edit-metadata: 1.4948421902954578
  landing: 0.7583612948656082
  view-data: 3.3673220463097095
