times:
  edit-metadata: 0.49836602434515953
  landing: 0.5267016924917698
  view-data: 0.21752014011144638
