times:
  edit-metadata: 0.48719724267721176
  landing: 0.5954289082437754
  view-data: 0.1992520373314619
