times:
  edit-metadata: 0.5216542854905128
  landing: 0.05021202564239502
  view-data: 0.18234265223145485
