times:
  edit-metadata: 0.6461178080062382
  landing: 0.04477896401658654
  view-data: 0.19386607402702793
