times:
  edit-metadata: 0.4895222969353199
  landing: 0.7191522233188152
  view-data: 0.1884728167206049
