times:
  edit-metadata: 0.5318071991205215
  landing: 0.5765707232058048
  view-data: 0.17964676022529602
