times:
  edit-metadata: 0.6523310819175094
  landing: 0.05010899412445724
  view-data: 0.18703528703190386
