times:
  landing: 0.5935556340000403
  view-data: 0.5530665409999642
