times:
  edit-metadata: 0.6231858129613101
  landing: 0.039928982965648174
  view-data: 0.2065168977715075
