times:
  edit-metadata: 0.5333766117691994
  landing: 0.5651762094348669
  view-data: 0.5415182542055845
