times:
  edit-metadata: 1.4061201764270663
  landing: 0.7529073590412736
  view-data: 3.368563923984766
