times:
  edit-metadata: 0.5613016225397587
  landing: 0.6021070443093777
  view-data: 0.19332776963710785
