times:
  edit-metadata: 1.3256123140454292
  landing: 0.7257596417330205
  view-data: 3.3382496619597077
