times:
  edit-metadata: 0.5138004459440708
  landing: 0.05057717114686966
  view-data: 0.19084709137678146
