times:
  landing: 0.5633599260000324
  view-data: 0.5578880670000217
