times:
  edit-metadata: 0.5531887114048004
  landing: 0.05383194424211979
  view-data: 0.20819141529500484
