times:
  edit-metadata: 1.388605508953333
  landing: 0.8241657093167305
  view-data: 3.334662165492773
