times:
  edit-metadata: 0.4362118970602751
  landing: 0.0685307658277452
  view-data: 0.20036393823102117
