times:
  edit-metadata: 1.5353362672030926
  landing: 0.7929773908108473
  view-data: 3.4114710427820683
