times:
  edit-metadata: 1.7474154736846685
  landing: 0.019028520211577415
  view-data: 0.36844611912965775
