times:
  landing: 1.0793403380000086
  view-data: 0.557718326999975
