times:
  landing: 0.547616564000009
  view-data: 0.5527880559999403
