times:
  landing: 0.5410060069999929
  view-data: 0.5443546479999952
