times:
  edit-metadata: 1.368832353502512
  landing: 0.14551332965493202
  view-data: 0.34953214414417744
