times:
  edit-metadata: 0.513603312894702
  landing: 1.1329224053770304
  view-data: 0.5962216798216105
