times:
  edit-metadata: 0.7991529367864132
  landing: 0.07110678707249463
  view-data: 0.19542558281682432
