times:
  edit-metadata: 2.25326469168067
  landing: 1.1807503588497639
  view-data: 3.6326693315058947
