times:
  edit-metadata: 1.8429087102413177
  landing: 0.8148996978998184
  view-data: 3.285813957452774
