times:
  edit-metadata: 0.4533575279638171
  landing: 0.04413754539564252
  view-data: 0.19798827916383743
