times:
  edit-metadata: 1.3819335848093033
  landing: 0.25413720682263374
  view-data: 0.1288973968476057
