times:
  edit-metadata: 0.44140839762985706
  landing: 0.04632748104631901
  view-data: 0.21212684782221913
