times:
  edit-metadata: 1.838279979012441
  landing: 0.03256798896472901
  view-data: 0.1761199070024304
