times:
  edit-metadata: 0.6684003965929151
  landing: 0.043234467040747404
  view-data: 0.18379389494657516
