times:
  edit-metadata: 1.2994866725057364
  landing: 0.1975369844585657
  view-data: 0.026585716754198074
