times:
  edit-metadata: 1.4142513172701001
  landing: 0.7439364278689027
  view-data: 3.3409688640385866
