times:
  edit-metadata: 0.5106196608394384
  landing: 0.3754675164818764
  view-data: 0.21122924610972404
