times:
  edit-metadata: 2.2271342473104596
  landing: 1.5291994200088084
  view-data: 3.3809562223032117
