times:
  edit-metadata: 0.4238674119114876
  landing: 0.064833362121135
  view-data: 0.237892477074638
