times:
  landing: 1.0726091269999642
  view-data: 0.5757602520000091
