times:
  edit-metadata: 1.3037410266697407
  landing: 0.695994770154357
  view-data: 3.7851059371605515
