times:
  edit-metadata: 0.5282917656004429
  landing: 0.04373789578676224
  view-data: 0.191184900701046
