times:
  edit-metadata: 1.3617152515798807
  landing: 0.12318548560142517
  view-data: 0.35643466375768185
