times:
  edit-metadata: 1.571604210883379
  landing: 0.9271475384011865
  view-data: 3.4048618664965034
