times:
  landing: 1.0774902910000037
  view-data: 0.5562624359999973
