times:
  edit-metadata: 0.5257576704025269
  landing: 0.04536601901054382
  view-data: 0.1950141154229641
