times:
  landing: 0.5503551799999968
  view-data: 0.5548158619999413
