times:
  edit-metadata: 1.3779696561396122
  landing: 0.7848129943013191
  view-data: 3.2825121581554413
