times:
  edit-metadata: 0.6190684320172295
  landing: 0.05009738402441144
  view-data: 0.20095061394385993
