times:
  edit-metadata: 0.511132599785924
  landing: 0.564555486664176
  view-data: 0.5906029641628265
