times:
  edit-metadata: 0.508106779307127
  landing: 0.05631602555513382
  view-data: 0.18579987809062004
