times:
  edit-metadata: 0.6464172779815271
  landing: 0.052528892003465444
  view-data: 0.18991907098097727
