times:
  landing: 1.0792453220000198
  view-data: 0.5554307209999934
