times:
  edit-metadata: 1.3458329259883612
  landing: 0.7742365151643753
  view-data: 3.3913120198994875
