times:
  landing: 1.0837093050000135
  view-data: 0.5684747539999648
