times:
  edit-metadata: 1.3135207542218268
  landing: 0.7384032630361617
  view-data: 3.2945437817834318
