times:
  edit-metadata: 2.7030462184920907
  landing: 1.779962326399982
  view-data: 3.2991966558620334
