times:
  edit-metadata: 0.5323949046432972
  landing: 0.8929696287959814
  view-data: 0.32006068155169487
