times:
  edit-metadata: 1.31816781219095
  landing: 0.22881653904914856
  view-data: 0.02223595604300499
