times:
  edit-metadata: 1.4121174551546574
  landing: 0.8941983208060265
  view-data: 3.377101354300976
