times:
  edit-metadata: 1.4666211502626538
  landing: 0.8478422062471509
  view-data: 3.4023164957761765
