times:
  landing: 0.5632394950000048
  view-data: 0.5635390939999638
