times:
  landing: 0.5503171960000373
  view-data: 0.5564296350000859
