times:
  edit-metadata: 1.5217218920588493
  landing: 0.8434201404452324
  view-data: 3.3721108958125114
