times:
  landing: 0.5409440710000126
  view-data: 0.5448405240000511
