times:
  landing: 1.0712836490000086
  view-data: 0.552160103999995
