times:
  edit-metadata: 0.43513191101374105
  landing: 0.07294775499030948
  view-data: 0.20328931196127087
