times:
  edit-metadata: 0.5073521956801414
  landing: 0.04989876225590706
  view-data: 0.19694853201508522
