times:
  edit-metadata: 1.2797204842790961
  landing: 0.01953119784593582
  view-data: 0.022750387899577618
