times:
  edit-metadata: 0.43811781890690327
  landing: 0.048615623731166124
  view-data: 0.20640598004683852
