times:
  edit-metadata: 0.5574728474020958
  landing: 0.06527135148644447
  view-data: 0.1809434425085783
