times:
  edit-metadata: 1.305644752457738
  landing: 0.021672801114618778
  view-data: 0.1201237104833126
