times:
  edit-metadata: 1.2910223379731178
  landing: 0.01947850175201893
  view-data: 0.02411036379635334
