times:
  edit-metadata: 0.46959639387205243
  landing: 0.04298012424260378
  view-data: 0.1991777471266687
