times:
  edit-metadata: 1.4125926028937101
  landing: 0.025616470724344254
  view-data: 0.3511828202754259
