times:
  edit-metadata: 1.529972206801176
  landing: 0.8774086274206638
  view-data: 3.397080697119236
