times:
  edit-metadata: 1.385178467258811
  landing: 0.19433208741247654
  view-data: 0.1560544203966856
