times:
  edit-metadata: 0.5097279893234372
  landing: 0.0378951677121222
  view-data: 0.1962579502724111
