times:
  edit-metadata: 1.366555793210864
  landing: 0.021576018072664738
  view-data: 0.13146295119076967
