times:
  edit-metadata: 1.358976287767291
  landing: 0.021372461691498756
  view-data: 0.4073717286810279
