times:
  edit-metadata: 0.45120855001732707
  landing: 0.05199185525998473
  view-data: 0.21084505040198565
