times:
  edit-metadata: 1.5929563604295254
  landing: 0.8701620735228062
  view-data: 3.397855009883642
