times:
  edit-metadata: 0.45914063905365765
  landing: 0.04921457706950605
  view-data: 0.20533696515485644
