times:
  edit-metadata: 0.463182267267257
  landing: 0.04697725689038634
  view-data: 0.19596649101004004
