times:
  edit-metadata: 1.4736593160778284
  landing: 0.7488678032532334
  view-data: 3.331988916732371
