times:
  edit-metadata: 1.4957852140069008
  landing: 0.7010617107152939
  view-data: 3.2965352907776833
