times:
  landing: 0.5592823890000318
  view-data: 0.5563653840000029
