times:
  edit-metadata: 1.3016471564769745
  landing: 0.02195166889578104
  view-data: 0.4227204993367195
