times:
  landing: 1.067087875000027
  view-data: 0.5460567119999951
