times:
  edit-metadata: 1.5376633442938328
  landing: 0.7867632396519184
  view-data: 3.3975837845355272
