times:
  edit-metadata: 0.6744208249729127
  landing: 0.05438762786798179
  view-data: 0.20035178819671273
