times:
  edit-metadata: 2.695749908685684
  landing: 2.4512826167047024
  view-data: 4.0644104816019535
