times:
  edit-metadata: 1.4709080830216408
  landing: 0.19684907607734203
  view-data: 0.025003422051668167
