times:
  landing: 1.0744142130000114
  view-data: 0.5544550809999862
