times:
  edit-metadata: 1.5717196837067604
  landing: 0.316229036077857
  view-data: 0.32674300111830235
