times:
  edit-metadata: 1.3274201788008213
  landing: 0.020787620916962624
  view-data: 0.35027930699288845
