times:
  edit-metadata: 1.3924262560904026
  landing: 0.19044810440391302
  view-data: 0.025369884446263313
