times:
  edit-metadata: 0.6696587700280361
  landing: 0.041593387024477124
  view-data: 0.2015566459740512
