times:
  edit-metadata: 0.6428635399788618
  landing: 0.6991698630154133
  view-data: 0.3174272608011961
