times:
  edit-metadata: 1.039856238000084
  landing: 0.05802004399993166
  view-data: 0.21143251200010127
