times:
  edit-metadata: 0.6546075148507953
  landing: 0.10112308710813522
  view-data: 0.21427165810018778
