times:
  edit-metadata: 1.3359089624136686
  landing: 0.019672846421599388
  view-data: 0.10207587480545044
