times:
  edit-metadata: 1.6105260252952576
  landing: 0.9442464001476765
  view-data: 3.446078922599554
