times:
  landing: 1.0787849920000099
  view-data: 0.5604314270000259
