times:
  edit-metadata: 1.6058352813124657
  landing: 0.818297490477562
  view-data: 3.435314428061247
