times:
  landing: 1.1286631099999909
  view-data: 1.0660822460000077
