times:
  edit-metadata: 0.4054418373852968
  landing: 0.0685285422950983
  view-data: 0.20947773708030581
