times:
  edit-metadata: 1.461551622953266
  landing: 0.7680322751402855
  view-data: 3.35333554004319
