times:
  edit-metadata: 0.6413323089946061
  landing: 0.04714766703546047
  view-data: 0.19374908600002527
