times:
  edit-metadata: 0.5016416721045971
  landing: 0.046115413308143616
  view-data: 0.18539173901081085
