times:
  edit-metadata: 0.5062426924705505
  landing: 1.0921336710453033
  view-data: 0.6057524159550667
