times:
  edit-metadata: 1.4046532418578863
  landing: 0.018869333900511265
  view-data: 0.12100344058126211
