times:
  edit-metadata: 1.411071641370654
  landing: 0.022850437089800835
  view-data: 0.029813392087817192
