times:
  edit-metadata: 0.533599004149437
  landing: 1.2676041275262833
  view-data: 0.5406203456223011
