times:
  edit-metadata: 2.214520715177059
  landing: 1.1786349788308144
  view-data: 3.388750299811363
