times:
  landing: 0.5498580759999641
  view-data: 0.5520543019999877
