times:
  landing: 1.0723128639999686
  view-data: 0.5654312540000319
