times:
  edit-metadata: 0.45216909795999527
  landing: 0.049492549151182175
  view-data: 0.1992357773706317
