times:
  landing: 0.549846553000009
  view-data: 0.5556802920000052
