times:
  edit-metadata: 1.5783360600471497
  landing: 0.7671968918293715
  view-data: 3.4130888674408197
