times:
  edit-metadata: 0.6178410183638334
  landing: 0.5643166713416576
  view-data: 0.18539840169250965
