times:
  edit-metadata: 1.2949235374107957
  landing: 0.18118928652256727
  view-data: 0.13460213225334883
