times:
  landing: 0.5509443360000148
  view-data: 0.556617894999988
