times:
  edit-metadata: 1.4744552820920944
  landing: 0.8980422541499138
  view-data: 3.3276619352400303
