times:
  landing: 1.586451119000003
  view-data: 0.5493349620001027
