times:
  edit-metadata: 0.4903585850261152
  landing: 0.0475341291166842
  view-data: 0.19915303029119968
