times:
  edit-metadata: 1.4228661805391312
  landing: 0.8791449777781963
  view-data: 3.3772447630763054
