times:
  edit-metadata: 0.44579136511310935
  landing: 0.05145508097484708
  view-data: 0.20605322206392884
