times:
  edit-metadata: 0.5426015611737967
  landing: 0.6060093492269516
  view-data: 0.29858981631696224
