times:
  landing: 1.6267782100476325
  view-data: 0.5516270829830319
