times:
  edit-metadata: 1.3701691441237926
  landing: 0.7481554327532649
  view-data: 3.34082558657974
