times:
  edit-metadata: 1.347261281684041
  landing: 0.13488497771322727
  view-data: 0.3172293845564127
