times:
  edit-metadata: 1.3579238643869758
  landing: 0.21944017428904772
  view-data: 0.25030495692044497
