times:
  edit-metadata: 0.6018671200145036
  landing: 0.04516252805478871
  view-data: 0.18925302010029554
