times:
  edit-metadata: 1.551195377483964
  landing: 0.026720792055130005
  view-data: 0.2581807468086481
