times:
  edit-metadata: 1.2773073017597198
  landing: 0.021026626229286194
  view-data: 0.4090166697278619
