times:
  edit-metadata: 0.5839112810062943
  landing: 0.04143119399668649
  view-data: 0.19352030100708362
