times:
  edit-metadata: 0.591521745081991
  landing: 0.04022205900400877
  view-data: 0.19025815185159445
