times:
  edit-metadata: 0.4543155748397112
  landing: 0.049386478029191494
  view-data: 0.20549023896455765
