times:
  edit-metadata: 0.6088687339797616
  landing: 0.044648285023868084
  view-data: 0.18924875371158123
