times:
  edit-metadata: 1.8826133124530315
  landing: 0.8928500041365623
  view-data: 3.5119897052645683
