times:
  edit-metadata: 0.45761934597976506
  landing: 0.04557640105485916
  view-data: 0.22152133891358972
