times:
  edit-metadata: 1.326987935230136
  landing: 0.02228485606610775
  view-data: 0.029776357114315033
