times:
  edit-metadata: 0.5929861422628164
  landing: 0.04679499939084053
  view-data: 0.2976673785597086
