times:
  edit-metadata: 0.5917778849834576
  landing: 0.05114809097722173
  view-data: 0.1972680400358513
