times:
  edit-metadata: 1.457688414491713
  landing: 0.7484540538862348
  view-data: 3.3598743872717023
