times:
  edit-metadata: 1.2869615573436022
  landing: 0.02043952699750662
  view-data: 0.1237390162423253
