times:
  edit-metadata: 0.6717824693769217
  landing: 1.5190826077014208
  view-data: 0.30315642058849335
