times:
  edit-metadata: 1.3234859891235828
  landing: 0.020338155329227448
  view-data: 0.029286346398293972
