times:
  landing: 0.5523819480000043
  view-data: 0.5578543130000071
