times:
  landing: 0.5538418899999442
  view-data: 0.5589889240000048
