times:
  edit-metadata: 1.307763916440308
  landing: 0.11822466272860765
  view-data: 0.025005203671753407
