times:
  edit-metadata: 1.3388962168246508
  landing: 0.23385126143693924
  view-data: 0.3081149812787771
