times:
  edit-metadata: 0.517980020493269
  landing: 0.9328175187110901
  view-data: 0.3046680577099323
