times:
  edit-metadata: 1.362543996423483
  landing: 0.021565239876508713
  view-data: 0.14222786575555801
