times:
  edit-metadata: 0.4356032619252801
  landing: 0.039789363741874695
  view-data: 0.20503985323011875
