times:
  edit-metadata: 0.6141843390068971
  landing: 0.04417532801744528
  view-data: 0.19296074999147095
