times:
  edit-metadata: 0.6293816789984703
  landing: 0.5732860956341028
  view-data: 0.5975607093423605
