times:
  edit-metadata: 0.5057698152959347
  landing: 0.045049700886011124
  view-data: 0.19472609087824821
