times:
  edit-metadata: 0.4581727678887546
  landing: 0.05146185960620642
  view-data: 0.19252497516572475
