times:
  landing: 1.070492812999987
  view-data: 0.5575953030000278
