times:
  edit-metadata: 0.446001288946718
  landing: 0.048594978637993336
  view-data: 0.20381346298381686
