times:
  edit-metadata: 0.4259689499158412
  landing: 0.051646554842591286
  view-data: 0.2094592428766191
