times:
  edit-metadata: 0.8057087571360171
  landing: 0.06834662100300193
  view-data: 0.1814118348993361
