times:
  edit-metadata: 0.5799282602965832
  landing: 1.0902826879173517
  view-data: 0.3132262285798788
