times:
  edit-metadata: 1.3054647985845804
  landing: 0.019531134516000748
  view-data: 0.024528028443455696
