times:
  edit-metadata: 0.6014603069634177
  landing: 0.050950359960552305
  view-data: 0.2022901689633727
