times:
  edit-metadata: 1.5800419300794601
  landing: 0.7417926676571369
  view-data: 3.37315084785223
