times:
  landing: 0.5510418510000079
  view-data: 2.1002526089999947
