times:
  edit-metadata: 0.6468351669609547
  landing: 0.052125939168035984
  view-data: 0.21316567808389664
