times:
  edit-metadata: 0.441951388027519
  landing: 0.05545009393244982
  view-data: 0.22681278409436345
