times:
  edit-metadata: 0.43634816887788475
  landing: 0.04785691504366696
  view-data: 0.2124192558694631
