times:
  edit-metadata: 1.6008707135915756
  landing: 1.16288360953331
  view-data: 3.3802357763051987
