times:
  edit-metadata: 0.5182138211093843
  landing: 0.06649446813389659
  view-data: 0.2202174342237413
