times:
  landing: 1.0868447610000658
  view-data: 0.5553412900000012
