times:
  landing: 2.1125078669999766
  view-data: 0.5637471379999965
