times:
  edit-metadata: 1.4531919565051794
  landing: 0.8209496177732944
  view-data: 3.4177152886986732
