times:
  edit-metadata: 0.5414569471031427
  landing: 0.605815103277564
  view-data: 0.180054334923625
