times:
  edit-metadata: 1.6568723376840353
  landing: 0.028898490592837334
  view-data: 0.1470215804874897
