times:
  edit-metadata: 1.7037022626027465
  landing: 0.02021277043968439
  view-data: 0.023344336077570915
