times:
  edit-metadata: 0.5037751920172013
  landing: 0.06903254601638764
  view-data: 0.21328859799541533
