times:
  edit-metadata: 0.5511308275163174
  landing: 0.7813231907784939
  view-data: 0.18013716861605644
