times:
  edit-metadata: 0.544663866981864
  landing: 0.04753345903009176
  view-data: 0.22025060805026442
