times:
  edit-metadata: 0.4968671631067991
  landing: 0.11790249170735478
  view-data: 0.2130037466995418
