times:
  edit-metadata: 0.8133934680372477
  landing: 0.056309734005481005
  view-data: 0.1924221960362047
