times:
  edit-metadata: 0.45727232203353196
  landing: 0.0497052880236879
  view-data: 0.2018705690279603
