times:
  edit-metadata: 0.5249448623508215
  landing: 1.1165291164070368
  view-data: 0.5982667822390795
