times:
  edit-metadata: 0.644321464933455
  landing: 0.045455015962943435
  view-data: 0.1952221360988915
