times:
  edit-metadata: 1.4699393659830093
  landing: 0.1473436877131462
  view-data: 0.024272220209240913
