times:
  edit-metadata: 0.43821230391040444
  landing: 0.04516183817759156
  view-data: 0.19828966725617647
