times:
  edit-metadata: 0.5800655521452427
  landing: 0.45797734148800373
  view-data: 0.196937782689929
