times:
  edit-metadata: 0.6719745510490611
  landing: 0.04693782201502472
  view-data: 0.18708172906190157
