times:
  edit-metadata: 0.6412521770689636
  landing: 0.04740033415146172
  view-data: 0.18762901006266475
