times:
  edit-metadata: 1.4243881022557616
  landing: 0.01921578962355852
  view-data: 0.023734664544463158
