times:
  edit-metadata: 0.49534877203404903
  landing: 0.06619653524830937
  view-data: 0.22069364925846457
