times:
  edit-metadata: 0.4974150788038969
  landing: 0.609660716727376
  view-data: 0.598607623949647
