times:
  landing: 0.5661606559999939
  view-data: 0.5629128930000036
