times:
  landing: 0.5496811659999992
  view-data: 0.5514928780000048
