times:
  edit-metadata: 1.5799466841854155
  landing: 0.8263809599447995
  view-data: 3.434617062099278
