times:
  edit-metadata: 1.320564266294241
  landing: 0.11865078844130039
  view-data: 0.026815811172127724
