times:
  edit-metadata: 1.7252984270453453
  landing: 1.0713918656110764
  view-data: 3.3784464485943317
