times:
  edit-metadata: 0.5147594488225877
  landing: 0.054650639183819294
  view-data: 0.24991112295538187
