times:
  edit-metadata: 0.5177584108896554
  landing: 0.06187081104144454
  view-data: 0.2259314740076661
