times:
  edit-metadata: 0.5756649915128946
  landing: 3.0806752927601337
  view-data: 1.1269990988075733
