times:
  edit-metadata: 0.5037793898954988
  landing: 0.045882612001150846
  view-data: 0.2062233188189566
