times:
  edit-metadata: 1.3124509509652853
  landing: 0.02041765581816435
  view-data: 0.026277560740709305
