times:
  edit-metadata: 0.6079107969999313
  landing: 0.04577872494701296
  view-data: 0.19251848896965384
