times:
  edit-metadata: 0.6546342469519004
  landing: 0.15531442896462977
  view-data: 0.1899647939717397
