times:
  landing: 0.5749292500000251
  view-data: 0.5554815859999849
