times:
  landing: 0.5492536630000018
  view-data: 0.5516446920000249
