times:
  edit-metadata: 0.5625488664954901
  landing: 0.6071986854076385
  view-data: 0.19549822621047497
