times:
  edit-metadata: 1.752296200953424
  landing: 1.1201805691234767
  view-data: 3.5669170590117574
