times:
  landing: 1.5912457809999978
  view-data: 0.5658508500000039
