times:
  edit-metadata: 0.6567356960149482
  landing: 0.04626028297934681
  view-data: 0.1928977209609002
