times:
  edit-metadata: 0.5120389180083293
  landing: 0.0679932109778747
  view-data: 0.32631694700103253
