times:
  edit-metadata: 0.4325810051523149
  landing: 0.0690492878202349
  view-data: 0.2068234661128372
