times:
  edit-metadata: 1.1676934361457825
  landing: 0.06522542098537087
  view-data: 0.20142372115515172
