times:
  edit-metadata: 1.2814517663791776
  landing: 0.020483264699578285
  view-data: 0.026904338039457798
