times:
  landing: 1.1037375099999736
  view-data: 0.545914520000224
