times:
  edit-metadata: 1.4542384902015328
  landing: 0.9260688535869122
  view-data: 3.3157251784577966
