times:
  landing: 0.5516612049999594
  view-data: 0.5569950450000078
