times:
  edit-metadata: 0.46178869693540037
  landing: 0.06093456700909883
  view-data: 0.2265138110378757
