times:
  edit-metadata: 1.759864542633295
  landing: 0.0251246877014637
  view-data: 0.05125491879880428
