times:
  edit-metadata: 1.4028698727488518
  landing: 0.8645928092300892
  view-data: 3.3363126292824745
