times:
  edit-metadata: 0.5967246405780315
  landing: 0.04363154619932175
  view-data: 0.1919296570122242
