times:
  edit-metadata: 0.5852973647415638
  landing: 0.04071793891489506
  view-data: 0.18961559562012553
