times:
  edit-metadata: 1.5010742582380772
  landing: 0.9493599496781826
  view-data: 3.3584319949150085
