times:
  edit-metadata: 0.5343523919582367
  landing: 0.04714878275990486
  view-data: 0.18295440822839737
