times:
  landing: 0.5537093220000031
  view-data: 0.5604828520000069
