times:
  edit-metadata: 1.3692322578281164
  landing: 0.01970084011554718
  view-data: 0.21825644187629223
