times:
  edit-metadata: 1.61672143638134
  landing: 0.9249616749584675
  view-data: 3.366779923439026
