times:
  edit-metadata: 1.387441921979189
  landing: 0.11492334306240082
  view-data: 0.13364475965499878
