times:
  edit-metadata: 0.4680489292368293
  landing: 0.043284909799695015
  view-data: 0.19080128893256187
