times:
  landing: 0.5548988829999644
  view-data: 0.5586584090000315
