times:
  edit-metadata: 1.4073179699480534
  landing: 0.9062779322266579
  view-data: 3.360000379383564
