times:
  landing: 1.0657160499999918
  view-data: 0.5543622459999824
