times:
  edit-metadata: 1.553981602191925
  landing: 0.7271259445697069
  view-data: 3.397929199039936
