times:
  landing: 0.5501982389999966
  view-data: 0.5557701509999902
