times:
  edit-metadata: 0.6134920809417963
  landing: 0.5319012515246868
  view-data: 0.18660078756511211
