times:
  edit-metadata: 1.4181601908057928
  landing: 0.150522880256176
  view-data: 0.30443074367940426
