times:
  landing: 1.0737761789999922
  view-data: 0.5607389399999647
