times:
  edit-metadata: 2.669161632657051
  landing: 1.6256052246317267
  view-data: 3.910515174269676
