times:
  landing: 1.1022708479999892
  view-data: 0.5577316590000123
