times:
  edit-metadata: 1.3419478610157967
  landing: 0.19290256407111883
  view-data: 0.11525642033666372
