times:
  edit-metadata: 0.49457873031497
  landing: 1.1458781138062477
  view-data: 0.3082930836826563
