times:
  edit-metadata: 0.4503262871876359
  landing: 0.05010651983320713
  view-data: 0.19918127823621035
