times:
  edit-metadata: 1.3779182573780417
  landing: 0.21763497777283192
  view-data: 0.02817073091864586
