times:
  edit-metadata: 2.052675330080092
  landing: 0.3115168744698167
  view-data: 0.4263174384832382
