times:
  edit-metadata: 0.43250769199221395
  landing: 0.06470465500024147
  view-data: 0.20540467801038176
