times:
  edit-metadata: 0.45113334618508816
  landing: 0.04973302781581879
  view-data: 0.22096943203359842
