times:
  edit-metadata: 0.5168811031617224
  landing: 0.04467943403869867
  view-data: 0.19265457382425666
