times:
  edit-metadata: 1.3215370429679751
  landing: 0.13784015085548162
  view-data: 0.12311152834445238
