times:
  edit-metadata: 1.3472139267250896
  landing: 0.020304144360125065
  view-data: 0.39615477807819843
