times:
  edit-metadata: 1.3668426359072328
  landing: 0.021147473715245724
  view-data: 0.02512525673955679
