times:
  edit-metadata: 1.4662964381277561
  landing: 0.8993316404521465
  view-data: 3.3872168734669685
