times:
  edit-metadata: 1.6086319107562304
  landing: 0.7782441060990095
  view-data: 3.4074434116482735
