times:
  edit-metadata: 1.434001324698329
  landing: 0.14598660729825497
  view-data: 0.023698920384049416
