times:
  edit-metadata: 0.5136445090174675
  landing: 0.7625351268798113
  view-data: 0.6620125770568848
