times:
  edit-metadata: 1.3015129454433918
  landing: 0.14169547334313393
  view-data: 0.22837239503860474
