times:
  edit-metadata: 1.5332523584365845
  landing: 0.965030811727047
  view-data: 3.44577693939209
