times:
  edit-metadata: 1.499572016298771
  landing: 0.8883161284029484
  view-data: 3.418637488037348
