times:
  edit-metadata: 0.5410933047533035
  landing: 0.6544531732797623
  view-data: 0.6025221329182386
