times:
  edit-metadata: 0.42068800202105194
  landing: 0.06948293599998578
  view-data: 0.2058137779822573
