times:
  edit-metadata: 0.7647770727053285
  landing: 0.1907055047340691
  view-data: 0.27722784178331494
