times:
  edit-metadata: 1.4826661683619022
  landing: 0.752191998064518
  view-data: 3.3831164110451937
