times:
  edit-metadata: 0.4904774781316519
  landing: 0.06154777202755213
  view-data: 0.27853231923654675
