times:
  edit-metadata: 0.4412352731451392
  landing: 0.05543995276093483
  view-data: 0.21579173300415277
