times:
  landing: 1.082300757999974
  view-data: 0.5617716489999793
