times:
  edit-metadata: 0.4137071759905666
  landing: 0.0761504340916872
  view-data: 0.2121250709751621
