times:
  edit-metadata: 1.6134912930428982
  landing: 1.1546576395630836
  view-data: 3.41956003382802
