times:
  edit-metadata: 1.7741731628775597
  landing: 0.9466050714254379
  view-data: 3.316300094127655
