times:
  landing: 1.1322829260000162
  view-data: 0.5552403789999971
