times:
  edit-metadata: 0.6049162647686899
  landing: 0.0424618418328464
  view-data: 0.1987395458854735
