times:
  edit-metadata: 0.5343968803063035
  landing: 0.07542590796947479
  view-data: 0.204878487624228
