times:
  edit-metadata: 1.58879298530519
  landing: 0.5845583006739616
  view-data: 0.44469860568642616
