times:
  edit-metadata: 0.509978175163269
  landing: 0.04425916448235512
  view-data: 0.1855921410024166
