times:
  edit-metadata: 1.4897378729656339
  landing: 0.8301772600971162
  view-data: 3.415064984932542
