times:
  edit-metadata: 1.5211895443499088
  landing: 0.8489242009818554
  view-data: 3.3361635617911816
