times:
  edit-metadata: 1.676633458584547
  landing: 0.2969904951751232
  view-data: 0.44842001236975193
