times:
  edit-metadata: 0.5218579252250493
  landing: 0.0635240119881928
  view-data: 0.21172544127330184
