times:
  edit-metadata: 1.6456951703876257
  landing: 0.7586126271635294
  view-data: 3.432478904724121
