times:
  landing: 0.5606614699999568
  view-data: 0.5705319859999918
