times:
  landing: 0.549789976999989
  view-data: 0.5571356580000497
