times:
  edit-metadata: 0.43654321786016226
  landing: 0.04067268595099449
  view-data: 0.1909765307791531
