times:
  edit-metadata: 1.3095673900097609
  landing: 0.0210312744602561
  view-data: 0.12614494282752275
