times:
  edit-metadata: 0.6392964292317629
  landing: 0.050766612868756056
  view-data: 0.1873302310705185
