times:
  edit-metadata: 0.5103742256760597
  landing: 0.043669313192367554
  view-data: 0.2091183364391327
