times:
  edit-metadata: 0.5179642476141453
  landing: 0.04577977582812309
  view-data: 0.1887238696217537
