times:
  landing: 0.5411458490000314
  view-data: 0.5435072810000747
