times:
  edit-metadata: 2.222017088904977
  landing: 0.28320816718041897
  view-data: 0.3334252331405878
