times:
  edit-metadata: 1.5358154997229576
  landing: 0.697137638926506
  view-data: 3.3818250745534897
