times:
  edit-metadata: 1.3279754146933556
  landing: 0.01851815078407526
  view-data: 0.027672091498970985
