times:
  landing: 0.5476125570000931
  view-data: 0.556371753999997
