times:
  landing: 0.5570888029999992
  view-data: 0.5616562309999722
