times:
  edit-metadata: 1.2989542745053768
  landing: 0.023596725426614285
  view-data: 0.026971534825861454
