times:
  edit-metadata: 2.019908081740141
  landing: 1.3813235685229301
  view-data: 3.7077119015157223
