times:
  edit-metadata: 0.5136481076478958
  landing: 1.608016850426793
  view-data: 0.5874242689460516
