times:
  edit-metadata: 0.6432603721041232
  landing: 0.04439486504998058
  view-data: 0.20026138704270124
