times:
  edit-metadata: 0.5451257713139057
  landing: 1.1256528049707413
  view-data: 0.5904723983258009
