times:
  edit-metadata: 1.3498278111219406
  landing: 0.022069801576435566
  view-data: 0.1181917916983366
