times:
  landing: 0.5451045890000046
  view-data: 0.5483452369999782
