times:
  edit-metadata: 1.5815547239035368
  landing: 0.8197809532284737
  view-data: 3.456075793132186
