times:
  edit-metadata: 0.4552470399066806
  landing: 0.05031272629275918
  view-data: 0.20178412972018123
