times:
  landing: 0.5523924710000188
  view-data: 0.5534033839999779
