times:
  edit-metadata: 1.542158916592598
  landing: 0.8801813069730997
  view-data: 3.4267149809747934
