times:
  edit-metadata: 1.333834145218134
  landing: 0.19357469119131565
  view-data: 0.29499323666095734
