times:
  landing: 0.552616281000013
  view-data: 0.5559776839999984
