times:
  edit-metadata: 1.176883612992242
  landing: 0.08473540493287146
  view-data: 0.23115613497793674
