times:
  edit-metadata: 1.2760754534974694
  landing: 0.020750234834849834
  view-data: 0.024665781296789646
