times:
  edit-metadata: 0.44546112325042486
  landing: 0.04193498007953167
  view-data: 0.18934047780930996
