times:
  edit-metadata: 0.8337833329569548
  landing: 0.04558159504085779
  view-data: 0.19525885093025863
