times:
  landing: 0.5847077390000095
  view-data: 0.547116735000003
