times:
  landing: 0.5374918840825558
  view-data: 0.5360112474299967
