times:
  edit-metadata: 0.5075144581496716
  landing: 0.5798381213098764
  view-data: 0.6033196244388819
