times:
  edit-metadata: 0.5823482390260324
  landing: 0.05057133099762723
  view-data: 0.18965364299947396
