times:
  edit-metadata: 1.663569413125515
  landing: 0.9400249682366848
  view-data: 3.4572279900312424
