times:
  edit-metadata: 1.3401398863643408
  landing: 0.018782464787364006
  view-data: 0.12234489805996418
