times:
  edit-metadata: 1.4606509432196617
  landing: 0.8791740201413631
  view-data: 3.3697827719151974
