times:
  edit-metadata: 0.4351001540198922
  landing: 0.04963186662644148
  view-data: 0.21501599997282028
