times:
  edit-metadata: 1.2713793562725186
  landing: 0.02158040553331375
  view-data: 0.02770513202995062
