times:
  edit-metadata: 0.5391681082546711
  landing: 0.8772911131381989
  view-data: 0.30203517340123653
