times:
  edit-metadata: 1.5775739308446646
  landing: 0.7116035092622042
  view-data: 3.4017962887883186
