times:
  edit-metadata: 1.475829429924488
  landing: 0.916183777153492
  view-data: 3.3848142698407173
