times:
  edit-metadata: 0.5877062859944999
  landing: 0.1480831210501492
  view-data: 0.20119354699272662
