times:
  edit-metadata: 0.8144313748925924
  landing: 0.059853655053302646
  view-data: 0.20891607413068414
