times:
  edit-metadata: 0.5112298269523308
  landing: 0.06232286791782826
  view-data: 0.22000600304454565
