times:
  edit-metadata: 1.4715354088693857
  landing: 0.7553046131506562
  view-data: 3.414505997672677
