times:
  edit-metadata: 0.6255020110402256
  landing: 0.04818868706934154
  view-data: 0.19238213589414954
