times:
  edit-metadata: 2.3503764760680497
  landing: 1.4125282489694655
  view-data: 3.4131969190202653
