times:
  edit-metadata: 1.3088655760511756
  landing: 0.02075167093425989
  view-data: 0.11667643766850233
