times:
  landing: 0.6117645730000163
  view-data: 0.5587327000000073
