times:
  edit-metadata: 1.5262493044137955
  landing: 1.0224975682795048
  view-data: 3.4331396892666817
