times:
  edit-metadata: 0.623797498177737
  landing: 0.04108577989973128
  view-data: 0.18436827906407416
