times:
  edit-metadata: 1.6066649369895458
  landing: 0.8831461984664202
  view-data: 3.403598414734006
