times:
  edit-metadata: 1.4285623021423817
  landing: 0.76161053404212
  view-data: 3.277852736413479
