times:
  edit-metadata: 0.6638274900615215
  landing: 0.05571839807089418
  view-data: 0.19142134196590632
