times:
  edit-metadata: 0.5121896639466286
  landing: 0.04192677512764931
  view-data: 0.18734292685985565
