times:
  landing: 0.5467711850000114
  view-data: 0.5499139419999892
