times:
  edit-metadata: 1.7324661780148745
  landing: 0.25670517329126596
  view-data: 0.427061359398067
