times:
  edit-metadata: 0.511778644984588
  landing: 0.06960574700497091
  view-data: 0.20942871703300625
