times:
  edit-metadata: 1.313006827607751
  landing: 0.020457400009036064
  view-data: 0.12299058027565479
