times:
  edit-metadata: 1.6174593716859818
  landing: 0.9164408408105373
  view-data: 3.4354316890239716
