times:
  edit-metadata: 1.503666260279715
  landing: 0.8039505556225777
  view-data: 3.374184929765761
