times:
  edit-metadata: 0.5029683485627174
  landing: 0.053129203617572784
  view-data: 0.18243810907006264
