times:
  edit-metadata: 1.6085295714437962
  landing: 0.7971282228827477
  view-data: 3.4274103976786137
