times:
  edit-metadata: 1.57724155113101
  landing: 0.2383467424660921
  view-data: 0.15789128839969635
