times:
  edit-metadata: 1.5205463785678148
  landing: 0.7754910066723824
  view-data: 3.3736766343936324
