times:
  edit-metadata: 1.543268907815218
  landing: 0.027651367709040642
  view-data: 0.265788521617651
