times:
  landing: 1.0712000970000304
  view-data: 0.5531037549999951
