times:
  edit-metadata: 1.7824643021449447
  landing: 0.839039882645011
  view-data: 3.3301756773144007
