times:
  edit-metadata: 0.5947103770449758
  landing: 0.05188035708852112
  view-data: 0.19216397497802973
