times:
  landing: 0.5497218909999901
  view-data: 0.5518105370000512
