times:
  edit-metadata: 1.4460565783083439
  landing: 0.9324494153261185
  view-data: 3.349776268005371
