times:
  edit-metadata: 1.2910056114196777
  landing: 0.8015756234526634
  view-data: 3.262821258045733
