times:
  landing: 0.5491031619999944
  view-data: 0.560002795999992
