times:
  edit-metadata: 0.4516666070558131
  landing: 0.052289833314716816
  view-data: 0.19183194683864713
