times:
  edit-metadata: 1.3660622462630272
  landing: 0.24059490859508514
  view-data: 0.1392592117190361
