times:
  edit-metadata: 1.4668670282699168
  landing: 0.7709816819988191
  view-data: 3.405904454179108
