times:
  landing: 0.5685454660000175
  view-data: 0.5520399619999807
