times:
  edit-metadata: 1.561652846634388
  landing: 0.7550193630158901
  view-data: 3.3934341967105865
