times:
  edit-metadata: 0.44648644980043173
  landing: 0.051779489032924175
  view-data: 0.2140458906069398
