times:
  edit-metadata: 1.289969915524125
  landing: 0.17183358687907457
  view-data: 0.11761569045484066
