times:
  edit-metadata: 0.5429373513907194
  landing: 0.625197496265173
  view-data: 0.19587097130715847
