times:
  edit-metadata: 1.6004824880510569
  landing: 0.20589235052466393
  view-data: 0.4190690629184246
