times:
  edit-metadata: 1.277924107387662
  landing: 0.018450411036610603
  view-data: 0.1205034563317895
