times:
  edit-metadata: 0.4368491280001763
  landing: 0.07075609700041241
  view-data: 0.20455766600025527
