times:
  edit-metadata: 1.5799868609756231
  landing: 0.7283453792333603
  view-data: 3.3844190258532763
