times:
  edit-metadata: 1.383465962484479
  landing: 0.02336585894227028
  view-data: 0.025114882737398148
