times:
  landing: 1.0663741850000292
  view-data: 0.5523950830000217
