times:
  edit-metadata: 0.4283854409586638
  landing: 0.07591982302255929
  view-data: 0.34773531183600426
