times:
  edit-metadata: 1.4159850049763918
  landing: 0.1279319655150175
  view-data: 0.02325763925909996
