times:
  edit-metadata: 1.3204379882663488
  landing: 0.11665132082998753
  view-data: 0.026113245636224747
