times:
  edit-metadata: 1.435472371056676
  landing: 0.6997411450138316
  view-data: 3.2668396710650995
