times:
  edit-metadata: 1.667089618742466
  landing: 0.8899352215230465
  view-data: 3.455321069806814
