times:
  landing: 0.5568085289999658
  view-data: 0.5547694050000018
