times:
  edit-metadata: 1.463686440140009
  landing: 0.8822935149073601
  view-data: 3.3147967122495174
