times:
  edit-metadata: 1.5949464403092861
  landing: 0.9254848025739193
  view-data: 3.3811471685767174
