times:
  edit-metadata: 0.657384212128818
  landing: 0.05636875005438924
  view-data: 0.3196725999005139
