times:
  edit-metadata: 0.4386305180378258
  landing: 0.06603520293720067
  view-data: 0.22420877683907747
