times:
  edit-metadata: 1.531595405191183
  landing: 0.14076543413102627
  view-data: 0.026264410465955734
