times:
  edit-metadata: 1.6377604454755783
  landing: 0.8837494384497404
  view-data: 3.3457307294011116
