times:
  landing: 1.5885960190003061
  view-data: 0.5510387539998192
