times:
  landing: 0.5856530410000005
  view-data: 0.5441487519999555
