times:
  edit-metadata: 1.5646489318460226
  landing: 0.7892479561269283
  view-data: 3.4680939242243767
