times:
  edit-metadata: 0.5006646439433098
  landing: 0.04581160843372345
  view-data: 0.18051113188266754
