times:
  edit-metadata: 0.4855362758971751
  landing: 0.03693885821849108
  view-data: 0.19580307602882385
