times:
  edit-metadata: 1.3961545331403613
  landing: 0.01974274031817913
  view-data: 0.4245659252628684
