times:
  edit-metadata: 0.5281712245196104
  landing: 2.131061179563403
  view-data: 0.410731740295887
