times:
  edit-metadata: 0.4413039954379201
  landing: 0.04238971322774887
  view-data: 0.20151815004646778
