times:
  edit-metadata: 0.6636828146874905
  landing: 0.045689701568335295
  view-data: 0.19140439573675394
