times:
  edit-metadata: 1.3606137353926897
  landing: 0.01924300007522106
  view-data: 0.14452241081744432
