times:
  edit-metadata: 1.6673926636576653
  landing: 0.965608224272728
  view-data: 3.3625883795320988
