times:
  landing: 0.5492129069999976
  view-data: 0.5544355410000037
