times:
  edit-metadata: 1.4015851821750402
  landing: 0.21826659701764584
  view-data: 0.30968610011041164
