times:
  landing: 0.5586376589999986
  view-data: 0.5665273779999893
