times:
  edit-metadata: 1.3229498844593763
  landing: 0.020465075969696045
  view-data: 0.28836528956890106
