times:
  edit-metadata: 1.4095281856134534
  landing: 0.7015973376110196
  view-data: 3.578948685899377
