times:
  edit-metadata: 0.6744650669861585
  landing: 0.05014921189285815
  view-data: 0.1800604190211743
