times:
  landing: 0.5488237479999043
  view-data: 0.5551943620000657
