times:
  landing: 1.6201518550515175
  view-data: 0.5772967673838139
