times:
  edit-metadata: 0.5870754718780518
  landing: 0.5836292151361704
  view-data: 0.6081408318132162
