times:
  edit-metadata: 1.4271191507577896
  landing: 0.8260164298117161
  view-data: 3.404485195875168
