times:
  edit-metadata: 0.5724278739944566
  landing: 0.09658989598392509
  view-data: 0.22029896499589086
