times:
  edit-metadata: 0.47521844506263733
  landing: 0.04577884776517749
  view-data: 0.19568043295294046
