times:
  edit-metadata: 1.2862648777663708
  landing: 0.019922169856727123
  view-data: 0.21088766120374203
