times:
  edit-metadata: 0.5284237860000758
  landing: 0.04765056399992318
  view-data: 0.20938512999964587
