times:
  edit-metadata: 0.5809489525854588
  landing: 0.5633920300751925
  view-data: 0.21056241542100906
