times:
  edit-metadata: 2.569270703010261
  landing: 1.3841156344860792
  view-data: 3.602393484674394
