times:
  edit-metadata: 0.421556576853618
  landing: 0.06893798196688294
  view-data: 0.20672624511644244
