times:
  edit-metadata: 1.4132335791364312
  landing: 0.7836633715778589
  view-data: 3.4033826859667897
