times:
  edit-metadata: 0.4334828178398311
  landing: 0.043555245734751225
  view-data: 0.19462218275293708
