times:
  landing: 0.5710346079999908
  view-data: 0.5709344070000952
