times:
  edit-metadata: 0.6041997489519417
  landing: 0.045079668052494526
  view-data: 0.19324911199510098
