times:
  edit-metadata: 0.4426876064389944
  landing: 0.04508717451244593
  view-data: 0.2026535151526332
