times:
  edit-metadata: 3.2999470764771104
  landing: 0.6723014954477549
  view-data: 3.389493152499199
