times:
  edit-metadata: 1.3742262721061707
  landing: 0.14528892002999783
  view-data: 0.31485109589993954
