times:
  edit-metadata: 1.8303680643439293
  landing: 0.9276511892676353
  view-data: 3.5611255019903183
