times:
  edit-metadata: 0.6874042188283056
  landing: 0.05552295478992164
  view-data: 0.19177093007601798
