times:
  edit-metadata: 1.2885129852220416
  landing: 0.020481477491557598
  view-data: 0.026921172626316547
