times:
  edit-metadata: 0.5164423547685146
  landing: 0.8529187943786383
  view-data: 0.6621598191559315
