times:
  edit-metadata: 0.44280459824949503
  landing: 0.04383792635053396
  view-data: 0.19830565992742777
