times:
  edit-metadata: 0.6471612434834242
  landing: 0.0712935570627451
  view-data: 0.2800914905965328
