times:
  edit-metadata: 0.6161157917231321
  landing: 0.5841553490608931
  view-data: 0.25178336910903454
