times:
  landing: 1.0725760849999801
  view-data: 0.5498172689999876
