times:
  edit-metadata: 2.0158167127519846
  landing: 1.1534025631844997
  view-data: 3.6516477884724736
