times:
  landing: 0.5791122379999933
  view-data: 0.5662386899999774
