times:
  edit-metadata: 0.50832942686975
  landing: 0.062192182056605816
  view-data: 0.18948750803247094
