times:
  edit-metadata: 0.5096831656992435
  landing: 0.04622378945350647
  view-data: 0.19153884053230286
