times:
  edit-metadata: 0.5384416809974937
  landing: 0.0469215800112579
  view-data: 0.2136797889979789
