times:
  edit-metadata: 1.5423401482403278
  landing: 0.8775629065930843
  view-data: 3.4557409323751926
