times:
  edit-metadata: 1.5695601347833872
  landing: 0.81400316208601
  view-data: 3.3360076677054167
