times:
  edit-metadata: 1.6892334558069706
  landing: 0.019485652446746826
  view-data: 0.3177454099059105
