times:
  edit-metadata: 0.45567207993008196
  landing: 0.051087331026792526
  view-data: 0.20298134721815586
