times:
  edit-metadata: 1.583173128310591
  landing: 1.041182111017406
  view-data: 3.707213202957064
