times:
  edit-metadata: 0.4211976137012243
  landing: 0.042150325141847134
  view-data: 0.19685371220111847
