times:
  edit-metadata: 1.5292522870004177
  landing: 0.8819317240267992
  view-data: 3.464829556643963
