times:
  edit-metadata: 0.5776999182999134
  landing: 0.4974340423941612
  view-data: 0.30378723703324795
