times:
  edit-metadata: 0.45750903710722923
  landing: 0.04550850996747613
  view-data: 0.1943560210056603
