times:
  edit-metadata: 0.796828452963382
  landing: 0.056975859915837646
  view-data: 0.21099369996227324
