times:
  edit-metadata: 0.7938410700298846
  landing: 0.04459597705863416
  view-data: 0.18610334105324
