times:
  edit-metadata: 1.3262395123019814
  landing: 0.023563532158732414
  view-data: 0.02350594475865364
