times:
  landing: 0.5629507509999598
  view-data: 0.5562037110000233
