times:
  edit-metadata: 0.7054659761488438
  landing: 0.5421310104429722
  view-data: 0.20577685348689556
