times:
  edit-metadata: 1.5427797213196754
  landing: 0.8797898218035698
  view-data: 3.3469809368252754
