times:
  landing: 1.0824556500000142
  view-data: 0.5561580289999881
