times:
  edit-metadata: 0.440500361379236
  landing: 0.04983472591266036
  view-data: 0.20385375013574958
