times:
  edit-metadata: 1.2713760305196047
  landing: 0.019682755693793297
  view-data: 0.2367145325988531
