times:
  edit-metadata: 0.6087532009696588
  landing: 0.15552335605025291
  view-data: 0.19471880397759378
