times:
  edit-metadata: 1.3790283743292093
  landing: 0.14512882381677628
  view-data: 0.02490049973130226
