times:
  edit-metadata: 1.8851364264264703
  landing: 0.17068756464868784
  view-data: 0.4959865203127265
