times:
  edit-metadata: 1.5421079425141215
  landing: 0.18063845578581095
  view-data: 0.3118092231452465
