times:
  edit-metadata: 0.42378504713997245
  landing: 0.0705936651211232
  view-data: 0.21653204411268234
