times:
  edit-metadata: 1.5527774207293987
  landing: 0.8011404722929001
  view-data: 3.412333108484745
