times:
  landing: 0.5452564230000121
  view-data: 0.5479869520000022
