times:
  edit-metadata: 0.43936166586354375
  landing: 0.051669488893821836
  view-data: 0.2061890261247754
