times:
  landing: 0.5491925340000989
  view-data: 0.5534049890000006
