times:
  edit-metadata: 0.4739474914968014
  landing: 0.6441678293049335
  view-data: 0.20423321798443794
