times:
  edit-metadata: 1.3189866952598095
  landing: 0.018968693912029266
  view-data: 0.12067940179258585
