times:
  edit-metadata: 1.6241274049971253
  landing: 0.7805797510081902
  view-data: 3.309284526971169
