times:
  landing: 1.0664466650000008
  view-data: 0.5530580939999936
