times:
  edit-metadata: 0.4364973420742899
  landing: 0.050543182995170355
  view-data: 0.20845078909769654
