times:
  edit-metadata: 0.6498624440282583
  landing: 0.05517455795779824
  view-data: 0.19149076496250927
