times:
  edit-metadata: 0.42953443340957165
  landing: 0.04491528309881687
  view-data: 0.20449288096278906
