times:
  edit-metadata: 1.6741508562117815
  landing: 0.8339306842535734
  view-data: 3.425376147031784
