times:
  edit-metadata: 0.42431593872606754
  landing: 0.04517957707867026
  view-data: 0.2083180509507656
