times:
  edit-metadata: 0.7967343290802091
  landing: 0.06810561893507838
  view-data: 0.18655985919758677
