times:
  landing: 0.55670133699914
  view-data: 0.5760985879996952
