times:
  edit-metadata: 1.3046228606253862
  landing: 0.022740012034773827
  view-data: 0.12260414659976959
