times:
  edit-metadata: 0.6040512025356293
  landing: 0.7377928532660007
  view-data: 0.31922456435859203
