times:
  edit-metadata: 1.4194181188941002
  landing: 0.12264833971858025
  view-data: 0.36263506300747395
