times:
  edit-metadata: 1.4841352179646492
  landing: 0.8796912878751755
  view-data: 3.358774770051241
