times:
  edit-metadata: 0.5299489181488752
  landing: 1.1586022302508354
  view-data: 0.6094479542225599
