times:
  landing: 0.5477891360000058
  view-data: 0.5470093310000266
