times:
  edit-metadata: 0.44881953625008464
  landing: 0.04570577712729573
  view-data: 0.1926356926560402
