times:
  edit-metadata: 1.5119769722223282
  landing: 0.8605250716209412
  view-data: 3.3221852593123913
