times:
  edit-metadata: 1.5790364257991314
  landing: 0.7387544848024845
  view-data: 3.3969477508217096
