times:
  landing: 0.5607557960000236
  view-data: 0.554476048999959
