times:
  edit-metadata: 1.5501881949603558
  landing: 0.27626508846879005
  view-data: 0.17513157986104488
