times:
  edit-metadata: 1.5624008774757385
  landing: 0.7815600242465734
  view-data: 3.4350439943373203
