times:
  edit-metadata: 1.7263228874653578
  landing: 0.27667987905442715
  view-data: 0.14622795581817627
