times:
  edit-metadata: 1.5397610133513808
  landing: 0.9234217330813408
  view-data: 3.4773379298858345
