times:
  edit-metadata: 1.3822321966290474
  landing: 0.0207879226654768
  view-data: 0.026654798537492752
