times:
  edit-metadata: 1.3169201463460922
  landing: 0.019803935661911964
  view-data: 0.24450776353478432
