times:
  edit-metadata: 1.5704923197627068
  landing: 0.845637533813715
  view-data: 3.3756134510040283
