times:
  edit-metadata: 1.6249461956322193
  landing: 0.8551066853106022
  view-data: 3.3634824119508266
