times:
  edit-metadata: 0.6464259661734104
  landing: 1.4608327727764845
  view-data: 0.40983392857015133
