times:
  edit-metadata: 1.3521282160654664
  landing: 0.66846416098997
  view-data: 3.332701761042699
