times:
  edit-metadata: 1.429081765934825
  landing: 0.7946225646883249
  view-data: 3.239521650597453
