times:
  landing: 1.070284177000019
  view-data: 0.5562419999999975
