times:
  edit-metadata: 1.2766613736748695
  landing: 0.0212186798453331
  view-data: 0.02404434233903885
