times:
  landing: 1.0670834229999855
  view-data: 0.5456333329999836
