times:
  edit-metadata: 0.5663436949253082
  landing: 0.05442189425230026
  view-data: 0.18994678184390068
