times:
  edit-metadata: 0.583544010296464
  landing: 1.0651141703128815
  view-data: 0.2928750794380903
