times:
  landing: 1.8368265558965504
  view-data: 0.03063101600855589
