times:
  edit-metadata: 1.4046278297901154
  landing: 0.8449792303144932
  view-data: 3.3118557147681713
