times:
  edit-metadata: 0.5042474311776459
  landing: 0.06156851910054684
  view-data: 0.2149577778764069
