times:
  edit-metadata: 1.392419220879674
  landing: 0.1439414992928505
  view-data: 0.2420684602111578
