times:
  edit-metadata: 1.5847893911413848
  landing: 0.9425864808727056
  view-data: 3.3633276380132884
