times:
  landing: 0.5565318420000267
  view-data: 0.5565839440000104
