times:
  edit-metadata: 0.428528556949459
  landing: 0.07366062398068607
  view-data: 0.20268962299451232
