times:
  edit-metadata: 1.2925719395279884
  landing: 0.020566237159073353
  view-data: 0.24947880674153566
