times:
  edit-metadata: 1.4278178000822663
  landing: 0.7869345569051802
  view-data: 3.460533137898892
