times:
  edit-metadata: 1.3860825225710869
  landing: 0.1303856698796153
  view-data: 0.02308568824082613
