times:
  edit-metadata: 2.751534029841423
  landing: 1.0609450228512287
  view-data: 3.485849443823099
