times:
  edit-metadata: 0.5439590383321047
  landing: 0.8795322515070438
  view-data: 0.2978571467101574
