times:
  edit-metadata: 0.427319849957712
  landing: 0.06242145400028676
  view-data: 0.2309388789581135
