times:
  edit-metadata: 3.189943641424179
  landing: 1.343965396285057
  view-data: 3.504028119146824
