times:
  edit-metadata: 0.6177957677282393
  landing: 0.04698391631245613
  view-data: 0.196315280161798
