times:
  edit-metadata: 0.41579166101291776
  landing: 0.04124074708670378
  view-data: 0.20297986594960093
