times:
  edit-metadata: 1.301210488192737
  landing: 0.018673330545425415
  view-data: 0.02443327009677887
