times:
  edit-metadata: 0.6162703726440668
  landing: 0.5863977875560522
  view-data: 0.6075339429080486
