times:
  edit-metadata: 0.6649647019803524
  landing: 0.05005386518314481
  view-data: 0.1862697519827634
