times:
  edit-metadata: 1.282057928852737
  landing: 0.12982026394456625
  view-data: 0.027458153665065765
