times:
  edit-metadata: 0.5001355949789286
  landing: 0.5805994309484959
  view-data: 0.20389189012348652
