times:
  landing: 1.0642271659999096
  view-data: 0.5600633980000111
