times:
  landing: 1.0748951799999986
  view-data: 0.5568851189999862
