times:
  edit-metadata: 2.305254911072552
  landing: 0.6791470916941762
  view-data: 3.709413716569543
