times:
  edit-metadata: 0.5046130450209603
  landing: 0.06954503699671477
  view-data: 0.20876134606078267
