times:
  edit-metadata: 1.4649492972530425
  landing: 0.7106547341682017
  view-data: 3.3094950043596327
