times:
  edit-metadata: 1.938704309053719
  landing: 0.8514955199789256
  view-data: 3.3389162439852953
