times:
  edit-metadata: 1.3976615816354752
  landing: 0.020788760855793953
  view-data: 0.1359954047948122
