times:
  landing: 1.0919501669999931
  view-data: 0.5536577220000254
