times:
  edit-metadata: 0.6957258116453886
  landing: 0.642439641058445
  view-data: 0.30387061834335327
