times:
  edit-metadata: 0.5078739635646343
  landing: 0.045461542904376984
  view-data: 0.19579572975635529
