times:
  landing: 0.5618266769999991
  view-data: 0.5702645890000042
