times:
  edit-metadata: 1.572483530268073
  landing: 0.7320658750832081
  view-data: 3.431451704353094
