times:
  edit-metadata: 1.6369551941752434
  landing: 1.0084767080843449
  view-data: 3.364879112690687
