times:
  edit-metadata: 1.6520360196009278
  landing: 1.0933963805437088
  view-data: 3.3757014088332653
