times:
  edit-metadata: 0.44707751274108887
  landing: 0.052109355106949806
  view-data: 0.19919316191226244
