times:
  edit-metadata: 0.6352110009756871
  landing: 0.050462434999644756
  view-data: 0.20335139898816124
