times:
  edit-metadata: 0.44680494954809546
  landing: 0.044083804823458195
  view-data: 0.21029199799522758
