times:
  edit-metadata: 1.3465298134833574
  landing: 0.022383777424693108
  view-data: 0.125617990270257
