times:
  edit-metadata: 1.296939511783421
  landing: 0.02045655995607376
  view-data: 0.12422379478812218
