times:
  edit-metadata: 0.6096018759999424
  landing: 0.04714957799296826
  view-data: 0.18792439496610314
