times:
  landing: 1.6033931619999748
  view-data: 0.5572273660000064
