times:
  edit-metadata: 1.320672456000466
  landing: 0.025594692036975175
  view-data: 0.13550733402371407
