times:
  edit-metadata: 1.2705967267975211
  landing: 0.10921328701078892
  view-data: 0.1253160247579217
