times:
  edit-metadata: 0.4328054350335151
  landing: 0.05859958007931709
  view-data: 0.2045571960043162
