times:
  landing: 1.0817241060000242
  view-data: 0.5586192270000083
