times:
  edit-metadata: 1.5109293889254332
  landing: 0.719753498211503
  view-data: 3.3566193971782923
