times:
  edit-metadata: 1.5988210178911686
  landing: 0.7441199757158756
  view-data: 4.927812684327364
