times:
  edit-metadata: 2.091548640280962
  landing: 1.18120595254004
  view-data: 3.565355146303773
