times:
  edit-metadata: 1.484131582081318
  landing: 0.7946560317650437
  view-data: 3.4791867858730257
