times:
  landing: 0.5540782989999684
  view-data: 0.5566937479999865
