times:
  edit-metadata: 1.4737958647310734
  landing: 0.7842575237154961
  view-data: 3.3317550346255302
