times:
  edit-metadata: 1.3132034800946712
  landing: 0.11983054503798485
  view-data: 0.12311601359397173
