times:
  edit-metadata: 1.3310766909271479
  landing: 0.018901593051850796
  view-data: 0.023501657880842686
