times:
  edit-metadata: 1.5924413744360209
  landing: 0.37928586080670357
  view-data: 0.4715558663010597
