times:
  edit-metadata: 1.5289200879633427
  landing: 0.8234255129937083
  view-data: 3.342743992106989
