times:
  edit-metadata: 1.3278000354766846
  landing: 0.022843049839138985
  view-data: 0.12531986273825169
