times:
  landing: 0.5800032610000017
  view-data: 0.556790202000002
