times:
  edit-metadata: 0.49670809879899025
  landing: 0.05095663666725159
  view-data: 0.1848558560013771
