times:
  landing: 0.5598662900000022
  view-data: 0.5539513829999976
