times:
  edit-metadata: 0.665661517996341
  landing: 0.13154370384290814
  view-data: 0.24280349118635058
