times:
  edit-metadata: 0.648727861000225
  landing: 0.05949201388284564
  view-data: 0.19167934311553836
