times:
  edit-metadata: 1.3953409418463707
  landing: 0.827609945088625
  view-data: 3.3884634412825108
