times:
  edit-metadata: 1.3931146282702684
  landing: 0.1917231399565935
  view-data: 0.02623925171792507
