times:
  edit-metadata: 0.620350893586874
  landing: 0.92958739772439
  view-data: 0.3113795220851898
