times:
  edit-metadata: 1.710529636591673
  landing: 0.8939182199537754
  view-data: 3.4678008258342743
