times:
  landing: 0.5442250360000003
  view-data: 0.5457920550000495
