times:
  edit-metadata: 1.5997336751315743
  landing: 0.769469944993034
  view-data: 3.3690612090285867
