times:
  edit-metadata: 1.4113737791776657
  landing: 0.019897648133337498
  view-data: 0.10268900543451309
