times:
  edit-metadata: 0.8026521849678829
  landing: 0.04807994107250124
  view-data: 0.19020757509861141
