times:
  edit-metadata: 0.4039200500046718
  landing: 0.07099238299997523
  view-data: 0.20566735999454977
