times:
  landing: 1.08007834
  view-data: 0.5588997360000008
