times:
  edit-metadata: 0.9956885341089219
  landing: 0.10068756900727749
  view-data: 0.26271699205972254
