times:
  edit-metadata: 0.6195122549979715
  landing: 0.04149208999297116
  view-data: 0.18945302900101524
