times:
  landing: 0.5415625679999607
  view-data: 0.5475399249999668
