times:
  landing: 0.5500862659999939
  view-data: 0.5544332910000094
