times:
  edit-metadata: 0.678338166908361
  landing: 0.0409891220042482
  view-data: 0.19390278798528016
