times:
  edit-metadata: 0.5257067326456308
  landing: 0.09266629070043564
  view-data: 0.20447149500250816
