times:
  edit-metadata: 1.4217282980680466
  landing: 0.13196531496942043
  view-data: 0.025844406336545944
