times:
  landing: 1.069843536999997
  view-data: 0.5465992749999771
