times:
  edit-metadata: 1.4137651361525059
  landing: 0.7461111806333065
  view-data: 3.380654951557517
