times:
  edit-metadata: 0.6158056929707527
  landing: 0.05087037105113268
  view-data: 0.18970798212103546
