times:
  edit-metadata: 1.6258567497134209
  landing: 0.8600669540464878
  view-data: 3.4472401291131973
