times:
  edit-metadata: 0.5661866779992124
  landing: 0.05294484800106147
  view-data: 0.21858557099767495
