times:
  edit-metadata: 0.4561154441908002
  landing: 0.03896523639559746
  view-data: 0.20665702037513256
