times:
  edit-metadata: 0.5605752617120743
  landing: 0.527311684563756
  view-data: 0.1857631877064705
