times:
  edit-metadata: 1.3759252512827516
  landing: 0.021575921215116978
  view-data: 0.11974205821752548
