times:
  edit-metadata: 1.4092706833034754
  landing: 0.1383709516376257
  view-data: 0.32847465574741364
