times:
  edit-metadata: 1.5431640800088644
  landing: 0.7481725681573153
  view-data: 3.410740800201893
