times:
  edit-metadata: 0.4994865659973584
  landing: 0.07721719700202812
  view-data: 0.22128326300298795
