times:
  edit-metadata: 0.43489873595535755
  landing: 0.044517519883811474
  view-data: 0.2094758339226246
