times:
  edit-metadata: 0.4477024609223008
  landing: 0.045647413935512304
  view-data: 0.20107932714745402
