times:
  edit-metadata: 1.5724339690059423
  landing: 0.7355391383171082
  view-data: 3.407323772087693
