times:
  edit-metadata: 2.8558914847671986
  landing: 1.4461801955476403
  view-data: 3.513201029971242
