times:
  landing: 0.5425604550000003
  view-data: 0.547011604000005
