times:
  edit-metadata: 0.4308092538267374
  landing: 0.04211451904848218
  view-data: 0.19209764478728175
