times:
  landing: 0.5501451509999811
  view-data: 0.5556127629999992
