times:
  edit-metadata: 0.45547973830252886
  landing: 0.05226070573553443
  view-data: 0.19467566069215536
