times:
  edit-metadata: 0.6518282610340975
  landing: 0.04452615795889869
  view-data: 0.1958053649868816
