times:
  edit-metadata: 0.5081510376185179
  landing: 1.1622560992836952
  view-data: 0.575585525482893
