times:
  edit-metadata: 0.6725253299809992
  landing: 0.046404028980759904
  view-data: 0.1967313320201356
