times:
  edit-metadata: 1.3959767762571573
  landing: 0.2258292566984892
  view-data: 0.13809067010879517
