times:
  edit-metadata: 0.7867607860243879
  landing: 0.07128090696642175
  view-data: 0.2365370560437441
