times:
  edit-metadata: 0.8149336150381714
  landing: 0.06858723517507315
  view-data: 0.19286773493513465
