times:
  edit-metadata: 1.557559123262763
  landing: 0.7630469128489494
  view-data: 3.403944704681635
