times:
  edit-metadata: 0.42548368871212006
  landing: 0.05047504510730505
  view-data: 0.20231036841869354
