times:
  edit-metadata: 1.8633263320662081
  landing: 0.8644026392139494
  view-data: 3.5356225832365453
