times:
  landing: 0.5484897309999894
  view-data: 0.5543789269999877
