times:
  edit-metadata: 1.5383431687951088
  landing: 0.7774304822087288
  view-data: 3.339627780020237
