times:
  edit-metadata: 1.4087357418611646
  landing: 0.7363108620047569
  view-data: 3.3809190345928073
