times:
  edit-metadata: 0.5564189031720161
  landing: 0.05068580061197281
  view-data: 0.18473120406270027
