times:
  edit-metadata: 1.3516560550779104
  landing: 0.021728103049099445
  view-data: 0.12248714454472065
