times:
  edit-metadata: 1.60051061026752
  landing: 0.7944477070122957
  view-data: 3.452627820894122
