times:
  edit-metadata: 0.430809467099607
  landing: 0.04410390509292483
  view-data: 0.21824186434969306
