times:
  edit-metadata: 0.7896541021764278
  landing: 0.042045531095936894
  view-data: 0.19364500301890075
