times:
  edit-metadata: 1.4660499785095453
  landing: 0.7041824944317341
  view-data: 3.298878274857998
