times:
  edit-metadata: 0.6841446198523045
  landing: 0.5422193631529808
  view-data: 0.18156540021300316
