times:
  edit-metadata: 1.5926100574433804
  landing: 0.8203353546559811
  view-data: 3.42872928455472
