times:
  edit-metadata: 1.5245696678757668
  landing: 0.7633799128234386
  view-data: 3.413916077464819
