times:
  edit-metadata: 0.5060987807810307
  landing: 0.046942003071308136
  view-data: 0.19546446576714516
