times:
  edit-metadata: 0.4321287840139121
  landing: 0.0724471970461309
  view-data: 0.20935764303430915
