times:
  landing: 0.554327446000002
  view-data: 0.5543951780000214
