times:
  edit-metadata: 1.2738274484872818
  landing: 0.019115034490823746
  view-data: 0.024504030123353004
