times:
  edit-metadata: 0.4212228301912546
  landing: 0.049281222745776176
  view-data: 0.2012169947847724
