times:
  edit-metadata: 2.202719135209918
  landing: 0.37693931348621845
  view-data: 0.2970619350671768
