times:
  landing: 0.5518439500000056
  view-data: 0.5506449390000228
