times:
  landing: 0.5553742230000012
  view-data: 0.5642561449999448
