times:
  edit-metadata: 1.4046834409236908
  landing: 0.7643882147967815
  view-data: 3.2972163259983063
