times:
  edit-metadata: 0.4970443230122328
  landing: 0.8716972563415766
  view-data: 0.20384816452860832
