times:
  landing: 0.5531987040000104
  view-data: 0.5572142600000234
