times:
  edit-metadata: 0.5461901891976595
  landing: 0.5528071392327547
  view-data: 0.19090173207223415
