times:
  edit-metadata: 1.3231113590300083
  landing: 0.021917074918746948
  view-data: 0.025558756664395332
