times:
  edit-metadata: 1.3748420551419258
  landing: 0.025242776609957218
  view-data: 0.11152637284249067
