times:
  edit-metadata: 1.3176091620698571
  landing: 0.022898271679878235
  view-data: 0.025541781447827816
