times:
  edit-metadata: 0.4293257622048259
  landing: 0.05288476403802633
  view-data: 0.1944800205528736
