times:
  edit-metadata: 0.5260990243405104
  landing: 1.264180924743414
  view-data: 0.5281236823648214
