times:
  edit-metadata: 1.485276823863387
  landing: 0.7302291980013251
  view-data: 3.401189249008894
