times:
  edit-metadata: 1.51404913328588
  landing: 0.7156137619167566
  view-data: 3.3863614201545715
