times:
  edit-metadata: 1.4971443619579077
  landing: 0.7959940480068326
  view-data: 3.3409217409789562
