times:
  landing: 0.5480904959999862
  view-data: 0.5555535880000662
