times:
  landing: 0.5617568979999987
  view-data: 0.5561146800000074
