times:
  edit-metadata: 0.5858150068670511
  landing: 0.9060682654380798
  view-data: 0.5432459078729153
