times:
  edit-metadata: 0.555691362824291
  landing: 0.06715589482337236
  view-data: 0.2346389521844685
