times:
  edit-metadata: 1.86962809599936
  landing: 0.2935030907392502
  view-data: 0.39468628726899624
