times:
  edit-metadata: 0.47976229013875127
  landing: 0.10383307095617056
  view-data: 0.21385639579966664
