times:
  edit-metadata: 0.5201835260086227
  landing: 0.06000736600253731
  view-data: 0.22134362501674332
