times:
  edit-metadata: 1.542234281077981
  landing: 0.8548666276037693
  view-data: 3.402891092002392
