times:
  edit-metadata: 1.602557297796011
  landing: 0.8597192540764809
  view-data: 3.341141551733017
