times:
  edit-metadata: 1.4244520850479603
  landing: 0.748265516012907
  view-data: 3.3278413712978363
