times:
  edit-metadata: 1.4744570776820183
  landing: 0.8771578148007393
  view-data: 3.3705997206270695
