times:
  edit-metadata: 1.401026215404272
  landing: 0.7613079510629177
  view-data: 3.270668637007475
