times:
  edit-metadata: 1.664145316928625
  landing: 1.0022674202919006
  view-data: 3.3637273386120796
