times:
  edit-metadata: 2.1337330900132656
  landing: 1.4476815238595009
  view-data: 3.3125360757112503
