times:
  edit-metadata: 1.5170794576406479
  landing: 0.9644462093710899
  view-data: 3.442264176905155
