times:
  edit-metadata: 1.4520176388323307
  landing: 0.9133373722434044
  view-data: 3.3412407375872135
