times:
  edit-metadata: 1.5959497615695
  landing: 0.8445489928126335
  view-data: 3.3148214742541313
