times:
  edit-metadata: 1.4564618617296219
  landing: 0.7971620187163353
  view-data: 3.508672259747982
