times:
  edit-metadata: 1.5691494047641754
  landing: 0.8885484710335732
  view-data: 3.570245459675789
