times:
  edit-metadata: 1.4861636385321617
  landing: 0.891776766628027
  view-data: 3.34581096470356
