times:
  edit-metadata: 1.4492630884051323
  landing: 0.8385805487632751
  view-data: 3.426963321864605
