times:
  edit-metadata: 2.568364031612873
  landing: 1.5732297077775002
  view-data: 3.852813795208931
