times:
  edit-metadata: 1.7905673831701279
  landing: 0.9536491855978966
  view-data: 3.3806630074977875
