times:
  edit-metadata: 1.5393563881516457
  landing: 0.8802087903022766
  view-data: 3.407207578420639
