times:
  edit-metadata: 1.5674825087189674
  landing: 0.8089892268180847
  view-data: 3.506319873034954
