times:
  edit-metadata: 1.4487562626600266
  landing: 0.8702315241098404
  view-data: 3.252935476601124
