times:
  edit-metadata: 1.4997956082224846
  landing: 0.9179481416940689
  view-data: 3.3359514325857162
