times:
  edit-metadata: 1.5011925995349884
  landing: 0.9273536503314972
  view-data: 3.427954874932766
