times:
  edit-metadata: 1.5072241201996803
  landing: 0.774375669658184
  view-data: 3.444070130586624
