times:
  edit-metadata: 1.6774530597031116
  landing: 0.9757051505148411
  view-data: 3.2916738614439964
