times:
  edit-metadata: 1.4563221782445908
  landing: 0.8343523368239403
  view-data: 3.443975053727627
