times:
  edit-metadata: 1.5182696506381035
  landing: 0.8045777902007103
  view-data: 3.5386747419834137
