times:
  edit-metadata: 1.9065801501274109
  landing: 1.4472524859011173
  view-data: 3.401363678276539
