times:
  edit-metadata: 1.4629875347018242
  landing: 0.7919165417551994
  view-data: 3.5339221954345703
