times:
  edit-metadata: 1.4561134576797485
  landing: 0.8267606869339943
  view-data: 3.440252795815468
