times:
  edit-metadata: 1.5377014130353928
  landing: 0.8581077978014946
  view-data: 3.492361292243004
