times:
  edit-metadata: 2.3136082515120506
  landing: 1.5192918702960014
  view-data: 3.494668982923031
