times:
  edit-metadata: 1.4622257947921753
  landing: 0.8515995815396309
  view-data: 3.3256377577781677
