times:
  edit-metadata: 1.5149087756872177
  landing: 0.8430178388953209
  view-data: 3.2989274747669697
