times:
  edit-metadata: 1.5924219116568565
  landing: 1.0266897678375244
  view-data: 3.4976127967238426
