times:
  edit-metadata: 1.614307701587677
  landing: 1.013024590909481
  view-data: 3.350041024386883
