times:
  edit-metadata: 1.5994210541248322
  landing: 0.791209377348423
  view-data: 3.4765782952308655
