times:
  edit-metadata: 1.4956016391515732
  landing: 0.8929530754685402
  view-data: 3.468257673084736
