times:
  edit-metadata: 1.7053882330656052
  landing: 0.8295874297618866
  view-data: 3.315947838127613
