times:
  edit-metadata: 1.6408548802137375
  landing: 0.863748773932457
  view-data: 3.621338464319706
