times:
  edit-metadata: 2.0908982902765274
  landing: 1.196276307106018
  view-data: 3.43234820663929
