times:
  edit-metadata: 1.5149593129754066
  landing: 0.853185385465622
  view-data: 3.3236046731472015
