times:
  edit-metadata: 2.536235250532627
  landing: 1.9459586963057518
  view-data: 3.8214173540472984
