times:
  edit-metadata: 2.075460836291313
  landing: 1.7910591140389442
  view-data: 3.543964631855488
