times:
  edit-metadata: 1.5003337487578392
  landing: 0.8329338282346725
  view-data: 3.535152494907379
