times:
  edit-metadata: 2.245523601770401
  landing: 0.9147328622639179
  view-data: 3.311185598373413
