times:
  edit-metadata: 1.6171663329005241
  landing: 0.8903423622250557
  view-data: 3.4889480471611023
