times:
  edit-metadata: 1.5541313663125038
  landing: 0.8361444920301437
  view-data: 3.4421804025769234
