times:
  edit-metadata: 1.4959560260176659
  landing: 0.8506133854389191
  view-data: 3.394813157618046
