times:
  edit-metadata: 1.4808367416262627
  landing: 0.8399572186172009
  view-data: 3.2874088436365128
