times:
  edit-metadata: 1.4591273441910744
  landing: 0.8387846872210503
  view-data: 3.4630730599164963
