times:
  edit-metadata: 1.5404745824635029
  landing: 0.8270303197205067
  view-data: 3.30081195384264
