times:
  edit-metadata: 1.545515839010477
  landing: 0.9211322776973248
  view-data: 3.3186836317181587
