times:
  edit-metadata: 1.5575770512223244
  landing: 0.9921414330601692
  view-data: 3.2933452650904655
