times:
  edit-metadata: 1.4031373150646687
  landing: 0.8535956777632236
  view-data: 3.2614477649331093
