times:
  edit-metadata: 1.650378119200468
  landing: 1.122825138270855
  view-data: 3.3223488554358482
