times:
  edit-metadata: 3.3045782782137394
  landing: 1.0766183212399483
  view-data: 3.8214280791580677
