times:
  edit-metadata: 1.490583874285221
  landing: 0.8212850205600262
  view-data: 3.3509130217134953
