times:
  edit-metadata: 1.491389460861683
  landing: 0.8727991133928299
  view-data: 3.43803833425045
