times:
  edit-metadata: 1.55843036621809
  landing: 0.9118549786508083
  view-data: 3.2863101176917553
