times:
  edit-metadata: 1.4549075663089752
  landing: 0.7778616100549698
  view-data: 3.455008402466774
