times:
  edit-metadata: 1.5219478458166122
  landing: 0.8768578320741653
  view-data: 3.2844654098153114
