times:
  edit-metadata: 1.5017437227070332
  landing: 0.9322308003902435
  view-data: 3.3681940473616123
