times:
  edit-metadata: 1.5541955009102821
  landing: 0.8040977567434311
  view-data: 3.4285203143954277
