times:
  edit-metadata: 1.7443177551031113
  landing: 0.9141785278916359
  view-data: 3.412438303232193
