times:
  edit-metadata: 1.9540406540036201
  landing: 0.9425772875547409
  view-data: 3.4530632458627224
