times:
  edit-metadata: 3.126473806798458
  landing: 1.8391491249203682
  view-data: 3.843927927315235
