times:
  edit-metadata: 1.555633284151554
  landing: 0.8436984345316887
  view-data: 3.327352851629257
