times:
  edit-metadata: 1.4611263573169708
  landing: 0.8482128232717514
  view-data: 3.295491710305214
