times:
  edit-metadata: 1.5008639357984066
  landing: 0.866489551961422
  view-data: 3.3096474334597588
