times:
  edit-metadata: 1.3997402377426624
  landing: 0.8747349753975868
  view-data: 3.3413473330438137
