times:
  edit-metadata: 1.4094210416078568
  landing: 0.9518460854887962
  view-data: 3.3252051696181297
