times:
  edit-metadata: 1.5529158189892769
  landing: 0.7845205590128899
  view-data: 3.5035946518182755
