times:
  edit-metadata: 1.481819435954094
  landing: 0.7837454825639725
  view-data: 3.367927350103855
