times:
  edit-metadata: 1.602250576019287
  landing: 0.9311276152729988
  view-data: 3.3083282969892025
