times:
  edit-metadata: 1.6102242767810822
  landing: 0.8601777330040932
  view-data: 3.5169878527522087
