times:
  edit-metadata: 1.4783524945378304
  landing: 0.9064449295401573
  view-data: 3.312016524374485
