times:
  edit-metadata: 1.5722666308283806
  landing: 0.8545427322387695
  view-data: 3.2796318158507347
