times:
  edit-metadata: 1.5272524431347847
  landing: 0.8773198351264
  view-data: 3.4469133615493774
