times:
  edit-metadata: 1.5193850249052048
  landing: 0.8707064837217331
  view-data: 3.4617395102977753
