times:
  edit-metadata: 2.126640487462282
  landing: 1.2539377585053444
  view-data: 3.5392925404012203
