times:
  edit-metadata: 2.0805264338850975
  landing: 1.4681806862354279
  view-data: 3.554756313562393
