times:
  edit-metadata: 1.6162461787462234
  landing: 1.1668625324964523
  view-data: 3.2954892441630363
