times:
  edit-metadata: 1.4891448318958282
  landing: 0.9060917235910892
  view-data: 3.285605166107416
