times:
  edit-metadata: 1.5181246548891068
  landing: 0.8060653582215309
  view-data: 3.3919765651226044
