times:
  edit-metadata: 1.4848483130335808
  landing: 0.8919525519013405
  view-data: 3.335815340280533
