times:
  edit-metadata: 1.5052684880793095
  landing: 0.8771915659308434
  view-data: 3.295534312725067
