times:
  edit-metadata: 1.437959536910057
  landing: 0.8177573531866074
  view-data: 3.48225624114275
