times:
  edit-metadata: 1.5259258672595024
  landing: 0.8612435981631279
  view-data: 3.4189928099513054
