times:
  edit-metadata: 1.4784606881439686
  landing: 0.8502956740558147
  view-data: 3.3322464413940907
