times:
  edit-metadata: 1.4972633570432663
  landing: 0.8373142257332802
  view-data: 3.4521898552775383
