times:
  edit-metadata: 1.4007520005106926
  landing: 0.7834030464291573
  view-data: 3.247680600732565
