times:
  edit-metadata: 1.5208016857504845
  landing: 0.9497809037566185
  view-data: 3.5027577728033066
