times:
  edit-metadata: 1.5448838956654072
  landing: 0.8468421027064323
  view-data: 3.273916069418192
