times:
  edit-metadata: 1.5002393275499344
  landing: 0.8482781648635864
  view-data: 3.379042323678732
