times:
  edit-metadata: 1.5807579457759857
  landing: 0.9220765121281147
  view-data: 3.338668569922447
