times:
  edit-metadata: 1.492074642330408
  landing: 0.8797008953988552
  view-data: 3.3182347677648067
