times:
  edit-metadata: 1.50409085303545
  landing: 0.8441540747880936
  view-data: 3.4616251215338707
