times:
  edit-metadata: 1.5584271177649498
  landing: 0.8897198438644409
  view-data: 3.2949871197342873
