times:
  edit-metadata: 1.573037214577198
  landing: 0.8607874177396297
  view-data: 3.2517255023121834
