times:
  edit-metadata: 1.494883008301258
  landing: 0.8944985717535019
  view-data: 3.5386638194322586
