times:
  edit-metadata: 1.5911207273602486
  landing: 0.8357135504484177
  view-data: 3.263901114463806
