times:
  edit-metadata: 2.2655903548002243
  landing: 1.6307208091020584
  view-data: 3.443459987640381
