times:
  edit-metadata: 1.4353486597537994
  landing: 0.8548063114285469
  view-data: 3.3920450657606125
