times:
  edit-metadata: 1.583210401237011
  landing: 0.8646230176091194
  view-data: 3.278966598212719
