times:
  edit-metadata: 1.4533215686678886
  landing: 0.9324513860046864
  view-data: 3.314552456140518
