times:
  edit-metadata: 1.5528283342719078
  landing: 0.872936375439167
  view-data: 3.463883690536022
