times:
  edit-metadata: 1.5015172772109509
  landing: 0.839673612266779
  view-data: 3.3866867050528526
