times:
  edit-metadata: 1.5980137065052986
  landing: 0.8742735683917999
  view-data: 3.4366417601704597
