times:
  edit-metadata: 1.5637678429484367
  landing: 0.8392519354820251
  view-data: 3.460508309304714
