times:
  edit-metadata: 2.416828364133835
  landing: 0.9426793158054352
  view-data: 3.508975125849247
