times:
  edit-metadata: 1.557320423424244
  landing: 0.8737919516861439
  view-data: 3.318193007260561
