times:
  edit-metadata: 2.4164083749055862
  landing: 1.637141227722168
  view-data: 3.6643960550427437
