times:
  edit-metadata: 1.6994666308164597
  landing: 0.949367344379425
  view-data: 3.336232379078865
