times:
  edit-metadata: 1.5533699207007885
  landing: 0.86826591193676
  view-data: 3.2924844063818455
