times:
  edit-metadata: 1.6719044893980026
  landing: 0.9819828420877457
  view-data: 3.365532301366329
