times:
  edit-metadata: 1.6230084784328938
  landing: 1.428252898156643
  view-data: 3.3256522864103317
