times:
  edit-metadata: 1.494846522808075
  landing: 0.8596779443323612
  view-data: 3.2508974820375443
