times:
  edit-metadata: 1.609086699783802
  landing: 0.8103214651346207
  view-data: 3.613112837076187
