times:
  edit-metadata: 1.4341652020812035
  landing: 0.9883044585585594
  view-data: 3.2867565788328648
