times:
  edit-metadata: 1.5017849057912827
  landing: 0.9356668516993523
  view-data: 3.4217425659298897
