times:
  edit-metadata: 1.5444589033722878
  landing: 0.909576766192913
  view-data: 3.5747236907482147
