times:
  edit-metadata: 1.4521661885082722
  landing: 0.9230938479304314
  view-data: 3.2982658110558987
