times:
  edit-metadata: 1.8390348181128502
  landing: 1.264727883040905
  view-data: 3.498556859791279
