times:
  edit-metadata: 1.4469944536685944
  landing: 0.8340993225574493
  view-data: 3.4676782116293907
