times:
  edit-metadata: 1.6001255214214325
  landing: 0.8716898486018181
  view-data: 3.4356984943151474
