times:
  edit-metadata: 1.5376996099948883
  landing: 0.7763248234987259
  view-data: 3.427622936666012
