times:
  edit-metadata: 1.4906420223414898
  landing: 0.9342770166695118
  view-data: 3.332284949719906
