times:
  edit-metadata: 1.4918658062815666
  landing: 0.9519558548927307
  view-data: 3.3812400475144386
