times:
  edit-metadata: 1.504759669303894
  landing: 0.8061358407139778
  view-data: 3.2770162001252174
