times:
  edit-metadata: 1.5303847566246986
  landing: 0.8806394264101982
  view-data: 3.4145133271813393
