times:
  edit-metadata: 1.47866602987051
  landing: 0.8601424768567085
  view-data: 3.481135316193104
