times:
  edit-metadata: 1.5120636522769928
  landing: 0.9053437560796738
  view-data: 3.2891432121396065
