times:
  edit-metadata: 1.527480885386467
  landing: 0.8428944125771523
  view-data: 3.379180982708931
