times:
  edit-metadata: 1.6580567732453346
  landing: 0.9240588620305061
  view-data: 3.4416292682290077
