times:
  edit-metadata: 1.4443084448575974
  landing: 0.8456150740385056
  view-data: 3.5107764452695847
