times:
  edit-metadata: 1.4944928511977196
  landing: 0.8573851510882378
  view-data: 3.3166887909173965
