times:
  edit-metadata: 1.5728676952421665
  landing: 0.8384198807179928
  view-data: 3.333589319139719
