times:
  edit-metadata: 1.491478018462658
  landing: 0.8935884088277817
  view-data: 3.4072908088564873
