times:
  edit-metadata: 1.5294989347457886
  landing: 0.8073851987719536
  view-data: 3.256448023021221
