times:
  edit-metadata: 1.7014449089765549
  landing: 1.057760301977396
  view-data: 3.3601877316832542
