times:
  edit-metadata: 1.4981412068009377
  landing: 0.940992683172226
  view-data: 3.336978320032358
