times:
  edit-metadata: 1.5693035759031773
  landing: 0.8655265644192696
  view-data: 3.336613319814205
