times:
  edit-metadata: 1.5418368130922318
  landing: 0.8667668923735619
  view-data: 3.264944799244404
