times:
  edit-metadata: 1.515606738626957
  landing: 0.846870519220829
  view-data: 3.5241253823041916
