times:
  edit-metadata: 1.4544698670506477
  landing: 0.8736971467733383
  view-data: 3.4727863892912865
