times:
  edit-metadata: 1.5392626114189625
  landing: 0.9850086681544781
  view-data: 3.3673265017569065
