times:
  edit-metadata: 1.6030694022774696
  landing: 0.8872143477201462
  view-data: 3.4396819323301315
