times:
  edit-metadata: 1.5298752412199974
  landing: 0.8232322633266449
  view-data: 3.4170550778508186
