times:
  edit-metadata: 1.9205174632370472
  landing: 1.3099892139434814
  view-data: 3.3849532678723335
