times:
  edit-metadata: 1.6111968010663986
  landing: 0.9967888966202736
  view-data: 3.4204664304852486
