times:
  edit-metadata: 1.5219610705971718
  landing: 0.8440933525562286
  view-data: 3.4773715510964394
