times:
  edit-metadata: 1.5217131823301315
  landing: 0.8004069626331329
  view-data: 3.458075277507305
