times:
  edit-metadata: 1.5092372074723244
  landing: 0.8380880802869797
  view-data: 3.510574847459793
