times:
  edit-metadata: 1.6182977631688118
  landing: 0.8582399934530258
  view-data: 3.563783161342144
