times:
  edit-metadata: 1.4255333840847015
  landing: 0.986899871379137
  view-data: 3.347036562860012
