times:
  edit-metadata: 1.4626251310110092
  landing: 0.7054548561573029
  view-data: 3.5728981345891953
