times:
  edit-metadata: 1.571109727025032
  landing: 1.1167862564325333
  view-data: 3.322577066719532
