times:
  edit-metadata: 1.3846173845231533
  landing: 0.7593237347900867
  view-data: 3.34656735509634
