times:
  edit-metadata: 1.6110729575157166
  landing: 0.84437096118927
  view-data: 3.2846047580242157
