times:
  edit-metadata: 1.5724502578377724
  landing: 0.728973038494587
  view-data: 3.32046215608716
