times:
  edit-metadata: 1.4049518331885338
  landing: 0.8858994916081429
  view-data: 3.333178609609604
