times:
  edit-metadata: 1.5111216306686401
  landing: 0.8721021562814713
  view-data: 3.4391781017184258
