times:
  edit-metadata: 1.5580998808145523
  landing: 0.7782429754734039
  view-data: 3.5284200608730316
