times:
  edit-metadata: 1.4337923601269722
  landing: 0.8072535619139671
  view-data: 3.4626181945204735
