times:
  edit-metadata: 1.6173677667975426
  landing: 0.8072824776172638
  view-data: 3.5857305005192757
