times:
  edit-metadata: 1.521653488278389
  landing: 0.7187364920973778
  view-data: 3.504224956035614
