times:
  edit-metadata: 1.4525472968816757
  landing: 0.856923945248127
  view-data: 3.6087757647037506
