times:
  edit-metadata: 1.4997782334685326
  landing: 0.8452679142355919
  view-data: 3.6273201256990433
