times:
  edit-metadata: 1.3746889531612396
  landing: 0.8448549993336201
  view-data: 3.3052843660116196
