times:
  edit-metadata: 1.4828396439552307
  landing: 0.8943961411714554
  view-data: 3.5146838575601578
