times:
  edit-metadata: 1.4249931275844574
  landing: 0.7564861699938774
  view-data: 3.316275805234909
