times:
  edit-metadata: 1.7129649445414543
  landing: 0.8768572956323624
  view-data: 3.3605404421687126
