times:
  edit-metadata: 1.7177174538373947
  landing: 0.9069330617785454
  view-data: 3.3166038766503334
