times:
  edit-metadata: 1.4306949079036713
  landing: 0.7377703413367271
  view-data: 3.340454138815403
