times:
  edit-metadata: 1.8389502093195915
  landing: 0.8284432962536812
  view-data: 3.4751857221126556
