times:
  edit-metadata: 1.094361551105976
  landing: 0.8760448545217514
  view-data: 3.4019706770777702
