times:
  edit-metadata: 1.3685741424560547
  landing: 0.7417011559009552
  view-data: 3.414767101407051
