times:
  edit-metadata: 1.5712391436100006
  landing: 0.8545532897114754
  view-data: 3.385410461574793
