times:
  edit-metadata: 1.4686600863933563
  landing: 0.7938699424266815
  view-data: 3.4522913694381714
