times:
  edit-metadata: 1.5731682442128658
  landing: 0.8559514470398426
  view-data: 3.3578674979507923
