times:
  edit-metadata: 1.6023418232798576
  landing: 1.0072991847991943
  view-data: 3.462679758667946
