times:
  edit-metadata: 1.9777756705880165
  landing: 1.5280060172080994
  view-data: 3.441549137234688
