times:
  edit-metadata: 1.4870801344513893
  landing: 0.7704082876443863
  view-data: 3.516451343894005
