times:
  edit-metadata: 1.4974802732467651
  landing: 0.811374694108963
  view-data: 3.549218714237213
