times:
  edit-metadata: 2.0845193713903427
  landing: 1.1192334555089474
  view-data: 3.3878914304077625
