times:
  edit-metadata: 2.0111167952418327
  landing: 1.0946077480912209
  view-data: 3.4078231379389763
