times:
  edit-metadata: 1.4570129439234734
  landing: 0.7706245929002762
  view-data: 3.49245822429657
