times:
  edit-metadata: 1.4229212179780006
  landing: 0.8441206887364388
  view-data: 3.514754429459572
