times:
  edit-metadata: 1.6165332347154617
  landing: 0.9139881879091263
  view-data: 3.3065011724829674
