times:
  edit-metadata: 1.554451011121273
  landing: 0.9685004875063896
  view-data: 3.2909338288009167
