times:
  edit-metadata: 1.4921832978725433
  landing: 0.8358550742268562
  view-data: 3.4686763882637024
