times:
  edit-metadata: 1.4011000879108906
  landing: 0.8728164546191692
  view-data: 3.3214302472770214
