times:
  edit-metadata: 1.1455981843173504
  landing: 0.7643089555203915
  view-data: 3.322511475533247
