times:
  edit-metadata: 1.8417528234422207
  landing: 1.0009897276759148
  view-data: 3.6025340035557747
