times:
  edit-metadata: 1.4658462516963482
  landing: 0.8751740418374538
  view-data: 3.344003338366747
