times:
  edit-metadata: 1.3667443841695786
  landing: 0.7833279818296432
  view-data: 3.2818378880620003
