times:
  edit-metadata: 1.3952861949801445
  landing: 0.8165877535939217
  view-data: 3.4440624341368675
