times:
  edit-metadata: 1.3752423152327538
  landing: 0.7472467422485352
  view-data: 3.5246829763054848
