times:
  edit-metadata: 1.4074764139950275
  landing: 0.7525153197348118
  view-data: 3.3723038136959076
