times:
  edit-metadata: 1.4963714592158794
  landing: 0.7375468611717224
  view-data: 3.3591585978865623
