times:
  edit-metadata: 1.5294399708509445
  landing: 0.8241132721304893
  view-data: 3.348510332405567
