times:
  edit-metadata: 1.418702695518732
  landing: 0.875067625194788
  view-data: 3.60663565993309
