times:
  edit-metadata: 1.4047619886696339
  landing: 0.8297324292361736
  view-data: 3.2723672837018967
