times:
  edit-metadata: 1.455333136022091
  landing: 0.7878048121929169
  view-data: 3.512788563966751
