times:
  edit-metadata: 1.1741085350513458
  landing: 0.6816330999135971
  view-data: 3.4773532524704933
