times:
  edit-metadata: 1.396416962146759
  landing: 0.8236233443021774
  view-data: 3.3289453014731407
