times:
  edit-metadata: 1.7363530471920967
  landing: 0.9301290884613991
  view-data: 3.554664857685566
