times:
  edit-metadata: 1.4272365719079971
  landing: 0.7328885495662689
  view-data: 3.5818080231547356
