times:
  edit-metadata: 1.3755245059728622
  landing: 0.765371061861515
  view-data: 3.456449382007122
