times:
  edit-metadata: 1.5456932820379734
  landing: 0.8855019211769104
  view-data: 3.418278820812702
