times:
  edit-metadata: 1.393680952489376
  landing: 0.79566615447402
  view-data: 3.310005821287632
