times:
  edit-metadata: 1.4361134581267834
  landing: 0.741581816226244
  view-data: 3.3167631328105927
