times:
  edit-metadata: 1.4033435955643654
  landing: 0.9026306122541428
  view-data: 3.5520590022206306
