times:
  edit-metadata: 1.5286196023225784
  landing: 0.7755579203367233
  view-data: 3.478286497294903
