times:
  edit-metadata: 1.085128452628851
  landing: 0.7588778957724571
  view-data: 3.3560100346803665
