times:
  edit-metadata: 1.3634700551629066
  landing: 0.826917827129364
  view-data: 3.5290310829877853
