times:
  edit-metadata: 1.4548817723989487
  landing: 0.8264276161789894
  view-data: 3.3775954619050026
