times:
  edit-metadata: 1.6209020465612411
  landing: 1.0294573232531548
  view-data: 3.5257140770554543
