times:
  edit-metadata: 1.640064924955368
  landing: 0.9353550523519516
  view-data: 3.37561896443367
