times:
  edit-metadata: 1.424091886729002
  landing: 0.8389807045459747
  view-data: 3.307783592492342
