times:
  edit-metadata: 1.38246650993824
  landing: 0.7518902122974396
  view-data: 3.3746148198843002
