times:
  edit-metadata: 1.3931833431124687
  landing: 0.73383654281497
  view-data: 3.2498983778059483
