times:
  edit-metadata: 1.4214486256241798
  landing: 0.9772189259529114
  view-data: 3.5641954764723778
