times:
  edit-metadata: 1.3459472693502903
  landing: 0.7477255277335644
  view-data: 3.3065487444400787
