times:
  edit-metadata: 1.5228037983179092
  landing: 0.7928678393363953
  view-data: 3.476752169430256
