times:
  edit-metadata: 1.4233704097568989
  landing: 0.7474917471408844
  view-data: 3.3519024178385735
