times:
  edit-metadata: 1.3852994292974472
  landing: 0.9476223029196262
  view-data: 3.2741405814886093
