times:
  edit-metadata: 1.4927201196551323
  landing: 0.8926253169775009
  view-data: 3.299511104822159
