times:
  edit-metadata: 1.4794972240924835
  landing: 0.7424674704670906
  view-data: 3.4967984557151794
