times:
  edit-metadata: 1.4154720455408096
  landing: 0.8515918031334877
  view-data: 3.513111189007759
