times:
  edit-metadata: 1.4438289254903793
  landing: 0.7242739573121071
  view-data: 3.4640549272298813
