times:
  edit-metadata: 1.1334747038781643
  landing: 0.7777776122093201
  view-data: 3.366439253091812
