times:
  edit-metadata: 1.486378289759159
  landing: 0.8781874552369118
  view-data: 3.7662084102630615
