times:
  edit-metadata: 1.4246991351246834
  landing: 0.7485663518309593
  view-data: 3.484031893312931
