times:
  edit-metadata: 1.5409830659627914
  landing: 0.8607625886797905
  view-data: 3.517289027571678
