times:
  edit-metadata: 1.5763551592826843
  landing: 0.9635769799351692
  view-data: 3.496957689523697
