times:
  edit-metadata: 2.2230603620409966
  landing: 1.1973779797554016
  view-data: 3.478241302073002
