times:
  edit-metadata: 1.5331321060657501
  landing: 0.7621828839182854
  view-data: 3.4770260006189346
