times:
  edit-metadata: 1.4261348694562912
  landing: 1.0066157802939415
  view-data: 0.5748712420463562
