times:
  edit-metadata: 1.6291003674268723
  landing: 0.833806324750185
  view-data: 3.370426580309868
