times:
  edit-metadata: 1.531084794551134
  landing: 0.8488072082400322
  view-data: 3.3584998585283756
