times:
  edit-metadata: 1.5428870543837547
  landing: 0.8185782805085182
  view-data: 3.302138902246952
