times:
  edit-metadata: 1.5941285863518715
  landing: 0.9291512332856655
  view-data: 3.3368763774633408
