times:
  edit-metadata: 1.4629174210131168
  landing: 0.9641927964985371
  view-data: 3.338045362383127
