times:
  edit-metadata: 1.8168550543487072
  landing: 0.819359302520752
  view-data: 3.322094399482012
