times:
  edit-metadata: 1.5521201342344284
  landing: 0.8205566704273224
  view-data: 3.6558738723397255
