times:
  edit-metadata: 1.4178772643208504
  landing: 0.7382715344429016
  view-data: 3.466235615313053
