times:
  edit-metadata: 1.4767328947782516
  landing: 0.8438871838152409
  view-data: 3.3019777201116085
