times:
  edit-metadata: 1.4491814225912094
  landing: 0.8251588046550751
  view-data: 3.5068597346544266
