times:
  edit-metadata: 1.948614526540041
  landing: 1.6560039073228836
  view-data: 3.3508694358170033
