times:
  edit-metadata: 1.475266955792904
  landing: 0.8437754437327385
  view-data: 3.470071993768215
