times:
  edit-metadata: 1.6524984911084175
  landing: 0.8678739741444588
  view-data: 3.3496023267507553
