times:
  edit-metadata: 1.3519082590937614
  landing: 0.7644821405410767
  view-data: 3.338900238275528
