times:
  edit-metadata: 1.6431530676782131
  landing: 0.7097213007509708
  view-data: 3.3919416293501854
