times:
  edit-metadata: 1.2956659123301506
  landing: 0.726287491619587
  view-data: 3.460930183529854
