times:
  edit-metadata: 1.453071516007185
  landing: 0.7887503877282143
  view-data: 3.5593323595821857
