times:
  edit-metadata: 1.3772873505949974
  landing: 0.8185415267944336
  view-data: 3.376907542347908
