times:
  edit-metadata: 1.4718919172883034
  landing: 0.8626135811209679
  view-data: 3.444389209151268
