times:
  edit-metadata: 1.3404911160469055
  landing: 0.7388908565044403
  view-data: 3.4970873072743416
