times:
  edit-metadata: 1.4337372332811356
  landing: 0.7398137301206589
  view-data: 3.3556939885020256
