times:
  edit-metadata: 1.3370022624731064
  landing: 0.7930589951574802
  view-data: 3.3224338591098785
