times:
  edit-metadata: 1.4897253140807152
  landing: 0.7796733602881432
  view-data: 3.4843664169311523
