times:
  edit-metadata: 1.3839870020747185
  landing: 0.7952280342578888
  view-data: 3.456046298146248
