times:
  edit-metadata: 1.5175582841038704
  landing: 0.8675774522125721
  view-data: 3.3068813495337963
