times:
  edit-metadata: 1.3422402739524841
  landing: 0.7454980835318565
  view-data: 3.3275106325745583
