times:
  edit-metadata: 1.3829583823680878
  landing: 0.8929660618305206
  view-data: 3.559576742351055
