times:
  edit-metadata: 1.5620682165026665
  landing: 0.8738982491195202
  view-data: 3.352205403149128
