times:
  edit-metadata: 1.3720911517739296
  landing: 0.8716476559638977
  view-data: 3.2571808993816376
