times:
  edit-metadata: 1.389498170465231
  landing: 1.0957979373633862
  view-data: 3.6010213010013103
