times:
  edit-metadata: 1.4775730036199093
  landing: 0.8064495846629143
  view-data: 3.2740273848176003
