times:
  edit-metadata: 1.3706874921917915
  landing: 0.7069814428687096
  view-data: 3.4365635067224503
