times:
  edit-metadata: 1.4563295282423496
  landing: 0.8288717158138752
  view-data: 3.4384430199861526
