times:
  edit-metadata: 1.354011669754982
  landing: 0.8224199377000332
  view-data: 3.4162079840898514
