times:
  edit-metadata: 1.4215142726898193
  landing: 0.7477613836526871
  view-data: 3.311674080789089
