times:
  edit-metadata: 1.4397005587816238
  landing: 0.7729388400912285
  view-data: 3.461783818900585
