times:
  edit-metadata: 1.335694383829832
  landing: 0.7885528579354286
  view-data: 3.3568400628864765
