times:
  edit-metadata: 1.7123573422431946
  landing: 1.0347455963492393
  view-data: 3.6740846186876297
