times:
  edit-metadata: 2.0264024138450623
  landing: 1.1349747702479362
  view-data: 3.395160488784313
