times:
  edit-metadata: 1.4990234896540642
  landing: 0.811325304210186
  view-data: 3.3815116360783577
