times:
  edit-metadata: 1.3470885828137398
  landing: 0.771832212805748
  view-data: 3.5415134355425835
