times:
  edit-metadata: 1.3440744876861572
  landing: 0.75870705768466
  view-data: 3.527723293751478
