times:
  edit-metadata: 1.4208255112171173
  landing: 0.91822899132967
  view-data: 3.4333916381001472
