times:
  edit-metadata: 2.0810716561973095
  landing: 1.0229615680873394
  view-data: 0.5521767027676105
