times:
  edit-metadata: 1.4504142999649048
  landing: 0.7055822089314461
  view-data: 3.539424382150173
