times:
  edit-metadata: 1.3295436799526215
  landing: 0.8171237111091614
  view-data: 3.4405553936958313
