times:
  edit-metadata: 1.4565300047397614
  landing: 0.843992181122303
  view-data: 3.466207839548588
