times:
  edit-metadata: 1.3496490344405174
  landing: 0.7440827414393425
  view-data: 3.461803711950779
