times:
  edit-metadata: 1.4385360479354858
  landing: 0.7908441573381424
  view-data: 3.5372608602046967
