times:
  edit-metadata: 1.6621114909648895
  landing: 0.9451341331005096
  view-data: 3.443003185093403
