times:
  edit-metadata: 1.43642208725214
  landing: 0.7497552782297134
  view-data: 3.538409024477005
