times:
  edit-metadata: 1.507737934589386
  landing: 0.7815091796219349
  view-data: 3.346249893307686
