times:
  edit-metadata: 1.4108059406280518
  landing: 0.7243909016251564
  view-data: 3.3420872911810875
