times:
  edit-metadata: 1.4006281197071075
  landing: 0.9150992184877396
  view-data: 3.4717031866312027
