times:
  edit-metadata: 1.3889081701636314
  landing: 0.9532120227813721
  view-data: 3.5752091705799103
