times:
  edit-metadata: 1.5626615099608898
  landing: 0.9788231514394283
  view-data: 3.6422879435122013
