times:
  edit-metadata: 1.558076448738575
  landing: 0.8018096871674061
  view-data: 3.321367859840393
