times:
  edit-metadata: 1.4692615047097206
  landing: 0.8629411235451698
  view-data: 3.3051348254084587
