times:
  edit-metadata: 1.3737401887774467
  landing: 0.7820112332701683
  view-data: 3.3025521486997604
