times:
  edit-metadata: 1.6523258909583092
  landing: 0.9608424380421638
  view-data: 3.4171905741095543
