times:
  edit-metadata: 1.4714817516505718
  landing: 0.8538413159549236
  view-data: 3.32253810018301
