times:
  edit-metadata: 1.4323209300637245
  landing: 0.9287082254886627
  view-data: 3.3304517902433872
