times:
  edit-metadata: 1.430399101227522
  landing: 0.8072507567703724
  view-data: 3.3107792362570763
