times:
  edit-metadata: 1.4653541669249535
  landing: 0.7922079861164093
  view-data: 3.4818626791238785
