times:
  edit-metadata: 1.495994582772255
  landing: 0.7137544676661491
  view-data: 3.4871266335248947
