times:
  edit-metadata: 1.4913772195577621
  landing: 0.8203720822930336
  view-data: 3.343690525740385
