times:
  edit-metadata: 1.375782161951065
  landing: 0.7688665799796581
  view-data: 3.2840596549212933
