times:
  edit-metadata: 1.4353307113051414
  landing: 0.8205340579152107
  view-data: 3.4328863844275475
