times:
  edit-metadata: 1.4703106433153152
  landing: 0.7049756422638893
  view-data: 3.3854158595204353
