times:
  edit-metadata: 1.4790246598422527
  landing: 0.7568393051624298
  view-data: 3.3621489740908146
