times:
  edit-metadata: 1.4565228149294853
  landing: 0.7227901145815849
  view-data: 3.3407115004956722
