times:
  edit-metadata: 1.3772509880363941
  landing: 0.782371062785387
  view-data: 3.3145247027277946
