times:
  edit-metadata: 1.462554432451725
  landing: 0.8346922546625137
  view-data: 3.3599123433232307
