times:
  edit-metadata: 1.4922931604087353
  landing: 0.7680881917476654
  view-data: 3.354535575956106
