times:
  edit-metadata: 1.5506358742713928
  landing: 0.9025842100381851
  view-data: 3.557014025747776
