times:
  edit-metadata: 1.45066449791193
  landing: 0.7546094059944153
  view-data: 3.270028166472912
