times:
  edit-metadata: 1.4841362833976746
  landing: 0.7650969326496124
  view-data: 3.484900616109371
