times:
  edit-metadata: 1.3978572860360146
  landing: 0.7455614060163498
  view-data: 3.4937305226922035
