times:
  edit-metadata: 1.4838279262185097
  landing: 0.6645380035042763
  view-data: 3.4539178982377052
