times:
  edit-metadata: 1.5431006327271461
  landing: 0.786818690598011
  view-data: 3.322625018656254
