times:
  edit-metadata: 1.5208023488521576
  landing: 0.7140755206346512
  view-data: 3.446791671216488
