times:
  edit-metadata: 1.3733257576823235
  landing: 0.703102320432663
  view-data: 3.422160141170025
