times:
  edit-metadata: 1.5210534185171127
  landing: 0.7380259111523628
  view-data: 3.478388123214245
