times:
  edit-metadata: 1.7116790264844894
  landing: 0.9089678376913071
  view-data: 3.3234580606222153
