times:
  edit-metadata: 1.5457291416823864
  landing: 0.8674125745892525
  view-data: 3.2643589675426483
