times:
  edit-metadata: 1.71578548848629
  landing: 0.8991338908672333
  view-data: 3.382959023118019
