times:
  edit-metadata: 1.5237708613276482
  landing: 0.8540836423635483
  view-data: 3.2909291572868824
