times:
  edit-metadata: 1.5792433395981789
  landing: 0.8909209035336971
  view-data: 3.362955953925848
