times:
  edit-metadata: 1.4747552424669266
  landing: 0.8082729950547218
  view-data: 3.75055680423975
