times:
  edit-metadata: 1.6013597697019577
  landing: 0.9055069461464882
  view-data: 3.543678142130375
