times:
  edit-metadata: 1.5063206255435944
  landing: 0.8172719851136208
  view-data: 3.477917216718197
