times:
  edit-metadata: 1.4785807058215141
  landing: 0.8605818673968315
  view-data: 3.34583380818367
