times:
  edit-metadata: 1.5466475039720535
  landing: 0.8609770834445953
  view-data: 3.3560106456279755
