times:
  edit-metadata: 1.5697143115103245
  landing: 0.772517416626215
  view-data: 3.2995437495410442
