times:
  edit-metadata: 1.537172131240368
  landing: 0.8186740577220917
  view-data: 3.2639383897185326
