times:
  edit-metadata: 1.4692921862006187
  landing: 0.7737765945494175
  view-data: 3.3223121762275696
