times:
  edit-metadata: 1.3851903192698956
  landing: 0.8472868353128433
  view-data: 3.321590855717659
