times:
  edit-metadata: 2.70193387567997
  landing: 1.445647768676281
  view-data: 3.379921242594719
