times:
  edit-metadata: 1.5330545231699944
  landing: 0.8403244614601135
  view-data: 3.5829744189977646
