times:
  edit-metadata: 1.4998010471463203
  landing: 0.7327435836195946
  view-data: 3.5253090485930443
