times:
  edit-metadata: 1.3790354281663895
  landing: 0.736536793410778
  view-data: 3.6275661066174507
