times:
  edit-metadata: 1.4297475889325142
  landing: 0.7688045613467693
  view-data: 3.291647057980299
