times:
  edit-metadata: 1.4264195077121258
  landing: 0.845193900167942
  view-data: 3.299614068120718
