times:
  edit-metadata: 1.5025100782513618
  landing: 0.7999263554811478
  view-data: 3.454138569533825
