times:
  edit-metadata: 1.4427448995411396
  landing: 0.7811113856732845
  view-data: 3.3867936842143536
