times:
  edit-metadata: 1.3912768550217152
  landing: 0.8359903581440449
  view-data: 3.2883547469973564
