times:
  edit-metadata: 1.477843713015318
  landing: 0.7033504545688629
  view-data: 3.298197254538536
