times:
  edit-metadata: 2.735547311604023
  landing: 1.6968395709991455
  view-data: 4.101694047451019
