times:
  edit-metadata: 1.5290952138602734
  landing: 0.8132163658738136
  view-data: 3.324711676687002
