times:
  edit-metadata: 1.5377129390835762
  landing: 0.814151406288147
  view-data: 3.48178730905056
