times:
  edit-metadata: 1.900738537311554
  landing: 0.9927605986595154
  view-data: 3.3427794352173805
