times:
  edit-metadata: 1.465766817331314
  landing: 0.7761122137308121
  view-data: 3.2700917571783066
