times:
  edit-metadata: 1.4422806650400162
  landing: 0.7224593423306942
  view-data: 3.378153905272484
