times:
  edit-metadata: 1.5624611712992191
  landing: 0.8350993022322655
  view-data: 3.3724575489759445
