times:
  edit-metadata: 1.5512850880622864
  landing: 0.8934863582253456
  view-data: 3.4323642253875732
