times:
  edit-metadata: 1.4309678860008717
  landing: 0.9286921955645084
  view-data: 3.443763691931963
