times:
  edit-metadata: 1.500012967735529
  landing: 0.7694209925830364
  view-data: 3.3358853459358215
