times:
  edit-metadata: 1.5092813968658447
  landing: 0.7701495364308357
  view-data: 3.4292989522218704
