times:
  edit-metadata: 1.4264981523156166
  landing: 0.7984491884708405
  view-data: 3.5177402421832085
