times:
  edit-metadata: 1.5130627751350403
  landing: 0.8061578199267387
  view-data: 3.304985910654068
