times:
  edit-metadata: 1.544805645942688
  landing: 0.7500464841723442
  view-data: 3.455067813396454
