times:
  edit-metadata: 1.362054780125618
  landing: 0.7366919815540314
  view-data: 3.406018242239952
