times:
  edit-metadata: 1.493679005652666
  landing: 0.793010875582695
  view-data: 3.312976438552141
