times:
  edit-metadata: 1.612359844148159
  landing: 0.7537781931459904
  view-data: 3.3784005902707577
