times:
  edit-metadata: 1.4886999353766441
  landing: 0.7861260399222374
  view-data: 3.3458113968372345
