times:
  edit-metadata: 1.424802701920271
  landing: 0.9553060121834278
  view-data: 3.253190506249666
