times:
  edit-metadata: 1.567922480404377
  landing: 0.8923756554722786
  view-data: 3.3299695029854774
