times:
  edit-metadata: 1.4193796254694462
  landing: 0.821925699710846
  view-data: 3.343098536133766
