times:
  edit-metadata: 1.5149899497628212
  landing: 0.7922726199030876
  view-data: 3.3453047908842564
