times:
  edit-metadata: 1.4802198745310307
  landing: 0.6978733874857426
  view-data: 3.2542252391576767
