times:
  edit-metadata: 1.6146595515310764
  landing: 0.8371763415634632
  view-data: 3.315924998372793
