times:
  edit-metadata: 1.5032236576080322
  landing: 0.8801533952355385
  view-data: 3.5068116039037704
