times:
  edit-metadata: 1.4862354397773743
  landing: 0.8135134056210518
  view-data: 3.397159770131111
