times:
  edit-metadata: 1.4929230958223343
  landing: 0.8505030944943428
  view-data: 3.3986232578754425
