times:
  edit-metadata: 1.3805494084954262
  landing: 0.6953381523489952
  view-data: 3.42171498388052
