times:
  edit-metadata: 1.5749118402600288
  landing: 0.698830783367157
  view-data: 3.371533326804638
