times:
  edit-metadata: 1.7192232236266136
  landing: 0.9579586461186409
  view-data: 3.3914353772997856
