times:
  edit-metadata: 1.5803383439779282
  landing: 0.7732798680663109
  view-data: 3.2938475012779236
