times:
  edit-metadata: 1.5367506295442581
  landing: 0.7594994753599167
  view-data: 3.553526632487774
