times:
  edit-metadata: 1.5514218360185623
  landing: 1.073234848678112
  view-data: 3.459481403231621
