times:
  edit-metadata: 1.4114854335784912
  landing: 0.6745950505137444
  view-data: 3.522007629275322
