times:
  edit-metadata: 1.5479245632886887
  landing: 0.835251584649086
  view-data: 3.3856040611863136
