times:
  edit-metadata: 1.4455885514616966
  landing: 0.7683596350252628
  view-data: 3.325555805116892
