times:
  edit-metadata: 1.4288498908281326
  landing: 0.8236061222851276
  view-data: 3.27533994987607
