times:
  edit-metadata: 1.4588020965456963
  landing: 0.7450939863920212
  view-data: 3.554907403886318
