times:
  edit-metadata: 1.4557238593697548
  landing: 0.801295630633831
  view-data: 3.492960400879383
