times:
  edit-metadata: 1.437839649617672
  landing: 0.7599613144993782
  view-data: 3.376769222319126
