times:
  edit-metadata: 1.4438742399215698
  landing: 0.6651883870363235
  view-data: 3.5408578664064407
