times:
  edit-metadata: 1.5309501588344574
  landing: 0.80027686804533
  view-data: 3.3085444197058678
