times:
  edit-metadata: 1.5415103808045387
  landing: 0.7906454838812351
  view-data: 3.3589986599981785
