times:
  edit-metadata: 1.5196185037493706
  landing: 0.8393130823969841
  view-data: 3.429028809070587
