times:
  edit-metadata: 1.4859360679984093
  landing: 0.9791061952710152
  view-data: 3.3731712214648724
