times:
  edit-metadata: 1.4809700846672058
  landing: 0.9055613130331039
  view-data: 3.6081474125385284
