times:
  edit-metadata: 1.4302369765937328
  landing: 0.75825235247612
  view-data: 3.331484131515026
