times:
  edit-metadata: 1.4353785514831543
  landing: 0.756959043443203
  view-data: 3.543996185064316
