times:
  edit-metadata: 1.513341911137104
  landing: 0.7818496525287628
  view-data: 3.345007635653019
