times:
  edit-metadata: 1.4531704857945442
  landing: 0.8728349730372429
  view-data: 3.312196746468544
