times:
  edit-metadata: 1.541222121566534
  landing: 0.7901734262704849
  view-data: 3.3321045972406864
