times:
  edit-metadata: 1.5030332803726196
  landing: 0.7620766758918762
  view-data: 3.28497613966465
