times:
  edit-metadata: 1.5123196803033352
  landing: 0.9885446168482304
  view-data: 3.314480770379305
