times:
  edit-metadata: 1.5137302875518799
  landing: 0.9257614798843861
  view-data: 3.336686883121729
