times:
  edit-metadata: 2.116484984755516
  landing: 0.8341441601514816
  view-data: 3.8068794906139374
