times:
  edit-metadata: 1.4652960896492004
  landing: 0.8304012566804886
  view-data: 3.292499341070652
