times:
  edit-metadata: 1.4363230466842651
  landing: 0.7282141968607903
  view-data: 3.2835905998945236
