times:
  edit-metadata: 1.4486931264400482
  landing: 0.8612270541489124
  view-data: 3.3211744613945484
