times:
  edit-metadata: 2.3733039163053036
  landing: 1.3590782471001148
  view-data: 3.550006039440632
