times:
  edit-metadata: 1.3746130242943764
  landing: 0.7436241135001183
  view-data: 3.5814734622836113
