times:
  edit-metadata: 2.164864234626293
  landing: 1.173901453614235
  view-data: 3.3383138924837112
