times:
  edit-metadata: 1.439539484679699
  landing: 0.7271887138485909
  view-data: 3.5992220491170883
