times:
  edit-metadata: 1.595559872686863
  landing: 0.891757532954216
  view-data: 3.3186190128326416
