times:
  edit-metadata: 1.5878776460886002
  landing: 0.7957230880856514
  view-data: 3.5253944098949432
