times:
  edit-metadata: 2.1426070034503937
  landing: 1.1569099463522434
  view-data: 3.44272243976593
