times:
  edit-metadata: 1.5010054484009743
  landing: 0.8094627559185028
  view-data: 3.4368613362312317
