times:
  edit-metadata: 1.4393364824354649
  landing: 0.8386704660952091
  view-data: 3.319054439663887
