times:
  edit-metadata: 1.779877182096243
  landing: 0.9213684611022472
  view-data: 3.275666069239378
