times:
  edit-metadata: 1.4435851015150547
  landing: 0.8234043791890144
  view-data: 3.3703798726201057
