times:
  edit-metadata: 1.7371240071952343
  landing: 0.8155608475208282
  view-data: 3.3421761244535446
