times:
  edit-metadata: 1.4002936407923698
  landing: 0.7832252308726311
  view-data: 3.4852264747023582
