times:
  edit-metadata: 1.4325936362147331
  landing: 0.7395083084702492
  view-data: 3.506021663546562
