times:
  edit-metadata: 1.4995856396853924
  landing: 0.7318246699869633
  view-data: 3.3080651238560677
