times:
  edit-metadata: 1.3900472335517406
  landing: 0.8007839061319828
  view-data: 3.341619346290827
