times:
  edit-metadata: 1.5327121913433075
  landing: 0.851457629352808
  view-data: 3.3738147914409637
