times:
  edit-metadata: 1.4738366827368736
  landing: 0.8213938921689987
  view-data: 3.5037700161337852
