times:
  edit-metadata: 1.3953125923871994
  landing: 0.7642837092280388
  view-data: 3.516635410487652
