times:
  edit-metadata: 1.4204984605312347
  landing: 0.7991971895098686
  view-data: 3.4815631359815598
