times:
  edit-metadata: 1.3783747404813766
  landing: 0.9994791373610497
  view-data: 3.350854307413101
