times:
  edit-metadata: 1.4148538708686829
  landing: 0.729120671749115
  view-data: 3.362507089972496
