times:
  edit-metadata: 1.4467858374118805
  landing: 0.8865118995308876
  view-data: 3.313299536705017
