times:
  edit-metadata: 1.3644602373242378
  landing: 0.7757931388914585
  view-data: 3.2975985519587994
