times:
  edit-metadata: 1.5661847665905952
  landing: 0.8065098524093628
  view-data: 3.4722447618842125
