times:
  edit-metadata: 1.3969292715191841
  landing: 0.7108242511749268
  view-data: 3.474660240113735
