times:
  edit-metadata: 1.5227174796164036
  landing: 0.7640202790498734
  view-data: 3.251083619892597
