times:
  edit-metadata: 1.486774206161499
  landing: 0.7959365695714951
  view-data: 3.3755936175584793
