times:
  edit-metadata: 1.4188841432332993
  landing: 0.7619550228118896
  view-data: 3.3923254534602165
