times:
  edit-metadata: 1.5881267189979553
  landing: 0.824149526655674
  view-data: 3.3453415520489216
