times:
  edit-metadata: 1.9641135707497597
  landing: 1.8520345836877823
  view-data: 3.7069677859544754
