times:
  edit-metadata: 1.5098915323615074
  landing: 0.8253088667988777
  view-data: 3.489334315061569
