times:
  edit-metadata: 1.4107774570584297
  landing: 1.1395134329795837
  view-data: 3.635942853987217
