times:
  edit-metadata: 1.483354113996029
  landing: 0.8447354137897491
  view-data: 3.288061276078224
