times:
  edit-metadata: 1.6063064485788345
  landing: 0.8020630963146687
  view-data: 3.3253478966653347
