times:
  edit-metadata: 1.4214850291609764
  landing: 0.709815189242363
  view-data: 3.375486321747303
