times:
  edit-metadata: 1.5578739494085312
  landing: 0.880178838968277
  view-data: 3.294561944901943
