times:
  edit-metadata: 1.4793926067650318
  landing: 0.7226433716714382
  view-data: 3.4335891008377075
