times:
  edit-metadata: 1.3920644894242287
  landing: 0.8467124328017235
  view-data: 3.385060280561447
