times:
  edit-metadata: 1.422941692173481
  landing: 0.8817544505000114
  view-data: 3.3434162102639675
