times:
  edit-metadata: 1.5843855515122414
  landing: 0.7904897853732109
  view-data: 3.474076859652996
