times:
  edit-metadata: 1.6388479694724083
  landing: 0.7087507247924805
  view-data: 3.5855642408132553
