times:
  edit-metadata: 1.6062814518809319
  landing: 0.9171562381088734
  view-data: 3.278425518423319
