times:
  edit-metadata: 1.551297940313816
  landing: 0.8259700015187263
  view-data: 3.5242074951529503
