times:
  edit-metadata: 1.442270316183567
  landing: 1.015045240521431
  view-data: 3.5226403772830963
