times:
  edit-metadata: 1.681571900844574
  landing: 0.8632362820208073
  view-data: 3.3257252871990204
