times:
  edit-metadata: 1.3928868770599365
  landing: 0.7208370417356491
  view-data: 3.4581712633371353
