times:
  edit-metadata: 1.4301661923527718
  landing: 0.7659822814166546
  view-data: 3.2451638020575047
