times:
  edit-metadata: 2.1655964478850365
  landing: 1.3605298697948456
  view-data: 3.884376686066389
