times:
  edit-metadata: 1.4992045164108276
  landing: 0.7158757597208023
  view-data: 3.5232413709163666
