times:
  edit-metadata: 1.4915448650717735
  landing: 0.8878616467118263
  view-data: 3.500360295176506
