times:
  edit-metadata: 1.3407439962029457
  landing: 0.7720905691385269
  view-data: 3.4189846217632294
