times:
  landing: 1.0681546839999783
  view-data: 0.557573661000049
