times:
  landing: 0.5537957299999903
  view-data: 0.5571000990000243
