times:
  landing: 0.5617868260000023
  view-data: 0.5579399959999591
