times:
  landing: 1.0672044759999721
  view-data: 0.5533263170000282
