times:
  landing: 0.5542756299999496
  view-data: 0.5593770499999664
