times:
  landing: 0.5521033699999975
  view-data: 0.5586681610000142
