times:
  landing: 0.5537767320000171
  view-data: 0.5563030350000417
