times:
  landing: 0.5482597110000142
  view-data: 0.5573782010000059
