times:
  landing: 0.5592578679999747
  view-data: 0.5562209579999831
