times:
  landing: 0.5627815060000216
  view-data: 0.5580853710000042
