times:
  landing: 1.5913165830000366
  view-data: 0.5524508389999596
