times:
  landing: 0.5518600629999924
  view-data: 0.5472425570000041
