times:
  landing: 0.5509362469999814
  view-data: 0.5511853529999939
