times:
  landing: 0.5557583149999914
  view-data: 0.5515758520000418
