times:
  edit-metadata: 1.3564130663871765
  landing: 0.8426001965999603
  view-data: 3.4821971878409386
