times:
  edit-metadata: 1.4939785189926624
  landing: 0.8778218030929565
  view-data: 3.280576951801777
