times:
  edit-metadata: 1.6270543932914734
  landing: 0.9954696111381054
  view-data: 3.3249963335692883
