times:
  edit-metadata: 1.374118186533451
  landing: 0.7261126451194286
  view-data: 3.2898635379970074
