times:
  edit-metadata: 1.3612835705280304
  landing: 0.7652751877903938
  view-data: 3.427580952644348
