times:
  edit-metadata: 1.4070791527628899
  landing: 0.8657320588827133
  view-data: 3.4648539051413536
