times:
  edit-metadata: 1.7222905941307545
  landing: 0.8217291757464409
  view-data: 3.3498967699706554
