times:
  edit-metadata: 1.5458828061819077
  landing: 0.9611759036779404
  view-data: 3.3383637741208076
