times:
  edit-metadata: 1.5760845728218555
  landing: 0.7714112997055054
  view-data: 3.3106110841035843
