times:
  edit-metadata: 1.369960032403469
  landing: 0.7200778126716614
  view-data: 3.340520866215229
