times:
  edit-metadata: 1.396338876336813
  landing: 0.6913217343389988
  view-data: 3.273383691906929
