times:
  edit-metadata: 1.4227879643440247
  landing: 0.798165924847126
  view-data: 3.506225109100342
