times:
  edit-metadata: 1.4303622171282768
  landing: 0.7862214595079422
  view-data: 3.334635868668556
