times:
  edit-metadata: 1.5200840160250664
  landing: 0.7858244329690933
  view-data: 3.3136902451515198
