times:
  edit-metadata: 1.351677406579256
  landing: 0.8573832362890244
  view-data: 3.316883008927107
