times:
  edit-metadata: 1.4651657529175282
  landing: 0.8876962922513485
  view-data: 3.2955227941274643
