times:
  edit-metadata: 1.3509939573705196
  landing: 0.7171147987246513
  view-data: 3.360474769026041
