times:
  edit-metadata: 1.4997002482414246
  landing: 0.916791208088398
  view-data: 3.4715334996581078
