times:
  edit-metadata: 1.5059516616165638
  landing: 0.8366865664720535
  view-data: 3.297752019017935
