times:
  edit-metadata: 1.397757388651371
  landing: 0.8094143569469452
  view-data: 3.4610477685928345
