times:
  edit-metadata: 1.396017525345087
  landing: 0.8097743131220341
  view-data: 3.3189804516732693
