times:
  edit-metadata: 1.478945255279541
  landing: 0.8616834208369255
  view-data: 3.485900118947029
