times:
  edit-metadata: 1.439849466085434
  landing: 0.7903138250112534
  view-data: 3.3765858858823776
