times:
  edit-metadata: 1.387253314256668
  landing: 0.8191641643643379
  view-data: 3.525481656193733
