times:
  edit-metadata: 1.7366272509098053
  landing: 0.9985175877809525
  view-data: 3.665743201971054
