times:
  edit-metadata: 2.2004460096359253
  landing: 1.3644931614398956
  view-data: 3.478266291320324
