times:
  edit-metadata: 1.4339823573827744
  landing: 0.7520044147968292
  view-data: 3.303469054400921
