times:
  edit-metadata: 1.4039114490151405
  landing: 0.7356312200427055
  view-data: 3.502509258687496
