times:
  edit-metadata: 1.3526351414620876
  landing: 0.8458586633205414
  view-data: 3.3702478669583797
