times:
  edit-metadata: 1.4198667705059052
  landing: 0.7447420284152031
  view-data: 3.337144263088703
