times:
  edit-metadata: 1.437012366950512
  landing: 0.973678931593895
  view-data: 0.5207026898860931
