times:
  edit-metadata: 1.4903172701597214
  landing: 0.7697641551494598
  view-data: 3.433758169412613
