times:
  edit-metadata: 1.4319189861416817
  landing: 0.8097435384988785
  view-data: 3.2977217957377434
