times:
  edit-metadata: 1.5310380682349205
  landing: 0.7321744784712791
  view-data: 3.4684478044509888
