times:
  edit-metadata: 1.77738805860281
  landing: 0.8702933639287949
  view-data: 3.333920940756798
