times:
  edit-metadata: 1.4176715388894081
  landing: 0.7258682325482368
  view-data: 3.4875596091151237
