times:
  edit-metadata: 1.4577229544520378
  landing: 0.6850549876689911
  view-data: 3.478430926799774
