times:
  edit-metadata: 1.4522723406553268
  landing: 0.7515693977475166
  view-data: 3.4546679109334946
