times:
  edit-metadata: 1.4403903111815453
  landing: 0.7217488065361977
  view-data: 3.473116599023342
