times:
  edit-metadata: 1.3551719933748245
  landing: 0.8120159953832626
  view-data: 3.275990851223469
