times:
  edit-metadata: 1.3429011180996895
  landing: 0.787863552570343
  view-data: 3.4554870054125786
