times:
  edit-metadata: 1.3724701255559921
  landing: 0.7678637206554413
  view-data: 3.322782203555107
