times:
  edit-metadata: 1.3400121256709099
  landing: 0.7022429555654526
  view-data: 3.4634920060634613
