times:
  edit-metadata: 1.4205904379487038
  landing: 0.7364961877465248
  view-data: 3.257617436349392
