times:
  edit-metadata: 1.359311819076538
  landing: 0.7941827140748501
  view-data: 3.363227877765894
