times:
  edit-metadata: 1.3612708114087582
  landing: 0.8098649568855762
  view-data: 3.3317286297678947
