times:
  edit-metadata: 1.639367986470461
  landing: 0.7888450138270855
  view-data: 3.3613582104444504
