times:
  edit-metadata: 1.435079701244831
  landing: 0.7317947298288345
  view-data: 3.5349824652075768
