times:
  edit-metadata: 1.4684735834598541
  landing: 1.0161289647221565
  view-data: 3.643134780228138
