times:
  edit-metadata: 1.4980313032865524
  landing: 0.9200275167822838
  view-data: 3.5640074983239174
