times:
  edit-metadata: 1.4472370073199272
  landing: 0.8626468181610107
  view-data: 3.409955859184265
