times:
  edit-metadata: 1.4531831592321396
  landing: 0.7740022167563438
  view-data: 3.4914814829826355
