times:
  edit-metadata: 1.4002134650945663
  landing: 0.6990730464458466
  view-data: 3.45735651999712
