times:
  edit-metadata: 1.4511209167540073
  landing: 0.7659072391688824
  view-data: 3.375482242554426
