times:
  edit-metadata: 1.3552374318242073
  landing: 0.7825964316725731
  view-data: 3.3294738680124283
