times:
  edit-metadata: 1.4523588120937347
  landing: 0.8284871280193329
  view-data: 3.4797741770744324
