times:
  edit-metadata: 1.456011887639761
  landing: 0.8556319139897823
  view-data: 3.3541971258819103
