times:
  edit-metadata: 1.4325145184993744
  landing: 0.8224427998065948
  view-data: 3.532042995095253
