times:
  edit-metadata: 1.3549891859292984
  landing: 0.7059740275144577
  view-data: 3.465556316077709
