times:
  edit-metadata: 1.4334772899746895
  landing: 0.7709425315260887
  view-data: 3.4765767008066177
