times:
  edit-metadata: 1.4610683619976044
  landing: 0.9002417176961899
  view-data: 3.506089024245739
