times:
  edit-metadata: 1.4213238507509232
  landing: 0.8401100486516953
  view-data: 3.4696279987692833
