times:
  edit-metadata: 1.3643952086567879
  landing: 0.7814539447426796
  view-data: 3.2815753147006035
