times:
  edit-metadata: 1.3377182483673096
  landing: 0.7408553808927536
  view-data: 3.2775260135531425
