times:
  edit-metadata: 1.4370141364634037
  landing: 0.855346966534853
  view-data: 3.299655642360449
