times:
  edit-metadata: 1.5108695290982723
  landing: 0.8185746483504772
  view-data: 0.5387584939599037
