times:
  edit-metadata: 1.460548847913742
  landing: 0.7933072075247765
  view-data: 3.3407807499170303
