times:
  edit-metadata: 1.3788190744817257
  landing: 0.7454143054783344
  view-data: 3.312343992292881
