times:
  edit-metadata: 1.5146046876907349
  landing: 0.791852530092001
  view-data: 3.3600381202995777
