times:
  edit-metadata: 2.644137553870678
  landing: 1.5910547822713852
  view-data: 3.4317051097750664
