times:
  edit-metadata: 1.4289112612605095
  landing: 0.7316018491983414
  view-data: 3.499498277902603
