times:
  edit-metadata: 1.3693867959082127
  landing: 0.8320621587336063
  view-data: 3.2785288468003273
