times:
  edit-metadata: 1.3631844110786915
  landing: 0.7886506393551826
  view-data: 3.3579255118966103
