times:
  edit-metadata: 1.4781194105744362
  landing: 0.8364783674478531
  view-data: 3.5112319961190224
