times:
  edit-metadata: 1.3635294251143932
  landing: 0.7801155969500542
  view-data: 3.3346017338335514
