times:
  edit-metadata: 1.5416838824748993
  landing: 0.7916233316063881
  view-data: 3.2667118906974792
