times:
  edit-metadata: 1.410403661429882
  landing: 0.7155705094337463
  view-data: 3.4678474366664886
