times:
  edit-metadata: 1.578239906579256
  landing: 0.8751021474599838
  view-data: 3.4129337333142757
