times:
  edit-metadata: 1.5540834739804268
  landing: 0.7929744869470596
  view-data: 3.4055091999471188
