times:
  edit-metadata: 1.3676102310419083
  landing: 0.8017420321702957
  view-data: 3.353157825767994
