times:
  edit-metadata: 1.4326673224568367
  landing: 0.7748116701841354
  view-data: 3.270442418754101
