times:
  edit-metadata: 1.48919228464365
  landing: 0.8044559806585312
  view-data: 3.436468906700611
