times:
  edit-metadata: 1.4427968673408031
  landing: 0.8357053473591805
  view-data: 3.2995447777211666
