times:
  edit-metadata: 1.391159676015377
  landing: 0.7572116404771805
  view-data: 3.528517246246338
