times:
  edit-metadata: 1.4961638413369656
  landing: 0.8539996966719627
  view-data: 3.4173254780471325
