times:
  edit-metadata: 1.5800272189080715
  landing: 0.7701035961508751
  view-data: 3.418140146881342
