times:
  edit-metadata: 1.485701758414507
  landing: 0.7421463951468468
  view-data: 3.2949377186596394
