times:
  edit-metadata: 1.3743966817855835
  landing: 0.7585627883672714
  view-data: 3.509430229663849
