times:
  edit-metadata: 1.3698762953281403
  landing: 0.7434517219662666
  view-data: 3.4403763115406036
