times:
  edit-metadata: 1.4999587275087833
  landing: 0.7583648823201656
  view-data: 3.3986756652593613
