times:
  edit-metadata: 1.5751629434525967
  landing: 0.7840826623141766
  view-data: 3.304217152297497
