times:
  edit-metadata: 1.3872647359967232
  landing: 0.6947383210062981
  view-data: 3.491127133369446
