times:
  edit-metadata: 1.6171169206500053
  landing: 0.758528359234333
  view-data: 3.401558045297861
