times:
  edit-metadata: 3.683595433831215
  landing: 1.8435135036706924
  view-data: 3.9354071617126465
