times:
  edit-metadata: 1.4720296114683151
  landing: 0.7890839725732803
  view-data: 3.5258655101060867
