times:
  edit-metadata: 1.3505964428186417
  landing: 0.8497640565037727
  view-data: 3.5317022278904915
