times:
  edit-metadata: 1.4529102519154549
  landing: 0.7896280251443386
  view-data: 3.268600646406412
