times:
  edit-metadata: 2.183919459581375
  landing: 1.167014256119728
  view-data: 3.512587785720825
