times:
  edit-metadata: 1.4015471898019314
  landing: 0.7114992365241051
  view-data: 3.2486271150410175
