times:
  edit-metadata: 1.387196034193039
  landing: 0.8056062608957291
  view-data: 3.30656024068594
