times:
  edit-metadata: 1.426851000636816
  landing: 0.7414686717092991
  view-data: 3.327750790864229
