times:
  edit-metadata: 1.673459529876709
  landing: 1.1211110278964043
  view-data: 3.5757018849253654
