times:
  edit-metadata: 1.5361284539103508
  landing: 0.930586576461792
  view-data: 3.4044929295778275
