times:
  edit-metadata: 1.460143804550171
  landing: 0.7906236052513123
  view-data: 3.485019311308861
