times:
  edit-metadata: 2.100075751543045
  landing: 1.18739939853549
  view-data: 3.3495746292173862
