times:
  edit-metadata: 2.368078224360943
  landing: 0.7901782542467117
  view-data: 3.5400418899953365
