times:
  edit-metadata: 1.3685870952904224
  landing: 0.7459384314715862
  view-data: 3.326454348862171
