times:
  edit-metadata: 1.3797921910881996
  landing: 0.7713290080428123
  view-data: 3.2785950042307377
