times:
  edit-metadata: 1.3366468138992786
  landing: 0.8870819956064224
  view-data: 3.328309528529644
