times:
  edit-metadata: 1.3889045864343643
  landing: 0.7928196266293526
  view-data: 3.3238087110221386
