times:
  edit-metadata: 1.4226445779204369
  landing: 0.7625498622655869
  view-data: 3.4238819554448128
