times:
  edit-metadata: 1.6046851128339767
  landing: 1.0644332244992256
  view-data: 3.3194866478443146
