times:
  edit-metadata: 1.3998769596219063
  landing: 0.779366746544838
  view-data: 3.370692975819111
