times:
  edit-metadata: 1.5661415196955204
  landing: 0.777482196688652
  view-data: 3.4173637740314007
