times:
  edit-metadata: 1.4882076382637024
  landing: 0.828169196844101
  view-data: 3.440758965909481
