times:
  edit-metadata: 1.493119165301323
  landing: 0.7664096355438232
  view-data: 3.4251802191138268
