times:
  edit-metadata: 1.5489626005291939
  landing: 0.9420546218752861
  view-data: 3.33115653693676
