times:
  edit-metadata: 1.444305881857872
  landing: 0.8453412055969238
  view-data: 3.3715314120054245
