times:
  edit-metadata: 1.393844399601221
  landing: 0.7855571284890175
  view-data: 3.338303565979004
