times:
  edit-metadata: 1.878378041088581
  landing: 0.9038737267255783
  view-data: 3.5603246688842773
