times:
  edit-metadata: 1.3972704634070396
  landing: 0.7863073870539665
  view-data: 3.5031352043151855
