times:
  edit-metadata: 1.5008919835090637
  landing: 0.8150386177003384
  view-data: 3.3184958063066006
