times:
  edit-metadata: 1.375351369380951
  landing: 0.7297464460134506
  view-data: 3.5226976573467255
