times:
  edit-metadata: 1.3868792429566383
  landing: 0.7909287363290787
  view-data: 3.5295523926615715
