times:
  edit-metadata: 1.4872738867998123
  landing: 0.8766036182641983
  view-data: 3.4756489023566246
