times:
  edit-metadata: 1.4365860968828201
  landing: 0.758871853351593
  view-data: 3.35201296210289
