times:
  edit-metadata: 1.5297218896448612
  landing: 0.8216122500598431
  view-data: 3.2965855598449707
