times:
  edit-metadata: 2.564849875867367
  landing: 1.467434860765934
  view-data: 3.520272545516491
