times:
  edit-metadata: 1.35323316603899
  landing: 0.7335043698549271
  view-data: 3.4798407182097435
