times:
  edit-metadata: 1.376266237348318
  landing: 0.790574636310339
  view-data: 3.334408037364483
