times:
  edit-metadata: 1.3922803960740566
  landing: 0.8269301019608974
  view-data: 3.3573694117367268
