times:
  edit-metadata: 1.4485843181610107
  landing: 0.8719975873827934
  view-data: 3.4718638211488724
