times:
  edit-metadata: 1.4280383437871933
  landing: 0.9548891559243202
  view-data: 3.5462997928261757
