times:
  edit-metadata: 1.4745963886380196
  landing: 0.7301052808761597
  view-data: 3.4942801892757416
