times:
  edit-metadata: 2.3201167583465576
  landing: 1.1762547567486763
  view-data: 3.8145150244235992
