times:
  edit-metadata: 2.9589251540601254
  landing: 1.3626710809767246
  view-data: 3.4374388940632343
