times:
  edit-metadata: 1.4512048736214638
  landing: 0.7725325375795364
  view-data: 3.5398539900779724
