times:
  edit-metadata: 1.4281898066401482
  landing: 0.8633726760745049
  view-data: 3.5058410316705704
