times:
  edit-metadata: 1.3505108319222927
  landing: 0.7607997767627239
  view-data: 3.31027327850461
