times:
  edit-metadata: 1.458453506231308
  landing: 0.7572494819760323
  view-data: 3.5615729838609695
