times:
  edit-metadata: 1.4578741937875748
  landing: 0.7607966661453247
  view-data: 3.4881563633680344
