times:
  edit-metadata: 1.454955793917179
  landing: 0.9086156487464905
  view-data: 3.364568457007408
