times:
  edit-metadata: 1.4880944788455963
  landing: 0.9142494052648544
  view-data: 3.4606492444872856
