times:
  edit-metadata: 1.3294683024287224
  landing: 0.8097707182168961
  view-data: 3.4434826746582985
