times:
  edit-metadata: 1.5166285708546638
  landing: 0.9339431673288345
  view-data: 3.347652718424797
