times:
  edit-metadata: 1.567286103963852
  landing: 0.812660776078701
  view-data: 3.3383415080606937
