times:
  edit-metadata: 1.4177294448018074
  landing: 0.773219920694828
  view-data: 3.3151338398456573
