times:
  edit-metadata: 1.5039790533483028
  landing: 0.8235609866678715
  view-data: 3.317914839833975
