times:
  edit-metadata: 1.3273187763988972
  landing: 0.8433609269559383
  view-data: 3.3804180435836315
