times:
  edit-metadata: 1.4781124219298363
  landing: 0.9960243031382561
  view-data: 3.530633881688118
