times:
  edit-metadata: 1.4410580694675446
  landing: 0.9761116057634354
  view-data: 3.482912339270115
