times:
  edit-metadata: 1.5994709469377995
  landing: 1.010550919920206
  view-data: 3.348815307021141
