times:
  edit-metadata: 1.3990058228373528
  landing: 0.8379581868648529
  view-data: 3.5591686442494392
