times:
  edit-metadata: 1.5007800534367561
  landing: 0.76413694024086
  view-data: 3.44160708039999
