times:
  edit-metadata: 1.3545863330364227
  landing: 0.8062361776828766
  view-data: 3.2992628887295723
