times:
  edit-metadata: 2.0395804047584534
  landing: 1.0061280876398087
  view-data: 3.2851835638284683
