times:
  edit-metadata: 1.464658048003912
  landing: 1.0805219560861588
  view-data: 3.3738666884601116
