times:
  edit-metadata: 1.3777463920414448
  landing: 0.8739050701260567
  view-data: 3.2654058933258057
