times:
  edit-metadata: 1.6489171534776688
  landing: 0.7923987880349159
  view-data: 3.467147506773472
