times:
  edit-metadata: 1.5036644339561462
  landing: 0.8251394741237164
  view-data: 3.3956218734383583
