times:
  edit-metadata: 1.4295851327478886
  landing: 0.9227723777294159
  view-data: 3.2859685979783535
