times:
  edit-metadata: 1.386163242161274
  landing: 1.007185336202383
  view-data: 3.339882258325815
