times:
  edit-metadata: 1.4800020679831505
  landing: 0.9680307656526566
  view-data: 3.4227739721536636
