times:
  edit-metadata: 1.4370978996157646
  landing: 0.9081450700759888
  view-data: 3.471407614648342
