times:
  edit-metadata: 1.4191927760839462
  landing: 5.8381627053022385
  view-data: 3.35237405449152
