times:
  edit-metadata: 1.3785335160791874
  landing: 0.9528753384947777
  view-data: 3.3207481876015663
