times:
  edit-metadata: 1.4269970059394836
  landing: 0.8598541915416718
  view-data: 3.322639726102352
