times:
  edit-metadata: 1.5075419023633003
  landing: 0.7801676243543625
  view-data: 3.3853728622198105
