times:
  edit-metadata: 1.4561338797211647
  landing: 0.8322692662477493
  view-data: 3.500316970050335
