times:
  edit-metadata: 1.3820865824818611
  landing: 0.7836652249097824
  view-data: 3.2946873754262924
