times:
  edit-metadata: 1.3632378354668617
  landing: 0.7978434413671494
  view-data: 3.473239243030548
