times:
  edit-metadata: 1.3145780190825462
  landing: 0.804851345717907
  view-data: 3.4545425102114677
