times:
  edit-metadata: 1.3440907523036003
  landing: 0.8670821636915207
  view-data: 3.4375203773379326
