times:
  edit-metadata: 1.4873085990548134
  landing: 1.0138684213161469
  view-data: 3.463541015982628
