times:
  edit-metadata: 1.4782201424241066
  landing: 1.088091179728508
  view-data: 3.608363278210163
