times:
  edit-metadata: 1.4394219890236855
  landing: 0.7489293292164803
  view-data: 3.44983346760273
