times:
  edit-metadata: 1.384490016847849
  landing: 0.8815896734595299
  view-data: 3.2916145883500576
