times:
  edit-metadata: 1.5714212954044342
  landing: 0.9424888119101524
  view-data: 3.378821909427643
