times:
  edit-metadata: 1.4446581453084946
  landing: 0.8406517431139946
  view-data: 3.3404569253325462
