times:
  edit-metadata: 1.5565080121159554
  landing: 0.9463595412671566
  view-data: 3.3623015098273754
