times:
  edit-metadata: 1.4434057101607323
  landing: 0.8710097596049309
  view-data: 3.3120041750371456
