times:
  edit-metadata: 1.3542633838951588
  landing: 0.790436428040266
  view-data: 3.348140422254801
