times:
  edit-metadata: 1.3720979541540146
  landing: 0.8016298711299896
  view-data: 3.4858075603842735
