times:
  edit-metadata: 1.4894944876432419
  landing: 0.8162230178713799
  view-data: 3.4590598195791245
