times:
  edit-metadata: 1.3988821655511856
  landing: 0.9011018387973309
  view-data: 3.3371225260198116
