times:
  edit-metadata: 1.4228001460433006
  landing: 0.841056227684021
  view-data: 3.491831086575985
