times:
  edit-metadata: 1.497106321156025
  landing: 1.1214434579014778
  view-data: 3.529859781265259
