times:
  edit-metadata: 1.374080903828144
  landing: 0.7769406735897064
  view-data: 3.394849918782711
