times:
  edit-metadata: 1.3649755083024502
  landing: 0.7816773690283298
  view-data: 3.329815350472927
