times:
  edit-metadata: 1.5080719105899334
  landing: 0.9490028247237206
  view-data: 3.2662126421928406
