times:
  edit-metadata: 1.4515518099069595
  landing: 0.9078864902257919
  view-data: 3.5043646544218063
