times:
  edit-metadata: 2.1528772935271263
  landing: 1.2580322697758675
  view-data: 3.497603178024292
