times:
  edit-metadata: 1.5602178573608398
  landing: 0.9246686846017838
  view-data: 3.366653747856617
