times:
  edit-metadata: 1.3604266345500946
  landing: 0.8594784066081047
  view-data: 3.5066428408026695
