times:
  edit-metadata: 1.3505204394459724
  landing: 0.8548354431986809
  view-data: 3.317869160324335
