times:
  edit-metadata: 1.4356316700577736
  landing: 0.9347063302993774
  view-data: 3.523226447403431
