times:
  edit-metadata: 2.2835817709565163
  landing: 1.6508749946951866
  view-data: 3.4548267126083374
