times:
  edit-metadata: 1.3741781488060951
  landing: 0.7030650451779366
  view-data: 3.271824471652508
