times:
  edit-metadata: 1.5197642520070076
  landing: 0.8651007935404778
  view-data: 3.3840519040822983
