times:
  edit-metadata: 2.6906723603606224
  landing: 0.9448853135108948
  view-data: 3.7694964669644833
