times:
  edit-metadata: 1.4239250421524048
  landing: 0.8776960372924805
  view-data: 3.3964573219418526
