times:
  edit-metadata: 1.370629832148552
  landing: 0.8174697272479534
  view-data: 3.300145834684372
