times:
  edit-metadata: 1.7465968132019043
  landing: 0.9273352660238743
  view-data: 3.3583033829927444
