times:
  edit-metadata: 1.4564659148454666
  landing: 0.84905806183815
  view-data: 3.325557328760624
