times:
  edit-metadata: 1.4688697680830956
  landing: 0.8002672716975212
  view-data: 3.557389758527279
