times:
  edit-metadata: 1.3918406590819359
  landing: 0.7317823693156242
  view-data: 3.4138105139136314
