times:
  edit-metadata: 1.4791124612092972
  landing: 0.8129009753465652
  view-data: 3.4403068348765373
