times:
  edit-metadata: 1.5573808327317238
  landing: 0.904782846570015
  view-data: 3.557894192636013
