times:
  edit-metadata: 1.394556812942028
  landing: 0.8337857201695442
  view-data: 3.330959767103195
