times:
  edit-metadata: 1.4153277054429054
  landing: 0.8818647637963295
  view-data: 3.3934398889541626
