times:
  edit-metadata: 1.360781542956829
  landing: 0.719086080789566
  view-data: 3.419381372630596
