times:
  edit-metadata: 2.375342771410942
  landing: 1.5584731847047806
  view-data: 3.386381112039089
