times:
  edit-metadata: 1.5658599436283112
  landing: 0.9633952900767326
  view-data: 3.315451141446829
