times:
  edit-metadata: 1.5054692700505257
  landing: 0.9529808834195137
  view-data: 3.429035171866417
