times:
  edit-metadata: 1.4644360803067684
  landing: 0.7551578730344772
  view-data: 3.2954571172595024
