times:
  edit-metadata: 1.5857805013656616
  landing: 0.8097385764122009
  view-data: 3.317769717425108
