times:
  edit-metadata: 1.486104279756546
  landing: 0.8887669444084167
  view-data: 3.4694584235548973
