times:
  edit-metadata: 1.4174953922629356
  landing: 0.8949693739414215
  view-data: 3.4252394139766693
