times:
  edit-metadata: 1.7998225390911102
  landing: 1.0249393321573734
  view-data: 3.3950261883437634
