times:
  edit-metadata: 1.5314411744475365
  landing: 0.9089109152555466
  view-data: 3.485139712691307
