times:
  edit-metadata: 1.3549828678369522
  landing: 0.7188982367515564
  view-data: 3.4811320155858994
