times:
  edit-metadata: 1.4652248173952103
  landing: 0.9120733663439751
  view-data: 3.469797909259796
