times:
  edit-metadata: 1.4523268640041351
  landing: 0.8214161954820156
  view-data: 3.3462052829563618
