times:
  edit-metadata: 1.4167091324925423
  landing: 0.7590980753302574
  view-data: 3.470813676714897
