times:
  edit-metadata: 1.4261200353503227
  landing: 0.951066866517067
  view-data: 3.511147163808346
