times:
  edit-metadata: 1.4433755725622177
  landing: 0.8550976365804672
  view-data: 3.2883491069078445
