times:
  edit-metadata: 1.4606669507920742
  landing: 0.7970861382782459
  view-data: 3.342805542051792
