times:
  edit-metadata: 1.3489332273602486
  landing: 0.7792306616902351
  view-data: 3.4866592288017273
