times:
  edit-metadata: 1.3787826038897038
  landing: 0.7965198755264282
  view-data: 3.2850561812520027
