times:
  edit-metadata: 1.4705042019486427
  landing: 0.7949147000908852
  view-data: 3.461244083940983
