times:
  edit-metadata: 1.4507243148982525
  landing: 0.9132043421268463
  view-data: 3.3412557020783424
