times:
  edit-metadata: 1.3778949305415154
  landing: 0.7453803271055222
  view-data: 3.4159469604492188
