times:
  edit-metadata: 1.4658592641353607
  landing: 0.8647989183664322
  view-data: 3.5341392382979393
