times:
  edit-metadata: 1.3333106189966202
  landing: 0.8070343285799026
  view-data: 3.4953319653868675
