times:
  edit-metadata: 1.4631306380033493
  landing: 0.8079894632101059
  view-data: 3.457050457596779
