times:
  edit-metadata: 1.4254048839211464
  landing: 1.2226823642849922
  view-data: 3.498082973062992
