times:
  edit-metadata: 1.339060440659523
  landing: 0.9060851857066154
  view-data: 3.386002019047737
