times:
  edit-metadata: 1.50383360683918
  landing: 0.9600059986114502
  view-data: 3.273447383195162
