times:
  edit-metadata: 1.3617500141263008
  landing: 0.7805813476443291
  view-data: 3.394063852727413
