times:
  edit-metadata: 1.5200818479061127
  landing: 0.9417739883065224
  view-data: 3.595995657145977
