times:
  edit-metadata: 1.5310194715857506
  landing: 0.7330136001110077
  view-data: 3.2601862624287605
