times:
  edit-metadata: 2.061852678656578
  landing: 1.1440199092030525
  view-data: 3.311134774237871
