times:
  edit-metadata: 1.4768653512001038
  landing: 0.9548653289675713
  view-data: 3.462703563272953
