times:
  edit-metadata: 1.5604823008179665
  landing: 1.0358200669288635
  view-data: 3.337835378944874
