times:
  edit-metadata: 2.120261285454035
  landing: 1.1811368316411972
  view-data: 3.5619370341300964
