times:
  edit-metadata: 1.3980430886149406
  landing: 0.8201780915260315
  view-data: 3.3079832792282104
