times:
  edit-metadata: 1.4843895845115185
  landing: 0.8410249352455139
  view-data: 3.3122907504439354
