times:
  edit-metadata: 3.5281403437256813
  landing: 2.070718340575695
  view-data: 4.14528963714838
