times:
  edit-metadata: 1.522446133196354
  landing: 0.8631739243865013
  view-data: 3.2698703818023205
