times:
  edit-metadata: 1.3015722408890724
  landing: 0.8142374083399773
  view-data: 3.3171678110957146
