times:
  edit-metadata: 1.471892535686493
  landing: 0.8639641776680946
  view-data: 3.484643407166004
