times:
  edit-metadata: 1.5201164558529854
  landing: 0.8047757148742676
  view-data: 3.425061233341694
