times:
  edit-metadata: 2.08058924600482
  landing: 1.0937690921127796
  view-data: 3.4895474314689636
