times:
  edit-metadata: 1.3879784271121025
  landing: 0.8036713823676109
  view-data: 3.314917951822281
