times:
  edit-metadata: 1.4759082570672035
  landing: 0.7950049936771393
  view-data: 3.32099162787199
