times:
  edit-metadata: 1.6190153658390045
  landing: 0.9628598392009735
  view-data: 3.400884784758091
