times:
  edit-metadata: 1.411739744246006
  landing: 0.8686061799526215
  view-data: 3.549172103404999
