times:
  edit-metadata: 2.4973732419312
  landing: 1.2961500324308872
  view-data: 3.333816707134247
