times:
  edit-metadata: 1.515665203332901
  landing: 0.9222410954535007
  view-data: 3.3650660514831543
