times:
  edit-metadata: 1.4164140149950981
  landing: 0.819921039044857
  view-data: 3.2777938470244408
