times:
  edit-metadata: 1.521831937134266
  landing: 0.8454297631978989
  view-data: 3.357047878205776
