times:
  edit-metadata: 1.464030385017395
  landing: 0.8859771266579628
  view-data: 3.3078974708914757
