times:
  edit-metadata: 1.935423657298088
  landing: 1.0904291309416294
  view-data: 3.46223933622241
