times:
  edit-metadata: 1.5435455292463303
  landing: 0.9012761637568474
  view-data: 3.392905790358782
