times:
  edit-metadata: 1.6208417154848576
  landing: 0.7936053052544594
  view-data: 3.2957885190844536
