times:
  edit-metadata: 1.3520725667476654
  landing: 0.7993964701890945
  view-data: 3.468370795249939
