times:
  edit-metadata: 1.4600415267050266
  landing: 0.8356040306389332
  view-data: 3.3095018602907658
