times:
  edit-metadata: 1.5993042290210724
  landing: 1.4389639645814896
  view-data: 3.2861908450722694
