times:
  edit-metadata: 1.3920729830861092
  landing: 0.8797573894262314
  view-data: 3.462459407746792
