times:
  edit-metadata: 1.4556352235376835
  landing: 0.8025546260178089
  view-data: 3.349118322134018
