times:
  edit-metadata: 1.355884425342083
  landing: 0.796863280236721
  view-data: 3.4480352252721786
