times:
  edit-metadata: 1.4546771869063377
  landing: 0.8036413788795471
  view-data: 3.428921699523926
