times:
  edit-metadata: 1.4462476894259453
  landing: 0.7071755453944206
  view-data: 3.4712994396686554
