times:
  edit-metadata: 1.5386381149291992
  landing: 0.9972537532448769
  view-data: 3.3266111686825752
