times:
  edit-metadata: 1.641457311809063
  landing: 0.8926470279693604
  view-data: 3.5455992445349693
