times:
  edit-metadata: 1.4744943752884865
  landing: 1.0543165132403374
  view-data: 3.719825826585293
