times:
  edit-metadata: 1.3704433962702751
  landing: 0.7482343390583992
  view-data: 3.393848992884159
