times:
  edit-metadata: 1.4595153406262398
  landing: 0.7718461193144321
  view-data: 3.373612303286791
