times:
  edit-metadata: 1.5493387058377266
  landing: 0.8497708588838577
  view-data: 3.2738984040915966
