times:
  edit-metadata: 1.5412183851003647
  landing: 0.9456543438136578
  view-data: 3.319075036793947
