times:
  edit-metadata: 1.4049919545650482
  landing: 0.8123402446508408
  view-data: 3.4648656398057938
