times:
  edit-metadata: 1.6501562595367432
  landing: 0.8755880072712898
  view-data: 3.3302227929234505
