times:
  edit-metadata: 1.3501553572714329
  landing: 0.8688095137476921
  view-data: 3.271690472960472
