times:
  edit-metadata: 1.3905585929751396
  landing: 0.8590517230331898
  view-data: 3.3383201099932194
