times:
  edit-metadata: 1.5038286484777927
  landing: 0.846001923084259
  view-data: 3.4418028220534325
