times:
  edit-metadata: 1.4602034538984299
  landing: 0.8410683199763298
  view-data: 3.5499065294861794
