times:
  edit-metadata: 1.5166052803397179
  landing: 0.731499083340168
  view-data: 3.470320425927639
