times:
  edit-metadata: 1.5494323931634426
  landing: 0.8512197621166706
  view-data: 3.4108123518526554
