times:
  edit-metadata: 1.3330488502979279
  landing: 0.8171394094824791
  view-data: 3.3144616559147835
