times:
  edit-metadata: 1.3807585686445236
  landing: 0.7811600342392921
  view-data: 3.473736420273781
