times:
  edit-metadata: 1.5679297596216202
  landing: 1.0114776939153671
  view-data: 3.2880705893039703
