times:
  edit-metadata: 1.5205780565738678
  landing: 0.8124492913484573
  view-data: 3.434472866356373
