times:
  edit-metadata: 1.5114247500896454
  landing: 0.829602912068367
  view-data: 3.3787523545324802
