times:
  edit-metadata: 1.419674962759018
  landing: 0.7486868053674698
  view-data: 3.4449689835309982
