times:
  edit-metadata: 1.380922358483076
  landing: 0.737306259572506
  view-data: 3.3230610229074955
