times:
  edit-metadata: 1.4532925635576248
  landing: 1.1775632426142693
  view-data: 3.379083387553692
