times:
  edit-metadata: 1.4695799499750137
  landing: 0.8314399421215057
  view-data: 3.4926644936203957
