times:
  edit-metadata: 1.34584466740489
  landing: 0.9170504994690418
  view-data: 3.3499883115291595
