times:
  edit-metadata: 1.461743850260973
  landing: 0.8192677609622478
  view-data: 3.3320045694708824
