times:
  edit-metadata: 1.4236042723059654
  landing: 0.7348513826727867
  view-data: 3.482663117349148
