times:
  edit-metadata: 1.5281777195632458
  landing: 0.8408133126795292
  view-data: 3.304109714925289
