times:
  edit-metadata: 1.4371087662875652
  landing: 0.8667277880012989
  view-data: 3.3090457171201706
