times:
  edit-metadata: 2.0110649913549423
  landing: 1.3471350148320198
  view-data: 3.703169621527195
