times:
  edit-metadata: 1.518828958272934
  landing: 0.768724262714386
  view-data: 3.4521668776869774
