times:
  edit-metadata: 1.3956088945269585
  landing: 0.8124067187309265
  view-data: 3.464645065367222
