times:
  edit-metadata: 1.6401484981179237
  landing: 0.9350472018122673
  view-data: 3.337813325226307
