times:
  edit-metadata: 0.5141010172665119
  landing: 0.07320758560672402
  view-data: 0.1878140950575471
