times:
  edit-metadata: 0.48698611417785287
  landing: 0.07156303012743592
  view-data: 0.19752795714884996
