times:
  edit-metadata: 1.4616534542292356
  landing: 0.14841219782829285
  view-data: 0.3167548347264528
