times:
  edit-metadata: 0.5201995093375444
  landing: 0.07990136090666056
  view-data: 0.20963861607015133
