times:
  edit-metadata: 1.3891889862716198
  landing: 0.8742688484489918
  view-data: 3.3246749229729176
