times:
  edit-metadata: 1.5264955111779273
  landing: 1.074825583025813
  view-data: 3.340238123200834
