times:
  edit-metadata: 1.5293027013540268
  landing: 0.7298188097774982
  view-data: 3.3874478321522474
