times:
  edit-metadata: 1.3535474305972457
  landing: 0.020994236692786217
  view-data: 0.3977418150752783
