times:
  edit-metadata: 1.5525413043797016
  landing: 0.9103135392069817
  view-data: 3.380305200815201
