times:
  edit-metadata: 1.473634272813797
  landing: 0.686128418892622
  view-data: 3.3009626530110836
