times:
  edit-metadata: 1.5063077881932259
  landing: 0.8104113042354584
  view-data: 3.520884659141302
