times:
  edit-metadata: 1.6409573927521706
  landing: 1.0433224029839039
  view-data: 3.4307872280478477
