times:
  edit-metadata: 1.5069249905645847
  landing: 0.8700686022639275
  view-data: 3.3373246267437935
