times:
  edit-metadata: 0.48495380906388164
  landing: 0.07765561481937766
  view-data: 0.18055732198990881
