times:
  edit-metadata: 1.71733623649925
  landing: 0.8564450135454535
  view-data: 3.4214915949851274
