times:
  edit-metadata: 1.4251329638063908
  landing: 0.18941589258611202
  view-data: 0.3511353675276041
