times:
  edit-metadata: 1.5255447067320347
  landing: 0.7990923933684826
  view-data: 3.4992690719664097
