times:
  edit-metadata: 1.5037588998675346
  landing: 0.9975769002921879
  view-data: 3.261027567088604
