times:
  edit-metadata: 3.159373776987195
  landing: 2.136684177443385
  view-data: 4.047005636617541
