times:
  edit-metadata: 1.614551343023777
  landing: 0.2529275259003043
  view-data: 0.5638572880998254
