times:
  edit-metadata: 0.4991901949979365
  landing: 0.07585121504962444
  view-data: 0.19505346613004804
