times:
  edit-metadata: 0.48225642112083733
  landing: 0.06803754693828523
  view-data: 0.18813580297864974
