times:
  edit-metadata: 1.4612121684476733
  landing: 0.02069657389074564
  view-data: 0.4015423785895109
