times:
  edit-metadata: 0.6127934679971077
  landing: 0.11059669200039934
  view-data: 0.22054631700302707
