times:
  edit-metadata: 0.5023556670639664
  landing: 0.08059303998015821
  view-data: 0.2262692970689386
