times:
  edit-metadata: 1.383121032267809
  landing: 0.021134248934686184
  view-data: 0.12288870103657246
