times:
  edit-metadata: 1.4184320606291294
  landing: 0.24511021375656128
  view-data: 0.35531824454665184
