times:
  edit-metadata: 1.5954001508653164
  landing: 0.8333542160689831
  view-data: 3.4001323468983173
