times:
  edit-metadata: 1.416167713701725
  landing: 0.760950118303299
  view-data: 3.320462591946125
