times:
  edit-metadata: 1.4921467006206512
  landing: 0.7051814049482346
  view-data: 3.3735166676342487
