times:
  edit-metadata: 0.5682576010003686
  landing: 0.07083925371989608
  view-data: 0.22436748398467898
