times:
  edit-metadata: 1.5137398280203342
  landing: 0.893409863114357
  view-data: 3.353407844901085
