times:
  edit-metadata: 1.7583919679746032
  landing: 0.9321123016998172
  view-data: 3.314373679459095
