times:
  edit-metadata: 0.5094398229848593
  landing: 0.04740069102263078
  view-data: 0.2232719769817777
