times:
  edit-metadata: 1.350926081649959
  landing: 1.0332611491903663
  view-data: 3.351709862239659
