times:
  edit-metadata: 0.4908681659726426
  landing: 0.07558074500411749
  view-data: 0.222496407921426
