times:
  edit-metadata: 1.930537200998515
  landing: 0.8845125990919769
  view-data: 3.335834063938819
