times:
  edit-metadata: 0.47355904011055827
  landing: 0.07115150708705187
  view-data: 0.19427799712866545
