times:
  edit-metadata: 1.483364049345255
  landing: 0.8750576507300138
  view-data: 3.3122360557317734
