times:
  edit-metadata: 0.5208413610234857
  landing: 0.05900878203101456
  view-data: 0.21586116799153388
