times:
  edit-metadata: 1.5001041647046804
  landing: 0.7332082483917475
  view-data: 3.39504318498075
