times:
  edit-metadata: 1.514341376721859
  landing: 0.7722550071775913
  view-data: 3.3877696115523577
