times:
  edit-metadata: 1.4945290591567755
  landing: 0.13497194461524487
  view-data: 0.3112315312027931
