times:
  edit-metadata: 0.5014826930128038
  landing: 0.07373930606991053
  view-data: 0.1881237020716071
