times:
  edit-metadata: 1.2838443999644369
  landing: 0.7434090250171721
  view-data: 3.2864187909290195
