times:
  edit-metadata: 0.5119087540078908
  landing: 0.08271917584352195
  view-data: 0.17921885196119547
