times:
  edit-metadata: 1.5177543051540852
  landing: 0.7875293623656034
  view-data: 3.3552755750715733
