times:
  edit-metadata: 0.51779246609658
  landing: 0.06336288526654243
  view-data: 0.2237677308730781
