times:
  edit-metadata: 0.6379749470215756
  landing: 0.09610965798492543
  view-data: 0.2227352680056356
