times:
  edit-metadata: 0.5515969442203641
  landing: 0.08667427720502019
  view-data: 0.226089209318161
