times:
  edit-metadata: 1.4368292968720198
  landing: 0.8792361370287836
  view-data: 3.3556862981058657
