times:
  edit-metadata: 1.8294257391244173
  landing: 0.022048378363251686
  view-data: 0.025836756452918053
