times:
  edit-metadata: 1.6616216376423836
  landing: 1.0976873822510242
  view-data: 3.41379801556468
