times:
  edit-metadata: 0.5109261369798332
  landing: 0.054027508944272995
  view-data: 0.20524806901812553
