times:
  edit-metadata: 1.4306062515825033
  landing: 0.8267140109091997
  view-data: 3.3296673111617565
