times:
  edit-metadata: 1.407578606158495
  landing: 0.020748287439346313
  view-data: 0.10268825106322765
