times:
  edit-metadata: 1.5301777925342321
  landing: 0.7609413638710976
  view-data: 3.4212138261646032
