times:
  edit-metadata: 1.5785961225628853
  landing: 0.81863983720541
  view-data: 3.399831645190716
