times:
  edit-metadata: 0.5600920277647674
  landing: 0.1597353988327086
  view-data: 0.30720833502709866
