times:
  edit-metadata: 0.49811119120568037
  landing: 0.08035191334784031
  view-data: 0.21019684616476297
