times:
  edit-metadata: 1.6780073679983616
  landing: 1.069152895361185
  view-data: 3.4528059400618076
