times:
  edit-metadata: 0.49289099778980017
  landing: 0.07330790720880032
  view-data: 0.1965234368108213
