times:
  edit-metadata: 1.5834231320768595
  landing: 0.8056316189467907
  view-data: 3.438649717718363
