times:
  edit-metadata: 0.4954663501121104
  landing: 0.07764460192993283
  view-data: 0.19957689382135868
