times:
  edit-metadata: 1.5393884014338255
  landing: 0.8254848336800933
  view-data: 3.4436298040673137
