times:
  edit-metadata: 1.6176714543253183
  landing: 0.8758897632360458
  view-data: 3.3819519486278296
