times:
  edit-metadata: 1.4274317547678947
  landing: 0.1784388180822134
  view-data: 0.13039173930883408
