times:
  edit-metadata: 0.485599756706506
  landing: 0.07886002119630575
  view-data: 0.19081773981451988
