times:
  edit-metadata: 0.803534128004685
  landing: 0.09515504003502429
  view-data: 0.22354436083696783
