times:
  edit-metadata: 2.2502275928854942
  landing: 0.27715738490223885
  view-data: 0.3976680226624012
