times:
  edit-metadata: 1.577056460082531
  landing: 0.16165662370622158
  view-data: 0.026159066706895828
