times:
  edit-metadata: 1.7263664081692696
  landing: 0.8846373511478305
  view-data: 3.444810484535992
