times:
  edit-metadata: 1.5353077687323093
  landing: 0.2091737538576126
  view-data: 0.23361237719655037
