times:
  edit-metadata: 1.4337789891287684
  landing: 0.7122409881558269
  view-data: 3.3035541689023376
