times:
  edit-metadata: 1.3971598781645298
  landing: 0.022734371945261955
  view-data: 0.02317741885781288
