times:
  edit-metadata: 1.6128034479916096
  landing: 0.963729090988636
  view-data: 3.3285058736801147
