times:
  edit-metadata: 1.5011669918894768
  landing: 0.021319422870874405
  view-data: 0.35671307146549225
