times:
  edit-metadata: 1.5149160735309124
  landing: 0.7717108204960823
  view-data: 3.404958236962557
