times:
  edit-metadata: 1.342905375175178
  landing: 0.8081227489747107
  view-data: 3.358782744035125
