times:
  edit-metadata: 2.55641121417284
  landing: 1.1505802311003208
  view-data: 3.3185102194547653
