times:
  edit-metadata: 0.47443254804238677
  landing: 0.07102167559787631
  view-data: 0.197223128285259
