times:
  edit-metadata: 0.5088555130641907
  landing: 0.06384385307319462
  view-data: 0.23270766087807715
