times:
  edit-metadata: 1.502445020712912
  landing: 0.8506278675049543
  view-data: 3.334401734173298
