times:
  edit-metadata: 1.3425295362249017
  landing: 0.024154610000550747
  view-data: 0.38892969489097595
