times:
  edit-metadata: 1.4370304308831692
  landing: 0.2577395662665367
  view-data: 0.02441793493926525
