times:
  edit-metadata: 1.5137976706027985
  landing: 0.7721206955611706
  view-data: 3.410064946860075
