times:
  edit-metadata: 2.2701616920530796
  landing: 1.119352214038372
  view-data: 3.4414801225066185
