times:
  edit-metadata: 1.3253335850313306
  landing: 0.7655643858015537
  view-data: 3.290850658901036
