times:
  edit-metadata: 0.4843923719599843
  landing: 0.07648681802675128
  view-data: 0.19445787370204926
