times:
  edit-metadata: 0.48773166025057435
  landing: 0.08145070914179087
  view-data: 0.1917730951681733
