times:
  edit-metadata: 1.3892567232251167
  landing: 0.16234885342419147
  view-data: 0.24828445725142956
