times:
  edit-metadata: 0.5069194929674268
  landing: 0.07010127906687558
  view-data: 0.18621807405725121
