times:
  edit-metadata: 1.3652569158002734
  landing: 0.021148785017430782
  view-data: 0.1006989860907197
