times:
  edit-metadata: 1.3320890562608838
  landing: 0.023220590315759182
  view-data: 0.02531497087329626
