times:
  edit-metadata: 1.3617107849568129
  landing: 0.019764024764299393
  view-data: 0.027912290766835213
