times:
  edit-metadata: 0.4891182188875973
  landing: 0.08090321300551295
  view-data: 0.1906551718711853
