times:
  edit-metadata: 0.4816071358509362
  landing: 0.06703294068574905
  view-data: 0.19761006673797965
