times:
  edit-metadata: 0.5021757418289781
  landing: 0.08319436106830835
  view-data: 0.20759407384321094
