times:
  edit-metadata: 1.3827596977353096
  landing: 0.019275348633527756
  view-data: 0.024510378018021584
