times:
  edit-metadata: 1.576778283342719
  landing: 0.01894821971654892
  view-data: 0.026052450761198997
