times:
  edit-metadata: 0.5207744562067091
  landing: 0.09026006376370788
  view-data: 0.2107828799635172
