times:
  edit-metadata: 0.500698592979461
  landing: 0.07436461839824915
  view-data: 0.18914710264652967
