times:
  edit-metadata: 1.4460702426731586
  landing: 0.7137971296906471
  view-data: 3.3633412830531597
