times:
  edit-metadata: 0.5274104541167617
  landing: 0.07764785131439567
  view-data: 0.21078392071649432
