times:
  edit-metadata: 1.6154892332851887
  landing: 0.2622558455914259
  view-data: 0.13035332970321178
