times:
  edit-metadata: 1.6297577265650034
  landing: 0.23953959718346596
  view-data: 0.1492276545614004
