times:
  edit-metadata: 0.4981975913979113
  landing: 0.07960675191134214
  view-data: 0.1999268843792379
