times:
  edit-metadata: 1.3935093507170677
  landing: 0.790468018501997
  view-data: 3.3115013651549816
