times:
  edit-metadata: 1.4089201595634222
  landing: 0.021263036876916885
  view-data: 0.031385975889861584
