times:
  edit-metadata: 1.49894751701504
  landing: 0.02872201520949602
  view-data: 0.025218873284757137
