times:
  edit-metadata: 0.49526371201500297
  landing: 0.07517440989613533
  view-data: 0.1859840052202344
