times:
  edit-metadata: 1.3837867830879986
  landing: 0.7951252232305706
  view-data: 3.2857578760012984
