times:
  edit-metadata: 1.5793334152549505
  landing: 0.8217099606990814
  view-data: 3.4287877194583416
