times:
  edit-metadata: 1.461227260529995
  landing: 0.14111089147627354
  view-data: 0.2923281993716955
