times:
  edit-metadata: 1.4741249764338136
  landing: 0.1247363742440939
  view-data: 0.025955500081181526
