times:
  edit-metadata: 1.7967201909050345
  landing: 0.019575453363358974
  view-data: 0.024231690913438797
