times:
  edit-metadata: 0.4976277220994234
  landing: 0.08317704405635595
  view-data: 0.18298420100472867
