times:
  edit-metadata: 1.470684397034347
  landing: 0.20286712888628244
  view-data: 0.23403998091816902
