times:
  edit-metadata: 1.387003761716187
  landing: 0.020142633467912674
  view-data: 0.02617849688977003
