times:
  edit-metadata: 1.5952348299324512
  landing: 0.7507585734128952
  view-data: 3.4095187447965145
