times:
  edit-metadata: 0.5451506900135428
  landing: 0.05691209388896823
  view-data: 0.19887672807089984
