times:
  edit-metadata: 1.4853435941040516
  landing: 0.7855057716369629
  view-data: 3.425657069310546
