times:
  edit-metadata: 1.5559510961174965
  landing: 0.019550008699297905
  view-data: 0.3708273284137249
