times:
  edit-metadata: 1.4973986288532615
  landing: 0.8154464866966009
  view-data: 3.4407555535435677
