times:
  edit-metadata: 1.4288856834173203
  landing: 0.12425794638693333
  view-data: 0.2907334081828594
