times:
  edit-metadata: 1.3590038176625967
  landing: 0.019269220530986786
  view-data: 0.02336288895457983
