times:
  edit-metadata: 0.5117545579560101
  landing: 0.07172578410245478
  view-data: 0.22303671995177865
