times:
  edit-metadata: 0.4971349760890007
  landing: 0.0741592429112643
  view-data: 0.19545237394049764
