times:
  edit-metadata: 1.4527197182178497
  landing: 0.8102409620769322
  view-data: 3.333494278136641
