times:
  edit-metadata: 0.5246953398454934
  landing: 0.05515164299868047
  view-data: 0.21015780814923346
