times:
  edit-metadata: 1.5511860996484756
  landing: 0.020392807200551033
  view-data: 0.44424833357334137
