times:
  edit-metadata: 1.5813058409839869
  landing: 0.7055408600717783
  view-data: 3.3050832021981478
