times:
  edit-metadata: 1.306905732024461
  landing: 0.8209803339559585
  view-data: 3.4199010911397636
