times:
  edit-metadata: 0.5182685358449817
  landing: 0.0850862143561244
  view-data: 0.20946584502235055
