times:
  edit-metadata: 0.5136393790016882
  landing: 0.07032198499655351
  view-data: 0.21616442799859215
