times:
  edit-metadata: 0.5017706099897623
  landing: 0.08091697399504483
  view-data: 0.18240636098198593
