times:
  edit-metadata: 1.3596379784867167
  landing: 0.09666965436190367
  view-data: 0.32149135041981936
