times:
  edit-metadata: 0.5226675160229206
  landing: 0.07175142876803875
  view-data: 0.22285771882161498
