times:
  edit-metadata: 0.5394163778983057
  landing: 0.08405360067263246
  view-data: 0.2213982311077416
