times:
  edit-metadata: 0.4931996278464794
  landing: 0.06813689135015011
  view-data: 0.22408105107024312
