times:
  edit-metadata: 1.4977429583668709
  landing: 0.15714087150990963
  view-data: 0.36181863117963076
