times:
  edit-metadata: 0.5687128849094734
  landing: 0.08166512195020914
  view-data: 0.22194167703855783
