times:
  edit-metadata: 1.4821854452602565
  landing: 0.7951596020720899
  view-data: 3.338348408229649
