times:
  edit-metadata: 2.301768835633993
  landing: 1.2687772363424301
  view-data: 3.471266869455576
