times:
  edit-metadata: 1.5237647611647844
  landing: 0.8257440477609634
  view-data: 3.3540674820542336
