times:
  edit-metadata: 1.6201480124145746
  landing: 0.9105120319873095
  view-data: 3.464911235496402
