times:
  edit-metadata: 1.3562657935544848
  landing: 0.020167349837720394
  view-data: 0.02415840420871973
