times:
  edit-metadata: 1.386483428068459
  landing: 0.8097600722685456
  view-data: 3.44933576695621
