times:
  edit-metadata: 1.613535424694419
  landing: 0.8991697411984205
  view-data: 3.4054748099297285
