times:
  edit-metadata: 1.4214095147326589
  landing: 6.14870114531368
  view-data: 3.315813273191452
