times:
  edit-metadata: 1.639717511832714
  landing: 1.0452858805656433
  view-data: 3.373827911913395
