times:
  edit-metadata: 1.5489539001137018
  landing: 0.7431906703859568
  view-data: 3.3420820124447346
