times:
  edit-metadata: 0.5109344990924001
  landing: 0.0696845818310976
  view-data: 0.20379968080669641
