times:
  edit-metadata: 0.5107700955122709
  landing: 0.0810822369530797
  view-data: 0.21592961251735687
