times:
  edit-metadata: 1.4696477893739939
  landing: 0.19221043679863214
  view-data: 0.2442076364532113
