times:
  edit-metadata: 1.4261491131037474
  landing: 0.020452799275517464
  view-data: 0.13797968812286854
