times:
  edit-metadata: 1.5032499805092812
  landing: 0.905154574662447
  view-data: 3.447071198374033
