times:
  edit-metadata: 1.4787536412477493
  landing: 0.7302850671112537
  view-data: 3.309408398345113
