times:
  edit-metadata: 1.3897356688976288
  landing: 0.021373474970459938
  view-data: 0.12457812670618296
