times:
  edit-metadata: 0.5312594398856163
  landing: 0.08126424066722393
  view-data: 0.20651434734463692
