times:
  edit-metadata: 0.5777007959550247
  landing: 0.06154849601443857
  view-data: 0.22881780110765249
