times:
  edit-metadata: 0.48200260289013386
  landing: 0.07043515983968973
  view-data: 0.19951971108093858
