times:
  edit-metadata: 1.5502950176596642
  landing: 0.0224540326744318
  view-data: 0.025448856875300407
