times:
  edit-metadata: 1.8094803355634212
  landing: 1.2404736429452896
  view-data: 3.545570131391287
