times:
  edit-metadata: 1.496479726396501
  landing: 0.9498459156602621
  view-data: 3.414792018942535
