times:
  edit-metadata: 1.603446301072836
  landing: 0.9498486751690507
  view-data: 3.469633972272277
