times:
  edit-metadata: 1.4214753601700068
  landing: 0.16515180096030235
  view-data: 0.02699280623346567
