times:
  edit-metadata: 2.7473450005054474
  landing: 0.1592985289171338
  view-data: 0.8766767363995314
