times:
  edit-metadata: 0.5143926674500108
  landing: 0.08563603460788727
  view-data: 0.19594755303114653
