times:
  edit-metadata: 1.5840937793254852
  landing: 0.7983793839812279
  view-data: 3.4267356880009174
