times:
  edit-metadata: 1.4472592324018478
  landing: 0.9485011473298073
  view-data: 3.3458038698881865
