times:
  edit-metadata: 0.5157796330749989
  landing: 0.08515514503233135
  view-data: 0.2038990929722786
