times:
  edit-metadata: 0.5890433399908943
  landing: 0.055350435999571346
  view-data: 0.2167238349938998
