times:
  edit-metadata: 1.4325355850160122
  landing: 0.7855099122971296
  view-data: 3.276271183975041
