times:
  edit-metadata: 0.47711820201948285
  landing: 0.07383424276486039
  view-data: 0.19345141109079123
