times:
  edit-metadata: 1.3729661405086517
  landing: 0.7164475284516811
  view-data: 3.371622296050191
