times:
  edit-metadata: 0.5221799272112548
  landing: 0.07613801443949342
  view-data: 0.20198783371597528
