times:
  edit-metadata: 1.4549925327301025
  landing: 0.8826873078942299
  view-data: 3.3942741826176643
