times:
  edit-metadata: 0.5299718952737749
  landing: 0.07466040132567286
  view-data: 0.19993879133835435
