times:
  edit-metadata: 1.8001877181231976
  landing: 1.1844176910817623
  view-data: 3.3690925873816013
