times:
  edit-metadata: 1.466344173066318
  landing: 0.8221517959609628
  view-data: 3.3753916299901903
