times:
  edit-metadata: 1.9732142984867096
  landing: 0.9286308661103249
  view-data: 3.5083016622811556
