times:
  edit-metadata: 1.5192958004772663
  landing: 0.7679061871021986
  view-data: 3.3630526810884476
