times:
  edit-metadata: 1.6782327853143215
  landing: 0.026629408821463585
  view-data: 0.2747424766421318
