times:
  edit-metadata: 1.5974011402577162
  landing: 0.8854492083191872
  view-data: 3.394824620336294
