times:
  edit-metadata: 0.4839050709269941
  landing: 0.06962866010144353
  view-data: 0.19480163510888815
