times:
  edit-metadata: 0.4881542166694999
  landing: 0.07587812514975667
  view-data: 0.19394948380067945
