times:
  edit-metadata: 1.3599599469453096
  landing: 0.11918482463806868
  view-data: 0.1827574037015438
