times:
  edit-metadata: 1.354013574309647
  landing: 0.023776138201355934
  view-data: 0.025009624660015106
