times:
  edit-metadata: 0.6352721129951533
  landing: 0.0547068829764612
  view-data: 0.23391553599503823
