times:
  edit-metadata: 0.4681188049726188
  landing: 0.06935553904622793
  view-data: 0.2000127797946334
