times:
  edit-metadata: 0.5098006490152329
  landing: 0.07955542881973088
  view-data: 0.20916874706745148
