times:
  edit-metadata: 2.388025352731347
  landing: 1.1944704474881291
  view-data: 3.5789456237107515
