times:
  edit-metadata: 0.4999793858733028
  landing: 0.07571713789366186
  view-data: 0.18194549903273582
