times:
  edit-metadata: 1.3806361239403486
  landing: 0.020111960358917713
  view-data: 0.17755914106965065
