times:
  edit-metadata: 1.484923248179257
  landing: 0.7731420742347836
  view-data: 3.3984308121725917
