times:
  edit-metadata: 1.4509944021701813
  landing: 0.8360161334276199
  view-data: 3.3641917631030083
