times:
  edit-metadata: 1.5179722551256418
  landing: 0.841128334403038
  view-data: 3.406442103907466
