times:
  edit-metadata: 0.516323018935509
  landing: 0.05712812696583569
  view-data: 0.21400705201085657
