times:
  edit-metadata: 0.47075777780264616
  landing: 0.07907037390395999
  view-data: 0.19788287905976176
