times:
  edit-metadata: 0.5095837181434035
  landing: 0.07543451059609652
  view-data: 0.863074698485434
