times:
  edit-metadata: 1.4544682558625937
  landing: 0.020640449598431587
  view-data: 0.1252722144126892
