times:
  edit-metadata: 0.48150756815448403
  landing: 0.07606529723852873
  view-data: 0.18779519898816943
