times:
  edit-metadata: 1.4169409647583961
  landing: 0.021188216283917427
  view-data: 0.10002279840409756
