times:
  edit-metadata: 0.5232681289780885
  landing: 0.048667158000171185
  view-data: 0.20625877985730767
