times:
  edit-metadata: 1.7031150572001934
  landing: 0.20278079621493816
  view-data: 0.33926619589328766
