times:
  edit-metadata: 1.4755248166620731
  landing: 0.7738480940461159
  view-data: 3.31232338398695
