times:
  edit-metadata: 1.5054338425397873
  landing: 0.8804629016667604
  view-data: 3.313854335807264
