times:
  edit-metadata: 0.5247298236936331
  landing: 0.05944976583123207
  view-data: 0.20068191178143024
