times:
  edit-metadata: 0.5806468980154023
  landing: 0.07774897897616029
  view-data: 0.23914211400551721
