times:
  edit-metadata: 1.3518920168280602
  landing: 0.8147768992930651
  view-data: 3.4302993547171354
