times:
  edit-metadata: 1.343732432462275
  landing: 0.021592934615910053
  view-data: 0.024372988380491734
