times:
  edit-metadata: 1.3603657456114888
  landing: 0.23666861467063427
  view-data: 0.3191777225583792
