times:
  edit-metadata: 1.430313814431429
  landing: 0.02170620486140251
  view-data: 0.024029092863202095
