times:
  edit-metadata: 0.6174411549873184
  landing: 0.06772230702335946
  view-data: 0.2248289340059273
