times:
  edit-metadata: 0.48015124280937016
  landing: 0.07557218289002776
  view-data: 0.18322245497256517
