times:
  edit-metadata: 0.5245571921113878
  landing: 0.05206400994211435
  view-data: 0.2161679519340396
