times:
  edit-metadata: 1.4060608381405473
  landing: 0.022730957716703415
  view-data: 0.022914341650903225
