times:
  edit-metadata: 1.5211192816495895
  landing: 0.7955063581466675
  view-data: 3.407128544524312
