times:
  edit-metadata: 0.5730577013455331
  landing: 0.06423626886680722
  view-data: 0.23839672608301044
