times:
  edit-metadata: 0.49813937209546566
  landing: 0.07308803871273994
  view-data: 0.19527311204001307
