times:
  edit-metadata: 0.4911813119542785
  landing: 0.07113642897456884
  view-data: 0.20615676400484517
