times:
  edit-metadata: 1.393355194479227
  landing: 0.9642711542546749
  view-data: 3.3450632244348526
