times:
  edit-metadata: 1.5178051218390465
  landing: 0.8899804688990116
  view-data: 3.4183894246816635
