times:
  edit-metadata: 1.3910948066040874
  landing: 0.019576982595026493
  view-data: 0.024538141675293446
