times:
  edit-metadata: 1.4518829574808478
  landing: 0.7626298349350691
  view-data: 3.3854486560449004
