times:
  edit-metadata: 0.4935039209667593
  landing: 0.07145152799785137
  view-data: 0.19171967008151114
