times:
  edit-metadata: 1.577035205438733
  landing: 0.7840891648083925
  view-data: 3.348408540710807
