times:
  edit-metadata: 1.497383488342166
  landing: 0.7784016001969576
  view-data: 3.374674592167139
