times:
  edit-metadata: 1.5776636339724064
  landing: 1.4248809143900871
  view-data: 3.4712052680552006
