times:
  edit-metadata: 0.506318524479866
  landing: 0.07577094715088606
  view-data: 0.22083902545273304
