times:
  edit-metadata: 0.5132345990277827
  landing: 0.06841270998120308
  view-data: 0.21510080201551318
