times:
  edit-metadata: 1.3448918676003814
  landing: 0.19809555541723967
  view-data: 0.45261966343969107
