times:
  edit-metadata: 1.577425004914403
  landing: 0.2514359410852194
  view-data: 0.1387182641774416
