times:
  edit-metadata: 1.4054928882978857
  landing: 0.7717078891582787
  view-data: 3.2965648770332336
