times:
  edit-metadata: 0.6083438140340149
  landing: 0.08008049399359152
  view-data: 0.2131537350360304
