times:
  edit-metadata: 1.4454685058444738
  landing: 0.024746179580688477
  view-data: 0.027950618416070938
