times:
  edit-metadata: 1.629481254145503
  landing: 0.7863863632082939
  view-data: 3.4237411860376596
