times:
  edit-metadata: 0.49211641517467797
  landing: 0.0678882000502199
  view-data: 0.22325763199478388
