times:
  edit-metadata: 1.5145338736474514
  landing: 0.8301864098757505
  view-data: 3.44388934597373
