times:
  edit-metadata: 0.521643043961376
  landing: 0.08125521335750818
  view-data: 0.21658770414069295
