times:
  edit-metadata: 1.3677486376836896
  landing: 0.02007573749870062
  view-data: 0.025145608000457287
