times:
  edit-metadata: 0.47956865979358554
  landing: 0.06855895463377237
  view-data: 0.1942097540013492
