times:
  edit-metadata: 1.4836073964834213
  landing: 0.019742505624890327
  view-data: 0.024151531979441643
