times:
  edit-metadata: 1.4068016577512026
  landing: 0.6649245247244835
  view-data: 3.2975855879485607
