times:
  edit-metadata: 3.8646421507000923
  landing: 2.344728412106633
  view-data: 4.1558360531926155
