times:
  edit-metadata: 1.535115486010909
  landing: 0.7427898477762938
  view-data: 3.3785748556256294
