times:
  edit-metadata: 0.5275418409146369
  landing: 0.047813520301133394
  view-data: 0.2157225590199232
