times:
  edit-metadata: 1.8968213815242052
  landing: 1.0210361368954182
  view-data: 3.411378100514412
