times:
  edit-metadata: 1.6100295148789883
  landing: 0.9980238042771816
  view-data: 3.4408514462411404
