times:
  edit-metadata: 1.4638260412029922
  landing: 0.9108636579476297
  view-data: 3.364088058937341
