times:
  edit-metadata: 0.5125832511112094
  landing: 0.07285127136856318
  view-data: 0.20566233107820153
