times:
  edit-metadata: 1.6685851104557514
  landing: 0.9977534767240286
  view-data: 3.501408774405718
