times:
  edit-metadata: 1.4596858862787485
  landing: 0.11906237155199051
  view-data: 0.024259110912680626
