times:
  edit-metadata: 1.4904297403991222
  landing: 0.021013401448726654
  view-data: 0.3530991431325674
