times:
  edit-metadata: 1.5679614879190922
  landing: 7.64385100081563
  view-data: 3.412453319877386
