times:
  edit-metadata: 1.4675241075456142
  landing: 0.8072576224803925
  view-data: 3.3417502641677856
