times:
  edit-metadata: 1.4816303923726082
  landing: 0.17792463302612305
  view-data: 0.3815194945782423
