times:
  edit-metadata: 1.4434293694794178
  landing: 0.8687885962426662
  view-data: 3.3635094352066517
