times:
  edit-metadata: 0.5107770608738065
  landing: 0.07009011134505272
  view-data: 0.21025705989450216
