times:
  edit-metadata: 0.6374835960450582
  landing: 0.06920781300868839
  view-data: 0.22474281501490623
