times:
  edit-metadata: 1.3638707492500544
  landing: 0.021390593610703945
  view-data: 0.0272039407864213
