times:
  edit-metadata: 1.3721992932260036
  landing: 0.913766473531723
  view-data: 3.281751614063978
