times:
  edit-metadata: 0.5922774619975826
  landing: 0.049698841001372784
  view-data: 0.21174839200102724
