times:
  edit-metadata: 1.3543393280124292
  landing: 0.807226293021813
  view-data: 3.3700148389907554
