times:
  edit-metadata: 0.46944709634408355
  landing: 0.07181295193731785
  view-data: 0.2017140812240541
