times:
  edit-metadata: 0.5109277237206697
  landing: 0.0804729713127017
  view-data: 0.20204830169677734
