times:
  edit-metadata: 1.8250210396945477
  landing: 0.23722684755921364
  view-data: 0.2816001567989588
