times:
  edit-metadata: 0.5081559140235186
  landing: 0.07268885290250182
  view-data: 0.1948533789254725
