times:
  edit-metadata: 0.570612533017993
  landing: 0.08254577603656799
  view-data: 0.22035733296070248
