times:
  edit-metadata: 1.529695499688387
  landing: 0.9411513172090054
  view-data: 3.421072658151388
