times:
  edit-metadata: 1.363500101491809
  landing: 0.021341401152312756
  view-data: 0.02411709912121296
