times:
  edit-metadata: 1.3974408134818077
  landing: 0.023556891828775406
  view-data: 0.12457538768649101
