times:
  edit-metadata: 0.5855265519930981
  landing: 0.06584396999096498
  view-data: 0.2293518770020455
