times:
  edit-metadata: 0.5863537179975538
  landing: 0.07657334499526769
  view-data: 0.3535501669975929
