times:
  edit-metadata: 1.3636821107938886
  landing: 0.0233688959851861
  view-data: 0.12344855349510908
