times:
  edit-metadata: 1.3424370605498552
  landing: 0.19816357269883156
  view-data: 0.025808189064264297
