times:
  edit-metadata: 1.4321407340466976
  landing: 0.8553252629935741
  view-data: 3.356315914541483
