times:
  edit-metadata: 1.4208732433617115
  landing: 0.7859748098999262
  view-data: 3.3053914569318295
