times:
  edit-metadata: 1.5332892136648297
  landing: 0.23262479808181524
  view-data: 0.14630150143057108
