times:
  edit-metadata: 1.5195166934281588
  landing: 0.021292101591825485
  view-data: 0.1253641601651907
