times:
  edit-metadata: 1.4236994162201881
  landing: 0.7611408140510321
  view-data: 3.3014018796384335
