times:
  edit-metadata: 1.3412596248090267
  landing: 0.019692886620759964
  view-data: 0.025472812354564667
