times:
  edit-metadata: 0.526639273040928
  landing: 0.055315814970526844
  view-data: 0.21557383803883567
