times:
  edit-metadata: 0.5871143320109695
  landing: 0.06240966694895178
  view-data: 0.23238495702389628
