times:
  edit-metadata: 0.6236444693058729
  landing: 0.07977007981389761
  view-data: 0.24101532623171806
