times:
  edit-metadata: 0.5938647100701928
  landing: 0.04960248013958335
  view-data: 0.20831915736198425
