times:
  edit-metadata: 1.2941122511401772
  landing: 0.6813991982489824
  view-data: 3.2690176805481315
