times:
  edit-metadata: 0.49173507187515497
  landing: 0.07964704371988773
  view-data: 0.19371167197823524
