times:
  edit-metadata: 1.4007476568222046
  landing: 0.9439202323555946
  view-data: 3.363969065248966
