times:
  edit-metadata: 1.3691223179921508
  landing: 0.021817872300744057
  view-data: 0.02643929235637188
