times:
  edit-metadata: 0.502112549263984
  landing: 0.06808287929743528
  view-data: 0.19956197123974562
