times:
  edit-metadata: 0.48272770177572966
  landing: 0.09045383892953396
  view-data: 0.21996399806812406
