times:
  edit-metadata: 2.2190064564347267
  landing: 0.12326493114233017
  view-data: 0.5971054015681148
