times:
  edit-metadata: 0.49783505499362946
  landing: 0.0685852849856019
  view-data: 0.19557527918368578
