times:
  edit-metadata: 1.8737732525914907
  landing: 0.020698215812444687
  view-data: 0.050107626244425774
