times:
  edit-metadata: 0.50576610583812
  landing: 0.0808997256681323
  view-data: 0.19487830344587564
