times:
  edit-metadata: 0.48693715827539563
  landing: 0.07712459331378341
  view-data: 0.19114101398736238
