times:
  edit-metadata: 1.4647877076640725
  landing: 0.7954013673588634
  view-data: 3.3501893542706966
