times:
  edit-metadata: 0.53275026101619
  landing: 0.060856340918689966
  view-data: 0.21395559213124216
