times:
  edit-metadata: 1.8141743764281273
  landing: 0.33299998939037323
  view-data: 0.40370320715010166
