times:
  edit-metadata: 1.391405139118433
  landing: 0.02063567377626896
  view-data: 0.12009321246296167
