times:
  edit-metadata: 0.6002582618966699
  landing: 0.1486925669014454
  view-data: 0.3073256481438875
