times:
  edit-metadata: 1.7789727188646793
  landing: 1.171359620988369
  view-data: 3.3856483437120914
