times:
  edit-metadata: 1.8460954241454601
  landing: 1.1715987734496593
  view-data: 3.3325218558311462
