times:
  edit-metadata: 1.5921542439609766
  landing: 0.9685476664453745
  view-data: 3.3281570319086313
