times:
  edit-metadata: 0.5284618609584868
  landing: 0.08049123222008348
  view-data: 0.20627166936174035
