times:
  edit-metadata: 0.5048798641655594
  landing: 0.08340704604052007
  view-data: 0.22256572102196515
