times:
  edit-metadata: 0.5626630699998714
  landing: 0.11896556800002145
  view-data: 0.2104326270000456
