times:
  edit-metadata: 0.5250263890002316
  landing: 0.04600030299934588
  view-data: 0.21250854299978528
