times:
  edit-metadata: 0.5110745588317513
  landing: 0.08197923377156258
  view-data: 0.2036435790359974
