times:
  edit-metadata: 1.3436577711254358
  landing: 0.02343546785414219
  view-data: 0.1242065466940403
