times:
  edit-metadata: 0.5265273819677532
  landing: 0.04720186302438378
  view-data: 0.21528377593494952
