times:
  edit-metadata: 0.48430719901807606
  landing: 0.07562108500860631
  view-data: 0.18750421004369855
