times:
  edit-metadata: 1.3698441199958324
  landing: 0.21391863282769918
  view-data: 0.023206506855785847
