times:
  edit-metadata: 1.676224421709776
  landing: 0.7735679559409618
  view-data: 3.4095654506236315
