times:
  edit-metadata: 0.5750451409257948
  landing: 0.06195814674720168
  view-data: 0.24700872972607613
