times:
  edit-metadata: 1.5831758454442024
  landing: 0.8268091715872288
  view-data: 3.3988907486200333
