times:
  edit-metadata: 1.5160832963883877
  landing: 0.749711150303483
  view-data: 3.365134108811617
