times:
  edit-metadata: 1.2590404469519854
  landing: 0.7541215360397473
  view-data: 3.3339452049694955
