times:
  edit-metadata: 0.5455864920077147
  landing: 0.056083374001900665
  view-data: 0.21264313299616333
