times:
  edit-metadata: 4.149381743744016
  landing: 2.168657425791025
  view-data: 3.858042024075985
