times:
  edit-metadata: 1.414333508349955
  landing: 0.020356417633593082
  view-data: 0.02753220498561859
