times:
  edit-metadata: 1.6926143374294043
  landing: 0.9841395691037178
  view-data: 3.471685439348221
