times:
  edit-metadata: 1.4259485760703683
  landing: 0.0952725987881422
  view-data: 0.12122268881648779
