times:
  edit-metadata: 0.46261687483638525
  landing: 0.07767982082441449
  view-data: 0.19342107279226184
