times:
  edit-metadata: 1.4704673700034618
  landing: 0.7929950542747974
  view-data: 3.3732712976634502
