times:
  edit-metadata: 1.3376211104914546
  landing: 0.02009413857012987
  view-data: 0.02426817361265421
