times:
  edit-metadata: 1.4643165655434132
  landing: 0.022645327262580395
  view-data: 0.12081349920481443
