times:
  edit-metadata: 0.49000598094426095
  landing: 0.06851357198320329
  view-data: 0.21518801804631948
