times:
  edit-metadata: 1.369401192292571
  landing: 0.021638253703713417
  view-data: 0.02444661594927311
