times:
  edit-metadata: 1.3764698086306453
  landing: 0.022412192076444626
  view-data: 0.11850094702094793
