times:
  edit-metadata: 0.538534170947969
  landing: 0.04523235303349793
  view-data: 0.20866981893777847
