times:
  edit-metadata: 1.3820370500907302
  landing: 0.02436822187155485
  view-data: 0.12155148014426231
