times:
  edit-metadata: 1.4150174083188176
  landing: 0.18987306579947472
  view-data: 0.025892388075590134
