times:
  edit-metadata: 1.5090438099578023
  landing: 0.12879127636551857
  view-data: 0.24381319340318441
