times:
  edit-metadata: 1.4583519846200943
  landing: 0.01969133224338293
  view-data: 0.45335470605641603
