times:
  edit-metadata: 1.6047208309173584
  landing: 0.023156385868787766
  view-data: 0.025709548965096474
