times:
  edit-metadata: 1.4434050135314465
  landing: 0.71372155752033
  view-data: 3.4354684744030237
