times:
  edit-metadata: 1.5156084038317204
  landing: 0.8126469440758228
  view-data: 3.3517132066190243
