times:
  edit-metadata: 1.3590022884309292
  landing: 0.019707120023667812
  view-data: 0.12355685699731112
