times:
  edit-metadata: 1.519296120852232
  landing: 0.019527791067957878
  view-data: 0.3516295440495014
