times:
  edit-metadata: 1.527439646422863
  landing: 0.873016607016325
  view-data: 3.4561043456196785
