times:
  edit-metadata: 1.424034744501114
  landing: 0.021768823266029358
  view-data: 0.2970952410250902
