times:
  edit-metadata: 1.5755340866744518
  landing: 0.7495373860001564
  view-data: 3.443245628848672
