times:
  edit-metadata: 2.6673337519168854
  landing: 0.44430901296436787
  view-data: 0.5023810062557459
