times:
  edit-metadata: 1.3280374752357602
  landing: 0.020599056966602802
  view-data: 0.1248847246170044
