times:
  edit-metadata: 1.5269125364720821
  landing: 0.8126308135688305
  view-data: 3.4290059842169285
