times:
  edit-metadata: 0.7052815970091615
  landing: 0.13312772900098935
  view-data: 0.2860074659984093
