times:
  edit-metadata: 1.3472427735105157
  landing: 0.020339743234217167
  view-data: 0.23237696383148432
