times:
  edit-metadata: 0.5136931969318539
  landing: 0.07154829520732164
  view-data: 0.20352163119241595
