times:
  edit-metadata: 0.6938297082670033
  landing: 0.1734754447825253
  view-data: 0.20449138898402452
