times:
  edit-metadata: 1.368856486864388
  landing: 0.019711936824023724
  view-data: 0.3915563654154539
