times:
  edit-metadata: 0.578639012000167
  landing: 0.06722053999965283
  view-data: 0.2208717230005277
