times:
  edit-metadata: 1.4673715275712311
  landing: 0.7972238301299512
  view-data: 3.365603377111256
