times:
  edit-metadata: 1.4990212370175868
  landing: 0.8418265200452879
  view-data: 3.347306304029189
