times:
  edit-metadata: 1.6075832080096006
  landing: 0.767329778522253
  view-data: 3.3937647696584463
