times:
  edit-metadata: 1.3799121619667858
  landing: 0.3003341529984027
  view-data: 0.3104396630078554
