times:
  edit-metadata: 1.6038167476654053
  landing: 0.28788636066019535
  view-data: 0.3230881467461586
