times:
  edit-metadata: 1.4032106809318066
  landing: 0.7471168674528599
  view-data: 3.292959600687027
