times:
  edit-metadata: 0.48965244833379984
  landing: 0.0817383173853159
  view-data: 0.19866196997463703
