times:
  edit-metadata: 0.5170724010095
  landing: 0.08090345095843077
  view-data: 0.20918934047222137
