times:
  edit-metadata: 1.6516671665012836
  landing: 0.23742300644516945
  view-data: 0.3231284525245428
