times:
  edit-metadata: 1.4207682125270367
  landing: 0.907617999240756
  view-data: 3.3500520158559084
