times:
  edit-metadata: 1.4647315230686218
  landing: 0.739592744037509
  view-data: 3.979849516879767
