times:
  edit-metadata: 1.537004243582487
  landing: 0.7484768014401197
  view-data: 3.4135550800710917
