times:
  edit-metadata: 0.4992978940717876
  landing: 0.07947275182232261
  view-data: 0.20785754825919867
