times:
  edit-metadata: 0.7190516712144017
  landing: 0.07741337595507503
  view-data: 0.32625188725069165
