times:
  edit-metadata: 0.48938218294642866
  landing: 0.06943002110347152
  view-data: 0.20186789892613888
