times:
  edit-metadata: 0.4935793629847467
  landing: 0.07484887400642037
  view-data: 0.20713587431237102
