times:
  edit-metadata: 1.4974406752735376
  landing: 0.7338408958166838
  view-data: 3.3541743252426386
