times:
  edit-metadata: 1.376323765143752
  landing: 0.01897231675684452
  view-data: 0.1417230200022459
