times:
  edit-metadata: 0.498763183131814
  landing: 0.07498961174860597
  view-data: 0.19042663415893912
