times:
  edit-metadata: 1.2851871862076223
  landing: 0.7852336978539824
  view-data: 3.2834423112217337
