times:
  edit-metadata: 1.7709922883659601
  landing: 0.01967448741197586
  view-data: 0.33035941049456596
