times:
  edit-metadata: 1.4148626755923033
  landing: 0.14352876134216785
  view-data: 0.3263899236917496
