times:
  edit-metadata: 0.5105264959856868
  landing: 0.06650519696995616
  view-data: 0.21905753505416214
