times:
  edit-metadata: 1.8066384941339493
  landing: 0.9569264873862267
  view-data: 3.416411880403757
