times:
  edit-metadata: 1.3708027824759483
  landing: 0.741994820535183
  view-data: 3.250410694628954
