times:
  edit-metadata: 1.5029208734631538
  landing: 0.022649593651294708
  view-data: 0.026058057323098183
