times:
  edit-metadata: 0.5101352641358972
  landing: 0.07540795719251037
  view-data: 0.21563294576480985
