times:
  edit-metadata: 1.473289741203189
  landing: 0.13665778748691082
  view-data: 0.026607848703861237
