times:
  edit-metadata: 0.49747763108462095
  landing: 0.07225809618830681
  view-data: 0.19185570674017072
