times:
  edit-metadata: 1.5644855592399836
  landing: 0.04230249486863613
  view-data: 0.023986170068383217
