times:
  edit-metadata: 1.3629770865663886
  landing: 0.019229249097406864
  view-data: 0.027181992307305336
