times:
  edit-metadata: 0.5200141370296478
  landing: 0.05326448194682598
  view-data: 0.21027997904457152
