times:
  edit-metadata: 1.5104175410233438
  landing: 0.8429707230534405
  view-data: 3.327683691168204
