times:
  edit-metadata: 1.413192257285118
  landing: 1.1536480523645878
  view-data: 3.337285067886114
