times:
  edit-metadata: 0.5188477030023932
  landing: 0.0777577506378293
  view-data: 0.20336717832833529
