times:
  edit-metadata: 0.5014215520350263
  landing: 0.0735537739819847
  view-data: 0.2136164290132001
