times:
  edit-metadata: 1.3421099483966827
  landing: 0.023817784152925014
  view-data: 0.02598497550934553
