times:
  edit-metadata: 1.4714496731758118
  landing: 0.9452842064201832
  view-data: 3.4387547560036182
