times:
  edit-metadata: 1.3737962925806642
  landing: 0.22938902024179697
  view-data: 0.022273181937634945
