times:
  edit-metadata: 1.2483631763607264
  landing: 0.8638686332851648
  view-data: 3.3395145311951637
