times:
  edit-metadata: 1.637566601857543
  landing: 0.13636173494160175
  view-data: 0.3492272924631834
