times:
  edit-metadata: 1.4579441212117672
  landing: 0.1587398312985897
  view-data: 0.14837582036852837
