times:
  edit-metadata: 0.5724415713921189
  landing: 0.07207278721034527
  view-data: 0.22411152394488454
