times:
  edit-metadata: 1.411072265356779
  landing: 0.021669548004865646
  view-data: 0.025067445822060108
