times:
  edit-metadata: 1.4144678097218275
  landing: 0.020582206547260284
  view-data: 0.10168871842324734
