times:
  edit-metadata: 1.5193363148719072
  landing: 0.7250611037015915
  view-data: 3.7562941014766693
