times:
  edit-metadata: 0.5278633013367653
  landing: 0.05449782917276025
  view-data: 0.21364555694162846
