times:
  edit-metadata: 1.5775755755603313
  landing: 0.9000607505440712
  view-data: 3.3988283537328243
