times:
  edit-metadata: 0.5074763214215636
  landing: 0.08328784629702568
  view-data: 0.20911274757236242
