times:
  edit-metadata: 1.497098583728075
  landing: 0.703254871070385
  view-data: 3.3572253212332726
