times:
  edit-metadata: 0.4891698700375855
  landing: 0.07794646499678493
  view-data: 0.19814898003824055
