times:
  edit-metadata: 0.4894780699396506
  landing: 0.06338407599832863
  view-data: 0.20424107694998384
