times:
  edit-metadata: 0.48721017013303936
  landing: 0.0701511069200933
  view-data: 0.19205685798078775
