times:
  edit-metadata: 0.6009905403479934
  landing: 0.06835740292444825
  view-data: 0.33176308730617166
