times:
  edit-metadata: 1.508344680070877
  landing: 0.7554097697138786
  view-data: 3.3845407031476498
