times:
  edit-metadata: 0.4928807644173503
  landing: 0.06833265628665686
  view-data: 0.20108880568295717
