times:
  edit-metadata: 1.3677661819383502
  landing: 0.1684355791658163
  view-data: 0.10004020296037197
