times:
  edit-metadata: 1.4245948446914554
  landing: 0.14176307152956724
  view-data: 0.03111493680626154
