times:
  edit-metadata: 1.3495713640004396
  landing: 0.02106871549040079
  view-data: 0.3353178193792701
