times:
  edit-metadata: 1.529216043651104
  landing: 0.7615157384425402
  view-data: 3.4317745082080364
