times:
  edit-metadata: 0.4900827030069195
  landing: 0.06419263902353123
  view-data: 0.2071409539785236
