times:
  edit-metadata: 1.7790065705776215
  landing: 0.9736992008984089
  view-data: 3.4330990239977837
