times:
  edit-metadata: 1.3666146900504827
  landing: 0.021920206025242805
  view-data: 0.026460135355591774
