times:
  edit-metadata: 2.133896794170141
  landing: 1.2759312354028225
  view-data: 3.542346365749836
