times:
  edit-metadata: 1.4778746562078595
  landing: 0.2251138174906373
  view-data: 0.4381323019042611
