times:
  edit-metadata: 1.6502356510609388
  landing: 0.14977897703647614
  view-data: 0.09295014292001724
