times:
  edit-metadata: 1.4493155963718891
  landing: 0.2040777923539281
  view-data: 0.03063926286995411
