times:
  edit-metadata: 1.6793135646730661
  landing: 0.27928576059639454
  view-data: 0.1514365840703249
