times:
  edit-metadata: 1.3716661036014557
  landing: 0.021007133647799492
  view-data: 0.02799343504011631
