times:
  edit-metadata: 1.5814452569466084
  landing: 1.1385099948383868
  view-data: 3.320229153847322
