times:
  edit-metadata: 0.5053723538294435
  landing: 0.07968343491666019
  view-data: 0.206357714952901
