times:
  edit-metadata: 1.5121078360825777
  landing: 0.8716643769294024
  view-data: 3.310324028134346
