times:
  edit-metadata: 1.6607277691364288
  landing: 0.9495819136500359
  view-data: 3.354605596512556
