times:
  edit-metadata: 1.4707712680101395
  landing: 0.846953509375453
  view-data: 3.3456315621733665
