times:
  edit-metadata: 1.537125488044694
  landing: 0.8183399781119078
  view-data: 3.3869780388195068
