times:
  edit-metadata: 1.7916602091863751
  landing: 0.31626157369464636
  view-data: 0.4280345933511853
