times:
  edit-metadata: 1.4761409349739552
  landing: 0.24530391953885555
  view-data: 0.10797056742012501
