times:
  edit-metadata: 1.9201480243355036
  landing: 0.8102833805605769
  view-data: 3.5325694661587477
