times:
  edit-metadata: 0.4762688069604337
  landing: 0.07489643432199955
  view-data: 0.19713314715772867
