times:
  edit-metadata: 1.4478879356756806
  landing: 0.020554305985569954
  view-data: 0.22868918627500534
