times:
  edit-metadata: 1.9823872745037079
  landing: 1.138899751007557
  view-data: 3.4992170929908752
