times:
  edit-metadata: 0.5784791510086507
  landing: 0.09290609718300402
  view-data: 0.19116929592564702
