times:
  edit-metadata: 0.5936891720630229
  landing: 0.14184446912258863
  view-data: 0.21527666365727782
