times:
  edit-metadata: 0.49981167260557413
  landing: 0.07639209181070328
  view-data: 0.21077693067491055
