times:
  edit-metadata: 0.4953903170535341
  landing: 0.06385953805875033
  view-data: 0.22354761394672096
