times:
  edit-metadata: 0.48969989619217813
  landing: 0.07227483810856938
  view-data: 0.1842835780698806
