times:
  edit-metadata: 1.3692958876490593
  landing: 0.021734080277383327
  view-data: 0.11906472221016884
