times:
  edit-metadata: 1.382139670662582
  landing: 0.13590857200324535
  view-data: 0.12436911184340715
