times:
  edit-metadata: 0.4891185611486435
  landing: 0.08008961798623204
  view-data: 0.19211793830618262
