times:
  edit-metadata: 2.027562938630581
  landing: 0.3680195324122906
  view-data: 0.5908931326121092
