times:
  edit-metadata: 1.5067209405824542
  landing: 0.9069095086306334
  view-data: 3.4444726007059216
