times:
  edit-metadata: 1.3740292470902205
  landing: 0.023210049606859684
  view-data: 0.023771552368998528
