times:
  edit-metadata: 0.5099649059120566
  landing: 0.08107001287862659
  view-data: 0.2132880361750722
