times:
  edit-metadata: 0.4814459648914635
  landing: 0.0732831135392189
  view-data: 0.1948247910477221
