times:
  edit-metadata: 0.48124525998719037
  landing: 0.0729956110008061
  view-data: 0.23853142303414643
