times:
  edit-metadata: 1.4566833600401878
  landing: 0.13337931223213673
  view-data: 0.24507111124694347
