times:
  edit-metadata: 1.856079112738371
  landing: 1.0821470320224762
  view-data: 3.382218550890684
