times:
  edit-metadata: 0.49135594302788377
  landing: 0.06938654999248683
  view-data: 0.21410059509798884
