times:
  edit-metadata: 1.4819130655378103
  landing: 0.1604776605963707
  view-data: 0.13701148331165314
