times:
  edit-metadata: 0.5335006187669933
  landing: 0.07867300417274237
  view-data: 0.19971966417506337
