times:
  edit-metadata: 1.500109028071165
  landing: 0.692888580262661
  view-data: 3.3698772992938757
