times:
  edit-metadata: 0.540015091188252
  landing: 0.0779560599476099
  view-data: 0.21652160491794348
