times:
  edit-metadata: 0.4872576016932726
  landing: 0.06491442304104567
  view-data: 0.19316630624234676
