times:
  edit-metadata: 1.8302221894264221
  landing: 0.023417729884386063
  view-data: 0.02619831543415785
