times:
  edit-metadata: 1.460857404395938
  landing: 0.02027880772948265
  view-data: 0.27965869195759296
