times:
  edit-metadata: 0.4903504748363048
  landing: 0.0738109911326319
  view-data: 0.18034684006124735
