times:
  edit-metadata: 1.6382329277694225
  landing: 1.0605216696858406
  view-data: 3.5859386175870895
