times:
  edit-metadata: 1.5421845838427544
  landing: 0.8119480982422829
  view-data: 3.403043355792761
