times:
  edit-metadata: 0.544650703901425
  landing: 0.048424070002511144
  view-data: 0.22465510992333293
