times:
  edit-metadata: 1.499017346650362
  landing: 0.6746861692517996
  view-data: 3.3496565222740173
