times:
  edit-metadata: 0.532863057916984
  landing: 0.08797203795984387
  view-data: 0.25166222895495594
