times:
  edit-metadata: 1.3728254828602076
  landing: 0.21003562584519386
  view-data: 0.47842499520629644
