times:
  edit-metadata: 0.7014944129623473
  landing: 0.06419422896578908
  view-data: 0.2591521558351815
