times:
  edit-metadata: 1.4356154780834913
  landing: 0.837798235937953
  view-data: 3.3303933776915073
