times:
  edit-metadata: 1.4232295006513596
  landing: 0.9462023340165615
  view-data: 3.3429851196706295
