times:
  edit-metadata: 1.6444105650298297
  landing: 0.9305748781189322
  view-data: 3.467673541046679
