times:
  edit-metadata: 0.7554933350184001
  landing: 0.10839261699584313
  view-data: 0.23389103298541158
