times:
  edit-metadata: 1.435336409136653
  landing: 0.16138829104602337
  view-data: 0.023984532803297043
