times:
  edit-metadata: 0.4912453009746969
  landing: 0.08615454705432057
  view-data: 0.20840513287112117
