times:
  edit-metadata: 1.4073958061635494
  landing: 0.8554814010858536
  view-data: 3.355866316705942
