times:
  edit-metadata: 1.8905893228948116
  landing: 0.2612057030200958
  view-data: 0.3392675034701824
