times:
  edit-metadata: 2.922617381438613
  landing: 1.3860999904572964
  view-data: 3.836562652140856
