times:
  edit-metadata: 1.4455366227775812
  landing: 0.02013717219233513
  view-data: 0.207441502250731
