times:
  edit-metadata: 1.393341743387282
  landing: 0.022292797453701496
  view-data: 0.11919542122632265
