times:
  edit-metadata: 1.4096143636852503
  landing: 1.0033084880560637
  view-data: 3.288361616432667
