times:
  edit-metadata: 0.47599260602146387
  landing: 0.06744837807491422
  view-data: 0.1946417219005525
