times:
  edit-metadata: 1.5420777210965753
  landing: 0.3057344174012542
  view-data: 0.3546736678108573
