times:
  edit-metadata: 1.5994432996958494
  landing: 0.02302294410765171
  view-data: 0.15289482846856117
