times:
  edit-metadata: 0.5315355691127479
  landing: 0.05486230785027146
  view-data: 0.22051474591717124
