times:
  edit-metadata: 0.49024551594629884
  landing: 0.06703817471861839
  view-data: 0.19383691623806953
