times:
  edit-metadata: 1.357421662658453
  landing: 0.7528797462582588
  view-data: 3.3035141956061125
