times:
  edit-metadata: 0.5239052050746977
  landing: 0.07649257779121399
  view-data: 0.20821753097698092
