times:
  edit-metadata: 0.5070627470267937
  landing: 0.0775587250245735
  view-data: 0.22692246397491544
