times:
  edit-metadata: 0.49288019514642656
  landing: 0.06711038015782833
  view-data: 0.1986907368991524
