times:
  edit-metadata: 0.525039040017873
  landing: 0.05059550597798079
  view-data: 0.2066210159100592
