times:
  edit-metadata: 1.5667979083955288
  landing: 0.20292353071272373
  view-data: 0.1274373158812523
