times:
  edit-metadata: 1.413410629145801
  landing: 0.11742845736443996
  view-data: 0.4338365187868476
