times:
  edit-metadata: 1.5169832836836576
  landing: 0.7751929573714733
  view-data: 3.405348861590028
