times:
  edit-metadata: 1.351583231240511
  landing: 0.8754025548696518
  view-data: 3.421318806707859
