times:
  edit-metadata: 1.9815064668655396
  landing: 0.31153314374387264
  view-data: 0.3976008668541908
