times:
  edit-metadata: 1.4730444177985191
  landing: 0.22484669089317322
  view-data: 0.028007593005895615
