times:
  edit-metadata: 1.3761546714231372
  landing: 0.022611756809055805
  view-data: 0.022639811970293522
