times:
  edit-metadata: 0.4872274319641292
  landing: 0.07525467127561569
  view-data: 0.3277700641192496
