times:
  edit-metadata: 1.9509459268301725
  landing: 0.19954072497785091
  view-data: 0.17360037006437778
