times:
  edit-metadata: 1.4817862249910831
  landing: 0.9565184526145458
  view-data: 3.3462362587451935
