times:
  edit-metadata: 1.3734544441103935
  landing: 0.8569840267300606
  view-data: 3.2496291287243366
