times:
  edit-metadata: 1.3743015564978123
  landing: 0.8266284801065922
  view-data: 3.323147252202034
