times:
  edit-metadata: 1.3914428446441889
  landing: 1.2487317640334368
  view-data: 3.3453523935750127
