times:
  edit-metadata: 0.5316850799135864
  landing: 0.0732483072206378
  view-data: 0.2054576389491558
