times:
  edit-metadata: 1.3862444339320064
  landing: 0.024316749535501003
  view-data: 0.11981931608170271
