times:
  edit-metadata: 1.7705273739993572
  landing: 1.0056783966720104
  view-data: 3.3438162617385387
