times:
  edit-metadata: 1.4444912457838655
  landing: 0.7629687609151006
  view-data: 3.3973550302907825
