times:
  edit-metadata: 1.3541683368384838
  landing: 0.6577128507196903
  view-data: 3.2876806762069464
