times:
  edit-metadata: 1.4534441190771759
  landing: 0.7811796818859875
  view-data: 3.2834592359140515
