times:
  edit-metadata: 1.6772642843425274
  landing: 1.0223829858005047
  view-data: 3.372139312326908
