times:
  edit-metadata: 1.3703340254724026
  landing: 0.01892516016960144
  view-data: 0.14148468151688576
