times:
  edit-metadata: 0.4849691609852016
  landing: 0.0833899499848485
  view-data: 0.1845422862097621
