times:
  edit-metadata: 0.5345915618818253
  landing: 0.04883081605657935
  view-data: 0.21331736305728555
