times:
  edit-metadata: 1.3841864401474595
  landing: 0.11895722150802612
  view-data: 0.4094827324151993
