times:
  edit-metadata: 1.6493756752461195
  landing: 0.9590639248490334
  view-data: 3.455306190997362
