times:
  edit-metadata: 1.4051320478320122
  landing: 0.7760233022272587
  view-data: 3.3085423596203327
