times:
  edit-metadata: 0.5097941299900413
  landing: 0.07312387181445956
  view-data: 0.20920211635529995
