times:
  edit-metadata: 2.1919596139341593
  landing: 0.33352076448500156
  view-data: 0.4205800723284483
