times:
  edit-metadata: 1.4318083077669144
  landing: 0.8813221156597137
  view-data: 3.3078397512435913
