times:
  edit-metadata: 1.3304956490173936
  landing: 0.1784199010580778
  view-data: 0.41374457720667124
