times:
  edit-metadata: 1.3849201248958707
  landing: 0.020700237713754177
  view-data: 0.024352718144655228
