times:
  edit-metadata: 1.3431785230059177
  landing: 0.7311458580661565
  view-data: 3.2955575538799167
