times:
  edit-metadata: 1.6181777343153954
  landing: 1.1604147776961327
  view-data: 3.3953577056527138
