times:
  edit-metadata: 1.6555896666832268
  landing: 1.0490430821664631
  view-data: 3.448655592277646
