times:
  edit-metadata: 1.5592320431023836
  landing: 0.8905082736164331
  view-data: 3.432605106383562
