times:
  edit-metadata: 2.1788131706416607
  landing: 0.43978931568562984
  view-data: 0.4104266483336687
