times:
  edit-metadata: 0.8108918191865087
  landing: 0.07260298915207386
  view-data: 0.21854578889906406
