times:
  edit-metadata: 3.9239866696298122
  landing: 1.6468244092538953
  view-data: 3.494793656282127
