times:
  edit-metadata: 1.3331653587520123
  landing: 0.019564641639590263
  view-data: 0.12278378382325172
