times:
  edit-metadata: 0.48130980296991765
  landing: 0.06939540593884885
  view-data: 0.1976578279864043
