times:
  edit-metadata: 1.3413404431194067
  landing: 0.2028144896030426
  view-data: 0.02544247917830944
