times:
  edit-metadata: 1.6493805721402168
  landing: 0.980493076145649
  view-data: 3.391217190772295
