times:
  edit-metadata: 0.50608523003757
  landing: 0.07250600308179855
  view-data: 0.22610297007486224
