times:
  edit-metadata: 1.4800406973809004
  landing: 0.024423176422715187
  view-data: 0.35077149979770184
