times:
  edit-metadata: 1.3515221998095512
  landing: 0.019896221347153187
  view-data: 0.025630091316998005
