times:
  edit-metadata: 0.5081683479947969
  landing: 0.0697492909966968
  view-data: 0.21342150500277057
