times:
  edit-metadata: 0.5238911835476756
  landing: 0.08032026421278715
  view-data: 0.19726785644888878
