times:
  edit-metadata: 1.1270205399487168
  landing: 0.09052987792529166
  view-data: 0.20705380802974105
