times:
  edit-metadata: 0.5146497059613466
  landing: 0.07751486729830503
  view-data: 0.1996562909334898
