times:
  edit-metadata: 0.5886581540107727
  landing: 0.06193855905439705
  view-data: 0.22673397499602288
