times:
  edit-metadata: 1.3692744113504887
  landing: 0.12276895716786385
  view-data: 0.026116883382201195
