times:
  edit-metadata: 1.4538018628954887
  landing: 0.9833422098308802
  view-data: 3.4038018565624952
