times:
  edit-metadata: 1.3967888541519642
  landing: 0.8305644430220127
  view-data: 3.3156901597976685
