times:
  edit-metadata: 1.4766947980970144
  landing: 0.912825402803719
  view-data: 3.3575482312589884
