times:
  edit-metadata: 0.48283449094742537
  landing: 0.07304435689002275
  view-data: 0.20056969113647938
