times:
  edit-metadata: 1.5861296523362398
  landing: 0.7803337816148996
  view-data: 3.4100288469344378
