times:
  edit-metadata: 0.4828867851756513
  landing: 0.07394183427095413
  view-data: 0.1898886407725513
