times:
  edit-metadata: 1.3792687910608947
  landing: 0.7473637228831649
  view-data: 3.3727759830653667
