times:
  edit-metadata: 1.418687409721315
  landing: 0.0197443263605237
  view-data: 0.4771715272217989
