times:
  edit-metadata: 1.4224194418638945
  landing: 0.021461008116602898
  view-data: 0.11926535423845053
