times:
  edit-metadata: 0.5333719640038908
  landing: 0.05487323901616037
  view-data: 0.20949747110716999
