times:
  edit-metadata: 1.462971568107605
  landing: 0.8285821629688144
  view-data: 3.3499198991339654
