times:
  edit-metadata: 0.5911249719792977
  landing: 0.05100993101950735
  view-data: 0.2182435030117631
