times:
  edit-metadata: 0.516751715913415
  landing: 0.07572137750685215
  view-data: 0.2075431002303958
