times:
  edit-metadata: 1.5537440478801727
  landing: 0.8513418342918158
  view-data: 3.354676177725196
