times:
  edit-metadata: 0.48489997861906886
  landing: 0.07922419998794794
  view-data: 0.19582462403923273
