times:
  edit-metadata: 1.4792325738817453
  landing: 0.27745152078568935
  view-data: 0.02549607679247856
