times:
  edit-metadata: 0.5854430869221687
  landing: 0.08554023411124945
  view-data: 0.19125539413653314
