times:
  edit-metadata: 0.504431206965819
  landing: 0.06962520396336913
  view-data: 0.35240451502613723
