times:
  edit-metadata: 0.5940887199831195
  landing: 0.07617691700579599
  view-data: 0.23603161802748218
