times:
  edit-metadata: 0.49110190896317363
  landing: 0.07780627068132162
  view-data: 0.20995236514136195
