times:
  edit-metadata: 1.578779548406601
  landing: 0.7815688438713551
  view-data: 3.4789140317589045
