times:
  edit-metadata: 0.8775093299336731
  landing: 0.1444208831526339
  view-data: 0.3153984930831939
