times:
  edit-metadata: 0.5785824209451675
  landing: 0.07689954299712554
  view-data: 0.22954312502406538
