times:
  edit-metadata: 1.3888107305392623
  landing: 0.16819705814123154
  view-data: 0.10283010266721249
