times:
  edit-metadata: 1.440430462360382
  landing: 0.6870732754468918
  view-data: 3.321940205991268
