times:
  edit-metadata: 0.5226744031533599
  landing: 0.05226448504254222
  view-data: 0.219193859025836
