times:
  edit-metadata: 1.4909067759290338
  landing: 0.021103928796947002
  view-data: 0.025073344819247723
