times:
  edit-metadata: 1.298294604755938
  landing: 0.9222441324964166
  view-data: 3.3660327661782503
