times:
  edit-metadata: 1.559331625699997
  landing: 0.29223259910941124
  view-data: 0.3646392486989498
