times:
  edit-metadata: 1.543089005164802
  landing: 0.7835896499454975
  view-data: 3.375320195220411
