times:
  edit-metadata: 1.605124581605196
  landing: 0.9644965417683125
  view-data: 3.3511177450418472
