times:
  edit-metadata: 1.4522695979103446
  landing: 0.7460482041351497
  view-data: 3.3694097539409995
