times:
  edit-metadata: 1.5840820018202066
  landing: 0.7999378144741058
  view-data: 3.3768401723355055
