times:
  edit-metadata: 1.4911385904997587
  landing: 0.21350646205246449
  view-data: 0.4914345648139715
