times:
  edit-metadata: 1.8801745492964983
  landing: 0.2796313092112541
  view-data: 0.4277110192924738
