times:
  edit-metadata: 1.5783260762691498
  landing: 0.8048016577959061
  view-data: 3.415088001638651
