times:
  edit-metadata: 1.3305959925055504
  landing: 0.022962119430303574
  view-data: 0.023440568707883358
