times:
  edit-metadata: 1.6439008191227913
  landing: 0.2629932574927807
  view-data: 0.5070199687033892
