times:
  edit-metadata: 1.6246587596833706
  landing: 0.9438367523252964
  view-data: 3.375792484730482
