times:
  edit-metadata: 1.3972779978066683
  landing: 0.021893341094255447
  view-data: 0.023195046931505203
