times:
  edit-metadata: 0.5899336980655789
  landing: 0.08498574607074261
  view-data: 0.2245969818904996
