times:
  edit-metadata: 0.5083278501406312
  landing: 0.08070473186671734
  view-data: 0.20121933612972498
