times:
  edit-metadata: 0.5507093579508364
  landing: 0.05328254494816065
  view-data: 0.21072766720317304
