times:
  edit-metadata: 1.4524637423455715
  landing: 0.7920168749988079
  view-data: 3.3117866702377796
