times:
  edit-metadata: 0.48685892508365214
  landing: 0.06680546305142343
  view-data: 0.31328533217310905
