times:
  edit-metadata: 1.509655125439167
  landing: 0.7674176022410393
  view-data: 3.368590833619237
