times:
  edit-metadata: 1.485817831940949
  landing: 0.17533997632563114
  view-data: 0.05793372634798288
