times:
  edit-metadata: 1.3727966025471687
  landing: 0.02069745399057865
  view-data: 0.4443958178162575
