times:
  edit-metadata: 1.524687873199582
  landing: 0.7595819886773825
  view-data: 3.3794575091451406
