times:
  edit-metadata: 0.8714788872748613
  landing: 0.07516540912911296
  view-data: 0.2723002331331372
