times:
  edit-metadata: 1.3938332423567772
  landing: 0.020727641880512238
  view-data: 0.11709557101130486
