times:
  edit-metadata: 1.3390278341248631
  landing: 0.13040103949606419
  view-data: 0.13334378972649574
