times:
  edit-metadata: 0.49085106793791056
  landing: 0.08148073079064488
  view-data: 0.23695526272058487
