times:
  edit-metadata: 1.3938420140184462
  landing: 0.802178667858243
  view-data: 3.3908423050306737
