times:
  edit-metadata: 0.5621990971267223
  landing: 0.05439960188232362
  view-data: 0.2150137140415609
