times:
  edit-metadata: 0.46886203391477466
  landing: 0.07864532200619578
  view-data: 0.19718617899343371
