times:
  edit-metadata: 1.6074974481016397
  landing: 0.23792199976742268
  view-data: 0.14839374646544456
