times:
  edit-metadata: 0.5276653384789824
  landing: 0.07463347259908915
  view-data: 0.20344186201691628
