times:
  edit-metadata: 1.4538767952471972
  landing: 0.7932785842567682
  view-data: 3.2992806853726506
