times:
  edit-metadata: 0.48131598299369216
  landing: 0.06848555989563465
  view-data: 0.1990897129289806
