times:
  edit-metadata: 0.5847971276380122
  landing: 0.07399372197687626
  view-data: 0.22966127889230847
