times:
  edit-metadata: 1.6180967632681131
  landing: 0.8545311950147152
  view-data: 3.4356358759105206
