times:
  edit-metadata: 1.4285408295691013
  landing: 0.020969520322978497
  view-data: 0.12206324376165867
