times:
  edit-metadata: 0.510306401993148
  landing: 0.06566322495928034
  view-data: 0.2220476740039885
