times:
  edit-metadata: 0.5020349679980427
  landing: 0.08192707499256358
  view-data: 0.2340077279950492
