times:
  edit-metadata: 0.520710467826575
  landing: 0.0690592136234045
  view-data: 0.20875500980764627
