times:
  edit-metadata: 0.52450096514076
  landing: 0.058011112036183476
  view-data: 0.2256353311240673
