times:
  edit-metadata: 1.4801776660606265
  landing: 0.7237626602873206
  view-data: 3.3038988513872027
