times:
  edit-metadata: 0.5113484160974622
  landing: 0.07652430282905698
  view-data: 0.1988886590115726
