times:
  edit-metadata: 1.4480022937059402
  landing: 0.7447898536920547
  view-data: 3.300957281142473
