times:
  edit-metadata: 0.5125825172290206
  landing: 0.08490677829831839
  view-data: 0.20167328789830208
