times:
  edit-metadata: 1.4119614735245705
  landing: 0.7174434624612331
  view-data: 3.330956555902958
