times:
  edit-metadata: 1.6400194838643074
  landing: 0.889162527397275
  view-data: 3.319097923114896
