times:
  edit-metadata: 1.5047816131263971
  landing: 0.019956445321440697
  view-data: 0.49617683328688145
