times:
  edit-metadata: 1.5081825330853462
  landing: 0.9121546559035778
  view-data: 3.440196253359318
