times:
  edit-metadata: 1.838349811732769
  landing: 0.9261561520397663
  view-data: 3.3622361943125725
