times:
  edit-metadata: 1.590952306985855
  landing: 1.102829970419407
  view-data: 3.31077079474926
