times:
  edit-metadata: 1.7395321875810623
  landing: 1.4697191268205643
  view-data: 0.753568522632122
