times:
  edit-metadata: 2.167694341391325
  landing: 0.1397777758538723
  view-data: 0.395316643640399
