times:
  edit-metadata: 1.3366579730063677
  landing: 0.02195465099066496
  view-data: 0.1184810921549797
