times:
  edit-metadata: 1.4534268639981747
  landing: 0.14993856474757195
  view-data: 0.39400868117809296
