times:
  edit-metadata: 1.4760285876691341
  landing: 0.8872922100126743
  view-data: 3.3919608630239964
