times:
  edit-metadata: 0.5721999830566347
  landing: 0.08739876188337803
  view-data: 0.2065830051433295
