times:
  edit-metadata: 1.6322106271982193
  landing: 0.7298725191503763
  view-data: 3.7532871421426535
