times:
  edit-metadata: 1.3391740899533033
  landing: 0.021204206161201
  view-data: 0.13277493882924318
