times:
  edit-metadata: 1.5560968592762947
  landing: 0.12978192046284676
  view-data: 0.025684259831905365
