times:
  edit-metadata: 1.4232805725187063
  landing: 0.023477215319871902
  view-data: 0.027077537961304188
