times:
  edit-metadata: 1.4610804468393326
  landing: 0.7784499116241932
  view-data: 3.2780245235189795
