times:
  edit-metadata: 1.5945906229317188
  landing: 0.8288749679923058
  view-data: 3.5072511732578278
