times:
  edit-metadata: 1.5794798377901316
  landing: 1.284998582676053
  view-data: 3.603849845007062
