times:
  edit-metadata: 1.379908811300993
  landing: 0.0203629769384861
  view-data: 0.42229792941361666
