times:
  edit-metadata: 1.4435359928756952
  landing: 0.7295886781066656
  view-data: 3.3186043817549944
