times:
  edit-metadata: 1.761946152895689
  landing: 1.2236691042780876
  view-data: 3.320291433483362
