times:
  edit-metadata: 1.3051786199212074
  landing: 0.8048911050427705
  view-data: 3.310533842071891
