times:
  edit-metadata: 0.48961135698482394
  landing: 0.08607891900464892
  view-data: 0.18718305602669716
