times:
  edit-metadata: 2.1020968966186047
  landing: 1.129036445170641
  view-data: 3.369606953114271
