times:
  edit-metadata: 1.5517565747722983
  landing: 0.9122158130630851
  view-data: 3.306326695717871
