times:
  edit-metadata: 0.6059872049372643
  landing: 0.08511068695224822
  view-data: 0.25169211416505277
