times:
  edit-metadata: 0.634203925030306
  landing: 0.052986152935773134
  view-data: 0.22216713102534413
