times:
  edit-metadata: 0.5974454800016247
  landing: 0.08005347900325432
  view-data: 0.22150243699434213
