times:
  edit-metadata: 1.4590964671224356
  landing: 0.023043163120746613
  view-data: 0.26173526234924793
