times:
  edit-metadata: 4.875445004552603
  landing: 2.487939555197954
  view-data: 3.6125178076326847
