times:
  edit-metadata: 0.4685305771417916
  landing: 0.07173702912405133
  view-data: 0.18891071481630206
