times:
  edit-metadata: 1.3527871742844582
  landing: 0.02029728889465332
  view-data: 0.024329856038093567
