times:
  edit-metadata: 1.4080961775034666
  landing: 0.20471425354480743
  view-data: 0.1485400777310133
