times:
  edit-metadata: 1.6616771072149277
  landing: 0.8579674493521452
  view-data: 3.5225987304002047
