times:
  edit-metadata: 1.4998400136828423
  landing: 0.7128203269094229
  view-data: 3.3553513698279858
