times:
  edit-metadata: 0.9794223289936781
  landing: 0.103711819043383
  view-data: 0.2222905601374805
