times:
  edit-metadata: 1.3256058429833502
  landing: 0.7323530109133571
  view-data: 3.2938584010116756
