times:
  edit-metadata: 1.4208250269293785
  landing: 0.12992584519088268
  view-data: 0.2997568678110838
