times:
  edit-metadata: 1.4736343398690224
  landing: 0.024012727662920952
  view-data: 0.02441289648413658
