times:
  edit-metadata: 0.5092581220087595
  landing: 0.06801570000243373
  view-data: 0.22348228501505218
