times:
  edit-metadata: 1.5072352215647697
  landing: 0.8089348711073399
  view-data: 3.3866711668670177
