times:
  edit-metadata: 1.3525713356211782
  landing: 0.022997782565653324
  view-data: 0.2296718005090952
