times:
  edit-metadata: 1.3557569179683924
  landing: 0.021899928338825703
  view-data: 0.02566227875649929
