times:
  edit-metadata: 0.6266144528053701
  landing: 0.11052600387483835
  view-data: 0.20468823798000813
