times:
  edit-metadata: 1.4448052570223808
  landing: 0.877686120569706
  view-data: 3.2826976142823696
