times:
  edit-metadata: 1.52593632042408
  landing: 0.8058193773031235
  view-data: 3.3920619059354067
