times:
  edit-metadata: 0.48467577574774623
  landing: 0.06808872614055872
  view-data: 0.1978419260121882
