times:
  edit-metadata: 1.36413309071213
  landing: 0.09648615587502718
  view-data: 0.12215385213494301
