times:
  edit-metadata: 1.5585087900981307
  landing: 0.9177989596500993
  view-data: 3.4592751944437623
