times:
  edit-metadata: 0.7120729428716004
  landing: 0.12718300009146333
  view-data: 0.21476095588877797
