times:
  edit-metadata: 1.3937829844653606
  landing: 0.903182864189148
  view-data: 3.3312642574310303
