times:
  edit-metadata: 1.350891700014472
  landing: 0.12667755596339703
  view-data: 0.022034775465726852
