times:
  edit-metadata: 0.5778143838979304
  landing: 0.07690175902098417
  view-data: 0.22889159200713038
