times:
  edit-metadata: 1.4586293241009116
  landing: 0.8165117772296071
  view-data: 3.349099390208721
