times:
  edit-metadata: 0.6176133819972165
  landing: 0.10946500700083561
  view-data: 0.25824550198740326
