times:
  edit-metadata: 0.5059373970143497
  landing: 0.07170662377029657
  view-data: 0.19409813405945897
