times:
  edit-metadata: 1.4585339203476906
  landing: 0.893285483121872
  view-data: 3.353749595582485
