times:
  edit-metadata: 1.4493462848477066
  landing: 0.8247859310358763
  view-data: 3.3364563900977373
