times:
  edit-metadata: 0.5022313399240375
  landing: 0.07369809364899993
  view-data: 0.2039371021091938
