times:
  edit-metadata: 1.3806626554578543
  landing: 0.022220181301236153
  view-data: 0.02705998346209526
