times:
  edit-metadata: 1.4724347218871117
  landing: 0.9485730975866318
  view-data: 3.290469206869602
