times:
  edit-metadata: 1.4994486793875694
  landing: 1.0010560527443886
  view-data: 3.27076593413949
