times:
  edit-metadata: 2.249843366444111
  landing: 0.9742746390402317
  view-data: 3.439105048775673
