times:
  edit-metadata: 1.3899183720350266
  landing: 0.8120707646012306
  view-data: 3.491722986102104
