times:
  edit-metadata: 1.4019977450370789
  landing: 0.8437085300683975
  view-data: 3.338941168040037
