times:
  edit-metadata: 2.1287822872400284
  landing: 1.4986922219395638
  view-data: 3.66946230083704
