times:
  edit-metadata: 1.9489371627569199
  landing: 1.0649532303214073
  view-data: 3.4386644288897514
