times:
  edit-metadata: 1.5439459644258022
  landing: 0.8208021521568298
  view-data: 3.285056684166193
