times:
  edit-metadata: 1.3851520791649818
  landing: 0.8435370922088623
  view-data: 3.4995665475726128
