times:
  edit-metadata: 1.5905085429549217
  landing: 0.8810218572616577
  view-data: 3.3277555406093597
