times:
  edit-metadata: 2.009107396006584
  landing: 1.0265638306736946
  view-data: 3.343743771314621
