times:
  edit-metadata: 1.5705036148428917
  landing: 0.9030869267880917
  view-data: 3.308266054838896
