times:
  edit-metadata: 1.455789990723133
  landing: 0.8330579623579979
  view-data: 3.4600507393479347
