times:
  edit-metadata: 1.477898433804512
  landing: 0.8942870199680328
  view-data: 3.349283330142498
