times:
  edit-metadata: 1.3982965648174286
  landing: 0.8189506344497204
  view-data: 3.2746142968535423
