times:
  edit-metadata: 1.322862409055233
  landing: 0.7728394344449043
  view-data: 3.481565847992897
