times:
  edit-metadata: 1.668242298066616
  landing: 0.9522970393300056
  view-data: 3.817036457359791
