times:
  edit-metadata: 1.4220776408910751
  landing: 0.8010367006063461
  view-data: 3.4019081220030785
