times:
  edit-metadata: 1.4641535021364689
  landing: 0.8606051690876484
  view-data: 3.2714586034417152
