times:
  edit-metadata: 1.3996366150677204
  landing: 0.8311389684677124
  view-data: 3.2518599182367325
