times:
  edit-metadata: 1.3590331450104713
  landing: 0.8934531360864639
  view-data: 3.2945860996842384
