times:
  edit-metadata: 1.4144740365445614
  landing: 0.7992459498345852
  view-data: 3.3209185674786568
