times:
  edit-metadata: 1.5093797408044338
  landing: 0.9473269358277321
  view-data: 3.3200784884393215
