times:
  edit-metadata: 1.3920766562223434
  landing: 0.8079069182276726
  view-data: 3.3061525747179985
