times:
  edit-metadata: 1.9197275564074516
  landing: 1.04427869617939
  view-data: 3.371249169111252
