times:
  edit-metadata: 2.2042382434010506
  landing: 1.2057376876473427
  view-data: 3.504836469888687
