times:
  edit-metadata: 1.471225693821907
  landing: 0.8747626766562462
  view-data: 3.516198992729187
