times:
  edit-metadata: 1.450047418475151
  landing: 1.1369070336222649
  view-data: 3.5261795669794083
