times:
  edit-metadata: 1.4544259682297707
  landing: 0.9607211835682392
  view-data: 3.2894393540918827
