times:
  edit-metadata: 1.433336317539215
  landing: 0.9808927923440933
  view-data: 3.5005099698901176
