times:
  edit-metadata: 1.583898276090622
  landing: 0.9230978339910507
  view-data: 3.395019803196192
