times:
  edit-metadata: 1.4386643469333649
  landing: 0.879758894443512
  view-data: 3.377997763454914
