times:
  edit-metadata: 1.5328679978847504
  landing: 0.9816604070365429
  view-data: 3.3067051395773888
