times:
  edit-metadata: 1.7317554578185081
  landing: 1.3549497053027153
  view-data: 3.892263688147068
