times:
  edit-metadata: 1.4643915221095085
  landing: 0.8280855417251587
  view-data: 3.47420185059309
