times:
  edit-metadata: 1.3861136510968208
  landing: 0.9871334806084633
  view-data: 3.465940147638321
