times:
  edit-metadata: 1.531790778040886
  landing: 0.92398801445961
  view-data: 3.353400781750679
