times:
  edit-metadata: 1.344139575958252
  landing: 0.8446622118353844
  view-data: 3.46053796261549
