times:
  edit-metadata: 1.4795899465680122
  landing: 0.9833101779222488
  view-data: 3.3797067925333977
