times:
  edit-metadata: 1.416272398084402
  landing: 0.8791165761649609
  view-data: 3.381759498268366
