times:
  edit-metadata: 1.436194822192192
  landing: 0.983475498855114
  view-data: 3.435788683593273
