times:
  edit-metadata: 1.5078498236835003
  landing: 0.8073233589529991
  view-data: 3.3772148191928864
