times:
  edit-metadata: 1.5262727737426758
  landing: 0.8874186314642429
  view-data: 3.2605560086667538
