times:
  edit-metadata: 2.123882867395878
  landing: 1.4739397168159485
  view-data: 3.429191879928112
