times:
  edit-metadata: 1.4695949144661427
  landing: 0.921044047921896
  view-data: 3.304273843765259
