times:
  edit-metadata: 1.400163248181343
  landing: 0.8786037899553776
  view-data: 3.286883410066366
