times:
  edit-metadata: 1.7255712375044823
  landing: 0.9437836781144142
  view-data: 3.3467301800847054
