times:
  edit-metadata: 1.4996392279863358
  landing: 0.7985032945871353
  view-data: 3.3697371631860733
