times:
  edit-metadata: 1.469700276851654
  landing: 1.042199395596981
  view-data: 3.5373709723353386
