times:
  edit-metadata: 3.027112767100334
  landing: 1.7118332013487816
  view-data: 3.685725212097168
