times:
  edit-metadata: 2.2379362396895885
  landing: 1.313853908330202
  view-data: 3.5529099591076374
