times:
  edit-metadata: 1.5603243559598923
  landing: 0.8506484776735306
  view-data: 3.3887680768966675
