times:
  edit-metadata: 1.3913941234350204
  landing: 0.8351916149258614
  view-data: 3.499987669289112
