times:
  edit-metadata: 1.4406363368034363
  landing: 0.7952534258365631
  view-data: 3.491003818809986
