times:
  edit-metadata: 1.4235277771949768
  landing: 1.0782175585627556
  view-data: 3.5508922040462494
