times:
  edit-metadata: 1.685040108859539
  landing: 1.0817337930202484
  view-data: 3.401573471724987
