times:
  edit-metadata: 1.377105824649334
  landing: 0.8414748832583427
  view-data: 3.482335112988949
