times:
  edit-metadata: 1.4594876766204834
  landing: 0.8183774575591087
  view-data: 3.460015505552292
