times:
  edit-metadata: 1.3858502693474293
  landing: 0.8746669366955757
  view-data: 3.4031095691025257
