times:
  edit-metadata: 1.5799322202801704
  landing: 1.095703825354576
  view-data: 3.513961583375931
