times:
  edit-metadata: 1.4925129488110542
  landing: 0.9199245013296604
  view-data: 3.4168341122567654
