times:
  edit-metadata: 1.4842443279922009
  landing: 1.0797687582671642
  view-data: 3.3804611042141914
