times:
  edit-metadata: 1.397826112806797
  landing: 0.9183673188090324
  view-data: 3.431668445467949
