times:
  edit-metadata: 1.487564355134964
  landing: 0.8813006728887558
  view-data: 3.411461591720581
