times:
  edit-metadata: 1.4290538355708122
  landing: 0.8493129387497902
  view-data: 3.4403202310204506
