times:
  edit-metadata: 1.453537866473198
  landing: 0.9757107868790627
  view-data: 3.438267171382904
