times:
  edit-metadata: 1.5329836197197437
  landing: 0.9345135278999805
  view-data: 3.375628862529993
