times:
  edit-metadata: 1.4503895454108715
  landing: 0.9759838059544563
  view-data: 3.2975651435554028
