times:
  edit-metadata: 1.3356400281190872
  landing: 1.0245067104697227
  view-data: 3.352413058280945
