times:
  edit-metadata: 1.5197646543383598
  landing: 0.7966508790850639
  view-data: 3.4092249125242233
