times:
  edit-metadata: 1.4041177183389664
  landing: 0.8947442844510078
  view-data: 3.4468642994761467
