times:
  edit-metadata: 1.6468882858753204
  landing: 0.9521410688757896
  view-data: 3.31326674669981
