times:
  edit-metadata: 1.4051753282546997
  landing: 0.7909550592303276
  view-data: 3.509254105389118
