times:
  edit-metadata: 1.3936871588230133
  landing: 0.8000390902161598
  view-data: 3.2435366213321686
