times:
  edit-metadata: 1.4748504906892776
  landing: 0.938491627573967
  view-data: 3.336084760725498
