times:
  edit-metadata: 2.1245018988847733
  landing: 1.4480614438652992
  view-data: 3.43949618935585
