times:
  edit-metadata: 1.393796980381012
  landing: 1.1038635671138763
  view-data: 3.2964646592736244
