times:
  edit-metadata: 1.4743971191346645
  landing: 0.796263825148344
  view-data: 3.3959608525037766
