times:
  edit-metadata: 1.3823837339878082
  landing: 0.9525384679436684
  view-data: 3.3498193994164467
