times:
  edit-metadata: 1.3736254647374153
  landing: 0.9251425340771675
  view-data: 3.4760216623544693
