times:
  edit-metadata: 1.3602999225258827
  landing: 0.8808006122708321
  view-data: 3.3253835923969746
