times:
  edit-metadata: 1.485233634710312
  landing: 0.8613373041152954
  view-data: 3.4437642842531204
