times:
  edit-metadata: 1.436122126877308
  landing: 0.956060916185379
  view-data: 3.3180839121341705
