times:
  edit-metadata: 2.1390154734253883
  landing: 1.323953166604042
  view-data: 3.7315716445446014
