times:
  edit-metadata: 1.5264781937003136
  landing: 0.9209270253777504
  view-data: 3.349617410451174
