times:
  edit-metadata: 1.4436481893062592
  landing: 0.832342118024826
  view-data: 3.3705521300435066
