times:
  edit-metadata: 1.8335639461874962
  landing: 1.0042093582451344
  view-data: 3.398462124168873
