times:
  edit-metadata: 1.9807576835155487
  landing: 1.1937133818864822
  view-data: 3.8063583076000214
