times:
  edit-metadata: 1.459473393857479
  landing: 0.9669701159000397
  view-data: 3.3788595646619797
