times:
  edit-metadata: 1.5212847851216793
  landing: 1.030579935759306
  view-data: 3.307302724570036
