times:
  edit-metadata: 1.5846753120422363
  landing: 1.2218618094921112
  view-data: 3.342226054519415
