times:
  edit-metadata: 1.532021589577198
  landing: 1.0885314121842384
  view-data: 3.286403998732567
