times:
  edit-metadata: 1.523108921945095
  landing: 0.8412715867161751
  view-data: 3.514895983040333
