times:
  edit-metadata: 1.437324620783329
  landing: 0.9543795622885227
  view-data: 3.3158538676798344
