times:
  edit-metadata: 1.4526434279978275
  landing: 0.8937215618789196
  view-data: 3.3420115895569324
