times:
  edit-metadata: 1.4458426907658577
  landing: 0.8241129592061043
  view-data: 3.421885311603546
