times:
  edit-metadata: 1.3926607444882393
  landing: 0.9963937699794769
  view-data: 3.444972313940525
