times:
  edit-metadata: 1.4001855254173279
  landing: 1.0702856220304966
  view-data: 3.3152401223778725
