times:
  edit-metadata: 1.4598066061735153
  landing: 0.8883033581078053
  view-data: 3.330097656697035
