times:
  edit-metadata: 1.4191973581910133
  landing: 0.8717145472764969
  view-data: 3.3997876420617104
