times:
  edit-metadata: 1.5175812914967537
  landing: 0.9423727467656136
  view-data: 3.3359653502702713
