times:
  edit-metadata: 1.4561604000627995
  landing: 0.9583238326013088
  view-data: 3.329862341284752
