times:
  edit-metadata: 1.4813028648495674
  landing: 0.968377910554409
  view-data: 3.4233723506331444
