times:
  edit-metadata: 1.433146983385086
  landing: 0.8885932080447674
  view-data: 3.3359846472740173
