times:
  edit-metadata: 1.5233989357948303
  landing: 0.917415127158165
  view-data: 3.49272321164608
