times:
  edit-metadata: 1.4752206429839134
  landing: 0.8582470566034317
  view-data: 3.4421928450465202
