times:
  edit-metadata: 1.4230303391814232
  landing: 0.8765128925442696
  view-data: 3.390427388250828
