times:
  edit-metadata: 1.7169178053736687
  landing: 0.8464423939585686
  view-data: 3.420529656112194
