times:
  edit-metadata: 1.5162756145000458
  landing: 0.9084120616316795
  view-data: 3.507739119231701
