times:
  edit-metadata: 1.4421730935573578
  landing: 0.9144945219159126
  view-data: 3.4301910921931267
