times:
  edit-metadata: 1.3766369223594666
  landing: 0.8786129578948021
  view-data: 3.431313768029213
