times:
  edit-metadata: 1.5195052549242973
  landing: 0.9337089359760284
  view-data: 3.397914744913578
