times:
  edit-metadata: 1.5081637278199196
  landing: 1.1616134718060493
  view-data: 3.4117870777845383
