times:
  edit-metadata: 1.3758022896945477
  landing: 0.8863733187317848
  view-data: 3.317051261663437
