times:
  edit-metadata: 1.5144476555287838
  landing: 0.7717700637876987
  view-data: 3.2774210050702095
