times:
  edit-metadata: 1.7273556888103485
  landing: 0.8614891543984413
  view-data: 3.3443213552236557
