times:
  edit-metadata: 1.576966568827629
  landing: 0.8578005582094193
  view-data: 3.326612211763859
