times:
  edit-metadata: 1.4496435821056366
  landing: 0.9397838748991489
  view-data: 3.3166409879922867
