times:
  edit-metadata: 1.5075136050581932
  landing: 0.9977306351065636
  view-data: 3.517093390226364
