times:
  edit-metadata: 1.441265195608139
  landing: 0.9010218977928162
  view-data: 3.3522148579359055
