times:
  edit-metadata: 1.5163192972540855
  landing: 0.9956790879368782
  view-data: 3.3033932372927666
