times:
  edit-metadata: 1.8094257973134518
  landing: 1.3534796945750713
  view-data: 3.3458492942154408
