times:
  edit-metadata: 1.514856569468975
  landing: 0.86965162307024
  view-data: 3.389613401144743
