times:
  edit-metadata: 3.0968445502221584
  landing: 1.7644626200199127
  view-data: 3.50068137422204
