times:
  edit-metadata: 1.5663695633411407
  landing: 0.9679941758513451
  view-data: 3.4043849632143974
