times:
  edit-metadata: 1.5877237915992737
  landing: 1.031174086034298
  view-data: 3.352993879467249
