times:
  edit-metadata: 1.5176351517438889
  landing: 0.8579572886228561
  view-data: 3.3668633326888084
