times:
  edit-metadata: 1.5219805017113686
  landing: 1.0308818481862545
  view-data: 3.387605506926775
