times:
  edit-metadata: 1.981675025075674
  landing: 1.0068694464862347
  view-data: 3.421910561621189
