times:
  edit-metadata: 1.4618296474218369
  landing: 0.8658581078052521
  view-data: 3.4622634276747704
