times:
  edit-metadata: 1.4938399940729141
  landing: 0.802415631711483
  view-data: 3.505362719297409
