times:
  edit-metadata: 1.4490529298782349
  landing: 1.1776446774601936
  view-data: 3.460178069770336
