times:
  edit-metadata: 1.419404312968254
  landing: 0.9312668889760971
  view-data: 3.3660695254802704
