times:
  edit-metadata: 1.4722279608249664
  landing: 0.9490677490830421
  view-data: 3.506268873810768
