times:
  edit-metadata: 1.565432719886303
  landing: 0.9306303039193153
  view-data: 3.3378564715385437
