times:
  edit-metadata: 1.517816573381424
  landing: 0.8045578002929688
  view-data: 3.49542248994112
