times:
  edit-metadata: 1.5063140094280243
  landing: 0.8870296478271484
  view-data: 3.440858967602253
