times:
  edit-metadata: 2.292259953916073
  landing: 1.3013444170355797
  view-data: 3.6354988887906075
