times:
  edit-metadata: 1.5075394213199615
  landing: 0.7585503309965134
  view-data: 3.5023360028862953
