times:
  edit-metadata: 1.5121127516031265
  landing: 0.8852378278970718
  view-data: 3.3034079149365425
