times:
  edit-metadata: 1.4509257562458515
  landing: 0.9276798106729984
  view-data: 3.3910171166062355
