times:
  edit-metadata: 1.5673648677766323
  landing: 0.8685355484485626
  view-data: 3.790497038513422
