times:
  edit-metadata: 1.6073409989476204
  landing: 1.0042548105120659
  view-data: 3.3338307067751884
