times:
  edit-metadata: 1.4504324905574322
  landing: 0.8672917485237122
  view-data: 3.2861438617110252
