times:
  edit-metadata: 1.4088295847177505
  landing: 0.8737194314599037
  view-data: 3.4211850687861443
