times:
  edit-metadata: 1.513892874121666
  landing: 0.8853859007358551
  view-data: 3.4911974146962166
