times:
  edit-metadata: 1.4098023921251297
  landing: 0.952719047665596
  view-data: 3.468021295964718
