times:
  edit-metadata: 1.345469906926155
  landing: 1.065574698150158
  view-data: 3.450842462480068
