times:
  edit-metadata: 1.4484899044036865
  landing: 0.7556184083223343
  view-data: 3.4783701226115227
