times:
  edit-metadata: 1.3752822764217854
  landing: 0.781614888459444
  view-data: 3.3300205431878567
