times:
  edit-metadata: 1.4057689979672432
  landing: 0.7400416433811188
  view-data: 3.449397064745426
