times:
  edit-metadata: 1.4269583001732826
  landing: 0.7566174790263176
  view-data: 3.3487035930156708
