times:
  edit-metadata: 1.4470615461468697
  landing: 0.8603742010891438
  view-data: 3.3761677145957947
