times:
  edit-metadata: 1.3874148279428482
  landing: 0.9020961299538612
  view-data: 3.346953123807907
