times:
  edit-metadata: 1.3330437317490578
  landing: 0.6482255980372429
  view-data: 3.48368501663208
