times:
  edit-metadata: 1.3945359960198402
  landing: 0.8375031054019928
  view-data: 3.304218988865614
