times:
  edit-metadata: 1.3375151120126247
  landing: 0.8767491355538368
  view-data: 3.2757419534027576
