times:
  edit-metadata: 1.645192451775074
  landing: 0.7510788962244987
  view-data: 3.6339357495307922
