times:
  edit-metadata: 1.5521909967064857
  landing: 0.8219425827264786
  view-data: 3.2962538674473763
