times:
  edit-metadata: 1.3154286891222
  landing: 0.823601745069027
  view-data: 3.3298135101795197
