times:
  edit-metadata: 1.5040691196918488
  landing: 0.844731442630291
  view-data: 3.3340690210461617
