times:
  edit-metadata: 1.3494970761239529
  landing: 0.8454210683703423
  view-data: 3.2907265350222588
