times:
  edit-metadata: 1.430176392197609
  landing: 0.7740039005875587
  view-data: 3.320514500141144
