times:
  edit-metadata: 1.4784383438527584
  landing: 0.7499345131218433
  view-data: 3.265333116054535
