times:
  edit-metadata: 1.608470432460308
  landing: 0.7684388756752014
  view-data: 3.306267812848091
