times:
  edit-metadata: 1.3539981171488762
  landing: 0.6932977735996246
  view-data: 3.4863798171281815
