times:
  edit-metadata: 1.4273116439580917
  landing: 0.815338384360075
  view-data: 3.3213543109595776
