times:
  edit-metadata: 1.4280407056212425
  landing: 0.8201155103743076
  view-data: 3.335743561387062
