times:
  edit-metadata: 1.620607927441597
  landing: 0.9755612760782242
  view-data: 3.3531606793403625
