times:
  edit-metadata: 1.534488271921873
  landing: 0.8522850014269352
  view-data: 3.4241880141198635
