times:
  edit-metadata: 1.4716470316052437
  landing: 0.8001781105995178
  view-data: 3.3280346393585205
