times:
  edit-metadata: 1.487773209810257
  landing: 0.8805945739150047
  view-data: 3.335078828036785
