times:
  edit-metadata: 1.3477213121950626
  landing: 0.7885760329663754
  view-data: 3.2766366489231586
