times:
  edit-metadata: 1.3869264796376228
  landing: 0.7864425107836723
  view-data: 3.5425326749682426
