times:
  edit-metadata: 1.3905554711818695
  landing: 0.8030430562794209
  view-data: 3.2715981230139732
