times:
  edit-metadata: 1.4219475984573364
  landing: 0.7477395087480545
  view-data: 3.5182234942913055
