times:
  edit-metadata: 1.7966459766030312
  landing: 1.279687773436308
  view-data: 3.328194223344326
