times:
  edit-metadata: 1.4659060463309288
  landing: 0.8848614692687988
  view-data: 3.297162562608719
