times:
  edit-metadata: 1.5106688439846039
  landing: 0.8083556517958641
  view-data: 3.3838038742542267
