times:
  edit-metadata: 1.4089872874319553
  landing: 0.7795602381229401
  view-data: 3.331542953848839
