times:
  edit-metadata: 1.4806408286094666
  landing: 0.7262568026781082
  view-data: 3.5787091329693794
