times:
  edit-metadata: 1.4918339997529984
  landing: 0.7653734721243382
  view-data: 3.326746728271246
