times:
  edit-metadata: 1.6136502623558044
  landing: 0.8097005560994148
  view-data: 3.307360589504242
