times:
  edit-metadata: 1.34128075838089
  landing: 1.0249692127108574
  view-data: 3.4227386191487312
