times:
  edit-metadata: 1.441167674958706
  landing: 0.8134614154696465
  view-data: 3.336583748459816
