times:
  edit-metadata: 1.4943693056702614
  landing: 0.8613221943378448
  view-data: 3.4235210344195366
