times:
  edit-metadata: 1.3639728650450706
  landing: 0.8636871241033077
  view-data: 3.2864233553409576
