times:
  edit-metadata: 1.3800141513347626
  landing: 0.7666144892573357
  view-data: 3.4030335173010826
