times:
  edit-metadata: 1.6478793062269688
  landing: 0.9072172120213509
  view-data: 3.521223619580269
