times:
  edit-metadata: 1.410155214369297
  landing: 0.7181747108697891
  view-data: 3.4970435723662376
