times:
  edit-metadata: 1.6362199634313583
  landing: 0.8817118927836418
  view-data: 3.4508197978138924
