times:
  edit-metadata: 1.4441132247447968
  landing: 0.7057618573307991
  view-data: 3.4252450317144394
