times:
  edit-metadata: 1.4008220210671425
  landing: 1.0567642599344254
  view-data: 3.6277544647455215
