times:
  edit-metadata: 1.3758180774748325
  landing: 0.7726869359612465
  view-data: 3.2600893303751945
