times:
  edit-metadata: 2.7420725896954536
  landing: 1.1007408201694489
  view-data: 3.7543106451630592
