times:
  edit-metadata: 1.4484242871403694
  landing: 0.858611486852169
  view-data: 3.3144717514514923
