times:
  edit-metadata: 1.7064275927841663
  landing: 1.0321119539439678
  view-data: 3.3008671551942825
