times:
  edit-metadata: 1.4552697762846947
  landing: 0.835920087993145
  view-data: 3.46389502286911
