times:
  edit-metadata: 1.535450678318739
  landing: 0.7721483707427979
  view-data: 3.290232252329588
