times:
  edit-metadata: 1.4640709906816483
  landing: 1.1927756518125534
  view-data: 3.410867676138878
