times:
  edit-metadata: 1.6344601139426231
  landing: 0.9820018112659454
  view-data: 3.349781781435013
