times:
  edit-metadata: 1.8981325030326843
  landing: 1.3383526094257832
  view-data: 3.5216802097857
