times:
  edit-metadata: 1.440804585814476
  landing: 0.8343529626727104
  view-data: 3.4258997067809105
