times:
  edit-metadata: 1.9874582216143608
  landing: 1.4258850887417793
  view-data: 3.492693841457367
