times:
  edit-metadata: 1.5313057005405426
  landing: 0.8261422142386436
  view-data: 3.3344728723168373
