times:
  edit-metadata: 2.114293146878481
  landing: 0.7458527274429798
  view-data: 3.6069370955228806
