times:
  edit-metadata: 1.4140062779188156
  landing: 0.9662366807460785
  view-data: 3.5046265721321106
