times:
  edit-metadata: 1.3876695856451988
  landing: 0.7047462090849876
  view-data: 3.3281200155615807
