times:
  edit-metadata: 1.4927367120981216
  landing: 0.85361747443676
  view-data: 3.5667866617441177
