times:
  edit-metadata: 1.3361165225505829
  landing: 0.7530223205685616
  view-data: 3.4929245710372925
