times:
  edit-metadata: 1.511577032506466
  landing: 0.8108709007501602
  view-data: 3.56512201577425
