times:
  edit-metadata: 1.437166292220354
  landing: 0.8084611035883427
  view-data: 3.395540948957205
