times:
  edit-metadata: 1.4776536375284195
  landing: 0.8686067089438438
  view-data: 3.291654512286186
