times:
  edit-metadata: 1.5301026478409767
  landing: 0.7512861713767052
  view-data: 3.4164179489016533
