times:
  edit-metadata: 1.3546743839979172
  landing: 0.8007769957184792
  view-data: 3.45784293115139
