times:
  edit-metadata: 1.7593031153082848
  landing: 1.1482130512595177
  view-data: 3.5098383128643036
