times:
  edit-metadata: 1.3721718862652779
  landing: 0.7265007123351097
  view-data: 3.522865355014801
