times:
  edit-metadata: 1.3880461528897285
  landing: 0.7345585040748119
  view-data: 3.29372550919652
