times:
  edit-metadata: 1.3894683346152306
  landing: 0.9046734124422073
  view-data: 3.4262389466166496
