times:
  edit-metadata: 2.098728582262993
  landing: 1.3295510224997997
  view-data: 3.6137160509824753
