times:
  edit-metadata: 1.8149419724941254
  landing: 0.9832672327756882
  view-data: 3.6278978660702705
