times:
  edit-metadata: 1.4750105179846287
  landing: 0.8834615536034107
  view-data: 3.4062082022428513
