times:
  edit-metadata: 1.6588551327586174
  landing: 0.7880395725369453
  view-data: 3.7571037635207176
