times:
  edit-metadata: 1.3903036415576935
  landing: 0.7931751906871796
  view-data: 3.382212683558464
