times:
  edit-metadata: 1.8117618523538113
  landing: 0.919225424528122
  view-data: 3.3653141856193542
