times:
  edit-metadata: 1.5104023963212967
  landing: 0.9484272599220276
  view-data: 3.36137917265296
