times:
  edit-metadata: 2.0351534225046635
  landing: 1.6420207284390926
  view-data: 3.484448492527008
