times:
  edit-metadata: 1.507091909646988
  landing: 0.7895485088229179
  view-data: 3.5504217594861984
