times:
  edit-metadata: 1.3281414583325386
  landing: 0.7488532699644566
  view-data: 3.398293487727642
