times:
  edit-metadata: 1.4041361659765244
  landing: 0.974630206823349
  view-data: 3.807418704032898
