times:
  edit-metadata: 1.3879833742976189
  landing: 0.7943601086735725
  view-data: 3.3065605387091637
