times:
  edit-metadata: 1.423496164381504
  landing: 0.7752026617527008
  view-data: 3.5433067232370377
