times:
  edit-metadata: 1.3982254192233086
  landing: 0.7532170936465263
  view-data: 3.494997628033161
