times:
  edit-metadata: 1.4213245064020157
  landing: 0.7347488701343536
  view-data: 3.4731081798672676
