times:
  edit-metadata: 1.4712086394429207
  landing: 0.8210420832037926
  view-data: 3.3238354697823524
