times:
  edit-metadata: 1.5676748268306255
  landing: 0.8749074712395668
  view-data: 3.380240011960268
