times:
  edit-metadata: 1.4099745601415634
  landing: 0.7408999055624008
  view-data: 3.464472658932209
