times:
  edit-metadata: 1.3537689112126827
  landing: 0.7485943026840687
  view-data: 3.429396115243435
