times:
  edit-metadata: 1.441829040646553
  landing: 0.8721433058381081
  view-data: 3.474949136376381
