times:
  edit-metadata: 1.4388162195682526
  landing: 0.7217244654893875
  view-data: 3.5235780104994774
