times:
  edit-metadata: 1.380906194448471
  landing: 0.7800797075033188
  view-data: 3.4551441073417664
