times:
  edit-metadata: 1.493130549788475
  landing: 0.8642225116491318
  view-data: 3.44220070540905
