times:
  edit-metadata: 1.5543442256748676
  landing: 0.8317324966192245
  view-data: 3.294175047427416
