times:
  edit-metadata: 1.3499529883265495
  landing: 0.8317921459674835
  view-data: 3.4309544041752815
