times:
  edit-metadata: 1.5507606528699398
  landing: 0.8454897627234459
  view-data: 3.278479229658842
