times:
  edit-metadata: 1.444479838013649
  landing: 0.8781975209712982
  view-data: 3.500969260931015
