times:
  edit-metadata: 1.344763234257698
  landing: 0.7854765877127647
  view-data: 3.467225916683674
