times:
  edit-metadata: 1.3750320747494698
  landing: 0.7620628997683525
  view-data: 3.5612906590104103
