times:
  edit-metadata: 2.2731784619390965
  landing: 1.1672171838581562
  view-data: 3.382671933621168
