times:
  edit-metadata: 1.5039772726595402
  landing: 1.0009706690907478
  view-data: 3.376692272722721
