times:
  edit-metadata: 1.521819792687893
  landing: 0.8974526524543762
  view-data: 3.472091317176819
