times:
  edit-metadata: 1.7655630186200142
  landing: 1.0241199657320976
  view-data: 3.373966448009014
