times:
  edit-metadata: 1.3578696548938751
  landing: 0.7596433237195015
  view-data: 3.336830571293831
