times:
  edit-metadata: 1.4045802727341652
  landing: 0.9206264913082123
  view-data: 3.3128715939819813
