times:
  edit-metadata: 1.39525480940938
  landing: 0.8372574299573898
  view-data: 3.3232658989727497
