times:
  edit-metadata: 1.4752952381968498
  landing: 1.110384188592434
  view-data: 3.5228262692689896
