times:
  edit-metadata: 1.5138062946498394
  landing: 0.8665138892829418
  view-data: 3.3482034504413605
