times:
  edit-metadata: 2.141499973833561
  landing: 1.419874146580696
  view-data: 3.6394526660442352
