times:
  edit-metadata: 1.62770227342844
  landing: 0.8476402312517166
  view-data: 3.573037840425968
