times:
  edit-metadata: 1.474896378815174
  landing: 0.786087155342102
  view-data: 3.2981578558683395
