times:
  edit-metadata: 1.3437249138951302
  landing: 0.8852554485201836
  view-data: 3.2774335332214832
