times:
  edit-metadata: 1.458588369190693
  landing: 0.7619348093867302
  view-data: 3.4470037445425987
