times:
  edit-metadata: 1.4106167182326317
  landing: 0.8174261450767517
  view-data: 3.3163716718554497
