times:
  edit-metadata: 1.3341748788952827
  landing: 0.690875381231308
  view-data: 3.432048462331295
