times:
  edit-metadata: 1.5451896339654922
  landing: 0.9086825773119926
  view-data: 3.3534413501620293
