times:
  edit-metadata: 1.4379491992294788
  landing: 0.8573851622641087
  view-data: 3.328438561409712
