times:
  edit-metadata: 1.5195432603359222
  landing: 0.787907388061285
  view-data: 3.2977521419525146
