times:
  edit-metadata: 1.4061668142676353
  landing: 0.7870992943644524
  view-data: 3.3551752120256424
