times:
  edit-metadata: 1.3771244212985039
  landing: 0.735384825617075
  view-data: 3.3728338591754436
