times:
  edit-metadata: 1.4369232840836048
  landing: 0.7990835048258305
  view-data: 3.343658998608589
