times:
  edit-metadata: 1.4986810684204102
  landing: 0.8197476789355278
  view-data: 3.6317016184329987
