times:
  edit-metadata: 1.3685003072023392
  landing: 0.713463120162487
  view-data: 3.5062716752290726
