times:
  edit-metadata: 1.5198961272835732
  landing: 0.7149283438920975
  view-data: 3.4816866889595985
