times:
  edit-metadata: 1.4724108688533306
  landing: 0.7120186686515808
  view-data: 3.2882612124085426
