times:
  edit-metadata: 1.5474150031805038
  landing: 0.8253480494022369
  view-data: 3.436834529042244
