times:
  edit-metadata: 1.4554390460252762
  landing: 1.0509266704320908
  view-data: 3.3848344832658768
