times:
  edit-metadata: 1.35142083466053
  landing: 0.8198904916644096
  view-data: 3.379709981381893
