times:
  edit-metadata: 1.4829282686114311
  landing: 0.8408928215503693
  view-data: 3.321876235306263
