times:
  edit-metadata: 1.492309808731079
  landing: 0.7760897129774094
  view-data: 3.501225672662258
