times:
  edit-metadata: 1.8314077109098434
  landing: 1.2168928310275078
  view-data: 3.4800611957907677
