times:
  edit-metadata: 2.0247974917292595
  landing: 1.1091307252645493
  view-data: 3.96991129219532
