times:
  edit-metadata: 1.4462971538305283
  landing: 0.7987890020012856
  view-data: 3.463958226144314
