times:
  edit-metadata: 1.4739300087094307
  landing: 0.7274447083473206
  view-data: 3.4978576079010963
