times:
  edit-metadata: 1.4848609417676926
  landing: 1.1198482438921928
  view-data: 3.8003164380788803
