times:
  edit-metadata: 1.4523079842329025
  landing: 0.7188896164298058
  view-data: 3.4880017414689064
