times:
  edit-metadata: 1.4171472005546093
  landing: 0.8583727106451988
  view-data: 3.342906553298235
