times:
  edit-metadata: 1.4243370741605759
  landing: 0.8620791658759117
  view-data: 3.509012408554554
