times:
  edit-metadata: 1.3949712738394737
  landing: 0.7573396936058998
  view-data: 3.4854296296834946
