times:
  edit-metadata: 1.4766754657030106
  landing: 0.8468261957168579
  view-data: 3.3195385113358498
