times:
  edit-metadata: 1.410081408917904
  landing: 0.7191957458853722
  view-data: 3.4466315284371376
