times:
  edit-metadata: 1.4134918972849846
  landing: 0.8177693858742714
  view-data: 3.2973515689373016
