times:
  edit-metadata: 1.406738243997097
  landing: 0.7719966024160385
  view-data: 3.3267755806446075
