times:
  edit-metadata: 1.7037807703018188
  landing: 0.7134851515293121
  view-data: 3.4518773779273033
