times:
  edit-metadata: 1.7418213114142418
  landing: 1.4397358782589436
  view-data: 3.5110852420330048
