times:
  edit-metadata: 1.2365840002894402
  landing: 0.8973541632294655
  view-data: 3.412313014268875
