times:
  edit-metadata: 1.340865582227707
  landing: 0.7783424183726311
  view-data: 3.4654258862137794
