times:
  edit-metadata: 1.4769127294421196
  landing: 0.8234881460666656
  view-data: 3.370007313787937
