times:
  edit-metadata: 1.3681019097566605
  landing: 0.7977526150643826
  view-data: 3.306570041924715
