times:
  edit-metadata: 1.3773052543401718
  landing: 0.8981377594172955
  view-data: 3.3001152761280537
