times:
  edit-metadata: 1.4862336665391922
  landing: 0.7758463323116302
  view-data: 3.5580131262540817
