times:
  edit-metadata: 1.5121349766850471
  landing: 0.7432229928672314
  view-data: 3.3038439750671387
