times:
  edit-metadata: 1.4874397814273834
  landing: 0.8038359396159649
  view-data: 3.3490553610026836
