times:
  edit-metadata: 2.1660429015755653
  landing: 0.8783331289887428
  view-data: 3.652740962803364
