times:
  edit-metadata: 1.5033428072929382
  landing: 0.7706156745553017
  view-data: 3.5356159061193466
