times:
  edit-metadata: 1.4202960133552551
  landing: 0.7709247693419456
  view-data: 3.3059199452400208
