times:
  edit-metadata: 1.496420282870531
  landing: 0.964828360825777
  view-data: 3.3049517571926117
