times:
  edit-metadata: 1.4574296697974205
  landing: 0.8284021131694317
  view-data: 3.321385186165571
