times:
  edit-metadata: 1.3489562645554543
  landing: 0.7004648894071579
  view-data: 3.525815561413765
