times:
  edit-metadata: 1.423309974372387
  landing: 0.8566800281405449
  view-data: 3.33652064204216
