times:
  edit-metadata: 1.3956553861498833
  landing: 0.8201903849840164
  view-data: 3.302813269197941
