times:
  edit-metadata: 1.467202052474022
  landing: 0.8710803762078285
  view-data: 3.5084512680768967
