times:
  edit-metadata: 1.375301755964756
  landing: 0.7883118167519569
  view-data: 3.573214590549469
