times:
  edit-metadata: 1.5075468346476555
  landing: 0.8188252449035645
  view-data: 3.450601890683174
