times:
  edit-metadata: 1.6903205886483192
  landing: 0.7622612863779068
  view-data: 3.420367829501629
