times:
  edit-metadata: 1.5513123720884323
  landing: 0.852515235543251
  view-data: 3.273402750492096
