times:
  edit-metadata: 1.4257262200117111
  landing: 0.7243486195802689
  view-data: 3.316827803850174
