times:
  edit-metadata: 1.4738494008779526
  landing: 0.8055459707975388
  view-data: 3.4515082761645317
