times:
  edit-metadata: 1.4917688965797424
  landing: 0.7966557964682579
  view-data: 3.4893124997615814
