times:
  edit-metadata: 1.427862748503685
  landing: 0.7257330194115639
  view-data: 3.469974622130394
