times:
  edit-metadata: 1.3979561738669872
  landing: 0.8196865096688271
  view-data: 3.3422895930707455
