times:
  edit-metadata: 1.4614664129912853
  landing: 0.8261699862778187
  view-data: 3.358762312680483
