times:
  edit-metadata: 1.3981008306145668
  landing: 0.8144146054983139
  view-data: 3.476959265768528
