times:
  edit-metadata: 1.766267590224743
  landing: 0.8804772198200226
  view-data: 3.3465941846370697
