times:
  edit-metadata: 1.9212701991200447
  landing: 1.0394073873758316
  view-data: 3.509072482585907
