times:
  edit-metadata: 1.4927963428199291
  landing: 0.8525968454778194
  view-data: 3.322447754442692
