times:
  edit-metadata: 1.528290830552578
  landing: 1.0940706059336662
  view-data: 3.691491059958935
