times:
  edit-metadata: 1.5983170568943024
  landing: 0.9820991419255733
  view-data: 3.310169916599989
