times:
  edit-metadata: 1.412624679505825
  landing: 0.8257488235831261
  view-data: 3.394323594868183
