times:
  edit-metadata: 1.5177760273218155
  landing: 0.7807750552892685
  view-data: 3.5142503678798676
