times:
  edit-metadata: 1.7937022261321545
  landing: 1.168622963130474
  view-data: 3.5365883596241474
