times:
  edit-metadata: 1.5633228570222855
  landing: 0.9289624765515327
  view-data: 3.5794647485017776
