times:
  edit-metadata: 1.9209371022880077
  landing: 0.8290177881717682
  view-data: 0.4838862530887127
