times:
  edit-metadata: 1.7375431656837463
  landing: 0.9211740978062153
  view-data: 3.284038942307234
