times:
  edit-metadata: 1.5247736759483814
  landing: 0.8686756566166878
  view-data: 3.320527859032154
