times:
  edit-metadata: 1.7182716764509678
  landing: 0.9299886971712112
  view-data: 3.303074561059475
