times:
  edit-metadata: 1.3808579370379448
  landing: 1.1034755036234856
  view-data: 3.4600817635655403
