times:
  edit-metadata: 1.4306792095303535
  landing: 0.87990552932024
  view-data: 3.332057610154152
