times:
  edit-metadata: 1.3718565553426743
  landing: 0.9184216111898422
  view-data: 3.4701923802495003
