times:
  edit-metadata: 1.4996032938361168
  landing: 0.7980628162622452
  view-data: 3.506496876478195
