times:
  edit-metadata: 1.475949965417385
  landing: 0.8301496878266335
  view-data: 3.302182175219059
