times:
  edit-metadata: 1.4618941098451614
  landing: 0.9009361192584038
  view-data: 3.4510562866926193
