times:
  edit-metadata: 1.7378761619329453
  landing: 0.8668219745159149
  view-data: 3.4970337077975273
