times:
  edit-metadata: 1.9828434959053993
  landing: 0.8494146913290024
  view-data: 3.3887166380882263
