times:
  edit-metadata: 1.545067548751831
  landing: 0.9857486337423325
  view-data: 3.546775132417679
