times:
  edit-metadata: 1.4566499814391136
  landing: 0.7011122778058052
  view-data: 3.295910067856312
