times:
  edit-metadata: 1.5209866426885128
  landing: 1.1067043542861938
  view-data: 3.476820271462202
