times:
  edit-metadata: 1.5442877039313316
  landing: 0.8298519141972065
  view-data: 3.5178510062396526
