times:
  edit-metadata: 1.5484146885573864
  landing: 0.8014698140323162
  view-data: 3.27205553650856
