times:
  edit-metadata: 1.914351299405098
  landing: 1.0734639763832092
  view-data: 3.4037036262452602
