times:
  edit-metadata: 1.4000911340117455
  landing: 0.8342822045087814
  view-data: 3.3757751174271107
