times:
  edit-metadata: 1.648156963288784
  landing: 0.9973800703883171
  view-data: 3.635211355984211
