times:
  edit-metadata: 1.5862462744116783
  landing: 0.8448249027132988
  view-data: 3.465546779334545
