times:
  edit-metadata: 1.3694590032100677
  landing: 0.8294744491577148
  view-data: 3.2582913041114807
