times:
  edit-metadata: 1.4799152165651321
  landing: 0.8136077895760536
  view-data: 3.480574853718281
