times:
  edit-metadata: 2.1085605025291443
  landing: 1.107909008860588
  view-data: 3.4076591208577156
