times:
  edit-metadata: 1.3938520848751068
  landing: 0.7360743954777718
  view-data: 3.5133566111326218
