times:
  edit-metadata: 1.5176680237054825
  landing: 0.8080382570624352
  view-data: 3.4997090622782707
