times:
  edit-metadata: 1.3902713283896446
  landing: 0.803973600268364
  view-data: 3.470548704266548
