times:
  edit-metadata: 1.5790314264595509
  landing: 0.7679785862565041
  view-data: 3.345514837652445
