times:
  edit-metadata: 1.522018302232027
  landing: 0.7079106085002422
  view-data: 3.27159758284688
