times:
  edit-metadata: 1.4793625548481941
  landing: 0.7699399590492249
  view-data: 3.4411838948726654
