times:
  edit-metadata: 1.5024822056293488
  landing: 0.9118541330099106
  view-data: 3.345649152994156
