times:
  edit-metadata: 1.4332558140158653
  landing: 0.9077947735786438
  view-data: 3.5519437715411186
