times:
  edit-metadata: 1.6472482681274414
  landing: 0.899505652487278
  view-data: 3.5838294699788094
