times:
  edit-metadata: 1.4204632937908173
  landing: 0.8411088958382607
  view-data: 3.4371963813900948
