times:
  edit-metadata: 1.4388440996408463
  landing: 0.6952397972345352
  view-data: 3.4948137030005455
