times:
  edit-metadata: 1.4312096685171127
  landing: 0.7568616643548012
  view-data: 3.4328244775533676
