times:
  edit-metadata: 1.9280665405094624
  landing: 1.148305457085371
  view-data: 3.3563629537820816
