times:
  edit-metadata: 1.7833950370550156
  landing: 0.8638695403933525
  view-data: 3.3776462450623512
