times:
  edit-metadata: 1.7177648842334747
  landing: 0.746192641556263
  view-data: 3.570651851594448
