times:
  edit-metadata: 1.3577516302466393
  landing: 0.822979636490345
  view-data: 3.3106378726661205
