times:
  edit-metadata: 1.494661308825016
  landing: 0.8053408972918987
  view-data: 3.306155491620302
