times:
  edit-metadata: 1.4258121885359287
  landing: 0.7876485660672188
  view-data: 3.3408716917037964
