times:
  edit-metadata: 1.8725836277008057
  landing: 0.9366538152098656
  view-data: 3.6077619940042496
