times:
  edit-metadata: 1.388528537005186
  landing: 0.8435977809131145
  view-data: 3.3051485493779182
