times:
  edit-metadata: 1.7123658433556557
  landing: 0.9440215453505516
  view-data: 3.2802544236183167
