times:
  edit-metadata: 1.4955990314483643
  landing: 0.7779870480298996
  view-data: 3.4558410942554474
