times:
  edit-metadata: 1.3957501538097858
  landing: 0.7295827344059944
  view-data: 3.2815410010516644
