times:
  edit-metadata: 1.5858648493885994
  landing: 0.8230491131544113
  view-data: 3.4029837772250175
