times:
  edit-metadata: 1.4340764991939068
  landing: 0.7655678726732731
  view-data: 3.361079029738903
