times:
  edit-metadata: 1.4127734005451202
  landing: 0.783372588455677
  view-data: 3.412509396672249
