times:
  edit-metadata: 1.4139969274401665
  landing: 1.0465730056166649
  view-data: 3.5344114378094673
