times:
  edit-metadata: 1.5694133266806602
  landing: 1.0695391222834587
  view-data: 3.2779536992311478
