times:
  edit-metadata: 1.558709055185318
  landing: 0.8129887729883194
  view-data: 3.4749624729156494
