times:
  edit-metadata: 1.3903071135282516
  landing: 0.8123373128473759
  view-data: 3.274551209062338
