times:
  edit-metadata: 1.4001415818929672
  landing: 0.8648650571703911
  view-data: 3.3523358032107353
