times:
  edit-metadata: 1.4104898944497108
  landing: 0.7643251046538353
  view-data: 3.4562519937753677
