times:
  edit-metadata: 1.514810971915722
  landing: 0.9851686432957649
  view-data: 3.3429021164774895
