times:
  edit-metadata: 1.482919104397297
  landing: 0.7896297872066498
  view-data: 3.4831046909093857
