times:
  edit-metadata: 1.4078448861837387
  landing: 0.7280418425798416
  view-data: 3.3954710885882378
