times:
  edit-metadata: 1.4905617237091064
  landing: 0.8874195739626884
  view-data: 3.3314506709575653
