times:
  edit-metadata: 1.3893674314022064
  landing: 0.8281376361846924
  view-data: 3.5310677587985992
