times:
  edit-metadata: 1.3719063773751259
  landing: 0.7599600479006767
  view-data: 3.27944902330637
