times:
  edit-metadata: 1.6878183782100677
  landing: 0.8788720294833183
  view-data: 3.3081310465931892
