times:
  edit-metadata: 1.6524409279227257
  landing: 0.9425350055098534
  view-data: 3.308725617825985
