times:
  edit-metadata: 1.5945952348411083
  landing: 0.8794805184006691
  view-data: 3.322936199605465
