times:
  edit-metadata: 1.4828859120607376
  landing: 0.8605161383748055
  view-data: 3.353225104510784
