times:
  edit-metadata: 1.4064494222402573
  landing: 0.8853895515203476
  view-data: 3.3546404615044594
