times:
  edit-metadata: 2.1529592014849186
  landing: 0.9147427454590797
  view-data: 3.3069555684924126
