times:
  edit-metadata: 2.3067249208688736
  landing: 1.6696106642484665
  view-data: 3.50942425429821
