times:
  edit-metadata: 1.43761420622468
  landing: 0.8599973358213902
  view-data: 3.3259440883994102
