times:
  edit-metadata: 1.4428247138857841
  landing: 0.723843052983284
  view-data: 3.4820729568600655
