times:
  edit-metadata: 1.7732634544372559
  landing: 0.8246767669916153
  view-data: 3.297650206834078
