times:
  edit-metadata: 1.555323775857687
  landing: 0.7960257232189178
  view-data: 3.4383470080792904
