times:
  edit-metadata: 1.4018259719014168
  landing: 0.823973286896944
  view-data: 3.36525871604681
