times:
  edit-metadata: 1.6107075400650501
  landing: 0.7679549679160118
  view-data: 3.34530495852232
