times:
  edit-metadata: 2.3346989788115025
  landing: 1.19448584318161
  view-data: 3.355737052857876
