times:
  edit-metadata: 1.431179702281952
  landing: 0.8766913041472435
  view-data: 3.4485827311873436
