times:
  edit-metadata: 1.6772211268544197
  landing: 0.8395407795906067
  view-data: 3.3036074340343475
