times:
  edit-metadata: 1.518099531531334
  landing: 0.9075615108013153
  view-data: 3.569674000144005
