times:
  edit-metadata: 1.3805555924773216
  landing: 0.7742430418729782
  view-data: 3.3514136597514153
