times:
  edit-metadata: 1.6837375983595848
  landing: 0.84278654307127
  view-data: 3.3474732115864754
