times:
  edit-metadata: 1.3894721642136574
  landing: 0.8480491638183594
  view-data: 3.3160852938890457
