times:
  edit-metadata: 1.9040642902255058
  landing: 1.0560133457183838
  view-data: 3.375462170690298
