times:
  edit-metadata: 1.3907863348722458
  landing: 0.7940153405070305
  view-data: 3.4196796268224716
