times:
  edit-metadata: 1.4455513209104538
  landing: 0.7890218794345856
  view-data: 3.4090965911746025
