times:
  edit-metadata: 1.3884926959872246
  landing: 0.8676896616816521
  view-data: 3.3159108459949493
