times:
  edit-metadata: 1.392606183886528
  landing: 0.7180932834744453
  view-data: 3.4758051559329033
