times:
  edit-metadata: 1.3741357252001762
  landing: 0.73204705119133
  view-data: 3.460851602256298
