times:
  edit-metadata: 1.5446745231747627
  landing: 0.8240743651986122
  view-data: 3.2658558040857315
