times:
  edit-metadata: 1.923136368393898
  landing: 1.053646832704544
  view-data: 3.3413401022553444
