times:
  edit-metadata: 1.1100807785987854
  landing: 0.8559978604316711
  view-data: 3.523016929626465
