times:
  edit-metadata: 1.4105553328990936
  landing: 0.7477724626660347
  view-data: 3.285697653889656
