times:
  edit-metadata: 1.43274886906147
  landing: 4.708168536424637
  view-data: 3.5324122682213783
