times:
  edit-metadata: 1.4488593265414238
  landing: 0.9020420089364052
  view-data: 3.3260180577635765
