times:
  edit-metadata: 1.5435555465519428
  landing: 0.9167323149740696
  view-data: 3.3022014759480953
