times:
  edit-metadata: 1.565646193921566
  landing: 0.8077933415770531
  view-data: 3.3506683111190796
