times:
  edit-metadata: 1.3719791993498802
  landing: 0.8127147555351257
  view-data: 3.343306064605713
