times:
  edit-metadata: 1.431935891509056
  landing: 0.8517699763178825
  view-data: 3.369971863925457
