times:
  edit-metadata: 1.5116726905107498
  landing: 0.8120089545845985
  view-data: 3.2904052138328552
