times:
  edit-metadata: 1.4321478381752968
  landing: 0.8391892835497856
  view-data: 3.4788227155804634
