times:
  edit-metadata: 1.5522527508437634
  landing: 0.8828206956386566
  view-data: 3.3476246409118176
