times:
  edit-metadata: 1.6663110628724098
  landing: 1.0571467131376266
  view-data: 3.429837480187416
