times:
  edit-metadata: 1.696674607694149
  landing: 0.9643638581037521
  view-data: 0.6200876906514168
