times:
  edit-metadata: 1.495794765651226
  landing: 0.8031464591622353
  view-data: 3.463037446141243
