times:
  edit-metadata: 1.3859795778989792
  landing: 1.0606787279248238
  view-data: 3.3509876132011414
