times:
  edit-metadata: 1.4989961087703705
  landing: 0.8478409647941589
  view-data: 3.344116896390915
