times:
  edit-metadata: 1.4238493666052818
  landing: 0.7942574769258499
  view-data: 3.347927965223789
