times:
  edit-metadata: 2.986827500164509
  landing: 1.8959642052650452
  view-data: 3.932717002928257
