times:
  edit-metadata: 1.4819393157958984
  landing: 0.7420420795679092
  view-data: 3.4395678341388702
