times:
  edit-metadata: 1.470264546573162
  landing: 0.8944059312343597
  view-data: 3.390873149037361
