times:
  edit-metadata: 1.4645807407796383
  landing: 0.8697895966470242
  view-data: 3.299489911645651
