times:
  edit-metadata: 2.373792676255107
  landing: 0.18922261334955692
  view-data: 0.9450911730527878
