times:
  edit-metadata: 1.9803136996924877
  landing: 0.01988149806857109
  view-data: 0.027897678315639496
