times:
  edit-metadata: 2.7202300522476435
  landing: 0.34166398271918297
  view-data: 0.3367651514708996
