times:
  edit-metadata: 1.489526517689228
  landing: 0.8511390462517738
  view-data: 3.391552183777094
