times:
  edit-metadata: 1.3735044379718602
  landing: 0.8231518210377544
  view-data: 0.6709849059116095
