times:
  edit-metadata: 1.292604171205312
  landing: 0.06528000812977552
  view-data: 0.4677891912870109
