times:
  edit-metadata: 2.4161949139088392
  landing: 0.24532110802829266
  view-data: 0.7888479121029377
