times:
  edit-metadata: 1.3562955800443888
  landing: 0.7838325421325862
  view-data: 0.5602377241011709
