times:
  edit-metadata: 2.024677336215973
  landing: 0.30925608426332474
  view-data: 0.028937455266714096
