times:
  edit-metadata: 1.4466387927532196
  landing: 1.0105246528983116
  view-data: 3.3445231951773167
