times:
  edit-metadata: 0.9866243790020235
  landing: 0.04771093698218465
  view-data: 0.7709554340108298
