times:
  edit-metadata: 1.61743980308529
  landing: 1.0602505080169067
  view-data: 0.6681443679844961
