times:
  edit-metadata: 1.5386720411479473
  landing: 0.982504241168499
  view-data: 3.3096396066248417
