times:
  edit-metadata: 1.998679757118225
  landing: 0.02107175998389721
  view-data: 0.02428378537297249
