times:
  edit-metadata: 1.4293449521064758
  landing: 0.9266731217503548
  view-data: 3.3771598115563393
