times:
  edit-metadata: 1.3426662916317582
  landing: 0.021257678046822548
  view-data: 0.027116484008729458
