times:
  edit-metadata: 1.391943909227848
  landing: 1.8788532838225365
  view-data: 3.2985191717743874
