times:
  edit-metadata: 1.5209577698260546
  landing: 1.0172553174197674
  view-data: 0.8579348642379045
