times:
  edit-metadata: 1.562214270234108
  landing: 0.8172437846660614
  view-data: 0.7659773416817188
