times:
  edit-metadata: 1.5262854509055614
  landing: 0.8515238706022501
  view-data: 0.6458605844527483
