times:
  edit-metadata: 1.5152167733758688
  landing: 0.897566307336092
  view-data: 3.3688546866178513
