times:
  edit-metadata: 1.639159221202135
  landing: 0.8142889365553856
  view-data: 3.3388031981885433
