times:
  edit-metadata: 1.3587885908782482
  landing: 0.8963944800198078
  view-data: 3.3155112378299236
