times:
  edit-metadata: 2.1024793442338705
  landing: 0.3997268807142973
  view-data: 0.574909795075655
