times:
  edit-metadata: 2.868156446143985
  landing: 1.476825525984168
  view-data: 3.852189127355814
