times:
  edit-metadata: 2.0191363096237183
  landing: 0.022259246557950974
  view-data: 0.02938072569668293
