times:
  edit-metadata: 2.026847096160054
  landing: 0.11589696258306503
  view-data: 0.026506904512643814
