times:
  edit-metadata: 1.1918021775782108
  landing: 0.02382798958569765
  view-data: 0.02395978942513466
