times:
  edit-metadata: 2.0093419812619686
  landing: 0.2150757983326912
  view-data: 0.5170774925500154
