times:
  edit-metadata: 1.9453513361513615
  landing: 0.01938568986952305
  view-data: 0.02459760010242462
