times:
  edit-metadata: 2.259592615067959
  landing: 0.09687005542218685
  view-data: 0.5345048904418945
