times:
  edit-metadata: 1.5650903470814228
  landing: 0.9686499498784542
  view-data: 3.4239314384758472
