times:
  edit-metadata: 1.5544865764677525
  landing: 0.7757470402866602
  view-data: 3.3635193556547165
