times:
  edit-metadata: 1.367281660437584
  landing: 0.9239218086004257
  view-data: 0.6850839406251907
