times:
  edit-metadata: 1.4760657418519258
  landing: 0.9451522352173924
  view-data: 3.34709544852376
