times:
  edit-metadata: 1.0162427183240652
  landing: 0.0632956069894135
  view-data: 0.36610799515619874
