times:
  edit-metadata: 2.0530836526304483
  landing: 0.16508853435516357
  view-data: 0.12425905279815197
