times:
  edit-metadata: 2.524095794185996
  landing: 0.9390871590003371
  view-data: 3.7762024626135826
