times:
  edit-metadata: 2.227420821785927
  landing: 0.15894100069999695
  view-data: 0.760784275829792
