times:
  edit-metadata: 0.9635660900967196
  landing: 0.06548325403127819
  view-data: 0.38106738694477826
