times:
  edit-metadata: 1.4110332110431045
  landing: 0.8314895299263299
  view-data: 0.6307107759639621
