times:
  edit-metadata: 1.067687364993617
  landing: 0.04713250894565135
  view-data: 0.5078136030351743
