times:
  edit-metadata: 1.5433422550559044
  landing: 0.9725721143186092
  view-data: 0.623959232121706
