times:
  edit-metadata: 2.0085160676389933
  landing: 0.14471630565822124
  view-data: 0.1333443559706211
