times:
  edit-metadata: 1.5792966093868017
  landing: 0.9421159364283085
  view-data: 0.7266121674329042
