times:
  edit-metadata: 1.5480259992182255
  landing: 0.8664012849330902
  view-data: 0.9077187329530716
