times:
  edit-metadata: 2.4416523836553097
  landing: 0.1698351837694645
  view-data: 0.14293870888650417
