times:
  edit-metadata: 1.7839257940649986
  landing: 0.9729872653260827
  view-data: 0.7472617356106639
