times:
  edit-metadata: 1.4837537840940058
  landing: 0.8147393700201064
  view-data: 1.272873191977851
