times:
  edit-metadata: 2.8717782385647297
  landing: 0.2289499007165432
  view-data: 0.02447269856929779
