times:
  edit-metadata: 1.9936250280588865
  landing: 0.12038391269743443
  view-data: 0.6779644265770912
