times:
  edit-metadata: 1.997014982625842
  landing: 0.1962661426514387
  view-data: 0.38677072897553444
