times:
  edit-metadata: 2.020349995000288
  landing: 0.019610168994404376
  view-data: 0.02294992102542892
