times:
  edit-metadata: 1.4852664982900023
  landing: 0.8743338547646999
  view-data: 0.6794431125745177
