times:
  edit-metadata: 1.0704129779996947
  landing: 0.05490122999981395
  view-data: 0.3826625339997918
