times:
  edit-metadata: 1.4739193096756935
  landing: 0.7342748939990997
  view-data: 3.3647750867530704
