times:
  edit-metadata: 0.9225698760710657
  landing: 0.06293418165296316
  view-data: 0.5215014959685504
