times:
  edit-metadata: 2.0186865851283073
  landing: 0.22812329977750778
  view-data: 0.5766855645924807
