times:
  edit-metadata: 2.034965306520462
  landing: 0.16801742836833
  view-data: 0.13743143901228905
