times:
  edit-metadata: 1.5280258227139711
  landing: 0.8225664999336004
  view-data: 3.4115007426589727
