times:
  edit-metadata: 1.3352164253592491
  landing: 0.8752903193235397
  view-data: 3.3598675578832626
