times:
  edit-metadata: 1.5904170300345868
  landing: 1.0228983680717647
  view-data: 0.7254497830290347
