times:
  edit-metadata: 1.5250143464654684
  landing: 0.9376972690224648
  view-data: 3.4195666313171387
