times:
  edit-metadata: 1.4062838051468134
  landing: 0.8351219408214092
  view-data: 0.7157510695978999
