times:
  edit-metadata: 1.0227220398373902
  landing: 0.054103794042021036
  view-data: 0.4324004959780723
