times:
  edit-metadata: 1.4085005559027195
  landing: 1.024519751779735
  view-data: 3.3977735438384116
