times:
  edit-metadata: 2.2143603824079037
  landing: 0.21039366722106934
  view-data: 0.6684133931994438
