times:
  edit-metadata: 1.5711884554475546
  landing: 0.8489129524677992
  view-data: 3.330090070143342
