times:
  edit-metadata: 1.6131631811149418
  landing: 0.946668790653348
  view-data: 0.7667017788626254
