times:
  edit-metadata: 1.0166325778700411
  landing: 0.06083012418821454
  view-data: 0.5364263369701803
