times:
  edit-metadata: 1.444196656346321
  landing: 1.074694823473692
  view-data: 3.4092815443873405
