times:
  edit-metadata: 1.4238690193742514
  landing: 0.7631124947220087
  view-data: 3.266544323414564
