times:
  edit-metadata: 0.9430320430546999
  landing: 0.07011543901171535
  view-data: 0.414167185081169
