times:
  edit-metadata: 1.381955281831324
  landing: 0.22679343726485968
  view-data: 0.13563965260982513
