times:
  edit-metadata: 1.4317329432815313
  landing: 0.21461698692291975
  view-data: 0.12879518512636423
