times:
  edit-metadata: 1.0675833680143114
  landing: 0.04706759701366536
  view-data: 0.37697885499801487
