times:
  edit-metadata: 1.406386023387313
  landing: 0.7759407944977283
  view-data: 0.737449043430388
