times:
  edit-metadata: 1.5174453211948276
  landing: 0.9755977476015687
  view-data: 0.6753024160861969
