times:
  edit-metadata: 1.959987584501505
  landing: 0.0205855593085289
  view-data: 0.5759687032550573
