times:
  edit-metadata: 2.0506915375590324
  landing: 1.2798073552548885
  view-data: 3.4311595149338245
