times:
  edit-metadata: 2.286443242803216
  landing: 0.2795644160360098
  view-data: 0.028438398614525795
