times:
  edit-metadata: 1.0244003219995648
  landing: 0.0475970950210467
  view-data: 0.3711701550055295
