times:
  edit-metadata: 1.5757006704807281
  landing: 0.7506818696856499
  view-data: 0.7688874267041683
