times:
  edit-metadata: 1.532859006896615
  landing: 0.8360746838152409
  view-data: 0.7049516662955284
