times:
  edit-metadata: 1.3713037390261889
  landing: 0.18150625471025705
  view-data: 0.14232027530670166
