times:
  edit-metadata: 1.5620173970237374
  landing: 0.9025580240413547
  view-data: 0.7552890991792083
