times:
  edit-metadata: 2.200652837753296
  landing: 0.2820278536528349
  view-data: 0.883180258795619
