times:
  edit-metadata: 1.5731062442064285
  landing: 0.8474292457103729
  view-data: 3.4334707465022802
