times:
  edit-metadata: 1.5901311470661312
  landing: 0.8944709210190922
  view-data: 3.457211438100785
