times:
  edit-metadata: 1.7010373258963227
  landing: 1.1689289598725736
  view-data: 3.4045195099897683
