times:
  edit-metadata: 1.497395720332861
  landing: 1.0182640589773655
  view-data: 3.4457071237266064
