times:
  edit-metadata: 3.6698427563533187
  landing: 1.709460522979498
  view-data: 3.6285323165357113
