times:
  edit-metadata: 2.4022445417940617
  landing: 0.7697136905044317
  view-data: 3.380920885130763
