times:
  edit-metadata: 3.0905010122805834
  landing: 1.4900621706619859
  view-data: 3.7365988697856665
