times:
  edit-metadata: 0.9966510569211096
  landing: 0.053599784965626895
  view-data: 0.5049965709913522
