times:
  edit-metadata: 1.9452173244208097
  landing: 0.017735915258526802
  view-data: 0.5732069779187441
