times:
  edit-metadata: 1.0150124849751592
  landing: 0.05283314106054604
  view-data: 0.38405139185488224
