times:
  edit-metadata: 2.014376115053892
  landing: 0.3475960921496153
  view-data: 0.02373761497437954
