times:
  edit-metadata: 1.5522687919437885
  landing: 0.834539195522666
  view-data: 0.6965321227908134
