times:
  edit-metadata: 2.034762132912874
  landing: 0.02035653218626976
  view-data: 0.025807587429881096
