times:
  edit-metadata: 1.6214806251227856
  landing: 0.8526477999985218
  view-data: 0.7007532324641943
