times:
  edit-metadata: 1.4716463834047318
  landing: 1.2991401925683022
  view-data: 3.563217554241419
