times:
  edit-metadata: 1.4438082464039326
  landing: 0.046844684053212404
  view-data: 0.5376381957903504
