times:
  edit-metadata: 1.706607561558485
  landing: 1.1262728571891785
  view-data: 3.4292242117226124
