times:
  edit-metadata: 2.78519469499588
  landing: 1.2720336765050888
  view-data: 3.526831302791834
