times:
  edit-metadata: 1.6035286504775286
  landing: 0.8069236148148775
  view-data: 0.6938869394361973
