times:
  edit-metadata: 1.6174476658925414
  landing: 0.8919144626706839
  view-data: 0.8694584583863616
