times:
  edit-metadata: 2.1092508416622877
  landing: 0.24380068108439445
  view-data: 0.6066342405974865
