times:
  edit-metadata: 1.4608874022960663
  landing: 0.9770492911338806
  view-data: 3.3311509154736996
