times:
  edit-metadata: 2.039027962833643
  landing: 1.6972340270876884
  view-data: 3.740471586585045
