times:
  edit-metadata: 1.2665287964046001
  landing: 0.06292111473158002
  view-data: 0.505300261080265
