times:
  edit-metadata: 2.1714069433510303
  landing: 0.03009822964668274
  view-data: 0.025663819164037704
