times:
  edit-metadata: 1.5021712016314268
  landing: 0.8578810896724463
  view-data: 0.6794571131467819
