times:
  edit-metadata: 1.5383733473718166
  landing: 0.9367076680064201
  view-data: 3.474706057459116
