times:
  edit-metadata: 1.5986378025263548
  landing: 1.1563577558845282
  view-data: 0.7216325532644987
