times:
  edit-metadata: 1.3927042074501514
  landing: 0.7364003323018551
  view-data: 3.3940976802259684
