times:
  edit-metadata: 1.5445054322481155
  landing: 0.8261672984808683
  view-data: 3.335277948528528
