times:
  edit-metadata: 1.008900502230972
  landing: 0.059082761872559786
  view-data: 0.5093175820074975
