times:
  edit-metadata: 1.5668235383927822
  landing: 0.866493321955204
  view-data: 3.3937672413885593
