times:
  edit-metadata: 1.4173810770735145
  landing: 0.24765724688768387
  view-data: 0.023045112378895283
