times:
  edit-metadata: 2.0027079712599516
  landing: 0.12751533463597298
  view-data: 0.6011012978851795
