times:
  edit-metadata: 1.9699621573090553
  landing: 1.1639711912721395
  view-data: 3.6053905077278614
