times:
  edit-metadata: 1.1938537020178046
  landing: 0.05412975500803441
  view-data: 0.372030452999752
