times:
  edit-metadata: 1.4527954626828432
  landing: 0.9915996487252414
  view-data: 0.8312499900348485
