times:
  edit-metadata: 3.1039059832692146
  landing: 1.7741960920393467
  view-data: 3.7476106882095337
