times:
  edit-metadata: 1.3878401331603527
  landing: 0.8699880382046103
  view-data: 3.388357433490455
