times:
  edit-metadata: 2.1857576426118612
  landing: 0.020236244425177574
  view-data: 0.16201414726674557
