times:
  edit-metadata: 1.4495645118877292
  landing: 0.22009582724422216
  view-data: 0.18988784682005644
