times:
  edit-metadata: 1.5023387409746647
  landing: 0.9823271743953228
  view-data: 3.3257178738713264
