times:
  edit-metadata: 1.0097610466182232
  landing: 0.05870558461174369
  view-data: 0.3894408969208598
