times:
  edit-metadata: 1.5644865352660418
  landing: 0.9886281415820122
  view-data: 0.6897048279643059
