times:
  edit-metadata: 2.1853138767182827
  landing: 1.1501084454357624
  view-data: 3.5669515877962112
