times:
  edit-metadata: 1.5523519702255726
  landing: 0.7774251233786345
  view-data: 3.4123735055327415
