times:
  edit-metadata: 2.0767710395157337
  landing: 0.01984046958386898
  view-data: 0.6267212480306625
