times:
  edit-metadata: 1.61772177554667
  landing: 0.8401152770966291
  view-data: 3.441418033093214
