times:
  edit-metadata: 0.9468511899467558
  landing: 0.060860596131533384
  view-data: 0.5442384891211987
