times:
  edit-metadata: 0.9998248239280656
  landing: 0.05009423603769392
  view-data: 0.7667388500412926
