times:
  edit-metadata: 1.418745744973421
  landing: 1.198545552790165
  view-data: 3.3429666943848133
