times:
  edit-metadata: 1.5753483343869448
  landing: 1.0317468028515577
  view-data: 3.414954051375389
