times:
  edit-metadata: 0.9999871200416237
  landing: 0.050352237187325954
  view-data: 0.39129177713766694
