times:
  edit-metadata: 2.293123371899128
  landing: 0.13177496194839478
  view-data: 0.12231127172708511
