times:
  edit-metadata: 1.5838553090579808
  landing: 0.8649491430260241
  view-data: 3.4167811539955437
