times:
  edit-metadata: 1.070478721987456
  landing: 0.052082885056734085
  view-data: 0.40330994315445423
