times:
  edit-metadata: 1.0036646421067417
  landing: 0.05267086601816118
  view-data: 0.4960077030118555
