times:
  edit-metadata: 2.021810732781887
  landing: 0.11953387595713139
  view-data: 0.024383587762713432
