times:
  edit-metadata: 1.0350589400040917
  landing: 0.05004053201992065
  view-data: 0.4991007630014792
