times:
  edit-metadata: 0.9961622827686369
  landing: 0.06176105514168739
  view-data: 0.5164316189475358
