times:
  edit-metadata: 1.230756502598524
  landing: 0.11987481079995632
  view-data: 0.720050853677094
