times:
  edit-metadata: 1.974179744720459
  landing: 0.2397820893675089
  view-data: 0.14663573540747166
