times:
  edit-metadata: 1.4832295030355453
  landing: 0.9656879529356956
  view-data: 3.3272502161562443
