times:
  edit-metadata: 1.585105288773775
  landing: 1.249803964048624
  view-data: 3.395087469369173
