times:
  edit-metadata: 1.558420728892088
  landing: 1.1130730584263802
  view-data: 3.4024922251701355
