times:
  edit-metadata: 0.9974462678655982
  landing: 0.060820215148851275
  view-data: 0.3822712821420282
