times:
  edit-metadata: 1.085392831126228
  landing: 0.08110316004604101
  view-data: 0.5033588439691812
