times:
  edit-metadata: 3.2312866346910596
  landing: 1.3167142467573285
  view-data: 3.5997401205822825
