times:
  edit-metadata: 1.0151736030820757
  landing: 0.05956255900673568
  view-data: 0.3747644879622385
