times:
  edit-metadata: 1.3538869861513376
  landing: 0.23628206178545952
  view-data: 0.1370766181498766
