times:
  edit-metadata: 1.0938596550258808
  landing: 0.05556581600103527
  view-data: 0.3760626309667714
