times:
  edit-metadata: 0.9778085610014386
  landing: 0.05559137498494238
  view-data: 0.664289905980695
