times:
  edit-metadata: 1.581075120717287
  landing: 0.9097008630633354
  view-data: 3.41323902644217
