times:
  edit-metadata: 3.0368383191525936
  landing: 1.0293819978833199
  view-data: 3.543562103062868
