times:
  edit-metadata: 1.9763225838541985
  landing: 0.13789154589176178
  view-data: 0.13732105679810047
