times:
  edit-metadata: 2.003767831251025
  landing: 0.13447541184723377
  view-data: 0.6008719187229872
