times:
  edit-metadata: 2.7601777985692024
  landing: 2.066760800778866
  view-data: 3.717399276793003
