times:
  edit-metadata: 2.0580550394952297
  landing: 0.0211082361638546
  view-data: 0.15290501900017262
