times:
  edit-metadata: 1.5354789923876524
  landing: 0.923015458509326
  view-data: 3.3611407801508904
