times:
  edit-metadata: 1.7177985608577728
  landing: 0.9615495838224888
  view-data: 3.7227385230362415
