times:
  edit-metadata: 2.090744823217392
  landing: 1.2835330590605736
  view-data: 3.4991340339183807
