times:
  edit-metadata: 2.042920174077153
  landing: 0.20817768573760986
  view-data: 0.023019952699542046
