times:
  edit-metadata: 0.9824946848675609
  landing: 0.05717241601087153
  view-data: 0.3781526710372418
