times:
  edit-metadata: 1.7514572404325008
  landing: 1.1115056611597538
  view-data: 3.3554340340197086
