times:
  edit-metadata: 1.4854553323239088
  landing: 0.7704623229801655
  view-data: 0.7688148468732834
