times:
  edit-metadata: 2.014584291726351
  landing: 0.021447645500302315
  view-data: 0.027280041947960854
