times:
  edit-metadata: 1.5535474540665746
  landing: 0.9760372210294008
  view-data: 3.512877860106528
