times:
  edit-metadata: 1.5771644627675414
  landing: 0.9362498894333839
  view-data: 0.7047919975593686
