times:
  edit-metadata: 1.3522014915943146
  landing: 0.6877849288284779
  view-data: 0.5599785037338734
