times:
  edit-metadata: 1.5682284384965897
  landing: 0.7544699050486088
  view-data: 0.6351928450167179
