times:
  edit-metadata: 1.5802706331014633
  landing: 1.0245741307735443
  view-data: 3.4433486238121986
