times:
  edit-metadata: 1.4250759482383728
  landing: 0.9067918248474598
  view-data: 3.308159701526165
