times:
  edit-metadata: 1.5033365837298334
  landing: 0.9391959202475846
  view-data: 0.6513880430720747
