times:
  edit-metadata: 2.6795848198235035
  landing: 0.2934506684541702
  view-data: 0.5924483425915241
