times:
  edit-metadata: 2.000475876033306
  landing: 0.14310157671570778
  view-data: 0.023644352331757545
