times:
  edit-metadata: 2.2836687956005335
  landing: 0.19355257041752338
  view-data: 0.16671908274292946
