times:
  edit-metadata: 1.5447119064629078
  landing: 0.8353090509772301
  view-data: 3.3443563617765903
