times:
  edit-metadata: 1.6409070529043674
  landing: 0.9081029705703259
  view-data: 3.449392108246684
