times:
  edit-metadata: 1.48847618047148
  landing: 0.9483365975320339
  view-data: 2.037498506717384
