times:
  edit-metadata: 2.5343991592526436
  landing: 1.07447886839509
  view-data: 3.6436243634670973
