times:
  edit-metadata: 1.5650732535868883
  landing: 0.867021057754755
  view-data: 0.7790497951209545
