times:
  edit-metadata: 1.3674395009875298
  landing: 0.9223443232476711
  view-data: 3.294046364724636
