times:
  edit-metadata: 2.2068075332790613
  landing: 0.2071197647601366
  view-data: 0.41735572181642056
