times:
  edit-metadata: 1.099681946999226
  landing: 0.10816506199989817
  view-data: 0.4239715650001017
