times:
  edit-metadata: 1.4663740247488022
  landing: 0.9344808831810951
  view-data: 3.3463119864463806
