times:
  edit-metadata: 1.4677596613764763
  landing: 0.7636751979589462
  view-data: 3.3071026392281055
