times:
  edit-metadata: 1.5611673397943377
  landing: 1.1285861684009433
  view-data: 0.7592261480167508
