times:
  edit-metadata: 1.5714358016848564
  landing: 1.0576725117862225
  view-data: 3.5065209474414587
