times:
  edit-metadata: 1.3547667609527707
  landing: 0.7325548289809376
  view-data: 0.7340339261572808
