times:
  edit-metadata: 1.5491942130029202
  landing: 1.1581659838557243
  view-data: 3.310412734746933
