times:
  edit-metadata: 1.4520235620439053
  landing: 0.8156191967427731
  view-data: 0.652765367180109
