times:
  edit-metadata: 1.6269312798976898
  landing: 1.0567547045648098
  view-data: 3.4018901363015175
