times:
  edit-metadata: 1.5086147710680962
  landing: 0.7987559214234352
  view-data: 3.405410746112466
