times:
  edit-metadata: 0.9878264318685979
  landing: 0.05536247603595257
  view-data: 0.5348373809829354
