times:
  edit-metadata: 1.6054919101297855
  landing: 1.2299978099763393
  view-data: 3.4062741957604885
