times:
  edit-metadata: 1.4536086302250624
  landing: 0.8659744113683701
  view-data: 0.692569375038147
