times:
  edit-metadata: 1.5788635406643152
  landing: 0.9050963763147593
  view-data: 3.559400150552392
