times:
  edit-metadata: 2.1536888405680656
  landing: 0.0213005393743515
  view-data: 0.6104090977460146
