times:
  edit-metadata: 1.5578693132847548
  landing: 0.9725854769349098
  view-data: 3.461392641067505
