times:
  edit-metadata: 1.8327909633517265
  landing: 1.267762541770935
  view-data: 3.4222573153674603
