times:
  edit-metadata: 2.5918262787163258
  landing: 0.23987697064876556
  view-data: 0.14785117097198963
