times:
  edit-metadata: 1.0638644639402628
  landing: 0.04584178328514099
  view-data: 0.36344538163393736
