times:
  edit-metadata: 2.56000455096364
  landing: 1.5178487431257963
  view-data: 3.5615485701709986
