times:
  edit-metadata: 2.012098359875381
  landing: 1.150530337356031
  view-data: 3.510998161509633
