times:
  edit-metadata: 2.079154971987009
  landing: 1.1805428434163332
  view-data: 3.556404296308756
