times:
  edit-metadata: 1.0022821719758213
  landing: 0.049978357972577214
  view-data: 0.3717558509670198
