times:
  edit-metadata: 1.0683846371248364
  landing: 0.05869540013372898
  view-data: 0.37523581087589264
