times:
  edit-metadata: 2.1470589358359575
  landing: 0.2645625714212656
  view-data: 0.7466844283044338
