times:
  edit-metadata: 1.4710574317723513
  landing: 0.7981186602264643
  view-data: 3.3801765106618404
