times:
  edit-metadata: 5.477790880948305
  landing: 1.933174554258585
  view-data: 3.829884383827448
