times:
  edit-metadata: 2.921818945556879
  landing: 1.4800637252628803
  view-data: 3.302932184189558
