times:
  edit-metadata: 2.051488091237843
  landing: 1.3810146171599627
  view-data: 3.4334750077687204
