times:
  edit-metadata: 1.557283915579319
  landing: 0.8454423639923334
  view-data: 0.843782726675272
