times:
  edit-metadata: 1.595790638588369
  landing: 0.8525006389245391
  view-data: 3.4243085104972124
