times:
  edit-metadata: 1.3215877041220665
  landing: 0.23914406541734934
  view-data: 0.12460852041840553
