times:
  edit-metadata: 1.448937937617302
  landing: 0.8279018513858318
  view-data: 3.3157764449715614
