times:
  edit-metadata: 2.004941700026393
  landing: 0.018740786239504814
  view-data: 0.6364040616899729
