times:
  edit-metadata: 1.104257986007724
  landing: 0.05821228201966733
  view-data: 0.6224595259991474
