times:
  edit-metadata: 1.5192064344882965
  landing: 0.9251691699028015
  view-data: 3.338964991271496
