times:
  edit-metadata: 1.5110106989741325
  landing: 0.9408631660044193
  view-data: 3.3343011625111103
