times:
  edit-metadata: 1.0115774150472134
  landing: 0.06077653216198087
  view-data: 0.38072349806316197
