times:
  edit-metadata: 3.3447363674640656
  landing: 1.2620800472795963
  view-data: 3.3007654743269086
