times:
  edit-metadata: 1.4436224908567965
  landing: 0.901141693815589
  view-data: 3.341661071870476
