times:
  edit-metadata: 1.0923967948183417
  landing: 0.14439387992024422
  view-data: 0.4169749370776117
