times:
  edit-metadata: 1.0053068429697305
  landing: 0.05016197799704969
  view-data: 0.394613561918959
