times:
  edit-metadata: 1.390636295080185
  landing: 0.9217671547085047
  view-data: 3.3855095990002155
