times:
  edit-metadata: 0.9992633730289526
  landing: 0.04862033104291186
  view-data: 0.38655553001444787
