times:
  edit-metadata: 0.9958466268144548
  landing: 0.05331379501149058
  view-data: 0.41674521705135703
