times:
  edit-metadata: 0.9765275029931217
  landing: 0.05735642008949071
  view-data: 0.3859010840533301
