times:
  edit-metadata: 1.3961251564323902
  landing: 0.861390383914113
  view-data: 0.7368174437433481
