times:
  edit-metadata: 1.9394749402999878
  landing: 1.667270090430975
  view-data: 3.45481364056468
