times:
  edit-metadata: 1.440339831635356
  landing: 0.2154888901859522
  view-data: 0.2256747130304575
