times:
  edit-metadata: 1.3182142250007018
  landing: 0.16826868397765793
  view-data: 0.47958173300139606
