times:
  edit-metadata: 1.0766390301287174
  landing: 0.06929421192035079
  view-data: 0.4778730620164424
