times:
  edit-metadata: 1.1060764850117266
  landing: 0.05806400999426842
  view-data: 0.6326270470162854
