times:
  edit-metadata: 1.5894206501543522
  landing: 0.7528527192771435
  view-data: 3.261392302811146
