times:
  edit-metadata: 1.6045764032751322
  landing: 0.9461617209017277
  view-data: 3.3052533082664013
