times:
  edit-metadata: 1.0085916728712618
  landing: 0.051535052014514804
  view-data: 0.369123512879014
