times:
  edit-metadata: 1.4292841580463573
  landing: 0.09467727690935135
  view-data: 0.5127005799440667
