times:
  edit-metadata: 1.0059323641471565
  landing: 0.07761721825227141
  view-data: 0.3890487081371248
