times:
  edit-metadata: 1.4553074277937412
  landing: 0.7819032040424645
  view-data: 3.393476772122085
