times:
  edit-metadata: 1.3917486499994993
  landing: 0.05528598790988326
  view-data: 0.433951904065907
