times:
  edit-metadata: 1.4102020962163806
  landing: 0.019929968751966953
  view-data: 0.023062859661877155
