times:
  edit-metadata: 2.083513358607888
  landing: 0.14441698044538498
  view-data: 0.025503363460302353
