times:
  edit-metadata: 2.0867135543376207
  landing: 0.2631285283714533
  view-data: 0.6065365765243769
