times:
  edit-metadata: 1.107446208014153
  landing: 0.05169896804727614
  view-data: 0.42224084201734513
