times:
  edit-metadata: 1.5164381340146065
  landing: 0.29540697601623833
  view-data: 0.30370428698370233
