times:
  edit-metadata: 1.2513302867300808
  landing: 0.07780368393287063
  view-data: 0.47418855503201485
