times:
  edit-metadata: 2.4784089885652065
  landing: 0.2925095297396183
  view-data: 0.634527325630188
