times:
  edit-metadata: 1.9590701647102833
  landing: 0.2522613350301981
  view-data: 0.02383025363087654
