times:
  edit-metadata: 1.5049855010583997
  landing: 0.9270138088613749
  view-data: 3.4166972879320383
