times:
  edit-metadata: 2.3489391561597586
  landing: 1.5116295386105776
  view-data: 3.8213756196200848
