times:
  edit-metadata: 2.037191901355982
  landing: 0.021717235445976257
  view-data: 0.023783762007951736
