times:
  edit-metadata: 1.015170274011325
  landing: 0.056176434038206935
  view-data: 0.43643018399598077
