times:
  edit-metadata: 1.1907581086270511
  landing: 0.04475523391738534
  view-data: 0.5405689617618918
