times:
  edit-metadata: 1.38883067201823
  landing: 0.8059794940054417
  view-data: 0.7914258884266019
