times:
  edit-metadata: 1.5319999158382416
  landing: 0.9776073694229126
  view-data: 3.311111256480217
