times:
  edit-metadata: 1.9578169137239456
  landing: 0.11350473389029503
  view-data: 0.027958691120147705
