times:
  edit-metadata: 1.6245097378268838
  landing: 0.8910266067832708
  view-data: 0.6809699619188905
