times:
  edit-metadata: 1.4354581920197234
  landing: 0.9389541589189321
  view-data: 0.6763262510066852
