times:
  edit-metadata: 1.092948424979113
  landing: 0.05440652696415782
  view-data: 0.5083589210407808
