times:
  edit-metadata: 1.0100087109021842
  landing: 0.06617462798021734
  view-data: 0.9140714809764177
