times:
  edit-metadata: 2.1950260773301125
  landing: 0.15035833604633808
  view-data: 0.8631094824522734
