times:
  edit-metadata: 2.057246521115303
  landing: 0.12213252671062946
  view-data: 0.026842499151825905
