times:
  edit-metadata: 1.4480622746050358
  landing: 0.7878259234130383
  view-data: 3.3315053060650826
