times:
  edit-metadata: 1.5103857414796948
  landing: 1.0475653177127242
  view-data: 0.7006520330905914
