times:
  edit-metadata: 1.0081245079636574
  landing: 0.08520612306892872
  view-data: 0.5384459779597819
