times:
  edit-metadata: 3.1696862671524286
  landing: 0.21584978140890598
  view-data: 0.7293234150856733
