times:
  edit-metadata: 2.240642834454775
  landing: 1.236065361648798
  view-data: 3.4231515116989613
