times:
  edit-metadata: 1.4061282081529498
  landing: 0.813297881744802
  view-data: 0.6648053992539644
