times:
  edit-metadata: 1.4183883760124445
  landing: 0.7848869077861309
  view-data: 0.7676048949360847
