times:
  edit-metadata: 1.6597890816628933
  landing: 0.849510608240962
  view-data: 3.4242270179092884
