times:
  edit-metadata: 0.9908829939995485
  landing: 0.05380907699964155
  view-data: 0.3692234419995657
