times:
  edit-metadata: 2.015234125778079
  landing: 0.02196880802512169
  view-data: 0.1298783179372549
