times:
  edit-metadata: 1.8985506407916546
  landing: 1.313300535082817
  view-data: 3.42299697548151
