times:
  edit-metadata: 1.5200296845287085
  landing: 0.9469024119898677
  view-data: 0.7739332541823387
