times:
  edit-metadata: 1.5372329037636518
  landing: 0.2060780357569456
  view-data: 0.13413394335657358
