times:
  edit-metadata: 1.5282546803355217
  landing: 0.835510216653347
  view-data: 3.4535445887595415
