times:
  edit-metadata: 1.0863002859987319
  landing: 0.055333678996248636
  view-data: 0.3701335639998433
