times:
  edit-metadata: 1.3749664453789592
  landing: 0.1397130023688078
  view-data: 0.02399449609220028
