times:
  edit-metadata: 1.2819594140164554
  landing: 0.047031072434037924
  view-data: 1.0505140889436007
