times:
  edit-metadata: 0.9387563089985633
  landing: 0.059941863000858575
  view-data: 0.3716394950024551
