times:
  edit-metadata: 1.020209209062159
  landing: 0.06549687799997628
  view-data: 0.6471512150019407
