times:
  edit-metadata: 1.5663643926382065
  landing: 0.8129165098071098
  view-data: 4.181456960737705
