times:
  edit-metadata: 0.9961902659852058
  landing: 0.05739277298562229
  view-data: 0.5011080889962614
