times:
  edit-metadata: 2.3535813838243484
  landing: 0.14209218882024288
  view-data: 0.14670541137456894
