times:
  edit-metadata: 1.0994339960161597
  landing: 0.056669606012292206
  view-data: 0.41055859392508864
