times:
  edit-metadata: 1.0079742758534849
  landing: 0.05561926728114486
  view-data: 0.3798742280341685
