times:
  edit-metadata: 2.491448065266013
  landing: 0.31554955802857876
  view-data: 0.2292345929890871
