times:
  edit-metadata: 2.137964153662324
  landing: 0.18966810777783394
  view-data: 0.582330783829093
