times:
  edit-metadata: 1.1042143809609115
  landing: 0.06517487624660134
  view-data: 0.4989415090531111
