times:
  edit-metadata: 2.015501506626606
  landing: 0.19953703694045544
  view-data: 0.13929868675768375
