times:
  edit-metadata: 1.4267965122126043
  landing: 1.006687100045383
  view-data: 3.436288246884942
