times:
  edit-metadata: 1.0615393971093
  landing: 0.04452895000576973
  view-data: 0.6159925181418657
