times:
  edit-metadata: 1.1808750070049427
  landing: 0.04837958197458647
  view-data: 0.4189066510007251
