times:
  edit-metadata: 1.1379676910000853
  landing: 0.06651179199980106
  view-data: 0.3815026390075218
