times:
  edit-metadata: 1.560524806380272
  landing: 0.8737958092242479
  view-data: 3.4075767658650875
