times:
  edit-metadata: 1.5340662617236376
  landing: 0.7992014735937119
  view-data: 3.4411475881934166
