times:
  edit-metadata: 1.5777637530118227
  landing: 0.9036186840385199
  view-data: 0.7097856686450541
