times:
  edit-metadata: 1.4528629309497774
  landing: 0.09440461220219731
  view-data: 0.4765381128527224
