times:
  edit-metadata: 1.468221876770258
  landing: 1.3754322119057178
  view-data: 3.3123828433454037
