times:
  edit-metadata: 2.062483614310622
  landing: 0.1956721395254135
  view-data: 0.026193154975771904
