times:
  edit-metadata: 2.0893070567399263
  landing: 0.018452435731887817
  view-data: 0.6026499923318624
