times:
  edit-metadata: 1.473634634166956
  landing: 1.0681779719889164
  view-data: 3.346630647778511
