times:
  edit-metadata: 1.0896611349890009
  landing: 0.046946836984716356
  view-data: 0.37865160702494904
