times:
  edit-metadata: 1.4266040958464146
  landing: 1.1213541589677334
  view-data: 3.4162850193679333
