times:
  edit-metadata: 1.011576839024201
  landing: 0.06040933495387435
  view-data: 0.5093353190459311
