times:
  edit-metadata: 1.3826798982918262
  landing: 0.9732375852763653
  view-data: 3.344227209687233
