times:
  edit-metadata: 2.53315232694149
  landing: 1.6480553038418293
  view-data: 3.7246140651404858
