times:
  edit-metadata: 1.4283544225618243
  landing: 0.7350555853918195
  view-data: 0.7312815375626087
