times:
  edit-metadata: 2.1409314833581448
  landing: 0.23377508111298084
  view-data: 0.5869618710130453
