times:
  edit-metadata: 1.5148095800541341
  landing: 1.0643376088701189
  view-data: 0.6660208515822887
