times:
  edit-metadata: 1.4952500723302364
  landing: 0.8957157228142023
  view-data: 0.6960811875760555
