times:
  edit-metadata: 1.3867072211578488
  landing: 0.20552846230566502
  view-data: 0.0255745816975832
