times:
  edit-metadata: 1.5638685289304703
  landing: 0.963989346055314
  view-data: 0.7261496749706566
