times:
  edit-metadata: 1.6656745057553053
  landing: 0.9164418000727892
  view-data: 3.426398355513811
