times:
  edit-metadata: 1.4896955639123917
  landing: 0.961359016597271
  view-data: 3.362221844494343
