times:
  edit-metadata: 1.55717184394598
  landing: 0.9874568805098534
  view-data: 3.413262879475951
