times:
  edit-metadata: 1.6619570385664701
  landing: 0.8961809072643518
  view-data: 0.7075999155640602
