times:
  edit-metadata: 1.5949386432766914
  landing: 0.84046695753932
  view-data: 0.7444274760782719
