times:
  edit-metadata: 1.965872187167406
  landing: 0.2308130543678999
  view-data: 0.6316697709262371
