times:
  edit-metadata: 1.5576507300138474
  landing: 1.3640402182936668
  view-data: 3.3356500901281834
