times:
  edit-metadata: 1.5746464375406504
  landing: 0.8512195833027363
  view-data: 0.6763890134170651
