times:
  edit-metadata: 2.5706556867808104
  landing: 0.32645181007683277
  view-data: 0.051390668377280235
