times:
  edit-metadata: 1.5255939066410065
  landing: 0.019125591032207012
  view-data: 0.022654946893453598
