times:
  edit-metadata: 1.5683237090706825
  landing: 0.9512649774551392
  view-data: 3.323527205735445
