times:
  edit-metadata: 1.9880931861698627
  landing: 0.11116242595016956
  view-data: 0.02927827090024948
