times:
  edit-metadata: 1.9864543564617634
  landing: 1.2237543873488903
  view-data: 3.4651985839009285
