times:
  edit-metadata: 1.2080425599997398
  landing: 0.10665725400031079
  view-data: 0.3297779959975742
