times:
  edit-metadata: 1.8907759580761194
  landing: 0.13006164878606796
  view-data: 0.6372853219509125
