times:
  edit-metadata: 2.2558607570827007
  landing: 0.12583433091640472
  view-data: 0.2818778194487095
