times:
  edit-metadata: 1.5983358956873417
  landing: 1.2044246643781662
  view-data: 3.4542198292911053
