times:
  edit-metadata: 2.405009163543582
  landing: 1.2111204098910093
  view-data: 3.7143601439893246
