times:
  edit-metadata: 1.9582938309758902
  landing: 0.1509033814072609
  view-data: 0.024235911667346954
