times:
  edit-metadata: 1.4528602720238268
  landing: 0.9690103619359434
  view-data: 0.9077709717676044
