times:
  edit-metadata: 1.4085060795769095
  landing: 0.16560462024062872
  view-data: 0.22477482724934816
