times:
  edit-metadata: 1.5298902168869972
  landing: 1.0182482525706291
  view-data: 3.3932008324190974
