times:
  edit-metadata: 1.951706901192665
  landing: 0.021115515381097794
  view-data: 0.3748904597014189
