times:
  edit-metadata: 1.076780745992437
  landing: 0.048687156988307834
  view-data: 0.382313878973946
