times:
  edit-metadata: 2.388198599219322
  landing: 0.2261081077158451
  view-data: 0.6852107718586922
