times:
  edit-metadata: 2.2722761258482933
  landing: 0.17271088995039463
  view-data: 0.6651449240744114
