times:
  edit-metadata: 1.5417701415717602
  landing: 0.9188745021820068
  view-data: 3.3675100803375244
