times:
  edit-metadata: 1.3041542628780007
  landing: 0.14809215115383267
  view-data: 0.35576366912573576
