times:
  edit-metadata: 2.0350284576416016
  landing: 0.12555748410522938
  view-data: 0.5867513623088598
