times:
  edit-metadata: 1.5682309679687023
  landing: 0.9196974113583565
  view-data: 3.3285062313079834
