times:
  edit-metadata: 1.4056964106857777
  landing: 0.8928085872903466
  view-data: 0.6236518183723092
