times:
  edit-metadata: 1.376603472046554
  landing: 0.22405563574284315
  view-data: 0.0241002906113863
