times:
  edit-metadata: 2.073928827419877
  landing: 0.12219228595495224
  view-data: 0.025955146178603172
