times:
  edit-metadata: 1.528337799012661
  landing: 0.8390064314007759
  view-data: 0.7607169561088085
