times:
  edit-metadata: 1.9593604430556297
  landing: 0.14025934040546417
  view-data: 0.6183972042053938
