times:
  edit-metadata: 1.6016913801431656
  landing: 1.005569003522396
  view-data: 3.3563797883689404
