times:
  edit-metadata: 1.6517653986811638
  landing: 0.8302153795957565
  view-data: 3.3936397656798363
