times:
  edit-metadata: 1.5631298124790192
  landing: 0.7994539085775614
  view-data: 3.3994258027523756
