times:
  edit-metadata: 1.3185642810421996
  landing: 0.06017631699796766
  view-data: 0.4498549390118569
