times:
  edit-metadata: 0.9447801659698598
  landing: 0.056628638005349785
  view-data: 0.3948072859784588
