times:
  edit-metadata: 1.5716572124511003
  landing: 0.8470298517495394
  view-data: 3.4294975381344557
