times:
  edit-metadata: 1.4229385129874572
  landing: 0.1344427660224028
  view-data: 0.46454279602039605
