times:
  edit-metadata: 1.6579331886023283
  landing: 0.921362979337573
  view-data: 3.4827349446713924
