times:
  edit-metadata: 1.4897675346583128
  landing: 0.8313456401228905
  view-data: 3.3895296305418015
