times:
  edit-metadata: 1.4037185958586633
  landing: 1.0843519729096442
  view-data: 3.392001189989969
