times:
  edit-metadata: 1.5314436149783432
  landing: 0.9321737769059837
  view-data: 0.6911102519370615
