times:
  edit-metadata: 1.3756873551756144
  landing: 0.9750199858099222
  view-data: 0.7911668885499239
