times:
  edit-metadata: 1.0044961811508983
  landing: 0.05734618008136749
  view-data: 0.5006958302110434
