times:
  edit-metadata: 1.6490096780471504
  landing: 1.0517153600230813
  view-data: 3.351400676649064
