times:
  edit-metadata: 0.9904253140557557
  landing: 0.062462906003929675
  view-data: 0.49808393500279635
