times:
  edit-metadata: 1.52260173112154
  landing: 0.7591646760702133
  view-data: 0.6439362578094006
