times:
  edit-metadata: 1.0755394749576226
  landing: 0.08838477998506278
  view-data: 0.3949330230243504
