times:
  edit-metadata: 1.5866457680240273
  landing: 0.9457442108541727
  view-data: 0.6385229129809886
