times:
  edit-metadata: 1.6542926952242851
  landing: 0.9759682156145573
  view-data: 0.8408764116466045
