times:
  edit-metadata: 1.5265098437666893
  landing: 0.9241640828549862
  view-data: 3.384963484480977
