times:
  edit-metadata: 1.3103330410085618
  landing: 0.04641297599300742
  view-data: 0.5971564762294292
