times:
  edit-metadata: 1.8188271522521973
  landing: 1.172956943511963
  view-data: 3.4165009781718254
