times:
  edit-metadata: 1.703349456191063
  landing: 0.9359635896980762
  view-data: 3.4321276508271694
