times:
  edit-metadata: 1.093747014994733
  landing: 0.0483079919940792
  view-data: 0.401039740012493
