times:
  edit-metadata: 1.5348820313811302
  landing: 0.7974458951503038
  view-data: 3.416131569072604
