times:
  edit-metadata: 1.5371716599911451
  landing: 0.8936497820541263
  view-data: 0.8063502889126539
