times:
  edit-metadata: 1.560879087075591
  landing: 0.7787419613450766
  view-data: 3.418455943465233
