times:
  edit-metadata: 1.3032223377376795
  landing: 0.04756535403430462
  view-data: 0.5232091546058655
