times:
  edit-metadata: 2.1013883370906115
  landing: 0.14375769160687923
  view-data: 0.6511755734682083
