times:
  edit-metadata: 1.0114907170063816
  landing: 0.05818830901989713
  view-data: 0.5136431430000812
