times:
  edit-metadata: 3.349700582039077
  landing: 0.33598413603613153
  view-data: 0.706247546011582
