times:
  edit-metadata: 1.584406721405685
  landing: 1.01432711398229
  view-data: 0.6941137779504061
