times:
  edit-metadata: 2.3217942100018263
  landing: 0.18732762895524502
  view-data: 0.3040601760149002
