times:
  edit-metadata: 1.5182887241244316
  landing: 1.0929566211998463
  view-data: 3.418940145522356
