times:
  edit-metadata: 1.7360569695010781
  landing: 1.4523667050525546
  view-data: 0.6936633959412575
