times:
  edit-metadata: 1.447201769798994
  landing: 0.984634168446064
  view-data: 3.3168726414442062
