times:
  edit-metadata: 1.6314025856554508
  landing: 0.8601576332002878
  view-data: 0.6929895570501685
