times:
  edit-metadata: 2.0001141242682934
  landing: 0.019479691982269287
  view-data: 0.5425310675054789
