times:
  edit-metadata: 2.273410664871335
  landing: 0.116112245246768
  view-data: 0.028878390789031982
