times:
  edit-metadata: 1.9038956183940172
  landing: 0.13410251028835773
  view-data: 0.9260770222172141
