times:
  edit-metadata: 1.074138815049082
  landing: 0.04782349895685911
  view-data: 0.4004790401086211
