times:
  edit-metadata: 2.0289575094357133
  landing: 1.386128606274724
  view-data: 0.6744738398119807
