times:
  edit-metadata: 1.559830540791154
  landing: 0.8560571912676096
  view-data: 0.7240815944969654
