times:
  edit-metadata: 1.634313702583313
  landing: 0.9699754193425179
  view-data: 3.331391781568527
