times:
  edit-metadata: 2.055477350950241
  landing: 0.018412303179502487
  view-data: 0.024477757513523102
