times:
  edit-metadata: 2.0815318189561367
  landing: 0.2511398158967495
  view-data: 0.12917155027389526
