times:
  edit-metadata: 1.945226538926363
  landing: 0.23572285659611225
  view-data: 0.6365686468780041
