times:
  edit-metadata: 1.4204934686422348
  landing: 0.8390154354274273
  view-data: 3.259094551205635
