times:
  edit-metadata: 1.511354811489582
  landing: 0.9705792181193829
  view-data: 3.2890587374567986
