times:
  edit-metadata: 1.0252263899892569
  landing: 0.05834582506213337
  view-data: 0.5311889180447906
