times:
  edit-metadata: 1.4554129501339048
  landing: 0.827272494090721
  view-data: 0.638559864833951
