times:
  edit-metadata: 3.027003485709429
  landing: 0.8959462307393551
  view-data: 3.406330432742834
