times:
  edit-metadata: 1.4442689325660467
  landing: 0.9406031519174576
  view-data: 3.3744814936071634
