times:
  edit-metadata: 1.3128013359382749
  landing: 0.09111737227067351
  view-data: 0.6125929555855691
