times:
  edit-metadata: 0.991892347112298
  landing: 0.06885405909270048
  view-data: 0.8930653429124504
