times:
  edit-metadata: 2.231923222541809
  landing: 0.4157002978026867
  view-data: 0.7458858024328947
