times:
  edit-metadata: 1.4026797930710018
  landing: 0.8010974281933159
  view-data: 3.365153889870271
