times:
  edit-metadata: 1.0203550059814006
  landing: 0.08637350308708847
  view-data: 0.3835275759920478
