times:
  edit-metadata: 1.0508918887935579
  landing: 0.08022088510915637
  view-data: 0.3911955081857741
