times:
  edit-metadata: 1.5634589865803719
  landing: 0.7779910676181316
  view-data: 3.443386062979698
