times:
  edit-metadata: 2.0447260402143
  landing: 0.022901291027665138
  view-data: 0.6565218660980463
