times:
  edit-metadata: 2.56264853104949
  landing: 1.2698818258941174
  view-data: 3.400972818955779
