times:
  edit-metadata: 1.5504822432994843
  landing: 0.9679997749626637
  view-data: 3.342896830290556
