times:
  edit-metadata: 1.4348287917673588
  landing: 0.874410143122077
  view-data: 0.9201968051493168
