times:
  edit-metadata: 2.2303208615630865
  landing: 0.15664002671837807
  view-data: 0.025212299078702927
