times:
  edit-metadata: 1.5532529056072235
  landing: 0.8216675240546465
  view-data: 3.3982806969434023
