times:
  edit-metadata: 2.0647248700261116
  landing: 0.23596209101378918
  view-data: 0.12338057719171047
