times:
  edit-metadata: 1.4491357379592955
  landing: 1.0347353159449995
  view-data: 3.403642410878092
