times:
  edit-metadata: 1.0126849729567766
  landing: 0.07684197509661317
  view-data: 0.3852693170774728
