times:
  edit-metadata: 1.9935146160423756
  landing: 0.019529519602656364
  view-data: 0.023175852373242378
