times:
  edit-metadata: 2.1673708744347095
  landing: 1.23588877171278
  view-data: 3.338563486933708
