times:
  edit-metadata: 2.18251227773726
  landing: 0.13020090013742447
  view-data: 0.13160988502204418
