times:
  edit-metadata: 1.4101843982934952
  landing: 1.0556178987026215
  view-data: 3.3656801506876945
