times:
  edit-metadata: 1.511003992985934
  landing: 0.8629497480578721
  view-data: 0.6602202686481178
