times:
  edit-metadata: 1.6087750233709812
  landing: 0.8994781291112304
  view-data: 0.6185367805883288
