times:
  edit-metadata: 1.1317396867088974
  landing: 0.05471882876008749
  view-data: 0.3840010338462889
