times:
  edit-metadata: 2.038999106734991
  landing: 0.12114790268242359
  view-data: 0.024299759417772293
