times:
  edit-metadata: 1.336365640629083
  landing: 0.05260500265285373
  view-data: 0.3647785307839513
