times:
  edit-metadata: 2.3929590955376625
  landing: 0.2781278006732464
  view-data: 0.17285579815506935
