times:
  edit-metadata: 1.4516455046832561
  landing: 0.9236065000295639
  view-data: 3.3422517366707325
