times:
  edit-metadata: 0.9182569880504161
  landing: 0.06313979404512793
  view-data: 0.3804308840772137
