times:
  edit-metadata: 1.4365820363163948
  landing: 0.7369641214609146
  view-data: 3.488685816526413
