times:
  edit-metadata: 1.560705665498972
  landing: 0.9428800344467163
  view-data: 3.502750054001808
