times:
  edit-metadata: 1.7181960195302963
  landing: 0.8846517875790596
  view-data: 3.329570386558771
