times:
  edit-metadata: 1.4391751028597355
  landing: 0.7581432685256004
  view-data: 3.37720825150609
