times:
  edit-metadata: 1.5408658906817436
  landing: 0.7930136695504189
  view-data: 3.3607899621129036
