times:
  edit-metadata: 1.4994761794805527
  landing: 0.7662183791399002
  view-data: 3.5696616917848587
