times:
  edit-metadata: 1.4215166047215462
  landing: 0.801179863512516
  view-data: 3.5458381175994873
