times:
  edit-metadata: 1.5613463521003723
  landing: 0.7601981833577156
  view-data: 3.337135571986437
