times:
  edit-metadata: 1.438613124191761
  landing: 0.7671932354569435
  view-data: 3.307490386068821
