times:
  edit-metadata: 1.2142762765288353
  landing: 0.813327006995678
  view-data: 3.560754582285881
