times:
  edit-metadata: 1.5614707097411156
  landing: 0.9798681028187275
  view-data: 3.379744216799736
