times:
  edit-metadata: 1.5519069507718086
  landing: 0.8515507318079472
  view-data: 3.736230742186308
