times:
  edit-metadata: 1.4717641919851303
  landing: 0.6877935230731964
  view-data: 3.4363340362906456
