times:
  edit-metadata: 1.4109441861510277
  landing: 0.717811331152916
  view-data: 3.4925414472818375
