times:
  edit-metadata: 1.6211162507534027
  landing: 0.9170791208744049
  view-data: 3.56726660579443
