times:
  edit-metadata: 1.4569071680307388
  landing: 0.7597080692648888
  view-data: 3.528700053691864
