times:
  edit-metadata: 3.016531355679035
  landing: 1.0559835731983185
  view-data: 3.8981344178318977
