times:
  edit-metadata: 1.498393326997757
  landing: 0.8102238401770592
  view-data: 3.287424623966217
