times:
  edit-metadata: 1.4403975941240788
  landing: 0.7662056162953377
  view-data: 3.34887283295393
