times:
  edit-metadata: 1.1706852242350578
  landing: 0.7100008800625801
  view-data: 3.4394311234354973
