times:
  edit-metadata: 1.5594247058033943
  landing: 0.8011933639645576
  view-data: 3.3889981023967266
