times:
  edit-metadata: 1.4781251326203346
  landing: 0.7250478565692902
  view-data: 3.4668417274951935
