times:
  edit-metadata: 1.4482568427920341
  landing: 0.7437676675617695
  view-data: 3.304048988968134
