times:
  edit-metadata: 1.377990536391735
  landing: 0.7288467697799206
  view-data: 3.3906609565019608
