times:
  edit-metadata: 1.469268910586834
  landing: 0.7360458597540855
  view-data: 3.4939637258648872
