times:
  edit-metadata: 1.4739557728171349
  landing: 0.6503490135073662
  view-data: 3.369085267186165
