times:
  edit-metadata: 1.4212681353092194
  landing: 0.7325635775923729
  view-data: 3.349492385983467
