times:
  edit-metadata: 2.5752833783626556
  landing: 1.5696813091635704
  view-data: 3.680298760533333
