times:
  edit-metadata: 1.413016676902771
  landing: 0.8435446247458458
  view-data: 3.3112313002347946
