times:
  edit-metadata: 1.371889017522335
  landing: 0.7416060008108616
  view-data: 3.3590645529329777
