times:
  edit-metadata: 1.3717421516776085
  landing: 0.6933727413415909
  view-data: 3.298560753464699
