times:
  edit-metadata: 2.0283540338277817
  landing: 0.9237843602895737
  view-data: 3.3841494396328926
