times:
  edit-metadata: 1.7010756246745586
  landing: 0.9580204635858536
  view-data: 3.375066317617893
