times:
  edit-metadata: 1.4754032045602798
  landing: 0.778154268860817
  view-data: 3.5030053928494453
