times:
  edit-metadata: 1.8514701277017593
  landing: 0.9951410442590714
  view-data: 3.295653745532036
