times:
  edit-metadata: 1.4616212099790573
  landing: 0.8246825747191906
  view-data: 3.336046975106001
