times:
  edit-metadata: 1.4341277927160263
  landing: 0.7681088447570801
  view-data: 3.4982153102755547
