times:
  edit-metadata: 1.4902866631746292
  landing: 0.726433776319027
  view-data: 3.454425275325775
