times:
  edit-metadata: 1.4329942390322685
  landing: 0.7818043455481529
  view-data: 3.2956225648522377
