times:
  edit-metadata: 1.545029692351818
  landing: 0.7626758143305779
  view-data: 3.2750260941684246
