times:
  edit-metadata: 1.926089558750391
  landing: 1.0467657409608364
  view-data: 3.3722669817507267
