times:
  edit-metadata: 1.3886676505208015
  landing: 0.8078612834215164
  view-data: 3.4692075699567795
