times:
  edit-metadata: 1.4399769455194473
  landing: 0.7818301245570183
  view-data: 3.254253201186657
