times:
  edit-metadata: 1.499124500900507
  landing: 0.7743770368397236
  view-data: 3.281408119946718
