times:
  edit-metadata: 1.3979522250592709
  landing: 0.7404498532414436
  view-data: 3.329398088157177
