times:
  edit-metadata: 1.7981669828295708
  landing: 0.9957936629652977
  view-data: 3.531377039849758
