times:
  edit-metadata: 1.4468905963003635
  landing: 0.7508954480290413
  view-data: 3.360629677772522
