times:
  edit-metadata: 1.4234933443367481
  landing: 0.737533625215292
  view-data: 3.29309931024909
