times:
  edit-metadata: 1.3901104927062988
  landing: 0.6789890453219414
  view-data: 3.4314274042844772
