times:
  edit-metadata: 1.366840735077858
  landing: 0.7493521347641945
  view-data: 3.3151366859674454
