times:
  edit-metadata: 1.8125212490558624
  landing: 0.7806557193398476
  view-data: 3.8304872661828995
