times:
  edit-metadata: 1.4477508664131165
  landing: 0.7880193889141083
  view-data: 3.3493249490857124
