times:
  edit-metadata: 1.369481898844242
  landing: 0.7977329418063164
  view-data: 3.674533136188984
