times:
  edit-metadata: 1.5248237624764442
  landing: 0.8376686125993729
  view-data: 3.2879926934838295
