times:
  edit-metadata: 1.5134541988372803
  landing: 0.7804583758115768
  view-data: 3.5639518573880196
