times:
  edit-metadata: 1.424362912774086
  landing: 0.7365369498729706
  view-data: 3.496524393558502
