times:
  edit-metadata: 1.432964414358139
  landing: 0.7558906748890877
  view-data: 3.3359629064798355
