times:
  edit-metadata: 1.5325404964387417
  landing: 0.7654341980814934
  view-data: 3.380682323127985
