times:
  edit-metadata: 1.3973527923226357
  landing: 0.7868752926588058
  view-data: 3.504110001027584
