times:
  edit-metadata: 1.5020949952304363
  landing: 0.7584052868187428
  view-data: 3.4047327376902103
