times:
  edit-metadata: 2.4462030939757824
  landing: 1.1205067075788975
  view-data: 3.591236736625433
