times:
  edit-metadata: 1.521599255502224
  landing: 0.835449356585741
  view-data: 3.384535778313875
