times:
  edit-metadata: 2.146757747977972
  landing: 1.6708591431379318
  view-data: 3.629218827933073
