times:
  edit-metadata: 1.3873973563313484
  landing: 0.746505931019783
  view-data: 3.4888976588845253
