times:
  edit-metadata: 1.5393562465906143
  landing: 0.8583573326468468
  view-data: 3.386512901633978
