times:
  edit-metadata: 1.3930340334773064
  landing: 0.7725497558712959
  view-data: 3.4826454296708107
