times:
  edit-metadata: 1.488695777952671
  landing: 0.725611999630928
  view-data: 3.5060475543141365
