times:
  edit-metadata: 1.5067565962672234
  landing: 0.8269374743103981
  view-data: 3.5379290357232094
