times:
  edit-metadata: 1.3927615508437157
  landing: 0.752355583012104
  view-data: 3.6020436957478523
