times:
  edit-metadata: 1.4546355530619621
  landing: 0.8687315061688423
  view-data: 3.3247259706258774
