times:
  edit-metadata: 1.4805697835981846
  landing: 0.7303873151540756
  view-data: 3.284094750881195
