times:
  edit-metadata: 1.374956414103508
  landing: 0.7097064852714539
  view-data: 3.29199381172657
