times:
  edit-metadata: 1.424953505396843
  landing: 0.6913836970925331
  view-data: 3.507025197148323
