times:
  edit-metadata: 1.4534860253334045
  landing: 0.7388713583350182
  view-data: 3.2970078736543655
