times:
  edit-metadata: 1.4524077847599983
  landing: 0.7837456092238426
  view-data: 3.4479831606149673
