times:
  edit-metadata: 1.5014016926288605
  landing: 0.876320905983448
  view-data: 3.3718686550855637
