times:
  edit-metadata: 1.452461689710617
  landing: 0.7525473944842815
  view-data: 3.270181503146887
