times:
  edit-metadata: 1.5238533094525337
  landing: 0.7392454706132412
  view-data: 3.285739377140999
