times:
  edit-metadata: 1.502443715929985
  landing: 0.8119763061404228
  view-data: 3.342945359647274
