times:
  edit-metadata: 1.401060190051794
  landing: 0.7359743267297745
  view-data: 3.3206418119370937
