times:
  edit-metadata: 1.4109059423208237
  landing: 0.7491478472948074
  view-data: 3.4906598702073097
