times:
  edit-metadata: 1.4464372768998146
  landing: 0.766824621707201
  view-data: 3.381257191300392
