times:
  edit-metadata: 1.4382752403616905
  landing: 0.7529377341270447
  view-data: 3.553889214992523
