times:
  edit-metadata: 1.3690053597092628
  landing: 0.7571133747696877
  view-data: 3.402580551803112
