times:
  edit-metadata: 1.4241258651018143
  landing: 0.7160770148038864
  view-data: 3.4785221964120865
