times:
  edit-metadata: 1.4528997391462326
  landing: 0.7010796368122101
  view-data: 3.5023316964507103
