times:
  edit-metadata: 1.588577650487423
  landing: 0.8962495103478432
  view-data: 3.308310329914093
