times:
  edit-metadata: 1.601933728903532
  landing: 0.812832348048687
  view-data: 3.3642073571681976
