times:
  edit-metadata: 1.563983928412199
  landing: 0.7683869414031506
  view-data: 3.3709440790116787
