times:
  edit-metadata: 1.4431054443120956
  landing: 0.9123040363192558
  view-data: 3.555796802043915
