times:
  edit-metadata: 1.456390418112278
  landing: 0.7557805851101875
  view-data: 3.4729438945651054
