times:
  edit-metadata: 1.6654479466378689
  landing: 0.793884389102459
  view-data: 3.2947808355093002
