times:
  edit-metadata: 1.4872315600514412
  landing: 0.9523257687687874
  view-data: 3.5228617563843727
