times:
  edit-metadata: 1.466257855296135
  landing: 0.7655396237969398
  view-data: 3.5326894745230675
