times:
  edit-metadata: 1.4773473963141441
  landing: 0.7183807045221329
  view-data: 3.515890948474407
