times:
  edit-metadata: 2.019808627665043
  landing: 1.261208564043045
  view-data: 3.6897490471601486
