times:
  edit-metadata: 1.3370111621916294
  landing: 0.7528815194964409
  view-data: 3.402131289243698
