times:
  edit-metadata: 1.8061596155166626
  landing: 0.9453054293990135
  view-data: 3.321236714720726
