times:
  edit-metadata: 1.4123267121613026
  landing: 0.9040411524474621
  view-data: 3.3012072257697582
