times:
  edit-metadata: 1.5368533544242382
  landing: 0.7133652493357658
  view-data: 3.2590809874236584
