times:
  edit-metadata: 1.4763111844658852
  landing: 0.7184910476207733
  view-data: 3.4804575070738792
