times:
  edit-metadata: 1.4434609189629555
  landing: 0.816608615219593
  view-data: 3.3575747162103653
