times:
  edit-metadata: 1.3912400156259537
  landing: 0.7671840414404869
  view-data: 3.369989365339279
