times:
  edit-metadata: 1.4315986931324005
  landing: 0.7080713510513306
  view-data: 3.4671346098184586
