times:
  edit-metadata: 1.504272572696209
  landing: 0.8326082974672318
  view-data: 3.342579022049904
