times:
  edit-metadata: 1.4090703651309013
  landing: 0.6742531061172485
  view-data: 3.346899338066578
