times:
  edit-metadata: 1.3869853466749191
  landing: 0.809661790728569
  view-data: 3.3339027166366577
