times:
  edit-metadata: 1.4851135313510895
  landing: 0.8976974114775658
  view-data: 3.4152848944067955
