times:
  edit-metadata: 1.5955456532537937
  landing: 0.8346865214407444
  view-data: 3.4217378236353397
