times:
  edit-metadata: 1.4856175184249878
  landing: 0.7386701852083206
  view-data: 3.990703985095024
