times:
  edit-metadata: 1.5863944366574287
  landing: 0.9120624735951424
  view-data: 3.3714350685477257
