times:
  edit-metadata: 1.3871997818350792
  landing: 0.9343663156032562
  view-data: 3.5370634272694588
