times:
  edit-metadata: 1.5174522921442986
  landing: 0.7486745119094849
  view-data: 3.312935657799244
