times:
  edit-metadata: 1.45311738550663
  landing: 0.7846249714493752
  view-data: 3.288769956678152
