times:
  edit-metadata: 1.5906511545181274
  landing: 0.836922325193882
  view-data: 3.503502056002617
