times:
  edit-metadata: 1.5208694003522396
  landing: 0.8195358328521252
  view-data: 3.2980661392211914
