times:
  edit-metadata: 1.4190137535333633
  landing: 0.722825177013874
  view-data: 3.5043437108397484
