times:
  edit-metadata: 1.4032458886504173
  landing: 0.716813400387764
  view-data: 3.4918696582317352
