times:
  edit-metadata: 1.3907224088907242
  landing: 0.7103297859430313
  view-data: 3.3862990885972977
