times:
  edit-metadata: 1.7982668653130531
  landing: 0.8599362298846245
  view-data: 3.389961063861847
