times:
  edit-metadata: 1.8142788484692574
  landing: 0.8730208314955235
  view-data: 3.360534481704235
