times:
  edit-metadata: 1.5329097360372543
  landing: 0.767918050289154
  view-data: 3.302092395722866
