times:
  edit-metadata: 1.5492435358464718
  landing: 0.7935253083705902
  view-data: 3.397544715553522
