times:
  edit-metadata: 1.40993682295084
  landing: 0.7401212006807327
  view-data: 3.2838210314512253
