times:
  edit-metadata: 1.5002176314592361
  landing: 0.783743679523468
  view-data: 3.531742699444294
