times:
  edit-metadata: 1.4218692407011986
  landing: 0.7217901647090912
  view-data: 3.4267397075891495
