times:
  edit-metadata: 1.450561873614788
  landing: 0.7591074630618095
  view-data: 3.301163986325264
