times:
  edit-metadata: 1.4375774636864662
  landing: 0.7167989909648895
  view-data: 3.4865009859204292
