times:
  edit-metadata: 1.440616138279438
  landing: 0.73349754139781
  view-data: 3.3336600586771965
