times:
  edit-metadata: 1.5435765385627747
  landing: 0.8022886216640472
  view-data: 3.540797770023346
