times:
  edit-metadata: 2.6659169793128967
  landing: 1.6067922562360764
  view-data: 3.6305770874023438
