times:
  edit-metadata: 1.5050635784864426
  landing: 0.6600372493267059
  view-data: 3.519159786403179
