times:
  edit-metadata: 1.4344797506928444
  landing: 0.7351971194148064
  view-data: 3.521537110209465
