times:
  edit-metadata: 1.4636588543653488
  landing: 0.7374222502112389
  view-data: 3.393019013106823
