times:
  edit-metadata: 1.4447987526655197
  landing: 0.9136950969696045
  view-data: 3.4834232851862907
