times:
  edit-metadata: 1.5689546503126621
  landing: 0.9078406691551208
  view-data: 3.289420135319233
