times:
  edit-metadata: 1.5392182096838951
  landing: 0.7870409265160561
  view-data: 3.4460842832922935
