times:
  edit-metadata: 2.742002584040165
  landing: 1.7345922067761421
  view-data: 3.7356461212038994
