times:
  edit-metadata: 1.6355552561581135
  landing: 0.8502271063625813
  view-data: 3.4126083701848984
