times:
  edit-metadata: 1.4246604517102242
  landing: 0.6726249530911446
  view-data: 3.461282216012478
