times:
  edit-metadata: 1.4229221120476723
  landing: 0.7226884439587593
  view-data: 3.463944546878338
