times:
  edit-metadata: 1.3996140509843826
  landing: 0.7206857055425644
  view-data: 3.260056048631668
