times:
  edit-metadata: 1.4042307883501053
  landing: 0.7922599017620087
  view-data: 3.5858381390571594
