times:
  edit-metadata: 1.4543033093214035
  landing: 0.7342464700341225
  view-data: 3.3361346051096916
