times:
  edit-metadata: 1.680670965462923
  landing: 0.8174211271107197
  view-data: 3.3093166276812553
