times:
  edit-metadata: 1.5303952097892761
  landing: 0.8596942909061909
  view-data: 3.3586902394890785
