times:
  edit-metadata: 1.771400049328804
  landing: 0.924807570874691
  view-data: 3.343885026872158
