times:
  edit-metadata: 1.6120774112641811
  landing: 0.908502209931612
  view-data: 3.3267504274845123
