times:
  edit-metadata: 1.4565498605370522
  landing: 0.7836871407926083
  view-data: 3.3441079445183277
