times:
  edit-metadata: 1.482785016298294
  landing: 0.7423287034034729
  view-data: 3.277347270399332
