times:
  edit-metadata: 1.693672325462103
  landing: 0.8319450169801712
  view-data: 3.6038198992609978
