times:
  edit-metadata: 1.4148546978831291
  landing: 0.8047524020075798
  view-data: 3.4504390507936478
