times:
  edit-metadata: 1.5294781103730202
  landing: 0.6885962784290314
  view-data: 3.4459943771362305
