times:
  edit-metadata: 1.9626475535333157
  landing: 1.3381548151373863
  view-data: 3.6680619195103645
