times:
  edit-metadata: 1.5381008572876453
  landing: 0.7549214214086533
  view-data: 3.3630731627345085
