times:
  edit-metadata: 5.653770130127668
  landing: 1.3517020903527737
  view-data: 3.819677274674177
