times:
  edit-metadata: 1.5341658480465412
  landing: 0.9027959816157818
  view-data: 3.3908704202622175
