times:
  edit-metadata: 0.5171788320876658
  landing: 0.06634985189884901
  view-data: 0.21161002293229103
