times:
  edit-metadata: 0.5967606981284916
  landing: 0.08950751973316073
  view-data: 0.2880881791934371
