times:
  edit-metadata: 1.3590620048344135
  landing: 0.8848979249596596
  view-data: 3.3982136622071266
