times:
  edit-metadata: 1.5958803072571754
  landing: 0.914934303611517
  view-data: 3.39790828153491
