times:
  edit-metadata: 1.5014965273439884
  landing: 0.9214972779154778
  view-data: 3.4626037888228893
