times:
  edit-metadata: 1.4303641226142645
  landing: 1.0602723006159067
  view-data: 3.3184846211224794
