times:
  edit-metadata: 1.7679189816117287
  landing: 1.1848469972610474
  view-data: 3.352464724332094
