times:
  edit-metadata: 1.5076433345675468
  landing: 0.8071905821561813
  view-data: 3.4017266780138016
