times:
  edit-metadata: 1.6192258186638355
  landing: 0.9516867883503437
  view-data: 3.443173158913851
