times:
  edit-metadata: 1.4451507441699505
  landing: 0.9495161725208163
  view-data: 3.372977497987449
