times:
  edit-metadata: 0.6055340130114928
  landing: 0.061488727980758995
  view-data: 0.23002878201077692
