times:
  edit-metadata: 2.267672076821327
  landing: 1.4019952677190304
  view-data: 3.4604220427572727
