times:
  edit-metadata: 1.4382382119074464
  landing: 0.8204928091727197
  view-data: 3.3268182361498475
