times:
  edit-metadata: 0.5044432079885155
  landing: 0.07828348292969167
  view-data: 0.21863258606754243
