times:
  edit-metadata: 0.4988501140032895
  landing: 0.0628354629734531
  view-data: 0.20637908100616187
