times:
  edit-metadata: 1.2587748520309106
  landing: 0.8484559250064194
  view-data: 3.37302139995154
