times:
  edit-metadata: 2.47907249443233
  landing: 1.568073907867074
  view-data: 3.4514262713491917
