times:
  edit-metadata: 0.5931166149675846
  landing: 0.06779419898521155
  view-data: 0.2190008310135454
