times:
  edit-metadata: 1.3155923634767532
  landing: 0.794844314455986
  view-data: 3.3717649281024933
