times:
  edit-metadata: 0.5213546860031784
  landing: 0.049281413201242685
  view-data: 0.2089160168543458
