times:
  edit-metadata: 0.5241837489884347
  landing: 0.05268263607285917
  view-data: 0.3449151620734483
