times:
  edit-metadata: 1.4716772679239511
  landing: 1.0318557871505618
  view-data: 3.3677902230992913
