times:
  edit-metadata: 0.5139182240236551
  landing: 0.05706490995362401
  view-data: 0.22226566215977073
