times:
  edit-metadata: 0.49382812110707164
  landing: 0.06918033910915256
  view-data: 0.21939775813370943
