times:
  edit-metadata: 1.3721077293157578
  landing: 0.8853137157857418
  view-data: 3.2763644978404045
