times:
  edit-metadata: 1.5257216240279377
  landing: 0.7988426978699863
  view-data: 3.357072107028216
