times:
  edit-metadata: 1.8329291865229607
  landing: 0.8279835470020771
  view-data: 3.354253116995096
