times:
  edit-metadata: 1.5862367637455463
  landing: 1.001681625843048
  view-data: 3.806759750470519
