times:
  edit-metadata: 1.6773929595947266
  landing: 1.033832710236311
  view-data: 3.399525411427021
