times:
  edit-metadata: 0.5037273741327226
  landing: 0.068615036085248
  view-data: 0.34688311303034425
