times:
  edit-metadata: 0.5008521529380232
  landing: 0.06660999497398734
  view-data: 0.21649277105461806
