times:
  edit-metadata: 1.8123562633991241
  landing: 1.0116871977224946
  view-data: 3.395697396248579
