times:
  edit-metadata: 0.5946653829887509
  landing: 0.06820583494845778
  view-data: 0.22394750599050894
