times:
  edit-metadata: 1.842799425125122
  landing: 0.8823702828958631
  view-data: 3.2956589702516794
