times:
  edit-metadata: 1.3648594790138304
  landing: 0.8439076468348503
  view-data: 3.313557344954461
