times:
  edit-metadata: 1.4234827309846878
  landing: 0.9639279439579695
  view-data: 3.7129033321980387
