times:
  edit-metadata: 1.4445906458422542
  landing: 0.8094268790446222
  view-data: 3.3649936416186392
