times:
  edit-metadata: 1.5250652246177197
  landing: 0.7949007051065564
  view-data: 3.364538715220988
