times:
  edit-metadata: 1.5286566939903423
  landing: 0.8630263130180538
  view-data: 3.280731666018255
