times:
  edit-metadata: 0.641122599132359
  landing: 0.05596925783902407
  view-data: 0.3437332729808986
