times:
  edit-metadata: 1.1582802790007918
  landing: 0.07681451300049957
  view-data: 0.29099553000014566
