times:
  edit-metadata: 2.3405073238536716
  landing: 1.5932639874517918
  view-data: 3.358822003006935
