times:
  edit-metadata: 1.4236808605492115
  landing: 0.763586089015007
  view-data: 3.3364235311746597
