times:
  edit-metadata: 2.392942661419511
  landing: 1.1981261037290096
  view-data: 3.679313948377967
