times:
  edit-metadata: 1.6262265257537365
  landing: 1.0928351245820522
  view-data: 3.4270532093942165
