times:
  edit-metadata: 0.6067852210035198
  landing: 0.04665050999756204
  view-data: 0.21333223099645693
