times:
  edit-metadata: 0.5924150380305946
  landing: 0.07199812214821577
  view-data: 0.22158899996429682
