times:
  edit-metadata: 2.4930138997733593
  landing: 1.5938553754240274
  view-data: 3.566068723797798
