times:
  edit-metadata: 1.5175465941429138
  landing: 0.8708352893590927
  view-data: 3.4076265022158623
