times:
  edit-metadata: 1.6689670756459236
  landing: 0.25620988197624683
  view-data: 0.03314129635691643
