times:
  edit-metadata: 1.5287067517638206
  landing: 0.856712743639946
  view-data: 3.369447313249111
