times:
  edit-metadata: 2.864574011415243
  landing: 1.0358937252312899
  view-data: 3.7260394115000963
