times:
  edit-metadata: 2.110236463136971
  landing: 0.9850718369707465
  view-data: 3.625284630805254
