times:
  edit-metadata: 1.9175134357064962
  landing: 1.1111735496670008
  view-data: 3.4329396411776543
