times:
  edit-metadata: 1.4224063754081726
  landing: 0.9372831135988235
  view-data: 3.347865805029869
