times:
  edit-metadata: 0.6293514519929886
  landing: 0.04786469700047746
  view-data: 0.2073566429899074
