times:
  edit-metadata: 1.543528251349926
  landing: 0.9684233739972115
  view-data: 3.3547600023448467
