times:
  edit-metadata: 0.5706630111671984
  landing: 0.0988354398868978
  view-data: 0.2560121538117528
