times:
  edit-metadata: 1.5325674396008253
  landing: 0.760988213121891
  view-data: 3.37953045591712
