times:
  edit-metadata: 0.7163909389928449
  landing: 0.11444110199226998
  view-data: 0.25243808497907594
