times:
  edit-metadata: 1.621804695110768
  landing: 0.7826246879994869
  view-data: 3.384892427828163
