times:
  edit-metadata: 0.6253216129844077
  landing: 0.06924277500365861
  view-data: 0.2281294240092393
