times:
  edit-metadata: 1.3977169580757618
  landing: 0.8730312995612621
  view-data: 3.3792475014925003
