times:
  edit-metadata: 1.3394074440002441
  landing: 0.6585687398910522
  view-data: 3.3103553988039494
