times:
  edit-metadata: 2.1274137683212757
  landing: 0.7554034106433392
  view-data: 3.492154661566019
