times:
  edit-metadata: 1.721325539983809
  landing: 0.9681661697104573
  view-data: 3.439129996113479
