times:
  edit-metadata: 0.4986499799997546
  landing: 0.06496730199432932
  view-data: 0.2113429390010424
