times:
  edit-metadata: 2.1887747831642628
  landing: 1.251057080924511
  view-data: 3.3809548653662205
