times:
  edit-metadata: 0.4948094110004604
  landing: 0.07537849500658922
  view-data: 0.34887752900249325
