times:
  edit-metadata: 2.5188704058527946
  landing: 1.5777378678321838
  view-data: 3.450251743197441
