times:
  edit-metadata: 1.5207153595983982
  landing: 0.8775977417826653
  view-data: 3.4164961464703083
