times:
  edit-metadata: 1.5425138110294938
  landing: 0.7783543653786182
  view-data: 3.4226574329659343
