times:
  edit-metadata: 1.524425769224763
  landing: 0.7374994438141584
  view-data: 3.4126358535140753
