times:
  edit-metadata: 1.5281114298850298
  landing: 0.7473855037242174
  view-data: 3.411660412326455
