times:
  edit-metadata: 2.1330608315765858
  landing: 1.0811742693185806
  view-data: 3.6012595389038324
