times:
  edit-metadata: 1.4642114988528192
  landing: 0.7594674120191485
  view-data: 3.3779163397848606
