times:
  edit-metadata: 1.485313218086958
  landing: 0.8499748669564724
  view-data: 3.307676363736391
