times:
  edit-metadata: 0.545037597999908
  landing: 0.04900019406341016
  view-data: 0.21772277599666268
