times:
  edit-metadata: 1.490764506161213
  landing: 0.914919301867485
  view-data: 3.366515003144741
