times:
  edit-metadata: 1.504794005304575
  landing: 0.7627421915531158
  view-data: 3.402899732813239
