times:
  edit-metadata: 1.4244444882497191
  landing: 0.7691742237657309
  view-data: 3.939651492983103
