times:
  edit-metadata: 1.3628967516124249
  landing: 0.9032363593578339
  view-data: 3.350342571735382
