times:
  edit-metadata: 1.5783372838050127
  landing: 0.8067494593560696
  view-data: 3.447022993117571
