times:
  edit-metadata: 1.50636629993096
  landing: 0.7700215270742774
  view-data: 3.4647460831329226
