times:
  edit-metadata: 1.5269141755998135
  landing: 0.887144424021244
  view-data: 3.431981548666954
