times:
  edit-metadata: 1.6454846300184727
  landing: 0.8450262919068336
  view-data: 3.3929901104420424
