times:
  edit-metadata: 1.4830959789687768
  landing: 0.8820593049749732
  view-data: 3.3265454890206456
