times:
  edit-metadata: 1.4918224466964602
  landing: 0.8123276764526963
  view-data: 3.364359295926988
