times:
  edit-metadata: 0.6239958810037933
  landing: 0.06400264898547903
  view-data: 0.24056590197142214
