times:
  edit-metadata: 0.5037784539963468
  landing: 0.06587392200162867
  view-data: 0.20908040000358596
