times:
  edit-metadata: 0.6026740185916424
  landing: 0.06413213396444917
  view-data: 0.22144236415624619
