times:
  edit-metadata: 1.5555808767676353
  landing: 0.8379475567489862
  view-data: 3.439168833196163
