times:
  edit-metadata: 1.3824654184281826
  landing: 0.8737108670175076
  view-data: 3.379261489957571
