times:
  edit-metadata: 1.2800934510305524
  landing: 0.6948913233354688
  view-data: 3.273851903155446
