times:
  edit-metadata: 0.5729555366560817
  landing: 0.07011117413640022
  view-data: 0.22498812805861235
