times:
  edit-metadata: 1.7459333511069417
  landing: 0.8498390270397067
  view-data: 3.3264563968405128
