times:
  edit-metadata: 1.5570874474942684
  landing: 0.8691377677023411
  view-data: 3.3463316336274147
