times:
  edit-metadata: 0.5831886100349948
  landing: 0.07457248098216951
  view-data: 0.22088774503208697
