times:
  edit-metadata: 1.5376575499540195
  landing: 0.759949063998647
  view-data: 3.3458708480466157
