times:
  edit-metadata: 2.442172252573073
  landing: 1.2324940478429198
  view-data: 3.5917825801298022
