times:
  edit-metadata: 1.6430942118167877
  landing: 0.7499991971999407
  view-data: 3.3153037391602993
