times:
  edit-metadata: 1.4359372528269887
  landing: 0.8166191186755896
  view-data: 3.527414214797318
