times:
  edit-metadata: 1.4532801699824631
  landing: 0.8300109459087253
  view-data: 3.355371523182839
