times:
  edit-metadata: 0.5051378230564296
  landing: 0.06413544761016965
  view-data: 0.20960392896085978
