times:
  edit-metadata: 0.8037457056343555
  landing: 0.04324576072394848
  view-data: 0.24978364817798138
