times:
  edit-metadata: 1.5479626841843128
  landing: 0.8174255564808846
  view-data: 3.3720814399421215
