times:
  edit-metadata: 1.8083802489563823
  landing: 0.8267083400860429
  view-data: 3.4895634446293116
