times:
  edit-metadata: 0.5053485580720007
  landing: 0.06419608893338591
  view-data: 0.2181526009226218
