times:
  edit-metadata: 1.6144212689250708
  landing: 0.8181854467839003
  view-data: 3.4442774523049593
