times:
  edit-metadata: 1.4612848232500255
  landing: 0.7550632921047509
  view-data: 3.344470102339983
