times:
  edit-metadata: 0.5681525892578065
  landing: 0.10871744668111205
  view-data: 0.2881667409092188
