times:
  edit-metadata: 1.3081146109616384
  landing: 0.8480539100710303
  view-data: 3.4522359400289133
