times:
  edit-metadata: 0.5037791060749441
  landing: 0.06444937083870173
  view-data: 0.2272071479819715
