times:
  edit-metadata: 1.6353812478482723
  landing: 0.8676821682602167
  view-data: 3.50271406583488
