times:
  edit-metadata: 1.3142885603010654
  landing: 0.7087440565228462
  view-data: 3.261424746364355
