times:
  edit-metadata: 1.6745299212634563
  landing: 1.014336246997118
  view-data: 3.398328099399805
