times:
  edit-metadata: 1.487810604274273
  landing: 0.871484536677599
  view-data: 3.3342834375798702
