times:
  edit-metadata: 0.5909060062840581
  landing: 0.08045692089945078
  view-data: 0.21875808387994766
