times:
  edit-metadata: 1.414948574732989
  landing: 0.8912104619666934
  view-data: 3.400122249033302
