times:
  edit-metadata: 0.5198555609676987
  landing: 0.046338066924363375
  view-data: 0.21711189788766205
