times:
  edit-metadata: 1.4274115916341543
  landing: 0.9101289287209511
  view-data: 3.3848456982523203
