times:
  edit-metadata: 1.6821218393743038
  landing: 1.0742242746055126
  view-data: 3.351584807038307
