times:
  edit-metadata: 1.7378051541745663
  landing: 0.9502824768424034
  view-data: 3.351347930729389
