times:
  edit-metadata: 1.5061309412121773
  landing: 0.7074299808591604
  view-data: 3.381630688905716
