times:
  edit-metadata: 0.7563099269755185
  landing: 0.060299765318632126
  view-data: 0.21875234274193645
