times:
  edit-metadata: 0.4931645600590855
  landing: 0.06756341899745166
  view-data: 0.2154089438263327
