times:
  edit-metadata: 2.3486677557229996
  landing: 1.0886706374585629
  view-data: 3.512518245726824
