times:
  edit-metadata: 1.9831416700035334
  landing: 1.1099904058501124
  view-data: 3.5989889199845493
