times:
  edit-metadata: 1.571156831458211
  landing: 0.7553220689296722
  view-data: 3.4319748487323523
