times:
  edit-metadata: 1.625283157452941
  landing: 0.8154803160578012
  view-data: 3.451533829793334
