times:
  edit-metadata: 1.495857235044241
  landing: 0.8926571272313595
  view-data: 3.3671724013984203
