times:
  edit-metadata: 1.8414866477251053
  landing: 1.0384408133104444
  view-data: 3.4736751252785325
