times:
  edit-metadata: 0.5786208700155839
  landing: 0.08348674204898998
  view-data: 0.21742021100362763
