times:
  edit-metadata: 1.66428666934371
  landing: 0.9558217450976372
  view-data: 3.3456257842481136
