times:
  edit-metadata: 1.4704770110547543
  landing: 0.7800591923296452
  view-data: 3.3326601833105087
