times:
  edit-metadata: 2.3837975095957518
  landing: 1.1884350813925266
  view-data: 3.709576552733779
