times:
  edit-metadata: 1.4996445141732693
  landing: 0.7252122648060322
  view-data: 3.3801772482693195
