times:
  edit-metadata: 1.6359958406537771
  landing: 0.7971928790211678
  view-data: 3.4498686902225018
