times:
  edit-metadata: 1.3219768459675834
  landing: 0.29379627300659195
  view-data: 0.4638984259800054
