times:
  edit-metadata: 1.418023501522839
  landing: 0.826365526765585
  view-data: 3.387299604713917
