times:
  edit-metadata: 1.4053912246599793
  landing: 0.7852977886795998
  view-data: 3.3278822833672166
