times:
  edit-metadata: 0.8736935807392001
  landing: 0.17504926305264235
  view-data: 0.23559409426525235
