times:
  edit-metadata: 1.5008866116404533
  landing: 0.7610033806413412
  view-data: 0.5210892539471388
