times:
  edit-metadata: 1.532266579568386
  landing: 0.9136377200484276
  view-data: 3.3837569691240788
