times:
  edit-metadata: 1.54103534668684
  landing: 0.7777843903750181
  view-data: 3.413053521886468
