times:
  edit-metadata: 0.4836371731944382
  landing: 0.062178903026506305
  view-data: 0.20835594600066543
