times:
  edit-metadata: 0.5068327269982547
  landing: 0.060597072006203234
  view-data: 0.2311192189808935
