times:
  edit-metadata: 1.6429781513288617
  landing: 0.8761084526777267
  view-data: 3.386205982416868
