times:
  edit-metadata: 2.1386029394343495
  landing: 1.3280844232067466
  view-data: 3.656053946353495
