times:
  edit-metadata: 1.4483468793332577
  landing: 0.808311715722084
  view-data: 3.356891307979822
