times:
  edit-metadata: 2.068828052841127
  landing: 1.1931980671361089
  view-data: 3.5153319146484137
