times:
  edit-metadata: 1.2666887841187418
  landing: 0.6947900101076812
  view-data: 3.323032629908994
