times:
  edit-metadata: 1.5181236416101456
  landing: 0.9468683265149593
  view-data: 3.4156051613390446
