times:
  edit-metadata: 0.5932810972444713
  landing: 0.09687545616179705
  view-data: 0.2573439907282591
