times:
  edit-metadata: 1.6435929462313652
  landing: 1.044068306684494
  view-data: 3.274272620677948
