times:
  edit-metadata: 1.474860468879342
  landing: 0.8068622434511781
  view-data: 3.3619417529553175
