times:
  edit-metadata: 1.5328770726919174
  landing: 0.7499726824462414
  view-data: 3.4204372949898243
