times:
  edit-metadata: 1.377377551048994
  landing: 0.848070316016674
  view-data: 3.297851286828518
