times:
  edit-metadata: 1.6501326970756054
  landing: 0.9521025866270065
  view-data: 3.3466634154319763
