times:
  edit-metadata: 1.7300340346992016
  landing: 0.8420360591262579
  view-data: 3.4414088129997253
