times:
  edit-metadata: 2.4112087450921535
  landing: 1.214465655386448
  view-data: 3.454556589946151
