times:
  edit-metadata: 0.517130684806034
  landing: 0.08311330620199442
  view-data: 0.22703145490959287
