times:
  edit-metadata: 0.5047384009230882
  landing: 0.05961193912662566
  view-data: 0.22076833597384393
