times:
  edit-metadata: 1.386349581182003
  landing: 0.7298496719449759
  view-data: 3.327159371227026
