times:
  edit-metadata: 1.605051226913929
  landing: 0.8962909504771233
  view-data: 3.440613605082035
