times:
  edit-metadata: 1.479374660179019
  landing: 0.7258114106953144
  view-data: 3.3085352778434753
