times:
  edit-metadata: 1.505348976701498
  landing: 0.9150674939155579
  view-data: 3.376164048910141
