times:
  edit-metadata: 0.944959263317287
  landing: 0.15137956477701664
  view-data: 0.22803045297041535
