times:
  edit-metadata: 1.8775025508366525
  landing: 0.9954944187775254
  view-data: 3.3244063248857856
