times:
  edit-metadata: 1.476887334138155
  landing: 0.9092717729508877
  view-data: 3.34306737780571
