times:
  edit-metadata: 1.5517794443294406
  landing: 0.8077939711511135
  view-data: 3.3976525384932756
