times:
  edit-metadata: 1.370798321440816
  landing: 0.9068777356296778
  view-data: 3.2844792511314154
