times:
  edit-metadata: 1.4190137945115566
  landing: 1.002054363489151
  view-data: 3.366042338311672
