times:
  edit-metadata: 1.471726894378662
  landing: 0.914683397859335
  view-data: 3.415973551571369
