times:
  edit-metadata: 1.3562675991561264
  landing: 0.7350369531195611
  view-data: 3.3161703958176076
