times:
  edit-metadata: 1.3310478553175926
  landing: 0.6711682621389627
  view-data: 3.3157215770334005
