times:
  edit-metadata: 0.5020517980447039
  landing: 0.0644288919866085
  view-data: 0.2189245099434629
