times:
  edit-metadata: 1.5835350379347801
  landing: 0.9923054687678814
  view-data: 3.4042162597179413
