times:
  edit-metadata: 0.5159496809355915
  landing: 0.0633464828133583
  view-data: 0.20991221303120255
