times:
  edit-metadata: 1.4603777609299868
  landing: 0.7440128130838275
  view-data: 3.3428498250432312
