times:
  edit-metadata: 1.536100048571825
  landing: 0.8899907134473324
  view-data: 3.4419522024691105
