times:
  edit-metadata: 1.476890517398715
  landing: 0.7497746860608459
  view-data: 3.3623940208926797
