times:
  edit-metadata: 1.5106363520026207
  landing: 0.7572500761598349
  view-data: 3.36595456674695
