times:
  edit-metadata: 1.5054136868566275
  landing: 0.7386374995112419
  view-data: 3.37724432349205
