times:
  edit-metadata: 0.6128151600132696
  landing: 0.047613147005904466
  view-data: 0.21460728999227285
