times:
  edit-metadata: 0.5007054558955133
  landing: 0.06386271701194346
  view-data: 0.20570678799413145
