times:
  edit-metadata: 0.5732597919995897
  landing: 0.11497551400680095
  view-data: 0.21321434999117628
