times:
  edit-metadata: 1.8366641690954566
  landing: 0.8075310233980417
  view-data: 3.3514725249260664
