times:
  edit-metadata: 1.4455943815410137
  landing: 0.8403342962265015
  view-data: 3.336841993033886
