times:
  edit-metadata: 0.48653045669198036
  landing: 0.06908437935635448
  view-data: 0.20766926696524024
