times:
  edit-metadata: 1.4597085528075695
  landing: 0.7354331836104393
  view-data: 3.3168083801865578
