times:
  edit-metadata: 1.5379015784710646
  landing: 0.7744453717023134
  view-data: 3.4217118714004755
