times:
  edit-metadata: 1.5237375106662512
  landing: 0.7898887451738119
  view-data: 3.419666424393654
