times:
  edit-metadata: 1.559327496215701
  landing: 0.8424128126353025
  view-data: 3.419300613924861
