times:
  edit-metadata: 1.5315153449773788
  landing: 1.0448152907192707
  view-data: 0.7615402452647686
