times:
  edit-metadata: 1.67820855230093
  landing: 1.1053231544792652
  view-data: 3.386545581743121
