times:
  edit-metadata: 1.4127022922039032
  landing: 1.1095443591475487
  view-data: 3.3554898351430893
