times:
  edit-metadata: 0.4971154499799013
  landing: 0.07568647502921522
  view-data: 0.2129982488695532
