times:
  edit-metadata: 0.4749244600534439
  landing: 0.06919622304849327
  view-data: 0.21165744098834693
