times:
  edit-metadata: 1.518380794674158
  landing: 0.8518962394446135
  view-data: 3.3483945410698652
