times:
  edit-metadata: 1.5843545608222485
  landing: 1.0868617966771126
  view-data: 3.486413258127868
