times:
  edit-metadata: 1.5371770113706589
  landing: 0.8811978399753571
  view-data: 3.387850608676672
