times:
  edit-metadata: 1.524318527430296
  landing: 0.8991555757820606
  view-data: 3.4175558760762215
