times:
  edit-metadata: 0.4981266278773546
  landing: 0.0660169729962945
  view-data: 0.21381647419184446
