times:
  edit-metadata: 0.5036276649916545
  landing: 0.061616583028808236
  view-data: 0.21444514102768153
