times:
  edit-metadata: 2.450084237381816
  landing: 1.423101581633091
  view-data: 3.9913391191512346
