times:
  edit-metadata: 1.5495251268148422
  landing: 0.7471983302384615
  view-data: 3.3888234551995993
