times:
  edit-metadata: 0.4950321880169213
  landing: 0.07006393582560122
  view-data: 0.20392324915155768
