times:
  edit-metadata: 1.5646995212882757
  landing: 0.6764546670019627
  view-data: 3.4330674465745687
