times:
  edit-metadata: 0.5083653456531465
  landing: 0.07123296102508903
  view-data: 0.20967112109065056
