times:
  edit-metadata: 1.5261474568396807
  landing: 1.4395660478621721
  view-data: 3.403729921672493
