times:
  edit-metadata: 1.5351998396217823
  landing: 0.774532986804843
  view-data: 3.4368656147271395
