times:
  edit-metadata: 0.49229512293823063
  landing: 0.07378801400773227
  view-data: 0.3462438720744103
