times:
  edit-metadata: 1.601205587387085
  landing: 0.8006623014807701
  view-data: 3.4535485431551933
