times:
  edit-metadata: 0.5034577241167426
  landing: 0.06472708284854889
  view-data: 0.2199913701042533
