times:
  edit-metadata: 1.4957633852027357
  landing: 0.9336115131154656
  view-data: 3.4771657972596586
