times:
  edit-metadata: 1.4055457040667534
  landing: 0.9148803874850273
  view-data: 3.320847373455763
