times:
  edit-metadata: 2.0481084138154984
  landing: 2.072196714580059
  view-data: 4.022068079560995
