times:
  edit-metadata: 1.5672993138432503
  landing: 4.161475997418165
  view-data: 3.3227283470332623
