times:
  edit-metadata: 1.5319467075169086
  landing: 0.7708544097840786
  view-data: 3.4119017217308283
