times:
  edit-metadata: 1.4463882613927126
  landing: 0.7691644188016653
  view-data: 3.3976118490099907
