times:
  edit-metadata: 0.625881816027686
  landing: 0.05352005606982857
  view-data: 0.2235671590315178
