times:
  edit-metadata: 1.6942667495459318
  landing: 1.0016002766788006
  view-data: 3.486778438091278
