times:
  edit-metadata: 1.2949288161471486
  landing: 0.6674383608624339
  view-data: 3.3404748048633337
