times:
  edit-metadata: 1.396488729864359
  landing: 0.8538740230724216
  view-data: 3.314514541067183
