times:
  edit-metadata: 0.5443863486871123
  landing: 0.07532675378024578
  view-data: 0.2077706279233098
