times:
  edit-metadata: 1.9395775301381946
  landing: 1.095160393975675
  view-data: 3.4323795484378934
