times:
  edit-metadata: 1.4031491167843342
  landing: 0.6654086839407682
  view-data: 3.3786753211170435
