times:
  edit-metadata: 1.5315004587173462
  landing: 0.8164986595511436
  view-data: 3.3844506815075874
