times:
  edit-metadata: 0.49920737696811557
  landing: 0.06736284913495183
  view-data: 0.21688444702886045
