times:
  edit-metadata: 2.8991843331605196
  landing: 1.7041224427521229
  view-data: 3.598867639899254
