times:
  edit-metadata: 1.7465998828411102
  landing: 0.8842283021658659
  view-data: 3.34486130438745
