times:
  edit-metadata: 1.5773948207497597
  landing: 0.8388030305504799
  view-data: 3.407972153276205
