times:
  edit-metadata: 0.6449652400042396
  landing: 0.0685687860022881
  view-data: 0.2111002620004001
