times:
  edit-metadata: 0.5099215399823152
  landing: 0.0674107390223071
  view-data: 0.20800560800125822
