times:
  edit-metadata: 1.9506887160241604
  landing: 0.9374968046322465
  view-data: 3.5761501416563988
