times:
  edit-metadata: 0.5121726109646261
  landing: 0.07734353607520461
  view-data: 0.2083334360504523
