times:
  edit-metadata: 1.8597616627812386
  landing: 0.9672337882220745
  view-data: 3.617208316922188
