times:
  edit-metadata: 1.5834931675344706
  landing: 0.02449907921254635
  view-data: 0.34271898306906223
