times:
  edit-metadata: 1.5177211854606867
  landing: 0.7874556072056293
  view-data: 3.4217890966683626
