times:
  edit-metadata: 0.5039396870415658
  landing: 0.0624653329141438
  view-data: 0.3445426400285214
