times:
  edit-metadata: 0.5674029509536922
  landing: 0.06656376703176647
  view-data: 0.2408155769808218
