times:
  edit-metadata: 0.5148133819457144
  landing: 0.071410401025787
  view-data: 0.34101414983160794
