times:
  edit-metadata: 1.450976125895977
  landing: 0.7114156410098076
  view-data: 3.413962071761489
