times:
  edit-metadata: 0.4850075161084533
  landing: 0.06979692494496703
  view-data: 0.2094478840008378
