times:
  edit-metadata: 1.4579512709751725
  landing: 0.7765291980467737
  view-data: 3.3601961922831833
