times:
  edit-metadata: 1.6645877361297607
  landing: 1.10939572006464
  view-data: 3.4145929738879204
