times:
  edit-metadata: 0.8930042120628059
  landing: 0.10342424898408353
  view-data: 0.23848110204562545
