times:
  edit-metadata: 1.4289150349795818
  landing: 0.752399411983788
  view-data: 3.2886582911014557
