times:
  edit-metadata: 0.6921652969904244
  landing: 0.11347924001165666
  view-data: 0.26532212100573815
