times:
  edit-metadata: 2.705213090404868
  landing: 1.272259945049882
  view-data: 3.4316812232136726
