times:
  edit-metadata: 0.5443956330418587
  landing: 0.05193559604231268
  view-data: 0.20584995998069644
