times:
  edit-metadata: 2.2399501465260983
  landing: 1.377057820558548
  view-data: 3.5915258526802063
