times:
  edit-metadata: 0.5027149560046382
  landing: 0.06505022100463975
  view-data: 0.21826942700135987
