times:
  edit-metadata: 1.5259285531938076
  landing: 0.8903166465461254
  view-data: 3.336883720010519
