times:
  edit-metadata: 1.5617426931858063
  landing: 0.7314411401748657
  view-data: 3.3849179558455944
