times:
  edit-metadata: 1.5609437953680754
  landing: 0.7695721033960581
  view-data: 3.4608584214001894
