times:
  edit-metadata: 1.5137094743549824
  landing: 0.7550808358937502
  view-data: 3.4138301890343428
