times:
  edit-metadata: 1.495315033942461
  landing: 0.7371448874473572
  view-data: 3.459571035578847
