times:
  edit-metadata: 0.7434349339455366
  landing: 0.10165389999747276
  view-data: 0.20360241999151185
