times:
  edit-metadata: 0.5787811969639733
  landing: 0.05929978599306196
  view-data: 0.2279956170823425
