times:
  edit-metadata: 1.4502903299871832
  landing: 0.7372234968934208
  view-data: 3.3503698660060763
