times:
  edit-metadata: 1.3932392410933971
  landing: 0.9571118950843811
  view-data: 3.345604281872511
