times:
  edit-metadata: 0.5514211282134056
  landing: 0.05753394402563572
  view-data: 0.21065882593393326
