times:
  edit-metadata: 0.6377801247872412
  landing: 0.04577935812994838
  view-data: 0.22465498326346278
