times:
  edit-metadata: 1.4664067160338163
  landing: 0.7989100152626634
  view-data: 3.343604597263038
