times:
  edit-metadata: 1.6159095633774996
  landing: 0.8238418735563755
  view-data: 3.4419270791113377
