times:
  edit-metadata: 1.7020187713205814
  landing: 1.0215406678617
  view-data: 3.4320128560066223
