times:
  edit-metadata: 3.2830747850239277
  landing: 1.891962245106697
  view-data: 3.782967096194625
