times:
  edit-metadata: 1.4763519973494112
  landing: 0.770416428335011
  view-data: 3.420357453171164
