times:
  edit-metadata: 1.5232501216232777
  landing: 0.7114611212164164
  view-data: 3.3822082094848156
