times:
  edit-metadata: 1.429367939941585
  landing: 0.8792153098620474
  view-data: 3.421018779743463
