times:
  edit-metadata: 0.5079781409585848
  landing: 0.06523674400523305
  view-data: 0.20665335305966437
