times:
  edit-metadata: 0.5791102526709437
  landing: 0.067519370932132
  view-data: 0.22193855699151754
