times:
  edit-metadata: 1.5156799145042896
  landing: 0.9398175999522209
  view-data: 3.313062861561775
