times:
  edit-metadata: 0.5289708549971692
  landing: 0.046613536949735135
  view-data: 0.2199445579899475
