times:
  edit-metadata: 1.367624070495367
  landing: 0.8296819776296616
  view-data: 3.3227113150060177
