times:
  edit-metadata: 1.489578489214182
  landing: 0.8769010491669178
  view-data: 3.340921901166439
