times:
  edit-metadata: 1.5068146958947182
  landing: 0.8344222847372293
  view-data: 3.418333236128092
