times:
  edit-metadata: 1.8281480558216572
  landing: 1.1873697340488434
  view-data: 3.419967968016863
