times:
  edit-metadata: 1.430792436003685
  landing: 0.8092044377699494
  view-data: 3.364998218603432
