times:
  edit-metadata: 1.5759480074048042
  landing: 1.0512121692299843
  view-data: 3.417289949953556
