times:
  edit-metadata: 0.609702414018102
  landing: 0.04591315193101764
  view-data: 0.2243656530044973
