times:
  edit-metadata: 1.5265248119831085
  landing: 0.8103679455816746
  view-data: 3.4169663451611996
