times:
  edit-metadata: 1.5075607895851135
  landing: 0.7225501090288162
  view-data: 3.32205343991518
