times:
  edit-metadata: 1.6024165283888578
  landing: 0.7571999728679657
  view-data: 3.4243945218622684
