times:
  edit-metadata: 2.6058918479830027
  landing: 1.504158690571785
  view-data: 3.587156668305397
