times:
  edit-metadata: 1.4536017822101712
  landing: 0.7872396819293499
  view-data: 3.404309056699276
