times:
  edit-metadata: 1.7436788021586835
  landing: 3.4802062902599573
  view-data: 3.332179130986333
