times:
  edit-metadata: 3.3498955834656954
  landing: 1.3244637623429298
  view-data: 3.6210695300251245
