times:
  edit-metadata: 1.4720361158251762
  landing: 0.7670656628906727
  view-data: 3.24934558942914
