times:
  edit-metadata: 1.327099347487092
  landing: 0.772282880730927
  view-data: 3.432188387028873
