times:
  edit-metadata: 1.5300170257687569
  landing: 0.8217385597527027
  view-data: 3.4002766013145447
