times:
  edit-metadata: 1.552398219704628
  landing: 0.7396212257444859
  view-data: 3.403672691434622
