times:
  edit-metadata: 0.5053449249826372
  landing: 0.06683342787437141
  view-data: 0.21422192500904202
