times:
  edit-metadata: 0.7577490373514593
  landing: 0.10653802519664168
  view-data: 0.27778554102405906
