times:
  edit-metadata: 1.5269462242722511
  landing: 1.0570509657263756
  view-data: 3.3972814343869686
