times:
  edit-metadata: 0.6219289689906873
  landing: 0.05627421700046398
  view-data: 0.3463646019954467
