times:
  edit-metadata: 0.49154944499605335
  landing: 0.05973213698598556
  view-data: 0.22093511701677926
