times:
  edit-metadata: 0.6025645420013461
  landing: 0.04492501000640914
  view-data: 0.21419317700201645
