times:
  edit-metadata: 0.5684165270067751
  landing: 0.14437646372243762
  view-data: 0.2951276539824903
