times:
  edit-metadata: 0.49971669795922935
  landing: 0.06669224402867258
  view-data: 0.2269382020458579
