times:
  edit-metadata: 1.448312433436513
  landing: 22.177374381572008
  view-data: 3.327491406351328
