times:
  edit-metadata: 1.5224820859730244
  landing: 0.8881236319430172
  view-data: 3.4343787021934986
