times:
  edit-metadata: 2.4403883032500744
  landing: 1.971826534718275
  view-data: 3.8128213081508875
