times:
  edit-metadata: 1.4700821414589882
  landing: 0.9018337354063988
  view-data: 3.3764614276587963
