times:
  edit-metadata: 1.9395571574568748
  landing: 2.773793328553438
  view-data: 5.718004334717989
