times:
  edit-metadata: 0.6118234579917043
  landing: 0.048611147969495505
  view-data: 0.3521449549589306
