times:
  edit-metadata: 0.4936209539882839
  landing: 0.0660002208314836
  view-data: 0.20404424099251628
