times:
  edit-metadata: 1.381580057553947
  landing: 0.7575560715049505
  view-data: 3.308667757548392
