times:
  edit-metadata: 0.5107893929816782
  landing: 0.044675000943243504
  view-data: 0.21465542679652572
