times:
  edit-metadata: 1.3683414759580046
  landing: 0.7573623498901725
  view-data: 3.324974960181862
