times:
  edit-metadata: 1.309756533242762
  landing: 0.7310600271448493
  view-data: 3.302275269292295
