times:
  edit-metadata: 0.6272957210021559
  landing: 0.05265611100185197
  view-data: 0.21483596100006253
