times:
  edit-metadata: 1.5077267996966839
  landing: 0.7184668388217688
  view-data: 3.3769774679094553
