times:
  edit-metadata: 0.506789892911911
  landing: 0.06598502700217068
  view-data: 0.20457906695082784
