times:
  edit-metadata: 0.569769877998624
  landing: 0.07267943897750229
  view-data: 0.22096530301496387
