times:
  edit-metadata: 1.3939894260838628
  landing: 0.7419737109448761
  view-data: 3.2860083549749106
