times:
  edit-metadata: 0.7188544829841703
  landing: 0.12376895500347018
  view-data: 0.23728858900722116
