times:
  edit-metadata: 1.501884751021862
  landing: 0.8640212193131447
  view-data: 3.392246048897505
