times:
  edit-metadata: 1.610612515360117
  landing: 0.7643997315317392
  view-data: 3.4323965422809124
