times:
  edit-metadata: 0.5728788310007076
  landing: 0.07518166299996665
  view-data: 0.21567878299993026
