times:
  edit-metadata: 1.5230657272040844
  landing: 0.7296384200453758
  view-data: 3.3830173816531897
