times:
  edit-metadata: 1.5022052824497223
  landing: 0.6944289281964302
  view-data: 3.306910954415798
