times:
  edit-metadata: 2.5490864887833595
  landing: 1.1253113467246294
  view-data: 3.9613810814917088
