times:
  edit-metadata: 1.4292499423027039
  landing: 1.5949399387463927
  view-data: 3.453903339803219
