times:
  edit-metadata: 1.8197577521204948
  landing: 0.02430938184261322
  view-data: 0.026246875524520874
