times:
  edit-metadata: 1.4188996329903603
  landing: 0.8818704970180988
  view-data: 3.356867339462042
