times:
  edit-metadata: 1.8900023084133863
  landing: 0.905263427644968
  view-data: 3.435939298942685
