times:
  edit-metadata: 1.3898859769105911
  landing: 0.8411661498248577
  view-data: 3.3873755149543285
