times:
  edit-metadata: 1.5253061410039663
  landing: 0.7932702247053385
  view-data: 3.385699912905693
