times:
  edit-metadata: 1.5061895623803139
  landing: 0.7036378160119057
  view-data: 3.394070491194725
