times:
  edit-metadata: 0.583032522816211
  landing: 0.08098605694249272
  view-data: 0.20925134513527155
