times:
  edit-metadata: 2.3750112541019917
  landing: 1.2183451279997826
  view-data: 3.8846290670335293
