times:
  edit-metadata: 0.5099017000757158
  landing: 0.06789292488247156
  view-data: 0.21996790077537298
