times:
  edit-metadata: 1.3562891259789467
  landing: 0.7142444029450417
  view-data: 3.534738525748253
