times:
  edit-metadata: 1.4712464809417725
  landing: 0.7089602798223495
  view-data: 3.4762090519070625
