times:
  edit-metadata: 1.506716936826706
  landing: 0.710859939455986
  view-data: 3.7027840614318848
