times:
  edit-metadata: 1.5363391637802124
  landing: 0.9882319569587708
  view-data: 3.533059738576412
