times:
  edit-metadata: 1.4102808833122253
  landing: 0.7379626855254173
  view-data: 3.308632403612137
