times:
  edit-metadata: 1.3581820949912071
  landing: 0.7381556630134583
  view-data: 3.44210959225893
