times:
  edit-metadata: 1.507322907447815
  landing: 0.7125638350844383
  view-data: 3.4536873921751976
