times:
  edit-metadata: 2.0346615463495255
  landing: 1.2920574992895126
  view-data: 3.522241175174713
