times:
  edit-metadata: 1.400999903678894
  landing: 0.7119214460253716
  view-data: 3.4152126237750053
