times:
  edit-metadata: 1.4317006915807724
  landing: 0.8592333942651749
  view-data: 3.509069226682186
