times:
  edit-metadata: 1.479185551404953
  landing: 0.6923391371965408
  view-data: 3.3241655752062798
