times:
  edit-metadata: 1.5849373862147331
  landing: 0.8506284728646278
  view-data: 3.3211659342050552
