times:
  edit-metadata: 1.5149757787585258
  landing: 0.8936235085129738
  view-data: 3.3923434764146805
