times:
  edit-metadata: 1.399955503642559
  landing: 0.7799225375056267
  view-data: 3.2842675521969795
