times:
  edit-metadata: 1.5706371888518333
  landing: 0.776473306119442
  view-data: 3.4742372557520866
