times:
  edit-metadata: 1.4957635253667831
  landing: 0.7760881409049034
  view-data: 3.4916161000728607
