times:
  edit-metadata: 2.087328426539898
  landing: 1.271724872291088
  view-data: 3.688334710896015
