times:
  edit-metadata: 1.3869228437542915
  landing: 0.8106152713298798
  view-data: 3.510698951780796
