times:
  edit-metadata: 1.4469167739152908
  landing: 0.8025856092572212
  view-data: 3.458564415574074
