times:
  edit-metadata: 1.5175162255764008
  landing: 0.7980188876390457
  view-data: 3.2769312411546707
