times:
  edit-metadata: 1.5368585214018822
  landing: 0.8349679335951805
  view-data: 3.344223491847515
