times:
  edit-metadata: 1.4589382261037827
  landing: 0.9746523126959801
  view-data: 3.5362845957279205
