times:
  edit-metadata: 1.4658720567822456
  landing: 0.8112996518611908
  view-data: 3.324850484728813
