times:
  edit-metadata: 1.5477171391248703
  landing: 0.7068567648530006
  view-data: 3.312126010656357
