times:
  edit-metadata: 1.3791697174310684
  landing: 0.7212091013789177
  view-data: 3.4630493745207787
