times:
  edit-metadata: 1.7218946367502213
  landing: 0.9347360655665398
  view-data: 3.484702415764332
