times:
  edit-metadata: 1.3413750305771828
  landing: 0.7499082237482071
  view-data: 3.445497088134289
