times:
  edit-metadata: 1.5669623762369156
  landing: 0.8132903873920441
  view-data: 3.3606384322047234
