times:
  edit-metadata: 2.105598531663418
  landing: 1.3089452683925629
  view-data: 3.730602502822876
