times:
  edit-metadata: 1.4104063361883163
  landing: 0.8082919791340828
  view-data: 3.478520132601261
