times:
  edit-metadata: 1.418233960866928
  landing: 0.7624427229166031
  view-data: 3.3648422807455063
