times:
  edit-metadata: 1.459633082151413
  landing: 0.8813465014100075
  view-data: 3.3689164742827415
