times:
  edit-metadata: 1.4328171536326408
  landing: 0.85884690284729
  view-data: 3.3399844765663147
