times:
  edit-metadata: 1.5227088406682014
  landing: 0.8027174398303032
  view-data: 3.499436676502228
