times:
  edit-metadata: 1.4341928288340569
  landing: 0.7636336460709572
  view-data: 3.4642338156700134
