times:
  edit-metadata: 1.3566421866416931
  landing: 0.9161218926310539
  view-data: 3.5940299332141876
