times:
  edit-metadata: 1.5122809782624245
  landing: 0.8032263666391373
  view-data: 3.5099593847990036
