times:
  edit-metadata: 1.3742351308465004
  landing: 0.8070165887475014
  view-data: 3.411015063524246
