times:
  edit-metadata: 1.533381573855877
  landing: 0.9930603429675102
  view-data: 3.518998548388481
