times:
  edit-metadata: 1.5107748731970787
  landing: 0.8057440742850304
  view-data: 3.325286567211151
