times:
  edit-metadata: 1.4474650397896767
  landing: 0.7551151663064957
  view-data: 3.2610143274068832
