times:
  edit-metadata: 1.530384674668312
  landing: 0.8132074847817421
  view-data: 3.502084232866764
