times:
  edit-metadata: 1.3683066964149475
  landing: 0.7583701908588409
  view-data: 3.4834236949682236
