times:
  edit-metadata: 1.471590779721737
  landing: 0.8280878216028214
  view-data: 3.465862140059471
