times:
  edit-metadata: 1.4839285612106323
  landing: 0.7428472712635994
  view-data: 3.4746104553341866
