times:
  edit-metadata: 1.3294160515069962
  landing: 0.7549875304102898
  view-data: 3.5103870257735252
