times:
  edit-metadata: 1.4353099390864372
  landing: 0.7623889595270157
  view-data: 3.501131147146225
