times:
  edit-metadata: 1.4108350574970245
  landing: 0.8647003918886185
  view-data: 3.2731452584266663
