times:
  edit-metadata: 1.403297521173954
  landing: 0.7189148813486099
  view-data: 3.45416846126318
