times:
  edit-metadata: 1.6466942727565765
  landing: 1.1330592408776283
  view-data: 3.522202603518963
