times:
  edit-metadata: 1.5082236230373383
  landing: 0.7526599019765854
  view-data: 3.4551323503255844
