times:
  edit-metadata: 2.076510965824127
  landing: 1.068924903869629
  view-data: 3.3891828432679176
