times:
  edit-metadata: 1.5679187253117561
  landing: 0.7979502528905869
  view-data: 3.483304090797901
