times:
  edit-metadata: 1.3537792041897774
  landing: 0.7186582610011101
  view-data: 3.420192539691925
