times:
  edit-metadata: 1.4966261088848114
  landing: 0.7944491058588028
  view-data: 3.3375438898801804
