times:
  edit-metadata: 1.3989194855093956
  landing: 0.8786316886544228
  view-data: 3.3524172231554985
