times:
  edit-metadata: 1.4969636872410774
  landing: 0.7481039091944695
  view-data: 3.4664930030703545
