times:
  edit-metadata: 1.4127496853470802
  landing: 0.7497489601373672
  view-data: 3.4523853585124016
