times:
  edit-metadata: 1.3649622648954391
  landing: 0.7761523872613907
  view-data: 3.330985575914383
