times:
  edit-metadata: 1.4026537165045738
  landing: 0.8178113996982574
  view-data: 3.647499442100525
