times:
  edit-metadata: 1.7899180799722672
  landing: 1.1892628222703934
  view-data: 3.6373607218265533
