times:
  edit-metadata: 1.4807546734809875
  landing: 0.8002771139144897
  view-data: 3.3302227333188057
