times:
  edit-metadata: 1.3783222809433937
  landing: 0.7177418097853661
  view-data: 3.424478657543659
