times:
  edit-metadata: 1.4029702469706535
  landing: 0.7620043456554413
  view-data: 3.440329998731613
