times:
  edit-metadata: 1.3311832025647163
  landing: 0.7396418899297714
  view-data: 3.4845409393310547
