times:
  edit-metadata: 1.451778084039688
  landing: 0.7647077143192291
  view-data: 3.507029101252556
