times:
  edit-metadata: 1.4045376777648926
  landing: 0.8037648424506187
  view-data: 3.560214526951313
