times:
  edit-metadata: 1.5005191266536713
  landing: 0.8084880486130714
  view-data: 3.321286901831627
