times:
  edit-metadata: 1.487095594406128
  landing: 0.7972417175769806
  view-data: 3.5237938836216927
