times:
  edit-metadata: 1.3885874673724174
  landing: 0.8416871204972267
  view-data: 3.4534014612436295
