times:
  edit-metadata: 1.3976563140749931
  landing: 0.7941229045391083
  view-data: 3.4993670880794525
