times:
  edit-metadata: 1.566776916384697
  landing: 1.0381593629717827
  view-data: 3.366758517920971
