times:
  edit-metadata: 1.4129664525389671
  landing: 0.7291133031249046
  view-data: 3.4991319701075554
