times:
  edit-metadata: 1.9005561843514442
  landing: 1.1361200213432312
  view-data: 3.6595467031002045
