times:
  edit-metadata: 1.5019628554582596
  landing: 0.843888133764267
  view-data: 3.550465852022171
