times:
  edit-metadata: 1.5029913410544395
  landing: 0.8455386310815811
  view-data: 3.330006204545498
