times:
  edit-metadata: 2.077931024134159
  landing: 1.1047036051750183
  view-data: 3.4267455264925957
