times:
  edit-metadata: 1.2458305805921555
  landing: 0.8081996217370033
  view-data: 3.5547047778964043
