times:
  edit-metadata: 1.3862058073282242
  landing: 0.7842104807496071
  view-data: 3.561794877052307
