times:
  edit-metadata: 1.4888885766267776
  landing: 0.8287049829959869
  view-data: 3.4865292757749557
