times:
  edit-metadata: 1.4449432790279388
  landing: 0.7213827893137932
  view-data: 3.392515905201435
