times:
  edit-metadata: 1.3427325561642647
  landing: 0.7159332856535912
  view-data: 3.534532241523266
