times:
  edit-metadata: 1.3925866931676865
  landing: 0.8398028239607811
  view-data: 3.4959289729595184
