times:
  edit-metadata: 1.3855489864945412
  landing: 0.787981204688549
  view-data: 3.491265654563904
