times:
  edit-metadata: 1.4903187304735184
  landing: 0.722385510802269
  view-data: 3.5494506657123566
