times:
  edit-metadata: 1.4733087867498398
  landing: 0.7781106680631638
  view-data: 3.4105793088674545
