times:
  edit-metadata: 1.3624283522367477
  landing: 0.7617551013827324
  view-data: 3.396387815475464
