times:
  edit-metadata: 1.3625250682234764
  landing: 0.7058569714426994
  view-data: 3.3534889966249466
