times:
  edit-metadata: 1.4197506755590439
  landing: 0.709323100745678
  view-data: 3.4517685249447823
