times:
  edit-metadata: 1.5032657012343407
  landing: 0.7980867698788643
  view-data: 3.539564222097397
