times:
  edit-metadata: 1.4462290666997433
  landing: 0.7621334455907345
  view-data: 3.3132656812667847
