times:
  edit-metadata: 1.4210235364735126
  landing: 0.8185365684330463
  view-data: 3.2949067689478397
