times:
  edit-metadata: 1.434914842247963
  landing: 0.8113133907318115
  view-data: 3.472978353500366
