times:
  edit-metadata: 1.4144508838653564
  landing: 0.7248605638742447
  view-data: 3.446193218231201
