times:
  edit-metadata: 1.397791724652052
  landing: 0.7297358773648739
  view-data: 3.305869683623314
