times:
  edit-metadata: 1.562170371413231
  landing: 0.8880188688635826
  view-data: 3.5097835287451744
