times:
  edit-metadata: 1.3295791670680046
  landing: 0.6948156431317329
  view-data: 3.422435000538826
