times:
  edit-metadata: 1.590749405324459
  landing: 0.9729390442371368
  view-data: 3.5154339596629143
