times:
  edit-metadata: 1.4492740109562874
  landing: 0.8113851100206375
  view-data: 3.2972318828105927
