times:
  edit-metadata: 1.44553729519248
  landing: 0.7626886330544949
  view-data: 3.3111455775797367
