times:
  edit-metadata: 1.6496017426252365
  landing: 0.7614622563123703
  view-data: 3.4198383018374443
