times:
  edit-metadata: 1.4047754406929016
  landing: 0.7703075259923935
  view-data: 3.4429323077201843
