times:
  edit-metadata: 1.3991855680942535
  landing: 0.8000574558973312
  view-data: 3.3796180859208107
