times:
  edit-metadata: 1.408376730978489
  landing: 0.7111733928322792
  view-data: 3.51896533370018
