times:
  edit-metadata: 1.4088163748383522
  landing: 0.7558466866612434
  view-data: 3.3160825669765472
