times:
  edit-metadata: 1.5839982703328133
  landing: 0.836549136787653
  view-data: 3.3118609488010406
