times:
  edit-metadata: 1.464118529111147
  landing: 0.8395495750010014
  view-data: 3.353668086230755
