times:
  edit-metadata: 1.3434497937560081
  landing: 0.73548224568367
  view-data: 3.411559969186783
