times:
  edit-metadata: 1.4660002365708351
  landing: 0.8570402264595032
  view-data: 3.4470179900527
