times:
  edit-metadata: 1.5157379880547523
  landing: 0.738599993288517
  view-data: 3.520583353936672
