times:
  edit-metadata: 1.6097345501184464
  landing: 0.9498282223939896
  view-data: 3.4155214354395866
