times:
  edit-metadata: 1.4732785746455193
  landing: 0.6727024838328362
  view-data: 3.4748513773083687
