times:
  edit-metadata: 1.5188583880662918
  landing: 0.8595460057258606
  view-data: 3.322346694767475
