times:
  edit-metadata: 1.4196918904781342
  landing: 0.7033787071704865
  view-data: 3.459868334233761
