times:
  edit-metadata: 1.4244785234332085
  landing: 0.6843004375696182
  view-data: 3.5002416372299194
