times:
  edit-metadata: 1.8701238743960857
  landing: 1.0425347574055195
  view-data: 3.3365107625722885
