times:
  edit-metadata: 1.4892625361680984
  landing: 0.7180043831467628
  view-data: 3.433482304215431
