times:
  edit-metadata: 1.3712117299437523
  landing: 0.7346876114606857
  view-data: 3.2909815534949303
