times:
  edit-metadata: 1.3104337826371193
  landing: 0.852887935936451
  view-data: 3.4310202673077583
