times:
  edit-metadata: 1.445909820497036
  landing: 0.8073601648211479
  view-data: 3.5557567700743675
