times:
  edit-metadata: 1.8016421422362328
  landing: 1.0674871876835823
  view-data: 3.3368375301361084
