times:
  edit-metadata: 1.41314996778965
  landing: 0.7977358549833298
  view-data: 3.405730813741684
