times:
  edit-metadata: 1.453956976532936
  landing: 0.71961809694767
  view-data: 3.4759318828582764
