times:
  edit-metadata: 1.457091748714447
  landing: 0.7782170176506042
  view-data: 3.2747407108545303
