times:
  edit-metadata: 1.4089225307106972
  landing: 0.7701950669288635
  view-data: 3.33022028952837
