times:
  edit-metadata: 1.4272287376224995
  landing: 0.8548675887286663
  view-data: 3.31008243560791
