times:
  edit-metadata: 1.129117526113987
  landing: 0.7109624817967415
  view-data: 3.5381377413868904
