times:
  edit-metadata: 1.548536330461502
  landing: 0.8944391496479511
  view-data: 3.3019292689859867
