times:
  edit-metadata: 1.4746795669198036
  landing: 0.7727919220924377
  view-data: 3.3813335560262203
