times:
  edit-metadata: 1.3794988542795181
  landing: 0.7386483959853649
  view-data: 3.253989566117525
