times:
  edit-metadata: 1.4776600450277328
  landing: 0.717917837202549
  view-data: 3.4990894868969917
