times:
  edit-metadata: 1.5024214014410973
  landing: 0.8169775530695915
  view-data: 3.494533084332943
