times:
  edit-metadata: 1.4916799031198025
  landing: 0.739624384790659
  view-data: 3.323010992258787
