times:
  edit-metadata: 1.4645576924085617
  landing: 0.8320598155260086
  view-data: 3.3722784854471684
