times:
  edit-metadata: 1.3758413009345531
  landing: 0.7101708762347698
  view-data: 3.2568381279706955
