times:
  edit-metadata: 1.7521634176373482
  landing: 1.4735397472977638
  view-data: 3.3398980498313904
