times:
  edit-metadata: 1.526820246130228
  landing: 0.9944498389959335
  view-data: 3.3081610538065434
