times:
  edit-metadata: 1.4148121029138565
  landing: 0.7662529796361923
  view-data: 3.5217199251055717
