times:
  edit-metadata: 1.4474818743765354
  landing: 0.7914089597761631
  view-data: 3.3275822922587395
