times:
  edit-metadata: 1.42210653424263
  landing: 0.807334765791893
  view-data: 3.423595644533634
