times:
  edit-metadata: 1.4958111718297005
  landing: 0.7030558735132217
  view-data: 3.490174725651741
