times:
  edit-metadata: 1.4781021401286125
  landing: 1.1729869842529297
  view-data: 3.561867319047451
