times:
  edit-metadata: 1.3626949936151505
  landing: 0.7375750169157982
  view-data: 3.4098010212183
