times:
  edit-metadata: 1.4928811490535736
  landing: 0.7157945111393929
  view-data: 3.4811030253767967
