times:
  edit-metadata: 1.321451097726822
  landing: 0.7297952473163605
  view-data: 3.3232093304395676
