times:
  edit-metadata: 1.366214357316494
  landing: 0.7915415987372398
  view-data: 3.5214257687330246
