times:
  edit-metadata: 1.352545790374279
  landing: 0.800124004483223
  view-data: 3.452017568051815
