times:
  edit-metadata: 1.4003055915236473
  landing: 0.7983751110732555
  view-data: 3.338577378541231
