times:
  edit-metadata: 1.3755528219044209
  landing: 0.7413078434765339
  view-data: 3.298631116747856
