times:
  edit-metadata: 1.470058187842369
  landing: 0.8882280811667442
  view-data: 3.34282935410738
