times:
  edit-metadata: 1.4092936962842941
  landing: 0.7223684340715408
  view-data: 3.507299304008484
