times:
  edit-metadata: 1.4082724042236805
  landing: 0.7905878275632858
  view-data: 3.306354496628046
