times:
  edit-metadata: 1.9331980794668198
  landing: 0.948078528046608
  view-data: 3.4378257393836975
