times:
  edit-metadata: 1.391566626727581
  landing: 0.754793293774128
  view-data: 3.4393459483981133
