times:
  edit-metadata: 1.3966941349208355
  landing: 0.7804637476801872
  view-data: 3.3063379637897015
