times:
  edit-metadata: 1.516480851918459
  landing: 0.6958146393299103
  view-data: 3.306541807949543
