times:
  edit-metadata: 1.496914517134428
  landing: 0.8913562633097172
  view-data: 3.3582455553114414
