times:
  edit-metadata: 1.4325155764818192
  landing: 0.7618013918399811
  view-data: 3.470960311591625
