times:
  edit-metadata: 1.3766069114208221
  landing: 0.7005640640854836
  view-data: 3.4215342849493027
