times:
  edit-metadata: 1.3791120648384094
  landing: 0.6986477747559547
  view-data: 3.5229819640517235
