times:
  edit-metadata: 1.3957680463790894
  landing: 0.6880015879869461
  view-data: 3.5005173087120056
