times:
  edit-metadata: 1.433117963373661
  landing: 0.7447142824530602
  view-data: 3.460684932768345
