times:
  edit-metadata: 1.7505850344896317
  landing: 0.7725487127900124
  view-data: 3.418531470000744
