times:
  edit-metadata: 1.418398953974247
  landing: 0.808828704059124
  view-data: 3.3860951960086823
