times:
  edit-metadata: 1.4652475006878376
  landing: 0.8312170654535294
  view-data: 3.278369750827551
