times:
  edit-metadata: 1.502016942948103
  landing: 0.7259860597550869
  view-data: 3.305282887071371
