times:
  edit-metadata: 1.427363820374012
  landing: 0.8006331250071526
  view-data: 3.2529895529150963
