times:
  edit-metadata: 1.3389303386211395
  landing: 0.8209948390722275
  view-data: 3.297447845339775
