times:
  edit-metadata: 1.7108257114887238
  landing: 0.7770574018359184
  view-data: 3.3020588159561157
