times:
  edit-metadata: 1.573950570076704
  landing: 0.8006360866129398
  view-data: 3.2915202863514423
