times:
  edit-metadata: 1.503081001341343
  landing: 0.686355248093605
  view-data: 3.487343654036522
