times:
  edit-metadata: 1.405590459704399
  landing: 0.8104271702468395
  view-data: 3.3888660445809364
