times:
  edit-metadata: 1.4727930277585983
  landing: 0.7045825570821762
  view-data: 3.437076933681965
