times:
  edit-metadata: 1.4457357451319695
  landing: 0.6968361362814903
  view-data: 3.4770572781562805
