times:
  edit-metadata: 1.3979092985391617
  landing: 0.7640822231769562
  view-data: 3.566910222172737
