times:
  edit-metadata: 1.4224214181303978
  landing: 0.7219347134232521
  view-data: 3.4287948459386826
