times:
  edit-metadata: 1.5754326470196247
  landing: 0.9060041792690754
  view-data: 3.3058009780943394
