times:
  edit-metadata: 1.7786157056689262
  landing: 1.0444116778671741
  view-data: 3.3291183598339558
