times:
  edit-metadata: 1.3951409384608269
  landing: 0.7909029349684715
  view-data: 3.3388967365026474
