times:
  edit-metadata: 1.5017925649881363
  landing: 0.7977442070841789
  view-data: 3.4512868225574493
