times:
  edit-metadata: 1.459391102194786
  landing: 0.7525239586830139
  view-data: 3.4647979959845543
