times:
  edit-metadata: 1.5204500705003738
  landing: 0.6958527788519859
  view-data: 3.3647463023662567
