times:
  edit-metadata: 1.4699989929795265
  landing: 0.7803410440683365
  view-data: 3.329750008881092
