times:
  edit-metadata: 2.178710602223873
  landing: 1.0407845601439476
  view-data: 3.9975993037223816
