times:
  edit-metadata: 1.5160749405622482
  landing: 0.7754229754209518
  view-data: 3.4467469304800034
