times:
  edit-metadata: 1.5076837167143822
  landing: 0.6877904981374741
  view-data: 3.3898080587387085
