times:
  edit-metadata: 1.4841842874884605
  landing: 0.7116618603467941
  view-data: 3.405856028199196
