times:
  edit-metadata: 1.419447161257267
  landing: 0.712213784456253
  view-data: 3.526920922100544
