times:
  edit-metadata: 1.4368485510349274
  landing: 0.7953627929091454
  view-data: 3.3425289765000343
