times:
  edit-metadata: 1.4293314218521118
  landing: 0.8390050381422043
  view-data: 3.293994165956974
