times:
  edit-metadata: 1.3749141320586205
  landing: 0.7994794845581055
  view-data: 3.401915080845356
