times:
  edit-metadata: 1.774452418088913
  landing: 0.9553922824561596
  view-data: 3.3564494401216507
