times:
  edit-metadata: 1.525733008980751
  landing: 0.759586364030838
  view-data: 3.5564211532473564
