times:
  edit-metadata: 1.8131154887378216
  landing: 1.1127244494855404
  view-data: 3.659766934812069
