times:
  edit-metadata: 1.376564435660839
  landing: 0.7731340713799
  view-data: 3.335769698023796
