times:
  edit-metadata: 1.3720779865980148
  landing: 0.7894017174839973
  view-data: 3.295148380100727
