times:
  edit-metadata: 1.471495434641838
  landing: 0.8655958324670792
  view-data: 3.367376573383808
