times:
  edit-metadata: 1.4293019324541092
  landing: 0.7260216549038887
  view-data: 3.3332142680883408
