times:
  edit-metadata: 1.4948090687394142
  landing: 0.8368614837527275
  view-data: 3.3079140037298203
