times:
  edit-metadata: 1.5261455327272415
  landing: 0.9096970483660698
  view-data: 3.5285923779010773
