times:
  edit-metadata: 1.379692006856203
  landing: 0.780852809548378
  view-data: 3.282699652016163
