times:
  edit-metadata: 2.0320691242814064
  landing: 1.246309157460928
  view-data: 3.544481448829174
