times:
  edit-metadata: 1.475273184478283
  landing: 0.7592667862772942
  view-data: 3.4844352155923843
