times:
  edit-metadata: 1.8120085895061493
  landing: 0.8019057363271713
  view-data: 3.50551126152277
