times:
  edit-metadata: 1.361775889992714
  landing: 0.7689479663968086
  view-data: 3.487876944243908
