times:
  edit-metadata: 1.609208583831787
  landing: 0.8301490098237991
  view-data: 3.3870044350624084
