times:
  edit-metadata: 1.3517651036381721
  landing: 0.8149821385741234
  view-data: 3.4275078997015953
