times:
  edit-metadata: 1.4762980565428734
  landing: 1.106980748474598
  view-data: 3.6274223774671555
