times:
  edit-metadata: 1.3167895525693893
  landing: 0.7421315759420395
  view-data: 3.2847243398427963
