times:
  edit-metadata: 1.4046807140111923
  landing: 0.7317771390080452
  view-data: 3.533661112189293
