times:
  edit-metadata: 1.4926298782229424
  landing: 0.7417702525854111
  view-data: 3.3354145735502243
