times:
  edit-metadata: 1.4666209891438484
  landing: 0.7001871019601822
  view-data: 3.3330432176589966
