times:
  edit-metadata: 1.3592257723212242
  landing: 0.7936586290597916
  view-data: 3.400992266833782
