times:
  edit-metadata: 1.4721908159554005
  landing: 1.0017624348402023
  view-data: 3.4324047788977623
