times:
  edit-metadata: 1.345800243318081
  landing: 0.7549762353301048
  view-data: 3.3442323207855225
