times:
  edit-metadata: 1.443155713379383
  landing: 0.8034830912947655
  view-data: 3.3713491708040237
