times:
  edit-metadata: 1.5246595665812492
  landing: 0.7535170987248421
  view-data: 3.3958537727594376
