times:
  edit-metadata: 1.482002280652523
  landing: 0.7982964292168617
  view-data: 3.299328953027725
