times:
  edit-metadata: 1.4533562287688255
  landing: 0.714422196149826
  view-data: 3.520593874156475
