times:
  edit-metadata: 1.4090816229581833
  landing: 0.776977077126503
  view-data: 3.49603121727705
