times:
  edit-metadata: 1.793924119323492
  landing: 1.006482470780611
  view-data: 3.53138255700469
