times:
  edit-metadata: 1.4606119841337204
  landing: 1.1126886308193207
  view-data: 3.537207581102848
