times:
  edit-metadata: 1.4191344156861305
  landing: 0.726291298866272
  view-data: 3.3900926522910595
