times:
  edit-metadata: 1.4730037227272987
  landing: 0.7912975773215294
  view-data: 3.3650738447904587
