times:
  edit-metadata: 1.4562198892235756
  landing: 0.8593064174056053
  view-data: 3.4682455137372017
