times:
  edit-metadata: 1.3662707284092903
  landing: 0.8540001884102821
  view-data: 3.5315699726343155
