times:
  edit-metadata: 2.2633997723460197
  landing: 1.7890870794653893
  view-data: 3.6715363934636116
