times:
  edit-metadata: 1.9182852767407894
  landing: 1.226924017071724
  view-data: 3.3277654871344566
