times:
  edit-metadata: 1.5771064860746264
  landing: 0.06485782796517015
  view-data: 0.4084882531315088
