times:
  edit-metadata: 1.484110802412033
  landing: 1.0501951426267624
  view-data: 3.302567843347788
