times:
  edit-metadata: 1.4854263039305806
  landing: 1.001424060203135
  view-data: 3.424109992571175
