times:
  edit-metadata: 1.589188251644373
  landing: 0.895142313092947
  view-data: 3.3690414614975452
