times:
  edit-metadata: 1.5914935190230608
  landing: 0.05121715005952865
  view-data: 0.2699927990324795
