times:
  edit-metadata: 1.5698256629984826
  landing: 0.05277219199342653
  view-data: 0.2858292820164934
