times:
  edit-metadata: 1.6621205229312181
  landing: 0.9158896878361702
  view-data: 3.5018976889550686
