times:
  edit-metadata: 1.5569406375288963
  landing: 0.8019980490207672
  view-data: 3.399743188172579
