times:
  edit-metadata: 1.4901486460585147
  landing: 0.9400020479224622
  view-data: 3.347593665937893
