times:
  edit-metadata: 1.6268685571849346
  landing: 1.1085086576640606
  view-data: 3.3927450068295
