times:
  edit-metadata: 1.7241174131631851
  landing: 1.0766661614179611
  view-data: 3.3677922524511814
