times:
  edit-metadata: 1.3450136240571737
  landing: 0.9174419995397329
  view-data: 3.3485953100025654
