times:
  edit-metadata: 1.484405605122447
  landing: 0.9025910464115441
  view-data: 3.550648547708988
