times:
  edit-metadata: 1.5500454790890217
  landing: 0.8637493085116148
  view-data: 3.387086460366845
