times:
  edit-metadata: 1.5439382512122393
  landing: 0.9226578753441572
  view-data: 3.4240199364721775
