times:
  edit-metadata: 1.3789455629885197
  landing: 0.793663062970154
  view-data: 3.2414565570652485
