times:
  edit-metadata: 2.3117442689836025
  landing: 1.2725339345633984
  view-data: 3.361871112138033
