times:
  edit-metadata: 1.4072203477844596
  landing: 0.9828762877732515
  view-data: 0.5322058480232954
