times:
  edit-metadata: 1.6985653630108573
  landing: 0.06910195099771954
  view-data: 0.28674573100579437
