times:
  edit-metadata: 1.5836393870413303
  landing: 0.9682168662548065
  view-data: 3.3439023680984974
