times:
  edit-metadata: 2.3457978889346123
  landing: 1.2779151536524296
  view-data: 4.0171972662210464
