times:
  edit-metadata: 1.9390327119617723
  landing: 0.0755402299691923
  view-data: 0.2926607539993711
