times:
  edit-metadata: 1.4417445957660675
  landing: 0.8659736132249236
  view-data: 3.3685097536072135
