times:
  edit-metadata: 1.529051959514618
  landing: 1.0495953112840652
  view-data: 3.3090030662715435
