times:
  edit-metadata: 2.699694350361824
  landing: 1.8823896534740925
  view-data: 3.7863287795335054
