times:
  edit-metadata: 2.8139866944402456
  landing: 1.7823670655488968
  view-data: 3.6575216501951218
