times:
  edit-metadata: 1.5700962450355291
  landing: 0.9128553308546543
  view-data: 0.6702434699982405
