times:
  edit-metadata: 1.599355698999716
  landing: 0.05650984600015363
  view-data: 0.2925785380002708
