times:
  edit-metadata: 1.5451699160039425
  landing: 0.825791759416461
  view-data: 3.3342060670256615
