times:
  edit-metadata: 2.1072066156193614
  landing: 0.04424828523769975
  view-data: 0.4108619741164148
