times:
  edit-metadata: 1.4680688348598778
  landing: 0.8822747077792883
  view-data: 3.396466189995408
