times:
  edit-metadata: 1.6644859332591295
  landing: 0.9396841581910849
  view-data: 3.4246343411505222
