times:
  edit-metadata: 1.5180937759578228
  landing: 0.9082236476242542
  view-data: 3.3825609674677253
