times:
  edit-metadata: 1.513217968866229
  landing: 0.9320693155750632
  view-data: 3.410728530958295
