times:
  edit-metadata: 1.6537789292633533
  landing: 0.8347917161881924
  view-data: 3.4226364716887474
