times:
  edit-metadata: 1.5998859563842416
  landing: 0.950837267562747
  view-data: 3.3725300393998623
