times:
  edit-metadata: 1.7255245819687843
  landing: 1.2254111133515835
  view-data: 3.3946039341390133
