times:
  edit-metadata: 1.4219058309681714
  landing: 0.9145013459492475
  view-data: 3.3994131709914654
