times:
  edit-metadata: 1.5540875922888517
  landing: 0.8426162358373404
  view-data: 3.379995122551918
