times:
  edit-metadata: 1.5733334496617317
  landing: 0.8521429263055325
  view-data: 3.3533989563584328
