times:
  edit-metadata: 1.5873404145240784
  landing: 1.065050408244133
  view-data: 3.394692536443472
