times:
  edit-metadata: 1.6364678107202053
  landing: 0.9253735244274139
  view-data: 0.6421957015991211
