times:
  edit-metadata: 1.566622031852603
  landing: 0.8359607644379139
  view-data: 3.391033099964261
