times:
  edit-metadata: 2.0913401059806347
  landing: 1.3847987279295921
  view-data: 3.369811151176691
