times:
  edit-metadata: 1.6175574900116771
  landing: 0.045018729055300355
  view-data: 0.3778730349149555
