times:
  edit-metadata: 1.9304581438191235
  landing: 1.0507355579175055
  view-data: 3.3034143378026783
