times:
  edit-metadata: 1.5593998819967965
  landing: 0.04917655400640797
  view-data: 0.29422151800827123
