times:
  edit-metadata: 1.8461010307073593
  landing: 1.072147598490119
  view-data: 3.3682120088487864
