times:
  edit-metadata: 1.5381755493581295
  landing: 0.8740901872515678
  view-data: 3.307889986783266
