times:
  edit-metadata: 1.9253325969912112
  landing: 0.04516818979755044
  view-data: 0.44258831441402435
