times:
  edit-metadata: 1.5936740399338305
  landing: 0.06094845291227102
  view-data: 0.4083504118025303
