times:
  edit-metadata: 1.4862019307911396
  landing: 1.0534774400293827
  view-data: 3.428232118487358
