times:
  edit-metadata: 1.6143711060285568
  landing: 0.9181219600141048
  view-data: 3.364336472004652
