times:
  edit-metadata: 2.2447998747229576
  landing: 1.63067264854908
  view-data: 0.6828269697725773
