times:
  edit-metadata: 1.499553270637989
  landing: 0.7060885280370712
  view-data: 3.334020458161831
