times:
  edit-metadata: 1.6781002040952444
  landing: 1.013198833912611
  view-data: 3.2906275913119316
