times:
  edit-metadata: 1.5709615051746368
  landing: 0.8648546598851681
  view-data: 3.373731557279825
