times:
  edit-metadata: 3.4915971346199512
  landing: 1.2938925474882126
  view-data: 3.422362480312586
