times:
  edit-metadata: 1.6762433460098691
  landing: 0.06846044602571055
  view-data: 0.4052447310532443
