times:
  edit-metadata: 1.551813547994243
  landing: 0.052883694996125996
  view-data: 0.4001767729932908
