times:
  edit-metadata: 1.496115729212761
  landing: 1.1463579647243023
  view-data: 3.378838434815407
