times:
  edit-metadata: 1.5775527553632855
  landing: 0.8853525640442967
  view-data: 3.301378645002842
