times:
  edit-metadata: 1.5227059349417686
  landing: 0.9000089876353741
  view-data: 3.381865789182484
