times:
  edit-metadata: 1.5154008120298386
  landing: 0.8659050241112709
  view-data: 3.3054888397455215
