times:
  edit-metadata: 1.6043509524315596
  landing: 1.0410137046128511
  view-data: 3.3945787958800793
