times:
  edit-metadata: 1.5701826630102005
  landing: 0.05268500201054849
  view-data: 0.4278970040031709
