times:
  edit-metadata: 1.606102343648672
  landing: 0.8900684826076031
  view-data: 3.445516500622034
