times:
  edit-metadata: 1.6334261037409306
  landing: 1.0685398764908314
  view-data: 3.3756024092435837
