times:
  edit-metadata: 1.6143038868904114
  landing: 0.9852583818137646
  view-data: 3.3582571260631084
