times:
  edit-metadata: 1.459882713854313
  landing: 0.9438310526311398
  view-data: 3.287025608122349
