times:
  edit-metadata: 1.5631440580036724
  landing: 0.055084260005969554
  view-data: 0.289447517003282
