times:
  edit-metadata: 1.5568039139907341
  landing: 0.06013234599959105
  view-data: 0.30256450999877416
