times:
  edit-metadata: 1.4185130100231618
  landing: 0.9716002679197118
  view-data: 3.5891189069952816
