times:
  edit-metadata: 1.4378269482403994
  landing: 0.8404056578874588
  view-data: 3.3348556235432625
