times:
  edit-metadata: 1.6840035212226212
  landing: 0.04816264472901821
  view-data: 0.2665600087493658
