times:
  edit-metadata: 1.5942845330573618
  landing: 0.9339317791163921
  view-data: 3.3840149007737637
