times:
  edit-metadata: 1.5789831932634115
  landing: 0.8470391537994146
  view-data: 3.373706853017211
