times:
  edit-metadata: 1.8914751629927196
  landing: 0.13663337600883096
  view-data: 0.35046956900623627
