times:
  edit-metadata: 1.4984921850264072
  landing: 1.0918252915143967
  view-data: 3.3797881864011288
