times:
  edit-metadata: 1.6622145080473274
  landing: 0.05043953005224466
  view-data: 0.2706731220241636
