times:
  edit-metadata: 1.5529246497899294
  landing: 0.9669396206736565
  view-data: 3.4230758789926767
