times:
  edit-metadata: 1.611971940845251
  landing: 0.06229491904377937
  view-data: 0.28574458602815866
