times:
  edit-metadata: 1.8950741940061562
  landing: 0.04999809799483046
  view-data: 0.40130739100277424
