times:
  edit-metadata: 2.675309292972088
  landing: 1.2247013673186302
  view-data: 3.3853301368653774
