times:
  edit-metadata: 1.6561625960748643
  landing: 0.04465516493655741
  view-data: 0.2734559888485819
