times:
  edit-metadata: 1.3941431306302547
  landing: 0.8001728095114231
  view-data: 3.3167395517230034
