times:
  edit-metadata: 2.257801430299878
  landing: 1.365914709866047
  view-data: 3.431089425459504
