times:
  edit-metadata: 1.681652057915926
  landing: 1.0094294287264347
  view-data: 3.425918821245432
