times:
  edit-metadata: 3.6771657839417458
  landing: 1.082862425595522
  view-data: 3.3864890225231647
