times:
  edit-metadata: 1.5929576100315899
  landing: 0.05196540092583746
  view-data: 0.27324009500443935
