times:
  edit-metadata: 1.6662230398505926
  landing: 1.0373646225780249
  view-data: 3.4003321770578623
