times:
  edit-metadata: 1.6155490204691887
  landing: 0.9295798521488905
  view-data: 3.395153310149908
