times:
  edit-metadata: 1.6309925990062766
  landing: 0.048031466954853386
  view-data: 0.3007136370288208
