times:
  edit-metadata: 1.5131584703922272
  landing: 0.8893976081162691
  view-data: 3.3546252697706223
