times:
  edit-metadata: 2.6667054910212755
  landing: 1.3905721185728908
  view-data: 3.6124684009701014
