times:
  edit-metadata: 1.6651890249922872
  landing: 0.053178846021182835
  view-data: 0.2823223030427471
