times:
  edit-metadata: 1.5717230271548033
  landing: 0.851029122248292
  view-data: 3.37204915843904
