times:
  edit-metadata: 1.6366135110147297
  landing: 0.05307334999088198
  view-data: 0.2898786140140146
