times:
  edit-metadata: 1.6882550549926236
  landing: 0.08942906907759607
  view-data: 0.2911166320554912
