times:
  edit-metadata: 1.473169449949637
  landing: 1.00561592890881
  view-data: 0.6282623608130962
