times:
  edit-metadata: 1.4817674960941076
  landing: 1.0010197050869465
  view-data: 3.4084903076291084
