times:
  edit-metadata: 1.5765638218726963
  landing: 0.050655830185860395
  view-data: 0.3970805339049548
