times:
  edit-metadata: 1.6380846130196005
  landing: 0.051500927889719605
  view-data: 0.2754240711219609
