times:
  edit-metadata: 2.2053500479087234
  landing: 1.2136218692176044
  view-data: 3.3978047259151936
