times:
  edit-metadata: 1.7627932430477813
  landing: 0.06001682090573013
  view-data: 0.30433463596273214
