times:
  edit-metadata: 1.4243671195581555
  landing: 0.9047812325879931
  view-data: 3.3661912912502885
