times:
  edit-metadata: 1.5128452708013356
  landing: 1.1730465590953827
  view-data: 3.359563701786101
