times:
  edit-metadata: 1.8757572043687105
  landing: 0.16178507823497057
  view-data: 0.2883374039083719
