times:
  edit-metadata: 1.4246161170303822
  landing: 0.9219751968048513
  view-data: 0.5594582469202578
