times:
  edit-metadata: 1.9041475360281765
  landing: 0.07871903292834759
  view-data: 0.3909772103652358
