times:
  edit-metadata: 1.3969483480323106
  landing: 0.7575711130630225
  view-data: 3.2865165120456368
