times:
  edit-metadata: 1.5621053026989102
  landing: 1.1946160597726703
  view-data: 3.446298402734101
