times:
  edit-metadata: 1.42835034430027
  landing: 0.9077420122921467
  view-data: 3.2800733000040054
