times:
  edit-metadata: 2.5274751307442784
  landing: 1.5276422100141644
  view-data: 3.5237435018643737
