times:
  edit-metadata: 1.5703766774386168
  landing: 0.8522101752460003
  view-data: 3.3900824040174484
