times:
  edit-metadata: 1.572929322719574
  landing: 0.980540569871664
  view-data: 3.3730167262256145
