times:
  edit-metadata: 1.673128915950656
  landing: 0.057928238064050674
  view-data: 0.30499368207529187
