times:
  edit-metadata: 1.60061940504238
  landing: 0.05965520883910358
  view-data: 0.31427337508648634
