times:
  edit-metadata: 1.6442222229670733
  landing: 1.4128671750659123
  view-data: 3.3194540239637718
