times:
  edit-metadata: 1.5413581151515245
  landing: 0.787651427090168
  view-data: 3.414133545011282
