times:
  edit-metadata: 1.5754499807953835
  landing: 0.8701733518391848
  view-data: 4.448785310611129
