times:
  edit-metadata: 1.5556097119115293
  landing: 0.9159579952247441
  view-data: 3.3973465180024505
