times:
  edit-metadata: 1.503121118992567
  landing: 0.9946358911693096
  view-data: 3.282762911170721
