times:
  edit-metadata: 1.75909985601902
  landing: 1.2326561100780964
  view-data: 3.3888664804399014
