times:
  edit-metadata: 1.6244523487985134
  landing: 6.104022398591042
  view-data: 0.6929878368973732
