times:
  edit-metadata: 1.666253803006839
  landing: 0.0581597920099739
  view-data: 0.2917338889965322
