times:
  edit-metadata: 1.6061498001217842
  landing: 0.9842669554054737
  view-data: 3.365576509386301
