times:
  edit-metadata: 3.303937764838338
  landing: 8.568034259602427
  view-data: 3.60899318754673
