times:
  edit-metadata: 1.4599420633167028
  landing: 0.8373447321355343
  view-data: 3.3152795173227787
