times:
  edit-metadata: 1.56584766600281
  landing: 0.05593767482787371
  view-data: 0.3016956851352006
