times:
  edit-metadata: 1.616143625229597
  landing: 0.045358455274254084
  view-data: 0.2940916074439883
