times:
  edit-metadata: 1.3924621199257672
  landing: 0.9408522420562804
  view-data: 3.3721922086551785
