times:
  edit-metadata: 1.532922975718975
  landing: 1.0280850045382977
  view-data: 3.4026705361902714
