times:
  edit-metadata: 1.5947270765900612
  landing: 0.8126994129270315
  view-data: 3.425984287634492
