times:
  edit-metadata: 1.572187066078186
  landing: 0.8413375020027161
  view-data: 3.4107028171420097
