times:
  edit-metadata: 1.6080675129778683
  landing: 0.05730478500481695
  view-data: 0.27033687906805426
