times:
  edit-metadata: 1.571164496243
  landing: 0.8957869559526443
  view-data: 3.3772002030164003
