times:
  edit-metadata: 1.445877067744732
  landing: 0.8979729041457176
  view-data: 3.260420475155115
