times:
  edit-metadata: 1.625438875053078
  landing: 0.05802700202912092
  view-data: 0.2814467621501535
