times:
  edit-metadata: 1.5766603909432888
  landing: 1.1769674681127071
  view-data: 3.325371127575636
