times:
  edit-metadata: 1.5379630718380213
  landing: 0.8766844384372234
  view-data: 3.3858499079942703
