times:
  edit-metadata: 2.106218977831304
  landing: 1.1255865078419447
  view-data: 3.5354812499135733
