times:
  edit-metadata: 2.176887221634388
  landing: 1.1384465172886848
  view-data: 3.337771613150835
