times:
  edit-metadata: 1.5691457712091506
  landing: 0.05280235083773732
  view-data: 0.4323685010895133
