times:
  edit-metadata: 2.0765949860215187
  landing: 1.5533165335655212
  view-data: 3.9112895019352436
