times:
  edit-metadata: 1.581292518414557
  landing: 0.9643650874495506
  view-data: 3.428457662463188
