times:
  edit-metadata: 2.0977045819163322
  landing: 0.9474163502454758
  view-data: 3.5079760178923607
