times:
  edit-metadata: 1.8951027649454772
  landing: 0.08064325386658311
  view-data: 0.3313360568135977
