times:
  edit-metadata: 1.57360899168998
  landing: 0.9238363541662693
  view-data: 3.327031319960952
