times:
  edit-metadata: 2.504199855029583
  landing: 1.5184912788681686
  view-data: 3.5511288377456367
