times:
  edit-metadata: 1.6081263149389997
  landing: 0.050152046023868024
  view-data: 0.27190334897022694
