times:
  edit-metadata: 1.8634471618570387
  landing: 0.0830520554445684
  view-data: 0.34582236176356673
