times:
  edit-metadata: 1.5880398622248322
  landing: 0.05004932195879519
  view-data: 0.4051784430630505
