times:
  edit-metadata: 1.5356146171689034
  landing: 0.8342477269470692
  view-data: 3.376621387898922
