times:
  edit-metadata: 1.5671768779866397
  landing: 0.927249802974984
  view-data: 0.5667422679252923
