times:
  edit-metadata: 1.3726692809723318
  landing: 0.943906213156879
  view-data: 3.270152160897851
