times:
  edit-metadata: 1.5774032585322857
  landing: 1.2819393444806337
  view-data: 3.4375958126038313
