times:
  edit-metadata: 1.4757614536210895
  landing: 0.9512199554592371
  view-data: 3.405773352831602
