times:
  edit-metadata: 1.658340065041557
  landing: 0.8720862179761752
  view-data: 3.280411495012231
