times:
  edit-metadata: 1.4892170503735542
  landing: 1.0112467966973782
  view-data: 3.3446324728429317
