times:
  edit-metadata: 1.4870048677548766
  landing: 0.9514477662742138
  view-data: 3.4133358588442206
