times:
  edit-metadata: 1.5695266611874104
  landing: 0.9062864892184734
  view-data: 3.4486982114613056
