times:
  edit-metadata: 1.6062860749661922
  landing: 0.05316819902509451
  view-data: 0.28379659773781896
