times:
  edit-metadata: 1.813542599324137
  landing: 1.0300361290574074
  view-data: 3.3299508919008076
