times:
  edit-metadata: 1.614065708592534
  landing: 0.8800075873732567
  view-data: 3.4227840956300497
