times:
  edit-metadata: 1.620703546795994
  landing: 0.05243852594867349
  view-data: 0.3046804112382233
