times:
  edit-metadata: 1.597801637952216
  landing: 0.049976806971244514
  view-data: 0.41321287699975073
