times:
  edit-metadata: 1.583120905001124
  landing: 0.045269934002135415
  view-data: 0.4091102820020751
