times:
  edit-metadata: 1.5214374011848122
  landing: 1.013812538003549
  view-data: 3.440310287056491
