times:
  edit-metadata: 1.6277168719097972
  landing: 0.05029874015599489
  view-data: 0.5283131890464574
