times:
  edit-metadata: 1.4529609866440296
  landing: 0.9127744194120169
  view-data: 3.3955121422186494
