times:
  edit-metadata: 2.102244345471263
  landing: 1.231838895007968
  view-data: 3.535079050809145
