times:
  edit-metadata: 1.7226436082273722
  landing: 1.0895836353302002
  view-data: 3.4804547000676394
