times:
  edit-metadata: 1.408340489026159
  landing: 0.8261112181935459
  view-data: 3.3307807510718703
