times:
  edit-metadata: 1.5215909965336323
  landing: 0.8186798449605703
  view-data: 3.36810982786119
