times:
  edit-metadata: 1.6233664695173502
  landing: 0.9217341151088476
  view-data: 3.388547593727708
