times:
  edit-metadata: 1.5857633270788938
  landing: 0.04844455700367689
  view-data: 0.2694595990469679
