times:
  edit-metadata: 1.7225347682833672
  landing: 1.3051793575286865
  view-data: 3.4319541677832603
