times:
  edit-metadata: 1.6120156869874336
  landing: 0.05558580398792401
  view-data: 0.27982929203426465
