times:
  edit-metadata: 1.4996534325182438
  landing: 1.1354266665875912
  view-data: 3.353780400007963
