times:
  edit-metadata: 1.6596879790304229
  landing: 0.0794112510047853
  view-data: 0.3998255090555176
