times:
  edit-metadata: 2.1739952280186117
  landing: 0.039713405072689056
  view-data: 0.47912229411303997
