times:
  edit-metadata: 1.4202664541080594
  landing: 1.1063616052269936
  view-data: 3.4003854133188725
