times:
  edit-metadata: 2.9525308199226856
  landing: 1.652446884661913
  view-data: 3.4269085600972176
