times:
  edit-metadata: 1.7364032119512558
  landing: 0.835625072941184
  view-data: 3.2822122890502214
