times:
  edit-metadata: 1.8953802338801324
  landing: 0.05190537590533495
  view-data: 0.5085340109653771
