times:
  edit-metadata: 2.4543911330401897
  landing: 1.8550163842737675
  view-data: 4.139041218906641
