times:
  edit-metadata: 1.4522922672331333
  landing: 1.006981022655964
  view-data: 3.359832737594843
