times:
  edit-metadata: 1.6081562377512455
  landing: 0.8872426766902208
  view-data: 3.4241060484200716
