times:
  edit-metadata: 1.5571670460049063
  landing: 0.05297948804218322
  view-data: 0.2723204359645024
