times:
  edit-metadata: 1.4889333853498101
  landing: 0.8592896740883589
  view-data: 3.3604390490800142
