times:
  edit-metadata: 1.475232998142019
  landing: 0.8478172819595784
  view-data: 0.45592148904688656
