times:
  edit-metadata: 1.455904157832265
  landing: 0.9285884173586965
  view-data: 3.383446902036667
