times:
  edit-metadata: 1.5499400049448013
  landing: 0.9513064958155155
  view-data: 3.255532119423151
