times:
  edit-metadata: 2.0759320999495685
  landing: 0.04475996410474181
  view-data: 0.3104153349995613
