times:
  edit-metadata: 1.613123431801796
  landing: 1.1063020937144756
  view-data: 3.4731913916766644
