times:
  edit-metadata: 1.4786340151913464
  landing: 0.9935157163999975
  view-data: 3.4886200251057744
