times:
  edit-metadata: 2.3131196834146976
  landing: 1.4882624596357346
  view-data: 3.591901971027255
