times:
  edit-metadata: 2.0538178901188076
  landing: 0.13721782434731722
  view-data: 0.43005270091816783
