times:
  edit-metadata: 1.8699377812445164
  landing: 1.2541577778756618
  view-data: 3.3258877471089363
