times:
  edit-metadata: 1.5878735799342394
  landing: 0.8886402305215597
  view-data: 3.346722722053528
