times:
  edit-metadata: 1.61236541159451
  landing: 0.8279055319726467
  view-data: 3.368197886273265
