times:
  edit-metadata: 1.4291906356811523
  landing: 0.9767037108540535
  view-data: 3.3421455584466457
