times:
  edit-metadata: 1.5510068144649267
  landing: 0.8990907799452543
  view-data: 3.4251375682651997
