times:
  edit-metadata: 1.612510310485959
  landing: 1.087877368554473
  view-data: 3.31060528755188
