times:
  edit-metadata: 1.5590662136673927
  landing: 0.8860690370202065
  view-data: 3.3377650417387486
