times:
  edit-metadata: 1.7838096842169762
  landing: 1.1096475012600422
  view-data: 3.3567907735705376
