times:
  edit-metadata: 1.6002326980233192
  landing: 0.9598363935947418
  view-data: 3.412282031029463
