times:
  edit-metadata: 1.3876121661160141
  landing: 0.7947655478492379
  view-data: 3.310572309885174
