times:
  edit-metadata: 1.5777221992611885
  landing: 0.8887105248868465
  view-data: 3.401269558817148
