times:
  edit-metadata: 2.1286795381456614
  landing: 0.18065296206623316
  view-data: 0.4471193333156407
