times:
  edit-metadata: 1.7086423970758915
  landing: 1.3229162395000458
  view-data: 3.3515504840761423
