times:
  edit-metadata: 1.3881917549297214
  landing: 0.937829673057422
  view-data: 3.3914814160671085
