times:
  edit-metadata: 1.9861629493534565
  landing: 1.0738396123051643
  view-data: 3.3701597414910793
