times:
  edit-metadata: 1.6210556901060045
  landing: 0.045900041004642844
  view-data: 0.393442909931764
