times:
  edit-metadata: 1.8451453000307083
  landing: 1.1970341186970472
  view-data: 3.4913329146802425
