times:
  edit-metadata: 1.7041636570065748
  landing: 0.08360944100422785
  view-data: 0.2986628810176626
