times:
  edit-metadata: 1.5069245770573616
  landing: 1.0293293446302414
  view-data: 3.4448563046753407
