times:
  edit-metadata: 1.6068369729910046
  landing: 0.043575400952249765
  view-data: 0.2887118400540203
