times:
  edit-metadata: 1.8149655684828758
  landing: 1.1357284225523472
  view-data: 3.33742783498019
