times:
  edit-metadata: 1.5635596476495266
  landing: 1.056712705641985
  view-data: 3.3677644915878773
