times:
  edit-metadata: 1.7945211920887232
  landing: 0.0779388090595603
  view-data: 0.4300426789559424
