times:
  edit-metadata: 1.563262838870287
  landing: 0.81473190151155
  view-data: 3.3518559001386166
