times:
  edit-metadata: 1.5936498641967773
  landing: 0.04490462224930525
  view-data: 0.2763390960171819
