times:
  edit-metadata: 1.5966906286776066
  landing: 0.8314895462244749
  view-data: 3.414379432797432
