times:
  edit-metadata: 1.6188599099987186
  landing: 0.051325489999726415
  view-data: 0.286800641042646
