times:
  edit-metadata: 1.5830261670053005
  landing: 0.051505986135452986
  view-data: 0.9002467007376254
