times:
  edit-metadata: 1.5848875865340233
  landing: 0.8832915406674147
  view-data: 3.4723496045917273
