times:
  edit-metadata: 1.605316486209631
  landing: 0.049819083884358406
  view-data: 0.3037707721814513
