times:
  edit-metadata: 1.7553358520017355
  landing: 0.10638724300224567
  view-data: 0.2999113550031325
