times:
  edit-metadata: 1.5975351799279451
  landing: 0.8349000532180071
  view-data: 3.4501639287918806
