times:
  edit-metadata: 1.7215784564614296
  landing: 1.0896730329841375
  view-data: 3.4268094711005688
