times:
  edit-metadata: 1.6329120630398393
  landing: 0.05248694168403745
  view-data: 0.4163651941344142
