times:
  edit-metadata: 1.488730750977993
  landing: 0.9636162333190441
  view-data: 3.378038875758648
