times:
  edit-metadata: 2.319545192644
  landing: 1.3011217024177313
  view-data: 3.6544563435018063
