times:
  edit-metadata: 1.6512686242349446
  landing: 0.07092486508190632
  view-data: 0.29669772228226066
