times:
  edit-metadata: 1.586673179641366
  landing: 0.9326733462512493
  view-data: 3.793458139523864
