times:
  edit-metadata: 1.666069507598877
  landing: 0.8360236957669258
  view-data: 3.367646776139736
