times:
  edit-metadata: 2.1664132475852966
  landing: 1.0431526154279709
  view-data: 3.4598047882318497
