times:
  edit-metadata: 1.4940623342990875
  landing: 0.901746716350317
  view-data: 3.3685540296137333
