times:
  edit-metadata: 1.8257488701492548
  landing: 1.3722536973655224
  view-data: 3.5139075461775064
