times:
  edit-metadata: 1.956148635596037
  landing: 1.1273203380405903
  view-data: 3.421987906098366
