times:
  edit-metadata: 2.8786776326596737
  landing: 1.1784613002091646
  view-data: 3.47358675301075
