times:
  edit-metadata: 1.5487435348331928
  landing: 0.8632625453174114
  view-data: 3.3264693059027195
