times:
  edit-metadata: 1.829805376008153
  landing: 0.8875417225062847
  view-data: 3.2892385367304087
