times:
  edit-metadata: 1.5149968198966235
  landing: 0.08111683884635568
  view-data: 0.31617814116179943
