times:
  edit-metadata: 1.4028569273650646
  landing: 0.8112043086439371
  view-data: 3.3101137951016426
