times:
  edit-metadata: 2.886429335922003
  landing: 1.759071834385395
  view-data: 3.310886662453413
