times:
  edit-metadata: 1.462950175628066
  landing: 0.8651963658630848
  view-data: 3.3316046111285686
