times:
  edit-metadata: 1.6829815171658993
  landing: 0.9146620072424412
  view-data: 3.4547145199030638
