times:
  edit-metadata: 1.590191550552845
  landing: 0.94909393414855
  view-data: 3.376604385674
