times:
  edit-metadata: 2.2495506783016026
  landing: 0.08774803997948766
  view-data: 0.28901399904862046
