times:
  edit-metadata: 1.4019082244485617
  landing: 0.7592063006013632
  view-data: 3.2888728454709053
