times:
  edit-metadata: 1.5647795461118221
  landing: 0.8737658504396677
  view-data: 3.440346574410796
