times:
  edit-metadata: 1.6353515119990334
  landing: 0.05104812400531955
  view-data: 0.3024552610004321
