times:
  edit-metadata: 1.5843226369470358
  landing: 0.8547000996768475
  view-data: 3.4016174767166376
