times:
  edit-metadata: 1.6098071592859924
  landing: 0.04838255885988474
  view-data: 0.28097356762737036
