times:
  edit-metadata: 1.6524710077792406
  landing: 0.9185853749513626
  view-data: 3.446971084922552
