times:
  edit-metadata: 3.1810317469999063
  landing: 0.15903663200060691
  view-data: 0.5494416290002846
