times:
  edit-metadata: 1.6548651570919901
  landing: 0.05307084205560386
  view-data: 0.2827613209374249
