times:
  edit-metadata: 1.293990465987008
  landing: 0.21196106798015535
  view-data: 0.3143213489674963
