times:
  edit-metadata: 1.875600878149271
  landing: 1.1870171949267387
  view-data: 3.447681602090597
