times:
  edit-metadata: 1.6097467329818755
  landing: 0.059403341030701995
  view-data: 0.28284708806313574
