times:
  edit-metadata: 1.6518499720841646
  landing: 1.0881480742245913
  view-data: 3.481444774195552
