times:
  edit-metadata: 1.5611987821757793
  landing: 1.1625067666172981
  view-data: 3.3207305110991
