times:
  edit-metadata: 1.5287285130470991
  landing: 0.9327848050743341
  view-data: 3.3109113182872534
