times:
  edit-metadata: 1.6509211440570652
  landing: 0.10567249218001962
  view-data: 0.27934508491307497
