times:
  edit-metadata: 2.182329550385475
  landing: 0.9311594758182764
  view-data: 3.5701514910906553
