times:
  edit-metadata: 1.4151996783912182
  landing: 0.9027153812348843
  view-data: 3.2738453447818756
