times:
  edit-metadata: 1.594679243862629
  landing: 0.8708546105772257
  view-data: 3.403153296560049
