times:
  edit-metadata: 1.6098483509995276
  landing: 0.057723534999240655
  view-data: 0.41462128699640743
