times:
  edit-metadata: 1.60053382627666
  landing: 0.8578216750174761
  view-data: 3.425120282918215
