times:
  edit-metadata: 1.7312663118354976
  landing: 0.06858543120324612
  view-data: 0.27332604210823774
