times:
  edit-metadata: 1.542430441826582
  landing: 1.1108981929719448
  view-data: 3.407640416175127
