times:
  edit-metadata: 2.1923481300473213
  landing: 0.052658075001090765
  view-data: 0.28749717120081186
