times:
  edit-metadata: 1.6113321580924094
  landing: 0.04995930986478925
  view-data: 0.2919164840131998
