times:
  edit-metadata: 1.6023592689307407
  landing: 0.05407622701022774
  view-data: 0.4019698390038684
