times:
  edit-metadata: 1.7077786379959434
  landing: 0.04468484688550234
  view-data: 0.2909135289955884
