times:
  edit-metadata: 2.1345341401174664
  landing: 0.04806118784472346
  view-data: 0.47617921279743314
