times:
  edit-metadata: 1.6670457110740244
  landing: 0.05483016511425376
  view-data: 0.2675295569933951
