times:
  edit-metadata: 1.5865144226700068
  landing: 0.9057837445288897
  view-data: 3.399023115634918
