times:
  edit-metadata: 1.5226171622052789
  landing: 0.05669716885313392
  view-data: 0.28772923396900296
