times:
  edit-metadata: 1.5907727950252593
  landing: 0.055282231885939837
  view-data: 0.2783065182156861
