times:
  edit-metadata: 2.2415511831641197
  landing: 1.0278221368789673
  view-data: 3.4292176738381386
