times:
  edit-metadata: 1.586622428148985
  landing: 0.8870825283229351
  view-data: 3.3784506302326918
