times:
  edit-metadata: 1.5724676749669015
  landing: 0.06396473298082128
  view-data: 0.2936004519579001
