times:
  edit-metadata: 1.5417749267071486
  landing: 0.9326327256858349
  view-data: 3.347996700555086
