times:
  edit-metadata: 1.617163504997734
  landing: 0.04903766402276233
  view-data: 0.2897534939693287
