times:
  edit-metadata: 1.624863512814045
  landing: 0.9218300543725491
  view-data: 3.3576390221714973
