times:
  edit-metadata: 1.9474873300641775
  landing: 0.12990026315674186
  view-data: 0.41637921100482345
