times:
  edit-metadata: 1.558934260159731
  landing: 1.2546951957046986
  view-data: 3.4490375742316246
