times:
  edit-metadata: 1.634166390169412
  landing: 0.9934274600818753
  view-data: 3.6028561238199472
