times:
  edit-metadata: 2.417380563914776
  landing: 1.3934489749372005
  view-data: 3.571720713749528
