times:
  edit-metadata: 1.435388975776732
  landing: 0.8751657716929913
  view-data: 3.356716126203537
