times:
  edit-metadata: 1.8852100489893928
  landing: 0.04860803100746125
  view-data: 0.27904382796259597
