times:
  edit-metadata: 1.8384198509156704
  landing: 1.2546209655702114
  view-data: 3.3619004748761654
