times:
  edit-metadata: 1.6317466050386429
  landing: 0.9636346623301506
  view-data: 3.474256034940481
