times:
  edit-metadata: 1.6260369420051575
  landing: 0.04216501908376813
  view-data: 0.28537469590082765
