times:
  edit-metadata: 2.8447452345862985
  landing: 1.6577153578400612
  view-data: 3.5947965793311596
