times:
  edit-metadata: 1.9338530339300632
  landing: 1.2770529566332698
  view-data: 3.4715229589492083
