times:
  edit-metadata: 1.5982930830214173
  landing: 0.04873866308480501
  view-data: 0.28956367284990847
