times:
  edit-metadata: 1.610229287063703
  landing: 0.05740455910563469
  view-data: 0.5175243779085577
