times:
  edit-metadata: 1.6464480839204043
  landing: 1.127409412059933
  view-data: 3.3451576879015192
