times:
  edit-metadata: 1.9077699209738057
  landing: 0.06373013099073432
  view-data: 0.3121936130046379
