times:
  edit-metadata: 1.5920572904869914
  landing: 0.8941276520490646
  view-data: 3.3722943058237433
