times:
  edit-metadata: 1.6293848339701071
  landing: 0.04604504595045
  view-data: 0.3286505249561742
