times:
  edit-metadata: 2.441626218147576
  landing: 1.346648826263845
  view-data: 3.523298748768866
