times:
  edit-metadata: 1.4975507683120668
  landing: 0.9698525182902813
  view-data: 3.2787988018244505
