times:
  edit-metadata: 1.4187817419879138
  landing: 0.9279734194278717
  view-data: 3.3068494610488415
