times:
  edit-metadata: 1.6496412190026604
  landing: 0.05882047797786072
  view-data: 0.3115373250329867
