times:
  edit-metadata: 1.6188664140063338
  landing: 0.04202513600466773
  view-data: 0.29261589399538934
