times:
  edit-metadata: 1.5727790668606758
  landing: 1.0260349921882153
  view-data: 3.4093912951648235
