times:
  edit-metadata: 1.6299940776079893
  landing: 0.8685635458678007
  view-data: 3.371853329241276
