times:
  edit-metadata: 1.4518171921372414
  landing: 0.8999852947890759
  view-data: 3.349038228392601
