times:
  edit-metadata: 1.405477893538773
  landing: 0.8596678795292974
  view-data: 3.3733525965362787
