times:
  edit-metadata: 1.589958697964903
  landing: 0.04841024900088087
  view-data: 0.2763535500271246
