times:
  edit-metadata: 1.6114845741540194
  landing: 0.04904825100675225
  view-data: 0.28393823001533747
