times:
  edit-metadata: 1.6109318879898638
  landing: 0.05602588492911309
  view-data: 0.2759147649630904
