times:
  edit-metadata: 1.5374271906912327
  landing: 0.8661649040877819
  view-data: 3.403058458119631
