times:
  edit-metadata: 1.4399197325110435
  landing: 0.8327271956950426
  view-data: 3.3753877161070704
