times:
  edit-metadata: 1.613506518304348
  landing: 0.9274398777633905
  view-data: 3.462832657620311
