times:
  edit-metadata: 1.5329146794974804
  landing: 0.9679208323359489
  view-data: 3.360570441931486
