times:
  edit-metadata: 1.6219986993819475
  landing: 1.2070292588323355
  view-data: 3.332676447927952
