times:
  edit-metadata: 1.7253338433802128
  landing: 1.2713938914239407
  view-data: 3.3432995304465294
