times:
  edit-metadata: 1.515579093247652
  landing: 1.0896274484694004
  view-data: 3.329627562314272
