times:
  edit-metadata: 1.4175152340903878
  landing: 0.9106507487595081
  view-data: 0.7504428783431649
