times:
  edit-metadata: 1.427090398967266
  landing: 0.899844354018569
  view-data: 3.3805986307561398
