times:
  edit-metadata: 1.4070264347828925
  landing: 1.0707339690998197
  view-data: 3.3968143863603473
