times:
  edit-metadata: 1.6749248132109642
  landing: 0.877085842192173
  view-data: 3.3452985249459743
