times:
  edit-metadata: 1.5743930451571941
  landing: 0.9550726637244225
  view-data: 3.380454421043396
