times:
  edit-metadata: 1.6107587420847267
  landing: 0.045130897080525756
  view-data: 0.6455482649616897
