times:
  edit-metadata: 1.5978746116161346
  landing: 1.0959029830992222
  view-data: 3.3714956156909466
