times:
  edit-metadata: 1.482012985041365
  landing: 0.884534504963085
  view-data: 3.406195006100461
