times:
  edit-metadata: 1.7364219650626183
  landing: 1.0125170424580574
  view-data: 3.28661198168993
