times:
  edit-metadata: 3.7955516539514065
  landing: 1.8015337325632572
  view-data: 4.115733679383993
