times:
  edit-metadata: 1.568802535533905
  landing: 0.8841250892728567
  view-data: 3.424710927531123
