times:
  edit-metadata: 1.4441325142979622
  landing: 0.8679497838020325
  view-data: 3.3324955739080906
