times:
  edit-metadata: 2.0932913534343243
  landing: 1.4184561744332314
  view-data: 3.5033285804092884
