times:
  edit-metadata: 1.5913172779992237
  landing: 0.054197719000512734
  view-data: 0.27961782600050356
