times:
  edit-metadata: 1.6369948390638456
  landing: 0.052946100011467934
  view-data: 0.4388264010194689
