times:
  edit-metadata: 2.241662082262337
  landing: 1.350821029394865
  view-data: 3.441652840934694
