times:
  edit-metadata: 1.5200143177062273
  landing: 1.0167760620824993
  view-data: 3.3109736861661077
