times:
  edit-metadata: 1.4155661286786199
  landing: 0.9015985727310181
  view-data: 0.5232799528166652
