times:
  edit-metadata: 1.5428081639111042
  landing: 1.0190893188118935
  view-data: 3.4104424081742764
