times:
  edit-metadata: 2.343219757080078
  landing: 1.3773879520595074
  view-data: 3.426985714584589
