times:
  edit-metadata: 1.680655003990978
  landing: 0.04154298081994057
  view-data: 0.30008823494426906
