times:
  edit-metadata: 1.588909849524498
  landing: 1.0179222077131271
  view-data: 3.4049555882811546
