times:
  edit-metadata: 1.5413615051656961
  landing: 0.9204125870019197
  view-data: 3.4113602992147207
