times:
  edit-metadata: 1.9633565340191126
  landing: 0.14784147962927818
  view-data: 0.4552415367215872
