times:
  edit-metadata: 1.5729988999664783
  landing: 0.826126042753458
  view-data: 3.3718201816082
