times:
  edit-metadata: 1.485302697867155
  landing: 0.7954111061990261
  view-data: 3.3219851180911064
