times:
  edit-metadata: 1.6265204045921564
  landing: 0.9883093181997538
  view-data: 3.438163636252284
