times:
  edit-metadata: 1.4360868632793427
  landing: 0.7673428431153297
  view-data: 3.3162114396691322
