times:
  edit-metadata: 1.6822116300463676
  landing: 1.1525535061955452
  view-data: 3.4097191840410233
