times:
  edit-metadata: 1.4340600967407227
  landing: 0.7157112136483192
  view-data: 3.575965531170368
