times:
  edit-metadata: 1.4512749165296555
  landing: 0.7878815680742264
  view-data: 3.506580211222172
