times:
  edit-metadata: 1.5487931556999683
  landing: 0.8812260739505291
  view-data: 3.2990761175751686
