times:
  edit-metadata: 1.4140998497605324
  landing: 0.78456861525774
  view-data: 3.4530216678977013
