times:
  edit-metadata: 1.3810297921299934
  landing: 0.8257026001811028
  view-data: 3.3203815929591656
