times:
  edit-metadata: 1.4335774965584278
  landing: 0.7991775870323181
  view-data: 3.2947912365198135
