times:
  edit-metadata: 1.4771364629268646
  landing: 0.7248039096593857
  view-data: 3.417793460190296
