times:
  edit-metadata: 1.5522597655653954
  landing: 0.9109916612505913
  view-data: 3.4083124101161957
