times:
  edit-metadata: 1.628121294081211
  landing: 0.8567647784948349
  view-data: 3.306581035256386
