times:
  edit-metadata: 1.6719666942954063
  landing: 1.3035989105701447
  view-data: 3.3876949660480022
