times:
  edit-metadata: 1.4273835197091103
  landing: 0.8049980625510216
  view-data: 3.443231463432312
