times:
  edit-metadata: 1.4788783565163612
  landing: 0.9768031015992165
  view-data: 3.260908257216215
