times:
  edit-metadata: 1.6225714087486267
  landing: 0.8827849552035332
  view-data: 3.6068387404084206
