times:
  edit-metadata: 1.5611466839909554
  landing: 0.7685824111104012
  view-data: 3.5071330815553665
