times:
  edit-metadata: 1.4527582377195358
  landing: 0.7283261753618717
  view-data: 3.283804524689913
