times:
  edit-metadata: 1.5176184102892876
  landing: 0.9425423257052898
  view-data: 3.3466338589787483
