times:
  edit-metadata: 1.4569621905684471
  landing: 0.8217592239379883
  view-data: 3.4551592990756035
