times:
  edit-metadata: 1.7026968821883202
  landing: 0.9551482275128365
  view-data: 3.3306870236992836
