times:
  edit-metadata: 1.4306230619549751
  landing: 0.830104187130928
  view-data: 3.332706045359373
