times:
  edit-metadata: 2.734794035553932
  landing: 1.51712017506361
  view-data: 4.380950920283794
