times:
  edit-metadata: 1.480535313487053
  landing: 0.846210315823555
  view-data: 3.4428641051054
