times:
  edit-metadata: 1.4764834567904472
  landing: 0.8284081071615219
  view-data: 3.5225069001317024
