times:
  edit-metadata: 1.4599260613322258
  landing: 0.7258095443248749
  view-data: 3.423223465681076
