times:
  edit-metadata: 1.5337031669914722
  landing: 0.8764705136418343
  view-data: 3.292700417339802
