times:
  edit-metadata: 1.5665262006223202
  landing: 0.846882551908493
  view-data: 3.2649968415498734
