times:
  edit-metadata: 1.4483055919408798
  landing: 0.7523526437580585
  view-data: 3.3247397392988205
