times:
  edit-metadata: 1.5029211267828941
  landing: 0.810663715004921
  view-data: 3.504942052066326
