times:
  edit-metadata: 1.4617632701992989
  landing: 0.7863031029701233
  view-data: 3.398347519338131
