times:
  edit-metadata: 1.597896222025156
  landing: 0.9196897558867931
  view-data: 3.304774470627308
