times:
  edit-metadata: 1.464625008404255
  landing: 0.8213416486978531
  view-data: 3.4113674983382225
