times:
  edit-metadata: 1.50631795078516
  landing: 0.8164473101496696
  view-data: 3.4471070915460587
