times:
  edit-metadata: 1.4528082609176636
  landing: 0.8013297691941261
  view-data: 3.279541030526161
