times:
  edit-metadata: 1.367925688624382
  landing: 0.7762178555130959
  view-data: 3.410729333758354
