times:
  edit-metadata: 1.4360714629292488
  landing: 0.8466246128082275
  view-data: 3.4408932477235794
