times:
  edit-metadata: 1.5621185526251793
  landing: 0.8807054832577705
  view-data: 3.370212659239769
