times:
  edit-metadata: 1.4587398320436478
  landing: 0.7678723186254501
  view-data: 3.502036176621914
