times:
  edit-metadata: 1.4409743547439575
  landing: 0.8144096359610558
  view-data: 3.394912339746952
