times:
  edit-metadata: 1.5208916068077087
  landing: 0.9851499125361443
  view-data: 3.435026578605175
