times:
  edit-metadata: 1.5440145432949066
  landing: 0.8167975395917892
  view-data: 3.493917725980282
