times:
  edit-metadata: 1.5079806260764599
  landing: 0.8583682924509048
  view-data: 3.304062496870756
