times:
  edit-metadata: 1.5403092205524445
  landing: 1.0396684557199478
  view-data: 3.3276291862130165
