times:
  edit-metadata: 1.571591842919588
  landing: 0.9807770475745201
  view-data: 3.4028832986950874
