times:
  edit-metadata: 1.3937893584370613
  landing: 0.747549694031477
  view-data: 3.272556759417057
