times:
  edit-metadata: 1.5173694863915443
  landing: 0.818766713142395
  view-data: 3.3468697890639305
