times:
  edit-metadata: 1.3858330100774765
  landing: 0.7731670066714287
  view-data: 3.3477808609604836
