times:
  edit-metadata: 1.5738686956465244
  landing: 0.8597705028951168
  view-data: 3.319734610617161
