times:
  edit-metadata: 1.5516031011939049
  landing: 0.8581247702240944
  view-data: 3.326760098338127
