times:
  edit-metadata: 1.4252634346485138
  landing: 0.9230430833995342
  view-data: 3.275412615388632
