times:
  edit-metadata: 1.4704317077994347
  landing: 1.1317111775279045
  view-data: 3.339964382350445
