times:
  edit-metadata: 1.3187690377235413
  landing: 0.8112778291106224
  view-data: 3.497309461236
