times:
  edit-metadata: 1.4723597951233387
  landing: 0.7630090489983559
  view-data: 3.302479486912489
