times:
  edit-metadata: 1.7880573496222496
  landing: 1.1341717019677162
  view-data: 3.3117319867014885
