times:
  edit-metadata: 1.1948682591319084
  landing: 0.8339065313339233
  view-data: 3.469295509159565
