times:
  edit-metadata: 1.5224726721644402
  landing: 0.8103992193937302
  view-data: 3.5367591381073
