times:
  edit-metadata: 1.4524054937064648
  landing: 0.7848366424441338
  view-data: 3.353827714920044
