times:
  edit-metadata: 1.4283898174762726
  landing: 0.7745069339871407
  view-data: 3.3437647596001625
