times:
  edit-metadata: 1.4059152081608772
  landing: 0.8262811005115509
  view-data: 3.329527895897627
