times:
  edit-metadata: 1.499236460775137
  landing: 0.8401019051671028
  view-data: 3.3051805905997753
