times:
  edit-metadata: 1.5135629884898663
  landing: 0.8532753363251686
  view-data: 3.5321879349648952
