times:
  edit-metadata: 1.483053743839264
  landing: 0.9624770693480968
  view-data: 3.3471306301653385
