times:
  edit-metadata: 1.4470418244600296
  landing: 0.7385058179497719
  view-data: 3.4299882277846336
