times:
  edit-metadata: 1.4528711289167404
  landing: 0.7525691166520119
  view-data: 3.3085642009973526
