times:
  edit-metadata: 1.4697160497307777
  landing: 0.7865274846553802
  view-data: 3.4149105697870255
