times:
  edit-metadata: 2.016908161342144
  landing: 1.114044927060604
  view-data: 3.48233575373888
