times:
  edit-metadata: 1.7445851862430573
  landing: 1.1819900572299957
  view-data: 3.5419324412941933
