times:
  edit-metadata: 1.527328498661518
  landing: 0.8046203479170799
  view-data: 3.480956457555294
