times:
  edit-metadata: 1.338427409529686
  landing: 0.8711448907852173
  view-data: 3.497991167008877
