times:
  edit-metadata: 1.5783803053200245
  landing: 0.9548535607755184
  view-data: 3.3491396456956863
