times:
  edit-metadata: 1.4508078172802925
  landing: 0.8592961728572845
  view-data: 3.4887291714549065
