times:
  edit-metadata: 1.3825940415263176
  landing: 0.7987941838800907
  view-data: 3.2876020297408104
