times:
  edit-metadata: 2.0600239038467407
  landing: 0.9816243648529053
  view-data: 3.67608430236578
