times:
  edit-metadata: 1.5165952444076538
  landing: 0.7700626105070114
  view-data: 3.4736888706684113
