times:
  edit-metadata: 1.4214962236583233
  landing: 0.816957850009203
  view-data: 3.345355737954378
