times:
  edit-metadata: 1.4276835694909096
  landing: 0.7432842701673508
  view-data: 3.3560442477464676
