times:
  edit-metadata: 1.444016207009554
  landing: 0.8596202433109283
  view-data: 3.2920931354165077
