times:
  edit-metadata: 1.3772082328796387
  landing: 0.7579442113637924
  view-data: 3.281082235276699
