times:
  edit-metadata: 1.6590971052646637
  landing: 0.8412917107343674
  view-data: 3.396633878350258
