times:
  edit-metadata: 1.6064001359045506
  landing: 0.8963250778615475
  view-data: 3.348731055855751
