times:
  edit-metadata: 1.5654693208634853
  landing: 0.9434401802718639
  view-data: 3.545143511146307
