times:
  edit-metadata: 1.511232040822506
  landing: 0.7945997565984726
  view-data: 3.441794626414776
