times:
  edit-metadata: 1.5320817679166794
  landing: 0.7729193195700645
  view-data: 3.4091131165623665
