times:
  edit-metadata: 2.8939609937369823
  landing: 1.3117380179464817
  view-data: 3.3738590888679028
