times:
  edit-metadata: 1.5249274224042892
  landing: 0.7858239114284515
  view-data: 3.331154525279999
