times:
  edit-metadata: 1.4013948924839497
  landing: 0.87309630215168
  view-data: 3.3121123984456062
