times:
  edit-metadata: 1.4930252060294151
  landing: 0.7452291622757912
  view-data: 3.4524214416742325
