times:
  edit-metadata: 1.663677230477333
  landing: 0.9860608205199242
  view-data: 3.3051148056983948
