times:
  edit-metadata: 1.5230144411325455
  landing: 0.9061142578721046
  view-data: 3.3420682810246944
