times:
  edit-metadata: 1.4733855351805687
  landing: 0.8763244077563286
  view-data: 3.5504941940307617
