times:
  edit-metadata: 1.4225069619715214
  landing: 0.7934583202004433
  view-data: 3.253246132284403
