times:
  edit-metadata: 1.4762286320328712
  landing: 0.7880192548036575
  view-data: 3.2744757421314716
