times:
  edit-metadata: 1.4433634653687477
  landing: 0.8208656311035156
  view-data: 3.449856534600258
