times:
  edit-metadata: 2.199926622211933
  landing: 1.6674907803535461
  view-data: 3.582774206995964
