times:
  edit-metadata: 1.613722287118435
  landing: 0.9212621822953224
  view-data: 3.411106448620558
