times:
  edit-metadata: 1.4070268869400024
  landing: 0.7611503005027771
  view-data: 3.4830614626407623
