times:
  edit-metadata: 1.4324707835912704
  landing: 0.743785310536623
  view-data: 3.2956016287207603
