times:
  edit-metadata: 1.5252715721726418
  landing: 0.8292451202869415
  view-data: 3.5008244663476944
