times:
  edit-metadata: 1.3604097589850426
  landing: 0.8687689080834389
  view-data: 3.2612058967351913
