times:
  edit-metadata: 1.8897212967276573
  landing: 1.15474134683609
  view-data: 3.484296403825283
