times:
  edit-metadata: 1.475935161113739
  landing: 0.8185234367847443
  view-data: 3.28485244512558
