times:
  edit-metadata: 1.4494697265326977
  landing: 0.8070886470377445
  view-data: 3.3080185167491436
