times:
  edit-metadata: 1.4671998545527458
  landing: 0.8991610370576382
  view-data: 3.38219565525651
