times:
  edit-metadata: 1.4219182431697845
  landing: 0.9646783247590065
  view-data: 3.396848537027836
