times:
  edit-metadata: 1.4759476780891418
  landing: 0.8380601927638054
  view-data: 3.3224701061844826
