times:
  edit-metadata: 1.5073521807789803
  landing: 0.8019800931215286
  view-data: 3.423456631600857
