times:
  edit-metadata: 1.3521774150431156
  landing: 0.862068135291338
  view-data: 3.3637667521834373
