times:
  edit-metadata: 1.3596861883997917
  landing: 0.8362133204936981
  view-data: 3.341093957424164
