times:
  edit-metadata: 1.5983311124145985
  landing: 0.9121050089597702
  view-data: 3.3595747724175453
