times:
  edit-metadata: 1.4851752445101738
  landing: 0.9053206667304039
  view-data: 3.562703363597393
