times:
  edit-metadata: 1.7488244324922562
  landing: 1.2278975620865822
  view-data: 3.311765283346176
