times:
  edit-metadata: 2.2970547676086426
  landing: 1.3191910609602928
  view-data: 4.027939088642597
