times:
  edit-metadata: 1.3927682861685753
  landing: 0.7899855002760887
  view-data: 3.4486362263560295
