times:
  edit-metadata: 1.491394966840744
  landing: 0.7469447329640388
  view-data: 3.4805597215890884
