times:
  edit-metadata: 1.5381131246685982
  landing: 0.883997805416584
  view-data: 3.459169991314411
