times:
  edit-metadata: 1.4302065074443817
  landing: 0.7503255978226662
  view-data: 3.2741266936063766
