times:
  edit-metadata: 1.4491097778081894
  landing: 0.9235449992120266
  view-data: 3.3671602718532085
