times:
  edit-metadata: 1.4281157106161118
  landing: 0.7832725718617439
  view-data: 3.4306288361549377
