times:
  edit-metadata: 1.7182489186525345
  landing: 0.9640388190746307
  view-data: 3.3322807252407074
