times:
  edit-metadata: 1.5393603816628456
  landing: 1.0523311607539654
  view-data: 3.359820295125246
