times:
  edit-metadata: 1.4430762380361557
  landing: 0.8301445171236992
  view-data: 3.462899826467037
