times:
  edit-metadata: 1.511981576681137
  landing: 0.8679720535874367
  view-data: 3.3919445276260376
