times:
  edit-metadata: 2.0468806251883507
  landing: 1.1628098972141743
  view-data: 3.3931648284196854
