times:
  edit-metadata: 1.4508372321724892
  landing: 0.7656986191868782
  view-data: 3.553874857723713
