times:
  edit-metadata: 1.5554907731711864
  landing: 0.7701695971190929
  view-data: 3.3309332206845284
