times:
  edit-metadata: 1.4226308465003967
  landing: 0.8576617687940598
  view-data: 3.550464667379856
