times:
  edit-metadata: 1.3638145923614502
  landing: 0.7952415347099304
  view-data: 3.4436268731951714
