times:
  edit-metadata: 1.5598122030496597
  landing: 0.9284495189785957
  view-data: 3.520595468580723
