times:
  edit-metadata: 1.4560941234230995
  landing: 0.9276400655508041
  view-data: 3.4811185225844383
