times:
  edit-metadata: 1.441928192973137
  landing: 0.805700957775116
  view-data: 3.4563606902956963
