times:
  edit-metadata: 1.4584951028227806
  landing: 0.7638613805174828
  view-data: 3.5437722504138947
