times:
  edit-metadata: 1.4634218290448189
  landing: 0.8319058194756508
  view-data: 3.5235462710261345
