times:
  edit-metadata: 1.4648615717887878
  landing: 0.8595763593912125
  view-data: 3.31918553262949
