times:
  edit-metadata: 1.755216784775257
  landing: 0.9148285053670406
  view-data: 3.456206500530243
