times:
  edit-metadata: 1.426525715738535
  landing: 0.841553520411253
  view-data: 3.3428022116422653
