times:
  edit-metadata: 1.466751504689455
  landing: 0.901446033269167
  view-data: 3.310650087893009
