times:
  edit-metadata: 1.5736439377069473
  landing: 0.8539063781499863
  view-data: 3.326362729072571
