times:
  edit-metadata: 1.4380363374948502
  landing: 0.7619120627641678
  view-data: 3.5584626719355583
