times:
  edit-metadata: 1.5266103446483612
  landing: 0.8944690376520157
  view-data: 3.5361833721399307
