times:
  edit-metadata: 1.7481289990246296
  landing: 0.9435888230800629
  view-data: 3.352399431169033
