times:
  edit-metadata: 2.71296064555645
  landing: 1.6086309775710106
  view-data: 3.41133064776659
