times:
  edit-metadata: 1.5572670102119446
  landing: 0.8017727509140968
  view-data: 0.6578049883246422
