times:
  edit-metadata: 1.401668295264244
  landing: 0.760933130979538
  view-data: 3.4246620684862137
