times:
  edit-metadata: 1.7017590329051018
  landing: 0.9022625386714935
  view-data: 3.2970540821552277
