times:
  edit-metadata: 1.4969722032546997
  landing: 1.0415030270814896
  view-data: 3.505674287676811
