times:
  edit-metadata: 1.7436987608671188
  landing: 0.9476248174905777
  view-data: 3.3307066559791565
