times:
  edit-metadata: 1.4832503870129585
  landing: 0.8481893688440323
  view-data: 3.3682534098625183
