times:
  edit-metadata: 1.4786376431584358
  landing: 0.8010995760560036
  view-data: 3.532548740506172
