times:
  edit-metadata: 1.498950406908989
  landing: 0.8303181082010269
  view-data: 3.359724760055542
