times:
  edit-metadata: 1.5921835750341415
  landing: 0.7855329066514969
  view-data: 3.3125738576054573
