times:
  edit-metadata: 1.482675913721323
  landing: 1.0361727997660637
  view-data: 3.3986627645790577
