times:
  edit-metadata: 1.4693430736660957
  landing: 0.8265082687139511
  view-data: 3.40031860768795
