times:
  edit-metadata: 1.4792340472340584
  landing: 0.8691549971699715
  view-data: 3.293864071369171
