times:
  edit-metadata: 1.3890272378921509
  landing: 0.8205262571573257
  view-data: 3.3026532605290413
