times:
  edit-metadata: 2.08008886128664
  landing: 1.0531725585460663
  view-data: 3.345996543765068
