times:
  edit-metadata: 1.4469451680779457
  landing: 0.719634085893631
  view-data: 3.585017018020153
