times:
  edit-metadata: 1.4398193806409836
  landing: 0.8003743439912796
  view-data: 3.404224216938019
