times:
  edit-metadata: 2.580873528495431
  landing: 0.1618394274264574
  view-data: 0.4896214809268713
