times:
  edit-metadata: 1.974248306825757
  landing: 9.717607256025076
  view-data: 7.030313603579998
