times:
  edit-metadata: 1.887742094695568
  landing: 1.0181426852941513
  view-data: 3.3034960217773914
