times:
  edit-metadata: 1.9135625315830112
  landing: 0.16578140947967768
  view-data: 0.36859759595245123
