times:
  edit-metadata: 2.696746563538909
  landing: 0.5041062738746405
  view-data: 0.44217979349195957
