times:
  landing: 0.5537906450000492
  view-data: 0.04683918099999573
