times:
  edit-metadata: 1.5171227919636294
  landing: 1.2308819249738008
  view-data: 3.2983719310723245
