times:
  landing: 1.070648122113198
  view-data: 0.5525110259186476
