times:
  edit-metadata: 1.5191544946283102
  landing: 0.7182068824768066
  view-data: 3.343630336225033
