times:
  edit-metadata: 1.7654264122247696
  landing: 0.052583854645490646
  view-data: 0.22792473062872887
