times:
  edit-metadata: 1.5899627767503262
  landing: 1.0679194554686546
  view-data: 3.4248431120067835
