times:
  edit-metadata: 0.8427337012253702
  landing: 0.049403052777051926
  view-data: 0.22122027212753892
