times:
  edit-metadata: 0.9521531709469855
  landing: 0.044975871220231056
  view-data: 0.2631208598613739
