times:
  edit-metadata: 1.949328949674964
  landing: 1.6350545026361942
  view-data: 0.6490320153534412
