times:
  edit-metadata: 1.7181739024817944
  landing: 0.05179626867175102
  view-data: 0.23161881789565086
