times:
  edit-metadata: 1.8133082138374448
  landing: 0.021789253689348698
  view-data: 0.12270285561680794
