times:
  edit-metadata: 2.868360558524728
  landing: 0.36757893301546574
  view-data: 0.7565282620489597
