times:
  edit-metadata: 1.8003917215391994
  landing: 0.0225608479231596
  view-data: 0.1169333541765809
