times:
  edit-metadata: 1.3922194801270962
  landing: 0.9753360562026501
  view-data: 3.4193880520761013
