times:
  edit-metadata: 0.8691468918696046
  landing: 0.04838319029659033
  view-data: 0.2225307496264577
