times:
  edit-metadata: 1.2629416580311954
  landing: 0.08493616664782166
  view-data: 0.3145358031615615
