times:
  landing: 0.5566612410000005
  view-data: 0.5619828400000131
