times:
  edit-metadata: 1.4401411190629005
  landing: 1.0424505732953548
  view-data: 3.45567711815238
