times:
  landing: 0.5549681599999872
  view-data: 0.5675683940000056
