times:
  edit-metadata: 1.1918812920339406
  landing: 0.07639208063483238
  view-data: 0.38025844004005194
