times:
  landing: 1.6108034010976553
  view-data: 1.1100917756557465
