times:
  edit-metadata: 0.9495422150066588
  landing: 0.049856498997542076
  view-data: 0.23703488300088793
