times:
  edit-metadata: 0.8863333677873015
  landing: 0.04971178574487567
  view-data: 0.22034663194790483
