times:
  edit-metadata: 1.9393196888267994
  landing: 0.9606469068676233
  view-data: 0.45932750403881073
