times:
  edit-metadata: 0.8657294102013111
  landing: 0.04314510803669691
  view-data: 0.22844457812607288
