times:
  edit-metadata: 0.980189222143963
  landing: 0.04908034601248801
  view-data: 0.2836503980215639
