times:
  edit-metadata: 0.8733957521617413
  landing: 0.040395013988018036
  view-data: 0.224984941072762
