times:
  edit-metadata: 1.0949160640011542
  landing: 0.046297201013658196
  view-data: 0.22202343499520794
