times:
  edit-metadata: 1.025805284269154
  landing: 0.054387050680816174
  view-data: 0.22712009027600288
