times:
  edit-metadata: 1.5146579556167126
  landing: 1.5872721951454878
  view-data: 3.4171748496592045
