times:
  edit-metadata: 1.7566742189228535
  landing: 0.043247468769550323
  view-data: 0.22417809814214706
