times:
  landing: 1.0762119909999797
  view-data: 0.5684951819999924
