times:
  landing: 0.5603920500000186
  view-data: 0.563047991000019
