times:
  edit-metadata: 1.047375398920849
  landing: 0.05529161891900003
  view-data: 0.3210932509973645
