times:
  edit-metadata: 1.4828095585107803
  landing: 1.0469104759395123
  view-data: 3.408095935359597
