times:
  edit-metadata: 1.4503285279497504
  landing: 0.935652073007077
  view-data: 3.3515734560787678
