times:
  landing: 0.5433268699999871
  view-data: 0.5461698099999808
