times:
  edit-metadata: 0.8931288160383701
  landing: 0.05713120894506574
  view-data: 0.2224308392032981
