times:
  edit-metadata: 1.8379934122785926
  landing: 0.02304994687438011
  view-data: 0.024446606636047363
