times:
  edit-metadata: 1.792625717818737
  landing: 0.04467127099633217
  view-data: 0.23729059472680092
