times:
  edit-metadata: 0.9732209479989251
  landing: 0.04800159300066298
  view-data: 0.2598588969995035
