times:
  edit-metadata: 2.418636268004775
  landing: 0.1303223492577672
  view-data: 0.0360762607306242
