times:
  edit-metadata: 1.5042045637965202
  landing: 1.134184431284666
  view-data: 3.326072182506323
