times:
  edit-metadata: 0.9196596669498831
  landing: 0.05025667301379144
  view-data: 0.2188749830238521
