times:
  edit-metadata: 0.9394677393138409
  landing: 0.05000128969550133
  view-data: 0.24152010958641768
