times:
  edit-metadata: 1.4586058966815472
  landing: 1.0283338986337185
  view-data: 3.3809943310916424
