times:
  edit-metadata: 1.0200261129066348
  landing: 0.04646715894341469
  view-data: 0.28935454902239144
