times:
  edit-metadata: 0.9651729979086667
  landing: 0.05450617999304086
  view-data: 0.25059960200451314
