times:
  edit-metadata: 1.0154376160353422
  landing: 0.05121993599459529
  view-data: 0.21659230790100992
