times:
  edit-metadata: 0.9420041828416288
  landing: 0.044003312941640615
  view-data: 0.21892823418602347
