times:
  edit-metadata: 1.8334950068965554
  landing: 0.11898337677121162
  view-data: 0.02661496214568615
