times:
  edit-metadata: 1.7078015618026257
  landing: 0.04359107092022896
  view-data: 0.22452249005436897
