times:
  edit-metadata: 1.4462191611528397
  landing: 1.06583814881742
  view-data: 3.343843100592494
