times:
  edit-metadata: 1.6977022588253021
  landing: 0.04552947357296944
  view-data: 0.23053478077054024
