times:
  edit-metadata: 1.588183730840683
  landing: 1.0569966547191143
  view-data: 3.494858704507351
