times:
  edit-metadata: 0.8755481541156769
  landing: 0.040478461887687445
  view-data: 0.22628158098086715
