times:
  edit-metadata: 1.947984203696251
  landing: 1.0178426504135132
  view-data: 0.4697968401014805
