times:
  edit-metadata: 2.772388279438019
  landing: 0.2078287210315466
  view-data: 0.3004555609077215
