times:
  edit-metadata: 0.8961842302232981
  landing: 0.046773205045610666
  view-data: 0.23163047200068831
