times:
  landing: 0.5633869840000045
  view-data: 0.5609427130000029
