times:
  edit-metadata: 1.9824127554893494
  landing: 1.6145592499524355
  view-data: 1.1444033347070217
