times:
  landing: 1.070759790000011
  view-data: 0.5531344039999908
