times:
  landing: 0.5679416860000117
  view-data: 0.5655610880000097
