times:
  edit-metadata: 1.8444956811144948
  landing: 0.021340579725801945
  view-data: 0.02630607131868601
