times:
  landing: 1.067455979064107
  view-data: 0.5548070222139359
