times:
  edit-metadata: 0.9671777719631791
  landing: 0.053496730979532
  view-data: 0.24025130696827546
