times:
  edit-metadata: 2.013023290783167
  landing: 0.01941928081214428
  view-data: 0.4680551290512085
