times:
  edit-metadata: 1.5116592906415462
  landing: 0.9922140054404736
  view-data: 3.4139869771897793
