times:
  edit-metadata: 2.520726952701807
  landing: 1.9557577669620514
  view-data: 3.6607496552169323
