times:
  edit-metadata: 1.5645470842719078
  landing: 1.0527012310922146
  view-data: 3.4183187559247017
