times:
  landing: 1.0923933110000235
  view-data: 0.5477969080000094
