times:
  edit-metadata: 0.943074834998697
  landing: 0.05348658098955639
  view-data: 0.27148512200801633
