times:
  edit-metadata: 1.9559618700295687
  landing: 0.2259081955999136
  view-data: 0.34005558118224144
