times:
  edit-metadata: 2.052744075655937
  landing: 0.02023303136229515
  view-data: 0.40793018974363804
