times:
  edit-metadata: 1.0392316337674856
  landing: 0.046886124182492495
  view-data: 0.24739376921206713
