times:
  edit-metadata: 1.4856607764959335
  landing: 1.129985447973013
  view-data: 3.2943142727017403
