times:
  edit-metadata: 1.331704717129469
  landing: 0.7158969864249229
  view-data: 3.327195569872856
