times:
  landing: 1.1277714880000076
  view-data: 0.5544313890000012
