times:
  edit-metadata: 1.912096843123436
  landing: 0.019821172580122948
  view-data: 0.028764648362994194
