times:
  edit-metadata: 1.8199434950947762
  landing: 1.1306874882429838
  view-data: 0.45656116493046284
