times:
  edit-metadata: 1.7574969045817852
  landing: 0.05211278423666954
  view-data: 0.23695679754018784
