times:
  edit-metadata: 0.9033818850293756
  landing: 0.04296640993561596
  view-data: 0.21908950502984226
