times:
  edit-metadata: 1.5171717032790184
  landing: 1.0536120124161243
  view-data: 3.368015967309475
