times:
  edit-metadata: 2.525541754439473
  landing: 0.5577972047030926
  view-data: 0.8001929689198732
