times:
  landing: 1.0715981859999886
  view-data: 0.5700059110000097
