times:
  edit-metadata: 1.3745679296553135
  landing: 1.1044430937618017
  view-data: 3.378752429038286
