times:
  edit-metadata: 1.371570609509945
  landing: 1.0993920285254717
  view-data: 3.3463816521689296
