times:
  edit-metadata: 1.6530909575521946
  landing: 1.233861181885004
  view-data: 3.4039803855121136
