times:
  edit-metadata: 1.029605105984956
  landing: 0.05523574800463393
  view-data: 0.24728014902211726
