times:
  edit-metadata: 1.5462770406156778
  landing: 0.9160162433981895
  view-data: 3.404846528545022
