times:
  landing: 0.5555823519999876
  view-data: 0.5645889859999897
