times:
  edit-metadata: 1.365761660039425
  landing: 1.2680299943313003
  view-data: 3.4653666829690337
