times:
  edit-metadata: 3.212215419858694
  landing: 0.31085183657705784
  view-data: 0.8862388376146555
