times:
  edit-metadata: 2.0278289141133428
  landing: 0.0198324266821146
  view-data: 0.4780589062720537
