times:
  edit-metadata: 1.845433957874775
  landing: 0.053908608853816986
  view-data: 0.22964269295334816
