times:
  edit-metadata: 1.522735096514225
  landing: 1.0748799964785576
  view-data: 3.422354780137539
