times:
  edit-metadata: 1.9589094277471304
  landing: 0.14637808874249458
  view-data: 0.3249472342431545
