times:
  edit-metadata: 1.0226017809472978
  landing: 0.05137167708016932
  view-data: 0.21683387295342982
