times:
  edit-metadata: 1.4340773448348045
  landing: 0.791699318215251
  view-data: 3.2633429300040007
