times:
  edit-metadata: 0.9794342480017804
  landing: 0.045573932002298534
  view-data: 0.23322930501308292
