times:
  edit-metadata: 1.3363858982920647
  landing: 0.9571470487862825
  view-data: 3.3760881796479225
