times:
  edit-metadata: 1.0711992480792105
  landing: 0.11100236419588327
  view-data: 0.27734309807419777
