times:
  edit-metadata: 1.5149722192436457
  landing: 0.5700958371162415
  view-data: 0.6006361953914165
