times:
  landing: 0.5530583610000122
  view-data: 0.550142105999953
