times:
  edit-metadata: 1.9750472884625196
  landing: 1.1314169578254223
  view-data: 0.5126162804663181
