times:
  edit-metadata: 1.5230618230998516
  landing: 0.996549304574728
  view-data: 3.391859468072653
