times:
  edit-metadata: 1.0663202839787118
  landing: 0.047738842957187444
  view-data: 0.37415967596461996
