times:
  landing: 0.5579946320000317
  view-data: 0.5691609570000082
