times:
  edit-metadata: 1.3568252690020017
  landing: 0.14695262000896037
  view-data: 0.2972840099828318
