times:
  edit-metadata: 0.9806668949313462
  landing: 0.05780059704557061
  view-data: 0.20886080944910645
