times:
  edit-metadata: 1.3657769756391644
  landing: 1.0869779838249087
  view-data: 3.4012024300172925
