times:
  edit-metadata: 2.0099944192916155
  landing: 0.5429560802876949
  view-data: 0.3862173203378916
