times:
  edit-metadata: 1.5069619119167328
  landing: 0.8338237516582012
  view-data: 3.383150205016136
