times:
  edit-metadata: 1.9024638552218676
  landing: 1.6527691865339875
  view-data: 3.468069807626307
