times:
  landing: 1.0801909589999923
  view-data: 0.5567059429999972
