times:
  edit-metadata: 1.7507265321910381
  landing: 1.445131305605173
  view-data: 3.328133757226169
