times:
  edit-metadata: 1.8358049811795354
  landing: 0.11536887846887112
  view-data: 0.11894018948078156
