times:
  edit-metadata: 1.3699859771877527
  landing: 0.590679107233882
  view-data: 0.33372608944773674
