times:
  edit-metadata: 1.8979193903505802
  landing: 0.020041308365762234
  view-data: 0.02596454508602619
