times:
  edit-metadata: 0.8800195899093524
  landing: 0.04871580202598125
  view-data: 0.21987239096779376
