times:
  edit-metadata: 1.3366581466980278
  landing: 1.2059941249899566
  view-data: 3.40707420790568
