times:
  edit-metadata: 1.600788040086627
  landing: 0.9474225398153067
  view-data: 3.408834334462881
