times:
  edit-metadata: 0.9707725120242685
  landing: 0.061395361786708236
  view-data: 0.25535554392263293
