times:
  edit-metadata: 2.017428269609809
  landing: 0.5752865448594093
  view-data: 0.2760497648268938
