times:
  edit-metadata: 1.4386723954230547
  landing: 0.9971682392060757
  view-data: 3.3412525933235884
