times:
  edit-metadata: 1.8410821622237563
  landing: 0.021784930489957333
  view-data: 0.028806732036173344
