times:
  landing: 0.561939547999998
  view-data: 0.5778864890000079
