times:
  edit-metadata: 0.9146724541205913
  landing: 0.0499441409483552
  view-data: 0.21743367984890938
