times:
  landing: 1.0916930620000187
  view-data: 0.5611414699999955
