times:
  edit-metadata: 2.689122913405299
  landing: 0.02380637638270855
  view-data: 0.509516978636384
