times:
  edit-metadata: 1.0852202709938865
  landing: 0.05212201699032448
  view-data: 0.2568483739742078
