times:
  edit-metadata: 1.5068524535745382
  landing: 1.0347175132483244
  view-data: 3.3894260581582785
