times:
  edit-metadata: 1.8869708590209484
  landing: 0.13862727023661137
  view-data: 0.023598402738571167
