times:
  edit-metadata: 1.1433432917110622
  landing: 0.14514454174786806
  view-data: 0.266509500797838
