times:
  edit-metadata: 1.8045361898839474
  landing: 0.19784192461520433
  view-data: 0.026776756159961224
