times:
  edit-metadata: 2.0420873537659645
  landing: 0.49683010019361973
  view-data: 0.23236290365457535
