times:
  edit-metadata: 0.9928561537526548
  landing: 0.04108780762180686
  view-data: 0.2268930310383439
