times:
  landing: 1.6034000450000008
  view-data: 0.5658364920000167
