times:
  edit-metadata: 0.8849394135177135
  landing: 0.04244817886501551
  view-data: 0.24377873726189137
