times:
  edit-metadata: 0.8534708181396127
  landing: 0.04729308094829321
  view-data: 0.21958017395809293
