times:
  edit-metadata: 2.135180347599089
  landing: 1.5623580319806933
  view-data: 3.5688670622184873
