times:
  edit-metadata: 1.9612685460597277
  landing: 0.023142656311392784
  view-data: 0.3446400500833988
