times:
  edit-metadata: 0.9259990509599447
  landing: 0.04026471101678908
  view-data: 0.21756545605603606
