times:
  edit-metadata: 1.9495526906102896
  landing: 0.2411388624459505
  view-data: 0.026741448789834976
