times:
  edit-metadata: 1.497780816629529
  landing: 1.044487003237009
  view-data: 3.34835078753531
