times:
  edit-metadata: 1.5265666954219341
  landing: 1.0204542838037014
  view-data: 3.3843942265957594
