times:
  edit-metadata: 1.5521123372018337
  landing: 1.2502246722579002
  view-data: 3.360264118760824
