times:
  edit-metadata: 1.032252271004836
  landing: 0.051228672004071996
  view-data: 0.3743373770121252
