times:
  edit-metadata: 1.2486998909153044
  landing: 0.0983218071050942
  view-data: 0.34380574245005846
