times:
  edit-metadata: 1.0625897620338947
  landing: 0.0553562268614769
  view-data: 0.2180610280483961
