times:
  edit-metadata: 1.528244012966752
  landing: 1.048790831118822
  view-data: 3.3980784621089697
