times:
  edit-metadata: 2.0110688153654337
  landing: 0.054879726842045784
  view-data: 0.2528049871325493
