times:
  edit-metadata: 1.793140884488821
  landing: 0.021560796536505222
  view-data: 0.12267854809761047
