times:
  edit-metadata: 1.9483141358941793
  landing: 0.05328996665775776
  view-data: 0.2541311550885439
