times:
  edit-metadata: 2.017111588269472
  landing: 0.6966586653143167
  view-data: 0.2536198142915964
