times:
  edit-metadata: 1.9708593022078276
  landing: 0.021417975425720215
  view-data: 0.026114266365766525
