times:
  edit-metadata: 0.9123174389824271
  landing: 0.04377212468534708
  view-data: 0.23539752513170242
