times:
  edit-metadata: 1.5250714421272278
  landing: 1.0548912920057774
  view-data: 3.399819664657116
