times:
  edit-metadata: 1.5389557629823685
  landing: 1.1031799521297216
  view-data: 3.444685520604253
