times:
  edit-metadata: 1.8118904307484627
  landing: 0.15842997375875711
  view-data: 0.02588103711605072
