times:
  edit-metadata: 1.9041856629773974
  landing: 0.02234581485390663
  view-data: 0.22637494653463364
