times:
  edit-metadata: 1.9049251601099968
  landing: 0.02262539230287075
  view-data: 0.1245491523295641
