times:
  edit-metadata: 0.8714683670550585
  landing: 0.04925321601331234
  view-data: 0.3549448475241661
