times:
  landing: 0.5584623759999943
  view-data: 0.5628525449999984
