times:
  edit-metadata: 1.0566153719555587
  landing: 0.046873932937160134
  view-data: 0.23433338780887425
