times:
  landing: 0.5560501730001306
  view-data: 0.5618786079999154
