times:
  edit-metadata: 1.4858637172728777
  landing: 0.7461763583123684
  view-data: 3.334637377411127
