times:
  landing: 0.5458564160000492
  view-data: 0.5559515659999761
