times:
  edit-metadata: 1.5347989909350872
  landing: 1.0285070296376944
  view-data: 3.35999646037817
