times:
  edit-metadata: 2.488758531399071
  landing: 1.558195011690259
  view-data: 3.449125704355538
