times:
  edit-metadata: 0.9496642869198695
  landing: 0.04359945806208998
  view-data: 0.36464642302598804
