times:
  edit-metadata: 1.7517084088176489
  landing: 1.8477571718394756
  view-data: 3.4152285661548376
