times:
  edit-metadata: 0.8938759984448552
  landing: 0.05255715362727642
  view-data: 0.21913666371256113
