times:
  edit-metadata: 2.748103277757764
  landing: 0.18135732412338257
  view-data: 0.5177261289209127
