times:
  edit-metadata: 1.3553523868322372
  landing: 1.059831059537828
  view-data: 3.3597261710092425
