times:
  landing: 1.5949807879999867
  view-data: 0.562405947000002
