times:
  edit-metadata: 1.8526011500507593
  landing: 0.1890763733536005
  view-data: 0.027140537276864052
