times:
  edit-metadata: 1.3417178764939308
  landing: 1.0777582861483097
  view-data: 3.3363823890686035
