times:
  edit-metadata: 1.9014901015907526
  landing: 0.1159734707325697
  view-data: 0.022988146170973778
