times:
  edit-metadata: 2.6223560571670532
  landing: 0.021802367642521858
  view-data: 0.33028569258749485
