times:
  landing: 0.5542660030000093
  view-data: 0.04757731800000897
