times:
  edit-metadata: 0.9734354498796165
  landing: 0.046101449988782406
  view-data: 0.2514733262360096
