times:
  edit-metadata: 1.3921549338847399
  landing: 1.1708528902381659
  view-data: 3.3293325379490852
