times:
  edit-metadata: 0.9583337299991399
  landing: 0.05176312895491719
  view-data: 0.2646014669444412
