times:
  edit-metadata: 1.8341227602213621
  landing: 0.02504077460616827
  view-data: 0.026765759103000164
