times:
  edit-metadata: 2.805704616010189
  landing: 0.02273990772664547
  view-data: 0.6572506558150053
