times:
  edit-metadata: 0.8783887829631567
  landing: 0.04908052098471671
  view-data: 0.2162483959691599
