times:
  edit-metadata: 0.9158647977747023
  landing: 0.03955824300646782
  view-data: 0.2282612849958241
