times:
  edit-metadata: 0.9084357423707843
  landing: 0.05543136317282915
  view-data: 0.22371388087049127
