times:
  edit-metadata: 1.017768178600818
  landing: 0.06643391726538539
  view-data: 0.27361979708075523
