times:
  edit-metadata: 1.2881658971309662
  landing: 1.0919927321374416
  view-data: 3.3236474078148603
