times:
  edit-metadata: 1.0684776860289276
  landing: 0.04434975190088153
  view-data: 0.21899752831086516
