times:
  edit-metadata: 0.9299530730349943
  landing: 0.05029767204541713
  view-data: 0.21802105708047748
