times:
  edit-metadata: 0.9569448255933821
  landing: 0.048480236902832985
  view-data: 0.37204655772075057
