times:
  edit-metadata: 2.0033578369766474
  landing: 0.02066117711365223
  view-data: 0.42328415997326374
