times:
  edit-metadata: 1.8922732062637806
  landing: 0.5720944404602051
  view-data: 0.2785843387246132
