times:
  edit-metadata: 0.8824931108392775
  landing: 0.03802845813333988
  view-data: 0.22122477600350976
