times:
  landing: 0.5550909400000137
  view-data: 0.5614056650000236
