times:
  edit-metadata: 2.007708612829447
  landing: 0.1332920640707016
  view-data: 0.02422044426202774
