times:
  edit-metadata: 1.4339669235050678
  landing: 0.9283342733979225
  view-data: 3.26077064499259
