times:
  edit-metadata: 2.0763288605958223
  landing: 0.02010746393352747
  view-data: 0.48675769194960594
