times:
  edit-metadata: 1.5072076469659805
  landing: 0.7832540543749928
  view-data: 3.3922076914459467
