times:
  edit-metadata: 2.3858461268246174
  landing: 1.3084860853850842
  view-data: 3.553252413868904
