times:
  landing: 0.5551827779999883
  view-data: 0.5682152680000172
