times:
  landing: 1.0804931029999807
  view-data: 0.5552927200000113
