times:
  edit-metadata: 1.0270866870414466
  landing: 0.04530568001791835
  view-data: 0.24125295877456665
