times:
  edit-metadata: 2.0254562329500914
  landing: 0.6292430032044649
  view-data: 0.2699975073337555
