times:
  edit-metadata: 1.4113703966140747
  landing: 1.1916235955432057
  view-data: 3.372828264720738
