times:
  landing: 0.5464746299999206
  view-data: 0.5530246990000478
