times:
  landing: 1.0791603380000083
  view-data: 0.564252759999988
