times:
  edit-metadata: 1.8586478028446436
  landing: 0.8359839357435703
  view-data: 0.3329081404954195
