times:
  landing: 0.5544383289999928
  view-data: 0.564757797999988
