times:
  landing: 0.5528619349999815
  view-data: 0.5479029679999883
