times:
  edit-metadata: 1.595781401032582
  landing: 1.193070059060119
  view-data: 3.3420388399390504
