times:
  edit-metadata: 1.320491333026439
  landing: 2.999217219185084
  view-data: 3.2802255866117775
