times:
  edit-metadata: 1.4640150149352849
  landing: 0.8394246050156653
  view-data: 3.3292308878153563
