times:
  edit-metadata: 2.0283973291516304
  landing: 1.6602329816669226
  view-data: 3.9294990468770266
