times:
  edit-metadata: 0.932148605119437
  landing: 0.04999694414436817
  view-data: 0.20503589697182178
