times:
  landing: 0.5532441809999966
  view-data: 0.5598485799999935
