times:
  edit-metadata: 1.551147386431694
  landing: 1.1723906323313713
  view-data: 3.3355937115848064
