times:
  edit-metadata: 1.4430053371470422
  landing: 0.8917046380229294
  view-data: 3.415822311071679
