times:
  edit-metadata: 1.5086743980646133
  landing: 0.9051102586090565
  view-data: 3.372300263494253
