times:
  edit-metadata: 1.8290084740146995
  landing: 0.020487528294324875
  view-data: 0.5316873136907816
