times:
  edit-metadata: 1.064797388855368
  landing: 0.053923035971820354
  view-data: 0.25488044368103147
