times:
  edit-metadata: 0.8758212197571993
  landing: 0.043959747068583965
  view-data: 0.21847883891314268
