times:
  edit-metadata: 2.724275684915483
  landing: 1.2849696343764663
  view-data: 3.7637146338820457
