times:
  edit-metadata: 1.4912613751366735
  landing: 1.0854103993624449
  view-data: 3.50357561185956
