times:
  edit-metadata: 1.9499420318752527
  landing: 0.5273855999112129
  view-data: 0.26539422757923603
