times:
  edit-metadata: 1.9447974674403667
  landing: 0.8313462175428867
  view-data: 0.3852439187467098
