times:
  edit-metadata: 1.121637229109183
  landing: 0.04465216398239136
  view-data: 0.3581076110713184
