times:
  landing: 1.0740423759999942
  view-data: 0.5627934299999993
