times:
  edit-metadata: 0.9451812910847366
  landing: 0.0508389500901103
  view-data: 0.36461069504730403
