times:
  edit-metadata: 2.1113998126238585
  landing: 1.177575659006834
  view-data: 3.4590524723753333
