times:
  edit-metadata: 1.8163569094613194
  landing: 0.022229830734431744
  view-data: 0.02442032005637884
