times:
  edit-metadata: 1.8425413854420185
  landing: 1.3887122422456741
  view-data: 3.3381135873496532
