times:
  edit-metadata: 1.6034841649234295
  landing: 0.5903235990554094
  view-data: 0.25757133588194847
