times:
  edit-metadata: 1.587111359462142
  landing: 1.133058974519372
  view-data: 3.4424754176288843
