times:
  edit-metadata: 1.834195051342249
  landing: 0.022529504261910915
  view-data: 0.023407219909131527
