times:
  edit-metadata: 2.0444189123809338
  landing: 1.457862228155136
  view-data: 3.424362648278475
