times:
  edit-metadata: 1.9213024992495775
  landing: 0.020916013047099113
  view-data: 0.026402993127703667
