times:
  edit-metadata: 0.9908487610518932
  landing: 0.04488725634291768
  view-data: 0.21556318830698729
