times:
  edit-metadata: 0.9546872200444341
  landing: 0.04836537502706051
  view-data: 0.270417541032657
