times:
  edit-metadata: 1.035997637998662
  landing: 0.050957655999809504
  view-data: 0.26974658999824896
