times:
  edit-metadata: 1.3783944360911846
  landing: 1.1585621628910303
  view-data: 3.3620823230594397
