times:
  edit-metadata: 1.9595235548913479
  landing: 0.6036954075098038
  view-data: 0.6384534724056721
