times:
  edit-metadata: 3.1795831490308046
  landing: 0.337222620844841
  view-data: 0.5809826068580151
