times:
  edit-metadata: 1.7672596536576748
  landing: 0.051235832273960114
  view-data: 0.23361962661147118
