times:
  edit-metadata: 1.5519375540316105
  landing: 0.3802424818277359
  view-data: 0.23403265327215195
