times:
  edit-metadata: 2.039269544184208
  landing: 0.021842366084456444
  view-data: 0.030546359717845917
