times:
  edit-metadata: 2.1098288893699646
  landing: 0.13218113780021667
  view-data: 0.026125462725758553
