times:
  landing: 0.5650317989999962
  view-data: 0.5559102330000201
