times:
  landing: 0.556463922000006
  view-data: 0.5603839730000004
