times:
  edit-metadata: 1.5307226460427046
  landing: 1.1570969875901937
  view-data: 3.3941414151340723
