times:
  edit-metadata: 0.9539914519991726
  landing: 0.057267836993560195
  view-data: 0.2457946150097996
