times:
  edit-metadata: 0.9668711370322853
  landing: 0.044229449005797505
  view-data: 0.22747887391597033
