times:
  landing: 0.5504229659999851
  view-data: 0.5525362800000266
