times:
  edit-metadata: 0.863347538979724
  landing: 0.04394264507573098
  view-data: 0.21929631498642266
