times:
  edit-metadata: 1.9701642841100693
  landing: 1.4535198137164116
  view-data: 3.46242718398571
