times:
  edit-metadata: 2.775596484541893
  landing: 0.20852944068610668
  view-data: 0.40875737182796
