times:
  edit-metadata: 2.254645555280149
  landing: 0.02441597357392311
  view-data: 0.04861562605947256
