times:
  edit-metadata: 1.3172907903790474
  landing: 1.0011785253882408
  view-data: 3.334976948797703
