times:
  edit-metadata: 1.5211047194898129
  landing: 0.8637757673859596
  view-data: 3.2933426797389984
