times:
  edit-metadata: 0.980796021874994
  landing: 0.0406438740901649
  view-data: 0.27723490074276924
