times:
  landing: 0.5550600560000021
  view-data: 0.5642438990000187
