times:
  edit-metadata: 1.4019973762333393
  landing: 1.0519183725118637
  view-data: 3.3697809390723705
