times:
  landing: 0.5773094269999888
  view-data: 0.5590267090000225
