times:
  edit-metadata: 1.1127036889083683
  landing: 0.0589175820350647
  view-data: 0.23122946824878454
