times:
  edit-metadata: 1.9320516977459192
  landing: 0.025649569928646088
  view-data: 0.0266045443713665
