times:
  edit-metadata: 1.7568457312881947
  landing: 0.046302877366542816
  view-data: 0.2264343984425068
