times:
  edit-metadata: 0.8813956910744309
  landing: 0.05201713461428881
  view-data: 0.2210652492940426
