times:
  edit-metadata: 1.8669985346496105
  landing: 0.020579402334988117
  view-data: 0.12439640518277884
