times:
  edit-metadata: 1.4348256830126047
  landing: 0.9856663532555103
  view-data: 3.2777921110391617
