times:
  landing: 1.0795812950000254
  view-data: 0.566684419000012
