times:
  edit-metadata: 1.5152401253581047
  landing: 1.0413069017231464
  view-data: 3.3621243983507156
