times:
  edit-metadata: 1.420521754771471
  landing: 0.9850376136600971
  view-data: 3.34436796605587
