times:
  landing: 0.5590179600000056
  view-data: 0.5658091669999976
