times:
  edit-metadata: 1.7930751526728272
  landing: 0.022235658951103687
  view-data: 0.24687132239341736
