times:
  edit-metadata: 2.0134779531508684
  landing: 0.537962943315506
  view-data: 0.23259413987398148
