times:
  edit-metadata: 0.984720803797245
  landing: 0.052585005993023515
  view-data: 0.25069509097374976
