times:
  edit-metadata: 0.9554576817899942
  landing: 0.04753770958632231
  view-data: 0.2449934296309948
