times:
  edit-metadata: 1.855008840560913
  landing: 0.021582565270364285
  view-data: 0.10010753758251667
