times:
  edit-metadata: 1.9380709007382393
  landing: 0.12127626314759254
  view-data: 0.3265365082770586
