times:
  edit-metadata: 0.8877810342237353
  landing: 0.05360035877674818
  view-data: 0.23425910715013742
