times:
  edit-metadata: 1.3734822268597782
  landing: 1.1742255301214755
  view-data: 3.351175714749843
