times:
  edit-metadata: 1.8824462154880166
  landing: 0.01929357461631298
  view-data: 0.025217166170477867
