times:
  edit-metadata: 2.0133302845060825
  landing: 0.13092660903930664
  view-data: 0.3590881172567606
