times:
  edit-metadata: 0.9040881041437387
  landing: 0.04536927817389369
  view-data: 0.2389501458965242
