times:
  landing: 0.5560100550000016
  view-data: 0.5580200789999594
