times:
  edit-metadata: 2.3156912717968225
  landing: 0.2620191853493452
  view-data: 0.45528588257730007
