times:
  landing: 0.5483891549999953
  view-data: 0.5543001200000219
