times:
  edit-metadata: 1.7923786640167236
  landing: 0.05819140747189522
  view-data: 0.22888598963618279
