times:
  edit-metadata: 2.0245299227535725
  landing: 0.6192195527255535
  view-data: 0.2712739799171686
