times:
  edit-metadata: 0.9189189332537353
  landing: 0.048119871877133846
  view-data: 0.22523085726425052
