times:
  edit-metadata: 1.8282811809331179
  landing: 0.022148067131638527
  view-data: 0.12305463943630457
