times:
  edit-metadata: 2.683531640097499
  landing: 0.024845458567142487
  view-data: 0.1429856214672327
