times:
  edit-metadata: 0.8977035118732601
  landing: 0.042744301026687026
  view-data: 0.21701266709715128
