times:
  edit-metadata: 1.870328238233924
  landing: 0.17956865951418877
  view-data: 0.024786217138171196
