times:
  landing: 0.5617681559999994
  view-data: 0.5583906810000201
