times:
  edit-metadata: 0.8899850710295141
  landing: 0.04473008681088686
  view-data: 0.22264714585617185
