times:
  edit-metadata: 1.7232575817033648
  landing: 1.2480946024879813
  view-data: 3.4382216334342957
