times:
  edit-metadata: 1.3906513303518295
  landing: 1.0325162410736084
  view-data: 3.32101359218359
