times:
  edit-metadata: 1.5253557786345482
  landing: 1.071298748254776
  view-data: 3.4400793686509132
