times:
  edit-metadata: 1.5210189931094646
  landing: 1.000451486557722
  view-data: 3.4110464081168175
