times:
  landing: 0.5655470969999783
  view-data: 0.5561736420000329
