times:
  edit-metadata: 0.9452091108541936
  landing: 0.048984465189278126
  view-data: 0.39220337895676494
