times:
  edit-metadata: 0.9239971118513495
  landing: 0.04243626701645553
  view-data: 0.20852139312773943
