times:
  edit-metadata: 0.9484983279835433
  landing: 0.046752849011681974
  view-data: 0.21212920302059501
