times:
  edit-metadata: 0.9845960870152339
  landing: 0.05184414697578177
  view-data: 0.26983681396814063
