times:
  edit-metadata: 1.8387219747528434
  landing: 0.023254220373928547
  view-data: 0.12376055959612131
