times:
  landing: 0.5499863400000038
  view-data: 0.5637259030000052
