times:
  edit-metadata: 2.2748082000762224
  landing: 0.021105756983160973
  view-data: 0.1262507624924183
