times:
  edit-metadata: 1.0083641111850739
  landing: 0.07797448616474867
  view-data: 0.24765401193872094
