times:
  edit-metadata: 1.823165601119399
  landing: 0.11734152305871248
  view-data: 0.4096706425771117
