times:
  edit-metadata: 0.9702759061474353
  landing: 0.045010477770119905
  view-data: 0.24795346497558057
