times:
  edit-metadata: 0.8529849317856133
  landing: 0.044478009920567274
  view-data: 0.2246071808040142
