times:
  edit-metadata: 1.9704432431608438
  landing: 0.1480349861085415
  view-data: 0.3567727580666542
