times:
  edit-metadata: 0.9295865639578551
  landing: 0.04991023591719568
  view-data: 0.22258995519950986
