times:
  edit-metadata: 0.8813425390981138
  landing: 0.04605358187109232
  view-data: 0.20956268208101392
