times:
  landing: 1.0681875889999901
  view-data: 0.5592459929999904
