times:
  edit-metadata: 0.9827231769450009
  landing: 0.05726605700328946
  view-data: 0.2778638119343668
