times:
  edit-metadata: 1.9708942882716656
  landing: 1.0422653052955866
  view-data: 0.4454099200665951
