times:
  landing: 0.5570500940000045
  view-data: 0.5693113240000116
