times:
  edit-metadata: 0.8415687219239771
  landing: 0.07067525293678045
  view-data: 0.2392108258791268
