times:
  edit-metadata: 0.8905725786462426
  landing: 0.04986872058361769
  view-data: 0.21544502768665552
