times:
  edit-metadata: 1.570793891325593
  landing: 1.043185731396079
  view-data: 3.4360720459371805
