times:
  landing: 1.0669649959999674
  view-data: 0.5676903909999851
