times:
  edit-metadata: 1.818267598748207
  landing: 0.01979310903698206
  view-data: 0.21169745177030563
