times:
  edit-metadata: 1.5325288772583008
  landing: 0.936741154640913
  view-data: 3.4027486220002174
