times:
  edit-metadata: 0.9686507529113442
  landing: 0.04924026504158974
  view-data: 0.2056955099105835
