times:
  edit-metadata: 1.975422483868897
  landing: 0.0694874869659543
  view-data: 0.44411994493566453
