times:
  edit-metadata: 0.8689042869955301
  landing: 0.048785591032356024
  view-data: 0.22816979000344872
