times:
  edit-metadata: 1.025435389019549
  landing: 0.0766114299185574
  view-data: 0.23079970106482506
