times:
  edit-metadata: 0.8608749667182565
  landing: 0.04611034831032157
  view-data: 0.23985705384984612
