times:
  landing: 1.1064031430000227
  view-data: 0.5677409550000334
