times:
  edit-metadata: 0.9822483619791456
  landing: 0.07839880103711039
  view-data: 0.2903183180023916
