times:
  edit-metadata: 0.9521488649770617
  landing: 0.05268944799900055
  view-data: 0.2393967560492456
