times:
  edit-metadata: 1.5107863768935204
  landing: 1.0467946361750364
  view-data: 3.374347783625126
