times:
  edit-metadata: 1.925839552655816
  landing: 0.023491370491683483
  view-data: 0.027698496356606483
