times:
  edit-metadata: 1.548325405921787
  landing: 1.1820893371477723
  view-data: 3.2974791950546205
