times:
  edit-metadata: 1.4689647257328033
  landing: 1.0937186628580093
  view-data: 3.4109794087707996
