times:
  edit-metadata: 1.8947321120649576
  landing: 0.019744460470974445
  view-data: 0.024955639615654945
