times:
  edit-metadata: 1.9872015696018934
  landing: 1.6300987247377634
  view-data: 0.3570058364421129
