times:
  edit-metadata: 1.8269697492942214
  landing: 0.020602121949195862
  view-data: 0.024629298597574234
