times:
  edit-metadata: 2.0920095797628164
  landing: 1.1089759841561317
  view-data: 0.6267780847847462
