times:
  edit-metadata: 1.456088162958622
  landing: 1.0129058472812176
  view-data: 3.28905176371336
