times:
  edit-metadata: 0.8978370728436857
  landing: 0.056280042976140976
  view-data: 0.22373331803828478
