times:
  edit-metadata: 2.0667014345526695
  landing: 0.5522929392755032
  view-data: 0.28748074546456337
