times:
  edit-metadata: 1.8924484103918076
  landing: 1.435227643698454
  view-data: 3.4317852556705475
