times:
  edit-metadata: 1.8355751149356365
  landing: 0.048551324754953384
  view-data: 0.23409973829984665
