times:
  edit-metadata: 1.5051441844552755
  landing: 0.9052841924130917
  view-data: 3.4181916527450085
