times:
  edit-metadata: 1.4003412947058678
  landing: 1.0476768538355827
  view-data: 3.330725558102131
