times:
  edit-metadata: 1.4415331152267754
  landing: 1.1812218576669693
  view-data: 3.3140177549794316
