times:
  edit-metadata: 0.8661528266966343
  landing: 0.05544473184272647
  view-data: 0.2120470921508968
