times:
  edit-metadata: 0.9162218370474875
  landing: 0.04411319689825177
  view-data: 0.2161857387982309
