times:
  edit-metadata: 3.132732203230262
  landing: 0.14784758165478706
  view-data: 0.47820761427283287
