times:
  edit-metadata: 1.403192613273859
  landing: 0.8839632533490658
  view-data: 3.2976332008838654
