times:
  edit-metadata: 0.9923822919372469
  landing: 0.0470098580699414
  view-data: 0.23629815015010536
