times:
  edit-metadata: 1.026834021002287
  landing: 0.050730424001812935
  view-data: 0.2608366920030676
