times:
  edit-metadata: 1.844279563985765
  landing: 0.12303683254867792
  view-data: 0.37362908758223057
