times:
  landing: 0.5502000839999823
  view-data: 0.558327706
