times:
  landing: 1.0678562239999962
  view-data: 0.5515550750000102
