times:
  edit-metadata: 1.5537475924938917
  landing: 1.0791258811950684
  view-data: 3.420660562813282
