times:
  edit-metadata: 1.8971109166741371
  landing: 1.1037837769836187
  view-data: 0.6467225197702646
