times:
  edit-metadata: 1.45854246430099
  landing: 1.0838514883071184
  view-data: 3.3144068475812674
