times:
  edit-metadata: 1.02142180899682
  landing: 0.060958697999012657
  view-data: 0.22635052300029201
