times:
  edit-metadata: 1.8263420118018985
  landing: 0.021855434402823448
  view-data: 0.02386582549661398
