times:
  edit-metadata: 1.472033154219389
  landing: 0.8702348470687866
  view-data: 3.353631630539894
