times:
  edit-metadata: 0.9583661319920793
  landing: 0.05131238198373467
  view-data: 0.4012927890289575
