times:
  edit-metadata: 1.0119201079942286
  landing: 0.05151088791899383
  view-data: 0.22935025906190276
