times:
  edit-metadata: 1.820037204772234
  landing: 0.22240752167999744
  view-data: 0.4526901403442025
