times:
  edit-metadata: 1.7452442310750484
  landing: 0.9925521418917924
  view-data: 3.3236708398908377
