times:
  edit-metadata: 1.7272957973182201
  landing: 0.0526055172085762
  view-data: 0.2236666902899742
