times:
  edit-metadata: 1.5682911090552807
  landing: 0.9530064687132835
  view-data: 3.4835923612117767
