times:
  landing: 1.1095190610000145
  view-data: 0.5571633769999949
