times:
  landing: 0.551317599000015
  view-data: 0.5524585139999942
