times:
  edit-metadata: 1.8213674910366535
  landing: 0.022349788807332516
  view-data: 0.10070237051695585
