times:
  edit-metadata: 1.068251583725214
  landing: 0.04725521616637707
  view-data: 0.26831157226115465
