times:
  edit-metadata: 1.6015182379633188
  landing: 1.1249486804008484
  view-data: 3.4393631145358086
