times:
  landing: 1.0901450850000174
  view-data: 0.5647854489999986
