times:
  edit-metadata: 1.8266385113820434
  landing: 0.02203594334423542
  view-data: 0.025578351691365242
