times:
  edit-metadata: 2.773827699944377
  landing: 0.21180517971515656
  view-data: 0.1566939800977707
