times:
  landing: 0.5530669350000039
  view-data: 0.5570860539999671
