times:
  edit-metadata: 1.9633438270539045
  landing: 1.1021446324884892
  view-data: 0.6321238279342651
