times:
  edit-metadata: 0.8894044400658458
  landing: 0.04078451602254063
  view-data: 0.22738598892465234
