times:
  edit-metadata: 1.5826199688017368
  landing: 0.9518268071115017
  view-data: 3.4404889717698097
