times:
  edit-metadata: 1.4037515744566917
  landing: 1.0171957649290562
  view-data: 3.325156446546316
