times:
  edit-metadata: 2.024308843538165
  landing: 0.5477157831192017
  view-data: 0.3437922392040491
