times:
  edit-metadata: 4.651197485625744
  landing: 1.665086042135954
  view-data: 3.4409336298704147
