times:
  edit-metadata: 2.452991681173444
  landing: 0.3227147366851568
  view-data: 0.306615749374032
