times:
  edit-metadata: 1.273371197283268
  landing: 0.11279938509687781
  view-data: 0.4414175641722977
