times:
  edit-metadata: 1.7139479853212833
  landing: 0.04268769174814224
  view-data: 0.22770670428872108
