times:
  edit-metadata: 0.9513226030394435
  landing: 0.0456960741430521
  view-data: 0.6469120047986507
