times:
  edit-metadata: 1.833376869559288
  landing: 0.022441348060965538
  view-data: 0.02718263864517212
