times:
  landing: 1.0698406939999927
  view-data: 0.5538161260000152
