times:
  landing: 0.5525996850000183
  view-data: 0.546850323000001
