times:
  edit-metadata: 1.0654255750123411
  landing: 0.05500009108800441
  view-data: 0.24737805291078985
