times:
  edit-metadata: 1.846437681466341
  landing: 0.02230176329612732
  view-data: 0.12099385913461447
