times:
  edit-metadata: 1.5322691593319178
  landing: 1.9425924960523844
  view-data: 3.3303740434348583
