times:
  edit-metadata: 1.8266752641648054
  landing: 0.5376843735575676
  view-data: 0.2509480845183134
