times:
  edit-metadata: 1.187523783009965
  landing: 0.04636573599418625
  view-data: 0.2577442650217563
