times:
  edit-metadata: 2.014580961316824
  landing: 0.8371675107628107
  view-data: 0.37002636305987835
