times:
  edit-metadata: 1.8485396588221192
  landing: 0.14268707670271397
  view-data: 0.2453394327312708
