times:
  edit-metadata: 1.9054376240819693
  landing: 0.729045145213604
  view-data: 0.29425641708076
