times:
  edit-metadata: 0.9554362690541893
  landing: 0.07546172104775906
  view-data: 0.26167229702696204
