times:
  edit-metadata: 0.9635018219705671
  landing: 0.05341287120245397
  view-data: 0.24644830799661577
