times:
  edit-metadata: 1.904304638504982
  landing: 0.8702427037060261
  view-data: 0.38277823105454445
