times:
  edit-metadata: 0.9246902100276202
  landing: 0.05474090005736798
  view-data: 0.23255714605329558
