times:
  edit-metadata: 1.4078252846375108
  landing: 1.0703684827312827
  view-data: 3.346392367966473
