times:
  edit-metadata: 2.702394936233759
  landing: 0.1332284677773714
  view-data: 0.48213781602680683
