times:
  landing: 1.0613231269999233
  view-data: 0.5457196929996826
