times:
  landing: 0.5638255850000178
  view-data: 0.057309293999992406
