times:
  landing: 0.5422039649999988
  view-data: 0.5442001190000383
