times:
  edit-metadata: 0.9737299820408225
  landing: 0.05031156609766185
  view-data: 0.22025720309466124
