times:
  landing: 0.5567471450000028
  view-data: 0.554793444000012
