times:
  edit-metadata: 5.409016340970993
  landing: 2.4131222888827324
  view-data: 3.61234874650836
