times:
  landing: 1.0759294120000504
  view-data: 0.5614457730000026
