times:
  edit-metadata: 1.88178004976362
  landing: 0.11183023173362017
  view-data: 0.13130242563784122
