times:
  edit-metadata: 1.3547358326613903
  landing: 1.042266983538866
  view-data: 3.3739336989820004
