times:
  landing: 1.0725001760000055
  view-data: 0.5545555550000074
