times:
  edit-metadata: 1.3907388485968113
  landing: 1.031542293727398
  view-data: 3.3310085758566856
