times:
  edit-metadata: 1.557223616167903
  landing: 1.009851362556219
  view-data: 3.4959491658955812
