times:
  edit-metadata: 1.5317758359014988
  landing: 1.0732691399753094
  view-data: 3.429548818618059
