times:
  edit-metadata: 1.9475038722157478
  landing: 0.22671210393309593
  view-data: 0.2518214760348201
