times:
  edit-metadata: 0.9090261319943238
  landing: 0.0449807709956076
  view-data: 0.21705956099322066
