times:
  edit-metadata: 1.4538077600300312
  landing: 0.8553561270236969
  view-data: 3.3630737103521824
