times:
  edit-metadata: 2.457629745826125
  landing: 0.21697810851037502
  view-data: 0.26545747742056847
