times:
  edit-metadata: 1.8958760648965836
  landing: 0.153572928160429
  view-data: 0.1270271549001336
