times:
  landing: 0.5602663070000062
  view-data: 0.5698429619999956
