times:
  edit-metadata: 1.4763402044773102
  landing: 0.8372402396053076
  view-data: 0.3156497422605753
