times:
  edit-metadata: 1.3485879519721493
  landing: 1.2234498200705275
  view-data: 3.392758577945642
