times:
  landing: 1.0798619869999584
  view-data: 0.5617103970000699
