times:
  landing: 1.0740981730000385
  view-data: 0.5666497660000118
