times:
  landing: 0.5506922580000264
  view-data: 0.5563367599999651
