times:
  edit-metadata: 1.4355654455721378
  landing: 0.9177208095788956
  view-data: 3.2529146559536457
