times:
  edit-metadata: 1.994627607986331
  landing: 1.0861680340021849
  view-data: 0.6595615483820438
