times:
  edit-metadata: 0.8569633550941944
  landing: 0.04777557996567339
  view-data: 0.21604119904804975
