times:
  edit-metadata: 1.9341476038098335
  landing: 0.8540010303258896
  view-data: 0.4707278162240982
