times:
  edit-metadata: 1.2780732500832528
  landing: 0.06906653195619583
  view-data: 0.3757063758093864
