times:
  edit-metadata: 0.9655251579824835
  landing: 0.047535066958516836
  view-data: 0.22403782000765204
