times:
  landing: 0.5494160699999782
  view-data: 0.5623210239999992
