times:
  edit-metadata: 1.1091165950056165
  landing: 0.04498097801115364
  view-data: 0.22727333300281316
