times:
  edit-metadata: 1.0814725829986855
  landing: 0.05263282498344779
  view-data: 0.22809179802425206
