times:
  edit-metadata: 2.1209573056548834
  landing: 0.020579062402248383
  view-data: 0.026688581332564354
