times:
  landing: 0.5511911680000026
  view-data: 0.5552216880000174
