times:
  edit-metadata: 1.8762788670137525
  landing: 0.020472451113164425
  view-data: 0.026166478171944618
