times:
  edit-metadata: 0.9667004337534308
  landing: 0.055808769073337317
  view-data: 0.2605614811182022
