times:
  landing: 0.5605284569999753
  view-data: 0.5611208600000168
