times:
  edit-metadata: 1.1850344352424145
  landing: 0.04685667995363474
  view-data: 0.36457542004063725
