times:
  edit-metadata: 1.3480699039064348
  landing: 1.015236176084727
  view-data: 3.3287707893177867
