times:
  edit-metadata: 1.4907600078731775
  landing: 1.0122636836022139
  view-data: 3.3945032134652138
