times:
  edit-metadata: 3.257649103179574
  landing: 0.39698035828769207
  view-data: 0.6407824400812387
