times:
  edit-metadata: 0.869448415003717
  landing: 0.04336364706978202
  view-data: 0.21840244298800826
