times:
  edit-metadata: 1.525911144912243
  landing: 0.9973033592104912
  view-data: 3.4388652686029673
