times:
  edit-metadata: 1.8064295193180442
  landing: 0.02298828959465027
  view-data: 0.02497409749776125
