times:
  edit-metadata: 0.9273065757006407
  landing: 0.053881191182881594
  view-data: 0.21644950611516833
