times:
  edit-metadata: 1.7884101048111916
  landing: 0.6731344861909747
  view-data: 3.2596939262002707
