times:
  edit-metadata: 0.9643983328714967
  landing: 0.045765978982672095
  view-data: 0.24061122117564082
