times:
  edit-metadata: 1.68651732057333
  landing: 1.1557121872901917
  view-data: 3.3333538249135017
