times:
  edit-metadata: 1.8099219240248203
  landing: 0.043324682861566544
  view-data: 0.23720260336995125
