times:
  edit-metadata: 0.8902973150834441
  landing: 0.04403975699096918
  view-data: 0.23265663580968976
