times:
  edit-metadata: 0.9506862252019346
  landing: 0.04768827510997653
  view-data: 0.24702553800307214
