times:
  edit-metadata: 1.2854003682732582
  landing: 1.0554887726902962
  view-data: 3.4270614963024855
