times:
  landing: 1.0636553229999208
  view-data: 0.5568319870000096
