times:
  edit-metadata: 1.2670707369688898
  landing: 0.06050189700908959
  view-data: 0.21279777097515762
