times:
  edit-metadata: 2.7246291916817427
  landing: 0.25204625725746155
  view-data: 0.2065963838249445
