times:
  landing: 1.064620734000016
  view-data: 0.5499174189999962
