times:
  edit-metadata: 0.9457717270124704
  landing: 0.04556581494398415
  view-data: 0.24849376000929624
