times:
  edit-metadata: 0.8542905813083053
  landing: 0.03960308898240328
  view-data: 0.2324975049123168
