times:
  edit-metadata: 0.9518097839318216
  landing: 0.052345711970701814
  view-data: 0.22328917612321675
