times:
  edit-metadata: 1.4108835849910975
  landing: 1.0639096731320024
  view-data: 3.3723206259310246
