times:
  edit-metadata: 1.437712099403143
  landing: 0.8966003879904747
  view-data: 3.3518864065408707
