times:
  edit-metadata: 1.5305446535348892
  landing: 1.2284127976745367
  view-data: 3.4715812280774117
