times:
  edit-metadata: 1.7981953900307417
  landing: 1.0769001019652933
  view-data: 3.283723879023455
