times:
  edit-metadata: 1.4991948679089546
  landing: 1.019472973421216
  view-data: 3.3887544572353363
