times:
  landing: 1.074987755000052
  view-data: 0.559688440000059
