times:
  edit-metadata: 1.8721507601439953
  landing: 0.02275751903653145
  view-data: 0.12018714472651482
