times:
  edit-metadata: 1.4725073371082544
  landing: 1.1466215290129185
  view-data: 3.310502015054226
