times:
  edit-metadata: 1.8305391613394022
  landing: 0.019434062764048576
  view-data: 0.0255326172336936
