times:
  landing: 0.5510170420000122
  view-data: 0.5617217129999972
