times:
  landing: 1.0724730849999844
  view-data: 0.5543895939999857
