times:
  edit-metadata: 0.9519079308956861
  landing: 0.04686588328331709
  view-data: 0.23023709328845143
