times:
  landing: 1.069850727999949
  view-data: 0.5590193319999912
