times:
  edit-metadata: 1.818019631318748
  landing: 0.021957481279969215
  view-data: 0.12326932605355978
