times:
  edit-metadata: 2.0636227168142796
  landing: 1.0330438371747732
  view-data: 0.38623297214508057
