times:
  edit-metadata: 1.7575527329972829
  landing: 0.04523214800065034
  view-data: 0.2452634820001549
