times:
  edit-metadata: 1.0863867239968386
  landing: 0.0585378959949594
  view-data: 0.26011404499877244
