times:
  edit-metadata: 0.8834975180216134
  landing: 0.050678445026278496
  view-data: 0.20859324908815324
