times:
  edit-metadata: 2.0001337714493275
  landing: 0.1453298982232809
  view-data: 0.139487000182271
