times:
  edit-metadata: 1.8691529128700495
  landing: 0.023019425570964813
  view-data: 0.13818923570215702
