times:
  edit-metadata: 1.1545896381139755
  landing: 0.07266155583783984
  view-data: 0.32011484494432807
