times:
  edit-metadata: 1.995549775660038
  landing: 0.18917359597980976
  view-data: 0.3500207755714655
