times:
  edit-metadata: 2.068654118105769
  landing: 0.5230897609144449
  view-data: 0.3278475273400545
