times:
  edit-metadata: 1.8860031720250845
  landing: 0.019099737517535686
  view-data: 0.12388004455715418
