times:
  edit-metadata: 0.9412790869828314
  landing: 0.050204170984216034
  view-data: 0.2598313989583403
