times:
  edit-metadata: 1.0211675828322768
  landing: 0.04267620388418436
  view-data: 0.2473824331536889
