times:
  edit-metadata: 0.9088148530572653
  landing: 0.04448000341653824
  view-data: 1.1355093205347657
