times:
  edit-metadata: 1.9294518008828163
  landing: 0.1273813731968403
  view-data: 0.02570233680307865
