times:
  edit-metadata: 1.867808759212494
  landing: 0.018755183555185795
  view-data: 0.02808906603604555
