times:
  edit-metadata: 1.7781742103397846
  landing: 0.04416981339454651
  view-data: 0.25149523094296455
