times:
  edit-metadata: 0.9698276391718537
  landing: 0.05084850382991135
  view-data: 0.23208569991402328
