times:
  edit-metadata: 0.9028270249255002
  landing: 0.04720254917629063
  view-data: 0.2267375779338181
