times:
  edit-metadata: 2.107630517333746
  landing: 1.6078423531726003
  view-data: 3.480895958840847
