times:
  landing: 1.087637620999999
  view-data: 0.5809817560000283
