times:
  edit-metadata: 2.053252875804901
  landing: 0.0882171243429184
  view-data: 0.27097706124186516
