times:
  edit-metadata: 0.9496094861533493
  landing: 0.09845566400326788
  view-data: 0.23240696103312075
