times:
  edit-metadata: 1.9464625250548124
  landing: 1.100161850452423
  view-data: 0.6473517119884491
