times:
  edit-metadata: 1.8306239815428853
  landing: 0.2163817072287202
  view-data: 0.023536313325166702
