times:
  edit-metadata: 0.884258322417736
  landing: 0.039213187992572784
  view-data: 0.3375702891498804
