times:
  landing: 1.065650025000025
  view-data: 0.5504357019999873
