times:
  edit-metadata: 1.4622302614152431
  landing: 1.0493890084326267
  view-data: 3.463716432452202
