times:
  edit-metadata: 0.9112686160951853
  landing: 0.045383332297205925
  view-data: 0.22803717898204923
