times:
  edit-metadata: 1.761240165680647
  landing: 0.038605380803346634
  view-data: 0.22214975953102112
