times:
  edit-metadata: 1.8257069764658809
  landing: 0.14827056601643562
  view-data: 0.11703803297132254
