times:
  landing: 0.5514399529999992
  view-data: 0.5657397140000171
