times:
  edit-metadata: 1.8881694190204144
  landing: 0.4909264035522938
  view-data: 0.26205128245055676
