times:
  landing: 0.5524883129999125
  view-data: 0.5586189279999871
