times:
  edit-metadata: 1.7510142659957637
  landing: 0.05032279599981848
  view-data: 0.2322378939934424
