times:
  edit-metadata: 3.2019541673362255
  landing: 0.3052573800086975
  view-data: 0.6798519883304834
