times:
  edit-metadata: 1.5088040716946125
  landing: 0.8982244431972504
  view-data: 3.376151207834482
