times:
  edit-metadata: 1.8578574359416962
  landing: 0.8068108800798655
  view-data: 0.4507016893476248
