times:
  edit-metadata: 1.4804696515202522
  landing: 0.8155131600797176
  view-data: 3.3604946099221706
