times:
  edit-metadata: 0.9089119923301041
  landing: 0.04490111581981182
  view-data: 0.22895494382828474
