times:
  edit-metadata: 1.4867892228066921
  landing: 0.7165270298719406
  view-data: 3.5725518204271793
