times:
  edit-metadata: 0.9464053069823422
  landing: 0.060069149010814726
  view-data: 0.3720386630157009
