times:
  edit-metadata: 1.9350529816001654
  landing: 0.020600343123078346
  view-data: 0.34655448235571384
