times:
  landing: 0.5593002030000207
  view-data: 0.5550741470000276
