times:
  edit-metadata: 1.3845202960073948
  landing: 1.0143099618144333
  view-data: 3.3930393932387233
