times:
  edit-metadata: 2.016231500543654
  landing: 0.023204486817121506
  view-data: 0.13151902705430984
