times:
  edit-metadata: 1.1679255650378764
  landing: 0.18093021027743816
  view-data: 0.24332242319360375
