times:
  landing: 0.5545523959999912
  view-data: 0.05581362500001319
