times:
  edit-metadata: 2.804617218673229
  landing: 0.2372011486440897
  view-data: 0.6889501269906759
