times:
  edit-metadata: 1.4864765424281359
  landing: 0.5063874144107103
  view-data: 0.33263970352709293
