times:
  edit-metadata: 1.9219988472759724
  landing: 0.018940487876534462
  view-data: 0.3646004907786846
