times:
  edit-metadata: 1.3846748910145834
  landing: 0.796750211971812
  view-data: 3.305702031007968
