times:
  landing: 1.067251954999989
  view-data: 0.5529539800000123
