times:
  edit-metadata: 0.8774039179988904
  landing: 0.04690614000719506
  view-data: 0.22303577201091684
