times:
  landing: 1.0693956690000164
  view-data: 0.5742724360000011
