times:
  edit-metadata: 1.6190011985599995
  landing: 0.6610134113579988
  view-data: 0.23602101765573025
