times:
  landing: 0.5435889480000071
  view-data: 0.5502780410000128
