times:
  edit-metadata: 1.052460087928921
  landing: 0.04592937231063843
  view-data: 0.247219979763031
