times:
  edit-metadata: 1.0466477097943425
  landing: 0.05751512572169304
  view-data: 0.2547021512873471
