times:
  edit-metadata: 2.0699027944356203
  landing: 0.1439305618405342
  view-data: 0.1507913414388895
