times:
  edit-metadata: 1.427871850784868
  landing: 1.1068061999976635
  view-data: 3.3649680642411113
