times:
  edit-metadata: 1.983708195388317
  landing: 0.5135038439184427
  view-data: 0.2594271320849657
