times:
  edit-metadata: 1.9983229208737612
  landing: 0.5763503815978765
  view-data: 0.6314062979072332
