times:
  edit-metadata: 1.973339131101966
  landing: 0.09860093705356121
  view-data: 0.3569221720099449
