times:
  edit-metadata: 1.5844445414841175
  landing: 0.9196684621274471
  view-data: 3.4541364647448063
