times:
  edit-metadata: 0.9876436591148376
  landing: 0.0535799169447273
  view-data: 0.24950078898109496
