times:
  edit-metadata: 1.6587178240297362
  landing: 1.4248119669500738
  view-data: 3.385839682072401
