times:
  edit-metadata: 0.9000386749394238
  landing: 0.04794576414860785
  view-data: 0.20725828409194946
