times:
  edit-metadata: 0.949546062387526
  landing: 0.04966476280242205
  view-data: 0.2369947601109743
