times:
  edit-metadata: 1.8299055006355047
  landing: 1.3315677475184202
  view-data: 3.466969832777977
