times:
  edit-metadata: 1.4249118948355317
  landing: 0.9911800809204578
  view-data: 3.5784096950665116
