times:
  landing: 1.0598092529999974
  view-data: 0.5512046120000207
