times:
  edit-metadata: 0.9118045701179653
  landing: 0.07506124512292445
  view-data: 0.2626533869188279
