times:
  edit-metadata: 1.0380615526810288
  landing: 0.03969437861815095
  view-data: 0.27893207408487797
