times:
  edit-metadata: 1.7207212001085281
  landing: 0.04408315569162369
  view-data: 0.23815103992819786
