times:
  edit-metadata: 1.5489201229065657
  landing: 1.1117930337786674
  view-data: 3.4740426652133465
