times:
  edit-metadata: 0.9910513849463314
  landing: 0.05762862297706306
  view-data: 0.3752286429516971
