times:
  edit-metadata: 2.0684174187481403
  landing: 1.520902469754219
  view-data: 3.621845969930291
