times:
  edit-metadata: 1.9717785008251667
  landing: 0.7704376969486475
  view-data: 0.2786169983446598
