times:
  edit-metadata: 1.8411671742796898
  landing: 0.02067742869257927
  view-data: 0.023640785366296768
