times:
  edit-metadata: 1.375196661800146
  landing: 1.0213133618235588
  view-data: 3.37372874841094
