times:
  landing: 0.555963050999992
  view-data: 0.5559632499999907
