times:
  landing: 0.5495205299999952
  view-data: 0.5485812160000023
