times:
  landing: 0.5568358150001131
  view-data: 0.566139787000111
