times:
  edit-metadata: 1.968369023874402
  landing: 1.1037200558930635
  view-data: 0.6486015003174543
