times:
  edit-metadata: 1.4756443500518799
  landing: 0.8970094621181488
  view-data: 3.2757765613496304
