times:
  edit-metadata: 0.9354765270836651
  landing: 0.03995548328384757
  view-data: 0.23537144577130675
