times:
  edit-metadata: 1.6351414173841476
  landing: 0.7166196312755346
  view-data: 0.3845313135534525
