times:
  edit-metadata: 1.0072763259522617
  landing: 0.0666023651137948
  view-data: 0.24582733027637005
