times:
  edit-metadata: 0.9383129019988701
  landing: 0.04555294697638601
  view-data: 0.2387630130397156
