times:
  edit-metadata: 1.896356688812375
  landing: 0.5779496803879738
  view-data: 0.6479239873588085
