times:
  edit-metadata: 1.5106802433729172
  landing: 1.2064056042581797
  view-data: 3.4245280288159847
