times:
  edit-metadata: 2.0636605247855186
  landing: 0.15613174438476562
  view-data: 0.3941308818757534
