times:
  edit-metadata: 0.9446474129799753
  landing: 0.04267242702189833
  view-data: 0.2165746029932052
