times:
  edit-metadata: 1.3738687373697758
  landing: 1.1680123955011368
  view-data: 3.3979255706071854
