times:
  edit-metadata: 1.7297265939414501
  landing: 0.050402507185935974
  view-data: 0.24362466484308243
