times:
  edit-metadata: 1.5021547861397266
  landing: 0.8266467563807964
  view-data: 3.362116537988186
