times:
  edit-metadata: 1.8199438089504838
  landing: 0.018989935517311096
  view-data: 0.02468725759536028
