times:
  edit-metadata: 0.9377717799507082
  landing: 0.045090115163475275
  view-data: 0.22091127606108785
