times:
  edit-metadata: 1.7488937191665173
  landing: 0.054289840161800385
  view-data: 0.2440616935491562
