times:
  landing: 1.0710639440000023
  view-data: 0.5578928680000672
