times:
  landing: 1.5915807220000033
  view-data: 0.5584689620000063
