times:
  landing: 0.5624446509999927
  view-data: 0.5657264509999891
