times:
  landing: 0.5490928140000051
  view-data: 0.5581908919999989
