times:
  edit-metadata: 0.9173037642613053
  landing: 0.045707506127655506
  view-data: 0.22847932996228337
