times:
  edit-metadata: 0.8784730210900307
  landing: 0.05257853493094444
  view-data: 0.22738836240023375
