times:
  edit-metadata: 1.4795388504862785
  landing: 1.0427801758050919
  view-data: 3.2684984356164932
