times:
  edit-metadata: 3.2339795799925923
  landing: 0.34474956151098013
  view-data: 0.682912259362638
