times:
  landing: 1.0744266689999904
  view-data: 0.5640581089999728
