times:
  edit-metadata: 1.8903749473392963
  landing: 0.020793644711375237
  view-data: 0.026068000122904778
