times:
  edit-metadata: 1.384383700788021
  landing: 1.0000084452331066
  view-data: 3.347821921110153
