times:
  edit-metadata: 1.5232700034976006
  landing: 0.7205285523086786
  view-data: 0.25018530897796154
