times:
  edit-metadata: 0.9701399498153478
  landing: 0.046941115986555815
  view-data: 0.21666604815982282
