times:
  edit-metadata: 0.9400100419297814
  landing: 0.053964218008331954
  view-data: 0.21527342102490366
