times:
  edit-metadata: 1.7558153979480267
  landing: 0.05253005400300026
  view-data: 0.22527533024549484
