times:
  edit-metadata: 1.4030614090152085
  landing: 1.0490786829032004
  view-data: 3.367800966836512
