times:
  edit-metadata: 2.4848884902894497
  landing: 0.2998582134023309
  view-data: 0.3977121189236641
