times:
  edit-metadata: 0.8551605716347694
  landing: 0.048765446059405804
  view-data: 0.2429221123456955
