times:
  edit-metadata: 1.510743947699666
  landing: 1.034883400425315
  view-data: 3.4212747402489185
