times:
  landing: 1.0756919049999851
  view-data: 0.5573594169999865
