times:
  edit-metadata: 1.9024943988770247
  landing: 0.022762170061469078
  view-data: 0.027267939411103725
