times:
  edit-metadata: 1.5396370142698288
  landing: 0.5853765159845352
  view-data: 0.23817215114831924
