times:
  edit-metadata: 0.8672101981937885
  landing: 0.0520521542057395
  view-data: 0.2173478351905942
