times:
  edit-metadata: 0.8683500390034169
  landing: 0.048004074953496456
  view-data: 0.21287562302313745
