times:
  edit-metadata: 0.9180536633357406
  landing: 0.05084783583879471
  view-data: 0.2260679453611374
