times:
  edit-metadata: 0.8641671859659255
  landing: 0.04180812602862716
  view-data: 0.2151149029377848
