times:
  landing: 1.0693947100000116
  view-data: 0.5564389639999945
