times:
  edit-metadata: 1.7285596132278442
  landing: 0.04122933745384216
  view-data: 0.23487746343016624
