times:
  edit-metadata: 1.7769755087792873
  landing: 0.050703492015600204
  view-data: 0.23503656312823296
