times:
  edit-metadata: 1.0235914670001875
  landing: 0.05340718800016475
  view-data: 0.25404310900012206
