times:
  landing: 1.1008653739999943
  view-data: 0.5546361300000058
