times:
  edit-metadata: 1.1782529852353036
  landing: 0.04997533606365323
  view-data: 0.23063527885824442
