times:
  edit-metadata: 0.8911666348576546
  landing: 0.048007890582084656
  view-data: 0.22252553142607212
