times:
  edit-metadata: 0.8653815970756114
  landing: 0.04271195689216256
  view-data: 0.22881917702034116
