times:
  edit-metadata: 1.7241884879767895
  landing: 0.0484745055437088
  view-data: 0.22710247710347176
