times:
  edit-metadata: 2.008081194013357
  landing: 0.21660789474844933
  view-data: 0.02268632873892784
