times:
  edit-metadata: 1.049077674979344
  landing: 0.05219158297404647
  view-data: 0.2669219800736755
