times:
  landing: 0.5497257570000045
  view-data: 0.05882804799998098
