times:
  edit-metadata: 1.40382294729352
  landing: 1.1365769878029823
  view-data: 3.4026187397539616
