times:
  landing: 0.5481161919999522
  view-data: 0.5441016330000821
