times:
  edit-metadata: 1.7491273265331984
  landing: 1.4542639553546906
  view-data: 3.3310168869793415
