times:
  edit-metadata: 2.1374889072030783
  landing: 0.20778279565274715
  view-data: 0.026576388627290726
