times:
  edit-metadata: 0.9223630529595539
  landing: 0.050737699028104544
  view-data: 0.22246214398182929
