times:
  edit-metadata: 1.688432913273573
  landing: 0.04683804139494896
  view-data: 0.2372363768517971
