times:
  edit-metadata: 0.9824601200234611
  landing: 0.04751167198992334
  view-data: 0.2227791899931617
