times:
  edit-metadata: 1.8996090898290277
  landing: 0.018695428036153316
  view-data: 0.024632110260426998
