times:
  edit-metadata: 1.0361355459317565
  landing: 0.05899516702629626
  view-data: 0.2618887630524114
