times:
  edit-metadata: 1.3896271800622344
  landing: 1.0580162000842392
  view-data: 3.380896753864363
