times:
  edit-metadata: 3.782582439482212
  landing: 1.8675016425549984
  view-data: 3.3710875175893307
