times:
  edit-metadata: 1.3607607474550605
  landing: 1.1340381810441613
  view-data: 3.3687115097418427
