times:
  edit-metadata: 1.867989149875939
  landing: 0.15884664002805948
  view-data: 0.11592756677418947
