times:
  edit-metadata: 1.4423193242400885
  landing: 1.0034714471548796
  view-data: 3.3966384436935186
