times:
  edit-metadata: 0.9708790460135788
  landing: 0.051282973028719425
  view-data: 0.25377771095372736
