times:
  edit-metadata: 1.6745635457336903
  landing: 1.124087169766426
  view-data: 3.281887710094452
