times:
  edit-metadata: 1.8342249132692814
  landing: 0.021736799739301205
  view-data: 0.12649803701788187
