times:
  landing: 0.5565779579999912
  view-data: 0.5589605720000179
