times:
  edit-metadata: 0.8608067301101983
  landing: 0.047382473945617676
  view-data: 0.22397468239068985
