times:
  landing: 0.5750643239999818
  view-data: 0.5580322579999972
