times:
  edit-metadata: 1.5721461661159992
  landing: 1.0090711526572704
  view-data: 3.4701753966510296
