times:
  edit-metadata: 0.9814432850107551
  landing: 0.057070074981311336
  view-data: 0.3563507790095173
