times:
  edit-metadata: 0.9537871107459068
  landing: 0.041469315998256207
  view-data: 0.21132003795355558
