times:
  edit-metadata: 1.0201991139911115
  landing: 0.05398962693288922
  view-data: 0.24811728112399578
