times:
  edit-metadata: 1.4169991621747613
  landing: 1.2725183703005314
  view-data: 3.3554887920618057
