times:
  edit-metadata: 1.0420101368799806
  landing: 0.05655635101720691
  view-data: 0.23705175379291177
