times:
  landing: 0.5518564349999906
  view-data: 0.5575304619999883
