times:
  edit-metadata: 1.972948832437396
  landing: 0.02552672289311886
  view-data: 0.13949809595942497
