times:
  edit-metadata: 0.9100992940366268
  landing: 0.04635099298320711
  view-data: 0.23087119194678962
