times:
  edit-metadata: 0.9705883478745818
  landing: 0.05429374403320253
  view-data: 0.2187147110234946
