times:
  edit-metadata: 1.8782556103542447
  landing: 0.021423068828880787
  view-data: 0.028987443074584007
