times:
  edit-metadata: 1.3536204807460308
  landing: 1.0168466232717037
  view-data: 3.3382172025740147
