times:
  edit-metadata: 1.802610144019127
  landing: 1.629516564309597
  view-data: 0.4705293793231249
