times:
  edit-metadata: 1.8951436839997768
  landing: 0.2225456777960062
  view-data: 0.13803371414542198
