times:
  landing: 0.5577947090000066
  view-data: 0.5606960270000059
