times:
  edit-metadata: 1.7853486686944962
  landing: 0.021132024936378002
  view-data: 0.11946579907089472
