times:
  landing: 0.5571696820000227
  view-data: 0.5593960560000255
