times:
  edit-metadata: 1.8508127834647894
  landing: 0.020662697963416576
  view-data: 0.224419086240232
