times:
  landing: 1.0653135820000443
  view-data: 0.5541451159999724
