times:
  edit-metadata: 1.3877814817242324
  landing: 1.0191303612664342
  view-data: 3.3599711572751403
