times:
  edit-metadata: 0.9640771700069308
  landing: 0.048027824028395116
  view-data: 0.28518458793405443
