times:
  edit-metadata: 1.8562619825825095
  landing: 0.02028799708932638
  view-data: 0.47608279529958963
