times:
  edit-metadata: 1.8709899988025427
  landing: 0.21140251494944096
  view-data: 0.02609315887093544
