times:
  edit-metadata: 1.4781490471214056
  landing: 1.0586329009383917
  view-data: 3.391757356002927
