times:
  edit-metadata: 1.011306821994367
  landing: 0.05406776200106833
  view-data: 0.2302418229955947
