times:
  edit-metadata: 2.5279605742543936
  landing: 1.8281109402887523
  view-data: 3.6792776361107826
