times:
  edit-metadata: 0.9160746459965594
  landing: 0.045543599990196526
  view-data: 0.21104048698907718
