times:
  edit-metadata: 3.063763695769012
  landing: 0.2852730816230178
  view-data: 0.4926753267645836
