times:
  landing: 0.5527009269999326
  view-data: 0.5583385969999881
