times:
  edit-metadata: 1.5827862676233053
  landing: 0.5974511075764894
  view-data: 0.23962504975497723
