times:
  edit-metadata: 2.1665769889950752
  landing: 1.270002156496048
  view-data: 3.569285560399294
