times:
  edit-metadata: 2.7661385647952557
  landing: 1.3831657553091645
  view-data: 3.524003090336919
