times:
  edit-metadata: 1.9609511531889439
  landing: 0.5687092412263155
  view-data: 0.6428418383002281
