times:
  edit-metadata: 2.8063712138682604
  landing: 1.2447670511901379
  view-data: 3.7142096292227507
