times:
  landing: 1.118670825000038
  view-data: 0.5609647069999824
