times:
  edit-metadata: 1.5107308821752667
  landing: 1.297272204887122
  view-data: 3.2919977749697864
