times:
  edit-metadata: 1.4484485015273094
  landing: 1.0778792947530746
  view-data: 3.333618000149727
