times:
  edit-metadata: 1.3503041304647923
  landing: 0.884667057543993
  view-data: 3.2894821539521217
