times:
  edit-metadata: 1.872958680614829
  landing: 2.1166054029017687
  view-data: 0.7961244881153107
