times:
  edit-metadata: 1.871225144714117
  landing: 0.021018803119659424
  view-data: 0.02643537800759077
