times:
  edit-metadata: 0.9294506279984489
  landing: 0.045325857994612306
  view-data: 0.2191903019847814
