times:
  edit-metadata: 2.312020756304264
  landing: 0.18822582624852657
  view-data: 0.025086453184485435
