times:
  landing: 0.555300969000001
  view-data: 0.5637167069999975
