times:
  edit-metadata: 0.8609697599895298
  landing: 0.04759166715666652
  view-data: 0.23305005580186844
