times:
  edit-metadata: 2.0854892935603857
  landing: 0.020742114633321762
  view-data: 0.4580343533307314
