times:
  edit-metadata: 1.818259410560131
  landing: 0.020369570702314377
  view-data: 0.023448183201253414
