times:
  edit-metadata: 0.9292937507852912
  landing: 0.04804407153278589
  view-data: 0.2304602898657322
