times:
  edit-metadata: 1.5421994887292385
  landing: 1.0819267351180315
  view-data: 3.424279285594821
