times:
  landing: 0.5443663700000343
  view-data: 0.5438552629999549
