times:
  edit-metadata: 0.9712550840340555
  landing: 0.04974213003879413
  view-data: 0.23185629397630692
