times:
  edit-metadata: 1.3669328335672617
  landing: 1.0921581871807575
  view-data: 3.322204563766718
