times:
  edit-metadata: 1.9159195553511381
  landing: 1.1634561512619257
  view-data: 0.6356232669204473
