times:
  edit-metadata: 1.8484421782195568
  landing: 0.018240097910165787
  view-data: 0.024968215264379978
