times:
  edit-metadata: 3.940983198583126
  landing: 0.29383584670722485
  view-data: 0.9014474796131253
