times:
  edit-metadata: 0.8896262957714498
  landing: 0.049732312094420195
  view-data: 0.22294213389977813
