times:
  edit-metadata: 1.8709267266094685
  landing: 0.021318838000297546
  view-data: 0.026557008735835552
