times:
  edit-metadata: 1.4829162750393152
  landing: 1.132623439654708
  view-data: 3.416083311662078
