times:
  edit-metadata: 1.3936483403667808
  landing: 1.3746319096535444
  view-data: 3.3353620637208223
