times:
  edit-metadata: 0.9754649130627513
  landing: 0.06108387978747487
  view-data: 0.23409710498526692
