times:
  edit-metadata: 1.9020445439964533
  landing: 0.870878079906106
  view-data: 0.26086593978106976
