times:
  edit-metadata: 2.4927960205823183
  landing: 0.023156141862273216
  view-data: 0.5089465342462063
