times:
  edit-metadata: 1.8236146438866854
  landing: 0.21691444143652916
  view-data: 0.02432528417557478
