times:
  edit-metadata: 1.4943917021155357
  landing: 0.999459944665432
  view-data: 3.379898529499769
