times:
  edit-metadata: 1.5078894812613726
  landing: 0.8244283553212881
  view-data: 3.3113319911062717
