times:
  edit-metadata: 1.245899222791195
  landing: 0.04460652219131589
  view-data: 0.254811005666852
