times:
  landing: 0.56258389300001
  view-data: 0.5683889920000524
