times:
  edit-metadata: 1.9112790059298277
  landing: 0.20855441316962242
  view-data: 0.022586598992347717
