times:
  edit-metadata: 1.5993214286863804
  landing: 1.183869145810604
  view-data: 3.3702887929975986
