times:
  edit-metadata: 1.5226404890418053
  landing: 1.0002425163984299
  view-data: 3.4178199376910925
