times:
  edit-metadata: 1.2484982404857874
  landing: 1.0102847898378968
  view-data: 3.3256082702428102
