times:
  edit-metadata: 0.8816027818247676
  landing: 0.050804740749299526
  view-data: 0.21349930204451084
