times:
  edit-metadata: 1.3590326220728457
  landing: 1.6916249389760196
  view-data: 3.399267596192658
