times:
  edit-metadata: 1.5186958871781826
  landing: 0.6213478483259678
  view-data: 0.25565335527062416
