times:
  landing: 0.5626991440000211
  view-data: 0.560505132000003
