times:
  edit-metadata: 0.8967844289727509
  landing: 0.050666894763708115
  view-data: 0.23428904870525002
