times:
  edit-metadata: 2.003757646307349
  landing: 1.0903996527194977
  view-data: 0.6463974695652723
