times:
  edit-metadata: 1.920456137508154
  landing: 0.021443727426230907
  view-data: 0.12418522778898478
