times:
  landing: 0.5548849119999772
  view-data: 0.5666407749999962
