times:
  landing: 0.5519370750000121
  view-data: 0.5677449799999863
