times:
  edit-metadata: 2.3949004560709
  landing: 0.30637719482183456
  view-data: 0.6120501682162285
