times:
  landing: 0.5618798819999711
  view-data: 0.5597481919999723
