times:
  edit-metadata: 1.4955621920526028
  landing: 1.0110255181789398
  view-data: 3.3965459633618593
