times:
  landing: 1.0937330190000125
  view-data: 0.5566000489999965
