times:
  edit-metadata: 0.8550525601021945
  landing: 0.0500091016292572
  view-data: 0.23076953599229455
