times:
  landing: 0.5563545409999904
  view-data: 0.554626528
