times:
  edit-metadata: 0.8690944341942668
  landing: 0.050285003148019314
  view-data: 0.22734796488657594
