times:
  landing: 0.5566771979999885
  view-data: 0.561028245999978
