times:
  edit-metadata: 1.5551605075597763
  landing: 0.7817792780697346
  view-data: 3.3896196596324444
