times:
  edit-metadata: 1.458661855198443
  landing: 1.108266151510179
  view-data: 3.361989158205688
