times:
  edit-metadata: 0.91807114702533
  landing: 0.059549119003349915
  view-data: 0.21482977099367417
