times:
  edit-metadata: 1.5572558976709843
  landing: 0.9735881499946117
  view-data: 3.388314824551344
