times:
  edit-metadata: 2.423737531527877
  landing: 0.23029781319200993
  view-data: 0.5940239951014519
