times:
  edit-metadata: 1.50397365167737
  landing: 0.9632615372538567
  view-data: 3.3575812466442585
