times:
  edit-metadata: 1.2133554319734685
  landing: 0.0810547300206963
  view-data: 0.29459904500981793
