times:
  edit-metadata: 1.8569892533123493
  landing: 0.10914055816829205
  view-data: 0.39131447672843933
