times:
  edit-metadata: 1.8119797939434648
  landing: 0.13341914024204016
  view-data: 0.025114981457591057
