times:
  edit-metadata: 1.8717518243938684
  landing: 0.018995780497789383
  view-data: 0.3148430772125721
