times:
  edit-metadata: 1.5370414461940527
  landing: 1.0150141082704067
  view-data: 3.3832053057849407
