times:
  landing: 0.5577305850000016
  view-data: 0.5622047099999747
