times:
  edit-metadata: 1.8337112106382847
  landing: 0.11011028662323952
  view-data: 0.027090049348771572
