times:
  edit-metadata: 1.659213545000057
  landing: 0.044174426000608946
  view-data: 0.22603038400029618
