times:
  landing: 0.5631477560000064
  view-data: 0.05033632800001442
