times:
  landing: 0.5530794500000127
  view-data: 0.5559894139999813
