times:
  edit-metadata: 0.9488278268836439
  landing: 0.04606072977185249
  view-data: 0.29032002994790673
