times:
  landing: 2.292912523029372
  view-data: 0.03556905989535153
