times:
  edit-metadata: 0.9594542910344899
  landing: 0.047718439949676394
  view-data: 0.2605657740496099
