times:
  edit-metadata: 1.0020836939802393
  landing: 0.0487709769513458
  view-data: 0.22025283193215728
