times:
  edit-metadata: 0.8850643900223076
  landing: 0.04656418738886714
  view-data: 0.2156530972570181
