times:
  edit-metadata: 0.9695927859283984
  landing: 0.05841314513236284
  view-data: 0.25262433383613825
