times:
  edit-metadata: 0.8799950513057411
  landing: 0.050131325609982014
  view-data: 0.21511538419872522
