times:
  edit-metadata: 1.8302710391581059
  landing: 0.02040839195251465
  view-data: 0.029282866045832634
