times:
  edit-metadata: 2.71304084174335
  landing: 0.21348343417048454
  view-data: 0.1858194638043642
