times:
  edit-metadata: 0.8390625352039933
  landing: 0.04796862602233887
  view-data: 0.21942528616636992
