times:
  edit-metadata: 1.8390591284260154
  landing: 0.0196518711745739
  view-data: 0.024929571896791458
