times:
  edit-metadata: 1.853755570948124
  landing: 0.18455404974520206
  view-data: 0.27900115959346294
