times:
  edit-metadata: 1.9530722312629223
  landing: 0.021494999527931213
  view-data: 0.13876100443303585
