times:
  landing: 0.5497430659999907
  view-data: 0.5545385529999862
