times:
  landing: 0.5435625319999815
  view-data: 0.5441933320000203
