times:
  edit-metadata: 0.8724904769915156
  landing: 0.04606205798336305
  view-data: 0.21854043699568138
