times:
  edit-metadata: 0.9836231430526823
  landing: 0.05316119105555117
  view-data: 0.24757756013423204
