times:
  edit-metadata: 1.4557973369956017
  landing: 0.9570339731872082
  view-data: 3.3539556600153446
