times:
  edit-metadata: 0.8993005757220089
  landing: 0.04827019385993481
  view-data: 0.22784835612401366
