times:
  landing: 0.5501888370000074
  view-data: 0.5503955390000215
