times:
  edit-metadata: 0.9848286840133369
  landing: 0.052301608957350254
  view-data: 0.23932177713140845
