times:
  edit-metadata: 0.9273149739019573
  landing: 0.053087235894054174
  view-data: 0.20937634306028485
