times:
  edit-metadata: 1.0187766309827566
  landing: 0.041602215729653835
  view-data: 0.21923188120126724
