times:
  edit-metadata: 1.9594526272267103
  landing: 0.1347233485430479
  view-data: 0.024541612714529037
