times:
  edit-metadata: 1.892028883099556
  landing: 0.5987033471465111
  view-data: 0.23580514080822468
