times:
  edit-metadata: 1.5430425144731998
  landing: 1.1067607682198286
  view-data: 3.442822813987732
