times:
  edit-metadata: 1.8130064401775599
  landing: 0.020344378426671028
  view-data: 0.025327135808765888
