times:
  edit-metadata: 1.5412856303155422
  landing: 1.088875662535429
  view-data: 3.437195800244808
