times:
  edit-metadata: 1.9541129115968943
  landing: 0.3420333582907915
  view-data: 0.3344119153916836
