times:
  edit-metadata: 1.9316223878413439
  landing: 0.23560980521142483
  view-data: 0.02632930874824524
