times:
  edit-metadata: 1.90042863227427
  landing: 0.8327341675758362
  view-data: 0.2842872254550457
