times:
  landing: 1.0701088570000081
  view-data: 0.5437624449999987
