times:
  edit-metadata: 1.3723836920689791
  landing: 1.122243129182607
  view-data: 3.384809593204409
