times:
  landing: 0.558329504999989
  view-data: 0.06622368399999345
