times:
  landing: 0.5570611780000263
  view-data: 0.5616689339999539
