times:
  edit-metadata: 1.1221160120039713
  landing: 0.07852883599116467
  view-data: 0.2959179790050257
