times:
  edit-metadata: 1.4201261326670647
  landing: 1.0053205080330372
  view-data: 3.4280277639627457
