times:
  landing: 0.5499097699999993
  view-data: 0.553011468999955
