times:
  edit-metadata: 2.0717684160917997
  landing: 0.9018886610865593
  view-data: 0.24330550618469715
