times:
  edit-metadata: 1.0065267300233245
  landing: 0.050157519057393074
  view-data: 0.22472767205908895
