times:
  edit-metadata: 1.157104532700032
  landing: 0.04862231807783246
  view-data: 0.2652448629960418
