times:
  edit-metadata: 3.033737463876605
  landing: 0.20820357464253902
  view-data: 0.3480498343706131
