times:
  edit-metadata: 1.8539715697988868
  landing: 0.02191784977912903
  view-data: 0.028593512251973152
