times:
  edit-metadata: 1.5222498774528503
  landing: 1.0489290468394756
  view-data: 3.419456332921982
