times:
  edit-metadata: 1.7084529362618923
  landing: 0.04151865094900131
  view-data: 0.22770481556653976
