times:
  edit-metadata: 0.9619303990039043
  landing: 0.04922178003471345
  view-data: 0.22243346797768027
