times:
  edit-metadata: 0.9045903710648417
  landing: 0.042150608729571104
  view-data: 0.20988115388900042
