times:
  landing: 0.6179883460000042
  view-data: 0.5624880450000092
