times:
  edit-metadata: 1.0136154610663652
  landing: 0.04581486340612173
  view-data: 0.2621241817250848
