times:
  edit-metadata: 1.4927576780319214
  landing: 1.225325383245945
  view-data: 3.4297503624111414
