times:
  edit-metadata: 1.80806365609169
  landing: 0.15990521013736725
  view-data: 0.39652805775403976
