times:
  edit-metadata: 1.0204222188331187
  landing: 0.07760062906891108
  view-data: 0.25756892608478665
