times:
  landing: 0.5459700499999371
  view-data: 0.5541173469999876
