times:
  edit-metadata: 1.972530160099268
  landing: 0.05277420952916145
  view-data: 0.29616227746009827
