times:
  edit-metadata: 2.0938003584742546
  landing: 0.5707036033272743
  view-data: 0.28777305968105793
