times:
  edit-metadata: 1.7009206749498844
  landing: 0.0544792115688324
  view-data: 0.2294684536755085
