times:
  edit-metadata: 1.977326987311244
  landing: 0.020019112154841423
  view-data: 0.446856964379549
