times:
  edit-metadata: 1.8564151404425502
  landing: 0.1320237424224615
  view-data: 0.12559784390032291
