times:
  edit-metadata: 1.905065968632698
  landing: 0.23080515768378973
  view-data: 0.42235421296209097
