times:
  edit-metadata: 1.027881116955541
  landing: 0.051616603042930365
  view-data: 0.24592883803416044
