times:
  edit-metadata: 1.3780837776139379
  landing: 1.120851463638246
  view-data: 3.4230235321447253
