times:
  edit-metadata: 1.8116404255852103
  landing: 0.1390007734298706
  view-data: 0.025003766641020775
