times:
  edit-metadata: 1.478344989940524
  landing: 1.2724675741046667
  view-data: 3.3785742605105042
