times:
  edit-metadata: 1.84130151104182
  landing: 0.021638776175677776
  view-data: 0.2031541559845209
