times:
  edit-metadata: 1.3419221828226
  landing: 0.0702704640571028
  view-data: 0.22753987414762378
