times:
  edit-metadata: 1.3731557168066502
  landing: 1.0170853999443352
  view-data: 3.4416424280498177
