times:
  edit-metadata: 1.9236297234892845
  landing: 1.4800634775310755
  view-data: 0.4677327759563923
