times:
  landing: 1.0684337040000855
  view-data: 0.5518263690000822
