times:
  edit-metadata: 1.940423108637333
  landing: 0.11783162504434586
  view-data: 0.26358907390385866
