times:
  edit-metadata: 1.8412488559260964
  landing: 0.022692282684147358
  view-data: 0.40325288847088814
