times:
  edit-metadata: 1.7579979784786701
  landing: 0.04931829497218132
  view-data: 0.23524947836995125
