times:
  edit-metadata: 1.5571898706257343
  landing: 0.9768478311598301
  view-data: 3.412790209054947
