times:
  edit-metadata: 1.9082441162317991
  landing: 0.19194184616208076
  view-data: 0.025168826803565025
