times:
  edit-metadata: 1.5653434246778488
  landing: 1.0834185220301151
  view-data: 3.3664558306336403
