times:
  edit-metadata: 1.3802758008241653
  landing: 0.934183020144701
  view-data: 3.4687980115413666
