times:
  edit-metadata: 1.4401031038723886
  landing: 0.7370031639002264
  view-data: 3.2987497076392174
