times:
  edit-metadata: 1.262929936987348
  landing: 0.10160779298166744
  view-data: 0.3868601319845766
