times:
  edit-metadata: 1.5016331672668457
  landing: 1.0272653382271528
  view-data: 3.4124735556542873
