times:
  edit-metadata: 1.2974632559344172
  landing: 0.0864719981327653
  view-data: 0.4474604823626578
