times:
  edit-metadata: 1.5403101313859224
  landing: 1.2320774793624878
  view-data: 3.3382526747882366
