times:
  landing: 1.061378129000019
  view-data: 0.5501283720000174
