times:
  edit-metadata: 0.8582819169387221
  landing: 0.043928112834692
  view-data: 0.22935485979542136
