times:
  edit-metadata: 0.8433218899881467
  landing: 0.04340128798503429
  view-data: 0.22502281493507326
