times:
  edit-metadata: 1.9317366210743785
  landing: 0.019492453895509243
  view-data: 0.46347249299287796
