times:
  edit-metadata: 1.364003911614418
  landing: 0.7868136428296566
  view-data: 3.300622835755348
