times:
  edit-metadata: 0.9685765691101551
  landing: 0.04804668202996254
  view-data: 0.23647820483893156
