times:
  edit-metadata: 1.7020425302907825
  landing: 1.2947816466912627
  view-data: 3.3027310306206346
