times:
  edit-metadata: 1.3762390078045428
  landing: 1.3163181417621672
  view-data: 3.381632106844336
