times:
  edit-metadata: 2.4219148010015488
  landing: 1.6251026280224323
  view-data: 3.4286363176070154
