times:
  edit-metadata: 1.3779756240546703
  landing: 0.5710887424647808
  view-data: 0.2327803447842598
