times:
  edit-metadata: 1.5998681895434856
  landing: 1.1136089637875557
  view-data: 3.3942599780857563
