times:
  edit-metadata: 0.9105200210469775
  landing: 0.04479091597022489
  view-data: 0.22133000002941117
