times:
  edit-metadata: 1.455371219664812
  landing: 0.8856969811022282
  view-data: 3.347241874784231
