times:
  edit-metadata: 0.8569431663490832
  landing: 0.050822078716009855
  view-data: 0.2197432080283761
