times:
  edit-metadata: 0.9428632120834664
  landing: 0.046604514005593956
  view-data: 0.2527132419636473
