times:
  edit-metadata: 1.5464748423546553
  landing: 1.0395082011818886
  view-data: 3.419399354606867
