times:
  edit-metadata: 1.8656017761677504
  landing: 1.607203533872962
  view-data: 0.6273116189986467
