times:
  landing: 0.5473687139999583
  view-data: 0.5523497780000071
