times:
  edit-metadata: 2.1785208098590374
  landing: 1.5978586971759796
  view-data: 3.7895434238016605
