times:
  edit-metadata: 1.297596937045455
  landing: 0.8179606851190329
  view-data: 3.2937778774648905
