times:
  edit-metadata: 1.9939989559352398
  landing: 0.12469391711056232
  view-data: 0.026434343308210373
