times:
  edit-metadata: 1.4044629442505538
  landing: 1.0304067214019597
  view-data: 3.3936004787683487
