times:
  edit-metadata: 1.8360785963013768
  landing: 0.021519970148801804
  view-data: 0.12401999533176422
