times:
  edit-metadata: 1.4333747029304504
  landing: 0.9769413908943534
  view-data: 3.313401880906895
