times:
  edit-metadata: 1.5327671524137259
  landing: 1.0173753444105387
  view-data: 3.417083293199539
