times:
  landing: 0.5501381150000384
  view-data: 0.5642015210000295
