times:
  edit-metadata: 1.8103307522833347
  landing: 0.049038901925086975
  view-data: 0.2290736883878708
