times:
  landing: 0.5446746590000657
  view-data: 0.5573370399999931
