times:
  edit-metadata: 2.1143373930826783
  landing: 1.4025415470823646
  view-data: 3.676433738321066
