times:
  edit-metadata: 1.5069688819348812
  landing: 0.9643366150557995
  view-data: 3.381584972143173
