times:
  landing: 0.5488771189999966
  view-data: 0.549241717999962
