times:
  landing: 1.0770416120000164
  view-data: 0.562405536999961
