times:
  edit-metadata: 1.394667299464345
  landing: 1.0159614719450474
  view-data: 3.3359399773180485
