times:
  edit-metadata: 2.0400744024664164
  landing: 0.12106442078948021
  view-data: 0.05778250843286514
