times:
  edit-metadata: 2.0539183504879475
  landing: 0.13867932930588722
  view-data: 0.3173456061631441
