times:
  edit-metadata: 1.7807004638016224
  landing: 0.04636038839817047
  view-data: 0.23022175207734108
