times:
  edit-metadata: 0.9435840609949082
  landing: 0.05363167799077928
  view-data: 0.2404967260081321
