times:
  landing: 1.0890620900000272
  view-data: 0.5549472639999635
