times:
  edit-metadata: 1.8531035240739584
  landing: 0.12533175572752953
  view-data: 0.32595523074269295
