times:
  edit-metadata: 1.9488952327519655
  landing: 0.2150477170944214
  view-data: 0.367304066196084
