times:
  landing: 0.5492141309999852
  view-data: 0.5668830459999867
