times:
  edit-metadata: 1.726188786327839
  landing: 0.05002515763044357
  view-data: 0.23049556091427803
