times:
  edit-metadata: 1.8792006615549326
  landing: 0.38576878793537617
  view-data: 0.2520862817764282
