times:
  edit-metadata: 1.9154929630458355
  landing: 0.0531294047832489
  view-data: 0.24364373460412025
