times:
  edit-metadata: 2.322540099732578
  landing: 0.029105075635015965
  view-data: 0.12881808634847403
