times:
  landing: 1.0659530360003373
  view-data: 0.551011520999964
