times:
  edit-metadata: 0.9355306751094759
  landing: 0.04350650403648615
  view-data: 0.2264594421721995
