times:
  edit-metadata: 1.3892081761732697
  landing: 1.2127693889196962
  view-data: 3.389417369151488
