times:
  edit-metadata: 0.8694568080827594
  landing: 0.0426009870134294
  view-data: 0.22987520089372993
