times:
  landing: 0.5485530249999897
  view-data: 0.5564100119999864
