times:
  edit-metadata: 1.558240756392479
  landing: 5.376086890697479
  view-data: 3.3284148201346397
