times:
  edit-metadata: 1.8291397532448173
  landing: 0.018970947712659836
  view-data: 0.02626650594174862
