times:
  edit-metadata: 1.0347598769003525
  landing: 0.05688638100400567
  view-data: 0.23756610590498894
