times:
  landing: 1.075893557000029
  view-data: 0.5774854539999978
