times:
  edit-metadata: 1.5212063435465097
  landing: 22.793629067018628
  view-data: 3.3280161526054144
