times:
  edit-metadata: 1.5619671419262886
  landing: 1.1188575103878975
  view-data: 3.397397968918085
