times:
  edit-metadata: 4.368080157786608
  landing: 2.4492447786033154
  view-data: 4.382642365992069
