times:
  landing: 0.5523777199999813
  view-data: 0.556326796999997
