times:
  edit-metadata: 2.699986044317484
  landing: 0.23829388618469238
  view-data: 0.49430353194475174
