times:
  edit-metadata: 1.659117691218853
  landing: 1.3153000324964523
  view-data: 3.3730429001152515
