times:
  edit-metadata: 3.056349577382207
  landing: 0.19136827252805233
  view-data: 0.4014565497636795
