times:
  edit-metadata: 1.4760582596063614
  landing: 0.9037076532840729
  view-data: 3.325949851423502
