times:
  edit-metadata: 1.9023971986025572
  landing: 0.020153608173131943
  view-data: 0.16700239479541779
