times:
  edit-metadata: 1.0041871099965647
  landing: 0.07653664599638432
  view-data: 0.2491533220745623
