times:
  edit-metadata: 1.9466503504663706
  landing: 0.5750306788831949
  view-data: 0.6356002222746611
