times:
  edit-metadata: 1.7645797859877348
  landing: 1.6994593031704426
  view-data: 0.3590985331684351
