times:
  landing: 1.0876994960000275
  view-data: 0.5623724570000377
