times:
  edit-metadata: 1.5361416153609753
  landing: 1.2398153319954872
  view-data: 0.6154887545853853
