times:
  edit-metadata: 0.9878731169737875
  landing: 0.04312425898388028
  view-data: 0.25818372901994735
