times:
  landing: 0.540927986000014
  view-data: 0.5521009200000151
