times:
  edit-metadata: 0.9233763571828604
  landing: 0.05183431971818209
  view-data: 0.21924122516065836
