times:
  edit-metadata: 0.879915283061564
  landing: 0.042318466934375465
  view-data: 0.23001499602105469
