times:
  edit-metadata: 1.9571114107966423
  landing: 0.2102057859301567
  view-data: 0.428782407194376
