times:
  edit-metadata: 1.0466510959959123
  landing: 0.04993621201720089
  view-data: 0.24747513901093043
