times:
  edit-metadata: 2.452879462391138
  landing: 0.19189158454537392
  view-data: 0.5376878529787064
