times:
  edit-metadata: 1.878471739590168
  landing: 1.335898382589221
  view-data: 3.3592268768697977
