times:
  edit-metadata: 0.9448253191076219
  landing: 0.04909512400627136
  view-data: 0.21891068783588707
