times:
  edit-metadata: 1.535802498459816
  landing: 1.1961780413985252
  view-data: 3.4078508857637644
