times:
  landing: 0.5512002840000036
  view-data: 0.057028948000009905
