times:
  edit-metadata: 0.982195635093376
  landing: 0.046499359887093306
  view-data: 0.25538227800279856
