times:
  landing: 0.5632033040000124
  view-data: 0.5673154209999893
