times:
  edit-metadata: 1.4934068210422993
  landing: 1.0111978203058243
  view-data: 3.481241352856159
