times:
  edit-metadata: 2.1309881107881665
  landing: 1.4790286384522915
  view-data: 3.3727921694517136
