times:
  edit-metadata: 2.773724302649498
  landing: 0.16589285992085934
  view-data: 0.04427946172654629
