times:
  edit-metadata: 1.8041544752195477
  landing: 0.023493336513638496
  view-data: 0.10266947094351053
