times:
  landing: 0.5523698900000227
  view-data: 0.5652700350000259
