times:
  edit-metadata: 1.9764901800081134
  landing: 0.23170001711696386
  view-data: 0.19786924589425325
