times:
  edit-metadata: 0.9407876380137168
  landing: 0.054987995012197644
  view-data: 0.2633483040262945
