times:
  edit-metadata: 1.843262955546379
  landing: 0.17855335399508476
  view-data: 0.4183832509443164
