times:
  edit-metadata: 0.9530787739786319
  landing: 0.06010135798715055
  view-data: 0.3821867590013426
