times:
  edit-metadata: 2.8666121531277895
  landing: 0.27419782243669033
  view-data: 0.2944266777485609
