times:
  edit-metadata: 1.9740005563944578
  landing: 0.15493188425898552
  view-data: 0.10960706137120724
