times:
  edit-metadata: 1.9647919367998838
  landing: 0.020554845221340656
  view-data: 0.5634707780554891
