times:
  landing: 0.5721288920000234
  view-data: 0.5723527899999681
