times:
  edit-metadata: 1.5343765392899513
  landing: 1.0392575860023499
  view-data: 3.4054480753839016
