times:
  edit-metadata: 0.9433808580070036
  landing: 0.04442894300154876
  view-data: 0.22787350899307057
