times:
  landing: 1.0780902500000025
  view-data: 0.5579131990000121
