times:
  edit-metadata: 1.7302216105163097
  landing: 1.0348643027245998
  view-data: 0.6324367225170135
