times:
  edit-metadata: 1.7842176696285605
  landing: 0.019423605874180794
  view-data: 0.028271509334445
