times:
  edit-metadata: 1.7728560753166676
  landing: 0.056777045130729675
  view-data: 0.23502972349524498
