times:
  edit-metadata: 1.734289564192295
  landing: 1.3551971390843391
  view-data: 3.5472151897847652
