times:
  landing: 0.5503275700000358
  view-data: 0.5637149830000681
