times:
  edit-metadata: 1.4527961947023869
  landing: 1.1566951796412468
  view-data: 3.443556319922209
