times:
  edit-metadata: 0.9797013308852911
  landing: 0.04769759904593229
  view-data: 0.25564638804644346
