times:
  edit-metadata: 0.9219479210441932
  landing: 0.04834740795195103
  view-data: 0.21366897702682763
