times:
  edit-metadata: 1.430636066943407
  landing: 0.9746023155748844
  view-data: 3.369199752807617
