times:
  edit-metadata: 1.5364277679473162
  landing: 1.1042390875518322
  view-data: 0.32998131215572357
