times:
  edit-metadata: 1.3900088088121265
  landing: 1.094896615948528
  view-data: 3.4199405191466212
