times:
  landing: 0.5477976980000108
  view-data: 0.5595532209999874
