times:
  edit-metadata: 1.8898900328204036
  landing: 0.20875079464167356
  view-data: 0.19902756717056036
