times:
  edit-metadata: 1.4102803729474545
  landing: 0.531803984194994
  view-data: 0.4517388492822647
