times:
  edit-metadata: 1.389762856066227
  landing: 1.4117284137755632
  view-data: 0.3486325927078724
