times:
  edit-metadata: 2.0159968808293343
  landing: 1.438057217746973
  view-data: 3.5373753048479557
