times:
  landing: 0.5574685910000028
  view-data: 0.5693244539999966
