times:
  edit-metadata: 0.955931997999869
  landing: 0.05332347100011248
  view-data: 0.24756123399993157
