times:
  edit-metadata: 1.529239758849144
  landing: 1.2904818672686815
  view-data: 3.3222611881792545
