times:
  landing: 0.5498834479999459
  view-data: 0.5558048579999877
