times:
  edit-metadata: 1.8478799434378743
  landing: 0.13395319040864706
  view-data: 0.12261740025132895
