times:
  edit-metadata: 1.4441462606191635
  landing: 1.2087986469268799
  view-data: 0.5988620799034834
