times:
  edit-metadata: 0.9132368989521638
  landing: 0.043829079950228333
  view-data: 0.21166418492794037
