times:
  edit-metadata: 1.5129888579249382
  landing: 1.0581422485411167
  view-data: 3.4234564155340195
