times:
  edit-metadata: 1.3429290615022182
  landing: 0.9678638391196728
  view-data: 3.280764013528824
