times:
  edit-metadata: 1.8566076783463359
  landing: 0.02074450347572565
  view-data: 0.13805923704057932
