times:
  edit-metadata: 1.8811467066407204
  landing: 0.5772467497736216
  view-data: 0.6313001364469528
