times:
  edit-metadata: 1.9329581037163734
  landing: 0.12126916833221912
  view-data: 0.4258912280201912
