times:
  edit-metadata: 2.041723696514964
  landing: 0.6171539630740881
  view-data: 0.25236673280596733
