times:
  edit-metadata: 1.8360927775502205
  landing: 0.01968128141015768
  view-data: 0.02645529992878437
