times:
  edit-metadata: 0.8682782696560025
  landing: 0.05397098418325186
  view-data: 0.23774987738579512
