times:
  edit-metadata: 1.9269657023251057
  landing: 0.1465930100530386
  view-data: 0.3733326867222786
