times:
  edit-metadata: 0.881528552621603
  landing: 0.04495168197900057
  view-data: 0.2513893824070692
