times:
  edit-metadata: 1.3982823304831982
  landing: 0.9294124618172646
  view-data: 3.2760037407279015
