times:
  edit-metadata: 1.8441105708479881
  landing: 0.02104468271136284
  view-data: 0.02558951172977686
