times:
  edit-metadata: 0.9968109596520662
  landing: 0.055611257907003164
  view-data: 0.21308680204674602
