times:
  edit-metadata: 2.6931785475462675
  landing: 0.1923040747642517
  view-data: 0.2925487104803324
