times:
  edit-metadata: 0.860688810935244
  landing: 0.0390771048841998
  view-data: 0.21681813604664057
