times:
  edit-metadata: 2.4123256355524063
  landing: 0.34351772628724575
  view-data: 0.4970837291330099
