times:
  landing: 1.6671278640000082
  view-data: 0.5619374800000116
