times:
  edit-metadata: 1.8059362415224314
  landing: 0.020545746199786663
  view-data: 0.023826243355870247
