times:
  edit-metadata: 1.6639983393251896
  landing: 0.05332605168223381
  view-data: 0.22310294210910797
