times:
  edit-metadata: 0.9656342128291726
  landing: 0.048662937013432384
  view-data: 0.23619889793917537
