times:
  landing: 0.5448400970000193
  view-data: 0.5487845960000186
