times:
  edit-metadata: 0.8793942807242274
  landing: 0.05592492315918207
  view-data: 0.21843808982521296
