times:
  edit-metadata: 1.0758715639822185
  landing: 0.05394207197241485
  view-data: 0.24704641103744507
