times:
  edit-metadata: 1.9406456109136343
  landing: 0.14438744075596333
  view-data: 0.37296181358397007
