times:
  edit-metadata: 1.419994805008173
  landing: 0.9261947385966778
  view-data: 3.254609577357769
