times:
  edit-metadata: 1.8822667617350817
  landing: 0.7969783619046211
  view-data: 0.4441409483551979
