times:
  edit-metadata: 1.7313669845461845
  landing: 0.045486655086278915
  view-data: 0.23411132022738457
