times:
  edit-metadata: 1.4719279073178768
  landing: 1.0966727659106255
  view-data: 3.326234757900238
