times:
  edit-metadata: 1.5105396714061499
  landing: 0.8065099306404591
  view-data: 3.4531240984797478
