times:
  landing: 0.5445885909999788
  view-data: 0.5530826359999992
