times:
  landing: 0.545588161000012
  view-data: 0.551545821000019
