times:
  edit-metadata: 1.4769312366843224
  landing: 1.222996510565281
  view-data: 3.3583296816796064
