times:
  edit-metadata: 1.5173149444162846
  landing: 1.1011448726058006
  view-data: 3.3117617554962635
