times:
  edit-metadata: 1.8132724529132247
  landing: 0.020587227307260036
  view-data: 0.1039155162870884
