times:
  landing: 0.5564469869999868
  view-data: 0.5562323739999897
