times:
  edit-metadata: 0.8955332138575613
  landing: 0.05115483235567808
  view-data: 0.23925764625892043
