times:
  edit-metadata: 1.949801467359066
  landing: 0.18785042688250542
  view-data: 0.412093847990036
