times:
  landing: 0.5480536869999924
  view-data: 0.5555132020000428
