times:
  edit-metadata: 1.384245177730918
  landing: 1.240769749507308
  view-data: 3.3245126167312264
