times:
  edit-metadata: 1.4631564635783434
  landing: 1.1787647875025868
  view-data: 3.4198445519432425
