times:
  edit-metadata: 1.0695643770741299
  landing: 0.054415059043094516
  view-data: 0.26246367604471743
