times:
  landing: 0.5503730899999937
  view-data: 0.5672925639999562
