times:
  edit-metadata: 1.9431377965956926
  landing: 0.7644873894751072
  view-data: 0.29313047230243683
