times:
  edit-metadata: 1.9589720964431763
  landing: 0.020834511145949364
  view-data: 0.1449774857610464
