times:
  edit-metadata: 1.2695441520190798
  landing: 0.20108264300506562
  view-data: 0.32776034297421575
