times:
  landing: 0.5506107230000339
  view-data: 0.5656243850000351
