times:
  edit-metadata: 1.4921513572335243
  landing: 1.0199538134038448
  view-data: 3.3692170679569244
