times:
  edit-metadata: 1.775392822921276
  landing: 0.04915616661310196
  view-data: 0.22635967284440994
