times:
  edit-metadata: 1.9252823684364557
  landing: 1.0590313002467155
  view-data: 0.47206796891987324
