times:
  edit-metadata: 0.921436098171398
  landing: 0.042140919947996736
  view-data: 0.20887628407217562
