times:
  edit-metadata: 1.718194767832756
  landing: 0.04488503560423851
  view-data: 0.22796038538217545
