times:
  edit-metadata: 1.7438037283718586
  landing: 0.04311203211545944
  view-data: 0.23211719840765
