times:
  landing: 0.5555746530000079
  view-data: 0.5643015310000123
