times:
  landing: 0.5522796600000675
  view-data: 0.574839863999955
