times:
  landing: 0.5429143090000252
  view-data: 0.549656208999977
