times:
  landing: 0.5852640599999859
  view-data: 0.575218623000012
