times:
  edit-metadata: 1.8116253139451146
  landing: 0.14459246024489403
  view-data: 0.39214211050421
