times:
  edit-metadata: 1.4701660089194775
  landing: 1.0192387029528618
  view-data: 3.357121553272009
