times:
  edit-metadata: 1.3858631439507008
  landing: 0.961058896034956
  view-data: 3.3598085679113865
