times:
  landing: 0.5460532179999973
  view-data: 0.5486979500000189
