times:
  edit-metadata: 1.4291604831814766
  landing: 0.896445743739605
  view-data: 3.325389314442873
