times:
  edit-metadata: 0.8568248329684138
  landing: 0.04575601313263178
  view-data: 0.2303170608356595
