times:
  edit-metadata: 1.4851272776722908
  landing: 0.9160194844007492
  view-data: 0.4853966385126114
