times:
  edit-metadata: 1.388237439095974
  landing: 0.8102113455533981
  view-data: 3.374857075512409
