times:
  edit-metadata: 1.360286295413971
  landing: 0.7367561608552933
  view-data: 3.4605867341160774
