times:
  edit-metadata: 1.4331073388457298
  landing: 0.7505372613668442
  view-data: 3.2557409405708313
