times:
  edit-metadata: 1.826080046594143
  landing: 1.1213594637811184
  view-data: 3.551411706954241
