times:
  edit-metadata: 1.9072215110063553
  landing: 1.2931738495826721
  view-data: 3.4441067203879356
