times:
  edit-metadata: 1.5124914795160294
  landing: 0.8739799484610558
  view-data: 3.327763319015503
