times:
  edit-metadata: 1.3787643536925316
  landing: 0.8395665884017944
  view-data: 3.5108541399240494
