times:
  edit-metadata: 1.4795930795371532
  landing: 0.7024832852184772
  view-data: 3.339652594178915
