times:
  edit-metadata: 1.5155395865440369
  landing: 1.0084723681211472
  view-data: 3.3182173743844032
