times:
  edit-metadata: 1.3504750281572342
  landing: 0.788400411605835
  view-data: 3.501279056072235
