times:
  edit-metadata: 1.438455693423748
  landing: 0.7238435372710228
  view-data: 3.444486990571022
