times:
  edit-metadata: 1.6979687102138996
  landing: 0.7782235406339169
  view-data: 3.2820759750902653
