times:
  edit-metadata: 1.4889805540442467
  landing: 0.8704642616212368
  view-data: 3.4763801470398903
