times:
  edit-metadata: 1.4472982659935951
  landing: 0.7122317403554916
  view-data: 3.4750781282782555
