times:
  edit-metadata: 1.3618069365620613
  landing: 0.715565100312233
  view-data: 3.4462640956044197
