times:
  edit-metadata: 1.3238103613257408
  landing: 0.7220189571380615
  view-data: 3.49297384172678
