times:
  edit-metadata: 1.4225808158516884
  landing: 0.7411661371588707
  view-data: 3.5152693167328835
