times:
  edit-metadata: 1.504898227751255
  landing: 0.8115696460008621
  view-data: 3.55722738802433
