times:
  edit-metadata: 1.5096328556537628
  landing: 0.7604383081197739
  view-data: 3.4966872185468674
