times:
  edit-metadata: 1.3703868314623833
  landing: 0.8283946067094803
  view-data: 3.513136513531208
