times:
  edit-metadata: 1.5138196758925915
  landing: 0.9004842899739742
  view-data: 3.3027299121022224
