times:
  edit-metadata: 1.419251050800085
  landing: 0.7165658622980118
  view-data: 3.27847857773304
