times:
  edit-metadata: 1.4668476283550262
  landing: 0.8002156242728233
  view-data: 3.5365859791636467
