times:
  edit-metadata: 1.5872948579490185
  landing: 0.8572073839604855
  view-data: 3.434082970023155
