times:
  edit-metadata: 1.4243214279413223
  landing: 0.7565885856747627
  view-data: 3.4905242025852203
