times:
  edit-metadata: 1.542936809360981
  landing: 0.867522120475769
  view-data: 3.3183311447501183
