times:
  edit-metadata: 1.5816514268517494
  landing: 0.7963205724954605
  view-data: 3.425209376960993
