times:
  edit-metadata: 1.4696656316518784
  landing: 0.7271044328808784
  view-data: 3.5133865252137184
