times:
  edit-metadata: 1.7720546051859856
  landing: 1.2569579854607582
  view-data: 3.354365199804306
