times:
  edit-metadata: 1.5083610825240612
  landing: 0.8909995332360268
  view-data: 0.5725072361528873
