times:
  edit-metadata: 1.3820952773094177
  landing: 0.7976228296756744
  view-data: 3.535867266356945
