times:
  edit-metadata: 1.6345359459519386
  landing: 0.7573986575007439
  view-data: 3.5342057198286057
