times:
  edit-metadata: 1.4290105253458023
  landing: 0.8369257748126984
  view-data: 3.5670948028564453
