times:
  edit-metadata: 1.4064686633646488
  landing: 0.7623077444732189
  view-data: 3.314599096775055
