times:
  edit-metadata: 1.4298120997846127
  landing: 0.768139336258173
  view-data: 3.3657965026795864
