times:
  edit-metadata: 1.4052576273679733
  landing: 0.7736918479204178
  view-data: 3.45700404047966
