times:
  edit-metadata: 1.5372676625847816
  landing: 0.7631773017346859
  view-data: 3.368394862860441
