times:
  edit-metadata: 1.5187155827879906
  landing: 0.8213468641042709
  view-data: 3.4284261390566826
