times:
  edit-metadata: 1.48453314229846
  landing: 0.831370409578085
  view-data: 3.296452935785055
