times:
  edit-metadata: 1.4018729366362095
  landing: 0.7964921370148659
  view-data: 3.288091540336609
