times:
  edit-metadata: 1.4636874794960022
  landing: 0.7586959972977638
  view-data: 3.4898563846945763
