times:
  edit-metadata: 1.409084279090166
  landing: 0.7600197158753872
  view-data: 3.31851764395833
