times:
  edit-metadata: 1.319975920021534
  landing: 0.7769812643527985
  view-data: 3.5273156091570854
