times:
  edit-metadata: 1.5659394077956676
  landing: 0.8610268384218216
  view-data: 3.388488706201315
