times:
  edit-metadata: 1.4931061416864395
  landing: 0.8623629063367844
  view-data: 3.2987173534929752
