times:
  edit-metadata: 1.3936504572629929
  landing: 0.7934471219778061
  view-data: 3.312230370938778
