times:
  edit-metadata: 1.3794915974140167
  landing: 0.7111750617623329
  view-data: 3.5525913015007973
