times:
  edit-metadata: 1.4026033841073513
  landing: 0.7524822875857353
  view-data: 3.3574417866766453
