times:
  edit-metadata: 2.105438280850649
  landing: 1.1160597428679466
  view-data: 3.41546393558383
