times:
  edit-metadata: 1.4739417657256126
  landing: 0.8392672911286354
  view-data: 3.271161675453186
