times:
  edit-metadata: 1.4127649813890457
  landing: 0.7299476191401482
  view-data: 3.5030178278684616
