times:
  edit-metadata: 1.4762091524899006
  landing: 0.7906209751963615
  view-data: 3.3683445677161217
