times:
  edit-metadata: 2.2076869159936905
  landing: 1.414001427590847
  view-data: 3.593557618558407
