times:
  edit-metadata: 1.6764405257999897
  landing: 0.9425664804875851
  view-data: 3.3278907164931297
