times:
  edit-metadata: 1.570159438997507
  landing: 0.964614100754261
  view-data: 3.40227160602808
