times:
  edit-metadata: 1.7637503072619438
  landing: 1.1873631700873375
  view-data: 3.441794693470001
