times:
  edit-metadata: 1.440667748451233
  landing: 0.7565134093165398
  view-data: 3.5267976596951485
