times:
  edit-metadata: 1.3792003616690636
  landing: 0.7687500789761543
  view-data: 3.4642963856458664
