times:
  edit-metadata: 1.3254572004079819
  landing: 0.7597906440496445
  view-data: 3.514983579516411
