times:
  edit-metadata: 1.47031269967556
  landing: 0.8686877936124802
  view-data: 3.40702423453331
