times:
  edit-metadata: 1.3606976345181465
  landing: 0.7166326195001602
  view-data: 3.5225179120898247
