times:
  edit-metadata: 1.325601764023304
  landing: 0.7659486047923565
  view-data: 3.4105446003377438
