times:
  edit-metadata: 2.622260980308056
  landing: 1.8028019443154335
  view-data: 3.620120145380497
