times:
  edit-metadata: 1.9050076752901077
  landing: 1.1663454249501228
  view-data: 3.8231577202677727
