times:
  edit-metadata: 1.359595350921154
  landing: 0.7381534725427628
  view-data: 3.256266377866268
