times:
  edit-metadata: 2.1457658670842648
  landing: 1.1861949525773525
  view-data: 3.3169412799179554
