times:
  edit-metadata: 1.3762215748429298
  landing: 0.7433175593614578
  view-data: 3.525046154856682
