times:
  edit-metadata: 1.3749534487724304
  landing: 0.7499595433473587
  view-data: 3.3584382236003876
