times:
  edit-metadata: 1.3037005700170994
  landing: 0.8100495301187038
  view-data: 3.2934741750359535
