times:
  edit-metadata: 1.448010429739952
  landing: 0.8383971452713013
  view-data: 3.5309588089585304
