times:
  edit-metadata: 1.8040646500885487
  landing: 1.0027607567608356
  view-data: 3.330003496259451
