times:
  edit-metadata: 1.3314009308815002
  landing: 0.7384724318981171
  view-data: 3.5218797102570534
