times:
  edit-metadata: 1.363418836146593
  landing: 0.7294075153768063
  view-data: 3.2874940000474453
