times:
  edit-metadata: 1.4133015647530556
  landing: 0.7715353295207024
  view-data: 3.4301872178912163
