times:
  edit-metadata: 1.5129209533333778
  landing: 0.8647687658667564
  view-data: 3.3237129002809525
