times:
  edit-metadata: 1.6011808700859547
  landing: 0.8758698627352715
  view-data: 3.3244438506662846
