times:
  edit-metadata: 1.555272713303566
  landing: 0.8899566158652306
  view-data: 3.317727245390415
