times:
  edit-metadata: 1.4060086458921432
  landing: 0.8129211626946926
  view-data: 3.251432191580534
