times:
  edit-metadata: 1.4569651558995247
  landing: 0.7184356898069382
  view-data: 3.4831167086958885
