times:
  edit-metadata: 1.2851877585053444
  landing: 0.7375959530472755
  view-data: 3.3478322476148605
