times:
  edit-metadata: 1.5249032713472843
  landing: 0.7603882253170013
  view-data: 3.282564163208008
