times:
  edit-metadata: 1.3111540526151657
  landing: 0.7403075024485588
  view-data: 3.5026926323771477
