times:
  edit-metadata: 2.598630588501692
  landing: 1.7273206375539303
  view-data: 3.4282511360943317
