times:
  edit-metadata: 1.381548561155796
  landing: 0.7500201724469662
  view-data: 3.3728499859571457
