times:
  edit-metadata: 1.4779365956783295
  landing: 0.7002632543444633
  view-data: 3.474675752222538
