times:
  edit-metadata: 1.3776508122682571
  landing: 0.792424276471138
  view-data: 3.503895603120327
