times:
  edit-metadata: 1.4048264250159264
  landing: 0.8031920045614243
  view-data: 3.304440550506115
