times:
  edit-metadata: 1.498196553438902
  landing: 0.917511161416769
  view-data: 3.4009595811367035
