times:
  edit-metadata: 1.4561263024806976
  landing: 0.7867063507437706
  view-data: 3.4852993339300156
