times:
  edit-metadata: 1.5482010766863823
  landing: 0.9984783567488194
  view-data: 3.3050215169787407
