times:
  edit-metadata: 1.3690228387713432
  landing: 0.7437413074076176
  view-data: 3.279842186719179
