times:
  edit-metadata: 1.458892859518528
  landing: 0.7213771045207977
  view-data: 3.5093647986650467
