times:
  edit-metadata: 1.5321263521909714
  landing: 0.8711147755384445
  view-data: 3.694777939468622
