times:
  edit-metadata: 2.107471562922001
  landing: 1.3315947279334068
  view-data: 3.423252947628498
