times:
  edit-metadata: 1.4968399405479431
  landing: 0.7906929925084114
  view-data: 3.5375262051820755
