times:
  edit-metadata: 1.4807497411966324
  landing: 0.9470444098114967
  view-data: 3.4960026666522026
