times:
  edit-metadata: 1.39033642411232
  landing: 0.7976251170039177
  view-data: 3.2527149692177773
