times:
  edit-metadata: 1.3893673866987228
  landing: 0.8275071084499359
  view-data: 3.278484709560871
