times:
  edit-metadata: 1.3668841570615768
  landing: 0.7658757343888283
  view-data: 3.2843122109770775
