times:
  edit-metadata: 2.3188841119408607
  landing: 1.5071986690163612
  view-data: 3.6760381758213043
