times:
  edit-metadata: 1.4723265692591667
  landing: 1.0651123523712158
  view-data: 3.4784580022096634
