times:
  edit-metadata: 1.3777266293764114
  landing: 0.7572149708867073
  view-data: 3.286839932203293
