times:
  edit-metadata: 1.3771524280309677
  landing: 0.7301271706819534
  view-data: 3.4261211454868317
