times:
  edit-metadata: 2.3395310789346695
  landing: 1.499652586877346
  view-data: 3.3328355252742767
