times:
  edit-metadata: 1.4272440299391747
  landing: 0.8013596087694168
  view-data: 3.3064447976648808
