times:
  edit-metadata: 1.4156800135970116
  landing: 0.8072507008910179
  view-data: 3.379598170518875
