times:
  edit-metadata: 1.4949227273464203
  landing: 0.8242743015289307
  view-data: 3.542899936437607
