times:
  edit-metadata: 1.418042041361332
  landing: 0.7749223113059998
  view-data: 3.3490242287516594
