times:
  edit-metadata: 1.4743603393435478
  landing: 0.7916498184204102
  view-data: 3.4993017986416817
