times:
  edit-metadata: 1.396583840250969
  landing: 0.7776093780994415
  view-data: 3.460584081709385
