times:
  edit-metadata: 1.3409249112010002
  landing: 0.7060690671205521
  view-data: 3.4951892346143723
