times:
  edit-metadata: 1.366064392030239
  landing: 0.7143359482288361
  view-data: 3.493943117558956
