times:
  edit-metadata: 1.37855776399374
  landing: 1.0492917373776436
  view-data: 3.5072078853845596
