times:
  edit-metadata: 1.4998951442539692
  landing: 0.8237085230648518
  view-data: 3.268505312502384
