times:
  edit-metadata: 1.347119752317667
  landing: 0.931774377822876
  view-data: 3.3253333382308483
