times:
  edit-metadata: 2.0661967992782593
  landing: 1.2806472331285477
  view-data: 3.69370985776186
