times:
  edit-metadata: 1.4813276678323746
  landing: 0.7490206584334373
  view-data: 3.455124221742153
