times:
  edit-metadata: 1.4042157009243965
  landing: 0.7790813595056534
  view-data: 3.5073395371437073
