times:
  edit-metadata: 1.370468609035015
  landing: 0.813359409570694
  view-data: 3.2897864393889904
