times:
  edit-metadata: 1.4780396707355976
  landing: 0.8152822963893414
  view-data: 3.305447716265917
