times:
  edit-metadata: 1.513586014509201
  landing: 0.8690697886049747
  view-data: 3.353413410484791
