times:
  edit-metadata: 1.356669906526804
  landing: 0.8420960046350956
  view-data: 3.3556896410882473
