times:
  edit-metadata: 1.5754941441118717
  landing: 0.9421121440827847
  view-data: 3.585196003317833
