times:
  edit-metadata: 1.339898094534874
  landing: 0.8222184516489506
  view-data: 3.376405194401741
