times:
  edit-metadata: 1.4366791993379593
  landing: 0.7354259639978409
  view-data: 3.3111197389662266
