times:
  edit-metadata: 1.348118670284748
  landing: 0.7688864767551422
  view-data: 3.5307918190956116
