times:
  edit-metadata: 1.4899445846676826
  landing: 0.8222620561718941
  view-data: 3.5561291351914406
