times:
  edit-metadata: 1.3800118416547775
  landing: 0.7806683927774429
  view-data: 3.368156600743532
