times:
  edit-metadata: 1.507924735546112
  landing: 0.7208815142512321
  view-data: 3.4184155464172363
