times:
  edit-metadata: 1.3379896096885204
  landing: 0.7541314214468002
  view-data: 3.266055501997471
