times:
  edit-metadata: 1.4844171591103077
  landing: 0.8217738904058933
  view-data: 3.285975482314825
