times:
  edit-metadata: 1.4990615509450436
  landing: 0.8177564442157745
  view-data: 3.3715332746505737
