times:
  edit-metadata: 1.48844463378191
  landing: 0.7481320351362228
  view-data: 3.484922632575035
