times:
  edit-metadata: 1.5795739628374577
  landing: 0.949820090085268
  view-data: 3.333617314696312
