times:
  edit-metadata: 1.387959860265255
  landing: 0.7883226238191128
  view-data: 3.3011854514479637
