times:
  edit-metadata: 1.3859381154179573
  landing: 0.8588751256465912
  view-data: 3.265780720859766
