times:
  edit-metadata: 1.4005236402153969
  landing: 0.7529729641973972
  view-data: 3.275526851415634
