times:
  edit-metadata: 1.390522725880146
  landing: 0.7814764529466629
  view-data: 3.452653482556343
