times:
  edit-metadata: 1.3021361380815506
  landing: 0.8442590981721878
  view-data: 3.881997548043728
