times:
  edit-metadata: 1.3899692259728909
  landing: 0.7871870547533035
  view-data: 3.3204325772821903
