times:
  edit-metadata: 1.39515957608819
  landing: 0.8790122345089912
  view-data: 3.3250685520470142
