times:
  edit-metadata: 1.4923720434308052
  landing: 0.7776285037398338
  view-data: 3.4817702621221542
