times:
  edit-metadata: 1.324767842888832
  landing: 0.8127557337284088
  view-data: 3.4308513775467873
