times:
  edit-metadata: 1.307484693825245
  landing: 0.9054907038807869
  view-data: 3.476312719285488
