times:
  edit-metadata: 1.4012279659509659
  landing: 0.8737457506358624
  view-data: 3.272919088602066
