times:
  edit-metadata: 1.3604576215147972
  landing: 0.7429989203810692
  view-data: 3.467976853251457
