times:
  edit-metadata: 1.337325558066368
  landing: 0.7061434984207153
  view-data: 3.411856308579445
