times:
  edit-metadata: 1.503869615495205
  landing: 0.8965991511940956
  view-data: 3.43220953643322
