times:
  edit-metadata: 1.4483019560575485
  landing: 0.8060326278209686
  view-data: 3.3049010038375854
