times:
  edit-metadata: 1.395888339728117
  landing: 0.7681569494307041
  view-data: 3.3051093332469463
