times:
  edit-metadata: 1.479996643960476
  landing: 0.7869798615574837
  view-data: 3.4745797738432884
