times:
  edit-metadata: 1.4214357137680054
  landing: 0.7895958051085472
  view-data: 3.562979608774185
