times:
  edit-metadata: 1.5349782556295395
  landing: 0.8346167504787445
  view-data: 3.4221271127462387
