times:
  edit-metadata: 1.4377117976546288
  landing: 0.763458177447319
  view-data: 3.4993835240602493
