times:
  edit-metadata: 1.5451870262622833
  landing: 0.8903981074690819
  view-data: 3.434082269668579
