times:
  edit-metadata: 1.3528264164924622
  landing: 0.7427355721592903
  view-data: 3.4382515102624893
