times:
  edit-metadata: 1.5235111080110073
  landing: 0.9076866284012794
  view-data: 3.3388287276029587
