times:
  edit-metadata: 1.3005501106381416
  landing: 0.7882544919848442
  view-data: 3.4935982823371887
