times:
  edit-metadata: 1.3674603775143623
  landing: 0.8308545686304569
  view-data: 3.3685165718197823
