times:
  edit-metadata: 1.296591378748417
  landing: 0.9123919308185577
  view-data: 3.433568701148033
