times:
  edit-metadata: 1.7415201365947723
  landing: 0.8524014055728912
  view-data: 3.3374768421053886
