times:
  edit-metadata: 2.2658869177103043
  landing: 1.3938652202486992
  view-data: 3.4096919372677803
