times:
  edit-metadata: 2.0496537312865257
  landing: 1.176771119236946
  view-data: 3.3989092111587524
