times:
  edit-metadata: 1.4192118346691132
  landing: 0.7705433890223503
  view-data: 3.554315485060215
