times:
  edit-metadata: 1.4719394221901894
  landing: 0.8471361547708511
  view-data: 3.270037669688463
