times:
  edit-metadata: 1.5738669261336327
  landing: 1.066239058971405
  view-data: 3.3550816997885704
