times:
  edit-metadata: 1.4201752468943596
  landing: 0.8310880288481712
  view-data: 3.4838181883096695
