times:
  edit-metadata: 1.7181358337402344
  landing: 0.8806078359484673
  view-data: 3.3648403137922287
