times:
  edit-metadata: 1.3746672421693802
  landing: 0.714942179620266
  view-data: 3.317700020968914
