times:
  edit-metadata: 1.391805924475193
  landing: 0.7289611622691154
  view-data: 3.4575302079319954
