times:
  edit-metadata: 1.35919888317585
  landing: 0.8113434165716171
  view-data: 3.5135670006275177
