times:
  edit-metadata: 1.348483830690384
  landing: 0.7777601256966591
  view-data: 3.467928320169449
