times:
  edit-metadata: 1.4747641645371914
  landing: 0.8773251585662365
  view-data: 3.3776663057506084
