times:
  edit-metadata: 1.558196883648634
  landing: 0.9789618700742722
  view-data: 3.3266450837254524
