times:
  edit-metadata: 1.3951550610363483
  landing: 0.9230037145316601
  view-data: 3.351278778165579
