times:
  edit-metadata: 1.4953666478395462
  landing: 0.7727296054363251
  view-data: 3.493689313530922
