times:
  edit-metadata: 1.4289224594831467
  landing: 0.7065700739622116
  view-data: 3.328489229083061
