times:
  edit-metadata: 1.5586787983775139
  landing: 0.895520769059658
  view-data: 3.309455096721649
