times:
  edit-metadata: 1.5306489430367947
  landing: 1.0903420560061932
  view-data: 3.3886155299842358
