times:
  edit-metadata: 1.4548710398375988
  landing: 0.8064440079033375
  view-data: 3.304289285093546
