times:
  edit-metadata: 1.5029830932617188
  landing: 0.8631930574774742
  view-data: 3.355106368660927
