times:
  edit-metadata: 1.337948851287365
  landing: 0.6851624101400375
  view-data: 3.5014969259500504
