times:
  edit-metadata: 1.4477317482233047
  landing: 0.8961803615093231
  view-data: 3.318556562066078
