times:
  edit-metadata: 1.4400201365351677
  landing: 0.7939517721533775
  view-data: 3.366031914949417
