times:
  edit-metadata: 1.388171460479498
  landing: 0.8171100318431854
  view-data: 3.3773941546678543
