times:
  edit-metadata: 1.8657688573002815
  landing: 1.4358322508633137
  view-data: 3.4142920523881912
