times:
  edit-metadata: 1.4609014838933945
  landing: 0.8562625721096992
  view-data: 3.3125470504164696
