times:
  edit-metadata: 1.4199701249599457
  landing: 0.7770442590117455
  view-data: 3.332085371017456
