times:
  edit-metadata: 1.4347119852900505
  landing: 0.93198062479496
  view-data: 3.5919692143797874
