times:
  edit-metadata: 1.3818462938070297
  landing: 0.7391648292541504
  view-data: 3.724462356418371
