times:
  edit-metadata: 1.392087385058403
  landing: 0.7418696135282516
  view-data: 3.500112794339657
