times:
  edit-metadata: 2.137156307697296
  landing: 1.341672994196415
  view-data: 3.593828424811363
