times:
  edit-metadata: 1.4049674049019814
  landing: 0.7524325847625732
  view-data: 3.525695540010929
