times:
  edit-metadata: 1.455434925854206
  landing: 0.7671466618776321
  view-data: 3.459624946117401
