times:
  edit-metadata: 1.3481022715568542
  landing: 0.8559059426188469
  view-data: 3.299657680094242
