times:
  edit-metadata: 1.3814086467027664
  landing: 0.7645041570067406
  view-data: 3.336609832942486
