times:
  edit-metadata: 1.6097417920827866
  landing: 0.8516920804977417
  view-data: 3.2873468548059464
