times:
  edit-metadata: 1.3847202211618423
  landing: 0.8008541613817215
  view-data: 3.4720216393470764
