times:
  edit-metadata: 1.4791747629642487
  landing: 0.85017329454422
  view-data: 3.2874937132000923
