times:
  edit-metadata: 1.3345931097865105
  landing: 0.7770364619791508
  view-data: 3.3025639429688454
