times:
  edit-metadata: 1.4448726624250412
  landing: 0.8305798321962357
  view-data: 3.2782768979668617
