times:
  edit-metadata: 1.335681438446045
  landing: 0.8640761896967888
  view-data: 3.3131259977817535
