times:
  edit-metadata: 1.4711896181106567
  landing: 0.8497832827270031
  view-data: 3.2944553941488266
