times:
  edit-metadata: 1.378859430551529
  landing: 0.8401355817914009
  view-data: 3.3820515386760235
