times:
  edit-metadata: 1.4718159288167953
  landing: 0.7195211723446846
  view-data: 3.5411484763026237
