times:
  edit-metadata: 1.4314046055078506
  landing: 0.8849656730890274
  view-data: 3.534354694187641
