times:
  edit-metadata: 1.5316460952162743
  landing: 0.8267102092504501
  view-data: 3.5235156416893005
