times:
  edit-metadata: 1.4149275794625282
  landing: 0.9711760580539703
  view-data: 3.587641216814518
