times:
  edit-metadata: 2.481694918125868
  landing: 2.8041038401424885
  view-data: 3.3108342215418816
