times:
  edit-metadata: 1.5720014125108719
  landing: 0.8697809129953384
  view-data: 3.297609005123377
