times:
  edit-metadata: 2.9430896416306496
  landing: 1.8056497126817703
  view-data: 3.6936787739396095
