times:
  edit-metadata: 1.3739714175462723
  landing: 0.8545188009738922
  view-data: 3.612787015736103
