times:
  edit-metadata: 1.4757960811257362
  landing: 0.8186508901417255
  view-data: 3.2792999148368835
