times:
  edit-metadata: 1.343652468174696
  landing: 0.8028487116098404
  view-data: 3.315300978720188
