times:
  edit-metadata: 1.6327103674411774
  landing: 0.8538046404719353
  view-data: 3.3031168803572655
