times:
  edit-metadata: 1.488783337175846
  landing: 0.7963286489248276
  view-data: 3.5554469898343086
