times:
  edit-metadata: 1.5359014198184013
  landing: 0.9296111986041069
  view-data: 3.4178681075572968
