times:
  edit-metadata: 1.4875206127762794
  landing: 1.1317728906869888
  view-data: 3.418192721903324
