times:
  edit-metadata: 1.3679634928703308
  landing: 0.7174492329359055
  view-data: 3.258165329694748
