times:
  edit-metadata: 1.487131528556347
  landing: 0.783364363014698
  view-data: 3.467161901295185
