times:
  edit-metadata: 1.3927093222737312
  landing: 0.81271792948246
  view-data: 3.531121425330639
