times:
  edit-metadata: 1.7882736548781395
  landing: 1.1326861679553986
  view-data: 3.6131236031651497
