times:
  edit-metadata: 1.4579399824142456
  landing: 0.8704499080777168
  view-data: 3.492987059056759
