times:
  edit-metadata: 1.6197554990649223
  landing: 1.0383543521165848
  view-data: 3.365091186016798
