times:
  edit-metadata: 1.4956545569002628
  landing: 0.9874901659786701
  view-data: 3.2455263547599316
