times:
  edit-metadata: 1.3721663504838943
  landing: 0.7448820732533932
  view-data: 3.300741009414196
