times:
  edit-metadata: 1.432156190276146
  landing: 0.8433892205357552
  view-data: 3.727960743010044
