times:
  edit-metadata: 1.898828361183405
  landing: 1.1590571254491806
  view-data: 3.467692170292139
