times:
  edit-metadata: 1.6527940817177296
  landing: 1.0254193395376205
  view-data: 3.298080500215292
