times:
  edit-metadata: 1.6640388146042824
  landing: 0.8519963510334492
  view-data: 3.3223691917955875
