times:
  edit-metadata: 1.4938346222043037
  landing: 0.7879524230957031
  view-data: 3.3801106549799442
