times:
  edit-metadata: 1.513264860957861
  landing: 0.835979588329792
  view-data: 3.3303216509521008
