times:
  edit-metadata: 1.3640621602535248
  landing: 0.7879613861441612
  view-data: 3.36831496655941
