times:
  edit-metadata: 1.3762050122022629
  landing: 0.7393656224012375
  view-data: 3.45379102230072
