times:
  edit-metadata: 1.933755125850439
  landing: 1.02063562348485
  view-data: 3.3664313815534115
