times:
  edit-metadata: 1.9785082042217255
  landing: 1.3068609610199928
  view-data: 3.572988159954548
