times:
  edit-metadata: 1.4859685823321342
  landing: 0.7916714698076248
  view-data: 3.395867347717285
