times:
  edit-metadata: 1.4681737273931503
  landing: 1.1609014198184013
  view-data: 3.3024473264813423
