times:
  edit-metadata: 1.3623631224036217
  landing: 0.7008043900132179
  view-data: 3.5164484456181526
