times:
  edit-metadata: 1.4027102999389172
  landing: 0.733078733086586
  view-data: 3.387532789260149
