times:
  edit-metadata: 1.4582749605178833
  landing: 0.8096493668854237
  view-data: 3.315541960299015
