times:
  edit-metadata: 1.3185524940490723
  landing: 0.8016503974795341
  view-data: 3.485079176723957
