times:
  edit-metadata: 1.3401482850313187
  landing: 0.8074843734502792
  view-data: 3.3883673921227455
