times:
  edit-metadata: 1.554966263473034
  landing: 1.154481366276741
  view-data: 3.355760335922241
