times:
  edit-metadata: 1.4924296960234642
  landing: 0.7659041285514832
  view-data: 3.451074108481407
