times:
  edit-metadata: 1.362236149609089
  landing: 0.730048879981041
  view-data: 3.5381845459342003
