times:
  edit-metadata: 2.04616167396307
  landing: 0.8390321284532547
  view-data: 3.934807114303112
