times:
  edit-metadata: 1.484378695487976
  landing: 1.0657149851322174
  view-data: 3.3012622743844986
