times:
  edit-metadata: 1.337290920317173
  landing: 0.7805198207497597
  view-data: 3.4943141266703606
