times:
  edit-metadata: 1.3437631353735924
  landing: 0.8344411626458168
  view-data: 3.2884763553738594
