times:
  edit-metadata: 1.7161093577742577
  landing: 1.0182765386998653
  view-data: 3.349871538579464
