times:
  edit-metadata: 1.3952354565262794
  landing: 0.7485340163111687
  view-data: 3.3705961853265762
