times:
  edit-metadata: 2.360133346170187
  landing: 1.4208754003047943
  view-data: 3.389630291610956
