times:
  edit-metadata: 1.446995459496975
  landing: 0.8470948711037636
  view-data: 3.3080791495740414
