times:
  edit-metadata: 1.408078745007515
  landing: 0.8319124057888985
  view-data: 3.5738626196980476
