times:
  edit-metadata: 1.5061967745423317
  landing: 0.7939523607492447
  view-data: 3.325247459113598
