times:
  edit-metadata: 1.3066000789403915
  landing: 0.8823024556040764
  view-data: 3.38866513222456
