times:
  edit-metadata: 1.4728452637791634
  landing: 0.7819517180323601
  view-data: 3.5092175975441933
