times:
  edit-metadata: 1.4283707216382027
  landing: 0.9814042337238789
  view-data: 3.4571544229984283
