times:
  edit-metadata: 1.4081523269414902
  landing: 0.7443707063794136
  view-data: 3.2469127736985683
