times:
  edit-metadata: 1.3798727244138718
  landing: 0.7527078241109848
  view-data: 3.510356158018112
