times:
  edit-metadata: 1.4098733887076378
  landing: 0.7688912227749825
  view-data: 3.551692947745323
