times:
  edit-metadata: 1.3690882250666618
  landing: 0.7400036752223969
  view-data: 3.470300018787384
