times:
  edit-metadata: 1.4054660648107529
  landing: 0.7568718269467354
  view-data: 3.493831157684326
