times:
  edit-metadata: 1.8255289867520332
  landing: 1.1837297603487968
  view-data: 3.321411646902561
