times:
  edit-metadata: 1.4629470184445381
  landing: 0.7206949293613434
  view-data: 3.338547468185425
