times:
  edit-metadata: 1.4739237576723099
  landing: 0.8851910978555679
  view-data: 3.4245486184954643
