times:
  edit-metadata: 1.50167765468359
  landing: 0.9009743519127369
  view-data: 3.3801791854202747
