times:
  edit-metadata: 1.2175005376338959
  landing: 0.8708641454577446
  view-data: 3.4925197139382362
