times:
  edit-metadata: 1.439555674791336
  landing: 0.8002180680632591
  view-data: 3.291861318051815
