times:
  edit-metadata: 1.4488436244428158
  landing: 0.795128483325243
  view-data: 3.2868231274187565
