times:
  edit-metadata: 1.4146406911313534
  landing: 0.7976859137415886
  view-data: 3.3237690702080727
