times:
  edit-metadata: 1.315419763326645
  landing: 0.8910423815250397
  view-data: 3.648508794605732
