times:
  edit-metadata: 1.4082184359431267
  landing: 0.789119977504015
  view-data: 3.347836822271347
