times:
  edit-metadata: 1.408343743532896
  landing: 0.7960262261331081
  view-data: 3.3111276738345623
