times:
  edit-metadata: 1.4384062364697456
  landing: 0.76482954621315
  view-data: 3.5130735337734222
