times:
  edit-metadata: 1.3319172598421574
  landing: 0.8261822611093521
  view-data: 3.274643227458
