times:
  edit-metadata: 1.378944355994463
  landing: 0.8091258034110069
  view-data: 3.311080429702997
