times:
  edit-metadata: 1.3657893612980843
  landing: 0.7367393001914024
  view-data: 3.4809547662734985
