times:
  edit-metadata: 1.3937963359057903
  landing: 0.825542826205492
  view-data: 3.3444689847528934
