times:
  edit-metadata: 1.379513956606388
  landing: 0.8691587150096893
  view-data: 3.3444511517882347
