times:
  edit-metadata: 1.508864477276802
  landing: 0.807312972843647
  view-data: 3.520061992108822
