times:
  edit-metadata: 1.5032188966870308
  landing: 0.7540933601558208
  view-data: 3.337940189987421
