times:
  edit-metadata: 1.4448171257972717
  landing: 0.8001396581530571
  view-data: 3.5229283198714256
