times:
  edit-metadata: 1.5739789977669716
  landing: 0.907866582274437
  view-data: 3.3557338640093803
