times:
  edit-metadata: 1.5190713703632355
  landing: 1.112111359834671
  view-data: 3.644039161503315
