times:
  edit-metadata: 1.454385131597519
  landing: 0.7721128389239311
  view-data: 3.568737283349037
