times:
  edit-metadata: 2.225900236517191
  landing: 1.4368705116212368
  view-data: 3.656431220471859
