times:
  edit-metadata: 1.4931657537817955
  landing: 0.7110146135091782
  view-data: 3.5025993660092354
