times:
  edit-metadata: 1.397195726633072
  landing: 0.7596577480435371
  view-data: 3.506622977554798
