times:
  edit-metadata: 1.3827584460377693
  landing: 0.7933705225586891
  view-data: 3.365477815270424
