times:
  edit-metadata: 1.5197264552116394
  landing: 0.9172840490937233
  view-data: 3.501370333135128
