times:
  edit-metadata: 1.4806587249040604
  landing: 0.7817459255456924
  view-data: 3.5101560056209564
