times:
  edit-metadata: 1.4880758002400398
  landing: 0.8143593370914459
  view-data: 3.5970895662903786
