times:
  edit-metadata: 1.374363787472248
  landing: 0.8202998004853725
  view-data: 3.321056690067053
