times:
  edit-metadata: 1.5074764378368855
  landing: 0.8320102617144585
  view-data: 3.304963119328022
