times:
  edit-metadata: 1.4704380445182323
  landing: 0.9353014938533306
  view-data: 3.32018056884408
