times:
  edit-metadata: 1.4638253338634968
  landing: 0.8768440932035446
  view-data: 3.399397738277912
