times:
  edit-metadata: 1.4230240248143673
  landing: 0.8407840766012669
  view-data: 3.3490932770073414
