times:
  edit-metadata: 1.4918670505285263
  landing: 0.7587315738201141
  view-data: 3.395778052508831
