times:
  edit-metadata: 1.4564620144665241
  landing: 0.8362044021487236
  view-data: 3.3163090758025646
