times:
  edit-metadata: 1.2909813821315765
  landing: 0.8294118270277977
  view-data: 3.509644642472267
