times:
  edit-metadata: 1.3970755636692047
  landing: 0.8279403261840343
  view-data: 3.356906708329916
