times:
  edit-metadata: 2.0203075632452965
  landing: 1.2954179421067238
  view-data: 3.564643532037735
