times:
  edit-metadata: 1.4043385870754719
  landing: 0.8835427574813366
  view-data: 3.3800713047385216
