times:
  edit-metadata: 1.4325409419834614
  landing: 0.7729382328689098
  view-data: 3.292833011597395
