times:
  edit-metadata: 1.4697076566517353
  landing: 0.8772708773612976
  view-data: 3.360238738358021
