times:
  edit-metadata: 1.6178545877337456
  landing: 0.8388267830014229
  view-data: 3.2878043055534363
