times:
  edit-metadata: 1.3584575802087784
  landing: 0.6929258331656456
  view-data: 3.475744813680649
