times:
  edit-metadata: 1.5341663211584091
  landing: 0.9628425016999245
  view-data: 3.344814620912075
