times:
  edit-metadata: 1.479807686060667
  landing: 0.9563162960112095
  view-data: 3.3174743317067623
