times:
  edit-metadata: 1.6002023555338383
  landing: 0.8704807907342911
  view-data: 3.450507417321205
