times:
  edit-metadata: 1.4062918350100517
  landing: 0.7990463897585869
  view-data: 3.5886539667844772
