times:
  edit-metadata: 1.5910651236772537
  landing: 0.9983091950416565
  view-data: 3.5125476866960526
