times:
  edit-metadata: 1.3552372455596924
  landing: 0.7983018979430199
  view-data: 3.6543550193309784
