times:
  edit-metadata: 1.4547392129898071
  landing: 0.9441224485635757
  view-data: 3.4711223393678665
