times:
  edit-metadata: 1.1726243197917938
  landing: 0.7788712158799171
  view-data: 3.2639288753271103
