times:
  edit-metadata: 1.404497742652893
  landing: 0.8576319366693497
  view-data: 3.4656571820378304
