times:
  edit-metadata: 1.4624748900532722
  landing: 0.837846152484417
  view-data: 3.3346841856837273
