times:
  edit-metadata: 1.467021219432354
  landing: 0.8977523408830166
  view-data: 3.311689328402281
