times:
  edit-metadata: 1.4153750278055668
  landing: 0.8763022050261497
  view-data: 3.2556196749210358
