times:
  edit-metadata: 1.497494876384735
  landing: 0.8370210900902748
  view-data: 3.3166495859622955
