times:
  edit-metadata: 1.4664566293358803
  landing: 0.8653612732887268
  view-data: 3.275387793779373
