times:
  edit-metadata: 1.6399874985218048
  landing: 0.9059429690241814
  view-data: 3.33991938829422
