times:
  edit-metadata: 1.4217425361275673
  landing: 0.8278593122959137
  view-data: 3.5437873378396034
