times:
  edit-metadata: 1.4296406880021095
  landing: 0.8005344644188881
  view-data: 3.4315471947193146
