times:
  edit-metadata: 1.3433128111064434
  landing: 0.8046488016843796
  view-data: 3.3651632592082024
