times:
  edit-metadata: 1.47123484313488
  landing: 0.9682373367249966
  view-data: 3.2917495369911194
