times:
  edit-metadata: 1.9221088699996471
  landing: 1.443838156759739
  view-data: 3.4603715240955353
