times:
  edit-metadata: 1.402916431427002
  landing: 0.8498328998684883
  view-data: 3.6576972901821136
