times:
  edit-metadata: 1.4339483715593815
  landing: 0.9745837785303593
  view-data: 3.3530304320156574
