times:
  edit-metadata: 1.487579233944416
  landing: 0.8127787001430988
  view-data: 3.3383442498743534
