times:
  edit-metadata: 1.5889001600444317
  landing: 0.8614674396812916
  view-data: 3.3888601288199425
