times:
  edit-metadata: 1.496618777513504
  landing: 0.9838776811957359
  view-data: 3.542532354593277
