times:
  edit-metadata: 1.5358867309987545
  landing: 0.8087536804378033
  view-data: 3.408712901175022
