times:
  edit-metadata: 1.4487580582499504
  landing: 0.9341038390994072
  view-data: 3.4576844573020935
