times:
  edit-metadata: 1.4780929498374462
  landing: 0.9078242816030979
  view-data: 3.2969872057437897
