times:
  edit-metadata: 1.4820124879479408
  landing: 0.8764280937612057
  view-data: 3.308341410011053
