times:
  edit-metadata: 1.3312955647706985
  landing: 0.7796175479888916
  view-data: 3.416585125029087
