times:
  edit-metadata: 1.3664577975869179
  landing: 0.8975643366575241
  view-data: 3.318224173039198
