times:
  edit-metadata: 1.4802477173507214
  landing: 0.9231459200382233
  view-data: 3.3755213916301727
