times:
  edit-metadata: 1.5448264554142952
  landing: 0.973809227347374
  view-data: 3.2986423671245575
