times:
  edit-metadata: 1.4661393649876118
  landing: 0.7545585408806801
  view-data: 3.2959746047854424
