times:
  edit-metadata: 1.4150527194142342
  landing: 0.756712980568409
  view-data: 3.56968142837286
