times:
  edit-metadata: 1.5295489504933357
  landing: 0.8009983897209167
  view-data: 3.465653084218502
