times:
  edit-metadata: 1.737711988389492
  landing: 1.1469919458031654
  view-data: 3.6083638295531273
