times:
  edit-metadata: 1.468132734298706
  landing: 0.7892707139253616
  view-data: 3.2961002811789513
