times:
  edit-metadata: 1.5033616870641708
  landing: 0.8814869523048401
  view-data: 3.550200641155243
