times:
  edit-metadata: 1.3184351064264774
  landing: 0.8938744813203812
  view-data: 3.2663714103400707
