times:
  edit-metadata: 1.4661033675074577
  landing: 0.872004896402359
  view-data: 3.5850174874067307
