times:
  edit-metadata: 1.1584052965044975
  landing: 0.8123473301529884
  view-data: 3.4386494904756546
