times:
  edit-metadata: 1.4761301428079605
  landing: 0.9206860959529877
  view-data: 3.472327135503292
