times:
  edit-metadata: 1.7762234136462212
  landing: 1.1690117046236992
  view-data: 3.6978140473365784
