times:
  edit-metadata: 1.6432013511657715
  landing: 0.8414550870656967
  view-data: 3.399535335600376
