times:
  edit-metadata: 1.589920911937952
  landing: 0.7538651265203953
  view-data: 3.2977093793451786
