times:
  edit-metadata: 1.483548529446125
  landing: 0.7746985703706741
  view-data: 3.504541978240013
