times:
  edit-metadata: 1.3828413486480713
  landing: 0.875121682882309
  view-data: 3.5226531252264977
