times:
  edit-metadata: 1.4061622768640518
  landing: 0.8800364695489407
  view-data: 3.3144973181188107
