times:
  edit-metadata: 1.5032573863863945
  landing: 0.803923062980175
  view-data: 3.2798247933387756
