times:
  edit-metadata: 1.4507163874804974
  landing: 0.8525763675570488
  view-data: 3.2747588455677032
