times:
  edit-metadata: 1.5439550578594208
  landing: 0.8386418372392654
  view-data: 3.321379639208317
