times:
  edit-metadata: 1.6980174630880356
  landing: 1.0001437067985535
  view-data: 3.4055401906371117
