times:
  edit-metadata: 2.1626531779766083
  landing: 1.4761889427900314
  view-data: 3.4951591938734055
