times:
  edit-metadata: 1.5619249641895294
  landing: 1.0063649751245975
  view-data: 3.3142868354916573
