times:
  edit-metadata: 1.5326430648565292
  landing: 0.9461864531040192
  view-data: 3.551970921456814
