times:
  edit-metadata: 1.530424878001213
  landing: 0.9029541686177254
  view-data: 3.5303484201431274
