times:
  edit-metadata: 1.4372525215148926
  landing: 0.8007883131504059
  view-data: 3.308255597949028
