times:
  edit-metadata: 1.341626137495041
  landing: 0.8700486943125725
  view-data: 3.4097497388720512
