times:
  edit-metadata: 1.512261487543583
  landing: 0.9752483069896698
  view-data: 3.3277417048811913
