times:
  edit-metadata: 1.4950115345418453
  landing: 0.8844830729067326
  view-data: 3.3472740165889263
