times:
  edit-metadata: 1.4741393625736237
  landing: 0.8001981601119041
  view-data: 3.4882411137223244
