times:
  edit-metadata: 1.6097053959965706
  landing: 1.0942374914884567
  view-data: 3.4313184171915054
