times:
  edit-metadata: 1.458630658686161
  landing: 0.780712440609932
  view-data: 3.391819529235363
