times:
  edit-metadata: 1.411709800362587
  landing: 0.8458442911505699
  view-data: 3.6542996168136597
