times:
  edit-metadata: 1.8482806980609894
  landing: 1.1497001685202122
  view-data: 3.3357381522655487
