times:
  edit-metadata: 1.4338811002671719
  landing: 0.8365306481719017
  view-data: 3.3147193267941475
