times:
  edit-metadata: 1.6423327662050724
  landing: 0.8666127398610115
  view-data: 3.4137749411165714
