times:
  edit-metadata: 1.4103882014751434
  landing: 0.8073209449648857
  view-data: 3.637829676270485
