times:
  edit-metadata: 1.4046984165906906
  landing: 0.786454863846302
  view-data: 3.456888809800148
