times:
  edit-metadata: 1.3838697969913483
  landing: 0.8017071858048439
  view-data: 3.482209622859955
