times:
  edit-metadata: 1.3909204602241516
  landing: 0.7885853201150894
  view-data: 3.6680921986699104
