times:
  edit-metadata: 1.1789236217737198
  landing: 0.9207192808389664
  view-data: 3.4892324656248093
