times:
  edit-metadata: 1.3144867792725563
  landing: 0.8603280261158943
  view-data: 3.3774313144385815
