times:
  edit-metadata: 1.5188194997608662
  landing: 0.9073584042489529
  view-data: 3.5060562901198864
