times:
  edit-metadata: 1.4178744740784168
  landing: 0.902267400175333
  view-data: 3.3213361278176308
