times:
  edit-metadata: 1.4733519330620766
  landing: 0.7926121801137924
  view-data: 3.3866624608635902
