times:
  edit-metadata: 1.7097194865345955
  landing: 0.8606267124414444
  view-data: 3.4766643047332764
