times:
  edit-metadata: 1.4399059638381004
  landing: 0.834156446158886
  view-data: 3.4244132339954376
