times:
  edit-metadata: 1.4670757241547108
  landing: 0.8766031377017498
  view-data: 3.3680715784430504
