times:
  edit-metadata: 1.3678706735372543
  landing: 0.7826618030667305
  view-data: 3.5493292436003685
