times:
  edit-metadata: 1.4720281064510345
  landing: 0.794132649898529
  view-data: 3.4129826575517654
