times:
  edit-metadata: 1.2083184644579887
  landing: 0.7699051722884178
  view-data: 3.4516810849308968
