times:
  edit-metadata: 1.443194393068552
  landing: 0.7699604257941246
  view-data: 3.270343668758869
