times:
  edit-metadata: 1.5896990820765495
  landing: 0.9000142812728882
  view-data: 3.368314079940319
