times:
  edit-metadata: 1.8855679705739021
  landing: 1.1224276646971703
  view-data: 3.4136538356542587
