times:
  edit-metadata: 1.5701992958784103
  landing: 0.8601684868335724
  view-data: 3.3549890145659447
