times:
  edit-metadata: 1.396397851407528
  landing: 0.7936639040708542
  view-data: 3.2840239629149437
