times:
  edit-metadata: 1.429025560617447
  landing: 0.8079806119203568
  view-data: 3.4882708191871643
