times:
  edit-metadata: 1.5501746498048306
  landing: 0.9532062821090221
  view-data: 3.353373382240534
