times:
  edit-metadata: 2.007722780108452
  landing: 1.2842757925391197
  view-data: 3.3834864497184753
