times:
  edit-metadata: 1.4317424930632114
  landing: 0.8572790957987309
  view-data: 3.2978258170187473
