times:
  edit-metadata: 1.3587387800216675
  landing: 0.7736674845218658
  view-data: 3.4530207067728043
