times:
  edit-metadata: 1.417191930115223
  landing: 0.7840809039771557
  view-data: 3.258175276219845
