times:
  edit-metadata: 1.5137676894664764
  landing: 0.687196783721447
  view-data: 3.4161200895905495
