times:
  edit-metadata: 1.4105575494468212
  landing: 0.8125642351806164
  view-data: 3.3170122988522053
