times:
  edit-metadata: 1.440355271100998
  landing: 0.8335829302668571
  view-data: 0.6803297773003578
