times:
  edit-metadata: 1.1174788102507591
  landing: 0.8179353252053261
  view-data: 3.4067351520061493
