times:
  edit-metadata: 1.4580738618969917
  landing: 0.8135538846254349
  view-data: 3.6019208505749702
