times:
  edit-metadata: 1.4762123748660088
  landing: 0.8956839069724083
  view-data: 3.292288713157177
