times:
  edit-metadata: 1.689193032681942
  landing: 1.054254874587059
  view-data: 3.312372338026762
