times:
  edit-metadata: 1.4050654619932175
  landing: 0.9733880907297134
  view-data: 3.3833001852035522
