times:
  edit-metadata: 1.3947782069444656
  landing: 0.9629330113530159
  view-data: 3.307840723544359
