times:
  edit-metadata: 1.4653989113867283
  landing: 0.792131531983614
  view-data: 3.293384373188019
