times:
  edit-metadata: 1.3542999401688576
  landing: 0.8356844857335091
  view-data: 3.572399266064167
