times:
  edit-metadata: 2.3712013438344
  landing: 1.3703631535172462
  view-data: 3.3548891246318817
