times:
  edit-metadata: 1.4856801852583885
  landing: 0.8184992149472237
  view-data: 3.5909921675920486
