times:
  edit-metadata: 2.6011341735720634
  landing: 1.6866779029369354
  view-data: 3.5683832094073296
