times:
  edit-metadata: 1.4503123238682747
  landing: 0.7912409529089928
  view-data: 3.44970590621233
