times:
  edit-metadata: 1.3788295909762383
  landing: 0.7520720139145851
  view-data: 3.588823400437832
