times:
  edit-metadata: 1.4446490556001663
  landing: 0.8047435060143471
  view-data: 3.3656140565872192
