times:
  edit-metadata: 1.828032486140728
  landing: 1.018569454550743
  view-data: 3.3596123345196247
