times:
  edit-metadata: 1.555137388408184
  landing: 1.119031861424446
  view-data: 3.3269768692553043
