times:
  edit-metadata: 1.632360301911831
  landing: 0.863468199968338
  view-data: 3.4532236456871033
