times:
  edit-metadata: 1.363132692873478
  landing: 0.9919515773653984
  view-data: 3.5105843991041183
