times:
  edit-metadata: 1.3340929970145226
  landing: 0.7882366254925728
  view-data: 3.574388511478901
