times:
  edit-metadata: 1.4202450960874557
  landing: 0.7990750893950462
  view-data: 3.4046515747904778
