times:
  edit-metadata: 1.428861066699028
  landing: 0.7904456183314323
  view-data: 3.663386791944504
