times:
  edit-metadata: 1.4827758222818375
  landing: 0.8329648450016975
  view-data: 3.3723674342036247
