times:
  edit-metadata: 1.3899695947766304
  landing: 0.7272273451089859
  view-data: 3.488811232149601
