times:
  edit-metadata: 1.4606877751648426
  landing: 1.0337237305939198
  view-data: 3.2993883676826954
