times:
  edit-metadata: 1.7287932187318802
  landing: 0.8922877758741379
  view-data: 3.3549016192555428
