times:
  edit-metadata: 1.4703094772994518
  landing: 0.8278264626860619
  view-data: 3.329828131943941
