times:
  edit-metadata: 1.5862210132181644
  landing: 1.3632929883897305
  view-data: 3.3256401792168617
