times:
  edit-metadata: 1.5911203920841217
  landing: 1.1306043975055218
  view-data: 3.4012768752872944
