times:
  edit-metadata: 1.5536311641335487
  landing: 0.9266166798770428
  view-data: 3.3192605264484882
