times:
  edit-metadata: 1.9424840100109577
  landing: 1.1134898141026497
  view-data: 3.4782073087990284
