times:
  edit-metadata: 1.5235271602869034
  landing: 0.9403941109776497
  view-data: 3.3609438315033913
