times:
  edit-metadata: 1.6298978105187416
  landing: 0.9201636761426926
  view-data: 3.520143523812294
