times:
  edit-metadata: 1.3818131536245346
  landing: 0.8216692209243774
  view-data: 3.6744687855243683
