times:
  edit-metadata: 1.533548317849636
  landing: 1.174977920949459
  view-data: 3.3433614782989025
