times:
  edit-metadata: 1.4030758887529373
  landing: 0.8313711509108543
  view-data: 3.336094044148922
