times:
  edit-metadata: 1.381135568022728
  landing: 0.7745058089494705
  view-data: 3.4656205847859383
