times:
  edit-metadata: 1.5435867756605148
  landing: 0.9240379184484482
  view-data: 3.622805543243885
