times:
  edit-metadata: 1.4921193420886993
  landing: 0.8678255751729012
  view-data: 3.52660208940506
