times:
  edit-metadata: 1.572279378771782
  landing: 0.9519642218947411
  view-data: 3.3895450308918953
