times:
  edit-metadata: 1.4218049421906471
  landing: 0.7409397885203362
  view-data: 3.4573860988020897
