times:
  edit-metadata: 1.4766106382012367
  landing: 0.8489078283309937
  view-data: 3.4871946424245834
