times:
  edit-metadata: 1.3671497851610184
  landing: 0.7244557812809944
  view-data: 3.359575279057026
