times:
  edit-metadata: 1.4237246811389923
  landing: 0.716899648308754
  view-data: 3.509519398212433
