times:
  edit-metadata: 1.4341328218579292
  landing: 0.8256117627024651
  view-data: 3.498494826257229
