times:
  edit-metadata: 1.5079506114125252
  landing: 0.8438250049948692
  view-data: 3.6089346185326576
