times:
  edit-metadata: 1.4898820891976357
  landing: 0.7230741381645203
  view-data: 3.498910091817379
