times:
  edit-metadata: 1.4251244589686394
  landing: 0.8865822851657867
  view-data: 3.5389059334993362
