times:
  edit-metadata: 1.3413634598255157
  landing: 0.7969565540552139
  view-data: 3.4438584819436073
