times:
  edit-metadata: 1.4808957874774933
  landing: 0.748449832201004
  view-data: 3.4895410761237144
