times:
  edit-metadata: 1.3627584725618362
  landing: 0.7117248550057411
  view-data: 3.4576680585741997
