times:
  edit-metadata: 1.461423546075821
  landing: 0.7498201876878738
  view-data: 3.4836792573332787
