times:
  edit-metadata: 1.4918225407600403
  landing: 0.7239217609167099
  view-data: 3.5605217814445496
