times:
  edit-metadata: 1.4543020948767662
  landing: 0.7616453841328621
  view-data: 3.5131697580218315
