times:
  edit-metadata: 1.781699150800705
  landing: 0.8257762715220451
  view-data: 3.572325311601162
