times:
  edit-metadata: 1.5235429108142853
  landing: 0.687034510076046
  view-data: 3.4800646975636482
