times:
  edit-metadata: 1.3801814392209053
  landing: 0.9044922366738319
  view-data: 3.3535034209489822
