times:
  edit-metadata: 1.4020468294620514
  landing: 0.8313822820782661
  view-data: 3.4380308240652084
