times:
  edit-metadata: 1.3697615638375282
  landing: 0.7563904300332069
  view-data: 3.4896050840616226
