times:
  edit-metadata: 1.3361974284052849
  landing: 0.6593069210648537
  view-data: 3.445999063551426
