times:
  edit-metadata: 1.62779750674963
  landing: 0.7598388716578484
  view-data: 3.5351562798023224
