times:
  edit-metadata: 1.6545837596058846
  landing: 0.7611918896436691
  view-data: 3.5384860560297966
