times:
  edit-metadata: 1.5870086774230003
  landing: 0.9597025960683823
  view-data: 3.52687206864357
