times:
  edit-metadata: 1.427377626299858
  landing: 0.8239674344658852
  view-data: 3.4837449193000793
