times:
  edit-metadata: 1.4439191669225693
  landing: 0.7405445650219917
  view-data: 3.4625195637345314
