times:
  edit-metadata: 1.5881429761648178
  landing: 0.8992938697338104
  view-data: 3.6083674877882004
