times:
  edit-metadata: 2.043290354311466
  landing: 0.9421024918556213
  view-data: 3.657371871173382
