times:
  edit-metadata: 1.3509588539600372
  landing: 0.8014927580952644
  view-data: 3.520062282681465
