times:
  edit-metadata: 1.4003212004899979
  landing: 0.7132649794220924
  view-data: 3.4937653318047523
