times:
  edit-metadata: 1.3690903708338737
  landing: 0.7103772610425949
  view-data: 3.5366462767124176
