times:
  edit-metadata: 1.3382504135370255
  landing: 0.7440135553479195
  view-data: 3.4313795939087868
