times:
  edit-metadata: 1.4983160197734833
  landing: 0.6861645802855492
  view-data: 3.410983219742775
