times:
  edit-metadata: 1.5023210942745209
  landing: 0.7235037609934807
  view-data: 3.4670544937253
