times:
  edit-metadata: 1.4279725328087807
  landing: 0.7076422348618507
  view-data: 3.467669442296028
