times:
  edit-metadata: 1.3802673369646072
  landing: 0.7443104982376099
  view-data: 3.4409125670790672
