times:
  edit-metadata: 1.4712617471814156
  landing: 0.841855838894844
  view-data: 3.460443079471588
