times:
  edit-metadata: 1.5095803141593933
  landing: 0.8570926412940025
  view-data: 3.502489261329174
