times:
  edit-metadata: 1.4107114672660828
  landing: 0.8562867045402527
  view-data: 3.508809596300125
