times:
  edit-metadata: 1.4848004132509232
  landing: 0.8385217115283012
  view-data: 3.505146637558937
