times:
  edit-metadata: 1.4706638380885124
  landing: 0.8032592311501503
  view-data: 3.4276112467050552
