times:
  edit-metadata: 1.4088562950491905
  landing: 0.8247703611850739
  view-data: 3.4617671594023705
