times:
  edit-metadata: 1.3219643235206604
  landing: 0.7484719380736351
  view-data: 3.4412287324666977
