times:
  edit-metadata: 1.3837429359555244
  landing: 0.7611732110381126
  view-data: 3.4774130061268806
