times:
  edit-metadata: 1.6723918095231056
  landing: 0.9642967060208321
  view-data: 3.512917049229145
