times:
  edit-metadata: 1.5215634033083916
  landing: 0.7783865854144096
  view-data: 3.5399869680404663
