times:
  edit-metadata: 1.3361138999462128
  landing: 0.6935024261474609
  view-data: 3.4330776780843735
