times:
  edit-metadata: 1.450930394232273
  landing: 0.7489786893129349
  view-data: 3.412245288491249
