times:
  edit-metadata: 2.5170336216688156
  landing: 1.5192741975188255
  view-data: 3.7001770362257957
