times:
  edit-metadata: 1.4635249823331833
  landing: 0.7804929167032242
  view-data: 3.528423987329006
