times:
  edit-metadata: 1.752292513847351
  landing: 0.7034517005085945
  view-data: 3.4505540430545807
