times:
  edit-metadata: 1.3728926256299019
  landing: 0.7338192537426949
  view-data: 3.443682700395584
