times:
  edit-metadata: 1.489435650408268
  landing: 0.7032632157206535
  view-data: 3.460365742444992
