times:
  edit-metadata: 1.3912278413772583
  landing: 0.8531344681978226
  view-data: 3.47979037463665
