times:
  edit-metadata: 1.4959963038563728
  landing: 0.6964639276266098
  view-data: 3.724739372730255
