times:
  edit-metadata: 1.350131668150425
  landing: 0.7391684874892235
  view-data: 3.4507506415247917
