times:
  edit-metadata: 1.3362800255417824
  landing: 0.7374754250049591
  view-data: 3.4572509825229645
