times:
  edit-metadata: 2.361571840941906
  landing: 1.5560599938035011
  view-data: 3.8179605454206467
