times:
  edit-metadata: 1.3235824331641197
  landing: 0.733721412718296
  view-data: 3.4247905761003494
