times:
  edit-metadata: 2.0627010241150856
  landing: 1.2080690413713455
  view-data: 3.5325976088643074
