times:
  edit-metadata: 1.5840455144643784
  landing: 0.7378436923027039
  view-data: 3.485644854605198
