times:
  edit-metadata: 1.4611506909132004
  landing: 0.808903194963932
  view-data: 3.4171099811792374
