times:
  edit-metadata: 1.588209129869938
  landing: 0.8049872294068336
  view-data: 3.4588657841086388
