times:
  edit-metadata: 1.455797716975212
  landing: 0.7562855631113052
  view-data: 3.5101320445537567
