times:
  edit-metadata: 1.3562861010432243
  landing: 0.7666437402367592
  view-data: 3.4307572096586227
