times:
  edit-metadata: 1.360044926404953
  landing: 0.7681610956788063
  view-data: 3.4689516872167587
