times:
  edit-metadata: 1.5468836054205894
  landing: 0.7583243548870087
  view-data: 3.5301636457443237
