times:
  edit-metadata: 1.8289033770561218
  landing: 1.0695494413375854
  view-data: 3.429441846907139
