times:
  edit-metadata: 1.5289210304617882
  landing: 1.1274002119898796
  view-data: 3.366020157933235
