times:
  edit-metadata: 2.707843631505966
  landing: 2.007029876112938
  view-data: 4.049267277121544
