times:
  edit-metadata: 2.6225350871682167
  landing: 1.3814413845539093
  view-data: 3.663389816880226
