times:
  edit-metadata: 2.063450638204813
  landing: 1.608410008251667
  view-data: 3.379752341657877
