times:
  edit-metadata: 1.6698554120957851
  landing: 0.9564681351184845
  view-data: 3.320429567247629
