times:
  edit-metadata: 1.4579758122563362
  landing: 0.865561455488205
  view-data: 3.403662048280239
