times:
  edit-metadata: 1.5569455847144127
  landing: 0.8729417771100998
  view-data: 3.4301862344145775
