times:
  edit-metadata: 2.0328367426991463
  landing: 1.2751944996416569
  view-data: 3.3482018634676933
