times:
  edit-metadata: 1.6287306398153305
  landing: 0.886277861893177
  view-data: 3.4424573183059692
