times:
  edit-metadata: 1.4898848310112953
  landing: 0.9148135483264923
  view-data: 3.5276660844683647
