times:
  edit-metadata: 1.5295962318778038
  landing: 0.9481722563505173
  view-data: 3.3873799070715904
