times:
  edit-metadata: 1.5289933495223522
  landing: 0.9333891980350018
  view-data: 3.3042212426662445
