times:
  edit-metadata: 1.6643189489841461
  landing: 1.1618631035089493
  view-data: 3.4338880255818367
