times:
  edit-metadata: 1.4784722700715065
  landing: 0.8279483318328857
  view-data: 3.4528509229421616
