times:
  edit-metadata: 1.6712427847087383
  landing: 1.0503983795642853
  view-data: 3.2961680591106415
