times:
  edit-metadata: 1.5249410793185234
  landing: 1.1865825206041336
  view-data: 3.5117316767573357
