times:
  edit-metadata: 1.5133508816361427
  landing: 1.0656362175941467
  view-data: 3.36852665245533
