times:
  edit-metadata: 1.4953675642609596
  landing: 1.017485335469246
  view-data: 3.518859341740608
