times:
  edit-metadata: 1.8023877814412117
  landing: 1.1206441521644592
  view-data: 3.540751300752163
