times:
  edit-metadata: 1.5533156394958496
  landing: 0.8660119473934174
  view-data: 3.3542989045381546
