times:
  edit-metadata: 1.4519050419330597
  landing: 0.9393261894583702
  view-data: 3.5029685497283936
