times:
  edit-metadata: 1.5948640406131744
  landing: 1.0204411521553993
  view-data: 3.42234805226326
