times:
  edit-metadata: 1.4915647432208061
  landing: 0.8778121247887611
  view-data: 3.425705999135971
