times:
  edit-metadata: 1.5857761055231094
  landing: 0.8862040638923645
  view-data: 3.4288912564516068
