times:
  edit-metadata: 1.9827420562505722
  landing: 1.2342136725783348
  view-data: 3.2596497535705566
