times:
  edit-metadata: 2.062191467732191
  landing: 1.2011725418269634
  view-data: 3.276462148874998
