times:
  edit-metadata: 1.5389085561037064
  landing: 0.9891001731157303
  view-data: 3.3871605694293976
