times:
  edit-metadata: 1.5452400892972946
  landing: 0.9383206143975258
  view-data: 3.450627349317074
