times:
  edit-metadata: 2.3254797160625458
  landing: 1.6788328886032104
  view-data: 3.3482456989586353
