times:
  edit-metadata: 2.071600452065468
  landing: 1.3978427425026894
  view-data: 3.3241454772651196
