times:
  edit-metadata: 1.4542371220886707
  landing: 0.9880882203578949
  view-data: 3.26933716237545
