times:
  edit-metadata: 2.0210206545889378
  landing: 1.4500857442617416
  view-data: 3.282902956008911
