times:
  edit-metadata: 1.5945325121283531
  landing: 0.9148343242704868
  view-data: 3.330489367246628
