times:
  edit-metadata: 1.4943889304995537
  landing: 0.961216077208519
  view-data: 3.561264470219612
