times:
  edit-metadata: 1.429703090339899
  landing: 0.9210605807602406
  view-data: 3.318639349192381
