times:
  edit-metadata: 1.676522471010685
  landing: 1.1087767332792282
  view-data: 3.4997998028993607
