times:
  edit-metadata: 3.0291634127497673
  landing: 2.0718918703496456
  view-data: 3.496503561735153
