times:
  edit-metadata: 1.9558889754116535
  landing: 1.387796524912119
  view-data: 3.2566885463893414
