times:
  edit-metadata: 1.5886401534080505
  landing: 0.8621736615896225
  view-data: 3.4499322548508644
