times:
  edit-metadata: 1.4936182349920273
  landing: 0.8455644771456718
  view-data: 3.462957337498665
