times:
  edit-metadata: 1.438910648226738
  landing: 1.009753294289112
  view-data: 3.4362142980098724
