times:
  edit-metadata: 1.557631954550743
  landing: 0.8921299949288368
  view-data: 3.4806719049811363
