times:
  edit-metadata: 1.6025294922292233
  landing: 1.167456530034542
  view-data: 3.309245929121971
