times:
  edit-metadata: 1.5830334201455116
  landing: 0.9488495662808418
  view-data: 3.2827958092093468
