times:
  edit-metadata: 1.4600854739546776
  landing: 0.8625182658433914
  view-data: 3.454960361123085
