times:
  edit-metadata: 1.5196409672498703
  landing: 0.8152597174048424
  view-data: 3.4713496789336205
