times:
  edit-metadata: 2.082502320408821
  landing: 1.2090962640941143
  view-data: 3.304332111030817
