times:
  edit-metadata: 2.137742053717375
  landing: 1.4571264423429966
  view-data: 3.4071542099118233
