times:
  edit-metadata: 1.5316706970334053
  landing: 0.9130198284983635
  view-data: 3.3368913382291794
