times:
  edit-metadata: 1.517136886715889
  landing: 0.9026826918125153
  view-data: 3.2779313549399376
