times:
  edit-metadata: 1.576626494526863
  landing: 0.8564080074429512
  view-data: 3.487816669046879
