times:
  edit-metadata: 1.466777689754963
  landing: 0.9110370054841042
  view-data: 3.310406371951103
