times:
  edit-metadata: 2.4256792068481445
  landing: 1.2404051423072815
  view-data: 3.592947870492935
