times:
  edit-metadata: 1.5084963217377663
  landing: 0.8447176143527031
  view-data: 3.4872566014528275
