times:
  edit-metadata: 1.5008039996027946
  landing: 0.9665438756346703
  view-data: 3.5477427542209625
