times:
  edit-metadata: 1.5200858190655708
  landing: 0.846796303987503
  view-data: 3.3354269228875637
