times:
  edit-metadata: 1.5933531299233437
  landing: 0.9415758848190308
  view-data: 3.3070992529392242
