times:
  edit-metadata: 2.0261831767857075
  landing: 1.2060448303818703
  view-data: 3.2727044709026814
