times:
  edit-metadata: 2.3558072820305824
  landing: 1.443396158516407
  view-data: 3.5884623005986214
