times:
  edit-metadata: 1.534473866224289
  landing: 0.8499996215105057
  view-data: 3.464648947119713
