times:
  edit-metadata: 1.4898192211985588
  landing: 0.8903627321124077
  view-data: 3.531870909035206
