times:
  edit-metadata: 1.5441796034574509
  landing: 0.9164272546768188
  view-data: 3.3332727886736393
