times:
  edit-metadata: 1.4883278235793114
  landing: 0.9576179161667824
  view-data: 3.453146204352379
