times:
  edit-metadata: 1.552317786961794
  landing: 0.8831996135413647
  view-data: 3.3041313998401165
