times:
  edit-metadata: 1.4617154225707054
  landing: 0.9672565683722496
  view-data: 3.5106688141822815
