times:
  edit-metadata: 1.9833937510848045
  landing: 1.4558610692620277
  view-data: 3.3008801229298115
