times:
  edit-metadata: 1.822325199842453
  landing: 0.8687207400798798
  view-data: 3.309321843087673
