times:
  edit-metadata: 1.5234784334897995
  landing: 0.8765085339546204
  view-data: 3.4397037252783775
