times:
  edit-metadata: 1.6809024885296822
  landing: 1.101759910583496
  view-data: 3.335065245628357
