times:
  edit-metadata: 1.5434711799025536
  landing: 1.0434851497411728
  view-data: 3.422692246735096
