times:
  edit-metadata: 1.7889883294701576
  landing: 1.3349102325737476
  view-data: 3.338567804545164
