times:
  edit-metadata: 1.538886420428753
  landing: 0.8645918071269989
  view-data: 3.479023076593876
