times:
  edit-metadata: 1.4456233605742455
  landing: 0.9251123368740082
  view-data: 3.3256344199180603
