times:
  edit-metadata: 2.120250042527914
  landing: 1.5109803080558777
  view-data: 3.2971159368753433
