times:
  edit-metadata: 1.6351662576198578
  landing: 1.0348946824669838
  view-data: 3.4987298399209976
