times:
  edit-metadata: 1.5095032714307308
  landing: 0.889705516397953
  view-data: 3.326330926269293
