times:
  edit-metadata: 1.5832189843058586
  landing: 0.8550925701856613
  view-data: 3.4409942254424095
