times:
  edit-metadata: 1.55423092097044
  landing: 0.8730371445417404
  view-data: 3.4318649619817734
