times:
  edit-metadata: 1.5629453212022781
  landing: 1.026207096874714
  view-data: 3.4002406895160675
