times:
  edit-metadata: 1.480862870812416
  landing: 0.8401893451809883
  view-data: 3.3495528921484947
