times:
  edit-metadata: 1.9428455755114555
  landing: 1.2092893049120903
  view-data: 3.310922611504793
