times:
  edit-metadata: 1.5053502470254898
  landing: 1.0584194138646126
  view-data: 3.530404195189476
