times:
  edit-metadata: 1.4592021778225899
  landing: 0.97767473757267
  view-data: 3.396303318440914
