times:
  edit-metadata: 1.9671264663338661
  landing: 1.230369210243225
  view-data: 3.3835651576519012
