times:
  edit-metadata: 1.605370633304119
  landing: 1.0715331062674522
  view-data: 3.639815539121628
