times:
  edit-metadata: 1.608183741569519
  landing: 1.0032868310809135
  view-data: 3.3509295135736465
