times:
  edit-metadata: 1.5608772486448288
  landing: 0.9255049675703049
  view-data: 3.5064928829669952
