times:
  edit-metadata: 1.5583382546901703
  landing: 0.8704280853271484
  view-data: 3.4656514823436737
