times:
  edit-metadata: 1.6866259686648846
  landing: 1.0826136022806168
  view-data: 3.294236335903406
