times:
  edit-metadata: 1.4867356643080711
  landing: 0.883992537856102
  view-data: 3.518280230462551
