times:
  edit-metadata: 1.4778964072465897
  landing: 0.8973132893443108
  view-data: 3.3886674121022224
