times:
  edit-metadata: 1.5405244156718254
  landing: 1.0607060492038727
  view-data: 3.42067551612854
