times:
  edit-metadata: 1.4471222087740898
  landing: 0.8759778067469597
  view-data: 3.319830596446991
