times:
  edit-metadata: 1.4761594161391258
  landing: 0.9354320764541626
  view-data: 3.4879674091935158
