times:
  edit-metadata: 2.0895987451076508
  landing: 1.244809452444315
  view-data: 3.301370047032833
