times:
  edit-metadata: 1.6183092035353184
  landing: 1.1828263588249683
  view-data: 3.3575989864766598
