times:
  edit-metadata: 1.8328873924911022
  landing: 1.3813621550798416
  view-data: 3.272970199584961
