times:
  edit-metadata: 1.472999557852745
  landing: 0.886649563908577
  view-data: 3.4748645573854446
