times:
  edit-metadata: 1.8076412566006184
  landing: 1.5013434626162052
  view-data: 3.467146921902895
