times:
  edit-metadata: 1.4870665967464447
  landing: 1.025709293782711
  view-data: 3.453935354948044
