times:
  edit-metadata: 1.5176939740777016
  landing: 0.9778947234153748
  view-data: 3.2758431285619736
