times:
  edit-metadata: 2.033749833703041
  landing: 1.272971361875534
  view-data: 3.314686756581068
