times:
  edit-metadata: 1.4875101521611214
  landing: 0.9111643135547638
  view-data: 3.4422528818249702
