times:
  edit-metadata: 1.5835310071706772
  landing: 0.9920203760266304
  view-data: 3.6598586216568947
