times:
  edit-metadata: 1.8616355918347836
  landing: 1.0910470560193062
  view-data: 3.3780168555676937
