times:
  edit-metadata: 1.5131674483418465
  landing: 0.8936865925788879
  view-data: 3.4073645025491714
