times:
  edit-metadata: 2.864037748426199
  landing: 1.6878093406558037
  view-data: 3.344558075070381
