times:
  edit-metadata: 1.577777087688446
  landing: 0.9210553243756294
  view-data: 3.4622823894023895
