times:
  edit-metadata: 1.5914714559912682
  landing: 0.8715344816446304
  view-data: 3.3727551624178886
