times:
  edit-metadata: 1.6159446835517883
  landing: 1.1362168677151203
  view-data: 3.308097369968891
