times:
  edit-metadata: 1.5630216971039772
  landing: 0.9037981852889061
  view-data: 3.3185961470007896
