times:
  edit-metadata: 2.167894635349512
  landing: 1.3281299024820328
  view-data: 3.2702033035457134
