times:
  edit-metadata: 1.4618998914957047
  landing: 0.9090204313397408
  view-data: 3.498409315943718
