times:
  edit-metadata: 1.682425606995821
  landing: 1.2908432744443417
  view-data: 3.2945806458592415
