times:
  edit-metadata: 1.7965635284781456
  landing: 1.4924805499613285
  view-data: 3.4196860305964947
