times:
  edit-metadata: 1.964472435414791
  landing: 1.1239494606852531
  view-data: 3.3883036710321903
