times:
  edit-metadata: 1.4378789700567722
  landing: 0.8114073351025581
  view-data: 3.2530753389000893
