times:
  edit-metadata: 1.5026476383209229
  landing: 0.9652690887451172
  view-data: 3.331329084932804
