times:
  edit-metadata: 1.5928493961691856
  landing: 1.1852213367819786
  view-data: 3.444366104900837
