times:
  edit-metadata: 1.6148042492568493
  landing: 0.9848824068903923
  view-data: 3.3322579190135
