times:
  edit-metadata: 1.52384552359581
  landing: 0.8336524963378906
  view-data: 3.5062390714883804
