times:
  edit-metadata: 2.5429986864328384
  landing: 2.2702164500951767
  view-data: 3.772681273519993
