times:
  edit-metadata: 1.747922096401453
  landing: 1.2208927012979984
  view-data: 3.2749744951725006
