times:
  edit-metadata: 1.6011939719319344
  landing: 0.9235827624797821
  view-data: 3.493589498102665
