times:
  edit-metadata: 1.5742289535701275
  landing: 1.2022164314985275
  view-data: 3.2902621515095234
