times:
  edit-metadata: 1.510039072483778
  landing: 0.9444341249763966
  view-data: 3.3552324771881104
