times:
  edit-metadata: 1.5606605783104897
  landing: 1.1945961862802505
  view-data: 3.515639990568161
