times:
  edit-metadata: 1.5165835469961166
  landing: 0.8482988849282265
  view-data: 3.518085330724716
