times:
  edit-metadata: 1.4119565412402153
  landing: 0.8854451552033424
  view-data: 3.474815346300602
