times:
  edit-metadata: 1.6005862429738045
  landing: 0.8798989839851856
  view-data: 3.274526845663786
