times:
  edit-metadata: 1.9728452078998089
  landing: 1.3946405835449696
  view-data: 3.3047038801014423
