times:
  edit-metadata: 1.4887182265520096
  landing: 0.9641411826014519
  view-data: 3.2519171983003616
