times:
  edit-metadata: 1.5011932626366615
  landing: 0.9536389410495758
  view-data: 3.463565856218338
