times:
  edit-metadata: 1.518448956310749
  landing: 0.8398349210619926
  view-data: 3.469898909330368
