times:
  edit-metadata: 1.4901366382837296
  landing: 0.8695336207747459
  view-data: 3.457903854548931
