times:
  edit-metadata: 1.525011569261551
  landing: 0.8256812319159508
  view-data: 3.472121976315975
