times:
  edit-metadata: 1.5951651856303215
  landing: 0.947641409933567
  view-data: 3.2466911226511
