times:
  edit-metadata: 2.1140929497778416
  landing: 1.311728361994028
  view-data: 3.2937367260456085
