times:
  edit-metadata: 1.572925578802824
  landing: 1.2282779850065708
  view-data: 3.2994871623814106
