times:
  edit-metadata: 1.964012186974287
  landing: 1.329844892024994
  view-data: 3.353514201939106
