times:
  edit-metadata: 1.6343930326402187
  landing: 1.0435974784195423
  view-data: 3.255150567740202
