times:
  edit-metadata: 1.5833923071622849
  landing: 0.9926228001713753
  view-data: 3.312389962375164
