times:
  edit-metadata: 1.670563019812107
  landing: 0.9399003311991692
  view-data: 3.354012042284012
