times:
  edit-metadata: 1.9697077982127666
  landing: 1.411152970045805
  view-data: 3.302080202847719
