times:
  edit-metadata: 1.5275415629148483
  landing: 0.8917369320988655
  view-data: 3.4700939804315567
