times:
  edit-metadata: 1.9780045822262764
  landing: 1.2714381255209446
  view-data: 3.3792500868439674
