times:
  edit-metadata: 1.5732714980840683
  landing: 0.9311586692929268
  view-data: 3.4330567568540573
