times:
  edit-metadata: 1.5957911685109138
  landing: 0.9318080767989159
  view-data: 3.4360891729593277
