times:
  edit-metadata: 2.1410096026957035
  landing: 1.6007915809750557
  view-data: 3.337767168879509
