times:
  edit-metadata: 1.3771967217326164
  landing: 0.8238579332828522
  view-data: 3.29681596159935
