times:
  edit-metadata: 1.606871847063303
  landing: 0.9291505441069603
  view-data: 3.3304480835795403
