times:
  edit-metadata: 1.4546791687607765
  landing: 0.7424421384930611
  view-data: 3.405984230339527
