times:
  edit-metadata: 1.610409177839756
  landing: 1.0343599542975426
  view-data: 3.311339780688286
