times:
  edit-metadata: 1.4904440343379974
  landing: 0.740015983581543
  view-data: 3.4402005076408386
