times:
  edit-metadata: 1.6721001341938972
  landing: 0.9055384993553162
  view-data: 3.4744757637381554
