times:
  edit-metadata: 1.5201168581843376
  landing: 0.842851884663105
  view-data: 3.4916811287403107
