times:
  edit-metadata: 1.5026362538337708
  landing: 0.7914708256721497
  view-data: 3.4166684821248055
