times:
  edit-metadata: 1.3539995178580284
  landing: 0.801514994353056
  view-data: 3.364160228520632
