times:
  edit-metadata: 1.8391312509775162
  landing: 1.1243609711527824
  view-data: 3.3248046785593033
