times:
  edit-metadata: 1.8222055211663246
  landing: 1.028974287211895
  view-data: 3.5098322704434395
