times:
  edit-metadata: 1.4710986353456974
  landing: 0.8199604973196983
  view-data: 3.2982910089194775
