times:
  edit-metadata: 1.72685931250453
  landing: 1.0143046900629997
  view-data: 3.297607693821192
