times:
  edit-metadata: 1.4494403824210167
  landing: 0.6839705109596252
  view-data: 3.3896416053175926
