times:
  edit-metadata: 1.499100275337696
  landing: 0.7782323211431503
  view-data: 3.3292094692587852
