times:
  edit-metadata: 1.4950814098119736
  landing: 0.729291170835495
  view-data: 3.4431428238749504
