times:
  edit-metadata: 1.4547636955976486
  landing: 0.8444470018148422
  view-data: 3.3385704457759857
