times:
  edit-metadata: 1.416715256869793
  landing: 0.7456018403172493
  view-data: 3.2655810341238976
