times:
  edit-metadata: 1.4159312024712563
  landing: 0.7268768325448036
  view-data: 3.4455598667263985
