times:
  edit-metadata: 1.5373468846082687
  landing: 0.6922021768987179
  view-data: 3.3401337675750256
