times:
  edit-metadata: 1.434132419526577
  landing: 0.7272867932915688
  view-data: 3.5129169896245003
