times:
  edit-metadata: 1.3939532339572906
  landing: 0.8972294256091118
  view-data: 3.2869568541646004
