times:
  edit-metadata: 2.0882709845900536
  landing: 1.1960235983133316
  view-data: 3.660593330860138
