times:
  edit-metadata: 1.497700922191143
  landing: 0.8299173712730408
  view-data: 3.2969737127423286
