times:
  edit-metadata: 2.730432190001011
  landing: 1.2061977535486221
  view-data: 3.791829101741314
