times:
  edit-metadata: 1.4930459335446358
  landing: 0.7275808304548264
  view-data: 3.4861499592661858
