times:
  edit-metadata: 1.3959433361887932
  landing: 0.7879611924290657
  view-data: 3.333734780550003
