times:
  edit-metadata: 1.4507827088236809
  landing: 0.8007765635848045
  view-data: 3.4889799654483795
