times:
  edit-metadata: 1.8175066858530045
  landing: 1.1096505224704742
  view-data: 3.5237372294068336
