times:
  edit-metadata: 1.5201324336230755
  landing: 0.8129976503551006
  view-data: 3.317298423498869
