times:
  edit-metadata: 1.5611304640769958
  landing: 0.9306785985827446
  view-data: 3.3092048093676567
