times:
  edit-metadata: 1.4183245785534382
  landing: 0.7989672869443893
  view-data: 3.2939619570970535
