times:
  edit-metadata: 1.4646560922265053
  landing: 0.7999393194913864
  view-data: 3.438018888235092
