times:
  edit-metadata: 1.466696284711361
  landing: 0.8735391721129417
  view-data: 3.574754349887371
