times:
  edit-metadata: 1.4734638296067715
  landing: 0.7121280655264854
  view-data: 3.3481133580207825
