times:
  edit-metadata: 1.5236498601734638
  landing: 0.8407589942216873
  view-data: 3.314957555383444
