times:
  edit-metadata: 1.4565999284386635
  landing: 0.8218359053134918
  view-data: 3.39339217543602
