times:
  edit-metadata: 1.507117711007595
  landing: 0.8006103858351707
  view-data: 3.4727507308125496
