times:
  edit-metadata: 1.5349902212619781
  landing: 0.858782235532999
  view-data: 3.366239871829748
