times:
  edit-metadata: 1.4401009008288383
  landing: 0.803551159799099
  view-data: 3.428809903562069
