times:
  edit-metadata: 1.2916174456477165
  landing: 0.7541763111948967
  view-data: 3.4817411229014397
