times:
  edit-metadata: 1.500993274152279
  landing: 0.7509595304727554
  view-data: 3.5807299092411995
