times:
  edit-metadata: 1.382728062570095
  landing: 0.9153581857681274
  view-data: 3.28495454788208
