times:
  edit-metadata: 1.4801125451922417
  landing: 0.8612533360719681
  view-data: 3.30862732604146
