times:
  edit-metadata: 1.3663097247481346
  landing: 1.0386297032237053
  view-data: 3.491514891386032
