times:
  edit-metadata: 1.3997462391853333
  landing: 0.852582298219204
  view-data: 3.360994305461645
