times:
  edit-metadata: 1.5154116228222847
  landing: 0.8083303049206734
  view-data: 3.337578646838665
