times:
  edit-metadata: 1.3441752344369888
  landing: 0.7603703960776329
  view-data: 3.4920584335923195
