times:
  edit-metadata: 1.4177454933524132
  landing: 0.849065363407135
  view-data: 3.470826171338558
