times:
  edit-metadata: 1.403658203780651
  landing: 0.709479495882988
  view-data: 3.494329944252968
