times:
  edit-metadata: 1.4655814953148365
  landing: 0.7982586286962032
  view-data: 3.3671974800527096
