times:
  edit-metadata: 1.5053749307990074
  landing: 0.7598481141030788
  view-data: 3.437285605818033
