times:
  edit-metadata: 1.4409842863678932
  landing: 0.7856323942542076
  view-data: 3.2588610276579857
