times:
  edit-metadata: 1.3943911977112293
  landing: 0.7203846946358681
  view-data: 3.3077627047896385
