times:
  edit-metadata: 1.5052249506115913
  landing: 0.8173820301890373
  view-data: 3.452723354101181
