times:
  edit-metadata: 1.5087987631559372
  landing: 0.8880836144089699
  view-data: 3.365911975502968
