times:
  edit-metadata: 2.088957354426384
  landing: 1.1077197790145874
  view-data: 3.4453905150294304
