times:
  edit-metadata: 1.4926419109106064
  landing: 0.6852394565939903
  view-data: 3.428397886455059
