times:
  edit-metadata: 1.360948659479618
  landing: 0.7784512937068939
  view-data: 3.4658122211694717
