times:
  edit-metadata: 1.3509399257600307
  landing: 0.8764190413057804
  view-data: 3.2818135507404804
