times:
  edit-metadata: 1.542071457952261
  landing: 0.7916283272206783
  view-data: 3.3746953904628754
