times:
  edit-metadata: 1.4573865123093128
  landing: 0.7734056711196899
  view-data: 3.3093515634536743
