times:
  edit-metadata: 1.3963249921798706
  landing: 0.80731001496315
  view-data: 3.5129675418138504
