times:
  edit-metadata: 1.4486750550568104
  landing: 0.81938062235713
  view-data: 3.3180454820394516
