times:
  edit-metadata: 1.4887642040848732
  landing: 0.8308107405900955
  view-data: 3.3397718220949173
