times:
  edit-metadata: 1.373092856258154
  landing: 0.8075613901019096
  view-data: 3.2955892980098724
