times:
  edit-metadata: 1.3592683970928192
  landing: 0.7411262914538383
  view-data: 3.4331576451659203
