times:
  edit-metadata: 1.4919020608067513
  landing: 0.8031928241252899
  view-data: 3.3863261230289936
