times:
  edit-metadata: 1.5333702340722084
  landing: 0.8025075644254684
  view-data: 3.356302261352539
