times:
  edit-metadata: 1.4721543416380882
  landing: 0.8543333522975445
  view-data: 3.2951521947979927
