times:
  edit-metadata: 1.5075349882245064
  landing: 0.7369813174009323
  view-data: 3.476005032658577
