times:
  edit-metadata: 1.8216816782951355
  landing: 0.7821523770689964
  view-data: 3.2988721504807472
