times:
  edit-metadata: 1.7135735601186752
  landing: 0.91001957654953
  view-data: 3.3261439949274063
