times:
  edit-metadata: 1.416644647717476
  landing: 0.8498304486274719
  view-data: 3.4202550277113914
