times:
  edit-metadata: 1.3975364528596401
  landing: 0.790529802441597
  view-data: 3.2957295775413513
