times:
  edit-metadata: 1.5185631066560745
  landing: 0.8241111859679222
  view-data: 3.3551927506923676
