times:
  edit-metadata: 1.5561261847615242
  landing: 0.7359916716814041
  view-data: 3.4932395294308662
