times:
  edit-metadata: 1.337777242064476
  landing: 0.7990341931581497
  view-data: 0.4921301230788231
