times:
  edit-metadata: 1.531765952706337
  landing: 0.8512547090649605
  view-data: 3.536179132759571
