times:
  edit-metadata: 1.5284341797232628
  landing: 0.831884115934372
  view-data: 3.396311230957508
