times:
  edit-metadata: 1.4707340002059937
  landing: 0.7320649772882462
  view-data: 3.2750734724104404
