times:
  edit-metadata: 1.5951841846108437
  landing: 0.8911494240164757
  view-data: 3.5147842094302177
