times:
  edit-metadata: 1.6176578402519226
  landing: 0.870133750140667
  view-data: 3.354706220328808
