times:
  edit-metadata: 1.4803597405552864
  landing: 0.8085386678576469
  view-data: 3.3372862711548805
