times:
  edit-metadata: 1.4363383054733276
  landing: 0.7134768217802048
  view-data: 3.3519427590072155
