times:
  edit-metadata: 1.4871690347790718
  landing: 0.7703104391694069
  view-data: 3.3657923713326454
