times:
  edit-metadata: 1.4518130905926228
  landing: 0.9685160741209984
  view-data: 3.295164491981268
