times:
  edit-metadata: 1.3860839530825615
  landing: 0.824543759226799
  view-data: 3.5282145515084267
