times:
  edit-metadata: 1.4230051785707474
  landing: 0.7592319473624229
  view-data: 3.5680572018027306
