times:
  edit-metadata: 1.4187728017568588
  landing: 0.7888337597250938
  view-data: 3.462338149547577
