times:
  edit-metadata: 1.3735907152295113
  landing: 0.9062513560056686
  view-data: 3.524733431637287
