times:
  edit-metadata: 1.4483635053038597
  landing: 0.7961429208517075
  view-data: 3.289911665022373
