times:
  edit-metadata: 1.4173132628202438
  landing: 0.7495482414960861
  view-data: 3.4290961548686028
