times:
  edit-metadata: 1.4485173672437668
  landing: 0.7063105776906013
  view-data: 3.477322205901146
