times:
  edit-metadata: 1.4207943603396416
  landing: 0.7194770723581314
  view-data: 3.5284498035907745
