times:
  edit-metadata: 1.3899794891476631
  landing: 0.7836647555232048
  view-data: 3.566267617046833
