times:
  edit-metadata: 1.395368903875351
  landing: 0.7017867714166641
  view-data: 3.4409852772951126
