times:
  edit-metadata: 1.4800835214555264
  landing: 0.7270078547298908
  view-data: 3.2846150882542133
