times:
  edit-metadata: 1.4259385094046593
  landing: 0.8249967694282532
  view-data: 3.269507709890604
