times:
  edit-metadata: 1.713940016925335
  landing: 0.8576684147119522
  view-data: 3.3021001368761063
