times:
  edit-metadata: 2.1969584226608276
  landing: 1.0537943579256535
  view-data: 3.390958122909069
