times:
  edit-metadata: 1.5570298954844475
  landing: 4.988235734403133
  view-data: 3.5180013477802277
