times:
  edit-metadata: 1.4124563336372375
  landing: 0.7814929112792015
  view-data: 3.4989654272794724
