times:
  edit-metadata: 1.3678152412176132
  landing: 0.7990943267941475
  view-data: 3.495171904563904
