times:
  edit-metadata: 1.52485715970397
  landing: 0.8036544695496559
  view-data: 3.3678761199116707
