times:
  edit-metadata: 1.5268623679876328
  landing: 0.7778781726956367
  view-data: 3.2918483279645443
