times:
  edit-metadata: 1.4041017927229404
  landing: 0.6999287903308868
  view-data: 3.2861932404339314
