times:
  edit-metadata: 1.616299845278263
  landing: 0.9432310983538628
  view-data: 3.3805335499346256
