times:
  edit-metadata: 1.423077117651701
  landing: 0.796271238476038
  view-data: 3.328884683549404
