times:
  edit-metadata: 1.3891470059752464
  landing: 0.7894100025296211
  view-data: 3.4288316816091537
