times:
  edit-metadata: 1.457826405763626
  landing: 0.7032404392957687
  view-data: 3.502574287354946
