times:
  edit-metadata: 1.4530914910137653
  landing: 0.8783320002257824
  view-data: 3.335618294775486
