times:
  edit-metadata: 1.4777902141213417
  landing: 1.1397750973701477
  view-data: 3.348315868526697
