times:
  edit-metadata: 1.6975950188934803
  landing: 1.0416054725646973
  view-data: 3.3144918493926525
