times:
  edit-metadata: 1.4057026281952858
  landing: 1.3295195437967777
  view-data: 3.3621695302426815
