times:
  edit-metadata: 1.6409057974815369
  landing: 0.8020626157522202
  view-data: 3.4412641674280167
