times:
  edit-metadata: 1.621015526354313
  landing: 1.3081074245274067
  view-data: 3.3263238482177258
