times:
  edit-metadata: 1.4463846385478973
  landing: 0.7362257391214371
  view-data: 3.2765730544924736
