times:
  edit-metadata: 1.3466396406292915
  landing: 0.740797147154808
  view-data: 3.3088943287730217
