times:
  edit-metadata: 1.5186936035752296
  landing: 0.8180536180734634
  view-data: 3.38731524720788
