times:
  edit-metadata: 2.489968031644821
  landing: 1.6475974172353745
  view-data: 3.683693327009678
