times:
  edit-metadata: 1.5334555730223656
  landing: 0.7465319558978081
  view-data: 3.505212865769863
