times:
  edit-metadata: 1.4124835431575775
  landing: 0.7302721180021763
  view-data: 3.3267080523073673
