times:
  edit-metadata: 1.5182029455900192
  landing: 0.8196667730808258
  view-data: 3.294324405491352
