times:
  edit-metadata: 1.5471463054418564
  landing: 0.818510465323925
  view-data: 3.5704192221164703
