times:
  edit-metadata: 1.5328109487891197
  landing: 0.8033873662352562
  view-data: 3.541921891272068
