times:
  edit-metadata: 1.6693886406719685
  landing: 1.092615321278572
  view-data: 3.3157880678772926
