times:
  edit-metadata: 1.5448590219020844
  landing: 0.8478183969855309
  view-data: 3.400935024023056
