times:
  edit-metadata: 1.3697472587227821
  landing: 0.6786728799343109
  view-data: 3.4230410382151604
