times:
  edit-metadata: 1.5595740787684917
  landing: 0.8183223940432072
  view-data: 3.317170914262533
