times:
  edit-metadata: 1.4005459435284138
  landing: 0.799593161791563
  view-data: 3.40161307528615
