times:
  edit-metadata: 1.4258587956428528
  landing: 0.7891702875494957
  view-data: 3.4878812059760094
