times:
  edit-metadata: 1.549698419868946
  landing: 0.8524895161390305
  view-data: 3.353999737650156
