times:
  edit-metadata: 1.3879044577479362
  landing: 0.6741369068622589
  view-data: 3.4886549189686775
