times:
  edit-metadata: 1.4940484687685966
  landing: 0.920942522585392
  view-data: 3.5513694807887077
