times:
  edit-metadata: 1.5727800652384758
  landing: 0.8404452204704285
  view-data: 3.530375361442566
