times:
  edit-metadata: 1.5145299062132835
  landing: 0.7798199728131294
  view-data: 3.533221833407879
