times:
  edit-metadata: 1.3852283284068108
  landing: 0.7577946707606316
  view-data: 3.3586172200739384
