times:
  edit-metadata: 1.4524541795253754
  landing: 0.9290656484663486
  view-data: 3.3714246600866318
