times:
  edit-metadata: 1.505812905728817
  landing: 0.7187944278120995
  view-data: 3.501275509595871
