times:
  edit-metadata: 1.524257279932499
  landing: 0.8622840009629726
  view-data: 3.3723056949675083
