times:
  edit-metadata: 1.4247069582343102
  landing: 0.8472102358937263
  view-data: 3.4688652232289314
