times:
  edit-metadata: 1.396117139607668
  landing: 0.8804077953100204
  view-data: 3.339947819709778
