times:
  edit-metadata: 1.4430514052510262
  landing: 0.7311806231737137
  view-data: 3.4171464443206787
