times:
  edit-metadata: 1.5947107151150703
  landing: 0.8088935166597366
  view-data: 0.47519345581531525
