times:
  edit-metadata: 1.4233935475349426
  landing: 0.8085733130574226
  view-data: 3.436094790697098
