times:
  edit-metadata: 1.516140565276146
  landing: 0.8431264497339725
  view-data: 3.333169635385275
