times:
  edit-metadata: 1.3920291438698769
  landing: 0.7785173133015633
  view-data: 3.3249411210417747
