times:
  edit-metadata: 1.4528873637318611
  landing: 0.8378125950694084
  view-data: 3.316384568810463
