times:
  edit-metadata: 1.516209326684475
  landing: 0.7725807726383209
  view-data: 3.441997766494751
