times:
  edit-metadata: 1.4389476478099823
  landing: 0.820907711982727
  view-data: 3.509450674057007
