times:
  edit-metadata: 1.3163494020700455
  landing: 0.7244541868567467
  view-data: 3.5266412645578384
