times:
  edit-metadata: 1.434238687157631
  landing: 0.7647238001227379
  view-data: 3.4638365134596825
