times:
  edit-metadata: 1.5891085378825665
  landing: 0.8680331148207188
  view-data: 3.4095623083412647
