times:
  edit-metadata: 1.4034781530499458
  landing: 0.7061531022191048
  view-data: 3.3010071590542793
