times:
  edit-metadata: 2.296408385038376
  landing: 0.9967701584100723
  view-data: 3.7476136907935143
