times:
  edit-metadata: 1.4077105894684792
  landing: 0.7646881937980652
  view-data: 3.375787690281868
