times:
  edit-metadata: 1.4037501588463783
  landing: 1.0565424039959908
  view-data: 3.487010233104229
