times:
  edit-metadata: 1.458521768450737
  landing: 0.7910506799817085
  view-data: 3.4503616243600845
