times:
  edit-metadata: 1.5625167563557625
  landing: 0.8848486095666885
  view-data: 3.5251096710562706
