times:
  edit-metadata: 1.4506627544760704
  landing: 0.7552229687571526
  view-data: 3.410454660654068
