times:
  edit-metadata: 1.4843724593520164
  landing: 0.7802810072898865
  view-data: 3.327427662909031
