times:
  edit-metadata: 1.4270480424165726
  landing: 0.8031144365668297
  view-data: 3.4715403020381927
