times:
  edit-metadata: 1.466476358473301
  landing: 0.7912184074521065
  view-data: 3.4713414013385773
