times:
  edit-metadata: 1.4370927289128304
  landing: 0.7458385899662971
  view-data: 3.519503638148308
