times:
  edit-metadata: 1.43124570697546
  landing: 0.7599793523550034
  view-data: 3.4594408720731735
