times:
  edit-metadata: 1.478947751224041
  landing: 0.7197363898158073
  view-data: 3.443084828555584
