times:
  edit-metadata: 1.4637629687786102
  landing: 0.7678158059716225
  view-data: 3.407543458044529
