times:
  edit-metadata: 1.4952494017779827
  landing: 0.8259136863052845
  view-data: 3.3650358840823174
