times:
  edit-metadata: 1.48179442435503
  landing: 0.7276325151324272
  view-data: 3.43119528144598
