times:
  edit-metadata: 1.4188482537865639
  landing: 0.8326056748628616
  view-data: 3.316394753754139
