times:
  edit-metadata: 1.5508341863751411
  landing: 0.7840288206934929
  view-data: 3.6611103489995003
