times:
  edit-metadata: 1.5050480514764786
  landing: 1.3203150555491447
  view-data: 3.788807339966297
