times:
  edit-metadata: 1.5461365953087807
  landing: 1.106019765138626
  view-data: 3.4212586358189583
