times:
  edit-metadata: 1.4151994660496712
  landing: 0.7259470745921135
  view-data: 3.423762358725071
