times:
  edit-metadata: 1.5054515302181244
  landing: 0.7817883417010307
  view-data: 3.531124100089073
