times:
  edit-metadata: 1.5180561318993568
  landing: 0.7535893991589546
  view-data: 3.4602544754743576
