times:
  edit-metadata: 1.848537139594555
  landing: 1.0600223615765572
  view-data: 3.681571364402771
