times:
  edit-metadata: 1.8341932408511639
  landing: 1.217530369758606
  view-data: 3.4509210512042046
