times:
  edit-metadata: 1.6901452019810677
  landing: 1.038507528603077
  view-data: 3.467837229371071
