times:
  edit-metadata: 1.421105019748211
  landing: 0.8074293360114098
  view-data: 3.4468529671430588
