times:
  edit-metadata: 1.4787470623850822
  landing: 0.7786981761455536
  view-data: 3.5025055333971977
