times:
  edit-metadata: 1.4357524812221527
  landing: 0.8662011176347733
  view-data: 3.314646251499653
