times:
  edit-metadata: 1.4720580950379372
  landing: 0.8045707643032074
  view-data: 3.3989183828234673
