times:
  edit-metadata: 1.4053119122982025
  landing: 0.7389641478657722
  view-data: 3.3077177926898003
