times:
  edit-metadata: 1.5606576427817345
  landing: 0.8770418912172318
  view-data: 3.3091233372688293
