times:
  edit-metadata: 1.5107022896409035
  landing: 0.6970171853899956
  view-data: 3.4685684517025948
