times:
  edit-metadata: 1.3585465922951698
  landing: 0.7334273606538773
  view-data: 3.449197731912136
