times:
  edit-metadata: 1.4789824709296227
  landing: 0.8413573801517487
  view-data: 3.4736216217279434
