times:
  edit-metadata: 1.3753886818885803
  landing: 0.7402383461594582
  view-data: 3.513454020023346
