times:
  edit-metadata: 1.433258131146431
  landing: 0.7372123375535011
  view-data: 3.505388855934143
