times:
  edit-metadata: 1.4556634202599525
  landing: 0.8044776767492294
  view-data: 3.4880488365888596
