times:
  edit-metadata: 1.3736127242445946
  landing: 0.7665425762534142
  view-data: 3.5530450269579887
