times:
  edit-metadata: 1.424490049481392
  landing: 0.6932109817862511
  view-data: 3.41494707018137
