times:
  edit-metadata: 1.7259710654616356
  landing: 0.808984249830246
  view-data: 3.347061865031719
