times:
  edit-metadata: 2.0034120678901672
  landing: 1.0659783631563187
  view-data: 3.331803932785988
