times:
  edit-metadata: 1.5779191479086876
  landing: 0.8440400287508965
  view-data: 3.289619892835617
