times:
  edit-metadata: 1.3824355378746986
  landing: 0.7397086508572102
  view-data: 3.292824525386095
