times:
  edit-metadata: 1.4180173948407173
  landing: 0.8167682886123657
  view-data: 3.404409743845463
