times:
  edit-metadata: 1.5847191885113716
  landing: 0.7519152089953423
  view-data: 3.4317390769720078
