times:
  edit-metadata: 1.6287807151675224
  landing: 0.7299099937081337
  view-data: 3.435248665511608
