times:
  edit-metadata: 1.4575089290738106
  landing: 0.7262194827198982
  view-data: 3.4961566478013992
