times:
  edit-metadata: 1.3743033334612846
  landing: 0.7334631308913231
  view-data: 3.38958228379488
