times:
  edit-metadata: 1.3266025185585022
  landing: 0.69505774974823
  view-data: 3.3926487490534782
