times:
  edit-metadata: 1.6900186240673065
  landing: 1.0084419697523117
  view-data: 3.37137783318758
