times:
  edit-metadata: 1.3616989478468895
  landing: 0.8092411383986473
  view-data: 3.2761299945414066
