times:
  edit-metadata: 1.432518944144249
  landing: 0.81622713804245
  view-data: 3.5136862695217133
