times:
  edit-metadata: 1.6511307582259178
  landing: 0.8760446794331074
  view-data: 3.336988151073456
