times:
  edit-metadata: 1.4582615718245506
  landing: 0.7904332429170609
  view-data: 3.701293282210827
