times:
  edit-metadata: 1.3231160193681717
  landing: 0.741811990737915
  view-data: 3.2976745516061783
