times:
  edit-metadata: 1.4482402950525284
  landing: 0.8155983611941338
  view-data: 3.5652906373143196
