times:
  edit-metadata: 1.3627434372901917
  landing: 0.771919921040535
  view-data: 3.3705586716532707
