times:
  edit-metadata: 1.5260982513427734
  landing: 0.7588935792446136
  view-data: 3.49989552795887
