times:
  edit-metadata: 1.4692450612783432
  landing: 0.9063063785433769
  view-data: 3.534372329711914
