times:
  edit-metadata: 1.561925731599331
  landing: 0.7768925949931145
  view-data: 3.4716275706887245
