times:
  edit-metadata: 1.5697866827249527
  landing: 0.8628196567296982
  view-data: 3.2961896993219852
