times:
  edit-metadata: 1.436658851802349
  landing: 0.7779180482029915
  view-data: 3.403673395514488
