times:
  edit-metadata: 2.1561736539006233
  landing: 1.1648748591542244
  view-data: 3.508817285299301
