times:
  edit-metadata: 1.3772905990481377
  landing: 0.7064506560564041
  view-data: 3.48109882324934
