times:
  edit-metadata: 1.97022844851017
  landing: 1.178875058889389
  view-data: 3.3847902417182922
