times:
  edit-metadata: 1.5393993705511093
  landing: 0.9173850975930691
  view-data: 3.2932198606431484
