times:
  edit-metadata: 1.354090727865696
  landing: 0.8534721955657005
  view-data: 3.46119237691164
