times:
  edit-metadata: 1.4457688480615616
  landing: 0.9083962291479111
  view-data: 3.5028538033366203
