times:
  edit-metadata: 1.4784866571426392
  landing: 0.7577806562185287
  view-data: 3.4379630386829376
