times:
  edit-metadata: 1.5102909281849861
  landing: 0.7135458067059517
  view-data: 3.5444171726703644
