times:
  edit-metadata: 1.7173421159386635
  landing: 0.740747444331646
  view-data: 3.2535958737134933
