times:
  edit-metadata: 1.975113920867443
  landing: 1.158225603401661
  view-data: 3.2923931032419205
