times:
  edit-metadata: 1.534340888261795
  landing: 0.7616380974650383
  view-data: 3.585161529481411
