times:
  edit-metadata: 1.4934431053698063
  landing: 0.8492064289748669
  view-data: 3.305954910814762
