times:
  edit-metadata: 1.5951157547533512
  landing: 0.8523683622479439
  view-data: 3.3322827257215977
