times:
  edit-metadata: 1.476898156106472
  landing: 0.9462098926305771
  view-data: 3.7141313329339027
