times:
  edit-metadata: 1.3517058715224266
  landing: 0.791711688041687
  view-data: 3.2779105082154274
