times:
  edit-metadata: 1.4746393412351608
  landing: 1.0220395028591156
  view-data: 3.6605524346232414
