times:
  edit-metadata: 2.2817259430885315
  landing: 1.409058302640915
  view-data: 3.5452004075050354
