times:
  edit-metadata: 1.3812478855252266
  landing: 0.7439450100064278
  view-data: 3.2936836257576942
