times:
  edit-metadata: 1.3893087431788445
  landing: 0.8210413828492165
  view-data: 3.4346097633242607
