times:
  edit-metadata: 1.5500392690300941
  landing: 0.9322239756584167
  view-data: 3.3065769262611866
