times:
  edit-metadata: 3.328269138932228
  landing: 1.7851105481386185
  view-data: 4.225658893585205
