times:
  edit-metadata: 1.4567632526159286
  landing: 0.870357908308506
  view-data: 3.4129476249217987
