times:
  edit-metadata: 1.4531774669885635
  landing: 0.7747101932764053
  view-data: 3.4933479204773903
