times:
  edit-metadata: 1.708518698811531
  landing: 1.140691477805376
  view-data: 3.330661606043577
