times:
  edit-metadata: 1.5830050259828568
  landing: 0.7707924917340279
  view-data: 3.439479239284992
