times:
  edit-metadata: 1.404850535094738
  landing: 0.7784994095563889
  view-data: 3.4580167904496193
