times:
  edit-metadata: 1.4326504096388817
  landing: 0.6832468137145042
  view-data: 3.427226670086384
