times:
  edit-metadata: 1.5107987225055695
  landing: 0.7880744636058807
  view-data: 3.297661282122135
