times:
  edit-metadata: 1.7897359132766724
  landing: 0.9496928453445435
  view-data: 3.801684521138668
