times:
  edit-metadata: 1.3102689422667027
  landing: 0.8104424998164177
  view-data: 3.3471407555043697
