times:
  edit-metadata: 1.4078658521175385
  landing: 0.7088916227221489
  view-data: 3.431936651468277
