times:
  edit-metadata: 1.5707450285553932
  landing: 0.9048069044947624
  view-data: 3.5285607874393463
