times:
  edit-metadata: 1.4728400111198425
  landing: 0.8808564692735672
  view-data: 3.5981470122933388
