times:
  edit-metadata: 1.502519890666008
  landing: 0.7838708460330963
  view-data: 3.328192599117756
