times:
  edit-metadata: 1.6275954470038414
  landing: 0.7909087836742401
  view-data: 3.4164052680134773
