times:
  edit-metadata: 1.4841428361833096
  landing: 0.7694671228528023
  view-data: 3.288956969976425
