times:
  edit-metadata: 1.4858546704053879
  landing: 0.9120504781603813
  view-data: 3.3237253203988075
