times:
  edit-metadata: 1.7721101120114326
  landing: 1.0754871666431427
  view-data: 3.3251557648181915
