times:
  edit-metadata: 1.3928795754909515
  landing: 0.7976816296577454
  view-data: 3.3408128693699837
