times:
  edit-metadata: 1.4381543174386024
  landing: 0.8735077604651451
  view-data: 3.349868346005678
