times:
  edit-metadata: 1.6722137331962585
  landing: 0.9454112611711025
  view-data: 3.32975272834301
