times:
  edit-metadata: 1.5507363975048065
  landing: 0.841870691627264
  view-data: 3.3189481757581234
