times:
  edit-metadata: 1.4422693252563477
  landing: 0.729676716029644
  view-data: 3.3941820487380028
