times:
  edit-metadata: 1.6522345021367073
  landing: 0.8098694980144501
  view-data: 3.476982444524765
