times:
  edit-metadata: 1.5818260461091995
  landing: 0.8883081823587418
  view-data: 3.394470915198326
