times:
  edit-metadata: 1.345411330461502
  landing: 0.8015451356768608
  view-data: 3.4490413814783096
