times:
  edit-metadata: 1.3585272310301661
  landing: 0.11590930353850126
  view-data: 0.025524530559778214
