times:
  edit-metadata: 0.5597126083448529
  landing: 0.0664469706825912
  view-data: 0.22530186222866178
