times:
  edit-metadata: 1.5220248624682426
  landing: 0.8981857448816299
  view-data: 3.4224115535616875
