times:
  edit-metadata: 1.3576686065644026
  landing: 0.020463692024350166
  view-data: 0.13843686785548925
