times:
  edit-metadata: 0.4830359979532659
  landing: 0.053127747029066086
  view-data: 0.18983050202950835
