times:
  edit-metadata: 1.5212305672466755
  landing: 0.8335640281438828
  view-data: 3.3408447578549385
