times:
  edit-metadata: 0.5002775930333883
  landing: 0.04865518189035356
  view-data: 0.18390753283165395
