times:
  edit-metadata: 0.5060562938451767
  landing: 0.06879552593454719
  view-data: 0.21581966499798
