times:
  edit-metadata: 1.3656700598075986
  landing: 0.02289900090545416
  view-data: 0.02506082598119974
