times:
  edit-metadata: 1.5611789859831333
  landing: 0.8696369342505932
  view-data: 3.30731263756752
