times:
  edit-metadata: 1.3517919592559338
  landing: 0.1557397674769163
  view-data: 0.20305346883833408
