times:
  edit-metadata: 0.6486999790067784
  landing: 0.05427382298512384
  view-data: 0.2305475259781815
