times:
  edit-metadata: 0.4750049998983741
  landing: 0.04459921782836318
  view-data: 0.19436043361201882
