times:
  edit-metadata: 1.4600675236433744
  landing: 0.7824127301573753
  view-data: 3.3302074559032917
