times:
  edit-metadata: 1.3488934002816677
  landing: 0.09609844069927931
  view-data: 0.0263745142146945
