times:
  edit-metadata: 1.6254089996218681
  landing: 0.2574433460831642
  view-data: 0.40503885969519615
