times:
  edit-metadata: 1.4175554448738694
  landing: 0.1264015082269907
  view-data: 0.11709083057940006
