times:
  edit-metadata: 1.444987048394978
  landing: 0.9853945635259151
  view-data: 3.29068813752383
