times:
  edit-metadata: 0.4831426558084786
  landing: 0.049060778226703405
  view-data: 0.19176230672746897
