times:
  edit-metadata: 1.3851989470422268
  landing: 0.8406400792300701
  view-data: 3.3458828032016754
