times:
  edit-metadata: 1.5534393712878227
  landing: 0.8154116533696651
  view-data: 3.341431397944689
