times:
  edit-metadata: 1.5806951224803925
  landing: 0.019833884201943874
  view-data: 0.027846509590744972
