times:
  edit-metadata: 1.399808470159769
  landing: 0.9213206805288792
  view-data: 3.309226654469967
