times:
  edit-metadata: 1.390761587768793
  landing: 0.020789973437786102
  view-data: 0.11933971755206585
