times:
  edit-metadata: 0.4953934068325907
  landing: 0.06510591483674943
  view-data: 0.21026409999467432
