times:
  edit-metadata: 1.5629414579598233
  landing: 0.8159641260281205
  view-data: 3.3544124119216576
