times:
  edit-metadata: 0.54611881589517
  landing: 0.0601589884608984
  view-data: 0.20313690416514874
