times:
  edit-metadata: 1.6085514519363642
  landing: 0.7924817893654108
  view-data: 3.4107064809650183
