times:
  edit-metadata: 0.5108613977208734
  landing: 0.050547581166028976
  view-data: 0.20466183684766293
