times:
  edit-metadata: 1.407333279028535
  landing: 0.12267254013568163
  view-data: 0.2832705983892083
