times:
  edit-metadata: 0.4972797241061926
  landing: 0.04799993406049907
  view-data: 0.18651576503179967
