times:
  edit-metadata: 1.4187895711511374
  landing: 0.01977328211069107
  view-data: 0.027447951026260853
