times:
  edit-metadata: 1.575919859111309
  landing: 0.939348035492003
  view-data: 3.339198961853981
