times:
  edit-metadata: 0.5379329000134021
  landing: 0.04820981714874506
  view-data: 0.3379240690264851
