times:
  edit-metadata: 1.397886736318469
  landing: 0.019441542215645313
  view-data: 0.12437458243221045
