times:
  edit-metadata: 1.4288544412702322
  landing: 0.019251611083745956
  view-data: 0.3277727272361517
