times:
  edit-metadata: 0.8360132751986384
  landing: 0.06826533516868949
  view-data: 0.20527783501893282
