times:
  edit-metadata: 1.483738735318184
  landing: 0.019272107630968094
  view-data: 0.3753576334565878
