times:
  edit-metadata: 0.5536832440120634
  landing: 0.053780657006427646
  view-data: 0.21612221701070666
