times:
  edit-metadata: 0.4647945910692215
  landing: 0.044006697833538055
  view-data: 0.19866017624735832
