times:
  edit-metadata: 0.4867977099493146
  landing: 0.04035173077136278
  view-data: 0.19173847977072
