times:
  edit-metadata: 3.5294554978609085
  landing: 2.7050442695617676
  view-data: 3.8259477987885475
