times:
  edit-metadata: 1.4495284892618656
  landing: 0.2132537579163909
  view-data: 0.35230719577521086
