times:
  edit-metadata: 0.49140005209483206
  landing: 0.08667867607437074
  view-data: 0.22148453094996512
