times:
  edit-metadata: 1.3691683439537883
  landing: 0.7278324700891972
  view-data: 3.31313596945256
