times:
  edit-metadata: 0.48683546390384436
  landing: 0.0522317960858345
  view-data: 0.19240991584956646
