times:
  edit-metadata: 1.474505877122283
  landing: 0.7536566164344549
  view-data: 3.3635512413457036
