times:
  edit-metadata: 1.431967738084495
  landing: 0.8189193699508905
  view-data: 3.4139858291018754
