times:
  edit-metadata: 0.49110131803900003
  landing: 0.06955693499185145
  view-data: 0.22056413907557726
