times:
  edit-metadata: 0.5134244760265574
  landing: 0.054807023028843105
  view-data: 0.21960642200428993
