times:
  edit-metadata: 1.3627596031874418
  landing: 0.7492420487105846
  view-data: 3.411789460107684
