times:
  edit-metadata: 1.3416351657360792
  landing: 0.02063888870179653
  view-data: 0.11726674064993858
