times:
  edit-metadata: 0.5655561349994969
  landing: 0.08307801600039966
  view-data: 0.2243219649999446
