times:
  edit-metadata: 1.4028490483760834
  landing: 0.2162886131554842
  view-data: 0.22187538631260395
