times:
  edit-metadata: 0.5011085257865489
  landing: 0.04175379127264023
  view-data: 0.2027181452140212
