times:
  edit-metadata: 1.577984919771552
  landing: 0.7873565144836903
  view-data: 3.3173165936022997
