times:
  edit-metadata: 1.7077154889702797
  landing: 1.0178066119551659
  view-data: 3.4176900684833527
