times:
  edit-metadata: 0.6180029890092555
  landing: 0.047919506003381684
  view-data: 0.22196339099900797
