times:
  edit-metadata: 0.47866818495094776
  landing: 0.04579122900031507
  view-data: 0.19463196187280118
