times:
  edit-metadata: 1.4761101622134447
  landing: 0.7137151639908552
  view-data: 3.3826422411948442
