times:
  edit-metadata: 1.4815851990133524
  landing: 0.9260687730275095
  view-data: 3.3914985060691833
