times:
  edit-metadata: 1.6493371315300465
  landing: 0.20969709940254688
  view-data: 0.1320192962884903
