times:
  edit-metadata: 1.598735999315977
  landing: 0.8228989318013191
  view-data: 3.3233646377921104
