times:
  edit-metadata: 1.408691754564643
  landing: 0.2293212627992034
  view-data: 0.42224396765232086
