times:
  edit-metadata: 1.275514184962958
  landing: 0.7961997888050973
  view-data: 3.347428150009364
