times:
  edit-metadata: 1.5031594205647707
  landing: 0.2151776049286127
  view-data: 0.2929681222885847
