times:
  edit-metadata: 1.426809586584568
  landing: 0.9733983092010021
  view-data: 3.3482019044458866
