times:
  edit-metadata: 0.4824501541443169
  landing: 0.04635558882728219
  view-data: 0.19393307995051146
