times:
  edit-metadata: 1.4117625346407294
  landing: 0.165828219614923
  view-data: 0.3415833320468664
