times:
  edit-metadata: 0.5084707709029317
  landing: 0.07045301795005798
  view-data: 0.2085668370127678
