times:
  edit-metadata: 0.4995752740651369
  landing: 0.04210983868688345
  view-data: 0.20593199506402016
