times:
  edit-metadata: 1.393638625741005
  landing: 0.8343108184635639
  view-data: 3.317146547138691
