times:
  edit-metadata: 1.5824413350783288
  landing: 4.584103920031339
  view-data: 3.360242425929755
