times:
  edit-metadata: 1.2898137038573623
  landing: 0.7056533275172114
  view-data: 3.2859335504472256
