times:
  edit-metadata: 1.4211410097777843
  landing: 0.8001846186816692
  view-data: 3.3323602974414825
