times:
  edit-metadata: 0.4928665403276682
  landing: 0.04536350583657622
  view-data: 0.20023399498313665
