times:
  edit-metadata: 1.8809832111001015
  landing: 1.2901626229286194
  view-data: 3.397577926516533
