times:
  edit-metadata: 0.7415813580155373
  landing: 0.06789917126297951
  view-data: 0.4071242930367589
