times:
  edit-metadata: 0.48628757521510124
  landing: 0.04410535283386707
  view-data: 0.1933522578328848
