times:
  edit-metadata: 0.49719538498902693
  landing: 0.06545302603626624
  view-data: 0.2107874850044027
