times:
  edit-metadata: 0.47052134294062853
  landing: 0.055567880161106586
  view-data: 0.20051851123571396
