times:
  edit-metadata: 0.5481773770879954
  landing: 0.05898182978853583
  view-data: 0.20471871481277049
