times:
  edit-metadata: 1.4998141676187515
  landing: 0.8796555437147617
  view-data: 3.3174963146448135
