times:
  edit-metadata: 1.4267382100224495
  landing: 0.13951714523136616
  view-data: 0.1325040254741907
