times:
  edit-metadata: 1.494846846908331
  landing: 0.7759965974837542
  view-data: 3.4101414531469345
