times:
  edit-metadata: 1.4989202041178942
  landing: 0.7634606994688511
  view-data: 3.3419568352401257
