times:
  edit-metadata: 1.3819134086370468
  landing: 0.018827615305781364
  view-data: 0.028127958066761494
