times:
  edit-metadata: 1.5373858120292425
  landing: 0.880520791746676
  view-data: 3.3270200649276376
