times:
  edit-metadata: 0.6926111619977746
  landing: 0.15102382499026135
  view-data: 0.27431239301222377
