times:
  edit-metadata: 1.3530119583010674
  landing: 0.022756827995181084
  view-data: 0.027523308992385864
