times:
  edit-metadata: 0.6174288179972791
  landing: 0.04679467999812914
  view-data: 0.21287899099843344
