times:
  edit-metadata: 1.7104434119537473
  landing: 0.9932501707226038
  view-data: 3.5752581423148513
