times:
  edit-metadata: 1.45387021638453
  landing: 0.820815653540194
  view-data: 3.367104284465313
