times:
  edit-metadata: 0.4749224907718599
  landing: 0.044575348030775785
  view-data: 0.1943129450082779
