times:
  edit-metadata: 0.5420632639434189
  landing: 0.03668662020936608
  view-data: 0.19164794101379812
