times:
  edit-metadata: 1.4244974246248603
  landing: 0.020709529519081116
  view-data: 0.1240164302289486
