times:
  edit-metadata: 0.48048116313293576
  landing: 0.04896412091329694
  view-data: 0.2063000719062984
