times:
  edit-metadata: 2.160897256806493
  landing: 0.16864944621920586
  view-data: 0.473292650654912
