times:
  edit-metadata: 1.4907076358795166
  landing: 0.8010985590517521
  view-data: 3.3879010528326035
