times:
  edit-metadata: 0.46911459788680077
  landing: 0.04091065004467964
  view-data: 0.1971396910957992
