times:
  edit-metadata: 1.4779041595757008
  landing: 0.7453552931547165
  view-data: 3.3317318614572287
