times:
  edit-metadata: 1.531782940030098
  landing: 0.7861202917993069
  view-data: 3.365832069888711
