times:
  edit-metadata: 1.3553161965683103
  landing: 0.01891254261136055
  view-data: 0.11627067998051643
