times:
  edit-metadata: 1.3483725152909756
  landing: 0.7454972304403782
  view-data: 3.298985365778208
