times:
  edit-metadata: 0.4994655130431056
  landing: 0.04922789102420211
  view-data: 0.19437374779954553
