times:
  edit-metadata: 1.4123045336455107
  landing: 0.17152274399995804
  view-data: 0.21400321833789349
