times:
  edit-metadata: 0.4755937228910625
  landing: 0.052366442047059536
  view-data: 0.18853969126939774
