times:
  edit-metadata: 1.598420824855566
  landing: 0.7402223460376263
  view-data: 3.5205777548253536
