times:
  edit-metadata: 1.6123759355396032
  landing: 0.12765730172395706
  view-data: 0.4013592153787613
