times:
  edit-metadata: 1.2601312324404716
  landing: 0.85354383289814
  view-data: 3.3453261218965054
