times:
  edit-metadata: 0.5023947507143021
  landing: 0.05461733788251877
  view-data: 0.22883919486775994
