times:
  edit-metadata: 1.4308857871219516
  landing: 0.01853169873356819
  view-data: 0.4270549174398184
