times:
  edit-metadata: 0.5433097849600017
  landing: 0.05358764808624983
  view-data: 0.21424705907702446
