times:
  edit-metadata: 1.5012738043442369
  landing: 0.019253255799412727
  view-data: 0.4648548075929284
