times:
  edit-metadata: 0.5028519000043161
  landing: 0.059536525994190015
  view-data: 0.2006746309925802
