times:
  edit-metadata: 0.49460442923009396
  landing: 0.04964762693271041
  view-data: 0.19387993309646845
