times:
  edit-metadata: 0.4649581890553236
  landing: 0.04330725921317935
  view-data: 0.18819141667336226
