times:
  edit-metadata: 1.7755464799702168
  landing: 0.258805800229311
  view-data: 0.30972127988934517
