times:
  edit-metadata: 1.4079222939908504
  landing: 0.8080870732665062
  view-data: 3.3185618966817856
