times:
  edit-metadata: 0.5459989181254059
  landing: 0.05944376904517412
  view-data: 0.20941014192067087
