times:
  edit-metadata: 0.5189077295362949
  landing: 0.04746830742806196
  view-data: 0.20080956537276506
