times:
  edit-metadata: 0.46539616910740733
  landing: 0.04130658786743879
  view-data: 0.19280186295509338
