times:
  edit-metadata: 1.6047493163496256
  landing: 0.7663427889347076
  view-data: 3.41121519356966
