times:
  edit-metadata: 0.6297638100222684
  landing: 0.06778171702171676
  view-data: 0.23716069900547154
