times:
  edit-metadata: 1.4473491311073303
  landing: 0.020983971655368805
  view-data: 0.10116956941783428
