times:
  edit-metadata: 1.4048187956213951
  landing: 0.7990057431161404
  view-data: 3.356457233428955
