times:
  edit-metadata: 0.5056411093100905
  landing: 0.04401577543467283
  view-data: 0.21077625639736652
