times:
  edit-metadata: 2.0233059655874968
  landing: 0.2135586328804493
  view-data: 0.5019085239619017
