times:
  edit-metadata: 2.017424948513508
  landing: 1.2271430604159832
  view-data: 3.4328944608569145
