times:
  edit-metadata: 1.417559009976685
  landing: 0.021921129897236824
  view-data: 0.12310982216149569
