times:
  edit-metadata: 0.5416881780838594
  landing: 0.055131627013906837
  view-data: 0.21714713901747018
