times:
  edit-metadata: 1.704998031258583
  landing: 0.9975032731890678
  view-data: 3.3323997296392918
