times:
  edit-metadata: 0.48248311085626483
  landing: 0.03922282299026847
  view-data: 0.19157162820920348
