times:
  edit-metadata: 1.5949295610189438
  landing: 0.8337046094238758
  view-data: 3.3888727724552155
