times:
  edit-metadata: 0.5897503310116008
  landing: 0.0728257120354101
  view-data: 0.2179583659162745
