times:
  edit-metadata: 0.49285010108724236
  landing: 0.046282218769192696
  view-data: 0.20244112890213728
