times:
  edit-metadata: 1.9032004103064537
  landing: 1.1172293052077293
  view-data: 3.374827165156603
