times:
  edit-metadata: 1.373556088656187
  landing: 0.1159681361168623
  view-data: 0.2711555864661932
