times:
  edit-metadata: 0.5808998220600188
  landing: 0.09055779315531254
  view-data: 0.24449863331392407
