times:
  edit-metadata: 0.573922848328948
  landing: 0.06916410895064473
  view-data: 0.22651532012969255
