times:
  edit-metadata: 2.080356940627098
  landing: 0.9281005579978228
  view-data: 3.5118154734373093
