times:
  edit-metadata: 1.5920461285859346
  landing: 0.01971610262989998
  view-data: 0.18291251547634602
