times:
  edit-metadata: 1.662689682096243
  landing: 0.781844012439251
  view-data: 3.3283272739499807
