times:
  edit-metadata: 0.49978058226406574
  landing: 0.03803451079875231
  view-data: 0.20204160641878843
