times:
  edit-metadata: 0.6047603670012904
  landing: 0.08651512600772548
  view-data: 0.23268589800863992
