times:
  edit-metadata: 0.5549378280993551
  landing: 0.057949437061324716
  view-data: 0.2216289141215384
