times:
  edit-metadata: 1.4070654716342688
  landing: 0.019140628166496754
  view-data: 0.029028448276221752
