times:
  edit-metadata: 0.5161487879231572
  landing: 0.04485876485705376
  view-data: 0.20202425308525562
