times:
  edit-metadata: 1.5143867265433073
  landing: 0.322819996625185
  view-data: 0.03163798525929451
