times:
  edit-metadata: 1.5380755588412285
  landing: 0.9597380757331848
  view-data: 3.442722160369158
