times:
  edit-metadata: 0.4995650462806225
  landing: 0.042742492631077766
  view-data: 0.19588353391736746
