times:
  edit-metadata: 1.445131128653884
  landing: 0.019833838567137718
  view-data: 0.28146836906671524
