times:
  edit-metadata: 0.49707058793865144
  landing: 0.04278263286687434
  view-data: 0.19835942494682968
