times:
  edit-metadata: 1.532383432611823
  landing: 0.20732001960277557
  view-data: 0.3881313093006611
