times:
  edit-metadata: 1.3558682734146714
  landing: 0.020539083518087864
  view-data: 0.02523814979940653
