times:
  edit-metadata: 1.492986287921667
  landing: 0.7641440257430077
  view-data: 3.361904948949814
