times:
  edit-metadata: 1.439195522107184
  landing: 0.022273577749729156
  view-data: 0.02627595979720354
