times:
  edit-metadata: 1.4107380099594593
  landing: 0.019755199551582336
  view-data: 0.11772745940834284
