times:
  edit-metadata: 1.3587121926248074
  landing: 0.01947872806340456
  view-data: 0.025797346606850624
