times:
  edit-metadata: 0.49290866358205676
  landing: 0.04495381796732545
  view-data: 0.20899247704073787
