times:
  edit-metadata: 1.3424008637666702
  landing: 0.7968982616439462
  view-data: 3.330808024853468
