times:
  edit-metadata: 0.499079080298543
  landing: 0.045843175146728754
  view-data: 0.20295934472233057
