times:
  edit-metadata: 0.8244647034443915
  landing: 0.0976472171023488
  view-data: 0.3078649900853634
