times:
  edit-metadata: 0.5235471329942811
  landing: 0.060691585997119546
  view-data: 0.2138711139850784
