times:
  edit-metadata: 0.4909920049831271
  landing: 0.04130041878670454
  view-data: 0.20315749198198318
