times:
  edit-metadata: 0.4744700198061764
  landing: 0.05578112485818565
  view-data: 0.18040695693343878
