times:
  edit-metadata: 1.3688630629330873
  landing: 0.15105684101581573
  view-data: 0.132859880104661
