times:
  edit-metadata: 0.49885950703173876
  landing: 0.06646908028051257
  view-data: 0.22496106196194887
