times:
  edit-metadata: 1.5708543434739113
  landing: 0.8092766497284174
  view-data: 3.428024122491479
