times:
  edit-metadata: 0.5220415312796831
  landing: 0.04783032648265362
  view-data: 0.33564850222319365
