times:
  edit-metadata: 1.3336672261357307
  landing: 0.13758202455937862
  view-data: 0.027009466663002968
