times:
  edit-metadata: 0.536024171160534
  landing: 0.052816096926108
  view-data: 0.34039927809499204
