times:
  edit-metadata: 1.355548094958067
  landing: 0.020814542658627033
  view-data: 0.12055241409689188
