times:
  edit-metadata: 1.42823725938797
  landing: 0.1266849171370268
  view-data: 0.3028881009668112
