times:
  edit-metadata: 0.4825509851798415
  landing: 0.04220976494252682
  view-data: 0.18319531623274088
