times:
  edit-metadata: 1.4973738193511963
  landing: 0.13572465069592
  view-data: 0.33122750744223595
