times:
  edit-metadata: 0.5104026040062308
  landing: 0.03966030105948448
  view-data: 0.20807852037250996
