times:
  edit-metadata: 1.4718041270971298
  landing: 0.019176939502358437
  view-data: 0.37409772351384163
