times:
  edit-metadata: 2.4054661989212036
  landing: 0.15403792820870876
  view-data: 0.34909605607390404
