times:
  edit-metadata: 1.8940432593226433
  landing: 0.020169834606349468
  view-data: 0.025239014998078346
