times:
  edit-metadata: 0.4860626398585737
  landing: 0.042517504189163446
  view-data: 0.1921375091187656
