times:
  edit-metadata: 1.3650806546211243
  landing: 0.7497265860438347
  view-data: 3.4330371133983135
