times:
  edit-metadata: 1.4492334029637277
  landing: 0.7600829971488565
  view-data: 3.325877493014559
