times:
  edit-metadata: 1.3711998397484422
  landing: 0.02009835746139288
  view-data: 0.12336593773216009
