times:
  edit-metadata: 0.5214897939004004
  landing: 0.054960722918622196
  view-data: 0.21218965598382056
