times:
  edit-metadata: 1.5158473327755928
  landing: 0.8065537735819817
  view-data: 3.334475927054882
