times:
  edit-metadata: 1.3129334710538387
  landing: 0.7632604539394379
  view-data: 3.3895386271178722
