times:
  edit-metadata: 0.49882563785649836
  landing: 0.040871602948755026
  view-data: 0.1908975571859628
