times:
  edit-metadata: 1.419534970074892
  landing: 0.7607729248702526
  view-data: 3.395127948373556
