times:
  edit-metadata: 1.4088267972692847
  landing: 0.1429621698334813
  view-data: 0.02939982246607542
