times:
  edit-metadata: 1.5606481805443764
  landing: 0.6426905021071434
  view-data: 3.2790667116642
