times:
  edit-metadata: 0.500143778976053
  landing: 0.07410174002870917
  view-data: 0.21295578218996525
