times:
  edit-metadata: 1.4676566487178206
  landing: 1.1300818137824535
  view-data: 3.3678194815292954
