times:
  edit-metadata: 1.3465936025604606
  landing: 0.024438231252133846
  view-data: 0.024401279166340828
