times:
  edit-metadata: 0.5015171100385487
  landing: 0.04621292930096388
  view-data: 0.20575638767331839
