times:
  edit-metadata: 1.3398723676800728
  landing: 0.02155210543423891
  view-data: 0.41759030893445015
