times:
  edit-metadata: 2.2771333940327168
  landing: 0.24384133704006672
  view-data: 0.13870111480355263
