times:
  edit-metadata: 0.5510088689625263
  landing: 0.0804990571923554
  view-data: 0.23865299625322223
