times:
  edit-metadata: 1.4229421000927687
  landing: 0.7706715632230043
  view-data: 3.4293231200426817
