times:
  edit-metadata: 0.8278936976566911
  landing: 0.09843704290688038
  view-data: 0.22723354632034898
