times:
  edit-metadata: 1.500940864905715
  landing: 0.6777666173875332
  view-data: 3.3397696930915117
