times:
  edit-metadata: 1.378858270123601
  landing: 0.2945011267438531
  view-data: 0.3412161562591791
