times:
  edit-metadata: 1.4303330928087234
  landing: 0.9466378465294838
  view-data: 3.3913334608078003
