times:
  edit-metadata: 2.089155100286007
  landing: 1.0663072988390923
  view-data: 3.452651258558035
