times:
  edit-metadata: 1.356899417936802
  landing: 1.074105436913669
  view-data: 3.4348318669945
