times:
  edit-metadata: 1.4455546461977065
  landing: 0.7887152312323451
  view-data: 3.378992243204266
