times:
  edit-metadata: 2.168363258242607
  landing: 1.7015795484185219
  view-data: 3.4677629359066486
