times:
  edit-metadata: 1.3464158847928047
  landing: 0.8307776339352131
  view-data: 3.3181842528283596
