times:
  edit-metadata: 1.5388337653130293
  landing: 0.7732099797576666
  view-data: 3.2879403196275234
