times:
  edit-metadata: 1.579886324936524
  landing: 0.8768730419687927
  view-data: 3.264369506854564
