times:
  edit-metadata: 0.49594000075012445
  landing: 0.041439011227339506
  view-data: 0.1989681040868163
