times:
  edit-metadata: 0.5948237940319814
  landing: 0.06984257197473198
  view-data: 0.21982825099257752
