times:
  edit-metadata: 1.4518338236957788
  landing: 0.025578749366104603
  view-data: 0.13630209490656853
