times:
  edit-metadata: 0.4961628320161253
  landing: 0.07613214995944872
  view-data: 0.21519978198921308
