times:
  edit-metadata: 1.3577947998419404
  landing: 0.7590537453070283
  view-data: 3.386921590194106
