times:
  edit-metadata: 1.4854315146803856
  landing: 0.9932255260646343
  view-data: 3.4340966176241636
