times:
  edit-metadata: 0.49264321429654956
  landing: 0.041565102990716696
  view-data: 0.19200342381373048
