times:
  edit-metadata: 0.5853736610151827
  landing: 0.10727887228131294
  view-data: 0.20613718125969172
