times:
  edit-metadata: 1.4582484047859907
  landing: 0.7455074843019247
  view-data: 3.3284362219274044
