times:
  edit-metadata: 0.619160511996597
  landing: 0.0530163049697876
  view-data: 0.2057213531807065
