times:
  edit-metadata: 0.5262561260024086
  landing: 0.04655983904376626
  view-data: 0.2190930349752307
