times:
  edit-metadata: 1.3534475965425372
  landing: 0.14068637788295746
  view-data: 0.2235461175441742
