times:
  edit-metadata: 1.3634189516305923
  landing: 0.20648548938333988
  view-data: 0.29943552054464817
