times:
  edit-metadata: 0.663369714980945
  landing: 0.07148275291547179
  view-data: 0.20721340202726424
