times:
  edit-metadata: 1.3068769462406635
  landing: 0.149268951267004
  view-data: 0.4207613654434681
