times:
  edit-metadata: 2.798973221331835
  landing: 0.41170661617070436
  view-data: 0.361589546315372
