times:
  edit-metadata: 1.4447155632078648
  landing: 0.7570144850760698
  view-data: 3.370239034295082
