times:
  edit-metadata: 0.5765983430319466
  landing: 0.06471885100472718
  view-data: 0.22655360295902938
