times:
  edit-metadata: 1.347411772236228
  landing: 0.02238360233604908
  view-data: 0.02551331464201212
