times:
  edit-metadata: 1.4878425407223403
  landing: 0.7512012221850455
  view-data: 3.348475373350084
