times:
  edit-metadata: 0.5613601496443152
  landing: 0.12712283339351416
  view-data: 0.3419847870245576
