times:
  edit-metadata: 0.5132217509672046
  landing: 0.045160653069615364
  view-data: 0.19317024806514382
