times:
  edit-metadata: 0.5104560519685037
  landing: 0.07139023503987119
  view-data: 0.21190524497069418
