times:
  edit-metadata: 0.5063305371440947
  landing: 0.06978532392531633
  view-data: 0.21614552079699934
