times:
  edit-metadata: 1.599461728706956
  landing: 0.8023846168071032
  view-data: 3.4950243271887302
