times:
  edit-metadata: 0.5246108509600163
  landing: 0.04814874706789851
  view-data: 0.1884149550460279
