times:
  edit-metadata: 0.48260709177702665
  landing: 0.042509126011282206
  view-data: 0.1917625511996448
