times:
  edit-metadata: 1.3514445699984208
  landing: 0.6969312860164791
  view-data: 3.2756856500636786
