times:
  edit-metadata: 0.48701243102550507
  landing: 0.048174469731748104
  view-data: 0.2144844657741487
