times:
  edit-metadata: 1.3482534913346171
  landing: 0.020739687606692314
  view-data: 0.02340683527290821
