times:
  edit-metadata: 0.5281143449974479
  landing: 0.04818100299598882
  view-data: 0.21366253800078994
