times:
  edit-metadata: 1.4608589746057987
  landing: 0.19160305708646774
  view-data: 0.31738159246742725
