times:
  edit-metadata: 1.4095537634566426
  landing: 0.02333492785692215
  view-data: 0.13485218305140734
