times:
  edit-metadata: 0.8292707242071629
  landing: 0.054665638133883476
  view-data: 0.27922101179137826
