times:
  edit-metadata: 0.7593708159402013
  landing: 0.1368742696940899
  view-data: 0.3143592709675431
