times:
  edit-metadata: 0.5068955200003984
  landing: 0.06869303100029356
  view-data: 0.21238103700034117
