times:
  edit-metadata: 1.7371437158435583
  landing: 0.9537135753780603
  view-data: 3.370607003569603
