times:
  edit-metadata: 1.4376886822283268
  landing: 0.02195038925856352
  view-data: 0.024569667875766754
