times:
  edit-metadata: 1.3492043549194932
  landing: 0.1237835269421339
  view-data: 0.24757495615631342
