times:
  edit-metadata: 1.53454252704978
  landing: 0.8495923895388842
  view-data: 3.4606066923588514
