times:
  edit-metadata: 0.5009902149904519
  landing: 0.05215023714117706
  view-data: 0.19664632389321923
