times:
  edit-metadata: 0.49363390798680484
  landing: 0.0706558080855757
  view-data: 0.23313188808970153
