times:
  edit-metadata: 1.4131435956805944
  landing: 0.7470310991629958
  view-data: 3.3994353115558624
