times:
  edit-metadata: 1.3885663039982319
  landing: 0.8425125163048506
  view-data: 3.318259185180068
