times:
  edit-metadata: 0.5038461722433567
  landing: 0.0446322588250041
  view-data: 0.21154886484146118
