times:
  edit-metadata: 1.5262293685227633
  landing: 0.7425277084112167
  view-data: 3.4078247640281916
