times:
  edit-metadata: 1.6641712598502636
  landing: 0.8991144839674234
  view-data: 3.373120278120041
