times:
  edit-metadata: 0.45871947705745697
  landing: 0.041954721324145794
  view-data: 0.1925736921839416
