times:
  edit-metadata: 1.3438115529716015
  landing: 0.16593443043529987
  view-data: 0.3329581096768379
