times:
  edit-metadata: 1.4262372758239508
  landing: 0.1547017004340887
  view-data: 0.02712208591401577
