times:
  edit-metadata: 0.492887353990227
  landing: 0.053686528000980616
  view-data: 0.18138617021031678
