times:
  edit-metadata: 1.461025551892817
  landing: 0.020168361254036427
  view-data: 0.12010992132127285
