times:
  edit-metadata: 1.8178420923650265
  landing: 1.0470381192862988
  view-data: 3.3455988466739655
