times:
  edit-metadata: 1.4159196466207504
  landing: 0.14219550229609013
  view-data: 0.30856027267873287
