times:
  edit-metadata: 1.3744345866143703
  landing: 0.02335822768509388
  view-data: 0.44493364356458187
