times:
  edit-metadata: 1.3728634025901556
  landing: 0.8418008759617805
  view-data: 3.5203009266406298
