times:
  edit-metadata: 1.3938295869156718
  landing: 0.022410807199776173
  view-data: 0.027997358702123165
