times:
  edit-metadata: 0.4796359511092305
  landing: 0.040934682823717594
  view-data: 0.19419086957350373
