times:
  edit-metadata: 1.3553025936707854
  landing: 0.02185734175145626
  view-data: 0.027226136066019535
