times:
  edit-metadata: 0.5044788450468332
  landing: 0.07033075898652896
  view-data: 0.20992168603697792
