times:
  edit-metadata: 0.4855304113589227
  landing: 0.040111764799803495
  view-data: 0.191713391803205
