times:
  edit-metadata: 0.49923183396458626
  landing: 0.041680296417325735
  view-data: 0.19296471867710352
