times:
  edit-metadata: 1.3975149560719728
  landing: 0.2553321570158005
  view-data: 0.3689919672906399
