times:
  edit-metadata: 0.5660617820103653
  landing: 0.06468616699567065
  view-data: 0.24084928899537772
