times:
  edit-metadata: 1.6097972933202982
  landing: 0.7361764907836914
  view-data: 3.2739687114953995
