times:
  edit-metadata: 1.3449042057618499
  landing: 0.14070367813110352
  view-data: 0.13373754173517227
