times:
  edit-metadata: 1.411459095776081
  landing: 0.022006179206073284
  view-data: 0.024659323506057262
