times:
  edit-metadata: 1.4199157357215881
  landing: 1.0070671197026968
  view-data: 3.609647823497653
