times:
  edit-metadata: 0.5039337212219834
  landing: 0.0755160441622138
  view-data: 0.2098723971284926
