times:
  edit-metadata: 1.5434909984469414
  landing: 0.020734449848532677
  view-data: 0.13109238632023335
