times:
  edit-metadata: 1.3873591478914022
  landing: 0.7722276002168655
  view-data: 3.3198665659874678
