times:
  edit-metadata: 1.4714755369350314
  landing: 1.1394643844105303
  view-data: 3.357393444981426
