times:
  edit-metadata: 1.5426122220233083
  landing: 0.8962972247973084
  view-data: 3.369062092155218
