times:
  edit-metadata: 1.5205869507044554
  landing: 0.7462414633482695
  view-data: 3.3845142852514982
