times:
  edit-metadata: 2.1090965941548347
  landing: 0.1391735766083002
  view-data: 0.13732768222689629
