times:
  edit-metadata: 1.5893749855458736
  landing: 0.9163435939699411
  view-data: 3.3833915572613478
