times:
  edit-metadata: 1.504338264465332
  landing: 0.84205137565732
  view-data: 3.3499135598540306
