times:
  edit-metadata: 0.4766036660876125
  landing: 0.043593864887952805
  view-data: 0.19168243487365544
