times:
  edit-metadata: 1.6494715102016926
  landing: 0.7277085371315479
  view-data: 3.3032719641923904
