times:
  edit-metadata: 1.4731361288577318
  landing: 0.7761189001612365
  view-data: 3.3222576710395515
