times:
  edit-metadata: 1.3446668172255158
  landing: 0.7571500828489661
  view-data: 3.3514915546402335
