times:
  edit-metadata: 1.3710433412343264
  landing: 0.14308149181306362
  view-data: 0.15542381443083286
