times:
  edit-metadata: 1.4578854031860828
  landing: 0.23130208253860474
  view-data: 0.27124240435659885
