times:
  edit-metadata: 1.5455028880387545
  landing: 0.7955883797258139
  view-data: 3.420311503112316
