times:
  edit-metadata: 0.7059869077056646
  landing: 0.1770730409771204
  view-data: 0.2990342997945845
