times:
  edit-metadata: 1.6419672667980194
  landing: 0.8183288779109716
  view-data: 3.3842953722923994
