times:
  edit-metadata: 0.4664137540385127
  landing: 0.05269385501742363
  view-data: 0.1874480159021914
