times:
  edit-metadata: 0.4981890399940312
  landing: 0.0410923776216805
  view-data: 0.19433223083615303
