times:
  edit-metadata: 1.3707464719191194
  landing: 0.019108335487544537
  view-data: 0.12088246736675501
