times:
  edit-metadata: 1.3919303016737103
  landing: 0.02046432252973318
  view-data: 0.13304325751960278
