times:
  edit-metadata: 0.5674946580547839
  landing: 0.053948675049468875
  view-data: 0.2001961439382285
