times:
  edit-metadata: 1.3573783449828625
  landing: 0.14941922388970852
  view-data: 0.02623916044831276
