times:
  edit-metadata: 1.7745156548917294
  landing: 0.18988033942878246
  view-data: 0.22176280431449413
