times:
  edit-metadata: 1.292692783754319
  landing: 0.7190503682941198
  view-data: 3.2786661977879703
