times:
  edit-metadata: 1.7499648686498404
  landing: 0.898712245747447
  view-data: 3.4331590570509434
