times:
  edit-metadata: 0.6581820249994053
  landing: 0.05018488300265744
  view-data: 0.2190188910026336
