times:
  edit-metadata: 1.3899454390630126
  landing: 0.12103958334773779
  view-data: 0.40047917515039444
