times:
  edit-metadata: 1.3616042854264379
  landing: 0.020279978401958942
  view-data: 0.10116600431501865
