times:
  edit-metadata: 0.509746080962941
  landing: 0.0386974869761616
  view-data: 0.1912691800389439
