times:
  edit-metadata: 0.5065840790048242
  landing: 0.04559030383825302
  view-data: 0.21202595811337233
