times:
  edit-metadata: 1.4819460976868868
  landing: 0.018692126497626305
  view-data: 0.13520657271146774
