times:
  edit-metadata: 0.49735674588009715
  landing: 0.04331710608676076
  view-data: 0.19691822305321693
