times:
  edit-metadata: 0.5034273434430361
  landing: 0.039254315197467804
  view-data: 0.20235330238938332
