times:
  edit-metadata: 1.3624493069946766
  landing: 0.025051205419003963
  view-data: 0.3992584627121687
