times:
  edit-metadata: 1.4612664096057415
  landing: 0.7667952068150043
  view-data: 3.311934889294207
