times:
  edit-metadata: 1.368176743388176
  landing: 0.9131569489836693
  view-data: 3.438977800309658
