times:
  edit-metadata: 2.022690910845995
  landing: 0.17720682732760906
  view-data: 0.14578038454055786
