times:
  edit-metadata: 1.3415397759526968
  landing: 0.75370560772717
  view-data: 3.413147570565343
