times:
  edit-metadata: 1.5266836527734995
  landing: 0.7276073656976223
  view-data: 3.3826052751392126
