times:
  edit-metadata: 1.3497466258704662
  landing: 0.905171349644661
  view-data: 3.367693044245243
