times:
  edit-metadata: 2.069782914593816
  landing: 1.3085171580314636
  view-data: 3.569264500401914
