times:
  edit-metadata: 1.7785983458161354
  landing: 1.1580582670867443
  view-data: 3.385039512068033
