times:
  edit-metadata: 1.350257270038128
  landing: 0.01915513165295124
  view-data: 0.31305818632245064
