times:
  edit-metadata: 1.5421590935438871
  landing: 0.7785786166787148
  view-data: 3.337112272158265
