times:
  edit-metadata: 1.4195301829604432
  landing: 0.9640406699618325
  view-data: 3.4045789618976414
