times:
  edit-metadata: 1.3064496119623072
  landing: 0.2972840639995411
  view-data: 0.31260442797793075
