times:
  edit-metadata: 1.265924354083836
  landing: 0.6931792101822793
  view-data: 3.3178897839970887
