times:
  edit-metadata: 0.5270418589934707
  landing: 0.05071017099544406
  view-data: 0.21873676218092442
