times:
  edit-metadata: 1.3647668715566397
  landing: 0.021795048378407955
  view-data: 0.024551039561629295
