times:
  edit-metadata: 0.5840204380219802
  landing: 0.07313353102654219
  view-data: 0.22014981298707426
