times:
  edit-metadata: 1.3783622905611992
  landing: 0.156338669359684
  view-data: 0.313544437289238
