times:
  edit-metadata: 1.3856271803379059
  landing: 0.12635777331888676
  view-data: 0.12642648816108704
