times:
  edit-metadata: 0.4961162027902901
  landing: 0.03835878986865282
  view-data: 0.19699299708008766
