times:
  edit-metadata: 1.3343884740024805
  landing: 0.8429133268073201
  view-data: 3.418759156949818
