times:
  edit-metadata: 1.3824000298045576
  landing: 0.7552886148914695
  view-data: 3.3501204741187394
