times:
  edit-metadata: 0.5162436440587044
  landing: 0.04266040213406086
  view-data: 0.20643390249460936
