times:
  edit-metadata: 1.7246430572122335
  landing: 0.0215418953448534
  view-data: 0.15906941704452038
