times:
  edit-metadata: 2.6620893608778715
  landing: 1.6032347287982702
  view-data: 3.9146910291165113
