times:
  edit-metadata: 1.4133125096559525
  landing: 0.6581561141647398
  view-data: 3.375479457899928
