times:
  edit-metadata: 1.466343536041677
  landing: 0.9981017280369997
  view-data: 3.3476699106395245
