times:
  edit-metadata: 0.476251682266593
  landing: 0.0379218440502882
  view-data: 0.1829189178533852
