times:
  edit-metadata: 1.4854643754661083
  landing: 0.9171628355979919
  view-data: 3.3686572313308716
