times:
  edit-metadata: 0.46130277402698994
  landing: 0.04378750827163458
  view-data: 0.18723960174247622
