times:
  edit-metadata: 1.4599368777126074
  landing: 0.3020602725446224
  view-data: 0.48435835912823677
