times:
  edit-metadata: 1.3876234274357557
  landing: 0.7720033992081881
  view-data: 3.2859426084905863
