times:
  edit-metadata: 1.3667319845408201
  landing: 0.1290150247514248
  view-data: 0.02680589258670807
