times:
  edit-metadata: 1.5201740730553865
  landing: 0.309404831379652
  view-data: 0.13178336806595325
