times:
  edit-metadata: 0.5265102119883522
  landing: 0.061628504015970975
  view-data: 0.21382133103907108
