times:
  edit-metadata: 1.3496175408363342
  landing: 0.020065821707248688
  view-data: 0.4942148579284549
