times:
  edit-metadata: 1.348510606214404
  landing: 0.14665902219712734
  view-data: 0.10640579648315907
