times:
  edit-metadata: 0.5516197211109102
  landing: 0.05899364594370127
  view-data: 0.2097908272407949
