times:
  edit-metadata: 0.505963102914393
  landing: 0.05940833012573421
  view-data: 0.17945213802158833
