times:
  edit-metadata: 1.592650629580021
  landing: 0.8809775896370411
  view-data: 3.348377753049135
