times:
  edit-metadata: 1.5938137285411358
  landing: 1.0385368950664997
  view-data: 3.4414382874965668
