times:
  edit-metadata: 0.5143021568655968
  landing: 0.0461987960152328
  view-data: 0.21230028197169304
