times:
  edit-metadata: 0.524782245978713
  landing: 0.04976566368713975
  view-data: 0.21092860400676727
