times:
  edit-metadata: 0.5006061643362045
  landing: 0.04245298635214567
  view-data: 0.20218137092888355
