times:
  edit-metadata: 1.7288919314742088
  landing: 0.9754653759300709
  view-data: 3.39247022010386
