times:
  edit-metadata: 1.4280195944011211
  landing: 0.8633228447288275
  view-data: 3.3610895853489637
