times:
  edit-metadata: 1.5235625859349966
  landing: 0.30832155980169773
  view-data: 0.31174165569245815
