times:
  edit-metadata: 1.4880465306341648
  landing: 0.7053907830268145
  view-data: 3.385108605027199
