times:
  edit-metadata: 0.5428075091913342
  landing: 0.05579037987627089
  view-data: 0.21181641705334187
