times:
  edit-metadata: 1.421908838674426
  landing: 0.02128783892840147
  view-data: 0.024945455603301525
