times:
  edit-metadata: 1.2190516921691597
  landing: 0.6927843589801341
  view-data: 3.2168888598680496
