times:
  edit-metadata: 1.4933658931404352
  landing: 0.028679857030510902
  view-data: 0.02778671309351921
