times:
  edit-metadata: 0.5045236489968374
  landing: 0.0668049689847976
  view-data: 0.20706620707642287
