times:
  edit-metadata: 1.5400915201753378
  landing: 0.8189480509608984
  view-data: 3.3928375858813524
