times:
  edit-metadata: 0.5080207949504256
  landing: 0.051548258401453495
  view-data: 0.20105938892811537
