times:
  edit-metadata: 1.6767219174653292
  landing: 0.18315924797207117
  view-data: 0.49972750805318356
