times:
  edit-metadata: 0.5026151509955525
  landing: 0.039279475808143616
  view-data: 0.19756159000098705
