times:
  edit-metadata: 1.5929856300354004
  landing: 0.8257438801229
  view-data: 3.342782933264971
