times:
  edit-metadata: 1.4323275350034237
  landing: 0.026119057089090347
  view-data: 0.02444024384021759
