times:
  edit-metadata: 0.6899551912210882
  landing: 0.09664170956239104
  view-data: 0.2803930011577904
