times:
  edit-metadata: 1.553641028702259
  landing: 0.9518774077296257
  view-data: 3.4131359420716763
