times:
  edit-metadata: 0.530811615055427
  landing: 0.055126604973338544
  view-data: 0.21506866998970509
