times:
  edit-metadata: 1.5016180519014597
  landing: 0.7170535642653704
  view-data: 3.366382321342826
