times:
  edit-metadata: 0.48593823495320976
  landing: 0.05073565407656133
  view-data: 0.18037230987101793
