times:
  edit-metadata: 0.5068481899797916
  landing: 0.04283781722187996
  view-data: 0.21958606224507093
