times:
  edit-metadata: 1.4645326733589172
  landing: 0.02261587791144848
  view-data: 0.4598087025806308
