times:
  edit-metadata: 2.4487628638744354
  landing: 0.7834904193878174
  view-data: 3.4486807845532894
