times:
  edit-metadata: 1.3890571780502796
  landing: 0.12244495935738087
  view-data: 0.027244068682193756
