times:
  edit-metadata: 0.5008393810130656
  landing: 0.045445657102391124
  view-data: 0.2219523109961301
