times:
  edit-metadata: 1.4705077353864908
  landing: 0.021042292937636375
  view-data: 0.1351658497005701
