times:
  edit-metadata: 1.4394620154052973
  landing: 0.7789502833038568
  view-data: 3.3369686929509044
