times:
  edit-metadata: 1.3603091724216938
  landing: 0.7319992147386074
  view-data: 3.290985196828842
