times:
  edit-metadata: 1.3862110320478678
  landing: 0.6773193562403321
  view-data: 3.4710038723424077
