times:
  edit-metadata: 1.4859031913802028
  landing: 0.1608277941122651
  view-data: 0.12858739402145147
