times:
  edit-metadata: 0.4868393372744322
  landing: 0.046542196068912745
  view-data: 0.19585076300427318
