times:
  edit-metadata: 1.7923149801790714
  landing: 0.2855627629905939
  view-data: 0.1643378883600235
