times:
  edit-metadata: 0.525182796176523
  landing: 0.05933078285306692
  view-data: 0.2161369570530951
