times:
  edit-metadata: 1.304644990945235
  landing: 0.6480157019104809
  view-data: 3.2614708200562745
