times:
  edit-metadata: 0.487846797099337
  landing: 0.0462453868240118
  view-data: 0.1905694562010467
