times:
  edit-metadata: 1.3553987788036466
  landing: 0.019768908619880676
  view-data: 0.025204774923622608
