times:
  edit-metadata: 1.9484486170113087
  landing: 0.9390079323202372
  view-data: 3.39208316616714
