times:
  edit-metadata: 1.4027726892381907
  landing: 0.01911911740899086
  view-data: 0.11728236638009548
