times:
  edit-metadata: 0.5100484471768141
  landing: 0.07563489186577499
  view-data: 0.222194500034675
