times:
  edit-metadata: 1.5025497563183308
  landing: 0.8555448204278946
  view-data: 3.327624797821045
