times:
  edit-metadata: 1.3823357671499252
  landing: 0.6628354638814926
  view-data: 3.3157425206154585
