times:
  edit-metadata: 0.4819552912376821
  landing: 0.03916013985872269
  view-data: 0.193962381221354
