times:
  edit-metadata: 0.5430933660827577
  landing: 0.060515261022374034
  view-data: 0.21793861710466444
