times:
  edit-metadata: 1.5040648709982634
  landing: 0.01911090686917305
  view-data: 0.023711852729320526
