times:
  edit-metadata: 0.4972889390774071
  landing: 0.04300739010795951
  view-data: 0.1927596591413021
