times:
  edit-metadata: 1.5910117710009217
  landing: 0.9912402266636491
  view-data: 3.5390865337103605
