times:
  edit-metadata: 0.49895135988481343
  landing: 0.044350697891786695
  view-data: 0.19222430605441332
