times:
  edit-metadata: 1.348549566231668
  landing: 0.13766351342201233
  view-data: 0.024996004067361355
