times:
  edit-metadata: 1.5414515733718872
  landing: 0.7238268200308084
  view-data: 0.5224866550415754
