times:
  edit-metadata: 1.3766560852527618
  landing: 0.020430417731404305
  view-data: 0.026728295721113682
