times:
  edit-metadata: 1.501486238092184
  landing: 0.16051588393747807
  view-data: 0.026025498285889626
