times:
  edit-metadata: 0.5949794020270929
  landing: 0.07479895697906613
  view-data: 0.22332215995993465
