times:
  edit-metadata: 1.6321979407221079
  landing: 0.24165727570652962
  view-data: 0.322771854698658
