times:
  edit-metadata: 1.404765971004963
  landing: 0.12781217508018017
  view-data: 0.023293515667319298
