times:
  edit-metadata: 0.5071191471070051
  landing: 0.049886888824403286
  view-data: 0.19626130536198616
