times:
  edit-metadata: 0.49195543583482504
  landing: 0.04299145611003041
  view-data: 0.2039185999892652
