times:
  edit-metadata: 1.3358301157131791
  landing: 0.18617470376193523
  view-data: 0.12158187292516232
