times:
  edit-metadata: 1.4550600564107299
  landing: 0.12100665923207998
  view-data: 0.23027224279940128
