times:
  edit-metadata: 1.5762008260935545
  landing: 0.02133861370384693
  view-data: 0.34464795514941216
