times:
  edit-metadata: 1.6399379577487707
  landing: 0.9014477767050266
  view-data: 3.4825626388192177
