times:
  edit-metadata: 1.440053241327405
  landing: 0.7927997224032879
  view-data: 3.277616595849395
