times:
  edit-metadata: 1.663376190699637
  landing: 0.9448670046404004
  view-data: 3.4028986552730203
