times:
  edit-metadata: 1.528272669762373
  landing: 0.835818825289607
  view-data: 3.3489811066538095
