times:
  edit-metadata: 1.5826947409659624
  landing: 0.7835925184190273
  view-data: 3.457502644509077
