times:
  edit-metadata: 1.5102110523730516
  landing: 0.7803728114813566
  view-data: 3.4014588557183743
