times:
  edit-metadata: 1.4968499317765236
  landing: 0.8087699562311172
  view-data: 3.427043866366148
