times:
  edit-metadata: 1.568866666406393
  landing: 0.8484037555754185
  view-data: 3.4023403748869896
