times:
  edit-metadata: 1.3387541584670544
  landing: 0.7660378348082304
  view-data: 3.3663753550499678
