times:
  edit-metadata: 0.5888432299834676
  landing: 0.07391340797767043
  view-data: 0.22168782103108242
