times:
  edit-metadata: 1.7907683998346329
  landing: 1.0196486059576273
  view-data: 3.60459166765213
