times:
  edit-metadata: 0.4933575941249728
  landing: 0.04194552171975374
  view-data: 0.2007587719708681
