times:
  edit-metadata: 0.9649880229999326
  landing: 0.11267352799995933
  view-data: 0.30926872700001695
