times:
  edit-metadata: 1.3978802897036076
  landing: 0.7730558374896646
  view-data: 3.3502205684781075
