times:
  edit-metadata: 1.5157873071730137
  landing: 1.4117309711873531
  view-data: 3.444636397063732
