times:
  edit-metadata: 0.5163283166475594
  landing: 0.03693056898191571
  view-data: 0.2055310127325356
