times:
  edit-metadata: 0.5606962749734521
  landing: 0.11366294790059328
  view-data: 0.300604467978701
