times:
  edit-metadata: 0.4723910940811038
  landing: 0.042679274920374155
  view-data: 0.19282416999340057
