times:
  edit-metadata: 0.4883719701319933
  landing: 0.03948448784649372
  view-data: 0.19892778201028705
