times:
  edit-metadata: 0.4856303622946143
  landing: 0.041704509407281876
  view-data: 0.19749207142740488
