times:
  edit-metadata: 1.3579992735758424
  landing: 0.019957175478339195
  view-data: 0.0995165565982461
