times:
  edit-metadata: 1.5152925997972488
  landing: 0.7411936558783054
  view-data: 3.441944906488061
