times:
  edit-metadata: 1.5856175273656845
  landing: 0.890558335930109
  view-data: 3.388165546581149
