times:
  edit-metadata: 1.8590012714266777
  landing: 1.1028710082173347
  view-data: 3.480164799839258
