times:
  edit-metadata: 1.335259947925806
  landing: 0.8257085494697094
  view-data: 3.4003713242709637
