times:
  edit-metadata: 1.526657635346055
  landing: 0.14498114213347435
  view-data: 0.30625819601118565
