times:
  edit-metadata: 1.4178405487909913
  landing: 0.023988927714526653
  view-data: 0.024813025258481503
