times:
  edit-metadata: 0.5003417711704969
  landing: 0.07046570908278227
  view-data: 0.21194221870973706
