times:
  edit-metadata: 1.3493880657479167
  landing: 0.6769451489672065
  view-data: 3.3203588109463453
