times:
  edit-metadata: 0.4796303668990731
  landing: 0.03838952025398612
  view-data: 0.19374744221568108
