times:
  edit-metadata: 0.5933190267533064
  landing: 0.06147682573646307
  view-data: 0.22088983422145247
