times:
  edit-metadata: 1.4599830135703087
  landing: 0.7207292318344116
  view-data: 3.2960923798382282
