times:
  edit-metadata: 0.7433671858161688
  landing: 0.10133599396795034
  view-data: 0.21934793191030622
