times:
  edit-metadata: 0.4702157429419458
  landing: 0.044887297321110964
  view-data: 0.19653916312381625
