times:
  edit-metadata: 0.7641092140111141
  landing: 0.07327594800153747
  view-data: 0.2156420280225575
