times:
  edit-metadata: 1.4432785781100392
  landing: 0.023620668798685074
  view-data: 0.025792893022298813
