times:
  edit-metadata: 1.6654027048498392
  landing: 0.835995689034462
  view-data: 3.3384311702102423
