times:
  edit-metadata: 1.508771426975727
  landing: 0.9052573931403458
  view-data: 3.326004204340279
