times:
  edit-metadata: 1.6545158363878727
  landing: 0.21743382792919874
  view-data: 0.39815758541226387
