times:
  edit-metadata: 1.4138704622164369
  landing: 0.11554099339991808
  view-data: 0.026848632842302322
