times:
  edit-metadata: 1.3930399641394615
  landing: 0.8399264737963676
  view-data: 3.346093975007534
