times:
  edit-metadata: 1.4144704565405846
  landing: 0.1330338753759861
  view-data: 0.12393123283982277
