times:
  edit-metadata: 0.4799131350591779
  landing: 0.03962433687411249
  view-data: 0.1959695101249963
