times:
  edit-metadata: 0.509758064057678
  landing: 0.04972713068127632
  view-data: 0.20600714115425944
