times:
  edit-metadata: 1.5322070010006428
  landing: 0.8041145708411932
  view-data: 3.378576159477234
