times:
  edit-metadata: 1.380842518992722
  landing: 0.020351609215140343
  view-data: 0.02381060551851988
