times:
  edit-metadata: 0.5477948430925608
  landing: 0.06034256564453244
  view-data: 0.21763116167858243
