times:
  edit-metadata: 1.41692104190588
  landing: 0.9063513875007629
  view-data: 3.3698527812957764
