times:
  edit-metadata: 0.49105130415409803
  landing: 0.1034979959949851
  view-data: 0.21050414815545082
