times:
  edit-metadata: 1.6801791973412037
  landing: 0.2813589032739401
  view-data: 0.13043604232370853
