times:
  edit-metadata: 1.411209836602211
  landing: 0.922943077981472
  view-data: 3.3621962554752827
