times:
  edit-metadata: 0.5361973390681669
  landing: 0.05388174101244658
  view-data: 0.21381827699951828
