times:
  edit-metadata: 1.5000035110861063
  landing: 0.24762022122740746
  view-data: 0.12622431479394436
