times:
  edit-metadata: 1.3602924467995763
  landing: 0.019686639308929443
  view-data: 0.42531437426805496
