times:
  edit-metadata: 1.2938984939828515
  landing: 0.17508633621037006
  view-data: 0.14166418090462685
