times:
  edit-metadata: 1.8522851709276438
  landing: 1.0827677883207798
  view-data: 3.340863261371851
