times:
  edit-metadata: 1.5368996001780033
  landing: 0.7554067559540272
  view-data: 3.405010797083378
