times:
  edit-metadata: 1.3112232610583305
  landing: 0.7632920276373625
  view-data: 3.351756324991584
