times:
  edit-metadata: 1.3872432680800557
  landing: 0.8392822598107159
  view-data: 3.3645139860454947
