times:
  edit-metadata: 1.421062370762229
  landing: 0.018843673169612885
  view-data: 0.030371973291039467
