times:
  edit-metadata: 1.491106640547514
  landing: 1.0517459399998188
  view-data: 3.3791383169591427
