times:
  edit-metadata: 1.501610353589058
  landing: 0.8916006237268448
  view-data: 3.329924490302801
