times:
  edit-metadata: 0.4953379239886999
  landing: 0.07574907504022121
  view-data: 0.20594223914667964
