times:
  edit-metadata: 1.390139319933951
  landing: 0.7660644007846713
  view-data: 3.256143808364868
