times:
  edit-metadata: 0.5145145771093667
  landing: 0.04954081401228905
  view-data: 0.2024661828763783
