times:
  edit-metadata: 0.5067669618874788
  landing: 0.04138930141925812
  view-data: 0.19498318806290627
