times:
  edit-metadata: 0.4995592988561839
  landing: 0.0785315961111337
  view-data: 0.21222235797904432
