times:
  edit-metadata: 1.5282412897795439
  landing: 0.7750362046062946
  view-data: 3.3141281083226204
