times:
  edit-metadata: 0.5145398741587996
  landing: 0.04049745434895158
  view-data: 0.2027042298577726
