times:
  edit-metadata: 0.9084587851539254
  landing: 0.06174733163788915
  view-data: 0.2542845937423408
