times:
  edit-metadata: 1.4367193803191185
  landing: 0.20657946728169918
  view-data: 0.465798526071012
