times:
  edit-metadata: 0.5122946836054325
  landing: 0.04223881009966135
  view-data: 0.19852933939546347
