times:
  edit-metadata: 1.4344247989356518
  landing: 0.9057202115654945
  view-data: 3.3255771100521088
