times:
  edit-metadata: 1.5369853377342224
  landing: 0.7764126602560282
  view-data: 3.3293205481022596
