times:
  edit-metadata: 2.2164765037596226
  landing: 1.0606378503143787
  view-data: 3.3789810985326767
