times:
  edit-metadata: 1.4438151009380817
  landing: 1.112856924533844
  view-data: 3.3537346981465816
