times:
  edit-metadata: 0.4897544770501554
  landing: 0.05645842710509896
  view-data: 0.23001687787473202
