times:
  edit-metadata: 0.5808070278726518
  landing: 0.07035837695002556
  view-data: 0.22003719909116626
