times:
  edit-metadata: 0.49011052399873734
  landing: 0.05592015804722905
  view-data: 0.19579227128997445
