times:
  edit-metadata: 1.4433128144592047
  landing: 0.769873732700944
  view-data: 3.316144496202469
