times:
  edit-metadata: 1.5304042547941208
  landing: 0.8331885933876038
  view-data: 3.3867206051945686
