times:
  edit-metadata: 0.49496140610426664
  landing: 0.052479445934295654
  view-data: 0.18278701277449727
