times:
  edit-metadata: 1.8724495712667704
  landing: 0.9424317330121994
  view-data: 3.3409517724066973
