times:
  edit-metadata: 1.8063809052109718
  landing: 1.134826809167862
  view-data: 3.546009659767151
