times:
  edit-metadata: 1.301823508925736
  landing: 0.18204941879957914
  view-data: 0.025523383170366287
