times:
  edit-metadata: 1.4133848864585161
  landing: 0.8234960567206144
  view-data: 3.32917339168489
