times:
  edit-metadata: 1.6606515869498253
  landing: 0.9489367427304387
  view-data: 3.3702030070126057
