times:
  edit-metadata: 1.3689102744683623
  landing: 0.024354695342481136
  view-data: 0.031793070025742054
