times:
  edit-metadata: 1.4837695751339197
  landing: 0.018381444737315178
  view-data: 0.023218683898448944
