times:
  edit-metadata: 1.4818113334476948
  landing: 1.0984559953212738
  view-data: 3.421948414295912
