times:
  edit-metadata: 1.4229817315936089
  landing: 0.12903857044875622
  view-data: 0.025881774723529816
