times:
  edit-metadata: 0.5223372876644135
  landing: 0.05269011203199625
  view-data: 0.1972094401717186
