times:
  edit-metadata: 1.7092508878558874
  landing: 0.024809129536151886
  view-data: 0.021806182339787483
