times:
  edit-metadata: 2.099118698388338
  landing: 1.1417753510177135
  view-data: 3.547235891222954
