times:
  edit-metadata: 0.49028488574549556
  landing: 0.045331120025366545
  view-data: 0.1975049008615315
