times:
  edit-metadata: 0.5410710169817321
  landing: 0.050270748033653945
  view-data: 0.21593485301127657
