times:
  edit-metadata: 1.4410735443234444
  landing: 0.11370412446558475
  view-data: 0.40816151537001133
