times:
  edit-metadata: 1.505374163389206
  landing: 0.13370255939662457
  view-data: 0.02467227540910244
