times:
  edit-metadata: 0.6263619380188175
  landing: 0.050082468980690464
  view-data: 0.2211360999790486
