times:
  edit-metadata: 0.5221007028594613
  landing: 0.04432175029069185
  view-data: 0.20420487970113754
