times:
  edit-metadata: 0.6526990169659257
  landing: 0.046127185225486755
  view-data: 0.20368580892682076
