times:
  edit-metadata: 0.4644530047662556
  landing: 0.044251265935599804
  view-data: 0.19212465500459075
