times:
  edit-metadata: 0.5257981168106198
  landing: 0.07673958921805024
  view-data: 0.2132073137909174
