times:
  edit-metadata: 1.539704617112875
  landing: 0.817306375131011
  view-data: 3.4294014666229486
