times:
  edit-metadata: 1.3752720691263676
  landing: 0.020414093509316444
  view-data: 0.14653811790049076
