times:
  edit-metadata: 1.4596138801425695
  landing: 0.19788997620344162
  view-data: 0.026445617899298668
