times:
  edit-metadata: 1.3561941906809807
  landing: 0.023235464468598366
  view-data: 0.13122758641839027
