times:
  edit-metadata: 1.353608219884336
  landing: 0.02161816693842411
  view-data: 0.12249062955379486
