times:
  edit-metadata: 1.3407824384048581
  landing: 0.022182708606123924
  view-data: 0.02592753153294325
