times:
  edit-metadata: 1.3547343267127872
  landing: 0.01883267890661955
  view-data: 0.09914946928620338
