times:
  edit-metadata: 0.4665332022123039
  landing: 0.044384267181158066
  view-data: 0.197885372210294
