times:
  edit-metadata: 1.5207240115851164
  landing: 0.9788854233920574
  view-data: 3.3372982889413834
