times:
  edit-metadata: 0.5919804599834606
  landing: 0.0669490760192275
  view-data: 0.24184118100674823
