times:
  edit-metadata: 0.5027111582458019
  landing: 0.04378339508548379
  view-data: 0.1953386850655079
