times:
  edit-metadata: 0.49582315189763904
  landing: 0.0715123179834336
  view-data: 0.21572829806245863
