times:
  edit-metadata: 1.4608133267611265
  landing: 0.14336845465004444
  view-data: 0.38831139355897903
