times:
  edit-metadata: 1.3264850117266178
  landing: 0.8471223078668118
  view-data: 3.292329803109169
