times:
  edit-metadata: 1.381270730867982
  landing: 0.021671363152563572
  view-data: 0.20730303786695004
