times:
  edit-metadata: 0.6759802750311792
  landing: 0.07021504966542125
  view-data: 0.3355344100855291
