times:
  edit-metadata: 1.620926946401596
  landing: 0.8761074505746365
  view-data: 3.4285420067608356
