times:
  edit-metadata: 1.3663218468427658
  landing: 0.023718825541436672
  view-data: 0.11971150059252977
