times:
  edit-metadata: 1.4270796403288841
  landing: 0.8871315494179726
  view-data: 3.383615206927061
