times:
  edit-metadata: 1.5083141811192036
  landing: 25.21437748335302
  view-data: 3.313562722876668
