times:
  edit-metadata: 0.5159492311067879
  landing: 0.04121510777622461
  view-data: 0.19773654034361243
