times:
  edit-metadata: 0.5070078959688544
  landing: 0.04990123771131039
  view-data: 0.2049922775477171
