times:
  edit-metadata: 1.3334840284660459
  landing: 0.02043567132204771
  view-data: 0.02632822934538126
