times:
  edit-metadata: 1.4779212810099125
  landing: 0.7341712675988674
  view-data: 3.310739178210497
