times:
  edit-metadata: 0.49298931704834104
  landing: 0.07437794702127576
  view-data: 0.21737888199277222
