times:
  edit-metadata: 1.6929008588194847
  landing: 1.242348838597536
  view-data: 3.3536300361156464
