times:
  edit-metadata: 0.4691850459203124
  landing: 0.03841342777013779
  view-data: 0.20264115184545517
