times:
  edit-metadata: 1.622200571000576
  landing: 1.2880360968410969
  view-data: 3.3895353376865387
