times:
  edit-metadata: 1.4344241144135594
  landing: 0.724613050930202
  view-data: 3.3315315460786223
