times:
  edit-metadata: 1.3508169688284397
  landing: 0.8438463509082794
  view-data: 3.3908726945519447
