times:
  edit-metadata: 1.3627610057592392
  landing: 0.13530094549059868
  view-data: 0.022764308378100395
