times:
  edit-metadata: 1.6711443662643433
  landing: 0.8084212336689234
  view-data: 3.3762760646641254
