times:
  edit-metadata: 0.508807057980448
  landing: 0.048997883684933186
  view-data: 0.20380909088999033
