times:
  edit-metadata: 1.5095165148377419
  landing: 0.7601396720856428
  view-data: 3.3968221973627806
