times:
  edit-metadata: 1.4180420422926545
  landing: 0.021208452992141247
  view-data: 0.11640749964863062
