times:
  edit-metadata: 0.4917458691634238
  landing: 0.06162090506404638
  view-data: 0.2195005079265684
