times:
  edit-metadata: 1.3835857883095741
  landing: 1.2950719138607383
  view-data: 3.3207605704665184
