times:
  edit-metadata: 1.5261275828815997
  landing: 0.8802407216280699
  view-data: 3.4500260008499026
