times:
  edit-metadata: 0.4984957880806178
  landing: 0.06939721200615168
  view-data: 0.22295840294100344
