times:
  edit-metadata: 0.47180871199816465
  landing: 0.052049434976652265
  view-data: 0.18765998701564968
