times:
  edit-metadata: 0.5026940680108964
  landing: 0.05271180626004934
  view-data: 0.20150264585390687
