times:
  edit-metadata: 0.5288614130113274
  landing: 0.05012097000144422
  view-data: 0.2176064579980448
