times:
  edit-metadata: 2.328332595527172
  landing: 0.13888457603752613
  view-data: 0.42156701162457466
