times:
  edit-metadata: 0.5665557370521128
  landing: 0.08995259599760175
  view-data: 0.2965315352194011
