times:
  edit-metadata: 0.7457335200160742
  landing: 0.12943752203136683
  view-data: 0.3309938828460872
