times:
  edit-metadata: 1.5117179863154888
  landing: 0.6972938738763332
  view-data: 3.344003750011325
