times:
  edit-metadata: 1.4098565634340048
  landing: 0.01931643858551979
  view-data: 0.28521005995571613
