times:
  edit-metadata: 1.4068321455270052
  landing: 0.11673249676823616
  view-data: 0.02512100711464882
