times:
  edit-metadata: 0.5676163397729397
  landing: 0.06963897403329611
  view-data: 0.2185003380291164
