times:
  edit-metadata: 1.3731121681630611
  landing: 0.19865498878061771
  view-data: 0.10478131286799908
