times:
  edit-metadata: 2.269941795617342
  landing: 1.1100452244281769
  view-data: 3.510328434407711
