times:
  edit-metadata: 1.4340691454708576
  landing: 0.18877936899662018
  view-data: 0.28881214186549187
