times:
  edit-metadata: 1.5137672610580921
  landing: 0.7146141678094864
  view-data: 3.366992551833391
