times:
  edit-metadata: 1.3719468414783478
  landing: 0.019930760376155376
  view-data: 0.10277850739657879
