times:
  edit-metadata: 0.5040149660781026
  landing: 0.07569583202712238
  view-data: 0.3548691130708903
