times:
  edit-metadata: 1.3456606762483716
  landing: 0.020471183583140373
  view-data: 0.023793363943696022
