times:
  edit-metadata: 1.331891406327486
  landing: 0.12258299440145493
  view-data: 0.19181889947503805
