times:
  edit-metadata: 1.425575508037582
  landing: 0.7034976980648935
  view-data: 3.3664351750630885
