times:
  edit-metadata: 0.702811213908717
  landing: 0.06435184506699443
  view-data: 0.205362387932837
