times:
  edit-metadata: 1.4726587273180485
  landing: 0.1392041351646185
  view-data: 0.32801080867648125
