times:
  edit-metadata: 0.5698774000629783
  landing: 0.07273745897691697
  view-data: 0.22502467804588377
