times:
  edit-metadata: 0.5542108099907637
  landing: 0.05533146392554045
  view-data: 0.20527640799991786
