times:
  edit-metadata: 1.7672000415623188
  landing: 0.9663640223443508
  view-data: 3.3643758557736874
