times:
  edit-metadata: 1.3328038267791271
  landing: 0.021541900001466274
  view-data: 0.022744230926036835
