times:
  edit-metadata: 1.3596966518089175
  landing: 0.020717667415738106
  view-data: 0.02579409535974264
