times:
  edit-metadata: 1.3569517424330115
  landing: 0.1357080116868019
  view-data: 0.02882467955350876
