times:
  edit-metadata: 1.3990052388980985
  landing: 0.023104938678443432
  view-data: 0.1199851194396615
