times:
  edit-metadata: 1.4779523313045502
  landing: 0.839694119989872
  view-data: 3.338470846414566
