times:
  edit-metadata: 0.4926807736046612
  landing: 0.05416563991457224
  view-data: 0.1839556936174631
