times:
  edit-metadata: 0.5958613520488143
  landing: 0.06903566501569003
  view-data: 0.22146551602054387
