times:
  edit-metadata: 1.6096279174089432
  landing: 0.023333830758929253
  view-data: 0.3557992000132799
