times:
  edit-metadata: 1.4642497524619102
  landing: 0.020206475630402565
  view-data: 0.029306616634130478
