times:
  edit-metadata: 1.670917509123683
  landing: 0.2352990321815014
  view-data: 0.024488583207130432
