times:
  edit-metadata: 1.692743320018053
  landing: 1.0271442756056786
  view-data: 3.3354311883449554
