times:
  edit-metadata: 1.1965505669359118
  landing: 0.7856081819627434
  view-data: 3.389957301085815
