times:
  edit-metadata: 0.5037789540365338
  landing: 0.05083835497498512
  view-data: 0.18663144391030073
