times:
  edit-metadata: 0.6740000220015645
  landing: 0.10362648800946772
  view-data: 0.29157158502493985
