times:
  edit-metadata: 0.5563469883054495
  landing: 0.03867976274341345
  view-data: 0.1993876574561
