times:
  edit-metadata: 0.49421470100060105
  landing: 0.04634626302868128
  view-data: 0.20358681678771973
