times:
  edit-metadata: 1.3986900094896555
  landing: 0.20733410120010376
  view-data: 0.12009058613330126
