times:
  edit-metadata: 0.4824560550041497
  landing: 0.046031292993575335
  view-data: 0.32762017915956676
