times:
  edit-metadata: 0.5000264728441834
  landing: 0.04344507027417421
  view-data: 0.20008929260075092
