times:
  edit-metadata: 2.3938211565837264
  landing: 0.40041729155927896
  view-data: 0.20701238233596087
