times:
  edit-metadata: 1.3206322640180588
  landing: 0.6610463820397854
  view-data: 3.364610254764557
