times:
  edit-metadata: 1.4593904372304678
  landing: 0.9507817523553967
  view-data: 3.361944747157395
