times:
  edit-metadata: 1.430263583548367
  landing: 0.02010273188352585
  view-data: 0.02616341318935156
