times:
  edit-metadata: 0.5018135760910809
  landing: 0.07540736440569162
  view-data: 0.22688373317942023
