times:
  edit-metadata: 1.483599653467536
  landing: 0.7261961530894041
  view-data: 3.373719671741128
