times:
  edit-metadata: 0.47852134611457586
  landing: 0.03774578915908933
  view-data: 0.19405931001529098
