times:
  edit-metadata: 1.3805070258677006
  landing: 0.7440414316952229
  view-data: 3.261303123086691
