times:
  edit-metadata: 1.517930794507265
  landing: 0.14540855586528778
  view-data: 0.10204892233014107
