times:
  edit-metadata: 1.4147381279617548
  landing: 0.12353817000985146
  view-data: 0.14765257574617863
