times:
  edit-metadata: 0.47108759405091405
  landing: 0.06101174699142575
  view-data: 0.17838249099440873
