times:
  edit-metadata: 1.2714785356074572
  landing: 0.9171202331781387
  view-data: 3.3785841036587954
