times:
  edit-metadata: 1.4250138588249683
  landing: 1.0175644420087337
  view-data: 3.456014219671488
