times:
  edit-metadata: 1.6986095756292343
  landing: 0.8741044737398624
  view-data: 3.413314338773489
