times:
  edit-metadata: 1.3107578279450536
  landing: 0.6458071153610945
  view-data: 3.3396953409537673
