times:
  edit-metadata: 2.038529621437192
  landing: 0.2288147285580635
  view-data: 0.41783324256539345
