times:
  edit-metadata: 1.519501131027937
  landing: 0.7100210282951593
  view-data: 3.4292324986308813
