times:
  edit-metadata: 2.1953835310414433
  landing: 0.21843045763671398
  view-data: 0.02951128128916025
