times:
  edit-metadata: 0.4826205801218748
  landing: 0.043860679026693106
  view-data: 0.20005279080942273
