times:
  edit-metadata: 1.3716898299753666
  landing: 0.019595316611230373
  view-data: 0.027888338081538677
