times:
  edit-metadata: 1.4354288037866354
  landing: 0.022023078054189682
  view-data: 0.15755723789334297
