times:
  edit-metadata: 1.5718326456844807
  landing: 0.8057365696877241
  view-data: 3.40065454877913
