times:
  edit-metadata: 1.5021800212562084
  landing: 0.8267922680824995
  view-data: 3.4215236213058233
