times:
  edit-metadata: 0.5026076680514961
  landing: 0.08148339705076069
  view-data: 0.21319536899682134
