times:
  edit-metadata: 1.6087755002081394
  landing: 0.9806977994740009
  view-data: 3.4174964763224125
