times:
  edit-metadata: 1.390548164024949
  landing: 0.16131290700286627
  view-data: 0.24209998827427626
