times:
  edit-metadata: 1.4021849278360605
  landing: 0.026228923350572586
  view-data: 0.3413681276142597
