times:
  edit-metadata: 0.5565121350809932
  landing: 0.08049209997989237
  view-data: 0.21418157313019037
