times:
  edit-metadata: 1.5944288969039917
  landing: 1.0321256183087826
  view-data: 3.4421840831637383
