times:
  edit-metadata: 0.5710389511659741
  landing: 0.06947638699784875
  view-data: 0.2029275461100042
