times:
  edit-metadata: 1.3463951824232936
  landing: 0.02075448539108038
  view-data: 0.026799277402460575
