times:
  edit-metadata: 1.9294631965458393
  landing: 0.30041785165667534
  view-data: 0.31571781262755394
