times:
  edit-metadata: 1.843442676588893
  landing: 0.2192908562719822
  view-data: 0.17344555258750916
