times:
  edit-metadata: 1.7035378199070692
  landing: 0.28043836168944836
  view-data: 0.3695156369358301
