times:
  edit-metadata: 1.4036319982260466
  landing: 0.21269545797258615
  view-data: 0.19403003808110952
