times:
  edit-metadata: 2.2506302017718554
  landing: 0.45941306464374065
  view-data: 0.5531920036301017
