times:
  edit-metadata: 1.6526111140847206
  landing: 0.8898857086896896
  view-data: 3.3926282674074173
