times:
  edit-metadata: 1.5392546560615301
  landing: 0.2873340453952551
  view-data: 0.3454321566969156
