times:
  edit-metadata: 0.5006190841086209
  landing: 0.040870381984859705
  view-data: 0.19648288609459996
