times:
  edit-metadata: 1.6504708006978035
  landing: 1.131054062396288
  view-data: 3.3958204463124275
