times:
  edit-metadata: 1.3319385601207614
  landing: 0.742419752990827
  view-data: 3.3119149568956345
