times:
  edit-metadata: 0.47926800209097564
  landing: 0.04235908202826977
  view-data: 0.1913544691633433
