times:
  edit-metadata: 0.6213514951523393
  landing: 0.1251227289903909
  view-data: 0.2562535230536014
