times:
  edit-metadata: 0.4965978760737926
  landing: 0.0804052910534665
  view-data: 0.20767698006238788
