times:
  edit-metadata: 1.3634087815880775
  landing: 0.8561535105109215
  view-data: 3.388606570661068
