times:
  edit-metadata: 0.47321593202650547
  landing: 0.04916860582306981
  view-data: 0.19587732758373022
