times:
  edit-metadata: 0.5362587571144104
  landing: 0.07495867926627398
  view-data: 0.20586033537983894
