times:
  edit-metadata: 2.1352842524647713
  landing: 0.8868267480283976
  view-data: 3.40480755828321
