times:
  edit-metadata: 1.488008365035057
  landing: 0.928837213665247
  view-data: 3.434168502688408
