times:
  edit-metadata: 0.4985050316900015
  landing: 0.0423343675211072
  view-data: 0.1989480433985591
