times:
  edit-metadata: 0.4894332722760737
  landing: 0.04096738435328007
  view-data: 0.20158511819317937
