times:
  edit-metadata: 1.4460569424554706
  landing: 0.1964053576812148
  view-data: 0.11920964531600475
