times:
  edit-metadata: 1.9396733306348324
  landing: 1.156330019235611
  view-data: 3.5247789584100246
