times:
  edit-metadata: 0.501343356911093
  landing: 0.04506136802956462
  view-data: 0.18764317920431495
