times:
  edit-metadata: 0.590722193941474
  landing: 0.06330870604142547
  view-data: 0.23003628011792898
