times:
  edit-metadata: 1.6544088572263718
  landing: 0.25589301623404026
  view-data: 0.40736496075987816
