times:
  edit-metadata: 1.560405507683754
  landing: 0.7389835957437754
  view-data: 3.4056850373744965
