times:
  edit-metadata: 2.108633030205965
  landing: 1.0157788908109069
  view-data: 3.3997164266183972
