times:
  edit-metadata: 1.6305245086550713
  landing: 1.0885624028742313
  view-data: 3.402556352317333
