times:
  edit-metadata: 1.3217852981761098
  landing: 0.020386124029755592
  view-data: 0.02273945789784193
