times:
  edit-metadata: 1.4172801729291677
  landing: 0.09747754782438278
  view-data: 0.12338225822895765
