times:
  edit-metadata: 1.3764656633138657
  landing: 0.022947555407881737
  view-data: 0.3350129406899214
