times:
  edit-metadata: 1.8609347390010953
  landing: 0.7197332475334406
  view-data: 3.3162097558379173
