times:
  edit-metadata: 1.5134914256632328
  landing: 0.7617405727505684
  view-data: 3.384333113208413
