times:
  edit-metadata: 1.5652719531208277
  landing: 0.21563307382166386
  view-data: 0.024457160383462906
