times:
  edit-metadata: 1.4291197662241757
  landing: 0.7697095051407814
  view-data: 3.354676262009889
