times:
  edit-metadata: 1.99821687489748
  landing: 0.8877198398113251
  view-data: 3.3491350188851357
