times:
  edit-metadata: 1.4574234336614609
  landing: 0.8126606196165085
  view-data: 3.52523310482502
