times:
  edit-metadata: 1.9053794741630554
  landing: 1.0674903392791748
  view-data: 3.5666240081191063
