times:
  edit-metadata: 1.9972862713038921
  landing: 1.056405320763588
  view-data: 3.3651885390281677
