times:
  edit-metadata: 1.4556995406746864
  landing: 1.0569209456443787
  view-data: 3.55158594250679
