times:
  edit-metadata: 1.5214967280626297
  landing: 0.8251212164759636
  view-data: 3.301356941461563
