times:
  edit-metadata: 1.655698113143444
  landing: 0.9124359115958214
  view-data: 3.276943437755108
