times:
  edit-metadata: 2.761999137699604
  landing: 1.0714810267090797
  view-data: 3.3631951957941055
