times:
  edit-metadata: 1.4199554845690727
  landing: 0.948036789894104
  view-data: 3.3181026354432106
