times:
  edit-metadata: 1.4091800525784492
  landing: 0.8198314309120178
  view-data: 3.562026970088482
