times:
  edit-metadata: 1.6508299633860588
  landing: 0.9102027118206024
  view-data: 3.502878323197365
