times:
  edit-metadata: 1.7841086462140083
  landing: 1.0639200285077095
  view-data: 3.3180996999144554
