times:
  edit-metadata: 1.5034931600093842
  landing: 0.8469890579581261
  view-data: 3.5298430025577545
