times:
  edit-metadata: 1.527886874973774
  landing: 0.9712349399924278
  view-data: 3.352190874516964
