times:
  edit-metadata: 1.3239406421780586
  landing: 0.8852443024516106
  view-data: 3.4518605321645737
