times:
  edit-metadata: 1.5012714937329292
  landing: 1.1008194610476494
  view-data: 3.5029029473662376
