times:
  edit-metadata: 1.8741904757916927
  landing: 1.0982274785637856
  view-data: 3.350367020815611
