times:
  edit-metadata: 1.4878775775432587
  landing: 0.9049538373947144
  view-data: 3.538479320704937
