times:
  edit-metadata: 1.4474250227212906
  landing: 0.7632450088858604
  view-data: 3.5093250945210457
