times:
  edit-metadata: 1.4529764354228973
  landing: 0.7403948754072189
  view-data: 3.465632751584053
