times:
  edit-metadata: 1.356546975672245
  landing: 0.8192347511649132
  view-data: 3.4611034840345383
