times:
  edit-metadata: 1.4924776330590248
  landing: 0.8248957246541977
  view-data: 3.50698871165514
