times:
  edit-metadata: 1.40152008831501
  landing: 0.8843265846371651
  view-data: 3.416175052523613
