times:
  edit-metadata: 2.530841998755932
  landing: 1.3652301505208015
  view-data: 3.659817337989807
