times:
  edit-metadata: 1.4266537614166737
  landing: 0.7519842386245728
  view-data: 3.3340479135513306
