times:
  edit-metadata: 1.4835024140775204
  landing: 1.0354268699884415
  view-data: 3.311648439615965
