times:
  edit-metadata: 1.7193971276283264
  landing: 0.9028555452823639
  view-data: 3.3247554898262024
