times:
  edit-metadata: 1.3549131602048874
  landing: 0.9813347235321999
  view-data: 3.603206656873226
