times:
  edit-metadata: 2.163561336696148
  landing: 1.5092807114124298
  view-data: 3.357559382915497
