times:
  edit-metadata: 1.438747078180313
  landing: 0.813725683838129
  view-data: 3.2755727656185627
