times:
  edit-metadata: 1.3988086767494678
  landing: 0.7816271521151066
  view-data: 3.2661159075796604
