times:
  edit-metadata: 1.479439690709114
  landing: 0.9384084828197956
  view-data: 3.3390543572604656
