times:
  edit-metadata: 1.3574591428041458
  landing: 0.9464369937777519
  view-data: 3.6226710975170135
