times:
  edit-metadata: 2.77958095818758
  landing: 1.467167504131794
  view-data: 3.589284762740135
