times:
  edit-metadata: 1.346522569656372
  landing: 0.8592190593481064
  view-data: 3.564592055976391
