times:
  edit-metadata: 1.7457976751029491
  landing: 1.0501044392585754
  view-data: 3.3396868146955967
