times:
  edit-metadata: 1.8094323612749577
  landing: 1.004087932407856
  view-data: 3.442682981491089
