times:
  edit-metadata: 1.4671377167105675
  landing: 0.7856974080204964
  view-data: 3.4805870205163956
