times:
  edit-metadata: 1.4292600825428963
  landing: 0.7202810645103455
  view-data: 3.3687348924577236
