times:
  edit-metadata: 1.477928340435028
  landing: 1.2809992656111717
  view-data: 3.311917044222355
