times:
  edit-metadata: 1.3085213974118233
  landing: 0.7905516996979713
  view-data: 3.531763345003128
