times:
  edit-metadata: 1.4991302974522114
  landing: 0.9382549151778221
  view-data: 3.423299890011549
