times:
  edit-metadata: 1.4510050229728222
  landing: 0.9947216585278511
  view-data: 3.3062600158154964
