times:
  edit-metadata: 2.0696786269545555
  landing: 1.2466798424720764
  view-data: 3.44440545886755
