times:
  edit-metadata: 1.3827038332819939
  landing: 0.8563905470073223
  view-data: 3.2820897549390793
