times:
  edit-metadata: 1.59889779612422
  landing: 0.88003134354949
  view-data: 3.38433588296175
