times:
  edit-metadata: 1.4395805522799492
  landing: 0.9098746925592422
  view-data: 3.4800158590078354
