times:
  edit-metadata: 1.383774470537901
  landing: 0.9327519275248051
  view-data: 3.3321886248886585
