times:
  edit-metadata: 1.3790434747934341
  landing: 1.1501035019755363
  view-data: 3.3054885417222977
