times:
  edit-metadata: 1.410315103828907
  landing: 0.836511455476284
  view-data: 3.5272912457585335
