times:
  edit-metadata: 1.3242535218596458
  landing: 0.7404885143041611
  view-data: 3.5034877210855484
