times:
  edit-metadata: 2.435605965554714
  landing: 1.2866047844290733
  view-data: 3.3939162865281105
