times:
  edit-metadata: 1.4154886901378632
  landing: 0.890697780996561
  view-data: 3.297438994050026
