times:
  edit-metadata: 1.6739960387349129
  landing: 0.7382948845624924
  view-data: 3.445826917886734
