times:
  edit-metadata: 1.4142873734235764
  landing: 0.7768989130854607
  view-data: 3.278644636273384
