times:
  edit-metadata: 1.4414731413125992
  landing: 0.7635731473565102
  view-data: 3.5443121194839478
