times:
  edit-metadata: 1.6565575525164604
  landing: 1.127564325928688
  view-data: 3.3843309357762337
