times:
  edit-metadata: 1.3875620141625404
  landing: 0.7608100026845932
  view-data: 3.4909041225910187
