times:
  edit-metadata: 1.5161376670002937
  landing: 0.759671151638031
  view-data: 3.2873742394149303
