times:
  edit-metadata: 1.449122168123722
  landing: 0.9174568168818951
  view-data: 3.4086328372359276
