times:
  edit-metadata: 1.7476273775100708
  landing: 1.090271983295679
  view-data: 3.387434460222721
