times:
  edit-metadata: 1.4576892629265785
  landing: 0.7625942453742027
  view-data: 3.4044898822903633
