times:
  edit-metadata: 1.4869784489274025
  landing: 0.842408113181591
  view-data: 3.5403114184737206
