times:
  edit-metadata: 1.6137437224388123
  landing: 0.956905122846365
  view-data: 3.3539094403386116
