times:
  edit-metadata: 1.5863491706550121
  landing: 0.8657025992870331
  view-data: 3.360619094222784
