times:
  edit-metadata: 1.6675273552536964
  landing: 0.9183089435100555
  view-data: 3.55055845528841
