times:
  edit-metadata: 1.673482596874237
  landing: 0.9089333862066269
  view-data: 3.398885913193226
