times:
  edit-metadata: 2.8771134354174137
  landing: 1.3578200228512287
  view-data: 3.521078310906887
