times:
  edit-metadata: 1.416309341788292
  landing: 1.1273321434855461
  view-data: 3.3417714089155197
