times:
  edit-metadata: 1.6861428543925285
  landing: 1.088574193418026
  view-data: 3.6615642085671425
