times:
  edit-metadata: 1.7329890802502632
  landing: 0.9021060913801193
  view-data: 3.6127185001969337
