times:
  edit-metadata: 1.4038753733038902
  landing: 1.0319870933890343
  view-data: 3.4271893426775932
