times:
  edit-metadata: 1.4059949964284897
  landing: 0.8847955763339996
  view-data: 3.510365203022957
