times:
  edit-metadata: 1.5184124670922756
  landing: 0.8529088981449604
  view-data: 3.302900616079569
