times:
  edit-metadata: 1.6262430921196938
  landing: 0.9026009291410446
  view-data: 3.5065445601940155
