times:
  edit-metadata: 1.444331832230091
  landing: 0.856978002935648
  view-data: 3.3631472140550613
