times:
  edit-metadata: 1.4399075657129288
  landing: 0.7411834076046944
  view-data: 3.434476338326931
