times:
  edit-metadata: 1.5281415432691574
  landing: 0.8273093029856682
  view-data: 3.4675068110227585
