times:
  edit-metadata: 1.431944616138935
  landing: 0.7760781832039356
  view-data: 3.2797737270593643
