times:
  edit-metadata: 1.438072081655264
  landing: 0.7643074057996273
  view-data: 3.3251256681978703
