times:
  edit-metadata: 1.7153740376234055
  landing: 0.8604020848870277
  view-data: 3.539277046918869
