times:
  edit-metadata: 1.5577448941767216
  landing: 0.8210360072553158
  view-data: 3.331282652914524
