times:
  edit-metadata: 1.5138313621282578
  landing: 0.8221881687641144
  view-data: 3.5490632504224777
