times:
  edit-metadata: 1.4390179589390755
  landing: 0.7768021374940872
  view-data: 3.3943339064717293
