times:
  edit-metadata: 1.512949202209711
  landing: 0.8080799244344234
  view-data: 3.2928505055606365
