times:
  edit-metadata: 1.7400582060217857
  landing: 1.4286932349205017
  view-data: 3.309279315173626
