times:
  edit-metadata: 1.4380324445664883
  landing: 0.9401005655527115
  view-data: 3.283905830234289
