times:
  edit-metadata: 1.516954742372036
  landing: 0.8078623861074448
  view-data: 3.3672715574502945
