times:
  edit-metadata: 1.478638470172882
  landing: 0.7566453069448471
  view-data: 3.3850382938981056
