times:
  edit-metadata: 1.9504814520478249
  landing: 1.0738547705113888
  view-data: 3.2880204282701015
