times:
  edit-metadata: 2.4288476891815662
  landing: 1.3214080184698105
  view-data: 3.4436728581786156
