times:
  edit-metadata: 1.5267290510237217
  landing: 0.825695626437664
  view-data: 3.2917978391051292
