times:
  edit-metadata: 1.3961517661809921
  landing: 0.784123882651329
  view-data: 3.3438340425491333
