times:
  edit-metadata: 1.7498377449810505
  landing: 1.080657947808504
  view-data: 3.6368193365633488
