times:
  edit-metadata: 1.5182614848017693
  landing: 0.9024962037801743
  view-data: 3.343773666769266
