times:
  edit-metadata: 1.5230771526694298
  landing: 0.8150033205747604
  view-data: 3.4383357912302017
