times:
  edit-metadata: 1.584569700062275
  landing: 0.9649415500462055
  view-data: 3.324825767427683
