times:
  edit-metadata: 1.4536527954041958
  landing: 0.7980188131332397
  view-data: 3.3254848420619965
