times:
  edit-metadata: 1.8073674365878105
  landing: 0.7941002771258354
  view-data: 3.3910078704357147
