times:
  edit-metadata: 1.6135425195097923
  landing: 0.7657469809055328
  view-data: 3.592266947031021
