times:
  edit-metadata: 1.5633236058056355
  landing: 0.8076900281012058
  view-data: 3.314055748283863
