times:
  edit-metadata: 1.6741160973906517
  landing: 0.7464312314987183
  view-data: 3.3632470220327377
