times:
  edit-metadata: 1.9145539924502373
  landing: 0.8684697151184082
  view-data: 3.291987307369709
