times:
  edit-metadata: 1.7641490697860718
  landing: 0.9593067467212677
  view-data: 3.505395509302616
