times:
  edit-metadata: 1.5308791473507881
  landing: 0.8115534335374832
  view-data: 3.478686101734638
