times:
  edit-metadata: 1.5278704389929771
  landing: 0.8707507401704788
  view-data: 3.54096819460392
