times:
  edit-metadata: 1.7406281344592571
  landing: 0.8986521810293198
  view-data: 3.308978833258152
