times:
  edit-metadata: 1.4609745144844055
  landing: 0.7553995326161385
  view-data: 3.2677732184529305
