times:
  edit-metadata: 2.2051652260124683
  landing: 1.4105247184634209
  view-data: 3.447738468647003
