times:
  edit-metadata: 1.5655503049492836
  landing: 0.9041949883103371
  view-data: 3.4653518348932266
