times:
  edit-metadata: 1.3796499446034431
  landing: 0.8076490201056004
  view-data: 3.3434104435145855
