times:
  edit-metadata: 2.3066684901714325
  landing: 1.3868834972381592
  view-data: 3.6233425438404083
