times:
  edit-metadata: 1.5572299808263779
  landing: 0.7776211202144623
  view-data: 3.545540116727352
