times:
  edit-metadata: 1.58661525323987
  landing: 0.9668364375829697
  view-data: 3.3280685767531395
