times:
  edit-metadata: 1.4087000340223312
  landing: 0.7369004786014557
  view-data: 3.5270410925149918
