times:
  edit-metadata: 2.3775058314204216
  landing: 1.3491805791854858
  view-data: 3.8909188136458397
