times:
  edit-metadata: 1.8179780915379524
  landing: 0.9139593914151192
  view-data: 3.5073076263070107
