times:
  edit-metadata: 1.5058988854289055
  landing: 0.7420006096363068
  view-data: 3.5798018276691437
