times:
  edit-metadata: 1.4621775895357132
  landing: 0.9137532562017441
  view-data: 3.5083304792642593
