times:
  edit-metadata: 1.5007073506712914
  landing: 0.8447289764881134
  view-data: 3.4796812683343887
