times:
  edit-metadata: 1.8277920708060265
  landing: 0.9380011484026909
  view-data: 3.3130945563316345
