times:
  edit-metadata: 1.9805003330111504
  landing: 0.9399995133280754
  view-data: 3.5562846660614014
