times:
  edit-metadata: 1.4495563954114914
  landing: 0.9670770652592182
  view-data: 3.3046520575881004
