times:
  edit-metadata: 1.42168677598238
  landing: 0.8328867182135582
  view-data: 3.461412914097309
