times:
  edit-metadata: 1.4993781074881554
  landing: 1.2690897956490517
  view-data: 3.604377143085003
