times:
  edit-metadata: 1.6147243455052376
  landing: 0.8858493342995644
  view-data: 3.467222884297371
