times:
  edit-metadata: 1.533347461372614
  landing: 0.7843335866928101
  view-data: 3.352646943181753
