times:
  edit-metadata: 1.9399828612804413
  landing: 1.0666043311357498
  view-data: 3.730869844555855
