times:
  edit-metadata: 2.28445977717638
  landing: 0.9641221761703491
  view-data: 3.6517535746097565
