times:
  edit-metadata: 1.4592031762003899
  landing: 0.8053763806819916
  view-data: 3.596654400229454
