times:
  edit-metadata: 1.7774363830685616
  landing: 0.9668475240468979
  view-data: 3.5233926102519035
