times:
  edit-metadata: 1.3501259312033653
  landing: 0.819568894803524
  view-data: 3.2826761789619923
