times:
  edit-metadata: 1.4320168979465961
  landing: 0.8717626705765724
  view-data: 3.2687586322426796
