times:
  edit-metadata: 1.409340649843216
  landing: 0.8180217519402504
  view-data: 3.2874655053019524
