times:
  edit-metadata: 1.9362444914877415
  landing: 1.169863287359476
  view-data: 3.4094961173832417
