times:
  edit-metadata: 1.3873988464474678
  landing: 0.7924189493060112
  view-data: 3.37380750477314
