times:
  edit-metadata: 1.8124035745859146
  landing: 1.3210976496338844
  view-data: 3.580223500728607
