times:
  edit-metadata: 1.4203336015343666
  landing: 0.8182479441165924
  view-data: 3.3604806140065193
