times:
  edit-metadata: 1.4888668283820152
  landing: 1.042971733957529
  view-data: 3.3206944204866886
