times:
  edit-metadata: 2.2407056465744972
  landing: 1.1130882948637009
  view-data: 3.851924642920494
