times:
  edit-metadata: 1.4163603112101555
  landing: 0.9300665482878685
  view-data: 3.4420844838023186
