times:
  edit-metadata: 1.4855520278215408
  landing: 1.081359751522541
  view-data: 3.6224572136998177
