times:
  edit-metadata: 1.9669704027473927
  landing: 1.4284670017659664
  view-data: 3.3791723661124706
