times:
  edit-metadata: 1.4983189851045609
  landing: 0.8593868725001812
  view-data: 3.35040520504117
