times:
  edit-metadata: 1.5066574662923813
  landing: 0.8995489627122879
  view-data: 3.607415534555912
