times:
  edit-metadata: 1.4486177079379559
  landing: 0.8736202791333199
  view-data: 3.3095892257988453
