times:
  edit-metadata: 1.642125517129898
  landing: 0.814558994024992
  view-data: 3.3358209766447544
