times:
  edit-metadata: 1.401517890393734
  landing: 1.2408870682120323
  view-data: 3.468569092452526
