times:
  edit-metadata: 1.4351068288087845
  landing: 0.8785881027579308
  view-data: 3.4144595190882683
