times:
  edit-metadata: 1.6710194125771523
  landing: 0.8947780504822731
  view-data: 3.4943691790103912
