times:
  edit-metadata: 1.5566397309303284
  landing: 0.8112353757023811
  view-data: 3.6533424630761147
