times:
  edit-metadata: 1.4210155457258224
  landing: 0.7785850316286087
  view-data: 3.362351082265377
