times:
  edit-metadata: 1.4236134439706802
  landing: 1.1324787363409996
  view-data: 3.408839985728264
