times:
  edit-metadata: 1.4626491591334343
  landing: 0.8295535817742348
  view-data: 3.4872796162962914
