times:
  edit-metadata: 1.3403035253286362
  landing: 0.8324559256434441
  view-data: 3.314190238714218
