times:
  edit-metadata: 1.656907070428133
  landing: 1.395391784608364
  view-data: 3.37190655246377
