times:
  edit-metadata: 1.3885270580649376
  landing: 0.7357356175780296
  view-data: 3.49665804207325
