times:
  edit-metadata: 1.5125944316387177
  landing: 0.7051030248403549
  view-data: 3.4615338668227196
