times:
  edit-metadata: 1.0222765281796455
  landing: 0.6983209699392319
  view-data: 3.38431653380394
