times:
  edit-metadata: 1.3540178090333939
  landing: 0.7007973864674568
  view-data: 3.3886573538184166
