times:
  edit-metadata: 1.4076352789998055
  landing: 0.7639540880918503
  view-data: 3.5301520004868507
