times:
  edit-metadata: 1.5338207557797432
  landing: 0.7487376779317856
  view-data: 3.3506142124533653
