times:
  edit-metadata: 1.559060052037239
  landing: 0.8064538910984993
  view-data: 3.302185170352459
