times:
  edit-metadata: 1.4176422879099846
  landing: 0.6973191127181053
  view-data: 3.470310926437378
