times:
  edit-metadata: 1.378888227045536
  landing: 0.7289327532052994
  view-data: 3.506965108215809
