times:
  edit-metadata: 2.1519400626420975
  landing: 1.0680924355983734
  view-data: 3.3660118989646435
