times:
  edit-metadata: 1.4012491703033447
  landing: 0.7538038045167923
  view-data: 3.5226419046521187
