times:
  edit-metadata: 1.351190134882927
  landing: 0.8026296868920326
  view-data: 3.4172271341085434
