times:
  edit-metadata: 1.6718536727130413
  landing: 0.9459695219993591
  view-data: 3.365038350224495
