times:
  edit-metadata: 1.8638480082154274
  landing: 0.970536008477211
  view-data: 3.333814337849617
