times:
  edit-metadata: 1.4698620811104774
  landing: 0.9285758212208748
  view-data: 3.5247564241290092
