times:
  edit-metadata: 1.4352363534271717
  landing: 0.8121906034648418
  view-data: 3.3445782251656055
