times:
  edit-metadata: 1.4518769830465317
  landing: 0.861360989511013
  view-data: 3.277292639017105
