times:
  edit-metadata: 1.4443826377391815
  landing: 0.7246174439787865
  view-data: 3.470585770905018
