times:
  edit-metadata: 1.437031913548708
  landing: 0.8291686810553074
  view-data: 3.263751234859228
