times:
  edit-metadata: 1.403016746044159
  landing: 0.754072479903698
  view-data: 3.4491007924079895
