times:
  edit-metadata: 1.4477735757827759
  landing: 0.8812828063964844
  view-data: 3.4553725197911263
