times:
  edit-metadata: 1.4623800739645958
  landing: 0.6945401132106781
  view-data: 3.4296156987547874
