times:
  edit-metadata: 1.4892011806368828
  landing: 0.7363340184092522
  view-data: 3.4808005020022392
