times:
  edit-metadata: 1.5024776309728622
  landing: 0.7510553672909737
  view-data: 3.546531565487385
