times:
  edit-metadata: 1.4518866017460823
  landing: 0.7502034455537796
  view-data: 3.5012796446681023
