times:
  edit-metadata: 1.433706872165203
  landing: 0.7811734303832054
  view-data: 3.444593161344528
