times:
  edit-metadata: 1.5445852503180504
  landing: 0.9455830231308937
  view-data: 3.449049785733223
