times:
  edit-metadata: 1.4578475132584572
  landing: 0.7450051382184029
  view-data: 3.4306735917925835
