times:
  edit-metadata: 1.794793426990509
  landing: 0.9802118763327599
  view-data: 3.6839496344327927
