times:
  edit-metadata: 1.4207729175686836
  landing: 0.7580078318715096
  view-data: 3.451002851128578
