times:
  edit-metadata: 2.085947483778
  landing: 1.2012806236743927
  view-data: 3.504052698612213
