times:
  edit-metadata: 1.4455823376774788
  landing: 0.7781616300344467
  view-data: 3.36763858795166
