times:
  edit-metadata: 1.3761366158723831
  landing: 1.0257093384861946
  view-data: 3.49462678283453
