times:
  edit-metadata: 1.462459810078144
  landing: 0.7997259981930256
  view-data: 3.321340538561344
