times:
  edit-metadata: 1.4712968207895756
  landing: 0.819539126008749
  view-data: 3.3062499836087227
