times:
  edit-metadata: 1.393003337085247
  landing: 0.6981299817562103
  view-data: 3.476399466395378
