times:
  edit-metadata: 1.413079634308815
  landing: 0.7411288768053055
  view-data: 3.509896218776703
