times:
  edit-metadata: 1.4078793451189995
  landing: 0.83487618714571
  view-data: 3.5126143246889114
