times:
  edit-metadata: 1.43209483101964
  landing: 0.8621683269739151
  view-data: 3.326597597450018
