times:
  edit-metadata: 1.428919680416584
  landing: 0.8109209090471268
  view-data: 3.510569490492344
