times:
  edit-metadata: 1.3648334965109825
  landing: 0.7815831899642944
  view-data: 3.315286047756672
