times:
  edit-metadata: 1.9174307957291603
  landing: 1.0809510126709938
  view-data: 3.3832893297076225
