times:
  edit-metadata: 1.4479106590151787
  landing: 0.7695015221834183
  view-data: 3.5159107223153114
