times:
  edit-metadata: 1.4176503419876099
  landing: 0.6915218308568001
  view-data: 3.517761215567589
