times:
  edit-metadata: 1.4077783301472664
  landing: 0.7910094857215881
  view-data: 3.471943125128746
