times:
  edit-metadata: 1.463994950056076
  landing: 0.7724328339099884
  view-data: 3.3441373854875565
