times:
  edit-metadata: 1.3407130911946297
  landing: 0.8430340066552162
  view-data: 3.6529625207185745
