times:
  edit-metadata: 1.381697379052639
  landing: 0.7521789371967316
  view-data: 3.347305953502655
