times:
  edit-metadata: 1.4994258657097816
  landing: 0.7369996011257172
  view-data: 3.45191303640604
