times:
  edit-metadata: 1.338740512728691
  landing: 0.8018717095255852
  view-data: 3.47056782245636
