times:
  edit-metadata: 1.3085895702242851
  landing: 0.7956932261586189
  view-data: 3.268282972276211
