times:
  edit-metadata: 1.4620498791337013
  landing: 0.7374262809753418
  view-data: 3.408999763429165
