times:
  edit-metadata: 1.3975191749632359
  landing: 0.8625849038362503
  view-data: 3.3595723286271095
