times:
  edit-metadata: 1.5235103964805603
  landing: 0.8649631440639496
  view-data: 3.4868366792798042
