times:
  edit-metadata: 1.43999058380723
  landing: 0.7544109188020229
  view-data: 3.2665477357804775
