times:
  edit-metadata: 1.3293027132749557
  landing: 0.7385562732815742
  view-data: 3.3193088099360466
