times:
  edit-metadata: 1.3818537890911102
  landing: 0.7866004928946495
  view-data: 3.513448692858219
