times:
  edit-metadata: 1.4014306142926216
  landing: 0.9266226179897785
  view-data: 3.3749866895377636
