times:
  edit-metadata: 1.3719492703676224
  landing: 0.7238396406173706
  view-data: 3.3381961211562157
