times:
  edit-metadata: 1.465759128332138
  landing: 0.8520024195313454
  view-data: 3.415066860616207
