times:
  edit-metadata: 1.3739615827798843
  landing: 0.758409857749939
  view-data: 3.514527276158333
