times:
  edit-metadata: 1.5009211301803589
  landing: 0.7270946651697159
  view-data: 3.480786383152008
