times:
  edit-metadata: 1.555043276399374
  landing: 0.8761346265673637
  view-data: 3.300540331751108
