times:
  edit-metadata: 1.3981886059045792
  landing: 0.7249617278575897
  view-data: 3.5335668548941612
