times:
  edit-metadata: 1.681349977850914
  landing: 1.0485968813300133
  view-data: 3.6605875343084335
