times:
  edit-metadata: 1.376510463654995
  landing: 0.7983656823635101
  view-data: 3.464330404996872
