times:
  edit-metadata: 1.3933279141783714
  landing: 0.7365220934152603
  view-data: 3.477428413927555
