times:
  edit-metadata: 1.428252711892128
  landing: 0.7677964195609093
  view-data: 3.55480944365263
