times:
  edit-metadata: 1.50060074031353
  landing: 0.8480401039123535
  view-data: 3.379562497138977
