times:
  edit-metadata: 1.4963868111371994
  landing: 0.7985963337123394
  view-data: 3.4420375637710094
