times:
  edit-metadata: 1.4760103970766068
  landing: 0.8806298151612282
  view-data: 3.5125846043229103
