times:
  edit-metadata: 1.4231924787163734
  landing: 0.7421264946460724
  view-data: 3.5284354463219643
