times:
  edit-metadata: 1.5972094982862473
  landing: 0.854590393602848
  view-data: 3.3838872388005257
