times:
  edit-metadata: 1.5936520211398602
  landing: 0.9352332800626755
  view-data: 3.3206698447465897
