times:
  edit-metadata: 1.3479351624846458
  landing: 0.7682678028941154
  view-data: 3.350137896835804
