times:
  edit-metadata: 1.498127393424511
  landing: 0.7676333263516426
  view-data: 3.413432240486145
