times:
  edit-metadata: 2.3080396614968777
  landing: 1.0760520733892918
  view-data: 3.8929433301091194
