times:
  edit-metadata: 1.3898664340376854
  landing: 0.7755300514400005
  view-data: 3.2536120377480984
