times:
  edit-metadata: 1.4604219570755959
  landing: 0.793552428483963
  view-data: 3.3149356618523598
