times:
  edit-metadata: 1.6788312792778015
  landing: 0.8531756699085236
  view-data: 3.3511082753539085
