times:
  edit-metadata: 1.4453957229852676
  landing: 0.7908836677670479
  view-data: 3.318625934422016
