times:
  edit-metadata: 1.4435079246759415
  landing: 0.9336876794695854
  view-data: 3.297676771879196
