times:
  edit-metadata: 1.3830577656626701
  landing: 0.7978062555193901
  view-data: 3.459985390305519
