times:
  edit-metadata: 1.429762490093708
  landing: 0.6907844096422195
  view-data: 3.4376086741685867
