times:
  edit-metadata: 1.3334111124277115
  landing: 0.8159556910395622
  view-data: 3.545009396970272
