times:
  edit-metadata: 1.5101667195558548
  landing: 0.812969021499157
  view-data: 3.4856232032179832
