times:
  edit-metadata: 1.7655974328517914
  landing: 1.0548753067851067
  view-data: 3.5861485973000526
