times:
  edit-metadata: 1.5352661311626434
  landing: 1.0543860793113708
  view-data: 3.529418721795082
