times:
  edit-metadata: 2.5008941292762756
  landing: 1.3322563618421555
  view-data: 3.5539981350302696
