times:
  edit-metadata: 1.5262944884598255
  landing: 0.7359965033829212
  view-data: 3.2923073954880238
