times:
  edit-metadata: 1.5168508887290955
  landing: 0.7714303135871887
  view-data: 3.4100495651364326
