times:
  edit-metadata: 1.4254596307873726
  landing: 0.8130228221416473
  view-data: 3.309294156730175
