times:
  edit-metadata: 1.3545707389712334
  landing: 0.7334171086549759
  view-data: 3.273179829120636
