times:
  edit-metadata: 1.45773845911026
  landing: 0.743837021291256
  view-data: 3.496161125600338
