times:
  edit-metadata: 1.4771830141544342
  landing: 0.7930732890963554
  view-data: 3.3331295773386955
