times:
  edit-metadata: 1.4173401147127151
  landing: 0.7231907695531845
  view-data: 3.429705359041691
