times:
  edit-metadata: 1.3704108372330666
  landing: 0.7667816504836082
  view-data: 3.4741810485720634
