times:
  edit-metadata: 1.5885163471102715
  landing: 0.8204902112483978
  view-data: 3.524701602756977
