times:
  edit-metadata: 1.4590890407562256
  landing: 0.7065043076872826
  view-data: 3.2944052442908287
