times:
  edit-metadata: 1.3412687256932259
  landing: 0.7861159667372704
  view-data: 3.507405325770378
