times:
  edit-metadata: 2.2099076695740223
  landing: 1.009597111493349
  view-data: 3.534533094614744
