times:
  edit-metadata: 1.5398479029536247
  landing: 0.8856770247220993
  view-data: 3.3293355479836464
