times:
  edit-metadata: 1.8331567198038101
  landing: 1.024661272764206
  view-data: 3.4424193501472473
