times:
  edit-metadata: 1.4190479889512062
  landing: 0.7964948490262032
  view-data: 3.282739754766226
