times:
  edit-metadata: 1.440466906875372
  landing: 0.836714830249548
  view-data: 3.3555035181343555
