times:
  edit-metadata: 1.5376056022942066
  landing: 0.7808788157999516
  view-data: 3.3470396399497986
