times:
  edit-metadata: 1.441218763589859
  landing: 0.7202490568161011
  view-data: 3.5158102363348007
