times:
  edit-metadata: 1.441753014922142
  landing: 0.9402488470077515
  view-data: 3.5472160056233406
