times:
  edit-metadata: 1.4336944781243801
  landing: 0.7461179234087467
  view-data: 3.3115816451609135
