times:
  edit-metadata: 1.4149374440312386
  landing: 0.7896387353539467
  view-data: 3.4778348580002785
