times:
  edit-metadata: 1.4843144416809082
  landing: 0.7793659940361977
  view-data: 3.4277157187461853
