times:
  edit-metadata: 1.588214173913002
  landing: 0.9473467543721199
  view-data: 3.6055283173918724
