times:
  edit-metadata: 1.366971343755722
  landing: 0.7152675166726112
  view-data: 3.400360845029354
