times:
  edit-metadata: 1.388314612209797
  landing: 0.7233548611402512
  view-data: 3.4753824919462204
