times:
  edit-metadata: 1.3765681833028793
  landing: 0.7314884588122368
  view-data: 3.4744200259447098
