times:
  edit-metadata: 1.4670107141137123
  landing: 0.6910293847322464
  view-data: 3.4605624452233315
