times:
  edit-metadata: 1.3121496960520744
  landing: 0.7433296665549278
  view-data: 3.471566915512085
