times:
  edit-metadata: 1.6218433752655983
  landing: 0.8047044053673744
  view-data: 3.2802102491259575
