times:
  edit-metadata: 1.4145160652697086
  landing: 0.760993916541338
  view-data: 3.3316807337105274
