times:
  edit-metadata: 1.5291045792400837
  landing: 0.8342769294977188
  view-data: 3.350222334265709
