times:
  edit-metadata: 1.3485920131206512
  landing: 0.7134473957121372
  view-data: 3.2639868929982185
