times:
  edit-metadata: 1.3979193642735481
  landing: 0.7599997371435165
  view-data: 3.4017004668712616
