times:
  edit-metadata: 2.220884658396244
  landing: 1.3027586974203587
  view-data: 3.5994644537568092
