times:
  edit-metadata: 2.1938244812190533
  landing: 1.0843582302331924
  view-data: 3.501642558723688
