times:
  edit-metadata: 1.4420454166829586
  landing: 0.8188931830227375
  view-data: 3.329390663653612
