times:
  edit-metadata: 1.464253842830658
  landing: 0.7535078749060631
  view-data: 3.3627490364015102
