times:
  edit-metadata: 2.35934304445982
  landing: 1.053496241569519
  view-data: 3.469937089830637
