times:
  edit-metadata: 1.4982948899269104
  landing: 0.8136988319456577
  view-data: 3.3359057307243347
