times:
  edit-metadata: 1.3369794301688671
  landing: 0.8588485978543758
  view-data: 3.2719712667167187
