times:
  edit-metadata: 1.351804569363594
  landing: 0.8732777200639248
  view-data: 3.273679990321398
