times:
  edit-metadata: 1.917485561221838
  landing: 1.1276976503431797
  view-data: 3.573883004486561
