times:
  edit-metadata: 1.5485357493162155
  landing: 0.8178344704210758
  view-data: 3.3510803878307343
