times:
  edit-metadata: 1.5773981884121895
  landing: 1.1377565935254097
  view-data: 3.439411323517561
