times:
  edit-metadata: 1.5444009825587273
  landing: 1.086849208921194
  view-data: 3.3525695763528347
