times:
  edit-metadata: 1.592370305210352
  landing: 1.021460935473442
  view-data: 3.3438658714294434
