times:
  edit-metadata: 1.5047927387058735
  landing: 0.9265049360692501
  view-data: 3.336109958589077
