times:
  edit-metadata: 1.8616608753800392
  landing: 0.8831601552665234
  view-data: 3.4404872320592403
