times:
  edit-metadata: 1.5800263918936253
  landing: 0.9109901823103428
  view-data: 3.3402154743671417
