times:
  edit-metadata: 2.0843192264437675
  landing: 1.1960274949669838
  view-data: 3.5931160524487495
