times:
  edit-metadata: 3.0855844281613827
  landing: 1.5324542187154293
  view-data: 3.617627080529928
