times:
  edit-metadata: 1.5126235485076904
  landing: 0.8952828608453274
  view-data: 3.4076570756733418
