times:
  edit-metadata: 1.4786728955805302
  landing: 0.9196548834443092
  view-data: 3.3859705813229084
