times:
  edit-metadata: 2.2119084149599075
  landing: 0.8851219899952412
  view-data: 3.3738084994256496
