times:
  edit-metadata: 2.5400175489485264
  landing: 0.8628924749791622
  view-data: 3.6597437486052513
