times:
  edit-metadata: 1.5178686082363129
  landing: 0.8772332035005093
  view-data: 3.4661052487790585
