times:
  edit-metadata: 1.5710051618516445
  landing: 0.9657877460122108
  view-data: 3.4586337506771088
