times:
  edit-metadata: 1.5583911910653114
  landing: 0.7942962236702442
  view-data: 3.435973308980465
