times:
  edit-metadata: 1.7550463862717152
  landing: 0.9722306691110134
  view-data: 3.3511831797659397
