times:
  edit-metadata: 1.5589323714375496
  landing: 0.8307278603315353
  view-data: 3.442881651222706
