times:
  edit-metadata: 1.5514495819807053
  landing: 0.943509615957737
  view-data: 3.3715082816779613
