times:
  edit-metadata: 1.5881045460700989
  landing: 0.9362350217998028
  view-data: 3.3563357666134834
