times:
  edit-metadata: 1.396436009556055
  landing: 0.7110726460814476
  view-data: 3.336807031184435
