times:
  edit-metadata: 1.3697546496987343
  landing: 0.7161050215363503
  view-data: 3.2951202131807804
