times:
  edit-metadata: 1.4136443212628365
  landing: 0.7840706221759319
  view-data: 3.3341601118445396
