times:
  edit-metadata: 1.8405736424028873
  landing: 1.2505993954837322
  view-data: 3.55292534455657
