times:
  edit-metadata: 1.4616775289177895
  landing: 0.9145032428205013
  view-data: 3.378999140113592
