times:
  edit-metadata: 1.5679295919835567
  landing: 0.8754714317619801
  view-data: 3.344026308506727
