times:
  edit-metadata: 1.647153951227665
  landing: 1.0118169412016869
  view-data: 3.3310094103217125
