times:
  edit-metadata: 1.751578662544489
  landing: 1.2764952592551708
  view-data: 3.426156669855118
