times:
  edit-metadata: 1.3369762524962425
  landing: 0.6788172349333763
  view-data: 3.3285878375172615
