times:
  edit-metadata: 1.5485853478312492
  landing: 0.8298393152654171
  view-data: 3.40872386097908
