times:
  edit-metadata: 2.969457257539034
  landing: 1.499771036207676
  view-data: 3.406624648720026
