times:
  edit-metadata: 2.3466285057365894
  landing: 1.0590218529105186
  view-data: 3.5756838358938694
