times:
  edit-metadata: 1.650938507169485
  landing: 1.0434135608375072
  view-data: 3.426413208246231
