times:
  edit-metadata: 2.105428274720907
  landing: 1.2395776137709618
  view-data: 3.374607540667057
