times:
  edit-metadata: 1.4157011471688747
  landing: 0.8042717091739178
  view-data: 3.3730765283107758
