times:
  edit-metadata: 1.7243610434234142
  landing: 1.0385840125381947
  view-data: 3.4558786414563656
