times:
  edit-metadata: 1.6229041554033756
  landing: 1.3413663767278194
  view-data: 3.5310146287083626
