times:
  edit-metadata: 1.5034376941621304
  landing: 0.801057692617178
  view-data: 3.362925171852112
