times:
  edit-metadata: 1.3853627182543278
  landing: 0.9140739403665066
  view-data: 3.4453745000064373
