times:
  edit-metadata: 1.6192732565104961
  landing: 0.9685987308621407
  view-data: 3.483514968305826
