times:
  edit-metadata: 1.6999984718859196
  landing: 1.018298540264368
  view-data: 3.3261835537850857
