times:
  edit-metadata: 1.5599318407475948
  landing: 0.886258777230978
  view-data: 3.3117919601500034
