times:
  edit-metadata: 1.4925177283585072
  landing: 0.9310863949358463
  view-data: 3.446208283305168
