times:
  edit-metadata: 1.6780505515635014
  landing: 0.9313381984829903
  view-data: 3.3453591242432594
