times:
  edit-metadata: 1.431958470493555
  landing: 0.8494669012725353
  view-data: 3.2987724654376507
