times:
  edit-metadata: 1.6184377260506153
  landing: 0.9699375368654728
  view-data: 3.3499323055148125
