times:
  edit-metadata: 1.402809962630272
  landing: 0.7513554133474827
  view-data: 3.2784735076129436
