times:
  edit-metadata: 1.4219567589461803
  landing: 0.7848713211715221
  view-data: 3.4053983129560947
