times:
  edit-metadata: 3.367084890604019
  landing: 1.8773185946047306
  view-data: 3.3913795463740826
