times:
  edit-metadata: 1.5371806509792805
  landing: 0.8790110573172569
  view-data: 3.340908259153366
