times:
  edit-metadata: 1.5535407587885857
  landing: 0.8158465661108494
  view-data: 3.3927349150180817
