times:
  edit-metadata: 2.209925651550293
  landing: 1.3763620294630527
  view-data: 3.483297523111105
