times:
  edit-metadata: 1.4107640981674194
  landing: 0.7743608541786671
  view-data: 3.345249477773905
