times:
  edit-metadata: 1.6541033238172531
  landing: 1.0399893373250961
  view-data: 3.3511228635907173
