times:
  edit-metadata: 1.5678600557148457
  landing: 0.8365511633455753
  view-data: 3.459133081138134
