times:
  edit-metadata: 1.4937424659729004
  landing: 0.8383114598691463
  view-data: 3.361820086836815
