times:
  edit-metadata: 1.508857749402523
  landing: 1.0762667208909988
  view-data: 3.344304285943508
