times:
  edit-metadata: 1.4178889319300652
  landing: 0.7347642928361893
  view-data: 3.267551690340042
