times:
  edit-metadata: 1.4663934335112572
  landing: 0.8092026188969612
  view-data: 3.5337546542286873
