times:
  edit-metadata: 1.4445317685604095
  landing: 0.7482107058167458
  view-data: 3.430006220936775
