times:
  edit-metadata: 1.415435366332531
  landing: 0.7664306238293648
  view-data: 3.5226431116461754
