times:
  edit-metadata: 1.3347653225064278
  landing: 0.6979026347398758
  view-data: 3.458545371890068
