times:
  edit-metadata: 1.4591888785362244
  landing: 0.7621838226914406
  view-data: 3.4376874193549156
