times:
  edit-metadata: 1.3974002823233604
  landing: 0.8319686688482761
  view-data: 3.315972685813904
