times:
  edit-metadata: 1.3890750482678413
  landing: 0.7008091732859612
  view-data: 3.3380129858851433
