times:
  edit-metadata: 1.5933294221758842
  landing: 0.8931225650012493
  view-data: 3.3547168783843517
