times:
  edit-metadata: 1.5943890139460564
  landing: 0.8059337697923183
  view-data: 3.296632260084152
