times:
  edit-metadata: 1.4169512242078781
  landing: 0.7015477046370506
  view-data: 3.312680795788765
