times:
  edit-metadata: 1.4356891810894012
  landing: 0.7420101836323738
  view-data: 3.5547836050391197
