times:
  edit-metadata: 1.530135415494442
  landing: 0.7749301269650459
  view-data: 3.3817664831876755
