times:
  edit-metadata: 1.4244395568966866
  landing: 0.7423541992902756
  view-data: 3.534612111747265
