times:
  edit-metadata: 1.3032751455903053
  landing: 0.6663608029484749
  view-data: 3.4885586202144623
