times:
  edit-metadata: 1.3612226694822311
  landing: 0.7866038754582405
  view-data: 3.4419614747166634
