times:
  edit-metadata: 1.4836505204439163
  landing: 0.9523512795567513
  view-data: 3.7503254786133766
