times:
  edit-metadata: 1.376156747341156
  landing: 0.842821441590786
  view-data: 3.353599786758423
