times:
  edit-metadata: 1.3550673313438892
  landing: 0.7984591946005821
  view-data: 3.3487576507031918
