times:
  edit-metadata: 1.62088143825531
  landing: 0.8372101299464703
  view-data: 3.311760861426592
