times:
  edit-metadata: 1.5590382516384125
  landing: 0.8494748175144196
  view-data: 3.4179035797715187
