times:
  edit-metadata: 1.8647798635065556
  landing: 0.8961149267852306
  view-data: 3.396918445825577
