times:
  edit-metadata: 1.463763765990734
  landing: 0.8884700797498226
  view-data: 3.2849860675632954
