times:
  edit-metadata: 1.4306496530771255
  landing: 0.7426748350262642
  view-data: 3.4624416902661324
