times:
  edit-metadata: 1.5261971205472946
  landing: 0.7509767711162567
  view-data: 3.5225879475474358
