times:
  edit-metadata: 1.4686829894781113
  landing: 0.8306540548801422
  view-data: 3.4518631771206856
