times:
  edit-metadata: 1.521606370806694
  landing: 0.8389333412051201
  view-data: 3.3169824555516243
