times:
  edit-metadata: 1.3846038207411766
  landing: 0.7905461639165878
  view-data: 3.3872722946107388
