times:
  edit-metadata: 1.4108189418911934
  landing: 0.8733379915356636
  view-data: 3.4959166795015335
