times:
  edit-metadata: 1.4674141108989716
  landing: 0.7648439034819603
  view-data: 3.5153314992785454
