times:
  edit-metadata: 1.391563668847084
  landing: 0.698439471423626
  view-data: 3.4222413823008537
