times:
  edit-metadata: 1.6215457245707512
  landing: 0.8209167048335075
  view-data: 3.3317602202296257
