times:
  edit-metadata: 1.8482212387025356
  landing: 1.1637341119349003
  view-data: 3.4064207077026367
