times:
  edit-metadata: 1.4732427448034286
  landing: 0.8289021551609039
  view-data: 3.5108570978045464
