times:
  edit-metadata: 1.422424703836441
  landing: 0.8415850177407265
  view-data: 3.4099993109703064
