times:
  edit-metadata: 1.4081734269857407
  landing: 0.7778915986418724
  view-data: 3.4527922347187996
