times:
  edit-metadata: 1.5481746792793274
  landing: 0.9947173148393631
  view-data: 3.2964736744761467
