times:
  edit-metadata: 1.4810571074485779
  landing: 0.730380117893219
  view-data: 3.5343385189771652
