times:
  edit-metadata: 1.4536212608218193
  landing: 0.7059977762401104
  view-data: 3.3031800389289856
