times:
  edit-metadata: 1.977093257009983
  landing: 1.2113371565937996
  view-data: 3.381405256688595
