times:
  edit-metadata: 1.409843310713768
  landing: 0.7224502190947533
  view-data: 3.295936658978462
