times:
  edit-metadata: 1.4512137919664383
  landing: 0.8395614773035049
  view-data: 3.349898599088192
