times:
  edit-metadata: 1.4042418897151947
  landing: 0.7618717923760414
  view-data: 3.3010588884353638
