times:
  edit-metadata: 1.3850852698087692
  landing: 0.7580075562000275
  view-data: 3.4121101945638657
