times:
  edit-metadata: 1.4051035046577454
  landing: 0.7346163615584373
  view-data: 3.4383223205804825
