times:
  edit-metadata: 1.5585290640592575
  landing: 0.7665190026164055
  view-data: 3.344571605324745
