times:
  edit-metadata: 1.2976832687854767
  landing: 0.8228362202644348
  view-data: 3.4922603964805603
