times:
  edit-metadata: 1.3485238254070282
  landing: 0.7688360139727592
  view-data: 3.429591692984104
