times:
  edit-metadata: 1.3568686246871948
  landing: 0.7140314728021622
  view-data: 3.442860394716263
