times:
  edit-metadata: 1.455958478152752
  landing: 0.7117417529225349
  view-data: 3.303811699151993
