times:
  edit-metadata: 1.4081172347068787
  landing: 0.6921566724777222
  view-data: 3.4157924577593803
