times:
  edit-metadata: 1.4587310068309307
  landing: 0.726939681917429
  view-data: 3.313083842396736
