times:
  edit-metadata: 1.5488023683428764
  landing: 0.8407794535160065
  view-data: 3.287493571639061
