times:
  edit-metadata: 1.4822869151830673
  landing: 0.7294159233570099
  view-data: 3.3939665779471397
