times:
  edit-metadata: 1.4340108707547188
  landing: 0.7889553792774677
  view-data: 3.3384638503193855
