times:
  edit-metadata: 1.4507709369063377
  landing: 0.7383423298597336
  view-data: 3.530038960278034
