times:
  edit-metadata: 1.5060738176107407
  landing: 0.7330061420798302
  view-data: 3.486307293176651
