times:
  edit-metadata: 1.637604907155037
  landing: 0.771010234951973
  view-data: 3.3389927446842194
