times:
  edit-metadata: 1.5123282670974731
  landing: 0.8302606418728828
  view-data: 3.3894358463585377
