times:
  edit-metadata: 1.5603612251579762
  landing: 0.9169076383113861
  view-data: 3.3055036924779415
