times:
  edit-metadata: 1.4166744947433472
  landing: 0.7518260516226292
  view-data: 3.3600776121020317
