times:
  edit-metadata: 1.7451307773590088
  landing: 1.0084858573973179
  view-data: 3.4686563052237034
