times:
  edit-metadata: 1.307919830083847
  landing: 0.6948943883180618
  view-data: 3.4490935802459717
