times:
  edit-metadata: 1.4280731417238712
  landing: 1.167616292834282
  view-data: 3.3351214416325092
