times:
  edit-metadata: 1.4324548617005348
  landing: 0.8477070070803165
  view-data: 3.29427969455719
