times:
  edit-metadata: 1.3375245109200478
  landing: 0.7443215399980545
  view-data: 3.4653913900256157
