times:
  edit-metadata: 1.4690713956952095
  landing: 0.7311431765556335
  view-data: 3.477530889213085
