times:
  edit-metadata: 1.4017265550792217
  landing: 0.7959037348628044
  view-data: 3.335634384304285
