times:
  edit-metadata: 1.3700754567980766
  landing: 0.8074421286582947
  view-data: 3.517868958413601
