times:
  edit-metadata: 1.467693269252777
  landing: 0.7985053211450577
  view-data: 3.3844696059823036
