times:
  edit-metadata: 1.3723409920930862
  landing: 0.7417511120438576
  view-data: 3.2614604607224464
