times:
  edit-metadata: 1.3725343309342861
  landing: 0.7852658964693546
  view-data: 3.243153028190136
