times:
  edit-metadata: 1.4741858504712582
  landing: 0.6807169951498508
  view-data: 3.3148379176855087
