times:
  edit-metadata: 1.5243889763951302
  landing: 0.9694903194904327
  view-data: 3.610241986811161
