times:
  edit-metadata: 1.378180056810379
  landing: 0.7337501272559166
  view-data: 3.5206106454133987
