times:
  edit-metadata: 1.4198785573244095
  landing: 0.7271482422947884
  view-data: 3.4662049040198326
