times:
  edit-metadata: 1.454770304262638
  landing: 0.7652186937630177
  view-data: 3.232701852917671
