times:
  edit-metadata: 1.491535723209381
  landing: 0.8200208470225334
  view-data: 3.4866190776228905
