times:
  edit-metadata: 1.4610644578933716
  landing: 0.8915210887789726
  view-data: 3.5312877222895622
