times:
  edit-metadata: 1.340415008366108
  landing: 0.7738750278949738
  view-data: 3.414457969367504
