times:
  edit-metadata: 1.3488488346338272
  landing: 0.7253447771072388
  view-data: 3.487258158624172
