times:
  edit-metadata: 1.4045209363102913
  landing: 0.7582288160920143
  view-data: 3.4891348630189896
