times:
  edit-metadata: 1.3276085332036018
  landing: 0.6849528327584267
  view-data: 3.41077321767807
