times:
  edit-metadata: 1.418251920491457
  landing: 0.8579626455903053
  view-data: 3.326621685177088
