times:
  edit-metadata: 1.5397917442023754
  landing: 0.939759936183691
  view-data: 3.3794626481831074
