times:
  edit-metadata: 1.46951512247324
  landing: 0.739757239818573
  view-data: 3.4521961212158203
