times:
  edit-metadata: 1.4522453173995018
  landing: 0.8329712152481079
  view-data: 3.439073786139488
