times:
  edit-metadata: 1.366151750087738
  landing: 0.7681941539049149
  view-data: 3.4930265843868256
