times:
  edit-metadata: 2.2833718433976173
  landing: 1.4771353155374527
  view-data: 3.668657973408699
