times:
  edit-metadata: 1.4090746194124222
  landing: 0.7351071611046791
  view-data: 3.4535159543156624
