times:
  edit-metadata: 1.419029600918293
  landing: 0.7066621631383896
  view-data: 3.473896346986294
