times:
  edit-metadata: 1.312376007437706
  landing: 0.7559096142649651
  view-data: 3.3639664575457573
