times:
  edit-metadata: 1.3120007812976837
  landing: 0.7752679064869881
  view-data: 3.4754903465509415
