times:
  edit-metadata: 1.4615237675607204
  landing: 0.7925132475793362
  view-data: 3.3822750374674797
