times:
  edit-metadata: 1.5582137815654278
  landing: 0.7935430482029915
  view-data: 3.3029313758015633
