times:
  edit-metadata: 1.4188741259276867
  landing: 0.8246326260268688
  view-data: 3.426681213080883
