times:
  edit-metadata: 1.4819920063018799
  landing: 0.8121461719274521
  view-data: 3.5120195895433426
