times:
  edit-metadata: 1.367252454161644
  landing: 0.6818366050720215
  view-data: 3.370907761156559
