times:
  edit-metadata: 1.4783721044659615
  landing: 0.8862435147166252
  view-data: 3.386140115559101
