times:
  edit-metadata: 1.4783444255590439
  landing: 0.6852281168103218
  view-data: 3.436073988676071
