times:
  edit-metadata: 1.5161147341132164
  landing: 0.7606214955449104
  view-data: 3.416288785636425
