times:
  edit-metadata: 3.6218371763825417
  landing: 2.209097094833851
  view-data: 4.122929684817791
