times:
  edit-metadata: 1.4473250731825829
  landing: 0.7318778708577156
  view-data: 3.491945832967758
