times:
  edit-metadata: 1.423687171190977
  landing: 0.7277133539319038
  view-data: 3.3328413143754005
