times:
  edit-metadata: 1.392356876283884
  landing: 0.7176776044070721
  view-data: 3.375313088297844
