times:
  edit-metadata: 1.398479349911213
  landing: 0.6816526800394058
  view-data: 3.4164977967739105
