times:
  edit-metadata: 1.4178874343633652
  landing: 0.8025210052728653
  view-data: 3.289919488132
