times:
  edit-metadata: 1.1706187948584557
  landing: 0.7764929607510567
  view-data: 3.492211602628231
