times:
  edit-metadata: 1.3893961682915688
  landing: 0.7611969336867332
  view-data: 3.464286729693413
