times:
  edit-metadata: 1.3828608319163322
  landing: 0.7539875358343124
  view-data: 3.4729441106319427
