times:
  edit-metadata: 1.6862540021538734
  landing: 0.8361231163144112
  view-data: 3.5860631614923477
