times:
  edit-metadata: 1.3009798936545849
  landing: 0.71035997569561
  view-data: 3.2844418734312057
