times:
  edit-metadata: 1.4961094930768013
  landing: 0.7954170256853104
  view-data: 3.2924996316432953
