times:
  edit-metadata: 1.3465433716773987
  landing: 0.7608929872512817
  view-data: 3.5505137145519257
