times:
  edit-metadata: 1.378938976675272
  landing: 0.8286277875304222
  view-data: 3.276345293968916
