times:
  edit-metadata: 1.5756306499242783
  landing: 0.8723745606839657
  view-data: 3.3353595472872257
