times:
  edit-metadata: 1.4491550400853157
  landing: 0.8275642171502113
  view-data: 3.40628095716238
