times:
  edit-metadata: 1.4198675379157066
  landing: 0.7437443770468235
  view-data: 3.3084749467670918
