times:
  edit-metadata: 1.5318790078163147
  landing: 0.7987442910671234
  view-data: 3.2895419746637344
