times:
  edit-metadata: 1.4897126145660877
  landing: 0.7863595001399517
  view-data: 3.377475183457136
