times:
  edit-metadata: 1.434561975300312
  landing: 0.7540005296468735
  view-data: 3.4813923314213753
