times:
  edit-metadata: 1.5944042801856995
  landing: 0.8952168226242065
  view-data: 3.33124877512455
