times:
  edit-metadata: 1.4085738956928253
  landing: 0.8938066884875298
  view-data: 3.293993793427944
