times:
  edit-metadata: 1.2974966168403625
  landing: 0.7135105952620506
  view-data: 3.420623615384102
