times:
  edit-metadata: 1.4408378601074219
  landing: 0.7513970285654068
  view-data: 3.46162685751915
