times:
  edit-metadata: 1.3872836977243423
  landing: 0.7346591278910637
  view-data: 3.259498417377472
