times:
  edit-metadata: 1.0543915554881096
  landing: 0.7642464712262154
  view-data: 3.4998555555939674
