times:
  edit-metadata: 1.5412171855568886
  landing: 0.9250004142522812
  view-data: 3.5434028282761574
