times:
  edit-metadata: 1.3836407363414764
  landing: 0.7663998454809189
  view-data: 3.3296655490994453
