times:
  edit-metadata: 1.5093959122896194
  landing: 0.8649430051445961
  view-data: 3.3841689825057983
