times:
  edit-metadata: 2.328625574707985
  landing: 1.344131000339985
  view-data: 3.6941815316677094
