times:
  edit-metadata: 1.540054775774479
  landing: 0.7965458407998085
  view-data: 3.412947028875351
