times:
  edit-metadata: 1.4085637331008911
  landing: 0.8253581672906876
  view-data: 3.4214085787534714
