times:
  edit-metadata: 1.441204510629177
  landing: 0.7957824468612671
  view-data: 3.3111898191273212
