times:
  edit-metadata: 1.3572362065315247
  landing: 0.7446137815713882
  view-data: 3.4398833736777306
