times:
  edit-metadata: 1.4357660003006458
  landing: 0.8630833737552166
  view-data: 3.3677869848906994
