times:
  edit-metadata: 1.4488969072699547
  landing: 0.7679651081562042
  view-data: 3.4866543859243393
