times:
  edit-metadata: 1.6135067269206047
  landing: 0.7867843434214592
  view-data: 3.317312676459551
