times:
  edit-metadata: 2.084248036146164
  landing: 1.1609716936945915
  view-data: 3.3577028289437294
