times:
  edit-metadata: 1.5242045745253563
  landing: 0.767646811902523
  view-data: 3.333839911967516
