times:
  edit-metadata: 1.485252819955349
  landing: 0.8339482098817825
  view-data: 3.285211369395256
