times:
  edit-metadata: 1.6146659553050995
  landing: 0.8222161047160625
  view-data: 3.3046067021787167
