times:
  edit-metadata: 1.3840097486972809
  landing: 0.7988050244748592
  view-data: 3.3337878584861755
