times:
  edit-metadata: 2.0145366936922073
  landing: 1.146710954606533
  view-data: 3.404688462615013
