times:
  edit-metadata: 1.2598872929811478
  landing: 0.7868362069129944
  view-data: 3.3902310729026794
