times:
  edit-metadata: 1.5158801078796387
  landing: 0.8754916451871395
  view-data: 3.346031006425619
