times:
  edit-metadata: 1.4227222576737404
  landing: 0.7546630874276161
  view-data: 3.4733882173895836
