times:
  edit-metadata: 1.5473891906440258
  landing: 0.7468875981867313
  view-data: 3.3315674029290676
