times:
  edit-metadata: 1.3447955213487148
  landing: 0.7080521211028099
  view-data: 3.3281304724514484
