times:
  edit-metadata: 1.5235472582280636
  landing: 0.762932363897562
  view-data: 3.316860191524029
