times:
  edit-metadata: 1.4974872469902039
  landing: 0.7315056249499321
  view-data: 3.328864239156246
