times:
  edit-metadata: 1.7387240305542946
  landing: 1.1637126542627811
  view-data: 3.5934920981526375
