times:
  edit-metadata: 1.556151881814003
  landing: 0.7393318638205528
  view-data: 3.5023345053195953
