times:
  edit-metadata: 1.5752141289412975
  landing: 0.8868554197251797
  view-data: 3.349545430392027
