times:
  edit-metadata: 1.4301515892148018
  landing: 0.8393990248441696
  view-data: 3.3704783394932747
