times:
  edit-metadata: 1.4359556026756763
  landing: 0.9411104172468185
  view-data: 3.36636271327734
