times:
  edit-metadata: 1.818821370601654
  landing: 0.9537245184183121
  view-data: 3.389839895069599
