times:
  edit-metadata: 1.372240886092186
  landing: 0.8299081325531006
  view-data: 3.443860225379467
