times:
  edit-metadata: 1.6999430507421494
  landing: 0.7703112065792084
  view-data: 3.3249032460153103
