times:
  edit-metadata: 1.393211416900158
  landing: 0.8085030242800713
  view-data: 3.489724174141884
