times:
  edit-metadata: 1.3459128998219967
  landing: 0.8356514796614647
  view-data: 3.2657754942774773
