times:
  edit-metadata: 1.5156080722808838
  landing: 0.8257554993033409
  view-data: 3.3573251962661743
