times:
  edit-metadata: 1.7139893993735313
  landing: 0.9435715600848198
  view-data: 3.3204763159155846
