times:
  edit-metadata: 1.4771098122000694
  landing: 0.7386575043201447
  view-data: 3.5321560874581337
