times:
  edit-metadata: 1.377393677830696
  landing: 0.7357335761189461
  view-data: 3.3160578161478043
