times:
  edit-metadata: 1.548214167356491
  landing: 0.9586813822388649
  view-data: 3.543479047715664
