times:
  edit-metadata: 1.503181353211403
  landing: 0.9105803519487381
  view-data: 3.2990791872143745
