times:
  edit-metadata: 1.4118379168212414
  landing: 0.8497471809387207
  view-data: 3.339488450437784
