times:
  edit-metadata: 1.4526627659797668
  landing: 0.8374996930360794
  view-data: 3.4716602340340614
