times:
  edit-metadata: 1.391728863120079
  landing: 0.7263519465923309
  view-data: 3.4148406758904457
