times:
  edit-metadata: 1.431233674287796
  landing: 1.0088623762130737
  view-data: 3.4251566603779793
