times:
  edit-metadata: 1.4629929214715958
  landing: 0.7873270809650421
  view-data: 3.478781074285507
