times:
  edit-metadata: 1.4784500896930695
  landing: 0.9621672257781029
  view-data: 3.312819790095091
