times:
  edit-metadata: 1.5564364716410637
  landing: 0.7716724127531052
  view-data: 3.3199160248041153
