times:
  edit-metadata: 1.432756531983614
  landing: 1.0253417417407036
  view-data: 3.3053706884384155
