times:
  edit-metadata: 1.4104520305991173
  landing: 0.7947709411382675
  view-data: 3.500210426747799
