times:
  edit-metadata: 1.4129923284053802
  landing: 0.7973917052149773
  view-data: 3.444868065416813
