times:
  edit-metadata: 1.4862490519881248
  landing: 0.7691374942660332
  view-data: 3.439738377928734
