times:
  edit-metadata: 1.4194551184773445
  landing: 0.7618033438920975
  view-data: 3.6351253762841225
