times:
  edit-metadata: 1.5148685649037361
  landing: 0.8855456709861755
  view-data: 3.332893282175064
