times:
  edit-metadata: 1.9467622488737106
  landing: 1.2439060434699059
  view-data: 3.5896462574601173
