times:
  edit-metadata: 1.4979586973786354
  landing: 0.7764721736311913
  view-data: 3.4198639914393425
