times:
  edit-metadata: 1.4633557200431824
  landing: 0.8463888391852379
  view-data: 3.4781857654452324
