times:
  edit-metadata: 1.3897771760821342
  landing: 0.8871458023786545
  view-data: 3.442501351237297
