times:
  edit-metadata: 1.5211113691329956
  landing: 0.8555232360959053
  view-data: 3.4634975120425224
