times:
  edit-metadata: 1.425519473850727
  landing: 0.8438535556197166
  view-data: 3.512673631310463
