times:
  edit-metadata: 1.4529955759644508
  landing: 0.8357084095478058
  view-data: 3.385898694396019
