times:
  edit-metadata: 1.428985994309187
  landing: 0.8352502807974815
  view-data: 3.2510768361389637
