times:
  edit-metadata: 1.4730621948838234
  landing: 0.8048255443572998
  view-data: 3.5778618827462196
