times:
  edit-metadata: 1.3664065971970558
  landing: 0.7312335595488548
  view-data: 3.4394765943288803
