times:
  edit-metadata: 1.4553769305348396
  landing: 0.8077208325266838
  view-data: 3.4614524468779564
