times:
  edit-metadata: 1.6158952936530113
  landing: 0.9323788061738014
  view-data: 3.308955129235983
