times:
  edit-metadata: 2.6610950380563736
  landing: 1.457704097032547
  view-data: 3.635001629590988
