times:
  edit-metadata: 1.5112380236387253
  landing: 0.8794261626899242
  view-data: 3.2904513739049435
