times:
  edit-metadata: 1.3730789497494698
  landing: 0.7586589865386486
  view-data: 3.2564318366348743
