times:
  edit-metadata: 1.5199323669075966
  landing: 0.8283433318138123
  view-data: 3.3110455349087715
