times:
  edit-metadata: 1.4034969061613083
  landing: 0.7386021092534065
  view-data: 3.4538078010082245
