times:
  edit-metadata: 1.6110547073185444
  landing: 0.8607100881636143
  view-data: 3.591842021793127
