times:
  edit-metadata: 1.3766884207725525
  landing: 0.849851056933403
  view-data: 3.2787932008504868
