times:
  edit-metadata: 1.3906444236636162
  landing: 0.7966038659214973
  view-data: 3.3790463879704475
