times:
  edit-metadata: 1.5218678787350655
  landing: 0.9053632169961929
  view-data: 3.4354299008846283
