times:
  edit-metadata: 1.5507823713123798
  landing: 0.9304441623389721
  view-data: 3.340057000517845
