times:
  edit-metadata: 1.3846986219286919
  landing: 0.9845166653394699
  view-data: 3.4173843823373318
