times:
  edit-metadata: 1.4737493358552456
  landing: 0.8617501109838486
  view-data: 3.3054110035300255
