times:
  edit-metadata: 2.2550698965787888
  landing: 1.309981644153595
  view-data: 3.4037496335804462
