times:
  edit-metadata: 1.3594226986169815
  landing: 0.7813202887773514
  view-data: 3.4156553521752357
