times:
  edit-metadata: 1.4376493245363235
  landing: 0.8039439730346203
  view-data: 3.305646240711212
