times:
  edit-metadata: 2.1029026359319687
  landing: 1.3803632222115993
  view-data: 3.741705920547247
