times:
  edit-metadata: 1.4564714170992374
  landing: 0.839967142790556
  view-data: 3.2795276194810867
