times:
  edit-metadata: 1.3696943782269955
  landing: 0.8722780682146549
  view-data: 3.2960960008203983
