times:
  edit-metadata: 1.4089738950133324
  landing: 0.8015667013823986
  view-data: 3.395508900284767
