times:
  edit-metadata: 1.4956523478031158
  landing: 0.9082171991467476
  view-data: 3.44028402864933
