times:
  edit-metadata: 1.4485856220126152
  landing: 0.812051072716713
  view-data: 3.407092720270157
