times:
  edit-metadata: 1.279795840382576
  landing: 0.7942523770034313
  view-data: 3.3791473507881165
