times:
  edit-metadata: 1.5645134970545769
  landing: 0.8086311891674995
  view-data: 3.4297047033905983
