times:
  edit-metadata: 1.5428408831357956
  landing: 0.8047103062272072
  view-data: 3.446556180715561
