times:
  edit-metadata: 1.400267854332924
  landing: 0.7475669234991074
  view-data: 3.5075627267360687
