times:
  edit-metadata: 1.5043907016515732
  landing: 0.8621546849608421
  view-data: 3.4589861184358597
