times:
  edit-metadata: 1.393042877316475
  landing: 0.7772655561566353
  view-data: 3.4998597279191017
