times:
  edit-metadata: 1.5238564535975456
  landing: 0.7741460502147675
  view-data: 3.450129561126232
