times:
  edit-metadata: 1.418710634112358
  landing: 0.8310892954468727
  view-data: 3.533508151769638
