times:
  edit-metadata: 1.5035379752516747
  landing: 0.8953149393200874
  view-data: 3.3686171919107437
