times:
  edit-metadata: 1.4659134149551392
  landing: 0.9839492291212082
  view-data: 3.646610267460346
