times:
  edit-metadata: 1.3837066404521465
  landing: 0.7980760298669338
  view-data: 3.3107859194278717
