times:
  edit-metadata: 1.500998716801405
  landing: 0.820488765835762
  view-data: 3.3510532341897488
