times:
  edit-metadata: 1.4786915704607964
  landing: 0.772139348089695
  view-data: 3.6395178884267807
