times:
  edit-metadata: 1.7133948504924774
  landing: 0.8185618221759796
  view-data: 3.4811539947986603
