times:
  edit-metadata: 1.506519190967083
  landing: 0.8152493312954903
  view-data: 3.52011077105999
