times:
  edit-metadata: 1.5106229856610298
  landing: 0.8113570511341095
  view-data: 3.4907185286283493
