times:
  edit-metadata: 1.594095639884472
  landing: 0.9011755771934986
  view-data: 3.361565552651882
