times:
  edit-metadata: 1.443923618644476
  landing: 1.0019773989915848
  view-data: 3.352505661547184
