times:
  edit-metadata: 1.4197667464613914
  landing: 0.7591621354222298
  view-data: 3.3401033207774162
