times:
  edit-metadata: 1.4722176566720009
  landing: 0.7608335390686989
  view-data: 3.6246936693787575
