times:
  edit-metadata: 1.636345636099577
  landing: 0.9378635250031948
  view-data: 3.3140857703983784
