times:
  edit-metadata: 1.3921824619174004
  landing: 0.8316970840096474
  view-data: 3.3194486126303673
