times:
  edit-metadata: 1.505451887845993
  landing: 0.8133338391780853
  view-data: 3.4264062494039536
