times:
  edit-metadata: 1.4497814401984215
  landing: 0.9066831432282925
  view-data: 3.4337957985699177
