times:
  edit-metadata: 1.5340821370482445
  landing: 0.8565608635544777
  view-data: 3.534663274884224
