times:
  edit-metadata: 1.5924819633364677
  landing: 0.928541824221611
  view-data: 3.336771696805954
