times:
  edit-metadata: 2.2676587030291557
  landing: 1.6578195467591286
  view-data: 3.441318780183792
