times:
  edit-metadata: 1.4840677604079247
  landing: 0.8276391923427582
  view-data: 3.4757557436823845
