times:
  edit-metadata: 1.389578953385353
  landing: 0.7812119424343109
  view-data: 3.3802540376782417
