times:
  edit-metadata: 1.4016735777258873
  landing: 0.787719689309597
  view-data: 3.3976789340376854
