times:
  edit-metadata: 1.3717254176735878
  landing: 0.8552053049206734
  view-data: 3.4208566769957542
