times:
  edit-metadata: 1.4652527049183846
  landing: 0.8325712159276009
  view-data: 3.3086704649031162
