times:
  edit-metadata: 1.5117365308105946
  landing: 0.864118866622448
  view-data: 3.299708269536495
