times:
  edit-metadata: 1.5996406376361847
  landing: 0.9024502709507942
  view-data: 3.2957954108715057
