times:
  edit-metadata: 1.5133775472640991
  landing: 1.158949352800846
  view-data: 3.362716231495142
