times:
  edit-metadata: 1.4102575704455376
  landing: 0.852914996445179
  view-data: 3.289506286382675
