times:
  edit-metadata: 1.5137594789266586
  landing: 0.7729647383093834
  view-data: 3.5502007380127907
