times:
  edit-metadata: 1.4111553728580475
  landing: 0.8586554676294327
  view-data: 3.5767525881528854
