times:
  edit-metadata: 1.4234654605388641
  landing: 0.7566471844911575
  view-data: 3.367152623832226
