times:
  edit-metadata: 1.505425937473774
  landing: 0.8142618983983994
  view-data: 3.5327354818582535
