times:
  edit-metadata: 1.4307928830385208
  landing: 0.8998497575521469
  view-data: 3.4691912829875946
