times:
  edit-metadata: 1.3836001008749008
  landing: 0.8697602450847626
  view-data: 3.522235542535782
