times:
  edit-metadata: 1.6537999510765076
  landing: 1.083929717540741
  view-data: 3.5507814809679985
