times:
  edit-metadata: 1.6417188458144665
  landing: 1.084654737263918
  view-data: 3.3268296122550964
