times:
  edit-metadata: 1.6067280322313309
  landing: 1.1246249228715897
  view-data: 3.473978914320469
