times:
  edit-metadata: 1.4862173795700073
  landing: 0.7451657429337502
  view-data: 3.493941456079483
