times:
  edit-metadata: 1.502200335264206
  landing: 0.8880522474646568
  view-data: 3.3681289553642273
