times:
  edit-metadata: 1.498271882534027
  landing: 0.8940319716930389
  view-data: 3.281179007142782
