times:
  edit-metadata: 1.488240510225296
  landing: 0.7729816734790802
  view-data: 3.3728187307715416
