times:
  edit-metadata: 1.5217795595526695
  landing: 0.8847171515226364
  view-data: 3.307220868766308
