times:
  edit-metadata: 1.361627884209156
  landing: 0.7937365472316742
  view-data: 3.4068342447280884
