times:
  edit-metadata: 2.0693368539214134
  landing: 0.9413610622286797
  view-data: 3.569571040570736
