times:
  edit-metadata: 1.4977582320570946
  landing: 0.7790323719382286
  view-data: 3.4537585750222206
