times:
  edit-metadata: 1.6239892803132534
  landing: 1.2075071521103382
  view-data: 3.3690377958118916
