times:
  edit-metadata: 1.5709242932498455
  landing: 0.9814978651702404
  view-data: 3.3011536113917828
