times:
  edit-metadata: 1.7163439840078354
  landing: 0.9843669794499874
  view-data: 3.4302737452089787
