times:
  edit-metadata: 1.4282569661736488
  landing: 0.7645260617136955
  view-data: 3.567078396677971
