times:
  edit-metadata: 1.2391813769936562
  landing: 0.7686842642724514
  view-data: 3.336797222495079
