times:
  edit-metadata: 1.3858653977513313
  landing: 0.7783411778509617
  view-data: 3.26735457777977
