times:
  edit-metadata: 1.4501543566584587
  landing: 0.8245892748236656
  view-data: 3.478943459689617
