times:
  edit-metadata: 1.4123573079705238
  landing: 0.8244481943547726
  view-data: 3.3486446104943752
