times:
  edit-metadata: 1.9305038452148438
  landing: 1.1076474040746689
  view-data: 3.540324054658413
