times:
  edit-metadata: 1.5526827611029148
  landing: 0.8375359512865543
  view-data: 3.359907276928425
