times:
  edit-metadata: 1.556873146444559
  landing: 0.964070126414299
  view-data: 3.362971119582653
