times:
  edit-metadata: 1.3288589864969254
  landing: 0.7073148712515831
  view-data: 3.4247240871191025
