times:
  edit-metadata: 1.4007862359285355
  landing: 0.7913201116025448
  view-data: 3.3171755596995354
