times:
  edit-metadata: 1.6656082943081856
  landing: 1.0916136614978313
  view-data: 3.3832651674747467
