times:
  edit-metadata: 1.7254865169525146
  landing: 0.9557454660534859
  view-data: 3.3759567961096764
