times:
  edit-metadata: 1.5192880630493164
  landing: 0.766719713807106
  view-data: 3.449238881468773
