times:
  edit-metadata: 1.3829830922186375
  landing: 0.842467974871397
  view-data: 3.289496060460806
