times:
  edit-metadata: 1.5063612274825573
  landing: 0.8136492520570755
  view-data: 3.315426252782345
