times:
  edit-metadata: 1.4764190837740898
  landing: 0.8125424161553383
  view-data: 3.442785583436489
