times:
  edit-metadata: 1.486244097352028
  landing: 0.9174867272377014
  view-data: 3.3200068920850754
