times:
  edit-metadata: 1.4679182395339012
  landing: 0.7772661074995995
  view-data: 3.470412254333496
