times:
  edit-metadata: 1.556438148021698
  landing: 0.7973211109638214
  view-data: 3.5218363478779793
