times:
  edit-metadata: 1.461778923869133
  landing: 0.8399627208709717
  view-data: 3.516172170639038
