times:
  edit-metadata: 1.469935167580843
  landing: 0.8485759273171425
  view-data: 3.354455668479204
