times:
  edit-metadata: 1.6915114521980286
  landing: 1.1613906770944595
  view-data: 3.341400220990181
