times:
  edit-metadata: 1.3705835565924644
  landing: 0.8430610150098801
  view-data: 3.445014014840126
