times:
  edit-metadata: 1.5804150104522705
  landing: 0.9521838873624802
  view-data: 3.5251008346676826
