times:
  edit-metadata: 1.4159515276551247
  landing: 0.802337296307087
  view-data: 3.3080237358808517
