times:
  edit-metadata: 1.4377803020179272
  landing: 0.8180056028068066
  view-data: 3.3025353476405144
