times:
  edit-metadata: 1.372147984802723
  landing: 0.7222655192017555
  view-data: 3.557566374540329
