times:
  edit-metadata: 1.4789998680353165
  landing: 0.7717745527625084
  view-data: 3.4543297216296196
