times:
  edit-metadata: 1.3707484304904938
  landing: 0.7883544452488422
  view-data: 3.2606662288308144
