times:
  edit-metadata: 1.9735143668949604
  landing: 1.2856555469334126
  view-data: 3.4345727786421776
