times:
  edit-metadata: 1.567922092974186
  landing: 0.8561960533261299
  view-data: 3.3025135584175587
