times:
  edit-metadata: 1.3960751071572304
  landing: 0.7569161951541901
  view-data: 3.435366876423359
