times:
  edit-metadata: 1.4351340234279633
  landing: 0.8585240095853806
  view-data: 3.5566239804029465
