times:
  edit-metadata: 1.5251846574246883
  landing: 0.9262576773762703
  view-data: 3.3450616747140884
