times:
  edit-metadata: 1.5751228332519531
  landing: 0.8928373381495476
  view-data: 3.30028710141778
