times:
  edit-metadata: 1.4577629640698433
  landing: 0.7563651874661446
  view-data: 3.537023648619652
