times:
  edit-metadata: 1.3841270692646503
  landing: 0.7747451588511467
  view-data: 3.2617378048598766
