times:
  edit-metadata: 1.3801675662398338
  landing: 0.840639092028141
  view-data: 3.325567878782749
