times:
  edit-metadata: 1.287115938961506
  landing: 0.8452937230467796
  view-data: 3.2993528842926025
