times:
  edit-metadata: 1.4655124582350254
  landing: 0.8763256706297398
  view-data: 3.278136655688286
