times:
  edit-metadata: 1.339611679315567
  landing: 0.8511594161391258
  view-data: 3.4747513979673386
