times:
  edit-metadata: 1.377069666981697
  landing: 0.7510563284158707
  view-data: 3.4333595111966133
