times:
  edit-metadata: 1.481501117348671
  landing: 0.8255731090903282
  view-data: 3.457516759634018
