times:
  edit-metadata: 1.4250883683562279
  landing: 0.8320560902357101
  view-data: 3.307290755212307
