times:
  edit-metadata: 1.241948515176773
  landing: 1.1355691775679588
  view-data: 3.4494677409529686
