times:
  edit-metadata: 1.9084927886724472
  landing: 1.405496470630169
  view-data: 3.730329208076
