times:
  edit-metadata: 1.4715854227542877
  landing: 0.7194389328360558
  view-data: 3.5156779661774635
