times:
  edit-metadata: 1.8562980592250824
  landing: 1.3700047507882118
  view-data: 3.427420698106289
