times:
  edit-metadata: 1.4322102293372154
  landing: 0.817022018134594
  view-data: 3.5141746550798416
