times:
  edit-metadata: 1.4538753181695938
  landing: 0.7545340284705162
  view-data: 3.3182999938726425
