times:
  edit-metadata: 1.4629739075899124
  landing: 0.8349415436387062
  view-data: 3.431450366973877
