times:
  edit-metadata: 1.340267725288868
  landing: 0.740723580121994
  view-data: 3.4477830827236176
