times:
  edit-metadata: 1.2243328243494034
  landing: 1.2272170782089233
  view-data: 3.3778996616601944
