times:
  edit-metadata: 1.537990152835846
  landing: 0.8258183896541595
  view-data: 3.4320769160985947
