times:
  edit-metadata: 1.4559978023171425
  landing: 0.72172661870718
  view-data: 3.3900270387530327
