times:
  edit-metadata: 1.5541023910045624
  landing: 0.7583961263298988
  view-data: 3.4942893236875534
