times:
  edit-metadata: 1.4996400848031044
  landing: 0.8588223457336426
  view-data: 3.5341182723641396
