times:
  edit-metadata: 1.3669957667589188
  landing: 0.6918463855981827
  view-data: 3.4660561084747314
