times:
  edit-metadata: 1.4181411191821098
  landing: 0.7418742626905441
  view-data: 3.484305761754513
