times:
  edit-metadata: 1.4524460062384605
  landing: 0.7521874234080315
  view-data: 3.444961778819561
