times:
  edit-metadata: 3.7412653043866158
  landing: 2.039824277162552
  view-data: 4.142997041344643
