times:
  edit-metadata: 1.680713213980198
  landing: 1.0351747423410416
  view-data: 3.4299304857850075
