times:
  edit-metadata: 1.4012498408555984
  landing: 0.7995456233620644
  view-data: 3.511634796857834
