times:
  edit-metadata: 1.4436689987778664
  landing: 0.7770636007189751
  view-data: 3.5212641060352325
