times:
  edit-metadata: 1.4125283733010292
  landing: 0.7579452469944954
  view-data: 3.5188700929284096
