times:
  edit-metadata: 1.9783303886651993
  landing: 1.1232347562909126
  view-data: 3.478267379105091
