times:
  edit-metadata: 1.4937075152993202
  landing: 0.7479611933231354
  view-data: 3.5431073382496834
