times:
  edit-metadata: 1.587785080075264
  landing: 0.8413239941000938
  view-data: 3.4182851761579514
