times:
  edit-metadata: 1.4775926917791367
  landing: 0.801694855093956
  view-data: 3.465863823890686
