times:
  edit-metadata: 1.4102937653660774
  landing: 0.9502404779195786
  view-data: 3.475622944533825
