times:
  edit-metadata: 1.9648829400539398
  landing: 1.2944813445210457
  view-data: 3.5353536680340767
