times:
  edit-metadata: 1.4887697771191597
  landing: 0.798951581120491
  view-data: 3.5375978350639343
