times:
  edit-metadata: 1.4516233429312706
  landing: 0.7704935520887375
  view-data: 3.5209982693195343
