times:
  edit-metadata: 1.4758022725582123
  landing: 0.8158073425292969
  view-data: 3.4399430826306343
