times:
  edit-metadata: 1.5315903425216675
  landing: 0.8115456998348236
  view-data: 3.529220014810562
