times:
  edit-metadata: 2.2887855395674706
  landing: 1.0854916721582413
  view-data: 3.406170979142189
