times:
  edit-metadata: 1.4622316807508469
  landing: 0.7542830258607864
  view-data: 3.4693930223584175
