times:
  edit-metadata: 1.390615314245224
  landing: 0.8789172247052193
  view-data: 3.393123224377632
