times:
  edit-metadata: 1.4590646177530289
  landing: 0.7853134050965309
  view-data: 3.4429716765880585
