times:
  edit-metadata: 1.6437317058444023
  landing: 0.9346523582935333
  view-data: 3.66981939971447
