times:
  edit-metadata: 1.4148744866251945
  landing: 0.7890845239162445
  view-data: 3.4745817333459854
