times:
  edit-metadata: 1.4557957649230957
  landing: 0.8200033083558083
  view-data: 3.504745125770569
