times:
  edit-metadata: 1.673220433294773
  landing: 1.2063108757138252
  view-data: 3.553705185651779
