times:
  edit-metadata: 2.1452833339571953
  landing: 0.9888613969087601
  view-data: 3.727262757718563
