times:
  edit-metadata: 1.5048635751008987
  landing: 0.7567873820662498
  view-data: 3.4705186635255814
