times:
  edit-metadata: 1.3513516634702682
  landing: 0.688368670642376
  view-data: 3.501671753823757
