times:
  edit-metadata: 1.529721699655056
  landing: 0.8479460701346397
  view-data: 3.4789260551333427
