times:
  edit-metadata: 1.505326732993126
  landing: 0.7162731438875198
  view-data: 3.49189081043005
