times:
  edit-metadata: 1.4750853478908539
  landing: 0.7494844645261765
  view-data: 3.55521709471941
