times:
  edit-metadata: 1.5417286977171898
  landing: 0.7962237671017647
  view-data: 3.4504866674542427
