times:
  edit-metadata: 1.406740091741085
  landing: 0.7665692418813705
  view-data: 3.480478562414646
