times:
  edit-metadata: 1.991712637245655
  landing: 0.9706851914525032
  view-data: 3.451978847384453
