times:
  edit-metadata: 1.576964557170868
  landing: 0.763591967523098
  view-data: 3.330469310283661
