times:
  edit-metadata: 1.4387118816375732
  landing: 0.7478259056806564
  view-data: 3.491216830909252
