times:
  edit-metadata: 1.5177308842539787
  landing: 0.8001237660646439
  view-data: 3.330999344587326
