times:
  edit-metadata: 1.3742080889642239
  landing: 0.6933747343719006
  view-data: 3.2784223183989525
