times:
  edit-metadata: 1.34994051232934
  landing: 0.759931456297636
  view-data: 3.266249716281891
