times:
  edit-metadata: 1.429753065109253
  landing: 0.7627553679049015
  view-data: 3.2620247825980186
