times:
  edit-metadata: 1.4355769231915474
  landing: 0.7336053475737572
  view-data: 3.455077141523361
