times:
  edit-metadata: 1.4422564134001732
  landing: 0.7728055641055107
  view-data: 3.4832160249352455
