times:
  edit-metadata: 1.893053151667118
  landing: 1.0960206389427185
  view-data: 3.3852408975362778
