times:
  edit-metadata: 1.4982191771268845
  landing: 0.7961793020367622
  view-data: 3.350577838718891
