times:
  edit-metadata: 1.3808908946812153
  landing: 0.7407739274203777
  view-data: 3.2914462201297283
