times:
  edit-metadata: 1.533394142985344
  landing: 0.792884536087513
  view-data: 3.482271872460842
