times:
  edit-metadata: 1.4250897765159607
  landing: 0.7909998223185539
  view-data: 3.4221463426947594
