times:
  edit-metadata: 1.4229544624686241
  landing: 0.7721517570316792
  view-data: 3.3444103114306927
