times:
  edit-metadata: 1.5074626132845879
  landing: 0.7994717359542847
  view-data: 3.5006051808595657
