times:
  edit-metadata: 1.3753445222973824
  landing: 0.778428703546524
  view-data: 3.4889234006404877
