times:
  edit-metadata: 1.857872411608696
  landing: 1.2570499181747437
  view-data: 3.495820499956608
