times:
  edit-metadata: 1.5043892450630665
  landing: 0.8829530403017998
  view-data: 3.2893321588635445
