times:
  edit-metadata: 1.7049484476447105
  landing: 0.9534595832228661
  view-data: 3.4449026957154274
