times:
  edit-metadata: 1.591286987066269
  landing: 0.8756889030337334
  view-data: 3.3203385435044765
