times:
  edit-metadata: 1.4962198585271835
  landing: 0.760171577334404
  view-data: 3.5293967500329018
