times:
  edit-metadata: 1.5140440948307514
  landing: 0.9294475130736828
  view-data: 3.368370357900858
