times:
  edit-metadata: 1.4756326749920845
  landing: 0.7602944672107697
  view-data: 1.0081535652279854
