times:
  edit-metadata: 1.4139125496149063
  landing: 0.7739746309816837
  view-data: 3.355033591389656
