times:
  edit-metadata: 1.4880288541316986
  landing: 0.7226291671395302
  view-data: 3.381341263651848
