times:
  edit-metadata: 1.4513021409511566
  landing: 0.6793361678719521
  view-data: 3.4474388659000397
