times:
  edit-metadata: 1.4845307245850563
  landing: 0.820048913359642
  view-data: 3.456156224012375
