times:
  edit-metadata: 1.4698872491717339
  landing: 0.840443342924118
  view-data: 3.503255695104599
