times:
  edit-metadata: 1.414620228111744
  landing: 0.7090436071157455
  view-data: 3.490505374968052
