times:
  edit-metadata: 1.4133935496211052
  landing: 0.6995275095105171
  view-data: 3.5326174795627594
