times:
  edit-metadata: 1.4834341779351234
  landing: 0.7711936682462692
  view-data: 3.447390951216221
