times:
  edit-metadata: 1.3607100397348404
  landing: 0.6799637153744698
  view-data: 3.5096502900123596
