times:
  edit-metadata: 1.4565810486674309
  landing: 0.7344615608453751
  view-data: 3.45865236222744
