times:
  edit-metadata: 1.6251387037336826
  landing: 0.8704622462391853
  view-data: 3.3027209155261517
