times:
  edit-metadata: 1.5060470253229141
  landing: 0.8195836693048477
  view-data: 3.4662882536649704
