times:
  edit-metadata: 1.408720001578331
  landing: 0.8151689767837524
  view-data: 3.348629340529442
