times:
  edit-metadata: 2.015640441328287
  landing: 1.0551941506564617
  view-data: 3.532883733510971
