times:
  edit-metadata: 1.4170147329568863
  landing: 0.8254480063915253
  view-data: 3.4576419815421104
