times:
  edit-metadata: 1.5234350115060806
  landing: 0.6903586462140083
  view-data: 3.4689048305153847
