times:
  edit-metadata: 1.4247839897871017
  landing: 0.860981535166502
  view-data: 3.2971679531037807
