times:
  edit-metadata: 1.7845602259039879
  landing: 0.8599565327167511
  view-data: 3.371840663254261
