times:
  edit-metadata: 1.3727347403764725
  landing: 0.7372047789394855
  view-data: 3.306926768273115
