times:
  edit-metadata: 1.8783334121108055
  landing: 0.7577431872487068
  view-data: 3.325611997395754
