times:
  edit-metadata: 2.532153494656086
  landing: 1.1522938311100006
  view-data: 3.55050465464592
