times:
  edit-metadata: 2.089050382375717
  landing: 1.0775837376713753
  view-data: 3.550534173846245
