times:
  edit-metadata: 1.3802628368139267
  landing: 0.7517430037260056
  view-data: 3.502611480653286
