times:
  edit-metadata: 1.3796265870332718
  landing: 0.8553502857685089
  view-data: 3.4945301190018654
