times:
  edit-metadata: 1.4384374916553497
  landing: 0.7910333871841431
  view-data: 3.2628586813807487
