times:
  edit-metadata: 1.7938875332474709
  landing: 0.7764401882886887
  view-data: 3.306641861796379
