times:
  edit-metadata: 1.4807428121566772
  landing: 0.7835058271884918
  view-data: 3.5386304706335068
