times:
  edit-metadata: 1.3699795678257942
  landing: 0.7108828946948051
  view-data: 3.5187340676784515
