times:
  edit-metadata: 1.3299135863780975
  landing: 0.7694930545985699
  view-data: 3.3093807846307755
