times:
  edit-metadata: 2.1185496523976326
  landing: 1.3292137198150158
  view-data: 3.423886824399233
