times:
  edit-metadata: 1.3627961166203022
  landing: 0.7349944859743118
  view-data: 3.292776759713888
