times:
  edit-metadata: 1.4283285848796368
  landing: 0.8038617633283138
  view-data: 3.410354971885681
