times:
  edit-metadata: 1.361488215625286
  landing: 0.7250020578503609
  view-data: 3.4703434333205223
