times:
  edit-metadata: 1.4847092181444168
  landing: 0.778758816421032
  view-data: 3.4419793114066124
