times:
  edit-metadata: 1.4018063470721245
  landing: 0.7650224417448044
  view-data: 3.3079594746232033
