times:
  edit-metadata: 1.362834058701992
  landing: 0.7631340101361275
  view-data: 3.431492403149605
