times:
  edit-metadata: 1.7088784277439117
  landing: 0.9393018335103989
  view-data: 3.5538206920027733
