times:
  edit-metadata: 1.4319612979888916
  landing: 0.7132324054837227
  view-data: 3.4623259529471397
