times:
  edit-metadata: 1.4546338804066181
  landing: 0.7565044015645981
  view-data: 3.328007310628891
