times:
  edit-metadata: 1.486900445073843
  landing: 0.8049022294580936
  view-data: 3.34669878706336
