times:
  edit-metadata: 1.5999262258410454
  landing: 0.7619695141911507
  view-data: 3.317832760512829
