times:
  edit-metadata: 1.4441455826163292
  landing: 0.8744397088885307
  view-data: 3.547943130135536
