times:
  edit-metadata: 1.516662374138832
  landing: 0.7686966359615326
  view-data: 3.309486635029316
