times:
  edit-metadata: 1.4513666033744812
  landing: 0.7428025752305984
  view-data: 3.426067166030407
