times:
  edit-metadata: 1.3794161230325699
  landing: 0.71778404712677
  view-data: 3.394290566444397
