times:
  edit-metadata: 1.4275868982076645
  landing: 0.8524738624691963
  view-data: 3.512205883860588
