times:
  edit-metadata: 1.8601150177419186
  landing: 1.01236392557621
  view-data: 3.368804696947336
