times:
  edit-metadata: 1.646411582827568
  landing: 0.9625772088766098
  view-data: 3.3325731940567493
