times:
  edit-metadata: 3.0976393185555935
  landing: 1.26479372382164
  view-data: 3.5430201441049576
