times:
  edit-metadata: 1.5583292990922928
  landing: 0.8177259787917137
  view-data: 3.2972569540143013
