times:
  edit-metadata: 2.1159307584166527
  landing: 1.27593095600605
  view-data: 3.4844473376870155
