times:
  edit-metadata: 1.3763769716024399
  landing: 0.7756744176149368
  view-data: 3.4748546555638313
