times:
  edit-metadata: 1.4230578765273094
  landing: 0.715461790561676
  view-data: 3.3305899798870087
