times:
  edit-metadata: 1.4731044918298721
  landing: 0.8908363506197929
  view-data: 3.3262365385890007
