times:
  edit-metadata: 1.5280777737498283
  landing: 0.7291932702064514
  view-data: 3.494014836847782
