times:
  edit-metadata: 1.3857215978205204
  landing: 0.7499684765934944
  view-data: 3.2963658794760704
