times:
  edit-metadata: 1.7427237778902054
  landing: 1.036047738045454
  view-data: 3.338718168437481
