times:
  edit-metadata: 1.4537082128226757
  landing: 0.8060567937791348
  view-data: 3.36311624199152
