times:
  edit-metadata: 1.3914657607674599
  landing: 0.8661091141402721
  view-data: 3.3409648314118385
