times:
  edit-metadata: 1.3585459031164646
  landing: 0.7484651692211628
  view-data: 3.2829522751271725
