times:
  edit-metadata: 1.347079262137413
  landing: 0.7216134592890739
  view-data: 3.5147532671689987
