times:
  edit-metadata: 1.527679793536663
  landing: 0.8298782743513584
  view-data: 3.367153152823448
