times:
  edit-metadata: 1.3399780318140984
  landing: 0.7037229388952255
  view-data: 3.497410424053669
