times:
  edit-metadata: 1.3816715516149998
  landing: 0.8222973719239235
  view-data: 3.323686797171831
