times:
  edit-metadata: 1.389769695699215
  landing: 0.7304211184382439
  view-data: 3.482862874865532
