times:
  edit-metadata: 1.7030778303742409
  landing: 0.8331906944513321
  view-data: 3.3467977792024612
