times:
  edit-metadata: 1.4549270011484623
  landing: 0.8580937124788761
  view-data: 3.28203421831131
