times:
  edit-metadata: 3.3779203929007053
  landing: 1.011877153068781
  view-data: 3.311953727155924
