times:
  edit-metadata: 1.4605860635638237
  landing: 0.6950783096253872
  view-data: 3.3226343356072903
