times:
  edit-metadata: 1.4394643306732178
  landing: 0.7171529605984688
  view-data: 3.489468030631542
