times:
  edit-metadata: 1.4491530507802963
  landing: 0.7587192393839359
  view-data: 3.272753309458494
