times:
  edit-metadata: 1.4495255425572395
  landing: 0.7014427185058594
  view-data: 3.496043138206005
