times:
  edit-metadata: 1.4994195625185966
  landing: 0.7314433455467224
  view-data: 3.4460873305797577
