times:
  edit-metadata: 1.5193705335259438
  landing: 0.7459730133414268
  view-data: 3.4358701780438423
