times:
  edit-metadata: 1.4049972034990788
  landing: 0.7625534646213055
  view-data: 3.316930465400219
