times:
  edit-metadata: 1.636165976524353
  landing: 0.8241266459226608
  view-data: 3.3231776729226112
