times:
  edit-metadata: 1.4561055228114128
  landing: 0.7260617613792419
  view-data: 3.449814558029175
