times:
  edit-metadata: 2.7444643676280975
  landing: 1.6237076818943024
  view-data: 3.731321945786476
