times:
  edit-metadata: 1.4281362816691399
  landing: 0.7617449387907982
  view-data: 3.3642691001296043
