times:
  edit-metadata: 1.4329999014735222
  landing: 0.7648668736219406
  view-data: 3.3001216426491737
