times:
  edit-metadata: 1.401159856468439
  landing: 0.7974802255630493
  view-data: 3.3368328139185905
