times:
  edit-metadata: 2.0692430064082146
  landing: 0.9667459242045879
  view-data: 3.3078611232340336
