times:
  edit-metadata: 1.360042542219162
  landing: 0.685269333422184
  view-data: 3.5472079142928123
