times:
  edit-metadata: 1.699288286268711
  landing: 0.7771592251956463
  view-data: 3.309441089630127
