times:
  edit-metadata: 1.4108381122350693
  landing: 0.6997177004814148
  view-data: 3.4369662553071976
