times:
  edit-metadata: 1.5117295160889626
  landing: 0.8841177597641945
  view-data: 3.5421046763658524
