times:
  edit-metadata: 1.4899866357445717
  landing: 0.7851954810321331
  view-data: 3.3158000335097313
