times:
  edit-metadata: 1.5923297442495823
  landing: 0.8603356070816517
  view-data: 3.36446400731802
