times:
  edit-metadata: 1.4527667611837387
  landing: 0.8284830152988434
  view-data: 3.330527700483799
