times:
  edit-metadata: 1.5430544912815094
  landing: 0.8443337380886078
  view-data: 3.356671202927828
