times:
  edit-metadata: 1.4999783672392368
  landing: 0.829346876591444
  view-data: 3.4495016001164913
