times:
  edit-metadata: 1.3621525466442108
  landing: 0.7857930585741997
  view-data: 3.3573585003614426
