times:
  edit-metadata: 1.5782668963074684
  landing: 0.8256594985723495
  view-data: 3.319315619766712
