times:
  edit-metadata: 1.4833264239132404
  landing: 0.7496126964688301
  view-data: 3.3364074788987637
