times:
  edit-metadata: 1.6475066468119621
  landing: 1.0687961429357529
  view-data: 3.3077546805143356
