times:
  edit-metadata: 1.7388351261615753
  landing: 0.9687292128801346
  view-data: 3.358981244266033
