times:
  edit-metadata: 1.436022561043501
  landing: 0.6868909299373627
  view-data: 3.348742999136448
