times:
  edit-metadata: 1.4417847283184528
  landing: 0.8611297495663166
  view-data: 3.4024112075567245
