times:
  edit-metadata: 1.6996422559022903
  landing: 0.7786572203040123
  view-data: 3.5561156943440437
