times:
  edit-metadata: 1.448728159070015
  landing: 0.7417216598987579
  view-data: 3.462647959589958
