times:
  edit-metadata: 1.3935677036643028
  landing: 0.9487015455961227
  view-data: 3.457228437066078
