times:
  edit-metadata: 4.221079811453819
  landing: 0.7373930811882019
  view-data: 3.463673710823059
