times:
  edit-metadata: 1.3475597947835922
  landing: 0.6982315182685852
  view-data: 3.3572545647621155
