times:
  edit-metadata: 1.4994492791593075
  landing: 0.731429435312748
  view-data: 3.3315300159156322
