times:
  edit-metadata: 1.3922405987977982
  landing: 0.7377911359071732
  view-data: 3.2906104512512684
