times:
  edit-metadata: 1.3527482077479362
  landing: 0.8730415478348732
  view-data: 3.264981232583523
