times:
  edit-metadata: 1.360150471329689
  landing: 0.7087887451052666
  view-data: 3.5145770832896233
