times:
  edit-metadata: 1.3815887905657291
  landing: 0.7887706123292446
  view-data: 3.433835096657276
