times:
  edit-metadata: 1.411734450608492
  landing: 0.744537528604269
  view-data: 3.3206309229135513
