times:
  edit-metadata: 1.4736092276871204
  landing: 0.7942920997738838
  view-data: 3.375157631933689
