times:
  edit-metadata: 1.386188805103302
  landing: 0.8056212291121483
  view-data: 3.478595554828644
