times:
  edit-metadata: 1.4658108949661255
  landing: 0.8331498727202415
  view-data: 3.541125141084194
