times:
  edit-metadata: 1.4286439791321754
  landing: 0.7635038644075394
  view-data: 3.494886428117752
