times:
  edit-metadata: 1.3894196823239326
  landing: 0.758421279489994
  view-data: 3.5456957519054413
