times:
  edit-metadata: 1.6317283362150192
  landing: 0.8698851838707924
  view-data: 3.30232360213995
