times:
  edit-metadata: 1.4317730143666267
  landing: 0.72427948564291
  view-data: 3.438280515372753
