times:
  edit-metadata: 1.3465310968458652
  landing: 0.7773304097354412
  view-data: 3.323458965867758
