times:
  edit-metadata: 1.2823490351438522
  landing: 0.8375781625509262
  view-data: 3.5533446818590164
