times:
  edit-metadata: 1.44533122330904
  landing: 0.8668631017208099
  view-data: 3.2860082648694515
