times:
  edit-metadata: 1.5033004209399223
  landing: 0.6787111908197403
  view-data: 3.4959059730172157
