times:
  edit-metadata: 1.4086796790361404
  landing: 0.7058439180254936
  view-data: 3.499703623354435
