times:
  edit-metadata: 1.8047572374343872
  landing: 0.9970138296484947
  view-data: 3.3566974624991417
