times:
  edit-metadata: 1.3712132312357426
  landing: 0.7820424735546112
  view-data: 3.336283978074789
