times:
  edit-metadata: 1.3639591597020626
  landing: 0.748025331646204
  view-data: 3.3733992874622345
