times:
  edit-metadata: 1.4263118207454681
  landing: 0.720348410308361
  view-data: 3.525048650801182
