times:
  edit-metadata: 1.5641231909394264
  landing: 0.7463665530085564
  view-data: 3.5225288942456245
