times:
  edit-metadata: 1.4966755472123623
  landing: 0.796173308044672
  view-data: 3.288697812706232
