times:
  edit-metadata: 1.385910838842392
  landing: 0.7887007370591164
  view-data: 3.3769591227173805
