times:
  edit-metadata: 1.5242624133825302
  landing: 0.763884887099266
  view-data: 3.5228991955518723
