times:
  edit-metadata: 1.3882003128528595
  landing: 0.734198696911335
  view-data: 3.4513382986187935
