times:
  edit-metadata: 1.473629917949438
  landing: 0.7462258376181126
  view-data: 3.262769937515259
