times:
  edit-metadata: 1.4738915301859379
  landing: 0.713551227003336
  view-data: 3.40890072286129
