times:
  edit-metadata: 1.5258640795946121
  landing: 0.8462608009576797
  view-data: 3.335017427802086
