times:
  edit-metadata: 1.4205334074795246
  landing: 0.8635984733700752
  view-data: 3.355698809027672
