times:
  edit-metadata: 1.4561338908970356
  landing: 0.8205556161701679
  view-data: 3.2876650877296925
