times:
  edit-metadata: 1.5125166364014149
  landing: 0.7940081842243671
  view-data: 3.3496516160666943
