times:
  edit-metadata: 1.7094655483961105
  landing: 1.1331841945648193
  view-data: 3.690259352326393
