times:
  edit-metadata: 1.4981657341122627
  landing: 0.8038621917366982
  view-data: 3.546701706945896
