times:
  edit-metadata: 1.4654790237545967
  landing: 0.846902959048748
  view-data: 3.3553304113447666
