times:
  edit-metadata: 1.4585134759545326
  landing: 0.9553163684904575
  view-data: 3.347594555467367
