times:
  edit-metadata: 1.423017106950283
  landing: 0.7538416609168053
  view-data: 3.444316864013672
