times:
  edit-metadata: 1.6087670251727104
  landing: 0.7771260589361191
  view-data: 3.295282930135727
