times:
  edit-metadata: 1.8451383672654629
  landing: 1.3516524583101273
  view-data: 3.733400959521532
