times:
  edit-metadata: 1.4415611550211906
  landing: 0.7263504862785339
  view-data: 3.4601016119122505
