times:
  edit-metadata: 1.3939584791660309
  landing: 0.7223760485649109
  view-data: 3.4471784234046936
