times:
  edit-metadata: 1.3868907913565636
  landing: 0.6927577033638954
  view-data: 3.4160573557019234
