times:
  edit-metadata: 1.524770975112915
  landing: 0.7700059711933136
  view-data: 3.308978497982025
