times:
  edit-metadata: 1.4626754224300385
  landing: 0.6904266327619553
  view-data: 3.4649318754673004
