times:
  edit-metadata: 1.4493448920547962
  landing: 0.9215845428407192
  view-data: 3.3060034848749638
