times:
  edit-metadata: 1.4920833334326744
  landing: 0.7648683562874794
  view-data: 3.288879469037056
