times:
  edit-metadata: 1.566372111439705
  landing: 0.837408259510994
  view-data: 3.3552893325686455
