times:
  edit-metadata: 1.427968554198742
  landing: 0.7579788118600845
  view-data: 3.5637745410203934
