times:
  edit-metadata: 1.3557857275009155
  landing: 0.8373149558901787
  view-data: 3.3229072242975235
