times:
  edit-metadata: 1.552942257374525
  landing: 0.7279772758483887
  view-data: 3.2735577784478664
