times:
  edit-metadata: 1.3600390069186687
  landing: 0.7761933170258999
  view-data: 3.3013155795633793
