times:
  edit-metadata: 2.106226608157158
  landing: 1.4144250452518463
  view-data: 3.2723687291145325
