times:
  edit-metadata: 1.6937706507742405
  landing: 1.2152556627988815
  view-data: 3.4277066476643085
