times:
  edit-metadata: 1.4770110920071602
  landing: 0.8196563497185707
  view-data: 3.4710799157619476
