times:
  edit-metadata: 3.105503089725971
  landing: 1.4560340717434883
  view-data: 3.9907737150788307
