times:
  edit-metadata: 1.4899211004376411
  landing: 0.7411947548389435
  view-data: 3.482091508805752
