times:
  edit-metadata: 1.386919990181923
  landing: 0.7354167401790619
  view-data: 3.507415719330311
