times:
  edit-metadata: 1.4723012447357178
  landing: 0.8170369826257229
  view-data: 3.265534721314907
