times:
  edit-metadata: 1.3819574117660522
  landing: 0.7077776566147804
  view-data: 3.4220944568514824
