times:
  edit-metadata: 1.4236088134348392
  landing: 0.8044955916702747
  view-data: 3.302774615585804
