times:
  edit-metadata: 1.4155900701880455
  landing: 0.8476255387067795
  view-data: 3.4519953057169914
