times:
  edit-metadata: 1.457159474492073
  landing: 0.7739903032779694
  view-data: 3.5692741870880127
