times:
  edit-metadata: 1.5421807914972305
  landing: 0.8138714730739594
  view-data: 3.4973374754190445
