times:
  edit-metadata: 1.4813955277204514
  landing: 0.7790062129497528
  view-data: 3.5009433031082153
