times:
  edit-metadata: 1.5843543782830238
  landing: 0.7678225412964821
  view-data: 3.304401271045208
