times:
  edit-metadata: 1.5927180461585522
  landing: 0.8756665959954262
  view-data: 3.3327537663280964
