times:
  edit-metadata: 1.462030339986086
  landing: 0.7954452112317085
  view-data: 3.261613305658102
