times:
  edit-metadata: 1.5887182801961899
  landing: 0.7582731395959854
  view-data: 3.299781233072281
