times:
  edit-metadata: 1.434296078979969
  landing: 0.8192349374294281
  view-data: 3.2693377397954464
