times:
  edit-metadata: 1.404345989227295
  landing: 0.7924118116497993
  view-data: 3.530127577483654
