times:
  edit-metadata: 1.3899689838290215
  landing: 0.8371063023805618
  view-data: 3.5600191578269005
