times:
  edit-metadata: 1.4386583752930164
  landing: 0.8301476575434208
  view-data: 3.2978674806654453
