times:
  edit-metadata: 1.518252108246088
  landing: 0.733137235045433
  view-data: 3.3026598431169987
