times:
  edit-metadata: 2.0420407354831696
  landing: 1.3568991720676422
  view-data: 3.5062060356140137
