times:
  edit-metadata: 1.506413422524929
  landing: 0.8127779811620712
  view-data: 3.555567003786564
