times:
  edit-metadata: 1.4722677767276764
  landing: 1.0177820175886154
  view-data: 3.657608311623335
