times:
  edit-metadata: 1.4041136354207993
  landing: 0.8144616931676865
  view-data: 3.3989985063672066
