times:
  edit-metadata: 1.3595204874873161
  landing: 0.7652910426259041
  view-data: 3.495918683707714
