times:
  edit-metadata: 1.3889570012688637
  landing: 0.7457637153565884
  view-data: 3.2914615012705326
