times:
  edit-metadata: 1.4720680937170982
  landing: 0.693412534892559
  view-data: 3.531157225370407
