times:
  edit-metadata: 1.4702182710170746
  landing: 0.7688693627715111
  view-data: 3.482930399477482
