times:
  edit-metadata: 2.192276693880558
  landing: 0.9162073507905006
  view-data: 3.808967389166355
