times:
  edit-metadata: 1.6610350385308266
  landing: 0.7343569695949554
  view-data: 3.4293807297945023
