times:
  edit-metadata: 1.4884463176131248
  landing: 0.7355681657791138
  view-data: 3.4834450855851173
