times:
  edit-metadata: 1.713740162551403
  landing: 0.9009263217449188
  view-data: 3.3427890837192535
