times:
  edit-metadata: 1.337234005331993
  landing: 0.7342848479747772
  view-data: 3.285637989640236
