times:
  edit-metadata: 1.440975621342659
  landing: 0.759970523416996
  view-data: 3.5105376690626144
