times:
  edit-metadata: 1.3954398594796658
  landing: 0.7916863448917866
  view-data: 3.44429425150156
