times:
  edit-metadata: 1.4238268658518791
  landing: 0.7407134771347046
  view-data: 3.4331404715776443
