times:
  edit-metadata: 1.4142503961920738
  landing: 0.7468088790774345
  view-data: 3.497536927461624
