times:
  edit-metadata: 1.4266211465001106
  landing: 0.7135155498981476
  view-data: 3.4803901314735413
