times:
  edit-metadata: 1.613573346287012
  landing: 0.8727157823741436
  view-data: 3.3212489634752274
