times:
  edit-metadata: 1.4539423622190952
  landing: 0.7319096922874451
  view-data: 3.362547352910042
