times:
  edit-metadata: 1.4008911922574043
  landing: 0.7564787678420544
  view-data: 3.2728906720876694
