times:
  edit-metadata: 1.5160770863294601
  landing: 0.8668683730065823
  view-data: 3.3656655214726925
