times:
  edit-metadata: 1.6962019428610802
  landing: 0.8545875027775764
  view-data: 3.4897808209061623
