times:
  edit-metadata: 1.41878642141819
  landing: 0.8025482594966888
  view-data: 3.4791183322668076
