times:
  edit-metadata: 1.5273945555090904
  landing: 0.715324230492115
  view-data: 3.4416773095726967
