times:
  edit-metadata: 1.4577111527323723
  landing: 0.9105948284268379
  view-data: 3.3108304738998413
