times:
  edit-metadata: 1.7441809996962547
  landing: 0.9705881886184216
  view-data: 3.3387897796928883
