times:
  edit-metadata: 2.125453695654869
  landing: 1.4318492785096169
  view-data: 3.8159383311867714
