times:
  edit-metadata: 1.4597192108631134
  landing: 0.8312200754880905
  view-data: 3.4912033528089523
