times:
  edit-metadata: 1.498528592288494
  landing: 0.7817823365330696
  view-data: 3.43916205316782
