times:
  edit-metadata: 1.5299210995435715
  landing: 0.7868479900062084
  view-data: 3.438775882124901
