times:
  edit-metadata: 1.3704260662198067
  landing: 0.9702513441443443
  view-data: 3.4893291369080544
