times:
  edit-metadata: 1.4314545318484306
  landing: 1.02292250841856
  view-data: 3.4403874054551125
