times:
  edit-metadata: 1.427351027727127
  landing: 0.8015387505292892
  view-data: 3.300978258252144
