times:
  edit-metadata: 1.3640027344226837
  landing: 0.7182734906673431
  view-data: 3.4024883657693863
