times:
  edit-metadata: 1.4459847286343575
  landing: 0.890297282487154
  view-data: 3.3039526976644993
