times:
  edit-metadata: 1.4610011540353298
  landing: 0.8137409538030624
  view-data: 3.327680204063654
