times:
  edit-metadata: 1.413974866271019
  landing: 0.7991878166794777
  view-data: 3.5096961706876755
