times:
  edit-metadata: 1.4003303945064545
  landing: 0.776360034942627
  view-data: 3.288998957723379
