times:
  edit-metadata: 2.036475945264101
  landing: 0.8951136879622936
  view-data: 3.4909659288823605
