times:
  edit-metadata: 1.5341092944145203
  landing: 0.7450938448309898
  view-data: 3.3286940529942513
