times:
  edit-metadata: 1.3957128152251244
  landing: 0.7433337941765785
  view-data: 3.416547007858753
