times:
  edit-metadata: 1.5285636633634567
  landing: 0.9377823024988174
  view-data: 3.2842012867331505
