times:
  edit-metadata: 1.4716813191771507
  landing: 0.7533797323703766
  view-data: 3.460136167705059
