times:
  edit-metadata: 1.4211096614599228
  landing: 0.7394876033067703
  view-data: 3.431331291794777
