times:
  edit-metadata: 1.4737755134701729
  landing: 0.9046259373426437
  view-data: 3.611616864800453
