times:
  edit-metadata: 1.4084066674113274
  landing: 0.7162831872701645
  view-data: 3.4223808720707893
