times:
  edit-metadata: 1.4171987548470497
  landing: 0.8019285500049591
  view-data: 3.450129173696041
