times:
  edit-metadata: 1.5296218022704124
  landing: 0.7618460319936275
  view-data: 3.360069766640663
