times:
  edit-metadata: 1.5308398753404617
  landing: 0.7666905298829079
  view-data: 3.4730461835861206
