times:
  edit-metadata: 1.4464878588914871
  landing: 0.8224532641470432
  view-data: 3.2929885424673557
