times:
  edit-metadata: 1.5604571774601936
  landing: 0.7974146753549576
  view-data: 3.493248328566551
