times:
  edit-metadata: 1.5188673064112663
  landing: 0.9209982976317406
  view-data: 3.4417851492762566
