times:
  edit-metadata: 1.3972422406077385
  landing: 0.6977676525712013
  view-data: 3.4350454062223434
