times:
  edit-metadata: 1.6592173352837563
  landing: 0.8872824646532536
  view-data: 3.312491822987795
