times:
  edit-metadata: 1.7659636177122593
  landing: 0.9699967838823795
  view-data: 3.38068525493145
