times:
  edit-metadata: 1.4576713033020496
  landing: 0.8924739100039005
  view-data: 3.3731581158936024
