times:
  edit-metadata: 1.43358538672328
  landing: 0.8460865616798401
  view-data: 3.3247975260019302
