times:
  edit-metadata: 1.3403290584683418
  landing: 0.9160807803273201
  view-data: 3.465953007340431
