times:
  edit-metadata: 1.4570863246917725
  landing: 0.9129460081458092
  view-data: 3.4689201414585114
