times:
  edit-metadata: 1.368092656135559
  landing: 0.7876527905464172
  view-data: 3.407269187271595
