times:
  edit-metadata: 1.4909837692975998
  landing: 0.8418908417224884
  view-data: 3.5205202624201775
