times:
  edit-metadata: 1.5460865944623947
  landing: 0.9477278292179108
  view-data: 3.3388188034296036
