times:
  edit-metadata: 1.4742408990859985
  landing: 0.7676895186305046
  view-data: 3.456373654305935
