times:
  edit-metadata: 1.4671815484762192
  landing: 0.7843554019927979
  view-data: 3.47488322108984
