times:
  edit-metadata: 1.4920368157327175
  landing: 0.8089004084467888
  view-data: 3.295573979616165
