times:
  edit-metadata: 1.462279338389635
  landing: 0.9157371558248997
  view-data: 3.276346154510975
