times:
  edit-metadata: 1.437593463808298
  landing: 0.8205760382115841
  view-data: 3.3239190243184566
