times:
  edit-metadata: 1.5330670028924942
  landing: 0.7266179174184799
  view-data: 3.525510311126709
