times:
  edit-metadata: 1.5139320082962513
  landing: 0.8634309805929661
  view-data: 3.374280698597431
