times:
  edit-metadata: 1.3934399336576462
  landing: 0.8708640038967133
  view-data: 3.381471011787653
