times:
  edit-metadata: 2.0530572459101677
  landing: 1.0051025450229645
  view-data: 3.5273512974381447
