times:
  edit-metadata: 2.0726501643657684
  landing: 1.0351169034838676
  view-data: 3.374221045523882
