times:
  edit-metadata: 1.3811217844486237
  landing: 0.7413776703178883
  view-data: 3.2841475307941437
