times:
  edit-metadata: 1.430351946502924
  landing: 0.8702591881155968
  view-data: 3.2874516248703003
