times:
  edit-metadata: 1.4507310576736927
  landing: 0.9557351395487785
  view-data: 3.382457185536623
