times:
  edit-metadata: 1.8462238647043705
  landing: 0.8934132009744644
  view-data: 3.4866230748593807
