times:
  edit-metadata: 1.4167137369513512
  landing: 0.7381022274494171
  view-data: 3.387003965675831
