times:
  edit-metadata: 1.3842852041125298
  landing: 0.792123019695282
  view-data: 3.2571949437260628
