times:
  edit-metadata: 1.5868486948311329
  landing: 0.9072763361036777
  view-data: 3.3077141381800175
