times:
  edit-metadata: 1.5484230667352676
  landing: 0.9158686846494675
  view-data: 3.314241860061884
