times:
  edit-metadata: 1.4470472782850266
  landing: 0.796914104372263
  view-data: 3.3365383334457874
