times:
  edit-metadata: 1.3776232674717903
  landing: 0.7942638769745827
  view-data: 3.2742741405963898
