times:
  edit-metadata: 1.8124389424920082
  landing: 1.2787883430719376
  view-data: 3.3565800860524178
