times:
  edit-metadata: 1.4157452508807182
  landing: 0.7414539158344269
  view-data: 3.5356702506542206
