times:
  edit-metadata: 1.4726001024246216
  landing: 0.9743433520197868
  view-data: 3.591308854520321
