times:
  edit-metadata: 1.3956555426120758
  landing: 0.7557851374149323
  view-data: 3.5083765909075737
