times:
  edit-metadata: 1.5148026756942272
  landing: 0.7961866557598114
  view-data: 3.403522152453661
