times:
  edit-metadata: 1.4063322246074677
  landing: 0.7752806134521961
  view-data: 3.4002832993865013
