times:
  edit-metadata: 1.5232913009822369
  landing: 0.8511143513023853
  view-data: 3.294643636792898
