times:
  edit-metadata: 1.544792477041483
  landing: 0.9386330917477608
  view-data: 3.309663362801075
