times:
  edit-metadata: 1.5372303873300552
  landing: 0.8334657698869705
  view-data: 3.4580512568354607
