times:
  edit-metadata: 1.5016941130161285
  landing: 0.7919954136013985
  view-data: 3.331246182322502
