times:
  edit-metadata: 1.544822171330452
  landing: 0.8642935231328011
  view-data: 3.450834758579731
