times:
  edit-metadata: 1.4782857224345207
  landing: 0.7499020025134087
  view-data: 3.4742836579680443
