times:
  edit-metadata: 1.4931782744824886
  landing: 0.8382381685078144
  view-data: 3.285815864801407
