times:
  edit-metadata: 1.4391966238617897
  landing: 0.6831406205892563
  view-data: 3.4599625170230865
