times:
  edit-metadata: 1.975045196712017
  landing: 1.1960796415805817
  view-data: 3.725186236202717
