times:
  edit-metadata: 1.440547101199627
  landing: 0.9142231047153473
  view-data: 3.4809612780809402
