times:
  edit-metadata: 1.4379730001091957
  landing: 0.7199397683143616
  view-data: 3.5012456253170967
