times:
  edit-metadata: 2.693865582346916
  landing: 2.209885835647583
  view-data: 3.9416174963116646
