times:
  edit-metadata: 1.4448472037911415
  landing: 0.8368979021906853
  view-data: 3.5478491336107254
