times:
  edit-metadata: 1.52727759629488
  landing: 0.7398617714643478
  view-data: 3.4542645290493965
