times:
  edit-metadata: 1.3631513491272926
  landing: 0.7357694506645203
  view-data: 3.5639820396900177
