times:
  edit-metadata: 1.625221960246563
  landing: 0.7823146283626556
  view-data: 3.3720610290765762
