times:
  edit-metadata: 1.439929835498333
  landing: 0.7211770713329315
  view-data: 3.297990567982197
