times:
  edit-metadata: 2.1363069638609886
  landing: 1.3867310360074043
  view-data: 3.584537699818611
