times:
  edit-metadata: 1.6278743036091328
  landing: 0.9229765869677067
  view-data: 3.275323558598757
