times:
  edit-metadata: 1.5192520394921303
  landing: 0.8615302368998528
  view-data: 3.255661003291607
