times:
  edit-metadata: 2.097552515566349
  landing: 1.065662007778883
  view-data: 3.8175568617880344
