times:
  edit-metadata: 1.4314750283956528
  landing: 0.7574730664491653
  view-data: 3.4986319318413734
