times:
  edit-metadata: 1.3802171610295773
  landing: 0.761073749512434
  view-data: 3.251706399023533
