times:
  edit-metadata: 1.4309069365262985
  landing: 0.814638826996088
  view-data: 3.3264291770756245
