times:
  edit-metadata: 1.56646429002285
  landing: 1.0814774334430695
  view-data: 3.3191644698381424
