times:
  edit-metadata: 1.4079957231879234
  landing: 0.7322494015097618
  view-data: 3.450673468410969
