times:
  edit-metadata: 1.4846755675971508
  landing: 0.929014042019844
  view-data: 3.2970613539218903
