times:
  edit-metadata: 1.4042740538716316
  landing: 0.7238722369074821
  view-data: 3.431028977036476
