times:
  edit-metadata: 1.3819152526557446
  landing: 0.9180581606924534
  view-data: 3.2784223929047585
