times:
  edit-metadata: 1.6346324980258942
  landing: 0.9331935569643974
  view-data: 3.3372026905417442
