times:
  edit-metadata: 1.5110133178532124
  landing: 0.8900119997560978
  view-data: 3.4078848734498024
