times:
  edit-metadata: 1.607753947377205
  landing: 0.828658364713192
  view-data: 3.255128040909767
