times:
  edit-metadata: 1.3840476647019386
  landing: 0.7480229735374451
  view-data: 3.4565256536006927
