times:
  edit-metadata: 1.5427274331450462
  landing: 0.7347914427518845
  view-data: 3.492122136056423
