times:
  edit-metadata: 1.4440720081329346
  landing: 0.7137137055397034
  view-data: 3.513548769056797
