times:
  edit-metadata: 1.4781669080257416
  landing: 0.7822574153542519
  view-data: 3.440568223595619
