times:
  edit-metadata: 1.579326719045639
  landing: 0.8942024186253548
  view-data: 3.454976201057434
