times:
  edit-metadata: 1.372802771627903
  landing: 0.9167315065860748
  view-data: 3.3121803626418114
