times:
  edit-metadata: 1.332526296377182
  landing: 0.7963567227125168
  view-data: 3.5037636756896973
