times:
  edit-metadata: 1.5935422331094742
  landing: 1.1284097954630852
  view-data: 3.347356252372265
