times:
  edit-metadata: 1.4971559196710587
  landing: 0.9085565209388733
  view-data: 3.34111450612545
