times:
  edit-metadata: 1.4493861868977547
  landing: 0.7982351556420326
  view-data: 3.310744136571884
