times:
  edit-metadata: 1.5106656812131405
  landing: 0.8311663456261158
  view-data: 3.346786465495825
