times:
  edit-metadata: 1.6499794535338879
  landing: 1.1541349366307259
  view-data: 3.4761944264173508
