times:
  edit-metadata: 1.4237894713878632
  landing: 0.7445344105362892
  view-data: 3.412794813513756
