times:
  edit-metadata: 1.4989808425307274
  landing: 0.7885494269430637
  view-data: 3.296032525599003
