times:
  edit-metadata: 1.4836117774248123
  landing: 0.7324446141719818
  view-data: 3.3703279867768288
