times:
  edit-metadata: 1.4999365657567978
  landing: 0.8347142152488232
  view-data: 3.279411006718874
