times:
  edit-metadata: 1.4576223865151405
  landing: 0.7254746183753014
  view-data: 3.477323703467846
