times:
  edit-metadata: 3.3284092992544174
  landing: 1.7828600779175758
  view-data: 3.8434712439775467
