times:
  edit-metadata: 1.3632358685135841
  landing: 0.8454436138272285
  view-data: 3.303324230015278
