times:
  edit-metadata: 1.5145122557878494
  landing: 0.9772626906633377
  view-data: 3.560163103044033
