times:
  edit-metadata: 1.491610050201416
  landing: 0.911850281059742
  view-data: 3.408115476369858
