times:
  edit-metadata: 1.3865432478487492
  landing: 0.9172545410692692
  view-data: 3.3610407821834087
