times:
  edit-metadata: 1.5235270597040653
  landing: 0.8055011630058289
  view-data: 3.360327076166868
