times:
  edit-metadata: 1.5431506074965
  landing: 0.8340625204145908
  view-data: 3.331794459372759
