times:
  edit-metadata: 1.3985574692487717
  landing: 0.8437928408384323
  view-data: 3.315034069120884
