times:
  edit-metadata: 1.3601607158780098
  landing: 0.7636364921927452
  view-data: 3.3160832971334457
