times:
  edit-metadata: 1.4739056564867496
  landing: 0.7831862606108189
  view-data: 3.3020320050418377
