times:
  edit-metadata: 1.4745203331112862
  landing: 0.7945117801427841
  view-data: 3.3893273696303368
