times:
  edit-metadata: 1.511195920407772
  landing: 0.7594585418701172
  view-data: 3.4534277990460396
