times:
  edit-metadata: 1.430684007704258
  landing: 0.7592877373099327
  view-data: 3.4296452552080154
