times:
  edit-metadata: 1.5272544100880623
  landing: 0.8936479240655899
  view-data: 3.5271678045392036
