times:
  edit-metadata: 1.4434619471430779
  landing: 0.7184541821479797
  view-data: 3.47894237190485
