times:
  edit-metadata: 2.12174154818058
  landing: 1.0461024567484856
  view-data: 3.6049426198005676
