times:
  edit-metadata: 2.1599963903427124
  landing: 1.1651229038834572
  view-data: 3.732877641916275
