times:
  edit-metadata: 1.4017856195569038
  landing: 0.8200116455554962
  view-data: 3.510751135647297
