times:
  edit-metadata: 1.5376030839979649
  landing: 0.810258075594902
  view-data: 3.294562269002199
