times:
  edit-metadata: 1.5782657340168953
  landing: 0.863640584051609
  view-data: 3.3047049567103386
