times:
  edit-metadata: 1.8397537097334862
  landing: 0.9860387369990349
  view-data: 3.48421648144722
