times:
  edit-metadata: 1.5656212866306305
  landing: 0.7764737159013748
  view-data: 3.4596844613552094
