times:
  edit-metadata: 1.9976324141025543
  landing: 0.9772439673542976
  view-data: 3.6646483168005943
