times:
  edit-metadata: 1.526681773364544
  landing: 0.8286131620407104
  view-data: 3.483405366539955
