times:
  edit-metadata: 1.4461077228188515
  landing: 0.7461400479078293
  view-data: 3.354965515434742
