times:
  edit-metadata: 1.4671269431710243
  landing: 0.7973788008093834
  view-data: 3.578557439148426
