times:
  edit-metadata: 1.4588896706700325
  landing: 0.8657938055694103
  view-data: 3.3103336058557034
