times:
  edit-metadata: 1.3727520555257797
  landing: 0.867978423833847
  view-data: 3.515505790710449
