times:
  edit-metadata: 1.4562694616615772
  landing: 0.7881408929824829
  view-data: 3.305536437779665
