times:
  edit-metadata: 1.4350078031420708
  landing: 0.7789897695183754
  view-data: 3.50674856454134
