times:
  edit-metadata: 1.5670645758509636
  landing: 0.7556486949324608
  view-data: 3.3064280822873116
