times:
  edit-metadata: 1.5313453376293182
  landing: 0.9723854139447212
  view-data: 3.3409652039408684
