times:
  edit-metadata: 1.4636984318494797
  landing: 0.8261917345225811
  view-data: 3.3818190321326256
