times:
  edit-metadata: 1.5137456767261028
  landing: 1.058521743863821
  view-data: 3.3609155490994453
