times:
  edit-metadata: 1.5249355137348175
  landing: 0.850358746945858
  view-data: 3.3098250031471252
