times:
  edit-metadata: 1.4714771807193756
  landing: 0.8239550366997719
  view-data: 3.417432501912117
