times:
  edit-metadata: 1.3664537966251373
  landing: 0.7914913296699524
  view-data: 3.2935309670865536
