times:
  edit-metadata: 1.6406180113554
  landing: 0.923818789422512
  view-data: 3.3159521594643593
