times:
  edit-metadata: 1.4568898901343346
  landing: 0.8662962801754475
  view-data: 3.3921096064150333
