times:
  edit-metadata: 1.4660612419247627
  landing: 0.7196653187274933
  view-data: 3.4266694486141205
