times:
  edit-metadata: 2.16055204346776
  landing: 1.3816319182515144
  view-data: 3.4594902247190475
