times:
  edit-metadata: 1.5667983405292034
  landing: 0.9837809912860394
  view-data: 3.3266020603477955
