times:
  edit-metadata: 2.0816276259720325
  landing: 1.299086980521679
  view-data: 3.3228858336806297
