times:
  edit-metadata: 1.4019920527935028
  landing: 0.8179654255509377
  view-data: 3.519568920135498
