times:
  edit-metadata: 1.5083233416080475
  landing: 0.7336689159274101
  view-data: 3.474647894501686
