times:
  edit-metadata: 1.4721967205405235
  landing: 0.8813083618879318
  view-data: 3.2875097543001175
