times:
  edit-metadata: 1.4315079674124718
  landing: 0.7950896769762039
  view-data: 3.3115491420030594
