times:
  edit-metadata: 1.4238787814974785
  landing: 0.7416342869400978
  view-data: 3.2978789806365967
