times:
  edit-metadata: 1.528134524822235
  landing: 0.9653496071696281
  view-data: 3.3132031187415123
