times:
  edit-metadata: 1.471425637602806
  landing: 0.78956638276577
  view-data: 3.5363052412867546
