times:
  edit-metadata: 1.4890554621815681
  landing: 1.0307677425444126
  view-data: 3.255920931696892
