times:
  edit-metadata: 1.5407522022724152
  landing: 0.8812611252069473
  view-data: 3.447440780699253
