times:
  edit-metadata: 1.5506280362606049
  landing: 0.7623103782534599
  view-data: 3.511205956339836
