times:
  edit-metadata: 1.3281197883188725
  landing: 0.8752900771796703
  view-data: 3.288490552455187
