times:
  edit-metadata: 1.4524372853338718
  landing: 0.7745545208454132
  view-data: 3.3348791375756264
