times:
  edit-metadata: 1.4450953304767609
  landing: 0.860756404697895
  view-data: 3.4323137253522873
