times:
  edit-metadata: 1.5002355948090553
  landing: 1.1072671227157116
  view-data: 3.3098074831068516
