times:
  edit-metadata: 1.470781721174717
  landing: 0.8960342332720757
  view-data: 3.30376747995615
