times:
  edit-metadata: 2.1115733943879604
  landing: 1.074677336961031
  view-data: 3.379623483866453
