times:
  edit-metadata: 1.4366516433656216
  landing: 0.7881651297211647
  view-data: 3.3152805753052235
