times:
  edit-metadata: 1.5013203024864197
  landing: 0.7261652201414108
  view-data: 3.49712885171175
