times:
  edit-metadata: 1.4713131114840508
  landing: 0.7682209312915802
  view-data: 3.477269969880581
