times:
  edit-metadata: 1.4595977514982224
  landing: 1.1150972098112106
  view-data: 3.2752015255391598
