times:
  edit-metadata: 1.4291522577404976
  landing: 0.8015727326273918
  view-data: 3.509480819106102
