times:
  edit-metadata: 1.354478307068348
  landing: 0.786387000232935
  view-data: 3.2996533513069153
