times:
  edit-metadata: 1.4885753616690636
  landing: 1.1083155497908592
  view-data: 3.6153260320425034
