times:
  edit-metadata: 1.3967666551470757
  landing: 0.8410311155021191
  view-data: 3.3280228413641453
