times:
  edit-metadata: 1.4193972647190094
  landing: 0.8525168113410473
  view-data: 3.3311588056385517
