times:
  edit-metadata: 1.4168928787112236
  landing: 1.0577575862407684
  view-data: 3.61179531365633
