times:
  edit-metadata: 1.5594736114144325
  landing: 0.9922745749354362
  view-data: 3.593948431313038
