times:
  edit-metadata: 1.5084168165922165
  landing: 0.7685043439269066
  view-data: 3.4155719727277756
