times:
  edit-metadata: 1.532285649329424
  landing: 0.8273485153913498
  view-data: 3.426620975136757
