times:
  edit-metadata: 1.55697463452816
  landing: 0.8121857047080994
  view-data: 3.497195929288864
