times:
  edit-metadata: 1.3944658562541008
  landing: 0.8190407082438469
  view-data: 3.494557671248913
