times:
  edit-metadata: 1.458060622215271
  landing: 0.8521098382771015
  view-data: 3.3596260100603104
