times:
  edit-metadata: 1.55033378303051
  landing: 0.795768566429615
  view-data: 3.4936719685792923
