times:
  edit-metadata: 1.3740188851952553
  landing: 0.7306944653391838
  view-data: 3.433189570903778
