times:
  edit-metadata: 1.4907459318637848
  landing: 0.801423043012619
  view-data: 3.526269793510437
