times:
  edit-metadata: 1.6774971671402454
  landing: 0.8998811058700085
  view-data: 3.405870348215103
