times:
  edit-metadata: 1.4399954825639725
  landing: 1.0250145606696606
  view-data: 3.490999922156334
