times:
  edit-metadata: 1.5021496415138245
  landing: 0.7853115573525429
  view-data: 3.5253309085965157
