times:
  edit-metadata: 2.136438839137554
  landing: 1.2111074030399323
  view-data: 3.6798171252012253
