times:
  edit-metadata: 1.3963980376720428
  landing: 0.8068157956004143
  view-data: 3.5620654597878456
