times:
  edit-metadata: 1.4340215846896172
  landing: 0.7971819154918194
  view-data: 3.38144863024354
