times:
  edit-metadata: 1.4875855445861816
  landing: 0.7634904682636261
  view-data: 3.2980621233582497
