times:
  edit-metadata: 1.5594411790370941
  landing: 0.8473120480775833
  view-data: 3.351217683404684
