times:
  edit-metadata: 1.543252244591713
  landing: 0.8518699407577515
  view-data: 3.4251393266022205
