times:
  edit-metadata: 3.2488482743501663
  landing: 1.9744912460446358
  view-data: 3.7607837319374084
