times:
  edit-metadata: 1.4467334225773811
  landing: 0.8949388712644577
  view-data: 3.298805847764015
