times:
  edit-metadata: 1.9777389019727707
  landing: 1.5524803772568703
  view-data: 3.3775747641921043
