times:
  edit-metadata: 1.6082354635000229
  landing: 0.9499831721186638
  view-data: 3.48695670068264
