times:
  edit-metadata: 1.3956845551729202
  landing: 0.8233683556318283
  view-data: 3.4607145339250565
