times:
  edit-metadata: 1.459992028772831
  landing: 0.7692650109529495
  view-data: 3.472534663975239
