times:
  edit-metadata: 1.4484674856066704
  landing: 0.7684879899024963
  view-data: 3.4085371792316437
