times:
  edit-metadata: 1.3298949673771858
  landing: 0.757454626262188
  view-data: 3.415956772863865
