times:
  edit-metadata: 1.4053868539631367
  landing: 0.8391584195196629
  view-data: 3.365667652338743
