times:
  edit-metadata: 1.4546174705028534
  landing: 0.8088714778423309
  view-data: 3.3399402610957623
