times:
  edit-metadata: 1.3690419718623161
  landing: 0.7778632715344429
  view-data: 3.4358425959944725
