times:
  edit-metadata: 1.551210179924965
  landing: 0.9063846096396446
  view-data: 3.3496598452329636
