times:
  edit-metadata: 1.3609533086419106
  landing: 0.7775868922472
  view-data: 3.4993939623236656
