times:
  edit-metadata: 1.504438679665327
  landing: 0.9234675839543343
  view-data: 3.316170759499073
