times:
  edit-metadata: 1.4405838139355183
  landing: 0.8201012350618839
  view-data: 3.3435072414577007
