times:
  edit-metadata: 1.3984378576278687
  landing: 0.8611670844256878
  view-data: 3.3288007639348507
