times:
  edit-metadata: 1.4756434634327888
  landing: 0.8448861390352249
  view-data: 3.451062932610512
