times:
  edit-metadata: 1.3784983977675438
  landing: 0.7494667991995811
  view-data: 3.295704785734415
