times:
  edit-metadata: 1.4537512809038162
  landing: 0.7862546592950821
  view-data: 3.360783375799656
