times:
  edit-metadata: 1.694717861711979
  landing: 1.2170685678720474
  view-data: 3.331347607076168
