times:
  edit-metadata: 1.5251839831471443
  landing: 0.7572039738297462
  view-data: 3.3856951370835304
