times:
  edit-metadata: 1.3926374316215515
  landing: 0.782831035554409
  view-data: 3.2809295020997524
