times:
  edit-metadata: 1.4315012991428375
  landing: 0.869665265083313
  view-data: 3.3408890776336193
