times:
  edit-metadata: 1.3760541155934334
  landing: 0.7866486459970474
  view-data: 3.4042987301945686
