times:
  edit-metadata: 1.692876748740673
  landing: 0.8319701701402664
  view-data: 3.6749583035707474
