times:
  edit-metadata: 1.4660180881619453
  landing: 0.7788640484213829
  view-data: 3.4876400008797646
