times:
  edit-metadata: 1.4268544986844063
  landing: 0.7666522935032845
  view-data: 3.466534301638603
