times:
  edit-metadata: 1.3871505968272686
  landing: 0.7813320457935333
  view-data: 3.2843834906816483
