times:
  landing: 0.5626762119999853
  view-data: 0.56242850000001
