times:
  edit-metadata: 0.5965580679476261
  landing: 0.05233271303586662
  view-data: 0.18123070592992008
