times:
  edit-metadata: 0.41855384106747806
  landing: 0.04912910400889814
  view-data: 0.20487008313648403
