times:
  edit-metadata: 0.5174183286726475
  landing: 0.05556061491370201
  view-data: 0.20274250954389572
