times:
  edit-metadata: 0.4695405727252364
  landing: 0.05392860807478428
  view-data: 0.20299113914370537
