times:
  landing: 1.0949052089999896
  view-data: 0.5649569500000098
