times:
  edit-metadata: 0.4375011520460248
  landing: 0.049427738413214684
  view-data: 0.2004261016845703
