times:
  edit-metadata: 1.5610100105404854
  landing: 0.9068859703838825
  view-data: 3.350930530577898
