times:
  edit-metadata: 1.480981394648552
  landing: 0.7233540266752243
  view-data: 3.3337426222860813
