times:
  edit-metadata: 0.5911870989948511
  landing: 0.04761763499118388
  view-data: 0.19290851091500372
