times:
  edit-metadata: 1.5553652551025152
  landing: 0.8962025158107281
  view-data: 3.491196421906352
