times:
  edit-metadata: 0.5919094518758357
  landing: 0.05763382697477937
  view-data: 0.1923802790697664
