times:
  edit-metadata: 0.42693770211189985
  landing: 0.06225152965635061
  view-data: 0.20783241745084524
