times:
  edit-metadata: 0.5828689329791814
  landing: 0.0483459890820086
  view-data: 0.1881187588442117
