times:
  edit-metadata: 1.327789762057364
  landing: 0.022504379972815514
  view-data: 0.02494578529149294
