times:
  landing: 1.6053869389999704
  view-data: 0.5563967059999868
