times:
  landing: 0.5476472859999717
  view-data: 0.5582797459999824
