times:
  edit-metadata: 0.4821491129696369
  landing: 0.07867385999998078
  view-data: 0.2102038849843666
