times:
  edit-metadata: 1.5514090675860643
  landing: 0.026112783700227737
  view-data: 0.4528479129076004
