times:
  edit-metadata: 1.3506372310221195
  landing: 0.024099347181618214
  view-data: 0.025715217925608158
