times:
  edit-metadata: 1.365727400407195
  landing: 0.019504602998495102
  view-data: 0.028408534824848175
