times:
  edit-metadata: 1.5795756771694869
  landing: 0.8430088669992983
  view-data: 3.3672599070705473
