times:
  landing: 1.071713668999962
  view-data: 0.5528201460000446
