times:
  edit-metadata: 0.5028245919384062
  landing: 0.08835463086143136
  view-data: 0.21613187994807959
