times:
  edit-metadata: 1.6075440309941769
  landing: 0.7713597258552909
  view-data: 3.3503171280026436
