times:
  edit-metadata: 1.3606414766982198
  landing: 0.16679519321769476
  view-data: 0.21409188490360975
