times:
  edit-metadata: 0.6893657759646885
  landing: 0.08146122196922079
  view-data: 0.20561989402631298
