times:
  edit-metadata: 1.546740960329771
  landing: 0.0278288796544075
  view-data: 0.16384601779282093
