times:
  edit-metadata: 0.6156129601877183
  landing: 0.06116395001299679
  view-data: 0.1716325271409005
