times:
  edit-metadata: 0.5358845451846719
  landing: 0.05740641010925174
  view-data: 0.20823047403246164
