times:
  edit-metadata: 0.5343881025910378
  landing: 0.04600958153605461
  view-data: 0.18684130162000656
