times:
  edit-metadata: 0.5744743570685387
  landing: 0.060577742755413055
  view-data: 0.18833214417099953
