times:
  edit-metadata: 1.485402837395668
  landing: 0.05969368666410446
  view-data: 0.04293927364051342
