times:
  edit-metadata: 1.3198526911437511
  landing: 0.23987294733524323
  view-data: 0.2972320709377527
