times:
  edit-metadata: 1.3115587588399649
  landing: 0.02098596841096878
  view-data: 0.12351115513592958
