times:
  landing: 1.1160704110000097
  view-data: 0.5588293960000215
