times:
  edit-metadata: 0.5845629959367216
  landing: 0.14163702307268977
  view-data: 0.20726873679086566
