times:
  edit-metadata: 0.4251520773395896
  landing: 0.05435212003067136
  view-data: 0.1971782916225493
