times:
  edit-metadata: 1.391915587708354
  landing: 0.020268571563065052
  view-data: 0.441407578997314
