times:
  edit-metadata: 0.5175482999766245
  landing: 0.073657360044308
  view-data: 0.2300625710049644
