times:
  edit-metadata: 1.38850586861372
  landing: 0.18794884532690048
  view-data: 0.2965385280549526
