times:
  edit-metadata: 0.503545830026269
  landing: 0.058294264948926866
  view-data: 0.22482352599035949
