times:
  edit-metadata: 0.544206865131855
  landing: 0.05639258027076721
  view-data: 0.9856487289071083
