times:
  edit-metadata: 0.5767993190020206
  landing: 0.04848201499407878
  view-data: 0.2480080229943269
