times:
  edit-metadata: 0.43328072084113955
  landing: 0.056792628951370716
  view-data: 0.21020853566005826
