times:
  edit-metadata: 0.5413074232637882
  landing: 0.5278545673936605
  view-data: 0.19156413711607456
