times:
  edit-metadata: 0.44484416861087084
  landing: 0.052105546928942204
  view-data: 0.20421780552715063
