times:
  edit-metadata: 1.5161525011062622
  landing: 0.9161253832280636
  view-data: 3.3203486539423466
