times:
  edit-metadata: 1.5570010878145695
  landing: 0.9304971769452095
  view-data: 3.347575608640909
