times:
  edit-metadata: 1.5225497838109732
  landing: 0.28727369569242
  view-data: 0.3668231386691332
