times:
  edit-metadata: 1.3023252515122294
  landing: 0.021347948350012302
  view-data: 0.02963185217231512
