times:
  edit-metadata: 0.5198732046410441
  landing: 0.061709505040198565
  view-data: 0.2253990499302745
