times:
  edit-metadata: 1.4761738739907742
  landing: 0.8597231321036816
  view-data: 3.37573204562068
