times:
  landing: 0.5563249460000179
  view-data: 0.5523975470000551
