times:
  edit-metadata: 0.5264237243682146
  landing: 0.9636653382331133
  view-data: 0.18774509243667126
