times:
  landing: 1.5943530210000176
  view-data: 0.5592608459999724
