times:
  edit-metadata: 0.5184539034962654
  landing: 0.05585771054029465
  view-data: 0.19119283184409142
