times:
  edit-metadata: 0.49723780481144786
  landing: 0.05553152598440647
  view-data: 0.1876249429769814
