times:
  edit-metadata: 0.6090474199736491
  landing: 0.050684299087151885
  view-data: 0.19088618096429855
