times:
  edit-metadata: 1.3871436640620232
  landing: 0.8096430078148842
  view-data: 3.33318442478776
