times:
  edit-metadata: 0.4295320559758693
  landing: 0.07751912786625326
  view-data: 0.24147316510789096
