times:
  edit-metadata: 1.5592493154108524
  landing: 0.7742928974330425
  view-data: 3.437464425340295
