times:
  landing: 0.5507136129999992
  view-data: 0.5600801510000224
