times:
  edit-metadata: 1.3814935889095068
  landing: 0.13142611645162106
  view-data: 0.02446271851658821
