times:
  landing: 0.5472291089999999
  view-data: 0.5448348459999579
