times:
  landing: 0.546617958000013
  view-data: 0.5455048450000106
