times:
  edit-metadata: 2.3783730138093233
  landing: 1.1293703438714147
  view-data: 3.653947750106454
