times:
  landing: 0.5550539800000251
  view-data: 0.5551999819999764
