times:
  edit-metadata: 0.5778073566034436
  landing: 0.0495223943144083
  view-data: 0.19199148193001747
