times:
  edit-metadata: 1.5724673382937908
  landing: 1.016918994486332
  view-data: 3.407095979899168
