times:
  edit-metadata: 1.5832044469425455
  landing: 0.8250831760233268
  view-data: 3.3535702099325135
