times:
  edit-metadata: 2.7056746976450086
  landing: 0.5575632192194462
  view-data: 0.7867931975051761
