times:
  edit-metadata: 0.49636400025337934
  landing: 0.06250280141830444
  view-data: 0.21681368723511696
