times:
  edit-metadata: 1.5268371775746346
  landing: 0.82542709633708
  view-data: 3.3945699147880077
