times:
  edit-metadata: 1.6047064755111933
  landing: 0.7793821003288031
  view-data: 3.351735109463334
