times:
  landing: 0.5553631120000091
  view-data: 0.567152268999962
