times:
  edit-metadata: 1.5580183491110802
  landing: 0.7140018083155155
  view-data: 3.3788189869374037
