times:
  edit-metadata: 1.5553546696901321
  landing: 0.8130754940211773
  view-data: 3.320322047919035
