times:
  edit-metadata: 0.43370976811274886
  landing: 0.07756230211816728
  view-data: 0.20727049792185426
