times:
  edit-metadata: 0.42420565406791866
  landing: 0.04718782100826502
  view-data: 0.2116696061566472
