times:
  edit-metadata: 1.462124926969409
  landing: 0.7216240409761667
  view-data: 3.3614115715026855
