times:
  edit-metadata: 1.3635133607313037
  landing: 0.1697506606578827
  view-data: 0.11645389068871737
