times:
  edit-metadata: 1.5374135673046112
  landing: 0.7607853226363659
  view-data: 3.259629722684622
