times:
  edit-metadata: 1.4455630406737328
  landing: 0.7658491767942905
  view-data: 3.258595979772508
