times:
  edit-metadata: 1.3317426154389977
  landing: 0.10957117844372988
  view-data: 0.4019153667613864
