times:
  edit-metadata: 1.740711766993627
  landing: 0.8829657509922981
  view-data: 3.298725218977779
