times:
  landing: 0.5537564419999512
  view-data: 0.5666703140000209
