times:
  edit-metadata: 1.4029655493795872
  landing: 0.7303353697061539
  view-data: 3.338521957397461
