times:
  landing: 0.5529387670000006
  view-data: 0.5528273649999846
