times:
  edit-metadata: 1.692090231925249
  landing: 0.9236587360501289
  view-data: 3.3703081775456667
