times:
  edit-metadata: 0.43371270690113306
  landing: 0.05618730001151562
  view-data: 0.19637270318344235
