times:
  edit-metadata: 1.3384288176894188
  landing: 0.11925515998154879
  view-data: 0.026107640005648136
