times:
  edit-metadata: 0.6149465469643474
  landing: 0.050380973843857646
  view-data: 0.1909997931215912
