times:
  edit-metadata: 1.652525331825018
  landing: 0.17190284840762615
  view-data: 0.14426392316818237
