times:
  edit-metadata: 0.5834352090023458
  landing: 0.05204925197176635
  view-data: 0.18979394203051925
