times:
  edit-metadata: 0.5603275378234684
  landing: 0.09262963896617293
  view-data: 0.304945919662714
