times:
  edit-metadata: 0.49982937425374985
  landing: 0.05367918685078621
  view-data: 0.3175446093082428
