times:
  edit-metadata: 0.43294528126716614
  landing: 0.052193318493664265
  view-data: 0.20572558138519526
