times:
  landing: 0.5566643129999989
  view-data: 0.559063368000011
