times:
  edit-metadata: 1.3415551371872425
  landing: 0.1174146244302392
  view-data: 0.02536632213741541
