times:
  edit-metadata: 0.9303250322118402
  landing: 0.05491177598014474
  view-data: 0.20497366972267628
