times:
  edit-metadata: 0.5296077914535999
  landing: 0.049649578519165516
  view-data: 0.20161915570497513
