times:
  edit-metadata: 1.577373132109642
  landing: 0.8206054382026196
  view-data: 3.406702745705843
