times:
  edit-metadata: 0.5274599939584732
  landing: 0.05928853526711464
  view-data: 0.19623428955674171
