times:
  landing: 1.0618081250000273
  view-data: 0.5565499950000117
