times:
  edit-metadata: 1.5506079755723476
  landing: 0.8570378664880991
  view-data: 3.4284187965095043
