times:
  edit-metadata: 0.6006772750988603
  landing: 0.05354772321879864
  view-data: 0.1984195241238922
