times:
  edit-metadata: 1.5435598865151405
  landing: 0.7754130493849516
  view-data: 3.415913198143244
