times:
  edit-metadata: 0.5113116321153939
  landing: 0.058108550030738115
  view-data: 0.1862282808870077
