times:
  landing: 0.5475389539999469
  view-data: 0.5439605320000283
