times:
  edit-metadata: 0.5507099684327841
  landing: 0.579380314797163
  view-data: 0.18142511509358883
