times:
  edit-metadata: 0.4324738150462508
  landing: 0.0614722790196538
  view-data: 0.21216566860675812
