times:
  edit-metadata: 0.5404928140342236
  landing: 0.05741270165890455
  view-data: 0.1989366039633751
