times:
  edit-metadata: 0.6022810849826783
  landing: 0.06055943900719285
  view-data: 0.17850166512653232
