times:
  edit-metadata: 1.809479122981429
  landing: 0.847336477600038
  view-data: 3.3400273574516177
