times:
  landing: 0.5457045859999994
  view-data: 0.5495568260000141
