times:
  edit-metadata: 1.7193606663495302
  landing: 0.7882103063166142
  view-data: 3.3492750003933907
