times:
  edit-metadata: 1.4264854341745377
  landing: 0.9477483481168747
  view-data: 3.390545353293419
