times:
  edit-metadata: 0.6272131309378892
  landing: 0.05906995106488466
  view-data: 0.21800121990963817
