times:
  edit-metadata: 0.6033289858605713
  landing: 0.06487456290051341
  view-data: 0.1977794540580362
