times:
  edit-metadata: 1.3327461946755648
  landing: 0.1943969987332821
  view-data: 0.11989579536020756
