times:
  landing: 0.5552510429999984
  view-data: 0.5585183599999937
