times:
  edit-metadata: 1.3542527835816145
  landing: 0.13272295892238617
  view-data: 0.02718217484652996
