times:
  edit-metadata: 0.5806598240160383
  landing: 0.05470390000846237
  view-data: 0.19147289701504633
