times:
  edit-metadata: 1.3440374415367842
  landing: 0.14478356204926968
  view-data: 0.12217197380959988
