times:
  edit-metadata: 0.4419083580141887
  landing: 0.06890055199619383
  view-data: 0.20157809590455145
