times:
  landing: 1.0633299259999944
  view-data: 0.5453254029999925
