times:
  edit-metadata: 0.575562544981949
  landing: 0.05117843800690025
  view-data: 0.19379012403078377
