times:
  edit-metadata: 1.6239893659949303
  landing: 0.9179855547845364
  view-data: 3.336932387202978
