times:
  edit-metadata: 1.7597469873726368
  landing: 1.0988052375614643
  view-data: 3.3466864116489887
