times:
  landing: 1.7549776111263782
  view-data: 0.03229562006890774
