times:
  landing: 1.1135261210000067
  view-data: 0.5537392999999611
