times:
  edit-metadata: 1.4179686196148396
  landing: 0.8382331244647503
  view-data: 3.328471150249243
