times:
  edit-metadata: 0.5178991951979697
  landing: 0.05185497598722577
  view-data: 0.20921947807073593
