times:
  landing: 1.0807246140000188
  view-data: 0.568120155000031
