times:
  edit-metadata: 0.5128960944712162
  landing: 0.04996143653988838
  view-data: 0.19301820918917656
