times:
  edit-metadata: 1.5985106080770493
  landing: 0.8998577892780304
  view-data: 3.4543975181877613
