times:
  edit-metadata: 1.342919960618019
  landing: 0.11318491213023663
  view-data: 0.03017078898847103
