times:
  edit-metadata: 0.5102921724319458
  landing: 0.06127205118536949
  view-data: 0.1925700642168522
