times:
  landing: 1.0699094809997405
  view-data: 0.5555292380004175
