times:
  landing: 0.5499365799999794
  view-data: 0.5527737079999895
