times:
  landing: 0.548497913999995
  view-data: 0.5545278909999638
