times:
  edit-metadata: 1.5859713032841682
  landing: 0.7767917513847351
  view-data: 3.4206093810498714
