times:
  edit-metadata: 1.3159539494663477
  landing: 0.11693101562559605
  view-data: 0.026038741692900658
