times:
  edit-metadata: 1.3634851286187768
  landing: 0.02365595567971468
  view-data: 0.18597643543034792
