times:
  edit-metadata: 1.326246210373938
  landing: 0.02228064090013504
  view-data: 0.024011016823351383
