times:
  landing: 1.0771619430000214
  view-data: 0.5597081460000481
