times:
  edit-metadata: 1.3564108172431588
  landing: 0.021947997622191906
  view-data: 0.027618742547929287
