times:
  landing: 0.5578523050000399
  view-data: 0.5624067290000312
