times:
  landing: 0.5523152669999831
  view-data: 0.5496677520000048
