times:
  edit-metadata: 0.5014901831746101
  landing: 0.04846799373626709
  view-data: 0.18641485646367073
