times:
  edit-metadata: 0.5175198819488287
  landing: 0.055297305807471275
  view-data: 0.20469924062490463
