times:
  landing: 0.5547418060000382
  view-data: 0.5580173230000014
