times:
  edit-metadata: 0.5596244521439075
  landing: 0.6477127652615309
  view-data: 0.42432571575045586
