times:
  edit-metadata: 0.4190077530220151
  landing: 0.046842046082019806
  view-data: 0.19339104276150465
