times:
  edit-metadata: 0.42329146107658744
  landing: 0.05743311112746596
  view-data: 0.20378160197287798
