times:
  edit-metadata: 1.389815166592598
  landing: 0.020391744561493397
  view-data: 0.24685119278728962
