times:
  edit-metadata: 0.5644770283252001
  landing: 1.1347562056034803
  view-data: 0.6403634082525969
