times:
  edit-metadata: 1.6692545358091593
  landing: 0.8074150029569864
  view-data: 3.459828492254019
