times:
  edit-metadata: 1.5277427230030298
  landing: 0.6928799748420715
  view-data: 3.394568672403693
