times:
  edit-metadata: 0.5301274647936225
  landing: 0.06482468312606215
  view-data: 0.19862650893628597
