times:
  edit-metadata: 1.5703187249600887
  landing: 1.0499718859791756
  view-data: 3.38876149430871
