times:
  edit-metadata: 0.578302436042577
  landing: 0.049361206009052694
  view-data: 0.19302477699238807
