times:
  edit-metadata: 1.4673596918582916
  landing: 0.8045625449158251
  view-data: 3.3840024112723768
