times:
  landing: 0.5457217059999948
  view-data: 0.5493985509999675
