times:
  landing: 0.5592494499999816
  view-data: 0.5596899700000222
