times:
  landing: 0.5632551869999816
  view-data: 0.5471721699999534
