times:
  landing: 0.5569177120000859
  view-data: 0.5541363539999793
