times:
  edit-metadata: 1.5013625668361783
  landing: 0.7681476669386029
  view-data: 3.3336127288639545
