times:
  edit-metadata: 1.4213099461048841
  landing: 0.020492942072451115
  view-data: 0.4417667994275689
