times:
  edit-metadata: 0.5281314663589001
  landing: 0.5671366490423679
  view-data: 0.21120484173297882
