times:
  landing: 0.5512597960000107
  view-data: 0.05258812599998919
