times:
  edit-metadata: 0.4287020950578153
  landing: 0.058813730953261256
  view-data: 0.20603692694567144
