times:
  edit-metadata: 0.42119342600926757
  landing: 0.05333476886153221
  view-data: 0.20580834429711103
