times:
  edit-metadata: 0.45858015213161707
  landing: 0.05144355120137334
  view-data: 0.19707929715514183
