times:
  edit-metadata: 0.419145458843559
  landing: 0.048651552060619
  view-data: 0.21079644304700196
