times:
  landing: 0.551946490000006
  view-data: 0.5554760839999915
