times:
  edit-metadata: 0.504904787056148
  landing: 0.049530668649822474
  view-data: 0.19243208039551973
