times:
  edit-metadata: 1.4867304610088468
  landing: 0.8229813612997532
  view-data: 3.3521137828938663
