times:
  edit-metadata: 0.41921314600040205
  landing: 0.05056203399726655
  view-data: 0.21130629599792883
