times:
  edit-metadata: 0.5175461694598198
  landing: 0.057563722133636475
  view-data: 0.1910170540213585
