times:
  edit-metadata: 1.4012383613735437
  landing: 0.021789145655930042
  view-data: 0.13103641010820866
