times:
  edit-metadata: 1.4415677599608898
  landing: 0.02347179315984249
  view-data: 0.13602526299655437
