times:
  edit-metadata: 0.5463776458054781
  landing: 0.7463700585067272
  view-data: 0.1989763956516981
