times:
  edit-metadata: 1.45616639778018
  landing: 1.0512598864734173
  view-data: 3.296126924455166
