times:
  edit-metadata: 1.613848453387618
  landing: 0.7342235697433352
  view-data: 3.444339567795396
