times:
  edit-metadata: 1.566409571096301
  landing: 0.9287690743803978
  view-data: 3.3552060686051846
