times:
  edit-metadata: 1.3218602184206247
  landing: 0.11382699571549892
  view-data: 0.024691402912139893
