times:
  edit-metadata: 2.0337049309164286
  landing: 0.023159435018897057
  view-data: 0.3048268612474203
