times:
  edit-metadata: 1.518999582156539
  landing: 0.719275034032762
  view-data: 3.3136775167658925
