times:
  edit-metadata: 0.49906577495858073
  landing: 0.054201794788241386
  view-data: 0.18894997192546725
