times:
  edit-metadata: 2.237443981692195
  landing: 0.6361188497394323
  view-data: 0.551684140227735
