times:
  edit-metadata: 0.5474780593067408
  landing: 0.5532998219132423
  view-data: 0.18072419241070747
