times:
  edit-metadata: 1.5110327079892159
  landing: 0.15394803509116173
  view-data: 0.3217539433389902
