times:
  edit-metadata: 0.5144055746495724
  landing: 0.6535937637090683
  view-data: 0.3230598606169224
