times:
  edit-metadata: 1.4058838672935963
  landing: 0.7653745971620083
  view-data: 3.2879809588193893
