times:
  landing: 0.5474372679999533
  view-data: 0.5518873979999626
