times:
  edit-metadata: 0.6298117320984602
  landing: 0.5090643838047981
  view-data: 0.19790736213326454
