times:
  edit-metadata: 0.6610791021957994
  landing: 0.06306452723219991
  view-data: 0.1945874746888876
