times:
  edit-metadata: 0.5255316169932485
  landing: 0.056910845916718245
  view-data: 0.21463398495689034
