times:
  landing: 0.5540248659999634
  view-data: 0.5555923750000602
