times:
  edit-metadata: 0.5809487560763955
  landing: 0.05756044015288353
  view-data: 0.18227099115028977
