times:
  edit-metadata: 1.5460434332489967
  landing: 0.9386214353144169
  view-data: 3.4324675388634205
