times:
  edit-metadata: 0.4624054089654237
  landing: 0.05137539899442345
  view-data: 0.2108452341053635
