times:
  edit-metadata: 0.5403024330735207
  landing: 0.8160651568323374
  view-data: 0.30760862678289413
