times:
  edit-metadata: 1.6071880962699652
  landing: 0.23451877012848854
  view-data: 0.13713400065898895
