times:
  edit-metadata: 0.5765158259309828
  landing: 0.056547767017036676
  view-data: 0.188981378916651
