times:
  landing: 0.5602708549999988
  view-data: 0.5676287100000081
