times:
  edit-metadata: 0.4278046521358192
  landing: 0.053647762862965465
  view-data: 0.19435482006520033
