times:
  edit-metadata: 0.5226756818592548
  landing: 0.059276778250932693
  view-data: 0.20202576089650393
