times:
  edit-metadata: 0.6126756640151143
  landing: 0.061056793900206685
  view-data: 0.18083210987970233
