times:
  edit-metadata: 1.3684398895129561
  landing: 0.018906768411397934
  view-data: 0.14763138815760612
