times:
  edit-metadata: 1.584112111479044
  landing: 0.7550575006753206
  view-data: 3.427774364128709
