times:
  edit-metadata: 0.541331959888339
  landing: 0.07150737661868334
  view-data: 0.24673847621306777
