times:
  edit-metadata: 1.4172940533608198
  landing: 0.7346260938793421
  view-data: 3.332653504796326
