times:
  landing: 0.5600362940000423
  view-data: 0.5637521500000275
