times:
  edit-metadata: 0.5901117319590412
  landing: 0.052811993984505534
  view-data: 0.1995542019722052
