times:
  edit-metadata: 0.527884398587048
  landing: 0.05248377798125148
  view-data: 0.1984064532443881
