times:
  landing: 1.0844227680936456
  view-data: 0.5529623990878463
