times:
  landing: 1.6058789530000013
  view-data: 0.5604344100000276
