times:
  edit-metadata: 1.362588718533516
  landing: 0.022446694783866405
  view-data: 0.025722578167915344
