times:
  landing: 0.5507529889999887
  view-data: 0.5544845290000069
