times:
  edit-metadata: 1.6447556503117085
  landing: 0.9692524373531342
  view-data: 3.3418758139014244
