times:
  landing: 0.5533772410000211
  view-data: 0.5573591720000195
