times:
  edit-metadata: 0.5014156270772219
  landing: 0.0511228097602725
  view-data: 0.19453267101198435
