times:
  landing: 0.550019065000015
  view-data: 0.5527096850000248
