times:
  edit-metadata: 0.5479556545615196
  landing: 0.683557603508234
  view-data: 0.19994204305112362
