times:
  edit-metadata: 1.586034243926406
  landing: 0.8629913348704576
  view-data: 3.473776564002037
