times:
  edit-metadata: 1.3511380963027477
  landing: 0.199486224912107
  view-data: 0.4266973016783595
