times:
  edit-metadata: 0.5266886241734028
  landing: 2.4907965883612633
  view-data: 0.5188885107636452
