times:
  edit-metadata: 1.3255543792620301
  landing: 0.19383263774216175
  view-data: 0.1202006246894598
