times:
  edit-metadata: 1.6412309873849154
  landing: 0.8264928199350834
  view-data: 3.392540601082146
