times:
  edit-metadata: 1.3633361011743546
  landing: 0.021671142429113388
  view-data: 0.15471232682466507
