times:
  edit-metadata: 0.5702482799533755
  landing: 0.055847855983302
  view-data: 0.1799539839848876
