times:
  edit-metadata: 0.4307515569962561
  landing: 0.05936227599158883
  view-data: 0.21005785814486444
