times:
  edit-metadata: 1.5299550741910934
  landing: 0.7502645123749971
  view-data: 3.4162868093699217
