times:
  edit-metadata: 0.491892172023654
  landing: 1.102264653891325
  view-data: 0.5958822481334209
