times:
  edit-metadata: 1.400964243337512
  landing: 0.021192600950598717
  view-data: 0.0983479917049408
