times:
  edit-metadata: 0.5479808673262596
  landing: 0.7954688705503941
  view-data: 0.29840277321636677
