times:
  landing: 0.5514751819999901
  view-data: 0.5593801009999879
