times:
  edit-metadata: 1.3335726652294397
  landing: 0.17904728930443525
  view-data: 0.2228484721854329
