times:
  edit-metadata: 1.390614427626133
  landing: 0.8150163851678371
  view-data: 3.2867912985384464
