times:
  edit-metadata: 1.3563795443624258
  landing: 0.187670536339283
  view-data: 0.3391049988567829
