times:
  landing: 0.5554743740000276
  view-data: 0.5519648469999652
