times:
  edit-metadata: 0.7688049059943296
  landing: 0.08317840797826648
  view-data: 0.2128423069952987
