times:
  edit-metadata: 0.6449791180202737
  landing: 0.05542306904681027
  view-data: 0.1916019869968295
