times:
  edit-metadata: 1.35362468380481
  landing: 0.02276775799691677
  view-data: 0.10166819393634796
