times:
  edit-metadata: 0.4381609979318455
  landing: 0.047032863018102944
  view-data: 0.1957057910040021
