times:
  edit-metadata: 0.5046230666339397
  landing: 0.05223415419459343
  view-data: 0.19261625036597252
