times:
  edit-metadata: 1.67638586089015
  landing: 1.0235044844448566
  view-data: 3.3473339341580868
