times:
  edit-metadata: 1.5255432277917862
  landing: 0.9313583318144083
  view-data: 3.3670546989887953
