times:
  edit-metadata: 1.583030052948743
  landing: 0.9864756837487221
  view-data: 3.39386351313442
