times:
  landing: 1.1144330760000116
  view-data: 0.5635738750000314
