times:
  edit-metadata: 1.56747268140316
  landing: 0.7530747149139643
  view-data: 3.379720240831375
