times:
  edit-metadata: 2.1076189540326595
  landing: 0.8092461116611958
  view-data: 3.417593937367201
