times:
  edit-metadata: 0.43805486196652055
  landing: 0.07120748702436686
  view-data: 0.2043233310105279
