times:
  edit-metadata: 1.4138335837051272
  landing: 0.01950880978256464
  view-data: 0.40239347610622644
