times:
  edit-metadata: 0.5851118545979261
  landing: 0.8894552886486053
  view-data: 0.21317942813038826
