times:
  edit-metadata: 1.3896678984165192
  landing: 0.020917927846312523
  view-data: 0.025824190117418766
