times:
  edit-metadata: 0.5916350902989507
  landing: 0.04913190519437194
  view-data: 0.19214889081194997
