times:
  edit-metadata: 1.542908538132906
  landing: 0.7306107692420483
  view-data: 3.360638564452529
