times:
  edit-metadata: 1.4007832575589418
  landing: 0.020760806277394295
  view-data: 0.1243565957993269
