times:
  edit-metadata: 1.5441719330847263
  landing: 0.19675173982977867
  view-data: 0.027854008600115776
