times:
  edit-metadata: 0.41506761964410543
  landing: 0.061358239501714706
  view-data: 0.20923421159386635
