times:
  landing: 1.0603597869999248
  view-data: 0.5478319280000505
