times:
  edit-metadata: 0.589550981298089
  landing: 0.6984541919082403
  view-data: 0.19028950482606888
