times:
  edit-metadata: 1.3128985911607742
  landing: 0.022731725126504898
  view-data: 0.10082190204411745
