times:
  edit-metadata: 1.4368121586740017
  landing: 0.14147745072841644
  view-data: 0.02336938865482807
