times:
  landing: 0.5534879550000369
  view-data: 0.5631641100000024
