times:
  edit-metadata: 1.2057732921093702
  landing: 0.20233016554266214
  view-data: 0.24907875806093216
