times:
  edit-metadata: 1.6231593377888203
  landing: 1.0631136037409306
  view-data: 3.369399804621935
