times:
  landing: 0.5434355699999855
  view-data: 0.5460460030000149
