times:
  landing: 1.0679741639999918
  view-data: 0.5493552280000245
