times:
  landing: 0.5591971630000216
  view-data: 0.5607011660000012
