times:
  edit-metadata: 1.3698103744536638
  landing: 0.7155359368771315
  view-data: 3.3055695556104183
