times:
  edit-metadata: 1.7929132971912622
  landing: 1.109635790809989
  view-data: 3.431896634399891
