times:
  edit-metadata: 1.4958081534132361
  landing: 0.20555215328931808
  view-data: 0.32134966272860765
