times:
  edit-metadata: 0.5042793098837137
  landing: 0.07452367013320327
  view-data: 0.22043652599677444
