times:
  landing: 0.5536634289999824
  view-data: 0.5522648259999983
