times:
  edit-metadata: 1.3321597212925553
  landing: 0.2352861063554883
  view-data: 0.02235771156847477
