times:
  edit-metadata: 1.524989066645503
  landing: 0.6761867422610521
  view-data: 3.3631425369530916
