times:
  edit-metadata: 1.3614688385277987
  landing: 0.022274739108979702
  view-data: 0.13354018703103065
