times:
  edit-metadata: 0.5278684794902802
  landing: 0.04844357818365097
  view-data: 0.20058494061231613
