times:
  edit-metadata: 1.6697642877697945
  landing: 0.8478387407958508
  view-data: 3.473748404532671
