times:
  edit-metadata: 0.5078041651286185
  landing: 0.05311208125203848
  view-data: 0.2152494890615344
