times:
  edit-metadata: 0.43733020778745413
  landing: 0.05101427575573325
  view-data: 0.1927670929580927
