times:
  landing: 0.5481660009999985
  view-data: 0.5488052409999966
