times:
  edit-metadata: 1.3448235346004367
  landing: 0.02038704976439476
  view-data: 0.027362162247300148
