times:
  edit-metadata: 1.8571127895265818
  landing: 0.8145352033898234
  view-data: 3.4590636882930994
