times:
  edit-metadata: 0.4311967045068741
  landing: 0.05863707698881626
  view-data: 0.20468585565686226
