times:
  edit-metadata: 1.5435044206678867
  landing: 0.9060337506234646
  view-data: 3.4062144830822945
