times:
  edit-metadata: 1.4879828840494156
  landing: 0.8746839836239815
  view-data: 3.3402865789830685
