times:
  edit-metadata: 0.5068792346864939
  landing: 0.6834393851459026
  view-data: 0.19066855683922768
