times:
  edit-metadata: 0.6533150870818645
  landing: 0.05632802296895534
  view-data: 0.18482991901692003
