times:
  landing: 1.062527963999969
  view-data: 0.5533182510000074
