times:
  edit-metadata: 1.8111432362347841
  landing: 0.1713812593370676
  view-data: 0.4639914408326149
