times:
  edit-metadata: 0.41721030278131366
  landing: 0.04909687815234065
  view-data: 0.19178536580875516
