times:
  landing: 0.5479028119999896
  view-data: 0.5464948970000023
