times:
  landing: 0.5507863800000052
  view-data: 0.5571698250000168
