times:
  edit-metadata: 0.5800416939891875
  landing: 0.05471398099325597
  view-data: 0.18660941487178206
