times:
  edit-metadata: 1.7010311791673303
  landing: 0.9566212985664606
  view-data: 3.4847166649997234
