times:
  edit-metadata: 0.5097086729947478
  landing: 0.05001411703415215
  view-data: 0.2020038909977302
