times:
  edit-metadata: 0.5000351574271917
  landing: 0.5795278362929821
  view-data: 0.5944921188056469
