times:
  landing: 0.5512463729999979
  view-data: 0.5520699740000055
