times:
  edit-metadata: 0.618835112079978
  landing: 0.48799849301576614
  view-data: 0.2281917966902256
