times:
  edit-metadata: 1.4446698315441608
  landing: 0.15582425985485315
  view-data: 0.24866965506225824
