times:
  edit-metadata: 1.9093003496527672
  landing: 1.3173380121588707
  view-data: 3.3830654472112656
