times:
  edit-metadata: 0.5130318533629179
  landing: 0.8467107396572828
  view-data: 0.2009343858808279
