times:
  edit-metadata: 1.3118393439799547
  landing: 0.02204599604010582
  view-data: 0.30580972507596016
