times:
  edit-metadata: 2.5539948660880327
  landing: 1.3402206487953663
  view-data: 3.476809924468398
