times:
  edit-metadata: 1.523868903517723
  landing: 0.020782364532351494
  view-data: 0.12163800001144409
