times:
  edit-metadata: 1.461757805198431
  landing: 0.813699297606945
  view-data: 3.3746378449723125
