times:
  edit-metadata: 0.493971481002518
  landing: 0.11200519499834627
  view-data: 0.22827353300817776
