times:
  edit-metadata: 0.429094293000162
  landing: 0.05498652400001447
  view-data: 0.19956636100005198
