times:
  edit-metadata: 1.4944160769227892
  landing: 0.7483380089979619
  view-data: 3.3431828438770026
