times:
  landing: 1.5924104380000017
  view-data: 0.5610910139999987
