times:
  edit-metadata: 1.3361035967245698
  landing: 0.0211518881842494
  view-data: 0.12023865431547165
