times:
  edit-metadata: 1.5354749076068401
  landing: 0.8383314646780491
  view-data: 3.3895529955625534
