times:
  edit-metadata: 1.5588850192725658
  landing: 0.748616199940443
  view-data: 3.417111938819289
