times:
  edit-metadata: 1.5675283558666706
  landing: 0.21062148921191692
  view-data: 0.4455535225570202
