times:
  edit-metadata: 1.6628503629472107
  landing: 0.8030000879662111
  view-data: 3.4246769309975207
