times:
  edit-metadata: 0.601331131067127
  landing: 0.0511118199210614
  view-data: 0.19095954205840826
