times:
  edit-metadata: 1.5777036901563406
  landing: 0.12747062556445599
  view-data: 0.05942794308066368
