times:
  landing: 0.554174377999999
  view-data: 0.5480246760000114
