times:
  edit-metadata: 1.6076954081654549
  landing: 0.8757933713495731
  view-data: 3.447217959910631
