times:
  edit-metadata: 0.4233873072080314
  landing: 0.04956541117280722
  view-data: 0.20579191902652383
