times:
  edit-metadata: 0.4881126079708338
  landing: 0.6103114914149046
  view-data: 0.5900069605559111
