times:
  edit-metadata: 0.5440254770219326
  landing: 0.5697991661727428
  view-data: 0.19540362060070038
