times:
  edit-metadata: 1.4132661707699299
  landing: 0.29293700493872166
  view-data: 0.1777220442891121
