times:
  edit-metadata: 1.6906801536679268
  landing: 0.9287109300494194
  view-data: 3.3809791058301926
