times:
  edit-metadata: 0.5811629388481379
  landing: 0.5203121453523636
  view-data: 0.31177625991404057
