times:
  edit-metadata: 0.5111063729855232
  landing: 0.044443532009609044
  view-data: 0.22218657296616584
