times:
  edit-metadata: 1.5508166830986738
  landing: 0.8016800831537694
  view-data: 3.3185843729879707
