times:
  edit-metadata: 0.4956510607153177
  landing: 0.6089678648859262
  view-data: 0.3052712120115757
