times:
  edit-metadata: 1.3477462101727724
  landing: 0.2065768949687481
  view-data: 0.13021382875740528
