times:
  edit-metadata: 1.3395259343087673
  landing: 0.019343189895153046
  view-data: 0.027724006213247776
