times:
  landing: 0.547266264000001
  view-data: 0.5460521549999839
