times:
  edit-metadata: 0.5878781339852139
  landing: 0.05302512994967401
  view-data: 0.19465921202208847
