times:
  edit-metadata: 0.4174592599738389
  landing: 0.04926117695868015
  view-data: 0.20790302590467036
