times:
  edit-metadata: 0.4198128469288349
  landing: 0.05903335101902485
  view-data: 0.1876742783933878
