times:
  landing: 0.5492198129999792
  view-data: 0.5573400049999861
