times:
  edit-metadata: 1.3685959707945585
  landing: 0.02193211391568184
  view-data: 0.02509581670165062
