times:
  edit-metadata: 0.4123462319839746
  landing: 0.049621748039498925
  view-data: 0.2014701629523188
