times:
  edit-metadata: 2.4775148555636406
  landing: 1.3253831220790744
  view-data: 3.6356983641162515
