times:
  edit-metadata: 2.7930820751935244
  landing: 1.3995947614312172
  view-data: 3.948380222544074
