times:
  edit-metadata: 0.42872061766684055
  landing: 0.1056787590496242
  view-data: 0.2201567431911826
