times:
  landing: 0.5534826190000217
  view-data: 0.5580491740000184
