times:
  landing: 1.0746747709999909
  view-data: 0.5557791559999714
