times:
  landing: 0.5534976579999977
  view-data: 0.5563914580000073
