times:
  edit-metadata: 0.6235831649973989
  landing: 0.06682019401341677
  view-data: 0.19785045401658863
