times:
  edit-metadata: 1.3589244857430458
  landing: 0.8445344530045986
  view-data: 3.3626758828759193
