times:
  edit-metadata: 1.5687910579144955
  landing: 0.8387921433895826
  view-data: 3.4705278035253286
