times:
  edit-metadata: 1.6166558228433132
  landing: 0.7456846106797457
  view-data: 3.5032705403864384
