times:
  landing: 0.5535465170000009
  view-data: 0.557072068000025
