times:
  edit-metadata: 0.5453211572021246
  landing: 0.6956770047545433
  view-data: 0.19863906130194664
