times:
  edit-metadata: 0.5835268229711801
  landing: 0.05114506196696311
  view-data: 0.19354533194564283
