times:
  landing: 1.085891107000407
  view-data: 0.5500252649999311
