times:
  landing: 0.5517801259999828
  view-data: 0.557947544000001
