times:
  edit-metadata: 1.4286539554595947
  landing: 0.019955158233642578
  view-data: 0.12675402872264385
