times:
  landing: 0.5596707019999485
  view-data: 0.556063225999992
