times:
  edit-metadata: 0.4741102000698447
  landing: 0.06075868010520935
  view-data: 0.20246332697570324
