times:
  edit-metadata: 1.4729671250097454
  landing: 0.7791297510266304
  view-data: 3.363612303044647
