times:
  edit-metadata: 1.30839086137712
  landing: 0.1879458036273718
  view-data: 0.12256408296525478
