times:
  edit-metadata: 0.5071552060544491
  landing: 0.05134531483054161
  view-data: 0.1948545016348362
