times:
  edit-metadata: 0.4209769309964031
  landing: 0.08586090104654431
  view-data: 0.20599242998287082
