times:
  edit-metadata: 0.5178567529655993
  landing: 0.05597423808649182
  view-data: 0.19287950033321977
