times:
  edit-metadata: 1.3235250236466527
  landing: 0.0198590150102973
  view-data: 0.1220166152343154
