times:
  edit-metadata: 0.4294586810283363
  landing: 0.08142974996007979
  view-data: 0.23537742882035673
