times:
  edit-metadata: 1.33269701898098
  landing: 0.019970117136836052
  view-data: 0.14650681242346764
