times:
  edit-metadata: 0.6766129380557686
  landing: 0.05047190794721246
  view-data: 0.1951687359251082
