times:
  landing: 0.5606291370000065
  view-data: 0.572465128999994
