times:
  edit-metadata: 1.5832010451704264
  landing: 0.9424147205427289
  view-data: 3.396850344724953
