times:
  edit-metadata: 1.3768100515007973
  landing: 0.2112740259617567
  view-data: 0.30914381705224514
