times:
  edit-metadata: 1.336708540096879
  landing: 0.020621225237846375
  view-data: 0.14272009581327438
