times:
  edit-metadata: 1.3204139666631818
  landing: 0.019686956889927387
  view-data: 0.13246258161962032
