times:
  edit-metadata: 1.3847404476255178
  landing: 0.020350217819213867
  view-data: 0.267846891656518
