times:
  edit-metadata: 0.6222338899970055
  landing: 0.05150837200926617
  view-data: 0.19156255497364327
