times:
  edit-metadata: 0.5088034607470036
  landing: 0.051572591066360474
  view-data: 0.1915370151400566
