times:
  edit-metadata: 0.5259917322546244
  landing: 0.578736212104559
  view-data: 0.5988961420953274
