times:
  edit-metadata: 1.4028316605836153
  landing: 0.15849317237734795
  view-data: 0.4430205309763551
