times:
  landing: 0.5573452460000681
  view-data: 0.5547334820000742
