times:
  edit-metadata: 1.3540633842349052
  landing: 0.2682517133653164
  view-data: 0.02632066234946251
