times:
  landing: 1.0692044599999804
  view-data: 0.5526999760000422
