times:
  edit-metadata: 1.5858263270929456
  landing: 0.7366776680573821
  view-data: 3.4034741055220366
