times:
  edit-metadata: 0.4192891279235482
  landing: 0.06385050294920802
  view-data: 0.20328235113993287
