times:
  edit-metadata: 0.5965004567988217
  landing: 0.04916328564286232
  view-data: 0.1968646221794188
