times:
  edit-metadata: 0.49152105394750834
  landing: 0.06235774513334036
  view-data: 0.21322377119213343
