times:
  edit-metadata: 0.4754858179949224
  landing: 0.05557299964129925
  view-data: 0.18779010511934757
