times:
  edit-metadata: 0.5966691880021244
  landing: 0.051933603012003005
  view-data: 0.1970720710232854
