times:
  edit-metadata: 1.581683749333024
  landing: 0.7251803949475288
  view-data: 3.398082496598363
