times:
  edit-metadata: 1.3874792763963342
  landing: 0.21158118918538094
  view-data: 0.41157381515949965
