times:
  landing: 1.075668362999977
  view-data: 0.5596347339999852
