times:
  edit-metadata: 0.6754143945872784
  landing: 0.08149759704247117
  view-data: 0.2203590851277113
