times:
  edit-metadata: 0.5988311470719054
  landing: 0.054999239975586534
  view-data: 0.19199092395137995
