times:
  landing: 0.5581908449999844
  view-data: 0.563117539000018
