times:
  edit-metadata: 1.5124960448592901
  landing: 0.15707612596452236
  view-data: 0.39808623492717743
