times:
  edit-metadata: 1.3265476748347282
  landing: 0.14217947609722614
  view-data: 0.027192095294594765
