times:
  edit-metadata: 0.6182675431482494
  landing: 0.05926988087594509
  view-data: 0.20247431588359177
