times:
  edit-metadata: 2.007514890283346
  landing: 0.2928591361269355
  view-data: 0.19792008120566607
