times:
  landing: 0.5449628899999936
  view-data: 0.5442633810000075
