times:
  edit-metadata: 3.4406356662511826
  landing: 1.4700240301899612
  view-data: 3.6126988059841096
