times:
  edit-metadata: 0.5623111929744482
  landing: 0.06456374004483223
  view-data: 0.18461010418832302
