times:
  edit-metadata: 1.5908275544643402
  landing: 0.8709807358682156
  view-data: 3.3418639041483402
