times:
  edit-metadata: 0.5245513501577079
  landing: 0.0639974819496274
  view-data: 0.21379017876461148
