times:
  edit-metadata: 1.808017360046506
  landing: 1.0183342453092337
  view-data: 3.433299652300775
