times:
  landing: 1.0817277879999665
  view-data: 0.5563860639999803
