times:
  landing: 0.5547882239999922
  view-data: 0.5579740759999936
