times:
  edit-metadata: 1.5198873560875654
  landing: 0.8492840081453323
  view-data: 3.3996076323091984
