times:
  edit-metadata: 0.5177251659333706
  landing: 0.05315673351287842
  view-data: 0.19327465444803238
