times:
  landing: 0.5545120440000346
  view-data: 0.5584267970000383
