times:
  edit-metadata: 1.519861526787281
  landing: 0.79257532954216
  view-data: 3.3758176639676094
