times:
  edit-metadata: 0.48791562812402844
  landing: 0.08718918263912201
  view-data: 0.20980519289150834
