times:
  edit-metadata: 0.5285675693303347
  landing: 0.7622968629002571
  view-data: 0.29521434381604195
