times:
  edit-metadata: 0.5841893570031971
  landing: 0.05330433789640665
  view-data: 0.191029790090397
