times:
  landing: 1.0642394230000036
  view-data: 0.5522923010000227
