times:
  edit-metadata: 0.4417116629774682
  landing: 0.07477762398775667
  view-data: 0.2071549590327777
