times:
  edit-metadata: 1.5148959662765265
  landing: 0.045454274863004684
  view-data: 0.40053495578467846
