times:
  edit-metadata: 0.45771796023473144
  landing: 0.0654446380212903
  view-data: 0.188255718909204
