times:
  landing: 1.1023462230000405
  view-data: 0.5576383470000223
