times:
  edit-metadata: 1.656369861215353
  landing: 1.1077031008899212
  view-data: 3.4727060347795486
