times:
  landing: 0.5497336229999803
  view-data: 0.5504279440000062
