times:
  edit-metadata: 0.5643293480097782
  landing: 0.09020737401442602
  view-data: 0.35477258899481967
