times:
  edit-metadata: 1.3219464719295502
  landing: 0.18066296447068453
  view-data: 0.026490403339266777
