times:
  edit-metadata: 0.5688764676451683
  landing: 0.8720567729324102
  view-data: 0.19220539554953575
