times:
  edit-metadata: 2.5020415410399437
  landing: 1.710727158933878
  view-data: 3.76884550973773
