times:
  edit-metadata: 0.5073137693107128
  landing: 0.049120109528303146
  view-data: 0.19390799850225449
