times:
  landing: 0.5574904009999955
  view-data: 0.5578452019999531
