times:
  landing: 0.5477709090000644
  view-data: 0.5580630730000848
