times:
  landing: 1.0753412450000042
  view-data: 0.5558697299999835
