times:
  edit-metadata: 1.5085481759160757
  landing: 0.24268859811127186
  view-data: 0.356319023296237
