times:
  edit-metadata: 1.3771524773910642
  landing: 0.1619179742410779
  view-data: 0.027511737309396267
