times:
  edit-metadata: 0.5958154550753534
  landing: 0.06448063196148723
  view-data: 0.19126440410036594
