times:
  edit-metadata: 0.5752953229821287
  landing: 0.054968820011708885
  view-data: 0.1974184989812784
