times:
  edit-metadata: 1.6842493088915944
  landing: 0.02269874606281519
  view-data: 0.023997056297957897
