times:
  edit-metadata: 0.5883663920685649
  landing: 0.057749331928789616
  view-data: 0.19094321504235268
