times:
  edit-metadata: 1.5191007517278194
  landing: 0.8825815860182047
  view-data: 3.3875204250216484
