times:
  edit-metadata: 1.3541591810062528
  landing: 0.01911397185176611
  view-data: 0.4458872554823756
