times:
  edit-metadata: 0.4252494630054571
  landing: 0.04200367600424215
  view-data: 0.20050578098744154
