times:
  edit-metadata: 2.6222347132861614
  landing: 8.283742647152394
  view-data: 3.5025963340885937
