times:
  edit-metadata: 1.4902349077165127
  landing: 0.7324513271450996
  view-data: 3.364321082830429
