times:
  edit-metadata: 2.692315911874175
  landing: 1.639238934032619
  view-data: 3.514680877327919
