times:
  edit-metadata: 1.5352631472051144
  landing: 0.7443682812154293
  view-data: 3.3855113238096237
