times:
  edit-metadata: 0.4555078074336052
  landing: 0.057415236718952656
  view-data: 0.20713093224912882
