times:
  landing: 0.5460759499999881
  view-data: 0.5513910859999953
