times:
  edit-metadata: 0.5854782559908926
  landing: 0.06165449786931276
  view-data: 0.19021221483126283
