times:
  edit-metadata: 0.4323494809214026
  landing: 0.07540556800086051
  view-data: 0.20501737599261105
