times:
  edit-metadata: 0.5044346721842885
  landing: 0.058044333942234516
  view-data: 0.1871040789410472
