times:
  landing: 1.0931955390000212
  view-data: 0.5516826110000466
