times:
  edit-metadata: 0.5294001214206219
  landing: 0.05072323977947235
  view-data: 0.1925267055630684
