times:
  edit-metadata: 0.43839894514530897
  landing: 0.05915071535855532
  view-data: 0.20141925383359194
