times:
  edit-metadata: 1.319369725883007
  landing: 0.021543492563068867
  view-data: 0.098965666256845
