times:
  edit-metadata: 0.5065876417793334
  landing: 0.09115970600396395
  view-data: 0.21367692295461893
