times:
  edit-metadata: 0.518170153722167
  landing: 0.5154318120330572
  view-data: 0.19501931220293045
