times:
  landing: 0.6043455299999891
  view-data: 0.56139691300001
