times:
  edit-metadata: 0.5464850142598152
  landing: 1.638104923069477
  view-data: 0.5966790951788425
