times:
  edit-metadata: 1.3105378253385425
  landing: 0.11906676925718784
  view-data: 0.028243979439139366
