times:
  edit-metadata: 1.6698768325150013
  landing: 0.7309770118445158
  view-data: 3.347019886597991
