times:
  edit-metadata: 0.5266272686421871
  landing: 0.04578491300344467
  view-data: 0.19607451558113098
