times:
  edit-metadata: 1.4926538206636906
  landing: 0.8549000024795532
  view-data: 3.3873867355287075
