times:
  edit-metadata: 1.3257855232805014
  landing: 0.02124512568116188
  view-data: 0.023365188390016556
