times:
  edit-metadata: 0.5930000420194119
  landing: 0.05637663998641074
  view-data: 0.18233559792861342
