times:
  edit-metadata: 0.6367951270658523
  landing: 0.047071983106434345
  view-data: 0.18897690018638968
