times:
  edit-metadata: 0.4899372812360525
  landing: 1.0391528848558664
  view-data: 0.28754184022545815
