times:
  edit-metadata: 0.5244746897369623
  landing: 1.0780987869948149
  view-data: 0.43803196400403976
