times:
  edit-metadata: 1.6836675480008125
  landing: 0.02052111178636551
  view-data: 0.34492066130042076
