times:
  landing: 1.0661560870000244
  view-data: 0.5517589220000332
