times:
  edit-metadata: 1.3890783693641424
  landing: 0.019912967458367348
  view-data: 0.3842323049902916
