times:
  landing: 1.0684668270000088
  view-data: 0.549157809999997
