times:
  edit-metadata: 0.5028848582878709
  landing: 0.051940787117928267
  view-data: 0.18893913039937615
