times:
  edit-metadata: 0.42041384568437934
  landing: 0.07363120093941689
  view-data: 0.2111957762390375
