times:
  edit-metadata: 0.5377641823142767
  landing: 0.7318474519997835
  view-data: 0.3105839490890503
