times:
  landing: 1.0800700009999673
  view-data: 0.5571959330000027
