times:
  edit-metadata: 0.4233058999525383
  landing: 0.08621216902974993
  view-data: 0.2431286619976163
