times:
  edit-metadata: 1.3514005560427904
  landing: 0.022397805005311966
  view-data: 0.02499469555914402
