times:
  edit-metadata: 0.4243833089713007
  landing: 0.06938737910240889
  view-data: 0.22528825514018536
