times:
  edit-metadata: 0.4966853093355894
  landing: 2.1011800076812506
  view-data: 0.5271980985999107
