times:
  edit-metadata: 1.6967096235603094
  landing: 0.7390690892934799
  view-data: 3.502428136765957
