times:
  edit-metadata: 0.5213528349995613
  landing: 1.11728136241436
  view-data: 0.6026704367250204
