times:
  landing: 0.553570126000011
  view-data: 0.5542354810000063
