times:
  landing: 0.5910983919999921
  view-data: 0.5510035329999994
