times:
  edit-metadata: 2.3522817008197308
  landing: 1.249721683561802
  view-data: 3.5831488240510225
