times:
  edit-metadata: 0.5098545593209565
  landing: 0.049825682770460844
  view-data: 0.20806897524744272
