times:
  edit-metadata: 0.5055542327463627
  landing: 0.6342383604496717
  view-data: 0.2948801964521408
