times:
  edit-metadata: 1.5718071572482586
  landing: 0.8309579268097878
  view-data: 3.4231069684028625
