times:
  edit-metadata: 0.6575351238716394
  landing: 0.0757931349799037
  view-data: 0.3135131010785699
