times:
  edit-metadata: 1.401718359440565
  landing: 0.019667062908411026
  view-data: 0.43556152284145355
