times:
  edit-metadata: 1.4739408232271671
  landing: 0.018219130113720894
  view-data: 0.32253292575478554
