times:
  landing: 0.5508558239999957
  view-data: 0.5485737390000054
