times:
  edit-metadata: 1.4009368270635605
  landing: 0.7543330043554306
  view-data: 3.4473174773156643
