times:
  edit-metadata: 1.8385668024420738
  landing: 0.2271182294934988
  view-data: 0.30787856318056583
