times:
  edit-metadata: 1.3508710484020412
  landing: 0.6919287680648267
  view-data: 3.292020953260362
