times:
  edit-metadata: 1.2992241140455008
  landing: 0.02339982893317938
  view-data: 0.11952479556202888
