times:
  edit-metadata: 1.7598567781969905
  landing: 0.019186913035809994
  view-data: 0.0231619942933321
