times:
  edit-metadata: 0.5239958390593529
  landing: 0.04875681549310684
  view-data: 0.18815819546580315
