times:
  edit-metadata: 1.5388061925768852
  landing: 0.9143368303775787
  view-data: 3.3602137491106987
