times:
  landing: 1.135583634999989
  view-data: 0.5760315709999873
