times:
  edit-metadata: 1.5543792452663183
  landing: 0.8081623204052448
  view-data: 3.396701818332076
