times:
  edit-metadata: 1.3148865615949035
  landing: 0.16499048471450806
  view-data: 0.09861243795603514
