times:
  edit-metadata: 0.6428080070763826
  landing: 0.06277071801014245
  view-data: 0.1989600700326264
