times:
  edit-metadata: 0.5999266020953655
  landing: 0.05449162097647786
  view-data: 0.19734161207452416
