times:
  edit-metadata: 1.3169250581413507
  landing: 0.01921890862286091
  view-data: 0.025106417015194893
