times:
  edit-metadata: 0.5042867809534073
  landing: 0.057349611073732376
  view-data: 0.18770663812756538
