times:
  edit-metadata: 0.43267305102199316
  landing: 0.05589685682207346
  view-data: 0.20420746691524982
