times:
  edit-metadata: 1.3851603548973799
  landing: 0.13688582368195057
  view-data: 0.02533503994345665
