times:
  edit-metadata: 1.3877559714019299
  landing: 0.020434051752090454
  view-data: 0.12063512578606606
