times:
  edit-metadata: 0.5120741431601346
  landing: 0.06114126602187753
  view-data: 0.2197645641863346
