times:
  edit-metadata: 0.4955633878707886
  landing: 0.09756648587062955
  view-data: 0.20997274992987514
