times:
  edit-metadata: 1.8269141558557749
  landing: 1.0777371674776077
  view-data: 3.5311206933110952
