times:
  edit-metadata: 0.5837417878210545
  landing: 1.2756186351180077
  view-data: 0.43920088559389114
