times:
  edit-metadata: 1.620948240160942
  landing: 0.021732479333877563
  view-data: 0.124077457934618
