times:
  edit-metadata: 0.5003594793379307
  landing: 0.6228175982832909
  view-data: 0.19894659146666527
