times:
  landing: 1.0759836839999934
  view-data: 0.5495435920000205
