times:
  edit-metadata: 1.5026952719781548
  landing: 0.7184805348515511
  view-data: 3.350612368900329
