times:
  edit-metadata: 0.42346065305173397
  landing: 0.0499616120941937
  view-data: 0.1943526789546013
