times:
  edit-metadata: 0.5091197825968266
  landing: 0.05895203351974487
  view-data: 0.19535038992762566
