times:
  landing: 0.5525629410000192
  view-data: 0.5470244400000865
