times:
  edit-metadata: 0.4366826042532921
  landing: 0.06446353066712618
  view-data: 0.18455436499789357
