times:
  landing: 0.5447237630000075
  view-data: 0.5484741809999889
