times:
  edit-metadata: 0.41551916603930295
  landing: 0.0747539650183171
  view-data: 0.19756819307804108
