times:
  edit-metadata: 1.3787551298737526
  landing: 0.022461436688899994
  view-data: 0.030036956071853638
