times:
  landing: 0.5587502619999896
  view-data: 0.5608184499999993
