times:
  edit-metadata: 1.3532056529074907
  landing: 0.020438536070287228
  view-data: 0.12066346127539873
