times:
  edit-metadata: 0.4635425163432956
  landing: 0.05617640167474747
  view-data: 0.19461129512637854
