times:
  edit-metadata: 0.43955926690250635
  landing: 0.051309394650161266
  view-data: 0.20104731619358063
