times:
  edit-metadata: 0.4912158641964197
  landing: 0.6430296543985605
  view-data: 0.18987442553043365
