times:
  edit-metadata: 1.4210455063730478
  landing: 0.2822312153875828
  view-data: 0.023527758195996284
