times:
  edit-metadata: 0.5301011288538575
  landing: 0.058805638924241066
  view-data: 0.1959960851818323
