times:
  edit-metadata: 1.5533659271895885
  landing: 0.7324657291173935
  view-data: 3.3983911275863647
