times:
  edit-metadata: 1.7417347431182861
  landing: 1.2069974541664124
  view-data: 3.3610177412629128
