times:
  edit-metadata: 1.4618516229093075
  landing: 4.254916548728943
  view-data: 3.4548128731548786
