times:
  landing: 0.5511468599999603
  view-data: 0.5554162870000141
