times:
  edit-metadata: 0.47486147191375494
  landing: 0.055814485996961594
  view-data: 0.20008444599807262
