times:
  edit-metadata: 1.37323263194412
  landing: 0.01971275545656681
  view-data: 0.1023354222998023
