times:
  landing: 0.5547566460000155
  view-data: 0.559361062999983
