times:
  edit-metadata: 1.621111812070012
  landing: 1.002580201253295
  view-data: 3.2728203665465117
