times:
  edit-metadata: 1.6450737118721008
  landing: 1.011340219527483
  view-data: 3.3127304390072823
