times:
  edit-metadata: 0.512984773995413
  landing: 0.04728839600284118
  view-data: 0.19353027099714382
