times:
  edit-metadata: 0.6023425578605384
  landing: 0.05766156897880137
  view-data: 0.18434315687045455
