times:
  edit-metadata: 0.5033603019983275
  landing: 0.06900396800483577
  view-data: 0.23105396200844552
