times:
  edit-metadata: 0.5747987889917567
  landing: 0.04865158104803413
  view-data: 0.1954079559072852
