times:
  edit-metadata: 1.7692524027079344
  landing: 0.9570662565529346
  view-data: 3.4178215507417917
