times:
  landing: 0.5606757820000041
  view-data: 0.054700846999992336
