times:
  edit-metadata: 1.4428700283169746
  landing: 0.826603215187788
  view-data: 3.3375650607049465
