times:
  edit-metadata: 1.5151338204741478
  landing: 1.0013423338532448
  view-data: 3.336198452860117
