times:
  edit-metadata: 1.3777326261624694
  landing: 0.02030644193291664
  view-data: 0.46247561275959015
