times:
  edit-metadata: 0.5864636988844723
  landing: 0.05264466186054051
  view-data: 0.1994457000400871
