times:
  edit-metadata: 1.522355180233717
  landing: 0.8297260105609894
  view-data: 3.35682131908834
