times:
  edit-metadata: 0.4302428269293159
  landing: 0.0860004941932857
  view-data: 0.2054922771640122
