times:
  edit-metadata: 0.414460031024646
  landing: 0.052850581996608526
  view-data: 0.20963557000504807
