times:
  edit-metadata: 0.5186112667433918
  landing: 0.07048330595716834
  view-data: 0.19467069627717137
