times:
  edit-metadata: 1.4325749427080154
  landing: 0.8854831531643867
  view-data: 3.359799548983574
