times:
  edit-metadata: 1.8609649557620287
  landing: 0.1517453882843256
  view-data: 0.39658239483833313
