times:
  edit-metadata: 1.6177011672407389
  landing: 0.7517368700355291
  view-data: 3.4225981701165438
