times:
  edit-metadata: 0.5979860429652035
  landing: 0.053705067839473486
  view-data: 0.19104065699502826
