times:
  edit-metadata: 0.5046567693352699
  landing: 1.1745626721531153
  view-data: 0.5879426337778568
