times:
  landing: 1.0875500000000784
  view-data: 0.5568573140000126
