times:
  edit-metadata: 0.4967120923101902
  landing: 0.04807687923312187
  view-data: 0.19484467059373856
