times:
  edit-metadata: 0.5196467116475105
  landing: 0.054376713931560516
  view-data: 0.18435901030898094
