times:
  edit-metadata: 1.5453772079199553
  landing: 0.7389599680900574
  view-data: 3.4202395603060722
