times:
  edit-metadata: 0.5399041119962931
  landing: 0.37213573791086674
  view-data: 0.19038110971450806
