times:
  edit-metadata: 0.41176158702000976
  landing: 0.10832951590418816
  view-data: 0.23317997390404344
