times:
  edit-metadata: 0.581829447299242
  landing: 0.05508529208600521
  view-data: 0.18616542406380177
