times:
  landing: 0.5585544330000118
  view-data: 0.5590919530000065
