times:
  edit-metadata: 0.43246723897755146
  landing: 0.049479511100798845
  view-data: 0.19736543111503124
