times:
  edit-metadata: 1.2886465145274997
  landing: 0.11223167926073074
  view-data: 0.11691397614777088
