times:
  edit-metadata: 2.0000687297433615
  landing: 1.149145271629095
  view-data: 3.7744675148278475
