times:
  edit-metadata: 0.5187935754656792
  landing: 0.051972389221191406
  view-data: 0.18889261409640312
