times:
  edit-metadata: 1.7744698617607355
  landing: 0.3980527352541685
  view-data: 0.3303090501576662
