times:
  edit-metadata: 1.403631984256208
  landing: 0.01990335714071989
  view-data: 0.11878345347940922
