times:
  landing: 0.5534251409999911
  view-data: 0.049088836000009906
