times:
  landing: 0.574226847999995
  view-data: 0.05812448099999301
