times:
  edit-metadata: 1.4581437483429909
  landing: 0.8748625032603741
  view-data: 3.3617847822606564
