times:
  edit-metadata: 1.3535694293677807
  landing: 0.02070475183427334
  view-data: 0.027493271976709366
