times:
  edit-metadata: 1.5786578431725502
  landing: 0.9575555361807346
  view-data: 3.3234270103275776
