times:
  edit-metadata: 0.47019393369555473
  landing: 0.6652128230780363
  view-data: 0.2981238942593336
