times:
  edit-metadata: 1.6269508879631758
  landing: 0.159509114921093
  view-data: 0.36349694803357124
