times:
  edit-metadata: 1.3148734420537949
  landing: 0.01967840176075697
  view-data: 0.02609780989587307
