times:
  edit-metadata: 1.6734466552734375
  landing: 1.2589092180132866
  view-data: 3.3971505612134933
