times:
  edit-metadata: 0.6469364890363067
  landing: 0.05702451500110328
  view-data: 0.18841729196719825
