times:
  edit-metadata: 0.5686905700713396
  landing: 1.4055989254266024
  view-data: 0.4031069930642843
