times:
  edit-metadata: 0.6099328137934208
  landing: 0.05189368408173323
  view-data: 0.19283351488411427
