times:
  edit-metadata: 0.6206336501054466
  landing: 0.08579910267144442
  view-data: 0.19226885586977005
