times:
  edit-metadata: 1.352949677966535
  landing: 0.022658527828752995
  view-data: 0.025516327470541
