times:
  edit-metadata: 0.6067626080475748
  landing: 0.053329210029914975
  view-data: 0.19534929795190692
