times:
  landing: 0.5617371540000136
  view-data: 0.5572136209999883
