times:
  edit-metadata: 0.5308584989979863
  landing: 0.053002167493104935
  view-data: 0.20446892362087965
