times:
  edit-metadata: 1.3679690938442945
  landing: 0.13800636120140553
  view-data: 0.43810268491506577
