times:
  edit-metadata: 1.5395882036536932
  landing: 0.775528822094202
  view-data: 3.4374850895255804
