times:
  edit-metadata: 0.5586297661066055
  landing: 0.9661599844694138
  view-data: 0.19127493351697922
