times:
  edit-metadata: 1.498918947763741
  landing: 0.8167061852291226
  view-data: 3.3495812453329563
