times:
  edit-metadata: 1.4936359887942672
  landing: 0.798843536991626
  view-data: 3.355341861024499
