times:
  edit-metadata: 0.4876067787408829
  landing: 0.5718320198357105
  view-data: 0.5961261782795191
