times:
  edit-metadata: 0.6075882259756327
  landing: 0.04614219500217587
  view-data: 0.19483916205354035
