times:
  edit-metadata: 0.7680355021730065
  landing: 0.08504042075946927
  view-data: 0.2528611999005079
