times:
  edit-metadata: 1.3795152930542827
  landing: 0.12136945500969887
  view-data: 0.02569568995386362
