times:
  edit-metadata: 0.5859180719999131
  landing: 0.05454956099856645
  view-data: 0.17750954598886892
