times:
  edit-metadata: 0.4462796822190285
  landing: 0.07253118604421616
  view-data: 0.20151473302394152
