times:
  edit-metadata: 0.5483457241207361
  landing: 1.096967687830329
  view-data: 0.5823569614440203
