times:
  edit-metadata: 0.5645486023277044
  landing: 0.6523884050548077
  view-data: 0.1984705999493599
