times:
  edit-metadata: 0.587291395990178
  landing: 0.052449749084189534
  view-data: 0.1917686089873314
