times:
  edit-metadata: 1.5602465905249119
  landing: 0.7365799695253372
  view-data: 3.3588683754205704
