times:
  edit-metadata: 0.5077770575881004
  landing: 0.04990715906023979
  view-data: 0.19920601695775986
