times:
  edit-metadata: 1.5449031814932823
  landing: 0.884155236184597
  view-data: 3.3684891797602177
