times:
  landing: 0.5586545500000284
  view-data: 0.5558211310000161
