times:
  edit-metadata: 0.5940648908726871
  landing: 0.05362328700721264
  view-data: 0.19957036711275578
