times:
  edit-metadata: 0.6163344719971064
  landing: 0.053456863010069355
  view-data: 0.19834574199921917
