times:
  edit-metadata: 0.5628567636013031
  landing: 1.057437377050519
  view-data: 0.4110627807676792
