times:
  landing: 0.5642743849999761
  view-data: 0.5651693430000364
