times:
  edit-metadata: 0.6551929938141257
  landing: 0.05447801714763045
  view-data: 0.1878881340380758
