times:
  landing: 0.5547163669999975
  view-data: 0.5505035949999808
