times:
  edit-metadata: 0.42109710699878633
  landing: 0.07927986211143434
  view-data: 0.1959807090461254
