times:
  edit-metadata: 1.3166667083278298
  landing: 0.023834601044654846
  view-data: 0.12481426447629929
