times:
  edit-metadata: 0.5475288033485413
  landing: 0.7224361598491669
  view-data: 0.29786171950399876
