times:
  edit-metadata: 0.5099415238946676
  landing: 0.8144535031169653
  view-data: 0.1921149045228958
