times:
  edit-metadata: 0.4930180758237839
  landing: 1.1394468117505312
  view-data: 1.1455062795430422
