times:
  edit-metadata: 1.3504906110465527
  landing: 0.02266506478190422
  view-data: 0.11890093795955181
