times:
  edit-metadata: 1.3436664706096053
  landing: 1.4515605736523867
  view-data: 3.3552090572193265
