times:
  edit-metadata: 0.5155404210090637
  landing: 0.5263548251241446
  view-data: 0.18292217701673508
