times:
  edit-metadata: 0.4760877280496061
  landing: 0.058731893077492714
  view-data: 0.1939394441433251
