times:
  landing: 0.5474058370000137
  view-data: 0.5527017730000239
