times:
  edit-metadata: 0.5954088922590017
  landing: 0.4705803878605366
  view-data: 0.19495420530438423
