times:
  edit-metadata: 1.3414272516965866
  landing: 0.020158465020358562
  view-data: 0.11791335232555866
