times:
  edit-metadata: 0.5987467559898505
  landing: 0.05743286698998418
  view-data: 0.17648560300585814
