times:
  edit-metadata: 1.5151615017093718
  landing: 0.7875746130011976
  view-data: 3.4212229470722377
