times:
  edit-metadata: 0.4620613791048527
  landing: 0.5083026885986328
  view-data: 0.19596639648079872
