times:
  edit-metadata: 0.5022624870762229
  landing: 0.05086825089529157
  view-data: 0.19574311142787337
