times:
  edit-metadata: 0.49801039695739746
  landing: 0.05524847283959389
  view-data: 0.19938356056809425
