times:
  edit-metadata: 2.4477863516658545
  landing: 0.023687060922384262
  view-data: 0.23369594849646091
