times:
  edit-metadata: 1.4991025761701167
  landing: 0.8532592849805951
  view-data: 3.354902506340295
