times:
  edit-metadata: 1.353832185268402
  landing: 0.1320526134222746
  view-data: 0.026075255125761032
