times:
  edit-metadata: 1.565282266587019
  landing: 1.0014930926263332
  view-data: 3.4423236399888992
