times:
  edit-metadata: 1.4145530797541142
  landing: 0.23572664894163609
  view-data: 0.10474691167473793
