times:
  edit-metadata: 1.4060771483927965
  landing: 0.020384158939123154
  view-data: 0.1288468148559332
