times:
  edit-metadata: 0.542866637930274
  landing: 0.6692044604569674
  view-data: 0.30826960876584053
