times:
  edit-metadata: 0.514563512057066
  landing: 0.05859760567545891
  view-data: 0.18806913495063782
