times:
  edit-metadata: 1.2803864162415266
  landing: 0.021857889369130135
  view-data: 0.2992909327149391
