times:
  edit-metadata: 0.5078187212347984
  landing: 0.05731876567006111
  view-data: 0.1948656216263771
