times:
  edit-metadata: 0.5145720057189465
  landing: 0.05930176004767418
  view-data: 0.19224337115883827
