times:
  edit-metadata: 0.5800892969127744
  landing: 0.053466904908418655
  view-data: 0.18958485510665923
