times:
  landing: 0.5555712629999903
  view-data: 0.5527678300000503
