times:
  edit-metadata: 1.343235332518816
  landing: 0.21957488171756268
  view-data: 0.337190967053175
