times:
  edit-metadata: 1.551065036910586
  landing: 0.8741250210441649
  view-data: 3.371653860085644
