times:
  edit-metadata: 0.5947607927955687
  landing: 0.05726010166108608
  view-data: 0.19003872061148286
