times:
  edit-metadata: 1.7130478462204337
  landing: 0.8865952398627996
  view-data: 4.00220971275121
