times:
  edit-metadata: 0.5075666308403015
  landing: 0.054418910294771194
  view-data: 0.1917947418987751
