times:
  edit-metadata: 1.684062223881483
  landing: 0.31446874886751175
  view-data: 0.5740225184708834
