times:
  edit-metadata: 1.8040299005806446
  landing: 0.2961489297449589
  view-data: 0.4286313131451607
