times:
  edit-metadata: 0.5439736698754132
  landing: 0.053924488835036755
  view-data: 0.20774743426591158
