times:
  landing: 0.5559981499999935
  view-data: 0.5568963879999842
