times:
  edit-metadata: 0.4332276559434831
  landing: 0.08676742017269135
  view-data: 0.18646375904791057
