times:
  edit-metadata: 0.5224578492343426
  landing: 0.0586860366165638
  view-data: 0.19211716204881668
