times:
  edit-metadata: 1.4937830595299602
  landing: 0.7365883141756058
  view-data: 3.413099380210042
