times:
  edit-metadata: 0.549926895648241
  landing: 0.055298056453466415
  view-data: 0.1855034977197647
