times:
  edit-metadata: 0.4277502577751875
  landing: 0.05278286198154092
  view-data: 0.3102312721312046
