times:
  edit-metadata: 1.5057468814775348
  landing: 0.8085715183988214
  view-data: 3.392613250762224
