times:
  edit-metadata: 0.5411938838660717
  landing: 1.1619149129837751
  view-data: 0.4166840333491564
