times:
  edit-metadata: 1.3925345242023468
  landing: 0.7730593867599964
  view-data: 3.355321917682886
