times:
  edit-metadata: 0.5739162042737007
  landing: 0.641809368506074
  view-data: 0.3219240140169859
