times:
  edit-metadata: 0.4576861932873726
  landing: 0.056494683027267456
  view-data: 0.18206852488219738
