times:
  edit-metadata: 1.355416783131659
  landing: 0.21791319269686937
  view-data: 0.02358471415936947
