times:
  landing: 0.5617362790000016
  view-data: 0.5577741579999724
