times:
  landing: 0.5630252679999899
  view-data: 0.5595989599999882
