times:
  edit-metadata: 1.5490231085568666
  landing: 0.15539108961820602
  view-data: 0.026832420378923416
