times:
  edit-metadata: 1.4507156939944252
  landing: 0.7511681170435622
  view-data: 3.3157729799859226
