times:
  landing: 1.0719111810000186
  view-data: 0.5567277540000077
