times:
  edit-metadata: 1.4093600381165743
  landing: 0.7645410727709532
  view-data: 3.362516190856695
