times:
  landing: 0.5521402239999986
  view-data: 0.5555346360000044
