times:
  edit-metadata: 0.5295826904475689
  landing: 0.6602470800280571
  view-data: 0.1860820185393095
