times:
  edit-metadata: 0.7774290710003697
  landing: 0.09269850400005453
  view-data: 0.23577087700004995
