times:
  edit-metadata: 0.5252959802746773
  landing: 0.0658765360713005
  view-data: 0.18667113780975342
