times:
  edit-metadata: 1.4654364101588726
  landing: 0.6702774725854397
  view-data: 3.358008459210396
