times:
  edit-metadata: 0.5142491385340691
  landing: 0.04991557076573372
  view-data: 0.19487286731600761
