times:
  edit-metadata: 1.554808136075735
  landing: 0.7666445337235928
  view-data: 3.404519807547331
