times:
  edit-metadata: 0.5745869629899971
  landing: 0.059193661028984934
  view-data: 0.18996816902654245
