times:
  edit-metadata: 1.556050406768918
  landing: 0.7113138195127249
  view-data: 3.388302380219102
