times:
  edit-metadata: 1.4977891561575234
  landing: 0.7817524666897953
  view-data: 3.3244745610281825
