times:
  edit-metadata: 0.4781862050294876
  landing: 0.9994696974754333
  view-data: 0.42827544547617435
