times:
  edit-metadata: 0.6685506771318614
  landing: 0.05736111616715789
  view-data: 0.18514400999993086
