times:
  edit-metadata: 0.5263021659993683
  landing: 0.05853375200240407
  view-data: 0.19098688300073263
