times:
  edit-metadata: 1.366714222356677
  landing: 0.02186247520148754
  view-data: 0.025863856077194214
