times:
  edit-metadata: 1.5676938071846962
  landing: 0.8452875968068838
  view-data: 3.378764484077692
