times:
  edit-metadata: 1.5732738971710205
  landing: 0.8529259413480759
  view-data: 3.396278351545334
