times:
  edit-metadata: 0.4950613770633936
  landing: 0.05967318080365658
  view-data: 0.1992833549156785
