times:
  edit-metadata: 0.5927076679654419
  landing: 0.06240488891489804
  view-data: 0.17675060499459505
