times:
  edit-metadata: 1.4999427553266287
  landing: 0.14901481941342354
  view-data: 0.17459943890571594
