times:
  landing: 0.5587374240000145
  view-data: 0.5732559770000307
