times:
  edit-metadata: 1.4288640581071377
  landing: 0.8512030765414238
  view-data: 3.262153849005699
