times:
  edit-metadata: 1.5456312075257301
  landing: 0.7896833699196577
  view-data: 3.3902073483914137
