times:
  landing: 0.5596944360000293
  view-data: 0.5543097849999867
