times:
  edit-metadata: 1.3865051474422216
  landing: 0.023973148316144943
  view-data: 0.027002515271306038
