times:
  landing: 1.0683565499999759
  view-data: 0.5495614629999181
