times:
  edit-metadata: 0.41462655272334814
  landing: 0.051254595164209604
  view-data: 0.19701209012418985
