times:
  edit-metadata: 1.5304825026541948
  landing: 0.8059899918735027
  view-data: 3.3002595268189907
