times:
  edit-metadata: 0.6029323260299861
  landing: 0.06128040514886379
  view-data: 0.19425580510869622
