times:
  edit-metadata: 1.528232580050826
  landing: 0.7821457488462329
  view-data: 3.410801670048386
