times:
  edit-metadata: 1.6335777658969164
  landing: 0.34247457329183817
  view-data: 0.395145658403635
