times:
  edit-metadata: 0.5112072350457311
  landing: 0.05767130386084318
  view-data: 0.20293404161930084
