times:
  edit-metadata: 0.4916611663065851
  landing: 0.056878368370234966
  view-data: 0.1913803769275546
