times:
  edit-metadata: 0.4271793309599161
  landing: 0.08640973269939423
  view-data: 0.19912202237173915
