times:
  edit-metadata: 1.5285987830720842
  landing: 0.7964422190561891
  view-data: 3.3670038199052215
