times:
  edit-metadata: 1.6037670406512916
  landing: 0.8277789009734988
  view-data: 3.3680791771039367
