times:
  landing: 0.5564299920000053
  view-data: 0.5585904050000181
