times:
  edit-metadata: 0.4908199990168214
  landing: 0.08232681395020336
  view-data: 0.2255381039576605
