times:
  edit-metadata: 1.3129002405330539
  landing: 0.02038712240755558
  view-data: 0.4149652225896716
