times:
  landing: 0.5556417859999954
  view-data: 0.5596865889999947
