times:
  edit-metadata: 0.5235121008008718
  landing: 0.05477073322981596
  view-data: 0.20259554497897625
