times:
  edit-metadata: 0.513200371991843
  landing: 0.0572112500667572
  view-data: 0.20504376664757729
