times:
  edit-metadata: 0.4157668109983206
  landing: 0.09219544101506472
  view-data: 0.3654427689034492
