times:
  edit-metadata: 0.5752075109630823
  landing: 0.09038990898989141
  view-data: 0.23939211992546916
