times:
  edit-metadata: 0.5173309249803424
  landing: 0.05117443297058344
  view-data: 0.21898334799334407
