times:
  edit-metadata: 0.4919688510708511
  landing: 0.06208741490263492
  view-data: 0.21321002300828695
