times:
  edit-metadata: 0.6821418041363358
  landing: 0.05330421682447195
  view-data: 0.193180545931682
