times:
  edit-metadata: 2.269037976861
  landing: 1.3537555783987045
  view-data: 3.795019374229014
