times:
  edit-metadata: 1.3293892536312342
  landing: 0.1450860183686018
  view-data: 0.49053489603102207
