times:
  edit-metadata: 0.523918479681015
  landing: 0.057995863258838654
  view-data: 0.18981163203716278
