times:
  edit-metadata: 0.49539128597825766
  landing: 0.06280796276405454
  view-data: 0.336888509336859
