times:
  edit-metadata: 1.4386277981102467
  landing: 0.8573084510862827
  view-data: 3.393951117992401
