times:
  landing: 0.552343914000005
  view-data: 0.048562508999992815
