times:
  landing: 0.5551230849999911
  view-data: 0.5657876330000136
