times:
  edit-metadata: 1.7022756822407246
  landing: 0.8056075796484947
  view-data: 3.4638171046972275
