times:
  edit-metadata: 0.5193137666210532
  landing: 0.06217575026676059
  view-data: 0.1914668302051723
