times:
  landing: 1.0761124619999691
  view-data: 0.5609452140000144
