times:
  edit-metadata: 0.5987955370219424
  landing: 0.052284232049714774
  view-data: 0.18763239099644125
