times:
  edit-metadata: 0.6091369870118797
  landing: 0.05834469525143504
  view-data: 0.19212240679189563
