times:
  edit-metadata: 1.3363384157419205
  landing: 0.19808329828083515
  view-data: 0.12740409187972546
