times:
  edit-metadata: 1.368766751140356
  landing: 1.0000542476773262
  view-data: 3.3300153389573097
