times:
  edit-metadata: 0.5166620337404311
  landing: 0.05195888690650463
  view-data: 0.2083395989611745
