times:
  edit-metadata: 0.48594011552631855
  landing: 0.5957453455775976
  view-data: 0.5854993648827076
