times:
  edit-metadata: 1.3637391859665513
  landing: 0.02155030518770218
  view-data: 0.02654578536748886
