times:
  edit-metadata: 1.5627937614917755
  landing: 0.9330844543874264
  view-data: 3.4205535389482975
