times:
  edit-metadata: 0.43475106870755553
  landing: 0.05694274278357625
  view-data: 0.2038285629823804
