times:
  landing: 1.0762128000000075
  view-data: 0.5567381179999984
