times:
  edit-metadata: 1.3493473213165998
  landing: 0.022084434516727924
  view-data: 0.12290587369352579
