times:
  edit-metadata: 1.5144013352692127
  landing: 0.8487589471042156
  view-data: 3.364306278526783
