times:
  edit-metadata: 1.5069015696644783
  landing: 0.7863231636583805
  view-data: 3.307540237903595
