times:
  edit-metadata: 0.562693472020328
  landing: 0.0547152366489172
  view-data: 0.274775855243206
