times:
  edit-metadata: 1.346521908417344
  landing: 0.021546402014791965
  view-data: 0.11972897313535213
