times:
  edit-metadata: 1.4222915507853031
  landing: 0.01919916272163391
  view-data: 0.0225735642015934
