times:
  landing: 0.5562428099999863
  view-data: 0.5553469580000012
