times:
  landing: 1.0696774510000182
  view-data: 0.5502531459999886
