times:
  landing: 0.5541547751054168
  view-data: 0.5547065609134734
