times:
  landing: 1.0813642939999681
  view-data: 0.5535192279999706
