times:
  edit-metadata: 0.5223419573158026
  landing: 0.061529758386313915
  view-data: 0.18608953151851892
