times:
  edit-metadata: 0.42656652198638767
  landing: 0.09165369099355303
  view-data: 0.24746173797757365
