times:
  landing: 0.5648400800000104
  view-data: 0.5543237929999805
