times:
  edit-metadata: 0.5092589259147644
  landing: 0.05096590891480446
  view-data: 0.19612190872430801
