times:
  edit-metadata: 1.6299077840521932
  landing: 0.8261597072705626
  view-data: 3.3823516191914678
