times:
  edit-metadata: 2.446490451693535
  landing: 4.313512360677123
  view-data: 3.584332911297679
