times:
  edit-metadata: 1.598989898338914
  landing: 0.2397783026099205
  view-data: 0.16894063539803028
