times:
  edit-metadata: 0.5795514350757003
  landing: 0.11959019303321838
  view-data: 0.3474118448793888
