times:
  edit-metadata: 0.4228873289830517
  landing: 0.08184145198902115
  view-data: 0.21294937800848857
