times:
  edit-metadata: 1.3855039849877357
  landing: 0.024108792655169964
  view-data: 0.0990064600482583
