times:
  edit-metadata: 1.5530386483296752
  landing: 0.7868843032047153
  view-data: 3.4496575510129333
