times:
  edit-metadata: 1.4031411428004503
  landing: 0.137610936537385
  view-data: 0.13373635709285736
