times:
  edit-metadata: 0.6693184460164048
  landing: 0.06507460598368198
  view-data: 0.23826770897721872
