times:
  edit-metadata: 0.4267138422001153
  landing: 0.10031941719353199
  view-data: 0.21046442398801446
