times:
  edit-metadata: 0.5080792643129826
  landing: 0.04783962666988373
  view-data: 0.19649029150605202
