times:
  landing: 0.549380407000001
  view-data: 0.5489353010000002
