times:
  edit-metadata: 1.4688315509120002
  landing: 0.8795083969598636
  view-data: 3.5189822079846635
