times:
  edit-metadata: 0.5092869233340025
  landing: 1.048823008313775
  view-data: 0.29511517472565174
