times:
  edit-metadata: 1.3545989766716957
  landing: 0.021687721833586693
  view-data: 0.3577124495059252
