times:
  edit-metadata: 0.6009070230647922
  landing: 0.06172244576737285
  view-data: 0.17924443306401372
