times:
  edit-metadata: 0.5802575722336769
  landing: 0.6575331091880798
  view-data: 0.19258425012230873
