times:
  edit-metadata: 1.3311156816780567
  landing: 0.12777876667678356
  view-data: 0.33281320706009865
