times:
  edit-metadata: 0.5220240447670221
  landing: 1.091048115864396
  view-data: 0.290471687912941
