times:
  landing: 0.5554236800000183
  view-data: 0.5537661799999967
