times:
  edit-metadata: 1.480648510158062
  landing: 0.9274329803884029
  view-data: 3.3315017744898796
