times:
  edit-metadata: 1.3857126152142882
  landing: 0.021558946929872036
  view-data: 0.02513983566313982
