times:
  edit-metadata: 1.341455651447177
  landing: 0.21057080943137407
  view-data: 0.2856690352782607
