times:
  edit-metadata: 1.383237849920988
  landing: 0.711067158728838
  view-data: 3.315088488161564
