times:
  edit-metadata: 0.592179185943678
  landing: 0.06456305808387697
  view-data: 0.18001752789132297
