times:
  edit-metadata: 1.5268458239734173
  landing: 0.020310984924435616
  view-data: 0.026241855695843697
