times:
  edit-metadata: 0.41311039798893034
  landing: 0.08056782907806337
  view-data: 0.20894959499128163
