times:
  edit-metadata: 0.508601363748312
  landing: 0.058833047747612
  view-data: 0.19150596484541893
