times:
  edit-metadata: 0.6593109811656177
  landing: 0.10527671314775944
  view-data: 0.3638504142872989
