times:
  edit-metadata: 0.5011379570000827
  landing: 0.10063933200035535
  view-data: 0.21975831200006724
