times:
  edit-metadata: 0.5827964693307877
  landing: 0.6337494440376759
  view-data: 0.18956596218049526
