times:
  edit-metadata: 1.334160872735083
  landing: 0.025371071882545948
  view-data: 0.026521671563386917
