times:
  edit-metadata: 1.5453605223447084
  landing: 0.8396268580108881
  view-data: 3.372191920876503
