times:
  edit-metadata: 1.4530962258577347
  landing: 0.7521885223686695
  view-data: 3.385447893291712
