times:
  landing: 0.5574504790000105
  view-data: 0.555284754000013
