times:
  edit-metadata: 1.5388285294175148
  landing: 0.8266239687800407
  view-data: 3.3228047750890255
