times:
  landing: 0.5482597190000433
  view-data: 0.551796917000047
