times:
  landing: 1.0705981450000195
  view-data: 0.5542141700000229
