times:
  edit-metadata: 1.3557805782184005
  landing: 0.11742184683680534
  view-data: 0.12107416056096554
