times:
  edit-metadata: 0.5660830850247294
  landing: 0.05357570806518197
  view-data: 0.1828106918837875
