times:
  edit-metadata: 1.9049462461844087
  landing: 1.3831844544038177
  view-data: 3.4512860672548413
