times:
  edit-metadata: 0.8501265259983484
  landing: 0.14496721801697277
  view-data: 0.23559650700190105
