times:
  edit-metadata: 0.4374609391670674
  landing: 0.047478527994826436
  view-data: 0.2058351100422442
