times:
  edit-metadata: 1.704399835318327
  landing: 0.8376599028706551
  view-data: 3.3648303002119064
