times:
  edit-metadata: 0.4837729074060917
  landing: 0.7362311575561762
  view-data: 0.1822986863553524
