times:
  edit-metadata: 0.5872862910036929
  landing: 0.057461293996311724
  view-data: 0.19920812000054866
