times:
  edit-metadata: 1.3555306382477283
  landing: 0.16132569126784801
  view-data: 0.025595867075026035
