times:
  edit-metadata: 0.5035771075636148
  landing: 0.6101120077073574
  view-data: 0.18592862971127033
