times:
  landing: 0.6153178689999663
  view-data: 0.5565155359999494
