times:
  edit-metadata: 1.6670219469815493
  landing: 0.2574878316372633
  view-data: 0.3692191541194916
