times:
  edit-metadata: 1.4028451070189476
  landing: 0.19266248308122158
  view-data: 0.023624034598469734
