times:
  edit-metadata: 0.5066601410508156
  landing: 0.05605261027812958
  view-data: 0.193598423153162
