times:
  edit-metadata: 1.3481914326548576
  landing: 0.020166813395917416
  view-data: 0.027322190813720226
