times:
  edit-metadata: 0.5148203219287097
  landing: 0.08196054899599403
  view-data: 0.20468603901099414
