times:
  edit-metadata: 0.5971255353651941
  landing: 0.050012633204460144
  view-data: 0.19953972520306706
