times:
  edit-metadata: 1.338073331862688
  landing: 0.020737516693770885
  view-data: 0.025951163843274117
