times:
  landing: 0.5618476610000016
  view-data: 0.5645046939999929
