times:
  edit-metadata: 0.5922372729983181
  landing: 0.05569693900179118
  view-data: 0.19740508391987532
