times:
  edit-metadata: 1.3347341055050492
  landing: 0.02224266342818737
  view-data: 0.12663786578923464
