times:
  edit-metadata: 0.6571633168496192
  landing: 0.061511370819061995
  view-data: 0.3031074618920684
