times:
  edit-metadata: 0.5579672642052174
  landing: 0.8153570834547281
  view-data: 0.20364359207451344
