times:
  edit-metadata: 1.4327863734215498
  landing: 0.21000007167458534
  view-data: 0.5179324056953192
