times:
  landing: 0.5580082720000519
  view-data: 0.5532902060000424
