times:
  edit-metadata: 0.43483931897208095
  landing: 0.051365945022553205
  view-data: 0.20724815502762794
