times:
  edit-metadata: 0.42021855400525965
  landing: 0.08072643401101232
  view-data: 0.3202186350245029
