times:
  edit-metadata: 0.5630010403692722
  landing: 0.7170362006872892
  view-data: 0.23835687153041363
