times:
  edit-metadata: 0.5143229998648167
  landing: 0.050903454422950745
  view-data: 0.19256196171045303
