times:
  edit-metadata: 1.5435139425098896
  landing: 0.750433437526226
  view-data: 3.362139403820038
