times:
  landing: 0.550440540000011
  view-data: 0.5585138339999958
