times:
  edit-metadata: 0.42245851224288344
  landing: 0.05826900014653802
  view-data: 0.19383420888334513
