times:
  edit-metadata: 0.5039594620466232
  landing: 0.061614468693733215
  view-data: 0.19379225000739098
