times:
  edit-metadata: 0.4364444660022855
  landing: 0.06241049151867628
  view-data: 0.20624939817935228
