times:
  edit-metadata: 1.3641951344907284
  landing: 0.02331926580518484
  view-data: 0.02356457058340311
