times:
  edit-metadata: 0.4161780849099159
  landing: 0.04439336690120399
  view-data: 0.20676457392983139
