times:
  edit-metadata: 1.4849347285926342
  landing: 1.0013438053429127
  view-data: 3.4045143499970436
