times:
  edit-metadata: 0.4373878790065646
  landing: 0.06141477404162288
  view-data: 0.19456314202398062
