times:
  edit-metadata: 0.5039768237620592
  landing: 0.5832411739975214
  view-data: 0.5965624991804361
