times:
  edit-metadata: 0.5307607725262642
  landing: 0.05738575756549835
  view-data: 0.19595826417207718
