times:
  edit-metadata: 0.44197788974270225
  landing: 0.06084090704098344
  view-data: 0.18358032824471593
