times:
  edit-metadata: 0.5004811696708202
  landing: 1.2499648611992598
  view-data: 0.40244568325579166
