times:
  edit-metadata: 1.467558195348829
  landing: 0.7709057861939073
  view-data: 3.3533542207442224
