times:
  edit-metadata: 1.4239061903208494
  landing: 0.15643703006207943
  view-data: 0.4097714014351368
