times:
  edit-metadata: 0.4950373349711299
  landing: 0.08564997185021639
  view-data: 0.22984543768689036
