times:
  edit-metadata: 0.5765652228146791
  landing: 0.8572460487484932
  view-data: 0.19454813189804554
