times:
  edit-metadata: 1.3506675269454718
  landing: 0.725608354434371
  view-data: 3.322797430679202
