times:
  edit-metadata: 1.4184014722704887
  landing: 0.8847206719219685
  view-data: 3.325062680989504
