times:
  landing: 0.543645760000004
  view-data: 0.550402833999982
