times:
  landing: 0.5688306529998499
  view-data: 0.5754131959999995
