times:
  edit-metadata: 1.5865742508322
  landing: 0.8208241146057844
  view-data: 3.44424831494689
