times:
  edit-metadata: 1.411922438070178
  landing: 0.6930050235241652
  view-data: 0.45933820866048336
