times:
  edit-metadata: 1.6074089538305998
  landing: 0.8406647527590394
  view-data: 3.4047905933111906
