times:
  edit-metadata: 0.4332659658975899
  landing: 0.052379040978848934
  view-data: 0.21582247596234083
