times:
  edit-metadata: 0.5358989029191434
  landing: 0.07530493894591928
  view-data: 0.26045978628098965
