times:
  edit-metadata: 1.3267458137124777
  landing: 0.021853448823094368
  view-data: 0.3449613321572542
