times:
  edit-metadata: 0.5816042099613696
  landing: 0.052072220016270876
  view-data: 0.18571222200989723
