times:
  edit-metadata: 0.5280992649495602
  landing: 0.744512040168047
  view-data: 0.18266347981989384
