times:
  edit-metadata: 1.494986915960908
  landing: 0.20372705347836018
  view-data: 0.25772690027952194
