times:
  edit-metadata: 0.5909518919652328
  landing: 0.05632946197874844
  view-data: 0.19253592903260142
