times:
  edit-metadata: 0.5930421079974622
  landing: 0.061535865999758244
  view-data: 0.1882937070040498
