times:
  edit-metadata: 0.42852417193353176
  landing: 0.07003270694985986
  view-data: 0.20023153792135417
