times:
  edit-metadata: 1.45401949621737
  landing: 0.020825617015361786
  view-data: 0.02605883590877056
