times:
  edit-metadata: 0.4932883772999048
  landing: 0.8489203453063965
  view-data: 0.3156992085278034
