times:
  edit-metadata: 0.5786137039831374
  landing: 0.05392538898740895
  view-data: 0.19372849899809808
