times:
  landing: 0.5592042239999842
  view-data: 0.5543859649999945
