times:
  landing: 1.0973294220000298
  view-data: 0.5689650659999756
