times:
  edit-metadata: 0.5189225971698761
  landing: 1.103363148868084
  view-data: 0.5811188723891973
