times:
  landing: 1.0742420370000332
  view-data: 0.5552735709999865
