times:
  edit-metadata: 0.4139185909880325
  landing: 0.09812171896919608
  view-data: 0.19687758793588728
