times:
  edit-metadata: 1.246653108857572
  landing: 0.7853507297113538
  view-data: 3.3190390057861805
