times:
  edit-metadata: 1.4928205665200949
  landing: 0.7355917673557997
  view-data: 3.333384769037366
