times:
  edit-metadata: 0.6106435637921095
  landing: 0.06233440525829792
  view-data: 0.208413306158036
