times:
  edit-metadata: 0.4991096928715706
  landing: 0.05448959395289421
  view-data: 0.19522002339363098
