times:
  edit-metadata: 0.4962508790194988
  landing: 1.0069217085838318
  view-data: 0.28873129934072495
