times:
  edit-metadata: 0.7523472928442061
  landing: 0.056024590972810984
  view-data: 0.2621707362122834
