times:
  edit-metadata: 0.5886717259418219
  landing: 0.049448403995484114
  view-data: 0.1913437619805336
