times:
  edit-metadata: 0.6274284599348903
  landing: 0.05075062299147248
  view-data: 0.19275768008083105
