times:
  edit-metadata: 1.3168201055377722
  landing: 0.01973820850253105
  view-data: 0.3230801559984684
