times:
  edit-metadata: 1.3770181480795145
  landing: 0.02075403369963169
  view-data: 0.3608304439112544
