times:
  edit-metadata: 0.5514483489096165
  landing: 0.7508098874241114
  view-data: 0.21505571901798248
