times:
  landing: 1.0739247600000112
  view-data: 0.561831202999997
