times:
  edit-metadata: 1.4490140210837126
  landing: 0.7025830131024122
  view-data: 3.2851245384663343
