times:
  edit-metadata: 0.41567512799520046
  landing: 0.046748979948461056
  view-data: 0.20426174392923713
