times:
  edit-metadata: 0.7616392520722002
  landing: 0.05902842292562127
  view-data: 0.19030303810723126
