times:
  edit-metadata: 0.5334138376638293
  landing: 0.055279649794101715
  view-data: 0.2007335377857089
