times:
  landing: 1.0561594380000088
  view-data: 0.5463864999999828
