times:
  edit-metadata: 2.4015459325164557
  landing: 0.32738729380071163
  view-data: 0.49164123833179474
