times:
  landing: 0.5494674849999797
  view-data: 0.5531322140000157
