times:
  landing: 1.579145355999998
  view-data: 0.5449835759999928
