times:
  edit-metadata: 1.5205922317691147
  landing: 0.9279389879666269
  view-data: 3.383026849012822
