times:
  landing: 0.5562887669999554
  view-data: 0.5608136789999776
