times:
  edit-metadata: 2.2305399626493454
  landing: 1.3134532608091831
  view-data: 3.514710120856762
