times:
  landing: 0.5544402949999494
  view-data: 0.5524782720000303
