times:
  edit-metadata: 1.3887586537748575
  landing: 7.721321741119027
  view-data: 3.306807480752468
