times:
  edit-metadata: 1.5697139631956816
  landing: 0.7916307561099529
  view-data: 3.4046309627592564
