times:
  edit-metadata: 1.493135629221797
  landing: 0.7917738957330585
  view-data: 3.3678736155852675
