times:
  edit-metadata: 1.369014031253755
  landing: 0.0209827134385705
  view-data: 0.13216685689985752
