times:
  edit-metadata: 1.414988319040276
  landing: 0.9865749559830874
  view-data: 3.415579735999927
