times:
  edit-metadata: 1.458613321185112
  landing: 0.6839610449969769
  view-data: 3.358063379302621
