times:
  edit-metadata: 0.596059437841177
  landing: 0.05509318970143795
  view-data: 0.19532733503729105
