times:
  edit-metadata: 1.7748342491686344
  landing: 1.2762809172272682
  view-data: 3.518717162311077
