times:
  edit-metadata: 1.4484830852597952
  landing: 0.02264390606433153
  view-data: 0.024540900252759457
