times:
  landing: 1.6297610839999948
  view-data: 0.5609308129999988
