times:
  edit-metadata: 1.4185995580628514
  landing: 0.0211245808750391
  view-data: 0.027291033416986465
