times:
  edit-metadata: 1.3689754139631987
  landing: 0.01976325921714306
  view-data: 0.17441484704613686
