times:
  edit-metadata: 1.4276749398559332
  landing: 0.018866896629333496
  view-data: 0.023055396042764187
