times:
  edit-metadata: 0.592955170897767
  landing: 0.15649414993822575
  view-data: 0.2639228699263185
