times:
  edit-metadata: 1.4698740765452385
  landing: 0.9985948167741299
  view-data: 3.4354114569723606
