times:
  edit-metadata: 1.3895642273128033
  landing: 0.7923251688480377
  view-data: 3.332658778876066
