times:
  edit-metadata: 1.3791819578036666
  landing: 0.12091057002544403
  view-data: 0.028218173421919346
