times:
  edit-metadata: 1.490972600877285
  landing: 0.7931758500635624
  view-data: 3.298505648970604
