times:
  edit-metadata: 1.7286951905116439
  landing: 0.27951501682400703
  view-data: 0.5590969892218709
