times:
  edit-metadata: 1.347453996539116
  landing: 0.21524249762296677
  view-data: 0.02452581748366356
