times:
  landing: 0.5592296579999925
  view-data: 0.5648183959999926
