times:
  edit-metadata: 1.4823677595704794
  landing: 0.640782767906785
  view-data: 3.498577957972884
