times:
  edit-metadata: 0.4985362570732832
  landing: 0.09001256595365703
  view-data: 0.20864024304319173
