times:
  edit-metadata: 0.45068382285535336
  landing: 0.05267114005982876
  view-data: 0.1883519389666617
