times:
  edit-metadata: 0.41945715341717005
  landing: 0.054440715815871954
  view-data: 0.1957713831216097
