times:
  edit-metadata: 0.6309430971741676
  landing: 0.05498555488884449
  view-data: 0.20660809893161058
