times:
  edit-metadata: 1.5262348484247923
  landing: 0.68694700114429
  view-data: 3.4245192874222994
