times:
  edit-metadata: 1.468401689082384
  landing: 0.748406246304512
  view-data: 3.407294724136591
