times:
  edit-metadata: 1.4228631546720862
  landing: 0.050817327573895454
  view-data: 0.02454202249646187
