times:
  edit-metadata: 0.41016079392284155
  landing: 0.0716444100253284
  view-data: 0.20808428898453712
