times:
  edit-metadata: 3.285050470381975
  landing: 1.5610020458698273
  view-data: 3.5121742486953735
