times:
  landing: 0.5474497889999839
  view-data: 0.5530465610000022
