times:
  landing: 1.647092018276453
  view-data: 0.5896976571530104
