times:
  edit-metadata: 1.3552203811705112
  landing: 0.02154179848730564
  view-data: 0.2775776591151953
