times:
  edit-metadata: 1.5336754117161036
  landing: 0.7761932853609324
  view-data: 3.401292534545064
