times:
  edit-metadata: 1.4231398906558752
  landing: 0.04979613609611988
  view-data: 0.02987607568502426
