times:
  edit-metadata: 0.41282284120097756
  landing: 0.09943924704566598
  view-data: 0.20198632217943668
