times:
  edit-metadata: 1.6392290890216827
  landing: 0.921990416944027
  view-data: 3.3313344456255436
