times:
  edit-metadata: 0.512745076790452
  landing: 0.0679150577634573
  view-data: 0.19258511997759342
