times:
  landing: 1.0783346649999999
  view-data: 0.5545804779999912
