times:
  edit-metadata: 1.409264674410224
  landing: 0.16044917330145836
  view-data: 0.3279956467449665
