times:
  edit-metadata: 1.4703758815303445
  landing: 0.7551533132791519
  view-data: 3.3648050986230373
