times:
  landing: 1.5897209139999973
  view-data: 0.5568251530000339
