times:
  edit-metadata: 1.5265451073646545
  landing: 0.9356877133250237
  view-data: 3.7105431146919727
