times:
  edit-metadata: 0.5133937379869167
  landing: 0.08017538400599733
  view-data: 0.26202661197748967
