times:
  edit-metadata: 0.5433423407375813
  landing: 0.813391325995326
  view-data: 0.2318857368081808
