times:
  edit-metadata: 1.5549541115760803
  landing: 0.871585663408041
  view-data: 3.4402185678482056
