times:
  edit-metadata: 1.4110312387347221
  landing: 0.8200161717832088
  view-data: 3.323016934096813
