times:
  edit-metadata: 1.436931636184454
  landing: 0.9432239532470703
  view-data: 3.3392390087246895
