times:
  edit-metadata: 2.6395097970962524
  landing: 1.260004848241806
  view-data: 3.433302413672209
