times:
  edit-metadata: 0.5097513500004425
  landing: 0.06212056300137192
  view-data: 0.21998070400150027
