times:
  edit-metadata: 1.3385642748326063
  landing: 0.02358029317110777
  view-data: 0.12330073677003384
