times:
  edit-metadata: 1.560885764658451
  landing: 0.9106421303004026
  view-data: 3.4271410685032606
