times:
  edit-metadata: 2.06094216927886
  landing: 0.9991469867527485
  view-data: 3.825651659630239
