times:
  edit-metadata: 1.3565660752356052
  landing: 0.18789949547499418
  view-data: 0.10162226017564535
