times:
  edit-metadata: 0.411594872828573
  landing: 0.08271825825795531
  view-data: 0.2021947531029582
