times:
  edit-metadata: 1.5758988112211227
  landing: 0.7864606864750385
  view-data: 3.4437977466732264
