times:
  edit-metadata: 1.485918008722365
  landing: 0.7644800217822194
  view-data: 3.3612637035548687
