times:
  edit-metadata: 1.3191620195284486
  landing: 0.02245222870260477
  view-data: 0.3992698956280947
