times:
  edit-metadata: 0.6087411139160395
  landing: 0.05191176291555166
  view-data: 0.18599834572523832
