times:
  edit-metadata: 1.3772415379062295
  landing: 0.02090175822377205
  view-data: 0.026218876242637634
