times:
  edit-metadata: 0.4060354129760526
  landing: 0.10409646097104996
  view-data: 0.20728066097944975
