times:
  edit-metadata: 1.4292712770402431
  landing: 0.8211216852068901
  view-data: 3.3108169324696064
