times:
  edit-metadata: 1.3606648463755846
  landing: 0.14182810112833977
  view-data: 0.3433520831167698
