times:
  edit-metadata: 1.5468855611979961
  landing: 0.7743805330246687
  view-data: 3.418652156367898
