times:
  edit-metadata: 1.362112157046795
  landing: 0.020002971403300762
  view-data: 0.12168999295681715
