times:
  edit-metadata: 1.5294468440115452
  landing: 0.7530127856880426
  view-data: 3.3957197293639183
