times:
  edit-metadata: 1.4849383104592562
  landing: 0.16142607480287552
  view-data: 0.39892166294157505
