times:
  edit-metadata: 1.6348144225776196
  landing: 1.0179684683680534
  view-data: 3.3833667561411858
