times:
  landing: 1.074673482999998
  view-data: 0.5584258369999873
