times:
  edit-metadata: 0.5870272610336542
  landing: 0.05690851784311235
  view-data: 0.183139577973634
