times:
  edit-metadata: 1.554717741906643
  landing: 0.29358705319464207
  view-data: 0.9790537599474192
