times:
  edit-metadata: 1.576623398810625
  landing: 0.7872092369943857
  view-data: 3.4570241793990135
