times:
  edit-metadata: 0.5558440387248993
  landing: 0.6077142003923655
  view-data: 0.18441455624997616
