times:
  edit-metadata: 0.5139130316674709
  landing: 0.05912373214960098
  view-data: 0.1949908435344696
