times:
  edit-metadata: 0.499677337706089
  landing: 1.1054611802101135
  view-data: 0.5798844452947378
