times:
  edit-metadata: 0.6189013905823231
  landing: 2.528762999922037
  view-data: 1.0000776685774326
