times:
  edit-metadata: 0.48966272099642083
  landing: 0.08224380697356537
  view-data: 0.20920046797255054
