times:
  edit-metadata: 0.4406177029013634
  landing: 0.051421916112303734
  view-data: 0.19380076695233583
