times:
  edit-metadata: 1.373064460232854
  landing: 0.7165613938122988
  view-data: 3.2779869996011257
