times:
  landing: 0.5631005989999949
  view-data: 0.5697139380000067
