times:
  landing: 1.0741255469999942
  view-data: 0.5514350280000144
