times:
  edit-metadata: 1.5010315459221601
  landing: 0.1598772220313549
  view-data: 0.5414467453956604
