times:
  edit-metadata: 0.5085293464362621
  landing: 0.6638121288269758
  view-data: 0.22319088503718376
