times:
  edit-metadata: 1.5946496184915304
  landing: 0.782940911129117
  view-data: 3.446064492687583
