times:
  edit-metadata: 1.4941226486116648
  landing: 0.7423884095624089
  view-data: 3.335299711674452
