times:
  edit-metadata: 1.4422042509540915
  landing: 0.7572572601493448
  view-data: 3.2909074269700795
