times:
  edit-metadata: 1.7562036998569965
  landing: 0.7940898723900318
  view-data: 3.50196797773242
