times:
  edit-metadata: 1.693678492680192
  landing: 0.8426271826028824
  view-data: 3.3251440078020096
