times:
  landing: 0.5931905799999981
  view-data: 0.5548828189999995
