times:
  landing: 0.5589577700000063
  view-data: 0.5527921810000862
