times:
  edit-metadata: 1.504462780430913
  landing: 0.14910482801496983
  view-data: 0.5030463393777609
