times:
  edit-metadata: 1.9334507752209902
  landing: 0.3238738924264908
  view-data: 0.4680727869272232
