times:
  edit-metadata: 0.49811028223484755
  landing: 0.04991613049060106
  view-data: 0.21092453505843878
