times:
  edit-metadata: 1.3362208995968103
  landing: 0.2041851282119751
  view-data: 0.03237050026655197
