times:
  edit-metadata: 0.5125628188252449
  landing: 0.0522904247045517
  view-data: 0.19442954286932945
