times:
  edit-metadata: 1.7826776392757893
  landing: 1.0448809564113617
  view-data: 3.4086443036794662
