times:
  edit-metadata: 1.6225802600383759
  landing: 0.8021291382610798
  view-data: 3.469687284901738
