times:
  edit-metadata: 0.5272244196385145
  landing: 0.5458192694932222
  view-data: 0.19002437591552734
