times:
  edit-metadata: 1.4654173450544477
  landing: 0.8029115153476596
  view-data: 3.3852385906502604
