times:
  edit-metadata: 1.8085034303367138
  landing: 0.02007595542818308
  view-data: 0.03021973092108965
