times:
  edit-metadata: 1.556227432563901
  landing: 0.7256807368248701
  view-data: 3.401309732347727
