times:
  edit-metadata: 1.4735489231534302
  landing: 0.8626635977998376
  view-data: 3.3693514801561832
