times:
  edit-metadata: 1.5680070891976357
  landing: 0.754856226965785
  view-data: 3.440752897411585
