times:
  edit-metadata: 1.3240929655730724
  landing: 0.020373692736029625
  view-data: 0.12663879804313183
