times:
  edit-metadata: 0.5055833794176579
  landing: 0.5239809583872557
  view-data: 0.3118144478648901
