times:
  edit-metadata: 0.5389294782653451
  landing: 0.050147064961493015
  view-data: 0.19852364808321
