times:
  edit-metadata: 1.5766512006521225
  landing: 0.796986848115921
  view-data: 3.459504198282957
