times:
  edit-metadata: 0.41677852999418974
  landing: 0.051101587945595384
  view-data: 0.20572681596968323
