times:
  landing: 0.5546873910000159
  view-data: 0.5482249760000286
