times:
  edit-metadata: 0.51311856508255
  landing: 0.4180533345788717
  view-data: 0.20088791102170944
