times:
  edit-metadata: 1.5241849701851606
  landing: 0.7263346649706364
  view-data: 3.4067124724388123
