times:
  edit-metadata: 0.4141181861050427
  landing: 0.08819438493810594
  view-data: 0.23205195902846754
