times:
  edit-metadata: 1.3150167977437377
  landing: 0.020390852354466915
  view-data: 0.02674312237650156
