times:
  edit-metadata: 0.43289495538920164
  landing: 0.06255274824798107
  view-data: 0.20443499740213156
