times:
  edit-metadata: 1.3573238905519247
  landing: 0.14265632070600986
  view-data: 0.39975985139608383
