times:
  edit-metadata: 1.4908993085846305
  landing: 0.7739594765007496
  view-data: 3.386583368293941
