times:
  edit-metadata: 1.416289608925581
  landing: 0.9107341356575489
  view-data: 3.2942486479878426
