times:
  edit-metadata: 1.555066921748221
  landing: 0.992505207657814
  view-data: 3.3487189058214426
