times:
  edit-metadata: 2.332119037397206
  landing: 1.1990281715989113
  view-data: 3.4811915094032884
