times:
  edit-metadata: 0.4918965920805931
  landing: 0.9358631875365973
  view-data: 0.29166891798377037
