times:
  edit-metadata: 0.48844929225742817
  landing: 0.5817123893648386
  view-data: 0.5955985374748707
