times:
  edit-metadata: 1.5828665876761079
  landing: 0.021981059573590755
  view-data: 0.023754769936203957
