times:
  landing: 0.5550729389999844
  view-data: 0.0645839530000103
