times:
  edit-metadata: 1.43783725425601
  landing: 0.84260668233037
  view-data: 3.290516499429941
