times:
  edit-metadata: 1.5082583921030164
  landing: 0.18491048831492662
  view-data: 0.0272659445181489
