times:
  landing: 0.5561773610000387
  view-data: 0.5586611589999961
