times:
  landing: 1.5834126630000185
  view-data: 0.5508105220000061
