times:
  edit-metadata: 2.2079510018229485
  landing: 1.1592103689908981
  view-data: 3.4108185283839703
