times:
  edit-metadata: 0.5171627216041088
  landing: 0.04975045099854469
  view-data: 0.1964365430176258
