times:
  edit-metadata: 0.6658539130003192
  landing: 0.05126847200153861
  view-data: 0.18515918700722978
