times:
  edit-metadata: 1.75030929595232
  landing: 1.1306788958609104
  view-data: 3.3811479285359383
