times:
  edit-metadata: 0.5481252949684858
  landing: 0.05353623069822788
  view-data: 0.22506780922412872
