times:
  landing: 1.5885010289999855
  view-data: 0.5674361470000235
