times:
  edit-metadata: 1.4934289027005434
  landing: 0.8367771599441767
  view-data: 3.375476246699691
