times:
  edit-metadata: 1.435921486467123
  landing: 0.8386314511299133
  view-data: 3.3242775350809097
