times:
  edit-metadata: 0.433156980201602
  landing: 0.04747277498245239
  view-data: 0.19924711994826794
