times:
  edit-metadata: 0.469540576916188
  landing: 0.05201792065054178
  view-data: 0.23793685575947165
