times:
  edit-metadata: 1.323767863214016
  landing: 0.020660942420363426
  view-data: 0.12507563084363937
