times:
  landing: 0.5501621109999917
  view-data: 0.5566995199999951
