times:
  edit-metadata: 0.5969580190721899
  landing: 0.0532636558637023
  view-data: 0.18226677598431706
