times:
  edit-metadata: 1.4843184631317854
  landing: 0.2649999186396599
  view-data: 0.3374149911105633
