times:
  edit-metadata: 0.6689054751768708
  landing: 0.053304275032132864
  view-data: 0.20893894601613283
