times:
  landing: 0.544547596999962
  view-data: 0.547803144999989
