times:
  edit-metadata: 1.452987890690565
  landing: 0.7331866174936295
  view-data: 3.314589124172926
