times:
  edit-metadata: 2.2527216635644436
  landing: 1.3961607748642564
  view-data: 3.810549771413207
