times:
  edit-metadata: 1.3421051111072302
  landing: 0.019990095868706703
  view-data: 0.026875415816903114
