times:
  edit-metadata: 1.3960272050462663
  landing: 0.7542582373134792
  view-data: 3.329670825973153
