times:
  edit-metadata: 0.5956001690356061
  landing: 0.048414377961307764
  view-data: 0.18955461005680263
