times:
  edit-metadata: 1.3423874219879508
  landing: 0.720696116797626
  view-data: 3.2739627342671156
