times:
  edit-metadata: 1.6266444362699986
  landing: 0.8407834693789482
  view-data: 3.36389946565032
