times:
  edit-metadata: 1.708594635128975
  landing: 1.0869291499257088
  view-data: 3.601709194481373
