times:
  edit-metadata: 1.382882371544838
  landing: 0.7847191244363785
  view-data: 3.4982166811823845
