times:
  edit-metadata: 1.4708121567964554
  landing: 0.7939007356762886
  view-data: 3.4369435012340546
