times:
  edit-metadata: 2.111504353582859
  landing: 1.028222180902958
  view-data: 3.5582345835864544
