times:
  edit-metadata: 1.4299530759453773
  landing: 0.8775983564555645
  view-data: 3.406748928129673
