times:
  edit-metadata: 2.0000561624765396
  landing: 0.8652726262807846
  view-data: 3.4414806738495827
