times:
  edit-metadata: 1.3972002938389778
  landing: 0.8031067326664925
  view-data: 3.6081202253699303
