times:
  edit-metadata: 1.4128754958510399
  landing: 0.7747513391077518
  view-data: 3.3174135833978653
