times:
  edit-metadata: 1.4031141698360443
  landing: 0.8164058737456799
  view-data: 3.2678516320884228
