times:
  edit-metadata: 1.7160201109945774
  landing: 1.02349853515625
  view-data: 3.364189237356186
