times:
  edit-metadata: 1.4426543824374676
  landing: 0.7779129333794117
  view-data: 3.271477397531271
