times:
  edit-metadata: 1.3756025433540344
  landing: 0.7898817360401154
  view-data: 3.5200606361031532
