times:
  edit-metadata: 1.4738562107086182
  landing: 0.9306459203362465
  view-data: 3.3737769089639187
