times:
  edit-metadata: 1.3849695697426796
  landing: 0.7348089069128036
  view-data: 3.3237482011318207
