times:
  edit-metadata: 1.477428276091814
  landing: 0.807607389986515
  view-data: 3.3321652337908745
