times:
  edit-metadata: 1.3690744042396545
  landing: 0.7462504953145981
  view-data: 3.535713277757168
