times:
  edit-metadata: 1.4544568806886673
  landing: 0.751906506717205
  view-data: 3.3038752302527428
