times:
  edit-metadata: 1.421318881213665
  landing: 0.7590357810258865
  view-data: 3.4972085654735565
