times:
  edit-metadata: 1.4774216338992119
  landing: 0.793774425983429
  view-data: 3.4599849805235863
