times:
  edit-metadata: 1.5035896450281143
  landing: 0.860015019774437
  view-data: 3.6741600036621094
