times:
  edit-metadata: 1.3603709638118744
  landing: 0.8378709629178047
  view-data: 3.2835075482726097
