times:
  edit-metadata: 1.4715610668063164
  landing: 0.8031031973659992
  view-data: 3.362239096313715
