times:
  edit-metadata: 1.6103131100535393
  landing: 0.86361064016819
  view-data: 3.2770663425326347
