times:
  edit-metadata: 1.46475650370121
  landing: 0.7952180802822113
  view-data: 3.3710015676915646
