times:
  edit-metadata: 1.764444924890995
  landing: 1.0507321655750275
  view-data: 3.5776404291391373
