times:
  edit-metadata: 1.365712746977806
  landing: 0.9605026766657829
  view-data: 3.377766139805317
