times:
  edit-metadata: 1.3832736238837242
  landing: 0.7780673801898956
  view-data: 3.5134757608175278
