times:
  edit-metadata: 1.4138659983873367
  landing: 0.7582236565649509
  view-data: 3.44730469211936
