times:
  edit-metadata: 1.4878033474087715
  landing: 0.7936667911708355
  view-data: 3.399582125246525
