times:
  edit-metadata: 1.4519713073968887
  landing: 0.8916418254375458
  view-data: 3.341124262660742
