times:
  edit-metadata: 1.3483388051390648
  landing: 0.7442565113306046
  view-data: 3.454067386686802
