times:
  edit-metadata: 1.665578730404377
  landing: 1.1922538802027702
  view-data: 3.343217119574547
