times:
  edit-metadata: 1.3771058544516563
  landing: 0.7999564409255981
  view-data: 3.480529859662056
