times:
  edit-metadata: 1.4012835249304771
  landing: 0.7418740205466747
  view-data: 3.2920754440128803
