times:
  edit-metadata: 1.4737602695822716
  landing: 0.8229448348283768
  view-data: 3.536886714398861
