times:
  edit-metadata: 1.3792273961007595
  landing: 0.7975065372884274
  view-data: 3.321008376777172
