times:
  edit-metadata: 1.3486426621675491
  landing: 0.7286188714206219
  view-data: 3.259821031242609
