times:
  edit-metadata: 1.3925110399723053
  landing: 0.7391120567917824
  view-data: 3.4620643705129623
