times:
  edit-metadata: 1.370560698211193
  landing: 0.7573749795556068
  view-data: 3.410993680357933
