times:
  edit-metadata: 1.4108319878578186
  landing: 0.9820103198289871
  view-data: 3.624810792505741
