times:
  edit-metadata: 1.3872634246945381
  landing: 0.8025042787194252
  view-data: 3.4713905975222588
