times:
  edit-metadata: 1.3755734004080296
  landing: 0.8294746614992619
  view-data: 3.404715459793806
