times:
  edit-metadata: 1.5029627904295921
  landing: 0.9458920806646347
  view-data: 3.6038775369524956
