times:
  edit-metadata: 1.5692590922117233
  landing: 0.7801255621016026
  view-data: 3.3275111839175224
