times:
  edit-metadata: 1.5242770463228226
  landing: 0.720027931034565
  view-data: 3.461035043001175
