times:
  edit-metadata: 1.436745684593916
  landing: 0.9669283218681812
  view-data: 3.3405239693820477
