times:
  edit-metadata: 1.4650897607207298
  landing: 0.7210228815674782
  view-data: 3.5874980837106705
