times:
  edit-metadata: 1.3846050687134266
  landing: 0.7180357687175274
  view-data: 3.296458125114441
