times:
  edit-metadata: 1.483009159564972
  landing: 0.7583999186754227
  view-data: 3.4553062096238136
