times:
  edit-metadata: 1.7440617568790913
  landing: 0.9587150365114212
  view-data: 3.3861301727592945
