times:
  edit-metadata: 1.4369846880435944
  landing: 0.8084120377898216
  view-data: 3.478416994214058
