times:
  edit-metadata: 1.4184587225317955
  landing: 0.8012283444404602
  view-data: 3.3260560780763626
