times:
  edit-metadata: 1.4766333363950253
  landing: 0.7292819023132324
  view-data: 3.285163037478924
