times:
  edit-metadata: 1.3700645677745342
  landing: 0.7941247150301933
  view-data: 3.2944559678435326
