times:
  edit-metadata: 1.3744868785142899
  landing: 0.8258612975478172
  view-data: 3.339989196509123
