times:
  edit-metadata: 1.4872924126684666
  landing: 0.8034947030246258
  view-data: 3.3920794911682606
