times:
  edit-metadata: 1.4957301542162895
  landing: 0.7741330862045288
  view-data: 3.401553813368082
