times:
  edit-metadata: 1.484763078391552
  landing: 0.7692159786820412
  view-data: 3.5645066797733307
