times:
  edit-metadata: 1.4059231914579868
  landing: 0.8756142668426037
  view-data: 3.342041626572609
