times:
  edit-metadata: 1.4922341257333755
  landing: 0.8802065476775169
  view-data: 3.5105846151709557
