times:
  edit-metadata: 1.522812858223915
  landing: 0.9311624839901924
  view-data: 3.444218397140503
