times:
  edit-metadata: 1.4108453691005707
  landing: 0.6937049850821495
  view-data: 3.4297974929213524
