times:
  edit-metadata: 1.4823462814092636
  landing: 0.8436805456876755
  view-data: 3.351923368871212
