times:
  edit-metadata: 1.4170736968517303
  landing: 0.7565808817744255
  view-data: 3.267218068242073
