times:
  edit-metadata: 1.445684663951397
  landing: 0.7465196698904037
  view-data: 3.598164863884449
