times:
  edit-metadata: 1.3825723864138126
  landing: 0.8391704261302948
  view-data: 3.357752252370119
