times:
  edit-metadata: 1.5891168713569641
  landing: 0.8592960126698017
  view-data: 3.334903072565794
