times:
  edit-metadata: 1.6962860897183418
  landing: 1.045858271420002
  view-data: 3.3791183829307556
