times:
  edit-metadata: 1.342213623225689
  landing: 0.7724776566028595
  view-data: 3.5676188468933105
