times:
  edit-metadata: 1.461426503956318
  landing: 0.7502220124006271
  view-data: 3.4612060636281967
