times:
  edit-metadata: 1.4433462545275688
  landing: 0.7370190620422363
  view-data: 3.387325495481491
