times:
  edit-metadata: 1.4729062393307686
  landing: 0.7774358987808228
  view-data: 3.3443093448877335
