times:
  edit-metadata: 1.5899181514978409
  landing: 0.8307360485196114
  view-data: 3.3764393106102943
