times:
  edit-metadata: 1.335131473839283
  landing: 0.7607366815209389
  view-data: 3.5186689272522926
