times:
  edit-metadata: 1.407372072339058
  landing: 1.0296377018094063
  view-data: 3.563004218041897
