times:
  edit-metadata: 1.519283339381218
  landing: 0.9557561241090298
  view-data: 3.3556956239044666
