times:
  edit-metadata: 1.4355907961726189
  landing: 0.8378108218312263
  view-data: 3.437060810625553
