times:
  edit-metadata: 1.405189462006092
  landing: 0.7945872694253922
  view-data: 3.3846240863204002
