times:
  edit-metadata: 1.9602531120181084
  landing: 0.9647579193115234
  view-data: 3.3337827548384666
