times:
  edit-metadata: 1.4726666808128357
  landing: 0.8486260399222374
  view-data: 3.3334207460284233
