times:
  edit-metadata: 1.50257159024477
  landing: 0.8235951289534569
  view-data: 3.325907349586487
