times:
  edit-metadata: 1.7055912092328072
  landing: 0.9843446277081966
  view-data: 3.364711981266737
