times:
  edit-metadata: 1.369744911789894
  landing: 0.8330533541738987
  view-data: 3.300169289112091
