times:
  edit-metadata: 1.5131412260234356
  landing: 0.9268101453781128
  view-data: 3.3293410912156105
