times:
  edit-metadata: 1.4177787192165852
  landing: 0.8920827284455299
  view-data: 3.400720313191414
