times:
  edit-metadata: 1.4063688293099403
  landing: 0.8735341355204582
  view-data: 3.4024316743016243
