times:
  edit-metadata: 1.6431969068944454
  landing: 1.0203853584825993
  view-data: 3.3362307026982307
