times:
  edit-metadata: 1.4489653259515762
  landing: 0.7040796279907227
  view-data: 3.5112152323126793
