times:
  edit-metadata: 1.3957162201404572
  landing: 0.7350271046161652
  view-data: 3.365585371851921
