times:
  edit-metadata: 1.3895321302115917
  landing: 0.6822049468755722
  view-data: 3.2743263952434063
