times:
  edit-metadata: 1.3827541768550873
  landing: 0.8367769792675972
  view-data: 3.499753013253212
