times:
  edit-metadata: 1.4683200307190418
  landing: 0.8248792290687561
  view-data: 3.297526527196169
