times:
  edit-metadata: 1.4506941512227058
  landing: 0.9358592480421066
  view-data: 3.598057582974434
