times:
  edit-metadata: 1.386368066072464
  landing: 0.7967032492160797
  view-data: 3.5767525136470795
