times:
  edit-metadata: 1.3894294425845146
  landing: 0.7666998580098152
  view-data: 3.4488887265324593
