times:
  edit-metadata: 1.3874776810407639
  landing: 0.7436902821063995
  view-data: 3.5589981973171234
