times:
  edit-metadata: 1.4899635091423988
  landing: 0.8314181044697762
  view-data: 3.4440654516220093
