times:
  edit-metadata: 1.461664330214262
  landing: 0.7858233824372292
  view-data: 3.2888430021703243
