times:
  edit-metadata: 1.4206094965338707
  landing: 0.7442036271095276
  view-data: 3.5739503651857376
