times:
  edit-metadata: 1.5901980176568031
  landing: 0.8296132534742355
  view-data: 3.3932446017861366
