times:
  edit-metadata: 1.5320302844047546
  landing: 1.007119182497263
  view-data: 3.336488466709852
