times:
  edit-metadata: 1.4107563719153404
  landing: 0.9210217669606209
  view-data: 3.555014282464981
