times:
  edit-metadata: 1.3337405622005463
  landing: 0.8158464878797531
  view-data: 3.4087006971240044
