times:
  edit-metadata: 1.3741737455129623
  landing: 0.8143459185957909
  view-data: 3.561525747179985
