times:
  edit-metadata: 1.5282761007547379
  landing: 1.0384994745254517
  view-data: 3.735861122608185
