times:
  edit-metadata: 1.481591336429119
  landing: 0.751563735306263
  view-data: 3.313692308962345
