times:
  edit-metadata: 1.489151194691658
  landing: 0.990659810602665
  view-data: 3.6483396738767624
