times:
  edit-metadata: 1.4664240926504135
  landing: 0.7865410074591637
  view-data: 3.5068508088588715
