times:
  edit-metadata: 1.5484297350049019
  landing: 0.7855318561196327
  view-data: 3.2870548479259014
