times:
  edit-metadata: 1.4925392009317875
  landing: 0.9281282052397728
  view-data: 3.3124466128647327
