times:
  edit-metadata: 1.4457681961357594
  landing: 0.76040193811059
  view-data: 3.2513364404439926
