times:
  edit-metadata: 1.3206306919455528
  landing: 0.7728256359696388
  view-data: 3.4624554961919785
