times:
  edit-metadata: 1.451803982257843
  landing: 0.8079603984951973
  view-data: 3.3434621393680573
