times:
  edit-metadata: 1.5255240350961685
  landing: 0.8510627970099449
  view-data: 3.303806196898222
