times:
  edit-metadata: 1.382761761546135
  landing: 0.7304292134940624
  view-data: 3.256165213882923
