times:
  edit-metadata: 1.457774605602026
  landing: 0.778020266443491
  view-data: 3.2892155051231384
