times:
  edit-metadata: 1.8521862030029297
  landing: 0.9610880017280579
  view-data: 3.5937896594405174
