times:
  edit-metadata: 1.4001962840557098
  landing: 0.7639816105365753
  view-data: 3.4637378975749016
