times:
  edit-metadata: 1.4047131054103374
  landing: 0.9895124845206738
  view-data: 3.3671014308929443
