times:
  edit-metadata: 1.3859624080359936
  landing: 0.74443319439888
  view-data: 3.335626471787691
