times:
  edit-metadata: 1.4609065055847168
  landing: 0.7589367553591728
  view-data: 3.550230458378792
