times:
  edit-metadata: 1.4315088912844658
  landing: 0.7183787412941456
  view-data: 3.370979744940996
