times:
  edit-metadata: 1.3610046207904816
  landing: 0.746479943394661
  view-data: 3.4064596220850945
