times:
  edit-metadata: 1.8336005136370659
  landing: 1.283041000366211
  view-data: 3.781749874353409
