times:
  edit-metadata: 1.5161755457520485
  landing: 0.7967033758759499
  view-data: 3.664160318672657
