times:
  edit-metadata: 1.38679888099432
  landing: 0.7594040036201477
  view-data: 3.3075268119573593
