times:
  edit-metadata: 1.9271699264645576
  landing: 1.304617777466774
  view-data: 3.6620753556489944
