times:
  edit-metadata: 1.5879847928881645
  landing: 0.847394160926342
  view-data: 3.313933953642845
