times:
  edit-metadata: 1.4091805666685104
  landing: 0.6674502417445183
  view-data: 3.4659424424171448
