times:
  edit-metadata: 1.347948506474495
  landing: 0.7426294311881065
  view-data: 3.5033466294407845
