times:
  edit-metadata: 2.0572566278278828
  landing: 0.9335933215916157
  view-data: 3.433584362268448
