times:
  edit-metadata: 1.507211059331894
  landing: 0.8221199065446854
  view-data: 3.431159608066082
