times:
  edit-metadata: 1.3428082317113876
  landing: 0.8638154342770576
  view-data: 3.563660830259323
