times:
  edit-metadata: 1.8700690194964409
  landing: 1.4265685304999352
  view-data: 3.8751624152064323
