times:
  edit-metadata: 1.517949916422367
  landing: 0.7777771279215813
  view-data: 3.5257032811641693
