times:
  edit-metadata: 1.4031503200531006
  landing: 0.8454313203692436
  view-data: 3.3324767723679543
