times:
  edit-metadata: 1.4840889237821102
  landing: 0.810030248016119
  view-data: 3.302108008414507
