times:
  edit-metadata: 1.639967355877161
  landing: 0.8867000639438629
  view-data: 3.3099140785634518
