times:
  edit-metadata: 1.473525047302246
  landing: 0.89212816208601
  view-data: 3.3568836376070976
