times:
  edit-metadata: 1.6509137526154518
  landing: 0.9156924486160278
  view-data: 3.348786201328039
