times:
  edit-metadata: 1.3712461292743683
  landing: 0.8199016824364662
  view-data: 3.434206910431385
