times:
  edit-metadata: 1.411653220653534
  landing: 0.7868277877569199
  view-data: 3.4534071385860443
