times:
  edit-metadata: 1.4157221466302872
  landing: 0.7611648812890053
  view-data: 3.2796219661831856
