times:
  edit-metadata: 1.8364604152739048
  landing: 2.038303591310978
  view-data: 3.499900843948126
