times:
  edit-metadata: 1.3986563012003899
  landing: 0.9069300144910812
  view-data: 3.293596677482128
