times:
  edit-metadata: 1.4258204884827137
  landing: 0.8975943028926849
  view-data: 3.3138413093984127
