times:
  edit-metadata: 1.358664758503437
  landing: 0.772442176938057
  view-data: 3.4840395003557205
