times:
  edit-metadata: 1.3349481895565987
  landing: 0.7424244731664658
  view-data: 3.3615555688738823
