times:
  edit-metadata: 1.1447287040064111
  landing: 0.05438081594184041
  view-data: 0.2588440990075469
