times:
  edit-metadata: 1.1055058620404452
  landing: 0.050957354018464684
  view-data: 0.28940611402504146
