times:
  edit-metadata: 1.4760770834982395
  landing: 0.8323909640312195
  view-data: 3.3929899856448174
