times:
  edit-metadata: 2.0909583759494126
  landing: 1.1562650292180479
  view-data: 3.5864669210277498
