times:
  edit-metadata: 1.4940126948058605
  landing: 0.9653345458209515
  view-data: 3.4299734868109226
