times:
  edit-metadata: 1.4761051125824451
  landing: 0.8468875363469124
  view-data: 4.3498090878129005
