times:
  edit-metadata: 2.0860167890787125
  landing: 1.3893964104354382
  view-data: 3.409619204699993
