times:
  edit-metadata: 1.524532152339816
  landing: 0.7626712992787361
  view-data: 3.4001088067889214
