times:
  edit-metadata: 1.6996794156730175
  landing: 1.3175877258181572
  view-data: 3.3819898813962936
