times:
  edit-metadata: 1.463171442039311
  landing: 0.8367156949825585
  view-data: 3.3664027601480484
