times:
  edit-metadata: 1.115847505046986
  landing: 0.060163457063026726
  view-data: 0.24536667589563876
