times:
  edit-metadata: 1.1201760809635743
  landing: 0.049164963071234524
  view-data: 0.2578647000482306
