times:
  edit-metadata: 1.4045843151398003
  landing: 0.9089168510399759
  view-data: 3.370682735927403
