times:
  edit-metadata: 1.5186680741608143
  landing: 0.7629681900143623
  view-data: 3.3405737467110157
