times:
  edit-metadata: 1.4038961231708527
  landing: 0.9560374915599823
  view-data: 3.295538779348135
