times:
  edit-metadata: 1.6272198185324669
  landing: 0.746321415528655
  view-data: 3.342424863949418
