times:
  edit-metadata: 3.019438873976469
  landing: 1.392148233950138
  view-data: 3.794891718775034
