times:
  edit-metadata: 1.1183796492405236
  landing: 0.05025218380615115
  view-data: 0.2667376883327961
