times:
  edit-metadata: 2.6266273371875286
  landing: 1.278657328337431
  view-data: 3.554096218198538
