times:
  edit-metadata: 2.1783588398247957
  landing: 1.1429328378289938
  view-data: 3.5573454052209854
