times:
  edit-metadata: 1.1295424548443407
  landing: 0.05490083293989301
  view-data: 0.25273159705102444
