times:
  edit-metadata: 1.408130924217403
  landing: 0.8346473351120949
  view-data: 3.3524180059321225
