times:
  edit-metadata: 2.949045521207154
  landing: 1.240568689070642
  view-data: 3.6459440095350146
