times:
  edit-metadata: 1.4300837591290474
  landing: 0.8054342158138752
  view-data: 3.405022943392396
