times:
  edit-metadata: 1.2070731990970671
  landing: 0.05475911218672991
  view-data: 0.36748679680749774
