times:
  edit-metadata: 1.404937671031803
  landing: 0.8709582888986915
  view-data: 3.3683260860852897
