times:
  edit-metadata: 1.475932301953435
  landing: 0.9546617111191154
  view-data: 3.400368752889335
