times:
  edit-metadata: 1.508232094347477
  landing: 0.7838624659925699
  view-data: 3.3322817850857973
