times:
  edit-metadata: 1.5498045939020813
  landing: 8.689709491096437
  view-data: 3.332583392970264
