times:
  edit-metadata: 1.8928940892219543
  landing: 1.4517715759575367
  view-data: 3.4224992878735065
