times:
  edit-metadata: 1.0983976181596518
  landing: 0.04512169864028692
  view-data: 0.26304228883236647
