times:
  edit-metadata: 1.4257045984268188
  landing: 1.0017760209739208
  view-data: 3.5975180827081203
