times:
  edit-metadata: 1.0850412159925327
  landing: 0.04943724199256394
  view-data: 0.24573897499067243
