times:
  edit-metadata: 1.5599067881703377
  landing: 0.658668827265501
  view-data: 3.265146091580391
