times:
  edit-metadata: 1.1214510193094611
  landing: 0.050448091235011816
  view-data: 0.2553643905557692
