times:
  edit-metadata: 1.536431547254324
  landing: 0.9020272642374039
  view-data: 3.418469740077853
