times:
  edit-metadata: 3.3242566008120775
  landing: 1.786769600585103
  view-data: 4.068513924255967
