times:
  edit-metadata: 1.5056263459846377
  landing: 1.0165237740147859
  view-data: 3.3131686109118164
