times:
  edit-metadata: 1.5300804655998945
  landing: 0.7920309118926525
  view-data: 3.390822906047106
