times:
  edit-metadata: 1.6478965510614216
  landing: 0.8823472319636494
  view-data: 3.4130145750241354
