times:
  edit-metadata: 1.1102851289324462
  landing: 0.052054441068321466
  view-data: 0.3626606906764209
