times:
  edit-metadata: 1.5576661750674248
  landing: 0.8672062754631042
  view-data: 3.429449675604701
