times:
  edit-metadata: 1.5502646528184414
  landing: 0.885179691016674
  view-data: 3.3690789453685284
