times:
  edit-metadata: 1.5382635351270437
  landing: 0.8833217564970255
  view-data: 3.4249637350440025
