times:
  edit-metadata: 1.4520938135683537
  landing: 0.9159114025533199
  view-data: 3.351469311863184
