times:
  edit-metadata: 1.1455418630503118
  landing: 0.051353958901017904
  view-data: 0.24360039504244924
