times:
  edit-metadata: 1.5266502648591995
  landing: 0.9583830609917641
  view-data: 3.3812206126749516
