times:
  edit-metadata: 1.4624839620664716
  landing: 0.726152703166008
  view-data: 3.2932480731979012
