times:
  edit-metadata: 1.737033499404788
  landing: 1.0153488013893366
  view-data: 3.4265437722206116
