times:
  edit-metadata: 1.483769029378891
  landing: 0.9192763362079859
  view-data: 3.2853963878005743
