times:
  edit-metadata: 2.5598624907433987
  landing: 1.3017877340316772
  view-data: 3.4024983644485474
