times:
  edit-metadata: 1.7218600739724934
  landing: 0.962954493239522
  view-data: 3.3766751447692513
