times:
  edit-metadata: 1.5318911951035261
  landing: 0.9535639453679323
  view-data: 3.3867210559546947
