times:
  edit-metadata: 1.5677231214940548
  landing: 1.0923542082309723
  view-data: 3.4076513200998306
