times:
  edit-metadata: 1.132298515999537
  landing: 0.060234165000110806
  view-data: 0.284352970999862
