times:
  edit-metadata: 1.1388650330045493
  landing: 0.04912949999561533
  view-data: 0.2559245749944239
