times:
  edit-metadata: 1.1048136329918634
  landing: 0.05022653201012872
  view-data: 0.41243104700697586
