times:
  edit-metadata: 1.4317957130260766
  landing: 0.11321130068972707
  view-data: 0.31227616779506207
