times:
  edit-metadata: 1.500063844025135
  landing: 0.771244341507554
  view-data: 3.3659240789711475
