times:
  edit-metadata: 1.4214053489267826
  landing: 0.8669798597693443
  view-data: 3.43393974006176
