times:
  edit-metadata: 1.7529557924717665
  landing: 1.0024279411882162
  view-data: 3.3912784922868013
