times:
  edit-metadata: 1.6385723762214184
  landing: 0.9871217831969261
  view-data: 3.3457429967820644
