times:
  edit-metadata: 1.992515966296196
  landing: 1.323407620191574
  view-data: 3.445554096251726
