times:
  edit-metadata: 1.2829910293221474
  landing: 0.8098429506644607
  view-data: 3.2850393457338214
