times:
  edit-metadata: 1.3274633269757032
  landing: 0.08766648173332214
  view-data: 0.25718696881085634
