times:
  edit-metadata: 1.589571576565504
  landing: 0.8545755185186863
  view-data: 3.4440493248403072
