times:
  edit-metadata: 1.1037225662730634
  landing: 0.050559015944600105
  view-data: 0.2502238270826638
