times:
  edit-metadata: 1.4708117730915546
  landing: 0.9869497716426849
  view-data: 3.340002577751875
