times:
  edit-metadata: 1.477358117699623
  landing: 0.8340221531689167
  view-data: 3.363662574440241
