times:
  edit-metadata: 1.6249358095228672
  landing: 1.0925393290817738
  view-data: 3.337853692471981
