times:
  edit-metadata: 1.3866711468435824
  landing: 0.9722904609516263
  view-data: 3.296497364062816
