times:
  edit-metadata: 1.1948082589078695
  landing: 0.05855919886380434
  view-data: 0.2504294691607356
