times:
  edit-metadata: 1.5086164139211178
  landing: 1.0037930849939585
  view-data: 3.4433528557419777
