times:
  edit-metadata: 1.1313121439889073
  landing: 0.05107795190997422
  view-data: 0.2469065529294312
