times:
  edit-metadata: 1.1337037610355765
  landing: 0.05078687286004424
  view-data: 0.37677825801074505
