times:
  edit-metadata: 1.1103432818781585
  landing: 0.053739690920338035
  view-data: 0.24915197514928877
