times:
  edit-metadata: 1.3021106696687639
  landing: 0.7627384969964623
  view-data: 3.3114647967740893
