times:
  edit-metadata: 1.10979428794235
  landing: 0.057763868011534214
  view-data: 0.25178457517176867
