times:
  edit-metadata: 1.1492915078997612
  landing: 0.04668158292770386
  view-data: 0.23382381815463305
