times:
  edit-metadata: 1.4841301087290049
  landing: 0.7475745435804129
  view-data: 3.3087866976857185
