times:
  edit-metadata: 1.134529275004752
  landing: 0.04595326608978212
  view-data: 0.25366729393135756
