times:
  edit-metadata: 1.1967664539988618
  landing: 0.05983300198568031
  view-data: 0.23932585900183767
