times:
  edit-metadata: 1.8608498685061932
  landing: 1.1620219126343727
  view-data: 3.3718786910176277
