times:
  edit-metadata: 1.6303617879748344
  landing: 0.8976973183453083
  view-data: 3.4332153722643852
