times:
  edit-metadata: 1.132308381027542
  landing: 0.04765632189810276
  view-data: 0.2500409639906138
