times:
  edit-metadata: 1.1272368039935827
  landing: 0.05225548497401178
  view-data: 0.3890752880834043
