times:
  edit-metadata: 1.2168567640474066
  landing: 0.050921212998218834
  view-data: 0.2533014499931596
