times:
  edit-metadata: 1.1240770244039595
  landing: 0.053763090167194605
  view-data: 0.23568178294226527
