times:
  edit-metadata: 1.5272732079029083
  landing: 0.8045072369277477
  view-data: 3.430748103186488
