times:
  edit-metadata: 1.5178541094064713
  landing: 1.046848226338625
  view-data: 3.3851393461227417
