times:
  edit-metadata: 1.5855967178940773
  landing: 0.8280699569731951
  view-data: 3.4412107802927494
