times:
  edit-metadata: 1.1107132381293923
  landing: 0.048899331130087376
  view-data: 0.28915364597924054
