times:
  edit-metadata: 2.0181807912886143
  landing: 1.1028666403144598
  view-data: 3.2991528678685427
