times:
  edit-metadata: 1.6021870858967304
  landing: 0.9827816635370255
  view-data: 3.260471610352397
