times:
  edit-metadata: 1.428836764767766
  landing: 0.7879686113446951
  view-data: 3.327589252963662
