times:
  edit-metadata: 1.5088257156312466
  landing: 0.7957439515739679
  view-data: 3.372242510318756
