times:
  edit-metadata: 1.6682899743318558
  landing: 1.0147426538169384
  view-data: 3.4482832700014114
