times:
  edit-metadata: 1.5803924479987472
  landing: 1.003832170041278
  view-data: 3.446522309910506
