times:
  edit-metadata: 1.5808544866740704
  landing: 0.8773985132575035
  view-data: 3.4005863703787327
