times:
  edit-metadata: 2.4584111189469695
  landing: 1.386404718272388
  view-data: 3.597854475490749
