times:
  edit-metadata: 1.3380006537772715
  landing: 0.070645647123456
  view-data: 0.2764621637761593
