times:
  edit-metadata: 1.4886885546147823
  landing: 0.8137583006173372
  view-data: 3.3234327752143145
