times:
  edit-metadata: 1.415607463568449
  landing: 0.8724376074969769
  view-data: 3.4034039825201035
