times:
  edit-metadata: 1.1370597989298403
  landing: 0.04784940602257848
  view-data: 0.28353025508113205
