times:
  edit-metadata: 1.1123472771141678
  landing: 0.04931715992279351
  view-data: 0.2826938440557569
