times:
  edit-metadata: 1.64277256897185
  landing: 0.9941747080301866
  view-data: 3.3677463630447164
