times:
  edit-metadata: 1.1234973299997364
  landing: 0.04717133600024681
  view-data: 0.24386766299994633
