times:
  edit-metadata: 1.5383420567959547
  landing: 0.8003669064491987
  view-data: 3.3840117044746876
