times:
  edit-metadata: 1.697540832683444
  landing: 1.6371815763413906
  view-data: 3.504791423678398
