times:
  edit-metadata: 2.072611196897924
  landing: 1.7019706713035703
  view-data: 3.333758484572172
