times:
  edit-metadata: 1.4925419362261891
  landing: 0.08046080125495791
  view-data: 0.4034022898413241
