times:
  edit-metadata: 1.4488978749141097
  landing: 0.807056990917772
  view-data: 3.3756562541238964
