times:
  edit-metadata: 1.3782159979455173
  landing: 0.047588412184268236
  view-data: 0.2608225638978183
