times:
  edit-metadata: 1.5365702509880066
  landing: 0.8630381263792515
  view-data: 3.417610364034772
