times:
  edit-metadata: 1.4015646688640118
  landing: 0.8136797063052654
  view-data: 3.4411575477570295
