times:
  edit-metadata: 1.5506632328033447
  landing: 0.8610353730618954
  view-data: 3.437500834465027
