times:
  edit-metadata: 1.1181067200377584
  landing: 0.04948435095138848
  view-data: 0.27035664301365614
