times:
  edit-metadata: 1.4093416007235646
  landing: 0.7190100168809295
  view-data: 3.3093743715435266
