times:
  edit-metadata: 1.531880360096693
  landing: 0.8043778110295534
  view-data: 4.410644099116325
