times:
  edit-metadata: 1.1003633229993284
  landing: 0.04844478299492039
  view-data: 0.37964686899795197
