times:
  edit-metadata: 1.5881211310625076
  landing: 0.9028442986309528
  view-data: 3.3927280604839325
