times:
  edit-metadata: 1.5208560042083263
  landing: 1.1116973385214806
  view-data: 3.3819079995155334
