times:
  edit-metadata: 1.1090285750105977
  landing: 0.045082741999067366
  view-data: 0.25907706597354263
