times:
  edit-metadata: 1.5109471436589956
  landing: 0.9680858701467514
  view-data: 3.428143410012126
