times:
  edit-metadata: 1.6018764078617096
  landing: 0.8562808129936457
  view-data: 3.473595168441534
