times:
  edit-metadata: 1.4022259917110205
  landing: 0.9010645560920238
  view-data: 3.3560580145567656
