times:
  edit-metadata: 1.5059097297489643
  landing: 0.9304647147655487
  view-data: 3.3462952226400375
