times:
  edit-metadata: 1.1458858099067584
  landing: 0.05048405099660158
  view-data: 0.245274469954893
