times:
  edit-metadata: 1.3196150991134346
  landing: 0.04352394491434097
  view-data: 0.23914656043052673
