times:
  edit-metadata: 1.1378626939840615
  landing: 0.04862741194665432
  view-data: 0.2657134410110302
