times:
  edit-metadata: 1.5131095573306084
  landing: 0.9442814104259014
  view-data: 3.384530086070299
