times:
  edit-metadata: 1.3665354819968343
  landing: 0.06253916630521417
  view-data: 0.3655791678465903
