times:
  edit-metadata: 1.4721771199256182
  landing: 1.1382550988346338
  view-data: 3.4316182248294353
