times:
  edit-metadata: 1.1305622451473027
  landing: 0.0500291942153126
  view-data: 0.37363653583452106
