times:
  edit-metadata: 1.4213330500060692
  landing: 0.8740221449406818
  view-data: 3.432712606037967
