times:
  edit-metadata: 1.5194477420300245
  landing: 0.8129501198418438
  view-data: 3.3515178938396275
