times:
  edit-metadata: 2.177884317934513
  landing: 1.028465112671256
  view-data: 3.466842809692025
