times:
  edit-metadata: 1.5358592756092548
  landing: 0.8072840571403503
  view-data: 3.365460429340601
