times:
  edit-metadata: 1.3511572261340916
  landing: 0.7826992480549961
  view-data: 3.293040300020948
