times:
  edit-metadata: 1.461223540827632
  landing: 0.7815600764006376
  view-data: 3.3349647745490074
