times:
  edit-metadata: 1.107277799048461
  landing: 0.04845542798284441
  view-data: 0.24177656101528555
