times:
  edit-metadata: 1.5478329919278622
  landing: 0.973309263586998
  view-data: 3.3871841728687286
