times:
  edit-metadata: 1.1162136440034374
  landing: 0.04313357600040035
  view-data: 0.24498742599826073
