times:
  edit-metadata: 2.1874620839953423
  landing: 1.5881435200572014
  view-data: 3.381505461409688
