times:
  edit-metadata: 2.5601282939314842
  landing: 1.5967924715951085
  view-data: 3.6111568165943027
