times:
  edit-metadata: 1.4299927987158298
  landing: 0.9331167340278625
  view-data: 3.4049058817327023
