times:
  edit-metadata: 1.40928787086159
  landing: 0.7613296629860997
  view-data: 3.317413493990898
