times:
  edit-metadata: 1.449788908008486
  landing: 0.8353368549142033
  view-data: 3.286447350983508
