times:
  edit-metadata: 1.1674643191508949
  landing: 0.055435783229768276
  view-data: 0.24685042118653655
