times:
  edit-metadata: 2.159214465878904
  landing: 2.054642988368869
  view-data: 3.8906586226075888
