times:
  edit-metadata: 2.0166036607697606
  landing: 1.1980977030470967
  view-data: 3.8721836460754275
