times:
  edit-metadata: 1.1148240978363901
  landing: 0.05043447995558381
  view-data: 0.2449147200677544
