times:
  edit-metadata: 1.1453094659373164
  landing: 0.05453440616838634
  view-data: 0.24923241697251797
