times:
  edit-metadata: 1.4675322473049164
  landing: 0.8032998591661453
  view-data: 3.3506957553327084
