times:
  edit-metadata: 1.5209466256201267
  landing: 0.7709343675523996
  view-data: 3.3744663503021
