times:
  edit-metadata: 1.1336804868187755
  landing: 0.05508601199835539
  view-data: 0.24073077109642327
