times:
  edit-metadata: 2.036289523355663
  landing: 1.1201391881331801
  view-data: 3.5037953732535243
