times:
  edit-metadata: 1.551131373271346
  landing: 0.825334208086133
  view-data: 3.3830442056059837
