times:
  edit-metadata: 1.5435158461332321
  landing: 2.8225550539791584
  view-data: 3.406625710427761
