times:
  edit-metadata: 1.6657592989504337
  landing: 1.000243902206421
  view-data: 3.421397726982832
