times:
  edit-metadata: 1.7608032068237662
  landing: 0.962704605422914
  view-data: 3.340154909528792
