times:
  edit-metadata: 1.1111805909313262
  landing: 0.05073258199263364
  view-data: 0.2597610729280859
