times:
  edit-metadata: 1.4178202450275421
  landing: 0.07338971411809325
  view-data: 0.2391607821919024
