times:
  edit-metadata: 1.1336894689593464
  landing: 0.04914045997429639
  view-data: 0.2476121160434559
