times:
  edit-metadata: 1.3903334103524685
  landing: 1.1031454876065254
  view-data: 3.368842449039221
