times:
  edit-metadata: 1.5420700162649155
  landing: 0.8900893218815327
  view-data: 3.397128324955702
