times:
  edit-metadata: 1.4524839399382472
  landing: 0.9200769746676087
  view-data: 3.349073166027665
