times:
  edit-metadata: 1.126872779102996
  landing: 0.04778491915203631
  view-data: 0.2409906149841845
