times:
  edit-metadata: 1.1196725559420884
  landing: 0.04712742392439395
  view-data: 0.25737579504493624
