times:
  edit-metadata: 1.4729963990394026
  landing: 0.881310465047136
  view-data: 3.3729095610324293
