times:
  edit-metadata: 1.6376547366380692
  landing: 0.8790060486644506
  view-data: 3.386666350066662
