times:
  edit-metadata: 1.8763157352805138
  landing: 0.9571827668696642
  view-data: 3.3948704227805138
