times:
  edit-metadata: 2.232966437935829
  landing: 1.5749641209840775
  view-data: 3.418110478669405
