times:
  edit-metadata: 1.4067170689813793
  landing: 0.07791921170428395
  view-data: 0.39113657688722014
