times:
  edit-metadata: 1.1120642679743469
  landing: 0.04274276993237436
  view-data: 0.47645457508042455
