times:
  edit-metadata: 1.4966742172837257
  landing: 1.523696679621935
  view-data: 3.4085314041003585
