times:
  edit-metadata: 1.5111353360116482
  landing: 0.805866664275527
  view-data: 3.4034110717475414
