times:
  edit-metadata: 1.2765124340076
  landing: 0.08326277899323031
  view-data: 0.38785422101500444
