times:
  edit-metadata: 1.6141687855124474
  landing: 0.9828883856534958
  view-data: 3.4332455694675446
