times:
  edit-metadata: 1.4703910239040852
  landing: 1.024762474000454
  view-data: 3.3370547592639923
