times:
  edit-metadata: 1.5102758295834064
  landing: 0.8773509785532951
  view-data: 3.393258009105921
