times:
  edit-metadata: 1.124885967001319
  landing: 0.05217491486109793
  view-data: 0.25857380917295814
