times:
  edit-metadata: 1.7683434556238353
  landing: 0.85156209487468
  view-data: 3.492812279611826
