times:
  edit-metadata: 1.6466156356036663
  landing: 1.0619195513427258
  view-data: 3.296313915401697
