times:
  edit-metadata: 2.8843404315412045
  landing: 1.7235516980290413
  view-data: 3.425864811986685
