times:
  edit-metadata: 1.3771596560254693
  landing: 0.7504089248832315
  view-data: 3.384893676964566
