times:
  edit-metadata: 1.7937064971774817
  landing: 1.039931702427566
  view-data: 3.4417779119685292
