times:
  edit-metadata: 2.2312874384224415
  landing: 1.5495058335363865
  view-data: 3.4539664573967457
