times:
  edit-metadata: 1.1346297939307988
  landing: 0.04937054798938334
  view-data: 0.2535010820720345
