times:
  edit-metadata: 3.085943255573511
  landing: 1.408103246241808
  view-data: 3.644720207899809
