times:
  edit-metadata: 1.6237180810421705
  landing: 0.905662165954709
  view-data: 3.4747328124940395
