times:
  edit-metadata: 1.383872114121914
  landing: 0.8182303828652948
  view-data: 3.3892451501451433
