times:
  edit-metadata: 1.3315285300195683
  landing: 0.07946094399085268
  view-data: 0.3193357120035216
