times:
  edit-metadata: 1.959112560376525
  landing: 1.4984953869134188
  view-data: 3.586763920262456
