times:
  edit-metadata: 1.5232389830052853
  landing: 0.7731248401105404
  view-data: 3.354325320571661
