times:
  edit-metadata: 1.4863598197698593
  landing: 0.8952489532530308
  view-data: 3.4027966912835836
