times:
  edit-metadata: 1.2985532353632152
  landing: 0.09022580087184906
  view-data: 0.29541120398789644
