times:
  edit-metadata: 2.358786568045616
  landing: 1.0750472657382488
  view-data: 3.5420459844172
