times:
  edit-metadata: 1.107926252996549
  landing: 0.04852083703735843
  view-data: 0.25851257803151384
