times:
  edit-metadata: 1.586734339594841
  landing: 1.1027311831712723
  view-data: 3.4376115761697292
