times:
  edit-metadata: 3.3001980539411306
  landing: 1.3231433480978012
  view-data: 3.407667161896825
