times:
  edit-metadata: 1.587424460798502
  landing: 1.0230090841650963
  view-data: 3.352275412529707
