times:
  edit-metadata: 2.3641131818294525
  landing: 1.6420407444238663
  view-data: 3.378270525485277
