times:
  edit-metadata: 2.1733668483793736
  landing: 1.2417681068181992
  view-data: 3.5628462955355644
