times:
  edit-metadata: 1.3366217841394246
  landing: 0.04867637064307928
  view-data: 0.2572710672393441
