times:
  edit-metadata: 1.5753983296453953
  landing: 0.8928401842713356
  view-data: 3.3807798698544502
