times:
  edit-metadata: 1.4762205518782139
  landing: 0.9229701049625874
  view-data: 3.315933670848608
