times:
  edit-metadata: 1.3266611695289612
  landing: 0.7936921045184135
  view-data: 3.2683892026543617
