times:
  edit-metadata: 1.4932163767516613
  landing: 0.9396036267280579
  view-data: 3.392393361777067
