times:
  edit-metadata: 1.1389505749102682
  landing: 0.052786085987463593
  view-data: 0.26011425093747675
