times:
  edit-metadata: 1.5246778447180986
  landing: 0.7613829113543034
  view-data: 3.3735335003584623
