times:
  edit-metadata: 1.5077643282711506
  landing: 0.8517091274261475
  view-data: 3.4400515481829643
