times:
  edit-metadata: 1.5037425169721246
  landing: 0.9031119188293815
  view-data: 3.4018906531855464
