times:
  edit-metadata: 1.527433728799224
  landing: 0.7958973534405231
  view-data: 3.388837993144989
