times:
  edit-metadata: 1.6464372240006924
  landing: 1.0747662894427776
  view-data: 3.5064685232937336
