times:
  edit-metadata: 1.3888915600255132
  landing: 0.7806391390040517
  view-data: 3.3452232386916876
