times:
  edit-metadata: 1.4283732026815414
  landing: 0.7727323397994041
  view-data: 3.312658879905939
