times:
  edit-metadata: 1.1294744180049747
  landing: 0.06214325502514839
  view-data: 0.25603282602969557
