times:
  edit-metadata: 1.3872434543445706
  landing: 0.9271622030064464
  view-data: 3.35844153072685
