times:
  edit-metadata: 1.3728103740140796
  landing: 0.9508186099119484
  view-data: 3.401093557011336
