times:
  edit-metadata: 1.729776656255126
  landing: 0.9498083665966988
  view-data: 3.486541137099266
