times:
  edit-metadata: 1.1262229740386829
  landing: 0.04803333303425461
  view-data: 0.2717549229855649
