times:
  edit-metadata: 1.3420138331130147
  landing: 0.04655945394188166
  view-data: 0.2392539349384606
