times:
  edit-metadata: 1.4290510611608624
  landing: 0.9318059841170907
  view-data: 3.387841864489019
