times:
  edit-metadata: 1.4118022667244077
  landing: 0.9222017424181104
  view-data: 3.40092577598989
