times:
  edit-metadata: 1.568025391548872
  landing: 0.9914848506450653
  view-data: 3.3801014870405197
