times:
  edit-metadata: 1.6261218301951885
  landing: 0.9664016366004944
  view-data: 3.3192447163164616
