times:
  edit-metadata: 1.5176650620996952
  landing: 0.9893167726695538
  view-data: 3.4120518639683723
