times:
  edit-metadata: 1.5124600138515234
  landing: 1.003746634349227
  view-data: 3.3852754831314087
