times:
  edit-metadata: 1.5470284447073936
  landing: 1.0026754438877106
  view-data: 3.4423431493341923
