times:
  edit-metadata: 1.1266191320028156
  landing: 0.04621544200927019
  view-data: 0.2778482099529356
