times:
  edit-metadata: 1.354622361017391
  landing: 0.0629009110853076
  view-data: 0.38868515903595835
