times:
  edit-metadata: 2.595357498154044
  landing: 1.75446049682796
  view-data: 3.984049616381526
