times:
  edit-metadata: 1.4597847517579794
  landing: 0.7819999931380153
  view-data: 3.397772358264774
