times:
  edit-metadata: 1.6935976408421993
  landing: 1.1208417229354382
  view-data: 3.3764250837266445
