times:
  edit-metadata: 1.4609327092766762
  landing: 0.9505922831594944
  view-data: 3.302997410297394
