times:
  edit-metadata: 1.5224308092147112
  landing: 0.8279538508504629
  view-data: 3.358757523819804
