times:
  edit-metadata: 1.562893994152546
  landing: 0.9992673955857754
  view-data: 3.451505769044161
