times:
  edit-metadata: 1.644500084919855
  landing: 0.914347467944026
  view-data: 3.3259039260447025
