times:
  edit-metadata: 1.4851993639022112
  landing: 1.7588201509788632
  view-data: 3.7718871168326586
