times:
  edit-metadata: 1.4593556076288223
  landing: 20.920907931402326
  view-data: 3.3447563480585814
