times:
  edit-metadata: 1.5170935010537505
  landing: 1.0756464269943535
  view-data: 3.2511904761195183
