times:
  edit-metadata: 2.6627998873591423
  landing: 1.157097216695547
  view-data: 3.698907732963562
