times:
  edit-metadata: 1.6427894346415997
  landing: 1.0326034612953663
  view-data: 3.3934095948934555
