times:
  edit-metadata: 3.410139162093401
  landing: 2.9955137744545937
  view-data: 4.015981554985046
