times:
  edit-metadata: 3.249925136566162
  landing: 1.8169415090233088
  view-data: 3.4355814419686794
