times:
  edit-metadata: 1.5497137941420078
  landing: 0.8909276872873306
  view-data: 3.3823191560804844
