times:
  edit-metadata: 1.5490922220051289
  landing: 0.9769134782254696
  view-data: 3.3997830860316753
