times:
  edit-metadata: 1.6535338684916496
  landing: 0.9762095212936401
  view-data: 3.3808282539248466
