times:
  edit-metadata: 1.1060146140516736
  landing: 0.052279122988693416
  view-data: 0.2595593580044806
