times:
  edit-metadata: 1.6383600197732449
  landing: 1.0631482228636742
  view-data: 3.3379372656345367
