times:
  edit-metadata: 2.3300153426826
  landing: 1.138302806764841
  view-data: 3.3545164950191975
