times:
  edit-metadata: 1.5782149694859982
  landing: 1.0891393348574638
  view-data: 3.363550692796707
