times:
  edit-metadata: 1.5347702726721764
  landing: 0.9408063367009163
  view-data: 3.354446828365326
