times:
  edit-metadata: 1.6515009924769402
  landing: 0.8099407088011503
  view-data: 3.291135348379612
