times:
  edit-metadata: 1.4149051930289716
  landing: 0.9396414030343294
  view-data: 3.4047170209232718
