times:
  edit-metadata: 1.4496326074004173
  landing: 1.0106167122721672
  view-data: 3.319144155830145
