times:
  edit-metadata: 1.686125347390771
  landing: 0.9336773119866848
  view-data: 3.481660505756736
