times:
  edit-metadata: 1.1349785139318556
  landing: 0.05014815996401012
  view-data: 0.26579730003140867
