times:
  edit-metadata: 1.3589799050241709
  landing: 0.8172756468411535
  view-data: 3.2587943670805544
