times:
  edit-metadata: 1.112480693962425
  landing: 0.05289726285263896
  view-data: 0.3810351511929184
