times:
  edit-metadata: 1.1261702813208103
  landing: 0.04646312911063433
  view-data: 0.27614168683066964
