times:
  edit-metadata: 1.4295134600251913
  landing: 0.856867085210979
  view-data: 3.346260688267648
