times:
  edit-metadata: 1.5504432506859303
  landing: 0.7769890166819096
  view-data: 3.3895724676549435
