times:
  edit-metadata: 1.564175307750702
  landing: 0.8256669845432043
  view-data: 3.3190643526613712
