times:
  edit-metadata: 1.5257074497640133
  landing: 0.8180753793567419
  view-data: 3.4170882385224104
