times:
  edit-metadata: 1.528731700964272
  landing: 0.8242459630127996
  view-data: 3.4034978619311005
