times:
  edit-metadata: 1.5144118536263704
  landing: 0.7950944881886244
  view-data: 3.6534446328878403
