times:
  edit-metadata: 1.1135736901778728
  landing: 0.04738804092630744
  view-data: 0.2505793150048703
