times:
  edit-metadata: 1.5797395859844983
  landing: 0.09603672521188855
  view-data: 0.2381220911629498
