times:
  edit-metadata: 1.8210387844592333
  landing: 1.0578449703752995
  view-data: 3.3706753253936768
