times:
  edit-metadata: 1.4733158200979233
  landing: 0.8011120799928904
  view-data: 3.379020009189844
