times:
  edit-metadata: 1.4480873129796237
  landing: 0.9659166820347309
  view-data: 3.3595386339584365
