times:
  edit-metadata: 1.5243753679096699
  landing: 0.8251005038619041
  view-data: 3.3912382796406746
