times:
  edit-metadata: 1.5482412036508322
  landing: 0.9416675455868244
  view-data: 3.5047319047152996
