times:
  edit-metadata: 1.4836654029786587
  landing: 1.1406371854245663
  view-data: 3.3482458665966988
