times:
  edit-metadata: 1.4490897823125124
  landing: 0.054387854877859354
  view-data: 0.36644355906173587
