times:
  edit-metadata: 1.579798934981227
  landing: 0.9925421327352524
  view-data: 3.4931212216615677
