times:
  edit-metadata: 1.4148256136104465
  landing: 1.0961114643141627
  view-data: 3.3632155284285545
