times:
  edit-metadata: 1.5512985717505217
  landing: 0.8309776540845633
  view-data: 3.3813325315713882
