times:
  edit-metadata: 1.1275129670393653
  landing: 0.05082211800618097
  view-data: 0.26876545703271404
