times:
  edit-metadata: 1.377874230965972
  landing: 0.9662400037050247
  view-data: 3.4304417483508587
