times:
  edit-metadata: 1.5295687848702073
  landing: 0.9284056001342833
  view-data: 3.4016956673003733
