times:
  edit-metadata: 1.4759671241044998
  landing: 1.0798465609550476
  view-data: 3.4036848805844784
