times:
  edit-metadata: 2.6644578594714403
  landing: 1.7314169565215707
  view-data: 3.7159163942560554
