times:
  edit-metadata: 1.1211555500049144
  landing: 0.04878903104690835
  view-data: 0.24665570602519438
