times:
  edit-metadata: 1.1178539430256933
  landing: 0.05014730500988662
  view-data: 0.3761746260570362
