times:
  edit-metadata: 1.4442947711795568
  landing: 0.8225916856899858
  view-data: 3.3187338579446077
