times:
  edit-metadata: 1.3802483240142465
  landing: 0.8919919980689883
  view-data: 3.397612345404923
