times:
  edit-metadata: 1.1137474747374654
  landing: 0.05010840808972716
  view-data: 0.30178077379241586
