times:
  edit-metadata: 1.5020208768546581
  landing: 1.0526651237159967
  view-data: 3.4484956357628107
