times:
  edit-metadata: 1.5063135046511889
  landing: 0.8483948726207018
  view-data: 3.4153999611735344
