times:
  edit-metadata: 1.4761396422982216
  landing: 1.0432278141379356
  view-data: 3.361072961241007
