times:
  edit-metadata: 1.1049485942348838
  landing: 0.04863450676202774
  view-data: 0.2925071963109076
