times:
  edit-metadata: 1.547749862074852
  landing: 0.865804597735405
  view-data: 3.328852381557226
