times:
  edit-metadata: 1.1313450643792748
  landing: 0.04511964973062277
  view-data: 0.2537953448481858
