times:
  edit-metadata: 1.5272642150521278
  landing: 0.9203865937888622
  view-data: 3.6322754994034767
