times:
  edit-metadata: 1.4092084662988782
  landing: 0.7882093349471688
  view-data: 3.4239642610773444
