times:
  edit-metadata: 1.8303245976567268
  landing: 1.0438719112426043
  view-data: 3.5041169999167323
