times:
  edit-metadata: 1.7361208498477936
  landing: 1.1664345785975456
  view-data: 3.336458131670952
