times:
  edit-metadata: 1.1215769718401134
  landing: 0.05797889409586787
  view-data: 0.2408521748147905
