times:
  edit-metadata: 1.7666711173951626
  landing: 0.9569152146577835
  view-data: 3.4373170528560877
