times:
  edit-metadata: 1.4623721269890666
  landing: 0.8868298456072807
  view-data: 3.3960774121806026
