times:
  edit-metadata: 1.4787536039948463
  landing: 0.9564165621995926
  view-data: 3.349787410348654
