times:
  edit-metadata: 1.6385526927188039
  landing: 5.034839348867536
  view-data: 3.2820954164490104
