times:
  edit-metadata: 1.478369863703847
  landing: 0.7375480160117149
  view-data: 3.317641431465745
