times:
  edit-metadata: 1.2575138621032238
  landing: 0.7897361135110259
  view-data: 3.4023001147434115
