times:
  edit-metadata: 1.6255991570651531
  landing: 0.8455954045057297
  view-data: 3.374204896390438
