times:
  edit-metadata: 1.1859380938112736
  landing: 0.05732965003699064
  view-data: 0.25038278801366687
