times:
  edit-metadata: 1.6659018469999864
  landing: 0.07039703100053885
  view-data: 0.4346593099999154
