times:
  edit-metadata: 1.5424226112663746
  landing: 0.8308302611112595
  view-data: 3.40768900513649
