times:
  edit-metadata: 1.5392236392945051
  landing: 0.8330300040543079
  view-data: 3.436175214126706
