times:
  edit-metadata: 1.5891171284019947
  landing: 0.9057880342006683
  view-data: 3.3830974474549294
