times:
  edit-metadata: 1.3262964310124516
  landing: 0.05291113071143627
  view-data: 0.37878933688625693
