times:
  edit-metadata: 1.1321598070207983
  landing: 0.04738746490329504
  view-data: 0.25596069102175534
