times:
  edit-metadata: 1.642685528844595
  landing: 0.8430899530649185
  view-data: 3.4315674621611834
