times:
  edit-metadata: 1.8225179985165596
  landing: 1.4946340434253216
  view-data: 3.3865956999361515
