times:
  edit-metadata: 1.480217695236206
  landing: 0.8229451924562454
  view-data: 3.352409176528454
