times:
  edit-metadata: 1.4879137892276049
  landing: 0.8193928236141801
  view-data: 3.390618370845914
