times:
  edit-metadata: 1.5755087230354548
  landing: 0.7754829749464989
  view-data: 3.333244528621435
