times:
  edit-metadata: 1.5548888836055994
  landing: 0.9740613326430321
  view-data: 3.4436131473630667
