times:
  edit-metadata: 1.1306554921902716
  landing: 0.05410042009316385
  view-data: 0.25558285205625
