times:
  edit-metadata: 1.3349778470001183
  landing: 0.20690204401034862
  view-data: 0.23569104500347748
