times:
  edit-metadata: 1.5401030145585537
  landing: 0.9014579430222511
  view-data: 3.4134068470448256
