times:
  edit-metadata: 1.4370682910084724
  landing: 0.8530143201351166
  view-data: 3.41709628328681
