times:
  edit-metadata: 1.531443316489458
  landing: 0.7980772517621517
  view-data: 3.4016903955489397
