times:
  edit-metadata: 1.2829547739820555
  landing: 0.04579603800084442
  view-data: 0.24741565098520368
