times:
  edit-metadata: 1.117615727998782
  landing: 0.05158296099398285
  view-data: 0.23946860601427034
