times:
  edit-metadata: 1.457534132990986
  landing: 0.9658679119311273
  view-data: 3.3158446829766035
