times:
  edit-metadata: 2.1615439914166927
  landing: 1.4957533366978168
  view-data: 3.3783338144421577
