times:
  edit-metadata: 1.2803431805223227
  landing: 1.108186585828662
  view-data: 3.4105153307318687
