times:
  edit-metadata: 1.1313596859108657
  landing: 0.048926027957350016
  view-data: 0.2464192418847233
