times:
  edit-metadata: 0.5868634767830372
  landing: 0.04457123577594757
  view-data: 0.8617638992145658
