times:
  edit-metadata: 0.953877916559577
  landing: 1.290268026292324
  view-data: 1.2980282437056303
