times:
  landing: 0.5448022400000241
  view-data: 0.5482544800000255
