times:
  edit-metadata: 1.6404744805768132
  landing: 0.023838473483920097
  view-data: 0.09952526539564133
