times:
  edit-metadata: 0.8507238812744617
  landing: 0.04762467369437218
  view-data: 0.5046105682849884
