times:
  edit-metadata: 1.7137069096788764
  landing: 0.0215615127235651
  view-data: 0.027947882190346718
