times:
  edit-metadata: 2.7173594220075756
  landing: 1.5523968820925802
  view-data: 2.07368243788369
