times:
  edit-metadata: 1.592987553216517
  landing: 0.11562031973153353
  view-data: 0.12168674077838659
