times:
  edit-metadata: 1.7456775046885014
  landing: 0.02083355188369751
  view-data: 0.02682127244770527
