times:
  edit-metadata: 0.9758534030406736
  landing: 0.05034828599309549
  view-data: 0.5809028309886344
