times:
  edit-metadata: 2.9390335781499743
  landing: 1.7180660255253315
  view-data: 2.3039584634825587
