times:
  edit-metadata: 0.52648418903118
  landing: 0.05066016799537465
  view-data: 2.0509417389985174
