times:
  edit-metadata: 1.8844444630667567
  landing: 1.708435201086104
  view-data: 2.4932910380885005
