times:
  edit-metadata: 1.0216267929645255
  landing: 0.05353998101782054
  view-data: 0.5635250100167468
