times:
  edit-metadata: 0.6404088390991092
  landing: 0.04304642602801323
  view-data: 0.8598428419791162
