times:
  edit-metadata: 1.6781810307875276
  landing: 0.2256239289417863
  view-data: 0.0225486122071743
