times:
  edit-metadata: 2.043051860295236
  landing: 0.12746742274612188
  view-data: 0.02485166024416685
