times:
  landing: 0.5549718519999942
  view-data: 0.5680234920000089
