times:
  edit-metadata: 0.8725226577371359
  landing: 1.6145356576889753
  view-data: 1.8542875703424215
