times:
  edit-metadata: 0.5905779637396336
  landing: 0.040781084448099136
  view-data: 1.7165796239860356
