times:
  edit-metadata: 1.5786538161337376
  landing: 0.15034846775233746
  view-data: 2.897199384868145
