times:
  edit-metadata: 1.9658345561474562
  landing: 1.3317553661763668
  view-data: 2.122986065223813
