times:
  edit-metadata: 1.9989302195608616
  landing: 1.4518596902489662
  view-data: 1.1477134078741074
