times:
  edit-metadata: 0.6187358219176531
  landing: 0.04164570802822709
  view-data: 2.0439997408539057
