times:
  edit-metadata: 1.6837116219103336
  landing: 0.18607702665030956
  view-data: 0.02490965835750103
