times:
  edit-metadata: 1.064608777873218
  landing: 0.038600796833634377
  view-data: 0.8553691804409027
