times:
  edit-metadata: 2.201535881496966
  landing: 1.999794451519847
  view-data: 1.825293186120689
