times:
  edit-metadata: 2.1353040989488363
  landing: 1.3381544593721628
  view-data: 2.011880721896887
