times:
  landing: 0.5502047059999882
  view-data: 0.565357610000035
