times:
  edit-metadata: 0.5536980530014262
  landing: 0.0484963150229305
  view-data: 1.612216713023372
