times:
  edit-metadata: 1.625445082783699
  landing: 0.0191162321716547
  view-data: 0.023220106959342957
