times:
  edit-metadata: 2.1320576071739197
  landing: 1.3152480237185955
  view-data: 3.4304223246872425
