times:
  edit-metadata: 0.5310675071086735
  landing: 0.0484393029473722
  view-data: 2.7713479090016335
