times:
  edit-metadata: 0.5546813240507618
  landing: 0.04139773501083255
  view-data: 2.5275686220265925
