times:
  edit-metadata: 1.8905090559273958
  landing: 1.6692274659872055
  view-data: 3.4502390390262008
