times:
  edit-metadata: 1.6227443190291524
  landing: 0.023736413568258286
  view-data: 0.029452857561409473
