times:
  edit-metadata: 1.9024014174938202
  landing: 1.4054960682988167
  view-data: 3.378586906939745
