times:
  edit-metadata: 2.031868933700025
  landing: 1.6030519781634212
  view-data: 2.1053840797394514
