times:
  edit-metadata: 2.0924806920811534
  landing: 1.587049700319767
  view-data: 3.4020396256819367
