times:
  edit-metadata: 2.2205608263611794
  landing: 1.381101168692112
  view-data: 2.271505068987608
