times:
  edit-metadata: 0.958526429021731
  landing: 0.05238360702060163
  view-data: 0.6245470771100372
