times:
  edit-metadata: 2.5302751020062715
  landing: 1.5216445729602128
  view-data: 2.265796910971403
