times:
  edit-metadata: 0.8386008180677891
  landing: 1.0404761042445898
  view-data: 0.7290671095252037
