times:
  edit-metadata: 1.6801533466205
  landing: 0.17590655200183392
  view-data: 0.09893092885613441
