times:
  edit-metadata: 0.9989830090198666
  landing: 0.04499979002866894
  view-data: 0.5504963769344613
