times:
  edit-metadata: 1.0147443749010563
  landing: 0.5879012569785118
  view-data: 0.6559238191694021
