times:
  landing: 0.5553610309999613
  view-data: 0.5532951179999941
