times:
  edit-metadata: 0.5104193571023643
  landing: 0.08553294092416763
  view-data: 1.473459088243544
