times:
  edit-metadata: 0.5869173053652048
  landing: 0.04323650151491165
  view-data: 1.8583811866119504
