times:
  edit-metadata: 1.7066656472161412
  landing: 0.02059943601489067
  view-data: 0.09957678057253361
