times:
  edit-metadata: 0.6236251178197563
  landing: 0.04228248680010438
  view-data: 1.607453390955925
