times:
  edit-metadata: 2.01369103603065
  landing: 1.5115186516195536
  view-data: 2.007591838017106
