times:
  edit-metadata: 1.6850107740610838
  landing: 0.1181560242548585
  view-data: 0.12383904866874218
