times:
  edit-metadata: 0.5945717697031796
  landing: 0.04947944963350892
  view-data: 0.8550804671831429
