times:
  edit-metadata: 2.66453673876822
  landing: 1.7351451609283686
  view-data: 2.3883620388805866
