times:
  edit-metadata: 0.6413007071241736
  landing: 0.05567883234471083
  view-data: 2.292110228911042
