times:
  edit-metadata: 0.9369645090773702
  landing: 0.04819580912590027
  view-data: 0.5802756869234145
