times:
  edit-metadata: 0.5761712230741978
  landing: 0.04580431338399649
  view-data: 1.6489753583446145
