times:
  edit-metadata: 2.7950202580541372
  landing: 2.2945154504850507
  view-data: 1.7931476393714547
