times:
  edit-metadata: 0.8475090162828565
  landing: 0.05999606102705002
  view-data: 2.4487623162567616
