times:
  edit-metadata: 0.857608538120985
  landing: 0.04239625856280327
  view-data: 0.5497057922184467
