times:
  edit-metadata: 0.6297780708409846
  landing: 0.0514731090515852
  view-data: 0.8607042296789587
