times:
  edit-metadata: 1.069797030009795
  landing: 0.04496487998403609
  view-data: 0.6031176399555989
