times:
  landing: 0.5413193010000441
  view-data: 0.5761040770000818
