times:
  edit-metadata: 1.9757997281849384
  landing: 1.5226375050842762
  view-data: 3.3636635802686214
