times:
  edit-metadata: 1.9960741978138685
  landing: 1.448927955236286
  view-data: 2.3625494609586895
