times:
  edit-metadata: 2.316390950232744
  landing: 1.4473491422832012
  view-data: 3.3384073488414288
