times:
  edit-metadata: 2.0413810797035694
  landing: 1.3363245874643326
  view-data: 1.2505247555673122
