times:
  edit-metadata: 0.843537837266922
  landing: 1.8781581092625856
  view-data: 1.2558015007525682
