times:
  landing: 0.5694586110000159
  view-data: 0.5844433989999516
