times:
  edit-metadata: 1.6966097578406334
  landing: 0.021134556271135807
  view-data: 0.09886512719094753
