times:
  edit-metadata: 0.8787035783752799
  landing: 0.08087849617004395
  view-data: 1.0483741140924394
