times:
  edit-metadata: 1.7928224466741085
  landing: 0.13588321395218372
  view-data: 1.9575843680649996
