times:
  edit-metadata: 0.5848202388733625
  landing: 0.05030829692259431
  view-data: 0.9688471630215645
