times:
  edit-metadata: 0.9693076857365668
  landing: 0.06151495734229684
  view-data: 0.8491948181763291
