times:
  edit-metadata: 0.6323810433968902
  landing: 0.0506218783557415
  view-data: 1.6701270155608654
