times:
  edit-metadata: 0.8965312419459224
  landing: 0.054413578007370234
  view-data: 0.5510582339484245
