times:
  edit-metadata: 0.9848874510498717
  landing: 0.05720202100928873
  view-data: 0.5202977929729968
