times:
  landing: 0.5524385769999753
  view-data: 0.5591248540000606
