times:
  edit-metadata: 0.8897287286818027
  landing: 0.049817685037851334
  view-data: 0.4787861257791519
