times:
  landing: 0.5503990909999743
  view-data: 0.5576296999999499
