times:
  edit-metadata: 1.6212096326053143
  landing: 0.022191024385392666
  view-data: 0.024626338854432106
