times:
  landing: 0.5431258849999949
  view-data: 0.6658403700000122
