times:
  edit-metadata: 1.9924041777849197
  landing: 1.4208441004157066
  view-data: 3.3342998437583447
