times:
  edit-metadata: 1.6657558716833591
  landing: 0.12059782072901726
  view-data: 2.3678380232304335
