times:
  edit-metadata: 0.9635515339905396
  landing: 0.0450026880716905
  view-data: 0.657653084024787
