times:
  edit-metadata: 0.5684777029673569
  landing: 0.048464538995176554
  view-data: 1.657876732002478
