times:
  edit-metadata: 2.010975329205394
  landing: 1.2401581965386868
  view-data: 1.9016580153256655
