times:
  edit-metadata: 0.8754372596740723
  landing: 0.8975212760269642
  view-data: 0.9134077951312065
