times:
  edit-metadata: 2.846968736499548
  landing: 1.9725712798535824
  view-data: 3.6784167736768723
