times:
  edit-metadata: 2.5488166082650423
  landing: 1.7410701513290405
  view-data: 1.9644323997199535
