times:
  edit-metadata: 1.8847709260880947
  landing: 0.02070340607315302
  view-data: 0.025728722102940083
