times:
  edit-metadata: 0.5296991269569844
  landing: 0.05076533788815141
  view-data: 1.4490575259551406
