times:
  edit-metadata: 0.5341838080203161
  landing: 0.06246388901490718
  view-data: 1.835780999972485
