times:
  edit-metadata: 1.6688756495714188
  landing: 0.01999517437070608
  view-data: 0.09997562412172556
