times:
  landing: 1.589056013000004
  view-data: 1.0662086510000108
