times:
  edit-metadata: 1.7885400000959635
  landing: 0.29532578960061073
  view-data: 0.4050705563277006
