times:
  edit-metadata: 2.1137677282094955
  landing: 2.2980514634400606
  view-data: 2.391940651461482
