times:
  landing: 1.076687910999965
  view-data: 0.561207885999977
