times:
  edit-metadata: 0.991953560966067
  landing: 0.06824104103725404
  view-data: 0.610427028965205
