times:
  landing: 0.5475888270000269
  view-data: 0.5579911279999692
