times:
  edit-metadata: 0.6194786978885531
  landing: 0.04398588230833411
  view-data: 1.7227219510823488
