times:
  edit-metadata: 1.553547352552414
  landing: 1.4869076795876026
  view-data: 3.4094265811145306
