times:
  edit-metadata: 0.9495018068701029
  landing: 0.03951160586439073
  view-data: 0.4988955860026181
