times:
  edit-metadata: 1.6371573777869344
  landing: 0.18411314953118563
  view-data: 0.14931147638708353
