times:
  edit-metadata: 0.978142854059115
  landing: 0.054850258165970445
  view-data: 0.5461406661197543
