times:
  landing: 0.5578525140000181
  view-data: 0.05741065500001241
