times:
  edit-metadata: 0.6025363090448081
  landing: 0.042431901674717665
  view-data: 1.0828936998732388
