times:
  edit-metadata: 0.8968434429261833
  landing: 0.05128793721087277
  view-data: 0.6102814821060747
