times:
  edit-metadata: 0.9507265761494637
  landing: 0.04915513005107641
  view-data: 0.8685452383942902
