times:
  edit-metadata: 1.9103807844221592
  landing: 0.5006535612046719
  view-data: 2.0775717236101627
