times:
  edit-metadata: 0.9630325026810169
  landing: 0.05052242800593376
  view-data: 0.6741620432585478
