times:
  edit-metadata: 1.6550844721496105
  landing: 0.2198744509369135
  view-data: 0.02410665899515152
