times:
  edit-metadata: 0.9069475539727136
  landing: 0.04143338603898883
  view-data: 0.510758918011561
