times:
  edit-metadata: 1.9075882099568844
  landing: 1.5213677324354649
  view-data: 3.4004095271229744
