times:
  edit-metadata: 2.219756592065096
  landing: 0.2835172638297081
  view-data: 2.003440586850047
