times:
  landing: 1.1321920830000067
  view-data: 0.5562772000000109
