times:
  edit-metadata: 2.1891325898468494
  landing: 1.3947107046842575
  view-data: 3.3969365917146206
