times:
  edit-metadata: 0.5821172399446368
  landing: 0.0468916529789567
  view-data: 0.8832521201111376
