times:
  edit-metadata: 1.6203280054032803
  landing: 0.02278658002614975
  view-data: 0.12061424739658833
