times:
  edit-metadata: 2.6158182714134455
  landing: 1.9487334936857224
  view-data: 1.8901718463748693
