times:
  edit-metadata: 1.699117699638009
  landing: 0.020467844791710377
  view-data: 2.4403285421431065
