times:
  landing: 1.0757297389999962
  view-data: 0.5596020369999906
