times:
  edit-metadata: 0.6336441431194544
  landing: 0.051611858420073986
  view-data: 1.694522239267826
