times:
  edit-metadata: 0.6336399649953819
  landing: 0.07777218000410357
  view-data: 1.7904706640038057
