times:
  edit-metadata: 0.9301222711801529
  landing: 0.052094776183366776
  view-data: 0.5969397090375423
