times:
  edit-metadata: 2.3056329619139433
  landing: 1.5627898275852203
  view-data: 1.6785412840545177
