times:
  edit-metadata: 1.9273681603372097
  landing: 1.3881137743592262
  view-data: 1.7684320583939552
