times:
  edit-metadata: 0.9312508082948625
  landing: 0.04850004194304347
  view-data: 0.8727780426852405
