times:
  edit-metadata: 0.929445075802505
  landing: 0.056514260824769735
  view-data: 0.8343619732186198
