times:
  edit-metadata: 1.5817060600966215
  landing: 0.022388226352632046
  view-data: 0.02633769065141678
