times:
  edit-metadata: 1.467585559003055
  landing: 0.05548560502938926
  view-data: 1.144523261114955
