times:
  edit-metadata: 0.8506188094615936
  landing: 1.0915108937770128
  view-data: 2.2963597793132067
