times:
  landing: 1.0597694379999893
  view-data: 0.5500150970000277
