times:
  edit-metadata: 1.0379367109853774
  landing: 0.046721912920475006
  view-data: 0.7098088858183473
