times:
  edit-metadata: 0.6140757570974529
  landing: 0.043021399062126875
  view-data: 0.8561878632754087
