times:
  edit-metadata: 1.8458519391715527
  landing: 0.11154341325163841
  view-data: 2.2055208114907146
