times:
  edit-metadata: 1.6594196874648333
  landing: 0.023433216847479343
  view-data: 0.02343538124114275
