times:
  edit-metadata: 1.6584521736949682
  landing: 0.01880846917629242
  view-data: 0.024644121527671814
