times:
  edit-metadata: 2.1655877949669957
  landing: 1.60315084294416
  view-data: 2.3346054011490196
