times:
  edit-metadata: 1.9657733803614974
  landing: 0.020793598145246506
  view-data: 0.03200378827750683
