times:
  edit-metadata: 0.8846678920090199
  landing: 0.0560111403465271
  view-data: 0.5123364143073559
