times:
  edit-metadata: 0.5795235391706228
  landing: 0.041555732022970915
  view-data: 0.8704409888014197
