times:
  edit-metadata: 0.8166188150644302
  landing: 0.8281896840780973
  view-data: 0.8633416835218668
