times:
  edit-metadata: 0.8358755558729172
  landing: 0.04013490304350853
  view-data: 1.0779982060194016
