times:
  edit-metadata: 2.058514580130577
  landing: 1.3353426828980446
  view-data: 2.4070732835680246
