times:
  edit-metadata: 0.9100915640592575
  landing: 0.5999299138784409
  view-data: 0.8004959765821695
