times:
  edit-metadata: 1.2448783550062217
  landing: 0.07169647002592683
  view-data: 0.5805666069500148
