times:
  landing: 1.0777653419999638
  view-data: 0.5564569019999794
