times:
  landing: 0.5632211299999881
  view-data: 0.5661010269999451
