times:
  edit-metadata: 2.0941624604165554
  landing: 1.4691686481237411
  view-data: 3.4400983825325966
