times:
  edit-metadata: 1.9478074237704277
  landing: 1.2986108362674713
  view-data: 2.066066252067685
