times:
  edit-metadata: 2.0328142680227757
  landing: 1.424362774938345
  view-data: 1.9965648353099823
