times:
  edit-metadata: 0.6197674600407481
  landing: 0.056537840981036425
  view-data: 0.8673575269058347
