times:
  edit-metadata: 0.9739053491503
  landing: 0.7777151670306921
  view-data: 0.9068357199430466
