times:
  edit-metadata: 0.9410295949783176
  landing: 0.04620762704871595
  view-data: 0.5965907019563019
