times:
  edit-metadata: 1.7030411176383495
  landing: 0.12686628103256226
  view-data: 1.7961652558296919
