times:
  edit-metadata: 0.9327974560146686
  landing: 0.04911048599751666
  view-data: 0.5928036559780594
