times:
  edit-metadata: 0.6133253951556981
  landing: 0.04756101593375206
  view-data: 0.8425586046651006
