times:
  edit-metadata: 1.8244290808215737
  landing: 0.152550064958632
  view-data: 0.11875507142394781
