times:
  edit-metadata: 1.6897253580391407
  landing: 1.323774453252554
  view-data: 3.462138060480356
