times:
  edit-metadata: 1.1027514524757862
  landing: 0.04706048220396042
  view-data: 0.5549869537353516
