times:
  edit-metadata: 1.001439917832613
  landing: 0.6206086203455925
  view-data: 0.7063814904540777
