times:
  landing: 0.5615559370000369
  view-data: 0.5610652309999864
