times:
  edit-metadata: 2.0109650064259768
  landing: 1.3162649925798178
  view-data: 1.9513128586113453
