times:
  edit-metadata: 2.0566405821591616
  landing: 0.27176682837307453
  view-data: 2.457498360425234
