times:
  edit-metadata: 0.9025160260498524
  landing: 0.050897564738988876
  view-data: 0.56634271889925
