times:
  edit-metadata: 2.3894079830497503
  landing: 1.48638067394495
  view-data: 2.385900853201747
