times:
  landing: 0.5551544790000094
  view-data: 0.560949662999974
