times:
  edit-metadata: 0.9053899650461972
  landing: 0.04976305225864053
  view-data: 0.8394320630468428
