times:
  edit-metadata: 0.5252618258818984
  landing: 0.045732904924079776
  view-data: 3.1450303771998733
