times:
  edit-metadata: 2.530477648600936
  landing: 1.6302963979542255
  view-data: 2.165009930729866
