times:
  edit-metadata: 1.9625961780548096
  landing: 1.4328842647373676
  view-data: 2.0387825407087803
