times:
  landing: 0.5514174479999951
  view-data: 0.5544516709999812
