times:
  edit-metadata: 0.6001589280785993
  landing: 0.07710541691631079
  view-data: 1.7336811779532582
