times:
  landing: 1.0723541840000053
  view-data: 0.56055126199999
