times:
  landing: 0.5498921740000355
  view-data: 0.5542748739999865
