times:
  edit-metadata: 0.5217624309880193
  landing: 0.057877000013832
  view-data: 3.738993039005436
