times:
  edit-metadata: 0.8339526206254959
  landing: 0.049827687442302704
  view-data: 0.5259925089776516
