times:
  edit-metadata: 0.6791648409998743
  landing: 0.058451485994737595
  view-data: 1.6598938620008994
