times:
  edit-metadata: 0.9618098529754207
  landing: 0.04628960700938478
  view-data: 0.5322380180004984
