times:
  edit-metadata: 2.2780706621706486
  landing: 1.348398119211197
  view-data: 3.3928516320884228
