times:
  edit-metadata: 0.871965616941452
  landing: 0.053357526659965515
  view-data: 0.4728820249438286
