times:
  edit-metadata: 2.0883285645395517
  landing: 1.525401808321476
  view-data: 2.108225464820862
