times:
  edit-metadata: 1.9940998516976833
  landing: 1.4773714952170849
  view-data: 1.9045060612261295
