times:
  edit-metadata: 0.9856473440304399
  landing: 0.05535880592651665
  view-data: 0.6516583610791713
