times:
  edit-metadata: 2.0078293085098267
  landing: 1.4779215678572655
  view-data: 3.396928831934929
