times:
  landing: 0.5552278870000009
  view-data: 0.5644635759999801
