times:
  edit-metadata: 1.8866721279919147
  landing: 0.019447604194283485
  view-data: 0.0255254115909338
