times:
  edit-metadata: 4.009710216894746
  landing: 1.9600193230435252
  view-data: 2.343692583963275
