times:
  edit-metadata: 0.9166481578722596
  landing: 0.04427012661471963
  view-data: 0.8382700444199145
