times:
  edit-metadata: 0.8199264016002417
  landing: 0.8944265078753233
  view-data: 0.658776530995965
