times:
  edit-metadata: 0.8237769054248929
  landing: 0.06228148518130183
  view-data: 0.892177124042064
