times:
  edit-metadata: 0.6073099398054183
  landing: 0.04776308033615351
  view-data: 1.7654051440767944
