times:
  edit-metadata: 1.020173616707325
  landing: 0.7054993733763695
  view-data: 0.6284061837941408
