times:
  edit-metadata: 1.7951941452920437
  landing: 0.021783581003546715
  view-data: 0.1356667373329401
