times:
  edit-metadata: 1.6657647714018822
  landing: 0.1476436872035265
  view-data: 0.3633754123002291
