times:
  edit-metadata: 1.8680410543456674
  landing: 0.021856400184333324
  view-data: 0.024950754828751087
