times:
  edit-metadata: 1.919169208034873
  landing: 1.2105359472334385
  view-data: 2.120359791442752
