times:
  landing: 1.0590888839999764
  view-data: 0.5468649439999922
