times:
  edit-metadata: 1.6836752649396658
  landing: 0.023478209972381592
  view-data: 0.022971127182245255
