times:
  landing: 0.5488740800000187
  view-data: 0.5466177490000064
