times:
  edit-metadata: 2.0540784671902657
  landing: 1.367971744388342
  view-data: 3.4590628668665886
