times:
  edit-metadata: 1.916662435978651
  landing: 0.4763815626502037
  view-data: 0.023622404783964157
