times:
  edit-metadata: 4.01487466879189
  landing: 1.8302651988342404
  view-data: 2.358381174504757
