times:
  edit-metadata: 2.369778588414192
  landing: 1.4092634469270706
  view-data: 3.3835527040064335
