times:
  edit-metadata: 0.5958908880129457
  landing: 0.04515063401777297
  view-data: 1.7430204519769177
