times:
  edit-metadata: 0.8558673039078712
  landing: 0.04944354295730591
  view-data: 0.4972802437841892
