times:
  edit-metadata: 2.0959698650985956
  landing: 0.34267033264040947
  view-data: 2.168321831151843
