times:
  edit-metadata: 3.8938251910731196
  landing: 2.61807179171592
  view-data: 2.0769701404497027
