times:
  edit-metadata: 3.2887383829802275
  landing: 2.236777873709798
  view-data: 2.3387112841010094
