times:
  edit-metadata: 2.048803461715579
  landing: 1.3204518761485815
  view-data: 2.007659738883376
