times:
  edit-metadata: 1.6234122468158603
  landing: 0.09737984091043472
  view-data: 0.12184031680226326
