times:
  landing: 0.5640455079999924
  view-data: 0.5597810570000092
