times:
  edit-metadata: 0.9078183714300394
  landing: 0.75235241279006
  view-data: 0.7969141229987144
