times:
  edit-metadata: 0.570628295186907
  landing: 0.044012397062033415
  view-data: 1.7583137867040932
