times:
  edit-metadata: 1.969478229060769
  landing: 1.38527362793684
  view-data: 2.072097970172763
