times:
  edit-metadata: 0.8898848965764046
  landing: 0.7610741630196571
  view-data: 0.9281628355383873
