times:
  edit-metadata: 0.5977806570008397
  landing: 0.04070732928812504
  view-data: 1.5054164519533515
