times:
  edit-metadata: 1.5502177653834224
  landing: 0.022339831106364727
  view-data: 0.13151989225298166
