times:
  landing: 1.0766826130000027
  view-data: 0.5582802549999997
