times:
  landing: 1.0797696790000373
  view-data: 0.5608971859999201
