times:
  edit-metadata: 1.6458641402423382
  landing: 0.019305186346173286
  view-data: 0.02453222218900919
