times:
  edit-metadata: 1.989633221179247
  landing: 1.6093110032379627
  view-data: 3.4310173206031322
