times:
  edit-metadata: 1.7817045012488961
  landing: 0.1861891858279705
  view-data: 0.12448207940906286
