times:
  edit-metadata: 3.6319048050791025
  landing: 0.051208432763814926
  view-data: 0.030765311792492867
