times:
  edit-metadata: 0.8609251827001572
  landing: 0.05266240984201431
  view-data: 0.5274310745298862
