times:
  edit-metadata: 0.6500063841231167
  landing: 0.04224999900907278
  view-data: 1.757103107869625
