times:
  edit-metadata: 2.1148708313703537
  landing: 1.3175417706370354
  view-data: 2.5822441689670086
