times:
  edit-metadata: 1.684948499314487
  landing: 0.021595077589154243
  view-data: 0.02646504621952772
