times:
  edit-metadata: 0.6976170735433698
  landing: 0.08047307003289461
  view-data: 4.172886888962239
