times:
  edit-metadata: 2.1753826271742582
  landing: 0.1465572640299797
  view-data: 0.027316715568304062
