times:
  edit-metadata: 0.5669324938207865
  landing: 0.05837983312085271
  view-data: 0.8986106342636049
