times:
  edit-metadata: 0.880483441054821
  landing: 0.9474794063717127
  view-data: 1.1082228925079107
