times:
  edit-metadata: 1.5637737661600113
  landing: 0.16350461449474096
  view-data: 2.1594678359106183
