times:
  edit-metadata: 0.6047219391912222
  landing: 0.04575853096321225
  view-data: 0.837713963817805
