times:
  edit-metadata: 0.6283440329134464
  landing: 0.0709363417699933
  view-data: 1.7342624804005027
