times:
  edit-metadata: 0.955842271912843
  landing: 0.04437886085361242
  view-data: 0.8359890738502145
