times:
  edit-metadata: 2.02833891287446
  landing: 1.3538700696080923
  view-data: 1.832404462620616
