times:
  edit-metadata: 0.5889165988191962
  landing: 0.04825400793924928
  view-data: 1.8899679351598024
