times:
  edit-metadata: 0.9421082220505923
  landing: 0.04461915395222604
  view-data: 0.522583342040889
