times:
  landing: 0.5472983130000557
  view-data: 0.5510194099999808
