times:
  landing: 0.5528354440000385
  view-data: 0.5524697079999896
