times:
  edit-metadata: 2.278895627707243
  landing: 1.3105852492153645
  view-data: 3.42815513163805
