times:
  edit-metadata: 1.6210819948464632
  landing: 0.1311450283974409
  view-data: 0.025368649512529373
