times:
  edit-metadata: 1.630866488441825
  landing: 0.11828326806426048
  view-data: 0.024709533900022507
