times:
  landing: 0.5542818409999768
  view-data: 0.5609782189999919
