times:
  edit-metadata: 0.6429654681123793
  landing: 0.043671577237546444
  view-data: 1.6872328440658748
