times:
  edit-metadata: 1.99782900698483
  landing: 2.0204422008246183
  view-data: 2.0729065891355276
