times:
  edit-metadata: 2.0132375694811344
  landing: 1.457016695290804
  view-data: 3.3568549752235413
