times:
  landing: 1.0626986240000065
  view-data: 0.5502401190000228
