times:
  edit-metadata: 0.5412883290555328
  landing: 0.047489315969869494
  view-data: 1.6887179219629616
