times:
  edit-metadata: 1.8737869351170957
  landing: 1.597180006094277
  view-data: 2.1932001740206033
