times:
  edit-metadata: 2.845406669192016
  landing: 1.7830940010026097
  view-data: 1.9906584220007062
