times:
  edit-metadata: 1.615093655884266
  landing: 1.300849262624979
  view-data: 3.3109886907041073
