times:
  edit-metadata: 0.6234113671816885
  landing: 0.04325434518978
  view-data: 1.540710342116654
