times:
  edit-metadata: 0.5345833390019834
  landing: 0.06043383898213506
  view-data: 3.58312574098818
