times:
  edit-metadata: 2.112533417530358
  landing: 0.4265185557305813
  view-data: 2.4692649841308594
