times:
  edit-metadata: 0.9578022491186857
  landing: 0.6453721430152655
  view-data: 0.6861895024776459
