times:
  edit-metadata: 0.8195704333484173
  landing: 0.6655276622623205
  view-data: 0.7669374626129866
