times:
  edit-metadata: 0.5454938081093132
  landing: 0.06545724999159575
  view-data: 1.6671183588914573
