times:
  edit-metadata: 0.6768602640368044
  landing: 0.04740222031250596
  view-data: 0.8921969849616289
