times:
  landing: 0.5471417859999974
  view-data: 0.5494557139999756
