times:
  edit-metadata: 3.0798067059367895
  landing: 1.9480892177671194
  view-data: 1.961805148050189
