times:
  edit-metadata: 2.738367917947471
  landing: 1.6027068863622844
  view-data: 2.1701583568938076
