times:
  edit-metadata: 1.7043723929673433
  landing: 0.020269212312996387
  view-data: 2.4379234835505486
