times:
  edit-metadata: 0.8758127149194479
  landing: 0.5735283829271793
  view-data: 0.7897138558328152
