times:
  edit-metadata: 1.6029305160045624
  landing: 1.6301686987280846
  view-data: 3.3342270478606224
