times:
  edit-metadata: 1.050850436091423
  landing: 0.048889965983107686
  view-data: 0.5216171119827777
