times:
  landing: 1.671362405642867
  view-data: 2.133708171546459
