times:
  edit-metadata: 0.8719907868653536
  landing: 0.8708541579544544
  view-data: 0.8787050396203995
