times:
  edit-metadata: 1.6221289737150073
  landing: 0.021738708019256592
  view-data: 0.025449967943131924
