times:
  edit-metadata: 1.681869775056839
  landing: 0.02259095385670662
  view-data: 0.13525760546326637
