times:
  edit-metadata: 1.9718721704557538
  landing: 1.7411363944411278
  view-data: 1.8748131701722741
