times:
  edit-metadata: 0.5069208291824907
  landing: 0.06326170382089913
  view-data: 1.9605179768987
