times:
  landing: 1.0975667220000105
  view-data: 0.5540568459999804
