times:
  edit-metadata: 0.9481219830922782
  landing: 0.049556138925254345
  view-data: 0.7630830532871187
