times:
  edit-metadata: 0.9997988489922136
  landing: 0.052030046994332224
  view-data: 0.5654576160013676
