times:
  edit-metadata: 2.2517387326806784
  landing: 1.630600593984127
  view-data: 2.888394793961197
