times:
  landing: 1.0688232329999892
  view-data: 0.5520800389999749
