times:
  edit-metadata: 0.5460743249859661
  landing: 0.04263226094190031
  view-data: 1.900757126044482
