times:
  edit-metadata: 2.1717630587518215
  landing: 1.3957441356033087
  view-data: 2.091981688514352
