times:
  edit-metadata: 0.9234863128513098
  landing: 0.6256154365837574
  view-data: 0.8280464801937342
