times:
  edit-metadata: 2.5643237801268697
  landing: 1.6962969843298197
  view-data: 2.1769714346155524
