times:
  edit-metadata: 1.775688735768199
  landing: 0.022403409704566002
  view-data: 2.5274563767015934
