times:
  edit-metadata: 1.5017846394330263
  landing: 1.133596831932664
  view-data: 1.752046911045909
