times:
  landing: 0.5506890550000207
  view-data: 0.553399872
