times:
  edit-metadata: 1.6899385526776314
  landing: 0.023415817879140377
  view-data: 0.02455400675535202
