times:
  edit-metadata: 0.8598791621625423
  landing: 0.05258680135011673
  view-data: 0.5123973824083805
