times:
  edit-metadata: 0.8374829608947039
  landing: 0.8638583477586508
  view-data: 0.8968087695538998
