times:
  edit-metadata: 0.5998858558014035
  landing: 0.041890569031238556
  view-data: 1.5077968896366656
