times:
  edit-metadata: 0.9155505539965816
  landing: 0.04882742196787149
  view-data: 0.5250492549967021
