times:
  edit-metadata: 0.8788105305284262
  landing: 1.1105042845010757
  view-data: 0.713475501164794
