times:
  edit-metadata: 0.877940246835351
  landing: 1.1602962333709002
  view-data: 1.205231236293912
