times:
  edit-metadata: 0.9232049910060596
  landing: 0.04826799100555945
  view-data: 0.550310962004005
