times:
  landing: 0.5561587320000285
  view-data: 0.5574997500000336
