times:
  edit-metadata: 1.678059997037053
  landing: 0.09987685736268759
  view-data: 0.12252598349004984
