times:
  edit-metadata: 0.9437451586127281
  landing: 0.9065568372607231
  view-data: 0.9399327728897333
