times:
  edit-metadata: 0.9807909559458494
  landing: 0.6812435220927
  view-data: 0.8464121744036674
