times:
  edit-metadata: 1.935104712843895
  landing: 1.281656239181757
  view-data: 1.8227859698235989
