times:
  landing: 0.5514568319999853
  view-data: 0.5583544089999748
