times:
  edit-metadata: 2.150876931846142
  landing: 1.538086086511612
  view-data: 3.3837137073278427
