times:
  edit-metadata: 0.8782826494425535
  landing: 1.095426706597209
  view-data: 1.1551386900246143
