times:
  landing: 0.5487461849999988
  view-data: 0.5527998349999734
