times:
  edit-metadata: 1.6061784150078893
  landing: 0.023992800153791904
  view-data: 0.12423123046755791
