times:
  edit-metadata: 1.6219193954020739
  landing: 0.13093645498156548
  view-data: 0.025370921939611435
