times:
  edit-metadata: 0.9546906820032746
  landing: 0.04995620111003518
  view-data: 0.5147481260355562
