times:
  edit-metadata: 2.5761637426912785
  landing: 1.527588514611125
  view-data: 1.9169893991202116
