times:
  edit-metadata: 2.5234570428729057
  landing: 1.7922647446393967
  view-data: 1.9773922506719828
