times:
  edit-metadata: 1.6454471042379737
  landing: 0.019933241419494152
  view-data: 0.12375511322170496
