times:
  edit-metadata: 0.578269689809531
  landing: 0.04314814601093531
  view-data: 1.6950930380262434
