times:
  edit-metadata: 2.7509114276617765
  landing: 0.4616261450573802
  view-data: 3.0472750598564744
