times:
  landing: 0.5587335090000352
  view-data: 0.5613940250000269
