times:
  landing: 0.55271737999999
  view-data: 0.5558924589999492
