times:
  edit-metadata: 2.0130083337426186
  landing: 1.2785899490118027
  view-data: 1.8410932160913944
