times:
  edit-metadata: 0.5635478119365871
  landing: 0.04874100908637047
  view-data: 0.8842137879692018
