times:
  edit-metadata: 0.8583305776119232
  landing: 0.054249610751867294
  view-data: 0.4718877673149109
