times:
  edit-metadata: 2.5237692445516586
  landing: 2.034065045416355
  view-data: 2.289029086008668
