times:
  edit-metadata: 0.8564561977982521
  landing: 0.9989545680582523
  view-data: 0.9687229711562395
