times:
  edit-metadata: 0.5374222219979856
  landing: 0.05450861099961912
  view-data: 2.109816377000243
