times:
  edit-metadata: 2.5290504191070795
  landing: 1.7920273505151272
  view-data: 2.2966609355062246
