times:
  edit-metadata: 1.5945712272077799
  landing: 0.019637099467217922
  view-data: 2.1602066503837705
