times:
  edit-metadata: 2.602926821447909
  landing: 0.025212337262928486
  view-data: 0.028028604574501514
