times:
  edit-metadata: 0.9745186772197485
  landing: 0.5180323645472527
  view-data: 0.6026991549879313
