times:
  edit-metadata: 1.032454623025842
  landing: 0.07994282606523484
  view-data: 0.5960718049900606
