times:
  edit-metadata: 1.7868309617042542
  landing: 0.18031848408281803
  view-data: 2.2518500052392483
