times:
  edit-metadata: 2.7332810796797276
  landing: 1.3822583872824907
  view-data: 1.902133747935295
