times:
  edit-metadata: 1.6407241094857454
  landing: 0.019872410222887993
  view-data: 0.0989123173058033
