times:
  edit-metadata: 0.6642410419881344
  landing: 0.06859633512794971
  view-data: 0.870710292365402
