times:
  landing: 1.0720648029999893
  view-data: 0.6360366010000007
