times:
  edit-metadata: 1.9648290015757084
  landing: 1.3229793459177017
  view-data: 3.2880443185567856
