times:
  edit-metadata: 0.6298632742837071
  landing: 0.05083319824188948
  view-data: 2.130081574432552
