times:
  edit-metadata: 1.846344305202365
  landing: 0.019935132935643196
  view-data: 0.02523690089583397
