times:
  edit-metadata: 0.9525943079497665
  landing: 0.06268723402172327
  view-data: 0.8349521730560809
