times:
  edit-metadata: 1.655393267981708
  landing: 0.12802499253302813
  view-data: 0.025944365188479424
