times:
  edit-metadata: 0.5496713800821453
  landing: 0.05635893298313022
  view-data: 1.4585357550531626
