times:
  edit-metadata: 2.2402463257312775
  landing: 1.325461134314537
  view-data: 3.341569747775793
