times:
  edit-metadata: 2.160749029368162
  landing: 0.020985028706490993
  view-data: 0.10214180499315262
