times:
  edit-metadata: 0.5153661048971117
  landing: 0.04834830900654197
  view-data: 2.918538053985685
