times:
  landing: 0.5565024329999915
  view-data: 0.5614388659999463
