times:
  landing: 0.5711707739999952
  view-data: 0.5583679240000379
