times:
  edit-metadata: 1.690942632034421
  landing: 0.1260354584082961
  view-data: 2.0657866867259145
