times:
  edit-metadata: 0.5800767429172993
  landing: 0.1617601397447288
  view-data: 1.5253606466576457
