times:
  edit-metadata: 1.9361263122409582
  landing: 0.36200463213026524
  view-data: 2.0077432561665773
