times:
  edit-metadata: 0.8795920200645924
  landing: 0.06887586275115609
  view-data: 1.5583742782473564
