times:
  edit-metadata: 0.5677634919993579
  landing: 0.1224866951815784
  view-data: 2.4949791161343455
