times:
  edit-metadata: 0.9685722809517756
  landing: 0.04703445406630635
  view-data: 0.5378922109957784
