times:
  edit-metadata: 0.5659061400219798
  landing: 0.04317055596038699
  view-data: 0.8809183603152633
