times:
  edit-metadata: 1.6477211583405733
  landing: 0.020188667811453342
  view-data: 0.11782576702535152
