times:
  edit-metadata: 1.8612007945775986
  landing: 6.070489522069693
  view-data: 1.1303502768278122
