times:
  landing: 0.5492025420000459
  view-data: 0.5536880780000502
