times:
  edit-metadata: 0.5833776001818478
  landing: 0.0489258230663836
  view-data: 0.9175086352042854
