times:
  edit-metadata: 2.1962415352463722
  landing: 1.4666956067085266
  view-data: 3.3258651606738567
