times:
  edit-metadata: 0.9033629749901593
  landing: 0.05335157099762
  view-data: 0.5796080949949101
