times:
  edit-metadata: 0.9261078268755227
  landing: 0.04422689718194306
  view-data: 1.1256738400552422
