times:
  edit-metadata: 2.0817709043622017
  landing: 1.5116587243974209
  view-data: 3.41825458034873
