times:
  edit-metadata: 0.5882682789961109
  landing: 0.05534444200748112
  view-data: 3.3105511419998948
