times:
  edit-metadata: 0.8885574787855148
  landing: 0.9218482803553343
  view-data: 1.3934032879769802
