times:
  edit-metadata: 1.66635537520051
  landing: 0.11388598848134279
  view-data: 0.024509327486157417
