times:
  edit-metadata: 1.0192534923553467
  landing: 0.7525568939745426
  view-data: 0.620861841365695
