times:
  edit-metadata: 1.9143298361450434
  landing: 1.184338392689824
  view-data: 1.8869190197438002
