times:
  edit-metadata: 2.3252488300204277
  landing: 1.575160350650549
  view-data: 3.4499724693596363
