times:
  edit-metadata: 0.8753843680024147
  landing: 0.6740351002663374
  view-data: 0.8875804804265499
