times:
  edit-metadata: 1.6207451997324824
  landing: 0.09630385879427195
  view-data: 0.024591033346951008
