times:
  edit-metadata: 0.6045406521297991
  landing: 0.042977577075362206
  view-data: 0.9806560482829809
