times:
  edit-metadata: 1.7485733721405268
  landing: 0.12689549941569567
  view-data: 0.11728049907833338
