times:
  landing: 0.5614998479999826
  view-data: 0.6299973559999898
