times:
  edit-metadata: 2.521408200263977
  landing: 2.0249941274523735
  view-data: 2.003697883337736
