times:
  edit-metadata: 2.011643774807453
  landing: 1.4136930778622627
  view-data: 3.346346229314804
