times:
  edit-metadata: 2.1009234599769115
  landing: 0.28243986517190933
  view-data: 2.157661195844412
