times:
  edit-metadata: 0.4950712430290878
  landing: 0.06640297779813409
  view-data: 2.8910842721816152
