times:
  edit-metadata: 1.6053828271105886
  landing: 0.021484067663550377
  view-data: 0.09731168206781149
