times:
  edit-metadata: 2.0166359916329384
  landing: 1.3116955794394016
  view-data: 3.3164288364350796
