times:
  landing: 0.5607119090000197
  view-data: 0.5576176090000331
