times:
  edit-metadata: 2.1380922561511397
  landing: 0.2327588088810444
  view-data: 2.6901492113247514
