times:
  landing: 0.5471106539999937
  view-data: 0.5473856879999914
