times:
  edit-metadata: 1.6383740175515413
  landing: 0.1476034726947546
  view-data: 0.02394683286547661
