times:
  edit-metadata: 2.562882922589779
  landing: 1.6953496299684048
  view-data: 3.3749144412577152
