times:
  edit-metadata: 0.9061260223388672
  landing: 0.05057070776820183
  view-data: 0.528567336499691
