times:
  edit-metadata: 1.833916362375021
  landing: 0.16352948546409607
  view-data: 0.02832197956740856
