times:
  edit-metadata: 0.9302445501089096
  landing: 0.0479122344404459
  view-data: 0.6043105572462082
