times:
  edit-metadata: 0.5693122898228467
  landing: 0.06959494901821017
  view-data: 1.6343721910379827
