times:
  edit-metadata: 1.6729654055088758
  landing: 0.024265345185995102
  view-data: 0.029441405087709427
