times:
  edit-metadata: 0.5232347780838609
  landing: 0.056307993829250336
  view-data: 2.363889427855611
