times:
  edit-metadata: 0.9428282029693946
  landing: 0.04287611698964611
  view-data: 0.5226806100108661
