times:
  edit-metadata: 1.6628008931875229
  landing: 0.11443251091986895
  view-data: 0.12412804923951626
