times:
  edit-metadata: 0.6546590300276875
  landing: 0.1585968262515962
  view-data: 1.624935473781079
