times:
  landing: 1.0915505809999786
  view-data: 0.557562178000012
