times:
  edit-metadata: 0.8806718476116657
  landing: 0.05229196697473526
  view-data: 0.5698462352156639
