times:
  edit-metadata: 1.9268394820392132
  landing: 1.3672803975641727
  view-data: 3.33459010720253
