times:
  edit-metadata: 1.0137179328594357
  landing: 0.04394793603569269
  view-data: 0.5261192850302905
