times:
  edit-metadata: 2.0382786355912685
  landing: 1.5782292243093252
  view-data: 2.121398564428091
