times:
  edit-metadata: 0.5469396240077913
  landing: 0.050551670137792826
  view-data: 1.559376637917012
