times:
  edit-metadata: 0.5172823120374233
  landing: 0.07117714011110365
  view-data: 1.9631164730526507
