times:
  edit-metadata: 1.6058209231123328
  landing: 0.09148598462343216
  view-data: 0.024281696416437626
