times:
  edit-metadata: 2.7532212901860476
  landing: 2.2838391065597534
  view-data: 2.306556806899607
