times:
  edit-metadata: 0.9168950617313385
  landing: 0.7262274771928787
  view-data: 0.6569777838885784
