times:
  edit-metadata: 0.9616366736590862
  landing: 1.1004525646567345
  view-data: 0.74856111779809
