times:
  edit-metadata: 0.5777103281579912
  landing: 0.05499818129464984
  view-data: 1.6250939858146012
