times:
  edit-metadata: 2.5758914593607187
  landing: 2.125870853662491
  view-data: 2.182020880281925
