times:
  edit-metadata: 3.400551076978445
  landing: 1.392557218670845
  view-data: 3.7542334496974945
