times:
  edit-metadata: 1.6657144697383046
  landing: 0.019876710139214993
  view-data: 0.026462934911251068
