times:
  edit-metadata: 1.647688677534461
  landing: 0.021758953109383583
  view-data: 0.02699755411595106
