times:
  edit-metadata: 1.8108617048710585
  landing: 0.2995669040828943
  view-data: 0.02598404884338379
