times:
  edit-metadata: 2.01722580101341
  landing: 1.5271400921046734
  view-data: 3.191429961938411
