times:
  edit-metadata: 1.6261157533153892
  landing: 0.020692055113613605
  view-data: 0.02527498919516802
