times:
  edit-metadata: 1.760295558720827
  landing: 0.15268966183066368
  view-data: 0.15184377878904343
