times:
  landing: 1.0727224379999711
  view-data: 0.5639193439999985
