times:
  edit-metadata: 0.7674229182302952
  landing: 0.056232061237096786
  view-data: 0.8070947318337858
