times:
  edit-metadata: 1.6402636617422104
  landing: 0.023127274587750435
  view-data: 0.12017201073467731
