times:
  edit-metadata: 2.68500217795372
  landing: 1.5519929863512516
  view-data: 2.2835710737854242
