times:
  edit-metadata: 0.8925104439258575
  landing: 0.04457317607011646
  view-data: 0.5700399850029498
