times:
  edit-metadata: 1.6945820972323418
  landing: 0.12756044417619705
  view-data: 1.7398309167474508
