times:
  edit-metadata: 1.6655915640294552
  landing: 0.14502139203250408
  view-data: 1.9230145830661058
