times:
  edit-metadata: 2.0678284242749214
  landing: 1.287106066942215
  view-data: 3.34451000764966
