times:
  edit-metadata: 2.239312106743455
  landing: 1.6644046902656555
  view-data: 2.1120199598371983
