times:
  edit-metadata: 1.09083537501283
  landing: 0.0566438608802855
  view-data: 0.5911484640091658
