times:
  edit-metadata: 1.925330800935626
  landing: 1.2813738007098436
  view-data: 2.0422496385872364
