times:
  landing: 1.1902596300000141
  view-data: 0.5586982809999768
