times:
  landing: 0.5503134799999998
  view-data: 0.5833996799999568
