times:
  edit-metadata: 2.269086755812168
  landing: 1.8113438468426466
  view-data: 1.9290042696520686
