times:
  edit-metadata: 2.0309812035411596
  landing: 1.2818340547382832
  view-data: 1.9869970083236694
