times:
  edit-metadata: 1.6579478764906526
  landing: 0.021737569011747837
  view-data: 0.13716972339898348
