times:
  edit-metadata: 0.9156716279685497
  landing: 0.049693222157657146
  view-data: 0.8931513577699661
