times:
  edit-metadata: 2.062787586823106
  landing: 0.023485388606786728
  view-data: 0.14867535047233105
