times:
  landing: 1.0637365320000072
  view-data: 1.593547373999968
