times:
  edit-metadata: 0.9589156430447474
  landing: 0.04258150700479746
  view-data: 0.5127487059216946
