times:
  edit-metadata: 1.7174167120829225
  landing: 0.1991201089695096
  view-data: 0.02909344621002674
