times:
  edit-metadata: 1.6614334546029568
  landing: 0.1305312840268016
  view-data: 0.02304236125200987
