times:
  landing: 1.0723780999999803
  view-data: 0.5627684869999712
