times:
  edit-metadata: 1.7548305932432413
  landing: 0.14795665442943573
  view-data: 0.02447320893406868
