times:
  edit-metadata: 1.6265324736014009
  landing: 0.01914126891642809
  view-data: 2.195232955738902
