times:
  edit-metadata: 0.6176616449374706
  landing: 0.04817822203040123
  view-data: 2.0117736969841644
