times:
  landing: 0.5448059149999835
  view-data: 0.5491354629999989
