times:
  edit-metadata: 1.6856414917856455
  landing: 0.02133271098136902
  view-data: 0.027614645659923553
