times:
  edit-metadata: 0.5304905989905819
  landing: 0.05265009694267064
  view-data: 1.7179866660153493
