times:
  edit-metadata: 0.8406221410259604
  landing: 0.1342503009364009
  view-data: 1.9953818009234965
