times:
  landing: 0.5738647009999909
  view-data: 0.5633747459999654
