times:
  edit-metadata: 2.063317520543933
  landing: 1.533359743654728
  view-data: 2.1347055099904537
