times:
  edit-metadata: 2.072762418538332
  landing: 1.3909345287829638
  view-data: 2.7196363918483257
