times:
  edit-metadata: 2.05566218867898
  landing: 1.4509560819715261
  view-data: 2.097369333729148
