times:
  landing: 1.5756848909999803
  view-data: 0.5475954080000065
