times:
  landing: 1.1048541029999797
  view-data: 0.561097731000018
