times:
  edit-metadata: 0.6654482567682862
  landing: 0.053580586798489094
  view-data: 1.7303736042231321
