times:
  edit-metadata: 0.9891846291720867
  landing: 0.6342013441026211
  view-data: 0.7284123655408621
