times:
  edit-metadata: 1.9720317609608173
  landing: 1.4312341259792447
  view-data: 2.600102389231324
