times:
  edit-metadata: 0.5827306602150202
  landing: 0.04952474497258663
  view-data: 1.6987053048796952
