times:
  edit-metadata: 0.6304412051104009
  landing: 0.042136022821068764
  view-data: 0.8426862158812582
