times:
  edit-metadata: 2.044711444526911
  landing: 1.4094895254820585
  view-data: 1.8198901880532503
