times:
  landing: 0.5569554560000824
  view-data: 1.0733041380000259
