times:
  landing: 0.5567828719999852
  view-data: 0.5575834029999669
