times:
  edit-metadata: 2.2571462132036686
  landing: 1.2941656708717346
  view-data: 1.356859739869833
