times:
  edit-metadata: 0.8246616130054463
  landing: 0.062382836011238396
  view-data: 3.8396822810173035
