times:
  landing: 1.0837587569999982
  view-data: 0.5627376049999953
