times:
  edit-metadata: 0.6056609319057316
  landing: 0.052302808966487646
  view-data: 1.4731154210167006
