times:
  edit-metadata: 0.632098738104105
  landing: 0.04333132226020098
  view-data: 1.7376870727166533
