times:
  edit-metadata: 1.685207369737327
  landing: 0.13133556209504604
  view-data: 2.0450210478156805
