times:
  edit-metadata: 2.132825428619981
  landing: 1.3806692734360695
  view-data: 2.0875401701778173
