times:
  edit-metadata: 2.100361295044422
  landing: 1.2677845247089863
  view-data: 3.3995620757341385
