times:
  edit-metadata: 2.0227694138884544
  landing: 1.4198793284595013
  view-data: 2.008082490414381
