times:
  edit-metadata: 1.8853918891400099
  landing: 0.021868640556931496
  view-data: 0.1505175232887268
