times:
  edit-metadata: 0.8541115541011095
  landing: 0.8610380012542009
  view-data: 1.202952090650797
