times:
  edit-metadata: 2.0226710718125105
  landing: 1.3141337893903255
  view-data: 2.1108644995838404
