times:
  edit-metadata: 1.5771477594971657
  landing: 0.022366194985806942
  view-data: 0.11581721995025873
