times:
  edit-metadata: 1.6467528166249394
  landing: 0.12554926332086325
  view-data: 0.1364181749522686
