times:
  edit-metadata: 0.567612785845995
  landing: 0.04051757697016001
  view-data: 1.5891975490376353
