times:
  edit-metadata: 1.025631695985794
  landing: 0.058765396010130644
  view-data: 0.8266593823209405
