times:
  edit-metadata: 2.363616382237524
  landing: 1.6269049942493439
  view-data: 2.204662509262562
