times:
  edit-metadata: 1.5411209557205439
  landing: 0.0208313325420022
  view-data: 2.2134520318359137
