times:
  edit-metadata: 0.5292911290016491
  landing: 0.05905192400678061
  view-data: 3.5547412390005775
