times:
  edit-metadata: 0.8936670385301113
  landing: 0.05045540630817413
  view-data: 0.5740912742912769
