times:
  edit-metadata: 0.9235583413392305
  landing: 0.6921894904226065
  view-data: 0.6961693968623877
