times:
  edit-metadata: 0.8993900641798973
  landing: 1.7281996123492718
  view-data: 2.4096276983618736
