times:
  edit-metadata: 0.9867327630054206
  landing: 0.04772081598639488
  view-data: 0.6464966399944387
