times:
  edit-metadata: 2.6532400152646005
  landing: 1.9708758150227368
  view-data: 1.9132232908159494
