times:
  edit-metadata: 1.6162137752398849
  landing: 0.019733943976461887
  view-data: 0.026767970994114876
