times:
  edit-metadata: 1.5840702950954437
  landing: 0.026604941114783287
  view-data: 0.024292606860399246
