times:
  edit-metadata: 1.649593255482614
  landing: 0.20284929499030113
  view-data: 0.12168951332569122
