times:
  landing: 1.074472324999988
  view-data: 0.5546282760000167
