times:
  edit-metadata: 2.498238431289792
  landing: 2.0541414711624384
  view-data: 2.0011166483163834
