times:
  landing: 0.5519770239999957
  view-data: 0.5619943830000125
