times:
  edit-metadata: 1.137230969965458
  landing: 0.045269330963492393
  view-data: 0.5965274280169979
