times:
  edit-metadata: 0.5852647982537746
  landing: 0.050411506555974483
  view-data: 1.5515878070145845
