times:
  edit-metadata: 0.9577693864703178
  landing: 1.2092244010418653
  view-data: 1.0681434720754623
