times:
  edit-metadata: 2.706583179999143
  landing: 1.5487694800831378
  view-data: 2.2673049619188532
