times:
  edit-metadata: 2.1816011369228363
  landing: 1.2652022652328014
  view-data: 3.377914633601904
