times:
  landing: 1.0665385690000448
  view-data: 0.5538109309999868
