times:
  edit-metadata: 0.929467388195917
  landing: 0.04885909799486399
  view-data: 0.5198417389765382
