times:
  edit-metadata: 1.6747581418603659
  landing: 0.01975677814334631
  view-data: 0.028001808561384678
