times:
  landing: 0.5456428449999748
  view-data: 0.553614859999982
