times:
  edit-metadata: 2.0398708172142506
  landing: 1.4122770577669144
  view-data: 2.019626848399639
