times:
  edit-metadata: 0.5840089442208409
  landing: 0.04294619057327509
  view-data: 1.747421259060502
