times:
  edit-metadata: 1.6609981171786785
  landing: 0.02115288283675909
  view-data: 0.12801609560847282
