times:
  edit-metadata: 0.5319340879796073
  landing: 0.03891908098012209
  view-data: 2.0661474850494415
