times:
  edit-metadata: 2.5323978643864393
  landing: 0.41907420475035906
  view-data: 0.1959516340866685
