times:
  edit-metadata: 2.2543554678559303
  landing: 1.5620259642601013
  view-data: 3.3233394660055637
