times:
  edit-metadata: 1.99129054043442
  landing: 1.5610666032880545
  view-data: 2.0103720519691706
