times:
  edit-metadata: 0.9519649930298328
  landing: 0.04540656507015228
  view-data: 0.6450336119160056
