times:
  edit-metadata: 1.6259951991960406
  landing: 0.02097926288843155
  view-data: 0.12499207723885775
