times:
  edit-metadata: 1.7395878545939922
  landing: 0.019398264586925507
  view-data: 0.36537518724799156
