times:
  landing: 0.5608602840000003
  view-data: 0.5530468789999077
