times:
  edit-metadata: 0.975953496992588
  landing: 0.044170947978273034
  view-data: 0.5101630340795964
