times:
  edit-metadata: 0.8965840321034193
  landing: 1.1590067707002163
  view-data: 1.1044943947345018
