times:
  edit-metadata: 1.6981336325407028
  landing: 0.02351473644375801
  view-data: 0.026063935831189156
