times:
  edit-metadata: 1.0266279820352793
  landing: 1.2172700222581625
  view-data: 1.1376661118119955
