times:
  edit-metadata: 3.029052136000246
  landing: 1.5884236119454727
  view-data: 2.412198380101472
