times:
  edit-metadata: 0.8945341631770134
  landing: 0.04874797537922859
  view-data: 0.5028534382581711
