times:
  edit-metadata: 1.6325870342552662
  landing: 0.020044824108481407
  view-data: 1.9444037042558193
