times:
  edit-metadata: 0.603718760990887
  landing: 0.04683631600346416
  view-data: 1.9100074820016744
