times:
  edit-metadata: 0.5300640061032027
  landing: 0.04621392604894936
  view-data: 1.6994208130054176
