times:
  edit-metadata: 0.9221911765635014
  landing: 0.04840556159615517
  view-data: 0.608179047703743
