times:
  edit-metadata: 1.9894616156816483
  landing: 1.4656855650246143
  view-data: 1.9809328988194466
