times:
  edit-metadata: 2.7359784012660384
  landing: 0.4842198099941015
  view-data: 2.7900453060865402
