times:
  edit-metadata: 1.04264535009861
  landing: 0.5557467509061098
  view-data: 0.6615330521017313
