times:
  landing: 0.5558280089999812
  view-data: 0.5537993959999881
