times:
  edit-metadata: 1.711509408429265
  landing: 0.020964368246495724
  view-data: 0.026939157396554947
