times:
  edit-metadata: 0.50116225797683
  landing: 0.08245741995051503
  view-data: 1.7779162770602852
