times:
  edit-metadata: 0.8486665450036526
  landing: 0.04791092872619629
  view-data: 0.527756929397583
