times:
  edit-metadata: 0.6071241958998144
  landing: 0.043413057923316956
  view-data: 0.8670922750607133
