times:
  edit-metadata: 0.8234363403171301
  landing: 0.721999341621995
  view-data: 0.9406104236841202
