times:
  edit-metadata: 0.6144348490051925
  landing: 0.12267010798677802
  view-data: 1.5450241500511765
