times:
  edit-metadata: 2.064407689496875
  landing: 1.376650519669056
  view-data: 1.9640977084636688
