times:
  edit-metadata: 2.0229833647608757
  landing: 1.6279131472110748
  view-data: 1.265891507267952
