times:
  edit-metadata: 1.6797062288969755
  landing: 0.09481547772884369
  view-data: 0.12446792237460613
