times:
  edit-metadata: 1.9414780996739864
  landing: 1.3894333243370056
  view-data: 3.44385277107358
