times:
  edit-metadata: 1.901884038001299
  landing: 1.3124863989651203
  view-data: 3.363011423498392
