times:
  edit-metadata: 0.6328005632385612
  landing: 0.0469159334897995
  view-data: 1.8018323769792914
