times:
  edit-metadata: 2.0315086860209703
  landing: 1.5826260186731815
  view-data: 2.0974710918962955
