times:
  edit-metadata: 2.0562591198831797
  landing: 1.2979552652686834
  view-data: 1.9689963422715664
