times:
  edit-metadata: 2.5246547777205706
  landing: 1.8979936577379704
  view-data: 1.8726336658000946
