times:
  edit-metadata: 1.794666402041912
  landing: 0.028895782306790352
  view-data: 1.7917876429855824
