times:
  edit-metadata: 2.0179446823894978
  landing: 1.4942690432071686
  view-data: 1.9311087224632502
