times:
  edit-metadata: 0.5993405670160428
  landing: 0.06318825797643512
  view-data: 1.806247797969263
