times:
  edit-metadata: 3.1477926932275295
  landing: 1.6270090229809284
  view-data: 3.4403396658599377
