times:
  edit-metadata: 1.0447454936802387
  landing: 0.049518465995788574
  view-data: 0.7327180057764053
