times:
  edit-metadata: 0.5569841391406953
  landing: 0.06410031300038099
  view-data: 1.933214449789375
