times:
  edit-metadata: 0.5833391279957141
  landing: 0.06936320300155785
  view-data: 2.2539855819995864
