times:
  landing: 1.0709011740000278
  view-data: 0.5579637530000241
