times:
  landing: 0.5522982769999771
  view-data: 0.5964325389999203
