times:
  edit-metadata: 1.5529088713228703
  landing: 0.022408085875213146
  view-data: 0.02734550554305315
