times:
  landing: 0.5491867490000004
  view-data: 0.5554394460000083
