times:
  edit-metadata: 2.5803724508732557
  landing: 1.8612967506051064
  view-data: 2.018418723717332
