times:
  edit-metadata: 1.7565996143966913
  landing: 0.020883026532828808
  view-data: 0.0234369533136487
