times:
  edit-metadata: 1.6422394402325153
  landing: 1.4356506131589413
  view-data: 3.3919157907366753
