times:
  edit-metadata: 0.8578420840203762
  landing: 1.100717719644308
  view-data: 1.2672921400517225
