times:
  edit-metadata: 2.047709498554468
  landing: 1.4244454130530357
  view-data: 2.0015054047107697
