times:
  edit-metadata: 0.8632866758853197
  landing: 0.799953754991293
  view-data: 0.7828325387090445
