times:
  edit-metadata: 0.7252784589945804
  landing: 0.20434904398280196
  view-data: 1.6803581050189678
