times:
  edit-metadata: 0.5222624987363815
  landing: 0.05275097396224737
  view-data: 1.8006389997899532
