times:
  landing: 0.551997278999977
  view-data: 0.5528469010000094
