times:
  edit-metadata: 0.7743389150127769
  landing: 0.04946542205289006
  view-data: 1.8951727780513465
