times:
  edit-metadata: 0.9270900785923004
  landing: 0.04400519281625748
  view-data: 0.5893766470253468
