times:
  edit-metadata: 0.9726466648280621
  landing: 0.04960542498156428
  view-data: 0.8346399499569088
