times:
  edit-metadata: 1.5777709865942597
  landing: 0.15199604351073503
  view-data: 2.2087669037282467
