times:
  edit-metadata: 1.6928336089476943
  landing: 0.1291294191032648
  view-data: 0.024540954269468784
