times:
  landing: 1.0794377499999541
  view-data: 0.563790503000007
