times:
  edit-metadata: 0.5282021360471845
  landing: 0.05552288377657533
  view-data: 1.8118080678395927
