times:
  landing: 0.5553657699999803
  view-data: 0.5731561779999765
