times:
  landing: 0.558500949000063
  view-data: 1.072034637999991
