times:
  landing: 1.5853360009999733
  view-data: 1.672733985999912
