times:
  edit-metadata: 2.6871199579909444
  landing: 1.7897176779806614
  view-data: 2.111217604018748
