times:
  edit-metadata: 1.686728285625577
  landing: 0.14108067005872726
  view-data: 0.11627349629998207
