times:
  landing: 1.0730954439999891
  view-data: 0.555543450000016
