times:
  edit-metadata: 2.7441340293735266
  landing: 1.7322680028155446
  view-data: 2.5711818607524037
