times:
  edit-metadata: 1.5978256557136774
  landing: 0.01962513942271471
  view-data: 0.09856299497187138
