times:
  edit-metadata: 1.891576111316681
  landing: 1.9294958710670471
  view-data: 1.049306482076645
