times:
  edit-metadata: 2.479171920567751
  landing: 1.5282568894326687
  view-data: 2.0410616658627987
