times:
  edit-metadata: 0.8875477332621813
  landing: 0.6280959118157625
  view-data: 0.6256337016820908
