times:
  landing: 1.1178564709999819
  view-data: 0.6798969999999827
