times:
  landing: 0.5499623230000452
  view-data: 0.5638396040000089
