times:
  edit-metadata: 1.9545396901667118
  landing: 1.3874494694173336
  view-data: 3.408960498869419
