times:
  edit-metadata: 1.648524470627308
  landing: 0.01928895153105259
  view-data: 0.12357122171670198
