times:
  edit-metadata: 1.5591824362054467
  landing: 0.20889370795339346
  view-data: 2.143317837268114
