times:
  edit-metadata: 0.6560417349974159
  landing: 0.13542165199760348
  view-data: 1.5487202999938745
