times:
  edit-metadata: 1.1506401263177395
  landing: 0.8344480749219656
  view-data: 1.765744298696518
