times:
  edit-metadata: 0.9654039028100669
  landing: 0.04390074638649821
  view-data: 0.8153406167402864
