times:
  edit-metadata: 0.8270428702235222
  landing: 0.0518801249563694
  view-data: 0.5537509098649025
