times:
  edit-metadata: 2.1151915108785033
  landing: 0.019893675111234188
  view-data: 0.02396413590759039
