times:
  edit-metadata: 0.9118270669132471
  landing: 1.4559156708419323
  view-data: 0.9302951171994209
