times:
  edit-metadata: 1.8448650715872645
  landing: 0.021611807867884636
  view-data: 0.05760553292930126
