times:
  edit-metadata: 1.5325449416413903
  landing: 0.018287704326212406
  view-data: 1.9470728281885386
