times:
  landing: 1.0763195630000268
  view-data: 0.5545079199999918
