times:
  edit-metadata: 0.9291048200102523
  landing: 0.04446641402319074
  view-data: 0.572175505105406
