times:
  edit-metadata: 2.3850791193544865
  landing: 1.3957781232893467
  view-data: 1.2459467016160488
