times:
  edit-metadata: 0.8227044567465782
  landing: 0.046352874487638474
  view-data: 0.5329702980816364
