times:
  edit-metadata: 1.9642712324857712
  landing: 1.5476180333644152
  view-data: 1.868238041177392
