times:
  edit-metadata: 0.5454782112501562
  landing: 0.04474380565807223
  view-data: 1.7088908180594444
