times:
  landing: 0.5669090709999978
  view-data: 0.5557283389999839
