times:
  edit-metadata: 1.9036463052034378
  landing: 1.3039025701582432
  view-data: 3.418331880122423
