times:
  edit-metadata: 1.947368934750557
  landing: 1.3191512860357761
  view-data: 3.3943959064781666
