times:
  landing: 0.592950653999992
  view-data: 0.5645775930000241
