times:
  edit-metadata: 1.6411400716751814
  landing: 0.02311977557837963
  view-data: 0.1273309290409088
