times:
  landing: 1.0684351439999773
  view-data: 0.5578918359999534
