times:
  edit-metadata: 0.9329435569234192
  landing: 0.05000723106786609
  view-data: 0.8916573140304536
