times:
  edit-metadata: 2.0999710550531745
  landing: 1.5837854901328683
  view-data: 1.7027157749980688
