times:
  edit-metadata: 1.9393324255943298
  landing: 1.4892454333603382
  view-data: 1.1902915127575397
