times:
  edit-metadata: 1.8805341683328152
  landing: 1.294365644454956
  view-data: 1.057788196951151
