times:
  edit-metadata: 1.6162725184112787
  landing: 0.24040224961936474
  view-data: 2.00904980301857
