times:
  landing: 1.0741667089999964
  view-data: 0.5502420689999781
