times:
  edit-metadata: 2.4126789523288608
  landing: 1.6043167477473617
  view-data: 1.6704939501360059
