times:
  edit-metadata: 2.036011751741171
  landing: 1.3779476508498192
  view-data: 3.3622026816010475
