times:
  edit-metadata: 1.6725919134914875
  landing: 0.01923925057053566
  view-data: 0.02893693745136261
