times:
  landing: 2.310784349916503
  view-data: 0.03025670093484223
