times:
  edit-metadata: 0.9546899470151402
  landing: 0.04765282801236026
  view-data: 0.5891481259895954
