times:
  edit-metadata: 0.9260375257581472
  landing: 0.6243819911032915
  view-data: 0.5754109751433134
