times:
  landing: 0.5466628799999853
  view-data: 0.5675922740000487
