times:
  edit-metadata: 0.626016418915242
  landing: 0.043551302049309015
  view-data: 0.8302213679999113
