times:
  edit-metadata: 1.9752007946372032
  landing: 1.9650406446307898
  view-data: 1.7557904701679945
