times:
  edit-metadata: 0.9632240680512041
  landing: 0.049625006038695574
  view-data: 0.5232588020153344
