times:
  edit-metadata: 2.1981552988290787
  landing: 0.18643095809966326
  view-data: 2.5188628071919084
