times:
  edit-metadata: 0.6211600387468934
  landing: 0.041337118949741125
  view-data: 0.8723943941295147
