times:
  edit-metadata: 0.5624819450022187
  landing: 0.052474145995802246
  view-data: 1.8119023200124502
