times:
  landing: 0.5474896579999609
  view-data: 0.5996314060000145
