times:
  edit-metadata: 0.96395924303215
  landing: 0.04696317098569125
  view-data: 0.522229976952076
