times:
  landing: 0.5612987169999997
  view-data: 0.559493998999983
