times:
  landing: 0.5503697949999946
  view-data: 0.5551516649999826
