times:
  edit-metadata: 1.1716265191789716
  landing: 0.06443957099691033
  view-data: 0.8902318719774485
