times:
  edit-metadata: 1.618635481223464
  landing: 0.1429082527756691
  view-data: 1.8586474619805813
