times:
  landing: 0.547035760999961
  view-data: 0.5470740619999788
