times:
  edit-metadata: 1.215297818000181
  landing: 0.1014532029998918
  view-data: 2.1905443969999396
