times:
  edit-metadata: 2.7423416720703244
  landing: 1.7526705106720328
  view-data: 2.131209993734956
