times:
  landing: 0.54184362700002
  view-data: 0.5465269850000141
