times:
  landing: 0.5520389029999819
  view-data: 0.5612797869999895
