times:
  edit-metadata: 2.0852716816589236
  landing: 1.853218523785472
  view-data: 2.418070047162473
