times:
  edit-metadata: 1.1310782411601394
  landing: 0.06674008397385478
  view-data: 1.27205880288966
