times:
  edit-metadata: 0.5820204840001679
  landing: 0.052600945999984106
  view-data: 1.9640399709996927
