times:
  edit-metadata: 1.9546512980014086
  landing: 0.33124801702797413
  view-data: 2.199415795505047
