times:
  edit-metadata: 0.7150220242328942
  landing: 0.07039813790470362
  view-data: 4.333503808826208
