times:
  edit-metadata: 2.010308864992112
  landing: 1.4402500980067998
  view-data: 2.130710996920243
