times:
  edit-metadata: 0.97163654002361
  landing: 0.05267645791172981
  view-data: 0.8773150278721005
