times:
  landing: 0.553708155000038
  view-data: 0.5597182449999991
