times:
  edit-metadata: 1.9914276972413063
  landing: 1.2849457152187824
  view-data: 1.8189448211342096
