times:
  edit-metadata: 0.5421078011859208
  landing: 0.0683856918476522
  view-data: 1.4884041647892445
