times:
  edit-metadata: 0.6083426857367158
  landing: 0.04885835852473974
  view-data: 1.7548820497468114
