times:
  edit-metadata: 0.613588523119688
  landing: 0.12969419499859214
  view-data: 1.5040057990700006
