times:
  landing: 0.5467621089999284
  view-data: 0.5475845500000105
