times:
  edit-metadata: 2.020596457645297
  landing: 1.51712104678154
  view-data: 2.21620805375278
