times:
  edit-metadata: 2.0632563401013613
  landing: 1.307387564331293
  view-data: 1.884251568466425
