times:
  edit-metadata: 1.6683799466118217
  landing: 0.11666346248239279
  view-data: 0.02574092522263527
