times:
  edit-metadata: 0.8938478324562311
  landing: 1.413005344569683
  view-data: 0.9894836284220219
