times:
  edit-metadata: 1.6145053431391716
  landing: 0.1362709403038025
  view-data: 2.0559721561148763
