times:
  edit-metadata: 0.9521970138885081
  landing: 0.050260416930541396
  view-data: 0.5372977780643851
