times:
  edit-metadata: 1.5915169678628445
  landing: 0.05369024910032749
  view-data: 0.12397489510476589
