times:
  landing: 0.5504000099999757
  view-data: 0.5582881609998367
