times:
  landing: 0.5455551200000173
  view-data: 0.5535854320000055
