times:
  edit-metadata: 1.5795465987175703
  landing: 0.1642397027462721
  view-data: 0.10124629363417625
