times:
  landing: 0.5464226370000063
  view-data: 0.5999431930000014
