times:
  landing: 0.5460961929999826
  view-data: 0.5485127750000061
