times:
  edit-metadata: 0.5547395586036146
  landing: 0.055302384309470654
  view-data: 1.768273850902915
