times:
  landing: 0.551803705999987
  view-data: 0.571505539000043
