times:
  edit-metadata: 2.865354672074318
  landing: 1.89416166767478
  view-data: 1.4596327394247055
