times:
  edit-metadata: 0.9171198140829802
  landing: 0.9333770852535963
  view-data: 1.1647695023566484
