times:
  edit-metadata: 0.6067867102101445
  landing: 0.05440116487443447
  view-data: 1.0836932710371912
