times:
  edit-metadata: 2.511222291737795
  landing: 1.6885366812348366
  view-data: 1.0927128456532955
