times:
  edit-metadata: 0.7935337126255035
  landing: 0.40445820428431034
  view-data: 0.7886671219021082
