times:
  edit-metadata: 1.94550222158432
  landing: 2.0381213622167706
  view-data: 2.290556965395808
