times:
  edit-metadata: 1.933263573795557
  landing: 1.5226172059774399
  view-data: 1.2223953902721405
