times:
  edit-metadata: 1.9305008873343468
  landing: 1.5823176354169846
  view-data: 3.4454182721674442
