times:
  edit-metadata: 0.5015804160211701
  landing: 0.06430449298932217
  view-data: 2.0444433460070286
