times:
  landing: 0.5468537030000107
  view-data: 0.5494709060000105
