times:
  edit-metadata: 1.9407677138224244
  landing: 1.906477625016123
  view-data: 2.932690601795912
