times:
  edit-metadata: 2.4803849309682846
  landing: 4.3166671842336655
  view-data: 3.379437830299139
