times:
  edit-metadata: 1.7084093987941742
  landing: 0.021747039631009102
  view-data: 0.11989091709256172
