times:
  edit-metadata: 0.9427603492513299
  landing: 0.049181309062987566
  view-data: 0.8558103027753532
