times:
  edit-metadata: 1.008945919573307
  landing: 0.7380532119423151
  view-data: 0.8374476414173841
