times:
  edit-metadata: 0.8597865588963032
  landing: 0.0528968870639801
  view-data: 0.5259595848619938
