times:
  edit-metadata: 1.8533278852701187
  landing: 1.2608160749077797
  view-data: 3.3598754331469536
