times:
  edit-metadata: 0.9501386350020766
  landing: 0.043740476947277784
  view-data: 0.8365361960604787
