times:
  edit-metadata: 0.5917846960946918
  landing: 0.06405950710177422
  view-data: 2.2808535411022604
