times:
  edit-metadata: 2.627922873944044
  landing: 1.8715832196176052
  view-data: 2.0645512267947197
