times:
  edit-metadata: 3.6443371810019016
  landing: 2.1028948044404387
  view-data: 2.3071512058377266
