times:
  edit-metadata: 0.609464761801064
  landing: 0.045881510712206364
  view-data: 2.174910427071154
