times:
  landing: 0.6059804380000173
  view-data: 0.5597143570000185
