times:
  edit-metadata: 0.9071516841650009
  landing: 0.7291646730154753
  view-data: 0.7788370605558157
