times:
  edit-metadata: 1.593481507152319
  landing: 0.24530153535306454
  view-data: 1.8777150828391314
