times:
  edit-metadata: 2.2887203991413116
  landing: 0.25156909972429276
  view-data: 2.415368651971221
