times:
  edit-metadata: 0.943144366145134
  landing: 0.04468037188053131
  view-data: 0.6173582300543785
