times:
  edit-metadata: 2.1469256095588207
  landing: 1.229771088808775
  view-data: 3.318944688886404
