times:
  edit-metadata: 1.6243026498705149
  landing: 0.021061882376670837
  view-data: 0.023770559579133987
