times:
  landing: 0.6138886229999798
  view-data: 0.6898762289999922
