times:
  edit-metadata: 1.916814137250185
  landing: 1.3178283087909222
  view-data: 1.0939097590744495
