times:
  edit-metadata: 0.8902279119938612
  landing: 1.1491059120744467
  view-data: 1.0282639674842358
