times:
  edit-metadata: 0.8300635106861591
  landing: 0.8170155771076679
  view-data: 0.937077559530735
