times:
  edit-metadata: 1.5331223234534264
  landing: 0.11842514760792255
  view-data: 0.026568638160824776
