times:
  edit-metadata: 1.882187670096755
  landing: 0.14772583544254303
  view-data: 0.02396092191338539
