times:
  edit-metadata: 2.021741934120655
  landing: 1.3058822713792324
  view-data: 3.352169781923294
