times:
  landing: 1.070754964999992
  view-data: 0.5582060859999842
