times:
  landing: 0.5571519599999988
  view-data: 0.056508882000002814
