times:
  landing: 0.5430459030000065
  view-data: 0.5526503219999768
