times:
  edit-metadata: 0.9748487053439021
  landing: 0.05367420706897974
  view-data: 0.8746805223636329
