times:
  landing: 0.5516182889999754
  view-data: 0.5526786940000079
