times:
  edit-metadata: 1.913581945002079
  landing: 1.2806461043655872
  view-data: 1.0072929337620735
