times:
  landing: 0.5476728800000501
  view-data: 0.5590180519999421
