times:
  edit-metadata: 1.5436983406543732
  landing: 0.020367322489619255
  view-data: 2.0270371763035655
