times:
  landing: 0.5582683590000102
  view-data: 0.5690155080000068
