times:
  edit-metadata: 1.577180122025311
  landing: 0.093370096758008
  view-data: 0.12185726594179869
