times:
  edit-metadata: 0.6011247402057052
  landing: 0.04957077233120799
  view-data: 0.8911446919664741
