times:
  edit-metadata: 0.6345710237510502
  landing: 0.044006723910570145
  view-data: 1.700915458612144
