times:
  edit-metadata: 0.9105612989515066
  landing: 3.3575781509280205
  view-data: 2.3170357290655375
