times:
  landing: 1.1142847490000065
  view-data: 0.5488859550000029
