times:
  edit-metadata: 0.5951672019436955
  landing: 0.04366573924198747
  view-data: 1.550825770944357
