times:
  landing: 0.5564242280000258
  view-data: 0.5603033749999895
