times:
  edit-metadata: 1.9575036726891994
  landing: 1.3525056280195713
  view-data: 0.9206216111779213
