times:
  edit-metadata: 2.003393020480871
  landing: 0.19036643579602242
  view-data: 0.13286428526043892
