times:
  edit-metadata: 1.644100671634078
  landing: 0.20042740367352962
  view-data: 1.8137216959148645
