times:
  edit-metadata: 0.545518881175667
  landing: 0.04663564125075936
  view-data: 1.968589197844267
