times:
  edit-metadata: 1.7594035528600216
  landing: 0.2704555243253708
  view-data: 0.15030861645936966
