times:
  edit-metadata: 0.8947879150509834
  landing: 0.5946012567728758
  view-data: 0.5840502921491861
