times:
  landing: 1.6074843409999744
  view-data: 1.0973934989999634
