times:
  edit-metadata: 2.1035740645602345
  landing: 2.087875550147146
  view-data: 2.35757741285488
