times:
  edit-metadata: 0.509546983987093
  landing: 0.07382107898592949
  view-data: 1.670931220985949
