times:
  edit-metadata: 1.8418936394155025
  landing: 1.1615346632897854
  view-data: 2.1125206127762794
