times:
  landing: 1.0826428130000068
  view-data: 0.5607256940000411
