times:
  edit-metadata: 0.972073809010908
  landing: 0.05146779399365187
  view-data: 0.5859945949923713
