times:
  edit-metadata: 2.1229636550415307
  landing: 1.49456221901346
  view-data: 2.8426301350118592
