times:
  edit-metadata: 0.9558347458951175
  landing: 0.052173178060911596
  view-data: 0.5198779820930213
