times:
  edit-metadata: 2.318252321332693
  landing: 1.4930073395371437
  view-data: 3.5738569907844067
