times:
  landing: 0.5642841879999878
  view-data: 0.5607641810000246
