times:
  edit-metadata: 0.8913377709686756
  landing: 0.04298033192753792
  view-data: 0.5095072686672211
