times:
  landing: 0.5459272220000173
  view-data: 0.5503209679999941
