times:
  edit-metadata: 0.9518021158874035
  landing: 0.8453494776040316
  view-data: 0.6920402869582176
