times:
  edit-metadata: 0.9251366148237139
  landing: 0.05413780198432505
  view-data: 0.8795693181455135
