times:
  landing: 1.0929506479999986
  view-data: 0.5630872840000052
