times:
  edit-metadata: 2.486307740211487
  landing: 1.6794914319179952
  view-data: 2.935784304048866
