times:
  edit-metadata: 2.0131259858608246
  landing: 1.4000821001827717
  view-data: 3.3842144906520844
