times:
  edit-metadata: 1.0885168549139053
  landing: 0.060132558923214674
  view-data: 0.9170752898789942
