times:
  edit-metadata: 0.6285205180756748
  landing: 0.11358231725171208
  view-data: 1.6668405011296272
