times:
  edit-metadata: 0.9921612129546702
  landing: 0.06238112389110029
  view-data: 0.8980556197930127
