times:
  edit-metadata: 0.8619195744395256
  landing: 0.05087200179696083
  view-data: 0.5939530320465565
