times:
  edit-metadata: 1.9443338110577315
  landing: 1.450218616053462
  view-data: 2.132130114827305
