times:
  edit-metadata: 2.0807988680899143
  landing: 1.9703772701323032
  view-data: 1.2342344000935555
