times:
  landing: 0.5541785919999711
  view-data: 0.5671132720000287
