times:
  edit-metadata: 0.9265641260426491
  landing: 0.04941426101140678
  view-data: 0.5933119680266827
