times:
  edit-metadata: 0.974885402014479
  landing: 0.04641049588099122
  view-data: 0.500566840171814
