times:
  edit-metadata: 0.8992671482264996
  landing: 0.5804639831185341
  view-data: 0.6755812000483274
