times:
  edit-metadata: 2.009745590388775
  landing: 1.3503397796303034
  view-data: 2.6840520799160004
