times:
  edit-metadata: 1.630138773471117
  landing: 0.13338370900601149
  view-data: 0.1331021450459957
