times:
  edit-metadata: 1.6861419873312116
  landing: 0.021087870933115482
  view-data: 0.024098902009427547
