times:
  edit-metadata: 0.9069794770330191
  landing: 0.753582987934351
  view-data: 0.72941118106246
