times:
  edit-metadata: 0.5473707389319316
  landing: 0.044168210006318986
  view-data: 1.4987275670282543
