times:
  edit-metadata: 1.5683425227180123
  landing: 0.02006593719124794
  view-data: 2.092327340506017
