times:
  landing: 1.0759152969999946
  view-data: 0.5632969600000024
