times:
  edit-metadata: 2.0223523452878
  landing: 1.3359642624855042
  view-data: 3.4208314418792725
