times:
  edit-metadata: 0.8480577506124973
  landing: 0.5699901077896357
  view-data: 0.6907647382467985
