times:
  edit-metadata: 1.876976978033781
  landing: 1.628987974487245
  view-data: 2.0448194621130824
