times:
  edit-metadata: 0.8696118909865618
  landing: 1.6069176588207483
  view-data: 2.426399242132902
