times:
  landing: 1.5997697390000098
  view-data: 0.5591847839999673
