times:
  edit-metadata: 1.6570933070033789
  landing: 0.14850731194019318
  view-data: 1.9242135435342789
