times:
  edit-metadata: 0.9594886917620897
  landing: 0.05458549223840237
  view-data: 0.8928485345095396
