times:
  edit-metadata: 0.9583825822919607
  landing: 1.6521670408546925
  view-data: 4.429085148498416
