times:
  edit-metadata: 1.8705602195113897
  landing: 1.368153877556324
  view-data: 1.769986780360341
