times:
  edit-metadata: 1.6269103847444057
  landing: 0.02028807159513235
  view-data: 0.026163363829255104
