times:
  landing: 1.1220578249999562
  view-data: 0.5523930890000202
