times:
  landing: 0.5516581250000172
  view-data: 0.040316135000011855
