times:
  edit-metadata: 2.264087062329054
  landing: 1.8344880994409323
  view-data: 1.9325211495161057
