times:
  edit-metadata: 2.697743876837194
  landing: 1.817402389831841
  view-data: 7.1301255114376545
