times:
  edit-metadata: 0.5830650310963392
  landing: 0.04857936128973961
  view-data: 1.6916362750343978
