times:
  edit-metadata: 0.5948784593492746
  landing: 0.04308222886174917
  view-data: 0.8835929837077856
