times:
  edit-metadata: 0.5810080670053139
  landing: 0.07171954197110608
  view-data: 2.5172580659855157
