times:
  landing: 0.5493165350000027
  view-data: 0.568561122999995
