times:
  edit-metadata: 1.6520238630473614
  landing: 0.02279329113662243
  view-data: 0.026667521335184574
