times:
  landing: 0.5511323890000313
  view-data: 0.5510479829999895
