times:
  edit-metadata: 0.5415910510346293
  landing: 0.04791206703521311
  view-data: 2.5443455080967396
