times:
  landing: 0.5698259510000128
  view-data: 0.5566164450000031
