times:
  edit-metadata: 0.7280012220144272
  landing: 0.06224782206118107
  view-data: 1.5511930850334466
