times:
  edit-metadata: 1.7863635383546352
  landing: 0.2936230394989252
  view-data: 0.43622735142707825
