times:
  edit-metadata: 0.8872646614909172
  landing: 0.0424085333943367
  view-data: 0.5665507726371288
