times:
  edit-metadata: 0.9636336980038323
  landing: 0.04522199300117791
  view-data: 0.5893517860095017
