times:
  edit-metadata: 0.5343727529980242
  landing: 0.056349300022702664
  view-data: 1.589532337966375
