times:
  edit-metadata: 1.6290192240849137
  landing: 0.021619039587676525
  view-data: 0.022864248603582382
