times:
  edit-metadata: 0.6725108856335282
  landing: 0.051782489754259586
  view-data: 1.6640823287889361
