times:
  edit-metadata: 1.6601430419832468
  landing: 0.1568918563425541
  view-data: 0.09846910834312439
