times:
  edit-metadata: 1.001137287938036
  landing: 0.04998424998484552
  view-data: 0.5254973850678653
