times:
  edit-metadata: 1.6424215761944652
  landing: 0.0211409954354167
  view-data: 0.026214377023279667
