times:
  landing: 1.0648763730000042
  view-data: 0.5511391809999964
