times:
  landing: 1.0680762349999782
  view-data: 0.5560510980000117
