times:
  edit-metadata: 0.5337820269633085
  landing: 0.04706424102187157
  view-data: 2.763561248080805
