times:
  edit-metadata: 1.9938579238951206
  landing: 1.4739117212593555
  view-data: 3.307326100766659
