times:
  edit-metadata: 2.164570741355419
  landing: 1.5363990664482117
  view-data: 3.339013420045376
