times:
  edit-metadata: 1.9769364380044863
  landing: 1.4805336820427328
  view-data: 1.96606663800776
