times:
  edit-metadata: 1.6389426356181502
  landing: 0.02079001348465681
  view-data: 0.12295646406710148
