times:
  edit-metadata: 1.6883289366960526
  landing: 0.12633893638849258
  view-data: 2.4226009771227837
