times:
  edit-metadata: 0.9078204557299614
  landing: 0.04676196724176407
  view-data: 0.47042791172862053
