times:
  landing: 0.5459687750000057
  view-data: 0.5522076180000113
