times:
  edit-metadata: 0.6213068617507815
  landing: 0.1333732409402728
  view-data: 1.7049428028985858
