times:
  edit-metadata: 1.7611074317246675
  landing: 0.2495424561202526
  view-data: 2.1219597179442644
