times:
  landing: 1.6403968079999913
  view-data: 0.5661489579999852
