times:
  landing: 1.052581405000069
  view-data: 1.0581728010000688
