times:
  edit-metadata: 0.6097378772683442
  landing: 0.05150297377258539
  view-data: 0.8748282715678215
