times:
  edit-metadata: 1.6571970842778683
  landing: 0.022003404796123505
  view-data: 0.12327022291719913
