times:
  edit-metadata: 0.9333736766129732
  landing: 1.097045835107565
  view-data: 0.7483020015060902
