times:
  edit-metadata: 0.5056624219287187
  landing: 0.05853567807935178
  view-data: 1.6957024121657014
