times:
  edit-metadata: 0.911794263869524
  landing: 0.06437118351459503
  view-data: 0.5888237208127975
