times:
  landing: 0.5571170179999854
  view-data: 0.5614114199999563
