times:
  edit-metadata: 0.5831191595643759
  landing: 0.047128306701779366
  view-data: 1.6582424929365516
