times:
  edit-metadata: 1.8015975132584572
  landing: 0.019634991884231567
  view-data: 0.028775455430150032
