times:
  edit-metadata: 1.5727623421698809
  landing: 0.028549032285809517
  view-data: 0.025120709091424942
