times:
  edit-metadata: 1.9406994879245758
  landing: 1.474534958600998
  view-data: 1.6559667512774467
