times:
  edit-metadata: 0.8821821287274361
  landing: 1.3315277770161629
  view-data: 1.5285580158233643
