times:
  landing: 0.5428606140000056
  view-data: 0.5452151470000217
