times:
  edit-metadata: 0.9091115680057555
  landing: 0.047237848048098385
  view-data: 0.5476766349747777
