times:
  landing: 0.5507364530000132
  view-data: 0.5531679790000226
