times:
  edit-metadata: 1.8929324904456735
  landing: 1.5764570273458958
  view-data: 2.9653908386826515
