times:
  edit-metadata: 2.5710491873323917
  landing: 1.9772944804280996
  view-data: 2.840334919281304
