times:
  edit-metadata: 1.679121513850987
  landing: 0.020469151437282562
  view-data: 2.1677285693585873
