times:
  edit-metadata: 2.0788990892469883
  landing: 1.521090067923069
  view-data: 3.3269146606326103
