times:
  edit-metadata: 0.5391345201060176
  landing: 0.04159026290290058
  view-data: 1.8107548970729113
