times:
  edit-metadata: 1.6532049737870693
  landing: 0.11896007508039474
  view-data: 0.14895036444067955
