times:
  landing: 0.5540975810000077
  view-data: 0.5513234459999694
