times:
  edit-metadata: 0.8998436667025089
  landing: 0.04174622520804405
  view-data: 0.6052380949258804
