times:
  edit-metadata: 0.533865048084408
  landing: 0.03857850516214967
  view-data: 1.699379407800734
