times:
  edit-metadata: 2.527378659695387
  landing: 1.686117947101593
  view-data: 3.377135533839464
