times:
  edit-metadata: 1.6202397756278515
  landing: 0.022290514782071114
  view-data: 0.12275659665465355
