times:
  edit-metadata: 1.8884812518954277
  landing: 1.3229337092489004
  view-data: 2.1280687917023897
