times:
  edit-metadata: 1.9380854927003384
  landing: 1.3117218725383282
  view-data: 1.146212387830019
