times:
  edit-metadata: 1.6872696122154593
  landing: 0.02057750429958105
  view-data: 0.11936815641820431
