times:
  landing: 0.5549192610000091
  view-data: 0.5591452700000161
