times:
  landing: 0.548716751000029
  view-data: 0.5605684380000184
