times:
  edit-metadata: 0.6251433631405234
  landing: 0.054379419423639774
  view-data: 1.6528290156275034
