times:
  edit-metadata: 1.7710093073546886
  landing: 0.022730914875864983
  view-data: 0.16254645213484764
