times:
  edit-metadata: 0.995145795866847
  landing: 0.9253485724329948
  view-data: 0.7223196662962437
