times:
  edit-metadata: 0.7147490620263852
  landing: 0.10806059598689899
  view-data: 1.6353736920282245
