times:
  edit-metadata: 1.0031422786414623
  landing: 0.03965132590383291
  view-data: 0.8401821940205991
