times:
  edit-metadata: 0.6566926540108398
  landing: 0.08264354401035234
  view-data: 1.5855201470549218
