times:
  edit-metadata: 1.1245869547128677
  landing: 0.5091608949005604
  view-data: 0.8732711095362902
