times:
  landing: 0.5686261669999908
  view-data: 0.5604721149999818
