times:
  edit-metadata: 1.6472327336668968
  landing: 0.2317468486726284
  view-data: 1.8912896122783422
