times:
  edit-metadata: 1.9611788615584373
  landing: 1.2599066346883774
  view-data: 3.329550866037607
