times:
  edit-metadata: 2.7606694879941642
  landing: 1.7757605607621372
  view-data: 2.9349658889696
