times:
  edit-metadata: 2.5418492120224983
  landing: 1.7910366649739444
  view-data: 2.421270804014057
