times:
  edit-metadata: 1.6189792267978191
  landing: 0.1618927102535963
  view-data: 0.1301506944000721
