times:
  edit-metadata: 1.7074511591345072
  landing: 0.13635294884443283
  view-data: 0.026527101173996925
