times:
  landing: 0.6247334229999524
  view-data: 0.5657975260000399
