times:
  landing: 0.55394696999997
  view-data: 0.6893779450000466
