times:
  edit-metadata: 1.6238499656319618
  landing: 0.02276604063808918
  view-data: 1.7964212093502283
