times:
  edit-metadata: 0.8480565659701824
  landing: 0.04779636114835739
  view-data: 0.6285383328795433
