times:
  edit-metadata: 0.5451036989688873
  landing: 0.04736571293324232
  view-data: 3.0798208289779723
