times:
  edit-metadata: 0.855126554146409
  landing: 2.220503143966198
  view-data: 1.3949610404670238
