times:
  edit-metadata: 2.1877706376835704
  landing: 0.022009702399373055
  view-data: 0.12317242939025164
