times:
  edit-metadata: 2.646481217816472
  landing: 1.9294270272366703
  view-data: 2.2795991580933332
