times:
  edit-metadata: 0.5040348400361836
  landing: 0.07317640399560332
  view-data: 1.7351882520597428
