times:
  edit-metadata: 0.6209399490035139
  landing: 0.04383906099246815
  view-data: 2.3605420490494
