times:
  edit-metadata: 1.6850483361631632
  landing: 0.17003699764609337
  view-data: 1.809629151597619
