times:
  edit-metadata: 1.6357666924595833
  landing: 0.02317707985639572
  view-data: 0.027971787378191948
