times:
  edit-metadata: 0.9787580408155918
  landing: 0.04717672988772392
  view-data: 0.509018998593092
