times:
  edit-metadata: 1.8549312218092382
  landing: 1.6409283461980522
  view-data: 2.208962169010192
