times:
  edit-metadata: 0.8827653154730797
  landing: 0.05456419289112091
  view-data: 0.5974341221153736
