times:
  edit-metadata: 2.229441858828068
  landing: 1.5774866305291653
  view-data: 2.317562850192189
