times:
  landing: 0.551387716000022
  view-data: 0.5613209350000261
