times:
  edit-metadata: 0.6089078057557344
  landing: 0.0542484987527132
  view-data: 0.8665959970094264
