times:
  edit-metadata: 1.6616572309285402
  landing: 0.22559083811938763
  view-data: 0.130705782212317
