times:
  edit-metadata: 0.9775212481617928
  landing: 0.5813405960798264
  view-data: 0.6136721819639206
