times:
  edit-metadata: 0.5873493212275207
  landing: 0.04839716898277402
  view-data: 0.9378276038914919
