times:
  edit-metadata: 1.9531725086271763
  landing: 1.3437694497406483
  view-data: 2.008324893191457
