times:
  edit-metadata: 0.6052344432100654
  landing: 0.0504638678394258
  view-data: 2.6547249699942768
