times:
  edit-metadata: 2.0122778129880317
  landing: 0.30608258600113913
  view-data: 0.3013083749683574
