times:
  edit-metadata: 0.6229379479773343
  landing: 0.04473357694223523
  view-data: 1.6464000227861106
