times:
  landing: 0.5506286809999779
  view-data: 0.5552250460000323
