times:
  edit-metadata: 1.1540117170661688
  landing: 0.04163554799742997
  view-data: 0.8838416079524904
