times:
  edit-metadata: 2.387775097042322
  landing: 1.704123742878437
  view-data: 3.265478443354368
