times:
  edit-metadata: 0.6233173259533942
  landing: 0.043389310128986835
  view-data: 0.8866905081085861
