times:
  edit-metadata: 0.9140621181577444
  landing: 0.05148614710196853
  view-data: 0.511212428798899
