times:
  edit-metadata: 0.5144315562210977
  landing: 0.050023193936794996
  view-data: 1.9154537050053477
