times:
  edit-metadata: 1.6411855733022094
  landing: 0.021545659750699997
  view-data: 0.027762331999838352
