times:
  edit-metadata: 1.56506915576756
  landing: 0.018713440746068954
  view-data: 1.8459826651960611
