times:
  edit-metadata: 1.9883902333676815
  landing: 6.363251019269228
  view-data: 3.3238008692860603
