times:
  landing: 0.5553099690000067
  view-data: 0.5713729830000034
