times:
  edit-metadata: 0.9710974246263504
  landing: 3.1060908809304237
  view-data: 5.814279614016414
