times:
  edit-metadata: 1.6787845361977816
  landing: 0.01993926614522934
  view-data: 0.13545470871031284
