times:
  edit-metadata: 2.419472930021584
  landing: 2.3194886231794953
  view-data: 2.252206292003393
