times:
  edit-metadata: 0.9472456648945808
  landing: 0.8510187268257141
  view-data: 0.8310233037918806
