times:
  edit-metadata: 2.496105555444956
  landing: 1.8814593330025673
  view-data: 2.353970879688859
