times:
  edit-metadata: 0.5202252788003534
  landing: 0.07350790500640869
  view-data: 1.5555809971410781
