times:
  edit-metadata: 0.6249759942293167
  landing: 0.0532221719622612
  view-data: 1.5499273398891091
