times:
  edit-metadata: 2.5867572985589504
  landing: 1.9732361733913422
  view-data: 3.581450466066599
