times:
  edit-metadata: 1.8092390783131123
  landing: 0.023023562505841255
  view-data: 0.12180144991725683
