times:
  edit-metadata: 0.6031704437918961
  landing: 0.05067877471446991
  view-data: 1.5653419559821486
