times:
  edit-metadata: 2.0001542773097754
  landing: 1.2864723354578018
  view-data: 2.2837300803512335
