times:
  landing: 0.56027869899998
  view-data: 0.5551568679999832
