times:
  edit-metadata: 1.6254379665479064
  landing: 0.2184616420418024
  view-data: 2.1727147921919823
