times:
  edit-metadata: 1.956986356060952
  landing: 7.909545842092484
  view-data: 1.994961739052087
