times:
  edit-metadata: 1.5899940868839622
  landing: 0.11463826335966587
  view-data: 2.1556484512984753
