times:
  edit-metadata: 0.9012778885662556
  landing: 1.9340304881334305
  view-data: 1.0613833721727133
