times:
  edit-metadata: 0.9221237674355507
  landing: 0.045475490391254425
  view-data: 0.5916135124862194
