times:
  edit-metadata: 2.8890086775645614
  landing: 1.8139770738780499
  view-data: 2.0650524785742164
