times:
  landing: 0.5492617890000133
  view-data: 0.5505625060000057
