times:
  edit-metadata: 1.59673186019063
  landing: 0.20413340162485838
  view-data: 1.9085654495283961
