times:
  edit-metadata: 2.2138468213379383
  landing: 1.4054371267557144
  view-data: 3.362414550036192
