times:
  edit-metadata: 1.5745927281677723
  landing: 0.019862346351146698
  view-data: 0.1436288133263588
