times:
  edit-metadata: 0.8797047026455402
  landing: 0.048383623361587524
  view-data: 0.5293630100786686
