times:
  edit-metadata: 1.6379379965364933
  landing: 0.021326683461666107
  view-data: 1.8587872628122568
