times:
  edit-metadata: 0.971773070981726
  landing: 0.04622901900438592
  view-data: 0.5771738690091297
