times:
  landing: 1.0913559059999898
  view-data: 0.6162652799999933
