times:
  edit-metadata: 1.9770785477012396
  landing: 1.3028735592961311
  view-data: 1.9327055104076862
