times:
  edit-metadata: 2.207326825708151
  landing: 1.4349369183182716
  view-data: 1.1687256060540676
