times:
  edit-metadata: 1.6115742716938257
  landing: 1.3777613695710897
  view-data: 2.4628123473376036
