times:
  edit-metadata: 2.5360427610576153
  landing: 1.3903859928250313
  view-data: 3.3726233281195164
