times:
  edit-metadata: 2.0115137440152466
  landing: 1.8174131796695292
  view-data: 2.9958431171253324
