times:
  edit-metadata: 0.5454088628757745
  landing: 0.04595536598935723
  view-data: 2.428763889009133
