times:
  edit-metadata: 2.499304079450667
  landing: 1.816440686583519
  view-data: 2.1895658019930124
