times:
  landing: 0.5553694579999728
  view-data: 0.5593944070000134
