times:
  edit-metadata: 0.6557408212684095
  landing: 0.041477739345282316
  view-data: 1.6526032080873847
