times:
  edit-metadata: 1.6869726162403822
  landing: 0.02040931023657322
  view-data: 0.023969567380845547
