times:
  edit-metadata: 0.9578075353056192
  landing: 0.8561057057231665
  view-data: 1.104582292959094
