times:
  edit-metadata: 0.9506130963563919
  landing: 1.0974331013858318
  view-data: 0.7211532555520535
