times:
  landing: 0.5479836420000197
  view-data: 0.5517744640000046
