times:
  edit-metadata: 0.6030260069819633
  landing: 0.049284949025604874
  view-data: 1.6612493169959635
