times:
  edit-metadata: 1.6395287439227104
  landing: 0.021731341257691383
  view-data: 0.33425918966531754
