times:
  edit-metadata: 0.5110910999355838
  landing: 0.07019491295795888
  view-data: 1.454688454978168
