times:
  edit-metadata: 0.5394195520784706
  landing: 0.04812444094568491
  view-data: 2.810864544007927
