times:
  landing: 1.0653692580000325
  view-data: 0.5985786630000121
