times:
  edit-metadata: 0.6072205561213195
  landing: 0.0438171187415719
  view-data: 1.5882842033170164
