times:
  edit-metadata: 0.9758786160382442
  landing: 0.05402555002365261
  view-data: 0.5798750620451756
