times:
  edit-metadata: 0.5713684731163085
  landing: 0.05245467135682702
  view-data: 0.8740859869867563
