times:
  edit-metadata: 0.9086651392281055
  landing: 0.05264614149928093
  view-data: 0.5659677311778069
