times:
  edit-metadata: 1.5894050002098083
  landing: 0.023367874324321747
  view-data: 2.082037614658475
