times:
  edit-metadata: 2.025202796794474
  landing: 1.6988055221736431
  view-data: 2.432642625644803
