times:
  landing: 0.5491970720000268
  view-data: 0.5573114619999728
