times:
  landing: 1.1132636459999503
  view-data: 1.0823904200000243
