times:
  edit-metadata: 1.6894883178174496
  landing: 0.021891294047236443
  view-data: 0.027791672386229038
