times:
  edit-metadata: 1.0033662249916233
  landing: 0.04715723800472915
  view-data: 0.5356341440347023
