times:
  landing: 1.1055795790161937
  view-data: 0.551091835135594
