times:
  edit-metadata: 1.9096474163234234
  landing: 0.3111354671418667
  view-data: 0.16647279262542725
