times:
  edit-metadata: 1.1102017750963569
  landing: 0.05087196687236428
  view-data: 0.5475733450148255
