times:
  landing: 0.5727411410000514
  view-data: 0.5587895469999467
