times:
  edit-metadata: 0.9228835590183735
  landing: 0.8049107994884253
  view-data: 1.0865890812128782
