times:
  landing: 0.5529808690000664
  view-data: 0.648322124999936
