times:
  edit-metadata: 0.8871716428548098
  landing: 0.8534649070352316
  view-data: 1.084266759455204
