times:
  edit-metadata: 2.5880473819561303
  landing: 1.4979223641566932
  view-data: 2.22342595923692
