times:
  edit-metadata: 1.8745959475636482
  landing: 1.2444647178053856
  view-data: 0.9765320345759392
