times:
  landing: 1.0957832769999527
  view-data: 0.5576700389999587
