times:
  edit-metadata: 2.6931285709142685
  landing: 2.1035820990800858
  view-data: 2.1251793652772903
