times:
  edit-metadata: 1.8825860247015953
  landing: 7.518417172133923
  view-data: 1.0317289270460606
