times:
  edit-metadata: 0.8852667547762394
  landing: 0.05377248674631119
  view-data: 0.5761853158473969
