times:
  edit-metadata: 1.6517005376517773
  landing: 0.11757009383291006
  view-data: 0.026012755930423737
