times:
  edit-metadata: 0.8741911128163338
  landing: 0.052095964550971985
  view-data: 0.570543460547924
