times:
  edit-metadata: 1.9391100911889225
  landing: 1.5308382320217788
  view-data: 2.262245058780536
