times:
  edit-metadata: 0.9013470988720655
  landing: 0.044768763007596135
  view-data: 0.8767515930812806
