times:
  edit-metadata: 1.8176562897861004
  landing: 0.24405346810817719
  view-data: 0.3684911299496889
