times:
  edit-metadata: 1.6447392031550407
  landing: 1.2712739072740078
  view-data: 3.315822146832943
