times:
  landing: 1.1154777529999933
  view-data: 0.5578481279999892
