times:
  edit-metadata: 0.6221382300136611
  landing: 0.15067857399117202
  view-data: 1.9413193700020202
