times:
  edit-metadata: 1.6464060600847006
  landing: 0.1347851473838091
  view-data: 0.10125124640762806
