times:
  edit-metadata: 2.109079438028857
  landing: 1.519105541985482
  view-data: 2.00940753496252
