times:
  edit-metadata: 1.6023080796003342
  landing: 0.02526959590613842
  view-data: 0.09699180163443089
