times:
  edit-metadata: 1.9679634049534798
  landing: 1.6197483909782022
  view-data: 2.0880967071279883
