times:
  edit-metadata: 2.0915567809715867
  landing: 1.6582312537357211
  view-data: 2.090097287669778
