times:
  edit-metadata: 0.9963915550033562
  landing: 0.04383771400898695
  view-data: 0.5986834869981976
