times:
  edit-metadata: 0.944632887840271
  landing: 0.36658415384590626
  view-data: 0.6316120140254498
