times:
  edit-metadata: 0.5255228681489825
  landing: 0.05881487810984254
  view-data: 4.335226312046871
