times:
  landing: 1.0593613180003558
  view-data: 0.5507355210002061
