times:
  landing: 0.5552953630000275
  view-data: 0.5620370270000308
