times:
  edit-metadata: 0.593358410988003
  landing: 0.05863910028710961
  view-data: 1.5424197241663933
