times:
  edit-metadata: 0.9538490989943966
  landing: 0.04284253402147442
  view-data: 0.7215373159851879
