times:
  edit-metadata: 0.6308517870493233
  landing: 0.0496616056188941
  view-data: 0.859884541016072
