times:
  edit-metadata: 0.6020711469464004
  landing: 0.04137539537623525
  view-data: 0.8454496217891574
