times:
  edit-metadata: 0.9471538530196995
  landing: 0.040808613994158804
  view-data: 0.5303387880558148
