times:
  edit-metadata: 0.6867490247823298
  landing: 0.07533901836723089
  view-data: 1.025200772099197
