times:
  edit-metadata: 1.58511021733284
  landing: 0.12318154983222485
  view-data: 0.126776784658432
