times:
  landing: 1.0757506759999842
  view-data: 0.558047240999997
