times:
  edit-metadata: 0.8832907229661942
  landing: 0.7806268446147442
  view-data: 0.6980030350387096
