times:
  edit-metadata: 2.6022432949393988
  landing: 1.8552052676677704
  view-data: 1.8660492952913046
