times:
  edit-metadata: 2.076445210725069
  landing: 1.428361389786005
  view-data: 3.4089609012007713
