times:
  edit-metadata: 2.2445899145677686
  landing: 1.7430845675989985
  view-data: 2.2870881985872984
