times:
  edit-metadata: 0.9109777957201004
  landing: 0.04861369729042053
  view-data: 0.5325976498425007
