times:
  edit-metadata: 1.6980283446609974
  landing: 0.04482281394302845
  view-data: 2.6503929905593395
