times:
  edit-metadata: 1.9997231620363891
  landing: 1.9810122549533844
  view-data: 2.4693416012451053
