times:
  edit-metadata: 1.6647961055859923
  landing: 0.02015308290719986
  view-data: 0.12143655493855476
