times:
  edit-metadata: 1.2015499860281125
  landing: 0.06651360198156908
  view-data: 0.6165527749690227
