times:
  landing: 0.5446273549999887
  view-data: 0.6789219220000007
