times:
  edit-metadata: 0.7955151629867032
  landing: 0.06685047701466829
  view-data: 1.7366344780020881
