times:
  edit-metadata: 0.8366423211991787
  landing: 1.0509270746260881
  view-data: 1.2281149737536907
