times:
  edit-metadata: 0.9046852739993483
  landing: 0.04650844499701634
  view-data: 0.5746437489870004
