times:
  edit-metadata: 2.0492686480283737
  landing: 1.5982879772782326
  view-data: 2.061511715874076
