times:
  edit-metadata: 0.5807506060227752
  landing: 0.05161116784438491
  view-data: 0.9786984985694289
