times:
  edit-metadata: 0.8855576403439045
  landing: 0.048642247915267944
  view-data: 0.6031888611614704
