times:
  edit-metadata: 2.3410575203597546
  landing: 1.7081018276512623
  view-data: 1.723919838666916
