times:
  edit-metadata: 1.1444453920703381
  landing: 0.046569203957915306
  view-data: 0.9150224619079381
