times:
  edit-metadata: 1.6942258207127452
  landing: 0.02253507450222969
  view-data: 0.027734078466892242
