times:
  edit-metadata: 0.6652247729944065
  landing: 0.10394061193801463
  view-data: 2.1285858349874616
