times:
  edit-metadata: 2.175538580864668
  landing: 1.659297127276659
  view-data: 1.594220582395792
