times:
  landing: 0.6120772710000324
  view-data: 0.5664416619999884
