times:
  edit-metadata: 1.6283686254173517
  landing: 0.020603282377123833
  view-data: 0.02578185684978962
