times:
  landing: 0.5429067450000389
  view-data: 0.5595768189999717
