times:
  edit-metadata: 0.8676564507186413
  landing: 0.04385671019554138
  view-data: 0.5171460695564747
