times:
  edit-metadata: 1.8207321092486382
  landing: 0.3768352996557951
  view-data: 0.530929658561945
