times:
  edit-metadata: 0.899647131562233
  landing: 0.044516753405332565
  view-data: 0.6115191616117954
