times:
  edit-metadata: 2.112757124006748
  landing: 0.16379727236926556
  view-data: 1.914678456261754
