times:
  landing: 0.6102420749999737
  view-data: 0.5598937299999989
