times:
  edit-metadata: 1.0228458740748465
  landing: 0.05445556901395321
  view-data: 0.8688437230885029
