times:
  landing: 0.5588201510001909
  view-data: 0.5635392760000286
