times:
  edit-metadata: 1.6517788982018828
  landing: 0.021774055436253548
  view-data: 0.11867840681225061
