times:
  edit-metadata: 0.9281816501170397
  landing: 0.0508282445371151
  view-data: 0.6526186298578978
