times:
  edit-metadata: 0.5156496809795499
  landing: 0.08785204100422561
  view-data: 3.3943996028974652
