times:
  landing: 1.1272969585843384
  view-data: 0.5558399790897965
