times:
  edit-metadata: 0.8473713546991348
  landing: 0.5826307088136673
  view-data: 0.604786841198802
