times:
  landing: 0.558419774000015
  view-data: 0.5708582510000042
