times:
  edit-metadata: 0.552417878061533
  landing: 0.044945840956643224
  view-data: 1.5482366870855913
