times:
  edit-metadata: 3.8530090684071183
  landing: 1.8288782369345427
  view-data: 2.0941801983863115
