times:
  edit-metadata: 0.9488784489221871
  landing: 0.058877560310065746
  view-data: 0.8868323331698775
