times:
  edit-metadata: 0.9857782702893019
  landing: 0.05062481760978699
  view-data: 1.020068984478712
