times:
  landing: 1.593837649999955
  view-data: 0.5588720389999935
