times:
  edit-metadata: 1.9772396013140678
  landing: 2.0281273275613785
  view-data: 2.095282072201371
