times:
  edit-metadata: 0.8030387964099646
  landing: 0.06193691585212946
  view-data: 0.9128544577397406
