times:
  edit-metadata: 0.9220407512038946
  landing: 1.4969387575984001
  view-data: 1.386344751343131
