times:
  edit-metadata: 0.9185890359804034
  landing: 0.052167418878525496
  view-data: 0.8707033297978342
