times:
  landing: 1.0646305290001692
  view-data: 0.5502908610001214
