times:
  edit-metadata: 1.9992442317306995
  landing: 1.528996135108173
  view-data: 4.931137224193662
