times:
  edit-metadata: 1.6101277526468039
  landing: 0.12023035250604153
  view-data: 0.13668183982372284
