times:
  landing: 0.5583811469999773
  view-data: 0.5710401830000364
