times:
  edit-metadata: 2.520102374255657
  landing: 1.512146521359682
  view-data: 3.374705158174038
