times:
  edit-metadata: 0.9450002579833381
  landing: 0.06252169498475268
  view-data: 0.5827654280001298
