times:
  edit-metadata: 1.9898055344820023
  landing: 1.6217521354556084
  view-data: 3.4589001312851906
