times:
  edit-metadata: 1.662559112533927
  landing: 0.11611890234053135
  view-data: 0.023978739976882935
