times:
  edit-metadata: 1.054334769025445
  landing: 0.0561622679233551
  view-data: 0.6244957074522972
