times:
  edit-metadata: 0.9477679280098528
  landing: 0.12344632088206708
  view-data: 0.9338990501128137
