times:
  edit-metadata: 2.0546350106596947
  landing: 1.378740943968296
  view-data: 2.066347908228636
