times:
  edit-metadata: 2.1205442175269127
  landing: 1.40845313295722
  view-data: 1.0971750505268574
