times:
  edit-metadata: 2.891831584274769
  landing: 2.4352387953549623
  view-data: 1.8675694055855274
