times:
  edit-metadata: 1.12555380910635
  landing: 0.05533198616467416
  view-data: 0.5573136787861586
