times:
  edit-metadata: 0.5346731279996675
  landing: 0.05445771899940155
  view-data: 1.5929544929995245
