times:
  edit-metadata: 0.508967426023446
  landing: 0.06101196596864611
  view-data: 0.2200710999313742
