times:
  edit-metadata: 1.6125461757183075
  landing: 0.7630625404417515
  view-data: 3.269031450152397
