times:
  edit-metadata: 1.3112226789817214
  landing: 0.0215444378554821
  view-data: 0.022162562236189842
