times:
  edit-metadata: 0.5125549109652638
  landing: 0.047984628938138485
  view-data: 0.21257336204871535
