times:
  edit-metadata: 3.0998685844242573
  landing: 1.134402047842741
  view-data: 3.9883585684001446
