times:
  edit-metadata: 0.43932750169187784
  landing: 0.05141758266836405
  view-data: 0.20437869057059288
