times:
  edit-metadata: 1.4083311296999454
  landing: 0.8473436236381531
  view-data: 3.3009653948247433
