times:
  edit-metadata: 1.6257652826607227
  landing: 0.7811660915613174
  view-data: 3.313186936080456
