times:
  edit-metadata: 1.4314411133527756
  landing: 0.7116347122937441
  view-data: 3.3334429915994406
