times:
  edit-metadata: 1.3409763518720865
  landing: 0.15600968804210424
  view-data: 0.12493647169321775
