times:
  edit-metadata: 1.4208375457674265
  landing: 0.7295301333069801
  view-data: 3.3387209344655275
