times:
  edit-metadata: 1.446366243995726
  landing: 1.004529677098617
  view-data: 3.358959252014756
