times:
  edit-metadata: 0.6292398511432111
  landing: 0.05456290673464537
  view-data: 0.324208025354892
