times:
  edit-metadata: 1.2739575179293752
  landing: 0.11914788093417883
  view-data: 0.4277506899088621
