times:
  edit-metadata: 0.5387531430460513
  landing: 0.058502955827862024
  view-data: 0.21420611697249115
