times:
  edit-metadata: 1.3545180689543486
  landing: 0.20662419870495796
  view-data: 0.4344126367941499
