times:
  edit-metadata: 0.4435189119540155
  landing: 0.04770552087575197
  view-data: 0.20604285784065723
