times:
  edit-metadata: 0.4204556979238987
  landing: 0.037582685239613056
  view-data: 0.19538804329931736
