times:
  edit-metadata: 1.385072136297822
  landing: 0.20667672157287598
  view-data: 0.28146190382540226
