times:
  edit-metadata: 1.3159920759499073
  landing: 0.023759741336107254
  view-data: 0.2644813172519207
