times:
  edit-metadata: 0.49031234899302945
  landing: 0.04790728499938268
  view-data: 0.2030712479900103
