times:
  edit-metadata: 1.7264975868165493
  landing: 1.1892293617129326
  view-data: 3.381512036547065
