times:
  edit-metadata: 1.482587307691574
  landing: 0.7018490862101316
  view-data: 3.399505879729986
