times:
  edit-metadata: 0.4132656091824174
  landing: 0.04969418188557029
  view-data: 0.19560265028849244
