times:
  edit-metadata: 1.630440168082714
  landing: 0.9370966143906116
  view-data: 3.4201861172914505
