times:
  edit-metadata: 1.3448596931993961
  landing: 0.6690354701131582
  view-data: 3.3698297925293446
