times:
  edit-metadata: 1.5082342773675919
  landing: 0.8491930039599538
  view-data: 3.4145810175687075
