times:
  edit-metadata: 0.46912394603714347
  landing: 0.08026016736403108
  view-data: 0.22113377507776022
