times:
  edit-metadata: 1.504216156899929
  landing: 0.6657752320170403
  view-data: 3.346902832388878
