times:
  edit-metadata: 1.6367705054581165
  landing: 0.8922199942171574
  view-data: 3.346877507865429
