times:
  edit-metadata: 1.6143137775361538
  landing: 0.9099265336990356
  view-data: 3.3659593090415
