times:
  edit-metadata: 1.4821971915662289
  landing: 0.7308636326342821
  view-data: 3.387476798146963
