times:
  edit-metadata: 1.2432261230424047
  landing: 0.02092084102332592
  view-data: 0.025743737816810608
