times:
  edit-metadata: 1.4215704314410686
  landing: 0.7677413411438465
  view-data: 3.3534119594842196
