times:
  edit-metadata: 0.400384321808815
  landing: 0.05413141893222928
  view-data: 0.2049186839722097
