times:
  edit-metadata: 1.3517566584050655
  landing: 0.02069435454905033
  view-data: 0.312618188560009
