times:
  edit-metadata: 1.3065154273062944
  landing: 0.12917928956449032
  view-data: 0.13051215186715126
