times:
  edit-metadata: 1.5241595841944218
  landing: 0.7829696070402861
  view-data: 3.3231775369495153
