times:
  edit-metadata: 0.5024436828680336
  landing: 0.08901758911088109
  view-data: 0.2891210583038628
