times:
  edit-metadata: 1.889597024768591
  landing: 1.2714978083968163
  view-data: 3.5019961521029472
