times:
  edit-metadata: 1.4546072762459517
  landing: 0.021307792514562607
  view-data: 0.3186679817736149
