times:
  edit-metadata: 1.4192317752167583
  landing: 0.813035567291081
  view-data: 3.3380683162249625
