times:
  edit-metadata: 1.2203289987519383
  landing: 0.021306641399860382
  view-data: 0.026725297793745995
