times:
  edit-metadata: 1.4240189269185066
  landing: 0.022255323827266693
  view-data: 0.024395445361733437
