times:
  edit-metadata: 1.3176183216273785
  landing: 0.18834109604358673
  view-data: 0.41456027794629335
