times:
  edit-metadata: 1.4854790177196264
  landing: 0.7120011281222105
  view-data: 3.4280432295054197
