times:
  edit-metadata: 3.912264872342348
  landing: 2.337494533509016
  view-data: 4.103179510682821
