times:
  edit-metadata: 1.6619055848568678
  landing: 0.01989677455276251
  view-data: 0.056785598397254944
