times:
  edit-metadata: 0.42013905895873904
  landing: 0.04293552506715059
  view-data: 0.1951218848116696
