times:
  edit-metadata: 0.49973562080413103
  landing: 0.05552798928692937
  view-data: 0.21279711229726672
