times:
  edit-metadata: 1.4859510324895382
  landing: 0.7242687921971083
  view-data: 3.38446681573987
