times:
  edit-metadata: 1.4360358472913504
  landing: 0.021548349410295486
  view-data: 0.12638764642179012
