times:
  edit-metadata: 1.5883467085659504
  landing: 1.7910274490714073
  view-data: 3.4491628855466843
