times:
  edit-metadata: 1.606610031798482
  landing: 0.24122359976172447
  view-data: 0.027102679014205933
