times:
  edit-metadata: 0.45163289600168355
  landing: 0.07107763000385603
  view-data: 0.23199085400119657
