times:
  edit-metadata: 0.4837454971857369
  landing: 0.056223862105980515
  view-data: 0.2038639800157398
