times:
  edit-metadata: 1.5482013933360577
  landing: 1.0481693930923939
  view-data: 3.3795811384916306
