times:
  edit-metadata: 1.417298105545342
  landing: 0.7909147460013628
  view-data: 3.346430653706193
