times:
  edit-metadata: 0.46119371405802667
  landing: 0.06818523199763149
  view-data: 0.2049105780897662
