times:
  edit-metadata: 0.49761669398867525
  landing: 0.05191229499178007
  view-data: 0.5556902269890998
