times:
  edit-metadata: 1.3663508631289005
  landing: 0.8101384304463863
  view-data: 3.281027864664793
