times:
  edit-metadata: 0.4534438829869032
  landing: 0.0636694310232997
  view-data: 0.21521800593473017
