times:
  edit-metadata: 1.3151721581816673
  landing: 0.019041845574975014
  view-data: 0.022385908290743828
