times:
  edit-metadata: 1.4646238591521978
  landing: 0.15578933618962765
  view-data: 0.02484552003443241
