times:
  edit-metadata: 1.5343354735523462
  landing: 0.023662537336349487
  view-data: 0.18165964633226395
