times:
  edit-metadata: 1.5401609316468239
  landing: 0.796314362436533
  view-data: 3.459134878590703
