times:
  edit-metadata: 1.4481498785316944
  landing: 0.9198141992092133
  view-data: 3.3451093025505543
