times:
  edit-metadata: 0.46445192606188357
  landing: 0.053130791056901217
  view-data: 0.20093456213362515
