times:
  edit-metadata: 1.2836905382573605
  landing: 0.18660726957023144
  view-data: 0.025418881326913834
