times:
  edit-metadata: 1.3605775721371174
  landing: 0.75092320330441
  view-data: 3.2762437351047993
