times:
  edit-metadata: 1.5045714229345322
  landing: 0.9261468686163425
  view-data: 3.323913313448429
