times:
  edit-metadata: 1.7155343107879162
  landing: 0.9242473915219307
  view-data: 3.5342974960803986
