times:
  edit-metadata: 1.6547258696518838
  landing: 0.9014839930459857
  view-data: 3.517585333902389
