times:
  edit-metadata: 1.5052368566393852
  landing: 0.7298754267394543
  view-data: 3.3982948809862137
