times:
  edit-metadata: 0.4427177459001541
  landing: 0.04686168488115072
  view-data: 0.20060833264142275
