times:
  edit-metadata: 0.48306475579738617
  landing: 0.05773741891607642
  view-data: 0.21380975283682346
