times:
  edit-metadata: 0.4511582690756768
  landing: 0.05561182298697531
  view-data: 0.3013413120061159
