times:
  edit-metadata: 0.4132722979411483
  landing: 0.05268074106425047
  view-data: 0.21318909991532564
