times:
  edit-metadata: 1.5664234720170498
  landing: 0.838011231739074
  view-data: 3.4175973189994693
