times:
  edit-metadata: 1.2959669390693307
  landing: 0.21270019188523293
  view-data: 0.12187840417027473
