times:
  edit-metadata: 1.4614242799580097
  landing: 0.7707451917231083
  view-data: 3.3375174589455128
