times:
  edit-metadata: 1.3094458477571607
  landing: 0.021509704180061817
  view-data: 0.1256825514137745
