times:
  edit-metadata: 1.6623753774911165
  landing: 0.808584994636476
  view-data: 3.3639390049502254
