times:
  edit-metadata: 1.5187289351597428
  landing: 0.697743583470583
  view-data: 3.551681911572814
