times:
  edit-metadata: 1.3129431940615177
  landing: 0.02163683995604515
  view-data: 0.3309486601501703
