times:
  edit-metadata: 0.4150171070359647
  landing: 0.05437645222991705
  view-data: 0.1979575902223587
