times:
  edit-metadata: 1.283118319697678
  landing: 0.11617469042539597
  view-data: 0.3922174833714962
