times:
  edit-metadata: 1.4345413446426392
  landing: 0.9322682805359364
  view-data: 3.3715026900172234
