times:
  edit-metadata: 1.2300720745697618
  landing: 0.019985818304121494
  view-data: 0.028370906598865986
