times:
  edit-metadata: 1.4907168494537473
  landing: 0.7846392579376698
  view-data: 3.366531003266573
