times:
  edit-metadata: 1.6311578806489706
  landing: 0.9912227839231491
  view-data: 3.4439332000911236
