times:
  edit-metadata: 1.317745167762041
  landing: 0.8129255119711161
  view-data: 3.3078646510839462
