times:
  edit-metadata: 1.2328397780656815
  landing: 0.021766362711787224
  view-data: 0.02894076704978943
