times:
  edit-metadata: 1.3214057311415672
  landing: 0.12105612270534039
  view-data: 0.3162175789475441
