times:
  edit-metadata: 1.4838739149272442
  landing: 0.9078646302223206
  view-data: 3.4110893942415714
