times:
  edit-metadata: 1.4364633336663246
  landing: 1.0519867464900017
  view-data: 3.4355554580688477
