times:
  edit-metadata: 1.239608770236373
  landing: 0.018238196149468422
  view-data: 0.11727355234324932
