times:
  edit-metadata: 1.6100282669067383
  landing: 0.8605289608240128
  view-data: 3.396401571109891
