times:
  edit-metadata: 1.328387187793851
  landing: 0.1186423972249031
  view-data: 0.1383596369996667
