times:
  edit-metadata: 2.16084305010736
  landing: 1.0906857550144196
  view-data: 3.634019860997796
