times:
  edit-metadata: 1.388959826901555
  landing: 0.020462922751903534
  view-data: 0.24555664137005806
