times:
  edit-metadata: 1.5345448311418295
  landing: 0.7644692957401276
  view-data: 3.3658862709999084
