times:
  edit-metadata: 1.2177313538268209
  landing: 0.0205969400703907
  view-data: 0.11771519295871258
