times:
  edit-metadata: 1.2142786411568522
  landing: 0.02481706067919731
  view-data: 0.43809045013040304
