times:
  edit-metadata: 1.47619354352355
  landing: 0.8165275976061821
  view-data: 3.3421408869326115
