times:
  edit-metadata: 1.53596300072968
  landing: 0.8049548640847206
  view-data: 3.422422856092453
