times:
  edit-metadata: 0.44527463614940643
  landing: 0.04689786396920681
  view-data: 0.29132087528705597
