times:
  edit-metadata: 0.49431209405884147
  landing: 0.04644124489277601
  view-data: 0.21494976594112813
