times:
  edit-metadata: 1.331000106409192
  landing: 0.12745744362473488
  view-data: 0.3020690642297268
