times:
  edit-metadata: 1.5930377840995789
  landing: 1.0491588190197945
  view-data: 3.3730450570583344
