times:
  edit-metadata: 1.278040686622262
  landing: 0.19847015663981438
  view-data: 0.3292563874274492
