times:
  edit-metadata: 1.4479171792045236
  landing: 0.7807594239711761
  view-data: 3.332121394574642
