times:
  edit-metadata: 0.6220221808180213
  landing: 0.07620979426428676
  view-data: 0.23285771626979113
