times:
  edit-metadata: 1.2979747289791703
  landing: 0.018966002389788628
  view-data: 0.1457217875868082
