times:
  edit-metadata: 1.2610387280583382
  landing: 0.020362313836812973
  view-data: 0.3079199455678463
