times:
  edit-metadata: 1.2808942729607224
  landing: 0.02079812530428171
  view-data: 0.45852603670209646
