times:
  edit-metadata: 0.4070194782689214
  landing: 0.041310850996524096
  view-data: 0.1953856609761715
