times:
  edit-metadata: 1.2180174812674522
  landing: 0.02284480258822441
  view-data: 0.02509426884353161
