times:
  edit-metadata: 0.417587710544467
  landing: 0.052975915372371674
  view-data: 0.20181525871157646
