times:
  edit-metadata: 0.39702405221760273
  landing: 0.03719896776601672
  view-data: 0.20803471887484193
