times:
  edit-metadata: 1.437691356986761
  landing: 0.8578461371362209
  view-data: 3.30344782397151
