times:
  edit-metadata: 1.417320627719164
  landing: 1.0356272086501122
  view-data: 3.4102769754827023
