times:
  edit-metadata: 1.4252952840179205
  landing: 0.7378869629465044
  view-data: 3.3703561793081462
