times:
  edit-metadata: 1.2376620983704925
  landing: 0.02021497581154108
  view-data: 0.09736746456474066
