times:
  edit-metadata: 1.275246523320675
  landing: 0.021190207451581955
  view-data: 0.14791888557374477
