times:
  edit-metadata: 1.5073611922562122
  landing: 0.9089861288666725
  view-data: 3.4134801477193832
