times:
  edit-metadata: 1.4389900341629982
  landing: 0.8984955884516239
  view-data: 3.4626911021769047
