times:
  edit-metadata: 0.40852723084390163
  landing: 0.040480822790414095
  view-data: 0.19733019126579165
