times:
  edit-metadata: 1.2873300267383456
  landing: 0.020645626820623875
  view-data: 0.02593562938272953
