times:
  edit-metadata: 1.2258514780551195
  landing: 0.023401523008942604
  view-data: 0.02735104039311409
