times:
  edit-metadata: 0.4885697909630835
  landing: 0.06174233299680054
  view-data: 0.20980146108195186
