times:
  edit-metadata: 1.5482454635202885
  landing: 0.1405266933143139
  view-data: 0.35700592398643494
