times:
  edit-metadata: 1.570470005273819
  landing: 0.8419294394552708
  view-data: 3.4086164329200983
