times:
  edit-metadata: 1.2314359471201897
  landing: 0.11991887725889683
  view-data: 0.026556357741355896
