times:
  edit-metadata: 1.3573178946971893
  landing: 0.024907706305384636
  view-data: 0.24362551979720592
