times:
  edit-metadata: 1.5575270727276802
  landing: 0.9319464415311813
  view-data: 3.3530327640473843
