times:
  edit-metadata: 1.2173496168106794
  landing: 0.21392738539725542
  view-data: 0.40688948053866625
