times:
  edit-metadata: 0.4648422549944371
  landing: 0.07045629702042788
  view-data: 0.21517731994390488
