times:
  edit-metadata: 1.4147584848105907
  landing: 0.8502558264881372
  view-data: 3.392195973545313
