times:
  edit-metadata: 1.3135068994015455
  landing: 0.02101178467273712
  view-data: 0.027720196172595024
