times:
  edit-metadata: 1.500120673328638
  landing: 1.0552250556647778
  view-data: 3.42800709977746
