times:
  edit-metadata: 0.4901368780992925
  landing: 0.06756501505151391
  view-data: 0.21960630314424634
