times:
  edit-metadata: 1.2254112912341952
  landing: 0.02211595419794321
  view-data: 0.12166703399270773
