times:
  edit-metadata: 1.2618388263508677
  landing: 0.18437182065099478
  view-data: 0.11789289116859436
