times:
  edit-metadata: 1.4442881345748901
  landing: 0.8290655892342329
  view-data: 0.6370288319885731
