times:
  edit-metadata: 1.4682940957136452
  landing: 0.9848091006278992
  view-data: 3.6244719470851123
