times:
  edit-metadata: 1.6666259095072746
  landing: 0.9913396388292313
  view-data: 3.39674374088645
