times:
  edit-metadata: 1.442258719354868
  landing: 0.7978170998394489
  view-data: 3.3141436018049717
