times:
  edit-metadata: 3.1410760767757893
  landing: 1.4250147119164467
  view-data: 3.5626216270029545
