times:
  edit-metadata: 1.3490023240447044
  landing: 0.01988249458372593
  view-data: 0.1408761041238904
