times:
  edit-metadata: 1.3116394458338618
  landing: 0.022588109597563744
  view-data: 0.026069804094731808
