times:
  edit-metadata: 1.5799406026490033
  landing: 0.8150790799409151
  view-data: 3.383108566980809
