times:
  edit-metadata: 1.2575975907966495
  landing: 0.02134403120726347
  view-data: 0.22676015459001064
