times:
  edit-metadata: 0.42150888685137033
  landing: 0.04050627816468477
  view-data: 0.20340105332434177
