times:
  edit-metadata: 1.34248086810112
  landing: 0.9194667935371399
  view-data: 3.332794561982155
