times:
  edit-metadata: 1.374334553256631
  landing: 0.19172311760485172
  view-data: 0.3394797146320343
