times:
  edit-metadata: 1.4045671224594116
  landing: 0.8511180728673935
  view-data: 3.3113835752010345
