times:
  edit-metadata: 1.3682929389178753
  landing: 0.12392935901880264
  view-data: 0.02556716278195381
