times:
  edit-metadata: 1.47388706356287
  landing: 0.7682580761611462
  view-data: 3.4287248607724905
