times:
  edit-metadata: 1.4765170365571976
  landing: 0.8957873489707708
  view-data: 3.4291177857667208
