times:
  edit-metadata: 1.4969391897320747
  landing: 0.9181113410741091
  view-data: 3.462792294099927
