times:
  edit-metadata: 0.5077303780708462
  landing: 0.05672868900001049
  view-data: 0.20696167298592627
