times:
  edit-metadata: 1.294815774075687
  landing: 0.09275476261973381
  view-data: 0.02704817708581686
