times:
  edit-metadata: 0.4007521439343691
  landing: 0.05161077482625842
  view-data: 0.20772715704515576
