times:
  edit-metadata: 1.3096479894593358
  landing: 0.22155352123081684
  view-data: 0.4127781977877021
