times:
  edit-metadata: 1.2167050587013364
  landing: 0.02173971477895975
  view-data: 0.2379928594455123
