times:
  edit-metadata: 0.5171662117354572
  landing: 0.0514789130538702
  view-data: 0.20150330383330584
