times:
  edit-metadata: 0.4007588140666485
  landing: 0.04730005096644163
  view-data: 0.2069650525227189
