times:
  edit-metadata: 1.2360208285972476
  landing: 0.019784550182521343
  view-data: 0.02474187407642603
