times:
  edit-metadata: 0.4146613902412355
  landing: 0.04246198479086161
  view-data: 0.19084255676716566
