times:
  edit-metadata: 1.5812744973227382
  landing: 0.9233273882418871
  view-data: 3.3862741589546204
