times:
  edit-metadata: 1.3969836197793484
  landing: 0.32581192441284657
  view-data: 0.3425131496042013
