times:
  edit-metadata: 1.28392063267529
  landing: 0.02139490284025669
  view-data: 0.025458460673689842
