times:
  edit-metadata: 1.2575612356886268
  landing: 0.02219053916633129
  view-data: 0.026371202431619167
