times:
  edit-metadata: 0.4277211809530854
  landing: 0.04713569488376379
  view-data: 0.19201422296464443
