times:
  edit-metadata: 0.41223506163805723
  landing: 0.04842190258204937
  view-data: 0.19799757562577724
