times:
  edit-metadata: 0.4351282920688391
  landing: 0.04906990611925721
  view-data: 0.20262269210070372
