times:
  edit-metadata: 1.2852674294263124
  landing: 0.019748900085687637
  view-data: 0.02511526085436344
