times:
  edit-metadata: 1.5156425349414349
  landing: 0.9146984219551086
  view-data: 3.44114051386714
