times:
  edit-metadata: 1.3710701139643788
  landing: 0.8265451928600669
  view-data: 3.4328906929586083
