times:
  edit-metadata: 0.5049699129885994
  landing: 0.05960858799517155
  view-data: 0.2208349869470112
