times:
  edit-metadata: 1.5267660059034824
  landing: 0.8368790373206139
  view-data: 3.4710424579679966
