times:
  edit-metadata: 1.4971134886145592
  landing: 0.7169836722314358
  view-data: 3.4148084484040737
