times:
  edit-metadata: 0.5049473230028525
  landing: 0.04521690297406167
  view-data: 0.2060042560333386
