times:
  edit-metadata: 1.493172423914075
  landing: 0.04328528791666031
  view-data: 0.022987065836787224
