times:
  edit-metadata: 1.417043387889862
  landing: 0.8718708120286465
  view-data: 3.354379314929247
