times:
  edit-metadata: 1.6379842795431614
  landing: 1.1065778285264969
  view-data: 3.398777946829796
