times:
  edit-metadata: 1.2306063389405608
  landing: 0.11595493089407682
  view-data: 0.39565484412014484
