times:
  edit-metadata: 1.3563279043883085
  landing: 0.8077701274305582
  view-data: 3.3271840903908014
