times:
  edit-metadata: 0.4552692295983434
  landing: 0.04947453876957297
  view-data: 0.20011267019435763
