times:
  edit-metadata: 0.509789431001991
  landing: 0.08198792487382889
  view-data: 0.32494146190583706
