times:
  edit-metadata: 1.3614657437428832
  landing: 0.9563851486891508
  view-data: 3.357918688096106
