times:
  edit-metadata: 0.43970999028533697
  landing: 0.04693659767508507
  view-data: 0.20055484166368842
