times:
  edit-metadata: 1.629277665168047
  landing: 0.16741104051470757
  view-data: 0.3723673075437546
