times:
  edit-metadata: 1.3778077121824026
  landing: 0.021394595503807068
  view-data: 0.32981599122285843
