times:
  edit-metadata: 0.5026010859874077
  landing: 0.060241220984607935
  view-data: 0.20497356200939976
