times:
  edit-metadata: 1.2545724902302027
  landing: 0.09955974202603102
  view-data: 0.02538753580302
