times:
  edit-metadata: 0.42387213092297316
  landing: 0.05010544275864959
  view-data: 0.21779971104115248
