times:
  edit-metadata: 0.39829207863658667
  landing: 0.05193011835217476
  view-data: 0.32538024242967367
