times:
  edit-metadata: 0.48490616198978387
  landing: 0.05875174998072907
  view-data: 0.22305396298179403
