times:
  edit-metadata: 1.2943335305899382
  landing: 0.13830508291721344
  view-data: 0.029857760295271873
