times:
  edit-metadata: 1.49498076364398
  landing: 0.7672832328826189
  view-data: 3.4729146771132946
