times:
  edit-metadata: 0.43447963101789355
  landing: 0.038073652889579535
  view-data: 0.1950588938780129
