times:
  edit-metadata: 0.6579499230720103
  landing: 0.06355927139520645
  view-data: 0.3029113868251443
