times:
  edit-metadata: 1.626705378293991
  landing: 0.7253950648009777
  view-data: 3.2858906760811806
