times:
  edit-metadata: 1.232889731414616
  landing: 0.0206030011177063
  view-data: 0.027016921900212765
