times:
  edit-metadata: 1.7898128144443035
  landing: 0.19098780117928982
  view-data: 0.4486661124974489
