times:
  edit-metadata: 1.3364285603165627
  landing: 0.7953437380492687
  view-data: 3.2748822197318077
