times:
  edit-metadata: 1.4534525163471699
  landing: 0.02304813079535961
  view-data: 0.15439938381314278
