times:
  edit-metadata: 0.5016689689946361
  landing: 0.05827997898450121
  view-data: 0.21665405598469079
