times:
  edit-metadata: 0.46824108297005296
  landing: 0.06851752591319382
  view-data: 0.3380142750684172
