times:
  edit-metadata: 1.3928913064301014
  landing: 0.9191321097314358
  view-data: 3.3279004096984863
