times:
  edit-metadata: 1.615148089826107
  landing: 0.7758713904768229
  view-data: 3.380122287198901
