times:
  edit-metadata: 1.3005183897912502
  landing: 0.02143636718392372
  view-data: 0.24154483154416084
