times:
  edit-metadata: 1.3224259549751878
  landing: 0.02008738648146391
  view-data: 0.39183209650218487
