times:
  edit-metadata: 1.4674354083836079
  landing: 0.9143574722111225
  view-data: 3.3677264135330915
