times:
  edit-metadata: 1.4850653558969498
  landing: 0.8338902518153191
  view-data: 3.442510165274143
