times:
  edit-metadata: 1.4242677725851536
  landing: 0.8117800764739513
  view-data: 3.3678139746189117
