times:
  edit-metadata: 0.48895036918111145
  landing: 0.046394841047003865
  view-data: 0.21516710612922907
