times:
  edit-metadata: 1.5021104253828526
  landing: 0.8552224412560463
  view-data: 3.443057294934988
