times:
  edit-metadata: 1.5250902194529772
  landing: 0.6785853244364262
  view-data: 3.3809620700776577
