times:
  edit-metadata: 1.5205085091292858
  landing: 0.9024922549724579
  view-data: 3.4118625298142433
