times:
  edit-metadata: 1.237629528157413
  landing: 0.02104345802217722
  view-data: 0.12306284252554178
