times:
  edit-metadata: 1.4175416929647326
  landing: 0.7970312610268593
  view-data: 3.368284027092159
