times:
  edit-metadata: 1.3543184222653508
  landing: 0.7954518608748913
  view-data: 0.5312410825863481
