times:
  edit-metadata: 0.39910423289984465
  landing: 0.04489079723134637
  view-data: 0.19139940897002816
