times:
  edit-metadata: 1.3944855462759733
  landing: 0.14200178161263466
  view-data: 0.02647235058248043
