times:
  edit-metadata: 1.2557277418673038
  landing: 0.13089025020599365
  view-data: 0.1190675999969244
