times:
  edit-metadata: 0.4668339829950128
  landing: 0.058422078989678994
  view-data: 0.22768460700172
