times:
  edit-metadata: 1.3554401714354753
  landing: 0.1354832500219345
  view-data: 0.10232675820589066
