times:
  edit-metadata: 1.3614502921700478
  landing: 0.13326343521475792
  view-data: 0.0279548317193985
