times:
  edit-metadata: 1.3594162836670876
  landing: 0.7526413910090923
  view-data: 3.3073596321046352
