times:
  edit-metadata: 1.4825948104262352
  landing: 0.28644017688930035
  view-data: 0.3636233676224947
