times:
  edit-metadata: 1.6626982986927032
  landing: 1.303059071302414
  view-data: 3.4365064911544323
