times:
  edit-metadata: 1.2374403020367026
  landing: 0.15397120267152786
  view-data: 0.12498338986188173
