times:
  edit-metadata: 1.4691856279969215
  landing: 0.8468415699899197
  view-data: 3.4147680420428514
