times:
  edit-metadata: 1.4161914214491844
  landing: 0.8718226291239262
  view-data: 3.309915170073509
