times:
  edit-metadata: 0.41743525164201856
  landing: 0.05159703874960542
  view-data: 0.1922837640158832
