times:
  edit-metadata: 1.6500489450991154
  landing: 0.020784773863852024
  view-data: 0.026684285141527653
