times:
  edit-metadata: 1.4804589413106441
  landing: 0.7443161867558956
  view-data: 3.3740566316992044
