times:
  edit-metadata: 0.4968429040018236
  landing: 0.05771877899678657
  view-data: 0.21764033400540939
