times:
  edit-metadata: 0.4831045250175521
  landing: 0.06202399998437613
  view-data: 0.3301188750192523
