times:
  edit-metadata: 1.648823520168662
  landing: 0.8280080407857895
  view-data: 3.3761974200606346
