times:
  edit-metadata: 1.4836907107383013
  landing: 0.7640443984419107
  view-data: 3.315965371206403
