times:
  edit-metadata: 1.2219047723338008
  landing: 0.02086002007126808
  view-data: 0.11646268144249916
