times:
  edit-metadata: 1.2692406931892037
  landing: 0.15098019875586033
  view-data: 0.4505262216553092
