times:
  edit-metadata: 1.5860838778316975
  landing: 1.0244250521063805
  view-data: 3.378084108233452
