times:
  edit-metadata: 0.49052283691708
  landing: 0.055530190002173185
  view-data: 0.20440561999566853
