times:
  edit-metadata: 0.44195727026090026
  landing: 0.04843344818800688
  view-data: 0.20434435363858938
