times:
  edit-metadata: 0.46825641789473593
  landing: 0.04939350695349276
  view-data: 0.2078379790764302
