times:
  edit-metadata: 1.64162493404001
  landing: 0.019474809989333153
  view-data: 0.15538457222282887
