times:
  edit-metadata: 1.313052086159587
  landing: 0.020312000066041946
  view-data: 0.29038286581635475
