times:
  edit-metadata: 0.41072664503008127
  landing: 0.0392539668828249
  view-data: 0.19792992807924747
