times:
  edit-metadata: 1.4284560177475214
  landing: 0.1475005429238081
  view-data: 0.3226675018668175
