times:
  edit-metadata: 0.4200960723683238
  landing: 0.04884854517877102
  view-data: 0.20528762508183718
