times:
  edit-metadata: 1.6670613642781973
  landing: 0.021796871908009052
  view-data: 0.02680231723934412
