times:
  edit-metadata: 0.42327215103432536
  landing: 0.04237634968012571
  view-data: 0.19140620809048414
