times:
  edit-metadata: 1.4988327659666538
  landing: 0.9842925709672272
  view-data: 3.371806893032044
