times:
  edit-metadata: 0.4263562951236963
  landing: 0.04333864618092775
  view-data: 0.19662109296768904
