times:
  edit-metadata: 1.5120923556387424
  landing: 0.7807669118046761
  view-data: 3.3665812835097313
