times:
  edit-metadata: 1.2886250149458647
  landing: 0.021712658926844597
  view-data: 0.027819106355309486
