times:
  edit-metadata: 0.4735839460045099
  landing: 0.05339967302279547
  view-data: 0.211839615018107
