times:
  edit-metadata: 1.2283314922824502
  landing: 0.021655848249793053
  view-data: 0.1173175498843193
