times:
  edit-metadata: 1.3177124541252851
  landing: 0.01863156072795391
  view-data: 0.12473791837692261
