times:
  edit-metadata: 1.5092485439963639
  landing: 0.8659591991454363
  view-data: 3.3352225990965962
