times:
  edit-metadata: 1.4437662214040756
  landing: 0.9303845539689064
  view-data: 3.339301683008671
