times:
  edit-metadata: 1.452715591993183
  landing: 0.7988754264079034
  view-data: 3.3796059587039053
