times:
  edit-metadata: 1.4444428770802915
  landing: 0.7893290752544999
  view-data: 3.3890516590327024
