times:
  edit-metadata: 0.402733295224607
  landing: 0.05584340589120984
  view-data: 0.20329922903329134
