times:
  edit-metadata: 3.705248137935996
  landing: 1.8698841352015734
  view-data: 4.080302739515901
