times:
  edit-metadata: 1.522090980783105
  landing: 0.6381751745939255
  view-data: 3.370977032929659
