times:
  edit-metadata: 1.3921810034662485
  landing: 0.8319392399862409
  view-data: 3.3637031372636557
