times:
  edit-metadata: 1.4781336039304733
  landing: 0.9237302616238594
  view-data: 3.3964792378246784
