times:
  edit-metadata: 1.5258473344147205
  landing: 0.842551726847887
  view-data: 3.379580482840538
