times:
  edit-metadata: 0.41241555009037256
  landing: 0.05237094406038523
  view-data: 0.21872138045728207
