times:
  edit-metadata: 1.5129364170134068
  landing: 0.8433936573565006
  view-data: 3.433438550680876
