times:
  edit-metadata: 1.2817461732774973
  landing: 0.02123783901333809
  view-data: 0.024182813242077827
