times:
  edit-metadata: 0.41349013429135084
  landing: 0.043997001834213734
  view-data: 0.2088983105495572
