times:
  edit-metadata: 1.4090444061439484
  landing: 0.7694513339083642
  view-data: 3.328739778138697
