times:
  edit-metadata: 1.482736311852932
  landing: 0.9216943271458149
  view-data: 3.362422861158848
