times:
  edit-metadata: 0.45746306190267205
  landing: 0.07136274711228907
  view-data: 0.21423665597103536
