times:
  edit-metadata: 1.4407938537187874
  landing: 0.8072364269755781
  view-data: 3.289402261376381
