times:
  edit-metadata: 1.2737035201862454
  landing: 0.022357813082635403
  view-data: 0.12098088767379522
