times:
  edit-metadata: 1.5646540373563766
  landing: 0.8486591726541519
  view-data: 3.3889610320329666
