times:
  edit-metadata: 1.4898017682135105
  landing: 0.6883558835834265
  view-data: 3.4152583237737417
