times:
  edit-metadata: 1.5478390734642744
  landing: 0.8413205519318581
  view-data: 3.4408496636897326
