times:
  edit-metadata: 1.3102930691093206
  landing: 0.19697631523013115
  view-data: 0.026528114452958107
