times:
  edit-metadata: 1.2260400205850601
  landing: 0.021926164627075195
  view-data: 0.12767150346189737
