times:
  edit-metadata: 1.4875258468091488
  landing: 0.026957416906952858
  view-data: 0.5758337844163179
