times:
  edit-metadata: 0.4187695849686861
  landing: 0.04738212516531348
  view-data: 0.20482002012431622
