times:
  edit-metadata: 1.4272983707487583
  landing: 0.09621151350438595
  view-data: 0.026127031072974205
