times:
  edit-metadata: 1.234479353763163
  landing: 0.018455944024026394
  view-data: 0.4462217278778553
