times:
  edit-metadata: 1.2483380297198892
  landing: 0.01978803426027298
  view-data: 0.023424897342920303
