times:
  edit-metadata: 1.5240114256739616
  landing: 0.9008722603321075
  view-data: 3.438168041408062
