times:
  edit-metadata: 1.5288621031213552
  landing: 0.8411276289261878
  view-data: 3.4652261699084193
