times:
  edit-metadata: 0.4850205850088969
  landing: 0.05965045210905373
  view-data: 0.21665068401489407
