times:
  edit-metadata: 2.5530782639980316
  landing: 1.5433569997549057
  view-data: 3.513770405203104
