times:
  edit-metadata: 0.46187213000666816
  landing: 0.06810890999622643
  view-data: 0.23723719899135176
