times:
  edit-metadata: 0.4030853183940053
  landing: 0.05283814715221524
  view-data: 0.21317285858094692
