times:
  edit-metadata: 1.3057771706953645
  landing: 0.027222327888011932
  view-data: 0.027404755353927612
