times:
  edit-metadata: 1.2249967493116856
  landing: 0.024419588968157768
  view-data: 0.39486760552972555
