times:
  edit-metadata: 1.6663093864917755
  landing: 0.9257707595825195
  view-data: 3.359705202281475
