times:
  edit-metadata: 0.6657439060509205
  landing: 0.06541231786832213
  view-data: 0.3190662241540849
