times:
  edit-metadata: 1.407545067369938
  landing: 0.810695786960423
  view-data: 3.4323347890749574
