times:
  edit-metadata: 1.5714700371026993
  landing: 0.7782706059515476
  view-data: 3.29068561270833
