times:
  edit-metadata: 1.2374122748151422
  landing: 0.01989469677209854
  view-data: 0.1012805113568902
