times:
  edit-metadata: 1.5210792198777199
  landing: 0.31413245387375355
  view-data: 0.1918571200221777
