times:
  edit-metadata: 1.404181513004005
  landing: 0.9549515387043357
  view-data: 3.584208067972213
