times:
  edit-metadata: 0.538434143178165
  landing: 0.05750253377482295
  view-data: 0.24877256900072098
