times:
  edit-metadata: 0.38266747258603573
  landing: 0.04065944906324148
  view-data: 0.20472529716789722
