times:
  edit-metadata: 1.4883906915783882
  landing: 0.8848339952528477
  view-data: 3.373227033764124
