times:
  edit-metadata: 1.392268305644393
  landing: 0.23560063913464546
  view-data: 0.31829163059592247
