times:
  edit-metadata: 1.4735938739031553
  landing: 0.7819432206451893
  view-data: 3.4002444967627525
