times:
  edit-metadata: 0.40719651570543647
  landing: 0.04544077394530177
  view-data: 0.19640734791755676
