times:
  edit-metadata: 1.2442827932536602
  landing: 0.021181431598961353
  view-data: 0.13243162911385298
