times:
  edit-metadata: 1.3257985450327396
  landing: 0.6911878995597363
  view-data: 3.41298664547503
