times:
  edit-metadata: 1.5526828430593014
  landing: 0.9025270640850067
  view-data: 3.395562559366226
