times:
  edit-metadata: 1.4873150140047073
  landing: 0.951607707887888
  view-data: 3.415538150817156
