times:
  edit-metadata: 0.5055298180086538
  landing: 0.06586586497724056
  view-data: 0.22930830100085586
