times:
  edit-metadata: 1.2459301752969623
  landing: 0.0208608265966177
  view-data: 0.027063097804784775
