times:
  edit-metadata: 1.2522086119279265
  landing: 0.02475969586521387
  view-data: 0.026950879022479057
