times:
  edit-metadata: 0.46847603004425764
  landing: 0.04543944448232651
  view-data: 0.18674180284142494
