times:
  edit-metadata: 1.3486729273572564
  landing: 0.2051594564691186
  view-data: 0.025023499503731728
