times:
  edit-metadata: 1.4779233280569315
  landing: 0.1341704148799181
  view-data: 0.10395479947328568
