times:
  edit-metadata: 0.46338213281705976
  landing: 0.07110435515642166
  view-data: 0.2071119463071227
