times:
  edit-metadata: 0.47244006488472223
  landing: 0.05272556398995221
  view-data: 0.20646544219926
