times:
  edit-metadata: 1.2448209477588534
  landing: 0.023228568024933338
  view-data: 0.023912955075502396
