times:
  edit-metadata: 1.3522078385576606
  landing: 0.019053331576287746
  view-data: 0.38590738736093044
