times:
  edit-metadata: 1.6100850626826286
  landing: 1.1159076318144798
  view-data: 3.352257661521435
