times:
  edit-metadata: 2.229866956360638
  landing: 0.435339224524796
  view-data: 0.6110587827861309
