times:
  edit-metadata: 1.2288742484524846
  landing: 0.17124793957918882
  view-data: 0.44926037173718214
