times:
  edit-metadata: 1.2192487362772226
  landing: 0.021123244427144527
  view-data: 0.02610450889915228
