times:
  edit-metadata: 1.298438468016684
  landing: 0.020957469940185547
  view-data: 0.3892333721742034
