times:
  edit-metadata: 1.3335850350558758
  landing: 0.01937817595899105
  view-data: 0.31443626061081886
