times:
  edit-metadata: 1.700391543097794
  landing: 0.8028735937550664
  view-data: 3.5058133164420724
