times:
  edit-metadata: 1.902886202558875
  landing: 1.098882314749062
  view-data: 3.49460818618536
