times:
  edit-metadata: 1.6522897869945155
  landing: 0.25957362999906763
  view-data: 0.5105653050050023
