times:
  edit-metadata: 1.3396481024101377
  landing: 0.2693445850163698
  view-data: 0.3362367479130626
