times:
  edit-metadata: 1.737129672023002
  landing: 0.03083535999758169
  view-data: 0.1762869119993411
