times:
  edit-metadata: 1.3827198278158903
  landing: 0.7374053560197353
  view-data: 3.413620388135314
