times:
  edit-metadata: 1.48916045576334
  landing: 0.8082731682807207
  view-data: 3.3168492931872606
