times:
  edit-metadata: 1.2705083843320608
  landing: 0.1418947260826826
  view-data: 0.3059450276196003
