times:
  edit-metadata: 1.3237852901220322
  landing: 0.019071172922849655
  view-data: 0.022782718762755394
