times:
  edit-metadata: 0.4090300682000816
  landing: 0.05060296505689621
  view-data: 0.19576905900612473
