times:
  edit-metadata: 1.2181528434157372
  landing: 0.1688086474314332
  view-data: 0.40761443227529526
