times:
  edit-metadata: 1.6875477340072393
  landing: 0.32951218355447054
  view-data: 0.3144972072914243
