times:
  edit-metadata: 1.737351143732667
  landing: 0.16113472171127796
  view-data: 0.47099958173930645
