times:
  edit-metadata: 1.2388089951127768
  landing: 0.01935402024537325
  view-data: 0.1231633173301816
