times:
  edit-metadata: 1.3574586119502783
  landing: 0.20536248944699764
  view-data: 0.02802914008498192
