times:
  edit-metadata: 1.4235541950911283
  landing: 0.8040011879056692
  view-data: 3.433760918676853
