times:
  edit-metadata: 1.507369065657258
  landing: 0.21310064382851124
  view-data: 0.4122612550854683
