times:
  edit-metadata: 0.44076213613152504
  landing: 0.08814723207615316
  view-data: 0.20476794498972595
