times:
  edit-metadata: 1.7638594135642052
  landing: 1.0082924775779247
  view-data: 3.3397880271077156
