times:
  edit-metadata: 0.6675874419997854
  landing: 0.11115162699979919
  view-data: 0.27919209699985004
