times:
  edit-metadata: 1.393764402717352
  landing: 0.8331446759402752
  view-data: 3.3083850629627705
