times:
  edit-metadata: 1.7604896184056997
  landing: 0.16782375238835812
  view-data: 0.030286692082881927
