times:
  edit-metadata: 1.5470382794737816
  landing: 0.8721295893192291
  view-data: 3.4160986244678497
