times:
  edit-metadata: 1.4702159836888313
  landing: 0.1274255458265543
  view-data: 0.1626199074089527
