times:
  edit-metadata: 0.4103139881044626
  landing: 0.04821449099108577
  view-data: 0.19292149925604463
