times:
  edit-metadata: 1.5663233324885368
  landing: 0.019767051562666893
  view-data: 0.3936285302042961
