times:
  edit-metadata: 1.459687378257513
  landing: 0.8929440900683403
  view-data: 3.420740284025669
