times:
  edit-metadata: 1.4406360760331154
  landing: 0.7390371840447187
  view-data: 3.3482373636215925
