times:
  edit-metadata: 1.3758891932666302
  landing: 0.9246758036315441
  view-data: 3.3617726489901543
