times:
  edit-metadata: 1.3709951229393482
  landing: 0.20524478890001774
  view-data: 0.1354220975190401
