times:
  edit-metadata: 1.9768262095749378
  landing: 1.1345188897103071
  view-data: 3.5467952080070972
