times:
  edit-metadata: 1.4025909900665283
  landing: 0.9039995260536671
  view-data: 3.331677943468094
