times:
  edit-metadata: 1.2906816368922591
  landing: 0.021783103235065937
  view-data: 0.12138107884675264
