times:
  edit-metadata: 1.3273301110602915
  landing: 0.7960678697563708
  view-data: 3.411349398083985
