times:
  edit-metadata: 0.3977688541635871
  landing: 0.041699948720633984
  view-data: 0.20180287677794695
