times:
  edit-metadata: 1.3072226252406836
  landing: 0.01999221183359623
  view-data: 0.02485925890505314
