times:
  edit-metadata: 0.4451737140188925
  landing: 0.0722742680227384
  view-data: 0.20920276996912435
