times:
  edit-metadata: 1.5182219073176384
  landing: 0.9320974238216877
  view-data: 3.2947293668985367
