times:
  edit-metadata: 0.487431475892663
  landing: 0.04414098896086216
  view-data: 0.2127305381000042
