times:
  edit-metadata: 0.7740359120070934
  landing: 0.07335921190679073
  view-data: 0.304438185878098
