times:
  edit-metadata: 0.5066110629995819
  landing: 0.08428291601012461
  view-data: 0.30372871897998266
