times:
  edit-metadata: 1.2346264710649848
  landing: 0.09458115696907043
  view-data: 0.4038094310089946
