times:
  edit-metadata: 1.341074876487255
  landing: 0.1340495441108942
  view-data: 0.02385685034096241
