times:
  edit-metadata: 1.4150473549962044
  landing: 0.6678450107574463
  view-data: 3.366562906652689
