times:
  edit-metadata: 1.4734168769791722
  landing: 0.7291099522262812
  view-data: 3.3088815733790398
