times:
  edit-metadata: 1.6018434818834066
  landing: 0.7907353937625885
  view-data: 3.4494790881872177
