times:
  edit-metadata: 1.307333106175065
  landing: 0.021966805681586266
  view-data: 0.1590541172772646
