times:
  edit-metadata: 1.4826212022453547
  landing: 0.8665046356618404
  view-data: 3.401999469846487
