times:
  edit-metadata: 2.9644797518849373
  landing: 1.536304760724306
  view-data: 3.733791856095195
