times:
  edit-metadata: 0.45042805280536413
  landing: 0.07220001402311027
  view-data: 0.20300331083126366
