times:
  edit-metadata: 1.3295138608664274
  landing: 0.019330475479364395
  view-data: 0.22979590576142073
