times:
  edit-metadata: 1.2368291625753045
  landing: 0.18616012204438448
  view-data: 0.4041456412523985
