times:
  edit-metadata: 1.4185685086995363
  landing: 0.8145525436848402
  view-data: 3.229842906817794
