times:
  edit-metadata: 1.2627397142350674
  landing: 0.019713956862688065
  view-data: 0.30713687650859356
