times:
  edit-metadata: 1.3626401014626026
  landing: 0.8848799504339695
  view-data: 3.3608707673847675
