times:
  edit-metadata: 1.3295352710410953
  landing: 0.7798922564834356
  view-data: 3.2830517031252384
