times:
  edit-metadata: 1.2739527393132448
  landing: 0.17800640873610973
  view-data: 0.023981299251317978
