times:
  edit-metadata: 1.3179119089618325
  landing: 0.02101071458309889
  view-data: 0.02598852477967739
