times:
  edit-metadata: 1.474217638373375
  landing: 0.34219310991466045
  view-data: 0.401769544929266
