times:
  edit-metadata: 0.4322046125307679
  landing: 0.051310923881828785
  view-data: 0.19662061426788568
