times:
  edit-metadata: 1.2231916664168239
  landing: 0.09513773769140244
  view-data: 0.19932752382010221
