times:
  edit-metadata: 1.5919024962931871
  landing: 0.8054959196597338
  view-data: 3.463990695774555
