times:
  edit-metadata: 1.4679868593811989
  landing: 0.921319555491209
  view-data: 3.305353060364723
