times:
  edit-metadata: 1.450356193818152
  landing: 0.77648008428514
  view-data: 3.3684870563447475
