times:
  edit-metadata: 1.5326780481263995
  landing: 0.8281939188018441
  view-data: 3.3807672541588545
