times:
  edit-metadata: 0.6209555771201849
  landing: 0.11842738976702094
  view-data: 0.22577800322324038
