times:
  edit-metadata: 2.0016987547278404
  landing: 0.26850487012416124
  view-data: 0.42360100988298655
