times:
  edit-metadata: 0.7394640269922093
  landing: 0.20900957600679249
  view-data: 0.21955153800081462
