times:
  edit-metadata: 2.0581092573702335
  landing: 1.0791189558804035
  view-data: 3.4165964871644974
