times:
  edit-metadata: 0.46623989602085203
  landing: 0.06485504598822445
  view-data: 0.2157258279621601
