times:
  edit-metadata: 1.2877275086939335
  landing: 0.023722976446151733
  view-data: 0.0253877155482769
