times:
  edit-metadata: 1.2361682755872607
  landing: 0.022683488205075264
  view-data: 0.02577385399490595
