times:
  edit-metadata: 1.409537423402071
  landing: 0.8505793958902359
  view-data: 3.3640269562602043
