times:
  edit-metadata: 1.3231203202158213
  landing: 0.197675378061831
  view-data: 0.41817785054445267
