times:
  edit-metadata: 1.2363909110426903
  landing: 0.02269038837403059
  view-data: 0.12347630225121975
