times:
  edit-metadata: 1.4802026338875294
  landing: 0.7385436054319143
  view-data: 3.325747871771455
