times:
  edit-metadata: 1.7739784643054008
  landing: 1.1521850265562534
  view-data: 3.443167135119438
