times:
  edit-metadata: 1.5135456006973982
  landing: 0.3538803104311228
  view-data: 0.1302968729287386
