times:
  edit-metadata: 1.7932850643992424
  landing: 0.7995263710618019
  view-data: 3.284846529364586
