times:
  edit-metadata: 2.676123345270753
  landing: 1.4212122112512589
  view-data: 4.061278812587261
