times:
  edit-metadata: 0.4183556428179145
  landing: 0.03942152205854654
  view-data: 0.19991352036595345
