times:
  edit-metadata: 1.3493160521611571
  landing: 0.7033638702705503
  view-data: 3.349065155722201
