times:
  edit-metadata: 1.3090319968760014
  landing: 0.7349397912621498
  view-data: 3.45314740203321
