times:
  edit-metadata: 1.5225470643490553
  landing: 0.4322812221944332
  view-data: 0.40580679662525654
