times:
  edit-metadata: 0.4609819198958576
  landing: 0.06439360929653049
  view-data: 0.21576830418780446
