times:
  edit-metadata: 1.227018792182207
  landing: 0.020512198098003864
  view-data: 0.09927137847989798
