times:
  edit-metadata: 1.4589448380284011
  landing: 0.7900780509226024
  view-data: 3.3311002738773823
