times:
  edit-metadata: 1.6363498754799366
  landing: 0.9098549820482731
  view-data: 3.3679171204566956
