times:
  edit-metadata: 1.5475774891674519
  landing: 0.91471953317523
  view-data: 3.3750777021050453
