times:
  edit-metadata: 0.4599315389059484
  landing: 0.11266806395724416
  view-data: 0.233165759826079
