times:
  edit-metadata: 1.473551528993994
  landing: 0.7748688040301204
  view-data: 3.3239437472075224
