times:
  edit-metadata: 0.48122345516458154
  landing: 0.06074481178075075
  view-data: 0.21704325964674354
