times:
  edit-metadata: 1.3659151019528508
  landing: 0.021651023998856544
  view-data: 0.02708843443542719
