times:
  edit-metadata: 1.4471500515937805
  landing: 0.30169271118938923
  view-data: 0.1397092528641224
