times:
  edit-metadata: 1.5515039768069983
  landing: 0.2866061255335808
  view-data: 0.3883187919855118
