times:
  edit-metadata: 1.2651142347604036
  landing: 0.17472190037369728
  view-data: 0.025294078513979912
