times:
  edit-metadata: 1.5544202774763107
  landing: 0.8766761366277933
  view-data: 3.320341208949685
