times:
  edit-metadata: 0.4958719559945166
  landing: 0.05635028891265392
  view-data: 0.21675321692600846
