times:
  edit-metadata: 0.5060483469860628
  landing: 0.05272963101742789
  view-data: 0.2161419279873371
