times:
  edit-metadata: 0.43445967976003885
  landing: 0.0403806553222239
  view-data: 0.19288254715502262
