times:
  edit-metadata: 1.3061226848512888
  landing: 0.7262858655303717
  view-data: 3.2702410593628883
