times:
  edit-metadata: 1.3227129001170397
  landing: 0.8345498275011778
  view-data: 3.381728144362569
