times:
  edit-metadata: 0.47869063587859273
  landing: 0.04309043614193797
  view-data: 0.20412655919790268
