times:
  edit-metadata: 1.3405042060185224
  landing: 0.859633153071627
  view-data: 3.3461141330190003
