times:
  edit-metadata: 1.3516646390780807
  landing: 0.7678204530384392
  view-data: 3.281246433965862
