times:
  edit-metadata: 0.5226332629099488
  landing: 0.043874135008081794
  view-data: 0.22155216592364013
