times:
  edit-metadata: 0.43230300582945347
  landing: 0.04110786272212863
  view-data: 0.20835919305682182
