times:
  edit-metadata: 1.4079692540690303
  landing: 0.7914644919801503
  view-data: 3.34654621896334
