times:
  edit-metadata: 1.6659460756927729
  landing: 23.733488280326128
  view-data: 3.34736954793334
