times:
  edit-metadata: 0.4859789339825511
  landing: 0.05735818389803171
  view-data: 0.2049124229233712
