times:
  edit-metadata: 1.2201047092676163
  landing: 0.019420421682298183
  view-data: 0.023431578651070595
