times:
  edit-metadata: 1.5924765188246965
  landing: 0.8424157649278641
  view-data: 3.4898304510861635
