times:
  edit-metadata: 1.3476426638662815
  landing: 0.6849072836339474
  view-data: 3.3126634061336517
