times:
  edit-metadata: 0.4977540699765086
  landing: 0.05775930127128959
  view-data: 0.2838603099808097
