times:
  edit-metadata: 1.2747830040752888
  landing: 0.1697237677872181
  view-data: 0.12490969710052013
