times:
  edit-metadata: 1.4771404778584838
  landing: 0.8933897828683257
  view-data: 3.3310993863269687
