times:
  edit-metadata: 0.4205002970993519
  landing: 0.04184768768027425
  view-data: 0.2035015351139009
