times:
  edit-metadata: 0.4911433599918382
  landing: 0.0490374789951602
  view-data: 0.2205779289943166
