times:
  edit-metadata: 1.4083425924181938
  landing: 0.8312823437154293
  view-data: 3.3006276041269302
