times:
  edit-metadata: 2.0841307737864554
  landing: 1.504990205168724
  view-data: 3.479874955955893
