times:
  edit-metadata: 1.31870121601969
  landing: 0.021239559166133404
  view-data: 0.40749562438577414
