times:
  edit-metadata: 1.4871383532881737
  landing: 0.8317268211394548
  view-data: 3.4449465330690145
