times:
  edit-metadata: 1.2323576211929321
  landing: 0.2439479511231184
  view-data: 0.023913179524242878
