times:
  edit-metadata: 2.0756797455251217
  landing: 0.23820908926427364
  view-data: 0.3169287219643593
