times:
  edit-metadata: 0.5434379789512604
  landing: 0.0489248470403254
  view-data: 0.22339594404911622
