times:
  edit-metadata: 0.46688258182257414
  landing: 0.052241817116737366
  view-data: 0.20166350482031703
