times:
  edit-metadata: 1.473803361877799
  landing: 0.7534401640295982
  view-data: 3.332586530596018
