times:
  edit-metadata: 0.37694839760661125
  landing: 0.04572760034352541
  view-data: 0.35010345093905926
