times:
  edit-metadata: 1.9503823220729828
  landing: 0.9339642263948917
  view-data: 3.598534744232893
