times:
  edit-metadata: 1.3811607901006937
  landing: 0.6380086950957775
  view-data: 3.3350950349122286
