times:
  edit-metadata: 1.2051928136497736
  landing: 0.023052623495459557
  view-data: 0.39963289350271225
