times:
  edit-metadata: 0.41932358499616385
  landing: 0.0511577008292079
  view-data: 0.20239229686558247
