times:
  edit-metadata: 1.5179532170295715
  landing: 0.8947565518319607
  view-data: 3.7040283493697643
