times:
  edit-metadata: 1.349879551678896
  landing: 0.02128031477332115
  view-data: 0.27913184463977814
