times:
  edit-metadata: 1.2186509957537055
  landing: 0.020151236094534397
  view-data: 0.10055686626583338
