times:
  edit-metadata: 1.5693702399730682
  landing: 1.1548138447105885
  view-data: 3.3765662647783756
