times:
  edit-metadata: 0.4390895520336926
  landing: 0.04105908703058958
  view-data: 0.1975051462650299
