times:
  edit-metadata: 0.39411698607727885
  landing: 0.04750138008967042
  view-data: 0.21089646220207214
