times:
  edit-metadata: 1.441028006374836
  landing: 0.17619446478784084
  view-data: 0.02700445055961609
