times:
  edit-metadata: 1.2606336390599608
  landing: 0.14754080958664417
  view-data: 0.4093737509101629
