times:
  edit-metadata: 1.3585920967161655
  landing: 0.8441265299916267
  view-data: 3.3195918314158916
