times:
  edit-metadata: 1.4441471453756094
  landing: 0.2197838742285967
  view-data: 0.1296659391373396
