times:
  edit-metadata: 1.3626536894589663
  landing: 0.13737702369689941
  view-data: 0.32154297083616257
