times:
  edit-metadata: 0.540547241922468
  landing: 0.08430914813652635
  view-data: 0.24239870812743902
