times:
  edit-metadata: 1.3564841859042645
  landing: 0.7530201710760593
  view-data: 3.310350149869919
