times:
  edit-metadata: 0.4502244850000352
  landing: 0.07401628399929905
  view-data: 0.2133731310004805
