times:
  edit-metadata: 1.3016270026564598
  landing: 0.2199713159352541
  view-data: 0.36666907370090485
