times:
  edit-metadata: 1.1822460619732738
  landing: 0.021947297267615795
  view-data: 0.12501933798193932
