times:
  edit-metadata: 0.4618187169544399
  landing: 0.08324027713388205
  view-data: 0.20577464997768402
