times:
  edit-metadata: 0.4435432320460677
  landing: 0.0440727761015296
  view-data: 0.2057430688291788
