times:
  edit-metadata: 0.4844554206356406
  landing: 0.06406196393072605
  view-data: 0.2077138451859355
