times:
  edit-metadata: 1.4960256069898605
  landing: 0.8750387728214264
  view-data: 3.4315568394958973
