times:
  edit-metadata: 1.2135426104068756
  landing: 0.018604854121804237
  view-data: 0.025617318227887154
