times:
  edit-metadata: 1.5555827440693974
  landing: 0.022903538309037685
  view-data: 0.37950379960238934
