times:
  edit-metadata: 1.2410428766161203
  landing: 0.12164534348994493
  view-data: 0.1213412368670106
