times:
  edit-metadata: 0.3797973832115531
  landing: 0.04203013051301241
  view-data: 0.20205230079591274
