times:
  edit-metadata: 1.537934584543109
  landing: 0.021868932992219925
  view-data: 0.152846060693264
