times:
  edit-metadata: 1.5060492949560285
  landing: 0.801873761927709
  view-data: 3.3874177299439907
