times:
  edit-metadata: 0.5112685829517432
  landing: 0.04749850800726563
  view-data: 0.20894071704242378
