times:
  edit-metadata: 0.46400911803357303
  landing: 0.05468816100619733
  view-data: 0.2135645051021129
