times:
  edit-metadata: 1.3160333894193172
  landing: 0.24598531983792782
  view-data: 0.287504144012928
