times:
  edit-metadata: 1.3197351519484073
  landing: 0.762756752083078
  view-data: 3.2736917741131037
