times:
  edit-metadata: 0.5724912449950352
  landing: 0.1354887599882204
  view-data: 0.2531465519859921
