times:
  edit-metadata: 1.5173949524760246
  landing: 0.810866966843605
  view-data: 3.3866567499935627
