times:
  edit-metadata: 1.5087798833847046
  landing: 0.9524206556379795
  view-data: 3.4343475587666035
