times:
  edit-metadata: 0.3910496002063155
  landing: 0.04390588589012623
  view-data: 0.20387841388583183
