times:
  edit-metadata: 0.4884659849340096
  landing: 0.03996672702487558
  view-data: 0.21421823801938444
