times:
  edit-metadata: 1.610718883574009
  landing: 0.8240239387378097
  view-data: 3.384617825038731
