times:
  edit-metadata: 1.249737354926765
  landing: 0.2142644915729761
  view-data: 0.34307444375008345
