times:
  edit-metadata: 0.4450707179494202
  landing: 0.07930303202010691
  view-data: 0.20877334801480174
