times:
  edit-metadata: 1.2828663364052773
  landing: 0.02455061487853527
  view-data: 0.023111012764275074
