times:
  edit-metadata: 0.5845223390497267
  landing: 0.06014727195724845
  view-data: 0.20865353802219033
