times:
  edit-metadata: 1.3036977658048272
  landing: 0.15825652983039618
  view-data: 0.10285467188805342
