times:
  edit-metadata: 1.5651850253343582
  landing: 0.7799154911190271
  view-data: 3.404267992824316
