times:
  edit-metadata: 0.6033621118403971
  landing: 0.04578872211277485
  view-data: 0.2250702427700162
