times:
  edit-metadata: 1.4256243035197258
  landing: 0.9258973635733128
  view-data: 3.374712213873863
