times:
  edit-metadata: 1.48829847574234
  landing: 0.7380540110170841
  view-data: 3.3064366206526756
