times:
  edit-metadata: 0.41000567888841033
  landing: 0.0407210192643106
  view-data: 0.19025749200955033
