times:
  edit-metadata: 1.2140123005956411
  landing: 0.022546714171767235
  view-data: 0.02507579606026411
