times:
  edit-metadata: 1.6238746047019958
  landing: 0.8059394992887974
  view-data: 3.3166043497622013
