times:
  edit-metadata: 0.39691348001360893
  landing: 0.0448416518047452
  view-data: 0.19567757099866867
