times:
  edit-metadata: 1.6214928776025772
  landing: 1.2413017824292183
  view-data: 3.371785068884492
