times:
  edit-metadata: 1.5857771039009094
  landing: 0.8557613119482994
  view-data: 3.374501382932067
