times:
  edit-metadata: 1.7071385588496923
  landing: 0.2806941121816635
  view-data: 0.3388030659407377
