times:
  edit-metadata: 0.4682768399361521
  landing: 0.07361223199404776
  view-data: 0.21724482695572078
