times:
  edit-metadata: 1.408404152840376
  landing: 1.0480869486927986
  view-data: 3.3270736522972584
