times:
  edit-metadata: 1.2453150171786547
  landing: 0.021450508385896683
  view-data: 0.023967300541698933
