times:
  edit-metadata: 1.4619229091331363
  landing: 0.8249458088539541
  view-data: 3.6097297919914126
