times:
  edit-metadata: 0.4957168429973535
  landing: 0.04849388898583129
  view-data: 0.22187000105623156
