times:
  edit-metadata: 0.3879765747115016
  landing: 0.055819698609411716
  view-data: 0.19590042158961296
