times:
  edit-metadata: 2.044048022478819
  landing: 1.196825634688139
  view-data: 4.3094481863081455
