times:
  edit-metadata: 1.4170933747664094
  landing: 0.8089366471394897
  view-data: 3.3635933892801404
