times:
  edit-metadata: 1.2408839985728264
  landing: 0.019729310646653175
  view-data: 0.029279813170433044
