times:
  edit-metadata: 0.48280684009660035
  landing: 0.04671330295968801
  view-data: 0.2247646409086883
