times:
  edit-metadata: 1.2994787320494652
  landing: 0.021959620527923107
  view-data: 0.12288183625787497
