times:
  edit-metadata: 0.41563236992806196
  landing: 0.05528316181153059
  view-data: 0.19110416481271386
