times:
  edit-metadata: 1.7084234282374382
  landing: 1.141136105172336
  view-data: 3.450750526972115
