times:
  edit-metadata: 1.2337319608777761
  landing: 0.019684476777911186
  view-data: 0.1242144089192152
