times:
  edit-metadata: 1.199982276186347
  landing: 0.0992435859516263
  view-data: 0.026624463498592377
