times:
  edit-metadata: 1.3662724662572145
  landing: 0.14979302696883678
  view-data: 0.02528243139386177
