times:
  edit-metadata: 1.705919697880745
  landing: 0.9606497399508953
  view-data: 3.3507416546344757
