times:
  edit-metadata: 1.486224565654993
  landing: 0.022576941177248955
  view-data: 0.36761349253356457
