times:
  edit-metadata: 1.342308497056365
  landing: 0.7569465273991227
  view-data: 3.3168299170210958
