times:
  edit-metadata: 1.57805535197258
  landing: 0.9786017276346684
  view-data: 3.467047180980444
