times:
  edit-metadata: 0.44877258397173136
  landing: 0.06689571193419397
  view-data: 0.22977192304097116
