times:
  edit-metadata: 1.5224633663892746
  landing: 0.8548125997185707
  view-data: 3.3573116436600685
