times:
  edit-metadata: 1.5192752070724964
  landing: 0.8566331416368484
  view-data: 3.4347897209227085
