times:
  edit-metadata: 0.5333649651147425
  landing: 0.08038692409172654
  view-data: 0.2166238771751523
