times:
  edit-metadata: 1.3635088447481394
  landing: 0.7979234782978892
  view-data: 3.2720253644511104
