times:
  edit-metadata: 1.2324533853679895
  landing: 0.02397349663078785
  view-data: 0.025279691442847252
