times:
  edit-metadata: 0.5221931140113156
  landing: 0.05542948597576469
  view-data: 0.3334347030031495
