times:
  edit-metadata: 1.3069157870486379
  landing: 0.02253985684365034
  view-data: 0.028118624351918697
