times:
  edit-metadata: 1.4939020872116089
  landing: 0.8276157509535551
  view-data: 3.3414329402148724
