times:
  edit-metadata: 1.5778723806142807
  landing: 0.7497965153306723
  view-data: 3.3885289411991835
