times:
  edit-metadata: 0.45989669393748045
  landing: 0.04611600609496236
  view-data: 0.21083297790028155
