times:
  edit-metadata: 1.4478070512413979
  landing: 0.7658538073301315
  view-data: 3.4327214881777763
