times:
  edit-metadata: 1.2737165599828586
  landing: 0.30975474399747327
  view-data: 0.25942494603805244
