times:
  edit-metadata: 1.434578774496913
  landing: 0.8215743945911527
  view-data: 3.361909002996981
