times:
  edit-metadata: 0.49579934822395444
  landing: 0.059715008130297065
  view-data: 0.21494754101149738
