times:
  edit-metadata: 4.474673880264163
  landing: 2.2536478247493505
  view-data: 3.490857843309641
