times:
  edit-metadata: 1.3027397599071264
  landing: 0.020891841500997543
  view-data: 0.15359770506620407
