times:
  edit-metadata: 0.415618859231472
  landing: 0.04326293710619211
  view-data: 0.19604064710438251
