times:
  edit-metadata: 1.6299095954746008
  landing: 1.0609835963696241
  view-data: 3.3549075722694397
