times:
  edit-metadata: 1.444166487082839
  landing: 0.8353215400129557
  view-data: 3.3410591389983892
