times:
  edit-metadata: 2.080910801887512
  landing: 1.4739960320293903
  view-data: 3.360779758542776
