times:
  edit-metadata: 0.42015374824404716
  landing: 0.040562765672802925
  view-data: 0.20207459200173616
