times:
  edit-metadata: 1.2365060579031706
  landing: 0.15991372615098953
  view-data: 0.02864713314920664
