times:
  edit-metadata: 1.4214419201016426
  landing: 0.7510201642289758
  view-data: 3.348938239738345
