times:
  edit-metadata: 1.703738123178482
  landing: 0.9692432172596455
  view-data: 3.353195894509554
