times:
  edit-metadata: 1.4870140422135592
  landing: 0.25892283022403717
  view-data: 0.25239391066133976
