times:
  edit-metadata: 0.5000654230825603
  landing: 0.05646271584555507
  view-data: 0.3361898520961404
