times:
  edit-metadata: 1.7981449090875685
  landing: 0.9138188576325774
  view-data: 3.331106956116855
