times:
  edit-metadata: 0.423297505825758
  landing: 0.04291449673473835
  view-data: 0.20060252770781517
