times:
  edit-metadata: 1.208680252544582
  landing: 0.024413185194134712
  view-data: 0.024782736785709858
