times:
  edit-metadata: 1.3761115707457066
  landing: 0.019499262794852257
  view-data: 0.1690666489303112
