times:
  edit-metadata: 1.2172169452533126
  landing: 0.2192860571667552
  view-data: 0.3224110649898648
