times:
  edit-metadata: 1.3491305448114872
  landing: 0.23889627866446972
  view-data: 0.35540748946368694
