times:
  edit-metadata: 0.508700120029971
  landing: 0.05614048696588725
  view-data: 0.22581389301922172
