times:
  edit-metadata: 0.4673670851625502
  landing: 0.05845015216618776
  view-data: 0.20228266390040517
