times:
  edit-metadata: 1.2250501196831465
  landing: 0.021301076747477055
  view-data: 0.12601302284747362
