times:
  edit-metadata: 0.46772673912346363
  landing: 0.07581208972260356
  view-data: 0.21098522190004587
