times:
  edit-metadata: 1.512432400137186
  landing: 0.8539965525269508
  view-data: 3.40874120593071
