times:
  edit-metadata: 1.462785854935646
  landing: 0.8458568006753922
  view-data: 3.3873709682375193
