times:
  edit-metadata: 0.39868634892627597
  landing: 0.04436485888436437
  view-data: 0.20848231203854084
