times:
  edit-metadata: 1.638689095969312
  landing: 0.8801920959958807
  view-data: 3.30931115092244
