times:
  edit-metadata: 0.42240418307483196
  landing: 0.05498794745653868
  view-data: 0.20544463116675615
