times:
  edit-metadata: 1.3521089106798172
  landing: 0.02145002968609333
  view-data: 0.026568597182631493
