times:
  edit-metadata: 0.46721607400104403
  landing: 0.07414570904802531
  view-data: 0.24338680994696915
