times:
  edit-metadata: 1.2690533958375454
  landing: 0.02058003842830658
  view-data: 0.10269024223089218
