times:
  edit-metadata: 1.4312707809731364
  landing: 0.7895056599518284
  view-data: 3.4052825699327514
