times:
  edit-metadata: 0.529761249985313
  landing: 0.12600528102484532
  view-data: 0.24212466401513666
