times:
  edit-metadata: 1.4550729803740978
  landing: 0.2936031073331833
  view-data: 0.3859075792133808
