times:
  edit-metadata: 1.4472614843398333
  landing: 0.2274965364485979
  view-data: 0.024446779862046242
