times:
  edit-metadata: 1.5177075304090977
  landing: 0.8870169781148434
  view-data: 3.4100256226956844
