times:
  edit-metadata: 1.608807266689837
  landing: 1.067086293362081
  view-data: 3.4717593947425485
