times:
  edit-metadata: 1.4318276885896921
  landing: 0.7246417645365
  view-data: 3.362553646788001
