times:
  edit-metadata: 0.5039123630267568
  landing: 0.14074199803872034
  view-data: 0.3126559430384077
