times:
  edit-metadata: 1.2286460492759943
  landing: 0.0229873638600111
  view-data: 0.212426096200943
