times:
  edit-metadata: 0.46469202800653875
  landing: 0.06319701700704172
  view-data: 0.2202729189884849
