times:
  edit-metadata: 1.4371068137697875
  landing: 0.7554145040921867
  view-data: 3.362908275797963
