times:
  edit-metadata: 0.49214088000007905
  landing: 0.05961116999969818
  view-data: 0.20222518799710087
