times:
  edit-metadata: 1.2457178430631757
  landing: 0.020942428149282932
  view-data: 0.21082647144794464
