times:
  edit-metadata: 1.6067823506891727
  landing: 1.0609920099377632
  view-data: 3.373435150831938
