times:
  edit-metadata: 0.4801349681802094
  landing: 0.0460886349901557
  view-data: 0.20276592066511512
