times:
  edit-metadata: 1.52011064812541
  landing: 0.8048372901976109
  view-data: 3.407635359093547
