times:
  edit-metadata: 1.5297256112098694
  landing: 0.8374689482152462
  view-data: 3.408732868731022
