times:
  edit-metadata: 1.4910337533801794
  landing: 0.6908007562160492
  view-data: 3.393929671496153
