times:
  edit-metadata: 1.2372669745236635
  landing: 0.018949050456285477
  view-data: 0.023696660064160824
