times:
  edit-metadata: 1.674634899944067
  landing: 1.1834160163998604
  view-data: 3.4282380491495132
