times:
  edit-metadata: 1.5561799202114344
  landing: 0.8492213441058993
  view-data: 3.3843517899513245
