times:
  edit-metadata: 1.9689469933509827
  landing: 1.1342190504074097
  view-data: 3.5936248041689396
