times:
  edit-metadata: 0.512212473899126
  landing: 0.04524869006127119
  view-data: 0.20246455306187272
