times:
  edit-metadata: 0.5427847020328045
  landing: 0.03755433019250631
  view-data: 0.20044502522796392
