times:
  edit-metadata: 0.5283754421398044
  landing: 0.04965651407837868
  view-data: 0.21010285895317793
