times:
  edit-metadata: 1.4294798197224736
  landing: 0.022741232067346573
  view-data: 0.2174396300688386
