times:
  edit-metadata: 0.5490742567926645
  landing: 0.04462884087115526
  view-data: 0.20851113367825747
