times:
  edit-metadata: 1.495753975585103
  landing: 0.7644746005535126
  view-data: 3.3709090128540993
