times:
  edit-metadata: 0.5977482770103961
  landing: 0.07561091300158296
  view-data: 0.23231237698928453
