times:
  edit-metadata: 0.5328937387093902
  landing: 0.05052942503243685
  view-data: 0.1964969439432025
