times:
  edit-metadata: 0.7546014080289751
  landing: 0.04207924287766218
  view-data: 0.2034369627945125
