times:
  edit-metadata: 1.520892709493637
  landing: 0.021233937703073025
  view-data: 0.2003616141155362
