times:
  edit-metadata: 1.2800506070489064
  landing: 0.07181628898251802
  view-data: 0.22355151898227632
