times:
  edit-metadata: 0.7709303360898048
  landing: 0.05024565407074988
  view-data: 0.19450729084201157
