times:
  edit-metadata: 1.8583439849317074
  landing: 1.0333257876336575
  view-data: 3.4704938903450966
