times:
  edit-metadata: 0.8070775531232357
  landing: 0.045411285012960434
  view-data: 0.20157074555754662
