times:
  edit-metadata: 0.7116574868559837
  landing: 0.6369876395910978
  view-data: 0.1988019235432148
