times:
  edit-metadata: 0.5791288770269603
  landing: 0.05156767799053341
  view-data: 0.224002152972389
