times:
  edit-metadata: 0.7953617959283292
  landing: 0.05791979795321822
  view-data: 0.2497145771048963
