times:
  edit-metadata: 1.4403621414676309
  landing: 0.741674886085093
  view-data: 3.465267156250775
