times:
  edit-metadata: 0.7135724890977144
  landing: 1.0507254265248775
  view-data: 0.2589908763766289
