times:
  edit-metadata: 0.8975382180069573
  landing: 0.07941155100706965
  view-data: 0.2088279810268432
