times:
  edit-metadata: 1.4935622680932283
  landing: 0.1833807621151209
  view-data: 0.024058464914560318
