times:
  edit-metadata: 1.5434116683900356
  landing: 0.9582298174500465
  view-data: 3.414789032191038
