times:
  edit-metadata: 0.5272722318768501
  landing: 0.049149260856211185
  view-data: 0.20365844713523984
