times:
  edit-metadata: 2.110734386369586
  landing: 0.10738085955381393
  view-data: 0.4640982858836651
