times:
  edit-metadata: 1.4636590536683798
  landing: 0.7868293672800064
  view-data: 3.3666374906897545
