times:
  edit-metadata: 0.8795089144259691
  landing: 0.8424949403852224
  view-data: 0.26949434727430344
