times:
  edit-metadata: 1.5340206222608685
  landing: 0.022269842214882374
  view-data: 0.4183568898588419
