times:
  edit-metadata: 1.4666836459655315
  landing: 0.7919914510566741
  view-data: 3.3239438169403
