times:
  edit-metadata: 1.507750954478979
  landing: 0.02098123449832201
  view-data: 0.1013002535328269
