times:
  edit-metadata: 1.483071155846119
  landing: 0.9110587984323502
  view-data: 3.3258991353213787
