times:
  edit-metadata: 1.4926103493198752
  landing: 0.01919170841574669
  view-data: 0.11203943751752377
