times:
  edit-metadata: 1.665414035320282
  landing: 0.1356880608946085
  view-data: 0.4434963297098875
