times:
  edit-metadata: 1.4040183275938034
  landing: 0.7538052797317505
  view-data: 3.3902881452813745
