times:
  edit-metadata: 0.7147838268429041
  landing: 0.052737738005816936
  view-data: 0.19801155989989638
