times:
  edit-metadata: 1.4991876566782594
  landing: 0.7804497689940035
  view-data: 0.5698574776761234
