times:
  landing: 0.5521345649999603
  view-data: 0.5545172789999242
