times:
  landing: 1.1041606969999975
  view-data: 0.5563041750000366
