times:
  edit-metadata: 1.5672896169126034
  landing: 1.0175050795078278
  view-data: 3.390733078122139
