times:
  edit-metadata: 0.5086668469011784
  landing: 0.041326713282614946
  view-data: 0.20008993614464998
