times:
  edit-metadata: 1.476066400296986
  landing: 0.23874144535511732
  view-data: 0.12328766193240881
