times:
  edit-metadata: 0.5382481012493372
  landing: 0.045149313285946846
  view-data: 0.20521147083491087
