times:
  edit-metadata: 0.7982557713985443
  landing: 0.05355921760201454
  view-data: 0.1980857066810131
