times:
  edit-metadata: 1.548134457319975
  landing: 0.7833171226084232
  view-data: 3.44918404892087
