times:
  edit-metadata: 1.6481216102838516
  landing: 0.9849584298208356
  view-data: 3.3528392743319273
