times:
  edit-metadata: 0.8249965012073517
  landing: 0.0444117896258831
  view-data: 0.20330943912267685
