times:
  edit-metadata: 1.48529167403467
  landing: 0.9096913590328768
  view-data: 3.2962118210271
