times:
  edit-metadata: 1.4966721646487713
  landing: 0.020396828651428223
  view-data: 0.4327546004205942
