times:
  edit-metadata: 1.399865860119462
  landing: 0.020387141034007072
  view-data: 0.12438656948506832
