times:
  edit-metadata: 0.7230595317669213
  landing: 0.07048260187730193
  view-data: 0.2299832832068205
