times:
  edit-metadata: 1.4645104240626097
  landing: 0.020241819322109222
  view-data: 0.20956562831997871
