times:
  edit-metadata: 0.5315704899840057
  landing: 0.03707580827176571
  view-data: 0.21130144409835339
