times:
  edit-metadata: 0.7386803519912064
  landing: 0.04316539806313813
  view-data: 0.20109787303954363
