times:
  edit-metadata: 1.51496328599751
  landing: 0.023010792210698128
  view-data: 0.38574060797691345
