times:
  edit-metadata: 0.8086898494511843
  landing: 0.5642904657870531
  view-data: 0.20050197839736938
