times:
  edit-metadata: 1.507184692658484
  landing: 0.11720970924943686
  view-data: 0.38913322892040014
