times:
  edit-metadata: 0.7648968959692866
  landing: 0.04368545790202916
  view-data: 0.19267274485900998
