times:
  edit-metadata: 1.5076546743512154
  landing: 0.19704425055533648
  view-data: 0.1195419542491436
