times:
  edit-metadata: 0.5219679954461753
  landing: 0.0496258856728673
  view-data: 0.20135573903098702
