times:
  edit-metadata: 1.4404980782419443
  landing: 3.2396152201108634
  view-data: 3.3542033890262246
