times:
  edit-metadata: 1.573115985840559
  landing: 0.8547693714499474
  view-data: 3.4425921589136124
