times:
  edit-metadata: 1.4934613248333335
  landing: 0.020026538521051407
  view-data: 0.12025095243006945
