times:
  edit-metadata: 1.4701824570074677
  landing: 0.022978669963777065
  view-data: 0.20867434795945883
