times:
  edit-metadata: 1.501799551770091
  landing: 0.17209359724074602
  view-data: 0.4423052268102765
