times:
  edit-metadata: 1.384798424784094
  landing: 0.8738954262807965
  view-data: 3.414464508648962
