times:
  edit-metadata: 0.5330349791329354
  landing: 0.06762796803377569
  view-data: 0.22867483785375953
