times:
  edit-metadata: 1.6277920473366976
  landing: 0.8033694261685014
  view-data: 3.442681538872421
