times:
  landing: 0.5458371080000006
  view-data: 0.549078054000006
