times:
  edit-metadata: 0.7892999118193984
  landing: 0.0554017280228436
  view-data: 0.22816597670316696
