times:
  edit-metadata: 1.4432480670511723
  landing: 0.895538717508316
  view-data: 3.3614859208464622
