times:
  edit-metadata: 0.878326591104269
  landing: 0.6193000636994839
  view-data: 0.2025381699204445
