times:
  edit-metadata: 0.8065385315567255
  landing: 0.06068519502878189
  view-data: 0.1958075426518917
