times:
  edit-metadata: 0.7646586960181594
  landing: 0.06341871758922935
  view-data: 0.19843440083786845
