times:
  edit-metadata: 1.5048769395798445
  landing: 0.6898074131458998
  view-data: 3.3768365029245615
