times:
  edit-metadata: 1.5119359204545617
  landing: 0.8536623623222113
  view-data: 3.5019357930868864
