times:
  edit-metadata: 0.5458039920777082
  landing: 0.039883216843008995
  view-data: 0.20623395685106516
