times:
  edit-metadata: 1.4797962233424187
  landing: 0.02017928846180439
  view-data: 0.02427697740495205
