times:
  edit-metadata: 1.9296929566189647
  landing: 0.11401674337685108
  view-data: 0.05561446864157915
