times:
  edit-metadata: 0.6324705462902784
  landing: 0.06358181172981858
  view-data: 0.24885064223781228
