times:
  edit-metadata: 0.6350586890184786
  landing: 0.07791408599587157
  view-data: 0.32055786802084185
