times:
  edit-metadata: 1.8946846835315228
  landing: 0.8899008333683014
  view-data: 3.482005702331662
