times:
  edit-metadata: 0.7286529208067805
  landing: 0.05217004707083106
  view-data: 0.19068062398582697
