times:
  edit-metadata: 0.5006255931220949
  landing: 0.06564662395976484
  view-data: 0.20538302697241306
