times:
  edit-metadata: 1.666447814553976
  landing: 0.7753128577023745
  view-data: 3.2812568861991167
