times:
  edit-metadata: 1.5236622197553515
  landing: 0.8129828125238419
  view-data: 3.4026116924360394
