times:
  edit-metadata: 0.8489691782742739
  landing: 0.9437549132853746
  view-data: 0.3039178494364023
