times:
  edit-metadata: 1.5116796335205436
  landing: 0.09619304351508617
  view-data: 0.12018584832549095
