times:
  edit-metadata: 0.8128927126526833
  landing: 0.04468457028269768
  view-data: 0.2041517049074173
