times:
  edit-metadata: 1.6614008112810552
  landing: 1.1030014781281352
  view-data: 3.3631317638792098
