times:
  edit-metadata: 0.5349080567248166
  landing: 0.050133921671658754
  view-data: 0.21486203698441386
