times:
  edit-metadata: 0.5251226681284606
  landing: 0.04011166002601385
  view-data: 0.31931652408093214
