times:
  edit-metadata: 0.8564272746443748
  landing: 2.0229509882628918
  view-data: 0.7661898918449879
