times:
  edit-metadata: 1.8444722862914205
  landing: 0.019221466965973377
  view-data: 0.5205884147435427
