times:
  edit-metadata: 1.4448397792875767
  landing: 0.02197733335196972
  view-data: 0.04554751142859459
