times:
  edit-metadata: 1.5217236019670963
  landing: 0.019445206969976425
  view-data: 0.11737413424998522
