times:
  edit-metadata: 0.5002443340199534
  landing: 0.05211207500542514
  view-data: 0.23027146098320372
