times:
  edit-metadata: 0.5281320990179665
  landing: 0.044507517013698816
  view-data: 0.21790621598483995
