times:
  edit-metadata: 1.4864864759147167
  landing: 0.6270346753299236
  view-data: 0.5396512299776077
