times:
  edit-metadata: 1.456663854420185
  landing: 0.9386717369779944
  view-data: 3.340912485960871
