times:
  edit-metadata: 1.506221042945981
  landing: 0.11676901765167713
  view-data: 0.02522939257323742
