times:
  edit-metadata: 0.8419410940259695
  landing: 0.5697109457105398
  view-data: 0.23325681313872337
