times:
  landing: 0.5568637200000239
  view-data: 0.5539658600000621
