times:
  edit-metadata: 0.7274682798888534
  landing: 0.03987845196388662
  view-data: 0.20369541319087148
