times:
  edit-metadata: 2.1572958175092936
  landing: 1.1822793241590261
  view-data: 3.638102738186717
