times:
  edit-metadata: 0.7933479622006416
  landing: 0.052632205188274384
  view-data: 0.20467330142855644
