times:
  edit-metadata: 0.5195924839936197
  landing: 0.04072779696434736
  view-data: 0.2007119138725102
