times:
  edit-metadata: 1.498842928558588
  landing: 0.021763877011835575
  view-data: 0.02504047378897667
