times:
  edit-metadata: 1.6626160070300102
  landing: 0.021670193411409855
  view-data: 0.2368458015844226
