times:
  edit-metadata: 1.3985632974654436
  landing: 0.8198787998408079
  view-data: 3.355243878439069
