times:
  edit-metadata: 1.5362896397709846
  landing: 0.882005862891674
  view-data: 3.423508532345295
