times:
  edit-metadata: 0.8084416501224041
  landing: 0.04924783855676651
  view-data: 0.20002245903015137
