times:
  edit-metadata: 1.451277807354927
  landing: 0.8653474636375904
  view-data: 3.3040147088468075
