times:
  edit-metadata: 0.9695415059104562
  landing: 0.0586368958465755
  view-data: 0.27503352402709424
