times:
  edit-metadata: 0.7489121193066239
  landing: 0.06504539120942354
  view-data: 0.2980891722254455
