times:
  edit-metadata: 0.7799322111532092
  landing: 0.05095215421169996
  view-data: 0.20349588803946972
