times:
  edit-metadata: 1.6744562517851591
  landing: 0.8584708254784346
  view-data: 3.286584412679076
