times:
  edit-metadata: 2.0249432120472193
  landing: 1.359534797258675
  view-data: 3.5185358012095094
