times:
  edit-metadata: 0.7480925829149783
  landing: 0.050035207998007536
  view-data: 0.1964030908420682
