times:
  edit-metadata: 1.4388983631506562
  landing: 0.7884588418528438
  view-data: 3.364051307551563
