times:
  edit-metadata: 0.5896190702915192
  landing: 0.06452336767688394
  view-data: 0.2072221990674734
