times:
  edit-metadata: 2.3939196672290564
  landing: 0.02296845056116581
  view-data: 0.047108788043260574
