times:
  edit-metadata: 1.6407544035464525
  landing: 0.11745515279471874
  view-data: 0.15891937166452408
