times:
  edit-metadata: 1.250438537914306
  landing: 0.7150329460855573
  view-data: 3.317019765963778
