times:
  edit-metadata: 1.4369245879352093
  landing: 0.7926473449915648
  view-data: 3.3950352328829467
