times:
  edit-metadata: 0.5289766816422343
  landing: 0.04443619167432189
  view-data: 0.19924283120781183
