times:
  edit-metadata: 1.9189658984541893
  landing: 1.9877007901668549
  view-data: 3.419708963483572
