times:
  landing: 1.08399362199998
  view-data: 0.5639249320000204
