times:
  edit-metadata: 0.5140486599411815
  landing: 0.0832444520201534
  view-data: 0.2203236708883196
