times:
  edit-metadata: 1.5125276148319244
  landing: 0.021155524998903275
  view-data: 0.0291523989289999
