times:
  edit-metadata: 1.546777875162661
  landing: 0.15750591550022364
  view-data: 0.026323636062443256
