times:
  edit-metadata: 1.4880155753344297
  landing: 0.021273532882332802
  view-data: 0.12267102673649788
