times:
  edit-metadata: 1.509704228490591
  landing: 0.20856677554547787
  view-data: 0.12290660478174686
