times:
  edit-metadata: 1.4910976141691208
  landing: 0.8237933116033673
  view-data: 3.4224379248917103
