times:
  edit-metadata: 1.8637291193008423
  landing: 0.20154567994177341
  view-data: 0.13447335921227932
