times:
  edit-metadata: 0.7805415485054255
  landing: 0.6255758423358202
  view-data: 0.19569527730345726
