times:
  edit-metadata: 1.4848251175135374
  landing: 1.045782057568431
  view-data: 3.3509514927864075
