times:
  edit-metadata: 0.7633615310041932
  landing: 0.03822287499497179
  view-data: 0.19267380799283274
