times:
  edit-metadata: 1.4533172850497067
  landing: 0.8211519750766456
  view-data: 3.301248624920845
