times:
  edit-metadata: 1.4321814819704741
  landing: 0.7956389468163252
  view-data: 3.2652328421827406
