times:
  edit-metadata: 0.7538494949694723
  landing: 0.04781154193915427
  view-data: 0.19472710182890296
