times:
  edit-metadata: 0.5696093230508268
  landing: 0.04678009124472737
  view-data: 0.21610600873827934
