times:
  edit-metadata: 2.3011712953448296
  landing: 1.3975995276123285
  view-data: 3.723548138514161
