times:
  edit-metadata: 1.507734714075923
  landing: 0.22732657939195633
  view-data: 0.3419205378741026
