times:
  edit-metadata: 2.2773629082366824
  landing: 1.108832357916981
  view-data: 3.692680769599974
