times:
  edit-metadata: 0.7673333349957829
  landing: 0.04533716299920343
  view-data: 0.2038914279983146
