times:
  edit-metadata: 0.7521252789301798
  landing: 0.04708760406356305
  view-data: 0.198619042057544
