times:
  edit-metadata: 1.504651352763176
  landing: 0.8940321989357471
  view-data: 3.398471873253584
