times:
  edit-metadata: 0.5520275663584471
  landing: 0.042576421052217484
  view-data: 0.20589061547070742
