times:
  edit-metadata: 1.5149586964398623
  landing: 0.1326502524316311
  view-data: 0.148346945643425
