times:
  edit-metadata: 0.779658691957593
  landing: 0.04377681203186512
  view-data: 0.19589399290271103
