times:
  edit-metadata: 0.5041259160498157
  landing: 0.049134913948364556
  view-data: 0.24221156793646514
