times:
  edit-metadata: 0.8683812785893679
  landing: 0.043233439326286316
  view-data: 0.24304186180233955
