times:
  landing: 0.5589102319999029
  view-data: 0.5556664389999924
