times:
  edit-metadata: 0.586349759978475
  landing: 0.04273765900870785
  view-data: 0.2170715050015133
