times:
  edit-metadata: 1.5965299289673567
  landing: 0.14696962013840675
  view-data: 0.05404960736632347
