times:
  edit-metadata: 1.6721880119293928
  landing: 0.8247609082609415
  view-data: 3.5071713402867317
