times:
  edit-metadata: 0.5464569125324488
  landing: 0.04581436235457659
  view-data: 0.2112405840307474
