times:
  landing: 1.0660539040000003
  view-data: 0.5519763959999864
