times:
  edit-metadata: 1.5675512235611677
  landing: 0.7987478319555521
  view-data: 3.4557479564100504
