times:
  edit-metadata: 1.4921412244439125
  landing: 0.8725270442664623
  view-data: 3.3422879949212074
