times:
  edit-metadata: 0.6005724630085751
  landing: 0.046498405979946256
  view-data: 0.225013179006055
