times:
  edit-metadata: 1.3645052406936884
  landing: 0.7479232959449291
  view-data: 3.3418906964361668
