times:
  edit-metadata: 0.7556728359995759
  landing: 0.05268532500122092
  view-data: 0.20079149999946821
