times:
  edit-metadata: 0.6458516642451286
  landing: 1.6148481126874685
  view-data: 0.3014967702329159
