times:
  edit-metadata: 0.6453075909957988
  landing: 0.11489499101298861
  view-data: 0.2213850230036769
