times:
  edit-metadata: 1.4913225024938583
  landing: 0.9143104590475559
  view-data: 3.425457527860999
