times:
  edit-metadata: 0.5244524786248803
  landing: 0.046491924207657576
  view-data: 0.2189048733562231
