times:
  edit-metadata: 1.5201491434127092
  landing: 0.7680178210139275
  view-data: 3.3975717667490244
