times:
  edit-metadata: 1.4955174010246992
  landing: 0.8159399349242449
  view-data: 3.4083921313285828
