times:
  edit-metadata: 1.5497347200289369
  landing: 0.021563365124166012
  view-data: 0.28428967855870724
