times:
  edit-metadata: 0.5539119215682149
  landing: 0.056192465126514435
  view-data: 0.19952121749520302
