times:
  edit-metadata: 1.397742621600628
  landing: 0.7569756731390953
  view-data: 3.3194255270063877
