times:
  edit-metadata: 1.5297091761603951
  landing: 0.02017579786479473
  view-data: 0.023353961296379566
