times:
  edit-metadata: 1.5715781198814511
  landing: 0.01905141305178404
  view-data: 0.22565831523388624
