times:
  edit-metadata: 1.4574083173647523
  landing: 0.860121569596231
  view-data: 3.370084684342146
