times:
  edit-metadata: 0.8247126676142216
  landing: 0.048573870211839676
  view-data: 0.2002001777291298
