times:
  edit-metadata: 1.5429000239819288
  landing: 0.7585565950721502
  view-data: 3.41106640920043
