times:
  edit-metadata: 1.4171427451074123
  landing: 0.7528430186212063
  view-data: 3.3081955015659332
