times:
  edit-metadata: 0.7646100849378854
  landing: 0.04835727601312101
  view-data: 0.20232719602063298
