times:
  edit-metadata: 1.5089253690093756
  landing: 0.027093729004263878
  view-data: 0.0280454084277153
