times:
  edit-metadata: 1.6236696355044842
  landing: 1.1209702230989933
  view-data: 3.6581876799464226
