times:
  landing: 1.0721383650000007
  view-data: 0.555107807000013
