times:
  edit-metadata: 1.5126719009131193
  landing: 0.7994215432554483
  view-data: 3.472721291705966
