times:
  edit-metadata: 1.404745191335678
  landing: 0.8260103464126587
  view-data: 3.337006848305464
