times:
  edit-metadata: 2.300030743703246
  landing: 0.23498139530420303
  view-data: 0.39313679933547974
