times:
  edit-metadata: 1.496346558444202
  landing: 0.6917590517550707
  view-data: 3.4019950721412897
