times:
  edit-metadata: 1.3456544131040573
  landing: 0.836828701198101
  view-data: 3.328342568129301
