times:
  edit-metadata: 1.5278604915365577
  landing: 0.020889852195978165
  view-data: 0.02494028117507696
