times:
  edit-metadata: 0.5201290282420814
  landing: 0.04473319090902805
  view-data: 0.19740230683237314
