times:
  edit-metadata: 1.808015700429678
  landing: 0.22903935238718987
  view-data: 0.15773463435471058
