times:
  edit-metadata: 0.5102897738106549
  landing: 0.043684865813702345
  view-data: 0.20069814007729292
