times:
  edit-metadata: 1.4650387894362211
  landing: 0.7460011020302773
  view-data: 3.375209091231227
