times:
  edit-metadata: 0.5467426758259535
  landing: 0.044116077944636345
  view-data: 0.20358240604400635
