times:
  edit-metadata: 0.7895904220640659
  landing: 0.04825768107548356
  view-data: 0.3303232039324939
