times:
  edit-metadata: 1.4960216134786606
  landing: 0.20109757594764233
  view-data: 0.13286859542131424
