times:
  edit-metadata: 1.4624051451683044
  landing: 0.2097802385687828
  view-data: 0.024009203538298607
