times:
  edit-metadata: 0.5247127693146467
  landing: 0.07839695969596505
  view-data: 0.22089897515252233
