times:
  edit-metadata: 0.7633202280849218
  landing: 0.046140176942572
  view-data: 0.2014247179031372
