times:
  edit-metadata: 0.528572364943102
  landing: 0.03896223707124591
  view-data: 0.2186199661809951
