times:
  edit-metadata: 0.7667389690177515
  landing: 0.04226314800325781
  view-data: 0.20051898900419474
