times:
  edit-metadata: 0.7528852010000264
  landing: 0.04005496400350239
  view-data: 0.203471692999301
