times:
  edit-metadata: 1.481442385353148
  landing: 0.021579460240900517
  view-data: 0.12302015628665686
