times:
  edit-metadata: 2.1176046058535576
  landing: 0.2655189819633961
  view-data: 0.3957450296729803
