times:
  edit-metadata: 0.7473743709269911
  landing: 0.052793249022215605
  view-data: 0.20154903689399362
