times:
  edit-metadata: 1.5272536184638739
  landing: 0.8138875868171453
  view-data: 3.4489069934934378
