times:
  edit-metadata: 0.7877757214009762
  landing: 0.042301472276449203
  view-data: 0.20439714565873146
