times:
  edit-metadata: 0.7599033350124955
  landing: 0.043261137790977955
  view-data: 0.19896130822598934
