times:
  edit-metadata: 1.6046115718781948
  landing: 0.9322957582771778
  view-data: 3.3567157313227654
