times:
  landing: 1.095819750999965
  view-data: 0.5571246009999982
