times:
  edit-metadata: 0.5670506209135056
  landing: 0.046942338347435
  view-data: 0.2049523452296853
