times:
  edit-metadata: 0.5982643259922042
  landing: 0.07461108599090949
  view-data: 0.22080422594444826
