times:
  edit-metadata: 1.5053378082811832
  landing: 0.697717959061265
  view-data: 3.382979292422533
