times:
  edit-metadata: 1.4570177309215069
  landing: 0.9445302747189999
  view-data: 3.3914924710989
