times:
  edit-metadata: 0.520063258940354
  landing: 0.07692536502145231
  view-data: 0.21578268194571137
