times:
  edit-metadata: 0.7612799069611356
  landing: 0.04929782194085419
  view-data: 0.20231212698854506
