times:
  edit-metadata: 1.5290474519133568
  landing: 0.8244644477963448
  view-data: 3.3551148995757103
