times:
  edit-metadata: 0.8160494382027537
  landing: 0.04544370691291988
  view-data: 0.1915976710151881
