times:
  edit-metadata: 0.7447480522096157
  landing: 2.256331119686365
  view-data: 0.4504242427647114
