times:
  edit-metadata: 1.770435681566596
  landing: 0.27205765061080456
  view-data: 0.15366914682090282
