times:
  landing: 0.5625325370000382
  view-data: 0.5533421009999984
