times:
  edit-metadata: 0.5337476379936561
  landing: 0.062775561993476
  view-data: 0.23400669699185528
