times:
  edit-metadata: 1.4800067979376763
  landing: 0.7357884140219539
  view-data: 3.369687217986211
