times:
  edit-metadata: 0.7713071530451998
  landing: 0.04789675504434854
  view-data: 0.19872953899903223
