times:
  edit-metadata: 1.5947271552868187
  landing: 1.1962232342921197
  view-data: 3.338451016228646
