times:
  edit-metadata: 1.4525498328730464
  landing: 0.15558226592838764
  view-data: 0.37288696877658367
