times:
  edit-metadata: 0.8439139351248741
  landing: 0.046620242297649384
  view-data: 0.20660063810646534
