times:
  edit-metadata: 1.3796937093138695
  landing: 0.7630481906235218
  view-data: 3.249722635373473
