times:
  edit-metadata: 1.5695497170090675
  landing: 0.9710298720747232
  view-data: 3.3675928246229887
