times:
  edit-metadata: 1.6659433580935001
  landing: 0.921135924756527
  view-data: 3.404820531606674
