times:
  edit-metadata: 0.8429548069834709
  landing: 0.05591091141104698
  view-data: 0.20131172239780426
