times:
  edit-metadata: 0.5491315592080355
  landing: 0.04382491111755371
  view-data: 0.21023863274604082
