times:
  edit-metadata: 1.5327292049769312
  landing: 0.9757913688663393
  view-data: 3.419238104019314
