times:
  edit-metadata: 0.7978867988567799
  landing: 0.04175585601478815
  view-data: 0.20009468495845795
