times:
  landing: 0.6043958679999832
  view-data: 0.5599027370000158
