times:
  edit-metadata: 1.6386072486639023
  landing: 0.9840057007968426
  view-data: 3.3764583878219128
