times:
  edit-metadata: 0.7856487557291985
  landing: 0.04331011697649956
  view-data: 0.2037232108414173
