times:
  landing: 0.5492380229999867
  view-data: 0.5614898110000013
