times:
  edit-metadata: 1.5116339484229684
  landing: 0.022699194960296154
  view-data: 0.027982636354863644
