times:
  edit-metadata: 1.5223687998950481
  landing: 0.019658776931464672
  view-data: 0.0278914961963892
