times:
  edit-metadata: 0.5224648900330067
  landing: 0.039297389797866344
  view-data: 0.19773533893749118
