times:
  edit-metadata: 0.5336028779856861
  landing: 0.04002932691946626
  view-data: 0.2001275890506804
