times:
  edit-metadata: 1.6865700911730528
  landing: 0.8454561876133084
  view-data: 3.348233581520617
