times:
  edit-metadata: 1.4768952503800392
  landing: 0.021572386845946312
  view-data: 0.026249395683407784
