times:
  edit-metadata: 0.9034047410823405
  landing: 0.1518002711236477
  view-data: 0.3240113970823586
