times:
  edit-metadata: 0.5625133053399622
  landing: 0.04629267193377018
  view-data: 0.19888699101284146
