times:
  edit-metadata: 1.2890564289409667
  landing: 0.7115447320975363
  view-data: 3.3128193400334567
