times:
  edit-metadata: 0.534549739677459
  landing: 0.04079288989305496
  view-data: 0.2026826231740415
