times:
  edit-metadata: 1.4572202321141958
  landing: 0.01969216763973236
  view-data: 0.02515467256307602
