times:
  edit-metadata: 0.7696999059990048
  landing: 0.04401421791408211
  view-data: 0.20418769703246653
