times:
  edit-metadata: 0.5199504271149635
  landing: 0.049631563015282154
  view-data: 0.21720309276133776
