times:
  edit-metadata: 1.617090268060565
  landing: 0.7871293723583221
  view-data: 3.4222716838121414
