times:
  edit-metadata: 1.4966064561158419
  landing: 0.30087992176413536
  view-data: 0.10688680596649647
