times:
  landing: 0.5692754089999994
  view-data: 0.5695544089999771
