times:
  edit-metadata: 0.7472961428575218
  landing: 0.04564695991575718
  view-data: 0.20129691436886787
