times:
  edit-metadata: 1.5253432914614677
  landing: 0.9882619865238667
  view-data: 3.3405652679502964
