times:
  landing: 0.5573336070000323
  view-data: 0.5607543549999718
