times:
  landing: 0.5486774670000614
  view-data: 0.554806171999985
