times:
  edit-metadata: 1.589457725174725
  landing: 0.953838593326509
  view-data: 3.4788301065564156
