times:
  edit-metadata: 2.541353475302458
  landing: 1.1532515697181225
  view-data: 3.4817629903554916
