times:
  edit-metadata: 1.6267029345035553
  landing: 0.9858319908380508
  view-data: 3.3262574337422848
