times:
  edit-metadata: 0.8005326259881258
  landing: 0.5071548242121935
  view-data: 0.1959214061498642
