times:
  edit-metadata: 0.5325964083895087
  landing: 0.05204861797392368
  view-data: 0.2066044583916664
