times:
  edit-metadata: 0.7717450596392155
  landing: 0.5819537937641144
  view-data: 0.5861929282546043
