times:
  edit-metadata: 1.3462293487973511
  landing: 0.7769770943559706
  view-data: 3.327574519906193
