times:
  edit-metadata: 1.655798863619566
  landing: 0.3269676622003317
  view-data: 0.37505258806049824
