times:
  edit-metadata: 0.6470937190460972
  landing: 0.04596028197556734
  view-data: 0.2143758439924568
