times:
  edit-metadata: 0.7465749918483198
  landing: 0.05057557299733162
  view-data: 0.20967627689242363
