times:
  edit-metadata: 7.000088217668235
  landing: 3.4804132413119078
  view-data: 4.689129438251257
