times:
  edit-metadata: 0.51324533065781
  landing: 0.06653689686208963
  view-data: 0.22559666214510798
