times:
  edit-metadata: 0.5315851457417011
  landing: 0.04328033607453108
  view-data: 0.20964898681268096
