times:
  edit-metadata: 0.7713459460064769
  landing: 0.03869579406455159
  view-data: 0.20374939602334052
