times:
  edit-metadata: 0.5867701359675266
  landing: 0.048526842962019145
  view-data: 0.22736275696661323
