times:
  edit-metadata: 0.538559905719012
  landing: 0.05663749389350414
  view-data: 0.20148480217903852
