times:
  edit-metadata: 1.5386656895279884
  landing: 0.02242264337837696
  view-data: 0.023192699998617172
