times:
  edit-metadata: 1.5169771192595363
  landing: 0.02210814319550991
  view-data: 0.12039481475949287
