times:
  edit-metadata: 1.651894049718976
  landing: 0.29755499213933945
  view-data: 0.3788934759795666
