times:
  edit-metadata: 1.4913994316011667
  landing: 0.12589511089026928
  view-data: 0.024420734494924545
