times:
  edit-metadata: 1.4497107230126858
  landing: 0.8769543352536857
  view-data: 3.3377354070544243
