times:
  edit-metadata: 1.502497697249055
  landing: 0.19338801503181458
  view-data: 0.3155443836003542
