times:
  landing: 0.5440803970000161
  view-data: 0.5455401119999692
