times:
  edit-metadata: 1.5001828726381063
  landing: 0.13700903207063675
  view-data: 0.025059159845113754
