times:
  edit-metadata: 1.008099937113002
  landing: 0.06333478819578886
  view-data: 0.2564789168536663
