times:
  edit-metadata: 0.5309652197174728
  landing: 0.0390457957983017
  view-data: 0.21167346090078354
