times:
  edit-metadata: 1.523022182052955
  landing: 0.8703944769222289
  view-data: 3.4214470500592142
