times:
  edit-metadata: 0.8162867948412895
  landing: 1.0515339560806751
  view-data: 0.20192197524011135
