times:
  edit-metadata: 1.5435122922062874
  landing: 0.9704978764057159
  view-data: 3.371050748974085
