times:
  edit-metadata: 0.7503887070342898
  landing: 0.04067207686603069
  view-data: 0.2011538092046976
