times:
  edit-metadata: 0.8194884844124317
  landing: 0.784379631280899
  view-data: 0.19386973232030869
