times:
  edit-metadata: 1.5009073317050934
  landing: 0.020769331604242325
  view-data: 0.18838244304060936
