times:
  landing: 0.5491611290000264
  view-data: 0.553909529000066
