times:
  edit-metadata: 0.8346863128244877
  landing: 0.06237191706895828
  view-data: 0.2026815228164196
