times:
  edit-metadata: 1.6216370854526758
  landing: 0.812371302396059
  view-data: 3.4533076733350754
