times:
  edit-metadata: 1.4889859091490507
  landing: 0.8068078542128205
  view-data: 3.4473759355023503
