times:
  edit-metadata: 0.864255715161562
  landing: 0.9967438280582428
  view-data: 0.5433978643268347
