times:
  edit-metadata: 0.5464767897501588
  landing: 0.0472904434427619
  view-data: 0.19754835730418563
