times:
  landing: 0.5584575780000023
  view-data: 0.5511366910000106
