times:
  edit-metadata: 0.5083906841464341
  landing: 0.049614401999861
  view-data: 0.194441061001271
