times:
  edit-metadata: 1.6927075162529945
  landing: 1.0611795848235488
  view-data: 3.4541093669831753
