times:
  edit-metadata: 1.5104183088988066
  landing: 0.8030607383698225
  view-data: 3.451855603605509
