times:
  edit-metadata: 1.4615022651851177
  landing: 0.927450031042099
  view-data: 3.334957491606474
