times:
  edit-metadata: 1.420226201415062
  landing: 0.8339588455855846
  view-data: 3.4249199740588665
