times:
  edit-metadata: 1.536106664687395
  landing: 0.7938561234623194
  view-data: 3.423614213243127
