times:
  edit-metadata: 2.5623862920328975
  landing: 0.32023638766258955
  view-data: 0.486355516128242
