times:
  edit-metadata: 1.537395404651761
  landing: 0.8549862401559949
  view-data: 3.357701264321804
