times:
  edit-metadata: 1.4878414664417505
  landing: 0.021060660481452942
  view-data: 0.024605286307632923
