times:
  landing: 0.5441072220000365
  view-data: 0.5667329139999993
