times:
  edit-metadata: 0.49401376908645034
  landing: 0.058678769040852785
  view-data: 0.22855249512940645
