times:
  edit-metadata: 0.7693357151001692
  landing: 0.042528539430350065
  view-data: 0.19843041198328137
