times:
  edit-metadata: 0.7961688097566366
  landing: 0.7787323277443647
  view-data: 0.3404628857970238
