times:
  edit-metadata: 0.5233146147802472
  landing: 0.05019971588626504
  view-data: 0.20671488624066114
