times:
  edit-metadata: 0.8731541149318218
  landing: 1.0926479566842318
  view-data: 0.3619642686098814
