times:
  edit-metadata: 1.5162376929074526
  landing: 0.020603283308446407
  view-data: 0.09552413690835238
