times:
  edit-metadata: 1.4799455907195807
  landing: 0.05968384072184563
  view-data: 0.3222786411643028
