times:
  edit-metadata: 1.9195878691971302
  landing: 0.26006670854985714
  view-data: 0.37667182087898254
