times:
  edit-metadata: 1.626562268473208
  landing: 0.1975392634049058
  view-data: 0.4700566213577986
