times:
  edit-metadata: 0.7585502429865301
  landing: 0.05128308106213808
  view-data: 0.20023245178163052
