times:
  edit-metadata: 0.5267731971107423
  landing: 0.04599857842549682
  view-data: 0.202617553062737
