times:
  edit-metadata: 0.8869086769409478
  landing: 0.1310159950517118
  view-data: 0.34017182886600494
