times:
  landing: 1.066075909999995
  view-data: 0.5530606369999873
