times:
  edit-metadata: 1.952114325016737
  landing: 1.0718144103884697
  view-data: 3.3882805854082108
