times:
  edit-metadata: 0.5888637009775266
  landing: 0.052664419054053724
  view-data: 0.23864401294849813
