times:
  edit-metadata: 0.873904787003994
  landing: 1.044218860566616
  view-data: 0.3237790111452341
