times:
  edit-metadata: 0.5479414938017726
  landing: 0.04250145610421896
  view-data: 0.1972114983946085
