times:
  edit-metadata: 0.7510483271908015
  landing: 0.044598615961149335
  view-data: 0.20324458787217736
