times:
  edit-metadata: 1.5304295606911182
  landing: 0.7879421152174473
  view-data: 3.4451708737760782
