times:
  edit-metadata: 1.4237347841262817
  landing: 0.9740312062203884
  view-data: 3.3981953598558903
