times:
  edit-metadata: 0.8024756163358688
  landing: 0.04405353590846062
  view-data: 0.19775505736470222
