times:
  edit-metadata: 1.5294835306704044
  landing: 0.7827834002673626
  view-data: 3.4545713774859905
