times:
  edit-metadata: 1.3502674587070942
  landing: 0.7906992919743061
  view-data: 3.352998956106603
