times:
  edit-metadata: 1.4938930459320545
  landing: 0.7313013598322868
  view-data: 3.3475195840001106
