times:
  edit-metadata: 0.7844836860895157
  landing: 0.054246336221694946
  view-data: 0.20135797560214996
