times:
  edit-metadata: 0.916412927210331
  landing: 9.970285452902317
  view-data: 1.7006128281354904
