times:
  edit-metadata: 1.5722638741135597
  landing: 0.7656488958746195
  view-data: 3.277946412563324
