times:
  edit-metadata: 0.8758423570543528
  landing: 0.5469590164721012
  view-data: 0.20059553161263466
