times:
  edit-metadata: 2.294097688049078
  landing: 1.5678031966090202
  view-data: 3.835015273652971
