times:
  edit-metadata: 1.6777577381581068
  landing: 0.022185759618878365
  view-data: 0.15417986270040274
