times:
  edit-metadata: 0.9279250800609589
  landing: 0.6954404953867197
  view-data: 0.30821184255182743
