times:
  edit-metadata: 1.5947565753012896
  landing: 0.3254747986793518
  view-data: 0.13942168653011322
