times:
  edit-metadata: 0.5633622510358691
  landing: 0.04831023095175624
  view-data: 0.206476089078933
