times:
  edit-metadata: 1.5397434886544943
  landing: 0.8099702410399914
  view-data: 3.422438435256481
