times:
  edit-metadata: 1.4305269718170166
  landing: 0.9274105876684189
  view-data: 3.338583741337061
