times:
  edit-metadata: 0.635974754113704
  landing: 0.044071922078728676
  view-data: 0.19394682301208377
