times:
  edit-metadata: 1.5718550998717546
  landing: 0.20197727158665657
  view-data: 0.024885091930627823
