times:
  edit-metadata: 1.5219746865332127
  landing: 0.8971743993461132
  view-data: 3.3342058807611465
