times:
  edit-metadata: 1.534222124144435
  landing: 0.8612624229863286
  view-data: 3.366196570917964
