times:
  edit-metadata: 0.5085561480373144
  landing: 0.05015314184129238
  view-data: 0.2111073569394648
