times:
  edit-metadata: 1.5111044328659773
  landing: 0.7551423069089651
  view-data: 3.3913538698107004
