times:
  edit-metadata: 0.7918988840001475
  landing: 0.04837640400000964
  view-data: 0.1954982340002971
