times:
  landing: 0.5426590360000318
  view-data: 0.544334645000049
