times:
  edit-metadata: 0.7970129027962685
  landing: 1.0689961649477482
  view-data: 0.3064808063209057
