times:
  edit-metadata: 0.6610899679362774
  landing: 0.6269344482570887
  view-data: 0.30804087966680527
