times:
  edit-metadata: 1.3980229571461678
  landing: 0.8213581517338753
  view-data: 3.3343328572809696
