times:
  edit-metadata: 1.5561739727854729
  landing: 0.9052106346935034
  view-data: 3.4200229067355394
