times:
  edit-metadata: 1.9251992460340261
  landing: 0.29749878868460655
  view-data: 0.20655792020261288
