times:
  landing: 0.5589105479999716
  view-data: 0.5601676789999601
