times:
  edit-metadata: 1.4343137480318546
  landing: 0.8838267121464014
  view-data: 3.4235599860548973
