times:
  edit-metadata: 1.4810848627239466
  landing: 0.7852553520351648
  view-data: 3.327626906335354
