times:
  edit-metadata: 0.5092859228607267
  landing: 0.0487236101180315
  view-data: 0.2180106951855123
