times:
  edit-metadata: 0.5537264049053192
  landing: 0.04463550541549921
  view-data: 0.21492812409996986
