times:
  edit-metadata: 1.4290265813469887
  landing: 0.7288882173597813
  view-data: 3.2863367684185505
