times:
  edit-metadata: 0.8231332562863827
  landing: 0.04591701924800873
  view-data: 0.19818051159381866
