times:
  edit-metadata: 1.561216577887535
  landing: 0.8619331382215023
  view-data: 3.4924565609544516
