times:
  edit-metadata: 0.7506924739573151
  landing: 0.04959118296392262
  view-data: 0.1968222539871931
