times:
  edit-metadata: 0.760476482915692
  landing: 0.04736059601418674
  view-data: 0.19777374994009733
