times:
  edit-metadata: 1.8169168159365654
  landing: 1.5202626548707485
  view-data: 3.4176753908395767
