times:
  edit-metadata: 1.4489382188767195
  landing: 0.8799772663041949
  view-data: 3.399686294607818
