times:
  edit-metadata: 1.5994225554168224
  landing: 1.1022216491401196
  view-data: 3.368742600083351
