times:
  edit-metadata: 0.7623673240013886
  landing: 0.040968590998090804
  view-data: 0.19892910102498718
