times:
  landing: 1.0711590819999515
  view-data: 0.5557898910000176
