times:
  edit-metadata: 0.5164528198074549
  landing: 0.054210738046094775
  view-data: 0.2185243940912187
