times:
  edit-metadata: 1.496155709028244
  landing: 0.8209392614662647
  view-data: 3.3291591964662075
