times:
  edit-metadata: 0.5085762357339263
  landing: 0.0409961836412549
  view-data: 0.21190565079450607
