times:
  landing: 0.556850605999955
  view-data: 0.5578790129999902
