times:
  edit-metadata: 0.5158051180187613
  landing: 0.04392844997346401
  view-data: 0.2166540389880538
