times:
  edit-metadata: 1.5103959180414677
  landing: 0.8203199356794357
  view-data: 0.7559743598103523
