times:
  edit-metadata: 1.5570795210078359
  landing: 0.024552451446652412
  view-data: 0.02535281516611576
