times:
  edit-metadata: 0.7826450746506453
  landing: 0.8519708476960659
  view-data: 0.3331724926829338
