times:
  edit-metadata: 2.233690330758691
  landing: 0.1702252272516489
  view-data: 0.42298103123903275
