times:
  edit-metadata: 0.7351288630161434
  landing: 0.045634042005985975
  view-data: 0.1915407159831375
