times:
  edit-metadata: 1.4997085146605968
  landing: 0.8878069221973419
  view-data: 3.328166652470827
