times:
  edit-metadata: 1.3360623839544132
  landing: 1.152345341979526
  view-data: 3.407297124969773
