times:
  edit-metadata: 1.5332323275506496
  landing: 0.8941565379500389
  view-data: 3.466908574104309
