times:
  edit-metadata: 0.7722462192177773
  landing: 0.5110368467867374
  view-data: 0.18518248200416565
