times:
  edit-metadata: 0.5847166070016101
  landing: 0.049654392001684755
  view-data: 0.24665725897648372
