times:
  edit-metadata: 1.604510192759335
  landing: 0.1451682709157467
  view-data: 0.13288077153265476
