times:
  edit-metadata: 0.7684710470493883
  landing: 0.04008111194707453
  view-data: 0.20418436988256872
