times:
  edit-metadata: 0.794952254742384
  landing: 0.04023526608943939
  view-data: 0.2008143775165081
