times:
  edit-metadata: 1.4961973316967487
  landing: 0.045197539031505585
  view-data: 0.28205289132893085
