times:
  edit-metadata: 1.5750092826783657
  landing: 0.0199953094124794
  view-data: 0.027451002970337868
