times:
  edit-metadata: 1.5384556017816067
  landing: 0.021447695791721344
  view-data: 0.2239270806312561
