times:
  edit-metadata: 1.4426510035991669
  landing: 0.018721820786595345
  view-data: 0.02404026687145233
