times:
  edit-metadata: 0.793711468577385
  landing: 0.6565089095383883
  view-data: 0.3050538841634989
