times:
  edit-metadata: 1.5087758721783757
  landing: 0.11619815789163113
  view-data: 0.02771811932325363
