times:
  edit-metadata: 0.5081783400382847
  landing: 0.04493034281767905
  view-data: 0.20676335599273443
