times:
  edit-metadata: 0.8284981902688742
  landing: 1.9774063602089882
  view-data: 0.5574169903993607
