times:
  edit-metadata: 1.4448555409908295
  landing: 0.8300311602652073
  view-data: 3.359233323484659
