times:
  edit-metadata: 0.7207199670374393
  landing: 0.5570808555930853
  view-data: 0.20020380429923534
