times:
  edit-metadata: 0.8978971838951111
  landing: 0.610201720148325
  view-data: 0.2220927830785513
