times:
  edit-metadata: 1.503571217879653
  landing: 0.021442394703626633
  view-data: 0.13417326845228672
