times:
  edit-metadata: 1.4639858715236187
  landing: 1.007470265030861
  view-data: 3.4058445133268833
