times:
  edit-metadata: 1.507266896776855
  landing: 0.18209105916321278
  view-data: 0.023179447278380394
