times:
  edit-metadata: 0.5877310830001079
  landing: 0.054826909999974305
  view-data: 0.22536961800005884
