times:
  edit-metadata: 1.4931189250200987
  landing: 0.23429631628096104
  view-data: 0.3331115208566189
