times:
  edit-metadata: 0.7560143517330289
  landing: 0.04237712360918522
  view-data: 0.1988051040098071
