times:
  edit-metadata: 1.5181244304403663
  landing: 0.020183268934488297
  view-data: 0.1189496349543333
