times:
  edit-metadata: 0.5668177069164813
  landing: 0.05060676671564579
  view-data: 0.20252684596925974
