times:
  edit-metadata: 1.522916154935956
  landing: 0.8005086109042168
  view-data: 3.3800095431506634
