times:
  landing: 0.5467783629999303
  view-data: 0.5551838359999692
