times:
  edit-metadata: 1.3921437803655863
  landing: 0.8435813151299953
  view-data: 3.3021063786000013
