times:
  edit-metadata: 1.3987306151539087
  landing: 0.9110326915979385
  view-data: 3.4293409921228886
