times:
  edit-metadata: 1.5066727343946695
  landing: 0.6981949638575315
  view-data: 3.3712201472371817
