times:
  edit-metadata: 0.5371269197203219
  landing: 0.06464497558772564
  view-data: 0.21542157512158155
