times:
  edit-metadata: 0.8489432483911514
  landing: 1.0824566539376974
  view-data: 0.41908343881368637
