times:
  edit-metadata: 1.521258134394884
  landing: 0.7101733703166246
  view-data: 3.35008111782372
