times:
  edit-metadata: 1.4890713691711426
  landing: 0.8715528100728989
  view-data: 3.3944932781159878
