times:
  edit-metadata: 1.4832701329141855
  landing: 0.14161138515919447
  view-data: 0.12136556394398212
