times:
  edit-metadata: 1.4382657958194613
  landing: 0.7940166238695383
  view-data: 3.3374210903421044
