times:
  edit-metadata: 0.5277548017911613
  landing: 0.04033408500254154
  view-data: 0.2068363120779395
