times:
  edit-metadata: 0.8019525930285454
  landing: 0.04971539229154587
  view-data: 0.20099427178502083
