times:
  edit-metadata: 0.7675503569771536
  landing: 0.053446671983692795
  view-data: 0.2000225919764489
