times:
  edit-metadata: 1.5519480016082525
  landing: 0.024004818871617317
  view-data: 0.02795396000146866
