times:
  edit-metadata: 0.7709488109685481
  landing: 0.04803217528387904
  view-data: 0.2898778128437698
