times:
  edit-metadata: 0.5291793826036155
  landing: 0.05438048578798771
  view-data: 0.19863125821575522
