times:
  edit-metadata: 0.8084522094577551
  landing: 0.6374052800238132
  view-data: 0.5933374837040901
