times:
  edit-metadata: 1.8683444447815418
  landing: 1.1780270598828793
  view-data: 3.5349737480282784
