times:
  edit-metadata: 0.8686794154345989
  landing: 0.8360319752246141
  view-data: 0.324070343747735
