times:
  edit-metadata: 1.4811052801087499
  landing: 0.02071345876902342
  view-data: 0.12409124337136745
