times:
  edit-metadata: 0.5024770051240921
  landing: 0.055986068211495876
  view-data: 0.2187096318230033
