times:
  edit-metadata: 1.648152220994234
  landing: 1.126570213586092
  view-data: 3.368752647191286
