times:
  edit-metadata: 1.847038857638836
  landing: 1.007388785481453
  view-data: 3.520643025636673
