times:
  edit-metadata: 0.6422713780775666
  landing: 0.07156458497047424
  view-data: 0.22542558796703815
