times:
  edit-metadata: 1.508176190778613
  landing: 0.8044373765587807
  view-data: 3.3897905945777893
