times:
  edit-metadata: 1.5169792622327805
  landing: 0.7500942256301641
  view-data: 3.369146319106221
