times:
  edit-metadata: 0.734647920820862
  landing: 0.051124186255037785
  view-data: 0.29426774801686406
