times:
  edit-metadata: 0.5224051768891513
  landing: 0.04394978901837021
  view-data: 0.22202272294089198
