times:
  edit-metadata: 0.8648071885108948
  landing: 0.5870513934642076
  view-data: 0.6140831913799047
