times:
  edit-metadata: 1.8609687937423587
  landing: 0.16415935661643744
  view-data: 0.4601971600204706
