times:
  edit-metadata: 1.5360856475308537
  landing: 0.02187126688659191
  view-data: 0.12222456652671099
