times:
  edit-metadata: 0.803038626909256
  landing: 0.045808468014001846
  view-data: 0.19965305551886559
