times:
  landing: 0.5466460179999899
  view-data: 0.5516267170000333
