times:
  edit-metadata: 1.5523338839411736
  landing: 0.8492706120014191
  view-data: 3.4307176768779755
