times:
  edit-metadata: 1.547559678554535
  landing: 0.8305464778095484
  view-data: 3.3954726085066795
