times:
  edit-metadata: 0.5649103699252009
  landing: 0.04361553490161896
  view-data: 0.20182651188224554
