times:
  edit-metadata: 1.4790755612775683
  landing: 0.0203904053196311
  view-data: 0.11111169494688511
