times:
  edit-metadata: 0.8173659220337868
  landing: 0.04671324044466019
  view-data: 0.20487526059150696
