times:
  edit-metadata: 1.4081331305205822
  landing: 0.8546680435538292
  view-data: 3.347102839499712
