times:
  edit-metadata: 1.4606091231107712
  landing: 0.1265716403722763
  view-data: 0.1062335018068552
