times:
  edit-metadata: 1.5038858568295836
  landing: 0.13713254313915968
  view-data: 0.12100076209753752
