times:
  edit-metadata: 1.5486163012683392
  landing: 0.01980053074657917
  view-data: 0.23963440768420696
