times:
  edit-metadata: 1.4869821919128299
  landing: 0.021182384341955185
  view-data: 0.5040365317836404
