times:
  edit-metadata: 0.8480740413069725
  landing: 1.6252884399145842
  view-data: 0.6594872735440731
