times:
  edit-metadata: 0.534065623069182
  landing: 0.052369362907484174
  view-data: 0.45894134789705276
