times:
  landing: 0.5589692450000712
  view-data: 0.557893692999869
