times:
  edit-metadata: 1.5043009147047997
  landing: 0.753022875636816
  view-data: 3.436471104621887
