times:
  edit-metadata: 1.1228520008735359
  landing: 0.07961936807259917
  view-data: 0.19264687597751617
