times:
  edit-metadata: 0.8039161413908005
  landing: 0.052598871290683746
  view-data: 0.20956845954060555
