times:
  edit-metadata: 0.8206067981664091
  landing: 0.0637189750559628
  view-data: 0.3943824789021164
