times:
  edit-metadata: 0.7169912130339071
  landing: 0.044627355062402785
  view-data: 0.18964333191979676
