times:
  edit-metadata: 0.8498286749236286
  landing: 0.09735833993181586
  view-data: 0.21706066466867924
