times:
  edit-metadata: 2.0469513684511185
  landing: 1.3247942440211773
  view-data: 3.3747509233653545
