times:
  edit-metadata: 1.5749549306929111
  landing: 0.826310969889164
  view-data: 3.4228386096656322
