times:
  landing: 0.5487193410000373
  view-data: 0.5564808330000233
