times:
  edit-metadata: 1.2594283232465386
  landing: 0.7677798671647906
  view-data: 3.2765273777768016
