times:
  edit-metadata: 1.4974177284166217
  landing: 0.18912840820848942
  view-data: 0.3927255282178521
