times:
  edit-metadata: 0.5374813929665834
  landing: 0.045450400095433
  view-data: 0.20750055206008255
