times:
  edit-metadata: 1.5109665468335152
  landing: 0.775098301935941
  view-data: 3.3022229520138353
