times:
  edit-metadata: 1.7826452516019344
  landing: 0.02496638149023056
  view-data: 0.160851975902915
