times:
  edit-metadata: 0.500691921915859
  landing: 0.05837837094441056
  view-data: 0.2145417060237378
