times:
  edit-metadata: 1.496693205088377
  landing: 0.10027354024350643
  view-data: 0.02351030521094799
