times:
  edit-metadata: 0.49219809216447175
  landing: 0.04456676892004907
  view-data: 0.2103293181862682
