times:
  edit-metadata: 1.4655649457126856
  landing: 1.0166789144277573
  view-data: 3.4028988741338253
