times:
  edit-metadata: 1.6561432182788849
  landing: 0.9870520904660225
  view-data: 3.3419677652418613
