times:
  edit-metadata: 0.5136425159871578
  landing: 0.046387906186282635
  view-data: 0.22858964395709336
