times:
  edit-metadata: 1.5378471659496427
  landing: 0.022688559256494045
  view-data: 0.1192567627876997
