times:
  landing: 0.5533686539999962
  view-data: 0.5618941970000151
