times:
  landing: 0.548504161999972
  view-data: 0.5579009249999558
