times:
  edit-metadata: 0.50821899100265
  landing: 0.04536304700013716
  view-data: 0.21949117399344686
