times:
  edit-metadata: 0.762536029011244
  landing: 0.04964543899404816
  view-data: 0.19791986100608483
