times:
  edit-metadata: 0.5246643340215087
  landing: 0.07668320299126208
  view-data: 0.32829235401004553
