times:
  edit-metadata: 1.5414057932794094
  landing: 0.0189202930778265
  view-data: 0.025197936221957207
