times:
  edit-metadata: 1.4539795592427254
  landing: 0.10736373532563448
  view-data: 0.4763198122382164
