times:
  edit-metadata: 0.7817920689703897
  landing: 0.039051269995979965
  view-data: 0.20516104402486235
