times:
  edit-metadata: 0.8017782233655453
  landing: 0.04257957264780998
  view-data: 0.20049860700964928
