times:
  edit-metadata: 1.486524673178792
  landing: 0.2102195844054222
  view-data: 0.416375613771379
