times:
  edit-metadata: 0.8603083249181509
  landing: 0.8231026530265808
  view-data: 0.22444645315408707
