times:
  edit-metadata: 0.5358123169280589
  landing: 0.04437834536656737
  view-data: 0.2175007131882012
