times:
  edit-metadata: 0.7735187448561192
  landing: 0.05102773755788803
  view-data: 0.18648193031549454
