times:
  edit-metadata: 0.8108587712049484
  landing: 0.050268251448869705
  view-data: 0.20941061526536942
