times:
  edit-metadata: 0.5013257539831102
  landing: 0.04633565101539716
  view-data: 0.22385436901822686
