times:
  landing: 0.5518568669999695
  view-data: 0.5581316540000216
