times:
  edit-metadata: 0.7991023790091276
  landing: 0.05334943300113082
  view-data: 0.2942144819535315
