times:
  edit-metadata: 1.3375595808029175
  landing: 0.8144933069124818
  view-data: 3.339163382537663
