times:
  edit-metadata: 0.5202934551052749
  landing: 0.04712304985150695
  view-data: 0.21427125995978713
