times:
  edit-metadata: 0.5320156333036721
  landing: 0.04040500475093722
  view-data: 0.19539679819718003
