times:
  edit-metadata: 0.7564933057874441
  landing: 0.563622523099184
  view-data: 0.5981353279203176
