times:
  edit-metadata: 1.5294280834496021
  landing: 0.9746720194816589
  view-data: 3.460013724863529
