times:
  edit-metadata: 1.834990312345326
  landing: 0.02146966475993395
  view-data: 0.024974663741886616
