times:
  edit-metadata: 1.3739088103175163
  landing: 0.8061228506267071
  view-data: 3.3294077925384045
