times:
  edit-metadata: 0.8685786798596382
  landing: 0.8437720071524382
  view-data: 0.21096016094088554
