times:
  edit-metadata: 1.645345039665699
  landing: 0.30367330089211464
  view-data: 0.15708618238568306
