times:
  edit-metadata: 1.4539515897631645
  landing: 0.7900145035237074
  view-data: 3.3752600168809295
