times:
  edit-metadata: 0.7374660831410438
  landing: 0.06463491800241172
  view-data: 0.196346570039168
