times:
  edit-metadata: 0.5453322175890207
  landing: 0.0427246680483222
  view-data: 0.20176868326961994
