times:
  edit-metadata: 1.4631386194378138
  landing: 0.18875236995518208
  view-data: 0.02434421330690384
