times:
  edit-metadata: 1.305010249838233
  landing: 0.7353790989145637
  view-data: 3.2477541419211775
