times:
  edit-metadata: 1.2910256951581687
  landing: 0.7163402629084885
  view-data: 3.3620437560603023
