times:
  edit-metadata: 0.7425624820170924
  landing: 0.04189323901664466
  view-data: 0.20106875500641763
