times:
  edit-metadata: 0.8236677870154381
  landing: 0.043736476451158524
  view-data: 0.20412008091807365
