times:
  edit-metadata: 0.532529576215893
  landing: 0.05199589999392629
  view-data: 0.21942642610520124
