times:
  edit-metadata: 0.8148366920650005
  landing: 0.0455140545964241
  view-data: 0.19967837631702423
