times:
  edit-metadata: 1.5061251344159245
  landing: 0.021305637434124947
  view-data: 0.11694912891834974
