times:
  edit-metadata: 0.6417862437665462
  landing: 0.797205550596118
  view-data: 0.1921730600297451
