times:
  edit-metadata: 1.6258988678455353
  landing: 0.7596961371600628
  view-data: 3.4030475560575724
