times:
  edit-metadata: 0.527611886151135
  landing: 0.04571979818865657
  view-data: 0.19485739013180137
