times:
  edit-metadata: 2.139808706007898
  landing: 1.642046575434506
  view-data: 3.4183726739138365
