times:
  edit-metadata: 1.622994352132082
  landing: 0.02202313020825386
  view-data: 0.027819138020277023
