times:
  edit-metadata: 1.4359223544597626
  landing: 0.21499138325452805
  view-data: 0.1163071496412158
