times:
  edit-metadata: 0.5969927348196507
  landing: 0.07928534178063273
  view-data: 0.21192407701164484
