times:
  edit-metadata: 0.915492283180356
  landing: 0.5168194118887186
  view-data: 0.18088670074939728
