times:
  edit-metadata: 0.8527366239577532
  landing: 0.876680413261056
  view-data: 0.3037176188081503
