times:
  edit-metadata: 1.5726514495909214
  landing: 0.7320346012711525
  view-data: 3.3857824094593525
