times:
  landing: 0.5473820909999745
  view-data: 0.5552488029999836
