times:
  edit-metadata: 0.7830022275447845
  landing: 0.043746255338191986
  view-data: 0.20549137890338898
