times:
  landing: 0.5491767039999331
  view-data: 0.555389175000073
