times:
  landing: 0.548357894999981
  view-data: 0.5528859850001027
