times:
  landing: 0.5740506150000328
  view-data: 0.5630528539999773
