times:
  edit-metadata: 1.4523216588422656
  landing: 0.14077025186270475
  view-data: 0.2970973514020443
