times:
  edit-metadata: 1.542267557233572
  landing: 0.786927055567503
  view-data: 3.403932645916939
