times:
  edit-metadata: 1.512806423008442
  landing: 0.2365281917154789
  view-data: 0.10436689667403698
