times:
  edit-metadata: 1.842267893254757
  landing: 0.948933269828558
  view-data: 3.3612121157348156
