times:
  edit-metadata: 1.6652503665536642
  landing: 0.20744888484477997
  view-data: 0.4255833029747009
