times:
  edit-metadata: 1.5314973532222211
  landing: 0.7997324336320162
  view-data: 3.3848248263821006
