times:
  edit-metadata: 0.7816371954977512
  landing: 0.05264528840780258
  view-data: 0.20430655404925346
