times:
  edit-metadata: 0.8181881532073021
  landing: 0.045727018266916275
  view-data: 0.19581148400902748
