times:
  edit-metadata: 1.5181669928133488
  landing: 0.7723529748618603
  view-data: 3.416641464456916
