times:
  edit-metadata: 0.8406145982444286
  landing: 0.7199538536369801
  view-data: 0.2227124162018299
