times:
  landing: 0.5643941019999943
  view-data: 0.5514118110000368
