times:
  edit-metadata: 1.5881746374070644
  landing: 0.8084903452545404
  view-data: 3.4306885171681643
