times:
  edit-metadata: 0.501947124954313
  landing: 0.04803117411211133
  view-data: 0.2264221590012312
