times:
  edit-metadata: 0.8010661825537682
  landing: 0.05016729235649109
  view-data: 0.1994740255177021
