times:
  edit-metadata: 1.6308262273669243
  landing: 1.081527292728424
  view-data: 3.4260815232992172
