times:
  edit-metadata: 0.5266234260052443
  landing: 0.043690433260053396
  view-data: 0.2041492690332234
