times:
  edit-metadata: 0.5537347136996686
  landing: 0.046811146195977926
  view-data: 0.20793034601956606
