times:
  edit-metadata: 0.545004396699369
  landing: 0.04208168666809797
  view-data: 0.21398692950606346
