times:
  edit-metadata: 0.8989537581801414
  landing: 0.053918614983558655
  view-data: 0.20983076095581055
