times:
  edit-metadata: 1.527142645791173
  landing: 0.7937081474810839
  view-data: 3.4417948704212904
