times:
  edit-metadata: 1.5074443686753511
  landing: 0.13199941162019968
  view-data: 0.3253123452886939
