times:
  edit-metadata: 0.7411642810329795
  landing: 0.04903378617018461
  view-data: 0.18086990201845765
