times:
  edit-metadata: 0.5168844000436366
  landing: 0.04691993398591876
  view-data: 0.2136030540568754
