times:
  edit-metadata: 0.7598308470332995
  landing: 0.05368544702650979
  view-data: 0.20032048702705652
