times:
  edit-metadata: 1.8011415712535381
  landing: 0.33431041054427624
  view-data: 0.14880039729177952
