times:
  edit-metadata: 0.6211801315657794
  landing: 0.07218499388545752
  view-data: 0.19486840767785907
