times:
  edit-metadata: 1.596002783626318
  landing: 0.8991598002612591
  view-data: 3.341210760176182
