times:
  edit-metadata: 0.5420454051345587
  landing: 0.04338228888809681
  view-data: 0.19993281224742532
