times:
  edit-metadata: 1.5434404630213976
  landing: 0.916891073808074
  view-data: 3.6501689250580966
