times:
  edit-metadata: 0.6131308418698609
  landing: 0.12900060508400202
  view-data: 0.2627200512215495
