times:
  edit-metadata: 0.6810642601922154
  landing: 0.050372631289064884
  view-data: 0.2234657141380012
