times:
  edit-metadata: 1.9251165185123682
  landing: 1.449971355497837
  view-data: 3.4217721596360207
