times:
  edit-metadata: 0.8858336862176657
  landing: 1.143909176811576
  view-data: 0.28872591629624367
