times:
  edit-metadata: 1.4608519589528441
  landing: 0.11712604574859142
  view-data: 0.12344706896692514
