times:
  edit-metadata: 1.4646913670003414
  landing: 0.8545758873224258
  view-data: 3.3705519177019596
