times:
  edit-metadata: 0.5681908349506557
  landing: 0.04466396290808916
  view-data: 0.20348279690369964
