times:
  edit-metadata: 1.5432642633095384
  landing: 0.22935823258012533
  view-data: 0.0243706488981843
