times:
  edit-metadata: 1.4189062332734466
  landing: 0.13692600093781948
  view-data: 0.2472473355010152
