times:
  edit-metadata: 0.7391840529162437
  landing: 0.04532120400108397
  view-data: 0.2087520551867783
