times:
  edit-metadata: 1.5640808893367648
  landing: 0.025166979990899563
  view-data: 0.024493004195392132
