times:
  edit-metadata: 1.602911850437522
  landing: 0.22565586306154728
  view-data: 0.36078497394919395
