times:
  edit-metadata: 0.7570416239323094
  landing: 0.049270894029177725
  view-data: 0.19404563202988356
