times:
  edit-metadata: 1.5212314883247018
  landing: 0.14932625368237495
  view-data: 0.23798965942114592
