times:
  edit-metadata: 1.6434442177414894
  landing: 0.9589939750730991
  view-data: 3.3554393835365772
