times:
  edit-metadata: 1.454077435657382
  landing: 0.019226087257266045
  view-data: 0.2824449762701988
