times:
  edit-metadata: 1.6161241512745619
  landing: 0.9600885361433029
  view-data: 3.3648137487471104
