times:
  edit-metadata: 0.6308355801738799
  landing: 0.06140628829598427
  view-data: 0.22204858902841806
