times:
  edit-metadata: 0.5564071256667376
  landing: 0.046711310744285583
  view-data: 0.20707743568345904
