times:
  edit-metadata: 3.388362657278776
  landing: 2.4665102139115334
  view-data: 3.493891905993223
