times:
  edit-metadata: 0.7573031252250075
  landing: 0.04341716505587101
  view-data: 0.20414769602939487
