times:
  edit-metadata: 0.7262736409902573
  landing: 0.04709099908359349
  view-data: 0.18434867798350751
