times:
  edit-metadata: 0.518548873020336
  landing: 0.04632154991850257
  view-data: 0.22136215609498322
