times:
  edit-metadata: 0.5034520070184954
  landing: 0.05190305502037518
  view-data: 0.21423661400331184
