times:
  edit-metadata: 1.5045520113781095
  landing: 0.11922180000692606
  view-data: 0.24950042739510536
