times:
  edit-metadata: 0.5451195009518415
  landing: 0.046046986943110824
  view-data: 0.20674470509402454
