times:
  edit-metadata: 2.110811922699213
  landing: 1.1165167670696974
  view-data: 3.7173974057659507
