times:
  edit-metadata: 0.6540121659636497
  landing: 0.05037606321275234
  view-data: 0.21696058008819818
