times:
  edit-metadata: 1.5756909409537911
  landing: 0.022739876061677933
  view-data: 0.12484582792967558
