times:
  edit-metadata: 0.7506493399851024
  landing: 0.0417565000243485
  view-data: 0.1984102790011093
