times:
  edit-metadata: 1.4873529486358166
  landing: 0.8068692535161972
  view-data: 3.364784575998783
