times:
  edit-metadata: 1.5274768956005573
  landing: 0.27575122751295567
  view-data: 0.025484628975391388
