times:
  edit-metadata: 1.5191305819898844
  landing: 0.1566940676420927
  view-data: 0.12802450451999903
