times:
  edit-metadata: 0.8453866504132748
  landing: 2.130967192351818
  view-data: 0.5987426545470953
