times:
  edit-metadata: 0.7606415022164583
  landing: 0.12232986697927117
  view-data: 0.20010908180847764
