times:
  edit-metadata: 0.7425665082409978
  landing: 0.0474545038305223
  view-data: 0.19816638715565205
