times:
  edit-metadata: 1.7922261450439692
  landing: 0.12147665582597256
  view-data: 0.42499981448054314
