times:
  edit-metadata: 1.5972302416339517
  landing: 0.02179088070988655
  view-data: 0.026723838411271572
