times:
  edit-metadata: 1.3949042558670044
  landing: 0.9095195978879929
  view-data: 3.3103150613605976
