times:
  landing: 0.5500785880000194
  view-data: 0.5533330879999312
