times:
  edit-metadata: 1.4073185697197914
  landing: 0.021234805695712566
  view-data: 0.0239280229434371
