times:
  edit-metadata: 0.8900403063744307
  landing: 0.5858525186777115
  view-data: 0.19912106357514858
