times:
  edit-metadata: 1.417643953114748
  landing: 0.8695549294352531
  view-data: 3.387013204395771
