times:
  edit-metadata: 1.509692182764411
  landing: 0.020096031948924065
  view-data: 0.14196509681642056
