times:
  edit-metadata: 1.5003544609062374
  landing: 0.779988082125783
  view-data: 3.3338765571825206
