times:
  edit-metadata: 0.5472952742129564
  landing: 0.044714340940117836
  view-data: 0.20274637499824166
