times:
  edit-metadata: 0.5182226272299886
  landing: 0.042128204833716154
  view-data: 0.20857594441622496
