times:
  edit-metadata: 1.2772169476374984
  landing: 0.7301288722082973
  view-data: 3.308925421908498
