times:
  edit-metadata: 0.7391524569975445
  landing: 0.03753700900415424
  view-data: 0.19587702800345141
