times:
  edit-metadata: 0.5163839119486511
  landing: 0.04433068400248885
  view-data: 0.2264869729988277
