times:
  edit-metadata: 0.516110555967316
  landing: 0.046814014902338386
  view-data: 0.22283227578736842
