times:
  edit-metadata: 1.559215109795332
  landing: 0.25381717272102833
  view-data: 0.3548178318887949
