times:
  edit-metadata: 1.4799932334572077
  landing: 0.0206903163343668
  view-data: 0.1587189044803381
