times:
  edit-metadata: 1.5080423764884472
  landing: 0.9071700628846884
  view-data: 3.422593204304576
