times:
  edit-metadata: 0.805734071880579
  landing: 0.054025422781705856
  view-data: 0.21099526062607765
