times:
  edit-metadata: 1.5266893208026886
  landing: 0.8857122398912907
  view-data: 3.406261619180441
