times:
  edit-metadata: 0.8496189955621958
  landing: 0.6167324632406235
  view-data: 0.6016752906143665
