times:
  edit-metadata: 0.741645673988387
  landing: 0.04621727694757283
  view-data: 0.19566445797681808
