times:
  edit-metadata: 1.3433525989530608
  landing: 0.8807030270108953
  view-data: 3.275271174032241
