times:
  edit-metadata: 0.503959527995903
  landing: 0.09421502100303769
  view-data: 0.20923183299601078
