times:
  edit-metadata: 0.8070575222373009
  landing: 0.049193937331438065
  view-data: 0.19951926916837692
