times:
  edit-metadata: 0.8713612481951714
  landing: 0.9585243426263332
  view-data: 0.3193507008254528
