times:
  edit-metadata: 0.7550348192453384
  landing: 0.041801508981734514
  view-data: 0.19710167404264212
