times:
  edit-metadata: 1.4459624094888568
  landing: 0.8434742614626884
  view-data: 3.3563876478001475
