times:
  edit-metadata: 0.7676551239565015
  landing: 0.036755291977897286
  view-data: 0.20544094988144934
