times:
  edit-metadata: 0.5447671860456467
  landing: 0.04392531141638756
  view-data: 0.21488887537270784
