times:
  landing: 0.550059884999996
  view-data: 0.5571327250000877
