times:
  edit-metadata: 0.7306415389757603
  landing: 0.04755007801577449
  view-data: 0.18937851209193468
