times:
  edit-metadata: 0.8220494799315929
  landing: 0.04653629660606384
  view-data: 0.20539414510130882
