times:
  landing: 0.5494047010000145
  view-data: 0.5556318999999803
