times:
  edit-metadata: 1.4910975825041533
  landing: 0.12423253059387207
  view-data: 0.02916521579027176
