times:
  edit-metadata: 1.4964267183095217
  landing: 0.01938909012824297
  view-data: 0.1205131420865655
