times:
  edit-metadata: 0.5238331819418818
  landing: 0.06528221582993865
  view-data: 0.22370134014636278
