times:
  edit-metadata: 0.5098146658856422
  landing: 0.05081533081829548
  view-data: 0.35008011292666197
