times:
  edit-metadata: 0.6238677706569433
  landing: 0.0551768122240901
  view-data: 0.2150598899461329
