times:
  edit-metadata: 0.5274323532357812
  landing: 0.04030227288603783
  view-data: 0.19855943089351058
