times:
  edit-metadata: 2.929165894165635
  landing: 0.5204532286152244
  view-data: 0.6486525451764464
