times:
  edit-metadata: 0.6513588519883342
  landing: 0.07997996101039462
  view-data: 0.247075382998446
