times:
  edit-metadata: 0.7862551789730787
  landing: 1.1329990029335022
  view-data: 0.6059662010520697
