times:
  edit-metadata: 0.5409815199673176
  landing: 0.05072270706295967
  view-data: 0.21189208701252937
