times:
  edit-metadata: 1.5110312961041927
  landing: 0.9359663762152195
  view-data: 3.364897023886442
