times:
  edit-metadata: 1.5069752158597112
  landing: 0.14843757264316082
  view-data: 0.025619777850806713
