times:
  edit-metadata: 1.559902017004788
  landing: 0.021149360574781895
  view-data: 0.1318319896236062
