times:
  edit-metadata: 1.4999839328229427
  landing: 0.8869230523705482
  view-data: 3.3550730645656586
