times:
  edit-metadata: 0.48801721199561143
  landing: 0.0397688390003168
  view-data: 0.2216246360039804
