times:
  edit-metadata: 0.5255050740006482
  landing: 0.045110989999557205
  view-data: 0.21753954399991926
