times:
  edit-metadata: 0.7653154250001535
  landing: 0.042554716987069696
  view-data: 0.1967452319804579
