times:
  edit-metadata: 1.5656935023143888
  landing: 0.01940880808979273
  view-data: 0.12306742276996374
