times:
  edit-metadata: 0.5063966609886847
  landing: 0.051422750984784216
  view-data: 0.2189362589851953
