times:
  edit-metadata: 0.848827350884676
  landing: 0.48210593685507774
  view-data: 0.19996645487844944
