times:
  edit-metadata: 1.3513106019236147
  landing: 0.7802484761923552
  view-data: 3.3264071280136704
