times:
  edit-metadata: 1.4715169314295053
  landing: 0.1201503798365593
  view-data: 0.023087577894330025
