times:
  edit-metadata: 0.8144512884318829
  landing: 0.04896120727062225
  view-data: 0.20699352025985718
