times:
  edit-metadata: 1.4064218699932098
  landing: 0.7709830440580845
  view-data: 3.2546980790793896
