times:
  edit-metadata: 1.495979966595769
  landing: 0.12161051668226719
  view-data: 0.027307670563459396
