times:
  edit-metadata: 0.7630738019943237
  landing: 0.04935864801518619
  view-data: 0.2046506960177794
