times:
  edit-metadata: 1.4575104480609298
  landing: 0.16179057583212852
  view-data: 0.369032365269959
