times:
  edit-metadata: 0.7515402510762215
  landing: 0.04557316191494465
  view-data: 0.20815800316631794
