times:
  edit-metadata: 1.608624568209052
  landing: 0.8558194357901812
  view-data: 3.4041503481566906
