times:
  edit-metadata: 0.5830599919936503
  landing: 0.046638216997962445
  view-data: 0.2203230699960841
