times:
  edit-metadata: 0.7465134700760245
  landing: 0.05376900406554341
  view-data: 0.19428506097756326
