times:
  edit-metadata: 1.527780469506979
  landing: 0.7817496862262487
  view-data: 3.4562014993280172
