times:
  edit-metadata: 1.5773711614310741
  landing: 0.20536396279931068
  view-data: 0.02678227610886097
