times:
  edit-metadata: 1.8449309151619673
  landing: 0.888295616954565
  view-data: 3.494796351529658
