times:
  edit-metadata: 0.8187366500496864
  landing: 0.6179547868669033
  view-data: 0.596221512183547
