times:
  edit-metadata: 0.5136975301429629
  landing: 0.049591341987252235
  view-data: 0.20242342865094543
