times:
  edit-metadata: 0.648928789421916
  landing: 0.5139997769147158
  view-data: 0.18326532281935215
