times:
  edit-metadata: 0.5283338350709528
  landing: 0.050431967014446855
  view-data: 0.21975753107108176
