times:
  edit-metadata: 1.3892492027953267
  landing: 0.7722885012626648
  view-data: 3.3372721318155527
