times:
  edit-metadata: 0.738639835268259
  landing: 0.5273366365581751
  view-data: 0.3472925126552582
