times:
  edit-metadata: 0.5181639841757715
  landing: 0.06945728603750467
  view-data: 0.21766337705776095
