times:
  edit-metadata: 0.5663125910796225
  landing: 0.047758331056684256
  view-data: 0.19751862902194262
