times:
  edit-metadata: 0.7988840467296541
  landing: 0.05130386771634221
  view-data: 0.20593851385638118
