times:
  edit-metadata: 0.7668131398968399
  landing: 0.04426310211420059
  view-data: 0.19889029301702976
