times:
  edit-metadata: 1.5593094127252698
  landing: 0.020904025994241238
  view-data: 0.02542639710009098
