times:
  edit-metadata: 0.520762228872627
  landing: 0.04367643594741821
  view-data: 0.20189515594393015
