times:
  edit-metadata: 0.7930426599923521
  landing: 0.05074811301892623
  view-data: 0.20157691300846636
