times:
  edit-metadata: 1.5743128135800362
  landing: 0.11894936952739954
  view-data: 0.18055841233581305
