times:
  edit-metadata: 1.4803192298859358
  landing: 0.02266555931419134
  view-data: 0.1207776665687561
