times:
  edit-metadata: 1.3699702009325847
  landing: 0.7451675770571455
  view-data: 3.281129849026911
