times:
  edit-metadata: 1.4983899500221014
  landing: 0.020862877368927002
  view-data: 0.028157342225313187
