times:
  edit-metadata: 1.5147098768502474
  landing: 0.9212746992707253
  view-data: 3.3940804321318865
