times:
  edit-metadata: 0.5276225111447275
  landing: 0.0736542958766222
  view-data: 0.22320668818429112
