times:
  edit-metadata: 0.8006272427737713
  landing: 0.03827165812253952
  view-data: 0.196975190192461
