times:
  landing: 0.5426891409999826
  view-data: 0.5484623400000146
