times:
  edit-metadata: 0.8021330609917641
  landing: 0.7785656396299601
  view-data: 0.30193766579031944
