times:
  edit-metadata: 1.4317395351827145
  landing: 0.8846278227865696
  view-data: 3.384595926851034
