times:
  edit-metadata: 0.5586215620860457
  landing: 0.04367037955671549
  view-data: 0.21284083276987076
