times:
  edit-metadata: 1.4518739762715995
  landing: 0.8202345590107143
  view-data: 3.425574026070535
