times:
  edit-metadata: 0.5576495639979839
  landing: 0.04319343622773886
  view-data: 0.20979751739650965
