times:
  edit-metadata: 1.5654267501085997
  landing: 0.8534057755023241
  view-data: 3.4335974883288145
