times:
  edit-metadata: 0.5417693810304627
  landing: 0.0660534420167096
  view-data: 0.22299994400236756
