times:
  edit-metadata: 1.517283852212131
  landing: 0.11438239086419344
  view-data: 0.11923906207084656
