times:
  edit-metadata: 0.5851164709310979
  landing: 0.05473999003879726
  view-data: 0.22449569997843355
