times:
  landing: 0.5479801289999955
  view-data: 0.554782528999965
