times:
  edit-metadata: 1.5019092038273811
  landing: 1.146838080137968
  view-data: 3.3619592264294624
