times:
  edit-metadata: 1.545229321345687
  landing: 0.9169434728100896
  view-data: 3.311086761765182
