times:
  edit-metadata: 1.5274991896003485
  landing: 0.7237104903906584
  view-data: 3.4192593693733215
