times:
  edit-metadata: 0.5962088430533186
  landing: 0.0519435879541561
  view-data: 0.2307174460729584
