times:
  edit-metadata: 0.7653383202850819
  landing: 0.043229182716459036
  view-data: 0.20104806311428547
