times:
  edit-metadata: 0.9112737607210875
  landing: 0.5298500433564186
  view-data: 0.23040251061320305
