times:
  edit-metadata: 2.5015360675752163
  landing: 1.2458673678338528
  view-data: 3.483559723943472
