times:
  edit-metadata: 1.41402518004179
  landing: 1.1128169037401676
  view-data: 3.3356066830456257
