times:
  edit-metadata: 1.548715002834797
  landing: 0.21391915436834097
  view-data: 0.21638501062989235
