times:
  edit-metadata: 1.0239131159614772
  landing: 0.1466987868770957
  view-data: 0.2504211668856442
