times:
  edit-metadata: 1.4114400409162045
  landing: 0.9428325928747654
  view-data: 3.355150632560253
