times:
  edit-metadata: 2.136768503114581
  landing: 0.020016903057694435
  view-data: 0.4653852079063654
