times:
  edit-metadata: 1.5051501579582691
  landing: 0.8639272823929787
  view-data: 3.3735080286860466
