times:
  landing: 0.5475561519999701
  view-data: 0.5505657019999717
