times:
  edit-metadata: 1.6045517772436142
  landing: 0.8363858759403229
  view-data: 3.380294553935528
