times:
  edit-metadata: 1.1598584149032831
  landing: 0.9578017070889473
  view-data: 0.22490118816494942
