times:
  edit-metadata: 0.5454860422760248
  landing: 0.03931053075939417
  view-data: 0.20712300576269627
