times:
  edit-metadata: 0.6189854466356337
  landing: 0.06113494234159589
  view-data: 0.22816489404067397
