times:
  edit-metadata: 0.7463434655219316
  landing: 1.414349740371108
  view-data: 0.5067373886704445
