times:
  edit-metadata: 1.5430404730141163
  landing: 0.8502709306776524
  view-data: 3.411959368735552
