times:
  edit-metadata: 0.5909264449728653
  landing: 0.09006647393107414
  view-data: 0.25358087406493723
