times:
  edit-metadata: 1.5401586033403873
  landing: 0.9479063674807549
  view-data: 3.3702900744974613
