times:
  edit-metadata: 0.5482797063887119
  landing: 0.05297528672963381
  view-data: 0.2060890467837453
