times:
  edit-metadata: 1.6034064469859004
  landing: 0.8370306547731161
  view-data: 3.349329981021583
