times:
  edit-metadata: 1.5520928408950567
  landing: 0.01870141364634037
  view-data: 0.023452681489288807
