times:
  edit-metadata: 0.7337768099969253
  landing: 0.04862700100056827
  view-data: 0.20473719702567905
