times:
  edit-metadata: 1.5155189335346222
  landing: 0.024511368945240974
  view-data: 0.025340433232486248
