times:
  edit-metadata: 0.5657386146485806
  landing: 0.05071186553686857
  view-data: 0.20274589862674475
