times:
  edit-metadata: 0.699121103156358
  landing: 0.11583172483369708
  view-data: 0.25366943911649287
