times:
  edit-metadata: 1.519191738218069
  landing: 0.20331480912864208
  view-data: 0.36946326680481434
