times:
  edit-metadata: 0.9366421848535538
  landing: 0.48892875015735626
  view-data: 0.21536599472165108
