times:
  edit-metadata: 0.6247092611156404
  landing: 0.12981481989845634
  view-data: 0.32078535854816437
