times:
  edit-metadata: 0.7671472899382934
  landing: 0.04359038395341486
  view-data: 0.19986243697348982
