times:
  edit-metadata: 1.5038437563925982
  landing: 0.021406120620667934
  view-data: 0.02582908235490322
