times:
  edit-metadata: 0.5147685911506414
  landing: 0.04730171198025346
  view-data: 0.21499933511950076
