times:
  edit-metadata: 1.5652609253302217
  landing: 0.01974201761186123
  view-data: 0.026148897595703602
