times:
  landing: 0.5456280649999883
  view-data: 0.5493450100000246
