times:
  edit-metadata: 0.7597210970707238
  landing: 0.04405914293602109
  view-data: 0.19800909096375108
