times:
  edit-metadata: 1.6905541382730007
  landing: 0.022200084291398525
  view-data: 0.255215585231781
