times:
  edit-metadata: 1.5380881484597921
  landing: 0.21555477753281593
  view-data: 0.36068818531930447
