times:
  edit-metadata: 0.78005251288414
  landing: 0.5012973323464394
  view-data: 0.19141951017081738
