times:
  edit-metadata: 0.6235869699157774
  landing: 0.05065299430862069
  view-data: 0.23534889379516244
