times:
  edit-metadata: 0.7519097961485386
  landing: 1.1074083987623453
  view-data: 0.3162143863737583
