times:
  edit-metadata: 0.7540565470699221
  landing: 0.045386958052404225
  view-data: 0.2001642599934712
