times:
  landing: 0.5523198690000299
  view-data: 0.5537529440000526
