times:
  edit-metadata: 0.7657833169214427
  landing: 0.04074450908228755
  view-data: 0.2001403020694852
