times:
  edit-metadata: 1.9037719890475273
  landing: 0.8955724015831947
  view-data: 3.5027506574988365
