times:
  edit-metadata: 1.3945963978767395
  landing: 0.8861070610582829
  view-data: 3.3469156585633755
