times:
  edit-metadata: 1.489588350057602
  landing: 0.022813454270362854
  view-data: 0.023613300174474716
