times:
  edit-metadata: 0.5275859879329801
  landing: 0.04223972465842962
  view-data: 0.19957237085327506
