times:
  landing: 1.0709951950000232
  view-data: 0.5544592600000442
