times:
  edit-metadata: 0.7657261220156215
  landing: 0.0463287080056034
  view-data: 0.20026937100919895
