times:
  edit-metadata: 1.4339882601052523
  landing: 0.2385642919689417
  view-data: 0.31117670238018036
