times:
  edit-metadata: 1.502965385094285
  landing: 0.7336335461586714
  view-data: 3.4017638564109802
