times:
  edit-metadata: 0.5503363162279129
  landing: 0.04707439010962844
  view-data: 0.1994420629926026
