times:
  edit-metadata: 0.7762868020072347
  landing: 0.05166679401008878
  view-data: 0.20376640900212806
