times:
  edit-metadata: 1.3469705439638346
  landing: 0.8105870941653848
  view-data: 3.599088334944099
