times:
  edit-metadata: 1.4711480224505067
  landing: 0.020232122391462326
  view-data: 0.11565118562430143
