times:
  edit-metadata: 1.6441656425595284
  landing: 0.9888478592038155
  view-data: 3.5006308294832706
