times:
  edit-metadata: 1.468358352780342
  landing: 0.9197027310729027
  view-data: 3.4331999868154526
