times:
  edit-metadata: 1.5275337025523186
  landing: 0.019091125577688217
  view-data: 0.02762627601623535
