times:
  edit-metadata: 1.591558862477541
  landing: 0.8258988000452518
  view-data: 3.512528747320175
