times:
  edit-metadata: 1.5416005700826645
  landing: 0.9363767504692078
  view-data: 3.4609099626541138
