times:
  edit-metadata: 1.371216543018818
  landing: 0.742901599034667
  view-data: 3.2902228124439716
