times:
  edit-metadata: 0.7623362449812703
  landing: 0.051136424008291215
  view-data: 0.1939281510130968
