times:
  edit-metadata: 1.5224162247031927
  landing: 0.8553301841020584
  view-data: 3.409293383359909
