times:
  edit-metadata: 0.9404048398137093
  landing: 1.2520071659237146
  view-data: 0.613195139914751
