times:
  edit-metadata: 0.5045000300742686
  landing: 0.04552354011684656
  view-data: 0.23119958117604256
