times:
  edit-metadata: 0.9143263641744852
  landing: 0.10722613334655762
  view-data: 0.3219471708871424
