times:
  edit-metadata: 1.5236076023429632
  landing: 0.14144589193165302
  view-data: 0.32044055312871933
