times:
  edit-metadata: 0.6747028320000936
  landing: 0.06672185099978378
  view-data: 0.2232650679998187
