times:
  edit-metadata: 2.1263589784502983
  landing: 0.13769197650253773
  view-data: 0.3497337456792593
