times:
  edit-metadata: 0.8135783486068249
  landing: 0.051221031695604324
  view-data: 0.20321092009544373
