times:
  edit-metadata: 0.7571505729865748
  landing: 0.04280954200658016
  view-data: 0.1986578470095992
