times:
  edit-metadata: 0.6092266280029435
  landing: 0.04627457101014443
  view-data: 0.203560104011558
