times:
  edit-metadata: 0.5349193960428238
  landing: 0.04625551821663976
  view-data: 0.2039375933818519
