times:
  edit-metadata: 1.5544534754008055
  landing: 0.023498681373894215
  view-data: 0.02532889973372221
