times:
  edit-metadata: 0.8964511398226023
  landing: 1.2572829741984606
  view-data: 0.6648469232022762
