times:
  edit-metadata: 1.4051095247268677
  landing: 0.8596401214599609
  view-data: 3.308748509734869
