times:
  edit-metadata: 1.5176614746451378
  landing: 0.7991286441683769
  view-data: 3.278359040617943
