times:
  edit-metadata: 1.4707833314314485
  landing: 0.020763958804309368
  view-data: 0.11931197345256805
