times:
  edit-metadata: 0.7453734751325101
  landing: 0.055368210887536407
  view-data: 0.19417932606302202
