times:
  edit-metadata: 0.7655741769704036
  landing: 0.056174130004365
  view-data: 0.20244540204294026
