times:
  edit-metadata: 1.3246351550333202
  landing: 1.0818583900108933
  view-data: 3.340648638084531
