times:
  edit-metadata: 1.5315986014902592
  landing: 1.021255474537611
  view-data: 3.422223310917616
