times:
  edit-metadata: 1.4117038398981094
  landing: 0.8063170276582241
  view-data: 3.3508001752197742
