times:
  landing: 1.6746548432856798
  view-data: 0.574922913685441
