times:
  edit-metadata: 0.9195915125310421
  landing: 0.5172695461660624
  view-data: 0.1983815636485815
