times:
  landing: 0.5500590469999906
  view-data: 0.5492990840000402
