times:
  edit-metadata: 0.5205230040010065
  landing: 0.09563140093814582
  view-data: 0.2241800830233842
