times:
  edit-metadata: 1.4193633049726486
  landing: 0.9275107607245445
  view-data: 3.2947144731879234
