times:
  edit-metadata: 0.537787485984154
  landing: 0.04816536500584334
  view-data: 0.21372919203713536
