times:
  edit-metadata: 1.5234363349154592
  landing: 0.02359501551836729
  view-data: 0.24702842254191637
