times:
  edit-metadata: 1.530031319707632
  landing: 0.8267945889383554
  view-data: 3.4588257567957044
