times:
  edit-metadata: 0.9412569478154182
  landing: 0.5835621375590563
  view-data: 0.6087232045829296
