times:
  edit-metadata: 0.6190918709617108
  landing: 0.061258874949999154
  view-data: 0.22548392391763628
