times:
  edit-metadata: 0.7003162722103298
  landing: 0.0646509793587029
  view-data: 0.461644034832716
