times:
  edit-metadata: 0.7855448760092258
  landing: 0.05371033027768135
  view-data: 0.2010854259133339
