times:
  edit-metadata: 0.7751644949894398
  landing: 0.04119862802326679
  view-data: 0.20481492392718792
