times:
  edit-metadata: 1.4298738911747932
  landing: 0.917903445661068
  view-data: 3.404351606965065
