times:
  landing: 0.5503783799999837
  view-data: 0.5469756379999922
