times:
  edit-metadata: 1.6383399218320847
  landing: 0.30049004778265953
  view-data: 0.15886688604950905
