times:
  landing: 0.5443889590000026
  view-data: 0.5448739670000577
