times:
  edit-metadata: 1.4631222859025002
  landing: 0.7603296302258968
  view-data: 3.291795004159212
