times:
  edit-metadata: 0.5176093787886202
  landing: 0.054433233104646206
  view-data: 0.19861625181511045
