times:
  edit-metadata: 0.9013452399522066
  landing: 0.8224175684154034
  view-data: 0.31624098867177963
