times:
  edit-metadata: 1.701121655292809
  landing: 0.4745756285265088
  view-data: 0.4444103790447116
