times:
  edit-metadata: 0.7634212048724294
  landing: 0.04016483994200826
  view-data: 0.19877110701054335
