times:
  edit-metadata: 1.4608295848593116
  landing: 0.021762951277196407
  view-data: 0.4559215968474746
