times:
  edit-metadata: 1.5350399557501078
  landing: 0.7611711099743843
  view-data: 3.375516163185239
