times:
  edit-metadata: 0.7681017639988568
  landing: 0.04603225100436248
  view-data: 0.19693226300296374
