times:
  edit-metadata: 0.5775795998051763
  landing: 0.04854135401546955
  view-data: 0.210945263504982
