times:
  edit-metadata: 0.817499678581953
  landing: 1.4072370305657387
  view-data: 0.6489990931004286
