times:
  edit-metadata: 0.8233950361609459
  landing: 0.5699379611760378
  view-data: 0.21424119547009468
