times:
  edit-metadata: 0.7761082989163697
  landing: 0.05129117192700505
  view-data: 0.1961885429918766
