times:
  edit-metadata: 0.7880426570773125
  landing: 0.047271326184272766
  view-data: 0.20768896862864494
