times:
  edit-metadata: 1.766184326261282
  landing: 0.06016732379794121
  view-data: 0.17012335546314716
