times:
  edit-metadata: 0.7971897339448333
  landing: 0.07926049293018878
  view-data: 0.21049802796915174
