times:
  edit-metadata: 1.5101144034415483
  landing: 0.7378072123974562
  view-data: 3.3830704111605883
