times:
  edit-metadata: 1.394493531435728
  landing: 0.7522738240659237
  view-data: 3.2964473515748978
