times:
  edit-metadata: 1.42179623991251
  landing: 0.018983611837029457
  view-data: 0.0262445155531168
