times:
  edit-metadata: 0.7471726750954986
  landing: 0.044009926030412316
  view-data: 0.19560288591310382
