times:
  edit-metadata: 1.5290760286152363
  landing: 0.982629332691431
  view-data: 3.432213306427002
