times:
  edit-metadata: 0.5241490546613932
  landing: 0.04960197303444147
  view-data: 0.19940543081611395
