times:
  edit-metadata: 1.4670809302479029
  landing: 0.14766470715403557
  view-data: 0.02361052855849266
