times:
  edit-metadata: 1.4644351433962584
  landing: 0.021674368530511856
  view-data: 0.29458425007760525
