times:
  edit-metadata: 1.5763558242470026
  landing: 0.15936808101832867
  view-data: 0.02464989200234413
