times:
  edit-metadata: 0.7479268489987589
  landing: 0.04263321403414011
  view-data: 0.1984552620560862
