times:
  edit-metadata: 0.5210744729265571
  landing: 0.04677448375150561
  view-data: 0.19823213666677475
