times:
  edit-metadata: 0.8194115404039621
  landing: 0.07767693884670734
  view-data: 0.20458418503403664
