times:
  edit-metadata: 1.4972048364579678
  landing: 0.8305263984948397
  view-data: 3.4723322205245495
