times:
  landing: 0.5508039199999644
  view-data: 0.5540390190000153
