times:
  edit-metadata: 1.448181439191103
  landing: 0.8331967890262604
  view-data: 3.334119614213705
