times:
  edit-metadata: 0.5366876786574721
  landing: 0.04380762996152043
  view-data: 0.20102125313133
