times:
  edit-metadata: 1.505602290853858
  landing: 0.7551083955913782
  view-data: 3.396976290270686
