times:
  edit-metadata: 1.6221500169485807
  landing: 0.21646052412688732
  view-data: 0.44510736875236034
