times:
  edit-metadata: 0.7988448813557625
  landing: 0.042213309556245804
  view-data: 0.19815758243203163
