times:
  edit-metadata: 1.5172806307673454
  landing: 0.01950060762465
  view-data: 0.13600115664303303
