times:
  edit-metadata: 0.9454689715057611
  landing: 0.6861657910048962
  view-data: 0.2986160386353731
