times:
  edit-metadata: 1.4386116380337626
  landing: 0.7507121129892766
  view-data: 3.33274711901322
