times:
  edit-metadata: 0.49758972274139524
  landing: 0.08311167033389211
  view-data: 0.3405945678241551
