times:
  edit-metadata: 1.5367484837770462
  landing: 1.046212837100029
  view-data: 3.3573334142565727
