times:
  edit-metadata: 1.521666083484888
  landing: 0.7752985619008541
  view-data: 3.3785314355045557
