times:
  edit-metadata: 1.4831778332591057
  landing: 0.9176173433661461
  view-data: 3.2876060493290424
