times:
  edit-metadata: 1.71232033893466
  landing: 0.27427648566663265
  view-data: 0.4914032435044646
