times:
  edit-metadata: 0.8494179714471102
  landing: 1.096511535346508
  view-data: 0.5976928882300854
