times:
  edit-metadata: 1.5728391595184803
  landing: 0.9053926952183247
  view-data: 3.4064437225461006
