times:
  edit-metadata: 1.493250380270183
  landing: 0.19417379796504974
  view-data: 0.41699597612023354
