times:
  edit-metadata: 1.5329904640093446
  landing: 0.17710518185049295
  view-data: 0.022847873158752918
