times:
  edit-metadata: 1.5202981773763895
  landing: 0.7732097394764423
  view-data: 3.435517091304064
