times:
  edit-metadata: 1.510096705518663
  landing: 0.019736108370125294
  view-data: 0.025661122985184193
