times:
  edit-metadata: 0.7899088140038657
  landing: 0.04439424500014866
  view-data: 0.19404172000213293
