times:
  edit-metadata: 0.7896886840462685
  landing: 0.6145126931369305
  view-data: 0.20003605633974075
