times:
  edit-metadata: 0.6855731513351202
  landing: 0.7219000793993473
  view-data: 0.18447664938867092
