times:
  edit-metadata: 1.7940530329942703
  landing: 0.8865462113171816
  view-data: 3.344427241012454
