times:
  edit-metadata: 1.538141081109643
  landing: 0.019863883033394814
  view-data: 0.12686232663691044
