times:
  edit-metadata: 0.7709486598614603
  landing: 0.04500234802253544
  view-data: 0.19828924210742116
