times:
  edit-metadata: 0.7803621403872967
  landing: 0.7609330173581839
  view-data: 0.5733164604753256
