times:
  edit-metadata: 1.6774354986846447
  landing: 0.2834618594497442
  view-data: 0.15238508768379688
