times:
  edit-metadata: 0.5469656893983483
  landing: 0.04373426642268896
  view-data: 0.2067080596461892
