times:
  edit-metadata: 1.523390586487949
  landing: 0.02045524399727583
  view-data: 0.024712379090487957
