times:
  landing: 1.0824097619999975
  view-data: 0.5569226149999622
