times:
  edit-metadata: 1.52273366227746
  landing: 0.9332668595016003
  view-data: 3.3928383104503155
