times:
  landing: 0.5536600789999966
  view-data: 0.5522263849999831
