times:
  edit-metadata: 1.4855280928313732
  landing: 0.019496719352900982
  view-data: 0.12438615877181292
