times:
  edit-metadata: 1.5027114767581224
  landing: 0.19156580232083797
  view-data: 0.02421659603714943
