times:
  landing: 0.553496746999997
  view-data: 0.5577135169999679
