times:
  edit-metadata: 0.6327105755917728
  landing: 0.05124843865633011
  view-data: 0.2168990452773869
