times:
  edit-metadata: 1.5023232037201524
  landing: 0.12376328371465206
  view-data: 0.024183332920074463
