times:
  edit-metadata: 0.7715709661133587
  landing: 0.05523782642558217
  view-data: 0.19960593711584806
