times:
  edit-metadata: 0.8142590671777725
  landing: 1.12944620475173
  view-data: 0.1983327604830265
