times:
  edit-metadata: 0.8129185941070318
  landing: 1.1369555369019508
  view-data: 0.6196196433156729
