times:
  edit-metadata: 1.5268875667825341
  landing: 0.28736626263707876
  view-data: 0.1331568956375122
