times:
  edit-metadata: 1.4160312786698341
  landing: 1.0471439510583878
  view-data: 3.336924135684967
