times:
  edit-metadata: 5.8214320950210094
  landing: 2.332293678075075
  view-data: 5.279852349311113
