times:
  edit-metadata: 0.5484309170860797
  landing: 0.04227094992529601
  view-data: 0.22695146594196558
