times:
  edit-metadata: 0.7324496759101748
  landing: 0.04569188901223242
  view-data: 0.191474030027166
