times:
  edit-metadata: 0.8151776548475027
  landing: 0.9033326599746943
  view-data: 0.20558573305606842
