times:
  edit-metadata: 1.4671118557453156
  landing: 0.8876466862857342
  view-data: 3.356735773384571
