times:
  edit-metadata: 1.490345448255539
  landing: 0.021319720894098282
  view-data: 0.0237647769972682
