times:
  edit-metadata: 1.4800711432471871
  landing: 0.021888011135160923
  view-data: 0.4246231149882078
