times:
  edit-metadata: 0.8438202738761902
  landing: 0.05638865754008293
  view-data: 0.19909742847085
