times:
  edit-metadata: 0.749173741787672
  landing: 0.040141213685274124
  view-data: 0.20764707773923874
