times:
  landing: 1.1061631390000457
  view-data: 0.5536139230000572
