times:
  edit-metadata: 1.5000839498825371
  landing: 0.8580426890403032
  view-data: 3.3148493389599025
