times:
  landing: 0.5501039040000251
  view-data: 0.5484775160000481
