times:
  edit-metadata: 1.5190711412578821
  landing: 0.7854952123016119
  view-data: 3.389759339392185
