times:
  edit-metadata: 1.887794679030776
  landing: 1.2848557587713003
  view-data: 3.6023636423051357
