times:
  edit-metadata: 0.7919790185987949
  landing: 0.03990838676691055
  view-data: 0.20238209515810013
