times:
  edit-metadata: 0.8119939342141151
  landing: 1.8401750512421131
  view-data: 0.44046997278928757
