times:
  landing: 0.5563299350000079
  view-data: 0.561138063000044
