times:
  edit-metadata: 1.493361834436655
  landing: 0.12394158728420734
  view-data: 0.02667842246592045
