times:
  edit-metadata: 0.7383169759996235
  landing: 0.049771153018809855
  view-data: 0.20324763201642781
