times:
  edit-metadata: 1.4432996553368866
  landing: 0.7458444172516465
  view-data: 3.373488062992692
