times:
  edit-metadata: 2.3092437125742435
  landing: 1.199610896408558
  view-data: 3.4669213481247425
