times:
  edit-metadata: 1.4338090792298317
  landing: 0.8230680227279663
  view-data: 3.4309417977929115
