times:
  edit-metadata: 1.4832656159996986
  landing: 0.906124509871006
  view-data: 3.6453552842140198
