times:
  edit-metadata: 1.7904771007597446
  landing: 0.9609722420573235
  view-data: 3.339990757405758
