times:
  edit-metadata: 1.3918963633477688
  landing: 0.931706216186285
  view-data: 3.349213305860758
