times:
  edit-metadata: 1.4304712861776352
  landing: 0.8811768218874931
  view-data: 3.3441534638404846
