times:
  edit-metadata: 1.3983173221349716
  landing: 0.871781799942255
  view-data: 3.3534448556602
