times:
  edit-metadata: 1.428799331188202
  landing: 0.7942332029342651
  view-data: 3.531896226108074
