times:
  edit-metadata: 1.338914342224598
  landing: 0.9138327911496162
  view-data: 3.4068779200315475
