times:
  edit-metadata: 1.6255567595362663
  landing: 0.9830087646842003
  view-data: 3.3815372213721275
