times:
  edit-metadata: 1.5035795457661152
  landing: 0.867695152759552
  view-data: 3.297035615891218
