times:
  edit-metadata: 1.488319430500269
  landing: 0.847636416554451
  view-data: 3.346253175288439
