times:
  edit-metadata: 1.5034752190113068
  landing: 1.0005459673702717
  view-data: 3.342186413705349
