times:
  edit-metadata: 1.507614079862833
  landing: 0.8848546706140041
  view-data: 3.276068851351738
