times:
  edit-metadata: 1.878055214881897
  landing: 1.201775185763836
  view-data: 3.6258733570575714
