times:
  edit-metadata: 1.4163249656558037
  landing: 0.7939030453562737
  view-data: 3.486182361841202
