times:
  edit-metadata: 2.0740847885608673
  landing: 1.3781991302967072
  view-data: 3.7768329605460167
