times:
  edit-metadata: 1.353089302778244
  landing: 0.7953585833311081
  view-data: 3.453476957976818
