times:
  edit-metadata: 1.3287946581840515
  landing: 0.9070034846663475
  view-data: 3.3637781888246536
