times:
  edit-metadata: 1.860989436507225
  landing: 1.3001316152513027
  view-data: 3.772563114762306
