times:
  edit-metadata: 1.3951147571206093
  landing: 0.7739780694246292
  view-data: 3.50543225556612
