times:
  edit-metadata: 1.3993218317627907
  landing: 0.783421978354454
  view-data: 3.5673049315810204
