times:
  edit-metadata: 1.3446378260850906
  landing: 0.8336547091603279
  view-data: 3.4424517899751663
