times:
  edit-metadata: 1.3519154489040375
  landing: 0.7617220506072044
  view-data: 3.4813066571950912
