times:
  edit-metadata: 1.503393568098545
  landing: 0.8281470090150833
  view-data: 3.4458509385585785
