times:
  edit-metadata: 1.4508821442723274
  landing: 0.92645712941885
  view-data: 3.395125448703766
