times:
  edit-metadata: 1.4343186616897583
  landing: 0.7849949821829796
  view-data: 3.265375103801489
