times:
  edit-metadata: 1.4079842567443848
  landing: 0.9349031262099743
  view-data: 3.346847489476204
