times:
  edit-metadata: 1.5057866051793098
  landing: 0.7952994108200073
  view-data: 3.4493001103401184
