times:
  edit-metadata: 1.4020289443433285
  landing: 0.765451967716217
  view-data: 3.3143437430262566
