times:
  edit-metadata: 1.3377217128872871
  landing: 0.8260160237550735
  view-data: 3.4702257066965103
