times:
  edit-metadata: 1.5868191197514534
  landing: 0.8101483173668385
  view-data: 3.380343686789274
