times:
  edit-metadata: 1.4084340333938599
  landing: 0.7833375185728073
  view-data: 3.4766814187169075
