times:
  edit-metadata: 1.443418689072132
  landing: 0.7427649796009064
  view-data: 3.3553308248519897
