times:
  edit-metadata: 1.3634040653705597
  landing: 0.8219745084643364
  view-data: 3.4872150868177414
