times:
  edit-metadata: 1.4297572821378708
  landing: 1.1440634056925774
  view-data: 3.500475198030472
