times:
  edit-metadata: 1.3970405906438828
  landing: 0.7771363332867622
  view-data: 3.5026502907276154
