times:
  edit-metadata: 1.3894331827759743
  landing: 0.8297587484121323
  view-data: 3.4746916070580482
