times:
  edit-metadata: 1.4769545868039131
  landing: 0.8205359652638435
  view-data: 3.3123180866241455
