times:
  edit-metadata: 1.7097727581858635
  landing: 1.0761731751263142
  view-data: 3.3473680801689625
