times:
  edit-metadata: 1.511758554726839
  landing: 0.7515040375292301
  view-data: 3.2904315069317818
