times:
  edit-metadata: 1.4075786247849464
  landing: 0.8281698897480965
  view-data: 3.259837530553341
