times:
  edit-metadata: 1.4521249160170555
  landing: 0.7387160137295723
  view-data: 3.4715112447738647
