times:
  edit-metadata: 1.4110642075538635
  landing: 0.7147605270147324
  view-data: 3.475790187716484
