times:
  edit-metadata: 1.5866968110203743
  landing: 0.9202220663428307
  view-data: 3.4230370968580246
