times:
  edit-metadata: 1.40198215842247
  landing: 0.8094505593180656
  view-data: 3.3055649250745773
