times:
  edit-metadata: 1.467550367116928
  landing: 0.7973113693296909
  view-data: 3.3761958181858063
