times:
  edit-metadata: 1.3271919265389442
  landing: 0.7683513760566711
  view-data: 3.4430423453450203
