times:
  edit-metadata: 1.523351602256298
  landing: 0.7634917125105858
  view-data: 3.4903023689985275
