times:
  edit-metadata: 1.4037350490689278
  landing: 0.8733212128281593
  view-data: 3.4692745581269264
