times:
  edit-metadata: 1.4848232045769691
  landing: 0.7285279259085655
  view-data: 3.4829585254192352
