times:
  edit-metadata: 1.753734327852726
  landing: 1.1820161454379559
  view-data: 3.3932990431785583
