times:
  edit-metadata: 1.3995453789830208
  landing: 0.8511015623807907
  view-data: 3.30537211894989
