times:
  edit-metadata: 1.4372170194983482
  landing: 0.8503862768411636
  view-data: 3.334600020200014
