times:
  edit-metadata: 1.487584874033928
  landing: 0.8017545938491821
  view-data: 3.540034309029579
