times:
  edit-metadata: 1.369040071964264
  landing: 0.7637664750218391
  view-data: 3.4184526056051254
