times:
  edit-metadata: 1.5198409482836723
  landing: 0.7430141195654869
  view-data: 3.368057906627655
