times:
  edit-metadata: 1.6254900768399239
  landing: 1.1058699935674667
  view-data: 3.3783411383628845
