times:
  edit-metadata: 1.3948336876928806
  landing: 0.7401479296386242
  view-data: 3.2975637428462505
