times:
  edit-metadata: 1.5584558472037315
  landing: 0.9221189878880978
  view-data: 3.341178636997938
