times:
  edit-metadata: 1.3633895330131054
  landing: 0.7571212947368622
  view-data: 3.298386249691248
