times:
  edit-metadata: 1.418977290391922
  landing: 0.9411082789301872
  view-data: 3.345120944082737
