times:
  edit-metadata: 1.4650344587862492
  landing: 0.8463942892849445
  view-data: 3.3887326680123806
