times:
  edit-metadata: 1.2808689624071121
  landing: 0.7710304111242294
  view-data: 3.446303069591522
