times:
  edit-metadata: 1.4925995394587517
  landing: 0.8567783907055855
  view-data: 3.34493276104331
