times:
  edit-metadata: 1.5981184765696526
  landing: 0.8753875829279423
  view-data: 3.3417383059859276
