times:
  edit-metadata: 2.274710290133953
  landing: 1.9269765317440033
  view-data: 3.5060723796486855
