times:
  edit-metadata: 1.3284239545464516
  landing: 0.8018446043133736
  view-data: 3.446957290172577
