times:
  edit-metadata: 1.5166891291737556
  landing: 0.9261113032698631
  view-data: 3.398714855313301
