times:
  edit-metadata: 1.5348008126020432
  landing: 0.8274747170507908
  view-data: 3.32991723716259
