times:
  edit-metadata: 1.3815848752856255
  landing: 0.8077303096652031
  view-data: 3.548460379242897
