times:
  edit-metadata: 1.4575247205793858
  landing: 0.7718538753688335
  view-data: 3.374946389347315
