times:
  edit-metadata: 1.4328546449542046
  landing: 0.86045853048563
  view-data: 3.3566462695598602
