times:
  edit-metadata: 2.7613682001829147
  landing: 1.6060088872909546
  view-data: 3.671525038778782
