times:
  edit-metadata: 1.4229351580142975
  landing: 0.7908071577548981
  view-data: 3.3194289579987526
