times:
  edit-metadata: 1.308908935636282
  landing: 0.9946805350482464
  view-data: 3.3405526503920555
