times:
  edit-metadata: 1.420892246067524
  landing: 0.7966116517782211
  view-data: 3.5385042503476143
