times:
  edit-metadata: 2.124750830233097
  landing: 1.1604378893971443
  view-data: 3.3763959407806396
