times:
  edit-metadata: 1.3765400797128677
  landing: 0.7399292699992657
  view-data: 3.2994442246854305
