times:
  edit-metadata: 1.4034901931881905
  landing: 0.8340426087379456
  view-data: 3.339337281882763
