times:
  edit-metadata: 1.4957915917038918
  landing: 0.8318485021591187
  view-data: 3.5591617077589035
