times:
  edit-metadata: 1.4138666838407516
  landing: 0.8051383271813393
  view-data: 3.5098147988319397
