times:
  edit-metadata: 1.2196301817893982
  landing: 0.8991732597351074
  view-data: 3.4940689727663994
