times:
  edit-metadata: 1.859238039702177
  landing: 1.1215250976383686
  view-data: 3.37355375289917
