times:
  edit-metadata: 1.4250507205724716
  landing: 1.0338376685976982
  view-data: 3.4969877898693085
