times:
  edit-metadata: 1.340718686580658
  landing: 0.7566802427172661
  view-data: 3.471224457025528
