times:
  edit-metadata: 1.4353339113295078
  landing: 0.9184226579964161
  view-data: 3.3217462934553623
