times:
  edit-metadata: 1.530740361660719
  landing: 1.1433784626424313
  view-data: 3.31138676404953
