times:
  edit-metadata: 1.5040573701262474
  landing: 0.7233036383986473
  view-data: 3.4679717496037483
