times:
  edit-metadata: 1.9920983016490936
  landing: 1.1631237119436264
  view-data: 3.3991966545581818
