times:
  edit-metadata: 1.4309112951159477
  landing: 0.7216762229800224
  view-data: 3.4977395683526993
