times:
  edit-metadata: 1.3367103673517704
  landing: 0.7989494316279888
  view-data: 3.3190204314887524
