times:
  edit-metadata: 1.3899492844939232
  landing: 0.8232911191880703
  view-data: 3.2856968492269516
