times:
  edit-metadata: 1.5941632017493248
  landing: 0.9935123100876808
  view-data: 3.306074932217598
