times:
  edit-metadata: 1.4952731505036354
  landing: 0.8240937180817127
  view-data: 3.2480012327432632
