times:
  edit-metadata: 1.3569651246070862
  landing: 0.7956503927707672
  view-data: 3.4903784841299057
