times:
  edit-metadata: 1.4600509107112885
  landing: 0.8071013242006302
  view-data: 3.5466165989637375
