times:
  edit-metadata: 1.4699762985110283
  landing: 0.9898645058274269
  view-data: 3.5032356157898903
