times:
  edit-metadata: 1.3653009608387947
  landing: 0.7578255906701088
  view-data: 3.5010946467518806
