times:
  edit-metadata: 1.4850766137242317
  landing: 0.7988816499710083
  view-data: 3.4340314865112305
