times:
  edit-metadata: 1.4210087284445763
  landing: 1.0402746871113777
  view-data: 3.6273725256323814
