times:
  edit-metadata: 1.5130570381879807
  landing: 0.7315067946910858
  view-data: 3.4909089282155037
