times:
  edit-metadata: 1.4009439423680305
  landing: 0.8360405266284943
  view-data: 3.4263699799776077
