times:
  edit-metadata: 1.6484355032444
  landing: 0.8011739775538445
  view-data: 3.5838774889707565
