times:
  edit-metadata: 1.4106204845011234
  landing: 0.8035811930894852
  view-data: 3.3511064909398556
