times:
  edit-metadata: 1.4068685919046402
  landing: 0.7691343575716019
  view-data: 3.546695187687874
