times:
  edit-metadata: 1.4522245302796364
  landing: 0.8800015151500702
  view-data: 3.3710663244128227
