times:
  edit-metadata: 1.517383724451065
  landing: 0.9551180750131607
  view-data: 3.332587316632271
