times:
  edit-metadata: 1.627237144857645
  landing: 0.9034063555300236
  view-data: 3.4176476784050465
