times:
  edit-metadata: 1.4646033011376858
  landing: 0.8840194195508957
  view-data: 3.3710287995636463
