times:
  edit-metadata: 1.3742444142699242
  landing: 0.7970164977014065
  view-data: 3.312940787523985
