times:
  edit-metadata: 1.4918935149908066
  landing: 0.7911500111222267
  view-data: 3.4433077350258827
