times:
  edit-metadata: 1.8318856805562973
  landing: 1.1930800303816795
  view-data: 3.648641876876354
