times:
  edit-metadata: 1.5563174858689308
  landing: 0.8911514170467854
  view-data: 3.4345011934638023
