times:
  edit-metadata: 1.3518626242876053
  landing: 0.8005717024207115
  view-data: 3.3787551410496235
