times:
  edit-metadata: 1.4709033817052841
  landing: 0.8164494559168816
  view-data: 3.4737851321697235
