times:
  edit-metadata: 1.4926647059619427
  landing: 0.9000546559691429
  view-data: 3.34868410974741
