times:
  edit-metadata: 1.4009877517819405
  landing: 0.8620594292879105
  view-data: 3.3283653408288956
