times:
  edit-metadata: 1.409662887454033
  landing: 0.8657979294657707
  view-data: 3.2956487834453583
