times:
  edit-metadata: 1.852676335722208
  landing: 1.3926693201065063
  view-data: 3.33892510086298
