times:
  edit-metadata: 1.4185120686888695
  landing: 0.9356971234083176
  view-data: 3.4814184680581093
