times:
  edit-metadata: 1.3567176908254623
  landing: 0.8209325261414051
  view-data: 3.304837364703417
