times:
  edit-metadata: 1.4823403283953667
  landing: 0.7857977673411369
  view-data: 3.467143528163433
