times:
  edit-metadata: 1.3840729519724846
  landing: 0.8418516367673874
  view-data: 3.501550242304802
