times:
  edit-metadata: 1.5091352015733719
  landing: 1.2355899512767792
  view-data: 3.4762496650218964
