times:
  edit-metadata: 1.8474308997392654
  landing: 1.3232600390911102
  view-data: 3.648022376000881
