times:
  edit-metadata: 1.378737859427929
  landing: 0.7455788180232048
  view-data: 3.4403630048036575
