times:
  edit-metadata: 1.3901948481798172
  landing: 0.8081934899091721
  view-data: 3.3165835216641426
