times:
  edit-metadata: 1.4549818485975266
  landing: 0.7536665201187134
  view-data: 3.300957888364792
