times:
  edit-metadata: 1.460423305630684
  landing: 1.0007867366075516
  view-data: 3.309643976390362
