times:
  edit-metadata: 1.5334371402859688
  landing: 0.7689964100718498
  view-data: 3.446510039269924
