times:
  edit-metadata: 1.4386501982808113
  landing: 0.7949372082948685
  view-data: 3.376638151705265
