times:
  edit-metadata: 1.4208206608891487
  landing: 0.8163584098219872
  view-data: 3.3427105769515038
