times:
  edit-metadata: 1.6382411643862724
  landing: 1.0129929184913635
  view-data: 3.4934579730033875
