times:
  edit-metadata: 1.485314004123211
  landing: 0.8041998520493507
  view-data: 3.343502067029476
