times:
  edit-metadata: 1.4454893358051777
  landing: 0.7369689159095287
  view-data: 3.317356001585722
