times:
  edit-metadata: 1.3871570825576782
  landing: 0.8595752343535423
  view-data: 3.2675612196326256
