times:
  edit-metadata: 1.4095411971211433
  landing: 0.7545633837580681
  view-data: 3.5134634599089622
