times:
  edit-metadata: 1.4565439075231552
  landing: 0.9052996337413788
  view-data: 3.4921862110495567
