times:
  edit-metadata: 1.5140014588832855
  landing: 0.7555361241102219
  view-data: 3.527136094868183
