times:
  edit-metadata: 1.4324470236897469
  landing: 0.9841460734605789
  view-data: 3.274695109575987
