times:
  edit-metadata: 1.523708712309599
  landing: 0.8825405202805996
  view-data: 3.3008780106902122
