times:
  edit-metadata: 1.3717728927731514
  landing: 0.7888196706771851
  view-data: 3.5145728439092636
