times:
  edit-metadata: 1.5002823919057846
  landing: 0.8094064518809319
  view-data: 3.310353934764862
