times:
  edit-metadata: 1.3984347730875015
  landing: 0.759936049580574
  view-data: 3.4397570118308067
