times:
  edit-metadata: 1.9145827405154705
  landing: 0.875906441360712
  view-data: 3.452523462474346
