times:
  edit-metadata: 1.3837034329771996
  landing: 0.7957725673913956
  view-data: 3.4799655079841614
