times:
  edit-metadata: 1.4394724182784557
  landing: 0.8265763632953167
  view-data: 3.3453168608248234
