times:
  edit-metadata: 1.4095243960618973
  landing: 0.7866467088460922
  view-data: 3.4061078652739525
