times:
  edit-metadata: 1.4942790046334267
  landing: 0.8076995983719826
  view-data: 3.4206455126404762
