times:
  edit-metadata: 1.6804542243480682
  landing: 0.8590626418590546
  view-data: 3.302477315068245
