times:
  edit-metadata: 1.340610958635807
  landing: 0.7967949137091637
  view-data: 3.2507134675979614
