times:
  edit-metadata: 1.3957545906305313
  landing: 0.7590645626187325
  view-data: 3.3539972081780434
