times:
  edit-metadata: 1.4789958596229553
  landing: 0.8368371389806271
  view-data: 3.3034591302275658
