times:
  edit-metadata: 1.4655486904084682
  landing: 0.7704049609601498
  view-data: 3.3008301071822643
