times:
  edit-metadata: 1.3863409459590912
  landing: 0.7111009359359741
  view-data: 3.5286072120070457
