times:
  edit-metadata: 1.4866571947932243
  landing: 0.7658907026052475
  view-data: 3.475332647562027
