times:
  edit-metadata: 1.385206688195467
  landing: 0.7606964856386185
  view-data: 3.2714958749711514
