times:
  edit-metadata: 1.721450962126255
  landing: 1.0290431901812553
  view-data: 3.569404013454914
