times:
  edit-metadata: 1.3515683636069298
  landing: 0.8715210221707821
  view-data: 3.3329703249037266
