times:
  edit-metadata: 0.8969575832597911
  landing: 0.053269580937922
  view-data: 0.33906508004292846
