times:
  edit-metadata: 3.4645046088844538
  landing: 0.7638090420514345
  view-data: 0.51573087554425
