times:
  edit-metadata: 1.052634708583355
  landing: 0.6549409739673138
  view-data: 0.22707552090287209
