times:
  edit-metadata: 1.089631736278534
  landing: 0.04458468034863472
  view-data: 0.21960371360182762
