times:
  landing: 0.5623515330000259
  view-data: 0.5587430569999583
