times:
  edit-metadata: 0.612099717836827
  landing: 0.06495002214796841
  view-data: 0.23931062081828713
