times:
  edit-metadata: 1.414839806035161
  landing: 0.8118828274309635
  view-data: 3.371883842162788
