times:
  edit-metadata: 0.6155197199987015
  landing: 0.07774362400232349
  view-data: 0.229453295993153
