times:
  edit-metadata: 1.2759319245815277
  landing: 0.061527371406555176
  view-data: 0.20956680923700333
