times:
  edit-metadata: 0.6732753221876919
  landing: 0.0705223479308188
  view-data: 0.34916865173727274
