times:
  edit-metadata: 1.5393321681767702
  landing: 0.02033150941133499
  view-data: 0.3228600509464741
