times:
  edit-metadata: 1.1405246891081333
  landing: 0.04032759368419647
  view-data: 0.21062235534191132
