times:
  landing: 0.5512045219999777
  view-data: 0.5507233940000447
