times:
  edit-metadata: 1.234467975795269
  landing: 0.8432733528316021
  view-data: 0.1947136502712965
