times:
  landing: 0.5558522989999801
  view-data: 0.555995500999984
