times:
  edit-metadata: 0.6496620927937329
  landing: 0.05001001409254968
  view-data: 0.2151349049527198
