times:
  edit-metadata: 1.289743445115164
  landing: 0.7182557869236916
  view-data: 3.2698045619763434
