times:
  edit-metadata: 1.3610761612653732
  landing: 0.7278125798329711
  view-data: 3.3421267922967672
