times:
  edit-metadata: 0.7281561358831823
  landing: 0.04551947605796158
  view-data: 0.3009363559540361
