times:
  landing: 0.5505519160000176
  view-data: 0.5544148369999675
