times:
  edit-metadata: 1.047811210155487
  landing: 0.05273887887597084
  view-data: 0.2101387120783329
