times:
  edit-metadata: 1.065664503723383
  landing: 0.04691768065094948
  view-data: 0.20605355873703957
