times:
  landing: 0.5579007019999835
  view-data: 0.5598042279999618
