times:
  edit-metadata: 2.249198952689767
  landing: 0.32401082664728165
  view-data: 0.5182231366634369
