times:
  edit-metadata: 1.5990510657429695
  landing: 0.8486663158982992
  view-data: 3.399073841050267
