times:
  edit-metadata: 0.6020534900017083
  landing: 0.06534821493551135
  view-data: 0.23179433308541775
