times:
  edit-metadata: 1.6480470038950443
  landing: 1.058798834681511
  view-data: 3.340707492083311
