times:
  edit-metadata: 1.823483731597662
  landing: 1.1266488209366798
  view-data: 3.4420453645288944
