times:
  edit-metadata: 1.638209268450737
  landing: 1.0451117157936096
  view-data: 3.415256604552269
