times:
  edit-metadata: 1.7630517035722733
  landing: 0.194157050922513
  view-data: 0.0567040741443634
