times:
  edit-metadata: 1.1219748556613922
  landing: 1.1626183558255434
  view-data: 0.5465566124767065
