times:
  edit-metadata: 1.2236839886754751
  landing: 0.7669290006160736
  view-data: 0.21441690996289253
