times:
  edit-metadata: 1.429628860205412
  landing: 0.8649968951940536
  view-data: 3.3053351752460003
