times:
  edit-metadata: 1.0857311971485615
  landing: 0.704382061958313
  view-data: 0.5472226440906525
