times:
  edit-metadata: 1.6341407112777233
  landing: 1.1245488189160824
  view-data: 3.3301161639392376
