times:
  edit-metadata: 0.7153712420258671
  landing: 0.045740711968392134
  view-data: 0.20436238800175488
