times:
  edit-metadata: 0.6477165091782808
  landing: 0.04112566914409399
  view-data: 0.20437202230095863
