times:
  edit-metadata: 0.9371243049390614
  landing: 0.07804957777261734
  view-data: 0.333251787815243
