times:
  edit-metadata: 0.6398603287525475
  landing: 0.045415351167321205
  view-data: 0.19883478619158268
