times:
  edit-metadata: 1.6117430571466684
  landing: 0.8803833927959204
  view-data: 3.430186279118061
