times:
  edit-metadata: 1.5632795142009854
  landing: 0.022466798312962055
  view-data: 0.12463087402284145
