times:
  edit-metadata: 0.7172524910420179
  landing: 0.04799470817670226
  view-data: 0.20393863879144192
