times:
  edit-metadata: 1.5211392473429441
  landing: 0.8828049376606941
  view-data: 3.423083681613207
