times:
  edit-metadata: 1.6847376823425293
  landing: 0.13434655405580997
  view-data: 0.3355422932654619
