times:
  edit-metadata: 0.6850631488487124
  landing: 0.07647675788030028
  view-data: 0.22774132620543242
