times:
  edit-metadata: 0.771143619902432
  landing: 0.04946784907951951
  view-data: 0.20225595403462648
