times:
  edit-metadata: 0.6371347890235484
  landing: 0.0465853032656014
  view-data: 0.20029502315446734
