times:
  edit-metadata: 0.60899293795228
  landing: 0.059911697171628475
  view-data: 0.35498275281861424
