times:
  edit-metadata: 1.5475769909098744
  landing: 0.021320289000868797
  view-data: 0.4610213628038764
