times:
  edit-metadata: 1.5440456550568342
  landing: 0.020076804794371128
  view-data: 0.024350290186703205
