times:
  edit-metadata: 1.6018383214250207
  landing: 0.1616935096681118
  view-data: 0.11869421880692244
