times:
  edit-metadata: 1.35494414716959
  landing: 1.7107509765774012
  view-data: 0.31559537164866924
