times:
  edit-metadata: 1.1293697375804186
  landing: 0.47456700541079044
  view-data: 0.2013365551829338
