times:
  landing: 1.0939099129999477
  view-data: 0.5508616739999752
