times:
  edit-metadata: 1.5361183965578675
  landing: 0.1732119731605053
  view-data: 0.19605162367224693
