times:
  edit-metadata: 1.5934731476008892
  landing: 0.12256058771163225
  view-data: 0.5081974780187011
