times:
  edit-metadata: 1.9172291103750467
  landing: 0.25619907304644585
  view-data: 0.381361560896039
