times:
  edit-metadata: 1.6049029044806957
  landing: 0.02072176057845354
  view-data: 0.026522694155573845
