times:
  edit-metadata: 1.479340173304081
  landing: 1.023198552429676
  view-data: 3.393326124176383
