times:
  edit-metadata: 1.8056064881384373
  landing: 0.20889902859926224
  view-data: 0.38811272010207176
