times:
  edit-metadata: 1.2982332687824965
  landing: 0.7464541494846344
  view-data: 0.24085868522524834
