times:
  landing: 0.556128206999972
  view-data: 0.5547657100000265
