times:
  edit-metadata: 1.51328460033983
  landing: 0.020295227877795696
  view-data: 0.02417616080492735
