times:
  edit-metadata: 1.50493124127388
  landing: 0.8182345312088728
  view-data: 3.439399678260088
