times:
  edit-metadata: 1.6239244155585766
  landing: 0.2336939014494419
  view-data: 0.30875820852816105
