times:
  edit-metadata: 1.5391847342252731
  landing: 0.01842042338103056
  view-data: 0.12725724838674068
