times:
  landing: 0.5483136439999612
  view-data: 0.5535890119999749
