times:
  edit-metadata: 1.0982318669557571
  landing: 0.05526682734489441
  view-data: 0.21027206629514694
