times:
  landing: 1.0706220609999946
  view-data: 0.5527185509999981
