times:
  landing: 0.5409520149999594
  view-data: 0.5477911109999809
