times:
  edit-metadata: 0.6997483590384945
  landing: 0.08218715095426887
  view-data: 0.2279180979821831
