times:
  edit-metadata: 1.5302689857780933
  landing: 0.9807835109531879
  view-data: 3.40618846565485
