times:
  edit-metadata: 1.595143096987158
  landing: 0.8321681270608678
  view-data: 3.361908207065426
