times:
  edit-metadata: 1.5786703415215015
  landing: 0.1313693281263113
  view-data: 0.1416513528674841
