times:
  edit-metadata: 1.5525501370429993
  landing: 0.8958083689212799
  view-data: 3.553161896765232
