times:
  landing: 0.5551349830000163
  view-data: 0.553313342000024
