times:
  landing: 0.5583598770000435
  view-data: 0.059700550000002295
