times:
  edit-metadata: 1.0921854116022587
  landing: 0.7325224913656712
  view-data: 0.2330706361681223
