times:
  landing: 1.0747468210000193
  view-data: 0.5549079410000104
