times:
  edit-metadata: 1.1327162235975266
  landing: 0.040931254625320435
  view-data: 0.20795148238539696
