times:
  edit-metadata: 0.6141985086724162
  landing: 0.07763780001550913
  view-data: 0.22913132095709443
