times:
  edit-metadata: 1.4088281132280827
  landing: 0.9602001314051449
  view-data: 3.514541208744049
