times:
  edit-metadata: 1.621254289522767
  landing: 0.23657106049358845
  view-data: 0.34194701351225376
