times:
  landing: 1.0757968350000056
  view-data: 0.5598324610000418
