times:
  edit-metadata: 1.1422460544854403
  landing: 0.6482032928615808
  view-data: 0.20850065164268017
