times:
  edit-metadata: 1.6763355620205402
  landing: 1.0924356803297997
  view-data: 3.3335421569645405
