times:
  edit-metadata: 1.15821292437613
  landing: 1.6189632751047611
  view-data: 0.610388021916151
