times:
  landing: 0.5569978890000016
  view-data: 0.5521651280000128
