times:
  edit-metadata: 0.5991077029611915
  landing: 0.06718176789581776
  view-data: 0.2359553601127118
