times:
  edit-metadata: 0.723128343001008
  landing: 0.04185954004060477
  view-data: 0.20766158704645932
