times:
  edit-metadata: 1.5903234900906682
  landing: 0.8371565979905427
  view-data: 3.2472043151501566
