times:
  edit-metadata: 2.219885114580393
  landing: 0.3740654271095991
  view-data: 0.17268468998372555
