times:
  edit-metadata: 0.6723825229564682
  landing: 0.1088085140218027
  view-data: 0.21818337199511006
