times:
  edit-metadata: 0.7653811541385949
  landing: 0.04207415319979191
  view-data: 0.2103017158806324
