times:
  edit-metadata: 1.6365177500993013
  landing: 0.14775353483855724
  view-data: 0.13850764743983746
