times:
  landing: 0.554242381999984
  view-data: 0.5560643929999856
