times:
  edit-metadata: 0.7192057679640129
  landing: 0.04413326003123075
  view-data: 0.2096672939369455
