times:
  edit-metadata: 1.5362193556502461
  landing: 0.11615921184420586
  view-data: 0.11923757940530777
