times:
  edit-metadata: 0.5996621639933437
  landing: 0.0723983480129391
  view-data: 0.24489413620904088
