times:
  edit-metadata: 1.516090214252472
  landing: 0.829941239207983
  view-data: 3.4544054344296455
