times:
  edit-metadata: 0.6195286852307618
  landing: 0.04952105600386858
  view-data: 0.2039505927823484
