times:
  edit-metadata: 1.6162829920649529
  landing: 0.019000791013240814
  view-data: 0.33274461328983307
