times:
  edit-metadata: 1.5996869895607233
  landing: 0.19144822470843792
  view-data: 0.32946346141397953
