times:
  edit-metadata: 1.7508347295224667
  landing: 0.022029215469956398
  view-data: 0.12217066995799541
