times:
  edit-metadata: 1.448042269796133
  landing: 0.8459295779466629
  view-data: 3.481440231204033
