times:
  edit-metadata: 0.7666336107067764
  landing: 0.04150798823684454
  view-data: 0.19833397306501865
