times:
  edit-metadata: 1.5419322103261948
  landing: 0.11848512478172779
  view-data: 0.21350807510316372
