times:
  landing: 0.5503155279999987
  view-data: 0.5551781429999778
