times:
  edit-metadata: 0.7155960120726377
  landing: 0.03824751090724021
  view-data: 0.20133267401251942
