times:
  edit-metadata: 1.1459287032485008
  landing: 0.8396311476826668
  view-data: 0.3165899645537138
