times:
  edit-metadata: 1.5974377505481243
  landing: 0.019901180639863014
  view-data: 0.32230969704687595
