times:
  edit-metadata: 1.4769804067909718
  landing: 0.981423158198595
  view-data: 3.419103719294071
