times:
  landing: 0.5521589950000134
  view-data: 0.5563696319999849
