times:
  edit-metadata: 1.571534788236022
  landing: 0.02064576931297779
  view-data: 0.10169078409671783
