times:
  edit-metadata: 0.597385770000983
  landing: 0.06829402799485251
  view-data: 0.38093081398983486
