times:
  edit-metadata: 0.7148920340114273
  landing: 0.06682226003613323
  view-data: 0.27146828203694895
