times:
  edit-metadata: 1.0870381444692612
  landing: 0.49404723197221756
  view-data: 0.3060165550559759
