times:
  edit-metadata: 1.7345375511795282
  landing: 0.02329137735068798
  view-data: 0.02433163858950138
