times:
  edit-metadata: 1.053270248696208
  landing: 1.0996417179703712
  view-data: 0.6152898371219635
