times:
  edit-metadata: 1.479170884937048
  landing: 0.9782907869666815
  view-data: 3.40782287158072
