times:
  edit-metadata: 0.6150160189718008
  landing: 0.07530070398934186
  view-data: 0.22137890104204416
