times:
  edit-metadata: 1.4677853812463582
  landing: 0.8077588132582605
  view-data: 3.3757433388382196
