times:
  edit-metadata: 0.6353459102101624
  landing: 0.04864038899540901
  view-data: 0.21100119687616825
