times:
  landing: 0.5472905230000151
  view-data: 0.5606502120000414
