times:
  edit-metadata: 0.6372329881414771
  landing: 0.04513603309169412
  view-data: 0.20941902976483107
