times:
  edit-metadata: 1.5746443504467607
  landing: 0.02180325146764517
  view-data: 0.11797143146395683
