times:
  edit-metadata: 1.5685816016048193
  landing: 0.022699587047100067
  view-data: 0.027463357895612717
