times:
  edit-metadata: 1.5510217817500234
  landing: 0.021480883471667767
  view-data: 0.025403681211173534
