times:
  edit-metadata: 1.7369114588946104
  landing: 0.879871055483818
  view-data: 3.320167601108551
