times:
  edit-metadata: 0.7176899940241128
  landing: 0.04738408303819597
  view-data: 0.21431533596478403
