times:
  edit-metadata: 1.2141992300748825
  landing: 0.8043376617133617
  view-data: 0.3122945465147495
