times:
  edit-metadata: 0.6091354249510914
  landing: 0.05556402797810733
  view-data: 0.23824342200532556
