times:
  edit-metadata: 1.0829268172383308
  landing: 0.044706352055072784
  view-data: 0.20977415144443512
