times:
  edit-metadata: 2.019002625718713
  landing: 0.16622926481068134
  view-data: 0.02497830241918564
