times:
  edit-metadata: 1.579338077455759
  landing: 0.021033051423728466
  view-data: 0.1222659070044756
