times:
  edit-metadata: 1.5384925249963999
  landing: 0.18635389395058155
  view-data: 0.35776871256530285
