times:
  landing: 0.5555808000000297
  view-data: 0.5555310990000066
