times:
  edit-metadata: 0.7395997948478907
  landing: 0.04789954889565706
  view-data: 0.19254603306762874
