times:
  landing: 0.5540094169999747
  view-data: 0.5581940179999947
