times:
  edit-metadata: 1.5139615908265114
  landing: 0.7932616360485554
  view-data: 3.415980812162161
