times:
  edit-metadata: 1.5558495381847024
  landing: 0.020815202966332436
  view-data: 0.025314589962363243
