times:
  edit-metadata: 2.0253384970128536
  landing: 0.031394168734550476
  view-data: 0.39685239270329475
