times:
  edit-metadata: 1.3871741080656648
  landing: 4.473729939199984
  view-data: 3.3156916620209813
