times:
  edit-metadata: 1.5646747089922428
  landing: 0.020709503442049026
  view-data: 0.12154490035027266
