times:
  edit-metadata: 0.621517077088356
  landing: 0.04491098318248987
  view-data: 0.209883825853467
