times:
  edit-metadata: 1.945018656551838
  landing: 0.2737772036343813
  view-data: 0.33422460965812206
