times:
  edit-metadata: 1.2282490581274033
  landing: 1.0518941525369883
  view-data: 0.33267292380332947
