times:
  edit-metadata: 1.6627996377646923
  landing: 0.21439375914633274
  view-data: 0.14550989214330912
