times:
  edit-metadata: 1.425252292305231
  landing: 0.9612903073430061
  view-data: 3.3335725478827953
