times:
  edit-metadata: 0.6991437498945743
  landing: 0.0360172048676759
  view-data: 0.21219811192713678
