times:
  landing: 0.555746886999998
  view-data: 0.5605798790000449
