times:
  edit-metadata: 0.5995775740593672
  landing: 0.0723782517015934
  view-data: 0.37991776736453176
