times:
  edit-metadata: 0.7382574919611216
  landing: 0.0633049380267039
  view-data: 0.2279425000306219
