times:
  edit-metadata: 1.1813281089998782
  landing: 0.8274301250930876
  view-data: 3.2852545080240816
