times:
  edit-metadata: 0.6612585890106857
  landing: 0.05469394102692604
  view-data: 0.2192644253373146
