times:
  edit-metadata: 0.6046358663588762
  landing: 0.07463981490582228
  view-data: 0.22835770202800632
