times:
  edit-metadata: 1.4506218526512384
  landing: 0.8992407321929932
  view-data: 3.390233125537634
