times:
  edit-metadata: 1.0727178808301687
  landing: 1.616662785410881
  view-data: 0.6223638746887445
