times:
  edit-metadata: 1.5858981097117066
  landing: 0.021756579168140888
  view-data: 0.02379980031400919
