times:
  edit-metadata: 1.5646530017256737
  landing: 0.8829007185995579
  view-data: 3.365561041980982
