times:
  edit-metadata: 0.6960848518647254
  landing: 0.043347442988306284
  view-data: 0.230241390876472
