times:
  edit-metadata: 0.6212397401686758
  landing: 0.06629741680808365
  view-data: 0.22855036007240415
