times:
  edit-metadata: 0.6256205970421433
  landing: 0.07176033593714237
  view-data: 0.222590098856017
