times:
  edit-metadata: 1.6945695215836167
  landing: 1.400543101131916
  view-data: 3.323268155567348
