times:
  edit-metadata: 1.5449120551347733
  landing: 0.14392478577792645
  view-data: 0.33853861317038536
