times:
  edit-metadata: 1.5679251570254564
  landing: 0.022024571895599365
  view-data: 0.028702576644718647
