times:
  edit-metadata: 1.148208687081933
  landing: 0.04530142620205879
  view-data: 0.193272577598691
