times:
  edit-metadata: 0.706186012015678
  landing: 0.08094535302370787
  view-data: 0.22993144195061177
