times:
  edit-metadata: 1.7332849437370896
  landing: 0.7845545522868633
  view-data: 3.423233114182949
