times:
  edit-metadata: 0.8855365980125498
  landing: 0.10120801001903601
  view-data: 0.32210671799839474
