times:
  edit-metadata: 0.6165544595569372
  landing: 0.04278439190238714
  view-data: 0.20775057468563318
