times:
  edit-metadata: 0.6172305301297456
  landing: 0.06443518493324518
  view-data: 0.23455224698409438
