times:
  edit-metadata: 1.5449341721832752
  landing: 0.906996663659811
  view-data: 3.3478382788598537
