times:
  landing: 1.163967654999965
  view-data: 0.5621210780000183
