times:
  edit-metadata: 0.6845798649592325
  landing: 0.07024199201259762
  view-data: 0.3658368930337019
