times:
  edit-metadata: 1.6273961625993252
  landing: 0.2055367510765791
  view-data: 0.3765966594219208
