times:
  edit-metadata: 1.125091565772891
  landing: 1.0201636888086796
  view-data: 0.31422437727451324
