times:
  edit-metadata: 1.8236637320369482
  landing: 0.8548725806176662
  view-data: 3.721260979771614
