times:
  edit-metadata: 0.6672559008002281
  landing: 0.04269182635471225
  view-data: 0.2117862729355693
