times:
  edit-metadata: 0.7606413261964917
  landing: 0.04997992794960737
  view-data: 0.2083884901367128
