times:
  landing: 0.5476727909999681
  view-data: 0.5540250310000374
