times:
  edit-metadata: 1.3797463090159
  landing: 0.7592582697980106
  view-data: 3.3588230442255735
