times:
  edit-metadata: 0.6774560050107539
  landing: 0.04089294100413099
  view-data: 0.19881522498326376
