times:
  edit-metadata: 1.4646527953445911
  landing: 0.8947288207709789
  view-data: 3.4149201549589634
