times:
  edit-metadata: 1.3821606673300266
  landing: 1.7831281274557114
  view-data: 3.2878451459109783
