times:
  landing: 1.0749556220000045
  view-data: 0.5605033229999776
