times:
  edit-metadata: 0.6158925120253116
  landing: 0.07935807015746832
  view-data: 0.2350288601592183
