times:
  edit-metadata: 1.1504996791481972
  landing: 0.05366130918264389
  view-data: 0.2125246375799179
