times:
  edit-metadata: 0.763542874250561
  landing: 0.14784535020589828
  view-data: 0.2599556162022054
