times:
  landing: 0.5485231950000014
  view-data: 0.5487424080000096
