times:
  edit-metadata: 0.6116197020746768
  landing: 0.06533918716013432
  view-data: 0.23762609483674169
