times:
  edit-metadata: 0.6122957419138402
  landing: 0.07684026309289038
  view-data: 0.2208872279152274
