times:
  edit-metadata: 0.626526617910713
  landing: 0.04754238622263074
  view-data: 0.2047693389467895
