times:
  edit-metadata: 1.0823680497705936
  landing: 0.05135218799114227
  view-data: 0.21093569695949554
