times:
  edit-metadata: 0.6569866240024567
  landing: 2.019125323742628
  view-data: 0.4360570143908262
