times:
  landing: 0.5701288579999755
  view-data: 0.5554848250000077
