times:
  edit-metadata: 1.5504354164004326
  landing: 0.9254935029894114
  view-data: 3.4286472238600254
