times:
  edit-metadata: 0.697831904006307
  landing: 0.05268402000365313
  view-data: 0.19513754099898506
