times:
  edit-metadata: 3.2094233073294163
  landing: 0.05259920097887516
  view-data: 0.05620276369154453
