times:
  edit-metadata: 0.6103531951084733
  landing: 0.06486482312902808
  view-data: 0.27084485604427755
