times:
  edit-metadata: 1.524150062352419
  landing: 0.8856097124516964
  view-data: 3.425302617251873
