times:
  edit-metadata: 0.6852051727473736
  landing: 1.3094045165926218
  view-data: 0.3371459748595953
