times:
  edit-metadata: 0.8883227091282606
  landing: 0.0439124871045351
  view-data: 0.23292632214725018
