times:
  edit-metadata: 0.6838357490487397
  landing: 0.044037159997969866
  view-data: 0.211278909817338
