times:
  landing: 1.0636568090000083
  view-data: 0.5497734499999751
