times:
  edit-metadata: 0.7645789459347725
  landing: 0.5210284758359194
  view-data: 0.2066186796873808
