times:
  edit-metadata: 1.5087181432172656
  landing: 0.9646550239995122
  view-data: 3.6755457781255245
