times:
  landing: 0.5515386769999964
  view-data: 0.559400428999993
