times:
  edit-metadata: 1.0423055719584227
  landing: 0.7604257836937904
  view-data: 0.2379013728350401
