times:
  edit-metadata: 0.5993484980426729
  landing: 0.07614376815035939
  view-data: 0.23196749086491764
