times:
  landing: 0.5560265280000181
  view-data: 0.5587852969999858
