times:
  edit-metadata: 1.556716077029705
  landing: 0.825970932841301
  view-data: 3.408855140209198
