times:
  landing: 0.5430385320000823
  view-data: 0.5437741990000404
