times:
  edit-metadata: 0.6347384578548372
  landing: 0.04414454707875848
  view-data: 0.20951026305556297
