times:
  edit-metadata: 0.7736218069912866
  landing: 0.06284837401472032
  view-data: 0.19932234403677285
