times:
  edit-metadata: 1.6157801356166601
  landing: 1.0282858442515135
  view-data: 3.448813622817397
