times:
  edit-metadata: 1.583105519413948
  landing: 0.9322050288319588
  view-data: 3.3906294777989388
