times:
  landing: 0.5517647679999982
  view-data: 0.5606220700000222
