times:
  edit-metadata: 0.69152346404735
  landing: 0.0662843780592084
  view-data: 0.2360887910472229
