times:
  edit-metadata: 0.6891495040035807
  landing: 0.04578401299659163
  view-data: 0.20274130604229867
