times:
  edit-metadata: 3.1922769527882338
  landing: 0.024400372058153152
  view-data: 0.05782136879861355
