times:
  edit-metadata: 0.6077154781669378
  landing: 0.06407097820192575
  view-data: 0.21256538480520248
