times:
  edit-metadata: 0.6113817812874913
  landing: 0.043692927807569504
  view-data: 0.21526494156569242
