times:
  landing: 0.550630764999994
  view-data: 0.0568767100000116
