times:
  edit-metadata: 1.0522134192287922
  landing: 0.05914437398314476
  view-data: 0.2129606120288372
