times:
  edit-metadata: 1.3892904949607328
  landing: 0.8016907159471884
  view-data: 3.3305482920259237
