times:
  edit-metadata: 0.6391101931221783
  landing: 0.05467940866947174
  view-data: 0.21895560529083014
