times:
  edit-metadata: 1.587034366093576
  landing: 0.021746170707046986
  view-data: 0.02663351781666279
