times:
  edit-metadata: 0.7131856880150735
  landing: 0.07377698924392462
  view-data: 0.2211349755525589
