times:
  edit-metadata: 1.599629484117031
  landing: 0.1391818579286337
  view-data: 0.02407694235444069
