times:
  edit-metadata: 1.582056436687708
  landing: 0.019628236070275307
  view-data: 0.33219560235738754
