times:
  edit-metadata: 1.6303742825984955
  landing: 0.019579920917749405
  view-data: 0.027369167655706406
