times:
  landing: 0.5442881630000045
  view-data: 0.5489664159999847
