times:
  edit-metadata: 1.6377703733742237
  landing: 0.8119467422366142
  view-data: 3.572781015187502
