times:
  edit-metadata: 0.6160116451792419
  landing: 0.06714710779488087
  view-data: 0.22753090085461736
