times:
  edit-metadata: 1.686102225445211
  landing: 0.12005827762186527
  view-data: 0.3676282474771142
