times:
  edit-metadata: 1.4488415010273457
  landing: 0.8567877411842346
  view-data: 3.4195601493120193
