times:
  edit-metadata: 1.4958532191812992
  landing: 1.0748561173677444
  view-data: 3.617658168077469
