times:
  landing: 1.0719625980000274
  view-data: 0.5596710249999433
