times:
  edit-metadata: 1.8437242843210697
  landing: 0.9812606759369373
  view-data: 3.3584679793566465
