times:
  edit-metadata: 1.5375623917207122
  landing: 0.02149098739027977
  view-data: 0.11951388884335756
