times:
  edit-metadata: 1.5878796000033617
  landing: 0.018394161015748978
  view-data: 0.2790432469919324
