times:
  landing: 0.5486784690000377
  view-data: 0.5506499480000002
