times:
  edit-metadata: 0.7076080138795078
  landing: 0.10547419404610991
  view-data: 0.27132588904350996
