times:
  edit-metadata: 1.5453736623749137
  landing: 0.1378925573080778
  view-data: 0.12334448099136353
