times:
  edit-metadata: 1.5449420250952244
  landing: 0.864191448315978
  view-data: 3.4344536382704973
