times:
  edit-metadata: 1.122177328914404
  landing: 0.6788049321621656
  view-data: 0.3089921735227108
