times:
  edit-metadata: 1.6569944955408573
  landing: 1.3780505657196045
  view-data: 3.4412495009601116
