times:
  edit-metadata: 1.1042585840004904
  landing: 0.050089776999811875
  view-data: 0.20126029699986248
