times:
  edit-metadata: 0.6010570749640465
  landing: 0.04570902977138758
  view-data: 0.2081403937190771
