times:
  edit-metadata: 1.2521323580294847
  landing: 0.03499013930559158
  view-data: 0.20609023980796337
