times:
  landing: 1.0732612429999904
  view-data: 0.5598503699999924
