times:
  edit-metadata: 0.6325208405032754
  landing: 0.04400215111672878
  view-data: 0.20346012338995934
