times:
  edit-metadata: 1.3846012400463223
  landing: 0.8702188413590193
  view-data: 3.3165647322311997
