times:
  landing: 1.0640898080000056
  view-data: 0.550225576999992
