times:
  edit-metadata: 1.0868762508034706
  landing: 0.635229766368866
  view-data: 0.6295037008821964
