times:
  edit-metadata: 1.5579569600522518
  landing: 0.9123591966927052
  view-data: 3.4326502233743668
