times:
  edit-metadata: 1.5277635585516691
  landing: 0.13459216430783272
  view-data: 0.12030940502882004
