times:
  landing: 1.0649982000000477
  view-data: 0.5527681820000225
