times:
  edit-metadata: 1.6979780979454517
  landing: 0.020507631823420525
  view-data: 0.12155142612755299
