times:
  landing: 0.5497152209999854
  view-data: 0.554543233000004
