times:
  edit-metadata: 1.1336977109313011
  landing: 0.04406978189945221
  view-data: 0.20250415802001953
