times:
  edit-metadata: 1.64695805311203
  landing: 0.26104275323450565
  view-data: 0.44519357942044735
