times:
  edit-metadata: 1.513574218377471
  landing: 0.8313468918204308
  view-data: 3.401709632948041
