times:
  edit-metadata: 1.1510708145797253
  landing: 0.05538751929998398
  view-data: 0.21254901960492134
