times:
  edit-metadata: 1.5310809724032879
  landing: 1.0792076513171196
  view-data: 3.3593645207583904
