times:
  landing: 1.0783789679999813
  view-data: 0.553143126000009
