times:
  edit-metadata: 0.7357818973250687
  landing: 0.06226807925850153
  view-data: 0.3428987539373338
