times:
  edit-metadata: 0.6047720430069603
  landing: 0.07566517200029921
  view-data: 0.23106243799702497
