times:
  edit-metadata: 0.7693685470148921
  landing: 0.046449409797787666
  view-data: 0.20501513895578682
