times:
  edit-metadata: 1.7730501648038626
  landing: 0.1720066647976637
  view-data: 0.37951139360666275
