times:
  edit-metadata: 0.744165665935725
  landing: 0.05319843697361648
  view-data: 0.20164275192655623
