times:
  edit-metadata: 0.7169082597829401
  landing: 0.06229828391224146
  view-data: 0.22236580308526754
