times:
  edit-metadata: 1.6531628724187613
  landing: 0.019419431686401367
  view-data: 0.026445021852850914
