times:
  edit-metadata: 0.6174091771245003
  landing: 0.0386694110929966
  view-data: 0.2160944719798863
