times:
  edit-metadata: 0.7119752089492977
  landing: 0.044574178056791425
  view-data: 0.22252359800040722
