times:
  edit-metadata: 1.1227432824671268
  landing: 0.04650413617491722
  view-data: 0.21905598044395447
