times:
  edit-metadata: 1.5002745538949966
  landing: 0.8390170577913523
  view-data: 3.359949342906475
