times:
  edit-metadata: 0.637986559420824
  landing: 0.04497271589934826
  view-data: 0.2102290904149413
