times:
  edit-metadata: 1.066791607066989
  landing: 0.8483798857778311
  view-data: 0.3021464813500643
