times:
  edit-metadata: 0.6222163229249418
  landing: 0.04506796784698963
  view-data: 0.20372719131410122
