times:
  edit-metadata: 3.774120733141899
  landing: 1.8174934275448322
  view-data: 3.6827724799513817
