times:
  landing: 0.5652077109999709
  view-data: 0.5607849080000165
