times:
  edit-metadata: 0.704266931861639
  landing: 0.04559952765703201
  view-data: 0.21311282832175493
