times:
  edit-metadata: 0.6786854100064375
  landing: 0.07701818604255095
  view-data: 0.22760035004466772
