times:
  edit-metadata: 0.6887490520020947
  landing: 0.04375351406633854
  view-data: 0.20640750601887703
