times:
  edit-metadata: 0.6320354463532567
  landing: 0.04527141898870468
  view-data: 0.34664788097143173
