times:
  edit-metadata: 1.3584161903709173
  landing: 0.9141328558325768
  view-data: 3.4158593229949474
