times:
  edit-metadata: 0.6954449350014329
  landing: 0.06367858406156301
  view-data: 0.229005535133183
