times:
  edit-metadata: 1.7869088519364595
  landing: 0.15577211417257786
  view-data: 0.5534296035766602
