times:
  edit-metadata: 1.6880805790424347
  landing: 1.013702753931284
  view-data: 3.482672732323408
