times:
  edit-metadata: 1.4970588441938162
  landing: 0.118564173579216
  view-data: 0.1801885748282075
