times:
  edit-metadata: 1.5297393947839737
  landing: 0.7873894162476063
  view-data: 3.4073314666748047
