times:
  edit-metadata: 0.7042294770944864
  landing: 0.04174882103689015
  view-data: 0.20453060092404485
