times:
  landing: 0.5486812829999508
  view-data: 0.5562382919999891
