times:
  edit-metadata: 1.102280279621482
  landing: 0.5793748404830694
  view-data: 0.6122779343277216
