times:
  edit-metadata: 1.454443659633398
  landing: 1.0057210810482502
  view-data: 3.37358820438385
