times:
  edit-metadata: 1.072885937988758
  landing: 0.044811367988586426
  view-data: 0.2113662138581276
