times:
  edit-metadata: 1.4964315798133612
  landing: 0.9338969998061657
  view-data: 3.4209699034690857
