times:
  edit-metadata: 0.6929075890220702
  landing: 0.047436082968488336
  view-data: 0.20812356902752072
