times:
  edit-metadata: 1.2349846847355366
  landing: 1.1447639558464289
  view-data: 0.5513525083661079
