times:
  edit-metadata: 1.5313039254397154
  landing: 0.859744792804122
  view-data: 3.3672977034002542
