times:
  edit-metadata: 1.499955428764224
  landing: 0.8155433237552643
  view-data: 3.3692937809973955
