times:
  landing: 0.5489268150000157
  view-data: 0.0429728569999952
