times:
  landing: 1.0900902230000042
  view-data: 0.5553984790000186
