times:
  edit-metadata: 1.5513878017663956
  landing: 0.02142858412116766
  view-data: 0.024115992709994316
