times:
  edit-metadata: 1.6138827130198479
  landing: 0.020946938544511795
  view-data: 0.0981482695788145
