times:
  edit-metadata: 1.5971835143864155
  landing: 0.11986905802041292
  view-data: 0.02476109378039837
