times:
  edit-metadata: 1.5127572529017925
  landing: 0.9794888384640217
  view-data: 3.4333244785666466
