times:
  edit-metadata: 1.0738842003047466
  landing: 0.04288848489522934
  view-data: 0.21305259689688683
