times:
  edit-metadata: 1.5708642844110727
  landing: 0.02226996049284935
  view-data: 0.03030318208038807
