times:
  edit-metadata: 1.7986041326075792
  landing: 0.25963294692337513
  view-data: 0.27867209166288376
