times:
  edit-metadata: 1.4144360832870007
  landing: 0.8668540734797716
  view-data: 3.2889129975810647
