times:
  edit-metadata: 0.6837437450885773
  landing: 0.6570184044539928
  view-data: 0.3273247890174389
