times:
  edit-metadata: 1.387621309608221
  landing: 0.9221675023436546
  view-data: 3.3301258087158203
