times:
  edit-metadata: 1.5763671742752194
  landing: 0.02260618843138218
  view-data: 0.026037550531327724
