times:
  landing: 0.5544953220000366
  view-data: 0.5629431780000118
