times:
  edit-metadata: 1.4026214890182018
  landing: 0.9160241559147835
  view-data: 3.412793528288603
