times:
  edit-metadata: 1.3837793441489339
  landing: 0.7843473413959146
  view-data: 3.3666763138026
