times:
  edit-metadata: 1.3780725914984941
  landing: 0.8934027832001448
  view-data: 3.4121336545795202
