times:
  edit-metadata: 0.6473615928553045
  landing: 0.04903005715459585
  view-data: 0.2074269070290029
