times:
  edit-metadata: 1.5045684557408094
  landing: 0.8200957495719194
  view-data: 3.356113785877824
