times:
  edit-metadata: 0.6486706985160708
  landing: 0.04394714906811714
  view-data: 0.20892739482223988
