times:
  edit-metadata: 1.5197755619883537
  landing: 0.8455858565866947
  view-data: 3.4088069312274456
