times:
  edit-metadata: 1.697246640920639
  landing: 0.1339406631886959
  view-data: 0.026213983073830605
