times:
  edit-metadata: 1.2510581761598587
  landing: 0.7816544845700264
  view-data: 0.3813212625682354
