times:
  landing: 0.5503588870000158
  view-data: 0.06306809299996985
