times:
  edit-metadata: 1.1670384760946035
  landing: 0.3834493439644575
  view-data: 0.24372403137385845
