times:
  landing: 1.0654993210000043
  view-data: 0.5502684190000195
