times:
  edit-metadata: 1.4678445900208317
  landing: 0.3119293199852109
  view-data: 0.31046694895485416
