times:
  edit-metadata: 1.5514160748571157
  landing: 0.7725357320159674
  view-data: 3.39094022102654
