times:
  edit-metadata: 1.1158530451357365
  landing: 0.6012357883155346
  view-data: 0.21929140016436577
