times:
  edit-metadata: 1.2708225846290588
  landing: 0.042233001440763474
  view-data: 0.22553719580173492
