times:
  edit-metadata: 1.5904409065842628
  landing: 0.194214079529047
  view-data: 0.030181932263076305
