times:
  edit-metadata: 1.6398335844278336
  landing: 0.01858227327466011
  view-data: 0.11980404332280159
