times:
  edit-metadata: 1.5818643867969513
  landing: 0.022143087349832058
  view-data: 0.11777064483612776
