times:
  landing: 0.5553353779999952
  view-data: 0.5484046969999667
