times:
  landing: 0.5507981080000377
  view-data: 0.5747932570000103
