times:
  edit-metadata: 1.5533219166100025
  landing: 0.9573082961142063
  view-data: 3.3246826380491257
