times:
  edit-metadata: 0.6225640198681504
  landing: 0.06409173901192844
  view-data: 0.23994217696599662
