times:
  edit-metadata: 1.0774900503456593
  landing: 0.0513053722679615
  view-data: 0.20701373741030693
