times:
  edit-metadata: 1.1268984153866768
  landing: 0.040236946195364
  view-data: 0.2110307477414608
