times:
  landing: 0.5520279789999449
  view-data: 0.5593772760000206
