times:
  edit-metadata: 0.6165996839990839
  landing: 0.0779394650598988
  view-data: 0.22966685111168772
