times:
  edit-metadata: 1.5562836769968271
  landing: 0.23784257099032402
  view-data: 0.02502615563571453
