times:
  edit-metadata: 1.517885111970827
  landing: 0.862789842998609
  view-data: 3.3021025269990787
