times:
  landing: 0.5437888540000131
  view-data: 0.5499032220000117
