times:
  edit-metadata: 1.4856329038739204
  landing: 0.7981944046914577
  view-data: 3.3944130204617977
