times:
  edit-metadata: 0.7405103428754956
  landing: 0.05568222585134208
  view-data: 0.20455537200905383
