times:
  edit-metadata: 0.6104145012795925
  landing: 0.6911556255072355
  view-data: 0.18967951089143753
