times:
  edit-metadata: 2.000944994390011
  landing: 0.0180344320833683
  view-data: 0.027889731340110302
