times:
  edit-metadata: 0.683711150981253
  landing: 0.06537508298060857
  view-data: 0.22448773798532784
