times:
  edit-metadata: 0.6176481769653037
  landing: 0.07125194102991372
  view-data: 0.2293538220692426
