times:
  edit-metadata: 1.630840364843607
  landing: 0.8810453377664089
  view-data: 3.370009321719408
