times:
  landing: 1.1116024439999705
  view-data: 0.5589941630000226
