times:
  edit-metadata: 0.6283693150617182
  landing: 0.04206311935558915
  view-data: 0.21025643916800618
