times:
  edit-metadata: 1.5735073797404766
  landing: 0.018348039127886295
  view-data: 0.47181949485093355
