times:
  edit-metadata: 1.8315302561968565
  landing: 0.04859776422381401
  view-data: 0.05996454507112503
