times:
  edit-metadata: 0.7865974851883948
  landing: 0.048840105067938566
  view-data: 0.20396136911585927
