times:
  edit-metadata: 0.6022885758429766
  landing: 0.04185230750590563
  view-data: 0.20689274091273546
