times:
  edit-metadata: 0.6964382682926953
  landing: 0.04236354911699891
  view-data: 0.20709127094596624
