times:
  edit-metadata: 0.6517142588272691
  landing: 0.058836436830461025
  view-data: 0.302095744991675
