times:
  edit-metadata: 1.39433166757226
  landing: 0.9024266824126244
  view-data: 3.3050982020795345
