times:
  edit-metadata: 1.6155458576977253
  landing: 1.0424815602600574
  view-data: 3.408826656639576
