times:
  edit-metadata: 0.6194424059940502
  landing: 0.06816346396226436
  view-data: 0.2212596710305661
