times:
  edit-metadata: 1.4150774143636227
  landing: 0.8722709268331528
  view-data: 3.295288108289242
