times:
  edit-metadata: 1.91934578679502
  landing: 0.14161021448671818
  view-data: 0.35198840498924255
