times:
  edit-metadata: 0.7439166799886152
  landing: 0.041451233031693846
  view-data: 0.2078403920168057
