times:
  edit-metadata: 0.850256429053843
  landing: 0.13447000877931714
  view-data: 0.34858598932623863
