times:
  edit-metadata: 1.7205413151532412
  landing: 0.3499838877469301
  view-data: 0.3848515786230564
