times:
  edit-metadata: 0.7725219619460404
  landing: 0.10782595118507743
  view-data: 0.2148847640492022
