times:
  edit-metadata: 1.6356178391724825
  landing: 0.1440813634544611
  view-data: 0.023275628685951233
