times:
  edit-metadata: 1.6154929921030998
  landing: 1.1920541152358055
  view-data: 3.4290673211216927
