times:
  landing: 0.541538547000016
  view-data: 0.5468529209999815
