times:
  edit-metadata: 1.089678941294551
  landing: 0.6002986710518599
  view-data: 0.24363361857831478
