times:
  landing: 0.5526877249999984
  view-data: 0.05153373000001693
