times:
  edit-metadata: 1.1378072798252106
  landing: 0.04743657633662224
  view-data: 0.20849081873893738
