times:
  landing: 1.6401733540000123
  view-data: 0.5614286109999966
