times:
  edit-metadata: 2.8534348160028458
  landing: 0.4634515689685941
  view-data: 0.7207894483581185
