times:
  edit-metadata: 1.3683167351409793
  landing: 0.902387429960072
  view-data: 3.390551706077531
