times:
  edit-metadata: 0.6574394307099283
  landing: 0.049010018818080425
  view-data: 0.20555594004690647
