times:
  edit-metadata: 1.494786661118269
  landing: 0.8543167840689421
  view-data: 3.370640031993389
