times:
  edit-metadata: 1.7195542799308896
  landing: 0.15493366308510303
  view-data: 0.5691529689356685
