times:
  edit-metadata: 1.3692679970990866
  landing: 0.7887135420460254
  view-data: 3.4175352179445326
