times:
  landing: 1.0654250860000047
  view-data: 0.5495120489999863
