times:
  edit-metadata: 1.0459350906312466
  landing: 0.050319984555244446
  view-data: 0.21014060825109482
