times:
  edit-metadata: 1.620023787021637
  landing: 0.020102474838495255
  view-data: 0.293282737955451
