times:
  edit-metadata: 1.0610385797917843
  landing: 0.050916146486997604
  view-data: 0.2026587910950184
