times:
  edit-metadata: 1.770817318931222
  landing: 0.16115901246666908
  view-data: 0.14544790610671043
