times:
  landing: 0.5499142120000329
  view-data: 0.559562011999958
