times:
  edit-metadata: 0.7115271929651499
  landing: 0.051101753022521734
  view-data: 0.20282333996146917
