times:
  edit-metadata: 1.6320380978286266
  landing: 1.008864589035511
  view-data: 3.352293185889721
