times:
  edit-metadata: 1.0860977359116077
  landing: 2.0303007811307907
  view-data: 0.6859260685741901
