times:
  landing: 0.5489210029999754
  view-data: 0.5539211360000422
