times:
  edit-metadata: 1.7283506141975522
  landing: 0.16067971475422382
  view-data: 0.5680311555042863
