times:
  edit-metadata: 0.7260481630219147
  landing: 0.04450918210204691
  view-data: 0.21003410697449
