times:
  edit-metadata: 1.3866118611767888
  landing: 0.8313150499016047
  view-data: 3.4145937897264957
