times:
  edit-metadata: 0.6583312340080738
  landing: 0.043035952374339104
  view-data: 0.19827152183279395
