times:
  landing: 1.0807444529999657
  view-data: 0.5623692469999924
