times:
  landing: 1.0749095749999924
  view-data: 0.5594775579999691
