times:
  edit-metadata: 2.179042397066951
  landing: 0.33412014599889517
  view-data: 0.33074918389320374
