times:
  edit-metadata: 1.522559318691492
  landing: 0.020671898499131203
  view-data: 0.028549276292324066
