times:
  edit-metadata: 1.557893936522305
  landing: 0.021154620684683323
  view-data: 0.12077644933015108
