times:
  landing: 0.6131889800000181
  view-data: 0.5585168480000107
