times:
  landing: 0.5571756310000069
  view-data: 0.5579248360000406
