times:
  edit-metadata: 1.5085583943873644
  landing: 0.7967992424964905
  view-data: 3.378986591473222
