times:
  edit-metadata: 0.6941245379857719
  landing: 0.05328150186687708
  view-data: 0.3305020669940859
