times:
  edit-metadata: 0.718436588998884
  landing: 0.04547923477366567
  view-data: 0.20047145802527666
