times:
  edit-metadata: 0.6645530527457595
  landing: 0.05082900729030371
  view-data: 0.2025208561681211
