times:
  edit-metadata: 2.4204303473234177
  landing: 0.33855817932635546
  view-data: 0.5236722379922867
