times:
  landing: 1.1183954470000117
  view-data: 0.5622164430000112
