times:
  edit-metadata: 0.7793522110005142
  landing: 0.0532945270097116
  view-data: 0.2016419129940914
