times:
  edit-metadata: 1.5997388493269682
  landing: 0.9659741930663586
  view-data: 3.4479922596365213
