times:
  edit-metadata: 1.329977510496974
  landing: 0.8331996276974678
  view-data: 0.3137793727219105
