times:
  edit-metadata: 2.0857081739231944
  landing: 0.018899294547736645
  view-data: 0.025324195623397827
