times:
  landing: 0.5534892489999947
  view-data: 0.5595585219999748
