times:
  landing: 0.5497346359999824
  view-data: 0.5584320320000415
