times:
  edit-metadata: 1.5692270062863827
  landing: 0.018903013318777084
  view-data: 0.026010798290371895
