times:
  edit-metadata: 1.097629364579916
  landing: 0.045128513127565384
  view-data: 0.20892266556620598
