times:
  edit-metadata: 1.5052467249333858
  landing: 0.7999735195189714
  view-data: 3.388775158673525
