times:
  edit-metadata: 1.437841147184372
  landing: 0.9100617431104183
  view-data: 3.30562836304307
