times:
  landing: 0.5543376079999689
  view-data: 0.5498629760000426
