times:
  edit-metadata: 1.6355689615011215
  landing: 0.18307598307728767
  view-data: 0.34433029778301716
