times:
  landing: 1.0676405169999725
  view-data: 0.551319938000006
