times:
  edit-metadata: 1.4086270416155457
  landing: 0.8724782019853592
  view-data: 3.40332077909261
