times:
  edit-metadata: 0.7134402571246028
  landing: 0.048740443075075746
  view-data: 0.20175851695239544
