times:
  edit-metadata: 1.6399297891184688
  landing: 0.8290248159319162
  view-data: 3.3307384559884667
