times:
  edit-metadata: 0.6294975529890507
  landing: 0.05983231286518276
  view-data: 0.3513301080092788
