times:
  edit-metadata: 1.4998465031385422
  landing: 0.9663607217371464
  view-data: 3.3732698373496532
