times:
  landing: 0.5517211120001093
  view-data: 0.553614934000052
