times:
  edit-metadata: 0.5973245929926634
  landing: 0.06666433159261942
  view-data: 0.23806235240772367
