times:
  edit-metadata: 1.5795583613216877
  landing: 0.018117979168891907
  view-data: 0.02340269833803177
