times:
  edit-metadata: 0.6666492931544781
  landing: 0.04497930593788624
  view-data: 0.21173442527651787
