times:
  landing: 0.5464965549999761
  view-data: 0.5615544819999059
