times:
  landing: 0.5739036400000259
  view-data: 0.5531900799999789
