times:
  landing: 0.5531200049999825
  view-data: 0.5587296369999422
