times:
  edit-metadata: 0.5889283979777247
  landing: 0.07629316486418247
  view-data: 0.24354421091265976
