times:
  edit-metadata: 0.6250947429798543
  landing: 0.07316260901279747
  view-data: 0.2583037440199405
