times:
  edit-metadata: 1.3615877307020128
  landing: 0.8218898237682879
  view-data: 3.407646446954459
