times:
  edit-metadata: 1.2003239914774895
  landing: 0.9270621258765459
  view-data: 0.20101394318044186
