times:
  landing: 0.5543726849999757
  view-data: 0.05299660800000083
