times:
  edit-metadata: 0.73173663392663
  landing: 0.04482373013161123
  view-data: 0.21004207991063595
