times:
  edit-metadata: 0.760354193999774
  landing: 0.1768548909999481
  view-data: 0.22368088599978364
