times:
  edit-metadata: 1.4368931585922837
  landing: 0.8949064100161195
  view-data: 3.3663200084120035
