times:
  edit-metadata: 1.5152276176959276
  landing: 0.7783466391265392
  view-data: 3.421249298378825
