times:
  edit-metadata: 1.1640290543437004
  landing: 12.19310288503766
  view-data: 1.534214610233903
