times:
  edit-metadata: 0.6860612407326698
  landing: 0.04731130599975586
  view-data: 0.1979899383150041
