times:
  landing: 1.0799088459999666
  view-data: 0.5593318609999756
