times:
  landing: 0.5428159439999831
  view-data: 0.5490735079999922
