times:
  landing: 0.5610492849999673
  view-data: 0.5549373059999425
