times:
  landing: 1.1497326440000393
  view-data: 0.5633369839999887
