times:
  edit-metadata: 0.6823772727511823
  landing: 0.0757261049002409
  view-data: 0.2220045099966228
