times:
  edit-metadata: 1.5194661431014538
  landing: 0.8310116231441498
  view-data: 3.410121187567711
