times:
  edit-metadata: 1.1960747558623552
  landing: 0.8186471313238144
  view-data: 0.3375404141843319
