times:
  edit-metadata: 1.781056122854352
  landing: 0.05844148248434067
  view-data: 0.15845236741006374
