times:
  edit-metadata: 1.3927815482020378
  landing: 0.8433496607467532
  view-data: 3.429365660995245
