times:
  edit-metadata: 1.3416482580360025
  landing: 0.8981828379910439
  view-data: 3.394987139850855
