times:
  edit-metadata: 1.670294726267457
  landing: 0.23587647266685963
  view-data: 0.3861569073051214
