times:
  edit-metadata: 1.6296969130635262
  landing: 0.11610830202698708
  view-data: 0.14090720191597939
