times:
  edit-metadata: 1.661055564880371
  landing: 0.021636128425598145
  view-data: 0.022424301132559776
