times:
  landing: 0.5508211840000286
  view-data: 0.5533468840000069
