times:
  edit-metadata: 0.6028103369999371
  landing: 0.07452977400043892
  view-data: 0.22219043699988106
