times:
  edit-metadata: 1.6702887858264148
  landing: 1.0619915970601141
  view-data: 3.4208463460672647
