times:
  landing: 0.6170280210000101
  view-data: 0.5693548859999282
