times:
  edit-metadata: 1.475936509668827
  landing: 0.785411836579442
  view-data: 3.4044455755501986
