times:
  edit-metadata: 1.4956078119575977
  landing: 0.9653684198856354
  view-data: 3.3766634836792946
