times:
  edit-metadata: 0.6922354589914903
  landing: 0.04641955497208983
  view-data: 0.20007513603195548
