times:
  edit-metadata: 1.5118693467229605
  landing: 0.8848762977868319
  view-data: 3.4467728957533836
