times:
  landing: 1.0702429640000446
  view-data: 0.5512142459999723
