times:
  edit-metadata: 0.7127614139899379
  landing: 0.0492858450015774
  view-data: 0.204107762008789
