times:
  edit-metadata: 1.8231604881584644
  landing: 1.0551929660141468
  view-data: 3.407951630651951
