times:
  edit-metadata: 0.6639609560370445
  landing: 0.7206271793693304
  view-data: 0.35165804997086525
