times:
  edit-metadata: 1.3758218558505177
  landing: 0.9029876999557018
  view-data: 3.4292598124593496
