times:
  edit-metadata: 1.3662570267915726
  landing: 0.7844424843788147
  view-data: 3.3649315796792507
