times:
  edit-metadata: 1.5565275372937322
  landing: 0.021892424672842026
  view-data: 0.024739783257246017
