times:
  edit-metadata: 1.5966649632900953
  landing: 0.9195154029875994
  view-data: 3.439421471208334
