times:
  edit-metadata: 1.4323985502123833
  landing: 0.8117261361330748
  view-data: 3.4054550528526306
