times:
  edit-metadata: 1.6484854649752378
  landing: 0.9793517999351025
  view-data: 3.553575435653329
