times:
  edit-metadata: 1.516668874770403
  landing: 0.9072436541318893
  view-data: 3.3239347711205482
