times:
  edit-metadata: 0.6335323129314929
  landing: 0.08295650710351765
  view-data: 0.22307159984484315
