times:
  edit-metadata: 1.3201169446110725
  landing: 0.7988754697144032
  view-data: 3.3294104412198067
