times:
  edit-metadata: 1.6283205039799213
  landing: 1.1641328446567059
  view-data: 3.4507165253162384
