times:
  edit-metadata: 1.138525491580367
  landing: 0.6600814592093229
  view-data: 0.30549731850624084
