times:
  edit-metadata: 1.9454177170991898
  landing: 1.0198605172336102
  view-data: 3.285035613924265
