times:
  edit-metadata: 0.6939519380002821
  landing: 0.04576723900026991
  view-data: 0.22217965199979517
