times:
  edit-metadata: 1.5398128973320127
  landing: 0.019345645792782307
  view-data: 0.02404851373285055
