times:
  edit-metadata: 0.7028123349882662
  landing: 0.1355129131115973
  view-data: 0.2244610171765089
