times:
  edit-metadata: 1.5394300734624267
  landing: 0.019474013708531857
  view-data: 0.12019731942564249
