times:
  landing: 1.0698137709999855
  view-data: 0.5506023880000157
