times:
  edit-metadata: 0.787302799988538
  landing: 0.05915930215269327
  view-data: 0.23938494315370917
