times:
  landing: 0.5502132700000288
  view-data: 0.5538287570000193
