times:
  edit-metadata: 1.1678842436522245
  landing: 0.5956634283065796
  view-data: 0.3142075464129448
