times:
  landing: 1.0761796089999507
  view-data: 0.5596041529998956
