times:
  edit-metadata: 1.5750822508707643
  landing: 0.15374624356627464
  view-data: 0.46270525082945824
