times:
  edit-metadata: 0.6355874305590987
  landing: 0.0544970640912652
  view-data: 0.20168004091829062
