times:
  edit-metadata: 0.7430479589966126
  landing: 0.10821383699658327
  view-data: 0.2569737680023536
