times:
  edit-metadata: 1.51281772647053
  landing: 0.17203823290765285
  view-data: 0.43573332019150257
