times:
  edit-metadata: 1.5031654052436352
  landing: 1.0014697574079037
  view-data: 3.3668262287974358
