times:
  edit-metadata: 1.3472121097147465
  landing: 0.856508418917656
  view-data: 3.391534633934498
