times:
  edit-metadata: 0.6817011180100963
  landing: 0.08021710799948778
  view-data: 0.21453419500903692
