times:
  edit-metadata: 1.592144942842424
  landing: 0.02210091333836317
  view-data: 0.41871002223342657
