times:
  landing: 0.554710942999975
  view-data: 0.5699685090000344
