times:
  edit-metadata: 1.679526399821043
  landing: 0.27643278799951077
  view-data: 0.195528794080019
