times:
  edit-metadata: 1.2835265770554543
  landing: 0.7830653637647629
  view-data: 3.371657210867852
