times:
  landing: 0.5549964240000236
  view-data: 0.5608033970000292
