times:
  edit-metadata: 1.9693878721445799
  landing: 0.019297978840768337
  view-data: 0.027013455517590046
