times:
  edit-metadata: 0.7475264240056276
  landing: 0.04970891494303942
  view-data: 0.2034948191139847
