times:
  landing: 1.099965879000024
  view-data: 0.5449822310000059
