times:
  edit-metadata: 0.7159362370148301
  landing: 0.0697687971405685
  view-data: 0.19567296234890819
