times:
  edit-metadata: 1.67454120144248
  landing: 1.006790816783905
  view-data: 3.360700089484453
