times:
  landing: 1.072017470999981
  view-data: 0.5547284259999969
