times:
  landing: 1.1280784960000005
  view-data: 0.5866195070000231
