times:
  edit-metadata: 0.6489601638168097
  landing: 0.6384799480438232
  view-data: 0.21481256186962128
