times:
  edit-metadata: 1.4062434136867523
  landing: 1.2387054041028023
  view-data: 3.3687538765370846
