times:
  landing: 1.0713351380000518
  view-data: 0.5566922040000009
