times:
  edit-metadata: 1.5914504770189524
  landing: 0.024165643379092216
  view-data: 0.023764774203300476
