times:
  edit-metadata: 1.440050445497036
  landing: 0.7577305044978857
  view-data: 3.329603038728237
