times:
  landing: 0.5574962009999922
  view-data: 0.5561494850000486
