times:
  edit-metadata: 1.4144114130176604
  landing: 0.865358117967844
  view-data: 3.7508627220522612
