times:
  edit-metadata: 0.7272046270081773
  landing: 0.044491185108199716
  view-data: 0.2026384649798274
