times:
  edit-metadata: 1.3283552578650415
  landing: 0.7547478899359703
  view-data: 3.3310981928370893
