times:
  landing: 0.5481595250000169
  view-data: 0.5540202679999879
