times:
  edit-metadata: 1.4047173112630844
  landing: 0.8034731056541204
  view-data: 3.3405334167182446
