times:
  edit-metadata: 1.5209110770374537
  landing: 0.7991478685289621
  view-data: 3.4384449552744627
