times:
  edit-metadata: 1.4516012333333492
  landing: 0.9288690760731697
  view-data: 3.3942228965461254
