times:
  edit-metadata: 1.6255317479372025
  landing: 0.02085275761783123
  view-data: 0.022076399996876717
