times:
  landing: 0.5586604339999894
  view-data: 0.05864446499998621
