times:
  edit-metadata: 1.6705216253176332
  landing: 0.02037992049008608
  view-data: 0.13405933137983084
