times:
  edit-metadata: 1.058040785996127
  landing: 0.044241242998396046
  view-data: 0.21247059600136708
