times:
  edit-metadata: 1.6224200129508972
  landing: 0.12334487959742546
  view-data: 0.4017981356009841
