times:
  edit-metadata: 0.7359626088291407
  landing: 0.06598478835076094
  view-data: 0.24839883157983422
