times:
  landing: 4.201436446999992
  view-data: 1.0829480399999625
