times:
  edit-metadata: 1.1576350927352905
  landing: 1.0093913413584232
  view-data: 0.2074577659368515
