times:
  edit-metadata: 1.3837567032314837
  landing: 0.9915621820837259
  view-data: 3.3732856935821474
