times:
  edit-metadata: 0.6475889347493649
  landing: 0.04981422331184149
  view-data: 0.21694181859493256
