times:
  edit-metadata: 1.1088787447661161
  landing: 0.5407307762652636
  view-data: 0.43354211561381817
