times:
  edit-metadata: 1.5838345140218735
  landing: 0.021881453692913055
  view-data: 0.34402364306151867
