times:
  edit-metadata: 1.5240273401141167
  landing: 0.8663955666124821
  view-data: 3.460721630603075
