times:
  edit-metadata: 1.688581706956029
  landing: 0.21384491212666035
  view-data: 0.14397037960588932
