times:
  edit-metadata: 1.7119991378858685
  landing: 1.0356586398556828
  view-data: 3.4890678571537137
