times:
  landing: 0.5514038820000451
  view-data: 0.5591024960000368
