times:
  landing: 1.0724217350000345
  view-data: 0.5627978179999786
