times:
  edit-metadata: 0.6932125319726765
  landing: 0.07550333999097347
  view-data: 0.2869372209534049
