times:
  edit-metadata: 1.6145422849804163
  landing: 0.13413415104150772
  view-data: 0.031160306185483932
