times:
  edit-metadata: 1.8992470744997263
  landing: 0.27302674017846584
  view-data: 0.31253999285399914
