times:
  edit-metadata: 0.6914233122952282
  landing: 0.045980704948306084
  view-data: 0.2113556801341474
