times:
  edit-metadata: 1.575898596085608
  landing: 0.019458387978374958
  view-data: 0.11907123494893312
