times:
  edit-metadata: 1.5202483385801315
  landing: 0.020929395221173763
  view-data: 0.026455161161720753
