times:
  edit-metadata: 2.4286388754844666
  landing: 1.2875426560640335
  view-data: 4.321873754262924
