times:
  edit-metadata: 1.5923898061737418
  landing: 0.01864121574908495
  view-data: 0.09939087275415659
