times:
  edit-metadata: 1.1912775430828333
  landing: 0.6815077234059572
  view-data: 0.23776105605065823
