times:
  edit-metadata: 1.6556560881435871
  landing: 0.11663901433348656
  view-data: 0.023494048044085503
