times:
  edit-metadata: 1.6090068649500608
  landing: 0.8192489016801119
  view-data: 3.3079273961484432
