times:
  edit-metadata: 0.6906066160299815
  landing: 0.07231874199351296
  view-data: 0.21417611400829628
