times:
  edit-metadata: 1.5208661705255508
  landing: 0.9462326690554619
  view-data: 3.4335759952664375
