times:
  edit-metadata: 1.5450348071753979
  landing: 1.0865012556314468
  view-data: 3.3861489966511726
