times:
  edit-metadata: 1.6283462420105934
  landing: 0.20575543865561485
  view-data: 0.3631259296089411
