times:
  edit-metadata: 1.1417115926742554
  landing: 0.042520564049482346
  view-data: 0.20128364115953445
