times:
  edit-metadata: 1.4860007241368294
  landing: 0.8859218209981918
  view-data: 3.3248207196593285
