times:
  edit-metadata: 1.7707661865279078
  landing: 1.003685163334012
  view-data: 3.4134846394881606
