times:
  edit-metadata: 1.1608074717223644
  landing: 0.04070371016860008
  view-data: 0.2102929838001728
