times:
  edit-metadata: 0.7597179408185184
  landing: 0.062079597264528275
  view-data: 0.22171782702207565
