times:
  edit-metadata: 0.7725819011684507
  landing: 0.04633545898832381
  view-data: 0.20762251992709935
