times:
  edit-metadata: 1.525308083742857
  landing: 0.0200346065685153
  view-data: 0.02502318285405636
