times:
  edit-metadata: 1.5130870677530766
  landing: 1.017856128513813
  view-data: 3.4073335975408554
