times:
  edit-metadata: 1.556438785046339
  landing: 0.9771064519882202
  view-data: 3.425350170582533
