times:
  edit-metadata: 0.9691477753221989
  landing: 0.8985918238759041
  view-data: 0.33647511526942253
