times:
  edit-metadata: 0.7155122568365186
  landing: 0.04485362605191767
  view-data: 0.21045536804012954
