times:
  edit-metadata: 0.7243515260051936
  landing: 0.041637896094471216
  view-data: 0.19953147100750357
