times:
  edit-metadata: 1.0843634121119976
  landing: 0.052715227007865906
  view-data: 0.2106040008366108
