times:
  edit-metadata: 1.0924723222851753
  landing: 0.98495002835989
  view-data: 0.20470653846859932
