times:
  edit-metadata: 1.4671535808593035
  landing: 0.7616342697292566
  view-data: 3.4015684109181166
