times:
  edit-metadata: 1.3070002868771553
  landing: 0.8427598048001528
  view-data: 3.340687081217766
