times:
  landing: 0.5405863910000335
  view-data: 0.5436183909999954
