times:
  landing: 0.547148199999981
  view-data: 0.5574970900000267
