times:
  edit-metadata: 0.7063957880018279
  landing: 0.04780556308105588
  view-data: 0.20645247108768672
