times:
  edit-metadata: 1.462732596322894
  landing: 0.9167846906930208
  view-data: 3.3987680450081825
