times:
  edit-metadata: 1.3648436688818038
  landing: 5.545479075983167
  view-data: 3.2947663231752813
