times:
  edit-metadata: 1.5772113557904959
  landing: 0.22506736498326063
  view-data: 0.02298989798873663
