times:
  landing: 0.5487439780000045
  view-data: 0.5627627139999731
