times:
  landing: 0.5576763439999581
  view-data: 0.5669191949999686
