times:
  edit-metadata: 1.5396376010030508
  landing: 0.18060492537915707
  view-data: 0.0282191913574934
