times:
  edit-metadata: 1.5491870809346437
  landing: 0.7993605080991983
  view-data: 3.405838204547763
