times:
  edit-metadata: 1.2566968090832233
  landing: 0.7126119360327721
  view-data: 0.22379383258521557
