times:
  landing: 0.5517056540000453
  view-data: 0.5577976060000083
