times:
  edit-metadata: 0.5979642290039919
  landing: 0.07251888597966172
  view-data: 0.23853342101210728
