times:
  edit-metadata: 1.898046500980854
  landing: 1.594558585435152
  view-data: 3.5447238460183144
