times:
  edit-metadata: 1.2682476351037621
  landing: 0.6405123630538583
  view-data: 3.259209048934281
