times:
  edit-metadata: 0.6015983619727194
  landing: 0.07093133893795311
  view-data: 0.23067307006567717
