times:
  landing: 0.5406417130000136
  view-data: 0.5432332450000104
