times:
  edit-metadata: 1.5154735781252384
  landing: 0.7783402428030968
  view-data: 3.3535105139017105
