times:
  edit-metadata: 1.1240995712578297
  landing: 0.040942151099443436
  view-data: 0.21072545275092125
