times:
  edit-metadata: 1.5125984977930784
  landing: 0.9754439145326614
  view-data: 3.3399805687367916
