times:
  landing: 0.5502811880000422
  view-data: 0.5563095760000465
