times:
  edit-metadata: 1.768392564728856
  landing: 0.9316784720867872
  view-data: 3.35252171382308
