times:
  edit-metadata: 1.1209075506776571
  landing: 0.5729031264781952
  view-data: 0.6178304813802242
