times:
  edit-metadata: 1.6080122319981456
  landing: 0.02072891779243946
  view-data: 0.3475392051041126
