times:
  edit-metadata: 0.7612605618778616
  landing: 0.051231679040938616
  view-data: 0.2031134080607444
