times:
  edit-metadata: 1.8113752957433462
  landing: 0.2467334959656
  view-data: 0.17150679416954517
