times:
  landing: 1.0756609549999894
  view-data: 0.5609237010000356
