times:
  edit-metadata: 1.6265345234423876
  landing: 0.1352356169372797
  view-data: 0.09806228056550026
