times:
  edit-metadata: 0.7695158490678295
  landing: 0.04600438091438264
  view-data: 0.21655168605502695
