times:
  edit-metadata: 0.6756037310697138
  landing: 0.060888021253049374
  view-data: 0.24203681806102395
