times:
  edit-metadata: 1.5304367765784264
  landing: 0.9544180445373058
  view-data: 3.4210251830518246
