times:
  landing: 1.6167888063937426
  view-data: 1.0936176795512438
