times:
  edit-metadata: 1.5669500352814794
  landing: 0.02254537772387266
  view-data: 0.12117103859782219
