times:
  edit-metadata: 0.7465809199493378
  landing: 0.052933586994186044
  view-data: 0.2751754270866513
