times:
  landing: 0.5780584539999722
  view-data: 0.5679440559999875
