times:
  edit-metadata: 2.078444229438901
  landing: 0.24900314956903458
  view-data: 0.4231927562505007
