times:
  edit-metadata: 1.850891999900341
  landing: 1.1619089227169752
  view-data: 3.4770741630345583
