times:
  edit-metadata: 0.5882289530127309
  landing: 0.07507671799976379
  view-data: 0.22574206598801538
