times:
  landing: 0.548562177000008
  view-data: 0.555428811000013
