times:
  edit-metadata: 1.58716762624681
  landing: 0.02316700667142868
  view-data: 0.12429963797330856
