times:
  edit-metadata: 1.1157963739242405
  landing: 0.09095345088280737
  view-data: 0.31846510991454124
