times:
  edit-metadata: 1.6354247108101845
  landing: 0.2086638044565916
  view-data: 0.02628585696220398
