times:
  edit-metadata: 0.7123540383763611
  landing: 0.044249734841287136
  view-data: 0.2061444246210158
