times:
  edit-metadata: 0.7689270838163793
  landing: 0.036020209081470966
  view-data: 0.20670768106356263
