times:
  edit-metadata: 1.1621264964342117
  landing: 1.151453660801053
  view-data: 0.6145790610462427
