times:
  edit-metadata: 0.6081200642511249
  landing: 0.042973592877388
  view-data: 0.21500053629279137
