times:
  edit-metadata: 1.518279504030943
  landing: 0.890288446098566
  view-data: 3.4339893385767937
