times:
  edit-metadata: 1.3800196181982756
  landing: 0.7682277522981167
  view-data: 3.333166852593422
