times:
  edit-metadata: 0.680775289889425
  landing: 0.05608396325260401
  view-data: 0.20355143817141652
