times:
  edit-metadata: 1.1236276645213366
  landing: 1.081047223880887
  view-data: 0.32112032920122147
