times:
  edit-metadata: 1.5504012815654278
  landing: 1.097096137702465
  view-data: 3.3688699789345264
