times:
  landing: 1.5919923160000167
  view-data: 0.5547082140000157
