times:
  edit-metadata: 1.6772693544626236
  landing: 0.2760163079947233
  view-data: 0.026798047125339508
