times:
  edit-metadata: 1.6761494614183903
  landing: 0.020486341789364815
  view-data: 0.027485636994242668
