times:
  edit-metadata: 2.592447891831398
  landing: 0.9828070886433125
  view-data: 3.390019439160824
