times:
  edit-metadata: 0.7192004374228418
  landing: 0.0504532759077847
  view-data: 0.20531108463183045
