times:
  landing: 1.1132685719999813
  view-data: 0.5670555240000112
