times:
  edit-metadata: 1.597284046933055
  landing: 0.020098164677619934
  view-data: 0.02554109413176775
