times:
  landing: 0.554788536999979
  view-data: 0.5535369329999753
