times:
  edit-metadata: 0.6624377816915512
  landing: 1.6767096854746342
  view-data: 0.8225866220891476
