times:
  landing: 0.5543561250000266
  view-data: 0.5538218840000013
