times:
  edit-metadata: 1.6104988623410463
  landing: 0.02096677850931883
  view-data: 0.027256229892373085
