times:
  edit-metadata: 1.6744147296994925
  landing: 0.14315744675695896
  view-data: 0.4901065994054079
