times:
  edit-metadata: 1.550135487690568
  landing: 0.018255217000842094
  view-data: 0.326918700709939
