times:
  edit-metadata: 1.5259720012545586
  landing: 0.9487262889742851
  view-data: 3.4376793019473553
