times:
  edit-metadata: 1.5566128296777606
  landing: 0.02059322316199541
  view-data: 0.025518697686493397
