times:
  edit-metadata: 1.3549197567626834
  landing: 0.8196732718497515
  view-data: 3.448737333063036
