times:
  edit-metadata: 1.5654237121343613
  landing: 0.7921833395957947
  view-data: 3.39856163226068
