times:
  landing: 0.5553191170000105
  view-data: 0.5647023919999583
