times:
  landing: 1.0684733150000056
  view-data: 0.5624780979999855
