times:
  edit-metadata: 1.603097366169095
  landing: 0.02128511853516102
  view-data: 0.026753786951303482
