times:
  edit-metadata: 0.6043342089978978
  landing: 0.0740244910120964
  view-data: 0.21982915699481964
