times:
  edit-metadata: 1.5237127766013145
  landing: 0.8949748519808054
  view-data: 3.4403896871954203
