times:
  edit-metadata: 1.4707232117652893
  landing: 0.8097633570432663
  view-data: 3.342990878969431
