times:
  edit-metadata: 1.0150865092873573
  landing: 0.04978439584374428
  view-data: 0.21102553606033325
