times:
  edit-metadata: 1.7336587589234114
  landing: 1.2092712949961424
  view-data: 3.3634812738746405
