times:
  edit-metadata: 0.997685307636857
  landing: 0.8631234541535378
  view-data: 0.4566154442727566
