times:
  edit-metadata: 1.58191779255867
  landing: 0.12622945569455624
  view-data: 0.38555928878486156
