times:
  edit-metadata: 2.064654305577278
  landing: 0.3289783298969269
  view-data: 0.4687164556235075
