times:
  edit-metadata: 1.5647877026349306
  landing: 0.020226700231432915
  view-data: 0.02515771146863699
