times:
  edit-metadata: 1.6277985041961074
  landing: 0.1378879565745592
  view-data: 0.13187279365956783
