times:
  edit-metadata: 0.6632365896366537
  landing: 0.05048182513564825
  view-data: 0.2047785189934075
