times:
  edit-metadata: 0.6897283830039669
  landing: 0.10704384100245079
  view-data: 0.24396883699955652
