times:
  edit-metadata: 1.2104848809540272
  landing: 0.06231185048818588
  view-data: 0.2044679932296276
