times:
  edit-metadata: 1.268053662031889
  landing: 1.2615869550500065
  view-data: 3.5688112640054896
