times:
  edit-metadata: 0.6763830608688295
  landing: 0.054712648037821054
  view-data: 0.2092013512738049
