times:
  edit-metadata: 2.4876766446977854
  landing: 1.9657122157514095
  view-data: 3.9056970551609993
