times:
  edit-metadata: 1.5546890441328287
  landing: 0.020862246863543987
  view-data: 0.026012150570750237
