times:
  landing: 0.616848325000035
  view-data: 0.555553026000041
