times:
  edit-metadata: 0.7016876353882253
  landing: 0.04081350425258279
  view-data: 0.2048640181310475
