times:
  edit-metadata: 0.6165549010038376
  landing: 0.06671913899481297
  view-data: 0.22928833597688936
