times:
  edit-metadata: 0.6276519671082497
  landing: 0.07646578084677458
  view-data: 0.3483354130294174
