times:
  edit-metadata: 1.5177986975759268
  landing: 0.02224599290639162
  view-data: 0.15084286034107208
