times:
  edit-metadata: 1.1213330030441284
  landing: 0.6624518278986216
  view-data: 0.2254797425121069
