times:
  edit-metadata: 1.5302926171571016
  landing: 0.16332281194627285
  view-data: 0.14367705211043358
