times:
  edit-metadata: 1.0552916750311852
  landing: 0.043874625116586685
  view-data: 0.21099314838647842
