times:
  edit-metadata: 1.3457499989308417
  landing: 0.8044891399331391
  view-data: 3.277533260989003
