times:
  edit-metadata: 0.6306900680065155
  landing: 0.05213238997384906
  view-data: 0.21435325779020786
