times:
  edit-metadata: 1.0834727361798286
  landing: 0.044179122895002365
  view-data: 0.2081766203045845
