times:
  edit-metadata: 0.7175851930078352
  landing: 0.04920466599287465
  view-data: 0.20596569999179337
