times:
  edit-metadata: 0.6196572268381715
  landing: 0.04286904074251652
  view-data: 0.21985554229468107
