times:
  edit-metadata: 0.9310659361071885
  landing: 0.1317615178413689
  view-data: 0.2308681858703494
