times:
  edit-metadata: 2.0714662428945303
  landing: 1.1410431917756796
  view-data: 3.3629007767885923
