times:
  landing: 0.5524821910000242
  view-data: 0.5646704989999876
