times:
  edit-metadata: 1.4545127414166927
  landing: 0.8770380951464176
  view-data: 3.3545942679047585
