times:
  edit-metadata: 1.1671363916248083
  landing: 0.5907349456101656
  view-data: 0.2161721233278513
