times:
  edit-metadata: 1.4645437225699425
  landing: 1.2165935784578323
  view-data: 3.6569282859563828
