times:
  edit-metadata: 1.4085197187960148
  landing: 0.7574991323053837
  view-data: 3.3055000081658363
