times:
  edit-metadata: 1.5689084511250257
  landing: 0.022751469165086746
  view-data: 0.026123546063899994
