times:
  edit-metadata: 1.0844517908990383
  landing: 0.7622494176030159
  view-data: 0.3583312686532736
