times:
  landing: 0.5485090499998933
  view-data: 0.5520827390000704
