times:
  edit-metadata: 1.0826146006584167
  landing: 0.047602180391550064
  view-data: 0.2052547000348568
