times:
  landing: 1.0763955900000042
  view-data: 1.0770412300000203
