times:
  edit-metadata: 1.9523153621703386
  landing: 0.25162423215806484
  view-data: 0.18044824339449406
