times:
  edit-metadata: 0.6013885950669646
  landing: 0.07780487602576613
  view-data: 0.2120123190106824
