times:
  edit-metadata: 2.196080207824707
  landing: 1.4934180648997426
  view-data: 3.3836739491671324
