times:
  edit-metadata: 0.6344348136335611
  landing: 0.5690816603600979
  view-data: 0.5987436305731535
