times:
  edit-metadata: 0.9436329009477049
  landing: 0.09276447002775967
  view-data: 0.20016454299911857
