times:
  edit-metadata: 1.5730893658474088
  landing: 0.7930397372692823
  view-data: 3.3609194080345333
