times:
  landing: 0.5525147500000003
  view-data: 0.5531694910000624
