times:
  edit-metadata: 0.7147338280919939
  landing: 0.050876189954578876
  view-data: 0.2020713669480756
