times:
  edit-metadata: 1.622777996584773
  landing: 0.8961817212402821
  view-data: 3.285914482548833
