times:
  edit-metadata: 1.1342977285385132
  landing: 0.0512516051530838
  view-data: 0.2057521604001522
