times:
  edit-metadata: 0.8483040202409029
  landing: 0.7994677722454071
  view-data: 0.32483709789812565
