times:
  landing: 1.086910448000026
  view-data: 0.5616272720000097
