times:
  edit-metadata: 1.6375760063529015
  landing: 0.01980828307569027
  view-data: 0.15180416591465473
