times:
  edit-metadata: 0.6883848269935697
  landing: 0.04114997386932373
  view-data: 0.20353543409146369
