times:
  edit-metadata: 1.421953083947301
  landing: 0.9371975213289261
  view-data: 3.335551545023918
