times:
  edit-metadata: 0.6752453246153891
  landing: 0.048568558879196644
  view-data: 0.1955649657174945
