times:
  edit-metadata: 0.7290039281360805
  landing: 0.04470781655982137
  view-data: 0.19884656462818384
