times:
  edit-metadata: 0.6089491370366886
  landing: 0.06535454804543406
  view-data: 0.22519434394780546
