times:
  edit-metadata: 0.6110020498745143
  landing: 0.071831283159554
  view-data: 0.22504128282889724
