times:
  edit-metadata: 0.6512857843190432
  landing: 0.040261706337332726
  view-data: 0.21081830374896526
