times:
  edit-metadata: 1.3861474758014083
  landing: 0.9521937947720289
  view-data: 3.379606496077031
