times:
  edit-metadata: 1.4658266338519752
  landing: 0.9008393159601837
  view-data: 3.4458597959019244
