times:
  edit-metadata: 1.5379003137350082
  landing: 0.16845640912652016
  view-data: 0.02419932559132576
