times:
  edit-metadata: 0.7488691119942814
  landing: 0.04353406606242061
  view-data: 0.3357440249528736
