times:
  edit-metadata: 0.8809745251201093
  landing: 0.08232497796416283
  view-data: 0.45427432376891375
