times:
  edit-metadata: 1.434055270627141
  landing: 1.026406830176711
  view-data: 3.3922594469040632
