times:
  edit-metadata: 1.6441191928461194
  landing: 0.021160051226615906
  view-data: 0.4804041236639023
