times:
  edit-metadata: 1.545227486640215
  landing: 0.17982844449579716
  view-data: 0.416324008256197
