times:
  edit-metadata: 1.5263905078172684
  landing: 0.021373855881392956
  view-data: 0.4019788522273302
