times:
  landing: 0.5431498799999872
  view-data: 0.5524335409999139
