times:
  landing: 1.0733073549999972
  view-data: 0.5580153810000184
