times:
  landing: 0.5657539789999646
  view-data: 0.5677248810000037
