times:
  edit-metadata: 1.3575061038136482
  landing: 0.8430356495082378
  view-data: 3.3575831167399883
