times:
  edit-metadata: 1.6818630546331406
  landing: 0.2165070753544569
  view-data: 0.26051752269268036
