times:
  edit-metadata: 1.3593145422637463
  landing: 0.7920377515256405
  view-data: 3.3401633389294147
