times:
  edit-metadata: 1.516034023836255
  landing: 0.7972304970026016
  view-data: 3.3346871584653854
