times:
  edit-metadata: 0.7249566167593002
  landing: 0.04878386668860912
  view-data: 0.199890217743814
