times:
  edit-metadata: 1.6235286220908165
  landing: 1.089800175279379
  view-data: 3.325029287021607
