times:
  edit-metadata: 1.5374699085950851
  landing: 0.8766023404896259
  view-data: 3.38803481310606
