times:
  edit-metadata: 0.6567262690514326
  landing: 0.40286274068057537
  view-data: 0.31845640018582344
