times:
  landing: 0.5586009320000471
  view-data: 0.560318532999986
