times:
  edit-metadata: 1.0781821087002754
  landing: 0.049358952790498734
  view-data: 0.20446254312992096
