times:
  edit-metadata: 1.690199725329876
  landing: 0.11643059551715851
  view-data: 0.3556020427495241
