times:
  landing: 0.5462639309999986
  view-data: 0.5523876099999825
