times:
  edit-metadata: 0.7513533658348024
  landing: 0.04524550586938858
  view-data: 0.2047570301219821
