times:
  edit-metadata: 2.478807752020657
  landing: 1.165728610008955
  view-data: 3.510474286042154
