times:
  landing: 1.0799219268374145
  view-data: 0.5553954248316586
