times:
  edit-metadata: 1.0320573225617409
  landing: 0.040786925703287125
  view-data: 0.21490417048335075
