times:
  edit-metadata: 2.2154296822845936
  landing: 4.6655675657093525
  view-data: 3.4675245359539986
