times:
  edit-metadata: 1.5273773213848472
  landing: 0.020726549439132214
  view-data: 0.48291202262043953
