times:
  landing: 0.550455713999952
  view-data: 0.5527405019999492
