times:
  edit-metadata: 0.7098947120830417
  landing: 0.04062808398157358
  view-data: 0.20851064403541386
