times:
  landing: 0.5620696629999884
  view-data: 0.5628783429999658
