times:
  edit-metadata: 1.8814833983778954
  landing: 0.2628484535962343
  view-data: 0.396211463958025
