times:
  edit-metadata: 0.6244656089693308
  landing: 0.04144933586940169
  view-data: 0.2034038072451949
