times:
  edit-metadata: 1.1443417854607105
  landing: 0.5708707887679338
  view-data: 0.623311061412096
