times:
  edit-metadata: 1.4997906424105167
  landing: 0.7843883074820042
  view-data: 3.419425282627344
