times:
  edit-metadata: 0.6305910390801728
  landing: 0.04553368501365185
  view-data: 0.33634323393926024
