times:
  edit-metadata: 1.5278051877394319
  landing: 0.020980595611035824
  view-data: 0.029081174172461033
