times:
  edit-metadata: 1.8947336750570685
  landing: 1.0950319040566683
  view-data: 3.393550876993686
