times:
  landing: 0.5484041560000037
  view-data: 0.5609972849999849
