times:
  edit-metadata: 2.2614550422877073
  landing: 0.19658313132822514
  view-data: 0.13467312790453434
