times:
  edit-metadata: 2.305801099166274
  landing: 1.4835749194025993
  view-data: 3.9795992709696293
