times:
  edit-metadata: 1.5913601741194725
  landing: 0.23520081583410501
  view-data: 0.0240044379606843
