times:
  edit-metadata: 1.1031075604259968
  landing: 0.6479151099920273
  view-data: 0.43048674426972866
