times:
  edit-metadata: 1.097226146608591
  landing: 0.05111218988895416
  view-data: 0.20504507049918175
