times:
  landing: 0.5620149129999845
  view-data: 0.5590792520000036
