times:
  edit-metadata: 0.6406980417668819
  landing: 0.05432088626548648
  view-data: 0.20810831058770418
