times:
  edit-metadata: 1.185326125472784
  landing: 0.5546775683760643
  view-data: 0.20574908331036568
