times:
  landing: 1.0970771020000143
  view-data: 0.5621427319999839
