times:
  edit-metadata: 1.481097910553217
  landing: 1.084482368081808
  view-data: 3.3664022386074066
