times:
  edit-metadata: 1.2333273738622665
  landing: 0.784212096594274
  view-data: 3.323188421316445
