times:
  edit-metadata: 0.6925103343091905
  landing: 0.04475184064358473
  view-data: 0.2062140447087586
