times:
  edit-metadata: 0.6966062820283696
  landing: 0.07993793196510524
  view-data: 0.23030095698777586
