times:
  edit-metadata: 1.600470408797264
  landing: 1.0361586511135101
  view-data: 3.466235663741827
