times:
  edit-metadata: 1.5084295440465212
  landing: 0.1648954451084137
  view-data: 0.32274446450173855
