times:
  edit-metadata: 0.6567285899072886
  landing: 0.5862141475081444
  view-data: 0.20502631552517414
