times:
  edit-metadata: 0.7281989550101571
  landing: 0.04133609199197963
  view-data: 0.20669400499900803
