times:
  landing: 0.5528322019999905
  view-data: 0.554654137
