times:
  edit-metadata: 1.5492626717314124
  landing: 0.020932055078446865
  view-data: 0.026266020722687244
