times:
  edit-metadata: 1.4582839515060186
  landing: 1.002037350088358
  view-data: 3.3502968419343233
