times:
  edit-metadata: 0.7268442898057401
  landing: 0.04540265677496791
  view-data: 0.2097514970228076
