times:
  edit-metadata: 0.6928513841703534
  landing: 0.04659900115802884
  view-data: 0.19323151605203748
