times:
  edit-metadata: 0.6495139561593533
  landing: 0.6152492966502905
  view-data: 0.206727784126997
