times:
  edit-metadata: 1.5370547957718372
  landing: 0.021566377952694893
  view-data: 0.10213577095419168
