times:
  edit-metadata: 1.151685670018196
  landing: 0.4991438277065754
  view-data: 0.3181494530290365
