times:
  edit-metadata: 0.7722460309742019
  landing: 0.160595105990069
  view-data: 0.22613280601217411
