times:
  edit-metadata: 1.564917428418994
  landing: 0.8181313890963793
  view-data: 3.3238487001508474
