times:
  edit-metadata: 0.6571570271626115
  landing: 0.05509921070188284
  view-data: 0.21019861660897732
