times:
  edit-metadata: 1.105055332183838
  landing: 0.6152691543102264
  view-data: 0.6228183042258024
