times:
  landing: 1.0693072479999728
  view-data: 0.5569417180000755
