times:
  edit-metadata: 1.6021973369643092
  landing: 0.11660124734044075
  view-data: 0.027323600836098194
