times:
  edit-metadata: 1.423421524465084
  landing: 0.956634558737278
  view-data: 3.327231489121914
