times:
  edit-metadata: 1.5997955780476332
  landing: 0.1610606163740158
  view-data: 0.026868360117077827
