times:
  landing: 1.07341196699997
  view-data: 0.5576678129999664
