times:
  edit-metadata: 1.49289183691144
  landing: 0.9327227473258972
  view-data: 3.395780321210623
