times:
  edit-metadata: 0.7162208009976894
  landing: 0.04424650099826977
  view-data: 0.20594931999221444
