times:
  edit-metadata: 1.1176536157727242
  landing: 0.05322377383708954
  view-data: 0.2126624956727028
