times:
  edit-metadata: 1.418665323406458
  landing: 0.9324819520115852
  view-data: 3.283029604703188
