times:
  edit-metadata: 1.5021639512851834
  landing: 0.1204516850411892
  view-data: 0.12258240766823292
