times:
  edit-metadata: 1.094583997502923
  landing: 0.549960920587182
  view-data: 0.1961316242814064
