times:
  edit-metadata: 1.486363049596548
  landing: 0.9051084667444229
  view-data: 3.4437645245343447
