times:
  edit-metadata: 1.5500979367643595
  landing: 0.90543810185045
  view-data: 3.3843338191509247
