times:
  edit-metadata: 1.510681215673685
  landing: 0.9862807840108871
  view-data: 3.3875676840543747
