times:
  edit-metadata: 0.8642234110739082
  landing: 0.05598789802752435
  view-data: 0.21376126795075834
