times:
  edit-metadata: 1.5926051028072834
  landing: 0.19050190597772598
  view-data: 0.3004425633698702
