times:
  edit-metadata: 1.4756634440273046
  landing: 0.7267704848200083
  view-data: 3.30938757956028
