times:
  edit-metadata: 2.161536533385515
  landing: 1.2698739096522331
  view-data: 3.519966971129179
