times:
  landing: 1.0663341919999993
  view-data: 0.5462496549999969
