times:
  landing: 0.5477497810002205
  view-data: 0.5476522819999445
