times:
  edit-metadata: 1.5861785151064396
  landing: 0.018760363571345806
  view-data: 0.1258786851540208
