times:
  edit-metadata: 0.7245829509920441
  landing: 0.04726175600080751
  view-data: 0.227252953016432
