times:
  edit-metadata: 2.6059284564107656
  landing: 7.897231454029679
  view-data: 3.7708722949028015
