times:
  edit-metadata: 1.4319632723927498
  landing: 0.929992850869894
  view-data: 3.365938451141119
