times:
  edit-metadata: 0.6121592620038427
  landing: 0.06555954599753022
  view-data: 0.22849967295769602
