times:
  edit-metadata: 1.7092442894354463
  landing: 0.02445352915674448
  view-data: 0.19314206019043922
