times:
  edit-metadata: 0.635521552991122
  landing: 0.04567002924159169
  view-data: 0.20560981379821897
