times:
  edit-metadata: 0.6860464597120881
  landing: 0.039024909026920795
  view-data: 0.2085440754890442
