times:
  edit-metadata: 1.3132746028713882
  landing: 0.13991542905569077
  view-data: 0.46366847632452846
