times:
  edit-metadata: 0.765076861018315
  landing: 0.062467477982863784
  view-data: 0.20371540705673397
