times:
  edit-metadata: 1.2961177807301283
  landing: 0.774339571595192
  view-data: 0.31352561712265015
