times:
  edit-metadata: 1.1269553136080503
  landing: 0.5810349360108376
  view-data: 0.22210285440087318
