times:
  edit-metadata: 1.4968014918267727
  landing: 0.8190094884485006
  view-data: 3.38290661200881
