times:
  edit-metadata: 0.7192152687348425
  landing: 0.04501783708110452
  view-data: 0.20183535432443023
