times:
  edit-metadata: 2.0679801404476166
  landing: 0.27776286005973816
  view-data: 0.5254048202186823
