times:
  edit-metadata: 1.524895465001464
  landing: 0.018878281116485596
  view-data: 0.12623604200780392
