times:
  edit-metadata: 1.5483572082594037
  landing: 0.021890939213335514
  view-data: 0.2081772517412901
