times:
  edit-metadata: 1.1452459041029215
  landing: 0.6814998462796211
  view-data: 0.2081129476428032
