times:
  edit-metadata: 0.7688642621506006
  landing: 0.04474291787482798
  view-data: 0.19177936506457627
