times:
  landing: 1.071300349000012
  view-data: 0.5541968150000116
