times:
  edit-metadata: 1.0400757677853107
  landing: 1.109360022470355
  view-data: 0.615812124684453
