times:
  edit-metadata: 1.986661083996296
  landing: 0.16601641848683357
  view-data: 0.14817850105464458
