times:
  edit-metadata: 1.3716373965144157
  landing: 0.8359394297003746
  view-data: 3.266821876168251
