times:
  edit-metadata: 1.0449681350000901
  landing: 0.05055314299897873
  view-data: 0.21026840899867238
