times:
  landing: 0.5573528719999672
  view-data: 0.5611215010000024
