times:
  edit-metadata: 1.5765747809782624
  landing: 0.12205841299146414
  view-data: 0.13156178500503302
