times:
  edit-metadata: 0.598730853991583
  landing: 0.07579314603935927
  view-data: 0.24931563599966466
