times:
  edit-metadata: 1.0653607491403818
  landing: 0.607343528419733
  view-data: 0.6242422852665186
