times:
  edit-metadata: 1.4602676602080464
  landing: 0.8520447742193937
  view-data: 3.3735340940766037
