times:
  landing: 1.0861927610000066
  view-data: 0.5601293539999688
