times:
  edit-metadata: 1.547961374744773
  landing: 0.022671571001410484
  view-data: 0.12316611595451832
