times:
  edit-metadata: 1.3584927637130022
  landing: 0.7771085817366838
  view-data: 3.5095619605854154
