times:
  edit-metadata: 1.6217793142423034
  landing: 0.9767771670594811
  view-data: 3.3974582739174366
