times:
  landing: 1.6060078439999756
  view-data: 0.562792949000027
