times:
  edit-metadata: 0.6462190360762179
  landing: 0.04058371623978019
  view-data: 0.2112681930884719
