times:
  edit-metadata: 1.6394194848835468
  landing: 1.0432615764439106
  view-data: 3.459892075508833
