times:
  edit-metadata: 1.5533610647544265
  landing: 0.019304463639855385
  view-data: 0.027523853816092014
