times:
  landing: 0.5523020450000331
  view-data: 0.5553441629999725
