times:
  edit-metadata: 0.6815887494012713
  landing: 0.04608534695580602
  view-data: 0.19957345025613904
