times:
  edit-metadata: 0.7375882350606844
  landing: 0.045317607931792736
  view-data: 0.2010115550365299
