times:
  edit-metadata: 1.168136041611433
  landing: 0.04352050647139549
  view-data: 0.20573098957538605
