times:
  edit-metadata: 1.64216292463243
  landing: 1.0481197591871023
  view-data: 3.3282784298062325
