times:
  edit-metadata: 0.7107136570848525
  landing: 0.052851852029561996
  view-data: 0.20452637085691094
