times:
  edit-metadata: 0.7644065045751631
  landing: 0.0402109888382256
  view-data: 0.21939370222389698
