times:
  edit-metadata: 0.6306347020436078
  landing: 0.06606798199936748
  view-data: 0.2327277148142457
