times:
  landing: 0.5574068629998692
  view-data: 0.5563553550000506
