times:
  edit-metadata: 1.8682681322097778
  landing: 0.02147682011127472
  view-data: 0.34009033255279064
