times:
  edit-metadata: 1.12141721136868
  landing: 1.7174548599869013
  view-data: 0.43163945339620113
