times:
  edit-metadata: 1.68388213776052
  landing: 0.14466490037739277
  view-data: 0.026411527767777443
