times:
  landing: 0.5506712800000741
  view-data: 0.5557657159999962
