times:
  edit-metadata: 0.5991926370188594
  landing: 0.07660707697505131
  view-data: 0.22661093197530136
