times:
  edit-metadata: 1.626428384333849
  landing: 0.15817987360060215
  view-data: 0.02427036315202713
