times:
  edit-metadata: 1.0709490850567818
  landing: 0.04081276059150696
  view-data: 0.21179186180233955
