times:
  landing: 1.0733167969999613
  view-data: 0.5578999040000099
