times:
  edit-metadata: 1.468629166483879
  landing: 0.775865993462503
  view-data: 3.361199322156608
