times:
  edit-metadata: 0.7874009399674833
  landing: 0.04231710406020284
  view-data: 0.21386023703962564
