times:
  edit-metadata: 1.0887821111828089
  landing: 0.5754055995494127
  view-data: 0.6082968283444643
