times:
  edit-metadata: 1.564461000263691
  landing: 0.8261268939822912
  view-data: 3.384127389639616
