times:
  edit-metadata: 2.0161114931106567
  landing: 0.28768408484756947
  view-data: 0.19908670708537102
