times:
  edit-metadata: 1.5136615820229053
  landing: 0.8772434145212173
  view-data: 3.3864796981215477
