times:
  edit-metadata: 1.138545922935009
  landing: 0.047761332243680954
  view-data: 0.20449397712945938
