times:
  edit-metadata: 1.3930084011517465
  landing: 0.8807493518106639
  view-data: 3.3814574242569506
