times:
  landing: 0.5422798820000025
  view-data: 0.5520409270000073
