times:
  edit-metadata: 1.5551561312749982
  landing: 0.16948724538087845
  view-data: 0.12077560648322105
