times:
  edit-metadata: 1.4629866648465395
  landing: 0.8219238929450512
  view-data: 3.382753485813737
