times:
  edit-metadata: 0.7022481419844553
  landing: 0.04496257600840181
  view-data: 0.20310353295644745
