times:
  edit-metadata: 0.7210883400402963
  landing: 0.05444527603685856
  view-data: 0.20357586489990354
