times:
  edit-metadata: 1.1111350767314434
  landing: 0.043848488479852676
  view-data: 0.21380121633410454
