times:
  edit-metadata: 1.5832132007926702
  landing: 0.9238182064145803
  view-data: 3.4710785169154406
