times:
  edit-metadata: 1.7645623050630093
  landing: 0.18853889591991901
  view-data: 0.4359296355396509
