times:
  edit-metadata: 0.619013381190598
  landing: 0.04176730290055275
  view-data: 0.2069080281071365
