times:
  landing: 0.5466461729999992
  view-data: 0.5481008929999689
