times:
  edit-metadata: 1.7182889971882105
  landing: 0.2336452342569828
  view-data: 0.3314853087067604
