times:
  edit-metadata: 1.3507745489478111
  landing: 0.911217600107193
  view-data: 3.37846252694726
