times:
  edit-metadata: 0.6020163968205452
  landing: 0.07576582301408052
  view-data: 0.21794518129900098
