times:
  landing: 1.0755531450000149
  view-data: 0.560023297999976
