times:
  edit-metadata: 1.2069652415812016
  landing: 0.06064639985561371
  view-data: 0.20978838950395584
