times:
  edit-metadata: 1.5194514524191618
  landing: 0.764021148905158
  view-data: 3.368221068754792
