times:
  edit-metadata: 0.645752860698849
  landing: 0.04069057106971741
  view-data: 0.48953517340123653
