times:
  edit-metadata: 0.5920861409977078
  landing: 0.0721309226937592
  view-data: 0.2531315600499511
