times:
  edit-metadata: 1.5857507633045316
  landing: 0.022560027427971363
  view-data: 0.026813209056854248
