times:
  edit-metadata: 1.8006446659564972
  landing: 0.15069171227514744
  view-data: 0.42905616760253906
