times:
  edit-metadata: 1.6261071786284447
  landing: 0.01881454698741436
  view-data: 0.28958816826343536
