times:
  landing: 0.5565170929999681
  view-data: 0.5720243750000122
