times:
  landing: 1.1322195470000338
  view-data: 0.5526702290000003
