times:
  edit-metadata: 1.2706968244165182
  landing: 0.05040738172829151
  view-data: 0.2265964075922966
