times:
  edit-metadata: 1.4795313123613596
  landing: 0.874556815251708
  view-data: 3.3761083651334047
