times:
  landing: 0.5523200459999771
  view-data: 0.07224007499996787
