times:
  edit-metadata: 0.5880401618778706
  landing: 0.06937954807654023
  view-data: 0.22477139998227358
