times:
  edit-metadata: 0.7369376610149629
  landing: 0.04590966197429225
  view-data: 0.20482232002541423
