times:
  landing: 0.5542996230000199
  view-data: 0.5628340279999975
