times:
  edit-metadata: 0.6840555528178811
  landing: 0.07136531686410308
  view-data: 0.20863394858315587
