times:
  edit-metadata: 0.6585648758336902
  landing: 0.03869557939469814
  view-data: 0.21629180014133453
