times:
  edit-metadata: 1.5453910492360592
  landing: 0.8256276119500399
  view-data: 3.420543644577265
