times:
  landing: 0.5601684509999814
  view-data: 0.5603949470000202
