times:
  edit-metadata: 0.732853485038504
  landing: 0.06512290495447814
  view-data: 0.20945763308554888
