times:
  edit-metadata: 1.5444099782034755
  landing: 1.0081420950591564
  view-data: 3.33922564284876
