times:
  edit-metadata: 1.2200174611061811
  landing: 0.6666838023811579
  view-data: 0.21124620735645294
