times:
  edit-metadata: 0.652334522921592
  landing: 0.043035066686570644
  view-data: 0.20738222729414701
