times:
  edit-metadata: 0.8509154268540442
  landing: 0.06062456499785185
  view-data: 0.2308566509746015
