times:
  edit-metadata: 2.0934935081750154
  landing: 1.0932474033907056
  view-data: 3.4416430611163378
