times:
  landing: 0.5511798090000184
  view-data: 0.5581572480000432
