times:
  edit-metadata: 0.6001870289910585
  landing: 0.06407434795983136
  view-data: 0.2259579731617123
