times:
  edit-metadata: 0.6370101268403232
  landing: 0.052620470989495516
  view-data: 0.20812524296343327
