times:
  edit-metadata: 1.0592687129974365
  landing: 0.042401354759931564
  view-data: 0.19871631637215614
