times:
  edit-metadata: 0.6571910809725523
  landing: 1.3608608860522509
  view-data: 0.44202176854014397
