times:
  landing: 0.5536948849999703
  view-data: 0.556943122000007
