times:
  edit-metadata: 0.723304786006338
  landing: 0.049390959000447765
  view-data: 0.23037397399457404
