times:
  edit-metadata: 0.642741977237165
  landing: 0.04382822010666132
  view-data: 0.2111309040337801
