times:
  edit-metadata: 1.6006238907575607
  landing: 0.9736559055745602
  view-data: 3.3881499730050564
