times:
  edit-metadata: 0.6617936939001083
  landing: 0.8905368540436029
  view-data: 0.3368005808442831
