times:
  edit-metadata: 1.0684361644089222
  landing: 0.040624745190143585
  view-data: 0.21411877870559692
