times:
  edit-metadata: 0.6062163077294827
  landing: 0.04362226743251085
  view-data: 0.20489256735891104
