times:
  landing: 0.551343237000026
  view-data: 0.5560878059999936
