times:
  edit-metadata: 2.3707911600358784
  landing: 0.8806657502427697
  view-data: 3.7176792109385133
