times:
  edit-metadata: 1.5458454815670848
  landing: 0.17125424835830927
  view-data: 0.12077574990689754
