times:
  edit-metadata: 1.5510363038629293
  landing: 0.020020687021315098
  view-data: 0.12436626199632883
