times:
  edit-metadata: 1.2407488953322172
  landing: 0.3789052590727806
  view-data: 0.2519081775099039
