times:
  edit-metadata: 1.646422058925964
  landing: 1.089796644053422
  view-data: 3.3304081100504845
