times:
  edit-metadata: 0.7212665695697069
  landing: 0.6408969257026911
  view-data: 0.2361499685794115
