times:
  edit-metadata: 1.5930632930248976
  landing: 0.11088053695857525
  view-data: 0.3795108236372471
