times:
  edit-metadata: 1.5742533318698406
  landing: 0.02237262763082981
  view-data: 0.05530991964042187
