times:
  edit-metadata: 0.7023026619572192
  landing: 0.041685258038342
  view-data: 0.2134859369834885
