times:
  edit-metadata: 0.6827227830071934
  landing: 0.08851270499872044
  view-data: 0.21668894297908992
