times:
  landing: 1.076335857999993
  view-data: 0.5691014729999893
