times:
  landing: 0.5538890990000027
  view-data: 0.5611826589999964
