times:
  landing: 0.5529959079999571
  view-data: 0.5540113150000252
