times:
  edit-metadata: 0.6828109119087458
  landing: 0.05239166086539626
  view-data: 0.20432061702013016
