times:
  edit-metadata: 0.6397404791787267
  landing: 0.0484881279990077
  view-data: 0.204862245824188
