times:
  edit-metadata: 0.60078398976475
  landing: 0.04634231701493263
  view-data: 0.21845563035458326
