times:
  edit-metadata: 1.6078222505748272
  landing: 0.1481918003410101
  view-data: 0.02928728424012661
