times:
  edit-metadata: 1.0444351453334093
  landing: 1.3799922857433558
  view-data: 0.43043069168925285
