times:
  edit-metadata: 0.7650578380562365
  landing: 0.05135197006165981
  view-data: 0.20074248407036066
