times:
  edit-metadata: 0.6788355298340321
  landing: 0.045147730968892574
  view-data: 0.20965925697237253
