times:
  edit-metadata: 1.5500884661450982
  landing: 0.02006336208432913
  view-data: 0.12436913978308439
