times:
  edit-metadata: 1.6953093875199556
  landing: 0.2368267923593521
  view-data: 0.14032153971493244
