times:
  edit-metadata: 0.8773283359478228
  landing: 0.07746610505273566
  view-data: 0.24265367403859273
