times:
  edit-metadata: 0.7087155650369823
  landing: 0.06420477200299501
  view-data: 0.19838462094776332
