times:
  landing: 0.5588991740000324
  view-data: 0.5593152790000318
