times:
  landing: 0.5576882670000032
  view-data: 0.5549324810000371
