times:
  edit-metadata: 0.6935552180511877
  landing: 0.0781111010001041
  view-data: 0.22829807898961008
