times:
  landing: 2.1146865700000035
  view-data: 0.5550462799999991
