times:
  landing: 1.0678696159999959
  view-data: 0.5647334770000043
