times:
  edit-metadata: 0.5923282820731401
  landing: 0.040564121678471565
  view-data: 0.21952886879444122
