times:
  edit-metadata: 1.4949558777734637
  landing: 0.7724060006439686
  view-data: 3.3984596971422434
