times:
  edit-metadata: 0.8894274439662695
  landing: 1.7052008155733347
  view-data: 0.31096339598298073
