times:
  edit-metadata: 1.4894058518111706
  landing: 0.8080232162028551
  view-data: 3.4002311769872904
