times:
  edit-metadata: 0.6715099108405411
  landing: 0.04830574803054333
  view-data: 0.2113945074379444
