times:
  edit-metadata: 1.5089084673672915
  landing: 0.8054849226027727
  view-data: 3.42492501065135
