times:
  edit-metadata: 0.6760122609994141
  landing: 0.07614758500130847
  view-data: 0.2604129200044554
