times:
  edit-metadata: 1.2194777466356754
  landing: 0.04989447258412838
  view-data: 0.2008302453905344
