times:
  edit-metadata: 0.7064463800052181
  landing: 0.04758989193942398
  view-data: 0.21035335410851985
