times:
  edit-metadata: 0.7390892361290753
  landing: 0.0401376667432487
  view-data: 0.2000615349970758
