times:
  edit-metadata: 2.3396373838186264
  landing: 0.352611655369401
  view-data: 0.35513484477996826
