times:
  edit-metadata: 1.5853852331638336
  landing: 1.056731354445219
  view-data: 3.3836024180054665
