times:
  edit-metadata: 1.542175205424428
  landing: 0.24388364423066378
  view-data: 0.33999218977987766
