times:
  edit-metadata: 1.6495404466986656
  landing: 0.018828189000487328
  view-data: 0.023021668195724487
