times:
  edit-metadata: 1.107583325356245
  landing: 0.04321412369608879
  view-data: 0.20793423429131508
