times:
  edit-metadata: 0.6501578763127327
  landing: 0.04644608870148659
  view-data: 0.21050560846924782
