times:
  edit-metadata: 1.5349129838868976
  landing: 0.04716115165501833
  view-data: 0.025924659334123135
