times:
  edit-metadata: 1.1003848761320114
  landing: 0.042244650423526764
  view-data: 0.20957423746585846
