times:
  edit-metadata: 1.5305569469928741
  landing: 0.9329983815550804
  view-data: 3.3320699967443943
