times:
  edit-metadata: 1.3758780360221863
  landing: 0.8980777226388454
  view-data: 3.369607787579298
