times:
  edit-metadata: 0.7669139159843326
  landing: 0.1168866790831089
  view-data: 0.35525102890096605
