times:
  edit-metadata: 0.7694744542241096
  landing: 0.5561709031462669
  view-data: 0.21816638112068176
