times:
  edit-metadata: 1.3444315269589424
  landing: 0.9661125019192696
  view-data: 3.3311494439840317
