times:
  edit-metadata: 1.9114965163171291
  landing: 0.021089212968945503
  view-data: 0.1853270549327135
