times:
  edit-metadata: 1.744834402576089
  landing: 0.2947892975062132
  view-data: 0.024321455508470535
