times:
  edit-metadata: 0.765398520976305
  landing: 0.042772162705659866
  view-data: 0.22262506186962128
