times:
  landing: 0.548487759000011
  view-data: 0.5488389440000105
