times:
  edit-metadata: 0.8032967280596495
  landing: 0.0504390150308609
  view-data: 0.19603339000605047
