times:
  edit-metadata: 0.636777653824538
  landing: 0.04501104401424527
  view-data: 0.22007496585138142
