times:
  edit-metadata: 1.4766333419829607
  landing: 0.833045719191432
  view-data: 3.3234113175421953
