times:
  edit-metadata: 1.144352037459612
  landing: 0.04427943378686905
  view-data: 0.2076183333992958
