times:
  edit-metadata: 0.8008012539939955
  landing: 0.04227564198663458
  view-data: 0.21071175500401296
