times:
  edit-metadata: 0.6365457689389586
  landing: 0.059821483911946416
  view-data: 0.23363550193607807
