times:
  edit-metadata: 1.644538901746273
  landing: 0.9344766344875097
  view-data: 3.325127987191081
