times:
  edit-metadata: 1.4024848267436028
  landing: 0.8706473559141159
  view-data: 3.3820249661803246
