times:
  landing: 1.0817578169999251
  view-data: 0.5518214330004412
