times:
  edit-metadata: 1.399833183735609
  landing: 0.06141121685504913
  view-data: 0.22772232070565224
