times:
  edit-metadata: 1.5738882757723331
  landing: 0.9831523224711418
  view-data: 3.3153800573199987
