times:
  edit-metadata: 1.3297010753303766
  landing: 0.7530660405755043
  view-data: 3.25703645683825
