times:
  edit-metadata: 1.54030476603657
  landing: 0.021333836019039154
  view-data: 0.02353472262620926
