times:
  edit-metadata: 2.076795533299446
  landing: 0.19099322333931923
  view-data: 0.3322376161813736
