times:
  edit-metadata: 1.3880269639194012
  landing: 0.970739096403122
  view-data: 3.3458704575896263
