times:
  edit-metadata: 0.65845682984218
  landing: 0.04574252013117075
  view-data: 0.21007171366363764
