times:
  edit-metadata: 0.6088232728652656
  landing: 0.07724137604236603
  view-data: 0.24264917010441422
