times:
  edit-metadata: 1.6043179407715797
  landing: 0.2157361377030611
  view-data: 0.027127407491207123
