times:
  edit-metadata: 1.3726229323074222
  landing: 0.8820735840126872
  view-data: 3.4408232932910323
