times:
  edit-metadata: 0.6163340080529451
  landing: 1.266463914886117
  view-data: 0.41235168650746346
