times:
  edit-metadata: 2.1959161572158337
  landing: 1.4718536455184221
  view-data: 3.786409856751561
