times:
  edit-metadata: 1.5284967375919223
  landing: 0.021577890031039715
  view-data: 0.4443092066794634
