times:
  edit-metadata: 0.6493103196844459
  landing: 0.04207597207278013
  view-data: 0.20733487512916327
