times:
  edit-metadata: 0.7020051499130204
  landing: 0.08083693904336542
  view-data: 0.26513038494158536
