times:
  edit-metadata: 0.6649918756447732
  landing: 0.04765777289867401
  view-data: 0.2034282088279724
