times:
  landing: 1.0940426239999965
  view-data: 0.5589891729999863
