times:
  edit-metadata: 0.6321521708741784
  landing: 0.04121968476101756
  view-data: 0.21222585812211037
