times:
  edit-metadata: 0.6960629662498832
  landing: 0.042615225072950125
  view-data: 0.20610597683116794
