times:
  edit-metadata: 2.6410337993875146
  landing: 1.4647806957364082
  view-data: 3.488221960142255
