times:
  edit-metadata: 0.7967413610022049
  landing: 0.06778361200122163
  view-data: 0.22700748400529847
