times:
  edit-metadata: 1.6617865096777678
  landing: 0.05156605690717697
  view-data: 0.12101392075419426
