times:
  edit-metadata: 1.5963010117411613
  landing: 0.021353808231651783
  view-data: 0.11819704622030258
