times:
  edit-metadata: 1.115668624639511
  landing: 0.5407953280955553
  view-data: 0.20936009101569653
