times:
  edit-metadata: 0.6513501163572073
  landing: 0.041898926720023155
  view-data: 0.2083212728612125
