times:
  edit-metadata: 0.7244419739581645
  landing: 0.04290001420304179
  view-data: 0.19972245208919048
