times:
  landing: 0.5538745690000155
  view-data: 0.5633895880000068
