times:
  edit-metadata: 0.6330502107739449
  landing: 0.0454544210806489
  view-data: 0.22513793874531984
