times:
  landing: 0.5416372749999709
  view-data: 0.5416929459998983
