times:
  edit-metadata: 0.7328596320003271
  landing: 0.04175118205603212
  view-data: 0.20250569900963455
