times:
  edit-metadata: 0.6673959180479869
  landing: 0.08527592499740422
  view-data: 0.22625088004861027
