times:
  edit-metadata: 0.6059481580159627
  landing: 0.07900470599997789
  view-data: 0.23005114501575008
