times:
  edit-metadata: 1.5089401183649898
  landing: 0.23450285755097866
  view-data: 0.39262750651687384
