times:
  edit-metadata: 0.48719264997635037
  landing: 0.07963318895781413
  view-data: 0.22993523598415777
