times:
  edit-metadata: 2.1821663603186607
  landing: 4.251242637634277
  view-data: 3.55136464163661
