times:
  edit-metadata: 1.2281411699950695
  landing: 0.020166701637208462
  view-data: 0.02729774359613657
