times:
  edit-metadata: 2.2779868487268686
  landing: 1.381008510477841
  view-data: 3.3148834239691496
