times:
  edit-metadata: 0.5812418528366834
  landing: 0.0926023640204221
  view-data: 0.1975942119024694
