times:
  edit-metadata: 1.3113193856552243
  landing: 0.04418351035565138
  view-data: 0.5755901988595724
