times:
  edit-metadata: 1.2220915909856558
  landing: 0.10681472532451153
  view-data: 0.02624776680022478
