times:
  edit-metadata: 1.3556447178125381
  landing: 0.22830571606755257
  view-data: 0.025403089821338654
