times:
  edit-metadata: 1.9588302318006754
  landing: 0.9542005639523268
  view-data: 3.632631339132786
