times:
  edit-metadata: 1.475272860378027
  landing: 0.7744238004088402
  view-data: 3.348345195874572
