times:
  edit-metadata: 0.39511995000066236
  landing: 0.043621313001494855
  view-data: 0.19678775902139023
