times:
  edit-metadata: 0.41670864215120673
  landing: 0.04054561699740589
  view-data: 0.1939035370014608
