times:
  edit-metadata: 1.4135190304368734
  landing: 0.8327825646847486
  view-data: 3.4133717073127627
