times:
  edit-metadata: 1.2714606365188956
  landing: 0.11368163954466581
  view-data: 0.40042038913816214
