times:
  edit-metadata: 0.4230801360681653
  landing: 0.05393792409449816
  view-data: 0.1973902639001608
