times:
  edit-metadata: 1.6101695355027914
  landing: 0.4164469875395298
  view-data: 0.1887469608336687
