times:
  edit-metadata: 0.40823492500931025
  landing: 0.043628592044115067
  view-data: 0.1894749109633267
