times:
  edit-metadata: 1.9905474558472633
  landing: 2.7587183695286512
  view-data: 4.1210014298558235
