times:
  edit-metadata: 1.237102217040956
  landing: 0.020438051782548428
  view-data: 0.4050899539142847
