times:
  edit-metadata: 1.3815206587314606
  landing: 0.19565996155142784
  view-data: 0.02454765886068344
