times:
  edit-metadata: 0.42329489602707326
  landing: 0.0361243630759418
  view-data: 0.1935404270188883
