times:
  edit-metadata: 1.879855401813984
  landing: 0.7999285906553268
  view-data: 3.766394905745983
