times:
  edit-metadata: 1.8122167401015759
  landing: 0.7723403722047806
  view-data: 3.6695436630398035
