times:
  edit-metadata: 0.4173759981058538
  landing: 0.03979502711445093
  view-data: 0.1915152338333428
