times:
  edit-metadata: 1.4699865318834782
  landing: 1.0416463315486908
  view-data: 3.4878106229007244
