times:
  edit-metadata: 1.881178917363286
  landing: 0.8590354435145855
  view-data: 3.2997059179469943
