times:
  edit-metadata: 1.2484648348763585
  landing: 0.022338650189340115
  view-data: 0.12337718345224857
