times:
  edit-metadata: 0.43073915876448154
  landing: 0.04424501722678542
  view-data: 0.18252629274502397
