times:
  edit-metadata: 1.3512166840955615
  landing: 0.9007350030587986
  view-data: 3.4260119730606675
