times:
  edit-metadata: 2.2006185613572598
  landing: 1.560813657939434
  view-data: 3.566934697329998
