times:
  edit-metadata: 1.7074046153575182
  landing: 0.7943485230207443
  view-data: 3.35105231590569
