times:
  edit-metadata: 0.42360081896185875
  landing: 0.04283680999651551
  view-data: 0.19127787399338558
