times:
  edit-metadata: 1.3454258488491178
  landing: 0.021931168623268604
  view-data: 0.4263604376465082
