times:
  edit-metadata: 1.524409793317318
  landing: 0.7039818726480007
  view-data: 3.3468472473323345
