times:
  edit-metadata: 0.5994785390794277
  landing: 0.048700716346502304
  view-data: 0.19337371736764908
