times:
  edit-metadata: 1.4208493195474148
  landing: 0.0216925460845232
  view-data: 0.3275972958654165
