times:
  edit-metadata: 1.526150643825531
  landing: 0.41336820647120476
  view-data: 0.3291999828070402
