times:
  edit-metadata: 1.2392496450338513
  landing: 0.7526128949830309
  view-data: 3.3427931910846382
