times:
  edit-metadata: 1.3546147421002388
  landing: 0.9614897035062313
  view-data: 3.4156836085021496
