times:
  edit-metadata: 0.4160162729967851
  landing: 0.043839013000251725
  view-data: 0.19871168499230407
