times:
  edit-metadata: 1.2248763600364327
  landing: 0.09813902899622917
  view-data: 0.1074024373665452
