times:
  edit-metadata: 0.41208224406000227
  landing: 0.040823903982527554
  view-data: 0.19717012799810618
