times:
  edit-metadata: 0.6619257018901408
  landing: 0.049893058836460114
  view-data: 0.331414639018476
