times:
  edit-metadata: 0.4001536061987281
  landing: 0.05047963000833988
  view-data: 0.18595673516392708
