times:
  edit-metadata: 1.2270289901643991
  landing: 0.020969758741557598
  view-data: 0.09794349037110806
