times:
  edit-metadata: 1.4527414422482252
  landing: 0.9496077396906912
  view-data: 3.4444239889271557
