times:
  edit-metadata: 0.3592369999969378
  landing: 0.04379037400940433
  view-data: 0.1957763279788196
