times:
  edit-metadata: 1.2204469973221421
  landing: 0.12948268093168736
  view-data: 0.11974040418863297
