times:
  edit-metadata: 1.3989876676350832
  landing: 0.12182165682315826
  view-data: 0.2863986361771822
