times:
  edit-metadata: 2.3598349317908287
  landing: 1.0696901362389326
  view-data: 3.505645776167512
