times:
  edit-metadata: 0.40084946993738413
  landing: 0.046482739970088005
  view-data: 0.1903652991168201
