times:
  edit-metadata: 0.38543953699991107
  landing: 0.05272721394430846
  view-data: 0.18108545301947743
