times:
  edit-metadata: 0.4151702029630542
  landing: 0.043894987960811704
  view-data: 0.1949898370075971
