times:
  edit-metadata: 1.671967577189207
  landing: 0.25093885138630867
  view-data: 0.16218362748622894
