times:
  edit-metadata: 1.4232251830399036
  landing: 0.9090383830480278
  view-data: 3.3411188567988575
