times:
  edit-metadata: 0.429514782037586
  landing: 0.05633306712843478
  view-data: 0.19174946984276175
