times:
  edit-metadata: 1.2390941679477692
  landing: 0.12034884560853243
  view-data: 0.02696465328335762
