times:
  edit-metadata: 1.2271996224299073
  landing: 0.024628331884741783
  view-data: 0.10196508839726448
