times:
  edit-metadata: 1.4952196553349495
  landing: 0.8275947272777557
  view-data: 3.395218413323164
