times:
  edit-metadata: 2.6912277564406395
  landing: 1.5723445359617472
  view-data: 3.743661090731621
