times:
  edit-metadata: 0.38770953193306923
  landing: 0.04482013592496514
  view-data: 0.19736094120889902
