times:
  edit-metadata: 1.4373701389413327
  landing: 0.6763989471364766
  view-data: 3.2862548499833792
