times:
  edit-metadata: 3.5610793475061655
  landing: 2.0143814608454704
  view-data: 4.222626611590385
