times:
  edit-metadata: 0.4514382900088094
  landing: 0.0804619449772872
  view-data: 0.20994231797521934
