times:
  edit-metadata: 1.3090405631810427
  landing: 0.11386733129620552
  view-data: 0.02862302027642727
