times:
  edit-metadata: 1.2697816183790565
  landing: 0.021876808255910873
  view-data: 0.12054258212447166
