times:
  edit-metadata: 0.5575339370116126
  landing: 0.1077897600189317
  view-data: 0.24280314898351207
