times:
  edit-metadata: 1.5021124593913555
  landing: 0.9762673228979111
  view-data: 3.380752492696047
