times:
  edit-metadata: 0.46224938286468387
  landing: 0.09986592130735517
  view-data: 0.25921821827068925
