times:
  edit-metadata: 0.4725241167470813
  landing: 0.07351566525176167
  view-data: 0.21758751897141337
