times:
  edit-metadata: 2.1327089685946703
  landing: 0.29128892719745636
  view-data: 0.1582568734884262
