times:
  edit-metadata: 3.1977138109505177
  landing: 1.7401809617877007
  view-data: 3.3899519108235836
