times:
  edit-metadata: 3.3694426752626896
  landing: 1.8010003454983234
  view-data: 3.8327786065638065
