times:
  edit-metadata: 0.47386155906133354
  landing: 0.09563445998355746
  view-data: 0.3704074979759753
