times:
  edit-metadata: 1.4100969722494483
  landing: 0.8821062874048948
  view-data: 3.330549863167107
