times:
  edit-metadata: 1.2286650342866778
  landing: 0.020175563171505928
  view-data: 0.12033270206302404
