times:
  edit-metadata: 1.2579658590257168
  landing: 0.020205119624733925
  view-data: 0.028948824852705002
