times:
  edit-metadata: 1.3129140762612224
  landing: 0.022828192450106144
  view-data: 0.025583363138139248
