times:
  edit-metadata: 0.3913466869853437
  landing: 0.04870294081047177
  view-data: 0.18122724164277315
