times:
  edit-metadata: 0.4186813272535801
  landing: 0.04715383145958185
  view-data: 0.21169420331716537
