times:
  edit-metadata: 1.499789396300912
  landing: 0.7100423946976662
  view-data: 3.397706652060151
