times:
  edit-metadata: 1.4498857595026493
  landing: 0.12584696523845196
  view-data: 0.5936214458197355
