times:
  edit-metadata: 1.8357573729008436
  landing: 0.7028756197541952
  view-data: 3.3850047178566456
