times:
  edit-metadata: 1.5373074375092983
  landing: 1.0375771448016167
  view-data: 3.3325199373066425
