times:
  edit-metadata: 0.47125205723568797
  landing: 0.07453281711786985
  view-data: 0.2309556631371379
