times:
  edit-metadata: 1.5243843980133533
  landing: 0.03115740790963173
  view-data: 0.358585137873888
