times:
  edit-metadata: 2.5267812367528677
  landing: 1.1842366345226765
  view-data: 3.762371862307191
