times:
  edit-metadata: 0.4822680549696088
  landing: 0.07005277229472995
  view-data: 0.28586625680327415
