times:
  edit-metadata: 1.4929356575012207
  landing: 0.8861022442579269
  view-data: 3.4080964140594006
