times:
  edit-metadata: 1.4065624023787677
  landing: 1.1220992500893772
  view-data: 3.364196287933737
