times:
  edit-metadata: 0.4101454750052653
  landing: 0.050960563006810844
  view-data: 0.1963076429674402
