times:
  edit-metadata: 1.4564570467919111
  landing: 0.7779453257098794
  view-data: 3.331008213572204
