times:
  edit-metadata: 0.472998813027516
  landing: 0.062272384064272046
  view-data: 0.21459816512651742
