times:
  edit-metadata: 1.4064821861684322
  landing: 0.14157990738749504
  view-data: 0.31803213618695736
