times:
  edit-metadata: 1.2363418331369758
  landing: 0.12982501834630966
  view-data: 0.024402637965977192
