times:
  edit-metadata: 1.2428144589066505
  landing: 0.11477447487413883
  view-data: 0.21772864181548357
