times:
  edit-metadata: 1.2283710539340973
  landing: 0.022004958242177963
  view-data: 0.09987794142216444
