times:
  edit-metadata: 1.4970749272033572
  landing: 0.8277721293270588
  view-data: 3.381870604120195
