times:
  edit-metadata: 0.4065440879203379
  landing: 0.041990271769464016
  view-data: 0.20696977712213993
