times:
  edit-metadata: 1.2513587353751063
  landing: 0.02143928036093712
  view-data: 0.12107401620596647
