times:
  edit-metadata: 1.2215024195611477
  landing: 0.023224580101668835
  view-data: 0.02502178866416216
