times:
  edit-metadata: 0.6472653659984644
  landing: 0.052797147996898275
  view-data: 0.19583440700080246
