times:
  edit-metadata: 1.504615968093276
  landing: 0.8976831939071417
  view-data: 3.406580278649926
