times:
  edit-metadata: 1.3200879506766796
  landing: 0.019466686993837357
  view-data: 0.32509850338101387
