times:
  edit-metadata: 0.4004125540377572
  landing: 0.048820466035977006
  view-data: 0.19227474590297788
