times:
  edit-metadata: 0.4362874160287902
  landing: 0.06287098408211023
  view-data: 0.21286229602992535
