times:
  edit-metadata: 1.5113616026937962
  landing: 0.7347655296325684
  view-data: 3.572090830653906
