times:
  edit-metadata: 2.223933517932892
  landing: 1.2657882012426853
  view-data: 3.3929388895630836
