times:
  edit-metadata: 0.3993972693569958
  landing: 0.04054177785292268
  view-data: 0.19998976914212108
