times:
  edit-metadata: 1.4583336971700191
  landing: 0.8047038931399584
  view-data: 3.3452188298106194
