times:
  edit-metadata: 0.3997499800170772
  landing: 0.04791841801488772
  view-data: 0.1937440180045087
