times:
  edit-metadata: 1.466966189444065
  landing: 0.8364998735487461
  view-data: 3.4001805931329727
