times:
  edit-metadata: 0.6067549451254308
  landing: 0.09888239996507764
  view-data: 0.20365376118570566
