times:
  edit-metadata: 1.3807392287999392
  landing: 0.9073863308876753
  view-data: 3.3303509149700403
