times:
  edit-metadata: 0.37403512513265014
  landing: 0.040652460884302855
  view-data: 0.20027558086439967
