times:
  edit-metadata: 0.42626863485202193
  landing: 0.04061642428860068
  view-data: 0.19916384387761354
