times:
  edit-metadata: 1.560169031843543
  landing: 0.8664250038564205
  view-data: 3.4260661732405424
