times:
  edit-metadata: 2.052893452346325
  landing: 0.8837320823222399
  view-data: 3.594740876927972
