times:
  edit-metadata: 1.5636267680674791
  landing: 0.863683894276619
  view-data: 3.4775697886943817
