times:
  edit-metadata: 1.219521451741457
  landing: 0.01898951083421707
  view-data: 0.12091624550521374
