times:
  edit-metadata: 1.3157581398263574
  landing: 0.783316383138299
  view-data: 3.3624465288594365
