times:
  edit-metadata: 1.3932290226221085
  landing: 0.12531017139554024
  view-data: 0.352973273023963
