times:
  edit-metadata: 1.5183651261031628
  landing: 0.9047102723270655
  view-data: 3.4117435589432716
