times:
  edit-metadata: 0.42035314813256264
  landing: 0.051774026826024055
  view-data: 0.19858092535287142
