times:
  edit-metadata: 0.392473089043051
  landing: 0.05310114799067378
  view-data: 0.19147649919614196
