times:
  edit-metadata: 0.4642656077630818
  landing: 0.0784073849208653
  view-data: 0.20800535380840302
