times:
  edit-metadata: 0.403714730986394
  landing: 0.035967319970950484
  view-data: 0.19325696397572756
