times:
  edit-metadata: 1.2148342290893197
  landing: 0.02220495417714119
  view-data: 0.025759919546544552
