times:
  edit-metadata: 1.3194596264511347
  landing: 0.020891690626740456
  view-data: 0.25833683274686337
