times:
  edit-metadata: 1.2240659445524216
  landing: 0.022059434093534946
  view-data: 0.02644612453877926
