times:
  edit-metadata: 1.4275282940361649
  landing: 0.7738251020200551
  view-data: 3.3337191741447896
