times:
  edit-metadata: 1.2373921778053045
  landing: 0.02057319413870573
  view-data: 0.026484543457627296
