times:
  edit-metadata: 1.3923026472330093
  landing: 0.023716703057289124
  view-data: 0.025159114971756935
