times:
  edit-metadata: 0.4115881808102131
  landing: 0.04752776026725769
  view-data: 0.2013673922047019
