times:
  edit-metadata: 1.868577130138874
  landing: 1.0950010195374489
  view-data: 3.505160503089428
