times:
  edit-metadata: 1.260153611190617
  landing: 0.13857268914580345
  view-data: 0.4221526477485895
