times:
  edit-metadata: 0.38323248201049864
  landing: 0.04618988395668566
  view-data: 0.17974764597602189
