times:
  edit-metadata: 1.3831666875630617
  landing: 0.616350194439292
  view-data: 3.3040557503700256
