times:
  edit-metadata: 1.42956031113863
  landing: 0.7788752056658268
  view-data: 3.350644794292748
