times:
  edit-metadata: 1.4486415917053819
  landing: 0.8476181449368596
  view-data: 3.4589667543768883
