times:
  edit-metadata: 0.3755969828926027
  landing: 0.04136417782865465
  view-data: 0.19335982506163418
