times:
  edit-metadata: 2.1917841620743275
  landing: 1.3275239281356335
  view-data: 3.497858554124832
