times:
  edit-metadata: 0.68842870707158
  landing: 0.07132817793171853
  view-data: 0.20961017103400081
