times:
  edit-metadata: 1.4275177456438541
  landing: 0.2769436314702034
  view-data: 0.3760905247181654
