times:
  edit-metadata: 1.2956487499177456
  landing: 0.01962999626994133
  view-data: 0.025205232203006744
