times:
  edit-metadata: 1.4040871746838093
  landing: 0.7433632649481297
  view-data: 3.4030409529805183
