times:
  edit-metadata: 1.2534916512668133
  landing: 0.19290085416287184
  view-data: 0.12697166949510574
