times:
  edit-metadata: 0.39448682498186827
  landing: 0.041668009012937546
  view-data: 0.1875494229607284
