times:
  edit-metadata: 0.39521286892704666
  landing: 0.043640806106850505
  view-data: 0.19026938895694911
