times:
  edit-metadata: 3.6048351116478443
  landing: 1.5961527414619923
  view-data: 3.7384702544659376
