times:
  edit-metadata: 2.0270027704536915
  landing: 1.1071135476231575
  view-data: 3.359379790723324
