times:
  edit-metadata: 1.4995013438165188
  landing: 0.9889228604733944
  view-data: 3.3254804015159607
