times:
  edit-metadata: 0.4494297640048899
  landing: 0.06709460899583064
  view-data: 0.2073869059968274
