times:
  edit-metadata: 1.9680091831833124
  landing: 0.6429151184856892
  view-data: 3.4665251206606627
