times:
  edit-metadata: 0.4174883780069649
  landing: 0.04039186693262309
  view-data: 0.19340371002908796
