times:
  edit-metadata: 1.527644483372569
  landing: 0.8718154765665531
  view-data: 3.447257099673152
