times:
  edit-metadata: 1.296994625008665
  landing: 0.8246911049354821
  view-data: 3.3395187470596284
