times:
  edit-metadata: 0.4755051199972513
  landing: 0.07749583800614346
  view-data: 0.23113382400333649
