times:
  edit-metadata: 1.261132586747408
  landing: 0.021496359258890152
  view-data: 0.10450087301433086
