times:
  edit-metadata: 1.9381121061742306
  landing: 0.8822104595601559
  view-data: 3.446272922679782
