times:
  edit-metadata: 1.4946040585637093
  landing: 1.0732032433152199
  view-data: 3.3522112779319286
