times:
  edit-metadata: 1.4963158965110779
  landing: 0.7654431164264679
  view-data: 3.4465142153203487
