times:
  edit-metadata: 1.1971419313922524
  landing: 0.11194700095802546
  view-data: 0.11380237434059381
