times:
  edit-metadata: 0.4988367280457169
  landing: 0.05226701614446938
  view-data: 0.2092549300286919
