times:
  edit-metadata: 0.4913063650019467
  landing: 0.07150701602222398
  view-data: 0.21049530399614014
