times:
  edit-metadata: 1.7593746446073055
  landing: 0.021653983741998672
  view-data: 0.47832266986370087
