times:
  edit-metadata: 1.5246762558817863
  landing: 0.8422555066645145
  view-data: 3.3681082911789417
