times:
  edit-metadata: 1.5481153037399054
  landing: 0.8430887423455715
  view-data: 3.405495448037982
