times:
  edit-metadata: 1.5957453548908234
  landing: 1.2202603369951248
  view-data: 3.434965632855892
