times:
  edit-metadata: 0.5532409810111858
  landing: 0.16430584297631867
  view-data: 0.249534645001404
