times:
  edit-metadata: 1.266644119285047
  landing: 0.020301049575209618
  view-data: 0.12224959582090378
