times:
  edit-metadata: 0.38424646900966763
  landing: 0.04174483381211758
  view-data: 0.19273306475952268
