times:
  edit-metadata: 1.6668591713532805
  landing: 0.9875737112015486
  view-data: 3.6391474260017276
