times:
  edit-metadata: 0.40288823196897283
  landing: 0.0522911119624041
  view-data: 0.18648832401959226
