times:
  edit-metadata: 0.5092456159181893
  landing: 0.054080237983725965
  view-data: 0.21104148600716144
