times:
  edit-metadata: 1.6604873165488243
  landing: 0.24098092317581177
  view-data: 0.15141389332711697
