times:
  edit-metadata: 0.6346716210246086
  landing: 0.044401925057172775
  view-data: 0.19090284779667854
