times:
  edit-metadata: 1.5454523721709847
  landing: 0.8659680550917983
  view-data: 3.375699839554727
