times:
  edit-metadata: 0.5162393770297058
  landing: 0.058224417036399245
  view-data: 0.2218906229827553
