times:
  edit-metadata: 1.2919448288157582
  landing: 0.10719635244458914
  view-data: 0.3996635926887393
