times:
  edit-metadata: 1.5464161671698093
  landing: 0.9005196578800678
  view-data: 3.4606694728136063
