times:
  edit-metadata: 2.4294930156320333
  landing: 1.5672688782215118
  view-data: 3.7597217075526714
