times:
  edit-metadata: 2.5593340303748846
  landing: 1.1946473941206932
  view-data: 3.366861766204238
