times:
  edit-metadata: 2.9134275801479816
  landing: 1.7694954052567482
  view-data: 3.3644744977355003
