times:
  edit-metadata: 0.4085322190076113
  landing: 0.048355722799897194
  view-data: 0.1933673550374806
