times:
  edit-metadata: 0.4310334287583828
  landing: 0.041786602698266506
  view-data: 0.19340569153428078
