times:
  edit-metadata: 1.6263985228724778
  landing: 0.8771996833384037
  view-data: 3.2907447339966893
