times:
  edit-metadata: 1.3965676072984934
  landing: 0.6701731085777283
  view-data: 3.3710068184882402
