times:
  edit-metadata: 1.2060650680214167
  landing: 0.01991894468665123
  view-data: 0.023798041976988316
