times:
  edit-metadata: 0.4728713040240109
  landing: 0.05928999371826649
  view-data: 0.2095601879991591
