times:
  edit-metadata: 1.3797261398285627
  landing: 0.022306760773062706
  view-data: 0.027165303006768227
