times:
  edit-metadata: 1.6050537787377834
  landing: 0.8899164348840714
  view-data: 3.4283935837447643
