times:
  edit-metadata: 1.337584326043725
  landing: 0.017691899091005325
  view-data: 0.1301756612956524
