times:
  edit-metadata: 1.2194665940478444
  landing: 0.020789850503206253
  view-data: 0.022605808451771736
