times:
  edit-metadata: 1.4330169740132987
  landing: 0.7936978321522474
  view-data: 3.38361330376938
