times:
  edit-metadata: 1.2315236320719123
  landing: 0.018901764415204525
  view-data: 0.028077205643057823
