times:
  edit-metadata: 1.249140938743949
  landing: 0.022215673699975014
  view-data: 0.12375598587095737
