times:
  edit-metadata: 1.4667252860963345
  landing: 0.8484831750392914
  view-data: 3.303984273225069
