times:
  edit-metadata: 0.4628953570500016
  landing: 0.0750847109593451
  view-data: 0.21338393911719322
