times:
  edit-metadata: 0.378430716926232
  landing: 0.04349999804981053
  view-data: 0.19292758381925523
