times:
  edit-metadata: 1.514570808969438
  landing: 0.7415527505800128
  view-data: 3.368014417588711
