times:
  edit-metadata: 0.41469082282856107
  landing: 0.10095105692744255
  view-data: 0.23859387123957276
