times:
  edit-metadata: 0.42860170314088464
  landing: 0.05546311382204294
  view-data: 0.2470456208102405
