times:
  edit-metadata: 0.4043483091518283
  landing: 0.04090830497443676
  view-data: 0.19306243676692247
