times:
  edit-metadata: 0.564353666966781
  landing: 0.08384537597885355
  view-data: 0.24988197296625003
