times:
  edit-metadata: 0.45486416295170784
  landing: 0.07706610602326691
  view-data: 0.21359512396156788
