times:
  edit-metadata: 0.4985623580869287
  landing: 0.054579097079113126
  view-data: 0.2182395129930228
