times:
  edit-metadata: 1.3603989072144032
  landing: 0.020867016166448593
  view-data: 0.12947502546012402
