times:
  edit-metadata: 0.4434632468037307
  landing: 0.06276507303118706
  view-data: 0.20961316535249352
