times:
  edit-metadata: 1.3116464614868164
  landing: 0.1318163089454174
  view-data: 0.277518168091774
