times:
  edit-metadata: 1.49514716793783
  landing: 0.8168064900673926
  view-data: 3.422255370998755
