times:
  edit-metadata: 0.43207269394770265
  landing: 0.04652611818164587
  view-data: 0.19588855793699622
