times:
  edit-metadata: 1.2521022455766797
  landing: 0.151562275364995
  view-data: 0.12522323615849018
