times:
  edit-metadata: 0.40985265700146556
  landing: 0.039761177729815245
  view-data: 0.19513003807514906
