times:
  edit-metadata: 0.4725474980659783
  landing: 0.1639486951753497
  view-data: 0.30390799092128873
