times:
  edit-metadata: 0.40930378437042236
  landing: 0.046804206911474466
  view-data: 0.19795096619054675
