times:
  edit-metadata: 0.8953205069992691
  landing: 0.10356077807955444
  view-data: 0.2339942678809166
