times:
  edit-metadata: 0.4071237109892536
  landing: 0.04946325899800286
  view-data: 0.19322702899808064
