times:
  edit-metadata: 3.7313401317223907
  landing: 2.1725909281522036
  view-data: 4.078696719370782
