times:
  edit-metadata: 1.2529315128922462
  landing: 0.0193881094455719
  view-data: 0.024891573004424572
