times:
  edit-metadata: 1.482575754984282
  landing: 0.8123830700060353
  view-data: 3.360244604991749
