times:
  edit-metadata: 0.4957115179859102
  landing: 0.04908918705768883
  view-data: 0.18825616408139467
