times:
  edit-metadata: 1.2343485122546554
  landing: 0.024675952270627022
  view-data: 0.0271671200171113
