times:
  edit-metadata: 0.39162123296409845
  landing: 0.04611017322167754
  view-data: 0.18937503406777978
