times:
  edit-metadata: 1.3335962193086743
  landing: 0.1806282438337803
  view-data: 0.26172336377203465
