times:
  edit-metadata: 1.3851531222462654
  landing: 0.022047055885195732
  view-data: 0.02831447497010231
