times:
  edit-metadata: 0.40739058796316385
  landing: 0.03764894139021635
  view-data: 0.19102498097345233
