times:
  edit-metadata: 1.5297950431704521
  landing: 0.9647787921130657
  view-data: 3.432975862175226
