times:
  edit-metadata: 0.42552570199768525
  landing: 0.04259241100226063
  view-data: 0.19426357300835662
