times:
  edit-metadata: 1.292140631005168
  landing: 0.22650295495986938
  view-data: 0.23565308935940266
