times:
  edit-metadata: 1.2640158403664827
  landing: 0.02357975859194994
  view-data: 0.09999291971325874
