times:
  edit-metadata: 1.578635387122631
  landing: 0.9772388450801373
  view-data: 3.3802252635359764
