times:
  edit-metadata: 0.4265918917953968
  landing: 0.04247464193031192
  view-data: 0.19482434797100723
