times:
  edit-metadata: 0.3991891033947468
  landing: 0.05195670109242201
  view-data: 0.19627433083951473
