times:
  edit-metadata: 0.46069183701183647
  landing: 0.09032796090468764
  view-data: 0.20806463807821274
