times:
  edit-metadata: 0.4727939629810862
  landing: 0.07559079700149596
  view-data: 0.20722033904166892
