times:
  edit-metadata: 0.5461797451134771
  landing: 0.06448703003115952
  view-data: 0.19648503698408604
