times:
  edit-metadata: 1.385585566982627
  landing: 0.0196938868612051
  view-data: 0.3226465843617916
