times:
  edit-metadata: 1.4414724388625473
  landing: 0.7341007720679045
  view-data: 3.3345027128234506
