times:
  edit-metadata: 0.40129251999314874
  landing: 0.04308516101446003
  view-data: 0.19615952298045158
