times:
  edit-metadata: 0.440928996540606
  landing: 0.04804126173257828
  view-data: 0.2049552258104086
