times:
  edit-metadata: 0.5642417427152395
  landing: 0.0706349927932024
  view-data: 0.21893244795501232
