times:
  edit-metadata: 0.4083944740705192
  landing: 0.05388478096574545
  view-data: 0.19164552493020892
