times:
  edit-metadata: 1.4946367386728525
  landing: 0.7875881362706423
  view-data: 3.4101772364228964
