times:
  edit-metadata: 0.4823887590318918
  landing: 0.06791988620534539
  view-data: 0.21872333204373717
