times:
  edit-metadata: 1.2883302317932248
  landing: 0.02181686833500862
  view-data: 0.11975005362182856
