times:
  edit-metadata: 1.3747615069150925
  landing: 0.020510153844952583
  view-data: 0.02702901139855385
