times:
  edit-metadata: 1.401145267067477
  landing: 0.8783288788981736
  view-data: 3.3277467971201986
