times:
  edit-metadata: 1.4880442135035992
  landing: 0.9057787731289864
  view-data: 3.4281684160232544
