times:
  edit-metadata: 1.3236782550811768
  landing: 0.18379686400294304
  view-data: 0.27865979075431824
