times:
  edit-metadata: 1.3512699734419584
  landing: 0.2023127470165491
  view-data: 0.3622472248971462
