times:
  edit-metadata: 0.3931880888994783
  landing: 0.04159502102993429
  view-data: 0.19405699300114065
