times:
  edit-metadata: 0.4736200403422117
  landing: 0.07751907408237457
  view-data: 0.20285322703421116
