times:
  edit-metadata: 1.2602178817614913
  landing: 0.021675250492990017
  view-data: 0.35280679631978273
