times:
  edit-metadata: 1.5157079715281725
  landing: 0.8758222162723541
  view-data: 3.482880972325802
