times:
  edit-metadata: 0.37931352388113737
  landing: 0.04765160009264946
  view-data: 0.19507601903751493
