times:
  edit-metadata: 1.222990421578288
  landing: 0.022021672688424587
  view-data: 0.02676559705287218
