times:
  edit-metadata: 1.2203916795551777
  landing: 0.11327631492167711
  view-data: 0.027217221446335316
