times:
  edit-metadata: 1.4975098483264446
  landing: 0.8404486738145351
  view-data: 3.3587737753987312
