times:
  edit-metadata: 1.533659067004919
  landing: 1.0733824167400599
  view-data: 3.2954660318791866
