times:
  edit-metadata: 0.5020349660189822
  landing: 0.04429302900098264
  view-data: 0.20826369896531105
