times:
  edit-metadata: 0.35791993301245384
  landing: 0.052423201996134594
  view-data: 0.20113069098442793
