times:
  edit-metadata: 0.4127218811772764
  landing: 0.05621464317664504
  view-data: 0.20019954815506935
