times:
  edit-metadata: 1.4881497118622065
  landing: 0.2564720902591944
  view-data: 0.35234964452683926
