times:
  edit-metadata: 0.39517780719324946
  landing: 0.0412429878488183
  view-data: 0.18468623189255595
