times:
  edit-metadata: 0.5063638279971201
  landing: 0.05304722301661968
  view-data: 0.20798271198873408
