times:
  edit-metadata: 0.4575516420882195
  landing: 0.06544259400106966
  view-data: 0.2158569630701095
