times:
  edit-metadata: 1.4205541899427772
  landing: 0.7661162610165775
  view-data: 3.3340752217918634
