times:
  edit-metadata: 1.4430140163749456
  landing: 0.7688485737890005
  view-data: 3.411841442808509
