times:
  edit-metadata: 0.4085516119375825
  landing: 0.039990167832002044
  view-data: 0.18826665286906064
