times:
  edit-metadata: 0.39985321601852775
  landing: 0.050732715986669064
  view-data: 0.20047546224668622
