times:
  edit-metadata: 1.5240819193422794
  landing: 0.6388145517557859
  view-data: 3.3680462762713432
