times:
  edit-metadata: 0.5229126969934441
  landing: 0.05038203299045563
  view-data: 0.21646736905677244
