times:
  edit-metadata: 0.4588886220008135
  landing: 0.0678274561651051
  view-data: 0.20829633809626102
