times:
  edit-metadata: 0.4204585328698158
  landing: 0.03989639459177852
  view-data: 0.2090088501572609
