times:
  edit-metadata: 0.4115846883505583
  landing: 0.04000657331198454
  view-data: 0.19662066083401442
