times:
  edit-metadata: 1.600599205121398
  landing: 0.8999996371567249
  view-data: 3.3610786381177604
