times:
  edit-metadata: 1.702320576645434
  landing: 0.02030372153967619
  view-data: 0.026295188814401627
