times:
  edit-metadata: 1.481807554140687
  landing: 0.21898780763149261
  view-data: 0.314999608322978
