times:
  edit-metadata: 1.3456934001296759
  landing: 0.023817595094442368
  view-data: 0.026757951825857162
