times:
  edit-metadata: 0.4001741437241435
  landing: 0.042662360705435276
  view-data: 0.200901516713202
