times:
  edit-metadata: 1.4157271776348352
  landing: 0.02142828144133091
  view-data: 0.024274474009871483
