times:
  edit-metadata: 2.4293810203671455
  landing: 1.5456506572663784
  view-data: 3.3122490495443344
