times:
  edit-metadata: 0.431848275475204
  landing: 0.03796182293444872
  view-data: 0.19722525868564844
