times:
  edit-metadata: 0.6179631371051073
  landing: 0.07212655618786812
  view-data: 0.2912849844433367
