times:
  edit-metadata: 0.45068369596265256
  landing: 0.06703572400147095
  view-data: 0.23475371999666095
