times:
  edit-metadata: 0.4149698121473193
  landing: 0.04432508535683155
  view-data: 0.20448471885174513
