times:
  edit-metadata: 1.3072094582021236
  landing: 0.16611103992909193
  view-data: 0.2615369064733386
