times:
  edit-metadata: 0.47199494391679764
  landing: 0.0803909688256681
  view-data: 0.21551999310031533
