times:
  edit-metadata: 0.3652862748131156
  landing: 0.07426511077210307
  view-data: 0.1922963303513825
