times:
  edit-metadata: 1.3274591295048594
  landing: 0.021961438469588757
  view-data: 0.1483578449115157
