times:
  edit-metadata: 0.4760570446960628
  landing: 0.06187176704406738
  view-data: 0.2447103480808437
