times:
  edit-metadata: 1.5232693660072982
  landing: 0.7588570270454511
  view-data: 3.339848514064215
