times:
  edit-metadata: 1.9927330892533064
  landing: 0.8359568081796169
  view-data: 3.3901586402207613
