times:
  edit-metadata: 1.3606824660673738
  landing: 0.7319551008986309
  view-data: 3.2992365760728717
