times:
  edit-metadata: 1.412459623068571
  landing: 0.8171471729874611
  view-data: 3.3289030976593494
