times:
  edit-metadata: 0.44739692099392414
  landing: 0.07157108298270032
  view-data: 0.20587814500322565
