times:
  edit-metadata: 0.46976183203514665
  landing: 0.06457252299878746
  view-data: 0.20636064501013607
