times:
  edit-metadata: 1.2447163797914982
  landing: 0.021778639405965805
  view-data: 0.025364713743329048
