times:
  edit-metadata: 0.4967976399930194
  landing: 0.07172623398946598
  view-data: 0.19206356402719393
