times:
  edit-metadata: 2.3057268857955933
  landing: 0.9729310162365437
  view-data: 3.3613358065485954
