times:
  edit-metadata: 0.47412232600618154
  landing: 0.04739224608056247
  view-data: 0.21306375798303634
