times:
  edit-metadata: 1.4940468911081553
  landing: 0.926129562780261
  view-data: 3.4403142482042313
