times:
  edit-metadata: 0.5525703798048198
  landing: 0.10968940192833543
  view-data: 0.26420904230326414
