times:
  edit-metadata: 1.494889230467379
  landing: 0.7816609311848879
  view-data: 3.386148724704981
