times:
  edit-metadata: 1.3469260670244694
  landing: 0.18725419975817204
  view-data: 0.024292778223752975
