times:
  edit-metadata: 1.876583807170391
  landing: 1.1937627233564854
  view-data: 3.5135984383523464
