times:
  edit-metadata: 1.4929446149617434
  landing: 0.9755558967590332
  view-data: 3.39842408336699
