times:
  edit-metadata: 1.356505747884512
  landing: 0.7366748116910458
  view-data: 3.251641310751438
