times:
  edit-metadata: 0.6311174668371677
  landing: 0.042784433811903
  view-data: 0.1987319178879261
