times:
  edit-metadata: 0.49491478502750397
  landing: 0.04971172602381557
  view-data: 0.21379167796112597
