times:
  edit-metadata: 1.3460609950125217
  landing: 0.023326678201556206
  view-data: 0.3515097592025995
