times:
  edit-metadata: 1.467098955065012
  landing: 0.21302821300923824
  view-data: 0.36975000984966755
