times:
  edit-metadata: 1.2343211974948645
  landing: 0.21834914200007915
  view-data: 0.022496365010738373
