times:
  edit-metadata: 1.3881334979087114
  landing: 0.01901859976351261
  view-data: 0.31639581359922886
