times:
  edit-metadata: 0.44584349705837667
  landing: 0.0642065959982574
  view-data: 0.20880183391273022
