times:
  edit-metadata: 0.4280118513852358
  landing: 0.043894863687455654
  view-data: 0.20223536621779203
