times:
  edit-metadata: 0.3921646913513541
  landing: 0.04560913098976016
  view-data: 0.1984255686402321
