times:
  edit-metadata: 0.6673490130342543
  landing: 0.061007409007288516
  view-data: 0.19611507805529982
