times:
  edit-metadata: 2.7468270659446716
  landing: 1.472591396421194
  view-data: 3.4356733337044716
