times:
  edit-metadata: 0.4618980129889678
  landing: 0.06749390499317087
  view-data: 0.21146349699120037
