times:
  edit-metadata: 0.3992389119230211
  landing: 0.03544751321896911
  view-data: 0.18949164310470223
