times:
  edit-metadata: 1.4834369234740734
  landing: 0.7673292811959982
  view-data: 3.314873680472374
