times:
  edit-metadata: 1.547349744476378
  landing: 0.276142954826355
  view-data: 0.345227581448853
