times:
  edit-metadata: 1.2303196834400296
  landing: 0.02190396562218666
  view-data: 0.027477760799229145
