times:
  edit-metadata: 1.297201480716467
  landing: 0.021470007486641407
  view-data: 0.09807294327765703
