times:
  edit-metadata: 0.412173731951043
  landing: 0.05119063798338175
  view-data: 0.19842984899878502
