times:
  edit-metadata: 0.4133622950175777
  landing: 0.04164357902482152
  view-data: 0.1905048789922148
