times:
  edit-metadata: 0.4094956167973578
  landing: 0.03970961505547166
  view-data: 0.18627041298896074
