times:
  edit-metadata: 0.45590457366779447
  landing: 0.06478417664766312
  view-data: 0.2259853007271886
