times:
  edit-metadata: 0.45696533378213644
  landing: 0.0662963897921145
  view-data: 0.2081563021056354
