times:
  edit-metadata: 1.3931552693247795
  landing: 0.02585761435329914
  view-data: 0.02512175962328911
