times:
  edit-metadata: 2.689068105071783
  landing: 1.288369182497263
  view-data: 3.6976663917303085
