times:
  edit-metadata: 2.662520743906498
  landing: 1.382700901478529
  view-data: 3.555239502340555
