times:
  edit-metadata: 1.3305756989866495
  landing: 0.02054629474878311
  view-data: 0.027578502893447876
