times:
  edit-metadata: 1.456946212798357
  landing: 0.3423181511461735
  view-data: 0.15201655216515064
