times:
  edit-metadata: 1.2585002202540636
  landing: 0.11273650638759136
  view-data: 0.2744136592373252
