times:
  edit-metadata: 0.45818680711090565
  landing: 0.06159220589324832
  view-data: 0.20257162395864725
