times:
  edit-metadata: 0.42332988418638706
  landing: 0.04972817935049534
  view-data: 0.19845848996192217
