times:
  edit-metadata: 1.2260662727057934
  landing: 0.02329604420810938
  view-data: 0.025050177238881588
