times:
  edit-metadata: 0.48681826691608876
  landing: 0.05391034297645092
  view-data: 0.21705322992056608
