times:
  edit-metadata: 1.4499251106753945
  landing: 0.7719062836840749
  view-data: 3.346102450042963
