times:
  edit-metadata: 1.3998594658914953
  landing: 0.7855910127982497
  view-data: 3.3702397958841175
