times:
  edit-metadata: 1.4005127490963787
  landing: 0.7867893378715962
  view-data: 3.3991192649118602
