times:
  edit-metadata: 2.497812531888485
  landing: 0.889147374778986
  view-data: 3.7146738953888416
