times:
  edit-metadata: 0.42032321635633707
  landing: 0.03753478778526187
  view-data: 0.19132248777896166
