times:
  edit-metadata: 0.4546777061186731
  landing: 0.06481384299695492
  view-data: 0.22993027814663947
