times:
  edit-metadata: 0.437598361982964
  landing: 0.07021871500182897
  view-data: 0.2172758089727722
