times:
  edit-metadata: 2.9419834092259407
  landing: 1.4538062438368797
  view-data: 3.425743155181408
