times:
  edit-metadata: 0.4590409779921174
  landing: 0.07840934698469937
  view-data: 0.1987692799884826
