times:
  edit-metadata: 1.203500465489924
  landing: 0.02254192903637886
  view-data: 0.02465252112597227
