times:
  edit-metadata: 1.518453475087881
  landing: 0.8285781517624855
  view-data: 3.437220610678196
