times:
  edit-metadata: 0.409334743861109
  landing: 0.0531341671012342
  view-data: 0.19219030486419797
