times:
  edit-metadata: 1.3789313081651926
  landing: 0.13398685678839684
  view-data: 0.14126002974808216
