times:
  edit-metadata: 0.45475576003082097
  landing: 0.06830479088239372
  view-data: 0.35107992915436625
