times:
  edit-metadata: 1.2486188067123294
  landing: 0.019466247409582138
  view-data: 0.1022586477920413
