times:
  edit-metadata: 1.23664016649127
  landing: 0.22544660046696663
  view-data: 0.12742992863059044
