times:
  edit-metadata: 0.4417339959181845
  landing: 0.06683444790542126
  view-data: 0.20261694630607963
