times:
  edit-metadata: 0.39737038780003786
  landing: 0.042596892919391394
  view-data: 0.19035896519199014
