times:
  edit-metadata: 1.3195652347058058
  landing: 0.1542952572926879
  view-data: 0.41128831449896097
