times:
  edit-metadata: 1.6896163299679756
  landing: 0.8942855261266232
  view-data: 3.3601516745984554
