times:
  edit-metadata: 1.2095078183338046
  landing: 0.019841544330120087
  view-data: 0.1166347274556756
