times:
  edit-metadata: 1.4470135048031807
  landing: 0.7935532708652318
  view-data: 3.364415918942541
