times:
  edit-metadata: 0.6279580816626549
  landing: 0.050307244062423706
  view-data: 0.20000175759196281
