times:
  edit-metadata: 1.5174047192558646
  landing: 0.8393676234409213
  view-data: 3.404724163003266
