times:
  edit-metadata: 1.5283143427222967
  landing: 0.16162180714309216
  view-data: 0.14661094173789024
