times:
  edit-metadata: 1.5251536411233246
  landing: 0.7602979768998921
  view-data: 3.344064903911203
