times:
  edit-metadata: 1.5016612373292446
  landing: 0.8622968420386314
  view-data: 3.396423637866974
