times:
  edit-metadata: 1.4960008095949888
  landing: 0.7759428657591343
  view-data: 3.3868531826883554
