times:
  edit-metadata: 0.44973206939175725
  landing: 0.057784810196608305
  view-data: 0.211312020663172
