times:
  edit-metadata: 0.7874772000000121
  landing: 0.11249202599992714
  view-data: 0.2921628829999463
