times:
  edit-metadata: 0.4997185160173103
  landing: 0.06765223399270326
  view-data: 0.21834847098216414
