times:
  edit-metadata: 0.6842897608876228
  landing: 0.0477641224861145
  view-data: 0.2003343142569065
