times:
  edit-metadata: 1.3111259285360575
  landing: 0.11512505263090134
  view-data: 0.02416965179145336
