times:
  edit-metadata: 1.3102552648633718
  landing: 0.021540691144764423
  view-data: 0.4198262644931674
