times:
  edit-metadata: 0.4022167259827256
  landing: 0.042692089919000864
  view-data: 0.18718893313780427
