times:
  edit-metadata: 0.6246384978294373
  landing: 0.04855259507894516
  view-data: 0.19893154129385948
