times:
  edit-metadata: 1.406515872105956
  landing: 0.7550638020038605
  view-data: 3.341507670469582
