times:
  edit-metadata: 3.8246909296140075
  landing: 1.9632989298552275
  view-data: 4.435200813226402
