times:
  edit-metadata: 1.4878776520490646
  landing: 0.8285901006311178
  view-data: 3.3180115297436714
