times:
  edit-metadata: 1.3651613015681505
  landing: 2.8631471414119005
  view-data: 3.329143149778247
