times:
  edit-metadata: 1.2160984883084893
  landing: 0.020878173410892487
  view-data: 0.3832203662022948
