times:
  edit-metadata: 0.49488003901205957
  landing: 0.08718950196634978
  view-data: 0.21949827601201832
