times:
  edit-metadata: 1.478266816586256
  landing: 0.7685838639736176
  view-data: 3.3089467845857143
