times:
  edit-metadata: 1.4184118025004864
  landing: 0.7642186656594276
  view-data: 3.3700812123715878
