times:
  edit-metadata: 0.43353518657386303
  landing: 0.05118229053914547
  view-data: 0.20102791115641594
