times:
  edit-metadata: 1.3871729485690594
  landing: 1.4397679399698973
  view-data: 3.283496530726552
