times:
  edit-metadata: 1.5107201458886266
  landing: 0.8117072582244873
  view-data: 3.3918274687603116
