times:
  edit-metadata: 0.4003291209228337
  landing: 0.050458432640880346
  view-data: 0.19390909699723125
