times:
  edit-metadata: 1.6115291770547628
  landing: 0.8204104136675596
  view-data: 3.4340807143598795
