times:
  edit-metadata: 2.528529505012557
  landing: 0.11317420500563458
  view-data: 0.04228936100844294
