times:
  edit-metadata: 0.4123044670559466
  landing: 0.04258110700175166
  view-data: 0.19502652098890394
