times:
  edit-metadata: 1.46588871255517
  landing: 0.27724164724349976
  view-data: 0.03895621746778488
