times:
  edit-metadata: 1.398629067465663
  landing: 0.1940234862267971
  view-data: 0.16203300282359123
