times:
  edit-metadata: 0.4017338640987873
  landing: 0.04435791354626417
  view-data: 0.185964141972363
