times:
  edit-metadata: 1.5230272263288498
  landing: 0.8478381335735321
  view-data: 3.424225438386202
