times:
  edit-metadata: 0.3790201999945566
  landing: 0.04181983892340213
  view-data: 0.17758868599776179
