times:
  edit-metadata: 1.3610994424670935
  landing: 0.021794361993670464
  view-data: 0.36833604611456394
