times:
  edit-metadata: 1.5379572305828333
  landing: 0.7689271122217178
  view-data: 3.438972644507885
