times:
  edit-metadata: 0.41892609099159017
  landing: 0.054736884019803256
  view-data: 0.18833061604527757
