times:
  edit-metadata: 0.4784308539237827
  landing: 0.04797919699922204
  view-data: 0.2132249849382788
