times:
  edit-metadata: 0.4823753129967372
  landing: 0.06621459199959645
  view-data: 0.22152353399724234
