times:
  edit-metadata: 1.5283033438026905
  landing: 0.8862441629171371
  view-data: 3.315174452960491
