times:
  edit-metadata: 0.45505849458277225
  landing: 0.06458800612017512
  view-data: 0.20911332499235868
