times:
  edit-metadata: 1.4993498399853706
  landing: 0.8692927192896605
  view-data: 3.3290959894657135
