times:
  edit-metadata: 0.419582211994566
  landing: 0.05030381993856281
  view-data: 0.182701550074853
