times:
  edit-metadata: 1.595223892480135
  landing: 0.9805414900183678
  view-data: 3.3017381466925144
