times:
  edit-metadata: 1.7513323966413736
  landing: 0.9003544449806213
  view-data: 3.3649925561621785
