times:
  edit-metadata: 1.2481368323788047
  landing: 0.02350494358688593
  view-data: 0.12117682863026857
