times:
  edit-metadata: 1.5021017622202635
  landing: 0.7649831380695105
  view-data: 3.4647335689514875
