times:
  edit-metadata: 2.120854951441288
  landing: 1.5607532858848572
  view-data: 3.452476128935814
