times:
  edit-metadata: 1.2542573679238558
  landing: 0.1411469466984272
  view-data: 0.3047189861536026
