times:
  edit-metadata: 2.8868348356336355
  landing: 1.2207177951931953
  view-data: 3.6769521422684193
