times:
  edit-metadata: 1.2614207994192839
  landing: 0.1430692207068205
  view-data: 0.1394279394298792
