times:
  edit-metadata: 0.45876531302928925
  landing: 0.05688597296830267
  view-data: 0.20427268999628723
