times:
  edit-metadata: 1.3516954620135948
  landing: 0.8834069150034338
  view-data: 3.2929965039948
