times:
  edit-metadata: 1.3657160522416234
  landing: 0.02131814230233431
  view-data: 0.02225111983716488
