times:
  edit-metadata: 1.2762498576194048
  landing: 0.020115887746214867
  view-data: 0.12440367601811886
