times:
  edit-metadata: 0.42293863371014595
  landing: 0.044643158093094826
  view-data: 0.19049294851720333
