times:
  edit-metadata: 1.5560735259205103
  landing: 0.02024713158607483
  view-data: 0.3288965951651335
