times:
  edit-metadata: 1.522749351337552
  landing: 0.9913802333176136
  view-data: 3.446403995156288
