times:
  edit-metadata: 1.284464305266738
  landing: 0.02183622494339943
  view-data: 0.3428388014435768
