times:
  edit-metadata: 0.43346032127738
  landing: 0.04517475049942732
  view-data: 0.19293840043246746
