times:
  edit-metadata: 0.47446760907769203
  landing: 0.11379948817193508
  view-data: 0.29715243401005864
