times:
  edit-metadata: 1.2195748509839177
  landing: 0.020598508417606354
  view-data: 0.10302641335874796
