times:
  edit-metadata: 1.5533153861761093
  landing: 0.8280300758779049
  view-data: 3.4809208400547504
