times:
  edit-metadata: 1.2323256209492683
  landing: 0.022977011278271675
  view-data: 0.42415518034249544
