times:
  edit-metadata: 1.4663849230855703
  landing: 0.15040314756333828
  view-data: 0.35127011127769947
