times:
  edit-metadata: 1.5114633850753307
  landing: 0.918372917920351
  view-data: 3.4183138832449913
