times:
  edit-metadata: 1.2544687567278743
  landing: 0.1798912351951003
  view-data: 0.12531690299510956
