times:
  edit-metadata: 1.37667132075876
  landing: 0.21607647743076086
  view-data: 0.12380387261509895
