times:
  edit-metadata: 1.505782749503851
  landing: 0.7072748839855194
  view-data: 3.3866302352398634
