times:
  edit-metadata: 1.3125377967953682
  landing: 0.11724327225238085
  view-data: 0.14490201976150274
