times:
  edit-metadata: 0.42354603693820536
  landing: 0.06857258197851479
  view-data: 0.1909191319718957
