times:
  edit-metadata: 0.4233438093215227
  landing: 0.041578448843210936
  view-data: 0.1935357772745192
