times:
  edit-metadata: 0.4000740419141948
  landing: 0.04518835502676666
  view-data: 0.1861414690501988
