times:
  edit-metadata: 1.497946691000834
  landing: 0.8344154208898544
  view-data: 3.384778411127627
