times:
  edit-metadata: 1.5061978911980987
  landing: 0.9983936119824648
  view-data: 3.4607149055227637
