times:
  edit-metadata: 1.494239630177617
  landing: 0.8241888042539358
  view-data: 3.3552442118525505
