times:
  edit-metadata: 0.4068206310039386
  landing: 0.04333713394589722
  view-data: 0.19769311102572829
