times:
  edit-metadata: 3.3695535361766815
  landing: 1.8447124846279621
  view-data: 3.981619806960225
