times:
  edit-metadata: 1.6680961698293686
  landing: 0.8285284154117107
  view-data: 3.460555486381054
