times:
  edit-metadata: 0.4947725120000541
  landing: 0.06977285305038095
  view-data: 0.21453844802454114
