times:
  edit-metadata: 1.381853610277176
  landing: 0.8633657731115818
  view-data: 3.345587771385908
