times:
  edit-metadata: 1.3845101771876216
  landing: 0.7677414668723941
  view-data: 3.3334088874980807
