times:
  edit-metadata: 1.2640441805124283
  landing: 0.021168047562241554
  view-data: 0.026013209484517574
