times:
  edit-metadata: 0.42135344818234444
  landing: 0.042393581941723824
  view-data: 0.1993119278922677
