times:
  edit-metadata: 0.4484844590188004
  landing: 0.06982816901290789
  view-data: 0.22184766101418063
