times:
  edit-metadata: 1.27938377764076
  landing: 0.023710202425718307
  view-data: 0.448572245426476
