times:
  edit-metadata: 3.8797008180990815
  landing: 1.9679960533976555
  view-data: 4.198779475875199
