times:
  edit-metadata: 0.40242430567741394
  landing: 0.046398418955504894
  view-data: 0.20331787224859
