times:
  edit-metadata: 0.4239532140054507
  landing: 0.04747887598932721
  view-data: 0.19178238599852193
