times:
  edit-metadata: 1.4854730069637299
  landing: 0.8801206573843956
  view-data: 3.5950668565928936
