times:
  edit-metadata: 0.4015053352341056
  landing: 0.05147317238152027
  view-data: 0.20118301082402468
