times:
  edit-metadata: 1.3779578423127532
  landing: 0.7568709999322891
  view-data: 3.3382685324177146
