times:
  edit-metadata: 0.3993241898715496
  landing: 0.053968762047588825
  view-data: 0.1967504839412868
