times:
  edit-metadata: 1.509955957531929
  landing: 0.8137371065095067
  view-data: 3.409251161850989
