times:
  edit-metadata: 1.5813604984432459
  landing: 0.1613640282303095
  view-data: 0.025231583043932915
