times:
  edit-metadata: 2.3664749562740326
  landing: 1.088841039687395
  view-data: 3.844881370663643
