times:
  edit-metadata: 0.3865078400122002
  landing: 0.045421973103657365
  view-data: 0.19454785401467234
