times:
  edit-metadata: 1.2248793337494135
  landing: 0.022865544073283672
  view-data: 0.026369248516857624
