times:
  edit-metadata: 1.5059676738455892
  landing: 0.8927106871269643
  view-data: 3.3454699818976223
