times:
  edit-metadata: 2.8632493931800127
  landing: 0.8075637202709913
  view-data: 3.596156634390354
