times:
  edit-metadata: 1.2679748460650444
  landing: 0.019489256665110588
  view-data: 0.10078622587025166
