times:
  edit-metadata: 3.5058335475623608
  landing: 1.8697781264781952
  view-data: 3.885391853749752
