times:
  edit-metadata: 1.3305098209530115
  landing: 0.2147548869252205
  view-data: 0.025945542380213737
