times:
  edit-metadata: 1.850462146103382
  landing: 0.6704507768154144
  view-data: 3.421026859432459
