times:
  edit-metadata: 1.4177416525781155
  landing: 0.1258740797638893
  view-data: 0.47737177088856697
