times:
  edit-metadata: 1.529162097722292
  landing: 0.8419988974928856
  view-data: 3.393808778375387
