times:
  edit-metadata: 4.293788343667984
  landing: 1.5403319895267487
  view-data: 4.177673112601042
