times:
  edit-metadata: 1.3062787912786007
  landing: 0.020536959171295166
  view-data: 0.24762958101928234
