times:
  edit-metadata: 1.4213568465784192
  landing: 0.7962467847391963
  view-data: 3.3552374616265297
