times:
  edit-metadata: 1.3966723140329123
  landing: 0.02073761448264122
  view-data: 0.025818103924393654
