times:
  edit-metadata: 1.5385824888944626
  landing: 0.9535126499831676
  view-data: 3.427947774529457
