times:
  edit-metadata: 0.39131082501262426
  landing: 0.04480865132063627
  view-data: 0.17937920801341534
