times:
  edit-metadata: 0.4121181829832494
  landing: 0.03860072512179613
  view-data: 0.20852005993947387
