times:
  edit-metadata: 0.39955395041033626
  landing: 0.052791513968259096
  view-data: 0.19436716893687844
