times:
  edit-metadata: 1.328523368574679
  landing: 0.7441171556711197
  view-data: 3.327117333188653
