times:
  edit-metadata: 0.4752578219922725
  landing: 0.07424846501089633
  view-data: 0.2178761449904414
