times:
  edit-metadata: 1.3395423889160156
  landing: 0.02147715538740158
  view-data: 0.3391656409949064
