times:
  edit-metadata: 1.4019624814391136
  landing: 0.20558413304388523
  view-data: 0.2922997251152992
