times:
  edit-metadata: 1.5752485655248165
  landing: 0.25700220838189125
  view-data: 0.4032229445874691
