times:
  edit-metadata: 0.4547156139742583
  landing: 0.0759407109580934
  view-data: 0.21733980695717037
