times:
  edit-metadata: 0.6666074246168137
  landing: 0.04664703458547592
  view-data: 0.18985867872834206
