times:
  edit-metadata: 0.41352919884957373
  landing: 0.04729212704114616
  view-data: 0.19234577286988497
