times:
  edit-metadata: 0.48638587599270977
  landing: 0.048233456996968016
  view-data: 0.21402934700017795
