times:
  edit-metadata: 1.2945108748972416
  landing: 0.11973709799349308
  view-data: 0.32848965749144554
