times:
  edit-metadata: 0.4058701288886368
  landing: 0.04031832795590162
  view-data: 0.19125744607299566
