times:
  edit-metadata: 0.4013709453865886
  landing: 0.047048992943018675
  view-data: 0.200364138931036
