times:
  edit-metadata: 1.2354157604277134
  landing: 0.020114474929869175
  view-data: 0.09882811643183231
