times:
  edit-metadata: 1.3716503391042352
  landing: 0.7181396260857582
  view-data: 3.336383065674454
