times:
  edit-metadata: 0.44247332494705915
  landing: 0.04465859197080135
  view-data: 0.1924969870597124
