times:
  edit-metadata: 1.3219095766544342
  landing: 0.02121870033442974
  view-data: 0.13492867164313793
