times:
  edit-metadata: 0.479357180185616
  landing: 0.06585423601791263
  view-data: 0.2167142629623413
