times:
  edit-metadata: 1.2473895847797394
  landing: 0.02049892209470272
  view-data: 0.10239453054964542
