times:
  edit-metadata: 0.4085742011666298
  landing: 0.04652394913136959
  view-data: 0.20422925055027008
