times:
  edit-metadata: 0.4634600328281522
  landing: 0.054648456163704395
  view-data: 0.20614746189676225
