times:
  edit-metadata: 0.40011351834982634
  landing: 0.05403653020039201
  view-data: 0.19829929107800126
