times:
  edit-metadata: 0.4579328899271786
  landing: 0.07536673778668046
  view-data: 0.2120795790106058
