times:
  edit-metadata: 1.4639424085617065
  landing: 1.033705197274685
  view-data: 3.439241472631693
