times:
  edit-metadata: 0.4112042896449566
  landing: 0.03805189207196236
  view-data: 0.20471299160271883
