times:
  edit-metadata: 0.40836163982748985
  landing: 0.04925591521896422
  view-data: 0.19427721691317856
