times:
  edit-metadata: 1.559340225532651
  landing: 0.8717577550560236
  view-data: 3.333333607763052
