times:
  edit-metadata: 1.3123145070276223
  landing: 0.021732265944592655
  view-data: 0.028457514999900013
