times:
  edit-metadata: 1.9391098208725452
  landing: 0.23506289813667536
  view-data: 0.4166371123865247
