times:
  edit-metadata: 1.3357246965169907
  landing: 0.20885378494858742
  view-data: 0.02701781503856182
