times:
  edit-metadata: 1.2587787909433246
  landing: 0.02143068891018629
  view-data: 0.02422331739217043
