times:
  edit-metadata: 1.5411782748997211
  landing: 0.8821093067526817
  view-data: 3.4297512881457806
