times:
  edit-metadata: 2.1742097660899162
  landing: 1.5491150803864002
  view-data: 3.720075773075223
