times:
  edit-metadata: 1.4050725200213492
  landing: 0.7027747360989451
  view-data: 3.281873314641416
