times:
  edit-metadata: 1.3046093676239252
  landing: 0.21187802776694298
  view-data: 0.02434825897216797
