times:
  edit-metadata: 0.3987984322011471
  landing: 0.04071076400578022
  view-data: 0.19385206326842308
