times:
  edit-metadata: 1.3284485023468733
  landing: 0.14583174139261246
  view-data: 0.48975422978401184
