times:
  edit-metadata: 0.4070836650207639
  landing: 0.047783348709344864
  view-data: 0.18792637018486857
