times:
  edit-metadata: 1.6568659283220768
  landing: 0.8862034752964973
  view-data: 3.386511377990246
