times:
  edit-metadata: 1.2293771337717772
  landing: 0.020745947025716305
  view-data: 0.02574608288705349
