times:
  edit-metadata: 1.296152307651937
  landing: 0.019537566229701042
  view-data: 0.3723672768101096
