times:
  edit-metadata: 1.9432162418961525
  landing: 1.3315293416380882
  view-data: 3.5751704834401608
