times:
  edit-metadata: 0.4130218094214797
  landing: 0.04641198832541704
  view-data: 0.19641110766679049
