times:
  edit-metadata: 1.859768483787775
  landing: 0.049857111647725105
  view-data: 0.0552620030939579
