times:
  edit-metadata: 1.553184650838375
  landing: 1.1019259057939053
  view-data: 3.3190667368471622
