times:
  edit-metadata: 1.4123362638056278
  landing: 0.8346471674740314
  view-data: 3.309820458292961
