times:
  edit-metadata: 1.3996150121092796
  landing: 0.7424953058362007
  view-data: 3.299676132388413
