times:
  edit-metadata: 1.9787481874227524
  landing: 1.0802248604595661
  view-data: 3.4379145242273808
