times:
  edit-metadata: 0.39754547318443656
  landing: 0.04875021893531084
  view-data: 0.18860035482794046
