times:
  edit-metadata: 0.5019640990067273
  landing: 0.04296514415182173
  view-data: 0.19973065494559705
