times:
  edit-metadata: 1.2979063196107745
  landing: 0.12282431032508612
  view-data: 0.11980900913476944
