times:
  edit-metadata: 0.3961278280476108
  landing: 0.05023601104039699
  view-data: 0.19607809698209167
