times:
  edit-metadata: 0.852484668022953
  landing: 0.07795546803390607
  view-data: 0.20615163596812636
