times:
  edit-metadata: 0.3994263269996736
  landing: 0.045368342005531304
  view-data: 0.1903189490112709
