times:
  edit-metadata: 0.42402860801666975
  landing: 0.046612163074314594
  view-data: 0.19822436477988958
