times:
  edit-metadata: 0.439065077342093
  landing: 0.05243835225701332
  view-data: 0.20096271391957998
