times:
  edit-metadata: 0.37800461798906326
  landing: 0.03624022984877229
  view-data: 0.1910251430235803
