times:
  edit-metadata: 1.5413336344063282
  landing: 0.2740814555436373
  view-data: 0.29251715168356895
