times:
  edit-metadata: 1.4416501382365823
  landing: 0.7316186437383294
  view-data: 3.310961814597249
