times:
  edit-metadata: 1.5760034788399935
  landing: 0.6829746756702662
  view-data: 3.4176495503634214
