times:
  edit-metadata: 1.3232822176069021
  landing: 0.020509487949311733
  view-data: 0.02646540105342865
