times:
  edit-metadata: 1.3306279126554728
  landing: 0.021912391297519207
  view-data: 0.12073726300150156
