times:
  edit-metadata: 0.6967463470064104
  landing: 0.0716942292638123
  view-data: 0.20186898903921247
