times:
  edit-metadata: 0.40360611595679075
  landing: 0.049119684961624444
  view-data: 0.1982558600138873
