times:
  edit-metadata: 2.0918576046824455
  landing: 1.4930485300719738
  view-data: 3.58763138204813
