times:
  edit-metadata: 1.5316703654825687
  landing: 0.7676350139081478
  view-data: 3.3918717987835407
