times:
  edit-metadata: 1.2588929999619722
  landing: 0.021460472606122494
  view-data: 0.027756886556744576
