times:
  edit-metadata: 1.614627681672573
  landing: 0.8334065694361925
  view-data: 3.4789424687623978
