times:
  edit-metadata: 1.388148706406355
  landing: 0.019871564581990242
  view-data: 0.09836774878203869
