times:
  edit-metadata: 0.40044030200806446
  landing: 0.03986217900819611
  view-data: 0.19133389899798203
