times:
  edit-metadata: 0.4586076298728585
  landing: 0.043193717021495104
  view-data: 0.21403812896460295
