times:
  edit-metadata: 0.42200127989053726
  landing: 0.03811598289757967
  view-data: 0.20208401372656226
