times:
  edit-metadata: 1.8047535689547658
  landing: 1.032516879029572
  view-data: 3.391023948788643
