times:
  edit-metadata: 1.5038930997252464
  landing: 0.9272104576230049
  view-data: 3.4045969918370247
