times:
  edit-metadata: 1.6823529414832592
  landing: 1.0148241333663464
  view-data: 3.881110481917858
