times:
  edit-metadata: 1.4656278789043427
  landing: 0.9439764618873596
  view-data: 3.397871498018503
