times:
  edit-metadata: 0.44443117873743176
  landing: 0.07063873717561364
  view-data: 0.21224865596741438
