times:
  edit-metadata: 0.47423952107783407
  landing: 0.04622554697562009
  view-data: 0.2085650028893724
