times:
  edit-metadata: 1.4079030118882656
  landing: 0.8400652632117271
  view-data: 3.2697015777230263
