times:
  edit-metadata: 0.41025023628026247
  landing: 0.0414399872533977
  view-data: 0.19753502635285258
