times:
  edit-metadata: 1.2767600808292627
  landing: 0.018341153860092163
  view-data: 0.05319020338356495
