times:
  edit-metadata: 0.4868767140433192
  landing: 0.04887545108795166
  view-data: 0.2150273430161178
