times:
  edit-metadata: 0.4007857427932322
  landing: 0.03768431721255183
  view-data: 0.314269061665982
