times:
  edit-metadata: 1.3658285923302174
  landing: 0.023692281916737556
  view-data: 0.124758992344141
