times:
  edit-metadata: 0.42842599004507065
  landing: 0.05330772791057825
  view-data: 0.19350126199424267
