times:
  edit-metadata: 0.4860169000021415
  landing: 0.0730535369948484
  view-data: 0.2094222220039228
