times:
  edit-metadata: 0.43680070800473914
  landing: 0.08460183697752655
  view-data: 0.21344872197369114
