times:
  edit-metadata: 1.5370273739099503
  landing: 0.9044845513999462
  view-data: 3.432588055729866
