times:
  edit-metadata: 1.2541010389104486
  landing: 0.02107509970664978
  view-data: 0.3462352640926838
