times:
  edit-metadata: 0.4185673310421407
  landing: 0.04181763995438814
  view-data: 0.19129789108410478
