times:
  edit-metadata: 1.4887397661805153
  landing: 0.8201193604618311
  view-data: 3.365865282714367
