times:
  edit-metadata: 0.39921640302054584
  landing: 0.049736447021132335
  view-data: 0.1924322170088999
