times:
  edit-metadata: 1.4163902029395103
  landing: 0.8294828832149506
  view-data: 3.2914354167878628
