times:
  edit-metadata: 0.4865048329811543
  landing: 0.05441821692511439
  view-data: 0.21854990487918258
