times:
  edit-metadata: 0.6439729609992355
  landing: 0.10452614794485271
  view-data: 0.3397590119857341
