times:
  edit-metadata: 1.371266271919012
  landing: 0.021421706303954124
  view-data: 0.0258623119443655
