times:
  edit-metadata: 1.2521390141919255
  landing: 0.02059425227344036
  view-data: 0.11970498505979776
