times:
  edit-metadata: 0.47968065994791687
  landing: 0.04786945809610188
  view-data: 0.2144698251504451
