times:
  edit-metadata: 0.4844785120076267
  landing: 0.07103516500501428
  view-data: 0.20638072400470264
