times:
  edit-metadata: 1.5355185065418482
  landing: 0.8599534016102552
  view-data: 3.383499551564455
