times:
  edit-metadata: 1.6573522053658962
  landing: 0.9095649644732475
  view-data: 3.3927392289042473
