times:
  edit-metadata: 1.3288840530440211
  landing: 0.1348447110503912
  view-data: 0.2525391411036253
