times:
  edit-metadata: 0.3884957500267774
  landing: 0.04091398697346449
  view-data: 0.19413828500546515
