times:
  edit-metadata: 1.4236266859807074
  landing: 0.7873170236125588
  view-data: 3.36993300402537
