times:
  edit-metadata: 0.3706589149660431
  landing: 0.05021748103899881
  view-data: 0.18207106098998338
