times:
  edit-metadata: 1.5645254515111446
  landing: 0.8027318529784679
  view-data: 3.5074358619749546
