times:
  edit-metadata: 1.32844103500247
  landing: 0.019733909517526627
  view-data: 0.1223234198987484
