times:
  edit-metadata: 1.4296591319143772
  landing: 0.8049453841522336
  view-data: 3.366176798939705
