times:
  edit-metadata: 0.4003431466408074
  landing: 0.037482765968889
  view-data: 0.19210170302540064
