times:
  edit-metadata: 0.5154061479261145
  landing: 0.05098257202189416
  view-data: 0.2153053720248863
