times:
  edit-metadata: 0.6135179859993514
  landing: 0.047522982000373304
  view-data: 0.19748901500042848
