times:
  edit-metadata: 1.3417677767574787
  landing: 0.023998184129595757
  view-data: 0.1481325328350067
