times:
  edit-metadata: 1.2197751738131046
  landing: 0.020869078114628792
  view-data: 0.02670334279537201
