times:
  edit-metadata: 1.2609074264764786
  landing: 0.023692495189607143
  view-data: 0.12138323206454515
