times:
  edit-metadata: 0.46830275596585125
  landing: 0.06675828096922487
  view-data: 0.20339866599533707
