times:
  edit-metadata: 0.46892367699183524
  landing: 0.0687290959758684
  view-data: 0.21256475697737187
