times:
  edit-metadata: 1.4443076737225056
  landing: 0.8539466559886932
  view-data: 3.363976813852787
