times:
  edit-metadata: 1.6030376087874174
  landing: 0.8360417783260345
  view-data: 3.335810659453273
