times:
  edit-metadata: 1.7231997177004814
  landing: 1.0186307048425078
  view-data: 3.487995813600719
