times:
  edit-metadata: 1.357121156528592
  landing: 0.11433537770062685
  view-data: 0.489054786041379
