times:
  edit-metadata: 0.44571809377521276
  landing: 0.10008899262174964
  view-data: 0.20351240085437894
