times:
  edit-metadata: 1.8713095020502806
  landing: 1.1627722568809986
  view-data: 3.4411804042756557
