times:
  edit-metadata: 2.2885034531354904
  landing: 1.7938538491725922
  view-data: 3.462571769952774
