times:
  edit-metadata: 1.5075924498960376
  landing: 0.9220103416591883
  view-data: 3.3456279933452606
