times:
  edit-metadata: 0.44484014599584043
  landing: 0.0688515251968056
  view-data: 0.22027571103535593
