times:
  edit-metadata: 1.225187218748033
  landing: 0.02022258285433054
  view-data: 0.12503882311284542
