times:
  edit-metadata: 0.4593437889998313
  landing: 0.08037444399815286
  view-data: 0.20614071300224168
