times:
  edit-metadata: 1.640953565016389
  landing: 0.904819568619132
  view-data: 3.3712968919426203
