times:
  edit-metadata: 1.3944220531266183
  landing: 0.7302207460161299
  view-data: 3.293918451992795
