times:
  edit-metadata: 1.6294938549399376
  landing: 0.7735222969204187
  view-data: 3.443015718832612
