times:
  edit-metadata: 1.3980919271707535
  landing: 0.019459668546915054
  view-data: 0.02396608516573906
