times:
  edit-metadata: 0.4113109939498827
  landing: 0.039879879099316895
  view-data: 0.19481695198919624
