times:
  edit-metadata: 1.2636543232947588
  landing: 0.13526382949203253
  view-data: 0.024955855682492256
