times:
  edit-metadata: 0.44623434892855585
  landing: 0.06833624420687556
  view-data: 0.34837900986894965
