times:
  edit-metadata: 0.38614760991185904
  landing: 0.049784373957663774
  view-data: 0.19333660090342164
