times:
  edit-metadata: 1.4713406413793564
  landing: 0.24630727991461754
  view-data: 0.2403111681342125
