times:
  edit-metadata: 0.40601578494533896
  landing: 0.04034938616678119
  view-data: 0.1846113190986216
