times:
  edit-metadata: 0.5690754228271544
  landing: 0.16375663690268993
  view-data: 0.24725922523066401
