times:
  edit-metadata: 1.4159440025687218
  landing: 0.871498366817832
  view-data: 3.289459591731429
