times:
  edit-metadata: 1.4956575781106949
  landing: 0.8826314955949783
  view-data: 3.394563674926758
