times:
  edit-metadata: 1.216207887046039
  landing: 0.0225264560431242
  view-data: 0.12025558575987816
