times:
  edit-metadata: 1.4845758061856031
  landing: 0.2398853600025177
  view-data: 0.14731822721660137
