times:
  edit-metadata: 0.47723193606361747
  landing: 0.07578885892871767
  view-data: 0.22498660790733993
