times:
  edit-metadata: 1.4095126930624247
  landing: 0.17142978869378567
  view-data: 0.3438308034092188
