times:
  edit-metadata: 0.4736291500739753
  landing: 0.06632926221936941
  view-data: 0.2234620600938797
