times:
  edit-metadata: 1.5245449058711529
  landing: 0.7173114903271198
  view-data: 3.4234401769936085
