times:
  edit-metadata: 1.4537065885961056
  landing: 6.673645965754986
  view-data: 3.3421319760382175
