times:
  edit-metadata: 0.41364329494535923
  landing: 0.04036446614190936
  view-data: 0.20037478813901544
