times:
  edit-metadata: 1.911036353558302
  landing: 0.2012868318706751
  view-data: 0.18035060539841652
