times:
  edit-metadata: 2.583495257422328
  landing: 1.3699872232973576
  view-data: 3.403348745778203
