times:
  edit-metadata: 0.494223611894995
  landing: 0.05027355207130313
  view-data: 0.23071251111105084
