times:
  edit-metadata: 1.4614871963858604
  landing: 0.8721588999032974
  view-data: 3.3741145320236683
