times:
  edit-metadata: 0.4033649880439043
  landing: 0.04137608269229531
  view-data: 0.19197804108262062
