times:
  edit-metadata: 1.2260828083381057
  landing: 0.13670059200376272
  view-data: 0.027671417221426964
