times:
  edit-metadata: 1.6361959613859653
  landing: 0.1695119794458151
  view-data: 0.44783985055983067
