times:
  edit-metadata: 1.8287473153322935
  landing: 0.7271795514971018
  view-data: 3.527255814522505
