times:
  edit-metadata: 1.2826037155464292
  landing: 0.16659490205347538
  view-data: 0.025934305973351002
