times:
  edit-metadata: 2.9078334271907806
  landing: 1.219042457640171
  view-data: 3.5633067935705185
