times:
  edit-metadata: 1.611507661640644
  landing: 0.8549885572865605
  view-data: 3.353127929382026
