times:
  edit-metadata: 0.5111030429998209
  landing: 0.04236710999975912
  view-data: 0.21423181199952523
