times:
  edit-metadata: 2.238136153668165
  landing: 1.0050846822559834
  view-data: 3.3907869942486286
