times:
  edit-metadata: 0.4813423830200918
  landing: 0.07051343395141885
  view-data: 0.21825347800040618
