times:
  edit-metadata: 0.442610540005262
  landing: 0.07844313899113331
  view-data: 0.2322854560043197
