times:
  edit-metadata: 0.40043005999177694
  landing: 0.04027351876720786
  view-data: 0.1971660819835961
