times:
  edit-metadata: 1.4549403917044401
  landing: 0.2612084746360779
  view-data: 0.489704392850399
