times:
  edit-metadata: 0.3757275810930878
  landing: 0.047055857023224235
  view-data: 0.19175524218007922
