times:
  edit-metadata: 0.39705286314710975
  landing: 0.0420854059047997
  view-data: 0.19483180111274123
