times:
  edit-metadata: 0.4447828240226954
  landing: 0.08360578794963658
  view-data: 0.23587111593224108
