times:
  edit-metadata: 1.2993236854672432
  landing: 0.019622741267085075
  view-data: 0.023670954629778862
