times:
  edit-metadata: 0.5017733103595674
  landing: 0.06232274603098631
  view-data: 0.2868758481927216
