times:
  edit-metadata: 0.39929216681048274
  landing: 0.04558833688497543
  view-data: 0.19955463707447052
