times:
  edit-metadata: 0.4024039125069976
  landing: 0.05665487144142389
  view-data: 0.1962710004299879
