times:
  edit-metadata: 1.2305560559034348
  landing: 0.20767182298004627
  view-data: 0.024005895480513573
