times:
  edit-metadata: 1.2535162791609764
  landing: 0.02324508596211672
  view-data: 0.024920393712818623
