times:
  edit-metadata: 0.4275156679796055
  landing: 0.03986042900942266
  view-data: 0.19384879001881927
