times:
  edit-metadata: 0.47770857298746705
  landing: 0.06924557033926249
  view-data: 0.2105529047548771
