times:
  edit-metadata: 0.4607024877332151
  landing: 0.07267201086506248
  view-data: 0.20589435193687677
