times:
  edit-metadata: 0.6464393474161625
  landing: 0.0426962710916996
  view-data: 0.19418656453490257
