times:
  edit-metadata: 1.2335711475461721
  landing: 0.02419866994023323
  view-data: 0.023754607886075974
