times:
  edit-metadata: 1.253572165966034
  landing: 0.02011409867554903
  view-data: 0.1237319903448224
