times:
  edit-metadata: 0.6559232426807284
  landing: 0.12655565841123462
  view-data: 0.24747046222910285
