times:
  edit-metadata: 0.41585387708619237
  landing: 0.03847680380567908
  view-data: 0.19233187194913626
