times:
  edit-metadata: 1.3432497531175613
  landing: 0.019251670688390732
  view-data: 0.12201065011322498
