times:
  edit-metadata: 1.4357135482132435
  landing: 0.7774395337328315
  view-data: 3.3627531337551773
