times:
  edit-metadata: 0.47118566604331136
  landing: 0.0739640281535685
  view-data: 0.2121154998894781
