times:
  edit-metadata: 0.4003176288679242
  landing: 0.04256915720179677
  view-data: 0.18803092185407877
