times:
  edit-metadata: 2.2360884621739388
  landing: 0.719578193500638
  view-data: 3.539343796670437
