times:
  edit-metadata: 1.4370323969051242
  landing: 0.7957771420478821
  view-data: 3.358237525448203
