times:
  edit-metadata: 0.4482091150712222
  landing: 0.051866529043763876
  view-data: 0.2242041330318898
