times:
  edit-metadata: 1.578438252210617
  landing: 0.7405234519392252
  view-data: 3.4400468952953815
