times:
  edit-metadata: 0.36279326537624
  landing: 0.052823686972260475
  view-data: 0.19397272914648056
