times:
  edit-metadata: 1.7892343513667583
  landing: 1.102353848516941
  view-data: 3.607192827388644
