times:
  edit-metadata: 1.5173923261463642
  landing: 0.8066703118383884
  view-data: 3.3875431939959526
