times:
  edit-metadata: 0.6317108739967807
  landing: 0.041038993003894575
  view-data: 0.19390857899998082
