times:
  edit-metadata: 0.3966131513006985
  landing: 0.057653381023555994
  view-data: 0.20349808502942324
