times:
  edit-metadata: 0.4419689937494695
  landing: 0.06134252808988094
  view-data: 0.23696570890024304
