times:
  edit-metadata: 0.4197588777169585
  landing: 0.04411839321255684
  view-data: 0.20879489835351706
