times:
  edit-metadata: 0.4882599450647831
  landing: 0.03969158511608839
  view-data: 0.21259155496954918
