times:
  edit-metadata: 1.5051281843334436
  landing: 0.8575719948858023
  view-data: 3.3866825085133314
