times:
  edit-metadata: 1.5159969218075275
  landing: 0.9063672348856926
  view-data: 3.4576004967093468
