times:
  edit-metadata: 0.41289187176153064
  landing: 0.044045645743608475
  view-data: 0.195188004989177
