times:
  edit-metadata: 1.4815110862255096
  landing: 0.7583904210478067
  view-data: 3.2961922511458397
