times:
  edit-metadata: 0.4020231240428984
  landing: 0.041429176926612854
  view-data: 0.2015148662030697
