times:
  edit-metadata: 0.4070807059761137
  landing: 0.041973331943154335
  view-data: 0.19468037295155227
