times:
  edit-metadata: 1.4921966753900051
  landing: 0.6631200667470694
  view-data: 3.366756483912468
