times:
  edit-metadata: 1.3512001046910882
  landing: 0.9299116246402264
  view-data: 3.3675379040651023
