times:
  edit-metadata: 1.506121315062046
  landing: 0.16932333260774612
  view-data: 0.5460330285131931
