times:
  edit-metadata: 1.4988643527030945
  landing: 0.7700130604207516
  view-data: 3.396988995373249
