times:
  edit-metadata: 0.45456716399985453
  landing: 0.06056436200015014
  view-data: 0.2102792830000908
