times:
  edit-metadata: 2.8473803866654634
  landing: 1.596901597455144
  view-data: 3.763801561668515
