times:
  edit-metadata: 1.3165166121907532
  landing: 0.7212471938692033
  view-data: 3.302394060883671
