times:
  edit-metadata: 0.41936816833913326
  landing: 0.05515788635239005
  view-data: 0.18287585861980915
