times:
  edit-metadata: 2.4390541380271316
  landing: 0.27074095513671637
  view-data: 0.776387182995677
