times:
  edit-metadata: 1.4290153356269002
  landing: 0.7785318489186466
  view-data: 3.368344595655799
