times:
  edit-metadata: 0.4158598193898797
  landing: 0.0473383329808712
  view-data: 0.18819825164973736
