times:
  edit-metadata: 0.5080432889808435
  landing: 0.05774465299327858
  view-data: 0.21675472499919124
