times:
  edit-metadata: 3.4569389559328556
  landing: 1.841539591550827
  view-data: 3.7345512993633747
