times:
  edit-metadata: 1.3196399686858058
  landing: 0.221401940099895
  view-data: 0.4647937938570976
