times:
  edit-metadata: 1.25828249566257
  landing: 0.02072446420788765
  view-data: 0.09565697330981493
