times:
  edit-metadata: 0.417060645762831
  landing: 0.04039759375154972
  view-data: 0.19717399030923843
