times:
  edit-metadata: 0.4088936420157552
  landing: 0.048977240920066833
  view-data: 0.19302728585898876
