times:
  edit-metadata: 0.5009025099861901
  landing: 0.052696241007652134
  view-data: 0.20978263899451122
