times:
  edit-metadata: 1.3371305875480175
  landing: 0.01992844231426716
  view-data: 0.34385924600064754
