times:
  edit-metadata: 0.4137873509898782
  landing: 0.05768084106966853
  view-data: 0.18086799187585711
