times:
  edit-metadata: 1.3132810927927494
  landing: 0.021802369505167007
  view-data: 0.12143697030842304
