times:
  edit-metadata: 1.4156856276094913
  landing: 0.3000314012169838
  view-data: 0.025062870234251022
