times:
  edit-metadata: 1.2429971005767584
  landing: 0.022768108174204826
  view-data: 0.12052819970995188
