times:
  edit-metadata: 1.2210909882560372
  landing: 0.12223614659160376
  view-data: 0.02770678699016571
