times:
  edit-metadata: 0.40062314609531313
  landing: 0.039746762020513415
  view-data: 0.19853141205385327
