times:
  edit-metadata: 2.786494016647339
  landing: 1.454348873347044
  view-data: 3.9347823075950146
