times:
  edit-metadata: 0.40372317598666996
  landing: 0.04586466995533556
  view-data: 0.2007191909942776
