times:
  edit-metadata: 1.7084999587386847
  landing: 0.3215564079582691
  view-data: 0.16434396058321
