times:
  edit-metadata: 0.39987333002500236
  landing: 0.04828786297002807
  view-data: 0.20348603703314438
