times:
  edit-metadata: 1.6443365961313248
  landing: 0.7130884397774935
  view-data: 3.332628982141614
