times:
  edit-metadata: 0.39624756295233965
  landing: 0.04383069393225014
  view-data: 0.18123708805069327
