times:
  edit-metadata: 1.7705138754099607
  landing: 1.0794249000027776
  view-data: 3.35663412604481
