times:
  edit-metadata: 1.2865676963701844
  landing: 0.019945026375353336
  view-data: 0.02911691553890705
