times:
  edit-metadata: 1.3766490817070007
  landing: 0.021648824214935303
  view-data: 0.3570932596921921
