times:
  edit-metadata: 0.4887950519332662
  landing: 0.06898141896817833
  view-data: 0.21087941201403737
