times:
  edit-metadata: 0.4047160348854959
  landing: 0.04478145809844136
  view-data: 0.1883412292227149
