times:
  edit-metadata: 1.272978724911809
  landing: 0.13936780765652657
  view-data: 0.02373293600976467
