times:
  edit-metadata: 1.4292088467627764
  landing: 0.14741739816963673
  view-data: 0.31196718849241734
