times:
  edit-metadata: 1.4895976707339287
  landing: 0.9197816587984562
  view-data: 3.426476363092661
