times:
  edit-metadata: 1.4058410190045834
  landing: 0.7938446588814259
  view-data: 3.286337237805128
