times:
  edit-metadata: 2.1809764485806227
  landing: 1.3507451117038727
  view-data: 3.7938781175762415
