times:
  edit-metadata: 0.6308519151061773
  landing: 0.061724747996777296
  view-data: 0.30674324417486787
