times:
  edit-metadata: 1.8988612722605467
  landing: 0.7735224012285471
  view-data: 3.3638632353395224
