times:
  edit-metadata: 1.4799605123698711
  landing: 0.9392327312380075
  view-data: 3.3048096522688866
