times:
  edit-metadata: 1.2062698639929295
  landing: 0.01930952910333872
  view-data: 0.09736269153654575
