times:
  edit-metadata: 0.4460650887340307
  landing: 0.06912920484319329
  view-data: 0.20975662907585502
