times:
  edit-metadata: 0.43042590096592903
  landing: 0.04235468595288694
  view-data: 0.18858401011675596
