times:
  edit-metadata: 1.654196728952229
  landing: 0.7719834879972041
  view-data: 3.3427241211757064
