times:
  edit-metadata: 0.4023067210800946
  landing: 0.045295358868315816
  view-data: 0.17891781707294285
