times:
  edit-metadata: 0.36284519312903285
  landing: 0.05165008385665715
  view-data: 0.19972741208039224
