times:
  edit-metadata: 0.40710632293485105
  landing: 0.04485394386574626
  view-data: 0.1967775069642812
