times:
  edit-metadata: 0.4140936266630888
  landing: 0.058951047249138355
  view-data: 0.2011200152337551
