times:
  edit-metadata: 1.4929602406919003
  landing: 0.8928124383091927
  view-data: 3.4323447551578283
