times:
  edit-metadata: 1.310497710481286
  landing: 0.019476786255836487
  view-data: 0.02345399558544159
