times:
  edit-metadata: 1.2229413287714124
  landing: 0.11647639144212008
  view-data: 0.12678611930459738
