times:
  edit-metadata: 0.40902500366792083
  landing: 0.04287135601043701
  view-data: 0.18475674418732524
