times:
  edit-metadata: 0.397325050085783
  landing: 0.044438247103244066
  view-data: 0.21078326413407922
