times:
  edit-metadata: 1.495782861020416
  landing: 0.8413022628519684
  view-data: 3.4130586409009993
