times:
  edit-metadata: 1.4326346521265805
  landing: 0.7702139299362898
  view-data: 3.403873261064291
