times:
  edit-metadata: 1.7077841684222221
  landing: 0.23491514287889004
  view-data: 0.3519095331430435
