times:
  landing: 1.0645533889999683
  view-data: 0.5454898489999778
