times:
  landing: 0.5802230780000173
  view-data: 0.07735860600001843
