times:
  landing: 0.5571325829999978
  view-data: 0.5515133989999867
