times:
  landing: 1.0746523459999935
  view-data: 0.5563346929999966
