times:
  landing: 0.550222127999973
  view-data: 0.5499098110000205
