times:
  landing: 0.5542902990000016
  view-data: 0.5540143970000031
