times:
  landing: 0.5486872699999594
  view-data: 0.5533406930000524
