times:
  landing: 0.5609033960000147
  view-data: 0.0666193069999963
