times:
  landing: 1.0690220760000102
  view-data: 0.5521657030000142
