times:
  landing: 1.1036154039999815
  view-data: 0.5536478619999912
