times:
  landing: 1.5997594589999835
  view-data: 0.5548717979999651
