times:
  landing: 0.5454898770000227
  view-data: 0.5624774070000171
