times:
  landing: 0.5567700061947107
  view-data: 0.5567125347442925
