times:
  landing: 1.0935363909999865
  view-data: 0.060522783999999774
