times:
  landing: 1.5747029219999717
  view-data: 0.5512144319999948
