times:
  landing: 0.552533622999988
  view-data: 0.5583443200000033
