times:
  landing: 0.5552295319999985
  view-data: 0.05394849500004284
