times:
  landing: 0.5585836650000147
  view-data: 0.0473410310000304
