times:
  landing: 0.5573670740000125
  view-data: 0.06253480399999489
