times:
  landing: 0.5505761149999557
  view-data: 0.5859219850000272
