times:
  landing: 0.5449758049999787
  view-data: 0.5500781759999995
