times:
  landing: 0.55620316400001
  view-data: 0.05705213499999218
