times:
  landing: 0.5529904679999902
  view-data: 0.5500203280000164
