times:
  landing: 1.0596874270000285
  view-data: 0.5462692570000058
