times:
  landing: 1.0699590659999672
  view-data: 0.5501653789999637
