times:
  edit-metadata: 1.5457796938717365
  landing: 0.9996321499347687
  view-data: 3.348313771188259
