times:
  edit-metadata: 1.537474188953638
  landing: 1.0016294848173857
  view-data: 3.3577353563159704
