times:
  edit-metadata: 1.5026669073849916
  landing: 0.7586605045944452
  view-data: 3.3573275674134493
