times:
  edit-metadata: 1.5835115741938353
  landing: 0.8363069891929626
  view-data: 3.3894627299159765
