times:
  edit-metadata: 1.3960203565657139
  landing: 0.9684666953980923
  view-data: 3.323696080595255
