times:
  edit-metadata: 1.6144186556339264
  landing: 1.2069652527570724
  view-data: 3.469453316181898
