times:
  edit-metadata: 1.421114580705762
  landing: 0.8383675068616867
  view-data: 3.2814033487811685
