times:
  edit-metadata: 1.7817445416003466
  landing: 0.8454902991652489
  view-data: 3.4578517843037844
