times:
  edit-metadata: 1.373935978859663
  landing: 0.9639419130980968
  view-data: 3.352190285921097
