times:
  edit-metadata: 1.4674673788249493
  landing: 0.9381780624389648
  view-data: 3.337611962109804
