times:
  edit-metadata: 1.8849427178502083
  landing: 1.3693020157516003
  view-data: 3.5182621367275715
