times:
  edit-metadata: 1.5802970547229052
  landing: 0.8227378036826849
  view-data: 3.448420763015747
