times:
  edit-metadata: 1.6609491482377052
  landing: 0.9373889565467834
  view-data: 3.493374466896057
