times:
  edit-metadata: 1.5791711285710335
  landing: 0.8636453710496426
  view-data: 3.4039206355810165
