times:
  edit-metadata: 1.515113476663828
  landing: 0.7660311535000801
  view-data: 3.353142350912094
