times:
  edit-metadata: 1.6558784153312445
  landing: 1.0014185793697834
  view-data: 3.45756914652884
