times:
  edit-metadata: 1.396950023714453
  landing: 0.9340137238614261
  view-data: 3.4733269321732223
