times:
  edit-metadata: 1.541895017027855
  landing: 0.8896300755441189
  view-data: 3.434525713324547
