times:
  edit-metadata: 1.81711957603693
  landing: 2.2736280411481857
  view-data: 3.391949027776718
