times:
  edit-metadata: 1.5276891626417637
  landing: 0.7670904565602541
  view-data: 3.3703515734523535
