times:
  edit-metadata: 2.3588559105992317
  landing: 1.4264731407165527
  view-data: 3.7076680297032
