times:
  edit-metadata: 1.515515860170126
  landing: 0.9230196103453636
  view-data: 0.5164237674325705
