times:
  edit-metadata: 1.277729019522667
  landing: 0.8150294236838818
  view-data: 3.362441446632147
