times:
  edit-metadata: 1.544333916157484
  landing: 0.9515926726162434
  view-data: 3.4159588292241096
