times:
  edit-metadata: 1.5116636753082275
  landing: 0.7767447885125875
  view-data: 3.3852100744843483
