times:
  edit-metadata: 1.5333853028714657
  landing: 0.9605455845594406
  view-data: 3.414202735759318
