times:
  edit-metadata: 1.5758127104490995
  landing: 0.861063476651907
  view-data: 3.4152225982397795
