times:
  edit-metadata: 1.7197727942839265
  landing: 1.0386124760843813
  view-data: 3.391733996104449
