times:
  edit-metadata: 1.2476960625499487
  landing: 0.7888240041211247
  view-data: 3.356981243006885
