times:
  edit-metadata: 1.5373417530208826
  landing: 0.8684445433318615
  view-data: 3.472455332055688
