times:
  edit-metadata: 1.5191790163516998
  landing: 0.9616424068808556
  view-data: 3.422116346657276
