times:
  edit-metadata: 1.5172850396484137
  landing: 0.7920268252491951
  view-data: 3.4261539205908775
