times:
  edit-metadata: 2.1605559699237347
  landing: 1.2870298959314823
  view-data: 3.4781466610729694
