times:
  edit-metadata: 1.5002528857439756
  landing: 0.8302228152751923
  view-data: 3.358566764742136
