times:
  edit-metadata: 1.449599102139473
  landing: 1.003666140139103
  view-data: 3.361667765304446
