times:
  edit-metadata: 1.2950490387156606
  landing: 0.7857583975419402
  view-data: 3.2452980978414416
