times:
  edit-metadata: 1.4901943393051624
  landing: 0.8376126047223806
  view-data: 3.3896389957517385
