times:
  edit-metadata: 1.3717041909694672
  landing: 0.8888421319425106
  view-data: 3.352023310959339
