times:
  edit-metadata: 2.574734680354595
  landing: 2.2667344957590103
  view-data: 3.518891602754593
