times:
  edit-metadata: 1.5326692685484886
  landing: 0.7104370519518852
  view-data: 3.4011147916316986
