times:
  edit-metadata: 1.3283897005021572
  landing: 0.7260654792189598
  view-data: 3.3228720650076866
