times:
  edit-metadata: 1.556258587166667
  landing: 0.7734963353723288
  view-data: 3.407280597835779
