times:
  edit-metadata: 1.5357575919479132
  landing: 0.821996670216322
  view-data: 3.4331927374005318
