times:
  edit-metadata: 1.533198295161128
  landing: 0.79348417930305
  view-data: 3.3705816715955734
