times:
  edit-metadata: 1.5839870683848858
  landing: 0.7996236551553011
  view-data: 3.3910081442445517
