times:
  edit-metadata: 1.5394298024475574
  landing: 1.244396548718214
  view-data: 3.3212773241102695
