times:
  edit-metadata: 1.613942176103592
  landing: 1.1854548961855471
  view-data: 3.2955488450825214
