times:
  edit-metadata: 1.4766114242374897
  landing: 1.2140837460756302
  view-data: 3.380092203617096
