times:
  edit-metadata: 1.3755111284554005
  landing: 0.930693756788969
  view-data: 3.4112576711922884
