times:
  edit-metadata: 2.025197308510542
  landing: 1.3717454299330711
  view-data: 3.3385115414857864
