times:
  edit-metadata: 1.4494844619184732
  landing: 0.8785443836823106
  view-data: 3.338455201126635
