times:
  edit-metadata: 1.4254902661778033
  landing: 0.8312035780400038
  view-data: 3.4228232712484896
