times:
  edit-metadata: 1.343691486865282
  landing: 1.129935648292303
  view-data: 3.3331703022122383
