times:
  edit-metadata: 1.448090000078082
  landing: 0.9611451830714941
  view-data: 3.3272396158427
