times:
  edit-metadata: 1.4677698202431202
  landing: 1.033445343375206
  view-data: 3.341929141432047
