times:
  edit-metadata: 1.582770612090826
  landing: 1.1767438761889935
  view-data: 3.4461130648851395
