times:
  edit-metadata: 1.5176158100366592
  landing: 0.8914895541965961
  view-data: 3.349632054567337
