times:
  edit-metadata: 1.6117392964661121
  landing: 1.0154520608484745
  view-data: 3.3542907647788525
