times:
  edit-metadata: 1.4993246477097273
  landing: 0.8767479080706835
  view-data: 3.376608209684491
