times:
  edit-metadata: 1.4088675221428275
  landing: 0.7208652226254344
  view-data: 3.3602566700428724
