times:
  edit-metadata: 1.5351787451654673
  landing: 0.7931952700018883
  view-data: 3.4811557568609715
