times:
  edit-metadata: 1.4622080847620964
  landing: 0.8114182227291167
  view-data: 3.4407212799414992
