times:
  edit-metadata: 1.5200680885463953
  landing: 1.1497191283851862
  view-data: 3.37264496833086
