times:
  edit-metadata: 1.4661190770566463
  landing: 0.8319781497120857
  view-data: 3.3495202232152224
