times:
  edit-metadata: 1.3573979218490422
  landing: 0.7699755597859621
  view-data: 3.3027671431191266
