times:
  edit-metadata: 1.3785645477473736
  landing: 0.8026072159409523
  view-data: 3.270573679357767
