times:
  edit-metadata: 1.956460954155773
  landing: 0.9690237459726632
  view-data: 3.2775815539062023
