times:
  edit-metadata: 1.5261080376803875
  landing: 0.9613142237067223
  view-data: 3.4054428450763226
