times:
  edit-metadata: 1.4903374128043652
  landing: 0.867775147780776
  view-data: 3.3923314586281776
