times:
  edit-metadata: 1.8921100031584501
  landing: 0.9212769698351622
  view-data: 3.312778951600194
