times:
  edit-metadata: 1.4085642844438553
  landing: 0.8913448043167591
  view-data: 3.328626874834299
