times:
  edit-metadata: 1.5022502960637212
  landing: 0.913841150701046
  view-data: 3.4222780410200357
