times:
  edit-metadata: 1.4810420274734497
  landing: 0.8780744429677725
  view-data: 3.32162819057703
