times:
  edit-metadata: 1.5037840511649847
  landing: 0.8084157295525074
  view-data: 3.4571028277277946
