times:
  edit-metadata: 1.2790283719077706
  landing: 0.7239695191383362
  view-data: 3.3340480127371848
