times:
  edit-metadata: 2.0331572545692325
  landing: 1.0858236504718661
  view-data: 3.314143404364586
