times:
  edit-metadata: 1.511097989976406
  landing: 0.7999252267181873
  view-data: 3.3803022522479296
