times:
  edit-metadata: 1.3478373354300857
  landing: 0.7639849334955215
  view-data: 3.4207974849268794
