times:
  edit-metadata: 1.5760304741561413
  landing: 0.9928269200026989
  view-data: 3.3424164094030857
