times:
  edit-metadata: 1.3512790501117706
  landing: 0.9425354450941086
  view-data: 3.2969701178371906
