times:
  edit-metadata: 1.5819861218333244
  landing: 1.041655968874693
  view-data: 3.3585692793130875
