times:
  edit-metadata: 1.542173471301794
  landing: 0.882794663310051
  view-data: 3.4289486408233643
