times:
  edit-metadata: 1.5118136396631598
  landing: 0.8847912773489952
  view-data: 3.4978200159966946
