times:
  edit-metadata: 1.5515617802739143
  landing: 0.819023858755827
  view-data: 3.3857159465551376
