times:
  edit-metadata: 1.4994922075420618
  landing: 0.7969656176865101
  view-data: 3.3111132010817528
