times:
  edit-metadata: 1.417707484215498
  landing: 0.7425506114959717
  view-data: 3.341247610747814
