times:
  edit-metadata: 1.2778025763109326
  landing: 0.9507781891152263
  view-data: 3.443976047914475
