times:
  edit-metadata: 1.849327215924859
  landing: 1.1261499468237162
  view-data: 3.5036038137041032
