times:
  edit-metadata: 1.5903504490852356
  landing: 1.0401214584708214
  view-data: 3.314675085246563
