times:
  edit-metadata: 1.3608530601486564
  landing: 0.773373669013381
  view-data: 3.3243627920746803
