times:
  edit-metadata: 1.4229227118194103
  landing: 0.8742680102586746
  view-data: 3.3453823551535606
