times:
  edit-metadata: 1.462828777730465
  landing: 1.0495098792016506
  view-data: 3.4120313227176666
