times:
  edit-metadata: 1.4338384754955769
  landing: 0.7283053379505873
  view-data: 3.410499257966876
