times:
  edit-metadata: 1.5176671035587788
  landing: 0.817266721278429
  view-data: 3.4047338105738163
