times:
  edit-metadata: 1.3481673263013363
  landing: 0.876001849770546
  view-data: 3.2782804295420647
