times:
  edit-metadata: 1.2093441188335419
  landing: 0.8837267775088549
  view-data: 3.4292433504015207
