times:
  edit-metadata: 1.4646784216165543
  landing: 0.8035869970917702
  view-data: 3.415591835975647
