times:
  edit-metadata: 1.5301204081624746
  landing: 1.032143766991794
  view-data: 3.448642821982503
