times:
  edit-metadata: 1.4862756002694368
  landing: 0.7947028242051601
  view-data: 3.489151928573847
