times:
  edit-metadata: 2.4620582908391953
  landing: 1.0871016308665276
  view-data: 3.468999110162258
