times:
  edit-metadata: 1.2587134102359414
  landing: 0.767332966439426
  view-data: 3.2800366515293717
