times:
  edit-metadata: 1.5240336451679468
  landing: 1.0441531278192997
  view-data: 3.4734090138226748
