times:
  edit-metadata: 1.490321435034275
  landing: 0.9467908255755901
  view-data: 3.3622518703341484
