times:
  edit-metadata: 1.944360847119242
  landing: 1.034587275236845
  view-data: 3.556496876757592
