times:
  edit-metadata: 1.9530946929007769
  landing: 1.034246345050633
  view-data: 3.3629262736067176
