times:
  edit-metadata: 1.4517323952168226
  landing: 0.8814356727525592
  view-data: 3.2788663022220135
