times:
  edit-metadata: 1.660870125517249
  landing: 0.8904759157449007
  view-data: 3.4289027340710163
