times:
  edit-metadata: 1.457615241408348
  landing: 0.9120914805680513
  view-data: 3.324735524132848
