times:
  edit-metadata: 1.4130465686321259
  landing: 0.8486755602061749
  view-data: 3.335721116513014
