times:
  edit-metadata: 1.599652897566557
  landing: 0.9155286140739918
  view-data: 3.4382088892161846
