times:
  edit-metadata: 1.5901009645313025
  landing: 0.9458124972879887
  view-data: 3.339661121368408
