times:
  edit-metadata: 1.521261628717184
  landing: 0.8419469427317381
  view-data: 3.4125981591641903
