times:
  edit-metadata: 1.534870456904173
  landing: 1.019312471151352
  view-data: 3.4548482801765203
