times:
  edit-metadata: 1.4580825865268707
  landing: 0.9104502387344837
  view-data: 3.324991323053837
