times:
  edit-metadata: 1.417973205447197
  landing: 0.7999603897333145
  view-data: 3.3596090842038393
