times:
  edit-metadata: 1.7591412477195263
  landing: 1.066237024962902
  view-data: 3.423601917922497
