times:
  edit-metadata: 1.5753938555717468
  landing: 0.9811008162796497
  view-data: 3.287480302155018
