times:
  edit-metadata: 1.4731089528650045
  landing: 0.8091037981212139
  view-data: 3.297539111226797
