times:
  edit-metadata: 1.6540613239631057
  landing: 1.115870801731944
  view-data: 3.3686040434986353
