times:
  edit-metadata: 1.8160772421397269
  landing: 1.0043478212319314
  view-data: 3.5008878079243004
