times:
  edit-metadata: 1.379655921831727
  landing: 0.753734452649951
  view-data: 3.7040784154087305
