times:
  edit-metadata: 1.6084953136742115
  landing: 1.2171642556786537
  view-data: 3.4143207632005215
