times:
  edit-metadata: 1.7880462557077408
  landing: 1.0195386204868555
  view-data: 3.34241764806211
