times:
  edit-metadata: 1.543411411345005
  landing: 0.9191190972924232
  view-data: 3.3901186883449554
