times:
  edit-metadata: 1.348952443804592
  landing: 0.8780737407505512
  view-data: 3.325003398116678
