times:
  edit-metadata: 1.496704475954175
  landing: 0.7626974154263735
  view-data: 3.4250493440777063
