times:
  edit-metadata: 1.4973146840929985
  landing: 0.7702825516462326
  view-data: 3.3247596994042397
