times:
  edit-metadata: 1.515296971425414
  landing: 1.0211599860340357
  view-data: 3.478136023506522
