times:
  edit-metadata: 1.4692543353885412
  landing: 2.1606731628999114
  view-data: 3.4191498421132565
