times:
  edit-metadata: 1.4402570724487305
  landing: 1.0067699700593948
  view-data: 3.3275452964007854
