times:
  edit-metadata: 1.6094996854662895
  landing: 0.9420836232602596
  view-data: 3.4098279122263193
