times:
  edit-metadata: 1.320785529911518
  landing: 0.9143578968942165
  view-data: 3.314459443092346
