times:
  edit-metadata: 2.5742009673267603
  landing: 1.2587011270225048
  view-data: 3.8302326686680317
