times:
  edit-metadata: 1.5195914134383202
  landing: 0.9651171825826168
  view-data: 3.3958530463278294
