times:
  edit-metadata: 1.5297804959118366
  landing: 0.990625586360693
  view-data: 3.31606337800622
