times:
  edit-metadata: 1.5005393624305725
  landing: 0.7812873851507902
  view-data: 3.3854468185454607
