times:
  edit-metadata: 1.4771265480667353
  landing: 0.915986749343574
  view-data: 3.323854874819517
