times:
  edit-metadata: 1.4641183167696
  landing: 1.479484174400568
  view-data: 3.3287144396454096
