times:
  edit-metadata: 1.560950230807066
  landing: 0.9425954073667526
  view-data: 3.433563970029354
