times:
  edit-metadata: 1.3610161431133747
  landing: 1.0257430039346218
  view-data: 3.3061810918152332
