times:
  edit-metadata: 1.5281134862452745
  landing: 0.8972398173063993
  view-data: 3.3014645259827375
