times:
  edit-metadata: 1.521446917206049
  landing: 0.9897432290017605
  view-data: 3.3724815621972084
