times:
  edit-metadata: 1.3352949433028698
  landing: 0.7009184248745441
  view-data: 3.3139272332191467
