times:
  edit-metadata: 1.5556150288321078
  landing: 0.8348257183097303
  view-data: 3.4164432692341506
