times:
  edit-metadata: 1.5584941655397415
  landing: 0.7821145355701447
  view-data: 3.4174503199756145
