times:
  edit-metadata: 1.6368990316987038
  landing: 0.9882485941052437
  view-data: 3.432585686445236
