times:
  edit-metadata: 1.4784265868365765
  landing: 0.8751984313130379
  view-data: 3.332225199788809
