times:
  edit-metadata: 1.5191521011292934
  landing: 0.9563295356929302
  view-data: 3.3802134953439236
