times:
  edit-metadata: 2.168765184469521
  landing: 0.7923519210889935
  view-data: 3.508418464101851
