times:
  edit-metadata: 1.4938998091965914
  landing: 0.7889808621257544
  view-data: 3.369460456073284
