times:
  edit-metadata: 1.6829682160168886
  landing: 0.8947415836155415
  view-data: 3.465361064299941
