times:
  edit-metadata: 1.4796357862651348
  landing: 0.7500369842164218
  view-data: 3.3533533751033247
