times:
  edit-metadata: 2.533220876008272
  landing: 1.1796775832772255
  view-data: 3.3572067469358444
