times:
  edit-metadata: 1.450979270040989
  landing: 0.9652751795947552
  view-data: 3.4387614242732525
