times:
  edit-metadata: 1.524917595088482
  landing: 0.9451931528747082
  view-data: 3.399087019264698
