times:
  edit-metadata: 1.359936024993658
  landing: 0.9005761817097664
  view-data: 3.357796970754862
