times:
  edit-metadata: 1.4362803623080254
  landing: 0.8957600928843021
  view-data: 3.290279194712639
