times:
  edit-metadata: 1.547934552654624
  landing: 0.8715953510254622
  view-data: 3.3269466385245323
