times:
  edit-metadata: 1.6512600369751453
  landing: 1.0184182412922382
  view-data: 3.327242884784937
