times:
  edit-metadata: 1.494010340422392
  landing: 0.8785297628492117
  view-data: 3.3100503124296665
