times:
  edit-metadata: 1.6549776904284954
  landing: 0.8282797355204821
  view-data: 3.273800490424037
