times:
  edit-metadata: 1.5538716702722013
  landing: 0.8774702600203454
  view-data: 3.336786742322147
