times:
  edit-metadata: 1.549320138990879
  landing: 0.9712362289428711
  view-data: 3.408700119704008
