times:
  edit-metadata: 1.4210625607520342
  landing: 0.8418895471841097
  view-data: 3.347476923838258
