times:
  edit-metadata: 1.5346961226314306
  landing: 0.762776330113411
  view-data: 3.390127208083868
