times:
  edit-metadata: 1.716075848788023
  landing: 0.9385202899575233
  view-data: 3.3673746064305305
