times:
  edit-metadata: 1.5361929181963205
  landing: 1.0411134045571089
  view-data: 3.340150635689497
