times:
  edit-metadata: 1.4404468704015017
  landing: 0.9447598680853844
  view-data: 3.4283907618373632
