times:
  edit-metadata: 1.3455764949321747
  landing: 0.9311282187700272
  view-data: 3.3345079571008682
