times:
  edit-metadata: 1.3760218359529972
  landing: 0.9753933921456337
  view-data: 3.3317962400615215
