times:
  edit-metadata: 1.600063893944025
  landing: 0.9903477188199759
  view-data: 3.4703811164945364
