times:
  edit-metadata: 1.4332930566743016
  landing: 1.0219146059826016
  view-data: 3.396840468980372
