times:
  edit-metadata: 1.3808774836361408
  landing: 0.7926311083137989
  view-data: 3.3378456979990005
