times:
  edit-metadata: 1.5279541220515966
  landing: 0.7535163220018148
  view-data: 3.3239765223115683
