times:
  edit-metadata: 1.5131021458655596
  landing: 0.9919376699253917
  view-data: 3.3718651877716184
