times:
  edit-metadata: 1.3520094715058804
  landing: 0.7075646352022886
  view-data: 3.328193936496973
