times:
  edit-metadata: 1.515917107462883
  landing: 0.8314463123679161
  view-data: 3.3910234980285168
