times:
  edit-metadata: 1.3528675772249699
  landing: 0.86581239849329
  view-data: 3.325372725725174
