times:
  edit-metadata: 1.3429784635081887
  landing: 0.7418387876823545
  view-data: 3.380074266344309
