times:
  edit-metadata: 1.4458284638822079
  landing: 0.7785310484468937
  view-data: 3.3064795080572367
