times:
  edit-metadata: 1.5106050483882427
  landing: 0.9547000043094158
  view-data: 3.3659016340970993
