times:
  edit-metadata: 1.6216451302170753
  landing: 1.0976706929504871
  view-data: 3.41900771856308
