times:
  edit-metadata: 2.8004850782454014
  landing: 1.4350168844684958
  view-data: 3.33772517926991
