times:
  edit-metadata: 1.5662330947816372
  landing: 1.0540519766509533
  view-data: 3.463379368185997
