times:
  edit-metadata: 1.600040152668953
  landing: 1.025501474738121
  view-data: 3.355722974985838
