times:
  edit-metadata: 1.4995289891958237
  landing: 0.8069214895367622
  view-data: 3.4030276760458946
