times:
  edit-metadata: 1.5525059700012207
  landing: 0.9491670988500118
  view-data: 3.395583789795637
