times:
  edit-metadata: 1.2950134603306651
  landing: 0.8505042735487223
  view-data: 3.341997121460736
