times:
  edit-metadata: 1.47607396915555
  landing: 0.9426150284707546
  view-data: 3.316558051854372
