times:
  edit-metadata: 1.6110007800161839
  landing: 1.04649693146348
  view-data: 3.3668930642306805
