times:
  edit-metadata: 1.4950633961707354
  landing: 0.7687451913952827
  view-data: 3.4042186215519905
