times:
  edit-metadata: 1.3349451571702957
  landing: 0.7483916934579611
  view-data: 3.3874160405248404
