times:
  edit-metadata: 1.4293271526694298
  landing: 0.8892356194555759
  view-data: 3.3829636685550213
