times:
  edit-metadata: 1.4782259054481983
  landing: 0.8691333550959826
  view-data: 3.3952839951962233
