times:
  edit-metadata: 1.4852497205138206
  landing: 1.0512877330183983
  view-data: 3.3435386903584003
