times:
  edit-metadata: 1.3897919282317162
  landing: 0.8784786276519299
  view-data: 3.288455991074443
