times:
  edit-metadata: 1.4226707760244608
  landing: 0.7853379119187593
  view-data: 3.3697283528745174
