times:
  edit-metadata: 1.362696437165141
  landing: 0.8727555591613054
  view-data: 3.3263022247701883
