times:
  edit-metadata: 1.5790569186210632
  landing: 0.9491441063582897
  view-data: 3.3892872259020805
