times:
  edit-metadata: 1.4039004724472761
  landing: 0.8402235433459282
  view-data: 3.377637220546603
