times:
  edit-metadata: 1.4246289432048798
  landing: 0.9568550176918507
  view-data: 3.3327311240136623
