times:
  edit-metadata: 1.4014853406697512
  landing: 0.7778164949268103
  view-data: 3.391648132354021
