times:
  edit-metadata: 1.4373203925788403
  landing: 0.9363335967063904
  view-data: 3.370471704751253
