times:
  edit-metadata: 1.4828777480870485
  landing: 0.7552888114005327
  view-data: 3.333080429583788
