times:
  edit-metadata: 2.5053666308522224
  landing: 1.7543305195868015
  view-data: 3.604706257581711
