times:
  edit-metadata: 1.4678468499332666
  landing: 0.8879183679819107
  view-data: 3.3523096442222595
