times:
  edit-metadata: 1.282984260469675
  landing: 0.7815797459334135
  view-data: 3.3499696673825383
