times:
  edit-metadata: 1.5367010841146111
  landing: 0.8349548997357488
  view-data: 3.375365045852959
