times:
  edit-metadata: 1.5316518694162369
  landing: 0.7217985689640045
  view-data: 3.3635488003492355
