times:
  edit-metadata: 1.4885137882083654
  landing: 0.7666801465675235
  view-data: 3.3248350899666548
