times:
  edit-metadata: 1.5253191273659468
  landing: 0.8244091458618641
  view-data: 0.6059024482965469
