times:
  edit-metadata: 1.3794142799451947
  landing: 0.7782341241836548
  view-data: 3.3256477280519903
