times:
  edit-metadata: 1.5116534419357777
  landing: 0.908832611516118
  view-data: 3.4197273990139365
