times:
  edit-metadata: 1.4005257757380605
  landing: 0.8783179111778736
  view-data: 3.3961469270288944
