times:
  edit-metadata: 1.4434447437524796
  landing: 1.0001488998532295
  view-data: 3.379039380699396
