times:
  edit-metadata: 1.5648002531379461
  landing: 0.8169572409242392
  view-data: 3.4257419612258673
