times:
  edit-metadata: 1.5291760191321373
  landing: 0.8304969221353531
  view-data: 3.4149546585977077
