times:
  edit-metadata: 2.3436254523694515
  landing: 1.501474006101489
  view-data: 3.457752199843526
