times:
  edit-metadata: 1.444277562201023
  landing: 0.9246888905763626
  view-data: 3.2894369326531887
