times:
  edit-metadata: 1.4581012204289436
  landing: 0.9691968560218811
  view-data: 3.4298020489513874
