times:
  edit-metadata: 1.6557201258838177
  landing: 1.2632951885461807
  view-data: 3.3538672775030136
