times:
  edit-metadata: 1.6138673415407538
  landing: 0.9670446207746863
  view-data: 3.3355605714023113
