times:
  edit-metadata: 1.4958472605794668
  landing: 0.8068024720996618
  view-data: 3.3549770759418607
