times:
  edit-metadata: 1.56911800801754
  landing: 0.9398363679647446
  view-data: 3.2932896055281162
