times:
  edit-metadata: 1.4850918538868427
  landing: 0.7745331637561321
  view-data: 3.340288147330284
