times:
  edit-metadata: 0.7722519119270146
  landing: 0.04192900285124779
  view-data: 0.21414749091491103
