times:
  edit-metadata: 1.396064052998554
  landing: 0.024486532958690077
  view-data: 0.1298333170125261
