times:
  edit-metadata: 3.255549317225814
  landing: 1.297826667316258
  view-data: 3.6068947361782193
