times:
  edit-metadata: 1.5083358250558376
  landing: 0.7545835338532925
  view-data: 3.3080854900181293
