times:
  edit-metadata: 0.4722250369377434
  landing: 0.06572523387148976
  view-data: 0.21136608999222517
