times:
  edit-metadata: 1.487972775939852
  landing: 0.8140502590686083
  view-data: 3.3466918328776956
