times:
  edit-metadata: 1.5840639488305897
  landing: 0.8132509728893638
  view-data: 3.3462770429905504
