times:
  edit-metadata: 0.5544689820380881
  landing: 0.06701829202938825
  view-data: 0.21724045497830957
