times:
  edit-metadata: 1.5743518942035735
  landing: 0.7646988723427057
  view-data: 3.4175663040950894
