times:
  edit-metadata: 1.3965940084308386
  landing: 0.631549172103405
  view-data: 3.322149181738496
