times:
  edit-metadata: 0.47315902612172067
  landing: 0.06882127095013857
  view-data: 0.22659690910950303
