times:
  edit-metadata: 0.47174462769180536
  landing: 0.07856499729678035
  view-data: 0.21388336131349206
