times:
  edit-metadata: 1.2968804039992392
  landing: 0.6919846502132714
  view-data: 3.2895926060155034
