times:
  edit-metadata: 0.47222631331533194
  landing: 0.07124516693875194
  view-data: 0.21309137903153896
