times:
  edit-metadata: 2.521648982539773
  landing: 1.2082467712461948
  view-data: 3.7457127161324024
