times:
  edit-metadata: 0.4705858340021223
  landing: 0.0686467649647966
  view-data: 0.21234656602609903
