times:
  edit-metadata: 4.463139234110713
  landing: 1.8336724508553743
  view-data: 4.358509123325348
