times:
  edit-metadata: 1.5878030974417925
  landing: 0.7094918116927147
  view-data: 3.3573827855288982
