times:
  edit-metadata: 1.7284516245126724
  landing: 0.9833016283810139
  view-data: 3.37766519933939
