times:
  edit-metadata: 1.9645781852304935
  landing: 1.2221549600362778
  view-data: 3.495971444994211
