times:
  edit-metadata: 0.5225786902010441
  landing: 0.05702414968982339
  view-data: 0.25100112287327647
