times:
  edit-metadata: 1.8693445259705186
  landing: 1.58429223485291
  view-data: 3.552439745515585
