times:
  edit-metadata: 0.463512996037025
  landing: 0.06977515597827733
  view-data: 0.2154990910203196
