times:
  edit-metadata: 2.260955613106489
  landing: 0.9094568695873022
  view-data: 3.408312762156129
