times:
  edit-metadata: 1.3463439149782062
  landing: 0.6313301499467343
  view-data: 3.2203588818665594
