times:
  edit-metadata: 1.2570333441253752
  landing: 0.7612520209513605
  view-data: 3.312506897840649
