times:
  edit-metadata: 0.4709433049429208
  landing: 0.06715500494465232
  view-data: 0.20958574302494526
