times:
  edit-metadata: 1.4960132967680693
  landing: 0.7164602801203728
  view-data: 3.458891024813056
