times:
  edit-metadata: 1.444304447621107
  landing: 0.7604630850255489
  view-data: 3.368582908064127
