times:
  edit-metadata: 1.5256588199408725
  landing: 0.7667676080018282
  view-data: 3.384274833020754
