times:
  edit-metadata: 0.5732113580006626
  landing: 0.08411163700020552
  view-data: 0.22082541100007802
