times:
  edit-metadata: 2.116855730302632
  landing: 0.7448203004896641
  view-data: 3.3437389424070716
