times:
  edit-metadata: 1.5541943050920963
  landing: 0.8976595476269722
  view-data: 3.422046571969986
