times:
  edit-metadata: 1.4820815585553646
  landing: 0.6827616654336452
  view-data: 3.308845268562436
