times:
  edit-metadata: 1.8082054778933525
  landing: 1.8490287251770496
  view-data: 3.2866684161126614
