times:
  edit-metadata: 1.4951408579945564
  landing: 1.0544929839670658
  view-data: 3.4770761728286743
