times:
  edit-metadata: 0.618711682036519
  landing: 0.061879959888756275
  view-data: 0.3409829316660762
