times:
  edit-metadata: 1.4870837442576885
  landing: 0.8797432743012905
  view-data: 3.395325355231762
