times:
  edit-metadata: 1.3918632455170155
  landing: 0.8675108253955841
  view-data: 3.4049609377980232
