times:
  edit-metadata: 0.47773434896953404
  landing: 0.0541731019038707
  view-data: 0.2284424549434334
