times:
  edit-metadata: 0.5482559009687975
  landing: 0.06447964196559042
  view-data: 0.23493550799321383
