times:
  edit-metadata: 1.402586979791522
  landing: 0.6992713864892721
  view-data: 3.3686877600848675
