times:
  edit-metadata: 2.3362701274454594
  landing: 1.7249034531414509
  view-data: 3.482052408158779
