times:
  edit-metadata: 0.5946332141757011
  landing: 0.137930765748024
  view-data: 0.2187463752925396
