times:
  edit-metadata: 1.3995673931203783
  landing: 0.8579106130637228
  view-data: 3.358750255778432
