times:
  edit-metadata: 2.516620511189103
  landing: 1.503197479993105
  view-data: 3.562238523736596
