times:
  edit-metadata: 1.4279991835355759
  landing: 2.0293391793966293
  view-data: 3.296388942748308
