times:
  edit-metadata: 1.5708970576524734
  landing: 0.7933830991387367
  view-data: 3.4198903925716877
