times:
  edit-metadata: 0.6063546400109772
  landing: 0.09252993200789206
  view-data: 0.2571943469811231
