times:
  edit-metadata: 0.4763608439825475
  landing: 0.05631996295414865
  view-data: 0.2133055719314143
