times:
  edit-metadata: 1.4161106394603848
  landing: 0.7797810873016715
  view-data: 3.2907739179208875
