times:
  edit-metadata: 1.3517869971692562
  landing: 0.7788514383137226
  view-data: 3.4341156855225563
