times:
  edit-metadata: 0.549129027989693
  landing: 0.07223022601101547
  view-data: 0.2323886989906896
