times:
  edit-metadata: 1.4529684828594327
  landing: 0.6584875960834324
  view-data: 3.3857250190339983
