times:
  edit-metadata: 2.0381016489118338
  landing: 0.8723689839243889
  view-data: 3.346684653311968
