times:
  edit-metadata: 0.49263349873945117
  landing: 0.047773327678442
  view-data: 0.2120642000809312
