times:
  edit-metadata: 2.3562580049037933
  landing: 1.2248434014618397
  view-data: 3.5098095070570707
