times:
  edit-metadata: 1.687553733587265
  landing: 0.15072450786828995
  view-data: 0.16659668646752834
