times:
  edit-metadata: 2.0480949971824884
  landing: 1.1098383385688066
  view-data: 3.5959306433796883
