times:
  edit-metadata: 1.4357521561905742
  landing: 0.9045402277261019
  view-data: 3.4309516083449125
