times:
  edit-metadata: 1.5995433069765568
  landing: 0.8477100692689419
  view-data: 3.4042835533618927
