times:
  edit-metadata: 1.865369062870741
  landing: 1.2192364372313023
  view-data: 3.4050260670483112
