times:
  edit-metadata: 1.319830453954637
  landing: 0.6970579233020544
  view-data: 3.3044070256873965
