times:
  edit-metadata: 1.4944493509829044
  landing: 0.4271866977214813
  view-data: 0.16229168884456158
