times:
  edit-metadata: 1.4913685582578182
  landing: 0.6749242097139359
  view-data: 3.386213321238756
