times:
  edit-metadata: 0.7092816838994622
  landing: 0.06276622321456671
  view-data: 0.29436418088153005
