times:
  edit-metadata: 0.48630066215991974
  landing: 0.07158398604951799
  view-data: 0.2124888990074396
