times:
  edit-metadata: 1.4618722051382065
  landing: 0.8137400075793266
  view-data: 3.2975689359009266
