times:
  edit-metadata: 2.637034997344017
  landing: 1.4999870359897614
  view-data: 3.3968074340373278
