times:
  edit-metadata: 1.4581227228045464
  landing: 0.9888091124594212
  view-data: 3.3727359361946583
