times:
  edit-metadata: 1.5629429519176483
  landing: 0.7566883563995361
  view-data: 3.400659415870905
