times:
  edit-metadata: 1.5123986809048802
  landing: 0.830804314929992
  view-data: 3.385009631048888
