times:
  edit-metadata: 1.5169762670993805
  landing: 0.8818841874599457
  view-data: 3.407081864774227
