times:
  edit-metadata: 1.581706877797842
  landing: 0.7851453013718128
  view-data: 3.3742817752063274
