times:
  edit-metadata: 1.658060122281313
  landing: 1.132287174463272
  view-data: 3.3747615218162537
