times:
  edit-metadata: 1.7089540399610996
  landing: 0.9022023160941899
  view-data: 3.3651036047376692
