times:
  edit-metadata: 1.5800777189433575
  landing: 0.9275635182857513
  view-data: 3.3875390514731407
