times:
  edit-metadata: 1.7548063360154629
  landing: 1.1638502813875675
  view-data: 3.346910659223795
