times:
  edit-metadata: 1.2823486289707944
  landing: 0.46038661303464323
  view-data: 0.30684262001886964
