times:
  edit-metadata: 0.4699795830529183
  landing: 0.06041629100218415
  view-data: 0.34210338490083814
