times:
  edit-metadata: 1.3879698272794485
  landing: 0.7383308280259371
  view-data: 3.352923084050417
