times:
  edit-metadata: 1.3979503847658634
  landing: 0.880507867783308
  view-data: 3.347568476572633
