times:
  edit-metadata: 1.4464447982609272
  landing: 0.7838413529098034
  view-data: 3.434304878115654
