times:
  edit-metadata: 1.3873909693211317
  landing: 0.6802844703197479
  view-data: 3.307451520115137
