times:
  edit-metadata: 1.7955713272094727
  landing: 1.1184479519724846
  view-data: 3.371650990098715
