times:
  edit-metadata: 1.607985332608223
  landing: 1.1014691069722176
  view-data: 3.4747668839991093
