times:
  edit-metadata: 2.298875395208597
  landing: 1.2801186107099056
  view-data: 3.4536217227578163
