times:
  edit-metadata: 1.513725085183978
  landing: 0.8901298679411411
  view-data: 3.428575038909912
