times:
  edit-metadata: 0.5414817752316594
  landing: 0.05047805095091462
  view-data: 0.21100162994116545
