times:
  edit-metadata: 1.696420345455408
  landing: 0.6714004091918468
  view-data: 3.331420373171568
