times:
  edit-metadata: 0.5908574330096599
  landing: 0.09772966800665017
  view-data: 0.3046110650029732
