times:
  edit-metadata: 1.4024935369379818
  landing: 0.8230613120831549
  view-data: 3.3187019319739193
