times:
  edit-metadata: 2.9085665121674538
  landing: 1.7344748340547085
  view-data: 3.761102579534054
