times:
  edit-metadata: 1.7602187544107437
  landing: 0.9185109287500381
  view-data: 3.340255968272686
