times:
  edit-metadata: 1.3240505065768957
  landing: 0.7406802289187908
  view-data: 3.3864469155669212
