times:
  edit-metadata: 1.9432415179908276
  landing: 1.1102986373007298
  view-data: 3.364643033593893
