times:
  edit-metadata: 0.5695193269639276
  landing: 0.09108778304653242
  view-data: 0.2240214379853569
