times:
  edit-metadata: 0.47301555308513343
  landing: 0.06342619610950351
  view-data: 0.21994916815310717
