times:
  edit-metadata: 1.3645548671483994
  landing: 0.7388611529022455
  view-data: 3.435159705579281
