times:
  edit-metadata: 1.3230730686336756
  landing: 0.6639506183564663
  view-data: 3.364827275276184
