times:
  edit-metadata: 1.35499956458807
  landing: 0.8563256673514843
  view-data: 3.4185259863734245
