times:
  edit-metadata: 1.5537247294560075
  landing: 0.8345781117677689
  view-data: 3.371094422414899
