times:
  edit-metadata: 1.5592065509408712
  landing: 0.7652732841670513
  view-data: 3.465746257454157
