times:
  edit-metadata: 0.5528673049993813
  landing: 0.059524508003960364
  view-data: 0.21591882599750534
