times:
  edit-metadata: 1.3368794890120625
  landing: 0.9175670789554715
  view-data: 3.2782937469892204
