times:
  edit-metadata: 1.4249657317996025
  landing: 1.0375171080231667
  view-data: 3.354665692895651
