times:
  edit-metadata: 1.504489776911214
  landing: 0.8032131020445377
  view-data: 3.3704941839678213
