times:
  edit-metadata: 0.45744977495633066
  landing: 0.06969152018427849
  view-data: 0.21400557411834598
