times:
  edit-metadata: 1.3427708595991135
  landing: 0.774259902536869
  view-data: 3.3136846274137497
