times:
  edit-metadata: 1.4775247536599636
  landing: 0.9114272389560938
  view-data: 3.388439405709505
