times:
  edit-metadata: 0.5604976541362703
  landing: 0.08904841169714928
  view-data: 0.22304822225123644
