times:
  edit-metadata: 1.475626990199089
  landing: 0.8827877528965473
  view-data: 3.3522816374897957
