times:
  edit-metadata: 0.4606248199706897
  landing: 0.07028637104667723
  view-data: 0.22091101598925889
