times:
  edit-metadata: 1.6844585184007883
  landing: 0.8297311831265688
  view-data: 3.4290806613862514
