times:
  edit-metadata: 1.8018379211425781
  landing: 1.0847712866961956
  view-data: 3.389537163078785
