times:
  edit-metadata: 1.6163836317136884
  landing: 0.8720228290185332
  view-data: 3.271490733139217
