times:
  edit-metadata: 1.2592060789465904
  landing: 0.7779405117034912
  view-data: 3.3152436492964625
