times:
  edit-metadata: 1.370773517061025
  landing: 0.7051919619552791
  view-data: 3.3139236592687666
