times:
  edit-metadata: 2.496145024895668
  landing: 1.4519227594137192
  view-data: 3.726661531254649
