times:
  edit-metadata: 1.2882477529346943
  landing: 0.6959808301180601
  view-data: 3.3360329512506723
