times:
  edit-metadata: 0.5339550347998738
  landing: 0.06435216870158911
  view-data: 0.21108940988779068
