times:
  edit-metadata: 2.296212935820222
  landing: 1.5522424476221204
  view-data: 3.619173360057175
