times:
  edit-metadata: 1.5201265085488558
  landing: 0.722951851785183
  view-data: 3.3030830826610327
