times:
  edit-metadata: 0.5514339979999932
  landing: 0.06109396100509912
  view-data: 0.21411577000981197
