times:
  edit-metadata: 2.488137675449252
  landing: 1.3247852474451065
  view-data: 3.8547045905143023
