times:
  edit-metadata: 1.3892772812396288
  landing: 0.6839163340628147
  view-data: 3.376618390902877
