times:
  edit-metadata: 1.4110803678631783
  landing: 0.9214713163673878
  view-data: 3.4187985695898533
