times:
  edit-metadata: 0.5781236250186339
  landing: 0.084732145012822
  view-data: 0.23846743101603352
