times:
  edit-metadata: 0.49224433302879333
  landing: 0.056183484848588705
  view-data: 0.22069053095765412
