times:
  edit-metadata: 1.3548175320029259
  landing: 0.7657279707491398
  view-data: 3.344126459211111
