times:
  edit-metadata: 0.5566776710329577
  landing: 0.06154904002323747
  view-data: 0.21818959503434598
