times:
  edit-metadata: 1.501491779461503
  landing: 0.8480477435514331
  view-data: 3.4087965404614806
