times:
  edit-metadata: 1.4192136600613594
  landing: 0.8419306948781013
  view-data: 3.305985126644373
