times:
  edit-metadata: 1.970686662942171
  landing: 0.9186401478946209
  view-data: 3.4597358349710703
