times:
  edit-metadata: 0.73468282999238
  landing: 0.08153173502068967
  view-data: 0.22056576696923003
