times:
  edit-metadata: 2.3825953993946314
  landing: 1.1536641735583544
  view-data: 3.5079034212976694
