times:
  edit-metadata: 0.4718506131321192
  landing: 0.0687231021001935
  view-data: 0.22088967892341316
