times:
  edit-metadata: 1.4896861016750336
  landing: 0.9886817652732134
  view-data: 3.4220234695822
