times:
  edit-metadata: 1.5309922136366367
  landing: 0.897756390273571
  view-data: 3.4184293150901794
