times:
  edit-metadata: 1.5029687648639083
  landing: 0.8094539179001004
  view-data: 3.435644165147096
