times:
  edit-metadata: 1.3555781319737434
  landing: 0.6541000492870808
  view-data: 3.402198012918234
