times:
  edit-metadata: 0.47388906602282077
  landing: 0.0791355010587722
  view-data: 0.21860420901793987
