times:
  edit-metadata: 1.3703189063817263
  landing: 0.7383219040930271
  view-data: 3.3469281252473593
