times:
  edit-metadata: 1.3648961521685123
  landing: 0.7642267495393753
  view-data: 3.370337590575218
