times:
  edit-metadata: 0.4860376539872959
  landing: 0.05253682401962578
  view-data: 0.21717238798737526
