times:
  edit-metadata: 2.012718230485916
  landing: 1.0692233443260193
  view-data: 3.4156649596989155
