times:
  edit-metadata: 1.4537816848605871
  landing: 0.6901795603334904
  view-data: 3.385723788291216
