times:
  edit-metadata: 5.146099653095007
  landing: 1.8263393938541412
  view-data: 4.476658541709185
