times:
  edit-metadata: 1.4237517677247524
  landing: 0.8304087966680527
  view-data: 3.383787836879492
