times:
  edit-metadata: 2.9908457677811384
  landing: 1.288417972624302
  view-data: 3.5462305694818497
