times:
  edit-metadata: 1.4312159651890397
  landing: 0.7896484918892384
  view-data: 3.349782927893102
