times:
  edit-metadata: 1.429858890362084
  landing: 0.8086163951084018
  view-data: 3.3212094521149993
