times:
  edit-metadata: 0.4943869389826432
  landing: 0.05827412707731128
  view-data: 0.2065761430421844
