times:
  edit-metadata: 1.7642483487725258
  landing: 1.0320682898163795
  view-data: 3.4151571318507195
