times:
  edit-metadata: 0.5525827840901911
  landing: 0.06383014377206564
  view-data: 0.22180103417485952
