times:
  edit-metadata: 1.8109800042584538
  landing: 1.0146939055994153
  view-data: 3.3721183417364955
