times:
  edit-metadata: 0.47455235198140144
  landing: 0.04690315201878548
  view-data: 0.20347242802381516
