times:
  edit-metadata: 0.543541973000174
  landing: 0.06093185800000356
  view-data: 0.22288596700036578
