times:
  edit-metadata: 1.3677968308329582
  landing: 0.7076667193323374
  view-data: 3.3482449054718018
