times:
  edit-metadata: 1.9690285078249872
  landing: 1.2573617966845632
  view-data: 3.4426867752335966
