times:
  edit-metadata: 0.49943555891513824
  landing: 0.05621482292190194
  view-data: 0.23511356906965375
