times:
  edit-metadata: 1.5286015616729856
  landing: 0.8167452039197087
  view-data: 3.391504406929016
