times:
  edit-metadata: 1.3876535221934319
  landing: 0.6417033579200506
  view-data: 3.37695499882102
