times:
  edit-metadata: 0.4634539019316435
  landing: 0.06414781301282346
  view-data: 0.21344278380274773
