times:
  edit-metadata: 1.5494030676782131
  landing: 1.0657283142209053
  view-data: 3.5803193487226963
