times:
  edit-metadata: 0.7419248759979382
  landing: 0.09985631000017747
  view-data: 0.23106343403924257
