times:
  edit-metadata: 0.4654790568165481
  landing: 0.07057404611259699
  view-data: 0.2162974150851369
