times:
  edit-metadata: 0.5368130230344832
  landing: 0.06852940563112497
  view-data: 0.20975784491747618
