times:
  edit-metadata: 1.5489774197340012
  landing: 1.017038207501173
  view-data: 3.323116786777973
