times:
  edit-metadata: 1.43540258705616
  landing: 0.7501188367605209
  view-data: 3.4402536917477846
