times:
  edit-metadata: 1.3649310320615768
  landing: 0.7876167483627796
  view-data: 3.2845587953925133
