times:
  edit-metadata: 1.6667835898697376
  landing: 1.0949092581868172
  view-data: 3.3588019348680973
