times:
  edit-metadata: 2.4132859222590923
  landing: 1.7880905233323574
  view-data: 3.8763754554092884
