times:
  edit-metadata: 2.055607609450817
  landing: 0.9568114764988422
  view-data: 3.4456112533807755
