times:
  edit-metadata: 1.6225752849131823
  landing: 0.8886298555880785
  view-data: 3.5225957445800304
