times:
  edit-metadata: 1.4243429601192474
  landing: 0.922486674040556
  view-data: 3.3788171224296093
