times:
  edit-metadata: 0.48904907098039985
  landing: 0.04508534190244973
  view-data: 0.21359792305156589
