times:
  edit-metadata: 1.9843733832240105
  landing: 1.3434468917548656
  view-data: 3.4198805168271065
