times:
  edit-metadata: 1.5223022066056728
  landing: 0.8939608037471771
  view-data: 3.411046300083399
