times:
  edit-metadata: 0.5031473920098506
  landing: 0.05022578302305192
  view-data: 0.2131336000165902
