times:
  edit-metadata: 3.48774572648108
  landing: 1.2024253085255623
  view-data: 3.6722104381769896
