times:
  edit-metadata: 1.7882561348378658
  landing: 1.1511892192065716
  view-data: 3.3917160853743553
