times:
  edit-metadata: 2.289995364844799
  landing: 1.3063448779284954
  view-data: 3.8308228999376297
