times:
  edit-metadata: 0.4715768820606172
  landing: 0.06463013123720884
  view-data: 0.20794860878959298
