times:
  edit-metadata: 0.4822564229834825
  landing: 0.0679390870500356
  view-data: 0.22239302389789373
