times:
  edit-metadata: 1.3986073676496744
  landing: 0.7503818292170763
  view-data: 3.3642738349735737
