times:
  edit-metadata: 1.6569995321333408
  landing: 1.044053640216589
  view-data: 3.3644807785749435
