times:
  edit-metadata: 0.562146327982191
  landing: 0.08691913599614054
  view-data: 0.2394665550091304
