times:
  edit-metadata: 1.6355659812688828
  landing: 0.8895087223500013
  view-data: 3.3467194475233555
