times:
  edit-metadata: 2.1169587187469006
  landing: 1.0481172744184732
  view-data: 3.4930756222456694
