times:
  edit-metadata: 0.5123385660117492
  landing: 0.05164761794731021
  view-data: 0.3439750919351354
