times:
  edit-metadata: 0.7301756837405264
  landing: 0.08356403186917305
  view-data: 0.2088128593750298
