times:
  edit-metadata: 1.6015353575348854
  landing: 0.9786359518766403
  view-data: 3.3951516896486282
