times:
  edit-metadata: 0.531596285989508
  landing: 0.06646313495002687
  view-data: 0.21466226503252983
