times:
  edit-metadata: 1.8350891321897507
  landing: 0.8099194820970297
  view-data: 3.3590927962213755
