times:
  edit-metadata: 1.4549645408988
  landing: 0.6952892951667309
  view-data: 3.25899613276124
