times:
  edit-metadata: 1.4007495641708374
  landing: 0.895808070898056
  view-data: 3.4335884004831314
