times:
  edit-metadata: 0.4674571880605072
  landing: 0.07154151005670428
  view-data: 0.21508959704078734
