times:
  edit-metadata: 0.5980264777317643
  landing: 0.12172099761664867
  view-data: 0.3066805782727897
