times:
  edit-metadata: 0.47907677601324394
  landing: 0.051693957997485995
  view-data: 0.21880212402902544
