times:
  edit-metadata: 1.830672912299633
  landing: 0.9442293122410774
  view-data: 3.4266718961298466
