times:
  edit-metadata: 1.4731141366064548
  landing: 0.665028054267168
  view-data: 3.34294705837965
