times:
  edit-metadata: 0.566254476987524
  landing: 0.07088704899069853
  view-data: 0.21248838800238445
