times:
  edit-metadata: 0.5440612960010185
  landing: 0.07155353899725014
  view-data: 0.21504393399663968
