times:
  edit-metadata: 0.6016242718324065
  landing: 0.11667776992544532
  view-data: 0.22115783672779799
