times:
  edit-metadata: 0.5532609770307317
  landing: 0.044455925934016705
  view-data: 0.22182576800696552
