times:
  edit-metadata: 1.4975678334012628
  landing: 0.7777470350265503
  view-data: 3.358416987583041
