times:
  edit-metadata: 1.7441433928906918
  landing: 1.062760654836893
  view-data: 3.4446978643536568
