times:
  edit-metadata: 0.5512074910802767
  landing: 0.07937448099255562
  view-data: 0.2213504840619862
