times:
  edit-metadata: 0.5377768860198557
  landing: 0.0640810348559171
  view-data: 0.2208991029765457
