times:
  edit-metadata: 0.5708175869658589
  landing: 0.04778189200442284
  view-data: 0.22763789497548714
