times:
  edit-metadata: 1.4807861307635903
  landing: 0.8089195331558585
  view-data: 3.3663285579532385
