times:
  edit-metadata: 1.628345087170601
  landing: 1.2075654827058315
  view-data: 3.4357375279068947
