times:
  edit-metadata: 1.6269259490072727
  landing: 0.17523188330233097
  view-data: 0.26528289169073105
