times:
  edit-metadata: 1.4968335386365652
  landing: 0.8118256535381079
  view-data: 3.388116681948304
