times:
  edit-metadata: 1.4692771770060062
  landing: 0.871341522783041
  view-data: 3.350099977105856
