times:
  edit-metadata: 1.7299512270838022
  landing: 0.7590628881007433
  view-data: 3.4453009720891714
