times:
  edit-metadata: 1.4134719464927912
  landing: 0.8403486832976341
  view-data: 3.3409489169716835
