times:
  edit-metadata: 1.5622135121375322
  landing: 0.7002569250762463
  view-data: 3.3392068780958652
