times:
  edit-metadata: 0.8052504099905491
  landing: 0.14221304701641202
  view-data: 0.2092418228276074
