times:
  edit-metadata: 0.46879278076812625
  landing: 0.06795606901869178
  view-data: 0.214068619068712
