times:
  edit-metadata: 1.614910438656807
  landing: 0.925676740705967
  view-data: 3.3838399685919285
