times:
  edit-metadata: 1.446947604417801
  landing: 0.8495542146265507
  view-data: 3.4490591548383236
