times:
  edit-metadata: 0.471346118953079
  landing: 0.0658731940202415
  view-data: 0.2135150940157473
