times:
  edit-metadata: 3.267413454130292
  landing: 1.2444913852959871
  view-data: 3.498873141594231
