times:
  edit-metadata: 1.6738908402621746
  landing: 1.0063195824623108
  view-data: 3.3958871960639954
