times:
  edit-metadata: 1.4892938360571861
  landing: 0.8611169625073671
  view-data: 3.3623855281621218
