times:
  edit-metadata: 0.5548657169565558
  landing: 0.1083703269250691
  view-data: 0.24410946597345173
