times:
  edit-metadata: 0.5175288110040128
  landing: 0.06185535015538335
  view-data: 0.20207003597170115
