times:
  edit-metadata: 1.6099056266248226
  landing: 0.9208459481596947
  view-data: 3.415829323232174
