times:
  edit-metadata: 1.6021024342626333
  landing: 0.8626888748258352
  view-data: 3.4036913067102432
