times:
  edit-metadata: 1.3529552407562733
  landing: 0.8825602801516652
  view-data: 3.388532613404095
