times:
  edit-metadata: 1.4915711171925068
  landing: 0.7661976050585508
  view-data: 3.3188023697584867
