times:
  edit-metadata: 3.0960386618971825
  landing: 1.4436411447823048
  view-data: 3.4554265961050987
