times:
  edit-metadata: 1.4474601158872247
  landing: 0.8169444631785154
  view-data: 3.3830422712489963
