times:
  edit-metadata: 0.5005516950041056
  landing: 0.044692073948681355
  view-data: 0.2270915370900184
