times:
  edit-metadata: 2.366053393110633
  landing: 1.2356503382325172
  view-data: 3.476034499704838
