times:
  edit-metadata: 2.2247884701937437
  landing: 1.4634731793776155
  view-data: 3.4358431128785014
