times:
  edit-metadata: 1.4372332920320332
  landing: 0.65347935911268
  view-data: 3.339000253006816
