times:
  edit-metadata: 0.552152493968606
  landing: 0.04677169997012243
  view-data: 0.23603081400506198
