times:
  edit-metadata: 1.5316008001100272
  landing: 0.8488186080940068
  view-data: 3.2953438791446388
