times:
  edit-metadata: 1.3792154602706432
  landing: 0.8414993137121201
  view-data: 3.384589295834303
