times:
  edit-metadata: 1.3521937667392194
  landing: 1.0303977048024535
  view-data: 3.2789774080738425
