times:
  edit-metadata: 1.9305503517389297
  landing: 1.3323513604700565
  view-data: 3.8990978077054024
