times:
  edit-metadata: 1.6379110980778933
  landing: 1.132558018900454
  view-data: 3.42503336397931
