times:
  edit-metadata: 1.388329471461475
  landing: 0.8046226277947426
  view-data: 3.27546011749655
