times:
  edit-metadata: 0.46359002706594765
  landing: 0.06611902685835958
  view-data: 0.21020721085369587
