times:
  edit-metadata: 1.27915882691741
  landing: 0.6967023853212595
  view-data: 3.3256136421114206
