times:
  edit-metadata: 0.7452799840830266
  landing: 0.09808045672252774
  view-data: 0.21115879714488983
