times:
  edit-metadata: 3.227345697581768
  landing: 1.5850059911608696
  view-data: 3.582519516348839
