times:
  edit-metadata: 1.2567655519815162
  landing: 1.0585335340583697
  view-data: 3.3709682120243087
