times:
  edit-metadata: 1.635690812021494
  landing: 1.0160013511776924
  view-data: 3.420523516833782
