times:
  edit-metadata: 1.3558489717543125
  landing: 0.8314589820802212
  view-data: 3.328404627740383
