times:
  edit-metadata: 1.5536179654300213
  landing: 1.089945089071989
  view-data: 3.4879199862480164
