times:
  edit-metadata: 1.3458484029397368
  landing: 0.8226995277218521
  view-data: 3.349309080746025
