times:
  edit-metadata: 0.48994871182367206
  landing: 0.05124412011355162
  view-data: 0.21041827788576484
