times:
  edit-metadata: 0.46289393305778503
  landing: 0.06546274712309241
  view-data: 0.2203633449971676
