times:
  edit-metadata: 1.6787034291774035
  landing: 0.3193405419588089
  view-data: 0.1516126599162817
