times:
  edit-metadata: 1.3806116431951523
  landing: 0.8440331891179085
  view-data: 3.451095201075077
