times:
  edit-metadata: 1.2374423649162054
  landing: 0.758634249214083
  view-data: 3.309087995905429
