times:
  edit-metadata: 0.46613031905144453
  landing: 0.06430060905404389
  view-data: 0.22297752101439983
