times:
  edit-metadata: 1.9491204284131527
  landing: 1.2576547041535378
  view-data: 3.3938194401562214
