times:
  edit-metadata: 0.46364831900427816
  landing: 0.06929191100061871
  view-data: 0.3501263279977138
