times:
  edit-metadata: 1.3385753836482763
  landing: 0.7609340362250805
  view-data: 3.273251723498106
