times:
  edit-metadata: 1.4538600398227572
  landing: 0.8149718660861254
  view-data: 3.3768280502408743
