times:
  edit-metadata: 1.6363798193633556
  landing: 0.6646707281470299
  view-data: 3.309546370059252
