times:
  edit-metadata: 1.5711161689832807
  landing: 0.6734253668691963
  view-data: 3.3368518122006208
