times:
  edit-metadata: 1.6265761405229568
  landing: 0.9288304373621941
  view-data: 3.473776016384363
