times:
  edit-metadata: 1.5034205056726933
  landing: 0.8995024189352989
  view-data: 3.3600638918578625
