times:
  edit-metadata: 2.27470581792295
  landing: 1.249862615019083
  view-data: 3.446065554395318
