times:
  edit-metadata: 1.4040852240286767
  landing: 0.7085857158526778
  view-data: 3.5191906709223986
