times:
  edit-metadata: 1.3999911323189735
  landing: 0.7459322810173035
  view-data: 3.4350139889866114
