times:
  edit-metadata: 1.7221984341740608
  landing: 1.0392791852355003
  view-data: 3.4624569974839687
