times:
  edit-metadata: 1.4336473122239113
  landing: 0.7589958477765322
  view-data: 3.327660948038101
