times:
  edit-metadata: 1.3065498527139425
  landing: 0.8214553352445364
  view-data: 3.3796703964471817
