times:
  edit-metadata: 0.5638290643692017
  landing: 0.05282182013615966
  view-data: 0.22190922871232033
