times:
  edit-metadata: 1.7403678484261036
  landing: 1.3013305887579918
  view-data: 3.4274924732744694
