times:
  edit-metadata: 1.5351303480565548
  landing: 1.037336926907301
  view-data: 3.335934914648533
