times:
  edit-metadata: 1.6191388871520758
  landing: 0.7001288682222366
  view-data: 3.3077850956469774
