times:
  edit-metadata: 1.5668355450034142
  landing: 0.7951589860022068
  view-data: 3.35150732845068
