times:
  edit-metadata: 2.790495352819562
  landing: 1.510452238842845
  view-data: 3.8982491809874773
