times:
  edit-metadata: 1.4114903463050723
  landing: 0.81459541618824
  view-data: 3.4078627740964293
