times:
  edit-metadata: 1.4068176341243088
  landing: 0.8340132078155875
  view-data: 3.303615679964423
