times:
  edit-metadata: 0.48279702896252275
  landing: 0.06380312703549862
  view-data: 0.2189989690668881
