times:
  edit-metadata: 1.41947409696877
  landing: 0.7869177060201764
  view-data: 3.4239758448675275
