times:
  edit-metadata: 2.097183307632804
  landing: 1.1376790162175894
  view-data: 3.5005514919757843
