times:
  edit-metadata: 1.4727758192457259
  landing: 0.8002476580440998
  view-data: 3.4693297487683594
