times:
  edit-metadata: 1.518969226628542
  landing: 0.9075874835252762
  view-data: 3.3829442895948887
