times:
  edit-metadata: 0.4710216319654137
  landing: 0.07290646387264132
  view-data: 0.20765324402600527
