times:
  edit-metadata: 0.5614928989671171
  landing: 0.04291641712188721
  view-data: 0.22534894477576017
