times:
  edit-metadata: 0.4704018150223419
  landing: 0.07000375294592232
  view-data: 0.21234451001510024
