times:
  edit-metadata: 1.9191881609149277
  landing: 2.2480684090405703
  view-data: 3.373274478595704
