times:
  edit-metadata: 0.6491228719241917
  landing: 0.07022055611014366
  view-data: 0.31631899531930685
