times:
  edit-metadata: 1.3650472052395344
  landing: 0.7178994808346033
  view-data: 3.2902568764984608
