times:
  edit-metadata: 1.2510918993502855
  landing: 0.6743731666356325
  view-data: 3.262625252828002
