times:
  edit-metadata: 2.5567317977547646
  landing: 1.4383200453594327
  view-data: 3.6249164221808314
