times:
  edit-metadata: 1.6953493719920516
  landing: 1.2412543687969446
  view-data: 4.146219218149781
