times:
  edit-metadata: 0.6511594280600548
  landing: 0.08816304104402661
  view-data: 0.21339422604069114
