times:
  edit-metadata: 1.4247755222022533
  landing: 0.7540253717452288
  view-data: 3.466896804049611
