times:
  edit-metadata: 1.7577782310545444
  landing: 1.0595230795443058
  view-data: 3.484230563044548
