times:
  edit-metadata: 1.526550185168162
  landing: 0.8233919939957559
  view-data: 3.4009372079744935
