times:
  edit-metadata: 1.4189372160471976
  landing: 0.7247084019472823
  view-data: 3.256068438058719
