times:
  edit-metadata: 0.4797348980791867
  landing: 0.04250729503110051
  view-data: 0.2074196799658239
