times:
  edit-metadata: 1.5462378291413188
  landing: 0.8137016566470265
  view-data: 3.427239782176912
