times:
  edit-metadata: 1.4999844543635845
  landing: 0.8901911340653896
  view-data: 3.4363696686923504
