times:
  edit-metadata: 1.7613843753933907
  landing: 1.0713105574250221
  view-data: 3.383254684507847
