times:
  edit-metadata: 1.3764958558604121
  landing: 0.8428226308897138
  view-data: 3.4527060450054705
