times:
  edit-metadata: 1.3850677935406566
  landing: 0.75939105078578
  view-data: 3.306385215371847
