times:
  edit-metadata: 0.4593892351258546
  landing: 0.06951428018510342
  view-data: 0.23263095715083182
