times:
  edit-metadata: 1.3631859011948109
  landing: 0.9502537548542023
  view-data: 3.3943104222416878
