times:
  edit-metadata: 0.48373519399319775
  landing: 0.05766263499390334
  view-data: 0.2136428480152972
