times:
  edit-metadata: 1.4286976531147957
  landing: 0.7354857579339296
  view-data: 3.3336443258449435
