times:
  edit-metadata: 1.4621097948402166
  landing: 0.8129669204354286
  view-data: 3.3124410063028336
