times:
  edit-metadata: 1.4978531710803509
  landing: 0.9729338698089123
  view-data: 3.410344820469618
