times:
  edit-metadata: 1.4417002648115158
  landing: 0.8251102976500988
  view-data: 3.422778096050024
