times:
  edit-metadata: 0.47318511799676344
  landing: 0.05028170099831186
  view-data: 0.3407469149969984
