times:
  edit-metadata: 0.602610788308084
  landing: 0.11678700102493167
  view-data: 0.23956253426149487
