times:
  edit-metadata: 1.444049566052854
  landing: 0.8637702348642051
  view-data: 3.3549798680469394
