times:
  edit-metadata: 1.6900701709091663
  landing: 1.0141923315823078
  view-data: 3.4187559746205807
