times:
  edit-metadata: 1.356439232826233
  landing: 0.6091526951640844
  view-data: 3.2916959188878536
