times:
  edit-metadata: 1.4066302925348282
  landing: 0.6636098902672529
  view-data: 3.3750328179448843
