times:
  edit-metadata: 0.5810385750082787
  landing: 0.06632314101443626
  view-data: 0.26554333200328983
