times:
  edit-metadata: 1.6439165119081736
  landing: 0.9580286145210266
  view-data: 3.3403341080993414
