times:
  edit-metadata: 1.5565071143209934
  landing: 0.8997141756117344
  view-data: 3.4323827009648085
