times:
  edit-metadata: 1.4061546809971333
  landing: 0.8704657591879368
  view-data: 3.332520755007863
