times:
  edit-metadata: 0.5097055350197479
  landing: 0.045133313979022205
  view-data: 0.21343704697210342
