times:
  edit-metadata: 0.4767546569928527
  landing: 0.07041442696936429
  view-data: 0.3340820500161499
