times:
  edit-metadata: 1.3456669952720404
  landing: 0.689104026183486
  view-data: 3.2978274282068014
