times:
  edit-metadata: 2.677570717409253
  landing: 1.4017837159335613
  view-data: 3.906222952529788
