times:
  edit-metadata: 1.6989792995154858
  landing: 1.1725302310660481
  view-data: 3.452351374551654
