times:
  edit-metadata: 1.435900054872036
  landing: 0.8141943924129009
  view-data: 3.3551845382899046
