times:
  edit-metadata: 1.5816921554505825
  landing: 0.7765813153237104
  view-data: 3.3298544250428677
