times:
  edit-metadata: 1.5176544291898608
  landing: 1.2152778888121247
  view-data: 3.396492425352335
