times:
  edit-metadata: 1.6008059717714787
  landing: 1.1038939282298088
  view-data: 6.351172119379044
