times:
  edit-metadata: 0.5358230419951724
  landing: 0.0767653259972576
  view-data: 0.2155159289977746
