times:
  edit-metadata: 0.48151012789458036
  landing: 0.06917641987092793
  view-data: 0.21153733902610838
