times:
  edit-metadata: 1.5189772471785545
  landing: 0.8719677105545998
  view-data: 3.4106646180152893
