times:
  edit-metadata: 1.5513401702046394
  landing: 0.8363546282052994
  view-data: 3.3110764026641846
