times:
  edit-metadata: 1.512804102152586
  landing: 0.9143198505043983
  view-data: 3.44595717638731
