times:
  edit-metadata: 1.3787513487040997
  landing: 0.9433642141520977
  view-data: 3.3157119899988174
