times:
  edit-metadata: 0.5008801799849607
  landing: 0.04892985097831115
  view-data: 0.22486161399865523
