times:
  edit-metadata: 1.5360078290104866
  landing: 0.7479135803878307
  view-data: 3.258510895073414
