times:
  edit-metadata: 1.4092487879097462
  landing: 0.7910238839685917
  view-data: 3.3431432619690895
