times:
  edit-metadata: 1.4542850852012634
  landing: 0.9451480284333229
  view-data: 3.515793025493622
