times:
  edit-metadata: 2.212601199746132
  landing: 1.0791166238486767
  view-data: 3.5012001022696495
