times:
  edit-metadata: 1.3608639761805534
  landing: 0.7915797233581543
  view-data: 3.3293122313916683
