times:
  edit-metadata: 1.4934866726398468
  landing: 0.8063586726784706
  view-data: 3.5215527415275574
