times:
  edit-metadata: 1.4462879002094269
  landing: 0.8265760615468025
  view-data: 3.4759709537029266
