times:
  edit-metadata: 1.5604541152715683
  landing: 0.8685272336006165
  view-data: 3.4826958402991295
