times:
  edit-metadata: 1.4844794422388077
  landing: 0.7750790640711784
  view-data: 3.4317626953125
