times:
  edit-metadata: 1.9336381182074547
  landing: 1.2226875126361847
  view-data: 3.3524572774767876
