times:
  edit-metadata: 1.4553171172738075
  landing: 0.7772015519440174
  view-data: 3.2929635010659695
