times:
  edit-metadata: 1.6278506070375443
  landing: 0.9307959824800491
  view-data: 3.3195081651210785
