times:
  edit-metadata: 1.451482381671667
  landing: 0.8036256320774555
  view-data: 3.2527508288621902
