times:
  edit-metadata: 1.6259584501385689
  landing: 0.8223744556307793
  view-data: 3.4480502232909203
