times:
  edit-metadata: 1.5680344849824905
  landing: 0.790167361497879
  view-data: 3.3908775076270103
