times:
  edit-metadata: 3.1145945712924004
  landing: 2.3995822742581367
  view-data: 3.545573763549328
