times:
  edit-metadata: 1.534736454486847
  landing: 0.8329863771796227
  view-data: 3.4872905537486076
