times:
  edit-metadata: 2.3215980753302574
  landing: 1.1410486325621605
  view-data: 3.6731254681944847
