times:
  edit-metadata: 1.5941087752580643
  landing: 0.7909854799509048
  view-data: 3.5014239475131035
