times:
  edit-metadata: 1.6112790256738663
  landing: 0.8338872864842415
  view-data: 3.519784912467003
