times:
  edit-metadata: 1.4438598603010178
  landing: 0.8080766946077347
  view-data: 3.4606780037283897
