times:
  edit-metadata: 1.4077827706933022
  landing: 0.7211530655622482
  view-data: 3.2656019032001495
