times:
  edit-metadata: 3.451366923749447
  landing: 1.3535038121044636
  view-data: 3.5080885216593742
