times:
  edit-metadata: 2.9243752621114254
  landing: 1.391891561448574
  view-data: 3.3001196533441544
