times:
  edit-metadata: 1.4457734934985638
  landing: 0.7181624658405781
  view-data: 3.299024187028408
