times:
  edit-metadata: 1.4248570799827576
  landing: 0.7994135469198227
  view-data: 3.4263410456478596
