times:
  edit-metadata: 1.406958531588316
  landing: 0.807570643723011
  view-data: 3.3714394755661488
