times:
  edit-metadata: 1.9856436997652054
  landing: 1.347011424601078
  view-data: 3.71739861369133
