times:
  edit-metadata: 1.6282569728791714
  landing: 0.8382508158683777
  view-data: 3.3207097724080086
