times:
  edit-metadata: 1.4065739326179028
  landing: 1.002400279045105
  view-data: 3.298233076930046
