times:
  edit-metadata: 1.490136530250311
  landing: 0.9582513310015202
  view-data: 3.2870021238923073
