times:
  edit-metadata: 1.710733287036419
  landing: 0.9558826610445976
  view-data: 3.7324850037693977
