times:
  edit-metadata: 1.478391818702221
  landing: 0.8843049965798855
  view-data: 3.3248919025063515
