times:
  edit-metadata: 1.4514643475413322
  landing: 0.7628221735358238
  view-data: 3.378031089901924
