times:
  edit-metadata: 1.5947605334222317
  landing: 0.9495231211185455
  view-data: 3.40410166233778
