times:
  edit-metadata: 1.5836851745843887
  landing: 0.7464088797569275
  view-data: 3.434993140399456
