times:
  edit-metadata: 1.6700801327824593
  landing: 0.9487958624958992
  view-data: 3.5238227397203445
