times:
  edit-metadata: 1.4677502885460854
  landing: 0.9692176952958107
  view-data: 3.5297757759690285
