times:
  edit-metadata: 1.4640076830983162
  landing: 0.8294544667005539
  view-data: 3.430650234222412
