times:
  edit-metadata: 1.6517661362886429
  landing: 1.1164996922016144
  view-data: 3.4114738404750824
