times:
  edit-metadata: 1.5096550956368446
  landing: 0.8675970584154129
  view-data: 3.354497380554676
