times:
  edit-metadata: 1.8245992437005043
  landing: 1.0336581692099571
  view-data: 3.456249512732029
