times:
  edit-metadata: 1.5131223648786545
  landing: 0.9022555686533451
  view-data: 3.4131166748702526
