times:
  edit-metadata: 1.5237478390336037
  landing: 0.8512992635369301
  view-data: 3.336665041744709
