times:
  edit-metadata: 1.5325693637132645
  landing: 0.8854529857635498
  view-data: 3.4815842360258102
