times:
  edit-metadata: 1.4091095142066479
  landing: 0.7474009692668915
  view-data: 3.3152972795069218
