times:
  edit-metadata: 1.3617006726562977
  landing: 0.7648207172751427
  view-data: 3.3609847351908684
