times:
  edit-metadata: 1.5137662217020988
  landing: 0.783680222928524
  view-data: 3.324619524180889
