times:
  edit-metadata: 1.5012477226555347
  landing: 0.7925695292651653
  view-data: 3.266686525195837
