times:
  edit-metadata: 1.5510766915977001
  landing: 0.9425933621823788
  view-data: 3.4249792620539665
