times:
  edit-metadata: 1.4242729023098946
  landing: 0.7150518298149109
  view-data: 3.2451205663383007
