times:
  edit-metadata: 1.4216906428337097
  landing: 0.7721045091748238
  view-data: 3.505816660821438
