times:
  edit-metadata: 1.4903281033039093
  landing: 0.8805901408195496
  view-data: 3.3971452862024307
