times:
  edit-metadata: 1.5026046261191368
  landing: 0.7858087308704853
  view-data: 3.308802355080843
