times:
  edit-metadata: 2.0895685516297817
  landing: 1.1777603924274445
  view-data: 3.384462084621191
