times:
  edit-metadata: 1.6663276217877865
  landing: 0.8937309496104717
  view-data: 3.3560436442494392
