times:
  edit-metadata: 1.9883033111691475
  landing: 0.9650257304310799
  view-data: 3.384521044790745
