times:
  edit-metadata: 1.4391843862831593
  landing: 0.8067021816968918
  view-data: 3.352114088833332
