times:
  edit-metadata: 1.515124961733818
  landing: 0.9463667348027229
  view-data: 3.4929817020893097
