times:
  edit-metadata: 1.4986263141036034
  landing: 1.0425294041633606
  view-data: 3.290221594274044
