times:
  edit-metadata: 1.492084875702858
  landing: 0.8477275148034096
  view-data: 3.4770085215568542
