times:
  edit-metadata: 1.630197063088417
  landing: 0.7226411029696465
  view-data: 3.4603877291083336
