times:
  edit-metadata: 1.6194641813635826
  landing: 0.8033901676535606
  view-data: 3.4276156947016716
