times:
  edit-metadata: 1.56860713660717
  landing: 0.7953828945755959
  view-data: 3.511512517929077
