times:
  edit-metadata: 1.3871030434966087
  landing: 0.8339792154729366
  view-data: 3.295435097068548
