times:
  edit-metadata: 1.5458802431821823
  landing: 0.8779048249125481
  view-data: 3.327116549015045
