times:
  edit-metadata: 1.5239397622644901
  landing: 0.7993079386651516
  view-data: 3.3502728305757046
