times:
  edit-metadata: 1.492514319717884
  landing: 1.0107059627771378
  view-data: 3.3857036530971527
