times:
  edit-metadata: 1.4585533291101456
  landing: 0.8031783476471901
  view-data: 3.4538312926888466
