times:
  edit-metadata: 1.3811329565942287
  landing: 0.8291425257921219
  view-data: 3.3112540245056152
