times:
  edit-metadata: 1.4680597521364689
  landing: 0.8754954934120178
  view-data: 3.3384516537189484
