times:
  edit-metadata: 1.4438748843967915
  landing: 0.7068972773849964
  view-data: 3.304535187780857
