times:
  edit-metadata: 1.4878251403570175
  landing: 0.8369479328393936
  view-data: 3.300914116203785
