times:
  edit-metadata: 1.47627791762352
  landing: 0.8223696127533913
  view-data: 3.4849019646644592
