times:
  edit-metadata: 1.5374076068401337
  landing: 0.7214523106813431
  view-data: 3.466814249753952
