times:
  edit-metadata: 1.7887386977672577
  landing: 1.167800910770893
  view-data: 3.6390861496329308
