times:
  edit-metadata: 1.4720700532197952
  landing: 0.7345531210303307
  view-data: 3.5067524686455727
