times:
  edit-metadata: 1.4428193271160126
  landing: 0.6993662416934967
  view-data: 3.402165822684765
