times:
  edit-metadata: 1.4277968034148216
  landing: 0.7114578038454056
  view-data: 3.302586629986763
