times:
  edit-metadata: 1.449529990553856
  landing: 0.8180662542581558
  view-data: 3.4756685122847557
