times:
  edit-metadata: 1.6951911374926567
  landing: 0.8806823790073395
  view-data: 3.5480521470308304
