times:
  edit-metadata: 1.4940245784819126
  landing: 0.7229118719696999
  view-data: 3.2622294388711452
