times:
  edit-metadata: 1.4474915340542793
  landing: 0.7822614461183548
  view-data: 3.327709011733532
