times:
  edit-metadata: 1.5108971074223518
  landing: 0.7915478944778442
  view-data: 3.4687402844429016
