times:
  edit-metadata: 1.4974582642316818
  landing: 0.8512534573674202
  view-data: 3.5341715067625046
