times:
  edit-metadata: 1.485649324953556
  landing: 0.7616691142320633
  view-data: 3.47111963480711
