times:
  edit-metadata: 1.4875387325882912
  landing: 0.7837850898504257
  view-data: 3.3130953796207905
