times:
  edit-metadata: 1.6512960940599442
  landing: 0.9046953096985817
  view-data: 3.335289992392063
