times:
  edit-metadata: 1.4417793601751328
  landing: 0.8660755902528763
  view-data: 3.2733788192272186
