times:
  edit-metadata: 1.4606782719492912
  landing: 0.7268319241702557
  view-data: 3.3007051683962345
