times:
  edit-metadata: 2.2033791542053223
  landing: 1.1530786454677582
  view-data: 3.3935815021395683
