times:
  edit-metadata: 1.700816586613655
  landing: 0.9954911172389984
  view-data: 3.552580788731575
