times:
  edit-metadata: 1.3945673108100891
  landing: 0.7687857076525688
  view-data: 3.42043886333704
