times:
  edit-metadata: 1.3644381538033485
  landing: 0.7942467853426933
  view-data: 3.3827771320939064
