times:
  edit-metadata: 1.5991977825760841
  landing: 0.7857298031449318
  view-data: 3.4182269237935543
