times:
  edit-metadata: 1.4452103227376938
  landing: 0.7734695002436638
  view-data: 3.504310116171837
