times:
  edit-metadata: 1.7377431243658066
  landing: 0.8606718927621841
  view-data: 3.3660490959882736
