times:
  edit-metadata: 1.4542060196399689
  landing: 0.7063325718045235
  view-data: 3.275891624391079
