times:
  edit-metadata: 1.5996501296758652
  landing: 0.8074741363525391
  view-data: 3.39703319221735
