times:
  edit-metadata: 1.5579814985394478
  landing: 0.766758106648922
  view-data: 3.4981183111667633
