times:
  edit-metadata: 1.5365461334586143
  landing: 0.7421594336628914
  view-data: 3.437365733087063
