times:
  edit-metadata: 1.4870816469192505
  landing: 0.7989611625671387
  view-data: 3.4804248362779617
