times:
  edit-metadata: 1.372221827507019
  landing: 0.7137214690446854
  view-data: 3.272173684090376
