times:
  edit-metadata: 1.668414644896984
  landing: 1.228857759386301
  view-data: 3.437646768987179
