times:
  edit-metadata: 1.5838883891701698
  landing: 0.8350046314299107
  view-data: 3.4064443856477737
