times:
  edit-metadata: 1.4127482883632183
  landing: 0.8108434937894344
  view-data: 3.338131871074438
