times:
  edit-metadata: 1.4967997670173645
  landing: 0.7283589690923691
  view-data: 3.470630258321762
