times:
  edit-metadata: 1.3169080838561058
  landing: 0.9792070798575878
  view-data: 3.2858865410089493
