times:
  edit-metadata: 1.5826332196593285
  landing: 0.8288488388061523
  view-data: 3.474766954779625
