times:
  edit-metadata: 1.397232510149479
  landing: 0.8464101999998093
  view-data: 3.4965929314494133
