times:
  edit-metadata: 1.359172273427248
  landing: 0.9174844920635223
  view-data: 3.319020178169012
