times:
  edit-metadata: 1.567657120525837
  landing: 0.8156366720795631
  view-data: 3.3797871991991997
