times:
  edit-metadata: 1.4382975399494171
  landing: 0.7106472924351692
  view-data: 3.367045149207115
