times:
  edit-metadata: 1.383972406387329
  landing: 0.7302486822009087
  view-data: 3.3799846917390823
