times:
  edit-metadata: 1.5231982544064522
  landing: 0.9103231504559517
  view-data: 3.502884589135647
