times:
  edit-metadata: 1.4005125276744366
  landing: 0.8027295358479023
  view-data: 3.2954679802060127
