times:
  edit-metadata: 1.4714727327227592
  landing: 0.8096407577395439
  view-data: 3.510652579367161
