times:
  edit-metadata: 1.420917883515358
  landing: 0.7668420374393463
  view-data: 3.312378376722336
