times:
  edit-metadata: 1.5978479459881783
  landing: 0.9638973847031593
  view-data: 3.543019101023674
