times:
  edit-metadata: 1.349418394267559
  landing: 0.7902580909430981
  view-data: 3.2881128154695034
