times:
  edit-metadata: 1.5319008603692055
  landing: 0.8688190095126629
  view-data: 3.28323707729578
