times:
  edit-metadata: 1.541795365512371
  landing: 0.7608796134591103
  view-data: 3.296671487390995
