times:
  edit-metadata: 1.4100504256784916
  landing: 0.7812610864639282
  view-data: 3.3391250297427177
