times:
  edit-metadata: 1.5875522047281265
  landing: 0.94875218719244
  view-data: 3.792014464735985
