times:
  edit-metadata: 1.4718606621026993
  landing: 0.7404384538531303
  view-data: 3.5048484429717064
