times:
  edit-metadata: 1.495417058467865
  landing: 0.7641984522342682
  view-data: 3.4441376328468323
