times:
  edit-metadata: 1.5568313598632812
  landing: 0.9024457484483719
  view-data: 3.323072962462902
