times:
  edit-metadata: 1.402664139866829
  landing: 0.7523338571190834
  view-data: 3.4422818422317505
