times:
  edit-metadata: 1.4824566021561623
  landing: 0.7495901435613632
  view-data: 3.4296867176890373
