times:
  edit-metadata: 1.4434307366609573
  landing: 0.6865009404718876
  view-data: 3.308812141418457
