times:
  edit-metadata: 1.6417066156864166
  landing: 0.917805053293705
  view-data: 3.349889889359474
