times:
  edit-metadata: 1.517712190747261
  landing: 0.829492948949337
  view-data: 3.374880101531744
