times:
  edit-metadata: 1.5273356810212135
  landing: 0.7869472876191139
  view-data: 3.4515059515833855
