times:
  edit-metadata: 1.6316218748688698
  landing: 0.8843026012182236
  view-data: 3.3773751817643642
