times:
  edit-metadata: 1.3783321864902973
  landing: 0.7650410868227482
  view-data: 3.359554450958967
