times:
  edit-metadata: 1.8903096988797188
  landing: 1.012490674853325
  view-data: 3.4610529467463493
