times:
  edit-metadata: 1.430332325398922
  landing: 1.0176504775881767
  view-data: 3.474676951766014
