times:
  edit-metadata: 1.5270067974925041
  landing: 0.7832610532641411
  view-data: 3.2624552473425865
