times:
  edit-metadata: 1.4289722219109535
  landing: 0.8425156250596046
  view-data: 3.518064208328724
