times:
  edit-metadata: 1.3319489769637585
  landing: 0.9008875302970409
  view-data: 3.248185358941555
