times:
  edit-metadata: 1.4971224404871464
  landing: 0.832682728767395
  view-data: 3.326962720602751
