times:
  edit-metadata: 1.488922841846943
  landing: 0.7084413096308708
  view-data: 3.407122991979122
