times:
  edit-metadata: 1.8844317868351936
  landing: 0.9784470237791538
  view-data: 3.359433453530073
