times:
  edit-metadata: 1.6304071620106697
  landing: 0.8841091394424438
  view-data: 3.4479921087622643
