times:
  edit-metadata: 1.5868904516100883
  landing: 0.9772341921925545
  view-data: 3.4592373222112656
