times:
  edit-metadata: 1.5169722065329552
  landing: 0.7846012115478516
  view-data: 3.4814316630363464
