times:
  edit-metadata: 1.5889186337590218
  landing: 0.9767198339104652
  view-data: 3.515255957841873
