times:
  edit-metadata: 1.5615016594529152
  landing: 0.7939824536442757
  view-data: 3.5179024189710617
