times:
  edit-metadata: 1.5477537587285042
  landing: 0.9133681580424309
  view-data: 3.3688149712979794
