times:
  edit-metadata: 1.6136357635259628
  landing: 0.7475960552692413
  view-data: 3.4786175340414047
