times:
  edit-metadata: 1.3807055465877056
  landing: 0.7325605526566505
  view-data: 0.6311521045863628
