times:
  edit-metadata: 1.4808855801820755
  landing: 0.886282317340374
  view-data: 3.4585541635751724
