times:
  edit-metadata: 1.50885671377182
  landing: 0.8035762161016464
  view-data: 3.500096082687378
