times:
  edit-metadata: 1.5166851729154587
  landing: 0.7602294608950615
  view-data: 3.5199921801686287
