times:
  edit-metadata: 1.628869041800499
  landing: 0.778250589966774
  view-data: 3.4899454712867737
