times:
  edit-metadata: 1.5054467543959618
  landing: 0.8799884170293808
  view-data: 3.4147509932518005
