times:
  edit-metadata: 1.504710178822279
  landing: 0.8229202181100845
  view-data: 3.402557898312807
