times:
  edit-metadata: 1.4536832869052887
  landing: 0.9578255787491798
  view-data: 3.4321157932281494
