times:
  edit-metadata: 1.5307224467396736
  landing: 0.7133563309907913
  view-data: 3.4760139882564545
