times:
  edit-metadata: 1.5511556342244148
  landing: 0.9507079795002937
  view-data: 3.4362981244921684
