times:
  edit-metadata: 1.4603219628334045
  landing: 0.8054076507687569
  view-data: 3.4604974389076233
