times:
  edit-metadata: 1.3623114004731178
  landing: 0.7163635045289993
  view-data: 3.519472025334835
