times:
  edit-metadata: 2.4015365317463875
  landing: 1.6008859723806381
  view-data: 4.105663776397705
