times:
  edit-metadata: 1.3679706901311874
  landing: 0.7819869369268417
  view-data: 3.532898873090744
