times:
  edit-metadata: 1.4315447807312012
  landing: 0.7578946128487587
  view-data: 3.46769118309021
