times:
  edit-metadata: 1.4132041558623314
  landing: 0.8133352473378181
  view-data: 3.354100212454796
