times:
  edit-metadata: 1.4393943399190903
  landing: 0.8358731865882874
  view-data: 3.4432927295565605
