times:
  edit-metadata: 1.4062325432896614
  landing: 0.7331775799393654
  view-data: 3.536860875785351
