times:
  edit-metadata: 1.4463240653276443
  landing: 0.9650590419769287
  view-data: 3.587012842297554
