times:
  edit-metadata: 1.5195349231362343
  landing: 0.8132180795073509
  view-data: 3.4481151401996613
