times:
  edit-metadata: 1.4889460057020187
  landing: 0.7969424352049828
  view-data: 3.6587078124284744
