times:
  edit-metadata: 1.5353750362992287
  landing: 0.8169954642653465
  view-data: 3.49735264480114
