times:
  edit-metadata: 1.3860835209488869
  landing: 0.7921604886651039
  view-data: 3.5335517525672913
