times:
  edit-metadata: 1.4588837176561356
  landing: 0.799238383769989
  view-data: 3.455147072672844
