times:
  edit-metadata: 1.5016680359840393
  landing: 0.8486823961138725
  view-data: 3.5171167105436325
