times:
  edit-metadata: 1.4510442614555359
  landing: 0.8354233354330063
  view-data: 3.5267910957336426
