times:
  edit-metadata: 1.850489504635334
  landing: 1.2473232224583626
  view-data: 3.783710829913616
