times:
  edit-metadata: 1.441744588315487
  landing: 0.7408266067504883
  view-data: 3.5414656549692154
