times:
  edit-metadata: 1.394642896950245
  landing: 0.7895344793796539
  view-data: 3.5466376319527626
