times:
  edit-metadata: 1.4511764198541641
  landing: 0.8534024059772491
  view-data: 3.416299916803837
