times:
  edit-metadata: 1.5372320264577866
  landing: 0.9808889478445053
  view-data: 3.3156994357705116
