times:
  edit-metadata: 1.4320545196533203
  landing: 0.7879950478672981
  view-data: 3.5465766340494156
