times:
  edit-metadata: 1.5272396802902222
  landing: 1.0402212142944336
  view-data: 3.377964921295643
