times:
  edit-metadata: 1.4381873458623886
  landing: 0.7245602756738663
  view-data: 3.5135888755321503
