times:
  edit-metadata: 1.4974033534526825
  landing: 0.9884756207466125
  view-data: 3.313120663166046
