times:
  edit-metadata: 1.347118265926838
  landing: 0.7970789521932602
  view-data: 3.386012703180313
