times:
  edit-metadata: 1.5124360471963882
  landing: 0.8530725166201591
  view-data: 3.5755173414945602
