times:
  edit-metadata: 1.4345682263374329
  landing: 0.7613257840275764
  view-data: 3.2676848098635674
