times:
  edit-metadata: 1.4488874599337578
  landing: 0.8577473759651184
  view-data: 3.2960867062211037
