times:
  edit-metadata: 1.4757637679576874
  landing: 0.9120361059904099
  view-data: 3.548662632703781
