times:
  edit-metadata: 1.383507452905178
  landing: 0.8605053052306175
  view-data: 3.305985763669014
