times:
  edit-metadata: 1.5826503336429596
  landing: 0.9340075738728046
  view-data: 3.3535799235105515
