times:
  edit-metadata: 1.4419907629489899
  landing: 0.8346749246120453
  view-data: 3.332166440784931
