times:
  edit-metadata: 1.444011576473713
  landing: 0.7916605398058891
  view-data: 3.56077940762043
