times:
  edit-metadata: 1.4435395449399948
  landing: 0.7419616803526878
  view-data: 3.250562645494938
