times:
  edit-metadata: 1.4625356793403625
  landing: 0.8836276531219482
  view-data: 3.4568234011530876
