times:
  edit-metadata: 1.4947265684604645
  landing: 0.7793276682496071
  view-data: 3.5680672079324722
