times:
  edit-metadata: 1.4524192810058594
  landing: 0.7610153257846832
  view-data: 3.261582635343075
