times:
  edit-metadata: 2.7152600586414337
  landing: 1.5804933235049248
  view-data: 3.4947230517864227
