times:
  edit-metadata: 1.3408409804105759
  landing: 0.8301507383584976
  view-data: 3.6248790472745895
