times:
  edit-metadata: 1.5016615837812424
  landing: 0.7877353355288506
  view-data: 3.5453108474612236
