times:
  edit-metadata: 1.3627715408802032
  landing: 0.7615421265363693
  view-data: 3.447288453578949
