times:
  edit-metadata: 1.400503545999527
  landing: 0.7643703445792198
  view-data: 3.451669067144394
