times:
  edit-metadata: 1.4506514891982079
  landing: 0.7754287645220757
  view-data: 3.415373034775257
