times:
  edit-metadata: 1.5301700457930565
  landing: 0.8320358023047447
  view-data: 3.4140104055404663
