times:
  edit-metadata: 1.4461516588926315
  landing: 0.7623548731207848
  view-data: 3.4693981036543846
