times:
  edit-metadata: 1.560120053589344
  landing: 0.8362887650728226
  view-data: 3.315995715558529
