times:
  edit-metadata: 1.3169382885098457
  landing: 0.8454623520374298
  view-data: 3.471237398684025
