times:
  edit-metadata: 1.4082042053341866
  landing: 0.8213226497173309
  view-data: 3.7378863096237183
