times:
  edit-metadata: 1.9930342957377434
  landing: 1.4511890336871147
  view-data: 3.4793161004781723
