times:
  edit-metadata: 1.438663274049759
  landing: 0.7306767627596855
  view-data: 3.4258008748292923
