times:
  edit-metadata: 1.4342733472585678
  landing: 0.7809575200080872
  view-data: 3.5236187800765038
