times:
  edit-metadata: 1.3868381157517433
  landing: 0.892748273909092
  view-data: 3.284706860780716
