times:
  edit-metadata: 1.389507919549942
  landing: 0.9071473032236099
  view-data: 3.433931887149811
