times:
  edit-metadata: 1.4705169424414635
  landing: 0.8273194879293442
  view-data: 3.761673167347908
