times:
  edit-metadata: 1.4666613265872002
  landing: 0.9386135712265968
  view-data: 3.325013689696789
