times:
  edit-metadata: 1.3755292445421219
  landing: 0.7553401812911034
  view-data: 3.4890960827469826
