times:
  edit-metadata: 1.4658266678452492
  landing: 1.0866741836071014
  view-data: 3.8119492307305336
