times:
  edit-metadata: 1.4959593266248703
  landing: 0.8839475363492966
  view-data: 3.3088820055127144
