times:
  edit-metadata: 1.5925710573792458
  landing: 0.9490665718913078
  view-data: 3.6815438345074654
