times:
  edit-metadata: 1.4353633522987366
  landing: 0.7571709156036377
  view-data: 3.5205408111214638
