times:
  edit-metadata: 1.5303271412849426
  landing: 0.9045250043272972
  view-data: 3.3206711411476135
