times:
  edit-metadata: 1.5022650063037872
  landing: 0.7850690633058548
  view-data: 3.3061885610222816
