times:
  edit-metadata: 1.4209009930491447
  landing: 0.7129150852560997
  view-data: 3.4725488796830177
