times:
  edit-metadata: 1.9686012864112854
  landing: 1.508639082312584
  view-data: 4.096982844173908
