times:
  edit-metadata: 1.3613942861557007
  landing: 0.7745182737708092
  view-data: 3.5997554808855057
