times:
  edit-metadata: 2.3644660487771034
  landing: 1.3207972422242165
  view-data: 3.6110419407486916
