times:
  edit-metadata: 1.3776182681322098
  landing: 0.8112106695771217
  view-data: 3.5072730109095573
