times:
  edit-metadata: 1.4929924756288528
  landing: 0.7683597952127457
  view-data: 3.5319623351097107
