times:
  edit-metadata: 1.4284269958734512
  landing: 0.8887030929327011
  view-data: 3.545738287270069
