times:
  edit-metadata: 1.3633888959884644
  landing: 0.7705842852592468
  view-data: 3.473032385110855
