times:
  edit-metadata: 1.4352345243096352
  landing: 0.79360131919384
  view-data: 3.5725133642554283
