times:
  edit-metadata: 1.6494361124932766
  landing: 0.9107863456010818
  view-data: 3.3896545618772507
