times:
  edit-metadata: 1.8426147177815437
  landing: 1.2407540827989578
  view-data: 3.5553823560476303
