times:
  edit-metadata: 1.3602164462208748
  landing: 0.9323174506425858
  view-data: 3.424756310880184
