times:
  edit-metadata: 1.384301520884037
  landing: 0.7448071539402008
  view-data: 3.4697559401392937
