times:
  edit-metadata: 2.146078310906887
  landing: 1.2027934715151787
  view-data: 3.654610425233841
