times:
  edit-metadata: 2.1500381901860237
  landing: 0.8428538367152214
  view-data: 3.49992648512125
