times:
  edit-metadata: 1.5699979811906815
  landing: 0.9710743427276611
  view-data: 3.4228647276759148
