times:
  edit-metadata: 1.3620455488562584
  landing: 0.7185215875506401
  view-data: 3.506543718278408
