times:
  edit-metadata: 1.3905731067061424
  landing: 0.8220320641994476
  view-data: 3.332769885659218
