times:
  edit-metadata: 1.3946887627243996
  landing: 0.7535128891468048
  view-data: 3.438643701374531
