times:
  edit-metadata: 1.4902395978569984
  landing: 0.8717580959200859
  view-data: 3.5672660022974014
