times:
  edit-metadata: 1.4165000542998314
  landing: 0.8209805935621262
  view-data: 3.5587181001901627
