times:
  edit-metadata: 1.3928470611572266
  landing: 0.8086377307772636
  view-data: 3.31640113145113
