times:
  edit-metadata: 1.4446832165122032
  landing: 0.7797944992780685
  view-data: 3.4474669247865677
