times:
  edit-metadata: 1.5349805355072021
  landing: 0.8058963008224964
  view-data: 3.285404711961746
