times:
  edit-metadata: 1.3829486966133118
  landing: 0.7996742948889732
  view-data: 3.513249285519123
