times:
  edit-metadata: 1.3880565315485
  landing: 0.8372429683804512
  view-data: 3.6053646504879
