times:
  edit-metadata: 1.3592317327857018
  landing: 0.8036529570817947
  view-data: 3.437696248292923
