times:
  edit-metadata: 1.4600200355052948
  landing: 0.8187032714486122
  view-data: 3.4088224098086357
