times:
  edit-metadata: 1.4266545623540878
  landing: 0.7513700872659683
  view-data: 3.5464846566319466
