times:
  edit-metadata: 1.4659494161605835
  landing: 0.8883601576089859
  view-data: 3.5290613919496536
