times:
  edit-metadata: 1.3735442832112312
  landing: 0.7382858619093895
  view-data: 3.583840250968933
