times:
  edit-metadata: 1.4238000065088272
  landing: 0.8004182130098343
  view-data: 3.4726741686463356
