times:
  edit-metadata: 0.48359710397198796
  landing: 0.08282148605212569
  view-data: 0.21585675096139312
