times:
  edit-metadata: 1.361325766891241
  landing: 0.6949139535427094
  view-data: 3.3092941604554653
