times:
  edit-metadata: 0.5051329209964024
  landing: 0.07527781699900515
  view-data: 0.21482909099722747
