times:
  edit-metadata: 1.4525388479232788
  landing: 0.8590840771794319
  view-data: 3.262053545564413
