times:
  edit-metadata: 1.6187449544668198
  landing: 1.3287290427833796
  view-data: 3.4646983919665217
