times:
  edit-metadata: 0.5334243150427938
  landing: 0.04224942403379828
  view-data: 0.3233998219948262
