times:
  edit-metadata: 2.3770703189074993
  landing: 1.4661974888294935
  view-data: 3.530356500297785
