times:
  edit-metadata: 1.5052998661994934
  landing: 0.8291212022304535
  view-data: 3.439283039420843
