times:
  edit-metadata: 16.16008602385409
  landing: 0.7946944069117308
  view-data: 3.3897438189014792
