times:
  edit-metadata: 0.4792720749974251
  landing: 0.0881538389949128
  view-data: 0.2196033940417692
