times:
  edit-metadata: 1.4223995399661362
  landing: 0.8432381609454751
  view-data: 3.497876750305295
