times:
  edit-metadata: 1.4599986085668206
  landing: 1.0095592411234975
  view-data: 3.4675703747197986
