times:
  edit-metadata: 1.474905051290989
  landing: 0.8722667284309864
  view-data: 3.356175974011421
