times:
  edit-metadata: 0.46272067999234423
  landing: 0.07820770400576293
  view-data: 0.21130544698098674
