times:
  edit-metadata: 0.5483628759975545
  landing: 0.04441593700903468
  view-data: 0.2184344340057578
