times:
  edit-metadata: 1.527292188256979
  landing: 1.0242492370307446
  view-data: 3.3707901276648045
