times:
  edit-metadata: 2.436099552549422
  landing: 0.7988998964428902
  view-data: 3.3457192797213793
