times:
  edit-metadata: 1.545056875795126
  landing: 0.7755439635366201
  view-data: 3.428904516622424
