times:
  edit-metadata: 1.4027297561988235
  landing: 0.7354494333267212
  view-data: 3.422258979640901
