times:
  edit-metadata: 1.3916301671415567
  landing: 0.9321738900616765
  view-data: 3.280065530911088
