times:
  edit-metadata: 1.4055459210649133
  landing: 0.7928269095718861
  view-data: 3.384543470107019
