times:
  edit-metadata: 0.531535609000457
  landing: 0.0483653460005371
  view-data: 0.21386137199988298
