times:
  edit-metadata: 1.4979219418019056
  landing: 0.8630802016705275
  view-data: 3.446570310741663
