times:
  edit-metadata: 1.5391176044940948
  landing: 0.9512810185551643
  view-data: 3.4483272805809975
