times:
  edit-metadata: 1.4012509603053331
  landing: 0.9735824931412935
  view-data: 3.3298347909003496
