times:
  edit-metadata: 1.4151222705841064
  landing: 0.8303000088781118
  view-data: 3.434860248118639
