times:
  edit-metadata: 1.503979779779911
  landing: 0.9482034295797348
  view-data: 3.422015104442835
