times:
  edit-metadata: 1.4823957867920399
  landing: 0.7880700305104256
  view-data: 3.4002232775092125
