times:
  edit-metadata: 1.6686938591301441
  landing: 0.910167483612895
  view-data: 3.6051895413547754
