times:
  edit-metadata: 1.5344078540802002
  landing: 0.9482909440994263
  view-data: 3.4166638366878033
