times:
  edit-metadata: 1.3718684762716293
  landing: 0.7650321004912257
  view-data: 3.3394546527415514
