times:
  edit-metadata: 0.49433463672176003
  landing: 0.07988955592736602
  view-data: 0.215988848824054
