times:
  edit-metadata: 1.5718224961310625
  landing: 0.7915869597345591
  view-data: 3.3872018344700336
