times:
  edit-metadata: 1.56363520398736
  landing: 1.1181735172867775
  view-data: 3.355635829269886
