times:
  edit-metadata: 1.486487828195095
  landing: 0.8346873223781586
  view-data: 3.3280434533953667
