times:
  edit-metadata: 1.7389257997274399
  landing: 1.2174216881394386
  view-data: 3.3314105458557606
