times:
  edit-metadata: 1.364093892276287
  landing: 0.8437329772859812
  view-data: 3.368737030774355
