times:
  edit-metadata: 0.7761671780608594
  landing: 0.06737795285880566
  view-data: 0.23122012941166759
