times:
  edit-metadata: 1.4546241890639067
  landing: 0.7213706783950329
  view-data: 3.589577851817012
