times:
  edit-metadata: 0.5427231313660741
  landing: 0.0844747880473733
  view-data: 0.2147135967388749
