times:
  edit-metadata: 1.3689649105072021
  landing: 0.785288468003273
  view-data: 3.3537468016147614
