times:
  edit-metadata: 1.4000210482627153
  landing: 0.8132775318808854
  view-data: 3.410823536105454
