times:
  edit-metadata: 1.5414554253220558
  landing: 0.9708964973688126
  view-data: 3.3760520331561565
