times:
  edit-metadata: 1.9668098352849483
  landing: 0.9561431128531694
  view-data: 3.427721355110407
