times:
  edit-metadata: 1.6814508782699704
  landing: 1.1440897872671485
  view-data: 3.3713488625362515
