times:
  edit-metadata: 1.6336853057146072
  landing: 0.9781954437494278
  view-data: 3.447443801909685
