times:
  edit-metadata: 1.3544556493870914
  landing: 0.8082208377309144
  view-data: 3.3721208753995597
