times:
  edit-metadata: 1.4843966215848923
  landing: 0.8905346989631653
  view-data: 3.396601364016533
