times:
  edit-metadata: 1.5007442142814398
  landing: 0.8128793369978666
  view-data: 3.4297227673232555
