times:
  edit-metadata: 1.8448845334351063
  landing: 1.081153891980648
  view-data: 3.3583613261580467
