times:
  edit-metadata: 1.6778994034975767
  landing: 0.9333259742707014
  view-data: 3.4152372032403946
