times:
  edit-metadata: 1.436109907925129
  landing: 0.7834066934883595
  view-data: 3.322268757969141
