times:
  edit-metadata: 1.3979147002100945
  landing: 0.811326090246439
  view-data: 3.3102589398622513
