times:
  edit-metadata: 1.4884680472314358
  landing: 0.8279271284118295
  view-data: 3.444113097153604
