times:
  edit-metadata: 1.4861602000892162
  landing: 0.786617623642087
  view-data: 3.3650917168706656
