times:
  edit-metadata: 1.4245694316923618
  landing: 0.9134156405925751
  view-data: 3.314908664673567
