times:
  edit-metadata: 0.8218019241467118
  landing: 0.04500774201005697
  view-data: 0.23638157127425075
