times:
  edit-metadata: 1.4255896713584661
  landing: 0.7535228999331594
  view-data: 3.3784275129437447
