times:
  edit-metadata: 1.386954665184021
  landing: 0.8541015349328518
  view-data: 3.3092896044254303
