times:
  edit-metadata: 0.5199428189953323
  landing: 0.04250074300216511
  view-data: 0.21948721402441151
