times:
  edit-metadata: 1.2680589696392417
  landing: 0.699966186657548
  view-data: 3.3149189176037908
