times:
  edit-metadata: 1.5994108505547047
  landing: 0.8167794570326805
  view-data: 3.430679500102997
