times:
  edit-metadata: 3.3168577142059803
  landing: 1.8926543593406677
  view-data: 3.362782534211874
