times:
  edit-metadata: 1.5682400800287724
  landing: 1.2703782059252262
  view-data: 3.385405220091343
