times:
  edit-metadata: 0.4900968950241804
  landing: 0.09624120872467756
  view-data: 0.22000550478696823
