times:
  edit-metadata: 1.4742222763597965
  landing: 0.8508137818425894
  view-data: 3.3982288539409637
