times:
  edit-metadata: 1.4725406989455223
  landing: 1.2334458008408546
  view-data: 3.3310651779174805
