times:
  edit-metadata: 1.414922509342432
  landing: 0.8840922974050045
  view-data: 3.346534878015518
