times:
  edit-metadata: 1.4619281888008118
  landing: 0.7542389687150717
  view-data: 3.4143250975757837
