times:
  edit-metadata: 0.4913721908815205
  landing: 0.07712691510096192
  view-data: 0.2150040133856237
