times:
  edit-metadata: 1.5289897061884403
  landing: 0.9088576957583427
  view-data: 3.457435682415962
