times:
  edit-metadata: 1.441466422053054
  landing: 0.9374972539953887
  view-data: 3.3780367110157385
