times:
  edit-metadata: 0.4881697720848024
  landing: 0.08896339312195778
  view-data: 0.22435420705005527
