times:
  edit-metadata: 1.7359356880187988
  landing: 1.0606173444539309
  view-data: 3.3688177540898323
