times:
  edit-metadata: 1.3909132489934564
  landing: 0.8500378606840968
  view-data: 3.4101289436221123
