times:
  edit-metadata: 1.857317646034062
  landing: 0.9027489088475704
  view-data: 3.581619347445667
