times:
  edit-metadata: 0.47466923389583826
  landing: 0.07568596117198467
  view-data: 0.21836651000194252
