times:
  edit-metadata: 1.4843985512852669
  landing: 1.0755261182785034
  view-data: 3.45958062261343
