times:
  edit-metadata: 1.9484184924513102
  landing: 1.285856569185853
  view-data: 3.540949346497655
