times:
  edit-metadata: 1.5097555965185165
  landing: 0.9077537693083286
  view-data: 3.3322247713804245
