times:
  edit-metadata: 0.47404434788040817
  landing: 0.0439386039506644
  view-data: 0.2362835230305791
