times:
  edit-metadata: 0.5342039000242949
  landing: 0.08213607908692211
  view-data: 0.2129475889960304
