times:
  edit-metadata: 2.1187504157423973
  landing: 1.7161955647170544
  view-data: 3.4672184996306896
