times:
  edit-metadata: 1.5372181758284569
  landing: 0.956938486546278
  view-data: 3.3490044847130775
