times:
  edit-metadata: 0.5544074509525672
  landing: 0.056552944995928556
  view-data: 0.21498194499872625
