times:
  edit-metadata: 1.4221150586381555
  landing: 0.7413992760702968
  view-data: 3.3897544499486685
