times:
  edit-metadata: 0.45768769399728626
  landing: 0.04582738596946001
  view-data: 0.2300057039828971
