times:
  edit-metadata: 0.45862281788140535
  landing: 0.08272547507658601
  view-data: 0.21907091001048684
