times:
  edit-metadata: 1.511091100051999
  landing: 0.8838777467608452
  view-data: 3.4237601179629564
