times:
  edit-metadata: 1.3566304999403656
  landing: 0.9153388277627528
  view-data: 3.3415664131753147
