times:
  edit-metadata: 1.5260220086202025
  landing: 0.8028817465528846
  view-data: 3.451255197636783
