times:
  edit-metadata: 1.4120117470156401
  landing: 0.843337228987366
  view-data: 3.355707674054429
