times:
  edit-metadata: 0.4957158339675516
  landing: 0.044331538025289774
  view-data: 0.2185601289384067
