times:
  edit-metadata: 0.7162565649487078
  landing: 0.09134775679558516
  view-data: 0.31232597678899765
