times:
  edit-metadata: 0.5268762229998174
  landing: 0.15016496699990967
  view-data: 0.25690477000080136
