times:
  edit-metadata: 1.5328828430501744
  landing: 0.8115310489665717
  view-data: 3.3297830640804023
