times:
  edit-metadata: 0.47017076308839023
  landing: 0.07664850493893027
  view-data: 0.21335262106731534
