times:
  edit-metadata: 1.4716523922979832
  landing: 0.6894759926944971
  view-data: 3.2869986593723297
