times:
  edit-metadata: 0.5178625319967978
  landing: 0.04652341300243279
  view-data: 0.2189471589954337
