times:
  edit-metadata: 0.47456828504800797
  landing: 0.05157250910997391
  view-data: 0.20524120470508933
