times:
  edit-metadata: 0.6705253147520125
  landing: 0.09751823684200644
  view-data: 0.20847301557660103
