times:
  edit-metadata: 0.6658299961127341
  landing: 0.09142332896590233
  view-data: 0.2165982350707054
