times:
  edit-metadata: 1.5792004559189081
  landing: 1.1028252029791474
  view-data: 3.3133671889081597
