times:
  edit-metadata: 1.825228943489492
  landing: 1.232237202115357
  view-data: 3.584360488690436
