times:
  edit-metadata: 0.5181267540901899
  landing: 0.06257133791223168
  view-data: 0.20673692412674427
