times:
  edit-metadata: 1.4251337079331279
  landing: 1.0229567950591445
  view-data: 3.4160243689548224
