times:
  edit-metadata: 1.5187979564070702
  landing: 0.8796166367828846
  view-data: 3.3596852477639914
