times:
  edit-metadata: 0.47760475194081664
  landing: 0.07769290497526526
  view-data: 0.21149611892178655
