times:
  edit-metadata: 1.503297083079815
  landing: 0.8734585251659155
  view-data: 3.395086532458663
