times:
  edit-metadata: 0.48632301413454115
  landing: 0.08733060001395643
  view-data: 0.21975765191018581
