times:
  edit-metadata: 1.5041303299367428
  landing: 0.7466833591461182
  view-data: 3.430160626769066
