times:
  edit-metadata: 0.5498140719719231
  landing: 0.10923558380454779
  view-data: 0.21268644370138645
