times:
  edit-metadata: 0.5496968370862305
  landing: 0.07644707197323442
  view-data: 0.2980725159868598
