times:
  edit-metadata: 1.5298901721835136
  landing: 0.7733006216585636
  view-data: 3.384402222931385
