times:
  edit-metadata: 1.4707307238131762
  landing: 0.9682403989136219
  view-data: 3.4567242823541164
