times:
  edit-metadata: 1.336363804526627
  landing: 0.774475029669702
  view-data: 3.36660273373127
