times:
  edit-metadata: 1.6562538258731365
  landing: 0.8203433603048325
  view-data: 3.417060097679496
