times:
  edit-metadata: 1.6590047627687454
  landing: 0.8550790138542652
  view-data: 3.326175235211849
