times:
  edit-metadata: 0.5393131090095267
  landing: 0.047022745944559574
  view-data: 0.20915997901465744
