times:
  edit-metadata: 1.3671460850164294
  landing: 0.8250536723062396
  view-data: 3.381404412910342
