times:
  edit-metadata: 1.4535316117107868
  landing: 0.9882057402282953
  view-data: 3.3918748293071985
