times:
  edit-metadata: 0.49132148222997785
  landing: 0.056057903449982405
  view-data: 0.24437279719859362
