times:
  edit-metadata: 0.44125276200065855
  landing: 0.09077792800235329
  view-data: 0.21501327300211415
