times:
  edit-metadata: 0.5218761129654013
  landing: 0.07231865497305989
  view-data: 0.24611896002897993
