times:
  edit-metadata: 1.540854759979993
  landing: 0.8557061760220677
  view-data: 3.300586876925081
