times:
  edit-metadata: 0.4780182889999196
  landing: 0.04843179300041811
  view-data: 0.2107383189995744
