times:
  edit-metadata: 0.47267387993633747
  landing: 0.07450659992173314
  view-data: 0.3271371650043875
