times:
  edit-metadata: 0.4894101747777313
  landing: 0.08207060606218874
  view-data: 0.25853540282696486
