times:
  edit-metadata: 0.4740222720429301
  landing: 0.07834642799571157
  view-data: 0.2143223580205813
