times:
  edit-metadata: 1.7387186773121357
  landing: 1.0845953151583672
  view-data: 3.3938428945839405
