times:
  edit-metadata: 1.8767808554694057
  landing: 1.743905927054584
  view-data: 3.529084282927215
