times:
  edit-metadata: 1.573132712393999
  landing: 0.9617520682513714
  view-data: 3.363118641078472
