times:
  edit-metadata: 1.46019905526191
  landing: 1.163200493901968
  view-data: 3.3802262442186475
