times:
  edit-metadata: 0.46862286305986345
  landing: 0.06027511693537235
  view-data: 0.2093767961487174
