times:
  edit-metadata: 1.33114430680871
  landing: 0.9048631228506565
  view-data: 3.3431956879794598
