times:
  edit-metadata: 1.479230746626854
  landing: 0.8847788870334625
  view-data: 3.4421487897634506
