times:
  edit-metadata: 1.9549366682767868
  landing: 1.083279363811016
  view-data: 3.398768274113536
