times:
  edit-metadata: 1.4435098879039288
  landing: 0.7457274664193392
  view-data: 3.326997196301818
