times:
  edit-metadata: 1.505532018840313
  landing: 0.9929467029869556
  view-data: 3.393439207226038
