times:
  edit-metadata: 0.5538278240710497
  landing: 0.08868886902928352
  view-data: 0.23172199307009578
