times:
  edit-metadata: 1.4110938779776916
  landing: 1.689337434945628
  view-data: 3.366178430034779
