times:
  edit-metadata: 1.470448276028037
  landing: 0.9173345919698477
  view-data: 3.3736240584403276
