times:
  edit-metadata: 1.479044383391738
  landing: 0.7874868214130402
  view-data: 3.3793752882629633
