times:
  edit-metadata: 1.9896080177277327
  landing: 1.3036545403301716
  view-data: 3.6672407779842615
