times:
  edit-metadata: 1.5464571695774794
  landing: 0.9496546518057585
  view-data: 3.428998149931431
