times:
  edit-metadata: 1.5259448997676373
  landing: 0.8754715844988823
  view-data: 3.3917238786816597
