times:
  edit-metadata: 1.6786919627338648
  landing: 0.7959094438701868
  view-data: 3.3949481435120106
