times:
  edit-metadata: 0.46764165069907904
  landing: 0.05170134222134948
  view-data: 0.22111691813915968
