times:
  edit-metadata: 0.4737524159718305
  landing: 0.10783391096629202
  view-data: 0.20450449083000422
