times:
  edit-metadata: 1.589664401486516
  landing: 0.8548409063369036
  view-data: 3.3980072531849146
