times:
  edit-metadata: 1.3931953799910843
  landing: 0.8790009819203988
  view-data: 3.2878809409448877
