times:
  edit-metadata: 1.4373635621741414
  landing: 0.6889738794416189
  view-data: 3.462735241279006
