times:
  edit-metadata: 1.3803804251365364
  landing: 1.0654984540306032
  view-data: 3.3981854459270835
