times:
  edit-metadata: 1.5102050863206387
  landing: 0.811509545892477
  view-data: 3.43713247589767
