times:
  edit-metadata: 1.466888738796115
  landing: 0.9654830321669579
  view-data: 3.3962313942611217
