times:
  edit-metadata: 0.4399863430298865
  landing: 0.08192952297395095
  view-data: 0.22994603600818664
