times:
  edit-metadata: 1.2876104479655623
  landing: 0.7524836687371135
  view-data: 3.3578455625101924
