times:
  edit-metadata: 0.47084225702565163
  landing: 0.08295260998420417
  view-data: 0.20641490898560733
