times:
  edit-metadata: 0.48444770043715835
  landing: 0.07689175801351666
  view-data: 0.22033768519759178
