times:
  edit-metadata: 2.009527213871479
  landing: 1.0963275767862797
  view-data: 3.4266954474151134
