times:
  edit-metadata: 1.3603553920984268
  landing: 0.7729942686855793
  view-data: 3.2615552321076393
