times:
  edit-metadata: 0.4689881690137554
  landing: 0.0989313279860653
  view-data: 0.21282408997649327
