times:
  edit-metadata: 0.489195650909096
  landing: 0.08169111399911344
  view-data: 0.2218076930148527
