times:
  edit-metadata: 1.4199222112074494
  landing: 1.2877667406573892
  view-data: 3.3531599082052708
