times:
  edit-metadata: 0.47774023306556046
  landing: 0.08011137810535729
  view-data: 0.221167383948341
