times:
  edit-metadata: 1.569540860131383
  landing: 0.904253551736474
  view-data: 3.5977805200964212
