times:
  edit-metadata: 0.5326944629778154
  landing: 0.05341047694673762
  view-data: 0.26133534498512745
