times:
  edit-metadata: 1.8977058492600918
  landing: 1.4596650078892708
  view-data: 3.730503582395613
