times:
  edit-metadata: 1.3440456837415695
  landing: 0.7157515659928322
  view-data: 3.2782505340874195
