times:
  edit-metadata: 1.4729749504476786
  landing: 0.7726785764098167
  view-data: 3.4356009494513273
