times:
  edit-metadata: 1.499036855995655
  landing: 0.9414457529783249
  view-data: 3.3424686267971992
