times:
  edit-metadata: 0.4574384919833392
  landing: 0.08428567601367831
  view-data: 0.20050141401588917
