times:
  edit-metadata: 1.4044500370509923
  landing: 0.7883664150722325
  view-data: 3.3622914431616664
