times:
  edit-metadata: 1.505357839167118
  landing: 0.9061377868056297
  view-data: 3.3284598290920258
