times:
  edit-metadata: 1.3654085136950016
  landing: 1.2940551601350307
  view-data: 3.4149606227874756
