times:
  edit-metadata: 1.4384553991258144
  landing: 1.4216281585395336
  view-data: 3.364853300154209
