times:
  edit-metadata: 1.3105666562914848
  landing: 0.7065460626035929
  view-data: 3.306674048304558
