times:
  edit-metadata: 0.5249905991367996
  landing: 0.04860109556466341
  view-data: 0.2162588620558381
