times:
  edit-metadata: 1.4142783544957638
  landing: 0.8659665510058403
  view-data: 3.351881206035614
