times:
  edit-metadata: 1.4811642509885132
  landing: 0.7936916640028358
  view-data: 3.379407583968714
