times:
  edit-metadata: 0.5131819769740105
  landing: 0.05516597395762801
  view-data: 0.22489153780043125
