times:
  edit-metadata: 1.5042147170752287
  landing: 0.8142940104007721
  view-data: 3.386631492525339
