times:
  edit-metadata: 0.5217459540581331
  landing: 0.0725328279659152
  view-data: 0.21708029799629003
