times:
  edit-metadata: 1.397349557839334
  landing: 0.71643425244838
  view-data: 3.2861241521313787
