times:
  edit-metadata: 1.4860037676990032
  landing: 1.1090949065983295
  view-data: 3.4284278862178326
