times:
  edit-metadata: 1.5688090175390244
  landing: 0.9625939689576626
  view-data: 3.431504514068365
