times:
  edit-metadata: 1.3542549120029435
  landing: 0.8260531179839745
  view-data: 3.29003931209445
