times:
  edit-metadata: 1.3641172647476196
  landing: 0.8385272733867168
  view-data: 3.3251479528844357
