times:
  edit-metadata: 0.5163457610178739
  landing: 0.058446581999305636
  view-data: 0.21697280096122995
