times:
  edit-metadata: 1.3780329776927829
  landing: 0.7771493410691619
  view-data: 3.41311739385128
