times:
  edit-metadata: 0.515314721968025
  landing: 0.09834772004978731
  view-data: 0.22220363799715415
