times:
  edit-metadata: 1.717082668095827
  landing: 0.8420399390161037
  view-data: 3.3196261823177338
