times:
  edit-metadata: 1.8482897765934467
  landing: 0.9325790256261826
  view-data: 3.64285945892334
