times:
  edit-metadata: 1.5916149616241455
  landing: 1.0619829893112183
  view-data: 3.3904981575906277
