times:
  edit-metadata: 1.4879752472043037
  landing: 0.7376067377626896
  view-data: 3.423805084079504
