times:
  edit-metadata: 0.47465219104196876
  landing: 0.05160889308899641
  view-data: 0.20280068507418036
