times:
  edit-metadata: 1.5179188922047615
  landing: 0.8127144239842892
  view-data: 3.3659310434013605
