times:
  edit-metadata: 0.49665927211754024
  landing: 0.08622899907641113
  view-data: 0.21754786791279912
