times:
  edit-metadata: 1.5743209980428219
  landing: 0.7747450396418571
  view-data: 3.4378278963267803
