times:
  edit-metadata: 1.7220347356051207
  landing: 1.2978633046150208
  view-data: 3.4604455661028624
