times:
  edit-metadata: 1.4168340731412172
  landing: 0.7020747605711222
  view-data: 3.321749072521925
