times:
  edit-metadata: 1.405445889919065
  landing: 0.7709053310099989
  view-data: 3.3897616179892793
