times:
  edit-metadata: 1.6306673921644688
  landing: 1.1066198274493217
  view-data: 3.3478509709239006
