times:
  edit-metadata: 1.4042058754712343
  landing: 0.7671750243753195
  view-data: 3.3857739716768265
