times:
  edit-metadata: 1.514842280652374
  landing: 5.267679293174297
  view-data: 3.3210492287762463
