times:
  edit-metadata: 0.5907561019994318
  landing: 0.12256340301246382
  view-data: 0.2728522819816135
