times:
  edit-metadata: 0.5660489182919264
  landing: 0.08517422201111913
  view-data: 0.21418229676783085
