times:
  edit-metadata: 0.7189898500218987
  landing: 0.06753865897189826
  view-data: 0.22446635190863162
