times:
  edit-metadata: 0.4751394318882376
  landing: 0.07639719196595252
  view-data: 0.2135308189317584
