times:
  edit-metadata: 1.4379085339605808
  landing: 0.932658314704895
  view-data: 3.3941491842269897
