times:
  edit-metadata: 1.5082631949335337
  landing: 1.0664082895964384
  view-data: 3.441955355927348
