times:
  edit-metadata: 1.5486838445067406
  landing: 0.8242279663681984
  view-data: 3.4533243738114834
