times:
  edit-metadata: 0.4832761799916625
  landing: 0.0667382919928059
  view-data: 0.2195868700509891
