times:
  edit-metadata: 1.6966970567591488
  landing: 0.9956755726598203
  view-data: 3.344244820997119
