times:
  edit-metadata: 1.5033090617507696
  landing: 0.772977102547884
  view-data: 3.388674670830369
