times:
  edit-metadata: 0.5179651430808008
  landing: 0.04754932795185596
  view-data: 0.21032682503573596
