times:
  edit-metadata: 1.44264592602849
  landing: 0.834490267559886
  view-data: 3.414243827573955
