times:
  edit-metadata: 1.4505734108388424
  landing: 0.9901468493044376
  view-data: 3.3238260224461555
