times:
  edit-metadata: 1.6981697287410498
  landing: 1.1416844371706247
  view-data: 3.840653035789728
