times:
  edit-metadata: 0.4789629839360714
  landing: 0.06703785201534629
  view-data: 0.21916216099634767
