times:
  edit-metadata: 1.4024744629859924
  landing: 1.0198448300361633
  view-data: 3.351590495556593
