times:
  edit-metadata: 1.4370696675032377
  landing: 0.9010918196290731
  view-data: 3.3917800951749086
