times:
  edit-metadata: 1.5839256346225739
  landing: 1.1459432393312454
  view-data: 3.3909242376685143
