times:
  edit-metadata: 1.7297349981963634
  landing: 0.8834589160978794
  view-data: 3.339308710768819
