times:
  edit-metadata: 1.4767286824062467
  landing: 0.828127380926162
  view-data: 3.308958848938346
