times:
  edit-metadata: 1.4405001271516085
  landing: 0.9845086871646345
  view-data: 3.4291598405689
