times:
  edit-metadata: 1.5104218628257513
  landing: 0.8271949216723442
  view-data: 3.42303235642612
