times:
  edit-metadata: 1.4235445205122232
  landing: 1.1043565925210714
  view-data: 3.423972625285387
