times:
  edit-metadata: 1.5951051488518715
  landing: 0.9095846340060234
  view-data: 3.3944672159850597
