times:
  edit-metadata: 1.4876280929893255
  landing: 0.7812770660966635
  view-data: 3.369765503332019
