times:
  edit-metadata: 0.4963244788814336
  landing: 0.07946294895373285
  view-data: 0.21476634591817856
