times:
  edit-metadata: 1.5527027770876884
  landing: 0.8487618509680033
  view-data: 3.497298227623105
