times:
  edit-metadata: 1.3927837589289993
  landing: 0.9146077148616314
  view-data: 3.3229973800480366
