times:
  edit-metadata: 0.5415564959985204
  landing: 0.04821825001272373
  view-data: 0.2564117500151042
