times:
  edit-metadata: 1.4907406195998192
  landing: 0.7844185717403889
  view-data: 3.3316762186586857
