times:
  edit-metadata: 0.5719448532909155
  landing: 0.04564393078908324
  view-data: 0.34776538889855146
