times:
  edit-metadata: 1.9286439307034016
  landing: 1.2591841779649258
  view-data: 3.4117676615715027
