times:
  edit-metadata: 1.4491051472723484
  landing: 0.8212735019624233
  view-data: 3.323424205183983
