times:
  edit-metadata: 2.1131940372288227
  landing: 1.2498331423848867
  view-data: 3.4955637343227863
