times:
  edit-metadata: 1.6008101403713226
  landing: 1.0276952348649502
  view-data: 3.349587395787239
