times:
  edit-metadata: 0.49341008404735476
  landing: 0.050839191069826484
  view-data: 0.22059057606384158
