times:
  edit-metadata: 1.518091980367899
  landing: 4.451397631317377
  view-data: 3.387164320796728
