times:
  edit-metadata: 1.4531850516796112
  landing: 0.8351418823003769
  view-data: 3.3893943075090647
