times:
  edit-metadata: 1.4944858606904745
  landing: 0.7775802407413721
  view-data: 3.363117253407836
