times:
  edit-metadata: 1.3431044854223728
  landing: 0.7857652008533478
  view-data: 3.320992834866047
