times:
  edit-metadata: 1.6205501109361649
  landing: 1.1203618347644806
  view-data: 3.3992640897631645
