times:
  edit-metadata: 1.2492706589982845
  landing: 0.26990097103407606
  view-data: 0.29178904002765194
