times:
  edit-metadata: 1.430125156417489
  landing: 0.713133898563683
  view-data: 3.365224882028997
