times:
  edit-metadata: 0.4516315869987011
  landing: 0.06552248098887503
  view-data: 0.21676988410763443
