times:
  edit-metadata: 1.6103731393814087
  landing: 0.9272254407405853
  view-data: 3.38240098208189
