times:
  edit-metadata: 1.3987070992588997
  landing: 0.9454376883804798
  view-data: 3.3379738703370094
