times:
  edit-metadata: 0.4480535589973442
  landing: 0.09645460601313971
  view-data: 0.2275108559988439
