times:
  edit-metadata: 0.4568660829681903
  landing: 0.08570588403381407
  view-data: 0.21836466703098267
