times:
  edit-metadata: 0.5038357290904969
  landing: 0.08008531690575182
  view-data: 0.24121304298751056
