times:
  edit-metadata: 1.4822036139667034
  landing: 0.7672445438802242
  view-data: 3.3888241164386272
