times:
  edit-metadata: 1.6143566146492958
  landing: 0.9114476442337036
  view-data: 3.3426667489111423
