times:
  edit-metadata: 3.4279654808342457
  landing: 2.3093269765377045
  view-data: 3.740563664585352
