times:
  edit-metadata: 0.47144563193432987
  landing: 0.04325141292065382
  view-data: 0.24905196903273463
