times:
  edit-metadata: 1.6502811647951603
  landing: 0.9390566647052765
  view-data: 3.46050725877285
