times:
  edit-metadata: 1.6059612836688757
  landing: 0.8472377117723227
  view-data: 3.435424283146858
