times:
  edit-metadata: 0.5203508529812098
  landing: 0.10443664016202092
  view-data: 0.2600700710900128
