times:
  edit-metadata: 0.46451924880966544
  landing: 0.07880709366872907
  view-data: 0.2182586989365518
