times:
  edit-metadata: 0.5572992907837033
  landing: 0.05265389056876302
  view-data: 0.26255576126277447
