times:
  edit-metadata: 1.5057695787400007
  landing: 0.7240565270185471
  view-data: 3.3281107004731894
