times:
  edit-metadata: 1.4807156175374985
  landing: 1.2499639056622982
  view-data: 3.2854121923446655
