times:
  edit-metadata: 1.4706338718533516
  landing: 0.8483659476041794
  view-data: 3.396424997597933
