times:
  edit-metadata: 0.5367608380038291
  landing: 0.05611177394166589
  view-data: 0.21387585694901645
