times:
  edit-metadata: 0.5693137789930915
  landing: 0.048763041995698586
  view-data: 0.26122100799693726
