times:
  edit-metadata: 1.5274536609649658
  landing: 0.891082901507616
  view-data: 3.387519598007202
