times:
  edit-metadata: 1.381445799022913
  landing: 0.8903445042669773
  view-data: 3.3588762134313583
