times:
  edit-metadata: 0.5178973479196429
  landing: 0.0504998448304832
  view-data: 0.2047492121346295
