times:
  edit-metadata: 0.5274447270203382
  landing: 0.07687860896112397
  view-data: 0.21855364099610597
