times:
  edit-metadata: 1.6760373562574387
  landing: 0.9801203683018684
  view-data: 3.4023370519280434
