times:
  edit-metadata: 0.45971913397079334
  landing: 0.08471489103976637
  view-data: 0.20475155295571312
