times:
  edit-metadata: 1.4978735595941544
  landing: 0.8786339610815048
  view-data: 3.427006796002388
