times:
  edit-metadata: 1.5242098793387413
  landing: 0.9137101769447327
  view-data: 3.4227874279022217
