times:
  edit-metadata: 0.7796434881165624
  landing: 0.13788264663890004
  view-data: 0.21123905200511217
