times:
  edit-metadata: 2.074764784425497
  landing: 1.3498366102576256
  view-data: 3.545274544507265
