times:
  edit-metadata: 0.4737817388959229
  landing: 0.07941074180416763
  view-data: 0.3869651819113642
