times:
  edit-metadata: 1.47771205753088
  landing: 1.1167140416800976
  view-data: 3.346680473536253
