times:
  edit-metadata: 0.6111781350336969
  landing: 0.04528506426140666
  view-data: 0.2062942422926426
