times:
  edit-metadata: 1.343762933043763
  landing: 0.7075439959298819
  view-data: 3.357223247876391
