times:
  edit-metadata: 1.4953743051737547
  landing: 0.7292757965624332
  view-data: 3.3763927090913057
