times:
  edit-metadata: 1.4870226196944714
  landing: 0.7500003129243851
  view-data: 3.4052265994250774
