times:
  edit-metadata: 0.6923794159665704
  landing: 0.08923781104385853
  view-data: 0.2042366098612547
