times:
  edit-metadata: 0.47129701590165496
  landing: 0.04410311300307512
  view-data: 0.19909328501671553
