times:
  edit-metadata: 1.4833252876996994
  landing: 0.7797994781285524
  view-data: 3.437627587467432
