times:
  edit-metadata: 0.4722654363140464
  landing: 0.04588228603824973
  view-data: 0.2277684137225151
