times:
  edit-metadata: 1.360757124144584
  landing: 0.7994041899219155
  view-data: 3.400587983895093
