times:
  edit-metadata: 1.3808427178300917
  landing: 0.9493398531340063
  view-data: 3.3866289937868714
