times:
  edit-metadata: 1.4465906769037247
  landing: 0.8576182685792446
  view-data: 3.4211373142898083
