times:
  edit-metadata: 0.5553503639821429
  landing: 0.042903903988189995
  view-data: 0.23050342299393378
