times:
  edit-metadata: 0.46650795999448746
  landing: 0.08786061604041606
  view-data: 0.22477805195376277
