times:
  edit-metadata: 0.5055525919888169
  landing: 0.0799890358466655
  view-data: 0.2173007158562541
