times:
  edit-metadata: 1.646907052025199
  landing: 0.8873674999922514
  view-data: 3.4287727884948254
