times:
  edit-metadata: 0.6108453280176036
  landing: 0.07197945204097778
  view-data: 0.2429349499871023
