times:
  edit-metadata: 1.9926260970532894
  landing: 0.8979338258504868
  view-data: 3.3925178591161966
