times:
  edit-metadata: 1.4478911086916924
  landing: 0.9020747132599354
  view-data: 3.361232277005911
