times:
  edit-metadata: 1.4023249759338796
  landing: 0.7587455590255558
  view-data: 3.4052337747998536
