times:
  edit-metadata: 1.5256601702421904
  landing: 0.8472461719065905
  view-data: 3.4636683575809
