times:
  edit-metadata: 1.4518313221633434
  landing: 0.8215333484113216
  view-data: 3.3744564317166805
