times:
  edit-metadata: 1.3756862133741379
  landing: 0.8112212847918272
  view-data: 3.2687054853886366
