times:
  edit-metadata: 1.7108405195176601
  landing: 0.7754377759993076
  view-data: 3.378171969205141
