times:
  edit-metadata: 0.45881851098965853
  landing: 0.08926331700058654
  view-data: 0.341976424009772
