times:
  edit-metadata: 2.905499229207635
  landing: 1.4708794299513102
  view-data: 3.849369417876005
