times:
  edit-metadata: 1.5158035047352314
  landing: 0.8387349508702755
  view-data: 3.3926446475088596
