times:
  edit-metadata: 1.5404702592641115
  landing: 0.8137448411434889
  view-data: 3.3587469831109047
