times:
  edit-metadata: 1.7028014287352562
  landing: 1.2086415812373161
  view-data: 3.3625048361718655
