times:
  edit-metadata: 1.4884518757462502
  landing: 0.7960188798606396
  view-data: 3.4383046235889196
