times:
  edit-metadata: 0.49421659600920975
  landing: 0.045885085011832416
  view-data: 0.21582382207270712
