times:
  edit-metadata: 1.6566823162138462
  landing: 1.1121314689517021
  view-data: 3.575986348092556
