times:
  edit-metadata: 1.516525972634554
  landing: 0.8091565258800983
  view-data: 3.4414754025638103
