times:
  edit-metadata: 1.3815573556348681
  landing: 0.8021012814715505
  view-data: 3.340703271329403
