times:
  edit-metadata: 1.4282481488771737
  landing: 0.816151378210634
  view-data: 3.3674081028439105
