times:
  edit-metadata: 1.5443583740852773
  landing: 0.8043930381536484
  view-data: 3.3565717902965844
