times:
  edit-metadata: 0.4992978119989857
  landing: 0.07662862201686949
  view-data: 0.33007669798098505
