times:
  edit-metadata: 0.5226548369973898
  landing: 0.07777506997808814
  view-data: 0.290707731153816
