times:
  edit-metadata: 1.4809715654700994
  landing: 0.9323534509167075
  view-data: 3.4188080290332437
