times:
  edit-metadata: 0.5292426309315488
  landing: 0.04124717600643635
  view-data: 0.21829266694840044
