times:
  edit-metadata: 1.453421788290143
  landing: 0.8086101971566677
  view-data: 3.411218011751771
