times:
  edit-metadata: 2.0478912256658077
  landing: 1.5717497989535332
  view-data: 3.4642054699361324
