times:
  edit-metadata: 1.5451914559816942
  landing: 0.8742478780914098
  view-data: 3.346304366015829
