times:
  edit-metadata: 2.4700287263840437
  landing: 1.3930204175412655
  view-data: 3.819669185206294
