times:
  edit-metadata: 1.541230609640479
  landing: 0.78867606818676
  view-data: 3.403056228533387
