times:
  edit-metadata: 1.42904881387949
  landing: 1.0569857321679592
  view-data: 3.318476304411888
