times:
  edit-metadata: 1.5136481784284115
  landing: 0.816198818385601
  view-data: 3.454697720706463
