times:
  edit-metadata: 1.8354057036340237
  landing: 1.1246992014348507
  view-data: 3.36580503359437
