times:
  edit-metadata: 1.3817600635811687
  landing: 0.805582208558917
  view-data: 3.2814837833866477
