times:
  edit-metadata: 2.2164603658020496
  landing: 1.0822036750614643
  view-data: 3.383367385715246
