times:
  edit-metadata: 1.719679269939661
  landing: 0.8951221946626902
  view-data: 3.482534099370241
