times:
  edit-metadata: 2.212663307785988
  landing: 1.2556336056441069
  view-data: 3.359561501070857
