times:
  edit-metadata: 1.5246825218200684
  landing: 0.8667947072535753
  view-data: 3.4652396012097597
