times:
  edit-metadata: 1.7609500139951706
  landing: 0.8686143411323428
  view-data: 3.492726070806384
