times:
  edit-metadata: 0.49001797602977604
  landing: 0.0739034250145778
  view-data: 0.21418838400859386
