times:
  edit-metadata: 1.5336798876523972
  landing: 0.7957586608827114
  view-data: 3.3808762077242136
