times:
  edit-metadata: 1.427656039595604
  landing: 0.9931436590850353
  view-data: 3.382010791450739
