times:
  edit-metadata: 1.5300279445946217
  landing: 0.8425550870597363
  view-data: 3.357363138347864
