times:
  edit-metadata: 1.5582074355334044
  landing: 0.8389298878610134
  view-data: 3.326470410451293
