times:
  edit-metadata: 1.5136604309082031
  landing: 0.7925551161170006
  view-data: 3.4461215287446976
