times:
  edit-metadata: 1.5117909032851458
  landing: 0.8038246780633926
  view-data: 3.399076296016574
