times:
  edit-metadata: 1.5646103546023369
  landing: 0.837246485054493
  view-data: 3.482110820710659
