times:
  edit-metadata: 1.4465510994195938
  landing: 0.8168221488595009
  view-data: 3.309741571545601
