times:
  edit-metadata: 1.4146648272871971
  landing: 0.7668393850326538
  view-data: 3.408261127769947
