times:
  edit-metadata: 1.4425051733851433
  landing: 0.939563699066639
  view-data: 3.443020351231098
