times:
  edit-metadata: 1.3757812082767487
  landing: 0.7708088681101799
  view-data: 3.4602820426225662
