times:
  edit-metadata: 1.3997401297092438
  landing: 0.8155986443161964
  view-data: 3.30063396692276
