times:
  edit-metadata: 1.548576395958662
  landing: 0.9682294093072414
  view-data: 3.432915575802326
