times:
  edit-metadata: 1.430692806839943
  landing: 0.7465843111276627
  view-data: 3.4957223534584045
