times:
  edit-metadata: 1.5299094766378403
  landing: 0.898298904299736
  view-data: 3.361650228500366
