times:
  edit-metadata: 1.437218390405178
  landing: 0.7398586720228195
  view-data: 3.4889426976442337
