times:
  edit-metadata: 1.4290256947278976
  landing: 0.9055102989077568
  view-data: 3.374085493385792
