times:
  edit-metadata: 1.4354845061898232
  landing: 0.8094509616494179
  view-data: 3.411208897829056
