times:
  edit-metadata: 1.4112178571522236
  landing: 0.8416450992226601
  view-data: 3.2936449386179447
