times:
  edit-metadata: 1.4610589370131493
  landing: 0.808951124548912
  view-data: 3.5099745094776154
