times:
  edit-metadata: 1.40608648955822
  landing: 0.8169718980789185
  view-data: 3.3526257649064064
