times:
  edit-metadata: 1.5155564472079277
  landing: 0.9800365716218948
  view-data: 3.503810793161392
