times:
  edit-metadata: 1.494756929576397
  landing: 0.8649190217256546
  view-data: 3.272699009627104
