times:
  edit-metadata: 1.4325187504291534
  landing: 0.8321756199002266
  view-data: 3.4999062716960907
