times:
  edit-metadata: 1.4102937281131744
  landing: 0.8453175760805607
  view-data: 3.3673096299171448
