times:
  edit-metadata: 1.7006935104727745
  landing: 0.8381376564502716
  view-data: 3.4206276312470436
