times:
  edit-metadata: 1.4299749918282032
  landing: 0.8292742148041725
  view-data: 3.292895942926407
