times:
  edit-metadata: 1.4289548806846142
  landing: 0.9268603436648846
  view-data: 3.3107191249728203
