times:
  edit-metadata: 1.9014674238860607
  landing: 1.3282793276011944
  view-data: 3.401851624250412
