times:
  edit-metadata: 1.5142512321472168
  landing: 0.8667288720607758
  view-data: 3.3217626065015793
