times:
  edit-metadata: 1.49885842949152
  landing: 0.9217251613736153
  view-data: 3.4911360666155815
