times:
  edit-metadata: 1.4924893602728844
  landing: 0.8460639417171478
  view-data: 3.3096535727381706
