times:
  edit-metadata: 1.446970283985138
  landing: 0.7832774594426155
  view-data: 3.4708819314837456
