times:
  edit-metadata: 1.3887644484639168
  landing: 0.8400986269116402
  view-data: 3.4452952966094017
