times:
  edit-metadata: 1.3846089765429497
  landing: 0.8541199117898941
  view-data: 3.4475022777915
