times:
  edit-metadata: 1.4847797118127346
  landing: 0.8080999739468098
  view-data: 3.441932763904333
