times:
  edit-metadata: 1.4596161879599094
  landing: 0.9436774887144566
  view-data: 3.301908854395151
