times:
  edit-metadata: 1.3977202102541924
  landing: 0.7144671827554703
  view-data: 3.4776634871959686
