times:
  edit-metadata: 1.498522087931633
  landing: 0.8745299689471722
  view-data: 3.3379428312182426
