times:
  edit-metadata: 1.3788409382104874
  landing: 0.8024627640843391
  view-data: 3.3439308628439903
