times:
  edit-metadata: 1.6300980858504772
  landing: 0.9464132711291313
  view-data: 3.3518614396452904
