times:
  edit-metadata: 1.492868959903717
  landing: 0.7612510547041893
  view-data: 3.4232955425977707
