times:
  edit-metadata: 1.54525975137949
  landing: 0.8951686695218086
  view-data: 3.3563717678189278
