times:
  edit-metadata: 1.474649801850319
  landing: 0.7455834597349167
  view-data: 3.2880660071969032
