times:
  edit-metadata: 1.434428058564663
  landing: 0.8365195915102959
  view-data: 3.503239944577217
