times:
  edit-metadata: 1.5352690666913986
  landing: 0.8475230857729912
  view-data: 3.282995790243149
