times:
  edit-metadata: 1.377515520900488
  landing: 0.7439378090202808
  view-data: 3.255794871598482
