times:
  edit-metadata: 1.5029416754841805
  landing: 0.8439431712031364
  view-data: 3.305204037576914
