times:
  edit-metadata: 1.434494636952877
  landing: 0.737109512090683
  view-data: 3.4150986820459366
