times:
  edit-metadata: 1.3804838806390762
  landing: 0.875771552324295
  view-data: 3.4856483936309814
