times:
  edit-metadata: 1.4781147316098213
  landing: 0.7954269573092461
  view-data: 3.7491155713796616
