times:
  edit-metadata: 1.4937646463513374
  landing: 0.77663354575634
  view-data: 3.442945346236229
