times:
  edit-metadata: 1.4208375290036201
  landing: 0.88872030377388
  view-data: 3.519408755004406
