times:
  edit-metadata: 1.5090066641569138
  landing: 0.8030916154384613
  view-data: 3.343180373311043
