times:
  edit-metadata: 1.3822290301322937
  landing: 0.7950349301099777
  view-data: 3.404439367353916
