times:
  edit-metadata: 1.5821343138813972
  landing: 0.9579549320042133
  view-data: 3.2959471940994263
