times:
  edit-metadata: 1.3969486355781555
  landing: 0.7261379510164261
  view-data: 3.4979014694690704
