times:
  edit-metadata: 1.508140940219164
  landing: 0.9060404561460018
  view-data: 3.306621305644512
