times:
  edit-metadata: 1.4119968339800835
  landing: 0.8963669240474701
  view-data: 3.2836041562259197
