times:
  edit-metadata: 1.3543176986277103
  landing: 0.8458456099033356
  view-data: 3.3253670781850815
