times:
  edit-metadata: 1.460276648402214
  landing: 0.8157089948654175
  view-data: 3.3527475632727146
