times:
  edit-metadata: 1.4873604476451874
  landing: 0.7856004014611244
  view-data: 3.408692717552185
