times:
  edit-metadata: 1.505209006369114
  landing: 0.8269492648541927
  view-data: 3.2909828387200832
