times:
  edit-metadata: 1.5085987970232964
  landing: 0.7907538264989853
  view-data: 3.4589152336120605
