times:
  edit-metadata: 1.4990752637386322
  landing: 0.8373449593782425
  view-data: 3.320618599653244
