times:
  edit-metadata: 1.7280497290194035
  landing: 1.1587548106908798
  view-data: 3.4789971448481083
