times:
  edit-metadata: 1.7062470726668835
  landing: 1.117983654141426
  view-data: 3.276172496378422
