times:
  edit-metadata: 1.5322282537817955
  landing: 0.9381116479635239
  view-data: 3.335521452128887
