times:
  edit-metadata: 1.3539771288633347
  landing: 0.805158719420433
  view-data: 3.422953762114048
