times:
  edit-metadata: 1.7908269949257374
  landing: 1.3762436881661415
  view-data: 3.3883280381560326
