times:
  edit-metadata: 3.0597562715411186
  landing: 1.888905331492424
  view-data: 4.262065224349499
