times:
  edit-metadata: 1.3643291518092155
  landing: 0.8024961650371552
  view-data: 3.3013864010572433
