times:
  edit-metadata: 1.3732301592826843
  landing: 0.7771616168320179
  view-data: 3.3967774622142315
