times:
  edit-metadata: 1.9992882832884789
  landing: 1.0733520723879337
  view-data: 3.433620113879442
