times:
  edit-metadata: 1.352298341691494
  landing: 0.7844081223011017
  view-data: 3.4318105280399323
