times:
  edit-metadata: 1.3502248153090477
  landing: 0.8086765706539154
  view-data: 3.2728438153862953
