times:
  edit-metadata: 1.5669327341020107
  landing: 0.9911123178899288
  view-data: 3.328497376292944
