times:
  edit-metadata: 1.928713709115982
  landing: 1.123024009168148
  view-data: 3.4969033300876617
