times:
  edit-metadata: 1.52830620855093
  landing: 0.9580698870122433
  view-data: 3.3426287807524204
