times:
  edit-metadata: 1.556848518550396
  landing: 0.7416531816124916
  view-data: 3.389865204691887
