times:
  edit-metadata: 1.3875649720430374
  landing: 0.8567277267575264
  view-data: 3.342657968401909
