times:
  edit-metadata: 1.3817180320620537
  landing: 0.745632030069828
  view-data: 3.4290477633476257
