times:
  edit-metadata: 1.5772735700011253
  landing: 0.7951429486274719
  view-data: 3.4284063950181007
