times:
  edit-metadata: 2.1627017557621
  landing: 1.1624160706996918
  view-data: 3.4499212577939034
