times:
  edit-metadata: 1.5198401808738708
  landing: 0.7462566718459129
  view-data: 3.3416691944003105
