times:
  edit-metadata: 1.4890926256775856
  landing: 0.8083674982190132
  view-data: 3.519565887749195
