times:
  edit-metadata: 1.4989673718810081
  landing: 0.81334138661623
  view-data: 3.474465437233448
