times:
  edit-metadata: 1.3632741421461105
  landing: 0.7948151752352715
  view-data: 3.324714034795761
