times:
  edit-metadata: 1.424473024904728
  landing: 0.898603230714798
  view-data: 3.45181754976511
