times:
  edit-metadata: 1.7671459093689919
  landing: 0.8135176301002502
  view-data: 3.4088413193821907
