times:
  edit-metadata: 1.4225617162883282
  landing: 0.8530688881874084
  view-data: 3.36674228310585
