times:
  edit-metadata: 1.4430255144834518
  landing: 0.7897717654705048
  view-data: 3.523153856396675
