times:
  edit-metadata: 1.4955368116497993
  landing: 0.7381582334637642
  view-data: 3.4475197568535805
