times:
  edit-metadata: 1.538107555359602
  landing: 0.9006690196692944
  view-data: 3.269113089889288
