times:
  edit-metadata: 2.012113146483898
  landing: 1.1459350138902664
  view-data: 3.4551088735461235
