times:
  edit-metadata: 1.5493662916123867
  landing: 0.8580909930169582
  view-data: 3.333821762353182
