times:
  edit-metadata: 1.4939064159989357
  landing: 0.7670787870883942
  view-data: 3.4149554520845413
