times:
  edit-metadata: 1.4359819777309895
  landing: 0.8695519603788853
  view-data: 3.3584193624556065
