times:
  edit-metadata: 1.5064371973276138
  landing: 0.7324211597442627
  view-data: 3.4799131378531456
