times:
  edit-metadata: 1.42018473893404
  landing: 0.7504558339715004
  view-data: 3.4646183028817177
