times:
  edit-metadata: 1.5949737504124641
  landing: 0.9894821718335152
  view-data: 3.3717406317591667
