times:
  edit-metadata: 1.5148678198456764
  landing: 0.8065539449453354
  view-data: 3.480122983455658
