times:
  edit-metadata: 1.4307834282517433
  landing: 0.7615667432546616
  view-data: 3.2870900481939316
