times:
  edit-metadata: 1.414051353931427
  landing: 0.7581852003931999
  view-data: 3.2466084882616997
