times:
  edit-metadata: 1.3881561979651451
  landing: 0.7714108973741531
  view-data: 3.553813196718693
