times:
  edit-metadata: 1.4897533133625984
  landing: 0.7974858433008194
  view-data: 3.4880455136299133
