times:
  edit-metadata: 1.635058257728815
  landing: 0.8474240377545357
  view-data: 3.3695655576884747
