times:
  edit-metadata: 1.575284667313099
  landing: 0.8871642574667931
  view-data: 3.6349543780088425
