times:
  edit-metadata: 1.3868652060627937
  landing: 0.7743802592158318
  view-data: 3.445439286530018
