times:
  edit-metadata: 1.947079785168171
  landing: 0.8993197046220303
  view-data: 3.359251145273447
