times:
  edit-metadata: 1.5144045427441597
  landing: 0.8082152232527733
  view-data: 3.2668379098176956
