times:
  edit-metadata: 1.5594450607895851
  landing: 0.7514740079641342
  view-data: 3.411493845283985
