times:
  edit-metadata: 1.3878267332911491
  landing: 0.7749255076050758
  view-data: 3.4741508215665817
