times:
  edit-metadata: 1.3287851884961128
  landing: 0.7100717276334763
  view-data: 3.323194794356823
