times:
  edit-metadata: 1.69095079600811
  landing: 1.0430251955986023
  view-data: 3.3510740399360657
