times:
  edit-metadata: 1.5200851783156395
  landing: 0.7165820524096489
  view-data: 3.320237308740616
