times:
  edit-metadata: 1.4535569697618484
  landing: 0.7711663097143173
  view-data: 3.424270160496235
