times:
  edit-metadata: 2.142931379377842
  landing: 1.364526242017746
  view-data: 3.471913769841194
