times:
  edit-metadata: 1.5932690761983395
  landing: 0.8819789849221706
  view-data: 3.3573492243885994
