times:
  edit-metadata: 1.4017178043723106
  landing: 0.8288731947541237
  view-data: 3.51492790132761
