times:
  edit-metadata: 1.381942369043827
  landing: 0.8251373767852783
  view-data: 3.4944073408842087
