times:
  edit-metadata: 1.5094589367508888
  landing: 0.8379189819097519
  view-data: 3.2986721098423004
