times:
  edit-metadata: 1.4097833707928658
  landing: 0.7861011400818825
  view-data: 3.4664896428585052
