times:
  edit-metadata: 1.5731604471802711
  landing: 1.165316604077816
  view-data: 3.5420828461647034
