times:
  edit-metadata: 1.6367761492729187
  landing: 0.9800024256110191
  view-data: 3.376744084060192
