times:
  edit-metadata: 1.3381967917084694
  landing: 0.7312149107456207
  view-data: 3.4529557898640633
