times:
  edit-metadata: 1.5067477263510227
  landing: 0.8888793885707855
  view-data: 3.376317661255598
