times:
  edit-metadata: 1.5043959692120552
  landing: 0.8107339292764664
  view-data: 3.3167211823165417
