times:
  edit-metadata: 1.4495000839233398
  landing: 0.776858001947403
  view-data: 3.4723346829414368
