times:
  edit-metadata: 1.421300284564495
  landing: 0.8261599838733673
  view-data: 3.28101709485054
