times:
  edit-metadata: 1.4374553486704826
  landing: 0.7942869886755943
  view-data: 3.3214713111519814
