times:
  edit-metadata: 1.528072014451027
  landing: 0.8488008975982666
  view-data: 3.3236225843429565
