times:
  edit-metadata: 1.484736431390047
  landing: 0.8956614807248116
  view-data: 3.3644035384058952
