times:
  edit-metadata: 1.3877426013350487
  landing: 0.7965417355298996
  view-data: 3.4624400213360786
