times:
  edit-metadata: 1.449524074792862
  landing: 0.8721963837742805
  view-data: 3.2994378805160522
