times:
  edit-metadata: 1.3464628383517265
  landing: 0.837671086192131
  view-data: 3.4817849919199944
