times:
  edit-metadata: 1.4481056705117226
  landing: 0.7273914217948914
  view-data: 3.4842025339603424
