times:
  edit-metadata: 1.5070516169071198
  landing: 0.7991483882069588
  view-data: 3.3828841522336006
