times:
  edit-metadata: 1.4001339823007584
  landing: 0.8515510484576225
  view-data: 3.446386843919754
