times:
  edit-metadata: 1.364410936832428
  landing: 0.7688154652714729
  view-data: 3.5469928309321404
