times:
  edit-metadata: 1.3679380416870117
  landing: 0.8446117714047432
  view-data: 3.4654753506183624
