times:
  edit-metadata: 1.452250525355339
  landing: 0.8187623172998428
  view-data: 3.465189941227436
