times:
  edit-metadata: 1.4065674990415573
  landing: 0.8551469519734383
  view-data: 3.4828126057982445
