times:
  edit-metadata: 1.4070884473621845
  landing: 0.8896358460187912
  view-data: 3.3788717538118362
