times:
  edit-metadata: 1.4386011585593224
  landing: 0.9336846321821213
  view-data: 3.5032747462391853
