times:
  edit-metadata: 1.473157100379467
  landing: 0.8478105440735817
  view-data: 3.2846216186881065
