times:
  edit-metadata: 1.4662943184375763
  landing: 0.7752940878272057
  view-data: 3.3984940350055695
