times:
  edit-metadata: 1.4682160094380379
  landing: 0.7726095542311668
  view-data: 3.47915368527174
