times:
  edit-metadata: 1.465577132999897
  landing: 0.878021314740181
  view-data: 3.5156144574284554
