times:
  edit-metadata: 1.4326027184724808
  landing: 0.9886519610881805
  view-data: 3.4272038340568542
