times:
  edit-metadata: 1.462328925728798
  landing: 0.7474253922700882
  view-data: 3.482611082494259
