times:
  edit-metadata: 1.9126060083508492
  landing: 1.1638615503907204
  view-data: 3.6534657776355743
