times:
  edit-metadata: 1.429366361349821
  landing: 0.8413798846304417
  view-data: 3.2858458384871483
