times:
  edit-metadata: 1.4272427894175053
  landing: 0.8056251108646393
  view-data: 3.3080359883606434
