times:
  edit-metadata: 1.496116854250431
  landing: 0.913409486413002
  view-data: 3.313180133700371
