times:
  edit-metadata: 1.6681481041014194
  landing: 0.8465204834938049
  view-data: 3.404137957841158
