times:
  edit-metadata: 2.1748052649199963
  landing: 1.305211640894413
  view-data: 3.4658609963953495
