times:
  edit-metadata: 1.516489453613758
  landing: 0.9360209330916405
  view-data: 3.407076008617878
