times:
  edit-metadata: 1.3433364629745483
  landing: 0.8693407773971558
  view-data: 3.2380464002490044
