times:
  edit-metadata: 1.4601183831691742
  landing: 0.8982459232211113
  view-data: 3.5893357545137405
