times:
  edit-metadata: 1.5078066810965538
  landing: 0.8948268592357635
  view-data: 3.36032198369503
