times:
  edit-metadata: 1.415081612765789
  landing: 0.7847035713493824
  view-data: 3.359592903405428
