times:
  edit-metadata: 1.4095218665897846
  landing: 0.7388939410448074
  view-data: 3.3008351922035217
