times:
  edit-metadata: 1.5214608162641525
  landing: 0.7627016752958298
  view-data: 3.3413237184286118
