times:
  edit-metadata: 1.5130868554115295
  landing: 0.8180057480931282
  view-data: 3.536726735532284
