times:
  edit-metadata: 1.5186531394720078
  landing: 0.7590744569897652
  view-data: 3.498085267841816
