times:
  edit-metadata: 1.4216722249984741
  landing: 0.8025324642658234
  view-data: 0.5339744687080383
