times:
  edit-metadata: 1.445325318723917
  landing: 0.8207184039056301
  view-data: 3.312779378145933
