times:
  edit-metadata: 1.496361330151558
  landing: 0.8425686657428741
  view-data: 3.28743651881814
