times:
  edit-metadata: 1.4305113181471825
  landing: 0.9381153210997581
  view-data: 3.3387996181845665
