times:
  edit-metadata: 1.4501126930117607
  landing: 0.6856191903352737
  view-data: 3.4644171819090843
