times:
  edit-metadata: 1.500721175223589
  landing: 0.7595413960516453
  view-data: 3.2783201821148396
