times:
  edit-metadata: 1.3738567791879177
  landing: 0.7378363199532032
  view-data: 3.2683229744434357
