times:
  edit-metadata: 1.4469841942191124
  landing: 0.7197420671582222
  view-data: 3.524303711950779
