times:
  edit-metadata: 1.4063003100454807
  landing: 0.8546220511198044
  view-data: 3.4032241217792034
