times:
  edit-metadata: 1.4327847808599472
  landing: 0.7323687970638275
  view-data: 3.5339113026857376
