times:
  edit-metadata: 1.4930088333785534
  landing: 0.7416648678481579
  view-data: 3.2878087386488914
