times:
  edit-metadata: 1.689168717712164
  landing: 0.921727329492569
  view-data: 3.2836509868502617
