times:
  edit-metadata: 1.5257909782230854
  landing: 0.7014668919146061
  view-data: 3.3517824560403824
