times:
  edit-metadata: 1.3736524321138859
  landing: 0.8010099977254868
  view-data: 3.2832317650318146
