times:
  edit-metadata: 1.7165651880204678
  landing: 0.7787943594157696
  view-data: 3.3090932704508305
