times:
  edit-metadata: 1.4065222442150116
  landing: 0.7418522015213966
  view-data: 3.5181702226400375
