times:
  edit-metadata: 1.4921671822667122
  landing: 0.7493443563580513
  view-data: 3.3974527418613434
