times:
  edit-metadata: 1.4365203380584717
  landing: 0.7877601832151413
  view-data: 3.34088247269392
