times:
  edit-metadata: 1.4969853460788727
  landing: 0.7413183450698853
  view-data: 3.4470971450209618
