times:
  edit-metadata: 2.4580708146095276
  landing: 1.4928426817059517
  view-data: 3.5484622418880463
