times:
  edit-metadata: 1.5183735191822052
  landing: 0.7012957781553268
  view-data: 3.2939648628234863
