times:
  edit-metadata: 1.4054024070501328
  landing: 0.8012681901454926
  view-data: 3.502457320690155
