times:
  edit-metadata: 2.402112163603306
  landing: 1.3511215820908546
  view-data: 3.5892859920859337
