times:
  edit-metadata: 1.4369653686881065
  landing: 0.7047035880386829
  view-data: 3.2816021628677845
