times:
  edit-metadata: 2.0327283814549446
  landing: 1.2910784259438515
  view-data: 3.513198934495449
