times:
  edit-metadata: 2.0726926252245903
  landing: 1.0595203340053558
  view-data: 3.3985129222273827
