times:
  edit-metadata: 1.5095380321145058
  landing: 0.7553226873278618
  view-data: 3.5410286262631416
