times:
  edit-metadata: 1.6099414080381393
  landing: 0.94126196205616
  view-data: 3.300984673202038
