times:
  edit-metadata: 1.459683746099472
  landing: 0.6765620708465576
  view-data: 3.4098074212670326
