times:
  edit-metadata: 1.5154801793396473
  landing: 0.8995941542088985
  view-data: 3.579879529774189
