times:
  edit-metadata: 1.4302668683230877
  landing: 0.8069311417639256
  view-data: 3.3547984287142754
