times:
  edit-metadata: 1.4145995937287807
  landing: 0.7497069202363491
  view-data: 3.3920291401445866
