times:
  edit-metadata: 1.4040589332580566
  landing: 0.7089575529098511
  view-data: 3.3828100338578224
