times:
  edit-metadata: 1.6230786368250847
  landing: 0.8137620352208614
  view-data: 3.295968785881996
