times:
  edit-metadata: 1.5173786580562592
  landing: 0.9214466586709023
  view-data: 3.47353657707572
