times:
  edit-metadata: 1.4719303995370865
  landing: 0.767367921769619
  view-data: 3.3339650630950928
