times:
  edit-metadata: 1.4168834313750267
  landing: 0.7724316492676735
  view-data: 3.480237603187561
