times:
  edit-metadata: 1.4694676250219345
  landing: 0.725811205804348
  view-data: 3.521525986492634
