times:
  edit-metadata: 1.4446158558130264
  landing: 0.7326644882559776
  view-data: 3.4987165555357933
