times:
  edit-metadata: 1.4677627086639404
  landing: 0.7785476967692375
  view-data: 3.4851875975728035
