times:
  edit-metadata: 1.458587259054184
  landing: 0.7549218982458115
  view-data: 3.329567641019821
