times:
  edit-metadata: 2.0212330780923367
  landing: 1.1359269842505455
  view-data: 3.552034854888916
