times:
  edit-metadata: 1.4518791884183884
  landing: 0.8062310367822647
  view-data: 3.498896487057209
