times:
  edit-metadata: 1.3969750255346298
  landing: 0.7216628342866898
  view-data: 3.5070598050951958
