times:
  edit-metadata: 1.4902657866477966
  landing: 0.816855363547802
  view-data: 3.372879706323147
