times:
  edit-metadata: 1.3744983449578285
  landing: 0.7516444250941277
  view-data: 3.3240010291337967
