times:
  edit-metadata: 1.4165209531784058
  landing: 0.7542928978800774
  view-data: 3.493857905268669
