times:
  edit-metadata: 1.5530025586485863
  landing: 0.6956464275717735
  view-data: 3.3339879289269447
