times:
  edit-metadata: 1.4318326339125633
  landing: 0.7556595504283905
  view-data: 3.287620574235916
