times:
  edit-metadata: 1.7804486900568008
  landing: 0.798267662525177
  view-data: 3.3036744445562363
