times:
  edit-metadata: 1.7222477421164513
  landing: 1.3014071062207222
  view-data: 3.311397820711136
