times:
  edit-metadata: 1.5314940810203552
  landing: 0.761712059378624
  view-data: 3.476578116416931
