times:
  edit-metadata: 1.438152227550745
  landing: 0.7680777683854103
  view-data: 3.3301926739513874
