times:
  edit-metadata: 1.4595346115529537
  landing: 0.7333284206688404
  view-data: 3.2643943056464195
