times:
  edit-metadata: 1.5156287737190723
  landing: 0.9287975244224072
  view-data: 3.4104744270443916
