times:
  edit-metadata: 1.3547836281359196
  landing: 0.8020163513720036
  view-data: 3.2994547709822655
