times:
  edit-metadata: 1.506716974079609
  landing: 0.7051065489649773
  view-data: 3.4349305033683777
