times:
  edit-metadata: 1.4439680129289627
  landing: 0.7672232612967491
  view-data: 3.3616340681910515
