times:
  edit-metadata: 1.4397026374936104
  landing: 0.78028853982687
  view-data: 3.3046022802591324
