times:
  edit-metadata: 1.5513408780097961
  landing: 0.8756082057952881
  view-data: 3.3065437972545624
