times:
  edit-metadata: 1.3907573595643044
  landing: 0.6804745942354202
  view-data: 3.4602872282266617
