times:
  edit-metadata: 1.3602637983858585
  landing: 0.8339173682034016
  view-data: 3.297040667384863
