times:
  edit-metadata: 1.4068372584879398
  landing: 0.7665382139384747
  view-data: 3.368200082331896
