times:
  edit-metadata: 1.4851948767900467
  landing: 0.7200226783752441
  view-data: 3.51138923317194
