times:
  edit-metadata: 1.511107124388218
  landing: 0.7953664287924767
  view-data: 3.5075723379850388
