times:
  edit-metadata: 1.4288081154227257
  landing: 0.6913622245192528
  view-data: 3.4393395408988
