times:
  edit-metadata: 2.6349013559520245
  landing: 1.139398131519556
  view-data: 4.291961658746004
