times:
  edit-metadata: 1.5938198938965797
  landing: 0.7495996579527855
  view-data: 3.3874748051166534
