times:
  edit-metadata: 1.5429175794124603
  landing: 0.8598682582378387
  view-data: 3.3147005438804626
