times:
  edit-metadata: 1.6378743946552277
  landing: 0.7841398417949677
  view-data: 3.3590383008122444
