times:
  edit-metadata: 1.3818503692746162
  landing: 0.8317782282829285
  view-data: 3.5396143794059753
