times:
  edit-metadata: 1.5044529661536217
  landing: 0.7864838391542435
  view-data: 3.600372850894928
