times:
  edit-metadata: 1.366096369922161
  landing: 0.8218898251652718
  view-data: 3.4672550708055496
