times:
  edit-metadata: 1.418448157608509
  landing: 0.7550811395049095
  view-data: 3.4887215197086334
