times:
  edit-metadata: 1.4693618416786194
  landing: 0.689103826880455
  view-data: 3.4416271075606346
