times:
  edit-metadata: 1.4879028871655464
  landing: 0.7139795795083046
  view-data: 3.438837856054306
