times:
  edit-metadata: 1.67664959654212
  landing: 0.8721950501203537
  view-data: 3.294526766985655
