times:
  edit-metadata: 1.389174833893776
  landing: 0.7508436739444733
  view-data: 3.522496923804283
