times:
  edit-metadata: 1.5218189880251884
  landing: 0.8087533786892891
  view-data: 3.3608104661107063
