times:
  edit-metadata: 1.3884578794240952
  landing: 0.7735512629151344
  view-data: 3.442868337035179
