times:
  edit-metadata: 1.4860858246684074
  landing: 0.718001700937748
  view-data: 3.4012806937098503
