times:
  edit-metadata: 1.6023678481578827
  landing: 0.799104668200016
  view-data: 3.3010233938694
