times:
  edit-metadata: 1.4036876522004604
  landing: 0.7303010299801826
  view-data: 3.3194214664399624
