times:
  edit-metadata: 1.6075123324990273
  landing: 0.8611994609236717
  view-data: 3.433785416185856
