times:
  edit-metadata: 1.5379772931337357
  landing: 0.9056669995188713
  view-data: 3.6537629291415215
