times:
  edit-metadata: 1.7285225838422775
  landing: 0.8645014688372612
  view-data: 3.5223456025123596
