times:
  edit-metadata: 1.5248402431607246
  landing: 0.7530662715435028
  view-data: 3.490654170513153
