times:
  edit-metadata: 1.4273266308009624
  landing: 0.779378667473793
  view-data: 3.2873468175530434
