times:
  edit-metadata: 1.4526459723711014
  landing: 0.8308394514024258
  view-data: 3.3008132874965668
