times:
  edit-metadata: 1.406214877963066
  landing: 0.7397623769938946
  view-data: 3.379296962171793
