times:
  edit-metadata: 1.450445432215929
  landing: 0.7256555557250977
  view-data: 3.309326361864805
