times:
  edit-metadata: 1.5110145658254623
  landing: 0.7082796022295952
  view-data: 3.4995843917131424
