times:
  edit-metadata: 1.746857114136219
  landing: 0.7925571799278259
  view-data: 3.320706367492676
