times:
  edit-metadata: 1.5689253397285938
  landing: 0.8666165433824062
  view-data: 3.317705351859331
