times:
  edit-metadata: 1.4813833348453045
  landing: 0.7770551778376102
  view-data: 3.3708718679845333
