times:
  edit-metadata: 1.6797901093959808
  landing: 0.9255165755748749
  view-data: 3.313117016106844
