times:
  edit-metadata: 1.4625732526183128
  landing: 0.7296291291713715
  view-data: 3.401993788778782
