times:
  edit-metadata: 1.535645566880703
  landing: 0.8490283787250519
  view-data: 3.2872693687677383
