times:
  edit-metadata: 1.4486041218042374
  landing: 0.8095623701810837
  view-data: 3.380871631205082
