times:
  edit-metadata: 1.4840839132666588
  landing: 0.7954386994242668
  view-data: 3.482226125895977
