times:
  edit-metadata: 1.3769671209156513
  landing: 0.7213244996964931
  view-data: 3.3296561874449253
