times:
  edit-metadata: 1.6002554967999458
  landing: 0.7975831106305122
  view-data: 3.3678948506712914
