times:
  edit-metadata: 1.531168419867754
  landing: 0.7871919237077236
  view-data: 3.2858676202595234
