times:
  edit-metadata: 1.375882364809513
  landing: 0.6878087148070335
  view-data: 3.4109474793076515
