times:
  edit-metadata: 1.5135098062455654
  landing: 0.8244053162634373
  view-data: 3.388587050139904
