times:
  edit-metadata: 1.77292051166296
  landing: 0.8708459548652172
  view-data: 3.28883820772171
