times:
  edit-metadata: 1.721215583384037
  landing: 1.406382367014885
  view-data: 3.6468361020088196
