times:
  edit-metadata: 1.4899768084287643
  landing: 0.7968340739607811
  view-data: 3.460275113582611
