times:
  edit-metadata: 1.4015236794948578
  landing: 0.7692374587059021
  view-data: 3.4088064208626747
