times:
  edit-metadata: 1.515675663948059
  landing: 0.7827996537089348
  view-data: 3.448256269097328
