times:
  edit-metadata: 2.557687632739544
  landing: 1.115999974310398
  view-data: 3.548679307103157
