times:
  edit-metadata: 1.451523333787918
  landing: 0.7297616824507713
  view-data: 3.3387163802981377
