times:
  edit-metadata: 1.4600185006856918
  landing: 0.7435380071401596
  view-data: 3.4577049762010574
