times:
  edit-metadata: 1.630448866635561
  landing: 0.8126193434000015
  view-data: 3.2593158781528473
