times:
  edit-metadata: 1.7118305936455727
  landing: 0.986493781208992
  view-data: 3.3614001646637917
