times:
  edit-metadata: 1.4135144874453545
  landing: 0.7117602191865444
  view-data: 3.3916165605187416
