times:
  edit-metadata: 1.5609827004373074
  landing: 0.9026277363300323
  view-data: 3.2997275292873383
