times:
  edit-metadata: 1.4787335023283958
  landing: 0.7506188377737999
  view-data: 3.450942113995552
