times:
  edit-metadata: 1.2718958854675293
  landing: 0.7662965953350067
  view-data: 3.428265005350113
