times:
  edit-metadata: 1.493394173681736
  landing: 0.7900008633732796
  view-data: 3.5195978954434395
