times:
  edit-metadata: 1.3972065821290016
  landing: 0.7262882739305496
  view-data: 3.4367318898439407
