times:
  edit-metadata: 1.4093753322958946
  landing: 0.8002112247049809
  view-data: 3.378675427287817
