times:
  edit-metadata: 2.5799842327833176
  landing: 1.5090233385562897
  view-data: 3.9833538606762886
