times:
  edit-metadata: 1.52610582113266
  landing: 0.7786434441804886
  view-data: 3.352260835468769
