times:
  edit-metadata: 1.2203036472201347
  landing: 0.8407109752297401
  view-data: 3.450337216258049
