times:
  edit-metadata: 1.5176367685198784
  landing: 0.8140215948224068
  view-data: 3.3975047916173935
