times:
  edit-metadata: 1.454561598598957
  landing: 0.7199199497699738
  view-data: 3.4279605448246
