times:
  edit-metadata: 1.4351810663938522
  landing: 0.7150660678744316
  view-data: 3.2888137586414814
