times:
  edit-metadata: 1.4800958335399628
  landing: 0.7676483988761902
  view-data: 3.2901593074202538
