times:
  edit-metadata: 1.4545265510678291
  landing: 0.8184332251548767
  view-data: 3.304953321814537
