times:
  edit-metadata: 1.400928270071745
  landing: 0.8006021305918694
  view-data: 3.3701418824493885
