times:
  edit-metadata: 1.7902845442295074
  landing: 1.0631195306777954
  view-data: 3.7108325883746147
