times:
  edit-metadata: 1.4250018373131752
  landing: 0.8213499486446381
  view-data: 3.3108959160745144
