times:
  edit-metadata: 1.5355502292513847
  landing: 0.8568933308124542
  view-data: 3.517265297472477
