times:
  edit-metadata: 1.4502493366599083
  landing: 0.7678430303931236
  view-data: 3.5315852910280228
