times:
  edit-metadata: 1.5191789790987968
  landing: 0.7709354981780052
  view-data: 3.5159789696335793
