times:
  edit-metadata: 1.4930616840720177
  landing: 0.7832895219326019
  view-data: 3.38481392711401
