times:
  edit-metadata: 1.4220412373542786
  landing: 0.9060971885919571
  view-data: 3.475421689450741
