times:
  edit-metadata: 1.5474848747253418
  landing: 0.7091250643134117
  view-data: 3.4011793434619904
