times:
  edit-metadata: 1.3551650866866112
  landing: 0.7522286400198936
  view-data: 3.4311816468834877
