times:
  edit-metadata: 1.576750509440899
  landing: 0.7972577512264252
  view-data: 3.32396537065506
