times:
  edit-metadata: 1.5719360262155533
  landing: 0.7430664412677288
  view-data: 3.3516788743436337
