times:
  edit-metadata: 1.7526507787406445
  landing: 1.0848350301384926
  view-data: 3.309546247124672
