times:
  edit-metadata: 1.3721449077129364
  landing: 0.7922770828008652
  view-data: 3.651956543326378
