times:
  edit-metadata: 1.3871926739811897
  landing: 0.8867058902978897
  view-data: 3.275441952049732
