times:
  edit-metadata: 1.5496806986629963
  landing: 0.8340027071535587
  view-data: 3.369038574397564
