times:
  edit-metadata: 1.7764450535178185
  landing: 0.9763989523053169
  view-data: 3.604171596467495
