times:
  edit-metadata: 1.4288574382662773
  landing: 0.8159267194569111
  view-data: 3.410600181668997
