times:
  edit-metadata: 1.430907055735588
  landing: 0.7325471714138985
  view-data: 3.4774907901883125
