times:
  edit-metadata: 1.4386862218379974
  landing: 0.7602763473987579
  view-data: 3.4212029725313187
