times:
  edit-metadata: 1.5319738909602165
  landing: 0.9787192717194557
  view-data: 3.3512806445360184
