times:
  edit-metadata: 1.4693189412355423
  landing: 0.7096793800592422
  view-data: 3.329106532037258
