times:
  edit-metadata: 1.578857485204935
  landing: 0.7777526937425137
  view-data: 3.2862375043332577
