times:
  edit-metadata: 1.601289164274931
  landing: 0.8210399076342583
  view-data: 3.344612654298544
