times:
  edit-metadata: 1.5908392407000065
  landing: 0.7664328664541245
  view-data: 3.3234069235622883
