times:
  edit-metadata: 1.590776700526476
  landing: 0.8456127345561981
  view-data: 3.3223691321909428
