times:
  edit-metadata: 1.456442192196846
  landing: 0.7704524174332619
  view-data: 3.5310760512948036
