times:
  edit-metadata: 1.441294677555561
  landing: 0.7550547271966934
  view-data: 3.5350273847579956
