times:
  edit-metadata: 1.502600684762001
  landing: 0.7886876687407494
  view-data: 3.535688914358616
