times:
  edit-metadata: 1.4183628782629967
  landing: 0.7517552599310875
  view-data: 3.408129870891571
