times:
  edit-metadata: 1.4135027974843979
  landing: 0.8331514373421669
  view-data: 3.3683960661292076
