times:
  edit-metadata: 1.4305399283766747
  landing: 0.785797007381916
  view-data: 3.51520536839962
