times:
  edit-metadata: 2.730430480092764
  landing: 1.2115163430571556
  view-data: 3.5469689406454563
