times:
  edit-metadata: 1.3897816985845566
  landing: 0.7526203468441963
  view-data: 3.8665488064289093
