times:
  edit-metadata: 1.3651504442095757
  landing: 0.7627456411719322
  view-data: 3.5101834908127785
