times:
  edit-metadata: 1.465056635439396
  landing: 0.7545116543769836
  view-data: 3.305998556315899
