times:
  edit-metadata: 1.5232925340533257
  landing: 0.7187082767486572
  view-data: 3.510567791759968
