times:
  edit-metadata: 1.394336026161909
  landing: 0.853751614689827
  view-data: 3.2928520776331425
