times:
  edit-metadata: 1.3854713961482048
  landing: 0.7522880882024765
  view-data: 3.4317991733551025
