times:
  edit-metadata: 1.4435870163142681
  landing: 0.8416418433189392
  view-data: 3.283280275762081
