times:
  edit-metadata: 1.5286482647061348
  landing: 0.9948019683361053
  view-data: 3.482648126780987
