times:
  edit-metadata: 1.530324850231409
  landing: 0.7947269752621651
  view-data: 3.3052526600658894
