times:
  edit-metadata: 1.5226110070943832
  landing: 0.7294889017939568
  view-data: 3.4794381856918335
