times:
  edit-metadata: 1.3825154229998589
  landing: 0.7568900436162949
  view-data: 3.5148814916610718
