times:
  edit-metadata: 1.4004114046692848
  landing: 0.87841372564435
  view-data: 3.2679004184901714
