times:
  edit-metadata: 1.4332000240683556
  landing: 0.7846492379903793
  view-data: 3.419270798563957
