times:
  edit-metadata: 1.6512573957443237
  landing: 0.903548002243042
  view-data: 3.620721273124218
