times:
  edit-metadata: 1.5043698400259018
  landing: 0.856768935918808
  view-data: 3.531533345580101
