times:
  edit-metadata: 1.3324802592396736
  landing: 0.7350244671106339
  view-data: 3.326170813292265
