times:
  edit-metadata: 1.3743053674697876
  landing: 0.7878234907984734
  view-data: 3.5908156260848045
