times:
  edit-metadata: 1.5158308073878288
  landing: 0.8264559023082256
  view-data: 3.313646834343672
