times:
  edit-metadata: 1.4302746802568436
  landing: 0.8002664484083652
  view-data: 3.329947203397751
