times:
  edit-metadata: 1.4805099368095398
  landing: 0.8477736040949821
  view-data: 3.2813452631235123
