times:
  edit-metadata: 1.3329681977629662
  landing: 0.7362700328230858
  view-data: 3.5052534490823746
