times:
  edit-metadata: 1.3741205930709839
  landing: 0.7423796951770782
  view-data: 3.329928059130907
