times:
  edit-metadata: 1.4202303104102612
  landing: 0.8122475445270538
  view-data: 3.357014674693346
