times:
  edit-metadata: 1.4665693826973438
  landing: 0.8348946049809456
  view-data: 3.3211641423404217
