times:
  edit-metadata: 1.375628985464573
  landing: 0.8027496859431267
  view-data: 3.513507202267647
