times:
  edit-metadata: 1.4182441756129265
  landing: 0.8208497688174248
  view-data: 3.3927151039242744
