times:
  edit-metadata: 1.4650680869817734
  landing: 0.7834108099341393
  view-data: 3.469929553568363
