times:
  edit-metadata: 1.486156091094017
  landing: 0.8910692967474461
  view-data: 3.396014455705881
