times:
  edit-metadata: 3.0285512432456017
  landing: 1.6238518357276917
  view-data: 3.8062397986650467
