times:
  edit-metadata: 1.413082279264927
  landing: 0.7930462956428528
  view-data: 3.523490257561207
