times:
  edit-metadata: 1.4506921246647835
  landing: 1.0479253008961678
  view-data: 3.3486395329236984
