times:
  edit-metadata: 1.5167575478553772
  landing: 1.016847886145115
  view-data: 3.587770104408264
