times:
  edit-metadata: 1.502877913415432
  landing: 0.8423372954130173
  view-data: 3.584738716483116
