times:
  edit-metadata: 1.5088931173086166
  landing: 0.7729451209306717
  view-data: 3.470480725169182
