times:
  edit-metadata: 1.418454147875309
  landing: 0.8121726140379906
  view-data: 3.346717283129692
