times:
  edit-metadata: 1.3983098566532135
  landing: 0.7714688964188099
  view-data: 3.252854410558939
