times:
  edit-metadata: 1.517835259437561
  landing: 0.8721538037061691
  view-data: 3.331003822386265
