times:
  edit-metadata: 1.3893115483224392
  landing: 0.7930248640477657
  view-data: 3.2984248399734497
