times:
  edit-metadata: 1.4404525682330132
  landing: 0.776620976626873
  view-data: 3.292159043252468
