times:
  edit-metadata: 1.4827770367264748
  landing: 0.7945245876908302
  view-data: 3.300755649805069
