times:
  edit-metadata: 1.450894109904766
  landing: 0.7243250906467438
  view-data: 3.2763266265392303
