times:
  edit-metadata: 1.487375646829605
  landing: 0.7896611839532852
  view-data: 3.3221091255545616
