times:
  edit-metadata: 1.5123219899833202
  landing: 0.8357568308711052
  view-data: 3.410181801766157
