times:
  edit-metadata: 1.5581602789461613
  landing: 0.8137232437729836
  view-data: 3.321346439421177
