times:
  edit-metadata: 1.5134817734360695
  landing: 0.861681841313839
  view-data: 3.498462215065956
