times:
  edit-metadata: 1.5400222763419151
  landing: 0.9181329756975174
  view-data: 3.3654443472623825
