times:
  edit-metadata: 1.883581705391407
  landing: 1.0284635573625565
  view-data: 3.6856294944882393
