times:
  edit-metadata: 1.4292923584580421
  landing: 0.7775401324033737
  view-data: 3.537394806742668
