times:
  edit-metadata: 1.4048731476068497
  landing: 0.8743503913283348
  view-data: 3.492129549384117
