times:
  edit-metadata: 1.409847006201744
  landing: 0.8031644448637962
  view-data: 3.5666785314679146
