times:
  edit-metadata: 1.983200579881668
  landing: 1.1848892644047737
  view-data: 3.5292483307421207
