times:
  edit-metadata: 2.156070902943611
  landing: 1.3957587853074074
  view-data: 3.9644928500056267
