times:
  edit-metadata: 1.3296335488557816
  landing: 0.73292026668787
  view-data: 3.320511981844902
