times:
  edit-metadata: 1.4599890559911728
  landing: 0.7126373946666718
  view-data: 3.3706373795866966
