times:
  edit-metadata: 1.4551000595092773
  landing: 0.7909135445952415
  view-data: 3.298506945371628
