times:
  edit-metadata: 1.4585169330239296
  landing: 0.8530527651309967
  view-data: 3.5534291714429855
