times:
  edit-metadata: 1.5966828539967537
  landing: 1.0044736191630363
  view-data: 3.3301470801234245
