times:
  edit-metadata: 1.3384274169802666
  landing: 0.7041287198662758
  view-data: 3.455226145684719
