times:
  edit-metadata: 1.5807624384760857
  landing: 0.7565956339240074
  view-data: 3.498281754553318
