times:
  edit-metadata: 1.4322713762521744
  landing: 0.7448863163590431
  view-data: 3.464711830019951
