times:
  edit-metadata: 1.3870123401284218
  landing: 0.7380038574337959
  view-data: 3.4456945583224297
