times:
  edit-metadata: 1.5401048399508
  landing: 0.8868508711457253
  view-data: 3.348955750465393
