times:
  edit-metadata: 1.8781232759356499
  landing: 1.1607542484998703
  view-data: 3.3812436312437057
