times:
  edit-metadata: 1.416597194969654
  landing: 0.8194555379450321
  view-data: 3.289410963654518
