times:
  edit-metadata: 1.5627365782856941
  landing: 0.8781600967049599
  view-data: 3.413953922688961
