times:
  edit-metadata: 1.6051306948065758
  landing: 0.8660149648785591
  view-data: 3.3112287521362305
