times:
  edit-metadata: 1.5286536142230034
  landing: 0.802812185138464
  view-data: 3.324579942971468
