times:
  edit-metadata: 1.6429436728358269
  landing: 0.7846604883670807
  view-data: 3.553731881082058
