times:
  edit-metadata: 1.3806211985647678
  landing: 0.9234459772706032
  view-data: 3.25452683866024
