times:
  edit-metadata: 1.5788565874099731
  landing: 0.8368384763598442
  view-data: 3.2929268926382065
