times:
  edit-metadata: 1.4148801043629646
  landing: 0.8102988414466381
  view-data: 3.260528326034546
