times:
  edit-metadata: 1.4935985133051872
  landing: 0.7479490786790848
  view-data: 3.281630262732506
