times:
  edit-metadata: 2.241094931960106
  landing: 1.4640290886163712
  view-data: 3.5392737314105034
