times:
  edit-metadata: 1.5629112981259823
  landing: 1.000055305659771
  view-data: 3.3261181749403477
