times:
  edit-metadata: 1.6676251143217087
  landing: 0.9812483713030815
  view-data: 3.3618383780121803
