times:
  edit-metadata: 1.4600013047456741
  landing: 0.7960652783513069
  view-data: 3.500463292002678
