times:
  edit-metadata: 1.4920782297849655
  landing: 0.7866679280996323
  view-data: 3.6197679936885834
