times:
  edit-metadata: 1.4952878206968307
  landing: 0.8029265403747559
  view-data: 3.4368522316217422
