times:
  edit-metadata: 1.494425043463707
  landing: 0.8348836153745651
  view-data: 3.4639017209410667
