times:
  edit-metadata: 1.4136461652815342
  landing: 0.8342006765305996
  view-data: 3.3448559418320656
