times:
  edit-metadata: 1.4278433062136173
  landing: 0.8105356357991695
  view-data: 3.3017274625599384
