times:
  edit-metadata: 1.5910724811255932
  landing: 0.8037743605673313
  view-data: 3.2993669025599957
