times:
  edit-metadata: 1.4206554666161537
  landing: 0.8081641979515553
  view-data: 3.431499660015106
