times:
  edit-metadata: 1.4194763377308846
  landing: 0.7998173087835312
  view-data: 3.4619873613119125
