times:
  edit-metadata: 1.4779082611203194
  landing: 0.7473140209913254
  view-data: 3.46791585534811
