times:
  edit-metadata: 1.4176427349448204
  landing: 0.7929437458515167
  view-data: 3.409023452550173
