times:
  edit-metadata: 1.4280910268425941
  landing: 0.7599128633737564
  view-data: 3.3389948531985283
