times:
  edit-metadata: 1.7659127563238144
  landing: 0.8939235173165798
  view-data: 3.36651211977005
