times:
  edit-metadata: 1.3884619548916817
  landing: 0.8693602010607719
  view-data: 3.6554393246769905
