times:
  edit-metadata: 1.7157714739441872
  landing: 0.9308264255523682
  view-data: 3.2949834689497948
