times:
  edit-metadata: 1.3989474512636662
  landing: 0.7508366070687771
  view-data: 3.3063307106494904
