times:
  edit-metadata: 1.2351423799991608
  landing: 0.8579954355955124
  view-data: 3.5770691633224487
