times:
  edit-metadata: 1.3888579830527306
  landing: 0.7693588212132454
  view-data: 3.4283630773425102
