times:
  edit-metadata: 1.3730123862624168
  landing: 0.7931331023573875
  view-data: 3.331774540245533
