times:
  edit-metadata: 1.6079353466629982
  landing: 1.1396054849028587
  view-data: 3.4139091819524765
