times:
  edit-metadata: 2.4109149798750877
  landing: 1.297355741262436
  view-data: 3.4713117107748985
