times:
  edit-metadata: 1.4625113159418106
  landing: 0.7913703694939613
  view-data: 3.299243852496147
