times:
  edit-metadata: 1.401653528213501
  landing: 0.8037246391177177
  view-data: 3.583152689039707
