times:
  edit-metadata: 1.5058430507779121
  landing: 0.8144211657345295
  view-data: 3.3279832415282726
