times:
  edit-metadata: 1.3631100729107857
  landing: 0.7750658243894577
  view-data: 3.4524912610650063
