times:
  edit-metadata: 1.4845868647098541
  landing: 0.8403640873730183
  view-data: 3.3455431759357452
