times:
  edit-metadata: 1.514441080391407
  landing: 0.8163490630686283
  view-data: 3.2737856544554234
