times:
  edit-metadata: 1.405670814216137
  landing: 0.7636710926890373
  view-data: 3.466900125145912
