times:
  edit-metadata: 1.4204469174146652
  landing: 0.7459432929754257
  view-data: 3.450262136757374
