times:
  edit-metadata: 1.4947866797447205
  landing: 0.9058792293071747
  view-data: 3.524737738072872
