times:
  edit-metadata: 1.4849595949053764
  landing: 0.8324830010533333
  view-data: 3.3391538187861443
