times:
  edit-metadata: 1.486376978456974
  landing: 0.8840248212218285
  view-data: 3.4656384140253067
