times:
  edit-metadata: 1.3935577869415283
  landing: 0.7605802789330482
  view-data: 3.4876374900341034
