times:
  edit-metadata: 1.4049412831664085
  landing: 0.8171933740377426
  view-data: 3.4396727234125137
