times:
  edit-metadata: 1.3684636950492859
  landing: 0.7750368267297745
  view-data: 3.391050159931183
