times:
  edit-metadata: 1.5940083414316177
  landing: 0.8719334527850151
  view-data: 3.3234978541731834
