times:
  edit-metadata: 1.487979955971241
  landing: 0.7625827491283417
  view-data: 3.296982027590275
