times:
  edit-metadata: 1.360109657049179
  landing: 0.7884206399321556
  view-data: 3.4544862136244774
