times:
  edit-metadata: 1.4656187519431114
  landing: 0.7926215529441833
  view-data: 3.531858801841736
