times:
  edit-metadata: 1.4961702711880207
  landing: 0.8719496540725231
  view-data: 3.3795333690941334
