times:
  edit-metadata: 1.3951685316860676
  landing: 0.8018983602523804
  view-data: 3.362619936466217
