times:
  edit-metadata: 1.4665468260645866
  landing: 0.802686832845211
  view-data: 3.5230340510606766
