times:
  edit-metadata: 1.5261038765311241
  landing: 0.7967166528105736
  view-data: 3.5456627905368805
