times:
  edit-metadata: 1.4674972742795944
  landing: 0.7904820516705513
  view-data: 3.4751032143831253
