times:
  edit-metadata: 1.389363907277584
  landing: 0.8878625743091106
  view-data: 3.302739728242159
