times:
  edit-metadata: 1.510054238140583
  landing: 0.737494945526123
  view-data: 3.5103251859545708
