times:
  edit-metadata: 1.3035454824566841
  landing: 0.6821924224495888
  view-data: 3.427968852221966
