times:
  edit-metadata: 1.4584998041391373
  landing: 0.8656626716256142
  view-data: 3.304039850831032
