times:
  edit-metadata: 1.3936693593859673
  landing: 0.7665639668703079
  view-data: 3.4648358672857285
