times:
  edit-metadata: 2.01845870539546
  landing: 1.2285571172833443
  view-data: 3.3194412514567375
