times:
  edit-metadata: 1.3778482228517532
  landing: 0.7426902651786804
  view-data: 3.521067962050438
