times:
  edit-metadata: 1.6441864967346191
  landing: 0.9894217476248741
  view-data: 3.3584891110658646
