times:
  edit-metadata: 1.3729531951248646
  landing: 0.8218285627663136
  view-data: 3.368095424026251
