times:
  edit-metadata: 1.475390449166298
  landing: 0.9337074533104897
  view-data: 3.508687436580658
