times:
  edit-metadata: 1.3815424889326096
  landing: 0.7503746822476387
  view-data: 3.5463340058922768
