times:
  edit-metadata: 1.4117534011602402
  landing: 0.7903562746942043
  view-data: 3.360545940697193
