times:
  edit-metadata: 1.558610014617443
  landing: 0.8424047976732254
  view-data: 3.5496379658579826
