times:
  edit-metadata: 1.4099654331803322
  landing: 0.7939544655382633
  view-data: 3.2920153066515923
