times:
  edit-metadata: 1.5881847515702248
  landing: 0.9057788401842117
  view-data: 3.352817066013813
