times:
  edit-metadata: 1.5337086766958237
  landing: 0.9444306083023548
  view-data: 3.681235134601593
