times:
  edit-metadata: 1.4435905367136002
  landing: 0.8336394764482975
  view-data: 3.3105215802788734
