times:
  edit-metadata: 1.704473815858364
  landing: 0.7390730753540993
  view-data: 3.5125808864831924
