times:
  edit-metadata: 1.4578168019652367
  landing: 0.7920361943542957
  view-data: 3.3968935273587704
