times:
  edit-metadata: 1.381334625184536
  landing: 0.716891922056675
  view-data: 3.3249780908226967
