times:
  edit-metadata: 1.3554193899035454
  landing: 0.816507562994957
  view-data: 3.355571448802948
