times:
  edit-metadata: 1.5527017749845982
  landing: 0.8029596284031868
  view-data: 3.2948586493730545
