times:
  edit-metadata: 1.8555003106594086
  landing: 1.1196206025779247
  view-data: 3.670998439192772
