times:
  edit-metadata: 1.423588290810585
  landing: 0.7632517367601395
  view-data: 3.4862845465540886
