times:
  edit-metadata: 2.0125635489821434
  landing: 1.0249396413564682
  view-data: 3.5230517610907555
