times:
  edit-metadata: 1.4542899206280708
  landing: 0.837722435593605
  view-data: 3.5269245505332947
