times:
  edit-metadata: 1.405263140797615
  landing: 0.7786616757512093
  view-data: 3.4540598019957542
