times:
  edit-metadata: 1.6465127170085907
  landing: 0.9472177363932133
  view-data: 3.3267710246145725
