times:
  edit-metadata: 1.4110596925020218
  landing: 0.7689115181565285
  view-data: 3.550371862947941
