times:
  edit-metadata: 1.4030986204743385
  landing: 0.8338857442140579
  view-data: 3.520601488649845
