times:
  edit-metadata: 1.506775125861168
  landing: 0.8049095124006271
  view-data: 3.4262716695666313
