times:
  edit-metadata: 1.4729046151041985
  landing: 0.8826369270682335
  view-data: 3.512491323053837
