times:
  edit-metadata: 1.451040767133236
  landing: 0.8430233858525753
  view-data: 3.3211326710879803
