times:
  edit-metadata: 1.4760606735944748
  landing: 0.8765637129545212
  view-data: 3.4108686670660973
