times:
  edit-metadata: 1.4895013943314552
  landing: 0.7868407256901264
  view-data: 3.321246787905693
