times:
  edit-metadata: 1.437712736427784
  landing: 0.751519225537777
  view-data: 3.434587277472019
