times:
  edit-metadata: 1.419532798230648
  landing: 0.7258768081665039
  view-data: 3.428217366337776
