times:
  edit-metadata: 1.4651560932397842
  landing: 0.8112254664301872
  view-data: 3.4980399012565613
