times:
  edit-metadata: 1.550602562725544
  landing: 0.8557037711143494
  view-data: 3.2731298357248306
