times:
  edit-metadata: 1.5556485801935196
  landing: 0.7906327247619629
  view-data: 3.32961767911911
