times:
  edit-metadata: 1.3953147493302822
  landing: 0.7073651738464832
  view-data: 3.381079323589802
