times:
  edit-metadata: 1.4945823028683662
  landing: 0.7801590263843536
  view-data: 3.5455858409404755
