times:
  edit-metadata: 1.379516914486885
  landing: 0.7957828789949417
  view-data: 3.506999596953392
