times:
  edit-metadata: 1.529938854277134
  landing: 0.8392977863550186
  view-data: 3.3471855521202087
