times:
  edit-metadata: 1.3299142271280289
  landing: 0.825936920940876
  view-data: 3.4450852274894714
