times:
  edit-metadata: 1.4932772070169449
  landing: 0.796443909406662
  view-data: 3.505871094763279
