times:
  edit-metadata: 1.572399564087391
  landing: 0.8808227181434631
  view-data: 3.3347338885068893
