times:
  edit-metadata: 1.5454499535262585
  landing: 0.9082292690873146
  view-data: 3.3326733596622944
