times:
  edit-metadata: 1.4513422511518002
  landing: 0.7575062699615955
  view-data: 3.4080273397266865
