times:
  edit-metadata: 1.4284085296094418
  landing: 0.7735085599124432
  view-data: 3.3150344267487526
