times:
  edit-metadata: 1.3952908664941788
  landing: 0.7538250014185905
  view-data: 3.456810414791107
