times:
  edit-metadata: 1.388522032648325
  landing: 0.8403550907969475
  view-data: 3.370637882500887
