times:
  edit-metadata: 1.727760672569275
  landing: 0.8460841178894043
  view-data: 3.6024758145213127
