times:
  edit-metadata: 1.6930136680603027
  landing: 0.8038228079676628
  view-data: 3.285371694713831
