times:
  edit-metadata: 1.5360905826091766
  landing: 0.9380072951316833
  view-data: 3.538291610777378
