times:
  edit-metadata: 2.503935508430004
  landing: 1.5413630306720734
  view-data: 3.5101111084222794
