times:
  edit-metadata: 2.0199162140488625
  landing: 1.2097765058279037
  view-data: 3.5141348838806152
