times:
  edit-metadata: 1.5144999846816063
  landing: 0.7038653269410133
  view-data: 3.4793785512447357
