times:
  edit-metadata: 1.4096784368157387
  landing: 0.8010656982660294
  view-data: 3.443983554840088
