times:
  edit-metadata: 1.5052195489406586
  landing: 0.9384025484323502
  view-data: 3.5660818964242935
