times:
  edit-metadata: 1.440708965063095
  landing: 0.7764026001095772
  view-data: 3.417646661400795
