times:
  edit-metadata: 1.5062380582094193
  landing: 0.7014302536845207
  view-data: 3.4690010845661163
