times:
  edit-metadata: 1.4812633842229843
  landing: 0.7862585708498955
  view-data: 3.552108906209469
