times:
  edit-metadata: 1.5287264101207256
  landing: 0.8095545507967472
  view-data: 3.3240747302770615
