times:
  edit-metadata: 1.4240695349872112
  landing: 0.8658791519701481
  view-data: 3.330295968800783
