times:
  edit-metadata: 1.3737473264336586
  landing: 0.7712786421179771
  view-data: 3.505668416619301
