times:
  edit-metadata: 1.7493212893605232
  landing: 0.9327153265476227
  view-data: 3.3380431309342384
