times:
  edit-metadata: 1.4681551307439804
  landing: 0.8051605150103569
  view-data: 3.368462413549423
