times:
  edit-metadata: 1.43279317766428
  landing: 0.8794396445155144
  view-data: 3.472189173102379
