times:
  edit-metadata: 1.387445442378521
  landing: 0.7017771825194359
  view-data: 3.4902058988809586
