times:
  edit-metadata: 1.3737167939543724
  landing: 0.7683868631720543
  view-data: 3.275567799806595
