times:
  edit-metadata: 1.4347096160054207
  landing: 0.710392102599144
  view-data: 3.4221400916576385
