times:
  edit-metadata: 1.4223464205861092
  landing: 0.7101305201649666
  view-data: 3.2812926322221756
