times:
  edit-metadata: 1.363796480000019
  landing: 0.745696198195219
  view-data: 3.297050952911377
