times:
  edit-metadata: 2.2538564652204514
  landing: 1.664261870086193
  view-data: 3.7032495886087418
