times:
  edit-metadata: 1.3262673690915108
  landing: 0.7472127676010132
  view-data: 3.3090974390506744
