times:
  edit-metadata: 1.4289003051817417
  landing: 0.8404161036014557
  view-data: 3.311156701296568
