times:
  edit-metadata: 1.3752721846103668
  landing: 0.8093101754784584
  view-data: 3.496830604970455
