times:
  edit-metadata: 1.577271979302168
  landing: 0.8304091729223728
  view-data: 3.4014156945049763
