times:
  edit-metadata: 1.447667583823204
  landing: 0.7246356084942818
  view-data: 3.457121104001999
