times:
  edit-metadata: 1.4240390956401825
  landing: 0.8094581738114357
  view-data: 3.5226021260023117
