times:
  edit-metadata: 1.3862322568893433
  landing: 0.8018675297498703
  view-data: 3.4860354214906693
