times:
  edit-metadata: 1.515731617808342
  landing: 0.7850019671022892
  view-data: 3.3559817485511303
