times:
  edit-metadata: 1.5394970551133156
  landing: 0.7695443257689476
  view-data: 3.5096722319722176
