times:
  edit-metadata: 1.4207733720541
  landing: 0.7080320864915848
  view-data: 3.475601777434349
