times:
  edit-metadata: 1.3802333921194077
  landing: 0.9178057983517647
  view-data: 3.3260853439569473
