times:
  edit-metadata: 1.4474272206425667
  landing: 0.7371167242527008
  view-data: 3.4008600935339928
