times:
  edit-metadata: 1.4298117905855179
  landing: 0.7527233883738518
  view-data: 3.588355600833893
