times:
  edit-metadata: 1.3827264532446861
  landing: 0.7481063902378082
  view-data: 3.262175999581814
