times:
  edit-metadata: 1.4676997475326061
  landing: 0.8586667589843273
  view-data: 3.465686932206154
