times:
  edit-metadata: 1.4442718103528023
  landing: 0.8403339087963104
  view-data: 3.5157567262649536
