times:
  edit-metadata: 1.3680305108428001
  landing: 0.9667579233646393
  view-data: 3.4900791123509407
