times:
  edit-metadata: 1.4625010266900063
  landing: 0.8053688779473305
  view-data: 3.456454209983349
