times:
  edit-metadata: 1.3777535557746887
  landing: 0.7639568857848644
  view-data: 3.2943188175559044
