times:
  edit-metadata: 1.4168993830680847
  landing: 0.820235125720501
  view-data: 3.556321069598198
