times:
  edit-metadata: 1.4287968203425407
  landing: 0.8102723360061646
  view-data: 3.425985850393772
