times:
  edit-metadata: 1.4573823362588882
  landing: 0.9124568067491055
  view-data: 3.3815231062471867
