times:
  edit-metadata: 1.460507407784462
  landing: 0.742290697991848
  view-data: 3.5014853850007057
