times:
  edit-metadata: 1.53689930960536
  landing: 0.8772007487714291
  view-data: 3.3230021856725216
