times:
  edit-metadata: 1.5566340908408165
  landing: 0.8639963828027248
  view-data: 3.3574147820472717
