times:
  edit-metadata: 1.4713203758001328
  landing: 0.8897799663245678
  view-data: 3.366311263293028
