times:
  edit-metadata: 1.53825294226408
  landing: 0.8777417615056038
  view-data: 3.330638736486435
