times:
  edit-metadata: 1.461081374436617
  landing: 0.8076477684080601
  view-data: 3.305682025849819
