times:
  edit-metadata: 1.565410777926445
  landing: 0.773786261677742
  view-data: 3.499904841184616
