times:
  edit-metadata: 1.4554618373513222
  landing: 0.7227312102913857
  view-data: 3.42955781519413
