times:
  edit-metadata: 1.3459362611174583
  landing: 0.7961301244795322
  view-data: 3.303230956196785
