times:
  edit-metadata: 1.3988707140088081
  landing: 0.7482074499130249
  view-data: 3.4728765040636063
