times:
  edit-metadata: 1.720428291708231
  landing: 0.8832863010466099
  view-data: 3.3192593678832054
