times:
  edit-metadata: 1.4439200684428215
  landing: 0.7812973149120808
  view-data: 3.290337700396776
