times:
  edit-metadata: 1.4941109754145145
  landing: 0.8364441134035587
  view-data: 3.286516860127449
