times:
  edit-metadata: 1.5045405626296997
  landing: 0.7386913895606995
  view-data: 3.503881610929966
