times:
  edit-metadata: 1.4474295377731323
  landing: 0.7467771209776402
  view-data: 3.2963270507752895
