times:
  edit-metadata: 1.4200463518500328
  landing: 0.8420797921717167
  view-data: 3.3153862729668617
