times:
  edit-metadata: 1.8276293464004993
  landing: 0.9782785847783089
  view-data: 3.3913689702749252
