times:
  edit-metadata: 1.4929251000285149
  landing: 0.8502423837780952
  view-data: 3.496190421283245
