times:
  edit-metadata: 1.4409619309008121
  landing: 0.8627120964229107
  view-data: 3.4435280226171017
