times:
  edit-metadata: 1.4135367423295975
  landing: 0.7529137283563614
  view-data: 3.5029923543334007
