times:
  edit-metadata: 1.4614721685647964
  landing: 0.8056644052267075
  view-data: 3.5145334377884865
