times:
  edit-metadata: 1.3821513764560223
  landing: 0.790765143930912
  view-data: 3.331909328699112
