times:
  edit-metadata: 1.4997109025716782
  landing: 0.7715557813644409
  view-data: 3.4644929245114326
