times:
  edit-metadata: 1.352984957396984
  landing: 0.8499969989061356
  view-data: 3.348269060254097
