times:
  edit-metadata: 1.7003757953643799
  landing: 1.1794725060462952
  view-data: 3.6274746358394623
