times:
  edit-metadata: 1.5016326494514942
  landing: 0.8564097546041012
  view-data: 3.341744877398014
