times:
  edit-metadata: 1.4531303346157074
  landing: 0.8841726034879684
  view-data: 3.4743479415774345
