times:
  edit-metadata: 1.5806437730789185
  landing: 0.9949765205383301
  view-data: 3.353863090276718
