times:
  edit-metadata: 1.5929517969489098
  landing: 0.888253316283226
  view-data: 3.4346677623689175
