times:
  edit-metadata: 1.4466874822974205
  landing: 0.7612375169992447
  view-data: 3.4935814812779427
