times:
  edit-metadata: 1.4501871727406979
  landing: 0.7800115309655666
  view-data: 3.322605926543474
