times:
  edit-metadata: 1.4856776520609856
  landing: 0.7926889397203922
  view-data: 3.3660882525146008
