times:
  edit-metadata: 1.3864874839782715
  landing: 0.7033699974417686
  view-data: 3.498759873211384
