times:
  edit-metadata: 1.4526056200265884
  landing: 0.7859295606613159
  view-data: 3.5827817991375923
