times:
  edit-metadata: 1.5029314383864403
  landing: 0.8109760582447052
  view-data: 3.514110743999481
