times:
  edit-metadata: 1.5129043981432915
  landing: 0.8179327324032784
  view-data: 3.2711134180426598
