times:
  edit-metadata: 1.517324224114418
  landing: 0.8301030769944191
  view-data: 3.3564287200570107
