times:
  edit-metadata: 1.4321669340133667
  landing: 0.7715807035565376
  view-data: 3.533236838877201
