times:
  edit-metadata: 1.3244996517896652
  landing: 0.7789825797080994
  view-data: 3.4460355564951897
