times:
  edit-metadata: 1.4891245737671852
  landing: 0.721759706735611
  view-data: 3.4540598317980766
