times:
  edit-metadata: 1.4462264589965343
  landing: 0.9090602174401283
  view-data: 3.3019358068704605
