times:
  edit-metadata: 1.4597070142626762
  landing: 0.7431630715727806
  view-data: 3.2948289327323437
