times:
  edit-metadata: 1.517132118344307
  landing: 0.9317284747958183
  view-data: 3.328624714165926
