times:
  edit-metadata: 1.7345599457621574
  landing: 1.028979703783989
  view-data: 3.3337146639823914
