times:
  edit-metadata: 1.568094827234745
  landing: 0.8680564314126968
  view-data: 3.3461268469691277
