times:
  edit-metadata: 4.184674575924873
  landing: 2.3965861201286316
  view-data: 4.077144987881184
