times:
  edit-metadata: 1.468338567763567
  landing: 0.9402001164853573
  view-data: 3.323013015091419
