times:
  edit-metadata: 1.3930387794971466
  landing: 0.8102122992277145
  view-data: 3.2945739775896072
