times:
  edit-metadata: 1.3988628014922142
  landing: 0.7678852938115597
  view-data: 3.3953209221363068
