times:
  edit-metadata: 1.8042795583605766
  landing: 1.4911744333803654
  view-data: 3.4393573626875877
