times:
  edit-metadata: 1.437431450933218
  landing: 0.9552029930055141
  view-data: 3.314761444926262
