times:
  edit-metadata: 1.4639373868703842
  landing: 0.8287128210067749
  view-data: 3.292782209813595
