times:
  edit-metadata: 1.4517142698168755
  landing: 0.808005940169096
  view-data: 3.359377522021532
