times:
  edit-metadata: 1.5763762220740318
  landing: 0.8263003677129745
  view-data: 3.4784597158432007
