times:
  edit-metadata: 1.840427115559578
  landing: 1.2100819274783134
  view-data: 3.701892003417015
