times:
  edit-metadata: 1.4617764614522457
  landing: 0.7852795422077179
  view-data: 3.3404355384409428
