times:
  edit-metadata: 1.4521373957395554
  landing: 0.7302126809954643
  view-data: 3.427444599568844
