times:
  edit-metadata: 1.4391812682151794
  landing: 0.7746161371469498
  view-data: 3.3131301179528236
