times:
  edit-metadata: 1.4293643981218338
  landing: 0.7498557567596436
  view-data: 3.4323989003896713
