times:
  edit-metadata: 1.4773696288466454
  landing: 0.7964959964156151
  view-data: 3.5162018314003944
