times:
  edit-metadata: 1.3620593696832657
  landing: 1.1459007561206818
  view-data: 3.5488288551568985
