times:
  edit-metadata: 1.375534899532795
  landing: 0.8083889000117779
  view-data: 3.3348152488470078
