times:
  edit-metadata: 1.445860281586647
  landing: 0.7647300288081169
  view-data: 3.3214477747678757
