times:
  edit-metadata: 2.4658819288015366
  landing: 1.0421602800488472
  view-data: 3.66109848767519
