times:
  edit-metadata: 1.3910096064209938
  landing: 0.8035493679344654
  view-data: 3.3020028695464134
