times:
  edit-metadata: 1.43483005464077
  landing: 0.8511686362326145
  view-data: 3.2682708017528057
