times:
  edit-metadata: 1.4075016900897026
  landing: 0.8778780549764633
  view-data: 3.4690165892243385
