times:
  edit-metadata: 1.373406670987606
  landing: 0.8873183578252792
  view-data: 3.3528620079159737
