times:
  edit-metadata: 1.505302157253027
  landing: 0.9190810844302177
  view-data: 3.27061565220356
