times:
  edit-metadata: 1.526965968310833
  landing: 0.8031912371516228
  view-data: 3.4977179020643234
