times:
  edit-metadata: 1.3835767656564713
  landing: 0.7536481097340584
  view-data: 3.479219727218151
