times:
  edit-metadata: 1.445115216076374
  landing: 0.8722167238593102
  view-data: 3.3236256912350655
