times:
  edit-metadata: 1.7457777671515942
  landing: 1.2076915837824345
  view-data: 3.3172826133668423
