times:
  edit-metadata: 1.53521528840065
  landing: 0.7968850135803223
  view-data: 3.513966791331768
