times:
  edit-metadata: 1.5185972824692726
  landing: 0.767602913081646
  view-data: 3.4849402457475662
