times:
  edit-metadata: 1.4067070707678795
  landing: 0.8162648007273674
  view-data: 3.312467224895954
