times:
  edit-metadata: 1.435166858136654
  landing: 0.7438813373446465
  view-data: 3.3180262818932533
