times:
  edit-metadata: 1.563274696469307
  landing: 0.8116080239415169
  view-data: 3.3960309736430645
