times:
  edit-metadata: 1.465050809085369
  landing: 1.0298337787389755
  view-data: 3.3933146223425865
