times:
  edit-metadata: 1.439648762345314
  landing: 0.7194885201752186
  view-data: 3.3054125271737576
