times:
  edit-metadata: 1.7103887721896172
  landing: 1.0321722030639648
  view-data: 3.3464918360114098
