times:
  edit-metadata: 1.46717444434762
  landing: 0.8294422253966331
  view-data: 3.2868811525404453
