times:
  edit-metadata: 1.5679910890758038
  landing: 0.8675627931952477
  view-data: 3.436185345053673
