times:
  edit-metadata: 1.442919246852398
  landing: 0.8448507264256477
  view-data: 3.3636856451630592
