times:
  edit-metadata: 1.7698011808097363
  landing: 1.0826356261968613
  view-data: 3.4113291576504707
