times:
  edit-metadata: 1.552336946129799
  landing: 0.8169895857572556
  view-data: 3.492456078529358
