times:
  edit-metadata: 1.4887181967496872
  landing: 0.7762601003050804
  view-data: 3.3822851702570915
