times:
  edit-metadata: 2.3249995559453964
  landing: 1.554535135626793
  view-data: 3.778495132923126
