times:
  edit-metadata: 2.240202270448208
  landing: 1.3240097537636757
  view-data: 3.44468954205513
