times:
  edit-metadata: 1.4618955999612808
  landing: 0.9168109968304634
  view-data: 3.3889143392443657
