times:
  edit-metadata: 1.3351328000426292
  landing: 0.9411518536508083
  view-data: 3.4215825609862804
