times:
  edit-metadata: 1.5154675543308258
  landing: 0.9719835743308067
  view-data: 3.2930665239691734
