times:
  edit-metadata: 1.3748921193182468
  landing: 0.8588102124631405
  view-data: 3.3735883980989456
