times:
  edit-metadata: 1.5151647590100765
  landing: 0.8823626637458801
  view-data: 3.305683195590973
