times:
  edit-metadata: 1.5456306040287018
  landing: 0.8057194203138351
  view-data: 3.3304544165730476
