times:
  edit-metadata: 2.391161672770977
  landing: 1.2927231937646866
  view-data: 3.3924474976956844
