times:
  edit-metadata: 1.4096098840236664
  landing: 0.8042693063616753
  view-data: 3.54205309599638
