times:
  edit-metadata: 1.294473797082901
  landing: 0.7550437673926353
  view-data: 3.464745745062828
