times:
  edit-metadata: 1.456930734217167
  landing: 0.8285388275980949
  view-data: 3.52482458204031
