times:
  edit-metadata: 1.438077237457037
  landing: 0.8563063442707062
  view-data: 3.3531243801116943
