times:
  edit-metadata: 1.813200443983078
  landing: 0.8585515022277832
  view-data: 3.53385728597641
