times:
  edit-metadata: 1.4519867189228535
  landing: 0.7770842127501965
  view-data: 3.3266412541270256
