times:
  edit-metadata: 1.578727874904871
  landing: 0.8524525836110115
  view-data: 3.4324149265885353
