times:
  edit-metadata: 1.395264059305191
  landing: 0.886751089245081
  view-data: 3.3694928400218487
