times:
  edit-metadata: 2.3651741854846478
  landing: 1.3552358970046043
  view-data: 3.3880238234996796
