times:
  edit-metadata: 1.6698521599173546
  landing: 1.0386459976434708
  view-data: 3.342490904033184
