times:
  edit-metadata: 1.6801933869719505
  landing: 0.9170488342642784
  view-data: 3.3963007293641567
