times:
  edit-metadata: 1.4470974802970886
  landing: 0.9204602651298046
  view-data: 3.4122034795582294
