times:
  edit-metadata: 1.5545613691210747
  landing: 0.8386353105306625
  view-data: 3.327197965234518
