times:
  edit-metadata: 1.5201099961996078
  landing: 0.9163405895233154
  view-data: 3.526241533458233
