times:
  edit-metadata: 1.4506091848015785
  landing: 0.796007052063942
  view-data: 3.661450430750847
