times:
  edit-metadata: 1.4366746097803116
  landing: 0.7998660244047642
  view-data: 3.3630341179668903
