times:
  edit-metadata: 1.6126044392585754
  landing: 0.949568510055542
  view-data: 3.3618644401431084
