times:
  edit-metadata: 1.7260277792811394
  landing: 1.0276633836328983
  view-data: 3.306456118822098
