times:
  edit-metadata: 1.43034453317523
  landing: 0.87337551638484
  view-data: 3.27443103864789
