times:
  edit-metadata: 1.5610123984515667
  landing: 0.8538639359176159
  view-data: 3.352245531976223
