times:
  edit-metadata: 1.5577228218317032
  landing: 0.9456443190574646
  view-data: 3.535040695220232
