times:
  edit-metadata: 1.5949967876076698
  landing: 0.9720641523599625
  view-data: 3.4037032425403595
