times:
  edit-metadata: 1.5270094648003578
  landing: 0.9131986126303673
  view-data: 3.422496013343334
