times:
  edit-metadata: 1.4745924398303032
  landing: 0.8838880062103271
  view-data: 3.4633909463882446
