times:
  edit-metadata: 1.6319497637450695
  landing: 1.058497879654169
  view-data: 3.3818425871431828
