times:
  edit-metadata: 1.4928968995809555
  landing: 0.8149808123707771
  view-data: 3.5281279012560844
