times:
  edit-metadata: 1.599446415901184
  landing: 1.0450118705630302
  view-data: 3.385722741484642
