times:
  edit-metadata: 1.444633074104786
  landing: 0.8661004528403282
  view-data: 3.3213271871209145
