times:
  edit-metadata: 1.2784689590334892
  landing: 1.1305030435323715
  view-data: 3.9601783454418182
