times:
  edit-metadata: 1.4438346177339554
  landing: 0.7455778494477272
  view-data: 3.4794756695628166
