times:
  edit-metadata: 1.554423414170742
  landing: 1.0536197125911713
  view-data: 3.533018171787262
