times:
  edit-metadata: 1.5668393224477768
  landing: 0.8786165453493595
  view-data: 3.339129537343979
