times:
  edit-metadata: 1.469242088496685
  landing: 0.7638938724994659
  view-data: 3.4573397114872932
