times:
  edit-metadata: 1.5516376867890358
  landing: 0.8224151134490967
  view-data: 3.3824338018894196
