times:
  edit-metadata: 1.5976028069853783
  landing: 0.756608784198761
  view-data: 3.470908395946026
