times:
  edit-metadata: 1.5387145280838013
  landing: 0.975798949599266
  view-data: 3.325079396367073
