times:
  edit-metadata: 1.6395006403326988
  landing: 0.9752576388418674
  view-data: 3.4718911089003086
