times:
  edit-metadata: 1.5001096241176128
  landing: 0.8376581929624081
  view-data: 3.38647298887372
