times:
  edit-metadata: 1.5066414698958397
  landing: 0.7907613515853882
  view-data: 3.551875151693821
