times:
  edit-metadata: 1.4631756395101547
  landing: 0.9351517111063004
  view-data: 3.344829499721527
