times:
  edit-metadata: 1.558711126446724
  landing: 0.8188174441456795
  view-data: 3.5204259008169174
