times:
  edit-metadata: 1.3324392512440681
  landing: 1.0703845620155334
  view-data: 3.536086291074753
