times:
  edit-metadata: 1.3952984251081944
  landing: 0.8223093524575233
  view-data: 3.3735366761684418
