times:
  edit-metadata: 1.4844271540641785
  landing: 0.7911113202571869
  view-data: 3.48914248496294
