times:
  edit-metadata: 1.5385621637105942
  landing: 0.9267073832452297
  view-data: 3.401725310832262
