times:
  edit-metadata: 1.6296126544475555
  landing: 1.137618936598301
  view-data: 3.3615464456379414
