times:
  edit-metadata: 1.6397842466831207
  landing: 1.0716843120753765
  view-data: 3.4468468092381954
