times:
  edit-metadata: 1.327556036412716
  landing: 0.7109895646572113
  view-data: 3.412025071680546
