times:
  edit-metadata: 2.8603882044553757
  landing: 1.8881200477480888
  view-data: 3.7798451483249664
