times:
  edit-metadata: 1.3980815783143044
  landing: 0.9320615381002426
  view-data: 3.5518727377057076
