times:
  edit-metadata: 1.427182860672474
  landing: 0.732411615550518
  view-data: 3.4906235337257385
