times:
  edit-metadata: 2.5380094572901726
  landing: 1.7609101757407188
  view-data: 4.07912240922451
