times:
  edit-metadata: 1.5480542406439781
  landing: 0.8118046671152115
  view-data: 3.448870614171028
