times:
  edit-metadata: 1.4903380572795868
  landing: 0.8113455101847649
  view-data: 3.5351058915257454
