times:
  edit-metadata: 1.357498124241829
  landing: 0.8471614271402359
  view-data: 3.556896857917309
