times:
  edit-metadata: 1.554210938513279
  landing: 0.8704991340637207
  view-data: 3.2650437131524086
