times:
  edit-metadata: 1.5013613812625408
  landing: 1.1362251751124859
  view-data: 3.3558479472994804
