times:
  edit-metadata: 1.562705084681511
  landing: 0.9367318861186504
  view-data: 3.354349311441183
