times:
  edit-metadata: 1.4808358177542686
  landing: 0.7860696315765381
  view-data: 3.4134034290909767
