times:
  edit-metadata: 1.5340167507529259
  landing: 0.9820962250232697
  view-data: 3.362082786858082
