times:
  edit-metadata: 1.4485742412507534
  landing: 0.9316292703151703
  view-data: 3.3695118241012096
