times:
  edit-metadata: 1.6712167486548424
  landing: 1.0839402824640274
  view-data: 3.3850520625710487
