times:
  edit-metadata: 2.3043517470359802
  landing: 1.0143040493130684
  view-data: 3.5023361295461655
