times:
  edit-metadata: 1.4760425388813019
  landing: 1.0033130571246147
  view-data: 3.343606613576412
