times:
  edit-metadata: 1.8854082711040974
  landing: 1.323700923472643
  view-data: 3.4761227443814278
