times:
  edit-metadata: 1.356054812669754
  landing: 0.789214551448822
  view-data: 3.4153038933873177
