times:
  edit-metadata: 1.4121208190917969
  landing: 0.772355817258358
  view-data: 3.472915343940258
