times:
  edit-metadata: 1.7373323664069176
  landing: 1.028940625488758
  view-data: 3.4115014523267746
