times:
  edit-metadata: 1.5930050052702427
  landing: 0.9411975741386414
  view-data: 3.43326985090971
