times:
  edit-metadata: 2.032563515007496
  landing: 1.3463344797492027
  view-data: 3.5288958996534348
