times:
  edit-metadata: 1.3588009923696518
  landing: 0.7788769565522671
  view-data: 3.34344033151865
