times:
  edit-metadata: 1.4749506413936615
  landing: 0.9947359785437584
  view-data: 3.512960195541382
