times:
  edit-metadata: 1.5190319865942001
  landing: 0.8657762631773949
  view-data: 3.341848235577345
