times:
  edit-metadata: 1.439277857542038
  landing: 0.8414073586463928
  view-data: 3.350325830280781
