times:
  edit-metadata: 1.466612458229065
  landing: 0.9791017174720764
  view-data: 3.4896556213498116
