times:
  edit-metadata: 1.5083368867635727
  landing: 0.8469227254390717
  view-data: 3.3769535273313522
