times:
  edit-metadata: 1.4887639060616493
  landing: 0.8718926012516022
  view-data: 3.5936819687485695
