times:
  edit-metadata: 1.545750468969345
  landing: 0.8384630978107452
  view-data: 3.3668118827044964
