times:
  edit-metadata: 2.2668554857373238
  landing: 1.4270741268992424
  view-data: 4.027755208313465
