times:
  edit-metadata: 1.5169134885072708
  landing: 0.8265240862965584
  view-data: 3.6164035573601723
