times:
  edit-metadata: 1.492539644241333
  landing: 0.932268351316452
  view-data: 3.395057573914528
