times:
  edit-metadata: 1.6160940565168858
  landing: 0.8652720339596272
  view-data: 3.4200829789042473
