times:
  edit-metadata: 1.4058502614498138
  landing: 0.8201490603387356
  view-data: 3.361343938857317
