times:
  edit-metadata: 1.4680689573287964
  landing: 0.8821582719683647
  view-data: 3.334194414317608
