times:
  edit-metadata: 1.5138285905122757
  landing: 0.810262992978096
  view-data: 3.542762830853462
