times:
  edit-metadata: 1.477049358189106
  landing: 0.7465019300580025
  view-data: 3.493455149233341
