times:
  edit-metadata: 2.1007088012993336
  landing: 1.248581923544407
  view-data: 3.3818710297346115
