times:
  edit-metadata: 1.9195684157311916
  landing: 1.069028690457344
  view-data: 3.4365262538194656
