times:
  edit-metadata: 1.4118974208831787
  landing: 0.831097312271595
  view-data: 3.4819934144616127
