times:
  edit-metadata: 1.440684698522091
  landing: 0.7903682887554169
  view-data: 3.482671208679676
