times:
  edit-metadata: 1.4596224054694176
  landing: 0.8571426942944527
  view-data: 3.4724730104207993
