times:
  edit-metadata: 1.4584221690893173
  landing: 0.8281439393758774
  view-data: 3.658519558608532
