times:
  edit-metadata: 1.3652434721589088
  landing: 0.8262341096997261
  view-data: 3.3451123535633087
