times:
  edit-metadata: 1.4006408005952835
  landing: 0.8007274493575096
  view-data: 3.3040799237787724
