times:
  edit-metadata: 1.4251590892672539
  landing: 0.8185902014374733
  view-data: 3.3866972401738167
