times:
  edit-metadata: 1.4253601990640163
  landing: 0.8668272867798805
  view-data: 3.400279525667429
