times:
  edit-metadata: 1.5298115238547325
  landing: 0.8724373877048492
  view-data: 3.358171619474888
