times:
  edit-metadata: 1.4126556366682053
  landing: 0.750833049416542
  view-data: 3.425535596907139
