times:
  edit-metadata: 1.4839334599673748
  landing: 1.0151978954672813
  view-data: 3.564037077128887
