times:
  edit-metadata: 1.5718612223863602
  landing: 0.9613244011998177
  view-data: 3.5041165202856064
