times:
  edit-metadata: 1.4422109238803387
  landing: 0.8044603988528252
  view-data: 3.448829974979162
