times:
  edit-metadata: 1.434635490179062
  landing: 0.8279356211423874
  view-data: 3.5052325427532196
