times:
  edit-metadata: 1.4068200066685677
  landing: 0.836501955986023
  view-data: 3.493091717362404
