times:
  edit-metadata: 1.4982025809586048
  landing: 0.8046730794012547
  view-data: 3.357796385884285
