times:
  edit-metadata: 1.4141823686659336
  landing: 0.8788433335721493
  view-data: 3.335174437612295
