times:
  edit-metadata: 1.4375151470303535
  landing: 0.9248403757810593
  view-data: 3.2971816398203373
