times:
  edit-metadata: 1.393139760941267
  landing: 0.7721400484442711
  view-data: 3.3493009246885777
