times:
  edit-metadata: 1.4081024192273617
  landing: 0.8265008293092251
  view-data: 3.344488102942705
