times:
  edit-metadata: 1.4665140956640244
  landing: 0.765512503683567
  view-data: 3.31882743537426
