times:
  edit-metadata: 2.3011809401214123
  landing: 1.1812705136835575
  view-data: 3.44318326190114
