times:
  edit-metadata: 1.4576254785060883
  landing: 0.7437723055481911
  view-data: 3.3781489357352257
