times:
  edit-metadata: 1.571102537214756
  landing: 0.9679432436823845
  view-data: 3.4794658198952675
