times:
  edit-metadata: 1.4080970883369446
  landing: 0.8187972083687782
  view-data: 3.515543721616268
