times:
  edit-metadata: 1.604228712618351
  landing: 0.8098693639039993
  view-data: 3.3189926967024803
