times:
  edit-metadata: 1.372584529221058
  landing: 0.7713792100548744
  view-data: 3.5088661462068558
