times:
  edit-metadata: 1.4025044441223145
  landing: 0.8262556567788124
  view-data: 3.4967619329690933
