times:
  edit-metadata: 1.3916389420628548
  landing: 1.1466032266616821
  view-data: 3.416870102286339
