times:
  edit-metadata: 1.7750606536865234
  landing: 1.1167604848742485
  view-data: 3.5247168354690075
