times:
  edit-metadata: 1.5902394652366638
  landing: 0.881382092833519
  view-data: 3.45302614569664
