times:
  edit-metadata: 1.3970790430903435
  landing: 0.8261817768216133
  view-data: 3.5144074261188507
