times:
  edit-metadata: 1.5229671970009804
  landing: 0.8678645044565201
  view-data: 3.4800680354237556
