times:
  edit-metadata: 1.4515449032187462
  landing: 0.8736073151230812
  view-data: 3.3340460136532784
