times:
  edit-metadata: 1.642453458160162
  landing: 0.9662851952016354
  view-data: 3.348534006625414
