times:
  edit-metadata: 1.5292302332818508
  landing: 0.879193838685751
  view-data: 3.4437446668744087
