times:
  edit-metadata: 1.5509945265948772
  landing: 0.7407410033047199
  view-data: 3.388462208211422
