times:
  edit-metadata: 1.389623001217842
  landing: 0.815958172082901
  view-data: 3.5406658872962
