times:
  edit-metadata: 1.7120924554765224
  landing: 0.996881514787674
  view-data: 3.5038496628403664
