times:
  edit-metadata: 1.4384491592645645
  landing: 0.7996565997600555
  view-data: 3.4619006142020226
