times:
  edit-metadata: 2.348012201488018
  landing: 1.452981323003769
  view-data: 3.4830945059657097
