times:
  edit-metadata: 1.6039851941168308
  landing: 0.956594742834568
  view-data: 3.32657852396369
