times:
  edit-metadata: 1.5684625282883644
  landing: 0.8312469497323036
  view-data: 3.5754721611738205
