times:
  edit-metadata: 1.4846791923046112
  landing: 0.7906929031014442
  view-data: 3.6149685084819794
