times:
  edit-metadata: 1.6073342971503735
  landing: 1.4596062302589417
  view-data: 3.3372019827365875
