times:
  edit-metadata: 1.4964284375309944
  landing: 0.8229609280824661
  view-data: 3.5545921102166176
