times:
  edit-metadata: 1.5258101597428322
  landing: 0.8049992844462395
  view-data: 3.4918757900595665
