times:
  edit-metadata: 1.4986848309636116
  landing: 0.7882274016737938
  view-data: 3.521267257630825
