times:
  edit-metadata: 1.4509931281208992
  landing: 0.9120668023824692
  view-data: 3.330569304525852
