times:
  edit-metadata: 1.4376508742570877
  landing: 0.7689578458666801
  view-data: 3.478051856160164
