times:
  edit-metadata: 1.4688423201441765
  landing: 0.8059580996632576
  view-data: 3.537811428308487
