times:
  edit-metadata: 1.4608991518616676
  landing: 1.100614182651043
  view-data: 3.4002343118190765
