times:
  edit-metadata: 1.5045992583036423
  landing: 0.8288790211081505
  view-data: 3.5017009377479553
