times:
  edit-metadata: 1.4284734353423119
  landing: 0.8740075901150703
  view-data: 3.5710548162460327
