times:
  edit-metadata: 1.7759589925408363
  landing: 1.0778558552265167
  view-data: 3.425684481859207
