times:
  edit-metadata: 1.4695471040904522
  landing: 0.7847334258258343
  view-data: 3.3205960392951965
