times:
  edit-metadata: 1.7727603390812874
  landing: 1.02979227155447
  view-data: 3.6095073223114014
