times:
  edit-metadata: 1.4818506464362144
  landing: 0.6990511566400528
  view-data: 3.5225202813744545
