times:
  edit-metadata: 2.452814608812332
  landing: 1.6837709173560143
  view-data: 3.525627076625824
