times:
  edit-metadata: 1.4641927853226662
  landing: 0.7453486621379852
  view-data: 3.3893904983997345
