times:
  edit-metadata: 1.3879861906170845
  landing: 0.7122545093297958
  view-data: 3.403218001127243
