times:
  edit-metadata: 1.7214754335582256
  landing: 0.8943624682724476
  view-data: 3.349870841950178
