times:
  edit-metadata: 1.461185596883297
  landing: 0.8103881180286407
  view-data: 3.4211941063404083
