times:
  edit-metadata: 1.452881757169962
  landing: 0.8404484428465366
  view-data: 3.400353539735079
