times:
  edit-metadata: 2.182586509734392
  landing: 0.748646330088377
  view-data: 3.3344328068196774
