times:
  edit-metadata: 2.3314877934753895
  landing: 1.0329857990145683
  view-data: 3.48710834980011
