times:
  edit-metadata: 1.455740064382553
  landing: 0.6960730329155922
  view-data: 3.402525894343853
