times:
  edit-metadata: 1.4407085478305817
  landing: 0.7751854360103607
  view-data: 3.3545574322342873
