times:
  edit-metadata: 1.4514330923557281
  landing: 0.7491590231657028
  view-data: 3.3823623061180115
