times:
  edit-metadata: 1.5457939580082893
  landing: 0.8397732824087143
  view-data: 3.528811000287533
