times:
  edit-metadata: 1.550160389393568
  landing: 0.7067425921559334
  view-data: 3.292453419417143
