times:
  edit-metadata: 1.8057207353413105
  landing: 1.0365454070270061
  view-data: 3.3240819424390793
