times:
  edit-metadata: 1.4567061141133308
  landing: 0.723772443830967
  view-data: 3.424441233277321
