times:
  edit-metadata: 1.4324734508991241
  landing: 0.7405325174331665
  view-data: 3.2982193380594254
