times:
  edit-metadata: 1.4563237428665161
  landing: 0.8103526160120964
  view-data: 3.413639187812805
