times:
  edit-metadata: 1.4701089933514595
  landing: 0.8125900365412235
  view-data: 3.3277554251253605
