times:
  edit-metadata: 1.405561439692974
  landing: 0.8187297359108925
  view-data: 3.2532301731407642
