times:
  edit-metadata: 1.4522134214639664
  landing: 0.7663168832659721
  view-data: 3.5436532720923424
