times:
  edit-metadata: 1.4998806416988373
  landing: 0.8005348145961761
  view-data: 3.286276698112488
