times:
  edit-metadata: 1.5058339014649391
  landing: 0.7082748934626579
  view-data: 3.5154972448945045
