times:
  edit-metadata: 1.453333519399166
  landing: 0.8354682549834251
  view-data: 3.3969875425100327
