times:
  edit-metadata: 2.0631590709090233
  landing: 1.522235982120037
  view-data: 3.377312421798706
