times:
  edit-metadata: 1.4165415465831757
  landing: 0.6745706871151924
  view-data: 3.486444912850857
