times:
  edit-metadata: 1.3996101878583431
  landing: 0.7841871455311775
  view-data: 3.297316510230303
