times:
  edit-metadata: 1.527036763727665
  landing: 0.7410178259015083
  view-data: 3.361427880823612
