times:
  edit-metadata: 1.4593042954802513
  landing: 0.674181342124939
  view-data: 3.349197804927826
