times:
  edit-metadata: 2.459453158080578
  landing: 0.7901022657752037
  view-data: 3.5078390315175056
