times:
  edit-metadata: 1.445711188018322
  landing: 0.7598568871617317
  view-data: 3.532341219484806
