times:
  edit-metadata: 1.4857568144798279
  landing: 0.7534387931227684
  view-data: 3.4632750526070595
