times:
  edit-metadata: 1.555699910968542
  landing: 0.7925786077976227
  view-data: 3.3004007041454315
