times:
  edit-metadata: 1.471629124134779
  landing: 0.8383899107575417
  view-data: 3.253830298781395
