times:
  edit-metadata: 1.4329808726906776
  landing: 0.7626634985208511
  view-data: 3.498010776937008
