times:
  edit-metadata: 1.4840961955487728
  landing: 0.7475100047886372
  view-data: 3.329546757042408
