times:
  edit-metadata: 1.514245543628931
  landing: 0.7565294653177261
  view-data: 3.29189508035779
