times:
  edit-metadata: 1.710170105099678
  landing: 1.0222093760967255
  view-data: 3.4806712716817856
