times:
  edit-metadata: 1.5257036797702312
  landing: 0.8612452261149883
  view-data: 3.297048196196556
