times:
  edit-metadata: 1.5487970933318138
  landing: 0.9808488264679909
  view-data: 3.5591684132814407
