times:
  edit-metadata: 1.4842842370271683
  landing: 0.8790180683135986
  view-data: 3.409644328057766
