times:
  edit-metadata: 1.3948724940419197
  landing: 0.7124683037400246
  view-data: 6.121070072054863
