times:
  edit-metadata: 1.3905547857284546
  landing: 0.7264198586344719
  view-data: 3.506902389228344
