times:
  edit-metadata: 1.976232424378395
  landing: 1.2741183377802372
  view-data: 3.3978571370244026
