times:
  edit-metadata: 1.595414862036705
  landing: 0.8037155196070671
  view-data: 3.4372318238019943
