times:
  edit-metadata: 1.6429200917482376
  landing: 1.2856529615819454
  view-data: 3.385071363300085
