times:
  edit-metadata: 1.4667037725448608
  landing: 0.7074374109506607
  view-data: 3.573305681347847
