times:
  edit-metadata: 1.4811469465494156
  landing: 0.7256322205066681
  view-data: 3.451817937195301
