times:
  edit-metadata: 1.5033444687724113
  landing: 0.884137898683548
  view-data: 3.4579362720251083
