times:
  edit-metadata: 1.5052271485328674
  landing: 0.813685841858387
  view-data: 3.3799354434013367
