times:
  edit-metadata: 1.3557807952165604
  landing: 0.7648776471614838
  view-data: 3.27915757894516
