times:
  edit-metadata: 1.666243553161621
  landing: 0.7334329038858414
  view-data: 3.2677552439272404
