times:
  edit-metadata: 1.5352045185863972
  landing: 0.6861779280006886
  view-data: 3.308844320476055
