times:
  edit-metadata: 1.4588939994573593
  landing: 0.7900362983345985
  view-data: 3.329600315541029
