times:
  edit-metadata: 1.449485182762146
  landing: 0.7586279883980751
  view-data: 3.272314392030239
