times:
  edit-metadata: 1.6262860596179962
  landing: 0.8807851821184158
  view-data: 3.3676720708608627
