times:
  edit-metadata: 1.9053241088986397
  landing: 1.1226403191685677
  view-data: 3.5219821110367775
