times:
  edit-metadata: 1.4040470644831657
  landing: 0.7296676933765411
  view-data: 3.2610668912529945
