times:
  edit-metadata: 1.4428435787558556
  landing: 0.7841875329613686
  view-data: 3.446483291685581
