times:
  edit-metadata: 1.5330113992094994
  landing: 0.794401578605175
  view-data: 3.3670658320188522
