times:
  edit-metadata: 1.4536793790757656
  landing: 0.749723955988884
  view-data: 3.33856313675642
