times:
  edit-metadata: 1.4375809282064438
  landing: 0.7849482968449593
  view-data: 3.3075436130166054
