times:
  edit-metadata: 1.3782607540488243
  landing: 0.7565512135624886
  view-data: 3.533242478966713
