times:
  edit-metadata: 1.3553379848599434
  landing: 0.7427763864398003
  view-data: 3.305205263197422
