times:
  edit-metadata: 1.525833509862423
  landing: 0.7370690852403641
  view-data: 3.3855070322752
