times:
  edit-metadata: 1.4972518794238567
  landing: 0.8421518504619598
  view-data: 3.3160593137145042
