times:
  edit-metadata: 1.4115902334451675
  landing: 0.7316817045211792
  view-data: 3.516439937055111
