times:
  edit-metadata: 2.5658114328980446
  landing: 1.630942240357399
  view-data: 3.6483167558908463
