times:
  edit-metadata: 1.4823887944221497
  landing: 0.7516918629407883
  view-data: 3.355400614440441
