times:
  edit-metadata: 1.583630509674549
  landing: 0.812116801738739
  view-data: 3.3459721095860004
