times:
  edit-metadata: 1.4224343970417976
  landing: 0.7583616673946381
  view-data: 3.521892100572586
