times:
  edit-metadata: 1.5276201367378235
  landing: 0.8067237958312035
  view-data: 3.468576356768608
