times:
  edit-metadata: 1.4731304869055748
  landing: 0.7964348271489143
  view-data: 3.5428740456700325
