times:
  edit-metadata: 1.4523755833506584
  landing: 0.9725565984845161
  view-data: 3.308351881802082
