times:
  edit-metadata: 2.575732082128525
  landing: 1.335791315883398
  view-data: 3.31763668730855
