times:
  edit-metadata: 1.385217659175396
  landing: 0.7567819468677044
  view-data: 3.3147886507213116
