times:
  edit-metadata: 1.4094534553587437
  landing: 0.7675750628113747
  view-data: 3.34131021425128
