times:
  edit-metadata: 1.4682135432958603
  landing: 0.6665591076016426
  view-data: 3.5062786862254143
