times:
  edit-metadata: 1.5061574503779411
  landing: 0.7249461859464645
  view-data: 3.4415247961878777
