times:
  edit-metadata: 1.527623139321804
  landing: 0.911406971514225
  view-data: 3.6300377026200294
