times:
  edit-metadata: 1.5011935606598854
  landing: 0.7801687121391296
  view-data: 3.49991637468338
