times:
  edit-metadata: 1.4335042014718056
  landing: 0.7738652974367142
  view-data: 3.473758339881897
