times:
  edit-metadata: 1.4427485540509224
  landing: 0.7160644084215164
  view-data: 3.39949069917202
