times:
  edit-metadata: 1.3809340000152588
  landing: 0.7734507098793983
  view-data: 3.3147277012467384
