times:
  edit-metadata: 1.8043097630143166
  landing: 1.1805267073214054
  view-data: 3.489085204899311
