times:
  edit-metadata: 1.617718666791916
  landing: 0.8613859415054321
  view-data: 3.5595455542206764
