times:
  edit-metadata: 1.3892027139663696
  landing: 0.810135506093502
  view-data: 3.5125230625271797
