times:
  edit-metadata: 1.4412554800510406
  landing: 0.7504279688000679
  view-data: 3.4727757275104523
