times:
  edit-metadata: 1.4163030460476875
  landing: 0.7977866195142269
  view-data: 3.355612352490425
