times:
  edit-metadata: 1.4627912789583206
  landing: 0.762433297932148
  view-data: 3.304283857345581
