times:
  edit-metadata: 1.4609041884541512
  landing: 0.7367885261774063
  view-data: 3.4791247695684433
