times:
  edit-metadata: 1.4263332709670067
  landing: 0.7951346710324287
  view-data: 3.23189665004611
