times:
  edit-metadata: 1.5571679025888443
  landing: 0.7330391258001328
  view-data: 3.25638535246253
