times:
  edit-metadata: 1.5960602015256882
  landing: 0.7317212298512459
  view-data: 3.3277531377971172
