times:
  edit-metadata: 1.4732470288872719
  landing: 0.7343533337116241
  view-data: 3.49502182751894
