times:
  edit-metadata: 1.8923781514167786
  landing: 1.052157573401928
  view-data: 3.3769479393959045
