times:
  edit-metadata: 1.5672709196805954
  landing: 0.7887322828173637
  view-data: 3.315235361456871
