times:
  edit-metadata: 1.409437157213688
  landing: 0.7322672754526138
  view-data: 3.4075797125697136
