times:
  edit-metadata: 1.4258786514401436
  landing: 0.7529008537530899
  view-data: 3.508444018661976
