times:
  edit-metadata: 2.05070960521698
  landing: 1.1594411730766296
  view-data: 3.5538724213838577
