times:
  edit-metadata: 1.439119841903448
  landing: 0.7952111139893532
  view-data: 3.3462162874639034
