times:
  edit-metadata: 1.4684250876307487
  landing: 0.7261629700660706
  view-data: 3.464079774916172
