times:
  edit-metadata: 1.4200497791171074
  landing: 0.7606896683573723
  view-data: 3.496016800403595
