times:
  edit-metadata: 1.519302174448967
  landing: 0.7221778780221939
  view-data: 3.304880417883396
