times:
  edit-metadata: 1.3901427239179611
  landing: 0.7949325479567051
  view-data: 3.2976516596972942
