times:
  edit-metadata: 1.470778577029705
  landing: 0.7110638916492462
  view-data: 3.4145156517624855
