times:
  edit-metadata: 1.5390765443444252
  landing: 0.8128467127680779
  view-data: 3.3579606413841248
