times:
  edit-metadata: 1.6690783984959126
  landing: 0.8278704322874546
  view-data: 3.315668247640133
