times:
  edit-metadata: 1.4159986823797226
  landing: 0.6758637726306915
  view-data: 3.721677839756012
