times:
  edit-metadata: 1.4855980947613716
  landing: 0.7823052406311035
  view-data: 3.3301118686795235
