times:
  edit-metadata: 1.5169894136488438
  landing: 0.822441428899765
  view-data: 3.319981049746275
