times:
  edit-metadata: 1.871769044548273
  landing: 1.140501018613577
  view-data: 3.3920649588108063
