times:
  edit-metadata: 1.4766535088419914
  landing: 0.7465350553393364
  view-data: 3.3346793800592422
