times:
  edit-metadata: 1.4342367500066757
  landing: 0.7373863086104393
  view-data: 3.3874597772955894
