times:
  edit-metadata: 1.4975946545600891
  landing: 0.7848502993583679
  view-data: 3.3290675058960915
