times:
  edit-metadata: 1.5340965427458286
  landing: 0.7205404825508595
  view-data: 3.3012754321098328
