times:
  edit-metadata: 1.4280099645256996
  landing: 0.8293709307909012
  view-data: 3.3431952968239784
