times:
  edit-metadata: 1.3910741806030273
  landing: 0.7439536079764366
  view-data: 3.3456789813935757
