times:
  edit-metadata: 1.7565049305558205
  landing: 0.9165397882461548
  view-data: 3.3981815576553345
