times:
  edit-metadata: 1.4420081563293934
  landing: 0.7773009762167931
  view-data: 3.307238720357418
