times:
  edit-metadata: 2.0379031896591187
  landing: 0.8759969994425774
  view-data: 3.478556878864765
