times:
  edit-metadata: 1.5038299411535263
  landing: 0.8032753020524979
  view-data: 3.4351984336972237
