times:
  edit-metadata: 1.5358224138617516
  landing: 0.7502155974507332
  view-data: 3.303068272769451
