times:
  edit-metadata: 1.6640286594629288
  landing: 0.8668633252382278
  view-data: 3.545375257730484
