times:
  edit-metadata: 1.418957881629467
  landing: 0.7826191559433937
  view-data: 3.5114162489771843
