times:
  edit-metadata: 1.4498445615172386
  landing: 0.8260260745882988
  view-data: 3.3112957701087
