times:
  edit-metadata: 1.5478564575314522
  landing: 0.7501364797353745
  view-data: 3.433168388903141
