times:
  edit-metadata: 1.367731288075447
  landing: 0.7380625754594803
  view-data: 3.44960530847311
