times:
  edit-metadata: 1.5313028320670128
  landing: 0.8721696995198727
  view-data: 3.284583006054163
