times:
  edit-metadata: 1.5801043808460236
  landing: 0.7633794248104095
  view-data: 3.520064987242222
