times:
  edit-metadata: 1.548301201313734
  landing: 0.8171212337911129
  view-data: 3.366645887494087
