times:
  edit-metadata: 1.3885559141635895
  landing: 0.7249191552400589
  view-data: 3.5354913026094437
