times:
  edit-metadata: 1.4431031756103039
  landing: 0.7562433332204819
  view-data: 3.300122022628784
