times:
  edit-metadata: 1.784479808062315
  landing: 0.9189745113253593
  view-data: 3.375918686389923
