times:
  edit-metadata: 1.523743376135826
  landing: 0.7948537915945053
  view-data: 3.4682745710015297
