times:
  edit-metadata: 1.369216188788414
  landing: 0.6481827348470688
  view-data: 3.475502036511898
