times:
  edit-metadata: 1.5099762417376041
  landing: 0.8957618437707424
  view-data: 3.27423956990242
