times:
  edit-metadata: 1.3546546138823032
  landing: 0.8020947948098183
  view-data: 3.370822913944721
