times:
  edit-metadata: 1.7503108605742455
  landing: 0.918030172586441
  view-data: 3.279020495712757
