times:
  edit-metadata: 1.4428632855415344
  landing: 0.8056759834289551
  view-data: 3.418409738689661
