times:
  edit-metadata: 1.4301012456417084
  landing: 0.6767171174287796
  view-data: 3.4985422044992447
