times:
  edit-metadata: 1.5069995522499084
  landing: 0.7351747676730156
  view-data: 3.4299138486385345
