times:
  edit-metadata: 1.4890727996826172
  landing: 0.7213657274842262
  view-data: 3.4954399541020393
