times:
  edit-metadata: 1.4148542806506157
  landing: 0.9329273477196693
  view-data: 3.5159249752759933
