times:
  edit-metadata: 1.3459497019648552
  landing: 1.0948888137936592
  view-data: 3.562153786420822
