times:
  edit-metadata: 1.419892929494381
  landing: 0.9902695268392563
  view-data: 3.3216078728437424
