times:
  edit-metadata: 1.4824289754033089
  landing: 0.895922102034092
  view-data: 3.3361609056591988
