times:
  edit-metadata: 1.4401297606527805
  landing: 0.8345469310879707
  view-data: 3.347998760640621
