times:
  edit-metadata: 1.7218797132372856
  landing: 0.9694241434335709
  view-data: 3.64224536716938
