times:
  edit-metadata: 1.4352897256612778
  landing: 0.7902863435447216
  view-data: 3.323726050555706
