times:
  edit-metadata: 1.4569286815822124
  landing: 0.8480158448219299
  view-data: 3.259330339729786
