times:
  edit-metadata: 2.1407157629728317
  landing: 1.11745485663414
  view-data: 3.3703799694776535
