times:
  edit-metadata: 4.450906541198492
  landing: 1.5519957318902016
  view-data: 3.878265768289566
