times:
  edit-metadata: 2.209942577406764
  landing: 0.019860118627548218
  view-data: 0.13960137777030468
