times:
  edit-metadata: 1.6199515871703625
  landing: 1.0469497106969357
  view-data: 3.356526404619217
