times:
  edit-metadata: 1.141355265979655
  landing: 0.045078439987264574
  view-data: 0.22399825497996062
