times:
  edit-metadata: 2.2145155807957053
  landing: 0.020784338004887104
  view-data: 0.02742222137749195
