times:
  edit-metadata: 1.3684258221182972
  landing: 0.061669592978432775
  view-data: 0.25319160893559456
