times:
  landing: 0.5580354729999897
  view-data: 0.5478435150000109
