times:
  landing: 0.5588710909999861
  view-data: 0.07476471100000026
