times:
  edit-metadata: 1.2347787888720632
  landing: 0.0595333119854331
  view-data: 0.24505516467615962
