times:
  landing: 0.553385096999989
  view-data: 0.5714207770000144
