times:
  edit-metadata: 1.7249272521585226
  landing: 0.10152638470754027
  view-data: 0.2649141629226506
