times:
  edit-metadata: 3.1576639488339424
  landing: 0.020888734608888626
  view-data: 0.29783241637051105
