times:
  edit-metadata: 2.7802357748150826
  landing: 1.3091865759342909
  view-data: 0.4574165213853121
