times:
  edit-metadata: 2.899646643549204
  landing: 0.7421236671507359
  view-data: 0.26723599061369896
