times:
  landing: 0.600761030000001
  view-data: 0.572272034000008
