times:
  edit-metadata: 2.382701812312007
  landing: 0.12225275672972202
  view-data: 0.35868952609598637
