times:
  edit-metadata: 1.1908140439772978
  landing: 0.0919874090468511
  view-data: 0.22602394805289805
