times:
  edit-metadata: 1.4113046919810586
  landing: 0.05656882002949715
  view-data: 0.2715033160056919
