times:
  edit-metadata: 2.8665688950568438
  landing: 2.125989105552435
  view-data: 1.1669897120445967
