times:
  landing: 0.5459650249999868
  view-data: 0.5640477900000178
