times:
  edit-metadata: 2.1973426146432757
  landing: 0.0228516748175025
  view-data: 0.12452442198991776
