times:
  edit-metadata: 1.1731002209708095
  landing: 0.0554615817964077
  view-data: 0.23448552237823606
