times:
  edit-metadata: 1.5333271697163582
  landing: 0.9966367334127426
  view-data: 3.389507368206978
