times:
  edit-metadata: 1.3607713393867016
  landing: 0.7748284125700593
  view-data: 3.3563497569411993
