times:
  edit-metadata: 2.5691070072352886
  landing: 0.11110646650195122
  view-data: 0.2579551227390766
