times:
  edit-metadata: 2.2595923356711864
  landing: 0.02160024084150791
  view-data: 0.5074568502604961
