times:
  edit-metadata: 2.1318451426923275
  landing: 0.020620327442884445
  view-data: 0.11914764158427715
