times:
  edit-metadata: 1.1933851590147242
  landing: 0.08518267306499183
  view-data: 0.22443067003041506
