times:
  landing: 0.5563984860000062
  view-data: 0.5745732450000105
