times:
  landing: 0.5468063889999826
  view-data: 0.5554614350000406
