times:
  edit-metadata: 1.4314958079485223
  landing: 0.052420714986510575
  view-data: 0.2751953969709575
