times:
  landing: 0.5472795410000231
  view-data: 0.5780583080000383
