times:
  edit-metadata: 1.3622315153479576
  landing: 0.7586800288408995
  view-data: 3.389354184269905
