times:
  edit-metadata: 1.1937233610078692
  landing: 0.05156501999590546
  view-data: 0.21866828203201294
