times:
  edit-metadata: 1.2763646820094436
  landing: 0.045288270004675724
  view-data: 0.22792602400295436
