times:
  edit-metadata: 1.346729725599289
  landing: 0.8364643827080727
  view-data: 3.297714836895466
