times:
  edit-metadata: 1.1919627948664129
  landing: 0.049852252937853336
  view-data: 0.23466538870707154
