times:
  edit-metadata: 1.4588352721184492
  landing: 0.09167979098856449
  view-data: 0.4364085542038083
