times:
  edit-metadata: 1.2350466549978592
  landing: 0.0464597909594886
  view-data: 0.2249965139781125
