times:
  edit-metadata: 2.1263386821374297
  landing: 0.022178358398377895
  view-data: 0.1244107261300087
