times:
  edit-metadata: 1.2778268789406866
  landing: 0.050454323180019855
  view-data: 0.3885710530448705
