times:
  edit-metadata: 1.37165040592663
  landing: 0.05254951701499522
  view-data: 0.25821366789750755
