times:
  edit-metadata: 1.5257490929216146
  landing: 0.7685060929507017
  view-data: 3.3829394187778234
