times:
  edit-metadata: 1.4984423033893108
  landing: 0.8305017836391926
  view-data: 3.4352484457194805
