times:
  edit-metadata: 2.8269139900803566
  landing: 0.046547871083021164
  view-data: 0.3019305691123009
