times:
  edit-metadata: 1.1612265809671953
  landing: 0.04804921895265579
  view-data: 0.2198817189782858
