times:
  edit-metadata: 2.9319117702543736
  landing: 0.6095437649637461
  view-data: 0.6551260128617287
