times:
  edit-metadata: 2.778220232576132
  landing: 0.7659732643514872
  view-data: 0.3677249513566494
