times:
  edit-metadata: 2.558038266375661
  landing: 0.20072075724601746
  view-data: 0.3008586335927248
