times:
  landing: 1.0705419559999427
  view-data: 0.5471385840000949
