times:
  edit-metadata: 1.5668587908148766
  landing: 0.8375236690044403
  view-data: 3.434199593961239
