times:
  edit-metadata: 8.294134904630482
  landing: 3.7146699717268348
  view-data: 7.6839843494817615
