times:
  edit-metadata: 2.091566441580653
  landing: 0.9512448646128178
  view-data: 3.449485758319497
