times:
  edit-metadata: 2.320351419970393
  landing: 0.0247456356883049
  view-data: 0.02738851308822632
