times:
  landing: 1.095084786000001
  view-data: 0.5652163920000248
