times:
  edit-metadata: 1.4878154657781124
  landing: 0.8969122171401978
  view-data: 3.4342291988432407
