times:
  edit-metadata: 1.554248183965683
  landing: 0.8240710105746984
  view-data: 3.4880158063024282
