times:
  edit-metadata: 1.390316229313612
  landing: 0.8544058948755264
  view-data: 3.2951367646455765
