times:
  edit-metadata: 1.4232823630445637
  landing: 0.05193150200648233
  view-data: 0.23353825899539515
