times:
  edit-metadata: 1.1684570340439677
  landing: 0.04619653709232807
  view-data: 0.2182870889082551
