times:
  edit-metadata: 2.3462430834770203
  landing: 0.20933371037244797
  view-data: 0.12181008979678154
