times:
  edit-metadata: 2.9867180921137333
  landing: 0.5779991839081049
  view-data: 0.6628809832036495
