times:
  edit-metadata: 2.965650884434581
  landing: 1.1316891331225634
  view-data: 0.6521798726171255
