times:
  edit-metadata: 1.1135658216662705
  landing: 0.0494410484097898
  view-data: 0.2350905342027545
