times:
  edit-metadata: 1.1550957559375092
  landing: 0.05360084003768861
  view-data: 0.2542710000416264
