times:
  edit-metadata: 1.1418333840556443
  landing: 0.04854126600548625
  view-data: 0.23376746335998178
