times:
  edit-metadata: 1.2123953881673515
  landing: 0.04559236904606223
  view-data: 0.2354420772753656
