times:
  edit-metadata: 1.3587257919716649
  landing: 0.26882603199919686
  view-data: 0.23941699700662866
