times:
  edit-metadata: 1.590559285134077
  landing: 1.035026179626584
  view-data: 3.341168839484453
