times:
  landing: 0.5567888040000071
  view-data: 0.5606915999999842
