times:
  edit-metadata: 2.5727499686181545
  landing: 0.054943960160017014
  view-data: 0.24518157914280891
