times:
  landing: 0.5503411029999938
  view-data: 0.548632882000021
