times:
  edit-metadata: 2.167022379115224
  landing: 0.022334886714816093
  view-data: 0.10601054411381483
