times:
  edit-metadata: 1.5251646991819143
  landing: 0.7319278605282307
  view-data: 3.3637530114501715
