times:
  edit-metadata: 1.5995703786611557
  landing: 0.8810494504868984
  view-data: 3.4446668084710836
