times:
  edit-metadata: 1.9344960089656524
  landing: 0.0894094540271908
  view-data: 0.32283002603799105
