times:
  edit-metadata: 2.1463580429553986
  landing: 1.275109015405178
  view-data: 3.408128399401903
