times:
  landing: 0.5529033319999996
  view-data: 0.5589685799999984
