times:
  edit-metadata: 1.3776494530029595
  landing: 0.061285078059881926
  view-data: 0.28352614399045706
