times:
  edit-metadata: 2.791736129671335
  landing: 1.895788051187992
  view-data: 0.35082485899329185
