times:
  edit-metadata: 2.9192811213433743
  landing: 0.24830923974514008
  view-data: 0.4186527896672487
