times:
  edit-metadata: 1.5695024635642767
  landing: 1.6140106534585357
  view-data: 3.295962305739522
