times:
  edit-metadata: 1.43566304910928
  landing: 0.054005834739655256
  view-data: 0.25604288559406996
