times:
  landing: 1.5991550699999948
  view-data: 0.5606635100000403
