times:
  edit-metadata: 2.515048637986183
  landing: 0.10660890489816666
  view-data: 0.24675416946411133
