times:
  edit-metadata: 1.419353574514389
  landing: 0.9165373146533966
  view-data: 3.352463949471712
