times:
  edit-metadata: 1.258315684972331
  landing: 0.0665052339900285
  view-data: 0.25571725191548467
