times:
  edit-metadata: 1.4786236779764295
  landing: 0.8199185142293572
  view-data: 3.3566077593714
