times:
  edit-metadata: 2.219331044703722
  landing: 0.023262808099389076
  view-data: 0.3406511973589659
