times:
  landing: 0.5606955000000085
  view-data: 0.05754364799997802
