times:
  landing: 0.5591151649999802
  view-data: 0.568033770999989
