times:
  edit-metadata: 1.478784367442131
  landing: 0.7845482286065817
  view-data: 3.4104700554162264
