times:
  edit-metadata: 2.2561457864940166
  landing: 0.020745928399264812
  view-data: 0.09472913201898336
