times:
  edit-metadata: 1.5472303815186024
  landing: 0.9642638675868511
  view-data: 3.41909646242857
