times:
  edit-metadata: 1.1662444360554218
  landing: 0.05545497313141823
  view-data: 0.22389889927580953
