times:
  landing: 0.5611954150000145
  view-data: 0.5653331709999918
