times:
  edit-metadata: 1.608290181029588
  landing: 0.06821073597529903
  view-data: 0.23162330104969442
