times:
  edit-metadata: 1.3378049660241231
  landing: 0.05580307904165238
  view-data: 0.2839694559806958
