times:
  edit-metadata: 1.2901903837919235
  landing: 0.05260548274964094
  view-data: 0.23972328286617994
