times:
  edit-metadata: 2.422286292538047
  landing: 0.1374178361147642
  view-data: 0.40352183394134045
