times:
  edit-metadata: 2.5095896162092686
  landing: 0.10592930391430855
  view-data: 0.25595656782388687
