times:
  landing: 0.559312360000007
  view-data: 0.5704727890000072
