times:
  landing: 0.5659622199999603
  view-data: 0.5522636570000259
