times:
  edit-metadata: 1.4771958328783512
  landing: 0.7905616499483585
  view-data: 3.4307013992220163
