times:
  landing: 0.5530349499999829
  view-data: 0.5688437460003115
