times:
  edit-metadata: 1.18508096691221
  landing: 0.04842767957597971
  view-data: 0.23923706263303757
