times:
  edit-metadata: 2.41948748100549
  landing: 1.300617879256606
  view-data: 3.6596953170374036
