times:
  edit-metadata: 1.3810565657913685
  landing: 0.8909546881914139
  view-data: 3.3167726397514343
