times:
  edit-metadata: 1.4265289359973394
  landing: 0.06042749199696118
  view-data: 0.25956077700539026
