times:
  edit-metadata: 2.6558601409196854
  landing: 0.05454790219664574
  view-data: 0.24333423376083374
