times:
  edit-metadata: 1.6160908415913582
  landing: 1.1730641275644302
  view-data: 3.3429442308843136
