times:
  edit-metadata: 1.4078186228871346
  landing: 0.9810746088624
  view-data: 3.4120733365416527
