times:
  edit-metadata: 1.2002142053097486
  landing: 0.04616000410169363
  view-data: 0.22778099961578846
