times:
  edit-metadata: 2.238890154287219
  landing: 0.23303723894059658
  view-data: 0.10059991478919983
