times:
  edit-metadata: 1.3101019780151546
  landing: 0.05508011719211936
  view-data: 0.22678448003716767
