times:
  edit-metadata: 2.199042320251465
  landing: 0.02015514299273491
  view-data: 0.026525095105171204
