times:
  edit-metadata: 1.1479834159836173
  landing: 0.04317750409245491
  view-data: 0.22446594014763832
