times:
  landing: 0.5613931579999871
  view-data: 0.07015595699999722
