times:
  landing: 1.0690512179999132
  view-data: 0.5612686509994091
