times:
  edit-metadata: 2.142783349379897
  landing: 0.11712063755840063
  view-data: 0.02626778557896614
