times:
  landing: 0.5976922229999957
  view-data: 0.5660555349999754
