times:
  edit-metadata: 2.7380395028740168
  landing: 1.2912149615585804
  view-data: 0.3765905648469925
