times:
  edit-metadata: 1.1696860841475427
  landing: 0.04447403782978654
  view-data: 0.22378444811329246
