times:
  edit-metadata: 1.4190089240437374
  landing: 1.0393357559805736
  view-data: 3.3852732569212094
