times:
  edit-metadata: 1.4334293380379677
  landing: 0.7963060401380062
  view-data: 3.3467376455664635
