times:
  edit-metadata: 2.825623357668519
  landing: 0.6659189090132713
  view-data: 0.2808120157569647
