times:
  landing: 0.5653629219999914
  view-data: 0.5797244729999989
