times:
  edit-metadata: 1.8305037259997334
  landing: 0.054423911991762
  view-data: 0.28009975198074244
