times:
  edit-metadata: 2.582910470664501
  landing: 0.10613394528627396
  view-data: 0.2552097849547863
