times:
  edit-metadata: 1.5138191916048527
  landing: 0.8163187596946955
  view-data: 3.2802519630640745
