times:
  edit-metadata: 2.678576400503516
  landing: 0.2205162737518549
  view-data: 0.02762565203011036
