times:
  edit-metadata: 1.5271828472614288
  landing: 0.9368691593408585
  view-data: 3.412767231464386
