times:
  edit-metadata: 1.3503358769812621
  landing: 0.04855146101908758
  view-data: 0.27093491796404123
