times:
  edit-metadata: 1.640911336056888
  landing: 0.05599350295960903
  view-data: 0.26069478690624237
