times:
  edit-metadata: 2.445361735764891
  landing: 0.09634790709242225
  view-data: 0.4681874569505453
