times:
  edit-metadata: 1.161500662972685
  landing: 0.04264091298682615
  view-data: 0.232392966048792
