times:
  edit-metadata: 1.3795727537944913
  landing: 0.054767096880823374
  view-data: 0.2936966030392796
