times:
  edit-metadata: 1.1329879597760737
  landing: 0.045382419135421515
  view-data: 0.2289368282072246
