times:
  edit-metadata: 1.364196621987503
  landing: 0.046950926014687866
  view-data: 0.28759025601902977
