times:
  edit-metadata: 1.154169222805649
  landing: 0.039382456336170435
  view-data: 0.22622557496652007
