times:
  edit-metadata: 2.830647185444832
  landing: 0.12216476909816265
  view-data: 0.29930164106190205
