times:
  landing: 1.5976265299999852
  view-data: 0.5600983560000259
