times:
  edit-metadata: 2.037572444000034
  landing: 0.0717379580000852
  view-data: 0.38929703800022253
