times:
  edit-metadata: 1.5424900650978088
  landing: 1.0374331660568714
  view-data: 3.34030594304204
