times:
  landing: 1.6007518839999761
  view-data: 0.5554587070000139
