times:
  edit-metadata: 1.1654680157080293
  landing: 0.05371884908527136
  view-data: 0.23055025096982718
