times:
  edit-metadata: 1.4862945256754756
  landing: 0.9831359721720219
  view-data: 3.3939528046175838
