times:
  edit-metadata: 2.5969953993335366
  landing: 0.02035416103899479
  view-data: 0.1136408718302846
