times:
  edit-metadata: 2.7736327219754457
  landing: 0.8688691165298223
  view-data: 0.2778247017413378
