times:
  edit-metadata: 1.512413015589118
  landing: 0.8189621176570654
  view-data: 3.4066260904073715
