times:
  landing: 1.0958335360000433
  view-data: 0.56935628399998
