times:
  edit-metadata: 2.9674578923732042
  landing: 1.09386139921844
  view-data: 0.6665467154234648
