times:
  edit-metadata: 1.1364386212080717
  landing: 0.04504453390836716
  view-data: 0.23585123848170042
