times:
  landing: 0.5543194780000249
  view-data: 0.5588911390000249
