times:
  edit-metadata: 2.5732934884727
  landing: 0.05728287994861603
  view-data: 0.24886608496308327
