times:
  edit-metadata: 1.3697920551057905
  landing: 0.05322005087509751
  view-data: 0.30221159709617496
