times:
  edit-metadata: 1.179952627979219
  landing: 0.05077017599251121
  view-data: 0.22004474804271013
