times:
  edit-metadata: 1.3910861499607563
  landing: 0.9892232306301594
  view-data: 3.3016352988779545
