times:
  edit-metadata: 2.821192540228367
  landing: 1.1242814380675554
  view-data: 0.6700631231069565
