times:
  edit-metadata: 1.543213026598096
  landing: 0.8018348123878241
  view-data: 3.3954069446772337
