times:
  edit-metadata: 2.072128925472498
  landing: 1.218357304111123
  view-data: 0.32391442358493805
