times:
  edit-metadata: 1.3591077129822224
  landing: 0.059193471912294626
  view-data: 0.2806310460437089
