times:
  edit-metadata: 2.1354739014059305
  landing: 0.021319054998457432
  view-data: 0.10296935774385929
