times:
  edit-metadata: 1.2009329390712082
  landing: 0.04845608491450548
  view-data: 0.22039474919438362
