times:
  edit-metadata: 2.1452650418505073
  landing: 0.02157706208527088
  view-data: 0.024832073599100113
