times:
  edit-metadata: 1.1652058709878474
  landing: 0.044101106002926826
  view-data: 0.22510511698783375
