times:
  edit-metadata: 2.3984704799950123
  landing: 0.14484784379601479
  view-data: 0.35795645229518414
