times:
  edit-metadata: 2.218875488266349
  landing: 0.021042639389634132
  view-data: 0.026284467428922653
