times:
  edit-metadata: 1.3185619569849223
  landing: 0.05196351511403918
  view-data: 0.40257195685990155
