times:
  edit-metadata: 1.3324098660377786
  landing: 0.0601267950842157
  view-data: 0.2614018409512937
