times:
  edit-metadata: 1.3718808628618717
  landing: 0.8529750630259514
  view-data: 3.3296827636659145
