times:
  edit-metadata: 3.143612615764141
  landing: 1.1194065660238266
  view-data: 0.7024787217378616
