times:
  edit-metadata: 1.3635023199021816
  landing: 0.05293873907066882
  view-data: 0.30313564790412784
