times:
  edit-metadata: 1.4166035018861294
  landing: 0.07808513008058071
  view-data: 0.33741051284596324
