times:
  edit-metadata: 1.6050628367811441
  landing: 0.9417339470237494
  view-data: 3.4387568030506372
