times:
  edit-metadata: 1.5442551225423813
  landing: 0.8056703712791204
  view-data: 3.4090317599475384
