times:
  edit-metadata: 2.5875201523303986
  landing: 0.05123525485396385
  view-data: 0.25266753137111664
