times:
  edit-metadata: 2.6261821053922176
  landing: 0.1611147951334715
  view-data: 0.4655286315828562
