times:
  edit-metadata: 2.509569459594786
  landing: 0.15089917089790106
  view-data: 0.14180554449558258
