times:
  edit-metadata: 2.5613718815147877
  landing: 0.05389036238193512
  view-data: 0.24275832623243332
