times:
  landing: 0.5595874519999882
  view-data: 0.5605847610000012
