times:
  edit-metadata: 2.891259541735053
  landing: 0.8947621248662472
  view-data: 0.2788230124861002
