times:
  edit-metadata: 3.3695776499807835
  landing: 0.03218548744916916
  view-data: 0.6240984424948692
