times:
  edit-metadata: 2.823776150122285
  landing: 0.8201139662414789
  view-data: 0.3557856660336256
