times:
  edit-metadata: 2.539770035073161
  landing: 0.13726366683840752
  view-data: 0.4307549372315407
