times:
  edit-metadata: 1.126246907748282
  landing: 0.056826924439519644
  view-data: 0.23642586125060916
