times:
  edit-metadata: 1.4182053431868553
  landing: 1.5174585543572903
  view-data: 3.348277226090431
