times:
  edit-metadata: 1.7820430411957204
  landing: 0.04911766340956092
  view-data: 0.45167407114058733
