times:
  edit-metadata: 1.5269656404852867
  landing: 0.8613298144191504
  view-data: 3.386047479696572
