times:
  edit-metadata: 1.5332480892539024
  landing: 0.8529943805187941
  view-data: 3.4081286266446114
