times:
  edit-metadata: 1.3517145551741123
  landing: 0.8291530199348927
  view-data: 3.439452768303454
