times:
  landing: 0.5625988039999754
  view-data: 0.5675112680000041
