times:
  edit-metadata: 1.27203391797957
  landing: 0.0541601600125432
  view-data: 0.4117817090009339
