times:
  edit-metadata: 2.799257092177868
  landing: 0.5759145803749561
  view-data: 0.3191711101680994
