times:
  edit-metadata: 2.503094671294093
  landing: 0.031014015898108482
  view-data: 0.4420571159571409
