times:
  edit-metadata: 2.245140979066491
  landing: 0.20491279568523169
  view-data: 0.4706065049394965
