times:
  edit-metadata: 2.11608371976763
  landing: 0.14948972407728434
  view-data: 0.12485483102500439
