times:
  edit-metadata: 2.1055573225021362
  landing: 0.022323635406792164
  view-data: 0.11911393888294697
