times:
  edit-metadata: 1.5520935356616974
  landing: 1.0328292772173882
  view-data: 3.391228284686804
