times:
  landing: 0.576070313999935
  view-data: 0.5590613360000134
