times:
  edit-metadata: 2.235411625355482
  landing: 0.5651439186185598
  view-data: 0.2455120701342821
