times:
  edit-metadata: 1.370902452035807
  landing: 0.05389035301050171
  view-data: 0.2633648929768242
