times:
  edit-metadata: 2.144834144040942
  landing: 0.11430313065648079
  view-data: 0.42854742612689734
