times:
  edit-metadata: 2.4695296697318554
  landing: 0.02270638197660446
  view-data: 0.026798607781529427
