times:
  edit-metadata: 1.4288405501283705
  landing: 0.8017219100147486
  view-data: 3.4130740528926253
