times:
  edit-metadata: 1.3982558890711516
  landing: 0.07702174503356218
  view-data: 0.3794765518978238
