times:
  edit-metadata: 2.909851338714361
  landing: 0.5671896804124117
  view-data: 0.3037711847573519
