times:
  edit-metadata: 2.4464896004647017
  landing: 0.24852356500923634
  view-data: 0.12331178039312363
