times:
  edit-metadata: 1.5310007575899363
  landing: 0.7635476794093847
  view-data: 3.320694714784622
