times:
  edit-metadata: 2.531679831445217
  landing: 0.04305033013224602
  view-data: 0.2547907382249832
