times:
  edit-metadata: 1.5436493121087551
  landing: 0.8678641282021999
  view-data: 3.3701055012643337
