times:
  edit-metadata: 2.7324955109506845
  landing: 0.14459661208093166
  view-data: 0.16320988722145557
