times:
  edit-metadata: 1.1456769090000307
  landing: 0.0520259200129658
  view-data: 0.2335107069957303
