times:
  edit-metadata: 1.348486211616546
  landing: 0.7550574252381921
  view-data: 3.3896469878964126
