times:
  edit-metadata: 1.3440039900001466
  landing: 0.05123344399999041
  view-data: 0.2573296579998896
