times:
  edit-metadata: 2.5123080536723137
  landing: 0.053847115486860275
  view-data: 0.24753432348370552
