times:
  landing: 1.2237015790000214
  view-data: 0.5845676720000199
