times:
  edit-metadata: 1.4356661215424538
  landing: 0.9266433492302895
  view-data: 3.37221709638834
