times:
  edit-metadata: 1.5171250142157078
  landing: 0.7878936007618904
  view-data: 3.3877985663712025
