times:
  edit-metadata: 1.1600943598896265
  landing: 0.04634824488312006
  view-data: 0.23584214504808187
