times:
  edit-metadata: 1.153900336008519
  landing: 0.04214829206466675
  view-data: 0.22386637330055237
