times:
  edit-metadata: 2.567962259054184
  landing: 0.17289119586348534
  view-data: 0.14811410009860992
