times:
  landing: 0.5610044549999884
  view-data: 0.567866156000008
