times:
  edit-metadata: 2.1083241747692227
  landing: 0.020980152301490307
  view-data: 0.23875500820577145
