times:
  edit-metadata: 1.19570785301039
  landing: 0.053107687970623374
  view-data: 0.23007951001636684
