times:
  landing: 0.5725051329999928
  view-data: 0.5601021610000316
