times:
  edit-metadata: 1.3138952848967165
  landing: 0.05346424598246813
  view-data: 0.2207548872102052
