times:
  edit-metadata: 2.2723764292895794
  landing: 0.020024888217449188
  view-data: 0.028085993602871895
