times:
  landing: 0.5996155100000351
  view-data: 0.5548703649999993
