times:
  edit-metadata: 1.5121957808732986
  landing: 0.9527141079306602
  view-data: 3.340690527111292
