times:
  landing: 0.5776385710000227
  view-data: 0.5767672169999969
