times:
  landing: 0.556201772999998
  view-data: 0.5550350130000083
