times:
  edit-metadata: 1.2259515220066532
  landing: 0.058620573952794075
  view-data: 0.23658967192750424
