times:
  edit-metadata: 1.5140691064298153
  landing: 0.9349265489727259
  view-data: 3.3460448682308197
