times:
  edit-metadata: 2.5600110106170177
  landing: 0.04665730148553848
  view-data: 0.25252528488636017
