times:
  landing: 2.126034231999995
  view-data: 1.097234818000004
