times:
  edit-metadata: 2.661797810345888
  landing: 0.05233781039714813
  view-data: 0.24988343194127083
