times:
  edit-metadata: 1.6497323336079717
  landing: 0.8439241070300341
  view-data: 3.4622420156374574
