times:
  edit-metadata: 1.214083231985569
  landing: 0.046552104875445366
  view-data: 0.24393206182867289
