times:
  edit-metadata: 1.5450721066445112
  landing: 0.8100644163787365
  view-data: 3.406885439530015
