times:
  edit-metadata: 2.9248409885913134
  landing: 0.049570079892873764
  view-data: 0.26681656390428543
