times:
  landing: 0.6020152179999911
  view-data: 0.548771749999986
