times:
  edit-metadata: 1.7860035337507725
  landing: 0.9321939945220947
  view-data: 3.3581048995256424
