times:
  edit-metadata: 1.2032906750682741
  landing: 0.04458907898515463
  view-data: 0.26024674088694155
