times:
  edit-metadata: 1.1512853698804975
  landing: 0.05192738911136985
  view-data: 0.2249640179798007
