times:
  edit-metadata: 1.1813803401309997
  landing: 0.051194472005590796
  view-data: 0.23277800786308944
