times:
  landing: 1.0662796599999922
  view-data: 0.5495275609999908
