times:
  edit-metadata: 1.3516207374632359
  landing: 0.8937011547386646
  view-data: 3.3603173084557056
