times:
  landing: 1.0818765730000166
  view-data: 0.5570166210000025
