times:
  edit-metadata: 1.6104616858065128
  landing: 0.828968396410346
  view-data: 3.437162436544895
