times:
  landing: 1.0801787170000239
  view-data: 0.5609643459999916
