times:
  edit-metadata: 2.1101581379771233
  landing: 0.02083168365061283
  view-data: 0.02508627064526081
