times:
  edit-metadata: 2.4005925096571445
  landing: 0.047440046444535255
  view-data: 0.3038711491972208
