times:
  edit-metadata: 1.2831642339006066
  landing: 0.05892481212504208
  view-data: 0.22292140987701714
