times:
  landing: 0.6139543740000022
  view-data: 0.5649430930000108
