times:
  edit-metadata: 2.1443716548383236
  landing: 0.019338028505444527
  view-data: 0.119050532579422
