times:
  landing: 0.5586583220000421
  view-data: 0.5588738420000254
