times:
  edit-metadata: 1.4475651439279318
  landing: 1.0133862737566233
  view-data: 3.4384881276637316
