times:
  edit-metadata: 2.7268586475402117
  landing: 1.011107498779893
  view-data: 0.3541509434580803
