times:
  edit-metadata: 1.2199058989062905
  landing: 0.0500108958221972
  view-data: 0.23125671362504363
