times:
  edit-metadata: 1.4374891859479249
  landing: 0.9367717239074409
  view-data: 3.394923924934119
