times:
  edit-metadata: 2.1569734076038003
  landing: 0.022214703261852264
  view-data: 0.026165477000176907
