times:
  edit-metadata: 2.618229736000103
  landing: 0.044799600999795075
  view-data: 0.2535660530002133
