times:
  landing: 1.610549146999972
  view-data: 0.5582686729999864
