times:
  edit-metadata: 2.4587580282241106
  landing: 0.13609821908175945
  view-data: 0.44380073621869087
