times:
  edit-metadata: 1.2862567550037056
  landing: 0.04917921393644065
  view-data: 0.2592263169353828
