times:
  edit-metadata: 2.1301663164049387
  landing: 0.02252068743109703
  view-data: 0.42281113658100367
