times:
  edit-metadata: 1.6720938496291637
  landing: 1.2723771296441555
  view-data: 3.443115007132292
