times:
  edit-metadata: 1.6262794639915228
  landing: 1.1552382875233889
  view-data: 3.539046725258231
