times:
  edit-metadata: 2.32671937905252
  landing: 0.21701336838304996
  view-data: 0.025114836171269417
