times:
  edit-metadata: 1.2305938659701496
  landing: 0.04716101998928934
  view-data: 0.22689723200164735
