times:
  edit-metadata: 1.6088057085871696
  landing: 1.113895058631897
  view-data: 3.378565479069948
