times:
  edit-metadata: 1.473876791074872
  landing: 0.8655079286545515
  view-data: 3.3720253128558397
