times:
  edit-metadata: 1.1758766705170274
  landing: 0.05238672625273466
  view-data: 0.24247132800519466
