times:
  landing: 1.0731155450000074
  view-data: 0.56166121199999
