times:
  edit-metadata: 1.1823744997382164
  landing: 0.04397467104718089
  view-data: 0.22239870112389326
