times:
  edit-metadata: 2.7343003395944834
  landing: 0.14922381937503815
  view-data: 0.39859346114099026
