times:
  edit-metadata: 2.123794237151742
  landing: 0.02031014673411846
  view-data: 0.4430820094421506
