times:
  edit-metadata: 1.3716660710051656
  landing: 0.912015600129962
  view-data: 3.3759081293828785
