times:
  edit-metadata: 2.7533649392426014
  landing: 0.6047333274036646
  view-data: 0.26195534504950047
