times:
  edit-metadata: 2.222115393728018
  landing: 0.0201950054615736
  view-data: 0.41145445592701435
