times:
  edit-metadata: 2.9413146879523993
  landing: 0.5965024512261152
  view-data: 0.5151001308113337
