times:
  edit-metadata: 2.5300672352313995
  landing: 0.05150437727570534
  view-data: 0.25344669818878174
