times:
  landing: 1.0869136169999933
  view-data: 0.563569904000019
