times:
  edit-metadata: 1.1883365458343178
  landing: 0.04695739387534559
  view-data: 0.23352022818289697
