times:
  landing: 2.126461113000005
  view-data: 1.0690351769999324
