times:
  edit-metadata: 1.2077222389925737
  landing: 0.09709178100456484
  view-data: 0.22256124300474767
