times:
  edit-metadata: 1.9592089327052236
  landing: 1.0976361772045493
  view-data: 3.4040050953626633
