times:
  edit-metadata: 2.0922004422172904
  landing: 0.11241811607033014
  view-data: 0.40424417704343796
