times:
  landing: 1.110557612999969
  view-data: 0.5702577050000173
