times:
  edit-metadata: 1.300937573891133
  landing: 0.06024449202232063
  view-data: 0.3829583409242332
