times:
  edit-metadata: 1.588819734286517
  landing: 0.055155602283775806
  view-data: 0.389400877058506
