times:
  edit-metadata: 2.3323248997330666
  landing: 0.15702770091593266
  view-data: 0.31500632129609585
