times:
  edit-metadata: 1.6514617800712585
  landing: 1.034936062991619
  view-data: 3.382002767175436
