times:
  edit-metadata: 1.2810172410681844
  landing: 0.04587270610500127
  view-data: 0.25350237893871963
