times:
  landing: 1.072243814999979
  view-data: 0.5606591989999856
