times:
  edit-metadata: 1.619906460866332
  landing: 1.1605857987888157
  view-data: 3.2942307232879102
