times:
  edit-metadata: 2.1590013252571225
  landing: 0.2029627375304699
  view-data: 0.5270354021340609
