times:
  edit-metadata: 2.5407444816082716
  landing: 0.16046943701803684
  view-data: 0.5776670929044485
