times:
  edit-metadata: 1.4027405760716647
  landing: 0.9252354218624532
  view-data: 3.4229184999130666
