times:
  edit-metadata: 2.710765244999493
  landing: 0.04529650200129254
  view-data: 0.2473188010008016
