times:
  landing: 1.1841267480000113
  view-data: 0.5658985280000195
