times:
  edit-metadata: 2.8078718427568674
  landing: 0.401448342949152
  view-data: 0.2666203510016203
