times:
  edit-metadata: 2.263606949709356
  landing: 0.15710907336324453
  view-data: 0.40006509330123663
