times:
  edit-metadata: 1.215720711974427
  landing: 0.05682207504287362
  view-data: 0.2292853279504925
