times:
  edit-metadata: 1.3509486089460552
  landing: 0.06178358383476734
  view-data: 0.2757861688733101
