times:
  edit-metadata: 1.6759894071146846
  landing: 0.08501525083556771
  view-data: 0.3916042619384825
