times:
  edit-metadata: 2.502867940813303
  landing: 0.04670841619372368
  view-data: 0.24701422452926636
