times:
  edit-metadata: 1.5902894008904696
  landing: 0.9665844738483429
  view-data: 3.3952212315052748
