times:
  landing: 0.5905031190000045
  view-data: 0.570278409000025
