times:
  edit-metadata: 2.174265475012362
  landing: 0.023670189082622528
  view-data: 0.12082290835678577
