times:
  edit-metadata: 2.833847302943468
  landing: 0.6917189806699753
  view-data: 0.35883841291069984
