times:
  edit-metadata: 1.408066377043724
  landing: 0.821252366527915
  view-data: 3.323991697281599
