times:
  edit-metadata: 1.3939900025725365
  landing: 0.9870681427419186
  view-data: 3.4205832183361053
