times:
  edit-metadata: 2.528199065476656
  landing: 0.05448943004012108
  view-data: 0.24416207894682884
