times:
  landing: 0.5607836140000018
  view-data: 0.06150142399999936
