times:
  edit-metadata: 2.468782976269722
  landing: 0.1151721328496933
  view-data: 0.15873601101338863
