times:
  edit-metadata: 1.3232284591067582
  landing: 0.07959916908293962
  view-data: 0.270181026076898
