times:
  landing: 1.0706379730000037
  view-data: 0.5576030320000029
