times:
  edit-metadata: 1.8243987374007702
  landing: 1.563586626201868
  view-data: 3.423708625137806
