times:
  edit-metadata: 1.5057929148897529
  landing: 0.8747335588559508
  view-data: 3.31325557641685
