times:
  edit-metadata: 1.4597640819847584
  landing: 0.9441554434597492
  view-data: 3.355667855590582
