times:
  edit-metadata: 1.3169214820954949
  landing: 0.0551277999766171
  view-data: 0.32228402816690505
