times:
  landing: 0.5481023030000074
  view-data: 0.55617555500001
