times:
  landing: 0.5539143200000183
  view-data: 0.5592253249999999
