times:
  edit-metadata: 2.143440925516188
  landing: 0.12316426448523998
  view-data: 0.027438316494226456
