times:
  edit-metadata: 1.5901555940508842
  landing: 0.8467119671404362
  view-data: 3.4034872576594353
