times:
  edit-metadata: 1.1978860548697412
  landing: 0.04976527998223901
  view-data: 0.23829565988853574
