times:
  landing: 0.55716828300001
  view-data: 0.5582958899999539
