times:
  edit-metadata: 2.868967281654477
  landing: 0.8379688262939453
  view-data: 0.36526243947446346
