times:
  landing: 0.6297472019999759
  view-data: 0.5715121250000266
