times:
  edit-metadata: 2.229040579870343
  landing: 0.6142754442989826
  view-data: 0.25471609830856323
