times:
  edit-metadata: 2.0632114056497812
  landing: 0.8507039248943329
  view-data: 0.3502047769725323
