times:
  edit-metadata: 2.5652488209307194
  landing: 0.11125196889042854
  view-data: 0.2503438703715801
