times:
  edit-metadata: 2.6532966271042824
  landing: 0.20911411941051483
  view-data: 0.15411815978586674
