times:
  edit-metadata: 1.3256309130229056
  landing: 0.04835470765829086
  view-data: 0.40897306567057967
