times:
  edit-metadata: 2.1199300065636635
  landing: 0.021244960837066174
  view-data: 0.024966503493487835
