times:
  edit-metadata: 2.08638558909297
  landing: 2.480788640677929
  view-data: 3.4904330745339394
