times:
  edit-metadata: 2.5383316092193127
  landing: 0.04467684403061867
  view-data: 0.25390882045030594
