times:
  edit-metadata: 1.4018354751169682
  landing: 0.9621508717536926
  view-data: 3.34300422295928
