times:
  edit-metadata: 1.3845380920101888
  landing: 0.05866003700066358
  view-data: 0.27436315995873883
