times:
  edit-metadata: 2.7089049853384495
  landing: 0.05381475389003754
  view-data: 0.25537461042404175
