times:
  edit-metadata: 1.5389419149141759
  landing: 0.8259591789683327
  view-data: 3.3179617159767076
