times:
  edit-metadata: 2.1599221071228385
  landing: 0.09618033841252327
  view-data: 0.023392030969262123
