times:
  edit-metadata: 1.3806119803339243
  landing: 0.08252109680324793
  view-data: 0.27366022067144513
