times:
  edit-metadata: 2.6380600817501545
  landing: 0.05459248274564743
  view-data: 0.2591451480984688
