times:
  landing: 0.5627367799999945
  view-data: 0.5740309800000034
