times:
  edit-metadata: 2.6492813024669886
  landing: 0.029922598972916603
  view-data: 0.02655623946338892
