times:
  landing: 0.6099727149999694
  view-data: 0.5650729009999509
