times:
  edit-metadata: 2.228178132325411
  landing: 0.022161487489938736
  view-data: 0.025594983249902725
