times:
  edit-metadata: 1.3568760929629207
  landing: 0.045124835101887584
  view-data: 0.22872167616151273
