times:
  edit-metadata: 2.9011137802153826
  landing: 0.7015141621232033
  view-data: 0.2885353844612837
