times:
  edit-metadata: 1.167656543198973
  landing: 0.048810590989887714
  view-data: 0.21913318894803524
