times:
  landing: 1.0602460400000098
  view-data: 0.5530854900000008
