times:
  landing: 0.5775883710000471
  view-data: 0.5583345320000035
