times:
  edit-metadata: 1.3353281340096146
  landing: 0.06106781307607889
  view-data: 0.26001713890582323
