times:
  edit-metadata: 1.5733382366597652
  landing: 0.8514298386871815
  view-data: 3.402960155159235
