times:
  landing: 0.5533377450000216
  view-data: 0.5592565790000208
