times:
  edit-metadata: 1.373127792030573
  landing: 0.792360220104456
  view-data: 3.299526460468769
