times:
  edit-metadata: 1.3269833158701658
  landing: 0.7126921713352203
  view-data: 3.307055694051087
