times:
  edit-metadata: 1.5446652360260487
  landing: 0.8422907739877701
  view-data: 3.3873785585165024
