times:
  edit-metadata: 2.385849107056856
  landing: 0.01977364905178547
  view-data: 0.3378675766289234
