times:
  edit-metadata: 2.188685728237033
  landing: 0.020400949753820896
  view-data: 0.02410607971251011
