times:
  edit-metadata: 1.6925785019993782
  landing: 1.1599999712780118
  view-data: 3.3010430559515953
