times:
  edit-metadata: 2.129794718697667
  landing: 0.12185181677341461
  view-data: 0.4695734018459916
