times:
  edit-metadata: 2.1987664848566055
  landing: 0.20010586827993393
  view-data: 0.13317539356648922
