times:
  edit-metadata: 1.3461639509769157
  landing: 0.05490628897678107
  view-data: 0.26140789105556905
