times:
  edit-metadata: 1.561027018353343
  landing: 1.0230490285903215
  view-data: 3.3173178751021624
