times:
  edit-metadata: 1.2852855850942433
  landing: 0.042806193232536316
  view-data: 0.22298576589673758
