times:
  edit-metadata: 1.4902627356350422
  landing: 0.9717641621828079
  view-data: 3.425248857587576
