times:
  edit-metadata: 1.4179574698209763
  landing: 0.785683773458004
  view-data: 3.323344837874174
