times:
  edit-metadata: 1.3860856052488089
  landing: 0.845195563044399
  view-data: 3.3901698030531406
