times:
  edit-metadata: 1.9430335527285933
  landing: 1.139498520642519
  view-data: 3.5517582120373845
