times:
  edit-metadata: 1.3151256693527102
  landing: 0.8053375063464046
  view-data: 3.3166274949908257
