times:
  edit-metadata: 1.2069488391280174
  landing: 0.04628301481716335
  view-data: 0.22585789510048926
