times:
  landing: 0.5533037460000116
  view-data: 0.5641094380000027
