times:
  edit-metadata: 1.2398962839506567
  landing: 0.04282933194190264
  view-data: 0.23823618469759822
