times:
  edit-metadata: 2.133835284039378
  landing: 0.019265503622591496
  view-data: 0.027931601740419865
