times:
  edit-metadata: 2.8571943566203117
  landing: 0.6138386763632298
  view-data: 0.26488931104540825
