times:
  edit-metadata: 1.2333926972933114
  landing: 0.09199475776404142
  view-data: 0.23902741307392716
