times:
  edit-metadata: 1.4068932039663196
  landing: 0.06312623503617942
  view-data: 0.3253853239584714
