times:
  edit-metadata: 1.156451856251806
  landing: 0.05335960630327463
  view-data: 0.22992992401123047
