times:
  edit-metadata: 1.555131670087576
  landing: 1.0519652105867863
  view-data: 3.4401544593274593
