times:
  landing: 0.5464748260000079
  view-data: 0.5675763400000164
