times:
  edit-metadata: 3.0578568521887064
  landing: 8.791364464908838
  view-data: 3.2757801543921232
