times:
  edit-metadata: 1.1882580131059512
  landing: 0.054008865961804986
  view-data: 0.22800686000846326
