times:
  edit-metadata: 1.2092675339663401
  landing: 0.05083291500341147
  view-data: 0.216773362015374
