times:
  edit-metadata: 2.3759949430823326
  landing: 0.20530765689909458
  view-data: 0.02608363702893257
