times:
  landing: 1.0938815030000058
  view-data: 0.5658400079999808
