times:
  edit-metadata: 1.5494638979434967
  landing: 0.8131708651781082
  view-data: 3.344497438520193
