times:
  edit-metadata: 2.834253303706646
  landing: 0.22140704095363617
  view-data: 0.4458397179841995
