times:
  edit-metadata: 2.8964784517884254
  landing: 0.5590729881078005
  view-data: 0.24868258833885193
