times:
  edit-metadata: 1.853179531171918
  landing: 0.9399837497621775
  view-data: 4.86681423522532
