times:
  landing: 1.075977454999986
  view-data: 0.560786945000018
