times:
  edit-metadata: 2.6854820251464844
  landing: 0.05385199189186096
  view-data: 0.24593818932771683
