times:
  edit-metadata: 1.2920914260030258
  landing: 0.05511308000131976
  view-data: 0.2535471690061968
