times:
  edit-metadata: 1.5127808824181557
  landing: 0.9346044957637787
  view-data: 3.294238556176424
