times:
  edit-metadata: 1.1597631480544806
  landing: 0.05371535290032625
  view-data: 0.2359707448631525
