times:
  edit-metadata: 1.7887336849234998
  landing: 0.04926893301308155
  view-data: 0.26476004673168063
