times:
  edit-metadata: 2.1427647676318884
  landing: 0.021293875761330128
  view-data: 0.11647121701389551
