times:
  edit-metadata: 1.199219036148861
  landing: 0.08843345497734845
  view-data: 0.23447721102274954
