times:
  edit-metadata: 2.815262906253338
  landing: 0.5700818728655577
  view-data: 0.27268389984965324
