times:
  edit-metadata: 2.357664743438363
  landing: 0.022094663232564926
  view-data: 0.02420904114842415
