times:
  edit-metadata: 2.3245665915310383
  landing: 0.023637467995285988
  view-data: 0.10310166515409946
