times:
  edit-metadata: 2.8388888239860535
  landing: 0.057943135499954224
  view-data: 0.27112333849072456
