times:
  edit-metadata: 1.425380777567625
  landing: 0.8627762198448181
  view-data: 3.3136682957410812
