times:
  landing: 1.1029266060000111
  view-data: 0.5559124509999833
