times:
  edit-metadata: 1.450385625998024
  landing: 0.05535821500234306
  view-data: 0.26658186299027875
