times:
  edit-metadata: 1.8250004686415195
  landing: 1.2952173743396997
  view-data: 3.647145602852106
