times:
  edit-metadata: 1.9572451119311154
  landing: 0.0846602888777852
  view-data: 0.47242841497063637
