times:
  edit-metadata: 1.5321449227631092
  landing: 0.9279519021511078
  view-data: 3.3596647046506405
