times:
  edit-metadata: 2.181131481193006
  landing: 1.0942588951438665
  view-data: 3.4147796100005507
