times:
  edit-metadata: 2.16101751383394
  landing: 0.138419340364635
  view-data: 0.02708373684436083
