times:
  edit-metadata: 1.3537507615983486
  landing: 0.743077265098691
  view-data: 3.315867549739778
