times:
  edit-metadata: 2.3068860955536366
  landing: 0.1878081439062953
  view-data: 0.09592040348798037
