times:
  landing: 0.5539833789999875
  view-data: 0.5778256629999987
