times:
  landing: 1.0681219800000008
  view-data: 0.5570173750000151
