times:
  landing: 1.0835961809999617
  view-data: 0.5580372890000262
