times:
  edit-metadata: 2.3221270870417356
  landing: 0.021627087146043777
  view-data: 0.3914842139929533
