times:
  edit-metadata: 1.208825730253011
  landing: 0.047656564973294735
  view-data: 0.23109686886891723
