times:
  landing: 1.0716564850000054
  view-data: 0.5646144950000007
