times:
  edit-metadata: 2.907123651355505
  landing: 1.0929014906287193
  view-data: 0.6759815998375416
