times:
  edit-metadata: 2.1928201485425234
  landing: 0.1799029130488634
  view-data: 0.3851967202499509
