times:
  landing: 1.066544743999998
  view-data: 0.5575063210000053
