times:
  edit-metadata: 1.7719513140618801
  landing: 1.3123097140341997
  view-data: 3.4740380914881825
