times:
  edit-metadata: 2.1914627198129892
  landing: 0.6045813634991646
  view-data: 0.24133477173745632
