times:
  edit-metadata: 1.4173776840034407
  landing: 0.05560016099479981
  view-data: 0.3951249520032434
