times:
  edit-metadata: 1.139528184197843
  landing: 0.05277201998978853
  view-data: 0.23316110018640757
