times:
  landing: 0.5500189269999964
  view-data: 0.5597157070000094
