times:
  edit-metadata: 2.1439859541133046
  landing: 0.12084332294762135
  view-data: 0.3651990322396159
