times:
  edit-metadata: 1.4347040839493275
  landing: 0.8755677677690983
  view-data: 3.397031746804714
