times:
  edit-metadata: 1.1346679963171482
  landing: 0.04218173399567604
  view-data: 0.2240502038039267
