times:
  landing: 1.1468291810000437
  view-data: 0.5619040249999898
