times:
  edit-metadata: 1.36788640008308
  landing: 0.06157172401435673
  view-data: 0.2682553809136152
