times:
  landing: 1.1378014340000107
  view-data: 0.5687512149999918
