times:
  landing: 1.0804041079999251
  view-data: 0.5570368589999362
