times:
  edit-metadata: 1.179912699997658
  landing: 0.04661491798469797
  view-data: 0.22875412201392464
