times:
  landing: 0.5615681220000113
  view-data: 0.06281424799999513
