times:
  edit-metadata: 2.1134991869330406
  landing: 0.021854895167052746
  view-data: 0.025910007767379284
