times:
  edit-metadata: 2.148747481405735
  landing: 0.16663570050150156
  view-data: 0.395390797406435
