times:
  edit-metadata: 1.2669376920093782
  landing: 0.05305649701040238
  view-data: 0.2807189730228856
