times:
  edit-metadata: 2.5351845026016235
  landing: 0.1350412666797638
  view-data: 0.30887253023684025
