times:
  edit-metadata: 2.790668772533536
  landing: 0.11211145296692848
  view-data: 0.26616065949201584
