times:
  edit-metadata: 2.5478391274809837
  landing: 0.10809832066297531
  view-data: 0.24466465041041374
