times:
  edit-metadata: 1.3110613010358065
  landing: 0.05166088603436947
  view-data: 0.2212530041579157
