times:
  edit-metadata: 2.8098283521831036
  landing: 0.5882831625640392
  view-data: 0.6580237112939358
