times:
  edit-metadata: 1.15642892383039
  landing: 0.04527838993817568
  view-data: 0.22919350187294185
