times:
  edit-metadata: 2.4919493962079287
  landing: 0.01921958476305008
  view-data: 0.423318225890398
