times:
  edit-metadata: 1.523793064057827
  landing: 0.8805472068488598
  view-data: 3.4063489753752947
