times:
  edit-metadata: 2.577954974025488
  landing: 0.04511836916208267
  view-data: 0.25600872561335564
