times:
  edit-metadata: 1.5923246331512928
  landing: 1.2959902100265026
  view-data: 3.3801915869116783
