times:
  edit-metadata: 1.1911459071561694
  landing: 0.0432867300696671
  view-data: 0.2335192314349115
