times:
  edit-metadata: 1.403772239049431
  landing: 0.05487743497360498
  view-data: 0.24846861604601145
