times:
  edit-metadata: 1.3848869260400534
  landing: 0.05191668798215687
  view-data: 0.29346958990208805
