times:
  edit-metadata: 1.5435017719864845
  landing: 0.8038749843835831
  view-data: 3.4131375532597303
