times:
  edit-metadata: 3.1466544680297375
  landing: 1.6407998353242874
  view-data: 0.674985246732831
