times:
  edit-metadata: 2.4761379063129425
  landing: 1.1907678758725524
  view-data: 3.426096017472446
