times:
  edit-metadata: 1.3677005767822266
  landing: 0.7989753074944019
  view-data: 3.3218651860952377
