times:
  edit-metadata: 1.8807229819940403
  landing: 0.08385390401235782
  view-data: 0.31942240899661556
