times:
  edit-metadata: 1.3602812520693988
  landing: 0.06597870704717934
  view-data: 0.2690128441900015
