times:
  edit-metadata: 1.5823123082518578
  landing: 0.8552252873778343
  view-data: 3.4234258607029915
