times:
  edit-metadata: 1.1267649396322668
  landing: 0.05366483610123396
  view-data: 0.22725761495530605
