times:
  edit-metadata: 2.7132957745343447
  landing: 0.19760547019541264
  view-data: 0.03960948809981346
