times:
  edit-metadata: 2.54464353621006
  landing: 0.054725680500268936
  view-data: 0.24497031047940254
