times:
  edit-metadata: 1.3138584939879365
  landing: 0.05164987200987525
  view-data: 0.3867067079991102
