times:
  landing: 1.0723149659999933
  view-data: 0.5592316469999901
