times:
  edit-metadata: 1.3572653059381992
  landing: 0.06038896692916751
  view-data: 0.2675999440252781
