times:
  edit-metadata: 1.6493838060414419
  landing: 1.0622128460090607
  view-data: 3.366656864993274
