times:
  edit-metadata: 2.2789488323032856
  landing: 0.023825072683393955
  view-data: 0.049677168019115925
