times:
  edit-metadata: 1.6001528538763523
  landing: 0.8759533762931824
  view-data: 3.3299054838716984
