times:
  edit-metadata: 1.4389763879589736
  landing: 0.05853597400709987
  view-data: 0.25796761084347963
