times:
  landing: 0.5474935550000168
  view-data: 0.5488999759999729
