times:
  edit-metadata: 2.2113764034584165
  landing: 0.1962810354307294
  view-data: 0.42691992688924074
