times:
  edit-metadata: 2.2681167412083596
  landing: 0.0613686868455261
  view-data: 0.3610518791247159
