times:
  edit-metadata: 3.0563854910433292
  landing: 1.7039678804576397
  view-data: 3.919002916663885
