times:
  edit-metadata: 2.7817420456558466
  landing: 0.22528455220162868
  view-data: 0.46509847417473793
