times:
  landing: 1.0766613339999935
  view-data: 0.5676519030000122
