times:
  landing: 0.5646631879999404
  view-data: 0.5586876529999927
