times:
  edit-metadata: 2.09826941229403
  landing: 0.2065300801768899
  view-data: 0.023465506732463837
