times:
  edit-metadata: 1.3647885269019753
  landing: 0.06002350407652557
  view-data: 0.27207808778621256
