times:
  edit-metadata: 1.329723916016519
  landing: 0.04246587189845741
  view-data: 0.22344115911982954
