times:
  edit-metadata: 2.9317254722118378
  landing: 0.6580737009644508
  view-data: 0.3868680763989687
