times:
  edit-metadata: 1.203531703009503
  landing: 0.08801746601238847
  view-data: 0.22124047900433652
