times:
  edit-metadata: 1.500440064817667
  landing: 0.9560956247150898
  view-data: 3.340431682765484
