times:
  edit-metadata: 1.380695954998373
  landing: 0.05386885500047356
  view-data: 0.2712230820034165
