times:
  edit-metadata: 2.3287083599716425
  landing: 0.022700723260641098
  view-data: 0.4124572332948446
