times:
  edit-metadata: 1.3172755390405655
  landing: 1.0926025472581387
  view-data: 3.3362689055502415
