times:
  edit-metadata: 1.4583171429112554
  landing: 0.9404408377595246
  view-data: 3.40717457793653
