times:
  edit-metadata: 1.1230016802437603
  landing: 0.04388159606605768
  view-data: 0.23844018578529358
