times:
  edit-metadata: 2.2699768971651793
  landing: 0.14303499646484852
  view-data: 0.12660538777709007
