times:
  edit-metadata: 2.1641969652846456
  landing: 0.02166852355003357
  view-data: 0.12322126049548388
