times:
  edit-metadata: 1.1392027512192726
  landing: 0.05083947302773595
  view-data: 0.21861560177057981
