times:
  edit-metadata: 1.1644500480033457
  landing: 0.04353903606534004
  view-data: 0.23512567672878504
