times:
  edit-metadata: 1.4269935609772801
  landing: 0.05959012731909752
  view-data: 0.28560499707236886
