times:
  landing: 1.175746193000009
  view-data: 0.5599023369999827
