times:
  edit-metadata: 2.2806888539344072
  landing: 0.14131233282387257
  view-data: 0.2955422159284353
