times:
  edit-metadata: 2.3133930200710893
  landing: 0.18418189510703087
  view-data: 0.4913880545645952
