times:
  edit-metadata: 2.259845950640738
  landing: 0.023738321848213673
  view-data: 0.026055552065372467
