times:
  edit-metadata: 2.1764025995507836
  landing: 0.10137525573372841
  view-data: 0.02731679007411003
