times:
  edit-metadata: 1.1912073930725455
  landing: 0.08150962693616748
  view-data: 0.23836769512854517
