times:
  landing: 0.5485077570000385
  view-data: 0.5585191960000202
