times:
  edit-metadata: 1.2913942818995565
  landing: 0.05776902800425887
  view-data: 0.2867086180485785
