times:
  edit-metadata: 2.1416448075324297
  landing: 0.02202398795634508
  view-data: 0.027105728164315224
