times:
  edit-metadata: 1.3463102371897548
  landing: 0.04959139018319547
  view-data: 0.24242487899027765
