times:
  edit-metadata: 2.576170425862074
  landing: 0.10793429240584373
  view-data: 0.2515008859336376
