times:
  edit-metadata: 1.230878574977396
  landing: 0.0511343999824021
  view-data: 0.216590410011122
