times:
  edit-metadata: 1.4551866427063942
  landing: 1.4870497900992632
  view-data: 3.3185869231820107
