times:
  landing: 0.5541033929999912
  view-data: 0.5513782130000209
