times:
  edit-metadata: 2.1541303154081106
  landing: 0.021141717210412025
  view-data: 0.02471358608454466
