times:
  edit-metadata: 2.903625575825572
  landing: 1.0831372644752264
  view-data: 0.595584087073803
