times:
  edit-metadata: 1.4741821140050888
  landing: 0.9597657360136509
  view-data: 3.339064771309495
