times:
  edit-metadata: 1.3485689228400588
  landing: 0.0483050299808383
  view-data: 0.28346473490819335
