times:
  edit-metadata: 2.7726269885897636
  landing: 0.6203715614974499
  view-data: 0.46027979627251625
