times:
  edit-metadata: 1.1491732499562204
  landing: 0.044890164863318205
  view-data: 0.22564555378630757
