times:
  edit-metadata: 1.3374417079612613
  landing: 0.0519398869946599
  view-data: 0.2625202010385692
