times:
  landing: 0.5582909649999976
  view-data: 0.5740049030000023
