times:
  landing: 1.6034613410000134
  view-data: 0.5673941530000093
