times:
  edit-metadata: 1.5006082225590944
  landing: 0.7210683841258287
  view-data: 3.414598796516657
