times:
  edit-metadata: 1.3909021453000605
  landing: 0.054234741255640984
  view-data: 0.25595995504409075
