times:
  edit-metadata: 1.1480728420428932
  landing: 0.052005068864673376
  view-data: 0.2220129920169711
