times:
  edit-metadata: 1.573558647185564
  landing: 0.7870248518884182
  view-data: 3.3880778532475233
