times:
  edit-metadata: 1.4111297568306327
  landing: 0.9110665870830417
  view-data: 3.366543754003942
