times:
  edit-metadata: 2.5379977263510227
  landing: 0.05510704591870308
  view-data: 0.24597526341676712
