times:
  edit-metadata: 1.4809142369776964
  landing: 0.9700823500752449
  view-data: 3.421401808038354
