times:
  landing: 0.5578539100000057
  view-data: 0.5594064070000115
