times:
  edit-metadata: 1.1777383401058614
  landing: 0.04958547605201602
  view-data: 0.23674702877178788
