times:
  edit-metadata: 2.1779508339241147
  landing: 0.021655783988535404
  view-data: 0.11690186988562346
