times:
  landing: 1.0815158670000073
  view-data: 0.5707791849999921
