times:
  landing: 0.5576804209999864
  view-data: 0.5572513229999458
