times:
  edit-metadata: 1.3913411237299442
  landing: 0.7502218633890152
  view-data: 3.317514080554247
