times:
  edit-metadata: 2.5920715034008026
  landing: 0.04676459729671478
  view-data: 0.2540176175534725
