times:
  edit-metadata: 1.3830159730277956
  landing: 0.04995548096485436
  view-data: 0.269265997922048
