times:
  landing: 0.5476590039999962
  view-data: 0.5479615069999966
