times:
  edit-metadata: 1.1718108132481575
  landing: 0.04077801899984479
  view-data: 0.2364545939490199
