times:
  edit-metadata: 1.8219167906790972
  landing: 1.1347810961306095
  view-data: 3.459557868540287
