times:
  edit-metadata: 2.448755705729127
  landing: 0.23794110864400864
  view-data: 0.3641148544847965
