times:
  edit-metadata: 1.175570834078826
  landing: 0.054069511010311544
  view-data: 0.22972132405266166
