times:
  edit-metadata: 2.5357989440017263
  landing: 0.046423839005001355
  view-data: 0.24784824100061087
