times:
  edit-metadata: 1.1214355546981096
  landing: 0.046680289320647717
  view-data: 0.22793552186340094
