times:
  edit-metadata: 1.7118629608303308
  landing: 0.051382947247475386
  view-data: 0.25600731978192925
