times:
  edit-metadata: 2.0881828162819147
  landing: 0.021175906993448734
  view-data: 0.025050511583685875
