times:
  landing: 1.081482861999973
  view-data: 0.5755780439999967
