times:
  edit-metadata: 1.167602059431374
  landing: 0.04300959222018719
  view-data: 0.23415318876504898
