times:
  edit-metadata: 1.507834006100893
  landing: 0.9174717888236046
  view-data: 3.3335529416799545
