times:
  edit-metadata: 1.4123026002198458
  landing: 0.9285230971872807
  view-data: 3.4526159204542637
