times:
  edit-metadata: 2.920791817829013
  landing: 0.1147057507187128
  view-data: 0.27404006011784077
