times:
  edit-metadata: 2.13286211527884
  landing: 0.11788646224886179
  view-data: 0.12452038191258907
