times:
  edit-metadata: 1.798073801677674
  landing: 0.06480262661352754
  view-data: 0.35798497684299946
