times:
  edit-metadata: 1.8727818049956113
  landing: 0.9337203750619665
  view-data: 3.345803466043435
