times:
  landing: 0.5475916959999836
  view-data: 0.556227812000003
