times:
  edit-metadata: 1.5532781668007374
  landing: 0.9131787717342377
  view-data: 3.4014446549117565
