times:
  edit-metadata: 2.1223311871290207
  landing: 0.11269680596888065
  view-data: 0.09897412825375795
