times:
  edit-metadata: 2.7262774761766195
  landing: 0.9310963731259108
  view-data: 0.2559934891760349
