times:
  edit-metadata: 1.5616308934986591
  landing: 1.1635142229497433
  view-data: 3.41261588037014
