times:
  edit-metadata: 1.1802805949700996
  landing: 0.042805691016837955
  view-data: 0.22225478698965162
