times:
  landing: 1.0827789869999833
  view-data: 0.568004449
