times:
  edit-metadata: 1.5186577644199133
  landing: 0.817505769431591
  view-data: 3.4033546652644873
