times:
  edit-metadata: 1.2529520681127906
  landing: 0.04819388804025948
  view-data: 0.23619404109194875
