times:
  landing: 0.5495800140000142
  view-data: 0.5595826709999869
