times:
  landing: 0.5561436299999514
  view-data: 0.6058949270000085
