times:
  edit-metadata: 1.1762319481931627
  landing: 0.05562202772125602
  view-data: 0.24043779587373137
