times:
  edit-metadata: 1.1915448349900544
  landing: 0.04702190589159727
  view-data: 0.24126834701746702
