times:
  edit-metadata: 1.1699456763453782
  landing: 0.046362662222236395
  view-data: 0.22861922066658735
