times:
  edit-metadata: 1.4486830409732647
  landing: 0.06324923597276211
  view-data: 0.3994389289873652
