times:
  edit-metadata: 1.533345628529787
  landing: 0.9498152546584606
  view-data: 3.412356913089752
