times:
  edit-metadata: 2.8563029803335667
  landing: 0.9919807501137257
  view-data: 0.3900746237486601
