times:
  edit-metadata: 1.1634950870648026
  landing: 0.05289372708648443
  view-data: 0.23470338061451912
