times:
  edit-metadata: 2.2617781795561314
  landing: 0.01900327391922474
  view-data: 0.22900384478271008
