times:
  edit-metadata: 2.153000757098198
  landing: 0.01831783913075924
  view-data: 0.243136340752244
