times:
  edit-metadata: 2.8172645270824432
  landing: 1.5225421506911516
  view-data: 0.2508551701903343
