times:
  edit-metadata: 1.3224903580266982
  landing: 0.06921336706727743
  view-data: 0.23280350002460182
