times:
  edit-metadata: 1.4943444393575191
  landing: 0.9450486786663532
  view-data: 3.3989382162690163
