times:
  edit-metadata: 1.1703238049522042
  landing: 0.04765372909605503
  view-data: 0.23060977831482887
