times:
  edit-metadata: 2.400301208719611
  landing: 0.14183700270950794
  view-data: 0.12759784422814846
