times:
  edit-metadata: 1.498284699395299
  landing: 0.8442495223134756
  view-data: 3.39008841663599
