times:
  edit-metadata: 1.6140450984239578
  landing: 1.010113101452589
  view-data: 3.3731974735856056
