times:
  edit-metadata: 1.1790926894173026
  landing: 0.057097549084573984
  view-data: 0.2567098690196872
