times:
  edit-metadata: 1.8296955823898315
  landing: 1.1028836704790592
  view-data: 3.388824824243784
