times:
  edit-metadata: 1.293179923988646
  landing: 0.04807185000390746
  view-data: 0.4012958749954123
