times:
  edit-metadata: 1.412154946476221
  landing: 0.9440710470080376
  view-data: 3.3070553988218307
