times:
  landing: 1.1077282769999783
  view-data: 0.556543468000001
