times:
  edit-metadata: 1.5181135572493076
  landing: 0.8454328048974276
  view-data: 3.4450624231249094
