times:
  edit-metadata: 2.3951395209878683
  landing: 0.018238956108689308
  view-data: 0.031836509704589844
