times:
  edit-metadata: 1.515629706904292
  landing: 0.8036311194300652
  view-data: 3.4008121080696583
