times:
  edit-metadata: 1.1698197023943067
  landing: 0.05470185913145542
  view-data: 0.22658372856676579
