times:
  landing: 0.5581530770000427
  view-data: 0.5606977899999492
