times:
  edit-metadata: 1.3915643468499184
  landing: 0.9486611001193523
  view-data: 3.335047908127308
