times:
  edit-metadata: 2.7746805734932423
  landing: 0.8092308416962624
  view-data: 0.2621645014733076
