times:
  edit-metadata: 1.2040627009700984
  landing: 0.04696499998681247
  view-data: 0.22439521993510425
