times:
  edit-metadata: 1.3683220520615578
  landing: 0.8478904403746128
  view-data: 3.3365471325814724
