times:
  edit-metadata: 2.8724914118647575
  landing: 0.5744659993797541
  view-data: 0.6758573390543461
