times:
  edit-metadata: 2.8562857806682587
  landing: 0.4978391360491514
  view-data: 0.280603040009737
