times:
  landing: 0.5466842419999978
  view-data: 0.5505499909999969
