times:
  edit-metadata: 1.1876884461380541
  landing: 0.04840267891995609
  view-data: 0.21661224216222763
