times:
  landing: 0.5708345639999379
  view-data: 0.5633228570000028
