times:
  edit-metadata: 2.1182011626660824
  landing: 0.021479899063706398
  view-data: 0.02927633374929428
