times:
  edit-metadata: 1.455923673696816
  landing: 0.7423472059890628
  view-data: 3.3985663475468755
