times:
  edit-metadata: 1.6378822289407253
  landing: 1.0175860598683357
  view-data: 3.320455349981785
