times:
  edit-metadata: 2.1647926699370146
  landing: 0.022443978115916252
  view-data: 0.11485702637583017
