times:
  edit-metadata: 2.517435409128666
  landing: 0.10925591364502907
  view-data: 0.26160643994808197
