times:
  edit-metadata: 2.276403173804283
  landing: 0.21812670677900314
  view-data: 0.24250995181500912
