times:
  edit-metadata: 1.4654420167207718
  landing: 0.9021556340157986
  view-data: 3.4109225049614906
