times:
  landing: 0.5507007570000155
  view-data: 0.5869649750000008
