times:
  edit-metadata: 2.4979954957962036
  landing: 0.1099604181945324
  view-data: 0.25677675008773804
