times:
  edit-metadata: 2.1772727267816663
  landing: 0.11618720460683107
  view-data: 0.026417531073093414
