times:
  edit-metadata: 2.8329337760806084
  landing: 0.9031108673661947
  view-data: 0.4588934388011694
