times:
  edit-metadata: 2.3217320507392287
  landing: 0.02053664904087782
  view-data: 0.024178573861718178
