times:
  edit-metadata: 1.8239941895008087
  landing: 1.1674117110669613
  view-data: 3.482182308100164
