times:
  landing: 0.5479591970000115
  view-data: 0.5521864689999916
