times:
  edit-metadata: 1.696575011999812
  landing: 0.06168194598285481
  view-data: 0.3363941550196614
