times:
  edit-metadata: 1.3614437328651547
  landing: 0.062346276827156544
  view-data: 0.25963430292904377
