times:
  edit-metadata: 1.6269534453749657
  landing: 1.2082896493375301
  view-data: 3.332250539213419
