times:
  edit-metadata: 2.23129459656775
  landing: 0.019565211609005928
  view-data: 0.1009814701974392
