times:
  edit-metadata: 1.3734418679960072
  landing: 0.06093108799541369
  view-data: 0.2696359470137395
