times:
  edit-metadata: 1.3067271260078996
  landing: 0.06165160704404116
  view-data: 0.2825493519194424
