times:
  edit-metadata: 1.2470989520661533
  landing: 0.055272774770855904
  view-data: 0.23814087826758623
