times:
  edit-metadata: 1.1980708204209805
  landing: 0.05886072851717472
  view-data: 0.2345908535644412
