times:
  edit-metadata: 2.2823190232738853
  landing: 0.14743321482092142
  view-data: 0.45414165779948235
