times:
  edit-metadata: 2.538194965571165
  landing: 0.05046331509947777
  view-data: 0.24659213423728943
