times:
  edit-metadata: 1.3489507510093972
  landing: 0.0692798289237544
  view-data: 0.2667140270350501
