times:
  edit-metadata: 1.368591882986948
  landing: 0.057956830016337335
  view-data: 0.2664149150950834
