times:
  edit-metadata: 1.4166918396949768
  landing: 1.0149527378380299
  view-data: 3.3017560690641403
