times:
  edit-metadata: 2.1733401715755463
  landing: 0.11709178425371647
  view-data: 0.11872236523777246
