times:
  edit-metadata: 2.1493184082210064
  landing: 0.022536550648510456
  view-data: 0.02531195990741253
