times:
  edit-metadata: 1.5746896024793386
  landing: 0.8035431988537312
  view-data: 3.449416544288397
