times:
  edit-metadata: 1.41144884750247
  landing: 0.8518156744539738
  view-data: 3.2876720689237118
