times:
  landing: 0.5613057010000091
  view-data: 0.570223010999996
