times:
  edit-metadata: 2.256816169247031
  landing: 0.022724656388163567
  view-data: 0.027917567640542984
