times:
  edit-metadata: 1.2798417792655528
  landing: 0.052991684060543776
  view-data: 0.226150156930089
