times:
  landing: 0.5520194879999281
  view-data: 0.5456706999999597
