times:
  edit-metadata: 1.2105148257687688
  landing: 0.05406685313209891
  view-data: 0.2275861813686788
