times:
  edit-metadata: 2.663672039285302
  landing: 0.22625548392534256
  view-data: 0.12757726199924946
