times:
  landing: 0.5531025650000174
  view-data: 0.6058199860000002
