times:
  edit-metadata: 1.4456859417259693
  landing: 0.8122474001720548
  view-data: 3.3655883097089827
