times:
  landing: 0.6080946600000061
  view-data: 0.5601770030000353
