times:
  edit-metadata: 2.911391206085682
  landing: 1.1441568098962307
  view-data: 0.7161168362945318
