times:
  landing: 0.5572407769998335
  view-data: 0.5741242599999623
