times:
  edit-metadata: 1.4979629795998335
  landing: 0.9167069755494595
  view-data: 3.4095072392374277
