times:
  edit-metadata: 1.2983524709707126
  landing: 0.05604622093960643
  view-data: 0.2700772709213197
