times:
  edit-metadata: 1.5256422087550163
  landing: 0.7911727633327246
  view-data: 3.3744486831128597
