times:
  edit-metadata: 1.4478108193725348
  landing: 0.9132992029190063
  view-data: 3.3599887266755104
