times:
  edit-metadata: 1.1478406372480094
  landing: 0.051748196594417095
  view-data: 0.2483335710130632
