times:
  landing: 0.6975746299999912
  view-data: 0.5619262179999964
