times:
  edit-metadata: 2.1419281102716923
  landing: 0.018330339342355728
  view-data: 0.026962684467434883
