times:
  edit-metadata: 2.8088159412145615
  landing: 0.15946808457374573
  view-data: 0.28270159009844065
