times:
  edit-metadata: 2.6245653219521046
  landing: 0.10150496661663055
  view-data: 0.25199685618281364
