times:
  edit-metadata: 3.6655695689842105
  landing: 0.5505143068730831
  view-data: 0.7962830401957035
