times:
  edit-metadata: 1.5256359092891216
  landing: 0.7992944195866585
  view-data: 3.400187650695443
