times:
  edit-metadata: 2.165867858566344
  landing: 0.021817793138325214
  view-data: 0.026650729589164257
