times:
  edit-metadata: 1.4421137571334839
  landing: 0.9531259462237358
  view-data: 3.3268404491245747
