times:
  edit-metadata: 1.3273028100375086
  landing: 0.053225164068862796
  view-data: 0.24718778696842492
