times:
  edit-metadata: 1.5213446449488401
  landing: 0.8171075396239758
  view-data: 3.4104207269847393
