times:
  edit-metadata: 2.5583200864493847
  landing: 0.04999157041311264
  view-data: 0.24950344115495682
