times:
  landing: 1.116396581999993
  view-data: 0.5664678570000206
