times:
  edit-metadata: 2.8862807154655457
  landing: 0.022154930979013443
  view-data: 0.15483572706580162
