times:
  edit-metadata: 2.344286607578397
  landing: 0.14324794709682465
  view-data: 0.03054717928171158
