times:
  edit-metadata: 1.5356025740038604
  landing: 0.08922505204100162
  view-data: 0.2289456051075831
