times:
  edit-metadata: 3.8135609813034534
  landing: 1.3259388320147991
  view-data: 3.3423708230257034
