times:
  edit-metadata: 1.5363325700163841
  landing: 0.938553936779499
  view-data: 3.416839051991701
