times:
  edit-metadata: 1.2088166773319244
  landing: 0.04380881227552891
  view-data: 0.22688517766073346
