times:
  edit-metadata: 1.1304454039782286
  landing: 0.05141478916630149
  view-data: 0.21887605031952262
