times:
  edit-metadata: 2.250762078911066
  landing: 0.021377290599048138
  view-data: 0.025508581660687923
