times:
  edit-metadata: 1.288526855991222
  landing: 0.04986634501256049
  view-data: 0.26808238006196916
