times:
  edit-metadata: 1.6235685629944783
  landing: 0.12112004301161505
  view-data: 0.29177873698063195
