times:
  edit-metadata: 1.544527892023325
  landing: 0.8658291213214397
  view-data: 3.415960665792227
