times:
  landing: 0.5805536400000051
  view-data: 1.6064546679999694
