times:
  edit-metadata: 1.3874448984861374
  landing: 0.9376417472958565
  view-data: 3.4009518176317215
