times:
  edit-metadata: 1.3758332119323313
  landing: 0.062183317029848695
  view-data: 0.29865956492722034
