times:
  edit-metadata: 1.4789477419108152
  landing: 0.9366157706826925
  view-data: 3.3996441811323166
