times:
  landing: 1.0941513799999996
  view-data: 0.5559728830000097
