times:
  edit-metadata: 2.412640193477273
  landing: 0.21609606593847275
  view-data: 0.027813967317342758
