times:
  landing: 0.5563820469999996
  view-data: 0.6208162069999617
