times:
  edit-metadata: 1.4450533278286457
  landing: 0.9345360472798347
  view-data: 3.362800046801567
