times:
  edit-metadata: 2.121411407366395
  landing: 0.02071169577538967
  view-data: 0.21078816335648298
