times:
  edit-metadata: 2.3840068876743317
  landing: 0.5700813606381416
  view-data: 0.2570826821029186
