times:
  edit-metadata: 1.4120820797979832
  landing: 1.023209247738123
  view-data: 3.3567858822643757
