times:
  edit-metadata: 2.137495563365519
  landing: 0.020199627615511417
  view-data: 0.11723157577216625
