times:
  edit-metadata: 3.1239536460489035
  landing: 3.038520025089383
  view-data: 0.6070422232151031
