times:
  edit-metadata: 1.2765355149749666
  landing: 0.04812680394388735
  view-data: 0.28135294595267624
