times:
  edit-metadata: 2.878723392263055
  landing: 0.7456351667642593
  view-data: 0.2554582115262747
