times:
  edit-metadata: 2.455258756875992
  landing: 0.021736444905400276
  view-data: 0.10298466868698597
