times:
  edit-metadata: 2.9141636937856674
  landing: 0.5603317320346832
  view-data: 0.37655413895845413
