times:
  edit-metadata: 1.5960791930556297
  landing: 1.0239251293241978
  view-data: 3.367050852626562
