times:
  edit-metadata: 1.5367269814014435
  landing: 0.8538069035857916
  view-data: 3.4399873353540897
