times:
  edit-metadata: 1.573857769020833
  landing: 0.09435466793365777
  view-data: 0.5657287419307977
