times:
  edit-metadata: 2.3186792824417353
  landing: 0.13938738405704498
  view-data: 0.3630131483078003
