times:
  edit-metadata: 1.2962947371415794
  landing: 0.8130524298176169
  view-data: 3.2841042070649564
