times:
  edit-metadata: 1.5402993876487017
  landing: 0.8096602950245142
  view-data: 3.393591435626149
