times:
  edit-metadata: 1.4379320859443396
  landing: 0.04847623989917338
  view-data: 0.26016632199753076
