times:
  edit-metadata: 1.1630275569623336
  landing: 0.05269683804363012
  view-data: 0.22414658701745793
