times:
  landing: 1.0840765730000044
  view-data: 0.5675116790000061
