times:
  edit-metadata: 1.7666378524154425
  landing: 29.671777945011854
  view-data: 3.427372181788087
