times:
  edit-metadata: 1.375643659150228
  landing: 0.05616754502989352
  view-data: 0.2789842679630965
