times:
  edit-metadata: 1.200760612031445
  landing: 0.04939049715176225
  view-data: 0.22174901189282537
