times:
  landing: 2.108071738000035
  view-data: 0.5659767349999925
