times:
  edit-metadata: 2.5049661304801702
  landing: 0.01977335661649704
  view-data: 0.025526219978928566
