times:
  edit-metadata: 1.1943383920006454
  landing: 0.044336257968097925
  view-data: 0.21977454191073775
