times:
  edit-metadata: 1.1562331225723028
  landing: 0.05148060340434313
  view-data: 0.23169001284986734
