times:
  edit-metadata: 2.476920196786523
  landing: 0.1354062594473362
  view-data: 0.1409070212393999
