times:
  edit-metadata: 1.173415930941701
  landing: 0.046294040977954865
  view-data: 0.2526622102595866
