times:
  edit-metadata: 2.141130088828504
  landing: 0.11569829192012548
  view-data: 0.11819732934236526
