times:
  edit-metadata: 1.2037430298514664
  landing: 0.0490566692315042
  view-data: 0.223539711907506
