times:
  edit-metadata: 1.138569565024227
  landing: 0.0555598777718842
  view-data: 0.23078869795426726
