times:
  edit-metadata: 2.165278311818838
  landing: 0.023121307604014874
  view-data: 0.026062939316034317
