times:
  edit-metadata: 1.5110583268105984
  landing: 0.7993183471262455
  view-data: 3.455387005582452
