times:
  edit-metadata: 2.2628974094986916
  landing: 0.01953967660665512
  view-data: 0.022463524714112282
