times:
  edit-metadata: 1.1718113385140896
  landing: 0.04415573086589575
  view-data: 0.23317656479775906
