times:
  edit-metadata: 1.416320577263832
  landing: 0.8671304062008858
  view-data: 3.3580276034772396
