times:
  edit-metadata: 1.1852787174284458
  landing: 0.04993932228535414
  view-data: 0.22428596299141645
