times:
  landing: 0.6034550600000159
  view-data: 0.5596038650000139
