times:
  landing: 0.602034475000039
  view-data: 0.5679807949999827
