times:
  edit-metadata: 2.128499529324472
  landing: 0.024126882664859295
  view-data: 0.026556573808193207
