times:
  edit-metadata: 1.4399367269943468
  landing: 0.08960915298666805
  view-data: 0.28404582501389086
