times:
  edit-metadata: 2.857396325096488
  landing: 0.8951683398336172
  view-data: 0.3613680675625801
