times:
  edit-metadata: 2.1688242638483644
  landing: 0.022562799975275993
  view-data: 0.1175068961456418
