times:
  edit-metadata: 2.141790742985904
  landing: 0.021525711752474308
  view-data: 0.4144889973104
