times:
  edit-metadata: 2.652414858341217
  landing: 1.1856404803693295
  view-data: 3.809686901047826
