times:
  edit-metadata: 1.4131868733093143
  landing: 0.8266227021813393
  view-data: 3.3244982976466417
