times:
  edit-metadata: 4.465311801061034
  landing: 0.16834071278572083
  view-data: 0.025326024740934372
