times:
  edit-metadata: 1.3936182570178062
  landing: 0.7754572629928589
  view-data: 3.371395858936012
