times:
  edit-metadata: 2.144471171312034
  landing: 0.024732772260904312
  view-data: 0.12212060764431953
