times:
  edit-metadata: 2.855630721896887
  landing: 0.055671997368335724
  view-data: 0.2521621249616146
