times:
  edit-metadata: 2.098974082618952
  landing: 0.02028267178684473
  view-data: 0.12105077877640724
