times:
  edit-metadata: 1.2560898894444108
  landing: 0.8267154758796096
  view-data: 3.253448457457125
