times:
  edit-metadata: 2.2809736877679825
  landing: 0.16896585933864117
  view-data: 0.13309412263333797
