times:
  edit-metadata: 2.7771527525037527
  landing: 0.5766495186835527
  view-data: 0.6707992721349001
