times:
  edit-metadata: 1.3788414201699197
  landing: 0.05575667507946491
  view-data: 0.2855531598906964
