times:
  edit-metadata: 2.5384747739881277
  landing: 0.2602521516382694
  view-data: 0.3703020606189966
