times:
  edit-metadata: 2.196054154075682
  landing: 0.2141565615311265
  view-data: 0.4637187635526061
