times:
  edit-metadata: 1.5032125189900398
  landing: 0.9470112398266792
  view-data: 3.3658366869203746
