times:
  edit-metadata: 2.0603009443730116
  landing: 0.8963001538068056
  view-data: 0.37044696882367134
