times:
  edit-metadata: 1.253109330078587
  landing: 0.04952430701814592
  view-data: 0.23613449395634234
