times:
  edit-metadata: 2.5432157292962074
  landing: 0.11007852479815483
  view-data: 0.24172552675008774
