times:
  edit-metadata: 2.7581510599702597
  landing: 0.2464787345379591
  view-data: 0.10105801559984684
