times:
  edit-metadata: 1.439931399654597
  landing: 0.06097484100610018
  view-data: 0.25670977961272
