times:
  edit-metadata: 1.509708990008221
  landing: 0.06365757700405084
  view-data: 0.27122810800210573
