times:
  landing: 0.5561759150000114
  view-data: 0.5595388239999863
