times:
  landing: 1.0934104009999714
  view-data: 0.6181726610000169
