times:
  edit-metadata: 1.5304767563939095
  landing: 0.8774954630061984
  view-data: 3.3395617604255676
