times:
  landing: 0.5550431080000067
  view-data: 0.5671252479999964
