times:
  edit-metadata: 1.2898486939957365
  landing: 0.0489112309878692
  view-data: 0.23751274798996747
