times:
  edit-metadata: 2.276630281470716
  landing: 0.17307117581367493
  view-data: 0.02419056836515665
