times:
  edit-metadata: 1.4565293459454551
  landing: 0.05561896797735244
  view-data: 0.27175915299449116
