times:
  edit-metadata: 1.2464486360549927
  landing: 0.09475883399136364
  view-data: 0.22915514511987567
