times:
  edit-metadata: 1.2367531950585544
  landing: 0.04717753897421062
  view-data: 0.24938027397729456
