times:
  edit-metadata: 1.2678754278458655
  landing: 0.05510840658098459
  view-data: 0.23990069003775716
