times:
  edit-metadata: 1.2470973571762443
  landing: 0.05106023303233087
  view-data: 0.2480610788334161
