times:
  edit-metadata: 1.3193623223342001
  landing: 0.05567253101617098
  view-data: 0.25276141287758946
