times:
  edit-metadata: 1.3134028557687998
  landing: 0.7927226275205612
  view-data: 3.2891732063144445
