times:
  edit-metadata: 2.3096261955797672
  landing: 0.020877890288829803
  view-data: 0.02434580773115158
