times:
  edit-metadata: 1.3807577479165047
  landing: 0.8614599590655416
  view-data: 3.317933354061097
