times:
  edit-metadata: 2.2789479605853558
  landing: 0.19536839798092842
  view-data: 0.027020925655961037
