times:
  edit-metadata: 1.9633169518783689
  landing: 1.285171905066818
  view-data: 3.3219475569203496
