times:
  edit-metadata: 2.5309800691902637
  landing: 0.05484465882182121
  view-data: 0.24003570899367332
