times:
  edit-metadata: 1.1784842917695642
  landing: 0.045171304140239954
  view-data: 0.2376334322616458
