times:
  edit-metadata: 1.5132581572979689
  landing: 0.8124115895479918
  view-data: 3.5865180771797895
