times:
  landing: 1.078580044000006
  view-data: 0.5449709380000058
