times:
  edit-metadata: 1.2420716350898147
  landing: 0.04324764618650079
  view-data: 0.2375608291476965
