times:
  edit-metadata: 1.2830115150427446
  landing: 0.0520172449760139
  view-data: 0.25623290601652116
