times:
  edit-metadata: 1.2135995300486684
  landing: 0.09187061502598226
  view-data: 0.22318811900913715
