times:
  edit-metadata: 2.216298531740904
  landing: 0.19494516775012016
  view-data: 0.3320592176169157
