times:
  edit-metadata: 1.20930862496607
  landing: 0.09167881507892162
  view-data: 0.2542929310584441
