times:
  edit-metadata: 1.2505889679305255
  landing: 0.04845551121979952
  view-data: 0.22336954111233354
