times:
  edit-metadata: 2.8475960474461317
  landing: 1.126053674146533
  view-data: 0.6436069533228874
