times:
  edit-metadata: 1.3082014210522175
  landing: 0.0536023760214448
  view-data: 0.22152855899184942
