times:
  edit-metadata: 1.5237290151417255
  landing: 0.8419334571808577
  view-data: 3.3817554600536823
