times:
  edit-metadata: 1.3602572586387396
  landing: 0.871305693872273
  view-data: 3.3985063694417477
