times:
  landing: 0.5534525619999897
  view-data: 0.5685373169999934
