times:
  edit-metadata: 2.820587083697319
  landing: 0.7638623509556055
  view-data: 0.5174762159585953
