times:
  edit-metadata: 2.2400133907794952
  landing: 0.2006872808560729
  view-data: 0.25526490062475204
