times:
  edit-metadata: 1.115955846849829
  landing: 0.0440091653726995
  view-data: 0.236445807851851
