times:
  edit-metadata: 1.2035120510263368
  landing: 0.09225749201141298
  view-data: 0.23171926499344409
