times:
  edit-metadata: 2.927128627896309
  landing: 0.6939441934227943
  view-data: 0.2649792432785034
