times:
  edit-metadata: 1.572255838662386
  landing: 1.0339174531400204
  view-data: 3.306590296328068
