times:
  edit-metadata: 1.192408777307719
  landing: 0.04655210813507438
  view-data: 0.23510482581332326
