times:
  edit-metadata: 1.2729556718841195
  landing: 0.06305846991017461
  view-data: 0.22495745308697224
