times:
  edit-metadata: 2.2567774578928947
  landing: 0.9710119739174843
  view-data: 3.4018001928925514
