times:
  edit-metadata: 2.147094001993537
  landing: 0.022811957634985447
  view-data: 0.12102990783751011
