times:
  edit-metadata: 1.5165925491601229
  landing: 0.8289821278303862
  view-data: 4.603780196979642
