times:
  edit-metadata: 2.818704189732671
  landing: 0.022757593542337418
  view-data: 0.3486200552433729
