times:
  edit-metadata: 2.012801006436348
  landing: 1.3030000813305378
  view-data: 3.568528637290001
