times:
  edit-metadata: 2.1714432798326015
  landing: 0.021135960705578327
  view-data: 0.12113222386687994
