times:
  edit-metadata: 2.241294350475073
  landing: 1.5006351806223392
  view-data: 0.3321601580828428
