times:
  edit-metadata: 2.0075558181852102
  landing: 1.5507267359644175
  view-data: 0.33080145716667175
