times:
  landing: 0.5614730430000066
  view-data: 0.5601645300000087
