times:
  edit-metadata: 2.1808264115825295
  landing: 0.02156808879226446
  view-data: 0.10157267097383738
