times:
  edit-metadata: 1.2883574152365327
  landing: 0.08948289277032018
  view-data: 0.26792166614905
