times:
  edit-metadata: 1.5037615317851305
  landing: 0.8882098197937012
  view-data: 3.4309945330023766
