times:
  edit-metadata: 1.4464426059275866
  landing: 0.9436582531780005
  view-data: 3.38028509542346
