times:
  edit-metadata: 3.808259538374841
  landing: 0.33041047025471926
  view-data: 0.48970710951834917
