times:
  edit-metadata: 2.2779316660016775
  landing: 0.021038634702563286
  view-data: 0.025410206988453865
