times:
  edit-metadata: 1.7537230520974845
  landing: 0.9030887980479747
  view-data: 3.4192738831043243
