times:
  edit-metadata: 1.2065699021331966
  landing: 0.044807180762290955
  view-data: 0.22578174294903874
