times:
  edit-metadata: 2.54510647803545
  landing: 0.10657461360096931
  view-data: 0.2512275017797947
