times:
  edit-metadata: 1.4460736450273544
  landing: 0.06354177591856569
  view-data: 0.26967658603098243
