times:
  edit-metadata: 1.4045636770315468
  landing: 0.05701096903067082
  view-data: 0.26176087802741677
