times:
  landing: 1.0624393730000747
  view-data: 0.5488726890000635
