times:
  edit-metadata: 1.1813402059487998
  landing: 0.05607182998210192
  view-data: 0.25378664769232273
