times:
  edit-metadata: 1.2643635626882315
  landing: 0.05389125971123576
  view-data: 0.3918804149143398
