times:
  edit-metadata: 2.1070471657440066
  landing: 0.18576435279101133
  view-data: 0.19586271420121193
