times:
  landing: 0.5542012410000154
  view-data: 0.5606982870000081
