times:
  landing: 0.5862305079999715
  view-data: 0.5600248149999061
