times:
  edit-metadata: 1.4813139792531729
  landing: 0.8140208590775728
  view-data: 3.4131123553961515
