times:
  edit-metadata: 1.165305675007403
  landing: 0.08974196796771139
  view-data: 0.232989692944102
