times:
  edit-metadata: 2.1312886653468013
  landing: 0.17733254376798868
  view-data: 0.24926362466067076
