times:
  edit-metadata: 2.625099666416645
  landing: 1.184652904048562
  view-data: 0.46747428737580776
