times:
  edit-metadata: 2.8060475513339043
  landing: 0.30765253491699696
  view-data: 0.28502230532467365
