times:
  edit-metadata: 1.3491566749289632
  landing: 0.06659951992332935
  view-data: 0.26862822473049164
