times:
  edit-metadata: 2.132011773996055
  landing: 0.02176561113446951
  view-data: 0.11927664838731289
