times:
  landing: 0.5585040270000263
  view-data: 0.5582477250000011
