times:
  landing: 1.1219549600000391
  view-data: 0.5566579189999175
