times:
  edit-metadata: 2.122566227801144
  landing: 0.022121514193713665
  view-data: 0.10373268742114305
