times:
  edit-metadata: 2.445337265729904
  landing: 0.0194985494017601
  view-data: 0.393909165635705
