times:
  edit-metadata: 2.7801759764552116
  landing: 0.6839582473039627
  view-data: 0.2926059290766716
