times:
  edit-metadata: 2.167420919984579
  landing: 0.024038806557655334
  view-data: 0.025850217789411545
