times:
  landing: 0.5435382450000361
  view-data: 0.543320212000026
