times:
  edit-metadata: 2.884868085384369
  landing: 0.8643225710839033
  view-data: 0.3768088836222887
