times:
  edit-metadata: 1.390109196305275
  landing: 0.8377309599891305
  view-data: 3.3785322327166796
