times:
  landing: 0.5668829219999907
  view-data: 0.5558398699999998
