times:
  edit-metadata: 1.597614450380206
  landing: 0.8923003729432821
  view-data: 3.419554725289345
