times:
  edit-metadata: 2.152651770040393
  landing: 0.020221922546625137
  view-data: 0.11697976011782885
