times:
  edit-metadata: 2.5312769543379545
  landing: 0.168009165674448
  view-data: 0.1593575719743967
