times:
  edit-metadata: 2.912540588527918
  landing: 0.5425131134688854
  view-data: 0.27643021382391453
