times:
  landing: 1.0740440590000162
  view-data: 0.5669828040000198
