times:
  edit-metadata: 2.253972791135311
  landing: 0.021478747949004173
  view-data: 0.12384442426264286
