times:
  landing: 0.552151374999994
  view-data: 0.5670777870000165
