times:
  edit-metadata: 1.4511440806090832
  landing: 0.8170584626495838
  view-data: 3.3204365111887455
