times:
  edit-metadata: 2.557338450103998
  landing: 0.047000691294670105
  view-data: 0.24582260847091675
