times:
  edit-metadata: 1.4564492721110582
  landing: 0.7768521700054407
  view-data: 3.3571615237742662
