times:
  edit-metadata: 1.4373794990824535
  landing: 0.9734824169427156
  view-data: 3.328581147012301
