times:
  edit-metadata: 1.364880833774805
  landing: 0.9626964032649994
  view-data: 3.5984107479453087
