times:
  edit-metadata: 1.5194982923567295
  landing: 0.7921034470200539
  view-data: 3.35141808539629
