times:
  edit-metadata: 1.7270226757973433
  landing: 1.0776302330195904
  view-data: 3.362208751961589
