times:
  edit-metadata: 2.1226689387112856
  landing: 0.02002442069351673
  view-data: 0.02442543301731348
