times:
  edit-metadata: 1.1460804692469537
  landing: 0.048087297938764095
  view-data: 0.22895790403708816
