times:
  landing: 1.1240172319999715
  view-data: 0.5635007890000452
