times:
  edit-metadata: 1.4983136169612408
  landing: 0.9302157983183861
  view-data: 3.366293340921402
