times:
  landing: 0.550689650999999
  view-data: 0.5543324900000073
