times:
  edit-metadata: 1.2043678727932274
  landing: 0.055648116394877434
  view-data: 0.2332276781089604
