times:
  edit-metadata: 2.918707512319088
  landing: 1.620254909619689
  view-data: 0.6361055187880993
