times:
  edit-metadata: 2.2629957459867
  landing: 0.2106210682541132
  view-data: 0.0257098525762558
