times:
  edit-metadata: 1.9861013554036617
  landing: 1.1033870540559292
  view-data: 3.3997805193066597
