times:
  edit-metadata: 1.144782219082117
  landing: 0.055762027855962515
  view-data: 0.2306269546970725
