times:
  landing: 0.57334049800005
  view-data: 0.5652768620000188
