times:
  edit-metadata: 1.1692823749035597
  landing: 0.05316594522446394
  view-data: 0.23325209878385067
