times:
  edit-metadata: 1.2062280150130391
  landing: 0.0517227080417797
  view-data: 0.22339802095666528
