times:
  edit-metadata: 1.9134030900895596
  landing: 0.1113027767278254
  view-data: 0.30916459299623966
