times:
  edit-metadata: 1.778545044362545
  landing: 1.2308835871517658
  view-data: 3.305549655109644
