times:
  edit-metadata: 2.787242053076625
  landing: 0.9009307436645031
  view-data: 0.2769077718257904
