times:
  edit-metadata: 2.883137559518218
  landing: 0.5853670164942741
  view-data: 0.6750624626874924
