times:
  edit-metadata: 1.2278802986256778
  landing: 0.05275910394266248
  view-data: 0.2520893309265375
