times:
  landing: 0.5562439469999845
  view-data: 0.5509593479999921
