times:
  edit-metadata: 1.304626592900604
  landing: 0.054654818028211594
  view-data: 0.28856062376871705
