times:
  edit-metadata: 2.1923413146287203
  landing: 0.7025560308247805
  view-data: 0.2589263003319502
