times:
  edit-metadata: 1.1458242288790643
  landing: 0.05052892118692398
  view-data: 0.23108619498088956
