times:
  edit-metadata: 2.1151319248601794
  landing: 0.121042899787426
  view-data: 0.02825894858688116
