times:
  edit-metadata: 1.4326072219992056
  landing: 0.05294000101275742
  view-data: 0.2634935159003362
