times:
  edit-metadata: 2.1491985516622663
  landing: 0.21998074185103178
  view-data: 0.025723857805132866
