times:
  edit-metadata: 2.5561779029667377
  landing: 0.048636890947818756
  view-data: 0.23966079577803612
