times:
  edit-metadata: 1.4645816311240196
  landing: 0.8996065687388182
  view-data: 3.3846565037965775
