times:
  edit-metadata: 2.3449353761970997
  landing: 0.1351291798055172
  view-data: 0.02517036162316799
