times:
  edit-metadata: 1.535287570208311
  landing: 1.0712348520755768
  view-data: 3.4024240970611572
