times:
  edit-metadata: 2.149230138398707
  landing: 0.020700703375041485
  view-data: 0.23018316645175219
