times:
  edit-metadata: 1.5330731961876154
  landing: 0.814844086766243
  view-data: 3.3797179888933897
