times:
  edit-metadata: 1.1878359010443091
  landing: 0.04653232399141416
  view-data: 0.22829467104747891
