times:
  landing: 1.0820921680000026
  view-data: 0.5661930020000057
