times:
  edit-metadata: 1.4235240048728883
  landing: 0.05623936466872692
  view-data: 0.27140781888738275
