times:
  landing: 0.5756442050000032
  view-data: 0.5852184230000148
