times:
  edit-metadata: 2.1989314779639244
  landing: 0.024152064695954323
  view-data: 0.32132070884108543
