times:
  edit-metadata: 1.4159130100160837
  landing: 0.04446993209421635
  view-data: 0.2889693051110953
