times:
  landing: 1.0743917189999763
  view-data: 0.5529833120000092
