times:
  edit-metadata: 1.1803702376782894
  landing: 0.053729090839624405
  view-data: 0.2394403819926083
