times:
  edit-metadata: 1.6173307579010725
  landing: 0.9046488720923662
  view-data: 3.364864679053426
