times:
  edit-metadata: 1.5137905701994896
  landing: 0.9628610834479332
  view-data: 3.480672676116228
