times:
  edit-metadata: 1.583975624293089
  landing: 1.0337851233780384
  view-data: 3.3381797298789024
