times:
  landing: 1.0763561359999585
  view-data: 0.5583021870000948
