times:
  edit-metadata: 2.6981914713978767
  landing: 0.056796252727508545
  view-data: 0.25847698375582695
