times:
  edit-metadata: 2.5768728144466877
  landing: 0.1090865395963192
  view-data: 0.240875743329525
