times:
  edit-metadata: 1.4125811122357845
  landing: 0.9684313200414181
  view-data: 3.3780932910740376
