times:
  edit-metadata: 2.1949554113671184
  landing: 0.022834500297904015
  view-data: 0.026907265186309814
