times:
  edit-metadata: 1.3651751540601254
  landing: 0.8474039360880852
  view-data: 3.3041057884693146
