times:
  edit-metadata: 2.66858809068799
  landing: 0.16529143042862415
  view-data: 0.3753503430634737
