times:
  edit-metadata: 1.5290271630510688
  landing: 0.8940478041768074
  view-data: 3.455816843546927
