times:
  edit-metadata: 1.166681402362883
  landing: 0.048003507778048515
  view-data: 0.2698808563873172
