times:
  landing: 0.5549149180000086
  view-data: 0.5637110330000041
