times:
  edit-metadata: 2.206163829192519
  landing: 0.021302856504917145
  view-data: 0.027142158709466457
