times:
  edit-metadata: 2.5025832019746304
  landing: 0.05147974193096161
  view-data: 0.2518570274114609
