times:
  edit-metadata: 1.379274430917576
  landing: 0.7978526840452105
  view-data: 3.2984822900034487
