times:
  edit-metadata: 1.2999775420175865
  landing: 0.056869469000957906
  view-data: 0.25260882603470236
