times:
  edit-metadata: 2.2347170021384954
  landing: 0.5971243716776371
  view-data: 0.2622169964015484
