times:
  edit-metadata: 1.1931198430247605
  landing: 0.04454471589997411
  view-data: 0.2249778751283884
