times:
  edit-metadata: 1.2211532830260694
  landing: 0.04997432976961136
  view-data: 0.2318829302676022
