times:
  landing: 0.5603212830000075
  view-data: 0.5624976770000103
