times:
  edit-metadata: 1.2198976259678602
  landing: 0.04972950741648674
  view-data: 0.26156050991266966
