times:
  edit-metadata: 1.4338570139370859
  landing: 0.839021221967414
  view-data: 3.4323372358921915
