times:
  edit-metadata: 2.4619915541261435
  landing: 0.2259248960763216
  view-data: 0.4366039764136076
