times:
  edit-metadata: 1.15496331686154
  landing: 0.053044968750327826
  view-data: 0.2234429051168263
