times:
  edit-metadata: 2.5727665573358536
  landing: 0.055254336446523666
  view-data: 0.2503669448196888
