times:
  edit-metadata: 2.49579225666821
  landing: 0.2582253683358431
  view-data: 0.2833888400346041
