times:
  edit-metadata: 1.4568147491663694
  landing: 0.8447906356304884
  view-data: 3.37964229285717
