times:
  edit-metadata: 1.509177130064927
  landing: 0.8005708100972697
  view-data: 3.3332155200187117
