times:
  edit-metadata: 1.2661514659412205
  landing: 0.05318976100534201
  view-data: 0.22081737220287323
