times:
  edit-metadata: 2.857553293928504
  landing: 0.5602645557373762
  view-data: 0.25968694873154163
