times:
  edit-metadata: 1.6550250928848982
  landing: 0.9391368553042412
  view-data: 3.339262016117573
