times:
  landing: 0.569402024999988
  view-data: 0.5678202269999701
