times:
  landing: 0.5605629359999966
  view-data: 0.5668493219999959
