times:
  landing: 0.5584507769999902
  view-data: 0.5919786139999985
