times:
  edit-metadata: 2.9860328286886215
  landing: 0.5008907578885555
  view-data: 0.29161811619997025
