times:
  edit-metadata: 2.8777287285774946
  landing: 0.7136842850595713
  view-data: 0.2712666094303131
