times:
  edit-metadata: 2.080985076725483
  landing: 0.6391442753374577
  view-data: 0.32736589945852757
