times:
  edit-metadata: 1.1499279728159308
  landing: 0.04497212544083595
  view-data: 0.22812728211283684
