times:
  edit-metadata: 2.2694529267027974
  landing: 0.022059787064790726
  view-data: 0.02803138457238674
