times:
  edit-metadata: 1.2784649370005354
  landing: 0.05981202601105906
  view-data: 0.22482622298412025
