times:
  edit-metadata: 1.7035148926079273
  landing: 0.8531139921396971
  view-data: 3.3124046307057142
