times:
  edit-metadata: 2.8512478955090046
  landing: 0.8160636704415083
  view-data: 0.48928953520953655
