times:
  edit-metadata: 1.7452997751533985
  landing: 1.1196562349796295
  view-data: 3.3763820454478264
