times:
  edit-metadata: 1.5078964149579406
  landing: 0.8012437240686268
  view-data: 3.3608633182011545
