times:
  landing: 1.064835764999998
  view-data: 0.5594382280000048
