times:
  edit-metadata: 1.6117132939398289
  landing: 1.0999598242342472
  view-data: 3.338100153952837
