times:
  edit-metadata: 2.8624561559408903
  landing: 0.5881247594952583
  view-data: 0.6739067118614912
