times:
  edit-metadata: 1.458879604935646
  landing: 0.7595837959088385
  view-data: 3.314948186278343
