times:
  landing: 1.1414219079999839
  view-data: 0.5737069410000117
