times:
  landing: 2.1383085680000136
  view-data: 0.5563424119999922
