times:
  edit-metadata: 1.2035228660097346
  landing: 0.08829470496857539
  view-data: 0.2223564630257897
