times:
  edit-metadata: 1.618904332164675
  landing: 1.047110826941207
  view-data: 3.340840304037556
