times:
  edit-metadata: 2.2016878873109818
  landing: 0.02144094556570053
  view-data: 0.02354453131556511
