times:
  edit-metadata: 1.2932100868783891
  landing: 0.053339004050940275
  view-data: 0.5068109757266939
