times:
  edit-metadata: 1.565434092655778
  landing: 0.8583573326468468
  view-data: 3.461406158283353
