times:
  landing: 0.55195331500002
  view-data: 0.5679776370000127
