times:
  edit-metadata: 1.4721850231289864
  landing: 0.891735453158617
  view-data: 3.330688711255789
