times:
  edit-metadata: 1.2439766535535455
  landing: 0.048945375718176365
  view-data: 0.2480398239567876
