times:
  edit-metadata: 1.1640580273233354
  landing: 0.045217172242701054
  view-data: 0.2269575190730393
