times:
  landing: 0.5590584560000025
  view-data: 0.5708933379999905
