times:
  edit-metadata: 2.1948978528380394
  landing: 0.0203438987955451
  view-data: 0.023105337284505367
