times:
  edit-metadata: 2.864305017516017
  landing: 0.541578559204936
  view-data: 0.2811052594333887
