times:
  edit-metadata: 2.923124596476555
  landing: 0.551958691328764
  view-data: 0.2716691065579653
