times:
  edit-metadata: 1.1652329280041158
  landing: 0.04798921290785074
  view-data: 0.22572396090254188
