times:
  edit-metadata: 2.7390432190150023
  landing: 1.0983531028032303
  view-data: 0.6561002396047115
