times:
  landing: 1.1077858520000063
  view-data: 0.564196255000013
