times:
  edit-metadata: 1.4512077029794455
  landing: 0.058167260605841875
  view-data: 0.2657131850719452
