times:
  edit-metadata: 1.8429167019203305
  landing: 1.2428560587577522
  view-data: 3.5835847253911197
