times:
  edit-metadata: 1.190808221232146
  landing: 0.04564244160428643
  view-data: 0.2457126621156931
