times:
  edit-metadata: 2.380872631445527
  landing: 0.019728127866983414
  view-data: 0.13256824389100075
