times:
  edit-metadata: 2.2176041156053543
  landing: 0.21371162869036198
  view-data: 0.18490551505237818
