times:
  edit-metadata: 1.4321548329899088
  landing: 0.05518075090367347
  view-data: 0.2683136810082942
