times:
  edit-metadata: 2.193959762342274
  landing: 0.021799784153699875
  view-data: 0.02803279273211956
