times:
  edit-metadata: 2.182443356141448
  landing: 0.0207236772403121
  view-data: 0.02606720943003893
