times:
  edit-metadata: 1.4702202179469168
  landing: 0.7433045119978487
  view-data: 3.4163986798375845
