times:
  edit-metadata: 2.9371709376573563
  landing: 1.1728476453572512
  view-data: 1.2050609048455954
