times:
  landing: 1.0749834389999933
  view-data: 0.5653422890000002
