times:
  edit-metadata: 2.5086610727012157
  landing: 0.2713905870914459
  view-data: 0.3765797894448042
