times:
  edit-metadata: 2.6189735755324364
  landing: 0.05466177314519882
  view-data: 0.24751828238368034
