times:
  edit-metadata: 1.5317970737814903
  landing: 0.8154252916574478
  view-data: 3.3793031312525272
