times:
  edit-metadata: 1.4675525519996881
  landing: 0.8996382895857096
  view-data: 3.34523082152009
