times:
  edit-metadata: 3.012199254706502
  landing: 0.7726930528879166
  view-data: 0.2801659591495991
