times:
  edit-metadata: 1.3572182171046734
  landing: 0.8707272708415985
  view-data: 3.2790916487574577
