times:
  edit-metadata: 1.4016870111227036
  landing: 0.8369793519377708
  view-data: 3.429087322205305
