times:
  edit-metadata: 1.3849707562476397
  landing: 0.8485736260190606
  view-data: 3.347316483967006
