times:
  edit-metadata: 1.5199816543608904
  landing: 0.9735148288309574
  view-data: 3.4423040375113487
