times:
  edit-metadata: 1.493069477379322
  landing: 1.0738320015370846
  view-data: 3.4164722710847855
