times:
  landing: 1.0831982100000062
  view-data: 0.581795268999997
