times:
  edit-metadata: 1.4017038978636265
  landing: 0.8556499071419239
  view-data: 3.2899728007614613
