times:
  landing: 1.0751370510000129
  view-data: 0.5673757019999925
