times:
  edit-metadata: 1.137978564016521
  landing: 0.04548764415085316
  view-data: 0.23543908586725593
