times:
  landing: 1.0724871520000079
  view-data: 0.5756398170000239
