times:
  edit-metadata: 1.365788540802896
  landing: 0.05039331316947937
  view-data: 0.2772949440404773
