times:
  landing: 0.5560904570000105
  view-data: 0.5922141879999856
