times:
  edit-metadata: 2.165030673146248
  landing: 1.1683236826211214
  view-data: 3.3841978404670954
