times:
  edit-metadata: 1.356568269431591
  landing: 0.8792914971709251
  view-data: 3.3309514969587326
