times:
  edit-metadata: 1.1830154857598245
  landing: 0.05322554521262646
  view-data: 0.24410715280100703
