times:
  landing: 0.5598024920000171
  view-data: 0.5688089639999987
