times:
  edit-metadata: 1.1537070209742524
  landing: 0.06768469896633178
  view-data: 0.2279085720074363
