times:
  edit-metadata: 2.453453714028001
  landing: 0.25573366694152355
  view-data: 0.3969462960958481
