times:
  edit-metadata: 1.3410573676228523
  landing: 0.7963492572307587
  view-data: 3.2832027934491634
