times:
  edit-metadata: 2.335921688005328
  landing: 0.7966017164289951
  view-data: 0.25734068267047405
