times:
  landing: 0.554822119999983
  view-data: 0.5594864210000026
