times:
  edit-metadata: 1.5402016416192055
  landing: 0.9973941221833229
  view-data: 3.4354699701070786
