times:
  landing: 1.0730531880000171
  view-data: 0.5571177790000093
