times:
  edit-metadata: 2.1374513311311603
  landing: 0.021620120853185654
  view-data: 0.3867473257705569
