times:
  edit-metadata: 2.82147460244596
  landing: 1.6150563769042492
  view-data: 0.3965733200311661
