times:
  edit-metadata: 1.527547251433134
  landing: 0.8123306073248386
  view-data: 3.3675140105187893
