times:
  edit-metadata: 1.3949362877756357
  landing: 0.7997027391102165
  view-data: 3.424587813206017
