times:
  edit-metadata: 1.6588257900439203
  landing: 0.07418586174026132
  view-data: 0.419426794629544
