times:
  edit-metadata: 1.198191644041799
  landing: 0.05229266197420657
  view-data: 0.2361489279428497
