times:
  edit-metadata: 1.5424462259979919
  landing: 0.047329617002105806
  view-data: 0.24894075199699728
