times:
  edit-metadata: 1.4072020426392555
  landing: 0.7657404486089945
  view-data: 3.4085074458271265
