times:
  edit-metadata: 1.6132823377847672
  landing: 1.0510438606142998
  view-data: 3.3827813677489758
