times:
  edit-metadata: 2.226619029417634
  landing: 0.02183546032756567
  view-data: 0.13990915939211845
