times:
  edit-metadata: 1.3948943316936493
  landing: 0.7620841413736343
  view-data: 3.4823458790779114
