times:
  edit-metadata: 1.842931091785431
  landing: 1.193750448524952
  view-data: 3.3676775507628918
