times:
  edit-metadata: 1.4693469926714897
  landing: 0.7411366030573845
  view-data: 3.440050892531872
