times:
  edit-metadata: 1.4013785794377327
  landing: 0.8269699662923813
  view-data: 3.490477204322815
