times:
  edit-metadata: 1.474545519798994
  landing: 0.9000021517276764
  view-data: 3.3017858788371086
