times:
  edit-metadata: 1.3693602979183197
  landing: 0.7454125918447971
  view-data: 3.3069783337414265
