times:
  edit-metadata: 1.3455253690481186
  landing: 0.7588070780038834
  view-data: 3.2861674204468727
