times:
  edit-metadata: 1.4295017421245575
  landing: 0.7048313692212105
  view-data: 3.4697208404541016
