times:
  edit-metadata: 1.6688194014132023
  landing: 0.8404478691518307
  view-data: 3.354515329003334
