times:
  edit-metadata: 1.439761258661747
  landing: 0.7563909664750099
  view-data: 3.490695372223854
