times:
  edit-metadata: 1.9242490343749523
  landing: 1.0580054000020027
  view-data: 3.3688918240368366
