times:
  edit-metadata: 1.4969388544559479
  landing: 0.8010364398360252
  view-data: 3.362524062395096
