times:
  edit-metadata: 1.4472279101610184
  landing: 0.8334633111953735
  view-data: 3.273477725684643
