times:
  edit-metadata: 1.4715981259942055
  landing: 0.7908192574977875
  view-data: 3.497147172689438
