times:
  edit-metadata: 1.545300580561161
  landing: 0.8388115651905537
  view-data: 3.3329870142042637
