times:
  edit-metadata: 1.4840513244271278
  landing: 0.8943564519286156
  view-data: 3.385261006653309
