times:
  edit-metadata: 1.4697622433304787
  landing: 0.8369321078062057
  view-data: 3.2880446687340736
