times:
  edit-metadata: 1.4213826954364777
  landing: 0.8866750374436378
  view-data: 3.2838460840284824
