times:
  edit-metadata: 1.8727458715438843
  landing: 1.0087184682488441
  view-data: 3.384389653801918
