times:
  edit-metadata: 1.4613741971552372
  landing: 1.245073340833187
  view-data: 3.3148474767804146
