times:
  edit-metadata: 1.4374996721744537
  landing: 0.7858509719371796
  view-data: 3.533335253596306
