times:
  edit-metadata: 1.4448423832654953
  landing: 0.8692298978567123
  view-data: 3.3310061544179916
