times:
  edit-metadata: 1.5144838094711304
  landing: 0.7772903442382812
  view-data: 3.4320123270154
