times:
  edit-metadata: 1.475934199988842
  landing: 0.7810688689351082
  view-data: 3.5031386986374855
