times:
  edit-metadata: 1.5327553823590279
  landing: 0.862705647945404
  view-data: 3.465569220483303
