times:
  edit-metadata: 1.388174869120121
  landing: 0.8191526457667351
  view-data: 3.4918308407068253
