times:
  edit-metadata: 1.3895800933241844
  landing: 0.8407610505819321
  view-data: 3.325285904109478
