times:
  edit-metadata: 1.5559913478791714
  landing: 0.7458515129983425
  view-data: 3.4038385152816772
