times:
  edit-metadata: 1.4932401180267334
  landing: 0.8381743207573891
  view-data: 3.429286938160658
