times:
  edit-metadata: 1.5230000205338001
  landing: 1.0292313359677792
  view-data: 3.3949071392416954
