times:
  edit-metadata: 1.4878814443945885
  landing: 0.817704550921917
  view-data: 3.3571304976940155
