times:
  edit-metadata: 1.4856073334813118
  landing: 0.7543399706482887
  view-data: 3.548737548291683
