times:
  edit-metadata: 1.3732394725084305
  landing: 0.8608690276741982
  view-data: 3.2741116769611835
