times:
  edit-metadata: 1.4373592510819435
  landing: 0.745696485042572
  view-data: 3.5094147324562073
