times:
  edit-metadata: 1.612112082540989
  landing: 0.8354207500815392
  view-data: 3.3453013077378273
