times:
  edit-metadata: 1.4699567221105099
  landing: 0.845034833997488
  view-data: 3.2522043101489544
