times:
  edit-metadata: 1.563003234565258
  landing: 0.9579799249768257
  view-data: 3.580849900841713
