times:
  edit-metadata: 1.5310898944735527
  landing: 0.948548212647438
  view-data: 3.5452211052179337
