times:
  edit-metadata: 1.3356992155313492
  landing: 0.7821310833096504
  view-data: 3.5560757517814636
