times:
  edit-metadata: 2.071771502494812
  landing: 1.1572693139314651
  view-data: 3.528515450656414
