times:
  edit-metadata: 2.3239517733454704
  landing: 1.7231381013989449
  view-data: 3.953174374997616
