times:
  edit-metadata: 1.3298189491033554
  landing: 0.7703952044248581
  view-data: 3.2687944546341896
