times:
  edit-metadata: 1.3818075209856033
  landing: 0.8015628345310688
  view-data: 3.284617308527231
