times:
  edit-metadata: 1.4083191379904747
  landing: 0.7659022808074951
  view-data: 3.543559215962887
