times:
  edit-metadata: 1.4254344552755356
  landing: 0.7835884541273117
  view-data: 3.5724041014909744
