times:
  edit-metadata: 1.4244387596845627
  landing: 0.8132128193974495
  view-data: 3.5180292278528214
