times:
  edit-metadata: 1.522633869200945
  landing: 0.9397990480065346
  view-data: 3.344652060419321
