times:
  edit-metadata: 1.4295456483960152
  landing: 0.7547037154436111
  view-data: 3.264582958072424
