times:
  edit-metadata: 1.3155301809310913
  landing: 0.8032504320144653
  view-data: 3.3898042514920235
