times:
  edit-metadata: 1.4362624809145927
  landing: 0.8374435156583786
  view-data: 3.3735222555696964
