times:
  edit-metadata: 1.6446183398365974
  landing: 0.93274986743927
  view-data: 3.4982029497623444
