times:
  edit-metadata: 1.4132756665349007
  landing: 0.7395544089376926
  view-data: 3.3728514835238457
