times:
  edit-metadata: 1.3926720544695854
  landing: 0.7959176227450371
  view-data: 3.5210433080792427
