times:
  edit-metadata: 1.4989118240773678
  landing: 0.8396950326859951
  view-data: 3.3752781189978123
