times:
  edit-metadata: 1.4586588814854622
  landing: 0.8275387063622475
  view-data: 3.5290645882487297
