times:
  edit-metadata: 1.4824109375476837
  landing: 0.7993060648441315
  view-data: 3.3094948790967464
