times:
  edit-metadata: 1.3777658864855766
  landing: 0.7492575645446777
  view-data: 3.489649087190628
