times:
  edit-metadata: 1.337057426571846
  landing: 0.7310018166899681
  view-data: 3.3154198229312897
