times:
  edit-metadata: 1.4857400432229042
  landing: 0.8538130931556225
  view-data: 3.3083174861967564
