times:
  edit-metadata: 1.4196004047989845
  landing: 0.7898085862398148
  view-data: 3.4240598902106285
