times:
  edit-metadata: 1.3452224098145962
  landing: 0.7804477512836456
  view-data: 3.278357367962599
