times:
  edit-metadata: 1.516585923731327
  landing: 0.7831516787409782
  view-data: 3.5343353003263474
