times:
  edit-metadata: 1.4255894124507904
  landing: 0.8528901860117912
  view-data: 3.327163115143776
