times:
  edit-metadata: 1.831072274595499
  landing: 0.9080832302570343
  view-data: 3.291709516197443
