times:
  edit-metadata: 1.43054686114192
  landing: 0.831142719835043
  view-data: 3.34477848559618
