times:
  edit-metadata: 1.5687408410012722
  landing: 0.886805571615696
  view-data: 3.3636962324380875
