times:
  edit-metadata: 1.5821737982332706
  landing: 0.8293912000954151
  view-data: 3.3251783400774
