times:
  edit-metadata: 1.577966794371605
  landing: 0.8913517519831657
  view-data: 3.4965476393699646
