times:
  edit-metadata: 1.4539727196097374
  landing: 0.8900275081396103
  view-data: 3.400835208594799
