times:
  edit-metadata: 1.346661414951086
  landing: 0.8902553208172321
  view-data: 3.452502269297838
