times:
  edit-metadata: 1.3646509796380997
  landing: 0.727090984582901
  view-data: 3.4918618872761726
