times:
  edit-metadata: 2.641131170094013
  landing: 1.708138644695282
  view-data: 4.117955803871155
