times:
  edit-metadata: 2.420731544494629
  landing: 1.5585922300815582
  view-data: 3.642937406897545
