times:
  edit-metadata: 1.4017168618738651
  landing: 0.8731040693819523
  view-data: 3.314927577972412
