times:
  edit-metadata: 1.7334636449813843
  landing: 1.0460794642567635
  view-data: 3.553085006773472
