times:
  edit-metadata: 1.5054604075849056
  landing: 0.9327714219689369
  view-data: 3.32067509368062
