times:
  edit-metadata: 1.3673073947429657
  landing: 0.7914643548429012
  view-data: 3.3250884376466274
