times:
  edit-metadata: 1.5400530770421028
  landing: 1.0510715171694756
  view-data: 3.3650771006941795
