times:
  edit-metadata: 1.9359360486268997
  landing: 1.2876787409186363
  view-data: 3.4693864434957504
