times:
  edit-metadata: 1.4391187950968742
  landing: 0.7877476513385773
  view-data: 3.5006720647215843
