times:
  edit-metadata: 1.4123210236430168
  landing: 0.8041701167821884
  view-data: 3.54008886218071
