times:
  edit-metadata: 1.4157354608178139
  landing: 0.7774409502744675
  view-data: 3.4648386165499687
