times:
  edit-metadata: 1.5640183798968792
  landing: 0.7710427567362785
  view-data: 3.3411493450403214
