times:
  edit-metadata: 1.5746318474411964
  landing: 0.9852950349450111
  view-data: 0.635783389210701
