times:
  edit-metadata: 1.386741004884243
  landing: 0.7909482792019844
  view-data: 3.3134479075670242
