times:
  edit-metadata: 1.4256580397486687
  landing: 0.9552877768874168
  view-data: 3.61735288053751
