times:
  edit-metadata: 1.4775995463132858
  landing: 0.7982170432806015
  view-data: 3.506962314248085
