times:
  edit-metadata: 1.3926645256578922
  landing: 0.8725274242460728
  view-data: 3.3918596245348454
