times:
  edit-metadata: 1.474343329668045
  landing: 0.9267197921872139
  view-data: 3.327643781900406
