times:
  edit-metadata: 1.3994838409125805
  landing: 0.7875854596495628
  view-data: 3.329806674271822
