times:
  edit-metadata: 1.4621253460645676
  landing: 0.7568633258342743
  view-data: 3.4507081136107445
