times:
  edit-metadata: 1.380171649158001
  landing: 0.8172868490219116
  view-data: 3.6085959747433662
