times:
  edit-metadata: 1.4400495626032352
  landing: 0.76232123747468
  view-data: 3.318656627088785
