times:
  edit-metadata: 1.4496985375881195
  landing: 0.9099553748965263
  view-data: 3.3302004635334015
