times:
  edit-metadata: 1.3386990651488304
  landing: 0.8507393226027489
  view-data: 3.4826194792985916
