times:
  edit-metadata: 1.4669655039906502
  landing: 0.8264432400465012
  view-data: 3.4936163648962975
