times:
  edit-metadata: 1.408545657992363
  landing: 0.8382776640355587
  view-data: 3.312893621623516
