times:
  edit-metadata: 1.4817787483334541
  landing: 0.8465207070112228
  view-data: 3.604436330497265
