times:
  edit-metadata: 1.42595886439085
  landing: 0.8320607244968414
  view-data: 3.4604655876755714
