times:
  edit-metadata: 1.4960222020745277
  landing: 0.7462111338973045
  view-data: 3.495492473244667
