times:
  edit-metadata: 1.3228854537010193
  landing: 0.7778208181262016
  view-data: 3.4143971502780914
