times:
  edit-metadata: 1.4125518426299095
  landing: 0.8352675512433052
  view-data: 3.484912596642971
