times:
  edit-metadata: 1.3332394696772099
  landing: 0.7858804948627949
  view-data: 3.3079555332660675
