times:
  edit-metadata: 1.357393130660057
  landing: 0.7823692038655281
  view-data: 3.431275613605976
