times:
  edit-metadata: 1.533029668033123
  landing: 0.9077047407627106
  view-data: 3.400528959929943
