times:
  edit-metadata: 1.3315767124295235
  landing: 0.7601390108466148
  view-data: 3.490548647940159
