times:
  edit-metadata: 1.5189933627843857
  landing: 0.7430704236030579
  view-data: 3.538585491478443
