times:
  edit-metadata: 2.077043905854225
  landing: 1.1913152672350407
  view-data: 3.4342322796583176
