times:
  edit-metadata: 1.435688279569149
  landing: 0.8566029444336891
  view-data: 3.4646886438131332
