times:
  edit-metadata: 1.3201790377497673
  landing: 0.7427540719509125
  view-data: 3.2897419594228268
