times:
  edit-metadata: 1.709569901227951
  landing: 1.0817444249987602
  view-data: 3.6748679354786873
