times:
  edit-metadata: 1.3443480879068375
  landing: 0.7910624146461487
  view-data: 3.4531712532043457
