times:
  edit-metadata: 1.3783764317631721
  landing: 0.8083905503153801
  view-data: 3.329691633582115
