times:
  edit-metadata: 1.5081832483410835
  landing: 0.7759410850703716
  view-data: 3.359660342335701
