times:
  edit-metadata: 1.323446847498417
  landing: 0.7623210623860359
  view-data: 3.4657472744584084
