times:
  edit-metadata: 1.4214599281549454
  landing: 0.7915638312697411
  view-data: 3.4658811688423157
