times:
  edit-metadata: 1.394283015280962
  landing: 0.8137241154909134
  view-data: 3.339104376733303
