times:
  edit-metadata: 1.5831279829144478
  landing: 0.8237822651863098
  view-data: 3.4140328392386436
