times:
  edit-metadata: 1.6391960829496384
  landing: 1.473965808749199
  view-data: 3.5762127712368965
