times:
  edit-metadata: 1.3818176686763763
  landing: 0.8189829289913177
  view-data: 3.542575716972351
