times:
  edit-metadata: 1.395642265677452
  landing: 0.8004718869924545
  view-data: 3.517638608813286
