times:
  edit-metadata: 1.3453050255775452
  landing: 0.7978044077754021
  view-data: 3.44993943721056
