times:
  edit-metadata: 1.5078458189964294
  landing: 0.7976737171411514
  view-data: 3.5267148464918137
