times:
  edit-metadata: 1.537159737199545
  landing: 0.9216055870056152
  view-data: 3.2989750653505325
