times:
  edit-metadata: 1.6742522940039635
  landing: 1.1613083481788635
  view-data: 3.3516434021294117
