times:
  edit-metadata: 1.4611574187874794
  landing: 0.8492477461695671
  view-data: 3.299330770969391
