times:
  edit-metadata: 1.4874894842505455
  landing: 0.8601131960749626
  view-data: 3.3395014069974422
