times:
  edit-metadata: 1.4951973631978035
  landing: 0.910949744284153
  view-data: 3.349932998418808
