times:
  edit-metadata: 1.3539439179003239
  landing: 0.7754534892737865
  view-data: 3.3144962824881077
