times:
  edit-metadata: 1.4207654893398285
  landing: 0.8269766867160797
  view-data: 3.2686177864670753
