times:
  edit-metadata: 1.5231155641376972
  landing: 0.9039929173886776
  view-data: 3.3140523210167885
