times:
  edit-metadata: 1.414456345140934
  landing: 0.8155606314539909
  view-data: 3.3116613775491714
