times:
  edit-metadata: 1.3765077665448189
  landing: 0.7311507761478424
  view-data: 3.5575703606009483
