times:
  edit-metadata: 1.4190139919519424
  landing: 0.8204321637749672
  view-data: 3.4373772889375687
