times:
  edit-metadata: 1.4128215983510017
  landing: 0.935558632016182
  view-data: 3.4786783680319786
