times:
  edit-metadata: 1.3890582174062729
  landing: 0.7386765405535698
  view-data: 3.4980877488851547
