times:
  edit-metadata: 1.501514732837677
  landing: 0.7325987964868546
  view-data: 3.537894979119301
