times:
  edit-metadata: 1.4251829907298088
  landing: 0.8946452960371971
  view-data: 3.4645766019821167
