times:
  edit-metadata: 1.4087442383170128
  landing: 0.7438187450170517
  view-data: 3.4529988020658493
