times:
  edit-metadata: 1.2987902015447617
  landing: 0.8055342808365822
  view-data: 3.470877282321453
