times:
  edit-metadata: 1.516246497631073
  landing: 0.7796797603368759
  view-data: 3.556726463139057
