times:
  edit-metadata: 1.6810516193509102
  landing: 1.1747092716395855
  view-data: 3.284442525357008
