times:
  edit-metadata: 2.138277180492878
  landing: 1.2425729408860207
  view-data: 3.4702074080705643
