times:
  edit-metadata: 1.3881883099675179
  landing: 0.8855256959795952
  view-data: 3.364690452814102
