times:
  edit-metadata: 1.3130010142922401
  landing: 0.878077544271946
  view-data: 3.455130599439144
