times:
  edit-metadata: 1.3674074411392212
  landing: 1.1396363787353039
  view-data: 3.269573461264372
