times:
  edit-metadata: 2.68490532040596
  landing: 0.990741316229105
  view-data: 3.269180316478014
