times:
  edit-metadata: 1.6213319227099419
  landing: 0.9974730610847473
  view-data: 3.5873418524861336
