times:
  edit-metadata: 1.3686186000704765
  landing: 0.7722066789865494
  view-data: 3.3153431862592697
