times:
  edit-metadata: 2.011472936719656
  landing: 1.3748199418187141
  view-data: 1.0008005239069462
