times:
  edit-metadata: 1.5846106112003326
  landing: 1.5351746827363968
  view-data: 1.2505565620958805
