times:
  edit-metadata: 2.0771033987402916
  landing: 1.3283960111439228
  view-data: 0.9063963666558266
