times:
  edit-metadata: 2.085287978872657
  landing: 1.1965329200029373
  view-data: 1.2718245163559914
