times:
  edit-metadata: 2.0172183079412207
  landing: 1.1235173299210146
  view-data: 1.1780222590314224
