times:
  edit-metadata: 2.255651369690895
  landing: 1.9941158667206764
  view-data: 3.3843136727809906
