times:
  edit-metadata: 2.012745562940836
  landing: 1.4774536788463593
  view-data: 1.2447660509496927
