times:
  edit-metadata: 1.6452402547001839
  landing: 1.1675658132880926
  view-data: 1.3242656160145998
