times:
  edit-metadata: 1.5692726876586676
  landing: 1.1430920865386724
  view-data: 1.412552684545517
