times:
  edit-metadata: 2.0095664262771606
  landing: 1.3576819635927677
  view-data: 1.1148885190486908
