times:
  edit-metadata: 2.207245813915506
  landing: 1.4864313579164445
  view-data: 1.5422890118788928
