times:
  edit-metadata: 1.9553634251933545
  landing: 1.224486615974456
  view-data: 1.223140916088596
