times:
  edit-metadata: 2.084358287975192
  landing: 1.466086246073246
  view-data: 1.452632563188672
