times:
  edit-metadata: 2.057289397343993
  landing: 1.44855853356421
  view-data: 1.235275650396943
