times:
  edit-metadata: 1.6666537187993526
  landing: 1.1660087835043669
  view-data: 1.4181522987782955
