times:
  edit-metadata: 2.040307864546776
  landing: 1.1608949583023787
  view-data: 1.2665004134178162
