times:
  edit-metadata: 1.662058264017105
  landing: 1.1793321296572685
  view-data: 3.376121513545513
