times:
  edit-metadata: 2.153509007766843
  landing: 1.543395065702498
  view-data: 1.2917009368538857
