times:
  edit-metadata: 1.6179399900138378
  landing: 1.340301563963294
  view-data: 1.3591336272656918
