times:
  edit-metadata: 2.2522933119907975
  landing: 1.625921276398003
  view-data: 1.6422285800799727
