times:
  edit-metadata: 1.6096022818237543
  landing: 1.2199878580868244
  view-data: 1.189754892140627
