times:
  edit-metadata: 2.198982384055853
  landing: 1.2920895218849182
  view-data: 3.3309275954961777
