times:
  edit-metadata: 2.068044025450945
  landing: 1.453031042125076
  view-data: 1.3335481509566307
