times:
  edit-metadata: 1.9516606759279966
  landing: 1.2980354558676481
  view-data: 1.2712433729320765
