times:
  edit-metadata: 1.7978087570518255
  landing: 1.3554947189986706
  view-data: 1.4688601326197386
