times:
  edit-metadata: 1.7508080694824457
  landing: 1.3696667607873678
  view-data: 1.2912304811179638
