times:
  edit-metadata: 2.0194676560349762
  landing: 1.401289655128494
  view-data: 1.1988998069427907
