times:
  edit-metadata: 2.0962211675941944
  landing: 1.2722937613725662
  view-data: 0.9398321621119976
