times:
  edit-metadata: 2.392355124466121
  landing: 1.4045682307332754
  view-data: 1.3408514661714435
