times:
  edit-metadata: 1.9636281679850072
  landing: 1.1678921070415527
  view-data: 1.695627355016768
