times:
  edit-metadata: 2.2979424819350243
  landing: 1.711394939571619
  view-data: 3.5942655317485332
