times:
  edit-metadata: 2.123594446107745
  landing: 1.6490489076822996
  view-data: 1.489040981978178
