times:
  edit-metadata: 2.0088973762467504
  landing: 1.390624145977199
  view-data: 1.4234023792669177
