times:
  edit-metadata: 2.103264283388853
  landing: 1.397604649886489
  view-data: 1.385872702114284
