times:
  edit-metadata: 1.5553255416452885
  landing: 1.1822814922779799
  view-data: 1.232397597283125
