times:
  edit-metadata: 1.7528129164129496
  landing: 1.2404381781816483
  view-data: 1.5946861281991005
