times:
  edit-metadata: 1.9739557635039091
  landing: 1.402244670316577
  view-data: 3.31844992749393
