times:
  edit-metadata: 1.5947109125554562
  landing: 1.1418159008026123
  view-data: 3.33404553681612
