times:
  edit-metadata: 1.965629380196333
  landing: 1.2784608528017998
  view-data: 1.457553818821907
