times:
  edit-metadata: 4.461445467546582
  landing: 2.1957755126059055
  view-data: 1.5134346364066005
