times:
  edit-metadata: 1.6100993156433105
  landing: 1.1788994334638119
  view-data: 3.3837096877396107
