times:
  edit-metadata: 3.7245859503746033
  landing: 1.8691349253058434
  view-data: 3.87825084105134
