times:
  edit-metadata: 1.9991429336369038
  landing: 1.3818695340305567
  view-data: 1.3867581523954868
