times:
  edit-metadata: 1.73615444265306
  landing: 1.121181283146143
  view-data: 1.196524504572153
