times:
  edit-metadata: 2.067641157656908
  landing: 1.4630099944770336
  view-data: 3.3033335879445076
