times:
  edit-metadata: 2.0692755579948425
  landing: 1.1843325272202492
  view-data: 1.0237514413893223
