times:
  edit-metadata: 1.6751906983554363
  landing: 1.7176567260175943
  view-data: 1.2202285658568144
