times:
  edit-metadata: 2.5567742763087153
  landing: 1.8485733047127724
  view-data: 1.1575901377946138
