times:
  edit-metadata: 2.1335492990911007
  landing: 1.2699358202517033
  view-data: 3.361273754388094
