times:
  edit-metadata: 2.0104841627180576
  landing: 1.4715637601912022
  view-data: 3.39526229724288
