times:
  edit-metadata: 2.200098004192114
  landing: 6.114199437201023
  view-data: 3.4164522737264633
