times:
  edit-metadata: 5.774007864296436
  landing: 2.3398804552853107
  view-data: 4.053680166602135
