times:
  edit-metadata: 1.42291917395778
  landing: 0.935201424988918
  view-data: 0.5710843680426478
