times:
  edit-metadata: 1.6790384519845247
  landing: 2.4769829604774714
  view-data: 1.482572890818119
