times:
  edit-metadata: 2.0679640723392367
  landing: 1.2179858982563019
  view-data: 1.3960977410897613
