times:
  edit-metadata: 2.0540307108312845
  landing: 1.192117840051651
  view-data: 1.2895036041736603
