times:
  edit-metadata: 2.8046864233911037
  landing: 1.6234075985848904
  view-data: 3.328404437750578
