times:
  edit-metadata: 3.277418550103903
  landing: 1.7706021331250668
  view-data: 1.2197603806853294
