times:
  edit-metadata: 2.085094864014536
  landing: 1.3165414528921247
  view-data: 1.303497343789786
