times:
  edit-metadata: 2.0915548875927925
  landing: 1.35438621789217
  view-data: 1.2748223319649696
