times:
  edit-metadata: 1.636262096464634
  landing: 1.2207027189433575
  view-data: 1.4538849461823702
