times:
  edit-metadata: 2.1816133176907897
  landing: 1.2706176759675145
  view-data: 1.2714440654963255
