times:
  edit-metadata: 1.5190870985388756
  landing: 1.1840108893811703
  view-data: 1.373386774212122
