times:
  edit-metadata: 1.7415297590196133
  landing: 1.2593203708529472
  view-data: 1.678972564637661
