times:
  edit-metadata: 2.134296476840973
  landing: 1.2344217263162136
  view-data: 3.3715225867927074
