times:
  edit-metadata: 2.288922779262066
  landing: 1.5336655713617802
  view-data: 3.336348805576563
