times:
  edit-metadata: 1.349412688985467
  landing: 0.749210215988569
  view-data: 0.5037850590888411
