times:
  edit-metadata: 1.5450295694172382
  landing: 1.1895470321178436
  view-data: 1.2719741128385067
