times:
  edit-metadata: 2.159271001815796
  landing: 1.3191547021269798
  view-data: 3.4163123928010464
