times:
  edit-metadata: 2.070332276634872
  landing: 1.8968131421133876
  view-data: 1.7692227717489004
