times:
  edit-metadata: 2.3849743138998747
  landing: 1.7326313499361277
  view-data: 1.1520304940640926
