times:
  edit-metadata: 2.0496999276801944
  landing: 1.3807329516857862
  view-data: 1.4345837635919452
