times:
  edit-metadata: 2.8320281356573105
  landing: 1.6190534569323063
  view-data: 3.4483044296503067
