times:
  edit-metadata: 2.075908299535513
  landing: 1.1805381402373314
  view-data: 3.359892465174198
