times:
  edit-metadata: 1.7557597840204835
  landing: 0.9554295170819387
  view-data: 0.6879984349943697
