times:
  edit-metadata: 1.9501425176858902
  landing: 1.3153169099241495
  view-data: 1.2766695991158485
