times:
  edit-metadata: 2.0984555277973413
  landing: 1.3313408074900508
  view-data: 1.2781903948634863
