times:
  edit-metadata: 1.5601382926106453
  landing: 1.2083304300904274
  view-data: 0.9980590753257275
