times:
  edit-metadata: 2.2854629419744015
  landing: 1.305548969656229
  view-data: 3.4608875811100006
