times:
  edit-metadata: 2.185733505990356
  landing: 1.2487786430865526
  view-data: 1.273213492007926
