times:
  edit-metadata: 1.917094387114048
  landing: 1.1756140887737274
  view-data: 1.0291027072817087
