times:
  edit-metadata: 1.68307601287961
  landing: 1.1773914359509945
  view-data: 1.276947358623147
