times:
  edit-metadata: 1.5351156629621983
  landing: 1.167777618393302
  view-data: 1.3171615116298199
