times:
  edit-metadata: 2.2622084245085716
  landing: 1.29976424574852
  view-data: 1.1225991286337376
