times:
  edit-metadata: 2.5287072211503983
  landing: 1.5364299141801894
  view-data: 1.3133115931414068
