times:
  edit-metadata: 2.0334757156670094
  landing: 1.3553188182413578
  view-data: 1.3751178365200758
