times:
  edit-metadata: 2.8024090752005577
  landing: 1.4226181022822857
  view-data: 3.4830940924584866
