times:
  edit-metadata: 2.1665357425808907
  landing: 1.332114040851593
  view-data: 3.3837079852819443
