times:
  edit-metadata: 1.603677786886692
  landing: 1.1956631056964397
  view-data: 3.423300340771675
