times:
  edit-metadata: 2.44209944922477
  landing: 1.4545142222195864
  view-data: 1.4534363970160484
