times:
  edit-metadata: 1.9880818836390972
  landing: 1.4133671335875988
  view-data: 1.0132016353309155
