times:
  edit-metadata: 1.8006258606910706
  landing: 1.223913200199604
  view-data: 0.89104875177145
