times:
  edit-metadata: 2.247518573887646
  landing: 1.3963062353432178
  view-data: 1.3540871953591704
