times:
  edit-metadata: 2.036966159939766
  landing: 1.235026776790619
  view-data: 1.1547316759824753
