times:
  edit-metadata: 2.3182666804641485
  landing: 1.2641022056341171
  view-data: 1.524721648544073
