times:
  edit-metadata: 1.9792441204190254
  landing: 1.2929947972297668
  view-data: 1.2678937036544085
