times:
  edit-metadata: 2.785171002149582
  landing: 1.7570675276219845
  view-data: 1.7639245130121708
