times:
  edit-metadata: 3.0323934629559517
  landing: 1.6197824347764254
  view-data: 2.078176584094763
