times:
  edit-metadata: 2.2542061400599778
  landing: 1.3834843155927956
  view-data: 1.3656979203224182
