times:
  edit-metadata: 2.10888884216547
  landing: 1.1894844397902489
  view-data: 0.8571749776601791
