times:
  edit-metadata: 2.2997132036834955
  landing: 1.308839911594987
  view-data: 1.435915568843484
