times:
  edit-metadata: 1.6902481447905302
  landing: 1.2346636690199375
  view-data: 1.4902078621089458
