times:
  edit-metadata: 2.0692756455391645
  landing: 1.3294757343828678
  view-data: 1.878097964450717
