times:
  edit-metadata: 1.6106133460998535
  landing: 1.0088007114827633
  view-data: 0.9647446870803833
