times:
  edit-metadata: 2.0944533459842205
  landing: 1.2295212019234896
  view-data: 1.1415966842323542
