times:
  edit-metadata: 3.6644362062215805
  landing: 1.6239439770579338
  view-data: 1.5192145071923733
