times:
  edit-metadata: 2.1025046412833035
  landing: 1.3766837869770825
  view-data: 1.3136263522319496
