times:
  edit-metadata: 2.056203655898571
  landing: 1.3035276308655739
  view-data: 3.383477210998535
