times:
  edit-metadata: 2.5647407975047827
  landing: 1.5837442697957158
  view-data: 1.2063489509746432
