times:
  edit-metadata: 2.0081760436296463
  landing: 1.1998784616589546
  view-data: 3.342451486736536
