times:
  edit-metadata: 1.4867334999144077
  landing: 1.0579760670661926
  view-data: 3.3993752785027027
