times:
  edit-metadata: 2.315935438964516
  landing: 1.4015213157981634
  view-data: 1.1948557551950216
