times:
  edit-metadata: 2.1843819431960583
  landing: 1.53319738432765
  view-data: 0.9565053284168243
