times:
  edit-metadata: 1.6608328521251678
  landing: 1.3389208801090717
  view-data: 1.3096936531364918
