times:
  edit-metadata: 2.485501362942159
  landing: 1.4714780780486763
  view-data: 1.5340872607193887
