times:
  edit-metadata: 1.6693369075655937
  landing: 1.555722115561366
  view-data: 1.3525347840040922
