times:
  edit-metadata: 1.9370858985930681
  landing: 1.1969778966158628
  view-data: 1.1703788619488478
