times:
  edit-metadata: 2.1869966220110655
  landing: 1.2222320586442947
  view-data: 1.799145532771945
