times:
  edit-metadata: 2.096171835437417
  landing: 1.325753340497613
  view-data: 1.2445717733353376
