times:
  edit-metadata: 2.5972638837993145
  landing: 1.7231986597180367
  view-data: 3.3757326006889343
