times:
  edit-metadata: 1.700926586985588
  landing: 1.2065884470939636
  view-data: 3.3812494464218616
