times:
  edit-metadata: 2.0184647880960256
  landing: 0.9540776850190014
  view-data: 1.2841971879824996
