times:
  edit-metadata: 2.0021218676120043
  landing: 1.470200575888157
  view-data: 1.2760231923311949
