times:
  edit-metadata: 1.981389481574297
  landing: 1.323661893606186
  view-data: 1.0773640125989914
