times:
  edit-metadata: 2.339484659023583
  landing: 1.5994803570210934
  view-data: 3.5930232759565115
