times:
  edit-metadata: 2.3103246688842773
  landing: 1.606147713959217
  view-data: 0.929876271635294
