times:
  edit-metadata: 2.152297291904688
  landing: 1.2372803092002869
  view-data: 3.3549496047198772
