times:
  edit-metadata: 1.5108113661408424
  landing: 1.1877835541963577
  view-data: 1.2846524566411972
