times:
  edit-metadata: 2.2239571660757065
  landing: 1.1135683581233025
  view-data: 1.0020979009568691
