times:
  edit-metadata: 2.415755245834589
  landing: 1.3413368426263332
  view-data: 0.9479772448539734
