times:
  edit-metadata: 2.5839043520390987
  landing: 1.3515481539070606
  view-data: 1.278924148529768
