times:
  edit-metadata: 2.0114580243825912
  landing: 1.2102251797914505
  view-data: 1.2190666794776917
