times:
  edit-metadata: 1.5743930339813232
  landing: 1.2446026615798473
  view-data: 1.5115887969732285
