times:
  edit-metadata: 2.2591856429353356
  landing: 1.306363853160292
  view-data: 1.3891191738657653
