times:
  edit-metadata: 2.1955599561333656
  landing: 1.392694104462862
  view-data: 0.9803839363157749
