times:
  edit-metadata: 2.278154358267784
  landing: 1.3070010915398598
  view-data: 0.842274434864521
