times:
  edit-metadata: 2.379852756857872
  landing: 1.561842130497098
  view-data: 1.5366692654788494
