times:
  edit-metadata: 2.061309564858675
  landing: 1.5893456786870956
  view-data: 0.9658012948930264
