times:
  edit-metadata: 2.3330878550186753
  landing: 1.3373245997354388
  view-data: 1.053346574306488
