times:
  edit-metadata: 2.438293879851699
  landing: 1.4624279071576893
  view-data: 1.4562142761424184
