times:
  edit-metadata: 3.1247900798916817
  landing: 1.3075649589300156
  view-data: 3.4465510100126266
