times:
  edit-metadata: 1.899990496225655
  landing: 1.5800552163273096
  view-data: 1.3074296321719885
