times:
  edit-metadata: 2.3969041146337986
  landing: 1.5073897056281567
  view-data: 0.8632700406014919
