times:
  edit-metadata: 2.076093414798379
  landing: 1.4398263022303581
  view-data: 1.5080943051725626
