times:
  edit-metadata: 2.0021064709872007
  landing: 1.5268028751015663
  view-data: 1.2201848160475492
