times:
  edit-metadata: 1.7397595681250095
  landing: 1.2062601149082184
  view-data: 1.0934884399175644
