times:
  edit-metadata: 2.0798268280923367
  landing: 1.3294029738754034
  view-data: 1.3733131922781467
