times:
  edit-metadata: 2.572260320186615
  landing: 1.1943495646119118
  view-data: 1.1987621746957302
