times:
  edit-metadata: 1.9823117030318826
  landing: 1.2460975470021367
  view-data: 1.300575602101162
