times:
  edit-metadata: 1.9330972246825695
  landing: 1.0467199310660362
  view-data: 0.8479381836950779
