times:
  edit-metadata: 2.599794216454029
  landing: 1.415891133248806
  view-data: 1.3290376365184784
