times:
  edit-metadata: 2.119054988026619
  landing: 1.2349684238433838
  view-data: 3.343842227011919
