times:
  edit-metadata: 2.215283401310444
  landing: 1.2258693911135197
  view-data: 3.4499923810362816
