times:
  edit-metadata: 2.00879228184931
  landing: 1.699262997834012
  view-data: 1.4583243560045958
