times:
  edit-metadata: 2.156150668859482
  landing: 1.4955433867871761
  view-data: 1.4224993214011192
