times:
  edit-metadata: 2.2862266562879086
  landing: 1.3549475148320198
  view-data: 0.877218846231699
