times:
  edit-metadata: 1.5988869033753872
  landing: 1.1793708615005016
  view-data: 1.3964478559792042
