times:
  edit-metadata: 1.5599889941513538
  landing: 1.153511244803667
  view-data: 3.4158412478864193
