times:
  edit-metadata: 2.2472331672906876
  landing: 1.2420325204730034
  view-data: 3.39450429007411
