times:
  edit-metadata: 3.2483822498470545
  landing: 1.9428182072006166
  view-data: 1.4676370192319155
