times:
  edit-metadata: 1.995283342897892
  landing: 1.2041643261909485
  view-data: 3.3317691944539547
