times:
  edit-metadata: 2.5535790771245956
  landing: 1.6117672622203827
  view-data: 1.2735930569469929
