times:
  edit-metadata: 1.851309952326119
  landing: 1.6475854711607099
  view-data: 1.3082608105614781
