times:
  edit-metadata: 1.9211211949586868
  landing: 1.5650623813271523
  view-data: 3.3730101697146893
