times:
  edit-metadata: 2.1874293722212315
  landing: 1.3165026465430856
  view-data: 1.4244591742753983
