times:
  edit-metadata: 2.5487185828387737
  landing: 1.8452397882938385
  view-data: 3.3865331187844276
