times:
  edit-metadata: 2.05722451582551
  landing: 1.5261506661772728
  view-data: 1.0269760303199291
