times:
  edit-metadata: 2.234832741320133
  landing: 1.8046283386647701
  view-data: 3.41172631457448
