times:
  edit-metadata: 1.5960178971290588
  landing: 1.2873310688883066
  view-data: 1.485566208139062
