times:
  edit-metadata: 2.7407131530344486
  landing: 1.6361303217709064
  view-data: 3.520869817584753
