times:
  edit-metadata: 2.089911132119596
  landing: 1.2991938823834062
  view-data: 1.1814572778530419
