times:
  edit-metadata: 2.6970406100153923
  landing: 1.5149121582508087
  view-data: 3.546460770070553
