times:
  edit-metadata: 1.564047072082758
  landing: 1.106508269906044
  view-data: 3.3575358353555202
