times:
  edit-metadata: 2.0920701920986176
  landing: 1.423076342791319
  view-data: 1.2203914355486631
