times:
  edit-metadata: 1.9354038862511516
  landing: 1.4386362470686436
  view-data: 1.3433262398466468
