times:
  edit-metadata: 2.1099201180040836
  landing: 1.2923320420086384
  view-data: 1.036563005298376
