times:
  edit-metadata: 2.2877280535176396
  landing: 1.3011509906500578
  view-data: 1.2315941089764237
