times:
  edit-metadata: 2.3187665650621057
  landing: 7.857411353383213
  view-data: 1.4531852290965617
