times:
  edit-metadata: 2.0831229970790446
  landing: 1.3846912519074976
  view-data: 1.2527086050249636
