times:
  edit-metadata: 2.2531407568603754
  landing: 1.374627085402608
  view-data: 1.2918831054121256
