times:
  edit-metadata: 2.3551921416074038
  landing: 1.6006986759603024
  view-data: 1.6561704445630312
