times:
  edit-metadata: 1.5427170265465975
  landing: 1.2094854917377234
  view-data: 1.2751744892448187
