times:
  edit-metadata: 2.6238359985873103
  landing: 1.4072625748813152
  view-data: 1.2137022884562612
