times:
  edit-metadata: 1.653196595609188
  landing: 1.275944648310542
  view-data: 1.4371499195694923
