times:
  edit-metadata: 2.0976175270043314
  landing: 1.0739553309977055
  view-data: 1.1677687560440972
