times:
  edit-metadata: 1.6622378453612328
  landing: 1.3658511564135551
  view-data: 1.5106515977531672
