times:
  edit-metadata: 2.4351559542119503
  landing: 1.4189189071767032
  view-data: 1.4872091002762318
