times:
  edit-metadata: 1.2553546619601548
  landing: 0.21136235201265663
  view-data: 0.23510320304194465
