times:
  edit-metadata: 2.0602716468274593
  landing: 1.231479600071907
  view-data: 1.4126336220651865
