times:
  edit-metadata: 1.8678900739178061
  landing: 1.2462304618675262
  view-data: 1.5263145209755749
