times:
  edit-metadata: 2.026838299818337
  landing: 1.3043028572574258
  view-data: 1.3382131662219763
