times:
  edit-metadata: 2.1289007365703583
  landing: 1.555420307442546
  view-data: 1.3271653121337295
