times:
  edit-metadata: 1.5372246503829956
  landing: 1.0707258395850658
  view-data: 0.9700666889548302
