times:
  edit-metadata: 2.2577876709401608
  landing: 1.3157087676227093
  view-data: 3.4341880306601524
