times:
  edit-metadata: 2.2738758958876133
  landing: 1.3103201761841774
  view-data: 1.5210227966308594
