times:
  edit-metadata: 2.4804220888763666
  landing: 1.7302238252013922
  view-data: 1.4137666150927544
