times:
  edit-metadata: 2.155602678656578
  landing: 1.311956461519003
  view-data: 3.3542901910841465
