times:
  edit-metadata: 2.192890443839133
  landing: 1.2676287274807692
  view-data: 1.3377996543422341
