times:
  edit-metadata: 2.0874757105484605
  landing: 1.4832688802853227
  view-data: 1.3680410720407963
