times:
  edit-metadata: 1.5166871435940266
  landing: 1.131975919008255
  view-data: 1.1022917069494724
