times:
  edit-metadata: 2.2772607561200857
  landing: 1.7191439121961594
  view-data: 1.2396934982389212
