times:
  edit-metadata: 1.8127481415867805
  landing: 1.2909460626542568
  view-data: 0.8708673603832722
