times:
  edit-metadata: 1.7365181911736727
  landing: 1.320604084059596
  view-data: 1.3135295156389475
