times:
  edit-metadata: 1.777817886788398
  landing: 1.2854831020813435
  view-data: 1.5498157169204205
