times:
  edit-metadata: 2.120515275746584
  landing: 1.2892745770514011
  view-data: 3.4459173679351807
