times:
  edit-metadata: 1.966157030314207
  landing: 1.3240922875702381
  view-data: 1.7373067568987608
