times:
  edit-metadata: 2.0842188876122236
  landing: 1.3699145475402474
  view-data: 1.5124208964407444
