times:
  edit-metadata: 2.392701417207718
  landing: 1.2800438776612282
  view-data: 0.8296561576426029
