times:
  edit-metadata: 2.3205351307988167
  landing: 1.3856649547815323
  view-data: 1.7907202951610088
