times:
  edit-metadata: 1.5293728522956371
  landing: 1.2910608444362879
  view-data: 1.1810342632234097
