times:
  edit-metadata: 1.9815763011574745
  landing: 1.2096727192401886
  view-data: 3.3249016478657722
