times:
  edit-metadata: 2.2115145847201347
  landing: 1.4361407198011875
  view-data: 3.4503272995352745
