times:
  edit-metadata: 2.2799914376810193
  landing: 1.2658241791650653
  view-data: 1.3848640620708466
