times:
  edit-metadata: 1.5393730886280537
  landing: 1.1296131052076817
  view-data: 1.380753517150879
