times:
  edit-metadata: 2.1157286185771227
  landing: 1.4988671448081732
  view-data: 1.2811636701226234
