times:
  edit-metadata: 1.555855805054307
  landing: 1.2046715188771486
  view-data: 1.435040932148695
