times:
  edit-metadata: 1.5084534455090761
  landing: 1.2052731215953827
  view-data: 1.5116540882736444
