times:
  edit-metadata: 1.6565379463136196
  landing: 1.1836893670260906
  view-data: 1.3566449861973524
