times:
  edit-metadata: 2.643474880605936
  landing: 1.766747135668993
  view-data: 3.445375520735979
