times:
  edit-metadata: 1.98752372385934
  landing: 1.6087199398316443
  view-data: 1.5667124819010496
