times:
  edit-metadata: 2.1120785027742386
  landing: 1.270568110048771
  view-data: 3.3543397821485996
