times:
  edit-metadata: 1.638232296332717
  landing: 1.2741448190063238
  view-data: 1.3173827547580004
