times:
  edit-metadata: 1.7973317205905914
  landing: 1.2507094973698258
  view-data: 1.5510783065110445
