times:
  edit-metadata: 3.0275430753827095
  landing: 1.957817941904068
  view-data: 3.4605590663850307
