times:
  edit-metadata: 2.0876625813543797
  landing: 1.2366010434925556
  view-data: 3.424944944679737
