times:
  edit-metadata: 2.374069392681122
  landing: 1.6070493161678314
  view-data: 3.3803095519542694
