times:
  edit-metadata: 1.6640142053365707
  landing: 1.3563437908887863
  view-data: 1.469858005642891
