times:
  edit-metadata: 2.321925863623619
  landing: 1.370251178741455
  view-data: 3.422024343162775
