times:
  edit-metadata: 1.5190966576337814
  landing: 1.1265225298702717
  view-data: 1.1052458956837654
