times:
  edit-metadata: 2.5242856703698635
  landing: 1.661560520529747
  view-data: 1.1811781898140907
