times:
  edit-metadata: 2.31500730663538
  landing: 1.3709288761019707
  view-data: 3.44254257529974
