times:
  edit-metadata: 1.992128875106573
  landing: 1.2119754925370216
  view-data: 3.3382440097630024
