times:
  edit-metadata: 2.0965001359581947
  landing: 1.3463620245456696
  view-data: 3.305169392377138
