times:
  edit-metadata: 2.158188186585903
  landing: 1.2674194909632206
  view-data: 3.432271484285593
