times:
  edit-metadata: 1.556447984650731
  landing: 1.1795493867248297
  view-data: 1.4812649711966515
