times:
  edit-metadata: 1.8172733299434185
  landing: 1.389169069007039
  view-data: 1.2682818931061774
