times:
  edit-metadata: 2.6972001641988754
  landing: 1.4738449919968843
  view-data: 1.5242951475083828
