times:
  edit-metadata: 1.5814244858920574
  landing: 1.238709006458521
  view-data: 3.4514850303530693
