times:
  edit-metadata: 2.1016050949692726
  landing: 1.1916626878082752
  view-data: 3.3760912008583546
