times:
  edit-metadata: 2.0160656683146954
  landing: 1.4172292426228523
  view-data: 1.1870209537446499
