times:
  edit-metadata: 2.2109863124787807
  landing: 1.3369634337723255
  view-data: 0.9552477933466434
