times:
  edit-metadata: 2.120241828262806
  landing: 1.41741394251585
  view-data: 1.1822175607085228
