times:
  edit-metadata: 2.003149015828967
  landing: 1.3317072689533234
  view-data: 1.4943614951334894
