times:
  edit-metadata: 2.892285568639636
  landing: 1.3441632259637117
  view-data: 1.4250884987413883
