times:
  edit-metadata: 1.4825566448271275
  landing: 0.7688816115260124
  view-data: 3.317262563854456
