times:
  edit-metadata: 1.7473886162042618
  landing: 1.0321052744984627
  view-data: 3.4428766518831253
