times:
  edit-metadata: 1.462260290980339
  landing: 0.8254424594342709
  view-data: 3.3166651874780655
