times:
  edit-metadata: 1.6718125641345978
  landing: 1.0592813715338707
  view-data: 3.35053464025259
