times:
  edit-metadata: 1.5037510432302952
  landing: 0.7660068683326244
  view-data: 3.3406025134027004
