times:
  edit-metadata: 1.4664056077599525
  landing: 0.7175426483154297
  view-data: 3.532390557229519
