times:
  edit-metadata: 1.5515182241797447
  landing: 0.7829638570547104
  view-data: 3.347444199025631
