times:
  edit-metadata: 1.4052067548036575
  landing: 0.7484570518136024
  view-data: 3.461601972579956
