times:
  edit-metadata: 1.4361307583749294
  landing: 0.7770950086414814
  view-data: 3.4109739512205124
