times:
  edit-metadata: 1.512865200638771
  landing: 0.7112162038683891
  view-data: 3.7742090821266174
