times:
  edit-metadata: 1.5193567425012589
  landing: 0.7504865601658821
  view-data: 3.7665479630231857
