times:
  edit-metadata: 1.3812736049294472
  landing: 0.7195142954587936
  view-data: 3.2919028103351593
