times:
  edit-metadata: 1.6169825494289398
  landing: 1.5219671651721
  view-data: 3.407359331846237
