times:
  edit-metadata: 1.6291792392730713
  landing: 0.7701644599437714
  view-data: 3.3549484983086586
