times:
  edit-metadata: 1.4966738522052765
  landing: 0.6907149404287338
  view-data: 3.4380029886960983
