times:
  edit-metadata: 1.5256230421364307
  landing: 0.7951952069997787
  view-data: 3.3624304309487343
