times:
  edit-metadata: 1.4459657073020935
  landing: 0.7273401096463203
  view-data: 3.494005925953388
