times:
  edit-metadata: 1.5271117612719536
  landing: 0.7711030393838882
  view-data: 3.3054637387394905
