times:
  edit-metadata: 1.512099202722311
  landing: 0.8813784867525101
  view-data: 3.3437106236815453
