times:
  edit-metadata: 2.285839445888996
  landing: 0.9665115661919117
  view-data: 3.6026615537703037
