times:
  edit-metadata: 1.4408990480005741
  landing: 0.8653087578713894
  view-data: 3.332738671451807
