times:
  edit-metadata: 1.4647058323025703
  landing: 0.7702373154461384
  view-data: 3.3089443184435368
