times:
  edit-metadata: 1.4961300194263458
  landing: 0.7957463786005974
  view-data: 3.3470836728811264
