times:
  edit-metadata: 1.443969003856182
  landing: 0.7769457772374153
  view-data: 3.2722708508372307
