times:
  edit-metadata: 1.422179915010929
  landing: 0.7234018370509148
  view-data: 3.4767133593559265
