times:
  edit-metadata: 2.065114002674818
  landing: 1.001733262091875
  view-data: 3.674273006618023
