times:
  edit-metadata: 1.3793241828680038
  landing: 0.7168463915586472
  view-data: 3.4502861574292183
