times:
  edit-metadata: 1.4305990263819695
  landing: 0.7165911085903645
  view-data: 3.2787642516195774
