times:
  edit-metadata: 1.5233295187354088
  landing: 0.757070742547512
  view-data: 3.3181852772831917
