times:
  edit-metadata: 1.3577681332826614
  landing: 0.7303662523627281
  view-data: 3.4702117294073105
