times:
  edit-metadata: 1.4937001504004002
  landing: 0.7736627124249935
  view-data: 3.384752929210663
