times:
  edit-metadata: 1.4144267663359642
  landing: 0.8491225838661194
  view-data: 3.3616754449903965
