times:
  edit-metadata: 1.4861318618059158
  landing: 0.780161164700985
  view-data: 3.332388259470463
