times:
  edit-metadata: 1.5501430742442608
  landing: 0.9057349748909473
  view-data: 3.3382040932774544
