times:
  edit-metadata: 1.4285095930099487
  landing: 0.8414338156580925
  view-data: 3.447980083525181
