times:
  edit-metadata: 1.4634093195199966
  landing: 0.7709731087088585
  view-data: 3.4014353305101395
