times:
  edit-metadata: 1.4442011713981628
  landing: 0.8046481981873512
  view-data: 3.46075901389122
