times:
  edit-metadata: 1.5404084473848343
  landing: 0.8809608668088913
  view-data: 3.309745065867901
