times:
  edit-metadata: 1.50336604565382
  landing: 0.8210945799946785
  view-data: 3.3396270349621773
