times:
  edit-metadata: 1.3606431633234024
  landing: 0.7579219788312912
  view-data: 3.3304055482149124
