times:
  edit-metadata: 1.392982728779316
  landing: 0.6934990547597408
  view-data: 3.3451921083033085
