times:
  edit-metadata: 1.516573928296566
  landing: 0.7488421350717545
  view-data: 3.446182020008564
