times:
  edit-metadata: 1.57856909558177
  landing: 0.8028014078736305
  view-data: 3.276202153414488
