times:
  edit-metadata: 1.4662570543587208
  landing: 0.8322373926639557
  view-data: 3.428766395896673
