times:
  edit-metadata: 1.352092806249857
  landing: 0.7998214922845364
  view-data: 3.280120085924864
