times:
  edit-metadata: 1.389425903558731
  landing: 0.7280838340520859
  view-data: 3.421934999525547
