times:
  edit-metadata: 1.40232802182436
  landing: 0.7636096552014351
  view-data: 3.3856183364987373
