times:
  edit-metadata: 1.4201199933886528
  landing: 0.7122705206274986
  view-data: 3.2517894841730595
