times:
  edit-metadata: 1.3554048985242844
  landing: 0.6787361279129982
  view-data: 3.5111696496605873
