times:
  edit-metadata: 1.4021920897066593
  landing: 0.7787217497825623
  view-data: 3.29484786093235
