times:
  edit-metadata: 1.5858547762036324
  landing: 0.9228173270821571
  view-data: 3.4466399028897285
