times:
  edit-metadata: 1.3540977723896503
  landing: 0.7499983794987202
  view-data: 3.3373549953103065
