times:
  edit-metadata: 1.3620925769209862
  landing: 0.7224238589406013
  view-data: 3.2666311524808407
