times:
  edit-metadata: 1.4889005422592163
  landing: 0.7520341724157333
  view-data: 3.469400532543659
