times:
  edit-metadata: 1.339891992509365
  landing: 0.6950011551380157
  view-data: 3.418962486088276
