times:
  edit-metadata: 1.4451511651277542
  landing: 0.7639912515878677
  view-data: 3.5548973083496094
