times:
  edit-metadata: 1.5435581803321838
  landing: 0.7904840484261513
  view-data: 3.452911339700222
