times:
  edit-metadata: 1.5072843432426453
  landing: 0.8613703697919846
  view-data: 3.295310840010643
