times:
  edit-metadata: 1.4838574901223183
  landing: 0.7732982113957405
  view-data: 3.4945798590779305
