times:
  edit-metadata: 1.42932590842247
  landing: 0.8648554682731628
  view-data: 3.4920191019773483
