times:
  edit-metadata: 1.485815815627575
  landing: 0.7581614106893539
  view-data: 3.4424250796437263
