times:
  edit-metadata: 1.526698276400566
  landing: 0.8211688213050365
  view-data: 3.315328974276781
