times:
  edit-metadata: 2.1934914365410805
  landing: 1.3504094034433365
  view-data: 3.957604579627514
