times:
  edit-metadata: 1.3257484957575798
  landing: 0.6828622594475746
  view-data: 3.341397173702717
