times:
  edit-metadata: 1.382575299590826
  landing: 0.7324001118540764
  view-data: 3.344185668975115
