times:
  edit-metadata: 1.4752679616212845
  landing: 0.8806398436427116
  view-data: 3.5714843943715096
