times:
  edit-metadata: 1.480702169239521
  landing: 0.8011627197265625
  view-data: 3.4685386642813683
