times:
  edit-metadata: 1.9769362732768059
  landing: 1.187522992491722
  view-data: 3.4890202321112156
