times:
  edit-metadata: 1.4117074757814407
  landing: 0.6867163851857185
  view-data: 3.3610570654273033
