times:
  edit-metadata: 1.3892488926649094
  landing: 0.7840379700064659
  view-data: 3.3371397890150547
