times:
  edit-metadata: 1.5014910250902176
  landing: 0.7278796657919884
  view-data: 3.491115354001522
