times:
  edit-metadata: 1.421115942299366
  landing: 0.7397168911993504
  view-data: 3.38006279990077
