times:
  edit-metadata: 1.4143344946205616
  landing: 0.7659186273813248
  view-data: 3.3456364534795284
