times:
  edit-metadata: 1.4865671321749687
  landing: 0.8926418758928776
  view-data: 3.3158890195190907
