times:
  edit-metadata: 1.1199771761894226
  landing: 0.8690134733915329
  view-data: 3.4425478279590607
