times:
  edit-metadata: 1.4462763667106628
  landing: 0.6793661490082741
  view-data: 3.4951599091291428
