times:
  edit-metadata: 1.420125599950552
  landing: 0.7557281404733658
  view-data: 3.2750552892684937
