times:
  edit-metadata: 1.424686823040247
  landing: 0.757588118314743
  view-data: 3.3342272490262985
