times:
  edit-metadata: 1.4286120794713497
  landing: 0.723167397081852
  view-data: 3.36653683334589
