times:
  edit-metadata: 1.4980608448386192
  landing: 0.9144936352968216
  view-data: 3.554143473505974
