times:
  edit-metadata: 1.4341350607573986
  landing: 0.8036993965506554
  view-data: 3.385872971266508
