times:
  edit-metadata: 1.40584035217762
  landing: 0.736492283642292
  view-data: 3.296139795333147
