times:
  edit-metadata: 1.5025990456342697
  landing: 0.7423782199621201
  view-data: 3.472002863883972
