times:
  edit-metadata: 1.3806698210537434
  landing: 0.7771910019218922
  view-data: 3.345508396625519
