times:
  edit-metadata: 1.4288025870919228
  landing: 0.8565050140023232
  view-data: 3.4151337444782257
