times:
  edit-metadata: 1.5498364120721817
  landing: 0.7062518745660782
  view-data: 3.4695648476481438
