times:
  edit-metadata: 1.3964537382125854
  landing: 0.7116056978702545
  view-data: 3.541678935289383
