times:
  edit-metadata: 1.429641179740429
  landing: 0.7140719443559647
  view-data: 3.35658647865057
