times:
  edit-metadata: 2.2496354654431343
  landing: 2.3132812194526196
  view-data: 3.354449801146984
