times:
  edit-metadata: 2.3662158623337746
  landing: 1.2704155072569847
  view-data: 3.454371675848961
