times:
  edit-metadata: 1.7671904638409615
  landing: 0.8698272034525871
  view-data: 3.3721878230571747
