times:
  edit-metadata: 1.406987078487873
  landing: 0.789402574300766
  view-data: 3.2600589841604233
