times:
  edit-metadata: 1.399204134941101
  landing: 0.6981756240129471
  view-data: 3.4007725715637207
