times:
  edit-metadata: 1.4238156899809837
  landing: 0.791629008948803
  view-data: 3.441493146121502
