times:
  edit-metadata: 1.4036623984575272
  landing: 0.745832733809948
  view-data: 3.2849108651280403
