times:
  edit-metadata: 1.4212155118584633
  landing: 0.7230067625641823
  view-data: 3.360264614224434
