times:
  edit-metadata: 1.5028842352330685
  landing: 0.7451546043157578
  view-data: 3.330937147140503
