times:
  edit-metadata: 1.4585656486451626
  landing: 0.8503633961081505
  view-data: 3.303096991032362
