times:
  edit-metadata: 1.4915599636733532
  landing: 0.9691869206726551
  view-data: 3.356917705386877
