times:
  edit-metadata: 1.3648986518383026
  landing: 0.7464838624000549
  view-data: 3.4801497608423233
