times:
  edit-metadata: 1.35331641882658
  landing: 0.7317987382411957
  view-data: 3.4513499960303307
