times:
  edit-metadata: 1.5797029845416546
  landing: 0.835308313369751
  view-data: 3.3182234913110733
