times:
  edit-metadata: 1.9493534937500954
  landing: 0.9458725303411484
  view-data: 3.3354771733283997
