times:
  edit-metadata: 2.2373073920607567
  landing: 0.962741531431675
  view-data: 3.4247727543115616
