times:
  edit-metadata: 1.4410553872585297
  landing: 0.6870255917310715
  view-data: 3.481064647436142
