times:
  edit-metadata: 1.513282723724842
  landing: 0.7650130018591881
  view-data: 3.4877865463495255
