times:
  edit-metadata: 3.46552025526762
  landing: 1.5205651596188545
  view-data: 4.2086652889847755
