times:
  edit-metadata: 2.465350951999426
  landing: 1.2580856159329414
  view-data: 3.314309686422348
