times:
  edit-metadata: 1.4772045649588108
  landing: 0.7423406392335892
  view-data: 3.2907747849822044
