times:
  edit-metadata: 1.5362776517868042
  landing: 0.7846532091498375
  view-data: 3.3683569505810738
