times:
  edit-metadata: 1.3363904729485512
  landing: 0.73920077085495
  view-data: 3.507215827703476
