times:
  edit-metadata: 1.6970983445644379
  landing: 0.9971098303794861
  view-data: 3.361724838614464
