times:
  edit-metadata: 1.5364520400762558
  landing: 0.8163475096225739
  view-data: 3.3942474722862244
