times:
  edit-metadata: 1.4983987286686897
  landing: 0.7342997416853905
  view-data: 3.333854056894779
