times:
  edit-metadata: 1.4966849982738495
  landing: 0.7691459059715271
  view-data: 3.3560980930924416
