times:
  edit-metadata: 1.5454231724143028
  landing: 0.814114011824131
  view-data: 3.321661598980427
