times:
  edit-metadata: 1.3467180877923965
  landing: 0.7301471009850502
  view-data: 3.493565760552883
