times:
  edit-metadata: 1.5299713760614395
  landing: 0.8336311057209969
  view-data: 3.4802035093307495
