times:
  edit-metadata: 1.5397951528429985
  landing: 0.845424510538578
  view-data: 3.4965858832001686
