times:
  edit-metadata: 1.399203609675169
  landing: 0.8006279170513153
  view-data: 3.3789918161928654
