times:
  edit-metadata: 1.341086469590664
  landing: 0.7460555247962475
  view-data: 3.3367700167000294
