times:
  edit-metadata: 1.4025894775986671
  landing: 0.743764340877533
  view-data: 0.619002066552639
