times:
  edit-metadata: 1.5036099180579185
  landing: 0.7387444488704205
  view-data: 3.320115901529789
