times:
  edit-metadata: 1.446929819881916
  landing: 0.7218721807003021
  view-data: 3.3329485431313515
