times:
  edit-metadata: 1.4539448022842407
  landing: 0.7743123918771744
  view-data: 3.4160703122615814
