times:
  edit-metadata: 1.46028321236372
  landing: 0.7319088391959667
  view-data: 3.3200362659990788
