times:
  edit-metadata: 2.008800856769085
  landing: 1.2281724512577057
  view-data: 3.613519586622715
