times:
  edit-metadata: 1.5008661597967148
  landing: 0.7432493269443512
  view-data: 3.456170402467251
