times:
  edit-metadata: 1.4491943717002869
  landing: 0.6787685006856918
  view-data: 3.480565920472145
