times:
  edit-metadata: 1.6663569137454033
  landing: 0.8050708919763565
  view-data: 3.634280100464821
