times:
  edit-metadata: 1.7214399389922619
  landing: 0.8918191716074944
  view-data: 3.3438356705009937
