times:
  edit-metadata: 1.418398603796959
  landing: 0.8498111590743065
  view-data: 3.34010823816061
