times:
  edit-metadata: 1.4694881327450275
  landing: 0.726391576230526
  view-data: 3.3578240163624287
