times:
  edit-metadata: 2.5216687694191933
  landing: 1.639866016805172
  view-data: 3.5956605076789856
