times:
  edit-metadata: 1.3992044478654861
  landing: 0.7164456620812416
  view-data: 3.484012931585312
