times:
  edit-metadata: 1.3787988014519215
  landing: 0.7820301316678524
  view-data: 3.377275478094816
