times:
  edit-metadata: 2.61634461581707
  landing: 1.43887347728014
  view-data: 3.360503450036049
