times:
  edit-metadata: 1.5489949360489845
  landing: 0.6839274168014526
  view-data: 3.408023953437805
