times:
  edit-metadata: 1.6030507162213326
  landing: 0.9534571319818497
  view-data: 3.3831494823098183
