times:
  edit-metadata: 1.3177092373371124
  landing: 0.7002292722463608
  view-data: 3.4541932344436646
