times:
  edit-metadata: 1.3624190352857113
  landing: 0.7769861146807671
  view-data: 3.3420279510319233
