times:
  edit-metadata: 1.4643846154212952
  landing: 0.8205616772174835
  view-data: 3.439782679080963
