times:
  edit-metadata: 1.4805929511785507
  landing: 0.7917508482933044
  view-data: 3.3093848265707493
