times:
  edit-metadata: 1.38507591933012
  landing: 0.7920370697975159
  view-data: 3.5319760739803314
