times:
  edit-metadata: 1.4233289286494255
  landing: 0.6839841082692146
  view-data: 3.4424428790807724
