times:
  edit-metadata: 1.42735206335783
  landing: 0.6995917186141014
  view-data: 3.4963383823633194
