times:
  edit-metadata: 1.923327773809433
  landing: 1.0648661218583584
  view-data: 3.3547564670443535
