times:
  edit-metadata: 1.3390475884079933
  landing: 0.689135879278183
  view-data: 3.4162782952189445
