times:
  edit-metadata: 1.5048238709568977
  landing: 0.7262762933969498
  view-data: 3.2822665348649025
