times:
  edit-metadata: 1.3827428743243217
  landing: 0.7578955814242363
  view-data: 3.36518969014287
