times:
  edit-metadata: 1.4494754746556282
  landing: 0.781874030828476
  view-data: 3.477510593831539
