times:
  edit-metadata: 2.170407097786665
  landing: 1.044700276106596
  view-data: 3.5105983950197697
