times:
  edit-metadata: 1.503039225935936
  landing: 0.7478795349597931
  view-data: 3.468443810939789
