times:
  edit-metadata: 1.4958096742630005
  landing: 0.7967037111520767
  view-data: 3.535738080739975
