times:
  edit-metadata: 1.5548639744520187
  landing: 0.9022030606865883
  view-data: 3.2876180186867714
