times:
  edit-metadata: 1.436151772737503
  landing: 0.8693856745958328
  view-data: 3.4970462322235107
