times:
  edit-metadata: 1.5251287296414375
  landing: 0.8778488039970398
  view-data: 3.3375306725502014
