times:
  edit-metadata: 1.470428615808487
  landing: 0.8513009175658226
  view-data: 3.3023624420166016
