times:
  edit-metadata: 1.4216168820858002
  landing: 0.8331546559929848
  view-data: 3.4751694947481155
