times:
  edit-metadata: 1.4914668686687946
  landing: 0.840432483702898
  view-data: 3.303145382553339
