times:
  edit-metadata: 1.4855712056159973
  landing: 0.9135888367891312
  view-data: 3.448329232633114
