times:
  edit-metadata: 1.7227367535233498
  landing: 1.0563853234052658
  view-data: 3.3871594965457916
