times:
  edit-metadata: 1.5305129885673523
  landing: 0.7874756827950478
  view-data: 3.4926236644387245
