times:
  edit-metadata: 1.3981418013572693
  landing: 0.8153452426195145
  view-data: 3.4252042323350906
