times:
  edit-metadata: 1.48940559476614
  landing: 0.7848088145256042
  view-data: 3.4713343530893326
