times:
  edit-metadata: 1.4667455479502678
  landing: 0.9491981416940689
  view-data: 3.5465173572301865
