times:
  edit-metadata: 1.688267033547163
  landing: 0.8685629516839981
  view-data: 3.3812500089406967
