times:
  edit-metadata: 1.5599235966801643
  landing: 0.7950832322239876
  view-data: 3.67980844527483
