times:
  edit-metadata: 1.4652893170714378
  landing: 0.8803212270140648
  view-data: 3.417056255042553
