times:
  edit-metadata: 1.549855887889862
  landing: 0.7839620858430862
  view-data: 3.506957083940506
