times:
  edit-metadata: 1.352729294449091
  landing: 0.8171096481382847
  view-data: 3.312487628310919
