times:
  edit-metadata: 1.461282305419445
  landing: 0.8151111975312233
  view-data: 3.280790366232395
