times:
  edit-metadata: 1.5466890633106232
  landing: 0.8681402429938316
  view-data: 3.299291104078293
