times:
  edit-metadata: 1.4336784929037094
  landing: 0.8730950802564621
  view-data: 3.344709999859333
