times:
  edit-metadata: 1.4482792615890503
  landing: 0.7705090641975403
  view-data: 3.426193282008171
