times:
  edit-metadata: 1.4734010472893715
  landing: 0.8278307244181633
  view-data: 3.5064238980412483
