times:
  edit-metadata: 1.5323040410876274
  landing: 0.7427621930837631
  view-data: 3.4270555153489113
