times:
  edit-metadata: 1.403113566339016
  landing: 0.7544463723897934
  view-data: 3.440683349967003
