times:
  edit-metadata: 1.4282601550221443
  landing: 0.7897280678153038
  view-data: 3.504566013813019
