times:
  edit-metadata: 1.4827984124422073
  landing: 0.8078616634011269
  view-data: 3.479569174349308
