times:
  edit-metadata: 1.3994155526161194
  landing: 0.8973754569888115
  view-data: 3.350413754582405
