times:
  edit-metadata: 1.4445413053035736
  landing: 0.8055927790701389
  view-data: 3.3027761578559875
