times:
  edit-metadata: 1.3857799246907234
  landing: 0.7906526178121567
  view-data: 3.52642959356308
