times:
  edit-metadata: 1.4848054349422455
  landing: 0.9490652419626713
  view-data: 3.285480570048094
