times:
  edit-metadata: 2.000827468931675
  landing: 1.521469585597515
  view-data: 3.4126753956079483
