times:
  edit-metadata: 1.46985574811697
  landing: 0.7946591377258301
  view-data: 3.450913541018963
