times:
  edit-metadata: 1.4327688664197922
  landing: 0.8310230299830437
  view-data: 3.418032519519329
