times:
  edit-metadata: 1.3338613249361515
  landing: 0.7603888139128685
  view-data: 3.3175240382552147
