times:
  edit-metadata: 1.3710675239562988
  landing: 0.857236884534359
  view-data: 9.239527180790901
