times:
  edit-metadata: 1.462772972881794
  landing: 0.8491847068071365
  view-data: 3.4106399789452553
