times:
  edit-metadata: 1.5222078934311867
  landing: 0.8016103729605675
  view-data: 3.455905318260193
