times:
  edit-metadata: 1.4136587753891945
  landing: 0.7182977199554443
  view-data: 3.6574005484580994
