times:
  edit-metadata: 1.5188938342034817
  landing: 0.8469893038272858
  view-data: 3.353104341775179
