times:
  edit-metadata: 1.4471652433276176
  landing: 0.8042246997356415
  view-data: 3.464667856693268
