times:
  edit-metadata: 1.6525062546133995
  landing: 0.9729132354259491
  view-data: 3.43515931814909
