times:
  edit-metadata: 1.4597057849168777
  landing: 0.8572148308157921
  view-data: 3.3015241771936417
