times:
  edit-metadata: 2.2845083102583885
  landing: 1.3239895030856133
  view-data: 3.5417754501104355
