times:
  edit-metadata: 1.5308631509542465
  landing: 0.7987422868609428
  view-data: 3.374723680317402
