times:
  edit-metadata: 1.4822977557778358
  landing: 0.8559156805276871
  view-data: 3.5046934336423874
