times:
  edit-metadata: 1.4534055404365063
  landing: 0.7736257128417492
  view-data: 3.3208504766225815
