times:
  edit-metadata: 2.3212068378925323
  landing: 1.0402525588870049
  view-data: 3.313681624829769
