times:
  edit-metadata: 1.4583127424120903
  landing: 0.8089951984584332
  view-data: 3.331639301031828
