times:
  edit-metadata: 1.4743973463773727
  landing: 0.8261718675494194
  view-data: 3.355065695941448
