times:
  edit-metadata: 1.5048454329371452
  landing: 0.8408991023898125
  view-data: 3.4739792346954346
