times:
  edit-metadata: 1.3728905245661736
  landing: 0.8295057117938995
  view-data: 3.2674934789538383
