times:
  edit-metadata: 2.10481221601367
  landing: 1.373749639838934
  view-data: 3.5924864932894707
