times:
  edit-metadata: 1.6531064361333847
  landing: 0.8797710798680782
  view-data: 3.3219790682196617
