times:
  edit-metadata: 1.5927338898181915
  landing: 0.9012203849852085
  view-data: 3.3290744684636593
