times:
  edit-metadata: 1.5361221209168434
  landing: 0.7798204272985458
  view-data: 3.4646966978907585
