times:
  edit-metadata: 1.4368199035525322
  landing: 0.781942218542099
  view-data: 3.4871958941221237
