times:
  edit-metadata: 1.3939524441957474
  landing: 0.8003672659397125
  view-data: 3.5337801054120064
