times:
  edit-metadata: 1.5020131655037403
  landing: 0.8936423510313034
  view-data: 3.2811182998120785
