times:
  edit-metadata: 1.463914591819048
  landing: 0.8501110561192036
  view-data: 3.2949815653264523
