times:
  edit-metadata: 1.4771409705281258
  landing: 0.7650316953659058
  view-data: 3.423006735742092
