times:
  edit-metadata: 1.5565030872821808
  landing: 0.9052799418568611
  view-data: 3.267839901149273
