times:
  edit-metadata: 1.4863492548465729
  landing: 0.8749886378645897
  view-data: 3.4586626142263412
