times:
  edit-metadata: 1.3684546872973442
  landing: 0.8255451545119286
  view-data: 3.451143227517605
