times:
  edit-metadata: 1.381376251578331
  landing: 0.7925862520933151
  view-data: 3.299726516008377
