times:
  edit-metadata: 1.4530205503106117
  landing: 0.7896918430924416
  view-data: 3.515312038362026
