times:
  edit-metadata: 1.4495050050318241
  landing: 0.8072960712015629
  view-data: 3.3693106286227703
