times:
  edit-metadata: 1.5393978655338287
  landing: 0.8255371674895287
  view-data: 3.5135760456323624
