times:
  edit-metadata: 1.4346030503511429
  landing: 0.8198029175400734
  view-data: 3.2970141656696796
