times:
  edit-metadata: 1.9709010943770409
  landing: 1.0776694491505623
  view-data: 3.37092162668705
