times:
  edit-metadata: 1.4334586560726166
  landing: 0.8458208665251732
  view-data: 3.298717215657234
