times:
  edit-metadata: 2.622171636670828
  landing: 1.5116478838026524
  view-data: 3.6585589721798897
