times:
  edit-metadata: 1.5010408833622932
  landing: 0.8468609489500523
  view-data: 3.3088477551937103
