times:
  edit-metadata: 2.5274991616606712
  landing: 1.5400137677788734
  view-data: 3.699939213693142
