times:
  edit-metadata: 1.4441397599875927
  landing: 1.0219517685472965
  view-data: 3.29001484811306
