times:
  edit-metadata: 1.4046627506613731
  landing: 0.7268179729580879
  view-data: 3.5360133424401283
