times:
  edit-metadata: 1.3555562309920788
  landing: 0.8560909628868103
  view-data: 3.3673483468592167
