times:
  edit-metadata: 1.4980997890233994
  landing: 0.8029518872499466
  view-data: 3.303200200200081
