times:
  edit-metadata: 1.904865339398384
  landing: 0.9271129667758942
  view-data: 4.8315709233284
