times:
  edit-metadata: 1.4705423414707184
  landing: 0.8249711282551289
  view-data: 3.270616926252842
