times:
  edit-metadata: 1.5635187849402428
  landing: 0.8742161393165588
  view-data: 3.3562034517526627
