times:
  edit-metadata: 1.4389278218150139
  landing: 0.7782078683376312
  view-data: 3.4735809341073036
