times:
  edit-metadata: 1.3825223743915558
  landing: 0.8264512866735458
  view-data: 3.349500171840191
