times:
  edit-metadata: 1.5069310739636421
  landing: 0.9008700996637344
  view-data: 3.5465698316693306
