times:
  edit-metadata: 1.4344176352024078
  landing: 0.9050350897014141
  view-data: 3.3928049691021442
