times:
  edit-metadata: 1.423703558743
  landing: 0.7547570392489433
  view-data: 3.4789867624640465
