times:
  edit-metadata: 1.4746513590216637
  landing: 0.8472925648093224
  view-data: 3.4120326936244965
