times:
  edit-metadata: 1.5352107137441635
  landing: 0.9066055491566658
  view-data: 3.4511964693665504
