times:
  edit-metadata: 1.4001597948372364
  landing: 0.7214005924761295
  view-data: 3.311340868473053
