times:
  edit-metadata: 1.428921364247799
  landing: 0.8445195108652115
  view-data: 3.471762530505657
