times:
  edit-metadata: 1.809862270951271
  landing: 1.1931094899773598
  view-data: 3.8963031843304634
