times:
  edit-metadata: 1.386974386870861
  landing: 0.8754339478909969
  view-data: 3.2772437296807766
