times:
  edit-metadata: 1.4529107809066772
  landing: 0.7806297019124031
  view-data: 3.4496136754751205
