times:
  edit-metadata: 1.8405484780669212
  landing: 1.008999440819025
  view-data: 3.326969340443611
