times:
  edit-metadata: 1.5070578455924988
  landing: 0.7675349190831184
  view-data: 3.535451777279377
