times:
  edit-metadata: 1.5521824583411217
  landing: 0.9868547841906548
  view-data: 3.4070771038532257
