times:
  edit-metadata: 1.4726060777902603
  landing: 1.0434846058487892
  view-data: 3.4558314234018326
