times:
  edit-metadata: 1.9183029271662235
  landing: 1.176296778023243
  view-data: 3.338289253413677
