times:
  edit-metadata: 1.405309021472931
  landing: 0.7399728111922741
  view-data: 3.232138905674219
