times:
  edit-metadata: 2.1601058915257454
  landing: 1.4594117775559425
  view-data: 3.889645405113697
