times:
  edit-metadata: 1.513573244214058
  landing: 0.7895211279392242
  view-data: 3.3592124208807945
