times:
  edit-metadata: 1.5398811362683773
  landing: 0.9540144018828869
  view-data: 3.4414893686771393
