times:
  edit-metadata: 1.397080197930336
  landing: 0.7904699966311455
  view-data: 3.483355775475502
