times:
  edit-metadata: 1.8845825605094433
  landing: 1.1490366905927658
  view-data: 3.886188331991434
