times:
  edit-metadata: 1.3991844281554222
  landing: 0.7997973337769508
  view-data: 3.4668548479676247
