times:
  edit-metadata: 1.3659147769212723
  landing: 0.9125541299581528
  view-data: 3.539950378239155
