times:
  edit-metadata: 1.4002088271081448
  landing: 0.8111666180193424
  view-data: 3.262600887566805
