times:
  edit-metadata: 1.4329774901270866
  landing: 0.7537136971950531
  view-data: 3.3010346740484238
