times:
  edit-metadata: 2.395219899713993
  landing: 1.069087654352188
  view-data: 3.4535228684544563
