times:
  edit-metadata: 1.939736444503069
  landing: 1.1698497012257576
  view-data: 3.4097991064190865
