times:
  edit-metadata: 1.53312436491251
  landing: 0.7495152577757835
  view-data: 3.52390855550766
