times:
  edit-metadata: 1.4941324889659882
  landing: 0.7810327261686325
  view-data: 3.4585041999816895
