times:
  edit-metadata: 1.5640245527029037
  landing: 0.7457405775785446
  view-data: 3.502411499619484
