times:
  edit-metadata: 1.4225143417716026
  landing: 0.7432569786906242
  view-data: 3.456680007278919
