times:
  edit-metadata: 1.4579643532633781
  landing: 0.8052637726068497
  view-data: 3.5210657864809036
