times:
  edit-metadata: 1.5036240369081497
  landing: 0.9223986938595772
  view-data: 3.4983582496643066
