times:
  edit-metadata: 1.4988506622612476
  landing: 0.8726353906095028
  view-data: 3.368555571883917
