times:
  edit-metadata: 1.383578583598137
  landing: 0.8743827827274799
  view-data: 3.340559024363756
