times:
  edit-metadata: 1.411758542060852
  landing: 0.7962224632501602
  view-data: 3.3433776572346687
