times:
  edit-metadata: 1.464076567441225
  landing: 0.8373381905257702
  view-data: 3.2831494323909283
