times:
  edit-metadata: 1.5307016670703888
  landing: 0.7963363975286484
  view-data: 3.500853016972542
