times:
  edit-metadata: 1.3624558001756668
  landing: 0.8442728072404861
  view-data: 3.455823913216591
