times:
  edit-metadata: 1.3937445431947708
  landing: 0.842137798666954
  view-data: 3.567327670753002
