times:
  edit-metadata: 1.4675559848546982
  landing: 0.7589019387960434
  view-data: 3.353560298681259
