times:
  edit-metadata: 1.5163399279117584
  landing: 0.8943080976605415
  view-data: 3.328197978436947
