times:
  edit-metadata: 1.4708766639232635
  landing: 0.7518317922949791
  view-data: 3.4732262641191483
