times:
  edit-metadata: 1.476655337959528
  landing: 0.8336456455290318
  view-data: 3.2958094589412212
