times:
  edit-metadata: 1.4274725541472435
  landing: 0.8103667572140694
  view-data: 3.4462287053465843
