times:
  edit-metadata: 1.473098874092102
  landing: 0.7528714239597321
  view-data: 3.411226987838745
