times:
  edit-metadata: 1.3902592584490776
  landing: 0.90348294749856
  view-data: 3.343193903565407
