times:
  edit-metadata: 1.4796778336167336
  landing: 0.8012257739901543
  view-data: 3.469120316207409
