times:
  edit-metadata: 1.458529755473137
  landing: 0.7073958814144135
  view-data: 3.473576635122299
