times:
  edit-metadata: 1.4094127714633942
  landing: 1.0068863332271576
  view-data: 3.4529603347182274
