times:
  edit-metadata: 1.4011629596352577
  landing: 1.0446258932352066
  view-data: 3.4507934153079987
