times:
  edit-metadata: 2.031707376241684
  landing: 1.0532085672020912
  view-data: 3.4774373322725296
