times:
  edit-metadata: 1.47565483674407
  landing: 0.7888492830097675
  view-data: 3.357934918254614
