times:
  edit-metadata: 1.4414851889014244
  landing: 0.8259703293442726
  view-data: 3.4698691442608833
