times:
  edit-metadata: 1.3950765617191792
  landing: 0.9069821871817112
  view-data: 3.2831186279654503
