times:
  edit-metadata: 1.5767603628337383
  landing: 1.0784475319087505
  view-data: 3.368395686149597
