times:
  edit-metadata: 1.4936001524329185
  landing: 0.8342719748616219
  view-data: 3.349487565457821
