times:
  edit-metadata: 1.4098043255507946
  landing: 0.9351642467081547
  view-data: 3.2874049432575703
