times:
  edit-metadata: 1.398191511631012
  landing: 0.7774045690894127
  view-data: 3.4509220644831657
