times:
  edit-metadata: 1.4269740618765354
  landing: 0.9185565710067749
  view-data: 3.358657196164131
