times:
  edit-metadata: 1.459572471678257
  landing: 0.7411967441439629
  view-data: 3.3953791111707687
