times:
  edit-metadata: 1.4599973782896996
  landing: 0.9839547872543335
  view-data: 3.41364011913538
