times:
  edit-metadata: 1.4679099321365356
  landing: 0.903097115457058
  view-data: 3.3329156041145325
