times:
  edit-metadata: 1.3390575088560581
  landing: 0.8121517896652222
  view-data: 3.300390586256981
