times:
  edit-metadata: 1.5104392804205418
  landing: 0.9081620536744595
  view-data: 3.337238609790802
