times:
  edit-metadata: 1.3740010634064674
  landing: 0.8315096646547318
  view-data: 3.3532115556299686
