times:
  edit-metadata: 1.3877804391086102
  landing: 0.9200979545712471
  view-data: 3.3454496823251247
