times:
  edit-metadata: 1.4006127528846264
  landing: 0.8465809300541878
  view-data: 3.2938899248838425
