times:
  edit-metadata: 1.3887328170239925
  landing: 0.7689688131213188
  view-data: 3.243913237005472
