times:
  edit-metadata: 1.456429798156023
  landing: 0.8397624790668488
  view-data: 3.2839708104729652
