times:
  edit-metadata: 1.502546638250351
  landing: 0.7809052988886833
  view-data: 3.484657622873783
