times:
  edit-metadata: 1.5753271207213402
  landing: 0.966010894626379
  view-data: 3.327700410038233
