times:
  edit-metadata: 1.4954911023378372
  landing: 0.755789190530777
  view-data: 3.4252890795469284
