times:
  edit-metadata: 0.5791353430249728
  landing: 0.08404192398302257
  view-data: 0.2263808170100674
