times:
  edit-metadata: 1.421144563704729
  landing: 0.20958849973976612
  view-data: 0.3347429521381855
