times:
  edit-metadata: 1.4618054144084454
  landing: 0.8359834291040897
  view-data: 0.539547361433506
