times:
  edit-metadata: 1.5230882782489061
  landing: 0.02543012425303459
  view-data: 0.13085487484931946
