times:
  edit-metadata: 1.3585685417056084
  landing: 0.6817463412880898
  view-data: 3.31893490254879
