times:
  edit-metadata: 1.594102242961526
  landing: 0.7782561052590609
  view-data: 3.423524895682931
