times:
  edit-metadata: 0.6253160189371556
  landing: 0.05428739299532026
  view-data: 0.21589994907844812
