times:
  edit-metadata: 1.3892744332551956
  landing: 0.02619963977485895
  view-data: 0.026843413710594177
