times:
  edit-metadata: 1.4365287590771914
  landing: 0.8154895359184593
  view-data: 3.2859401020687073
