times:
  edit-metadata: 1.3568456312641501
  landing: 0.023518554866313934
  view-data: 0.12945434916764498
