times:
  edit-metadata: 0.502008794923313
  landing: 0.07026706903707236
  view-data: 0.21105989103671163
