times:
  edit-metadata: 1.6398462038487196
  landing: 0.02043670415878296
  view-data: 0.46609275601804256
