times:
  edit-metadata: 1.4332486987113953
  landing: 0.022827443666756153
  view-data: 0.1256212806329131
