times:
  edit-metadata: 1.4275043923407793
  landing: 0.757559148594737
  view-data: 3.30036199092865
