times:
  edit-metadata: 1.4582294002175331
  landing: 0.7542564868927002
  view-data: 3.3351892307400703
