times:
  edit-metadata: 1.4201355427503586
  landing: 0.020702702924609184
  view-data: 0.46197943668812513
