times:
  edit-metadata: 1.524227775982581
  landing: 0.8731883330037817
  view-data: 3.3365874469745904
