times:
  edit-metadata: 0.6009173011407256
  landing: 0.09554558107629418
  view-data: 0.34935070434585214
