times:
  edit-metadata: 1.5460858847945929
  landing: 0.8163831112906337
  view-data: 3.322794142179191
