times:
  edit-metadata: 1.5026621241122484
  landing: 0.7676479555666447
  view-data: 3.4212465342134237
