times:
  edit-metadata: 0.5154438850004226
  landing: 0.06465580896474421
  view-data: 0.21304766088724136
