times:
  edit-metadata: 1.646990418434143
  landing: 0.20243083499372005
  view-data: 0.39520972967147827
