times:
  edit-metadata: 1.3609885005280375
  landing: 0.02151069138199091
  view-data: 0.023812425322830677
