times:
  edit-metadata: 0.6084518088027835
  landing: 0.053995488211512566
  view-data: 0.34357822500169277
