times:
  edit-metadata: 1.4774457681924105
  landing: 0.9573026709258556
  view-data: 3.4141022004187107
