times:
  edit-metadata: 1.4194953776896
  landing: 0.6755584813654423
  view-data: 3.3165490701794624
