times:
  edit-metadata: 1.355614548549056
  landing: 0.019720555283129215
  view-data: 0.02419863920658827
