times:
  edit-metadata: 0.5179637339897454
  landing: 0.04758381098508835
  view-data: 0.21828548703342676
