times:
  edit-metadata: 1.6513611823320389
  landing: 0.7712514791637659
  view-data: 3.4109133407473564
