times:
  edit-metadata: 1.6006012260913849
  landing: 0.20671787299215794
  view-data: 0.39086534455418587
