times:
  edit-metadata: 1.3220308814197779
  landing: 0.019927654415369034
  view-data: 0.028696756809949875
