times:
  edit-metadata: 1.47685712762177
  landing: 0.01995842158794403
  view-data: 0.14304310269653797
