times:
  edit-metadata: 0.5926218829117715
  landing: 0.07065080292522907
  view-data: 0.21728089125826955
