times:
  edit-metadata: 1.524432608857751
  landing: 0.9033357668668032
  view-data: 3.3922634068876505
