times:
  edit-metadata: 0.48892377101583406
  landing: 0.05979017398203723
  view-data: 0.34115530300186947
