times:
  edit-metadata: 1.6255521066486835
  landing: 4.520019918680191
  view-data: 3.2774125784635544
