times:
  edit-metadata: 1.6147254072129726
  landing: 0.9786953441798687
  view-data: 3.4739953577518463
