times:
  edit-metadata: 1.512117076665163
  landing: 0.8254166767001152
  view-data: 3.2879144363105297
