times:
  edit-metadata: 1.4739508926868439
  landing: 0.8239923045039177
  view-data: 3.324410129338503
