times:
  edit-metadata: 1.5612785909324884
  landing: 0.04903261922299862
  view-data: 0.025667252019047737
