times:
  edit-metadata: 0.6372519709984772
  landing: 0.08333603100618348
  view-data: 0.23071589699247852
