times:
  edit-metadata: 0.5441775158978999
  landing: 0.050514342030510306
  view-data: 0.22600357700139284
