times:
  edit-metadata: 1.5880152378231287
  landing: 0.022380758076906204
  view-data: 0.16028462536633015
