times:
  edit-metadata: 1.486051270738244
  landing: 0.23491143994033337
  view-data: 0.12078949064016342
