times:
  edit-metadata: 1.4509515669196844
  landing: 0.13407783024013042
  view-data: 0.13006333634257317
