times:
  edit-metadata: 1.4398397160694003
  landing: 0.21941730473190546
  view-data: 0.023856306448578835
