times:
  edit-metadata: 1.4067289708182216
  landing: 0.019092516973614693
  view-data: 0.23265000618994236
