times:
  edit-metadata: 1.4639079263433814
  landing: 0.16422116290777922
  view-data: 0.12064264249056578
