times:
  edit-metadata: 1.401715001091361
  landing: 0.6733804736286402
  view-data: 3.387878203764558
