times:
  edit-metadata: 1.500125054270029
  landing: 0.9064050763845444
  view-data: 3.353702627122402
