times:
  edit-metadata: 1.6589802466332912
  landing: 0.2204270362854004
  view-data: 0.2025284431874752
