times:
  edit-metadata: 1.375097531825304
  landing: 0.024190358817577362
  view-data: 0.12581186089664698
