times:
  edit-metadata: 1.3365531228482723
  landing: 0.021788070909678936
  view-data: 0.4201629087328911
