times:
  edit-metadata: 1.3771282769739628
  landing: 0.8037395738065243
  view-data: 3.3321615625172853
