times:
  edit-metadata: 1.3540531434118748
  landing: 0.11489731166511774
  view-data: 0.1001078812405467
