times:
  edit-metadata: 1.3803917784243822
  landing: 0.1754284892231226
  view-data: 0.02566562220454216
