times:
  edit-metadata: 1.5448602046817541
  landing: 0.021945588290691376
  view-data: 0.292202839627862
