times:
  edit-metadata: 1.5678318999707699
  landing: 0.7719680313020945
  view-data: 3.408315435051918
