times:
  edit-metadata: 0.5062618479714729
  landing: 0.048798491014167666
  view-data: 0.21167086897185072
