times:
  edit-metadata: 0.5256714718416333
  landing: 0.05220992211252451
  view-data: 0.2154836794361472
