times:
  edit-metadata: 1.416793417185545
  landing: 0.7684741131961346
  view-data: 3.3306073658168316
