times:
  edit-metadata: 1.4630198813974857
  landing: 0.021971911191940308
  view-data: 0.2217501997947693
