times:
  edit-metadata: 0.523604986956343
  landing: 0.04997836204711348
  view-data: 0.21807098807767034
