times:
  edit-metadata: 2.195233330130577
  landing: 1.9236126616597176
  view-data: 3.3700990974903107
