times:
  edit-metadata: 1.5368030592799187
  landing: 0.7380712740123272
  view-data: 3.3893981631845236
