times:
  edit-metadata: 1.4843777678906918
  landing: 0.8940866999328136
  view-data: 3.4010149762034416
