times:
  edit-metadata: 0.8797543193213642
  landing: 0.09809132618829608
  view-data: 0.2166494159027934
