times:
  edit-metadata: 1.7142925970256329
  landing: 4.813466481864452
  view-data: 3.423209998756647
