times:
  edit-metadata: 1.3826423808932304
  landing: 0.019096961244940758
  view-data: 0.3648835625499487
