times:
  edit-metadata: 1.325553989969194
  landing: 0.023562978021800518
  view-data: 0.4093919154256582
