times:
  edit-metadata: 1.5331284888088703
  landing: 0.778577147051692
  view-data: 3.4350900556892157
