times:
  edit-metadata: 0.6316738210007316
  landing: 0.0569956549879862
  view-data: 0.21993704700435046
