times:
  edit-metadata: 1.4907904998399317
  landing: 0.7769822292029858
  view-data: 3.400445694103837
