times:
  edit-metadata: 1.5518946796655655
  landing: 0.8658997919410467
  view-data: 3.2925963569432497
