times:
  edit-metadata: 1.8246700037270784
  landing: 0.019894525408744812
  view-data: 0.3143187053501606
