times:
  edit-metadata: 0.5229805789422244
  landing: 0.044613862060941756
  view-data: 0.21123166102916002
