times:
  edit-metadata: 1.5571267791092396
  landing: 0.7861132100224495
  view-data: 3.3773493487387896
