times:
  edit-metadata: 1.5343527048826218
  landing: 0.7825085856020451
  view-data: 3.3214832544326782
