times:
  edit-metadata: 3.326770883053541
  landing: 1.2316731289029121
  view-data: 7.571960419416428
