times:
  edit-metadata: 1.5341394077986479
  landing: 0.7610087860375643
  view-data: 3.421045508235693
