times:
  edit-metadata: 1.5500606065616012
  landing: 0.020069044083356857
  view-data: 0.39160999190062284
