times:
  edit-metadata: 1.4511655471287668
  landing: 0.8090118661057204
  view-data: 3.3430662038736045
