times:
  edit-metadata: 1.4368175491690636
  landing: 0.13962743990123272
  view-data: 0.40827007964253426
