times:
  edit-metadata: 1.5354981371201575
  landing: 0.8546639489941299
  view-data: 3.322820075787604
