times:
  edit-metadata: 1.3831636533141136
  landing: 0.7520657926797867
  view-data: 3.30458577722311
