times:
  edit-metadata: 1.3555870689451694
  landing: 0.01886557787656784
  view-data: 0.3062387090176344
