times:
  edit-metadata: 0.6470372481271625
  landing: 0.05423245299607515
  view-data: 0.21909936983138323
