times:
  edit-metadata: 1.5174985397607088
  landing: 0.7426286060363054
  view-data: 3.3260367047041655
