times:
  edit-metadata: 1.6077976860105991
  landing: 0.912467809394002
  view-data: 3.449968386441469
