times:
  edit-metadata: 1.5343853123486042
  landing: 0.7293392401188612
  view-data: 3.431930547580123
