times:
  edit-metadata: 1.6067760847508907
  landing: 0.8079205304384232
  view-data: 3.335401501506567
