times:
  edit-metadata: 1.6140599278733134
  landing: 1.0378400520421565
  view-data: 3.375694294925779
