times:
  edit-metadata: 0.5078811498824507
  landing: 0.0651164639275521
  view-data: 0.21250855806283653
