times:
  edit-metadata: 0.5003189399139956
  landing: 0.05747067497577518
  view-data: 0.21691450697835535
