times:
  edit-metadata: 1.3512743841856718
  landing: 0.12596622109413147
  view-data: 0.13136816583573818
