times:
  edit-metadata: 0.6064705039607361
  landing: 0.06868708902038634
  view-data: 0.2077452699886635
