times:
  edit-metadata: 1.4037704940419644
  landing: 0.6988061289303005
  view-data: 3.322738426970318
