times:
  edit-metadata: 1.6820640051737428
  landing: 0.9261420499533415
  view-data: 3.3737475145608187
