times:
  edit-metadata: 1.3547050533816218
  landing: 0.15619419142603874
  view-data: 0.02441173419356346
