times:
  edit-metadata: 1.453744174912572
  landing: 0.02149892318993807
  view-data: 0.024357863701879978
