times:
  edit-metadata: 1.546883873641491
  landing: 0.9937753267586231
  view-data: 3.3588902130723
