times:
  edit-metadata: 1.6630474906414747
  landing: 0.2339958045631647
  view-data: 0.41582293063402176
