times:
  edit-metadata: 1.531126718968153
  landing: 0.842583549907431
  view-data: 3.429412626894191
