times:
  edit-metadata: 1.6566148735582829
  landing: 0.2708119563758373
  view-data: 0.3139171376824379
