times:
  edit-metadata: 0.509498744038865
  landing: 0.05566901294514537
  view-data: 0.21148420218378305
