times:
  edit-metadata: 1.466958126053214
  landing: 0.806381746660918
  view-data: 3.4465261208824813
