times:
  edit-metadata: 1.5406010411679745
  landing: 0.8213510774075985
  view-data: 3.4296173937618732
