times:
  edit-metadata: 1.537286571227014
  landing: 0.8360249763354659
  view-data: 3.4151302399113774
