times:
  edit-metadata: 1.4768094383180141
  landing: 0.7231298219412565
  view-data: 3.342984869144857
