times:
  edit-metadata: 1.2934222840704024
  landing: 0.7399565831292421
  view-data: 3.307863977039233
