times:
  edit-metadata: 1.6354992408305407
  landing: 0.9026614464819431
  view-data: 3.315553715452552
