times:
  edit-metadata: 1.350833173841238
  landing: 0.020793762989342213
  view-data: 0.22528763860464096
