times:
  edit-metadata: 1.3568225940689445
  landing: 0.01966810692101717
  view-data: 0.12417217809706926
