times:
  edit-metadata: 1.32725914940238
  landing: 0.11382499150931835
  view-data: 0.4454725990071893
