times:
  edit-metadata: 1.5880788527429104
  landing: 0.8183437120169401
  view-data: 3.448583509773016
