times:
  edit-metadata: 0.5373940819408745
  landing: 0.04780147597193718
  view-data: 0.21753981104120612
