times:
  edit-metadata: 1.776520051062107
  landing: 0.15306015498936176
  view-data: 0.36491138115525246
