times:
  edit-metadata: 3.2459065690636635
  landing: 2.579411808401346
  view-data: 3.9382022134959698
