times:
  edit-metadata: 2.085638489574194
  landing: 1.0134899578988552
  view-data: 3.5577703416347504
