times:
  edit-metadata: 0.6703794350032695
  landing: 0.09795701201073825
  view-data: 0.23232115298742428
