times:
  edit-metadata: 0.5415956571232527
  landing: 0.0567910629324615
  view-data: 0.2117215299513191
