times:
  edit-metadata: 1.6278463900089264
  landing: 1.0239911451935768
  view-data: 3.3448030799627304
