times:
  edit-metadata: 0.5123106609098613
  landing: 0.048488151049241424
  view-data: 0.21483993902802467
