times:
  edit-metadata: 0.5606965040788054
  landing: 0.056859333999454975
  view-data: 0.2130767898634076
