times:
  edit-metadata: 1.4677530899643898
  landing: 0.1256195493042469
  view-data: 0.14780131168663502
