times:
  edit-metadata: 0.5105053470470011
  landing: 0.06045851798262447
  view-data: 0.35441115603316575
