times:
  edit-metadata: 1.4937914311885834
  landing: 0.3716454356908798
  view-data: 0.028503933921456337
