times:
  edit-metadata: 1.528159599751234
  landing: 4.223229293245822
  view-data: 3.3618117491714656
