times:
  edit-metadata: 1.4074786426499486
  landing: 0.1273652045056224
  view-data: 0.11844894103705883
