times:
  edit-metadata: 0.5910668710712343
  landing: 0.046416971017606556
  view-data: 0.21612586395349354
