times:
  edit-metadata: 1.5581614207476377
  landing: 0.7844725791364908
  view-data: 3.302863208577037
