times:
  edit-metadata: 1.3589269071817398
  landing: 0.02158924750983715
  view-data: 0.022337676025927067
