times:
  edit-metadata: 1.3305621361359954
  landing: 0.11544931959360838
  view-data: 0.11824486125260592
