times:
  edit-metadata: 2.1866162680089474
  landing: 1.1460986100137234
  view-data: 3.386925783008337
