times:
  edit-metadata: 1.4214085936546326
  landing: 0.12507218681275845
  view-data: 0.11808665841817856
