times:
  edit-metadata: 1.567850211635232
  landing: 0.7512992108240724
  view-data: 3.2966489316895604
