times:
  edit-metadata: 0.52869522490073
  landing: 0.0471824660198763
  view-data: 0.2253208290785551
