times:
  edit-metadata: 3.6489361096173525
  landing: 1.6084755584597588
  view-data: 4.643698651343584
