times:
  edit-metadata: 1.3107059933245182
  landing: 0.1990808704867959
  view-data: 0.11685096006840467
