times:
  edit-metadata: 0.5104718150105327
  landing: 0.06271683191880584
  view-data: 0.2140440819784999
