times:
  edit-metadata: 1.5867988662794232
  landing: 0.811690085567534
  view-data: 3.4023406812921166
