times:
  edit-metadata: 0.7075938740745187
  landing: 0.0639710440300405
  view-data: 0.28362739738076925
