times:
  edit-metadata: 1.4442860540002584
  landing: 0.15483145788311958
  view-data: 0.1623403076082468
