times:
  edit-metadata: 0.6279424158856273
  landing: 0.06943888170644641
  view-data: 0.2893922720104456
