times:
  edit-metadata: 1.4448676090687513
  landing: 0.9017224740236998
  view-data: 3.357795935124159
