times:
  edit-metadata: 1.9255574140697718
  landing: 0.8036128133535385
  view-data: 3.4726522853598
