times:
  edit-metadata: 1.299373870715499
  landing: 0.8085219599306583
  view-data: 3.401534236036241
