times:
  edit-metadata: 0.5102244468871504
  landing: 0.056815949035808444
  view-data: 0.2125010199379176
