times:
  edit-metadata: 1.4364233240485191
  landing: 0.021120600402355194
  view-data: 0.38075991719961166
