times:
  edit-metadata: 1.374019750393927
  landing: 0.15232451260089874
  view-data: 0.22705848887562752
