times:
  edit-metadata: 1.5723165534436703
  landing: 0.9755099788308144
  view-data: 3.394177831709385
