times:
  edit-metadata: 1.550977423787117
  landing: 0.7195254191756248
  view-data: 3.3774944841861725
