times:
  edit-metadata: 1.5332776494324207
  landing: 0.7673710100352764
  view-data: 3.4371861927211285
