times:
  edit-metadata: 2.332474546507001
  landing: 0.9550817739218473
  view-data: 3.7320612464100122
