times:
  edit-metadata: 1.5861463621258736
  landing: 0.12453598715364933
  view-data: 0.3608302157372236
