times:
  edit-metadata: 1.6180391907691956
  landing: 1.0796486996114254
  view-data: 3.3505762927234173
