times:
  edit-metadata: 0.7497631080041174
  landing: 0.12091531700571068
  view-data: 0.24026076498557813
