times:
  edit-metadata: 1.859018046874553
  landing: 0.9843823798000813
  view-data: 3.5783799150958657
