times:
  edit-metadata: 1.4521376639604568
  landing: 0.11523157171905041
  view-data: 0.14734105579555035
