times:
  edit-metadata: 0.6281526410020888
  landing: 0.05353906797245145
  view-data: 0.22342092299368232
