times:
  edit-metadata: 1.5128188021481037
  landing: 0.2616694774478674
  view-data: 0.42736757546663284
