times:
  edit-metadata: 1.5400114953517914
  landing: 0.6839761547744274
  view-data: 3.2687247954308987
