times:
  edit-metadata: 0.6313198150019161
  landing: 0.1720311199896969
  view-data: 0.21572920394828543
