times:
  edit-metadata: 1.5393524914979935
  landing: 0.8443871214985847
  view-data: 3.399789050221443
