times:
  edit-metadata: 1.6390730235725641
  landing: 0.7853149585425854
  view-data: 3.318505086004734
