times:
  edit-metadata: 1.5738811930641532
  landing: 0.8463339377194643
  view-data: 3.359863460995257
