times:
  edit-metadata: 1.3684297082945704
  landing: 0.020398410968482494
  view-data: 0.12304121721535921
