times:
  edit-metadata: 1.634933376684785
  landing: 0.7590425591915846
  view-data: 3.407539000734687
