times:
  edit-metadata: 1.5109363235533237
  landing: 0.7551663797348738
  view-data: 3.4027943946421146
