times:
  edit-metadata: 0.49734141305088997
  landing: 0.06309339893050492
  view-data: 0.22242035600356758
