times:
  edit-metadata: 1.4701054561883211
  landing: 0.020972203463315964
  view-data: 0.28328643180429935
