times:
  edit-metadata: 1.6712069604545832
  landing: 0.024448372423648834
  view-data: 0.3074242193251848
