times:
  edit-metadata: 1.4388213530182838
  landing: 0.12734268326312304
  view-data: 0.023209333419799805
