times:
  edit-metadata: 1.4107588967308402
  landing: 0.19906471949070692
  view-data: 0.023065021261572838
