times:
  edit-metadata: 3.277080062776804
  landing: 1.7222170941531658
  view-data: 3.4769187346100807
