times:
  edit-metadata: 1.3649335280060768
  landing: 0.01926713064312935
  view-data: 0.4620615029707551
