times:
  edit-metadata: 1.5409504789859056
  landing: 0.7863472122699022
  view-data: 3.4274265244603157
