times:
  edit-metadata: 1.768114984035492
  landing: 0.9860926582477987
  view-data: 3.3865531850606203
