times:
  edit-metadata: 1.514426862820983
  landing: 0.7260185535997152
  view-data: 3.447164034470916
