times:
  edit-metadata: 1.601967703551054
  landing: 0.8135919384658337
  view-data: 3.375887965783477
