times:
  edit-metadata: 1.3511033607646823
  landing: 0.11258840467780828
  view-data: 0.12205582484602928
