times:
  edit-metadata: 1.5301355384290218
  landing: 0.7526974342763424
  view-data: 3.3882759772241116
