times:
  edit-metadata: 0.4980683029862121
  landing: 0.06479729997226968
  view-data: 0.21384041802957654
