times:
  edit-metadata: 0.618432221999683
  landing: 0.046038030995987356
  view-data: 0.2139972850054619
