times:
  edit-metadata: 1.6747960094362497
  landing: 1.0338891707360744
  view-data: 3.3847506660968065
