times:
  edit-metadata: 1.4822889845818281
  landing: 0.20303034037351608
  view-data: 0.21888617984950542
