times:
  edit-metadata: 1.1158562869995876
  landing: 0.1198726180000449
  view-data: 0.3109798400000727
