times:
  edit-metadata: 0.5335058320779353
  landing: 0.0477570837829262
  view-data: 0.21182658593170345
