times:
  edit-metadata: 1.6754302363842726
  landing: 0.021380523219704628
  view-data: 0.12816820852458477
