times:
  edit-metadata: 0.6237866920419037
  landing: 0.05155836837366223
  view-data: 0.2140241446904838
