times:
  edit-metadata: 1.381931746378541
  landing: 0.14369958639144897
  view-data: 0.026585835963487625
