times:
  edit-metadata: 1.370641934685409
  landing: 0.020602663047611713
  view-data: 0.1274714320898056
