times:
  edit-metadata: 0.5495585150201805
  landing: 0.04902846697950736
  view-data: 0.48092240397818387
