times:
  edit-metadata: 1.3424290930852294
  landing: 0.7142695505172014
  view-data: 3.2761898757889867
