times:
  edit-metadata: 1.5714811198413372
  landing: 0.8109727315604687
  view-data: 3.4178068935871124
