times:
  edit-metadata: 0.6509931841865182
  landing: 0.05572887882590294
  view-data: 0.22607309790328145
