times:
  edit-metadata: 1.532249677926302
  landing: 0.9182193540036678
  view-data: 3.4028760343790054
