times:
  edit-metadata: 1.4998972117900848
  landing: 0.8260326571762562
  view-data: 3.304524030536413
