times:
  edit-metadata: 2.4151290338486433
  landing: 0.6308830864727497
  view-data: 0.5552340727299452
