times:
  edit-metadata: 1.3476908190641552
  landing: 0.7767572561278939
  view-data: 3.3379180431365967
