times:
  edit-metadata: 1.5608524307608604
  landing: 0.7552008144557476
  view-data: 3.3937644213438034
