times:
  edit-metadata: 1.7988294195383787
  landing: 0.08640110678970814
  view-data: 0.30678369849920273
