times:
  edit-metadata: 0.491803296841681
  landing: 0.05909313284792006
  view-data: 0.4736369310412556
