times:
  edit-metadata: 0.5370583951007575
  landing: 0.0641589390579611
  view-data: 0.21542036999017
