times:
  edit-metadata: 1.72338199429214
  landing: 0.8680226262658834
  view-data: 3.3902762662619352
