times:
  edit-metadata: 1.3378084246069193
  landing: 0.022261720150709152
  view-data: 0.3741141678765416
