times:
  edit-metadata: 1.5321271680295467
  landing: 0.7707606926560402
  view-data: 3.452190328389406
