times:
  edit-metadata: 2.434425860643387
  landing: 1.136234126985073
  view-data: 3.740171406418085
