times:
  edit-metadata: 1.4674092307686806
  landing: 0.7758394470438361
  view-data: 3.3944565737619996
