times:
  edit-metadata: 1.6296833753585815
  landing: 0.831434078514576
  view-data: 3.371972467750311
