times:
  edit-metadata: 0.5302487085573375
  landing: 0.06033306801691651
  view-data: 0.2062148740515113
