times:
  edit-metadata: 1.323608722537756
  landing: 0.11493020318448544
  view-data: 0.026459595188498497
