times:
  edit-metadata: 1.5651191361248493
  landing: 1.0160563625395298
  view-data: 3.377486005425453
