times:
  edit-metadata: 1.5249898545444012
  landing: 0.2910279715433717
  view-data: 0.38344126380980015
