times:
  edit-metadata: 0.5985617859987542
  landing: 0.04849475101218559
  view-data: 0.21542268799385056
