times:
  edit-metadata: 1.350557922385633
  landing: 0.01969195529818535
  view-data: 0.1291511133313179
