times:
  edit-metadata: 1.4479034272953868
  landing: 0.020510216243565083
  view-data: 0.10034741088747978
