times:
  edit-metadata: 0.607688471005531
  landing: 0.049010268005076796
  view-data: 0.22191087099781726
