times:
  edit-metadata: 1.5045610144734383
  landing: 0.6410402841866016
  view-data: 3.3109198212623596
