times:
  edit-metadata: 1.4636613670736551
  landing: 0.9605295420624316
  view-data: 3.3740416788496077
