times:
  edit-metadata: 1.5104723162949085
  landing: 0.1507188342511654
  view-data: 0.315302474424243
