times:
  edit-metadata: 1.6759554091840982
  landing: 0.275119636207819
  view-data: 0.4393104426562786
