times:
  edit-metadata: 1.4357601115480065
  landing: 0.8025760240852833
  view-data: 3.3587522450834513
