times:
  edit-metadata: 1.561288770288229
  landing: 0.8236170187592506
  view-data: 3.2963429987430573
