times:
  edit-metadata: 1.39457443729043
  landing: 0.2240061555057764
  view-data: 0.12863165698945522
