times:
  edit-metadata: 1.537494339980185
  landing: 0.8267099214717746
  view-data: 3.4097323156893253
