times:
  edit-metadata: 1.37301440583542
  landing: 0.7541242889128625
  view-data: 3.318470213096589
