times:
  edit-metadata: 1.848533220589161
  landing: 0.7544502336531878
  view-data: 3.4269474297761917
