times:
  edit-metadata: 1.4511596746742725
  landing: 0.02166726253926754
  view-data: 0.029248859733343124
