times:
  edit-metadata: 1.4377943649888039
  landing: 0.8985313959419727
  view-data: 3.424957327544689
