times:
  edit-metadata: 2.0338082537055016
  landing: 0.35811407677829266
  view-data: 0.3231641259044409
