times:
  edit-metadata: 0.6442220929893665
  landing: 0.06338750501163304
  view-data: 0.22920246899593621
