times:
  edit-metadata: 1.4128554724156857
  landing: 0.7765864916145802
  view-data: 3.291041102260351
