times:
  edit-metadata: 1.4226752147078514
  landing: 0.02095904015004635
  view-data: 0.2251159641891718
