times:
  edit-metadata: 1.5439367480576038
  landing: 0.7530144639313221
  view-data: 3.402100283652544
