times:
  edit-metadata: 1.5878718011081219
  landing: 0.024554017931222916
  view-data: 0.36123320646584034
