times:
  edit-metadata: 1.4883245844393969
  landing: 0.17144026886671782
  view-data: 0.02406288404017687
