times:
  edit-metadata: 1.431236638687551
  landing: 0.7815506206825376
  view-data: 3.349815821275115
