times:
  edit-metadata: 1.4609463480301201
  landing: 0.7988938922062516
  view-data: 3.3520894441753626
