times:
  edit-metadata: 1.4398260228335857
  landing: 0.977549385279417
  view-data: 3.349178545176983
