times:
  edit-metadata: 1.42996044177562
  landing: 0.021614758297801018
  view-data: 0.12382915709167719
