times:
  edit-metadata: 0.5802665480296127
  landing: 0.09181650599930435
  view-data: 0.2323333829990588
