times:
  edit-metadata: 0.6416834319970803
  landing: 0.06440840499999467
  view-data: 0.21513534700352466
