times:
  edit-metadata: 1.7755472464486957
  landing: 0.022481966763734818
  view-data: 0.44505460653454065
