times:
  edit-metadata: 1.4249802473932505
  landing: 0.019226929172873497
  view-data: 0.027150032110512257
