times:
  edit-metadata: 1.5321258958429098
  landing: 0.8595029786229134
  view-data: 3.3861066717654467
