times:
  edit-metadata: 1.4105449095368385
  landing: 0.021645518951117992
  view-data: 0.2330401912331581
