times:
  edit-metadata: 1.702472098171711
  landing: 0.21313472464680672
  view-data: 0.4132197517901659
