times:
  edit-metadata: 1.3481087470427155
  landing: 0.11563258245587349
  view-data: 0.48749140184372663
