times:
  edit-metadata: 1.507789608091116
  landing: 0.021771934814751148
  view-data: 0.10108514782041311
