times:
  edit-metadata: 2.1767025366425514
  landing: 1.4129578471183777
  view-data: 3.71065765991807
