times:
  edit-metadata: 1.3563792461063713
  landing: 0.6786686631385237
  view-data: 3.2753372888546437
