times:
  edit-metadata: 1.3575534336268902
  landing: 0.2267876099795103
  view-data: 0.1350630186498165
