times:
  edit-metadata: 1.4577933494001627
  landing: 0.7674877159297466
  view-data: 3.383856523782015
