times:
  edit-metadata: 1.374543215148151
  landing: 0.22670060582458973
  view-data: 0.19374906551092863
