times:
  edit-metadata: 1.517177790403366
  landing: 0.7663792632520199
  view-data: 3.437444983050227
