times:
  edit-metadata: 1.2919684969820082
  landing: 0.7880535109434277
  view-data: 3.254797813948244
