times:
  edit-metadata: 1.652837478555739
  landing: 0.8923339378088713
  view-data: 3.4461720967665315
