times:
  edit-metadata: 1.4800062254071236
  landing: 0.7793651623651385
  view-data: 3.421011647209525
