times:
  edit-metadata: 1.542352370917797
  landing: 0.2117316648364067
  view-data: 0.4142460897564888
