times:
  edit-metadata: 0.4916737029561773
  landing: 0.06744384707417339
  view-data: 0.21238363697193563
