times:
  edit-metadata: 1.3685782738029957
  landing: 0.13007014617323875
  view-data: 0.12655449472367764
