times:
  edit-metadata: 1.5431447899900377
  landing: 0.914403926813975
  view-data: 3.4088022231590003
