times:
  edit-metadata: 0.6125385919585824
  landing: 0.05472593393642455
  view-data: 0.20875580899883062
