times:
  edit-metadata: 1.3449510913342237
  landing: 0.12310538068413734
  view-data: 0.11750415991991758
