times:
  edit-metadata: 2.0510182064026594
  landing: 1.352604616433382
  view-data: 3.7114880084991455
