times:
  edit-metadata: 1.4849568642675877
  landing: 0.19785208627581596
  view-data: 0.2460032980889082
