times:
  edit-metadata: 1.3552539348602295
  landing: 0.020058920606970787
  view-data: 0.024479940533638
