times:
  edit-metadata: 1.3819492841139436
  landing: 0.023536866530776024
  view-data: 0.028237110935151577
