times:
  edit-metadata: 1.3766641672700644
  landing: 0.2083348799496889
  view-data: 0.024145768955349922
