times:
  edit-metadata: 1.4128861650824547
  landing: 0.17233237624168396
  view-data: 0.14328312128782272
