times:
  edit-metadata: 1.4250926971435547
  landing: 0.889570252969861
  view-data: 3.3249683137983084
