times:
  edit-metadata: 1.4279842842370272
  landing: 0.21071224473416805
  view-data: 0.02544175088405609
