times:
  edit-metadata: 2.2927573081105947
  landing: 0.4174876715987921
  view-data: 0.14179708994925022
