times:
  edit-metadata: 1.4150284305214882
  landing: 0.7834373963996768
  view-data: 3.307438487187028
