times:
  edit-metadata: 1.7551497165113688
  landing: 0.7137825898826122
  view-data: 3.412521691992879
