times:
  edit-metadata: 1.4893504362553358
  landing: 0.02125428430736065
  view-data: 0.2442231122404337
