times:
  edit-metadata: 0.6502702120342292
  landing: 0.05169844103511423
  view-data: 0.24511346797225997
