times:
  edit-metadata: 1.607867918908596
  landing: 0.7256547827273607
  view-data: 3.4030844382941723
