times:
  edit-metadata: 0.5249134199693799
  landing: 0.050003185868263245
  view-data: 0.20992157398723066
