times:
  edit-metadata: 2.0482987724244595
  landing: 1.4469238184392452
  view-data: 3.449917681515217
