times:
  edit-metadata: 1.4200357962399721
  landing: 0.8108565900474787
  view-data: 3.3730257591232657
