times:
  edit-metadata: 1.4266791585832834
  landing: 0.8260442279279232
  view-data: 3.347937378101051
