times:
  edit-metadata: 1.4041963228955865
  landing: 0.02124260738492012
  view-data: 0.0254423338919878
