times:
  edit-metadata: 1.409217786975205
  landing: 0.11831942480057478
  view-data: 0.11765611730515957
