times:
  edit-metadata: 1.3944845255464315
  landing: 0.021939024329185486
  view-data: 0.41827823873609304
