times:
  edit-metadata: 1.3695931918919086
  landing: 0.8332098908722401
  view-data: 3.338926024734974
