times:
  edit-metadata: 1.5901863761246204
  landing: 0.8076808378100395
  view-data: 3.401637267321348
