times:
  edit-metadata: 1.4088573809713125
  landing: 0.9208653513342142
  view-data: 3.3610847275704145
