times:
  edit-metadata: 1.7550546750426292
  landing: 1.007915735244751
  view-data: 3.4728614408522844
