times:
  edit-metadata: 1.910184483975172
  landing: 0.02058720774948597
  view-data: 0.11990690883249044
