times:
  edit-metadata: 1.5894651375710964
  landing: 0.9330862760543823
  view-data: 3.3322693035006523
