times:
  edit-metadata: 1.3413143707439303
  landing: 0.11928050592541695
  view-data: 0.44875329453498125
