times:
  edit-metadata: 1.4597151074558496
  landing: 0.02022731490433216
  view-data: 0.024800190702080727
