times:
  edit-metadata: 1.5411694776266813
  landing: 0.7341291382908821
  view-data: 3.4159317798912525
