times:
  edit-metadata: 1.5421801060438156
  landing: 0.7875914089381695
  view-data: 3.3889444544911385
