times:
  edit-metadata: 1.494332505390048
  landing: 0.01916450634598732
  view-data: 0.024329407140612602
