times:
  edit-metadata: 1.8963313214480877
  landing: 0.3245303574949503
  view-data: 0.3297664299607277
