times:
  edit-metadata: 1.3620183556340635
  landing: 0.7595045850612223
  view-data: 3.424891460221261
