times:
  edit-metadata: 1.3608811032027006
  landing: 0.22685700096189976
  view-data: 0.17341241519898176
