times:
  edit-metadata: 1.3834673259407282
  landing: 0.11991272307932377
  view-data: 0.09337277058511972
