times:
  edit-metadata: 1.5367101430892944
  landing: 0.9255327172577381
  view-data: 3.45074500143528
