times:
  edit-metadata: 0.5137768667191267
  landing: 0.06316445907577872
  view-data: 0.22167820669710636
