times:
  edit-metadata: 0.7669426477514207
  landing: 0.09343104530125856
  view-data: 0.2930292966775596
