times:
  edit-metadata: 1.4145585652440786
  landing: 0.12983566708862782
  view-data: 0.1226421594619751
