times:
  edit-metadata: 1.4609573185443878
  landing: 0.214548472315073
  view-data: 0.02654571831226349
