times:
  edit-metadata: 1.4978151842951775
  landing: 0.11417602840811014
  view-data: 0.02427895274013281
