times:
  edit-metadata: 1.6900396905839443
  landing: 0.3075899463146925
  view-data: 0.5731417648494244
