times:
  edit-metadata: 1.5625294409692287
  landing: 0.3331460766494274
  view-data: 0.2490626946091652
