times:
  edit-metadata: 1.3511657202616334
  landing: 0.021401140838861465
  view-data: 0.12115586455911398
