times:
  edit-metadata: 1.5456148013472557
  landing: 0.7942546457052231
  view-data: 3.3975853510200977
