times:
  edit-metadata: 1.5207968577742577
  landing: 0.9189660102128983
  view-data: 3.4609101563692093
