times:
  edit-metadata: 1.4995927661657333
  landing: 0.6966097392141819
  view-data: 3.3727676309645176
