times:
  edit-metadata: 0.5199774380307645
  landing: 0.0472537858877331
  view-data: 0.21148519800044596
