times:
  edit-metadata: 1.477355606853962
  landing: 0.927021611481905
  view-data: 3.3898357674479485
