times:
  edit-metadata: 1.531859252601862
  landing: 0.7469995804131031
  view-data: 3.372486962005496
