times:
  edit-metadata: 0.4933012379333377
  landing: 0.059244089061394334
  view-data: 0.2072205130243674
