times:
  edit-metadata: 1.8249559942632914
  landing: 1.2054178044199944
  view-data: 3.4255835926160216
