times:
  edit-metadata: 1.3644635118544102
  landing: 0.18984178453683853
  view-data: 0.10059688799083233
