times:
  edit-metadata: 1.4498408362269402
  landing: 0.22196572460234165
  view-data: 0.41728619765490294
