times:
  edit-metadata: 0.683135915081948
  landing: 0.07593564596027136
  view-data: 0.28574620792642236
