times:
  edit-metadata: 1.4647851847112179
  landing: 0.8692530132830143
  view-data: 3.3663437962532043
