times:
  edit-metadata: 1.5656483694911003
  landing: 0.021817529574036598
  view-data: 0.1272129062563181
