times:
  edit-metadata: 1.5737922340631485
  landing: 0.9549333192408085
  view-data: 3.3362668454647064
