times:
  edit-metadata: 1.4211641233414412
  landing: 0.024066267535090446
  view-data: 0.28646406903862953
