times:
  edit-metadata: 1.4018533192574978
  landing: 0.7146697584539652
  view-data: 3.298558123409748
