times:
  edit-metadata: 1.496890228241682
  landing: 0.9446956813335419
  view-data: 3.347464691847563
