times:
  edit-metadata: 0.5476597000379115
  landing: 0.042702962877228856
  view-data: 0.2213847739621997
