times:
  edit-metadata: 1.3547025006264448
  landing: 0.12329158466309309
  view-data: 0.026500661857426167
