times:
  edit-metadata: 1.391266854479909
  landing: 0.6957825906574726
  view-data: 3.273523284122348
