times:
  edit-metadata: 1.6633155904710293
  landing: 0.02701089158654213
  view-data: 0.40494346246123314
