times:
  edit-metadata: 0.5346725189592689
  landing: 0.05954497214406729
  view-data: 0.21578855905681849
