times:
  edit-metadata: 0.5334573470026953
  landing: 0.05039115500403568
  view-data: 0.2111334410001291
