times:
  edit-metadata: 1.556169554591179
  landing: 0.9703921377658844
  view-data: 3.3390885442495346
