times:
  edit-metadata: 1.6456949189305305
  landing: 0.9427716732025146
  view-data: 3.3382061161100864
