times:
  edit-metadata: 1.5792338009923697
  landing: 0.7555418238043785
  view-data: 3.4034672882407904
