times:
  edit-metadata: 1.5412971209734678
  landing: 0.7507172357290983
  view-data: 3.409688336774707
