times:
  edit-metadata: 1.3571763969957829
  landing: 0.7557617537677288
  view-data: 3.318261295557022
