times:
  edit-metadata: 2.1521278731524944
  landing: 1.0885161412879825
  view-data: 3.3986783362925053
