times:
  edit-metadata: 1.6105036344379187
  landing: 0.8039288818836212
  view-data: 3.4458222202956676
