times:
  edit-metadata: 1.3456344725564122
  landing: 0.020415229722857475
  view-data: 0.3279710793867707
