times:
  edit-metadata: 2.3357888013124466
  landing: 1.2271377071738243
  view-data: 3.478159960359335
