times:
  edit-metadata: 1.4544622953981161
  landing: 0.815503541380167
  view-data: 3.4338085558265448
