times:
  edit-metadata: 1.5297750681638718
  landing: 0.023611636832356453
  view-data: 0.32427682541310787
