times:
  edit-metadata: 1.6627459190785885
  landing: 0.8188409190624952
  view-data: 3.2974292561411858
