times:
  edit-metadata: 1.587289735674858
  landing: 0.7728626728057861
  view-data: 3.4071361739188433
