times:
  edit-metadata: 0.6301271119991725
  landing: 0.05261132699979498
  view-data: 0.2203596050003398
