times:
  edit-metadata: 0.5388880659593269
  landing: 0.051080945995636284
  view-data: 0.22059233800973743
