times:
  edit-metadata: 1.4534114892594516
  landing: 0.7393743507564068
  view-data: 3.366267907898873
