times:
  edit-metadata: 0.5818112641572952
  landing: 0.11170464800670743
  view-data: 0.2233274239115417
