times:
  edit-metadata: 1.5053412858396769
  landing: 0.7239856328815222
  view-data: 3.377466820180416
