times:
  edit-metadata: 2.2142199147492647
  landing: 1.2969081411138177
  view-data: 4.142775037325919
