times:
  edit-metadata: 1.6669957404956222
  landing: 1.459728348068893
  view-data: 3.8586331317201257
