times:
  edit-metadata: 0.5347772352397442
  landing: 0.048222926910966635
  view-data: 0.2114740600809455
