times:
  edit-metadata: 0.6441237450344488
  landing: 0.052159836050122976
  view-data: 0.22840968403033912
