times:
  edit-metadata: 1.4359788876026869
  landing: 1.3202849505469203
  view-data: 3.307919823564589
