times:
  edit-metadata: 0.6298671850236133
  landing: 0.04898832499748096
  view-data: 0.22141994902631268
