times:
  edit-metadata: 1.5825440268963575
  landing: 0.7606423310935497
  view-data: 3.34792098402977
