times:
  edit-metadata: 1.376504285261035
  landing: 0.021479002200067043
  view-data: 0.025250926613807678
