times:
  edit-metadata: 1.3620063997805119
  landing: 0.7523624785244465
  view-data: 3.2901361398398876
