times:
  edit-metadata: 0.49134338200383354
  landing: 0.06518671399680898
  view-data: 0.2115560380043462
