times:
  edit-metadata: 1.3672609999775887
  landing: 0.6735415607690811
  view-data: 3.3130002208054066
