times:
  edit-metadata: 1.5635739229619503
  landing: 0.7455436605960131
  view-data: 3.4192890785634518
