times:
  edit-metadata: 1.465725396759808
  landing: 0.8924630237743258
  view-data: 3.37605866137892
