times:
  edit-metadata: 1.4018602203577757
  landing: 0.18866672553122044
  view-data: 0.13935365714132786
