times:
  edit-metadata: 1.5714551052078605
  landing: 0.8471127534285188
  view-data: 3.423433231189847
