times:
  edit-metadata: 1.2821107049821876
  landing: 0.3005363139673136
  view-data: 0.4330042239744216
