times:
  edit-metadata: 1.362517631612718
  landing: 0.18669316824525595
  view-data: 0.027661067433655262
