times:
  edit-metadata: 1.5194102600216866
  landing: 0.6906666308641434
  view-data: 3.465271357446909
