times:
  edit-metadata: 1.420283563900739
  landing: 0.7782348250038922
  view-data: 3.381094568874687
