times:
  edit-metadata: 1.9120078645646572
  landing: 1.413569651544094
  view-data: 3.371470257639885
