times:
  edit-metadata: 1.480501752346754
  landing: 0.01893349178135395
  view-data: 0.3002987392246723
