times:
  edit-metadata: 1.4584269057959318
  landing: 0.7740934863686562
  view-data: 3.3418233590200543
