times:
  edit-metadata: 1.455727193504572
  landing: 0.3969728071242571
  view-data: 0.33891150169074535
