times:
  edit-metadata: 1.5944809671491385
  landing: 0.24266626872122288
  view-data: 0.30665393359959126
