times:
  edit-metadata: 1.5436077285557985
  landing: 1.1207393929362297
  view-data: 3.4466342329978943
