times:
  edit-metadata: 1.5775760374963284
  landing: 1.14247390255332
  view-data: 3.375652026385069
