times:
  edit-metadata: 1.34534368570894
  landing: 0.14102233573794365
  view-data: 0.12339386250823736
