times:
  edit-metadata: 0.5372995620127767
  landing: 0.05516839801566675
  view-data: 0.20603896299144253
