times:
  edit-metadata: 1.4160331264138222
  landing: 0.020193049684166908
  view-data: 0.355371356010437
