times:
  edit-metadata: 1.8294058069586754
  landing: 0.3962811790406704
  view-data: 0.4621483124792576
