times:
  edit-metadata: 0.5411723379511386
  landing: 0.05023396201431751
  view-data: 0.22479130513966084
