times:
  edit-metadata: 1.8445272203534842
  landing: 0.024726340547204018
  view-data: 0.2994339521974325
