times:
  edit-metadata: 0.5296760411001742
  landing: 0.05408710706979036
  view-data: 0.21782789612188935
