times:
  edit-metadata: 0.5358791158068925
  landing: 0.05541649111546576
  view-data: 0.21603975701145828
