times:
  edit-metadata: 0.5313855172134936
  landing: 0.053542520850896835
  view-data: 0.3479941668920219
