times:
  edit-metadata: 0.624418560997583
  landing: 0.05802222999045625
  view-data: 0.24258500401629135
