times:
  edit-metadata: 1.2419684529304504
  landing: 0.6845709520857781
  view-data: 3.3935155430808663
