times:
  edit-metadata: 1.7637437600642443
  landing: 0.8927746918052435
  view-data: 3.399637272581458
