times:
  edit-metadata: 0.5475763329886831
  landing: 0.04537043999880552
  view-data: 0.21962988501763903
