times:
  edit-metadata: 0.6037348019890487
  landing: 0.0527934948913753
  view-data: 0.21476213494315743
