times:
  edit-metadata: 1.356579391285777
  landing: 0.022611268796026707
  view-data: 0.10155586618930101
