times:
  edit-metadata: 0.5573062291368842
  landing: 0.05303146876394749
  view-data: 0.21444240305572748
