times:
  edit-metadata: 1.4914448196068406
  landing: 0.21905845031142235
  view-data: 0.338561718352139
