times:
  edit-metadata: 1.5360826067626476
  landing: 1.1542312884703279
  view-data: 3.4566875342279673
