times:
  edit-metadata: 2.076398264616728
  landing: 1.0816876403987408
  view-data: 3.752714704722166
