times:
  edit-metadata: 1.4955008886754513
  landing: 0.25312292762100697
  view-data: 0.37390375696122646
