times:
  edit-metadata: 1.4396279528737068
  landing: 0.8189112148247659
  view-data: 3.4220049660652876
