times:
  edit-metadata: 0.5420377780683339
  landing: 0.054333560867235065
  view-data: 0.21697743120603263
