times:
  edit-metadata: 1.385823030024767
  landing: 0.09898168407380581
  view-data: 0.02735814917832613
