times:
  edit-metadata: 1.4416099041700363
  landing: 0.19249625783413649
  view-data: 0.024378739297389984
