times:
  edit-metadata: 1.6054407954216003
  landing: 0.8053857050836086
  view-data: 3.416803225874901
