times:
  edit-metadata: 1.4385842960327864
  landing: 0.8879806590266526
  view-data: 4.953687801025808
