times:
  edit-metadata: 0.5443549379706383
  landing: 0.0540311629883945
  view-data: 0.21506221301387995
