times:
  edit-metadata: 1.5474638659507036
  landing: 0.7980478415265679
  view-data: 3.4423699965700507
