times:
  edit-metadata: 1.485289532924071
  landing: 0.6965894831810147
  view-data: 3.3517838059924543
