times:
  edit-metadata: 0.651222915854305
  landing: 0.07076745200902224
  view-data: 0.21358708990737796
