times:
  edit-metadata: 1.3753027096390724
  landing: 0.9637868627905846
  view-data: 3.3656343035399914
