times:
  edit-metadata: 1.4811842641793191
  landing: 0.7799908202141523
  view-data: 3.3685596310533583
