times:
  edit-metadata: 1.6166206691414118
  landing: 1.23177002184093
  view-data: 3.295697869732976
