times:
  edit-metadata: 1.5925175603479147
  landing: 0.8940398953855038
  view-data: 3.429623119533062
