times:
  edit-metadata: 1.5201765093952417
  landing: 0.7208941038697958
  view-data: 3.4261382408440113
