times:
  edit-metadata: 0.5366770789996735
  landing: 0.04803219499990519
  view-data: 0.22000385299998015
