times:
  edit-metadata: 1.540729128755629
  landing: 0.9564790921285748
  view-data: 3.333390367217362
