times:
  edit-metadata: 1.5661467518657446
  landing: 0.7931473664939404
  view-data: 3.4389045741409063
