times:
  edit-metadata: 0.5456252442672849
  landing: 0.053140992764383554
  view-data: 0.22671697102487087
