times:
  edit-metadata: 1.438525129109621
  landing: 0.8666848316788673
  view-data: 3.3557286262512207
