times:
  edit-metadata: 1.827760281972587
  landing: 0.02176474593579769
  view-data: 0.028909108601510525
