times:
  edit-metadata: 1.3915684409439564
  landing: 0.8242370076477528
  view-data: 3.2945217229425907
