times:
  edit-metadata: 1.4303443897515535
  landing: 0.24789382331073284
  view-data: 0.026642372831702232
