times:
  edit-metadata: 1.4268196448683739
  landing: 0.811424707993865
  view-data: 3.3002712570596486
