times:
  edit-metadata: 2.8902534525841475
  landing: 0.04879281297326088
  view-data: 0.026331214234232903
