times:
  edit-metadata: 1.348676746711135
  landing: 0.23216676991432905
  view-data: 0.02755689714103937
