times:
  edit-metadata: 1.4981180671602488
  landing: 0.030536849051713943
  view-data: 0.02776900678873062
