times:
  edit-metadata: 1.7399754039943218
  landing: 0.9906165488064289
  view-data: 3.3866471610963345
