times:
  edit-metadata: 1.398904126137495
  landing: 0.11578061617910862
  view-data: 0.44064192846417427
