times:
  edit-metadata: 1.3687030244618654
  landing: 0.14244345482438803
  view-data: 0.02513976488262415
