times:
  edit-metadata: 0.6211223476566374
  landing: 0.12847933592274785
  view-data: 0.3032355746254325
