times:
  edit-metadata: 0.5148005860392004
  landing: 0.054348913952708244
  view-data: 0.2073607889469713
