times:
  edit-metadata: 1.4194907322525978
  landing: 0.22257166169583797
  view-data: 0.12050856836140156
