times:
  edit-metadata: 1.4017347153276205
  landing: 0.017743512988090515
  view-data: 0.022706376388669014
