times:
  edit-metadata: 0.763143349904567
  landing: 0.1253880551084876
  view-data: 0.24236192926764488
