times:
  edit-metadata: 1.5742553658783436
  landing: 0.02008737623691559
  view-data: 0.1402062587440014
