times:
  edit-metadata: 2.3988176099956036
  landing: 1.3274767585098743
  view-data: 3.6858397983014584
