times:
  edit-metadata: 1.3909480646252632
  landing: 0.8667501248419285
  view-data: 3.348505672067404
