times:
  edit-metadata: 1.6739965826272964
  landing: 0.9282916411757469
  view-data: 3.3506020791828632
