times:
  edit-metadata: 2.1127651818096638
  landing: 1.0903014605864882
  view-data: 3.4911005599424243
