times:
  edit-metadata: 1.3757703271694481
  landing: 0.7133937077596784
  view-data: 3.309767831582576
