times:
  edit-metadata: 1.391442682594061
  landing: 0.6984939873218536
  view-data: 3.287820030003786
