times:
  edit-metadata: 1.3247783835977316
  landing: 0.021253391169011593
  view-data: 0.13840632885694504
