times:
  edit-metadata: 1.456239901483059
  landing: 0.791645985096693
  view-data: 3.440243287011981
