times:
  edit-metadata: 0.614181540440768
  landing: 0.08921927306801081
  view-data: 0.22122846823185682
