times:
  edit-metadata: 1.3576318714767694
  landing: 0.740275913849473
  view-data: 3.300402721390128
