times:
  edit-metadata: 1.4058507941663265
  landing: 0.846045508980751
  view-data: 3.3383899554610252
