times:
  edit-metadata: 1.4589914977550507
  landing: 0.8470451580360532
  view-data: 3.3677006494253874
