times:
  edit-metadata: 0.5226975490804762
  landing: 0.047951626824215055
  view-data: 0.343204942997545
