times:
  edit-metadata: 1.496824961155653
  landing: 0.926898717880249
  view-data: 3.37793929874897
