times:
  edit-metadata: 1.3610195023939013
  landing: 0.14635816868394613
  view-data: 0.20685428101569414
