times:
  edit-metadata: 1.5288094785064459
  landing: 0.8348201215267181
  view-data: 3.3663723450154066
