times:
  edit-metadata: 1.390101833269
  landing: 0.24710768833756447
  view-data: 0.10286778211593628
