times:
  edit-metadata: 1.485039671882987
  landing: 0.8534999135881662
  view-data: 3.395492535084486
