times:
  edit-metadata: 1.4348131455481052
  landing: 0.14630090072751045
  view-data: 0.023496568202972412
