times:
  edit-metadata: 1.338868607999757
  landing: 0.7296129809692502
  view-data: 3.2585565539775416
