times:
  edit-metadata: 1.360493359155953
  landing: 0.12161855027079582
  view-data: 0.026007593609392643
