times:
  edit-metadata: 1.4605403691530228
  landing: 0.24305514059960842
  view-data: 0.1408277526497841
