times:
  edit-metadata: 1.4417916312813759
  landing: 0.715351477265358
  view-data: 3.3645491302013397
