times:
  edit-metadata: 1.6005167067050934
  landing: 0.7964015007019043
  view-data: 3.4966870844364166
