times:
  edit-metadata: 1.4635627605021
  landing: 0.7257624827325344
  view-data: 3.3476377837359905
