times:
  edit-metadata: 1.3236740361899137
  landing: 0.1501458715647459
  view-data: 0.31981736421585083
