times:
  edit-metadata: 1.6215273011475801
  landing: 0.8242417331784964
  view-data: 3.4275541808456182
