times:
  edit-metadata: 1.4535305611789227
  landing: 0.7655484788119793
  view-data: 3.245154168456793
