times:
  edit-metadata: 1.6072998493909836
  landing: 0.20332936942577362
  view-data: 0.12888813763856888
