times:
  edit-metadata: 1.5191323347389698
  landing: 0.21112828701734543
  view-data: 0.10773167945444584
