times:
  edit-metadata: 1.6790690887719393
  landing: 0.14708725921809673
  view-data: 0.15963539853692055
