times:
  edit-metadata: 1.5349652208387852
  landing: 0.8990690745413303
  view-data: 3.423555426299572
