times:
  edit-metadata: 1.3702440084889531
  landing: 0.02085955534130335
  view-data: 0.12117836810648441
