times:
  edit-metadata: 1.376866601407528
  landing: 0.019220851361751556
  view-data: 0.09994181245565414
