times:
  edit-metadata: 0.6314691200095695
  landing: 0.07008913098252378
  view-data: 0.2615451360179577
