times:
  edit-metadata: 1.4588344171643257
  landing: 0.16674732137471437
  view-data: 0.44995864015072584
