times:
  edit-metadata: 1.8204574724659324
  landing: 0.02319852914661169
  view-data: 0.029805351980030537
