times:
  edit-metadata: 0.5175637598149478
  landing: 0.05570726888254285
  view-data: 0.21654092078097165
