times:
  edit-metadata: 1.4522174894809723
  landing: 0.8649337906390429
  view-data: 3.4111239071935415
