times:
  edit-metadata: 0.5959600110072643
  landing: 0.04638055700343102
  view-data: 0.2193088959902525
