times:
  edit-metadata: 1.5217783898115158
  landing: 0.9008832536637783
  view-data: 3.382674515247345
