times:
  edit-metadata: 1.5290373619645834
  landing: 0.7070087064057589
  view-data: 3.4184910263866186
