times:
  edit-metadata: 1.4464223813265562
  landing: 0.018551552668213844
  view-data: 0.3296950962394476
