times:
  edit-metadata: 1.392943486571312
  landing: 0.11361127905547619
  view-data: 0.024165534414350986
