times:
  edit-metadata: 1.532648641616106
  landing: 0.7377225738018751
  view-data: 3.3597942274063826
