times:
  edit-metadata: 2.1439388170838356
  landing: 0.9278819374740124
  view-data: 3.4361024852842093
