times:
  edit-metadata: 1.4610736733302474
  landing: 0.8058812096714973
  view-data: 3.338580158073455
