times:
  edit-metadata: 1.5460219718515873
  landing: 0.9155741147696972
  view-data: 3.4433693699538708
