times:
  edit-metadata: 1.6075033508241177
  landing: 0.9171796217560768
  view-data: 3.4168285839259624
