times:
  edit-metadata: 1.3696642220020294
  landing: 0.8146134875714779
  view-data: 3.3025143183767796
