times:
  edit-metadata: 1.3523237565532327
  landing: 0.018926524557173252
  view-data: 0.024323291145265102
