times:
  edit-metadata: 1.413714057765901
  landing: 0.1293043764308095
  view-data: 0.17384215164929628
