times:
  edit-metadata: 1.6183243952691555
  landing: 0.2756522987037897
  view-data: 0.3295052368193865
