times:
  edit-metadata: 1.5313210729509592
  landing: 0.7697590161114931
  view-data: 0.5613487903028727
