times:
  edit-metadata: 1.4421963803470135
  landing: 0.8085074173286557
  view-data: 3.3458878360688686
