times:
  edit-metadata: 1.4819198921322823
  landing: 0.9282873272895813
  view-data: 3.43900328874588
