times:
  edit-metadata: 1.3930258452892303
  landing: 0.16712826490402222
  view-data: 0.023831332102417946
