times:
  edit-metadata: 1.7300437502563
  landing: 0.8880942538380623
  view-data: 3.3676269724965096
