times:
  edit-metadata: 1.3455184362828732
  landing: 0.8114827126264572
  view-data: 3.2962430007755756
