times:
  edit-metadata: 1.5292810164391994
  landing: 1.1939940750598907
  view-data: 3.4357042126357555
