times:
  edit-metadata: 1.3545190514996648
  landing: 0.02351701632142067
  view-data: 0.025746740400791168
