times:
  edit-metadata: 0.547561001003487
  landing: 0.06230694000259973
  view-data: 0.21875044799526222
