times:
  edit-metadata: 1.5472580194473267
  landing: 0.859595999121666
  view-data: 3.3391220718622208
