times:
  edit-metadata: 0.5980988168157637
  landing: 0.046985345892608166
  view-data: 0.22109101712703705
