times:
  edit-metadata: 1.5279397810809314
  landing: 0.8084163870662451
  view-data: 3.3471619731280953
