times:
  edit-metadata: 1.571757186204195
  landing: 0.19019880704581738
  view-data: 0.302442142739892
