times:
  edit-metadata: 0.5535338851623237
  landing: 0.04671296011656523
  view-data: 0.21136539289727807
