times:
  edit-metadata: 1.4624862717464566
  landing: 0.7715449742972851
  view-data: 3.311693617142737
