times:
  edit-metadata: 1.5121422410011292
  landing: 0.8748102486133575
  view-data: 3.407570857554674
