times:
  edit-metadata: 1.6466351971030235
  landing: 0.02728058397769928
  view-data: 0.02634189836680889
