times:
  edit-metadata: 0.5477713360451162
  landing: 0.05094058392569423
  view-data: 0.3531117821112275
