times:
  edit-metadata: 1.3990989355370402
  landing: 0.018781487829983234
  view-data: 0.0270515326410532
