times:
  edit-metadata: 1.4494492867961526
  landing: 0.22032804787158966
  view-data: 0.023389512673020363
