times:
  edit-metadata: 1.6084277275949717
  landing: 0.8333049789071083
  view-data: 3.4515013080090284
