times:
  edit-metadata: 1.4715444199973717
  landing: 0.8074689990608022
  view-data: 3.3061832620296627
