times:
  edit-metadata: 1.342038913629949
  landing: 0.020731371827423573
  view-data: 0.12215537205338478
