times:
  edit-metadata: 1.5740970484912395
  landing: 0.020168544724583626
  view-data: 0.37093261256814003
