times:
  edit-metadata: 1.5208787331357598
  landing: 0.7911898200400174
  view-data: 3.3692387989722192
