times:
  edit-metadata: 0.6058596367947757
  landing: 0.0995598309673369
  view-data: 0.2546657919883728
