times:
  edit-metadata: 1.4314612559974194
  landing: 0.8722744546830654
  view-data: 3.4138990454375744
