times:
  edit-metadata: 1.6750980746001005
  landing: 0.7818268686532974
  view-data: 3.4367439802736044
