times:
  edit-metadata: 1.5286155575886369
  landing: 0.7280125729739666
  view-data: 3.292421550489962
