times:
  edit-metadata: 0.74333056807518
  landing: 0.047110082115978
  view-data: 0.3151635699905455
