times:
  edit-metadata: 0.5263078338466585
  landing: 0.053995867259800434
  view-data: 0.21923329588025808
