times:
  edit-metadata: 1.3817989751696587
  landing: 0.8263815008103848
  view-data: 3.301171835511923
