times:
  edit-metadata: 1.4654369875788689
  landing: 0.7626559212803841
  view-data: 3.30757874250412
