times:
  edit-metadata: 1.4042760580778122
  landing: 0.8139766454696655
  view-data: 3.3271781504154205
