times:
  edit-metadata: 1.4376384243369102
  landing: 0.7029062509536743
  view-data: 3.3214961290359497
