times:
  edit-metadata: 2.5312874615192413
  landing: 1.341784156858921
  view-data: 3.599416606128216
