times:
  edit-metadata: 1.4810176715254784
  landing: 0.7192448675632477
  view-data: 3.4127192348241806
