times:
  edit-metadata: 1.5637127347290516
  landing: 0.9728743769228458
  view-data: 3.3067179396748543
