times:
  edit-metadata: 1.375522293150425
  landing: 0.7138986736536026
  view-data: 3.906860999763012
