times:
  edit-metadata: 1.5581063702702522
  landing: 0.794335700571537
  view-data: 3.4388134628534317
