times:
  edit-metadata: 1.5859731771051884
  landing: 1.054172519594431
  view-data: 3.3906719386577606
