times:
  edit-metadata: 1.4046135693788528
  landing: 0.7539712563157082
  view-data: 3.4368258714675903
