times:
  edit-metadata: 1.5642473250627518
  landing: 0.8296347223222256
  view-data: 3.2778510116040707
