times:
  edit-metadata: 1.4100597500801086
  landing: 0.6989129558205605
  view-data: 3.5045056343078613
