times:
  edit-metadata: 1.5661467984318733
  landing: 0.8349372893571854
  view-data: 3.315437413752079
