times:
  edit-metadata: 1.4529276937246323
  landing: 0.8233560249209404
  view-data: 3.4489934146404266
