times:
  edit-metadata: 1.6035714708268642
  landing: 0.9195823259651661
  view-data: 3.279631659388542
