times:
  edit-metadata: 1.3993010744452477
  landing: 0.8161284774541855
  view-data: 3.2582294084131718
