times:
  edit-metadata: 1.4174984395503998
  landing: 0.858284667134285
  view-data: 3.454547233879566
