times:
  edit-metadata: 1.4412748143076897
  landing: 0.8126204088330269
  view-data: 3.503395937383175
