times:
  edit-metadata: 2.0000094175338745
  landing: 0.9438052624464035
  view-data: 3.3118410035967827
