times:
  edit-metadata: 1.5114558711647987
  landing: 0.8286187276244164
  view-data: 3.3246369436383247
