times:
  edit-metadata: 1.3151418343186378
  landing: 0.955730639398098
  view-data: 3.5138745680451393
