times:
  edit-metadata: 2.0219345912337303
  landing: 1.1742975525557995
  view-data: 3.4555210769176483
