times:
  edit-metadata: 1.5327818393707275
  landing: 0.7778896242380142
  view-data: 3.487559013068676
