times:
  edit-metadata: 1.2657126933336258
  landing: 0.7721877843141556
  view-data: 3.4464790299534798
