times:
  edit-metadata: 1.6389828212559223
  landing: 1.3148297555744648
  view-data: 3.3086603209376335
