times:
  edit-metadata: 1.444126684218645
  landing: 0.7460231110453606
  view-data: 3.4170691445469856
