times:
  edit-metadata: 1.5066620260477066
  landing: 0.9082276821136475
  view-data: 3.5515465512871742
