times:
  edit-metadata: 1.4347714334726334
  landing: 0.8278277441859245
  view-data: 3.3181741163134575
