times:
  edit-metadata: 1.4964733384549618
  landing: 0.7761822231113911
  view-data: 3.3931451626122
