times:
  edit-metadata: 1.556464809924364
  landing: 0.8612833209335804
  view-data: 3.3673580661416054
