times:
  edit-metadata: 1.656927652657032
  landing: 0.7184032574295998
  view-data: 3.5107496753335
