times:
  edit-metadata: 1.531225897371769
  landing: 0.7741188257932663
  view-data: 3.468440182507038
