times:
  edit-metadata: 1.5258319079875946
  landing: 0.817335270345211
  view-data: 3.5061222463846207
