times:
  edit-metadata: 1.4094410464167595
  landing: 1.2397760152816772
  view-data: 3.598769173026085
