times:
  edit-metadata: 1.324294075369835
  landing: 0.9269207678735256
  view-data: 3.2918145023286343
