times:
  edit-metadata: 2.249254025518894
  landing: 1.2204381600022316
  view-data: 3.566867120563984
