times:
  edit-metadata: 1.4637514911592007
  landing: 0.7902780659496784
  view-data: 3.3181171901524067
