times:
  edit-metadata: 1.4524366781115532
  landing: 0.7967294976115227
  view-data: 3.4619595631957054
