times:
  edit-metadata: 1.4897046983242035
  landing: 0.9228575453162193
  view-data: 3.4621967747807503
