times:
  edit-metadata: 1.509139358997345
  landing: 0.7897706851363182
  view-data: 3.465561680495739
