times:
  edit-metadata: 1.5104977898299694
  landing: 0.8321990557014942
  view-data: 3.3273817114531994
