times:
  edit-metadata: 1.3449918255209923
  landing: 0.7585567235946655
  view-data: 3.5205545872449875
