times:
  edit-metadata: 1.5822480507194996
  landing: 0.7999054379761219
  view-data: 3.2817603535950184
