times:
  edit-metadata: 1.7503606677055359
  landing: 0.9790056124329567
  view-data: 3.5659417659044266
