times:
  edit-metadata: 1.3560565412044525
  landing: 0.7257175967097282
  view-data: 3.345075324177742
