times:
  edit-metadata: 1.362025447189808
  landing: 0.7724513374269009
  view-data: 3.335692774504423
