times:
  edit-metadata: 1.3823890164494514
  landing: 1.1128768473863602
  view-data: 0.518349900841713
