times:
  edit-metadata: 1.456045527011156
  landing: 0.7375313565135002
  view-data: 3.285140957683325
