times:
  edit-metadata: 1.8047386482357979
  landing: 0.945158414542675
  view-data: 3.3488695174455643
