times:
  edit-metadata: 1.9243934005498886
  landing: 1.5810941308736801
  view-data: 3.8715393468737602
