times:
  edit-metadata: 1.5444969683885574
  landing: 0.8619382753968239
  view-data: 3.5067087039351463
