times:
  edit-metadata: 1.582863051444292
  landing: 1.4818327389657497
  view-data: 3.3539769612252712
