times:
  edit-metadata: 1.3789392039179802
  landing: 0.830450676381588
  view-data: 3.4548591300845146
