times:
  edit-metadata: 1.4032128155231476
  landing: 0.8113313838839531
  view-data: 3.461609922349453
