times:
  edit-metadata: 1.3918019458651543
  landing: 0.6960161998867989
  view-data: 3.3290049582719803
