times:
  edit-metadata: 1.9288157485425472
  landing: 1.4701198227703571
  view-data: 3.4513510428369045
