times:
  edit-metadata: 1.3757530525326729
  landing: 0.7470791339874268
  view-data: 3.4692022874951363
