times:
  edit-metadata: 1.578231267631054
  landing: 1.1038747131824493
  view-data: 3.3330736979842186
