times:
  edit-metadata: 1.9187381267547607
  landing: 0.9074628874659538
  view-data: 3.2580185793340206
