times:
  edit-metadata: 1.1286595538258553
  landing: 0.6628504693508148
  view-data: 3.377371959388256
