times:
  edit-metadata: 1.477794572710991
  landing: 0.7851690128445625
  view-data: 3.492046609520912
