times:
  edit-metadata: 1.4128533974289894
  landing: 0.7552550360560417
  view-data: 3.298243097960949
