times:
  edit-metadata: 1.5951601304113865
  landing: 0.8365881145000458
  view-data: 3.348065249621868
