times:
  edit-metadata: 1.478944219648838
  landing: 1.0472801327705383
  view-data: 3.458368942141533
