times:
  edit-metadata: 1.5922794416546822
  landing: 0.775126151740551
  view-data: 3.4459832087159157
