times:
  edit-metadata: 1.4876004606485367
  landing: 0.7575176768004894
  view-data: 3.374564040452242
