times:
  edit-metadata: 1.3872005641460419
  landing: 0.7494440004229546
  view-data: 3.2995595037937164
