times:
  edit-metadata: 1.594868991523981
  landing: 0.8829716816544533
  view-data: 3.5003163628280163
