times:
  edit-metadata: 1.8131186217069626
  landing: 0.983550701290369
  view-data: 3.5580567456781864
