times:
  edit-metadata: 1.4466747641563416
  landing: 0.7512877807021141
  view-data: 3.4985074400901794
