times:
  edit-metadata: 1.5268437750637531
  landing: 0.8110988661646843
  view-data: 3.314126279205084
