times:
  edit-metadata: 1.4946483187377453
  landing: 0.7778054848313332
  view-data: 3.309273511171341
