times:
  edit-metadata: 1.4152083843946457
  landing: 0.8658023476600647
  view-data: 3.480878069996834
