times:
  edit-metadata: 1.5408069342374802
  landing: 0.7904182747006416
  view-data: 3.3324757739901543
