times:
  edit-metadata: 1.4358218610286713
  landing: 0.7568240165710449
  view-data: 3.2316381856799126
