times:
  edit-metadata: 1.5565815716981888
  landing: 0.7128370776772499
  view-data: 3.436746947467327
