times:
  edit-metadata: 1.393764965236187
  landing: 0.7060117796063423
  view-data: 3.489866890013218
