times:
  edit-metadata: 1.4548686891794205
  landing: 0.8020190447568893
  view-data: 3.339962862432003
