times:
  edit-metadata: 1.832853764295578
  landing: 0.8401459902524948
  view-data: 3.3274790719151497
