times:
  edit-metadata: 1.6648775935173035
  landing: 1.0801837295293808
  view-data: 3.341791369020939
