times:
  edit-metadata: 1.4198243506252766
  landing: 0.8691540621221066
  view-data: 3.2847205996513367
