times:
  edit-metadata: 1.41066412627697
  landing: 0.7500803098082542
  view-data: 3.461316406726837
