times:
  edit-metadata: 1.375526450574398
  landing: 0.86492470651865
  view-data: 3.492816150188446
