times:
  edit-metadata: 1.5419651865959167
  landing: 1.0282806605100632
  view-data: 3.4062261059880257
