times:
  edit-metadata: 1.403909295797348
  landing: 0.7412665709853172
  view-data: 3.4156598672270775
