times:
  edit-metadata: 1.376894012093544
  landing: 0.7622976005077362
  view-data: 3.406385488808155
