times:
  edit-metadata: 1.4518060497939587
  landing: 0.9201453141868114
  view-data: 3.3311274647712708
