times:
  edit-metadata: 1.4241814091801643
  landing: 0.7986512705683708
  view-data: 3.5087939649820328
