times:
  edit-metadata: 1.5136235356330872
  landing: 0.7989748120307922
  view-data: 3.317461848258972
