times:
  edit-metadata: 1.6127767637372017
  landing: 0.812369991093874
  view-data: 3.360108219087124
