times:
  edit-metadata: 1.506767176091671
  landing: 0.7516875490546227
  view-data: 3.5006487891077995
