times:
  edit-metadata: 1.9703422486782074
  landing: 0.9616249427199364
  view-data: 3.3390532061457634
