times:
  edit-metadata: 1.721011906862259
  landing: 0.8040711581707001
  view-data: 3.4566457867622375
