times:
  edit-metadata: 1.4446532651782036
  landing: 0.7821922190487385
  view-data: 3.3365579023957253
