times:
  edit-metadata: 1.4029586091637611
  landing: 0.8005607724189758
  view-data: 3.394048251211643
