times:
  edit-metadata: 1.6502692624926567
  landing: 0.9320061802864075
  view-data: 3.298703420907259
