times:
  edit-metadata: 1.5148943103849888
  landing: 0.7786621041595936
  view-data: 3.3458741270005703
