times:
  edit-metadata: 1.4066715687513351
  landing: 0.8964893631637096
  view-data: 3.3224688917398453
