times:
  edit-metadata: 1.8516364730894566
  landing: 0.9827290996909142
  view-data: 3.457398761063814
