times:
  edit-metadata: 1.5585487373173237
  landing: 1.059907790273428
  view-data: 3.319775179028511
