times:
  edit-metadata: 1.450180433690548
  landing: 0.7855274379253387
  view-data: 3.437370792031288
