times:
  edit-metadata: 1.4436964988708496
  landing: 0.7716349437832832
  view-data: 3.3029732294380665
