times:
  edit-metadata: 1.6154653504490852
  landing: 0.8322878777980804
  view-data: 3.5168614983558655
