times:
  edit-metadata: 1.420457847416401
  landing: 0.7927999570965767
  view-data: 3.266078691929579
