times:
  edit-metadata: 2.52936103194952
  landing: 1.7681695446372032
  view-data: 3.513900503516197
