times:
  edit-metadata: 1.5676639527082443
  landing: 0.7517678886651993
  view-data: 3.3720465898513794
