times:
  edit-metadata: 1.4620523229241371
  landing: 0.9944022595882416
  view-data: 3.4325288608670235
