times:
  edit-metadata: 1.5118312984704971
  landing: 0.7693856842815876
  view-data: 3.3015825897455215
