times:
  edit-metadata: 1.3486553058028221
  landing: 0.7321712672710419
  view-data: 3.3289531767368317
