times:
  edit-metadata: 1.4784292504191399
  landing: 0.7130768969655037
  view-data: 3.34872405230999
