times:
  edit-metadata: 1.3804714307188988
  landing: 0.7532592564821243
  view-data: 3.375888742506504
