times:
  edit-metadata: 1.4729848951101303
  landing: 0.822640310972929
  view-data: 3.2703486755490303
