times:
  edit-metadata: 1.4760728254914284
  landing: 0.8777108639478683
  view-data: 3.344579227268696
