times:
  edit-metadata: 1.4799711182713509
  landing: 0.7723693922162056
  view-data: 3.4785220324993134
