times:
  edit-metadata: 1.4265199229121208
  landing: 0.7835209220647812
  view-data: 3.4742071330547333
