times:
  edit-metadata: 1.4348175898194313
  landing: 0.772411122918129
  view-data: 3.4813874885439873
