times:
  edit-metadata: 1.5301094874739647
  landing: 0.8788656964898109
  view-data: 3.3903758488595486
