times:
  edit-metadata: 1.6764370128512383
  landing: 1.1804481819272041
  view-data: 3.523782193660736
