times:
  edit-metadata: 1.4885030686855316
  landing: 0.8207080811262131
  view-data: 3.411071114242077
