times:
  edit-metadata: 1.343685008585453
  landing: 0.7275108173489571
  view-data: 3.4684327244758606
