times:
  edit-metadata: 1.4209876284003258
  landing: 0.7414424791932106
  view-data: 3.4373746067285538
