times:
  edit-metadata: 1.5415003150701523
  landing: 0.753682367503643
  view-data: 3.451028011739254
