times:
  edit-metadata: 1.5799615047872066
  landing: 0.8921052925288677
  view-data: 3.3744831681251526
