times:
  edit-metadata: 1.3527512736618519
  landing: 0.6895987801253796
  view-data: 3.253073360770941
