times:
  edit-metadata: 1.4405660778284073
  landing: 0.7792250253260136
  view-data: 3.344046998769045
