times:
  edit-metadata: 1.4456003718078136
  landing: 0.7435963526368141
  view-data: 3.281785558909178
