times:
  edit-metadata: 1.3342842161655426
  landing: 0.8317776210606098
  view-data: 3.277596015483141
