times:
  edit-metadata: 1.420339833945036
  landing: 0.7766912952065468
  view-data: 3.304093971848488
