times:
  edit-metadata: 1.6072135716676712
  landing: 1.0375679284334183
  view-data: 3.5630094408988953
