times:
  edit-metadata: 1.4836891666054726
  landing: 0.8061038851737976
  view-data: 3.276493813842535
