times:
  edit-metadata: 1.4943544194102287
  landing: 0.7622978761792183
  view-data: 3.3891525715589523
