times:
  edit-metadata: 1.4667287319898605
  landing: 0.7013603672385216
  view-data: 3.383113920688629
