times:
  edit-metadata: 1.439445462077856
  landing: 0.8483878038823605
  view-data: 3.3520645685493946
