times:
  edit-metadata: 1.4900976158678532
  landing: 0.9594046026468277
  view-data: 3.363373961299658
