times:
  edit-metadata: 1.4564283937215805
  landing: 0.7438927516341209
  view-data: 3.449096694588661
