times:
  edit-metadata: 1.3703376725316048
  landing: 0.7314973175525665
  view-data: 3.4346298947930336
