times:
  edit-metadata: 1.6785047203302383
  landing: 0.9940455406904221
  view-data: 3.577771805226803
