times:
  edit-metadata: 1.5683681294322014
  landing: 0.9782983139157295
  view-data: 3.412629134953022
