times:
  edit-metadata: 1.4737020507454872
  landing: 0.9073635339736938
  view-data: 3.447385683655739
