times:
  edit-metadata: 2.1329664438962936
  landing: 1.2488831132650375
  view-data: 3.5796633437275887
