times:
  edit-metadata: 2.221803441643715
  landing: 1.2508193626999855
  view-data: 3.379608727991581
