times:
  edit-metadata: 1.4653316661715508
  landing: 0.7144370526075363
  view-data: 3.4733496755361557
