times:
  edit-metadata: 1.5643812790513039
  landing: 0.8569252118468285
  view-data: 3.4850354194641113
