times:
  edit-metadata: 1.6112858653068542
  landing: 0.8010028675198555
  view-data: 3.495448112487793
