times:
  edit-metadata: 1.4720854461193085
  landing: 0.7628611847758293
  view-data: 3.524923950433731
