times:
  edit-metadata: 1.5376794748008251
  landing: 0.7212889157235622
  view-data: 3.37728913128376
