times:
  edit-metadata: 3.3062903583049774
  landing: 10.874006614089012
  view-data: 3.3301813527941704
