times:
  edit-metadata: 1.4526265263557434
  landing: 0.8406926095485687
  view-data: 3.3249618113040924
