times:
  edit-metadata: 1.5687645301222801
  landing: 0.7995955422520638
  view-data: 3.464180201292038
