times:
  edit-metadata: 1.4862865582108498
  landing: 0.7835967019200325
  view-data: 3.4608662873506546
