times:
  edit-metadata: 1.4289526864886284
  landing: 1.0287143886089325
  view-data: 3.442593887448311
