times:
  edit-metadata: 1.4040281511843204
  landing: 0.7095602191984653
  view-data: 3.34120324626565
