times:
  edit-metadata: 1.4256904870271683
  landing: 0.7959436848759651
  view-data: 3.4833815693855286
