times:
  edit-metadata: 1.4145014211535454
  landing: 0.7838192731142044
  view-data: 3.5430176109075546
