times:
  edit-metadata: 1.45800269395113
  landing: 0.8981472477316856
  view-data: 3.470988266170025
