times:
  edit-metadata: 1.5543875396251678
  landing: 0.8908912688493729
  view-data: 3.3868004716932774
