times:
  edit-metadata: 1.4569087848067284
  landing: 0.690634410828352
  view-data: 3.309065595269203
