times:
  edit-metadata: 1.7978407517075539
  landing: 0.9720512628555298
  view-data: 3.39167208597064
