times:
  edit-metadata: 1.4826865531504154
  landing: 0.7096791453659534
  view-data: 3.3154532089829445
