times:
  edit-metadata: 1.5106940902769566
  landing: 0.8553173430263996
  view-data: 3.414846159517765
