times:
  edit-metadata: 1.5145441330969334
  landing: 0.817601878196001
  view-data: 3.4144884161651134
