times:
  edit-metadata: 1.4849566668272018
  landing: 0.9070038683712482
  view-data: 3.399080514907837
