times:
  edit-metadata: 1.3721832633018494
  landing: 0.7565499991178513
  view-data: 3.2869509644806385
