times:
  edit-metadata: 1.4926810041069984
  landing: 0.864109218120575
  view-data: 3.383320815861225
