times:
  edit-metadata: 1.5837142392992973
  landing: 0.8033750839531422
  view-data: 3.410380497574806
