times:
  edit-metadata: 1.358902771025896
  landing: 0.7674357146024704
  view-data: 3.328172579407692
