times:
  edit-metadata: 1.420220222324133
  landing: 0.9481037445366383
  view-data: 3.2618021592497826
