times:
  edit-metadata: 1.3641283437609673
  landing: 0.7812799923121929
  view-data: 3.2526085898280144
