times:
  edit-metadata: 1.5421156622469425
  landing: 0.8145753219723701
  view-data: 3.3357474207878113
