times:
  edit-metadata: 1.5390121415257454
  landing: 0.8481713272631168
  view-data: 3.4175250940024853
