times:
  edit-metadata: 1.45890499278903
  landing: 0.9930618889629841
  view-data: 3.3581819497048855
