times:
  edit-metadata: 1.4418589025735855
  landing: 5.4803053960204124
  view-data: 3.3679351583123207
