times:
  edit-metadata: 1.516776755452156
  landing: 0.7509630583226681
  view-data: 3.2662924230098724
