times:
  edit-metadata: 1.598968155682087
  landing: 1.2615490071475506
  view-data: 3.638874750584364
