times:
  edit-metadata: 1.453067995607853
  landing: 0.9136478938162327
  view-data: 3.4778360687196255
