times:
  edit-metadata: 1.5418912321329117
  landing: 0.8261140733957291
  view-data: 3.346613958477974
