times:
  edit-metadata: 1.3842410072684288
  landing: 0.734005831182003
  view-data: 3.301061376929283
