times:
  edit-metadata: 1.547524094581604
  landing: 0.8239856064319611
  view-data: 3.367759745568037
