times:
  edit-metadata: 1.3951522968709469
  landing: 0.8994067646563053
  view-data: 3.407594468444586
