times:
  edit-metadata: 1.6217629723250866
  landing: 0.8918893858790398
  view-data: 3.4362724013626575
