times:
  edit-metadata: 1.5167757272720337
  landing: 0.7953518442809582
  view-data: 3.3467635586857796
