times:
  edit-metadata: 1.364914357662201
  landing: 0.7954110391438007
  view-data: 3.2783666029572487
