times:
  edit-metadata: 1.5390884280204773
  landing: 0.7957581430673599
  view-data: 3.3685169890522957
