times:
  edit-metadata: 2.4776665046811104
  landing: 1.157643385231495
  view-data: 3.654390659183264
