times:
  edit-metadata: 3.0048787631094456
  landing: 1.6041234619915485
  view-data: 3.877990521490574
