times:
  edit-metadata: 1.553149662911892
  landing: 0.8014060258865356
  view-data: 3.4612043648958206
