times:
  edit-metadata: 1.4587898030877113
  landing: 0.8790018260478973
  view-data: 3.5726494640111923
