times:
  edit-metadata: 1.75175641477108
  landing: 0.9164977446198463
  view-data: 3.401421532034874
