times:
  edit-metadata: 1.4024705439805984
  landing: 0.9067672118544579
  view-data: 3.4400771781802177
