times:
  edit-metadata: 1.4775677397847176
  landing: 0.8226301670074463
  view-data: 3.478419505059719
