times:
  edit-metadata: 1.5473514720797539
  landing: 1.0418743193149567
  view-data: 3.3925731629133224
