times:
  edit-metadata: 1.454086497426033
  landing: 0.8012820705771446
  view-data: 3.4468655809760094
