times:
  edit-metadata: 1.444451630115509
  landing: 0.7935519441962242
  view-data: 3.498520888388157
