times:
  edit-metadata: 1.4053776040673256
  landing: 0.8002218008041382
  view-data: 3.395732134580612
