times:
  edit-metadata: 1.3927637860178947
  landing: 0.8031382262706757
  view-data: 3.422934800386429
