times:
  edit-metadata: 2.11283902823925
  landing: 1.1326290220022202
  view-data: 3.501629985868931
