times:
  edit-metadata: 1.5602727010846138
  landing: 0.9383384063839912
  view-data: 3.331621915102005
