times:
  edit-metadata: 1.4847047626972198
  landing: 0.8498142957687378
  view-data: 3.4606327265501022
