times:
  edit-metadata: 1.374316781759262
  landing: 0.8726938515901566
  view-data: 3.4410063847899437
