times:
  edit-metadata: 1.3553583174943924
  landing: 0.8536234945058823
  view-data: 3.467167913913727
