times:
  edit-metadata: 1.4498253017663956
  landing: 0.7542954012751579
  view-data: 3.3287686854600906
