times:
  edit-metadata: 1.4230634197592735
  landing: 0.8120401725172997
  view-data: 3.4884524792432785
