times:
  edit-metadata: 1.4061120375990868
  landing: 0.7839742228388786
  view-data: 3.4078084006905556
