times:
  edit-metadata: 1.4264481291174889
  landing: 0.8303815200924873
  view-data: 3.29247584939003
