times:
  edit-metadata: 1.4459975361824036
  landing: 0.7893245071172714
  view-data: 3.439563751220703
