times:
  edit-metadata: 1.9065124690532684
  landing: 1.0965500846505165
  view-data: 3.4731699973344803
