times:
  edit-metadata: 1.9290416315197945
  landing: 1.1796819940209389
  view-data: 3.414762444794178
