times:
  edit-metadata: 1.389782689511776
  landing: 0.7408125400543213
  view-data: 3.4245727881789207
