times:
  edit-metadata: 1.403125822544098
  landing: 0.7757958769798279
  view-data: 3.4901343509554863
