times:
  edit-metadata: 1.3678084015846252
  landing: 0.8041503131389618
  view-data: 3.4793845042586327
