times:
  edit-metadata: 1.3928966596722603
  landing: 0.8001519590616226
  view-data: 3.3559515923261642
