times:
  edit-metadata: 1.5451103448867798
  landing: 0.7958142459392548
  view-data: 3.384660489857197
