times:
  edit-metadata: 1.4857370629906654
  landing: 0.8183853626251221
  view-data: 3.4290407076478004
