times:
  edit-metadata: 1.549582339823246
  landing: 0.7928467616438866
  view-data: 3.4205242097377777
