times:
  edit-metadata: 1.4133242517709732
  landing: 0.738537535071373
  view-data: 3.4593791887164116
