times:
  edit-metadata: 1.4634336084127426
  landing: 0.7633421346545219
  view-data: 3.5388709232211113
