times:
  edit-metadata: 1.4288859367370605
  landing: 0.7590907365083694
  view-data: 3.4728993475437164
