times:
  edit-metadata: 4.44368177652359
  landing: 2.519332818686962
  view-data: 4.871381342411041
