times:
  edit-metadata: 2.2231366112828255
  landing: 1.1093370392918587
  view-data: 3.449761636555195
