times:
  edit-metadata: 1.5015857070684433
  landing: 0.8600557073950768
  view-data: 3.4558220356702805
