times:
  edit-metadata: 1.4970807433128357
  landing: 0.8577475696802139
  view-data: 3.35757814347744
