times:
  edit-metadata: 1.561435267329216
  landing: 0.9404889047145844
  view-data: 3.3179049640893936
