times:
  edit-metadata: 1.515869565308094
  landing: 0.8984118476510048
  view-data: 3.36904127150774
