times:
  edit-metadata: 1.4095567241311073
  landing: 0.8809110969305038
  view-data: 3.3816141188144684
