times:
  edit-metadata: 1.525588572025299
  landing: 0.9251261204481125
  view-data: 3.4422524198889732
