times:
  edit-metadata: 1.9864692836999893
  landing: 1.252243161201477
  view-data: 3.45041885972023
