times:
  edit-metadata: 1.4740865528583527
  landing: 0.9471595138311386
  view-data: 3.4684230983257294
