times:
  edit-metadata: 1.630026564002037
  landing: 1.0237269923090935
  view-data: 3.5102452784776688
