times:
  edit-metadata: 1.533160239458084
  landing: 0.8406783938407898
  view-data: 3.424904577434063
