times:
  edit-metadata: 1.4579308927059174
  landing: 0.8142068833112717
  view-data: 3.460496984422207
