times:
  edit-metadata: 1.469185747206211
  landing: 0.7098242193460464
  view-data: 3.458281174302101
