times:
  edit-metadata: 1.5398367047309875
  landing: 1.0147807002067566
  view-data: 3.275704674422741
