times:
  edit-metadata: 1.5192947164177895
  landing: 0.8202437907457352
  view-data: 3.457844465970993
