times:
  edit-metadata: 2.0772766694426537
  landing: 1.2165492400527
  view-data: 3.4300305619835854
