times:
  edit-metadata: 1.555566430091858
  landing: 0.8927107453346252
  view-data: 3.5416047647595406
