times:
  edit-metadata: 1.5636552646756172
  landing: 0.8078831359744072
  view-data: 3.492829389870167
