times:
  edit-metadata: 2.0592747181653976
  landing: 1.0701786801218987
  view-data: 3.6343523785471916
