times:
  edit-metadata: 1.4556973427534103
  landing: 0.7887979596853256
  view-data: 3.4685612246394157
