times:
  edit-metadata: 1.44723479449749
  landing: 0.8384776338934898
  view-data: 3.4930571541190147
