times:
  edit-metadata: 1.5001729726791382
  landing: 1.3273179084062576
  view-data: 3.4406899958848953
