times:
  edit-metadata: 1.4019481018185616
  landing: 0.7957829535007477
  view-data: 3.4795285761356354
