times:
  edit-metadata: 2.651731699705124
  landing: 1.2359575629234314
  view-data: 3.379611872136593
