times:
  edit-metadata: 1.472791574895382
  landing: 0.8544953316450119
  view-data: 3.4627033472061157
