times:
  edit-metadata: 1.4236237332224846
  landing: 0.8789808675646782
  view-data: 3.4430714026093483
