times:
  edit-metadata: 1.3611581027507782
  landing: 0.7902406230568886
  view-data: 3.5520198047161102
