times:
  edit-metadata: 1.44944167137146
  landing: 0.7243338152766228
  view-data: 3.3773773536086082
