times:
  edit-metadata: 1.5278147533535957
  landing: 0.90694959461689
  view-data: 3.3063597828149796
