times:
  edit-metadata: 1.4643396735191345
  landing: 0.9671339243650436
  view-data: 3.4738620221614838
