times:
  edit-metadata: 1.4560193121433258
  landing: 0.8822272270917892
  view-data: 3.514901153743267
