times:
  edit-metadata: 1.4608390405774117
  landing: 0.8802224397659302
  view-data: 3.3336770087480545
