times:
  edit-metadata: 1.6189583614468575
  landing: 1.0655928999185562
  view-data: 3.3447338342666626
