times:
  edit-metadata: 1.4800517708063126
  landing: 0.7929909005761147
  view-data: 3.486799016594887
