times:
  edit-metadata: 1.6234573423862457
  landing: 0.8565461039543152
  view-data: 3.468921445310116
