times:
  edit-metadata: 1.5381876826286316
  landing: 0.8255715221166611
  view-data: 3.4894055128097534
