times:
  edit-metadata: 1.5548933148384094
  landing: 0.7838611528277397
  view-data: 3.3999534398317337
