times:
  edit-metadata: 2.4420332312583923
  landing: 1.380535215139389
  view-data: 3.8692973628640175
