times:
  edit-metadata: 1.4773353561758995
  landing: 0.778891995549202
  view-data: 3.573051519691944
