times:
  edit-metadata: 1.428324967622757
  landing: 0.7805025577545166
  view-data: 3.5243532434105873
