times:
  edit-metadata: 1.3796404674649239
  landing: 0.9680391550064087
  view-data: 3.509332239627838
