times:
  edit-metadata: 1.4285499900579453
  landing: 0.8042301461100578
  view-data: 3.56293885409832
