times:
  edit-metadata: 1.5741776525974274
  landing: 0.951289214193821
  view-data: 3.3260649889707565
