times:
  edit-metadata: 1.4982708096504211
  landing: 1.025863692164421
  view-data: 3.473877362906933
