times:
  edit-metadata: 1.4970032572746277
  landing: 0.9103433713316917
  view-data: 3.5312511399388313
