times:
  edit-metadata: 2.2440813183784485
  landing: 1.176171064376831
  view-data: 3.6650776714086533
