times:
  edit-metadata: 1.385127380490303
  landing: 0.7274772897362709
  view-data: 3.512091413140297
