times:
  edit-metadata: 1.3713932558894157
  landing: 0.8316165506839752
  view-data: 0.42520246654748917
