times:
  edit-metadata: 1.3356617987155914
  landing: 0.760005921125412
  view-data: 3.473382107913494
