times:
  edit-metadata: 1.3080160394310951
  landing: 0.7067439556121826
  view-data: 3.4174236804246902
