times:
  edit-metadata: 1.475993737578392
  landing: 0.6964436396956444
  view-data: 3.4497805163264275
