times:
  edit-metadata: 1.4390357062220573
  landing: 0.8315792009234428
  view-data: 3.5020550414919853
