times:
  edit-metadata: 1.4868481308221817
  landing: 0.8054782971739769
  view-data: 3.5738337263464928
