times:
  edit-metadata: 1.4847165271639824
  landing: 0.8443868160247803
  view-data: 3.4937729090452194
