times:
  edit-metadata: 1.4811604842543602
  landing: 0.6961529403924942
  view-data: 3.46732584387064
