times:
  edit-metadata: 1.4963742718100548
  landing: 0.7667775824666023
  view-data: 3.4938246235251427
