times:
  edit-metadata: 2.2725547701120377
  landing: 1.6695869415998459
  view-data: 3.5623885169625282
