times:
  edit-metadata: 1.4652770161628723
  landing: 0.7968776375055313
  view-data: 3.5435466915369034
