times:
  edit-metadata: 1.4613556489348412
  landing: 1.0222481787204742
  view-data: 3.519176445901394
