times:
  edit-metadata: 1.470296785235405
  landing: 0.7995199486613274
  view-data: 3.518594592809677
