times:
  edit-metadata: 1.4878192842006683
  landing: 0.7386770471930504
  view-data: 3.5106635317206383
