times:
  edit-metadata: 1.430665798485279
  landing: 0.8618505522608757
  view-data: 3.4781553372740746
