times:
  edit-metadata: 1.964858926832676
  landing: 1.3184385001659393
  view-data: 3.7475523203611374
