times:
  edit-metadata: 1.5114763900637627
  landing: 0.7817814871668816
  view-data: 3.3779527321457863
