times:
  edit-metadata: 1.3959554359316826
  landing: 0.7480924129486084
  view-data: 3.5491362810134888
