times:
  edit-metadata: 1.3810623660683632
  landing: 0.7276988178491592
  view-data: 3.507903464138508
