times:
  edit-metadata: 1.30959502607584
  landing: 0.7285582944750786
  view-data: 3.441336691379547
