times:
  edit-metadata: 1.382207565009594
  landing: 0.864336334168911
  view-data: 3.460288979113102
