times:
  edit-metadata: 1.3845249488949776
  landing: 0.752320684492588
  view-data: 3.4873321801424026
