times:
  edit-metadata: 1.4126285165548325
  landing: 0.72005395591259
  view-data: 3.5427792966365814
