times:
  edit-metadata: 1.9911218360066414
  landing: 1.1054948344826698
  view-data: 3.4687370657920837
