times:
  edit-metadata: 1.736113764345646
  landing: 0.8338905647397041
  view-data: 3.5647415071725845
