times:
  edit-metadata: 1.4969747588038445
  landing: 0.7013579085469246
  view-data: 3.450959473848343
