times:
  edit-metadata: 2.1900059580802917
  landing: 1.2598881125450134
  view-data: 3.67042925208807
