times:
  edit-metadata: 1.4152937978506088
  landing: 0.7730783522129059
  view-data: 3.4805368930101395
