times:
  edit-metadata: 1.4236684143543243
  landing: 0.8016798570752144
  view-data: 3.513270892202854
