times:
  edit-metadata: 1.4910588562488556
  landing: 0.825315810739994
  view-data: 3.502950444817543
