times:
  edit-metadata: 1.35331492125988
  landing: 0.704045332968235
  view-data: 3.5177849382162094
