times:
  edit-metadata: 1.4385980069637299
  landing: 0.7707638218998909
  view-data: 3.538327880203724
