times:
  edit-metadata: 1.4681099653244019
  landing: 0.808554545044899
  view-data: 3.4583723694086075
