times:
  edit-metadata: 1.327745445072651
  landing: 0.7412921115756035
  view-data: 3.5134576559066772
