times:
  edit-metadata: 1.5113908872008324
  landing: 0.8241321891546249
  view-data: 3.4608413577079773
