times:
  edit-metadata: 1.384664312005043
  landing: 0.7113089933991432
  view-data: 3.542650878429413
