times:
  edit-metadata: 1.350130371749401
  landing: 0.7216443717479706
  view-data: 3.4496458172798157
