times:
  edit-metadata: 1.404369331896305
  landing: 0.8672623708844185
  view-data: 3.5061439648270607
