times:
  edit-metadata: 1.4215140342712402
  landing: 0.9204225689172745
  view-data: 3.484861545264721
