times:
  edit-metadata: 1.4578417763113976
  landing: 0.7791224494576454
  view-data: 3.525161325931549
