times:
  edit-metadata: 1.4507106021046638
  landing: 0.7802170962095261
  view-data: 3.4763286858797073
