times:
  edit-metadata: 1.7073221057653427
  landing: 0.8984027206897736
  view-data: 3.6157736852765083
