times:
  edit-metadata: 1.4648080095648766
  landing: 0.7724069729447365
  view-data: 3.538134053349495
