times:
  edit-metadata: 1.390815630555153
  landing: 0.6830354183912277
  view-data: 3.5027042850852013
