times:
  edit-metadata: 1.4904068782925606
  landing: 0.7441443502902985
  view-data: 3.4485685601830482
