times:
  edit-metadata: 1.6483941152691841
  landing: 0.8617623671889305
  view-data: 3.560719445347786
