times:
  edit-metadata: 1.3994023129343987
  landing: 0.7932853475213051
  view-data: 3.4687925428152084
