times:
  edit-metadata: 1.5342601165175438
  landing: 1.0169061422348022
  view-data: 3.525917924940586
