times:
  edit-metadata: 1.364148698747158
  landing: 0.7347405478358269
  view-data: 3.4935212880373
