times:
  edit-metadata: 1.5094515308737755
  landing: 0.7811698094010353
  view-data: 3.5156760811805725
