times:
  edit-metadata: 1.5057226046919823
  landing: 0.7368405386805534
  view-data: 3.4869866743683815
