times:
  edit-metadata: 2.2668140679597855
  landing: 1.5058294385671616
  view-data: 3.7174499183893204
