times:
  edit-metadata: 1.424260064959526
  landing: 0.7686456590890884
  view-data: 3.4895226508378983
