times:
  edit-metadata: 1.4824221059679985
  landing: 0.6929116621613503
  view-data: 3.469449669122696
