times:
  edit-metadata: 1.4283242225646973
  landing: 0.7096149995923042
  view-data: 3.456065833568573
