times:
  edit-metadata: 1.4852281212806702
  landing: 0.790073536336422
  view-data: 3.4766832515597343
