times:
  edit-metadata: 1.4021297469735146
  landing: 0.7704398930072784
  view-data: 3.57056887447834
