times:
  edit-metadata: 0.5689882151782513
  landing: 0.09753980301320553
  view-data: 0.21262736804783344
