times:
  edit-metadata: 0.4988468830124475
  landing: 0.06844872201327235
  view-data: 0.218917609017808
