times:
  edit-metadata: 1.483570035547018
  landing: 0.9624531082808971
  view-data: 3.4395125545561314
