times:
  edit-metadata: 1.4657290875911713
  landing: 1.0748956203460693
  view-data: 3.481681849807501
