times:
  edit-metadata: 1.7615931760519743
  landing: 0.8350470457226038
  view-data: 3.373541856184602
