times:
  edit-metadata: 1.3935105502605438
  landing: 0.8417936787009239
  view-data: 3.360822807997465
