times:
  edit-metadata: 1.4118207385763526
  landing: 0.7619098294526339
  view-data: 3.3386779725551605
