times:
  edit-metadata: 1.4325276296585798
  landing: 0.8325471105054021
  view-data: 3.3691199272871017
