times:
  edit-metadata: 1.5778847932815552
  landing: 0.907440047711134
  view-data: 3.3714733198285103
