times:
  edit-metadata: 1.506490965373814
  landing: 1.2581299366429448
  view-data: 3.308473814278841
