times:
  edit-metadata: 1.632324917241931
  landing: 0.8452537562698126
  view-data: 3.3665820797905326
