times:
  edit-metadata: 1.5626932419836521
  landing: 3.665834605693817
  view-data: 3.3971779197454453
