times:
  edit-metadata: 1.2399535775184631
  landing: 0.7660228284075856
  view-data: 3.3437824193388224
