times:
  edit-metadata: 1.5922537352889776
  landing: 0.879109513014555
  view-data: 3.427724938839674
