times:
  edit-metadata: 1.6408381387591362
  landing: 0.9401100426912308
  view-data: 3.6010279282927513
