times:
  edit-metadata: 1.4936839984729886
  landing: 0.818055504001677
  view-data: 3.5108611406758428
