times:
  edit-metadata: 1.4219871871173382
  landing: 0.871908150613308
  view-data: 3.3435348495841026
