times:
  edit-metadata: 0.5754942651838064
  landing: 0.05550358863547444
  view-data: 0.2028617258183658
