times:
  edit-metadata: 2.692743197083473
  landing: 1.5642233546823263
  view-data: 3.9206822644919157
