times:
  edit-metadata: 1.4261551275849342
  landing: 0.8747434057295322
  view-data: 3.3248501494526863
