times:
  edit-metadata: 1.4649348286911845
  landing: 0.8028659578412771
  view-data: 3.387675761245191
