times:
  edit-metadata: 1.5485535403713584
  landing: 0.7944391816854477
  view-data: 3.3661628738045692
