times:
  edit-metadata: 1.557794626802206
  landing: 0.8447394352406263
  view-data: 3.403715167194605
