times:
  edit-metadata: 1.4150790758430958
  landing: 0.8128322325646877
  view-data: 3.339318472892046
