times:
  edit-metadata: 0.5056835799477994
  landing: 0.07008117786608636
  view-data: 0.35443308507092297
