times:
  edit-metadata: 1.3395746555179358
  landing: 0.9059438072144985
  view-data: 3.428964152932167
