times:
  edit-metadata: 1.8511823378503323
  landing: 0.8045768421143293
  view-data: 3.44136668369174
