times:
  edit-metadata: 1.3772840956225991
  landing: 0.6826629443094134
  view-data: 3.422022946178913
