times:
  edit-metadata: 1.51031194627285
  landing: 0.9470554776489735
  view-data: 3.320722959935665
