times:
  edit-metadata: 1.8966752216219902
  landing: 1.0032006073743105
  view-data: 3.599560661241412
