times:
  edit-metadata: 0.8608682979829609
  landing: 0.06976292096078396
  view-data: 0.28271735832095146
