times:
  edit-metadata: 1.6602620668709278
  landing: 0.8084069043397903
  view-data: 3.384985037147999
