times:
  edit-metadata: 0.7820705017074943
  landing: 0.07581612514331937
  view-data: 0.30465802596881986
