times:
  edit-metadata: 0.5049540060572326
  landing: 0.07095913006924093
  view-data: 0.22103418176993728
