times:
  edit-metadata: 1.672402735799551
  landing: 1.0288567580282688
  view-data: 3.3281497918069363
