times:
  edit-metadata: 1.592951824888587
  landing: 0.7604675479233265
  view-data: 3.4145317915827036
