times:
  edit-metadata: 0.5659713369968813
  landing: 0.06792230599967297
  view-data: 0.21185618900926784
