times:
  edit-metadata: 1.550309490878135
  landing: 0.867353203240782
  view-data: 3.390158226713538
