times:
  edit-metadata: 0.514962121960707
  landing: 0.046679464052431285
  view-data: 0.2133615689817816
