times:
  edit-metadata: 1.6734830178320408
  landing: 0.9718551449477673
  view-data: 3.287445154041052
