times:
  edit-metadata: 1.4577763127163053
  landing: 0.75898184068501
  view-data: 3.337942276149988
