times:
  edit-metadata: 1.5469771139323711
  landing: 0.8130509406328201
  view-data: 3.3862546496093273
