times:
  edit-metadata: 2.428891595453024
  landing: 1.2070282641798258
  view-data: 3.5274777729064226
