times:
  edit-metadata: 1.542203638702631
  landing: 0.8337395191192627
  view-data: 3.3409804925322533
