times:
  edit-metadata: 0.5362720689736307
  landing: 0.05340734601486474
  view-data: 0.2131537030218169
