times:
  edit-metadata: 1.5358968172222376
  landing: 0.8269177582114935
  view-data: 3.336163569241762
