times:
  edit-metadata: 2.3405204247683287
  landing: 1.3240911960601807
  view-data: 3.4463681522756815
