times:
  edit-metadata: 0.49677427300048294
  landing: 0.07102338600088842
  view-data: 0.21204899699660018
