times:
  edit-metadata: 0.6024964349344373
  landing: 0.055380210280418396
  view-data: 0.2062786710448563
