times:
  edit-metadata: 0.49830064992420375
  landing: 0.06936973507981747
  view-data: 0.20296759193297476
