times:
  edit-metadata: 1.4880860559642315
  landing: 0.8356644436717033
  view-data: 3.4285406917333603
