times:
  edit-metadata: 1.4659963175654411
  landing: 0.8400608748197556
  view-data: 3.332198601216078
