times:
  edit-metadata: 1.5611102152615786
  landing: 0.9646966923028231
  view-data: 3.3747821245342493
