times:
  edit-metadata: 1.5776168256998062
  landing: 0.7802045755088329
  view-data: 3.458159651607275
