times:
  edit-metadata: 1.739076180383563
  landing: 1.0871598087251186
  view-data: 3.4053004812449217
