times:
  edit-metadata: 1.441032063215971
  landing: 0.8065989427268505
  view-data: 3.3140310645103455
