times:
  edit-metadata: 1.4989762865006924
  landing: 0.9836173485964537
  view-data: 3.356702547520399
