times:
  edit-metadata: 1.2778412830084562
  landing: 0.7210575183853507
  view-data: 3.2757222335785627
