times:
  edit-metadata: 1.4475903138518333
  landing: 0.6919408459216356
  view-data: 3.4944703299552202
