times:
  edit-metadata: 1.3972739689052105
  landing: 0.748739134054631
  view-data: 3.4152980190701783
