times:
  edit-metadata: 1.6763559989631176
  landing: 1.1501898691058159
  view-data: 3.4124560430645943
