times:
  edit-metadata: 1.8219019211828709
  landing: 1.2151518054306507
  view-data: 3.417625643312931
