times:
  edit-metadata: 0.6861556535586715
  landing: 0.0774996941909194
  view-data: 0.23811438400298357
