times:
  edit-metadata: 1.6014250162988901
  landing: 0.7914096433669329
  view-data: 3.3742187209427357
