times:
  edit-metadata: 0.5630730763077736
  landing: 0.07675286987796426
  view-data: 0.23554622801020741
