times:
  edit-metadata: 0.6228547359933145
  landing: 0.05455882998649031
  view-data: 0.21533522696699947
