times:
  edit-metadata: 0.5297532340046018
  landing: 0.05396242905408144
  view-data: 0.21039184089750051
