times:
  edit-metadata: 0.583093032008037
  landing: 0.07834741700207815
  view-data: 0.22076131601352245
