times:
  edit-metadata: 1.585988312959671
  landing: 0.9353680983185768
  view-data: 3.41842295601964
