times:
  edit-metadata: 0.5536816981621087
  landing: 0.06455517839640379
  view-data: 0.20600891718640924
