times:
  edit-metadata: 0.5804834719747305
  landing: 0.05895037995651364
  view-data: 0.22017448488622904
