times:
  edit-metadata: 1.5086043514311314
  landing: 0.7085380870848894
  view-data: 3.4386484138667583
