times:
  edit-metadata: 1.5112493820488453
  landing: 0.8214005827903748
  view-data: 3.426713652908802
