times:
  edit-metadata: 2.744611855596304
  landing: 2.189989062026143
  view-data: 3.6644766498357058
