times:
  edit-metadata: 0.4983162712305784
  landing: 0.07199017610400915
  view-data: 0.21590391686186194
