times:
  edit-metadata: 1.4582699537277222
  landing: 0.8216423317790031
  view-data: 3.4817633144557476
