times:
  edit-metadata: 1.7094548791646957
  landing: 1.0802270211279392
  view-data: 3.3352497927844524
