times:
  edit-metadata: 0.4879478251095861
  landing: 0.05707413307391107
  view-data: 0.21025452599860728
