times:
  edit-metadata: 1.5974754616618156
  landing: 0.9036963153630495
  view-data: 3.319104101508856
