times:
  edit-metadata: 0.7888477370142937
  landing: 0.12165179196745157
  view-data: 0.2918058233335614
