times:
  edit-metadata: 0.5884747260715812
  landing: 0.06064523302484304
  view-data: 0.22099826100748032
