times:
  edit-metadata: 1.4472617581486702
  landing: 0.7438843213021755
  view-data: 3.3757986510172486
