times:
  edit-metadata: 1.5565417259931564
  landing: 0.8304681144654751
  view-data: 3.4814498089253902
