times:
  edit-metadata: 1.551049979403615
  landing: 0.818140247836709
  view-data: 3.450519686564803
