times:
  edit-metadata: 1.5626518912613392
  landing: 0.8843419812619686
  view-data: 3.3348733596503735
