times:
  edit-metadata: 1.4832146409898996
  landing: 0.7993494709953666
  view-data: 3.3539902018383145
