times:
  edit-metadata: 1.4596206499263644
  landing: 0.8776570959016681
  view-data: 3.38580269087106
