times:
  edit-metadata: 0.5414045031648129
  landing: 0.05480966600589454
  view-data: 0.21363562811166048
