times:
  edit-metadata: 1.4148505902849138
  landing: 0.8853895249776542
  view-data: 3.3274006438441575
