times:
  edit-metadata: 1.3491698559373617
  landing: 0.6629684611689299
  view-data: 3.279560287948698
