times:
  edit-metadata: 1.5323710180819035
  landing: 0.8115603625774384
  view-data: 3.415034182369709
