times:
  edit-metadata: 0.5185575359500945
  landing: 0.059726862935349345
  view-data: 0.20839843503199518
