times:
  edit-metadata: 0.5248228020500392
  landing: 0.06036555697210133
  view-data: 0.21905847708694637
