times:
  edit-metadata: 0.5085545589681715
  landing: 0.0746780470944941
  view-data: 0.22284055617637932
