times:
  edit-metadata: 2.0880045667290688
  landing: 0.9736614152789116
  view-data: 3.3797231167554855
