times:
  edit-metadata: 1.467734830453992
  landing: 0.8192686345428228
  view-data: 3.4138480741530657
