times:
  edit-metadata: 1.3841211274266243
  landing: 0.7457232624292374
  view-data: 3.3500222712755203
