times:
  edit-metadata: 1.2937752027064562
  landing: 0.7206613230518997
  view-data: 3.3880283650942147
