times:
  edit-metadata: 1.599779687821865
  landing: 0.991965115070343
  view-data: 3.38275608047843
