times:
  edit-metadata: 1.5090915281325579
  landing: 0.8006243947893381
  view-data: 3.530416563153267
