times:
  edit-metadata: 1.6962174605578184
  landing: 0.7721058037132025
  view-data: 3.350235240533948
