times:
  edit-metadata: 1.420522952452302
  landing: 0.7705742139369249
  view-data: 3.3882249519228935
