times:
  edit-metadata: 1.5138368681073189
  landing: 1.0659724697470665
  view-data: 3.3726769015192986
