times:
  edit-metadata: 0.6444009188562632
  landing: 0.07570175174623728
  view-data: 0.3508695838972926
