times:
  edit-metadata: 1.4981240800116211
  landing: 0.8357162741012871
  view-data: 3.3984609190374613
