times:
  edit-metadata: 0.4885347050148994
  landing: 0.0748423240147531
  view-data: 0.3584871490020305
