times:
  edit-metadata: 0.6116970521397889
  landing: 0.09564901096746325
  view-data: 0.25532845268025994
