times:
  edit-metadata: 1.4522049389779568
  landing: 0.7860914969351143
  view-data: 3.353426543995738
