times:
  edit-metadata: 0.6872767908498645
  landing: 0.10992510709911585
  view-data: 0.21902667498216033
