times:
  edit-metadata: 1.3991327565163374
  landing: 0.8332921052351594
  view-data: 3.3548079458996654
