times:
  edit-metadata: 1.6565743274986744
  landing: 1.1263669952750206
  view-data: 3.4140479043126106
