times:
  edit-metadata: 1.4947530403733253
  landing: 0.8853645548224449
  view-data: 3.3244222328066826
