times:
  edit-metadata: 1.4351836568675935
  landing: 0.8041552421636879
  view-data: 3.3569482089951634
