times:
  edit-metadata: 1.5127026103436947
  landing: 0.9548598937690258
  view-data: 3.330656047910452
