times:
  edit-metadata: 0.5099687969777733
  landing: 0.0672183430287987
  view-data: 0.22157564898952842
