times:
  edit-metadata: 0.5247702010092326
  landing: 0.05924295500153676
  view-data: 0.2182003150228411
