times:
  edit-metadata: 1.3989954125136137
  landing: 0.8463841173797846
  view-data: 3.382684476673603
