times:
  edit-metadata: 1.5188755132257938
  landing: 0.6822347231209278
  view-data: 3.3448361940681934
