times:
  edit-metadata: 1.661979103460908
  landing: 0.13659953139722347
  view-data: 0.025686023756861687
