times:
  edit-metadata: 1.7925633741542697
  landing: 0.9722716044634581
  view-data: 3.3707487247884274
