times:
  edit-metadata: 1.3075425989809446
  landing: 0.29893041402101517
  view-data: 0.32578910497250035
