times:
  edit-metadata: 1.4798612538725138
  landing: 0.7585081057623029
  view-data: 3.3551371027715504
