times:
  edit-metadata: 1.642103634774685
  landing: 0.9399367719888687
  view-data: 3.4140949063003063
