times:
  edit-metadata: 0.9095964790030848
  landing: 0.15488590401946567
  view-data: 0.2740371339896228
