times:
  edit-metadata: 1.4062334634363651
  landing: 0.7220077663660049
  view-data: 3.315092884004116
