times:
  edit-metadata: 0.4893306801095605
  landing: 0.06942446110770106
  view-data: 0.3484741663560271
