times:
  edit-metadata: 1.4908464774489403
  landing: 0.8142788931727409
  view-data: 3.3265510760247707
