times:
  edit-metadata: 2.9109676550142467
  landing: 0.03306643501855433
  view-data: 0.4137229070183821
