times:
  edit-metadata: 1.3428031951189041
  landing: 0.7131758686155081
  view-data: 3.416968183591962
