times:
  edit-metadata: 1.9128208560869098
  landing: 1.067669328302145
  view-data: 3.4535163696855307
