times:
  edit-metadata: 1.5534275975078344
  landing: 0.8305757157504559
  view-data: 3.435624063014984
