times:
  edit-metadata: 0.5105172130279243
  landing: 0.07244230899959803
  view-data: 0.20807186886668205
