times:
  edit-metadata: 1.6289774775505066
  landing: 1.1156348623335361
  view-data: 3.58532328158617
