times:
  edit-metadata: 0.6085835890044109
  landing: 0.04714736499590799
  view-data: 0.21911318200000096
