times:
  edit-metadata: 0.5137431389885023
  landing: 0.0458448720164597
  view-data: 0.22704042994882911
