times:
  edit-metadata: 1.6061204089783132
  landing: 0.9554882543161511
  view-data: 3.425148533191532
