times:
  edit-metadata: 1.5477825738489628
  landing: 0.8297657705843449
  view-data: 3.419026877731085
