times:
  edit-metadata: 0.496774944011122
  landing: 0.05947575392201543
  view-data: 0.22876828885637224
