times:
  edit-metadata: 0.6061352409888059
  landing: 0.060565273044630885
  view-data: 0.2250861229840666
