times:
  edit-metadata: 1.700496606528759
  landing: 0.835651334375143
  view-data: 3.398270782083273
