times:
  edit-metadata: 1.6281389482319355
  landing: 1.0844637379050255
  view-data: 3.3823203556239605
