times:
  edit-metadata: 1.4726170860230923
  landing: 0.9027975834906101
  view-data: 3.371740009635687
