times:
  edit-metadata: 5.50197909027338
  landing: 1.2807849571108818
  view-data: 3.3668629117310047
