times:
  edit-metadata: 0.6442319240304641
  landing: 0.05246512696612626
  view-data: 0.21865148900542408
