times:
  edit-metadata: 1.3752214461565018
  landing: 0.6768882945179939
  view-data: 3.304811831563711
