times:
  edit-metadata: 0.49432117212563753
  landing: 0.07101927185431123
  view-data: 0.20981079409830272
