times:
  edit-metadata: 1.6070757396519184
  landing: 0.9189582597464323
  view-data: 3.7474058996886015
