times:
  edit-metadata: 0.5095757169183344
  landing: 0.03926148382015526
  view-data: 0.22054157312959433
