times:
  edit-metadata: 1.4106743559241295
  landing: 0.941923376172781
  view-data: 3.365332491695881
