times:
  edit-metadata: 0.5393710019998252
  landing: 0.0427078721113503
  view-data: 0.20666313194669783
