times:
  edit-metadata: 1.4754294976592064
  landing: 0.9934370778501034
  view-data: 3.3358953297138214
