times:
  edit-metadata: 0.838629508856684
  landing: 0.11712498706765473
  view-data: 0.25412400299683213
