times:
  edit-metadata: 0.4861327209509909
  landing: 0.0712005840614438
  view-data: 0.2128979698754847
