times:
  edit-metadata: 0.5152454550261609
  landing: 0.06829053902765736
  view-data: 0.24122049700235948
