times:
  edit-metadata: 1.432254890911281
  landing: 0.7837941162288189
  view-data: 3.3131590951234102
