times:
  edit-metadata: 0.6081593869603239
  landing: 0.04421083995839581
  view-data: 0.22214369801804423
