times:
  edit-metadata: 2.8377661518752575
  landing: 1.627569179981947
  view-data: 3.5280746947973967
