times:
  edit-metadata: 3.9885648861527443
  landing: 1.4008929915726185
  view-data: 3.7500170059502125
