times:
  edit-metadata: 3.1871966160833836
  landing: 1.6845781113952398
  view-data: 3.654604598879814
