times:
  edit-metadata: 1.704278014600277
  landing: 1.1257985569536686
  view-data: 3.362337611615658
