times:
  edit-metadata: 0.4918530060003832
  landing: 0.05707626200000959
  view-data: 0.22029287399982422
