times:
  edit-metadata: 0.49426480615511537
  landing: 0.06818217318505049
  view-data: 0.22328432323411107
