times:
  edit-metadata: 1.4213776029646397
  landing: 0.7304394608363509
  view-data: 3.289023445919156
