times:
  edit-metadata: 1.8419455508701503
  landing: 0.9576211930252612
  view-data: 3.551850240211934
