times:
  edit-metadata: 0.6837266921065748
  landing: 0.06483063194900751
  view-data: 0.2086274311877787
