times:
  edit-metadata: 1.3158790050074458
  landing: 0.8035627575591207
  view-data: 3.447474393993616
