times:
  edit-metadata: 1.6240295674651861
  landing: 0.8421021327376366
  view-data: 3.4425270445644855
