times:
  edit-metadata: 1.6243714168667793
  landing: 1.19171392172575
  view-data: 3.3568071760237217
