times:
  edit-metadata: 1.5372548624873161
  landing: 0.7295190058648586
  view-data: 3.413687713444233
