times:
  edit-metadata: 0.5100932309869677
  landing: 0.06286492617800832
  view-data: 0.2241747179068625
