times:
  edit-metadata: 1.5277784308418632
  landing: 0.884625137783587
  view-data: 3.3878891272470355
