times:
  edit-metadata: 1.6967862527817488
  landing: 0.7964796759188175
  view-data: 3.357388788834214
