times:
  edit-metadata: 1.5389245990663767
  landing: 0.7215757183730602
  view-data: 3.3672663662582636
