times:
  edit-metadata: 1.874152323231101
  landing: 1.199049481190741
  view-data: 3.479709626175463
