times:
  edit-metadata: 1.6802873723208904
  landing: 1.101796142756939
  view-data: 3.5149847120046616
