times:
  edit-metadata: 0.5041320009622723
  landing: 0.06998594908509403
  view-data: 0.2206420040456578
