times:
  edit-metadata: 1.56627599906642
  landing: 0.8105791130801663
  view-data: 3.3754903270164505
