times:
  edit-metadata: 1.5942738000303507
  landing: 0.8230268899351358
  view-data: 3.4667770620435476
