times:
  edit-metadata: 1.4281032918952405
  landing: 0.9617960280738771
  view-data: 3.2873639969620854
