times:
  edit-metadata: 1.466694165021181
  landing: 0.8130838898941875
  view-data: 3.3244571620598435
