times:
  edit-metadata: 1.9773639310151339
  landing: 1.1141611132770777
  view-data: 3.6946336729452014
