times:
  edit-metadata: 0.5002070380141959
  landing: 0.07625278196064755
  view-data: 0.21939465100876987
