times:
  edit-metadata: 1.4076014189049602
  landing: 0.7660264819860458
  view-data: 3.399262140505016
