times:
  edit-metadata: 1.6024570688605309
  landing: 0.984166793525219
  view-data: 3.445582704618573
