times:
  edit-metadata: 1.4868520310847089
  landing: 0.8494854118907824
  view-data: 3.326486894977279
