times:
  edit-metadata: 1.3759151697158813
  landing: 0.8322652876377106
  view-data: 3.283536646515131
