times:
  edit-metadata: 1.8663484444841743
  landing: 1.3432659823447466
  view-data: 3.771100390702486
