times:
  edit-metadata: 0.5111697986721992
  landing: 0.06959465285763144
  view-data: 0.21507427422329783
