times:
  edit-metadata: 0.4938926640897989
  landing: 0.061873954022303224
  view-data: 0.2215541829355061
