times:
  edit-metadata: 1.4902112297713757
  landing: 0.8728657215833664
  view-data: 3.3455838188529015
