times:
  edit-metadata: 1.5211551003158092
  landing: 0.950364101678133
  view-data: 3.423076406121254
