times:
  edit-metadata: 1.5091738421469927
  landing: 0.8400426730513573
  view-data: 3.6544823590666056
