times:
  edit-metadata: 0.4892153488472104
  landing: 0.08273392869159579
  view-data: 0.2213053312152624
