times:
  edit-metadata: 0.49943106702994555
  landing: 0.0689487389754504
  view-data: 0.21579771197866648
