times:
  edit-metadata: 0.5217058970592916
  landing: 0.05094637302681804
  view-data: 0.2124467520043254
