times:
  edit-metadata: 0.6134263318963349
  landing: 0.0736282137222588
  view-data: 0.22203225921839476
