times:
  edit-metadata: 0.4928645743057132
  landing: 0.06731603713706136
  view-data: 0.21595850633457303
