times:
  edit-metadata: 1.3608518578112125
  landing: 0.6859351564198732
  view-data: 3.261536603793502
