times:
  edit-metadata: 1.6608042903244495
  landing: 0.8802810870110989
  view-data: 3.472149468958378
