times:
  edit-metadata: 0.5799637720920146
  landing: 0.15120370918884873
  view-data: 0.2972751990891993
