times:
  edit-metadata: 0.5604447560008339
  landing: 0.0633811469997454
  view-data: 0.2160587910002505
