times:
  edit-metadata: 1.6988444067537785
  landing: 1.3707103561609983
  view-data: 3.393705900758505
