times:
  edit-metadata: 0.6025183420279063
  landing: 0.04709204501705244
  view-data: 0.2235804990050383
