times:
  edit-metadata: 1.9440527185797691
  landing: 0.9565510787069798
  view-data: 3.400434782728553
