times:
  edit-metadata: 0.5244586258195341
  landing: 0.047428234945982695
  view-data: 0.2134873541072011
