times:
  edit-metadata: 1.519480835646391
  landing: 0.8697757013142109
  view-data: 3.4019693732261658
