times:
  edit-metadata: 1.577030286192894
  landing: 0.9815294332802296
  view-data: 3.37593711912632
