times:
  edit-metadata: 0.7342960410751402
  landing: 0.06725513888522983
  view-data: 0.2701087286695838
