times:
  edit-metadata: 1.6055231094360352
  landing: 0.9250173680484295
  view-data: 3.4334199614822865
