times:
  edit-metadata: 1.7257205992937088
  landing: 0.8406847156584263
  view-data: 3.3700544238090515
