times:
  edit-metadata: 1.3909083032049239
  landing: 0.862773166038096
  view-data: 3.3996334527619183
