times:
  edit-metadata: 0.5344462140346877
  landing: 0.044623070978559554
  view-data: 0.20550137996906415
