times:
  edit-metadata: 0.6053683029895183
  landing: 0.08805084699997678
  view-data: 0.2177027699945029
