times:
  edit-metadata: 1.6211898978799582
  landing: 0.920869829133153
  view-data: 3.3617043402045965
