times:
  edit-metadata: 1.522079523652792
  landing: 0.7851089965552092
  view-data: 3.4071538653224707
