times:
  edit-metadata: 1.468072958290577
  landing: 0.8110392764210701
  view-data: 3.32926007732749
