times:
  edit-metadata: 1.8179497122764587
  landing: 0.9727288633584976
  view-data: 3.3927771039307117
