times:
  edit-metadata: 1.4467777106910944
  landing: 0.7740333108231425
  view-data: 3.3654666766524315
