times:
  edit-metadata: 1.3531128279864788
  landing: 0.6871452629566193
  view-data: 3.2802093289792538
