times:
  edit-metadata: 1.293899631127715
  landing: 0.7117413450032473
  view-data: 4.348691763356328
