times:
  edit-metadata: 2.102410424500704
  landing: 1.4925319887697697
  view-data: 3.5700452625751495
