times:
  edit-metadata: 1.45059706363827
  landing: 0.7957341820001602
  view-data: 3.2783991172909737
