times:
  edit-metadata: 0.5122168789966963
  landing: 0.06279439199715853
  view-data: 0.2137544680153951
