times:
  edit-metadata: 1.617348263040185
  landing: 0.7794448211789131
  view-data: 3.3845502864569426
