times:
  edit-metadata: 1.6301731690764427
  landing: 1.1573671102523804
  view-data: 3.4873240552842617
