times:
  edit-metadata: 1.4275370900286362
  landing: 0.8019494080217555
  view-data: 3.378991614910774
