times:
  edit-metadata: 1.3338962979614735
  landing: 0.8939232788980007
  view-data: 3.2977672144770622
