times:
  edit-metadata: 1.456281777471304
  landing: 1.1357181817293167
  view-data: 3.299008920788765
