times:
  edit-metadata: 1.5628059431910515
  landing: 0.8920135051012039
  view-data: 3.290330532938242
