times:
  edit-metadata: 1.4408723041415215
  landing: 0.8672653469257057
  view-data: 3.367544253822416
