times:
  edit-metadata: 1.422562988474965
  landing: 0.7362557630985975
  view-data: 3.36438044719398
