times:
  edit-metadata: 0.4983899969374761
  landing: 0.06405546795576811
  view-data: 0.22575585404410958
