times:
  edit-metadata: 1.4247007202357054
  landing: 0.6561146657913923
  view-data: 3.3112002201378345
