times:
  edit-metadata: 1.492346378043294
  landing: 0.8624254260212183
  view-data: 3.3516911808401346
