times:
  edit-metadata: 1.6284247655421495
  landing: 0.8063607830554247
  view-data: 3.4764569886028767
