times:
  edit-metadata: 1.7258771918714046
  landing: 0.7919330596923828
  view-data: 3.3090701922774315
