times:
  edit-metadata: 1.497711692005396
  landing: 0.8461873158812523
  view-data: 3.359863679856062
