times:
  edit-metadata: 0.49010949999501463
  landing: 0.05996622300881427
  view-data: 0.21325695401174016
