times:
  edit-metadata: 0.509708487894386
  landing: 0.06698850286193192
  view-data: 0.21935257292352617
