times:
  edit-metadata: 1.4331771172583103
  landing: 0.8383167609572411
  view-data: 3.386734802275896
