times:
  edit-metadata: 1.5579794347286224
  landing: 0.9471677429974079
  view-data: 3.338667668402195
