times:
  edit-metadata: 1.5142179634422064
  landing: 0.9029625207185745
  view-data: 3.602408656850457
