times:
  edit-metadata: 0.49914607708342373
  landing: 0.05847757589071989
  view-data: 0.3455180670134723
