times:
  edit-metadata: 0.5121952029876411
  landing: 0.06978296302258968
  view-data: 0.20373559393920004
