times:
  edit-metadata: 1.5508412085473537
  landing: 0.7873808331787586
  view-data: 3.4714977871626616
