times:
  edit-metadata: 0.491794366389513
  landing: 0.07181468792259693
  view-data: 0.21756928181275725
