times:
  edit-metadata: 1.4414507262408733
  landing: 0.677646204829216
  view-data: 3.4310613088309765
