times:
  edit-metadata: 1.4240426486358047
  landing: 0.7390318401157856
  view-data: 3.3334359638392925
