times:
  edit-metadata: 1.3504455983638763
  landing: 0.7351179234683514
  view-data: 3.263912132009864
