times:
  edit-metadata: 1.5478783808648586
  landing: 0.77122517907992
  view-data: 3.4156276755966246
