times:
  edit-metadata: 1.4542857594788074
  landing: 0.9519454166293144
  view-data: 3.3033149391412735
