times:
  edit-metadata: 1.7686541825532913
  landing: 1.0580348670482635
  view-data: 3.39239664003253
