times:
  edit-metadata: 1.7966854497790337
  landing: 1.3716475144028664
  view-data: 3.3768472895026207
