times:
  edit-metadata: 0.5994536159996642
  landing: 0.10924157600675244
  view-data: 0.22176898100588005
