times:
  edit-metadata: 1.8267214745283127
  landing: 1.0942025873810053
  view-data: 3.4741442389786243
