times:
  edit-metadata: 0.5708029930246994
  landing: 0.06971393304411322
  view-data: 0.22048159502446651
