times:
  edit-metadata: 1.355250496417284
  landing: 0.6258394252508879
  view-data: 3.270394090563059
