times:
  edit-metadata: 1.3987054787576199
  landing: 0.8283882439136505
  view-data: 3.3120939917862415
