times:
  edit-metadata: 1.4445462338626385
  landing: 0.7508085910230875
  view-data: 3.350440562935546
