times:
  edit-metadata: 1.6028674058616161
  landing: 0.9729570113122463
  view-data: 3.2544268555939198
