times:
  edit-metadata: 1.630374839529395
  landing: 0.8234391119331121
  view-data: 3.3807925954461098
