times:
  edit-metadata: 1.4827921874821186
  landing: 0.7477716505527496
  view-data: 3.3341682888567448
