times:
  edit-metadata: 1.529782447963953
  landing: 0.8860528282821178
  view-data: 3.436293177306652
