times:
  edit-metadata: 1.5977800749242306
  landing: 0.9480834119021893
  view-data: 3.4841671995818615
