times:
  edit-metadata: 1.427992295473814
  landing: 0.8731200508773327
  view-data: 3.3472677022218704
