times:
  edit-metadata: 2.1167268939316273
  landing: 1.0572285205125809
  view-data: 3.613806389272213
