times:
  edit-metadata: 1.5092516094446182
  landing: 0.8455223515629768
  view-data: 3.4157137274742126
