times:
  edit-metadata: 0.506185185018694
  landing: 0.07517564299632795
  view-data: 0.209194638999179
