times:
  edit-metadata: 3.049012441188097
  landing: 1.3213034607470036
  view-data: 3.4465183317661285
