times:
  edit-metadata: 0.4959540399722755
  landing: 0.06693279603496194
  view-data: 0.22250538901425898
