times:
  edit-metadata: 1.8520869985222816
  landing: 1.058517161756754
  view-data: 3.3201221376657486
