times:
  edit-metadata: 1.5339200869202614
  landing: 0.902553454041481
  view-data: 3.4376571141183376
