times:
  edit-metadata: 1.5431286599487066
  landing: 0.6455185431987047
  view-data: 3.410869440063834
