times:
  edit-metadata: 1.3855252284556627
  landing: 0.6847059521824121
  view-data: 3.386651812121272
