times:
  edit-metadata: 1.4596114307641983
  landing: 0.9834337681531906
  view-data: 3.3521606028079987
