times:
  edit-metadata: 1.632080264389515
  landing: 0.9912960007786751
  view-data: 3.41564853861928
