times:
  edit-metadata: 0.5771097070537508
  landing: 0.06351499608717859
  view-data: 0.23365999199450016
