times:
  edit-metadata: 1.256565174087882
  landing: 0.7697341870516539
  view-data: 3.3181936303153634
