times:
  edit-metadata: 1.4359080009162426
  landing: 0.9010316729545593
  view-data: 3.35167483612895
