times:
  edit-metadata: 1.3520208075642586
  landing: 0.7992852590978146
  view-data: 3.256020199507475
