times:
  edit-metadata: 1.3937290641479194
  landing: 0.8456983957439661
  view-data: 3.314367688726634
