times:
  edit-metadata: 2.8441348634660244
  landing: 1.08016137778759
  view-data: 3.617223372682929
