times:
  edit-metadata: 1.457640714943409
  landing: 0.7002271730452776
  view-data: 3.3897533286362886
