times:
  edit-metadata: 0.49010057700797915
  landing: 0.07302439701743424
  view-data: 0.21374185080640018
