times:
  edit-metadata: 1.525623919442296
  landing: 0.7502715829759836
  view-data: 3.3961495757102966
