times:
  edit-metadata: 1.9041298888623714
  landing: 1.3339251577854156
  view-data: 3.441567797213793
