times:
  edit-metadata: 1.4296397529542446
  landing: 0.7700583785772324
  view-data: 3.4298539720475674
