times:
  edit-metadata: 1.3579485081136227
  landing: 0.8230071617290378
  view-data: 3.645588149316609
