times:
  edit-metadata: 1.3086453638970852
  landing: 0.7357882186770439
  view-data: 3.3077694587409496
