times:
  edit-metadata: 1.3451216220855713
  landing: 0.7068081293255091
  view-data: 3.2900796169415116
