times:
  edit-metadata: 1.7779718097299337
  landing: 1.448531304486096
  view-data: 3.3516837283968925
