times:
  edit-metadata: 3.5038301153108478
  landing: 1.8073400501161814
  view-data: 3.6127630416303873
