times:
  edit-metadata: 0.6003163489513099
  landing: 0.044661811960395426
  view-data: 0.22011686000041664
