times:
  edit-metadata: 0.49718673701863736
  landing: 0.055509007012005895
  view-data: 0.22186072898330167
