times:
  edit-metadata: 0.49786099093034863
  landing: 0.06461971299722791
  view-data: 0.21103977598249912
