times:
  edit-metadata: 1.411834191530943
  landing: 0.8227005265653133
  view-data: 3.3659658916294575
