times:
  edit-metadata: 0.507183836074546
  landing: 0.06729661906138062
  view-data: 0.2131709970999509
