times:
  edit-metadata: 0.5921479259850457
  landing: 0.05187706698779948
  view-data: 0.22891473598429002
