times:
  edit-metadata: 1.5322831645607948
  landing: 0.6984666008502245
  view-data: 3.4074420034885406
