times:
  edit-metadata: 1.2671379228122532
  landing: 0.7068821331486106
  view-data: 3.3989778379909694
