times:
  edit-metadata: 1.5714327823370695
  landing: 0.7829632852226496
  view-data: 3.4511678516864777
