times:
  edit-metadata: 1.8774238033220172
  landing: 1.029394693672657
  view-data: 3.6874813260510564
