times:
  edit-metadata: 0.5350354360416532
  landing: 0.05909537395928055
  view-data: 0.22021843900438398
