times:
  edit-metadata: 1.3471804801374674
  landing: 0.7763512432575226
  view-data: 3.3942223116755486
