times:
  edit-metadata: 1.4176714960485697
  landing: 0.8659819923341274
  view-data: 3.393613815307617
