times:
  edit-metadata: 0.5058081480674446
  landing: 0.06298485794104636
  view-data: 0.215666992822662
