times:
  edit-metadata: 0.533652207814157
  landing: 0.052709225099533796
  view-data: 0.21065298421308398
