times:
  edit-metadata: 1.2582268612459302
  landing: 0.6759464768692851
  view-data: 3.2791816014796495
