times:
  edit-metadata: 1.5731718242168427
  landing: 0.9325330071151257
  view-data: 3.4987021423876286
