times:
  edit-metadata: 0.5165117559954524
  landing: 0.061335297767072916
  view-data: 0.21386195672675967
