times:
  edit-metadata: 1.45651625841856
  landing: 1.027849156409502
  view-data: 3.3611707538366318
