times:
  edit-metadata: 0.5994654179958161
  landing: 0.06747803499456495
  view-data: 0.22891081200214103
