times:
  edit-metadata: 1.407588061876595
  landing: 1.0039472477510571
  view-data: 3.3930782712996006
