times:
  edit-metadata: 0.5954877897165716
  landing: 0.0643668370321393
  view-data: 0.2310380437411368
