times:
  edit-metadata: 1.5030286950059235
  landing: 0.8399693639948964
  view-data: 3.381496812682599
