times:
  edit-metadata: 1.5959201008081436
  landing: 0.8183000311255455
  view-data: 3.4125772044062614
