times:
  edit-metadata: 1.9691288596950471
  landing: 1.2174776829779148
  view-data: 3.469646720215678
