times:
  edit-metadata: 0.580514975823462
  landing: 0.06505611026659608
  view-data: 0.21504734409973025
