times:
  edit-metadata: 0.5226040901616216
  landing: 0.04763015196658671
  view-data: 0.2059557680040598
