times:
  edit-metadata: 1.5167599637061357
  landing: 0.77216637134552
  view-data: 3.3904304951429367
