times:
  edit-metadata: 1.4327024836093187
  landing: 0.8095872029662132
  view-data: 3.403466310352087
