times:
  edit-metadata: 0.5079798660008237
  landing: 0.054405467002652586
  view-data: 0.2128527850145474
