times:
  edit-metadata: 1.786314446479082
  landing: 1.02543218806386
  view-data: 3.350640930235386
