times:
  edit-metadata: 1.546199131757021
  landing: 0.8775552175939083
  view-data: 3.4100392051041126
