times:
  edit-metadata: 1.421245887875557
  landing: 0.9322040304541588
  view-data: 3.364873692393303
