times:
  edit-metadata: 3.4557591322809458
  landing: 1.6101496126502752
  view-data: 3.5397421326488256
