times:
  edit-metadata: 1.4371486981399357
  landing: 0.8415824989788234
  view-data: 3.392079353798181
