times:
  landing: 1.071905227000002
  view-data: 0.5586795529999904
