times:
  landing: 1.0629638760000262
  view-data: 0.5438642089999917
