times:
  landing: 0.5506656090000206
  view-data: 0.555952972
