times:
  edit-metadata: 1.6020079832524061
  landing: 1.0280578415840864
  view-data: 3.3979738261550665
