times:
  edit-metadata: 1.4882380226626992
  landing: 0.9315021811053157
  view-data: 3.389715349301696
