times:
  edit-metadata: 1.4245425609406084
  landing: 0.8825276740826666
  view-data: 3.4240299409721047
