times:
  edit-metadata: 1.5228304821066558
  landing: 0.9335354431532323
  view-data: 3.2577274260111153
