times:
  edit-metadata: 1.543127255514264
  landing: 0.8087888900190592
  view-data: 3.4715855475515127
