times:
  edit-metadata: 1.4902747441083193
  landing: 0.8007467146962881
  view-data: 3.4453082270920277
