times:
  edit-metadata: 1.4127936139702797
  landing: 0.8951940089464188
  view-data: 3.4415647201240063
