times:
  edit-metadata: 1.4231892116367817
  landing: 0.9566892236471176
  view-data: 3.310291815549135
