times:
  edit-metadata: 1.4700235959608108
  landing: 0.9309374180156738
  view-data: 3.3663417119532824
