times:
  edit-metadata: 1.694274339824915
  landing: 1.0246578641235828
  view-data: 3.4390627536922693
