times:
  edit-metadata: 1.467446545837447
  landing: 0.8823385850992054
  view-data: 3.4127036440186203
