times:
  edit-metadata: 1.4798440411686897
  landing: 0.95576361566782
  view-data: 3.3618225045502186
