times:
  edit-metadata: 1.497981645166874
  landing: 0.994843453168869
  view-data: 3.339721519500017
