times:
  edit-metadata: 1.6126147042959929
  landing: 0.814498595893383
  view-data: 3.408816745504737
