times:
  edit-metadata: 1.519372370094061
  landing: 0.9223785251379013
  view-data: 3.39419636875391
