times:
  edit-metadata: 1.4820466786623
  landing: 0.9827892556786537
  view-data: 3.401240823790431
