times:
  edit-metadata: 1.5816586278378963
  landing: 1.1008958481252193
  view-data: 3.320837888866663
