times:
  edit-metadata: 1.5113082118332386
  landing: 0.890810982324183
  view-data: 3.4078267766162753
