times:
  edit-metadata: 2.330847818404436
  landing: 1.5912642255425453
  view-data: 3.5937793999910355
