times:
  edit-metadata: 1.397761907428503
  landing: 0.9057918405160308
  view-data: 3.3637897223234177
