times:
  edit-metadata: 1.5478567890822887
  landing: 0.9413359463214874
  view-data: 3.4203100204467773
