times:
  edit-metadata: 1.5214478224515915
  landing: 0.8831264562904835
  view-data: 3.3552887961268425
