times:
  edit-metadata: 1.619012069888413
  landing: 1.1169361546635628
  view-data: 3.4769526394084096
