times:
  edit-metadata: 1.0718536180211231
  landing: 0.07438922894652933
  view-data: 0.23971009498927742
