times:
  edit-metadata: 1.527330920100212
  landing: 0.7869096584618092
  view-data: 3.4217177107930183
