times:
  edit-metadata: 1.5441770441830158
  landing: 0.8502392470836639
  view-data: 3.4368609450757504
