times:
  edit-metadata: 1.6241184435784817
  landing: 0.9207997657358646
  view-data: 3.5545859187841415
