times:
  edit-metadata: 1.5361701175570488
  landing: 0.7982956487685442
  view-data: 3.414265850558877
