times:
  edit-metadata: 1.4734586849808693
  landing: 0.9303378313779831
  view-data: 3.3675728011876345
