times:
  edit-metadata: 1.067242257995531
  landing: 0.07467613997869194
  view-data: 0.2460079409647733
