times:
  edit-metadata: 0.4873098620446399
  landing: 0.0718589669559151
  view-data: 0.2066002560313791
