times:
  edit-metadata: 1.6577484793961048
  landing: 1.0196956358850002
  view-data: 3.383881714195013
