times:
  edit-metadata: 1.3930714991874993
  landing: 1.2256655739620328
  view-data: 3.359535742085427
