times:
  edit-metadata: 1.5051129376515746
  landing: 0.8134596794843674
  view-data: 3.3249162025749683
