times:
  edit-metadata: 1.496609352529049
  landing: 0.8094044402241707
  view-data: 3.413842711597681
