times:
  edit-metadata: 1.9211639761924744
  landing: 0.9445454310625792
  view-data: 3.4320373237133026
