times:
  edit-metadata: 1.5318690240383148
  landing: 0.9116550162434578
  view-data: 3.368009462952614
