times:
  edit-metadata: 1.531458754092455
  landing: 0.958014689385891
  view-data: 3.321084015071392
