times:
  edit-metadata: 1.54000433254987
  landing: 0.9037409648299217
  view-data: 3.410078906454146
