times:
  edit-metadata: 1.4006266901269555
  landing: 0.8461941452696919
  view-data: 3.33325051702559
