times:
  edit-metadata: 1.4108844846487045
  landing: 0.978826031088829
  view-data: 3.3397313989698887
