times:
  edit-metadata: 2.152130230329931
  landing: 1.1943245865404606
  view-data: 3.5504297204315662
