times:
  edit-metadata: 1.5324820205569267
  landing: 0.9856157898902893
  view-data: 3.415411327034235
