times:
  edit-metadata: 1.437852956354618
  landing: 0.9192036464810371
  view-data: 3.3695255890488625
