times:
  edit-metadata: 1.4865736979991198
  landing: 0.9693741798400879
  view-data: 3.3258432056754827
