times:
  edit-metadata: 1.548713829368353
  landing: 0.9103368278592825
  view-data: 3.3293340783566236
