times:
  edit-metadata: 1.464609956368804
  landing: 0.7696264106780291
  view-data: 3.3381387013942003
