times:
  edit-metadata: 1.5003119483590126
  landing: 0.9513672143220901
  view-data: 3.334612052887678
