times:
  edit-metadata: 1.5075985975563526
  landing: 0.8331535775214434
  view-data: 3.3837225046008825
