times:
  edit-metadata: 1.3873012997210026
  landing: 0.8245572149753571
  view-data: 3.304080095142126
