times:
  edit-metadata: 1.2772696744650602
  landing: 0.8287465097382665
  view-data: 3.379927968606353
