times:
  edit-metadata: 1.5112094264477491
  landing: 0.8918807413429022
  view-data: 3.403091154061258
