times:
  edit-metadata: 1.5302277579903603
  landing: 1.0741222836077213
  view-data: 3.4867925196886063
