times:
  edit-metadata: 1.5447925422340631
  landing: 0.8009542245417833
  view-data: 3.4362569730728865
