times:
  edit-metadata: 1.4227890819311142
  landing: 0.9058347027748823
  view-data: 3.368401204701513
