times:
  edit-metadata: 1.7285971995443106
  landing: 0.982678247615695
  view-data: 3.456662993878126
