times:
  edit-metadata: 1.456795391626656
  landing: 0.8538008937612176
  view-data: 3.38927108515054
