times:
  edit-metadata: 1.5623980276286602
  landing: 0.9721758849918842
  view-data: 3.4357436411082745
