times:
  edit-metadata: 1.4594934470951557
  landing: 0.9505947940051556
  view-data: 3.341103815473616
