times:
  edit-metadata: 1.0639377310872078
  landing: 0.06793080607894808
  view-data: 0.24638404592406005
