times:
  edit-metadata: 1.5991931147873402
  landing: 0.8092101365327835
  view-data: 3.3968805111944675
