times:
  edit-metadata: 1.542342258617282
  landing: 0.8023388553410769
  view-data: 3.373691940680146
