times:
  edit-metadata: 1.7166241835802794
  landing: 1.1258066054433584
  view-data: 3.428333604708314
