times:
  edit-metadata: 1.4192828238010406
  landing: 0.9359318427741528
  view-data: 3.356005683541298
