times:
  edit-metadata: 2.112484890036285
  landing: 1.1868951758369803
  view-data: 3.4009726671501994
