times:
  edit-metadata: 1.4623386338353157
  landing: 0.7913417741656303
  view-data: 3.3826191276311874
