times:
  edit-metadata: 1.6305918507277966
  landing: 1.173296958208084
  view-data: 3.4260347336530685
