times:
  edit-metadata: 1.3683148436248302
  landing: 0.769818615168333
  view-data: 3.2942772079259157
