times:
  edit-metadata: 1.5607671476900578
  landing: 0.9030455499887466
  view-data: 3.3705196753144264
