times:
  edit-metadata: 1.5793135482817888
  landing: 0.7843131013214588
  view-data: 3.3832748848944902
