times:
  edit-metadata: 1.520607689395547
  landing: 0.9362902520224452
  view-data: 3.3725057151168585
