times:
  edit-metadata: 1.5184657201170921
  landing: 0.8024983312934637
  view-data: 3.4145156778395176
