times:
  edit-metadata: 1.6461764741688967
  landing: 0.9621753403916955
  view-data: 3.487605911679566
