times:
  edit-metadata: 1.4703921377658844
  landing: 0.9296744130551815
  view-data: 3.387739572674036
