times:
  edit-metadata: 1.5167804881930351
  landing: 0.8033922482281923
  view-data: 3.3738248348236084
