times:
  edit-metadata: 1.4970003608614206
  landing: 0.7655032128095627
  view-data: 3.3453968558460474
