times:
  edit-metadata: 1.364514916203916
  landing: 0.9007057081907988
  view-data: 3.409501993097365
