times:
  edit-metadata: 1.5685532689094543
  landing: 0.885299114510417
  view-data: 3.4372203666716814
