times:
  edit-metadata: 1.5843697413802147
  landing: 1.018108069896698
  view-data: 3.336651060730219
