times:
  edit-metadata: 1.4547346904873848
  landing: 0.9664998091757298
  view-data: 3.344133798032999
