times:
  edit-metadata: 1.386118985246867
  landing: 0.9125469401478767
  view-data: 3.3861801996827126
