times:
  edit-metadata: 1.9835659749805927
  landing: 1.2026103362441063
  view-data: 3.4642283022403717
