times:
  edit-metadata: 1.594178467988968
  landing: 1.0244613029062748
  view-data: 3.378404064103961
