times:
  edit-metadata: 1.3885931428521872
  landing: 0.8577333400025964
  view-data: 3.3941343459300697
