times:
  edit-metadata: 1.4670799169689417
  landing: 0.8553640656173229
  view-data: 3.4090097434818745
