times:
  edit-metadata: 1.4129279786720872
  landing: 0.8428952693939209
  view-data: 3.3377803610637784
