times:
  edit-metadata: 1.4934995049843565
  landing: 0.9047899070428684
  view-data: 3.366470361012034
