times:
  edit-metadata: 1.6827363909687847
  landing: 1.0655309008434415
  view-data: 0.6423905899282545
