times:
  edit-metadata: 1.4438178995624185
  landing: 0.8084313236176968
  view-data: 3.3778498228639364
