times:
  edit-metadata: 1.440855398774147
  landing: 0.9547747261822224
  view-data: 3.3124261423945427
