times:
  edit-metadata: 1.5519488081336021
  landing: 0.7987226638942957
  view-data: 3.4294844437390566
