times:
  edit-metadata: 1.4859857931733131
  landing: 1.1053470596671104
  view-data: 3.2997199036180973
