times:
  edit-metadata: 1.5076946951448917
  landing: 1.0045295357704163
  view-data: 3.6440204679965973
