times:
  edit-metadata: 1.5190935283899307
  landing: 0.9973008595407009
  view-data: 3.314150970429182
