times:
  edit-metadata: 1.0567862290190533
  landing: 0.07472357200458646
  view-data: 0.37882912100758404
