times:
  edit-metadata: 1.0635267910547554
  landing: 0.07629432389512658
  view-data: 0.27143938397057354
