times:
  edit-metadata: 1.4597362987697124
  landing: 0.9306861460208893
  view-data: 3.363979544490576
