times:
  edit-metadata: 1.5001691989600658
  landing: 0.9044674076139927
  view-data: 3.4345175810158253
