times:
  edit-metadata: 1.5369425937533379
  landing: 0.8911684909835458
  view-data: 3.43882545735687
