times:
  edit-metadata: 1.1614791750907898
  landing: 0.7961731310933828
  view-data: 3.333532452583313
