times:
  edit-metadata: 1.4146216865628958
  landing: 0.8341847937554121
  view-data: 3.3728013010695577
