times:
  edit-metadata: 1.5298398099839687
  landing: 0.8152273669838905
  view-data: 3.413923494517803
