times:
  edit-metadata: 1.6632076017558575
  landing: 1.1499777995049953
  view-data: 3.3617976307868958
