times:
  edit-metadata: 1.7289359346032143
  landing: 1.0966779217123985
  view-data: 3.3356916159391403
