times:
  edit-metadata: 2.858361119404435
  landing: 1.3138028513640165
  view-data: 3.5133534874767065
