times:
  edit-metadata: 1.4908508602529764
  landing: 1.129710540175438
  view-data: 3.425720937550068
