times:
  edit-metadata: 1.335740216076374
  landing: 0.7651044391095638
  view-data: 3.3059497345238924
