times:
  edit-metadata: 1.3939058291725814
  landing: 0.8564064628444612
  view-data: 3.4433356169611216
