times:
  edit-metadata: 2.572571661323309
  landing: 1.2045917473733425
  view-data: 3.4311482198536396
