times:
  edit-metadata: 1.5199188627302647
  landing: 0.9942948818206787
  view-data: 3.3949018977582455
