times:
  edit-metadata: 1.4337862571701407
  landing: 0.8196992659941316
  view-data: 3.3531859000213444
