times:
  edit-metadata: 1.557202911004424
  landing: 0.8024810720235109
  view-data: 3.3975508231669664
