times:
  edit-metadata: 2.0825634030625224
  landing: 2.576253117993474
  view-data: 3.561587176285684
