times:
  edit-metadata: 1.530549155548215
  landing: 0.9624362401664257
  view-data: 3.410372767597437
