times:
  edit-metadata: 1.3507441189140081
  landing: 0.8996335677802563
  view-data: 3.27170904353261
