times:
  edit-metadata: 1.1125177249778062
  landing: 0.08767436118796468
  view-data: 0.26969703915528953
