times:
  edit-metadata: 1.601239312440157
  landing: 0.7937697097659111
  view-data: 3.4411863684654236
