times:
  edit-metadata: 1.4992259535938501
  landing: 0.833080867305398
  view-data: 3.372969662770629
