times:
  edit-metadata: 1.4356727190315723
  landing: 0.8360707871615887
  view-data: 3.325550213456154
