times:
  edit-metadata: 1.4764599610352889
  landing: 0.8589083050610498
  view-data: 3.2905825820052996
