times:
  edit-metadata: 1.7678303644061089
  landing: 1.2981909438967705
  view-data: 3.4052050448954105
