times:
  edit-metadata: 1.607173522002995
  landing: 1.1472996147349477
  view-data: 3.3129514968022704
