times:
  edit-metadata: 1.533648818731308
  landing: 0.963118314743042
  view-data: 3.407841619104147
