times:
  edit-metadata: 1.4975440800189972
  landing: 0.8460851702839136
  view-data: 3.3781274296343327
