times:
  edit-metadata: 1.4342524241656065
  landing: 0.8111530765891075
  view-data: 3.305282847955823
