times:
  edit-metadata: 1.496378781273961
  landing: 0.8584702871739864
  view-data: 3.410795720294118
