times:
  edit-metadata: 1.4404811880085617
  landing: 1.1153406159719452
  view-data: 3.3602077909745276
