times:
  edit-metadata: 1.405225157737732
  landing: 0.8811737932264805
  view-data: 3.3614997304975986
