times:
  edit-metadata: 1.5993483904749155
  landing: 0.8269723709672689
  view-data: 3.428075222298503
