times:
  edit-metadata: 1.0656181420199573
  landing: 0.0734328719554469
  view-data: 0.503661060007289
