times:
  edit-metadata: 1.6747131645679474
  landing: 0.8522919379174709
  view-data: 3.3481043875217438
