times:
  edit-metadata: 1.6197474617511034
  landing: 0.939398929476738
  view-data: 3.4323486238718033
