times:
  edit-metadata: 1.499271735548973
  landing: 0.9585453495383263
  view-data: 3.356679204851389
