times:
  edit-metadata: 1.4291421007364988
  landing: 0.8655423503369093
  view-data: 3.3604332841932774
