times:
  edit-metadata: 1.4706218931823969
  landing: 0.8330883551388979
  view-data: 3.430231088772416
