times:
  edit-metadata: 1.9883423149585724
  landing: 1.169686283916235
  view-data: 3.3853536285459995
