times:
  edit-metadata: 1.5422419421374798
  landing: 1.0084732696413994
  view-data: 3.408141016960144
