times:
  edit-metadata: 1.5498150363564491
  landing: 1.032522726804018
  view-data: 3.3220057040452957
