times:
  edit-metadata: 1.3257558681070805
  landing: 0.9109101518988609
  view-data: 3.3728593960404396
