times:
  edit-metadata: 1.3929863889934495
  landing: 0.8945413149194792
  view-data: 3.3537569309119135
