times:
  edit-metadata: 1.428443107753992
  landing: 19.374671280384064
  view-data: 3.279717391356826
