times:
  edit-metadata: 1.630406878888607
  landing: 1.1167006306350231
  view-data: 3.3999042101204395
