times:
  edit-metadata: 1.743191878311336
  landing: 0.9140371968969703
  view-data: 3.4795885160565376
