times:
  edit-metadata: 1.5140923019498587
  landing: 0.949029503390193
  view-data: 3.3384189382195473
