times:
  edit-metadata: 1.540877178311348
  landing: 0.9042454250156879
  view-data: 3.633875861763954
