times:
  edit-metadata: 1.553399071097374
  landing: 0.947832740843296
  view-data: 3.3881517089903355
