times:
  edit-metadata: 1.5696456208825111
  landing: 1.0549419522285461
  view-data: 3.457840569317341
