times:
  edit-metadata: 1.5346977151930332
  landing: 0.8421683050692081
  view-data: 3.3658549711108208
