times:
  edit-metadata: 1.0298269880004227
  landing: 0.06572758092079312
  view-data: 0.3748392559355125
