times:
  edit-metadata: 2.0838471613824368
  landing: 1.3069065250456333
  view-data: 3.400240983814001
