times:
  edit-metadata: 1.0592513449955732
  landing: 0.07938284403644502
  view-data: 0.2409180849790573
