times:
  edit-metadata: 1.4469515159726143
  landing: 0.838495759293437
  view-data: 3.3378548622131348
