times:
  edit-metadata: 1.3220145255327225
  landing: 0.7991141900420189
  view-data: 3.4370830804109573
