times:
  edit-metadata: 1.464122224599123
  landing: 1.0235363692045212
  view-data: 3.4335655346512794
