times:
  edit-metadata: 1.086571112042293
  landing: 0.07194875797722489
  view-data: 0.24457915395032614
