times:
  edit-metadata: 1.5873023830354214
  landing: 0.9003248140215874
  view-data: 3.394214365631342
