times:
  edit-metadata: 1.5203324686735868
  landing: 0.8083239421248436
  view-data: 3.454853892326355
