times:
  edit-metadata: 1.6139516811817884
  landing: 0.8413953054696321
  view-data: 3.385123800486326
