times:
  edit-metadata: 1.4140979759395123
  landing: 0.8442477155476809
  view-data: 3.3890921659767628
