times:
  edit-metadata: 1.0582438099663705
  landing: 0.06557279010303319
  view-data: 0.25826329877600074
