times:
  edit-metadata: 1.5414074026048183
  landing: 0.7783187516033649
  view-data: 3.3597339801490307
