times:
  edit-metadata: 1.3556280378252268
  landing: 1.1403502207249403
  view-data: 3.746498953551054
