times:
  edit-metadata: 1.5240286849439144
  landing: 0.8345208130776882
  view-data: 3.31534069404006
