times:
  edit-metadata: 1.539648000150919
  landing: 0.9359668865799904
  view-data: 3.383691392838955
