times:
  edit-metadata: 1.6164376363158226
  landing: 0.8738991245627403
  view-data: 3.328955437988043
