times:
  edit-metadata: 1.4625640697777271
  landing: 0.9324924200773239
  view-data: 3.353135947138071
