times:
  edit-metadata: 1.5506744738668203
  landing: 0.8491109181195498
  view-data: 3.432532452046871
