times:
  edit-metadata: 1.3847505999729037
  landing: 0.8327290860470384
  view-data: 3.353747191140428
