times:
  edit-metadata: 2.6933937557041645
  landing: 2.5256954804062843
  view-data: 3.6421112343668938
