times:
  edit-metadata: 1.5383174326270819
  landing: 0.8096795827150345
  view-data: 3.432493193075061
