times:
  edit-metadata: 1.4498152304440737
  landing: 0.9462709687650204
  view-data: 3.306227471679449
