times:
  edit-metadata: 1.4163774698972702
  landing: 0.8978143036365509
  view-data: 3.345019403845072
