times:
  edit-metadata: 1.4853681246750057
  landing: 0.8165719648823142
  view-data: 3.332707497756928
