times:
  edit-metadata: 1.6760545410215855
  landing: 1.1576578319072723
  view-data: 3.3124971203505993
