times:
  edit-metadata: 1.5329474210739136
  landing: 0.8810247965157032
  view-data: 3.406616128049791
