times:
  edit-metadata: 1.5078814923763275
  landing: 0.8674365319311619
  view-data: 3.424226552248001
