times:
  edit-metadata: 1.423207504209131
  landing: 0.8162470362149179
  view-data: 3.40450558392331
