times:
  edit-metadata: 1.472366432659328
  landing: 0.7934646615758538
  view-data: 3.3375429026782513
