times:
  edit-metadata: 1.3957811440341175
  landing: 5.011454725172371
  view-data: 3.3250969229266047
