times:
  edit-metadata: 1.321035960689187
  landing: 0.9612653907388449
  view-data: 3.3011004142463207
