times:
  edit-metadata: 1.5782865975052118
  landing: 0.871310805901885
  view-data: 3.469519579783082
