times:
  edit-metadata: 2.569757714867592
  landing: 1.5419283490628004
  view-data: 3.738355318084359
