times:
  edit-metadata: 1.4165128841996193
  landing: 0.9427333362400532
  view-data: 3.301424589008093
