times:
  edit-metadata: 1.3371432032436132
  landing: 0.8679369175806642
  view-data: 3.3510213689878583
