times:
  edit-metadata: 2.5192768909037113
  landing: 1.2950050281360745
  view-data: 3.711304976604879
