times:
  edit-metadata: 1.5438089333474636
  landing: 0.8745812363922596
  view-data: 3.3651645816862583
