times:
  edit-metadata: 1.5279871299862862
  landing: 0.9459793418645859
  view-data: 3.3143925108015537
