times:
  edit-metadata: 1.4926054626703262
  landing: 0.9472446460276842
  view-data: 3.353910179808736
