times:
  edit-metadata: 1.4484390914440155
  landing: 0.8728587245568633
  view-data: 3.3460310343652964
