times:
  edit-metadata: 1.5359838381409645
  landing: 0.7750664353370667
  view-data: 3.3736039120703936
