times:
  edit-metadata: 1.4207966774702072
  landing: 0.9518148452043533
  view-data: 3.3213613592088223
