times:
  edit-metadata: 1.7912752777338028
  landing: 0.9549431037157774
  view-data: 3.2894311919808388
