times:
  edit-metadata: 1.6097797080874443
  landing: 0.7222707495093346
  view-data: 3.3977542743086815
