times:
  edit-metadata: 1.6180183589458466
  landing: 1.0754140987992287
  view-data: 3.539238825440407
