times:
  edit-metadata: 1.4795858468860388
  landing: 0.7922560982406139
  view-data: 3.358582627028227
