times:
  edit-metadata: 1.4977920111268759
  landing: 0.9744223933666945
  view-data: 3.380142134614289
