times:
  edit-metadata: 1.5303936786949635
  landing: 0.8173750564455986
  view-data: 3.392299722880125
