times:
  edit-metadata: 1.586903601884842
  landing: 0.834909787401557
  view-data: 3.4467536825686693
