times:
  edit-metadata: 1.3809882905334234
  landing: 0.8126786760985851
  view-data: 3.4100841246545315
