times:
  edit-metadata: 1.7333444952964783
  landing: 1.137690145522356
  view-data: 3.4071558536961675
