times:
  edit-metadata: 1.5393548402935266
  landing: 0.7967090792953968
  view-data: 3.376036001369357
