times:
  edit-metadata: 1.5997952856123447
  landing: 1.078805536031723
  view-data: 3.394050519913435
