times:
  edit-metadata: 1.4778964668512344
  landing: 0.8503352254629135
  view-data: 3.34854182228446
