times:
  edit-metadata: 1.4726124964654446
  landing: 0.7771112024784088
  view-data: 3.2991586662828922
