times:
  edit-metadata: 1.8267357610166073
  landing: 1.1994264498353004
  view-data: 3.38085266482085
