times:
  edit-metadata: 1.7452800869941711
  landing: 1.1650022715330124
  view-data: 3.4015859998762608
