times:
  edit-metadata: 1.4813796691596508
  landing: 0.9238137230277061
  view-data: 3.2881579771637917
