times:
  edit-metadata: 1.398969355970621
  landing: 1.0129938870668411
  view-data: 3.3513514026999474
