times:
  edit-metadata: 1.5453387573361397
  landing: 0.9823771417140961
  view-data: 3.407654281705618
