times:
  edit-metadata: 1.5341633080970496
  landing: 0.8201425850857049
  view-data: 3.317071510013193
