times:
  edit-metadata: 1.5607915874570608
  landing: 0.8740111533552408
  view-data: 3.4475642070174217
