times:
  edit-metadata: 1.8959300965070724
  landing: 1.0124948117882013
  view-data: 3.4482216145843267
