times:
  edit-metadata: 1.7912026345729828
  landing: 1.2841985560953617
  view-data: 3.3810136914253235
