times:
  edit-metadata: 1.6870009899139404
  landing: 0.7964770589023829
  view-data: 3.350990602746606
