times:
  edit-metadata: 1.4812458865344524
  landing: 0.9826068691909313
  view-data: 3.452940635383129
