times:
  edit-metadata: 1.6041119527071714
  landing: 0.8359410222619772
  view-data: 3.442973531782627
