times:
  edit-metadata: 1.5735313761979342
  landing: 0.8683780692517757
  view-data: 3.4305496886372566
