times:
  edit-metadata: 1.5573490671813488
  landing: 1.0018824376165867
  view-data: 3.381523158401251
