times:
  edit-metadata: 1.8333973973058164
  landing: 0.896011090837419
  view-data: 3.3131691259332
