times:
  edit-metadata: 1.4525218401104212
  landing: 0.8327955976128578
  view-data: 3.406012355349958
