times:
  edit-metadata: 1.4184575299732387
  landing: 0.97292410582304
  view-data: 3.4353581978939474
