times:
  edit-metadata: 2.1343717630952597
  landing: 1.4139000847935677
  view-data: 3.6254184637218714
