times:
  edit-metadata: 1.5309544913470745
  landing: 0.8214038480073214
  view-data: 3.4227858558297157
