times:
  edit-metadata: 1.4374968078918755
  landing: 0.9494028468616307
  view-data: 3.3886267747730017
