times:
  edit-metadata: 1.5697985589504242
  landing: 0.9582187421619892
  view-data: 3.375333108007908
