times:
  edit-metadata: 1.5346538852900267
  landing: 0.8273178786039352
  view-data: 3.479197185486555
