times:
  edit-metadata: 1.6446679271757603
  landing: 1.027000281959772
  view-data: 3.399226948618889
