times:
  edit-metadata: 1.5394155979156494
  landing: 0.8167648650705814
  view-data: 3.3970215171575546
