times:
  edit-metadata: 1.5473593971692026
  landing: 1.0235823979601264
  view-data: 3.494219505228102
