times:
  edit-metadata: 1.417915765196085
  landing: 0.9296042658388615
  view-data: 3.316831854172051
