times:
  edit-metadata: 1.549255684018135
  landing: 0.8354184031486511
  view-data: 3.4299589432775974
