times:
  edit-metadata: 1.1736941399867646
  landing: 0.2121210609911941
  view-data: 0.21545491099823266
