times:
  edit-metadata: 1.4276805659756064
  landing: 0.9381252597086132
  view-data: 3.3952908711507916
