times:
  edit-metadata: 1.418443702161312
  landing: 0.9449820779263973
  view-data: 3.3137315027415752
