times:
  edit-metadata: 1.546666830778122
  landing: 1.0486457832157612
  view-data: 3.3436186760663986
