times:
  edit-metadata: 1.6307021379470825
  landing: 0.9575731605291367
  view-data: 3.410810958594084
