times:
  edit-metadata: 1.5687036477029324
  landing: 0.8396442756056786
  view-data: 3.4158960357308388
