times:
  edit-metadata: 1.457302639260888
  landing: 0.8704877998679876
  view-data: 3.4194421730935574
