times:
  edit-metadata: 1.8155541690066457
  landing: 1.109310475178063
  view-data: 3.5495328661054373
