times:
  edit-metadata: 1.4781155185773969
  landing: 0.8354530651122332
  view-data: 3.394325369037688
