times:
  edit-metadata: 1.6293915081769228
  landing: 1.0822089733555913
  view-data: 3.383330849930644
