times:
  edit-metadata: 1.5093052815645933
  landing: 0.7923662662506104
  view-data: 3.4236929211765528
