times:
  edit-metadata: 1.118951037991792
  landing: 0.046400535153225064
  view-data: 0.2510983902029693
