times:
  edit-metadata: 1.390876990975812
  landing: 0.899387557990849
  view-data: 3.345433107111603
