times:
  edit-metadata: 1.5761180482804775
  landing: 0.8412786461412907
  view-data: 3.401089482009411
