times:
  edit-metadata: 1.8078743889927864
  landing: 0.7690445929765701
  view-data: 3.3289817348122597
