times:
  edit-metadata: 1.52679293602705
  landing: 1.0483630150556564
  view-data: 3.341999165713787
