times:
  edit-metadata: 2.564260695129633
  landing: 1.1824391894042492
  view-data: 3.3539336398243904
