times:
  edit-metadata: 1.5685659237205982
  landing: 1.0220962166786194
  view-data: 3.376036826521158
