times:
  edit-metadata: 1.6880428828299046
  landing: 1.0798086076974869
  view-data: 3.340740405023098
