times:
  edit-metadata: 1.3906042519956827
  landing: 0.9000356340548024
  view-data: 3.3040018311003223
