times:
  landing: 1.109686570000008
  view-data: 0.55753104300004
