times:
  landing: 0.5544565490000082
  view-data: 0.5639033990000257
