times:
  landing: 0.5540281799999889
  view-data: 0.5548336869999844
