times:
  landing: 1.5834394459999999
  view-data: 0.5472078450000026
