times:
  landing: 0.5475999559999991
  view-data: 0.5579117350000047
