times:
  landing: 0.5611978419999559
  view-data: 0.555700469000044
