times:
  landing: 0.548797358999991
  view-data: 0.5562718770000288
