times:
  landing: 0.5856499939999935
  view-data: 0.5589080219999687
