times:
  landing: 0.5477100470000096
  view-data: 0.5489396620000093
