times:
  landing: 0.5534026159999712
  view-data: 0.5665829930000541
