times:
  landing: 0.5586731280000095
  view-data: 0.5544630499999812
