times:
  landing: 0.5562984929999857
  view-data: 0.5665928569999892
