times:
  landing: 0.546896538999988
  view-data: 0.5578086009999765
