times:
  landing: 0.560118287000023
  view-data: 0.5668671629999835
