times:
  landing: 0.5429026189999604
  view-data: 0.5489760059999753
