times:
  landing: 0.5664619089999974
  view-data: 0.5773958100000414
