times:
  landing: 0.5605560409999839
  view-data: 0.5651860060000331
