times:
  landing: 1.0669077169999923
  view-data: 0.5563441650000414
