times:
  landing: 1.0623717249999913
  view-data: 0.5501506839999593
