times:
  landing: 1.0789752640000643
  view-data: 0.55722295999999
