times:
  landing: 1.1200241559999995
  view-data: 0.5616029649999632
