times:
  landing: 1.0636481619999927
  view-data: 0.5469508770000289
