times:
  landing: 0.5532650479999575
  view-data: 0.5655883680000215
