times:
  landing: 0.5602960969999913
  view-data: 0.556619808999983
