times:
  landing: 1.1202847839999777
  view-data: 0.559211050999977
