times:
  landing: 0.5435221970000157
  view-data: 0.5479002559999913
