times:
  landing: 1.1751835979999896
  view-data: 0.5587175779999711
