times:
  landing: 0.5552414590000012
  view-data: 0.5590359720000038
