times:
  landing: 0.5474885230000268
  view-data: 0.5507763630000113
