times:
  landing: 0.5534381979999807
  view-data: 0.5589213119999954
