times:
  landing: 1.0794782560000158
  view-data: 0.5655384170000843
