times:
  landing: 0.5641847489999918
  view-data: 0.5619084309999494
