times:
  landing: 1.0645391419998305
  view-data: 0.5500068649998866
