times:
  landing: 0.560412456999984
  view-data: 0.5629505959999506
