times:
  landing: 1.1098254960000418
  view-data: 0.5579590749999852
