times:
  landing: 1.0703697380000108
  view-data: 0.556869000000006
