times:
  landing: 1.0766968890000044
  view-data: 0.5504313120000006
