times:
  edit-metadata: 1.679609440267086
  landing: 1.0582031682133675
  view-data: 3.3092427253723145
