times:
  edit-metadata: 1.4087852500379086
  landing: 0.854586336761713
  view-data: 3.24296136200428
