times:
  edit-metadata: 1.4935871548950672
  landing: 0.8928391225636005
  view-data: 3.3507098481059074
