times:
  edit-metadata: 1.3894724771380424
  landing: 1.0898807793855667
  view-data: 3.3094865158200264
