times:
  edit-metadata: 2.389595866203308
  landing: 1.5338045954704285
  view-data: 3.8980393931269646
