times:
  edit-metadata: 2.1233646869659424
  landing: 1.044037513434887
  view-data: 3.383501634001732
