times:
  edit-metadata: 1.5329392552375793
  landing: 1.0196334831416607
  view-data: 3.2814523950219154
