times:
  edit-metadata: 1.4867246970534325
  landing: 0.7772622816264629
  view-data: 3.2806221581995487
