times:
  edit-metadata: 1.562402654439211
  landing: 0.916631855070591
  view-data: 3.304965518414974
