times:
  edit-metadata: 1.4335543885827065
  landing: 0.8911382369697094
  view-data: 3.3158231154084206
