times:
  edit-metadata: 1.6213019639253616
  landing: 0.8433415330946445
  view-data: 3.37027944996953
