times:
  edit-metadata: 1.6896729692816734
  landing: 0.9531270638108253
  view-data: 3.4378194138407707
