times:
  edit-metadata: 1.6858796775341034
  landing: 0.9045132771134377
  view-data: 3.293735057115555
