times:
  edit-metadata: 1.5308076739311218
  landing: 0.874777115881443
  view-data: 3.4657314345240593
