times:
  edit-metadata: 1.5870721153914928
  landing: 0.9208709001541138
  view-data: 3.6584703996777534
