times:
  edit-metadata: 1.411046575754881
  landing: 0.8673198595643044
  view-data: 3.3231859989464283
