times:
  edit-metadata: 1.7901755794882774
  landing: 1.146932065486908
  view-data: 3.331272177398205
