times:
  edit-metadata: 1.6070625260472298
  landing: 1.0205267257988453
  view-data: 3.3223149105906487
