times:
  edit-metadata: 2.116973854601383
  landing: 1.2626314088702202
  view-data: 3.398160245269537
