times:
  edit-metadata: 1.7079267352819443
  landing: 0.9385039508342743
  view-data: 3.3524472936987877
