times:
  edit-metadata: 1.50993213057518
  landing: 0.9025152325630188
  view-data: 3.4386347606778145
