times:
  edit-metadata: 1.414109267294407
  landing: 0.9303429462015629
  view-data: 3.3359977528452873
