times:
  edit-metadata: 1.5191809721291065
  landing: 0.8668733946979046
  view-data: 3.4161770045757294
