times:
  edit-metadata: 1.6688488200306892
  landing: 0.8032529205083847
  view-data: 3.450716055929661
