times:
  edit-metadata: 1.518508691340685
  landing: 1.157376453280449
  view-data: 3.3270404674112797
