times:
  edit-metadata: 1.3787759132683277
  landing: 0.9269301444292068
  view-data: 3.2941536754369736
