times:
  edit-metadata: 1.5581314414739609
  landing: 0.9218041710555553
  view-data: 3.4566029123961926
