times:
  edit-metadata: 1.4693108424544334
  landing: 0.8378282487392426
  view-data: 3.5057379230856895
