times:
  edit-metadata: 1.485495187342167
  landing: 1.037744477391243
  view-data: 3.3998212963342667
