times:
  edit-metadata: 1.5237649902701378
  landing: 0.9112801924347878
  view-data: 3.276475079357624
