times:
  edit-metadata: 1.5417979285120964
  landing: 0.8537644296884537
  view-data: 3.4253153279423714
