times:
  edit-metadata: 1.5391454175114632
  landing: 0.7726485431194305
  view-data: 3.441622830927372
