times:
  edit-metadata: 1.492158181965351
  landing: 0.8202746137976646
  view-data: 3.4108654633164406
