times:
  edit-metadata: 2.107259914278984
  landing: 1.1099050715565681
  view-data: 3.3637437373399734
