times:
  edit-metadata: 1.5565191358327866
  landing: 0.8836608454585075
  view-data: 3.4244355112314224
