times:
  edit-metadata: 1.5810548588633537
  landing: 0.8878073692321777
  view-data: 3.5608076378703117
