times:
  edit-metadata: 1.5427695699036121
  landing: 0.779415424913168
  view-data: 3.396466765552759
