times:
  edit-metadata: 1.5611103773117065
  landing: 1.0525997430086136
  view-data: 3.4743850007653236
