times:
  edit-metadata: 1.4210508689284325
  landing: 0.8884801268577576
  view-data: 3.377728521823883
