times:
  edit-metadata: 1.7816403768956661
  landing: 1.2277872897684574
  view-data: 3.372514870017767
