times:
  edit-metadata: 1.4796776100993156
  landing: 0.9798424616456032
  view-data: 3.520764857530594
