times:
  edit-metadata: 1.5559756755828857
  landing: 0.8190207183361053
  view-data: 3.4977244287729263
