times:
  edit-metadata: 1.5053807981312275
  landing: 0.8924000710248947
  view-data: 3.263360396027565
