times:
  edit-metadata: 3.113551065325737
  landing: 1.9135695397853851
  view-data: 3.4447454661130905
