times:
  edit-metadata: 1.531962126493454
  landing: 0.9128680303692818
  view-data: 3.548641823232174
