times:
  edit-metadata: 1.5298929288983345
  landing: 0.8475686237215996
  view-data: 3.474306635558605
