times:
  edit-metadata: 1.5426645576953888
  landing: 0.8468324542045593
  view-data: 3.47051502764225
