times:
  edit-metadata: 1.9694473594427109
  landing: 1.1200459375977516
  view-data: 3.3759756311774254
