times:
  edit-metadata: 1.6715942099690437
  landing: 0.8469743430614471
  view-data: 3.2996570356190205
