times:
  edit-metadata: 1.7095601558685303
  landing: 1.0413948222994804
  view-data: 3.348547764122486
