times:
  edit-metadata: 1.9005947224795818
  landing: 0.9748485386371613
  view-data: 3.3088221587240696
