times:
  edit-metadata: 1.7737060524523258
  landing: 1.5261690579354763
  view-data: 3.305805031210184
