times:
  edit-metadata: 1.4650008156895638
  landing: 0.9209781438112259
  view-data: 3.272222675383091
