times:
  edit-metadata: 1.7812678404152393
  landing: 1.2310908176004887
  view-data: 3.3293872475624084
