times:
  edit-metadata: 1.4882273748517036
  landing: 0.8766107559204102
  view-data: 3.5030158683657646
