times:
  edit-metadata: 1.7272773124277592
  landing: 1.136040836572647
  view-data: 3.3139695934951305
