times:
  edit-metadata: 1.5896219089627266
  landing: 1.2012436017394066
  view-data: 3.491576738655567
