times:
  edit-metadata: 1.5411181524395943
  landing: 0.9848985373973846
  view-data: 3.455375425517559
