times:
  edit-metadata: 1.575159102678299
  landing: 0.8853883743286133
  view-data: 3.580701567232609
