times:
  edit-metadata: 1.547364428639412
  landing: 0.8450584933161736
  view-data: 3.302306443452835
