times:
  edit-metadata: 1.5561857745051384
  landing: 0.8472563549876213
  view-data: 3.3206452019512653
