times:
  edit-metadata: 1.5393003076314926
  landing: 0.829790472984314
  view-data: 3.7338410168886185
