times:
  edit-metadata: 1.9297657161951065
  landing: 1.2403066381812096
  view-data: 3.60281702876091
