times:
  edit-metadata: 2.1218975260853767
  landing: 1.3087247461080551
  view-data: 3.354734219610691
