times:
  edit-metadata: 2.2398858442902565
  landing: 1.598918505012989
  view-data: 3.4915183298289776
