times:
  edit-metadata: 1.47697289660573
  landing: 0.9838163815438747
  view-data: 3.3298580422997475
