times:
  edit-metadata: 1.453770972788334
  landing: 1.0615864396095276
  view-data: 3.448966033756733
