times:
  edit-metadata: 1.5510891452431679
  landing: 0.7838711142539978
  view-data: 3.4606876149773598
