times:
  edit-metadata: 1.5211280435323715
  landing: 0.8611143082380295
  view-data: 3.3841638192534447
