times:
  edit-metadata: 1.5386156663298607
  landing: 0.8795254081487656
  view-data: 3.585053563117981
