times:
  edit-metadata: 1.8166025280952454
  landing: 0.9007287994027138
  view-data: 3.3589047454297543
