times:
  edit-metadata: 1.593494012951851
  landing: 0.8360956981778145
  view-data: 3.3372396677732468
