times:
  edit-metadata: 1.4660040251910686
  landing: 1.1708300150930882
  view-data: 3.350570175796747
