times:
  edit-metadata: 1.567421019077301
  landing: 0.9140625149011612
  view-data: 3.3133709020912647
