times:
  edit-metadata: 2.4789747446775436
  landing: 1.3699120208621025
  view-data: 3.437459670007229
