times:
  edit-metadata: 1.6083062887191772
  landing: 0.8634765297174454
  view-data: 3.534366674721241
