times:
  edit-metadata: 1.4666059017181396
  landing: 0.8175259828567505
  view-data: 3.4547814205288887
