times:
  edit-metadata: 1.5130565613508224
  landing: 0.8509407266974449
  view-data: 3.470156155526638
