times:
  edit-metadata: 1.5306071862578392
  landing: 0.9301933720707893
  view-data: 3.559567391872406
