times:
  edit-metadata: 1.7522734180092812
  landing: 0.9488623216748238
  view-data: 3.493972808122635
