times:
  edit-metadata: 1.482405111193657
  landing: 0.8754137754440308
  view-data: 3.4833165258169174
