times:
  edit-metadata: 1.5092507787048817
  landing: 0.8701065592467785
  view-data: 3.296374309808016
