times:
  edit-metadata: 1.4859485663473606
  landing: 0.9486520774662495
  view-data: 3.2859436087310314
