times:
  edit-metadata: 1.5177402272820473
  landing: 1.0499743223190308
  view-data: 3.844957619905472
