times:
  edit-metadata: 1.3919337019324303
  landing: 0.849807757884264
  view-data: 3.2983410954475403
