times:
  edit-metadata: 1.6686772592365742
  landing: 0.9771856218576431
  view-data: 3.3048172891139984
