times:
  edit-metadata: 1.6095003709197044
  landing: 0.8671056553721428
  view-data: 3.3958116471767426
