times:
  edit-metadata: 1.5080090910196304
  landing: 0.8487463369965553
  view-data: 3.458752579987049
