times:
  edit-metadata: 1.5084486790001392
  landing: 0.9373431950807571
  view-data: 3.288193851709366
