times:
  edit-metadata: 1.4347116574645042
  landing: 0.9139576479792595
  view-data: 3.331878013908863
