times:
  edit-metadata: 1.5454630702733994
  landing: 0.9123336523771286
  view-data: 3.4334379360079765
