times:
  edit-metadata: 2.9055727273225784
  landing: 1.969237744808197
  view-data: 4.076535888016224
