times:
  edit-metadata: 1.5239759385585785
  landing: 0.8328113853931427
  view-data: 3.5597297623753548
