times:
  edit-metadata: 1.5279276967048645
  landing: 0.8223133981227875
  view-data: 3.5182249546051025
