times:
  edit-metadata: 1.5406992733478546
  landing: 0.9677520841360092
  view-data: 3.369233150035143
