times:
  edit-metadata: 2.461255807429552
  landing: 1.3867413736879826
  view-data: 3.5213674306869507
