times:
  edit-metadata: 1.5867591239511967
  landing: 0.939419824630022
  view-data: 3.3000746592879295
