times:
  edit-metadata: 1.758386455476284
  landing: 0.9766430594027042
  view-data: 3.349484357982874
