times:
  edit-metadata: 1.4777328073978424
  landing: 0.7973773255944252
  view-data: 3.386103965342045
