times:
  edit-metadata: 1.387997344136238
  landing: 1.1964431256055832
  view-data: 3.6395979896187782
