times:
  edit-metadata: 1.5436568036675453
  landing: 0.8941888585686684
  view-data: 3.5914721190929413
