times:
  edit-metadata: 1.5000434815883636
  landing: 0.900994285941124
  view-data: 3.5076499208807945
