times:
  edit-metadata: 1.5912241637706757
  landing: 0.8934532105922699
  view-data: 3.467203177511692
