times:
  edit-metadata: 1.4714593514800072
  landing: 0.844692774116993
  view-data: 3.2659044340252876
