times:
  edit-metadata: 1.7035581581294537
  landing: 1.151695940643549
  view-data: 3.2926252223551273
