times:
  edit-metadata: 1.475717544555664
  landing: 0.9789934270083904
  view-data: 3.3505828492343426
