times:
  edit-metadata: 1.8889766708016396
  landing: 0.9799115508794785
  view-data: 3.334552899003029
