times:
  edit-metadata: 1.500182032585144
  landing: 0.8520105555653572
  view-data: 3.5440323427319527
