times:
  edit-metadata: 1.5514733716845512
  landing: 0.9715999290347099
  view-data: 3.2921224012970924
