times:
  edit-metadata: 2.2957313880324364
  landing: 1.2950834855437279
  view-data: 3.341234967112541
