times:
  edit-metadata: 1.5519322976469994
  landing: 0.8719171211123466
  view-data: 3.427100844681263
