times:
  edit-metadata: 1.9807740151882172
  landing: 1.1995868906378746
  view-data: 3.489856019616127
