times:
  edit-metadata: 1.8770719394087791
  landing: 1.056019477546215
  view-data: 3.4698976278305054
