times:
  edit-metadata: 1.5014280155301094
  landing: 0.7975071743130684
  view-data: 3.5912971571087837
