times:
  edit-metadata: 1.6994484141469002
  landing: 0.8914283961057663
  view-data: 3.4755752235651016
