times:
  edit-metadata: 1.6266799867153168
  landing: 0.9720885306596756
  view-data: 3.451117657124996
