times:
  edit-metadata: 1.4785321578383446
  landing: 0.9191900491714478
  view-data: 3.323279559612274
