times:
  edit-metadata: 1.5233897864818573
  landing: 0.8671416342258453
  view-data: 3.4297409057617188
