times:
  edit-metadata: 1.4762279614806175
  landing: 0.8830077275633812
  view-data: 3.4667553156614304
