times:
  edit-metadata: 1.4568084329366684
  landing: 1.069455847144127
  view-data: 3.5616464242339134
