times:
  edit-metadata: 1.4527774006128311
  landing: 0.8952969312667847
  view-data: 3.301645301282406
