times:
  edit-metadata: 1.5280946120619774
  landing: 1.0003162249922752
  view-data: 3.277337819337845
