times:
  edit-metadata: 1.4928347617387772
  landing: 0.7855553552508354
  view-data: 3.5641104131937027
