times:
  edit-metadata: 1.5377581864595413
  landing: 0.9891561232507229
  view-data: 3.2708488516509533
