times:
  edit-metadata: 1.4744349792599678
  landing: 0.9613445922732353
  view-data: 3.4327356666326523
