times:
  edit-metadata: 1.525947280228138
  landing: 0.8955927565693855
  view-data: 3.3209734335541725
