times:
  edit-metadata: 1.5799429714679718
  landing: 0.8529592901468277
  view-data: 3.609506107866764
