times:
  edit-metadata: 1.5114431530237198
  landing: 1.117010347545147
  view-data: 3.4970318377017975
