times:
  edit-metadata: 1.5215461254119873
  landing: 0.9269183129072189
  view-data: 3.445287197828293
