times:
  edit-metadata: 2.1239206716418266
  landing: 1.171915017068386
  view-data: 3.7077208012342453
