times:
  edit-metadata: 1.4930820912122726
  landing: 0.9172040745615959
  view-data: 3.2797409743070602
