times:
  edit-metadata: 1.5485666543245316
  landing: 0.7971546500921249
  view-data: 3.4282656088471413
