times:
  edit-metadata: 1.4013336710631847
  landing: 0.9631232917308807
  view-data: 3.3343095146119595
