times:
  edit-metadata: 1.4963564798235893
  landing: 0.8331978619098663
  view-data: 3.465704031288624
