times:
  edit-metadata: 1.491603061556816
  landing: 0.9944260790944099
  view-data: 3.2740511298179626
