times:
  edit-metadata: 1.789456069469452
  landing: 1.32351765781641
  view-data: 3.3942710384726524
