times:
  edit-metadata: 1.5370420590043068
  landing: 0.9669379591941833
  view-data: 3.473730631172657
