times:
  edit-metadata: 1.45611821860075
  landing: 0.8912684842944145
  view-data: 3.3993809670209885
