times:
  edit-metadata: 1.6364226192235947
  landing: 0.9493712410330772
  view-data: 3.320382408797741
