times:
  edit-metadata: 1.771279975771904
  landing: 1.0741721987724304
  view-data: 3.399556189775467
