times:
  edit-metadata: 1.4396786876022816
  landing: 0.8468902111053467
  view-data: 3.2992268167436123
