times:
  edit-metadata: 1.925703041255474
  landing: 1.2976527363061905
  view-data: 3.49222931265831
