times:
  edit-metadata: 1.5686590746045113
  landing: 0.9143543168902397
  view-data: 3.386321395635605
