times:
  edit-metadata: 1.528570257127285
  landing: 0.8659194260835648
  view-data: 3.3866874054074287
