times:
  edit-metadata: 1.6722743287682533
  landing: 0.8808571174740791
  view-data: 3.414416268467903
