times:
  edit-metadata: 1.636378213763237
  landing: 0.8613067418336868
  view-data: 3.517481178045273
