times:
  edit-metadata: 1.628497175872326
  landing: 0.9541824124753475
  view-data: 3.335520401597023
