times:
  edit-metadata: 1.4783825650811195
  landing: 0.8470724299550056
  view-data: 3.4239858090877533
