times:
  edit-metadata: 1.5186181887984276
  landing: 0.8924616724252701
  view-data: 3.4364370703697205
