times:
  edit-metadata: 1.4393140450119972
  landing: 0.8189153373241425
  view-data: 3.3135402128100395
