times:
  edit-metadata: 1.4383793100714684
  landing: 0.7781740054488182
  view-data: 3.5393838211894035
