times:
  edit-metadata: 1.396199643611908
  landing: 0.7731783762574196
  view-data: 3.27538038790226
