times:
  edit-metadata: 1.4638694301247597
  landing: 0.7842961326241493
  view-data: 3.530489981174469
