times:
  edit-metadata: 1.4525786638259888
  landing: 0.9932158216834068
  view-data: 3.3311561718583107
