times:
  edit-metadata: 1.3897985480725765
  landing: 0.7951100245118141
  view-data: 3.2983214370906353
