times:
  edit-metadata: 1.3809091448783875
  landing: 0.7993089742958546
  view-data: 3.3840596824884415
