times:
  edit-metadata: 1.4338921308517456
  landing: 0.7282353341579437
  view-data: 3.4529515206813812
