times:
  edit-metadata: 1.3853197023272514
  landing: 0.7551948204636574
  view-data: 0.45775648951530457
