times:
  edit-metadata: 1.5333563834428787
  landing: 0.8070712760090828
  view-data: 3.3496606573462486
