times:
  edit-metadata: 1.3242331631481647
  landing: 0.7397916801273823
  view-data: 3.33180283382535
