times:
  edit-metadata: 1.5705714151263237
  landing: 0.926725298166275
  view-data: 3.3350645303726196
