times:
  edit-metadata: 1.376835908740759
  landing: 0.7948172017931938
  view-data: 3.2881220430135727
