times:
  edit-metadata: 1.4098438024520874
  landing: 0.8470234572887421
  view-data: 3.3177503123879433
