times:
  edit-metadata: 1.4730179831385612
  landing: 0.8498573116958141
  view-data: 3.3313594982028008
