times:
  edit-metadata: 1.3974469304084778
  landing: 0.746571883559227
  view-data: 3.3146505877375603
