times:
  edit-metadata: 1.4514275379478931
  landing: 0.8330757841467857
  view-data: 3.353803262114525
