times:
  edit-metadata: 1.3743317499756813
  landing: 0.7562717273831367
  view-data: 3.4697665497660637
