times:
  edit-metadata: 1.381451889872551
  landing: 0.807687908411026
  view-data: 3.432655818760395
