times:
  edit-metadata: 1.421710915863514
  landing: 0.9371764212846756
  view-data: 3.4860190227627754
