times:
  edit-metadata: 1.6560553647577763
  landing: 1.0898295417428017
  view-data: 3.2938502244651318
