times:
  edit-metadata: 1.4788515642285347
  landing: 0.7425656691193581
  view-data: 3.605208232998848
