times:
  edit-metadata: 1.4023844078183174
  landing: 0.7891134768724442
  view-data: 3.2960614264011383
