times:
  edit-metadata: 1.4257775135338306
  landing: 0.8387841507792473
  view-data: 3.370634939521551
