times:
  edit-metadata: 1.386116523295641
  landing: 0.7288354299962521
  view-data: 3.425803914666176
