times:
  edit-metadata: 1.5800736360251904
  landing: 1.0135017409920692
  view-data: 3.428329672664404
