times:
  edit-metadata: 1.384304866194725
  landing: 0.7526547312736511
  view-data: 3.450335420668125
