times:
  edit-metadata: 1.41245486587286
  landing: 0.7940832749009132
  view-data: 3.2606675066053867
