times:
  edit-metadata: 1.4060425944626331
  landing: 0.8233748264610767
  view-data: 3.29849524050951
