times:
  edit-metadata: 1.4167186319828033
  landing: 0.7894786596298218
  view-data: 3.554864503443241
