times:
  edit-metadata: 1.375072717666626
  landing: 0.7558362483978271
  view-data: 3.4371415600180626
