times:
  edit-metadata: 1.337405152618885
  landing: 0.7435272783041
  view-data: 3.4179264903068542
