times:
  edit-metadata: 1.3591487109661102
  landing: 0.774011917412281
  view-data: 3.626816898584366
