times:
  edit-metadata: 1.5350771471858025
  landing: 0.7545895352959633
  view-data: 3.5325367525219917
