times:
  edit-metadata: 1.4929147735238075
  landing: 0.7620784193277359
  view-data: 3.3912624940276146
