times:
  edit-metadata: 2.2259199544787407
  landing: 0.9051232002675533
  view-data: 3.4821959547698498
