times:
  edit-metadata: 1.3898709043860435
  landing: 0.8332270607352257
  view-data: 3.2569331377744675
