times:
  edit-metadata: 1.3528355211019516
  landing: 0.7422652021050453
  view-data: 3.3571368604898453
