times:
  edit-metadata: 1.7201968021690845
  landing: 0.789940170943737
  view-data: 3.291277140378952
