times:
  edit-metadata: 1.46025700122118
  landing: 0.7696326225996017
  view-data: 3.4266156926751137
