times:
  edit-metadata: 1.4507002755999565
  landing: 1.169366531074047
  view-data: 3.2777211628854275
