times:
  edit-metadata: 1.3636402040719986
  landing: 0.676243893802166
  view-data: 3.5093439891934395
