times:
  edit-metadata: 1.379700444638729
  landing: 0.7509092688560486
  view-data: 0.5334865897893906
