times:
  edit-metadata: 1.3554989397525787
  landing: 0.7083235159516335
  view-data: 3.5269333571195602
