times:
  edit-metadata: 1.4871317595243454
  landing: 0.6751534715294838
  view-data: 3.5537274926900864
