times:
  edit-metadata: 1.4765429943799973
  landing: 0.7635417953133583
  view-data: 3.3299855068325996
