times:
  edit-metadata: 1.6122279986739159
  landing: 0.8873438015580177
  view-data: 3.3943883180618286
