times:
  edit-metadata: 1.3714519962668419
  landing: 0.8336128741502762
  view-data: 3.41415361315012
