times:
  edit-metadata: 1.3447387777268887
  landing: 0.7426483556628227
  view-data: 3.2769692167639732
