times:
  edit-metadata: 1.4683730825781822
  landing: 0.7935953885316849
  view-data: 3.4938162341713905
