times:
  edit-metadata: 1.41232930123806
  landing: 0.6951767057180405
  view-data: 3.5231493338942528
