times:
  edit-metadata: 1.3550863787531853
  landing: 0.8279007375240326
  view-data: 3.3854786716401577
