times:
  edit-metadata: 2.976387470960617
  landing: 1.699177511036396
  view-data: 3.979715943336487
