times:
  edit-metadata: 1.3241193294525146
  landing: 0.808457188308239
  view-data: 3.47653029859066
