times:
  edit-metadata: 1.4284461811184883
  landing: 0.7555130161345005
  view-data: 3.279561869800091
