times:
  edit-metadata: 1.4543359316885471
  landing: 0.8395778127014637
  view-data: 3.4137309975922108
