times:
  edit-metadata: 1.7664183974266052
  landing: 0.947408638894558
  view-data: 3.543723002076149
