times:
  edit-metadata: 1.4515827521681786
  landing: 0.7900999486446381
  view-data: 3.327584110200405
