times:
  edit-metadata: 1.418803632259369
  landing: 0.7485400661826134
  view-data: 3.4150931537151337
