times:
  edit-metadata: 1.4963769167661667
  landing: 0.7888315096497536
  view-data: 3.2929445430636406
