times:
  edit-metadata: 1.4264215528964996
  landing: 0.8806735798716545
  view-data: 3.4073085486888885
