times:
  edit-metadata: 1.5792291015386581
  landing: 0.8598310388624668
  view-data: 3.330927673727274
