times:
  edit-metadata: 1.4087725058197975
  landing: 0.8347467929124832
  view-data: 3.2682477086782455
