times:
  edit-metadata: 1.4955880492925644
  landing: 0.8482335470616817
  view-data: 3.3259424082934856
