times:
  edit-metadata: 1.4074516668915749
  landing: 0.8097194284200668
  view-data: 3.4646488204598427
