times:
  edit-metadata: 1.3712830543518066
  landing: 0.6996698975563049
  view-data: 3.279074542224407
