times:
  edit-metadata: 1.420233815908432
  landing: 0.9189322665333748
  view-data: 3.5842873230576515
