times:
  edit-metadata: 1.4132051691412926
  landing: 0.7863243594765663
  view-data: 3.519803538918495
