times:
  edit-metadata: 1.4484151303768158
  landing: 0.8217408433556557
  view-data: 3.4813108146190643
