times:
  edit-metadata: 1.4573059752583504
  landing: 0.8042010813951492
  view-data: 3.4564560428261757
