times:
  edit-metadata: 1.354963794350624
  landing: 0.7834772691130638
  view-data: 3.390231069177389
