times:
  edit-metadata: 1.403428666293621
  landing: 0.7593670636415482
  view-data: 3.6038606017827988
