times:
  edit-metadata: 2.1670175716280937
  landing: 1.3581110537052155
  view-data: 3.39847881346941
