times:
  edit-metadata: 1.4853212982416153
  landing: 0.8627457916736603
  view-data: 3.3109674267470837
