times:
  edit-metadata: 1.462983287870884
  landing: 0.7816664054989815
  view-data: 3.4399334192276
