times:
  edit-metadata: 1.1932878866791725
  landing: 0.7399844229221344
  view-data: 3.5822615921497345
