times:
  edit-metadata: 1.371510248631239
  landing: 0.6860843971371651
  view-data: 3.347604427486658
