times:
  edit-metadata: 1.4007482305169106
  landing: 0.736650850623846
  view-data: 3.3587509468197823
