times:
  edit-metadata: 1.5645847246050835
  landing: 0.8484393581748009
  view-data: 3.6045488491654396
