times:
  edit-metadata: 1.4999563097953796
  landing: 0.7014603838324547
  view-data: 3.5006182864308357
