times:
  edit-metadata: 1.461341504007578
  landing: 0.930566132068634
  view-data: 3.3584359772503376
