times:
  edit-metadata: 1.6513576805591583
  landing: 0.790327325463295
  view-data: 3.5085543915629387
