times:
  edit-metadata: 1.4531837701797485
  landing: 0.9712521135807037
  view-data: 3.440727710723877
