times:
  edit-metadata: 2.1130825132131577
  landing: 1.6813055872917175
  view-data: 3.3284714743494987
