times:
  edit-metadata: 1.4197460114955902
  landing: 0.8105029165744781
  view-data: 3.5752410739660263
