times:
  edit-metadata: 1.3645632378757
  landing: 0.8033060543239117
  view-data: 3.368812672793865
