times:
  edit-metadata: 1.5197711810469627
  landing: 0.7471417039632797
  view-data: 3.519208438694477
