times:
  edit-metadata: 1.5144667476415634
  landing: 0.8359728083014488
  view-data: 3.304047904908657
