times:
  edit-metadata: 1.3523712493479252
  landing: 0.7615369893610477
  view-data: 3.2905253022909164
