times:
  edit-metadata: 1.4027870669960976
  landing: 0.8180307298898697
  view-data: 3.4303833469748497
