times:
  edit-metadata: 1.4626337327063084
  landing: 0.9509037546813488
  view-data: 3.426910873502493
