times:
  edit-metadata: 1.508732445538044
  landing: 0.8720852583646774
  view-data: 3.435087203979492
