times:
  edit-metadata: 1.4330443814396858
  landing: 0.792232520878315
  view-data: 3.5355207920074463
