times:
  edit-metadata: 1.4302999936044216
  landing: 0.7750899940729141
  view-data: 3.3787097595632076
