times:
  edit-metadata: 1.3870964720845222
  landing: 0.7624024823307991
  view-data: 3.533823788166046
