times:
  edit-metadata: 1.425760168582201
  landing: 0.8962496891617775
  view-data: 3.3746448382735252
