times:
  edit-metadata: 1.4671196043491364
  landing: 1.1092440634965897
  view-data: 3.3359836749732494
