times:
  edit-metadata: 1.5427621118724346
  landing: 0.9562728255987167
  view-data: 3.346872139722109
