times:
  edit-metadata: 1.7303215265274048
  landing: 0.969366330653429
  view-data: 3.342536110430956
