times:
  edit-metadata: 1.495191790163517
  landing: 0.7840071991086006
  view-data: 3.399956800043583
