times:
  edit-metadata: 1.3956394046545029
  landing: 0.7279472947120667
  view-data: 3.51498381793499
