times:
  edit-metadata: 1.3637351542711258
  landing: 0.7295719161629677
  view-data: 3.445524714887142
