times:
  edit-metadata: 1.6468877047300339
  landing: 0.8663350455462933
  view-data: 3.348124787211418
