times:
  edit-metadata: 1.411502867937088
  landing: 0.7269842624664307
  view-data: 3.523286134004593
