times:
  edit-metadata: 1.3936384618282318
  landing: 0.7698599919676781
  view-data: 3.553305096924305
