times:
  edit-metadata: 1.5355018116533756
  landing: 0.8090891614556313
  view-data: 3.360720168799162
