times:
  edit-metadata: 1.409865878522396
  landing: 0.7697066143155098
  view-data: 3.506010912358761
