times:
  edit-metadata: 1.3978646099567413
  landing: 0.7261312641203403
  view-data: 3.3224770799279213
