times:
  edit-metadata: 1.4881093576550484
  landing: 0.9315576180815697
  view-data: 3.3358824774622917
