times:
  edit-metadata: 1.3562029674649239
  landing: 0.77996676415205
  view-data: 3.5434323996305466
