times:
  edit-metadata: 1.503654669970274
  landing: 0.8938031978905201
  view-data: 3.3197013325989246
