times:
  edit-metadata: 1.6601598337292671
  landing: 1.035438098013401
  view-data: 3.5774961709976196
