times:
  edit-metadata: 1.1394945979118347
  landing: 0.8266432657837868
  view-data: 3.395315945148468
