times:
  edit-metadata: 1.4876165725290775
  landing: 0.876535639166832
  view-data: 3.3178663924336433
