times:
  edit-metadata: 1.4178684055805206
  landing: 0.8099798932671547
  view-data: 3.2999487444758415
