times:
  edit-metadata: 1.3134651631116867
  landing: 0.8485306277871132
  view-data: 3.2600910551846027
