times:
  edit-metadata: 1.680277332663536
  landing: 0.9313717558979988
  view-data: 3.317616656422615
