times:
  edit-metadata: 1.3067672029137611
  landing: 0.7078730389475822
  view-data: 3.564869202673435
