times:
  edit-metadata: 1.332068793475628
  landing: 0.7226870805025101
  view-data: 3.5198986530303955
