times:
  edit-metadata: 1.530332900583744
  landing: 0.7329715862870216
  view-data: 3.2752086967229843
