times:
  edit-metadata: 1.5334418825805187
  landing: 0.8631772883236408
  view-data: 3.3706921488046646
