times:
  edit-metadata: 1.4377509877085686
  landing: 0.7361216992139816
  view-data: 3.54327292740345
