times:
  edit-metadata: 1.3621722348034382
  landing: 0.7951752878725529
  view-data: 3.2744410261511803
