times:
  edit-metadata: 1.3198439180850983
  landing: 0.8607589304447174
  view-data: 3.332834079861641
