times:
  edit-metadata: 1.398412138223648
  landing: 0.7362841740250587
  view-data: 3.4858326837420464
