times:
  edit-metadata: 1.4024710655212402
  landing: 0.772268183529377
  view-data: 3.38526314496994
