times:
  edit-metadata: 1.360915683209896
  landing: 0.747053362429142
  view-data: 3.4590660706162453
