times:
  edit-metadata: 1.3608732670545578
  landing: 0.804881863296032
  view-data: 3.30605199187994
