times:
  edit-metadata: 1.3498549908399582
  landing: 0.7240289896726608
  view-data: 3.5382399037480354
