times:
  edit-metadata: 1.4100916683673859
  landing: 0.794465683400631
  view-data: 3.465675838291645
