times:
  edit-metadata: 1.5118184089660645
  landing: 0.9694928154349327
  view-data: 3.3144335448741913
