times:
  edit-metadata: 1.40464536100626
  landing: 0.7541512846946716
  view-data: 3.380794942378998
