times:
  edit-metadata: 1.3342731297016144
  landing: 0.6960968524217606
  view-data: 3.4868806302547455
