times:
  edit-metadata: 1.5337281599640846
  landing: 0.7524733617901802
  view-data: 3.393598161637783
