times:
  edit-metadata: 1.4149958863854408
  landing: 0.7413959428668022
  view-data: 3.533405974507332
