times:
  edit-metadata: 1.5133236050605774
  landing: 0.8111327216029167
  view-data: 3.582069456577301
