times:
  edit-metadata: 1.4178601503372192
  landing: 0.7787669971585274
  view-data: 3.5193163752555847
