times:
  edit-metadata: 1.4504568539559841
  landing: 0.8154491595923901
  view-data: 3.332207690924406
