times:
  edit-metadata: 2.074337225407362
  landing: 1.1287392266094685
  view-data: 3.4376561641693115
