times:
  edit-metadata: 1.4675737507641315
  landing: 1.259867150336504
  view-data: 3.3434233851730824
