times:
  edit-metadata: 2.338711030781269
  landing: 1.2880820073187351
  view-data: 3.416749067604542
