times:
  edit-metadata: 1.5321619287133217
  landing: 0.7048264890909195
  view-data: 3.5006091371178627
