times:
  edit-metadata: 1.4976503998041153
  landing: 23.765504226088524
  view-data: 3.6859425604343414
