times:
  edit-metadata: 1.4569708555936813
  landing: 0.8222630582749844
  view-data: 3.3233970627188683
