times:
  edit-metadata: 1.5138752311468124
  landing: 0.7586849257349968
  view-data: 3.516627460718155
