times:
  edit-metadata: 1.4480455666780472
  landing: 0.8575317561626434
  view-data: 3.34720279276371
