times:
  edit-metadata: 1.3380231633782387
  landing: 0.8446303978562355
  view-data: 3.2649405747652054
