times:
  edit-metadata: 1.437806136906147
  landing: 0.7877616509795189
  view-data: 3.4355480298399925
