times:
  edit-metadata: 1.9200548343360424
  landing: 1.0707591585814953
  view-data: 3.4358157999813557
