times:
  edit-metadata: 1.4962005391716957
  landing: 0.8625818341970444
  view-data: 3.312720887362957
