times:
  edit-metadata: 1.4954298585653305
  landing: 0.7899318858981133
  view-data: 3.537565216422081
