times:
  edit-metadata: 1.400798499584198
  landing: 0.7513576000928879
  view-data: 3.4683651253581047
