times:
  edit-metadata: 1.4276755526661873
  landing: 0.9545152261853218
  view-data: 3.4758133068680763
