times:
  edit-metadata: 1.4838496521115303
  landing: 0.741652749478817
  view-data: 3.4540783762931824
