times:
  edit-metadata: 1.3574950397014618
  landing: 0.8067201003432274
  view-data: 3.4751490876078606
