times:
  edit-metadata: 1.4805723056197166
  landing: 0.6999422684311867
  view-data: 3.4268044903874397
