times:
  edit-metadata: 1.4365255758166313
  landing: 0.8608819283545017
  view-data: 3.362904630601406
