times:
  edit-metadata: 1.548162691295147
  landing: 0.9208944849669933
  view-data: 3.327466208487749
