times:
  edit-metadata: 1.4979439452290535
  landing: 0.8672876730561256
  view-data: 3.358248621225357
