times:
  edit-metadata: 1.2928142696619034
  landing: 0.8308862745761871
  view-data: 3.2630335614085197
