times:
  edit-metadata: 1.5714185535907745
  landing: 0.8361201100051403
  view-data: 3.297132693231106
