times:
  edit-metadata: 1.4396188259124756
  landing: 0.8983372673392296
  view-data: 3.5342919752001762
