times:
  edit-metadata: 1.3943892642855644
  landing: 0.7418770343065262
  view-data: 3.4520682394504547
