times:
  edit-metadata: 1.7326726540923119
  landing: 0.8730923719704151
  view-data: 3.3122310042381287
