times:
  edit-metadata: 1.3768794387578964
  landing: 0.8682038746774197
  view-data: 3.2715012319386005
