times:
  edit-metadata: 2.055642917752266
  landing: 1.02008306235075
  view-data: 3.3350198417901993
