times:
  edit-metadata: 1.3311458677053452
  landing: 0.8158634677529335
  view-data: 3.322517938911915
