times:
  edit-metadata: 1.4516429603099823
  landing: 0.9206762239336967
  view-data: 3.431234210729599
