times:
  edit-metadata: 1.3912471123039722
  landing: 0.923700075596571
  view-data: 3.312544334679842
