times:
  edit-metadata: 1.2728201374411583
  landing: 0.7811008095741272
  view-data: 3.26151280105114
