times:
  edit-metadata: 1.5161278620362282
  landing: 0.9399709329009056
  view-data: 3.461773417890072
