times:
  edit-metadata: 1.3821535632014275
  landing: 0.7352985665202141
  view-data: 3.4108389914035797
