times:
  edit-metadata: 1.4502935335040092
  landing: 0.9174371361732483
  view-data: 3.263965129852295
