times:
  edit-metadata: 1.4845493398606777
  landing: 0.8300495967268944
  view-data: 3.3389868810772896
