times:
  edit-metadata: 1.527828261256218
  landing: 1.002867978066206
  view-data: 3.392775986343622
