times:
  edit-metadata: 1.3843423798680305
  landing: 0.767435722053051
  view-data: 3.371668703854084
