times:
  edit-metadata: 1.3997229188680649
  landing: 0.770002007484436
  view-data: 3.523423694074154
