times:
  edit-metadata: 1.481054663658142
  landing: 0.8079261928796768
  view-data: 3.5560436621308327
