times:
  edit-metadata: 1.3791151121258736
  landing: 0.7866007685661316
  view-data: 3.335891880095005
