times:
  edit-metadata: 1.435123436152935
  landing: 0.8257618248462677
  view-data: 3.4728660956025124
