times:
  edit-metadata: 1.362768791615963
  landing: 0.7917818650603294
  view-data: 3.5133066549897194
