times:
  edit-metadata: 1.43603178486228
  landing: 0.7991049960255623
  view-data: 3.3385370187461376
