times:
  edit-metadata: 4.110980991274118
  landing: 1.9147089570760727
  view-data: 3.8794786743819714
