times:
  edit-metadata: 1.4302581176161766
  landing: 0.787996731698513
  view-data: 3.5003391206264496
