times:
  edit-metadata: 1.8319617211818695
  landing: 0.9202750846743584
  view-data: 3.3170551396906376
