times:
  edit-metadata: 1.4882555827498436
  landing: 0.7656684145331383
  view-data: 3.49986482411623
