times:
  edit-metadata: 1.3841721676290035
  landing: 0.795301266014576
  view-data: 3.2857829965651035
