times:
  edit-metadata: 1.461771011352539
  landing: 0.8026456870138645
  view-data: 3.3684419095516205
