times:
  edit-metadata: 1.4121735468506813
  landing: 0.901229988783598
  view-data: 3.31963749229908
