times:
  edit-metadata: 1.5348353646695614
  landing: 0.7600353918969631
  view-data: 3.299414712935686
