times:
  edit-metadata: 1.849104568362236
  landing: 1.193754717707634
  view-data: 3.737172454595566
