times:
  edit-metadata: 1.7232800424098969
  landing: 1.1424148231744766
  view-data: 3.3295449391007423
