times:
  edit-metadata: 1.5219233147799969
  landing: 0.7883373945951462
  view-data: 3.4310719035565853
