times:
  edit-metadata: 1.554551139473915
  landing: 0.9278114661574364
  view-data: 3.349002443253994
