times:
  edit-metadata: 1.460472498089075
  landing: 0.8111600875854492
  view-data: 3.3208530806005
