times:
  edit-metadata: 1.3738964721560478
  landing: 0.8535956293344498
  view-data: 3.4358421564102173
