times:
  edit-metadata: 1.4109326303005219
  landing: 0.7517761066555977
  view-data: 3.441844917833805
