times:
  edit-metadata: 1.403259702026844
  landing: 0.8421826884150505
  view-data: 3.4884307980537415
