times:
  edit-metadata: 1.733943559229374
  landing: 0.989049918949604
  view-data: 3.578428842127323
