times:
  edit-metadata: 1.435524147003889
  landing: 0.7477643303573132
  view-data: 3.2862106785178185
