times:
  edit-metadata: 1.5354068502783775
  landing: 0.7525703608989716
  view-data: 3.493595503270626
