times:
  edit-metadata: 1.4584247022867203
  landing: 0.9772315993905067
  view-data: 3.4800217896699905
