times:
  edit-metadata: 2.022915296256542
  landing: 1.4413530752062798
  view-data: 3.44847559183836
