times:
  edit-metadata: 1.400940626859665
  landing: 0.7408967614173889
  view-data: 3.413938969373703
