times:
  edit-metadata: 1.446726843714714
  landing: 0.7547110915184021
  view-data: 3.5278644114732742
