times:
  edit-metadata: 1.3653749600052834
  landing: 0.7697519734501839
  view-data: 3.5600139126181602
