times:
  edit-metadata: 2.432289905846119
  landing: 1.6741963177919388
  view-data: 3.7125958800315857
