times:
  edit-metadata: 2.0485521256923676
  landing: 0.9514036551117897
  view-data: 3.360751762986183
