times:
  edit-metadata: 1.4658734947443008
  landing: 0.774319514632225
  view-data: 3.441456012427807
