times:
  edit-metadata: 1.6280380710959435
  landing: 0.852303996682167
  view-data: 3.4889811128377914
