times:
  edit-metadata: 1.3996853791177273
  landing: 0.7159862853586674
  view-data: 3.4349446296691895
