times:
  edit-metadata: 1.4236050471663475
  landing: 0.9336459785699844
  view-data: 3.8041136637330055
