times:
  edit-metadata: 1.5330238863825798
  landing: 0.8433656990528107
  view-data: 3.372547559440136
