times:
  edit-metadata: 1.4415510669350624
  landing: 0.7413593158125877
  view-data: 3.748732313513756
