times:
  edit-metadata: 2.1891335919499397
  landing: 1.233461856842041
  view-data: 3.3379168398678303
