times:
  edit-metadata: 1.386481560766697
  landing: 0.7975508347153664
  view-data: 3.5067114904522896
