times:
  edit-metadata: 1.385122962296009
  landing: 0.7713430002331734
  view-data: 3.4728767797350883
