times:
  edit-metadata: 1.3539657890796661
  landing: 0.8123606368899345
  view-data: 3.4566788375377655
