times:
  edit-metadata: 1.2861888259649277
  landing: 0.7480457872152328
  view-data: 3.2933996990323067
