times:
  edit-metadata: 1.4897682145237923
  landing: 0.7488366439938545
  view-data: 3.4873777106404305
