times:
  edit-metadata: 1.5239627659320831
  landing: 0.9223660007119179
  view-data: 3.5807981863617897
