times:
  edit-metadata: 1.4597237557172775
  landing: 0.6986539140343666
  view-data: 3.5051325783133507
