times:
  edit-metadata: 1.410970889031887
  landing: 0.7379637733101845
  view-data: 3.532530553638935
