times:
  edit-metadata: 1.3249933123588562
  landing: 0.7444419115781784
  view-data: 3.4253536015748978
