times:
  edit-metadata: 1.3213954120874405
  landing: 0.6984145492315292
  view-data: 3.3689558878540993
