times:
  edit-metadata: 1.561341568827629
  landing: 0.845675528049469
  view-data: 3.436747260391712
