times:
  edit-metadata: 1.8280946649610996
  landing: 1.1623465828597546
  view-data: 3.3203648775815964
