times:
  edit-metadata: 1.4467967599630356
  landing: 0.9335910752415657
  view-data: 3.3465274199843407
