times:
  edit-metadata: 1.368942592293024
  landing: 0.7295587100088596
  view-data: 3.2908402010798454
