times:
  edit-metadata: 1.5203272178769112
  landing: 1.0454214587807655
  view-data: 3.6062203645706177
