times:
  edit-metadata: 1.4885227605700493
  landing: 0.7738806754350662
  view-data: 3.348989561200142
