times:
  edit-metadata: 1.5169721618294716
  landing: 0.928379088640213
  view-data: 3.311249904334545
