times:
  edit-metadata: 1.4868121072649956
  landing: 0.8122570142149925
  view-data: 3.444921091198921
