times:
  edit-metadata: 1.3715367317199707
  landing: 0.7237078249454498
  view-data: 3.4188527017831802
