times:
  edit-metadata: 2.2666217535734177
  landing: 1.200914517045021
  view-data: 3.7622507363557816
