times:
  edit-metadata: 1.7753303498029709
  landing: 1.1192045733332634
  view-data: 3.608126826584339
