times:
  edit-metadata: 1.4043485298752785
  landing: 0.7632781937718391
  view-data: 3.413465589284897
