times:
  edit-metadata: 1.5037751756608486
  landing: 0.8216116204857826
  view-data: 3.3424703404307365
