times:
  edit-metadata: 1.3402391746640205
  landing: 0.8704013675451279
  view-data: 0.5548223853111267
