times:
  edit-metadata: 1.5283300466835499
  landing: 0.7924815267324448
  view-data: 3.383276116102934
