times:
  edit-metadata: 1.4784277454018593
  landing: 0.7643177881836891
  view-data: 3.4188131392002106
