times:
  edit-metadata: 1.3230902142822742
  landing: 0.7619429640471935
  view-data: 3.316744614392519
