times:
  edit-metadata: 1.4272079095244408
  landing: 0.8948682770133018
  view-data: 3.291734740138054
