times:
  edit-metadata: 1.4054309353232384
  landing: 0.7076453864574432
  view-data: 3.6080711856484413
