times:
  edit-metadata: 1.4309528470039368
  landing: 0.7389333993196487
  view-data: 3.4248668923974037
