times:
  edit-metadata: 1.4072766527533531
  landing: 0.8334437906742096
  view-data: 3.428787350654602
