times:
  edit-metadata: 1.4392980113625526
  landing: 0.7981619089841843
  view-data: 3.4096239991486073
