times:
  edit-metadata: 1.3697146251797676
  landing: 0.8249671533703804
  view-data: 3.4606495648622513
