times:
  edit-metadata: 1.4196877516806126
  landing: 0.8676964417099953
  view-data: 3.333063542842865
