times:
  edit-metadata: 1.49725741147995
  landing: 0.9219314977526665
  view-data: 3.4165880791842937
