times:
  edit-metadata: 1.420165330171585
  landing: 0.6931723356246948
  view-data: 3.413916327059269
