times:
  edit-metadata: 1.9744454473257065
  landing: 1.2243540659546852
  view-data: 3.660685084760189
