times:
  edit-metadata: 1.5601897202432156
  landing: 0.837969396263361
  view-data: 3.3915987610816956
