times:
  edit-metadata: 1.3637438118457794
  landing: 0.8049144595861435
  view-data: 3.3727388828992844
