times:
  edit-metadata: 1.5217113867402077
  landing: 0.984198160469532
  view-data: 3.56103103607893
