times:
  edit-metadata: 1.4727437198162079
  landing: 0.9095927700400352
  view-data: 3.5540101304650307
