times:
  edit-metadata: 1.4038227796554565
  landing: 0.880090806633234
  view-data: 3.302047822624445
