times:
  edit-metadata: 1.4007847234606743
  landing: 0.8374641686677933
  view-data: 3.2948801666498184
