times:
  edit-metadata: 1.4377435147762299
  landing: 0.7945363968610764
  view-data: 3.3380329124629498
