times:
  edit-metadata: 1.4838313236832619
  landing: 0.8074294626712799
  view-data: 3.4978243485093117
