times:
  edit-metadata: 2.6402368023991585
  landing: 1.6650537252426147
  view-data: 3.581548050045967
