times:
  edit-metadata: 1.4731926321983337
  landing: 0.8130856826901436
  view-data: 3.5293654948472977
