times:
  edit-metadata: 1.4306713566184044
  landing: 0.7569188252091408
  view-data: 3.4244951754808426
