times:
  edit-metadata: 1.4892331659793854
  landing: 0.8873181194067001
  view-data: 3.3529967665672302
