times:
  edit-metadata: 1.3250673450529575
  landing: 0.7327683344483376
  view-data: 3.3368246890604496
