times:
  edit-metadata: 1.4163779243826866
  landing: 0.8444075509905815
  view-data: 3.4829919785261154
