times:
  edit-metadata: 1.3898040354251862
  landing: 0.7224669456481934
  view-data: 3.492538921535015
