times:
  edit-metadata: 1.3336984552443027
  landing: 0.7876703254878521
  view-data: 3.4439126662909985
