times:
  edit-metadata: 1.5097918584942818
  landing: 0.8188829310238361
  view-data: 3.295189891010523
