times:
  edit-metadata: 1.4075661674141884
  landing: 0.7600920870900154
  view-data: 3.517839267849922
