times:
  edit-metadata: 1.3599758744239807
  landing: 0.7849660292267799
  view-data: 3.4043117240071297
