times:
  edit-metadata: 1.4545918442308903
  landing: 0.8997261822223663
  view-data: 3.335111126303673
