times:
  edit-metadata: 1.5009871646761894
  landing: 0.7576121911406517
  view-data: 3.494508758187294
