times:
  edit-metadata: 1.413174856454134
  landing: 0.8264168277382851
  view-data: 3.281300909817219
