times:
  edit-metadata: 1.3876525461673737
  landing: 0.7726031616330147
  view-data: 3.273750886321068
