times:
  edit-metadata: 1.474317368119955
  landing: 0.836831022053957
  view-data: 3.7314475253224373
