times:
  edit-metadata: 1.4466142728924751
  landing: 0.7789295241236687
  view-data: 3.56452988833189
