times:
  edit-metadata: 1.5156543850898743
  landing: 0.8020634353160858
  view-data: 3.401875428855419
