times:
  edit-metadata: 1.5160650312900543
  landing: 0.7877874746918678
  view-data: 3.3133950009942055
