times:
  edit-metadata: 1.5274098217487335
  landing: 0.840072013437748
  view-data: 3.2843145430088043
