times:
  edit-metadata: 1.4227598384022713
  landing: 0.7743184566497803
  view-data: 3.5313154980540276
