times:
  edit-metadata: 1.457197766751051
  landing: 0.8409537971019745
  view-data: 3.2892219349741936
