times:
  edit-metadata: 1.507658340036869
  landing: 0.7243776693940163
  view-data: 3.2805113941431046
