times:
  edit-metadata: 1.4965406954288483
  landing: 0.8494150340557098
  view-data: 3.267973866313696
