times:
  edit-metadata: 1.3849468305706978
  landing: 0.7566595748066902
  view-data: 3.287091214209795
