times:
  edit-metadata: 1.7254569977521896
  landing: 1.058147318661213
  view-data: 3.4716256223618984
