times:
  edit-metadata: 0.5165536068379879
  landing: 0.05283631384372711
  view-data: 0.18871073424816132
