times:
  edit-metadata: 0.5336597971618176
  landing: 0.0457039475440979
  view-data: 0.18765416368842125
