times:
  edit-metadata: 1.6171352546662092
  landing: 0.8367419745773077
  view-data: 3.354629833251238
