times:
  landing: 1.0789224739999668
  view-data: 0.5578723720000198
