times:
  edit-metadata: 0.5688918423838913
  landing: 0.05395327880978584
  view-data: 0.1987445680424571
