times:
  edit-metadata: 0.691074131987989
  landing: 0.08383087208494544
  view-data: 0.40835725516080856
