times:
  landing: 1.0906692159999807
  view-data: 0.5581616559999816
