times:
  edit-metadata: 0.8757853973656893
  landing: 0.06133497320115566
  view-data: 0.30103727895766497
