times:
  edit-metadata: 0.7508980389684439
  landing: 0.07840964384377003
  view-data: 0.3580246428027749
