times:
  edit-metadata: 0.7559113530442119
  landing: 0.0545745660783723
  view-data: 0.22506343689747155
