times:
  edit-metadata: 1.5054415948688984
  landing: 0.9692972712218761
  view-data: 3.433189481496811
