times:
  edit-metadata: 0.9370280611328781
  landing: 0.05429755710065365
  view-data: 0.3611354227177799
