times:
  edit-metadata: 1.4458729792386293
  landing: 0.8514278456568718
  view-data: 3.3654097449034452
