times:
  landing: 0.5522415500000193
  view-data: 0.5576485650000222
