times:
  edit-metadata: 1.7422491805627942
  landing: 0.021389334462583065
  view-data: 0.02599597815424204
