times:
  landing: 0.5638543910000067
  view-data: 0.5660779799999887
