times:
  edit-metadata: 1.495069702155888
  landing: 0.9560008849948645
  view-data: 3.3256962820887566
