times:
  edit-metadata: 2.087816221639514
  landing: 0.11787576042115688
  view-data: 0.27931523509323597
