times:
  edit-metadata: 0.5655664429068565
  landing: 0.9073632601648569
  view-data: 0.23006057925522327
