times:
  edit-metadata: 0.8338478969999414
  landing: 0.07588331399983872
  view-data: 0.3598563919999833
