times:
  edit-metadata: 1.3762409165501595
  landing: 0.7331830179318786
  view-data: 3.3745164098218083
