times:
  edit-metadata: 1.8450939022004604
  landing: 0.15585355646908283
  view-data: 0.46672837622463703
