times:
  edit-metadata: 0.6609491379931569
  landing: 0.05184367764741182
  view-data: 0.2542131757363677
