times:
  edit-metadata: 0.6338796400232241
  landing: 0.05185496900230646
  view-data: 0.18820481200236827
