times:
  edit-metadata: 0.5187091454863548
  landing: 0.05878710374236107
  view-data: 0.18758388981223106
