times:
  edit-metadata: 0.6233728546649218
  landing: 0.05655904207378626
  view-data: 0.188027648255229
