times:
  edit-metadata: 1.7622835244983435
  landing: 0.02179000899195671
  view-data: 0.12416594102978706
