times:
  landing: 0.5520176330000481
  view-data: 0.5544590630000243
