times:
  edit-metadata: 0.5684588365256786
  landing: 0.06232918053865433
  view-data: 0.18422479182481766
