times:
  edit-metadata: 0.5811195932328701
  landing: 0.9990850239992142
  view-data: 0.31067585200071335
