times:
  landing: 0.5983349550000412
  view-data: 0.5598123839999971
