times:
  edit-metadata: 1.3324399664998055
  landing: 0.7566449157893658
  view-data: 3.360110180452466
