times:
  edit-metadata: 0.5541328601539135
  landing: 0.05590825527906418
  view-data: 0.19180255010724068
