times:
  edit-metadata: 0.5361630730330944
  landing: 0.08439403027296066
  view-data: 0.19024920836091042
