times:
  edit-metadata: 1.637062425725162
  landing: 0.21478820592164993
  view-data: 0.1258760765194893
