times:
  edit-metadata: 0.6019040807150304
  landing: 0.050666910130530596
  view-data: 0.20433067809790373
