times:
  edit-metadata: 1.799589117988944
  landing: 0.01900367997586727
  view-data: 0.12590506486594677
