times:
  landing: 0.5528956129999187
  view-data: 0.5511427889999823
