times:
  landing: 0.5496387679999657
  view-data: 0.5550376049999954
