times:
  edit-metadata: 0.5475465934723616
  landing: 0.06596685573458672
  view-data: 0.21014285646378994
