times:
  edit-metadata: 1.562141690403223
  landing: 0.9099723137915134
  view-data: 3.3526450619101524
