times:
  edit-metadata: 0.9452421199530363
  landing: 0.08997938688844442
  view-data: 0.3135289982892573
