times:
  edit-metadata: 0.7188485449878499
  landing: 0.061764660000335425
  view-data: 0.20934047299670056
