times:
  edit-metadata: 1.491978794336319
  landing: 1.0428667329251766
  view-data: 3.3554441817104816
