times:
  edit-metadata: 1.6664087120443583
  landing: 0.018495870754122734
  view-data: 0.02721508778631687
