times:
  edit-metadata: 1.5775782689452171
  landing: 0.966795552521944
  view-data: 3.3581417314708233
