times:
  edit-metadata: 0.6973131550475955
  landing: 0.055309941060841084
  view-data: 0.21986991446465254
