times:
  edit-metadata: 1.3224493761081249
  landing: 1.2060772369150072
  view-data: 3.4030435539316386
