times:
  edit-metadata: 0.5544007606804371
  landing: 0.05494461581110954
  view-data: 0.19426178187131882
