times:
  edit-metadata: 0.5616119801998138
  landing: 0.046100690960884094
  view-data: 0.1949133761227131
