times:
  edit-metadata: 0.481667622923851
  landing: 0.5763578079640865
  view-data: 0.5858363192528486
