times:
  edit-metadata: 0.6161409709602594
  landing: 0.06546613504178822
  view-data: 0.18795316899195313
