times:
  edit-metadata: 0.5893154297955334
  landing: 0.05295915901660919
  view-data: 0.18813702114857733
