times:
  edit-metadata: 1.573859827592969
  landing: 1.0241344645619392
  view-data: 3.3218068219721317
