times:
  landing: 0.5491769600000111
  view-data: 0.55507950599997
