times:
  edit-metadata: 0.6363622830249369
  landing: 0.05108894896693528
  view-data: 0.18882852117531002
