times:
  edit-metadata: 0.5708269239403307
  landing: 0.060068730264902115
  view-data: 0.2035798360593617
