times:
  edit-metadata: 0.6088251629844308
  landing: 0.050951397977769375
  view-data: 0.18436586670577526
