times:
  landing: 0.5894944449999571
  view-data: 0.5633621880000419
