times:
  edit-metadata: 0.6059581777080894
  landing: 0.04727611783891916
  view-data: 0.18763821804895997
