times:
  edit-metadata: 1.6165649928152561
  landing: 1.1361439153552055
  view-data: 3.3904857896268368
