times:
  edit-metadata: 2.547874638810754
  landing: 0.16242641024291515
  view-data: 0.5064770001918077
