times:
  landing: 0.5550916199999847
  view-data: 0.5614078250000034
