times:
  landing: 0.5511933209999711
  view-data: 0.558602049000001
