times:
  landing: 1.0732359030000111
  view-data: 0.6031079840000189
