times:
  edit-metadata: 1.4898900212720037
  landing: 0.8930449541658163
  view-data: 3.380344659090042
