times:
  edit-metadata: 1.3249007984995842
  landing: 0.9406214505434036
  view-data: 3.30039494484663
