times:
  edit-metadata: 1.4549998715519905
  landing: 1.0439921636134386
  view-data: 3.4644206520169973
