times:
  edit-metadata: 1.602651035413146
  landing: 0.9456245601177216
  view-data: 3.363017590716481
