times:
  landing: 0.566413534999981
  view-data: 0.5593699329999708
