times:
  edit-metadata: 2.394981123507023
  landing: 1.6208016201853752
  view-data: 3.575168116018176
