times:
  edit-metadata: 0.5362544376403093
  landing: 0.9613976124674082
  view-data: 0.7653002720326185
