times:
  edit-metadata: 1.7748065199702978
  landing: 1.252162840217352
  view-data: 3.3562455605715513
