times:
  edit-metadata: 1.5978911081328988
  landing: 0.02164026629179716
  view-data: 0.13590807281434536
