times:
  edit-metadata: 0.6657071389490739
  landing: 0.06820384506136179
  view-data: 0.2568356579868123
