times:
  edit-metadata: 1.514248525723815
  landing: 0.9863437414169312
  view-data: 3.4018147625029087
