times:
  edit-metadata: 0.7647187410038896
  landing: 0.06198968600074295
  view-data: 0.2578708240034757
