times:
  edit-metadata: 0.6763981101103127
  landing: 0.06687747221440077
  view-data: 0.2525183348916471
