times:
  edit-metadata: 0.5170196387916803
  landing: 1.1559710260480642
  view-data: 0.3115978557616472
