times:
  edit-metadata: 0.6605804919963703
  landing: 0.07293445100367535
  view-data: 0.24747290900268126
