times:
  landing: 1.0693673099999614
  view-data: 0.558236246999968
