times:
  edit-metadata: 1.529324721544981
  landing: 0.9789005629718304
  view-data: 3.442617032676935
