times:
  landing: 0.5539680950000729
  view-data: 0.548553570000081
