times:
  edit-metadata: 1.6487032482400537
  landing: 0.02072350401431322
  view-data: 0.09820572193711996
