times:
  edit-metadata: 1.3792237611487508
  landing: 0.8180297710932791
  view-data: 3.3695029919035733
