times:
  edit-metadata: 1.4738681530579925
  landing: 0.8150305550079793
  view-data: 3.4185752149205655
