times:
  edit-metadata: 0.5569253717549145
  landing: 0.058303998317569494
  view-data: 0.19823657209053636
