times:
  edit-metadata: 1.692847391590476
  landing: 0.01879354938864708
  view-data: 0.02297511324286461
