times:
  edit-metadata: 0.7959137721918523
  landing: 0.08145942911505699
  view-data: 0.23003941774368286
