times:
  edit-metadata: 2.1210822984576225
  landing: 1.231211788021028
  view-data: 3.4890181357041
