times:
  edit-metadata: 1.611102339811623
  landing: 0.8335048854351044
  view-data: 3.3594365529716015
