times:
  edit-metadata: 1.488082841038704
  landing: 0.7354930359870195
  view-data: 3.371420146897435
