times:
  edit-metadata: 1.6583844805136323
  landing: 0.02422055695205927
  view-data: 0.02587413601577282
