times:
  landing: 0.5521829679999541
  view-data: 0.564379238000015
