times:
  edit-metadata: 1.473507422953844
  landing: 1.1987844593822956
  view-data: 3.296752765774727
