times:
  edit-metadata: 1.41961155179888
  landing: 0.8435512990690768
  view-data: 3.446132494136691
