times:
  landing: 0.5553735149999852
  view-data: 0.5667729489999829
