times:
  edit-metadata: 0.49105099961161613
  landing: 0.5771907400339842
  view-data: 0.5905360374599695
