times:
  edit-metadata: 1.6099766865372658
  landing: 0.8770908676087856
  view-data: 3.495011605322361
