times:
  edit-metadata: 0.8386140919756144
  landing: 0.07215070101665333
  view-data: 0.29266482597449794
