times:
  edit-metadata: 1.6704628141596913
  landing: 0.22993103694170713
  view-data: 0.022921187803149223
