times:
  edit-metadata: 0.6040861570509151
  landing: 0.056897804024629295
  view-data: 0.18851537199225277
