times:
  edit-metadata: 1.872922409325838
  landing: 0.22422219812870026
  view-data: 0.15401281975209713
