times:
  edit-metadata: 0.49414891190826893
  landing: 0.6328344810754061
  view-data: 0.24146557226777077
