times:
  edit-metadata: 0.5469476506114006
  landing: 0.059324588626623154
  view-data: 0.19851140305399895
