times:
  edit-metadata: 0.6251640431582928
  landing: 1.6144182551652193
  view-data: 0.30029137060046196
