times:
  edit-metadata: 0.8047486576251686
  landing: 0.08522747410461307
  view-data: 0.2948317201808095
