times:
  edit-metadata: 1.5281132087111473
  landing: 0.9584060944616795
  view-data: 3.3291204310953617
