times:
  landing: 0.5457609279999929
  view-data: 0.5505984559999888
