times:
  edit-metadata: 0.5524910842068493
  landing: 0.0476651219651103
  view-data: 0.2154708127491176
