times:
  edit-metadata: 1.4768297132104635
  landing: 0.7774908263236284
  view-data: 3.587793294340372
