times:
  edit-metadata: 1.7161183282732964
  landing: 0.20984121784567833
  view-data: 0.02656717225909233
