times:
  edit-metadata: 1.7637276062741876
  landing: 0.02211458794772625
  view-data: 0.028690142557024956
