times:
  edit-metadata: 0.6745328111574054
  landing: 0.055002289824187756
  view-data: 0.21286496240645647
