times:
  edit-metadata: 1.5971788056194782
  landing: 1.1866730377078056
  view-data: 3.4268394708633423
