times:
  edit-metadata: 1.4500230150297284
  landing: 0.8926286483183503
  view-data: 3.3626768654212356
