times:
  edit-metadata: 1.7748873317614198
  landing: 0.019345473498106003
  view-data: 0.027360476553440094
