times:
  edit-metadata: 1.6892659906297922
  landing: 0.21606624219566584
  view-data: 0.38181259017437696
