times:
  edit-metadata: 0.5997126437723637
  landing: 0.7427257392555475
  view-data: 0.24309438467025757
