times:
  edit-metadata: 0.700160111009609
  landing: 0.08201570698292926
  view-data: 0.2416031050379388
