times:
  edit-metadata: 0.5434808507561684
  landing: 1.751628540456295
  view-data: 0.7575062997639179
