times:
  edit-metadata: 0.548731654882431
  landing: 0.6330360881984234
  view-data: 0.19502763263881207
