times:
  edit-metadata: 0.7157772891223431
  landing: 0.06041752174496651
  view-data: 0.21462449431419373
