times:
  edit-metadata: 0.6961148909758776
  landing: 0.08419843506999314
  view-data: 0.2615509000606835
