times:
  landing: 1.067271897000012
  view-data: 0.550069016000009
