times:
  landing: 0.5525772540000276
  view-data: 0.5631160359999967
