times:
  edit-metadata: 0.5901018510339782
  landing: 0.05561041901819408
  view-data: 0.1839336670236662
