times:
  edit-metadata: 0.7224897178821266
  landing: 0.05507069290615618
  view-data: 0.23268989892676473
