times:
  landing: 0.5540907010000069
  view-data: 0.5562511520000157
