times:
  edit-metadata: 1.7682164665311575
  landing: 0.01951337419450283
  view-data: 0.09841597080230713
