times:
  edit-metadata: 2.0002018343657255
  landing: 0.2442709244787693
  view-data: 0.14728091470897198
