times:
  edit-metadata: 1.9881544765084982
  landing: 0.2308599315583706
  view-data: 0.45814563520252705
