times:
  edit-metadata: 0.774381736991927
  landing: 0.05534630599140655
  view-data: 0.24191046500345692
