times:
  edit-metadata: 1.6525980606675148
  landing: 0.023001226596534252
  view-data: 0.025277328677475452
