times:
  landing: 0.5501914369999668
  view-data: 0.5587625890000254
