times:
  edit-metadata: 1.500731885433197
  landing: 0.8502736669033766
  view-data: 3.451997881755233
