times:
  edit-metadata: 1.4920115116983652
  landing: 0.9684450048953295
  view-data: 3.361720172688365
