times:
  landing: 0.5572002300000349
  view-data: 0.5543049679999967
