times:
  edit-metadata: 0.6769067230052315
  landing: 0.08166453099693172
  view-data: 0.3532064500031993
