times:
  landing: 0.5521926110000095
  view-data: 0.5641152789999637
