times:
  edit-metadata: 0.6304311072453856
  landing: 0.04760514898225665
  view-data: 0.184534449595958
