times:
  edit-metadata: 0.4881054162979126
  landing: 1.0969548169523478
  view-data: 0.6191376298666
