times:
  edit-metadata: 1.6602082028985023
  landing: 0.1854517785832286
  view-data: 0.13680106308311224
