times:
  landing: 1.0827497740000354
  view-data: 0.5484725420000132
