times:
  edit-metadata: 1.6819277312606573
  landing: 0.12659917119890451
  view-data: 0.025672681629657745
