times:
  edit-metadata: 2.070526447147131
  landing: 1.0894771255552769
  view-data: 3.4239327535033226
