times:
  edit-metadata: 0.5872360558714718
  landing: 0.06172795197926462
  view-data: 0.19194860407151282
