times:
  edit-metadata: 0.6022810789290816
  landing: 0.04824897088110447
  view-data: 0.19062099000439048
