times:
  edit-metadata: 0.6836724739987403
  landing: 0.08146163495257497
  view-data: 0.24546460597775877
