times:
  edit-metadata: 1.3357669692486525
  landing: 0.750746862962842
  view-data: 3.4278444927185774
