times:
  edit-metadata: 0.5555311979260296
  landing: 0.05346174887381494
  view-data: 0.1795684180688113
