times:
  edit-metadata: 0.5822492960141972
  landing: 0.04939687694422901
  view-data: 0.19591018499340862
