times:
  edit-metadata: 0.7508493540226482
  landing: 0.09953405399573967
  view-data: 0.2528164410032332
