times:
  edit-metadata: 1.4997638836503029
  landing: 0.9553880952298641
  view-data: 3.3547998294234276
