times:
  landing: 0.5482468319999896
  view-data: 0.5526591329999917
