times:
  edit-metadata: 1.7265851274132729
  landing: 0.09637369588017464
  view-data: 0.3908095099031925
