times:
  edit-metadata: 3.646875507198274
  landing: 3.1809557089582086
  view-data: 3.5290892478078604
