times:
  edit-metadata: 0.5558339629787952
  landing: 0.054653242928907275
  view-data: 0.18430524598807096
