times:
  edit-metadata: 1.565445864573121
  landing: 0.8653567209839821
  view-data: 3.4154136274009943
