times:
  edit-metadata: 1.51762187294662
  landing: 0.7868088483810425
  view-data: 3.4389572516083717
