times:
  edit-metadata: 0.68239660654217
  landing: 0.055878689512610435
  view-data: 0.2171106142923236
