times:
  edit-metadata: 0.6195816430263221
  landing: 0.05575425107963383
  view-data: 0.19482638989575207
