times:
  edit-metadata: 0.6978297922760248
  landing: 0.05533049162477255
  view-data: 0.22049895487725735
