times:
  landing: 1.08545312199999
  view-data: 0.5557293300000197
