times:
  edit-metadata: 0.6965425908565521
  landing: 0.05520285991951823
  view-data: 0.2233067569322884
