times:
  landing: 0.5509375799999816
  view-data: 0.5513919869999881
