times:
  edit-metadata: 1.7224210128188133
  landing: 0.1274400968104601
  view-data: 0.33327940851449966
