times:
  landing: 1.084623075999957
  view-data: 0.5598161319999235
