times:
  edit-metadata: 1.5241125226020813
  landing: 0.86726856790483
  view-data: 3.4147121645510197
