times:
  edit-metadata: 0.5458164173178375
  landing: 0.05243882862851024
  view-data: 0.19373748917132616
