times:
  landing: 0.5566493129999799
  view-data: 0.5585629109999672
