times:
  landing: 0.6176852529999906
  view-data: 0.5583819289999497
