times:
  landing: 0.5590176819999897
  view-data: 0.5566166309999971
