times:
  edit-metadata: 0.5467405188828707
  landing: 0.5831318143755198
  view-data: 0.3128005191683769
