times:
  edit-metadata: 1.3743435023352504
  landing: 0.8540939893573523
  view-data: 3.3028643149882555
