times:
  edit-metadata: 0.673728902998846
  landing: 0.06828396202763543
  view-data: 0.24481536797247827
