times:
  landing: 0.5589556999999559
  view-data: 0.5711386119999702
