times:
  landing: 1.6810142993927002
  view-data: 1.0928420834243298
