times:
  edit-metadata: 0.5293356813490391
  landing: 0.6745878085494041
  view-data: 0.28303041122853756
