times:
  edit-metadata: 1.4951588222756982
  landing: 0.9217028515413404
  view-data: 3.368151302449405
