times:
  landing: 1.133305643685162
  view-data: 0.5392338051460683
