times:
  edit-metadata: 1.7025564759969711
  landing: 0.9395731585100293
  view-data: 3.366612194105983
