times:
  edit-metadata: 0.8916716320090927
  landing: 0.15367382499971427
  view-data: 0.28011784100090154
