times:
  edit-metadata: 1.8042172156274319
  landing: 0.02231072448194027
  view-data: 0.14001384936273098
