times:
  edit-metadata: 1.5071042869240046
  landing: 0.8209062684327364
  view-data: 3.438554648309946
