times:
  edit-metadata: 0.6850926750339568
  landing: 0.06845718319527805
  view-data: 0.18636549590155482
