times:
  landing: 0.5443191430000525
  view-data: 0.54223132300001
