times:
  edit-metadata: 1.3336077528074384
  landing: 0.8457038765773177
  view-data: 3.2849054038524628
