times:
  edit-metadata: 0.6460316684097052
  landing: 0.06276525743305683
  view-data: 0.21385711431503296
