times:
  edit-metadata: 1.6977938041090965
  landing: 0.02367975376546383
  view-data: 0.13452945463359356
