times:
  edit-metadata: 0.7254439750104211
  landing: 0.098691379011143
  view-data: 0.25570717599475756
