times:
  edit-metadata: 1.6340047167614102
  landing: 0.2365844789892435
  view-data: 0.025249536149203777
