times:
  landing: 1.0747702889999573
  view-data: 0.5510968259999913
