times:
  edit-metadata: 1.3494498766958714
  landing: 0.7644478231668472
  view-data: 3.32683914154768
