times:
  edit-metadata: 0.7549120039911941
  landing: 0.05115712899714708
  view-data: 0.2584787490195595
