times:
  edit-metadata: 0.5379247032105923
  landing: 0.06144213676452637
  view-data: 0.18851932883262634
