times:
  edit-metadata: 1.419466132298112
  landing: 0.9556980524212122
  view-data: 3.290281103923917
