times:
  landing: 0.5575570739999876
  view-data: 0.5972448350000832
