times:
  edit-metadata: 0.5209132097661495
  landing: 0.0544261671602726
  view-data: 0.18843616172671318
