times:
  landing: 0.5515733150000415
  view-data: 0.5613774050000302
