times:
  edit-metadata: 0.5394622129388154
  landing: 0.048690713942050934
  view-data: 0.19683202309533954
