times:
  landing: 0.5616425129999811
  view-data: 0.5572564590000297
