times:
  edit-metadata: 1.6273181904107332
  landing: 0.02212214283645153
  view-data: 0.09953915514051914
