times:
  edit-metadata: 1.916503831744194
  landing: 0.021908672526478767
  view-data: 0.35191780515015125
