times:
  edit-metadata: 0.5445365491323173
  landing: 0.053819427732378244
  view-data: 0.19843237986788154
