times:
  edit-metadata: 0.6637753860559314
  landing: 0.08201485895551741
  view-data: 0.28598662721924484
