times:
  edit-metadata: 1.7712774528190494
  landing: 0.1286884257569909
  view-data: 0.4740516534075141
