times:
  edit-metadata: 1.732052942737937
  landing: 0.02079174295067787
  view-data: 0.11961938627064228
