times:
  edit-metadata: 0.6659508929587901
  landing: 0.07820235006511211
  view-data: 0.25063290097750723
