times:
  edit-metadata: 0.5093756038695574
  landing: 1.088228140026331
  view-data: 0.3047211356461048
