times:
  edit-metadata: 1.5195244643837214
  landing: 0.8112020548433065
  view-data: 3.4897788148373365
