times:
  landing: 0.5541663770000014
  view-data: 0.5532706770000004
