times:
  edit-metadata: 0.451694801915437
  landing: 0.04772564908489585
  view-data: 0.18757109064608812
