times:
  edit-metadata: 1.6854785298928618
  landing: 0.022080887109041214
  view-data: 0.12158519960939884
