times:
  edit-metadata: 0.6904565800214186
  landing: 0.08093011303571984
  view-data: 0.25422769697615877
