times:
  edit-metadata: 1.2344360640272498
  landing: 0.7822250314056873
  view-data: 3.3512105206027627
