times:
  edit-metadata: 0.8215360940666869
  landing: 0.1415766739519313
  view-data: 0.2357382730115205
