times:
  landing: 0.5565638269999909
  view-data: 0.5601770239999837
