times:
  edit-metadata: 1.6381031488999724
  landing: 0.20173651166260242
  view-data: 0.023059938102960587
