times:
  edit-metadata: 1.5360230021178722
  landing: 0.9964190721511841
  view-data: 3.4246375411748886
