times:
  edit-metadata: 1.698462512344122
  landing: 0.11133500747382641
  view-data: 0.13230427540838718
