times:
  edit-metadata: 1.626037647947669
  landing: 0.019894791767001152
  view-data: 0.024265089072287083
