times:
  edit-metadata: 0.6614071361254901
  landing: 0.048087917966768146
  view-data: 0.2565995389595628
