times:
  landing: 1.0675415059999978
  view-data: 0.5548243800000137
