times:
  edit-metadata: 0.7433840320445597
  landing: 0.08310839894693345
  view-data: 0.23349842394236475
