times:
  edit-metadata: 0.7177704311907291
  landing: 0.05199704226106405
  view-data: 0.21086155204102397
