times:
  landing: 1.074380987999973
  view-data: 0.566050300000029
