times:
  edit-metadata: 1.668100994080305
  landing: 0.9460466410964727
  view-data: 3.3960686922073364
