times:
  landing: 0.5475014689999966
  view-data: 0.5483821739999826
