times:
  landing: 0.556541229000004
  view-data: 0.05578881300004923
