times:
  edit-metadata: 0.6272804059990449
  landing: 0.04863384598866105
  view-data: 0.18177516700234264
