times:
  edit-metadata: 1.6610743179917336
  landing: 0.025316896848380566
  view-data: 0.1240506824105978
