times:
  edit-metadata: 1.5166388414800167
  landing: 0.926525391638279
  view-data: 3.491863213479519
