times:
  edit-metadata: 1.5132198482751846
  landing: 1.0407208278775215
  view-data: 3.4139217026531696
