times:
  edit-metadata: 1.4998124251142144
  landing: 0.9608641471713781
  view-data: 3.342767014633864
