times:
  landing: 0.554622127000016
  view-data: 0.557072828999992
