times:
  edit-metadata: 0.5490470640361309
  landing: 0.5329915974289179
  view-data: 0.31347339041531086
