times:
  edit-metadata: 0.607516256859526
  landing: 0.09275448811240494
  view-data: 0.19964241795241833
