times:
  edit-metadata: 0.6143061348702759
  landing: 0.058403541101142764
  view-data: 0.19083492015488446
