times:
  landing: 1.0642748849999748
  view-data: 0.554156268999975
