times:
  edit-metadata: 1.488549966365099
  landing: 0.9889322482049465
  view-data: 3.412746861577034
