times:
  edit-metadata: 0.5114139728248119
  landing: 0.05734814330935478
  view-data: 0.1896204836666584
