times:
  edit-metadata: 0.7533009250182658
  landing: 0.058521818835288286
  view-data: 0.278454699087888
