times:
  edit-metadata: 0.6788733687717468
  landing: 0.0841654259711504
  view-data: 0.2657610890455544
