times:
  landing: 0.554912336999962
  view-data: 0.05520459500002062
