times:
  edit-metadata: 1.5281384252011776
  landing: 1.0742076952010393
  view-data: 3.3513710144907236
