times:
  edit-metadata: 2.2398681305348873
  landing: 0.020273929461836815
  view-data: 0.35943383164703846
