times:
  landing: 0.554388953000057
  view-data: 0.5455002029999605
