times:
  edit-metadata: 0.6730830969754606
  landing: 0.044080073945224285
  view-data: 0.3833976511377841
