times:
  landing: 0.5536494570000059
  view-data: 0.5552462630000718
