times:
  edit-metadata: 2.166665304452181
  landing: 1.0507216453552246
  view-data: 3.3552069775760174
