times:
  edit-metadata: 0.5146495252847672
  landing: 0.05634481832385063
  view-data: 0.18348506093025208
