times:
  edit-metadata: 1.6494280621409416
  landing: 4.664109207689762
  view-data: 3.373724400997162
