times:
  edit-metadata: 1.4072479698807001
  landing: 0.8710129577666521
  view-data: 3.3448862060904503
