times:
  landing: 0.5572033540000234
  view-data: 0.5770012080000129
