times:
  edit-metadata: 0.9501115446910262
  landing: 0.0574372848495841
  view-data: 0.2290353081189096
