times:
  edit-metadata: 1.4324076250195503
  landing: 0.930052999407053
  view-data: 3.349384367465973
