times:
  landing: 0.5539141970000401
  view-data: 0.5560689349999848
