times:
  landing: 0.5653599329999679
  view-data: 0.5548312050000277
