times:
  edit-metadata: 0.8271858068183064
  landing: 0.09145462512969971
  view-data: 0.27025123592466116
