times:
  edit-metadata: 1.57723917812109
  landing: 0.9316398990340531
  view-data: 3.460591112729162
