times:
  edit-metadata: 0.6297822290216573
  landing: 0.04867722000926733
  view-data: 0.1797343170037493
