times:
  edit-metadata: 1.5270404554903507
  landing: 0.8909571133553982
  view-data: 3.3987423330545425
