times:
  landing: 0.5471858309999789
  view-data: 0.5519302330000073
