times:
  edit-metadata: 1.5930839516222477
  landing: 0.964507419615984
  view-data: 3.4089431911706924
