times:
  edit-metadata: 1.7075516059994698
  landing: 0.01971316710114479
  view-data: 0.31305108219385147
