times:
  edit-metadata: 0.5246676076203585
  landing: 0.5711653791368008
  view-data: 0.20683952420949936
