times:
  edit-metadata: 1.5022644102573395
  landing: 0.8170720562338829
  view-data: 3.4171614330261946
