times:
  edit-metadata: 0.5793060162104666
  landing: 0.0686342571862042
  view-data: 0.1885982514359057
