times:
  edit-metadata: 1.6431287722662091
  landing: 0.02185605000704527
  view-data: 0.024019458331167698
