times:
  edit-metadata: 0.582558125955984
  landing: 0.0552692839410156
  view-data: 0.19945154408924282
