times:
  edit-metadata: 1.7867352878674865
  landing: 0.01846961583942175
  view-data: 0.02983965538442135
