times:
  edit-metadata: 1.5264512449502945
  landing: 0.797338429838419
  view-data: 3.369019828736782
