times:
  edit-metadata: 0.5291709247976542
  landing: 0.5806474201381207
  view-data: 0.2015101183205843
