times:
  edit-metadata: 1.3462570663541555
  landing: 0.9200411606580019
  view-data: 3.368275323882699
