times:
  edit-metadata: 1.4616906270384789
  landing: 0.9504209607839584
  view-data: 3.364489357918501
