times:
  edit-metadata: 0.5620445273816586
  landing: 0.04612884670495987
  view-data: 0.18533949926495552
