times:
  edit-metadata: 1.6958006042987108
  landing: 0.020601346157491207
  view-data: 0.025616521947085857
