times:
  edit-metadata: 1.7286503314971924
  landing: 0.024454999715089798
  view-data: 0.1409061960875988
