times:
  edit-metadata: 0.5287246704101562
  landing: 0.6189286913722754
  view-data: 0.21187478676438332
