times:
  edit-metadata: 0.5678161671385169
  landing: 0.054098017048090696
  view-data: 0.1923011220060289
