times:
  edit-metadata: 1.4564658622257411
  landing: 1.0315416492521763
  view-data: 3.326836650725454
