times:
  edit-metadata: 0.5525356791913509
  landing: 0.7141956686973572
  view-data: 0.20779192075133324
