times:
  edit-metadata: 1.633940801024437
  landing: 0.02175667230039835
  view-data: 0.12271463219076395
