times:
  edit-metadata: 0.7484718621708453
  landing: 0.07985418383032084
  view-data: 0.2226548157632351
