times:
  edit-metadata: 1.3736910168081522
  landing: 0.8516924157738686
  view-data: 3.409551809541881
