times:
  edit-metadata: 1.2379675600677729
  landing: 0.7900709020905197
  view-data: 3.407587790163234
