times:
  edit-metadata: 0.5951812169514596
  landing: 0.040432335110381246
  view-data: 0.1904408009722829
