times:
  edit-metadata: 1.5167465433478355
  landing: 0.8079472817480564
  view-data: 3.40479788929224
