times:
  edit-metadata: 0.5704096965491772
  landing: 0.7100561689585447
  view-data: 0.19593621790409088
