times:
  edit-metadata: 1.622467940673232
  landing: 0.020330099388957024
  view-data: 0.10285291820764542
