times:
  edit-metadata: 0.48420133627951145
  landing: 1.1248312089592218
  view-data: 0.3086968809366226
