times:
  edit-metadata: 1.533449076116085
  landing: 1.0622203685343266
  view-data: 3.41983113437891
