times:
  edit-metadata: 0.490497212857008
  landing: 0.6284154560416937
  view-data: 0.19457942992448807
