times:
  edit-metadata: 1.0141851590014994
  landing: 0.06838357914239168
  view-data: 0.3246952509507537
