times:
  landing: 1.072891191999986
  view-data: 0.5576291940000146
