times:
  edit-metadata: 1.7988263480365276
  landing: 0.02448652870953083
  view-data: 0.12397634610533714
