times:
  edit-metadata: 1.6881654150784016
  landing: 0.022174284793436527
  view-data: 0.023237348534166813
