times:
  edit-metadata: 0.6740767052397132
  landing: 0.05397180002182722
  view-data: 0.2174817780032754
