times:
  edit-metadata: 1.6770635126158595
  landing: 0.020373607985675335
  view-data: 0.09986183606088161
