times:
  edit-metadata: 0.595032649114728
  landing: 0.6367784850299358
  view-data: 0.185050118714571
