times:
  edit-metadata: 1.6124234814196825
  landing: 0.019033211283385754
  view-data: 0.12257757037878036
