times:
  edit-metadata: 1.435842564329505
  landing: 0.7925793640315533
  view-data: 3.2864841017872095
