times:
  landing: 0.5532815600000163
  view-data: 0.5601309560000232
