times:
  edit-metadata: 0.5503776203840971
  landing: 1.912168763577938
  view-data: 0.4745365548878908
