times:
  edit-metadata: 1.5345474556088448
  landing: 0.9478872083127499
  view-data: 3.3842499516904354
