times:
  landing: 1.0782207010000207
  view-data: 0.5626774190000106
