times:
  edit-metadata: 1.6778938714414835
  landing: 0.020370676182210445
  view-data: 0.023322279565036297
