times:
  edit-metadata: 1.455081032589078
  landing: 0.9420983288437128
  view-data: 3.2645946983247995
