times:
  edit-metadata: 0.5356152830645442
  landing: 0.05370647273957729
  view-data: 0.19664393411949277
