times:
  landing: 0.5506105770000431
  view-data: 0.5585581839999918
