times:
  edit-metadata: 2.3272061878815293
  landing: 1.373803649097681
  view-data: 3.5256608240306377
