times:
  edit-metadata: 1.6288528330624104
  landing: 0.12032520771026611
  view-data: 0.1323130577802658
