times:
  edit-metadata: 0.7030209684744477
  landing: 0.057945674285292625
  view-data: 0.21894964668899775
