times:
  edit-metadata: 0.6150928949937224
  landing: 0.05389581527560949
  view-data: 0.18837664322927594
