times:
  edit-metadata: 1.628812976181507
  landing: 0.022471271455287933
  view-data: 0.12364994082599878
