times:
  edit-metadata: 1.5319172609597445
  landing: 0.8546501994132996
  view-data: 3.4221441615372896
