times:
  edit-metadata: 1.504145698621869
  landing: 0.8744117841124535
  view-data: 3.328461168333888
