times:
  edit-metadata: 1.366720125079155
  landing: 0.8648158460855484
  view-data: 3.434337195008993
