times:
  edit-metadata: 0.5597661845386028
  landing: 0.7729260120540857
  view-data: 0.4690476879477501
