times:
  edit-metadata: 0.4815165977925062
  landing: 1.0873694624751806
  view-data: 0.5937818754464388
