times:
  edit-metadata: 1.3841088265180588
  landing: 0.9887940064072609
  view-data: 3.324354622513056
