times:
  edit-metadata: 0.5979768519755453
  landing: 0.054862632998265326
  view-data: 0.184924622066319
