times:
  edit-metadata: 0.7509205341339111
  landing: 0.07263821200467646
  view-data: 0.3104922049678862
