times:
  edit-metadata: 1.8075256124138832
  landing: 0.027732744812965393
  view-data: 0.1420374233275652
