times:
  edit-metadata: 0.6430022460408509
  landing: 0.06510047405026853
  view-data: 0.20092455786652863
