times:
  edit-metadata: 0.4507062342017889
  landing: 0.05409138789400458
  view-data: 0.19188564410433173
