times:
  edit-metadata: 1.4028140150476247
  landing: 0.832909608958289
  view-data: 3.3624535310082138
