times:
  landing: 1.1171142889999714
  view-data: 0.5608555599999931
