times:
  landing: 0.5486175330000265
  view-data: 0.5667398569999591
