times:
  edit-metadata: 3.1859581200405955
  landing: 0.022034237161278725
  view-data: 0.7321069892495871
