times:
  edit-metadata: 1.76491754129529
  landing: 0.13977950625121593
  view-data: 0.025751814246177673
