times:
  landing: 1.5804847410000207
  view-data: 0.5514603479999778
