times:
  edit-metadata: 2.2552145086228848
  landing: 0.223411463201046
  view-data: 0.34002813696861267
