times:
  edit-metadata: 1.3674729987978935
  landing: 0.8477264363318682
  view-data: 3.275191444903612
