times:
  edit-metadata: 0.6870202530408278
  landing: 0.0864208749262616
  view-data: 0.23428572702687234
