times:
  edit-metadata: 1.9453041702508926
  landing: 1.3105351701378822
  view-data: 3.4226642064750195
