times:
  edit-metadata: 1.6831113882362843
  landing: 0.019779087975621223
  view-data: 0.024609634652733803
