times:
  edit-metadata: 1.419394575059414
  landing: 0.8405098468065262
  view-data: 3.248770460486412
