times:
  landing: 1.1554386849999787
  view-data: 0.556924878000018
