times:
  edit-metadata: 0.5647311708889902
  landing: 0.05385440308600664
  view-data: 0.2060039476491511
