times:
  edit-metadata: 1.551462610019371
  landing: 1.028901191893965
  view-data: 3.4352209148928523
