times:
  edit-metadata: 0.7544590709730983
  landing: 0.05918063595890999
  view-data: 0.3396224738098681
