times:
  edit-metadata: 2.0200054310262203
  landing: 0.15947873704135418
  view-data: 0.15237064845860004
