times:
  edit-metadata: 1.6217608442530036
  landing: 0.019703230820596218
  view-data: 0.22667684219777584
