times:
  landing: 0.5540165330000946
  view-data: 0.552691262000053
