times:
  edit-metadata: 0.5892291041091084
  landing: 0.10211687115952373
  view-data: 0.2268131128512323
