times:
  edit-metadata: 0.558765348047018
  landing: 0.04755194502649829
  view-data: 0.1905969959916547
