times:
  edit-metadata: 1.368834525346756
  landing: 0.8237265758216381
  view-data: 3.335429647937417
