times:
  edit-metadata: 0.5333623923361301
  landing: 0.050190333276987076
  view-data: 0.1974693238735199
