times:
  landing: 1.0765272109999842
  view-data: 0.5596452070000169
