times:
  edit-metadata: 1.6675215847790241
  landing: 0.12137461267411709
  view-data: 0.02617487031966448
