times:
  edit-metadata: 0.5031447000801563
  landing: 0.9701022524386644
  view-data: 0.2986324820667505
