times:
  edit-metadata: 0.5569971259683371
  landing: 0.5045629162341356
  view-data: 0.19219260849058628
