times:
  edit-metadata: 1.731115410104394
  landing: 0.19215594232082367
  view-data: 0.024062130600214005
