times:
  landing: 0.5543111869999962
  view-data: 0.5542440819999683
