times:
  edit-metadata: 0.5470113512128592
  landing: 1.1252317372709513
  view-data: 0.5875158328562975
