times:
  edit-metadata: 0.5615843683481216
  landing: 0.052851904183626175
  view-data: 0.19206879287958145
