times:
  edit-metadata: 1.715775404125452
  landing: 0.22298516891896725
  view-data: 0.4380894275382161
