times:
  edit-metadata: 1.9821840804070234
  landing: 0.24054047279059887
  view-data: 0.16282076574862003
