times:
  edit-metadata: 1.6996079124510288
  landing: 0.021811090409755707
  view-data: 0.026118195615708828
