times:
  edit-metadata: 0.4947020821273327
  landing: 0.681420186534524
  view-data: 0.5405693762004375
