times:
  edit-metadata: 1.7035236284136772
  landing: 1.0070478990674019
  view-data: 3.3382226079702377
