times:
  landing: 0.5507225050000102
  view-data: 0.5575015549999875
