times:
  edit-metadata: 0.9165982040576637
  landing: 0.085194346960634
  view-data: 0.2280316068790853
