times:
  edit-metadata: 2.1414177753031254
  landing: 1.210819186642766
  view-data: 3.4517985843122005
