times:
  edit-metadata: 1.6006846353411674
  landing: 0.8775275647640228
  view-data: 3.4316077549010515
