times:
  edit-metadata: 1.7281017862260342
  landing: 0.17538246139883995
  view-data: 0.3807302862405777
