times:
  edit-metadata: 1.7588262055069208
  landing: 0.10105127282440662
  view-data: 0.39949810691177845
