times:
  edit-metadata: 1.6427602209150791
  landing: 0.021558266133069992
  view-data: 0.3388058952987194
