times:
  edit-metadata: 0.6623725211247802
  landing: 0.08145698718726635
  view-data: 0.23325667111203074
