times:
  edit-metadata: 1.3503690287470818
  landing: 1.0488590337336063
  view-data: 3.3338837809860706
