times:
  edit-metadata: 1.5779537484049797
  landing: 1.1014296114444733
  view-data: 3.3229618705809116
