times:
  edit-metadata: 1.4181287102401257
  landing: 0.9251209069043398
  view-data: 3.3902516905218363
