times:
  edit-metadata: 1.6809713654220104
  landing: 0.01991470344364643
  view-data: 0.026533514261245728
