times:
  edit-metadata: 0.4417103440500796
  landing: 0.05458617676049471
  view-data: 0.19535624794662
