times:
  landing: 1.0769707559999802
  view-data: 0.5591185249999739
