times:
  edit-metadata: 0.7025773031637073
  landing: 0.046594012062996626
  view-data: 0.24404829274863005
