times:
  edit-metadata: 0.5822650156915188
  landing: 0.047950442880392075
  view-data: 0.19325170293450356
