times:
  edit-metadata: 0.49580807611346245
  landing: 0.5784444008022547
  view-data: 0.5878377594053745
