times:
  edit-metadata: 0.46691740676760674
  landing: 0.05619870312511921
  view-data: 0.1917148418724537
