times:
  edit-metadata: 2.356972634792328
  landing: 1.0718221180140972
  view-data: 3.3997417706996202
