times:
  edit-metadata: 1.757256232202053
  landing: 0.022196629084646702
  view-data: 0.02440988179296255
