times:
  edit-metadata: 0.6960394717752934
  landing: 0.050599800422787666
  view-data: 0.23641953710466623
