times:
  edit-metadata: 1.663868929259479
  landing: 0.01896792184561491
  view-data: 0.09960234817117453
