times:
  edit-metadata: 0.518163375556469
  landing: 0.7963019087910652
  view-data: 0.5375963803380728
