times:
  edit-metadata: 1.89372094348073
  landing: 0.1995521131902933
  view-data: 0.026138341054320335
