times:
  landing: 0.5661496749999628
  view-data: 0.5580499120000013
