times:
  edit-metadata: 1.6399031905457377
  landing: 0.13380545284599066
  view-data: 0.41205721255391836
