times:
  edit-metadata: 1.5388325080275536
  landing: 0.9298887513577938
  view-data: 3.4388274624943733
