times:
  landing: 0.6142981169999757
  view-data: 0.5559579150000218
