times:
  landing: 0.5511655820000101
  view-data: 0.5537081140000168
