times:
  edit-metadata: 1.3272671233862638
  landing: 0.8464394928887486
  view-data: 3.3757894951850176
