times:
  edit-metadata: 0.7717324109980837
  landing: 0.052986911963671446
  view-data: 0.22494898998411372
