times:
  edit-metadata: 0.5988372020074166
  landing: 0.04965535504743457
  view-data: 0.18793377402471378
