times:
  edit-metadata: 1.4075765903107822
  landing: 1.040824362076819
  view-data: 3.4395524957217276
