times:
  edit-metadata: 0.6648987060034415
  landing: 0.07809563099726802
  view-data: 0.256756435999705
