times:
  edit-metadata: 2.4614363443106413
  landing: 0.20387601479887962
  view-data: 0.44694216549396515
