times:
  edit-metadata: 1.4933492727577686
  landing: 0.7967945113778114
  view-data: 3.425952333956957
