times:
  edit-metadata: 1.3914432022720575
  landing: 0.8744694609194994
  view-data: 3.421720108948648
