times:
  edit-metadata: 1.5989855993539095
  landing: 1.0065339393913746
  view-data: 3.482907883822918
