times:
  landing: 0.5478518749999921
  view-data: 0.5576052370000184
