times:
  edit-metadata: 1.6921654427424073
  landing: 0.1479722447693348
  view-data: 0.4016621019691229
