times:
  edit-metadata: 0.594801717903465
  landing: 0.04861568287014961
  view-data: 0.19234427297487855
