times:
  edit-metadata: 1.745408896356821
  landing: 0.20506087131798267
  view-data: 0.024676525965332985
