times:
  edit-metadata: 1.4632892711088061
  landing: 1.0057705398648977
  view-data: 3.3931239945814013
