times:
  edit-metadata: 1.5169989727437496
  landing: 0.9872770197689533
  view-data: 3.3968111723661423
