times:
  edit-metadata: 0.5033044274896383
  landing: 1.1721042413264513
  view-data: 0.5876351092010736
