times:
  edit-metadata: 0.6635535759851336
  landing: 0.05940264998935163
  view-data: 0.19632552494294941
