times:
  edit-metadata: 1.4667008481919765
  landing: 0.7642372138798237
  view-data: 3.3164163641631603
