times:
  edit-metadata: 0.5749136228114367
  landing: 0.0559751451946795
  view-data: 0.18547012843191624
