times:
  edit-metadata: 1.7322303466498852
  landing: 0.019181499257683754
  view-data: 0.1354990042746067
