times:
  edit-metadata: 0.5538058802485466
  landing: 0.05280622839927673
  view-data: 0.1951906979084015
