times:
  edit-metadata: 1.65693995449692
  landing: 0.022657624445855618
  view-data: 0.12733241263777018
