times:
  edit-metadata: 0.686286314856261
  landing: 0.08930190885439515
  view-data: 0.2461895141750574
