times:
  edit-metadata: 0.6010526109894272
  landing: 0.04768584601697512
  view-data: 0.18226224000682123
