times:
  landing: 1.100140897000017
  view-data: 0.5553423400000383
