times:
  edit-metadata: 1.897565808147192
  landing: 0.15838065557181835
  view-data: 0.3773313518613577
