times:
  edit-metadata: 1.4553628508001566
  landing: 0.8231214173138142
  view-data: 3.2999163465574384
