times:
  edit-metadata: 1.5681660436093807
  landing: 0.7607575356960297
  view-data: 3.4130711536854506
