times:
  landing: 0.5496080939999501
  view-data: 0.5478753830000187
