times:
  edit-metadata: 1.6532225599512458
  landing: 0.02040929440408945
  view-data: 0.5992698911577463
