times:
  landing: 1.0718834649999849
  view-data: 0.5614710980000268
