times:
  edit-metadata: 1.543750949203968
  landing: 1.0072175152599812
  view-data: 3.4235651046037674
