times:
  edit-metadata: 0.49932027235627174
  landing: 0.8330199550837278
  view-data: 0.21295547857880592
