times:
  landing: 0.5520415450000087
  view-data: 0.553088296999988
