times:
  edit-metadata: 1.5535508170723915
  landing: 1.2477037459611893
  view-data: 3.3477906845510006
