times:
  edit-metadata: 1.697769833728671
  landing: 0.020664752461016178
  view-data: 0.026667095720767975
