times:
  edit-metadata: 0.5669991578906775
  landing: 0.04638101113960147
  view-data: 0.20444750459864736
