times:
  edit-metadata: 1.8257503844797611
  landing: 0.20394851453602314
  view-data: 0.02588014490902424
