times:
  edit-metadata: 1.6016325429081917
  landing: 0.919556625187397
  view-data: 3.434568364173174
