times:
  edit-metadata: 0.6129344819928519
  landing: 0.050181213999167085
  view-data: 0.18849834997672588
