times:
  edit-metadata: 0.7002027770504355
  landing: 0.06458001607097685
  view-data: 0.25893471110612154
