times:
  edit-metadata: 0.6945915729738772
  landing: 0.06964725803118199
  view-data: 0.23385708301793784
