times:
  edit-metadata: 3.3496105317026377
  landing: 0.04396659694612026
  view-data: 0.056982748210430145
