times:
  edit-metadata: 1.4680170840583742
  landing: 0.8854618882760406
  view-data: 3.41235528094694
