times:
  edit-metadata: 1.3429373875260353
  landing: 0.9287804700434208
  view-data: 3.435501355677843
