times:
  edit-metadata: 1.873644733801484
  landing: 0.020931223407387733
  view-data: 0.342630160972476
