times:
  edit-metadata: 1.6582002602517605
  landing: 0.01935800537467003
  view-data: 0.3392264563590288
