times:
  edit-metadata: 1.656723384745419
  landing: 0.11767852678894997
  view-data: 0.12147792521864176
