times:
  edit-metadata: 0.7058474731165916
  landing: 0.0680380139965564
  view-data: 0.22641982114873827
