times:
  edit-metadata: 2.0102457934990525
  landing: 0.021709537133574486
  view-data: 0.12096562050282955
