times:
  edit-metadata: 0.6083873660099925
  landing: 0.04975079699943308
  view-data: 0.18980293700587936
