times:
  edit-metadata: 0.7007293170318007
  landing: 0.050491934875026345
  view-data: 0.24622882809489965
