times:
  edit-metadata: 1.983846802264452
  landing: 0.2531996686011553
  view-data: 0.3727860003709793
