times:
  edit-metadata: 1.7306675110012293
  landing: 0.01979389600455761
  view-data: 0.02765418402850628
