times:
  edit-metadata: 1.4376537054777145
  landing: 0.8480429016053677
  view-data: 3.3241663053631783
