times:
  edit-metadata: 0.9237886659975629
  landing: 0.11077217001002282
  view-data: 0.3039884569880087
