times:
  edit-metadata: 0.48895792104303837
  landing: 0.5838057864457369
  view-data: 0.6053834222257137
