times:
  edit-metadata: 0.625710517168045
  landing: 0.05314952600747347
  view-data: 0.18938342295587063
