times:
  edit-metadata: 0.6322628650814295
  landing: 0.532984672114253
  view-data: 0.2050932627171278
