times:
  edit-metadata: 1.5635886415839195
  landing: 0.7965596318244934
  view-data: 3.3485323190689087
