times:
  landing: 0.5560827969999877
  view-data: 0.5594450600000016
