times:
  edit-metadata: 1.384907684987411
  landing: 0.7725729248486459
  view-data: 3.3697318139020354
