times:
  edit-metadata: 1.7427487978711724
  landing: 0.27270880341529846
  view-data: 0.3887528767809272
