times:
  edit-metadata: 0.7525323150039185
  landing: 0.0451906840025913
  view-data: 0.36682859300344717
