times:
  edit-metadata: 0.5736170709133148
  landing: 0.05678354948759079
  view-data: 0.1886770837008953
