times:
  edit-metadata: 1.6236775139113888
  landing: 1.1098215919919312
  view-data: 3.411255314014852
