times:
  edit-metadata: 1.6315198428928852
  landing: 0.01977528166025877
  view-data: 0.023435385897755623
