times:
  landing: 0.5635987719999775
  view-data: 0.07382561899999018
