times:
  edit-metadata: 0.5651140757836401
  landing: 0.049025390297174454
  view-data: 0.21089647291228175
