times:
  edit-metadata: 0.6292033139616251
  landing: 0.55951277166605
  view-data: 0.18866239488124847
