times:
  edit-metadata: 0.5505580846220255
  landing: 0.6153452564030886
  view-data: 0.20369653776288033
