times:
  landing: 1.1207700299999601
  view-data: 0.5685454879999838
