times:
  edit-metadata: 0.5296967476606369
  landing: 0.6684934198856354
  view-data: 0.30425322987139225
