times:
  edit-metadata: 1.5621545650064945
  landing: 0.8697149381041527
  view-data: 3.3705756589770317
