times:
  edit-metadata: 0.5676831810269505
  landing: 0.05661991995293647
  view-data: 0.19175687595270574
