times:
  landing: 1.0739247160000218
  view-data: 0.5585286630000041
