times:
  edit-metadata: 0.6850935460533947
  landing: 0.06718334299512208
  view-data: 0.22947734803892672
