times:
  edit-metadata: 0.5215863697230816
  landing: 2.274188244715333
  view-data: 0.4196968749165535
