times:
  edit-metadata: 0.7715730488998815
  landing: 0.07932192098814994
  view-data: 0.2442104989895597
