times:
  edit-metadata: 1.5723729021847248
  landing: 1.0643396228551865
  view-data: 3.432320773601532
