times:
  edit-metadata: 0.6122323349118233
  landing: 0.04994387296028435
  view-data: 0.19218516303226352
