times:
  edit-metadata: 1.7066863514482975
  landing: 0.2263918612152338
  view-data: 0.12769390642642975
