times:
  edit-metadata: 1.762674579396844
  landing: 0.11687182262539864
  view-data: 0.02718748338520527
