times:
  landing: 0.5555211980000081
  view-data: 0.5610765970000102
