times:
  edit-metadata: 1.4340560212731361
  landing: 1.0834192037582397
  view-data: 3.333040788769722
