times:
  edit-metadata: 0.5497361593879759
  landing: 0.049364469945430756
  view-data: 0.19612777372822165
