times:
  edit-metadata: 0.5468858531676233
  landing: 0.04718312807381153
  view-data: 0.1951162819750607
