times:
  edit-metadata: 0.6685011389199644
  landing: 0.06862798891961575
  view-data: 0.3697409878950566
