times:
  edit-metadata: 0.757501102052629
  landing: 0.09698252903763205
  view-data: 0.22433979099150747
