times:
  edit-metadata: 0.5194625137373805
  landing: 0.05399674875661731
  view-data: 0.1948190350085497
