times:
  edit-metadata: 1.6788533870130777
  landing: 0.021668733097612858
  view-data: 0.13747425936162472
