times:
  edit-metadata: 0.5820674244314432
  landing: 0.05410143360495567
  view-data: 0.21024690195918083
