times:
  edit-metadata: 1.214512069011107
  landing: 0.8585949528496712
  view-data: 3.3324856779072434
