times:
  landing: 0.5506298920000177
  view-data: 0.5599703299999987
