times:
  edit-metadata: 1.4180124211125076
  landing: 0.8483373830094934
  view-data: 3.360603271983564
