times:
  edit-metadata: 0.5973895501811057
  landing: 0.050512365996837616
  view-data: 0.19240102195180953
