times:
  edit-metadata: 1.6833185702562332
  landing: 0.02521831914782524
  view-data: 0.028494974598288536
