times:
  edit-metadata: 0.7156124347820878
  landing: 0.06073494628071785
  view-data: 0.2022456368431449
