times:
  edit-metadata: 0.7424201713874936
  landing: 0.06983637623488903
  view-data: 0.24555328767746687
