times:
  edit-metadata: 0.5801015429897234
  landing: 0.04400630004238337
  view-data: 0.1836576060159132
