times:
  edit-metadata: 0.5562583617866039
  landing: 0.05704721808433533
  view-data: 0.18614952638745308
