times:
  edit-metadata: 0.7138258814811707
  landing: 0.05240330379456282
  view-data: 0.2056622402742505
