times:
  edit-metadata: 1.4675344750285149
  landing: 0.8698053769767284
  view-data: 3.448654841631651
