times:
  edit-metadata: 0.506849576253444
  landing: 0.07078667124733329
  view-data: 0.1934726880863309
