times:
  edit-metadata: 1.449335116893053
  landing: 0.9180490877479315
  view-data: 3.4131902046501637
