times:
  edit-metadata: 1.6576530374586582
  landing: 0.13563918322324753
  view-data: 0.3966650012880564
