times:
  edit-metadata: 1.676009176298976
  landing: 1.0126780606806278
  view-data: 3.3793175872415304
