times:
  edit-metadata: 0.627289683005074
  landing: 0.05357384998933412
  view-data: 0.19144894601777196
