times:
  edit-metadata: 0.6742289679823443
  landing: 0.06738856295123696
  view-data: 0.2501254980452359
