times:
  edit-metadata: 0.7516033418942243
  landing: 0.079017118900083
  view-data: 0.2580728851025924
