times:
  edit-metadata: 1.3638464529067278
  landing: 0.8198322225362062
  view-data: 3.293155524879694
