times:
  edit-metadata: 0.6795261038932949
  landing: 0.06836645887233317
  view-data: 0.24689427390694618
