times:
  edit-metadata: 0.8515120651572943
  landing: 0.11812206916511059
  view-data: 0.33085670601576567
