times:
  edit-metadata: 1.6046644309535623
  landing: 0.021821179427206516
  view-data: 0.029497478157281876
