times:
  edit-metadata: 1.5786207877099514
  landing: 0.9974404387176037
  view-data: 3.378695297986269
