times:
  edit-metadata: 1.7736053438857198
  landing: 0.019786103628575802
  view-data: 0.4665259765461087
