times:
  edit-metadata: 3.20049948990345
  landing: 1.5840727873146534
  view-data: 3.7342697493731976
