times:
  edit-metadata: 1.672580087557435
  landing: 0.8973839208483696
  view-data: 3.327703420072794
