times:
  landing: 0.6018059799999946
  view-data: 0.5515218140000115
