times:
  landing: 0.5572759510000083
  view-data: 0.05000991100001784
