times:
  edit-metadata: 0.5894869701005518
  landing: 0.057258548215031624
  view-data: 0.19245976023375988
