times:
  edit-metadata: 1.7563510462641716
  landing: 0.23850257880985737
  view-data: 0.024430839344859123
