times:
  landing: 1.0693469770000092
  view-data: 0.5578899860000206
