times:
  edit-metadata: 1.523014034028165
  landing: 1.00114109297283
  view-data: 3.3666621029842645
