times:
  edit-metadata: 1.9101145099848509
  landing: 1.18555792234838
  view-data: 3.5076846331357956
