times:
  edit-metadata: 1.7349439766258001
  landing: 0.19636161625385284
  view-data: 0.37982594408094883
