times:
  edit-metadata: 0.6902282801456749
  landing: 0.05534031940624118
  view-data: 0.21585553558543324
