times:
  edit-metadata: 0.6349564300617203
  landing: 0.04827176302205771
  view-data: 0.19770184298977256
