times:
  landing: 0.5574209419999647
  view-data: 0.5567355340000404
