times:
  edit-metadata: 1.439571464434266
  landing: 0.7447108030319214
  view-data: 3.297683412209153
