times:
  edit-metadata: 0.6807894159574062
  landing: 0.08418824797263369
  view-data: 0.2443717709975317
