times:
  edit-metadata: 0.5144594833254814
  landing: 0.05955731123685837
  view-data: 0.18975848704576492
