times:
  edit-metadata: 0.4797771666198969
  landing: 0.6099603474140167
  view-data: 0.18974340707063675
