times:
  edit-metadata: 2.2637933492660522
  landing: 1.1343017220497131
  view-data: 3.6429568342864513
