times:
  landing: 0.5628553489999604
  view-data: 0.5585006239999757
