times:
  landing: 0.5513869490000047
  view-data: 0.5537424120000196
