times:
  edit-metadata: 1.7861809087917209
  landing: 0.022120927460491657
  view-data: 0.027150338515639305
