times:
  edit-metadata: 2.117272524163127
  landing: 0.025440418161451817
  view-data: 0.10126138664782047
