times:
  edit-metadata: 0.5553277712315321
  landing: 0.47428051196038723
  view-data: 0.19527753815054893
