times:
  landing: 0.6334306790000142
  view-data: 0.5700181799999768
