times:
  landing: 0.5518077099999914
  view-data: 0.5534105319999867
