times:
  edit-metadata: 0.6352812040131539
  landing: 0.04799444600939751
  view-data: 0.19016168313100934
