times:
  edit-metadata: 1.6508686793968081
  landing: 0.18940221425145864
  view-data: 0.4360899180173874
