times:
  edit-metadata: 2.3535258527845144
  landing: 0.20467169117182493
  view-data: 0.733596621081233
