times:
  edit-metadata: 0.5341605311259627
  landing: 0.059410646092146635
  view-data: 0.20461604092270136
