times:
  edit-metadata: 0.543221291154623
  landing: 0.7785418163985014
  view-data: 0.1954874899238348
