times:
  edit-metadata: 0.5196947678923607
  landing: 1.106474930420518
  view-data: 0.3058515917509794
