times:
  edit-metadata: 0.6121168270037742
  landing: 0.04832331200304907
  view-data: 0.19878783999592997
