times:
  edit-metadata: 0.6041788277216256
  landing: 0.04624524526298046
  view-data: 0.19282821333035827
