times:
  edit-metadata: 1.3834454559255391
  landing: 0.8627085710177198
  view-data: 3.419389136019163
