times:
  landing: 0.5440756239999587
  view-data: 0.5469026409999742
