times:
  edit-metadata: 0.5247690416872501
  landing: 0.049231335520744324
  view-data: 0.19373412430286407
