times:
  edit-metadata: 1.6996288448572159
  landing: 0.019778248853981495
  view-data: 0.11754229292273521
