times:
  landing: 1.0822495019999678
  view-data: 0.5564173179999443
