times:
  edit-metadata: 0.4818107858300209
  landing: 1.863142404705286
  view-data: 0.45125336945056915
