times:
  edit-metadata: 0.5444606877863407
  landing: 0.8800212014466524
  view-data: 0.5548366792500019
