times:
  edit-metadata: 0.6934435479342937
  landing: 0.04938763938844204
  view-data: 0.22105939593166113
