times:
  edit-metadata: 1.4517036825418472
  landing: 4.505310618318617
  view-data: 3.529912724159658
