times:
  edit-metadata: 0.6194694410078228
  landing: 0.04794164188206196
  view-data: 0.19288418907672167
