times:
  edit-metadata: 1.5088418899104
  landing: 0.9531309980666265
  view-data: 3.340534576913342
