times:
  landing: 1.083475906999979
  view-data: 0.5559060059999865
