times:
  edit-metadata: 1.4190693125128746
  landing: 1.0907761380076408
  view-data: 3.3575324192643166
