times:
  edit-metadata: 0.5586606599390507
  landing: 0.046726956963539124
  view-data: 0.19390669837594032
