times:
  edit-metadata: 1.3801957573741674
  landing: 0.9580470630899072
  view-data: 3.359642753377557
