times:
  edit-metadata: 0.5844023069366813
  landing: 0.052440663101151586
  view-data: 0.19266936997883022
