times:
  edit-metadata: 1.6307832393795252
  landing: 0.020630354061722755
  view-data: 0.10084217134863138
