times:
  edit-metadata: 2.0202218675985932
  landing: 0.12651989981532097
  view-data: 0.02857278101146221
