times:
  edit-metadata: 1.6270977286621928
  landing: 0.02189040184020996
  view-data: 0.41785373631864786
