times:
  edit-metadata: 0.61140251532197
  landing: 0.0746564231812954
  view-data: 0.20245593413710594
