times:
  edit-metadata: 0.5949486643075943
  landing: 0.7111601401120424
  view-data: 0.3361381646245718
