times:
  edit-metadata: 0.5477939322590828
  landing: 0.04598948732018471
  view-data: 0.19477174803614616
