times:
  edit-metadata: 0.5273790247738361
  landing: 0.5889931097626686
  view-data: 0.586322883144021
