times:
  edit-metadata: 0.6168993888422847
  landing: 0.04513520002365112
  view-data: 0.18658892437815666
