times:
  edit-metadata: 1.780627578496933
  landing: 0.021787751466035843
  view-data: 0.10121306963264942
