times:
  edit-metadata: 1.6490046754479408
  landing: 0.019818169064819813
  view-data: 0.02752493228763342
