times:
  edit-metadata: 0.5741890333592892
  landing: 0.042029786854982376
  view-data: 0.1907564178109169
