times:
  landing: 1.0613235629998599
  view-data: 0.54935377899983
