times:
  edit-metadata: 0.6848812247626483
  landing: 0.05534537695348263
  view-data: 0.21490581519901752
