times:
  edit-metadata: 0.5239259861409664
  landing: 0.6844145338982344
  view-data: 0.30619891732931137
