times:
  edit-metadata: 1.6247797794640064
  landing: 1.1841126754879951
  view-data: 3.3564209081232548
