times:
  edit-metadata: 1.7194147109985352
  landing: 0.1987837366759777
  view-data: 0.14046963304281235
