times:
  edit-metadata: 2.3925154376775026
  landing: 1.5032555349171162
  view-data: 3.6311063952744007
