times:
  edit-metadata: 1.6938843308016658
  landing: 0.11896922159940004
  view-data: 0.025097579695284367
