times:
  edit-metadata: 1.930336069315672
  landing: 0.025443505495786667
  view-data: 0.19232266396284103
