times:
  edit-metadata: 1.4729976318776608
  landing: 0.7038004603236914
  view-data: 3.423991436138749
