times:
  edit-metadata: 1.435481518972665
  landing: 0.724061157554388
  view-data: 3.345023872796446
