times:
  edit-metadata: 1.5977709502913058
  landing: 0.86845937743783
  view-data: 3.297420176677406
