times:
  edit-metadata: 1.6346962889656425
  landing: 0.022756371647119522
  view-data: 0.4178071254864335
