times:
  edit-metadata: 0.6780314508359879
  landing: 0.07467966200783849
  view-data: 0.2724067810922861
