times:
  edit-metadata: 0.6221849540015683
  landing: 0.05038604896981269
  view-data: 0.18679368903394789
