times:
  landing: 0.5693433819999996
  view-data: 0.5596181749999687
