times:
  edit-metadata: 1.6536847166717052
  landing: 1.1179876364767551
  view-data: 3.362058002501726
