times:
  edit-metadata: 0.6818045442923903
  landing: 0.07331262156367302
  view-data: 0.24559088610112667
