times:
  edit-metadata: 0.5989752695895731
  landing: 0.07609125040471554
  view-data: 0.2219938631169498
