times:
  edit-metadata: 1.4370094947516918
  landing: 1.1408952623605728
  view-data: 3.363228254020214
