times:
  edit-metadata: 0.6034152135252953
  landing: 0.689268209040165
  view-data: 0.20052812434732914
