times:
  edit-metadata: 1.4369761836715043
  landing: 0.9068787638098001
  view-data: 3.409139682073146
