times:
  edit-metadata: 1.4381256140768528
  landing: 1.007107250392437
  view-data: 3.38005231320858
