times:
  edit-metadata: 0.6700055210094433
  landing: 0.07543706300202757
  view-data: 0.3685417030064855
