times:
  edit-metadata: 1.5404978021979332
  landing: 0.8552170917391777
  view-data: 3.390823855996132
