times:
  edit-metadata: 1.507305383682251
  landing: 0.9693983346223831
  view-data: 3.3191380202770233
