times:
  edit-metadata: 0.6316876179771498
  landing: 0.054157691076397896
  view-data: 0.18503794993739575
