times:
  edit-metadata: 1.7037811018526554
  landing: 0.022991633042693138
  view-data: 0.1012724507600069
