times:
  edit-metadata: 1.4069163296371698
  landing: 1.008729113265872
  view-data: 3.3437793673947453
