times:
  edit-metadata: 1.7664610873907804
  landing: 0.1331126382574439
  view-data: 0.22357888147234917
