times:
  edit-metadata: 2.003224260173738
  landing: 0.020748190581798553
  view-data: 0.02813556231558323
