times:
  landing: 0.5543851249999534
  view-data: 0.5614016709999987
