times:
  landing: 1.0816196069999933
  view-data: 0.54818960099999
