times:
  edit-metadata: 1.63740698620677
  landing: 0.02538068313151598
  view-data: 0.4185555996373296
