times:
  edit-metadata: 0.531500737182796
  landing: 0.05131540913134813
  view-data: 0.19736572029069066
