times:
  landing: 1.066226873000005
  view-data: 0.5544207979999669
