times:
  edit-metadata: 1.7881648633629084
  landing: 0.13175924494862556
  view-data: 0.028953781351447105
