times:
  edit-metadata: 0.7093777968548238
  landing: 0.054748395923525095
  view-data: 0.21898860903456807
