times:
  edit-metadata: 0.5765487700118683
  landing: 0.05283937096828595
  view-data: 0.19391272001666948
