times:
  edit-metadata: 1.663880872540176
  landing: 0.021155999042093754
  view-data: 0.219796153716743
