times:
  landing: 0.5469121650000375
  view-data: 0.5551552200000174
