times:
  edit-metadata: 0.5917214117944241
  landing: 0.9714328404515982
  view-data: 0.30583482794463634
