times:
  edit-metadata: 1.8554939776659012
  landing: 0.20943345688283443
  view-data: 0.4056306555867195
