times:
  edit-metadata: 1.662932119332254
  landing: 0.022575044073164463
  view-data: 0.023129149340093136
