times:
  landing: 0.5555482890000008
  view-data: 0.5589883960000179
