times:
  edit-metadata: 0.7606062350096181
  landing: 0.0768142290180549
  view-data: 0.2425603389274329
