times:
  edit-metadata: 0.7437491799937561
  landing: 0.08070636598858982
  view-data: 0.24755856802221388
