times:
  edit-metadata: 1.32992918882519
  landing: 0.932447349652648
  view-data: 3.282698248513043
