times:
  edit-metadata: 0.5775216035544872
  landing: 0.059293992817401886
  view-data: 0.20660260692238808
