times:
  edit-metadata: 1.628505639731884
  landing: 0.12489193398505449
  view-data: 0.02359633706510067
