times:
  edit-metadata: 1.2840441465377808
  landing: 0.9124571112915874
  view-data: 3.2990391673520207
