times:
  edit-metadata: 0.6756528919795528
  landing: 0.08273045299574733
  view-data: 0.2328798739472404
