times:
  landing: 0.5619368129999884
  view-data: 0.5642336070000056
