times:
  landing: 0.5557948440000473
  view-data: 0.5635309980000329
