times:
  landing: 1.0756259010000235
  view-data: 0.552419322999981
