times:
  edit-metadata: 1.4083312386646867
  landing: 0.850578865967691
  view-data: 3.358150353655219
