times:
  edit-metadata: 1.4933785740286112
  landing: 0.8068200573325157
  view-data: 3.3888375759124756
