times:
  edit-metadata: 1.4998265281319618
  landing: 0.9199246466159821
  view-data: 3.3589481711387634
