times:
  edit-metadata: 1.590546302497387
  landing: 0.9529310800135136
  view-data: 3.33253987506032
