times:
  edit-metadata: 0.5514697791077197
  landing: 0.058798950631171465
  view-data: 0.20234607113525271
