times:
  edit-metadata: 1.7030872590839863
  landing: 0.02386586368083954
  view-data: 0.12241686694324017
