times:
  edit-metadata: 0.7420513070001107
  landing: 0.07346530700033327
  view-data: 0.2323248140000942
