times:
  edit-metadata: 0.7716422257944942
  landing: 0.05260691046714783
  view-data: 0.21425939165055752
