times:
  edit-metadata: 1.584113685414195
  landing: 0.7611580993980169
  view-data: 3.4273797273635864
