times:
  edit-metadata: 0.7609184049942996
  landing: 0.08030955400317907
  view-data: 0.21958483298658393
