times:
  edit-metadata: 2.55261919926852
  landing: 1.6387830059975386
  view-data: 3.3521736157126725
