times:
  edit-metadata: 0.5954833989962935
  landing: 0.05735295685008168
  view-data: 0.18418017076328397
