times:
  edit-metadata: 0.693922434002161
  landing: 0.08332313038408756
  view-data: 0.26668931962922215
