times:
  edit-metadata: 1.6510032480582595
  landing: 0.13768202532082796
  view-data: 0.026659268885850906
