times:
  edit-metadata: 0.43472692696377635
  landing: 0.05267072934657335
  view-data: 0.329625709913671
