times:
  landing: 0.5528811170000836
  view-data: 0.558311687000014
