times:
  landing: 0.551110532999985
  view-data: 0.5648738030000118
