times:
  edit-metadata: 0.6491220770403743
  landing: 0.04806461604312062
  view-data: 0.21426985692232847
