times:
  edit-metadata: 2.830601992085576
  landing: 0.1940825767815113
  view-data: 0.5119481608271599
