times:
  edit-metadata: 1.5204029232263565
  landing: 0.8537321966141462
  view-data: 3.293536812067032
