times:
  edit-metadata: 0.571823043981567
  landing: 0.05525866197422147
  view-data: 0.1875430609798059
