times:
  landing: 0.5555313279999723
  view-data: 0.5570110169999793
