times:
  edit-metadata: 1.660214377567172
  landing: 0.020295267924666405
  view-data: 0.3368162754923105
