times:
  edit-metadata: 0.5806026029167697
  landing: 0.04752798692788929
  view-data: 0.1882277800468728
