times:
  edit-metadata: 1.0265181820141152
  landing: 0.04316546302288771
  view-data: 0.22179039497859776
