times:
  edit-metadata: 1.575632020831108
  landing: 0.9276276119053364
  view-data: 3.306231565773487
