times:
  landing: 0.5475645129999975
  view-data: 0.5556279159999917
