times:
  edit-metadata: 1.6747813280671835
  landing: 0.01907836552709341
  view-data: 0.02457998599857092
