times:
  edit-metadata: 1.5914717558771372
  landing: 0.02121509052813053
  view-data: 0.3777963686734438
