times:
  edit-metadata: 1.5580238848924637
  landing: 1.0227401033043861
  view-data: 3.3443338833749294
