times:
  edit-metadata: 0.5611016750335693
  landing: 0.058139607310295105
  view-data: 0.1927887387573719
