times:
  edit-metadata: 0.5494964104145765
  landing: 0.5846600756049156
  view-data: 0.22999907098710537
