times:
  edit-metadata: 1.676884539425373
  landing: 0.019818617962300777
  view-data: 0.025754601694643497
