times:
  edit-metadata: 1.5544778686016798
  landing: 1.1186224035918713
  view-data: 3.395383896306157
