times:
  edit-metadata: 0.6187601969577372
  landing: 0.05058161821216345
  view-data: 0.18573198188096285
