times:
  edit-metadata: 1.6298571228981018
  landing: 0.02037068735808134
  view-data: 0.11885217297822237
