times:
  edit-metadata: 0.5522106997668743
  landing: 0.05618708208203316
  view-data: 0.192104734480381
