times:
  edit-metadata: 0.5244619529694319
  landing: 0.5956048872321844
  view-data: 0.22610890306532383
