times:
  edit-metadata: 0.6023630729177967
  landing: 0.04682468296959996
  view-data: 0.18796720693353564
