times:
  edit-metadata: 1.6079816287383437
  landing: 0.18312586564570665
  view-data: 0.13514889683574438
