times:
  edit-metadata: 0.5832382800290361
  landing: 0.04834707302507013
  view-data: 0.18535240192431957
