times:
  edit-metadata: 0.6015070360153913
  landing: 0.04315279901493341
  view-data: 0.1933990620309487
