times:
  edit-metadata: 1.630772321484983
  landing: 0.14492640271782875
  view-data: 0.02627352625131607
