times:
  edit-metadata: 1.4808802329935133
  landing: 1.0151669139740989
  view-data: 3.333481884910725
