times:
  edit-metadata: 0.5113590471446514
  landing: 0.054212458431720734
  view-data: 0.19276616722345352
