times:
  edit-metadata: 0.5622973470017314
  landing: 0.05274129984900355
  view-data: 0.20267133321613073
