times:
  edit-metadata: 0.5680793159990571
  landing: 0.05667709396220744
  view-data: 0.1877702150377445
