times:
  landing: 0.5544498890000114
  view-data: 0.5756531109999514
