times:
  edit-metadata: 0.5996101290074876
  landing: 0.058951397993951105
  view-data: 0.18570522400841583
