times:
  edit-metadata: 0.7582781887613237
  landing: 0.08256815606728196
  view-data: 0.3621699707582593
