times:
  landing: 1.58904287200005
  view-data: 0.5568059590000303
