times:
  edit-metadata: 1.87407061830163
  landing: 0.2320706471800804
  view-data: 0.5405514910817146
