times:
  landing: 0.5596358509999959
  view-data: 0.5554205889999935
