times:
  edit-metadata: 0.7101398492231965
  landing: 0.04993687104433775
  view-data: 0.21337832883000374
