times:
  edit-metadata: 1.709437407553196
  landing: 0.25551653280854225
  view-data: 0.34504305198788643
