times:
  edit-metadata: 1.4098248220980167
  landing: 1.0534696392714977
  view-data: 3.29208105430007
