times:
  landing: 2.127302878000023
  view-data: 1.0760322849999966
