times:
  edit-metadata: 1.8321067281067371
  landing: 1.1486417315900326
  view-data: 3.6021003797650337
