times:
  landing: 1.0721787269999936
  view-data: 0.5555877699999883
