times:
  edit-metadata: 0.707236529327929
  landing: 0.04614644963294268
  view-data: 0.21467159315943718
