times:
  edit-metadata: 0.6120928500313312
  landing: 0.051332691917195916
  view-data: 0.18271970003843307
