times:
  edit-metadata: 1.7367571899667382
  landing: 0.02067407703725621
  view-data: 0.6539729150244966
