times:
  edit-metadata: 1.3270224705338478
  landing: 0.6984338499605656
  view-data: 3.3754288256168365
