times:
  landing: 0.5416011880000724
  view-data: 0.544526229999974
