times:
  edit-metadata: 1.4652131795883179
  landing: 0.9341434091329575
  view-data: 3.478238381445408
