times:
  edit-metadata: 1.7349396171048284
  landing: 0.12725188955664635
  view-data: 0.025727881118655205
