times:
  edit-metadata: 0.5224913167767227
  landing: 0.05361532233655453
  view-data: 0.19557095086202025
