times:
  edit-metadata: 1.5318812299519777
  landing: 0.7932328898459673
  view-data: 3.390842080116272
