times:
  landing: 0.5533336809999696
  view-data: 0.5530537640000261
