times:
  edit-metadata: 1.5028558559715748
  landing: 0.9460452869534492
  view-data: 3.3359201923012733
