times:
  edit-metadata: 1.8784207310527563
  landing: 0.020062541589140892
  view-data: 0.0227951742708683
