times:
  edit-metadata: 0.46874372847378254
  landing: 0.8330101203173399
  view-data: 0.30995929054915905
