times:
  edit-metadata: 1.976812720298767
  landing: 0.1963833849877119
  view-data: 0.32877269200980663
