times:
  edit-metadata: 0.6181784230284393
  landing: 0.055057421792298555
  view-data: 0.19092440605163574
