times:
  edit-metadata: 1.4503081049770117
  landing: 1.030027687549591
  view-data: 3.41350725479424
