times:
  landing: 1.0760902460000352
  view-data: 0.5678289599999857
