times:
  edit-metadata: 1.585338395088911
  landing: 1.0309746898710728
  view-data: 3.3393802866339684
