times:
  edit-metadata: 0.6152256890200078
  landing: 0.04583775298669934
  view-data: 0.1883314000442624
