times:
  landing: 0.5697717289999673
  view-data: 0.5618682770000305
