times:
  edit-metadata: 0.6182172690168954
  landing: 0.04792954900767654
  view-data: 0.18560391501523554
