times:
  edit-metadata: 0.7067386824637651
  landing: 0.04751139134168625
  view-data: 0.2217441974207759
