times:
  landing: 0.5632397389999824
  view-data: 0.5613521729999889
