times:
  edit-metadata: 1.4527049157768488
  landing: 0.85004061460495
  view-data: 3.31203780695796
