times:
  edit-metadata: 0.592488382011652
  landing: 0.05082040699198842
  view-data: 0.19329553237184882
