times:
  edit-metadata: 0.6346671209903434
  landing: 0.05441640701610595
  view-data: 0.18753585894592106
