times:
  edit-metadata: 2.131929688155651
  landing: 1.0285982377827168
  view-data: 3.27134857326746
