times:
  edit-metadata: 1.7452539708465338
  landing: 0.21764791943132877
  view-data: 0.350995484739542
