times:
  edit-metadata: 0.5477035194635391
  landing: 0.057956114411354065
  view-data: 0.19211388751864433
