times:
  edit-metadata: 1.6611211895942688
  landing: 0.7389425039291382
  view-data: 3.4105459209531546
