times:
  edit-metadata: 1.390981625765562
  landing: 0.8533326964825392
  view-data: 3.4052590038627386
