times:
  edit-metadata: 0.5761678162962198
  landing: 0.8597418684512377
  view-data: 0.30796651914715767
