times:
  edit-metadata: 0.4015430980361998
  landing: 0.05226354394108057
  view-data: 0.18728640815243125
