times:
  edit-metadata: 0.7467153039760888
  landing: 0.08680085698142648
  view-data: 0.22732351114973426
