times:
  edit-metadata: 0.5307094398885965
  landing: 0.9497487191110849
  view-data: 0.24560287781059742
