times:
  edit-metadata: 1.6604068716987967
  landing: 0.022326739504933357
  view-data: 0.12289790250360966
