times:
  edit-metadata: 1.3645070903003216
  landing: 0.8634352721273899
  view-data: 3.32836040109396
