times:
  edit-metadata: 1.7236943989992142
  landing: 0.02212190069258213
  view-data: 0.1575766745954752
