times:
  edit-metadata: 1.419038325548172
  landing: 1.120480366051197
  view-data: 3.3338927775621414
