times:
  landing: 0.5466207730000292
  view-data: 0.5511813360000133
