times:
  edit-metadata: 1.6533848736435175
  landing: 0.01872880384325981
  view-data: 0.023518729954957962
