times:
  edit-metadata: 1.6644665319472551
  landing: 0.02328147366642952
  view-data: 0.11645735055208206
