times:
  landing: 0.5452792300000056
  view-data: 0.5500392600000055
