times:
  edit-metadata: 1.5123173743486404
  landing: 0.9925417164340615
  view-data: 3.319128724746406
