times:
  edit-metadata: 0.6870634690858424
  landing: 0.055018248967826366
  view-data: 0.21241970686241984
