times:
  landing: 2.2061639400199056
  view-data: 0.03377676010131836
