times:
  edit-metadata: 1.7218254408799112
  landing: 0.9806989398784935
  view-data: 3.418843125924468
