times:
  edit-metadata: 1.424122266471386
  landing: 0.9557548724114895
  view-data: 3.3586810752749443
