times:
  edit-metadata: 0.5187622793018818
  landing: 1.2178160082548857
  view-data: 0.32271998189389706
