times:
  edit-metadata: 0.47773459181189537
  landing: 0.5894241034984589
  view-data: 0.17821521311998367
