times:
  edit-metadata: 1.781550234183669
  landing: 0.020540162920951843
  view-data: 0.02593829296529293
