times:
  edit-metadata: 1.9731778064742684
  landing: 0.2513703992590308
  view-data: 0.47369072400033474
