times:
  edit-metadata: 0.7025910889497027
  landing: 0.07796309096738696
  view-data: 0.25032369000837207
