times:
  edit-metadata: 0.7593926039990038
  landing: 0.10698064600001089
  view-data: 0.4505616340029519
