times:
  edit-metadata: 1.732237298041582
  landing: 1.4400378949940205
  view-data: 3.465844791382551
