times:
  edit-metadata: 1.684915048070252
  landing: 0.022908472456037998
  view-data: 0.026119038462638855
