times:
  landing: 1.0662432029998854
  view-data: 0.5500936450002882
