times:
  edit-metadata: 0.6634904937818646
  landing: 0.05100450199097395
  view-data: 0.2153947618789971
