times:
  edit-metadata: 1.8430400919169188
  landing: 0.030971571803092957
  view-data: 0.41979162953794
