times:
  landing: 1.0742533439999988
  view-data: 0.565068551999957
