times:
  edit-metadata: 0.5134310908615589
  landing: 0.5733629204332829
  view-data: 0.6006853301078081
