times:
  edit-metadata: 1.8791246749460697
  landing: 0.021291084587574005
  view-data: 0.39834874868392944
