times:
  edit-metadata: 0.6797935270005837
  landing: 0.048826206009835005
  view-data: 0.3917759159812704
