times:
  edit-metadata: 0.5479163459995107
  landing: 0.05337771099948441
  view-data: 0.19204473700028757
