times:
  landing: 1.1161972829999627
  view-data: 0.5535445510000159
