times:
  landing: 0.5505733059999898
  view-data: 0.5543368470000019
