times:
  edit-metadata: 0.5658973860554397
  landing: 0.05413464596495032
  view-data: 0.19335291115567088
