times:
  edit-metadata: 0.582617498934269
  landing: 0.04946824535727501
  view-data: 0.1870785430073738
