times:
  edit-metadata: 0.41316870087757707
  landing: 0.04844668786972761
  view-data: 0.1828073002398014
