times:
  edit-metadata: 1.3533445745706558
  landing: 0.892739724367857
  view-data: 3.372345969080925
