times:
  edit-metadata: 1.6413985528051853
  landing: 0.224119134247303
  view-data: 0.5296472730115056
