times:
  edit-metadata: 0.5426669754087925
  landing: 0.9413249362260103
  view-data: 0.3533747214823961
