times:
  landing: 1.1122229699976742
  view-data: 0.5542008688207716
