times:
  edit-metadata: 1.393587488681078
  landing: 0.7990665789693594
  view-data: 3.306093532592058
