times:
  edit-metadata: 2.401063982397318
  landing: 1.4950487092137337
  view-data: 3.5792062282562256
