times:
  landing: 1.0814907749999634
  view-data: 0.5664730390000159
