times:
  edit-metadata: 0.568294545635581
  landing: 0.0492521901614964
  view-data: 0.18822274822741747
