times:
  edit-metadata: 1.4386937767267227
  landing: 0.8900457471609116
  view-data: 3.277302622795105
