times:
  edit-metadata: 2.613389645703137
  landing: 1.5569495959207416
  view-data: 4.092251116409898
