times:
  edit-metadata: 0.6975628724321723
  landing: 0.05537653807550669
  view-data: 0.2206197353079915
