times:
  edit-metadata: 1.3237571753561497
  landing: 0.6886232737451792
  view-data: 3.258905041962862
