times:
  edit-metadata: 0.5682483689743094
  landing: 0.04829256300581619
  view-data: 0.1897201879764907
