times:
  edit-metadata: 1.5163889229297638
  landing: 0.8011236116290092
  view-data: 3.4093076661229134
