times:
  edit-metadata: 3.1708699762821198
  landing: 3.0877132900059223
  view-data: 3.8546607084572315
