times:
  edit-metadata: 1.527680697850883
  landing: 0.729451643768698
  view-data: 3.4575656028464437
