times:
  edit-metadata: 2.01623722538352
  landing: 0.26854696683585644
  view-data: 0.510332964360714
