times:
  edit-metadata: 1.5219086594879627
  landing: 0.8097007907927036
  view-data: 3.377249639481306
