times:
  edit-metadata: 0.5168895106762648
  landing: 0.6613794527947903
  view-data: 0.22830840572714806
