times:
  edit-metadata: 0.5940998939331621
  landing: 0.05932088696863502
  view-data: 0.18939479009713978
