times:
  edit-metadata: 2.314642235636711
  landing: 1.471257435157895
  view-data: 3.7530348785221577
