times:
  edit-metadata: 1.6962141674011946
  landing: 0.022079305723309517
  view-data: 0.1252462062984705
