times:
  edit-metadata: 0.5773624489083886
  landing: 0.05296606000047177
  view-data: 0.1911407799925655
