times:
  edit-metadata: 0.7123662661761045
  landing: 0.04923054901883006
  view-data: 0.25448340992443264
