times:
  edit-metadata: 2.2319875583052635
  landing: 0.023174429312348366
  view-data: 0.026408789679408073
