times:
  edit-metadata: 1.379503060132265
  landing: 1.0090891383588314
  view-data: 3.3573019355535507
