times:
  edit-metadata: 1.6376213543117046
  landing: 0.02048206701874733
  view-data: 0.43111980985850096
