times:
  edit-metadata: 0.5390105657279491
  landing: 0.04993066564202309
  view-data: 0.18585696816444397
