times:
  edit-metadata: 0.5607893243432045
  landing: 0.055043235421180725
  view-data: 0.20547196455299854
