times:
  landing: 0.5456422649999979
  view-data: 0.5521158459999924
