times:
  landing: 0.5586047190000158
  view-data: 0.5563824159999626
