times:
  edit-metadata: 1.6892170868813992
  landing: 0.021877186372876167
  view-data: 0.02706781029701233
