times:
  edit-metadata: 2.1867982372641563
  landing: 0.22434798441827297
  view-data: 0.3384557515382767
