times:
  edit-metadata: 2.06837254576385
  landing: 0.1795309130102396
  view-data: 0.423237944021821
