times:
  edit-metadata: 0.6962956674396992
  landing: 0.05829354468733072
  view-data: 0.2222119402140379
