times:
  edit-metadata: 1.6576541243121028
  landing: 0.020729648880660534
  view-data: 0.0993034178391099
