times:
  edit-metadata: 0.5196446990594268
  landing: 0.05510088428854942
  view-data: 0.19535725703462958
