times:
  edit-metadata: 0.5849268860183656
  landing: 0.0920985450502485
  view-data: 0.21197366900742054
