times:
  edit-metadata: 0.5536510739475489
  landing: 0.46151149831712246
  view-data: 0.1978401392698288
