times:
  edit-metadata: 0.6948601668700576
  landing: 0.06924991286359727
  view-data: 0.24754156894050539
