times:
  edit-metadata: 1.3566575567238033
  landing: 0.7437154590152204
  view-data: 3.3518057949841022
