times:
  landing: 1.0897963459999573
  view-data: 0.5475267869999811
