times:
  edit-metadata: 1.616554289124906
  landing: 0.023252567276358604
  view-data: 0.13040076941251755
