times:
  edit-metadata: 0.6777101559564471
  landing: 0.07291318895295262
  view-data: 0.2366995788179338
