times:
  edit-metadata: 0.5805590279633179
  landing: 0.05971186491660774
  view-data: 0.1906019690213725
