times:
  landing: 1.0727408220000143
  view-data: 0.5520123989999774
