times:
  landing: 0.5549220720000676
  view-data: 0.5568682990000298
