times:
  edit-metadata: 0.5127279739826918
  landing: 0.762843044474721
  view-data: 0.4508304800838232
