times:
  edit-metadata: 1.3103164993226528
  landing: 0.7936895675957203
  view-data: 3.3451683446764946
