times:
  edit-metadata: 0.46365053625777364
  landing: 0.05335603700950742
  view-data: 0.19063521083444357
