times:
  landing: 1.073139957999956
  view-data: 0.5470652470000346
