times:
  landing: 0.5545447590000094
  view-data: 0.05114990099997385
