times:
  edit-metadata: 1.6383360847830772
  landing: 0.020694632083177567
  view-data: 0.1273565273731947
