times:
  edit-metadata: 0.5710061150602996
  landing: 0.05718752392567694
  view-data: 0.19237478007562459
