times:
  edit-metadata: 1.6446736808866262
  landing: 0.09537932369858027
  view-data: 0.024531366303563118
