times:
  edit-metadata: 1.7968267854303122
  landing: 0.14389527216553688
  view-data: 0.5493022222071886
