times:
  edit-metadata: 0.6071291901171207
  landing: 0.052945357048884034
  view-data: 0.18441762798465788
