times:
  edit-metadata: 0.5158860208466649
  landing: 0.05953436903655529
  view-data: 0.2485780888237059
