times:
  edit-metadata: 1.4321846599923447
  landing: 0.8881685239030048
  view-data: 3.3341318669263273
