times:
  edit-metadata: 1.6401252560317516
  landing: 0.09785385150462389
  view-data: 0.3934891689568758
