times:
  edit-metadata: 1.671796167269349
  landing: 0.022142011672258377
  view-data: 0.0971525777131319
