times:
  edit-metadata: 1.7354015111923218
  landing: 0.11886961758136749
  view-data: 0.1339712543413043
