times:
  edit-metadata: 2.408334471285343
  landing: 0.36105505749583244
  view-data: 0.5687205009162426
