times:
  landing: 0.5527402530000245
  view-data: 0.5542835400000286
