times:
  edit-metadata: 1.4266048669815063
  landing: 0.9766438975930214
  view-data: 3.4163834787905216
