times:
  edit-metadata: 1.6453147660940886
  landing: 0.02101946622133255
  view-data: 0.025164928287267685
