times:
  edit-metadata: 0.5165023803710938
  landing: 0.05632898584008217
  view-data: 0.1906365267932415
