times:
  edit-metadata: 0.5380263216793537
  landing: 1.0050806440412998
  view-data: 0.3294756803661585
