times:
  landing: 0.5506414399999926
  view-data: 0.09080455100001927
