times:
  edit-metadata: 0.584968833019957
  landing: 0.04941492999205366
  view-data: 0.18230738799320534
