times:
  edit-metadata: 1.8483196534216404
  landing: 0.14306601881980896
  view-data: 0.5482445759698749
