times:
  edit-metadata: 1.44336524233222
  landing: 0.7524422518908978
  view-data: 3.327056087553501
