times:
  edit-metadata: 0.7147476370446384
  landing: 0.05396299320273101
  view-data: 0.230709346011281
