times:
  edit-metadata: 0.6756356080295518
  landing: 0.05714674503542483
  view-data: 0.26027504494413733
