times:
  edit-metadata: 0.661986178252846
  landing: 0.05594314029440284
  view-data: 0.21375934034585953
