times:
  edit-metadata: 1.793687460012734
  landing: 0.12964945193380117
  view-data: 0.5129799377173185
