times:
  edit-metadata: 1.5993422344326973
  landing: 1.148482572287321
  view-data: 3.323606725782156
