times:
  landing: 0.5532452209999974
  view-data: 0.5564623540000184
