times:
  edit-metadata: 1.6791964350268245
  landing: 1.0351305520161986
  view-data: 3.4859653851017356
