times:
  edit-metadata: 0.5287624094635248
  landing: 1.1268731951713562
  view-data: 0.597052214667201
