times:
  landing: 0.5612725089999913
  view-data: 0.5568520009999816
