times:
  edit-metadata: 0.44284383626654744
  landing: 0.05098908208310604
  view-data: 0.18679300462827086
