times:
  edit-metadata: 0.6081730229780078
  landing: 0.05001528700813651
  view-data: 0.18960089900065213
