times:
  edit-metadata: 0.5582689046859741
  landing: 0.8767035212367773
  view-data: 0.2124781459569931
