times:
  edit-metadata: 1.5076002636924386
  landing: 0.95778230112046
  view-data: 3.456313667818904
