times:
  edit-metadata: 1.6769598331302404
  landing: 0.020664775744080544
  view-data: 0.4079192038625479
