times:
  edit-metadata: 0.8306071089973557
  landing: 0.06920354899921222
  view-data: 0.24894909200520488
