times:
  edit-metadata: 0.7107245470397174
  landing: 0.055128954350948334
  view-data: 0.21839515306055546
