times:
  landing: 0.5485752789999196
  view-data: 0.5543518219999441
