times:
  edit-metadata: 0.6177887109806761
  landing: 0.05280842806678265
  view-data: 0.192218495067209
