times:
  edit-metadata: 1.7763650184497237
  landing: 0.023673895746469498
  view-data: 0.10513572301715612
