times:
  edit-metadata: 0.5213801562786102
  landing: 0.052073605358600616
  view-data: 0.19079533219337463
