times:
  edit-metadata: 0.5115743428468704
  landing: 0.05474395304918289
  view-data: 0.1904708296060562
