times:
  edit-metadata: 1.6669085267931223
  landing: 0.02111466322094202
  view-data: 0.02343219332396984
