times:
  edit-metadata: 0.49776449240744114
  landing: 2.217000735923648
  view-data: 0.5865148119628429
