times:
  edit-metadata: 0.5699551219586283
  landing: 0.04720068187452853
  view-data: 0.19097392703406513
