times:
  landing: 0.5509262020000278
  view-data: 0.5646308720000093
