times:
  edit-metadata: 0.5201753121800721
  landing: 0.0718726092018187
  view-data: 0.23912232322618365
