times:
  edit-metadata: 1.6475987005978823
  landing: 0.019504454918205738
  view-data: 0.02744861599057913
