times:
  landing: 0.5536348780000253
  view-data: 0.5646618449999892
