times:
  edit-metadata: 1.590664891526103
  landing: 0.8996125869452953
  view-data: 3.6453385278582573
