times:
  edit-metadata: 1.6435548886656761
  landing: 1.041950847953558
  view-data: 3.384757596999407
