times:
  edit-metadata: 0.4839159846305847
  landing: 0.4231310002505779
  view-data: 0.30177712067961693
