times:
  edit-metadata: 0.6999423382803798
  landing: 0.0548141747713089
  view-data: 0.360675310716033
