times:
  edit-metadata: 2.265636181458831
  landing: 1.4864131566137075
  view-data: 3.5627793446183205
