times:
  landing: 0.5463288040000123
  view-data: 0.5485225090000085
