times:
  edit-metadata: 0.550945807248354
  landing: 1.7468992713838816
  view-data: 0.5276968963444233
