times:
  edit-metadata: 1.382895354181528
  landing: 0.9097512699663639
  view-data: 3.314791437238455
