times:
  edit-metadata: 0.6896556802093983
  landing: 0.05167478509247303
  view-data: 0.21665784809738398
