times:
  edit-metadata: 3.006050837226212
  landing: 1.7026943117380142
  view-data: 3.417220829986036
