times:
  landing: 0.5507925470000146
  view-data: 0.5548086490000514
