times:
  landing: 0.5533502029999795
  view-data: 0.5718047120000165
