times:
  edit-metadata: 1.291496975813061
  landing: 0.9371588747017086
  view-data: 3.426370850764215
