times:
  edit-metadata: 2.005895098671317
  landing: 0.02319718338549137
  view-data: 0.14795973151922226
