times:
  edit-metadata: 1.6892060367390513
  landing: 0.021872264333069324
  view-data: 0.023714659735560417
