times:
  edit-metadata: 1.6355853825807571
  landing: 0.020414150319993496
  view-data: 0.025969906710088253
