times:
  edit-metadata: 0.6832745608408004
  landing: 0.04318273183889687
  view-data: 0.2257481049746275
