times:
  landing: 0.5715328549999867
  view-data: 0.5560117080000282
