times:
  edit-metadata: 0.49059752002358437
  landing: 0.7844190243631601
  view-data: 0.19739879854023457
