times:
  edit-metadata: 0.6139338873326778
  landing: 0.09191824495792389
  view-data: 0.1836024485528469
