times:
  edit-metadata: 0.4849638231098652
  landing: 0.7587834354490042
  view-data: 0.19715104810893536
