times:
  edit-metadata: 1.8067175606265664
  landing: 0.1595203885808587
  view-data: 0.12343588285148144
