times:
  edit-metadata: 1.432948064059019
  landing: 1.083045694977045
  view-data: 3.3644303679466248
