times:
  edit-metadata: 0.7428338450263254
  landing: 0.05082793504698202
  view-data: 0.23772798798745498
