times:
  edit-metadata: 1.573887787759304
  landing: 0.8668569475412369
  view-data: 3.3864281699061394
