times:
  edit-metadata: 1.9449245054274797
  landing: 1.0318759586662054
  view-data: 3.3886785563081503
