times:
  edit-metadata: 0.7546621016226709
  landing: 0.05620995303615928
  view-data: 0.2164786458015442
