times:
  edit-metadata: 0.5452519115060568
  landing: 0.5616075322031975
  view-data: 0.19516637176275253
