times:
  edit-metadata: 1.521902870386839
  landing: 0.8808177672326565
  view-data: 3.31999016366899
