times:
  edit-metadata: 1.6209077443927526
  landing: 0.019061238504946232
  view-data: 0.43773383274674416
