times:
  edit-metadata: 1.5776918465271592
  landing: 0.9020051890984178
  view-data: 3.3235229728743434
