times:
  edit-metadata: 0.5975311959919054
  landing: 0.04224310599965975
  view-data: 0.18897840101271868
