times:
  landing: 1.0813665590000028
  view-data: 0.5648872760000359
