times:
  landing: 1.0693988579999996
  view-data: 0.5707961929999783
