times:
  edit-metadata: 0.6732152869808488
  landing: 0.064610667002853
  view-data: 0.2656912989914417
