times:
  landing: 0.5463320700000054
  view-data: 0.5524353100000212
