times:
  edit-metadata: 1.6494449498131871
  landing: 0.022235406562685966
  view-data: 0.12063945643603802
