times:
  edit-metadata: 0.6263609768357128
  landing: 0.05392944114282727
  view-data: 0.20179174095392227
