times:
  edit-metadata: 0.6151013299822807
  landing: 0.04992397502064705
  view-data: 0.1877117168623954
