times:
  edit-metadata: 1.8002484403550625
  landing: 1.1972967721521854
  view-data: 3.348183125257492
