times:
  edit-metadata: 1.653310819528997
  landing: 1.2195430845022202
  view-data: 3.4824182018637657
