times:
  edit-metadata: 0.5268197748810053
  landing: 1.0691556073725224
  view-data: 0.41152357310056686
