times:
  edit-metadata: 0.5527034858241677
  landing: 0.049165572971105576
  view-data: 0.24553491733968258
