times:
  edit-metadata: 0.6928960380028002
  landing: 0.0763361009885557
  view-data: 0.3376432330114767
