times:
  edit-metadata: 1.8728524977341294
  landing: 0.02040695585310459
  view-data: 0.12300499342381954
