times:
  edit-metadata: 1.809580473229289
  landing: 1.2080138642340899
  view-data: 3.405298840254545
