times:
  edit-metadata: 1.5973727107048035
  landing: 1.0350845009088516
  view-data: 3.3641179278492928
