times:
  edit-metadata: 0.6766040711663663
  landing: 0.047999451868236065
  view-data: 0.21580697502940893
