times:
  edit-metadata: 0.5501785827800632
  landing: 0.058020984288305044
  view-data: 0.1937781455926597
