times:
  edit-metadata: 1.5208113864064217
  landing: 1.0425457134842873
  view-data: 3.317685127258301
