times:
  edit-metadata: 1.4685317166149616
  landing: 0.9294449463486671
  view-data: 3.3080995194613934
