times:
  landing: 0.5522072489999914
  view-data: 0.6207298770000307
