times:
  edit-metadata: 1.5115824230015278
  landing: 0.834170188754797
  view-data: 3.3744307421147823
