times:
  landing: 0.561574467000014
  view-data: 0.5502565920000961
