times:
  edit-metadata: 0.5349879548884928
  landing: 0.055257637053728104
  view-data: 0.19862504489719868
