times:
  edit-metadata: 0.5633120220154524
  landing: 0.05396375106647611
  view-data: 0.1950586182065308
