times:
  edit-metadata: 0.967414484359324
  landing: 0.07887351978570223
  view-data: 0.29631365230306983
