times:
  edit-metadata: 0.5472502410411835
  landing: 0.5639099441468716
  view-data: 0.20267531275749207
