times:
  edit-metadata: 1.5132478587329388
  landing: 1.0399145744740963
  view-data: 3.4195487201213837
