times:
  edit-metadata: 0.5121407732367516
  landing: 0.046964216977357864
  view-data: 0.18811364844441414
