times:
  edit-metadata: 0.6609999798238277
  landing: 0.08904878795146942
  view-data: 0.25594964902848005
