times:
  edit-metadata: 0.6705052999313921
  landing: 0.05592665704898536
  view-data: 0.22821161313913763
