times:
  edit-metadata: 0.5962974450085312
  landing: 0.047201909008435905
  view-data: 0.186651204014197
