times:
  edit-metadata: 0.5115384366363287
  landing: 0.5995871927589178
  view-data: 0.2050575353205204
