times:
  edit-metadata: 0.5375029440037906
  landing: 0.04943053564056754
  view-data: 0.20187033573165536
