times:
  edit-metadata: 1.9341744361445308
  landing: 0.164855076931417
  view-data: 0.30985002405941486
