times:
  edit-metadata: 1.5250486694276333
  landing: 6.810586418956518
  view-data: 3.2936813943088055
