times:
  edit-metadata: 1.7557107657194138
  landing: 0.019871233962476254
  view-data: 0.024701900780200958
