times:
  edit-metadata: 1.6254817685112357
  landing: 0.13295558094978333
  view-data: 0.12311904970556498
