times:
  edit-metadata: 0.7560272570699453
  landing: 0.07690868573263288
  view-data: 0.21432266011834145
