times:
  edit-metadata: 0.5199163470024359
  landing: 0.0471801769999729
  view-data: 0.1867147910015774
