times:
  landing: 0.5510458229999813
  view-data: 0.5585376589999669
