times:
  edit-metadata: 0.581845086067915
  landing: 0.11558486497960985
  view-data: 0.19751724507659674
