times:
  edit-metadata: 0.5246228687465191
  landing: 0.053964149206876755
  view-data: 0.18900738283991814
