times:
  edit-metadata: 0.5705119108315557
  landing: 0.052145065972581506
  view-data: 0.18890841701067984
