times:
  edit-metadata: 2.0783594995737076
  landing: 0.2721502557396889
  view-data: 0.39044165425002575
