times:
  edit-metadata: 0.605911327060312
  landing: 0.054165900917723775
  view-data: 0.1926560620777309
