times:
  edit-metadata: 0.662445867000315
  landing: 0.06628899199949956
  view-data: 0.23026655100056814
