times:
  edit-metadata: 0.5594237050972879
  landing: 0.053471739403903484
  view-data: 0.18531733099371195
