times:
  edit-metadata: 0.5068313516676426
  landing: 0.5747914686799049
  view-data: 0.303307443857193
