times:
  edit-metadata: 0.6716369690839201
  landing: 0.06566260196268559
  view-data: 0.254089378984645
