times:
  edit-metadata: 1.595419131219387
  landing: 0.8225341327488422
  view-data: 3.448719296604395
