times:
  edit-metadata: 0.542588796466589
  landing: 0.05958827584981918
  view-data: 0.18868862092494965
