times:
  landing: 0.5674703159999979
  view-data: 0.5551949180000122
