times:
  edit-metadata: 1.6443371679633856
  landing: 0.019690655171871185
  view-data: 0.3624167311936617
