times:
  edit-metadata: 2.1718381186947227
  landing: 0.1392985237762332
  view-data: 0.1326117580756545
