times:
  edit-metadata: 2.1025411747395992
  landing: 1.4252760000526905
  view-data: 3.5348277129232883
