times:
  edit-metadata: 0.5436054868623614
  landing: 0.05765736801549792
  view-data: 0.1983723258599639
