times:
  edit-metadata: 1.777557959780097
  landing: 0.20228438638150692
  view-data: 0.02847910486161709
