times:
  edit-metadata: 1.4649184248410165
  landing: 0.917411217931658
  view-data: 3.3916171197779477
