times:
  edit-metadata: 0.5602634623646736
  landing: 0.04768742620944977
  view-data: 0.19053250923752785
