times:
  edit-metadata: 1.4304059445858002
  landing: 0.9349865689873695
  view-data: 3.3621439673006535
