times:
  edit-metadata: 1.4811781230382621
  landing: 0.867319799028337
  view-data: 3.397016730858013
