times:
  landing: 0.5491897169999902
  view-data: 0.551657548000037
