times:
  edit-metadata: 1.75471337325871
  landing: 0.14207036048173904
  view-data: 0.024430222809314728
