times:
  edit-metadata: 0.6797141290735453
  landing: 0.07265852089039981
  view-data: 0.24032811890356243
