times:
  edit-metadata: 0.7033319226466119
  landing: 0.04226242797449231
  view-data: 0.20396575098857284
