times:
  edit-metadata: 1.3095903247594833
  landing: 0.7576500363647938
  view-data: 3.383798483759165
