times:
  edit-metadata: 0.6068305210210383
  landing: 0.05101487599313259
  view-data: 0.2021875570062548
