times:
  landing: 1.0669175980000318
  view-data: 0.5520420770000101
