times:
  landing: 0.5636483700000099
  view-data: 0.5575329970000098
