times:
  edit-metadata: 0.6816571420058608
  landing: 0.08583082631230354
  view-data: 0.38058041082695127
