times:
  edit-metadata: 0.6081462310394272
  landing: 0.052993282093666494
  view-data: 0.19222907803487033
