times:
  landing: 0.5673842040000068
  view-data: 0.5667376719999879
