times:
  landing: 0.5647830400000089
  view-data: 0.594289831000026
