times:
  edit-metadata: 1.3871591035276651
  landing: 0.962320389226079
  view-data: 3.449433332309127
