times:
  edit-metadata: 0.6841997879673727
  landing: 0.07517839904176071
  view-data: 0.23528827296104282
