times:
  edit-metadata: 1.6907094484195113
  landing: 0.12125841341912746
  view-data: 0.025384290143847466
