times:
  edit-metadata: 0.7053739279508591
  landing: 0.04822651017457247
  view-data: 0.21912273112684488
