times:
  landing: 1.0613712150000083
  view-data: 0.5508371590000252
