times:
  edit-metadata: 1.567269690334797
  landing: 0.8339964337646961
  view-data: 3.4577104412019253
