times:
  edit-metadata: 0.7620845381170511
  landing: 0.07172628492116928
  view-data: 0.2377846073359251
