times:
  landing: 0.5523035429999936
  view-data: 0.056225149999988844
