times:
  edit-metadata: 1.7403170671314
  landing: 0.021790651604533195
  view-data: 0.16759221255779266
