times:
  edit-metadata: 0.6834551198408008
  landing: 0.05004861718043685
  view-data: 0.2154533676803112
