times:
  edit-metadata: 0.6821424541994929
  landing: 0.05173895135521889
  view-data: 0.2166118761524558
