times:
  edit-metadata: 1.6936195399612188
  landing: 0.23915266059339046
  view-data: 0.34445895440876484
