times:
  edit-metadata: 1.6052226638421416
  landing: 1.1057659834623337
  view-data: 3.3527221782132983
