times:
  edit-metadata: 1.5064251590520144
  landing: 0.7569488883018494
  view-data: 3.3965973537415266
