times:
  landing: 0.5477365579999969
  view-data: 0.5549510079999891
