times:
  edit-metadata: 0.7379416120093083
  landing: 0.04728365599294193
  view-data: 0.21683379300520755
