times:
  edit-metadata: 1.6296593872830272
  landing: 0.021490123122930527
  view-data: 0.12443470768630505
