times:
  landing: 1.0768909220000182
  view-data: 0.5580970149999871
