times:
  edit-metadata: 1.651501402258873
  landing: 0.02076790388673544
  view-data: 0.02489473018795252
