times:
  edit-metadata: 1.4978610072284937
  landing: 0.8142173439264297
  view-data: 3.422455158084631
