times:
  edit-metadata: 0.5463217999786139
  landing: 0.5487713385373354
  view-data: 0.29986729845404625
