times:
  edit-metadata: 1.3786269146949053
  landing: 0.937731821089983
  view-data: 3.3559857914224267
