times:
  edit-metadata: 2.0880693569779396
  landing: 0.2209422066807747
  view-data: 0.42394202947616577
