times:
  edit-metadata: 1.6821757862344384
  landing: 0.024046986363828182
  view-data: 0.12101971637457609
