times:
  edit-metadata: 1.6809340342879295
  landing: 0.2230064682662487
  view-data: 0.11684576887637377
