times:
  edit-metadata: 0.5954528357833624
  landing: 0.5052984301000834
  view-data: 0.20232013054192066
