times:
  edit-metadata: 1.704043410718441
  landing: 0.12438312917947769
  view-data: 0.12189392931759357
