times:
  edit-metadata: 1.37999433465302
  landing: 0.7850827872753143
  view-data: 4.603108800947666
