times:
  edit-metadata: 0.7172047784551978
  landing: 0.052866184152662754
  view-data: 0.21317016799002886
