times:
  edit-metadata: 0.9629184110090137
  landing: 0.049293127842247486
  view-data: 0.32703325105831027
