times:
  edit-metadata: 0.5147703792899847
  landing: 1.1306392196565866
  view-data: 0.5255059730261564
