times:
  landing: 0.5489567760000114
  view-data: 0.5450109300000179
