times:
  edit-metadata: 1.7350683324038982
  landing: 0.09996102750301361
  view-data: 0.3156373221427202
