times:
  edit-metadata: 1.5374340717680752
  landing: 0.8042792249470949
  view-data: 3.355746775865555
