times:
  edit-metadata: 1.7455758731812239
  landing: 0.1252701971679926
  view-data: 0.025309758260846138
