times:
  landing: 1.0690107660000194
  view-data: 0.5610892219999641
