times:
  edit-metadata: 1.6676161997020245
  landing: 0.1179396016523242
  view-data: 0.02621329203248024
