times:
  edit-metadata: 1.594384990632534
  landing: 0.99258803576231
  view-data: 3.362428165972233
