times:
  edit-metadata: 1.4561816453933716
  landing: 0.874451145529747
  view-data: 3.524707481265068
