times:
  edit-metadata: 1.4129998460412025
  landing: 0.8224582299590111
  view-data: 3.3769288919866085
