times:
  edit-metadata: 1.418478175997734
  landing: 0.8015224784612656
  view-data: 3.2862497940659523
