times:
  edit-metadata: 1.524940300732851
  landing: 0.9502919726073742
  view-data: 3.351134967058897
