times:
  edit-metadata: 1.424392007291317
  landing: 0.8135999850928783
  view-data: 3.328609459102154
