times:
  edit-metadata: 1.850525289773941
  landing: 1.0004364848136902
  view-data: 3.5370860174298286
