times:
  edit-metadata: 1.5074773132801056
  landing: 0.8747548200190067
  view-data: 3.3674229457974434
