times:
  edit-metadata: 2.045920267701149
  landing: 0.9142591506242752
  view-data: 3.333913043141365
