times:
  edit-metadata: 1.3728003948926926
  landing: 0.8468370586633682
  view-data: 3.4890000224113464
