times:
  edit-metadata: 2.1008525788784027
  landing: 1.4087952859699726
  view-data: 3.640826992690563
