times:
  edit-metadata: 1.3865447603166103
  landing: 0.8238909132778645
  view-data: 3.3351708613336086
