times:
  edit-metadata: 1.3733391836285591
  landing: 0.7499311938881874
  view-data: 3.4550542309880257
