times:
  edit-metadata: 2.627208963036537
  landing: 1.4351505562663078
  view-data: 3.7320501655340195
