times:
  edit-metadata: 1.3284229785203934
  landing: 0.9158623702824116
  view-data: 3.3183035142719746
