times:
  edit-metadata: 1.5589926727116108
  landing: 0.9053572937846184
  view-data: 3.3304906003177166
