times:
  edit-metadata: 1.3630373924970627
  landing: 0.8702768981456757
  view-data: 3.4159604012966156
