times:
  edit-metadata: 1.4250059388577938
  landing: 0.845880426466465
  view-data: 3.346293516457081
