times:
  edit-metadata: 2.010997787117958
  landing: 0.8803472109138966
  view-data: 3.395075175911188
