times:
  edit-metadata: 1.4341153278946877
  landing: 0.7520392164587975
  view-data: 3.308029666543007
