times:
  edit-metadata: 1.4148152619600296
  landing: 0.7915918156504631
  view-data: 3.4209022521972656
