times:
  edit-metadata: 1.4295846447348595
  landing: 0.9110643565654755
  view-data: 3.766132615506649
