times:
  edit-metadata: 1.4669110625982285
  landing: 0.7887634336948395
  view-data: 3.3174735233187675
