times:
  edit-metadata: 1.4919676259160042
  landing: 0.7149461805820465
  view-data: 3.542694628238678
