times:
  edit-metadata: 1.4483741000294685
  landing: 0.824639618396759
  view-data: 3.509991265833378
