times:
  edit-metadata: 1.3967375978827477
  landing: 0.8778302073478699
  view-data: 3.3468808606266975
