times:
  edit-metadata: 1.3639499992132187
  landing: 0.7978809177875519
  view-data: 3.3946802839636803
