times:
  edit-metadata: 1.6826376542448997
  landing: 0.8750122115015984
  view-data: 3.384858228266239
