times:
  edit-metadata: 1.420887529850006
  landing: 1.0786542147397995
  view-data: 3.594261609017849
