times:
  edit-metadata: 1.4710337035357952
  landing: 0.8405485339462757
  view-data: 3.2780393958091736
