times:
  edit-metadata: 1.8185493499040604
  landing: 1.3489877730607986
  view-data: 3.6492619663476944
