times:
  edit-metadata: 1.3726691603660583
  landing: 0.7942786887288094
  view-data: 3.5203723087906837
