times:
  edit-metadata: 1.3153310678899288
  landing: 0.8891644142568111
  view-data: 3.368377774953842
