times:
  edit-metadata: 1.3481628894805908
  landing: 0.8253551945090294
  view-data: 3.402161978185177
