times:
  edit-metadata: 1.4098607450723648
  landing: 0.9423059746623039
  view-data: 3.5906325727701187
