times:
  edit-metadata: 1.5560543425381184
  landing: 0.9415874183177948
  view-data: 3.3271433003246784
