times:
  edit-metadata: 1.405840590596199
  landing: 0.826893649995327
  view-data: 3.3424317725002766
