times:
  edit-metadata: 1.5220740586519241
  landing: 1.0825719609856606
  view-data: 3.3186731338500977
