times:
  edit-metadata: 1.3736550733447075
  landing: 0.8411469459533691
  view-data: 3.3378469347953796
