times:
  edit-metadata: 1.4877824410796165
  landing: 0.8287925124168396
  view-data: 3.5230191349983215
