times:
  edit-metadata: 1.4904739260673523
  landing: 0.9941731840372086
  view-data: 3.3806073293089867
