times:
  edit-metadata: 1.392485834658146
  landing: 0.7911350578069687
  view-data: 3.4493341222405434
