times:
  edit-metadata: 1.4374183528125286
  landing: 0.8165593221783638
  view-data: 3.376404296606779
