times:
  edit-metadata: 1.4187841601669788
  landing: 0.9023950807750225
  view-data: 3.287570208311081
