times:
  edit-metadata: 1.4143726378679276
  landing: 0.7548010796308517
  view-data: 3.4814837351441383
