times:
  edit-metadata: 1.333548828959465
  landing: 0.7336035892367363
  view-data: 3.266395580023527
