times:
  edit-metadata: 1.3223841488361359
  landing: 0.7372153326869011
  view-data: 3.446766823530197
