times:
  edit-metadata: 1.3600927144289017
  landing: 0.921419084072113
  view-data: 3.4268241822719574
