times:
  edit-metadata: 1.6248622946441174
  landing: 0.9910344555974007
  view-data: 3.3306717574596405
