times:
  edit-metadata: 1.4570270404219627
  landing: 0.7819178178906441
  view-data: 3.530681297183037
