times:
  edit-metadata: 2.4626184217631817
  landing: 0.8878596909344196
  view-data: 3.4819268099963665
