times:
  edit-metadata: 1.4472200348973274
  landing: 0.7408186346292496
  view-data: 3.4993450194597244
