times:
  edit-metadata: 1.569337584078312
  landing: 0.9576295241713524
  view-data: 3.3585838228464127
