times:
  edit-metadata: 1.4551657363772392
  landing: 0.77832842618227
  view-data: 3.480985149741173
