times:
  edit-metadata: 1.4128775522112846
  landing: 0.80793347209692
  view-data: 3.490264765918255
