times:
  edit-metadata: 1.4556704089045525
  landing: 0.7921648621559143
  view-data: 3.3109493777155876
