times:
  edit-metadata: 1.366315834224224
  landing: 0.7821762189269066
  view-data: 3.5532699152827263
