times:
  edit-metadata: 1.4179536886513233
  landing: 0.8727114573121071
  view-data: 3.345526847988367
