times:
  edit-metadata: 1.4368652254343033
  landing: 0.8277641534805298
  view-data: 3.2988666370511055
