times:
  edit-metadata: 1.4900122173130512
  landing: 1.0001886002719402
  view-data: 3.35173749178648
