times:
  edit-metadata: 1.4297411665320396
  landing: 0.8417655676603317
  view-data: 3.314913436770439
