times:
  edit-metadata: 1.3382468149065971
  landing: 0.7536101639270782
  view-data: 3.451849564909935
