times:
  edit-metadata: 1.4341609328985214
  landing: 0.8443812429904938
  view-data: 3.4472542107105255
