times:
  edit-metadata: 1.539638690650463
  landing: 0.8113177642226219
  view-data: 3.5217586755752563
