times:
  edit-metadata: 1.4578053057193756
  landing: 0.8204960003495216
  view-data: 3.292555868625641
