times:
  edit-metadata: 1.4354806542396545
  landing: 0.9313854947686195
  view-data: 3.2976386472582817
