times:
  edit-metadata: 1.370616964995861
  landing: 0.7813903763890266
  view-data: 3.526571072638035
