times:
  edit-metadata: 1.5688796490430832
  landing: 0.8911568224430084
  view-data: 3.338302381336689
