times:
  edit-metadata: 1.3188018463551998
  landing: 0.695361103862524
  view-data: 3.257449008524418
