times:
  edit-metadata: 1.3999888971447945
  landing: 0.816768690943718
  view-data: 3.279032800346613
