times:
  edit-metadata: 1.3524084612727165
  landing: 0.8925370089709759
  view-data: 3.3307233788073063
