times:
  edit-metadata: 1.431009791791439
  landing: 0.8786836862564087
  view-data: 3.5393589064478874
