times:
  edit-metadata: 1.9969055578112602
  landing: 0.9733557775616646
  view-data: 3.515391230583191
