times:
  edit-metadata: 1.4024114161729813
  landing: 0.8431254960596561
  view-data: 3.3169738464057446
