times:
  edit-metadata: 1.3703741282224655
  landing: 0.8335209749639034
  view-data: 3.359831005334854
