times:
  edit-metadata: 1.3304048851132393
  landing: 0.7836513668298721
  view-data: 3.4404009357094765
