times:
  edit-metadata: 1.3434140868484974
  landing: 0.8134899400174618
  view-data: 3.2536017186939716
