times:
  edit-metadata: 1.3883874490857124
  landing: 0.7741858437657356
  view-data: 3.4197591319680214
