times:
  edit-metadata: 1.4758106023073196
  landing: 0.8937634490430355
  view-data: 3.3209247663617134
