times:
  edit-metadata: 1.7910770550370216
  landing: 1.1787919662892818
  view-data: 3.437290072441101
