times:
  edit-metadata: 1.4698621332645416
  landing: 0.7496994957327843
  view-data: 3.416573688387871
