times:
  edit-metadata: 1.486559011042118
  landing: 0.7740889191627502
  view-data: 3.416680984199047
