times:
  edit-metadata: 1.8926867172122002
  landing: 1.014686495065689
  view-data: 3.551474928855896
