times:
  edit-metadata: 1.6959521621465683
  landing: 0.8220362961292267
  view-data: 3.258617118000984
