times:
  edit-metadata: 1.4730367437005043
  landing: 0.7437959313392639
  view-data: 3.3690273612737656
