times:
  edit-metadata: 1.4976277276873589
  landing: 0.7691563293337822
  view-data: 3.578666217625141
