times:
  edit-metadata: 1.5312724709510803
  landing: 0.7879093363881111
  view-data: 3.3731634616851807
