times:
  edit-metadata: 1.4197316356003284
  landing: 0.902301199734211
  view-data: 3.428481452167034
