times:
  edit-metadata: 1.556694071739912
  landing: 0.848236046731472
  view-data: 3.3220765851438046
