times:
  edit-metadata: 1.3988311551511288
  landing: 0.7553142718970776
  view-data: 3.284539546817541
