times:
  edit-metadata: 1.3379648216068745
  landing: 0.8064112961292267
  view-data: 3.327872034162283
