times:
  edit-metadata: 1.4613895639777184
  landing: 0.8725966811180115
  view-data: 3.4903928339481354
