times:
  edit-metadata: 1.3672504238784313
  landing: 0.7520072758197784
  view-data: 3.2874296754598618
