times:
  edit-metadata: 1.4019368216395378
  landing: 0.8996428698301315
  view-data: 3.4873983785510063
