times:
  edit-metadata: 1.3497513458132744
  landing: 0.7462089136242867
  view-data: 3.3987713530659676
