times:
  edit-metadata: 1.491881649941206
  landing: 0.952651247382164
  view-data: 3.3078972958028316
