times:
  edit-metadata: 1.310043327510357
  landing: 0.8702887408435345
  view-data: 3.34510488063097
