times:
  edit-metadata: 1.4538953974843025
  landing: 0.8785928152501583
  view-data: 3.4144709073007107
