times:
  edit-metadata: 1.3671276196837425
  landing: 0.7870442867279053
  view-data: 3.4101680740714073
