times:
  edit-metadata: 1.3801087327301502
  landing: 0.8008658662438393
  view-data: 3.305339578539133
