times:
  edit-metadata: 1.4833921566605568
  landing: 0.9519139528274536
  view-data: 3.535808652639389
