times:
  edit-metadata: 1.9200819917023182
  landing: 1.3271979913115501
  view-data: 3.3648232519626617
