times:
  edit-metadata: 1.4611221849918365
  landing: 0.8192286565899849
  view-data: 3.440854199230671
