times:
  edit-metadata: 1.787821277976036
  landing: 0.9072244986891747
  view-data: 3.511520467698574
