times:
  edit-metadata: 1.346355140209198
  landing: 0.8452341593801975
  view-data: 3.301901139318943
