times:
  edit-metadata: 1.3843769207596779
  landing: 0.7629109770059586
  view-data: 3.4847905561327934
