times:
  edit-metadata: 1.5071128755807877
  landing: 0.7476306408643723
  view-data: 3.5020564794540405
