times:
  edit-metadata: 1.4832895323634148
  landing: 0.9381012842059135
  view-data: 3.4751924946904182
