times:
  edit-metadata: 1.4811214208602905
  landing: 0.72376948595047
  view-data: 3.386029191315174
