times:
  edit-metadata: 1.4920955449342728
  landing: 0.7370171621441841
  view-data: 3.491453617811203
