times:
  edit-metadata: 1.467175256460905
  landing: 0.8235822170972824
  view-data: 3.3472074195742607
