times:
  edit-metadata: 1.4911679364740849
  landing: 0.8275074549019337
  view-data: 3.374734792858362
