times:
  edit-metadata: 1.4785771369934082
  landing: 0.9047056064009666
  view-data: 3.2684612423181534
