times:
  edit-metadata: 3.181255355477333
  landing: 1.5878118202090263
  view-data: 3.4663103446364403
