times:
  edit-metadata: 1.3439160287380219
  landing: 0.7560216188430786
  view-data: 3.4206489995121956
