times:
  edit-metadata: 1.4012531824409962
  landing: 0.8404532708227634
  view-data: 3.3531863428652287
