times:
  edit-metadata: 1.5614534988999367
  landing: 0.867892675101757
  view-data: 3.537399224936962
