times:
  edit-metadata: 1.3413179479539394
  landing: 0.7437631413340569
  view-data: 3.2923218868672848
