times:
  edit-metadata: 1.4993214756250381
  landing: 0.7808268517255783
  view-data: 3.4110344499349594
