times:
  edit-metadata: 1.3958109468221664
  landing: 0.7426584586501122
  view-data: 3.4359921887516975
