times:
  edit-metadata: 1.5646438412368298
  landing: 0.9435437247157097
  view-data: 3.305655136704445
