times:
  edit-metadata: 1.3898187093436718
  landing: 0.7354646809399128
  view-data: 3.2761567272245884
