times:
  edit-metadata: 1.3383559174835682
  landing: 0.7425759509205818
  view-data: 3.28364285454154
