times:
  edit-metadata: 1.4608771950006485
  landing: 0.9054547995328903
  view-data: 3.6140515208244324
