times:
  edit-metadata: 1.3893030621111393
  landing: 0.8445821925997734
  view-data: 3.335894387215376
