times:
  edit-metadata: 1.4064681865274906
  landing: 0.7591599486768246
  view-data: 3.2817859947681427
