times:
  edit-metadata: 1.357563391327858
  landing: 0.7541676387190819
  view-data: 3.4639628008008003
