times:
  edit-metadata: 1.4893457815051079
  landing: 0.8009645193815231
  view-data: 3.4587515741586685
