times:
  edit-metadata: 1.4398279041051865
  landing: 0.7811910212039948
  view-data: 3.33863490447402
