times:
  edit-metadata: 1.335818711668253
  landing: 0.8349780850112438
  view-data: 3.3216421082615852
