times:
  edit-metadata: 1.401620801538229
  landing: 0.891327615827322
  view-data: 3.335192933678627
