times:
  edit-metadata: 1.420947179198265
  landing: 0.7439995557069778
  view-data: 3.4398505315184593
