times:
  edit-metadata: 1.4180803522467613
  landing: 0.8781650960445404
  view-data: 3.526519663631916
