times:
  edit-metadata: 1.3827892318367958
  landing: 0.8302530832588673
  view-data: 3.3289455510675907
