times:
  edit-metadata: 1.434105433523655
  landing: 0.7566990256309509
  view-data: 3.4219281747937202
