times:
  edit-metadata: 1.5114612430334091
  landing: 0.9532806575298309
  view-data: 3.3055682852864265
