times:
  edit-metadata: 1.3670451492071152
  landing: 0.8074253126978874
  view-data: 3.457971043884754
