times:
  edit-metadata: 1.4215342700481415
  landing: 0.7490332275629044
  view-data: 3.4588813111186028
