times:
  edit-metadata: 1.9336152225732803
  landing: 0.8490335121750832
  view-data: 3.6117791905999184
