times:
  edit-metadata: 1.6357220970094204
  landing: 0.8476847745478153
  view-data: 3.2963457331061363
