times:
  edit-metadata: 1.5052924379706383
  landing: 0.7695145383477211
  view-data: 3.4456804394721985
