times:
  edit-metadata: 1.4283654615283012
  landing: 0.8303896635770798
  view-data: 3.4578126966953278
