times:
  edit-metadata: 1.4011456072330475
  landing: 0.7392158210277557
  view-data: 3.5496278405189514
