times:
  edit-metadata: 1.4620814472436905
  landing: 0.8582759946584702
  view-data: 3.4822255447506905
