times:
  edit-metadata: 1.4697555527091026
  landing: 0.8372891619801521
  view-data: 3.4829816222190857
