times:
  edit-metadata: 1.987386740744114
  landing: 0.8304480835795403
  view-data: 3.6458243057131767
