times:
  edit-metadata: 1.4362748339772224
  landing: 0.8148328475654125
  view-data: 3.313159391283989
