times:
  edit-metadata: 1.953774306923151
  landing: 1.208998091518879
  view-data: 3.3372947499156
