times:
  edit-metadata: 1.5130248069763184
  landing: 0.7943229600787163
  view-data: 3.4755557999014854
