times:
  edit-metadata: 1.4375610053539276
  landing: 0.7886460721492767
  view-data: 3.413822814822197
