times:
  edit-metadata: 1.4942467734217644
  landing: 0.7821494117379189
  view-data: 3.3292463272809982
