times:
  edit-metadata: 1.3853754997253418
  landing: 0.7348515018820763
  view-data: 3.4456921070814133
