times:
  edit-metadata: 1.369851291179657
  landing: 0.7755148969590664
  view-data: 3.313895348459482
