times:
  edit-metadata: 1.5526593253016472
  landing: 0.8886035159230232
  view-data: 3.3088514655828476
