times:
  edit-metadata: 1.4295435324311256
  landing: 0.8756873533129692
  view-data: 3.287250280380249
