times:
  edit-metadata: 1.4324935115873814
  landing: 0.7870398908853531
  view-data: 3.3191500790417194
