times:
  edit-metadata: 1.4600703120231628
  landing: 0.8984346576035023
  view-data: 3.395977593958378
