times:
  edit-metadata: 1.488321676850319
  landing: 0.8166769742965698
  view-data: 3.519167758524418
