times:
  edit-metadata: 1.403910905122757
  landing: 0.7592589184641838
  view-data: 3.430951490998268
