times:
  edit-metadata: 1.3988434225320816
  landing: 0.7993193864822388
  view-data: 3.4270647168159485
