times:
  edit-metadata: 1.4602091908454895
  landing: 0.8600374944508076
  view-data: 3.3233227469027042
