times:
  edit-metadata: 1.3587229549884796
  landing: 0.7652049101889133
  view-data: 3.3841155506670475
