times:
  edit-metadata: 1.375637263059616
  landing: 0.7808026932179928
  view-data: 3.2944211661815643
