times:
  edit-metadata: 1.4953942596912384
  landing: 0.7700123339891434
  view-data: 3.4697572737932205
