times:
  edit-metadata: 1.378053367137909
  landing: 1.0339916348457336
  view-data: 3.3605633080005646
