times:
  edit-metadata: 1.6260508671402931
  landing: 0.9656749069690704
  view-data: 3.390340581536293
