times:
  edit-metadata: 1.3801687061786652
  landing: 0.9263385832309723
  view-data: 3.4529797583818436
