times:
  edit-metadata: 1.4650378674268723
  landing: 0.7715015709400177
  view-data: 3.4382794871926308
