times:
  edit-metadata: 1.67684655636549
  landing: 0.8886339217424393
  view-data: 3.3363617956638336
