times:
  edit-metadata: 1.3729360699653625
  landing: 0.7520276010036469
  view-data: 3.579237923026085
