times:
  edit-metadata: 1.551436584442854
  landing: 0.8315778784453869
  view-data: 3.3233413696289062
