times:
  edit-metadata: 1.3828370086848736
  landing: 0.7437741607427597
  view-data: 3.2817973978817463
