times:
  edit-metadata: 2.473208323121071
  landing: 1.1205343827605247
  view-data: 3.6058941036462784
