times:
  edit-metadata: 1.449295498430729
  landing: 0.7953710816800594
  view-data: 3.2817907631397247
