times:
  edit-metadata: 1.3661861568689346
  landing: 0.8630948029458523
  view-data: 3.404344331473112
