times:
  edit-metadata: 1.5006913468241692
  landing: 0.7678815722465515
  view-data: 3.4953989684581757
