times:
  edit-metadata: 1.3835388720035553
  landing: 0.7274855710566044
  view-data: 3.279311913996935
