times:
  edit-metadata: 1.3911709487438202
  landing: 0.8381241336464882
  view-data: 3.3226415812969208
