times:
  edit-metadata: 1.3699944019317627
  landing: 0.74569271504879
  view-data: 3.493163764476776
