times:
  edit-metadata: 1.3937538973987103
  landing: 1.3775049522519112
  view-data: 3.340888738632202
