times:
  edit-metadata: 1.385386437177658
  landing: 0.8047055453062057
  view-data: 3.38789801299572
