times:
  edit-metadata: 2.247145600616932
  landing: 1.3018975965678692
  view-data: 3.5776923075318336
