times:
  edit-metadata: 1.4468518644571304
  landing: 0.8041577264666557
  view-data: 3.477617308497429
