times:
  edit-metadata: 1.4083142168819904
  landing: 0.8269341103732586
  view-data: 3.302778121083975
