times:
  edit-metadata: 1.5003641992807388
  landing: 0.7130665630102158
  view-data: 3.4271236062049866
