times:
  edit-metadata: 1.406088873744011
  landing: 0.7056175023317337
  view-data: 0.4882076755166054
