times:
  edit-metadata: 1.4796829372644424
  landing: 0.9935335218906403
  view-data: 3.615747854113579
