times:
  edit-metadata: 1.5579101294279099
  landing: 0.952360525727272
  view-data: 3.4663198068737984
