times:
  edit-metadata: 1.9589353650808334
  landing: 1.1849696412682533
  view-data: 3.600246474146843
