times:
  edit-metadata: 1.4534435905516148
  landing: 0.6958775855600834
  view-data: 3.297648251056671
