times:
  edit-metadata: 2.0169018395245075
  landing: 1.2689143605530262
  view-data: 3.3542049787938595
