times:
  edit-metadata: 1.6116285137832165
  landing: 0.8657288737595081
  view-data: 3.3201181441545486
