times:
  edit-metadata: 1.4853257536888123
  landing: 0.7539780959486961
  view-data: 3.2607991248369217
