times:
  edit-metadata: 1.3491133227944374
  landing: 0.7051359862089157
  view-data: 3.437226004898548
