times:
  edit-metadata: 1.4080867655575275
  landing: 0.7086250744760036
  view-data: 3.265521999448538
