times:
  edit-metadata: 1.349234364926815
  landing: 0.7600039839744568
  view-data: 3.4354226663708687
