times:
  edit-metadata: 1.4982111230492592
  landing: 0.7554780319333076
  view-data: 3.45407023280859
