times:
  edit-metadata: 1.347465105354786
  landing: 0.7451845407485962
  view-data: 3.430910460650921
