times:
  edit-metadata: 1.236874096095562
  landing: 0.8308034017682076
  view-data: 3.332453891634941
