times:
  edit-metadata: 1.3883356228470802
  landing: 0.7803021967411041
  view-data: 3.448710411787033
