times:
  edit-metadata: 1.4190531969070435
  landing: 0.7178770825266838
  view-data: 3.341725878417492
