times:
  edit-metadata: 1.5051903054118156
  landing: 0.7043236345052719
  view-data: 3.343511052429676
