times:
  edit-metadata: 1.4212345853447914
  landing: 0.7857261523604393
  view-data: 3.3077356591820717
