times:
  edit-metadata: 1.5148078575730324
  landing: 0.7921032011508942
  view-data: 3.269752562046051
