times:
  edit-metadata: 1.4297759234905243
  landing: 0.7588810846209526
  view-data: 3.4612551629543304
