times:
  edit-metadata: 1.3781385868787766
  landing: 0.7541905678808689
  view-data: 3.3171519935131073
