times:
  edit-metadata: 1.4237924069166183
  landing: 0.697704654186964
  view-data: 3.303589515388012
