times:
  edit-metadata: 1.492306873202324
  landing: 0.8829665929079056
  view-data: 3.3414583429694176
