times:
  edit-metadata: 1.3650724738836288
  landing: 0.7229053154587746
  view-data: 3.250163048505783
