times:
  edit-metadata: 1.611562803387642
  landing: 1.0681914910674095
  view-data: 3.3289981931447983
