times:
  edit-metadata: 1.3871482834219933
  landing: 0.7293793335556984
  view-data: 3.445164032280445
