times:
  edit-metadata: 1.3779549226164818
  landing: 0.7357881888747215
  view-data: 3.3233588188886642
