times:
  edit-metadata: 1.5108845978975296
  landing: 0.7207160070538521
  view-data: 3.485431022942066
