times:
  edit-metadata: 1.4066858887672424
  landing: 0.7768959999084473
  view-data: 3.288148380815983
