times:
  edit-metadata: 1.398688293993473
  landing: 0.740941695868969
  view-data: 3.336914613842964
