times:
  edit-metadata: 1.520947176963091
  landing: 0.8493914492428303
  view-data: 3.316000122576952
