times:
  edit-metadata: 1.585195705294609
  landing: 0.8846380561590195
  view-data: 3.4183840230107307
