times:
  edit-metadata: 1.4211772307753563
  landing: 0.8495769947767258
  view-data: 3.303707331418991
