times:
  edit-metadata: 1.4202908128499985
  landing: 0.7329168356955051
  view-data: 3.2725199572741985
