times:
  edit-metadata: 2.18153128772974
  landing: 1.2282637432217598
  view-data: 4.0319879204034805
