times:
  edit-metadata: 1.3481073006987572
  landing: 0.817132443189621
  view-data: 3.539334662258625
