times:
  edit-metadata: 1.8759201429784298
  landing: 0.9511513449251652
  view-data: 3.3585269562900066
