times:
  edit-metadata: 1.4294840022921562
  landing: 0.7337871491909027
  view-data: 3.35808028280735
