times:
  edit-metadata: 1.4945198744535446
  landing: 0.8318984657526016
  view-data: 3.3467634096741676
