times:
  edit-metadata: 1.8045739233493805
  landing: 1.3761553317308426
  view-data: 3.6731948032975197
