times:
  edit-metadata: 1.4064279571175575
  landing: 0.6857031360268593
  view-data: 3.4486078917980194
