times:
  edit-metadata: 1.4700609222054482
  landing: 0.7534643188118935
  view-data: 3.449483059346676
