times:
  edit-metadata: 1.4255867153406143
  landing: 0.7579089030623436
  view-data: 3.501729480922222
