times:
  edit-metadata: 1.464431755244732
  landing: 0.7505626827478409
  view-data: 3.4664031267166138
