times:
  edit-metadata: 1.3751145787537098
  landing: 0.8455845825374126
  view-data: 3.2838225811719894
