times:
  edit-metadata: 1.3838218003511429
  landing: 0.7666905149817467
  view-data: 3.3079317584633827
