times:
  edit-metadata: 1.3950534239411354
  landing: 0.6925863176584244
  view-data: 3.2760053649544716
