times:
  edit-metadata: 1.338030867278576
  landing: 0.9337095767259598
  view-data: 3.370167799293995
