times:
  edit-metadata: 2.940304383635521
  landing: 1.5021527782082558
  view-data: 3.862979918718338
