times:
  edit-metadata: 1.5194529667496681
  landing: 0.7047506347298622
  view-data: 3.467996299266815
