times:
  edit-metadata: 1.51033715903759
  landing: 0.8100681751966476
  view-data: 3.362016439437866
