times:
  edit-metadata: 1.549512930214405
  landing: 0.8471112102270126
  view-data: 3.328619197010994
