times:
  edit-metadata: 1.4154908955097198
  landing: 0.7548284009099007
  view-data: 3.3541744500398636
