times:
  edit-metadata: 1.3255703672766685
  landing: 0.7989976108074188
  view-data: 3.306149359792471
