times:
  edit-metadata: 1.4007627665996552
  landing: 0.7593287751078606
  view-data: 3.466325022280216
