times:
  edit-metadata: 1.3441251292824745
  landing: 0.8735750168561935
  view-data: 3.445930600166321
