times:
  edit-metadata: 1.3932472988963127
  landing: 0.7757677361369133
  view-data: 3.2788894921541214
