times:
  edit-metadata: 1.3145524114370346
  landing: 0.6885905489325523
  view-data: 3.4378802329301834
