times:
  edit-metadata: 1.4091316983103752
  landing: 0.7091618776321411
  view-data: 3.448421999812126
