times:
  edit-metadata: 1.472988411784172
  landing: 0.7752613425254822
  view-data: 3.46099004894495
