times:
  edit-metadata: 1.4489875584840775
  landing: 0.7371160537004471
  view-data: 3.3084237575531006
