times:
  edit-metadata: 1.3854414150118828
  landing: 0.7405023574829102
  view-data: 3.4532854482531548
