times:
  edit-metadata: 1.4163163006305695
  landing: 0.8000515028834343
  view-data: 3.3738997392356396
