times:
  edit-metadata: 1.354968085885048
  landing: 0.7212536931037903
  view-data: 3.365054301917553
