times:
  edit-metadata: 1.481553629040718
  landing: 0.838491402566433
  view-data: 3.443512439727783
