times:
  edit-metadata: 1.520908396691084
  landing: 0.8476161547005177
  view-data: 3.3819827884435654
