times:
  edit-metadata: 1.3523793816566467
  landing: 0.7764154300093651
  view-data: 3.4757836386561394
