times:
  edit-metadata: 1.3489114120602608
  landing: 0.7420990392565727
  view-data: 3.4404118955135345
