times:
  edit-metadata: 1.4253177344799042
  landing: 0.7315434291958809
  view-data: 3.2757419236004353
