times:
  edit-metadata: 1.7715284079313278
  landing: 1.0140050798654556
  view-data: 3.428839273750782
