times:
  edit-metadata: 1.369432982057333
  landing: 0.7526205852627754
  view-data: 3.289757516235113
