times:
  edit-metadata: 1.430904671549797
  landing: 0.7111597061157227
  view-data: 3.463292770087719
