times:
  edit-metadata: 1.3671261295676231
  landing: 0.7595309466123581
  view-data: 3.3749608173966408
