times:
  edit-metadata: 1.396927960216999
  landing: 0.7251943871378899
  view-data: 3.4854909628629684
