times:
  edit-metadata: 1.4215909391641617
  landing: 0.7318346500396729
  view-data: 3.436151757836342
