times:
  edit-metadata: 2.7685247287154198
  landing: 1.4228179603815079
  view-data: 3.7416261807084084
