times:
  edit-metadata: 1.4901561476290226
  landing: 0.8392927795648575
  view-data: 3.291217125952244
