times:
  edit-metadata: 1.3686407208442688
  landing: 0.7609307393431664
  view-data: 3.493665300309658
