times:
  edit-metadata: 1.408848762512207
  landing: 0.7473833337426186
  view-data: 3.3071882277727127
