times:
  edit-metadata: 1.5562835857272148
  landing: 0.8551978692412376
  view-data: 3.3293582424521446
