times:
  edit-metadata: 1.4573929384350777
  landing: 0.7271898835897446
  view-data: 3.496562473475933
