times:
  edit-metadata: 2.510053973644972
  landing: 1.143760684877634
  view-data: 3.331546500325203
