times:
  edit-metadata: 1.393658809363842
  landing: 0.6853431165218353
  view-data: 3.4043123498559
