times:
  edit-metadata: 1.4280963204801083
  landing: 0.8080180026590824
  view-data: 3.3631567247211933
