times:
  edit-metadata: 1.3213502541184425
  landing: 0.7240261361002922
  view-data: 3.359468225389719
