times:
  edit-metadata: 1.436178844422102
  landing: 0.8806169182062149
  view-data: 0.5820569545030594
