times:
  edit-metadata: 1.5023329854011536
  landing: 0.714517667889595
  view-data: 3.2783471420407295
