times:
  edit-metadata: 1.4276616014540195
  landing: 0.9093028716742992
  view-data: 3.3279079645872116
