times:
  edit-metadata: 1.4627713300287724
  landing: 0.7184004038572311
  view-data: 3.3081832081079483
