times:
  edit-metadata: 1.3730835169553757
  landing: 0.7824086472392082
  view-data: 3.439122624695301
