times:
  edit-metadata: 1.4031031467020512
  landing: 1.1322333551943302
  view-data: 3.3185231275856495
