times:
  edit-metadata: 1.3812626414000988
  landing: 0.7391572035849094
  view-data: 3.3606037944555283
