times:
  edit-metadata: 1.418677918612957
  landing: 0.7511439919471741
  view-data: 3.425650268793106
