times:
  edit-metadata: 1.447254717350006
  landing: 0.7683889046311378
  view-data: 3.548060566186905
