times:
  edit-metadata: 1.4827547073364258
  landing: 0.7632067427039146
  view-data: 3.515187658369541
