times:
  edit-metadata: 1.3427154198288918
  landing: 0.779970720410347
  view-data: 3.4735416918992996
