times:
  edit-metadata: 1.47731564193964
  landing: 0.723237007856369
  view-data: 0.615251436829567
