times:
  edit-metadata: 1.39920125156641
  landing: 0.7299084216356277
  view-data: 3.487118326127529
