times:
  edit-metadata: 1.3740512058138847
  landing: 0.7429621443152428
  view-data: 3.4637608379125595
