times:
  edit-metadata: 1.5823823884129524
  landing: 0.8044360019266605
  view-data: 3.2798916213214397
