times:
  edit-metadata: 1.6479280143976212
  landing: 0.7332750856876373
  view-data: 3.437378264963627
