times:
  edit-metadata: 1.4158395156264305
  landing: 0.8511467427015305
  view-data: 3.260536629706621
