times:
  edit-metadata: 1.5068164095282555
  landing: 0.7940196990966797
  view-data: 3.3471778109669685
