times:
  edit-metadata: 1.8362701199948788
  landing: 0.8227243423461914
  view-data: 3.3324048928916454
