times:
  edit-metadata: 1.4878429844975471
  landing: 0.7974912337958813
  view-data: 3.351063832640648
