times:
  edit-metadata: 1.39537837728858
  landing: 0.9488634541630745
  view-data: 3.3485593236982822
