times:
  edit-metadata: 1.5274864956736565
  landing: 0.840069368481636
  view-data: 3.495600625872612
