times:
  edit-metadata: 2.2191517800092697
  landing: 0.9174485579133034
  view-data: 3.353339619934559
