times:
  edit-metadata: 1.3243270069360733
  landing: 0.779396265745163
  view-data: 3.398783877491951
