times:
  edit-metadata: 1.389114499092102
  landing: 0.6981901004910469
  view-data: 3.4352751299738884
