times:
  edit-metadata: 1.3536079712212086
  landing: 0.7820714674890041
  view-data: 3.3316113129258156
