times:
  edit-metadata: 1.5960515961050987
  landing: 0.924621932208538
  view-data: 3.3529940620064735
