times:
  edit-metadata: 1.3886903524398804
  landing: 0.8641625121235847
  view-data: 3.505681287497282
