times:
  edit-metadata: 1.4725104421377182
  landing: 0.7960876971483231
  view-data: 3.4719560742378235
