times:
  edit-metadata: 1.487651266157627
  landing: 0.7897598370909691
  view-data: 3.2756241597235203
