times:
  edit-metadata: 1.5327579006552696
  landing: 0.7729266583919525
  view-data: 3.4649778716266155
