times:
  edit-metadata: 1.3244402930140495
  landing: 0.6711353957653046
  view-data: 3.4638818204402924
