times:
  edit-metadata: 1.5169966518878937
  landing: 0.8828116878867149
  view-data: 3.553715981543064
