times:
  edit-metadata: 1.5440290346741676
  landing: 0.9522379450500011
  view-data: 3.3345630690455437
