times:
  edit-metadata: 1.4235757887363434
  landing: 5.189674160443246
  view-data: 3.3010059827938676
