times:
  edit-metadata: 1.2824515784159303
  landing: 0.020138999447226524
  view-data: 0.12022710591554642
