times:
  edit-metadata: 1.530131246894598
  landing: 0.8297157324850559
  view-data: 3.4161654375493526
