times:
  edit-metadata: 0.46436729468405247
  landing: 0.047460220754146576
  view-data: 0.21730737760663033
