times:
  edit-metadata: 1.3029754590243101
  landing: 0.7124962867237628
  view-data: 3.30951464176178
