times:
  edit-metadata: 1.25255857873708
  landing: 0.020648526959121227
  view-data: 0.19555148854851723
