times:
  edit-metadata: 1.3361782785505056
  landing: 0.226059777662158
  view-data: 0.02368645928800106
