times:
  edit-metadata: 1.2989899925887585
  landing: 0.04370147921144962
  view-data: 0.14029433578252792
