times:
  edit-metadata: 1.2585061248391867
  landing: 0.021672068163752556
  view-data: 0.024542365223169327
