times:
  edit-metadata: 1.4907585438340902
  landing: 0.7675916841253638
  view-data: 3.3988267770037055
