times:
  edit-metadata: 1.593175144866109
  landing: 0.8658849243074656
  view-data: 3.423030514270067
