times:
  edit-metadata: 1.498497735708952
  landing: 0.9654895309358835
  view-data: 3.407588815316558
