times:
  edit-metadata: 0.4047252801246941
  landing: 0.04538095789030194
  view-data: 0.19624014431610703
