times:
  edit-metadata: 1.3196891462430358
  landing: 0.15806216467171907
  view-data: 0.0979212773963809
