times:
  edit-metadata: 1.5196834784001112
  landing: 0.7832520008087158
  view-data: 3.450988845899701
