times:
  edit-metadata: 1.5220024194568396
  landing: 0.7500042244791985
  view-data: 3.3997889775782824
