times:
  edit-metadata: 1.3275414425879717
  landing: 0.02113056369125843
  view-data: 0.12398881930857897
