times:
  edit-metadata: 1.59759053401649
  landing: 0.7526924181729555
  view-data: 3.4084220807999372
