times:
  edit-metadata: 1.2674492169171572
  landing: 0.1976753994822502
  view-data: 0.025371404364705086
