times:
  edit-metadata: 1.417103823274374
  landing: 0.7996600233018398
  view-data: 3.312575314193964
