times:
  edit-metadata: 0.4393764119595289
  landing: 0.0696333390660584
  view-data: 0.22085541300475597
