times:
  edit-metadata: 1.8684715405106544
  landing: 0.3942904844880104
  view-data: 0.40164168924093246
