times:
  edit-metadata: 1.5551154627464712
  landing: 0.8696119613014162
  view-data: 3.352219141088426
