times:
  edit-metadata: 0.45603947690688074
  landing: 0.10886254208162427
  view-data: 0.20487624499946833
