times:
  edit-metadata: 1.5995137766003609
  landing: 0.2702004164457321
  view-data: 0.4204700496047735
