times:
  edit-metadata: 0.49219671299215406
  landing: 0.06383421400096267
  view-data: 0.21242104700650088
