times:
  edit-metadata: 0.4022516803815961
  landing: 0.040863425470888615
  view-data: 0.20452838018536568
