times:
  edit-metadata: 1.7081738654524088
  landing: 0.16761107370257378
  view-data: 0.5025197509676218
