times:
  edit-metadata: 1.3718720935285091
  landing: 0.6963131222873926
  view-data: 3.3018208667635918
