times:
  edit-metadata: 1.34045884385705
  landing: 0.12280931323766708
  view-data: 0.02709057368338108
