times:
  edit-metadata: 1.5922434567473829
  landing: 0.9376003271900117
  view-data: 3.4292753119952977
