times:
  edit-metadata: 1.3696927148848772
  landing: 0.019057555124163628
  view-data: 0.39290193747729063
