times:
  edit-metadata: 1.2461656369268894
  landing: 0.1153002018108964
  view-data: 0.12343893572688103
