times:
  edit-metadata: 0.4552777633070946
  landing: 0.04490620270371437
  view-data: 0.19859532173722982
