times:
  edit-metadata: 1.4836713150143623
  landing: 0.7923396211117506
  view-data: 3.505385972559452
