times:
  edit-metadata: 1.346866488456726
  landing: 0.8911323398351669
  view-data: 3.372471444308758
