times:
  edit-metadata: 0.3986989799886942
  landing: 0.03913354920223355
  view-data: 0.19459457229822874
