times:
  edit-metadata: 1.4179197568446398
  landing: 0.25479740276932716
  view-data: 0.38781690411269665
