times:
  edit-metadata: 1.5847557187080383
  landing: 0.9327886961400509
  view-data: 3.3343464098870754
