times:
  edit-metadata: 1.263831208460033
  landing: 0.02202447596937418
  view-data: 0.024077456444501877
