times:
  edit-metadata: 1.2702757250517607
  landing: 0.01999032124876976
  view-data: 0.025806200690567493
