times:
  edit-metadata: 0.504963411949575
  landing: 0.04121641186065972
  view-data: 0.5925118438899517
