times:
  edit-metadata: 1.4231588933616877
  landing: 0.775381188839674
  view-data: 3.3874184489250183
