times:
  edit-metadata: 0.41217929869890213
  landing: 0.04392542131245136
  view-data: 0.21007981151342392
