times:
  edit-metadata: 1.3873062012717128
  landing: 0.7783319931477308
  view-data: 3.3583831479772925
