times:
  edit-metadata: 1.606892392039299
  landing: 0.8400195501744747
  view-data: 3.4276442918926477
