times:
  edit-metadata: 1.2099016532301903
  landing: 0.16833147127181292
  view-data: 0.022804686799645424
