times:
  edit-metadata: 0.4686393178999424
  landing: 0.0512913316488266
  view-data: 0.19887911528348923
