times:
  edit-metadata: 1.361863481812179
  landing: 0.9137794310227036
  view-data: 3.39351240452379
