times:
  edit-metadata: 1.6989003419876099
  landing: 0.8006092943251133
  view-data: 3.385573297739029
