times:
  edit-metadata: 2.4564361702650785
  landing: 1.457136107608676
  view-data: 3.5439957715570927
