times:
  edit-metadata: 0.4300525728613138
  landing: 0.04905815329402685
  view-data: 0.20026207622140646
