times:
  edit-metadata: 1.420326579362154
  landing: 0.02290947176516056
  view-data: 0.02382258139550686
