times:
  edit-metadata: 0.3923710184171796
  landing: 0.04225586634129286
  view-data: 0.191710882820189
