times:
  edit-metadata: 1.4020489770919085
  landing: 0.7238832898437977
  view-data: 3.3460166230797768
