times:
  edit-metadata: 1.5618204232305288
  landing: 0.6793849542737007
  view-data: 3.29802218824625
