times:
  edit-metadata: 1.354981366544962
  landing: 0.8632570970803499
  view-data: 3.4112306283786893
