times:
  edit-metadata: 1.6691914424300194
  landing: 0.7672797739505768
  view-data: 3.392254952341318
