times:
  edit-metadata: 0.4763831740128808
  landing: 0.0473657549591735
  view-data: 0.20870500797173008
