times:
  edit-metadata: 1.3438131399452686
  landing: 0.6685473006218672
  view-data: 3.3177202828228474
