times:
  edit-metadata: 1.4903805758804083
  landing: 0.8863161485642195
  view-data: 3.4155739415436983
