times:
  edit-metadata: 1.289122543297708
  landing: 0.0231961440294981
  view-data: 0.4436695808544755
