times:
  edit-metadata: 1.5545897465199232
  landing: 0.01966790109872818
  view-data: 0.026889302767813206
