times:
  edit-metadata: 0.46360856387764215
  landing: 0.05014101229608059
  view-data: 0.22330967336893082
