times:
  edit-metadata: 1.6309659145772457
  landing: 1.0454025380313396
  view-data: 3.3665752299129963
