times:
  edit-metadata: 2.4499802570790052
  landing: 1.4107862040400505
  view-data: 3.815075119957328
