times:
  edit-metadata: 1.5358312651515007
  landing: 0.803114864975214
  view-data: 3.2866920940577984
