times:
  edit-metadata: 1.6996922194957733
  landing: 0.32055817544460297
  view-data: 0.02589765191078186
