times:
  edit-metadata: 1.4926159009337425
  landing: 0.8587021641433239
  view-data: 3.4205838553607464
