times:
  edit-metadata: 1.3828476630151272
  landing: 0.18474015407264233
  view-data: 0.028301503509283066
