times:
  edit-metadata: 1.4137691560899839
  landing: 0.789073896012269
  view-data: 3.3376611979911104
