times:
  edit-metadata: 1.464795264415443
  landing: 0.8755169222131371
  view-data: 3.3730222396552563
