times:
  edit-metadata: 1.2863424513489008
  landing: 0.023060763254761696
  view-data: 0.35587808676064014
