times:
  edit-metadata: 1.5978816896677017
  landing: 0.8478221520781517
  view-data: 3.4079563096165657
