times:
  edit-metadata: 1.3303980734199286
  landing: 0.022920389659702778
  view-data: 0.09753147419542074
