times:
  edit-metadata: 1.309680249541998
  landing: 0.01976708322763443
  view-data: 0.022941995412111282
