times:
  edit-metadata: 1.5160837471485138
  landing: 0.6918331291526556
  view-data: 3.3649674355983734
