times:
  edit-metadata: 1.2729430012404919
  landing: 0.0236268425360322
  view-data: 0.026680915616452694
