times:
  edit-metadata: 1.2793933358043432
  landing: 0.22634896263480186
  view-data: 0.2921363804489374
