times:
  edit-metadata: 1.2707557007670403
  landing: 0.11888596694916487
  view-data: 0.09854353312402964
