times:
  edit-metadata: 1.5661690216511488
  landing: 0.7730591390281916
  view-data: 3.4039922915399075
