times:
  edit-metadata: 0.44935548899229616
  landing: 0.09130402700975537
  view-data: 0.23213877202942967
