times:
  edit-metadata: 0.4912919430062175
  landing: 0.05488600907847285
  view-data: 0.33251850097440183
