times:
  edit-metadata: 1.7099001519382
  landing: 0.8115885592997074
  view-data: 3.3767501413822174
