times:
  edit-metadata: 1.5579519430175424
  landing: 0.9907894618809223
  view-data: 3.4528504563495517
