times:
  edit-metadata: 1.4316445039585233
  landing: 0.7319919746369123
  view-data: 3.3612907007336617
