times:
  edit-metadata: 1.252049297094345
  landing: 0.2259262017905712
  view-data: 0.3081639800220728
