times:
  edit-metadata: 1.4711962919682264
  landing: 0.8038247898221016
  view-data: 3.277756162919104
