times:
  edit-metadata: 1.3627945128828287
  landing: 0.212149478495121
  view-data: 0.02370285615324974
