times:
  edit-metadata: 1.643700497224927
  landing: 0.9133345377631485
  view-data: 3.4485054751858115
