times:
  edit-metadata: 0.45641242200508714
  landing: 0.07545384299010038
  view-data: 0.20890889805741608
