times:
  edit-metadata: 0.4955897368490696
  landing: 0.046606333926320076
  view-data: 0.47445019660517573
