times:
  edit-metadata: 1.5662166438996792
  landing: 0.8591753914952278
  view-data: 3.3918490428477526
