times:
  edit-metadata: 0.41273794788867235
  landing: 0.04069801792502403
  view-data: 0.19660467840731144
