times:
  edit-metadata: 1.4030247274786234
  landing: 0.22476817853748798
  view-data: 0.026079921051859856
