times:
  edit-metadata: 1.57948836684227
  landing: 1.0161952637135983
  view-data: 3.350745625793934
