times:
  edit-metadata: 1.4807294216006994
  landing: 0.023097828030586243
  view-data: 0.14110329002141953
