times:
  edit-metadata: 1.5007175952196121
  landing: 0.7952512269839644
  view-data: 3.2874424969777465
