times:
  edit-metadata: 1.3279830506071448
  landing: 0.020187843590974808
  view-data: 0.027420719154179096
