times:
  edit-metadata: 0.4327647448517382
  landing: 0.04455448081716895
  view-data: 0.20648443698883057
