times:
  edit-metadata: 0.40017369482666254
  landing: 0.04031834937632084
  view-data: 0.19876076374202967
