times:
  edit-metadata: 1.2703314097598195
  landing: 0.021112270653247833
  view-data: 0.2224630443379283
