times:
  edit-metadata: 1.4136562999337912
  landing: 0.8117187665775418
  view-data: 3.420356512069702
