times:
  edit-metadata: 1.5256793014705181
  landing: 0.9418005906045437
  view-data: 3.3928909935057163
