times:
  edit-metadata: 0.5050565069541335
  landing: 0.04673257516697049
  view-data: 0.21527565503492951
