times:
  edit-metadata: 1.3062704931944609
  landing: 0.11702067777514458
  view-data: 0.1241458561271429
