times:
  edit-metadata: 1.3894011969678104
  landing: 0.8505394612438977
  view-data: 3.3284421670250595
