times:
  edit-metadata: 1.552657961845398
  landing: 1.0874160192906857
  view-data: 3.391326755285263
