times:
  edit-metadata: 1.3161988956853747
  landing: 0.022601093165576458
  view-data: 0.027049523778259754
