times:
  edit-metadata: 0.39901500195264816
  landing: 0.0418845871463418
  view-data: 0.19933246402069926
