times:
  edit-metadata: 1.3169774357229471
  landing: 0.02380275074392557
  view-data: 0.025792605243623257
