times:
  edit-metadata: 1.463454632088542
  landing: 0.020886952057480812
  view-data: 0.02359704952687025
