times:
  edit-metadata: 0.4020723318681121
  landing: 0.0460422458127141
  view-data: 0.21118398290127516
