times:
  edit-metadata: 1.4292302811518312
  landing: 0.7799358777701855
  view-data: 3.4291563141159713
