times:
  edit-metadata: 0.45769143803045154
  landing: 0.050371057994198054
  view-data: 0.2487238940084353
