times:
  edit-metadata: 1.5362266609445214
  landing: 0.7630783589556813
  view-data: 3.373411398380995
