times:
  edit-metadata: 0.47484822291880846
  landing: 0.053451628889888525
  view-data: 0.251617053989321
