times:
  edit-metadata: 1.5533103086054325
  landing: 0.8372202515602112
  view-data: 3.3156800493597984
