times:
  edit-metadata: 1.4647078029811382
  landing: 0.27682510763406754
  view-data: 0.31495726481080055
