times:
  edit-metadata: 1.3648727387189865
  landing: 0.1996721290051937
  view-data: 0.28840100206434727
