times:
  edit-metadata: 1.2914535133168101
  landing: 0.02272169664502144
  view-data: 0.10095051769167185
