times:
  edit-metadata: 1.3092288197949529
  landing: 0.022185707464814186
  view-data: 0.02622721530497074
