times:
  edit-metadata: 1.4231463335454464
  landing: 0.6806922592222691
  view-data: 3.635157123208046
