times:
  edit-metadata: 0.44043848384171724
  landing: 0.04925464140251279
  view-data: 0.2075436939485371
