times:
  edit-metadata: 1.27715821005404
  landing: 0.02015718538314104
  view-data: 0.025967465713620186
