times:
  edit-metadata: 1.4371583936735988
  landing: 0.7929179957136512
  view-data: 3.3684960920363665
