times:
  edit-metadata: 1.3308355147019029
  landing: 0.020529923029243946
  view-data: 0.02890524175018072
