times:
  edit-metadata: 0.5115145499585196
  landing: 0.04941364796832204
  view-data: 0.22725289000663906
