times:
  edit-metadata: 1.3996218936517835
  landing: 0.200844531878829
  view-data: 0.023378497920930386
