times:
  edit-metadata: 1.3182547092437744
  landing: 0.8358254730701447
  view-data: 3.3052679635584354
