times:
  edit-metadata: 1.2801526542752981
  landing: 0.020045679062604904
  view-data: 0.02653285674750805
