times:
  edit-metadata: 0.5160467409996272
  landing: 0.04389365699989867
  view-data: 0.21455937599967
