times:
  edit-metadata: 1.5451150480657816
  landing: 0.38908988051116467
  view-data: 0.1840954665094614
