times:
  edit-metadata: 1.4284796193242073
  landing: 0.810207188129425
  view-data: 3.448558021336794
