times:
  edit-metadata: 1.4850718341767788
  landing: 0.8721414860337973
  view-data: 3.3899427340365946
