times:
  edit-metadata: 1.253711606375873
  landing: 0.01956895925104618
  view-data: 0.10088466852903366
