times:
  edit-metadata: 0.5274101149989292
  landing: 0.055085394997149706
  view-data: 0.21743213897570968
