times:
  edit-metadata: 1.242223534733057
  landing: 0.019245367497205734
  view-data: 0.025928216986358166
