times:
  edit-metadata: 1.3715227749198675
  landing: 0.23253659158945084
  view-data: 0.3985017593950033
