times:
  edit-metadata: 1.2911525964736938
  landing: 0.20678026415407658
  view-data: 0.12256895937025547
