times:
  edit-metadata: 0.45343066199711757
  landing: 0.052862935001030564
  view-data: 0.20647803799511166
