times:
  edit-metadata: 1.4968740046024323
  landing: 0.9014575220644474
  view-data: 3.433224283158779
