times:
  edit-metadata: 1.6500448659062386
  landing: 0.7731508985161781
  view-data: 3.4005641005933285
