times:
  edit-metadata: 1.5986596569418907
  landing: 1.11006024107337
  view-data: 3.414576817303896
