times:
  edit-metadata: 0.5149821260129102
  landing: 0.055805912998039275
  view-data: 0.2200340480194427
