times:
  edit-metadata: 1.5518709886819124
  landing: 0.802252983674407
  view-data: 3.403311187401414
