times:
  edit-metadata: 1.5110307913273573
  landing: 0.7598048429936171
  view-data: 3.4621771052479744
