times:
  edit-metadata: 1.309949841350317
  landing: 0.02037627063691616
  view-data: 0.026879793033003807
