times:
  edit-metadata: 1.3640218656510115
  landing: 0.018137652426958084
  view-data: 0.2893020287156105
