times:
  edit-metadata: 1.7515550618991256
  landing: 0.8319947998970747
  view-data: 3.4284145198762417
