times:
  edit-metadata: 1.2829061355441809
  landing: 0.021838674321770668
  view-data: 0.02503526397049427
