times:
  edit-metadata: 1.2640743535012007
  landing: 0.02014884538948536
  view-data: 0.10415007919073105
