times:
  edit-metadata: 1.3420608025044203
  landing: 0.02047835662961006
  view-data: 0.12568826787173748
