times:
  edit-metadata: 2.0926154106855392
  landing: 1.2294083684682846
  view-data: 3.572737503796816
