times:
  edit-metadata: 1.312236089259386
  landing: 0.02264716476202011
  view-data: 0.13600225932896137
