times:
  edit-metadata: 1.4421277325600386
  landing: 0.14846550300717354
  view-data: 0.12147771939635277
