times:
  edit-metadata: 0.4664344768971205
  landing: 0.10126470914110541
  view-data: 0.20891841175034642
