times:
  edit-metadata: 1.5077889524400234
  landing: 0.9247107729315758
  view-data: 3.3891898468136787
