times:
  edit-metadata: 1.5030159074813128
  landing: 0.7827375717461109
  view-data: 3.3981333822011948
