times:
  edit-metadata: 1.2568325311876833
  landing: 0.6993957608938217
  view-data: 3.3452460132539272
