times:
  edit-metadata: 0.8759642769873608
  landing: 0.06066704000113532
  view-data: 0.24784549098694697
