times:
  edit-metadata: 1.384020710363984
  landing: 0.8244111780077219
  view-data: 3.421107204630971
