times:
  edit-metadata: 2.5712542980909348
  landing: 1.0947254337370396
  view-data: 3.7246046774089336
