times:
  edit-metadata: 0.3955833688378334
  landing: 0.04534783586859703
  view-data: 0.19413883285596967
