times:
  edit-metadata: 1.381434884853661
  landing: 0.021169954910874367
  view-data: 0.4150380613282323
