times:
  edit-metadata: 1.3976815165951848
  landing: 0.020110467448830605
  view-data: 0.044832478277385235
