times:
  edit-metadata: 0.4493953019846231
  landing: 0.04359863104764372
  view-data: 0.20744143810588866
