times:
  edit-metadata: 1.7236728724092245
  landing: 0.13680973276495934
  view-data: 0.38795021548867226
