times:
  edit-metadata: 1.4619768876582384
  landing: 0.8282712046056986
  view-data: 3.4472847376018763
