times:
  edit-metadata: 1.2688475558534265
  landing: 0.02182154916226864
  view-data: 0.09427844919264317
