times:
  edit-metadata: 0.4508074560435489
  landing: 0.07508387498091906
  view-data: 0.21880107396282256
