times:
  edit-metadata: 1.6381683349609375
  landing: 0.196705911308527
  view-data: 0.26266266219317913
