times:
  edit-metadata: 1.643658995628357
  landing: 1.079968135803938
  view-data: 3.452020663768053
