times:
  edit-metadata: 1.562601352110505
  landing: 0.8278994113206863
  view-data: 3.3852241709828377
