times:
  edit-metadata: 0.49033309519290924
  landing: 0.09322542231529951
  view-data: 0.329085900913924
