times:
  edit-metadata: 1.520440448075533
  landing: 0.8656507432460785
  view-data: 3.3837555162608624
