times:
  edit-metadata: 1.5497469790279865
  landing: 0.8736930899322033
  view-data: 3.4568456634879112
