times:
  edit-metadata: 1.3654423709958792
  landing: 0.021416313014924526
  view-data: 0.027464158833026886
