times:
  edit-metadata: 1.6402319893240929
  landing: 1.0184064097702503
  view-data: 3.340473435819149
