times:
  edit-metadata: 1.3835288966074586
  landing: 0.021789670921862125
  view-data: 0.02498236671090126
