times:
  edit-metadata: 0.5066318069584668
  landing: 0.05081097688525915
  view-data: 0.20845501101575792
