times:
  edit-metadata: 1.2591220894828439
  landing: 0.02049974910914898
  view-data: 0.02400484587997198
