times:
  edit-metadata: 0.4272625111043453
  landing: 0.05047684442251921
  view-data: 0.207949198782444
