times:
  edit-metadata: 1.482224002480507
  landing: 0.9790751710534096
  view-data: 3.4410209581255913
