times:
  edit-metadata: 0.4634310530964285
  landing: 0.07983496808446944
  view-data: 0.2148374088574201
