times:
  edit-metadata: 0.6740456786938012
  landing: 0.0481880409643054
  view-data: 0.29820449789986014
