times:
  edit-metadata: 0.46767226909287274
  landing: 0.052116463892161846
  view-data: 0.21963066002354026
