times:
  edit-metadata: 1.5179881229996681
  landing: 0.8136133346706629
  view-data: 3.4270954355597496
