times:
  edit-metadata: 1.4670238178223372
  landing: 0.7804167345166206
  view-data: 3.4035248178988695
