times:
  edit-metadata: 1.500354016199708
  landing: 0.7605763878673315
  view-data: 3.3772092293947935
