times:
  edit-metadata: 1.295361939817667
  landing: 0.13037633895874023
  view-data: 0.37165118381381035
