times:
  edit-metadata: 1.3581517543643713
  landing: 0.01952345296740532
  view-data: 0.3047743458300829
