times:
  edit-metadata: 0.43374743597814813
  landing: 0.04209076304687187
  view-data: 0.20171717298217118
