times:
  edit-metadata: 1.502190489321947
  landing: 0.8510407749563456
  view-data: 3.445366134867072
