times:
  edit-metadata: 0.5004018309991807
  landing: 0.0493367409799248
  view-data: 0.21424005390144885
