times:
  edit-metadata: 1.3320396319031715
  landing: 0.8515398241579533
  view-data: 3.2920349650084972
