times:
  edit-metadata: 1.3568826490081847
  landing: 0.8082480859011412
  view-data: 3.359997638966888
