times:
  edit-metadata: 1.3742590136826038
  landing: 0.9348070472478867
  view-data: 3.3493050560355186
