times:
  edit-metadata: 0.5096593811176717
  landing: 0.04897245205938816
  view-data: 0.22404107404872775
