times:
  edit-metadata: 0.42199464282020926
  landing: 0.04902798496186733
  view-data: 0.20618941402062774
