times:
  edit-metadata: 0.4246755079366267
  landing: 0.04953550873324275
  view-data: 0.19667809968814254
