times:
  edit-metadata: 1.2806987119838595
  landing: 0.019924461841583252
  view-data: 0.12028761394321918
