times:
  edit-metadata: 0.49729978386312723
  landing: 0.04936247318983078
  view-data: 0.23852152563631535
