times:
  edit-metadata: 0.5664540209982079
  landing: 0.04148547899967525
  view-data: 0.20951768899976742
