times:
  edit-metadata: 1.3899447657167912
  landing: 0.2386145517230034
  view-data: 0.3638519663363695
