times:
  edit-metadata: 1.7238386869430542
  landing: 1.016747858375311
  view-data: 3.4416534826159477
