times:
  edit-metadata: 1.6310907080769539
  landing: 0.9294008538126945
  view-data: 3.460036614909768
