times:
  edit-metadata: 0.45732693700119853
  landing: 0.05149883613921702
  view-data: 0.2497076690196991
