times:
  edit-metadata: 0.47181428398471326
  landing: 0.04886500397697091
  view-data: 0.21285542997065932
