times:
  edit-metadata: 2.3302107080817223
  landing: 1.1744588129222393
  view-data: 3.6895957328379154
