times:
  edit-metadata: 1.2741367500275373
  landing: 0.7470394913107157
  view-data: 3.258941240608692
