times:
  edit-metadata: 1.3552233194932342
  landing: 0.020624985918402672
  view-data: 0.12216715328395367
