times:
  edit-metadata: 1.355110578238964
  landing: 1.0342481881380081
  view-data: 3.566196696832776
