times:
  edit-metadata: 1.2434060797095299
  landing: 0.0207796860486269
  view-data: 0.12181972991675138
