times:
  edit-metadata: 0.4284365209750831
  landing: 0.051315744407474995
  view-data: 0.20002643205225468
