times:
  edit-metadata: 1.5024390891194344
  landing: 0.7256909627467394
  view-data: 3.341260887682438
