times:
  edit-metadata: 0.5558130230056122
  landing: 0.05570985798840411
  view-data: 0.20767186500597745
