times:
  edit-metadata: 1.310529438778758
  landing: 0.020952693186700344
  view-data: 0.12118849996477365
