times:
  edit-metadata: 1.5609245169907808
  landing: 0.8130747508257627
  view-data: 3.398812999948859
