times:
  edit-metadata: 0.4533117240007414
  landing: 0.05126101899986679
  view-data: 0.2185945420005737
