times:
  edit-metadata: 1.6515223775058985
  landing: 0.3152174986898899
  view-data: 0.3258285578340292
