times:
  edit-metadata: 1.2627593530341983
  landing: 0.019187068566679955
  view-data: 0.025634292513132095
