times:
  edit-metadata: 1.4386567026376724
  landing: 0.8292957115918398
  view-data: 3.3695910153910518
