times:
  edit-metadata: 1.564603017643094
  landing: 0.8329537343233824
  view-data: 3.4446713849902153
