times:
  edit-metadata: 1.4710994996130466
  landing: 0.020240267738699913
  view-data: 0.13772227056324482
