times:
  edit-metadata: 1.3314683474600315
  landing: 0.8110322579741478
  view-data: 3.2968943044543266
