times:
  edit-metadata: 1.2282608272507787
  landing: 0.022572286427021027
  view-data: 0.12058120500296354
