times:
  edit-metadata: 1.4634977485984564
  landing: 0.8494519777595997
  view-data: 3.349147144705057
