times:
  edit-metadata: 0.4149931757710874
  landing: 0.04626771993935108
  view-data: 0.1956507288850844
