times:
  edit-metadata: 1.352846946567297
  landing: 0.9198472052812576
  view-data: 3.3460150621831417
