times:
  edit-metadata: 0.3968492867425084
  landing: 0.04378116596490145
  view-data: 0.1960998959839344
