times:
  edit-metadata: 1.5982461385428905
  landing: 1.000661849975586
  view-data: 3.4066799245774746
