times:
  edit-metadata: 0.42104191007092595
  landing: 0.04327894700691104
  view-data: 0.1891527227126062
