times:
  edit-metadata: 1.2970633637160063
  landing: 0.09705937653779984
  view-data: 0.02553687058389187
