times:
  edit-metadata: 1.246535426005721
  landing: 0.021111303940415382
  view-data: 0.024578548967838287
