times:
  edit-metadata: 0.4357832099776715
  landing: 0.06554750900249928
  view-data: 0.34863044298253953
