times:
  edit-metadata: 1.39739091694355
  landing: 0.8767871260643005
  view-data: 3.3603436052799225
