times:
  edit-metadata: 1.2452452518045902
  landing: 0.020953930914402008
  view-data: 0.02477319072932005
