times:
  edit-metadata: 1.2457966338843107
  landing: 0.2291844841092825
  view-data: 0.0231858529150486
