times:
  edit-metadata: 1.5688484497368336
  landing: 0.8181664403527975
  view-data: 3.3983476646244526
