times:
  edit-metadata: 1.2567984070628881
  landing: 0.02170657180249691
  view-data: 0.02621526177972555
