times:
  edit-metadata: 0.4044262273237109
  landing: 0.0384363392367959
  view-data: 0.1923633124679327
