times:
  edit-metadata: 1.195009139017202
  landing: 0.20993896498112008
  view-data: 0.22032857302110642
