times:
  edit-metadata: 0.4584519090130925
  landing: 0.08134353812783957
  view-data: 0.20047141890972853
