times:
  edit-metadata: 1.4113261811435223
  landing: 0.018703820183873177
  view-data: 0.02406957559287548
