times:
  edit-metadata: 1.4307103636674583
  landing: 0.7906640339642763
  view-data: 3.423968997783959
