times:
  edit-metadata: 1.425207082182169
  landing: 0.022890064865350723
  view-data: 0.37134846299886703
