times:
  edit-metadata: 1.4936901926994324
  landing: 0.19565807655453682
  view-data: 0.5322673730552197
