times:
  edit-metadata: 0.4364573279162869
  landing: 0.09205146902240813
  view-data: 0.2188198280055076
