times:
  edit-metadata: 0.5286228980403394
  landing: 0.056067008001264185
  view-data: 0.21238851797534153
