times:
  edit-metadata: 1.5356755573302507
  landing: 0.18309853598475456
  view-data: 0.1618460975587368
