times:
  edit-metadata: 1.4751963559538126
  landing: 0.1554531268775463
  view-data: 0.48666162975132465
