times:
  edit-metadata: 1.258526080287993
  landing: 0.13693921267986298
  view-data: 0.12108362559229136
