times:
  edit-metadata: 1.569054240360856
  landing: 0.820738255046308
  view-data: 3.526188438758254
