times:
  edit-metadata: 0.4568268458824605
  landing: 0.05261971382424235
  view-data: 0.21435518306680024
