times:
  edit-metadata: 1.2777601797133684
  landing: 0.02082577906548977
  view-data: 0.12370438873767853
