times:
  edit-metadata: 1.4684942346066236
  landing: 0.2732494305819273
  view-data: 0.4336731359362602
