times:
  edit-metadata: 0.47894461918622255
  landing: 0.05313896993175149
  view-data: 0.20909010991454124
