times:
  edit-metadata: 1.3266098648309708
  landing: 0.22214103396981955
  view-data: 0.4740492897108197
