times:
  edit-metadata: 0.444533612113446
  landing: 0.07981485477648675
  view-data: 0.22571073495782912
