times:
  edit-metadata: 1.5320502910763025
  landing: 0.7849924992769957
  view-data: 3.441488152369857
