times:
  edit-metadata: 0.4583658629562706
  landing: 0.05183862696867436
  view-data: 0.2153757030609995
