times:
  edit-metadata: 1.5474106706678867
  landing: 0.8778903968632221
  view-data: 3.4016346111893654
