times:
  edit-metadata: 0.44160409798496403
  landing: 0.07581930799642578
  view-data: 0.3533301629940979
