times:
  edit-metadata: 1.5083913560956717
  landing: 0.12883934751152992
  view-data: 0.3430060092359781
