times:
  edit-metadata: 1.540782492607832
  landing: 1.0910806618630886
  view-data: 3.373609360307455
