times:
  edit-metadata: 1.2629271289333701
  landing: 0.021655227057635784
  view-data: 0.12215745262801647
