times:
  edit-metadata: 2.052047975361347
  landing: 0.2950224494561553
  view-data: 0.7150602415204048
