times:
  edit-metadata: 0.5026867300039157
  landing: 0.05064726799901109
  view-data: 0.2118625999937649
