times:
  edit-metadata: 0.46461842209100723
  landing: 0.07324287109076977
  view-data: 0.3031828226521611
