times:
  edit-metadata: 1.4236076064407825
  landing: 0.9851017538458109
  view-data: 3.472625440917909
