times:
  edit-metadata: 1.410053078085184
  landing: 0.6537879221141338
  view-data: 3.2946351654827595
