times:
  edit-metadata: 1.3792005274444818
  landing: 0.7426600102335215
  view-data: 3.36499453894794
