times:
  edit-metadata: 1.4947915356606245
  landing: 0.19857575185596943
  view-data: 0.023832863196730614
