times:
  edit-metadata: 1.4209306575357914
  landing: 0.7594756111502647
  view-data: 3.384685095399618
