times:
  edit-metadata: 1.299741817638278
  landing: 0.023106482811272144
  view-data: 0.11956777796149254
