times:
  edit-metadata: 1.4717928785830736
  landing: 0.20506707206368446
  view-data: 0.02573883906006813
