times:
  edit-metadata: 1.5490891374647617
  landing: 0.9492874797433615
  view-data: 3.3991963881999254
