times:
  edit-metadata: 1.3406256884336472
  landing: 0.7445824583992362
  view-data: 3.4112549014389515
