times:
  edit-metadata: 1.3944693636149168
  landing: 0.24037032388150692
  view-data: 0.026458315551280975
