times:
  edit-metadata: 0.4642447631340474
  landing: 0.07454486889764667
  view-data: 0.2089364069979638
