times:
  edit-metadata: 1.4584781816229224
  landing: 0.15949531737715006
  view-data: 0.2232770211994648
