times:
  edit-metadata: 0.4300034772604704
  landing: 0.046331060118973255
  view-data: 0.19840307999402285
