times:
  edit-metadata: 1.3649416472762823
  landing: 0.021167331375181675
  view-data: 0.026754158549010754
