times:
  edit-metadata: 1.3532809056341648
  landing: 0.7503811120986938
  view-data: 3.2698832154273987
