times:
  edit-metadata: 1.4528507702052593
  landing: 0.8379658800549805
  view-data: 3.5263131628744304
