times:
  edit-metadata: 1.4724375680088997
  landing: 0.7736160792410374
  view-data: 3.3006392419338226
