times:
  edit-metadata: 1.2617387045174837
  landing: 0.16364716365933418
  view-data: 0.12303284276276827
