times:
  edit-metadata: 0.45527543098432943
  landing: 0.07750689599197358
  view-data: 0.23818292596843094
