times:
  edit-metadata: 1.7047201041132212
  landing: 0.018164842389523983
  view-data: 0.04556386545300484
