times:
  edit-metadata: 0.4960129000246525
  landing: 0.04335334990173578
  view-data: 0.22214119601994753
