times:
  edit-metadata: 1.4629657678306103
  landing: 0.1781660933047533
  view-data: 0.15270199812948704
