times:
  edit-metadata: 1.3727090377360582
  landing: 0.16728863585740328
  view-data: 0.4536345424130559
