times:
  edit-metadata: 1.3792128395289183
  landing: 0.8341929335147142
  view-data: 3.4201898872852325
