times:
  edit-metadata: 1.4947101473808289
  landing: 0.7996738161891699
  view-data: 3.3987906966358423
