times:
  edit-metadata: 1.5044170916080475
  landing: 0.8906486555933952
  view-data: 3.3881491124629974
