times:
  edit-metadata: 0.45231097796931863
  landing: 0.08211102103814483
  view-data: 0.22022784873843193
