times:
  edit-metadata: 1.3516469988971949
  landing: 0.023382853716611862
  view-data: 0.12049654498696327
