times:
  edit-metadata: 1.24811683408916
  landing: 0.019810729660093784
  view-data: 0.026633898727595806
