times:
  edit-metadata: 1.3164896313101053
  landing: 0.02230014279484749
  view-data: 0.02809691336005926
