times:
  edit-metadata: 1.3474286124110222
  landing: 0.14266075193881989
  view-data: 0.023371806368231773
