times:
  edit-metadata: 0.44480185498832725
  landing: 0.051895419019274414
  view-data: 0.21875346102751791
