times:
  edit-metadata: 0.530788397998549
  landing: 0.04771643492858857
  view-data: 0.21646586607676
