times:
  edit-metadata: 1.5147590152919292
  landing: 0.9281332492828369
  view-data: 3.452132035046816
