times:
  edit-metadata: 1.6554866321384907
  landing: 0.8283600118011236
  view-data: 3.3900900967419147
