times:
  edit-metadata: 1.3682348169386387
  landing: 0.023592468351125717
  view-data: 0.3216343801468611
