times:
  edit-metadata: 0.45751359686255455
  landing: 0.05262064700946212
  view-data: 0.19932284206151962
