times:
  edit-metadata: 0.6722116140008438
  landing: 0.07402096400619484
  view-data: 0.25207692399271764
