times:
  edit-metadata: 1.3554393127560616
  landing: 0.8530698418617249
  view-data: 3.3151249028742313
