times:
  edit-metadata: 1.3124505188316107
  landing: 0.20149913802742958
  view-data: 0.1373031660914421
