times:
  edit-metadata: 0.47924634400988
  landing: 0.05851493199588731
  view-data: 0.21594066795660183
