times:
  edit-metadata: 0.49373281211592257
  landing: 0.048611998092383146
  view-data: 0.3780512500088662
