times:
  edit-metadata: 0.4344067759811878
  landing: 0.045534476172178984
  view-data: 0.198620589915663
