times:
  edit-metadata: 0.4427169810514897
  landing: 0.04748416901566088
  view-data: 0.20869376696646214
