times:
  edit-metadata: 2.343813798390329
  landing: 1.322984915226698
  view-data: 3.560192166827619
