times:
  edit-metadata: 1.431456589139998
  landing: 0.7843122598715127
  view-data: 3.4069330166094005
