times:
  edit-metadata: 1.369874432682991
  landing: 0.02000422589480877
  view-data: 0.3450613860040903
