times:
  edit-metadata: 0.4755218239997703
  landing: 0.05704128799970931
  view-data: 0.23323276999963127
