times:
  edit-metadata: 1.6559959147125483
  landing: 0.3058622684329748
  view-data: 0.4250576514750719
