times:
  edit-metadata: 1.5094861537218094
  landing: 0.8878646492958069
  view-data: 3.382242050021887
