times:
  edit-metadata: 2.202611520886421
  landing: 1.2949321754276752
  view-data: 3.564770933240652
