times:
  edit-metadata: 1.298858336172998
  landing: 0.01948009617626667
  view-data: 0.025133403949439526
