times:
  edit-metadata: 2.0075289867818356
  landing: 1.490086704492569
  view-data: 3.4439868927001953
