times:
  edit-metadata: 1.3757720217108727
  landing: 0.024343935772776604
  view-data: 0.30212500132620335
