times:
  edit-metadata: 0.5165720507502556
  landing: 0.08124205889180303
  view-data: 0.23832089407369494
