times:
  edit-metadata: 1.411463251337409
  landing: 0.021698560565710068
  view-data: 0.026396984234452248
