times:
  edit-metadata: 1.6216908022761345
  landing: 0.95072390884161
  view-data: 3.3453882560133934
