times:
  edit-metadata: 1.4445023303851485
  landing: 0.7510232320055366
  view-data: 3.3309303568676114
