times:
  edit-metadata: 0.4541909790132195
  landing: 0.0434647249057889
  view-data: 0.21264043496921659
