times:
  edit-metadata: 1.2941249767318368
  landing: 0.021687923930585384
  view-data: 0.02744346670806408
