times:
  edit-metadata: 1.2561506060883403
  landing: 0.02036191988736391
  view-data: 0.1038104547187686
