times:
  edit-metadata: 1.4684121273458004
  landing: 0.9309997670352459
  view-data: 3.3379106484353542
