times:
  edit-metadata: 1.3005430484190583
  landing: 0.022760442458093166
  view-data: 0.026687568984925747
