times:
  edit-metadata: 1.5518469493836164
  landing: 0.25010053999722004
  view-data: 0.37204673513770103
