times:
  edit-metadata: 1.4766273684799671
  landing: 0.15461291559040546
  view-data: 0.4366259016096592
