times:
  edit-metadata: 1.426533553749323
  landing: 0.9098407961428165
  view-data: 3.3505356200039387
