times:
  edit-metadata: 0.48806502390652895
  landing: 0.047355293994769454
  view-data: 0.2152982938569039
