times:
  edit-metadata: 0.6090583158656955
  landing: 0.045927643310278654
  view-data: 0.21456355042755604
