times:
  edit-metadata: 1.3232102617621422
  landing: 0.8584965094923973
  view-data: 3.3057248890399933
