times:
  edit-metadata: 1.3534710803069174
  landing: 0.8662064927630126
  view-data: 3.4344281312078238
