times:
  edit-metadata: 1.4482065085321665
  landing: 0.24485192634165287
  view-data: 0.2999271843582392
