times:
  edit-metadata: 0.4624378546141088
  landing: 0.07997483015060425
  view-data: 0.20446768077090383
