times:
  edit-metadata: 1.4709718339145184
  landing: 0.8935661725699902
  view-data: 3.4209680669009686
