times:
  edit-metadata: 1.4984674043953419
  landing: 1.0142791643738747
  view-data: 3.344719298183918
