times:
  edit-metadata: 1.569762820377946
  landing: 0.8108638562262058
  view-data: 3.437745461240411
