times:
  edit-metadata: 1.2872609300538898
  landing: 0.14839061070233583
  view-data: 0.21621131524443626
