times:
  edit-metadata: 1.6974070370197296
  landing: 0.804228201508522
  view-data: 3.3884259946644306
