times:
  edit-metadata: 0.4392498848028481
  landing: 0.08090424304828048
  view-data: 0.21389393508434296
