times:
  edit-metadata: 1.5035028159618378
  landing: 0.7239878363907337
  view-data: 3.4281900636851788
