times:
  edit-metadata: 1.4655915684998035
  landing: 0.7231216598302126
  view-data: 3.3636483941227198
