times:
  edit-metadata: 0.5119530679949094
  landing: 0.04982553201261908
  view-data: 0.20957619498949498
