times:
  edit-metadata: 1.2665704283863306
  landing: 0.02560407016426325
  view-data: 0.124464500695467
