times:
  edit-metadata: 2.784621335566044
  landing: 2.3155058063566685
  view-data: 3.5407319366931915
