times:
  edit-metadata: 1.5210522655397654
  landing: 0.8015579357743263
  view-data: 3.3438734337687492
