times:
  edit-metadata: 1.496489655226469
  landing: 0.9650576300919056
  view-data: 3.3182410560548306
