times:
  edit-metadata: 1.2621779292821884
  landing: 0.11171736381947994
  view-data: 0.23235270753502846
