times:
  edit-metadata: 0.3881866978481412
  landing: 0.04568243492394686
  view-data: 0.19902496179565787
