times:
  edit-metadata: 1.2821706421673298
  landing: 0.021516001783311367
  view-data: 0.026435252279043198
