times:
  edit-metadata: 1.2369880387559533
  landing: 0.021419601514935493
  view-data: 0.02434860821813345
