times:
  edit-metadata: 1.3642196729779243
  landing: 0.216890599578619
  view-data: 0.15226357989013195
