times:
  edit-metadata: 1.2357362760230899
  landing: 0.02088465541601181
  view-data: 0.42539918329566717
