times:
  edit-metadata: 1.3173236725851893
  landing: 0.02081590611487627
  view-data: 0.11717776861041784
