times:
  edit-metadata: 1.4960753237828612
  landing: 0.2454241206869483
  view-data: 0.30384038388729095
