times:
  edit-metadata: 1.2295753778889775
  landing: 0.21928567625582218
  view-data: 0.027819640934467316
