times:
  edit-metadata: 1.2786178635433316
  landing: 0.02116265520453453
  view-data: 0.027132309041917324
