times:
  edit-metadata: 1.4663819447159767
  landing: 0.11406356655061245
  view-data: 0.027010325342416763
