times:
  edit-metadata: 0.4431978369830176
  landing: 0.10822471795836464
  view-data: 0.21661452599801123
