times:
  edit-metadata: 1.2759211929515004
  landing: 0.020612078718841076
  view-data: 0.024323532357811928
