times:
  edit-metadata: 1.2742919102311134
  landing: 0.11971512995660305
  view-data: 0.02531510218977928
