times:
  edit-metadata: 1.4330981741659343
  landing: 0.787936985027045
  view-data: 3.367047480074689
