times:
  edit-metadata: 1.4130671061575413
  landing: 0.7959962692111731
  view-data: 3.314457543194294
