times:
  edit-metadata: 0.43477520532906055
  landing: 0.042170011438429356
  view-data: 0.20680972002446651
