times:
  edit-metadata: 1.494385052472353
  landing: 0.757526557892561
  view-data: 3.381522983312607
