times:
  edit-metadata: 1.508160687983036
  landing: 0.8433251306414604
  view-data: 3.3004220463335514
