times:
  edit-metadata: 1.2801379077136517
  landing: 0.02221507579088211
  view-data: 0.023903850466012955
