times:
  edit-metadata: 0.47869645012542605
  landing: 0.05769656505435705
  view-data: 0.2240359098650515
