times:
  edit-metadata: 0.515385664999485
  landing: 0.07300189696252346
  view-data: 0.20842291181907058
