times:
  edit-metadata: 1.6271548196673393
  landing: 1.0521710067987442
  view-data: 3.4021192751824856
