times:
  edit-metadata: 1.7222007438540459
  landing: 0.9336348846554756
  view-data: 3.361520202830434
