times:
  edit-metadata: 1.3330796957015991
  landing: 0.7604916989803314
  view-data: 3.3320956379175186
