times:
  edit-metadata: 1.494211319833994
  landing: 0.8905296139419079
  view-data: 3.4029811173677444
