times:
  edit-metadata: 1.580795168876648
  landing: 0.966191653162241
  view-data: 3.3845063745975494
