times:
  edit-metadata: 1.6983615010976791
  landing: 0.9567435272037983
  view-data: 3.477147951722145
