times:
  edit-metadata: 1.3524136897176504
  landing: 0.02339109033346176
  view-data: 0.14204156398773193
