times:
  edit-metadata: 1.4342145808041096
  landing: 0.8637470342218876
  view-data: 3.3097702339291573
