times:
  edit-metadata: 1.4920170903205872
  landing: 0.7559612970799208
  view-data: 3.405427323654294
