times:
  edit-metadata: 1.5214027855545282
  landing: 0.775376396253705
  view-data: 3.3866556752473116
