times:
  edit-metadata: 1.6001310721039772
  landing: 1.062082041054964
  view-data: 3.4935344234108925
