times:
  edit-metadata: 1.5956137664616108
  landing: 2.2327955216169357
  view-data: 3.758896127343178
