times:
  edit-metadata: 0.45537279173731804
  landing: 0.0495430426672101
  view-data: 0.2081234846264124
