times:
  edit-metadata: 1.3642442133277655
  landing: 0.2153923623263836
  view-data: 0.025295989587903023
