times:
  edit-metadata: 1.4336383491754532
  landing: 1.0436478555202484
  view-data: 3.3619728554040194
