times:
  edit-metadata: 1.432544631883502
  landing: 0.7275666948407888
  view-data: 3.364276262000203
