times:
  edit-metadata: 1.2729262467473745
  landing: 0.023677779361605644
  view-data: 0.128780628554523
