times:
  edit-metadata: 1.4445839412510395
  landing: 0.7991553694009781
  view-data: 3.4251407980918884
