times:
  edit-metadata: 1.4624836761504412
  landing: 0.21872811578214169
  view-data: 0.294415982440114
