times:
  edit-metadata: 1.483190636150539
  landing: 0.8026539525017142
  view-data: 3.376606506295502
