times:
  edit-metadata: 0.43219761399086565
  landing: 0.049327459011692554
  view-data: 0.21710800001164898
