times:
  edit-metadata: 1.252047223970294
  landing: 0.020181124098598957
  view-data: 0.0255174757912755
