times:
  edit-metadata: 1.3296717703342438
  landing: 0.021759316325187683
  view-data: 0.4142748471349478
