times:
  edit-metadata: 1.6296365074813366
  landing: 0.8707407712936401
  view-data: 3.3199416287243366
