times:
  edit-metadata: 1.5212125983089209
  landing: 0.8285593362525105
  view-data: 3.3843927895650268
