times:
  edit-metadata: 1.3877006471157074
  landing: 0.9026101194322109
  view-data: 3.414778672158718
