times:
  edit-metadata: 1.5181440319865942
  landing: 0.992565218359232
  view-data: 3.379358606413007
