times:
  edit-metadata: 1.5143801346421242
  landing: 0.7229798883199692
  view-data: 3.348224051296711
