times:
  edit-metadata: 1.4056719057261944
  landing: 0.019710058346390724
  view-data: 0.023553743958473206
