times:
  edit-metadata: 1.5105286091566086
  landing: 0.8298905789852142
  view-data: 3.37164955586195
