times:
  edit-metadata: 0.4523647159803659
  landing: 0.045918593008536845
  view-data: 0.2105866459896788
