times:
  edit-metadata: 1.541527284309268
  landing: 0.23239519819617271
  view-data: 0.15373541973531246
