times:
  edit-metadata: 1.4055175269022584
  landing: 0.20936497766524553
  view-data: 0.02808662038296461
