times:
  edit-metadata: 1.395278587937355
  landing: 0.7404147908091545
  view-data: 3.3490558029152453
