times:
  edit-metadata: 1.2988272476941347
  landing: 0.1171346940100193
  view-data: 0.025765446946024895
