times:
  edit-metadata: 0.8225647849030793
  landing: 0.04089588671922684
  view-data: 0.20403314987197518
