times:
  edit-metadata: 1.511748056858778
  landing: 0.8856225796043873
  view-data: 3.3096822760999203
