times:
  edit-metadata: 1.3906557229347527
  landing: 0.8415358741767704
  view-data: 3.375974965747446
