times:
  edit-metadata: 1.2476194743067026
  landing: 0.12327260989695787
  view-data: 0.3992676315829158
