times:
  edit-metadata: 0.5272548690263648
  landing: 0.05488223099382594
  view-data: 0.2206385730241891
