times:
  edit-metadata: 1.4012418799102306
  landing: 1.0045188665390015
  view-data: 3.400880567729473
