times:
  edit-metadata: 1.5217121951282024
  landing: 0.799354936927557
  view-data: 3.4509068466722965
