times:
  edit-metadata: 1.2670773323625326
  landing: 0.13805636018514633
  view-data: 0.10475642792880535
