times:
  edit-metadata: 1.4520594929344952
  landing: 1.0845031831413507
  view-data: 3.794215945992619
