times:
  edit-metadata: 1.4568005073815584
  landing: 0.812460957095027
  view-data: 3.3910387959331274
