times:
  edit-metadata: 1.4911518916487694
  landing: 0.7221082895994186
  view-data: 3.3728919364511967
