times:
  edit-metadata: 0.4580209068953991
  landing: 0.048291697981767356
  view-data: 0.23122516297735274
