times:
  edit-metadata: 1.3873784989118576
  landing: 0.7661417722702026
  view-data: 3.3359253462404013
