times:
  edit-metadata: 1.4199215797707438
  landing: 0.8606873690150678
  view-data: 3.4407519455999136
