times:
  edit-metadata: 1.3043946772813797
  landing: 0.7708351947367191
  view-data: 3.322593130171299
