times:
  edit-metadata: 0.4522289310116321
  landing: 0.05476888100383803
  view-data: 0.22076198097784072
