times:
  edit-metadata: 1.4432024024426937
  landing: 0.8516439683735371
  view-data: 3.2916801013052464
