times:
  edit-metadata: 1.3392142746597528
  landing: 0.1504546320065856
  view-data: 0.026258107274770737
