times:
  edit-metadata: 1.2808767789974809
  landing: 0.020095686428248882
  view-data: 0.027167621068656445
