times:
  edit-metadata: 1.4218682125210762
  landing: 1.0540598407387733
  view-data: 3.326603714376688
