times:
  edit-metadata: 0.42282850109040737
  landing: 0.042592701967805624
  view-data: 0.2020632280036807
