times:
  edit-metadata: 1.2887551737949252
  landing: 0.021756485104560852
  view-data: 0.0262514753267169
