times:
  edit-metadata: 1.2774135833606124
  landing: 0.09758237097412348
  view-data: 0.33290088549256325
