times:
  edit-metadata: 1.383235227316618
  landing: 0.19620045833289623
  view-data: 0.3219876755028963
