times:
  edit-metadata: 0.4544688523747027
  landing: 0.06526515120640397
  view-data: 0.31493185134604573
