times:
  edit-metadata: 0.6473789890296757
  landing: 0.052052156010176986
  view-data: 0.2001823799801059
