times:
  edit-metadata: 1.227563016116619
  landing: 0.020371321588754654
  view-data: 0.0256330743432045
