times:
  edit-metadata: 1.3437103740870953
  landing: 0.8053953694179654
  view-data: 3.375086613930762
