times:
  edit-metadata: 1.2466646628454328
  landing: 0.020849120803177357
  view-data: 0.027540196664631367
