times:
  edit-metadata: 1.281033841893077
  landing: 0.02052355371415615
  view-data: 0.3893214873969555
