times:
  edit-metadata: 1.6097905971109867
  landing: 0.26842343248426914
  view-data: 0.2270799484103918
