times:
  edit-metadata: 1.3723421953618526
  landing: 0.17219596542418003
  view-data: 0.30031145736575127
