times:
  edit-metadata: 2.960750300437212
  landing: 1.6152610154822469
  view-data: 3.673708307556808
