times:
  edit-metadata: 1.3896376909688115
  landing: 0.7634302461519837
  view-data: 3.3529620580375195
