times:
  edit-metadata: 0.4491048064082861
  landing: 0.044046467170119286
  view-data: 0.19543944858014584
