times:
  edit-metadata: 1.3258154280483723
  landing: 0.20353671070188284
  view-data: 0.22635747399181128
