times:
  edit-metadata: 0.4037967110052705
  landing: 0.04477654956281185
  view-data: 0.1967910686507821
