times:
  edit-metadata: 1.5876885987818241
  landing: 0.8990568965673447
  view-data: 3.4336576145142317
