times:
  edit-metadata: 1.3480530600063503
  landing: 0.7648481831420213
  view-data: 3.3081828190479428
