times:
  edit-metadata: 0.4990934719971847
  landing: 0.04947549299686216
  view-data: 0.20828237300156616
