times:
  edit-metadata: 1.5032770670950413
  landing: 0.8830287382006645
  view-data: 3.4231635071337223
