times:
  edit-metadata: 1.332097029313445
  landing: 0.8688729330897331
  view-data: 3.3193302880972624
