times:
  edit-metadata: 1.5165027529001236
  landing: 0.7843623124063015
  view-data: 3.432749480009079
