times:
  edit-metadata: 1.3520348849706352
  landing: 0.7860658450517803
  view-data: 3.4216152569279075
