times:
  edit-metadata: 1.474739615805447
  landing: 0.7853013910353184
  view-data: 3.5013930569402874
