times:
  edit-metadata: 1.4262114400044084
  landing: 0.7312112739309669
  view-data: 3.4258097298443317
