times:
  edit-metadata: 0.4525922640459612
  landing: 0.05645536503288895
  view-data: 0.2256012320285663
