times:
  edit-metadata: 1.9012039545923471
  landing: 0.15607264637947083
  view-data: 0.38874826952815056
