times:
  edit-metadata: 0.4141698074527085
  landing: 0.04905225429683924
  view-data: 0.2032353230752051
