times:
  edit-metadata: 1.3985450589098036
  landing: 0.7369371019303799
  view-data: 3.370940858963877
