times:
  edit-metadata: 0.44568287674337626
  landing: 0.0376956257969141
  view-data: 0.19380197999998927
