times:
  edit-metadata: 1.2716003460809588
  landing: 0.022789565846323967
  view-data: 0.02566095720976591
