times:
  edit-metadata: 0.4626247698906809
  landing: 0.06249838415533304
  view-data: 0.221552083035931
