times:
  edit-metadata: 1.3853417206555605
  landing: 0.6740572471171618
  view-data: 3.262261824682355
