times:
  edit-metadata: 0.46771914092823863
  landing: 0.07128700893372297
  view-data: 0.2221166449598968
