times:
  edit-metadata: 1.3919773022644222
  landing: 0.7252761442214251
  view-data: 3.3748260238207877
