times:
  edit-metadata: 1.4819532760884613
  landing: 0.8430754709988832
  view-data: 3.4119916819036007
