times:
  edit-metadata: 1.4581703878939152
  landing: 0.9762906860560179
  view-data: 3.402772244066
