times:
  edit-metadata: 0.4053237233310938
  landing: 0.04170957487076521
  view-data: 0.19780845381319523
