times:
  edit-metadata: 1.4245317168533802
  landing: 0.13885981030762196
  view-data: 0.1252493392676115
