times:
  edit-metadata: 1.2730042589828372
  landing: 0.20733929052948952
  view-data: 0.3385016843676567
