times:
  edit-metadata: 0.7135229110717773
  landing: 0.043629081919789314
  view-data: 0.20268681040033698
