times:
  edit-metadata: 0.5048277541063726
  landing: 0.054635277949273586
  view-data: 0.21584131894633174
