times:
  edit-metadata: 1.2926614694297314
  landing: 0.02144132647663355
  view-data: 0.025746267288923264
