times:
  edit-metadata: 1.280665467493236
  landing: 0.019246834330260754
  view-data: 0.026311120949685574
