times:
  edit-metadata: 1.4176204837858677
  landing: 0.7626087218523026
  view-data: 3.314946200698614
