times:
  edit-metadata: 3.1781561579555273
  landing: 1.7099936548620462
  view-data: 3.496606606990099
