times:
  edit-metadata: 0.47638531122356653
  landing: 0.052196063101291656
  view-data: 0.209484598133713
