times:
  edit-metadata: 1.2687511490657926
  landing: 0.020508507266640663
  view-data: 0.02638441137969494
