times:
  edit-metadata: 0.44492994295433164
  landing: 0.04195794090628624
  view-data: 0.21414016792550683
