times:
  edit-metadata: 1.4679651763290167
  landing: 0.9487658012658358
  view-data: 3.3707872312515974
