times:
  edit-metadata: 1.5245407857000828
  landing: 0.8228225745260715
  view-data: 3.3951932191848755
