times:
  edit-metadata: 1.298210697248578
  landing: 0.16751036047935486
  view-data: 0.12429346330463886
