times:
  edit-metadata: 1.2285550450906157
  landing: 0.07253680098801851
  view-data: 0.10501069854944944
