times:
  edit-metadata: 1.3508962392807007
  landing: 0.7148527838289738
  view-data: 3.3447994366288185
