times:
  edit-metadata: 1.2869831565767527
  landing: 0.01907653547823429
  view-data: 0.024354171007871628
