times:
  edit-metadata: 1.3420383930206299
  landing: 0.7222591899335384
  view-data: 3.245074722915888
