times:
  edit-metadata: 1.306766530033201
  landing: 0.7136124960379675
  view-data: 3.358954246970825
