times:
  edit-metadata: 1.617889404296875
  landing: 0.19702096097171307
  view-data: 0.34581296145915985
