times:
  edit-metadata: 0.4683737619780004
  landing: 0.044982756953686476
  view-data: 0.2312283655628562
