times:
  edit-metadata: 1.2630733791738749
  landing: 0.09755055140703917
  view-data: 0.1182120256125927
