times:
  edit-metadata: 0.45526400418020785
  landing: 0.04525337112136185
  view-data: 0.20285697700455785
