times:
  edit-metadata: 1.4420842360705137
  landing: 0.8299057204276323
  view-data: 3.288473481312394
