times:
  edit-metadata: 2.29456615075469
  landing: 1.3795720338821411
  view-data: 3.9927150309085846
