times:
  edit-metadata: 1.9385386165231466
  landing: 0.9344997517764568
  view-data: 3.4763014148920774
