times:
  edit-metadata: 1.3865629360079765
  landing: 0.8468165434896946
  view-data: 3.362775184214115
