times:
  edit-metadata: 1.4093457650160417
  landing: 0.8286469379672781
  view-data: 3.338473233045079
