times:
  edit-metadata: 1.4004312511533499
  landing: 0.22286509163677692
  view-data: 0.1503861490637064
