times:
  edit-metadata: 1.6424330715090036
  landing: 0.9180801305919886
  view-data: 3.5667640659958124
