times:
  edit-metadata: 1.6181952152401209
  landing: 0.8849283792078495
  view-data: 3.473110305145383
