times:
  edit-metadata: 1.4542340328916907
  landing: 0.8887689160183072
  view-data: 3.3299843119457364
