times:
  edit-metadata: 1.3870110509451479
  landing: 0.7584047669079155
  view-data: 3.302689397940412
