times:
  edit-metadata: 1.5512374062091112
  landing: 0.8279015608131886
  view-data: 3.5424937326461077
