times:
  edit-metadata: 1.3296423312276602
  landing: 0.021200399845838547
  view-data: 0.129239184781909
