times:
  edit-metadata: 1.5106722991913557
  landing: 0.793471859768033
  view-data: 3.459569778293371
