times:
  edit-metadata: 1.27514932397753
  landing: 0.020575380884110928
  view-data: 0.026726648211479187
