times:
  edit-metadata: 1.2731161834672093
  landing: 0.019604514352977276
  view-data: 0.025613831356167793
