times:
  edit-metadata: 1.6381516493856907
  landing: 0.8130163475871086
  view-data: 3.296660903841257
