times:
  edit-metadata: 1.25203029345721
  landing: 0.02344490960240364
  view-data: 0.12381921801716089
