times:
  edit-metadata: 0.4593908579554409
  landing: 0.05129884195048362
  view-data: 0.21151721093337983
