times:
  edit-metadata: 0.44202718371525407
  landing: 0.07647040486335754
  view-data: 0.21305700205266476
