times:
  edit-metadata: 1.3238616157323122
  landing: 0.2013631835579872
  view-data: 0.327572338283062
