times:
  edit-metadata: 1.3708895314484835
  landing: 0.7241810616105795
  view-data: 3.3799760872498155
