times:
  edit-metadata: 1.4381753597408533
  landing: 0.023386646062135696
  view-data: 0.34093364514410496
