times:
  edit-metadata: 1.4153064414858818
  landing: 0.6654827259480953
  view-data: 3.3332185819745064
