times:
  edit-metadata: 1.356385855935514
  landing: 0.019641635939478874
  view-data: 0.02613192517310381
