times:
  edit-metadata: 1.3791794320568442
  landing: 0.01996127888560295
  view-data: 0.02587305847555399
