times:
  edit-metadata: 1.4193184189498425
  landing: 0.019097167998552322
  view-data: 0.41863859072327614
