times:
  edit-metadata: 1.558593824505806
  landing: 1.069748092442751
  view-data: 3.5707658119499683
