times:
  edit-metadata: 1.3635381236672401
  landing: 0.01794273778796196
  view-data: 0.31435634940862656
