times:
  edit-metadata: 0.46288064308464527
  landing: 0.047642759047448635
  view-data: 0.20641085505485535
