times:
  edit-metadata: 1.732152033597231
  landing: 0.14177186973392963
  view-data: 0.3489854410290718
