times:
  edit-metadata: 0.46527660195715725
  landing: 0.08209714805707335
  view-data: 0.21513570589013398
