times:
  edit-metadata: 1.5470168627798557
  landing: 0.8895735070109367
  view-data: 3.3377498984336853
