times:
  edit-metadata: 1.4385129874572158
  landing: 0.8034679312258959
  view-data: 3.442319222725928
