times:
  edit-metadata: 1.5139088928699493
  landing: 0.9399317651987076
  view-data: 3.426494661718607
