times:
  edit-metadata: 1.5926157291978598
  landing: 0.7650876697152853
  view-data: 3.420987168326974
