times:
  edit-metadata: 1.6478331089019775
  landing: 0.9140789248049259
  view-data: 3.3709511570632458
