times:
  edit-metadata: 1.433653261512518
  landing: 0.887523215264082
  view-data: 3.3998327180743217
