times:
  edit-metadata: 1.2492387080565095
  landing: 0.022058168426156044
  view-data: 0.2454731296747923
