times:
  edit-metadata: 1.3795923683792353
  landing: 0.025029277428984642
  view-data: 0.1273126695305109
