times:
  edit-metadata: 2.296548804268241
  landing: 1.0471148784272373
  view-data: 3.377144318073988
