times:
  edit-metadata: 1.333898052573204
  landing: 0.022000083699822426
  view-data: 0.2828961480408907
