times:
  edit-metadata: 0.4934220740105957
  landing: 0.048349067103117704
  view-data: 0.22222270211204886
