times:
  edit-metadata: 1.6412079818546772
  landing: 1.0364093333482742
  view-data: 3.38738327100873
