times:
  edit-metadata: 0.4626235789619386
  landing: 0.04346164403250441
  view-data: 0.22530118800932541
