times:
  edit-metadata: 1.2985549867153168
  landing: 0.19722684565931559
  view-data: 0.10268236044794321
