times:
  edit-metadata: 0.40985628589987755
  landing: 0.044073181226849556
  view-data: 0.19623597990721464
