times:
  edit-metadata: 0.46288771787658334
  landing: 0.04621775890700519
  view-data: 0.20557726989500225
