times:
  edit-metadata: 1.4148164479993284
  landing: 0.8739701262675226
  view-data: 3.4004878900013864
