times:
  edit-metadata: 1.781510897912085
  landing: 0.8061834229156375
  view-data: 3.42433260101825
