times:
  edit-metadata: 1.5027229581028223
  landing: 0.7579468935728073
  view-data: 3.400501599535346
