times:
  edit-metadata: 1.285481981933117
  landing: 0.021000351756811142
  view-data: 0.024292873218655586
