times:
  edit-metadata: 0.4235287057235837
  landing: 0.04114691261202097
  view-data: 0.1932955188676715
