times:
  edit-metadata: 1.4762066598050296
  landing: 0.8817592267878354
  view-data: 3.404866118915379
