times:
  edit-metadata: 1.808207780122757
  landing: 0.9517039190977812
  view-data: 3.449932148680091
