times:
  edit-metadata: 1.646837942302227
  landing: 1.047451637685299
  view-data: 3.353501670062542
