times:
  edit-metadata: 0.4629332087934017
  landing: 0.041600764729082584
  view-data: 0.20209087524563074
