times:
  edit-metadata: 1.2870477186515927
  landing: 0.026492898352444172
  view-data: 0.12348913867026567
