times:
  edit-metadata: 1.26365981483832
  landing: 0.7625883389264345
  view-data: 3.327876645838842
