times:
  edit-metadata: 1.3193659204989672
  landing: 0.15259454026818275
  view-data: 0.2840831056237221
