times:
  edit-metadata: 1.3611073605716228
  landing: 0.22309742867946625
  view-data: 0.37571464851498604
