times:
  edit-metadata: 1.590194333344698
  landing: 0.8607539013028145
  view-data: 3.462748307734728
