times:
  edit-metadata: 0.42545588221400976
  landing: 0.04339346010237932
  view-data: 0.1969018280506134
