times:
  edit-metadata: 1.4748358055949211
  landing: 0.6646616011857986
  view-data: 3.404375310987234
