times:
  edit-metadata: 1.5757316797971725
  landing: 1.0347869247198105
  view-data: 3.326841603964567
