times:
  edit-metadata: 0.42389677185565233
  landing: 0.045198422856628895
  view-data: 0.19587470777332783
