times:
  edit-metadata: 1.2782450746744871
  landing: 0.023137878626585007
  view-data: 0.32927351631224155
