times:
  edit-metadata: 1.2479497101157904
  landing: 0.02044345997273922
  view-data: 0.10122922528535128
