times:
  edit-metadata: 1.2979400791227818
  landing: 0.21584554389119148
  view-data: 0.026578836143016815
