times:
  edit-metadata: 1.352069478482008
  landing: 0.8814705424010754
  view-data: 3.342537432909012
