times:
  edit-metadata: 1.52102271001786
  landing: 0.01998076308518648
  view-data: 0.029199544340372086
