times:
  edit-metadata: 0.4371575328987092
  landing: 0.05334849702194333
  view-data: 0.20338717987760901
