times:
  edit-metadata: 1.2989791221916676
  landing: 0.020364055410027504
  view-data: 0.15526563115417957
