times:
  edit-metadata: 1.6155937500298023
  landing: 1.0095346570014954
  view-data: 3.434222314506769
