times:
  edit-metadata: 1.5321740843355656
  landing: 0.9537551365792751
  view-data: 3.358844731003046
