times:
  edit-metadata: 1.4146062629297376
  landing: 0.7147809062153101
  view-data: 3.3964006789028645
