times:
  edit-metadata: 1.2754630260169506
  landing: 0.020732583478093147
  view-data: 0.02494826540350914
