times:
  edit-metadata: 1.4662423320114613
  landing: 0.8015253357589245
  view-data: 3.320088665932417
