times:
  edit-metadata: 1.3581212563440204
  landing: 0.8625755598768592
  view-data: 3.387758757919073
