times:
  edit-metadata: 1.290626891888678
  landing: 0.019655643962323666
  view-data: 0.026271660812199116
