times:
  edit-metadata: 1.508217714726925
  landing: 0.782921751961112
  view-data: 3.399410951882601
