times:
  edit-metadata: 1.3011142574250698
  landing: 0.01953565701842308
  view-data: 0.5086975116282701
