times:
  edit-metadata: 0.512201274977997
  landing: 0.04741953802295029
  view-data: 0.21038792398758233
