times:
  edit-metadata: 1.3354304526001215
  landing: 0.11533732526004314
  view-data: 0.024033309891819954
