times:
  edit-metadata: 1.2535847555845976
  landing: 0.021524813026189804
  view-data: 0.11883240099996328
