times:
  edit-metadata: 0.4608489370002644
  landing: 0.04441080401011277
  view-data: 0.33844171999953687
