times:
  edit-metadata: 0.45163938496261835
  landing: 0.037278749980032444
  view-data: 0.1957084508612752
