times:
  edit-metadata: 1.8445734828710556
  landing: 1.2359363362193108
  view-data: 3.415753036737442
