times:
  edit-metadata: 3.091124763712287
  landing: 0.48409257736057043
  view-data: 0.8428030777722597
