times:
  edit-metadata: 1.474333992227912
  landing: 0.024096840992569923
  view-data: 0.3579353429377079
