times:
  edit-metadata: 1.4040435291826725
  landing: 0.8184912027791142
  view-data: 3.40535070002079
