times:
  edit-metadata: 1.2315892772749066
  landing: 0.22896595392376184
  view-data: 0.3454681159928441
