times:
  edit-metadata: 1.3007156178355217
  landing: 0.7290453966706991
  view-data: 3.33367757871747
