times:
  edit-metadata: 1.288817236199975
  landing: 0.02087087370455265
  view-data: 0.12186845950782299
