times:
  edit-metadata: 0.456657602917403
  landing: 0.08093049004673958
  view-data: 0.20966600580140948
