times:
  edit-metadata: 1.2636039787903428
  landing: 0.1148369712755084
  view-data: 0.022972037084400654
