times:
  edit-metadata: 1.3183625377714634
  landing: 0.021582163870334625
  view-data: 0.025532767176628113
