times:
  edit-metadata: 1.2670639604330063
  landing: 0.1198272630572319
  view-data: 0.3495206870138645
