times:
  edit-metadata: 1.4774536918848753
  landing: 0.7007546667009592
  view-data: 3.3697673827409744
