times:
  edit-metadata: 0.4590119901113212
  landing: 0.043508331989869475
  view-data: 0.23042351799085736
