times:
  edit-metadata: 1.5176705606281757
  landing: 1.045206742361188
  view-data: 3.4849495887756348
