times:
  edit-metadata: 1.5944772008806467
  landing: 0.783149491995573
  view-data: 3.442047044634819
