times:
  edit-metadata: 1.6089543662965298
  landing: 0.8294228576123714
  view-data: 3.43034840375185
