times:
  edit-metadata: 1.514278668910265
  landing: 0.9648759886622429
  view-data: 3.3837376534938812
