times:
  edit-metadata: 1.6366723589599133
  landing: 0.9788464270532131
  view-data: 3.4324003122746944
