times:
  edit-metadata: 1.5343637987971306
  landing: 0.9142134860157967
  view-data: 3.448505509644747
