times:
  edit-metadata: 1.559139795601368
  landing: 1.0135602876543999
  view-data: 3.33214607834816
