times:
  edit-metadata: 1.4801467843353748
  landing: 0.8741914294660091
  view-data: 3.366117563098669
