times:
  edit-metadata: 1.5534746162593365
  landing: 0.9633338339626789
  view-data: 3.462892770767212
