times:
  edit-metadata: 1.65541248396039
  landing: 1.0217098630964756
  view-data: 3.3495312705636024
