times:
  edit-metadata: 1.5180456265807152
  landing: 0.8695755042135715
  view-data: 3.3047462813556194
