times:
  edit-metadata: 1.5065319761633873
  landing: 1.0090639851987362
  view-data: 3.328253485262394
