times:
  edit-metadata: 1.5244795568287373
  landing: 0.9967036917805672
  view-data: 3.4449318759143353
