times:
  edit-metadata: 1.4863114021718502
  landing: 1.0404152423143387
  view-data: 3.3581237606704235
