times:
  edit-metadata: 2.8046041131019592
  landing: 1.2989915646612644
  view-data: 3.6841720044612885
