times:
  edit-metadata: 1.5545126646757126
  landing: 0.9706663452088833
  view-data: 3.3948100805282593
