times:
  edit-metadata: 1.557419203221798
  landing: 0.9441652148962021
  view-data: 3.4620635136961937
