times:
  edit-metadata: 1.5140120014548302
  landing: 0.996048454195261
  view-data: 3.4058335423469543
