times:
  edit-metadata: 1.58402980864048
  landing: 1.1647551655769348
  view-data: 3.4135525599122047
