times:
  edit-metadata: 1.7008855417370796
  landing: 1.0163980461657047
  view-data: 3.3471147939562798
