times:
  edit-metadata: 1.4474758617579937
  landing: 0.8574366681277752
  view-data: 3.3072651773691177
