times:
  edit-metadata: 1.5282373391091824
  landing: 1.0566762834787369
  view-data: 3.346448216587305
