times:
  edit-metadata: 2.1225117333233356
  landing: 1.3117493763566017
  view-data: 3.4629873856902122
