times:
  edit-metadata: 1.6469577252864838
  landing: 1.0503442361950874
  view-data: 3.4743619821965694
