times:
  edit-metadata: 1.4445663429796696
  landing: 0.9663162752985954
  view-data: 3.425228215754032
