times:
  edit-metadata: 1.4676601886749268
  landing: 0.9238429665565491
  view-data: 3.342662066221237
