times:
  edit-metadata: 1.6264434419572353
  landing: 0.9735660664737225
  view-data: 3.406923409551382
