times:
  edit-metadata: 1.4989694319665432
  landing: 0.8841922879219055
  view-data: 3.314370781183243
