times:
  edit-metadata: 1.644068531692028
  landing: 0.9994738362729549
  view-data: 3.348581325262785
