times:
  edit-metadata: 1.5020499154925346
  landing: 0.9641658626496792
  view-data: 3.3992297165095806
