times:
  edit-metadata: 1.4551026970148087
  landing: 0.9424222894012928
  view-data: 3.3460826463997364
