times:
  edit-metadata: 1.4330933764576912
  landing: 0.9159994795918465
  view-data: 3.414711583405733
