times:
  edit-metadata: 1.8218536116182804
  landing: 4.438485037535429
  view-data: 3.4480044282972813
