times:
  edit-metadata: 1.539309699088335
  landing: 1.002435825765133
  view-data: 3.4083185493946075
