times:
  edit-metadata: 1.6081372983753681
  landing: 0.9793839268386364
  view-data: 3.3953423276543617
