times:
  edit-metadata: 1.5180551558732986
  landing: 0.8053334392607212
  view-data: 3.3833771273493767
