times:
  edit-metadata: 1.5940534695982933
  landing: 1.1131128035485744
  view-data: 3.3428799211978912
