times:
  edit-metadata: 1.654096219688654
  landing: 1.071662224829197
  view-data: 3.3458686619997025
