times:
  edit-metadata: 3.1590234264731407
  landing: 1.9720544070005417
  view-data: 4.114675357937813
