times:
  edit-metadata: 1.6237492300570011
  landing: 1.168713491410017
  view-data: 3.4188131354749203
