times:
  edit-metadata: 1.5379371121525764
  landing: 1.0660839602351189
  view-data: 3.3903338238596916
