times:
  edit-metadata: 1.4867707788944244
  landing: 0.9620009176433086
  view-data: 3.367355540394783
