times:
  edit-metadata: 1.6912813298404217
  landing: 1.0778945237398148
  view-data: 3.373018953949213
