times:
  edit-metadata: 1.5267811343073845
  landing: 0.8332333751022816
  view-data: 3.408615354448557
