times:
  edit-metadata: 1.5606608614325523
  landing: 1.0657051168382168
  view-data: 3.361345838755369
