times:
  edit-metadata: 1.5196292102336884
  landing: 1.0447978340089321
  view-data: 3.4864067658782005
