times:
  edit-metadata: 1.515749279409647
  landing: 0.9426712021231651
  view-data: 3.4313746131956577
