times:
  edit-metadata: 1.7321801036596298
  landing: 1.0755042918026447
  view-data: 3.3421182557940483
