times:
  edit-metadata: 1.769480001181364
  landing: 0.9635107442736626
  view-data: 3.61589827015996
