times:
  edit-metadata: 1.5064193680882454
  landing: 0.8933192044496536
  view-data: 3.382575135678053
