times:
  edit-metadata: 1.6056391149759293
  landing: 1.8301880732178688
  view-data: 3.3540571369230747
