times:
  edit-metadata: 1.4852672331035137
  landing: 0.713256910443306
  view-data: 3.297268930822611
