times:
  edit-metadata: 2.133877769112587
  landing: 1.6288824379444122
  view-data: 3.406227096915245
