times:
  edit-metadata: 1.80655562505126
  landing: 1.2605715654790401
  view-data: 3.520673930644989
