times:
  edit-metadata: 1.5703260712325573
  landing: 0.9354765117168427
  view-data: 3.32405748963356
