times:
  edit-metadata: 1.4149433486163616
  landing: 0.9058960527181625
  view-data: 3.3952118046581745
