times:
  edit-metadata: 1.4458899423480034
  landing: 0.9043781459331512
  view-data: 3.6427404768764973
