times:
  edit-metadata: 1.4859956353902817
  landing: 0.9946195408701897
  view-data: 3.3319310285151005
