times:
  edit-metadata: 1.4910425059497356
  landing: 0.9980780817568302
  view-data: 3.4144115038216114
