times:
  edit-metadata: 1.64040831848979
  landing: 1.1314485669136047
  view-data: 3.3719375133514404
