times:
  edit-metadata: 1.5021288953721523
  landing: 0.8637663163244724
  view-data: 3.2689895182847977
