times:
  edit-metadata: 1.3541510440409184
  landing: 0.756856307387352
  view-data: 3.272219344973564
