times:
  edit-metadata: 1.380776472389698
  landing: 0.9116384238004684
  view-data: 3.3147669695317745
