times:
  edit-metadata: 1.5247895568609238
  landing: 0.8698125779628754
  view-data: 3.3390269801020622
