times:
  edit-metadata: 3.435388248413801
  landing: 2.3455826938152313
  view-data: 3.593996774405241
