times:
  edit-metadata: 1.506132546812296
  landing: 0.8506738990545273
  view-data: 3.3519789688289165
