times:
  edit-metadata: 1.4693537130951881
  landing: 0.8479040190577507
  view-data: 3.3142159283161163
