times:
  edit-metadata: 1.378291267901659
  landing: 0.7943997085094452
  view-data: 3.404415924102068
