times:
  edit-metadata: 1.5559996217489243
  landing: 0.998575497418642
  view-data: 3.3724538534879684
