times:
  edit-metadata: 1.6939923390746117
  landing: 0.9436531662940979
  view-data: 3.4303676187992096
