times:
  edit-metadata: 1.6328597404062748
  landing: 0.9498568400740623
  view-data: 3.3371533676981926
