times:
  edit-metadata: 1.4273070618510246
  landing: 0.8611119836568832
  view-data: 3.288191832602024
