times:
  edit-metadata: 1.3785767033696175
  landing: 0.7871663048863411
  view-data: 3.4965899139642715
