times:
  edit-metadata: 1.369142346084118
  landing: 0.8275251239538193
  view-data: 3.5368565544486046
