times:
  edit-metadata: 1.3221081048250198
  landing: 0.9479780867695808
  view-data: 3.4667504280805588
