times:
  edit-metadata: 1.5511222630739212
  landing: 0.7961807623505592
  view-data: 3.4281792417168617
