times:
  edit-metadata: 1.4575347751379013
  landing: 0.8149496540427208
  view-data: 3.4414521232247353
