times:
  edit-metadata: 1.358634702861309
  landing: 0.7962449043989182
  view-data: 3.344516471028328
