times:
  edit-metadata: 1.6324546821415424
  landing: 1.0125240311026573
  view-data: 3.4190107695758343
