times:
  edit-metadata: 1.755372330546379
  landing: 0.8800345212221146
  view-data: 3.329214856028557
