times:
  edit-metadata: 1.8653391972184181
  landing: 1.122572049498558
  view-data: 3.5109009370207787
