times:
  edit-metadata: 1.35847619920969
  landing: 0.8258517533540726
  view-data: 3.5138051956892014
