times:
  edit-metadata: 1.6302706450223923
  landing: 1.0226100459694862
  view-data: 3.3552558049559593
