times:
  edit-metadata: 2.055327843874693
  landing: 1.5902771018445492
  view-data: 3.3937693759799004
