times:
  edit-metadata: 1.4724764227867126
  landing: 0.7448425889015198
  view-data: 3.294356144964695
