times:
  edit-metadata: 1.5554847307503223
  landing: 0.8213503248989582
  view-data: 3.3231491558253765
