times:
  edit-metadata: 1.4075588509440422
  landing: 0.7158851325511932
  view-data: 3.527851052582264
