times:
  edit-metadata: 1.4799834042787552
  landing: 0.8101220577955246
  view-data: 3.3031312972307205
