times:
  edit-metadata: 1.5232365131378174
  landing: 0.962911918759346
  view-data: 3.503551483154297
