times:
  edit-metadata: 1.3598823323845863
  landing: 0.7553013935685158
  view-data: 3.4143990576267242
