times:
  edit-metadata: 1.4278642572462559
  landing: 0.8526428565382957
  view-data: 3.3076814226806164
