times:
  edit-metadata: 1.4150957576930523
  landing: 0.8489468321204185
  view-data: 3.4271113350987434
