times:
  edit-metadata: 1.4346238747239113
  landing: 1.0334376618266106
  view-data: 3.5015876814723015
