times:
  edit-metadata: 1.4310504272580147
  landing: 0.7895794734358788
  view-data: 3.463092491030693
