times:
  edit-metadata: 1.3740855529904366
  landing: 0.8040332496166229
  view-data: 3.4942432269454002
