times:
  edit-metadata: 1.6805796511471272
  landing: 1.0416388846933842
  view-data: 3.3636761233210564
