times:
  edit-metadata: 2.161419115960598
  landing: 1.214374765753746
  view-data: 3.4092953354120255
