times:
  edit-metadata: 1.4478452876210213
  landing: 0.8267008513212204
  view-data: 3.48005473613739
