times:
  edit-metadata: 1.470834419131279
  landing: 0.7781579941511154
  view-data: 3.4327480271458626
