times:
  edit-metadata: 1.484299711883068
  landing: 0.9908226504921913
  view-data: 3.361510306596756
