times:
  edit-metadata: 1.3973900005221367
  landing: 0.8061551749706268
  view-data: 3.451235592365265
