times:
  edit-metadata: 1.406227432191372
  landing: 0.723645381629467
  view-data: 3.4762675017118454
