times:
  edit-metadata: 1.5027212053537369
  landing: 0.804464228451252
  view-data: 3.4784054309129715
