times:
  edit-metadata: 1.3826203122735023
  landing: 0.6785169243812561
  view-data: 3.5176564157009125
