times:
  edit-metadata: 1.4513749405741692
  landing: 0.897252693772316
  view-data: 3.5018500983715057
