times:
  edit-metadata: 1.5773563832044601
  landing: 0.7539369091391563
  view-data: 3.520932376384735
