times:
  edit-metadata: 1.406182773411274
  landing: 0.8363183587789536
  view-data: 3.4775202572345734
