times:
  edit-metadata: 1.4110010899603367
  landing: 1.0034580565989017
  view-data: 3.377394087612629
