times:
  edit-metadata: 2.1639715880155563
  landing: 1.446498230099678
  view-data: 3.5494304299354553
