times:
  edit-metadata: 1.4345523416996002
  landing: 0.7243291884660721
  view-data: 3.4740645959973335
