times:
  edit-metadata: 1.5636898875236511
  landing: 0.7891179211437702
  view-data: 3.328563515096903
