times:
  edit-metadata: 1.3641676157712936
  landing: 0.7833402827382088
  view-data: 3.4234981387853622
