times:
  edit-metadata: 1.3628850057721138
  landing: 0.802810050547123
  view-data: 3.456386387348175
