times:
  edit-metadata: 1.4553170055150986
  landing: 0.877558596432209
  view-data: 3.509561635553837
