times:
  edit-metadata: 1.4801836609840393
  landing: 0.965769812464714
  view-data: 3.3368141651153564
