times:
  edit-metadata: 1.4008575901389122
  landing: 0.7644654661417007
  view-data: 3.499359294772148
