times:
  edit-metadata: 1.3631360828876495
  landing: 0.7408959195017815
  view-data: 3.4945518895983696
