times:
  edit-metadata: 1.347696304321289
  landing: 0.7753768116235733
  view-data: 3.4529518708586693
