times:
  edit-metadata: 1.4111358299851418
  landing: 0.7372229546308517
  view-data: 3.5456062480807304
