times:
  edit-metadata: 1.3990148939192295
  landing: 0.8143638372421265
  view-data: 3.3852124363183975
