times:
  edit-metadata: 1.6750120967626572
  landing: 0.8916976153850555
  view-data: 3.3982298523187637
