times:
  edit-metadata: 1.420882187783718
  landing: 0.7059586495161057
  view-data: 3.4799832105636597
