times:
  edit-metadata: 2.582445740699768
  landing: 1.6961201429367065
  view-data: 3.651662766933441
