times:
  edit-metadata: 1.4635305851697922
  landing: 0.840749703347683
  view-data: 3.2789351567626
