times:
  edit-metadata: 1.3987131640315056
  landing: 0.7076041325926781
  view-data: 3.4638359546661377
