times:
  edit-metadata: 1.5238238722085953
  landing: 0.7760090529918671
  view-data: 3.3052853867411613
