times:
  edit-metadata: 1.4268999993801117
  landing: 0.7925348728895187
  view-data: 3.497348830103874
