times:
  edit-metadata: 1.5427102446556091
  landing: 0.8723691254854202
  view-data: 3.5957913398742676
