times:
  edit-metadata: 1.4032753333449364
  landing: 0.8593883737921715
  view-data: 3.5573430880904198
