times:
  edit-metadata: 1.4239634200930595
  landing: 0.8463228419423103
  view-data: 3.4714666083455086
