times:
  edit-metadata: 1.4289333336055279
  landing: 0.7726120911538601
  view-data: 3.322922259569168
