times:
  edit-metadata: 1.433877170085907
  landing: 0.8171483054757118
  view-data: 3.4976588413119316
