times:
  edit-metadata: 1.402692198753357
  landing: 0.7527076452970505
  view-data: 3.475240759551525
