times:
  edit-metadata: 1.4225188046693802
  landing: 0.8403788357973099
  view-data: 3.4053923562169075
