times:
  edit-metadata: 1.355458028614521
  landing: 0.7858730256557465
  view-data: 3.5218219459056854
