times:
  edit-metadata: 1.5906878560781479
  landing: 0.7588531970977783
  view-data: 3.4653449580073357
