times:
  edit-metadata: 2.070626027882099
  landing: 1.1118958964943886
  view-data: 3.564860559999943
