times:
  edit-metadata: 1.6631750985980034
  landing: 0.9219177886843681
  view-data: 3.7129150852560997
