times:
  edit-metadata: 1.4059561416506767
  landing: 0.9325595647096634
  view-data: 3.3625833690166473
