times:
  edit-metadata: 1.395353078842163
  landing: 0.7648471370339394
  view-data: 3.4777011200785637
