times:
  edit-metadata: 1.631873905658722
  landing: 0.9521525576710701
  view-data: 3.353478029370308
