times:
  edit-metadata: 1.4941981732845306
  landing: 0.8311668932437897
  view-data: 3.282178685069084
