times:
  edit-metadata: 1.4024211093783379
  landing: 0.8471411615610123
  view-data: 3.5335176959633827
