times:
  edit-metadata: 1.3689579516649246
  landing: 0.7766738012433052
  view-data: 3.454321153461933
