times:
  edit-metadata: 1.4769586995244026
  landing: 1.0537551417946815
  view-data: 3.5789955109357834
