times:
  edit-metadata: 1.7389242127537727
  landing: 1.1472401469945908
  view-data: 3.4384012296795845
