times:
  edit-metadata: 1.684099666774273
  landing: 1.0296204090118408
  view-data: 3.479618512094021
