times:
  edit-metadata: 1.5212690979242325
  landing: 0.8198402747511864
  view-data: 3.5343522801995277
