times:
  edit-metadata: 1.5098415464162827
  landing: 0.9574987515807152
  view-data: 3.3659675642848015
