times:
  edit-metadata: 1.658043347299099
  landing: 0.8493097424507141
  view-data: 3.407154642045498
