times:
  edit-metadata: 1.4584048092365265
  landing: 0.9298229143023491
  view-data: 3.2885328233242035
