times:
  edit-metadata: 1.4582759141921997
  landing: 0.7703010067343712
  view-data: 3.517703652381897
