times:
  edit-metadata: 1.5934230163693428
  landing: 0.8507354706525803
  view-data: 3.3095902130007744
