times:
  edit-metadata: 1.588150143623352
  landing: 0.8749070540070534
  view-data: 3.289424180984497
