times:
  edit-metadata: 1.3768623024225235
  landing: 0.7873834148049355
  view-data: 3.5045251697301865
