times:
  edit-metadata: 1.699231430888176
  landing: 0.8124631196260452
  view-data: 3.317659754306078
