times:
  edit-metadata: 1.5111682638525963
  landing: 0.93141058832407
  view-data: 3.5768764466047287
