times:
  edit-metadata: 1.3687514141201973
  landing: 0.8046775087714195
  view-data: 3.492153935134411
