times:
  edit-metadata: 1.369656853377819
  landing: 0.9426749125123024
  view-data: 3.371799372136593
