times:
  edit-metadata: 1.4807605743408203
  landing: 0.8039973825216293
  view-data: 3.4713998213410378
