times:
  edit-metadata: 1.86701774969697
  landing: 1.2200887352228165
  view-data: 3.4544187672436237
