times:
  edit-metadata: 1.4450600296258926
  landing: 0.805840015411377
  view-data: 3.3264483883976936
