times:
  edit-metadata: 1.474691715091467
  landing: 0.7849751897156239
  view-data: 3.2639843076467514
