times:
  edit-metadata: 1.4228758662939072
  landing: 0.7056878805160522
  view-data: 3.4078601635992527
