times:
  edit-metadata: 1.4331741854548454
  landing: 0.7263537421822548
  view-data: 3.466160736978054
