times:
  edit-metadata: 1.540588740259409
  landing: 0.9857510887086391
  view-data: 3.3416829481720924
