times:
  edit-metadata: 1.567948892712593
  landing: 0.9882944449782372
  view-data: 3.500733196735382
