times:
  edit-metadata: 1.3970088511705399
  landing: 0.8715831115841866
  view-data: 3.451351262629032
