times:
  edit-metadata: 1.790689367800951
  landing: 0.9726426042616367
  view-data: 3.359307497739792
