times:
  edit-metadata: 1.6893631778657436
  landing: 1.1294264756143093
  view-data: 3.316033750772476
