times:
  edit-metadata: 1.50349410623312
  landing: 0.8190082348883152
  view-data: 3.493852384388447
