times:
  edit-metadata: 1.5884807333350182
  landing: 0.9569729864597321
  view-data: 3.6157902404665947
