times:
  edit-metadata: 1.4008253514766693
  landing: 0.7292914092540741
  view-data: 3.618259146809578
