times:
  edit-metadata: 1.402317799627781
  landing: 0.8111709281802177
  view-data: 3.4509321749210358
