times:
  edit-metadata: 1.488984514027834
  landing: 0.7826722525060177
  view-data: 3.313578836619854
