times:
  edit-metadata: 1.3945255503058434
  landing: 0.8131085783243179
  view-data: 3.514919012784958
