times:
  edit-metadata: 1.3577223494648933
  landing: 0.8121883124113083
  view-data: 3.434090979397297
