times:
  edit-metadata: 1.4009749814867973
  landing: 0.799864150583744
  view-data: 3.3172891438007355
