times:
  edit-metadata: 1.453397050499916
  landing: 0.7746223211288452
  view-data: 3.361807022243738
