times:
  edit-metadata: 1.6466326490044594
  landing: 1.1217491254210472
  view-data: 3.3953567892313004
