times:
  edit-metadata: 1.3853312656283379
  landing: 0.8343609124422073
  view-data: 3.3038276582956314
