times:
  edit-metadata: 1.4483409896492958
  landing: 0.8555073961615562
  view-data: 3.3187992945313454
