times:
  edit-metadata: 1.4950190857052803
  landing: 0.9755406454205513
  view-data: 3.3196982219815254
