times:
  edit-metadata: 1.6015504598617554
  landing: 0.9028513245284557
  view-data: 3.3104601576924324
