times:
  edit-metadata: 1.524095080792904
  landing: 0.8240708149969578
  view-data: 3.3496729284524918
