times:
  edit-metadata: 1.4693164676427841
  landing: 0.8975626938045025
  view-data: 3.3408041782677174
