times:
  edit-metadata: 1.3806693255901337
  landing: 0.8667291551828384
  view-data: 3.2751868590712547
