times:
  edit-metadata: 1.4364472590386868
  landing: 0.7987885735929012
  view-data: 3.4540545977652073
