times:
  edit-metadata: 1.3137852177023888
  landing: 0.9027466624975204
  view-data: 3.698384650051594
