times:
  edit-metadata: 1.384123295545578
  landing: 0.7868651151657104
  view-data: 3.475075364112854
