times:
  edit-metadata: 1.6689883023500443
  landing: 1.023448906838894
  view-data: 3.3308105021715164
