times:
  edit-metadata: 1.4809216931462288
  landing: 0.85939060151577
  view-data: 3.5774923115968704
