times:
  edit-metadata: 1.6104214042425156
  landing: 0.8092577755451202
  view-data: 3.5059752017259598
