times:
  edit-metadata: 1.481238104403019
  landing: 0.8198808953166008
  view-data: 3.4119855985045433
