times:
  edit-metadata: 1.3658160287886858
  landing: 0.12369159236550331
  view-data: 0.027975842356681824
