times:
  edit-metadata: 1.9070160426199436
  landing: 1.061619695276022
  view-data: 3.509419571608305
