times:
  edit-metadata: 0.5831657089293003
  landing: 0.3677500765770674
  view-data: 0.19542555697262287
