times:
  edit-metadata: 1.4201758243143559
  landing: 0.780317222699523
  view-data: 3.4380461424589157
