times:
  edit-metadata: 1.4009454920887947
  landing: 0.8693066528066993
  view-data: 3.2735991538502276
