times:
  edit-metadata: 1.479767993092537
  landing: 0.8641430474817753
  view-data: 3.349231243133545
