times:
  edit-metadata: 0.4358888959977776
  landing: 0.045573893934488297
  view-data: 0.19425491709262133
