times:
  edit-metadata: 1.625359894707799
  landing: 0.8068562904372811
  view-data: 3.383167698048055
