times:
  edit-metadata: 0.4262536186724901
  landing: 0.04311753623187542
  view-data: 0.20836852304637432
