times:
  edit-metadata: 0.48486808000598103
  landing: 0.03879631799645722
  view-data: 0.19356278899067547
