times:
  edit-metadata: 0.4295474481768906
  landing: 0.04196507902815938
  view-data: 0.19523746287450194
