times:
  edit-metadata: 1.4410216640681028
  landing: 0.14431831613183022
  view-data: 0.32607039250433445
