times:
  edit-metadata: 1.2895335461944342
  landing: 0.025530301965773106
  view-data: 0.02726539969444275
