times:
  edit-metadata: 1.6468357127159834
  landing: 0.6895415466278791
  view-data: 3.4272430054843426
