times:
  edit-metadata: 0.6654377349186689
  landing: 0.06217847508378327
  view-data: 0.20298242405988276
