times:
  edit-metadata: 0.5235423939302564
  landing: 0.04163991939276457
  view-data: 0.20732664316892624
