times:
  edit-metadata: 2.1412388868629932
  landing: 1.2876495365053415
  view-data: 3.577742571942508
