times:
  edit-metadata: 1.5909535232931376
  landing: 0.959167018532753
  view-data: 3.318977391347289
