times:
  edit-metadata: 1.3079087268561125
  landing: 0.019814057275652885
  view-data: 0.3358908090740442
