times:
  edit-metadata: 1.3695873524993658
  landing: 0.02121531218290329
  view-data: 0.024248318746685982
