times:
  edit-metadata: 1.3758648317307234
  landing: 0.021522847935557365
  view-data: 0.11967659555375576
