times:
  edit-metadata: 1.7295041680335999
  landing: 0.022129328921437263
  view-data: 0.3523053154349327
