times:
  edit-metadata: 1.3698479384183884
  landing: 0.019130468368530273
  view-data: 0.32531705126166344
