times:
  edit-metadata: 0.42433280032128096
  landing: 0.04928823234513402
  view-data: 0.20306492503732443
