times:
  edit-metadata: 1.9773239428177476
  landing: 1.0493878219276667
  view-data: 3.399444273672998
