times:
  edit-metadata: 1.3008545488119125
  landing: 0.018152503296732903
  view-data: 0.33179546892642975
