times:
  edit-metadata: 0.42645619000541046
  landing: 0.04516101203626022
  view-data: 0.20678264100570232
