times:
  edit-metadata: 0.45584747404791415
  landing: 0.042490038089454174
  view-data: 0.18911739403847605
