times:
  edit-metadata: 0.5435589030385017
  landing: 0.04005583003163338
  view-data: 0.19240004941821098
