times:
  edit-metadata: 1.666738599538803
  landing: 0.9827088639140129
  view-data: 3.4853687547147274
