times:
  edit-metadata: 1.3363200891762972
  landing: 0.022439703345298767
  view-data: 0.34440531581640244
