times:
  edit-metadata: 0.5613658614456654
  landing: 0.04232633486390114
  view-data: 0.21086213737726212
