times:
  edit-metadata: 0.43651974899694324
  landing: 0.04302743700100109
  view-data: 0.1907055249903351
