times:
  edit-metadata: 0.45766364701557904
  landing: 0.054929842008277774
  view-data: 0.21738656499655917
