times:
  edit-metadata: 1.525844031944871
  landing: 0.022138699889183044
  view-data: 0.316058412194252
