times:
  edit-metadata: 1.4916811138391495
  landing: 1.0052676536142826
  view-data: 3.3069150522351265
