times:
  edit-metadata: 1.5231012515723705
  landing: 0.917922968044877
  view-data: 3.3256886918097734
