times:
  edit-metadata: 1.4286078792065382
  landing: 0.02139665186405182
  view-data: 0.15312974900007248
