times:
  edit-metadata: 1.7023198762908578
  landing: 0.8611957929097116
  view-data: 3.447489951737225
