times:
  edit-metadata: 1.4289770014584064
  landing: 0.6957793198525906
  view-data: 3.3737916741520166
