times:
  edit-metadata: 1.4403723869472742
  landing: 0.1658618524670601
  view-data: 0.025485485792160034
