times:
  edit-metadata: 3.2789597287774086
  landing: 2.418453060090542
  view-data: 4.156802073121071
