times:
  edit-metadata: 1.3629663875326514
  landing: 0.1132991723716259
  view-data: 0.024061198346316814
