times:
  edit-metadata: 0.5788954710587859
  landing: 0.08131031505763531
  view-data: 0.1995966201648116
