times:
  edit-metadata: 0.5421886969998013
  landing: 0.06545452299178578
  view-data: 0.21162979802465998
