times:
  edit-metadata: 1.3063825415447354
  landing: 0.019075043499469757
  view-data: 0.027012240141630173
