times:
  edit-metadata: 0.5061298198997974
  landing: 0.05707278475165367
  view-data: 0.19179663434624672
