times:
  edit-metadata: 1.428508434444666
  landing: 0.9182710302993655
  view-data: 3.3155277110636234
