times:
  edit-metadata: 1.4513341952115297
  landing: 0.13781472481787205
  view-data: 0.02318844385445118
