times:
  edit-metadata: 0.5215207133442163
  landing: 0.6000919658690691
  view-data: 0.21031043864786625
