times:
  edit-metadata: 0.44491207390092313
  landing: 0.04368627583608031
  view-data: 0.20120069896802306
