times:
  edit-metadata: 0.3569083232432604
  landing: 1.520757446065545
  view-data: 0.2980109676718712
