times:
  edit-metadata: 1.5848953668028116
  landing: 0.8111441601067781
  view-data: 3.4034164156764746
