times:
  edit-metadata: 0.47311558299952594
  landing: 0.046454653999717266
  view-data: 0.1930399490001946
