times:
  edit-metadata: 0.4171050270088017
  landing: 0.04282366391271353
  view-data: 0.19456040486693382
