times:
  edit-metadata: 0.4054549699649215
  landing: 0.04977040225639939
  view-data: 0.1960110110230744
