times:
  edit-metadata: 0.5436995793133974
  landing: 0.0790744530968368
  view-data: 0.2246854160912335
