times:
  edit-metadata: 0.4402109356597066
  landing: 0.04403646942228079
  view-data: 0.20066383108496666
