times:
  edit-metadata: 0.5864210668951273
  landing: 1.6102534867823124
  view-data: 0.6925078276544809
