times:
  edit-metadata: 1.3142606411129236
  landing: 0.18271481152623892
  view-data: 0.02446789387613535
