times:
  edit-metadata: 1.749753799289465
  landing: 0.163398957811296
  view-data: 0.3429585797712207
