times:
  edit-metadata: 0.42327983397990465
  landing: 0.04109249101020396
  view-data: 0.19745130999945104
