times:
  edit-metadata: 0.5342642888426781
  landing: 0.0425178911536932
  view-data: 0.21247960906475782
