times:
  edit-metadata: 0.4296716880053282
  landing: 0.0452581811696291
  view-data: 0.19822320993989706
