times:
  edit-metadata: 0.43066668696701527
  landing: 0.047739819157868624
  view-data: 0.2077072758693248
