times:
  edit-metadata: 0.45797781902365386
  landing: 0.05268465494737029
  view-data: 0.17765307589434087
