times:
  edit-metadata: 0.4551689359359443
  landing: 0.047466042917221785
  view-data: 0.3379355249926448
