times:
  edit-metadata: 0.42319856863468885
  landing: 0.053273565135896206
  view-data: 0.20287611708045006
