times:
  edit-metadata: 1.4305774383246899
  landing: 1.0563216283917427
  view-data: 3.3924497850239277
