times:
  edit-metadata: 1.5730215813964605
  landing: 0.020017223432660103
  view-data: 0.12541364505887032
