times:
  edit-metadata: 1.4454249097034335
  landing: 0.7623033439740539
  view-data: 3.3886717660352588
