times:
  edit-metadata: 1.5046341703273356
  landing: 0.9632076728157699
  view-data: 3.5514424820430577
