times:
  edit-metadata: 1.4380219262093306
  landing: 0.7840403690934181
  view-data: 3.2975718891248107
