times:
  edit-metadata: 0.5373647250235081
  landing: 0.04074423015117645
  view-data: 0.1957586370408535
