times:
  edit-metadata: 1.3889942914247513
  landing: 0.9047989416867495
  view-data: 3.3369142655283213
