times:
  edit-metadata: 0.4338700290536508
  landing: 0.04765475000021979
  view-data: 0.192116507969331
