times:
  edit-metadata: 0.36722127720713615
  landing: 0.5189131908118725
  view-data: 0.19609740190207958
