times:
  edit-metadata: 0.4364312549587339
  landing: 0.039422678062692285
  view-data: 0.19524043309502304
