times:
  edit-metadata: 1.5346508668735623
  landing: 0.7467003352940083
  view-data: 3.4411728577688336
