times:
  edit-metadata: 0.46996428398415446
  landing: 0.05060147400945425
  view-data: 0.18600232200697064
