times:
  edit-metadata: 1.5502920113503933
  landing: 0.9903046526014805
  view-data: 3.324674241244793
