times:
  edit-metadata: 1.4954600855708122
  landing: 0.9214604310691357
  view-data: 3.2865020893514156
