times:
  edit-metadata: 0.5079848878085613
  landing: 1.0990453958511353
  view-data: 0.5956424232572317
