times:
  edit-metadata: 0.4366582063958049
  landing: 0.04376136604696512
  view-data: 0.19897554395720363
