times:
  edit-metadata: 1.3191519137471914
  landing: 0.018867616541683674
  view-data: 0.02618839219212532
