times:
  edit-metadata: 0.48985986100160517
  landing: 0.06542547199933324
  view-data: 0.22054722100438084
