times:
  edit-metadata: 1.5519092418253422
  landing: 1.0266880299896002
  view-data: 3.3188780583441257
