times:
  edit-metadata: 1.4245687164366245
  landing: 0.8365411087870598
  view-data: 3.348695255815983
