times:
  edit-metadata: 0.5908309370279312
  landing: 0.5952158365398645
  view-data: 0.19336557015776634
