times:
  edit-metadata: 0.5113431889913045
  landing: 0.0523588119976921
  view-data: 0.20764658899861388
