times:
  edit-metadata: 0.44704348710365593
  landing: 0.05524971499107778
  view-data: 0.19426135905086994
