times:
  edit-metadata: 1.369795700069517
  landing: 0.7883033731486648
  view-data: 3.2765611310023814
