times:
  edit-metadata: 0.45640686340630054
  landing: 1.390998488292098
  view-data: 0.28812373243272305
