times:
  edit-metadata: 1.3216809518635273
  landing: 0.022069282829761505
  view-data: 0.11830565147101879
