times:
  edit-metadata: 1.5326456129550934
  landing: 0.7339028902351856
  view-data: 3.389326650649309
