times:
  edit-metadata: 0.48364301212131977
  landing: 1.2733466941863298
  view-data: 0.4707186333835125
