times:
  edit-metadata: 0.43902222299948335
  landing: 0.04187197203282267
  view-data: 0.18979018507525325
