times:
  edit-metadata: 0.4419274900574237
  landing: 0.041115804109722376
  view-data: 0.20723343291319907
