times:
  edit-metadata: 1.5959867388010025
  landing: 1.0093191266059875
  view-data: 3.4036127366125584
