times:
  edit-metadata: 1.5007879175245762
  landing: 1.0113068670034409
  view-data: 3.4151488430798054
