times:
  edit-metadata: 0.45696666091680527
  landing: 0.0409182240255177
  view-data: 0.18820415390655398
