times:
  edit-metadata: 1.3821940924972296
  landing: 0.17273807153105736
  view-data: 0.023477613925933838
