times:
  edit-metadata: 1.5839107828214765
  landing: 0.8046158868819475
  view-data: 3.3906928319483995
