times:
  edit-metadata: 1.3341588759794831
  landing: 0.01947147212922573
  view-data: 0.44448495004326105
