times:
  edit-metadata: 0.5154096960322931
  landing: 0.07069882901851088
  view-data: 0.22521562199108303
