times:
  edit-metadata: 0.6530937058851123
  landing: 0.08355617709457874
  view-data: 0.226385799003765
