times:
  edit-metadata: 1.427477328106761
  landing: 0.11801563948392868
  view-data: 0.10529733821749687
