times:
  edit-metadata: 1.3638133965432644
  landing: 0.13635359704494476
  view-data: 0.023401087149977684
