times:
  edit-metadata: 0.4519670649897307
  landing: 0.04347872699145228
  view-data: 0.19707477500196546
