times:
  edit-metadata: 1.5302769113332033
  landing: 0.01854110136628151
  view-data: 0.06131470762193203
