times:
  edit-metadata: 2.59939856082201
  landing: 1.154934998601675
  view-data: 4.003300003707409
