times:
  edit-metadata: 0.4349997518584132
  landing: 0.04298716690391302
  view-data: 0.19959765998646617
