times:
  edit-metadata: 0.5507053318433464
  landing: 0.06184912612661719
  view-data: 0.24070918280631304
