times:
  edit-metadata: 3.362686090171337
  landing: 1.9601289071142673
  view-data: 3.8212675265967846
