times:
  edit-metadata: 0.5430297441780567
  landing: 0.7081169355660677
  view-data: 0.19505100511014462
