times:
  edit-metadata: 1.2643055357038975
  landing: 0.021274004131555557
  view-data: 0.026420557871460915
