times:
  edit-metadata: 0.48900406807661057
  landing: 0.04161050170660019
  view-data: 0.1823754608631134
