times:
  edit-metadata: 0.4386819879873656
  landing: 0.06327423301991075
  view-data: 0.22162912698695436
