times:
  edit-metadata: 0.47333227500348585
  landing: 0.041417355998419225
  view-data: 0.1959282149982755
