times:
  edit-metadata: 1.3363312184810638
  landing: 0.20495241228491068
  view-data: 0.4420855036005378
