times:
  edit-metadata: 1.5374440215528011
  landing: 0.6730728046968579
  view-data: 3.3594750398769975
