times:
  edit-metadata: 0.4578831309918314
  landing: 0.03947426599916071
  view-data: 0.1930744329583831
