times:
  edit-metadata: 1.5497765019536018
  landing: 1.056877262890339
  view-data: 3.3639326505362988
