times:
  edit-metadata: 1.4008528869599104
  landing: 0.1356179043650627
  view-data: 0.3458461817353964
