times:
  edit-metadata: 1.4897445030510426
  landing: 0.8609990430995822
  view-data: 3.4780488051474094
