times:
  edit-metadata: 0.6328913569450378
  landing: 0.05698690004646778
  view-data: 0.19394923001527786
