times:
  edit-metadata: 0.47158898785710335
  landing: 0.5748477838933468
  view-data: 0.598247691988945
