times:
  edit-metadata: 0.5392151139676571
  landing: 0.04905762895941734
  view-data: 0.1988302543759346
