times:
  edit-metadata: 1.3081878013908863
  landing: 0.2298317002132535
  view-data: 0.42035805620253086
