times:
  edit-metadata: 1.4208062775433064
  landing: 0.911800429224968
  view-data: 3.367723975330591
