times:
  edit-metadata: 0.4390373369678855
  landing: 0.041810445953160524
  view-data: 0.21470592310652137
