times:
  edit-metadata: 0.45587414829060435
  landing: 0.051793639082461596
  view-data: 0.21740460488945246
