times:
  edit-metadata: 0.42744386941194534
  landing: 0.0368079449981451
  view-data: 0.19329254375770688
