times:
  edit-metadata: 0.5853383578360081
  landing: 0.7271888162940741
  view-data: 0.3059510327875614
