times:
  edit-metadata: 1.6330688782036304
  landing: 1.036033507436514
  view-data: 3.4471710175275803
