times:
  edit-metadata: 1.5099427588284016
  landing: 0.7888242490589619
  view-data: 3.3568637557327747
