times:
  edit-metadata: 0.44837520737200975
  landing: 0.04691680520772934
  view-data: 0.20440519787371159
