times:
  edit-metadata: 1.4454780360683799
  landing: 0.2429688312113285
  view-data: 0.49026014283299446
