times:
  edit-metadata: 1.5597655810415745
  landing: 0.021065860986709595
  view-data: 0.4056762307882309
