times:
  edit-metadata: 0.42735547095071524
  landing: 0.04970532504376024
  view-data: 0.20380415895488113
