times:
  edit-metadata: 0.4505295400012983
  landing: 0.043006335996324196
  view-data: 0.1909151860018028
