times:
  edit-metadata: 0.4255287805572152
  landing: 0.03897368907928467
  view-data: 0.5904527567327023
