times:
  edit-metadata: 1.3015664899721742
  landing: 0.7460651670116931
  view-data: 3.296421312028542
