times:
  edit-metadata: 0.5359771728981286
  landing: 0.05401789699681103
  view-data: 0.22556564293336123
