times:
  edit-metadata: 1.2898705387488008
  landing: 0.16543591301888227
  view-data: 0.11671730875968933
