times:
  edit-metadata: 0.4291775389574468
  landing: 0.041813510935753584
  view-data: 0.20026661502197385
