times:
  edit-metadata: 0.44810687005519867
  landing: 0.04789437307044864
  view-data: 0.34066802309826016
