times:
  edit-metadata: 0.6014703251421452
  landing: 0.05163538083434105
  view-data: 0.2145284339785576
