times:
  edit-metadata: 1.5720428405329585
  landing: 0.8297999342903495
  view-data: 3.3804643312469125
