times:
  edit-metadata: 0.6432589422911406
  landing: 0.60496985912323
  view-data: 0.19218957051634789
