times:
  edit-metadata: 0.43642341101076454
  landing: 0.04179868008941412
  view-data: 0.18768862797878683
