times:
  edit-metadata: 1.4573410004377365
  landing: 0.8750456161797047
  view-data: 3.285935677587986
