times:
  edit-metadata: 0.40484256763011217
  landing: 0.04436132777482271
  view-data: 0.19782538525760174
