times:
  edit-metadata: 0.7124804290942848
  landing: 0.0620731171220541
  view-data: 0.19697041995823383
