times:
  edit-metadata: 1.4260768969543278
  landing: 0.7644036090932786
  view-data: 3.4054294009692967
