times:
  edit-metadata: 1.9740080256015062
  landing: 0.4654026012867689
  view-data: 0.3451062347739935
