times:
  edit-metadata: 1.2828612541779876
  landing: 0.022354520857334137
  view-data: 0.02428773045539856
