times:
  edit-metadata: 0.4005956510081887
  landing: 0.05018838681280613
  view-data: 0.20570999314077199
