times:
  edit-metadata: 1.6265913946554065
  landing: 0.872710021212697
  view-data: 3.3937013540416956
