times:
  edit-metadata: 0.49017287394963205
  landing: 0.048519836040213704
  view-data: 0.18716785102151334
