times:
  edit-metadata: 0.5762374519836158
  landing: 0.08848744997521862
  view-data: 0.20632422901690006
