times:
  edit-metadata: 0.5152211339955102
  landing: 0.052011999003298115
  view-data: 0.20910202800587285
