times:
  edit-metadata: 1.4170174151659012
  landing: 0.7476229202002287
  view-data: 3.3428421020507812
