times:
  edit-metadata: 0.4255932450760156
  landing: 0.05217309179715812
  view-data: 0.213618409819901
