times:
  edit-metadata: 1.3899899758398533
  landing: 0.16310244984924793
  view-data: 0.15190475434064865
