times:
  edit-metadata: 0.4316187589429319
  landing: 0.050277273170650005
  view-data: 0.20171276107430458
