times:
  edit-metadata: 0.6375651809794363
  landing: 0.09316789897275157
  view-data: 0.2627613780205138
