times:
  edit-metadata: 1.3753764387220144
  landing: 0.019982073456048965
  view-data: 0.1212693452835083
