times:
  edit-metadata: 1.3792634587734938
  landing: 0.1407307107001543
  view-data: 0.29795290157198906
