times:
  edit-metadata: 0.5399340987205505
  landing: 0.04062311351299286
  view-data: 0.2148732766509056
