times:
  edit-metadata: 1.327654623426497
  landing: 0.023097634315490723
  view-data: 0.02781706489622593
