times:
  edit-metadata: 0.4561076741665602
  landing: 0.6521457266062498
  view-data: 0.3007042929530144
