times:
  edit-metadata: 0.4433934688568115
  landing: 0.052685999777168036
  view-data: 0.190864821895957
