times:
  edit-metadata: 0.44258838519454
  landing: 0.7788660638034344
  view-data: 0.4405095838010311
