times:
  edit-metadata: 0.6078303344547749
  landing: 0.06645861640572548
  view-data: 0.1871654987335205
