times:
  edit-metadata: 1.3409449756145477
  landing: 0.13409206829965115
  view-data: 0.3484122212976217
