times:
  edit-metadata: 0.4503525809850544
  landing: 0.05044998892117292
  view-data: 0.22289925895165652
