times:
  edit-metadata: 0.6041817888617516
  landing: 0.894564313814044
  view-data: 0.23086827248334885
