times:
  edit-metadata: 1.292783496901393
  landing: 0.11598184704780579
  view-data: 0.02771706599742174
