times:
  edit-metadata: 1.494553324766457
  landing: 0.8161539048887789
  view-data: 3.3467553313821554
