times:
  edit-metadata: 1.2733489638194442
  landing: 0.01960310898721218
  view-data: 0.4120381511747837
