times:
  edit-metadata: 0.5478967092931271
  landing: 0.04038599133491516
  view-data: 0.19110752269625664
