times:
  edit-metadata: 4.327689988538623
  landing: 1.6739202421158552
  view-data: 4.156509213149548
