times:
  edit-metadata: 1.4813007661141455
  landing: 0.7326728249900043
  view-data: 3.3357043019495904
