times:
  edit-metadata: 1.5882537625730038
  landing: 0.9061492905020714
  view-data: 3.4192306511104107
