times:
  edit-metadata: 1.2959976121783257
  landing: 0.023067940957844257
  view-data: 0.4094830444082618
