times:
  edit-metadata: 1.3140335977077484
  landing: 0.5428548157215118
  view-data: 0.40858628787100315
