times:
  edit-metadata: 1.616221072152257
  landing: 0.3646151442080736
  view-data: 0.40570239536464214
