times:
  edit-metadata: 0.6529477797448635
  landing: 0.07032341882586479
  view-data: 0.19792012870311737
