times:
  edit-metadata: 1.395088218152523
  landing: 0.11512549221515656
  view-data: 0.023363642394542694
