times:
  edit-metadata: 0.5943215694278479
  landing: 0.5618994161486626
  view-data: 0.19130056351423264
