times:
  edit-metadata: 1.4896989576518536
  landing: 0.829192191362381
  view-data: 3.2991975247859955
