times:
  edit-metadata: 0.4412822932936251
  landing: 0.04386538313701749
  view-data: 0.2031437149271369
