times:
  edit-metadata: 0.5623220298439264
  landing: 0.521730650216341
  view-data: 0.19467659294605255
