times:
  edit-metadata: 1.4596101865172386
  landing: 0.898413360118866
  view-data: 3.429455202072859
