times:
  edit-metadata: 1.2811493091285229
  landing: 0.021391787566244602
  view-data: 0.02594826929271221
