times:
  edit-metadata: 1.584622103953734
  landing: 0.9466555140679702
  view-data: 3.3681005949620157
