times:
  edit-metadata: 0.49137055699247867
  landing: 0.06708319194149226
  view-data: 0.22681244800332934
