times:
  edit-metadata: 3.704683030024171
  landing: 1.6697243750095367
  view-data: 3.9738618321716785
