times:
  edit-metadata: 0.543792340089567
  landing: 0.06172223994508386
  view-data: 0.2097906090784818
