times:
  edit-metadata: 0.4506913269869983
  landing: 0.04610415792558342
  view-data: 0.2121083199745044
