times:
  edit-metadata: 0.5439503230154514
  landing: 0.04639321565628052
  view-data: 0.19502471014857292
