times:
  edit-metadata: 1.6237534619867802
  landing: 0.8095737621188164
  view-data: 3.359622849151492
