times:
  edit-metadata: 0.44667555997148156
  landing: 0.05242514098063111
  view-data: 0.20454906090162694
