times:
  edit-metadata: 0.4636833427939564
  landing: 0.043266236083582044
  view-data: 0.20979525800794363
