times:
  edit-metadata: 0.5608335621654987
  landing: 0.04875515028834343
  view-data: 0.20650217309594154
