times:
  edit-metadata: 0.42485684622079134
  landing: 0.04696216341108084
  view-data: 0.20997714530676603
