times:
  edit-metadata: 0.44338369299657643
  landing: 0.05085087998304516
  view-data: 0.19847949797986075
