times:
  edit-metadata: 1.5521562527865171
  landing: 0.7182310968637466
  view-data: 3.349976660683751
