times:
  edit-metadata: 0.3427709639072418
  landing: 0.420948987826705
  view-data: 0.20495658740401268
