times:
  edit-metadata: 1.3537346255034208
  landing: 0.018655095249414444
  view-data: 0.32870426028966904
