times:
  edit-metadata: 1.3507156874984503
  landing: 0.702618321403861
  view-data: 3.4283132273703814
