times:
  edit-metadata: 0.4142978419549763
  landing: 0.043851792346686125
  view-data: 0.18944391887634993
