times:
  edit-metadata: 1.4401019364595413
  landing: 0.01916372310370207
  view-data: 0.024589965119957924
