times:
  edit-metadata: 1.448884341865778
  landing: 0.7976044490933418
  view-data: 3.3327731750905514
