times:
  edit-metadata: 0.5481529301032424
  landing: 0.0969273007940501
  view-data: 0.19039008021354675
