times:
  edit-metadata: 0.4439823980210349
  landing: 0.037982722045853734
  view-data: 0.18378970411140472
