times:
  edit-metadata: 1.6693899631500244
  landing: 1.0617283955216408
  view-data: 3.355156183242798
