times:
  edit-metadata: 1.804491238668561
  landing: 1.0994056593626738
  view-data: 3.3436987679451704
