times:
  edit-metadata: 1.3677402790635824
  landing: 0.1778299082070589
  view-data: 0.023747198283672333
