times:
  edit-metadata: 0.4513667901046574
  landing: 0.04388083191588521
  view-data: 0.19559270096942782
