times:
  edit-metadata: 0.4436159960459918
  landing: 0.04586730687879026
  view-data: 0.18426845991052687
