times:
  edit-metadata: 1.5562054589390755
  landing: 0.9197038151323795
  view-data: 3.4177415259182453
