times:
  edit-metadata: 0.4148000683635473
  landing: 1.1228342838585377
  view-data: 0.3100907038897276
