times:
  edit-metadata: 0.4627286931499839
  landing: 0.047818131977692246
  view-data: 0.18972347606904805
