times:
  edit-metadata: 1.3155383439734578
  landing: 0.2268299926072359
  view-data: 0.027512197382748127
