times:
  edit-metadata: 1.4548790715634823
  landing: 0.8860103935003281
  view-data: 3.3757093995809555
