times:
  edit-metadata: 1.3672213871032
  landing: 0.6888656765222549
  view-data: 3.4044018425047398
