times:
  edit-metadata: 0.5450059957802296
  landing: 0.04834111034870148
  view-data: 0.186140526086092
