times:
  edit-metadata: 0.4494538370054215
  landing: 0.04400883597554639
  view-data: 0.2102485760115087
