times:
  edit-metadata: 1.7439802009612322
  landing: 0.02609669417142868
  view-data: 0.024867622181773186
