times:
  edit-metadata: 1.277708012610674
  landing: 0.019534354098141193
  view-data: 0.024607034400105476
