times:
  edit-metadata: 1.3167399913072586
  landing: 0.022224726155400276
  view-data: 0.1243919637054205
