times:
  edit-metadata: 1.7187446113675833
  landing: 0.8789567667990923
  view-data: 3.311593271791935
