times:
  edit-metadata: 1.4141535544767976
  landing: 0.7602717811241746
  view-data: 3.250192572362721
