times:
  edit-metadata: 0.439406743273139
  landing: 0.03751675086095929
  view-data: 0.19617228722199798
