times:
  edit-metadata: 0.5485445726662874
  landing: 0.7040368262678385
  view-data: 0.19344900362193584
