times:
  edit-metadata: 1.581968686543405
  landing: 0.7509147236123681
  view-data: 3.4320874670520425
