times:
  edit-metadata: 0.549124751240015
  landing: 0.041759610176086426
  view-data: 0.22154125198721886
