times:
  edit-metadata: 0.4581200089305639
  landing: 0.9478557128459215
  view-data: 0.23577173426747322
