times:
  edit-metadata: 0.4232778628356755
  landing: 0.047560645965859294
  view-data: 0.20315204001963139
