times:
  edit-metadata: 1.5091328620910645
  landing: 0.23721691593527794
  view-data: 0.3307309225201607
