times:
  edit-metadata: 1.4738160860724747
  landing: 0.705488353036344
  view-data: 3.268089234130457
