times:
  edit-metadata: 0.433476768899709
  landing: 0.04710907815024257
  view-data: 0.19928457075729966
