times:
  edit-metadata: 0.43317506089806557
  landing: 0.04949878389015794
  view-data: 0.34160234732553363
