times:
  edit-metadata: 1.8103238567709923
  landing: 1.03665641695261
  view-data: 3.4646554719656706
