times:
  edit-metadata: 0.44437048863619566
  landing: 0.03653416410088539
  view-data: 0.1911465567536652
