times:
  edit-metadata: 1.5515913143754005
  landing: 1.0189312137663364
  view-data: 3.3888208903372288
