times:
  edit-metadata: 0.4196541253477335
  landing: 1.194272443652153
  view-data: 0.4287183452397585
