times:
  edit-metadata: 0.4314765268936753
  landing: 0.0435052583925426
  view-data: 0.19198935804888606
