times:
  edit-metadata: 0.4447010620497167
  landing: 0.04040295723825693
  view-data: 0.19558130018413067
