times:
  edit-metadata: 0.5623783748596907
  landing: 0.9746824484318495
  view-data: 0.4273336250334978
