times:
  edit-metadata: 0.5629399120807648
  landing: 0.5415843315422535
  view-data: 0.19018165208399296
