times:
  edit-metadata: 1.3942725639790297
  landing: 0.6832884382456541
  view-data: 3.2910687611438334
