times:
  edit-metadata: 0.7731135287322104
  landing: 0.05445289798080921
  view-data: 0.20921792462468147
