times:
  edit-metadata: 1.3569168522953987
  landing: 0.7837371118366718
  view-data: 3.3592157680541277
