times:
  edit-metadata: 0.49826523661613464
  landing: 0.044921498745679855
  view-data: 0.19873526692390442
