times:
  edit-metadata: 0.4492873717099428
  landing: 0.9161112550646067
  view-data: 0.31846743635833263
