times:
  edit-metadata: 0.4280706299468875
  landing: 0.039091491140425205
  view-data: 0.2168126730248332
