times:
  edit-metadata: 0.5590965915471315
  landing: 1.4963740576058626
  view-data: 0.4111318215727806
