times:
  edit-metadata: 1.288085968233645
  landing: 0.022511391900479794
  view-data: 0.0239205714315176
