times:
  edit-metadata: 1.6166186667978764
  landing: 0.9526833966374397
  view-data: 3.4128473475575447
