times:
  edit-metadata: 0.44910355005413294
  landing: 0.049921838100999594
  view-data: 0.21502914698794484
