times:
  edit-metadata: 1.552937226369977
  landing: 0.6590556371957064
  view-data: 3.441604010760784
