times:
  edit-metadata: 0.4304135711863637
  landing: 0.05060166399925947
  view-data: 0.19387725461274385
