times:
  edit-metadata: 0.41655639791861176
  landing: 0.03801009710878134
  view-data: 0.20210788724943995
