times:
  edit-metadata: 1.2919774577021599
  landing: 0.12308499403297901
  view-data: 0.3355526961386204
