times:
  edit-metadata: 0.4451833521015942
  landing: 0.049546003341674805
  view-data: 0.1893501621671021
