times:
  edit-metadata: 1.4130207113921642
  landing: 0.15782283432781696
  view-data: 0.12124704010784626
