times:
  edit-metadata: 2.1013661231845617
  landing: 1.4113391544669867
  view-data: 3.627573138102889
