times:
  edit-metadata: 1.5790507700294256
  landing: 0.7343874145299196
  view-data: 3.444496212527156
