times:
  edit-metadata: 0.5590359605848789
  landing: 0.04248759523034096
  view-data: 0.1895851455628872
