times:
  edit-metadata: 1.3937220815569162
  landing: 0.023598935455083847
  view-data: 0.09822373371571302
