times:
  edit-metadata: 1.4673594944179058
  landing: 0.7512147575616837
  view-data: 3.420532789081335
