times:
  edit-metadata: 1.3097440479323268
  landing: 0.1257455376908183
  view-data: 0.09809166565537453
