times:
  edit-metadata: 0.5247598199639469
  landing: 0.09103890205733478
  view-data: 0.20778269018046558
