times:
  edit-metadata: 1.3128717513754964
  landing: 0.16620477195829153
  view-data: 0.12459229491651058
