times:
  edit-metadata: 0.43977650720626116
  landing: 0.043161218985915184
  view-data: 0.1974277482368052
