times:
  edit-metadata: 1.297208720818162
  landing: 0.019479630514979362
  view-data: 0.3740443391725421
