times:
  edit-metadata: 1.4875874482095242
  landing: 0.7920955866575241
  view-data: 3.292336504906416
