times:
  edit-metadata: 0.42547417897731066
  landing: 0.05101534351706505
  view-data: 0.2042689612135291
