times:
  edit-metadata: 1.636203158646822
  landing: 0.02038687653839588
  view-data: 0.2970345374196768
