times:
  edit-metadata: 1.3952877782285213
  landing: 0.8264742307364941
  view-data: 3.4255774542689323
