times:
  edit-metadata: 0.42432640539482236
  landing: 0.04086833633482456
  view-data: 0.20491258287802339
