times:
  edit-metadata: 0.44824369391426444
  landing: 0.05123473796993494
  view-data: 0.20408671407494694
