times:
  edit-metadata: 1.5038542281836271
  landing: 1.3656508084386587
  view-data: 3.392582420259714
