times:
  edit-metadata: 1.2858250178396702
  landing: 0.11104622017592192
  view-data: 0.02660585753619671
