times:
  edit-metadata: 1.7326979702338576
  landing: 0.029686332680284977
  view-data: 0.04583458974957466
