times:
  edit-metadata: 2.0517365634441376
  landing: 0.02381160296499729
  view-data: 0.15140243992209435
