times:
  edit-metadata: 0.4419115270720795
  landing: 0.054666792042553425
  view-data: 0.1904996840748936
