times:
  edit-metadata: 1.4814995378255844
  landing: 0.8500672257505357
  view-data: 3.336054394952953
