times:
  edit-metadata: 0.4390441086143255
  landing: 0.591942673549056
  view-data: 0.18789394944906235
