times:
  edit-metadata: 1.6935484819114208
  landing: 0.4486627671867609
  view-data: 0.15280776470899582
