times:
  edit-metadata: 0.4416800399776548
  landing: 0.045982090989127755
  view-data: 0.19188306014984846
