times:
  edit-metadata: 0.7885638950392604
  landing: 0.05436641996493563
  view-data: 0.21152438799617812
