times:
  edit-metadata: 0.5779970642179251
  landing: 0.7654311209917068
  view-data: 0.2861978653818369
