times:
  edit-metadata: 1.4416708406060934
  landing: 0.2080115843564272
  view-data: 0.026736382395029068
