times:
  edit-metadata: 1.3114521941170096
  landing: 0.020412754267454147
  view-data: 0.024367384612560272
