times:
  edit-metadata: 1.6996536999940872
  landing: 0.7813057973980904
  view-data: 3.3029834553599358
