times:
  edit-metadata: 1.4092358630150557
  landing: 0.6926091257482767
  view-data: 3.3344770688563585
