times:
  edit-metadata: 0.5812498722225428
  landing: 0.8021229933947325
  view-data: 0.2967835161834955
