times:
  edit-metadata: 1.551851511001587
  landing: 0.8898590039461851
  view-data: 3.328576611354947
