times:
  edit-metadata: 0.4562872410751879
  landing: 0.04472808912396431
  view-data: 0.3243762021884322
