times:
  edit-metadata: 1.4903613924980164
  landing: 0.6256429515779018
  view-data: 3.2785894740372896
