times:
  edit-metadata: 0.4285408379510045
  landing: 0.043589361011981964
  view-data: 0.20991130359470844
