times:
  edit-metadata: 1.5770332049578428
  landing: 0.05449705943465233
  view-data: 0.0247923843562603
