times:
  edit-metadata: 0.4656937071122229
  landing: 0.06234408402815461
  view-data: 0.20628594094887376
