times:
  edit-metadata: 0.419936653226614
  landing: 0.04288330674171448
  view-data: 0.19603693950921297
