times:
  edit-metadata: 1.3293885672464967
  landing: 0.02135293185710907
  view-data: 0.1007013488560915
