times:
  edit-metadata: 0.5032545123249292
  landing: 0.07525188522413373
  view-data: 0.20940071670338511
