times:
  edit-metadata: 1.3068343782797456
  landing: 0.18375094514340162
  view-data: 0.4152808878570795
