times:
  edit-metadata: 1.3666738793253899
  landing: 0.7829673197120428
  view-data: 3.3594983592629433
