times:
  edit-metadata: 0.4423285033553839
  landing: 0.040454245172441006
  view-data: 0.21711615286767483
