times:
  edit-metadata: 0.5864715687930584
  landing: 0.043384965509176254
  view-data: 0.1895839050412178
