times:
  edit-metadata: 0.442074874881655
  landing: 0.040129201021045446
  view-data: 0.1906091389246285
