times:
  edit-metadata: 1.6193498466163874
  landing: 0.8963511157780886
  view-data: 3.3895011115819216
