times:
  edit-metadata: 0.5138107659295201
  landing: 0.0461684858892113
  view-data: 0.19089113688096404
