times:
  edit-metadata: 1.3655797149986029
  landing: 0.11921214126050472
  view-data: 0.12091215327382088
