times:
  edit-metadata: 0.5431274473667145
  landing: 0.040347181260585785
  view-data: 0.20040569081902504
