times:
  edit-metadata: 0.47652023658156395
  landing: 2.157930515706539
  view-data: 0.7654307149350643
