times:
  edit-metadata: 0.5686197350732982
  landing: 0.07598422560840845
  view-data: 0.2313574249856174
