times:
  edit-metadata: 0.5068019030150026
  landing: 0.04412666196003556
  view-data: 0.19052674295380712
