times:
  edit-metadata: 1.7491056891158223
  landing: 0.9440387706272304
  view-data: 3.3065814026631415
