times:
  edit-metadata: 1.535705491900444
  landing: 1.0978906974196434
  view-data: 3.3695508763194084
