times:
  edit-metadata: 1.3669583313167095
  landing: 0.7222203444689512
  view-data: 3.43374690040946
