times:
  edit-metadata: 1.361812180839479
  landing: 0.019763563759624958
  view-data: 0.13035165518522263
