times:
  edit-metadata: 0.41670057400187943
  landing: 0.04541823400359135
  view-data: 0.183081470997422
