times:
  edit-metadata: 1.4318236224353313
  landing: 0.8272909969091415
  view-data: 3.3437405303120613
