times:
  edit-metadata: 1.42593614757061
  landing: 0.18937046360224485
  view-data: 0.11364686116576195
