times:
  edit-metadata: 1.3223007433116436
  landing: 0.21631904877722263
  view-data: 0.025450831279158592
