times:
  edit-metadata: 1.6160411462187767
  landing: 0.8530354984104633
  view-data: 3.305066555738449
