times:
  edit-metadata: 1.6665489487349987
  landing: 1.0495324600487947
  view-data: 4.688897207379341
