times:
  edit-metadata: 1.3600061796605587
  landing: 0.021670499816536903
  view-data: 0.24081125669181347
