times:
  edit-metadata: 1.3108920771628618
  landing: 0.021763509139418602
  view-data: 0.255526440218091
