times:
  edit-metadata: 0.4667191933840513
  landing: 0.6046244762837887
  view-data: 0.44305522181093693
