times:
  edit-metadata: 0.43444523215293884
  landing: 0.04861065489239991
  view-data: 0.1881662649102509
