times:
  edit-metadata: 0.456468319054693
  landing: 0.04749508993700147
  view-data: 0.18024465208873153
