times:
  edit-metadata: 0.4782375730574131
  landing: 1.61250458098948
  view-data: 0.5774658471345901
