times:
  edit-metadata: 0.5371763408184052
  landing: 0.04564022645354271
  view-data: 0.1990158073604107
