times:
  edit-metadata: 1.4388178447261453
  landing: 0.17393520567566156
  view-data: 0.46479479782283306
