times:
  edit-metadata: 0.43172211293131113
  landing: 0.03898159135133028
  view-data: 0.19462262373417616
