times:
  edit-metadata: 0.4584173341281712
  landing: 0.06032041599974036
  view-data: 0.2432236159220338
