times:
  edit-metadata: 1.7837810087949038
  landing: 0.42442931048572063
  view-data: 0.3324637692421675
