times:
  edit-metadata: 0.4516001893207431
  landing: 0.03899079188704491
  view-data: 0.21095017436891794
