times:
  edit-metadata: 0.4412777421530336
  landing: 0.0376202049665153
  view-data: 0.2127388019580394
