times:
  edit-metadata: 1.2677854970097542
  landing: 0.020849643275141716
  view-data: 0.024537951685488224
