times:
  edit-metadata: 2.137041942216456
  landing: 0.44481703732162714
  view-data: 0.3504901295527816
