times:
  edit-metadata: 1.4067641131114215
  landing: 0.7303245540242642
  view-data: 3.308354345848784
