times:
  edit-metadata: 1.5722315981984138
  landing: 1.014982532709837
  view-data: 3.435477413237095
