times:
  edit-metadata: 1.5016920492053032
  landing: 0.8136163242161274
  view-data: 3.386607076972723
