times:
  edit-metadata: 1.2376216619741172
  landing: 0.7354853791184723
  view-data: 3.2840347511228174
