times:
  edit-metadata: 0.4389547620085068
  landing: 0.04738842500955798
  view-data: 0.2075259900011588
