times:
  edit-metadata: 1.3588230907917023
  landing: 0.7800780721008778
  view-data: 3.309280939400196
