times:
  edit-metadata: 0.4630763679742813
  landing: 0.040929479990154505
  view-data: 0.22061981307342649
