times:
  edit-metadata: 0.6055979430675507
  landing: 0.8201247472316027
  view-data: 0.17736582644283772
