times:
  edit-metadata: 1.5973551981151104
  landing: 1.1866017878055573
  view-data: 3.3094791434705257
