times:
  edit-metadata: 0.4447968639433384
  landing: 0.039563948987051845
  view-data: 0.20228888816200197
