times:
  edit-metadata: 1.5269606460351497
  landing: 0.9281534189358354
  view-data: 3.3386104519013315
