times:
  edit-metadata: 1.3541332930326462
  landing: 0.020337311550974846
  view-data: 0.1429729051887989
