times:
  edit-metadata: 1.4909007009118795
  landing: 0.3032993972301483
  view-data: 0.5097225159406662
