times:
  edit-metadata: 1.5328099951148033
  landing: 0.6988618187606335
  view-data: 3.4289288632571697
