times:
  edit-metadata: 1.390916831791401
  landing: 0.6621443489566445
  view-data: 3.3623804822564125
