times:
  edit-metadata: 0.5803515911102295
  landing: 0.05432835966348648
  view-data: 0.18356267176568508
