times:
  edit-metadata: 0.555686216801405
  landing: 0.038313087075948715
  view-data: 0.19234120845794678
