times:
  edit-metadata: 0.4279863340780139
  landing: 0.04292960185557604
  view-data: 0.20807656412944198
