times:
  edit-metadata: 0.5530555732548237
  landing: 0.04164784401655197
  view-data: 0.19402790814638138
