times:
  edit-metadata: 0.43874409003183246
  landing: 0.04534614132717252
  view-data: 0.18978613801300526
