times:
  edit-metadata: 0.4312158098910004
  landing: 0.03882971708662808
  view-data: 0.17848521005362272
