times:
  edit-metadata: 1.7518864935263991
  landing: 0.20049529056996107
  view-data: 0.024301857687532902
