times:
  edit-metadata: 1.3923422060906887
  landing: 0.8013433814048767
  view-data: 3.3172324299812317
