times:
  edit-metadata: 1.328840347006917
  landing: 0.1713968962430954
  view-data: 0.35559241473674774
