times:
  edit-metadata: 1.3083178522065282
  landing: 0.02050517313182354
  view-data: 0.10094144474714994
