times:
  edit-metadata: 0.42986366292461753
  landing: 0.03940091608092189
  view-data: 0.198997609782964
