times:
  edit-metadata: 0.609825924038887
  landing: 0.5728050172328949
  view-data: 0.19005644135177135
