times:
  edit-metadata: 0.43295830907300115
  landing: 0.041539846919476986
  view-data: 0.1917387149296701
