times:
  edit-metadata: 1.4112390829250216
  landing: 0.02031446248292923
  view-data: 0.3249257942661643
