times:
  edit-metadata: 1.6288477405905724
  landing: 0.904408935457468
  view-data: 3.3477660045027733
