times:
  edit-metadata: 0.43427574913948774
  landing: 0.04509450122714043
  view-data: 0.20594719238579273
