times:
  edit-metadata: 0.46861695079132915
  landing: 0.04900921694934368
  view-data: 0.20978771382942796
