times:
  edit-metadata: 1.2532584015280008
  landing: 0.019284959882497787
  view-data: 0.29307560063898563
