times:
  edit-metadata: 1.4496343564242125
  landing: 0.19271843507885933
  view-data: 0.35393548011779785
