times:
  edit-metadata: 0.438183285004925
  landing: 0.05186230401159264
  view-data: 0.21232887398218736
