times:
  edit-metadata: 0.4248464750126004
  landing: 0.044041224755346775
  view-data: 0.19935414660722017
