times:
  edit-metadata: 1.362854822538793
  landing: 0.18658275809139013
  view-data: 0.026063433848321438
