times:
  edit-metadata: 0.40788118774071336
  landing: 0.04754698323085904
  view-data: 0.21989910677075386
