times:
  edit-metadata: 1.4206705410033464
  landing: 0.8523795586079359
  view-data: 3.3380463030189276
