times:
  edit-metadata: 1.2586248042061925
  landing: 0.24220388662070036
  view-data: 0.3914804281666875
