times:
  edit-metadata: 0.45342120702844113
  landing: 0.043987329001538455
  view-data: 0.1912390060024336
