times:
  edit-metadata: 1.3298811074346304
  landing: 0.02682994119822979
  view-data: 0.4732109159231186
