times:
  edit-metadata: 1.6788717648014426
  landing: 0.831704018637538
  view-data: 3.3530824771150947
