times:
  edit-metadata: 0.4185370500199497
  landing: 0.054293805034831166
  view-data: 0.20639217691496015
