times:
  edit-metadata: 0.6626039920374751
  landing: 0.07954759697895497
  view-data: 0.2438172260299325
