times:
  edit-metadata: 1.3876612447202206
  landing: 0.15385094471275806
  view-data: 0.3223005160689354
