times:
  edit-metadata: 0.45692759193480015
  landing: 0.05304465116932988
  view-data: 0.21127033699303865
