times:
  edit-metadata: 1.6014252081513405
  landing: 0.15921924449503422
  view-data: 0.027231648564338684
