times:
  edit-metadata: 0.7738660308532417
  landing: 0.08062705211341381
  view-data: 0.31481519993394613
