times:
  edit-metadata: 1.3630397473461926
  landing: 0.8372789300046861
  view-data: 3.3595682620070875
