times:
  edit-metadata: 1.6140736434608698
  landing: 0.7072018031030893
  view-data: 3.415892029181123
