times:
  edit-metadata: 0.44740811362862587
  landing: 0.640490461140871
  view-data: 0.3054486084729433
