times:
  edit-metadata: 0.4611829938367009
  landing: 0.04589432803913951
  view-data: 0.18667222908698022
