times:
  edit-metadata: 0.5476983562111855
  landing: 0.04072863608598709
  view-data: 0.20276660472154617
