times:
  edit-metadata: 1.3384919902309775
  landing: 0.021350917406380177
  view-data: 0.026548653841018677
