times:
  edit-metadata: 0.45217826403677464
  landing: 0.04116070596501231
  view-data: 0.19676222279667854
