times:
  edit-metadata: 1.4988749362528324
  landing: 0.2316730748862028
  view-data: 0.05637972243130207
