times:
  edit-metadata: 1.4033481092192233
  landing: 0.8743041912093759
  view-data: 3.327486013993621
