times:
  edit-metadata: 1.3204188290983438
  landing: 0.01963726058602333
  view-data: 0.02720952406525612
