times:
  edit-metadata: 1.6132819019258022
  landing: 0.99856161698699
  view-data: 3.36063189804554
