times:
  edit-metadata: 1.2806730791926384
  landing: 0.02349297422915697
  view-data: 0.025837626308202744
