times:
  edit-metadata: 0.5980066321790218
  landing: 0.46679759211838245
  view-data: 0.20404549315571785
