times:
  edit-metadata: 0.580461305999961
  landing: 0.12094428499995047
  view-data: 0.3154532010003095
