times:
  edit-metadata: 1.2409704918973148
  landing: 0.6715426261071116
  view-data: 3.2389015730004758
