times:
  edit-metadata: 0.4762629568576813
  landing: 0.04537396691739559
  view-data: 0.18499466497451067
