times:
  edit-metadata: 0.6194674491416663
  landing: 0.08886198396794498
  view-data: 0.21962414914742112
