times:
  edit-metadata: 0.37038001231849194
  landing: 0.5201080366969109
  view-data: 0.1992236990481615
