times:
  edit-metadata: 0.5488986559212208
  landing: 0.04691975936293602
  view-data: 0.2029501125216484
