times:
  edit-metadata: 1.6175315398722887
  landing: 0.9469816572964191
  view-data: 3.5063815992325544
