times:
  edit-metadata: 0.5880180378444493
  landing: 0.04340451583266258
  view-data: 0.2975091659463942
