times:
  edit-metadata: 0.5891872029751539
  landing: 0.6015341188758612
  view-data: 0.18223725073039532
