times:
  edit-metadata: 1.3178201094269753
  landing: 0.1326592117547989
  view-data: 0.2968491930514574
