times:
  edit-metadata: 1.2994716120883822
  landing: 0.7466449178755283
  view-data: 3.39211159106344
