times:
  edit-metadata: 1.5966229103505611
  landing: 0.9160514175891876
  view-data: 3.447625670582056
