times:
  edit-metadata: 1.7365823313593864
  landing: 0.31511517241597176
  view-data: 0.3506110906600952
