times:
  edit-metadata: 1.488816738128662
  landing: 1.055520836263895
  view-data: 3.4046806283295155
