times:
  edit-metadata: 1.3151794830337167
  landing: 0.11671707592904568
  view-data: 0.024599296040832996
