times:
  edit-metadata: 1.398013949394226
  landing: 0.2097910027951002
  view-data: 0.02394692413508892
