times:
  edit-metadata: 1.37309979647398
  landing: 0.02103743888437748
  view-data: 0.02406143955886364
