times:
  edit-metadata: 0.4342157309874892
  landing: 0.047632848989451304
  view-data: 0.18560693901963532
