times:
  edit-metadata: 0.4357919869944453
  landing: 0.05155407823622227
  view-data: 0.20031751412898302
