times:
  edit-metadata: 1.3393077123910189
  landing: 0.251437047496438
  view-data: 0.33721113950014114
