times:
  edit-metadata: 0.5390045940876007
  landing: 0.038065094500780106
  view-data: 0.19987432286143303
