times:
  edit-metadata: 2.0634841565042734
  landing: 0.2521774172782898
  view-data: 0.5881077665835619
