times:
  edit-metadata: 1.426906779408455
  landing: 0.7372332382947206
  view-data: 3.3020442593842745
