times:
  edit-metadata: 1.741695448756218
  landing: 0.6507125943899155
  view-data: 3.3163856342434883
