times:
  edit-metadata: 1.3265599980950356
  landing: 0.02113377209752798
  view-data: 0.12137064710259438
