times:
  edit-metadata: 0.6098187137395144
  landing: 0.48741202242672443
  view-data: 0.19960994645953178
