times:
  edit-metadata: 0.42378473095595837
  landing: 0.04208281391765922
  view-data: 0.1868507369654253
