times:
  edit-metadata: 0.44232721999287605
  landing: 0.043318480951711535
  view-data: 0.20899581798585132
