times:
  edit-metadata: 1.324188525788486
  landing: 0.02313768956810236
  view-data: 0.46555670257657766
