times:
  edit-metadata: 0.4242952710483223
  landing: 0.05094942101277411
  view-data: 0.2074183700606227
