times:
  edit-metadata: 0.4359877989627421
  landing: 0.04932869365438819
  view-data: 0.19646289385855198
