times:
  edit-metadata: 1.611640216782689
  landing: 1.0226358342915773
  view-data: 3.422961574047804
