times:
  edit-metadata: 0.449443752062507
  landing: 0.050071768928319216
  view-data: 0.20655974501278251
