times:
  edit-metadata: 1.3721878230571747
  landing: 0.6923137549310923
  view-data: 3.4156135637313128
