times:
  edit-metadata: 1.495767897926271
  landing: 1.0461451839655638
  view-data: 3.990504332818091
