times:
  edit-metadata: 1.4010739922523499
  landing: 0.696904968470335
  view-data: 3.3101408053189516
