times:
  edit-metadata: 1.5632998906075954
  landing: 0.8348899744451046
  view-data: 3.4599357582628727
