times:
  edit-metadata: 0.5489256046712399
  landing: 0.03745516017079353
  view-data: 0.18997378274798393
