times:
  edit-metadata: 1.507022202014923
  landing: 0.9535291120409966
  view-data: 3.319811627268791
