times:
  edit-metadata: 0.37718048319220543
  landing: 0.5013852156698704
  view-data: 0.31677497550845146
