times:
  edit-metadata: 1.3938945839181542
  landing: 0.021784800104796886
  view-data: 0.43283502385020256
