times:
  edit-metadata: 1.34866882301867
  landing: 0.11402822472155094
  view-data: 0.023463163524866104
