times:
  edit-metadata: 0.5991784241050482
  landing: 0.6854495164006948
  view-data: 0.30314869061112404
