times:
  edit-metadata: 1.478103356435895
  landing: 0.25408234260976315
  view-data: 0.14938701130449772
