times:
  edit-metadata: 0.583267429843545
  landing: 0.5077091287821531
  view-data: 0.19192828983068466
