times:
  edit-metadata: 1.6433477513492107
  landing: 1.0398274101316929
  view-data: 3.48258638381958
