times:
  edit-metadata: 1.3114684168249369
  landing: 0.17742873542010784
  view-data: 0.1423356831073761
