times:
  edit-metadata: 1.6213752757757902
  landing: 0.8329297006130219
  view-data: 3.418900653719902
