times:
  edit-metadata: 1.4556052032858133
  landing: 0.7617610562592745
  view-data: 3.4003720711916685
