times:
  edit-metadata: 1.39446459710598
  landing: 0.7526933792978525
  view-data: 3.311579342931509
