times:
  edit-metadata: 1.4163028970360756
  landing: 0.895451407879591
  view-data: 3.27545010112226
