times:
  edit-metadata: 1.436531227082014
  landing: 0.7046279814094305
  view-data: 3.271387193351984
