times:
  edit-metadata: 1.7121717762202024
  landing: 0.2976144552230835
  view-data: 0.18076246976852417
