times:
  edit-metadata: 1.7869868092238903
  landing: 0.9664864726364613
  view-data: 3.4050830639898777
