times:
  edit-metadata: 1.3440770078450441
  landing: 0.020341286435723305
  view-data: 0.11672115325927734
