times:
  edit-metadata: 1.3660345748066902
  landing: 0.11576585285365582
  view-data: 0.2842129748314619
