times:
  edit-metadata: 0.4345941990031861
  landing: 0.048254724009893835
  view-data: 0.18720068599213846
