times:
  edit-metadata: 0.4792920956388116
  landing: 0.052501946687698364
  view-data: 0.18841097690165043
