times:
  edit-metadata: 0.5297208400006639
  landing: 0.06229124699893873
  view-data: 0.21094294200156583
