times:
  edit-metadata: 1.6527814292348921
  landing: 1.0797309917397797
  view-data: 3.7544274940155447
