times:
  edit-metadata: 0.4324215678498149
  landing: 0.04228477505967021
  view-data: 0.1917336042970419
