times:
  edit-metadata: 0.4376673339866102
  landing: 0.041048476938158274
  view-data: 0.20475062495097518
