times:
  edit-metadata: 1.6326097138226032
  landing: 1.0937417522072792
  view-data: 3.4340005666017532
