times:
  edit-metadata: 1.4533851444721222
  landing: 0.7402345556765795
  view-data: 3.393173862248659
