times:
  edit-metadata: 1.5423665307462215
  landing: 0.7557691968977451
  view-data: 3.346092116087675
