times:
  edit-metadata: 0.4507935210131109
  landing: 0.03717053809668869
  view-data: 0.1956092519685626
