times:
  edit-metadata: 0.43439315201248974
  landing: 0.03578927391208708
  view-data: 0.19265802600421011
