times:
  edit-metadata: 1.304164688102901
  landing: 0.02113284170627594
  view-data: 0.12119050323963165
