times:
  edit-metadata: 0.4252216899767518
  landing: 0.04185658507049084
  view-data: 0.18113325908780098
