times:
  edit-metadata: 1.280549674294889
  landing: 0.01988284010440111
  view-data: 0.024095918983221054
