times:
  edit-metadata: 1.705500289797783
  landing: 0.019511863589286804
  view-data: 0.1293171364814043
