times:
  edit-metadata: 0.482999867759645
  landing: 0.0741629060357809
  view-data: 0.2046592179685831
