times:
  edit-metadata: 1.4031536551192403
  landing: 0.022902557626366615
  view-data: 0.02658287901431322
