times:
  edit-metadata: 1.5489923506975174
  landing: 0.9111927300691605
  view-data: 3.375127539038658
