times:
  edit-metadata: 1.2988886293023825
  landing: 0.02172305714339018
  view-data: 0.025009152479469776
