times:
  edit-metadata: 1.351008990779519
  landing: 0.22462531924247742
  view-data: 0.29300514981150627
