times:
  edit-metadata: 0.5903311241418123
  landing: 0.6217123195528984
  view-data: 0.19564726203680038
