times:
  edit-metadata: 1.5228815264999866
  landing: 0.6398051716387272
  view-data: 3.3836454302072525
