times:
  edit-metadata: 1.3036811593919992
  landing: 0.020554758608341217
  view-data: 0.126494862139225
