times:
  edit-metadata: 1.4325894177891314
  landing: 0.7343277586624026
  view-data: 3.3637612289749086
