times:
  edit-metadata: 1.530479034408927
  landing: 0.7284412160515785
  view-data: 3.407622689381242
