times:
  edit-metadata: 1.3749019280076027
  landing: 0.6987052205950022
  view-data: 3.5003246404230595
