times:
  edit-metadata: 1.5992328561842442
  landing: 0.9415178075432777
  view-data: 3.444037191569805
