times:
  edit-metadata: 0.43987176986411214
  landing: 0.036336509976536036
  view-data: 0.1820608270354569
