times:
  edit-metadata: 0.5082226078957319
  landing: 0.04627725621685386
  view-data: 0.21776135498657823
