times:
  edit-metadata: 0.36202252097427845
  landing: 0.8388297595083714
  view-data: 0.189655639231205
