times:
  edit-metadata: 1.369031686335802
  landing: 0.7789549883455038
  view-data: 3.353066647425294
