times:
  edit-metadata: 1.534754853695631
  landing: 0.7038832847028971
  view-data: 3.4286929573863745
