times:
  edit-metadata: 0.5122881269780919
  landing: 0.055664605053607374
  view-data: 0.21115487901261076
