times:
  edit-metadata: 0.5307659690151922
  landing: 0.053340820013545454
  view-data: 0.21914476004894823
