times:
  edit-metadata: 0.4319436609512195
  landing: 0.04920865409076214
  view-data: 0.19401939597446471
