times:
  edit-metadata: 0.42405913898255676
  landing: 0.04653598798904568
  view-data: 0.19900775200221688
