times:
  edit-metadata: 1.5453567169606686
  landing: 0.9059441387653351
  view-data: 3.4428829550743103
