times:
  edit-metadata: 0.4492312800139189
  landing: 0.049408202059566975
  view-data: 0.1994214253500104
