times:
  edit-metadata: 0.4438957399688661
  landing: 0.04661502689123154
  view-data: 0.210415628971532
