times:
  edit-metadata: 1.1299589010886848
  landing: 0.0905144433490932
  view-data: 0.3119864701293409
