times:
  edit-metadata: 1.5346656553447247
  landing: 0.7332337237894535
  view-data: 3.3536441400647163
