times:
  edit-metadata: 1.4173705261200666
  landing: 0.8172649117186666
  view-data: 3.269409781321883
