times:
  edit-metadata: 0.5089021846652031
  landing: 0.5642296709120274
  view-data: 0.6002218965440989
