times:
  edit-metadata: 1.509870233014226
  landing: 0.13642185181379318
  view-data: 0.26126945950090885
