times:
  edit-metadata: 1.3756036199629307
  landing: 0.6704419236630201
  view-data: 3.33948315307498
