times:
  edit-metadata: 1.2842407431453466
  landing: 0.02150056418031454
  view-data: 0.13505634292960167
