times:
  edit-metadata: 0.5474404394626617
  landing: 0.04984205961227417
  view-data: 0.18939585611224174
