times:
  edit-metadata: 1.342000538483262
  landing: 0.6838046442717314
  view-data: 3.366884191520512
