times:
  edit-metadata: 1.682941467501223
  landing: 0.019681137055158615
  view-data: 0.13188454881310463
