times:
  edit-metadata: 1.3327680295333266
  landing: 0.01960630062967539
  view-data: 0.1177707277238369
