times:
  edit-metadata: 0.4425752987153828
  landing: 0.04585738014429808
  view-data: 0.1870879246853292
