times:
  edit-metadata: 1.836157745681703
  landing: 1.117162365000695
  view-data: 3.536072665359825
