times:
  edit-metadata: 1.4565772153437138
  landing: 0.9072507806122303
  view-data: 3.3705352544784546
