times:
  edit-metadata: 0.43512763688340783
  landing: 0.03879187488928437
  view-data: 0.18587317317724228
