times:
  edit-metadata: 1.5354613978415728
  landing: 0.2780823800712824
  view-data: 0.26247305423021317
