times:
  edit-metadata: 1.3036559727042913
  landing: 0.020846888422966003
  view-data: 0.023153836838901043
