times:
  edit-metadata: 1.556635868968442
  landing: 0.9028495249804109
  view-data: 3.3729667990701273
