times:
  edit-metadata: 1.5995155880227685
  landing: 0.27178002800792456
  view-data: 0.4065064610913396
