times:
  edit-metadata: 0.46672502998262644
  landing: 0.04345390293747187
  view-data: 0.191103707998991
