times:
  edit-metadata: 1.3909793850034475
  landing: 0.6632795389741659
  view-data: 3.2789101488888264
