times:
  edit-metadata: 0.4455672288313508
  landing: 0.04026501206681132
  view-data: 0.1831491570919752
