times:
  edit-metadata: 0.44372336310334504
  landing: 0.04898471594788134
  view-data: 0.18585976702161133
