times:
  edit-metadata: 0.44270036299712956
  landing: 0.0456047710031271
  view-data: 0.18518774292897433
