times:
  edit-metadata: 0.44629160698968917
  landing: 0.052846289006993175
  view-data: 0.2094087570440024
