times:
  edit-metadata: 1.5791637087240815
  landing: 0.6979827457107604
  view-data: 3.3925311360508204
