times:
  edit-metadata: 1.2604452688246965
  landing: 0.2098808940500021
  view-data: 0.10016459506005049
