times:
  edit-metadata: 6.274416446685791
  landing: 3.3768904246389866
  view-data: 4.395264549180865
