times:
  edit-metadata: 1.311381621286273
  landing: 0.0214240038767457
  view-data: 0.024799061939120293
