times:
  edit-metadata: 1.6947965286672115
  landing: 0.9626120775938034
  view-data: 3.378846623003483
