times:
  edit-metadata: 0.43949800700647756
  landing: 0.03736043599201366
  view-data: 0.18808549898676574
