times:
  edit-metadata: 0.41815878998022527
  landing: 0.05236817605327815
  view-data: 0.208066207007505
