times:
  edit-metadata: 0.42610185593366623
  landing: 0.04424937814474106
  view-data: 0.19516575802117586
