times:
  edit-metadata: 1.4476489145308733
  landing: 0.6635031756013632
  view-data: 3.267369730398059
