times:
  edit-metadata: 0.48698029294610023
  landing: 0.040260352194309235
  view-data: 0.19357015565037727
