times:
  edit-metadata: 1.3232572469860315
  landing: 0.01987317856401205
  view-data: 0.12139342911541462
