times:
  edit-metadata: 1.5184102719649673
  landing: 0.9412108189426363
  view-data: 3.3265443140408024
