times:
  edit-metadata: 1.2876414190977812
  landing: 0.1563572660088539
  view-data: 0.1310667721554637
