times:
  edit-metadata: 1.524165641516447
  landing: 1.0867982022464275
  view-data: 3.3894534930586815
