times:
  edit-metadata: 0.4603677149862051
  landing: 0.5678991060703993
  view-data: 0.6072890032082796
