times:
  edit-metadata: 0.4567079972475767
  landing: 1.3650419637560844
  view-data: 0.2933440785855055
