times:
  edit-metadata: 0.43945172522217035
  landing: 0.04563666321337223
  view-data: 0.21211528591811657
