times:
  edit-metadata: 0.42192920797970146
  landing: 0.04413064697291702
  view-data: 0.18507418502122164
