times:
  edit-metadata: 3.303943669423461
  landing: 0.047339823096990585
  view-data: 0.1426258720457554
