times:
  edit-metadata: 0.5615086797624826
  landing: 1.1163012199103832
  view-data: 0.2903083600103855
