times:
  edit-metadata: 1.3795161386951804
  landing: 0.020075896754860878
  view-data: 0.47144196182489395
