times:
  edit-metadata: 0.4493140201084316
  landing: 0.040366366039961576
  view-data: 0.19469553884118795
