times:
  edit-metadata: 0.4363710479810834
  landing: 0.05304229725152254
  view-data: 0.18958156974986196
