times:
  edit-metadata: 0.5356390625238419
  landing: 0.04172396659851074
  view-data: 0.19488125666975975
