times:
  edit-metadata: 0.5457794517278671
  landing: 0.048071615397930145
  view-data: 0.1883532963693142
