times:
  edit-metadata: 0.4269188893958926
  landing: 0.039972519502043724
  view-data: 0.21668723318725824
