times:
  edit-metadata: 1.8227261826395988
  landing: 0.8236722331494093
  view-data: 3.3897951133549213
