times:
  edit-metadata: 1.567209281027317
  landing: 0.9872139878571033
  view-data: 3.350002896040678
