times:
  edit-metadata: 1.339985016733408
  landing: 0.7438763789832592
  view-data: 3.400580272078514
