times:
  edit-metadata: 1.4220726527273655
  landing: 0.714119641110301
  view-data: 3.675415016710758
