times:
  edit-metadata: 1.362716550938785
  landing: 0.20929181203246117
  view-data: 0.4544614562764764
