times:
  edit-metadata: 1.419819605536759
  landing: 0.01800539717078209
  view-data: 0.024580122902989388
