times:
  edit-metadata: 1.3631162859965116
  landing: 0.8206898849457502
  view-data: 3.435477507999167
