times:
  edit-metadata: 0.4499399848282337
  landing: 0.05532342894002795
  view-data: 0.19046137807890773
