times:
  edit-metadata: 0.49460650800028816
  landing: 0.05053642500570277
  view-data: 0.19536231699748896
