times:
  edit-metadata: 1.4440512508153915
  landing: 0.13582518696784973
  view-data: 0.43536967039108276
