times:
  edit-metadata: 0.4399468000046909
  landing: 0.047214485704898834
  view-data: 0.19156299019232392
