times:
  edit-metadata: 1.5453349202871323
  landing: 0.8555985577404499
  view-data: 3.3885099701583385
