times:
  edit-metadata: 0.430634459014982
  landing: 0.052135990001261234
  view-data: 0.20011663297191262
