times:
  edit-metadata: 0.5448799356818199
  landing: 0.038793180137872696
  view-data: 0.1976020634174347
