times:
  edit-metadata: 0.442264192039147
  landing: 0.04304998298175633
  view-data: 0.20935335394460708
