times:
  edit-metadata: 1.3079162444919348
  landing: 0.13878641091287136
  view-data: 0.13797684106975794
