times:
  edit-metadata: 0.4414273069705814
  landing: 0.04870891000609845
  view-data: 0.34972329100128263
