times:
  edit-metadata: 1.5519958548247814
  landing: 0.8231148738414049
  view-data: 3.3355805091559887
