times:
  edit-metadata: 1.2616980858147144
  landing: 0.02212878968566656
  view-data: 0.028182897716760635
