times:
  edit-metadata: 1.5683180410414934
  landing: 0.8187738014385104
  view-data: 3.485370167065412
