times:
  edit-metadata: 0.4404642350273207
  landing: 0.04664895997848362
  view-data: 0.18018313101492822
