times:
  edit-metadata: 1.4625609079375863
  landing: 0.7152855331078172
  view-data: 3.4085077922791243
