times:
  edit-metadata: 0.4325739024206996
  landing: 0.04065863601863384
  view-data: 0.19264637306332588
