times:
  edit-metadata: 0.4056113630067557
  landing: 0.05483801197260618
  view-data: 0.21712691010907292
