times:
  edit-metadata: 0.5232267938554287
  landing: 0.0693194130435586
  view-data: 0.306858713272959
