times:
  edit-metadata: 1.551842488348484
  landing: 0.8644754104316235
  view-data: 3.4403485115617514
