times:
  edit-metadata: 1.5818543042987585
  landing: 0.18238865584135056
  view-data: 0.03407317027449608
