times:
  edit-metadata: 0.49286514600680675
  landing: 0.06215445799170993
  view-data: 0.22137699100130703
