times:
  edit-metadata: 1.5881337262690067
  landing: 0.8048981539905071
  view-data: 3.2891074307262897
