times:
  edit-metadata: 1.5173872988671064
  landing: 0.8526714760810137
  view-data: 3.2760253250598907
