times:
  edit-metadata: 1.6724752932786942
  landing: 1.0462215021252632
  view-data: 3.3534321524202824
