times:
  edit-metadata: 1.3837304897606373
  landing: 0.021413862705230713
  view-data: 0.3944752514362335
