times:
  edit-metadata: 1.3071130523458123
  landing: 0.19480552803725004
  view-data: 0.0250004343688488
