times:
  edit-metadata: 1.4310116544365883
  landing: 0.9458298198878765
  view-data: 3.336025547236204
