times:
  edit-metadata: 1.4036318324506283
  landing: 0.019291384145617485
  view-data: 0.35469263792037964
