times:
  edit-metadata: 0.5546642877161503
  landing: 0.048348378390073776
  view-data: 0.19956105947494507
