times:
  edit-metadata: 1.471234505996108
  landing: 0.7989997798576951
  view-data: 3.4132600519806147
