times:
  edit-metadata: 0.5042220010655001
  landing: 0.059001068002544343
  view-data: 0.22322740708477795
