times:
  edit-metadata: 1.4995440649800003
  landing: 0.856363961007446
  view-data: 3.340278236195445
