times:
  edit-metadata: 0.42412364995107055
  landing: 0.040177962742745876
  view-data: 0.20033822488039732
