times:
  edit-metadata: 0.4142849510535598
  landing: 0.051417304668575525
  view-data: 0.19307691976428032
