times:
  edit-metadata: 0.482825072016567
  landing: 0.11348026106134057
  view-data: 0.20974773541092873
