times:
  edit-metadata: 1.4662582352757454
  landing: 0.9009882993996143
  view-data: 3.3924000151455402
