times:
  edit-metadata: 0.44974646205082536
  landing: 0.04823875892907381
  view-data: 0.2106089279986918
