times:
  edit-metadata: 0.4216632869793102
  landing: 0.043981602997519076
  view-data: 0.1977207550080493
