times:
  edit-metadata: 1.4675083067268133
  landing: 0.7821485809981823
  view-data: 3.366146620362997
