times:
  edit-metadata: 1.554711066186428
  landing: 0.7439535558223724
  view-data: 3.339830696582794
