times:
  edit-metadata: 1.3071447731927037
  landing: 0.020775397308170795
  view-data: 0.02717907354235649
