times:
  edit-metadata: 1.2698644436895847
  landing: 0.02354314550757408
  view-data: 0.027304401621222496
