times:
  edit-metadata: 1.4828440127894282
  landing: 0.7898183735087514
  view-data: 3.3615084467455745
