times:
  edit-metadata: 0.5030993521213531
  landing: 0.04239382687956095
  view-data: 0.3517782771959901
