times:
  edit-metadata: 1.376895047724247
  landing: 0.01896461844444275
  view-data: 0.11729628406465054
