times:
  edit-metadata: 0.46786535903811455
  landing: 0.05633220192976296
  view-data: 0.1804765989072621
