times:
  edit-metadata: 1.3116961605846882
  landing: 0.2254193350672722
  view-data: 0.3493634844198823
