times:
  edit-metadata: 1.3713304344564676
  landing: 0.020309612154960632
  view-data: 0.022818414494395256
