times:
  edit-metadata: 1.6137248203158379
  landing: 0.9779293462634087
  view-data: 3.3700549006462097
