times:
  edit-metadata: 1.4917396842502058
  landing: 0.663862778339535
  view-data: 3.401100837159902
