times:
  edit-metadata: 0.5097965029999614
  landing: 0.05960448697442189
  view-data: 0.22313076799036935
