times:
  edit-metadata: 1.5011329017579556
  landing: 0.7824086947366595
  view-data: 3.3799260668456554
