times:
  edit-metadata: 0.5775262769311666
  landing: 1.3302501626312733
  view-data: 0.5338017754256725
