times:
  edit-metadata: 1.4616982005536556
  landing: 0.7985216900706291
  view-data: 3.335285697132349
