times:
  edit-metadata: 0.4642284344881773
  landing: 0.5698974877595901
  view-data: 0.5891934353858232
