times:
  edit-metadata: 0.6080845221877098
  landing: 0.06280243769288063
  view-data: 0.18300125375390053
