times:
  edit-metadata: 1.2604585149674676
  landing: 0.20322952297283337
  view-data: 0.22525347501505166
