times:
  edit-metadata: 1.3666027951985598
  landing: 0.6758953090757132
  view-data: 3.399357033893466
