times:
  edit-metadata: 1.5940016284585
  landing: 0.835617046803236
  view-data: 3.4715870451182127
