times:
  edit-metadata: 1.5372529216110706
  landing: 0.7215714827179909
  view-data: 3.292379856109619
