times:
  edit-metadata: 0.512620051857084
  landing: 0.059483096934854984
  view-data: 0.22118422901257873
