times:
  edit-metadata: 0.4581277300603688
  landing: 0.04908587015233934
  view-data: 0.2156076820101589
