times:
  edit-metadata: 1.5568076744675636
  landing: 1.0778194442391396
  view-data: 3.3976372070610523
