times:
  edit-metadata: 0.569875318557024
  landing: 1.118806118145585
  view-data: 0.30668181739747524
