times:
  edit-metadata: 1.6438658386468887
  landing: 0.7672551907598972
  view-data: 0.6282647103071213
