times:
  edit-metadata: 1.292620737105608
  landing: 0.10768336709588766
  view-data: 0.025769872590899467
