times:
  edit-metadata: 1.5931739304214716
  landing: 0.14183028601109982
  view-data: 0.37499850429594517
