times:
  edit-metadata: 0.5725970938801765
  landing: 0.7153140194714069
  view-data: 0.29531112872064114
