times:
  edit-metadata: 2.4734443118795753
  landing: 0.9163564499467611
  view-data: 3.551188450306654
