times:
  edit-metadata: 0.4059922550804913
  landing: 0.051997636910527945
  view-data: 0.20799330598674715
