times:
  edit-metadata: 1.6202185284346342
  landing: 0.799985802732408
  view-data: 3.3496260596439242
