times:
  edit-metadata: 0.4339700471609831
  landing: 0.04488993063569069
  view-data: 0.20731704914942384
