times:
  edit-metadata: 1.341924392618239
  landing: 0.12165657058358192
  view-data: 0.11668376810848713
