times:
  edit-metadata: 0.440407597925514
  landing: 0.045941818971186876
  view-data: 0.19388432195410132
