times:
  edit-metadata: 1.537745926529169
  landing: 0.292489867657423
  view-data: 0.2613585889339447
