times:
  edit-metadata: 0.48920332797570154
  landing: 0.06791502196574584
  view-data: 0.22063672897638753
