times:
  edit-metadata: 0.45565029000863433
  landing: 0.0386613899609074
  view-data: 0.19979477499146014
