times:
  edit-metadata: 1.3850872348994017
  landing: 0.020460911095142365
  view-data: 0.028073939494788647
