times:
  edit-metadata: 0.43726481311023235
  landing: 0.05412669014185667
  view-data: 0.18059190595522523
