times:
  edit-metadata: 1.3741468731313944
  landing: 0.02146405167877674
  view-data: 0.33787823282182217
