times:
  edit-metadata: 0.4134824452921748
  landing: 0.04235419491305947
  view-data: 0.19179198425263166
