times:
  edit-metadata: 0.3845137991011143
  landing: 0.5875007193535566
  view-data: 0.5844834968447685
