times:
  edit-metadata: 1.271492486819625
  landing: 0.019730950705707073
  view-data: 0.02725206594914198
