times:
  edit-metadata: 1.6131155751645565
  landing: 0.9502632394433022
  view-data: 3.3086030036211014
