times:
  edit-metadata: 1.339424280449748
  landing: 0.04282037913799286
  view-data: 0.1410937551409006
