times:
  edit-metadata: 0.480231711640954
  landing: 1.2650416400283575
  view-data: 0.3187873698771
