times:
  edit-metadata: 1.618094027042389
  landing: 1.2126549370586872
  view-data: 3.42009487003088
