times:
  edit-metadata: 1.512055940926075
  landing: 0.7627650480717421
  view-data: 3.4259718246757984
