times:
  edit-metadata: 0.4448596739966888
  landing: 0.0500705000013113
  view-data: 0.20807294701808132
