times:
  edit-metadata: 0.4502335290890187
  landing: 0.0437286589294672
  view-data: 0.20633539115078747
