times:
  edit-metadata: 1.4098279811441898
  landing: 0.8241873793303967
  view-data: 3.2897857278585434
