times:
  edit-metadata: 0.5323920547962189
  landing: 0.04055330529808998
  view-data: 0.19254512339830399
