times:
  edit-metadata: 0.436571046942845
  landing: 0.04675310291349888
  view-data: 0.18819749704562128
