times:
  edit-metadata: 0.5361893870867789
  landing: 0.053738993126899004
  view-data: 0.21375009417533875
