times:
  edit-metadata: 1.3213391453027725
  landing: 0.143434664234519
  view-data: 0.026470618322491646
