times:
  edit-metadata: 0.46442831587046385
  landing: 0.0629193049389869
  view-data: 0.21129370713606477
