times:
  edit-metadata: 1.4271706491708755
  landing: 0.6617370061576366
  view-data: 3.314686631783843
