times:
  edit-metadata: 0.4371377229690552
  landing: 0.041054919827729464
  view-data: 0.202739838976413
