times:
  edit-metadata: 1.3726619854569435
  landing: 0.1208215719088912
  view-data: 0.025484847836196423
