times:
  edit-metadata: 0.5082699300255626
  landing: 0.06677962595131248
  view-data: 0.22063539805822074
