times:
  edit-metadata: 0.5235493741929531
  landing: 2.1397305969148874
  view-data: 0.5883797891438007
