times:
  edit-metadata: 0.5059476979076862
  landing: 0.03891674289479852
  view-data: 0.20478129666298628
