times:
  edit-metadata: 0.4410992991179228
  landing: 0.04916005628183484
  view-data: 0.18532487517222762
