times:
  edit-metadata: 0.538395531475544
  landing: 0.03912601247429848
  view-data: 0.20450540259480476
