times:
  edit-metadata: 1.3813048545271158
  landing: 0.11743113026022911
  view-data: 0.14696452021598816
