times:
  edit-metadata: 0.45950537896715105
  landing: 0.05587335501331836
  view-data: 0.20575695193838328
