times:
  edit-metadata: 1.3561797142028809
  landing: 0.12175506725907326
  view-data: 0.31570711731910706
