times:
  edit-metadata: 0.447571590077132
  landing: 0.0448100920766592
  view-data: 0.18209313694387674
