times:
  edit-metadata: 1.3510873010382056
  landing: 0.21343040745705366
  view-data: 0.4591435994952917
