times:
  edit-metadata: 1.343612503260374
  landing: 0.019833545200526714
  view-data: 0.4477787967771292
