times:
  edit-metadata: 1.2766495868563652
  landing: 0.11880958080291748
  view-data: 0.11849592160433531
