times:
  edit-metadata: 1.35176345333457
  landing: 0.7861839532852173
  view-data: 3.296692304313183
