times:
  edit-metadata: 0.5822452548891306
  landing: 1.1603045240044594
  view-data: 0.4212262872606516
