times:
  edit-metadata: 0.42779278103262186
  landing: 0.04167271126061678
  view-data: 0.20381181687116623
