times:
  edit-metadata: 0.44402102287858725
  landing: 0.053166388999670744
  view-data: 0.18389925989322364
