times:
  edit-metadata: 1.635757651180029
  landing: 0.9222501777112484
  view-data: 3.397739090025425
