times:
  edit-metadata: 0.42481822590343654
  landing: 0.04426028695888817
  view-data: 0.17677340283989906
