times:
  edit-metadata: 1.976778706535697
  landing: 0.6984808873385191
  view-data: 3.307106263935566
