times:
  edit-metadata: 0.43985452502965927
  landing: 0.048429819056764245
  view-data: 0.1865971729857847
