times:
  edit-metadata: 1.7066326029598713
  landing: 0.9778223522007465
  view-data: 3.553542936220765
