times:
  edit-metadata: 1.4638451430946589
  landing: 0.26547452434897423
  view-data: 0.20506053790450096
