times:
  edit-metadata: 0.4375030549999792
  landing: 0.03905664899502881
  view-data: 0.18660596999689005
