times:
  edit-metadata: 0.4359643990173936
  landing: 0.042239628033712506
  view-data: 0.20619026711210608
