times:
  edit-metadata: 0.5572092086076736
  landing: 0.04424335062503815
  view-data: 0.18577301129698753
