times:
  edit-metadata: 0.43746787775307894
  landing: 0.04680720902979374
  view-data: 0.2050580633804202
