times:
  edit-metadata: 0.4647970459773205
  landing: 0.03946414700476453
  view-data: 0.19695236498955637
