times:
  edit-metadata: 1.414179515093565
  landing: 0.8896383680403233
  view-data: 3.379156868904829
