times:
  edit-metadata: 0.38094622641801834
  landing: 0.46703119203448296
  view-data: 0.1823817975819111
