times:
  edit-metadata: 0.42893662804272026
  landing: 0.04683555895462632
  view-data: 0.20904238405637443
