times:
  edit-metadata: 1.2971289921551943
  landing: 0.14247998408973217
  view-data: 0.10091913864016533
