times:
  edit-metadata: 0.5334795564413071
  landing: 0.04472333565354347
  view-data: 0.19497143477201462
