times:
  edit-metadata: 0.5819491278380156
  landing: 0.09716225182637572
  view-data: 0.29717424511909485
