times:
  edit-metadata: 0.41340333223342896
  landing: 0.8280558958649635
  view-data: 0.21361506171524525
