times:
  edit-metadata: 1.5143085569143295
  landing: 0.7756126374006271
  view-data: 3.2902592378668487
