times:
  edit-metadata: 1.2963382098823786
  landing: 0.021965669468045235
  view-data: 0.2858016714453697
