times:
  edit-metadata: 1.3437073579989374
  landing: 0.8110828071366996
  view-data: 3.307846070965752
