times:
  edit-metadata: 0.5682541951537132
  landing: 0.04391145333647728
  view-data: 0.18710917979478836
