times:
  edit-metadata: 1.976782975718379
  landing: 0.523671742528677
  view-data: 0.3810167368501425
