times:
  edit-metadata: 1.3327101841568947
  landing: 0.8164219856262207
  view-data: 3.3731679171323776
