times:
  edit-metadata: 0.5814807489514351
  landing: 1.1098433379083872
  view-data: 0.30569663271307945
