times:
  edit-metadata: 1.5628870176151395
  landing: 0.8810566104948521
  view-data: 3.381361795589328
