times:
  edit-metadata: 1.3197016045451164
  landing: 0.021879833191633224
  view-data: 0.025758914649486542
