times:
  edit-metadata: 0.4332414767704904
  landing: 0.07860857807099819
  view-data: 0.19242587825283408
