times:
  edit-metadata: 0.4452357900008792
  landing: 0.04581200500251725
  view-data: 0.18208286799199414
