times:
  edit-metadata: 1.3087348518893123
  landing: 0.01917806640267372
  view-data: 0.02641317993402481
