times:
  edit-metadata: 1.5352878384292126
  landing: 0.8751799967139959
  view-data: 3.3811850249767303
