times:
  edit-metadata: 1.5906607508659363
  landing: 0.968715313822031
  view-data: 3.381415743380785
