times:
  edit-metadata: 0.512598788831383
  landing: 0.047652683686465025
  view-data: 0.2012840649113059
