times:
  edit-metadata: 0.5304297000111546
  landing: 0.0527294079947751
  view-data: 0.2146780850016512
