times:
  edit-metadata: 0.41417162399739027
  landing: 0.05098268110305071
  view-data: 0.19555810512974858
