times:
  edit-metadata: 0.4630433868151158
  landing: 0.04226379003375769
  view-data: 0.19145990698598325
