times:
  edit-metadata: 0.46622116304934025
  landing: 0.050715954042971134
  view-data: 0.20781143312342465
