times:
  edit-metadata: 0.4105108487419784
  landing: 0.04094197601079941
  view-data: 0.19410452479496598
