times:
  edit-metadata: 1.5171801149845123
  landing: 0.82565962895751
  view-data: 3.409095410257578
