times:
  edit-metadata: 1.2869945503771305
  landing: 0.13521945383399725
  view-data: 0.12482373509556055
