times:
  edit-metadata: 0.6215128619223833
  landing: 0.9429722595959902
  view-data: 0.2905487045645714
