times:
  edit-metadata: 0.42388008115813136
  landing: 0.044089363887906075
  view-data: 0.2147683510556817
