times:
  edit-metadata: 1.262069041840732
  landing: 0.020624078810214996
  view-data: 0.027352025732398033
