times:
  edit-metadata: 1.6040415242314339
  landing: 0.6934483088552952
  view-data: 3.4134538676589727
