times:
  edit-metadata: 1.5046991370618343
  landing: 0.8091518143191934
  view-data: 3.3117518620565534
