times:
  edit-metadata: 0.5861501395702362
  landing: 0.5837371107190847
  view-data: 0.18399506248533726
