times:
  edit-metadata: 0.46026689099380746
  landing: 0.046964563021901995
  view-data: 0.21001473802607507
