times:
  edit-metadata: 0.4961938820197247
  landing: 0.13112342901877128
  view-data: 0.2113249330141116
