times:
  edit-metadata: 1.5422672694548965
  landing: 0.7214036444202065
  view-data: 3.349845426157117
