times:
  edit-metadata: 0.5500325430002704
  landing: 0.062075843999991775
  view-data: 0.2166327149998324
