times:
  edit-metadata: 1.275311334989965
  landing: 0.20831418689340353
  view-data: 0.461297987960279
