times:
  edit-metadata: 0.550183791667223
  landing: 0.04496636986732483
  view-data: 0.18772153556346893
