times:
  edit-metadata: 0.5326148760505021
  landing: 0.05478939495515078
  view-data: 0.21982562699122354
