times:
  edit-metadata: 0.5599845107644796
  landing: 1.584584143012762
  view-data: 0.31687530875205994
