times:
  edit-metadata: 0.4297349816188216
  landing: 0.041461850982159376
  view-data: 0.20267063099890947
