times:
  edit-metadata: 0.5646819733083248
  landing: 0.5669362768530846
  view-data: 0.18270098231732845
