times:
  edit-metadata: 1.2732598567381501
  landing: 0.20449722558259964
  view-data: 0.027632621116936207
