times:
  edit-metadata: 0.4255845029838383
  landing: 0.040987267973832786
  view-data: 0.19332636904437095
