times:
  edit-metadata: 0.8143677110783756
  landing: 0.04609231511130929
  view-data: 0.201974059920758
