times:
  edit-metadata: 0.5927378665655851
  landing: 0.5522766653448343
  view-data: 0.19536511786282063
