times:
  edit-metadata: 0.42992870043963194
  landing: 0.04193710442632437
  view-data: 0.20444440469145775
