times:
  edit-metadata: 1.3449045345187187
  landing: 0.024398808367550373
  view-data: 0.10242243204265833
