times:
  edit-metadata: 0.5243809968233109
  landing: 1.551659744232893
  view-data: 0.28564795665442944
