times:
  edit-metadata: 1.3211968820542097
  landing: 0.020546309649944305
  view-data: 0.45674966368824244
