times:
  edit-metadata: 1.270222402177751
  landing: 0.020339101552963257
  view-data: 0.12497830390930176
