times:
  edit-metadata: 0.6144654955714941
  landing: 0.7719657402485609
  view-data: 0.4049137942492962
