times:
  edit-metadata: 0.4592260339995846
  landing: 0.0389825499150902
  view-data: 0.1952573130838573
