times:
  edit-metadata: 0.44229650776833296
  landing: 0.03655178006738424
  view-data: 0.2040991405956447
