times:
  edit-metadata: 0.4873255006968975
  landing: 0.9837300162762403
  view-data: 0.29064324498176575
