times:
  edit-metadata: 0.46026013419032097
  landing: 1.6690967325121164
  view-data: 0.31761477515101433
