times:
  edit-metadata: 0.46829352900385857
  landing: 0.03863970912061632
  view-data: 0.18530774908140302
