times:
  edit-metadata: 1.551896226941608
  landing: 0.7499415570637211
  view-data: 3.4717555879615247
