times:
  edit-metadata: 0.6178984600119293
  landing: 0.04814039682969451
  view-data: 0.20034557627514005
