times:
  edit-metadata: 1.29176115244627
  landing: 0.01858236826956272
  view-data: 0.3474321272224188
