times:
  edit-metadata: 1.3447553515434265
  landing: 0.02340863086283207
  view-data: 0.10009023733437061
