times:
  edit-metadata: 1.5562336361035705
  landing: 0.8014891305938363
  view-data: 3.4857275849208236
