times:
  edit-metadata: 1.552902176976204
  landing: 0.6982148997485638
  view-data: 3.3842321634292603
