times:
  edit-metadata: 0.5530362389981747
  landing: 0.04290766827762127
  view-data: 0.3101410083472729
