times:
  edit-metadata: 0.4465295079862699
  landing: 0.04788786399876699
  view-data: 0.1914952119695954
