times:
  edit-metadata: 1.2735849265009165
  landing: 0.10920391418039799
  view-data: 0.11989020928740501
