times:
  edit-metadata: 0.4572827536612749
  landing: 0.8132117930799723
  view-data: 0.31101687997579575
