times:
  edit-metadata: 4.22400001809001
  landing: 1.573696095496416
  view-data: 4.5757498405873775
