times:
  edit-metadata: 0.5398177206516266
  landing: 0.03900199010968208
  view-data: 0.19911885634064674
