times:
  edit-metadata: 0.4485732458997518
  landing: 0.039507583947852254
  view-data: 0.2146273038815707
