times:
  edit-metadata: 1.5708392765372992
  landing: 0.6676355041563511
  view-data: 3.422030173242092
