times:
  edit-metadata: 0.45840792707167566
  landing: 0.048022757982835174
  view-data: 0.19046049797907472
