times:
  edit-metadata: 1.4389430126175284
  landing: 0.7756149247288704
  view-data: 3.3675143839791417
