times:
  edit-metadata: 6.680401908233762
  landing: 2.051927676424384
  view-data: 3.9652178045362234
