times:
  edit-metadata: 0.5474314820021391
  landing: 0.06289712432771921
  view-data: 0.2265080139040947
