times:
  edit-metadata: 0.4283759072422981
  landing: 0.04157546674832702
  view-data: 0.20549992192536592
