times:
  edit-metadata: 0.638125313911587
  landing: 0.13574047340080142
  view-data: 0.27020362205803394
