times:
  edit-metadata: 0.5659383999882266
  landing: 0.04985309499897994
  view-data: 0.2475566609937232
