times:
  edit-metadata: 1.3725256752222776
  landing: 0.1228629807010293
  view-data: 0.02303619496524334
