times:
  edit-metadata: 1.2907522013410926
  landing: 0.022190731018781662
  view-data: 0.13608866464346647
