times:
  edit-metadata: 1.403708167374134
  landing: 0.7468025600537658
  view-data: 3.434114129282534
