times:
  edit-metadata: 0.4637724459171295
  landing: 0.5731316488236189
  view-data: 0.18894396908581257
