times:
  edit-metadata: 0.5861582886427641
  landing: 0.5708664320409298
  view-data: 0.1978300493210554
