times:
  edit-metadata: 1.3385123247280717
  landing: 0.12025569658726454
  view-data: 0.054267060942947865
