times:
  edit-metadata: 1.5244487896561623
  landing: 0.8160891346633434
  view-data: 3.346433389931917
