times:
  edit-metadata: 0.5413010902702808
  landing: 0.042451225221157074
  view-data: 0.1886117123067379
