times:
  edit-metadata: 1.3174194879829884
  landing: 0.218603590503335
  view-data: 0.12341588921844959
