times:
  edit-metadata: 0.4529708167538047
  landing: 0.03989345859736204
  view-data: 0.2143784100189805
