times:
  edit-metadata: 0.43359288698411547
  landing: 0.05336786701809615
  view-data: 0.1791258140001446
