times:
  edit-metadata: 0.4517634179792367
  landing: 0.04933483200147748
  view-data: 0.18416003498714417
