times:
  edit-metadata: 1.384346541017294
  landing: 0.8228011205792427
  view-data: 3.4214755669236183
