times:
  edit-metadata: 0.6213606763631105
  landing: 1.837565939873457
  view-data: 0.29774683713912964
