times:
  edit-metadata: 0.4390080259181559
  landing: 0.04340122302528471
  view-data: 0.19067258504219353
