times:
  edit-metadata: 0.5632767826318741
  landing: 0.05154694616794586
  view-data: 0.19338443875312805
