times:
  edit-metadata: 0.42284112703055143
  landing: 0.043632120359689
  view-data: 0.20189202297478914
