times:
  edit-metadata: 0.44807514315471053
  landing: 0.04738844186067581
  view-data: 0.20891908602789044
