times:
  edit-metadata: 0.5088864048011601
  landing: 0.06846809107810259
  view-data: 0.1947880992665887
