times:
  edit-metadata: 1.559439480304718
  landing: 0.9576956778764725
  view-data: 3.3368134945631027
