times:
  edit-metadata: 0.611776664853096
  landing: 0.5479589439928532
  view-data: 0.17989075928926468
