times:
  edit-metadata: 1.4029134474694729
  landing: 0.697749275714159
  view-data: 3.408614171668887
