times:
  edit-metadata: 0.39416607841849327
  landing: 0.5157079715281725
  view-data: 0.23543836921453476
