times:
  edit-metadata: 1.7276601269841194
  landing: 0.9154767952859402
  view-data: 3.348735835403204
