times:
  edit-metadata: 0.5144469559891149
  landing: 0.05657607002649456
  view-data: 0.2139321370050311
