times:
  edit-metadata: 0.5339307710528374
  landing: 0.04457256197929382
  view-data: 0.1895199865102768
