times:
  edit-metadata: 0.4230253188870847
  landing: 0.04095014603808522
  view-data: 0.19553222693502903
