times:
  edit-metadata: 1.4209057316184044
  landing: 0.7163902968168259
  view-data: 3.4596944451332092
