times:
  edit-metadata: 1.3924974650144577
  landing: 0.7733412906527519
  view-data: 3.6255171671509743
