times:
  edit-metadata: 1.4323239922523499
  landing: 0.7633136361837387
  view-data: 3.4768724143505096
