times:
  edit-metadata: 1.4477045312523842
  landing: 0.8044263646006584
  view-data: 3.525651693344116
