times:
  edit-metadata: 1.7718895450234413
  landing: 0.8568311184644699
  view-data: 3.4341975450515747
