times:
  edit-metadata: 1.470567137002945
  landing: 0.7695324197411537
  view-data: 3.559133656322956
