times:
  edit-metadata: 1.5288290902972221
  landing: 0.7333198189735413
  view-data: 3.5709967091679573
