times:
  edit-metadata: 1.4388159736990929
  landing: 0.7932366579771042
  view-data: 3.603586256504059
