times:
  edit-metadata: 1.3757643476128578
  landing: 0.7541895359754562
  view-data: 3.5499914288520813
