times:
  edit-metadata: 1.3678267449140549
  landing: 0.7511711791157722
  view-data: 3.365277737379074
