times:
  edit-metadata: 1.3911232873797417
  landing: 0.8226357027888298
  view-data: 3.399832174181938
