times:
  edit-metadata: 1.4013751298189163
  landing: 0.7712863683700562
  view-data: 3.5923702493309975
