times:
  edit-metadata: 1.5202167853713036
  landing: 0.8256485164165497
  view-data: 3.368613563477993
