times:
  edit-metadata: 1.396650217473507
  landing: 0.796406663954258
  view-data: 3.4460619762539864
