times:
  edit-metadata: 2.196009151637554
  landing: 1.25441874563694
  view-data: 3.771256484091282
