times:
  edit-metadata: 2.0010755136609077
  landing: 0.9062609598040581
  view-data: 3.462336078286171
