times:
  edit-metadata: 1.5133208110928535
  landing: 0.957465149462223
  view-data: 3.6281556114554405
