times:
  edit-metadata: 1.408912032842636
  landing: 0.7560608759522438
  view-data: 3.5058750361204147
