times:
  edit-metadata: 1.3539891466498375
  landing: 0.8489261418581009
  view-data: 3.417677953839302
