times:
  edit-metadata: 1.3050811141729355
  landing: 0.8464132994413376
  view-data: 3.4113819673657417
