times:
  edit-metadata: 1.4190769642591476
  landing: 0.9735511839389801
  view-data: 3.777815096080303
