times:
  edit-metadata: 1.4347313046455383
  landing: 0.7395110949873924
  view-data: 3.548275865614414
