times:
  edit-metadata: 1.2424204871058464
  landing: 0.8478574380278587
  view-data: 3.5932950004935265
