times:
  edit-metadata: 1.4270674288272858
  landing: 0.7710359916090965
  view-data: 3.468137264251709
