times:
  edit-metadata: 1.5010521560907364
  landing: 0.8788102716207504
  view-data: 3.6800688430666924
