times:
  edit-metadata: 1.474819041788578
  landing: 0.8201988190412521
  view-data: 3.585391290485859
