times:
  edit-metadata: 2.9105115234851837
  landing: 1.4758756011724472
  view-data: 3.93309273570776
