times:
  edit-metadata: 1.4659648537635803
  landing: 0.8490150719881058
  view-data: 3.373172678053379
