times:
  edit-metadata: 1.7151414528489113
  landing: 0.9330855756998062
  view-data: 3.471872463822365
