times:
  edit-metadata: 1.3657935708761215
  landing: 0.8234889209270477
  view-data: 3.536075107753277
