times:
  edit-metadata: 1.345861442387104
  landing: 0.7834373563528061
  view-data: 3.5703808665275574
