times:
  edit-metadata: 2.1418453603982925
  landing: 1.3553968891501427
  view-data: 4.354000821709633
