times:
  edit-metadata: 3.2443057894706726
  landing: 1.6617890894412994
  view-data: 3.577519379556179
