times:
  edit-metadata: 1.4404182434082031
  landing: 0.906029500067234
  view-data: 3.5707608461380005
