times:
  edit-metadata: 1.4948766827583313
  landing: 0.8683712035417557
  view-data: 3.55460936576128
