times:
  edit-metadata: 1.4119034558534622
  landing: 0.8455354645848274
  view-data: 3.5548266544938087
