times:
  edit-metadata: 1.401818372309208
  landing: 0.818489596247673
  view-data: 3.529595658183098
