times:
  edit-metadata: 1.4530430659651756
  landing: 0.7911444902420044
  view-data: 3.663958378136158
