times:
  edit-metadata: 1.4540202170610428
  landing: 0.8051749616861343
  view-data: 3.5921648740768433
