times:
  edit-metadata: 1.7494739145040512
  landing: 0.9866848140954971
  view-data: 3.444827154278755
