times:
  edit-metadata: 1.4990010932087898
  landing: 0.7327195554971695
  view-data: 3.441146858036518
