times:
  edit-metadata: 1.3721903041005135
  landing: 0.8505803197622299
  view-data: 3.594827502965927
