times:
  edit-metadata: 1.5379052236676216
  landing: 0.7856867462396622
  view-data: 3.4571441635489464
