times:
  edit-metadata: 1.3993762135505676
  landing: 0.7844520732760429
  view-data: 3.446546860039234
