times:
  edit-metadata: 1.3577761799097061
  landing: 0.8846696019172668
  view-data: 3.4640376046299934
