times:
  edit-metadata: 1.5228122398257256
  landing: 0.9181095063686371
  view-data: 3.586749419569969
