times:
  edit-metadata: 1.4301925227046013
  landing: 0.7876406982541084
  view-data: 3.5645062923431396
