times:
  edit-metadata: 1.5469903200864792
  landing: 0.7381437569856644
  view-data: 3.43338031321764
