times:
  edit-metadata: 2.2715034559369087
  landing: 1.574041336774826
  view-data: 4.129974544048309
