times:
  edit-metadata: 1.3764427527785301
  landing: 0.8947917222976685
  view-data: 3.5310377329587936
