times:
  edit-metadata: 1.3983868584036827
  landing: 0.8049760386347771
  view-data: 3.4442384392023087
