times:
  edit-metadata: 1.4302241951227188
  landing: 0.83843644708395
  view-data: 3.5747390016913414
