times:
  edit-metadata: 1.6864753849804401
  landing: 1.0182657316327095
  view-data: 3.4765348583459854
