times:
  edit-metadata: 1.363646224141121
  landing: 0.8386695235967636
  view-data: 3.2789505943655968
