times:
  edit-metadata: 1.5024454556405544
  landing: 0.8412882015109062
  view-data: 3.278847713023424
