times:
  edit-metadata: 1.4464847221970558
  landing: 0.816835455596447
  view-data: 3.293193504214287
