times:
  edit-metadata: 1.4667977020144463
  landing: 0.7884893044829369
  view-data: 3.4194294959306717
