times:
  edit-metadata: 2.327011562883854
  landing: 1.274184588342905
  view-data: 4.116490337997675
