times:
  edit-metadata: 1.381606750190258
  landing: 0.7395131215453148
  view-data: 3.286114752292633
