times:
  edit-metadata: 1.3701901733875275
  landing: 0.8236882612109184
  view-data: 3.2987604290246964
