times:
  edit-metadata: 1.3528284057974815
  landing: 0.8382463976740837
  view-data: 3.4471935853362083
