times:
  edit-metadata: 1.7774296700954437
  landing: 1.0419394969940186
  view-data: 3.700907379388809
