times:
  edit-metadata: 1.4525751546025276
  landing: 0.7801696881651878
  view-data: 3.498111605644226
