times:
  edit-metadata: 1.4289198145270348
  landing: 0.7869126126170158
  view-data: 3.315002992749214
