times:
  edit-metadata: 1.5423500016331673
  landing: 0.8984041884541512
  view-data: 3.339153364300728
