times:
  edit-metadata: 1.4244415536522865
  landing: 0.7803037688136101
  view-data: 3.497530624270439
