times:
  edit-metadata: 1.6353766061365604
  landing: 1.0163126662373543
  view-data: 3.345793042331934
