times:
  edit-metadata: 1.3085082992911339
  landing: 0.941854678094387
  view-data: 3.332843378186226
