times:
  edit-metadata: 1.4707193970680237
  landing: 0.7570057585835457
  view-data: 3.5318015962839127
