times:
  edit-metadata: 1.5152551531791687
  landing: 0.8094240725040436
  view-data: 3.4550414085388184
