times:
  edit-metadata: 1.7974006794393063
  landing: 1.032597377896309
  view-data: 3.357658039778471
