times:
  edit-metadata: 1.4549007266759872
  landing: 0.8470432013273239
  view-data: 3.339380171149969
