times:
  edit-metadata: 1.3888722769916058
  landing: 0.8165063075721264
  view-data: 3.3005933463573456
