times:
  edit-metadata: 1.3677082359790802
  landing: 0.7875070124864578
  view-data: 3.4716053158044815
