times:
  edit-metadata: 1.4201323315501213
  landing: 0.8093886077404022
  view-data: 3.269175488501787
