times:
  edit-metadata: 1.6369008272886276
  landing: 0.9876515343785286
  view-data: 3.35037849470973
