times:
  edit-metadata: 1.3537608087062836
  landing: 0.798884429037571
  view-data: 3.3274944499135017
