times:
  edit-metadata: 1.4456879645586014
  landing: 0.7744127586483955
  view-data: 3.3742157593369484
