times:
  edit-metadata: 1.453033797442913
  landing: 0.7175878174602985
  view-data: 3.274653311818838
