times:
  edit-metadata: 1.4405185878276825
  landing: 0.7642424032092094
  view-data: 3.4078704193234444
