times:
  edit-metadata: 1.5222096480429173
  landing: 0.7417166046798229
  view-data: 3.3431947268545628
