times:
  edit-metadata: 1.392426311969757
  landing: 0.9793033823370934
  view-data: 3.4387542083859444
