times:
  edit-metadata: 1.5846708491444588
  landing: 0.991621159017086
  view-data: 3.511343888938427
