times:
  edit-metadata: 1.3661866560578346
  landing: 0.8012932538986206
  view-data: 3.5092957094311714
