times:
  edit-metadata: 1.5075184218585491
  landing: 0.7027332037687302
  view-data: 3.2881882414221764
