times:
  edit-metadata: 2.511842831969261
  landing: 1.6405593305826187
  view-data: 3.6262186020612717
