times:
  edit-metadata: 1.5435946509242058
  landing: 0.6614255383610725
  view-data: 3.5904205664992332
