times:
  edit-metadata: 1.367641068994999
  landing: 0.8721011951565742
  view-data: 3.3064587861299515
