times:
  edit-metadata: 1.654977723956108
  landing: 1.2127210199832916
  view-data: 3.473410166800022
