times:
  edit-metadata: 1.532678760588169
  landing: 0.8727649673819542
  view-data: 4.01492328196764
