times:
  edit-metadata: 1.3485551998019218
  landing: 1.0084030404686928
  view-data: 3.7556158378720284
