times:
  edit-metadata: 1.4801282957196236
  landing: 0.7894280403852463
  view-data: 3.3283173739910126
