times:
  edit-metadata: 1.3359425738453865
  landing: 0.7667188718914986
  view-data: 3.3803604394197464
