times:
  edit-metadata: 1.3946128971874714
  landing: 0.7412956915795803
  view-data: 3.249813497066498
