times:
  edit-metadata: 1.37959623336792
  landing: 0.8099305406212807
  view-data: 3.4475279971957207
