times:
  edit-metadata: 1.4695877321064472
  landing: 0.8877313695847988
  view-data: 3.3147952891886234
