times:
  edit-metadata: 1.4974984005093575
  landing: 0.8463666327297688
  view-data: 3.2913126461207867
