times:
  edit-metadata: 2.5376260802149773
  landing: 1.3291193917393684
  view-data: 3.4176617860794067
