times:
  edit-metadata: 1.5146694704890251
  landing: 0.762871541082859
  view-data: 3.3379126116633415
