times:
  edit-metadata: 1.5150438025593758
  landing: 1.001985490322113
  view-data: 3.4865177646279335
