times:
  edit-metadata: 1.3763337135314941
  landing: 0.7571813687682152
  view-data: 3.5094172805547714
