times:
  edit-metadata: 1.5057105496525764
  landing: 0.7211216315627098
  view-data: 3.4460628256201744
