times:
  edit-metadata: 1.3392284139990807
  landing: 0.7980930209159851
  view-data: 3.5144883543252945
