times:
  edit-metadata: 1.3513722568750381
  landing: 0.7390685081481934
  view-data: 3.381820000708103
