times:
  edit-metadata: 1.456254854798317
  landing: 0.8860020190477371
  view-data: 3.449353724718094
