times:
  edit-metadata: 1.6058929488062859
  landing: 1.1264902725815773
  view-data: 3.3127707839012146
