times:
  edit-metadata: 1.431930623948574
  landing: 0.8538313955068588
  view-data: 3.3100932985544205
