times:
  edit-metadata: 1.7515923790633678
  landing: 0.8217461593449116
  view-data: 3.4138382486999035
