times:
  edit-metadata: 1.4489368423819542
  landing: 0.7768376544117928
  view-data: 3.3197970800101757
