times:
  edit-metadata: 1.4799342900514603
  landing: 0.7516574561595917
  view-data: 3.4162827506661415
