times:
  edit-metadata: 1.4449706599116325
  landing: 0.859829768538475
  view-data: 3.311478152871132
