times:
  edit-metadata: 1.4441358782351017
  landing: 0.7843077182769775
  view-data: 3.2707338258624077
