times:
  edit-metadata: 1.3618949204683304
  landing: 0.8211333379149437
  view-data: 3.468231000006199
