times:
  edit-metadata: 1.5154100619256496
  landing: 0.9178376160562038
  view-data: 3.3643137589097023
