times:
  edit-metadata: 1.5229451172053814
  landing: 0.9979519136250019
  view-data: 3.3628889620304108
