times:
  edit-metadata: 1.3673892244696617
  landing: 0.785613477230072
  view-data: 3.4994921758770943
