times:
  edit-metadata: 1.448117934167385
  landing: 1.174379050731659
  view-data: 3.3640896528959274
