times:
  edit-metadata: 1.5363746583461761
  landing: 1.0385444462299347
  view-data: 3.3784791827201843
