times:
  edit-metadata: 1.4921032711863518
  landing: 0.7731218934059143
  view-data: 3.446922942996025
