times:
  edit-metadata: 1.5255635306239128
  landing: 1.0377873182296753
  view-data: 3.5758700147271156
