times:
  edit-metadata: 1.4606404528021812
  landing: 0.7407976910471916
  view-data: 3.482185013592243
