times:
  edit-metadata: 1.4519046023488045
  landing: 0.7590678632259369
  view-data: 3.5001456514000893
