times:
  edit-metadata: 1.3267051875591278
  landing: 0.7838902100920677
  view-data: 3.4785875529050827
