times:
  edit-metadata: 1.5214986875653267
  landing: 0.7379460856318474
  view-data: 3.5139028280973434
