times:
  edit-metadata: 1.4714758470654488
  landing: 0.7189454138278961
  view-data: 3.336421638727188
