times:
  edit-metadata: 1.4150426015257835
  landing: 0.8088726997375488
  view-data: 3.553058035671711
