times:
  edit-metadata: 1.4659395441412926
  landing: 0.7724595814943314
  view-data: 3.4864389076828957
