times:
  edit-metadata: 1.6090177074074745
  landing: 0.8139290660619736
  view-data: 3.435456857085228
