times:
  edit-metadata: 1.4461748078465462
  landing: 0.7900041490793228
  view-data: 3.5220514610409737
