times:
  edit-metadata: 1.339503027498722
  landing: 0.8364711701869965
  view-data: 3.3925489336252213
