times:
  edit-metadata: 1.7484122291207314
  landing: 1.64640224725008
  view-data: 3.4003668054938316
