times:
  edit-metadata: 1.4684252962470055
  landing: 0.8638425692915916
  view-data: 3.3011984154582024
