times:
  edit-metadata: 1.4937107414007187
  landing: 0.8943995535373688
  view-data: 3.271805375814438
