times:
  edit-metadata: 1.3916291669011116
  landing: 0.7417208179831505
  view-data: 3.4321741089224815
