times:
  edit-metadata: 1.4969278238713741
  landing: 0.8553303964436054
  view-data: 3.3180307038128376
