times:
  edit-metadata: 1.3714725375175476
  landing: 0.8536505326628685
  view-data: 3.3030647337436676
