times:
  edit-metadata: 1.474719449877739
  landing: 0.917560949921608
  view-data: 3.311326250433922
