times:
  edit-metadata: 1.4206825271248817
  landing: 0.8532199561595917
  view-data: 3.2968434765934944
