times:
  edit-metadata: 1.701826572418213
  landing: 0.9331580325961113
  view-data: 3.449956513941288
