times:
  edit-metadata: 1.3951135575771332
  landing: 0.7848424911499023
  view-data: 3.4448863863945007
