times:
  edit-metadata: 1.552824791520834
  landing: 0.866143237799406
  view-data: 3.307568058371544
