times:
  edit-metadata: 1.4852430298924446
  landing: 0.838340874761343
  view-data: 3.304531093686819
