times:
  edit-metadata: 1.4135822542011738
  landing: 0.7865976244211197
  view-data: 3.380627989768982
