times:
  edit-metadata: 1.363732598721981
  landing: 0.8386059105396271
  view-data: 3.4920644387602806
