times:
  edit-metadata: 1.4300869554281235
  landing: 0.750767782330513
  view-data: 3.4830854535102844
