times:
  edit-metadata: 1.443978875875473
  landing: 0.7236660122871399
  view-data: 3.486268103122711
