times:
  edit-metadata: 1.4738487899303436
  landing: 0.8288255333900452
  view-data: 3.5491639599204063
