times:
  edit-metadata: 1.4822209104895592
  landing: 0.7538410648703575
  view-data: 3.328925009816885
