times:
  edit-metadata: 1.385538686066866
  landing: 0.8361353613436222
  view-data: 3.4831900410354137
