times:
  edit-metadata: 1.3933021202683449
  landing: 0.8322367370128632
  view-data: 3.596324145793915
