times:
  edit-metadata: 1.3891091495752335
  landing: 0.7845845147967339
  view-data: 3.5065349340438843
