times:
  edit-metadata: 1.4319691061973572
  landing: 0.8954421058297157
  view-data: 3.357265889644623
