times:
  edit-metadata: 1.508624367415905
  landing: 0.8302794843912125
  view-data: 3.3267919719219208
