times:
  edit-metadata: 1.4461137391626835
  landing: 0.8513412065804005
  view-data: 3.320307180285454
