times:
  edit-metadata: 1.4079511687159538
  landing: 0.7728837840259075
  view-data: 3.3731233701109886
