times:
  edit-metadata: 1.3947065845131874
  landing: 0.7725281938910484
  view-data: 3.2818519175052643
