times:
  edit-metadata: 1.8133379742503166
  landing: 1.0788595378398895
  view-data: 3.439456384629011
