times:
  edit-metadata: 2.209408074617386
  landing: 1.2267635390162468
  view-data: 4.023499123752117
