times:
  edit-metadata: 1.7188778445124626
  landing: 0.7837912812829018
  view-data: 3.5294862166047096
