times:
  edit-metadata: 1.4041363038122654
  landing: 0.8343369700014591
  view-data: 3.3681215345859528
