times:
  edit-metadata: 1.4163213223218918
  landing: 0.8101013675332069
  view-data: 3.319585122168064
