times:
  edit-metadata: 1.4113828465342522
  landing: 0.8047430850565434
  view-data: 3.2607637122273445
