times:
  edit-metadata: 1.6017594896256924
  landing: 0.8977629467844963
  view-data: 3.3990813940763474
