times:
  edit-metadata: 1.39285733923316
  landing: 0.9228458143770695
  view-data: 3.450349811464548
