times:
  edit-metadata: 1.4621194899082184
  landing: 0.76996860653162
  view-data: 3.455107629299164
