times:
  edit-metadata: 1.4845683574676514
  landing: 0.7743696793913841
  view-data: 3.490166261792183
