times:
  edit-metadata: 1.4542416743934155
  landing: 0.8143861591815948
  view-data: 3.3303374499082565
