times:
  edit-metadata: 1.5842505991458893
  landing: 0.9360871911048889
  view-data: 3.3658513240516186
