times:
  edit-metadata: 1.54160775244236
  landing: 1.1367602348327637
  view-data: 3.4581109285354614
