times:
  edit-metadata: 1.5134535059332848
  landing: 0.7814493700861931
  view-data: 3.4166869297623634
