times:
  edit-metadata: 1.5866537727415562
  landing: 0.9354779720306396
  view-data: 3.4720763973891735
