times:
  edit-metadata: 1.5005341991782188
  landing: 0.7371789813041687
  view-data: 3.4402125775814056
