times:
  edit-metadata: 2.1950482949614525
  landing: 1.2310410141944885
  view-data: 3.4057634845376015
