times:
  edit-metadata: 1.544122539460659
  landing: 0.7500018328428268
  view-data: 3.5057041719555855
