times:
  edit-metadata: 1.9290543645620346
  landing: 1.1496921256184578
  view-data: 3.6253920271992683
