times:
  edit-metadata: 1.4108252450823784
  landing: 0.755529023706913
  view-data: 3.4160234853625298
