times:
  edit-metadata: 1.4030808731913567
  landing: 0.8751010224223137
  view-data: 3.4477427676320076
