times:
  edit-metadata: 1.4730505496263504
  landing: 0.8536654859781265
  view-data: 3.4447951912879944
