times:
  edit-metadata: 1.3636810705065727
  landing: 0.7433454468846321
  view-data: 3.408350884914398
