times:
  edit-metadata: 1.4427195936441422
  landing: 0.7443849295377731
  view-data: 3.5228030681610107
