times:
  edit-metadata: 1.4631762579083443
  landing: 0.7626057267189026
  view-data: 3.5422146916389465
