times:
  edit-metadata: 1.4108525961637497
  landing: 0.9087038561701775
  view-data: 3.4800164625048637
