times:
  edit-metadata: 1.670242577791214
  landing: 0.98106949031353
  view-data: 3.427153266966343
