times:
  edit-metadata: 1.5151711590588093
  landing: 0.8329487033188343
  view-data: 3.3688953295350075
