times:
  edit-metadata: 1.4458958134055138
  landing: 0.725254736840725
  view-data: 3.5259731113910675
