times:
  edit-metadata: 1.408196497708559
  landing: 0.80175706371665
  view-data: 3.3119980357587337
