times:
  edit-metadata: 1.3931074440479279
  landing: 0.7823183424770832
  view-data: 3.350823115557432
