times:
  edit-metadata: 1.4893010780215263
  landing: 0.8058278113603592
  view-data: 3.477807581424713
