times:
  edit-metadata: 1.3830589279532433
  landing: 0.8312413468956947
  view-data: 3.4339376613497734
