times:
  edit-metadata: 1.6278878450393677
  landing: 0.8958585485816002
  view-data: 3.5323139652609825
