times:
  edit-metadata: 1.4827166199684143
  landing: 0.8220947757363319
  view-data: 3.3334744200110435
