times:
  edit-metadata: 1.3486856743693352
  landing: 0.7163639739155769
  view-data: 3.4838126972317696
