times:
  edit-metadata: 1.7900076806545258
  landing: 1.0454720854759216
  view-data: 3.6951056346297264
