times:
  edit-metadata: 1.3807450532913208
  landing: 0.7474271804094315
  view-data: 3.481199935078621
