times:
  edit-metadata: 1.854313936084509
  landing: 0.16561071388423443
  view-data: 0.3372998833656311
