times:
  edit-metadata: 0.6598172970116138
  landing: 0.06858982518315315
  view-data: 0.25625293189659715
