times:
  edit-metadata: 0.6756489579565823
  landing: 0.06553479377180338
  view-data: 0.3422398818656802
