times:
  edit-metadata: 1.4007831448689103
  landing: 0.02217915840446949
  view-data: 0.12164880614727736
