times:
  edit-metadata: 0.4782867692410946
  landing: 0.04543682839721441
  view-data: 0.20891061797738075
