times:
  edit-metadata: 0.46957619022578
  landing: 0.04387296689674258
  view-data: 0.19602200528606772
