times:
  edit-metadata: 2.4330602660775185
  landing: 0.46135900635272264
  view-data: 0.7075466876849532
