times:
  edit-metadata: 0.4905827878974378
  landing: 0.04364012205041945
  view-data: 0.187239179154858
