times:
  edit-metadata: 1.6293372940272093
  landing: 0.3089617732912302
  view-data: 0.3605867549777031
