times:
  edit-metadata: 1.3361497111618519
  landing: 0.02324937842786312
  view-data: 0.13147328421473503
