times:
  edit-metadata: 0.4896183139644563
  landing: 0.04836931894533336
  view-data: 0.18936787894926965
