times:
  edit-metadata: 0.508131661452353
  landing: 0.04585971590131521
  view-data: 0.2047754479572177
