times:
  edit-metadata: 1.391473475843668
  landing: 0.022984209470450878
  view-data: 0.023982013575732708
