times:
  edit-metadata: 1.4281553216278553
  landing: 0.019529147073626518
  view-data: 0.02454083226621151
