times:
  edit-metadata: 1.4342309180647135
  landing: 0.11877949722111225
  view-data: 0.323743499815464
