times:
  edit-metadata: 1.4657773599028587
  landing: 0.1192564107477665
  view-data: 0.028155142441391945
