times:
  edit-metadata: 0.6065510131884366
  landing: 0.051102698082104325
  view-data: 0.36015998804941773
