times:
  edit-metadata: 0.470839386805892
  landing: 0.043607695028185844
  view-data: 0.1952457088045776
