times:
  edit-metadata: 1.6956366393715143
  landing: 0.20795425027608871
  view-data: 0.3372765798121691
