times:
  edit-metadata: 0.4784295130521059
  landing: 0.03949562134221196
  view-data: 0.19221284985542297
