times:
  edit-metadata: 1.392629012465477
  landing: 0.018934229388833046
  view-data: 0.12046334519982338
