times:
  edit-metadata: 1.390666488558054
  landing: 0.02155456133186817
  view-data: 0.10326739586889744
