times:
  edit-metadata: 1.6257327198982239
  landing: 0.023492252454161644
  view-data: 0.026316417381167412
