times:
  edit-metadata: 0.49859310407191515
  landing: 0.04839111492037773
  view-data: 0.21409957110881805
