times:
  edit-metadata: 0.5138256447389722
  landing: 0.043768164701759815
  view-data: 0.21090084221214056
