times:
  edit-metadata: 0.6033071707934141
  landing: 0.06582935201004148
  view-data: 0.24757361877709627
