times:
  edit-metadata: 1.356786192394793
  landing: 0.19618489127606153
  view-data: 0.02676133532077074
