times:
  edit-metadata: 1.3724923357367516
  landing: 0.021190392784774303
  view-data: 0.024174083024263382
