times:
  edit-metadata: 1.3732697237282991
  landing: 0.023397747427225113
  view-data: 0.36220657266676426
