times:
  edit-metadata: 1.4125167848542333
  landing: 0.02170423325151205
  view-data: 0.12098258640617132
