times:
  edit-metadata: 1.4015379920601845
  landing: 0.12397304363548756
  view-data: 0.3746483828872442
