times:
  edit-metadata: 1.308758256956935
  landing: 0.1183068510144949
  view-data: 0.12516019493341446
