times:
  edit-metadata: 1.4501696228981018
  landing: 0.11784938909113407
  view-data: 0.2886213306337595
