times:
  edit-metadata: 1.6148990709334612
  landing: 0.1289817038923502
  view-data: 0.1497520748525858
