times:
  edit-metadata: 1.635811384767294
  landing: 0.22073492966592312
  view-data: 0.36936747841537
