times:
  edit-metadata: 1.5019241217523813
  landing: 0.020774287171661854
  view-data: 0.45439473167061806
