times:
  edit-metadata: 0.4951763809658587
  landing: 0.04545022826641798
  view-data: 0.18111581914126873
