times:
  edit-metadata: 1.3309098845347762
  landing: 0.01984517276287079
  view-data: 0.02863387018442154
