times:
  edit-metadata: 0.5016031111590564
  landing: 0.041131958132609725
  view-data: 0.20095493597909808
