times:
  edit-metadata: 0.47346890391781926
  landing: 0.05350923910737038
  view-data: 0.19457077514380217
