times:
  edit-metadata: 1.3397944336757064
  landing: 0.02073131874203682
  view-data: 0.025245417840778828
