times:
  edit-metadata: 0.4866142759565264
  landing: 0.046140834921970963
  view-data: 0.19450600002892315
