times:
  edit-metadata: 1.7236275933682919
  landing: 0.19390102289617062
  view-data: 0.030796512961387634
