times:
  edit-metadata: 1.4033162845298648
  landing: 0.20515841990709305
  view-data: 0.39031265769153833
