times:
  edit-metadata: 1.4917095806449652
  landing: 0.14497656375169754
  view-data: 0.12695877812802792
