times:
  edit-metadata: 0.49237262550741434
  landing: 0.04429584555327892
  view-data: 0.20523559302091599
