times:
  edit-metadata: 1.8541575446724892
  landing: 0.14312207326292992
  view-data: 0.026000406593084335
