times:
  edit-metadata: 0.4982398571446538
  landing: 0.04898177646100521
  view-data: 0.2090121153742075
