times:
  edit-metadata: 1.4032114017754793
  landing: 0.11742378119379282
  view-data: 0.4075957369059324
