times:
  edit-metadata: 1.3670771876350045
  landing: 0.018758327700197697
  view-data: 0.4591686259955168
