times:
  edit-metadata: 0.6447980180382729
  landing: 0.058255276177078485
  view-data: 0.22019758122041821
