times:
  edit-metadata: 0.4655947033315897
  landing: 0.04087123181670904
  view-data: 0.19170948956161737
