times:
  edit-metadata: 1.3164158100262284
  landing: 0.2031385926529765
  view-data: 0.40085941925644875
