times:
  edit-metadata: 1.362949158065021
  landing: 0.021022909320890903
  view-data: 0.025548113510012627
