times:
  edit-metadata: 0.48516393499448895
  landing: 0.03835522895678878
  view-data: 0.20410010404884815
