times:
  edit-metadata: 1.022429260890931
  landing: 0.040141424629837275
  view-data: 0.20950610376894474
