times:
  edit-metadata: 0.5417007890064269
  landing: 0.09527846798300743
  view-data: 0.20352450595237315
