times:
  edit-metadata: 1.5784090161323547
  landing: 0.24333295226097107
  view-data: 0.28461296297609806
