times:
  edit-metadata: 0.48852130584418774
  landing: 0.040361674036830664
  view-data: 0.1968735340051353
