times:
  edit-metadata: 1.341004946269095
  landing: 0.019705133512616158
  view-data: 0.02825934998691082
