times:
  edit-metadata: 0.5056064608506858
  landing: 0.044746046885848045
  view-data: 0.20443849405273795
