times:
  edit-metadata: 1.3763342341408134
  landing: 0.0220974525436759
  view-data: 0.026937557384371758
