times:
  edit-metadata: 1.5251987893134356
  landing: 0.019714895635843277
  view-data: 0.02586621604859829
