times:
  edit-metadata: 0.4794062690343708
  landing: 0.05421887384727597
  view-data: 0.1893743348773569
