times:
  edit-metadata: 0.5149320857599378
  landing: 0.04235321097075939
  view-data: 0.19843699503690004
