times:
  edit-metadata: 1.3536498649045825
  landing: 0.02143647987395525
  view-data: 0.028218482621014118
