times:
  edit-metadata: 1.3629870507866144
  landing: 0.02123825903981924
  view-data: 0.022969634272158146
