times:
  edit-metadata: 1.4853202793747187
  landing: 0.021965252235531807
  view-data: 0.02435196191072464
