times:
  edit-metadata: 1.6493419911712408
  landing: 0.21059488877654076
  view-data: 0.4415591433644295
