times:
  edit-metadata: 1.5703618619590998
  landing: 0.2361314557492733
  view-data: 0.3306925315409899
