times:
  edit-metadata: 0.49392284313216805
  landing: 0.05541862268000841
  view-data: 0.19164136704057455
