times:
  edit-metadata: 1.34004273917526
  landing: 0.1274241041392088
  view-data: 0.10348487179726362
