times:
  edit-metadata: 0.8305977112613618
  landing: 0.13780680065974593
  view-data: 0.2188290343619883
