times:
  edit-metadata: 0.48904990777373314
  landing: 0.03825328405946493
  view-data: 0.19613471487537026
