times:
  edit-metadata: 1.5012596156448126
  landing: 0.19370438158512115
  view-data: 0.2725945170968771
