times:
  edit-metadata: 1.3450307063758373
  landing: 0.18844028562307358
  view-data: 0.31631093472242355
