times:
  edit-metadata: 1.3736559394747019
  landing: 0.14207231812179089
  view-data: 0.15244241058826447
