times:
  edit-metadata: 0.47988246101886034
  landing: 0.048941437155008316
  view-data: 0.19291567988693714
