times:
  edit-metadata: 0.49969091825187206
  landing: 0.052742515690624714
  view-data: 0.20062097208574414
