times:
  edit-metadata: 1.642465902492404
  landing: 0.020921671763062477
  view-data: 0.35969381406903267
