times:
  edit-metadata: 1.3298228019848466
  landing: 0.021874780766665936
  view-data: 0.12491347827017307
