times:
  edit-metadata: 0.4779601478949189
  landing: 0.04118993040174246
  view-data: 0.19560541631653905
