times:
  edit-metadata: 0.6336678250227123
  landing: 0.048124101012945175
  view-data: 0.21614288305863738
