times:
  edit-metadata: 1.4529220778495073
  landing: 0.20090129040181637
  view-data: 0.0258624367415905
