times:
  edit-metadata: 1.3549133278429508
  landing: 0.01978954579681158
  view-data: 0.02394610457122326
