times:
  edit-metadata: 0.49310704693198204
  landing: 0.04422729695215821
  view-data: 0.19647777313366532
