times:
  edit-metadata: 1.4504163535311818
  landing: 0.018986149691045284
  view-data: 0.02401099819689989
