times:
  edit-metadata: 1.4408099930733442
  landing: 0.023241104558110237
  view-data: 0.023835942149162292
