times:
  edit-metadata: 0.7107039580587298
  landing: 0.12441755598410964
  view-data: 0.26027121115475893
