times:
  edit-metadata: 0.7375276160310023
  landing: 0.20465609297389165
  view-data: 0.2814088750164956
