times:
  edit-metadata: 0.6734520311001688
  landing: 0.048351357923820615
  view-data: 0.21812477498315275
