times:
  edit-metadata: 0.48188498290255666
  landing: 0.04063234385102987
  view-data: 0.19841835089027882
