times:
  edit-metadata: 0.4764187359251082
  landing: 0.0446803942322731
  view-data: 0.19035306619480252
