times:
  edit-metadata: 1.501982493326068
  landing: 0.023231730796396732
  view-data: 0.33938982989639044
