times:
  edit-metadata: 1.4634206593036652
  landing: 0.019176091067492962
  view-data: 0.5236241724342108
