times:
  edit-metadata: 0.4789848658256233
  landing: 0.04661037027835846
  view-data: 0.19666335172951221
