times:
  edit-metadata: 1.4706736262887716
  landing: 0.018300026655197144
  view-data: 0.023358840495347977
