times:
  edit-metadata: 0.4735609572380781
  landing: 0.03969001490622759
  view-data: 0.19793833373114467
