times:
  edit-metadata: 1.7346074599772692
  landing: 0.15432788990437984
  view-data: 0.1827734299004078
