times:
  edit-metadata: 0.6667476299917325
  landing: 0.04704551899340004
  view-data: 0.2246437829453498
