times:
  edit-metadata: 0.6784182777628303
  landing: 0.048469841945916414
  view-data: 0.22444521682336926
