times:
  edit-metadata: 1.3244558470323682
  landing: 0.019381700083613396
  view-data: 0.1315016681328416
