times:
  edit-metadata: 1.4601730704307556
  landing: 0.020217735320329666
  view-data: 0.02405502274632454
