times:
  edit-metadata: 1.6164638455957174
  landing: 0.16512384824454784
  view-data: 0.05280159041285515
