times:
  edit-metadata: 0.5071960631757975
  landing: 0.06715808436274529
  view-data: 0.22104144003242254
