times:
  edit-metadata: 0.8099311701953411
  landing: 0.07160741789266467
  view-data: 0.3080811221152544
