times:
  edit-metadata: 1.3676808318123221
  landing: 0.1268255626782775
  view-data: 0.2619290193542838
