times:
  edit-metadata: 1.4709589267149568
  landing: 0.23003821726888418
  view-data: 0.022806831635534763
