times:
  edit-metadata: 0.6728879759903066
  landing: 0.055597366008441895
  view-data: 0.22457820002455264
