times:
  edit-metadata: 1.3485526163130999
  landing: 0.11244895216077566
  view-data: 0.12057599797844887
