times:
  edit-metadata: 0.6545203260029666
  landing: 0.0679520900011994
  view-data: 0.2268195289943833
