times:
  edit-metadata: 1.3414647914469242
  landing: 0.021612643264234066
  view-data: 0.026384997181594372
