times:
  edit-metadata: 1.3659699345007539
  landing: 0.20213184505701065
  view-data: 0.36054023914039135
