times:
  edit-metadata: 1.4488629437983036
  landing: 0.2291131503880024
  view-data: 0.025391539558768272
