times:
  edit-metadata: 0.4613406131975353
  landing: 0.04910263908095658
  view-data: 0.17904770700260997
