times:
  edit-metadata: 1.0059675108641386
  landing: 0.0612949151545763
  view-data: 0.2103697881102562
