times:
  edit-metadata: 0.6593481090385467
  landing: 0.04978985991328955
  view-data: 0.22347430291119963
