times:
  edit-metadata: 0.5834672851487994
  landing: 0.05608233017846942
  view-data: 0.2014897894114256
