times:
  edit-metadata: 0.5079416763037443
  landing: 0.04035570938140154
  view-data: 0.20524152275174856
