times:
  edit-metadata: 0.5459065779577941
  landing: 0.05621265200898051
  view-data: 0.20541412197053432
