times:
  edit-metadata: 0.47172730416059494
  landing: 0.041901376098394394
  view-data: 0.19113561417907476
