times:
  edit-metadata: 0.8173095799866132
  landing: 0.11586067598545924
  view-data: 0.2555084970081225
