times:
  edit-metadata: 0.48688143910840154
  landing: 0.04828707710839808
  view-data: 0.18844732805155218
