times:
  edit-metadata: 0.9228472639806569
  landing: 0.06465271301567554
  view-data: 0.3055288181640208
