times:
  edit-metadata: 1.9369789250195026
  landing: 0.022001467645168304
  view-data: 0.12391837500035763
