times:
  edit-metadata: 0.46542795980349183
  landing: 0.044880331959575415
  view-data: 0.19376725470647216
