times:
  edit-metadata: 1.9183446764945984
  landing: 0.2818354330956936
  view-data: 0.47146106511354446
