times:
  edit-metadata: 1.3779093129560351
  landing: 0.12696365360170603
  view-data: 0.027071618475019932
