times:
  edit-metadata: 0.4931979728862643
  landing: 0.04801071900874376
  view-data: 0.19219422480091453
