times:
  edit-metadata: 0.4715694868937135
  landing: 0.05031158588826656
  view-data: 0.19198664976283908
