times:
  edit-metadata: 0.46949654491618276
  landing: 0.042352414689958096
  view-data: 0.1948035890236497
