times:
  edit-metadata: 0.6969707300013397
  landing: 0.046054565988015383
  view-data: 0.2271973809984047
