times:
  edit-metadata: 1.3501511234790087
  landing: 0.021624119952321053
  view-data: 0.024530994705855846
