times:
  edit-metadata: 1.4500078801065683
  landing: 0.2086643185466528
  view-data: 0.10153705906122923
