times:
  edit-metadata: 0.5125678079202771
  landing: 0.04085100581869483
  view-data: 0.20474765822291374
