times:
  edit-metadata: 1.0457233809866011
  landing: 0.05667770281434059
  view-data: 0.23257210524752736
