times:
  edit-metadata: 0.5830890841316432
  landing: 0.0509517639875412
  view-data: 0.21513329003937542
