times:
  edit-metadata: 0.47159506287425756
  landing: 0.03895553108304739
  view-data: 0.1891136709600687
