times:
  edit-metadata: 0.5631064539775252
  landing: 0.05985834891907871
  view-data: 0.21670568198896945
