times:
  edit-metadata: 1.3737720232456923
  landing: 0.13106827437877655
  view-data: 0.02642913442105055
