times:
  edit-metadata: 1.428615572862327
  landing: 0.13003436755388975
  view-data: 0.4185953699052334
