times:
  edit-metadata: 0.5088028190657496
  landing: 0.043543907813727856
  view-data: 0.1971708331257105
