times:
  edit-metadata: 1.364530947059393
  landing: 0.020321096293628216
  view-data: 0.027777425944805145
