times:
  edit-metadata: 0.4744679220020771
  landing: 0.042539121117442846
  view-data: 0.18955094227567315
