times:
  edit-metadata: 1.3352203965187073
  landing: 0.024307760410010815
  view-data: 0.09926802851259708
