times:
  edit-metadata: 0.7235335460281931
  landing: 0.06917733099544421
  view-data: 0.23165481199976057
