times:
  edit-metadata: 0.49662658385932446
  landing: 0.04067422961816192
  view-data: 0.1959262159653008
