times:
  edit-metadata: 0.6354149040125776
  landing: 0.07480406400281936
  view-data: 0.24535198500961997
