times:
  edit-metadata: 1.4084195606410503
  landing: 0.021691182628273964
  view-data: 0.28439985401928425
