times:
  edit-metadata: 1.4114637281745672
  landing: 0.021146778017282486
  view-data: 0.10201230086386204
