times:
  edit-metadata: 1.3948613535612822
  landing: 0.02063149493187666
  view-data: 0.028757387772202492
