times:
  edit-metadata: 0.4602664168924093
  landing: 0.05043631512671709
  view-data: 0.19439057121053338
