times:
  edit-metadata: 0.5516156749799848
  landing: 0.06505854101851583
  view-data: 0.18515652604401112
