times:
  edit-metadata: 0.6063497769646347
  landing: 0.06301497993990779
  view-data: 0.21992444689385593
