times:
  edit-metadata: 0.6693335369927809
  landing: 0.04405157902510837
  view-data: 0.22680314601166174
