times:
  edit-metadata: 0.47699970100075006
  landing: 0.059482345124706626
  view-data: 0.1870338839944452
