times:
  edit-metadata: 0.5700814288575202
  landing: 0.062953484011814
  view-data: 0.21234654006548226
