times:
  edit-metadata: 0.5097825396806002
  landing: 0.040381080470979214
  view-data: 0.20010198093950748
