times:
  edit-metadata: 0.7395823840051889
  landing: 0.05576588097028434
  view-data: 0.22487097093835473
