times:
  edit-metadata: 0.494517186190933
  landing: 0.042345449794083834
  view-data: 0.20939406985417008
