times:
  edit-metadata: 0.506611205637455
  landing: 0.040444137528538704
  view-data: 0.19358728360384703
