times:
  edit-metadata: 0.49518274422734976
  landing: 0.04774685716256499
  view-data: 0.19166286895051599
