times:
  edit-metadata: 0.49348814133554697
  landing: 0.03858031518757343
  view-data: 0.20568382740020752
