times:
  edit-metadata: 0.8181058177724481
  landing: 0.13766286801546812
  view-data: 0.3318329597823322
