times:
  edit-metadata: 0.6991634308360517
  landing: 0.08722103293985128
  view-data: 0.30594935780391097
