times:
  edit-metadata: 0.4894259748980403
  landing: 0.03677319502457976
  view-data: 0.19296886259689927
