times:
  edit-metadata: 0.5762498390395194
  landing: 0.06920214206911623
  view-data: 0.20352967595681548
