times:
  edit-metadata: 0.49212604807689786
  landing: 0.05959397926926613
  view-data: 0.18368038907647133
