times:
  edit-metadata: 0.49839640501886606
  landing: 0.04232049314305186
  view-data: 0.19644498405978084
