times:
  edit-metadata: 1.445821151137352
  landing: 0.21888572722673416
  view-data: 0.3519856948405504
