times:
  edit-metadata: 1.3822255926206708
  landing: 0.026073187589645386
  view-data: 0.027036286890506744
