times:
  edit-metadata: 0.8428783966228366
  landing: 0.04723592195659876
  view-data: 0.29639272671192884
