times:
  edit-metadata: 1.3754127267748117
  landing: 0.1704765697941184
  view-data: 0.36608901526778936
