times:
  edit-metadata: 1.5846978537738323
  landing: 0.39146630838513374
  view-data: 0.3229173682630062
