times:
  edit-metadata: 0.509490136988461
  landing: 0.04222047235816717
  view-data: 0.19939368683844805
