times:
  edit-metadata: 1.4301482262089849
  landing: 0.020835877396166325
  view-data: 0.4475306859239936
