times:
  edit-metadata: 0.4947096980176866
  landing: 0.04117250256240368
  view-data: 0.19317095121368766
