times:
  edit-metadata: 0.4872157359495759
  landing: 0.042010980658233166
  view-data: 0.2002335460856557
