times:
  edit-metadata: 1.400734543800354
  landing: 0.12569279596209526
  view-data: 0.32643176801502705
