times:
  edit-metadata: 0.6678863470151555
  landing: 0.07638427300844342
  view-data: 0.226698723010486
