times:
  edit-metadata: 1.3691140273585916
  landing: 0.02253993507474661
  view-data: 0.426443038508296
