times:
  edit-metadata: 0.7076303618960083
  landing: 0.04643357708118856
  view-data: 0.2185012629488483
