times:
  edit-metadata: 1.5867775324732065
  landing: 0.17326660454273224
  view-data: 0.409169215708971
