times:
  edit-metadata: 0.4419872551225126
  landing: 0.05224875779822469
  view-data: 0.19690963486209512
