times:
  edit-metadata: 1.8928895872086287
  landing: 0.019925860688090324
  view-data: 0.022098622284829617
