times:
  edit-metadata: 1.3979063928127289
  landing: 0.019391841255128384
  view-data: 0.025693364441394806
