times:
  edit-metadata: 1.7640614937990904
  landing: 0.22768675163388252
  view-data: 0.31171873211860657
