times:
  edit-metadata: 1.3329330179840326
  landing: 0.022218165919184685
  view-data: 0.4010215559974313
