times:
  edit-metadata: 1.896098157390952
  landing: 0.1784520335495472
  view-data: 0.37949139066040516
