times:
  edit-metadata: 0.48656333005055785
  landing: 0.04031749302521348
  view-data: 0.19058889709413052
