times:
  edit-metadata: 0.4865563381463289
  landing: 0.039546658052131534
  view-data: 0.1998383840546012
