times:
  edit-metadata: 0.5750721718650311
  landing: 0.07293243007734418
  view-data: 0.21506758080795407
