times:
  edit-metadata: 0.7595288259908557
  landing: 0.10751393716782331
  view-data: 0.3228101711720228
