times:
  edit-metadata: 1.368965545669198
  landing: 0.1382647082209587
  view-data: 0.14168757386505604
