times:
  edit-metadata: 1.3876014640554786
  landing: 0.02149786427617073
  view-data: 0.026458175852894783
