times:
  edit-metadata: 1.7991105448454618
  landing: 0.019579864107072353
  view-data: 0.03543836157768965
