times:
  edit-metadata: 0.5047446391545236
  landing: 0.03558182902634144
  view-data: 0.19612579606473446
