times:
  edit-metadata: 0.45014966232702136
  landing: 0.06115489499643445
  view-data: 0.19099033204838634
