times:
  edit-metadata: 0.5359563459642231
  landing: 0.051008268957957625
  view-data: 0.24999553407542408
