times:
  edit-metadata: 0.48136149696074426
  landing: 0.040299031883478165
  view-data: 0.19012191402725875
