times:
  edit-metadata: 1.360646185465157
  landing: 0.020565097220242023
  view-data: 0.10236767120659351
