times:
  edit-metadata: 1.3690064260736108
  landing: 0.0214830432087183
  view-data: 0.12517012003809214
