times:
  edit-metadata: 1.618959890678525
  landing: 0.24498597159981728
  view-data: 0.3630506917834282
