times:
  edit-metadata: 0.4682470727711916
  landing: 0.0626146667636931
  view-data: 0.1813793908804655
