times:
  edit-metadata: 1.394996534101665
  landing: 0.021887571550905704
  view-data: 0.02466421853750944
