times:
  edit-metadata: 0.4870805258397013
  landing: 0.04789933795109391
  view-data: 0.20158222690224648
