times:
  edit-metadata: 0.6241724556311965
  landing: 0.06470202701166272
  view-data: 0.2135612298734486
