times:
  edit-metadata: 1.6281247735023499
  landing: 0.26881725527346134
  view-data: 0.38247886672616005
