times:
  edit-metadata: 0.49283019732683897
  landing: 0.042302432004362345
  view-data: 0.1961531052365899
