times:
  edit-metadata: 0.7098026899620891
  landing: 0.09118955105077475
  view-data: 0.267200896050781
