times:
  edit-metadata: 1.3671293081715703
  landing: 0.11714999191462994
  view-data: 0.024511121213436127
