times:
  edit-metadata: 0.4998770263046026
  landing: 0.040229249745607376
  view-data: 0.20733921509236097
