times:
  edit-metadata: 0.6752931838855147
  landing: 0.05141280731186271
  view-data: 0.22138317208737135
