times:
  edit-metadata: 0.5233172597363591
  landing: 0.046727195382118225
  view-data: 0.19085328187793493
