times:
  edit-metadata: 0.6523643480613828
  landing: 0.04956981306895614
  view-data: 0.21812170837074518
