times:
  edit-metadata: 1.3361392421647906
  landing: 0.02067411970347166
  view-data: 0.31240228936076164
