times:
  edit-metadata: 0.5251689795404673
  landing: 0.03999124001711607
  view-data: 0.20156604330986738
