times:
  edit-metadata: 1.3573302142322063
  landing: 0.02228214219212532
  view-data: 0.1213352968916297
