times:
  edit-metadata: 1.6093677580356598
  landing: 0.2774518905207515
  view-data: 0.32361931912600994
