times:
  edit-metadata: 1.4363554250448942
  landing: 0.02173389121890068
  view-data: 0.34117984399199486
