times:
  edit-metadata: 0.4553933488205075
  landing: 0.050631665624678135
  view-data: 0.32761943712830544
