times:
  edit-metadata: 0.4748934437520802
  landing: 0.0401970143429935
  view-data: 0.19481035182252526
