times:
  edit-metadata: 1.4286925699561834
  landing: 0.019341817125678062
  view-data: 0.13836672343313694
