times:
  edit-metadata: 1.3718730695545673
  landing: 0.021613790653645992
  view-data: 0.022408781573176384
