times:
  edit-metadata: 1.631599510088563
  landing: 0.02112785540521145
  view-data: 0.3442971222102642
