times:
  edit-metadata: 1.650369644165039
  landing: 0.36818240210413933
  view-data: 0.7505089426413178
