times:
  edit-metadata: 1.6150587443262339
  landing: 0.2797768171876669
  view-data: 0.337122293189168
