times:
  edit-metadata: 1.5474067777395248
  landing: 0.2695998512208462
  view-data: 0.45566344261169434
