times:
  edit-metadata: 1.4076077304780483
  landing: 0.02171208057552576
  view-data: 0.13166383933275938
