times:
  edit-metadata: 0.5735243950039148
  landing: 0.08045970601961017
  view-data: 0.2204052098095417
