times:
  edit-metadata: 1.5032394658774137
  landing: 0.1285864282399416
  view-data: 0.11836252175271511
