times:
  edit-metadata: 1.3652195101603866
  landing: 0.023253517225384712
  view-data: 0.026300798170268536
