times:
  edit-metadata: 1.4021348059177399
  landing: 0.12364630401134491
  view-data: 0.4060321804136038
