times:
  edit-metadata: 0.48723182175308466
  landing: 0.04281702684238553
  view-data: 0.1944513381458819
