times:
  edit-metadata: 1.4318698588758707
  landing: 0.17979604192078114
  view-data: 0.3353396598249674
