times:
  edit-metadata: 1.7476812414824963
  landing: 0.021225675009191036
  view-data: 0.125221386551857
