times:
  edit-metadata: 0.4981348803266883
  landing: 0.04626499582082033
  view-data: 0.20644507836550474
