times:
  edit-metadata: 1.3709585489705205
  landing: 0.20314739178866148
  view-data: 0.4682776499539614
