times:
  edit-metadata: 0.48221196513623
  landing: 0.04552169889211655
  view-data: 0.19545395812019706
