times:
  edit-metadata: 1.4382430594414473
  landing: 0.022745754569768906
  view-data: 0.1325353290885687
