times:
  edit-metadata: 0.4879722581245005
  landing: 0.04946924094110727
  view-data: 0.19692061934620142
