times:
  edit-metadata: 1.7694614958018064
  landing: 0.2842017821967602
  view-data: 0.324777577072382
