times:
  edit-metadata: 1.3851424315944314
  landing: 0.022835463285446167
  view-data: 0.44742542691528797
