times:
  edit-metadata: 0.5041994769126177
  landing: 0.055632790084928274
  view-data: 0.21010405896231532
