times:
  edit-metadata: 1.4268252002075315
  landing: 0.02227707952260971
  view-data: 0.12639404181391
