times:
  edit-metadata: 1.3572303429245949
  landing: 0.021114339120686054
  view-data: 0.12054492067545652
