times:
  edit-metadata: 1.4366153795272112
  landing: 0.2354155220091343
  view-data: 0.22555560059845448
