times:
  edit-metadata: 0.7473530769348145
  landing: 0.15029911510646343
  view-data: 0.2563586672767997
