times:
  edit-metadata: 1.4727505799382925
  landing: 0.018824612721800804
  view-data: 0.3091417085379362
