times:
  edit-metadata: 0.4852093067020178
  landing: 0.049841322004795074
  view-data: 0.19724941393360496
