times:
  edit-metadata: 0.6656594289815985
  landing: 0.05320774600841105
  view-data: 0.24470093299169093
