times:
  edit-metadata: 1.3414983339607716
  landing: 0.022978548891842365
  view-data: 0.21054203808307648
