times:
  edit-metadata: 0.47579549299553037
  landing: 0.045096763176843524
  view-data: 0.1851795508991927
