times:
  edit-metadata: 1.4400466261431575
  landing: 0.11815587058663368
  view-data: 0.12019326165318489
