times:
  edit-metadata: 0.525307300966233
  landing: 0.07077324064448476
  view-data: 0.19997082091867924
