times:
  edit-metadata: 1.441601331345737
  landing: 0.0208945469930768
  view-data: 0.02463701367378235
