times:
  edit-metadata: 1.4743619617074728
  landing: 0.15041155740618706
  view-data: 0.023567773401737213
