times:
  edit-metadata: 1.331339692696929
  landing: 0.018392369151115417
  view-data: 0.41370511893182993
