times:
  edit-metadata: 2.005717784166336
  landing: 0.23670948669314384
  view-data: 0.3467126879841089
