times:
  edit-metadata: 1.3457432743161917
  landing: 0.02120462153106928
  view-data: 0.12479743640869856
