times:
  edit-metadata: 1.500816741026938
  landing: 0.15675651375204325
  view-data: 0.464396302588284
