times:
  edit-metadata: 0.6530138560046908
  landing: 0.07227289200091036
  view-data: 0.2304902760006371
