times:
  edit-metadata: 1.6268044002354145
  landing: 0.14455911330878735
  view-data: 0.3666577711701393
