times:
  edit-metadata: 1.361706960014999
  landing: 0.02198121789842844
  view-data: 0.1175906602293253
