times:
  edit-metadata: 0.5130610382184386
  landing: 0.043266866356134415
  view-data: 0.2025771252810955
