times:
  edit-metadata: 1.5123948529362679
  landing: 0.12615048699080944
  view-data: 0.31359277851879597
