times:
  edit-metadata: 0.4625483970157802
  landing: 0.04177584988065064
  view-data: 0.20351511612534523
