times:
  edit-metadata: 0.48365250090137124
  landing: 0.04028878314420581
  view-data: 0.19449934409931302
