times:
  edit-metadata: 0.5099126072600484
  landing: 0.03953364538028836
  view-data: 0.19775787694379687
