times:
  edit-metadata: 1.3434520047158003
  landing: 0.019597934558987617
  view-data: 0.4063104148954153
