times:
  edit-metadata: 1.3886205404996872
  landing: 0.020756438374519348
  view-data: 0.12489767745137215
