times:
  edit-metadata: 0.4615687229670584
  landing: 0.0410364312119782
  view-data: 0.1975134597159922
