times:
  edit-metadata: 0.5860074628144503
  landing: 0.04720824188552797
  view-data: 0.2161644110456109
