times:
  edit-metadata: 1.3798903357237577
  landing: 0.02216880116611719
  view-data: 0.025626503862440586
