times:
  edit-metadata: 0.4842639220878482
  landing: 0.05443910486064851
  view-data: 0.18085107812657952
