times:
  edit-metadata: 0.4845436201430857
  landing: 0.0527599542401731
  view-data: 0.19611160503700376
