times:
  edit-metadata: 0.47101657185703516
  landing: 0.040073536802083254
  view-data: 0.19560638815164566
