times:
  edit-metadata: 1.867597833275795
  landing: 0.22534583695232868
  view-data: 0.2918045222759247
