times:
  edit-metadata: 0.9178486949999751
  landing: 0.1562124010001753
  view-data: 0.2828936289997728
