times:
  edit-metadata: 0.47023571468889713
  landing: 0.04091436695307493
  view-data: 0.19751446601003408
