times:
  edit-metadata: 1.474911218509078
  landing: 0.019659319892525673
  view-data: 0.2657424118369818
