times:
  edit-metadata: 0.49677512515336275
  landing: 0.041075867135077715
  view-data: 0.19786363700404763
