times:
  edit-metadata: 0.500858302693814
  landing: 0.042007220443338156
  view-data: 0.1976191382855177
