times:
  edit-metadata: 1.370542242191732
  landing: 0.020593405701220036
  view-data: 0.12145806103944778
