times:
  edit-metadata: 1.4635403407737613
  landing: 0.02169906161725521
  view-data: 0.12077892385423183
