times:
  edit-metadata: 1.597201818600297
  landing: 0.3001624681055546
  view-data: 0.2964092753827572
