times:
  edit-metadata: 0.5002128160558641
  landing: 0.04931050096638501
  view-data: 0.2024088331963867
