times:
  edit-metadata: 1.6646502390503883
  landing: 0.31326095201075077
  view-data: 0.4926477074623108
