times:
  edit-metadata: 0.4958246313035488
  landing: 0.04189227521419525
  view-data: 0.20123692601919174
