times:
  edit-metadata: 1.4473427571356297
  landing: 0.0231955386698246
  view-data: 0.12239819765090942
