times:
  edit-metadata: 0.47732560290023685
  landing: 0.043765340000391006
  view-data: 0.19547762628644705
