times:
  edit-metadata: 1.5091894567012787
  landing: 0.19296629913151264
  view-data: 0.37226514145731926
