times:
  edit-metadata: 1.4330682158470154
  landing: 0.020164771005511284
  view-data: 0.25923470593988895
