times:
  edit-metadata: 0.47430597618222237
  landing: 0.04159123403951526
  view-data: 0.19683224195614457
