times:
  edit-metadata: 1.3778232634067535
  landing: 0.021260259672999382
  view-data: 0.02295075822621584
