times:
  edit-metadata: 1.3332696743309498
  landing: 0.12162385322153568
  view-data: 0.45274063013494015
