times:
  edit-metadata: 1.3675052914768457
  landing: 0.01896347850561142
  view-data: 0.48122563026845455
