times:
  edit-metadata: 0.48582050297409296
  landing: 0.0381266032345593
  view-data: 0.20254362281411886
