times:
  edit-metadata: 0.492500338004902
  landing: 0.036999689880758524
  view-data: 0.19622940593399107
