times:
  edit-metadata: 0.5705862978938967
  landing: 0.06314806593582034
  view-data: 0.21470584790222347
