times:
  edit-metadata: 1.3431220250204206
  landing: 0.15673848241567612
  view-data: 0.12185678351670504
