times:
  edit-metadata: 0.6784820188768208
  landing: 0.04463267279788852
  view-data: 0.2168875653296709
