times:
  edit-metadata: 1.3776183212175965
  landing: 0.021162346936762333
  view-data: 0.027220049872994423
