times:
  edit-metadata: 0.45867856685072184
  landing: 0.04262603120878339
  view-data: 0.19144232198596
