times:
  edit-metadata: 0.5083873858675361
  landing: 0.041700027883052826
  view-data: 0.20449277479201555
