times:
  edit-metadata: 1.4153197556734085
  landing: 0.16562370117753744
  view-data: 0.13791132252663374
