times:
  edit-metadata: 0.5175812160596251
  landing: 0.041892959736287594
  view-data: 0.20936850551515818
