times:
  edit-metadata: 0.47272272780537605
  landing: 0.043619011994451284
  view-data: 0.19449923001229763
