times:
  edit-metadata: 1.446326831355691
  landing: 0.019091462716460228
  view-data: 0.3188036661595106
