times:
  edit-metadata: 1.464926891028881
  landing: 0.12739014439284801
  view-data: 0.37277059257030487
