times:
  edit-metadata: 0.6859024450004654
  landing: 0.05212323599971569
  view-data: 0.21514880299946526
