times:
  edit-metadata: 0.6788396920310333
  landing: 0.12483355298172683
  view-data: 0.2259670319617726
