times:
  edit-metadata: 1.5425126906484365
  landing: 0.14588774647563696
  view-data: 0.12894883938133717
