times:
  edit-metadata: 1.3197929123416543
  landing: 0.02146054059267044
  view-data: 0.027737273834645748
