times:
  edit-metadata: 0.8526483774185181
  landing: 0.06521907914429903
  view-data: 0.21786834672093391
