times:
  edit-metadata: 0.8233107129926793
  landing: 0.10060694700223394
  view-data: 0.2541208920010831
