times:
  edit-metadata: 0.5299702710472047
  landing: 0.05829524016007781
  view-data: 0.2134513477794826
