times:
  edit-metadata: 0.465757705969736
  landing: 0.04954783106222749
  view-data: 0.18080458999611437
