times:
  edit-metadata: 1.3953854851424694
  landing: 0.21026927419006824
  view-data: 0.026907479390501976
