times:
  edit-metadata: 1.3678432246670127
  landing: 0.1622399315237999
  view-data: 0.023694139905273914
