times:
  edit-metadata: 1.3373247319832444
  landing: 0.09417012799531221
  view-data: 0.024636252783238888
