times:
  edit-metadata: 1.4644085373729467
  landing: 0.018424753099679947
  view-data: 0.3273749779909849
