times:
  edit-metadata: 0.4666830711066723
  landing: 0.04893989581614733
  view-data: 0.18390487995930016
