times:
  edit-metadata: 1.8674930986016989
  landing: 0.25528817251324654
  view-data: 0.3716008681803942
