times:
  edit-metadata: 1.3624492594972253
  landing: 0.01901459600776434
  view-data: 0.029396637342870235
