times:
  edit-metadata: 1.3668715842068195
  landing: 0.019326621666550636
  view-data: 0.12710421811789274
