times:
  edit-metadata: 1.4515226194635034
  landing: 0.01954358723014593
  view-data: 0.3947692699730396
