times:
  edit-metadata: 0.944924094248563
  landing: 0.14332745922729373
  view-data: 0.34748520888388157
