times:
  edit-metadata: 0.47920863097533584
  landing: 0.041451802011579275
  view-data: 0.19728831481188536
