times:
  edit-metadata: 1.3549407692626119
  landing: 0.02614395786076784
  view-data: 0.11946220695972443
