times:
  edit-metadata: 1.403962572105229
  landing: 0.021356928162276745
  view-data: 0.12118257116526365
