times:
  edit-metadata: 1.43805368617177
  landing: 0.018768033012747765
  view-data: 0.3611589539796114
