times:
  edit-metadata: 0.5127191301435232
  landing: 0.040950539521873
  view-data: 0.2027035877108574
