times:
  edit-metadata: 1.442774835973978
  landing: 0.01931810937821865
  view-data: 0.12209274619817734
