times:
  edit-metadata: 1.3227646378800273
  landing: 0.023002940230071545
  view-data: 0.024376612156629562
