times:
  edit-metadata: 0.4784207879565656
  landing: 0.050158952828496695
  view-data: 0.19220592686906457
