times:
  edit-metadata: 0.5184566276147962
  landing: 0.049228512682020664
  view-data: 0.2009863406419754
