times:
  edit-metadata: 0.4924146148841828
  landing: 0.05179704795591533
  view-data: 0.19427796406671405
