times:
  edit-metadata: 0.5168788461014628
  landing: 0.04123276937752962
  view-data: 0.2014381350018084
