times:
  edit-metadata: 0.4974220609292388
  landing: 0.04045386239886284
  view-data: 0.19927207520231605
