times:
  edit-metadata: 0.728039104025811
  landing: 0.06660376908257604
  view-data: 0.19326796499080956
