times:
  edit-metadata: 0.6724709090776742
  landing: 0.052568201906979084
  view-data: 0.23034887807443738
