times:
  edit-metadata: 1.4246119782328606
  landing: 0.0236616600304842
  view-data: 0.1275710491463542
