times:
  edit-metadata: 1.5679552163928747
  landing: 0.18119173124432564
  view-data: 0.12272198311984539
