times:
  edit-metadata: 0.48860539495944977
  landing: 0.03774671000428498
  view-data: 0.19621894718147814
