times:
  edit-metadata: 0.5127502856776118
  landing: 0.0430003572255373
  view-data: 0.20432882942259312
