times:
  edit-metadata: 1.378100574016571
  landing: 0.02162067871540785
  view-data: 0.024568886496126652
