times:
  edit-metadata: 1.3993169646710157
  landing: 0.12942568212747574
  view-data: 0.30513488315045834
