times:
  edit-metadata: 0.5417391450610012
  landing: 0.05197180085815489
  view-data: 0.26180095807649195
