times:
  edit-metadata: 0.7971464558504522
  landing: 0.10537531599402428
  view-data: 0.291186866350472
