times:
  edit-metadata: 1.4347173478454351
  landing: 0.2192583531141281
  view-data: 0.4242241671308875
