times:
  edit-metadata: 1.6083199325948954
  landing: 0.32948824018239975
  view-data: 0.12637601234018803
