times:
  edit-metadata: 1.3346455274149776
  landing: 0.021397734992206097
  view-data: 0.42179554607719183
