times:
  edit-metadata: 0.5018871510401368
  landing: 0.05376714747399092
  view-data: 0.20055786613374949
