times:
  edit-metadata: 1.4335077656432986
  landing: 0.02174801006913185
  view-data: 0.12585176900029182
