times:
  edit-metadata: 1.6654867995530367
  landing: 0.17677514255046844
  view-data: 0.5324408374726772
