times:
  edit-metadata: 1.5344102550297976
  landing: 0.2225821688771248
  view-data: 0.2681894078850746
