times:
  edit-metadata: 1.3594096479937434
  landing: 0.022603188641369343
  view-data: 0.11513597890734673
