times:
  edit-metadata: 1.4474211186170578
  landing: 0.8059424161911011
  view-data: 3.3063253611326218
