times:
  edit-metadata: 1.6114295348525047
  landing: 0.9296514168381691
  view-data: 3.324328765273094
