times:
  edit-metadata: 1.5720118060708046
  landing: 0.8387734740972519
  view-data: 3.4457715675234795
