times:
  edit-metadata: 1.3466070964932442
  landing: 0.7468357123434544
  view-data: 3.3659839406609535
