times:
  edit-metadata: 1.6676082238554955
  landing: 0.8984805271029472
  view-data: 3.3816913589835167
