times:
  edit-metadata: 1.656056173145771
  landing: 0.9083874821662903
  view-data: 3.289305992424488
