times:
  edit-metadata: 1.4999407976865768
  landing: 0.9297786951065063
  view-data: 3.4194532707333565
