times:
  edit-metadata: 1.4847345724701881
  landing: 0.8433494865894318
  view-data: 3.3478987887501717
