times:
  edit-metadata: 1.4985181204974651
  landing: 0.8055597469210625
  view-data: 3.3485550433397293
