times:
  edit-metadata: 1.564308524131775
  landing: 0.957804299890995
  view-data: 3.2661214619874954
