times:
  edit-metadata: 1.5691615268588066
  landing: 0.9880440756678581
  view-data: 3.478113368153572
