times:
  edit-metadata: 1.6237150728702545
  landing: 0.9343912154436111
  view-data: 3.5410082936286926
