times:
  edit-metadata: 1.6027369797229767
  landing: 0.8210148215293884
  view-data: 3.449041038751602
