times:
  edit-metadata: 1.4162244386970997
  landing: 0.811202522367239
  view-data: 3.28456823900342
