times:
  edit-metadata: 1.5794356390833855
  landing: 1.0367480516433716
  view-data: 3.5067928060889244
