times:
  edit-metadata: 1.5083382464945316
  landing: 1.0288959480822086
  view-data: 3.40119831264019
