times:
  edit-metadata: 2.6887433044612408
  landing: 1.5661177188158035
  view-data: 3.5226919688284397
