times:
  edit-metadata: 1.5008218809962273
  landing: 1.0921911969780922
  view-data: 3.306531473994255
