times:
  edit-metadata: 1.3780760951340199
  landing: 0.8273332230746746
  view-data: 3.2566420435905457
