times:
  edit-metadata: 2.116885121911764
  landing: 1.4518188796937466
  view-data: 3.564808338880539
