times:
  edit-metadata: 1.426223959773779
  landing: 0.835482981055975
  view-data: 3.288315035402775
