times:
  edit-metadata: 1.4763626009225845
  landing: 0.8552762344479561
  view-data: 3.2537023536860943
