times:
  edit-metadata: 1.8503078669309616
  landing: 1.1416952088475227
  view-data: 3.6072758063673973
