times:
  edit-metadata: 1.5010098107159138
  landing: 0.9962077103555202
  view-data: 3.327798802405596
