times:
  edit-metadata: 1.471051700413227
  landing: 0.8078060559928417
  view-data: 3.2794542722404003
