times:
  edit-metadata: 2.0332431495189667
  landing: 0.9824647009372711
  view-data: 3.335277520120144
