times:
  edit-metadata: 1.5702864080667496
  landing: 0.8972305953502655
  view-data: 3.30481418967247
