times:
  edit-metadata: 1.547819048166275
  landing: 0.8043558821082115
  view-data: 3.447005406022072
