times:
  edit-metadata: 1.4180610105395317
  landing: 0.7214231640100479
  view-data: 3.3485519029200077
