times:
  edit-metadata: 1.4829759895801544
  landing: 0.880869172513485
  view-data: 3.291363000869751
