times:
  edit-metadata: 1.5156702473759651
  landing: 0.8681353479623795
  view-data: 3.494625024497509
