times:
  edit-metadata: 1.4878920800983906
  landing: 0.7986372597515583
  view-data: 3.2854138128459454
