times:
  edit-metadata: 1.5839021056890488
  landing: 0.804960586130619
  view-data: 3.433381587266922
