times:
  edit-metadata: 1.4721826687455177
  landing: 0.9849355220794678
  view-data: 3.507138252258301
