times:
  edit-metadata: 1.5381154865026474
  landing: 0.8930238112807274
  view-data: 3.5060954838991165
