times:
  edit-metadata: 1.4823533967137337
  landing: 0.9359206259250641
  view-data: 3.4772874414920807
