times:
  edit-metadata: 1.5608947649598122
  landing: 0.9444027617573738
  view-data: 3.401983082294464
