times:
  edit-metadata: 1.5443357601761818
  landing: 0.8417475819587708
  view-data: 3.350575663149357
