times:
  edit-metadata: 1.5679115653038025
  landing: 0.8229797855019569
  view-data: 3.424135722219944
