times:
  edit-metadata: 2.81926441937685
  landing: 1.9104164764285088
  view-data: 3.6771585047245026
