times:
  edit-metadata: 1.4223642945289612
  landing: 0.9865835942327976
  view-data: 3.3179168328642845
