times:
  edit-metadata: 1.5175759196281433
  landing: 1.152448646724224
  view-data: 3.4775513857603073
