times:
  edit-metadata: 1.5832032710313797
  landing: 1.0001566857099533
  view-data: 3.3180865719914436
