times:
  edit-metadata: 1.5219221152365208
  landing: 0.763768658041954
  view-data: 3.329614032059908
