times:
  edit-metadata: 1.9544363915920258
  landing: 1.2053579539060593
  view-data: 3.5704229921102524
