times:
  edit-metadata: 1.5621464848518372
  landing: 0.8339544609189034
  view-data: 3.4535769522190094
