times:
  edit-metadata: 2.2179014831781387
  landing: 1.2247459515929222
  view-data: 3.655291073024273
