times:
  edit-metadata: 1.4224692434072495
  landing: 0.93387770652771
  view-data: 3.340347744524479
