times:
  edit-metadata: 1.5172982215881348
  landing: 0.7801491767168045
  view-data: 3.329969886690378
