times:
  edit-metadata: 1.4679735340178013
  landing: 0.7369113750755787
  view-data: 3.3069388680160046
