times:
  edit-metadata: 1.50063306838274
  landing: 0.9288965985178947
  view-data: 3.4595494717359543
