times:
  edit-metadata: 1.4653120413422585
  landing: 0.8702300414443016
  view-data: 3.359341036528349
