times:
  edit-metadata: 1.4959658570587635
  landing: 0.8247698917984962
  view-data: 3.3801313154399395
