times:
  edit-metadata: 1.5039399564266205
  landing: 1.1430250406265259
  view-data: 3.2762916907668114
