times:
  edit-metadata: 1.4408793300390244
  landing: 0.7753834016621113
  view-data: 3.263953138142824
