times:
  edit-metadata: 1.4772423580288887
  landing: 0.8655729852616787
  view-data: 3.365261871367693
