times:
  edit-metadata: 1.6087339147925377
  landing: 0.8929843530058861
  view-data: 3.456279255449772
