times:
  edit-metadata: 1.4645204991102219
  landing: 0.8722718097269535
  view-data: 3.3212520964443684
