times:
  edit-metadata: 2.0973792299628258
  landing: 1.2807198837399483
  view-data: 3.4914840385317802
