times:
  edit-metadata: 2.533662110567093
  landing: 1.0364693328738213
  view-data: 3.602873135358095
