times:
  edit-metadata: 1.3910324908792973
  landing: 0.7594979926943779
  view-data: 3.3123521246016026
