times:
  edit-metadata: 1.5135125070810318
  landing: 0.9195793867111206
  view-data: 3.475423753261566
