times:
  edit-metadata: 1.5179488845169544
  landing: 0.8648496270179749
  view-data: 3.3065375797450542
