times:
  edit-metadata: 1.5330960974097252
  landing: 0.8585406914353371
  view-data: 3.470105841755867
