times:
  edit-metadata: 1.6848011910915375
  landing: 0.8715360648930073
  view-data: 3.425973132252693
