times:
  edit-metadata: 1.5515618920326233
  landing: 0.8550676330924034
  view-data: 3.2895860746502876
