times:
  edit-metadata: 1.604909785091877
  landing: 1.0772253200411797
  view-data: 3.271512173116207
