times:
  edit-metadata: 1.661219671368599
  landing: 0.954098641872406
  view-data: 3.497354604303837
