times:
  edit-metadata: 1.5747981742024422
  landing: 0.909583069384098
  view-data: 3.435375861823559
