times:
  edit-metadata: 1.6013288646936417
  landing: 0.8861671686172485
  view-data: 3.473671607673168
