times:
  edit-metadata: 1.4840122982859612
  landing: 0.9057204723358154
  view-data: 3.5262235701084137
