times:
  edit-metadata: 1.5065867900848389
  landing: 0.8970193341374397
  view-data: 3.430879071354866
