times:
  edit-metadata: 1.5960926115512848
  landing: 0.9470187351107597
  view-data: 3.4199002906680107
