times:
  edit-metadata: 1.5694485008716583
  landing: 0.8778021112084389
  view-data: 3.4900246933102608
