times:
  edit-metadata: 1.6209180392324924
  landing: 0.9498643539845943
  view-data: 3.3672797679901123
