times:
  edit-metadata: 1.4458756186068058
  landing: 1.1624639444053173
  view-data: 3.4364679381251335
