times:
  edit-metadata: 1.462359245866537
  landing: 1.0344891920685768
  view-data: 3.2478201054036617
