times:
  edit-metadata: 1.500676043331623
  landing: 0.8764190822839737
  view-data: 3.482248790562153
