times:
  edit-metadata: 1.4855158403515816
  landing: 0.8313322737812996
  view-data: 3.4039170369505882
