times:
  edit-metadata: 1.5454151332378387
  landing: 0.9941530525684357
  view-data: 3.532101087272167
