times:
  edit-metadata: 1.531518343836069
  landing: 1.3702743090689182
  view-data: 3.3978689201176167
