times:
  edit-metadata: 1.675396889448166
  landing: 1.0064172148704529
  view-data: 3.5926398187875748
