times:
  edit-metadata: 1.5008935704827309
  landing: 0.8774002231657505
  view-data: 3.2780049964785576
