times:
  edit-metadata: 1.502718422561884
  landing: 0.7936411276459694
  view-data: 3.376352671533823
