times:
  edit-metadata: 1.5385775044560432
  landing: 0.9059694930911064
  view-data: 3.4709292352199554
