times:
  edit-metadata: 1.6748235933482647
  landing: 0.989024180918932
  view-data: 3.35910851880908
