times:
  edit-metadata: 1.5001040250062943
  landing: 0.9020587652921677
  view-data: 3.3264737501740456
