times:
  edit-metadata: 1.5885767042636871
  landing: 0.856642410159111
  view-data: 3.468884140253067
