times:
  edit-metadata: 1.577072449028492
  landing: 0.8841311484575272
  view-data: 3.459073729813099
