times:
  edit-metadata: 1.5059846341609955
  landing: 0.8965949863195419
  view-data: 3.5225881561636925
