times:
  edit-metadata: 1.502677258104086
  landing: 0.8790070451796055
  view-data: 3.312305573374033
