times:
  edit-metadata: 1.5686326622962952
  landing: 0.8937917500734329
  view-data: 3.506654568016529
