times:
  edit-metadata: 1.7446701787412167
  landing: 1.032734364271164
  view-data: 3.3380975872278214
