times:
  edit-metadata: 1.3833384364843369
  landing: 0.8506115600466728
  view-data: 3.2694005258381367
