times:
  edit-metadata: 1.6199686601758003
  landing: 0.9241369888186455
  view-data: 3.4985651448369026
