times:
  edit-metadata: 1.6705160290002823
  landing: 0.8867958784103394
  view-data: 3.464943327009678
