times:
  edit-metadata: 1.5975902527570724
  landing: 0.8621824085712433
  view-data: 3.369775339961052
