times:
  edit-metadata: 1.5835829824209213
  landing: 0.941211886703968
  view-data: 3.443928323686123
