times:
  edit-metadata: 1.6709034144878387
  landing: 0.8805158138275146
  view-data: 3.434660591185093
