times:
  edit-metadata: 1.551261030137539
  landing: 0.8395642638206482
  view-data: 3.441554196178913
