times:
  edit-metadata: 1.4549166038632393
  landing: 0.7773564159870148
  view-data: 3.45892471075058
