times:
  edit-metadata: 1.431937601417303
  landing: 0.833746675401926
  view-data: 3.3310904167592525
