times:
  edit-metadata: 1.6025480814278126
  landing: 1.1315202750265598
  view-data: 3.327568206936121
