times:
  edit-metadata: 1.517867349088192
  landing: 0.88721863925457
  view-data: 3.4309835955500603
