times:
  edit-metadata: 1.4783108718693256
  landing: 0.8195439502596855
  view-data: 3.298430345952511
