times:
  edit-metadata: 1.5990364477038383
  landing: 0.8293514996767044
  view-data: 3.497900679707527
