times:
  edit-metadata: 1.4939953498542309
  landing: 0.8682620413601398
  view-data: 3.3699375465512276
