times:
  edit-metadata: 1.4726457558572292
  landing: 0.8460238464176655
  view-data: 3.5210533775389194
