times:
  edit-metadata: 1.483439490199089
  landing: 0.8596168160438538
  view-data: 3.5581879913806915
