times:
  edit-metadata: 1.5991517528891563
  landing: 0.8358770459890366
  view-data: 3.3709739819169044
