times:
  edit-metadata: 1.5556381791830063
  landing: 0.8878847658634186
  view-data: 3.5206665843725204
