times:
  edit-metadata: 2.7641174346208572
  landing: 2.0843591690063477
  view-data: 3.5348637774586678
