times:
  edit-metadata: 1.382968470454216
  landing: 0.8419069051742554
  view-data: 3.368455272167921
