times:
  edit-metadata: 1.4057094007730484
  landing: 0.8445728532969952
  view-data: 3.2921903133392334
