times:
  edit-metadata: 1.5989543870091438
  landing: 0.9984221160411835
  view-data: 3.3015110418200493
