times:
  edit-metadata: 1.6070554852485657
  landing: 0.8570410385727882
  view-data: 3.4139102920889854
