times:
  edit-metadata: 1.6515841260552406
  landing: 0.9484132453799248
  view-data: 3.419873759150505
