times:
  edit-metadata: 1.429544858634472
  landing: 0.8584121465682983
  view-data: 3.4644270911812782
