times:
  edit-metadata: 1.5313232988119125
  landing: 0.7917039319872856
  view-data: 3.412460543215275
