times:
  edit-metadata: 1.5749038681387901
  landing: 0.8935459479689598
  view-data: 3.5445942506194115
