times:
  edit-metadata: 1.6608923822641373
  landing: 1.1793506667017937
  view-data: 3.5702390745282173
