times:
  edit-metadata: 1.4771368950605392
  landing: 0.8121848329901695
  view-data: 3.323446549475193
