times:
  edit-metadata: 1.4995989501476288
  landing: 0.833304837346077
  view-data: 3.352158922702074
