times:
  edit-metadata: 1.5014420226216316
  landing: 1.0739318653941154
  view-data: 3.2924137338995934
