times:
  edit-metadata: 1.6089599579572678
  landing: 0.848566360771656
  view-data: 3.5513716340065002
