times:
  edit-metadata: 1.4435849636793137
  landing: 0.7768944911658764
  view-data: 3.259854879230261
