times:
  edit-metadata: 1.522567942738533
  landing: 0.844313982874155
  view-data: 3.3031325973570347
