times:
  edit-metadata: 1.5425743982195854
  landing: 0.8479505106806755
  view-data: 3.4336367174983025
