times:
  edit-metadata: 1.5254930406808853
  landing: 0.8875146061182022
  view-data: 3.2568087354302406
