times:
  edit-metadata: 1.4995988607406616
  landing: 0.9192744940519333
  view-data: 3.5013587921857834
