times:
  edit-metadata: 1.5678089186549187
  landing: 0.8655650317668915
  view-data: 3.44960655272007
