times:
  edit-metadata: 1.4498068317770958
  landing: 0.8721286617219448
  view-data: 3.318652119487524
