times:
  edit-metadata: 1.53722682595253
  landing: 0.851996973156929
  view-data: 3.433608405292034
