times:
  edit-metadata: 1.8622830286622047
  landing: 1.3943586647510529
  view-data: 3.3098475262522697
