times:
  edit-metadata: 1.5927398391067982
  landing: 0.7923078797757626
  view-data: 3.3205638974905014
