times:
  edit-metadata: 1.6030144281685352
  landing: 0.7605239264667034
  view-data: 3.308846388012171
