times:
  edit-metadata: 1.4243196956813335
  landing: 0.7985666953027248
  view-data: 3.271557066589594
