times:
  edit-metadata: 1.4219054877758026
  landing: 0.7565674558281898
  view-data: 3.2812183015048504
