times:
  edit-metadata: 1.915774654597044
  landing: 1.0125451982021332
  view-data: 3.4048383496701717
