times:
  edit-metadata: 1.6283772177994251
  landing: 1.041760589927435
  view-data: 3.325498830527067
