times:
  edit-metadata: 1.6129264160990715
  landing: 0.947101391851902
  view-data: 3.501041039824486
