times:
  edit-metadata: 1.437990427017212
  landing: 0.9681280106306076
  view-data: 3.459327772259712
