times:
  edit-metadata: 1.5801361724734306
  landing: 0.9804526194930077
  view-data: 3.3632482811808586
