times:
  edit-metadata: 1.5348286107182503
  landing: 0.923719696700573
  view-data: 3.531462535262108
