times:
  edit-metadata: 1.578711424022913
  landing: 0.9765754714608192
  view-data: 3.297204341739416
