times:
  edit-metadata: 1.9565683975815773
  landing: 1.2954966872930527
  view-data: 3.535657301545143
