times:
  edit-metadata: 1.581901416182518
  landing: 0.9133101105690002
  view-data: 3.386983871459961
