times:
  edit-metadata: 1.5711595341563225
  landing: 0.8985504135489464
  view-data: 3.496861755847931
