times:
  edit-metadata: 1.5275799185037613
  landing: 0.8983525484800339
  view-data: 3.5108415856957436
