times:
  edit-metadata: 1.7001525685191154
  landing: 1.1565524861216545
  view-data: 3.6827764213085175
