times:
  edit-metadata: 1.5931642279028893
  landing: 0.9611811116337776
  view-data: 3.324231408536434
