times:
  edit-metadata: 1.5433611199259758
  landing: 0.7880697548389435
  view-data: 3.2874708250164986
