times:
  edit-metadata: 1.4438493177294731
  landing: 0.8841633796691895
  view-data: 3.437090680003166
