times:
  edit-metadata: 1.3873940780758858
  landing: 0.8362776711583138
  view-data: 3.501349374651909
