times:
  edit-metadata: 1.3882341012358665
  landing: 0.7442695647478104
  view-data: 3.4935528337955475
