times:
  edit-metadata: 1.4295228719711304
  landing: 0.6915876492857933
  view-data: 3.425149828195572
