times:
  edit-metadata: 1.387099750339985
  landing: 0.8283575773239136
  view-data: 3.3298484459519386
