times:
  edit-metadata: 1.4281273409724236
  landing: 0.8022163361310959
  view-data: 3.459516264498234
