times:
  edit-metadata: 1.4132560603320599
  landing: 0.8060401640832424
  view-data: 3.3389035910367966
