times:
  edit-metadata: 1.5048288851976395
  landing: 0.7742257937788963
  view-data: 3.5473089516162872
