times:
  edit-metadata: 1.560092855244875
  landing: 0.7109514661133289
  view-data: 3.357684887945652
