times:
  edit-metadata: 1.5751508697867393
  landing: 0.8222562298178673
  view-data: 3.3853690326213837
