times:
  edit-metadata: 1.4905174002051353
  landing: 0.7917095571756363
  view-data: 3.4308887720108032
