times:
  edit-metadata: 1.3604750633239746
  landing: 0.7416461892426014
  view-data: 3.324404962360859
