times:
  edit-metadata: 1.4887905828654766
  landing: 0.7817980386316776
  view-data: 3.280825648456812
