times:
  edit-metadata: 1.520810216665268
  landing: 0.8961880058050156
  view-data: 3.353863913565874
