times:
  edit-metadata: 1.500552773475647
  landing: 0.7951434254646301
  view-data: 3.3794942796230316
