times:
  edit-metadata: 1.347446821630001
  landing: 0.7355060800909996
  view-data: 3.477223739027977
