times:
  edit-metadata: 1.4010304287075996
  landing: 0.8150065019726753
  view-data: 3.4203313142061234
