times:
  edit-metadata: 1.4628203734755516
  landing: 0.7761240005493164
  view-data: 3.4516493007540703
