times:
  edit-metadata: 1.4788445979356766
  landing: 0.8323468081653118
  view-data: 3.3139517344534397
