times:
  edit-metadata: 1.6451446264982224
  landing: 1.0325889140367508
  view-data: 3.631043642759323
