times:
  edit-metadata: 1.340540774166584
  landing: 0.803255558013916
  view-data: 3.5385735034942627
