times:
  edit-metadata: 1.4595286399126053
  landing: 0.7774144485592842
  view-data: 3.3602560311555862
