times:
  edit-metadata: 1.4849663972854614
  landing: 0.9003410339355469
  view-data: 3.4745538756251335
