times:
  edit-metadata: 1.3854303658008575
  landing: 0.8207331821322441
  view-data: 3.4478681161999702
