times:
  edit-metadata: 1.4126108214259148
  landing: 0.7251894101500511
  view-data: 3.4870362654328346
