times:
  edit-metadata: 1.4561626985669136
  landing: 0.7417003139853477
  view-data: 3.454147092998028
