times:
  edit-metadata: 1.6010149866342545
  landing: 0.9016665518283844
  view-data: 3.324087493121624
