times:
  edit-metadata: 1.4712710976600647
  landing: 0.770232655107975
  view-data: 3.4942189380526543
