times:
  edit-metadata: 1.3864193931221962
  landing: 0.6526102796196938
  view-data: 3.48567908257246
