times:
  edit-metadata: 1.3513755649328232
  landing: 0.7072998210787773
  view-data: 3.4854570403695107
