times:
  edit-metadata: 1.3887250795960426
  landing: 0.7280914336442947
  view-data: 3.488231398165226
