times:
  edit-metadata: 1.4828156791627407
  landing: 0.8529439121484756
  view-data: 3.3409942723810673
