times:
  edit-metadata: 1.5288392752408981
  landing: 0.7934937924146652
  view-data: 3.3722929880023003
