times:
  edit-metadata: 1.3286592811346054
  landing: 0.775112695991993
  view-data: 3.311873711645603
