times:
  edit-metadata: 1.4360457211732864
  landing: 0.7606943249702454
  view-data: 3.4405986219644547
