times:
  edit-metadata: 1.591731607913971
  landing: 0.8922683373093605
  view-data: 3.347706839442253
