times:
  edit-metadata: 1.5921405889093876
  landing: 0.8737562224268913
  view-data: 3.415047723799944
