times:
  edit-metadata: 1.468634258955717
  landing: 0.8232835754752159
  view-data: 3.4620277918875217
