times:
  edit-metadata: 1.4829262271523476
  landing: 0.7748409435153008
  view-data: 3.493616573512554
