times:
  edit-metadata: 1.5083460807800293
  landing: 0.7382693439722061
  view-data: 3.5437020137906075
