times:
  edit-metadata: 1.3783975839614868
  landing: 0.8314062729477882
  view-data: 3.432208515703678
