times:
  edit-metadata: 1.3707165643572807
  landing: 0.6896321475505829
  view-data: 3.3581917360424995
