times:
  edit-metadata: 1.3546809628605843
  landing: 0.8762689977884293
  view-data: 3.408338040113449
