times:
  edit-metadata: 1.4435608349740505
  landing: 0.9421429075300694
  view-data: 3.3413065671920776
