times:
  edit-metadata: 1.415818490087986
  landing: 0.7365737035870552
  view-data: 3.366336841136217
