times:
  edit-metadata: 2.1725474894046783
  landing: 0.8462153002619743
  view-data: 3.428894780576229
