times:
  edit-metadata: 1.4098333716392517
  landing: 0.7926517426967621
  view-data: 3.495600536465645
