times:
  edit-metadata: 1.4287343136966228
  landing: 0.7919945977628231
  view-data: 3.3406459018588066
