times:
  edit-metadata: 1.4965672828257084
  landing: 0.7798849605023861
  view-data: 3.381172638386488
