times:
  edit-metadata: 1.3218099921941757
  landing: 0.6938183158636093
  view-data: 3.420874886214733
