times:
  edit-metadata: 1.446913968771696
  landing: 0.745303176343441
  view-data: 3.365087825804949
