times:
  edit-metadata: 1.4342925250530243
  landing: 0.813982680439949
  view-data: 3.5413504764437675
