times:
  edit-metadata: 1.4976665414869785
  landing: 0.8000816106796265
  view-data: 3.3386145755648613
