times:
  edit-metadata: 1.4139920473098755
  landing: 0.7316780313849449
  view-data: 3.5031443014740944
