times:
  edit-metadata: 1.3990247882902622
  landing: 0.7863759547472
  view-data: 3.3583411909639835
