times:
  edit-metadata: 1.449975460767746
  landing: 0.8580576702952385
  view-data: 3.4382274225354195
