times:
  edit-metadata: 1.4947335049510002
  landing: 0.9105057530105114
  view-data: 3.36750590801239
