times:
  edit-metadata: 1.385303907096386
  landing: 0.7545285895466805
  view-data: 3.454912059009075
