times:
  edit-metadata: 1.583829578012228
  landing: 0.8401583284139633
  view-data: 3.3125687427818775
