times:
  edit-metadata: 1.5139549747109413
  landing: 0.7257087305188179
  view-data: 3.4942805990576744
