times:
  edit-metadata: 1.3696453496813774
  landing: 0.7513191178441048
  view-data: 3.410286247730255
