times:
  edit-metadata: 1.3747941255569458
  landing: 0.7320743650197983
  view-data: 3.3167084865272045
