times:
  edit-metadata: 2.060126729309559
  landing: 1.150012619793415
  view-data: 3.5017895251512527
