times:
  edit-metadata: 1.4069373309612274
  landing: 0.6927379444241524
  view-data: 3.4541051909327507
