times:
  edit-metadata: 1.39127878844738
  landing: 0.7716361358761787
  view-data: 3.4158208668231964
