times:
  edit-metadata: 1.3516752049326897
  landing: 0.6621622443199158
  view-data: 3.3619102016091347
