times:
  edit-metadata: 1.3295040428638458
  landing: 0.6917072311043739
  view-data: 3.4496426954865456
