times:
  edit-metadata: 1.37235689163208
  landing: 0.8217646405100822
  view-data: 3.680729351937771
