times:
  edit-metadata: 1.4658953249454498
  landing: 0.8866549879312515
  view-data: 3.498627282679081
