times:
  edit-metadata: 1.7234720885753632
  landing: 1.0767383053898811
  view-data: 3.3070724606513977
