times:
  edit-metadata: 1.6503166407346725
  landing: 0.8255372978746891
  view-data: 3.326733723282814
