times:
  edit-metadata: 1.3872145637869835
  landing: 0.7558556944131851
  view-data: 3.3856505677103996
