times:
  edit-metadata: 1.59170026704669
  landing: 0.835298664867878
  view-data: 3.3357110023498535
