times:
  edit-metadata: 1.558949552476406
  landing: 0.853968296200037
  view-data: 3.346996169537306
