times:
  edit-metadata: 1.3558073341846466
  landing: 0.730733148753643
  view-data: 3.2698366791009903
