times:
  edit-metadata: 1.4561685398221016
  landing: 0.7750918343663216
  view-data: 3.508445791900158
