times:
  edit-metadata: 1.4397112280130386
  landing: 0.7550730258226395
  view-data: 3.3097474947571754
