times:
  edit-metadata: 1.5141595005989075
  landing: 0.7658404111862183
  view-data: 3.4174316599965096
