times:
  edit-metadata: 1.4663645401597023
  landing: 0.7833784073591232
  view-data: 3.6016635224223137
