times:
  edit-metadata: 1.441549077630043
  landing: 0.8441108390688896
  view-data: 3.304402992129326
