times:
  edit-metadata: 1.490567460656166
  landing: 0.8374421522021294
  view-data: 3.3515859618782997
