times:
  edit-metadata: 1.394753560423851
  landing: 0.9295438453555107
  view-data: 3.4493402391672134
