times:
  edit-metadata: 2.68818661570549
  landing: 0.750090666115284
  view-data: 3.606807626783848
