times:
  edit-metadata: 1.5222273394465446
  landing: 0.7226268798112869
  view-data: 3.3682405948638916
