times:
  edit-metadata: 2.6001719683408737
  landing: 1.547990508377552
  view-data: 3.691315144300461
