times:
  edit-metadata: 1.3203253671526909
  landing: 0.7266694009304047
  view-data: 3.485760197043419
