times:
  edit-metadata: 1.424511443823576
  landing: 0.7961162477731705
  view-data: 3.333511345088482
