times:
  edit-metadata: 1.4402260445058346
  landing: 0.76546186581254
  view-data: 3.319804824888706
