times:
  edit-metadata: 1.5339597314596176
  landing: 0.813068576157093
  view-data: 3.307049285620451
