times:
  edit-metadata: 1.5670955516397953
  landing: 0.8761290609836578
  view-data: 3.352544989436865
