times:
  edit-metadata: 1.3720609992742538
  landing: 0.7673911079764366
  view-data: 3.345600564032793
