times:
  edit-metadata: 1.760080486536026
  landing: 0.865703497081995
  view-data: 3.375116690993309
