times:
  edit-metadata: 1.503758579492569
  landing: 0.7450651340186596
  view-data: 3.397139847278595
