times:
  edit-metadata: 1.3818278461694717
  landing: 0.7551743686199188
  view-data: 3.4965378120541573
