times:
  edit-metadata: 1.4319094344973564
  landing: 0.7710442803800106
  view-data: 3.3409549072384834
