times:
  edit-metadata: 1.3620364665985107
  landing: 0.7548654675483704
  view-data: 3.4451743960380554
