times:
  edit-metadata: 1.4782952442765236
  landing: 0.7821608260273933
  view-data: 3.4552867710590363
