times:
  edit-metadata: 1.556880109012127
  landing: 0.7562253251671791
  view-data: 3.452421620488167
