times:
  edit-metadata: 1.523225586861372
  landing: 0.8264881856739521
  view-data: 3.31158484518528
