times:
  edit-metadata: 1.3961741030216217
  landing: 0.8169954940676689
  view-data: 3.495036154985428
