times:
  edit-metadata: 1.972823392599821
  landing: 0.9609656035900116
  view-data: 3.342654027044773
