times:
  edit-metadata: 1.445755586028099
  landing: 0.7613269425928593
  view-data: 3.316882286220789
