times:
  edit-metadata: 1.4930600821971893
  landing: 0.9706082716584206
  view-data: 3.4700979962944984
