times:
  edit-metadata: 1.5043983533978462
  landing: 0.786171481013298
  view-data: 3.3822361528873444
