times:
  edit-metadata: 1.4215304553508759
  landing: 0.7512456402182579
  view-data: 3.472067415714264
