times:
  edit-metadata: 1.408233717083931
  landing: 0.7434762120246887
  view-data: 3.4588265866041183
