times:
  edit-metadata: 1.4079212062060833
  landing: 0.7874624654650688
  view-data: 3.361085742712021
