times:
  edit-metadata: 1.7757595926523209
  landing: 0.9178955666720867
  view-data: 3.544611718505621
