times:
  edit-metadata: 1.494839183986187
  landing: 0.7821244969964027
  view-data: 3.4613991752266884
