times:
  edit-metadata: 1.4517545476555824
  landing: 0.7955052964389324
  view-data: 3.309387721121311
