times:
  edit-metadata: 1.3457927517592907
  landing: 0.742842823266983
  view-data: 3.2432379946112633
