times:
  edit-metadata: 1.3345290049910545
  landing: 0.7772669568657875
  view-data: 3.481835789978504
