times:
  edit-metadata: 1.4094705991446972
  landing: 0.7744267545640469
  view-data: 31.158427998423576
