times:
  edit-metadata: 1.4966541603207588
  landing: 0.7643344849348068
  view-data: 3.494684934616089
