times:
  edit-metadata: 2.043154038488865
  landing: 0.9391337409615517
  view-data: 3.340988151729107
