times:
  edit-metadata: 1.32839335501194
  landing: 0.7102793380618095
  view-data: 3.362220324575901
