times:
  edit-metadata: 2.3268659487366676
  landing: 1.1328998878598213
  view-data: 3.3358230628073215
