times:
  edit-metadata: 1.5061211735010147
  landing: 0.7276680655777454
  view-data: 3.253925424069166
