times:
  edit-metadata: 1.473604954779148
  landing: 0.9289434850215912
  view-data: 3.2811207994818687
