times:
  edit-metadata: 1.4790441319346428
  landing: 0.7811819538474083
  view-data: 3.259578175842762
