times:
  edit-metadata: 1.401951853185892
  landing: 0.7650585360825062
  view-data: 3.6129468269646168
