times:
  edit-metadata: 1.43999283015728
  landing: 0.822661742568016
  view-data: 3.4795043915510178
