times:
  edit-metadata: 1.9107071086764336
  landing: 1.0747539177536964
  view-data: 3.3603170588612556
