times:
  edit-metadata: 2.015206154435873
  landing: 1.123768363147974
  view-data: 3.3393201641738415
