times:
  edit-metadata: 1.4089869484305382
  landing: 0.7134286016225815
  view-data: 3.4785259515047073
