times:
  edit-metadata: 1.4510150998830795
  landing: 0.7915002256631851
  view-data: 3.3224010542035103
