times:
  edit-metadata: 1.4720037281513214
  landing: 0.8413303345441818
  view-data: 3.461294040083885
