times:
  edit-metadata: 1.3645345754921436
  landing: 0.7520869038999081
  view-data: 3.284531068056822
