times:
  edit-metadata: 1.4894153513014317
  landing: 0.8452436253428459
  view-data: 3.3703471533954144
