times:
  edit-metadata: 1.4560620710253716
  landing: 0.8041155114769936
  view-data: 3.472418151795864
