times:
  edit-metadata: 1.474634200334549
  landing: 0.8084578067064285
  view-data: 3.3723667711019516
