times:
  edit-metadata: 1.573251374065876
  landing: 0.8460029847919941
  view-data: 3.350501798093319
