times:
  edit-metadata: 1.4509807601571083
  landing: 0.8390854597091675
  view-data: 3.410094566643238
