times:
  edit-metadata: 1.3587455078959465
  landing: 0.7476719245314598
  view-data: 3.287117876112461
