times:
  edit-metadata: 1.5028103068470955
  landing: 0.7342323586344719
  view-data: 3.4500739946961403
