times:
  edit-metadata: 1.3398235738277435
  landing: 0.7780182287096977
  view-data: 3.4614359736442566
