times:
  edit-metadata: 1.4427410438656807
  landing: 0.753153532743454
  view-data: 3.492084316909313
