times:
  edit-metadata: 1.48296657204628
  landing: 0.7714668177068233
  view-data: 3.3296649381518364
