times:
  edit-metadata: 1.4984343275427818
  landing: 0.8496432155370712
  view-data: 3.280420444905758
