times:
  edit-metadata: 2.3446719348430634
  landing: 1.6265805214643478
  view-data: 3.8161145448684692
