times:
  edit-metadata: 1.635294545441866
  landing: 0.9735115990042686
  view-data: 3.353155665099621
