times:
  edit-metadata: 1.3731002062559128
  landing: 0.7500606402754784
  view-data: 3.3068313226103783
