times:
  edit-metadata: 1.424526572227478
  landing: 0.907782681286335
  view-data: 3.5394293293356895
