times:
  edit-metadata: 1.511639229953289
  landing: 0.8743300437927246
  view-data: 3.301517315208912
