times:
  edit-metadata: 1.4294000826776028
  landing: 0.8014420680701733
  view-data: 3.342059314250946
