times:
  edit-metadata: 1.4004574939608574
  landing: 0.7392929494380951
  view-data: 3.470096878707409
