times:
  edit-metadata: 1.3493328392505646
  landing: 0.804092712700367
  view-data: 3.28146418556571
