times:
  edit-metadata: 1.322623547166586
  landing: 0.7420798614621162
  view-data: 3.3874631263315678
