times:
  edit-metadata: 1.675671674311161
  landing: 0.8824385926127434
  view-data: 3.5081310868263245
