times:
  edit-metadata: 1.3776068091392517
  landing: 0.7077402547001839
  view-data: 3.331758014857769
