times:
  edit-metadata: 1.4701673835515976
  landing: 0.763083279132843
  view-data: 3.5223291143774986
