times:
  edit-metadata: 1.4494833424687386
  landing: 0.8095130212605
  view-data: 3.335950095206499
