times:
  edit-metadata: 1.491826169192791
  landing: 0.7346197441220284
  view-data: 3.496540069580078
