times:
  edit-metadata: 1.4991081729531288
  landing: 0.8295807838439941
  view-data: 3.3629355058073997
