times:
  edit-metadata: 1.4038609713315964
  landing: 0.7212881036102772
  view-data: 3.375243805348873
