times:
  edit-metadata: 1.5032814368605614
  landing: 0.9041213393211365
  view-data: 3.406406007707119
