times:
  edit-metadata: 1.5043033324182034
  landing: 0.8215690031647682
  view-data: 3.291146706789732
