times:
  edit-metadata: 1.3321161717176437
  landing: 0.8123858943581581
  view-data: 3.4369282349944115
