times:
  edit-metadata: 1.4780491590499878
  landing: 0.7706721909344196
  view-data: 3.327312108129263
