times:
  edit-metadata: 1.5287979319691658
  landing: 0.7803746536374092
  view-data: 3.4342395588755608
