times:
  edit-metadata: 1.3726107403635979
  landing: 0.7943394929170609
  view-data: 3.4744231700897217
