times:
  edit-metadata: 1.767875261604786
  landing: 0.8416215926408768
  view-data: 3.527329705655575
