times:
  edit-metadata: 1.3395008742809296
  landing: 0.7948705554008484
  view-data: 3.383675202727318
