times:
  edit-metadata: 1.3943260684609413
  landing: 0.7918701246380806
  view-data: 3.4703931361436844
