times:
  edit-metadata: 1.4339259713888168
  landing: 0.8405427187681198
  view-data: 3.501736454665661
