times:
  edit-metadata: 1.3863828480243683
  landing: 0.9103019908070564
  view-data: 3.302238367497921
