times:
  edit-metadata: 1.4677461013197899
  landing: 0.9861744791269302
  view-data: 3.427338629961014
