times:
  edit-metadata: 1.3700816854834557
  landing: 0.7453041225671768
  view-data: 3.5436665415763855
