times:
  edit-metadata: 1.4442342445254326
  landing: 0.7815358713269234
  view-data: 3.418287567794323
