times:
  edit-metadata: 1.4654283076524734
  landing: 0.8405108153820038
  view-data: 3.491849407553673
