times:
  edit-metadata: 1.5899648144841194
  landing: 1.0121217742562294
  view-data: 3.5847349241375923
