times:
  edit-metadata: 1.3967290148139
  landing: 0.9053605794906616
  view-data: 3.438473120331764
