times:
  edit-metadata: 1.4847340360283852
  landing: 0.7856825888156891
  view-data: 3.431799530982971
