times:
  edit-metadata: 2.255102500319481
  landing: 1.5785353407263756
  view-data: 3.5042824149131775
