times:
  edit-metadata: 1.5925399512052536
  landing: 0.9200556501746178
  view-data: 3.393386162817478
