times:
  edit-metadata: 1.3419106006622314
  landing: 0.8405578583478928
  view-data: 3.552972823381424
