times:
  edit-metadata: 2.0500388517975807
  landing: 1.3152027949690819
  view-data: 3.479424513876438
