times:
  edit-metadata: 1.3960691094398499
  landing: 0.7343495190143585
  view-data: 3.543326646089554
