times:
  edit-metadata: 1.4984028935432434
  landing: 0.8164958879351616
  view-data: 3.509103961288929
