times:
  edit-metadata: 1.4923390075564384
  landing: 0.8463661149144173
  view-data: 3.5187526866793633
