times:
  edit-metadata: 1.4631636142730713
  landing: 0.8628521412611008
  view-data: 3.501393400132656
