times:
  edit-metadata: 1.292171485722065
  landing: 0.7299062311649323
  view-data: 3.534230925142765
