times:
  edit-metadata: 1.3694923296570778
  landing: 0.8057196065783501
  view-data: 3.448671907186508
