times:
  edit-metadata: 1.5013047903776169
  landing: 0.9239459931850433
  view-data: 3.57826516777277
