times:
  edit-metadata: 1.4520684629678726
  landing: 0.8161511421203613
  view-data: 3.4677713960409164
