times:
  edit-metadata: 1.765336662530899
  landing: 0.8121230602264404
  view-data: 3.51444398611784
