times:
  edit-metadata: 1.5270310789346695
  landing: 0.7954331338405609
  view-data: 3.4970762729644775
