times:
  edit-metadata: 1.5011619925498962
  landing: 0.8176550343632698
  view-data: 3.5140924900770187
