times:
  edit-metadata: 1.5402681827545166
  landing: 0.9087338373064995
  view-data: 3.345844753086567
