times:
  edit-metadata: 1.8827335983514786
  landing: 0.9873710051178932
  view-data: 3.649857059121132
