times:
  edit-metadata: 1.3921297937631607
  landing: 0.8875623717904091
  view-data: 3.4694138318300247
