times:
  edit-metadata: 3.2309338599443436
  landing: 1.6686254069209099
  view-data: 3.651844024658203
