times:
  edit-metadata: 1.4788193702697754
  landing: 0.8190877288579941
  view-data: 3.46477447450161
