times:
  edit-metadata: 1.3981846645474434
  landing: 0.7945374995470047
  view-data: 3.539345547556877
