times:
  edit-metadata: 1.4126742780208588
  landing: 0.84565669298172
  view-data: 3.497632086277008
