times:
  edit-metadata: 1.3614546209573746
  landing: 0.7417219877243042
  view-data: 3.5356112495064735
