times:
  edit-metadata: 1.409711979329586
  landing: 0.8002815097570419
  view-data: 3.469515323638916
