times:
  edit-metadata: 1.5544993430376053
  landing: 0.8496411591768265
  view-data: 3.455130010843277
