times:
  edit-metadata: 1.8788264989852905
  landing: 1.2895237430930138
  view-data: 3.4035021141171455
