times:
  edit-metadata: 1.524946391582489
  landing: 0.7688687071204185
  view-data: 3.4904096350073814
