times:
  edit-metadata: 1.5479815527796745
  landing: 0.8759750351309776
  view-data: 3.512021265923977
