times:
  edit-metadata: 1.322307214140892
  landing: 0.7448088973760605
  view-data: 3.390891507267952
