times:
  edit-metadata: 1.5015758723020554
  landing: 0.8276410028338432
  view-data: 3.4738542959094048
