times:
  edit-metadata: 1.4084683954715729
  landing: 0.7884061336517334
  view-data: 3.5001246482133865
