times:
  edit-metadata: 1.3829390108585358
  landing: 0.8131055161356926
  view-data: 3.3516227826476097
