times:
  edit-metadata: 1.4289363697171211
  landing: 0.8024202287197113
  view-data: 3.3438941314816475
