times:
  edit-metadata: 1.5737838372588158
  landing: 0.8584188520908356
  view-data: 3.4855442345142365
