times:
  edit-metadata: 1.3292617499828339
  landing: 0.7991930395364761
  view-data: 3.4366089031100273
