times:
  edit-metadata: 1.4761479943990707
  landing: 0.8852564245462418
  view-data: 3.2642639130353928
