times:
  edit-metadata: 1.4922665879130363
  landing: 0.7701599970459938
  view-data: 3.40076494961977
