times:
  edit-metadata: 1.3898532018065453
  landing: 0.806245893239975
  view-data: 3.5433289632201195
