times:
  edit-metadata: 1.4833517521619797
  landing: 0.7950362265110016
  view-data: 3.5136172026395798
