times:
  edit-metadata: 1.4363080188632011
  landing: 0.7876055389642715
  view-data: 3.4186041802167892
