times:
  edit-metadata: 1.4834194108843803
  landing: 0.7513753399252892
  view-data: 3.51326971501112
