times:
  edit-metadata: 1.51436697691679
  landing: 0.819556251168251
  view-data: 3.460095763206482
