times:
  edit-metadata: 1.5065292790532112
  landing: 0.7653423994779587
  view-data: 3.4183851778507233
