times:
  edit-metadata: 1.5174421444535255
  landing: 0.9316373690962791
  view-data: 3.293815538287163
