times:
  edit-metadata: 1.4795404523611069
  landing: 0.8571445643901825
  view-data: 3.583717979490757
