times:
  edit-metadata: 1.5464712381362915
  landing: 0.7602467834949493
  view-data: 3.362719438970089
