times:
  edit-metadata: 1.3462862148880959
  landing: 0.7197420820593834
  view-data: 3.379329815506935
