times:
  edit-metadata: 1.3724318593740463
  landing: 0.7717833146452904
  view-data: 3.4720947965979576
