times:
  edit-metadata: 1.5462331101298332
  landing: 0.91656394302845
  view-data: 3.3235019370913506
