times:
  edit-metadata: 1.4259945824742317
  landing: 0.8132563084363937
  view-data: 3.3917195349931717
