times:
  edit-metadata: 1.4957184344530106
  landing: 0.8355272263288498
  view-data: 3.309991806745529
