times:
  edit-metadata: 1.5846691504120827
  landing: 1.1083649098873138
  view-data: 3.449301600456238
