times:
  edit-metadata: 1.465720295906067
  landing: 0.8426094055175781
  view-data: 3.5441694259643555
