times:
  edit-metadata: 2.3176171705126762
  landing: 1.2437522485852242
  view-data: 3.412670262157917
