times:
  edit-metadata: 1.4362432807683945
  landing: 0.7954441383481026
  view-data: 3.431485414505005
