times:
  edit-metadata: 1.39378222823143
  landing: 0.6933105662465096
  view-data: 3.455861821770668
