times:
  edit-metadata: 1.3570364341139793
  landing: 0.8367040157318115
  view-data: 3.5226862505078316
