times:
  edit-metadata: 1.4183079600334167
  landing: 0.75154148042202
  view-data: 3.4395512640476227
