times:
  edit-metadata: 1.9140040874481201
  landing: 1.3641140013933182
  view-data: 3.5424168556928635
