times:
  edit-metadata: 1.3054617643356323
  landing: 0.8582857549190521
  view-data: 3.3310929238796234
