times:
  edit-metadata: 1.3453562185168266
  landing: 0.774298258125782
  view-data: 3.488963410258293
