times:
  edit-metadata: 1.5583214834332466
  landing: 0.8274853080511093
  view-data: 3.4147772938013077
