times:
  edit-metadata: 1.5847553238272667
  landing: 0.8904494792222977
  view-data: 3.4573623538017273
