times:
  edit-metadata: 1.4440143033862114
  landing: 0.8154494985938072
  view-data: 3.473632998764515
