times:
  edit-metadata: 1.5230032801628113
  landing: 1.0302395522594452
  view-data: 3.4748400375247
