times:
  edit-metadata: 1.3434063121676445
  landing: 0.8162168487906456
  view-data: 3.442148804664612
