times:
  edit-metadata: 1.4810549542307854
  landing: 0.7873947471380234
  view-data: 3.6189315915107727
