times:
  edit-metadata: 3.8324846774339676
  landing: 1.8563028573989868
  view-data: 3.7567485123872757
