times:
  edit-metadata: 1.3653144836425781
  landing: 0.7177442014217377
  view-data: 3.41541451215744
