times:
  edit-metadata: 1.4591248854994774
  landing: 0.9173201471567154
  view-data: 3.3148069232702255
