times:
  edit-metadata: 1.4197545424103737
  landing: 0.8302352651953697
  view-data: 3.3629371002316475
