times:
  edit-metadata: 1.473020389676094
  landing: 0.8647032305598259
  view-data: 3.3456813395023346
