times:
  edit-metadata: 1.4987055882811546
  landing: 0.8304995968937874
  view-data: 3.455024339258671
