times:
  edit-metadata: 1.4575076401233673
  landing: 0.7559859529137611
  view-data: 3.442497730255127
