times:
  edit-metadata: 1.7043875455856323
  landing: 1.026801846921444
  view-data: 3.332519479095936
