times:
  edit-metadata: 1.5144463405013084
  landing: 0.7880625128746033
  view-data: 3.516007713973522
