times:
  edit-metadata: 1.5156735926866531
  landing: 0.7216987609863281
  view-data: 3.503559485077858
