times:
  edit-metadata: 1.5704198852181435
  landing: 0.9607648476958275
  view-data: 3.3851946182549
