times:
  edit-metadata: 1.4554819166660309
  landing: 0.7656814903020859
  view-data: 3.512109339237213
