times:
  edit-metadata: 1.5043203458189964
  landing: 0.7686338871717453
  view-data: 3.532295636832714
