times:
  edit-metadata: 1.4896526895463467
  landing: 0.833708118647337
  view-data: 3.3250504322350025
