times:
  edit-metadata: 1.3829360976815224
  landing: 0.7722277492284775
  view-data: 3.4806301966309547
