times:
  edit-metadata: 1.4994341507554054
  landing: 0.85564074665308
  view-data: 3.4971650540828705
