times:
  edit-metadata: 1.60142782330513
  landing: 0.8880312815308571
  view-data: 3.3354843631386757
