times:
  edit-metadata: 1.4333575069904327
  landing: 0.8459110893309116
  view-data: 3.3610353879630566
