times:
  edit-metadata: 1.3784180283546448
  landing: 0.7132184356451035
  view-data: 3.3634752854704857
