times:
  edit-metadata: 1.3827103488147259
  landing: 0.8601540587842464
  view-data: 3.2517471574246883
