times:
  edit-metadata: 1.615946900099516
  landing: 0.9026285856962204
  view-data: 3.336236320436001
