times:
  edit-metadata: 1.5456388220191002
  landing: 0.9527465552091599
  view-data: 3.480010971426964
