times:
  edit-metadata: 1.9855701327323914
  landing: 1.2642779871821404
  view-data: 3.2888123095035553
