times:
  edit-metadata: 1.52230716496706
  landing: 0.7589845657348633
  view-data: 3.3294151946902275
