times:
  edit-metadata: 1.4151356890797615
  landing: 0.8494443632662296
  view-data: 3.2958883829414845
