times:
  edit-metadata: 1.378762573003769
  landing: 0.7308098375797272
  view-data: 3.473557211458683
