times:
  edit-metadata: 1.4973668456077576
  landing: 0.8574399724602699
  view-data: 3.4830960258841515
