times:
  edit-metadata: 1.3203422874212265
  landing: 0.7462657317519188
  view-data: 3.4269737899303436
