times:
  edit-metadata: 1.406437687575817
  landing: 0.8156610652804375
  view-data: 3.365017108619213
