times:
  edit-metadata: 2.246307857334614
  landing: 1.1761162504553795
  view-data: 3.7067778185009956
