times:
  edit-metadata: 1.3873752132058144
  landing: 0.7502811700105667
  view-data: 3.416774667799473
