times:
  edit-metadata: 1.4900569394230843
  landing: 0.7668776884675026
  view-data: 3.4443920627236366
