times:
  edit-metadata: 1.4168167412281036
  landing: 0.7970802783966064
  view-data: 3.4747748970985413
