times:
  edit-metadata: 1.4108607545495033
  landing: 0.7416842132806778
  view-data: 3.421701356768608
