times:
  edit-metadata: 1.4108580201864243
  landing: 0.8144058808684349
  view-data: 3.485084444284439
