times:
  edit-metadata: 1.5011486411094666
  landing: 0.8633534014225006
  view-data: 3.305020973086357
