times:
  edit-metadata: 1.5083154737949371
  landing: 0.8411327078938484
  view-data: 3.428710401058197
