times:
  edit-metadata: 1.4105623811483383
  landing: 0.7813680469989777
  view-data: 3.4357685074210167
