times:
  edit-metadata: 2.380604036152363
  landing: 1.1521344557404518
  view-data: 3.653706267476082
