times:
  edit-metadata: 1.4093571528792381
  landing: 0.7582665234804153
  view-data: 3.497735433280468
