times:
  edit-metadata: 1.5154625475406647
  landing: 0.959643542766571
  view-data: 3.335766300559044
