times:
  edit-metadata: 1.5184823498129845
  landing: 0.7923030108213425
  view-data: 3.407985679805279
