times:
  edit-metadata: 1.3686892166733742
  landing: 0.8863987773656845
  view-data: 3.3081303015351295
