times:
  edit-metadata: 1.7493075504899025
  landing: 0.918836422264576
  view-data: 3.4784192219376564
