times:
  edit-metadata: 1.4684418514370918
  landing: 0.8479655459523201
  view-data: 3.5440671369433403
