times:
  edit-metadata: 1.4408977180719376
  landing: 0.7491481378674507
  view-data: 3.537914700806141
