times:
  edit-metadata: 1.4419570341706276
  landing: 0.8359136059880257
  view-data: 3.278087757527828
