times:
  edit-metadata: 1.5320513248443604
  landing: 0.7700392380356789
  view-data: 3.4525138959288597
