times:
  edit-metadata: 1.9378344863653183
  landing: 1.1824361495673656
  view-data: 3.417657572776079
