times:
  edit-metadata: 1.5450399816036224
  landing: 0.7844418212771416
  view-data: 3.4802645966410637
