times:
  edit-metadata: 1.5373440980911255
  landing: 0.8367193825542927
  view-data: 3.323151919990778
