times:
  edit-metadata: 1.4415148049592972
  landing: 0.8767799064517021
  view-data: 3.2694145888090134
