times:
  edit-metadata: 1.4414792582392693
  landing: 0.7430831864476204
  view-data: 3.4866017177700996
