times:
  edit-metadata: 1.4555414915084839
  landing: 0.7923941686749458
  view-data: 3.405526079237461
