times:
  edit-metadata: 1.393328107893467
  landing: 0.8190062195062637
  view-data: 3.433831073343754
