times:
  edit-metadata: 1.4282479584217072
  landing: 0.7698964849114418
  view-data: 3.2858378887176514
