times:
  edit-metadata: 2.41708954423666
  landing: 1.9930999279022217
  view-data: 3.6395679712295532
