times:
  edit-metadata: 1.379445355385542
  landing: 0.7946111708879471
  view-data: 3.319827876985073
