times:
  edit-metadata: 1.3945773541927338
  landing: 0.7678767219185829
  view-data: 3.388352654874325
