times:
  edit-metadata: 1.3938128277659416
  landing: 0.7738213464617729
  view-data: 3.48879861086607
