times:
  edit-metadata: 1.4342972114682198
  landing: 1.0386116579174995
  view-data: 3.4458427354693413
