times:
  edit-metadata: 1.4897591099143028
  landing: 0.889661930501461
  view-data: 3.492509074509144
