times:
  edit-metadata: 1.5505357347428799
  landing: 0.8590138107538223
  view-data: 3.424790356308222
