times:
  edit-metadata: 1.5401562973856926
  landing: 0.9782432094216347
  view-data: 3.548877716064453
