times:
  edit-metadata: 1.498236257582903
  landing: 0.869275663048029
  view-data: 3.28408258035779
