times:
  edit-metadata: 2.011308077722788
  landing: 1.353567074984312
  view-data: 3.4877307675778866
