times:
  edit-metadata: 1.529101513326168
  landing: 0.7823639810085297
  view-data: 3.446136586368084
