times:
  edit-metadata: 1.445416882634163
  landing: 0.857724517583847
  view-data: 3.322727680206299
