times:
  edit-metadata: 1.4362747743725777
  landing: 0.812915176153183
  view-data: 3.455863706767559
