times:
  edit-metadata: 1.3840712755918503
  landing: 0.7539545074105263
  view-data: 3.4808856025338173
