times:
  edit-metadata: 1.4572693407535553
  landing: 0.840092346072197
  view-data: 3.350714199244976
