times:
  edit-metadata: 1.3977368958294392
  landing: 0.7834159769117832
  view-data: 3.2999946624040604
