times:
  edit-metadata: 1.43881406635046
  landing: 0.7815810963511467
  view-data: 3.451024368405342
