times:
  edit-metadata: 1.4442536532878876
  landing: 0.8034713715314865
  view-data: 3.398468352854252
