times:
  edit-metadata: 1.5608542002737522
  landing: 1.1144853048026562
  view-data: 3.4087781831622124
