times:
  edit-metadata: 1.3922157064080238
  landing: 0.7850551903247833
  view-data: 3.477789856493473
