times:
  edit-metadata: 1.4299275502562523
  landing: 0.7437669932842255
  view-data: 3.499697722494602
