times:
  edit-metadata: 1.4631803259253502
  landing: 0.880118764936924
  view-data: 3.3176996670663357
