times:
  edit-metadata: 1.6269291415810585
  landing: 1.0513580292463303
  view-data: 3.3446119278669357
