times:
  edit-metadata: 1.5698965303599834
  landing: 0.9323081336915493
  view-data: 3.270091239362955
