times:
  edit-metadata: 1.6356070190668106
  landing: 1.076172649860382
  view-data: 3.691806487739086
