times:
  edit-metadata: 1.3848498240113258
  landing: 0.7778861857950687
  view-data: 3.258544396609068
