times:
  edit-metadata: 1.4147445186972618
  landing: 0.9973096251487732
  view-data: 3.345786139369011
