times:
  edit-metadata: 1.3954285234212875
  landing: 0.7403477132320404
  view-data: 3.4295290410518646
