times:
  edit-metadata: 1.4186324328184128
  landing: 0.7881499230861664
  view-data: 3.5068293437361717
