times:
  edit-metadata: 1.4844431057572365
  landing: 0.8281762562692165
  view-data: 3.394724052399397
