times:
  edit-metadata: 1.4536086469888687
  landing: 0.7454592362046242
  view-data: 3.423994719982147
