times:
  edit-metadata: 1.4596985541284084
  landing: 0.8112485483288765
  view-data: 3.2582105323672295
