times:
  edit-metadata: 1.6685709357261658
  landing: 0.8786063715815544
  view-data: 3.598384752869606
