times:
  edit-metadata: 1.4502073489129543
  landing: 0.8448556400835514
  view-data: 3.394876815378666
