times:
  edit-metadata: 1.5106305703520775
  landing: 0.7812218144536018
  view-data: 3.475140318274498
