times:
  edit-metadata: 1.9727694243192673
  landing: 1.062247034162283
  view-data: 3.4307133555412292
