times:
  edit-metadata: 1.4275472611188889
  landing: 1.0968867242336273
  view-data: 3.584608405828476
