times:
  edit-metadata: 1.4030569270253181
  landing: 0.7745198979973793
  view-data: 3.2822777926921844
