times:
  edit-metadata: 1.5343195796012878
  landing: 0.8075337409973145
  view-data: 3.4388482198119164
