times:
  edit-metadata: 1.4494002163410187
  landing: 0.840861514210701
  view-data: 3.4101354479789734
