times:
  edit-metadata: 1.5772608146071434
  landing: 0.9314743354916573
  view-data: 3.362578831613064
