times:
  edit-metadata: 1.6262519732117653
  landing: 1.0232984498143196
  view-data: 3.347094364464283
