times:
  edit-metadata: 1.4926727712154388
  landing: 0.8421392440795898
  view-data: 3.293272450566292
