times:
  edit-metadata: 1.3955378532409668
  landing: 0.7907395213842392
  view-data: 3.4710680916905403
