times:
  edit-metadata: 1.4335963428020477
  landing: 0.9071551635861397
  view-data: 3.375161238014698
