times:
  edit-metadata: 1.755126066505909
  landing: 0.8851130977272987
  view-data: 3.648936115205288
