times:
  edit-metadata: 1.4584959968924522
  landing: 0.7642932906746864
  view-data: 3.424577012658119
