times:
  edit-metadata: 1.4613156542181969
  landing: 0.8270947933197021
  view-data: 3.541174717247486
