times:
  edit-metadata: 1.4150832034647465
  landing: 0.7952481955289841
  view-data: 3.2862968929111958
