times:
  edit-metadata: 1.5189915597438812
  landing: 0.7809614613652229
  view-data: 3.471597008407116
