times:
  edit-metadata: 1.5169930011034012
  landing: 0.7797010578215122
  view-data: 3.2914055064320564
