times:
  edit-metadata: 1.4434230998158455
  landing: 0.7989829629659653
  view-data: 3.3671362921595573
