times:
  edit-metadata: 2.642385385930538
  landing: 1.8527024313807487
  view-data: 3.698365829885006
