times:
  edit-metadata: 1.5170496478676796
  landing: 0.940110944211483
  view-data: 3.3277429714798927
