times:
  edit-metadata: 1.3944511339068413
  landing: 0.7607753127813339
  view-data: 3.5238049775362015
