times:
  edit-metadata: 1.5060720145702362
  landing: 0.7906613275408745
  view-data: 3.4913257136940956
