times:
  edit-metadata: 1.3761096224188805
  landing: 0.8218508511781693
  view-data: 3.4527192264795303
