times:
  edit-metadata: 1.5162282288074493
  landing: 0.7767510190606117
  view-data: 3.382855422794819
