times:
  edit-metadata: 1.4727047644555569
  landing: 0.7417808063328266
  view-data: 3.2827854938805103
