times:
  edit-metadata: 1.411095455288887
  landing: 0.8313146531581879
  view-data: 3.2838755398988724
