times:
  edit-metadata: 1.3874942809343338
  landing: 0.77674850076437
  view-data: 3.4388144463300705
