times:
  edit-metadata: 1.3755053132772446
  landing: 0.7770030796527863
  view-data: 3.4967574402689934
