times:
  edit-metadata: 1.3975756764411926
  landing: 0.7897382155060768
  view-data: 3.380400076508522
