times:
  edit-metadata: 1.5048760548233986
  landing: 0.8090337589383125
  view-data: 3.3147709518671036
