times:
  edit-metadata: 1.5504063069820404
  landing: 0.9256168082356453
  view-data: 3.4923582822084427
