times:
  edit-metadata: 1.4840445965528488
  landing: 0.7296614199876785
  view-data: 3.484859921038151
