times:
  edit-metadata: 1.396814476698637
  landing: 0.8298140205442905
  view-data: 3.293963834643364
