times:
  edit-metadata: 1.3850614689290524
  landing: 0.7933196313679218
  view-data: 3.286687895655632
