times:
  edit-metadata: 1.3846455328166485
  landing: 0.8718137666583061
  view-data: 3.355974495410919
