times:
  edit-metadata: 1.6139322333037853
  landing: 0.9241638630628586
  view-data: 3.3899586498737335
