times:
  edit-metadata: 1.5477664321660995
  landing: 0.8128227666020393
  view-data: 3.5182395949959755
