times:
  edit-metadata: 1.4527218267321587
  landing: 0.8037064969539642
  view-data: 3.4128468558192253
