times:
  edit-metadata: 1.778692476451397
  landing: 1.0155018046498299
  view-data: 3.371099781244993
