times:
  edit-metadata: 1.363542452454567
  landing: 0.7950484305620193
  view-data: 3.4152605310082436
