times:
  edit-metadata: 1.5003814175724983
  landing: 0.7790980562567711
  view-data: 3.399500645697117
