times:
  edit-metadata: 1.450166955590248
  landing: 0.7831365652382374
  view-data: 3.309305038303137
