times:
  edit-metadata: 1.4821627885103226
  landing: 0.7860885299742222
  view-data: 3.318737220019102
