times:
  edit-metadata: 1.6157976314425468
  landing: 0.8846629969775677
  view-data: 3.287863690406084
