times:
  edit-metadata: 1.3638337589800358
  landing: 0.8936787247657776
  view-data: 3.3218691758811474
