times:
  edit-metadata: 1.404706284403801
  landing: 0.8153131753206253
  view-data: 3.4698382019996643
