times:
  edit-metadata: 1.513207070529461
  landing: 0.784965455532074
  view-data: 3.4782283306121826
