times:
  edit-metadata: 1.508581519126892
  landing: 0.8241906501352787
  view-data: 3.2784305438399315
