times:
  edit-metadata: 1.4640967473387718
  landing: 0.8716583326458931
  view-data: 3.3260760232806206
