times:
  edit-metadata: 1.4676582962274551
  landing: 0.7769116535782814
  view-data: 3.4286950454115868
