times:
  edit-metadata: 1.4152687676250935
  landing: 0.8002281524240971
  view-data: 3.336746297776699
