times:
  edit-metadata: 1.500997856259346
  landing: 0.8162014335393906
  view-data: 3.475427031517029
