times:
  edit-metadata: 1.4714623168110847
  landing: 0.7356846481561661
  view-data: 3.511296257376671
