times:
  edit-metadata: 1.3541710376739502
  landing: 0.8274039253592491
  view-data: 3.461819678544998
