times:
  edit-metadata: 1.682845577597618
  landing: 1.0239036716520786
  view-data: 3.332576457411051
