times:
  edit-metadata: 1.4939059689640999
  landing: 0.748851366341114
  view-data: 3.481433942914009
