times:
  edit-metadata: 1.8154609985649586
  landing: 1.0477709509432316
  view-data: 3.410650309175253
