times:
  edit-metadata: 1.433773197233677
  landing: 0.8656499348580837
  view-data: 3.4179820753633976
