times:
  edit-metadata: 2.826297465711832
  landing: 1.638747364282608
  view-data: 3.5150336027145386
