times:
  edit-metadata: 1.3917265012860298
  landing: 0.7393170148134232
  view-data: 3.3970661759376526
