times:
  edit-metadata: 1.3803158551454544
  landing: 0.8207824677228928
  view-data: 3.5020779222249985
