times:
  edit-metadata: 1.5021662302315235
  landing: 0.9322929568588734
  view-data: 3.281933169811964
