times:
  edit-metadata: 1.4124046489596367
  landing: 0.7986204326152802
  view-data: 3.462517224252224
