times:
  edit-metadata: 1.492447141557932
  landing: 0.8982771150767803
  view-data: 3.339484203606844
