times:
  edit-metadata: 1.504185512661934
  landing: 0.8297854997217655
  view-data: 3.4048930890858173
