times:
  edit-metadata: 1.716581765562296
  landing: 0.9930646494030952
  view-data: 3.3146535344421864
