times:
  edit-metadata: 1.5292306616902351
  landing: 0.8057083636522293
  view-data: 3.412413865327835
