times:
  edit-metadata: 1.550125002861023
  landing: 0.8003692030906677
  view-data: 3.474055416882038
