times:
  edit-metadata: 1.7744157537817955
  landing: 0.8659428656101227
  view-data: 3.361342005431652
