times:
  edit-metadata: 2.0876320004463196
  landing: 1.497772939503193
  view-data: 3.319698214530945
