times:
  edit-metadata: 1.3971974477171898
  landing: 0.8013305589556694
  view-data: 3.3094395622611046
