times:
  edit-metadata: 1.4720535539090633
  landing: 0.9375186190009117
  view-data: 3.3005851097404957
