times:
  edit-metadata: 1.513923466205597
  landing: 0.8541339188814163
  view-data: 3.293478563427925
