times:
  edit-metadata: 1.458907138556242
  landing: 0.7812684699892998
  view-data: 3.361808203160763
