times:
  edit-metadata: 1.4754382371902466
  landing: 0.8443655893206596
  view-data: 3.502449594438076
