times:
  edit-metadata: 1.4327715896070004
  landing: 0.8791850320994854
  view-data: 3.293033231049776
