times:
  edit-metadata: 1.3941562175750732
  landing: 0.7544330582022667
  view-data: 3.2939866930246353
