times:
  edit-metadata: 1.4963612146675587
  landing: 0.8549992069602013
  view-data: 3.282894805073738
