times:
  edit-metadata: 1.4774754121899605
  landing: 0.6990770101547241
  view-data: 3.3710692301392555
