times:
  edit-metadata: 1.5497427508234978
  landing: 0.7941234335303307
  view-data: 3.477096952497959
