times:
  edit-metadata: 1.6395072266459465
  landing: 1.0177681967616081
  view-data: 3.326899640262127
