times:
  edit-metadata: 1.4357147812843323
  landing: 0.743783637881279
  view-data: 3.369669184088707
