times:
  edit-metadata: 2.0268458984792233
  landing: 0.9702563434839249
  view-data: 3.4710542745888233
