times:
  edit-metadata: 1.4063269197940826
  landing: 0.7708156853914261
  view-data: 3.5188257843255997
