times:
  edit-metadata: 1.4315738528966904
  landing: 0.7725597694516182
  view-data: 3.4669355303049088
