times:
  edit-metadata: 1.4460914358496666
  landing: 0.7441640868782997
  view-data: 3.4533443823456764
