times:
  edit-metadata: 1.4450307115912437
  landing: 0.7975664809346199
  view-data: 3.386272482573986
