times:
  edit-metadata: 1.375297762453556
  landing: 0.7633636817336082
  view-data: 3.341503392904997
