times:
  edit-metadata: 1.4359836876392365
  landing: 0.8381310179829597
  view-data: 3.339965783059597
