times:
  edit-metadata: 1.4254153929650784
  landing: 0.8161534667015076
  view-data: 3.338845230638981
