times:
  edit-metadata: 1.4725525863468647
  landing: 0.7428512312471867
  view-data: 3.2835889011621475
