times:
  edit-metadata: 1.4866607300937176
  landing: 0.8017031662166119
  view-data: 3.3056580387055874
