times:
  edit-metadata: 1.4014625400304794
  landing: 0.7569318152964115
  view-data: 3.2874823696911335
