times:
  edit-metadata: 1.4393075332045555
  landing: 0.7236515954136848
  view-data: 3.4238870963454247
