times:
  edit-metadata: 1.5501309111714363
  landing: 0.7936173751950264
  view-data: 3.563980869948864
