times:
  edit-metadata: 1.854150664061308
  landing: 0.8520196117460728
  view-data: 3.364567317068577
