times:
  edit-metadata: 1.6431434862315655
  landing: 0.7358854301273823
  view-data: 3.3537796698510647
