times:
  edit-metadata: 1.6196971572935581
  landing: 0.9096236974000931
  view-data: 3.3031845167279243
