times:
  edit-metadata: 1.4540950916707516
  landing: 0.7318442203104496
  view-data: 3.3222328573465347
