times:
  edit-metadata: 1.4649339243769646
  landing: 0.7207026854157448
  view-data: 3.511981323361397
