times:
  edit-metadata: 1.3852568119764328
  landing: 0.8810874298214912
  view-data: 3.447380170226097
