times:
  edit-metadata: 1.4326077587902546
  landing: 0.8507080189883709
  view-data: 3.3889636397361755
