times:
  edit-metadata: 1.5220821127295494
  landing: 0.8611650168895721
  view-data: 3.5565176382660866
