times:
  edit-metadata: 1.4641183465719223
  landing: 0.7217566817998886
  view-data: 3.4801702573895454
