times:
  edit-metadata: 1.5366927534341812
  landing: 0.72905233502388
  view-data: 3.472915843129158
