times:
  edit-metadata: 1.3803663738071918
  landing: 0.7331178039312363
  view-data: 3.3331176675856113
