times:
  edit-metadata: 1.651619203388691
  landing: 0.7865292131900787
  view-data: 3.321681834757328
