times:
  edit-metadata: 1.4701602831482887
  landing: 0.7091801576316357
  view-data: 3.3097131364047527
