times:
  edit-metadata: 1.7775221019983292
  landing: 0.9769011735916138
  view-data: 3.390215925872326
