times:
  edit-metadata: 1.4581998139619827
  landing: 0.7684085592627525
  view-data: 3.516237385571003
