times:
  edit-metadata: 1.4820624776184559
  landing: 0.7345003858208656
  view-data: 3.320903930813074
