times:
  edit-metadata: 1.3998577296733856
  landing: 0.7242993265390396
  view-data: 3.3141035437583923
