times:
  edit-metadata: 1.4971889294683933
  landing: 0.8418357484042645
  view-data: 3.250057753175497
