times:
  edit-metadata: 1.540077917277813
  landing: 0.7471749261021614
  view-data: 3.435898534953594
