times:
  edit-metadata: 1.432808443903923
  landing: 0.7069780379533768
  view-data: 3.438511110842228
