times:
  edit-metadata: 1.5138108171522617
  landing: 0.8379890285432339
  view-data: 3.4473181925714016
