times:
  edit-metadata: 1.3959842845797539
  landing: 0.7835202664136887
  view-data: 3.329433549195528
