times:
  edit-metadata: 1.4375852048397064
  landing: 0.7473706007003784
  view-data: 3.3885440826416016
