times:
  edit-metadata: 1.4919715970754623
  landing: 0.8039753511548042
  view-data: 3.4823868945240974
