times:
  edit-metadata: 1.4369558990001678
  landing: 0.7539311647415161
  view-data: 3.49797660112381
