times:
  edit-metadata: 1.3580723777413368
  landing: 0.8710069507360458
  view-data: 3.501257859170437
