times:
  edit-metadata: 1.4362040311098099
  landing: 0.797158770263195
  view-data: 3.3955175168812275
