times:
  edit-metadata: 1.440529614686966
  landing: 0.778489388525486
  view-data: 3.3064158633351326
