times:
  edit-metadata: 1.5214237421751022
  landing: 0.7710603103041649
  view-data: 3.5563740879297256
