times:
  edit-metadata: 1.4245566129684448
  landing: 0.8858218006789684
  view-data: 3.2765104211866856
