times:
  edit-metadata: 1.4140261448919773
  landing: 0.8346515782177448
  view-data: 3.335020549595356
