times:
  edit-metadata: 1.487560287117958
  landing: 0.7598551213741302
  view-data: 3.390127144753933
