times:
  edit-metadata: 1.4144951403141022
  landing: 0.7792025506496429
  view-data: 3.408884160220623
