times:
  edit-metadata: 1.4234010726213455
  landing: 0.7143422216176987
  view-data: 3.492821343243122
