times:
  edit-metadata: 1.367321066558361
  landing: 0.7990593761205673
  view-data: 3.4884116798639297
