times:
  edit-metadata: 1.530869148671627
  landing: 0.8853354454040527
  view-data: 3.6713982820510864
