times:
  edit-metadata: 1.5129837095737457
  landing: 1.0263395011425018
  view-data: 3.5299202278256416
