times:
  edit-metadata: 1.6293716877698898
  landing: 1.0051112473011017
  view-data: 3.3390176445245743
