times:
  edit-metadata: 1.4946656450629234
  landing: 0.7131332159042358
  view-data: 3.5206644237041473
