times:
  edit-metadata: 1.353348359465599
  landing: 0.7661259472370148
  view-data: 3.4630565345287323
