times:
  edit-metadata: 1.4626412093639374
  landing: 0.8270165026187897
  view-data: 3.2905305065214634
