times:
  edit-metadata: 1.6298560686409473
  landing: 0.8590458184480667
  view-data: 3.3452525809407234
