times:
  edit-metadata: 1.4532039053738117
  landing: 0.9220453687012196
  view-data: 3.3464385122060776
