times:
  edit-metadata: 1.385904185473919
  landing: 0.7474893480539322
  view-data: 3.360906198620796
