times:
  edit-metadata: 1.524034596979618
  landing: 0.7756168022751808
  view-data: 3.4831570014357567
