times:
  edit-metadata: 1.514621078968048
  landing: 0.7438879758119583
  view-data: 3.480692073702812
