times:
  edit-metadata: 1.6114150062203407
  landing: 1.0193937383592129
  view-data: 3.299603670835495
