times:
  edit-metadata: 1.5011030957102776
  landing: 0.7863326147198677
  view-data: 3.51972334086895
