times:
  edit-metadata: 1.4481534957885742
  landing: 0.8764126561582088
  view-data: 3.283114917576313
