times:
  edit-metadata: 1.404983289539814
  landing: 0.7458958625793457
  view-data: 3.2565145529806614
