times:
  edit-metadata: 1.3723359405994415
  landing: 0.8150852024555206
  view-data: 3.4695330038666725
