times:
  edit-metadata: 1.805452011525631
  landing: 0.9348734319210052
  view-data: 3.32154818251729
