times:
  edit-metadata: 1.3497602865099907
  landing: 0.7372729703783989
  view-data: 3.400744952261448
