times:
  edit-metadata: 1.4750770255923271
  landing: 0.8469291478395462
  view-data: 3.488372176885605
