times:
  edit-metadata: 1.3833925276994705
  landing: 0.8126612715423107
  view-data: 3.2998214922845364
