times:
  edit-metadata: 1.4764716066420078
  landing: 0.8363843560218811
  view-data: 3.2686702832579613
