times:
  edit-metadata: 1.5332541465759277
  landing: 0.7619834989309311
  view-data: 3.5273192301392555
