times:
  edit-metadata: 1.518292561173439
  landing: 0.8008599802851677
  view-data: 3.5181296318769455
