times:
  edit-metadata: 1.3557062596082687
  landing: 0.8270051255822182
  view-data: 3.3682902082800865
