times:
  edit-metadata: 1.4908453971147537
  landing: 0.7601834610104561
  view-data: 3.414807766675949
