times:
  edit-metadata: 1.6646289825439453
  landing: 0.9252500683069229
  view-data: 3.3466467037796974
