times:
  edit-metadata: 2.17394782602787
  landing: 0.9874647483229637
  view-data: 3.5173482671380043
