times:
  edit-metadata: 1.4077971279621124
  landing: 0.6498413234949112
  view-data: 3.4087211564183235
