times:
  edit-metadata: 1.4479251764714718
  landing: 0.7916388660669327
  view-data: 3.320823159068823
