times:
  edit-metadata: 1.5245806723833084
  landing: 0.7950620725750923
  view-data: 3.3522002547979355
