times:
  edit-metadata: 1.3381703458726406
  landing: 0.7246899306774139
  view-data: 3.3584513664245605
