times:
  edit-metadata: 1.5086545273661613
  landing: 0.7333947047591209
  view-data: 3.515243284404278
