times:
  edit-metadata: 2.1461349949240685
  landing: 1.3379373326897621
  view-data: 3.7569724395871162
