times:
  edit-metadata: 1.4845128431916237
  landing: 0.7195790633559227
  view-data: 3.4181171283125877
