times:
  edit-metadata: 1.357888676226139
  landing: 0.7737200409173965
  view-data: 3.4331178069114685
