times:
  edit-metadata: 1.3786110393702984
  landing: 0.7097852490842342
  view-data: 3.398563180118799
