times:
  edit-metadata: 1.5093369856476784
  landing: 0.7654508128762245
  view-data: 3.4394411444664
