times:
  edit-metadata: 1.413634356111288
  landing: 0.8348855599761009
  view-data: 3.2882159128785133
