times:
  edit-metadata: 1.5143053382635117
  landing: 0.7573883906006813
  view-data: 3.5053129866719246
