times:
  edit-metadata: 1.5894658975303173
  landing: 0.7920139916241169
  view-data: 3.3275630362331867
