times:
  edit-metadata: 1.3918707072734833
  landing: 0.9640734829008579
  view-data: 3.3036452047526836
