times:
  edit-metadata: 2.0402452498674393
  landing: 1.0998514257371426
  view-data: 3.358053505420685
