times:
  edit-metadata: 1.3954622596502304
  landing: 0.7237915769219398
  view-data: 3.512900970876217
