times:
  edit-metadata: 1.4150122925639153
  landing: 0.8739487752318382
  view-data: 3.3203224912285805
