times:
  edit-metadata: 1.429310217499733
  landing: 0.7892956361174583
  view-data: 3.4483117312192917
