times:
  edit-metadata: 1.4553317874670029
  landing: 0.8498530983924866
  view-data: 3.3407250940799713
