times:
  edit-metadata: 1.4563551619648933
  landing: 0.8146728128194809
  view-data: 3.418728247284889
