times:
  edit-metadata: 1.5481539368629456
  landing: 0.8418401852250099
  view-data: 3.4529202729463577
