times:
  edit-metadata: 1.3639868646860123
  landing: 0.7322988212108612
  view-data: 3.3870499432086945
