times:
  edit-metadata: 1.7913708090782166
  landing: 1.1924151107668877
  view-data: 3.9394606053829193
