times:
  edit-metadata: 1.4061686657369137
  landing: 0.8184043616056442
  view-data: 3.2909655198454857
