times:
  edit-metadata: 1.5056775212287903
  landing: 0.8594390712678432
  view-data: 3.3618042543530464
