times:
  edit-metadata: 1.343013882637024
  landing: 0.7891259267926216
  view-data: 3.282046027481556
