times:
  edit-metadata: 1.4386528581380844
  landing: 0.7822886034846306
  view-data: 3.4945731833577156
