times:
  edit-metadata: 1.4292893633246422
  landing: 0.7408727332949638
  view-data: 3.3023765832185745
