times:
  edit-metadata: 1.456231277436018
  landing: 0.8118006959557533
  view-data: 3.2735172770917416
