times:
  edit-metadata: 1.4910617172718048
  landing: 0.7329451218247414
  view-data: 3.511366829276085
