times:
  edit-metadata: 1.4797921925783157
  landing: 1.0062344819307327
  view-data: 3.5216148421168327
