times:
  edit-metadata: 1.4886039793491364
  landing: 0.8663436770439148
  view-data: 3.3429539650678635
