times:
  edit-metadata: 1.5490220859646797
  landing: 0.7899320498108864
  view-data: 3.2843571826815605
