times:
  edit-metadata: 1.9843156561255455
  landing: 1.1727043390274048
  view-data: 3.4627013988792896
