times:
  edit-metadata: 1.515733391046524
  landing: 0.7599630877375603
  view-data: 3.3879548758268356
