times:
  edit-metadata: 1.388317510485649
  landing: 0.691520020365715
  view-data: 3.459002122282982
