times:
  edit-metadata: 1.5039870887994766
  landing: 0.8290148451924324
  view-data: 3.335616670548916
