times:
  edit-metadata: 1.4664566032588482
  landing: 1.011255282908678
  view-data: 3.3630010969936848
