times:
  edit-metadata: 1.8604318872094154
  landing: 1.0055483393371105
  view-data: 3.3572505600750446
