times:
  edit-metadata: 1.3879974707961082
  landing: 0.7501552179455757
  view-data: 3.269085519015789
