times:
  edit-metadata: 1.5457179844379425
  landing: 0.802278995513916
  view-data: 3.4997081235051155
