times:
  edit-metadata: 1.494482271373272
  landing: 0.7579289525747299
  view-data: 3.494704559445381
