times:
  edit-metadata: 1.462433934211731
  landing: 0.7483497709035873
  view-data: 3.3845024928450584
