times:
  edit-metadata: 1.4996876940131187
  landing: 0.7548444047570229
  view-data: 3.5080359503626823
