times:
  edit-metadata: 1.458064243197441
  landing: 0.823117196559906
  view-data: 3.423383444547653
