times:
  edit-metadata: 1.5295977964997292
  landing: 0.8218549117445946
  view-data: 3.523666687309742
