times:
  edit-metadata: 1.4295181147754192
  landing: 1.021903607994318
  view-data: 3.48840494453907
