times:
  edit-metadata: 1.4108756892383099
  landing: 0.8468390963971615
  view-data: 3.4321832209825516
