times:
  edit-metadata: 1.4159615524113178
  landing: 0.7111060619354248
  view-data: 3.327285010367632
