times:
  edit-metadata: 1.3884387165307999
  landing: 0.725680410861969
  view-data: 3.496727153658867
