times:
  edit-metadata: 1.8434754982590675
  landing: 0.8755178339779377
  view-data: 3.359808314591646
