times:
  edit-metadata: 1.7012791484594345
  landing: 0.7960432022809982
  view-data: 3.4353164955973625
