times:
  edit-metadata: 2.1596770957112312
  landing: 1.0944799557328224
  view-data: 3.910514958202839
