times:
  edit-metadata: 1.4179476276040077
  landing: 0.7513650581240654
  view-data: 3.4379598274827003
