times:
  edit-metadata: 1.5375969931483269
  landing: 0.8773430287837982
  view-data: 3.4541030786931515
