times:
  edit-metadata: 1.3701126351952553
  landing: 0.7528919577598572
  view-data: 3.5159050449728966
