times:
  edit-metadata: 1.4993432462215424
  landing: 0.8358933627605438
  view-data: 3.48386250436306
