times:
  edit-metadata: 1.7511893063783646
  landing: 0.8333301842212677
  view-data: 3.3698710799217224
