times:
  edit-metadata: 1.5212373286485672
  landing: 0.7805632203817368
  view-data: 3.426884852349758
