times:
  edit-metadata: 1.455054547637701
  landing: 0.809421181678772
  view-data: 3.3105763606727123
