times:
  edit-metadata: 1.3864872194826603
  landing: 0.8021858520805836
  view-data: 3.3061055094003677
