times:
  edit-metadata: 1.371339350938797
  landing: 0.7485477551817894
  view-data: 3.3171686977148056
