times:
  edit-metadata: 1.6220971196889877
  landing: 0.8620700538158417
  view-data: 3.3911731988191605
