times:
  edit-metadata: 1.434834934771061
  landing: 0.870305709540844
  view-data: 3.307152345776558
