times:
  edit-metadata: 1.4457785189151764
  landing: 0.7251373901963234
  view-data: 3.457018122076988
