times:
  edit-metadata: 1.5465941280126572
  landing: 1.1405594497919083
  view-data: 3.514240726828575
