times:
  edit-metadata: 1.4118184000253677
  landing: 0.7185468971729279
  view-data: 3.4436306804418564
