times:
  edit-metadata: 1.4043214321136475
  landing: 0.7088666036725044
  view-data: 3.405155874788761
