times:
  edit-metadata: 1.4551687203347683
  landing: 0.854414127767086
  view-data: 3.3095322512090206
