times:
  edit-metadata: 1.403732769191265
  landing: 0.9327033162117004
  view-data: 3.538909561932087
