times:
  edit-metadata: 1.35483518242836
  landing: 0.7660334780812263
  view-data: 3.440087676048279
