times:
  edit-metadata: 1.3922438472509384
  landing: 0.7492454871535301
  view-data: 3.448929361999035
