times:
  edit-metadata: 1.5825255885720253
  landing: 0.8115879148244858
  view-data: 3.3067812994122505
