times:
  edit-metadata: 1.552615761756897
  landing: 0.9888401031494141
  view-data: 3.400552362203598
