times:
  edit-metadata: 1.5341651365160942
  landing: 0.7298358008265495
  view-data: 3.4215949028730392
