times:
  edit-metadata: 2.1934559866786003
  landing: 0.9816939979791641
  view-data: 3.418811522424221
