times:
  edit-metadata: 1.2360818833112717
  landing: 0.9044593721628189
  view-data: 0.5442589595913887
