times:
  edit-metadata: 1.5062181018292904
  landing: 0.8845381997525692
  view-data: 3.320202711969614
