times:
  edit-metadata: 1.744292952120304
  landing: 0.7533435076475143
  view-data: 3.4450330436229706
