times:
  edit-metadata: 1.32837475836277
  landing: 0.7916449308395386
  view-data: 3.4988953173160553
