times:
  edit-metadata: 2.0184359960258007
  landing: 1.3057102262973785
  view-data: 3.3658102825284004
