times:
  edit-metadata: 1.4348874911665916
  landing: 0.753486841917038
  view-data: 3.5043196454644203
