times:
  edit-metadata: 1.5025233700871468
  landing: 0.9057378098368645
  view-data: 3.3306160122156143
