times:
  edit-metadata: 1.83856251090765
  landing: 1.117490291595459
  view-data: 3.376914866268635
