times:
  edit-metadata: 1.2929129898548126
  landing: 0.8168322071433067
  view-data: 3.2854818403720856
