times:
  edit-metadata: 1.3843015506863594
  landing: 0.7727355882525444
  view-data: 3.452463746070862
