times:
  edit-metadata: 1.535777986049652
  landing: 0.8818287402391434
  view-data: 3.5575072914361954
