times:
  edit-metadata: 1.393918327987194
  landing: 0.9080142006278038
  view-data: 3.5624751299619675
