times:
  edit-metadata: 1.7635402381420135
  landing: 1.4297481030225754
  view-data: 3.671846181154251
