times:
  edit-metadata: 1.4106143489480019
  landing: 0.7884733602404594
  view-data: 3.5748541727662086
