times:
  edit-metadata: 1.2051055952906609
  landing: 0.7701201662421227
  view-data: 3.5493871569633484
