times:
  edit-metadata: 1.4885027520358562
  landing: 0.7941434308886528
  view-data: 3.262689460068941
