times:
  edit-metadata: 1.3806157857179642
  landing: 0.8022904992103577
  view-data: 3.522123835980892
