times:
  edit-metadata: 1.8691547736525536
  landing: 0.940693311393261
  view-data: 3.4422453939914703
