times:
  edit-metadata: 1.526524119079113
  landing: 0.7906271666288376
  view-data: 3.5044569447636604
