times:
  edit-metadata: 1.8026400953531265
  landing: 0.9781869575381279
  view-data: 3.438053719699383
