times:
  edit-metadata: 1.3081781268119812
  landing: 0.7466059401631355
  view-data: 3.286870539188385
