times:
  edit-metadata: 1.4331393614411354
  landing: 0.8431358635425568
  view-data: 3.5198948085308075
