times:
  edit-metadata: 1.4538407772779465
  landing: 0.7230850607156754
  view-data: 3.479876548051834
