times:
  edit-metadata: 1.3674629479646683
  landing: 0.764403872191906
  view-data: 3.6110870987176895
