times:
  edit-metadata: 1.4964187070727348
  landing: 0.8614069744944572
  view-data: 3.3356876373291016
