times:
  edit-metadata: 1.1900738924741745
  landing: 0.7211550325155258
  view-data: 3.4251573607325554
