times:
  edit-metadata: 1.474682241678238
  landing: 0.8685119673609734
  view-data: 3.5499860495328903
