times:
  edit-metadata: 1.369772806763649
  landing: 0.744886539876461
  view-data: 3.5086679607629776
