times:
  edit-metadata: 1.6134675443172455
  landing: 0.7731821984052658
  view-data: 3.431512773036957
