times:
  edit-metadata: 1.486030362546444
  landing: 0.7755419574677944
  view-data: 3.7046957723796368
