times:
  edit-metadata: 1.3778193667531013
  landing: 0.7523972690105438
  view-data: 3.2716051638126373
