times:
  edit-metadata: 1.3371951468288898
  landing: 0.762954693287611
  view-data: 3.329293668270111
