times:
  edit-metadata: 1.3901265040040016
  landing: 5.7782279551029205
  view-data: 3.3177002891898155
