times:
  edit-metadata: 1.3806190565228462
  landing: 0.7769543901085854
  view-data: 3.4425196573138237
