times:
  edit-metadata: 1.356814794242382
  landing: 0.8465383127331734
  view-data: 3.5596057698130608
