times:
  edit-metadata: 1.5001411139965057
  landing: 0.7349716834723949
  view-data: 3.3886428140103817
