times:
  edit-metadata: 1.2628017142415047
  landing: 0.7647897861897945
  view-data: 3.3393252938985825
