times:
  edit-metadata: 2.929140120744705
  landing: 1.5709707140922546
  view-data: 4.034387156367302
