times:
  edit-metadata: 1.3371556475758553
  landing: 0.8520698919892311
  view-data: 3.268504373729229
