times:
  edit-metadata: 1.740626946091652
  landing: 1.0678984560072422
  view-data: 3.366352342069149
