times:
  edit-metadata: 1.9098654314875603
  landing: 1.0106985047459602
  view-data: 3.3735242411494255
