times:
  edit-metadata: 1.4476604647934437
  landing: 0.9218720607459545
  view-data: 3.336310375481844
