times:
  edit-metadata: 1.4232415817677975
  landing: 0.958490863442421
  view-data: 3.360417891293764
