times:
  edit-metadata: 1.39061414077878
  landing: 0.8462971895933151
  view-data: 3.470314498990774
