times:
  edit-metadata: 1.4958456307649612
  landing: 0.8503476232290268
  view-data: 3.2692154869437218
