times:
  edit-metadata: 1.3270531073212624
  landing: 0.9276482164859772
  view-data: 3.3266509994864464
