times:
  edit-metadata: 1.3578017130494118
  landing: 0.851925678551197
  view-data: 3.2618717215955257
