times:
  edit-metadata: 1.492787215858698
  landing: 0.9521750770509243
  view-data: 3.2951621040701866
