times:
  edit-metadata: 1.4582081362605095
  landing: 0.9269112199544907
  view-data: 3.3171252347528934
