times:
  edit-metadata: 1.2054504603147507
  landing: 0.7227411344647408
  view-data: 3.5140966922044754
