times:
  edit-metadata: 1.3769601136446
  landing: 0.9205710962414742
  view-data: 3.543760195374489
