times:
  edit-metadata: 1.3939136192202568
  landing: 0.7426603808999062
  view-data: 3.489545628428459
