times:
  edit-metadata: 1.3011570796370506
  landing: 0.7895937114953995
  view-data: 3.6179282516241074
