times:
  edit-metadata: 1.5254480317234993
  landing: 1.0040283799171448
  view-data: 3.498403877019882
