times:
  edit-metadata: 1.4489993825554848
  landing: 0.77018041908741
  view-data: 3.320321336388588
