times:
  edit-metadata: 1.52784850820899
  landing: 0.8683450743556023
  view-data: 3.396598257124424
