times:
  edit-metadata: 1.4088459759950638
  landing: 0.8100840970873833
  view-data: 3.4775760918855667
