times:
  edit-metadata: 1.226227693259716
  landing: 0.7208293750882149
  view-data: 3.2961255982518196
