times:
  edit-metadata: 1.2682259902358055
  landing: 0.7572741284966469
  view-data: 3.5580320432782173
