times:
  edit-metadata: 1.4346569776535034
  landing: 0.8196801021695137
  view-data: 3.5046765133738518
