times:
  edit-metadata: 1.3782921805977821
  landing: 0.8234880715608597
  view-data: 3.537020191550255
