times:
  edit-metadata: 1.483129397034645
  landing: 0.7054608166217804
  view-data: 3.440907083451748
