times:
  edit-metadata: 1.4036395251750946
  landing: 0.8455701842904091
  view-data: 3.4638556092977524
