times:
  edit-metadata: 1.4996030367910862
  landing: 0.7998100854456425
  view-data: 3.3179895132780075
