times:
  edit-metadata: 1.382165677845478
  landing: 0.913695253431797
  view-data: 3.479027897119522
