times:
  edit-metadata: 1.220267504453659
  landing: 0.7667981684207916
  view-data: 3.531576342880726
