times:
  edit-metadata: 2.702643647789955
  landing: 1.9527943171560764
  view-data: 3.7016287744045258
