times:
  edit-metadata: 1.5499850139021873
  landing: 0.8741156309843063
  view-data: 3.5245436802506447
