times:
  edit-metadata: 1.3586356714367867
  landing: 0.8068418093025684
  view-data: 3.2947504073381424
