times:
  edit-metadata: 1.39781254529953
  landing: 0.9392875768244267
  view-data: 3.335307765752077
