times:
  edit-metadata: 1.2735548093914986
  landing: 0.7784708812832832
  view-data: 3.3443924710154533
