times:
  edit-metadata: 1.4280848801136017
  landing: 0.7032516971230507
  view-data: 3.4669181928038597
