times:
  edit-metadata: 1.4768900871276855
  landing: 0.8336121588945389
  view-data: 3.488926537334919
