times:
  edit-metadata: 1.506377674639225
  landing: 0.760762132704258
  view-data: 3.4652686193585396
