times:
  edit-metadata: 1.35219119861722
  landing: 0.8264317438006401
  view-data: 3.2671008929610252
