times:
  edit-metadata: 1.371829442679882
  landing: 0.7380837574601173
  view-data: 3.4092376306653023
