times:
  edit-metadata: 1.465253695845604
  landing: 0.7750401496887207
  view-data: 3.5780593305826187
