times:
  edit-metadata: 1.4645067602396011
  landing: 0.7551664188504219
  view-data: 3.664384976029396
