times:
  edit-metadata: 1.7525999918580055
  landing: 0.9946423321962357
  view-data: 3.3125656992197037
