times:
  edit-metadata: 1.405286356806755
  landing: 0.715936966240406
  view-data: 3.3773769214749336
