times:
  edit-metadata: 1.4707312360405922
  landing: 0.7516628354787827
  view-data: 3.565391905605793
