times:
  edit-metadata: 1.2702566161751747
  landing: 0.7151355147361755
  view-data: 3.5498754009604454
