times:
  edit-metadata: 1.5332942232489586
  landing: 0.9822784885764122
  view-data: 3.3198293820023537
