times:
  edit-metadata: 1.4112871140241623
  landing: 0.7562563195824623
  view-data: 3.4353212267160416
