times:
  edit-metadata: 1.5323195084929466
  landing: 0.8143409006297588
  view-data: 3.2959858141839504
