times:
  edit-metadata: 1.3804726600646973
  landing: 0.7858888544142246
  view-data: 3.261633303016424
