times:
  edit-metadata: 1.4738497473299503
  landing: 0.943719532340765
  view-data: 3.310800291597843
