times:
  edit-metadata: 1.3628556057810783
  landing: 0.7491213753819466
  view-data: 3.4254240691661835
