times:
  edit-metadata: 1.3225572854280472
  landing: 0.9241181500256062
  view-data: 3.3479604944586754
