times:
  edit-metadata: 1.337918981909752
  landing: 0.7225099727511406
  view-data: 3.488352932035923
