times:
  edit-metadata: 1.354372277855873
  landing: 0.8011409044265747
  view-data: 3.2888275273144245
