times:
  edit-metadata: 1.4243452697992325
  landing: 0.7837141156196594
  view-data: 3.3411738350987434
