times:
  edit-metadata: 1.5151982009410858
  landing: 0.8471658676862717
  view-data: 3.3385284766554832
