times:
  edit-metadata: 1.2674186155200005
  landing: 0.8015669360756874
  view-data: 3.316800646483898
