times:
  edit-metadata: 1.5323181971907616
  landing: 0.8658917397260666
  view-data: 3.5417945459485054
