times:
  edit-metadata: 1.435063324868679
  landing: 0.7328680530190468
  view-data: 3.5836478546261787
