times:
  edit-metadata: 1.3120715580880642
  landing: 0.7827125862240791
  view-data: 3.3522291146218777
