times:
  edit-metadata: 1.3202534914016724
  landing: 0.8534438908100128
  view-data: 3.276242509484291
