times:
  edit-metadata: 1.2301665432751179
  landing: 0.7590373121201992
  view-data: 3.3164472691714764
