times:
  edit-metadata: 1.4131586849689484
  landing: 0.8532449677586555
  view-data: 3.3984081372618675
