times:
  edit-metadata: 1.5298359617590904
  landing: 0.731068380177021
  view-data: 3.408894844353199
