times:
  edit-metadata: 2.0794486105442047
  landing: 1.192762441933155
  view-data: 3.3902318701148033
