times:
  edit-metadata: 2.1785115338861942
  landing: 1.0085779540240765
  view-data: 3.474686838686466
