times:
  edit-metadata: 1.425574742257595
  landing: 0.803420253098011
  view-data: 3.475977472960949
