times:
  edit-metadata: 1.6961379647254944
  landing: 1.0444159135222435
  view-data: 3.359455429017544
