times:
  edit-metadata: 1.4742840304970741
  landing: 0.7714112401008606
  view-data: 3.422926753759384
