times:
  edit-metadata: 2.3349211774766445
  landing: 1.555420909076929
  view-data: 3.6704574711620808
