times:
  edit-metadata: 1.4002153128385544
  landing: 0.8562497533857822
  view-data: 3.3757311068475246
