times:
  edit-metadata: 1.3689493834972382
  landing: 0.7639546319842339
  view-data: 3.7086311727762222
