times:
  edit-metadata: 1.6603634878993034
  landing: 0.8916388303041458
  view-data: 3.344710383564234
