times:
  edit-metadata: 1.5028773248195648
  landing: 0.7776039019227028
  view-data: 3.4636400416493416
