times:
  edit-metadata: 1.578078392893076
  landing: 0.8178824968636036
  view-data: 3.34762329608202
