times:
  edit-metadata: 1.4592295959591866
  landing: 0.7153284698724747
  view-data: 3.425390399992466
