times:
  edit-metadata: 1.2802485525608063
  landing: 0.7624297738075256
  view-data: 3.26633832603693
