times:
  edit-metadata: 1.2649243399500847
  landing: 0.7825631499290466
  view-data: 3.3099674209952354
