times:
  edit-metadata: 1.407164290547371
  landing: 0.8363302648067474
  view-data: 3.2722090780735016
