times:
  edit-metadata: 1.454211287200451
  landing: 0.9446941390633583
  view-data: 3.6310088634490967
