times:
  edit-metadata: 1.5568541437387466
  landing: 0.8560960926115513
  view-data: 3.422892928123474
