times:
  edit-metadata: 1.3827420771121979
  landing: 0.9302833415567875
  view-data: 3.399786688387394
