times:
  edit-metadata: 1.427182637155056
  landing: 0.9486945271492004
  view-data: 3.5688397362828255
