times:
  edit-metadata: 1.2456407994031906
  landing: 0.796615295112133
  view-data: 3.263224020600319
