times:
  edit-metadata: 1.2437639981508255
  landing: 0.7682740539312363
  view-data: 3.4267465621232986
