times:
  edit-metadata: 1.3775473088026047
  landing: 1.068726360797882
  view-data: 3.7504120394587517
