times:
  edit-metadata: 1.329598292708397
  landing: 0.7855178862810135
  view-data: 3.460542567074299
