times:
  edit-metadata: 1.4804801270365715
  landing: 0.7683874890208244
  view-data: 3.564915753901005
