times:
  edit-metadata: 1.2657973542809486
  landing: 0.7677790150046349
  view-data: 3.5700088515877724
