times:
  edit-metadata: 1.5530551224946976
  landing: 0.767369270324707
  view-data: 3.340709112584591
