times:
  edit-metadata: 1.4002173580229282
  landing: 0.9129099547863007
  view-data: 3.327900528907776
