times:
  edit-metadata: 1.8846852965652943
  landing: 0.8354441933333874
  view-data: 3.463206000626087
