times:
  edit-metadata: 1.7528972774744034
  landing: 1.0722884386777878
  view-data: 3.3337390907108784
