times:
  edit-metadata: 1.5571772158145905
  landing: 1.0056163035333157
  view-data: 3.3622546903789043
