times:
  edit-metadata: 1.4675551913678646
  landing: 1.081071674823761
  view-data: 0.8192871585488319
