times:
  edit-metadata: 1.3823776915669441
  landing: 0.8186853229999542
  view-data: 3.6448821276426315
