times:
  edit-metadata: 1.4253318384289742
  landing: 0.8145095631480217
  view-data: 3.4924023523926735
