times:
  edit-metadata: 1.412052784115076
  landing: 0.8270858228206635
  view-data: 3.3047065921127796
