times:
  edit-metadata: 1.9864798486232758
  landing: 1.422645129263401
  view-data: 3.6492345109581947
