times:
  edit-metadata: 1.6968151032924652
  landing: 0.8206278905272484
  view-data: 3.5078674778342247
