times:
  edit-metadata: 1.3890018314123154
  landing: 0.8538221716880798
  view-data: 3.3028957918286324
