times:
  edit-metadata: 2.1689420342445374
  landing: 1.3487178832292557
  view-data: 3.6917840093374252
