times:
  edit-metadata: 1.6622727438807487
  landing: 0.7761573195457458
  view-data: 3.5338902175426483
