times:
  edit-metadata: 1.3977031856775284
  landing: 0.7906447052955627
  view-data: 3.4116788133978844
