times:
  edit-metadata: 1.3208997286856174
  landing: 0.7830772250890732
  view-data: 3.286995191127062
