times:
  edit-metadata: 1.5838899239897728
  landing: 0.9026533029973507
  view-data: 3.36051095277071
