times:
  edit-metadata: 1.3977443240582943
  landing: 0.816570833325386
  view-data: 3.337861504405737
