times:
  edit-metadata: 1.1857424303889275
  landing: 1.0292373448610306
  view-data: 3.443464331328869
