times:
  edit-metadata: 1.2866991460323334
  landing: 0.7518656440079212
  view-data: 3.243885215371847
