times:
  edit-metadata: 1.4965868592262268
  landing: 0.9932199418544769
  view-data: 3.374955266714096
