times:
  edit-metadata: 1.4487325511872768
  landing: 0.996042538434267
  view-data: 3.3145230524241924
