times:
  edit-metadata: 1.7859567180275917
  landing: 1.1369444727897644
  view-data: 3.4757309332489967
