times:
  edit-metadata: 1.7616151124238968
  landing: 1.3329551592469215
  view-data: 3.5201834812760353
