times:
  edit-metadata: 1.3996958583593369
  landing: 0.9127930775284767
  view-data: 3.364448416978121
