times:
  edit-metadata: 1.5042861700057983
  landing: 0.7411615401506424
  view-data: 3.5381489619612694
