times:
  edit-metadata: 1.3037628158926964
  landing: 0.794969879090786
  view-data: 3.331034302711487
