times:
  edit-metadata: 1.5562410317361355
  landing: 1.008661337196827
  view-data: 3.3252378925681114
