times:
  edit-metadata: 1.3138468749821186
  landing: 0.754757359623909
  view-data: 3.3343661166727543
