times:
  edit-metadata: 1.4193340428173542
  landing: 0.8754772916436195
  view-data: 3.271498069167137
