times:
  edit-metadata: 1.3793193884193897
  landing: 0.7803257331252098
  view-data: 3.2785964608192444
