times:
  edit-metadata: 1.3281506299972534
  landing: 0.7615675777196884
  view-data: 3.272887848317623
