times:
  edit-metadata: 1.3265377134084702
  landing: 0.8204246982932091
  view-data: 3.4979473128914833
