times:
  edit-metadata: 1.451522558927536
  landing: 0.7751156389713287
  view-data: 3.407439209520817
