times:
  edit-metadata: 1.4213590919971466
  landing: 0.8208386227488518
  view-data: 3.3211796581745148
