times:
  edit-metadata: 1.3278129398822784
  landing: 0.9448036216199398
  view-data: 3.2732998840510845
