times:
  edit-metadata: 1.45472427085042
  landing: 0.7850183509290218
  view-data: 3.262844480574131
