times:
  edit-metadata: 1.5746308043599129
  landing: 0.8516674414277077
  view-data: 3.4211789071559906
