times:
  edit-metadata: 1.497010163962841
  landing: 0.8850413933396339
  view-data: 3.5393370613455772
