times:
  edit-metadata: 1.5081285163760185
  landing: 0.7699966877698898
  view-data: 3.5281174033880234
