times:
  edit-metadata: 1.7127821296453476
  landing: 0.9385156109929085
  view-data: 3.4192503169178963
