times:
  edit-metadata: 1.451689213514328
  landing: 0.8643837757408619
  view-data: 3.310585640370846
