times:
  edit-metadata: 2.3332040049135685
  landing: 1.4101377241313457
  view-data: 3.5182655826210976
