times:
  edit-metadata: 1.3861889690160751
  landing: 0.7564278468489647
  view-data: 3.488104321062565
