times:
  edit-metadata: 1.4455489292740822
  landing: 0.898774579167366
  view-data: 3.479062534868717
