times:
  edit-metadata: 1.4185335040092468
  landing: 0.9015094116330147
  view-data: 3.450222246348858
