times:
  edit-metadata: 1.350739672780037
  landing: 0.7676625698804855
  view-data: 3.3126141391694546
