times:
  edit-metadata: 1.3930510208010674
  landing: 0.9168177470564842
  view-data: 3.4654581397771835
