times:
  edit-metadata: 1.583335041999817
  landing: 0.910569854080677
  view-data: 3.3405683785676956
