times:
  edit-metadata: 1.6302521154284477
  landing: 1.062090840190649
  view-data: 3.297146189957857
