times:
  edit-metadata: 1.3087032437324524
  landing: 0.7798680737614632
  view-data: 3.304081380367279
