times:
  edit-metadata: 1.3516648933291435
  landing: 0.9235541261732578
  view-data: 3.3489213213324547
