times:
  edit-metadata: 1.5412718877196312
  landing: 0.808716244995594
  view-data: 3.4810281321406364
