times:
  edit-metadata: 1.3360405191779137
  landing: 0.7994206286966801
  view-data: 3.3200278505682945
