times:
  edit-metadata: 1.3829025365412235
  landing: 0.7768510244786739
  view-data: 3.2756341621279716
