times:
  edit-metadata: 1.4002430588006973
  landing: 0.8539347350597382
  view-data: 3.5369135290384293
