times:
  edit-metadata: 1.4227021932601929
  landing: 0.7719232589006424
  view-data: 3.4049706161022186
