times:
  edit-metadata: 1.6563000902533531
  landing: 0.9358690604567528
  view-data: 3.3219959512352943
