times:
  edit-metadata: 1.2595350444316864
  landing: 0.9067878872156143
  view-data: 3.453385077416897
