times:
  edit-metadata: 1.590832594782114
  landing: 0.992095235735178
  view-data: 3.30969700217247
