times:
  edit-metadata: 1.4243859946727753
  landing: 0.8683562725782394
  view-data: 3.2975281961262226
