times:
  edit-metadata: 1.4362291917204857
  landing: 0.9265358000993729
  view-data: 3.3331469781696796
