times:
  edit-metadata: 1.450754553079605
  landing: 0.7908454537391663
  view-data: 3.5583184584975243
