times:
  edit-metadata: 1.3789780251681805
  landing: 0.9021550491452217
  view-data: 3.2849588617682457
