times:
  edit-metadata: 1.5942489728331566
  landing: 0.8554681874811649
  view-data: 3.318985242396593
