times:
  edit-metadata: 1.535376898944378
  landing: 0.9191764816641808
  view-data: 3.478419318795204
