times:
  edit-metadata: 1.4384034723043442
  landing: 0.808580256998539
  view-data: 3.503187321126461
