times:
  edit-metadata: 2.022864628583193
  landing: 0.9959381781518459
  view-data: 3.638533364981413
