times:
  edit-metadata: 1.4660077467560768
  landing: 0.7988021820783615
  view-data: 3.2919143736362457
