times:
  edit-metadata: 1.3546712920069695
  landing: 0.7973707318305969
  view-data: 3.4631360545754433
