times:
  edit-metadata: 1.41400246322155
  landing: 0.804920881986618
  view-data: 3.2781958878040314
