times:
  edit-metadata: 1.8215886875987053
  landing: 1.041640855371952
  view-data: 3.301837772130966
