times:
  edit-metadata: 1.3453647382557392
  landing: 0.8270951025187969
  view-data: 3.2898006439208984
