times:
  edit-metadata: 1.2032708451151848
  landing: 0.8427909910678864
  view-data: 3.44077318161726
