times:
  edit-metadata: 1.4782688617706299
  landing: 0.8278627321124077
  view-data: 3.494734898209572
