times:
  edit-metadata: 1.409899689257145
  landing: 0.7898933663964272
  view-data: 3.4277326613664627
