times:
  edit-metadata: 1.3983524069190025
  landing: 0.790600124746561
  view-data: 3.3470247462391853
