times:
  edit-metadata: 1.4902854412794113
  landing: 0.8795247673988342
  view-data: 3.3148730024695396
