times:
  edit-metadata: 1.392780177295208
  landing: 0.8595675453543663
  view-data: 3.511581636965275
