times:
  edit-metadata: 1.3719496428966522
  landing: 0.784976664930582
  view-data: 3.281805671751499
