times:
  edit-metadata: 1.731622964143753
  landing: 1.107778586447239
  view-data: 3.641651928424835
