times:
  edit-metadata: 1.6315318793058395
  landing: 0.7920367121696472
  view-data: 3.9419374614953995
