times:
  edit-metadata: 1.4815910458564758
  landing: 0.9782120585441589
  view-data: 3.479069836437702
