times:
  edit-metadata: 1.6166806742548943
  landing: 1.0724513679742813
  view-data: 3.3638102747499943
