times:
  edit-metadata: 1.33695337921381
  landing: 0.7884526923298836
  view-data: 3.512053430080414
