times:
  edit-metadata: 1.5456621833145618
  landing: 1.064419947564602
  view-data: 3.4193805791437626
