times:
  edit-metadata: 1.370681032538414
  landing: 0.7631845027208328
  view-data: 3.3953899145126343
