times:
  edit-metadata: 1.3730114996433258
  landing: 0.8671409785747528
  view-data: 3.3936550319194794
