times:
  edit-metadata: 1.4516181088984013
  landing: 0.8454962000250816
  view-data: 3.2957274056971073
