times:
  edit-metadata: 1.4574990831315517
  landing: 0.9140383265912533
  view-data: 3.300020407885313
