times:
  edit-metadata: 1.4232249334454536
  landing: 0.7748438194394112
  view-data: 3.3873680755496025
