times:
  edit-metadata: 1.3776939064264297
  landing: 0.8844317719340324
  view-data: 3.4302999302744865
