times:
  edit-metadata: 2.908310130238533
  landing: 2.005869910120964
  view-data: 3.986979492008686
