times:
  edit-metadata: 1.375432014465332
  landing: 0.6973355486989021
  view-data: 3.327294133603573
