times:
  edit-metadata: 1.5604787468910217
  landing: 1.1045238561928272
  view-data: 3.334574542939663
