times:
  edit-metadata: 1.4926556572318077
  landing: 0.9285712763667107
  view-data: 3.531013712286949
