times:
  edit-metadata: 1.4481902718544006
  landing: 1.0584618858993053
  view-data: 3.4164129868149757
