times:
  edit-metadata: 1.3966930136084557
  landing: 0.7884708046913147
  view-data: 3.4406701624393463
