times:
  edit-metadata: 1.4832454547286034
  landing: 0.7719008326530457
  view-data: 3.320902019739151
