times:
  edit-metadata: 1.5329295545816422
  landing: 1.035838045179844
  view-data: 3.329403392970562
