times:
  edit-metadata: 1.480214912444353
  landing: 0.8486249893903732
  view-data: 3.2712923251092434
