times:
  edit-metadata: 1.3169994503259659
  landing: 0.7058848664164543
  view-data: 3.4200746342539787
