times:
  edit-metadata: 1.3535256870090961
  landing: 0.8751171603798866
  view-data: 0.6225945055484772
