times:
  edit-metadata: 1.936326339840889
  landing: 0.8921287506818771
  view-data: 3.5201948806643486
