times:
  edit-metadata: 1.593751423060894
  landing: 0.8686161935329437
  view-data: 3.394717752933502
