times:
  edit-metadata: 1.8348052874207497
  landing: 1.2051106691360474
  view-data: 3.771124504506588
