times:
  edit-metadata: 1.4015919342637062
  landing: 0.8339526131749153
  view-data: 3.5751309543848038
