times:
  edit-metadata: 1.319859966635704
  landing: 0.7594531774520874
  view-data: 3.3850392252206802
