times:
  edit-metadata: 1.5011440068483353
  landing: 0.8214934766292572
  view-data: 3.451596572995186
