times:
  edit-metadata: 1.3541359081864357
  landing: 0.796383909881115
  view-data: 3.4484877958893776
