times:
  edit-metadata: 1.8006615340709686
  landing: 0.8443119004368782
  view-data: 3.34403632581234
