times:
  edit-metadata: 1.9101613089442253
  landing: 1.4400711208581924
  view-data: 3.7309055030345917
