times:
  edit-metadata: 1.4506668597459793
  landing: 0.7580230012536049
  view-data: 3.412193715572357
