times:
  edit-metadata: 1.51211953535676
  landing: 0.8079850561916828
  view-data: 3.3423314578831196
