times:
  edit-metadata: 1.4218372479081154
  landing: 0.8819818943738937
  view-data: 3.4918397702276707
