times:
  edit-metadata: 1.4512872025370598
  landing: 0.8335938677191734
  view-data: 3.548044838011265
