times:
  edit-metadata: 1.6489149406552315
  landing: 1.115389559417963
  view-data: 3.3051726445555687
