times:
  edit-metadata: 1.319843776524067
  landing: 0.8081160560250282
  view-data: 3.343286022543907
