times:
  edit-metadata: 1.4336095117032528
  landing: 0.8320796936750412
  view-data: 3.2999313548207283
