times:
  edit-metadata: 2.4017644599080086
  landing: 1.9399557560682297
  view-data: 3.8174858167767525
