times:
  edit-metadata: 1.6847233474254608
  landing: 3.6030819565057755
  view-data: 3.349010080099106
