times:
  edit-metadata: 1.451027773320675
  landing: 1.0012890994548798
  view-data: 3.2743843272328377
