times:
  edit-metadata: 1.5094144344329834
  landing: 0.9640202820301056
  view-data: 3.4612970426678658
