times:
  edit-metadata: 1.6938474103808403
  landing: 0.8881868496537209
  view-data: 3.331998184323311
