times:
  edit-metadata: 2.0207678750157356
  landing: 1.2520001903176308
  view-data: 3.3730727024376392
