times:
  edit-metadata: 1.3642113246023655
  landing: 0.8554706387221813
  view-data: 3.285319123417139
