times:
  edit-metadata: 1.686790157109499
  landing: 0.7965587116777897
  view-data: 3.342625956982374
