times:
  edit-metadata: 1.5972254574298859
  landing: 1.0573454946279526
  view-data: 3.3342880457639694
