times:
  edit-metadata: 1.4883057102560997
  landing: 0.8897196725010872
  view-data: 3.5281316563487053
