times:
  edit-metadata: 1.5922276452183723
  landing: 0.8866119533777237
  view-data: 3.412197582423687
