times:
  edit-metadata: 1.5380969792604446
  landing: 0.8883730843663216
  view-data: 3.4449155628681183
