times:
  edit-metadata: 1.3565997444093227
  landing: 0.8315295614302158
  view-data: 3.3134200051426888
