times:
  edit-metadata: 1.8860970512032509
  landing: 1.0287239253520966
  view-data: 3.325064033269882
