times:
  edit-metadata: 1.4556070305407047
  landing: 1.3508142903447151
  view-data: 3.2847111895680428
