times:
  edit-metadata: 1.4968933537602425
  landing: 0.7736356034874916
  view-data: 3.4663360342383385
