times:
  edit-metadata: 1.538401447236538
  landing: 0.9603738933801651
  view-data: 3.3169658482074738
