times:
  edit-metadata: 1.4980583190917969
  landing: 0.8931350708007812
  view-data: 3.536486439406872
