times:
  edit-metadata: 1.4349510036408901
  landing: 0.8159849755465984
  view-data: 3.2796207815408707
