times:
  edit-metadata: 1.3656379133462906
  landing: 0.9114873483777046
  view-data: 3.462094232439995
