times:
  edit-metadata: 1.4812218956649303
  landing: 0.9013586528599262
  view-data: 3.633300054818392
