times:
  edit-metadata: 2.168155014514923
  landing: 1.2562116459012032
  view-data: 3.782331421971321
