times:
  edit-metadata: 1.3571877516806126
  landing: 0.7843484804034233
  view-data: 3.312426023185253
