times:
  edit-metadata: 1.6335638836026192
  landing: 0.7785748168826103
  view-data: 3.4162776097655296
