times:
  edit-metadata: 1.3858574852347374
  landing: 0.7932083532214165
  view-data: 3.4101342633366585
