times:
  edit-metadata: 1.4984661042690277
  landing: 1.1035565361380577
  view-data: 3.296763703227043
