times:
  edit-metadata: 1.5476378723978996
  landing: 0.8167615756392479
  view-data: 3.3667320907115936
