times:
  edit-metadata: 1.2471284680068493
  landing: 0.9043694697320461
  view-data: 3.262878891080618
