times:
  edit-metadata: 1.3256935849785805
  landing: 0.8410255908966064
  view-data: 3.3843953758478165
