times:
  edit-metadata: 1.5221096575260162
  landing: 0.8402385637164116
  view-data: 3.3233480490744114
