times:
  edit-metadata: 1.4249624386429787
  landing: 0.7752767615020275
  view-data: 3.3313110284507275
