times:
  edit-metadata: 1.3446536511182785
  landing: 0.8894140049815178
  view-data: 3.3559965789318085
