times:
  edit-metadata: 1.4633975997567177
  landing: 0.8457438573241234
  view-data: 3.4044498205184937
