times:
  edit-metadata: 1.418907143175602
  landing: 0.8649231158196926
  view-data: 3.3713002875447273
