times:
  edit-metadata: 1.4077821373939514
  landing: 0.9020446836948395
  view-data: 3.4337322637438774
