times:
  edit-metadata: 1.491587545722723
  landing: 1.034865740686655
  view-data: 3.3299444764852524
