times:
  edit-metadata: 1.4494514018297195
  landing: 0.7816710919141769
  view-data: 3.3424600809812546
