times:
  edit-metadata: 1.3991907984018326
  landing: 0.8620654493570328
  view-data: 3.4373796582221985
