times:
  edit-metadata: 1.7655952535569668
  landing: 0.9467627704143524
  view-data: 3.3503769375383854
