times:
  edit-metadata: 1.3771936371922493
  landing: 0.7450950182974339
  view-data: 3.285551145672798
