times:
  edit-metadata: 1.4132372066378593
  landing: 0.7968221753835678
  view-data: 3.2677522972226143
