times:
  edit-metadata: 1.4131099954247475
  landing: 0.7476684339344501
  view-data: 3.3223712481558323
