times:
  edit-metadata: 1.45139579474926
  landing: 0.8363769724965096
  view-data: 3.537661649286747
