times:
  edit-metadata: 1.4336021468043327
  landing: 0.9478223398327827
  view-data: 3.511643186211586
