times:
  edit-metadata: 1.636214718222618
  landing: 1.0792321562767029
  view-data: 3.3755130916833878
