times:
  edit-metadata: 1.3819955885410309
  landing: 1.0230259597301483
  view-data: 3.446457900106907
