times:
  edit-metadata: 1.435250163078308
  landing: 0.8662145510315895
  view-data: 3.3878563940525055
