times:
  edit-metadata: 1.4273952692747116
  landing: 0.7576378881931305
  view-data: 3.458870477974415
