times:
  edit-metadata: 1.4682972729206085
  landing: 1.0006362423300743
  view-data: 3.46730550378561
