times:
  edit-metadata: 1.4205606877803802
  landing: 0.7740208506584167
  view-data: 3.485100284218788
