times:
  edit-metadata: 1.387243777513504
  landing: 0.7702971249818802
  view-data: 3.3377256020903587
