times:
  edit-metadata: 1.5188188292086124
  landing: 0.9832034222781658
  view-data: 3.3332235887646675
