times:
  edit-metadata: 1.428374469280243
  landing: 0.748102743178606
  view-data: 3.2751449048519135
