times:
  edit-metadata: 1.4437975697219372
  landing: 0.7706888318061829
  view-data: 3.2701882049441338
