times:
  edit-metadata: 1.4523866400122643
  landing: 0.8930303193628788
  view-data: 3.329312238842249
