times:
  edit-metadata: 1.4015272706747055
  landing: 0.7872573211789131
  view-data: 3.3157027512788773
