times:
  edit-metadata: 1.3416278213262558
  landing: 0.7743818983435631
  view-data: 3.4551450684666634
