times:
  edit-metadata: 1.5880761072039604
  landing: 1.0000243186950684
  view-data: 3.374744914472103
