times:
  edit-metadata: 1.3644013702869415
  landing: 0.8440877944231033
  view-data: 3.5051124170422554
