times:
  edit-metadata: 1.4235978424549103
  landing: 0.7571242712438107
  view-data: 3.2972199581563473
