times:
  edit-metadata: 1.4038044810295105
  landing: 0.9627228602766991
  view-data: 3.3979056924581528
