times:
  edit-metadata: 1.5611218698322773
  landing: 1.1078231669962406
  view-data: 3.359685357660055
