times:
  edit-metadata: 1.37857486307621
  landing: 1.0142900124192238
  view-data: 3.471133276820183
