times:
  edit-metadata: 1.421164806932211
  landing: 0.7481539025902748
  view-data: 3.306833639740944
