times:
  edit-metadata: 1.366499625146389
  landing: 0.7776688262820244
  view-data: 3.348490383476019
