times:
  landing: 1.0797342519999802
  view-data: 0.5570571640000139
