times:
  landing: 1.077588693999985
  view-data: 0.5565505050000183
