times:
  landing: 1.5911479979999967
  view-data: 0.5553953770000248
