times:
  landing: 1.0729691609999463
  view-data: 0.5614939239999899
