times:
  landing: 0.5541808899999978
  view-data: 0.5592466809999905
