times:
  landing: 1.0637887540000293
  view-data: 0.5464509299999918
