times:
  landing: 0.5603883730000234
  view-data: 0.5712510230000021
