times:
  landing: 0.5537242460000016
  view-data: 0.5637342320000016
