times:
  landing: 0.556830648000016
  view-data: 0.5608786519999853
