times:
  landing: 0.550169947000029
  view-data: 0.5565386009999997
