times:
  landing: 0.5555788899999925
  view-data: 0.554029198999956
