times:
  landing: 0.5522406519999663
  view-data: 0.5637175570000181
