times:
  landing: 1.06744470000001
  view-data: 0.5533624539999664
