times:
  landing: 1.072561625999981
  view-data: 0.558641734000048
