times:
  landing: 0.56740721999995
  view-data: 0.5671783180000034
