times:
  landing: 1.073162008000054
  view-data: 0.5638426900000013
