times:
  landing: 0.5521982089999824
  view-data: 0.5585731990000227
