times:
  landing: 1.0851663190000522
  view-data: 0.5596683060000487
