times:
  landing: 0.5412963009999885
  view-data: 0.5434053310000309
