times:
  landing: 0.5562705270000379
  view-data: 0.5553217340000174
