times:
  landing: 0.5596639070000151
  view-data: 0.5598179169999753
