times:
  landing: 1.0713163940000072
  view-data: 0.5578806739999891
