times:
  landing: 0.5548367040000244
  view-data: 0.5570139190000418
