times:
  landing: 0.5532976349999785
  view-data: 0.5579420619999951
