times:
  landing: 0.5473310580000543
  view-data: 0.5498447099998884
