times:
  landing: 1.0748104619999594
  view-data: 0.5567978500000095
