times:
  landing: 0.5426598250000438
  view-data: 0.5498337289999995
