times:
  landing: 0.5567991040000493
  view-data: 0.5590843169999857
