times:
  landing: 0.5525055019999741
  view-data: 0.562113461000024
