times:
  landing: 0.5580382080000277
  view-data: 0.5638044579999928
