times:
  landing: 1.0694718479999779
  view-data: 0.5543749049999747
