times:
  landing: 1.0709233599999948
  view-data: 0.5553783169999633
