times:
  landing: 0.5593463589999601
  view-data: 0.5600569590000077
