times:
  landing: 0.5499882020000086
  view-data: 0.5604211969999824
