times:
  landing: 1.074278726999978
  view-data: 0.5598083410000072
