times:
  landing: 0.5597984109999743
  view-data: 0.5616659400000117
