times:
  landing: 1.0789276350000137
  view-data: 0.5509035960000119
