times:
  landing: 0.5525502739999979
  view-data: 0.5565934840000182
