times:
  landing: 0.561923816999979
  view-data: 0.5670522799999844
