times:
  landing: 0.5448295989999679
  view-data: 0.5468573229999834
