times:
  landing: 0.5491665139999782
  view-data: 0.5470461319999913
