times:
  landing: 0.5537801780000109
  view-data: 0.5597369149999736
