times:
  landing: 0.5539230580000094
  view-data: 0.5546443069999896
