times:
  landing: 0.5548551790000147
  view-data: 0.5783851780000191
