times:
  landing: 1.071643311999992
  view-data: 0.5560822580000604
