times:
  landing: 0.5522757350000234
  view-data: 0.5582957070000134
