times:
  edit-metadata: 1.402725663036108
  landing: 0.20015237852931023
  view-data: 0.4049265328794718
