times:
  edit-metadata: 0.5343584390357137
  landing: 0.06294278893619776
  view-data: 0.21805693488568068
