times:
  edit-metadata: 1.488490279763937
  landing: 0.8628017529845238
  view-data: 3.3318532034754753
