times:
  landing: 0.5419279970000161
  view-data: 0.5424077040000839
