times:
  edit-metadata: 0.41787083400413394
  landing: 0.061071372823789716
  view-data: 0.3329071549233049
