times:
  landing: 0.5538699779999661
  view-data: 0.5597387099999764
