times:
  edit-metadata: 1.5102537143975496
  landing: 0.25121221505105495
  view-data: 0.5105879679322243
