times:
  edit-metadata: 1.8619937039911747
  landing: 1.1391081660985947
  view-data: 3.3930275849997997
