times:
  edit-metadata: 0.4660597653128207
  landing: 0.056991263292729855
  view-data: 0.2016682866960764
