times:
  landing: 1.1325290889944881
  view-data: 0.5503441598266363
