times:
  edit-metadata: 1.2481217198073864
  landing: 0.8738975152373314
  view-data: 3.472818221896887
