times:
  edit-metadata: 0.6068820720538497
  landing: 0.04528238298371434
  view-data: 0.19308527489192784
