times:
  edit-metadata: 1.431005435064435
  landing: 0.8694448424503207
  view-data: 0.5805090293288231
