times:
  edit-metadata: 1.2496348805725574
  landing: 0.7691354621201754
  view-data: 0.9124021045863628
