times:
  edit-metadata: 1.359806627035141
  landing: 0.020642215386033058
  view-data: 0.5775126367807388
