times:
  edit-metadata: 0.4473153157159686
  landing: 0.07095646858215332
  view-data: 0.21882852166891098
