times:
  landing: 1.0985329090000278
  view-data: 0.5612953510000125
