times:
  edit-metadata: 1.448388647288084
  landing: 0.9371560961008072
  view-data: 3.3270134441554546
