times:
  edit-metadata: 1.3617085861042142
  landing: 0.019991153851151466
  view-data: 0.4006110019981861
