times:
  edit-metadata: 0.6051413919776678
  landing: 0.050790986977517605
  view-data: 0.19518008106388152
