times:
  edit-metadata: 1.41986264847219
  landing: 0.9057497838512063
  view-data: 3.416315147653222
