times:
  edit-metadata: 0.49776601092889905
  landing: 0.06411390192806721
  view-data: 0.20465730084106326
