times:
  edit-metadata: 0.5973081779666245
  landing: 0.04781804792582989
  view-data: 0.22735578496940434
