times:
  landing: 1.0628943140000047
  view-data: 0.5504989629999955
