times:
  edit-metadata: 0.492128100246191
  landing: 0.051037780940532684
  view-data: 0.193875003606081
