times:
  edit-metadata: 1.5965699180960655
  landing: 0.9042620584368706
  view-data: 3.3731451258063316
