times:
  edit-metadata: 1.4942910596728325
  landing: 0.25807653926312923
  view-data: 0.03019731491804123
