times:
  edit-metadata: 0.6270810880232602
  landing: 0.050058142049238086
  view-data: 0.1931681060232222
