times:
  landing: 0.5556158650000498
  view-data: 0.5549712609999915
