times:
  landing: 1.0705315459999838
  view-data: 0.554328307999981
