times:
  edit-metadata: 1.3436073027551174
  landing: 0.19423358421772718
  view-data: 0.1225593900308013
