times:
  edit-metadata: 1.3183177756145597
  landing: 0.1214880533516407
  view-data: 0.43122346978634596
