times:
  edit-metadata: 1.4891288541257381
  landing: 0.4092428386211395
  view-data: 0.6161505356431007
