times:
  edit-metadata: 1.5336739160120487
  landing: 0.7737448997795582
  view-data: 0.5964706279337406
