times:
  edit-metadata: 1.560172425583005
  landing: 0.19728840701282024
  view-data: 0.02371685579419136
