times:
  edit-metadata: 0.5743234560359269
  landing: 0.03823984297923744
  view-data: 0.17966369399800897
