times:
  landing: 0.5514222840000116
  view-data: 0.5555539130000113
