times:
  edit-metadata: 1.419833267107606
  landing: 0.021330835297703743
  view-data: 0.02567603625357151
