times:
  edit-metadata: 0.590900270268321
  landing: 0.7016455810517073
  view-data: 0.5462690480053425
