times:
  landing: 0.5486855789999936
  view-data: 0.554536215999974
