times:
  edit-metadata: 0.5757811367511749
  landing: 0.7215178478509188
  view-data: 0.20009761303663254
