times:
  edit-metadata: 1.3836866170167923
  landing: 0.2003700528293848
  view-data: 0.43809093721210957
