times:
  edit-metadata: 0.4490336920134723
  landing: 0.050516335759311914
  view-data: 0.22611454501748085
