times:
  edit-metadata: 1.608796700835228
  landing: 0.2776526492089033
  view-data: 0.48561181500554085
