times:
  edit-metadata: 1.4688677098602057
  landing: 0.023065103217959404
  view-data: 0.4485349487513304
