times:
  edit-metadata: 1.458584275096655
  landing: 0.7351889908313751
  view-data: 3.3215787671506405
