times:
  edit-metadata: 1.3385891113430262
  landing: 0.1292667891830206
  view-data: 0.02461264282464981
