times:
  edit-metadata: 0.5955038210377097
  landing: 0.05113121308386326
  view-data: 0.30702282418496907
