times:
  edit-metadata: 0.433476849924773
  landing: 0.0605727001093328
  view-data: 0.31780958781018853
