times:
  landing: 0.5910259669999505
  view-data: 0.5740067670000144
