times:
  edit-metadata: 1.3816853668540716
  landing: 0.020621392875909805
  view-data: 0.09772047866135836
