times:
  edit-metadata: 0.9126408730003277
  landing: 0.13451033699993786
  view-data: 0.3330207250000967
