times:
  edit-metadata: 0.627718728967011
  landing: 0.05077909689862281
  view-data: 0.2047219560481608
