times:
  edit-metadata: 0.5174061488360167
  landing: 0.8816876355558634
  view-data: 0.3390061464160681
