times:
  edit-metadata: 1.3406652975827456
  landing: 0.14502758998423815
  view-data: 0.4991177013143897
