times:
  edit-metadata: 1.4936076514422894
  landing: 0.7634855452924967
  view-data: 0.6454641409218311
