times:
  edit-metadata: 0.5395188201218843
  landing: 0.6435096804052591
  view-data: 0.1915940921753645
