times:
  edit-metadata: 1.3406096827238798
  landing: 0.15323923341929913
  view-data: 0.12074379529803991
