times:
  edit-metadata: 0.4156996957026422
  landing: 0.059641077648848295
  view-data: 0.34658194007351995
