times:
  edit-metadata: 0.6540349539136514
  landing: 0.06657837401144207
  view-data: 0.22584568604361266
