times:
  landing: 0.5461042999999677
  view-data: 0.5544809130000203
