times:
  edit-metadata: 1.3693485409021378
  landing: 0.020789670757949352
  view-data: 0.2375204162672162
