times:
  edit-metadata: 1.6429880894720554
  landing: 1.0242809224873781
  view-data: 0.8035836983472109
