times:
  edit-metadata: 0.5434350147843361
  landing: 0.04473893344402313
  view-data: 0.19260181486606598
