times:
  landing: 0.5588947630000121
  view-data: 0.5536791170000015
