times:
  edit-metadata: 0.45987304393202066
  landing: 0.04567008372396231
  view-data: 0.21580601576715708
