times:
  edit-metadata: 0.7007936459849589
  landing: 0.07384877401636913
  view-data: 0.19716911297291517
