times:
  edit-metadata: 1.3747504688799381
  landing: 0.022070569917559624
  view-data: 0.4486407320946455
