times:
  edit-metadata: 1.3508390448987484
  landing: 0.18766417726874352
  view-data: 0.023066043853759766
