times:
  edit-metadata: 1.4726297995075583
  landing: 0.1423055985942483
  view-data: 0.1164981909096241
