times:
  edit-metadata: 0.4208740731701255
  landing: 0.06800002418458462
  view-data: 0.3136072070337832
