times:
  edit-metadata: 1.3255292475223541
  landing: 0.025472452864050865
  view-data: 0.02550169825553894
