times:
  edit-metadata: 1.3559613656252623
  landing: 0.02113234903663397
  view-data: 0.028938734903931618
