times:
  edit-metadata: 0.614678658079356
  landing: 0.049805521965026855
  view-data: 0.1936609190888703
