times:
  landing: 1.0820873609999353
  view-data: 0.5608524689999967
