times:
  edit-metadata: 0.518968103453517
  landing: 0.6168913841247559
  view-data: 0.17844085209071636
