times:
  edit-metadata: 0.5858597429469228
  landing: 0.04626585799269378
  view-data: 0.19921733299270272
