times:
  landing: 1.0667940469999735
  view-data: 0.550033591999977
