times:
  edit-metadata: 1.3145422860980034
  landing: 0.11877805087715387
  view-data: 0.19062666967511177
