times:
  edit-metadata: 1.6008307132869959
  landing: 0.1325353942811489
  view-data: 0.3530672397464514
