times:
  edit-metadata: 1.5547283962368965
  landing: 1.0740534216165543
  view-data: 3.3343164548277855
