times:
  edit-metadata: 0.4659702009521425
  landing: 0.059244094882160425
  view-data: 0.4631794870365411
