times:
  edit-metadata: 0.5289176348596811
  landing: 0.6094982251524925
  view-data: 0.41441287472844124
