times:
  edit-metadata: 0.49648270290344954
  landing: 0.11300062714144588
  view-data: 0.30061093904078007
