times:
  edit-metadata: 1.4536341889761388
  landing: 0.09194111218675971
  view-data: 0.22169606387615204
