times:
  landing: 0.5521029579999777
  view-data: 0.5564030040000034
