times:
  edit-metadata: 1.3647435959428549
  landing: 0.02130718342959881
  view-data: 0.10119111090898514
