times:
  landing: 1.0697619709999913
  view-data: 0.5573319730000321
