times:
  edit-metadata: 1.4435399565845728
  landing: 0.6832679715007544
  view-data: 0.6103104148060083
