times:
  edit-metadata: 0.4167796880938113
  landing: 0.06368254986591637
  view-data: 0.3340442969929427
