times:
  edit-metadata: 1.3835427649319172
  landing: 0.9736688509583473
  view-data: 3.645678211003542
