times:
  landing: 0.5424464479999642
  view-data: 0.5473614969999971
