times:
  landing: 1.0661271809999562
  view-data: 0.5514617840000255
