times:
  edit-metadata: 0.5405757129192352
  landing: 0.6471217591315508
  view-data: 0.2991320602595806
