times:
  edit-metadata: 0.5912371169542894
  landing: 0.04888257698621601
  view-data: 0.1906590659637004
