times:
  edit-metadata: 0.45190947130322456
  landing: 0.05254177376627922
  view-data: 0.20111975632607937
