times:
  edit-metadata: 0.4198499069971149
  landing: 0.07116259400208946
  view-data: 0.3414352179970592
