times:
  edit-metadata: 0.4599449774250388
  landing: 0.04885697644203901
  view-data: 0.3466211725026369
