times:
  landing: 0.550569854999992
  view-data: 0.5606845350000071
