times:
  landing: 1.070650970000031
  view-data: 0.5546967789999826
