times:
  edit-metadata: 0.5877065170789137
  landing: 0.05039460607804358
  view-data: 0.17729815293569118
