times:
  edit-metadata: 0.4812129749916494
  landing: 0.0734576852992177
  view-data: 0.34641159093007445
