times:
  edit-metadata: 1.8183867745101452
  landing: 0.8534745499491692
  view-data: 0.6657555736601353
