times:
  edit-metadata: 1.3860455639660358
  landing: 0.21518035605549812
  view-data: 0.02353491261601448
