times:
  landing: 1.1426567620000014
  view-data: 0.5609225500000434
