times:
  edit-metadata: 0.5320608727633953
  landing: 0.05086101219058037
  view-data: 0.1930648349225521
