times:
  edit-metadata: 0.5231950031593442
  landing: 0.04577447986230254
  view-data: 0.2499468419700861
