times:
  edit-metadata: 1.3267182239796966
  landing: 0.7837642279919237
  view-data: 0.5983336759964004
