times:
  edit-metadata: 2.422846280038357
  landing: 1.0532244592905045
  view-data: 3.436226435005665
