times:
  edit-metadata: 1.3753172345459461
  landing: 0.11498908512294292
  view-data: 0.0237520569935441
