times:
  edit-metadata: 1.3578772405162454
  landing: 0.21685068029910326
  view-data: 0.3981264168396592
