times:
  edit-metadata: 1.2831960273906589
  landing: 0.15146654658019543
  view-data: 0.24575748667120934
