times:
  edit-metadata: 1.3631539437919855
  landing: 0.0199604295194149
  view-data: 0.1406516693532467
