times:
  landing: 0.5626968820000116
  view-data: 0.570081775999995
