times:
  edit-metadata: 1.3612430486828089
  landing: 0.0193606773391366
  view-data: 0.4089345671236515
