times:
  landing: 0.5534628130000101
  view-data: 0.5616783130000158
