times:
  edit-metadata: 0.5700909625738859
  landing: 0.5840312726795673
  view-data: 0.6026246584951878
