times:
  edit-metadata: 1.4183277804404497
  landing: 0.19835752062499523
  view-data: 0.1289072446525097
