times:
  edit-metadata: 1.7735629472881556
  landing: 0.850762227550149
  view-data: 3.5637792833149433
