times:
  edit-metadata: 0.5294895321130753
  landing: 0.6799586303532124
  view-data: 0.29855966567993164
