times:
  edit-metadata: 0.5467090047895908
  landing: 0.6844776254147291
  view-data: 0.18328976817429066
