times:
  edit-metadata: 1.3241558875888586
  landing: 0.017841349355876446
  view-data: 0.41143729258328676
