times:
  edit-metadata: 0.5180292655713856
  landing: 0.07946087932214141
  view-data: 0.26391643192619085
