times:
  edit-metadata: 0.5310798846185207
  landing: 0.5639408361166716
  view-data: 0.2480855956673622
