times:
  landing: 0.5454387710000219
  view-data: 0.5474200710000332
