times:
  edit-metadata: 2.1021201349794865
  landing: 1.1524322144687176
  view-data: 3.3924477733671665
