times:
  edit-metadata: 1.452794710174203
  landing: 0.19231174420565367
  view-data: 0.12271866854280233
