times:
  landing: 1.0957533879999914
  view-data: 0.5560006260000137
