times:
  landing: 0.5528447799999867
  view-data: 0.5599465310000369
