times:
  landing: 0.5584306530000163
  view-data: 0.5547401039999613
