times:
  landing: 0.5467332789999091
  view-data: 0.5478708729997379
