times:
  landing: 0.5759198960000163
  view-data: 0.5601090509999835
