times:
  edit-metadata: 1.4997918233275414
  landing: 0.8528986610472202
  view-data: 3.3257025964558125
