times:
  edit-metadata: 1.6086245346814394
  landing: 0.28913068398833275
  view-data: 0.33649990893900394
