times:
  edit-metadata: 1.8566220458596945
  landing: 0.24590836837887764
  view-data: 0.4765717051923275
