times:
  edit-metadata: 1.4826208092272282
  landing: 0.8711013458669186
  view-data: 3.416554506868124
