times:
  edit-metadata: 1.4504269680473953
  landing: 0.9134990050224587
  view-data: 0.5718470520805568
