times:
  edit-metadata: 0.5749218240380287
  landing: 0.5704004187136889
  view-data: 0.17846110090613365
