times:
  edit-metadata: 1.430181935429573
  landing: 0.0186376990750432
  view-data: 0.024845977313816547
