times:
  edit-metadata: 0.5315886340104043
  landing: 0.047197293024510145
  view-data: 0.22371571091935039
