times:
  edit-metadata: 0.9050206148531288
  landing: 0.06898462795652449
  view-data: 0.33752386597916484
