times:
  edit-metadata: 1.3723631277680397
  landing: 0.8580406606197357
  view-data: 3.586247030645609
