times:
  edit-metadata: 1.5919328732416034
  landing: 0.8422409202903509
  view-data: 0.7098236307501793
