times:
  edit-metadata: 1.3404290592297912
  landing: 0.020684638060629368
  view-data: 0.10062080062925816
