times:
  landing: 0.550168842000005
  view-data: 0.5487002439999742
