times:
  edit-metadata: 1.3012224528938532
  landing: 0.023665963672101498
  view-data: 0.5037494245916605
