times:
  edit-metadata: 1.3296666461974382
  landing: 0.12790434248745441
  view-data: 0.026708347722887993
