times:
  edit-metadata: 1.5340182092040777
  landing: 0.8325539510697126
  view-data: 3.589226434007287
