times:
  edit-metadata: 0.6068869247101247
  landing: 0.04841006640344858
  view-data: 0.18768770899623632
