times:
  edit-metadata: 1.480138011276722
  landing: 0.9558029044419527
  view-data: 0.7804690878838301
