times:
  edit-metadata: 2.5749039109796286
  landing: 1.171765216626227
  view-data: 3.4729778794571757
