times:
  edit-metadata: 1.7055142633616924
  landing: 1.1919277161359787
  view-data: 3.6399427503347397
