times:
  edit-metadata: 1.4291100017726421
  landing: 0.8072948344051838
  view-data: 3.6708058267831802
