times:
  edit-metadata: 1.3564161220565438
  landing: 0.019070026464760303
  view-data: 0.1300429329276085
