times:
  edit-metadata: 1.575280835852027
  landing: 0.7625505868345499
  view-data: 3.3579220045357943
