times:
  edit-metadata: 0.5237232726067305
  landing: 0.4758911728858948
  view-data: 0.4102723263204098
