times:
  edit-metadata: 1.3442774917930365
  landing: 0.01834953110665083
  view-data: 0.13028335385024548
