times:
  edit-metadata: 0.5019360209989827
  landing: 0.062216314996476285
  view-data: 0.35181417500280077
