times:
  edit-metadata: 1.3021410526707768
  landing: 0.02054305374622345
  view-data: 0.02502971701323986
