times:
  edit-metadata: 1.6303392574191093
  landing: 0.8677491545677185
  view-data: 3.3630725257098675
