times:
  landing: 0.5657061979999867
  view-data: 0.5562820559999864
