times:
  landing: 0.5493294359999936
  view-data: 0.5560862219999763
