times:
  edit-metadata: 1.2988261701539159
  landing: 0.22391624841839075
  view-data: 0.13472193200141191
