times:
  edit-metadata: 0.496727967998595
  landing: 0.06999498000368476
  view-data: 0.25500604600529186
