times:
  edit-metadata: 1.3648443967103958
  landing: 0.021393680945038795
  view-data: 0.026227040216326714
