times:
  edit-metadata: 0.5230154916644096
  landing: 0.04818269982933998
  view-data: 0.19515566527843475
