times:
  landing: 0.5417135980000012
  view-data: 0.5457670420000227
