times:
  edit-metadata: 1.436933048069477
  landing: 1.0318794436752796
  view-data: 3.399741530418396
