times:
  edit-metadata: 1.361105788499117
  landing: 0.021026965230703354
  view-data: 0.14014428574591875
