times:
  edit-metadata: 3.7428468391299248
  landing: 2.1101492643356323
  view-data: 3.602301698178053
