times:
  edit-metadata: 0.5120626427233219
  landing: 0.05481014773249626
  view-data: 0.19325325638055801
