times:
  edit-metadata: 1.551906580105424
  landing: 0.767066577449441
  view-data: 0.49050623178482056
