times:
  edit-metadata: 1.304641131311655
  landing: 0.022361138835549355
  view-data: 0.026504911482334137
