times:
  edit-metadata: 1.3329747460084036
  landing: 0.8631653400370851
  view-data: 0.6307648749789223
