times:
  edit-metadata: 1.8197893546894193
  landing: 1.0407579760067165
  view-data: 0.7417001598514616
