times:
  landing: 1.0747996329999978
  view-data: 0.5545090119999259
