times:
  landing: 1.6868586910422891
  view-data: 0.03230246598832309
