times:
  edit-metadata: 0.49993622093461454
  landing: 0.06241435511037707
  view-data: 0.3490887910593301
