times:
  edit-metadata: 1.3773614466190338
  landing: 0.11577214486896992
  view-data: 0.45664982683956623
