times:
  edit-metadata: 1.4605482034385204
  landing: 0.8117935620248318
  view-data: 3.4129892215132713
