times:
  edit-metadata: 0.5947003839537501
  landing: 0.050712253199890256
  view-data: 0.18661193689331412
