times:
  edit-metadata: 2.3517785854637623
  landing: 1.2085879258811474
  view-data: 3.5615488179028034
