times:
  edit-metadata: 0.5945201449794695
  landing: 0.061285556002985686
  view-data: 0.19238873198628426
