times:
  edit-metadata: 1.5033816657960415
  landing: 0.8289284966886044
  view-data: 3.529383623972535
