times:
  edit-metadata: 1.3289412884041667
  landing: 0.01992671750485897
  view-data: 0.1178412726148963
