times:
  edit-metadata: 1.5210702046751976
  landing: 0.24087972193956375
  view-data: 0.16853174939751625
