times:
  edit-metadata: 0.49852727307006717
  landing: 0.07641303539276123
  view-data: 0.35465953638777137
