times:
  edit-metadata: 2.371190559118986
  landing: 7.127202555537224
  view-data: 3.4380305111408234
