times:
  edit-metadata: 0.6549173649400473
  landing: 1.125367822125554
  view-data: 0.5890838149935007
