times:
  landing: 0.556921338000052
  view-data: 0.5489652869999873
