times:
  edit-metadata: 0.5381897538900375
  landing: 0.04273855313658714
  view-data: 0.18931955471634865
