times:
  landing: 0.5577302949999989
  view-data: 0.559849182999983
