times:
  edit-metadata: 1.3915758393704891
  landing: 0.1374872662127018
  view-data: 0.12578878365457058
