times:
  edit-metadata: 1.5461036507040262
  landing: 0.7357435487210751
  view-data: 0.6020169705152512
