times:
  edit-metadata: 0.5327634811401367
  landing: 0.03900729864835739
  view-data: 0.19288182258605957
