times:
  edit-metadata: 1.2864834619686007
  landing: 0.8121591452509165
  view-data: 0.5392889846116304
