times:
  edit-metadata: 0.4148973347619176
  landing: 0.05076444102451205
  view-data: 0.19556019501760602
