times:
  edit-metadata: 0.42598773998906836
  landing: 0.07227471796795726
  view-data: 0.22672173799946904
