times:
  edit-metadata: 0.5948609057813883
  landing: 0.7733802050352097
  view-data: 0.3463907204568386
