times:
  edit-metadata: 1.3151752622798085
  landing: 0.7436015047132969
  view-data: 3.308239401318133
