times:
  edit-metadata: 0.447086398024112
  landing: 0.05327689787372947
  view-data: 0.18887009611353278
