times:
  edit-metadata: 0.47939822310581803
  landing: 0.07629267685115337
  view-data: 0.23062672186642885
