times:
  edit-metadata: 1.3492400273680687
  landing: 0.019872717559337616
  view-data: 0.12079027481377125
