times:
  edit-metadata: 1.7447950057685375
  landing: 0.04941482190042734
  view-data: 0.02683914639055729
