times:
  edit-metadata: 0.4587470181286335
  landing: 0.05408988706767559
  view-data: 0.3288160681258887
