times:
  edit-metadata: 1.4567463975399733
  landing: 0.3435809761285782
  view-data: 0.4789932519197464
