times:
  edit-metadata: 1.32390065677464
  landing: 0.023102017119526863
  view-data: 0.10057155229151249
