times:
  edit-metadata: 1.6075668632984161
  landing: 1.0641676560044289
  view-data: 3.4023494757711887
