times:
  edit-metadata: 0.5921005690470338
  landing: 0.0499369278550148
  view-data: 0.18274714797735214
