times:
  edit-metadata: 1.3498221542686224
  landing: 0.16290935408324003
  view-data: 0.5493926368653774
