times:
  edit-metadata: 0.5442406311631203
  landing: 0.06781304255127907
  view-data: 0.1959627903997898
