times:
  edit-metadata: 0.4852695770096034
  landing: 0.06700664000527468
  view-data: 0.22682558400265407
