times:
  edit-metadata: 0.42381475982256234
  landing: 0.05913244094699621
  view-data: 0.21904506511054933
