times:
  edit-metadata: 2.2259844578802586
  landing: 1.1013749204576015
  view-data: 3.446364961564541
