times:
  edit-metadata: 1.4119571330957115
  landing: 0.7566902870312333
  view-data: 0.7597616710700095
