times:
  landing: 0.5582896439999558
  view-data: 0.09195137900002237
