times:
  edit-metadata: 0.49949493596795946
  landing: 0.06434372498188168
  view-data: 0.2239475870737806
