times:
  edit-metadata: 1.376146201044321
  landing: 0.9039535503834486
  view-data: 0.7443078849464655
