times:
  landing: 0.5459070730000235
  view-data: 0.546440103000009
