times:
  landing: 1.6004617920000328
  view-data: 0.5611176119999755
