times:
  edit-metadata: 0.5401399210095406
  landing: 0.06966123901656829
  view-data: 0.2809675600146875
