times:
  landing: 1.0832603530000142
  view-data: 0.5579208099999846
