times:
  edit-metadata: 0.5808516144752502
  landing: 0.6174877472221851
  view-data: 0.18299439176917076
