times:
  edit-metadata: 1.3307185461744666
  landing: 0.020069601014256477
  view-data: 0.46055436227470636
