times:
  edit-metadata: 0.47439458314329386
  landing: 0.040123180486261845
  view-data: 0.2014598734676838
