times:
  edit-metadata: 0.5206599924713373
  landing: 0.048489369451999664
  view-data: 0.18326574191451073
