times:
  edit-metadata: 0.4181425319984555
  landing: 0.06765965302474797
  view-data: 0.3454728729557246
