times:
  edit-metadata: 1.1445520371198654
  landing: 0.7872811183333397
  view-data: 0.7206943780183792
