times:
  edit-metadata: 0.5939270108938217
  landing: 0.5718566626310349
  view-data: 0.1827744897454977
