times:
  edit-metadata: 0.6254704950843006
  landing: 0.04354290396440774
  view-data: 0.19107482791878283
