times:
  landing: 0.5531335600000489
  view-data: 0.5547661589999962
