times:
  edit-metadata: 0.5684022530913353
  landing: 0.04648198187351227
  view-data: 0.1926754042506218
