times:
  landing: 1.0688890540000102
  view-data: 0.5552310630000079
