times:
  edit-metadata: 0.6168733660015278
  landing: 0.04590157902566716
  view-data: 0.18914506101282313
