times:
  edit-metadata: 1.397732274606824
  landing: 0.8248250316828489
  view-data: 0.6495066359639168
