times:
  edit-metadata: 1.3458510357886553
  landing: 0.13157366774976254
  view-data: 0.41712797805666924
