times:
  edit-metadata: 0.5935731108766049
  landing: 0.05011420696973801
  view-data: 0.1890741940587759
