times:
  edit-metadata: 1.850303749088198
  landing: 1.0577442760113627
  view-data: 0.5939183449372649
