times:
  landing: 0.5556296459999999
  view-data: 0.05034853000000794
