times:
  edit-metadata: 1.7755076830508187
  landing: 0.7886432090308517
  view-data: 3.38473280495964
