times:
  edit-metadata: 2.24432859942317
  landing: 1.269465796649456
  view-data: 3.491951037198305
