times:
  landing: 0.5391829159999872
  view-data: 0.5423368550000021
