times:
  edit-metadata: 0.42037218098994344
  landing: 0.06880390900187194
  view-data: 0.33038660895545036
