times:
  edit-metadata: 0.4897182449931279
  landing: 0.05968756589572877
  view-data: 0.24352674698457122
