times:
  landing: 0.5526543069999548
  view-data: 0.5546320130000026
