times:
  edit-metadata: 0.40704796998761594
  landing: 0.06887081700551789
  view-data: 0.33508486799837556
