times:
  edit-metadata: 2.284137535840273
  landing: 1.300316471606493
  view-data: 3.341586347669363
