times:
  edit-metadata: 1.4418787322938442
  landing: 0.9406980462372303
  view-data: 3.5604293793439865
