times:
  edit-metadata: 1.5748528479598463
  landing: 0.9084294303320348
  view-data: 0.601215654052794
