times:
  edit-metadata: 0.6505313169909641
  landing: 0.04535964492242783
  view-data: 0.1881660419749096
