times:
  edit-metadata: 1.244283678010106
  landing: 0.7946097087115049
  view-data: 3.4743353594094515
