times:
  landing: 0.5524059609999767
  view-data: 0.5584946609999974
