times:
  edit-metadata: 1.3926057927310467
  landing: 0.7283491492271423
  view-data: 3.3179251812398434
