times:
  landing: 0.5503432349999571
  view-data: 0.5563552430000414
