times:
  edit-metadata: 0.4348871969850734
  landing: 0.06894673302304
  view-data: 0.21067730709910393
