times:
  edit-metadata: 0.5856139324605465
  landing: 0.7500455714762211
  view-data: 0.21763448230922222
