times:
  edit-metadata: 1.4688468426465988
  landing: 0.7842244952917099
  view-data: 3.32169296965003
