times:
  edit-metadata: 1.5235780831426382
  landing: 0.7966503035277128
  view-data: 0.6358628459274769
