times:
  edit-metadata: 1.5136949270963669
  landing: 0.7097529768943787
  view-data: 0.5078683942556381
