times:
  edit-metadata: 1.55549175478518
  landing: 0.7309051407501101
  view-data: 0.60372060444206
