times:
  edit-metadata: 0.5270519442856312
  landing: 0.04135416820645332
  view-data: 0.1947551742196083
