times:
  edit-metadata: 1.525787964463234
  landing: 1.0901829227805138
  view-data: 3.34467938169837
