times:
  edit-metadata: 1.5290217399597168
  landing: 0.8884568158537149
  view-data: 3.3680853564292192
