times:
  edit-metadata: 0.4750250050565228
  landing: 0.04967818898148835
  view-data: 0.3389071539277211
