times:
  edit-metadata: 1.7467247545719147
  landing: 0.34066253155469894
  view-data: 0.14973150938749313
