times:
  landing: 1.0659218689999648
  view-data: 0.5457119670000452
