times:
  edit-metadata: 0.4295972469262779
  landing: 0.052556191105395555
  view-data: 0.18765281699597836
