times:
  edit-metadata: 0.5590127762407064
  landing: 0.6146583501249552
  view-data: 0.22671607695519924
