times:
  edit-metadata: 1.506456732749939
  landing: 0.2426066603511572
  view-data: 0.0250582005828619
