times:
  edit-metadata: 1.5179585302248597
  landing: 0.02058935258537531
  view-data: 0.026246989145874977
