times:
  edit-metadata: 1.4203437753021717
  landing: 0.7702560797333717
  view-data: 3.639943402260542
