times:
  edit-metadata: 0.5055895729456097
  landing: 0.055181399977300316
  view-data: 0.3471635580062866
