times:
  edit-metadata: 1.5037167938426137
  landing: 0.7769639000762254
  view-data: 0.657030631089583
