times:
  edit-metadata: 1.3749797074124217
  landing: 0.01950877159833908
  view-data: 0.12424247339367867
