times:
  edit-metadata: 2.175043558701873
  landing: 2.492008412256837
  view-data: 3.6396703496575356
