times:
  landing: 0.5516246619999947
  view-data: 0.5517177629999992
