times:
  edit-metadata: 1.4535472779534757
  landing: 0.8194899830268696
  view-data: 3.308228914043866
