times:
  edit-metadata: 1.3918565455824137
  landing: 0.019813175313174725
  view-data: 0.30706746596843004
