times:
  edit-metadata: 0.41605832683853805
  landing: 0.06560523388907313
  view-data: 0.3437436451204121
