times:
  landing: 0.5453404739999996
  view-data: 0.5491762909999807
