times:
  edit-metadata: 1.515224253758788
  landing: 0.8757352512329817
  view-data: 0.7424906697124243
