times:
  edit-metadata: 1.3748106872662902
  landing: 0.7592425774782896
  view-data: 3.487587556242943
