times:
  edit-metadata: 1.3739168122410774
  landing: 0.8114178981631994
  view-data: 0.7471039798110723
