times:
  edit-metadata: 1.56958276219666
  landing: 0.26228438690304756
  view-data: 0.4457661360502243
