times:
  edit-metadata: 1.4407838247716427
  landing: 0.9538225829601288
  view-data: 3.2963570691645145
