times:
  edit-metadata: 0.6456000730395317
  landing: 0.05534257413819432
  view-data: 0.2824878911487758
