times:
  edit-metadata: 1.792829044163227
  landing: 1.2813596427440643
  view-data: 3.3776154816150665
