times:
  edit-metadata: 0.7089651529677212
  landing: 0.05274047702550888
  view-data: 0.2355344679672271
