times:
  edit-metadata: 0.6030175179475918
  landing: 0.04328479408286512
  view-data: 0.18715506501030177
