times:
  edit-metadata: 0.41680869087576866
  landing: 0.059524605982005596
  view-data: 0.34388380497694016
