times:
  edit-metadata: 0.4203691822476685
  landing: 0.049518611282110214
  view-data: 0.18228071322664618
