times:
  landing: 0.5496185139999739
  view-data: 0.5536910139999804
