times:
  edit-metadata: 1.650635628029704
  landing: 0.9359947275370359
  view-data: 3.3301268331706524
