times:
  edit-metadata: 0.6282121139811352
  landing: 0.047136862995103
  view-data: 0.19348116099718027
