times:
  edit-metadata: 1.389812532812357
  landing: 0.26441705971956253
  view-data: 0.13199525512754917
