times:
  edit-metadata: 1.5005644110497087
  landing: 0.8026700171176344
  view-data: 3.393377579981461
