times:
  edit-metadata: 0.49626762233674526
  landing: 0.5708374306559563
  view-data: 0.5938046481460333
