times:
  edit-metadata: 1.5662613669410348
  landing: 0.9585161581635475
  view-data: 0.6896945640910417
