times:
  edit-metadata: 0.5569838434457779
  landing: 0.5973711032420397
  view-data: 0.19368253648281097
