times:
  landing: 1.5981089849999535
  view-data: 0.5522332090000077
