times:
  edit-metadata: 1.5903373658657074
  landing: 1.3284424431622028
  view-data: 3.5753790996968746
