times:
  landing: 0.5580431109999608
  view-data: 0.5595129440000051
