times:
  landing: 0.571311551000008
  view-data: 0.5763798429999838
