times:
  landing: 0.5544160409999677
  view-data: 0.5571635659999856
