times:
  edit-metadata: 0.4626486930064857
  landing: 0.04309549368917942
  view-data: 0.19502674136310816
