times:
  landing: 1.0660643779999646
  view-data: 0.5525298389999875
