times:
  edit-metadata: 0.4943395312875509
  landing: 1.60972854308784
  view-data: 0.6007982734590769
