times:
  landing: 1.085156100000006
  view-data: 0.5552979899999855
