times:
  edit-metadata: 1.514920637011528
  landing: 0.73015471175313
  view-data: 0.5458261594176292
