times:
  landing: 1.0629316270000118
  view-data: 0.5451650509999695
