times:
  landing: 0.5570259990000181
  view-data: 0.558501447000026
