times:
  edit-metadata: 1.3048292305320501
  landing: 0.019820686429739
  view-data: 0.023133923299610615
