times:
  edit-metadata: 0.47763240709900856
  landing: 0.5423036720603704
  view-data: 0.3060458321124315
