times:
  edit-metadata: 1.3839102452620864
  landing: 0.020902521908283234
  view-data: 0.029032312333583832
