times:
  edit-metadata: 1.3819045964628458
  landing: 0.20138144865632057
  view-data: 0.024726485833525658
