times:
  edit-metadata: 1.4758042469620705
  landing: 0.244148476049304
  view-data: 0.1620044745504856
