times:
  edit-metadata: 0.4222497893497348
  landing: 0.07575484504923224
  view-data: 0.22983047924935818
