times:
  landing: 0.5435430150000116
  view-data: 0.5507974320000244
