times:
  edit-metadata: 1.37206063978374
  landing: 0.13346876204013824
  view-data: 0.11933530867099762
