times:
  edit-metadata: 1.7018294967710972
  landing: 1.2686420381069183
  view-data: 3.478176321834326
