times:
  edit-metadata: 1.3653671704232693
  landing: 0.020560763776302338
  view-data: 0.12498822063207626
