times:
  edit-metadata: 1.784459974616766
  landing: 0.9042535070329905
  view-data: 0.7645591106265783
