times:
  edit-metadata: 0.4463747339323163
  landing: 0.04853457119315863
  view-data: 0.19026960991322994
