times:
  edit-metadata: 2.2833253368735313
  landing: 1.369062902405858
  view-data: 3.4915942139923573
