times:
  edit-metadata: 0.46924668550491333
  landing: 0.5824452396482229
  view-data: 0.293594803661108
