times:
  edit-metadata: 0.47519468050450087
  landing: 0.03722409624606371
  view-data: 0.22388288378715515
