times:
  edit-metadata: 0.6238966309465468
  landing: 0.04482097993604839
  view-data: 0.1960547820199281
