times:
  edit-metadata: 0.6664425637573004
  landing: 0.9431211035698652
  view-data: 0.3388808760792017
