times:
  edit-metadata: 1.2721544208470732
  landing: 0.8905753868166357
  view-data: 0.6079394521657377
