times:
  landing: 0.5537352390000478
  view-data: 0.5548407499999826
