times:
  landing: 0.5463347259999978
  view-data: 0.5469141330000298
