times:
  edit-metadata: 0.40822323504835367
  landing: 0.06138592096976936
  view-data: 0.32692516199313104
