times:
  edit-metadata: 1.396261758171022
  landing: 0.20291566103696823
  view-data: 0.26173412799835205
