times:
  edit-metadata: 1.425828163512051
  landing: 0.021467912010848522
  view-data: 0.12252053618431091
