times:
  edit-metadata: 1.4061280190944672
  landing: 1.0065665245056152
  view-data: 3.3046645745635033
