times:
  edit-metadata: 1.2481686971150339
  landing: 0.742468976881355
  view-data: 3.3630533698014915
