times:
  edit-metadata: 0.5200344920158386
  landing: 0.04652146250009537
  view-data: 0.18680019304156303
