times:
  edit-metadata: 0.40719569101929665
  landing: 0.069245700025931
  view-data: 0.2397753200493753
