times:
  edit-metadata: 0.5807522980030626
  landing: 0.04739306098781526
  view-data: 0.1871057990938425
