times:
  edit-metadata: 1.7516182400286198
  landing: 0.9034588262438774
  view-data: 3.3486888334155083
