times:
  edit-metadata: 0.5721905739046633
  landing: 0.046608004020527005
  view-data: 0.18665383895859122
