times:
  edit-metadata: 0.4857475496828556
  landing: 0.6317550856620073
  view-data: 0.2952543366700411
