times:
  landing: 0.5720255559999714
  view-data: 0.5503373480000278
