times:
  edit-metadata: 0.4217313411645591
  landing: 0.04562316322699189
  view-data: 0.18882144009694457
