times:
  landing: 1.5962392850000242
  view-data: 0.5535056060000443
