times:
  edit-metadata: 0.40420605381950736
  landing: 0.06042463891208172
  view-data: 0.3728398000821471
