times:
  edit-metadata: 0.5338390618562698
  landing: 0.8065942600369453
  view-data: 0.2979435157030821
