times:
  edit-metadata: 0.5442625139994561
  landing: 0.04093351800020173
  view-data: 0.1919039349995728
