times:
  edit-metadata: 0.42958702804753557
  landing: 0.0650463670026511
  view-data: 0.23122274997876957
