times:
  edit-metadata: 1.5380920395255089
  landing: 0.8555287905037403
  view-data: 3.3434301614761353
