times:
  edit-metadata: 0.5941706891171634
  landing: 0.048194765811786056
  view-data: 0.18247348186559975
