times:
  edit-metadata: 0.6014299711678177
  landing: 0.04071632609702647
  view-data: 0.18720534001477063
