times:
  edit-metadata: 0.45095002464950085
  landing: 0.043419305235147476
  view-data: 0.20085669588297606
