times:
  edit-metadata: 1.7068509310483932
  landing: 0.1639345157891512
  view-data: 0.16304283402860165
