times:
  edit-metadata: 1.4683652855455875
  landing: 0.7384671904146671
  view-data: 3.2995280101895332
