times:
  landing: 0.5467161020000049
  view-data: 0.5544434530000899
