times:
  landing: 0.5468900319999932
  view-data: 0.5490997550000145
