times:
  edit-metadata: 0.5470483526587486
  landing: 0.045332565903663635
  view-data: 0.192465890198946
