times:
  edit-metadata: 1.4352925345301628
  landing: 0.960692286491394
  view-data: 3.7150245383381844
