times:
  edit-metadata: 0.4293837749864906
  landing: 0.07153289392590523
  view-data: 0.4257801180938259
