times:
  edit-metadata: 1.4440191760659218
  landing: 0.8176273237913847
  view-data: 3.2707642689347267
