times:
  edit-metadata: 0.5092461816966534
  landing: 0.7653249073773623
  view-data: 0.3044940512627363
