times:
  edit-metadata: 1.3169036004692316
  landing: 0.12651183269917965
  view-data: 0.38276595436036587
