times:
  edit-metadata: 0.5304847247898579
  landing: 0.04548253118991852
  view-data: 0.19393083453178406
