times:
  edit-metadata: 0.5820573642849922
  landing: 0.6398855224251747
  view-data: 0.4198989290744066
