times:
  landing: 1.069005741000069
  view-data: 0.5585380700000542
