times:
  edit-metadata: 0.4917447976768017
  landing: 0.05561801278963685
  view-data: 0.35144342109560966
