times:
  edit-metadata: 1.3586794110015035
  landing: 0.020979877561330795
  view-data: 0.12166475504636765
