times:
  edit-metadata: 0.5093016736209393
  landing: 1.1014550644904375
  view-data: 0.6003898121416569
