times:
  edit-metadata: 0.4829775486141443
  landing: 0.5789760202169418
  view-data: 0.6007982362061739
