times:
  edit-metadata: 0.43232155311852694
  landing: 0.04912840807810426
  view-data: 0.18380471086129546
