times:
  edit-metadata: 1.7978744804859161
  landing: 1.2652713023126125
  view-data: 3.5370766445994377
