times:
  edit-metadata: 1.697840029373765
  landing: 0.15237918868660927
  view-data: 0.13517322950065136
