times:
  landing: 0.5471244679999927
  view-data: 0.5450590379999767
