times:
  edit-metadata: 1.3719369564205408
  landing: 0.12833418883383274
  view-data: 0.12210159189999104
