times:
  landing: 0.5508287790000281
  view-data: 0.5540874280000025
