times:
  edit-metadata: 0.6339400198776275
  landing: 0.06517259287647903
  view-data: 0.1945731439627707
