times:
  edit-metadata: 1.3735314719378948
  landing: 0.02252457570284605
  view-data: 0.023685439489781857
