times:
  edit-metadata: 0.6233173308428377
  landing: 0.04979043500497937
  view-data: 0.29478528909385204
