times:
  edit-metadata: 1.606684198603034
  landing: 0.02024739980697632
  view-data: 0.3639975432306528
