times:
  edit-metadata: 0.5284716207534075
  landing: 0.8953669350594282
  view-data: 0.2241040486842394
