times:
  edit-metadata: 1.8063938990235329
  landing: 1.09021358191967
  view-data: 3.4085029251873493
