times:
  edit-metadata: 0.41389286699995864
  landing: 0.06269084799987468
  view-data: 0.21547405399996933
