times:
  landing: 0.553013261999979
  view-data: 0.5536488029999873
