times:
  edit-metadata: 1.3011884167790413
  landing: 0.12961487658321857
  view-data: 0.11864313017576933
