times:
  edit-metadata: 1.3045005667954683
  landing: 0.13573922403156757
  view-data: 0.026097324676811695
