times:
  edit-metadata: 0.47582163102924824
  landing: 0.04118070565164089
  view-data: 0.20827181870117784
