times:
  edit-metadata: 1.3866572715342045
  landing: 0.10218739975243807
  view-data: 0.12305567692965269
