times:
  edit-metadata: 1.3402180271223187
  landing: 0.020492827519774437
  view-data: 0.12472610548138618
