times:
  landing: 0.5473449270000401
  view-data: 0.553100411999992
