times:
  edit-metadata: 0.4956691600382328
  landing: 0.7940460965037346
  view-data: 0.3274976331740618
