times:
  landing: 1.0834004960000243
  view-data: 0.559825160999992
