times:
  edit-metadata: 0.4610214214771986
  landing: 0.037930469028651714
  view-data: 0.3325066091492772
