times:
  landing: 1.06576996900003
  view-data: 0.5517894399999932
