times:
  edit-metadata: 0.538757111877203
  landing: 0.05377935618162155
  view-data: 0.2008824199438095
