times:
  edit-metadata: 0.5975785659975372
  landing: 0.049645716993836686
  view-data: 0.19409550100681372
