times:
  edit-metadata: 1.543517928570509
  landing: 0.9645998887717724
  view-data: 3.35674087703228
