times:
  edit-metadata: 0.435817738994956
  landing: 0.0412135636433959
  view-data: 0.20063475146889687
