times:
  edit-metadata: 1.332424944266677
  landing: 0.02078407071530819
  view-data: 0.022950291633605957
