times:
  edit-metadata: 0.6462841141037643
  landing: 0.04273919900879264
  view-data: 0.19428278086706996
