times:
  edit-metadata: 0.516709491610527
  landing: 0.0458294078707695
  view-data: 0.19147611781954765
