times:
  edit-metadata: 1.5024156859144568
  landing: 0.0188912283629179
  view-data: 0.43529747147113085
