times:
  edit-metadata: 1.3372925948351622
  landing: 0.7709388351067901
  view-data: 0.4577843612059951
