times:
  edit-metadata: 0.4621192191261798
  landing: 0.057324003195390105
  view-data: 0.3427757660392672
