times:
  edit-metadata: 1.4149302653968334
  landing: 0.8356963582336903
  view-data: 3.443585205823183
