times:
  edit-metadata: 0.5691232271492481
  landing: 0.9002374522387981
  view-data: 0.31199596263468266
