times:
  edit-metadata: 1.4266634676605463
  landing: 0.1637051198631525
  view-data: 0.030223654583096504
