times:
  edit-metadata: 0.43360512470826507
  landing: 0.05141863925382495
  view-data: 0.1825336180627346
