times:
  landing: 0.5536305709999851
  view-data: 0.5628963130000102
