times:
  edit-metadata: 1.5119364149868488
  landing: 0.7641669362783432
  view-data: 3.413591004908085
