times:
  edit-metadata: 0.5828624159912579
  landing: 0.050020825990941375
  view-data: 0.19109283198486082
