times:
  landing: 1.0793300069999532
  view-data: 0.5613117390000184
