times:
  edit-metadata: 0.5248917732387781
  landing: 1.3239495605230331
  view-data: 0.5360004846006632
