times:
  edit-metadata: 1.6193193178623915
  landing: 0.7387204691767693
  view-data: 3.508707331493497
