times:
  landing: 0.5617737709999915
  view-data: 0.5542298540000274
