times:
  edit-metadata: 0.47609529504552484
  landing: 0.06170374387875199
  view-data: 0.19452348025515676
