times:
  edit-metadata: 0.45964279025793076
  landing: 0.03531331289559603
  view-data: 0.19487185403704643
