times:
  edit-metadata: 1.3473291043192148
  landing: 0.8295346107333899
  view-data: 3.4340796172618866
