times:
  edit-metadata: 1.394497130997479
  landing: 0.1880868123844266
  view-data: 0.4297217605635524
