times:
  landing: 0.5466232740000123
  view-data: 0.5524989489999825
