times:
  edit-metadata: 1.4930794034153223
  landing: 0.20234464854002
  view-data: 0.38315931148827076
