times:
  edit-metadata: 1.6052976101636887
  landing: 0.21980730257928371
  view-data: 0.3571021072566509
