times:
  edit-metadata: 0.43482981505803764
  landing: 0.0679830729495734
  view-data: 0.3458117919508368
