times:
  edit-metadata: 0.6086002939846367
  landing: 0.04795927496161312
  view-data: 0.18756575393490493
