times:
  edit-metadata: 1.378401843830943
  landing: 0.01844414323568344
  view-data: 0.32599315978586674
