times:
  edit-metadata: 2.825222495943308
  landing: 2.3903595469892025
  view-data: 4.73305281624198
