times:
  edit-metadata: 2.0131184943020344
  landing: 1.0526187922805548
  view-data: 3.546950802206993
