times:
  edit-metadata: 1.3054681196808815
  landing: 0.2206549346446991
  view-data: 0.3195899184793234
