times:
  edit-metadata: 0.4990420453250408
  landing: 0.04409784823656082
  view-data: 0.1996619589626789
