times:
  edit-metadata: 0.525524789467454
  landing: 0.48230919800698757
  view-data: 0.3166639730334282
