times:
  landing: 0.5557728250000196
  view-data: 0.5544972349999853
