times:
  edit-metadata: 1.5314543470740318
  landing: 0.9323348924517632
  view-data: 3.467825848609209
