times:
  edit-metadata: 1.383821944706142
  landing: 0.75014519225806
  view-data: 0.481797493994236
