times:
  edit-metadata: 1.4594262652099133
  landing: 0.9097771570086479
  view-data: 3.4274872355163097
