times:
  edit-metadata: 0.4318382078781724
  landing: 0.04391831997781992
  view-data: 0.23888940503820777
