times:
  edit-metadata: 0.4336183031555265
  landing: 0.07531336112879217
  view-data: 0.33182482002303004
