times:
  edit-metadata: 0.47791760973632336
  landing: 1.6118150129914284
  view-data: 0.5834378022700548
