times:
  edit-metadata: 0.4200178529135883
  landing: 0.05213526310399175
  view-data: 0.18539993511512876
