times:
  edit-metadata: 1.5018502064049244
  landing: 0.7526541408151388
  view-data: 3.349977142177522
