times:
  edit-metadata: 1.8486928567290306
  landing: 0.8544735051691532
  view-data: 3.3165068924427032
