times:
  edit-metadata: 1.368411110714078
  landing: 0.20241395477205515
  view-data: 0.41170335840433836
