times:
  edit-metadata: 1.382177336141467
  landing: 0.01842152327299118
  view-data: 0.1198157537728548
