times:
  edit-metadata: 1.5506200520321727
  landing: 1.0792520744726062
  view-data: 0.5188930481672287
