times:
  edit-metadata: 0.6674646860919893
  landing: 0.052200095262378454
  view-data: 0.2085551000200212
