times:
  edit-metadata: 0.5651115839718841
  landing: 0.11861353300628252
  view-data: 0.24879208899801597
