times:
  edit-metadata: 2.0586678497493267
  landing: 0.4275605771690607
  view-data: 0.6240423731505871
