times:
  edit-metadata: 1.4525162633508444
  landing: 0.8938457649201155
  view-data: 0.6391052566468716
