times:
  landing: 0.5547780640000042
  view-data: 0.5591589360000171
