times:
  edit-metadata: 0.7170676202513278
  landing: 0.0891202287748456
  view-data: 0.23937056213617325
