times:
  landing: 0.5443483909999713
  view-data: 0.5500218650000193
