times:
  edit-metadata: 1.4542864309623837
  landing: 0.7538348156958818
  view-data: 0.5309086530469358
