times:
  edit-metadata: 1.3190545411780477
  landing: 0.042686729691922665
  view-data: 0.12212464492768049
