times:
  edit-metadata: 1.4491566978394985
  landing: 0.7884832341223955
  view-data: 0.619476405903697
