times:
  edit-metadata: 0.6110430150292814
  landing: 0.044011754100210965
  view-data: 0.19165076001081616
