times:
  landing: 1.0735875350000015
  view-data: 0.5535109949999537
