times:
  landing: 0.5506416670000363
  view-data: 0.5511407700000746
