times:
  edit-metadata: 1.386505733244121
  landing: 0.01868520863354206
  view-data: 0.02330310083925724
