times:
  landing: 0.5529598709999846
  view-data: 0.04984739600001831
