times:
  landing: 0.5531996819999563
  view-data: 0.553091376999987
