times:
  edit-metadata: 1.546614434570074
  landing: 0.8715106323361397
  view-data: 3.374923698604107
