times:
  landing: 0.5540201329999945
  view-data: 0.5559498460002033
