times:
  edit-metadata: 1.4478893717750907
  landing: 0.021395315416157246
  view-data: 0.025238043628633022
