times:
  edit-metadata: 0.5835055068600923
  landing: 0.04633764806203544
  view-data: 0.17858554096892476
