times:
  landing: 0.5575767770000084
  view-data: 0.5446674250000001
