times:
  landing: 0.5477849700000093
  view-data: 0.5562403299999801
