times:
  edit-metadata: 1.45791807025671
  landing: 0.8704149201512337
  view-data: 3.421424236148596
