times:
  edit-metadata: 0.5679739341139793
  landing: 3.173709822818637
  view-data: 1.0946524180471897
