times:
  edit-metadata: 0.7689334591850638
  landing: 0.055255777202546597
  view-data: 0.3282218943350017
