times:
  landing: 0.553507948999993
  view-data: 0.5547341630000346
