times:
  edit-metadata: 0.45265362691134214
  landing: 0.042047761380672455
  view-data: 0.1946538593620062
