times:
  edit-metadata: 1.319446754641831
  landing: 0.164216629229486
  view-data: 0.49203986022621393
