times:
  edit-metadata: 0.5396512076258659
  landing: 0.05625391751527786
  view-data: 0.19798503816127777
