times:
  edit-metadata: 1.428291780874133
  landing: 0.8445279896259308
  view-data: 0.6848399322479963
