times:
  edit-metadata: 1.841205321252346
  landing: 1.1809874549508095
  view-data: 3.3912206701934338
