times:
  edit-metadata: 1.322137614712119
  landing: 0.13040213752537966
  view-data: 0.14522639103233814
