times:
  landing: 0.5505121879999706
  view-data: 0.5493156800000065
