times:
  edit-metadata: 1.513178762048483
  landing: 0.8917428366839886
  view-data: 3.4153256118297577
