times:
  edit-metadata: 1.1717705223709345
  landing: 0.8613067176192999
  view-data: 0.7896880768239498
