times:
  edit-metadata: 1.4854819532483816
  landing: 0.19714520685374737
  view-data: 0.40581521950662136
