times:
  edit-metadata: 1.4821458514779806
  landing: 0.14322887547314167
  view-data: 0.47188988886773586
