times:
  edit-metadata: 0.4693357099313289
  landing: 0.047082091914489865
  view-data: 0.3329224151093513
