times:
  edit-metadata: 0.5606498438864946
  landing: 0.6145408153533936
  view-data: 0.19814996607601643
