times:
  edit-metadata: 1.3728154487907887
  landing: 0.7163341380655766
  view-data: 3.3774893917143345
