times:
  edit-metadata: 1.299237808212638
  landing: 0.7839358630590141
  view-data: 0.5814604160841554
