times:
  edit-metadata: 1.334417637437582
  landing: 0.16617536824196577
  view-data: 0.2124097142368555
