times:
  edit-metadata: 1.6796129532158375
  landing: 0.8912806510925293
  view-data: 3.381477054208517
