times:
  edit-metadata: 1.6345304530113935
  landing: 0.15856910683214664
  view-data: 0.4261847287416458
