times:
  edit-metadata: 0.6090986840426922
  landing: 0.049720939714461565
  view-data: 0.18866610387340188
