times:
  edit-metadata: 1.3765582721680403
  landing: 0.019804615527391434
  view-data: 0.02244134061038494
