times:
  edit-metadata: 0.45328142307698727
  landing: 0.04404303710907698
  view-data: 0.18777770502492785
