times:
  edit-metadata: 0.5813062509987503
  landing: 0.04780186299467459
  view-data: 0.18534706901118625
