times:
  edit-metadata: 1.8069661241024733
  landing: 0.34263209719210863
  view-data: 0.17879354301840067
