times:
  edit-metadata: 0.5110967135988176
  landing: 0.06805066298693419
  view-data: 0.30827416107058525
