times:
  edit-metadata: 1.7395698390901089
  landing: 0.021944740787148476
  view-data: 0.2891989201307297
