times:
  edit-metadata: 0.4875246025621891
  landing: 0.04642052203416824
  view-data: 0.1904582493007183
