times:
  edit-metadata: 0.4336313880048692
  landing: 0.04253912391141057
  view-data: 0.19137028977274895
