times:
  edit-metadata: 1.576952252537012
  landing: 1.0434310175478458
  view-data: 3.4153284914791584
