times:
  landing: 0.5590494389999776
  view-data: 0.5609987609999507
