times:
  edit-metadata: 0.4391493480652571
  landing: 0.05377493519335985
  view-data: 0.1871041120029986
