times:
  edit-metadata: 0.41269835107959807
  landing: 0.07323391805402935
  view-data: 0.3516171609517187
