times:
  edit-metadata: 0.7176912720315158
  landing: 0.07467256719246507
  view-data: 0.2978933467529714
