times:
  edit-metadata: 1.6426893044263124
  landing: 0.7874426692724228
  view-data: 3.6338655687868595
