times:
  edit-metadata: 1.3084245454519987
  landing: 0.2371186502277851
  view-data: 0.38263007439672947
