times:
  edit-metadata: 1.3260612227022648
  landing: 0.020152934826910496
  view-data: 0.23044105246663094
