times:
  edit-metadata: 0.5406986512243748
  landing: 0.05429987609386444
  view-data: 0.18611668795347214
