times:
  edit-metadata: 1.2748195715248585
  landing: 0.8956911601126194
  view-data: 3.3338375091552734
