times:
  landing: 0.5624569570000517
  view-data: 0.5647843739999985
