times:
  edit-metadata: 0.5419382039981429
  landing: 0.0481903349973436
  view-data: 0.19413151199842105
