times:
  edit-metadata: 0.4945442248135805
  landing: 0.5392204653471708
  view-data: 0.2972645666450262
