times:
  edit-metadata: 1.3095736037939787
  landing: 0.020828869193792343
  view-data: 0.023518232628703117
