times:
  edit-metadata: 0.5774223022162914
  landing: 0.514772916212678
  view-data: 0.248409952968359
