times:
  edit-metadata: 1.3672387339174747
  landing: 0.10533134173601866
  view-data: 0.028890549205243587
