times:
  edit-metadata: 0.4041154549922794
  landing: 0.07023065607063472
  view-data: 0.3273301119916141
