times:
  edit-metadata: 0.610915322904475
  landing: 0.04812284302897751
  view-data: 0.19350628007669002
