times:
  edit-metadata: 1.6305329166352749
  landing: 0.9572263471782207
  view-data: 0.519236609339714
