times:
  edit-metadata: 0.4844873361289501
  landing: 0.6001649610698223
  view-data: 0.2139933742582798
