times:
  edit-metadata: 0.7419468900188804
  landing: 0.07026868290267885
  view-data: 0.20297999400645494
