times:
  edit-metadata: 0.46448444202542305
  landing: 0.04562414716929197
  view-data: 0.33389144949615
