times:
  edit-metadata: 1.2962551712989807
  landing: 0.13115828670561314
  view-data: 0.025475725531578064
