times:
  edit-metadata: 1.908795539289713
  landing: 0.9220535419881344
  view-data: 3.3760951086878777
