times:
  edit-metadata: 1.7017838209867477
  landing: 0.9890172481536865
  view-data: 3.527589827775955
