times:
  edit-metadata: 0.44571573426947
  landing: 0.04200063971802592
  view-data: 0.19304615864530206
