times:
  edit-metadata: 0.6022158630075864
  landing: 0.0466805329779163
  view-data: 0.1867416609893553
