times:
  edit-metadata: 0.6024647657759488
  landing: 0.04327257722616196
  view-data: 0.18896294478327036
