times:
  edit-metadata: 1.36928522400558
  landing: 0.1451210305094719
  view-data: 0.4607801828533411
