times:
  edit-metadata: 1.368410350754857
  landing: 0.021002355962991714
  view-data: 0.3194987140595913
