times:
  edit-metadata: 1.359058951959014
  landing: 0.17484092060476542
  view-data: 0.026800007559359074
