times:
  edit-metadata: 0.5958477836102247
  landing: 0.05185319669544697
  view-data: 0.19236727245151997
