times:
  edit-metadata: 0.4117728848941624
  landing: 0.07158416998572648
  view-data: 0.4550621439702809
