times:
  edit-metadata: 2.44276200607419
  landing: 1.1863872483372688
  view-data: 3.4065292179584503
