times:
  edit-metadata: 0.5452914769994095
  landing: 0.05791671000770293
  view-data: 0.45879907201742753
