times:
  edit-metadata: 1.3596559455618262
  landing: 0.01945431064814329
  view-data: 0.10113221686333418
