times:
  landing: 0.5491198099999792
  view-data: 0.5589701279999986
