times:
  landing: 1.063167913999962
  view-data: 0.5520671680000078
