times:
  edit-metadata: 0.5098698362708092
  landing: 0.6887682396918535
  view-data: 0.30153482779860497
