times:
  edit-metadata: 0.5399391819955781
  landing: 0.046526310965418816
  view-data: 0.35253262997139245
