times:
  edit-metadata: 0.4323242921382189
  landing: 0.04719634260982275
  view-data: 0.3338540866971016
