times:
  edit-metadata: 0.4072891440009698
  landing: 0.0650890129909385
  view-data: 0.6002654749900103
