times:
  edit-metadata: 0.5887640286237001
  landing: 0.04441579012200236
  view-data: 0.18727614637464285
