times:
  edit-metadata: 0.4369242188986391
  landing: 0.051189330173656344
  view-data: 0.22855596197769046
