times:
  edit-metadata: 1.307338614948094
  landing: 0.8335848087444901
  view-data: 0.6638894332572818
