times:
  edit-metadata: 0.43029626458883286
  landing: 0.04490773845463991
  view-data: 0.20510502997785807
