times:
  edit-metadata: 1.4112038100138307
  landing: 0.7409346872009337
  view-data: 3.4831390641629696
