times:
  edit-metadata: 1.393485588952899
  landing: 0.020679213106632233
  view-data: 0.10652625933289528
