times:
  edit-metadata: 1.2750147134065628
  landing: 0.021265017800033092
  view-data: 0.02546130958944559
