times:
  edit-metadata: 1.343196453526616
  landing: 0.7263627024367452
  view-data: 1.0517811151221395
