times:
  edit-metadata: 1.6179063357412815
  landing: 0.19805079512298107
  view-data: 0.02455978002399206
