times:
  edit-metadata: 1.4648761227726936
  landing: 0.8581891320645809
  view-data: 3.334148518741131
