times:
  landing: 0.545280914000017
  view-data: 0.5509091530000205
