times:
  edit-metadata: 1.3681704318150878
  landing: 0.14118436072021723
  view-data: 0.026684551499783993
