times:
  edit-metadata: 0.41611064597964287
  landing: 0.0453327726572752
  view-data: 0.31355523597449064
