times:
  edit-metadata: 1.3296080585569143
  landing: 0.19472423661500216
  view-data: 0.11689503211528063
