times:
  landing: 0.5436559479999801
  view-data: 0.5475730009999893
