times:
  edit-metadata: 0.48054951429367065
  landing: 0.5708159804344177
  view-data: 0.18204448744654655
