times:
  landing: 0.5489018191583455
  view-data: 0.5785010736435652
