times:
  edit-metadata: 0.5062991620002322
  landing: 0.06135918700010734
  view-data: 0.23823652100008985
