times:
  edit-metadata: 0.5456411428749561
  landing: 0.05460324510931969
  view-data: 0.18988898769021034
