times:
  edit-metadata: 0.5018264316022396
  landing: 0.5656386818736792
  view-data: 0.5919177159667015
