times:
  landing: 0.5775857099999939
  view-data: 0.5504721720000134
