times:
  edit-metadata: 0.4373362580081448
  landing: 0.06791119498666376
  view-data: 0.3281706350389868
