times:
  edit-metadata: 1.3560606874525547
  landing: 0.7160493806004524
  view-data: 0.5308356992900372
