times:
  edit-metadata: 0.6188358678482473
  landing: 0.04530754266306758
  view-data: 0.18592622224241495
