times:
  edit-metadata: 1.4533816613256931
  landing: 0.020593701861798763
  view-data: 0.025661869905889034
