times:
  edit-metadata: 1.635510414838791
  landing: 1.1402234621345997
  view-data: 3.4242820776998997
