times:
  edit-metadata: 1.4652980477549136
  landing: 0.7589433290995657
  view-data: 0.6709331427700818
