times:
  landing: 0.5563077809999868
  view-data: 0.5580142919999389
