times:
  edit-metadata: 1.3762306049466133
  landing: 0.020974280312657356
  view-data: 0.026777686551213264
