times:
  edit-metadata: 0.4301780490204692
  landing: 0.07008291082456708
  view-data: 0.2234368259087205
