times:
  edit-metadata: 2.3473361395299435
  landing: 1.048513364046812
  view-data: 3.7254149578511715
