times:
  edit-metadata: 0.5154390223324299
  landing: 0.9481185600161552
  view-data: 0.5302288290113211
