times:
  edit-metadata: 0.6053477249806747
  landing: 0.04400556901236996
  view-data: 0.192809357016813
