times:
  edit-metadata: 0.5658107995986938
  landing: 0.6166288517415524
  view-data: 0.20329787768423557
