times:
  edit-metadata: 0.46953222434967756
  landing: 0.04293885733932257
  view-data: 0.3377662394195795
