times:
  edit-metadata: 0.48623388446867466
  landing: 0.5766372159123421
  view-data: 0.5892305076122284
