times:
  edit-metadata: 2.151373790577054
  landing: 1.1511660953983665
  view-data: 3.4263400146737695
