times:
  edit-metadata: 1.6588387377560139
  landing: 0.7360142841935158
  view-data: 3.397155798971653
