times:
  landing: 0.5481623480000053
  view-data: 0.5583726689999935
