times:
  landing: 0.5542005960000154
  view-data: 0.5542914960000189
