times:
  landing: 0.5536972709999759
  view-data: 0.5555983060000358
