times:
  edit-metadata: 0.5926844470668584
  landing: 0.04942041100002825
  view-data: 0.19590310216881335
