times:
  edit-metadata: 0.6212186350021511
  landing: 0.044658704951871186
  view-data: 0.18802981701446697
