times:
  landing: 1.07388073300001
  view-data: 0.5593194760000415
