times:
  edit-metadata: 0.5751294028013945
  landing: 0.65417155995965
  view-data: 0.21145507507026196
