times:
  edit-metadata: 0.5300058666616678
  landing: 0.6198228821158409
  view-data: 0.1962137371301651
