times:
  landing: 1.1072387249999736
  view-data: 1.06201231
