times:
  edit-metadata: 0.5248289741575718
  landing: 0.053140923380851746
  view-data: 0.18795005232095718
