times:
  edit-metadata: 1.5385709591209888
  landing: 2.777798928320408
  view-data: 3.398590635508299
