times:
  edit-metadata: 0.4682808592915535
  landing: 0.048638892360031605
  view-data: 0.20159632619470358
