times:
  edit-metadata: 1.4394511636346579
  landing: 0.7048291135579348
  view-data: 0.5302636157721281
