times:
  edit-metadata: 1.5740227587521076
  landing: 0.7951943501830101
  view-data: 3.3461176473647356
