times:
  edit-metadata: 0.4249408390605822
  landing: 0.061083800974301994
  view-data: 0.2094677899731323
