times:
  edit-metadata: 0.5545936264097691
  landing: 0.05276079475879669
  view-data: 0.19730255752801895
