times:
  edit-metadata: 0.48672927904408425
  landing: 0.06781554798362777
  view-data: 0.35116612899582833
