times:
  edit-metadata: 1.311615695245564
  landing: 0.19523329380899668
  view-data: 0.23573967348784208
