times:
  edit-metadata: 0.5778363849967718
  landing: 0.08415241818875074
  view-data: 0.21192591404542327
