times:
  edit-metadata: 1.5650644227862358
  landing: 0.8668189700692892
  view-data: 0.7095692306756973
