times:
  edit-metadata: 1.4568931246176362
  landing: 0.6857476988807321
  view-data: 3.4159076418727636
