times:
  edit-metadata: 1.5692987479269505
  landing: 0.8506084160180762
  view-data: 0.627044695080258
