times:
  edit-metadata: 0.47124690748751163
  landing: 0.0479465126991272
  view-data: 0.19956182222813368
