times:
  edit-metadata: 1.349753824993968
  landing: 0.19602564442902803
  view-data: 0.025765600614249706
