times:
  landing: 0.5467693129999134
  view-data: 0.5490738710000187
