times:
  edit-metadata: 1.6521502137184143
  landing: 0.8704086765646935
  view-data: 0.6385768540203571
