times:
  edit-metadata: 1.4413993721827865
  landing: 0.15494333300739527
  view-data: 0.02524030115455389
