times:
  edit-metadata: 1.8429930061101913
  landing: 0.8995033949613571
  view-data: 3.4328587278723717
