times:
  edit-metadata: 1.3094518557190895
  landing: 0.021388319320976734
  view-data: 0.02389616332948208
