times:
  edit-metadata: 0.5267142653465271
  landing: 0.04736033082008362
  view-data: 0.1920623928308487
