times:
  edit-metadata: 0.5503102131187916
  landing: 0.05511529743671417
  view-data: 0.193634245544672
