times:
  edit-metadata: 0.45301762101007625
  landing: 0.05201464699348435
  view-data: 0.34316807304276153
