times:
  edit-metadata: 1.427359500899911
  landing: 0.772352509200573
  view-data: 3.3114246372133493
