times:
  edit-metadata: 1.3547258842736483
  landing: 0.15505506843328476
  view-data: 0.09977599792182446
