times:
  edit-metadata: 0.6023397725075483
  landing: 0.0439883042126894
  view-data: 0.30969895608723164
