times:
  edit-metadata: 1.594355458393693
  landing: 0.8720657117664814
  view-data: 0.7991343010216951
