times:
  edit-metadata: 0.5437270347028971
  landing: 1.0840598233044147
  view-data: 0.293854670599103
