times:
  edit-metadata: 1.8515878170728683
  landing: 0.9965736884623766
  view-data: 3.5472991187125444
