times:
  edit-metadata: 0.5160131603479385
  landing: 0.056108858436346054
  view-data: 0.18077925965189934
