times:
  edit-metadata: 0.4454334229230881
  landing: 0.04286276688799262
  view-data: 0.1838630880229175
