times:
  edit-metadata: 0.5170425600081217
  landing: 0.056207007000921294
  view-data: 0.23525291398982517
