times:
  edit-metadata: 1.3707518929732032
  landing: 0.29300885496195406
  view-data: 0.3075640570023097
