times:
  edit-metadata: 1.3788046687841415
  landing: 0.12070769630372524
  view-data: 0.3343542106449604
