times:
  edit-metadata: 0.5884125763550401
  landing: 0.04151165811344981
  view-data: 0.19079085299745202
