times:
  edit-metadata: 0.5973183319438249
  landing: 0.04959801898803562
  view-data: 0.19325274089351296
