times:
  landing: 0.5489188130000002
  view-data: 0.04289002000001574
