times:
  landing: 0.5508566939997763
  view-data: 0.5533719920003932
