times:
  edit-metadata: 1.3691335385665298
  landing: 0.02271199692040682
  view-data: 0.0243092468008399
