times:
  edit-metadata: 0.5372995212674141
  landing: 0.04741204157471657
  view-data: 0.1958620734512806
