times:
  edit-metadata: 1.4274201430380344
  landing: 0.8291449099779129
  view-data: 0.6273351311683655
