times:
  landing: 1.5871508950000361
  view-data: 0.5524253879999605
