times:
  landing: 0.5461549719999539
  view-data: 0.5500512149999395
