times:
  landing: 0.5521865049999519
  view-data: 0.5584361789999548
