times:
  edit-metadata: 1.5174475330859423
  landing: 0.7855638228356838
  view-data: 0.6452337112277746
