times:
  edit-metadata: 0.45043109776452184
  landing: 0.053816515021026134
  view-data: 0.1968014887534082
