times:
  edit-metadata: 1.1092640962451696
  landing: 0.813016889616847
  view-data: 0.7133507113903761
