times:
  edit-metadata: 0.4299573180032894
  landing: 0.06940921599743888
  view-data: 0.3401361450087279
