times:
  edit-metadata: 1.5671916883438826
  landing: 0.21010656654834747
  view-data: 0.10001193545758724
