times:
  edit-metadata: 1.3975785374641418
  landing: 0.21774153225123882
  view-data: 0.027827244251966476
