times:
  edit-metadata: 0.5095183009980246
  landing: 0.06497806799598038
  view-data: 0.36073064792435616
