times:
  edit-metadata: 0.5250003729015589
  landing: 0.5948886256664991
  view-data: 0.19281651638448238
