times:
  edit-metadata: 0.4626252558082342
  landing: 0.05230330303311348
  view-data: 0.21732587274163961
