times:
  edit-metadata: 1.9167573042213917
  landing: 1.0684009790420532
  view-data: 3.4965521171689034
