times:
  edit-metadata: 1.4281011736020446
  landing: 0.1266557862982154
  view-data: 0.09885698091238737
