times:
  landing: 1.0762027489999468
  view-data: 0.5630210300000158
