times:
  landing: 0.5416604959999631
  view-data: 0.5460082109999576
