times:
  edit-metadata: 1.518230683170259
  landing: 0.8281012615188956
  view-data: 0.6061209049075842
