times:
  edit-metadata: 1.5550016174092889
  landing: 0.02246316894888878
  view-data: 0.04756128415465355
