times:
  edit-metadata: 1.3191585671156645
  landing: 0.020533941686153412
  view-data: 0.4880978949368
