times:
  edit-metadata: 0.4535550056025386
  landing: 0.043641808442771435
  view-data: 0.19230698980391026
