times:
  edit-metadata: 1.676329366862774
  landing: 0.911803413182497
  view-data: 3.3647490106523037
