times:
  edit-metadata: 1.7078000027686357
  landing: 0.2588029857724905
  view-data: 0.3895795028656721
