times:
  edit-metadata: 1.5230843964964151
  landing: 0.7352737877517939
  view-data: 3.6062052473425865
