times:
  edit-metadata: 1.502573098987341
  landing: 0.9212098233401775
  view-data: 3.27530550211668
