times:
  edit-metadata: 1.852837823331356
  landing: 0.028926879167556763
  view-data: 0.46379148960113525
