times:
  edit-metadata: 0.4256205828860402
  landing: 0.04686088673770428
  view-data: 0.1919679120182991
