times:
  edit-metadata: 1.3795212432742119
  landing: 0.8447970785200596
  view-data: 3.282425917685032
