times:
  edit-metadata: 1.7482540756464005
  landing: 0.3778975512832403
  view-data: 0.35861941799521446
