times:
  edit-metadata: 0.4596868483349681
  landing: 0.04586303513497114
  view-data: 0.20865885354578495
