times:
  edit-metadata: 0.42878408543765545
  landing: 0.04381017107516527
  view-data: 0.22276799520477653
