times:
  edit-metadata: 1.4738188609480858
  landing: 0.9884884115308523
  view-data: 0.718026539310813
