times:
  edit-metadata: 1.4433480724692345
  landing: 1.1968398578464985
  view-data: 3.38171523809433
