times:
  edit-metadata: 1.1630139015614986
  landing: 0.7809160687029362
  view-data: 3.380849000066519
