times:
  edit-metadata: 0.5928637171164155
  landing: 0.05043921782635152
  view-data: 0.19832482398487628
