times:
  edit-metadata: 0.45139699801802635
  landing: 0.051564072258770466
  view-data: 0.18354209000244737
