times:
  edit-metadata: 0.4624974885955453
  landing: 0.04112441651523113
  view-data: 0.22428658232092857
