times:
  edit-metadata: 1.3438602164387703
  landing: 0.022359248250722885
  view-data: 0.3333272822201252
