times:
  edit-metadata: 2.4807134866714478
  landing: 1.4709021970629692
  view-data: 3.2959663569927216
