times:
  edit-metadata: 2.0783786810934544
  landing: 1.183655560016632
  view-data: 3.370681371539831
