times:
  edit-metadata: 1.5470277592539787
  landing: 0.7443363349884748
  view-data: 0.5310006234794855
