times:
  edit-metadata: 0.6241331199416891
  landing: 0.04913567705079913
  view-data: 0.18990114890038967
