times:
  edit-metadata: 0.41379830008372664
  landing: 0.06067183008417487
  view-data: 0.33409196813590825
