times:
  edit-metadata: 0.5121772680431604
  landing: 0.05467316787689924
  view-data: 0.25011498015373945
