times:
  edit-metadata: 0.4471037960611284
  landing: 0.05072562489658594
  view-data: 0.20537286484614015
