times:
  edit-metadata: 0.4214904180262238
  landing: 0.05698622402269393
  view-data: 0.3453028330113739
