times:
  edit-metadata: 1.4245629850775003
  landing: 0.6687202909961343
  view-data: 0.69137321296148
