times:
  edit-metadata: 0.5829713399289176
  landing: 0.04356240096967667
  view-data: 0.19048289698548615
