times:
  edit-metadata: 0.54979412490502
  landing: 0.12143937312066555
  view-data: 0.23768507735803723
