times:
  edit-metadata: 1.478780459612608
  landing: 0.8172201383858919
  view-data: 3.61248779296875
