times:
  edit-metadata: 0.5000952463597059
  landing: 1.100945133715868
  view-data: 0.31259006075561047
