times:
  landing: 0.5961002479999706
  view-data: 0.5596060830000056
