times:
  edit-metadata: 0.49522588960826397
  landing: 0.8514187559485435
  view-data: 0.519733939319849
