times:
  edit-metadata: 1.3598261009901762
  landing: 0.019764916971325874
  view-data: 0.438809122890234
