times:
  edit-metadata: 1.549818217754364
  landing: 0.926452063024044
  view-data: 3.4071752205491066
