times:
  edit-metadata: 1.3651318857446313
  landing: 0.09785307664424181
  view-data: 0.4324568919837475
