times:
  edit-metadata: 0.5542199332267046
  landing: 0.5796721763908863
  view-data: 0.5967660546302795
