times:
  edit-metadata: 1.4800117276608944
  landing: 0.9216801524162292
  view-data: 3.2904278486967087
