times:
  edit-metadata: 1.3450268730521202
  landing: 0.201666422188282
  view-data: 0.024402784183621407
