times:
  edit-metadata: 0.4429609370417893
  landing: 0.04275656305253506
  view-data: 0.21169101539999247
