times:
  edit-metadata: 0.5457558520138264
  landing: 0.08445393003057688
  view-data: 0.24740263703279197
