times:
  edit-metadata: 1.4305117838084698
  landing: 0.8322211354970932
  view-data: 3.2712946757674217
