times:
  edit-metadata: 0.5170784629881382
  landing: 0.05146491155028343
  view-data: 0.1973121426999569
