times:
  landing: 2.107143717999975
  view-data: 0.5584721829999921
