times:
  edit-metadata: 0.4799264706671238
  landing: 0.042025160044431686
  view-data: 0.1908245482482016
