times:
  edit-metadata: 1.421231608837843
  landing: 0.8745865151286125
  view-data: 3.4050583988428116
