times:
  edit-metadata: 0.4774728692136705
  landing: 0.04868175461888313
  view-data: 0.20383357582613826
