times:
  edit-metadata: 0.5693105279933661
  landing: 0.052864823024719954
  view-data: 0.19752863398753107
