times:
  edit-metadata: 0.459687446244061
  landing: 0.04284732323139906
  view-data: 0.3372277794405818
