times:
  edit-metadata: 0.6990336589515209
  landing: 0.056026830105111
  view-data: 0.1953725479543209
