times:
  edit-metadata: 1.6116610653698444
  landing: 0.8316321354359388
  view-data: 0.7832444366067648
