times:
  edit-metadata: 0.5287460014224052
  landing: 0.04150484874844551
  view-data: 0.19123613461852074
