times:
  edit-metadata: 0.42384909198153764
  landing: 0.059997606091201305
  view-data: 0.3330506019992754
