times:
  edit-metadata: 0.55094631947577
  landing: 0.6274633072316647
  view-data: 0.4301718734204769
