times:
  edit-metadata: 0.7048385161906481
  landing: 0.051835351157933474
  view-data: 0.19144529104232788
