times:
  edit-metadata: 1.6885566264390945
  landing: 0.8747794069349766
  view-data: 0.7260622642934322
