times:
  edit-metadata: 1.2103324066847563
  landing: 0.8216212652623653
  view-data: 0.7442613840103149
