times:
  edit-metadata: 0.575898077338934
  landing: 0.045204855501651764
  view-data: 0.19999191164970398
