times:
  edit-metadata: 1.7245474699884653
  landing: 0.020624401047825813
  view-data: 0.02745918184518814
