times:
  edit-metadata: 0.5962857419508509
  landing: 0.04875117196934298
  view-data: 0.1956815609592013
