times:
  landing: 1.0844533040000215
  view-data: 0.5547712159999492
