times:
  edit-metadata: 1.4315808601677418
  landing: 0.8498389292508364
  view-data: 0.6958020552992821
