times:
  edit-metadata: 0.4205960310064256
  landing: 0.06499357800930738
  view-data: 0.35362673696363345
