times:
  edit-metadata: 1.561503383796662
  landing: 0.9944442589767277
  view-data: 3.545113199390471
