times:
  edit-metadata: 1.4619447328150272
  landing: 0.895735077559948
  view-data: 3.6730648800730705
