times:
  edit-metadata: 0.5836028039921075
  landing: 0.04110044601839036
  view-data: 0.19274025305639952
