times:
  landing: 0.5503710010000304
  view-data: 0.5633066749999784
