times:
  edit-metadata: 0.5176505170020391
  landing: 0.132985831995029
  view-data: 0.224178258999018
