times:
  edit-metadata: 1.3682948043569922
  landing: 0.1615243386477232
  view-data: 0.499890529550612
