times:
  edit-metadata: 0.45499681192450225
  landing: 0.057548098964616656
  view-data: 0.22046501701697707
