times:
  edit-metadata: 0.46734559163451195
  landing: 0.04343505669385195
  view-data: 0.2074721921235323
