times:
  edit-metadata: 1.3251344617456198
  landing: 0.01942874025553465
  view-data: 0.22929547540843487
