times:
  edit-metadata: 0.5027154292911291
  landing: 0.5680339578539133
  view-data: 0.5890191998332739
