times:
  edit-metadata: 0.7380657070316374
  landing: 0.12695612711831927
  view-data: 0.2279595141299069
