times:
  landing: 0.5524119909999854
  view-data: 0.5646101680000015
