times:
  edit-metadata: 1.349825382232666
  landing: 0.020565043203532696
  view-data: 0.12383654713630676
