times:
  edit-metadata: 0.5168337039649487
  landing: 0.04723634943366051
  view-data: 0.19159528240561485
