times:
  edit-metadata: 0.424168350873515
  landing: 0.07723266817629337
  view-data: 0.7158412381540984
