times:
  landing: 0.5634391910000431
  view-data: 0.5598566400000209
