times:
  edit-metadata: 1.3715103566646576
  landing: 0.01992153190076351
  view-data: 0.40820075385272503
