times:
  edit-metadata: 0.47664654068648815
  landing: 0.5725255981087685
  view-data: 0.5939564034342766
