times:
  edit-metadata: 1.6141211669892073
  landing: 0.8179880920797586
  view-data: 0.7546386606991291
