times:
  edit-metadata: 1.4063888974487782
  landing: 0.7842457890510559
  view-data: 0.5255896784365177
