times:
  edit-metadata: 1.4102157652378082
  landing: 0.019753284752368927
  view-data: 0.44708196446299553
