times:
  edit-metadata: 0.48394584096968174
  landing: 1.030416451394558
  view-data: 0.3987340107560158
