times:
  edit-metadata: 0.4829645920544863
  landing: 0.6280351169407368
  view-data: 0.19906770251691341
