times:
  landing: 1.102517199000033
  view-data: 0.552833249999992
