times:
  edit-metadata: 1.5668393354862928
  landing: 0.2730699013918638
  view-data: 0.16799293272197247
