times:
  edit-metadata: 1.3432387840002775
  landing: 0.020562645979225636
  view-data: 0.42051280103623867
