times:
  edit-metadata: 0.5411531925201416
  landing: 0.0520821213722229
  view-data: 0.19246291741728783
