times:
  edit-metadata: 0.5864272110629827
  landing: 0.08787744678556919
  view-data: 0.1873540449887514
