times:
  edit-metadata: 1.5051965862512589
  landing: 0.22811765782535076
  view-data: 0.445562032982707
