times:
  edit-metadata: 0.5833073039539158
  landing: 0.07312277611345053
  view-data: 0.34200724586844444
