times:
  edit-metadata: 0.4575264020822942
  landing: 0.04620359931141138
  view-data: 0.19010707875713706
