times:
  landing: 1.073857664000002
  view-data: 0.5660499599999866
