times:
  edit-metadata: 1.692341897636652
  landing: 0.8176006684079766
  view-data: 3.242526105605066
