times:
  edit-metadata: 0.6082607011776417
  landing: 0.0742844978813082
  view-data: 0.180546852061525
