times:
  landing: 1.073169670000027
  view-data: 0.5476601789999904
