times:
  edit-metadata: 1.6610019654035568
  landing: 1.0946924556046724
  view-data: 3.7357561457902193
