times:
  edit-metadata: 0.6148697780445218
  landing: 0.07114814617671072
  view-data: 0.18333565583452582
