times:
  edit-metadata: 0.41902365162968636
  landing: 0.048249409068375826
  view-data: 0.1885139551013708
