times:
  edit-metadata: 1.5649702940136194
  landing: 0.9638539385050535
  view-data: 3.6940345279872417
