times:
  edit-metadata: 0.49269351083785295
  landing: 0.0893015330657363
  view-data: 0.25696084927767515
