times:
  edit-metadata: 0.5483971461653709
  landing: 0.05816582962870598
  view-data: 0.19646371714770794
