times:
  landing: 1.5818533539999748
  view-data: 0.5485025479999877
