times:
  edit-metadata: 0.4572864333167672
  landing: 0.05019818712025881
  view-data: 0.19828508980572224
