times:
  edit-metadata: 0.4908855464309454
  landing: 1.1309915985912085
  view-data: 0.5994103290140629
