times:
  edit-metadata: 0.43053711811080575
  landing: 0.07086675590835512
  view-data: 0.3354822490364313
