times:
  edit-metadata: 0.45596376806497574
  landing: 0.04741825023666024
  view-data: 0.1883461861871183
