times:
  edit-metadata: 0.5997559009119868
  landing: 0.04553929786197841
  view-data: 0.17970873415470123
