times:
  edit-metadata: 1.6193333212286234
  landing: 0.23638219572603703
  view-data: 0.17266781255602837
