times:
  landing: 0.5555150939999294
  view-data: 0.5434794970000212
