times:
  landing: 0.5570948139999814
  view-data: 0.5619975850000287
