times:
  edit-metadata: 0.45113738905638456
  landing: 0.038757356349378824
  view-data: 0.19541584886610508
