times:
  edit-metadata: 0.5210037779979757
  landing: 0.04929713199817343
  view-data: 0.1914710099954391
