times:
  edit-metadata: 0.44840739853680134
  landing: 0.645309291779995
  view-data: 0.2938024252653122
