times:
  edit-metadata: 1.3872633073478937
  landing: 0.21276829950511456
  view-data: 0.4004526026546955
