times:
  edit-metadata: 0.42521563405171037
  landing: 0.07131211482919753
  view-data: 0.22043123003095388
