times:
  edit-metadata: 1.3683658875524998
  landing: 0.02312380075454712
  view-data: 0.1478572953492403
