times:
  edit-metadata: 0.43188759218901396
  landing: 0.05111984070390463
  view-data: 0.18756779795512557
