times:
  edit-metadata: 1.404186945874244
  landing: 0.7899418016895652
  view-data: 0.5031427121721208
