times:
  landing: 0.5482244400000127
  view-data: 0.045313559999982544
