times:
  edit-metadata: 1.4742979761213064
  landing: 0.7730140590574592
  view-data: 0.4574214080348611
