times:
  edit-metadata: 1.338803568854928
  landing: 0.18721802346408367
  view-data: 0.02561991475522518
