times:
  edit-metadata: 0.4190287431702018
  landing: 0.06611897214315832
  view-data: 0.3420097220223397
