times:
  edit-metadata: 1.3175057675689459
  landing: 0.019836329855024815
  view-data: 0.023011060431599617
