times:
  edit-metadata: 1.4520711563527584
  landing: 0.7940053939819336
  view-data: 0.6939716804772615
