times:
  edit-metadata: 0.7332069289986975
  landing: 0.14376595697831362
  view-data: 0.2624854120076634
