times:
  edit-metadata: 1.788067527115345
  landing: 0.41529191471636295
  view-data: 0.1833606008440256
