times:
  edit-metadata: 0.5886147697456181
  landing: 0.050868730060756207
  view-data: 0.19149878015741706
