times:
  edit-metadata: 1.3492520051077008
  landing: 0.018499843776226044
  view-data: 0.4178347485139966
