times:
  landing: 0.5616861839999956
  view-data: 0.5586981920000085
