times:
  edit-metadata: 0.6009892108850181
  landing: 0.04929471202194691
  view-data: 0.18867377610877156
