times:
  edit-metadata: 1.3870871011167765
  landing: 0.7726342044770718
  view-data: 0.4716035481542349
