times:
  edit-metadata: 0.47617495618760586
  landing: 0.04300461197271943
  view-data: 0.21145741594955325
