times:
  edit-metadata: 0.5103130899369717
  landing: 0.0511181503534317
  view-data: 0.19382355734705925
