times:
  edit-metadata: 0.5214162170886993
  landing: 0.5571082886308432
  view-data: 0.18943427130579948
