times:
  edit-metadata: 0.6026270729489625
  landing: 0.05630589404609054
  view-data: 0.19106525904498994
