times:
  edit-metadata: 0.604857528116554
  landing: 0.05487277777865529
  view-data: 0.1845605841372162
