times:
  edit-metadata: 1.36127595230937
  landing: 0.8115581888705492
  view-data: 0.6458068527281284
