times:
  edit-metadata: 1.5490712616592646
  landing: 1.0811100387945771
  view-data: 3.625469177030027
