times:
  edit-metadata: 1.402586605399847
  landing: 0.021098915487527847
  view-data: 0.3337092623114586
