times:
  landing: 1.0750995509999939
  view-data: 0.5652953449999814
