times:
  edit-metadata: 2.151818633079529
  landing: 1.4499626941978931
  view-data: 3.5507690124213696
