times:
  edit-metadata: 0.5392418578267097
  landing: 0.39003192260861397
  view-data: 0.1804698444902897
