times:
  landing: 0.5522350360000132
  view-data: 0.5533603910000124
