times:
  edit-metadata: 0.45010809414088726
  landing: 0.035824076272547245
  view-data: 0.20111092226579785
