times:
  landing: 0.5429823229999897
  view-data: 0.5513073370000257
