times:
  edit-metadata: 0.4703031849930994
  landing: 0.061216811009217054
  view-data: 0.33279093701275997
