times:
  edit-metadata: 1.604491252452135
  landing: 0.8763226009905338
  view-data: 3.4235570318996906
