times:
  edit-metadata: 0.4620071188546717
  landing: 0.04060913994908333
  view-data: 0.19421083386987448
