times:
  edit-metadata: 0.4143965011462569
  landing: 0.04201685870066285
  view-data: 0.19112610397860408
