times:
  edit-metadata: 1.3063990157097578
  landing: 0.023709822446107864
  view-data: 0.40837303921580315
