times:
  edit-metadata: 0.4395191492512822
  landing: 0.03880164911970496
  view-data: 0.18923192890360951
