times:
  edit-metadata: 0.5468208156526089
  landing: 0.04903317615389824
  view-data: 0.20000019297003746
