times:
  edit-metadata: 0.6174542870139703
  landing: 0.04301831003976986
  view-data: 0.18834532797336578
