times:
  landing: 0.555455424999991
  view-data: 0.5585863430000018
