times:
  edit-metadata: 1.3791053900495172
  landing: 0.7601128527894616
  view-data: 0.5060747191309929
