times:
  edit-metadata: 1.3755110707134008
  landing: 0.1341939363628626
  view-data: 0.390109047293663
