times:
  edit-metadata: 0.5021432358771563
  landing: 0.1526306732557714
  view-data: 0.23666951898485422
