times:
  edit-metadata: 1.2909419368952513
  landing: 0.021065758541226387
  view-data: 0.10137996822595596
