times:
  landing: 1.0762145539999892
  view-data: 0.5534252360000096
