times:
  edit-metadata: 1.3948138346895576
  landing: 0.21028771065175533
  view-data: 0.5887158745899796
