times:
  edit-metadata: 1.9261880218982697
  landing: 0.8847368024289608
  view-data: 3.4238631762564182
