times:
  edit-metadata: 0.5305278766900301
  landing: 0.5863313041627407
  view-data: 0.18262172304093838
