times:
  edit-metadata: 1.343711230903864
  landing: 0.7669506706297398
  view-data: 0.6162135284394026
