times:
  edit-metadata: 1.3269588816910982
  landing: 0.1480046659708023
  view-data: 0.50841976236552
