times:
  edit-metadata: 1.4363098870962858
  landing: 0.8090372169390321
  view-data: 0.6268227063119411
