times:
  edit-metadata: 0.4213811738882214
  landing: 0.06392077007330954
  view-data: 0.22777770785614848
