times:
  edit-metadata: 1.2227084785699844
  landing: 0.8175929114222527
  view-data: 3.3700095899403095
