times:
  edit-metadata: 1.3676952123641968
  landing: 0.021466299891471863
  view-data: 0.3129380512982607
