times:
  edit-metadata: 0.530147036537528
  landing: 0.04066066350787878
  view-data: 0.21794094424694777
