times:
  edit-metadata: 1.4930745624005795
  landing: 0.9003066420555115
  view-data: 3.467986810952425
