times:
  edit-metadata: 1.3141810353845358
  landing: 0.02150663360953331
  view-data: 0.41832679230719805
