times:
  edit-metadata: 1.3087369166314602
  landing: 0.1541295014321804
  view-data: 0.022878266870975494
