times:
  landing: 0.5522513110000205
  view-data: 0.5704932030000123
