times:
  edit-metadata: 0.52577168866992
  landing: 0.05034612864255905
  view-data: 0.19613442942500114
