times:
  edit-metadata: 1.3520728163421154
  landing: 0.019907657988369465
  view-data: 0.12146084476262331
