times:
  edit-metadata: 0.6790967611595988
  landing: 0.05144439823925495
  view-data: 0.3213779181241989
