times:
  edit-metadata: 0.6060043200850487
  landing: 0.04081971407867968
  view-data: 0.1960607779910788
