times:
  edit-metadata: 2.309220068156719
  landing: 1.0524292849004269
  view-data: 3.406227506697178
