times:
  edit-metadata: 1.4016467574983835
  landing: 0.17339593451470137
  view-data: 0.24455941934138536
