times:
  edit-metadata: 0.4571231110021472
  landing: 0.05331046599894762
  view-data: 0.20979402028024197
