times:
  edit-metadata: 1.3731709644198418
  landing: 0.09700634889304638
  view-data: 0.13744718208909035
