times:
  edit-metadata: 0.4566633519716561
  landing: 0.04227745300158858
  view-data: 0.21143142273649573
