times:
  edit-metadata: 1.6661628503352404
  landing: 0.8722513634711504
  view-data: 0.5712736444547772
