times:
  edit-metadata: 0.5624195470008999
  landing: 0.05174701102077961
  view-data: 0.1880911709740758
