times:
  landing: 0.5528467560000081
  view-data: 0.5522097840000129
