times:
  landing: 0.5568874960000016
  view-data: 0.5568082899999922
