times:
  edit-metadata: 1.663525428622961
  landing: 0.25094277039170265
  view-data: 0.22698765993118286
