times:
  edit-metadata: 1.506279869005084
  landing: 0.10841388627886772
  view-data: 0.025910865515470505
