times:
  edit-metadata: 1.5170614272356033
  landing: 0.7563053425401449
  view-data: 0.6234752628952265
