times:
  edit-metadata: 1.6140884701162577
  landing: 0.2519265152513981
  view-data: 0.5143873412162066
