times:
  edit-metadata: 1.8467553816735744
  landing: 1.0216517485678196
  view-data: 3.3308312222361565
