times:
  edit-metadata: 1.785570552572608
  landing: 0.9750756472349167
  view-data: 0.5546380095183849
