times:
  edit-metadata: 0.44739936105906963
  landing: 0.051603378262370825
  view-data: 0.20649865828454494
