times:
  edit-metadata: 0.46738478215411305
  landing: 0.05180679680779576
  view-data: 0.34628391079604626
