times:
  edit-metadata: 1.3479151083156466
  landing: 0.7428856869228184
  view-data: 0.5758189060725272
