times:
  edit-metadata: 1.3787641767412424
  landing: 0.01980716735124588
  view-data: 0.1408443357795477
