times:
  edit-metadata: 1.33454155549407
  landing: 0.020832855254411697
  view-data: 0.02493088971823454
