times:
  edit-metadata: 0.649756072089076
  landing: 0.08516754023730755
  view-data: 0.3475344399921596
