times:
  edit-metadata: 2.1455138456076384
  landing: 1.3052609516307712
  view-data: 0.7708381060510874
