times:
  edit-metadata: 0.46620534802787006
  landing: 0.05024661007337272
  view-data: 0.3501295109745115
