times:
  landing: 0.5592066699999805
  view-data: 0.556258846999981
