times:
  landing: 0.5521332490000077
  view-data: 0.5593785349999507
