times:
  edit-metadata: 1.4768192707560956
  landing: 0.8279501087963581
  view-data: 3.3320599170401692
