times:
  edit-metadata: 1.3602619646117091
  landing: 0.155208601616323
  view-data: 0.11768554802983999
