times:
  edit-metadata: 1.4333001729100943
  landing: 0.022738348692655563
  view-data: 0.1349061094224453
