times:
  edit-metadata: 0.5243137441575527
  landing: 0.08238527365028858
  view-data: 0.46333114756271243
