times:
  edit-metadata: 1.914357420988381
  landing: 1.3787541640922427
  view-data: 0.5169018125161529
