times:
  edit-metadata: 1.3312908571679145
  landing: 0.8430120039265603
  view-data: 0.5637658920604736
