times:
  landing: 1.0782661660000485
  view-data: 0.5564736690000132
