times:
  edit-metadata: 0.5480614244006574
  landing: 0.14380296599119902
  view-data: 0.24611866381019354
