times:
  edit-metadata: 1.3262398149818182
  landing: 0.02176364976912737
  view-data: 0.11958118621259928
