times:
  edit-metadata: 1.301605517975986
  landing: 0.020819414407014847
  view-data: 0.026086692698299885
