times:
  edit-metadata: 0.5737218189751729
  landing: 0.04170316900126636
  view-data: 0.18813897902145982
