times:
  landing: 1.0678354879999574
  view-data: 0.5486010320000219
