times:
  landing: 0.5548257289999583
  view-data: 0.5514943880000374
