times:
  edit-metadata: 1.3318716511130333
  landing: 0.16509934328496456
  view-data: 0.47129630856215954
