times:
  edit-metadata: 1.574215095024556
  landing: 7.460488419048488
  view-data: 0.5969116599299014
