times:
  edit-metadata: 1.3315176125615835
  landing: 0.16906051337718964
  view-data: 0.466816920787096
