times:
  edit-metadata: 2.000187087804079
  landing: 0.9589537084102631
  view-data: 0.7294781412929296
