times:
  edit-metadata: 0.5161053952760994
  landing: 0.044689953327178955
  view-data: 0.24569597700610757
