times:
  landing: 1.078085145999978
  view-data: 0.5630332339999882
