times:
  edit-metadata: 0.5479900110512972
  landing: 2.4094428084790707
  view-data: 1.9196983091533184
