times:
  edit-metadata: 0.550656259059906
  landing: 0.04376964643597603
  view-data: 0.20009556785225868
