times:
  edit-metadata: 1.7155958376824856
  landing: 0.12114711850881577
  view-data: 0.10376711003482342
