times:
  edit-metadata: 0.44747643545269966
  landing: 0.04802195215597749
  view-data: 0.20013403100892901
