times:
  edit-metadata: 1.3830712726339698
  landing: 0.018383130431175232
  view-data: 0.1325408797711134
