times:
  landing: 1.0655625460000238
  view-data: 0.5509764260000338
