times:
  landing: 1.1036514929999726
  view-data: 0.5530599449999727
