times:
  landing: 0.5492249069999957
  view-data: 0.5559306779999815
