times:
  edit-metadata: 0.43031948572024703
  landing: 0.049256833270192146
  view-data: 0.19848373904824257
