times:
  edit-metadata: 1.4383838772773743
  landing: 0.018802774138748646
  view-data: 0.02556945290416479
