times:
  landing: 1.0676379280000106
  view-data: 0.5528858289999903
