times:
  edit-metadata: 1.509518101811409
  landing: 0.02669239416718483
  view-data: 0.2616846300661564
