times:
  edit-metadata: 0.40930756798479706
  landing: 0.061228426988236606
  view-data: 0.23036000004503876
