times:
  edit-metadata: 2.464374952018261
  landing: 1.2478122897446156
  view-data: 3.546001708135009
