times:
  edit-metadata: 1.4816393181681633
  landing: 0.7499738689512014
  view-data: 0.7427611388266087
