times:
  edit-metadata: 0.5916942469775677
  landing: 0.04286243114620447
  view-data: 0.18321303790435195
