times:
  edit-metadata: 1.4857009295374155
  landing: 0.8753701578825712
  view-data: 0.6653584074229002
