times:
  edit-metadata: 0.5299447644501925
  landing: 0.5699507389217615
  view-data: 0.5948670841753483
