times:
  edit-metadata: 1.5407331883907318
  landing: 0.7818303368985653
  view-data: 0.5378109887242317
