times:
  landing: 0.5564049760000671
  view-data: 0.5535597450000296
