times:
  landing: 0.5503885319999995
  view-data: 0.557350074999988
