times:
  edit-metadata: 1.4289057739078999
  landing: 0.8732537254691124
  view-data: 0.588565319776535
