times:
  edit-metadata: 1.3943607322871685
  landing: 0.020827995613217354
  view-data: 0.025044243782758713
