times:
  edit-metadata: 0.4199057510122657
  landing: 0.06685844203457236
  view-data: 0.3447070550173521
