times:
  edit-metadata: 1.974654570221901
  landing: 1.5065784379839897
  view-data: 3.4504742957651615
