times:
  edit-metadata: 1.649976722896099
  landing: 0.8899874854832888
  view-data: 3.397221613675356
