times:
  landing: 0.5564842880000356
  view-data: 0.5690347240000051
