times:
  edit-metadata: 1.3530403645709157
  landing: 0.022131464444100857
  view-data: 0.09672653675079346
