times:
  edit-metadata: 0.5364296678453684
  landing: 0.7753342762589455
  view-data: 0.427800415083766
