times:
  edit-metadata: 0.6075389641337097
  landing: 0.047182854264974594
  view-data: 0.1893096030689776
