times:
  edit-metadata: 0.5923669530311599
  landing: 0.04796295997221023
  view-data: 0.19444536697119474
