times:
  edit-metadata: 1.578128520399332
  landing: 0.7076510116457939
  view-data: 3.4268049485981464
