times:
  edit-metadata: 1.2898436784744263
  landing: 0.01882549561560154
  view-data: 0.1153703760355711
