times:
  edit-metadata: 0.5737420730292797
  landing: 0.05084606632590294
  view-data: 0.19920002669095993
