times:
  edit-metadata: 1.353851423598826
  landing: 0.020035012625157833
  view-data: 0.11892788112163544
