times:
  edit-metadata: 0.5859170008916408
  landing: 0.05750381690450013
  view-data: 0.1909147489350289
