times:
  edit-metadata: 1.5049660047516227
  landing: 0.1094563640654087
  view-data: 0.09792663436383009
