times:
  edit-metadata: 0.8680263650021516
  landing: 0.09162253700196743
  view-data: 0.25829598197015
