times:
  edit-metadata: 0.5204149750061333
  landing: 0.04630843875929713
  view-data: 0.4820966562256217
