times:
  edit-metadata: 0.4954695086926222
  landing: 0.04383802833035588
  view-data: 0.2005401747301221
