times:
  edit-metadata: 0.5751958363689482
  landing: 0.05151165556162596
  view-data: 0.18159171100705862
