times:
  edit-metadata: 2.4111512675881386
  landing: 1.3858072459697723
  view-data: 3.704749772325158
