times:
  edit-metadata: 0.538503635674715
  landing: 0.046841830015182495
  view-data: 0.20136142894625664
