times:
  edit-metadata: 0.5664947684854269
  landing: 1.5552920866757631
  view-data: 0.43900853022933006
