times:
  edit-metadata: 0.45956254471093416
  landing: 0.04004942812025547
  view-data: 0.18959026085212827
