times:
  edit-metadata: 1.5159401446580887
  landing: 0.020878799259662628
  view-data: 0.024264395236968994
