times:
  edit-metadata: 0.5411220267415047
  landing: 0.053848300129175186
  view-data: 0.19437946006655693
