times:
  edit-metadata: 0.5647060908377171
  landing: 0.04189332202076912
  view-data: 0.19154194742441177
