times:
  edit-metadata: 2.8705843640491366
  landing: 0.42473477218300104
  view-data: 0.7629250781610608
