times:
  edit-metadata: 0.6089216630207375
  landing: 0.05125668295659125
  view-data: 0.18660432897740975
