times:
  landing: 0.5503923480000594
  view-data: 0.5509590859999207
