times:
  edit-metadata: 1.4428684748709202
  landing: 0.8524585291743279
  view-data: 3.3992231898009777
