times:
  edit-metadata: 0.5092969262041152
  landing: 0.04519168892875314
  view-data: 0.21283782506361604
