times:
  edit-metadata: 1.457267476245761
  landing: 0.7738967761397362
  view-data: 0.67272431217134
