times:
  edit-metadata: 0.4748629853129387
  landing: 0.6067060194909573
  view-data: 0.21141815930604935
