times:
  edit-metadata: 0.5317720714956522
  landing: 0.7285965606570244
  view-data: 0.32987143099308014
