times:
  edit-metadata: 0.4155890201218426
  landing: 0.03895827569067478
  view-data: 0.1951883719302714
