times:
  edit-metadata: 0.6043290290981531
  landing: 0.044301094487309456
  view-data: 0.2166852317750454
