times:
  edit-metadata: 0.58390978211537
  landing: 0.05348116485401988
  view-data: 0.19291847478598356
