times:
  edit-metadata: 0.4207182130776346
  landing: 0.06654739426448941
  view-data: 0.34426222229376435
