times:
  edit-metadata: 0.4969225786626339
  landing: 1.6252491921186447
  view-data: 0.5756151396781206
