times:
  landing: 0.5533748870000181
  view-data: 0.5598915829999669
