times:
  edit-metadata: 1.5681236274540424
  landing: 0.8311367593705654
  view-data: 3.394330494105816
