times:
  landing: 0.5469966910000039
  view-data: 0.5521304620000365
