times:
  edit-metadata: 1.3006540248170495
  landing: 0.6990773063153028
  view-data: 0.6220749048516154
