times:
  edit-metadata: 0.4916842619422823
  landing: 0.09996164892800152
  view-data: 0.3237426958512515
