times:
  edit-metadata: 0.44310332369059324
  landing: 0.04276641504839063
  view-data: 0.1881000460125506
