times:
  landing: 0.5487556799999993
  view-data: 0.5634268979999888
