times:
  edit-metadata: 0.47612945828586817
  landing: 0.03665534965693951
  view-data: 0.21309110801666975
