times:
  edit-metadata: 0.608861135027837
  landing: 0.06908092799130827
  view-data: 0.2169577109743841
