times:
  edit-metadata: 0.4800796210038243
  landing: 0.06867080599477049
  view-data: 0.457975761994021
