times:
  edit-metadata: 0.49593401700258255
  landing: 0.5994175747036934
  view-data: 0.5888360906392336
