times:
  landing: 0.5479408610000291
  view-data: 0.5498143290000144
