times:
  edit-metadata: 1.364265674725175
  landing: 0.019183533266186714
  view-data: 0.09850091114640236
