times:
  edit-metadata: 1.3976700529456139
  landing: 0.021051159128546715
  view-data: 0.026309341192245483
