times:
  landing: 0.5588836059999949
  view-data: 0.5588181059999897
