times:
  edit-metadata: 1.3401178121566772
  landing: 0.02054696250706911
  view-data: 0.02291952818632126
