times:
  edit-metadata: 1.362375209107995
  landing: 0.25737580843269825
  view-data: 0.14218390360474586
