times:
  edit-metadata: 1.942842360585928
  landing: 1.2847432158887386
  view-data: 3.3912654519081116
