times:
  landing: 0.5511550980000379
  view-data: 0.5526711050000017
