times:
  edit-metadata: 0.44153163582086563
  landing: 0.04040910769253969
  view-data: 0.22149144113063812
