times:
  landing: 0.5709915930000307
  view-data: 0.5625903729999777
