times:
  landing: 1.0776196909999953
  view-data: 0.5581608240000264
