times:
  edit-metadata: 0.560902550816536
  landing: 0.7868651244789362
  view-data: 0.23474126681685448
