times:
  edit-metadata: 0.4199702269397676
  landing: 0.06298505503218621
  view-data: 0.3607741289306432
