times:
  edit-metadata: 0.4588897321373224
  landing: 0.5743506606668234
  view-data: 0.213303804397583
