times:
  edit-metadata: 0.57830531289801
  landing: 0.05802495824173093
  view-data: 0.18627633480355144
