times:
  edit-metadata: 0.4038599229825195
  landing: 0.06470917101250961
  view-data: 1.515408628998557
