times:
  edit-metadata: 1.3638757378794253
  landing: 0.8871197472326458
  view-data: 0.6342467698268592
