times:
  edit-metadata: 0.6108788950368762
  landing: 0.05022108368575573
  view-data: 0.18733571795746684
