times:
  edit-metadata: 0.4400803109165281
  landing: 0.07076145894825459
  view-data: 0.349062651861459
