times:
  edit-metadata: 0.4168734640115872
  landing: 0.0672859160695225
  view-data: 0.21488848701119423
