times:
  edit-metadata: 0.4480728767812252
  landing: 0.044637550599873066
  view-data: 0.2195318043231964
