times:
  edit-metadata: 0.43098225607536733
  landing: 0.06311744404956698
  view-data: 0.3424357040785253
