times:
  edit-metadata: 1.6893823519349098
  landing: 0.934724722057581
  view-data: 3.3132461458444595
