times:
  edit-metadata: 1.6284599117934704
  landing: 0.9305337555706501
  view-data: 0.6956976689398289
