times:
  landing: 0.5525246430000266
  view-data: 0.561556515999996
