times:
  edit-metadata: 0.5891571911051869
  landing: 0.048181203193962574
  view-data: 0.19044395093806088
