times:
  edit-metadata: 1.5047606974840164
  landing: 0.7434924189001322
  view-data: 3.284786779433489
