times:
  edit-metadata: 1.5333215855062008
  landing: 0.9918108955025673
  view-data: 3.387707896530628
