times:
  edit-metadata: 2.036270573735237
  landing: 1.3057182468473911
  view-data: 3.4877975210547447
