times:
  edit-metadata: 1.8025143491104245
  landing: 0.23591933213174343
  view-data: 0.048013417981565
