times:
  edit-metadata: 1.5155337899923325
  landing: 0.9328961595892906
  view-data: 3.36521964892745
