times:
  landing: 0.5458135210000137
  view-data: 0.5466344319999905
