times:
  edit-metadata: 0.635124359279871
  landing: 0.47366638481616974
  view-data: 0.4197392426431179
