times:
  edit-metadata: 0.5051230564713478
  landing: 0.039887419901788235
  view-data: 0.20087103080004454
