times:
  edit-metadata: 1.406609408557415
  landing: 0.824624314904213
  view-data: 3.2822658233344555
