times:
  edit-metadata: 0.5536307282745838
  landing: 0.05103585869073868
  view-data: 0.1940423548221588
