times:
  edit-metadata: 1.5322605520486832
  landing: 0.7411631718277931
  view-data: 0.6191525347530842
