times:
  edit-metadata: 1.3551606945693493
  landing: 0.14757995679974556
  view-data: 0.26085840351879597
