times:
  landing: 0.5570147070000075
  view-data: 0.5526610780000283
