times:
  edit-metadata: 1.2961238287389278
  landing: 0.8866334781050682
  view-data: 3.3526702038943768
