times:
  edit-metadata: 0.614726785919629
  landing: 0.05068671307526529
  view-data: 0.19690471002832055
