times:
  edit-metadata: 0.4192540568765253
  landing: 0.06877426593564451
  view-data: 0.35316703701391816
