times:
  landing: 0.5586202549999939
  view-data: 0.5664257099999759
