times:
  edit-metadata: 0.5458467453718185
  landing: 0.5881394017487764
  view-data: 0.19179383106529713
