times:
  edit-metadata: 1.468964908272028
  landing: 0.8423709589987993
  view-data: 0.6130554098635912
