times:
  landing: 0.5536136780000334
  view-data: 0.5702676790000396
