times:
  edit-metadata: 1.8679128773510456
  landing: 0.4262754786759615
  view-data: 0.05766859091818333
