times:
  edit-metadata: 1.3628006372600794
  landing: 0.8311231918632984
  view-data: 0.496244041249156
