times:
  edit-metadata: 0.6551761068403721
  landing: 0.038846349343657494
  view-data: 0.18162517994642258
