times:
  edit-metadata: 1.5561773963272572
  landing: 0.9721470847725868
  view-data: 3.6555922739207745
