times:
  edit-metadata: 1.4303548038005829
  landing: 0.9324756972491741
  view-data: 3.3450264744460583
