times:
  landing: 0.556164152000008
  view-data: 0.0460087689999682
