times:
  edit-metadata: 1.819382268935442
  landing: 1.011659737676382
  view-data: 3.3761554807424545
