times:
  edit-metadata: 1.656620940193534
  landing: 0.8554438520222902
  view-data: 3.2606147145852447
