times:
  edit-metadata: 0.4276832090690732
  landing: 0.05746152997016907
  view-data: 0.3476728778332472
