times:
  edit-metadata: 0.5891684310045093
  landing: 0.038748297025449574
  view-data: 0.18627466703765094
