times:
  edit-metadata: 0.5437236838042736
  landing: 0.043480198830366135
  view-data: 0.19430039450526237
