times:
  edit-metadata: 1.5370219899341464
  landing: 0.8018118496984243
  view-data: 3.4630314726382494
