times:
  landing: 0.555575632
  view-data: 0.5558797340000297
