times:
  landing: 1.0721533120000117
  view-data: 0.5564521439999908
