times:
  edit-metadata: 0.5473079867660999
  landing: 0.05301206186413765
  view-data: 0.1986285336315632
