times:
  edit-metadata: 0.5497510656714439
  landing: 0.05213923752307892
  view-data: 0.1777302324771881
