times:
  edit-metadata: 0.4543250482529402
  landing: 0.0455233477987349
  view-data: 0.1877177399583161
