times:
  edit-metadata: 0.5975993929896504
  landing: 0.04538567503914237
  view-data: 0.19323119800537825
