times:
  edit-metadata: 1.5957246627658606
  landing: 0.7997825630009174
  view-data: 0.6436762772500515
