times:
  edit-metadata: 1.3993068216368556
  landing: 0.20730437245219946
  view-data: 0.02695548441261053
