times:
  edit-metadata: 0.41096042608842254
  landing: 0.07599220797419548
  view-data: 0.3321465468034148
