times:
  landing: 0.5471848870000144
  view-data: 0.5544074090000208
