times:
  landing: 0.5467247120000138
  view-data: 0.5496156560000145
