times:
  edit-metadata: 2.300931975711137
  landing: 1.1343596559017897
  view-data: 1.2008347902446985
