times:
  edit-metadata: 1.4219800718128681
  landing: 0.026345042511820793
  view-data: 0.024165280163288116
