times:
  edit-metadata: 1.3344156676903367
  landing: 0.01906604040414095
  view-data: 0.10097294300794601
