times:
  edit-metadata: 0.4606479201465845
  landing: 0.04146777372807264
  view-data: 0.1880444921553135
