times:
  edit-metadata: 0.5938852368853986
  landing: 0.04871293483301997
  view-data: 0.1951532680541277
