times:
  edit-metadata: 0.505554047995247
  landing: 0.04653457994572818
  view-data: 0.24228989996481687
