times:
  edit-metadata: 1.320076797157526
  landing: 1.0369257293641567
  view-data: 3.3803239837288857
