times:
  edit-metadata: 1.4321942441165447
  landing: 0.7387871630489826
  view-data: 3.2899275794625282
