times:
  edit-metadata: 1.5758758038282394
  landing: 0.8543222397565842
  view-data: 3.4270949363708496
