times:
  edit-metadata: 1.4564738236367702
  landing: 0.9296712689101696
  view-data: 3.453541610389948
