times:
  edit-metadata: 2.3128880225121975
  landing: 0.9200449883937836
  view-data: 3.5936960615217686
