times:
  edit-metadata: 1.6942255459725857
  landing: 1.0301237553358078
  view-data: 3.33908499404788
