times:
  edit-metadata: 1.5160574726760387
  landing: 1.033742319792509
  view-data: 3.2927916906774044
