times:
  edit-metadata: 2.365451529622078
  landing: 1.0790829509496689
  view-data: 3.458449736237526
