times:
  edit-metadata: 1.9373059459030628
  landing: 0.871643740683794
  view-data: 4.018871385604143
