times:
  edit-metadata: 1.356867104768753
  landing: 0.9560878053307533
  view-data: 3.3489609844982624
