times:
  edit-metadata: 1.5298800524324179
  landing: 0.8008545748889446
  view-data: 3.40112267062068
