times:
  edit-metadata: 1.4074926786124706
  landing: 0.8034000881016254
  view-data: 3.2955083660781384
