times:
  edit-metadata: 2.035504214465618
  landing: 1.4802358280867338
  view-data: 3.4248710609972477
