times:
  edit-metadata: 1.6144393384456635
  landing: 0.9309494215995073
  view-data: 3.319875715300441
