times:
  edit-metadata: 1.5574796758592129
  landing: 0.8044575750827789
  view-data: 3.3789643086493015
