times:
  edit-metadata: 1.5043855849653482
  landing: 0.8452787660062313
  view-data: 3.424004942178726
