times:
  edit-metadata: 1.5896794125437737
  landing: 0.8220066204667091
  view-data: 3.4350534547120333
