times:
  edit-metadata: 1.6987593844532967
  landing: 1.0586719922721386
  view-data: 3.3911177702248096
