times:
  edit-metadata: 1.5329025629907846
  landing: 0.8033884055912495
  view-data: 3.3839486334472895
