times:
  edit-metadata: 2.040907436981797
  landing: 1.1752292839810252
  view-data: 3.4971543811261654
