times:
  edit-metadata: 1.413457479327917
  landing: 0.8049395438283682
  view-data: 3.3363021668046713
