times:
  edit-metadata: 1.600995235145092
  landing: 1.047909077256918
  view-data: 3.3443342968821526
