times:
  edit-metadata: 1.522202093154192
  landing: 0.8842106517404318
  view-data: 3.3243890441954136
