times:
  edit-metadata: 1.6032939935103059
  landing: 0.912677887827158
  view-data: 3.4379407288506627
