times:
  edit-metadata: 1.5705141499638557
  landing: 1.1245333552360535
  view-data: 3.3992133885622025
