times:
  edit-metadata: 1.4981470964848995
  landing: 0.8846786357462406
  view-data: 3.3152458146214485
