times:
  edit-metadata: 1.8321221936494112
  landing: 0.9389411974698305
  view-data: 3.301100706681609
