times:
  edit-metadata: 1.413926512002945
  landing: 0.962377842515707
  view-data: 3.3783520311117172
