times:
  edit-metadata: 1.6986910253763199
  landing: 1.3308486640453339
  view-data: 3.3518427573144436
