times:
  edit-metadata: 1.5512018501758575
  landing: 0.8825304247438908
  view-data: 3.3277474008500576
