times:
  edit-metadata: 1.4834711020812392
  landing: 0.9305134359747171
  view-data: 3.379622034728527
