times:
  edit-metadata: 2.041147653013468
  landing: 1.1997337862849236
  view-data: 3.333546005189419
