times:
  edit-metadata: 1.4654059410095215
  landing: 0.7435896433889866
  view-data: 3.373125869780779
