times:
  edit-metadata: 1.6416914574801922
  landing: 0.955872505903244
  view-data: 3.46539019793272
