times:
  edit-metadata: 1.5576865635812283
  landing: 0.8981304168701172
  view-data: 3.444004662334919
