times:
  edit-metadata: 1.682703343220055
  landing: 1.05781483463943
  view-data: 3.452357011847198
