times:
  edit-metadata: 1.491764321923256
  landing: 1.0360866002738476
  view-data: 3.3610556796193123
