times:
  edit-metadata: 1.5005255714058876
  landing: 0.9082939773797989
  view-data: 3.3330337814986706
