times:
  edit-metadata: 1.519925318658352
  landing: 0.7718129865825176
  view-data: 3.4009327851235867
