times:
  edit-metadata: 1.496148694306612
  landing: 0.8876185193657875
  view-data: 3.4007887598127127
