times:
  edit-metadata: 2.0105132069438696
  landing: 1.0677278935909271
  view-data: 3.4949927385896444
