times:
  edit-metadata: 1.542588833719492
  landing: 0.8821307569742203
  view-data: 3.386088576167822
