times:
  edit-metadata: 1.4884966034442186
  landing: 0.8199647143483162
  view-data: 3.368715697899461
