times:
  edit-metadata: 1.4969654269516468
  landing: 0.8749131411314011
  view-data: 3.334972258657217
