times:
  edit-metadata: 1.7764018215239048
  landing: 1.5320272780954838
  view-data: 3.350413531064987
