times:
  edit-metadata: 1.4949100371450186
  landing: 0.9443736039102077
  view-data: 3.46145055629313
