times:
  edit-metadata: 1.413051676005125
  landing: 0.8235720358788967
  view-data: 3.3533011469990015
