times:
  edit-metadata: 1.8982326406985521
  landing: 1.3769831508398056
  view-data: 3.38669809140265
