times:
  edit-metadata: 1.3817211464047432
  landing: 0.7079814448952675
  view-data: 3.3019844628870487
