times:
  edit-metadata: 1.5995965730398893
  landing: 0.9192638751119375
  view-data: 3.388794234022498
