times:
  edit-metadata: 1.5320023521780968
  landing: 1.117275945842266
  view-data: 3.354765646159649
