times:
  edit-metadata: 1.513109777122736
  landing: 0.8324902355670929
  view-data: 3.471123879775405
