times:
  edit-metadata: 1.5317277293652296
  landing: 0.7778721265494823
  view-data: 3.3435940202325583
