times:
  edit-metadata: 1.5423114523291588
  landing: 0.7725054640322924
  view-data: 3.343395408242941
