times:
  edit-metadata: 1.5397163555026054
  landing: 0.855603463947773
  view-data: 3.417710315436125
