times:
  edit-metadata: 1.61955226957798
  landing: 0.9596997164189816
  view-data: 3.376721568405628
