times:
  edit-metadata: 2.6901340186595917
  landing: 1.0335208252072334
  view-data: 3.291343830525875
