times:
  edit-metadata: 1.504529494792223
  landing: 0.965163379907608
  view-data: 3.341558149084449
