times:
  edit-metadata: 2.2320078797638416
  landing: 2.688965660519898
  view-data: 3.982423398643732
