times:
  edit-metadata: 1.5258270874619484
  landing: 0.7634065449237823
  view-data: 3.37747972458601
