times:
  edit-metadata: 1.6655205637216568
  landing: 1.05147273093462
  view-data: 3.4120272621512413
