times:
  edit-metadata: 1.7500751055777073
  landing: 1.0282629132270813
  view-data: 3.3311322666704655
