times:
  edit-metadata: 1.5586551576852798
  landing: 0.7368200421333313
  view-data: 3.3316398672759533
