times:
  edit-metadata: 1.52696168795228
  landing: 0.9486453682184219
  view-data: 3.391390237957239
