times:
  edit-metadata: 1.5401538163423538
  landing: 0.8335164375603199
  view-data: 3.4271072391420603
