times:
  edit-metadata: 2.0658705281093717
  landing: 1.0152605846524239
  view-data: 3.5237237168475986
