times:
  edit-metadata: 1.531446235254407
  landing: 0.7854864560067654
  view-data: 3.43057157099247
