times:
  edit-metadata: 1.5414519794285297
  landing: 0.8146487884223461
  view-data: 3.373049193993211
