times:
  edit-metadata: 1.6598573587834835
  landing: 0.8872348349541426
  view-data: 3.4161912333220243
