times:
  edit-metadata: 1.4574818164110184
  landing: 1.0205458998680115
  view-data: 3.378823187202215
