times:
  edit-metadata: 1.491474486887455
  landing: 0.9416950158774853
  view-data: 3.3421639911830425
