times:
  edit-metadata: 2.0992739349603653
  landing: 1.1410056725144386
  view-data: 3.4298234917223454
