times:
  edit-metadata: 1.3916170075535774
  landing: 0.9579889737069607
  view-data: 3.364341549575329
