times:
  edit-metadata: 1.5351415928453207
  landing: 0.934025701135397
  view-data: 3.4514998625963926
