times:
  edit-metadata: 1.512484472244978
  landing: 0.9788316674530506
  view-data: 3.418378759175539
