times:
  edit-metadata: 1.6453194208443165
  landing: 0.8384608402848244
  view-data: 3.418817687779665
