times:
  edit-metadata: 3.596181157976389
  landing: 1.0139059871435165
  view-data: 3.440506733953953
