times:
  edit-metadata: 1.4356834813952446
  landing: 0.8970463685691357
  view-data: 3.3957797586917877
