times:
  edit-metadata: 1.821420194581151
  landing: 1.0816644132137299
  view-data: 3.359264601022005
