times:
  edit-metadata: 1.7819712422788143
  landing: 1.2891199439764023
  view-data: 3.3643217645585537
