times:
  edit-metadata: 1.8379399422556162
  landing: 0.9085976649075747
  view-data: 3.3954101447016
