times:
  edit-metadata: 1.5097764357924461
  landing: 0.7840216625481844
  view-data: 3.422234093770385
