times:
  edit-metadata: 1.4634354002773762
  landing: 0.8333100490272045
  view-data: 3.390075948089361
