times:
  edit-metadata: 1.697147823870182
  landing: 0.839554026722908
  view-data: 3.3893315121531487
