times:
  edit-metadata: 1.3453326150774956
  landing: 0.730650320649147
  view-data: 3.279680073261261
