times:
  edit-metadata: 1.5140864253044128
  landing: 0.8135982938110828
  view-data: 3.4676800835877657
