times:
  edit-metadata: 1.471797525882721
  landing: 0.936604879796505
  view-data: 3.4138319976627827
