times:
  edit-metadata: 1.5426828563213348
  landing: 0.9710540249943733
  view-data: 3.404855005443096
