times:
  edit-metadata: 1.5265440624207258
  landing: 0.8129469230771065
  view-data: 3.3576223719865084
