times:
  edit-metadata: 2.0538559230044484
  landing: 1.2158289467915893
  view-data: 3.6466714004054666
