times:
  edit-metadata: 1.498300425708294
  landing: 0.981013759970665
  view-data: 3.451140221208334
