times:
  edit-metadata: 1.3540983200073242
  landing: 0.7328801695257425
  view-data: 3.2966154105961323
