times:
  edit-metadata: 2.7627062406390905
  landing: 1.2565703112632036
  view-data: 3.502862423658371
