times:
  edit-metadata: 1.4841703474521637
  landing: 0.9959718827158213
  view-data: 3.353669434785843
