times:
  edit-metadata: 1.5578882060945034
  landing: 0.8209767714142799
  view-data: 3.439875088632107
