times:
  edit-metadata: 1.5383252054452896
  landing: 0.9030511528253555
  view-data: 3.370206296443939
