times:
  edit-metadata: 1.8399375639855862
  landing: 1.3043457046151161
  view-data: 3.4641163274645805
