times:
  edit-metadata: 2.2246413873508573
  landing: 0.9141034465283155
  view-data: 3.4136397698894143
