times:
  edit-metadata: 1.5609317030757666
  landing: 0.8202138803899288
  view-data: 3.385588640347123
