times:
  edit-metadata: 1.4922714084386826
  landing: 0.9430378191173077
  view-data: 3.431476917117834
