times:
  edit-metadata: 1.4303040094673634
  landing: 0.9267124272882938
  view-data: 3.4199814796447754
