times:
  edit-metadata: 1.5011804029345512
  landing: 0.964529100805521
  view-data: 3.3454524949193
