times:
  edit-metadata: 1.5328486561775208
  landing: 0.812627200037241
  view-data: 3.399426683783531
