times:
  edit-metadata: 1.427508905529976
  landing: 0.7518998607993126
  view-data: 3.295235477387905
