times:
  edit-metadata: 1.5499761998653412
  landing: 0.8132727853953838
  view-data: 3.43396919965744
