times:
  edit-metadata: 1.5365131013095379
  landing: 0.7925845682621002
  view-data: 3.373351216316223
