times:
  edit-metadata: 1.5851035844534636
  landing: 0.9661765675991774
  view-data: 3.4993992373347282
