times:
  edit-metadata: 1.4314647503197193
  landing: 0.8866806924343109
  view-data: 3.360742434859276
