times:
  edit-metadata: 1.7394584435969591
  landing: 0.9390491247177124
  view-data: 3.402169480919838
