times:
  edit-metadata: 1.4657948464155197
  landing: 0.7197166085243225
  view-data: 3.293077528476715
