times:
  edit-metadata: 2.1742764934897423
  landing: 1.1616232134401798
  view-data: 3.4881329238414764
