times:
  edit-metadata: 1.4829155281186104
  landing: 0.9196997974067926
  view-data: 3.304086174815893
