times:
  edit-metadata: 1.5531532485038042
  landing: 0.8900405019521713
  view-data: 3.457157665863633
