times:
  edit-metadata: 1.4972020238637924
  landing: 0.85356605052948
  view-data: 3.3058418966829777
