times:
  edit-metadata: 1.541888926178217
  landing: 0.8893573433160782
  view-data: 3.3732000589370728
