times:
  edit-metadata: 1.902947772294283
  landing: 1.1118365190923214
  view-data: 3.4498722553253174
