times:
  edit-metadata: 1.4138113148510456
  landing: 0.7763917371630669
  view-data: 3.276570536196232
