times:
  edit-metadata: 1.5078780949115753
  landing: 0.8060942851006985
  view-data: 3.296343946829438
