times:
  edit-metadata: 4.34404069930315
  landing: 2.2739018350839615
  view-data: 3.6946016512811184
