times:
  edit-metadata: 2.2573658414185047
  landing: 1.40345548838377
  view-data: 3.5389773808419704
