times:
  edit-metadata: 1.5287584774196148
  landing: 0.8744660913944244
  view-data: 3.4038430340588093
