times:
  edit-metadata: 1.6098907217383385
  landing: 0.8724142257124186
  view-data: 3.433581480756402
