times:
  edit-metadata: 1.601235993206501
  landing: 1.0257037654519081
  view-data: 3.3732925429940224
