times:
  edit-metadata: 1.4652686640620232
  landing: 0.7477237097918987
  view-data: 3.3429246321320534
