times:
  edit-metadata: 1.5115855261683464
  landing: 0.8286874163895845
  view-data: 3.3614296447485685
