times:
  edit-metadata: 1.52600709348917
  landing: 0.7654360737651587
  view-data: 3.383676575496793
