times:
  edit-metadata: 1.5454658009111881
  landing: 0.8046220000833273
  view-data: 3.453909020870924
