times:
  edit-metadata: 1.7275289352983236
  landing: 1.0225307969376445
  view-data: 3.369671357795596
