times:
  edit-metadata: 1.5332331210374832
  landing: 0.7740097008645535
  view-data: 3.3592079803347588
