times:
  edit-metadata: 1.5002257227897644
  landing: 0.9278865698724985
  view-data: 3.408717280253768
