times:
  edit-metadata: 1.5795763731002808
  landing: 0.9501704201102257
  view-data: 3.3534461334347725
