times:
  edit-metadata: 1.935252372175455
  landing: 1.3394007496535778
  view-data: 3.565753534436226
