times:
  edit-metadata: 1.526181422173977
  landing: 0.8173013757914305
  view-data: 4.303207956254482
