times:
  edit-metadata: 1.7212619110941887
  landing: 1.0347044505178928
  view-data: 3.3471734523773193
