times:
  edit-metadata: 1.5349366199225187
  landing: 0.9404070544987917
  view-data: 3.3443683832883835
