times:
  edit-metadata: 2.1401557698845863
  landing: 7.8456547521054745
  view-data: 3.811274640262127
