times:
  edit-metadata: 1.3874258622527122
  landing: 0.8507469221949577
  view-data: 3.314615961164236
