times:
  edit-metadata: 1.6304410621523857
  landing: 1.0572113282978535
  view-data: 3.327982544898987
