times:
  edit-metadata: 2.1166769340634346
  landing: 1.1528942249715328
  view-data: 3.4142126217484474
