times:
  edit-metadata: 1.4266903512179852
  landing: 0.9457168318331242
  view-data: 3.317714188247919
