times:
  edit-metadata: 1.5202722139656544
  landing: 0.8453820217400789
  view-data: 3.4330175761133432
