times:
  edit-metadata: 1.597114872187376
  landing: 0.7904502153396606
  view-data: 3.417222250252962
