times:
  edit-metadata: 1.504433585330844
  landing: 0.7681582551449537
  view-data: 3.3742667734622955
