times:
  edit-metadata: 1.5259218774735928
  landing: 0.8211147207766771
  view-data: 3.390676748007536
