times:
  edit-metadata: 1.5114989541471004
  landing: 1.1908256821334362
  view-data: 3.333472177386284
