times:
  edit-metadata: 1.7007408849895
  landing: 1.0020152311772108
  view-data: 3.5397434029728174
