times:
  edit-metadata: 1.5461650379002094
  landing: 0.9244290813803673
  view-data: 3.3596876971423626
