times:
  edit-metadata: 1.6279220655560493
  landing: 0.9935459308326244
  view-data: 3.4738390874117613
