times:
  edit-metadata: 1.5458615124225616
  landing: 0.8035200797021389
  view-data: 3.391079483553767
