times:
  edit-metadata: 1.477022030390799
  landing: 1.8372238455340266
  view-data: 3.333452551625669
