times:
  edit-metadata: 1.409543577581644
  landing: 0.9281845204532146
  view-data: 3.3165834061801434
