times:
  edit-metadata: 1.7221180442720652
  landing: 0.8426210563629866
  view-data: 3.4215728528797626
