times:
  edit-metadata: 1.5952946655452251
  landing: 0.7981416918337345
  view-data: 3.3646920695900917
