times:
  edit-metadata: 1.4534004963934422
  landing: 0.8691164813935757
  view-data: 3.349872961640358
