times:
  edit-metadata: 1.5180627536028624
  landing: 0.802533932030201
  view-data: 3.3647717963904142
