times:
  edit-metadata: 1.5516640786081553
  landing: 0.8052013739943504
  view-data: 3.4012256618589163
