times:
  edit-metadata: 1.536609921604395
  landing: 1.2039144150912762
  view-data: 3.406084455549717
