times:
  edit-metadata: 2.009664721786976
  landing: 1.106360100209713
  view-data: 3.559148356318474
