times:
  edit-metadata: 1.7490734457969666
  landing: 1.3994614705443382
  view-data: 3.321747537702322
