times:
  edit-metadata: 1.656651834025979
  landing: 0.9010081570595503
  view-data: 3.3227899316698313
