times:
  edit-metadata: 1.5063047297298908
  landing: 0.8169348295778036
  view-data: 3.4564278442412615
