times:
  edit-metadata: 1.5929153710603714
  landing: 1.2245831713080406
  view-data: 3.5135807432234287
