times:
  edit-metadata: 1.3955114856362343
  landing: 0.9537487402558327
  view-data: 3.391934536397457
