times:
  edit-metadata: 1.609762866050005
  landing: 1.0865610428154469
  view-data: 3.3532217144966125
