times:
  edit-metadata: 1.5391704477369785
  landing: 0.8811911270022392
  view-data: 3.4106570314615965
