times:
  edit-metadata: 1.5629853643476963
  landing: 0.8637063875794411
  view-data: 3.4033116959035397
