times:
  edit-metadata: 2.4072153754532337
  landing: 1.5533753167837858
  view-data: 3.580018499866128
