times:
  edit-metadata: 1.4169626645743847
  landing: 0.9685880839824677
  view-data: 3.366592537611723
