times:
  edit-metadata: 1.5168398544192314
  landing: 1.0876353420317173
  view-data: 3.4760013185441494
