times:
  edit-metadata: 1.5285288952291012
  landing: 1.0254950933158398
  view-data: 3.345400705933571
