times:
  edit-metadata: 1.6107079945504665
  landing: 0.9502973165363073
  view-data: 3.3580111525952816
