times:
  edit-metadata: 1.3503796383738518
  landing: 0.825994212180376
  view-data: 3.3049596659839153
