times:
  edit-metadata: 1.5882793925702572
  landing: 0.8264080584049225
  view-data: 3.4108966905623674
