times:
  edit-metadata: 1.9383350498974323
  landing: 1.2199524380266666
  view-data: 3.4017926193773746
