times:
  edit-metadata: 1.5219534896314144
  landing: 0.7676184270530939
  view-data: 3.382782867178321
