times:
  edit-metadata: 1.9575367905199528
  landing: 7.766662525013089
  view-data: 3.997581409290433
