times:
  edit-metadata: 1.590613467618823
  landing: 0.8949332712218165
  view-data: 3.375246210023761
