times:
  edit-metadata: 2.1980644799768925
  landing: 3.366171946749091
  view-data: 3.488883470185101
