times:
  edit-metadata: 1.5083955340087414
  landing: 0.8947747685015202
  view-data: 3.427364381030202
