times:
  edit-metadata: 1.552029862999916
  landing: 0.8827241137623787
  view-data: 3.4236613661050797
