times:
  edit-metadata: 1.5208273231983185
  landing: 0.741620946675539
  view-data: 3.3695979826152325
