times:
  edit-metadata: 1.5309498310089111
  landing: 0.7641431391239166
  view-data: 3.348260384052992
