times:
  edit-metadata: 1.438303716480732
  landing: 1.0164419412612915
  view-data: 3.364589650183916
