times:
  edit-metadata: 1.7919723577797413
  landing: 0.9390481635928154
  view-data: 3.3665581420063972
