times:
  edit-metadata: 1.4312793910503387
  landing: 0.8234676010906696
  view-data: 3.380189798772335
