times:
  edit-metadata: 1.4858604855835438
  landing: 0.9301528185606003
  view-data: 3.371365562081337
