times:
  edit-metadata: 1.5510288439691067
  landing: 0.899250615388155
  view-data: 3.3717594146728516
