times:
  edit-metadata: 3.4890166670084
  landing: 0.9136233851313591
  view-data: 3.2940836772322655
