times:
  edit-metadata: 1.4015466291457415
  landing: 0.6887814234942198
  view-data: 3.351314703002572
