times:
  edit-metadata: 1.5449147261679173
  landing: 0.8401605598628521
  view-data: 3.405776046216488
