times:
  edit-metadata: 1.6022696290165186
  landing: 0.8584084399044514
  view-data: 3.4096569158136845
