times:
  edit-metadata: 1.5587190706282854
  landing: 0.8702728170901537
  view-data: 3.4253303594887257
