times:
  edit-metadata: 1.629388052970171
  landing: 0.8870307561010122
  view-data: 3.4444214422255754
