times:
  edit-metadata: 1.613558255136013
  landing: 0.9800515100359917
  view-data: 3.4783843979239464
