times:
  edit-metadata: 1.3768980875611305
  landing: 0.7959067970514297
  view-data: 3.4611585289239883
