times:
  edit-metadata: 1.7581131756305695
  landing: 1.0988887622952461
  view-data: 3.4233403727412224
