times:
  edit-metadata: 1.443031094968319
  landing: 0.9427606090903282
  view-data: 3.2830035351216793
