times:
  edit-metadata: 1.3921658843755722
  landing: 0.7815792672336102
  view-data: 3.2931741513311863
