times:
  edit-metadata: 1.4370438978075981
  landing: 0.7871760800480843
  view-data: 3.4387660026550293
