times:
  edit-metadata: 1.4803026355803013
  landing: 0.8934147469699383
  view-data: 3.2563402242958546
