times:
  edit-metadata: 1.4769619479775429
  landing: 0.7929761931300163
  view-data: 3.2598018646240234
