times:
  edit-metadata: 1.8146753758192062
  landing: 1.0656964145600796
  view-data: 3.3411924839019775
