times:
  edit-metadata: 1.6240708008408546
  landing: 1.0126910284161568
  view-data: 3.408022552728653
