times:
  edit-metadata: 1.464056171476841
  landing: 0.7682443857192993
  view-data: 3.5711581110954285
