times:
  edit-metadata: 1.3930832110345364
  landing: 0.9188759438693523
  view-data: 3.3197862170636654
