times:
  edit-metadata: 1.5603831484913826
  landing: 0.8165124356746674
  view-data: 3.5320669561624527
