times:
  edit-metadata: 1.5366953536868095
  landing: 0.9203470386564732
  view-data: 3.2952463664114475
