times:
  edit-metadata: 1.4180262424051762
  landing: 0.8873678110539913
  view-data: 3.351180851459503
