times:
  edit-metadata: 1.44226910546422
  landing: 0.854735903441906
  view-data: 3.3395640067756176
