times:
  edit-metadata: 2.9132809042930603
  landing: 1.8065937757492065
  view-data: 3.688319966197014
