times:
  edit-metadata: 1.496108029037714
  landing: 0.7847099043428898
  view-data: 3.2768777534365654
