times:
  edit-metadata: 1.5989584028720856
  landing: 0.8932221457362175
  view-data: 3.6208929792046547
