times:
  edit-metadata: 1.4396457001566887
  landing: 0.8103485181927681
  view-data: 3.4718968868255615
