times:
  edit-metadata: 2.9699132181704044
  landing: 1.673511978238821
  view-data: 3.5444090366363525
