times:
  edit-metadata: 1.385804533958435
  landing: 0.8712447807192802
  view-data: 3.368602931499481
