times:
  edit-metadata: 1.4224785268306732
  landing: 0.9087245762348175
  view-data: 3.2871541008353233
