times:
  edit-metadata: 1.9589708298444748
  landing: 0.9419282898306847
  view-data: 3.6899749413132668
