times:
  edit-metadata: 1.4238597340881824
  landing: 0.8170840665698051
  view-data: 3.2636677473783493
