times:
  edit-metadata: 1.4641915261745453
  landing: 0.7691077142953873
  view-data: 3.3972996696829796
