times:
  edit-metadata: 1.434901550412178
  landing: 0.8430127650499344
  view-data: 3.3930116146802902
