times:
  edit-metadata: 1.5228014960885048
  landing: 0.7671651542186737
  view-data: 3.4902042597532272
