times:
  edit-metadata: 1.5143341049551964
  landing: 0.9458737447857857
  view-data: 3.357385642826557
