times:
  edit-metadata: 1.7948453202843666
  landing: 1.001115158200264
  view-data: 3.318631187081337
