times:
  edit-metadata: 1.5934093482792377
  landing: 1.049499824643135
  view-data: 3.299919854849577
