times:
  edit-metadata: 1.9875744618475437
  landing: 1.248147014528513
  view-data: 3.4031813740730286
