times:
  edit-metadata: 1.4729716628789902
  landing: 0.9187737554311752
  view-data: 3.263821519911289
