times:
  edit-metadata: 1.4585999846458435
  landing: 0.8095650896430016
  view-data: 3.3335082307457924
