times:
  edit-metadata: 1.47602753713727
  landing: 0.8706383444368839
  view-data: 3.3378103896975517
