times:
  edit-metadata: 1.373110692948103
  landing: 0.8280894719064236
  view-data: 3.3939356170594692
