times:
  edit-metadata: 1.4662716537714005
  landing: 0.6986822560429573
  view-data: 3.3630724772810936
