times:
  edit-metadata: 2.7320949733257294
  landing: 1.4619654566049576
  view-data: 3.4014733731746674
