times:
  edit-metadata: 1.565818503499031
  landing: 0.7483893036842346
  view-data: 3.5122100710868835
