times:
  edit-metadata: 1.6853453740477562
  landing: 1.0246902257204056
  view-data: 3.3057085797190666
