times:
  edit-metadata: 1.389174446463585
  landing: 0.7561875581741333
  view-data: 3.5259306579828262
