times:
  edit-metadata: 2.1804146878421307
  landing: 1.702930349856615
  view-data: 3.431161656975746
