times:
  edit-metadata: 1.514967679977417
  landing: 0.882499136030674
  view-data: 3.5169930532574654
