times:
  edit-metadata: 1.5147978067398071
  landing: 0.8543000668287277
  view-data: 3.3217722699046135
