times:
  edit-metadata: 1.5544097647070885
  landing: 0.8322369754314423
  view-data: 3.461043134331703
