times:
  edit-metadata: 1.421904295682907
  landing: 0.774983249604702
  view-data: 3.469955489039421
