times:
  edit-metadata: 1.5504067093133926
  landing: 0.897233497351408
  view-data: 3.369220905005932
