times:
  edit-metadata: 1.5747631713747978
  landing: 1.086349993944168
  view-data: 3.5243992805480957
