times:
  edit-metadata: 2.5255259573459625
  landing: 1.8080518990755081
  view-data: 3.4538206458091736
