times:
  edit-metadata: 1.5253839567303658
  landing: 0.8091289326548576
  view-data: 3.5120304822921753
