times:
  edit-metadata: 1.458245076239109
  landing: 0.785592146217823
  view-data: 3.439429171383381
