times:
  edit-metadata: 1.5894682593643665
  landing: 0.8491837233304977
  view-data: 3.3122289329767227
