times:
  edit-metadata: 1.401305727660656
  landing: 0.7760527320206165
  view-data: 3.3043539337813854
