times:
  edit-metadata: 1.43256002292037
  landing: 0.8853695169091225
  view-data: 3.351828258484602
