times:
  edit-metadata: 1.414480734616518
  landing: 0.7634457610547543
  view-data: 3.280241832137108
