times:
  edit-metadata: 1.5204863920807838
  landing: 0.8119469881057739
  view-data: 3.5370131880044937
