times:
  edit-metadata: 1.4797912314534187
  landing: 1.0900494381785393
  view-data: 3.596074178814888
