times:
  edit-metadata: 1.5397236794233322
  landing: 0.9555898010730743
  view-data: 3.469191275537014
