times:
  edit-metadata: 1.482564240694046
  landing: 0.8503913059830666
  view-data: 3.5879788920283318
