times:
  edit-metadata: 1.3998436853289604
  landing: 0.9205437079071999
  view-data: 3.5055719390511513
