times:
  edit-metadata: 1.5136980786919594
  landing: 0.794528529047966
  view-data: 3.4429381266236305
