times:
  edit-metadata: 1.4479748606681824
  landing: 0.7454762309789658
  view-data: 3.3774128407239914
