times:
  edit-metadata: 1.4475803151726723
  landing: 0.8081421405076981
  view-data: 3.3831508979201317
