times:
  edit-metadata: 1.4006608203053474
  landing: 0.8851013258099556
  view-data: 3.3639068342745304
