times:
  edit-metadata: 1.4485443010926247
  landing: 0.8349004089832306
  view-data: 3.2647519931197166
