times:
  edit-metadata: 1.588427610695362
  landing: 0.8605029657483101
  view-data: 3.4717555791139603
