times:
  edit-metadata: 1.3627359047532082
  landing: 0.7554793804883957
  view-data: 3.4790709391236305
