times:
  edit-metadata: 2.8354822620749474
  landing: 1.8532377779483795
  view-data: 3.4226494431495667
