times:
  edit-metadata: 1.6690891906619072
  landing: 0.880103163421154
  view-data: 3.3349819034337997
