times:
  edit-metadata: 1.499649539589882
  landing: 1.0527926832437515
  view-data: 3.475065529346466
