times:
  edit-metadata: 1.408428132534027
  landing: 0.7921013459563255
  view-data: 3.362888105213642
