times:
  edit-metadata: 1.4301903657615185
  landing: 0.8610635623335838
  view-data: 3.2467476204037666
