times:
  edit-metadata: 1.4909175708889961
  landing: 0.8079593479633331
  view-data: 3.531699553132057
