times:
  edit-metadata: 1.4031055085361004
  landing: 0.8359352089464664
  view-data: 3.3773264661431313
