times:
  edit-metadata: 1.3985369801521301
  landing: 0.8973726406693459
  view-data: 3.5659674629569054
