times:
  edit-metadata: 1.5780630707740784
  landing: 0.877767950296402
  view-data: 3.2814321145415306
