times:
  edit-metadata: 1.4116135612130165
  landing: 0.7962156906723976
  view-data: 3.2439409270882607
