times:
  edit-metadata: 1.4919619411230087
  landing: 0.8298049792647362
  view-data: 3.295080929994583
