times:
  edit-metadata: 1.4668376967310905
  landing: 0.819940984249115
  view-data: 3.50817558914423
