times:
  edit-metadata: 1.4865843579173088
  landing: 0.9176031798124313
  view-data: 3.500805586576462
