times:
  edit-metadata: 1.445302538573742
  landing: 0.8254925832152367
  view-data: 0.6922450438141823
