times:
  edit-metadata: 1.57912215590477
  landing: 0.8936540484428406
  view-data: 3.350698597729206
