times:
  edit-metadata: 1.468642145395279
  landing: 0.7639911472797394
  view-data: 3.4938011169433594
