times:
  edit-metadata: 1.4766485579311848
  landing: 0.8730611689388752
  view-data: 3.3413654677569866
