times:
  edit-metadata: 1.5061087012290955
  landing: 0.8134012296795845
  view-data: 3.4856079295277596
