times:
  edit-metadata: 2.0473203510046005
  landing: 1.0080879554152489
  view-data: 3.6810933277010918
