times:
  edit-metadata: 1.4462868720293045
  landing: 0.8407050631940365
  view-data: 3.3552998527884483
