times:
  edit-metadata: 1.5226991176605225
  landing: 0.7871014252305031
  view-data: 3.5301327630877495
