times:
  edit-metadata: 1.5753543227910995
  landing: 0.8837286755442619
  view-data: 3.3948086947202682
