times:
  edit-metadata: 1.4962622188031673
  landing: 0.835994690656662
  view-data: 3.2995807863771915
