times:
  edit-metadata: 1.5958823263645172
  landing: 0.9220532663166523
  view-data: 3.3606129325926304
