times:
  edit-metadata: 1.4467349871993065
  landing: 0.802939385175705
  view-data: 3.2680259607732296
