times:
  edit-metadata: 1.4548031613230705
  landing: 0.7564662918448448
  view-data: 3.481387972831726
