times:
  edit-metadata: 1.5409996956586838
  landing: 0.9497971571981907
  view-data: 3.3664258867502213
