times:
  edit-metadata: 1.5147864483296871
  landing: 0.9202141426503658
  view-data: 3.314199596643448
