times:
  edit-metadata: 1.5336805805563927
  landing: 0.8929786905646324
  view-data: 3.273209497332573
