times:
  edit-metadata: 1.5926679819822311
  landing: 0.8665721192955971
  view-data: 3.4953561946749687
