times:
  edit-metadata: 1.4558028317987919
  landing: 0.8569350391626358
  view-data: 3.275880314409733
