times:
  edit-metadata: 1.4505050629377365
  landing: 0.7627810165286064
  view-data: 3.474579319357872
