times:
  edit-metadata: 1.4968238472938538
  landing: 0.7801936119794846
  view-data: 3.491254948079586
