times:
  edit-metadata: 1.5417787432670593
  landing: 0.7648719400167465
  view-data: 3.428558573126793
