times:
  edit-metadata: 1.430534090846777
  landing: 0.851651631295681
  view-data: 3.2912837117910385
