times:
  edit-metadata: 1.5395385473966599
  landing: 0.8453773707151413
  view-data: 3.4649120569229126
