times:
  edit-metadata: 1.3584713488817215
  landing: 0.9334155544638634
  view-data: 3.628217503428459
