times:
  edit-metadata: 1.3810291588306427
  landing: 0.8654662817716599
  view-data: 3.556899316608906
