times:
  edit-metadata: 1.466119073331356
  landing: 1.0712915435433388
  view-data: 3.278812676668167
