times:
  edit-metadata: 1.4582907184958458
  landing: 0.779309518635273
  view-data: 3.377484805881977
