times:
  edit-metadata: 1.8697261586785316
  landing: 1.2316841334104538
  view-data: 3.581111393868923
