times:
  edit-metadata: 1.3947741761803627
  landing: 0.7560840472579002
  view-data: 3.2773573584854603
