times:
  edit-metadata: 1.4312384277582169
  landing: 0.8977772668004036
  view-data: 3.3122906163334846
