times:
  edit-metadata: 1.4508474245667458
  landing: 0.8573336228728294
  view-data: 3.2746173292398453
