times:
  edit-metadata: 1.4804494082927704
  landing: 0.9463793598115444
  view-data: 3.482338335365057
