times:
  edit-metadata: 1.5674549117684364
  landing: 0.801191471517086
  view-data: 3.5743849650025368
