times:
  edit-metadata: 1.4313733391463757
  landing: 0.8738969936966896
  view-data: 3.307704333215952
