times:
  edit-metadata: 1.585316315293312
  landing: 0.8108497336506844
  view-data: 3.321193605661392
