times:
  edit-metadata: 1.4545194394886494
  landing: 0.7869306616485119
  view-data: 3.3065767250955105
