times:
  edit-metadata: 1.5338898450136185
  landing: 0.8273249417543411
  view-data: 3.6061048209667206
