times:
  edit-metadata: 1.4948732256889343
  landing: 0.7367474436759949
  view-data: 3.425291396677494
