times:
  edit-metadata: 1.3929590731859207
  landing: 1.0098117366433144
  view-data: 3.345377091318369
