times:
  edit-metadata: 1.446267530322075
  landing: 0.8142143860459328
  view-data: 3.504334919154644
