times:
  edit-metadata: 1.416167102754116
  landing: 0.7916051894426346
  view-data: 3.304170150309801
