times:
  edit-metadata: 1.8594772294163704
  landing: 1.1439184844493866
  view-data: 3.366183690726757
