times:
  edit-metadata: 1.5267981141805649
  landing: 0.9366390481591225
  view-data: 3.845573641359806
