times:
  edit-metadata: 1.599785752594471
  landing: 0.9254478961229324
  view-data: 3.5358845815062523
