times:
  edit-metadata: 2.0640064254403114
  landing: 1.320004977285862
  view-data: 3.3821920454502106
