times:
  edit-metadata: 1.5194044560194016
  landing: 0.7889624610543251
  view-data: 3.5186285078525543
