times:
  edit-metadata: 1.488886259496212
  landing: 0.7721317708492279
  view-data: 3.3863194808363914
