times:
  edit-metadata: 1.5353926979005337
  landing: 0.8274959214031696
  view-data: 3.3704976104199886
