times:
  edit-metadata: 1.5807146355509758
  landing: 0.7648619711399078
  view-data: 3.541547268629074
