times:
  edit-metadata: 1.4404770992696285
  landing: 0.8809548281133175
  view-data: 3.3913213312625885
