times:
  edit-metadata: 1.4500121623277664
  landing: 0.9571345075964928
  view-data: 3.273609284311533
