times:
  edit-metadata: 1.5589844658970833
  landing: 0.8572032377123833
  view-data: 3.3214782401919365
