times:
  edit-metadata: 1.70242403075099
  landing: 0.9468615762889385
  view-data: 3.3026722222566605
