times:
  edit-metadata: 1.5397267416119576
  landing: 0.7812514379620552
  view-data: 3.372764654457569
