times:
  edit-metadata: 1.4586369842290878
  landing: 0.8205549642443657
  view-data: 3.2997338697314262
