times:
  edit-metadata: 1.4386429972946644
  landing: 0.9593427963554859
  view-data: 3.339560016989708
