times:
  edit-metadata: 1.5916410014033318
  landing: 0.8200212270021439
  view-data: 3.4889486879110336
