times:
  edit-metadata: 1.4696024432778358
  landing: 0.8602414578199387
  view-data: 3.5141993910074234
