times:
  edit-metadata: 1.4235403314232826
  landing: 0.784833736717701
  view-data: 3.4802938029170036
