times:
  edit-metadata: 1.5063028633594513
  landing: 0.7884084582328796
  view-data: 3.5795342177152634
