times:
  edit-metadata: 1.4321669787168503
  landing: 0.9109465554356575
  view-data: 3.3398882634937763
