times:
  edit-metadata: 2.055087573826313
  landing: 1.3231460452079773
  view-data: 3.3324210196733475
