times:
  edit-metadata: 1.5826639607548714
  landing: 0.9500628560781479
  view-data: 3.3406141698360443
