times:
  edit-metadata: 1.5677472315728664
  landing: 0.8893947191536427
  view-data: 3.291316144168377
