times:
  edit-metadata: 1.429497517645359
  landing: 0.7976341247558594
  view-data: 3.5111921206116676
