times:
  edit-metadata: 1.539984717965126
  landing: 0.8443133272230625
  view-data: 3.346189256757498
