times:
  landing: 0.5439031330000716
  view-data: 0.5460490650000338
