times:
  landing: 0.5516544789999784
  view-data: 0.5665451800000483
