times:
  landing: 0.5435090220000234
  view-data: 0.5495592209999813
