times:
  landing: 1.077612132000013
  view-data: 0.5553634009999655
