times:
  landing: 0.5497783399999889
  view-data: 0.5533378750000111
