times:
  landing: 1.105338966999966
  view-data: 0.5604355840000039
