times:
  landing: 0.5516101449999837
  view-data: 0.5626453250000054
