times:
  landing: 0.5502579170000104
  view-data: 0.5503629230000229
