times:
  landing: 1.0816251079999688
  view-data: 0.5545334949999869
