times:
  landing: 0.5690522710000323
  view-data: 0.554596183000001
