times:
  landing: 1.074959030000059
  view-data: 0.5573196259999804
