times:
  landing: 1.0615448439999682
  view-data: 0.5457987259999868
