times:
  landing: 0.5429864899999757
  view-data: 0.546787041000016
