times:
  landing: 0.557645043999969
  view-data: 0.5601356989999999
