times:
  landing: 1.0735826679999718
  view-data: 0.5585948890000054
