times:
  landing: 0.545273816999952
  view-data: 0.5461913279999635
