times:
  landing: 1.0677740610003639
  view-data: 0.5471646849996432
