times:
  landing: 0.5566927879999639
  view-data: 0.559666811999989
