times:
  landing: 0.5533759159999931
  view-data: 0.5545330140000146
