times:
  landing: 0.5508301689999939
  view-data: 0.5530144119999818
