times:
  landing: 0.5482076559999882
  view-data: 0.5445200030000024
