times:
  landing: 0.5573868870000069
  view-data: 0.5643992400000002
