times:
  landing: 0.6260336640000332
  view-data: 0.5686739770000031
