times:
  landing: 1.0737605599999824
  view-data: 0.5509141539999973
