times:
  landing: 0.5437071829999809
  view-data: 0.5483934179999892
