times:
  landing: 0.5956415590000006
  view-data: 0.5507865600000059
