times:
  landing: 1.0774022589999959
  view-data: 0.5587952760000121
