times:
  landing: 0.5916177180000091
  view-data: 0.5603976229999716
