times:
  landing: 1.0758971770000016
  view-data: 0.5524146390000055
