times:
  landing: 0.5517721610000308
  view-data: 0.5507766520000246
