times:
  landing: 1.0772406159999832
  view-data: 0.5540463219999765
