times:
  landing: 0.5495996719999994
  view-data: 0.5519579240000212
