times:
  landing: 0.5459746029999906
  view-data: 0.5473977209999816
