times:
  landing: 1.07455041999998
  view-data: 0.5548699530000363
