times:
  landing: 0.5531152490000295
  view-data: 0.5578592720000302
