times:
  edit-metadata: 1.4741101507097483
  landing: 0.8136080205440521
  view-data: 3.3797865957021713
