times:
  edit-metadata: 0.8256117050041212
  landing: 0.06491780800570268
  view-data: 0.23656329201185144
