times:
  edit-metadata: 1.5165207630489022
  landing: 0.7890983370598406
  view-data: 3.297462389105931
