times:
  edit-metadata: 1.3414486898109317
  landing: 0.8269221456721425
  view-data: 3.363011862616986
