times:
  edit-metadata: 1.3652697009965777
  landing: 0.8254672889597714
  view-data: 3.2747178501449525
