times:
  edit-metadata: 1.3561013247817755
  landing: 0.8008034229278564
  view-data: 3.3743029665201902
