times:
  edit-metadata: 0.7409645690058824
  landing: 0.059768899001937825
  view-data: 0.234067227000196
