times:
  edit-metadata: 1.481372769922018
  landing: 0.872117418795824
  view-data: 3.325731247663498
