times:
  edit-metadata: 1.4520973600447178
  landing: 0.9109201170504093
  view-data: 3.3185160495340824
