times:
  edit-metadata: 0.7395536390004054
  landing: 0.1147410569992644
  view-data: 0.22976474999995844
