times:
  edit-metadata: 1.52638703212142
  landing: 0.8965558595955372
  view-data: 3.293153513222933
