times:
  edit-metadata: 0.6933007650077343
  landing: 0.05851665884256363
  view-data: 0.22462499141693115
