times:
  edit-metadata: 1.565623715519905
  landing: 0.9499607570469379
  view-data: 3.3571261279284954
