times:
  edit-metadata: 1.5652642119675875
  landing: 1.0627895463258028
  view-data: 3.4301653914153576
