times:
  edit-metadata: 1.5093261394649744
  landing: 0.830368772149086
  view-data: 3.378872176632285
