times:
  edit-metadata: 1.546510323882103
  landing: 0.9760493915528059
  view-data: 3.3477527741342783
