times:
  edit-metadata: 1.4701685197651386
  landing: 0.9186097271740437
  view-data: 3.43886798620224
