times:
  edit-metadata: 1.507217163220048
  landing: 0.9000466987490654
  view-data: 3.4624407533556223
