times:
  edit-metadata: 1.5819903649389744
  landing: 0.9749647825956345
  view-data: 3.3713728934526443
