times:
  edit-metadata: 1.205583603004925
  landing: 0.20513886801199988
  view-data: 0.21908743702806532
