times:
  edit-metadata: 1.5846194215118885
  landing: 1.2640462554991245
  view-data: 3.454912431538105
