times:
  edit-metadata: 0.9271745339938207
  landing: 0.059280793997459114
  view-data: 0.24979801700101234
