times:
  edit-metadata: 1.6981338253244758
  landing: 0.8771772542968392
  view-data: 3.3734275763854384
