times:
  edit-metadata: 0.7399009320070036
  landing: 0.06199540999659803
  view-data: 0.2351579380047042
