times:
  edit-metadata: 1.5269212424755096
  landing: 0.8199346717447042
  view-data: 3.466542948037386
