times:
  edit-metadata: 1.6740014641545713
  landing: 0.8493928648531437
  view-data: 3.5689301481470466
