times:
  edit-metadata: 1.6394937299191952
  landing: 0.8406731486320496
  view-data: 3.4970354195684195
