times:
  edit-metadata: 0.7705625570379198
  landing: 0.04679020610637963
  view-data: 0.238509152084589
