times:
  edit-metadata: 1.801698843948543
  landing: 1.2390401009470224
  view-data: 3.3618942480534315
