times:
  edit-metadata: 0.7910166699439287
  landing: 0.0524532909039408
  view-data: 0.23088844493031502
