times:
  edit-metadata: 1.5220839027315378
  landing: 0.8801988586783409
  view-data: 3.325507555156946
