times:
  edit-metadata: 0.8262205680002808
  landing: 0.04727803599962499
  view-data: 0.2368097879952984
