times:
  edit-metadata: 0.7440964649431407
  landing: 0.06891831802204251
  view-data: 0.23999541020020843
