times:
  edit-metadata: 1.5202850997447968
  landing: 0.8206630721688271
  view-data: 3.37232693657279
