times:
  edit-metadata: 0.7903666119091213
  landing: 0.05100360792130232
  view-data: 0.22474578116089106
