times:
  edit-metadata: 1.3172937310300767
  landing: 0.7993703461252153
  view-data: 3.336680219974369
