times:
  edit-metadata: 1.5301866084337234
  landing: 0.8423236273229122
  view-data: 3.442756786942482
