times:
  edit-metadata: 1.5808359496295452
  landing: 1.2765638157725334
  view-data: 3.3814704678952694
