times:
  edit-metadata: 1.33313979068771
  landing: 0.7892192420549691
  view-data: 3.33351333392784
