times:
  edit-metadata: 1.599247183650732
  landing: 1.1362247318029404
  view-data: 3.4253551065921783
