times:
  edit-metadata: 0.7457174210576341
  landing: 0.0674625780666247
  view-data: 0.23461340798530728
