times:
  edit-metadata: 1.409964207559824
  landing: 0.8804455753415823
  view-data: 3.330313639715314
