times:
  edit-metadata: 1.397344283759594
  landing: 0.9307656176388264
  view-data: 3.3797330372035503
