times:
  edit-metadata: 1.456004288047552
  landing: 0.9208202138543129
  view-data: 3.29138370975852
