times:
  edit-metadata: 1.618592280894518
  landing: 0.8907222785055637
  view-data: 3.3841954208910465
