times:
  edit-metadata: 1.4536684677004814
  landing: 0.9336564317345619
  view-data: 3.4018906634300947
