times:
  edit-metadata: 1.6655413247644901
  landing: 1.3160910485312343
  view-data: 3.605998677201569
