times:
  edit-metadata: 1.430951051414013
  landing: 1.0499396696686745
  view-data: 3.4267247281968594
