times:
  edit-metadata: 1.5015804506838322
  landing: 0.7881783563643694
  view-data: 3.4340925365686417
