times:
  edit-metadata: 2.2727893739938736
  landing: 1.396844919770956
  view-data: 3.5038230046629906
