times:
  edit-metadata: 1.6267541786655784
  landing: 1.0184547025710344
  view-data: 3.443397743627429
