times:
  edit-metadata: 1.3861237354576588
  landing: 0.9354737810790539
  view-data: 3.3427756167948246
