times:
  edit-metadata: 1.5046894252300262
  landing: 0.7553575281053782
  view-data: 3.375660503283143
