times:
  edit-metadata: 1.4101070426404476
  landing: 1.0576867684721947
  view-data: 3.352885104715824
