times:
  edit-metadata: 0.7558261658996344
  landing: 0.05678161792457104
  view-data: 0.36195529880933464
