times:
  edit-metadata: 0.7708560042083263
  landing: 0.054960912093520164
  view-data: 0.23005892103537917
