times:
  edit-metadata: 1.3393114027567208
  landing: 0.8818758223205805
  view-data: 3.416557657998055
