times:
  edit-metadata: 1.5613571237772703
  landing: 0.9240529853850603
  view-data: 3.2880058586597443
