times:
  edit-metadata: 1.5370100792497396
  landing: 0.7903930675238371
  view-data: 3.4507770352065563
