times:
  edit-metadata: 1.5288973413407803
  landing: 0.9048611894249916
  view-data: 3.4137390963733196
