times:
  edit-metadata: 1.7423881571739912
  landing: 2.2072042394429445
  view-data: 3.3310850113630295
