times:
  edit-metadata: 1.4569569136947393
  landing: 0.8153379820287228
  view-data: 3.350268553942442
