times:
  edit-metadata: 1.49407060444355
  landing: 0.7821667604148388
  view-data: 3.4110582023859024
