times:
  edit-metadata: 2.1716781659051776
  landing: 1.1950467005372047
  view-data: 3.6905682627111673
