times:
  edit-metadata: 1.563424238935113
  landing: 0.7780860103666782
  view-data: 3.4398196693509817
