times:
  edit-metadata: 1.4954423997551203
  landing: 0.7830210402607918
  view-data: 3.3929657135158777
