times:
  edit-metadata: 1.3437042785808444
  landing: 0.9509172812104225
  view-data: 3.336107511073351
