times:
  edit-metadata: 0.7357820039615035
  landing: 0.05780011205933988
  view-data: 0.2367380999494344
