times:
  edit-metadata: 1.3973145326599479
  landing: 0.8512587668374181
  view-data: 3.2592411879450083
