times:
  edit-metadata: 0.7950149793177843
  landing: 0.045526811853051186
  view-data: 0.23487861780449748
