times:
  edit-metadata: 1.4370209835469723
  landing: 1.0049670226871967
  view-data: 3.3812841027975082
