times:
  edit-metadata: 1.6083341110497713
  landing: 0.9437787351198494
  view-data: 3.3380326507613063
