times:
  edit-metadata: 3.8935013189911842
  landing: 1.9556927420198917
  view-data: 4.0430187694728374
