times:
  edit-metadata: 0.835172193008475
  landing: 0.07596380508039147
  view-data: 0.24322560604196042
