times:
  edit-metadata: 0.8071363599992765
  landing: 0.07183615499980078
  view-data: 0.23255314200014254
