times:
  edit-metadata: 1.3121586190536618
  landing: 7.176996706053615
  view-data: 3.3428685939870775
