times:
  edit-metadata: 1.5909337028861046
  landing: 1.0969814658164978
  view-data: 3.354023952037096
