times:
  edit-metadata: 1.5519434474408627
  landing: 0.8580087646842003
  view-data: 3.407573916018009
