times:
  edit-metadata: 0.7369297999830451
  landing: 0.057964506006101146
  view-data: 0.3615911130036693
