times:
  edit-metadata: 1.645882940851152
  landing: 1.031158423051238
  view-data: 3.401428441517055
