times:
  edit-metadata: 0.8260396779514849
  landing: 0.06314754695631564
  view-data: 0.22863326396327466
