times:
  edit-metadata: 1.4826958514750004
  landing: 0.7775778975337744
  view-data: 3.371505379676819
