times:
  edit-metadata: 0.7400625729933381
  landing: 0.06206340785138309
  view-data: 0.23753250390291214
