times:
  edit-metadata: 1.5116493701934814
  landing: 0.8489088825881481
  view-data: 3.3176713921129704
