times:
  edit-metadata: 1.544724017381668
  landing: 0.9212439358234406
  view-data: 3.389217233285308
