times:
  edit-metadata: 1.5674410983920097
  landing: 0.922285083681345
  view-data: 3.319704055786133
