times:
  edit-metadata: 1.4181336797773838
  landing: 0.8586669825017452
  view-data: 3.3012362010776997
