times:
  edit-metadata: 1.4176765121519566
  landing: 0.7784966118633747
  view-data: 3.4133115466684103
