times:
  edit-metadata: 0.8012007519719191
  landing: 0.050390863965731114
  view-data: 0.22485107998363674
