times:
  edit-metadata: 0.827640229021199
  landing: 0.06826953194104135
  view-data: 0.23044972703792155
