times:
  edit-metadata: 1.4988385811448097
  landing: 0.9373557567596436
  view-data: 3.3272034004330635
