times:
  edit-metadata: 1.4848342575132847
  landing: 0.8465384598821402
  view-data: 3.371080096811056
