times:
  edit-metadata: 1.5138676278293133
  landing: 0.8064325004816055
  view-data: 3.4852750562131405
