times:
  edit-metadata: 1.40171176684089
  landing: 0.8223185390233994
  view-data: 3.4523906458634883
