times:
  edit-metadata: 0.8235369219910353
  landing: 0.05059408117085695
  view-data: 0.22979584312997758
