times:
  edit-metadata: 1.5643868800252676
  landing: 0.8429961483925581
  view-data: 3.429955178871751
