times:
  edit-metadata: 1.4904588758945465
  landing: 0.9121223352849483
  view-data: 3.4108719527721405
