times:
  edit-metadata: 1.5180612541735172
  landing: 1.0103978663682938
  view-data: 3.4154591001570225
