times:
  edit-metadata: 4.583280526101589
  landing: 1.555224634706974
  view-data: 3.352163404226303
