times:
  edit-metadata: 2.8930052183568478
  landing: 1.6903616711497307
  view-data: 3.4204044844955206
