times:
  edit-metadata: 1.5872353836894035
  landing: 1.048279281705618
  view-data: 3.3636610582470894
