times:
  edit-metadata: 1.7025570273399353
  landing: 0.9142349474132061
  view-data: 3.35709510743618
