times:
  edit-metadata: 1.2945851311087608
  landing: 0.9906045671086758
  view-data: 3.30009182007052
