times:
  edit-metadata: 1.44431846216321
  landing: 0.8974190428853035
  view-data: 3.3553557097911835
