times:
  edit-metadata: 0.7379752160049975
  landing: 0.07375398802105337
  view-data: 0.2592013879911974
