times:
  edit-metadata: 0.8285248010070063
  landing: 0.07715835998533294
  view-data: 0.2300833109766245
