times:
  edit-metadata: 0.8851168699329719
  landing: 0.05246626294683665
  view-data: 0.2440734599949792
