times:
  edit-metadata: 1.4104244001209736
  landing: 1.0387058593332767
  view-data: 3.3835416650399566
