times:
  edit-metadata: 1.6329675912857056
  landing: 1.1663484685122967
  view-data: 3.432786077260971
