times:
  edit-metadata: 0.7501469328999519
  landing: 0.0790476428810507
  view-data: 0.23335532704368234
