times:
  edit-metadata: 0.7501236889511347
  landing: 0.0672427131794393
  view-data: 0.22710600099526346
