times:
  edit-metadata: 0.7529986030422151
  landing: 0.07381126307882369
  view-data: 0.227689502062276
