times:
  edit-metadata: 1.4910148568451405
  landing: 0.9159731511026621
  view-data: 3.328765002079308
