times:
  edit-metadata: 1.4534897953271866
  landing: 1.0062586702406406
  view-data: 3.602866154164076
