times:
  edit-metadata: 1.571302155032754
  landing: 0.8948905281722546
  view-data: 3.4071521908044815
