times:
  edit-metadata: 1.3914317265152931
  landing: 0.8868784867227077
  view-data: 3.29130881652236
