times:
  edit-metadata: 1.552508283406496
  landing: 0.7590359263122082
  view-data: 3.3558385372161865
