times:
  edit-metadata: 2.1763386130332947
  landing: 1.8872811272740364
  view-data: 3.7256210073828697
