times:
  edit-metadata: 0.7979212228674442
  landing: 0.08266220916993916
  view-data: 0.2267547999508679
