times:
  edit-metadata: 0.8297686399891973
  landing: 0.06945093799731694
  view-data: 0.2417854100058321
