times:
  edit-metadata: 1.4274111315608025
  landing: 21.10808448307216
  view-data: 3.3159485831856728
