times:
  edit-metadata: 1.445407036691904
  landing: 0.812944870442152
  view-data: 3.3800038481131196
