times:
  edit-metadata: 1.598800901323557
  landing: 1.2179269716143608
  view-data: 3.3670135512948036
