times:
  edit-metadata: 0.7926295110955834
  landing: 0.0550383529625833
  view-data: 0.2284612508956343
