times:
  edit-metadata: 0.7547274889657274
  landing: 0.07233267393894494
  view-data: 0.23558964300900698
