times:
  edit-metadata: 1.3810921479016542
  landing: 0.8100115098059177
  view-data: 3.4047403931617737
