times:
  edit-metadata: 1.6296333940699697
  landing: 1.0243234680965543
  view-data: 3.660522188991308
