times:
  edit-metadata: 0.8239164960104972
  landing: 0.05766304593998939
  view-data: 0.23515981994569302
