times:
  edit-metadata: 0.9822469790233299
  landing: 0.05291467800270766
  view-data: 0.23932464502286166
