times:
  edit-metadata: 1.4219537489116192
  landing: 0.7531499788165092
  view-data: 3.2862328067421913
