times:
  edit-metadata: 1.4420585301704705
  landing: 0.9723947108723223
  view-data: 3.3482515611685812
