times:
  edit-metadata: 1.4778326358646154
  landing: 0.7860938590019941
  view-data: 3.401229565963149
