times:
  edit-metadata: 0.7349680240731686
  landing: 0.05535140703432262
  view-data: 0.23586249398067594
