times:
  edit-metadata: 1.4914433802478015
  landing: 0.8206424838863313
  view-data: 3.527359116822481
