times:
  edit-metadata: 1.461028978228569
  landing: 1.0833642091602087
  view-data: 3.307681106030941
