times:
  edit-metadata: 1.4609072655439377
  landing: 1.0146878249943256
  view-data: 3.3656267672777176
