times:
  edit-metadata: 1.5672477036714554
  landing: 0.9346229210495949
  view-data: 3.4620237313210964
