times:
  edit-metadata: 0.7300433688797057
  landing: 0.07395995408296585
  view-data: 0.24329526303336024
