times:
  edit-metadata: 0.7536864508874714
  landing: 0.07170409429818392
  view-data: 0.23272697301581502
