times:
  edit-metadata: 1.4780983924865723
  landing: 0.8935040980577469
  view-data: 3.3598112780600786
