times:
  edit-metadata: 1.5377546083182096
  landing: 0.7792696226388216
  view-data: 3.423753375187516
