times:
  edit-metadata: 2.2873790208250284
  landing: 1.5421317294239998
  view-data: 0.8496737349778414
