times:
  edit-metadata: 1.4754853430204093
  landing: 1.0595557800261304
  view-data: 3.41320193791762
