times:
  edit-metadata: 0.7713116612285376
  landing: 0.048970385920256376
  view-data: 0.22739334823563695
