times:
  edit-metadata: 1.4199334080331028
  landing: 0.7780798869207501
  view-data: 3.395163798937574
