times:
  edit-metadata: 0.7978307739831507
  landing: 0.05180219002068043
  view-data: 0.22528196591883898
