times:
  edit-metadata: 1.5151074938476086
  landing: 0.8391421735286713
  view-data: 3.362587060779333
