times:
  edit-metadata: 0.7983904499560595
  landing: 0.0524598304182291
  view-data: 0.21606396092101932
