times:
  edit-metadata: 1.4908505640923977
  landing: 0.822503887116909
  view-data: 3.418675161898136
