times:
  edit-metadata: 0.9412006550119258
  landing: 0.051750156970229
  view-data: 0.3166801030165516
