times:
  edit-metadata: 1.479709155857563
  landing: 0.8291823975741863
  view-data: 3.4123192373663187
