times:
  edit-metadata: 1.359734290279448
  landing: 0.9068452818319201
  view-data: 3.398095553740859
