times:
  edit-metadata: 1.637425746768713
  landing: 0.9710476528853178
  view-data: 3.435297451913357
