times:
  edit-metadata: 0.8060350689920597
  landing: 0.04832553101005033
  view-data: 0.24098589201457798
