times:
  edit-metadata: 1.676914557814598
  landing: 1.0178881622850895
  view-data: 3.4390572905540466
