times:
  edit-metadata: 0.7935188829433173
  landing: 0.0466261989204213
  view-data: 0.36231072002556175
