times:
  edit-metadata: 0.7459684639470652
  landing: 0.07128919998649508
  view-data: 0.24014099698979408
