times:
  edit-metadata: 1.480501364916563
  landing: 1.006671417504549
  view-data: 3.3249720372259617
