times:
  edit-metadata: 1.3498529978096485
  landing: 0.8502725176513195
  view-data: 3.288221139460802
