times:
  edit-metadata: 0.8568134929519147
  landing: 0.053747665020637214
  view-data: 0.24252926104236394
