times:
  edit-metadata: 0.842369617021177
  landing: 0.05834032301208936
  view-data: 0.2435850570036564
