times:
  edit-metadata: 1.3170072808861732
  landing: 0.7232413981109858
  view-data: 3.3716104719787836
