times:
  edit-metadata: 1.4390181489288807
  landing: 2.3044094406068325
  view-data: 3.360331501811743
