times:
  edit-metadata: 1.3744787573814392
  landing: 0.8642901107668877
  view-data: 3.2991339936852455
