times:
  edit-metadata: 0.9977643390011508
  landing: 0.09325701498892158
  view-data: 0.32328866299940273
