times:
  edit-metadata: 1.4703680537641048
  landing: 0.6975902430713177
  view-data: 3.300040252506733
