times:
  edit-metadata: 1.7596943899989128
  landing: 1.2136490102857351
  view-data: 3.4564922358840704
