times:
  edit-metadata: 1.425523397512734
  landing: 0.7551109297201037
  view-data: 3.339448867365718
