times:
  edit-metadata: 1.3572562150657177
  landing: 0.9471275568939745
  view-data: 3.402253599371761
