times:
  edit-metadata: 1.400812883861363
  landing: 0.8855400197207928
  view-data: 3.341278743930161
