times:
  edit-metadata: 1.5435663238167763
  landing: 0.8604370802640915
  view-data: 3.4461070597171783
