times:
  edit-metadata: 1.4277523905038834
  landing: 0.9205017797648907
  view-data: 3.428544994443655
