times:
  edit-metadata: 1.3722866550087929
  landing: 0.8695689290761948
  view-data: 3.3632044307887554
