times:
  edit-metadata: 1.3251450899988413
  landing: 0.8423921149224043
  view-data: 3.366180851124227
