times:
  edit-metadata: 1.5115398727357388
  landing: 0.9072702266275883
  view-data: 3.4197191931307316
