times:
  edit-metadata: 1.6736491993069649
  landing: 1.0980500392615795
  view-data: 3.342111051082611
