times:
  edit-metadata: 0.816830188035965
  landing: 0.055568280164152384
  view-data: 0.3676713991444558
