times:
  edit-metadata: 1.4608925529755652
  landing: 0.8382981312461197
  view-data: 3.3725961800664663
