times:
  edit-metadata: 1.3642806150019169
  landing: 0.8292159549891949
  view-data: 3.3729393631219864
