times:
  edit-metadata: 1.9164852313697338
  landing: 1.4868858344852924
  view-data: 3.418385047465563
