times:
  edit-metadata: 0.8935970279853791
  landing: 0.10704922999138944
  view-data: 0.22944176598684862
