times:
  edit-metadata: 1.5144365802407265
  landing: 0.7008870877325535
  view-data: 3.3458158429712057
