times:
  edit-metadata: 1.4097521863877773
  landing: 0.7299348553642631
  view-data: 3.367433243431151
