times:
  edit-metadata: 1.3640143293887377
  landing: 0.8122521936893463
  view-data: 3.3065457809716463
