times:
  edit-metadata: 1.8865282014012337
  landing: 1.285314591601491
  view-data: 3.406529663130641
