times:
  edit-metadata: 1.5350103732198477
  landing: 0.8722452092915773
  view-data: 3.3614677004516125
