times:
  edit-metadata: 1.4261420550756156
  landing: 0.8058490948751569
  view-data: 3.377039393875748
