times:
  edit-metadata: 1.6270941160619259
  landing: 1.0232191160321236
  view-data: 3.3566517010331154
