times:
  edit-metadata: 1.5579966120421886
  landing: 1.0015821568667889
  view-data: 3.399340808391571
