times:
  edit-metadata: 1.540065672248602
  landing: 0.9784924425184727
  view-data: 3.386890772730112
