times:
  edit-metadata: 1.325640113092959
  landing: 0.7513522682711482
  view-data: 3.3590901400893927
