times:
  edit-metadata: 0.9970108880661428
  landing: 0.06086588092148304
  view-data: 0.2571185571141541
