times:
  edit-metadata: 1.3938322272151709
  landing: 0.8656271751970053
  view-data: 3.4125088676810265
