times:
  edit-metadata: 1.5135880910092965
  landing: 0.7999078310094774
  view-data: 3.2697443609358743
