times:
  edit-metadata: 1.5215818099677563
  landing: 0.8912168480455875
  view-data: 3.4640536159276962
