times:
  edit-metadata: 1.5299921594560146
  landing: 0.8512163870036602
  view-data: 3.3748563081026077
