times:
  edit-metadata: 1.625862941145897
  landing: 0.9803830906748772
  view-data: 3.3895016200840473
