times:
  edit-metadata: 2.9867187030613422
  landing: 8.368900638073683
  view-data: 3.5770656391978264
