times:
  edit-metadata: 1.5283559709787369
  landing: 0.8559395652264357
  view-data: 3.348432684317231
