times:
  edit-metadata: 1.5067756697535515
  landing: 0.9004685841500759
  view-data: 3.408313998952508
