times:
  edit-metadata: 1.4977292120456696
  landing: 0.9087853692471981
  view-data: 3.3622318617999554
