times:
  edit-metadata: 1.5321059059351683
  landing: 0.7905932515859604
  view-data: 3.3022299371659756
