times:
  edit-metadata: 1.4678496904671192
  landing: 0.9149444252252579
  view-data: 3.28720236569643
