times:
  edit-metadata: 1.4485545307397842
  landing: 0.9237645454704762
  view-data: 3.375932089984417
