times:
  edit-metadata: 1.5202447064220905
  landing: 0.9340417422354221
  view-data: 3.419469229876995
