times:
  edit-metadata: 0.9070694139227271
  landing: 0.1252065491862595
  view-data: 0.26819908688776195
