times:
  edit-metadata: 1.604620661586523
  landing: 1.031142383813858
  view-data: 3.33644001185894
