times:
  edit-metadata: 0.8045570610556751
  landing: 0.0444801130797714
  view-data: 0.23167880601249635
