times:
  edit-metadata: 0.8463713290402666
  landing: 0.04137894802261144
  view-data: 0.23762745602289215
