times:
  edit-metadata: 1.3250108286738396
  landing: 0.8499430157244205
  view-data: 3.3502245731651783
