times:
  edit-metadata: 0.7626673420891166
  landing: 0.06596658192574978
  view-data: 0.23414805415086448
