times:
  edit-metadata: 1.4548222050070763
  landing: 0.8072152808308601
  view-data: 3.3623737022280693
