times:
  edit-metadata: 1.475793099962175
  landing: 0.8065600078552961
  view-data: 3.4315625499002635
