times:
  edit-metadata: 1.5665776766836643
  landing: 0.9991953819990158
  view-data: 3.3511055260896683
