times:
  edit-metadata: 1.3324619219638407
  landing: 0.9435205231420696
  view-data: 3.350184319075197
