times:
  edit-metadata: 1.336721459403634
  landing: 0.7739453166723251
  view-data: 3.33088955283165
