times:
  edit-metadata: 1.868489308282733
  landing: 0.9755244757980108
  view-data: 3.3385753631591797
