times:
  edit-metadata: 0.7687583170481957
  landing: 0.04951993195572868
  view-data: 0.2362175079761073
