times:
  edit-metadata: 0.7590712129604071
  landing: 0.0700878978241235
  view-data: 0.23000496602617204
