times:
  edit-metadata: 0.7198569099418819
  landing: 0.06899307388812304
  view-data: 0.24072588700801134
