times:
  edit-metadata: 1.4982903581112623
  landing: 0.7502119913697243
  view-data: 3.3933278527110815
