times:
  edit-metadata: 1.4959680861793458
  landing: 1.3314470811747015
  view-data: 3.419048272073269
