times:
  edit-metadata: 1.631756043061614
  landing: 0.884113535284996
  view-data: 3.378261052072048
