times:
  edit-metadata: 1.6245791781693697
  landing: 0.8794171009212732
  view-data: 3.260923096910119
