times:
  edit-metadata: 2.1149416528642178
  landing: 0.834174145013094
  view-data: 3.443067204207182
