times:
  edit-metadata: 1.6528294561430812
  landing: 1.045480690896511
  view-data: 3.531117613427341
