times:
  edit-metadata: 1.4545057117938995
  landing: 0.9068623371422291
  view-data: 3.3897490836679935
