times:
  edit-metadata: 1.790805566124618
  landing: 1.0391649818047881
  view-data: 3.4426514953374863
