times:
  edit-metadata: 1.3684781640768051
  landing: 0.8904904630035162
  view-data: 3.3733779676258564
