times:
  edit-metadata: 1.3213031529448926
  landing: 0.7416168181225657
  view-data: 3.3043408449739218
