times:
  edit-metadata: 1.452293312177062
  landing: 0.8336494006216526
  view-data: 3.368463009595871
