times:
  edit-metadata: 1.4221719913184643
  landing: 0.8020586371421814
  view-data: 3.301724851131439
