times:
  edit-metadata: 0.7695788498967886
  landing: 0.07986299600452185
  view-data: 0.22580841975286603
