times:
  edit-metadata: 1.5177799388766289
  landing: 0.7844859566539526
  view-data: 3.447617970407009
