times:
  edit-metadata: 1.7180685745552182
  landing: 1.0332419509068131
  view-data: 3.4840237200260162
