times:
  edit-metadata: 1.5652318261563778
  landing: 1.0623457804322243
  view-data: 3.3344730250537395
