times:
  edit-metadata: 1.4799112975597382
  landing: 0.7910357918590307
  view-data: 3.366949362680316
