times:
  edit-metadata: 1.6079654432833195
  landing: 0.770704124122858
  view-data: 3.4275447335094213
