times:
  edit-metadata: 1.44621864403598
  landing: 0.8720241929404438
  view-data: 3.38667512498796
