times:
  edit-metadata: 1.412596896989271
  landing: 0.936255422886461
  view-data: 3.430598895996809
