times:
  edit-metadata: 1.490354724228382
  landing: 1.005309134721756
  view-data: 3.3866233602166176
