times:
  edit-metadata: 1.7404208667576313
  landing: 1.190044291317463
  view-data: 3.3874060809612274
