times:
  edit-metadata: 1.704005841165781
  landing: 1.0273362398147583
  view-data: 3.3835778310894966
