times:
  edit-metadata: 0.785716395941563
  landing: 0.0503812589449808
  view-data: 0.23302228096872568
