times:
  edit-metadata: 1.4708165833726525
  landing: 0.911248448304832
  view-data: 3.3702932987362146
