times:
  edit-metadata: 1.412667617900297
  landing: 0.918519709026441
  view-data: 3.440401278901845
