times:
  edit-metadata: 1.4768084790557623
  landing: 0.9020213913172483
  view-data: 3.419110957533121
