times:
  edit-metadata: 0.7716989900218323
  landing: 0.055076370015740395
  view-data: 0.23487411299720407
