times:
  edit-metadata: 1.5415179282426834
  landing: 0.8020857945084572
  view-data: 3.390982961282134
