times:
  edit-metadata: 1.683242093771696
  landing: 0.8187157735228539
  view-data: 3.355503872036934
