times:
  edit-metadata: 1.5208187326788902
  landing: 0.8275428451597691
  view-data: 3.326229989528656
