times:
  edit-metadata: 1.4679384790360928
  landing: 0.8414313234388828
  view-data: 3.341777004301548
