times:
  edit-metadata: 1.4140203837305307
  landing: 0.881042243912816
  view-data: 3.3394939210265875
