times:
  edit-metadata: 1.5129637960344553
  landing: 0.8633216135203838
  view-data: 3.4627674855291843
