times:
  edit-metadata: 0.9203551550162956
  landing: 0.06646938802441582
  view-data: 0.276958342990838
