times:
  edit-metadata: 1.421761006116867
  landing: 0.8703313656151295
  view-data: 3.29300419986248
