times:
  edit-metadata: 0.7521704570390284
  landing: 0.07311803009361029
  view-data: 0.49564317194744945
