times:
  edit-metadata: 1.468556098639965
  landing: 0.8992067649960518
  view-data: 3.3627872802317142
