times:
  edit-metadata: 1.632674751803279
  landing: 0.9959290269762278
  view-data: 3.3814318533986807
