times:
  edit-metadata: 1.538947144523263
  landing: 0.9431546945124865
  view-data: 3.3661629799753428
