times:
  edit-metadata: 1.5431092400103807
  landing: 0.818114036694169
  view-data: 3.4125103298574686
