times:
  edit-metadata: 1.4441593810915947
  landing: 0.8249687701463699
  view-data: 3.3741401247680187
