times:
  edit-metadata: 2.2589534763246775
  landing: 1.484771216288209
  view-data: 3.6060201693326235
