times:
  edit-metadata: 0.7879958171397448
  landing: 0.042360767256468534
  view-data: 0.22758561093360186
