times:
  edit-metadata: 1.4348464794456959
  landing: 0.8348461650311947
  view-data: 3.523281978443265
