times:
  edit-metadata: 1.3716640109196305
  landing: 0.8101592650637031
  view-data: 3.3990670880302787
