times:
  edit-metadata: 1.3055862211622298
  landing: 0.8780722939409316
  view-data: 3.371160276699811
