times:
  edit-metadata: 1.5482034087181091
  landing: 0.9580304101109505
  view-data: 3.4464297350496054
