times:
  edit-metadata: 0.7444933031219989
  landing: 0.07123363204300404
  view-data: 0.23202736489474773
