times:
  edit-metadata: 1.6038960292935371
  landing: 1.1330546289682388
  view-data: 3.3482911624014378
