times:
  edit-metadata: 0.8203539949900005
  landing: 0.0655233060097089
  view-data: 0.23552538199874107
