times:
  edit-metadata: 1.3393097468651831
  landing: 0.9315964188426733
  view-data: 3.4977857656776905
