times:
  edit-metadata: 1.4327202700078487
  landing: 0.7904072441160679
  view-data: 3.298235084861517
