times:
  edit-metadata: 0.7667065081186593
  landing: 0.08072784403339028
  view-data: 0.263312304392457
