times:
  edit-metadata: 0.7576135900453664
  landing: 0.05084231501678005
  view-data: 0.24539196502882987
