times:
  edit-metadata: 1.4667186047881842
  landing: 0.9622032903134823
  view-data: 3.4037956576794386
