times:
  edit-metadata: 1.5470199100673199
  landing: 4.923625458031893
  view-data: 3.434416688978672
