times:
  edit-metadata: 0.778848476940766
  landing: 0.048526064958423376
  view-data: 0.23119148705154657
