times:
  edit-metadata: 1.4917644876986742
  landing: 0.9472919013351202
  view-data: 3.420325241982937
