times:
  edit-metadata: 1.5006075743585825
  landing: 1.0639450009912252
  view-data: 3.4725746009498835
