times:
  edit-metadata: 0.907310973998392
  landing: 0.07512180900084786
  view-data: 0.24309707101201639
