times:
  edit-metadata: 1.3954929560422897
  landing: 0.8818243965506554
  view-data: 3.375728316605091
