times:
  edit-metadata: 0.7470741489669308
  landing: 0.06627455301349983
  view-data: 0.23537688195938244
