times:
  edit-metadata: 0.7961290009552613
  landing: 0.05566947301849723
  view-data: 0.2280352950328961
