times:
  edit-metadata: 0.8706972940126434
  landing: 0.07245686399983242
  view-data: 0.2376332319690846
