times:
  edit-metadata: 1.3724923359695822
  landing: 0.8004189599305391
  view-data: 3.3536104958038777
