times:
  edit-metadata: 1.5044893641024828
  landing: 0.7582676317542791
  view-data: 3.389009093865752
