times:
  edit-metadata: 0.7828411320224404
  landing: 0.04185038316063583
  view-data: 0.36500064190477133
