times:
  edit-metadata: 1.5458886474370956
  landing: 0.9477692507207394
  view-data: 3.3999689295887947
