times:
  edit-metadata: 1.5203363038599491
  landing: 0.9183971062302589
  view-data: 3.313453320413828
