times:
  edit-metadata: 1.5080817770212889
  landing: 0.7832182552665472
  view-data: 3.3391704484820366
