times:
  edit-metadata: 0.7627108810702339
  landing: 0.08203055697958916
  view-data: 0.22589929401874542
