times:
  edit-metadata: 1.445156367495656
  landing: 0.8996031675487757
  view-data: 3.4189528003335
