times:
  edit-metadata: 1.5396695211529732
  landing: 0.9331425949931145
  view-data: 3.4070450477302074
