times:
  edit-metadata: 2.5649990402162075
  landing: 1.1893068812787533
  view-data: 3.6495725214481354
