times:
  edit-metadata: 1.355723986402154
  landing: 0.7999825170263648
  view-data: 3.388297633267939
