times:
  edit-metadata: 1.3978962134569883
  landing: 0.7303552636876702
  view-data: 3.559297140687704
