times:
  edit-metadata: 1.3970120698213577
  landing: 0.9043200761079788
  view-data: 3.4333770014345646
