times:
  edit-metadata: 1.4374396670609713
  landing: 0.9291719496250153
  view-data: 3.3678340576589108
