times:
  edit-metadata: 1.388817798346281
  landing: 0.8893344178795815
  view-data: 3.345967050641775
