times:
  edit-metadata: 1.3881209100363776
  landing: 0.6934324299218133
  view-data: 3.238601888064295
