times:
  edit-metadata: 1.5378845036029816
  landing: 1.0103188529610634
  view-data: 3.380553711205721
