times:
  edit-metadata: 1.5578633174300194
  landing: 1.0492564775049686
  view-data: 3.4084628522396088
