times:
  edit-metadata: 1.4576887264847755
  landing: 0.8946063481271267
  view-data: 3.3560733906924725
