times:
  edit-metadata: 1.6260065156966448
  landing: 0.8520863447338343
  view-data: 3.4708920307457447
