times:
  edit-metadata: 1.4306369051337242
  landing: 0.8872442431747913
  view-data: 3.336500361561775
