times:
  edit-metadata: 1.5883702114224434
  landing: 1.0052617490291595
  view-data: 3.373967967927456
