times:
  edit-metadata: 0.7081340327858925
  landing: 0.05637467000633478
  view-data: 0.22129461215808988
