times:
  edit-metadata: 1.4678617576137185
  landing: 0.6749207470566034
  view-data: 3.2598587181419134
