times:
  edit-metadata: 1.646167227998376
  landing: 0.8697515446692705
  view-data: 3.356078239157796
