times:
  edit-metadata: 0.7704422899987549
  landing: 0.06920209899544716
  view-data: 0.2261114080902189
