times:
  edit-metadata: 1.5282518789172173
  landing: 0.938327893614769
  view-data: 3.408932615071535
