times:
  edit-metadata: 1.3705036391038448
  landing: 0.8754535359330475
  view-data: 3.350119753042236
