times:
  edit-metadata: 1.491963692009449
  landing: 0.900818943977356
  view-data: 3.426471073180437
