times:
  edit-metadata: 2.1045611314475536
  landing: 1.5081281159073114
  view-data: 3.428489748388529
