times:
  edit-metadata: 0.8270073919557035
  landing: 0.0640450679929927
  view-data: 0.23754054901655763
