times:
  edit-metadata: 0.934319708001567
  landing: 0.11741197999799624
  view-data: 0.272647688005236
