times:
  edit-metadata: 1.3945442698895931
  landing: 0.7126939818263054
  view-data: 3.3266951721161604
