times:
  edit-metadata: 1.4169532805681229
  landing: 0.8412422053515911
  view-data: 3.358148582279682
