times:
  edit-metadata: 1.3697882639244199
  landing: 0.7937335763126612
  view-data: 3.3844488644972444
