times:
  edit-metadata: 0.7951572721358389
  landing: 0.06383228185586631
  view-data: 0.35265130107291043
