times:
  edit-metadata: 1.4811165388673544
  landing: 0.8216553665697575
  view-data: 3.421462433412671
