times:
  edit-metadata: 1.4087428599596024
  landing: 1.043139897286892
  view-data: 3.311682216823101
