times:
  edit-metadata: 1.5132317151874304
  landing: 0.7456167452037334
  view-data: 3.3886824622750282
