times:
  edit-metadata: 0.9387469720095396
  landing: 0.08807784365490079
  view-data: 0.3704456891864538
