times:
  edit-metadata: 1.4506802493706346
  landing: 0.994611069560051
  view-data: 3.338853919878602
