times:
  edit-metadata: 1.5209495667368174
  landing: 0.8844281639903784
  view-data: 3.345946803689003
