times:
  edit-metadata: 1.5022333282977343
  landing: 0.7930611185729504
  view-data: 3.3916842341423035
