times:
  edit-metadata: 1.4291035048663616
  landing: 0.7383723221719265
  view-data: 3.2744032070040703
