times:
  edit-metadata: 1.529734406620264
  landing: 0.8758084885776043
  view-data: 3.3460695557296276
