times:
  edit-metadata: 3.033672157675028
  landing: 1.4187780767679214
  view-data: 3.5276578702032566
