times:
  edit-metadata: 1.3517241440713406
  landing: 0.8669252134859562
  view-data: 3.4191920161247253
