times:
  edit-metadata: 1.447655189782381
  landing: 0.6914723068475723
  view-data: 3.2852762565016747
