times:
  edit-metadata: 1.4759694412350655
  landing: 0.8030383996665478
  view-data: 3.3445707485079765
