times:
  edit-metadata: 1.977064449340105
  landing: 1.8601184487342834
  view-data: 3.5173578076064587
