times:
  edit-metadata: 1.3948784284293652
  landing: 0.8381005227565765
  view-data: 3.38664723187685
