times:
  edit-metadata: 2.7023438960313797
  landing: 1.1839000657200813
  view-data: 3.6762466430664062
