times:
  edit-metadata: 2.859896246343851
  landing: 1.3344137407839298
  view-data: 3.4338069818913937
