times:
  edit-metadata: 1.6272962987422943
  landing: 1.041701827198267
  view-data: 3.465412672609091
