times:
  edit-metadata: 1.4125436134636402
  landing: 0.9812347888946533
  view-data: 3.3448115177452564
