times:
  edit-metadata: 1.5013541616499424
  landing: 0.7114363014698029
  view-data: 3.356228780001402
