times:
  edit-metadata: 1.5013044476509094
  landing: 0.9557645246386528
  view-data: 3.3820656090974808
