times:
  edit-metadata: 1.5529226437211037
  landing: 0.9165179096162319
  view-data: 0.6897694692015648
