times:
  edit-metadata: 2.0210328176617622
  landing: 1.1210995316505432
  view-data: 3.6764979287981987
