times:
  edit-metadata: 1.6167432628571987
  landing: 0.9555281549692154
  view-data: 3.4095696173608303
