times:
  edit-metadata: 1.5267872251570225
  landing: 0.8566862717270851
  view-data: 3.358364474028349
