times:
  edit-metadata: 3.138224583119154
  landing: 2.3319287449121475
  view-data: 3.985256355255842
