times:
  edit-metadata: 1.349827852100134
  landing: 0.8039898127317429
  view-data: 3.393248502165079
