times:
  edit-metadata: 1.386437963694334
  landing: 0.7546976767480373
  view-data: 3.303973149508238
