times:
  edit-metadata: 1.5870530344545841
  landing: 0.8882851600646973
  view-data: 3.4352823048830032
