times:
  edit-metadata: 1.5532934740185738
  landing: 0.9194934330880642
  view-data: 3.3349015414714813
