times:
  edit-metadata: 1.5235415324568748
  landing: 0.8970670588314533
  view-data: 3.410651408135891
