times:
  edit-metadata: 1.3932418785989285
  landing: 0.8963107466697693
  view-data: 3.3680568896234035
