times:
  edit-metadata: 1.5860955640673637
  landing: 0.9417175799608231
  view-data: 3.338138159364462
