times:
  edit-metadata: 1.525565318763256
  landing: 0.8993360958993435
  view-data: 3.467070259153843
