times:
  edit-metadata: 1.4898108430206776
  landing: 0.9580139592289925
  view-data: 3.3543361984193325
