times:
  edit-metadata: 1.3343777246773243
  landing: 0.8245893456041813
  view-data: 3.2569413520395756
