times:
  edit-metadata: 1.4691270887851715
  landing: 0.8770629800856113
  view-data: 3.358613144606352
