times:
  edit-metadata: 1.6677254512906075
  landing: 1.0296238847076893
  view-data: 3.343203779309988
