times:
  edit-metadata: 1.483187060803175
  landing: 0.999852754175663
  view-data: 3.3029177263379097
