times:
  edit-metadata: 1.4450033344328403
  landing: 0.7882394455373287
  view-data: 3.350983690470457
