times:
  edit-metadata: 1.5238866694271564
  landing: 0.9182665087282658
  view-data: 3.432990986853838
