times:
  edit-metadata: 1.7147959098219872
  landing: 1.1389831118285656
  view-data: 3.5592766106128693
