times:
  edit-metadata: 1.556190650910139
  landing: 0.8307670168578625
  view-data: 3.3815462104976177
