times:
  edit-metadata: 1.6217833012342453
  landing: 1.0009777769446373
  view-data: 3.3801026195287704
