times:
  edit-metadata: 1.90310238301754
  landing: 1.1222647912800312
  view-data: 3.5196077674627304
