times:
  edit-metadata: 1.5755380280315876
  landing: 0.8412640057504177
  view-data: 3.403847064822912
