times:
  edit-metadata: 1.6097925156354904
  landing: 0.8543397039175034
  view-data: 3.3659839779138565
