times:
  edit-metadata: 1.7598679661750793
  landing: 0.8524576500058174
  view-data: 3.4401087686419487
