times:
  edit-metadata: 1.36363984644413
  landing: 0.723203718662262
  view-data: 3.2998831905424595
