times:
  edit-metadata: 1.588494773954153
  landing: 0.9186964556574821
  view-data: 3.490450397133827
