times:
  edit-metadata: 1.429492462426424
  landing: 0.8960611894726753
  view-data: 3.4523811861872673
