times:
  edit-metadata: 1.6023429781198502
  landing: 0.8338644988834858
  view-data: 3.4169242717325687
