times:
  edit-metadata: 1.3668469078838825
  landing: 0.8402597904205322
  view-data: 3.3023586235940456
