times:
  edit-metadata: 1.8931191489100456
  landing: 7.482183273881674
  view-data: 3.401580821722746
