times:
  edit-metadata: 1.487864714115858
  landing: 0.7937149479985237
  view-data: 3.408886544406414
