times:
  edit-metadata: 1.9849996119737625
  landing: 1.2186831533908844
  view-data: 3.5672364607453346
