times:
  edit-metadata: 1.567000836133957
  landing: 0.8519148454070091
  view-data: 3.5152023881673813
