times:
  edit-metadata: 1.4054362177848816
  landing: 0.7990204989910126
  view-data: 3.456037610769272
