times:
  edit-metadata: 1.3687189891934395
  landing: 0.7002579793334007
  view-data: 3.4772823601961136
