times:
  edit-metadata: 2.306814707815647
  landing: 1.5046220496296883
  view-data: 3.6164372637867928
