times:
  edit-metadata: 1.5324672907590866
  landing: 0.7206157743930817
  view-data: 3.473119243979454
