times:
  edit-metadata: 1.3971638679504395
  landing: 0.7881011515855789
  view-data: 3.281606547534466
