times:
  edit-metadata: 1.4320660829544067
  landing: 0.7952174544334412
  view-data: 3.2581738084554672
