times:
  edit-metadata: 1.3727763891220093
  landing: 0.7799550294876099
  view-data: 3.371427170932293
