times:
  edit-metadata: 1.600080780684948
  landing: 0.781682699918747
  view-data: 3.337278299033642
