times:
  edit-metadata: 1.5589524656534195
  landing: 0.8423812538385391
  view-data: 3.3078657016158104
