times:
  edit-metadata: 1.8534783646464348
  landing: 1.152579426765442
  view-data: 3.5000893771648407
