times:
  edit-metadata: 1.3730607256293297
  landing: 0.8215791285037994
  view-data: 3.5660611167550087
