times:
  edit-metadata: 1.5607394129037857
  landing: 0.891269326210022
  view-data: 3.293353609740734
