times:
  edit-metadata: 1.523830495774746
  landing: 0.7808267399668694
  view-data: 3.4956604465842247
