times:
  edit-metadata: 1.3846868053078651
  landing: 0.803154394030571
  view-data: 3.546031154692173
