times:
  edit-metadata: 1.4280168861150742
  landing: 0.8203999474644661
  view-data: 3.3401427417993546
