times:
  edit-metadata: 1.6885809302330017
  landing: 0.8578048348426819
  view-data: 3.3490428924560547
