times:
  edit-metadata: 1.3395894095301628
  landing: 0.8692825436592102
  view-data: 3.521007537841797
