times:
  edit-metadata: 1.5102430135011673
  landing: 0.6738780662417412
  view-data: 3.427270293235779
