times:
  edit-metadata: 1.5658387690782547
  landing: 0.7791847810149193
  view-data: 3.2867359817028046
