times:
  edit-metadata: 1.5209872424602509
  landing: 0.7393749132752419
  view-data: 3.3304923996329308
