times:
  edit-metadata: 1.473148413002491
  landing: 0.7167855724692345
  view-data: 3.470645137131214
