times:
  edit-metadata: 1.4638221487402916
  landing: 0.7690557464957237
  view-data: 3.42117265611887
