times:
  edit-metadata: 1.3056616485118866
  landing: 0.8514625653624535
  view-data: 3.4184901788830757
