times:
  edit-metadata: 1.5098463371396065
  landing: 0.7478056699037552
  view-data: 3.551475040614605
