times:
  edit-metadata: 1.4898566901683807
  landing: 0.7719196304678917
  view-data: 3.5123942270874977
