times:
  edit-metadata: 1.3855273947119713
  landing: 0.7025003284215927
  view-data: 3.305905766785145
