times:
  edit-metadata: 1.4402428641915321
  landing: 0.7268908843398094
  view-data: 3.4611098617315292
