times:
  edit-metadata: 1.5546357110142708
  landing: 0.7599815055727959
  view-data: 3.4643961265683174
