times:
  edit-metadata: 1.4330250695347786
  landing: 0.7286797761917114
  view-data: 3.4843127503991127
