times:
  edit-metadata: 1.3893133103847504
  landing: 0.7848984226584435
  view-data: 3.465273655951023
