times:
  edit-metadata: 1.4773680418729782
  landing: 0.74027219414711
  view-data: 3.6411346420645714
