times:
  edit-metadata: 1.5292691066861153
  landing: 0.7177667021751404
  view-data: 3.533247157931328
