times:
  edit-metadata: 1.4085107445716858
  landing: 0.7378976792097092
  view-data: 3.444314159452915
