times:
  edit-metadata: 1.4206968620419502
  landing: 0.7373170554637909
  view-data: 3.3285662829875946
