times:
  edit-metadata: 1.512355126440525
  landing: 0.8152833580970764
  view-data: 3.460173577070236
