times:
  edit-metadata: 1.4870358109474182
  landing: 0.6948373541235924
  view-data: 3.4841791689395905
