times:
  edit-metadata: 1.4654127731919289
  landing: 0.8501423224806786
  view-data: 3.560587003827095
