times:
  edit-metadata: 1.507000483572483
  landing: 0.7066835165023804
  view-data: 3.4649942070245743
