times:
  edit-metadata: 1.4841554760932922
  landing: 0.8205651938915253
  view-data: 3.335868589580059
