times:
  edit-metadata: 1.3301344141364098
  landing: 0.7503512650728226
  view-data: 3.4573526233434677
