times:
  edit-metadata: 1.4667926654219627
  landing: 0.7404224276542664
  view-data: 3.2813298776745796
