times:
  edit-metadata: 1.4383132830262184
  landing: 0.7443653345108032
  view-data: 3.4507845416665077
