times:
  edit-metadata: 1.4812203794717789
  landing: 0.8408720418810844
  view-data: 3.467048704624176
