times:
  edit-metadata: 1.5471122190356255
  landing: 0.8705437853932381
  view-data: 3.363590382039547
