times:
  edit-metadata: 1.984146699309349
  landing: 1.321472354233265
  view-data: 3.414511166512966
