times:
  edit-metadata: 1.3602415770292282
  landing: 0.8822628259658813
  view-data: 3.463946893811226
