times:
  edit-metadata: 1.4857550784945488
  landing: 0.8930566236376762
  view-data: 3.6082886084914207
