times:
  edit-metadata: 1.456784963607788
  landing: 0.7716046497225761
  view-data: 3.532660223543644
