times:
  edit-metadata: 1.536914125084877
  landing: 0.7590329200029373
  view-data: 3.531288765370846
