times:
  edit-metadata: 1.5047215148806572
  landing: 0.671223558485508
  view-data: 3.5339163541793823
