times:
  edit-metadata: 1.4089017137885094
  landing: 0.7931381687521935
  view-data: 3.4063503444194794
