times:
  edit-metadata: 1.9844689890742302
  landing: 1.7790447697043419
  view-data: 3.2885157763957977
