times:
  edit-metadata: 2.005385771393776
  landing: 1.3365194573998451
  view-data: 3.4928471222519875
