times:
  edit-metadata: 1.5719683021306992
  landing: 0.741492748260498
  view-data: 3.295089863240719
