times:
  edit-metadata: 1.6011642888188362
  landing: 0.8573224097490311
  view-data: 3.340540401637554
