times:
  edit-metadata: 2.193425230681896
  landing: 1.2573413252830505
  view-data: 3.607842043042183
