times:
  edit-metadata: 1.4333081468939781
  landing: 0.7299413532018661
  view-data: 3.325956165790558
