times:
  edit-metadata: 1.4291217029094696
  landing: 0.7491453886032104
  view-data: 3.4432919919490814
