times:
  edit-metadata: 1.4261148795485497
  landing: 0.7167806774377823
  view-data: 3.5117550268769264
