times:
  edit-metadata: 1.4354809150099754
  landing: 0.7310403659939766
  view-data: 3.509636677801609
