times:
  edit-metadata: 3.380004771053791
  landing: 1.8175327256321907
  view-data: 3.8019248694181442
