times:
  edit-metadata: 1.5147317051887512
  landing: 0.7390216737985611
  view-data: 3.422081522643566
