times:
  edit-metadata: 1.51591344922781
  landing: 0.8067114055156708
  view-data: 3.3400137946009636
