times:
  edit-metadata: 1.399864174425602
  landing: 0.9098174050450325
  view-data: 3.536715030670166
