times:
  edit-metadata: 1.4146941378712654
  landing: 0.6839110925793648
  view-data: 3.4771683365106583
