times:
  edit-metadata: 1.4281907230615616
  landing: 0.7051903232932091
  view-data: 3.5037007555365562
