times:
  edit-metadata: 1.4884135350584984
  landing: 0.7978774309158325
  view-data: 3.3245039954781532
