times:
  edit-metadata: 1.4544354379177094
  landing: 0.7310345396399498
  view-data: 3.4770695865154266
