times:
  edit-metadata: 1.6560515314340591
  landing: 1.2109203934669495
  view-data: 3.5147367641329765
