times:
  edit-metadata: 1.5013438984751701
  landing: 0.7900221198797226
  view-data: 3.2909458205103874
