times:
  edit-metadata: 1.4055000767111778
  landing: 0.7483418136835098
  view-data: 3.459722027182579
