times:
  edit-metadata: 1.500036284327507
  landing: 0.7038982883095741
  view-data: 3.5623948127031326
