times:
  edit-metadata: 1.405580922961235
  landing: 0.7942220568656921
  view-data: 3.4990148320794106
