times:
  edit-metadata: 1.545584000647068
  landing: 0.8272139579057693
  view-data: 3.342170387506485
