times:
  edit-metadata: 1.486030139029026
  landing: 0.8136267215013504
  view-data: 3.2723443806171417
