times:
  edit-metadata: 1.532454289495945
  landing: 0.9403133019804955
  view-data: 3.488493613898754
