times:
  edit-metadata: 1.5176281556487083
  landing: 0.8078202083706856
  view-data: 3.496646575629711
