times:
  edit-metadata: 1.5151052102446556
  landing: 0.8244303911924362
  view-data: 3.5195665508508682
