times:
  edit-metadata: 1.600208893418312
  landing: 1.0981608107686043
  view-data: 3.667551688849926
