times:
  edit-metadata: 1.4238427355885506
  landing: 0.7265736237168312
  view-data: 3.4940816164016724
