times:
  edit-metadata: 1.376347877085209
  landing: 0.7125270962715149
  view-data: 3.585359551012516
