times:
  edit-metadata: 1.3714445382356644
  landing: 0.7623505517840385
  view-data: 3.4303091913461685
