times:
  edit-metadata: 1.439160518348217
  landing: 0.7999091446399689
  view-data: 3.4417351856827736
