times:
  edit-metadata: 1.4006857722997665
  landing: 0.7247919142246246
  view-data: 3.497821196913719
