times:
  edit-metadata: 1.390434592962265
  landing: 0.802689366042614
  view-data: 3.448059380054474
