times:
  edit-metadata: 1.4145081490278244
  landing: 0.8413995951414108
  view-data: 3.302372008562088
