times:
  edit-metadata: 1.5287178978323936
  landing: 0.723961241543293
  view-data: 3.455913968384266
