times:
  edit-metadata: 1.5396452322602272
  landing: 0.7720086574554443
  view-data: 3.4623023495078087
