times:
  edit-metadata: 1.4583422988653183
  landing: 0.7349540814757347
  view-data: 3.417723685503006
