times:
  edit-metadata: 1.4261110350489616
  landing: 0.7709734737873077
  view-data: 3.513991616666317
