times:
  edit-metadata: 1.8682219982147217
  landing: 0.8322879001498222
  view-data: 3.6289708763360977
