times:
  edit-metadata: 1.297931544482708
  landing: 0.8470596075057983
  view-data: 3.5462629571557045
