times:
  landing: 0.5506267890000345
  view-data: 0.5530878380000104
