times:
  landing: 0.5722106239999789
  view-data: 0.5640361800000164
