times:
  landing: 0.5461107200000015
  view-data: 0.54475160100003
