times:
  landing: 1.064759462999973
  view-data: 0.5483352389999823
