times:
  landing: 0.5510343419999799
  view-data: 0.0443918750000023
