times:
  landing: 1.0597865380000258
  view-data: 0.5463453159999858
