times:
  landing: 0.5455835480000246
  view-data: 0.5483533280000188
