times:
  landing: 0.5641137110000045
  view-data: 0.05386571600001844
