times:
  landing: 0.5511127559999522
  view-data: 0.5642800050000005
