times:
  landing: 0.5540192610000076
  view-data: 0.06801176499999428
