times:
  landing: 0.5516491209999685
  view-data: 0.04493537700000161
