times:
  landing: 1.0709864940000102
  view-data: 0.5542580970000017
