times:
  landing: 0.5608240209999735
  view-data: 0.5565828189999706
