times:
  landing: 1.076764409999953
  view-data: 0.5531234840000252
