times:
  landing: 0.5637439569999856
  view-data: 0.5774051050000253
