times:
  landing: 1.0832612949999998
  view-data: 0.5608639869999479
