times:
  landing: 0.5570758139999725
  view-data: 0.06072908000004418
