times:
  landing: 1.074680217999969
  view-data: 0.5574605140000131
