times:
  edit-metadata: 1.3746602945029736
  landing: 0.7671371512115002
  view-data: 3.329971008002758
