times:
  edit-metadata: 1.4494484029710293
  landing: 0.777086328715086
  view-data: 3.276420246809721
