times:
  edit-metadata: 1.5047063566744328
  landing: 0.8266600407660007
  view-data: 3.351478725671768
