times:
  edit-metadata: 2.3736785911023617
  landing: 1.3094829209148884
  view-data: 3.3944713696837425
