times:
  edit-metadata: 1.4764852225780487
  landing: 0.7869260758161545
  view-data: 3.491002045571804
