times:
  edit-metadata: 1.4362336471676826
  landing: 0.9302757978439331
  view-data: 3.2773218974471092
