times:
  edit-metadata: 1.732864085584879
  landing: 1.083995807915926
  view-data: 3.361408744007349
