times:
  edit-metadata: 1.4673626199364662
  landing: 0.7380338534712791
  view-data: 3.2963554561138153
