times:
  edit-metadata: 1.3801869228482246
  landing: 0.7825816124677658
  view-data: 3.5529774501919746
