times:
  edit-metadata: 1.5077244490385056
  landing: 0.9526058062911034
  view-data: 3.283468771725893
