times:
  edit-metadata: 1.468971274793148
  landing: 0.6896001026034355
  view-data: 3.500424414873123
