times:
  edit-metadata: 1.7001391500234604
  landing: 0.8928675577044487
  view-data: 3.2752605006098747
