times:
  edit-metadata: 1.4006378799676895
  landing: 0.7593234479427338
  view-data: 3.5062023624777794
