times:
  edit-metadata: 1.4138405844569206
  landing: 0.840972077101469
  view-data: 3.315723441541195
