times:
  edit-metadata: 1.3984371051192284
  landing: 0.8208150714635849
  view-data: 3.568730190396309
