times:
  edit-metadata: 1.4772123768925667
  landing: 0.7769302725791931
  view-data: 3.531854175031185
