times:
  edit-metadata: 1.5066470354795456
  landing: 0.9159463346004486
  view-data: 3.5250956639647484
