times:
  edit-metadata: 1.8730840384960175
  landing: 0.7910386472940445
  view-data: 3.7238268479704857
