times:
  edit-metadata: 1.4093830958008766
  landing: 0.8757299855351448
  view-data: 3.451654225587845
