times:
  edit-metadata: 1.4740046486258507
  landing: 1.0714638754725456
  view-data: 3.4707409739494324
