times:
  edit-metadata: 1.474785476922989
  landing: 0.9059669077396393
  view-data: 3.302618585526943
