times:
  edit-metadata: 1.2911211252212524
  landing: 0.6982338577508926
  view-data: 3.405381090939045
