times:
  edit-metadata: 1.3719643354415894
  landing: 0.7499577105045319
  view-data: 3.3582773953676224
