times:
  edit-metadata: 1.4935030341148376
  landing: 0.909601490944624
  view-data: 3.2919746823608875
