times:
  edit-metadata: 1.522937372326851
  landing: 0.7956411056220531
  view-data: 3.2862829118967056
