times:
  edit-metadata: 1.7397285103797913
  landing: 1.0446236953139305
  view-data: 3.364243894815445
