times:
  edit-metadata: 1.4722895361483097
  landing: 0.8415963836014271
  view-data: 3.346950341016054
