times:
  edit-metadata: 1.4394804313778877
  landing: 0.9303743280470371
  view-data: 3.3311319686472416
