times:
  edit-metadata: 1.5059020668268204
  landing: 0.7583308182656765
  view-data: 3.2419601939618587
