times:
  edit-metadata: 1.3917176350951195
  landing: 0.7404343411326408
  view-data: 3.3041384369134903
