times:
  edit-metadata: 1.3184004202485085
  landing: 0.7331506907939911
  view-data: 3.4037000313401222
