times:
  edit-metadata: 1.3955704346299171
  landing: 0.7888263911008835
  view-data: 3.316726565361023
