times:
  edit-metadata: 1.5168197751045227
  landing: 1.1973430588841438
  view-data: 3.3497618176043034
