times:
  edit-metadata: 1.4378378987312317
  landing: 0.8254214897751808
  view-data: 3.525291122496128
