times:
  edit-metadata: 1.4059027805924416
  landing: 0.7587256506085396
  view-data: 3.492230661213398
