times:
  edit-metadata: 1.432179480791092
  landing: 0.8497681319713593
  view-data: 3.508806422352791
