times:
  edit-metadata: 1.349045567214489
  landing: 0.7628397606313229
  view-data: 3.3917693980038166
