times:
  edit-metadata: 1.4543028995394707
  landing: 0.8481920957565308
  view-data: 3.436258465051651
