times:
  edit-metadata: 1.5060384422540665
  landing: 0.8399358615279198
  view-data: 3.5615549832582474
