times:
  edit-metadata: 1.6033003218472004
  landing: 0.9395162686705589
  view-data: 3.372011259198189
