times:
  edit-metadata: 1.5450333952903748
  landing: 0.9408513829112053
  view-data: 3.7103965803980827
