times:
  edit-metadata: 1.954893060028553
  landing: 1.2389907166361809
  view-data: 3.358265396207571
