times:
  edit-metadata: 1.4135572537779808
  landing: 0.8395603373646736
  view-data: 3.445812612771988
