times:
  edit-metadata: 1.3594572618603706
  landing: 0.8143405243754387
  view-data: 3.4648843184113503
