times:
  edit-metadata: 1.5224119201302528
  landing: 0.7261917442083359
  view-data: 3.5531799867749214
