times:
  edit-metadata: 1.4019805341959
  landing: 0.8734007999300957
  view-data: 3.415200538933277
