times:
  edit-metadata: 1.3726336397230625
  landing: 0.7657449394464493
  view-data: 3.2945948988199234
