times:
  edit-metadata: 1.4298652783036232
  landing: 0.7819487750530243
  view-data: 3.5855863615870476
