times:
  edit-metadata: 1.4605135656893253
  landing: 0.8365848883986473
  view-data: 3.3127423115074635
