times:
  edit-metadata: 1.5807184800505638
  landing: 0.8509199731051922
  view-data: 3.325402408838272
