times:
  edit-metadata: 1.3874255493283272
  landing: 0.7627926953136921
  view-data: 3.341474696993828
