times:
  edit-metadata: 1.390214890241623
  landing: 0.8707880675792694
  view-data: 3.543582782149315
