times:
  edit-metadata: 1.4383319020271301
  landing: 0.7941225916147232
  view-data: 3.462929606437683
