times:
  edit-metadata: 1.4467902295291424
  landing: 0.9186419658362865
  view-data: 3.3755326829850674
