times:
  edit-metadata: 1.5068232640624046
  landing: 0.8016142696142197
  view-data: 3.4046832472085953
