times:
  edit-metadata: 2.2707327976822853
  landing: 1.0772233977913857
  view-data: 3.6414411067962646
