times:
  edit-metadata: 1.4171972945332527
  landing: 0.7375666126608849
  view-data: 3.5666247755289078
