times:
  edit-metadata: 1.996763214468956
  landing: 1.113931231200695
  view-data: 3.5813998356461525
