times:
  edit-metadata: 1.4848549030721188
  landing: 0.7586329765617847
  view-data: 3.3220467269420624
