times:
  edit-metadata: 1.5346005037426949
  landing: 0.7086081877350807
  view-data: 3.3383783474564552
