times:
  edit-metadata: 1.4537880942225456
  landing: 0.754057802259922
  view-data: 3.503692865371704
