times:
  edit-metadata: 1.5766600593924522
  landing: 0.865150298923254
  view-data: 3.34466652572155
