times:
  edit-metadata: 1.4256770387291908
  landing: 0.8815588392317295
  view-data: 3.380377471446991
