times:
  edit-metadata: 1.3956723436713219
  landing: 0.9350765123963356
  view-data: 3.3314782455563545
