times:
  edit-metadata: 1.382769726216793
  landing: 0.8606405295431614
  view-data: 3.368224896490574
