times:
  edit-metadata: 1.9697979167103767
  landing: 1.2219959869980812
  view-data: 3.4689381197094917
