times:
  edit-metadata: 1.376520350575447
  landing: 0.7534343525767326
  view-data: 3.334710419178009
