times:
  edit-metadata: 1.480304315686226
  landing: 1.0126594603061676
  view-data: 3.343858301639557
