times:
  edit-metadata: 1.4834583178162575
  landing: 1.0535724312067032
  view-data: 3.5077743753790855
