times:
  edit-metadata: 1.473700076341629
  landing: 1.2769305296242237
  view-data: 3.3098358660936356
