times:
  edit-metadata: 1.455151990056038
  landing: 0.7312700971961021
  view-data: 3.440281368792057
