times:
  edit-metadata: 1.3826062642037868
  landing: 0.7487015202641487
  view-data: 3.281939920037985
