times:
  edit-metadata: 1.4745096489787102
  landing: 0.7996697425842285
  view-data: 3.5617091432213783
