times:
  edit-metadata: 1.4409477040171623
  landing: 0.7430595904588699
  view-data: 3.4249465465545654
