times:
  edit-metadata: 1.4897717460989952
  landing: 1.159641806036234
  view-data: 3.283956900238991
