times:
  edit-metadata: 1.3906979449093342
  landing: 0.7447447888553143
  view-data: 3.3400102630257607
