times:
  edit-metadata: 1.4527766108512878
  landing: 0.7794109769165516
  view-data: 3.343077279627323
