times:
  edit-metadata: 1.3938404470682144
  landing: 0.9710603877902031
  view-data: 3.428905062377453
