times:
  edit-metadata: 1.3932969719171524
  landing: 1.134941965341568
  view-data: 3.5613486245274544
