times:
  edit-metadata: 1.3850494585931301
  landing: 0.9398381896317005
  view-data: 3.2966858856379986
