times:
  edit-metadata: 1.3861809968948364
  landing: 1.1021056324243546
  view-data: 3.2963645048439503
