times:
  edit-metadata: 1.5446852073073387
  landing: 0.7781035527586937
  view-data: 3.5446679145097733
