times:
  edit-metadata: 1.4365167208015919
  landing: 0.8138906583189964
  view-data: 3.305299535393715
