times:
  edit-metadata: 1.325088419020176
  landing: 0.8584121838212013
  view-data: 3.4938639029860497
