times:
  edit-metadata: 1.4149396792054176
  landing: 0.7643179185688496
  view-data: 3.3683059066534042
