times:
  edit-metadata: 1.5190151184797287
  landing: 0.8555430471897125
  view-data: 3.3637030720710754
