times:
  edit-metadata: 1.3344641327857971
  landing: 0.8809738457202911
  view-data: 3.485296130180359
