times:
  edit-metadata: 1.596817597746849
  landing: 0.9025723859667778
  view-data: 3.433148443698883
