times:
  edit-metadata: 1.4553043991327286
  landing: 0.8449451290071011
  view-data: 3.3149568662047386
