times:
  edit-metadata: 1.4717240631580353
  landing: 0.7457064688205719
  view-data: 3.5066800490021706
