times:
  edit-metadata: 1.4139755815267563
  landing: 0.7193252593278885
  view-data: 3.269066870212555
