times:
  edit-metadata: 1.342315822839737
  landing: 0.9978024810552597
  view-data: 3.326318260282278
