times:
  edit-metadata: 1.5515635386109352
  landing: 0.9243553876876831
  view-data: 3.3419672697782516
