times:
  edit-metadata: 1.4624332785606384
  landing: 0.8444783017039299
  view-data: 3.338158033788204
