times:
  edit-metadata: 1.3596595749258995
  landing: 0.7354952767491341
  view-data: 3.439853809773922
