times:
  edit-metadata: 1.4592899158596992
  landing: 0.7613989859819412
  view-data: 3.254759393632412
