times:
  edit-metadata: 1.5100893899798393
  landing: 0.9741930812597275
  view-data: 3.3115146718919277
