times:
  edit-metadata: 1.5005811601877213
  landing: 0.9361603558063507
  view-data: 3.42679825425148
