times:
  edit-metadata: 2.35381917655468
  landing: 1.619550459086895
  view-data: 3.668822430074215
