times:
  edit-metadata: 1.6090804859995842
  landing: 0.8756346851587296
  view-data: 3.3498056307435036
