times:
  edit-metadata: 1.5129126571118832
  landing: 1.0673270225524902
  view-data: 3.4107667058706284
