times:
  edit-metadata: 1.3709185011684895
  landing: 0.7188288867473602
  view-data: 3.2942093536257744
