times:
  edit-metadata: 1.4779414758086205
  landing: 1.1039415374398232
  view-data: 3.319898799061775
