times:
  edit-metadata: 1.3592767491936684
  landing: 0.8521019220352173
  view-data: 3.2830146849155426
