times:
  edit-metadata: 1.532291702926159
  landing: 0.9429904371500015
  view-data: 3.6053182259202003
