times:
  edit-metadata: 1.358205832540989
  landing: 0.9485525041818619
  view-data: 3.4112371280789375
