times:
  edit-metadata: 1.535233236849308
  landing: 1.0782482624053955
  view-data: 3.5473461598157883
