times:
  edit-metadata: 1.5515308417379856
  landing: 1.0089829713106155
  view-data: 3.280378606170416
