times:
  edit-metadata: 1.598181314766407
  landing: 0.9147826954722404
  view-data: 3.611148603260517
