times:
  edit-metadata: 1.3687580898404121
  landing: 0.80167406052351
  view-data: 3.4297840297222137
