times:
  edit-metadata: 1.4896860718727112
  landing: 0.923565149307251
  view-data: 3.5868488028645515
