times:
  edit-metadata: 1.4458102993667126
  landing: 0.9601840227842331
  view-data: 3.2962850742042065
