times:
  edit-metadata: 1.3740478865802288
  landing: 0.9770096465945244
  view-data: 3.350160662084818
