times:
  edit-metadata: 1.5208143219351768
  landing: 0.8400287479162216
  view-data: 3.3441914841532707
