times:
  edit-metadata: 1.8122427091002464
  landing: 0.9413396939635277
  view-data: 3.354285381734371
