times:
  edit-metadata: 1.6597894169390202
  landing: 0.9605832621455193
  view-data: 3.3650486916303635
