times:
  edit-metadata: 1.4471615850925446
  landing: 0.7315263375639915
  view-data: 3.451701320707798
