times:
  edit-metadata: 1.5253285691142082
  landing: 0.9642880111932755
  view-data: 3.3080994486808777
