times:
  edit-metadata: 1.4957367777824402
  landing: 0.7712742984294891
  view-data: 3.606057293713093
