times:
  edit-metadata: 1.7241310253739357
  landing: 0.965707078576088
  view-data: 3.4497581645846367
