times:
  edit-metadata: 1.3786343447864056
  landing: 0.8692791350185871
  view-data: 3.3140761703252792
