times:
  edit-metadata: 1.4320219457149506
  landing: 0.8166758343577385
  view-data: 3.529871180653572
