times:
  edit-metadata: 1.582369975745678
  landing: 0.7965062782168388
  view-data: 3.4853066876530647
