times:
  edit-metadata: 1.4833724275231361
  landing: 0.7118975147604942
  view-data: 3.562431164085865
