times:
  edit-metadata: 1.4088749289512634
  landing: 0.8635533601045609
  view-data: 3.4483972042798996
