times:
  edit-metadata: 1.4697710908949375
  landing: 0.7919870242476463
  view-data: 3.2517116107046604
