times:
  edit-metadata: 1.392759993672371
  landing: 0.8583959862589836
  view-data: 3.5069775953888893
