times:
  edit-metadata: 1.387028757482767
  landing: 0.7494436502456665
  view-data: 3.340316917747259
