times:
  edit-metadata: 1.430960487574339
  landing: 0.8630595989525318
  view-data: 3.3014403581619263
