times:
  edit-metadata: 1.4627178758382797
  landing: 0.8231642544269562
  view-data: 3.3622608333826065
