times:
  edit-metadata: 1.5864846892654896
  landing: 0.8618210665881634
  view-data: 3.301049590110779
