times:
  edit-metadata: 1.460097175091505
  landing: 0.8319570384919643
  view-data: 3.379290021955967
