times:
  edit-metadata: 4.426545962691307
  landing: 2.03475534170866
  view-data: 3.313998479396105
