times:
  edit-metadata: 1.3564711585640907
  landing: 0.9206933900713921
  view-data: 3.42033838480711
