times:
  edit-metadata: 1.5632810555398464
  landing: 0.7964285649359226
  view-data: 3.3431016579270363
