times:
  edit-metadata: 1.4603038132190704
  landing: 0.792197659611702
  view-data: 3.5362634137272835
