times:
  edit-metadata: 1.388701070100069
  landing: 0.8646010681986809
  view-data: 3.3680021688342094
