times:
  edit-metadata: 1.3848961219191551
  landing: 0.7259173914790154
  view-data: 3.515292465686798
