times:
  edit-metadata: 1.3815810084342957
  landing: 0.8104322478175163
  view-data: 3.442408286035061
