times:
  edit-metadata: 1.4836404770612717
  landing: 0.8001231029629707
  view-data: 3.5325413048267365
