times:
  edit-metadata: 1.4505787193775177
  landing: 0.7355399951338768
  view-data: 3.3490284457802773
