times:
  edit-metadata: 1.7120065987110138
  landing: 1.0413017868995667
  view-data: 3.380499944090843
