times:
  edit-metadata: 1.3810057118535042
  landing: 0.7002895474433899
  view-data: 3.4839521944522858
