times:
  edit-metadata: 1.46128349006176
  landing: 0.7791767939925194
  view-data: 3.2590384632349014
