times:
  edit-metadata: 1.6968557089567184
  landing: 0.8912462368607521
  view-data: 3.380281962454319
