times:
  edit-metadata: 1.4202628880739212
  landing: 0.933273296803236
  view-data: 3.2953323125839233
