times:
  edit-metadata: 1.7881586030125618
  landing: 1.0011546909809113
  view-data: 3.4585458487272263
