times:
  edit-metadata: 1.484093427658081
  landing: 0.7996337339282036
  view-data: 3.506740614771843
