times:
  edit-metadata: 1.3394651263952255
  landing: 0.7741034403443336
  view-data: 3.4659915640950203
