times:
  edit-metadata: 1.4197544902563095
  landing: 0.7762506082653999
  view-data: 3.473285496234894
