times:
  edit-metadata: 1.489860512316227
  landing: 0.9663492143154144
  view-data: 3.6356700360774994
