times:
  edit-metadata: 1.354750383645296
  landing: 0.8452977500855923
  view-data: 3.2652619928121567
