times:
  edit-metadata: 1.5747649669647217
  landing: 0.8581136018037796
  view-data: 3.318981446325779
