times:
  edit-metadata: 1.6284781247377396
  landing: 0.9241886883974075
  view-data: 3.346145734190941
