times:
  edit-metadata: 1.4758601635694504
  landing: 0.8252049386501312
  view-data: 3.5058354139328003
