times:
  edit-metadata: 1.3683086782693863
  landing: 0.7047262862324715
  view-data: 3.4126098230481148
