times:
  edit-metadata: 1.5276269018650055
  landing: 0.8596181645989418
  view-data: 3.3314611315727234
