times:
  edit-metadata: 1.487493146210909
  landing: 0.8581708036363125
  view-data: 3.343078725039959
