times:
  edit-metadata: 0.5264806374907494
  landing: 0.04537220671772957
  view-data: 0.19312062487006187
