times:
  edit-metadata: 0.5315180532634258
  landing: 0.047958388924598694
  view-data: 0.19302140921354294
