times:
  edit-metadata: 1.6459811199456453
  landing: 0.8224602565169334
  view-data: 3.419755542650819
