times:
  edit-metadata: 1.4845242127776146
  landing: 0.8573270216584206
  view-data: 3.3983039371669292
