times:
  edit-metadata: 1.2935868194326758
  landing: 0.0218515545129776
  view-data: 0.028193633072078228
