times:
  edit-metadata: 0.4154116369318217
  landing: 0.06848337198607624
  view-data: 0.1969000999815762
