times:
  landing: 0.5549873679999564
  view-data: 0.5568731810000145
