times:
  edit-metadata: 1.5506598185747862
  landing: 0.15510238334536552
  view-data: 0.44723684899508953
