times:
  edit-metadata: 1.4345928989350796
  landing: 0.14467958733439445
  view-data: 0.3076175916939974
