times:
  edit-metadata: 0.5179427117109299
  landing: 0.05180185288190842
  view-data: 0.19410665333271027
