times:
  edit-metadata: 0.4914890732616186
  landing: 0.5705767907202244
  view-data: 0.5948481876403093
