times:
  edit-metadata: 1.4829896073788404
  landing: 0.8369577405974269
  view-data: 3.4072432536631823
