times:
  edit-metadata: 0.4851448550034547
  landing: 0.05884717599838041
  view-data: 0.22414159101026598
