times:
  edit-metadata: 1.6976906228810549
  landing: 0.8769529797136784
  view-data: 3.453082440420985
