times:
  edit-metadata: 0.5327528715133667
  landing: 0.8036935534328222
  view-data: 0.4083520118147135
