times:
  edit-metadata: 0.6640537290368229
  landing: 0.05545980000169948
  view-data: 0.21513292100280523
