times:
  edit-metadata: 1.4960934147238731
  landing: 0.6828683912754059
  view-data: 3.279032029211521
