times:
  edit-metadata: 0.4375835102982819
  landing: 0.057208912912756205
  view-data: 0.1930442089214921
