times:
  edit-metadata: 1.460063349455595
  landing: 2.9888607040047646
  view-data: 3.295909885317087
