times:
  edit-metadata: 1.409964951686561
  landing: 0.211303505115211
  view-data: 0.022430874407291412
