times:
  edit-metadata: 0.6358032609568909
  landing: 0.04344824998406693
  view-data: 0.19010192196583375
