times:
  edit-metadata: 1.4359232522547245
  landing: 0.19865866005420685
  view-data: 0.3646222986280918
