times:
  edit-metadata: 1.5366374850273132
  landing: 0.7594160512089729
  view-data: 3.538411818444729
