times:
  edit-metadata: 2.0801253393292427
  landing: 1.2963826321065426
  view-data: 3.3922398053109646
