times:
  edit-metadata: 1.4989852830767632
  landing: 0.9335037469863892
  view-data: 3.2979418225586414
