times:
  edit-metadata: 0.5409519653767347
  landing: 0.712456313893199
  view-data: 0.44718049094080925
