times:
  edit-metadata: 1.5070487651973963
  landing: 0.7794398441910744
  view-data: 3.4090335685759783
