times:
  edit-metadata: 0.45488958479836583
  landing: 0.052020838018506765
  view-data: 0.19969673873856664
