times:
  landing: 0.5607916470000305
  view-data: 0.5591275639999935
