times:
  edit-metadata: 0.5081870928406715
  landing: 0.8075923826545477
  view-data: 0.30464624799788
