times:
  landing: 1.0859907739999244
  view-data: 0.5579137629999877
