times:
  edit-metadata: 0.5688574519008398
  landing: 0.3816401995718479
  view-data: 0.190062353387475
