times:
  edit-metadata: 1.3249729461967945
  landing: 0.24375744070857763
  view-data: 0.2501943027600646
