times:
  edit-metadata: 1.4841566253453493
  landing: 0.14002259261906147
  view-data: 0.1454985775053501
