times:
  edit-metadata: 0.6000800289912149
  landing: 0.04974706505890936
  view-data: 0.19257834902964532
