times:
  edit-metadata: 0.6777706546708941
  landing: 0.06995039526373148
  view-data: 0.19559419667348266
