times:
  edit-metadata: 1.3349424926564097
  landing: 0.1774969445541501
  view-data: 0.44952734746038914
