times:
  edit-metadata: 0.5412322636693716
  landing: 0.5960125718265772
  view-data: 0.3033494036644697
