times:
  edit-metadata: 1.5943998955190182
  landing: 0.8748546727001667
  view-data: 3.2998034097254276
