times:
  edit-metadata: 1.762782976962626
  landing: 0.02341278549283743
  view-data: 0.02613698970526457
