times:
  edit-metadata: 1.5254283156245947
  landing: 0.7370796762406826
  view-data: 3.3671613838523626
