times:
  landing: 1.0667048870000144
  view-data: 0.5727795760000163
