times:
  edit-metadata: 0.5219261720776558
  landing: 0.46110025607049465
  view-data: 0.41833746805787086
