times:
  edit-metadata: 1.3122934754937887
  landing: 0.021433545276522636
  view-data: 0.02493366412818432
