times:
  edit-metadata: 1.616715595126152
  landing: 0.7298754137009382
  view-data: 3.466490101069212
