times:
  edit-metadata: 0.6269439809839241
  landing: 0.04543108795769513
  view-data: 0.20022986497497186
