times:
  edit-metadata: 1.3894298681989312
  landing: 0.14769992139190435
  view-data: 0.42360519990324974
