times:
  edit-metadata: 1.466224418953061
  landing: 0.7951656617224216
  view-data: 3.2498953947797418
