times:
  edit-metadata: 0.5794816799461842
  landing: 0.7881472911685705
  view-data: 0.2013149205595255
