times:
  edit-metadata: 1.3801790196448565
  landing: 0.14275392144918442
  view-data: 0.3860312905162573
