times:
  edit-metadata: 1.3554534614086151
  landing: 0.8351703658699989
  view-data: 3.289876565337181
