times:
  edit-metadata: 0.526038458570838
  landing: 0.47732383757829666
  view-data: 0.2893651984632015
