times:
  edit-metadata: 0.5224615782499313
  landing: 0.041756093967705965
  view-data: 0.21910560922697186
