times:
  edit-metadata: 0.6540440889075398
  landing: 0.052731096977368
  view-data: 0.19057489885017276
