times:
  edit-metadata: 1.3098670579493046
  landing: 0.1251065656542778
  view-data: 0.11534031946212053
