times:
  edit-metadata: 1.3357004467397928
  landing: 0.1354758981615305
  view-data: 0.2946769706904888
