times:
  edit-metadata: 0.5208842977881432
  landing: 0.7026928793638945
  view-data: 0.17598375491797924
