times:
  edit-metadata: 0.42707183700986207
  landing: 0.040288307005539536
  view-data: 0.21479985094629228
