times:
  edit-metadata: 0.5428566671907902
  landing: 0.04507606849074364
  view-data: 0.18658407032489777
