times:
  landing: 0.55404215599998
  view-data: 0.5551532699999484
