times:
  edit-metadata: 1.2814716883003712
  landing: 0.18951166048645973
  view-data: 0.12868311628699303
