times:
  landing: 0.5476157239999679
  view-data: 0.5534654970000474
