times:
  edit-metadata: 0.5132572911679745
  landing: 0.04902157559990883
  view-data: 0.1948801688849926
