times:
  edit-metadata: 0.42484669099212624
  landing: 0.06062502000713721
  view-data: 0.21104797199950553
