times:
  edit-metadata: 1.3573871925473213
  landing: 0.23548094555735588
  view-data: 0.12314424104988575
