times:
  edit-metadata: 0.6785342779476196
  landing: 0.05693897698074579
  view-data: 0.1806575560476631
