times:
  edit-metadata: 1.5771465813741088
  landing: 0.7796207284554839
  view-data: 3.443436186760664
