times:
  edit-metadata: 0.6210402168799192
  landing: 0.048530360916629434
  view-data: 0.18733093794435263
