times:
  edit-metadata: 0.44741328433156013
  landing: 0.04746636562049389
  view-data: 0.2028102008625865
