times:
  landing: 0.540038299999992
  view-data: 0.5434799469999234
