times:
  edit-metadata: 1.2874610731378198
  landing: 0.11431474424898624
  view-data: 0.02313000801950693
