times:
  edit-metadata: 1.615169806405902
  landing: 0.9116550609469414
  view-data: 3.3555613346397877
