times:
  edit-metadata: 1.522142879664898
  landing: 0.9139718674123287
  view-data: 3.440566048026085
