times:
  edit-metadata: 0.5375182554125786
  landing: 0.04806848242878914
  view-data: 0.19176290929317474
