times:
  edit-metadata: 0.4495036667212844
  landing: 0.04692342784255743
  view-data: 0.22837401507422328
