times:
  edit-metadata: 1.3767241891473532
  landing: 0.023012913763523102
  view-data: 0.02545576635748148
