times:
  edit-metadata: 1.5990463085472584
  landing: 0.9191162995994091
  view-data: 3.4394364673644304
