times:
  edit-metadata: 2.026908628642559
  landing: 0.7940993085503578
  view-data: 3.5003776159137487
