times:
  landing: 0.5593906540000262
  view-data: 0.6029825969999933
