times:
  edit-metadata: 0.4233832978643477
  landing: 0.06317122187465429
  view-data: 0.20258058793842793
