times:
  edit-metadata: 1.6379029043018818
  landing: 1.0229292660951614
  view-data: 3.380923729389906
