times:
  edit-metadata: 0.6793809670489281
  landing: 0.06722232908941805
  view-data: 0.30861118296161294
