times:
  edit-metadata: 1.4085433427244425
  landing: 0.21585907973349094
  view-data: 0.3324675243347883
