times:
  edit-metadata: 0.4964083177037537
  landing: 0.042644152883440256
  view-data: 0.1935538942925632
