times:
  edit-metadata: 0.42497139424085617
  landing: 0.071111093275249
  view-data: 0.18002460291609168
