times:
  edit-metadata: 1.5533026289194822
  landing: 0.8424733635038137
  view-data: 3.4040611125528812
