times:
  edit-metadata: 1.3197602722793818
  landing: 0.022610362619161606
  view-data: 0.09815241117030382
