times:
  edit-metadata: 1.6303679794073105
  landing: 0.8088653981685638
  view-data: 3.8348398357629776
