times:
  edit-metadata: 0.4883112572133541
  landing: 1.102670406922698
  view-data: 0.597135292366147
