times:
  edit-metadata: 0.514109521987848
  landing: 0.05049021600279957
  view-data: 0.2176042499486357
