times:
  landing: 0.5549537980000423
  view-data: 0.5501872969999795
