times:
  edit-metadata: 0.6492408160120249
  landing: 0.0439609139575623
  view-data: 0.18713532300898805
