times:
  edit-metadata: 1.2870215103030205
  landing: 0.022132182493805885
  view-data: 0.12031294777989388
