times:
  edit-metadata: 0.5503304079174995
  landing: 0.047532349824905396
  view-data: 0.1991930864751339
