times:
  edit-metadata: 0.4446800830774009
  landing: 0.050876101013273
  view-data: 0.19261277187615633
