times:
  landing: 1.1319881900000155
  view-data: 0.5576452000000245
