times:
  edit-metadata: 0.5862464280799031
  landing: 0.1730394372716546
  view-data: 0.2341237673535943
