times:
  edit-metadata: 1.2841595755890012
  landing: 0.022668040357530117
  view-data: 0.12459246534854174
