times:
  edit-metadata: 1.5229656100273132
  landing: 0.9370771534740925
  view-data: 3.330136138945818
