times:
  edit-metadata: 1.4005657276138663
  landing: 0.02167799137532711
  view-data: 0.11666079051792622
