times:
  edit-metadata: 0.5089561017230153
  landing: 0.05314926989376545
  view-data: 0.1967446133494377
