times:
  edit-metadata: 1.5000992398709059
  landing: 0.020504155196249485
  view-data: 0.449950261041522
