times:
  edit-metadata: 3.912853941321373
  landing: 1.9995697140693665
  view-data: 3.839707013219595
