times:
  edit-metadata: 1.3561954945325851
  landing: 0.20408418960869312
  view-data: 0.12351372744888067
