times:
  edit-metadata: 1.8245455278083682
  landing: 1.0124110607430339
  view-data: 3.384932518005371
