times:
  edit-metadata: 0.5555858016014099
  landing: 3.9567774422466755
  view-data: 1.104283293709159
