times:
  edit-metadata: 0.4345816948916763
  landing: 0.052328336983919144
  view-data: 0.20206000795587897
