times:
  edit-metadata: 1.3797620180994272
  landing: 0.18606960773468018
  view-data: 0.3050287012010813
