times:
  edit-metadata: 1.310884227976203
  landing: 0.130240336060524
  view-data: 0.09877146035432816
