times:
  edit-metadata: 1.5113963074982166
  landing: 0.8883058875799179
  view-data: 3.387958513572812
