times:
  edit-metadata: 0.47520276499562897
  landing: 0.07770180399529636
  view-data: 0.34929345500131603
