times:
  landing: 1.0909243260000494
  view-data: 0.5537627289999136
