times:
  edit-metadata: 1.5327054373919964
  landing: 0.7235497646033764
  view-data: 3.3882853612303734
