times:
  edit-metadata: 1.3560496270656586
  landing: 0.022657401859760284
  view-data: 0.3548418767750263
