times:
  edit-metadata: 1.276534952223301
  landing: 0.2617627903819084
  view-data: 0.02446500025689602
