times:
  edit-metadata: 0.7272925251163542
  landing: 0.06337024411186576
  view-data: 0.319825756829232
