times:
  edit-metadata: 0.5420442894101143
  landing: 1.543766863644123
  view-data: 0.44038196839392185
