times:
  edit-metadata: 0.5007834322750568
  landing: 0.05589669896289706
  view-data: 0.20457338402047753
