times:
  edit-metadata: 0.6082472181878984
  landing: 0.045219674706459045
  view-data: 0.19417112693190575
