times:
  edit-metadata: 0.44218768179416656
  landing: 0.043184018693864346
  view-data: 0.21317652985453606
