times:
  edit-metadata: 1.4189262129366398
  landing: 0.7389215980656445
  view-data: 3.2967142118141055
