times:
  edit-metadata: 1.2976957708597183
  landing: 0.02141371089965105
  view-data: 0.09754194132983685
