times:
  edit-metadata: 1.4146485440433025
  landing: 0.8342172205448151
  view-data: 3.3411839194595814
