times:
  edit-metadata: 1.2856679065153003
  landing: 0.022112793289124966
  view-data: 0.0247393436729908
