times:
  edit-metadata: 0.5560180488973856
  landing: 1.0895890705287457
  view-data: 0.5799523070454597
