times:
  edit-metadata: 1.5751339048147202
  landing: 0.8560219779610634
  view-data: 3.3913766406476498
