times:
  edit-metadata: 1.5711991973221302
  landing: 1.0325910821557045
  view-data: 3.3630943559110165
