times:
  edit-metadata: 1.4316435288637877
  landing: 0.0232071615755558
  view-data: 0.27902681939303875
