times:
  edit-metadata: 0.6439254190772772
  landing: 0.04660823196172714
  view-data: 0.19385176384821534
