times:
  edit-metadata: 0.569758340716362
  landing: 0.56888747215271
  view-data: 0.60999989323318
