times:
  edit-metadata: 0.42447762307710946
  landing: 0.05105033493600786
  view-data: 0.21270049596205354
