times:
  edit-metadata: 1.3770014578476548
  landing: 0.19772334769368172
  view-data: 0.11998386308550835
