times:
  edit-metadata: 1.3321718974038959
  landing: 0.11918323766440153
  view-data: 0.025906240567564964
