times:
  edit-metadata: 0.42737550381571054
  landing: 0.0475388178601861
  view-data: 0.21379450522363186
