times:
  edit-metadata: 0.5025901608169079
  landing: 0.05401671677827835
  view-data: 0.19486668705940247
