times:
  edit-metadata: 1.431358465924859
  landing: 0.13806267268955708
  view-data: 0.2825088184326887
