times:
  edit-metadata: 1.5113414004445076
  landing: 0.819236446171999
  view-data: 3.3837330155074596
