times:
  edit-metadata: 0.5432911430252716
  landing: 0.09153649501968175
  view-data: 0.25932132196612656
