times:
  edit-metadata: 1.4320688769221306
  landing: 0.8393298164010048
  view-data: 3.3237485475838184
