times:
  edit-metadata: 1.4595171082764864
  landing: 0.1658574901521206
  view-data: 0.47013593278825283
