times:
  edit-metadata: 1.4405660163611174
  landing: 0.02306919079273939
  view-data: 0.12077619973570108
