times:
  edit-metadata: 0.4440846829675138
  landing: 0.09255245001986623
  view-data: 0.3470527098979801
