times:
  edit-metadata: 0.6481389258988202
  landing: 0.04052158584818244
  view-data: 0.2029556091874838
