times:
  edit-metadata: 0.5321384444832802
  landing: 0.7070839554071426
  view-data: 0.19531132280826569
