times:
  edit-metadata: 0.5842288322746754
  landing: 0.5052704606205225
  view-data: 0.1804546769708395
