times:
  edit-metadata: 0.5182975642383099
  landing: 0.043775204569101334
  view-data: 0.20355501398444176
