times:
  edit-metadata: 0.5348319187760353
  landing: 0.04868073761463165
  view-data: 0.19441689178347588
