times:
  edit-metadata: 0.5919994208961725
  landing: 0.5820707771927118
  view-data: 0.1973541770130396
