times:
  edit-metadata: 0.5750673972070217
  landing: 0.5806433353573084
  view-data: 0.19081079214811325
