times:
  edit-metadata: 0.45055582094937563
  landing: 0.05627666786313057
  view-data: 0.19602419203147292
