times:
  edit-metadata: 0.5154229439795017
  landing: 0.814630776643753
  view-data: 0.45470793172717094
