times:
  edit-metadata: 1.2747728796675801
  landing: 0.020287763327360153
  view-data: 0.12125651258975267
