times:
  edit-metadata: 1.3631076738238335
  landing: 0.020629774779081345
  view-data: 0.025432320311665535
