times:
  edit-metadata: 0.6449120689649135
  landing: 0.049501901026815176
  view-data: 0.19397928705438972
