times:
  edit-metadata: 1.4225700162351131
  landing: 0.29162994027137756
  view-data: 0.026969080790877342
