times:
  edit-metadata: 0.4265077388845384
  landing: 0.0479722716845572
  view-data: 0.1913413694128394
