times:
  edit-metadata: 0.5920289526693523
  landing: 0.07344604982063174
  view-data: 0.2282433593645692
