times:
  edit-metadata: 1.3350850902497768
  landing: 0.018797224387526512
  view-data: 0.26081506069749594
