times:
  edit-metadata: 0.42656770802568644
  landing: 0.07485524204093963
  view-data: 0.20777113299118355
