times:
  edit-metadata: 0.4433602490462363
  landing: 0.05109026585705578
  view-data: 0.21240275702439249
