times:
  edit-metadata: 1.5730051286518574
  landing: 0.8217544704675674
  view-data: 3.396206457167864
