times:
  edit-metadata: 1.295542486011982
  landing: 0.020149740390479565
  view-data: 0.12035841587930918
