times:
  edit-metadata: 0.6318089489359409
  landing: 0.044169908040203154
  view-data: 0.18933566904161125
