times:
  edit-metadata: 0.49136238172650337
  landing: 0.04735613614320755
  view-data: 0.19357137754559517
