times:
  edit-metadata: 1.6665921844542027
  landing: 1.0303123444318771
  view-data: 3.511732082813978
