times:
  edit-metadata: 0.5537718553096056
  landing: 0.7761990539729595
  view-data: 0.3108126763254404
