times:
  edit-metadata: 1.2856567045673728
  landing: 0.02101886086165905
  view-data: 0.02450774423778057
