times:
  edit-metadata: 0.6060140803456306
  landing: 0.5550633277744055
  view-data: 0.18144582398235798
