times:
  edit-metadata: 1.3547326428815722
  landing: 1.1463465141132474
  view-data: 3.4910067785531282
