times:
  landing: 0.5552551850000214
  view-data: 0.5602734279999595
