times:
  edit-metadata: 2.4864433836191893
  landing: 1.4560805466026068
  view-data: 3.6726068910211325
