times:
  edit-metadata: 0.5613452754914761
  landing: 0.05496019124984741
  view-data: 0.19418436288833618
