times:
  landing: 0.5521697290000134
  view-data: 0.5529772289999642
