times:
  edit-metadata: 1.2995379650965333
  landing: 0.023384968750178814
  view-data: 0.023819799534976482
