times:
  edit-metadata: 3.726614990271628
  landing: 1.0189268989488482
  view-data: 3.467873651534319
