times:
  edit-metadata: 0.809226430952549
  landing: 0.07164154388010502
  view-data: 0.19407064793631434
