times:
  edit-metadata: 1.473038710653782
  landing: 0.7823738791048527
  view-data: 3.3877178467810154
