times:
  edit-metadata: 1.540225712582469
  landing: 0.29166304692626
  view-data: 0.19768979214131832
