times:
  edit-metadata: 0.43582459539175034
  landing: 0.04865390621125698
  view-data: 0.2104115691035986
