times:
  edit-metadata: 0.6575991117861122
  landing: 0.05189117998816073
  view-data: 0.19404710596427321
