times:
  edit-metadata: 1.3013712456449866
  landing: 0.12287655379623175
  view-data: 0.11782500613480806
