times:
  edit-metadata: 0.4713841755874455
  landing: 0.0536676780320704
  view-data: 0.19076602160930634
