times:
  edit-metadata: 0.4790828130207956
  landing: 0.06937091297004372
  view-data: 0.22181444696616381
