times:
  edit-metadata: 1.4720388082787395
  landing: 0.7902940008789301
  view-data: 3.3705071173608303
