times:
  edit-metadata: 0.6105656959116459
  landing: 0.5219518151134253
  view-data: 0.1857950035482645
