times:
  edit-metadata: 0.49949269834905863
  landing: 0.053446343168616295
  view-data: 0.19936187006533146
