times:
  edit-metadata: 1.5403658360010013
  landing: 1.0146865720162168
  view-data: 3.419251329964027
