times:
  edit-metadata: 1.3259036913514137
  landing: 0.027885524556040764
  view-data: 0.32300058752298355
