times:
  edit-metadata: 1.3373560067266226
  landing: 0.020178385078907013
  view-data: 0.43613005615770817
