times:
  edit-metadata: 0.45089883101172745
  landing: 0.0552012010011822
  view-data: 0.20586126786656678
