times:
  edit-metadata: 1.4289404675364494
  landing: 0.02236231043934822
  view-data: 0.3693044241517782
