times:
  edit-metadata: 1.677561443299055
  landing: 0.8911140337586403
  view-data: 3.4111571982502937
