times:
  edit-metadata: 1.412471534917131
  landing: 0.755862973863259
  view-data: 3.275384166976437
