times:
  edit-metadata: 0.41012745996704325
  landing: 0.04942759097320959
  view-data: 0.2054050550214015
