times:
  edit-metadata: 1.6294615142978728
  landing: 0.8700243537314236
  view-data: 3.3855069703422487
