times:
  edit-metadata: 1.4642398580908775
  landing: 0.7395691592246294
  view-data: 3.3614265210926533
