times:
  edit-metadata: 1.3130029756575823
  landing: 0.021020162850618362
  view-data: 0.14226991217583418
