times:
  edit-metadata: 0.6521846249233931
  landing: 0.04628970893099904
  view-data: 0.1880438239313662
