times:
  edit-metadata: 0.4865945680066943
  landing: 0.04185994062572718
  view-data: 0.20530546363443136
