times:
  edit-metadata: 1.3881099373102188
  landing: 0.7266581589356065
  view-data: 3.3847656389698386
