times:
  edit-metadata: 0.7285710163414478
  landing: 0.95426344871521
  view-data: 0.3066085707396269
