times:
  edit-metadata: 1.6009110361337662
  landing: 0.7914251070469618
  view-data: 3.3936726190149784
