times:
  edit-metadata: 1.4089366095140576
  landing: 0.021885691210627556
  view-data: 0.48608222138136625
