times:
  edit-metadata: 1.5277691073715687
  landing: 0.7853463292121887
  view-data: 0.6092451363801956
