times:
  edit-metadata: 1.9642844386398792
  landing: 1.2461845874786377
  view-data: 3.449531089514494
