times:
  edit-metadata: 1.4764000242576003
  landing: 0.16657839715480804
  view-data: 0.4515083525329828
