times:
  edit-metadata: 1.46266427077353
  landing: 0.847680221311748
  view-data: 3.345769500359893
