times:
  edit-metadata: 0.6344513650983572
  landing: 0.07572065107524395
  view-data: 0.20635402016341686
