times:
  edit-metadata: 0.5227052830159664
  landing: 0.0506863072514534
  view-data: 0.19383320957422256
