times:
  edit-metadata: 0.6023622751235962
  landing: 0.8633472695946693
  view-data: 0.32524281926453114
