times:
  landing: 0.5494088400000123
  view-data: 0.555456692000007
