times:
  edit-metadata: 1.4059050353243947
  landing: 0.8236605264246464
  view-data: 3.3805288057774305
