times:
  edit-metadata: 1.6840845718979836
  landing: 1.25757697224617
  view-data: 3.4848049990832806
