times:
  edit-metadata: 0.625690646993462
  landing: 0.044569917023181915
  view-data: 0.18728486797772348
