times:
  edit-metadata: 0.6071401459630579
  landing: 0.04539716802537441
  view-data: 0.18763570487499237
