times:
  edit-metadata: 0.49304982321336865
  landing: 0.14732356509193778
  view-data: 0.2990677813068032
