times:
  edit-metadata: 0.4835576443001628
  landing: 0.038828940130770206
  view-data: 0.19219159986823797
