times:
  edit-metadata: 0.4610962220467627
  landing: 0.04866622807458043
  view-data: 0.19095204211771488
