times:
  edit-metadata: 0.49095957798999734
  landing: 0.0789275290153455
  view-data: 0.2196040440176148
