times:
  edit-metadata: 0.6881424970924854
  landing: 0.04439733107574284
  view-data: 0.18398682598490268
