times:
  edit-metadata: 0.5656294990330935
  landing: 1.0012984666973352
  view-data: 0.2961489371955395
