times:
  edit-metadata: 0.43360245996154845
  landing: 0.04602717701345682
  view-data: 0.21008515497669578
