times:
  edit-metadata: 1.6497198976576328
  landing: 0.8388246521353722
  view-data: 3.4137647934257984
