times:
  edit-metadata: 0.5348554540250916
  landing: 0.061505906021920964
  view-data: 0.25028774098609574
