times:
  edit-metadata: 1.3117223447188735
  landing: 0.01890594232827425
  view-data: 0.11929954960942268
