times:
  edit-metadata: 1.6664358656853437
  landing: 0.15239017084240913
  view-data: 0.41237206012010574
