times:
  edit-metadata: 1.4293869766406715
  landing: 0.7616040497086942
  view-data: 3.375743472017348
