times:
  edit-metadata: 0.6284770560450852
  landing: 0.04680968215689063
  view-data: 0.18268823809921741
