times:
  landing: 0.5436104660002457
  view-data: 0.5500375679998797
