times:
  edit-metadata: 1.7698797173798084
  landing: 0.9484635069966316
  view-data: 3.320838574320078
