times:
  edit-metadata: 0.487594767997507
  landing: 0.05179988598683849
  view-data: 0.2059080739854835
