times:
  edit-metadata: 0.6174683090066537
  landing: 0.04526703798910603
  view-data: 0.18835210699762683
