times:
  edit-metadata: 1.408398348838091
  landing: 0.05018131248652935
  view-data: 0.02481439709663391
