times:
  edit-metadata: 1.346885085804388
  landing: 0.6796690099872649
  view-data: 3.7307020421139896
