times:
  edit-metadata: 0.5799350198358297
  landing: 0.5161261893808842
  view-data: 0.1962126474827528
