times:
  edit-metadata: 1.6372430548071861
  landing: 0.9156380146741867
  view-data: 3.3453390076756477
