times:
  edit-metadata: 0.5249954517930746
  landing: 0.04591071465983987
  view-data: 0.21360626863315701
