times:
  edit-metadata: 1.5778590450063348
  landing: 0.800559064373374
  view-data: 3.3300021244212985
