times:
  edit-metadata: 0.43932065926492214
  landing: 0.049973743967711926
  view-data: 0.20077617280185223
