times:
  edit-metadata: 1.6027904190123081
  landing: 1.0854253359138966
  view-data: 3.3650299683213234
