times:
  edit-metadata: 0.5154932038858533
  landing: 0.04930387809872627
  view-data: 0.2017966266721487
