times:
  edit-metadata: 0.5139554142951965
  landing: 0.04935053363442421
  view-data: 0.19175303354859352
