times:
  edit-metadata: 0.4255348310107365
  landing: 0.06560091790743172
  view-data: 0.20426278293598443
