times:
  edit-metadata: 2.638455375097692
  landing: 0.7550427047535777
  view-data: 3.6490265280008316
