times:
  edit-metadata: 1.5592415281571448
  landing: 0.8300807441119105
  view-data: 3.4136559769976884
