times:
  edit-metadata: 1.3124050227925181
  landing: 0.02191252913326025
  view-data: 0.026871724985539913
