times:
  landing: 0.5506696490000422
  view-data: 0.5587734470000214
