times:
  edit-metadata: 1.3323608795180917
  landing: 0.021660403348505497
  view-data: 0.12790619302541018
