times:
  edit-metadata: 1.4109710045158863
  landing: 0.020459750667214394
  view-data: 0.2822157274931669
