times:
  edit-metadata: 1.3188296565786004
  landing: 0.02137516811490059
  view-data: 0.025443173944950104
