times:
  edit-metadata: 0.5049427784979343
  landing: 0.9099017418920994
  view-data: 0.4317651744931936
