times:
  edit-metadata: 0.6143386999610811
  landing: 0.0522060920484364
  view-data: 0.18718207406345755
