times:
  edit-metadata: 1.437014352530241
  landing: 0.024374259635806084
  view-data: 0.4499081317335367
