times:
  landing: 0.5514269170000148
  view-data: 0.5740815699999757
