times:
  edit-metadata: 0.6237273940059822
  landing: 0.04244650999316946
  view-data: 0.19540548900840804
