times:
  edit-metadata: 0.5070220567286015
  landing: 1.097450016066432
  view-data: 0.5831461101770401
