times:
  edit-metadata: 0.4406360383145511
  landing: 0.0420430819503963
  view-data: 0.19796014204621315
