times:
  edit-metadata: 0.4380695829167962
  landing: 0.04850186686962843
  view-data: 0.20117825362831354
