times:
  edit-metadata: 0.6307805588003248
  landing: 0.053478623973205686
  view-data: 0.18229979486204684
