times:
  edit-metadata: 0.6313244849443436
  landing: 0.5285069141536951
  view-data: 0.19299698621034622
