times:
  edit-metadata: 1.4378854278475046
  landing: 0.020179638639092445
  view-data: 0.3493631538003683
