times:
  edit-metadata: 0.5132506601512432
  landing: 0.05133724585175514
  view-data: 0.20109212771058083
