times:
  edit-metadata: 1.3741618115454912
  landing: 0.019100487232208252
  view-data: 0.029237009584903717
