times:
  edit-metadata: 1.6165386624634266
  landing: 0.8417103290557861
  view-data: 3.4535454995930195
