times:
  edit-metadata: 0.48805115232244134
  landing: 0.0600311323069036
  view-data: 0.22763872565701604
