times:
  edit-metadata: 0.4288635281845927
  landing: 0.044610215816646814
  view-data: 0.19964041793718934
