times:
  edit-metadata: 1.422428585588932
  landing: 0.9127925783395767
  view-data: 3.344194259494543
