times:
  edit-metadata: 1.691815808415413
  landing: 1.3124054856598377
  view-data: 3.388152964413166
