times:
  edit-metadata: 0.6733639547601342
  landing: 0.049034385941922665
  view-data: 0.19663599273189902
