times:
  edit-metadata: 0.5304941851645708
  landing: 0.5197098106145859
  view-data: 0.18202927522361279
