times:
  edit-metadata: 1.4823360703885555
  landing: 0.7724282299168408
  view-data: 3.350042528938502
