times:
  edit-metadata: 0.4673427219968289
  landing: 0.058957221917808056
  view-data: 0.3452370740706101
