times:
  edit-metadata: 0.4562509353272617
  landing: 0.0469964318908751
  view-data: 0.1968078250065446
