times:
  edit-metadata: 0.563572509214282
  landing: 0.05787518247961998
  view-data: 0.18347144685685635
