times:
  edit-metadata: 1.4905241960659623
  landing: 0.7276691356673837
  view-data: 3.3355624228715897
