times:
  edit-metadata: 0.4817815029527992
  landing: 0.11167452001245692
  view-data: 0.20974799001123756
