times:
  edit-metadata: 1.35651979688555
  landing: 0.02011146955192089
  view-data: 0.1365957809612155
