times:
  edit-metadata: 0.6028350610285997
  landing: 0.5836038142442703
  view-data: 0.1979164145886898
