times:
  edit-metadata: 1.598762758076191
  landing: 0.8502703779377043
  view-data: 3.358537229709327
