times:
  edit-metadata: 0.44312332663685083
  landing: 0.04249395336955786
  view-data: 0.20109108090400696
