times:
  edit-metadata: 1.6542948372662067
  landing: 0.020101310685276985
  view-data: 0.41807375475764275
