times:
  edit-metadata: 0.5866180961020291
  landing: 0.045321930199861526
  view-data: 0.19414924597367644
