times:
  edit-metadata: 0.5804571231128648
  landing: 0.04574388999026269
  view-data: 0.19620173308067024
