times:
  edit-metadata: 0.4517216943204403
  landing: 0.04761941684409976
  view-data: 0.193036082200706
