times:
  edit-metadata: 1.6469721347093582
  landing: 0.9528559185564518
  view-data: 3.3917731642723083
