times:
  edit-metadata: 0.6254373621195555
  landing: 0.043538866098970175
  view-data: 0.1945772161707282
