times:
  landing: 0.5541589980000481
  view-data: 0.5651490049999666
