times:
  edit-metadata: 1.8667767364531755
  landing: 1.019947411492467
  view-data: 3.4073836747556925
