times:
  edit-metadata: 1.3826655745506287
  landing: 0.8285299465060234
  view-data: 3.33106080442667
