times:
  edit-metadata: 1.3769098985940218
  landing: 0.2208962757140398
  view-data: 0.13248915784060955
