times:
  edit-metadata: 1.5320261977612972
  landing: 0.7799153886735439
  view-data: 3.3762908168137074
