times:
  edit-metadata: 0.6159225353039801
  landing: 0.04859859682619572
  view-data: 0.19120417069643736
