times:
  edit-metadata: 1.4868597947061062
  landing: 0.9048819169402122
  view-data: 3.4153891168534756
