times:
  edit-metadata: 0.5290769310668111
  landing: 0.05503343895543367
  view-data: 0.20859908300917596
