times:
  edit-metadata: 0.43504605698399246
  landing: 0.05737007409334183
  view-data: 0.20969677297398448
