times:
  edit-metadata: 1.5186974629759789
  landing: 0.8874584566801786
  view-data: 3.3990686498582363
