times:
  edit-metadata: 0.579249395057559
  landing: 0.5128319598734379
  view-data: 0.1777806356549263
