times:
  edit-metadata: 1.312321667035576
  landing: 0.3006915879668668
  view-data: 0.29005796799901873
