times:
  edit-metadata: 1.4629338197410107
  landing: 0.9327551387250423
  view-data: 3.4374361895024776
