times:
  edit-metadata: 0.6212347279069945
  landing: 0.04578332498203963
  view-data: 0.19102487911004573
