times:
  edit-metadata: 1.4149731043726206
  landing: 0.7343254704028368
  view-data: 3.3515313677489758
