times:
  edit-metadata: 1.3032425194978714
  landing: 0.14229517616331577
  view-data: 0.02682042494416237
