times:
  edit-metadata: 1.392396837938577
  landing: 0.7753241830505431
  view-data: 3.299419819144532
