times:
  edit-metadata: 0.599148052977398
  landing: 0.05132238200167194
  view-data: 0.18110847799107432
