times:
  edit-metadata: 1.3475495036691427
  landing: 0.15529979579150677
  view-data: 0.18814306054264307
