times:
  edit-metadata: 1.3244353169575334
  landing: 0.020887594670057297
  view-data: 0.09845722280442715
