times:
  edit-metadata: 0.7682763170450926
  landing: 1.1846093442291021
  view-data: 0.312446067109704
