times:
  edit-metadata: 0.4433691049925983
  landing: 0.04223419772461057
  view-data: 0.19510630099102855
