times:
  edit-metadata: 1.71280727814883
  landing: 0.9645303627476096
  view-data: 3.470029984600842
