times:
  edit-metadata: 1.474014576524496
  landing: 0.8773259595036507
  view-data: 3.343727096915245
