times:
  edit-metadata: 1.4287845119833946
  landing: 0.19434694200754166
  view-data: 0.2723243162035942
