times:
  edit-metadata: 0.6229446899378672
  landing: 0.045306383981369436
  view-data: 0.18831661995500326
