times:
  edit-metadata: 0.554360868409276
  landing: 0.5842271242290735
  view-data: 0.40563233010470867
