times:
  edit-metadata: 1.251255126670003
  landing: 0.021504019387066364
  view-data: 0.0267187412828207
