times:
  edit-metadata: 0.5402111210860312
  landing: 0.05382797820493579
  view-data: 0.20354976877570152
