times:
  edit-metadata: 1.405320405960083
  landing: 0.14915278926491737
  view-data: 0.024531289935112
