times:
  landing: 0.5441206240000156
  view-data: 0.548749885999996
