times:
  edit-metadata: 1.3635040670633316
  landing: 0.9099666848778725
  view-data: 3.3365905061364174
