times:
  edit-metadata: 0.5031244466081262
  landing: 0.04386577568948269
  view-data: 0.201444529928267
