times:
  edit-metadata: 0.5557010481134057
  landing: 0.05398402502760291
  view-data: 0.20668224897235632
