times:
  edit-metadata: 1.5725791361182928
  landing: 0.7854336481541395
  view-data: 3.4495077524334192
