times:
  edit-metadata: 0.4769045067951083
  landing: 0.0489428136497736
  view-data: 0.2049500485882163
