times:
  edit-metadata: 1.7111009024083614
  landing: 0.30246657505631447
  view-data: 0.3737798575311899
