times:
  edit-metadata: 0.41211422393098474
  landing: 0.07891900301910937
  view-data: 0.21189704514108598
