times:
  landing: 0.5510627460000137
  view-data: 0.5579753140000321
