times:
  edit-metadata: 0.6156384800560772
  landing: 0.04354199883528054
  view-data: 0.18929760996252298
