times:
  edit-metadata: 0.44132147496566176
  landing: 0.05268240789882839
  view-data: 0.20686793304048479
