times:
  edit-metadata: 1.5368386954069138
  landing: 0.7203990370035172
  view-data: 3.4398616701364517
