times:
  edit-metadata: 1.3733513243496418
  landing: 0.019098475575447083
  view-data: 0.02693822793662548
