times:
  landing: 0.5470995769999831
  view-data: 0.5512713950000148
