times:
  edit-metadata: 1.488677485845983
  landing: 0.7882368415594101
  view-data: 3.3314282102510333
