times:
  edit-metadata: 2.752734816633165
  landing: 1.1641478100791574
  view-data: 3.489859377965331
