times:
  edit-metadata: 0.4687348110601306
  landing: 0.04891617922112346
  view-data: 0.197569171898067
