times:
  edit-metadata: 1.360247990116477
  landing: 0.01947677694261074
  view-data: 0.13775665499269962
