times:
  edit-metadata: 0.7762998482212424
  landing: 0.15673779230564833
  view-data: 0.42814617697149515
