times:
  edit-metadata: 1.5753664784133434
  landing: 0.9099032692611217
  view-data: 3.4312068708240986
