times:
  edit-metadata: 1.589985029771924
  landing: 0.9708009641617537
  view-data: 3.582725324202329
