times:
  edit-metadata: 1.7516562826931477
  landing: 0.9431957080960274
  view-data: 3.901393935084343
