times:
  edit-metadata: 0.4915567128919065
  landing: 0.04911904223263264
  view-data: 0.1941119241528213
