times:
  edit-metadata: 1.4051475301384926
  landing: 0.7159842923283577
  view-data: 3.2858686484396458
