times:
  edit-metadata: 1.38708340190351
  landing: 0.25662022456526756
  view-data: 0.027980579063296318
