times:
  edit-metadata: 1.4529865309596062
  landing: 0.8145277239382267
  view-data: 3.3240203484892845
