times:
  landing: 0.554992330999994
  view-data: 0.5535481329999357
