times:
  edit-metadata: 0.6079328230116516
  landing: 0.04276738199405372
  view-data: 0.1900486279046163
