times:
  edit-metadata: 1.5817280188202858
  landing: 0.8877073526382446
  view-data: 3.4205095879733562
