times:
  edit-metadata: 0.5838143720002336
  landing: 0.17501687000003585
  view-data: 0.2743905009997434
