times:
  edit-metadata: 1.6318336613476276
  landing: 0.836252611130476
  view-data: 3.3313266299664974
