times:
  edit-metadata: 1.4821950886398554
  landing: 0.7260374799370766
  view-data: 3.4229998979717493
