times:
  edit-metadata: 1.5447285193949938
  landing: 0.7325177788734436
  view-data: 3.410357356071472
