times:
  edit-metadata: 1.5211492329835892
  landing: 0.805468731909059
  view-data: 3.4028615140123293
