times:
  edit-metadata: 0.5870561781339347
  landing: 0.050933459075167775
  view-data: 0.19627514597959816
