times:
  edit-metadata: 1.49020479246974
  landing: 0.796818345785141
  view-data: 3.3541865572333336
