times:
  edit-metadata: 0.424838934908621
  landing: 0.04168449295684695
  view-data: 0.20933511096518487
