times:
  edit-metadata: 1.3578150225803256
  landing: 0.023729108273983
  view-data: 0.20122903119772673
