times:
  edit-metadata: 0.5394472740590572
  landing: 0.04615085572004318
  view-data: 0.194479089230299
