times:
  edit-metadata: 0.6469463859684765
  landing: 0.06056723091751337
  view-data: 0.20412509120069444
