times:
  edit-metadata: 1.5615494884550571
  landing: 0.7614291682839394
  view-data: 3.4165961779654026
