times:
  edit-metadata: 0.49001494795084
  landing: 0.04238966014236212
  view-data: 0.1934573850594461
