times:
  edit-metadata: 1.6441306564956903
  landing: 0.276259895414114
  view-data: 0.381169056519866
