times:
  edit-metadata: 1.4625351261347532
  landing: 0.7896719798445702
  view-data: 3.352708622813225
