times:
  edit-metadata: 1.6035994850099087
  landing: 0.7721462938934565
  view-data: 3.425679812207818
