times:
  edit-metadata: 0.6584973919671029
  landing: 0.046495347982272506
  view-data: 0.1860720261465758
