times:
  edit-metadata: 1.3484617220237851
  landing: 0.01961156353354454
  view-data: 0.1220419304445386
