times:
  edit-metadata: 0.5378719009459019
  landing: 0.05603181943297386
  view-data: 0.18309789523482323
