times:
  edit-metadata: 0.44501649192534387
  landing: 0.07975860685110092
  view-data: 0.20834232796914876
