times:
  edit-metadata: 0.49189536087214947
  landing: 0.052265483886003494
  view-data: 0.33199934661388397
