times:
  edit-metadata: 1.5728291664272547
  landing: 0.8073701169341803
  view-data: 3.3778101103380322
