times:
  edit-metadata: 2.7725394014269114
  landing: 1.2919406779110432
  view-data: 3.77793893776834
