times:
  edit-metadata: 0.5087711350060999
  landing: 0.058933294960297644
  view-data: 0.20891044498421252
