times:
  landing: 0.5523550660000183
  view-data: 0.5560823769999388
