times:
  landing: 1.0632778940000662
  view-data: 0.5524199850000286
