times:
  edit-metadata: 0.5351410290022613
  landing: 0.04334904099960113
  view-data: 0.1934250590056763
