times:
  edit-metadata: 1.408080268651247
  landing: 0.09648412931710482
  view-data: 0.21427311468869448
