times:
  edit-metadata: 0.5240310849621892
  landing: 0.0479074795730412
  view-data: 0.21852689096704125
