times:
  edit-metadata: 0.5311144469305873
  landing: 0.05395078985020518
  view-data: 0.21797581715509295
