times:
  edit-metadata: 0.504419025965035
  landing: 0.04719130787998438
  view-data: 0.1989486892707646
