times:
  edit-metadata: 1.2906722072511911
  landing: 0.0233093099668622
  view-data: 0.024456425569951534
