times:
  edit-metadata: 0.4891657420084812
  landing: 0.06446052400860935
  view-data: 0.21838426601607352
