times:
  edit-metadata: 1.449832871556282
  landing: 0.9508100226521492
  view-data: 3.363230086863041
