times:
  edit-metadata: 1.5618982147425413
  landing: 0.8201052490621805
  view-data: 3.4662706591188908
