times:
  edit-metadata: 1.3231391124427319
  landing: 0.018347693607211113
  view-data: 0.02861793152987957
