times:
  edit-metadata: 1.4226581500843167
  landing: 0.020001355558633804
  view-data: 0.09674042463302612
