times:
  edit-metadata: 1.2748882165178657
  landing: 0.18475556280463934
  view-data: 0.12391902785748243
