times:
  edit-metadata: 1.2567742560058832
  landing: 0.021580854430794716
  view-data: 0.02627489808946848
