times:
  edit-metadata: 1.486437238752842
  landing: 0.8499461226165295
  view-data: 3.344818338751793
