times:
  landing: 0.563916279999944
  view-data: 0.5512389850000545
