times:
  edit-metadata: 0.7125299489125609
  landing: 0.07272960199043155
  view-data: 0.2064947597682476
