times:
  edit-metadata: 0.45284212986007333
  landing: 0.04544950998388231
  view-data: 0.22339209401980042
