times:
  edit-metadata: 0.6169342137873173
  landing: 0.05321081355214119
  view-data: 0.17798545956611633
