times:
  edit-metadata: 1.3373672980815172
  landing: 0.018249417655169964
  view-data: 0.4595463015139103
