times:
  edit-metadata: 0.4449524637311697
  landing: 0.04997672885656357
  view-data: 0.20481664361432195
