times:
  edit-metadata: 1.467769242823124
  landing: 0.8337405361235142
  view-data: 3.3250149451196194
