times:
  edit-metadata: 1.424681380391121
  landing: 0.8616119436919689
  view-data: 3.334028620272875
