times:
  edit-metadata: 0.6405764750670642
  landing: 0.045911886962130666
  view-data: 0.19372917001601309
