times:
  edit-metadata: 0.5566120129078627
  landing: 0.4893984738737345
  view-data: 0.18003704771399498
