times:
  edit-metadata: 0.472306908108294
  landing: 0.04769639112055302
  view-data: 0.2025649156421423
