times:
  landing: 0.5578953360000014
  view-data: 0.5595288589998972
