times:
  edit-metadata: 0.6592529690242372
  landing: 0.04327442398061976
  view-data: 0.19946032098960131
