times:
  edit-metadata: 0.5452849045395851
  landing: 0.05715269595384598
  view-data: 0.19934742525219917
