times:
  edit-metadata: 2.351263377990108
  landing: 0.27279432595241815
  view-data: 0.6872804029844701
