times:
  edit-metadata: 0.606166547164321
  landing: 0.04082610411569476
  view-data: 0.1927404422312975
