times:
  edit-metadata: 0.43737001495901495
  landing: 0.05829156702384353
  view-data: 0.20729968801606447
