times:
  edit-metadata: 0.4324734671972692
  landing: 0.052823820151388645
  view-data: 0.19533250806853175
