times:
  edit-metadata: 0.4847179278731346
  landing: 0.0678631211631
  view-data: 0.21231116820126772
