times:
  edit-metadata: 1.6656335070729256
  landing: 1.0893243625760078
  view-data: 3.352721255272627
