times:
  edit-metadata: 1.267395617440343
  landing: 0.11268141213804483
  view-data: 0.027878963388502598
