times:
  edit-metadata: 0.46550226770341396
  landing: 0.04471941478550434
  view-data: 0.2007426917552948
