times:
  edit-metadata: 0.47715836809948087
  landing: 0.05235664872452617
  view-data: 0.20090928114950657
