times:
  edit-metadata: 0.5124183055013418
  landing: 0.8166729938238859
  view-data: 0.2992642279714346
