times:
  edit-metadata: 1.3143008165061474
  landing: 0.1368494238704443
  view-data: 0.14285901933908463
