times:
  edit-metadata: 1.5282554384320974
  landing: 0.7088656052947044
  view-data: 3.3609098251909018
