times:
  edit-metadata: 0.5117719671688974
  landing: 0.05546544212847948
  view-data: 0.19387776078656316
