times:
  edit-metadata: 0.4828294441103935
  landing: 0.6836678124964237
  view-data: 0.29175401851534843
