times:
  edit-metadata: 0.5138980749761686
  landing: 0.06012767006177455
  view-data: 0.22323488804977387
