times:
  landing: 0.5449518579999904
  view-data: 0.554388748000008
