times:
  edit-metadata: 1.7107222452759743
  landing: 1.0152408108115196
  view-data: 3.477361995726824
