times:
  landing: 0.5499459659999957
  view-data: 0.5588711169999669
