times:
  edit-metadata: 1.5338622406125069
  landing: 0.25889134034514427
  view-data: 0.15240024030208588
