times:
  edit-metadata: 0.49935461208224297
  landing: 0.5869821216911077
  view-data: 0.3105440940707922
