times:
  edit-metadata: 0.6718579214066267
  landing: 1.0294993836432695
  view-data: 0.45774454064667225
