times:
  edit-metadata: 1.364247515797615
  landing: 0.7492327317595482
  view-data: 3.2435862347483635
