times:
  edit-metadata: 1.3200933253392577
  landing: 0.01886413898319006
  view-data: 0.3962257532402873
