times:
  edit-metadata: 0.428554578917101
  landing: 0.04607153590768576
  view-data: 0.2069775378331542
