times:
  landing: 0.5507156589999909
  view-data: 0.5672575610000195
