times:
  edit-metadata: 0.5458576679229736
  landing: 0.49919198267161846
  view-data: 0.1868996098637581
