times:
  edit-metadata: 1.364451326429844
  landing: 0.8283850140869617
  view-data: 3.4147521629929543
