times:
  edit-metadata: 1.5443503176793456
  landing: 0.7595709385350347
  view-data: 3.3919921973720193
