times:
  edit-metadata: 0.5443194140025298
  landing: 0.11220060600317083
  view-data: 0.2772822400002042
