times:
  edit-metadata: 1.346762740984559
  landing: 0.018300993368029594
  view-data: 0.29851594753563404
