times:
  edit-metadata: 0.6279872581362724
  landing: 0.5515967793762684
  view-data: 0.3088240921497345
