times:
  edit-metadata: 0.5126875899732113
  landing: 0.04604089632630348
  view-data: 0.18547766283154488
