times:
  edit-metadata: 0.5996353663504124
  landing: 0.5028459746390581
  view-data: 0.17701015807688236
