times:
  edit-metadata: 1.5609014071524143
  landing: 0.7184663359075785
  view-data: 3.3861822932958603
