times:
  edit-metadata: 1.3099374016746879
  landing: 0.1310807103291154
  view-data: 0.12518491130322218
