times:
  landing: 0.5425222840000288
  view-data: 0.546160532999977
