times:
  edit-metadata: 2.21297643519938
  landing: 1.3160224561579525
  view-data: 3.5127551699988544
