times:
  landing: 1.0712038589999793
  view-data: 0.5559702190000166
