times:
  edit-metadata: 0.5379426535218954
  landing: 1.3758177403360605
  view-data: 0.41056159138679504
