times:
  edit-metadata: 1.538381801918149
  landing: 0.692528635263443
  view-data: 3.323715101927519
