times:
  landing: 1.1073786170000517
  view-data: 0.5535365989999832
