times:
  landing: 1.066703619000009
  view-data: 0.5551743799999826
