times:
  edit-metadata: 0.6423864648677409
  landing: 0.04322409396991134
  view-data: 0.18519065715372562
