times:
  landing: 0.5451754149999601
  view-data: 0.5482792540000219
