times:
  edit-metadata: 1.3827148731797934
  landing: 0.18050031922757626
  view-data: 0.3317524194717407
