times:
  edit-metadata: 1.3235525265336037
  landing: 0.019564684480428696
  view-data: 0.029167745262384415
