times:
  edit-metadata: 0.5067093758843839
  landing: 0.0839449199847877
  view-data: 0.2212620717473328
