times:
  edit-metadata: 0.5992532179952832
  landing: 0.047257590005756356
  view-data: 0.19026645700796507
