times:
  edit-metadata: 1.4166254773736
  landing: 0.19996809493750334
  view-data: 0.024336504749953747
