times:
  edit-metadata: 0.6498282479587942
  landing: 0.03994741302449256
  view-data: 0.19899389008060098
