times:
  edit-metadata: 0.5363861992955208
  landing: 0.05032091587781906
  view-data: 0.1950000412762165
