times:
  edit-metadata: 0.5495957285165787
  landing: 0.045885153114795685
  view-data: 0.19994542375206947
