times:
  edit-metadata: 0.4933940749615431
  landing: 2.189451612532139
  view-data: 0.40375315584242344
