times:
  edit-metadata: 1.5175114078447223
  landing: 0.8127350620925426
  view-data: 3.405812201090157
