times:
  edit-metadata: 1.3628471847623587
  landing: 0.2027517445385456
  view-data: 0.3648841353133321
