times:
  edit-metadata: 0.5825232439674437
  landing: 0.083317746873945
  view-data: 0.24770439695566893
