times:
  landing: 0.5494197020000229
  view-data: 0.5626313559999971
