times:
  edit-metadata: 1.3804373992606997
  landing: 0.1608100039884448
  view-data: 0.49145450349897146
