times:
  edit-metadata: 1.2682235492393374
  landing: 0.02262555342167616
  view-data: 0.1182596767321229
