times:
  edit-metadata: 0.5034085065126419
  landing: 0.5739155374467373
  view-data: 0.5873690955340862
