times:
  landing: 0.5492649079999978
  view-data: 0.5474760179999976
