times:
  edit-metadata: 1.288560007000342
  landing: 0.6565861040726304
  view-data: 3.2645341551396996
