times:
  edit-metadata: 0.500354272313416
  landing: 0.05101308785378933
  view-data: 0.20692971628159285
