times:
  edit-metadata: 0.4410406891256571
  landing: 0.0420116214081645
  view-data: 0.19281692430377007
