times:
  edit-metadata: 1.437090408988297
  landing: 0.7044761199504137
  view-data: 3.299379626987502
