times:
  landing: 0.5459710099999597
  view-data: 0.5547437349999882
