times:
  edit-metadata: 0.5452524702996016
  landing: 0.7060992922633886
  view-data: 0.2888093125075102
