times:
  edit-metadata: 1.5564205050468445
  landing: 0.7853994593024254
  view-data: 3.418460061773658
