times:
  edit-metadata: 1.5756659246981144
  landing: 0.7509763520210981
  view-data: 3.4160281606018543
