times:
  edit-metadata: 1.4243275169283152
  landing: 0.028058769181370735
  view-data: 0.3436118606477976
