times:
  edit-metadata: 0.5052454179385677
  landing: 0.09368468297179788
  view-data: 0.21957745193503797
