times:
  edit-metadata: 1.391304960474372
  landing: 0.1880211029201746
  view-data: 0.028080560266971588
