times:
  edit-metadata: 0.49175119027495384
  landing: 0.03863551653921604
  view-data: 0.21111930906772614
