times:
  edit-metadata: 0.5953850740334019
  landing: 0.04329922603210434
  view-data: 0.1928335370030254
