times:
  edit-metadata: 1.3814211413264275
  landing: 0.12995254434645176
  view-data: 0.02334272488951683
