times:
  edit-metadata: 1.3493380062282085
  landing: 0.22925847209990025
  view-data: 0.0224835854023695
