times:
  edit-metadata: 1.6187422089278698
  landing: 0.789800226688385
  view-data: 3.4196872115135193
