times:
  edit-metadata: 1.3335988204926252
  landing: 0.022684000432491302
  view-data: 0.3359812591224909
