times:
  edit-metadata: 1.3539074249565601
  landing: 0.256126057356596
  view-data: 0.12850808911025524
