times:
  landing: 1.0725303830000144
  view-data: 0.555264319999992
