times:
  edit-metadata: 1.346843957901001
  landing: 0.021253716200590134
  view-data: 0.02336837351322174
