times:
  edit-metadata: 0.6358850121032447
  landing: 0.049758648965507746
  view-data: 0.18545283610001206
