times:
  edit-metadata: 1.4901615045964718
  landing: 0.7073692828416824
  view-data: 3.3320974223315716
