times:
  edit-metadata: 1.892141256481409
  landing: 0.9850128293037415
  view-data: 3.334168240427971
