times:
  edit-metadata: 1.299149821512401
  landing: 0.018628768622875214
  view-data: 0.3078137105330825
