times:
  edit-metadata: 1.5334515869617462
  landing: 0.8448293283581734
  view-data: 3.4169263653457165
