times:
  edit-metadata: 0.44888680207077414
  landing: 0.04945447400677949
  view-data: 0.34479879296850413
