times:
  edit-metadata: 0.4493084391579032
  landing: 0.049519505351781845
  view-data: 0.2019685786217451
