times:
  edit-metadata: 1.5059383548796177
  landing: 0.727563314139843
  view-data: 3.3902285397052765
