times:
  edit-metadata: 0.6194539950229228
  landing: 0.04701887501869351
  view-data: 0.192556964000687
