times:
  edit-metadata: 0.4266924490220845
  landing: 0.04483109898865223
  view-data: 0.20540135027840734
