times:
  edit-metadata: 0.440632461104542
  landing: 0.043510834220796824
  view-data: 0.19255973072722554
