times:
  edit-metadata: 0.6085292603820562
  landing: 2.8388513159006834
  view-data: 0.6370317190885544
