times:
  edit-metadata: 1.4305323977023363
  landing: 0.23982626013457775
  view-data: 0.3470804188400507
