times:
  edit-metadata: 1.345061075873673
  landing: 0.1280535040423274
  view-data: 0.11736491788178682
