times:
  edit-metadata: 0.41962915007025003
  landing: 0.056134839076548815
  view-data: 0.21995579497888684
