times:
  edit-metadata: 1.306305643171072
  landing: 0.02142714150249958
  view-data: 0.40704002883285284
