times:
  edit-metadata: 1.8153620399534702
  landing: 0.17905774246901274
  view-data: 0.313411015085876
