times:
  edit-metadata: 1.5792545191943645
  landing: 0.7685749065130949
  view-data: 3.46903726272285
