times:
  edit-metadata: 0.69003268587403
  landing: 0.05472033587284386
  view-data: 0.18652502819895744
