times:
  edit-metadata: 0.6396953500807285
  landing: 0.1374291880056262
  view-data: 0.2477023950777948
