times:
  edit-metadata: 0.4306384790688753
  landing: 0.050102006178349257
  view-data: 0.19835772598162293
