times:
  edit-metadata: 0.532852079719305
  landing: 1.1331087686121464
  view-data: 0.31329277344048023
