times:
  edit-metadata: 1.5344351939857006
  landing: 0.7942408695816994
  view-data: 3.387328650802374
