times:
  edit-metadata: 1.7274126969277859
  landing: 0.3601191993802786
  view-data: 0.3019745908677578
