times:
  edit-metadata: 0.43812400894239545
  landing: 0.05426934314891696
  view-data: 0.33520563412457705
