times:
  edit-metadata: 1.5703887529671192
  landing: 0.7746683955192566
  view-data: 3.460096474736929
