times:
  edit-metadata: 1.4640813171863556
  landing: 0.9965093210339546
  view-data: 3.331919379532337
