times:
  edit-metadata: 1.4868257958441973
  landing: 0.022935517132282257
  view-data: 0.025691209360957146
