times:
  edit-metadata: 1.4576855190098286
  landing: 0.9263793043792248
  view-data: 3.4559612683951855
