times:
  edit-metadata: 1.3336479626595974
  landing: 0.02348735462874174
  view-data: 0.10189958568662405
