times:
  landing: 0.5539709330000164
  view-data: 0.5500321900000245
