times:
  edit-metadata: 0.6155686508864164
  landing: 0.4667390510439873
  view-data: 0.19051365926861763
