times:
  edit-metadata: 0.5188987480360083
  landing: 0.054623600968625396
  view-data: 0.2222276140237227
