times:
  edit-metadata: 2.417216846719384
  landing: 0.6493916157633066
  view-data: 0.4150409046560526
