times:
  landing: 0.5512181599999622
  view-data: 0.5535875729999589
