times:
  edit-metadata: 1.4157083984464407
  landing: 0.7998460829257965
  view-data: 3.3348236083984375
