times:
  landing: 1.0839619619999894
  view-data: 0.5491932139999562
