times:
  edit-metadata: 1.254140054807067
  landing: 0.21419869735836983
  view-data: 0.11962317116558552
