times:
  edit-metadata: 0.5406073816120625
  landing: 0.6555737461894751
  view-data: 0.1846264898777008
