times:
  edit-metadata: 1.46153585286811
  landing: 0.7884145739953965
  view-data: 3.280885274987668
