times:
  edit-metadata: 0.44571340800030157
  landing: 0.051009216999773344
  view-data: 0.2057232910001403
