times:
  edit-metadata: 1.7241701381281018
  landing: 0.9507523458451033
  view-data: 3.4748160764575005
