times:
  edit-metadata: 1.5424613859504461
  landing: 0.9709337763488293
  view-data: 3.3966375701129436
