times:
  landing: 0.5575491270000157
  view-data: 0.5566105840000546
