times:
  edit-metadata: 0.5630512740463018
  landing: 1.1827004794031382
  view-data: 0.3034863155335188
