times:
  edit-metadata: 0.6187749810051173
  landing: 0.0411798509885557
  view-data: 0.19407476001651958
