times:
  edit-metadata: 0.5345349079980224
  landing: 0.04423960199710564
  view-data: 0.1956220329993812
