times:
  landing: 0.5771663540000418
  view-data: 0.5563216500000294
