times:
  edit-metadata: 1.2915512034669518
  landing: 0.11411478463560343
  view-data: 0.023851770907640457
