times:
  edit-metadata: 1.4142150823026896
  landing: 0.8054568208754063
  view-data: 3.4227336402982473
