times:
  edit-metadata: 1.706321820616722
  landing: 0.9603633619844913
  view-data: 3.399536579847336
