times:
  edit-metadata: 0.5581682994961739
  landing: 1.4223143327981234
  view-data: 0.4352597799152136
