times:
  edit-metadata: 0.5458826310932636
  landing: 0.04468123987317085
  view-data: 0.1948639489710331
