times:
  edit-metadata: 1.3402471570298076
  landing: 0.019418664276599884
  view-data: 0.23780376184731722
