times:
  edit-metadata: 1.4597804639488459
  landing: 0.1307404488325119
  view-data: 0.025772759690880775
