times:
  landing: 0.5512357270000052
  view-data: 0.5558458450000217
