times:
  landing: 0.5440180210000563
  view-data: 0.5470913590000919
