times:
  edit-metadata: 1.5908499918878078
  landing: 0.8621498420834541
  view-data: 3.3636037409305573
