times:
  edit-metadata: 0.5872356910258532
  landing: 0.5803243815898895
  view-data: 0.6049533933401108
