times:
  edit-metadata: 0.7313769818283617
  landing: 0.05094638792797923
  view-data: 0.18518205685541034
