times:
  landing: 0.5475784909999675
  view-data: 0.5454612579999321
