times:
  edit-metadata: 1.401053275913
  landing: 0.0234446432441473
  view-data: 0.3115098848938942
