times:
  edit-metadata: 0.5315588819794357
  landing: 0.053579597268253565
  view-data: 0.20832429686561227
