times:
  edit-metadata: 0.6640567854046822
  landing: 0.610040795058012
  view-data: 0.32493668235838413
