times:
  edit-metadata: 1.4328235648572445
  landing: 0.7013821043074131
  view-data: 3.3414594158530235
