times:
  edit-metadata: 1.432956501841545
  landing: 0.7990737743675709
  view-data: 3.3824013583362103
