times:
  landing: 0.5530411340000114
  view-data: 0.5542524119999825
