times:
  edit-metadata: 1.3636624217033386
  landing: 0.16625643335282803
  view-data: 0.3351678494364023
