times:
  edit-metadata: 0.5349188223481178
  landing: 0.05115595459938049
  view-data: 0.1926882378757
