times:
  edit-metadata: 0.5606457479298115
  landing: 1.3980378080159426
  view-data: 0.40632879734039307
