times:
  edit-metadata: 1.3192906454205513
  landing: 0.020448893308639526
  view-data: 0.11836860328912735
