times:
  edit-metadata: 0.4564435491338372
  landing: 0.04752251273021102
  view-data: 0.3255054787732661
