times:
  edit-metadata: 1.2711420822888613
  landing: 0.021490546874701977
  view-data: 0.024723151698708534
