times:
  edit-metadata: 1.3556465446017683
  landing: 0.6971595529466867
  view-data: 3.349104735068977
