times:
  edit-metadata: 0.5351375564932823
  landing: 0.05223778262734413
  view-data: 0.19597535580396652
