times:
  edit-metadata: 1.6601546071469784
  landing: 1.002860019914806
  view-data: 3.428496206179261
