times:
  landing: 0.5610137049999935
  view-data: 0.5695923389999962
