times:
  edit-metadata: 1.4267212897539139
  landing: 0.770611546933651
  view-data: 3.3202106282114983
