times:
  edit-metadata: 1.3069408414885402
  landing: 0.022150300443172455
  view-data: 0.11947117652744055
