times:
  edit-metadata: 1.546120747923851
  landing: 0.8487407565116882
  view-data: 3.3911720141768456
