times:
  landing: 0.5581727539999974
  view-data: 0.5940996239999663
