times:
  landing: 1.5812079600000288
  view-data: 0.5493102720000138
