times:
  edit-metadata: 0.450889284722507
  landing: 0.051982476841658354
  view-data: 0.21124337194487453
