times:
  edit-metadata: 0.4431327320635319
  landing: 0.05090445280075073
  view-data: 0.20793866738677025
