times:
  edit-metadata: 1.551312644034624
  landing: 3.36091223731637
  view-data: 3.4158393517136574
