times:
  edit-metadata: 0.6262284070253372
  landing: 0.055097001837566495
  view-data: 0.18823508685454726
