times:
  edit-metadata: 1.280340500175953
  landing: 0.020422703586518764
  view-data: 0.13495459221303463
