times:
  edit-metadata: 0.6564533966593444
  landing: 0.05183061491698027
  view-data: 0.1883573979139328
