times:
  edit-metadata: 0.4438220988959074
  landing: 0.046900321962311864
  view-data: 0.2033858560025692
