times:
  edit-metadata: 1.3389223711565137
  landing: 0.01958005502820015
  view-data: 0.02313160989433527
