times:
  landing: 0.5592433320000509
  view-data: 0.5624375359999476
