times:
  edit-metadata: 0.46180046163499355
  landing: 0.04346951795741916
  view-data: 0.19357618782669306
