times:
  edit-metadata: 0.42303396901115775
  landing: 0.08327748393639922
  view-data: 0.2236364388372749
