times:
  edit-metadata: 0.6386367701925337
  landing: 0.049092024099081755
  view-data: 0.19864680990576744
