times:
  edit-metadata: 1.4216256849467754
  landing: 0.24056521616876125
  view-data: 0.1717370320111513
