times:
  edit-metadata: 1.3595396110322326
  landing: 0.6714085740968585
  view-data: 3.2683875530492514
