times:
  landing: 0.5529053219999014
  view-data: 0.5537110950000397
