times:
  edit-metadata: 1.5437521059066057
  landing: 0.18896331638097763
  view-data: 0.31224359199404716
