times:
  edit-metadata: 0.6856399480020627
  landing: 0.05728700800682418
  view-data: 0.19295939199218992
