times:
  edit-metadata: 1.4255361035466194
  landing: 0.659577202051878
  view-data: 3.2671314887702465
