times:
  edit-metadata: 0.6536588270682842
  landing: 0.048792551970109344
  view-data: 0.32916285295505077
