times:
  edit-metadata: 1.6517203599214554
  landing: 0.8127612676471472
  view-data: 3.4319039043039083
