times:
  edit-metadata: 1.5667190626263618
  landing: 0.9220712967216969
  view-data: 3.2781793773174286
