times:
  edit-metadata: 1.445448097307235
  landing: 0.971659854054451
  view-data: 3.388390339910984
