times:
  edit-metadata: 1.292909249663353
  landing: 0.021159114316105843
  view-data: 0.43432636745274067
