times:
  edit-metadata: 0.6305210960563272
  landing: 0.046922750072553754
  view-data: 0.1763962369877845
