times:
  edit-metadata: 0.5116747245192528
  landing: 0.6887769736349583
  view-data: 0.24970903806388378
