times:
  edit-metadata: 0.5050230715423822
  landing: 1.6110123880207539
  view-data: 0.5828589424490929
