times:
  edit-metadata: 1.2726724836975336
  landing: 0.021138823591172695
  view-data: 0.026608753949403763
