times:
  edit-metadata: 0.5123399160802364
  landing: 0.042688366025686264
  view-data: 0.18577435985207558
