times:
  edit-metadata: 0.5193162430077791
  landing: 1.233641628175974
  view-data: 0.3865732252597809
