times:
  edit-metadata: 1.4994584936648607
  landing: 0.12512292340397835
  view-data: 0.4752969853579998
