times:
  edit-metadata: 1.027143755927682
  landing: 0.06029129005037248
  view-data: 0.21462888014502823
