times:
  edit-metadata: 1.315006177057512
  landing: 0.837218775996007
  view-data: 3.309446876985021
