times:
  edit-metadata: 1.7122533321380615
  landing: 0.99735102429986
  view-data: 3.3653980903327465
