times:
  edit-metadata: 0.4457349651493132
  landing: 0.04797699209302664
  view-data: 0.2018279740586877
