times:
  edit-metadata: 0.6192138779442757
  landing: 0.045065786922350526
  view-data: 0.1966973061207682
