times:
  edit-metadata: 0.4933421188034117
  landing: 0.04436085280030966
  view-data: 0.19172276789322495
