times:
  edit-metadata: 0.5829851957969368
  landing: 0.043384724762290716
  view-data: 0.22366102878004313
