times:
  edit-metadata: 0.6572504690266214
  landing: 0.04302044599899091
  view-data: 0.19648590302676894
