times:
  edit-metadata: 1.3774825893342495
  landing: 0.019301697611808777
  view-data: 0.30794246308505535
