times:
  edit-metadata: 0.5575610585510731
  landing: 0.6325738113373518
  view-data: 0.6071132514625788
