times:
  edit-metadata: 1.5364335272461176
  landing: 0.7141079418361187
  view-data: 3.3750890623778105
