times:
  edit-metadata: 0.5013287775218487
  landing: 1.1802974119782448
  view-data: 0.5756319668143988
