times:
  edit-metadata: 1.9607540098950267
  landing: 0.2929998775944114
  view-data: 0.34324309695512056
