times:
  edit-metadata: 0.6112362840212882
  landing: 0.04351896099979058
  view-data: 0.1887156930170022
