times:
  edit-metadata: 0.5357613377273083
  landing: 1.1000314950942993
  view-data: 0.5741496868431568
