times:
  edit-metadata: 0.4258773010224104
  landing: 0.05590665992349386
  view-data: 0.2147880510892719
