times:
  edit-metadata: 0.6079306676983833
  landing: 0.572485925629735
  view-data: 0.29645270481705666
