times:
  edit-metadata: 0.5019407086074352
  landing: 0.7472377754747868
  view-data: 0.2914624251425266
