times:
  edit-metadata: 0.4611771409981884
  landing: 0.0463888660306111
  view-data: 0.207653402001597
