times:
  edit-metadata: 0.5100943259894848
  landing: 0.06556145381182432
  view-data: 0.212242865934968
