times:
  edit-metadata: 0.5170938484370708
  landing: 0.05694688484072685
  view-data: 0.19368234276771545
