times:
  edit-metadata: 0.7019352219067514
  landing: 0.10518438718281686
  view-data: 0.23350196704268456
