times:
  edit-metadata: 0.5553153995424509
  landing: 0.6487713493406773
  view-data: 0.19055849686264992
