times:
  edit-metadata: 0.6290289275348186
  landing: 0.05861761048436165
  view-data: 0.18388305976986885
