times:
  edit-metadata: 1.4463663026690483
  landing: 0.7614971064031124
  view-data: 3.3722154833376408
