times:
  edit-metadata: 1.6205779137089849
  landing: 0.8886272646486759
  view-data: 3.465118143707514
