times:
  edit-metadata: 0.4347217290196568
  landing: 0.07554965605959296
  view-data: 0.20953738410025835
