times:
  edit-metadata: 0.47785333078354597
  landing: 0.040179825853556395
  view-data: 0.19809018028900027
