times:
  edit-metadata: 0.6211464209482074
  landing: 0.04064996400848031
  view-data: 0.19429471995681524
