times:
  edit-metadata: 1.3223869362846017
  landing: 0.021497171372175217
  view-data: 0.023867315612733364
