times:
  edit-metadata: 1.3549265246838331
  landing: 0.12016930058598518
  view-data: 0.2827325891703367
