times:
  edit-metadata: 0.507406661999994
  landing: 0.052521413000249595
  view-data: 0.21437113399997543
