times:
  edit-metadata: 0.4110375220188871
  landing: 0.0668653299799189
  view-data: 0.23028571403119713
