times:
  edit-metadata: 1.7571580223739147
  landing: 0.9120361246168613
  view-data: 3.476036459207535
