times:
  edit-metadata: 1.3779943827539682
  landing: 0.1766160000115633
  view-data: 0.39186222944408655
