times:
  edit-metadata: 0.4970476655289531
  landing: 0.04603910446166992
  view-data: 0.2051667906343937
