times:
  edit-metadata: 1.475159127265215
  landing: 0.19435355439782143
  view-data: 0.35837663523852825
