times:
  edit-metadata: 0.46258709486573935
  landing: 0.04578120168298483
  view-data: 0.1978857833892107
