times:
  edit-metadata: 0.5886539649218321
  landing: 0.5740998610854149
  view-data: 0.32098917104303837
