times:
  edit-metadata: 1.6291548684239388
  landing: 0.8593417331576347
  view-data: 3.4321434516459703
