times:
  edit-metadata: 1.4857526551932096
  landing: 0.023526689037680626
  view-data: 0.4083436708897352
