times:
  landing: 0.5424560760000077
  view-data: 0.5456065170000102
