times:
  edit-metadata: 0.539443918998586
  landing: 0.05704237602185458
  view-data: 0.27939351098029874
