times:
  edit-metadata: 1.3937878673896194
  landing: 0.26820880081504583
  view-data: 0.26971077267080545
