times:
  edit-metadata: 0.582898173481226
  landing: 0.05999116972088814
  view-data: 0.1911749131977558
