times:
  edit-metadata: 0.4387265988625586
  landing: 0.05595771595835686
  view-data: 0.2102417340502143
