times:
  edit-metadata: 1.2865914423018694
  landing: 0.021341552026569843
  view-data: 0.11824134271591902
