times:
  landing: 0.549408756000048
  view-data: 0.5556476600000337
