times:
  edit-metadata: 0.6523092759307474
  landing: 0.04957716399803758
  view-data: 0.1906182998791337
