times:
  edit-metadata: 1.3407695814967155
  landing: 0.1521465089172125
  view-data: 0.15170427411794662
