times:
  edit-metadata: 0.43332567300240044
  landing: 0.05614093199255876
  view-data: 0.20825609400344547
