times:
  landing: 0.5405079559999422
  view-data: 0.5447515020000537
