times:
  edit-metadata: 1.564021721482277
  landing: 0.7561855167150497
  view-data: 3.4456985257565975
