times:
  edit-metadata: 0.6425139119382948
  landing: 0.055569183081388474
  view-data: 0.18857565498910844
