times:
  landing: 0.5464578529999926
  view-data: 0.5560870089999526
