times:
  landing: 0.5486102799999912
  view-data: 0.5544185399999719
