times:
  edit-metadata: 1.5655773803591728
  landing: 0.8619108069688082
  view-data: 3.410265736281872
