times:
  edit-metadata: 0.5073266364634037
  landing: 0.04497349634766579
  view-data: 0.19488678872585297
