times:
  edit-metadata: 1.081895891809836
  landing: 0.10686631291173398
  view-data: 0.23979489388875663
