times:
  edit-metadata: 1.5903189480304718
  landing: 0.9800715446472168
  view-data: 3.357243735343218
