times:
  edit-metadata: 0.532359064090997
  landing: 0.12528999568894506
  view-data: 0.221425608266145
