times:
  edit-metadata: 1.441633158363402
  landing: 0.22387395333498716
  view-data: 0.19443963188678026
