times:
  landing: 0.5489700660000381
  view-data: 0.5534702019999713
