times:
  edit-metadata: 1.7946747932583094
  landing: 0.7136709075421095
  view-data: 3.400500636547804
