times:
  edit-metadata: 0.6238237048964947
  landing: 0.04628717806190252
  view-data: 0.1922769828233868
