times:
  edit-metadata: 1.562442496418953
  landing: 0.7468515075743198
  view-data: 3.3996396884322166
