times:
  edit-metadata: 0.5049777049571276
  landing: 3.057363810017705
  view-data: 0.18658779375255108
