times:
  edit-metadata: 1.5570827089250088
  landing: 0.7501369975507259
  view-data: 3.4202240016311407
