times:
  edit-metadata: 1.3890028987079859
  landing: 0.020579973235726357
  view-data: 0.4273282550275326
