times:
  edit-metadata: 0.42106909211724997
  landing: 0.07732496177777648
  view-data: 0.20821798802353442
