times:
  landing: 1.06531755900005
  view-data: 0.5475854649999974
