times:
  edit-metadata: 1.311735911294818
  landing: 0.12750157061964273
  view-data: 0.024632276967167854
