times:
  edit-metadata: 0.6191701299976557
  landing: 0.04674059397075325
  view-data: 0.1920547429472208
