times:
  edit-metadata: 1.5195764489471912
  landing: 0.7653026953339577
  view-data: 3.3710367288440466
