times:
  edit-metadata: 1.7728433907032013
  landing: 1.0012446865439415
  view-data: 3.3269797414541245
