times:
  edit-metadata: 1.6460198145359755
  landing: 0.9091286137700081
  view-data: 3.3785868007689714
