times:
  edit-metadata: 0.5156304509728216
  landing: 0.05215947004035115
  view-data: 0.20990019896999002
