times:
  edit-metadata: 1.3516547987237573
  landing: 0.021845906972885132
  view-data: 0.029110819101333618
