times:
  edit-metadata: 1.5761398319154978
  landing: 0.7759257443249226
  view-data: 3.3903356548398733
