times:
  landing: 0.5588216799999941
  view-data: 0.5775618100000202
