times:
  edit-metadata: 1.5212733075022697
  landing: 0.8696658872067928
  view-data: 3.3788919746875763
