times:
  edit-metadata: 1.502725601196289
  landing: 0.02042161487042904
  view-data: 0.1720596496015787
