times:
  edit-metadata: 0.4289273922331631
  landing: 0.04304715013131499
  view-data: 0.193865398876369
