times:
  edit-metadata: 0.5146739799529314
  landing: 1.1819067355245352
  view-data: 0.5738977119326591
