times:
  edit-metadata: 0.6131337750703096
  landing: 0.04198149289004505
  view-data: 0.19530442520044744
