times:
  edit-metadata: 0.5354724265635014
  landing: 0.7829498443752527
  view-data: 0.22399182245135307
