times:
  edit-metadata: 1.65404630638659
  landing: 0.16447056271135807
  view-data: 0.4011533949524164
