times:
  edit-metadata: 1.3715351829305291
  landing: 0.022062215954065323
  view-data: 0.12177637033164501
