times:
  landing: 0.5515319969999837
  view-data: 0.5502825879999591
