times:
  edit-metadata: 1.6226346343755722
  landing: 0.24206534959375858
  view-data: 0.4677037261426449
