times:
  edit-metadata: 0.4759456538595259
  landing: 0.06115736486390233
  view-data: 0.23968078522011638
