times:
  edit-metadata: 1.5553642250597477
  landing: 0.9127991683781147
  view-data: 3.437836591154337
