times:
  edit-metadata: 0.5508750174194574
  landing: 0.4566696621477604
  view-data: 0.19087207317352295
