times:
  edit-metadata: 0.4416989500168711
  landing: 0.049309606896713376
  view-data: 0.20427363296039402
