times:
  edit-metadata: 1.3789809457957745
  landing: 0.20294663682579994
  view-data: 0.32992312870919704
