times:
  edit-metadata: 1.557273524813354
  landing: 0.7072918703779578
  view-data: 3.288640954531729
