times:
  edit-metadata: 1.2841793987900019
  landing: 0.18915901612490416
  view-data: 0.35613645054399967
