times:
  edit-metadata: 1.446776018012315
  landing: 1.017734901048243
  view-data: 3.355590173974633
