times:
  edit-metadata: 0.524476669728756
  landing: 0.04537096992135048
  view-data: 0.1940902192145586
