times:
  edit-metadata: 1.890006324276328
  landing: 1.2680976707488298
  view-data: 3.519579814746976
