times:
  edit-metadata: 0.4351113447919488
  landing: 0.05747229605913162
  view-data: 0.20539625314995646
