times:
  edit-metadata: 1.7941458830609918
  landing: 0.9001277163624763
  view-data: 3.517189783975482
