times:
  edit-metadata: 1.292221575975418
  landing: 0.026975753717124462
  view-data: 0.026469039730727673
