times:
  edit-metadata: 0.710179194342345
  landing: 0.054646276868879795
  view-data: 0.22931287717074156
