times:
  edit-metadata: 1.3437811704352498
  landing: 0.02063113357871771
  view-data: 0.11596923135221004
