times:
  edit-metadata: 0.5025921277701855
  landing: 0.0481894388794899
  view-data: 0.18672959879040718
