times:
  edit-metadata: 0.4374777500052005
  landing: 0.060677511151880026
  view-data: 0.2130929499398917
