times:
  edit-metadata: 0.49593816231936216
  landing: 0.04388712905347347
  view-data: 0.20111324172466993
