times:
  edit-metadata: 1.5916629899293184
  landing: 1.5439099688082933
  view-data: 4.30323008261621
