times:
  edit-metadata: 1.5362112931907177
  landing: 0.7273313235491514
  view-data: 3.4055197667330503
