times:
  edit-metadata: 1.2850672490894794
  landing: 0.019712341018021107
  view-data: 0.1194987716153264
