times:
  edit-metadata: 0.5394286438822746
  landing: 0.6259845159947872
  view-data: 0.1941557712852955
