times:
  edit-metadata: 1.2705007148906589
  landing: 0.01980738341808319
  view-data: 0.4602520940825343
