times:
  landing: 0.5531232609999961
  view-data: 0.5615888899999959
