times:
  edit-metadata: 1.430469973012805
  landing: 0.311224015429616
  view-data: 0.030455946922302246
