times:
  edit-metadata: 1.2889067931100726
  landing: 0.021788185462355614
  view-data: 0.123062239959836
