times:
  edit-metadata: 0.45108385756611824
  landing: 0.05191816808655858
  view-data: 0.19695524591952562
