times:
  edit-metadata: 0.5218887500232086
  landing: 0.05471488001057878
  view-data: 0.21816814999328926
