times:
  edit-metadata: 0.42817876499611884
  landing: 0.05014944798313081
  view-data: 0.20108080096542835
