times:
  edit-metadata: 0.4729168280027807
  landing: 0.05080446461215615
  view-data: 0.19343712972477078
