times:
  edit-metadata: 1.6025516707450151
  landing: 0.9708595760166645
  view-data: 3.3621956035494804
