times:
  edit-metadata: 0.5365708190947771
  landing: 0.589882992208004
  view-data: 0.5947228837758303
