times:
  edit-metadata: 0.6625866539543495
  landing: 0.03957482206169516
  view-data: 0.1976729459129274
