times:
  edit-metadata: 1.7940753980001318
  landing: 0.26248490999569185
  view-data: 0.4888890310030547
