times:
  edit-metadata: 1.3886109739542007
  landing: 0.022923565469682217
  view-data: 0.4673013845458627
