times:
  edit-metadata: 1.3530257432721555
  landing: 0.7933541969396174
  view-data: 3.3386691007763147
