times:
  edit-metadata: 1.3676400827243924
  landing: 0.02255361247807741
  view-data: 0.4345408361405134
