times:
  edit-metadata: 0.49724859930574894
  landing: 0.5714958515018225
  view-data: 0.5773739516735077
