times:
  edit-metadata: 0.4831397323869169
  landing: 0.07212097709998488
  view-data: 0.21223569009453058
