times:
  edit-metadata: 0.6353862322866917
  landing: 0.041683332063257694
  view-data: 0.1887800139375031
