times:
  edit-metadata: 0.6209270909894258
  landing: 0.04039015504531562
  view-data: 0.1951565140625462
