times:
  edit-metadata: 1.334213638678193
  landing: 0.02296052873134613
  view-data: 0.12388282176107168
