times:
  edit-metadata: 1.29785165656358
  landing: 0.02126452513039112
  view-data: 0.024226540699601173
