times:
  edit-metadata: 1.4290170148015022
  landing: 0.22491920739412308
  view-data: 0.027308426797389984
