times:
  edit-metadata: 0.772167406976223
  landing: 0.04845584183931351
  view-data: 0.17855080822482705
