times:
  edit-metadata: 1.4353310950100422
  landing: 0.7348187258467078
  view-data: 3.390432709828019
