times:
  edit-metadata: 1.5360719691962004
  landing: 0.25851722434163094
  view-data: 0.3439331091940403
