times:
  edit-metadata: 0.5032290522940457
  landing: 0.04763235291466117
  view-data: 0.1949639138765633
