times:
  landing: 1.0764077540000017
  view-data: 0.5637053519999995
