times:
  edit-metadata: 1.522328332066536
  landing: 0.6996434051543474
  view-data: 3.361305244266987
