times:
  edit-metadata: 1.6128999404609203
  landing: 0.7826782409101725
  view-data: 3.3562076073139906
