times:
  edit-metadata: 0.6248544990085065
  landing: 0.0483941410202533
  view-data: 0.18540412792935967
