times:
  edit-metadata: 0.3912118099979125
  landing: 0.061822251009289175
  view-data: 0.2090942070062738
