times:
  edit-metadata: 0.6406490651424974
  landing: 0.048671089112758636
  view-data: 0.18083388800732791
