times:
  edit-metadata: 2.511839058250189
  landing: 0.36639063339680433
  view-data: 0.6598389707505703
