times:
  edit-metadata: 0.548911839723587
  landing: 0.05196103826165199
  view-data: 0.1942279301583767
