times:
  edit-metadata: 1.4015083406120539
  landing: 0.02319419104605913
  view-data: 0.10141272936016321
