times:
  edit-metadata: 1.3837278820574284
  landing: 0.025536008179187775
  view-data: 0.3746822439134121
