times:
  edit-metadata: 1.6865926142781973
  landing: 0.9224678501486778
  view-data: 3.4151374232023954
