times:
  edit-metadata: 0.5917852729908191
  landing: 0.051141356001608074
  view-data: 0.19281415396835655
