times:
  edit-metadata: 0.44997573713772
  landing: 0.0563651779666543
  view-data: 0.3455327129922807
