times:
  edit-metadata: 0.5669917743653059
  landing: 0.5260020606219769
  view-data: 0.18359183333814144
