times:
  edit-metadata: 1.4247550871223211
  landing: 0.021610310301184654
  view-data: 0.12046479806303978
