times:
  edit-metadata: 0.5155772380530834
  landing: 0.045436859130859375
  view-data: 0.20009050518274307
