times:
  edit-metadata: 1.7468158155679703
  landing: 0.19778044521808624
  view-data: 0.21005060896277428
