times:
  landing: 0.6084260089999702
  view-data: 0.5619293689999836
