times:
  landing: 0.5592789190000076
  view-data: 0.5506907650001267
