times:
  edit-metadata: 0.5531017929315567
  landing: 0.5518675558269024
  view-data: 0.19960791617631912
