times:
  edit-metadata: 1.5448016114532948
  landing: 0.7664762157946825
  view-data: 3.5107672438025475
