times:
  edit-metadata: 0.5613529079710133
  landing: 0.06275706097949296
  view-data: 0.1970292020123452
