times:
  landing: 0.5546732199999838
  view-data: 0.5596121589999825
