times:
  edit-metadata: 1.6683049909770489
  landing: 1.1523831970989704
  view-data: 3.542207255959511
