times:
  edit-metadata: 1.4659953229129314
  landing: 0.8540091291069984
  view-data: 3.355261377990246
