times:
  edit-metadata: 0.5522588342428207
  landing: 0.6490589659661055
  view-data: 0.5855998955667019
