times:
  edit-metadata: 1.2863190460484475
  landing: 0.5898744550067931
  view-data: 3.235219914931804
