times:
  edit-metadata: 0.5917968819849193
  landing: 0.04334030207246542
  view-data: 0.1970476321876049
