times:
  edit-metadata: 0.5353294909000397
  landing: 0.9104863125830889
  view-data: 0.4135464709252119
