times:
  landing: 1.0604026280000198
  view-data: 0.5503137879999827
