times:
  edit-metadata: 0.6238472831901163
  landing: 0.04827649402432144
  view-data: 0.18661065911874175
