times:
  edit-metadata: 0.5339376777410507
  landing: 0.05092441290616989
  view-data: 0.1929696872830391
