times:
  edit-metadata: 0.520465187728405
  landing: 1.9145886208862066
  view-data: 0.5264959968626499
