times:
  edit-metadata: 1.4863839698955417
  landing: 0.7523561581037939
  view-data: 3.3619347088970244
