times:
  edit-metadata: 1.4243423119187355
  landing: 0.8948476798832417
  view-data: 3.3527483977377415
