times:
  edit-metadata: 0.5057916566729546
  landing: 0.49180563166737556
  view-data: 0.201085913926363
