times:
  edit-metadata: 1.325081991031766
  landing: 0.12157494202256203
  view-data: 0.435442928224802
