times:
  edit-metadata: 0.5264510363340378
  landing: 0.05627436190843582
  view-data: 0.19931786134839058
