times:
  edit-metadata: 1.3639422375708818
  landing: 0.020806082524359226
  view-data: 0.12267975322902203
