times:
  edit-metadata: 1.2998316790908575
  landing: 0.01917767897248268
  view-data: 0.12702075950801373
