times:
  edit-metadata: 1.4381530079990625
  landing: 0.2134651467204094
  view-data: 0.3184475302696228
