times:
  edit-metadata: 1.6162132136523724
  landing: 0.27749292738735676
  view-data: 0.45802671276032925
