times:
  edit-metadata: 0.5747169200330973
  landing: 0.48937097005546093
  view-data: 0.19223298877477646
