times:
  edit-metadata: 1.5705039110034704
  landing: 0.7326016500592232
  view-data: 3.3197401966899633
