times:
  edit-metadata: 0.5553533770143986
  landing: 0.574854226782918
  view-data: 0.2028694786131382
