times:
  edit-metadata: 1.355552704015281
  landing: 0.025289625977165997
  view-data: 0.023118078999686986
