times:
  landing: 0.5440320559999918
  view-data: 0.5466961840000408
