times:
  edit-metadata: 0.43182318191975355
  landing: 0.04589775390923023
  view-data: 0.2061381540261209
