times:
  edit-metadata: 0.45119773503392935
  landing: 0.04440115112811327
  view-data: 0.20905825775116682
