times:
  edit-metadata: 0.5245594310108572
  landing: 0.06973216800543014
  view-data: 0.2148272609920241
