times:
  edit-metadata: 0.6270895297639072
  landing: 0.04410833492875099
  view-data: 0.19352871784940362
