times:
  edit-metadata: 1.5424160975962877
  landing: 0.7719655241817236
  view-data: 3.3630685564130545
