times:
  edit-metadata: 1.3008212009444833
  landing: 0.021173925139009953
  view-data: 0.12532563228160143
