times:
  edit-metadata: 1.507420428097248
  landing: 0.8630620460025966
  view-data: 3.4493856211192906
