times:
  edit-metadata: 1.813297551125288
  landing: 1.1156791895627975
  view-data: 3.4510821513831615
