times:
  edit-metadata: 0.6335817601066083
  landing: 0.04570092004723847
  view-data: 0.20057821599766612
