times:
  edit-metadata: 0.43950500013306737
  landing: 0.05240543372929096
  view-data: 0.21842047106474638
