times:
  edit-metadata: 1.3211455680429935
  landing: 0.19365683291107416
  view-data: 0.13251817505806684
