times:
  edit-metadata: 0.4300411147996783
  landing: 0.04809424187988043
  view-data: 0.19801567494869232
