times:
  edit-metadata: 1.4342887960374355
  landing: 0.17740240786224604
  view-data: 0.4198220456019044
