times:
  edit-metadata: 0.5076535230036825
  landing: 0.049689719002344646
  view-data: 0.2204852490031044
