times:
  landing: 1.0582418879999977
  view-data: 0.5474802119999822
