times:
  edit-metadata: 0.6485168980143499
  landing: 0.04816124800709076
  view-data: 0.19810937400325201
