times:
  edit-metadata: 0.5870596142485738
  landing: 0.04518880695104599
  view-data: 0.1892489274032414
