times:
  edit-metadata: 0.5623562335968018
  landing: 0.05498424544930458
  view-data: 0.20428040996193886
