times:
  edit-metadata: 1.447051802650094
  landing: 0.8188543487340212
  view-data: 3.3484522979706526
