times:
  edit-metadata: 1.6185031700879335
  landing: 0.8250434994697571
  view-data: 3.403744410723448
