times:
  edit-metadata: 1.2827970404177904
  landing: 0.18934105895459652
  view-data: 0.3378246817737818
