times:
  edit-metadata: 1.7663950119167566
  landing: 0.24051962606608868
  view-data: 0.36143177188932896
