times:
  edit-metadata: 0.4841154795140028
  landing: 0.043125336058437824
  view-data: 0.19867287203669548
