times:
  edit-metadata: 0.42695333203300834
  landing: 0.04535766411572695
  view-data: 0.20098601607605815
