times:
  edit-metadata: 1.3084274791181087
  landing: 0.019143295474350452
  view-data: 0.11905013397336006
