times:
  edit-metadata: 2.384784072637558
  landing: 2.031578779220581
  view-data: 3.481209042482078
