times:
  edit-metadata: 0.5248418040573597
  landing: 0.0486672967672348
  view-data: 0.19523798301815987
