times:
  edit-metadata: 0.5288790874183178
  landing: 0.05099312588572502
  view-data: 0.18922410532832146
