times:
  edit-metadata: 1.2766302889212966
  landing: 0.022775042802095413
  view-data: 0.12250845041126013
