times:
  edit-metadata: 2.0003335811197758
  landing: 1.2045721672475338
  view-data: 3.3680072240531445
