times:
  edit-metadata: 0.5553944185376167
  landing: 0.047970378771424294
  view-data: 0.17697419226169586
