times:
  edit-metadata: 1.572856708895415
  landing: 1.084213076159358
  view-data: 3.4240984660573304
