times:
  edit-metadata: 0.6050668029347435
  landing: 0.047879760968498886
  view-data: 0.19638114399276674
