times:
  edit-metadata: 2.399278424680233
  landing: 7.310761410742998
  view-data: 3.652290742844343
