times:
  edit-metadata: 0.48191524390131235
  landing: 0.05336781218647957
  view-data: 0.21300620213150978
