times:
  edit-metadata: 0.6731454636901617
  landing: 0.5750035718083382
  view-data: 0.6075898893177509
