times:
  edit-metadata: 1.4889603648334742
  landing: 0.7994732297956944
  view-data: 3.3557176999747753
