times:
  edit-metadata: 0.6143945909570903
  landing: 0.04755493195261806
  view-data: 0.2012821459211409
