times:
  edit-metadata: 1.4272363483905792
  landing: 0.8314035497605801
  view-data: 3.340638741850853
