times:
  edit-metadata: 0.4564302630024031
  landing: 0.05280473397579044
  view-data: 0.20377634902251884
