times:
  edit-metadata: 1.3704118244349957
  landing: 0.02059117704629898
  view-data: 0.3444012813270092
