times:
  landing: 1.5962892740000143
  view-data: 0.5548815519999835
