times:
  edit-metadata: 0.5743362349458039
  landing: 0.047892309026792645
  view-data: 0.1836189040914178
