times:
  landing: 0.5471075579999933
  view-data: 0.5562879660000135
