times:
  edit-metadata: 0.5907608768902719
  landing: 0.04733707010746002
  view-data: 0.19474975601769984
