times:
  edit-metadata: 1.4378854054957628
  landing: 0.9108280250802636
  view-data: 3.550448141992092
