times:
  edit-metadata: 1.5702918823808432
  landing: 0.8049600049853325
  view-data: 3.333364848047495
