times:
  edit-metadata: 1.3990505645051599
  landing: 0.023855972103774548
  view-data: 0.024321199394762516
