times:
  edit-metadata: 0.5982868749997579
  landing: 0.0438365060108481
  view-data: 0.197528600008809
