times:
  edit-metadata: 1.357646836899221
  landing: 0.7922093253582716
  view-data: 3.31538640614599
