times:
  edit-metadata: 0.8041206779889762
  landing: 0.06691032811067998
  view-data: 0.2485561491921544
