times:
  edit-metadata: 1.6356058027595282
  landing: 0.17727584391832352
  view-data: 0.3861036095768213
