times:
  edit-metadata: 1.3643206860870123
  landing: 0.21546653285622597
  view-data: 0.025173122063279152
