times:
  edit-metadata: 0.6570001270156354
  landing: 0.044908003997989
  view-data: 0.19220991106703877
