times:
  edit-metadata: 0.4333306192420423
  landing: 0.048168936744332314
  view-data: 0.19761582976207137
