times:
  edit-metadata: 1.4719370193779469
  landing: 0.8067649975419044
  view-data: 3.294473972171545
