times:
  edit-metadata: 1.5198059249669313
  landing: 0.8093784600496292
  view-data: 3.3316533844918013
