times:
  edit-metadata: 0.5271615497767925
  landing: 0.04898960515856743
  view-data: 0.19228911772370338
