times:
  edit-metadata: 0.4815109558403492
  landing: 0.12622279860079288
  view-data: 0.2829589881002903
