times:
  edit-metadata: 0.5522156823426485
  landing: 0.614201657474041
  view-data: 0.18780315667390823
