times:
  edit-metadata: 1.3660498596727848
  landing: 0.13872689567506313
  view-data: 0.32247946597635746
