times:
  edit-metadata: 0.46043512178584933
  landing: 0.04354173317551613
  view-data: 0.196430423296988
