times:
  edit-metadata: 0.4367064379621297
  landing: 0.047961150063201785
  view-data: 0.21779974410310388
