times:
  edit-metadata: 0.4787355790613219
  landing: 0.08072067401371896
  view-data: 0.23250917892437428
