times:
  edit-metadata: 1.606496867723763
  landing: 0.8888558112084866
  view-data: 3.4302834048867226
