times:
  edit-metadata: 1.3894662372767925
  landing: 0.021249069832265377
  view-data: 0.026460413821041584
