times:
  edit-metadata: 0.5639690216630697
  landing: 0.6194464955478907
  view-data: 0.6160584446042776
