times:
  edit-metadata: 1.5759206898510456
  landing: 0.8814676702022552
  view-data: 3.454073451459408
