times:
  edit-metadata: 1.574749435763806
  landing: 0.9142951280809939
  view-data: 3.318700468633324
