times:
  edit-metadata: 1.5318255927413702
  landing: 0.3785292226821184
  view-data: 0.1589704044163227
