times:
  landing: 0.5546311389999801
  view-data: 0.5562336209999899
