times:
  landing: 0.5491367839999839
  view-data: 0.5577206429999819
