times:
  edit-metadata: 1.498897511512041
  landing: 0.02771126851439476
  view-data: 0.45908571407198906
