times:
  edit-metadata: 1.991454491391778
  landing: 0.9338520243763924
  view-data: 3.361106598749757
