times:
  edit-metadata: 1.564488809555769
  landing: 0.9031807035207748
  view-data: 3.4309934228658676
