times:
  edit-metadata: 0.5377688556909561
  landing: 0.04485275223851204
  view-data: 0.1940358616411686
