times:
  edit-metadata: 1.3110074596479535
  landing: 0.2088980572298169
  view-data: 0.14288356248289347
