times:
  edit-metadata: 0.4266845859820023
  landing: 0.04979473300045356
  view-data: 0.20295422797789797
