times:
  edit-metadata: 0.5656459368765354
  landing: 0.03761129453778267
  view-data: 0.19493422284722328
