times:
  landing: 0.5529944929999715
  view-data: 0.5592381339999974
