times:
  edit-metadata: 0.5684971399605274
  landing: 0.049037788063287735
  view-data: 0.18586383387446404
