times:
  edit-metadata: 1.282050982117653
  landing: 0.018445773050189018
  view-data: 0.02525834459811449
