times:
  edit-metadata: 1.5059297569096088
  landing: 0.9696332439780235
  view-data: 3.3944963850080967
