times:
  edit-metadata: 1.3421269077807665
  landing: 0.018537351861596107
  view-data: 0.3832962643355131
