times:
  edit-metadata: 0.5118920019594952
  landing: 0.06905095698311925
  view-data: 0.2305068459827453
