times:
  edit-metadata: 0.6395564526319504
  landing: 0.06503528729081154
  view-data: 0.19090091064572334
