times:
  edit-metadata: 0.552527928724885
  landing: 0.5639079324901104
  view-data: 0.5927727092057467
