times:
  edit-metadata: 0.5944126460235566
  landing: 0.05496093910187483
  view-data: 0.18493827292695642
