times:
  edit-metadata: 1.5580061078071594
  landing: 0.6619371715933084
  view-data: 3.356473745778203
