times:
  landing: 0.5499476509999681
  view-data: 0.5555573529999833
