times:
  edit-metadata: 1.4871292691677809
  landing: 0.8026792178861797
  view-data: 3.356245907023549
