times:
  edit-metadata: 1.4844893817789853
  landing: 0.7562358221039176
  view-data: 3.4056024509482086
