times:
  edit-metadata: 0.4871433307416737
  landing: 0.05061801988631487
  view-data: 0.1930495761334896
