times:
  edit-metadata: 0.5792390462011099
  landing: 0.7807159721851349
  view-data: 0.29847418516874313
