times:
  edit-metadata: 2.1604357101023197
  landing: 0.1647980697453022
  view-data: 0.7305589551106095
