times:
  edit-metadata: 5.609903749078512
  landing: 1.4388142991811037
  view-data: 3.7054032869637012
