times:
  edit-metadata: 1.6053087264299393
  landing: 1.0457297936081886
  view-data: 3.3600546196103096
