times:
  edit-metadata: 1.4798058499582112
  landing: 0.7640227600932121
  view-data: 3.3357656800653785
