times:
  edit-metadata: 0.43192826863378286
  landing: 0.05394620914012194
  view-data: 0.20680891908705235
