times:
  edit-metadata: 0.7386195422150195
  landing: 0.062411808874458075
  view-data: 0.21286864019930363
