times:
  landing: 1.0721486289999689
  view-data: 0.5600740219999807
