times:
  edit-metadata: 0.5217338595539331
  landing: 0.056590670719742775
  view-data: 0.20266265142709017
