times:
  edit-metadata: 1.5614832732826471
  landing: 0.7949481550604105
  view-data: 3.4177961722016335
