times:
  edit-metadata: 0.5730212517082691
  landing: 1.9067627545446157
  view-data: 0.3954638671129942
