times:
  edit-metadata: 0.47519595408812165
  landing: 0.04845392005518079
  view-data: 0.19331582123413682
