times:
  landing: 0.556036387000006
  view-data: 0.5653086700000358
