times:
  edit-metadata: 1.3848677361384034
  landing: 0.020847340114414692
  view-data: 0.024457618594169617
