times:
  edit-metadata: 0.4392081459518522
  landing: 0.042909343959763646
  view-data: 0.21001777588389814
