times:
  edit-metadata: 0.6162681188434362
  landing: 0.10170436510816216
  view-data: 0.26557064102962613
