times:
  edit-metadata: 0.6537039510440081
  landing: 0.04679915902670473
  view-data: 0.19205556297674775
