times:
  edit-metadata: 1.550316333770752
  landing: 0.7787371557205915
  view-data: 3.4379751794040203
