times:
  edit-metadata: 1.6106554083526134
  landing: 1.0330768078565598
  view-data: 3.385157197713852
