times:
  edit-metadata: 1.4006806276738644
  landing: 0.219368577003479
  view-data: 0.13217609375715256
