times:
  edit-metadata: 1.5590824112296104
  landing: 0.7818290144205093
  view-data: 3.4129436798393726
