times:
  edit-metadata: 1.4243518430739641
  landing: 0.1433767955750227
  view-data: 0.028766131028532982
