times:
  edit-metadata: 1.3710861783474684
  landing: 0.13460802845656872
  view-data: 0.03412307798862457
