times:
  edit-metadata: 1.3889638222754002
  landing: 0.7296166568994522
  view-data: 3.270372997969389
