times:
  edit-metadata: 1.3425386641174555
  landing: 0.7678056508302689
  view-data: 3.345494044944644
