times:
  edit-metadata: 0.5376492254436016
  landing: 0.5831673350185156
  view-data: 0.18639097176492214
