times:
  edit-metadata: 1.456646116450429
  landing: 0.020466619171202183
  view-data: 0.02357759326696396
