times:
  edit-metadata: 0.6206538826227188
  landing: 0.048196529038250446
  view-data: 0.19566731620579958
