times:
  landing: 0.5568858430000319
  view-data: 0.5645300799999973
