times:
  edit-metadata: 0.48522267304360867
  landing: 0.04775033425539732
  view-data: 0.2097603678703308
