times:
  edit-metadata: 1.5685629025101662
  landing: 0.7685863357037306
  view-data: 3.4401615746319294
