times:
  edit-metadata: 1.5092365015298128
  landing: 0.7764502633363008
  view-data: 3.3185532484203577
