times:
  edit-metadata: 1.3964089546352625
  landing: 0.026267919689416885
  view-data: 0.12923629954457283
