times:
  edit-metadata: 1.6564337629824877
  landing: 0.16308032348752022
  view-data: 0.462707819417119
