times:
  edit-metadata: 0.5659276228398085
  landing: 0.06084267608821392
  view-data: 0.18722803331911564
