times:
  edit-metadata: 0.5967408409924246
  landing: 0.04394129797583446
  view-data: 0.194236338022165
