times:
  edit-metadata: 0.43244657601462677
  landing: 0.04730931797530502
  view-data: 0.3478966719994787
