times:
  edit-metadata: 0.4785758228972554
  landing: 0.047186884097754955
  view-data: 2.238367486279458
