times:
  landing: 0.5488005819999557
  view-data: 1.3726903489999813
