times:
  landing: 0.5564731100000699
  view-data: 1.6421061210000971
