times:
  landing: 0.5490131859999963
  view-data: 0.5513995999999963
