times:
  edit-metadata: 1.852817639708519
  landing: 1.1383601278066635
  view-data: 1.4963679425418377
