times:
  landing: 0.547722680000021
  view-data: 1.3145885540000108
