times:
  edit-metadata: 2.3398795425891876
  landing: 0.16921158879995346
  view-data: 3.1362312082201242
