times:
  edit-metadata: 1.7551766680553555
  landing: 1.4703243197873235
  view-data: 1.8155993120744824
