times:
  edit-metadata: 0.6102916860254481
  landing: 0.04550687101436779
  view-data: 1.7114559279871173
