times:
  edit-metadata: 1.775843931362033
  landing: 0.02016841061413288
  view-data: 0.14125683158636093
