times:
  edit-metadata: 1.7956479853019118
  landing: 0.020851594395935535
  view-data: 3.3514429219067097
