times:
  landing: 1.0769625240000096
  view-data: 0.5558081709999954
