times:
  edit-metadata: 2.595975536853075
  landing: 1.4166397489607334
  view-data: 3.515090461820364
