times:
  landing: 0.5597058690000267
  view-data: 0.06341794400003664
