times:
  edit-metadata: 1.781730097020045
  landing: 1.236217404017225
  view-data: 1.6125859019812196
