times:
  edit-metadata: 1.804072417318821
  landing: 1.164591956883669
  view-data: 0.9830810911953449
