times:
  landing: 0.5497076579999884
  view-data: 0.554944125999981
