times:
  edit-metadata: 1.559331214055419
  landing: 0.19917688239365816
  view-data: 0.12757049966603518
