times:
  edit-metadata: 1.893056015484035
  landing: 1.7353525115177035
  view-data: 1.5645732404664159
