times:
  edit-metadata: 3.328638255596161
  landing: 1.8294441383332014
  view-data: 1.5605784486979246
