times:
  edit-metadata: 0.4878241643309593
  landing: 0.05347989592701197
  view-data: 2.2728271931409836
