times:
  landing: 0.5599495619999857
  view-data: 0.5719483739999873
