times:
  landing: 0.5518617230000018
  view-data: 0.052630349999958526
