times:
  edit-metadata: 0.4775793622247875
  landing: 0.042241224087774754
  view-data: 2.342626926023513
