times:
  edit-metadata: 0.551413431763649
  landing: 0.047851551324129105
  view-data: 1.722869448363781
