times:
  edit-metadata: 2.0564990304410458
  landing: 1.3353786207735538
  view-data: 3.383783258497715
