times:
  edit-metadata: 0.6003192950156517
  landing: 0.053140416042879224
  view-data: 1.7951824549818411
