times:
  landing: 0.569612721999988
  view-data: 1.4962219110000206
