times:
  landing: 0.5483005620000085
  view-data: 0.5574933709999925
