times:
  edit-metadata: 1.3748827697709203
  landing: 0.021286385133862495
  view-data: 0.11927318293601274
