times:
  edit-metadata: 0.5043823253363371
  landing: 0.04641923774033785
  view-data: 2.8952627824619412
