times:
  edit-metadata: 0.6691706599667668
  landing: 0.07871329295448959
  view-data: 1.2507074200548232
