times:
  edit-metadata: 1.69945209287107
  landing: 0.021183451637625694
  view-data: 0.027717222459614277
