times:
  edit-metadata: 0.5390052990987897
  landing: 0.0642985631711781
  view-data: 2.143484916072339
