times:
  edit-metadata: 0.6521581389970379
  landing: 0.061964704989804886
  view-data: 1.0129405879997648
