times:
  edit-metadata: 1.7175778057426214
  landing: 0.022609973326325417
  view-data: 2.995968099683523
