times:
  edit-metadata: 0.9421691261231899
  landing: 0.04937315918505192
  view-data: 1.0739115257747471
