times:
  edit-metadata: 0.7607917109271511
  landing: 0.049816344981081784
  view-data: 1.421642930014059
