times:
  edit-metadata: 1.8570361156016588
  landing: 0.2959780599921942
  view-data: 3.1563889905810356
