times:
  edit-metadata: 1.561907859519124
  landing: 1.1955087948590517
  view-data: 1.662971744313836
