times:
  edit-metadata: 1.7863363735377789
  landing: 0.226727444678545
  view-data: 0.10884388349950314
