times:
  landing: 0.5474582780000219
  view-data: 1.3860767060000398
