times:
  edit-metadata: 0.5343120601028204
  landing: 0.3872459754347801
  view-data: 2.261563139036298
