times:
  edit-metadata: 0.655689338222146
  landing: 0.7546834461390972
  view-data: 1.9495975207537413
