times:
  edit-metadata: 1.8637568801641464
  landing: 1.1893629115074873
  view-data: 1.3311437759548426
