times:
  edit-metadata: 1.9790706541389227
  landing: 1.223374493420124
  view-data: 1.4058339912444353
