times:
  edit-metadata: 1.7259177388623357
  landing: 0.02007270511239767
  view-data: 0.02273419126868248
