times:
  edit-metadata: 0.544118132442236
  landing: 0.05493408814072609
  view-data: 1.796514518558979
