times:
  landing: 1.077081048999986
  view-data: 0.5600596790000054
