times:
  edit-metadata: 0.547054847702384
  landing: 0.6310302242636681
  view-data: 1.836548237130046
