times:
  edit-metadata: 3.485911906696856
  landing: 1.7699150117114186
  view-data: 1.4589700233191252
