times:
  edit-metadata: 1.777643428882584
  landing: 1.2151010711677372
  view-data: 1.5461158158723265
