times:
  edit-metadata: 0.6246790480799973
  landing: 0.053268111078068614
  view-data: 1.794477148912847
