times:
  edit-metadata: 2.9679316766560078
  landing: 1.4700382016599178
  view-data: 3.3811377100646496
