times:
  landing: 0.5512957700000243
  view-data: 0.5475799649999828
