times:
  landing: 1.070617413000008
  view-data: 0.5547876729999928
