times:
  landing: 1.0690997410000023
  view-data: 1.6925255310000011
