times:
  landing: 0.5441007480000053
  view-data: 0.5459260669999821
