times:
  landing: 0.5537445859999934
  view-data: 0.5651660169999957
