times:
  edit-metadata: 2.3986667385324836
  landing: 1.6127064460888505
  view-data: 1.5494791520759463
