times:
  edit-metadata: 1.6702597374096513
  landing: 0.021320403553545475
  view-data: 0.09960923623293638
