times:
  edit-metadata: 0.5929152239996256
  landing: 0.039487734000431374
  view-data: 1.6808348009999463
