times:
  edit-metadata: 1.9409628909779713
  landing: 1.240664909943007
  view-data: 1.6190564120188355
