times:
  edit-metadata: 2.1342352647334337
  landing: 0.02028244361281395
  view-data: 3.443107072263956
