times:
  edit-metadata: 0.48514238791540265
  landing: 0.05703574372455478
  view-data: 2.355053809005767
