times:
  edit-metadata: 1.4067652048543096
  landing: 0.021357151679694653
  view-data: 0.12096248660236597
