times:
  edit-metadata: 0.4839521888643503
  landing: 0.650395018979907
  view-data: 1.9619628470391035
