times:
  edit-metadata: 0.5642327386885881
  landing: 0.8590155206620693
  view-data: 2.3543326780200005
