times:
  edit-metadata: 0.7429912551306188
  landing: 0.06322110490873456
  view-data: 1.2139586308039725
