times:
  edit-metadata: 1.7863308750092983
  landing: 0.17098086513578892
  view-data: 0.15212213061749935
