times:
  edit-metadata: 2.005096511915326
  landing: 0.20746291987597942
  view-data: 3.12167782895267
