times:
  edit-metadata: 1.649659439921379
  landing: 0.022822578437626362
  view-data: 3.1935362154617906
