times:
  edit-metadata: 1.80686925817281
  landing: 1.5998062621802092
  view-data: 1.6983126671984792
