times:
  landing: 1.0786234020000052
  view-data: 0.5603245199999947
