times:
  edit-metadata: 1.7731006871908903
  landing: 0.02143624797463417
  view-data: 3.154037097468972
