times:
  edit-metadata: 0.5934352339245379
  landing: 0.04459985811263323
  view-data: 2.2559517482295632
