times:
  edit-metadata: 2.892876107711345
  landing: 1.5906153251416981
  view-data: 1.593805889133364
