times:
  landing: 0.5474321909999844
  view-data: 1.3463106699999798
