times:
  edit-metadata: 0.6365781731437892
  landing: 0.04814086714759469
  view-data: 1.8738958740141243
