times:
  edit-metadata: 2.6196619253605604
  landing: 1.7686521038413048
  view-data: 1.2817190755158663
