times:
  edit-metadata: 0.5227671321481466
  landing: 0.6214641761034727
  view-data: 1.9659544043242931
