times:
  edit-metadata: 0.52777985855937
  landing: 0.04398271441459656
  view-data: 1.6346050091087818
