times:
  edit-metadata: 2.182759592000366
  landing: 0.03926539299936849
  view-data: 4.463263146000827
