times:
  edit-metadata: 0.6568393199704587
  landing: 0.05748476693406701
  view-data: 1.6532073090784252
