times:
  edit-metadata: 0.6584179559722543
  landing: 0.06493479292839766
  view-data: 1.1171841050963849
