times:
  edit-metadata: 2.4620085153728724
  landing: 1.6197746377438307
  view-data: 1.3778874929994345
