times:
  edit-metadata: 0.729082474950701
  landing: 0.05810772022232413
  view-data: 2.2856458029709756
