times:
  edit-metadata: 0.5409487634897232
  landing: 0.05426778271794319
  view-data: 1.6290677934885025
