times:
  landing: 0.5602269610000121
  view-data: 0.5598465599999827
