times:
  edit-metadata: 1.8075200291350484
  landing: 0.02512627374380827
  view-data: 0.025732661597430706
