times:
  edit-metadata: 2.0910631101578474
  landing: 0.15511027537286282
  view-data: 0.027171939611434937
