times:
  edit-metadata: 0.6916769661474973
  landing: 0.07038889382965863
  view-data: 0.9953384269028902
