times:
  edit-metadata: 0.46439905976876616
  landing: 0.050827719271183014
  view-data: 2.2290864940732718
