times:
  edit-metadata: 0.5552366226911545
  landing: 0.044826604425907135
  view-data: 1.7064354121685028
