times:
  edit-metadata: 1.9940594024956226
  landing: 1.2805463336408138
  view-data: 1.0678213238716125
