times:
  edit-metadata: 1.5506917349994183
  landing: 1.136689431965351
  view-data: 3.3967946879565716
