times:
  edit-metadata: 2.0998146645724773
  landing: 3.269303448498249
  view-data: 3.4358878061175346
