times:
  edit-metadata: 0.6263636709190905
  landing: 0.04915298242121935
  view-data: 2.3098735557869077
