times:
  edit-metadata: 1.8134234370663762
  landing: 0.2159926649183035
  view-data: 3.2119090957567096
