times:
  edit-metadata: 1.3864345392212272
  landing: 0.022690963000059128
  view-data: 0.024196249432861805
