times:
  edit-metadata: 1.4365675020962954
  landing: 0.021625942550599575
  view-data: 0.12240203097462654
