times:
  edit-metadata: 1.022327067796141
  landing: 0.050505292136222124
  view-data: 1.3378754816949368
