times:
  landing: 0.5526227109999979
  view-data: 0.5541814069999873
