times:
  edit-metadata: 0.5388202150352299
  landing: 0.05822372995316982
  view-data: 2.7578519941307604
