times:
  edit-metadata: 1.5026394631713629
  landing: 1.2641760502010584
  view-data: 1.5234299320727587
