times:
  edit-metadata: 0.4536359868943691
  landing: 0.04176971409469843
  view-data: 2.2855848469771445
