times:
  edit-metadata: 0.7102796109393239
  landing: 0.05235307395923883
  view-data: 1.0462832020130008
