times:
  edit-metadata: 0.49326510028913617
  landing: 0.04618782503530383
  view-data: 2.322008271701634
