times:
  edit-metadata: 0.47253372333943844
  landing: 0.045372902881354094
  view-data: 2.2541658501140773
