times:
  edit-metadata: 0.6823254949995317
  landing: 0.06005981902126223
  view-data: 2.1043684940086678
