times:
  edit-metadata: 2.581492146011442
  landing: 1.288319243118167
  view-data: 1.4952902849763632
