times:
  landing: 0.5613966469999809
  view-data: 1.5689708310000015
