times:
  edit-metadata: 1.960483812727034
  landing: 1.5715593472123146
  view-data: 1.540082667954266
