times:
  edit-metadata: 2.091843668371439
  landing: 1.140601921826601
  view-data: 3.319757129997015
