times:
  edit-metadata: 2.0303864777088165
  landing: 1.5924486247822642
  view-data: 1.9056748570874333
