times:
  edit-metadata: 1.8937791483476758
  landing: 1.41442218888551
  view-data: 1.3439482655376196
