times:
  edit-metadata: 0.5223973616957664
  landing: 1.758123965933919
  view-data: 2.4259563758969307
