times:
  edit-metadata: 0.7619451759383082
  landing: 0.047710328828543425
  view-data: 1.1015261220745742
