times:
  edit-metadata: 1.7477516792714596
  landing: 0.18328728154301643
  view-data: 0.02510472759604454
