times:
  edit-metadata: 2.1194952111691236
  landing: 0.18956763856112957
  view-data: 0.19390512630343437
