times:
  edit-metadata: 2.473154066130519
  landing: 0.1932057999074459
  view-data: 0.19098262302577496
