times:
  edit-metadata: 0.5607009381055832
  landing: 0.5456784199923277
  view-data: 1.862652888521552
