times:
  landing: 1.0747684030000073
  view-data: 1.457125934999965
