times:
  edit-metadata: 1.9058485785499215
  landing: 0.019476587884128094
  view-data: 0.026816184632480145
