times:
  edit-metadata: 0.5291421040892601
  landing: 0.07280814507976174
  view-data: 2.258431206922978
