times:
  landing: 0.5570466369999849
  view-data: 0.5666639180000175
