times:
  landing: 0.5545274780000113
  view-data: 0.5573644360000003
