times:
  landing: 0.5614826230000176
  view-data: 0.5528029649999837
