times:
  edit-metadata: 0.511863233987242
  landing: 0.053235701750963926
  view-data: 2.5754298213869333
