times:
  edit-metadata: 0.8006378887221217
  landing: 0.04822182562202215
  view-data: 0.9868273506872356
