times:
  landing: 0.5542629010000155
  view-data: 0.5570954590000099
