times:
  edit-metadata: 0.5014821905642748
  landing: 0.5929905492812395
  view-data: 1.9346215389668941
