times:
  edit-metadata: 2.2733773794025183
  landing: 0.13558198884129524
  view-data: 0.02931894361972809
