times:
  edit-metadata: 0.4929195549339056
  landing: 1.0584024712443352
  view-data: 1.9146397206932306
