times:
  landing: 1.1113668969999821
  view-data: 0.5764363600000024
