times:
  edit-metadata: 0.670060858130455
  landing: 0.062295248033478856
  view-data: 1.131534418091178
