times:
  edit-metadata: 0.642083368031308
  landing: 0.04672541213221848
  view-data: 1.827052997192368
