times:
  edit-metadata: 0.6892712221015245
  landing: 0.0786462661344558
  view-data: 1.3420440671034157
