times:
  edit-metadata: 1.6493295533582568
  landing: 0.022862021811306477
  view-data: 0.025448814034461975
