times:
  edit-metadata: 2.643581811338663
  landing: 0.28130102157592773
  view-data: 0.15804612636566162
