times:
  edit-metadata: 2.022811457514763
  landing: 1.3172560427337885
  view-data: 1.3782608043402433
