times:
  edit-metadata: 0.6164329058956355
  landing: 0.04520485503599048
  view-data: 1.9227077797986567
