times:
  edit-metadata: 1.5775750204920769
  landing: 1.1970244087278843
  view-data: 3.3850080482661724
