times:
  edit-metadata: 0.5585733577609062
  landing: 0.0527467206120491
  view-data: 1.695522204041481
