times:
  edit-metadata: 0.6682545830262825
  landing: 0.06901988002937287
  view-data: 1.1839239390101284
