times:
  edit-metadata: 0.6669385000132024
  landing: 0.0684788299840875
  view-data: 1.118429217953235
