times:
  landing: 0.554525214000023
  view-data: 1.3278852810000217
