times:
  landing: 0.5622505809999723
  view-data: 1.3903189490000045
