times:
  edit-metadata: 0.5304718092083931
  landing: 0.0461292490363121
  view-data: 1.7139120623469353
