times:
  edit-metadata: 0.4668675735592842
  landing: 0.5750926248729229
  view-data: 1.8899750970304012
