times:
  edit-metadata: 2.037510845810175
  landing: 1.2841028906404972
  view-data: 3.297314703464508
