times:
  edit-metadata: 0.49017129605636
  landing: 0.04888669913634658
  view-data: 2.296543089207262
