times:
  edit-metadata: 0.48820488806813955
  landing: 0.04635525122284889
  view-data: 2.7912583807483315
