times:
  edit-metadata: 2.3711052648723125
  landing: 1.3112473711371422
  view-data: 3.4996519163250923
