times:
  landing: 0.5490029349999759
  view-data: 1.3230378179999889
