times:
  edit-metadata: 0.5069902800023556
  landing: 0.05381322279572487
  view-data: 1.7013912983238697
