times:
  edit-metadata: 3.0919625209644437
  landing: 1.7957104737870395
  view-data: 2.2582257208414376
