times:
  edit-metadata: 1.6464634202420712
  landing: 0.19744165986776352
  view-data: 0.025246407836675644
