times:
  edit-metadata: 0.8756031361408532
  landing: 0.08012792142108083
  view-data: 0.9649175149388611
