times:
  edit-metadata: 1.8189611844718456
  landing: 0.01941455528140068
  view-data: 0.13826407492160797
