times:
  edit-metadata: 1.956166461110115
  landing: 1.2688794224523008
  view-data: 2.0711862621828914
