times:
  edit-metadata: 2.171659600920975
  landing: 1.4100139043293893
  view-data: 1.505397052038461
