times:
  edit-metadata: 1.6790246851742268
  landing: 0.12706866301596165
  view-data: 3.3571612779051065
