times:
  edit-metadata: 1.982727687805891
  landing: 1.630992678925395
  view-data: 1.4730216227471828
