times:
  landing: 0.5492957369999942
  view-data: 0.5622200340000063
