times:
  landing: 0.5502450519999798
  view-data: 0.5542060809999896
