times:
  landing: 0.5582792319999896
  view-data: 0.5565786610000032
