times:
  edit-metadata: 1.9158063298091292
  landing: 0.3427270343527198
  view-data: 3.488977457396686
