times:
  edit-metadata: 0.5962302200496197
  landing: 0.047141026705503464
  view-data: 1.6645017378032207
