times:
  edit-metadata: 1.485541176982224
  landing: 0.019634246826171875
  view-data: 0.12258810363709927
