times:
  edit-metadata: 2.215201091952622
  landing: 1.2545507596805692
  view-data: 1.265629705041647
