times:
  edit-metadata: 1.9126096107065678
  landing: 1.1500820089131594
  view-data: 1.426348278298974
