times:
  landing: 0.5532808130000149
  view-data: 0.5598073750000196
