times:
  edit-metadata: 1.7238737400621176
  landing: 0.02073599398136139
  view-data: 3.118181413039565
