times:
  edit-metadata: 0.5263075344264507
  landing: 0.795687323436141
  view-data: 2.1083238031715155
