times:
  edit-metadata: 0.46385833993554115
  landing: 0.04977307794615626
  view-data: 2.2785269101150334
