times:
  edit-metadata: 2.1015501860529184
  landing: 1.461164878681302
  view-data: 1.2857030685991049
