times:
  landing: 2.102672700999989
  view-data: 2.110099847999976
