times:
  edit-metadata: 0.4981223028153181
  landing: 0.8132144641131163
  view-data: 1.971495896577835
