times:
  edit-metadata: 1.9839439317584038
  landing: 1.2478012423962355
  view-data: 1.3425041809678078
