times:
  edit-metadata: 0.5855320319533348
  landing: 0.04246969148516655
  view-data: 1.7153158001601696
