times:
  edit-metadata: 1.9188818782567978
  landing: 1.0975889954715967
  view-data: 1.4016121160238981
