times:
  edit-metadata: 2.57253628782928
  landing: 1.0060052741318941
  view-data: 1.2226248122751713
