times:
  edit-metadata: 1.9273774214088917
  landing: 1.2078351527452469
  view-data: 3.353922162204981
