times:
  landing: 0.5746887230000084
  view-data: 0.5692051890000016
