times:
  edit-metadata: 0.4527409947477281
  landing: 0.04020119598135352
  view-data: 2.0705495728179812
