times:
  edit-metadata: 0.4521179972216487
  landing: 0.04716330207884312
  view-data: 2.2614416810683906
