times:
  edit-metadata: 0.6244421140290797
  landing: 0.05136757995933294
  view-data: 1.7388375469017774
