times:
  edit-metadata: 0.540230005979538
  landing: 0.04617639258503914
  view-data: 1.7037320211529732
