times:
  edit-metadata: 0.6713172650197521
  landing: 0.06774981808848679
  view-data: 1.1157966799801216
