times:
  edit-metadata: 1.8074071742594242
  landing: 1.0620923712849617
  view-data: 3.3190762028098106
