times:
  edit-metadata: 2.1895810468122363
  landing: 0.11471189372241497
  view-data: 0.025772073306143284
