times:
  edit-metadata: 2.191096141934395
  landing: 1.6360860299319029
  view-data: 1.665282754227519
