times:
  landing: 0.5441080189999639
  view-data: 1.155167213000027
