times:
  edit-metadata: 0.5114748179912567
  landing: 0.04718983545899391
  view-data: 1.78113928809762
