times:
  edit-metadata: 1.8762696124613285
  landing: 1.0440592244267464
  view-data: 1.3253385201096535
