times:
  edit-metadata: 1.6721261944621801
  landing: 0.14114372804760933
  view-data: 0.13306976854801178
