times:
  landing: 0.5587402859999884
  view-data: 1.373327965000044
