times:
  landing: 0.558105783999963
  view-data: 0.5619141159999685
