times:
  edit-metadata: 1.4360381253063679
  landing: 0.020256531424820423
  view-data: 0.02410817611962557
