times:
  edit-metadata: 2.075591331347823
  landing: 1.6255288738757372
  view-data: 1.4389160629361868
