times:
  landing: 1.1074057009999478
  view-data: 2.3064954740000303
