times:
  landing: 0.5540830119999782
  view-data: 0.05388702900000908
