times:
  edit-metadata: 1.422545832581818
  landing: 0.02272601705044508
  view-data: 0.02744766604155302
