times:
  edit-metadata: 0.4338783989660442
  landing: 0.04886541096493602
  view-data: 2.5930203329771757
