times:
  edit-metadata: 0.6736404090188444
  landing: 0.06208560103550553
  view-data: 1.1119447639212012
