times:
  edit-metadata: 2.151332212612033
  landing: 0.2792750187218189
  view-data: 0.37322333082556725
