times:
  edit-metadata: 0.6359796249307692
  landing: 0.04892237996682525
  view-data: 2.1107879569754004
