times:
  edit-metadata: 1.9489453379064798
  landing: 0.24913591146469116
  view-data: 0.20595197193324566
