times:
  edit-metadata: 0.5197239508852363
  landing: 0.045266353990882635
  view-data: 2.6104265390895307
