times:
  edit-metadata: 2.070329519920051
  landing: 2.030760809779167
  view-data: 1.7996455375105143
