times:
  edit-metadata: 0.6361661851406097
  landing: 0.04620886198244989
  view-data: 2.1058020391501486
