times:
  edit-metadata: 1.9024205710738897
  landing: 0.021792173385620117
  view-data: 0.1252262443304062
