times:
  edit-metadata: 1.4356400230899453
  landing: 0.01985157374292612
  view-data: 0.025676202028989792
