times:
  edit-metadata: 0.5385145880281925
  landing: 0.05242541432380676
  view-data: 1.7123317420482635
