times:
  edit-metadata: 1.8974298518151045
  landing: 1.2396317208185792
  view-data: 1.3922404013574123
