times:
  edit-metadata: 1.4978188313543797
  landing: 1.2076631858944893
  view-data: 0.8815876804292202
