times:
  edit-metadata: 0.663267282769084
  landing: 0.06560996873304248
  view-data: 1.1271372511982918
