times:
  edit-metadata: 0.5139873269945383
  landing: 1.0837775934487581
  view-data: 2.1021838653832674
