times:
  landing: 1.1137921270000106
  view-data: 0.5675393309999777
