times:
  edit-metadata: 0.448556792922318
  landing: 0.04648817703127861
  view-data: 2.1976181492209435
