times:
  edit-metadata: 0.7584001430000171
  landing: 0.04686296799991396
  view-data: 1.430589849000171
