times:
  landing: 0.5521512159999702
  view-data: 1.3828457440000648
