times:
  landing: 0.5502338480000049
  view-data: 0.5477825219999772
