times:
  edit-metadata: 1.4310741256922483
  landing: 0.22721363697201014
  view-data: 0.02630541380494833
