times:
  edit-metadata: 0.6724394159973599
  landing: 0.06770141600281931
  view-data: 2.077874212001916
