times:
  edit-metadata: 0.5968023519963026
  landing: 1.1436379365622997
  view-data: 1.8958053663372993
