times:
  edit-metadata: 1.6974459905177355
  landing: 0.28428796026855707
  view-data: 3.2643875628709793
