times:
  landing: 0.5589725410000028
  view-data: 0.5533691310000108
