times:
  landing: 0.5442693379999923
  view-data: 0.5469208689999618
