times:
  edit-metadata: 1.890537016093731
  landing: 0.2388153150677681
  view-data: 3.1627643052488565
