times:
  edit-metadata: 3.0172511767596006
  landing: 2.057757142931223
  view-data: 1.5914989616721869
