times:
  edit-metadata: 1.8532985914498568
  landing: 0.21424674056470394
  view-data: 0.13790714740753174
