times:
  edit-metadata: 0.5951288930373266
  landing: 0.041298302938230336
  view-data: 1.717131620971486
