times:
  edit-metadata: 1.437928820028901
  landing: 0.021573834121227264
  view-data: 0.026202494278550148
