times:
  edit-metadata: 0.5482073724269867
  landing: 0.05304073169827461
  view-data: 1.7276922054588795
