times:
  edit-metadata: 1.8315928541123867
  landing: 1.209472268819809
  view-data: 3.3566930815577507
