times:
  edit-metadata: 0.4942500665783882
  landing: 0.05270667839795351
  view-data: 2.670669981278479
