times:
  edit-metadata: 1.9406324289739132
  landing: 1.2501194514334202
  view-data: 3.3499435409903526
