times:
  edit-metadata: 0.7475105649791658
  landing: 0.06564598705153912
  view-data: 1.1330262010451406
