times:
  edit-metadata: 0.4898604266345501
  landing: 0.050054384395480156
  view-data: 2.902399782091379
