times:
  edit-metadata: 1.5089267836883664
  landing: 0.02181470301002264
  view-data: 0.02775757759809494
