times:
  edit-metadata: 0.532133225351572
  landing: 1.620335003361106
  view-data: 2.721217781305313
