times:
  edit-metadata: 1.5794989988207817
  landing: 1.3967768549919128
  view-data: 1.5011654645204544
