times:
  edit-metadata: 1.674868430942297
  landing: 0.13522250205278397
  view-data: 0.34717404656112194
