times:
  edit-metadata: 1.4144320571795106
  landing: 0.02221827395260334
  view-data: 3.149911199696362
