times:
  edit-metadata: 2.172216162085533
  landing: 1.4020161554217339
  view-data: 3.4010503068566322
