times:
  edit-metadata: 0.5097891315817833
  landing: 0.5819475241005421
  view-data: 1.9101576674729586
