times:
  edit-metadata: 0.5682154428213835
  landing: 0.5832019802182913
  view-data: 1.8727225475013256
