times:
  edit-metadata: 2.167249657213688
  landing: 1.5249240957200527
  view-data: 3.5160729251801968
