times:
  edit-metadata: 0.6695240689441562
  landing: 0.06847921712324023
  view-data: 1.5272620297037065
