times:
  edit-metadata: 2.5871117264032364
  landing: 2.023454561829567
  view-data: 1.207444678992033
