times:
  edit-metadata: 0.5490192212164402
  landing: 0.6751598510891199
  view-data: 1.9772284720093012
