times:
  edit-metadata: 2.402809616178274
  landing: 1.1029742546379566
  view-data: 0.9813375435769558
