times:
  edit-metadata: 1.9660516493022442
  landing: 0.2130355630069971
  view-data: 0.052974460646510124
