times:
  edit-metadata: 0.6904368200339377
  landing: 0.049107203958556056
  view-data: 0.9919740229379386
