times:
  edit-metadata: 1.9598634466528893
  landing: 1.2614868730306625
  view-data: 3.3944402635097504
