times:
  edit-metadata: 1.4796983823180199
  landing: 0.021178383380174637
  view-data: 0.023726681247353554
