times:
  edit-metadata: 1.8876108322292566
  landing: 0.14735828340053558
  view-data: 0.026881931349635124
