times:
  edit-metadata: 1.4909062972292304
  landing: 0.02172080986201763
  view-data: 0.028843112289905548
