times:
  edit-metadata: 1.7791735902428627
  landing: 0.02046037930995226
  view-data: 0.11575483903288841
