times:
  edit-metadata: 1.4813117431476712
  landing: 0.020266675390303135
  view-data: 0.024540502578020096
