times:
  edit-metadata: 1.5695032440125942
  landing: 1.2746899835765362
  view-data: 1.4523855950683355
