times:
  edit-metadata: 1.8788997270166874
  landing: 1.3318451829254627
  view-data: 1.710906533524394
