times:
  landing: 0.5485371169999951
  view-data: 0.5632521240000017
