times:
  edit-metadata: 2.124169362708926
  landing: 0.02292737178504467
  view-data: 0.02954970858991146
