times:
  edit-metadata: 2.107375357300043
  landing: 1.5165432812646031
  view-data: 1.8042053524404764
