times:
  edit-metadata: 2.7998460978269577
  landing: 1.4011920932680368
  view-data: 1.3249220484867692
