times:
  edit-metadata: 1.7862307569012046
  landing: 1.37504015956074
  view-data: 1.6002183454111218
