times:
  edit-metadata: 3.1648944364860654
  landing: 1.7464730804786086
  view-data: 1.4684391729533672
