times:
  landing: 0.5558625120000045
  view-data: 0.05348802599999658
