times:
  landing: 1.073387891999971
  view-data: 0.5571800950000352
