times:
  edit-metadata: 1.467803267762065
  landing: 0.019925459288060665
  view-data: 0.024415811523795128
