times:
  edit-metadata: 2.424060247838497
  landing: 1.4094459302723408
  view-data: 3.521202892065048
