times:
  landing: 0.5515561450000064
  view-data: 1.4583256579999784
