times:
  edit-metadata: 1.9118063412606716
  landing: 1.2778575532138348
  view-data: 3.414545778185129
