times:
  edit-metadata: 2.359225260093808
  landing: 0.2672832701355219
  view-data: 0.15780441090464592
