times:
  edit-metadata: 1.8508007330819964
  landing: 1.4194064997136593
  view-data: 1.4466601572930813
