times:
  edit-metadata: 2.0453631561249495
  landing: 1.5697803273797035
  view-data: 1.4316473864018917
