times:
  edit-metadata: 0.5134772388264537
  landing: 0.043423417024314404
  view-data: 2.7620564843527973
