times:
  edit-metadata: 1.5881823413074017
  landing: 1.2933766283094883
  view-data: 1.5580709800124168
