times:
  landing: 0.5520145080000134
  view-data: 0.5570921709999936
