times:
  edit-metadata: 2.092712514102459
  landing: 0.1223162841051817
  view-data: 3.629585674032569
