times:
  edit-metadata: 0.7725942030083388
  landing: 0.05406408698763698
  view-data: 1.4165068219881505
