times:
  landing: 0.5543894350000187
  view-data: 0.9300339640000175
