times:
  edit-metadata: 2.145875219255686
  landing: 0.30607874132692814
  view-data: 3.216513741761446
