times:
  edit-metadata: 0.8515931770089082
  landing: 0.1126894940098282
  view-data: 1.1235124119848479
