times:
  edit-metadata: 0.5083404518663883
  landing: 0.04956087842583656
  view-data: 1.669264703989029
