times:
  edit-metadata: 3.111557526513934
  landing: 1.6227262187749147
  view-data: 1.6375778932124376
