times:
  edit-metadata: 1.891172293573618
  landing: 1.2007706873118877
  view-data: 1.5197194255888462
