times:
  landing: 0.5717126440000015
  view-data: 0.5575613689999841
