times:
  edit-metadata: 0.6394184109958587
  landing: 0.04877781600225717
  view-data: 1.7081619650125504
