times:
  edit-metadata: 1.4443182088434696
  landing: 0.02257260400801897
  view-data: 0.02653197105973959
