times:
  edit-metadata: 0.6668767670635134
  landing: 0.04310866980813444
  view-data: 1.7868074849247932
