times:
  edit-metadata: 0.4658828377723694
  landing: 0.04370809718966484
  view-data: 2.3432724038138986
