times:
  landing: 0.549440025000024
  view-data: 0.5561517180000237
