times:
  edit-metadata: 0.6049467989942059
  landing: 0.043263600091449916
  view-data: 1.7058538930723444
