times:
  edit-metadata: 0.49784097634255886
  landing: 0.051536635495722294
  view-data: 2.549715152941644
