times:
  edit-metadata: 0.5059387721121311
  landing: 0.04494466260075569
  view-data: 1.6094436198472977
