times:
  edit-metadata: 0.4628580999560654
  landing: 0.051495331805199385
  view-data: 2.3927793931216
