times:
  edit-metadata: 0.5160075346939266
  landing: 0.05031020473688841
  view-data: 2.682760503143072
