times:
  edit-metadata: 1.775702616199851
  landing: 0.19255612790584564
  view-data: 0.030222425237298012
