times:
  edit-metadata: 1.586089875549078
  landing: 1.2001041825860739
  view-data: 1.597838792949915
