times:
  edit-metadata: 1.7587900087237358
  landing: 0.0216665081679821
  view-data: 0.02604755386710167
