times:
  landing: 1.058984826999989
  view-data: 0.5463004869999963
