times:
  edit-metadata: 1.9572250880300999
  landing: 20.93197392858565
  view-data: 1.3657812718302011
