times:
  edit-metadata: 0.5113566890358925
  landing: 1.1892266813665628
  view-data: 2.4317619390785694
