times:
  edit-metadata: 1.629498383961618
  landing: 0.02027262095361948
  view-data: 0.026319434866309166
