times:
  edit-metadata: 0.5037565962411463
  landing: 0.05589009774848819
  view-data: 2.187483625020832
