times:
  edit-metadata: 1.932872787117958
  landing: 1.2530722804367542
  view-data: 1.7092039100825787
