times:
  edit-metadata: 1.9178350195288658
  landing: 1.0715627986937761
  view-data: 1.35066326148808
