times:
  edit-metadata: 1.8938166908919811
  landing: 1.099388999864459
  view-data: 1.532606290653348
