times:
  landing: 1.0831276679999746
  view-data: 0.5632631199999878
