times:
  edit-metadata: 1.836873923894018
  landing: 1.2836017259396613
  view-data: 1.5102474531158805
