times:
  edit-metadata: 0.4904630370438099
  landing: 0.04928689729422331
  view-data: 2.581135433167219
