times:
  edit-metadata: 1.4281309051439166
  landing: 0.02115325815975666
  view-data: 0.025975869968533516
