times:
  edit-metadata: 0.6251186669105664
  landing: 0.04516469000373036
  view-data: 1.875176308909431
