times:
  landing: 0.5558088610000027
  view-data: 0.5574548600000071
