times:
  edit-metadata: 1.7409798922017217
  landing: 1.2364720404148102
  view-data: 2.0246594068594277
