times:
  edit-metadata: 0.5512377619743347
  landing: 0.9470016807317734
  view-data: 2.13729434274137
