times:
  edit-metadata: 1.616191167384386
  landing: 1.1748331747949123
  view-data: 1.472363343462348
