times:
  landing: 2.1159080770000287
  view-data: 0.558060619999992
