times:
  edit-metadata: 0.5859103170223534
  landing: 0.046920803375542164
  view-data: 2.0967231527902186
