times:
  edit-metadata: 2.071360792964697
  landing: 1.4061369523406029
  view-data: 1.6663745306432247
