times:
  edit-metadata: 1.7728962237015367
  landing: 1.7967391395941377
  view-data: 1.689587440341711
