times:
  edit-metadata: 1.6412501633167267
  landing: 1.3673459440469742
  view-data: 3.3696910105645657
