times:
  edit-metadata: 1.1144631170027424
  landing: 0.08272497498546727
  view-data: 0.9659352920134552
