times:
  edit-metadata: 1.751671576872468
  landing: 0.019134271889925003
  view-data: 2.9997960794717073
