times:
  edit-metadata: 0.508132569026202
  landing: 0.04254393698647618
  view-data: 2.80677272612229
