times:
  edit-metadata: 1.9539130944758654
  landing: 1.4647434707731009
  view-data: 1.5872824229300022
