times:
  landing: 1.0681651709999755
  view-data: 0.5603352910000012
