times:
  edit-metadata: 1.7762329149991274
  landing: 0.2332023223862052
  view-data: 0.02545011881738901
