times:
  edit-metadata: 0.5371041018515825
  landing: 0.8138739969581366
  view-data: 2.524218551814556
