times:
  edit-metadata: 1.9877600241452456
  landing: 0.1559485625475645
  view-data: 3.976477771997452
