times:
  edit-metadata: 0.5959133338183165
  landing: 1.0858132094144821
  view-data: 2.449534710496664
