times:
  edit-metadata: 0.7336870380677283
  landing: 0.05871771229431033
  view-data: 1.1283357860520482
