times:
  landing: 1.07778638100001
  view-data: 1.1645941540000422
