times:
  edit-metadata: 0.5221624635159969
  landing: 0.0464189238846302
  view-data: 1.6983762122690678
