times:
  edit-metadata: 0.6920882347039878
  landing: 0.05005292780697346
  view-data: 1.1225354918278754
