times:
  landing: 1.0694313049999664
  view-data: 1.568462185000044
