times:
  edit-metadata: 3.3848108015954494
  landing: 1.7982156239449978
  view-data: 3.8189653381705284
