times:
  edit-metadata: 0.5008734371513128
  landing: 1.0824218783527613
  view-data: 2.0657308492809534
