times:
  edit-metadata: 0.7991791109961923
  landing: 0.058833585993852466
  view-data: 2.3197246690106113
