times:
  edit-metadata: 1.8703684117645025
  landing: 1.1122672241181135
  view-data: 1.3260575253516436
