times:
  edit-metadata: 0.7020719912834466
  landing: 0.058470448944717646
  view-data: 2.3233677060343325
