times:
  edit-metadata: 1.941078838892281
  landing: 0.02051618881523609
  view-data: 0.025164559483528137
