times:
  edit-metadata: 1.695955527946353
  landing: 0.13360657542943954
  view-data: 0.028028327971696854
