times:
  edit-metadata: 0.74051605805289
  landing: 0.06510907004121691
  view-data: 1.1236598109826446
