times:
  edit-metadata: 1.86770736053586
  landing: 1.2157982140779495
  view-data: 3.3916300162672997
