times:
  edit-metadata: 1.9187461994588375
  landing: 1.1627234276384115
  view-data: 1.447190111503005
