times:
  edit-metadata: 0.5720417648553848
  landing: 1.6229104083031416
  view-data: 2.6370382327586412
