times:
  landing: 1.0965993660001914
  view-data: 0.574271743999816
