times:
  edit-metadata: 0.6781774640548974
  landing: 0.06048376299440861
  view-data: 1.0205847038887441
