times:
  edit-metadata: 0.5773769728839397
  landing: 0.07117256382480264
  view-data: 2.4478693129494786
