times:
  landing: 1.1151855770000054
  view-data: 0.5531867870000156
