times:
  edit-metadata: 0.5982289189705625
  landing: 0.04928828391712159
  view-data: 1.6939046879997477
