times:
  edit-metadata: 1.8046825788915157
  landing: 0.19204054586589336
  view-data: 0.0244129691272974
