times:
  edit-metadata: 1.5856163762509823
  landing: 1.3008629642426968
  view-data: 3.372955024242401
