times:
  edit-metadata: 1.923974646255374
  landing: 1.0784269273281097
  view-data: 1.6372647434473038
