times:
  edit-metadata: 2.24804200604558
  landing: 1.5595678202807903
  view-data: 3.4041470251977444
