times:
  edit-metadata: 2.04225473664701
  landing: 1.3801388200372458
  view-data: 1.2929717898368835
