times:
  landing: 0.5563580729999842
  view-data: 0.05264798199999632
