times:
  edit-metadata: 1.9782561990432441
  landing: 1.4843532862141728
  view-data: 1.811669654212892
