times:
  edit-metadata: 3.0266165640205145
  landing: 1.8462148196995258
  view-data: 1.436151610687375
