times:
  edit-metadata: 0.4479134720750153
  landing: 0.049012417905032635
  view-data: 2.653263838030398
