times:
  edit-metadata: 0.682466845959425
  landing: 0.06183755584061146
  view-data: 1.6341485953889787
