times:
  edit-metadata: 0.6567063189577311
  landing: 0.05835129111073911
  view-data: 2.21904519200325
