times:
  landing: 1.1118137400000023
  view-data: 0.5560442199999898
