times:
  edit-metadata: 2.0169888850068673
  landing: 0.031416881014592946
  view-data: 0.02244766801595688
