times:
  edit-metadata: 1.7894253912381828
  landing: 1.5242928629741073
  view-data: 1.769862504210323
