times:
  landing: 0.546031255999992
  view-data: 1.349853252999992
