times:
  edit-metadata: 0.5988893930334598
  landing: 0.04541961383074522
  view-data: 1.7628771378658712
