times:
  edit-metadata: 0.6958221680251881
  landing: 0.0683143200003542
  view-data: 1.5110378349781968
