times:
  edit-metadata: 0.771396394004114
  landing: 0.0576941940234974
  view-data: 0.9953454870264977
