times:
  edit-metadata: 0.5155383963137865
  landing: 3.712847251445055
  view-data: 3.142283445224166
