times:
  edit-metadata: 2.145863015204668
  landing: 0.2714614886790514
  view-data: 3.4100748877972364
