times:
  edit-metadata: 0.6705901969689876
  landing: 0.07541089691221714
  view-data: 1.1322310890536755
