times:
  edit-metadata: 1.7873824061825871
  landing: 0.018720177933573723
  view-data: 0.0244039474055171
