times:
  edit-metadata: 1.7412914168089628
  landing: 1.1209155786782503
  view-data: 1.5335864424705505
