times:
  landing: 0.5560085260000278
  view-data: 0.5626980069999945
