times:
  edit-metadata: 0.5885961230378598
  landing: 0.05779974302276969
  view-data: 1.7594544179737568
