times:
  edit-metadata: 1.627373498864472
  landing: 0.021130037494003773
  view-data: 0.02572852000594139
