times:
  edit-metadata: 0.6106752549821977
  landing: 0.044043570989742875
  view-data: 1.7434556180087384
