times:
  edit-metadata: 1.6278607062995434
  landing: 0.14554383419454098
  view-data: 2.955599833279848
