times:
  edit-metadata: 2.0670772010926157
  landing: 1.2507673278450966
  view-data: 1.5281639210879803
