times:
  edit-metadata: 2.092917514964938
  landing: 0.02647831104695797
  view-data: 3.4174219891428947
