times:
  edit-metadata: 1.9778786785900593
  landing: 1.2383972629904747
  view-data: 3.3096912689507008
