times:
  landing: 0.552012053000027
  view-data: 0.5594122970000228
