times:
  edit-metadata: 1.424413975328207
  landing: 1.1031165290623903
  view-data: 1.4163127448409796
