times:
  edit-metadata: 1.8124226778745651
  landing: 0.12071365863084793
  view-data: 0.13571863994002342
