times:
  edit-metadata: 0.531888626050204
  landing: 0.04654794605448842
  view-data: 2.9091534917242825
