times:
  edit-metadata: 0.6806135380174965
  landing: 0.06790078699123114
  view-data: 1.6896766429999843
