times:
  edit-metadata: 1.7959005169104785
  landing: 1.5987210648600012
  view-data: 1.6131135618779808
