times:
  edit-metadata: 0.5138502884656191
  landing: 1.3847742043435574
  view-data: 2.0707335639744997
