times:
  edit-metadata: 1.4201564639806747
  landing: 0.021295138634741306
  view-data: 0.11999653745442629
