times:
  edit-metadata: 1.7865691729821265
  landing: 0.2921973639749922
  view-data: 0.402687527006492
