times:
  edit-metadata: 0.5850619077682495
  landing: 1.0342217832803726
  view-data: 2.5137409791350365
