times:
  edit-metadata: 0.7709375120466575
  landing: 0.1616420649806969
  view-data: 1.1533900620415807
