times:
  edit-metadata: 0.6413314181845635
  landing: 0.051631269976496696
  view-data: 2.235175501788035
