times:
  edit-metadata: 1.86082369601354
  landing: 1.4072673211339861
  view-data: 1.526473336853087
