times:
  edit-metadata: 0.6240687320241705
  landing: 0.049976376991253346
  view-data: 1.812900395016186
