times:
  landing: 0.5615986390000103
  view-data: 0.5569530070000042
