times:
  landing: 0.5555390629999977
  view-data: 0.06487952199998404
