times:
  edit-metadata: 0.44600611086934805
  landing: 0.04679608391597867
  view-data: 2.2088607694022357
