times:
  edit-metadata: 0.5401923172175884
  landing: 0.044764429330825806
  view-data: 1.7039306312799454
