times:
  edit-metadata: 2.0136179123073816
  landing: 1.1916662398725748
  view-data: 1.6230570301413536
