times:
  edit-metadata: 1.5468436107039452
  landing: 0.9740310702472925
  view-data: 1.3887166194617748
