times:
  edit-metadata: 0.5344227161258459
  landing: 0.04477201821282506
  view-data: 2.2073728959076107
