times:
  edit-metadata: 0.6330081871710718
  landing: 0.05329008516855538
  view-data: 1.901481204899028
