times:
  landing: 0.5494403679999778
  view-data: 1.2026837370000294
