times:
  edit-metadata: 0.598897946998477
  landing: 0.8533761259168386
  view-data: 2.0670318007469177
