times:
  edit-metadata: 1.948649313300848
  landing: 1.4103219122625887
  view-data: 1.5501589169725776
