times:
  landing: 1.0967063120000375
  view-data: 0.5550751330000026
