times:
  edit-metadata: 2.0907142385840416
  landing: 0.3680894337594509
  view-data: 3.6541858166456223
