times:
  edit-metadata: 0.5387610122561455
  landing: 0.04194728285074234
  view-data: 1.7543084472417831
