times:
  edit-metadata: 0.5916761619737372
  landing: 0.0445086759282276
  view-data: 1.7380298010539263
