times:
  edit-metadata: 0.4581792647950351
  landing: 0.06750869704410434
  view-data: 2.694730969145894
