times:
  edit-metadata: 2.132239205762744
  landing: 1.4126681853085756
  view-data: 1.4455036856234074
