times:
  edit-metadata: 2.4427767377346754
  landing: 1.5530948601663113
  view-data: 1.351118128746748
