times:
  edit-metadata: 1.4544286374002695
  landing: 0.022911819629371166
  view-data: 0.02627500332891941
