times:
  edit-metadata: 1.6645761635154486
  landing: 1.2882320880889893
  view-data: 1.3308537155389786
