times:
  edit-metadata: 0.6455396281089634
  landing: 0.04817330394871533
  view-data: 2.0649530400987715
