times:
  edit-metadata: 1.9686088610906154
  landing: 1.1975501629058272
  view-data: 1.4724914389662445
