times:
  edit-metadata: 1.4446343183517456
  landing: 0.021569600328803062
  view-data: 0.02474298235028982
