times:
  landing: 0.5611324159999924
  view-data: 0.5743553169999984
