times:
  edit-metadata: 1.7200037483125925
  landing: 0.01831488497555256
  view-data: 0.026887628249824047
