times:
  landing: 1.1060355019999975
  view-data: 0.5539292530000353
