times:
  edit-metadata: 1.4651139434427023
  landing: 0.021765084005892277
  view-data: 0.026413285173475742
