times:
  edit-metadata: 1.867512471973896
  landing: 1.249756220728159
  view-data: 3.3840686716139317
