times:
  landing: 0.5527313000000049
  view-data: 0.5548860079999827
