times:
  edit-metadata: 0.4852652600966394
  landing: 0.046262579038739204
  view-data: 2.248392618726939
