times:
  edit-metadata: 1.8142985217273235
  landing: 0.2619839198887348
  view-data: 0.022934312000870705
