times:
  landing: 0.5493678699999975
  view-data: 0.5539834009999822
