times:
  edit-metadata: 2.69315292686224
  landing: 1.4401424825191498
  view-data: 3.0160458832979202
