times:
  edit-metadata: 1.8480656100437045
  landing: 1.4622070919722319
  view-data: 1.6894581150263548
