times:
  edit-metadata: 0.4632626851089299
  landing: 0.04467944521456957
  view-data: 2.253273137845099
