times:
  edit-metadata: 1.680154800415039
  landing: 0.020894224755465984
  view-data: 0.11827030312269926
