times:
  edit-metadata: 0.6812588849570602
  landing: 0.0654392929864116
  view-data: 1.161740482028108
