times:
  edit-metadata: 1.4121037470176816
  landing: 0.1350559163838625
  view-data: 0.023737790063023567
