times:
  edit-metadata: 4.769139988347888
  landing: 1.60749124083668
  view-data: 3.530619053170085
