times:
  edit-metadata: 2.056108085438609
  landing: 0.020688168704509735
  view-data: 3.4409682508558035
