times:
  edit-metadata: 0.5833661835640669
  landing: 0.05952281877398491
  view-data: 1.987158216536045
