times:
  edit-metadata: 0.4954331647604704
  landing: 0.7605473231524229
  view-data: 1.9348473064601421
