times:
  edit-metadata: 1.9997735507786274
  landing: 1.084551002830267
  view-data: 3.3835187554359436
