times:
  edit-metadata: 0.5044700638391078
  landing: 0.04848890891298652
  view-data: 2.32906733173877
