times:
  edit-metadata: 0.4987041330896318
  landing: 0.04914114298298955
  view-data: 2.3265695269219577
