times:
  edit-metadata: 0.684801316820085
  landing: 0.057517068926244974
  view-data: 1.3996271779760718
