times:
  edit-metadata: 0.60450080037117
  landing: 0.6733421944081783
  view-data: 1.7861410304903984
