times:
  landing: 1.5891789179999876
  view-data: 0.5513696669999888
