times:
  landing: 0.5553413110000065
  view-data: 0.053777984000021206
