times:
  edit-metadata: 1.4356431225314736
  landing: 0.022788511589169502
  view-data: 0.12383116316050291
