times:
  edit-metadata: 3.128014352172613
  landing: 1.6535912491381168
  view-data: 1.5380978025496006
