times:
  edit-metadata: 0.4660878498107195
  landing: 0.04635472362861037
  view-data: 2.1564072058536112
