times:
  edit-metadata: 0.6648679480422288
  landing: 0.05769659881480038
  view-data: 1.767717291135341
