times:
  edit-metadata: 0.7449219279224053
  landing: 0.0721620109397918
  view-data: 1.2964909169822931
