times:
  edit-metadata: 2.1642724629491568
  landing: 1.8154030330479145
  view-data: 1.772786715067923
