times:
  landing: 0.5606508789999793
  view-data: 0.5627611090000073
