times:
  landing: 0.538466106634587
  view-data: 0.5510536739602685
