times:
  edit-metadata: 1.3835570150986314
  landing: 0.02064659632742405
  view-data: 0.025222311727702618
