times:
  edit-metadata: 0.49723948538303375
  landing: 0.5856577884405851
  view-data: 2.2093654591590166
