times:
  edit-metadata: 1.7217083517462015
  landing: 0.20868644956499338
  view-data: 3.219032686203718
