times:
  edit-metadata: 1.4399830671027303
  landing: 0.11755929701030254
  view-data: 0.023124991916120052
