times:
  edit-metadata: 0.522241797298193
  landing: 1.071703216060996
  view-data: 2.4158532936125994
