times:
  landing: 0.5556800040000098
  view-data: 0.550196494999966
