times:
  landing: 0.540979251000067
  view-data: 1.4376763489999576
