times:
  edit-metadata: 0.5389842484146357
  landing: 0.6723016370087862
  view-data: 2.117602229118347
