times:
  edit-metadata: 0.6662509087473154
  landing: 0.05310200620442629
  view-data: 2.1362248500809073
