times:
  edit-metadata: 0.5710656903684139
  landing: 0.5516206659376621
  view-data: 1.8386825863271952
