times:
  landing: 0.5614607769999793
  view-data: 0.5525234590000423
