times:
  edit-metadata: 1.8816192336380482
  landing: 1.0547140315175056
  view-data: 3.301955346018076
