times:
  landing: 1.0837692750000087
  view-data: 0.5627333869999802
