times:
  edit-metadata: 0.5785583260003477
  landing: 0.045352990011451766
  view-data: 1.7988819440070074
