times:
  edit-metadata: 0.6074784826487303
  landing: 1.1532868202775717
  view-data: 2.226921183988452
