times:
  landing: 0.5718627070000082
  view-data: 0.5526183439999954
