times:
  edit-metadata: 2.624587840400636
  landing: 1.4952616086229682
  view-data: 1.3529219897463918
