times:
  edit-metadata: 1.9496161080896854
  landing: 1.0054006054997444
  view-data: 1.3418469689786434
