times:
  landing: 0.5408898669999758
  view-data: 1.0223397780000028
