times:
  edit-metadata: 1.9450972399790771
  landing: 0.020159372012130916
  view-data: 1.650412568997126
