times:
  edit-metadata: 2.9102132320404053
  landing: 1.3551211282610893
  view-data: 3.4845446348190308
