times:
  edit-metadata: 3.0784889813512564
  landing: 1.57431735470891
  view-data: 1.6955265626311302
