times:
  edit-metadata: 0.6032796674408019
  landing: 0.0494721787981689
  view-data: 2.193758064880967
