times:
  edit-metadata: 2.3206900134682655
  landing: 1.1813186034560204
  view-data: 1.4937916733324528
