times:
  edit-metadata: 0.5151038328185678
  landing: 0.05488412221893668
  view-data: 2.4361229804344475
