times:
  edit-metadata: 2.4104952421039343
  landing: 1.5074406582862139
  view-data: 1.3651251643896103
