times:
  edit-metadata: 0.6855659720022231
  landing: 0.04864425299456343
  view-data: 1.7757000459823757
