times:
  landing: 0.5512734079999859
  view-data: 1.3332228479999912
