times:
  edit-metadata: 0.5327743366360664
  landing: 1.1462158150970936
  view-data: 2.0001300536096096
