times:
  edit-metadata: 0.6538664232939482
  landing: 0.046084234956651926
  view-data: 2.424382177647203
