times:
  landing: 1.0860410100000024
  view-data: 1.4357559999999978
