times:
  edit-metadata: 2.1899249739944935
  landing: 1.4309259578585625
  view-data: 3.486667927354574
