times:
  edit-metadata: 2.091964825987816
  landing: 1.1973260268568993
  view-data: 3.3981614634394646
