times:
  edit-metadata: 0.5300576277077198
  landing: 0.6108168587088585
  view-data: 1.9613330867141485
