times:
  edit-metadata: 0.5166915543377399
  landing: 0.05089068412780762
  view-data: 1.869418878108263
