times:
  edit-metadata: 1.488722924143076
  landing: 0.022851182147860527
  view-data: 0.025629837065935135
