times:
  edit-metadata: 0.616036145016551
  landing: 0.048784760758280754
  view-data: 1.8864892274141312
