times:
  landing: 1.0781949599999905
  view-data: 0.5689535540000179
