times:
  edit-metadata: 2.1620722003281116
  landing: 1.2594992332160473
  view-data: 3.3598018251359463
