times:
  landing: 0.5513858520000099
  view-data: 0.566372653000002
