times:
  edit-metadata: 0.6758941470179707
  landing: 0.04625396803021431
  view-data: 1.69048166484572
