times:
  edit-metadata: 0.5979942991398275
  landing: 0.048643136862665415
  view-data: 1.7587772288825363
