times:
  edit-metadata: 0.6878108629025519
  landing: 0.0640144138596952
  view-data: 1.169614780927077
