times:
  edit-metadata: 0.507530901581049
  landing: 0.050387393683195114
  view-data: 1.6214631348848343
