times:
  landing: 0.5553960670000038
  view-data: 0.5553513629999998
