times:
  edit-metadata: 2.111587107181549
  landing: 1.5984945334494114
  view-data: 1.114448107779026
