times:
  edit-metadata: 0.5114449169486761
  landing: 1.175651302561164
  view-data: 1.9614330045878887
