times:
  edit-metadata: 0.5876655819592997
  landing: 0.05021990498062223
  view-data: 1.7575155879603699
