times:
  landing: 0.5483450269999821
  view-data: 1.5437507559999517
