times:
  edit-metadata: 0.482072064653039
  landing: 0.9484045878052711
  view-data: 2.2224058490246534
