times:
  edit-metadata: 1.8546417821198702
  landing: 1.290550101082772
  view-data: 1.8222088511101902
