times:
  edit-metadata: 0.5083947340026498
  landing: 0.045461331494152546
  view-data: 2.5036834133788943
