times:
  edit-metadata: 0.49762589670717716
  landing: 1.6704231481999159
  view-data: 2.4088829550892115
