times:
  edit-metadata: 0.523584172129631
  landing: 1.1316175200045109
  view-data: 2.272192658856511
