times:
  edit-metadata: 2.266407771036029
  landing: 1.383316395804286
  view-data: 1.8585102749057114
