times:
  edit-metadata: 0.5065095834434032
  landing: 0.6680022794753313
  view-data: 1.8799110110849142
