times:
  edit-metadata: 2.226587686687708
  landing: 0.021363241598010063
  view-data: 0.024342749267816544
