times:
  edit-metadata: 1.989088186994195
  landing: 1.431818257085979
  view-data: 1.6166161457076669
