times:
  edit-metadata: 0.8696626401506364
  landing: 0.16040388494729996
  view-data: 1.3482188880443573
