times:
  landing: 1.5910001819999877
  view-data: 0.5673182490000102
