times:
  landing: 0.5575043839999978
  view-data: 0.5592455309999877
