times:
  edit-metadata: 0.46534324809908867
  landing: 0.04418950993567705
  view-data: 2.6448292192071676
