times:
  edit-metadata: 1.5113112926483154
  landing: 0.021689487621188164
  view-data: 0.028879341669380665
