times:
  edit-metadata: 1.9784525209106505
  landing: 1.2183497319929302
  view-data: 1.5013570010196418
