times:
  edit-metadata: 0.513273511081934
  landing: 0.9457477182149887
  view-data: 2.192036459222436
