times:
  edit-metadata: 0.6858802039641887
  landing: 0.05480173183605075
  view-data: 2.331891544163227
