times:
  edit-metadata: 0.45939485682174563
  landing: 0.044130176305770874
  view-data: 2.8447023360058665
