times:
  edit-metadata: 1.736469621770084
  landing: 0.1498462436720729
  view-data: 3.1165639935061336
