times:
  edit-metadata: 1.4871975630521774
  landing: 0.02148954290896654
  view-data: 0.028428916819393635
