times:
  edit-metadata: 0.5836859589908272
  landing: 0.043767134193331
  view-data: 2.167349409079179
