times:
  landing: 0.551031093000006
  view-data: 0.5537320480000005
