times:
  landing: 0.5615097300000116
  view-data: 0.0655424329999903
