times:
  edit-metadata: 1.9278815328143537
  landing: 1.2939811500255018
  view-data: 2.1581834061071277
