times:
  landing: 0.5530427109999891
  view-data: 1.5831330920000255
