times:
  edit-metadata: 1.4329172084107995
  landing: 0.021155009046196938
  view-data: 0.025625738315284252
