times:
  edit-metadata: 2.0008284812793136
  landing: 0.022000757046043873
  view-data: 0.024766885675489902
