times:
  landing: 0.6006944030000341
  view-data: 1.6554274299999179
