times:
  edit-metadata: 0.6746468259952962
  landing: 0.10185770899988711
  view-data: 2.4649782779160887
