times:
  edit-metadata: 2.502726934850216
  landing: 1.5470978133380413
  view-data: 3.3130613267421722
