times:
  edit-metadata: 1.92354023642838
  landing: 0.020356238819658756
  view-data: 0.025537580251693726
