times:
  edit-metadata: 3.2760715382173657
  landing: 2.1523620737716556
  view-data: 1.7883348893374205
