times:
  edit-metadata: 0.4468952398747206
  landing: 0.04236563993617892
  view-data: 2.317800926975906
