times:
  edit-metadata: 1.4358674474060535
  landing: 1.3815541118383408
  view-data: 3.341784205287695
