times:
  edit-metadata: 2.5643061529845
  landing: 1.9429816687479615
  view-data: 1.613411946222186
