times:
  landing: 0.5490054069999815
  view-data: 0.5502307999999516
