times:
  edit-metadata: 0.6707549099810421
  landing: 0.07278565922752023
  view-data: 1.2573929876089096
