times:
  edit-metadata: 3.418181151151657
  landing: 2.513266395777464
  view-data: 3.910349853336811
