times:
  edit-metadata: 1.0379923209547997
  landing: 0.09328701591584831
  view-data: 2.030925723956898
