times:
  edit-metadata: 0.5410127677023411
  landing: 0.6637930888682604
  view-data: 1.7961571402847767
