times:
  edit-metadata: 3.0386425089091063
  landing: 1.8393254736438394
  view-data: 1.6681797597557306
