times:
  edit-metadata: 1.7255083993077278
  landing: 0.18615507148206234
  view-data: 0.029463008977472782
