times:
  edit-metadata: 1.4410754283890128
  landing: 0.021161774173378944
  view-data: 0.1198758976534009
