times:
  edit-metadata: 1.4382278081029654
  landing: 0.17225600220263004
  view-data: 0.1046804478392005
