times:
  landing: 0.56378770500001
  view-data: 0.5632916079999859
