times:
  edit-metadata: 1.7891486566513777
  landing: 0.01988663151860237
  view-data: 0.025574807077646255
