times:
  edit-metadata: 1.4956505224108696
  landing: 0.020104752853512764
  view-data: 0.10034846886992455
