times:
  edit-metadata: 0.5059168860316277
  landing: 0.04737504571676254
  view-data: 1.7282635383307934
