times:
  landing: 0.5550995389999684
  view-data: 0.566692651999972
