times:
  edit-metadata: 1.832589514553547
  landing: 0.022474832832813263
  view-data: 0.0236434917896986
