times:
  edit-metadata: 0.6828673828858882
  landing: 0.07073808717541397
  view-data: 1.9386926321312785
