times:
  edit-metadata: 2.048824653029442
  landing: 0.2108468208462
  view-data: 3.503199152648449
