times:
  edit-metadata: 2.6755331601016223
  landing: 6.167297662701458
  view-data: 2.0040873512625694
