times:
  landing: 0.5711815139999885
  view-data: 0.5569649140000479
