times:
  edit-metadata: 2.0875026918947697
  landing: 0.23478675447404385
  view-data: 3.452974183484912
