times:
  edit-metadata: 1.9308050591498613
  landing: 2.1604448053985834
  view-data: 1.2743637822568417
