times:
  edit-metadata: 0.7525617270730436
  landing: 0.05457359994761646
  view-data: 1.657529971911572
