times:
  landing: 1.0721430460000079
  view-data: 1.7816118079999796
