times:
  edit-metadata: 2.1390106198377907
  landing: 1.6636367542669177
  view-data: 1.4990722890943289
