times:
  edit-metadata: 1.8368216790258884
  landing: 1.2295320443809032
  view-data: 0.8984059430658817
