times:
  edit-metadata: 1.7590568736195564
  landing: 0.13667233288288116
  view-data: 3.059333100914955
