times:
  edit-metadata: 1.7862160298973322
  landing: 0.020796122029423714
  view-data: 0.022031191736459732
