times:
  edit-metadata: 1.740076832473278
  landing: 0.13031171262264252
  view-data: 0.028570222668349743
