times:
  edit-metadata: 2.013345878571272
  landing: 0.2142583653330803
  view-data: 0.3883452042937279
