times:
  edit-metadata: 0.5518068447709084
  landing: 0.5691496077924967
  view-data: 2.1028253585100174
