times:
  edit-metadata: 2.9883823096752167
  landing: 1.5608811378479004
  view-data: 3.4005178213119507
