times:
  edit-metadata: 0.6390461605042219
  landing: 0.9658276364207268
  view-data: 2.4730306956917048
