times:
  edit-metadata: 0.5835316851735115
  landing: 0.7164690718054771
  view-data: 2.2827944438904524
