times:
  edit-metadata: 0.7616269919963088
  landing: 0.07792627200251445
  view-data: 1.052690998010803
