times:
  edit-metadata: 0.6643140989981475
  landing: 0.06502354600524995
  view-data: 1.0405885799991665
