times:
  edit-metadata: 0.5670973025262356
  landing: 0.05194375663995743
  view-data: 1.9279554970562458
