times:
  edit-metadata: 0.47705874498933554
  landing: 0.040026201866567135
  view-data: 2.2303058388642967
