times:
  edit-metadata: 0.7137483151163906
  landing: 0.05123118311166763
  view-data: 1.5255472110584378
