times:
  edit-metadata: 1.8960363790392876
  landing: 1.054097257554531
  view-data: 0.9703749008476734
