times:
  edit-metadata: 0.5629861783236265
  landing: 0.6339117791503668
  view-data: 2.132153132930398
