times:
  edit-metadata: 0.984801635146141
  landing: 0.11518665077164769
  view-data: 1.0986566203646362
