times:
  edit-metadata: 0.5976491400506347
  landing: 0.042261637980118394
  view-data: 1.7425818140618503
