times:
  landing: 1.0683852219999892
  view-data: 0.5628046440000105
