times:
  edit-metadata: 0.6236929269507527
  landing: 0.05934753501787782
  view-data: 2.222197834867984
