times:
  edit-metadata: 0.66923360619694
  landing: 0.07510817516595125
  view-data: 0.8979200010653585
