times:
  edit-metadata: 0.5131973717361689
  landing: 0.8594155572354794
  view-data: 2.08479686640203
