times:
  edit-metadata: 1.8162309769541025
  landing: 0.2159058041870594
  view-data: 3.271327360533178
