times:
  edit-metadata: 2.035557698458433
  landing: 1.2854186855256557
  view-data: 3.423473045229912
