times:
  edit-metadata: 0.6221933850320056
  landing: 0.04144476703368127
  view-data: 1.7211460180114955
