times:
  edit-metadata: 0.6031646779738367
  landing: 0.05234837764874101
  view-data: 2.2029605568386614
