times:
  edit-metadata: 2.3225994929671288
  landing: 1.4085298590362072
  view-data: 3.5695813558995724
