times:
  edit-metadata: 1.7447472866624594
  landing: 0.019491281360387802
  view-data: 0.02919812686741352
