times:
  landing: 0.55228460699999
  view-data: 0.5564101570000162
