times:
  edit-metadata: 1.9175677858293056
  landing: 1.1307453755289316
  view-data: 1.3677455633878708
