times:
  edit-metadata: 1.8569747898727655
  landing: 1.1685700509697199
  view-data: 1.3961820118129253
