times:
  edit-metadata: 0.6655715260421857
  landing: 0.04682750999927521
  view-data: 1.8643516920274124
