times:
  edit-metadata: 0.4986200691200793
  landing: 0.05100315297022462
  view-data: 2.3855283712036908
