times:
  landing: 0.5671237020000035
  view-data: 0.5820316559999696
