times:
  edit-metadata: 2.0063409255817533
  landing: 0.02099611796438694
  view-data: 0.028118718415498734
