times:
  edit-metadata: 1.7994814161211252
  landing: 0.021288171410560608
  view-data: 0.02808287739753723
