times:
  edit-metadata: 1.4997071754187346
  landing: 0.022605782374739647
  view-data: 0.027573435567319393
