times:
  edit-metadata: 1.8273194506764412
  landing: 1.3508047014474869
  view-data: 1.2422377951443195
