times:
  edit-metadata: 1.5109563544392586
  landing: 1.1297404542565346
  view-data: 3.3606408312916756
