times:
  landing: 1.0718895530000054
  view-data: 1.4128781129999766
