times:
  landing: 1.0658683489999987
  view-data: 0.5539816689999952
