times:
  edit-metadata: 2.3118262253701687
  landing: 1.688928283751011
  view-data: 1.387711651623249
