times:
  edit-metadata: 0.7837968180028838
  landing: 0.05225958400114905
  view-data: 1.1861198619953939
