times:
  landing: 1.064044817000024
  view-data: 1.422297733000022
