times:
  landing: 1.111960049000004
  view-data: 1.9140762069999937
