times:
  edit-metadata: 0.45618969202041626
  landing: 0.047002327628433704
  view-data: 2.537269518710673
