times:
  edit-metadata: 0.6369622729253024
  landing: 0.0856318841688335
  view-data: 2.3185726299416274
