times:
  landing: 0.5512044040000035
  view-data: 0.5609531930000173
