times:
  edit-metadata: 1.3648967063054442
  landing: 0.021391570568084717
  view-data: 0.022175350226461887
