times:
  edit-metadata: 0.4310530670918524
  landing: 0.04161653760820627
  view-data: 2.134605173021555
