times:
  edit-metadata: 0.5572123099118471
  landing: 0.6140313427895308
  view-data: 1.8874918781220913
