times:
  edit-metadata: 2.2426944891922176
  landing: 1.6309395427815616
  view-data: 1.7320811380632222
