times:
  edit-metadata: 1.6640492929145694
  landing: 0.021535911597311497
  view-data: 0.022777505218982697
