times:
  edit-metadata: 1.660356305539608
  landing: 0.020801682025194168
  view-data: 0.027549419552087784
