times:
  edit-metadata: 0.559772439301014
  landing: 0.04355988651514053
  view-data: 1.7979585900902748
