times:
  edit-metadata: 2.5583727955818176
  landing: 1.4128924869000912
  view-data: 3.404092114418745
