times:
  edit-metadata: 0.5276694521307945
  landing: 0.9545052535831928
  view-data: 1.8990993555635214
