times:
  edit-metadata: 1.8327938914299011
  landing: 1.1294330023229122
  view-data: 1.2165267318487167
