times:
  edit-metadata: 0.5112536326050758
  landing: 0.7249559611082077
  view-data: 1.7743037417531013
