times:
  edit-metadata: 1.780244342982769
  landing: 0.023422855883836746
  view-data: 0.03850095346570015
