times:
  edit-metadata: 3.311163646169007
  landing: 1.7299546236172318
  view-data: 1.8064395682886243
