times:
  edit-metadata: 1.5205983612686396
  landing: 1.2941088248044252
  view-data: 1.2352072950452566
