times:
  edit-metadata: 1.5845702271908522
  landing: 1.4969464056193829
  view-data: 1.7101033087819815
