times:
  edit-metadata: 0.5775792859494686
  landing: 1.1741988286376
  view-data: 2.3457356989383698
