times:
  edit-metadata: 1.912088779732585
  landing: 1.1528009548783302
  view-data: 1.2717808932065964
