times:
  edit-metadata: 1.582570742815733
  landing: 0.1940320823341608
  view-data: 0.02613481506705284
