times:
  edit-metadata: 1.8952282899990678
  landing: 0.022100980393588543
  view-data: 0.028186585754156113
