times:
  edit-metadata: 0.5972590590827167
  landing: 0.044496012036688626
  view-data: 1.6880227460060269
