times:
  edit-metadata: 0.6919295280240476
  landing: 0.056003971956670284
  view-data: 2.365138975903392
