times:
  edit-metadata: 1.9061222895979881
  landing: 1.5501759685575962
  view-data: 3.398981600999832
