times:
  edit-metadata: 2.002390742301941
  landing: 1.3332317881286144
  view-data: 3.3039040565490723
