times:
  edit-metadata: 0.756381900049746
  landing: 0.04775518085807562
  view-data: 1.165637874044478
