times:
  edit-metadata: 0.6582598750246689
  landing: 0.0688659839797765
  view-data: 1.2605021470226347
