times:
  edit-metadata: 0.5559407733380795
  landing: 0.7858785968273878
  view-data: 1.8165335450321436
