times:
  edit-metadata: 0.5051630474627018
  landing: 0.05082879215478897
  view-data: 1.8214984722435474
