times:
  edit-metadata: 0.5738335400819778
  landing: 0.04377143085002899
  view-data: 1.6841618940234184
