times:
  edit-metadata: 1.4232505690306425
  landing: 0.021704277954995632
  view-data: 0.026707504875957966
