times:
  edit-metadata: 0.6841611999552697
  landing: 0.06427739304490387
  view-data: 1.0202139669563621
