times:
  edit-metadata: 2.036076644435525
  landing: 0.2913588210940361
  view-data: 3.2646786719560623
