times:
  edit-metadata: 3.4960751263424754
  landing: 0.4192986385896802
  view-data: 0.5001093447208405
