times:
  edit-metadata: 0.5191002041101456
  landing: 0.04243805445730686
  view-data: 2.4819551398977637
