times:
  edit-metadata: 1.6590387094765902
  landing: 0.021924705244600773
  view-data: 3.1383970798924565
