times:
  edit-metadata: 0.5485913325101137
  landing: 0.8482873551547527
  view-data: 2.434330962598324
