times:
  edit-metadata: 0.4980603028088808
  landing: 1.18557102791965
  view-data: 1.9055572114884853
