times:
  edit-metadata: 1.0884319469996626
  landing: 0.08403720800015435
  view-data: 1.1246747390000564
