times:
  edit-metadata: 0.509002985432744
  landing: 1.1871732342988253
  view-data: 2.278376016765833
