times:
  edit-metadata: 0.6770203709602356
  landing: 0.07536692800931633
  view-data: 1.015704454970546
