times:
  edit-metadata: 0.5330074559897184
  landing: 1.097955260425806
  view-data: 2.1811721567064524
