times:
  edit-metadata: 1.8114768965169787
  landing: 0.02000952512025833
  view-data: 0.11676574032753706
