times:
  edit-metadata: 0.5070267389528453
  landing: 0.044478972908109426
  view-data: 2.6411088509485126
