times:
  landing: 0.5588677119999943
  view-data: 0.5569550019999951
