times:
  edit-metadata: 1.8821948077529669
  landing: 1.1508163958787918
  view-data: 1.567237852141261
