times:
  edit-metadata: 2.972204588353634
  landing: 1.694178607314825
  view-data: 1.1281974725425243
