times:
  edit-metadata: 0.6572616468183696
  landing: 0.06880282191559672
  view-data: 0.9922428410500288
