times:
  edit-metadata: 0.7054686818737537
  landing: 0.057182051008567214
  view-data: 1.1117102429270744
