times:
  edit-metadata: 1.5564767085015774
  landing: 1.0931705310940742
  view-data: 1.3912497647106647
