times:
  edit-metadata: 1.9072970375418663
  landing: 1.484203889966011
  view-data: 1.7217002427205443
