times:
  edit-metadata: 2.287980224005878
  landing: 0.02224922738969326
  view-data: 3.751005483791232
