times:
  edit-metadata: 1.4655206948518753
  landing: 1.2275623083114624
  view-data: 1.1530888862907887
