times:
  landing: 1.07544429699999
  view-data: 0.5623269299999833
