times:
  landing: 1.074021115999983
  view-data: 0.5580824189999589
