times:
  edit-metadata: 2.652518777176738
  landing: 0.322861828841269
  view-data: 4.492671614512801
