times:
  edit-metadata: 2.3730156514793634
  landing: 1.9128814097493887
  view-data: 1.4380076508969069
