times:
  edit-metadata: 0.5236348044127226
  landing: 0.8595733884721994
  view-data: 2.0906253829598427
