times:
  edit-metadata: 0.7008840939961374
  landing: 0.05215205694548786
  view-data: 1.7630417321342975
