times:
  edit-metadata: 0.48413882963359356
  landing: 0.5700703430920839
  view-data: 2.0486414581537247
