times:
  edit-metadata: 1.819801740348339
  landing: 1.2137073390185833
  view-data: 3.2758572064340115
