times:
  edit-metadata: 0.7811380201019347
  landing: 0.04848631424829364
  view-data: 1.6938321380876005
