times:
  edit-metadata: 0.6919554001651704
  landing: 0.08327877195551991
  view-data: 1.2606741460040212
