times:
  edit-metadata: 0.6842232248745859
  landing: 0.06534626404754817
  view-data: 1.1664823640603572
