times:
  landing: 0.5596047199999816
  view-data: 0.5478617660000396
