times:
  edit-metadata: 0.5488770473748446
  landing: 7.249942243099213
  view-data: 15.831214409321547
