times:
  edit-metadata: 1.7431349232792854
  landing: 0.01835922710597515
  view-data: 2.8961916510015726
