times:
  edit-metadata: 3.436634562909603
  landing: 2.466388452798128
  view-data: 4.050452474504709
