times:
  landing: 0.5506240160000004
  view-data: 0.5562373809999883
