times:
  landing: 0.5507081759999437
  view-data: 1.3818581880000238
