times:
  edit-metadata: 0.5674287900328636
  landing: 0.04518290236592293
  view-data: 1.7156374603509903
