times:
  edit-metadata: 0.7438849309692159
  landing: 0.06958123901858926
  view-data: 1.2766182500054128
