times:
  edit-metadata: 0.578337911516428
  landing: 0.05802253633737564
  view-data: 1.832104329019785
