times:
  edit-metadata: 2.8260509558022022
  landing: 0.20137983188033104
  view-data: 0.6219825800508261
