times:
  edit-metadata: 0.6717140751425177
  landing: 0.06616701604798436
  view-data: 1.3839412659872323
