times:
  edit-metadata: 0.460538606159389
  landing: 0.04780081659555435
  view-data: 2.639837561175227
