times:
  edit-metadata: 2.145961022004485
  landing: 1.6724970061331987
  view-data: 1.3536646328866482
