times:
  edit-metadata: 1.8421825356781483
  landing: 1.2110656164586544
  view-data: 1.3494255878031254
