times:
  edit-metadata: 0.5201770029962063
  landing: 0.047274231910705566
  view-data: 1.7242505475878716
