times:
  landing: 0.5653134510000086
  view-data: 0.5650171439999667
