times:
  edit-metadata: 2.1682469472289085
  landing: 6.613184738904238
  view-data: 3.357527494430542
