times:
  edit-metadata: 0.6447738150018267
  landing: 0.046188774023903534
  view-data: 1.80456849897746
