times:
  landing: 0.5524119669999834
  view-data: 0.5636799339999925
