times:
  edit-metadata: 2.778095031972043
  landing: 1.3613224549917504
  view-data: 1.386096503934823
