times:
  edit-metadata: 0.5012803450226784
  landing: 0.04622590262442827
  view-data: 2.3682431150227785
