times:
  edit-metadata: 0.7464740700088441
  landing: 0.05441511585377157
  view-data: 2.8111683370079845
