times:
  edit-metadata: 1.684440152719617
  landing: 1.4420551601797342
  view-data: 1.5349084455519915
