times:
  landing: 1.0766282400000478
  view-data: 0.5682654369999796
