times:
  edit-metadata: 1.590202435851097
  landing: 1.2198298014700413
  view-data: 1.2834569290280342
