times:
  edit-metadata: 1.8787858374416828
  landing: 0.2204661425203085
  view-data: 0.15301822498440742
