times:
  edit-metadata: 1.8280806131660938
  landing: 2.1195417512208223
  view-data: 1.3000839948654175
