times:
  edit-metadata: 1.4166232030838728
  landing: 0.021052367985248566
  view-data: 0.12044253572821617
