times:
  edit-metadata: 1.475761590525508
  landing: 0.9992590397596359
  view-data: 1.3874169457703829
