times:
  edit-metadata: 1.8540302515029907
  landing: 0.13566478341817856
  view-data: 0.023385509848594666
