times:
  landing: 1.1126929100000211
  view-data: 0.582440274000021
