times:
  edit-metadata: 2.1158056035637856
  landing: 1.7764869257807732
  view-data: 3.597357090562582
