times:
  landing: 1.1180330130000016
  view-data: 0.5529048710000097
