times:
  edit-metadata: 0.8157000667415559
  landing: 0.09448998188599944
  view-data: 3.8318972061388195
