times:
  edit-metadata: 0.5447604116052389
  landing: 0.5774445403367281
  view-data: 1.9337307289242744
