times:
  edit-metadata: 2.3951253164559603
  landing: 1.396447179839015
  view-data: 1.388470659032464
