times:
  edit-metadata: 0.6413001460023224
  landing: 0.042093637166544795
  view-data: 2.2451172231230885
