times:
  edit-metadata: 2.133268663659692
  landing: 0.020429830998182297
  view-data: 3.8787591475993395
