times:
  edit-metadata: 0.702180712018162
  landing: 0.0505306669510901
  view-data: 1.4652497679926455
