times:
  edit-metadata: 0.6714404611848295
  landing: 0.04440593160688877
  view-data: 2.260917920153588
