times:
  edit-metadata: 0.5411223080009222
  landing: 0.7850249893963337
  view-data: 2.094613291323185
