times:
  edit-metadata: 0.6999718688894063
  landing: 0.04752617795020342
  view-data: 1.6509399700444192
