times:
  edit-metadata: 1.9409069418907166
  landing: 0.22394506260752678
  view-data: 3.3332744743674994
