times:
  edit-metadata: 1.7360561918467283
  landing: 0.13727670907974243
  view-data: 0.14260495081543922
