times:
  edit-metadata: 1.4718244196847081
  landing: 0.019773374311625957
  view-data: 0.02704688347876072
