times:
  edit-metadata: 0.5350832678377628
  landing: 1.0543673392385244
  view-data: 2.31336678750813
