times:
  edit-metadata: 1.7546104043722153
  landing: 0.02136825956404209
  view-data: 0.13900614343583584
