times:
  landing: 0.5496804100000077
  view-data: 1.5535537739999654
