times:
  edit-metadata: 2.375352045055479
  landing: 1.7324137212708592
  view-data: 1.5304610491730273
