times:
  edit-metadata: 0.4589393427595496
  landing: 0.03779853228479624
  view-data: 3.2335758255794644
