times:
  edit-metadata: 0.640453889966011
  landing: 0.04269811091944575
  view-data: 2.222104940097779
