times:
  edit-metadata: 1.8088151682168245
  landing: 0.020722907036542892
  view-data: 0.12957863695919514
