times:
  edit-metadata: 0.548708613961935
  landing: 0.04730046167969704
  view-data: 1.7274258323013783
