times:
  edit-metadata: 2.505294915055856
  landing: 1.3360211149556562
  view-data: 1.761367299943231
