times:
  landing: 0.5486376499999892
  view-data: 0.55200023499998
