times:
  edit-metadata: 0.5935344041790813
  landing: 0.055060887010768056
  view-data: 1.7111656318884343
