times:
  edit-metadata: 1.9716161862015724
  landing: 0.19500167667865753
  view-data: 0.024914873763918877
