times:
  edit-metadata: 1.9483482977375388
  landing: 0.304453544318676
  view-data: 3.595315421000123
