times:
  edit-metadata: 2.1307724257931113
  landing: 1.7395733213052154
  view-data: 1.398998823016882
