times:
  edit-metadata: 1.7589124757796526
  landing: 0.22886458784341812
  view-data: 0.024790532886981964
