times:
  edit-metadata: 1.9844386205077171
  landing: 1.2716063745319843
  view-data: 3.365608338266611
