times:
  landing: 0.5529293210000219
  view-data: 0.5507492890000094
