times:
  edit-metadata: 0.4907770464196801
  landing: 0.044046783819794655
  view-data: 2.5091839926317334
