times:
  edit-metadata: 1.4734539780765772
  landing: 0.019561084918677807
  view-data: 0.02685682848095894
