times:
  edit-metadata: 1.5785749023780227
  landing: 0.01975409686565399
  view-data: 3.3172108018770814
