times:
  edit-metadata: 2.03176174685359
  landing: 1.4097613990306854
  view-data: 0.9813927449285984
