times:
  edit-metadata: 0.6522365160053596
  landing: 0.07080207898980007
  view-data: 1.1634157139924355
