times:
  edit-metadata: 1.8643333138898015
  landing: 1.4418654991313815
  view-data: 1.8360407464206219
