times:
  edit-metadata: 1.7959963232278824
  landing: 1.31389494612813
  view-data: 3.3450757563114166
