times:
  edit-metadata: 0.6026641097851098
  landing: 0.04124360391870141
  view-data: 2.2945643002167344
