times:
  edit-metadata: 1.907091561704874
  landing: 0.026295045390725136
  view-data: 3.002184884622693
