times:
  landing: 1.072562785999935
  view-data: 0.5583736559999579
