times:
  landing: 0.5467315190000193
  view-data: 1.3419270530000063
