times:
  edit-metadata: 1.7911003287881613
  landing: 1.1175026893615723
  view-data: 1.212673919275403
