times:
  edit-metadata: 3.0129004418849945
  landing: 1.7771492786705494
  view-data: 3.4284189119935036
