times:
  edit-metadata: 0.5116122928448021
  landing: 0.04583956999704242
  view-data: 3.0906316842883825
