times:
  edit-metadata: 0.6572875110432506
  landing: 0.04203520389273763
  view-data: 1.6774425259791315
