times:
  landing: 0.5510016520000249
  view-data: 0.5582960409999487
