times:
  landing: 0.5520609240000169
  view-data: 0.5497106939999981
