times:
  edit-metadata: 0.6888864329084754
  landing: 0.0747148918453604
  view-data: 1.0022707779426128
