times:
  edit-metadata: 1.834369344636798
  landing: 1.0936958603560925
  view-data: 1.4158147275447845
