times:
  landing: 1.0590964220000387
  view-data: 0.5552037309998923
