times:
  edit-metadata: 2.698493988253176
  landing: 1.958782434463501
  view-data: 1.5380164263769984
