times:
  edit-metadata: 0.6702488497830927
  landing: 0.07583100674673915
  view-data: 1.2460451032966375
