times:
  edit-metadata: 0.6303675121162087
  landing: 0.048022807110100985
  view-data: 1.7460075900889933
