times:
  edit-metadata: 3.246156295761466
  landing: 1.8569824397563934
  view-data: 1.6879438199102879
