times:
  edit-metadata: 1.8741006907075644
  landing: 0.020276814699172974
  view-data: 0.026352331042289734
