times:
  edit-metadata: 2.5405980739742517
  landing: 1.6057151621207595
  view-data: 1.5991018116474152
