times:
  edit-metadata: 0.8491338789463043
  landing: 0.08765554102137685
  view-data: 4.328322078101337
