times:
  edit-metadata: 1.869489448145032
  landing: 0.020787401124835014
  view-data: 0.02557968534529209
