times:
  edit-metadata: 0.6211449899710715
  landing: 0.0450170380063355
  view-data: 1.6976714259944856
