times:
  edit-metadata: 0.7483457539929077
  landing: 0.057445456011919305
  view-data: 1.0406716229917947
