times:
  edit-metadata: 0.6606065919622779
  landing: 0.04358525387942791
  view-data: 2.2671904927119613
