times:
  edit-metadata: 2.0123053696006536
  landing: 1.0035944934934378
  view-data: 1.3128132857382298
