times:
  edit-metadata: 0.5739388410001993
  landing: 0.8713682666420937
  view-data: 2.0332217272371054
