times:
  edit-metadata: 0.6675332339946181
  landing: 0.06917907111346722
  view-data: 1.3723986009135842
