times:
  edit-metadata: 1.7443284094333649
  landing: 0.11406086012721062
  view-data: 0.12569810450077057
