times:
  edit-metadata: 0.4680647663772106
  landing: 0.048102366738021374
  view-data: 2.639084999449551
