times:
  edit-metadata: 0.6572300019906834
  landing: 0.04942450101953
  view-data: 1.6914829520974308
