times:
  edit-metadata: 0.5390946627594531
  landing: 0.05869821272790432
  view-data: 2.4328265520744026
