times:
  edit-metadata: 0.6467934623360634
  landing: 0.05750417336821556
  view-data: 1.8679651394486427
