times:
  edit-metadata: 1.997234534472227
  landing: 1.339196227490902
  view-data: 3.3275846391916275
