times:
  edit-metadata: 1.844108197838068
  landing: 1.486356413923204
  view-data: 1.6180251836776733
