times:
  edit-metadata: 0.5274759419262409
  landing: 0.04559020325541496
  view-data: 1.857415184378624
