times:
  edit-metadata: 2.0664726169779897
  landing: 1.4712142772041261
  view-data: 1.5580400843173265
