times:
  edit-metadata: 1.7696794122457504
  landing: 1.013927098363638
  view-data: 0.8504818119108677
