times:
  edit-metadata: 1.836065063253045
  landing: 0.15119053795933723
  view-data: 0.14089267887175083
