times:
  edit-metadata: 2.224768780171871
  landing: 1.3822806775569916
  view-data: 1.14970738068223
