times:
  landing: 0.5507768629999816
  view-data: 0.556555985000017
