times:
  edit-metadata: 0.6803391021676362
  landing: 0.06854558689519763
  view-data: 1.8310645869933069
