times:
  landing: 1.0756757330000255
  view-data: 0.5773504380000531
