times:
  edit-metadata: 0.5317653976380825
  landing: 1.5384321995079517
  view-data: 2.302847335115075
