times:
  landing: 0.5460245520000058
  view-data: 1.3591662959999553
