times:
  landing: 1.586393428000008
  view-data: 0.570615115999999
