times:
  edit-metadata: 0.52161680534482
  landing: 0.05169079080224037
  view-data: 1.699716504663229
