times:
  edit-metadata: 2.0466906893998384
  landing: 1.5924005545675755
  view-data: 1.4149892535060644
