times:
  landing: 0.5423018690000276
  view-data: 1.0632813990000045
