times:
  edit-metadata: 1.8986016642302275
  landing: 1.1476982682943344
  view-data: 1.4314060546457767
