times:
  edit-metadata: 0.6655937499599531
  landing: 0.0745965369278565
  view-data: 1.2664998050313443
