times:
  edit-metadata: 1.8235745113343
  landing: 1.3048322899267077
  view-data: 1.837714138906449
