times:
  edit-metadata: 1.9783123880624771
  landing: 1.3615933693945408
  view-data: 3.2896471843123436
