times:
  landing: 0.5511493940000491
  view-data: 1.2376699550000012
