times:
  edit-metadata: 1.8924231249839067
  landing: 0.1453423798084259
  view-data: 3.0717733055353165
