times:
  edit-metadata: 1.7740726340562105
  landing: 0.13034890964627266
  view-data: 3.226147387176752
