times:
  edit-metadata: 1.5017313919961452
  landing: 1.1097142919898033
  view-data: 1.499932661652565
