times:
  landing: 2.1651076381094754
  view-data: 0.030389295890927315
