times:
  edit-metadata: 0.688449572015088
  landing: 0.07354870700510219
  view-data: 1.382367409998551
