times:
  edit-metadata: 1.7158958427608013
  landing: 0.021216634660959244
  view-data: 3.124061541631818
