times:
  edit-metadata: 1.0123084530350752
  landing: 0.12036429101135582
  view-data: 2.3606786130112596
