times:
  edit-metadata: 0.5343118198215961
  landing: 0.0452352873980999
  view-data: 1.704231221228838
