times:
  edit-metadata: 0.6518446980044246
  landing: 0.04003789811395109
  view-data: 2.4831428120378405
