times:
  edit-metadata: 2.0830089785158634
  landing: 1.43665686622262
  view-data: 3.3523061238229275
