times:
  edit-metadata: 1.4605782460421324
  landing: 0.019151325337588787
  view-data: 0.027235396206378937
