times:
  edit-metadata: 3.138926062732935
  landing: 1.368781067430973
  view-data: 1.0509591847658157
