times:
  edit-metadata: 0.5672366172075272
  landing: 0.04835067689418793
  view-data: 1.776043064892292
