times:
  edit-metadata: 0.6792079268489033
  landing: 0.061962255043908954
  view-data: 1.9871524558402598
