times:
  edit-metadata: 2.162847043015063
  landing: 1.2573083974421024
  view-data: 1.539873925037682
