times:
  edit-metadata: 0.49342054314911366
  landing: 1.6180511340498924
  view-data: 2.2106917072087526
