times:
  edit-metadata: 1.846738912165165
  landing: 1.0516205057501793
  view-data: 3.321165259927511
