times:
  edit-metadata: 1.5175456330180168
  landing: 1.1889964956790209
  view-data: 1.6521686669439077
