times:
  landing: 1.1057550040000024
  view-data: 0.5510941750000029
