times:
  edit-metadata: 0.5922868479974568
  landing: 0.04201508299956913
  view-data: 1.6989866750009242
