times:
  landing: 0.5501950810000267
  view-data: 0.5570915530000207
