times:
  edit-metadata: 1.4395378436893225
  landing: 0.021838313899934292
  view-data: 0.024736477062106133
