times:
  edit-metadata: 1.6816761316731572
  landing: 0.023516437970101833
  view-data: 0.11363999731838703
