times:
  edit-metadata: 0.552431171759963
  landing: 0.8205916695296764
  view-data: 2.0624477230012417
