times:
  edit-metadata: 0.6344128884375095
  landing: 0.05112363398075104
  view-data: 2.008647281676531
