times:
  edit-metadata: 1.7189572751522064
  landing: 1.2788052633404732
  view-data: 1.3520340137183666
