times:
  edit-metadata: 1.841977364383638
  landing: 0.048912317492067814
  view-data: 0.04693557973951101
