times:
  edit-metadata: 0.6294951009331271
  landing: 0.045426159049384296
  view-data: 1.7302696680417284
