times:
  edit-metadata: 0.6586817000061274
  landing: 0.0665430219960399
  view-data: 1.2602710610372014
