times:
  edit-metadata: 0.47608295315876603
  landing: 0.05226631322875619
  view-data: 2.66484639281407
