times:
  edit-metadata: 0.6616166241001338
  landing: 0.04632163804490119
  view-data: 1.8381648939102888
