times:
  landing: 0.5549977029999695
  view-data: 0.560698226999989
