times:
  edit-metadata: 0.661578073981218
  landing: 0.05247647099895403
  view-data: 1.8291790010116529
