times:
  edit-metadata: 2.7491763522848487
  landing: 1.5371044790372252
  view-data: 1.4947590734809637
