times:
  edit-metadata: 0.6460524460417219
  landing: 0.04275336902355775
  view-data: 1.828390657028649
