times:
  edit-metadata: 1.7476430609822273
  landing: 0.1281593218445778
  view-data: 0.026572080329060555
