times:
  edit-metadata: 0.5107637941837311
  landing: 0.043413419276475906
  view-data: 1.9938240088522434
