times:
  edit-metadata: 0.5968763409182429
  landing: 0.05331252794712782
  view-data: 2.2686112066730857
