times:
  edit-metadata: 1.5161676220595837
  landing: 1.2084682658314705
  view-data: 3.2731301486492157
