times:
  edit-metadata: 0.6312509011477232
  landing: 0.046250180806964636
  view-data: 2.224904160015285
