times:
  edit-metadata: 1.740381008014083
  landing: 0.11400189250707626
  view-data: 0.1322899218648672
