times:
  edit-metadata: 1.7751341070979834
  landing: 0.02266133949160576
  view-data: 0.02564881183207035
