times:
  edit-metadata: 0.639200930017978
  landing: 0.05132931098341942
  view-data: 1.804891349049285
