times:
  edit-metadata: 1.749028510414064
  landing: 0.019905791617929935
  view-data: 3.4647934474051
