times:
  landing: 0.5535441180000191
  view-data: 1.1800066080000136
