times:
  edit-metadata: 2.073826508130878
  landing: 1.6366245630197227
  view-data: 1.5609986649360508
