times:
  edit-metadata: 1.6539062336087227
  landing: 0.019530191086232662
  view-data: 0.023997914977371693
