times:
  landing: 0.6005623460000038
  view-data: 0.5597578299999952
