times:
  edit-metadata: 0.4479903350584209
  landing: 0.05166759807616472
  view-data: 2.290798966307193
