times:
  landing: 1.067613855000019
  view-data: 0.5545570110000142
