times:
  edit-metadata: 0.4536474943161011
  landing: 0.03965490264818072
  view-data: 2.721994994673878
