times:
  edit-metadata: 0.5303906798362732
  landing: 0.04486957564949989
  view-data: 1.782712358981371
