times:
  edit-metadata: 1.5046727452427149
  landing: 0.022272616624832153
  view-data: 0.1198470713570714
