times:
  edit-metadata: 0.6131869939854369
  landing: 0.046994133037514985
  view-data: 1.7095813559135422
