times:
  edit-metadata: 0.670323503902182
  landing: 0.0755391560960561
  view-data: 1.3757538399659097
