times:
  edit-metadata: 0.43054995592683554
  landing: 0.045026800129562616
  view-data: 2.2403890867717564
