times:
  edit-metadata: 3.2548014326021075
  landing: 1.6625103391706944
  view-data: 1.3816719576716423
