times:
  edit-metadata: 2.1090896390378475
  landing: 0.2631279546767473
  view-data: 3.4136325642466545
