times:
  edit-metadata: 1.4852865803986788
  landing: 1.2209055349230766
  view-data: 1.4194137044250965
