times:
  edit-metadata: 1.5043392367661
  landing: 1.575605347752571
  view-data: 3.3917077742516994
