times:
  edit-metadata: 0.48408665508031845
  landing: 0.04280159017071128
  view-data: 2.22621401399374
