times:
  landing: 0.5524499179999793
  view-data: 1.6298837909999975
