times:
  edit-metadata: 1.8598288148641586
  landing: 1.208576800301671
  view-data: 1.213357213884592
