times:
  edit-metadata: 0.6150443297810853
  landing: 0.056507828179746866
  view-data: 2.0556211061775684
