times:
  edit-metadata: 1.8538787327706814
  landing: 0.02096088044345379
  view-data: 0.025392377749085426
