times:
  edit-metadata: 1.6294255843386054
  landing: 0.024778087623417377
  view-data: 0.02831677347421646
