times:
  edit-metadata: 0.4531596777960658
  landing: 0.04472708888351917
  view-data: 3.001331982202828
