times:
  edit-metadata: 1.6412316150963306
  landing: 0.20711424201726913
  view-data: 0.023548271507024765
