times:
  edit-metadata: 0.5543534681200981
  landing: 0.038806233555078506
  view-data: 1.7471556216478348
