times:
  edit-metadata: 1.38004682213068
  landing: 0.01995898876339197
  view-data: 0.024726754054427147
