times:
  edit-metadata: 0.5356628596782684
  landing: 2.370174862444401
  view-data: 3.1866929437965155
