times:
  edit-metadata: 0.5977692324668169
  landing: 0.8348567504435778
  view-data: 2.286024786531925
