times:
  edit-metadata: 1.656252034008503
  landing: 0.1121013043448329
  view-data: 3.1999819548800588
