times:
  landing: 1.0768207909999887
  view-data: 0.551014911999971
