times:
  landing: 0.5548186750000355
  view-data: 0.557497589000036
