times:
  edit-metadata: 0.5091040320694447
  landing: 0.0539686419069767
  view-data: 1.723185244947672
