times:
  edit-metadata: 0.6695609169546515
  landing: 0.06787572894245386
  view-data: 1.0116047939518467
