times:
  edit-metadata: 0.7396720650140196
  landing: 0.19934720499441028
  view-data: 1.0725981870200485
