times:
  landing: 0.5461105879999195
  view-data: 0.5520546559996546
