times:
  edit-metadata: 0.5477455053478479
  landing: 0.549188956618309
  view-data: 1.6769622843712568
