times:
  edit-metadata: 2.100412119179964
  landing: 1.1956686452031136
  view-data: 3.3914855048060417
