times:
  edit-metadata: 0.5964165721088648
  landing: 0.053085220977663994
  view-data: 1.8149122577160597
