times:
  edit-metadata: 1.8043674044311047
  landing: 0.2603645510971546
  view-data: 0.029429787769913673
