times:
  edit-metadata: 2.9111662534996867
  landing: 1.3418339351192117
  view-data: 1.3915713783353567
