times:
  edit-metadata: 0.44767896085977554
  landing: 0.0484960088506341
  view-data: 2.4998872438445687
