times:
  edit-metadata: 2.1855507092550397
  landing: 1.3597245626151562
  view-data: 1.4171657105907798
