times:
  edit-metadata: 1.7434985041618347
  landing: 0.18101109005510807
  view-data: 3.1551507860422134
