times:
  edit-metadata: 0.49076721258461475
  landing: 1.1355510391294956
  view-data: 1.9515437949448824
