times:
  edit-metadata: 0.5419693514704704
  landing: 0.04510129243135452
  view-data: 1.6998506598174572
