times:
  edit-metadata: 2.428856106940657
  landing: 1.4792229399317876
  view-data: 1.836733910953626
