times:
  edit-metadata: 1.6680542528629303
  landing: 0.10729874577373266
  view-data: 2.962433211505413
