times:
  edit-metadata: 1.9002041509374976
  landing: 1.3660993338562548
  view-data: 1.6709362789988518
