times:
  edit-metadata: 0.769048361107707
  landing: 0.04520052811130881
  view-data: 1.1468740962445736
