times:
  edit-metadata: 0.6669250000268221
  landing: 0.07481152098625898
  view-data: 1.1227990509942174
