times:
  landing: 1.1174004420000188
  view-data: 1.6026725399999862
