times:
  edit-metadata: 0.4868530733510852
  landing: 0.042954678647220135
  view-data: 2.2988202241249382
