times:
  edit-metadata: 0.634515980957076
  landing: 0.04008665191940963
  view-data: 1.678492238977924
