times:
  edit-metadata: 0.7680615396238863
  landing: 0.05298733897507191
  view-data: 1.523078375030309
