times:
  landing: 1.071322734999967
  view-data: 0.5621506589999967
