times:
  edit-metadata: 3.4689292162656784
  landing: 2.081305420026183
  view-data: 1.7364755962044
