times:
  edit-metadata: 0.6851669971365482
  landing: 0.06074464600533247
  view-data: 1.5307489610277116
