times:
  edit-metadata: 1.4731445694342256
  landing: 0.019955184310674667
  view-data: 0.12159631215035915
