times:
  edit-metadata: 1.8895132429897785
  landing: 1.0824087243527174
  view-data: 1.2880660276859999
