times:
  edit-metadata: 1.9430830515921116
  landing: 1.1179536189883947
  view-data: 1.3126721791923046
