times:
  edit-metadata: 2.01500304043293
  landing: 0.024316037073731422
  view-data: 3.187050014734268
