times:
  edit-metadata: 0.6230523840058595
  landing: 0.045791652984917164
  view-data: 1.7008875530445948
