times:
  edit-metadata: 0.6143695419887081
  landing: 0.052109708019997925
  view-data: 1.7053340549464338
