times:
  edit-metadata: 0.5000204909592867
  landing: 0.6212848406285048
  view-data: 1.9238016791641712
