times:
  edit-metadata: 2.6133121945895255
  landing: 1.5193630238063633
  view-data: 1.919306299649179
