times:
  edit-metadata: 0.6660152149852365
  landing: 0.06692487210966647
  view-data: 1.5225341669283807
