times:
  landing: 1.1066504799999848
  view-data: 0.5596375270000067
