times:
  landing: 1.070513816000016
  view-data: 2.0778415199999927
