times:
  edit-metadata: 0.4910104530863464
  landing: 0.04426266299560666
  view-data: 2.7682097260840237
