times:
  edit-metadata: 0.5726196151226759
  landing: 1.6335658393800259
  view-data: 2.6893250439316034
