times:
  edit-metadata: 0.5144368372857571
  landing: 0.9967104401439428
  view-data: 1.9007076974958181
