times:
  edit-metadata: 1.8289725594222546
  landing: 0.02404167130589485
  view-data: 0.023222804069519043
