times:
  edit-metadata: 1.8684833496809006
  landing: 1.4921734109520912
  view-data: 3.453514415770769
