times:
  edit-metadata: 1.5302764046937227
  landing: 0.024117469787597656
  view-data: 0.02704571094363928
