times:
  edit-metadata: 2.1177312564104795
  landing: 0.2535707000643015
  view-data: 3.4719523806124926
