times:
  edit-metadata: 0.5341922547668219
  landing: 0.9622330032289028
  view-data: 2.3096651639789343
