times:
  edit-metadata: 0.602834255900234
  landing: 0.04792237200308591
  view-data: 1.7447375219780952
