times:
  edit-metadata: 0.5184001214802265
  landing: 1.4023503120988607
  view-data: 2.173011163249612
