times:
  edit-metadata: 1.800283127464354
  landing: 0.1180844996124506
  view-data: 0.43547570053488016
