times:
  landing: 1.071299040922895
  view-data: 0.5520391359459609
