times:
  edit-metadata: 1.923523873090744
  landing: 1.3666040860116482
  view-data: 0.9480485543608665
