times:
  edit-metadata: 0.5200874134898186
  landing: 1.4134972728788853
  view-data: 2.445973062887788
