times:
  edit-metadata: 0.6336249420419335
  landing: 0.05599140003323555
  view-data: 2.505677256267518
