times:
  edit-metadata: 0.7234259560063947
  landing: 0.07370955600345042
  view-data: 1.3787119929911569
