times:
  landing: 0.5482746559999896
  view-data: 0.5508066849999977
