times:
  edit-metadata: 1.4181254524737597
  landing: 0.020268768072128296
  view-data: 0.11891035549342632
