times:
  edit-metadata: 2.0627576168626547
  landing: 0.1600071433931589
  view-data: 3.293778195977211
