times:
  edit-metadata: 0.6888543288223445
  landing: 0.06826729606837034
  view-data: 2.512541478034109
