times:
  edit-metadata: 0.5249522104859352
  landing: 0.6123863738030195
  view-data: 1.8525338508188725
