times:
  edit-metadata: 2.4084257539361715
  landing: 1.4720962890423834
  view-data: 1.507881386205554
