times:
  landing: 1.0972447190000025
  view-data: 1.4410909989999823
