times:
  edit-metadata: 0.648389182984829
  landing: 0.045488391071558
  view-data: 1.7516649530734867
