times:
  edit-metadata: 0.7443505600094795
  landing: 0.0628037117421627
  view-data: 0.9966202680952847
