times:
  landing: 0.5501257670002815
  view-data: 0.5628441449998718
