times:
  edit-metadata: 0.6187952320324257
  landing: 0.042623168032150716
  view-data: 1.7115667089819908
