times:
  edit-metadata: 0.7710195709951222
  landing: 0.047506019996944815
  view-data: 1.1766806530067697
