times:
  edit-metadata: 0.5310516394674778
  landing: 1.133530916646123
  view-data: 2.0482109282165766
