times:
  edit-metadata: 1.845296962885186
  landing: 1.3526582529302686
  view-data: 1.9814468820113689
