times:
  edit-metadata: 0.6715671559795737
  landing: 0.07596240704879165
  view-data: 1.1775854551233351
