times:
  edit-metadata: 3.1235443929908797
  landing: 0.4308956030290574
  view-data: 0.200515199045185
