times:
  edit-metadata: 0.622518053278327
  landing: 0.7220805268734694
  view-data: 2.035029610618949
