times:
  edit-metadata: 1.8199349641799927
  landing: 1.076936662197113
  view-data: 3.3920803256332874
