times:
  edit-metadata: 1.3882090616971254
  landing: 0.022751743905246258
  view-data: 0.0268758712336421
