times:
  landing: 0.5537211740000316
  view-data: 0.5547220799999764
