times:
  edit-metadata: 0.6348147630342282
  landing: 0.042662761989049613
  view-data: 1.723784154979512
