times:
  edit-metadata: 1.8350217007100582
  landing: 1.135628316551447
  view-data: 0.8347900956869125
