times:
  edit-metadata: 1.8820746429264545
  landing: 1.2144457399845123
  view-data: 3.3084093779325485
