times:
  edit-metadata: 0.74884115497116
  landing: 0.11655808601062745
  view-data: 0.9527277249726467
