times:
  edit-metadata: 0.6395699330605567
  landing: 0.05540893506258726
  view-data: 2.1081708089914173
