times:
  edit-metadata: 0.972109385766089
  landing: 0.05347948940470815
  view-data: 1.1605173060670495
