times:
  landing: 0.5678461889999937
  view-data: 0.05411681300000737
