times:
  edit-metadata: 1.9297616751864552
  landing: 1.6542411530390382
  view-data: 1.3419914171099663
