times:
  edit-metadata: 2.755880845710635
  landing: 1.7250027358531952
  view-data: 1.7146968841552734
