times:
  edit-metadata: 1.512214845046401
  landing: 1.2125796917825937
  view-data: 1.3109560776501894
