times:
  landing: 0.5482795210000404
  view-data: 1.1737171419999868
