times:
  edit-metadata: 0.5157345850020647
  landing: 0.6609800159931183
  view-data: 1.9518821071833372
