times:
  edit-metadata: 2.500037359073758
  landing: 1.733991090208292
  view-data: 1.4835730213671923
