times:
  edit-metadata: 0.4374702824279666
  landing: 0.0429459516890347
  view-data: 2.326877099927515
