times:
  edit-metadata: 1.8571429355069995
  landing: 0.15020786970853806
  view-data: 3.157743878662586
