times:
  edit-metadata: 1.4004464587196708
  landing: 0.02117264736443758
  view-data: 0.133626077324152
