times:
  edit-metadata: 2.8850087001919746
  landing: 1.698567507788539
  view-data: 1.4222253654152155
