times:
  edit-metadata: 2.8897338770329952
  landing: 1.8839972987771034
  view-data: 3.465149089694023
