times:
  edit-metadata: 0.5310633517801762
  landing: 0.05502956360578537
  view-data: 1.7621188089251518
