times:
  edit-metadata: 1.8490442037582397
  landing: 1.1633992604911327
  view-data: 3.2990650087594986
