times:
  edit-metadata: 2.1799705661833286
  landing: 1.670922227203846
  view-data: 3.4672945626080036
