times:
  edit-metadata: 0.5764149719980196
  landing: 0.044647379996604286
  view-data: 1.7110257029999048
