times:
  edit-metadata: 0.6813837960362434
  landing: 0.04820693703368306
  view-data: 1.6672695858869702
