times:
  landing: 0.5606273020000003
  view-data: 0.5618335569999999
