times:
  edit-metadata: 0.4777381191961467
  landing: 0.051569726783782244
  view-data: 2.244747940916568
