times:
  edit-metadata: 0.4569075424224138
  landing: 0.045468783006072044
  view-data: 2.6340307844802737
