times:
  edit-metadata: 2.2516829315572977
  landing: 0.2555755916982889
  view-data: 3.3545335736125708
