times:
  edit-metadata: 0.8124874630011618
  landing: 0.044999364763498306
  view-data: 1.1976507119834423
