times:
  edit-metadata: 0.4520438704639673
  landing: 0.05365704745054245
  view-data: 2.5166483018547297
