times:
  edit-metadata: 0.7374311580206268
  landing: 0.05922572797862813
  view-data: 1.1606320639839396
