times:
  edit-metadata: 2.040967356413603
  landing: 1.321429070085287
  view-data: 3.404643479734659
