times:
  edit-metadata: 1.7546641156077385
  landing: 0.019344432279467583
  view-data: 0.02322474867105484
