times:
  edit-metadata: 0.678869690047577
  landing: 0.06154647213406861
  view-data: 1.5204477610532194
