times:
  edit-metadata: 0.6269904669607058
  landing: 0.050468708970583975
  view-data: 1.6974835268920287
