times:
  edit-metadata: 0.5002210508100688
  landing: 0.05666358768939972
  view-data: 2.6935338941402733
