times:
  edit-metadata: 1.9589733444154263
  landing: 1.0847706831991673
  view-data: 1.442475888878107
