times:
  edit-metadata: 0.594192435964942
  landing: 0.04691309854388237
  view-data: 1.8209711983799934
