times:
  edit-metadata: 0.4823035802692175
  landing: 0.631194718182087
  view-data: 1.8685475271195173
