times:
  edit-metadata: 1.7527631241828203
  landing: 0.019734608940780163
  view-data: 3.6599028231576085
