times:
  edit-metadata: 1.4429313484579325
  landing: 0.019841323606669903
  view-data: 0.13081876747310162
