times:
  edit-metadata: 1.8400852885097265
  landing: 1.2567391581833363
  view-data: 1.3495291583240032
