times:
  edit-metadata: 1.473429361358285
  landing: 0.13840873539447784
  view-data: 0.02323856484144926
