times:
  edit-metadata: 1.8296372219920158
  landing: 1.2230941466987133
  view-data: 3.2924678027629852
