times:
  edit-metadata: 0.49422412598505616
  landing: 0.0491025410592556
  view-data: 2.637238333001733
