times:
  landing: 0.5501377960000013
  view-data: 0.5651458159999834
