times:
  edit-metadata: 0.6814674859633669
  landing: 0.046952200937084854
  view-data: 1.9939562000799924
