times:
  edit-metadata: 2.4461146920220926
  landing: 1.439065555925481
  view-data: 1.9325534369563684
