times:
  edit-metadata: 1.4900225335732102
  landing: 0.020505391992628574
  view-data: 0.12034051306545734
