times:
  edit-metadata: 2.795079363975674
  landing: 1.6061337359715253
  view-data: 2.034146544057876
