times:
  edit-metadata: 1.4491064017638564
  landing: 0.0222035339102149
  view-data: 0.1265884768217802
