times:
  edit-metadata: 1.7959635369479656
  landing: 0.02546732686460018
  view-data: 0.02798404172062874
