times:
  edit-metadata: 0.6880696159787476
  landing: 0.0845688070403412
  view-data: 1.497974712983705
