times:
  edit-metadata: 0.4434422021731734
  landing: 0.04703002097085118
  view-data: 2.209964078851044
