times:
  edit-metadata: 0.5081778159365058
  landing: 0.04675147868692875
  view-data: 2.5332766929641366
