times:
  landing: 1.072513616000009
  view-data: 1.9056595769999944
