times:
  landing: 0.5603987229999916
  view-data: 2.0365851349999957
