times:
  edit-metadata: 0.5889011450053658
  landing: 0.0367945170000894
  view-data: 1.9271381610014942
