times:
  edit-metadata: 2.2681746631860733
  landing: 1.3660009950399399
  view-data: 3.4197625182569027
