times:
  landing: 0.5520472300000279
  view-data: 0.5555315540000265
