times:
  landing: 0.5495309240000097
  view-data: 0.555968149000023
