times:
  landing: 1.1064687010000398
  view-data: 0.5570302030000107
