times:
  landing: 0.5535726200000113
  view-data: 0.5588399190000359
