times:
  landing: 0.68249999599999
  view-data: 0.5538975759999971
