times:
  landing: 1.0742555129999687
  view-data: 0.5556823239999744
