times:
  landing: 0.5498892629999546
  view-data: 0.5557696429999623
