times:
  landing: 0.5555460890000177
  view-data: 0.568008065000015
