times:
  landing: 1.129447153000001
  view-data: 0.562337135000007
