times:
  landing: 0.5505181210000387
  view-data: 0.5547389139999837
