times:
  landing: 0.5489131100000009
  view-data: 0.5522701340000253
