times:
  landing: 1.1054344620001757
  view-data: 0.5453971709998768
