times:
  landing: 1.0588253070000064
  view-data: 0.5471241260000284
