times:
  landing: 0.5558931819999771
  view-data: 0.5596903130000328
