times:
  landing: 1.0759058350000714
  view-data: 0.5599590409999564
