times:
  landing: 1.1826239540000074
  view-data: 0.5534264590000362
