times:
  landing: 1.0759302410000373
  view-data: 0.5529645540000274
