times:
  landing: 1.0619830260000072
  view-data: 0.5458564420000016
