times:
  landing: 1.07028233799997
  view-data: 0.556290998999998
