times:
  landing: 0.5444237929999645
  view-data: 0.5447760880000487
