times:
  landing: 1.1422672010000383
  view-data: 0.5649898979999648
