times:
  landing: 1.065600234000044
  view-data: 0.5511312140000086
