times:
  landing: 1.169255153999984
  view-data: 0.5555576179999662
