times:
  landing: 0.5662708330000328
  view-data: 0.558246730999997
