times:
  edit-metadata: 1.4791684076189995
  landing: 0.7925873845815659
  view-data: 3.4920442178845406
