times:
  edit-metadata: 1.420796301215887
  landing: 1.0338196456432343
  view-data: 3.3371733464300632
