times:
  edit-metadata: 1.5321103110909462
  landing: 0.7523323521018028
  view-data: 3.548057273030281
