times:
  edit-metadata: 1.4791467934846878
  landing: 0.7053371220827103
  view-data: 3.442229725420475
