times:
  edit-metadata: 1.507120169699192
  landing: 0.8274310156702995
  view-data: 3.3016819059848785
