times:
  edit-metadata: 1.4499556645751
  landing: 0.7816183716058731
  view-data: 3.2564586251974106
