times:
  edit-metadata: 1.5962879955768585
  landing: 0.8198647573590279
  view-data: 3.5430774316191673
