times:
  edit-metadata: 1.3626870140433311
  landing: 0.7003321126103401
  view-data: 3.5221837982535362
