times:
  edit-metadata: 1.4778963029384613
  landing: 0.7601268514990807
  view-data: 3.4892792105674744
