times:
  edit-metadata: 1.4125570878386497
  landing: 0.7841622568666935
  view-data: 3.3442494720220566
