times:
  edit-metadata: 1.3940637111663818
  landing: 0.8069581836462021
  view-data: 3.312996167689562
