times:
  edit-metadata: 1.4767466634511948
  landing: 0.9333370551466942
  view-data: 3.3143425583839417
