times:
  edit-metadata: 1.4952591732144356
  landing: 0.8186793029308319
  view-data: 3.3632673621177673
