times:
  edit-metadata: 1.3159352652728558
  landing: 0.8096020072698593
  view-data: 3.2901221849024296
