times:
  edit-metadata: 1.3830427378416061
  landing: 0.7380363121628761
  view-data: 3.318753257393837
