times:
  edit-metadata: 1.4244872108101845
  landing: 0.7689714953303337
  view-data: 3.520306311547756
