times:
  edit-metadata: 1.4884561449289322
  landing: 0.7733088731765747
  view-data: 3.4792731180787086
