times:
  edit-metadata: 1.4470840096473694
  landing: 0.695135585963726
  view-data: 3.5096161514520645
