times:
  edit-metadata: 2.0482079423964024
  landing: 1.197265237569809
  view-data: 3.400414250791073
