times:
  edit-metadata: 2.373216301202774
  landing: 1.3460287675261497
  view-data: 3.743755519390106
