times:
  edit-metadata: 1.3666144162416458
  landing: 0.7563917934894562
  view-data: 3.5052536576986313
