times:
  edit-metadata: 2.358032040297985
  landing: 1.294207088649273
  view-data: 3.562790460884571
