times:
  edit-metadata: 1.4377294853329659
  landing: 0.7467515990138054
  view-data: 3.511284686625004
