times:
  edit-metadata: 1.4706597924232483
  landing: 0.7573148794472218
  view-data: 3.330928936600685
