times:
  edit-metadata: 2.623131435364485
  landing: 1.4006109796464443
  view-data: 3.802430558949709
