times:
  edit-metadata: 1.4134352877736092
  landing: 0.8959551379084587
  view-data: 3.476528987288475
