times:
  edit-metadata: 1.3909827172756195
  landing: 0.7780938781797886
  view-data: 3.2642478346824646
