times:
  edit-metadata: 1.3525332733988762
  landing: 0.801031120121479
  view-data: 3.3047710806131363
