times:
  edit-metadata: 1.3569330051541328
  landing: 0.7214125692844391
  view-data: 3.5074308440089226
