times:
  edit-metadata: 1.3975846245884895
  landing: 1.238067775964737
  view-data: 3.4954481944441795
