times:
  edit-metadata: 1.3825094513595104
  landing: 0.7271699942648411
  view-data: 3.3778269328176975
