times:
  edit-metadata: 3.4332532435655594
  landing: 1.0686454847455025
  view-data: 3.575628876686096
