times:
  edit-metadata: 2.1384268663823605
  landing: 1.1491451375186443
  view-data: 3.5746379122138023
