times:
  edit-metadata: 1.362523715943098
  landing: 0.8172988742589951
  view-data: 3.3051371797919273
