times:
  edit-metadata: 1.502334974706173
  landing: 0.8004845902323723
  view-data: 3.490431822836399
