times:
  edit-metadata: 1.4996994510293007
  landing: 0.7986584827303886
  view-data: 3.456512935459614
