times:
  edit-metadata: 2.324757345020771
  landing: 1.53184175491333
  view-data: 3.966295436024666
