times:
  edit-metadata: 1.4266360253095627
  landing: 0.7803777530789375
  view-data: 3.5012707337737083
