times:
  edit-metadata: 1.4715815484523773
  landing: 0.7891641035676003
  view-data: 3.477635845541954
