times:
  edit-metadata: 1.4235602095723152
  landing: 0.7656745351850986
  view-data: 3.3365229591727257
