times:
  edit-metadata: 1.48431995511055
  landing: 0.8847769871354103
  view-data: 3.48684511333704
