times:
  edit-metadata: 1.5137463174760342
  landing: 0.8323549814522266
  view-data: 3.285215936601162
