times:
  edit-metadata: 2.5190193131566048
  landing: 1.3280145823955536
  view-data: 3.4900635331869125
