times:
  edit-metadata: 1.370975036174059
  landing: 0.8594337478280067
  view-data: 3.258824158459902
