times:
  edit-metadata: 1.4492569044232368
  landing: 0.7991824224591255
  view-data: 3.522788144648075
