times:
  edit-metadata: 1.6433377005159855
  landing: 0.8497416861355305
  view-data: 3.340992011129856
