times:
  edit-metadata: 1.3745632469654083
  landing: 0.7015533670783043
  view-data: 3.2722694166004658
