times:
  edit-metadata: 1.4096718095242977
  landing: 0.766787875443697
  view-data: 3.302752025425434
