times:
  edit-metadata: 1.4248151555657387
  landing: 0.6742511689662933
  view-data: 3.3487402722239494
