times:
  edit-metadata: 1.425488032400608
  landing: 1.0447428300976753
  view-data: 3.613154448568821
