times:
  edit-metadata: 1.8727411851286888
  landing: 1.0493035465478897
  view-data: 3.60673501342535
