times:
  edit-metadata: 1.897104226052761
  landing: 0.9666409194469452
  view-data: 3.3010469041764736
