times:
  edit-metadata: 1.3457669913768768
  landing: 0.7267279028892517
  view-data: 3.2793258652091026
