times:
  edit-metadata: 1.46666793897748
  landing: 0.7549492754042149
  view-data: 3.2561700604856014
