times:
  edit-metadata: 1.3484245240688324
  landing: 0.7182838693261147
  view-data: 3.492262825369835
