times:
  edit-metadata: 1.358778439462185
  landing: 0.7178334221243858
  view-data: 3.5952301621437073
