times:
  edit-metadata: 1.3707480281591415
  landing: 0.7485620453953743
  view-data: 3.4793300852179527
