times:
  edit-metadata: 1.383896067738533
  landing: 0.7293738126754761
  view-data: 3.5216526463627815
