times:
  edit-metadata: 1.491004217416048
  landing: 0.8648946024477482
  view-data: 3.344546128064394
