times:
  edit-metadata: 1.4950617626309395
  landing: 0.7230902537703514
  view-data: 3.4924255833029747
