times:
  edit-metadata: 1.6747125051915646
  landing: 1.002570278942585
  view-data: 3.328159384429455
