times:
  edit-metadata: 2.127436887472868
  landing: 1.1983078680932522
  view-data: 3.3241169936954975
