times:
  edit-metadata: 1.3758017495274544
  landing: 0.7809532731771469
  view-data: 3.417195051908493
