times:
  edit-metadata: 1.5160672962665558
  landing: 0.8499263487756252
  view-data: 3.3942300155758858
