times:
  edit-metadata: 1.374175313860178
  landing: 0.7045841366052628
  view-data: 3.350187812000513
