times:
  edit-metadata: 1.3799989372491837
  landing: 0.6992836892604828
  view-data: 3.335438050329685
