times:
  edit-metadata: 2.1640503741800785
  landing: 0.8727862983942032
  view-data: 3.3652100041508675
