times:
  edit-metadata: 1.4891571775078773
  landing: 0.7952772974967957
  view-data: 3.518433004617691
