times:
  edit-metadata: 1.4574262760579586
  landing: 0.8540913499891758
  view-data: 3.3575896956026554
