times:
  edit-metadata: 1.4360386058688164
  landing: 0.6740572229027748
  view-data: 3.466173402965069
