times:
  edit-metadata: 1.4722735397517681
  landing: 0.8741005510091782
  view-data: 3.3587774746119976
