times:
  edit-metadata: 1.4379073455929756
  landing: 0.6954277530312538
  view-data: 3.4831305518746376
