times:
  edit-metadata: 1.467150665819645
  landing: 0.7938360646367073
  view-data: 3.3559197448194027
