times:
  edit-metadata: 1.3249572589993477
  landing: 0.706136666238308
  view-data: 3.467136599123478
