times:
  edit-metadata: 1.3498814888298512
  landing: 0.8463178239762783
  view-data: 3.31755306199193
