times:
  edit-metadata: 1.3779155053198338
  landing: 0.7577804736793041
  view-data: 3.320288248360157
