times:
  edit-metadata: 1.441476047039032
  landing: 0.7123990654945374
  view-data: 3.5390562638640404
