times:
  edit-metadata: 2.0946001037955284
  landing: 1.0882171541452408
  view-data: 3.737761713564396
