times:
  edit-metadata: 1.6414640918374062
  landing: 0.9566674679517746
  view-data: 3.562314048409462
