times:
  edit-metadata: 1.448045875877142
  landing: 0.7544943355023861
  view-data: 3.3837907165288925
