times:
  edit-metadata: 1.3623640462756157
  landing: 0.7362895384430885
  view-data: 3.4523064345121384
