times:
  edit-metadata: 1.3848892822861671
  landing: 0.6660599857568741
  view-data: 3.3773142844438553
