times:
  edit-metadata: 1.4474583491683006
  landing: 0.7758815884590149
  view-data: 3.3016473539173603
