times:
  edit-metadata: 1.4872401803731918
  landing: 0.924871563911438
  view-data: 3.318820610642433
