times:
  edit-metadata: 1.489798441529274
  landing: 0.8837909027934074
  view-data: 3.312314674258232
