times:
  edit-metadata: 1.5030825212597847
  landing: 0.8734458163380623
  view-data: 3.6894009932875633
