times:
  edit-metadata: 1.4966997653245926
  landing: 0.8227292187511921
  view-data: 3.350877024233341
