times:
  edit-metadata: 1.4554353170096874
  landing: 0.6933934390544891
  view-data: 3.316088892519474
