times:
  edit-metadata: 1.3821938820183277
  landing: 0.7671591378748417
  view-data: 3.3742266669869423
