times:
  edit-metadata: 1.6383100524544716
  landing: 1.2979150339961052
  view-data: 3.5885201916098595
