times:
  edit-metadata: 1.8858833760023117
  landing: 0.9624426141381264
  view-data: 3.467825949192047
