times:
  edit-metadata: 1.4778388291597366
  landing: 0.6960784420371056
  view-data: 3.3993267714977264
