times:
  edit-metadata: 2.076978024095297
  landing: 1.015660848468542
  view-data: 3.502026714384556
