times:
  edit-metadata: 1.437005441635847
  landing: 0.7339270450174809
  view-data: 3.3287012428045273
