times:
  edit-metadata: 1.5203469544649124
  landing: 0.7943723797798157
  view-data: 3.5461887642741203
