times:
  edit-metadata: 1.3328138068318367
  landing: 0.8115125596523285
  view-data: 3.4730049520730972
