times:
  edit-metadata: 1.3795608505606651
  landing: 0.7021799087524414
  view-data: 3.4887107834219933
