times:
  edit-metadata: 1.455498829483986
  landing: 0.8462038189172745
  view-data: 3.45008597522974
