times:
  edit-metadata: 1.4621600285172462
  landing: 0.8241877555847168
  view-data: 3.3797121196985245
