times:
  edit-metadata: 1.4859459549188614
  landing: 0.7086585313081741
  view-data: 3.4118214696645737
