times:
  edit-metadata: 1.4584381952881813
  landing: 0.7348136976361275
  view-data: 3.2898212149739265
