times:
  edit-metadata: 1.3977468833327293
  landing: 0.8172099441289902
  view-data: 3.528419643640518
