times:
  edit-metadata: 2.4527361169457436
  landing: 1.4477930143475533
  view-data: 3.705259472131729
