times:
  edit-metadata: 1.4930690973997116
  landing: 0.9377925544977188
  view-data: 3.6653006970882416
