times:
  edit-metadata: 1.6353377029299736
  landing: 0.9341567978262901
  view-data: 3.465499587357044
