times:
  edit-metadata: 1.3875108510255814
  landing: 0.8333859108388424
  view-data: 3.2981634326279163
