times:
  edit-metadata: 1.4343188852071762
  landing: 0.8027900233864784
  view-data: 3.271472990512848
