times:
  edit-metadata: 1.4350432679057121
  landing: 0.8139262497425079
  view-data: 3.270557999610901
