times:
  edit-metadata: 1.4971802160143852
  landing: 0.8376615270972252
  view-data: 3.358750592917204
