times:
  edit-metadata: 1.5650851763784885
  landing: 0.8243500776588917
  view-data: 3.332996852695942
