times:
  edit-metadata: 1.5037774592638016
  landing: 0.9973615184426308
  view-data: 3.433162532746792
