times:
  edit-metadata: 1.3676141686737537
  landing: 0.6878716833889484
  view-data: 3.2817368172109127
