times:
  edit-metadata: 1.4131047166883945
  landing: 0.7978452630341053
  view-data: 3.3091889806091785
