times:
  edit-metadata: 1.387647334486246
  landing: 0.7182292900979519
  view-data: 3.3609944321215153
