times:
  edit-metadata: 1.3621495515108109
  landing: 0.7881089374423027
  view-data: 3.458033971488476
