times:
  edit-metadata: 1.4992164224386215
  landing: 0.897719006985426
  view-data: 3.3343168906867504
