times:
  edit-metadata: 1.4195207953453064
  landing: 0.73324353992939
  view-data: 3.534135654568672
