times:
  edit-metadata: 1.3541150391101837
  landing: 0.7988578304648399
  view-data: 3.4764075875282288
