times:
  edit-metadata: 1.397183746099472
  landing: 0.741456039249897
  view-data: 3.4755645766854286
