times:
  edit-metadata: 1.3193915858864784
  landing: 0.7169705405831337
  view-data: 3.4312643334269524
