times:
  edit-metadata: 1.5768287032842636
  landing: 0.7864131703972816
  view-data: 3.485942728817463
