times:
  edit-metadata: 1.344926878809929
  landing: 0.7733712717890739
  view-data: 3.4898336082696915
