times:
  edit-metadata: 1.5081093609333038
  landing: 0.7959936298429966
  view-data: 3.3606141954660416
