times:
  edit-metadata: 1.525453094393015
  landing: 0.7485372498631477
  view-data: 3.2890874445438385
