times:
  edit-metadata: 1.4359931759536266
  landing: 0.7071130760014057
  view-data: 3.282956525683403
