times:
  edit-metadata: 1.477857880294323
  landing: 0.7208450362086296
  view-data: 3.484720416367054
