times:
  edit-metadata: 1.444866631180048
  landing: 0.8150540105998516
  view-data: 3.321224980056286
