times:
  edit-metadata: 1.7082295715808868
  landing: 0.9168514907360077
  view-data: 3.3577017188072205
