times:
  edit-metadata: 1.4238503873348236
  landing: 0.7535564824938774
  view-data: 3.427932918071747
