times:
  edit-metadata: 1.4040840081870556
  landing: 0.809126727283001
  view-data: 3.3310388028621674
