times:
  edit-metadata: 1.3820701912045479
  landing: 0.8027940392494202
  view-data: 3.4448423087596893
