times:
  edit-metadata: 1.4945342615246773
  landing: 0.7772005572915077
  view-data: 3.36679370328784
