times:
  edit-metadata: 1.3475641384720802
  landing: 0.7447480745613575
  view-data: 3.32619296759367
