times:
  edit-metadata: 1.45206980407238
  landing: 0.7593279555439949
  view-data: 3.3539558723568916
