times:
  edit-metadata: 1.3225177451968193
  landing: 0.8079005032777786
  view-data: 3.5019213035702705
