times:
  edit-metadata: 1.5237242355942726
  landing: 0.8043497912585735
  view-data: 3.3388953804969788
