times:
  edit-metadata: 2.148872584104538
  landing: 1.3428300023078918
  view-data: 3.422031167894602
