times:
  edit-metadata: 1.415765419602394
  landing: 0.7276539206504822
  view-data: 3.4502930119633675
