times:
  edit-metadata: 1.4752442836761475
  landing: 0.7880513966083527
  view-data: 3.5199762657284737
