times:
  edit-metadata: 1.4423461854457855
  landing: 0.7186793610453606
  view-data: 3.5373206436634064
