times:
  edit-metadata: 1.3393576219677925
  landing: 0.7851430177688599
  view-data: 3.2733297646045685
