times:
  edit-metadata: 1.5270051211118698
  landing: 0.992883950471878
  view-data: 3.5621580332517624
