times:
  edit-metadata: 1.638057067990303
  landing: 0.8582305833697319
  view-data: 3.320284590125084
