times:
  edit-metadata: 1.3337462916970253
  landing: 0.8395804464817047
  view-data: 3.402410015463829
