times:
  edit-metadata: 1.5985856354236603
  landing: 1.2781823053956032
  view-data: 3.499074801802635
