times:
  edit-metadata: 1.4784933552145958
  landing: 0.743097759783268
  view-data: 3.4706768691539764
