times:
  edit-metadata: 1.4528983011841774
  landing: 0.7610495835542679
  view-data: 3.3876385912299156
