times:
  edit-metadata: 1.5814776942133904
  landing: 0.846863679587841
  view-data: 3.503697745501995
