times:
  edit-metadata: 1.3712566941976547
  landing: 0.7636072710156441
  view-data: 3.305681459605694
