times:
  edit-metadata: 1.3706839680671692
  landing: 0.7273008227348328
  view-data: 3.2933131866157055
