times:
  edit-metadata: 1.383359119296074
  landing: 0.8028218597173691
  view-data: 3.4516938775777817
