times:
  edit-metadata: 1.3945666551589966
  landing: 0.7726319842040539
  view-data: 3.4151814244687557
