times:
  edit-metadata: 1.3268361650407314
  landing: 0.726495586335659
  view-data: 3.2580092065036297
