times:
  edit-metadata: 1.3593405187129974
  landing: 0.7347003519535065
  view-data: 3.4590722545981407
