times:
  edit-metadata: 1.4315927103161812
  landing: 0.7486192807555199
  view-data: 3.4907381534576416
