times:
  edit-metadata: 1.4244232699275017
  landing: 0.807496652007103
  view-data: 3.32104479521513
