times:
  edit-metadata: 1.3858430981636047
  landing: 0.8022243306040764
  view-data: 3.4681932255625725
