times:
  edit-metadata: 1.4072564765810966
  landing: 0.7412610277533531
  view-data: 3.4784041196107864
