times:
  edit-metadata: 1.4236202016472816
  landing: 0.7685028091073036
  view-data: 3.2812826558947563
