times:
  edit-metadata: 1.5117757394909859
  landing: 0.8323077708482742
  view-data: 3.4415632858872414
