times:
  edit-metadata: 2.285487875342369
  landing: 1.5123023837804794
  view-data: 3.574545457959175
