times:
  edit-metadata: 1.3736815229058266
  landing: 0.699769027531147
  view-data: 3.397710546851158
