times:
  edit-metadata: 1.5568025633692741
  landing: 0.708313062787056
  view-data: 3.419828899204731
