times:
  edit-metadata: 1.4783554449677467
  landing: 0.7645939290523529
  view-data: 3.5906298384070396
