times:
  edit-metadata: 1.4537229798734188
  landing: 0.9099950157105923
  view-data: 3.3017648234963417
