times:
  edit-metadata: 1.5649696439504623
  landing: 0.9197517223656178
  view-data: 3.403490833938122
