times:
  edit-metadata: 1.528945840895176
  landing: 0.8145735561847687
  view-data: 3.4400366470217705
