times:
  edit-metadata: 1.3626272454857826
  landing: 0.7659305110573769
  view-data: 3.2704547122120857
