times:
  edit-metadata: 1.424263771623373
  landing: 0.8823213763535023
  view-data: 3.327725287526846
