times:
  edit-metadata: 1.4984648786485195
  landing: 0.9179549142718315
  view-data: 3.2946489304304123
