times:
  edit-metadata: 1.2803917080163956
  landing: 0.7314263582229614
  view-data: 3.443887837231159
