times:
  edit-metadata: 1.577465370297432
  landing: 0.8406832851469517
  view-data: 3.303595632314682
