times:
  edit-metadata: 1.4424277693033218
  landing: 0.8718642294406891
  view-data: 3.3256161995232105
