times:
  edit-metadata: 1.5368196330964565
  landing: 0.8529751189053059
  view-data: 3.3088775128126144
