times:
  edit-metadata: 1.4325385317206383
  landing: 0.760596290230751
  view-data: 3.4916989132761955
