times:
  edit-metadata: 1.3600576370954514
  landing: 0.7425589859485626
  view-data: 3.5059254318475723
