times:
  edit-metadata: 1.532982014119625
  landing: 0.8642266690731049
  view-data: 3.395618811249733
