times:
  edit-metadata: 1.9177083112299442
  landing: 0.8764172829687595
  view-data: 3.379311490803957
