times:
  edit-metadata: 1.378796897828579
  landing: 0.7927796132862568
  view-data: 3.303001720458269
