times:
  edit-metadata: 1.4932528994977474
  landing: 0.9088481552898884
  view-data: 3.3272464089095592
