times:
  edit-metadata: 1.460966408252716
  landing: 0.7447179853916168
  view-data: 3.465281032025814
