times:
  edit-metadata: 1.3963457122445107
  landing: 0.7226650565862656
  view-data: 3.4335554018616676
