times:
  edit-metadata: 1.4770594462752342
  landing: 0.9710447713732719
  view-data: 3.4053185284137726
