times:
  edit-metadata: 1.7803332582116127
  landing: 0.9518216028809547
  view-data: 3.456412471830845
