times:
  edit-metadata: 1.4062856063246727
  landing: 0.747794896364212
  view-data: 3.493585169315338
