times:
  edit-metadata: 1.4573412910103798
  landing: 0.7565291002392769
  view-data: 3.3430684581398964
