times:
  edit-metadata: 2.146495647728443
  landing: 1.270892508327961
  view-data: 3.6460532918572426
