times:
  edit-metadata: 1.9722352921962738
  landing: 1.0303315222263336
  view-data: 3.370932526886463
