times:
  edit-metadata: 1.6764290258288383
  landing: 0.9127920679748058
  view-data: 3.3432191237807274
