times:
  edit-metadata: 1.7072459906339645
  landing: 1.0921139642596245
  view-data: 3.3312338441610336
