times:
  edit-metadata: 1.6633851900696754
  landing: 0.8850925266742706
  view-data: 3.285133682191372
