times:
  edit-metadata: 1.5013659968972206
  landing: 0.7445690110325813
  view-data: 3.4457292333245277
