times:
  edit-metadata: 1.4197143390774727
  landing: 0.8204884901642799
  view-data: 3.463596671819687
