times:
  edit-metadata: 1.4962238147854805
  landing: 0.8643234297633171
  view-data: 3.339793346822262
