times:
  edit-metadata: 1.853071704506874
  landing: 0.9284851551055908
  view-data: 3.318728193640709
