times:
  edit-metadata: 1.4976467862725258
  landing: 0.8565063625574112
  view-data: 3.3759388774633408
