times:
  edit-metadata: 1.4077812284231186
  landing: 0.7092771977186203
  view-data: 3.5085482001304626
