times:
  edit-metadata: 1.4882963225245476
  landing: 0.752896249294281
  view-data: 3.550640232861042
