times:
  edit-metadata: 1.7450799494981766
  landing: 0.7934720516204834
  view-data: 3.334674682468176
