times:
  edit-metadata: 1.36021376401186
  landing: 0.7631506025791168
  view-data: 3.4415008425712585
