times:
  edit-metadata: 1.3557780161499977
  landing: 0.897982232272625
  view-data: 3.394657790660858
