times:
  edit-metadata: 1.3702623583376408
  landing: 1.0441302806138992
  view-data: 3.326030306518078
