times:
  edit-metadata: 1.461666963994503
  landing: 0.789102666079998
  view-data: 3.6644222512841225
