times:
  edit-metadata: 1.3980943001806736
  landing: 0.7165694311261177
  view-data: 3.358676217496395
