times:
  edit-metadata: 1.8866854012012482
  landing: 0.9050364159047604
  view-data: 3.5865492559969425
