times:
  edit-metadata: 1.3735447451472282
  landing: 0.8276934772729874
  view-data: 3.248868092894554
