times:
  edit-metadata: 1.5061544701457024
  landing: 0.8691926524043083
  view-data: 3.4778100550174713
