times:
  edit-metadata: 1.4455251023173332
  landing: 0.8202138841152191
  view-data: 3.413355842232704
