times:
  edit-metadata: 1.2374293133616447
  landing: 0.8303151726722717
  view-data: 3.4989035427570343
