times:
  edit-metadata: 1.4072634354233742
  landing: 0.7806325927376747
  view-data: 3.482526123523712
