times:
  edit-metadata: 1.455356266349554
  landing: 0.7435255870223045
  view-data: 3.273525569587946
