times:
  edit-metadata: 1.3262936472892761
  landing: 0.7825174033641815
  view-data: 3.462228901684284
