times:
  edit-metadata: 1.3974547311663628
  landing: 0.7366447225213051
  view-data: 3.4758008122444153
