times:
  edit-metadata: 1.5214382149279118
  landing: 0.7469847947359085
  view-data: 3.3926004990935326
