times:
  edit-metadata: 1.3594711795449257
  landing: 0.684647835791111
  view-data: 3.360332928597927
