times:
  edit-metadata: 1.3731839954853058
  landing: 0.7559709325432777
  view-data: 3.466775953769684
