times:
  edit-metadata: 1.5138680636882782
  landing: 1.049301490187645
  view-data: 3.3033682703971863
