times:
  edit-metadata: 1.5086743235588074
  landing: 0.7781917229294777
  view-data: 3.4746138602495193
