times:
  edit-metadata: 1.3882071003317833
  landing: 0.9018434584140778
  view-data: 3.495385490357876
