times:
  edit-metadata: 1.3843781724572182
  landing: 0.760212816298008
  view-data: 3.3329194262623787
