times:
  edit-metadata: 1.3272099047899246
  landing: 0.7926222160458565
  view-data: 3.4623373970389366
