times:
  edit-metadata: 1.3912616223096848
  landing: 0.8008882850408554
  view-data: 3.396072670817375
