times:
  edit-metadata: 1.3848676458001137
  landing: 0.7322866767644882
  view-data: 3.443232536315918
