times:
  edit-metadata: 1.7627957835793495
  landing: 1.1076989024877548
  view-data: 3.412924136966467
