times:
  edit-metadata: 1.5156176090240479
  landing: 1.0454116761684418
  view-data: 3.295894406735897
