times:
  edit-metadata: 1.396831952035427
  landing: 0.7521587014198303
  view-data: 3.425774857401848
