times:
  edit-metadata: 1.445405051112175
  landing: 0.8302484303712845
  view-data: 3.4972686171531677
