times:
  edit-metadata: 1.4791211485862732
  landing: 0.9290086999535561
  view-data: 3.460567928850651
