times:
  edit-metadata: 1.3994972705841064
  landing: 0.7605074569582939
  view-data: 3.3867236003279686
