times:
  edit-metadata: 1.5961115285754204
  landing: 0.7798149809241295
  view-data: 3.360279269516468
