times:
  edit-metadata: 1.3963140547275543
  landing: 0.7930349707603455
  view-data: 3.4813948646187782
