times:
  edit-metadata: 1.6775162369012833
  landing: 0.9996624141931534
  view-data: 3.3349302485585213
