times:
  edit-metadata: 1.7127659916877747
  landing: 1.2344453632831573
  view-data: 3.9732998088002205
