times:
  edit-metadata: 1.6144765689969063
  landing: 0.7831390872597694
  view-data: 3.3232378140091896
