times:
  edit-metadata: 1.566364862024784
  landing: 0.9188393726944923
  view-data: 3.422443211078644
