times:
  edit-metadata: 1.5017961487174034
  landing: 0.771215945482254
  view-data: 3.404608801007271
