times:
  edit-metadata: 1.5913937725126743
  landing: 1.1110121048986912
  view-data: 3.315676186233759
