times:
  edit-metadata: 1.348924532532692
  landing: 0.7939779385924339
  view-data: 3.4157562032341957
