times:
  edit-metadata: 1.3886789381504059
  landing: 0.791416734457016
  view-data: 3.256285585463047
