times:
  edit-metadata: 1.424159288406372
  landing: 0.738262228667736
  view-data: 3.443674184381962
