times:
  edit-metadata: 1.3996030054986477
  landing: 0.7575581520795822
  view-data: 3.288322936743498
