times:
  edit-metadata: 2.1019736863672733
  landing: 1.2864213325083256
  view-data: 3.5098074302077293
