times:
  edit-metadata: 1.614072673022747
  landing: 0.9657433331012726
  view-data: 3.3411311395466328
