times:
  edit-metadata: 1.4277345538139343
  landing: 0.7264754548668861
  view-data: 3.5085211619734764
