times:
  edit-metadata: 1.4110387563705444
  landing: 0.7798624783754349
  view-data: 3.4661407247185707
