times:
  edit-metadata: 1.3651183433830738
  landing: 0.7413414195179939
  view-data: 3.327237781137228
