times:
  edit-metadata: 1.390429474413395
  landing: 0.7191823720932007
  view-data: 3.4095608592033386
