times:
  edit-metadata: 1.4745064564049244
  landing: 0.8078491576015949
  view-data: 3.278989553451538
