times:
  edit-metadata: 1.3863468803465366
  landing: 0.7581185214221478
  view-data: 3.347322203218937
