times:
  edit-metadata: 1.625354252755642
  landing: 0.7586739361286163
  view-data: 3.6506243646144867
