times:
  edit-metadata: 1.3469786308705807
  landing: 0.772669430822134
  view-data: 3.3706737868487835
