times:
  edit-metadata: 1.5379103496670723
  landing: 0.7917164787650108
  view-data: 3.441936857998371
