times:
  edit-metadata: 1.5229183733463287
  landing: 0.7391844093799591
  view-data: 3.4159604012966156
