times:
  edit-metadata: 1.361654482781887
  landing: 0.692487858235836
  view-data: 3.368130974471569
