times:
  edit-metadata: 1.4213967025279999
  landing: 0.796385370194912
  view-data: 3.3632204458117485
