times:
  edit-metadata: 1.7622789070010185
  landing: 0.8466335274279118
  view-data: 3.3623090498149395
