times:
  edit-metadata: 1.4589803218841553
  landing: 0.8778790608048439
  view-data: 3.33690058067441
