times:
  edit-metadata: 1.49175313860178
  landing: 0.8386439979076385
  view-data: 3.348923549056053
