times:
  edit-metadata: 2.072660870850086
  landing: 1.2734109237790108
  view-data: 3.516044706106186
