times:
  edit-metadata: 1.340435728430748
  landing: 0.7926414459943771
  view-data: 3.3980846032500267
