times:
  edit-metadata: 1.3784908205270767
  landing: 0.7382749021053314
  view-data: 3.359592355787754
