times:
  edit-metadata: 1.3540145307779312
  landing: 0.6743713244795799
  view-data: 3.4468372836709023
