times:
  edit-metadata: 1.8183910548686981
  landing: 1.0901258438825607
  view-data: 3.4750587418675423
