times:
  edit-metadata: 1.7835316583514214
  landing: 0.9533992931246758
  view-data: 3.3117833212018013
