times:
  edit-metadata: 1.368050180375576
  landing: 0.798023097217083
  view-data: 3.4341581910848618
