times:
  edit-metadata: 1.5548401176929474
  landing: 0.8757210597395897
  view-data: 3.301981031894684
