times:
  edit-metadata: 1.7577147632837296
  landing: 0.892749696969986
  view-data: 3.363089185208082
