times:
  edit-metadata: 1.7120543420314789
  landing: 0.9424785375595093
  view-data: 3.3478968888521194
