times:
  edit-metadata: 1.3832434266805649
  landing: 0.7218424007296562
  view-data: 3.3789975345134735
