times:
  edit-metadata: 1.4629209712147713
  landing: 0.8739044070243835
  view-data: 3.541039027273655
