times:
  edit-metadata: 1.4117804542183876
  landing: 1.162973791360855
  view-data: 3.474651589989662
