times:
  edit-metadata: 1.6189770996570587
  landing: 0.7180908396840096
  view-data: 3.4821973219513893
