times:
  edit-metadata: 1.331611342728138
  landing: 0.7706799432635307
  view-data: 3.247668705880642
