times:
  edit-metadata: 1.5567635297775269
  landing: 0.9153430983424187
  view-data: 3.484961301088333
