times:
  edit-metadata: 1.5337086394429207
  landing: 0.8603906445205212
  view-data: 3.3312000818550587
