times:
  edit-metadata: 1.5562923699617386
  landing: 0.783254973590374
  view-data: 3.325078494846821
