times:
  edit-metadata: 1.4671874158084393
  landing: 0.9135036058723927
  view-data: 3.338513344526291
