times:
  edit-metadata: 1.3988893292844296
  landing: 0.7367387600243092
  view-data: 3.287997093051672
