times:
  edit-metadata: 1.6115910485386848
  landing: 0.9214121624827385
  view-data: 3.472285822033882
