times:
  edit-metadata: 1.4460193440318108
  landing: 0.895429439842701
  view-data: 3.477798640727997
