times:
  edit-metadata: 1.4097962826490402
  landing: 0.7207540720701218
  view-data: 3.4756930097937584
