times:
  edit-metadata: 1.3351394981145859
  landing: 0.7787058129906654
  view-data: 3.491890497505665
