times:
  edit-metadata: 1.455792635679245
  landing: 0.9808799549937248
  view-data: 3.5255488082766533
