times:
  edit-metadata: 1.4607866778969765
  landing: 0.8615758456289768
  view-data: 3.3171375766396523
