times:
  edit-metadata: 1.3790239281952381
  landing: 0.8853966854512691
  view-data: 3.3218621760606766
