times:
  edit-metadata: 1.3792961537837982
  landing: 0.7528993412852287
  view-data: 3.4925088435411453
