times:
  edit-metadata: 1.4216489344835281
  landing: 0.7187839895486832
  view-data: 3.8419950678944588
