times:
  edit-metadata: 1.453238844871521
  landing: 0.7258137837052345
  view-data: 3.491968348622322
