times:
  edit-metadata: 1.3778645396232605
  landing: 1.0464817881584167
  view-data: 3.5172065049409866
