times:
  edit-metadata: 1.8934777826070786
  landing: 1.4090104848146439
  view-data: 3.6892024129629135
