times:
  edit-metadata: 1.4014036729931831
  landing: 0.8246716409921646
  view-data: 3.41373910009861
