times:
  edit-metadata: 1.4754262566566467
  landing: 0.7709212005138397
  view-data: 3.471023514866829
