times:
  edit-metadata: 1.3526593446731567
  landing: 0.7042223289608955
  view-data: 3.3995634466409683
