times:
  edit-metadata: 1.3692993372678757
  landing: 0.7798570170998573
  view-data: 3.453078083693981
