times:
  edit-metadata: 1.3997584134340286
  landing: 0.7276613712310791
  view-data: 3.5048090890049934
