times:
  edit-metadata: 3.2822973504662514
  landing: 2.1867048144340515
  view-data: 4.334946319460869
