times:
  edit-metadata: 1.3910870924592018
  landing: 0.8137872219085693
  view-data: 3.2575930058956146
