times:
  edit-metadata: 1.3958718180656433
  landing: 0.7243047431111336
  view-data: 3.474105440080166
