times:
  edit-metadata: 1.6912373378872871
  landing: 0.8519212603569031
  view-data: 3.3405145332217216
