times:
  edit-metadata: 1.4567583501338959
  landing: 0.8757714331150055
  view-data: 3.4725030958652496
