times:
  edit-metadata: 2.039991222321987
  landing: 1.4699650555849075
  view-data: 3.52632849663496
