times:
  edit-metadata: 1.4898090437054634
  landing: 0.8516401126980782
  view-data: 3.4938597306609154
