times:
  edit-metadata: 1.4342151135206223
  landing: 0.7546140030026436
  view-data: 3.521163910627365
