times:
  edit-metadata: 1.4926249533891678
  landing: 0.7966526970267296
  view-data: 3.336598128080368
