times:
  edit-metadata: 1.5030615404248238
  landing: 0.7532761693000793
  view-data: 3.4466423466801643
