times:
  edit-metadata: 1.3209553435444832
  landing: 0.8271553367376328
  view-data: 3.4491134211421013
