times:
  edit-metadata: 1.5003647580742836
  landing: 0.7307732477784157
  view-data: 3.430229887366295
