times:
  edit-metadata: 1.4801663011312485
  landing: 0.7520988285541534
  view-data: 3.413760058581829
