times:
  edit-metadata: 1.4190952628850937
  landing: 0.7410870641469955
  view-data: 3.3827816396951675
