times:
  edit-metadata: 1.3755882009863853
  landing: 0.7165179997682571
  view-data: 3.3347341492772102
