times:
  edit-metadata: 1.3937903717160225
  landing: 0.7631873488426208
  view-data: 3.496744580566883
