times:
  edit-metadata: 1.4916642382740974
  landing: 0.8376099020242691
  view-data: 3.477053478360176
