times:
  edit-metadata: 1.568019986152649
  landing: 0.7653315365314484
  view-data: 3.307742550969124
