times:
  edit-metadata: 1.4524908438324928
  landing: 0.7977109178900719
  view-data: 3.3867363184690475
