times:
  edit-metadata: 1.4745805338025093
  landing: 0.8023589327931404
  view-data: 3.4795775040984154
