times:
  edit-metadata: 1.4000970497727394
  landing: 0.7730835527181625
  view-data: 3.4261412993073463
