times:
  edit-metadata: 1.4599423855543137
  landing: 0.810319684445858
  view-data: 3.283245950937271
