times:
  edit-metadata: 1.382261946797371
  landing: 0.7314049229025841
  view-data: 3.416849635541439
