times:
  edit-metadata: 1.4705768078565598
  landing: 0.7931546270847321
  view-data: 3.530242085456848
