times:
  edit-metadata: 1.8521642163395882
  landing: 1.1409110054373741
  view-data: 3.647506721317768
