times:
  edit-metadata: 1.475174143910408
  landing: 0.8021819442510605
  view-data: 3.421129636466503
