times:
  edit-metadata: 1.4266023337841034
  landing: 0.9034971222281456
  view-data: 3.2745907828211784
