times:
  edit-metadata: 1.4916111305356026
  landing: 0.7386578097939491
  view-data: 3.4495528489351273
