times:
  edit-metadata: 1.4566375017166138
  landing: 0.7363620176911354
  view-data: 3.298729784786701
