times:
  edit-metadata: 1.4004368260502815
  landing: 0.9627362713217735
  view-data: 3.4646613523364067
