times:
  edit-metadata: 1.4021246507763863
  landing: 0.7573788538575172
  view-data: 3.321000173687935
