times:
  edit-metadata: 1.4118750616908073
  landing: 0.7033675760030746
  view-data: 3.410524234175682
