times:
  edit-metadata: 1.4930623769760132
  landing: 0.7542280554771423
  view-data: 3.4705278277397156
