times:
  edit-metadata: 1.4687343016266823
  landing: 0.8011593148112297
  view-data: 3.3165193870663643
