times:
  edit-metadata: 1.3807406723499298
  landing: 0.7872811853885651
  view-data: 3.317689135670662
