times:
  edit-metadata: 1.4328379109501839
  landing: 0.825540192425251
  view-data: 3.482009321451187
