times:
  edit-metadata: 1.8850149810314178
  landing: 1.1242303401231766
  view-data: 3.373720295727253
