times:
  edit-metadata: 1.5038827136158943
  landing: 0.9854325950145721
  view-data: 3.3935687616467476
