times:
  edit-metadata: 1.4085027500987053
  landing: 0.7450696229934692
  view-data: 3.5263439044356346
