times:
  edit-metadata: 1.3709702342748642
  landing: 0.7939493805170059
  view-data: 3.3301228061318398
