times:
  edit-metadata: 1.4864396080374718
  landing: 1.0077864229679108
  view-data: 3.5624630376696587
