times:
  edit-metadata: 1.5039046853780746
  landing: 0.7472164630889893
  view-data: 3.45706919580698
