times:
  edit-metadata: 1.4246913939714432
  landing: 0.7611836865544319
  view-data: 3.3789215609431267
