times:
  edit-metadata: 1.5509260445833206
  landing: 0.8779877498745918
  view-data: 3.4289363250136375
