times:
  edit-metadata: 1.4568948596715927
  landing: 0.7692972868680954
  view-data: 3.536348968744278
