times:
  edit-metadata: 1.3645624071359634
  landing: 0.8686327338218689
  view-data: 3.4609513357281685
