times:
  edit-metadata: 1.4677962139248848
  landing: 0.8088409081101418
  view-data: 3.514342226088047
