times:
  edit-metadata: 1.3653209507465363
  landing: 0.7572802975773811
  view-data: 3.4870254322886467
