times:
  edit-metadata: 1.5357281938195229
  landing: 0.8932130485773087
  view-data: 3.3401265293359756
