times:
  edit-metadata: 1.4678771868348122
  landing: 0.7382821291685104
  view-data: 3.4275661781430244
