times:
  edit-metadata: 1.3441949412226677
  landing: 0.6761604323983192
  view-data: 3.4497495219111443
