times:
  edit-metadata: 1.4347295388579369
  landing: 0.7653496935963631
  view-data: 3.4634432047605515
