times:
  edit-metadata: 1.3479152545332909
  landing: 0.7164324373006821
  view-data: 3.3113492652773857
