times:
  edit-metadata: 1.404558926820755
  landing: 0.7297409921884537
  view-data: 3.547654576599598
