times:
  edit-metadata: 2.101197600364685
  landing: 1.239265725016594
  view-data: 3.61934182792902
