times:
  edit-metadata: 1.4756050780415535
  landing: 0.7606132701039314
  view-data: 3.4284554198384285
