times:
  edit-metadata: 1.4801544919610023
  landing: 0.7305001839995384
  view-data: 3.3983138874173164
