times:
  edit-metadata: 1.4677243456244469
  landing: 0.7735626548528671
  view-data: 3.506694622337818
