times:
  edit-metadata: 1.921264410018921
  landing: 1.1911703646183014
  view-data: 3.5158321857452393
