times:
  edit-metadata: 1.608074314892292
  landing: 1.2366455420851707
  view-data: 3.565083496272564
