times:
  edit-metadata: 1.485570177435875
  landing: 0.7621471732854843
  view-data: 3.4970158860087395
