times:
  edit-metadata: 1.3413229957222939
  landing: 0.8000507429242134
  view-data: 3.49941373616457
