times:
  edit-metadata: 1.4960452765226364
  landing: 0.7677483782172203
  view-data: 3.4528442099690437
