times:
  edit-metadata: 1.4958223551511765
  landing: 0.7501317411661148
  view-data: 3.4984646514058113
