times:
  edit-metadata: 1.387407198548317
  landing: 0.773730143904686
  view-data: 3.5389185398817062
