times:
  edit-metadata: 1.770341470837593
  landing: 0.8397210091352463
  view-data: 3.4836194068193436
