times:
  edit-metadata: 1.6900258362293243
  landing: 0.8928758054971695
  view-data: 3.4060198366642
