times:
  edit-metadata: 1.3585617020726204
  landing: 0.7690757140517235
  view-data: 3.5033860877156258
