times:
  edit-metadata: 1.423276148736477
  landing: 0.709410235285759
  view-data: 3.4899882301688194
