times:
  edit-metadata: 1.3726210370659828
  landing: 1.0340064838528633
  view-data: 3.443966753780842
