times:
  edit-metadata: 1.495097242295742
  landing: 0.8254622742533684
  view-data: 3.639740824699402
