times:
  edit-metadata: 1.3982665538787842
  landing: 0.7368596717715263
  view-data: 3.2837366238236427
