times:
  edit-metadata: 2.119778409600258
  landing: 1.4522442519664764
  view-data: 3.566912680864334
