times:
  edit-metadata: 1.3933749794960022
  landing: 0.8303892686963081
  view-data: 3.5436708107590675
