times:
  edit-metadata: 1.3594962656497955
  landing: 0.7442811727523804
  view-data: 3.4205635711550713
