times:
  edit-metadata: 1.489471010863781
  landing: 0.7604355812072754
  view-data: 3.2954924255609512
