times:
  edit-metadata: 1.3408950194716454
  landing: 0.7217525765299797
  view-data: 3.4058364182710648
