times:
  edit-metadata: 2.020836152136326
  landing: 0.9883628860116005
  view-data: 3.5924650952219963
