times:
  edit-metadata: 1.3711723685264587
  landing: 0.7922797054052353
  view-data: 3.5016258507966995
