times:
  edit-metadata: 1.4164527356624603
  landing: 0.7816773131489754
  view-data: 3.481738157570362
