times:
  edit-metadata: 3.1825601682066917
  landing: 1.2366559356451035
  view-data: 3.8472258746623993
