times:
  edit-metadata: 1.535227358341217
  landing: 1.055219642817974
  view-data: 3.5123030692338943
