times:
  edit-metadata: 1.54085573554039
  landing: 0.953731182962656
  view-data: 3.3611521422863007
