times:
  edit-metadata: 1.4003048278391361
  landing: 0.7399361208081245
  view-data: 3.25783983245492
