times:
  edit-metadata: 1.3606179654598236
  landing: 0.7935289293527603
  view-data: 3.3008365854620934
