times:
  edit-metadata: 1.822864968329668
  landing: 0.9362304694950581
  view-data: 3.3221937976777554
