times:
  edit-metadata: 1.4719263836741447
  landing: 0.7659002020955086
  view-data: 3.5328184366226196
