times:
  edit-metadata: 1.3942993097007275
  landing: 0.7685034163296223
  view-data: 3.3391458690166473
