times:
  edit-metadata: 1.387155570089817
  landing: 0.9144915193319321
  view-data: 3.4780380874872208
