times:
  edit-metadata: 1.4238117262721062
  landing: 0.8336068391799927
  view-data: 3.444031670689583
