times:
  edit-metadata: 1.3681586869060993
  landing: 0.7456961013376713
  view-data: 3.275055155158043
