times:
  edit-metadata: 1.4125866740942001
  landing: 0.8228915669023991
  view-data: 3.303549215197563
