times:
  edit-metadata: 1.450807973742485
  landing: 0.8267257958650589
  view-data: 3.489445574581623
