times:
  edit-metadata: 2.0892819315195084
  landing: 1.5550968050956726
  view-data: 3.529121369123459
