times:
  edit-metadata: 1.4031246826052666
  landing: 0.7738675624132156
  view-data: 3.4813448414206505
