times:
  edit-metadata: 1.3366712555289268
  landing: 0.7961070239543915
  view-data: 3.4572630673646927
