times:
  edit-metadata: 1.5122570842504501
  landing: 0.9785160683095455
  view-data: 3.3614368960261345
