times:
  edit-metadata: 1.4608206376433372
  landing: 0.8199016973376274
  view-data: 3.424299731850624
