times:
  edit-metadata: 2.3005986474454403
  landing: 1.2912347204983234
  view-data: 3.580388557165861
