times:
  edit-metadata: 1.4509335793554783
  landing: 0.8917568027973175
  view-data: 3.3591831512749195
