times:
  edit-metadata: 1.3791984170675278
  landing: 0.7932034060359001
  view-data: 3.4381037577986717
