times:
  edit-metadata: 3.344125434756279
  landing: 1.9798937737941742
  view-data: 3.759639948606491
