times:
  edit-metadata: 1.4335643276572227
  landing: 1.0388384759426117
  view-data: 3.4547578766942024
