times:
  edit-metadata: 1.5430554449558258
  landing: 0.793865442276001
  view-data: 3.490845665335655
