times:
  edit-metadata: 1.655347317457199
  landing: 1.0439984798431396
  view-data: 3.840226039290428
