times:
  edit-metadata: 1.8516387045383453
  landing: 1.0860702842473984
  view-data: 3.3898855298757553
