times:
  edit-metadata: 1.4609261453151703
  landing: 0.7997892685234547
  view-data: 3.299531802535057
