times:
  edit-metadata: 1.4852444529533386
  landing: 0.7765375301241875
  view-data: 3.494917720556259
