times:
  edit-metadata: 1.5472080036997795
  landing: 0.7976915836334229
  view-data: 3.4442697688937187
