times:
  edit-metadata: 1.4782191887497902
  landing: 0.8285491466522217
  view-data: 3.2757974974811077
