times:
  edit-metadata: 1.5025023594498634
  landing: 0.7978876307606697
  view-data: 3.4031834602355957
