times:
  edit-metadata: 1.352774303406477
  landing: 0.8230798505246639
  view-data: 3.3474800996482372
