times:
  edit-metadata: 1.4951137453317642
  landing: 0.8271138593554497
  view-data: 3.3527414575219154
