times:
  edit-metadata: 1.4177261590957642
  landing: 0.8632938973605633
  view-data: 3.333163734525442
