times:
  edit-metadata: 2.5185152888298035
  landing: 1.3841922357678413
  view-data: 3.6357594281435013
