times:
  edit-metadata: 1.414005845785141
  landing: 0.7945563942193985
  view-data: 3.4481886699795723
