times:
  edit-metadata: 1.5257402285933495
  landing: 0.9249612763524055
  view-data: 3.493211656808853
