times:
  edit-metadata: 1.5080383345484734
  landing: 0.7581316381692886
  view-data: 3.464216858148575
