times:
  edit-metadata: 1.447663426399231
  landing: 0.8406633734703064
  view-data: 3.465167410671711
