times:
  edit-metadata: 1.5736907199025154
  landing: 1.0014676675200462
  view-data: 3.4592620357871056
