times:
  edit-metadata: 1.4509827941656113
  landing: 0.7988036051392555
  view-data: 3.253201074898243
