times:
  edit-metadata: 1.5518522560596466
  landing: 0.9333777315914631
  view-data: 3.240975361317396
