times:
  edit-metadata: 2.1993247903883457
  landing: 1.582235001027584
  view-data: 3.5332982130348682
