times:
  edit-metadata: 2.547802373766899
  landing: 1.139293808490038
  view-data: 3.4645041078329086
