times:
  edit-metadata: 1.6154300272464752
  landing: 0.85657062754035
  view-data: 3.378825657069683
