times:
  edit-metadata: 1.396171998232603
  landing: 0.758794192224741
  view-data: 3.401756141334772
