times:
  edit-metadata: 1.3595849052071571
  landing: 0.9149099662899971
  view-data: 3.424184426665306
