times:
  edit-metadata: 1.4873581677675247
  landing: 0.7503703385591507
  view-data: 3.423461429774761
