times:
  edit-metadata: 1.536085493862629
  landing: 0.819394625723362
  view-data: 3.410106487572193
