times:
  edit-metadata: 2.491497941315174
  landing: 1.0704028010368347
  view-data: 3.388266757130623
