times:
  edit-metadata: 1.3775100260972977
  landing: 0.777060978114605
  view-data: 3.426905535161495
