times:
  edit-metadata: 1.5730060115456581
  landing: 0.9710867740213871
  view-data: 3.306237615644932
