times:
  edit-metadata: 1.5083374083042145
  landing: 1.003278773277998
  view-data: 3.3175676241517067
