times:
  edit-metadata: 1.4354294538497925
  landing: 0.8331486582756042
  view-data: 3.372728928923607
