times:
  edit-metadata: 1.6383203864097595
  landing: 1.3520160615444183
  view-data: 3.2916790693998337
