times:
  edit-metadata: 1.4121693074703217
  landing: 0.772092517465353
  view-data: 3.3711584992706776
