times:
  edit-metadata: 1.6215462610125542
  landing: 0.8983310163021088
  view-data: 3.368417326360941
