times:
  edit-metadata: 1.176231786608696
  landing: 0.7793445736169815
  view-data: 3.5276860371232033
