times:
  edit-metadata: 1.3970429301261902
  landing: 0.8784777075052261
  view-data: 3.274848587810993
