times:
  edit-metadata: 1.4274964034557343
  landing: 0.8521684557199478
  view-data: 3.323829375207424
