times:
  edit-metadata: 1.4076711721718311
  landing: 0.8742484413087368
  view-data: 3.3492393009364605
