times:
  edit-metadata: 1.4477247819304466
  landing: 0.863948255777359
  view-data: 3.307137183845043
