times:
  edit-metadata: 1.5134574472904205
  landing: 0.9024703130126
  view-data: 3.341411091387272
