times:
  edit-metadata: 1.5629813745617867
  landing: 0.8711364418268204
  view-data: 3.5246421322226524
