times:
  edit-metadata: 1.4162858240306377
  landing: 0.8678448051214218
  view-data: 3.332172181457281
