times:
  edit-metadata: 1.4812043234705925
  landing: 0.8470342978835106
  view-data: 3.444931775331497
