times:
  edit-metadata: 1.3808444142341614
  landing: 0.7541099116206169
  view-data: 3.5032317638397217
