times:
  edit-metadata: 1.533011868596077
  landing: 0.888531357049942
  view-data: 3.3942889384925365
