times:
  edit-metadata: 1.4643251970410347
  landing: 0.8040196001529694
  view-data: 3.4294876009225845
