times:
  edit-metadata: 1.7272218763828278
  landing: 0.99270910769701
  view-data: 3.3177597858011723
