times:
  edit-metadata: 1.499291818588972
  landing: 0.9434469155967236
  view-data: 3.3881469033658504
