times:
  edit-metadata: 1.4938428774476051
  landing: 0.8959695473313332
  view-data: 3.3184356354177
