times:
  edit-metadata: 2.3083162680268288
  landing: 1.670330435037613
  view-data: 3.616393730044365
