times:
  edit-metadata: 1.9965116865932941
  landing: 0.9138324931263924
  view-data: 3.3108129054307938
