times:
  edit-metadata: 1.3377401307225227
  landing: 0.8238537088036537
  view-data: 3.2916883528232574
