times:
  edit-metadata: 1.5475379973649979
  landing: 0.8748795241117477
  view-data: 3.4960521534085274
