times:
  edit-metadata: 1.491550475358963
  landing: 0.9082897901535034
  view-data: 3.3571794107556343
