times:
  edit-metadata: 1.629418931901455
  landing: 0.8786715716123581
  view-data: 3.3556951954960823
