times:
  edit-metadata: 1.4530708715319633
  landing: 0.8457623720169067
  view-data: 3.476726919412613
