times:
  edit-metadata: 1.4342908710241318
  landing: 0.8754160478711128
  view-data: 3.478759102523327
