times:
  edit-metadata: 1.4318511560559273
  landing: 0.9362351857125759
  view-data: 3.3776058554649353
