times:
  edit-metadata: 1.5291426740586758
  landing: 0.8225422017276287
  view-data: 3.346749175339937
