times:
  edit-metadata: 1.553076222538948
  landing: 0.813721276819706
  view-data: 3.5901104658842087
