times:
  edit-metadata: 1.4330135211348534
  landing: 0.8261721171438694
  view-data: 3.331263732165098
