times:
  edit-metadata: 1.4442835077643394
  landing: 1.010233849287033
  view-data: 3.4139427319169044
