times:
  edit-metadata: 1.4715183600783348
  landing: 0.8792947828769684
  view-data: 3.5112205520272255
