times:
  edit-metadata: 1.3367555737495422
  landing: 0.8602839335799217
  view-data: 3.3093209452927113
