times:
  edit-metadata: 1.5260089561343193
  landing: 0.8666210919618607
  view-data: 3.3098873049020767
