times:
  edit-metadata: 1.4158355258405209
  landing: 0.9728422351181507
  view-data: 3.337784804403782
