times:
  edit-metadata: 1.310868475586176
  landing: 0.8635584004223347
  view-data: 3.300540652126074
