times:
  edit-metadata: 1.5217615962028503
  landing: 0.9473287165164948
  view-data: 3.606195941567421
