times:
  edit-metadata: 1.4748352095484734
  landing: 0.8302760422229767
  view-data: 3.516268901526928
