times:
  edit-metadata: 1.345998726785183
  landing: 0.7695061191916466
  view-data: 3.442806214094162
