times:
  edit-metadata: 1.5163697749376297
  landing: 0.9687966220080853
  view-data: 3.365874696522951
