times:
  edit-metadata: 1.3690616190433502
  landing: 0.8233458325266838
  view-data: 3.2966614104807377
