times:
  edit-metadata: 1.4887581542134285
  landing: 0.8708215616643429
  view-data: 3.287330277264118
