times:
  edit-metadata: 1.486570656299591
  landing: 0.8559946939349174
  view-data: 3.4748590886592865
