times:
  edit-metadata: 1.5081840679049492
  landing: 0.8086206912994385
  view-data: 3.471134528517723
