times:
  edit-metadata: 1.4295209497213364
  landing: 0.8517170771956444
  view-data: 3.2598483934998512
