times:
  edit-metadata: 1.5212153792381287
  landing: 0.8046516701579094
  view-data: 3.521419405937195
