times:
  edit-metadata: 1.4108954146504402
  landing: 0.7792227491736412
  view-data: 3.3275557830929756
