times:
  edit-metadata: 1.5523487478494644
  landing: 0.7968534380197525
  view-data: 3.408968061208725
