times:
  edit-metadata: 1.3761825412511826
  landing: 0.9870582595467567
  view-data: 3.515095680952072
