times:
  edit-metadata: 1.4014984741806984
  landing: 0.8861120566725731
  view-data: 3.511063687503338
