times:
  edit-metadata: 1.454707097262144
  landing: 0.8852588161826134
  view-data: 3.3301870599389076
