times:
  edit-metadata: 1.4092458933591843
  landing: 0.7727522104978561
  view-data: 3.347276758402586
