times:
  edit-metadata: 2.1793740876019
  landing: 0.9404968619346619
  view-data: 3.416662100702524
