times:
  edit-metadata: 1.4237032756209373
  landing: 0.7615445181727409
  view-data: 3.422762505710125
