times:
  edit-metadata: 1.6458875685930252
  landing: 1.0122209936380386
  view-data: 3.3266488164663315
