times:
  edit-metadata: 1.447099581360817
  landing: 0.8078153431415558
  view-data: 3.4484293088316917
