times:
  edit-metadata: 1.5261144414544106
  landing: 0.8580766841769218
  view-data: 3.301948368549347
