times:
  edit-metadata: 1.528010692447424
  landing: 0.8415276110172272
  view-data: 3.2813653387129307
