times:
  edit-metadata: 1.4587182775139809
  landing: 0.8429852053523064
  view-data: 3.3953667283058167
