times:
  edit-metadata: 1.505840215831995
  landing: 0.8582361117005348
  view-data: 3.3627065792679787
