times:
  edit-metadata: 1.3774286434054375
  landing: 0.8787536136806011
  view-data: 3.354802217334509
