times:
  edit-metadata: 1.489410288631916
  landing: 0.8474395200610161
  view-data: 3.470395214855671
