times:
  edit-metadata: 1.4849723279476166
  landing: 0.7851122617721558
  view-data: 3.2406500056385994
