times:
  edit-metadata: 1.425696037709713
  landing: 0.7681962996721268
  view-data: 3.431941471993923
