times:
  edit-metadata: 2.280969776213169
  landing: 1.7769912779331207
  view-data: 3.4498897045850754
