times:
  edit-metadata: 1.4176267609000206
  landing: 0.8351274095475674
  view-data: 3.287001609802246
