times:
  edit-metadata: 1.4932642504572868
  landing: 0.8280004858970642
  view-data: 3.38093926012516
