times:
  edit-metadata: 1.3586240485310555
  landing: 0.7928584665060043
  view-data: 3.44702185690403
