times:
  edit-metadata: 1.467172496020794
  landing: 0.803640142083168
  view-data: 3.5080551728606224
