times:
  edit-metadata: 1.1923526600003242
  landing: 0.8165644779801369
  view-data: 3.436076693236828
