times:
  edit-metadata: 1.5956123769283295
  landing: 1.0608367919921875
  view-data: 3.461984731256962
