times:
  edit-metadata: 1.5123804286122322
  landing: 0.9020199477672577
  view-data: 3.4060171879827976
