times:
  edit-metadata: 1.4681912399828434
  landing: 0.8549142628908157
  view-data: 3.3363673351705074
