times:
  edit-metadata: 1.4205791056156158
  landing: 0.8788707554340363
  view-data: 3.4696941301226616
