times:
  edit-metadata: 1.4304168857634068
  landing: 0.9811184331774712
  view-data: 3.3062824867665768
