times:
  edit-metadata: 1.4182012528181076
  landing: 0.8149629682302475
  view-data: 3.5052655041217804
