times:
  edit-metadata: 1.6399548426270485
  landing: 0.9983575567603111
  view-data: 3.8139323070645332
