times:
  edit-metadata: 1.487943671643734
  landing: 0.8343792259693146
  view-data: 3.4886093884706497
