times:
  edit-metadata: 1.4621596336364746
  landing: 0.8027054443955421
  view-data: 3.2816327065229416
