times:
  edit-metadata: 1.4883285164833069
  landing: 0.87288748472929
  view-data: 3.4883121699094772
