times:
  edit-metadata: 1.5697949156165123
  landing: 0.9660941436886787
  view-data: 3.4995078667998314
