times:
  edit-metadata: 1.4608809724450111
  landing: 0.9507395550608635
  view-data: 3.375033415853977
