times:
  edit-metadata: 1.3682870604097843
  landing: 0.7602409347891808
  view-data: 3.355819933116436
