times:
  edit-metadata: 1.712707906961441
  landing: 1.0232478007674217
  view-data: 3.3262661956250668
