times:
  edit-metadata: 1.4773833006620407
  landing: 0.8426162302494049
  view-data: 3.2865172997117043
