times:
  edit-metadata: 1.4990481287240982
  landing: 0.8737137019634247
  view-data: 3.2774612456560135
