times:
  edit-metadata: 1.4222053214907646
  landing: 0.7517136484384537
  view-data: 3.482365407049656
