times:
  edit-metadata: 1.43206025660038
  landing: 0.8185816779732704
  view-data: 3.251075506210327
