times:
  edit-metadata: 1.4615778475999832
  landing: 0.8229634463787079
  view-data: 3.36472949385643
