times:
  edit-metadata: 1.4670059382915497
  landing: 0.8935529291629791
  view-data: 3.3676645010709763
