times:
  edit-metadata: 1.4217715039849281
  landing: 0.8644331842660904
  view-data: 3.276635490357876
