times:
  edit-metadata: 1.5751414448022842
  landing: 0.8876632153987885
  view-data: 3.371256448328495
