times:
  edit-metadata: 1.9947615042328835
  landing: 1.2548296824097633
  view-data: 3.3500628024339676
