times:
  edit-metadata: 1.4451810494065285
  landing: 0.7325666695833206
  view-data: 3.3769057542085648
