times:
  landing: 0.5541082199999892
  view-data: 0.5507429980000325
