times:
  edit-metadata: 1.3194806184619665
  landing: 0.019405215978622437
  view-data: 0.026221399195492268
