times:
  edit-metadata: 2.1972920782864094
  landing: 0.9804902262985706
  view-data: 3.3949079737067223
