times:
  edit-metadata: 1.6114877313375473
  landing: 0.17595916613936424
  view-data: 0.061232056468725204
