times:
  landing: 1.08920156399995
  view-data: 0.5628353509999897
