times:
  edit-metadata: 0.49386787973344326
  landing: 1.618062959983945
  view-data: 0.5918758641928434
