times:
  edit-metadata: 0.5390341579914093
  landing: 1.039172239601612
  view-data: 0.3020636271685362
