times:
  edit-metadata: 1.4092166721820831
  landing: 0.022013068199157715
  view-data: 0.3440989535301924
