times:
  landing: 0.5557698000000073
  view-data: 0.5635922010000058
