times:
  edit-metadata: 1.3082316294312477
  landing: 0.020453542470932007
  view-data: 0.38771054428070784
