times:
  edit-metadata: 1.5971613302826881
  landing: 0.1690819039940834
  view-data: 0.5304874274879694
