times:
  edit-metadata: 0.4170129841659218
  landing: 0.07240267493762076
  view-data: 0.21789007307961583
