times:
  edit-metadata: 0.5345072206109762
  landing: 0.5780234429985285
  view-data: 0.1940790507942438
