times:
  edit-metadata: 0.41830025613307953
  landing: 0.07661041105166078
  view-data: 0.2106187418103218
