times:
  edit-metadata: 0.5098174996674061
  landing: 0.04556591808795929
  view-data: 0.190919641405344
