times:
  landing: 1.0684599820000358
  view-data: 0.5549541859999749
