times:
  edit-metadata: 0.4933062419295311
  landing: 0.05466388165950775
  view-data: 0.18892329558730125
