times:
  edit-metadata: 1.6166230719536543
  landing: 0.20726435258984566
  view-data: 0.025557078421115875
