times:
  edit-metadata: 0.4301518709398806
  landing: 0.05473067099228501
  view-data: 0.34096573619171977
