times:
  edit-metadata: 1.415844394825399
  landing: 0.24760199058800936
  view-data: 0.4059520624577999
