times:
  edit-metadata: 0.47398451203480363
  landing: 0.06539119081571698
  view-data: 0.2355767129920423
