times:
  edit-metadata: 1.4538287320174277
  landing: 0.7878057929920033
  view-data: 3.7035470000701025
