times:
  edit-metadata: 1.4131232053041458
  landing: 0.11554604582488537
  view-data: 0.1409598421305418
