times:
  edit-metadata: 0.608710132073611
  landing: 0.05067932605743408
  view-data: 0.2880479139275849
