times:
  edit-metadata: 1.7251001773402095
  landing: 0.024622690863907337
  view-data: 0.49007275328040123
