times:
  landing: 1.0764887440000166
  view-data: 0.554626704000043
