times:
  edit-metadata: 1.6424717213958502
  landing: 0.8925554975867271
  view-data: 3.535633359104395
