times:
  edit-metadata: 0.5727989110164344
  landing: 0.07040457706898451
  view-data: 0.21691185212694108
