times:
  edit-metadata: 2.2597711011767387
  landing: 1.2787408120930195
  view-data: 3.594052605330944
