times:
  edit-metadata: 0.45506848860532045
  landing: 0.052127087488770485
  view-data: 0.2366491500288248
