times:
  edit-metadata: 1.4005702431313694
  landing: 0.8236090061254799
  view-data: 3.414567436091602
