times:
  edit-metadata: 1.4692247547209263
  landing: 0.9334436804056168
  view-data: 3.4483978375792503
