times:
  edit-metadata: 1.583077296614647
  landing: 0.9385486003011465
  view-data: 3.400863377377391
