times:
  edit-metadata: 1.4016392519697547
  landing: 0.01938650105148554
  view-data: 0.023277568630874157
