times:
  edit-metadata: 1.5286516845226288
  landing: 0.7476804945617914
  view-data: 3.303323123604059
