times:
  edit-metadata: 0.5345455706119537
  landing: 0.05555349215865135
  view-data: 0.18971217796206474
