times:
  edit-metadata: 1.4693040549755096
  landing: 0.9686304703354836
  view-data: 3.29346888884902
