times:
  edit-metadata: 1.3406976228579879
  landing: 0.021719601936638355
  view-data: 0.1367015801370144
