times:
  edit-metadata: 0.43721245788037777
  landing: 0.05034504737704992
  view-data: 0.23284777533262968
