times:
  edit-metadata: 0.4292449210770428
  landing: 0.04577624099329114
  view-data: 0.1975712226703763
