times:
  edit-metadata: 1.590781807899475
  landing: 0.7951393220573664
  view-data: 3.4368413761258125
