times:
  edit-metadata: 1.5370730385184288
  landing: 0.8022446073591709
  view-data: 3.3439286407083273
