times:
  edit-metadata: 0.4324468430131674
  landing: 0.055161116644740105
  view-data: 0.21566915698349476
