times:
  edit-metadata: 0.44324313662946224
  landing: 0.04604677762836218
  view-data: 0.1946192178875208
