times:
  landing: 0.5497269139999617
  view-data: 0.552065534999997
