times:
  edit-metadata: 1.5188379157334566
  landing: 0.7551577612757683
  view-data: 3.3889439310878515
