times:
  landing: 1.072514430999945
  view-data: 0.5607949989999952
