times:
  edit-metadata: 0.5737763931974769
  landing: 0.05359706887975335
  view-data: 0.21163072902709246
