times:
  landing: 0.5526205870000354
  view-data: 0.5512747600000125
