times:
  edit-metadata: 1.4360556043684483
  landing: 0.9250407889485359
  view-data: 3.3467839434742928
