times:
  landing: 0.5562942149999799
  view-data: 0.5533548490000157
