times:
  edit-metadata: 1.4627693546935916
  landing: 0.022579793818295002
  view-data: 0.0279678450897336
