times:
  edit-metadata: 0.5449364071246237
  landing: 0.04485391918569803
  view-data: 0.1857343278825283
