times:
  edit-metadata: 1.6780639681965113
  landing: 0.30288226157426834
  view-data: 0.15381896868348122
