times:
  edit-metadata: 1.3934810105711222
  landing: 0.02352137863636017
  view-data: 0.14909309893846512
