times:
  edit-metadata: 0.46108891698531806
  landing: 0.045924573903903365
  view-data: 0.3378031828906387
