times:
  edit-metadata: 1.3512500133365393
  landing: 0.19313846994191408
  view-data: 0.4679639805108309
