times:
  edit-metadata: 1.4345818385481834
  landing: 0.18080466799438
  view-data: 0.46401495300233364
