times:
  landing: 0.5581399939999869
  view-data: 0.5593048800000133
