times:
  landing: 1.0602439120000042
  view-data: 0.5516600809999943
