times:
  edit-metadata: 0.5735636891331524
  landing: 0.052362907910719514
  view-data: 0.1944449390284717
