times:
  edit-metadata: 1.475866261869669
  landing: 0.742335868999362
  view-data: 3.421564101241529
