times:
  edit-metadata: 1.504504444077611
  landing: 0.728575374931097
  view-data: 3.3158771973103285
