times:
  edit-metadata: 1.3424915187060833
  landing: 0.02106405980885029
  view-data: 0.12518596462905407
