times:
  edit-metadata: 1.3242545668035746
  landing: 0.11855852790176868
  view-data: 0.12069201096892357
