times:
  edit-metadata: 0.44567842804826796
  landing: 0.05220371508039534
  view-data: 0.33877563918940723
