times:
  edit-metadata: 1.5519485715776682
  landing: 0.8258758969604969
  view-data: 3.521060738712549
