times:
  edit-metadata: 1.4515451192855835
  landing: 0.7367350682616234
  view-data: 3.3254868127405643
