times:
  edit-metadata: 1.3841564655303955
  landing: 0.05324746295809746
  view-data: 0.02528364770114422
