times:
  edit-metadata: 1.4443215355277061
  landing: 0.8325244672596455
  view-data: 3.392575018107891
