times:
  edit-metadata: 1.5501357056200504
  landing: 0.8293394856154919
  view-data: 3.3778588101267815
