times:
  edit-metadata: 0.7463625269010663
  landing: 0.04658833146095276
  view-data: 0.34731874894350767
