times:
  edit-metadata: 1.3621260058134794
  landing: 0.021311264485120773
  view-data: 0.12417987361550331
