times:
  landing: 1.0605717219999633
  view-data: 0.5480179959999987
