times:
  edit-metadata: 1.648741027340293
  landing: 0.8365542981773615
  view-data: 3.4402002599090338
