times:
  edit-metadata: 0.49239449203014374
  landing: 0.0475667342543602
  view-data: 0.19838762655854225
