times:
  landing: 0.5548940140000127
  view-data: 0.5622807139999964
