times:
  landing: 0.5554488320000246
  view-data: 0.5582521590000624
