times:
  edit-metadata: 0.5803521419875324
  landing: 0.049646205734461546
  view-data: 0.1952997948974371
