times:
  edit-metadata: 0.5303835161030293
  landing: 0.04936617240309715
  view-data: 0.20076359435915947
