times:
  edit-metadata: 0.4419773849658668
  landing: 0.05156363220885396
  view-data: 0.22145494492724538
