times:
  edit-metadata: 0.48407171852886677
  landing: 1.159764876589179
  view-data: 0.4145004227757454
