times:
  edit-metadata: 0.5783677638974041
  landing: 0.05387864983640611
  view-data: 0.18807555478997529
