times:
  edit-metadata: 0.5219061560928822
  landing: 1.0938573610037565
  view-data: 0.2944316007196903
