times:
  edit-metadata: 1.3741707690060139
  landing: 0.1480846256017685
  view-data: 0.1492390651255846
