times:
  landing: 1.0753203020000228
  view-data: 0.5619023799999923
