times:
  landing: 1.058751894000011
  view-data: 0.5488389519999828
