times:
  edit-metadata: 0.4582466509891674
  landing: 0.04708916798699647
  view-data: 0.23562936001690105
