times:
  edit-metadata: 0.5104331662878394
  landing: 0.054715332109481096
  view-data: 0.20192939275875688
