times:
  edit-metadata: 1.39068681653589
  landing: 0.14052284695208073
  view-data: 0.48912167828530073
