times:
  edit-metadata: 0.526377473026514
  landing: 0.05201966315507889
  view-data: 0.18806327879428864
