times:
  edit-metadata: 1.711251451051794
  landing: 0.8485092340270057
  view-data: 3.3463830479886383
