times:
  edit-metadata: 1.5689985007047653
  landing: 0.8446843810379505
  view-data: 3.4077953435480595
