times:
  edit-metadata: 0.44774124305695295
  landing: 0.05234938394278288
  view-data: 0.22467748704366386
