times:
  edit-metadata: 0.5295474790036678
  landing: 0.46128180995583534
  view-data: 0.20646193996071815
