times:
  edit-metadata: 0.5807155296206474
  landing: 0.05125504359602928
  view-data: 0.19900471344590187
