times:
  edit-metadata: 1.4986928794533014
  landing: 0.1975239347666502
  view-data: 0.14174342527985573
