times:
  edit-metadata: 1.6554740890860558
  landing: 0.03055761754512787
  view-data: 0.13168863020837307
