times:
  landing: 0.5626257010000018
  view-data: 0.556617985999992
