times:
  edit-metadata: 0.5009040292352438
  landing: 1.0843788608908653
  view-data: 0.42302748933434486
