times:
  edit-metadata: 1.5257722940295935
  landing: 0.9448261801153421
  view-data: 3.363418497145176
