times:
  edit-metadata: 0.5418333243578672
  landing: 1.0713453609496355
  view-data: 0.47889489494264126
