times:
  edit-metadata: 0.5702206734567881
  landing: 1.0847382601350546
  view-data: 0.3627368602901697
