times:
  landing: 2.1435732431709766
  view-data: 0.5946185067296028
