times:
  landing: 0.5581112440000027
  view-data: 0.04779397800001561
