times:
  landing: 1.0682442300000048
  view-data: 0.5558261889999585
