times:
  edit-metadata: 1.3575298879295588
  landing: 0.021154159680008888
  view-data: 0.02435389906167984
