times:
  edit-metadata: 0.524792816999252
  landing: 0.0475355730013689
  view-data: 0.19723091699779616
