times:
  edit-metadata: 2.0823975107632577
  landing: 1.276131512131542
  view-data: 3.3987019858323038
