times:
  edit-metadata: 1.419039474800229
  landing: 0.9745282903313637
  view-data: 3.4303749073296785
