times:
  edit-metadata: 0.4926792588084936
  landing: 0.5719738528132439
  view-data: 0.5837569627910852
