times:
  edit-metadata: 1.4061522148549557
  landing: 0.01959041878581047
  view-data: 0.02374434843659401
