times:
  edit-metadata: 1.526369046419859
  landing: 0.8872735388576984
  view-data: 3.3793555572628975
