times:
  edit-metadata: 0.5369518343359232
  landing: 1.013584217056632
  view-data: 0.3139232639223337
