times:
  edit-metadata: 0.5366888791322708
  landing: 0.0608476884663105
  view-data: 0.195997916162014
