times:
  edit-metadata: 0.4611888751387596
  landing: 0.045206360053271055
  view-data: 0.2026457511819899
