times:
  edit-metadata: 1.5575184412300587
  landing: 1.001474466174841
  view-data: 3.3837847523391247
