times:
  edit-metadata: 1.5794663997367024
  landing: 0.9016636377200484
  view-data: 3.438903975300491
