times:
  edit-metadata: 1.627255890518427
  landing: 1.5282615721225739
  view-data: 3.3295039162039757
