times:
  edit-metadata: 1.3900244031101465
  landing: 0.019084203988313675
  view-data: 0.023205280303955078
