times:
  edit-metadata: 0.4206981910392642
  landing: 0.0585753102786839
  view-data: 0.19728236505761743
