times:
  edit-metadata: 0.40443332586437464
  landing: 0.04482143372297287
  view-data: 0.19544996274635196
