times:
  edit-metadata: 1.351723125204444
  landing: 0.14434426464140415
  view-data: 0.023062482476234436
