times:
  edit-metadata: 0.4307179250754416
  landing: 0.05419031798373908
  view-data: 0.20350436097942293
