times:
  edit-metadata: 0.44356184802018106
  landing: 0.049495768966153264
  view-data: 0.21067911200225353
