times:
  edit-metadata: 0.5447948444634676
  landing: 0.6256501525640488
  view-data: 0.4408963844180107
