times:
  landing: 1.0705701769999791
  view-data: 0.5565686959999994
