times:
  edit-metadata: 1.4451406113803387
  landing: 0.774835329502821
  view-data: 3.3356144689023495
