times:
  edit-metadata: 0.4509687516838312
  landing: 0.05256620887666941
  view-data: 0.20054260501638055
