times:
  edit-metadata: 0.5297202952206135
  landing: 0.052419524639844894
  view-data: 0.20243710279464722
