times:
  edit-metadata: 1.4868519948795438
  landing: 0.8861879520118237
  view-data: 3.394774431362748
