times:
  edit-metadata: 0.5110527351498604
  landing: 0.862653536722064
  view-data: 0.3596179839223623
