times:
  edit-metadata: 0.5559067870490253
  landing: 0.04944801703095436
  view-data: 0.1908148319926113
