times:
  landing: 0.5567448840000111
  view-data: 0.558660481000004
