times:
  edit-metadata: 0.5356036480516195
  landing: 0.7353596165776253
  view-data: 0.34628923796117306
