times:
  landing: 0.5533198719999746
  view-data: 0.5517781620000051
