times:
  landing: 0.5548277030000008
  view-data: 0.5568605409999918
