times:
  landing: 0.5563854220000053
  view-data: 0.5621794780000187
