times:
  edit-metadata: 1.5907273553311825
  landing: 0.7642500586807728
  view-data: 3.4165495205670595
