times:
  landing: 1.0648982669999896
  view-data: 0.5477761739999778
