times:
  edit-metadata: 0.41908347699791193
  landing: 0.05721317697316408
  view-data: 0.1928734858520329
