times:
  edit-metadata: 1.3406879315152764
  landing: 0.020628555677831173
  view-data: 0.43019433971494436
