times:
  edit-metadata: 1.379134139046073
  landing: 0.8394411895424128
  view-data: 3.381218498572707
