times:
  edit-metadata: 1.4639639258384705
  landing: 0.7783628031611443
  view-data: 3.2922334410250187
