times:
  landing: 0.553245521000008
  view-data: 0.5502649640000072
