times:
  edit-metadata: 0.5046367209870368
  landing: 0.07909665792249143
  view-data: 0.25626766099594533
