times:
  edit-metadata: 1.3596456265076995
  landing: 0.11267942562699318
  view-data: 0.026936744339764118
