times:
  edit-metadata: 0.586990213021636
  landing: 0.046435822965577245
  view-data: 0.19666208804119378
