times:
  edit-metadata: 0.45660717599093914
  landing: 0.057688270695507526
  view-data: 0.20632112864404917
