times:
  edit-metadata: 0.39993982715532184
  landing: 0.055210634134709835
  view-data: 0.20325282216072083
