times:
  edit-metadata: 2.078360591083765
  landing: 0.021267423406243324
  view-data: 0.339122885838151
