times:
  landing: 1.0756365290000076
  view-data: 0.5570917599999916
