times:
  edit-metadata: 0.4392724884673953
  landing: 0.05035063065588474
  view-data: 0.19323272723704576
