times:
  edit-metadata: 1.5065205520950258
  landing: 0.8444301269482821
  view-data: 3.355916835833341
