times:
  edit-metadata: 0.44574385695159435
  landing: 0.048988166730850935
  view-data: 0.1956150233745575
