times:
  edit-metadata: 0.44795501604676247
  landing: 0.04719068203121424
  view-data: 0.20625048596411943
