times:
  edit-metadata: 0.575836032978259
  landing: 0.05112736893352121
  view-data: 0.19203462090808898
