times:
  edit-metadata: 1.4612016594037414
  landing: 0.024190290831029415
  view-data: 0.026700319722294807
