times:
  edit-metadata: 1.401498967781663
  landing: 0.8679457064718008
  view-data: 3.328080900013447
