times:
  edit-metadata: 1.3868974251672626
  landing: 0.020576934330165386
  view-data: 0.12249704916030169
