times:
  edit-metadata: 1.508046830072999
  landing: 0.8580550365149975
  view-data: 3.414128202944994
