times:
  edit-metadata: 0.5003690123558044
  landing: 0.04636988788843155
  view-data: 0.1906217522919178
