times:
  edit-metadata: 0.5556335928849876
  landing: 0.05310973501764238
  view-data: 0.19174170913174748
