times:
  edit-metadata: 1.6718777399510145
  landing: 0.14680871926248074
  view-data: 0.028373943641781807
