times:
  edit-metadata: 2.264678318053484
  landing: 1.115059545263648
  view-data: 3.551355794072151
