times:
  edit-metadata: 0.5137119442224503
  landing: 0.4933389313519001
  view-data: 0.21803142689168453
