times:
  edit-metadata: 0.632513877004385
  landing: 0.06685261311940849
  view-data: 0.18909386219456792
