times:
  edit-metadata: 0.5813308209180832
  landing: 0.0457969568669796
  view-data: 0.18671664292924106
