times:
  edit-metadata: 0.5461068414151669
  landing: 0.5902090240269899
  view-data: 0.21297000162303448
