times:
  edit-metadata: 1.4946008510887623
  landing: 0.02221434935927391
  view-data: 0.34069904685020447
