times:
  edit-metadata: 0.5202692523598671
  landing: 0.5488482881337404
  view-data: 0.2266853228211403
