times:
  edit-metadata: 1.5465990267693996
  landing: 1.0510289687663317
  view-data: 3.3204625491052866
