times:
  landing: 0.5483776769999622
  view-data: 0.5595926490000238
