times:
  edit-metadata: 0.4597969679161906
  landing: 0.044350169599056244
  view-data: 0.2173226037994027
