times:
  edit-metadata: 1.3502374598756433
  landing: 0.021350991912186146
  view-data: 0.13011429645121098
