times:
  edit-metadata: 1.5374972596764565
  landing: 0.7767329979687929
  view-data: 3.31753671169281
