times:
  edit-metadata: 1.3266184963285923
  landing: 0.02006095089018345
  view-data: 0.024712014943361282
