times:
  edit-metadata: 1.6890235068276525
  landing: 0.9241222431883216
  view-data: 3.2612273301929235
