times:
  edit-metadata: 1.3410996086895466
  landing: 0.02083781361579895
  view-data: 0.11968434788286686
