times:
  edit-metadata: 1.3589933216571808
  landing: 0.024399638175964355
  view-data: 0.023222705349326134
