times:
  edit-metadata: 0.5812236680649221
  landing: 0.049056701944209635
  view-data: 0.1924790859920904
