times:
  edit-metadata: 1.3523254357278347
  landing: 0.019302617758512497
  view-data: 0.023306360468268394
