times:
  edit-metadata: 2.649072552099824
  landing: 1.1785895023494959
  view-data: 3.524980802088976
