times:
  landing: 0.5481848250000212
  view-data: 0.5487708050000037
