times:
  edit-metadata: 1.5162203921936452
  landing: 0.8518688729964197
  view-data: 3.370395758189261
