times:
  edit-metadata: 1.6923612160608172
  landing: 0.019268027506768703
  view-data: 0.024637282826006413
