times:
  edit-metadata: 1.5502991452813148
  landing: 0.7950987834483385
  view-data: 3.386397425085306
