times:
  edit-metadata: 0.5124733373522758
  landing: 0.04664646089076996
  view-data: 0.19483569636940956
