times:
  edit-metadata: 1.408769542351365
  landing: 0.7919388245791197
  view-data: 3.3304125741124153
