times:
  edit-metadata: 0.4283886100165546
  landing: 0.05486798007041216
  view-data: 0.20235413825139403
