times:
  edit-metadata: 0.4032092709094286
  landing: 0.04652518220245838
  view-data: 0.19815758615732193
