times:
  edit-metadata: 1.5615212563425303
  landing: 0.9293677685782313
  view-data: 3.46265029348433
