times:
  edit-metadata: 1.777072336524725
  landing: 1.329260926693678
  view-data: 3.410376999527216
