times:
  edit-metadata: 0.6338090709177777
  landing: 0.07720531395170838
  view-data: 0.237319550011307
