times:
  landing: 0.5451865960000077
  view-data: 0.549707546999997
