times:
  landing: 1.0737669280000546
  view-data: 0.5622624560000986
