times:
  edit-metadata: 0.4468673890005448
  landing: 0.05360655300319195
  view-data: 0.23914186700130813
