times:
  landing: 1.0737950090000368
  view-data: 0.5694837679999978
