times:
  edit-metadata: 2.5960483625531197
  landing: 0.43245726730674505
  view-data: 0.5697712209075689
