times:
  edit-metadata: 1.4593391297385097
  landing: 0.835224281065166
  view-data: 3.394625114277005
