times:
  edit-metadata: 0.7161680190474726
  landing: 0.06864976801443845
  view-data: 0.3458194849663414
