times:
  edit-metadata: 1.2920657955110073
  landing: 0.020798157900571823
  view-data: 0.1207481361925602
