times:
  edit-metadata: 0.4423232898116112
  landing: 0.05454967264086008
  view-data: 0.19993416592478752
