times:
  edit-metadata: 0.4996739625930786
  landing: 1.8871371112763882
  view-data: 0.8752012699842453
