times:
  edit-metadata: 1.3386218203231692
  landing: 0.8063946664333344
  view-data: 3.3041086476296186
