times:
  edit-metadata: 0.4490651440573856
  landing: 0.050607034005224705
  view-data: 0.2704061910044402
