times:
  landing: 1.076169257999993
  view-data: 0.5532261019999964
