times:
  edit-metadata: 1.4536426812410355
  landing: 0.025262348353862762
  view-data: 0.3788976054638624
