times:
  edit-metadata: 0.4055168451741338
  landing: 0.057576511055231094
  view-data: 0.18627924006432295
