times:
  edit-metadata: 0.43049133429303765
  landing: 0.054544123355299234
  view-data: 0.19814011082053185
