times:
  edit-metadata: 0.5317203579470515
  landing: 0.05774317495524883
  view-data: 0.22890961030498147
