times:
  edit-metadata: 0.432573860976845
  landing: 0.04452287778258324
  view-data: 0.18711003474891186
