times:
  edit-metadata: 1.5082046035677195
  landing: 0.7535421848297119
  view-data: 3.3508619498461485
