times:
  edit-metadata: 2.020830139517784
  landing: 1.1738384142518044
  view-data: 3.3881002254784107
