times:
  edit-metadata: 1.5441844686865807
  landing: 0.8360811732709408
  view-data: 3.441472379490733
