times:
  edit-metadata: 1.551444586366415
  landing: 0.9428153671324253
  view-data: 3.3882236629724503
