times:
  edit-metadata: 1.5158423697575927
  landing: 0.8483428312465549
  view-data: 3.3848374718800187
