times:
  edit-metadata: 0.44624265899983584
  landing: 0.05532224800026597
  view-data: 0.2186638140001378
