times:
  edit-metadata: 0.5765684370417148
  landing: 0.04732560506090522
  view-data: 0.19468834903091192
