times:
  landing: 0.5492781140000034
  view-data: 0.5548860509999827
