times:
  edit-metadata: 1.2929854039102793
  landing: 0.14904478378593922
  view-data: 0.14423390477895737
