times:
  edit-metadata: 1.3468378530815244
  landing: 0.9507075203582644
  view-data: 3.4091797955334187
