times:
  edit-metadata: 1.7406980963423848
  landing: 1.2000052640214562
  view-data: 3.6701234886422753
