times:
  edit-metadata: 0.5581714899744838
  landing: 0.05516722006723285
  view-data: 0.18401667196303606
