times:
  edit-metadata: 1.5111144445836544
  landing: 0.9380272179841995
  view-data: 3.4457410871982574
