times:
  edit-metadata: 0.5037462189793587
  landing: 0.05642258748412132
  view-data: 0.1897628866136074
