times:
  landing: 0.5516009739999959
  view-data: 0.5528119009999841
