times:
  edit-metadata: 1.559039082378149
  landing: 0.8169007636606693
  view-data: 3.429583003744483
