times:
  landing: 1.0760800770000287
  view-data: 0.5576874829999952
