times:
  edit-metadata: 1.4893373306840658
  landing: 0.8845672439783812
  view-data: 3.4119742829352617
