times:
  landing: 0.5486283989999947
  view-data: 0.5517510399999992
