times:
  edit-metadata: 0.4833727702498436
  landing: 0.055955237708985806
  view-data: 0.2176308762282133
