times:
  edit-metadata: 1.7502317875623703
  landing: 0.021349696442484856
  view-data: 0.5363406892865896
