times:
  edit-metadata: 1.3395189577713609
  landing: 0.01971921045333147
  view-data: 0.12345332093536854
