times:
  edit-metadata: 1.5689864046871662
  landing: 0.7961145732551813
  view-data: 3.4611058738082647
