times:
  edit-metadata: 1.403458371758461
  landing: 0.14869404025375843
  view-data: 0.34706299751996994
