times:
  edit-metadata: 0.42728786217048764
  landing: 0.0545321439858526
  view-data: 0.20962004107423127
