times:
  landing: 0.5494019109999044
  view-data: 0.5549507579999045
