times:
  edit-metadata: 0.49727137200534344
  landing: 0.0710305031388998
  view-data: 0.26138829765841365
