times:
  edit-metadata: 0.4417785769328475
  landing: 0.06328643206506968
  view-data: 0.24555532890371978
