times:
  edit-metadata: 0.5317657189443707
  landing: 0.05187905195634812
  view-data: 0.22091760498005897
