times:
  landing: 0.5485777900000244
  view-data: 0.554340136999997
