times:
  landing: 1.10371619
  view-data: 0.5630741639999997
