times:
  edit-metadata: 0.5072985924780369
  landing: 0.05432615801692009
  view-data: 0.19036372005939484
