times:
  landing: 0.5576587489999838
  view-data: 0.5660566980000112
