times:
  edit-metadata: 1.5285020880401134
  landing: 0.8508647046983242
  view-data: 3.4430850632488728
