times:
  edit-metadata: 0.5484464149922132
  landing: 0.6134531181305647
  view-data: 0.22424408793449402
