times:
  edit-metadata: 0.5796671584248543
  landing: 0.696949714794755
  view-data: 0.32781658321619034
