times:
  edit-metadata: 0.4400733378715813
  landing: 0.05944483610801399
  view-data: 0.2436589510180056
