times:
  edit-metadata: 0.4715419269632548
  landing: 0.057634207187220454
  view-data: 0.23454979807138443
