times:
  edit-metadata: 1.6291220430284739
  landing: 0.8246932929614559
  view-data: 3.311932648997754
