times:
  landing: 1.069604776999995
  view-data: 0.5583083889999898
