times:
  edit-metadata: 0.6243849319871515
  landing: 0.05446607689373195
  view-data: 0.20023553795181215
