times:
  edit-metadata: 0.5123946703970432
  landing: 0.042604509741067886
  view-data: 0.19266529381275177
