times:
  edit-metadata: 2.1279305405914783
  landing: 1.2412907555699348
  view-data: 3.7863619811832905
