times:
  edit-metadata: 0.578204288991401
  landing: 0.05210102198179811
  view-data: 0.18787924200296402
