times:
  edit-metadata: 1.424208153039217
  landing: 0.9026854559779167
  view-data: 3.3085566721856594
