times:
  edit-metadata: 0.5279122609645128
  landing: 0.06520284397993237
  view-data: 0.2180214140098542
