times:
  edit-metadata: 1.3832353353500366
  landing: 0.023645302280783653
  view-data: 0.18458299338817596
