times:
  edit-metadata: 0.5113250203430653
  landing: 1.1903180684894323
  view-data: 0.32994759641587734
