times:
  edit-metadata: 1.4439267311245203
  landing: 0.20380677469074726
  view-data: 0.16574029810726643
