times:
  edit-metadata: 2.696979232132435
  landing: 1.0193769596517086
  view-data: 3.6386122070252895
