times:
  edit-metadata: 1.5538846664130688
  landing: 1.009957205504179
  view-data: 3.407199703156948
