times:
  edit-metadata: 1.350182498805225
  landing: 0.021906672045588493
  view-data: 0.025083149783313274
