times:
  edit-metadata: 0.5388757884502411
  landing: 0.8854118511080742
  view-data: 0.30747867189347744
