times:
  landing: 1.0871039630000041
  view-data: 0.5714201819999971
