times:
  edit-metadata: 0.5429332240018994
  landing: 0.057009819996892475
  view-data: 0.22783336399879772
