times:
  landing: 1.1237416469999744
  view-data: 0.5535259010000004
