times:
  edit-metadata: 0.5604838999861386
  landing: 0.0477717480098363
  view-data: 0.3519140770076774
