times:
  landing: 0.5577356370000075
  view-data: 0.5529517780000219
