times:
  edit-metadata: 1.3700718693435192
  landing: 0.11699487268924713
  view-data: 0.024006551131606102
