times:
  edit-metadata: 0.5605037547647953
  landing: 0.5741819217801094
  view-data: 0.6014531888067722
