times:
  edit-metadata: 1.4285430274903774
  landing: 0.9768859632313251
  view-data: 3.2799317464232445
