times:
  edit-metadata: 0.5726149849942885
  landing: 0.05564103199867532
  view-data: 0.19807973501156084
