times:
  edit-metadata: 0.592861529905349
  landing: 0.08118678536266088
  view-data: 0.22440969664603472
