times:
  edit-metadata: 1.4280872829258442
  landing: 0.021381815895438194
  view-data: 0.022888103500008583
