times:
  edit-metadata: 0.5969247678294778
  landing: 0.05946875410154462
  view-data: 0.19811075972393155
