times:
  edit-metadata: 1.8794406354427338
  landing: 1.0523306094110012
  view-data: 3.4517700523138046
