times:
  landing: 0.5516423509999981
  view-data: 0.5500504460000002
