times:
  edit-metadata: 1.3177881697192788
  landing: 0.21387030184268951
  view-data: 0.49191518779844046
