times:
  edit-metadata: 1.730350587517023
  landing: 1.0204935409128666
  view-data: 3.501320391893387
