times:
  edit-metadata: 1.4508591163903475
  landing: 0.2426149845123291
  view-data: 0.35150510258972645
