times:
  edit-metadata: 1.4203937435522676
  landing: 0.17174417432397604
  view-data: 0.03077835589647293
