times:
  landing: 0.5545137629999886
  view-data: 0.5603190620000191
