times:
  edit-metadata: 0.579560611397028
  landing: 0.9018646273761988
  view-data: 0.3222444821149111
