times:
  edit-metadata: 1.5309840478003025
  landing: 0.8116856664419174
  view-data: 3.410836474969983
