times:
  edit-metadata: 0.42133070807904005
  landing: 0.04864021111279726
  view-data: 0.20340608898550272
