times:
  edit-metadata: 1.488393696025014
  landing: 0.20497087016701698
  view-data: 0.42188508436083794
