times:
  edit-metadata: 0.5405650530010462
  landing: 0.05336710438132286
  view-data: 0.3117493037134409
