times:
  edit-metadata: 1.3887049369513988
  landing: 0.020908372476696968
  view-data: 0.029654791578650475
