times:
  edit-metadata: 0.5651255699340254
  landing: 0.05729133193381131
  view-data: 0.19253175891935825
