times:
  edit-metadata: 0.535651907324791
  landing: 0.5931797083467245
  view-data: 0.5870240181684494
