times:
  edit-metadata: 0.4089747741818428
  landing: 0.07134999800473452
  view-data: 0.24796169716864824
