times:
  edit-metadata: 1.3190970877185464
  landing: 0.021765450946986675
  view-data: 0.025598663836717606
