times:
  edit-metadata: 0.42663151305168867
  landing: 0.056694867089390755
  view-data: 0.2100799479521811
