times:
  edit-metadata: 0.45493352599442005
  landing: 0.05358491791412234
  view-data: 0.2105135158635676
