times:
  edit-metadata: 2.5157111729495227
  landing: 1.5015749828889966
  view-data: 3.6983877550810575
