times:
  landing: 0.5536951820000127
  view-data: 0.5512398120000057
