times:
  edit-metadata: 0.561056089005433
  landing: 0.05222243396565318
  view-data: 0.1857890349929221
