times:
  edit-metadata: 1.4411563836038113
  landing: 0.8472561091184616
  view-data: 3.41161485388875
