times:
  edit-metadata: 0.5660420339554548
  landing: 0.05159950442612171
  view-data: 0.22701111249625683
