times:
  edit-metadata: 1.4766081236302853
  landing: 0.02598872408270836
  view-data: 0.556003862991929
