times:
  edit-metadata: 1.4686980862170458
  landing: 0.8966236542910337
  view-data: 3.286493271589279
