times:
  edit-metadata: 0.5097409542649984
  landing: 1.1523223519325256
  view-data: 0.5848728381097317
