times:
  edit-metadata: 0.582052298123017
  landing: 0.058652034029364586
  view-data: 0.1899652210995555
