times:
  edit-metadata: 0.5717934460844845
  landing: 0.052180867991410196
  view-data: 0.1861563230631873
