times:
  edit-metadata: 1.534360509365797
  landing: 0.9919424094259739
  view-data: 3.2970492746680975
