times:
  edit-metadata: 0.5708582065999508
  landing: 0.574998551979661
  view-data: 0.21877754852175713
