times:
  edit-metadata: 1.3779584439471364
  landing: 0.021961821243166924
  view-data: 0.023469011299312115
