times:
  edit-metadata: 1.3995336145162582
  landing: 0.14147067815065384
  view-data: 0.3413970749825239
