times:
  edit-metadata: 0.4223978160880506
  landing: 0.050105803180485964
  view-data: 0.19360812101513147
