times:
  edit-metadata: 0.5690772752277553
  landing: 0.09596038842573762
  view-data: 0.3392637278884649
