times:
  edit-metadata: 0.5711007178761065
  landing: 0.05046563223004341
  view-data: 0.1937939482741058
