times:
  landing: 0.5484325339999714
  view-data: 0.5482410319999644
