times:
  edit-metadata: 1.5001801319886
  landing: 0.7771668860223144
  view-data: 3.2980652970727533
