times:
  landing: 0.552987719999976
  view-data: 0.5585540669999887
