times:
  edit-metadata: 0.5171074829995632
  landing: 0.049413200467824936
  view-data: 0.188606359064579
