times:
  edit-metadata: 1.408590741455555
  landing: 0.8697740025818348
  view-data: 3.333422940224409
