times:
  edit-metadata: 0.45412587095052004
  landing: 0.051249554846435785
  view-data: 0.217085954034701
