times:
  landing: 1.0715929419999952
  view-data: 0.5513627139999926
