times:
  edit-metadata: 1.3413768159225583
  landing: 0.11785206384956837
  view-data: 0.4468657923862338
