times:
  edit-metadata: 1.5063946321606636
  landing: 0.85380420088768
  view-data: 3.3850213680416346
