times:
  edit-metadata: 0.4477831209078431
  landing: 0.04943956062197685
  view-data: 0.21332110930234194
