times:
  edit-metadata: 0.409865221939981
  landing: 0.049101768992841244
  view-data: 0.1894930200651288
