times:
  landing: 0.5430625459999874
  view-data: 0.549584149999987
