times:
  edit-metadata: 1.4222636930644512
  landing: 0.019777972251176834
  view-data: 0.02312234416604042
