times:
  landing: 0.6122758040000349
  view-data: 0.5547067240000274
