times:
  landing: 1.0770883250000907
  view-data: 0.555815174999907
