times:
  edit-metadata: 0.5611623170261737
  landing: 0.04515752801671624
  view-data: 0.19947040302213281
