times:
  edit-metadata: 0.44518033089116216
  landing: 0.051263251807540655
  view-data: 0.19470520596951246
