times:
  edit-metadata: 0.5109569970518351
  landing: 0.08705762098543346
  view-data: 0.2628095760010183
