times:
  edit-metadata: 0.4380891709588468
  landing: 0.05044879298657179
  view-data: 0.20529842283576727
