times:
  edit-metadata: 1.4064369164407253
  landing: 0.9372903034090996
  view-data: 3.3158243000507355
