times:
  edit-metadata: 2.06584183126688
  landing: 1.6044368632137775
  view-data: 3.405937321484089
