times:
  edit-metadata: 1.4962741639465094
  landing: 0.8576489416882396
  view-data: 3.3785234531387687
