times:
  edit-metadata: 1.4004030898213387
  landing: 0.8893032558262348
  view-data: 3.2759177163243294
