times:
  edit-metadata: 1.3151191202923656
  landing: 0.023504218086600304
  view-data: 0.026339170522987843
