times:
  edit-metadata: 1.6302113682031631
  landing: 0.9583142511546612
  view-data: 3.667582668364048
