times:
  edit-metadata: 0.44379713013768196
  landing: 0.04965138528496027
  view-data: 0.2073332192376256
