times:
  landing: 0.5501614340000174
  view-data: 0.05276261000000204
