times:
  edit-metadata: 0.43326634308323264
  landing: 0.050388208124786615
  view-data: 0.20358595810830593
