times:
  landing: 0.5545647709999457
  view-data: 0.555580778000035
