times:
  edit-metadata: 0.5820595559198409
  landing: 0.05823519988916814
  view-data: 0.23620265303179622
