times:
  edit-metadata: 1.34040286578238
  landing: 0.14367534406483173
  view-data: 0.3098539188504219
