times:
  edit-metadata: 0.786221070040483
  landing: 0.07237421302124858
  view-data: 0.3341062710387632
