times:
  edit-metadata: 1.3533592764288187
  landing: 0.11716143134981394
  view-data: 0.024848997592926025
