times:
  edit-metadata: 0.49478658847510815
  landing: 0.6167466957122087
  view-data: 0.3279703911393881
