times:
  edit-metadata: 0.7020824400242418
  landing: 0.11798342713154852
  view-data: 0.33894841093569994
