times:
  edit-metadata: 0.5522301234304905
  landing: 0.04863736778497696
  view-data: 0.19923635572195053
