times:
  edit-metadata: 0.59980134293437
  landing: 1.107379712164402
  view-data: 0.6214118953794241
