times:
  edit-metadata: 0.5015146103687584
  landing: 0.07221066486090422
  view-data: 0.21517214505001903
