times:
  edit-metadata: 1.760135404765606
  landing: 1.3048000112175941
  view-data: 3.3828882798552513
