times:
  edit-metadata: 0.6189734551589936
  landing: 0.058474011020734906
  view-data: 0.20875586802139878
