times:
  edit-metadata: 0.5266181547194719
  landing: 0.5793905835598707
  view-data: 0.3172201067209244
