times:
  landing: 0.5451706740000191
  view-data: 0.5526771250000024
