times:
  edit-metadata: 0.6682723970152438
  landing: 0.09095215611159801
  view-data: 0.22650628723204136
