times:
  edit-metadata: 1.4595365691930056
  landing: 0.7321603582240641
  view-data: 3.3115468937903643
