times:
  edit-metadata: 0.6015471770078875
  landing: 0.04703047699877061
  view-data: 0.19634772301651537
