times:
  landing: 1.5985015560000306
  view-data: 0.5573092039999779
