times:
  edit-metadata: 0.44797268975526094
  landing: 0.05811162618920207
  view-data: 0.2168843410909176
