times:
  edit-metadata: 0.5493990009999834
  landing: 0.14478941797278821
  view-data: 0.25031192097230814
