times:
  edit-metadata: 1.5741784351412207
  landing: 0.9306336240842938
  view-data: 3.4638976010028273
