times:
  edit-metadata: 1.4387407037429512
  landing: 0.8497353922575712
  view-data: 3.3579656719230115
