times:
  edit-metadata: 0.5261105792596936
  landing: 0.03923456883057952
  view-data: 0.235599254257977
