times:
  edit-metadata: 0.5468644611537457
  landing: 0.052705492824316025
  view-data: 0.19179490953683853
