times:
  edit-metadata: 0.43925032392144203
  landing: 0.06009943503886461
  view-data: 0.21117899217642844
