times:
  edit-metadata: 0.4742591753602028
  landing: 0.5342538356781006
  view-data: 0.24890328384935856
