times:
  edit-metadata: 1.5942253172397614
  landing: 0.8098126165568829
  view-data: 3.3356835395097733
