times:
  landing: 0.5534082359999957
  view-data: 0.5575748930000373
