times:
  landing: 0.6082557299999962
  view-data: 0.5774912800000038
