times:
  edit-metadata: 1.3504684548825026
  landing: 0.019035326316952705
  view-data: 0.3360777907073498
