times:
  edit-metadata: 0.5907195040490478
  landing: 0.044736823067069054
  view-data: 0.18615954695269465
