times:
  edit-metadata: 1.425496170297265
  landing: 0.16749037243425846
  view-data: 0.024664878845214844
