times:
  edit-metadata: 1.70577322691679
  landing: 1.1267699860036373
  view-data: 3.441961109638214
