times:
  edit-metadata: 0.5700779659673572
  landing: 0.08134644798701629
  view-data: 0.2504338520229794
