times:
  edit-metadata: 1.6526125147938728
  landing: 0.828354012221098
  view-data: 3.427141210064292
