times:
  landing: 0.5553729439999984
  view-data: 0.5584927689999972
