times:
  edit-metadata: 0.5488140061497688
  landing: 0.540594007819891
  view-data: 0.18404572270810604
