times:
  edit-metadata: 1.5370211582630873
  landing: 0.8879897799342871
  view-data: 3.4309558887034655
