times:
  edit-metadata: 0.4944070279598236
  landing: 0.057944171130657196
  view-data: 0.18950840830802917
