times:
  edit-metadata: 0.5538828819990158
  landing: 0.050632390193641186
  view-data: 0.1942795286886394
