times:
  edit-metadata: 1.3545046001672745
  landing: 0.14286061562597752
  view-data: 0.12283501587808132
