times:
  edit-metadata: 0.5234564319252968
  landing: 0.5721480790525675
  view-data: 0.5864977613091469
