times:
  edit-metadata: 0.5766017050482333
  landing: 0.04835022799670696
  view-data: 0.18901918502524495
