times:
  edit-metadata: 0.5456548687070608
  landing: 0.8877333085983992
  view-data: 0.21691333688795567
