times:
  edit-metadata: 0.562204093002947
  landing: 0.12590410700067878
  view-data: 0.24923738301731646
