times:
  edit-metadata: 1.474103583022952
  landing: 0.8762468360364437
  view-data: 3.4110497683286667
