times:
  edit-metadata: 0.6036344899330288
  landing: 0.052970848977565765
  view-data: 0.19741904898546636
