times:
  edit-metadata: 2.336871962994337
  landing: 1.2493712101131678
  view-data: 3.5738388868048787
