times:
  edit-metadata: 0.4694374029058963
  landing: 0.05411568097770214
  view-data: 0.23549176007509232
