times:
  edit-metadata: 0.5107038952410221
  landing: 0.5722159203141928
  view-data: 0.5857392605394125
