times:
  edit-metadata: 1.5236645489931107
  landing: 0.7748917881399393
  view-data: 3.413873380050063
