times:
  landing: 0.5509587189999934
  view-data: 0.5547530359999655
