times:
  edit-metadata: 1.4341921973973513
  landing: 0.7851723786443472
  view-data: 3.2818254623562098
