times:
  edit-metadata: 1.5203856155276299
  landing: 0.9457404352724552
  view-data: 3.3470124937593937
