times:
  landing: 0.5534592029999885
  view-data: 0.5527474560000201
