times:
  edit-metadata: 1.5203922484070063
  landing: 0.8430835641920567
  view-data: 0.5934743154793978
