times:
  edit-metadata: 1.9471894865855575
  landing: 0.02427954599261284
  view-data: 0.5547170294448733
