times:
  edit-metadata: 0.553076957934536
  landing: 0.04437900404445827
  view-data: 0.1825088489567861
