times:
  edit-metadata: 0.4843628332018852
  landing: 0.798701960593462
  view-data: 0.3099671769887209
