times:
  edit-metadata: 0.48903401754796505
  landing: 0.8956324197351933
  view-data: 0.20455905981361866
