times:
  edit-metadata: 1.3564972430467606
  landing: 0.022180210798978806
  view-data: 0.0228514913469553
