times:
  edit-metadata: 0.5510636302642524
  landing: 0.042971367947757244
  view-data: 0.41330828703939915
