times:
  edit-metadata: 1.3565597850829363
  landing: 0.13688119314610958
  view-data: 0.12238721363246441
