times:
  landing: 0.5544861349999906
  view-data: 0.5667704400000275
