times:
  edit-metadata: 1.3956044483929873
  landing: 0.0208942461758852
  view-data: 0.38469235599040985
