times:
  landing: 0.5503636949999873
  view-data: 0.5512870989999783
