times:
  landing: 0.5557810860000245
  view-data: 0.5580143280000129
