times:
  landing: 0.5652056870000024
  view-data: 0.560134359000017
