times:
  edit-metadata: 1.688868822529912
  landing: 0.2303026206791401
  view-data: 0.024111036211252213
