times:
  edit-metadata: 1.5270417928695679
  landing: 0.9211726449429989
  view-data: 3.3446158207952976
