times:
  edit-metadata: 2.3625256223604083
  landing: 2.143228826113045
  view-data: 3.4942543879151344
