times:
  edit-metadata: 1.4132923446595669
  landing: 0.2234732061624527
  view-data: 0.1335397306829691
