times:
  edit-metadata: 0.44646482821553946
  landing: 0.05289037199690938
  view-data: 0.18745887884870172
