times:
  edit-metadata: 0.5147909075021744
  landing: 0.046529728919267654
  view-data: 0.1903926618397236
