times:
  edit-metadata: 1.52467211894691
  landing: 0.8015847206115723
  view-data: 3.4122032411396503
