times:
  edit-metadata: 0.5045932345092297
  landing: 1.6195394769310951
  view-data: 0.5873536914587021
