times:
  landing: 0.5814002260000279
  view-data: 0.5686770779999506
