times:
  landing: 1.0705922160000227
  view-data: 0.5475494119996256
