times:
  edit-metadata: 0.5595206543803215
  landing: 0.08162780106067657
  view-data: 0.2109198085963726
