times:
  edit-metadata: 2.268748737871647
  landing: 1.4363291058689356
  view-data: 3.4910902809351683
