times:
  edit-metadata: 1.4636343466117978
  landing: 0.26390062365680933
  view-data: 0.2797522218897939
