times:
  landing: 1.066540816999975
  view-data: 0.5502556689999665
