times:
  edit-metadata: 1.7530989395454526
  landing: 0.02380876988172531
  view-data: 0.026070608757436275
