times:
  edit-metadata: 0.41553717805072665
  landing: 0.04895919328555465
  view-data: 0.19065112015232444
