times:
  landing: 0.5533288549999611
  view-data: 0.5563766369999712
