times:
  edit-metadata: 1.4081362280994654
  landing: 0.7135429736226797
  view-data: 3.307611383497715
