times:
  edit-metadata: 1.3033852530643344
  landing: 0.11690851207822561
  view-data: 0.10008074529469013
