times:
  landing: 0.5480621969999788
  view-data: 0.5519101659999706
