times:
  edit-metadata: 0.4365193569101393
  landing: 0.05101243266835809
  view-data: 0.3476989879272878
