times:
  edit-metadata: 1.351092359982431
  landing: 0.21761296596378088
  view-data: 0.11866297014057636
