times:
  edit-metadata: 1.523866856470704
  landing: 0.7566256746649742
  view-data: 3.4227676764130592
