times:
  landing: 0.5455579759999978
  view-data: 0.542564920000018
