times:
  edit-metadata: 0.4420610168017447
  landing: 0.049901741091161966
  view-data: 0.19041159003973007
