times:
  edit-metadata: 0.559630100033246
  landing: 0.04568426497280598
  view-data: 0.19565986294765025
