times:
  landing: 0.548150497999984
  view-data: 0.5566193999999882
