times:
  edit-metadata: 1.3975078612565994
  landing: 0.021670380607247353
  view-data: 0.024162767454981804
