times:
  edit-metadata: 0.5832000670488924
  landing: 0.04568747791927308
  view-data: 0.18763338297139853
