times:
  landing: 0.5494910340000274
  view-data: 0.547513097000035
