times:
  landing: 0.5598882480000498
  view-data: 0.5578693360000102
