times:
  landing: 0.5629072410000049
  view-data: 0.5530215400000031
