times:
  landing: 1.077143669999998
  view-data: 0.5607576390000304
