times:
  edit-metadata: 1.648436302319169
  landing: 0.8265733290463686
  view-data: 3.3725738804787397
