times:
  edit-metadata: 1.9295011702924967
  landing: 0.23775501549243927
  view-data: 0.8769057225435972
