times:
  edit-metadata: 1.7929101008921862
  landing: 0.3405735269188881
  view-data: 0.2023400478065014
