times:
  edit-metadata: 1.4794218884781003
  landing: 0.9055965160951018
  view-data: 3.3921024342998862
