times:
  edit-metadata: 1.3321735886856914
  landing: 0.12586664222180843
  view-data: 0.13231461495161057
