times:
  edit-metadata: 1.4384404048323631
  landing: 0.6964172162115574
  view-data: 3.3033310286700726
