times:
  edit-metadata: 0.5898514168802649
  landing: 0.055711557855829597
  view-data: 0.23177504003979266
