times:
  edit-metadata: 0.4223966021090746
  landing: 0.04903990309685469
  view-data: 0.19536360912024975
