times:
  landing: 0.544453745999931
  view-data: 0.5440366399999448
