times:
  edit-metadata: 1.5437953528016806
  landing: 0.970555130392313
  view-data: 3.4224062729626894
