times:
  edit-metadata: 0.4714691449771635
  landing: 0.05653677100781351
  view-data: 0.22740547102876008
