times:
  edit-metadata: 0.5776167861185968
  landing: 0.05229771276935935
  view-data: 0.20771549269557
