times:
  edit-metadata: 1.337130542844534
  landing: 0.020092472434043884
  view-data: 0.025780586525797844
