times:
  edit-metadata: 0.5332961045205593
  landing: 0.5750440862029791
  view-data: 0.5983681604266167
