times:
  edit-metadata: 1.5207743681967258
  landing: 0.9384808428585529
  view-data: 3.4120751544833183
