times:
  edit-metadata: 1.3667773827910423
  landing: 0.018421427346765995
  view-data: 0.12335346546024084
