times:
  landing: 0.6037010059999943
  view-data: 0.5516190239999901
