times:
  edit-metadata: 1.4729990614578128
  landing: 0.7942387675866485
  view-data: 3.417036786675453
