times:
  edit-metadata: 0.44653843995183706
  landing: 0.05356049304828048
  view-data: 0.21263671293854713
