times:
  edit-metadata: 1.7575657647103071
  landing: 0.8651934061199427
  view-data: 3.332913836464286
