times:
  edit-metadata: 0.4587382241152227
  landing: 0.09738109493628144
  view-data: 0.23922046786174178
