times:
  edit-metadata: 1.619601983577013
  landing: 0.9004510212689638
  view-data: 3.4473151583224535
