times:
  edit-metadata: 0.5259553829673678
  landing: 0.06225517200073227
  view-data: 0.220036119048018
