times:
  edit-metadata: 0.5116497350391
  landing: 0.0573168940609321
  view-data: 0.2343490889761597
