times:
  edit-metadata: 0.5209749881178141
  landing: 0.04958061873912811
  view-data: 0.22376938397064805
