times:
  edit-metadata: 1.482206067070365
  landing: 0.8566620461642742
  view-data: 3.3176005710847676
