times:
  edit-metadata: 1.463912750594318
  landing: 0.8060470186173916
  view-data: 3.309089087881148
