times:
  edit-metadata: 1.23290652083233
  landing: 0.7368885232135653
  view-data: 3.2899288730695844
