times:
  edit-metadata: 0.5354687441140413
  landing: 0.5702069960534573
  view-data: 0.1850182544440031
