times:
  edit-metadata: 1.7478400878608227
  landing: 1.0007608272135258
  view-data: 3.4921143501996994
