times:
  edit-metadata: 0.45582937728613615
  landing: 0.059363776817917824
  view-data: 0.20906285848468542
