times:
  edit-metadata: 2.2807712107896805
  landing: 1.1042463816702366
  view-data: 3.338499579578638
