times:
  edit-metadata: 1.6744908634573221
  landing: 0.8437354043126106
  view-data: 3.426708349958062
