times:
  edit-metadata: 1.5027983076870441
  landing: 0.01976773329079151
  view-data: 0.36450353264808655
