times:
  edit-metadata: 1.4339280128479004
  landing: 0.021196316927671432
  view-data: 0.34043288975954056
