times:
  edit-metadata: 1.609731376171112
  landing: 1.1248808428645134
  view-data: 3.3631436191499233
