times:
  landing: 1.074134320999974
  view-data: 0.5508762250000245
