times:
  edit-metadata: 2.802863724529743
  landing: 1.5957801938056946
  view-data: 3.4608546532690525
