times:
  edit-metadata: 1.5366004165261984
  landing: 0.8294708570465446
  view-data: 3.437555410899222
