times:
  edit-metadata: 0.5719879828393459
  landing: 0.054383433889597654
  view-data: 0.18203873559832573
