times:
  edit-metadata: 1.4425600990653038
  landing: 0.9027533642947674
  view-data: 3.3498248644173145
