times:
  edit-metadata: 0.565373957157135
  landing: 0.4353496637195349
  view-data: 0.25070086494088173
