times:
  edit-metadata: 1.3122644191607833
  landing: 0.09165596589446068
  view-data: 0.12102311570197344
