times:
  edit-metadata: 0.5784566369839013
  landing: 0.04536692937836051
  view-data: 0.19401692785322666
