times:
  edit-metadata: 1.5984241291880608
  landing: 0.8591949865221977
  view-data: 3.403281208127737
