times:
  landing: 1.0731153959999915
  view-data: 0.5456002360000127
