times:
  edit-metadata: 1.7217620555311441
  landing: 0.24734622240066528
  view-data: 0.4887542948126793
