times:
  edit-metadata: 1.7635435797274113
  landing: 1.1256788149476051
  view-data: 3.3618937395513058
