times:
  edit-metadata: 1.3485226137563586
  landing: 0.020074806176126003
  view-data: 0.024824250489473343
