times:
  edit-metadata: 1.4514754954725504
  landing: 0.01914894673973322
  view-data: 0.24954168871045113
