times:
  edit-metadata: 0.5963756700512022
  landing: 0.05563807510770857
  view-data: 0.23156486684456468
