times:
  edit-metadata: 0.4970753788948059
  landing: 0.056298013776540756
  view-data: 0.1997869275510311
