times:
  edit-metadata: 0.5704245902597904
  landing: 0.04727789107710123
  view-data: 0.18359326012432575
