times:
  edit-metadata: 0.40897413063794374
  landing: 0.054204019252210855
  view-data: 0.19018663372844458
