times:
  edit-metadata: 1.5733341090381145
  landing: 0.8348110727965832
  view-data: 3.4047814942896366
