times:
  edit-metadata: 0.535614849999547
  landing: 0.7009747512638569
  view-data: 0.3201832175254822
