times:
  edit-metadata: 0.513599468395114
  landing: 2.551864415407181
  view-data: 0.5385144595056772
