times:
  edit-metadata: 1.4112195119960234
  landing: 0.8231656450079754
  view-data: 3.3337750689825043
