times:
  edit-metadata: 0.45298556704074144
  landing: 0.051914490293711424
  view-data: 0.20882904110476375
