times:
  edit-metadata: 0.541649057995528
  landing: 0.07404419401427731
  view-data: 0.22426949901273474
