times:
  edit-metadata: 1.46775888139382
  landing: 0.8170675639994442
  view-data: 3.3883498925715685
