times:
  edit-metadata: 0.5768715802114457
  landing: 0.04963054205290973
  view-data: 0.21526069403626025
