times:
  edit-metadata: 0.5070106573402882
  landing: 0.05159006640315056
  view-data: 0.18930189311504364
