times:
  edit-metadata: 0.5395562462508678
  landing: 0.49209038354456425
  view-data: 0.20332608558237553
