times:
  edit-metadata: 0.5722774610621855
  landing: 0.04287556395865977
  view-data: 0.18675653100945055
