times:
  edit-metadata: 0.44129037484526634
  landing: 0.04809093289077282
  view-data: 0.19863216392695904
