times:
  edit-metadata: 0.42512487806379795
  landing: 0.04832385294139385
  view-data: 0.1992479539476335
