times:
  edit-metadata: 1.4203235264867544
  landing: 0.020593946799635887
  view-data: 0.027281257323920727
