times:
  edit-metadata: 1.6133938115090132
  landing: 0.1255603153258562
  view-data: 0.4807562902569771
