times:
  edit-metadata: 1.3057989003136754
  landing: 0.02152767777442932
  view-data: 0.13160374481230974
