times:
  edit-metadata: 1.5020142439752817
  landing: 0.020041415467858315
  view-data: 0.026585113257169724
