times:
  edit-metadata: 0.5135006532073021
  landing: 0.052346277981996536
  view-data: 0.19145430624485016
