times:
  edit-metadata: 1.3643440278246999
  landing: 0.02036641538143158
  view-data: 0.12505171820521355
