times:
  edit-metadata: 1.403817716985941
  landing: 1.2068563252687454
  view-data: 3.3187596574425697
