times:
  edit-metadata: 0.4591513662599027
  landing: 0.05404646694660187
  view-data: 0.19247290771454573
