times:
  edit-metadata: 0.40859992196783423
  landing: 0.0448887855745852
  view-data: 0.20496393321081996
