times:
  landing: 0.5566944649999641
  view-data: 0.5625059970000166
