times:
  landing: 1.599234684999999
  view-data: 0.5562644949999935
