times:
  edit-metadata: 0.514549795538187
  landing: 0.06049126386642456
  view-data: 0.1939765401184559
