times:
  landing: 1.070635755000012
  view-data: 0.5545389440000008
