times:
  edit-metadata: 1.98277373239398
  landing: 1.355143167078495
  view-data: 3.524072576314211
