times:
  edit-metadata: 0.5198768395930529
  landing: 0.8438730034977198
  view-data: 0.3055152967572212
