times:
  edit-metadata: 0.43998724105767906
  landing: 0.05459245387464762
  view-data: 0.20457823108881712
