times:
  edit-metadata: 0.5028945691883564
  landing: 1.1313845366239548
  view-data: 0.5823385212570429
