times:
  edit-metadata: 0.5689978129812516
  landing: 0.054523764993064106
  view-data: 0.1849308770033531
