times:
  edit-metadata: 0.49327181999979075
  landing: 0.06972468900494277
  view-data: 0.22445033201074693
