times:
  edit-metadata: 1.3312577344477177
  landing: 0.022253593429923058
  view-data: 0.39393313229084015
