times:
  edit-metadata: 1.4371193647384644
  landing: 0.11630364786833525
  view-data: 0.03204927779734135
