times:
  edit-metadata: 1.5585677176713943
  landing: 0.9224257729947567
  view-data: 3.380816001445055
