times:
  edit-metadata: 1.9814001843333244
  landing: 1.1177355982363224
  view-data: 3.3863528817892075
