times:
  edit-metadata: 1.5242894520051777
  landing: 0.9083286728709936
  view-data: 3.331786571070552
