times:
  edit-metadata: 0.4383953759679571
  landing: 0.04943648597691208
  view-data: 0.24853005108889192
