times:
  landing: 1.5877711790000149
  view-data: 0.5618183949999889
