times:
  edit-metadata: 0.5147449038922787
  landing: 0.5765007231384516
  view-data: 0.5788414683192968
