times:
  edit-metadata: 0.5685314168222249
  landing: 0.05012507503852248
  view-data: 0.18817706126719713
