times:
  edit-metadata: 0.4622650328092277
  landing: 0.050562918884679675
  view-data: 0.2511629960499704
