times:
  edit-metadata: 2.0574560202658176
  landing: 1.253539016470313
  view-data: 3.5796257369220257
