times:
  edit-metadata: 0.485589899122715
  landing: 0.1294152899645269
  view-data: 0.27285999804735184
