times:
  landing: 0.5470393300000183
  view-data: 0.5510363740000344
