times:
  edit-metadata: 0.43127870094031096
  landing: 0.04560374468564987
  view-data: 0.19436786975711584
