times:
  edit-metadata: 1.6815704070031643
  landing: 0.9051705077290535
  view-data: 3.4274083971977234
