times:
  edit-metadata: 1.7186739407479763
  landing: 1.0647191163152456
  view-data: 3.5000216960906982
