times:
  edit-metadata: 1.394629075191915
  landing: 0.02128534112125635
  view-data: 0.13375872746109962
