times:
  edit-metadata: 1.6525042559951544
  landing: 0.019887953996658325
  view-data: 0.028032146394252777
