times:
  edit-metadata: 1.5321625210344791
  landing: 0.816889532841742
  view-data: 3.404045585077256
