times:
  landing: 0.545268190999991
  view-data: 0.546633407999991
