times:
  edit-metadata: 1.5053716320544481
  landing: 0.023944871500134468
  view-data: 0.12714975513517857
