times:
  edit-metadata: 1.553013876080513
  landing: 0.8099843244999647
  view-data: 3.3995646107941866
