times:
  landing: 0.5498552500000073
  view-data: 0.551039161999995
