times:
  edit-metadata: 0.5219889990985394
  landing: 0.05401841923594475
  view-data: 0.20068461447954178
