times:
  edit-metadata: 1.2943932339549065
  landing: 0.021874452009797096
  view-data: 0.13194806408137083
