times:
  edit-metadata: 1.3298346009105444
  landing: 0.20650889351963997
  view-data: 0.1036568209528923
