times:
  landing: 0.5626275840000403
  view-data: 0.560985028999994
