times:
  edit-metadata: 0.4100981787778437
  landing: 0.05569169716909528
  view-data: 0.19562391517683864
