times:
  edit-metadata: 0.5671757967211306
  landing: 0.04764180677011609
  view-data: 0.1844852319918573
