times:
  edit-metadata: 0.555360209196806
  landing: 0.053056031465530396
  view-data: 0.20198972150683403
