times:
  edit-metadata: 0.5458632280060556
  landing: 0.1530423009826336
  view-data: 0.2369131819868926
