times:
  edit-metadata: 0.48626832105219364
  landing: 0.5736639685928822
  view-data: 0.5894576199352741
