times:
  edit-metadata: 0.5152846425771713
  landing: 0.04971671849489212
  view-data: 0.19590353593230247
