times:
  edit-metadata: 2.3202329128980637
  landing: 1.288682259619236
  view-data: 3.4843526035547256
