times:
  edit-metadata: 1.5835957834497094
  landing: 0.8716928623616695
  view-data: 3.4346281867474318
