times:
  edit-metadata: 1.328096722252667
  landing: 0.02233195584267378
  view-data: 0.025019974447786808
