times:
  landing: 0.5718731050000088
  view-data: 0.563888492999979
