times:
  edit-metadata: 0.4722139340592548
  landing: 0.056613094988279045
  view-data: 0.21341886406298727
