times:
  edit-metadata: 0.41368021396920085
  landing: 0.048443906009197235
  view-data: 0.18504357291385531
