times:
  landing: 0.5501245770000196
  view-data: 0.05006658199999947
