times:
  edit-metadata: 1.4350837916135788
  landing: 0.9250703416764736
  view-data: 3.375356674194336
