times:
  edit-metadata: 0.5403794143348932
  landing: 1.232164153829217
  view-data: 0.3471659477800131
