times:
  landing: 1.0755979120000347
  view-data: 0.5573912360000008
