times:
  edit-metadata: 1.3164853975176811
  landing: 0.14850925374776125
  view-data: 0.12447882071137428
