times:
  edit-metadata: 1.6286022486165166
  landing: 0.8344210786744952
  view-data: 3.373211425729096
