times:
  edit-metadata: 0.4476040430017747
  landing: 0.05579883296741173
  view-data: 0.22005335905123502
