times:
  edit-metadata: 1.4973262809216976
  landing: 0.04991884529590607
  view-data: 0.02427138388156891
