times:
  landing: 1.0709617200000139
  view-data: 0.5551954040000169
