times:
  edit-metadata: 1.4890860081650317
  landing: 0.8367471490055323
  view-data: 3.3531157318502665
