times:
  landing: 0.5590724580000028
  view-data: 0.5607983689999969
