times:
  edit-metadata: 3.0002531819045544
  landing: 2.008227229118347
  view-data: 3.581067230552435
