times:
  edit-metadata: 0.56176882609725
  landing: 0.052089717239141464
  view-data: 0.19306422024965286
