times:
  edit-metadata: 0.44301293417811394
  landing: 0.04925706144422293
  view-data: 0.20841357950121164
