times:
  edit-metadata: 1.3924795612692833
  landing: 0.8957636468112469
  view-data: 3.325939077883959
