times:
  edit-metadata: 1.3280246369540691
  landing: 0.018664760515093803
  view-data: 0.40707584097981453
