times:
  edit-metadata: 1.6526879959274083
  landing: 0.838857423979789
  view-data: 3.3744770179037005
