times:
  edit-metadata: 1.4563493190798908
  landing: 0.7713624609168619
  view-data: 3.341178665868938
