times:
  edit-metadata: 1.5881104953587055
  landing: 0.9778322950005531
  view-data: 3.3995504565536976
