times:
  edit-metadata: 1.5647094883024693
  landing: 0.7363605387508869
  view-data: 3.336315430700779
