times:
  edit-metadata: 0.5139414556324482
  landing: 0.05315551161766052
  view-data: 0.1958843469619751
