times:
  edit-metadata: 0.5468458579853177
  landing: 0.05322374700335786
  view-data: 0.22973842005012557
