times:
  landing: 1.0743650860000002
  view-data: 0.5578123679999862
