times:
  edit-metadata: 1.5820480287075043
  landing: 0.022354165092110634
  view-data: 0.42866045981645584
