times:
  edit-metadata: 0.4497660920023918
  landing: 0.053031885996460915
  view-data: 0.21922675892710686
