times:
  edit-metadata: 1.3578153429552913
  landing: 0.021496720612049103
  view-data: 0.11716967448592186
