times:
  edit-metadata: 1.3726322837173939
  landing: 0.02210499532520771
  view-data: 0.025868143886327744
