times:
  edit-metadata: 0.5356860626488924
  landing: 0.49733428098261356
  view-data: 0.4141751900315285
