times:
  edit-metadata: 0.46610963623970747
  landing: 0.04682821407914162
  view-data: 0.20417420659214258
