times:
  edit-metadata: 1.5487959273159504
  landing: 1.0172632858157158
  view-data: 3.4389041177928448
