times:
  edit-metadata: 0.5723738790256903
  landing: 0.05165459995623678
  view-data: 0.19778920302633196
