times:
  edit-metadata: 0.39104380970820785
  landing: 0.05725360196083784
  view-data: 0.19450264982879162
