times:
  edit-metadata: 0.6249003410339355
  landing: 0.060848696157336235
  view-data: 0.18955881404690444
