times:
  edit-metadata: 0.45599133905489
  landing: 0.046642969944514334
  view-data: 0.21886542602442205
