times:
  edit-metadata: 0.5902437439945061
  landing: 0.042656113000703044
  view-data: 0.18766799800505396
