times:
  edit-metadata: 1.5494277440011501
  landing: 0.8196319602429867
  view-data: 3.394934479147196
