times:
  edit-metadata: 0.5888516379054636
  landing: 0.05475595407187939
  view-data: 0.19327731896191835
