times:
  landing: 0.5537316560000249
  view-data: 0.5691414319999808
