times:
  edit-metadata: 0.5167560689151287
  landing: 0.05922406539320946
  view-data: 0.1882970668375492
