times:
  edit-metadata: 1.5575385577976704
  landing: 0.7921064458787441
  view-data: 3.3816775996237993
