times:
  edit-metadata: 1.4821898881345987
  landing: 0.9299992397427559
  view-data: 0.6605407912284136
