times:
  edit-metadata: 0.5035847129765898
  landing: 0.09175056501408108
  view-data: 0.2124996529892087
