times:
  edit-metadata: 1.349216136150062
  landing: 0.02065267413854599
  view-data: 0.02456336561590433
