times:
  edit-metadata: 1.5473303757607937
  landing: 1.0659950524568558
  view-data: 3.368489798158407
