times:
  landing: 0.5493413000000373
  view-data: 0.5548182740000129
