times:
  landing: 0.5483775420000256
  view-data: 0.5543156299999623
