times:
  edit-metadata: 1.3495826665312052
  landing: 0.14174344670027494
  view-data: 0.026838110759854317
