times:
  landing: 0.5508508940001775
  view-data: 0.5566258179997021
