times:
  edit-metadata: 0.5100088343024254
  landing: 0.05489041656255722
  view-data: 0.18914417549967766
