times:
  landing: 0.5551637319999827
  view-data: 0.5653966269999842
