times:
  edit-metadata: 2.087842106819153
  landing: 1.4232700802385807
  view-data: 3.444760177284479
