times:
  landing: 0.5492611800000304
  view-data: 0.5513124930000117
