times:
  edit-metadata: 1.5978841008618474
  landing: 1.0802748270798475
  view-data: 3.335923643084243
