times:
  edit-metadata: 0.5101484302431345
  landing: 0.3557560872286558
  view-data: 0.30551132559776306
