times:
  edit-metadata: 1.4216026291251183
  landing: 0.023183634504675865
  view-data: 0.025424877181649208
