times:
  edit-metadata: 0.5135429869988002
  landing: 0.06234557903371751
  view-data: 0.21304353600135073
