times:
  landing: 0.5610670699999787
  view-data: 0.5526483130000202
