times:
  edit-metadata: 0.654198840726167
  landing: 0.0997293540276587
  view-data: 0.24332753894850612
