times:
  edit-metadata: 1.3920074589550495
  landing: 0.7937434911727905
  view-data: 3.3723909966647625
