times:
  edit-metadata: 0.5373326484113932
  landing: 0.706383503973484
  view-data: 0.21193512715399265
