times:
  edit-metadata: 1.5515597388148308
  landing: 0.9687392339110374
  view-data: 3.413108877837658
