times:
  edit-metadata: 0.5166322514414787
  landing: 0.05927097052335739
  view-data: 0.19586684927344322
