times:
  edit-metadata: 1.357772994786501
  landing: 0.021952353417873383
  view-data: 0.09732987359166145
