times:
  edit-metadata: 0.507569428998977
  landing: 0.0459983570035547
  view-data: 0.20984062098432332
