times:
  edit-metadata: 0.4406033188570291
  landing: 0.05408874503336847
  view-data: 0.20352184516377747
