times:
  edit-metadata: 0.5546409823000431
  landing: 0.8704650923609734
  view-data: 0.35969213023781776
