times:
  landing: 0.5508573130000514
  view-data: 0.5598936169999433
