times:
  edit-metadata: 0.5459555815905333
  landing: 0.728536581620574
  view-data: 0.3194520864635706
