times:
  edit-metadata: 0.6129304058849812
  landing: 0.04369484796188772
  view-data: 0.18784052110277116
