times:
  edit-metadata: 1.4868766497820616
  landing: 0.22346164658665657
  view-data: 0.0240668011829257
