times:
  edit-metadata: 1.5648542735725641
  landing: 0.04842704348266125
  view-data: 0.02231711335480213
