times:
  landing: 0.5491590020000103
  view-data: 0.5517751400000179
