times:
  edit-metadata: 1.3287431681528687
  landing: 0.11743097193539143
  view-data: 0.02775287628173828
