times:
  landing: 1.109085394000033
  view-data: 0.5479666070000349
