times:
  edit-metadata: 2.4786626677960157
  landing: 0.850358821451664
  view-data: 3.4056480545550585
