times:
  edit-metadata: 0.5117326434701681
  landing: 0.7338998205959797
  view-data: 0.19681707210838795
