times:
  edit-metadata: 1.472517415881157
  landing: 1.0099036656320095
  view-data: 3.3546137399971485
