times:
  edit-metadata: 1.727856676094234
  landing: 1.0523855118080974
  view-data: 3.424653789959848
