times:
  edit-metadata: 0.5310616100000516
  landing: 0.051934014999915235
  view-data: 0.22516549000010855
