times:
  edit-metadata: 1.360506758093834
  landing: 0.19129090011119843
  view-data: 0.10016314685344696
