times:
  edit-metadata: 0.5597547013312578
  landing: 0.05080464109778404
  view-data: 0.18992220284417272
