times:
  landing: 1.0887952909999967
  view-data: 0.5630524929999865
