times:
  edit-metadata: 1.4771549589931965
  landing: 0.7843493185937405
  view-data: 3.3703403919935226
