times:
  edit-metadata: 1.5264705382287502
  landing: 0.7743440549820662
  view-data: 3.4296292662620544
