times:
  edit-metadata: 1.3430299535393715
  landing: 0.2220019055530429
  view-data: 0.4186279531568289
