times:
  edit-metadata: 0.4331695869914256
  landing: 0.050509611959569156
  view-data: 0.34364309400552884
