times:
  edit-metadata: 1.420657616108656
  landing: 0.8464958928525448
  view-data: 3.3026026859879494
