times:
  landing: 0.5538279149999994
  view-data: 0.5577167609999947
