times:
  edit-metadata: 0.5693025439977646
  landing: 0.05179161799605936
  view-data: 0.20592513296287507
