times:
  edit-metadata: 0.4844665600103326
  landing: 0.05367234398727305
  view-data: 0.2538130809844006
