times:
  edit-metadata: 0.5284310132265091
  landing: 0.07661821320652962
  view-data: 0.2024441845715046
