times:
  landing: 0.5535761650000381
  view-data: 0.5534651639999879
