times:
  edit-metadata: 1.384166669100523
  landing: 0.1734222061932087
  view-data: 0.0229131281375885
