times:
  edit-metadata: 0.4147553921211511
  landing: 0.052498094039037824
  view-data: 0.22232428612187505
