times:
  edit-metadata: 1.3619049275293946
  landing: 0.021208597347140312
  view-data: 0.20461932010948658
