times:
  landing: 0.5516101959999844
  view-data: 0.5599049960000002
