times:
  edit-metadata: 0.47313594073057175
  landing: 0.04644058272242546
  view-data: 0.1910407217219472
