times:
  landing: 1.1095078040000317
  view-data: 0.55576676000004
