times:
  edit-metadata: 0.5466957170283422
  landing: 0.06609573494642973
  view-data: 0.21774132701102644
