times:
  landing: 0.550995094999962
  view-data: 0.5549409199999786
