times:
  edit-metadata: 0.5363098670059117
  landing: 0.056923971002106555
  view-data: 0.22295532999851275
