times:
  edit-metadata: 1.3092124490067363
  landing: 0.01971010584384203
  view-data: 0.1214017877355218
