times:
  edit-metadata: 1.3827540054917336
  landing: 0.020441421307623386
  view-data: 0.45810194965451956
