times:
  landing: 0.5482970939999632
  view-data: 0.552153168000018
