times:
  edit-metadata: 1.3151425113901496
  landing: 0.024439617060124874
  view-data: 0.022518763318657875
