times:
  landing: 0.5536929000000441
  view-data: 0.5606127340000171
