times:
  edit-metadata: 1.6521108411252499
  landing: 0.17609180137515068
  view-data: 0.509620038792491
