times:
  landing: 1.1245667299999695
  view-data: 0.5609326390000433
