times:
  edit-metadata: 0.535354632884264
  landing: 0.5661690812557936
  view-data: 0.41901922412216663
