times:
  edit-metadata: 1.704837005585432
  landing: 0.04302230477333069
  view-data: 0.030483904294669628
