times:
  edit-metadata: 1.5588541999459267
  landing: 0.755551815032959
  view-data: 3.395494218915701
