times:
  edit-metadata: 1.2872783560305834
  landing: 0.11289895046502352
  view-data: 0.12076832540333271
