times:
  edit-metadata: 0.5211025141179562
  landing: 0.046545982360839844
  view-data: 0.19423824176192284
