times:
  landing: 0.5539953219999916
  view-data: 0.5576322649999952
