times:
  edit-metadata: 1.5411037653684616
  landing: 0.020595068112015724
  view-data: 0.03140098787844181
