times:
  landing: 1.0713968969999996
  view-data: 0.5527509099999861
