times:
  landing: 0.5582471190000433
  view-data: 0.5606629359999715
