times:
  edit-metadata: 1.4342728164047003
  landing: 0.023515734821558
  view-data: 0.2587500028312206
