times:
  edit-metadata: 1.3665414340794086
  landing: 0.11795566789805889
  view-data: 0.023087849840521812
