times:
  edit-metadata: 0.465900057926774
  landing: 0.043408540077507496
  view-data: 0.2406704081222415
