times:
  edit-metadata: 0.6017112471163273
  landing: 0.060819974169135094
  view-data: 0.21819336526095867
