times:
  landing: 1.0675791939999613
  view-data: 0.5541311559999826
