times:
  edit-metadata: 1.4107877165079117
  landing: 0.022028706036508083
  view-data: 0.024449839256703854
