times:
  edit-metadata: 0.43658711202442646
  landing: 0.04700752813369036
  view-data: 0.20500821992754936
