times:
  edit-metadata: 1.416443645954132
  landing: 0.8409904353320599
  view-data: 3.341404013335705
