times:
  edit-metadata: 1.515271931886673
  landing: 0.9135446846485138
  view-data: 3.4416988529264927
