times:
  edit-metadata: 0.5595588149735704
  landing: 0.05382043495774269
  view-data: 0.18864086992107332
