times:
  edit-metadata: 1.4901595739647746
  landing: 0.8917985889129341
  view-data: 3.4073740737512708
