times:
  edit-metadata: 1.6801888104528189
  landing: 0.24249163083732128
  view-data: 0.33331639878451824
