times:
  edit-metadata: 0.6003966119606048
  landing: 0.06259831413626671
  view-data: 0.1868924170266837
