times:
  landing: 0.558949266000127
  view-data: 0.5564195489998838
