times:
  edit-metadata: 0.5622149333357811
  landing: 0.05964374914765358
  view-data: 0.19077951461076736
