times:
  edit-metadata: 1.6274795678909868
  landing: 0.8459055360872298
  view-data: 3.3693501229863614
