times:
  landing: 0.5663145710000208
  view-data: 0.5699292520000085
