times:
  edit-metadata: 1.377173949033022
  landing: 0.2226265650242567
  view-data: 0.025981929153203964
