times:
  edit-metadata: 0.4280901593156159
  landing: 0.048078480176627636
  view-data: 0.20738385990262032
