times:
  edit-metadata: 1.4015998840332031
  landing: 0.19051313400268555
  view-data: 0.23043506778776646
