times:
  landing: 0.5473975700000437
  view-data: 0.5594161660000054
