times:
  edit-metadata: 1.3415984604507685
  landing: 0.09739462565630674
  view-data: 0.12229834124445915
