times:
  edit-metadata: 2.2137968111783266
  landing: 0.2603614144027233
  view-data: 0.5497671756893396
