times:
  edit-metadata: 0.41388616571202874
  landing: 0.04582096077501774
  view-data: 0.19390728371217847
