times:
  edit-metadata: 1.3377541955560446
  landing: 0.019859732128679752
  view-data: 0.025657976046204567
