times:
  landing: 0.5400630750000062
  view-data: 0.5452591760000018
