times:
  edit-metadata: 0.5583595589851029
  landing: 0.048254925990477204
  view-data: 0.19264618097804487
