times:
  edit-metadata: 0.5707416599616408
  landing: 0.06377464905381203
  view-data: 0.19212023308500648
