times:
  edit-metadata: 1.3180013997480273
  landing: 0.019270863384008408
  view-data: 0.46973279118537903
