times:
  edit-metadata: 0.5665763539727777
  landing: 0.04840327589772642
  view-data: 0.18939166399650276
