times:
  edit-metadata: 0.5579213880046154
  landing: 0.04851259999850299
  view-data: 0.2136718559995643
