times:
  edit-metadata: 1.4807519037276506
  landing: 0.810648312792182
  view-data: 3.3840982150286436
