times:
  edit-metadata: 1.427831182256341
  landing: 0.8931731339544058
  view-data: 3.240701472386718
