times:
  landing: 1.0722489999999993
  view-data: 0.5567395830000237
