times:
  edit-metadata: 0.4030663841404021
  landing: 0.059943029191344976
  view-data: 0.1977492868900299
