times:
  edit-metadata: 1.481647557578981
  landing: 0.8005816452205181
  view-data: 3.321888186968863
