times:
  edit-metadata: 0.43123624101281166
  landing: 0.043357287999242544
  view-data: 0.20316492998972535
