times:
  edit-metadata: 0.5582713549956679
  landing: 0.05798410624265671
  view-data: 0.20391530124470592
