times:
  landing: 0.5499567499999785
  view-data: 0.550791261000029
