times:
  edit-metadata: 0.5190989598631859
  landing: 0.060170792043209076
  view-data: 0.19863862171769142
