times:
  edit-metadata: 0.6207801857963204
  landing: 0.13654831005260348
  view-data: 0.3640451477840543
