times:
  edit-metadata: 1.417086310684681
  landing: 1.0540346764028072
  view-data: 0.508250530809164
