times:
  edit-metadata: 0.4502121930127032
  landing: 0.05398494697874412
  view-data: 0.22814118704991415
