times:
  landing: 0.5573988110000414
  view-data: 0.5660181090000265
