times:
  edit-metadata: 0.5395035650581121
  landing: 0.4825008846819401
  view-data: 0.2981559541076422
