times:
  edit-metadata: 1.7079218626022339
  landing: 1.0652858801186085
  view-data: 3.474109221249819
