times:
  edit-metadata: 0.589624501997605
  landing: 0.04897235403768718
  view-data: 0.1962504161056131
