times:
  edit-metadata: 1.3681182023137808
  landing: 0.020277922973036766
  view-data: 0.028168803080916405
