times:
  edit-metadata: 0.5791129758581519
  landing: 0.05072106886655092
  view-data: 0.1954229585826397
