times:
  edit-metadata: 1.39154402166605
  landing: 0.8852990791201591
  view-data: 3.3789010047912598
