times:
  landing: 1.1057027890346944
  view-data: 0.5456521271262318
