times:
  edit-metadata: 0.5681771810050122
  landing: 0.047415989989531226
  view-data: 0.1899613660061732
