times:
  edit-metadata: 0.5286388406530023
  landing: 0.05256629083305597
  view-data: 0.36977231362834573
