times:
  edit-metadata: 0.5660747080110013
  landing: 0.04588879400398582
  view-data: 0.19183226395398378
