times:
  landing: 1.068172317999995
  view-data: 0.5512233480000077
