times:
  landing: 0.5563373119999824
  view-data: 0.5633598979999874
