times:
  edit-metadata: 0.5626671210629866
  landing: 0.0508854070212692
  view-data: 0.20281197607982904
