times:
  edit-metadata: 1.3188487756997347
  landing: 0.01876592356711626
  view-data: 0.02517390437424183
