times:
  edit-metadata: 0.5334456488490105
  landing: 0.3778275568038225
  view-data: 0.21808096207678318
