times:
  edit-metadata: 1.5521667916327715
  landing: 0.7888594418764114
  view-data: 3.3790564481168985
