times:
  landing: 0.5529177720000007
  view-data: 0.5564923779999731
