times:
  edit-metadata: 0.4350550156086683
  landing: 0.0562771032564342
  view-data: 0.19858687836676836
