times:
  edit-metadata: 0.5279570139973657
  landing: 0.04903784199268557
  view-data: 0.24534060899168253
