times:
  landing: 0.5789374450000082
  view-data: 0.559439306999991
