times:
  edit-metadata: 1.4893144555389881
  landing: 0.14179976098239422
  view-data: 0.42542883940041065
