times:
  landing: 1.06337781000002
  view-data: 0.5492111180000165
