times:
  edit-metadata: 1.4876654148101807
  landing: 0.7786213755607605
  view-data: 3.3645740961655974
