times:
  landing: 0.556563897999979
  view-data: 0.556208177999963
