times:
  edit-metadata: 1.5148727167397738
  landing: 0.8197165746241808
  view-data: 3.3820964116603136
