times:
  edit-metadata: 1.342673203907907
  landing: 0.02323604468256235
  view-data: 0.02718933764845133
