times:
  edit-metadata: 2.869793899357319
  landing: 1.1324181351810694
  view-data: 3.6915487069636583
