times:
  edit-metadata: 1.4715469535440207
  landing: 0.8386271968483925
  view-data: 3.5173719320446253
