times:
  edit-metadata: 1.3710129149258137
  landing: 0.018425827845931053
  view-data: 0.3532477952539921
