times:
  edit-metadata: 1.4727688562124968
  landing: 0.30474036931991577
  view-data: 0.49348441511392593
