times:
  edit-metadata: 0.578426883002976
  landing: 0.048854494001716375
  view-data: 0.30227964199730195
