times:
  edit-metadata: 0.4436297188512981
  landing: 0.053635376039892435
  view-data: 0.2344140913337469
