times:
  edit-metadata: 1.3085643872618675
  landing: 0.11726254876703024
  view-data: 0.38376616686582565
