times:
  edit-metadata: 0.44081458903383464
  landing: 0.049330285051837564
  view-data: 0.2083887029439211
