times:
  edit-metadata: 1.4733746070414782
  landing: 0.29680779203772545
  view-data: 0.16758061200380325
