times:
  edit-metadata: 0.49718268774449825
  landing: 0.05823385436087847
  view-data: 0.19782576989382505
