times:
  edit-metadata: 1.4425966273993254
  landing: 1.1772013362497091
  view-data: 3.331925455480814
