times:
  edit-metadata: 0.5874853171408176
  landing: 0.05774926487356424
  view-data: 0.18979923496954143
