times:
  edit-metadata: 1.968481134623289
  landing: 1.1211430951952934
  view-data: 3.3560277819633484
