times:
  edit-metadata: 2.405012773349881
  landing: 0.3280163696035743
  view-data: 0.6641384558752179
