times:
  edit-metadata: 0.5664075892418623
  landing: 0.6296054590493441
  view-data: 0.2040225937962532
