times:
  edit-metadata: 0.5617812309646979
  landing: 0.056930511025711894
  view-data: 0.1948422979330644
