times:
  edit-metadata: 1.4106200197711587
  landing: 0.19720798637717962
  view-data: 0.20115537848323584
