times:
  edit-metadata: 0.5267527252435684
  landing: 0.05781347677111626
  view-data: 0.22501595690846443
