times:
  edit-metadata: 0.4309303208719939
  landing: 0.051564265973865986
  view-data: 0.21531000803224742
