times:
  edit-metadata: 0.571030467748642
  landing: 0.06142463954165578
  view-data: 0.2193480501882732
