times:
  edit-metadata: 1.4007700569927692
  landing: 0.8783430457115173
  view-data: 3.2957089729607105
