times:
  edit-metadata: 1.3975802809000015
  landing: 0.1399083025753498
  view-data: 0.4026561342179775
