times:
  edit-metadata: 1.8974609561264515
  landing: 1.2028430253267288
  view-data: 3.482214581221342
