times:
  edit-metadata: 0.4150079172104597
  landing: 0.0466546006500721
  view-data: 0.3473997041583061
