times:
  edit-metadata: 1.4133258983492851
  landing: 0.8731531202793121
  view-data: 3.2883903458714485
