times:
  edit-metadata: 1.5435289181768894
  landing: 0.9883525744080544
  view-data: 3.3500619679689407
