times:
  edit-metadata: 0.5346774961799383
  landing: 0.8029274363070726
  view-data: 0.21654364094138145
