times:
  landing: 1.608052458999964
  view-data: 0.5548711769999954
