times:
  edit-metadata: 1.6189935002475977
  landing: 0.3159643430262804
  view-data: 0.3001223336905241
