times:
  edit-metadata: 1.6083592120558023
  landing: 0.39669638872146606
  view-data: 0.14876721240580082
