times:
  edit-metadata: 1.543399590998888
  landing: 0.791746573522687
  view-data: 3.4182583186775446
