times:
  landing: 0.5572028340000088
  view-data: 0.5632737180000049
