times:
  edit-metadata: 0.5730698090046644
  landing: 1.9467428643256426
  view-data: 0.2153362762182951
