times:
  edit-metadata: 0.4563472780282609
  landing: 0.050323773990385234
  view-data: 0.3700404309784062
