times:
  edit-metadata: 2.6361628603190184
  landing: 1.5247485945001245
  view-data: 3.45844514016062
