times:
  landing: 0.5452240920000122
  view-data: 0.5438537019999785
