times:
  edit-metadata: 0.5614787809900008
  landing: 0.05746781200286932
  view-data: 0.18991825300327037
