times:
  edit-metadata: 0.5644366550259292
  landing: 0.05569604807533324
  view-data: 0.18452918296679854
