times:
  edit-metadata: 0.5792670750524849
  landing: 0.0500319660641253
  view-data: 0.18766749696806073
