times:
  landing: 0.559914792000086
  view-data: 0.5597409899999093
