times:
  edit-metadata: 1.464322205632925
  landing: 0.2664831019937992
  view-data: 0.053011154755949974
