times:
  edit-metadata: 1.661204358562827
  landing: 0.8035214245319366
  view-data: 3.4463609978556633
