times:
  edit-metadata: 0.562227874994278
  landing: 0.04502531106118113
  view-data: 0.18027101294137537
