times:
  edit-metadata: 0.448986086063087
  landing: 0.05013905232772231
  view-data: 0.22631533909589052
