times:
  edit-metadata: 0.5187678860002052
  landing: 0.09075537099988651
  view-data: 0.2430760519996511
