times:
  edit-metadata: 1.4858095776289701
  landing: 0.8988925768062472
  view-data: 3.4083305206149817
