times:
  edit-metadata: 0.5077356621623039
  landing: 0.04922855272889137
  view-data: 0.18846359848976135
