times:
  landing: 0.560484367000015
  view-data: 0.07093399400002909
