times:
  landing: 1.5810522629999468
  view-data: 1.0649176160000025
