times:
  edit-metadata: 1.3732882961630821
  landing: 0.08922456204891205
  view-data: 0.13528475537896156
