times:
  landing: 0.5469644920000292
  view-data: 0.5658501979999642
