times:
  edit-metadata: 0.43605974689126015
  landing: 0.04563598660752177
  view-data: 0.20397672709077597
