times:
  edit-metadata: 1.692520134150982
  landing: 0.8960116468369961
  view-data: 3.383927058428526
