times:
  edit-metadata: 0.5559396035969257
  landing: 0.5620295889675617
  view-data: 0.7715273480862379
