times:
  landing: 0.5535087200000248
  view-data: 0.05891979400001901
