times:
  edit-metadata: 0.5260606538504362
  landing: 0.052266163751482964
  view-data: 0.21858240710571408
