times:
  edit-metadata: 1.3587233517318964
  landing: 0.021394560113549232
  view-data: 0.1863214960321784
