times:
  edit-metadata: 0.43420423893257976
  landing: 0.06583353015594184
  view-data: 0.21741931489668787
