times:
  edit-metadata: 0.42989440402016044
  landing: 0.05397352576255798
  view-data: 0.19441232923418283
