times:
  edit-metadata: 1.455898206681013
  landing: 0.04130002483725548
  view-data: 0.40831330977380276
