times:
  edit-metadata: 0.5786520949332044
  landing: 0.05253888096194714
  view-data: 0.18950406496878713
