times:
  edit-metadata: 0.5444566500373185
  landing: 0.11280043516308069
  view-data: 0.20544122997671366
