times:
  edit-metadata: 1.7111214827746153
  landing: 0.021653324365615845
  view-data: 0.027077781967818737
