times:
  edit-metadata: 0.5598230296745896
  landing: 0.04993109777569771
  view-data: 0.19728132570162416
