times:
  edit-metadata: 1.7361090537160635
  landing: 0.8135522939264774
  view-data: 3.375165866687894
