times:
  edit-metadata: 1.3518207059241831
  landing: 1.0047276370460168
  view-data: 3.4716431200504303
