times:
  edit-metadata: 1.4151403941214085
  landing: 0.9752990938723087
  view-data: 3.346938617527485
