times:
  edit-metadata: 0.4075650670565665
  landing: 0.04753915732726455
  view-data: 0.1978066749870777
