times:
  edit-metadata: 1.6454176492989063
  landing: 0.9129508975893259
  view-data: 3.9350075349211693
