times:
  edit-metadata: 0.5822556069906568
  landing: 0.04963638600020204
  view-data: 0.1891949880082393
