times:
  edit-metadata: 1.3838655781000853
  landing: 0.12334590591490269
  view-data: 0.024355195462703705
