times:
  edit-metadata: 0.44747583009302616
  landing: 0.05423438083380461
  view-data: 0.203117442317307
