times:
  landing: 0.5460479719999967
  view-data: 0.5449454719999949
