times:
  edit-metadata: 1.362952045048587
  landing: 0.8703786650439724
  view-data: 3.3278564079664648
