times:
  edit-metadata: 1.4355824524536729
  landing: 0.02214800287038088
  view-data: 0.024546911008656025
