times:
  landing: 0.5472405730000105
  view-data: 0.5558535699999538
