times:
  edit-metadata: 2.181447312235832
  landing: 1.209511959925294
  view-data: 3.439876795746386
