times:
  edit-metadata: 0.5504038464277983
  landing: 0.6703441478312016
  view-data: 0.2949869576841593
