times:
  edit-metadata: 0.553426880389452
  landing: 0.04287918284535408
  view-data: 0.19841031730175018
