times:
  edit-metadata: 1.4468036349862814
  landing: 0.021505476906895638
  view-data: 0.40596809424459934
