times:
  edit-metadata: 1.410540223121643
  landing: 0.7961065359413624
  view-data: 3.329349147155881
