times:
  edit-metadata: 0.531375824008137
  landing: 0.08171631908044219
  view-data: 0.3383521339856088
