times:
  edit-metadata: 1.4159053461626172
  landing: 0.25657020043581724
  view-data: 0.40997630823403597
