times:
  edit-metadata: 1.3292312528938055
  landing: 0.1636317502707243
  view-data: 0.12236537039279938
