times:
  edit-metadata: 1.3434128761291504
  landing: 0.12165607884526253
  view-data: 0.131295932456851
