times:
  edit-metadata: 1.3094361359253526
  landing: 0.020382306538522243
  view-data: 0.1007737210020423
