times:
  edit-metadata: 0.5457057002931833
  landing: 0.9135460183024406
  view-data: 0.4649113155901432
