times:
  landing: 1.0911663019999196
  view-data: 0.554620524000029
