times:
  edit-metadata: 0.4324976741336286
  landing: 0.05339849600568414
  view-data: 0.18172279000282288
