times:
  edit-metadata: 0.5298881120979786
  landing: 0.04803760501090437
  view-data: 0.20843984105158597
