times:
  edit-metadata: 1.532187432050705
  landing: 0.9100564159452915
  view-data: 3.470040336251259
