times:
  edit-metadata: 1.5992973800748587
  landing: 0.7753510307520628
  view-data: 3.3953670784831047
