times:
  edit-metadata: 1.4992792401462793
  landing: 0.8515178766101599
  view-data: 3.396124496124685
