times:
  edit-metadata: 0.4644743241369724
  landing: 0.05551245994865894
  view-data: 0.22895213309675455
