times:
  edit-metadata: 0.4254134249931667
  landing: 0.05096431299170945
  view-data: 0.23727597799734212
