times:
  edit-metadata: 1.6105339294299483
  landing: 0.8818314447999
  view-data: 3.3251160038635135
