times:
  landing: 0.5554937590000009
  view-data: 0.5566924569999969
