times:
  edit-metadata: 0.6977773122489452
  landing: 0.661327663809061
  view-data: 0.33131291531026363
