times:
  edit-metadata: 1.6287490909453481
  landing: 0.884223849978298
  view-data: 3.4094225538428873
