times:
  edit-metadata: 4.046021074056625
  landing: 1.8481270521879196
  view-data: 3.5771021507680416
