times:
  edit-metadata: 0.5695926480111666
  landing: 0.0505486759939231
  view-data: 0.187268705049064
