times:
  landing: 0.5508982670000364
  view-data: 0.5555168060000142
