times:
  edit-metadata: 1.3435473013669252
  landing: 0.021030674688518047
  view-data: 0.024776355363428593
