times:
  landing: 0.5522955470000852
  view-data: 0.5560319360000676
