times:
  edit-metadata: 0.45589332515373826
  landing: 0.05816792882978916
  view-data: 0.2073603649623692
