times:
  edit-metadata: 1.5535244401544333
  landing: 0.7691203895956278
  view-data: 3.3890196718275547
