times:
  edit-metadata: 1.3856837786734104
  landing: 0.1369737684726715
  view-data: 0.1326852422207594
