times:
  landing: 0.5483625550000397
  view-data: 0.5769698060000223
