times:
  landing: 1.0768661570000404
  view-data: 0.5603487169999539
