times:
  edit-metadata: 1.6570738730952144
  landing: 0.8865856449119747
  view-data: 3.3816234790720046
