times:
  edit-metadata: 1.3244571220129728
  landing: 0.2078594770282507
  view-data: 0.05389183945953846
