times:
  edit-metadata: 1.5854206904768944
  landing: 0.9342580251395702
  view-data: 3.475650313310325
