times:
  edit-metadata: 2.029917251318693
  landing: 1.0869300160557032
  view-data: 3.5107908491045237
