times:
  edit-metadata: 0.5484464060282335
  landing: 0.06030892097624019
  view-data: 0.23380703100701794
