times:
  edit-metadata: 0.47550179180689156
  landing: 0.05701312609016895
  view-data: 0.2348231510259211
