times:
  edit-metadata: 1.5188172552734613
  landing: 0.7998173488304019
  view-data: 3.3750882828608155
