times:
  edit-metadata: 2.063111748546362
  landing: 1.0901407040655613
  view-data: 4.197657875716686
