times:
  edit-metadata: 1.5725610479712486
  landing: 0.8391306102275848
  view-data: 3.4323483407497406
