times:
  edit-metadata: 0.5412335079163313
  landing: 0.07548131700605154
  view-data: 0.21568013774231076
