times:
  edit-metadata: 0.4491882340516895
  landing: 0.053450318053364754
  view-data: 0.21757941716350615
