times:
  edit-metadata: 0.5590062208939344
  landing: 0.05742139997892082
  view-data: 0.18968238914385438
