times:
  edit-metadata: 1.3459995277225971
  landing: 0.020103730261325836
  view-data: 0.023542890325188637
