times:
  edit-metadata: 1.6669728942215443
  landing: 0.10850168392062187
  view-data: 0.03267925325781107
