times:
  edit-metadata: 0.5282118506729603
  landing: 0.9512063730508089
  view-data: 0.22167399898171425
