times:
  edit-metadata: 1.3793020183220506
  landing: 0.02464367263019085
  view-data: 0.026912984438240528
