times:
  edit-metadata: 1.3185543334111571
  landing: 0.023137041367590427
  view-data: 0.10004368238151073
