times:
  edit-metadata: 1.5903655998408794
  landing: 0.9724607653915882
  view-data: 3.326469898223877
