times:
  landing: 1.5947235660000274
  view-data: 0.552589179999984
