times:
  edit-metadata: 2.2202631942927837
  landing: 1.3189653418958187
  view-data: 3.479315370321274
