times:
  edit-metadata: 0.5185476802289486
  landing: 0.05222209542989731
  view-data: 0.1879679448902607
