times:
  edit-metadata: 1.379720593802631
  landing: 0.02965709287673235
  view-data: 0.02465089038014412
