times:
  landing: 1.0720460079999725
  view-data: 0.5581730249999737
