times:
  edit-metadata: 1.383128795772791
  landing: 0.9488393478095531
  view-data: 3.373904801905155
