times:
  landing: 0.550361463999991
  view-data: 0.5599135260000025
