times:
  edit-metadata: 0.5701280999928713
  landing: 0.0578551369253546
  view-data: 0.1951455099042505
