times:
  edit-metadata: 0.5234969072043896
  landing: 0.05681368336081505
  view-data: 0.1889338456094265
