times:
  edit-metadata: 1.512117639183998
  landing: 0.7271391935646534
  view-data: 3.3181663788855076
