times:
  edit-metadata: 1.7146589830517769
  landing: 1.0139931179583073
  view-data: 3.3764490634202957
