times:
  edit-metadata: 1.5832251161336899
  landing: 0.021772831678390503
  view-data: 0.15651178546249866
