times:
  edit-metadata: 1.3569433949887753
  landing: 0.018704338930547237
  view-data: 0.402159845456481
