times:
  edit-metadata: 0.43441870296373963
  landing: 0.04894543392583728
  view-data: 0.3620964919682592
