times:
  edit-metadata: 1.7586525399237871
  landing: 0.8232943993061781
  view-data: 3.7228565011173487
