times:
  landing: 0.5500040499999841
  view-data: 0.5562203049999823
