times:
  edit-metadata: 1.5398869924247265
  landing: 0.7550192326307297
  view-data: 3.3782551139593124
