times:
  landing: 1.0708618510000179
  view-data: 0.554237722000039
