times:
  edit-metadata: 0.4257497361395508
  landing: 0.06967475893907249
  view-data: 0.2539463478606194
