times:
  edit-metadata: 0.4184765792451799
  landing: 0.072757164016366
  view-data: 0.34256846690550447
