times:
  edit-metadata: 1.5575351752340794
  landing: 1.1417730376124382
  view-data: 3.370988294482231
