times:
  edit-metadata: 0.55069724842906
  landing: 0.04719023406505585
  view-data: 0.18855023384094238
