times:
  landing: 0.561015659000077
  view-data: 0.5544348870000704
