times:
  edit-metadata: 0.6325355479493737
  landing: 0.04787525208666921
  view-data: 0.1934630791656673
