times:
  landing: 0.5611552940000024
  view-data: 0.05146753899998657
