times:
  edit-metadata: 1.5252085644751787
  landing: 0.7596969995647669
  view-data: 3.4571036882698536
