times:
  edit-metadata: 2.154715808108449
  landing: 1.1339685786515474
  view-data: 3.851996438577771
