times:
  edit-metadata: 1.3998820129781961
  landing: 0.02103569358587265
  view-data: 0.3827609661966562
