times:
  edit-metadata: 0.5507968198508024
  landing: 0.8445370905101299
  view-data: 0.18993213586509228
