times:
  edit-metadata: 1.5555913150310516
  landing: 0.7936346307396889
  view-data: 3.4226280972361565
