times:
  edit-metadata: 0.598098241025582
  landing: 0.057364263106137514
  view-data: 0.19362047803588212
