times:
  edit-metadata: 0.5004282761365175
  landing: 1.1529679149389267
  view-data: 0.5856920666992664
