times:
  edit-metadata: 1.531195404008031
  landing: 0.24864717945456505
  view-data: 0.3465138431638479
