times:
  edit-metadata: 1.3932303600013256
  landing: 0.753827566280961
  view-data: 3.3237644229084253
