times:
  edit-metadata: 0.42190238693729043
  landing: 0.05599481426179409
  view-data: 0.1948570921085775
