times:
  edit-metadata: 0.5718003208748996
  landing: 0.052350922022014856
  view-data: 0.19194959476590157
