times:
  edit-metadata: 0.5461522024124861
  landing: 0.493594853207469
  view-data: 0.18305011093616486
