times:
  edit-metadata: 0.4214482349343598
  landing: 0.051370025146752596
  view-data: 0.1982590458355844
