times:
  edit-metadata: 0.42562691774219275
  landing: 0.05117354402318597
  view-data: 0.2038704538717866
