times:
  edit-metadata: 0.5684117759810761
  landing: 0.049681143020279706
  view-data: 0.1927010520012118
