times:
  landing: 1.0859368529999642
  view-data: 0.5744787550000297
