times:
  landing: 0.5542123359999778
  view-data: 0.5638303729999734
