times:
  edit-metadata: 1.4231575354933739
  landing: 0.9115419834852219
  view-data: 3.3201575614511967
