times:
  edit-metadata: 1.561789121478796
  landing: 0.9653367921710014
  view-data: 3.4245254322886467
