times:
  edit-metadata: 1.320177061483264
  landing: 0.02185802161693573
  view-data: 0.02476352546364069
