times:
  edit-metadata: 1.542338129132986
  landing: 0.7820690721273422
  view-data: 3.4438590109348297
