times:
  edit-metadata: 1.585025880485773
  landing: 0.22889979556202888
  view-data: 0.4265455137938261
