times:
  edit-metadata: 1.5341914291493595
  landing: 0.8544203280471265
  view-data: 3.30810479586944
