times:
  edit-metadata: 0.4890239145606756
  landing: 1.1508289780467749
  view-data: 0.29565031826496124
