times:
  edit-metadata: 1.4405141435563564
  landing: 0.8967884890735149
  view-data: 3.3197846561670303
