times:
  edit-metadata: 1.3599018761888146
  landing: 0.021840129047632217
  view-data: 0.1287079080939293
