times:
  landing: 1.0759458530000074
  view-data: 0.5624340410000173
