times:
  edit-metadata: 0.5671361070126295
  landing: 0.05032358306925744
  view-data: 0.21329795999918133
