times:
  edit-metadata: 0.7572653191164136
  landing: 0.1290535107254982
  view-data: 0.393718465231359
