times:
  landing: 0.548272652999998
  view-data: 0.04634060499998327
