times:
  edit-metadata: 1.4851662330329418
  landing: 0.02174768317490816
  view-data: 0.12497362960129976
