times:
  edit-metadata: 0.43038173858076334
  landing: 0.04731291905045509
  view-data: 0.20672006532549858
