times:
  landing: 0.5466909960000521
  view-data: 0.5468492969999943
