times:
  edit-metadata: 0.4486179491505027
  landing: 0.05468283873051405
  view-data: 0.19476892007514834
