times:
  edit-metadata: 0.5843132029986009
  landing: 0.05354901892133057
  view-data: 0.19809350708965212
