times:
  landing: 0.552104063999991
  view-data: 0.5588120940000181
