times:
  edit-metadata: 0.5241241827607155
  landing: 1.1775617636740208
  view-data: 0.4189400039613247
