times:
  edit-metadata: 0.43195121400640346
  landing: 0.049338554992573336
  view-data: 0.8973994200059678
