times:
  edit-metadata: 0.5778459591092542
  landing: 0.04951728892046958
  view-data: 0.18798406003043056
