times:
  edit-metadata: 0.5096235908567905
  landing: 0.053406376391649246
  view-data: 0.18957216665148735
