times:
  edit-metadata: 0.4287860640324652
  landing: 0.04911733418703079
  view-data: 0.20434661116451025
