times:
  edit-metadata: 0.6395194842480123
  landing: 0.06033499399200082
  view-data: 0.230539885815233
