times:
  edit-metadata: 1.5968872383236885
  landing: 0.7909013070166111
  view-data: 3.4043922759592533
