times:
  edit-metadata: 0.6100081480108202
  landing: 0.04264290491119027
  view-data: 0.20881267986260355
