times:
  edit-metadata: 0.49553187750279903
  landing: 0.9760145824402571
  view-data: 0.32379215955734253
