times:
  landing: 1.064912043000021
  view-data: 0.5455815210000026
