times:
  edit-metadata: 1.5419894494116306
  landing: 0.20462285168468952
  view-data: 0.14539732411503792
