times:
  edit-metadata: 1.5362234450876713
  landing: 0.9065965097397566
  view-data: 3.511566654779017
