times:
  landing: 1.076089369999977
  view-data: 0.5591363850000448
