times:
  edit-metadata: 1.654011782258749
  landing: 1.1040486190468073
  view-data: 0.6797286299988627
