times:
  edit-metadata: 2.405952550470829
  landing: 1.4333151057362556
  view-data: 3.668884724378586
