times:
  edit-metadata: 1.8962397491559386
  landing: 0.9917760230600834
  view-data: 3.371942512691021
