times:
  edit-metadata: 2.1969047021120787
  landing: 1.3419159352779388
  view-data: 3.90935439709574
