times:
  edit-metadata: 1.2865494545549154
  landing: 0.02018728107213974
  view-data: 0.22654396481812
