times:
  edit-metadata: 1.5160325709730387
  landing: 0.020011480897665024
  view-data: 0.42730939388275146
