times:
  landing: 0.5451254289999952
  view-data: 0.5498975670000164
