times:
  landing: 1.0663901280000232
  view-data: 0.5527262030000202
