times:
  edit-metadata: 0.5712255099788308
  landing: 0.055917129007866606
  view-data: 0.18818015599390492
