times:
  edit-metadata: 1.3502687104046345
  landing: 0.019079899415373802
  view-data: 0.41029865574091673
