times:
  edit-metadata: 0.47546585090458393
  landing: 0.052038047928363085
  view-data: 0.2851251708343625
