times:
  edit-metadata: 1.5606886520981789
  landing: 0.826859662309289
  view-data: 3.367130234837532
