times:
  edit-metadata: 1.4253179812803864
  landing: 0.12790271174162626
  view-data: 0.13928458094596863
