times:
  edit-metadata: 0.437576979980804
  landing: 0.05465919600101188
  view-data: 0.33401067499653436
