times:
  edit-metadata: 2.086614713072777
  landing: 1.1774317510426044
  view-data: 3.7587052322924137
