times:
  edit-metadata: 0.5116513594985008
  landing: 0.055371422320604324
  view-data: 0.19224055856466293
