times:
  edit-metadata: 1.5391958765685558
  landing: 0.82947838306427
  view-data: 3.397972187027335
