times:
  edit-metadata: 2.3336776606738567
  landing: 1.0278942547738552
  view-data: 3.4360578656196594
