times:
  landing: 0.5566625620000423
  view-data: 0.5554580839999517
