times:
  edit-metadata: 0.45900640077888966
  landing: 0.05634059617295861
  view-data: 0.331227196380496
