times:
  edit-metadata: 0.4254473480395973
  landing: 0.0560140791349113
  view-data: 0.19050251599401236
