times:
  edit-metadata: 1.5563974045217037
  landing: 1.0988473556935787
  view-data: 3.3861448541283607
