times:
  landing: 1.0734631490000197
  view-data: 0.5539092900000355
