times:
  edit-metadata: 1.4945787340402603
  landing: 0.1292392686009407
  view-data: 0.47514609433710575
