times:
  edit-metadata: 0.5023987665772438
  landing: 0.047805532813072205
  view-data: 0.23211998865008354
