times:
  edit-metadata: 0.5151938274502754
  landing: 0.5052711144089699
  view-data: 0.18840964697301388
