times:
  edit-metadata: 0.5047814529389143
  landing: 1.6164505202323198
  view-data: 1.1007636617869139
