times:
  edit-metadata: 1.4257675930857658
  landing: 0.8755773901939392
  view-data: 3.3419999107718468
