times:
  edit-metadata: 1.3930407781153917
  landing: 0.020741160959005356
  view-data: 0.48934184946119785
