times:
  edit-metadata: 0.5204155202955008
  landing: 0.8183855060487986
  view-data: 0.3274135757237673
