times:
  edit-metadata: 0.5982627710327506
  landing: 0.053423064993694425
  view-data: 0.18438444891944528
