times:
  edit-metadata: 0.45245700899977237
  landing: 0.057770211016759276
  view-data: 0.2225978330243379
