times:
  edit-metadata: 0.5685997059918009
  landing: 0.05795856099575758
  view-data: 0.18768592702690512
