times:
  edit-metadata: 0.5435981247574091
  landing: 0.9665298312902451
  view-data: 0.6687393579632044
