times:
  landing: 1.104475261999994
  view-data: 0.5543085070000302
