times:
  edit-metadata: 0.519247256219387
  landing: 0.047349587082862854
  view-data: 0.20351147279143333
