times:
  edit-metadata: 1.3843031963333488
  landing: 0.018645725212991238
  view-data: 0.4005080973729491
