times:
  edit-metadata: 1.377068366855383
  landing: 0.7284730821847916
  view-data: 3.3326786011457443
