times:
  edit-metadata: 1.3635913776233792
  landing: 0.1344958832487464
  view-data: 0.11993527133017778
