times:
  edit-metadata: 1.59214536100626
  landing: 0.8580447714775801
  view-data: 3.3495812825858593
