times:
  edit-metadata: 0.7301665609702468
  landing: 0.06174629321321845
  view-data: 0.2440356370061636
