times:
  edit-metadata: 0.6039820518344641
  landing: 1.201230427250266
  view-data: 0.43300134502351284
