times:
  edit-metadata: 0.45117640402168036
  landing: 0.050188724882900715
  view-data: 0.2100443486124277
