times:
  edit-metadata: 1.520544983446598
  landing: 0.7494714837521315
  view-data: 3.3679984267801046
