times:
  edit-metadata: 0.4988450539531186
  landing: 0.07513472891878337
  view-data: 0.21244113508146256
