times:
  edit-metadata: 0.526211965829134
  landing: 0.04926856979727745
  view-data: 0.20533163473010063
