times:
  edit-metadata: 1.3581339344382286
  landing: 0.021708719432353973
  view-data: 0.028386478312313557
