times:
  edit-metadata: 1.3674746854230762
  landing: 0.0225331149995327
  view-data: 0.025792664848268032
