times:
  edit-metadata: 1.3595356242731214
  landing: 0.02122652903199196
  view-data: 0.13147710915654898
