times:
  edit-metadata: 1.5138459745794535
  landing: 0.8208604948595166
  view-data: 3.353065517731011
