times:
  edit-metadata: 1.5725444424897432
  landing: 0.7884669825434685
  view-data: 3.3878310564905405
