times:
  edit-metadata: 1.3778659906238317
  landing: 0.0185877475887537
  view-data: 0.26387645676732063
