times:
  edit-metadata: 0.5650736270472407
  landing: 0.04967145400587469
  view-data: 0.1889494670322165
