times:
  edit-metadata: 1.927168439142406
  landing: 0.20308880228549242
  view-data: 0.6140619143843651
