times:
  edit-metadata: 0.5203535528853536
  landing: 0.1125010410323739
  view-data: 0.20288061117753386
