times:
  edit-metadata: 1.4739037044346333
  landing: 0.920505054295063
  view-data: 3.360747266560793
