times:
  edit-metadata: 0.5290914215147495
  landing: 0.05041493847966194
  view-data: 0.19485687464475632
