times:
  edit-metadata: 1.377207146026194
  landing: 0.12430578749626875
  view-data: 0.11958625353872776
