times:
  landing: 1.0843597869999826
  view-data: 0.5594685539999773
