times:
  edit-metadata: 0.4081604271195829
  landing: 0.054790252819657326
  view-data: 0.1917893528006971
