times:
  edit-metadata: 1.461673866957426
  landing: 0.761735837906599
  view-data: 3.51254358002916
