times:
  edit-metadata: 0.49489254504442215
  landing: 0.05664574354887009
  view-data: 0.19298328459262848
