times:
  edit-metadata: 1.63239286839962
  landing: 1.1591503098607063
  view-data: 3.4216529801487923
