times:
  edit-metadata: 1.7320512160658836
  landing: 1.2440629303455353
  view-data: 3.4464364051818848
