times:
  edit-metadata: 1.412060271948576
  landing: 0.8802648335695267
  view-data: 3.3336802534759045
