times:
  edit-metadata: 1.4695745706558228
  landing: 1.5722673945128918
  view-data: 3.3693568632006645
