times:
  edit-metadata: 1.439138751477003
  landing: 0.8661010339856148
  view-data: 3.4172911271452904
