times:
  edit-metadata: 1.6234470345079899
  landing: 0.7981983311474323
  view-data: 3.41752003505826
