times:
  edit-metadata: 1.891683429479599
  landing: 1.3078759461641312
  view-data: 3.347295630723238
