times:
  edit-metadata: 1.4276663847267628
  landing: 0.7095339894294739
  view-data: 3.3317871056497097
