times:
  edit-metadata: 1.432047601789236
  landing: 0.8741407915949821
  view-data: 3.3449793197214603
