times:
  edit-metadata: 1.5265889670699835
  landing: 0.7832042742520571
  view-data: 3.4153674077242613
