times:
  edit-metadata: 1.4163443855941296
  landing: 0.9027743563055992
  view-data: 3.371495235711336
