times:
  edit-metadata: 1.6117092333734035
  landing: 1.0565090961754322
  view-data: 3.419104315340519
