times:
  edit-metadata: 2.0736325681209564
  landing: 1.0949710384011269
  view-data: 3.505275145173073
