times:
  edit-metadata: 1.3199045322835445
  landing: 0.7317441403865814
  view-data: 3.2711779698729515
