times:
  edit-metadata: 1.5247521176934242
  landing: 0.8137731999158859
  view-data: 3.8230464048683643
