times:
  edit-metadata: 2.2007035799324512
  landing: 1.0453781262040138
  view-data: 3.3867799676954746
