times:
  edit-metadata: 1.5140587836503983
  landing: 0.9236908182501793
  view-data: 3.413149908185005
