times:
  edit-metadata: 1.5057676695287228
  landing: 0.9871010668575764
  view-data: 3.3058758601546288
