times:
  edit-metadata: 1.5003366246819496
  landing: 0.7829934172332287
  view-data: 3.3877938389778137
