times:
  edit-metadata: 1.5898905508220196
  landing: 0.846954558044672
  view-data: 3.3840923495590687
