times:
  edit-metadata: 1.4574244171380997
  landing: 0.9460463523864746
  view-data: 3.3407543934881687
