times:
  edit-metadata: 1.3254364915192127
  landing: 1.1551620066165924
  view-data: 3.3186113573610783
