times:
  edit-metadata: 1.9179960526525974
  landing: 0.9909657128155231
  view-data: 3.347359549254179
