times:
  edit-metadata: 1.4019572138786316
  landing: 0.9989771023392677
  view-data: 3.371607769280672
