times:
  edit-metadata: 1.6099342070519924
  landing: 1.1053725965321064
  view-data: 3.48232726380229
