times:
  edit-metadata: 1.5046938993036747
  landing: 0.9576650783419609
  view-data: 3.4125343747437
