times:
  edit-metadata: 1.7999685481190681
  landing: 1.303231056779623
  view-data: 3.4495684914290905
