times:
  edit-metadata: 1.3200485482811928
  landing: 0.8124760612845421
  view-data: 3.3631880581378937
