times:
  edit-metadata: 1.5188974142074585
  landing: 0.8374111279845238
  view-data: 3.3695085532963276
