times:
  edit-metadata: 1.5009172558784485
  landing: 0.8610508814454079
  view-data: 3.3427838683128357
