times:
  edit-metadata: 1.5700239799916744
  landing: 0.9147349931299686
  view-data: 3.525627862662077
