times:
  edit-metadata: 1.3566089309751987
  landing: 0.8744364753365517
  view-data: 3.424140442162752
