times:
  edit-metadata: 2.150869783014059
  landing: 1.2322640232741833
  view-data: 3.4377708956599236
