times:
  edit-metadata: 1.569947011768818
  landing: 0.8817503973841667
  view-data: 3.401014745235443
