times:
  edit-metadata: 1.4902801401913166
  landing: 0.7047108821570873
  view-data: 3.296595223248005
