times:
  edit-metadata: 1.3913342468440533
  landing: 0.8615057282149792
  view-data: 3.3421267978847027
