times:
  edit-metadata: 2.159285195171833
  landing: 1.9175037778913975
  view-data: 3.644321173429489
