times:
  edit-metadata: 1.3909313455224037
  landing: 0.9269337728619576
  view-data: 3.3473007269203663
