times:
  edit-metadata: 1.4897117428481579
  landing: 0.9535158276557922
  view-data: 3.3190967366099358
