times:
  edit-metadata: 1.3846838027238846
  landing: 0.8449484556913376
  view-data: 3.3539242036640644
