times:
  edit-metadata: 1.3517382219433784
  landing: 0.9113366939127445
  view-data: 3.3430978693068027
