times:
  edit-metadata: 1.5762058049440384
  landing: 0.9581577591598034
  view-data: 3.3591793291270733
