times:
  edit-metadata: 1.533547729253769
  landing: 0.8872558996081352
  view-data: 3.391358871012926
