times:
  edit-metadata: 1.5346887242048979
  landing: 0.7822893746197224
  view-data: 3.465226886793971
