times:
  edit-metadata: 1.592118300497532
  landing: 0.8635565787553787
  view-data: 3.406179253011942
