times:
  edit-metadata: 1.4335096701979637
  landing: 0.7405610010027885
  view-data: 3.3015923015773296
