times:
  edit-metadata: 1.6139209754765034
  landing: 0.890961155295372
  view-data: 3.352390993386507
