times:
  edit-metadata: 1.4093658290803432
  landing: 0.7632589302957058
  view-data: 3.3493605330586433
