times:
  edit-metadata: 1.6376669630408287
  landing: 0.8462098427116871
  view-data: 3.3509525321424007
