times:
  edit-metadata: 1.5421036183834076
  landing: 0.7393429521471262
  view-data: 3.41561178304255
