times:
  edit-metadata: 1.6608967203646898
  landing: 0.7553811576217413
  view-data: 3.4278822746127844
