times:
  edit-metadata: 1.564191211014986
  landing: 0.806474756449461
  view-data: 3.3900161273777485
