times:
  edit-metadata: 1.5715704932808876
  landing: 0.8061155825853348
  view-data: 3.4181086607277393
