times:
  edit-metadata: 1.5399740748107433
  landing: 0.6450713351368904
  view-data: 3.3334295116364956
