times:
  edit-metadata: 1.4961202666163445
  landing: 0.770669661462307
  view-data: 3.388958193361759
