times:
  edit-metadata: 1.4366233423352242
  landing: 0.9144848436117172
  view-data: 3.359615869820118
