times:
  edit-metadata: 1.497898954898119
  landing: 0.7479543201625347
  view-data: 3.3565032072365284
