times:
  edit-metadata: 1.44515261054039
  landing: 1.1194648183882236
  view-data: 3.2946877740323544
