times:
  edit-metadata: 1.7008436806499958
  landing: 1.0641913525760174
  view-data: 3.4560553804039955
