times:
  edit-metadata: 1.540296733379364
  landing: 1.0726775713264942
  view-data: 3.3574817292392254
