times:
  edit-metadata: 1.6166728809475899
  landing: 1.2664962150156498
  view-data: 3.3408593460917473
