times:
  edit-metadata: 1.4975384958088398
  landing: 0.8183845970779657
  view-data: 3.3785081766545773
