times:
  edit-metadata: 1.3874795585870743
  landing: 0.9303327165544033
  view-data: 3.349718790501356
