times:
  edit-metadata: 1.3887900486588478
  landing: 0.7646026909351349
  view-data: 3.2818097956478596
