times:
  edit-metadata: 1.3924985118210316
  landing: 0.9868084788322449
  view-data: 3.280128713697195
