times:
  edit-metadata: 2.108765222132206
  landing: 1.525389425456524
  view-data: 3.3871607929468155
