times:
  edit-metadata: 1.5567579120397568
  landing: 1.060739241540432
  view-data: 3.3675906620919704
