times:
  edit-metadata: 1.6345232501626015
  landing: 1.0027779005467892
  view-data: 3.4210474267601967
