times:
  edit-metadata: 1.5270296148955822
  landing: 0.9262429215013981
  view-data: 3.452245395630598
