times:
  edit-metadata: 1.5352533869445324
  landing: 0.8826018460094929
  view-data: 3.2980954572558403
