times:
  edit-metadata: 1.532112281769514
  landing: 0.9249024651944637
  view-data: 3.4760151728987694
