times:
  edit-metadata: 1.5126353949308395
  landing: 0.8728855177760124
  view-data: 3.411174390465021
