times:
  edit-metadata: 1.5019612051546574
  landing: 1.0081949532032013
  view-data: 3.3663219176232815
