times:
  edit-metadata: 1.3759299740195274
  landing: 0.8475998714566231
  view-data: 3.327280879020691
