times:
  edit-metadata: 1.3776844628155231
  landing: 0.8215921968221664
  view-data: 3.4067405238747597
