times:
  edit-metadata: 3.4048283249139786
  landing: 0.8972780369222164
  view-data: 3.3327992781996727
