times:
  edit-metadata: 1.5259279422461987
  landing: 0.9435070864856243
  view-data: 3.433012567460537
