times:
  edit-metadata: 1.383021678775549
  landing: 0.7863992527127266
  view-data: 3.3627789057791233
