times:
  edit-metadata: 2.399764198809862
  landing: 1.6127388924360275
  view-data: 3.5023875795304775
