times:
  edit-metadata: 1.5696898959577084
  landing: 0.756087388843298
  view-data: 3.4333189241588116
