times:
  edit-metadata: 1.6283129714429379
  landing: 0.984117578715086
  view-data: 3.4642878137528896
