times:
  edit-metadata: 1.4323819912970066
  landing: 0.8345288783311844
  view-data: 3.3705555871129036
