times:
  edit-metadata: 1.4963585659861565
  landing: 0.727346757426858
  view-data: 3.3946168031543493
