times:
  edit-metadata: 1.2909660302102566
  landing: 0.6799525879323483
  view-data: 3.384609676897526
