times:
  edit-metadata: 1.5815661400556564
  landing: 0.8645603023469448
  view-data: 3.3540698625147343
