times:
  edit-metadata: 1.92110051587224
  landing: 1.1906034387648106
  view-data: 3.5481990464031696
