times:
  edit-metadata: 1.5486858077347279
  landing: 0.8202473279088736
  view-data: 3.4436352532356977
