times:
  edit-metadata: 1.3934583216905594
  landing: 0.8622788153588772
  view-data: 3.4400491416454315
