times:
  edit-metadata: 1.5956099331378937
  landing: 0.8251064643263817
  view-data: 3.427256915718317
