times:
  edit-metadata: 1.5050962269306183
  landing: 0.7639144118875265
  view-data: 3.4206639900803566
