times:
  edit-metadata: 1.92965430021286
  landing: 1.439783040434122
  view-data: 3.4616758339107037
