times:
  edit-metadata: 1.3974800184369087
  landing: 0.8335202448070049
  view-data: 3.831918738782406
