times:
  edit-metadata: 1.5302367024123669
  landing: 0.940335039049387
  view-data: 3.364429973065853
