times:
  edit-metadata: 1.491148468106985
  landing: 0.7148526683449745
  view-data: 3.384028609842062
