times:
  edit-metadata: 1.4024306684732437
  landing: 0.7523923851549625
  view-data: 3.3494079746305943
