times:
  edit-metadata: 1.4904396533966064
  landing: 0.836498636752367
  view-data: 3.5531717613339424
