times:
  edit-metadata: 2.3049619011580944
  landing: 1.4054185599088669
  view-data: 3.3976639546453953
