times:
  edit-metadata: 1.4044667594134808
  landing: 0.7958311848342419
  view-data: 3.3724397383630276
