times:
  edit-metadata: 1.6255833618342876
  landing: 1.075928270816803
  view-data: 3.336411029100418
