times:
  edit-metadata: 1.6454202458262444
  landing: 1.0365531966090202
  view-data: 3.3597047105431557
