times:
  edit-metadata: 1.5086961947381496
  landing: 0.9158833809196949
  view-data: 3.3221844621002674
