times:
  edit-metadata: 1.4621173664927483
  landing: 0.9024780169129372
  view-data: 3.4018590934574604
