times:
  edit-metadata: 1.4687454476952553
  landing: 0.6833646930754185
  view-data: 3.2917183078825474
