times:
  edit-metadata: 1.530210629105568
  landing: 0.8832286261022091
  view-data: 3.4685539565980434
