times:
  edit-metadata: 1.5832994244992733
  landing: 0.8937416560947895
  view-data: 3.3902548253536224
