times:
  edit-metadata: 1.5766445361077785
  landing: 1.1011088863015175
  view-data: 3.509611252695322
