times:
  edit-metadata: 1.5094041898846626
  landing: 0.8378181084990501
  view-data: 3.4079525470733643
