times:
  edit-metadata: 1.4605433344841003
  landing: 0.8700228482484818
  view-data: 3.3400615006685257
