times:
  edit-metadata: 1.8522690534591675
  landing: 0.8035071566700935
  view-data: 3.5347717329859734
