times:
  edit-metadata: 1.4939385131001472
  landing: 0.9072383344173431
  view-data: 3.5525493174791336
