times:
  edit-metadata: 1.484091304242611
  landing: 0.7894350290298462
  view-data: 3.452126666903496
