times:
  edit-metadata: 1.4401431679725647
  landing: 0.8669444546103477
  view-data: 3.5354413762688637
