times:
  edit-metadata: 1.4802725613117218
  landing: 0.9124233946204185
  view-data: 3.29340735450387
