times:
  edit-metadata: 1.4421454221010208
  landing: 0.8289251998066902
  view-data: 3.460006609559059
