times:
  edit-metadata: 1.4573093205690384
  landing: 1.0742824748158455
  view-data: 3.3684358783066273
