times:
  edit-metadata: 1.3692640215158463
  landing: 0.8540642037987709
  view-data: 3.254554159939289
