times:
  edit-metadata: 3.2634457871317863
  landing: 1.9495742991566658
  view-data: 4.023270592093468
