times:
  edit-metadata: 1.4070395454764366
  landing: 0.8911459222435951
  view-data: 3.3826218470931053
