times:
  edit-metadata: 1.4815897941589355
  landing: 0.926487110555172
  view-data: 3.295877143740654
