times:
  edit-metadata: 1.3888767063617706
  landing: 0.9095069915056229
  view-data: 3.5279844850301743
