times:
  edit-metadata: 1.4105280861258507
  landing: 0.7932628616690636
  view-data: 3.341515652835369
