times:
  edit-metadata: 1.4029103368520737
  landing: 0.8671687915921211
  view-data: 3.4611521512269974
