times:
  edit-metadata: 1.3657643869519234
  landing: 0.8413135781884193
  view-data: 3.2787382677197456
