times:
  edit-metadata: 1.4967494644224644
  landing: 0.933171235024929
  view-data: 3.2911145240068436
