times:
  edit-metadata: 1.5496541410684586
  landing: 0.9375872164964676
  view-data: 3.3601609021425247
