times:
  edit-metadata: 1.507780060172081
  landing: 0.9768043756484985
  view-data: 3.304641056805849
