times:
  edit-metadata: 1.4504871293902397
  landing: 0.8368910104036331
  view-data: 3.3541117385029793
