times:
  edit-metadata: 1.4992455542087555
  landing: 0.8153066188097
  view-data: 3.489112302660942
