times:
  edit-metadata: 2.101052075624466
  landing: 1.1947577223181725
  view-data: 3.380373790860176
