times:
  edit-metadata: 1.529717467725277
  landing: 0.9664519801735878
  view-data: 3.586842216551304
