times:
  edit-metadata: 1.4279338866472244
  landing: 0.9868909493088722
  view-data: 3.2983372509479523
