times:
  edit-metadata: 1.4434099271893501
  landing: 0.7701494880020618
  view-data: 3.269174564629793
