times:
  edit-metadata: 1.4355556070804596
  landing: 0.9187708646059036
  view-data: 3.4325835928320885
