times:
  edit-metadata: 1.381017841398716
  landing: 0.8279024511575699
  view-data: 3.5099543184041977
