times:
  edit-metadata: 1.6788213960826397
  landing: 0.9784969836473465
  view-data: 3.3524127304553986
