times:
  edit-metadata: 1.4282547608017921
  landing: 0.8901318833231926
  view-data: 3.4074068441987038
