times:
  edit-metadata: 1.4836470484733582
  landing: 0.8059132248163223
  view-data: 3.475859872996807
