times:
  edit-metadata: 1.7255359664559364
  landing: 0.9601167738437653
  view-data: 3.5413305275142193
