times:
  edit-metadata: 1.6478478461503983
  landing: 0.8322176933288574
  view-data: 3.4151348769664764
