times:
  edit-metadata: 1.5667036175727844
  landing: 0.9497154466807842
  view-data: 3.31422583386302
