times:
  edit-metadata: 1.4557043761014938
  landing: 0.8072854653000832
  view-data: 3.4614163115620613
