times:
  edit-metadata: 1.578596606850624
  landing: 0.9896783977746964
  view-data: 3.3731055445969105
