times:
  edit-metadata: 1.5031412690877914
  landing: 0.8680725246667862
  view-data: 3.449020639061928
