times:
  edit-metadata: 1.536698840558529
  landing: 1.027230940759182
  view-data: 3.36072426661849
