times:
  edit-metadata: 1.4017899483442307
  landing: 0.799043320119381
  view-data: 3.314879633486271
