times:
  edit-metadata: 1.6855865940451622
  landing: 0.9510837644338608
  view-data: 3.3107440769672394
