times:
  edit-metadata: 1.4112419709563255
  landing: 0.8061117380857468
  view-data: 3.454586759209633
