times:
  edit-metadata: 1.4899627789855003
  landing: 0.8995054215192795
  view-data: 3.3027036264538765
