times:
  edit-metadata: 1.4377624616026878
  landing: 0.8974852114915848
  view-data: 3.355071000754833
