times:
  edit-metadata: 1.5197746232151985
  landing: 1.0081426203250885
  view-data: 3.349736660718918
