times:
  edit-metadata: 1.5579792484641075
  landing: 0.8242838829755783
  view-data: 3.2983287796378136
