times:
  edit-metadata: 1.5898985043168068
  landing: 0.9087483510375023
  view-data: 3.302235558629036
