times:
  edit-metadata: 1.4422578364610672
  landing: 0.8153874427080154
  view-data: 3.447359152138233
