times:
  edit-metadata: 1.4606992453336716
  landing: 0.9517285153269768
  view-data: 3.4836799949407578
