times:
  edit-metadata: 1.4123925492167473
  landing: 1.0484335273504257
  view-data: 3.424006052315235
