times:
  edit-metadata: 1.4478214532136917
  landing: 0.9071305841207504
  view-data: 3.3021949604153633
