times:
  edit-metadata: 1.4288963340222836
  landing: 0.8010965920984745
  view-data: 3.3101694211363792
