times:
  edit-metadata: 1.462647296488285
  landing: 0.9545742273330688
  view-data: 3.720679759979248
