times:
  edit-metadata: 1.5161397755146027
  landing: 0.8856294825673103
  view-data: 3.2983230352401733
