times:
  edit-metadata: 2.2120285108685493
  landing: 1.3884373158216476
  view-data: 3.4684796184301376
