times:
  edit-metadata: 1.5425208248198032
  landing: 0.9761512167751789
  view-data: 3.3332554697990417
