times:
  edit-metadata: 1.408448576927185
  landing: 0.8295231610536575
  view-data: 3.5091606080532074
