times:
  edit-metadata: 1.494143508374691
  landing: 0.807304609566927
  view-data: 3.3615259379148483
