times:
  edit-metadata: 1.4315814450383186
  landing: 0.7908339872956276
  view-data: 3.392434537410736
