times:
  edit-metadata: 1.5337431654334068
  landing: 0.8642876148223877
  view-data: 3.2952544316649437
