times:
  edit-metadata: 1.429107166826725
  landing: 0.8890032209455967
  view-data: 3.2714970596134663
