times:
  edit-metadata: 1.4935905113816261
  landing: 0.838316909968853
  view-data: 3.55612051486969
