times:
  edit-metadata: 1.5939753130078316
  landing: 0.9095823206007481
  view-data: 3.4110164493322372
