times:
  edit-metadata: 1.481099672615528
  landing: 1.0361075177788734
  view-data: 3.302613604813814
