times:
  edit-metadata: 1.637234091758728
  landing: 1.2252780757844448
  view-data: 3.4012995660305023
