times:
  edit-metadata: 1.5261586159467697
  landing: 0.8333697691559792
  view-data: 3.424508661031723
