times:
  edit-metadata: 1.4446025863289833
  landing: 0.7368192672729492
  view-data: 3.360435627400875
