times:
  edit-metadata: 2.0798466466367245
  landing: 1.2202364429831505
  view-data: 3.4508843272924423
