times:
  edit-metadata: 1.4369500875473022
  landing: 0.7561809420585632
  view-data: 3.4802557453513145
