times:
  edit-metadata: 1.4520986936986446
  landing: 0.976178303360939
  view-data: 3.349686421453953
