times:
  edit-metadata: 1.5302438735961914
  landing: 0.8821967877447605
  view-data: 3.3403395637869835
