times:
  edit-metadata: 1.7863211594522
  landing: 0.9251254014670849
  view-data: 3.3364634551107883
