times:
  edit-metadata: 1.4734559431672096
  landing: 0.8333040066063404
  view-data: 3.2868785820901394
