times:
  edit-metadata: 1.4018676355481148
  landing: 1.0842568054795265
  view-data: 3.4647813215851784
