times:
  edit-metadata: 1.4178508892655373
  landing: 0.7828382700681686
  view-data: 3.3364220336079597
