times:
  edit-metadata: 1.540539875626564
  landing: 0.9016482681035995
  view-data: 3.328079368919134
