times:
  edit-metadata: 1.5398974269628525
  landing: 0.8973247408866882
  view-data: 3.5050976425409317
