times:
  edit-metadata: 2.3165662959218025
  landing: 1.2403954863548279
  view-data: 3.441502943634987
