times:
  edit-metadata: 1.4588964879512787
  landing: 0.8338383659720421
  view-data: 3.335376739501953
