times:
  edit-metadata: 1.3566276282072067
  landing: 0.8788028210401535
  view-data: 3.4326343834400177
