times:
  edit-metadata: 1.7027215883135796
  landing: 1.3381423726677895
  view-data: 3.3153272792696953
