times:
  edit-metadata: 1.5215518362820148
  landing: 0.8692361526191235
  view-data: 3.3317372761666775
