times:
  edit-metadata: 1.628015860915184
  landing: 1.0160019546747208
  view-data: 3.403303287923336
