times:
  edit-metadata: 1.592527337372303
  landing: 0.8260984346270561
  view-data: 3.459026761353016
