times:
  edit-metadata: 1.4757809787988663
  landing: 0.8599219992756844
  view-data: 3.46704313904047
