times:
  edit-metadata: 1.515086054801941
  landing: 0.8750714659690857
  view-data: 3.286750413477421
