times:
  edit-metadata: 1.4008348435163498
  landing: 0.8374390155076981
  view-data: 3.3555031418800354
