times:
  edit-metadata: 1.5605054572224617
  landing: 0.787347637116909
  view-data: 3.3877679482102394
