times:
  edit-metadata: 1.603728286921978
  landing: 0.7742836773395538
  view-data: 3.2547340989112854
