times:
  edit-metadata: 1.4858763106167316
  landing: 0.916525986045599
  view-data: 3.3136758767068386
