times:
  edit-metadata: 1.5613461211323738
  landing: 0.8032270520925522
  view-data: 3.3585353270173073
