times:
  edit-metadata: 1.4074637666344643
  landing: 0.828797236084938
  view-data: 3.373496189713478
