times:
  edit-metadata: 1.5512491390109062
  landing: 1.1832988783717155
  view-data: 3.6532447561621666
