times:
  edit-metadata: 1.3903535455465317
  landing: 0.8790839239954948
  view-data: 3.394643858075142
