times:
  edit-metadata: 1.362802792340517
  landing: 0.8312241956591606
  view-data: 3.287051647901535
