times:
  edit-metadata: 2.032220561057329
  landing: 1.3457948565483093
  view-data: 3.3785880766808987
