times:
  edit-metadata: 1.634802222251892
  landing: 1.0290326699614525
  view-data: 3.542012892663479
