times:
  edit-metadata: 1.4484911151230335
  landing: 0.8611047342419624
  view-data: 3.316759981215
