times:
  edit-metadata: 1.556801039725542
  landing: 0.895951621234417
  view-data: 3.3498246371746063
