times:
  edit-metadata: 1.433069258928299
  landing: 0.8920408152043819
  view-data: 3.358858924359083
