times:
  edit-metadata: 1.474521279335022
  landing: 0.8133093938231468
  view-data: 3.4248311892151833
