times:
  edit-metadata: 1.5217466987669468
  landing: 0.876763079315424
  view-data: 3.3151220194995403
