times:
  edit-metadata: 1.6768790483474731
  landing: 1.3646307662129402
  view-data: 3.2992296777665615
