times:
  edit-metadata: 1.9080684669315815
  landing: 1.0721415728330612
  view-data: 3.289566431194544
