times:
  edit-metadata: 1.7210114225745201
  landing: 1.1686367020010948
  view-data: 3.3131109178066254
