times:
  edit-metadata: 1.5354385003447533
  landing: 0.8880875036120415
  view-data: 3.5285545215010643
