times:
  edit-metadata: 1.5146468058228493
  landing: 0.8190754279494286
  view-data: 3.3612886667251587
