times:
  edit-metadata: 1.399096041917801
  landing: 0.8305936977267265
  view-data: 3.5418650805950165
