times:
  edit-metadata: 1.4252116791903973
  landing: 0.8628268502652645
  view-data: 3.306273154914379
