times:
  edit-metadata: 1.456798993051052
  landing: 0.8180114775896072
  view-data: 3.368936885148287
