times:
  edit-metadata: 1.4421919099986553
  landing: 0.7888988144695759
  view-data: 3.319778587669134
