times:
  edit-metadata: 1.3854599297046661
  landing: 0.9240888245403767
  view-data: 3.367816410958767
