times:
  edit-metadata: 2.1045272536575794
  landing: 1.2235599271953106
  view-data: 3.530578963458538
