times:
  edit-metadata: 1.446564469486475
  landing: 0.8407534509897232
  view-data: 3.3498491272330284
