times:
  edit-metadata: 1.5986373201012611
  landing: 1.0138704255223274
  view-data: 3.4483969658613205
