times:
  edit-metadata: 1.4235981926321983
  landing: 0.8102728351950645
  view-data: 3.343989297747612
