times:
  edit-metadata: 1.4320020005106926
  landing: 0.8169335946440697
  view-data: 3.311855413019657
