times:
  edit-metadata: 1.4602594003081322
  landing: 0.7860122472047806
  view-data: 3.377777472138405
