times:
  edit-metadata: 1.4171415120363235
  landing: 0.8034812062978745
  view-data: 3.400309383869171
