times:
  edit-metadata: 1.553349882364273
  landing: 0.9289733916521072
  view-data: 0.8607338480651379
