times:
  edit-metadata: 1.44649026542902
  landing: 0.8778533712029457
  view-data: 3.4781660735607147
