times:
  edit-metadata: 1.4914935678243637
  landing: 0.7869449555873871
  view-data: 3.5163310915231705
