times:
  edit-metadata: 2.628800019621849
  landing: 1.1003997661173344
  view-data: 3.443528935313225
