times:
  edit-metadata: 1.4336238726973534
  landing: 0.7827922403812408
  view-data: 3.501290440559387
