times:
  edit-metadata: 1.5158053636550903
  landing: 0.8184859901666641
  view-data: 3.3924939036369324
