times:
  edit-metadata: 1.5342174172401428
  landing: 0.8043385595083237
  view-data: 3.5325826182961464
