times:
  edit-metadata: 1.5859940946102142
  landing: 0.904716283082962
  view-data: 3.396518662571907
