times:
  edit-metadata: 1.4488100409507751
  landing: 0.8081607148051262
  view-data: 3.4794970601797104
