times:
  edit-metadata: 1.5266179367899895
  landing: 0.8731250315904617
  view-data: 3.3466770872473717
