times:
  edit-metadata: 1.5715360566973686
  landing: 0.8712254129350185
  view-data: 3.3689733408391476
