times:
  edit-metadata: 1.3553265631198883
  landing: 0.7801315411925316
  view-data: 3.407462775707245
