times:
  edit-metadata: 1.583712849766016
  landing: 0.9707966409623623
  view-data: 3.3630650639533997
