times:
  edit-metadata: 1.4681027457118034
  landing: 0.8355861604213715
  view-data: 3.5865552574396133
