times:
  edit-metadata: 1.3793483301997185
  landing: 0.8293675184249878
  view-data: 3.497411288321018
