times:
  edit-metadata: 1.5240615122020245
  landing: 0.828020915389061
  view-data: 3.3486603051424026
