times:
  edit-metadata: 1.4686810597777367
  landing: 0.887516912072897
  view-data: 3.3695250265300274
