times:
  edit-metadata: 1.416960470378399
  landing: 0.7964627146720886
  view-data: 3.39764017611742
