times:
  edit-metadata: 1.5537326261401176
  landing: 0.8965461999177933
  view-data: 3.4276621490716934
