times:
  edit-metadata: 1.3595301881432533
  landing: 0.8620001450181007
  view-data: 3.4262111708521843
