times:
  edit-metadata: 1.3698017224669456
  landing: 0.8345914632081985
  view-data: 3.4016353860497475
