times:
  edit-metadata: 2.328430190682411
  landing: 1.2055752202868462
  view-data: 3.803684115409851
