times:
  edit-metadata: 1.503060381859541
  landing: 0.8520874828100204
  view-data: 3.293057508766651
