times:
  edit-metadata: 1.5709220990538597
  landing: 0.8786036297678947
  view-data: 3.4533386304974556
