times:
  edit-metadata: 1.6616901271045208
  landing: 0.8975268676877022
  view-data: 3.2950826287269592
