times:
  edit-metadata: 1.6597180925309658
  landing: 0.9735591262578964
  view-data: 3.279453907161951
