times:
  edit-metadata: 1.4759550392627716
  landing: 1.2586118951439857
  view-data: 3.4641070440411568
