times:
  edit-metadata: 1.4049620628356934
  landing: 0.8921967074275017
  view-data: 3.3283295780420303
