times:
  edit-metadata: 2.0641090646386147
  landing: 0.8541042432188988
  view-data: 3.6857020780444145
