times:
  edit-metadata: 1.4502435848116875
  landing: 0.8001203462481499
  view-data: 3.327490072697401
