times:
  edit-metadata: 1.482852265238762
  landing: 0.7781333699822426
  view-data: 3.482061132788658
