times:
  edit-metadata: 1.4590521454811096
  landing: 0.8634457997977734
  view-data: 3.262719415128231
