times:
  edit-metadata: 1.835245594382286
  landing: 0.8507410474121571
  view-data: 3.3159234598279
