times:
  edit-metadata: 1.7859805226325989
  landing: 0.9152143821120262
  view-data: 3.406157337129116
