times:
  edit-metadata: 1.3948372155427933
  landing: 0.8437596037983894
  view-data: 3.553185448050499
