times:
  edit-metadata: 1.5345444604754448
  landing: 0.7733005434274673
  view-data: 3.4719946533441544
