times:
  edit-metadata: 1.3806746117770672
  landing: 0.8734026402235031
  view-data: 3.3048000670969486
