times:
  edit-metadata: 1.7175123263150454
  landing: 0.23599705286324024
  view-data: 0.2822290789335966
