times:
  edit-metadata: 1.009589310735464
  landing: 0.06208973005414009
  view-data: 0.20850779488682747
