times:
  edit-metadata: 0.6660746489651501
  landing: 0.054548121988773346
  view-data: 0.2202665633521974
