times:
  edit-metadata: 1.5157383754849434
  landing: 0.9800507612526417
  view-data: 3.4554695151746273
