times:
  edit-metadata: 0.6243077926337719
  landing: 0.0476994370110333
  view-data: 0.2317100209183991
