times:
  edit-metadata: 1.099622244015336
  landing: 0.6019020359963179
  view-data: 0.33862657845020294
