times:
  edit-metadata: 1.6349966255947948
  landing: 0.14323494490236044
  view-data: 0.1459133643656969
