times:
  edit-metadata: 1.510833934880793
  landing: 0.13754171505570412
  view-data: 0.11673170607537031
