times:
  edit-metadata: 0.6092870119027793
  landing: 0.05337927700020373
  view-data: 0.24486104492098093
