times:
  edit-metadata: 0.7549266028217971
  landing: 0.07741994177922606
  view-data: 0.24103736504912376
