times:
  edit-metadata: 2.2024348005652428
  landing: 0.9760622400790453
  view-data: 3.4101100265979767
