times:
  edit-metadata: 0.6533745010383427
  landing: 0.05055274278856814
  view-data: 0.20617644395679235
