times:
  edit-metadata: 1.1845220066606998
  landing: 0.05496111139655113
  view-data: 0.2114122249186039
