times:
  landing: 0.5539266149999946
  view-data: 0.5965450829999952
