times:
  edit-metadata: 0.6535059148445725
  landing: 0.0572434077039361
  view-data: 0.20189549820497632
