times:
  landing: 1.0762368309999601
  view-data: 0.5632636750000302
