times:
  edit-metadata: 2.1654766760766506
  landing: 1.2814772883430123
  view-data: 3.3485002368688583
