times:
  edit-metadata: 1.3688007220625877
  landing: 0.9160140156745911
  view-data: 3.2939570508897305
