times:
  edit-metadata: 0.6244234899058938
  landing: 0.0549497208558023
  view-data: 0.2237873850390315
