times:
  landing: 1.0906004290000055
  view-data: 0.5607540020000101
