times:
  edit-metadata: 1.4925032258033752
  landing: 0.891092773526907
  view-data: 3.2746324501931667
