times:
  landing: 0.5635905860000321
  view-data: 0.5712926030000176
