times:
  edit-metadata: 1.0240081772208214
  landing: 0.050630778074264526
  view-data: 0.2031729444861412
