times:
  edit-metadata: 1.5055107567459345
  landing: 0.023474443703889847
  view-data: 0.39611899480223656
