times:
  landing: 1.0619087080000043
  view-data: 0.5478721919999998
