times:
  edit-metadata: 1.88624825514853
  landing: 0.19396904110908508
  view-data: 0.4756559990346432
