times:
  landing: 0.5570959449999862
  view-data: 0.5635586699999919
