times:
  edit-metadata: 1.3674908480606973
  landing: 0.8106092526577413
  view-data: 3.310995991807431
