times:
  edit-metadata: 1.0286019444465637
  landing: 0.050674762576818466
  view-data: 0.2064085677266121
