times:
  landing: 1.0915242170000283
  view-data: 0.5634708059999411
