times:
  edit-metadata: 1.3498006612062454
  landing: 0.8486589081585407
  view-data: 3.3130470663309097
