times:
  edit-metadata: 1.1413024086505175
  landing: 0.7253260854631662
  view-data: 0.4153870474547148
