times:
  edit-metadata: 1.415389720350504
  landing: 0.7581333927810192
  view-data: 3.294403161853552
