times:
  edit-metadata: 0.6325080500682816
  landing: 0.05353507702238858
  view-data: 0.21146374801173806
