times:
  edit-metadata: 0.6489025419577956
  landing: 0.05508667789399624
  view-data: 0.21136461710557342
