times:
  edit-metadata: 0.6046794108115137
  landing: 0.053821926936507225
  view-data: 0.23568983934819698
