times:
  edit-metadata: 0.6659715888090432
  landing: 0.0594364358112216
  view-data: 0.2162737250328064
