times:
  landing: 0.5507108959999982
  view-data: 0.5598051430000055
