times:
  landing: 1.196649333462119
  view-data: 0.5711320582777262
