times:
  edit-metadata: 1.7243683990091085
  landing: 0.144546402618289
  view-data: 0.3602643460035324
