times:
  edit-metadata: 0.8977285567671061
  landing: 0.555599482730031
  view-data: 0.21487786807119846
