times:
  edit-metadata: 0.6422685210127383
  landing: 0.05164216796401888
  view-data: 0.20132889004889876
