times:
  edit-metadata: 0.6592904990538955
  landing: 0.04905537609010935
  view-data: 0.21316399984061718
