times:
  landing: 1.0679564789999745
  view-data: 0.5488421279999898
