times:
  edit-metadata: 1.3669187589548528
  landing: 0.9011620772071183
  view-data: 3.4196129799820483
