times:
  edit-metadata: 0.6591406470106449
  landing: 0.07153572200331837
  view-data: 0.19996392098255455
