times:
  edit-metadata: 0.669742050813511
  landing: 0.06178727303631604
  view-data: 0.20462208217941225
