times:
  edit-metadata: 2.054571520537138
  landing: 1.0874643921852112
  view-data: 3.4426275081932545
