times:
  edit-metadata: 1.5509897265583277
  landing: 0.01955369394272566
  view-data: 0.44619171414524317
