times:
  edit-metadata: 1.5182807687669992
  landing: 0.7905659433454275
  view-data: 3.321754567325115
