times:
  edit-metadata: 0.635434185154736
  landing: 0.04745820816606283
  view-data: 0.2166938427835703
