times:
  edit-metadata: 1.3045562002807856
  landing: 0.622641071677208
  view-data: 0.6197479385882616
