times:
  landing: 0.5499389400000041
  view-data: 0.5618945310000072
