times:
  edit-metadata: 1.3498255209997296
  landing: 0.8599955262616277
  view-data: 3.3217538595199585
