times:
  edit-metadata: 1.474268849939108
  landing: 0.9846910499036312
  view-data: 3.4089488610625267
