times:
  landing: 0.5652401120000832
  view-data: 0.5588328379999439
