times:
  landing: 0.5640076809999925
  view-data: 0.5603117879999786
