times:
  edit-metadata: 0.6501465258188546
  landing: 0.05551633890718222
  view-data: 0.19862036919221282
