times:
  edit-metadata: 2.0589265152812004
  landing: 1.2171861696988344
  view-data: 3.5971242235973477
