times:
  edit-metadata: 2.469936710782349
  landing: 1.5034973220899701
  view-data: 3.706483595073223
