times:
  edit-metadata: 1.742444273084402
  landing: 0.2590485215187073
  view-data: 0.390421025454998
