times:
  edit-metadata: 1.5270836940035224
  landing: 0.021335739642381668
  view-data: 0.4095000559464097
