times:
  edit-metadata: 0.6678674281574786
  landing: 0.053554241079837084
  view-data: 0.20845012785866857
