times:
  edit-metadata: 0.7247191220521927
  landing: 0.05434921523556113
  view-data: 0.20154192810878158
