times:
  edit-metadata: 0.6412910319631919
  landing: 0.04998467699624598
  view-data: 0.1996145339217037
