times:
  edit-metadata: 1.4403379186987877
  landing: 1.053389061242342
  view-data: 3.3144619185477495
