times:
  landing: 0.5689571659999899
  view-data: 0.5584023479999871
