times:
  edit-metadata: 0.5964794224128127
  landing: 0.05860506184399128
  view-data: 0.2157201236113906
