times:
  edit-metadata: 1.132010743021965
  landing: 1.1197285801172256
  view-data: 0.6168721038848162
