times:
  edit-metadata: 0.6524766138754785
  landing: 0.060369557701051235
  view-data: 0.22598738595843315
