times:
  edit-metadata: 1.501749625429511
  landing: 0.021503297612071037
  view-data: 0.1993482392281294
