times:
  edit-metadata: 1.5899258758872747
  landing: 0.019987577572464943
  view-data: 0.027953017503023148
