times:
  edit-metadata: 1.5221961587667465
  landing: 0.020465170964598656
  view-data: 0.027854465879499912
