times:
  edit-metadata: 0.8435576763004065
  landing: 1.2007253225892782
  view-data: 0.48747389763593674
