times:
  edit-metadata: 1.0239105224609375
  landing: 0.05460361763834953
  view-data: 0.21121342852711678
