times:
  edit-metadata: 1.6717519648373127
  landing: 1.112004466354847
  view-data: 3.3952782079577446
