times:
  edit-metadata: 1.255362581461668
  landing: 1.1908572167158127
  view-data: 0.43443779461085796
