times:
  edit-metadata: 1.5479984590783715
  landing: 0.020532626658678055
  view-data: 0.0987771786749363
