times:
  edit-metadata: 0.614179186988622
  landing: 0.054756742902100086
  view-data: 0.2193334950134158
