times:
  edit-metadata: 0.7501659129920881
  landing: 0.06473871800699271
  view-data: 0.3695212690217886
