times:
  edit-metadata: 0.6199281990993768
  landing: 0.047361701959744096
  view-data: 0.21434352919459343
