times:
  edit-metadata: 0.5805264860391617
  landing: 0.05546733224764466
  view-data: 0.22378705022856593
