times:
  edit-metadata: 1.1190776843577623
  landing: 0.07258919067680836
  view-data: 0.22203992307186127
