times:
  edit-metadata: 0.6616120589897037
  landing: 0.051719252951443195
  view-data: 0.19939304143190384
