times:
  edit-metadata: 1.4992230143398046
  landing: 0.906009579077363
  view-data: 3.4488266985863447
