times:
  edit-metadata: 1.5824730955064297
  landing: 0.2224208153784275
  view-data: 0.4023418240249157
