times:
  edit-metadata: 1.882359023205936
  landing: 0.025798381306231022
  view-data: 0.02784164622426033
