times:
  edit-metadata: 0.6830461900099181
  landing: 0.07551792997401208
  view-data: 0.21303167601581663
