times:
  edit-metadata: 4.252477537840605
  landing: 1.6962253972887993
  view-data: 4.491703558713198
