times:
  edit-metadata: 1.081975694745779
  landing: 0.06683814898133278
  view-data: 0.21322117745876312
