times:
  edit-metadata: 1.6844372935593128
  landing: 0.021530915051698685
  view-data: 0.3323980923742056
