times:
  edit-metadata: 1.56662436760962
  landing: 0.1803097054362297
  view-data: 0.31717851758003235
