times:
  edit-metadata: 1.2524522338062525
  landing: 1.0626940503716469
  view-data: 0.23452463932335377
