times:
  edit-metadata: 1.5670605171471834
  landing: 0.01939484477043152
  view-data: 0.025255780667066574
