times:
  edit-metadata: 0.9293560460209846
  landing: 0.5153364483267069
  view-data: 0.21059836447238922
