times:
  edit-metadata: 1.267537822946906
  landing: 1.6198698710650206
  view-data: 0.6075133290141821
