times:
  edit-metadata: 0.6103911711834371
  landing: 0.04901307192631066
  view-data: 0.3484623250551522
