times:
  edit-metadata: 1.728966448456049
  landing: 0.02120140753686428
  view-data: 0.45085208117961884
