times:
  edit-metadata: 0.6667313054203987
  landing: 0.05365334637463093
  view-data: 0.21858010534197092
