times:
  edit-metadata: 0.8503644280135632
  landing: 0.5054184719920158
  view-data: 0.2348612453788519
