times:
  edit-metadata: 1.7379563841968775
  landing: 0.3599440176039934
  view-data: 0.14382163248956203
