times:
  edit-metadata: 0.712601101025939
  landing: 0.050267877988517284
  view-data: 0.2646658248268068
