times:
  edit-metadata: 1.5306764896959066
  landing: 0.794974448159337
  view-data: 3.362764472141862
