times:
  edit-metadata: 1.5233822371810675
  landing: 0.019208849407732487
  view-data: 0.12436896469444036
