times:
  edit-metadata: 0.5986098162829876
  landing: 0.052325787022709846
  view-data: 0.2115891259163618
