times:
  edit-metadata: 0.627193332882598
  landing: 0.05982482782565057
  view-data: 0.23335857596248388
