times:
  edit-metadata: 0.6444621980190277
  landing: 0.06730157509446144
  view-data: 0.2405320261605084
