times:
  edit-metadata: 1.4553805813193321
  landing: 0.7495291046798229
  view-data: 3.3659451715648174
