times:
  edit-metadata: 0.643029416911304
  landing: 0.058410511119291186
  view-data: 0.20378906489349902
