times:
  edit-metadata: 2.2006193147972226
  landing: 1.5159896742552519
  view-data: 3.5342888673767447
