times:
  edit-metadata: 1.5043531581759453
  landing: 0.8542271535843611
  view-data: 3.474658815190196
