times:
  edit-metadata: 0.6473097910638899
  landing: 0.05438245099503547
  view-data: 0.20851197303272784
