times:
  edit-metadata: 0.6198645320255309
  landing: 0.08029601199086756
  view-data: 0.36611088004428893
