times:
  landing: 0.5463956300000063
  view-data: 0.5525353030000133
