times:
  landing: 0.5506179879999991
  view-data: 0.5642568910000136
