times:
  landing: 1.0695335949999958
  view-data: 0.5594568980000076
