times:
  landing: 1.0743497760000196
  view-data: 0.5831920109999942
