times:
  edit-metadata: 0.6601114738732576
  landing: 0.06643852079287171
  view-data: 0.21696118358522654
