times:
  edit-metadata: 1.2814785558730364
  landing: 6.136694829910994
  view-data: 2.6560469567775726
