times:
  edit-metadata: 1.3377826400101185
  landing: 0.7501828409731388
  view-data: 3.305891502648592
