times:
  landing: 1.075035048000018
  view-data: 0.5620284290000086
