times:
  edit-metadata: 0.5806507673114538
  landing: 0.05653384001925588
  view-data: 0.20310635771602392
