times:
  edit-metadata: 0.5907882261089981
  landing: 0.05167070869356394
  view-data: 0.20353405876085162
