times:
  edit-metadata: 2.90342213306576
  landing: 1.5219239741563797
  view-data: 3.5689298789948225
