times:
  edit-metadata: 1.536174736917019
  landing: 0.11682277265936136
  view-data: 0.39670326840132475
