times:
  edit-metadata: 1.5015953611582518
  landing: 0.8103347588330507
  view-data: 3.3873277734965086
