times:
  edit-metadata: 1.5363293960690498
  landing: 0.9226945862174034
  view-data: 3.4214763827621937
