times:
  edit-metadata: 1.609051764011383
  landing: 0.2052497137337923
  view-data: 0.12787596881389618
