times:
  edit-metadata: 0.6247370909986785
  landing: 0.0596162430010736
  view-data: 0.20507521300169174
