times:
  edit-metadata: 1.6953028533607721
  landing: 0.24522064067423344
  view-data: 0.3524585459381342
