times:
  edit-metadata: 1.310369573533535
  landing: 0.8439971804618835
  view-data: 3.3262276127934456
