times:
  edit-metadata: 1.4627005569636822
  landing: 0.9090512618422508
  view-data: 3.364173538982868
