times:
  edit-metadata: 1.3769661765545607
  landing: 1.112104456871748
  view-data: 3.3995172940194607
