times:
  edit-metadata: 1.007423635572195
  landing: 0.05700777843594551
  view-data: 0.20225844532251358
