times:
  edit-metadata: 1.305453752167523
  landing: 0.8063018070533872
  view-data: 3.300914642866701
