times:
  edit-metadata: 0.697199514019303
  landing: 0.07054990995675325
  view-data: 0.23907929309643805
