times:
  edit-metadata: 1.633974160067737
  landing: 0.019632980227470398
  view-data: 0.026899993419647217
