times:
  edit-metadata: 1.3750265063717961
  landing: 1.022610092535615
  view-data: 3.4251112462952733
