times:
  landing: 1.0668022859999837
  view-data: 0.5493113889999961
