times:
  edit-metadata: 1.158906389027834
  landing: 0.38746916875243187
  view-data: 0.25092616491019726
