times:
  edit-metadata: 0.6347949809860438
  landing: 0.06038523599272594
  view-data: 0.1965111129975412
