times:
  edit-metadata: 0.6208613920025527
  landing: 0.05237715691328049
  view-data: 0.2065976019948721
