times:
  landing: 1.1336669359999973
  view-data: 0.5538072579999778
