times:
  edit-metadata: 1.1677013728767633
  landing: 0.6412283759564161
  view-data: 0.23490679636597633
