times:
  edit-metadata: 0.6499512437731028
  landing: 0.05196136608719826
  view-data: 0.2013789340853691
