times:
  edit-metadata: 1.5498242899775505
  landing: 0.8239988386631012
  view-data: 3.4320383686572313
