times:
  landing: 0.5573022810000055
  view-data: 0.5544283930000233
