times:
  edit-metadata: 0.6630148841068149
  landing: 0.05318946484476328
  view-data: 0.2240490186959505
