times:
  edit-metadata: 0.577992619946599
  landing: 0.05442552221938968
  view-data: 0.20237584505230188
