times:
  landing: 0.554902554999984
  view-data: 0.5676372799999854
