times:
  edit-metadata: 2.013335520401597
  landing: 0.022530372254550457
  view-data: 0.027227760292589664
