times:
  edit-metadata: 0.8163210230413824
  landing: 0.06091880681924522
  view-data: 0.38709619804285467
