times:
  edit-metadata: 1.6439673118293285
  landing: 0.9881657846271992
  view-data: 3.3329713866114616
