times:
  edit-metadata: 0.6808591240551323
  landing: 0.06500290590338409
  view-data: 0.2248114268295467
