times:
  edit-metadata: 0.6266134530305862
  landing: 0.05292135803028941
  view-data: 0.3632185169844888
