times:
  edit-metadata: 1.346816056407988
  landing: 0.7864230861887336
  view-data: 3.585775968618691
