times:
  edit-metadata: 1.0071521066129208
  landing: 0.05197404697537422
  view-data: 0.20288053154945374
