times:
  edit-metadata: 1.4083784730173647
  landing: 0.8001637619454414
  view-data: 3.3474342860281467
