times:
  edit-metadata: 1.1100037544965744
  landing: 0.5898476280272007
  view-data: 0.25228131003677845
