times:
  edit-metadata: 0.6018156849313527
  landing: 0.04812935600057244
  view-data: 0.22209629300050437
