times:
  edit-metadata: 1.5084840543568134
  landing: 0.9608936905860901
  view-data: 3.4172525368630886
