times:
  edit-metadata: 2.5719298273324966
  landing: 1.4583158791065216
  view-data: 4.140157897025347
