times:
  edit-metadata: 1.2437832821160555
  landing: 0.6789451949298382
  view-data: 0.27864208444952965
