times:
  edit-metadata: 0.6479776609921828
  landing: 0.05289732397068292
  view-data: 0.20150539395399392
