times:
  edit-metadata: 0.9918894805014133
  landing: 0.05783636495471001
  view-data: 0.20401162281632423
