times:
  edit-metadata: 1.5672938786447048
  landing: 0.021526220254600048
  view-data: 0.024656803347170353
