times:
  edit-metadata: 1.5261103883385658
  landing: 0.8389193899929523
  view-data: 3.36070354655385
