times:
  edit-metadata: 1.0056091994047165
  landing: 0.06112905591726303
  view-data: 0.2072187066078186
