times:
  edit-metadata: 0.6603991985321045
  landing: 0.06287116277962923
  view-data: 0.20794514380395412
