times:
  edit-metadata: 1.1258960794657469
  landing: 1.4097254294902086
  view-data: 0.5780323799699545
