times:
  landing: 1.1799944349999691
  view-data: 0.5619016489999922
