times:
  edit-metadata: 1.1307065952569246
  landing: 0.6494267247617245
  view-data: 0.21338582783937454
