times:
  edit-metadata: 0.6886295730073471
  landing: 0.051998097012983635
  view-data: 0.22687203498207964
