times:
  edit-metadata: 1.0025376081466675
  landing: 0.050789639353752136
  view-data: 0.20309170708060265
