times:
  edit-metadata: 1.5349936038255692
  landing: 0.8676156401634216
  view-data: 3.3602844178676605
