times:
  edit-metadata: 0.6581321540288627
  landing: 0.06196723412722349
  view-data: 0.19792074523866177
