times:
  edit-metadata: 0.6180376838892698
  landing: 0.05694912280887365
  view-data: 0.24140511872246861
