times:
  landing: 0.5517675060000045
  view-data: 0.5557908529999906
