times:
  edit-metadata: 1.0190293118357658
  landing: 0.054860327392816544
  view-data: 0.19951574131846428
