times:
  edit-metadata: 2.0052490569651127
  landing: 0.02221069112420082
  view-data: 0.035322509706020355
