times:
  edit-metadata: 0.7305722679011524
  landing: 0.05111844697967172
  view-data: 0.19689845200628042
