times:
  edit-metadata: 1.5009448379278183
  landing: 0.7785413824021816
  view-data: 3.372932257130742
