times:
  edit-metadata: 1.369938986375928
  landing: 1.1006878893822432
  view-data: 3.4486487209796906
