times:
  edit-metadata: 1.3469875790178776
  landing: 0.862662706989795
  view-data: 3.3829934380482882
