times:
  edit-metadata: 1.5694679990410805
  landing: 0.9625575635582209
  view-data: 3.410790253430605
