times:
  landing: 0.5546319170000231
  view-data: 0.5554982189999862
