times:
  edit-metadata: 1.5386388273909688
  landing: 0.018573121167719364
  view-data: 0.4461692404001951
