times:
  edit-metadata: 1.2906097816303372
  landing: 0.8585679829120636
  view-data: 3.307155451271683
