times:
  edit-metadata: 0.6614158870652318
  landing: 0.052506716921925545
  view-data: 0.21017392724752426
