times:
  edit-metadata: 1.522913808003068
  landing: 0.8460096213966608
  view-data: 3.3911791630089283
