times:
  edit-metadata: 2.099393179640174
  landing: 1.2739883717149496
  view-data: 3.436490373685956
