times:
  edit-metadata: 1.8118863361887634
  landing: 1.1002127402462065
  view-data: 3.3494070968590677
