times:
  edit-metadata: 0.6162408730015159
  landing: 0.054419638123363256
  view-data: 0.20959570491686463
