times:
  landing: 1.0727036060000046
  view-data: 0.5489690269999983
