times:
  edit-metadata: 0.6028373350854963
  landing: 0.05748190195299685
  view-data: 0.3473467391449958
