times:
  edit-metadata: 1.404082752764225
  landing: 1.1091932095587254
  view-data: 3.3441838808357716
