times:
  edit-metadata: 0.664353727013804
  landing: 0.0545492009841837
  view-data: 0.21774996002204716
