times:
  edit-metadata: 0.8602449200116098
  landing: 0.07617270085029304
  view-data: 0.24757077498361468
