times:
  edit-metadata: 0.6156699159182608
  landing: 0.04811868199612945
  view-data: 0.3534152570646256
