times:
  landing: 0.5695466450000026
  view-data: 0.5632898220000015
