times:
  landing: 0.5690562260000434
  view-data: 0.558758967000017
