times:
  landing: 0.5595468120000078
  view-data: 0.5462056710000525
