times:
  edit-metadata: 0.6729519590735435
  landing: 0.05540223978459835
  view-data: 0.22267882153391838
