times:
  landing: 0.5530540259999839
  view-data: 0.612547190000015
