times:
  edit-metadata: 1.5155265890061855
  landing: 0.021308445371687412
  view-data: 0.025851833634078503
