times:
  edit-metadata: 1.55859269015491
  landing: 0.11854702793061733
  view-data: 0.024937938898801804
