times:
  edit-metadata: 0.7506549709942192
  landing: 0.05389680701773614
  view-data: 0.22973999599344097
