times:
  edit-metadata: 2.037365368101746
  landing: 1.147128339856863
  view-data: 3.3827728112228215
