times:
  edit-metadata: 0.6827732210513204
  landing: 0.04692651197547093
  view-data: 0.2515130629763007
