times:
  landing: 0.5533931059999873
  view-data: 0.5768284700000095
