times:
  landing: 1.134625643999982
  view-data: 0.5689200930000311
