times:
  edit-metadata: 0.6236398980108788
  landing: 0.061029282995150425
  view-data: 0.20234268800413702
