times:
  edit-metadata: 1.6090675927698612
  landing: 0.8264186456799507
  view-data: 3.3211270067840815
