times:
  landing: 0.5839676559999134
  view-data: 0.5578659870000138
