times:
  landing: 0.5552071649999846
  view-data: 0.563072214999977
