times:
  edit-metadata: 1.5361626567319036
  landing: 0.0237954193726182
  view-data: 0.1275932937860489
