times:
  edit-metadata: 1.0770049430429935
  landing: 0.053442006930708885
  view-data: 0.32681238651275635
