times:
  edit-metadata: 1.466287512332201
  landing: 0.7795222848653793
  view-data: 3.380247140303254
