times:
  edit-metadata: 1.739050006493926
  landing: 0.13511483184993267
  view-data: 0.025618115440011024
