times:
  edit-metadata: 1.3618536405265331
  landing: 0.8238360323011875
  view-data: 3.323376577347517
