times:
  edit-metadata: 1.59813482593745
  landing: 0.022542173974215984
  view-data: 0.026830969378352165
