times:
  edit-metadata: 1.625149728730321
  landing: 0.20320593006908894
  view-data: 0.026602888479828835
