times:
  landing: 1.0785103169999957
  view-data: 0.5796970080000392
