times:
  edit-metadata: 0.6303549753502011
  landing: 0.05536165600642562
  view-data: 0.19821971282362938
