times:
  edit-metadata: 0.6615443103946745
  landing: 0.05271517904475331
  view-data: 0.22018403699621558
