times:
  edit-metadata: 1.0276551097631454
  landing: 0.05038231238722801
  view-data: 0.20460520312190056
