times:
  edit-metadata: 0.721753575024195
  landing: 0.042767132981680334
  view-data: 0.23118311597499996
