times:
  edit-metadata: 0.6124030901119113
  landing: 0.051867814268916845
  view-data: 0.2472238107584417
