times:
  edit-metadata: 0.6162223520000225
  landing: 0.05235413099990183
  view-data: 0.21817052599999442
