times:
  edit-metadata: 1.530744094401598
  landing: 0.11664239969104528
  view-data: 0.1166421351954341
