times:
  edit-metadata: 1.5873423628509045
  landing: 0.20670350641012192
  view-data: 0.33360408805310726
