times:
  landing: 0.5611724249999952
  view-data: 0.5632197369999972
