times:
  edit-metadata: 1.2465913612395525
  landing: 0.6967386640608311
  view-data: 0.33955750055611134
