times:
  edit-metadata: 1.5786360083147883
  landing: 0.01991046592593193
  view-data: 0.10084998048841953
