times:
  edit-metadata: 0.6309848451055586
  landing: 0.05474891373887658
  view-data: 0.2139844000339508
