times:
  landing: 1.6105088969999883
  view-data: 0.5598813980000159
