times:
  edit-metadata: 1.5447603901848197
  landing: 0.12688193563371897
  view-data: 0.026965397410094738
