times:
  landing: 1.1216493760000503
  view-data: 0.5620483229999991
