times:
  edit-metadata: 1.474300343543291
  landing: 0.9513843134045601
  view-data: 3.4640074223279953
