times:
  edit-metadata: 0.5813683988526464
  landing: 0.05514693260192871
  view-data: 0.19518674816936255
