times:
  edit-metadata: 1.6027671322226524
  landing: 0.13460821844637394
  view-data: 0.025489266961812973
