times:
  edit-metadata: 1.3579636178910732
  landing: 1.105847954750061
  view-data: 3.348006870597601
