times:
  edit-metadata: 1.300151551142335
  landing: 0.6804990749806166
  view-data: 3.285175073891878
