times:
  edit-metadata: 0.6255014180205762
  landing: 0.05574163398705423
  view-data: 0.19709895201958716
