times:
  edit-metadata: 1.4931071810424328
  landing: 0.9560124650597572
  view-data: 3.342516228556633
