times:
  edit-metadata: 1.5656182114034891
  landing: 0.022206074558198452
  view-data: 0.025030015036463737
