times:
  edit-metadata: 1.3718183487653732
  landing: 0.8707258515059948
  view-data: 3.3233058527112007
