times:
  edit-metadata: 1.3661665639374405
  landing: 0.8408558431547135
  view-data: 3.3506263978779316
