times:
  edit-metadata: 1.6609178632497787
  landing: 0.14437496103346348
  view-data: 0.1632362026721239
