times:
  edit-metadata: 0.8319918410852551
  landing: 0.09663765598088503
  view-data: 0.26721773808822036
