times:
  edit-metadata: 1.0104783922433853
  landing: 0.057810310274362564
  view-data: 0.20248837769031525
