times:
  edit-metadata: 0.6489722281694412
  landing: 0.05429923487827182
  view-data: 0.20800017099827528
