times:
  edit-metadata: 1.5737882107496262
  landing: 0.01984393037855625
  view-data: 0.38924635760486126
