times:
  edit-metadata: 1.4120792439207435
  landing: 0.8110409695655107
  view-data: 3.4614938339218497
