times:
  landing: 0.5450139909999905
  view-data: 0.5502885470000081
