times:
  edit-metadata: 1.6912229433655739
  landing: 1.0333489961922169
  view-data: 3.3369917050004005
