times:
  edit-metadata: 1.4143055938184261
  landing: 0.987960048019886
  view-data: 3.3270976953208447
