times:
  edit-metadata: 1.3788446460384876
  landing: 0.7675932790152729
  view-data: 3.3563283609692007
