times:
  edit-metadata: 1.6492306906729937
  landing: 0.1662308480590582
  view-data: 0.027258776128292084
