times:
  edit-metadata: 0.986210148781538
  landing: 0.055941324681043625
  view-data: 0.206937775015831
