times:
  landing: 1.5880892840000342
  view-data: 0.5567831989999945
