times:
  landing: 1.071512796000036
  view-data: 0.5618536960000142
