times:
  edit-metadata: 0.5930596790276468
  landing: 0.052362456917762756
  view-data: 0.2104745781980455
