times:
  edit-metadata: 0.718007318675518
  landing: 0.059804602060467005
  view-data: 0.1979774096980691
