times:
  edit-metadata: 0.6331792026758194
  landing: 0.065087147988379
  view-data: 0.2071992801502347
