times:
  edit-metadata: 1.5959060657769442
  landing: 0.16920338198542595
  view-data: 0.12835795991122723
