times:
  edit-metadata: 1.4603402502834797
  landing: 1.03862040117383
  view-data: 3.3499595187604427
