times:
  edit-metadata: 1.6480187624692917
  landing: 0.8653654437512159
  view-data: 3.360495252534747
