times:
  edit-metadata: 0.6583023183047771
  landing: 0.053646315820515156
  view-data: 0.20477660279721022
