times:
  edit-metadata: 1.5819002715870738
  landing: 0.021554657258093357
  view-data: 0.026043272577226162
