times:
  edit-metadata: 2.142777817323804
  landing: 0.030242420732975006
  view-data: 0.5718650948256254
