times:
  edit-metadata: 1.5520545728504658
  landing: 0.14198595471680164
  view-data: 0.12257507909089327
