times:
  landing: 1.0779999739999937
  view-data: 0.5632404320000148
