times:
  edit-metadata: 0.6652693608775735
  landing: 0.04893253883346915
  view-data: 0.2232657251879573
