times:
  edit-metadata: 1.4956713449209929
  landing: 0.8364349957555532
  view-data: 3.380882976576686
