times:
  edit-metadata: 0.6215287551749498
  landing: 0.06514033093117177
  view-data: 0.23397530708462
