times:
  edit-metadata: 0.7074650097638369
  landing: 0.050445681903511286
  view-data: 0.28394991997629404
