times:
  edit-metadata: 1.016915388405323
  landing: 0.06017741933465004
  view-data: 0.2051439844071865
