times:
  landing: 0.5527344340000013
  view-data: 0.5753929130000017
