times:
  edit-metadata: 2.220538887195289
  landing: 0.027215512469410896
  view-data: 0.4173978650942445
