times:
  landing: 1.0678304899999773
  view-data: 0.5487329970000019
