times:
  landing: 0.5586849250000228
  view-data: 0.5676103299999795
