times:
  landing: 0.5559028810000655
  view-data: 0.5483572800000047
