times:
  edit-metadata: 1.0600526295602322
  landing: 0.07018911838531494
  view-data: 0.20503471046686172
