times:
  edit-metadata: 0.6730137830600142
  landing: 0.05259268498048186
  view-data: 0.22137189796194434
