times:
  edit-metadata: 1.5436160005629063
  landing: 0.1947630550712347
  view-data: 0.02678833156824112
