times:
  edit-metadata: 0.6633462850004435
  landing: 0.05648841196671128
  view-data: 0.19962751166895032
