times:
  edit-metadata: 0.7874399339780211
  landing: 0.05977678205817938
  view-data: 0.26263708528131247
