times:
  edit-metadata: 1.9987447634339333
  landing: 0.020218392834067345
  view-data: 0.03359452076256275
