times:
  edit-metadata: 1.1518282890319824
  landing: 1.1809585355222225
  view-data: 0.3006055001169443
