times:
  edit-metadata: 1.7353840880095959
  landing: 0.19479740411043167
  view-data: 0.360223900526762
