times:
  edit-metadata: 0.6180057959863916
  landing: 0.04738946899306029
  view-data: 0.23936296696774662
