times:
  edit-metadata: 1.4701117798686028
  landing: 0.8463393319398165
  view-data: 3.265379501506686
