times:
  edit-metadata: 2.1915389709174633
  landing: 1.1128692850470543
  view-data: 3.4713141210377216
