times:
  edit-metadata: 1.4729729145765305
  landing: 0.9212654270231724
  view-data: 3.4442298114299774
