times:
  edit-metadata: 0.6546145370230079
  landing: 0.055451484164223075
  view-data: 0.21591990790329874
