times:
  edit-metadata: 0.6454948240134399
  landing: 0.07215396699029952
  view-data: 0.3899355040048249
