times:
  edit-metadata: 0.9798301327973604
  landing: 0.7878328021615744
  view-data: 0.21352015249431133
