times:
  edit-metadata: 1.4042036943137646
  landing: 0.8954265844076872
  view-data: 3.3538684900850058
