times:
  edit-metadata: 1.4727323986589909
  landing: 0.8491601422429085
  view-data: 3.3502246513962746
