times:
  edit-metadata: 0.6232210958842188
  landing: 0.04970679199323058
  view-data: 0.35051350318826735
