times:
  landing: 0.5574274660000071
  view-data: 0.557866267999998
