times:
  landing: 0.574604480000005
  view-data: 0.5567516489999775
