times:
  edit-metadata: 1.1064635068178177
  landing: 0.5499977879226208
  view-data: 0.19350815191864967
