times:
  edit-metadata: 1.5131817692890763
  landing: 0.1965269362553954
  view-data: 0.023914696648716927
