times:
  edit-metadata: 1.6006965320557356
  landing: 0.02111015096306801
  view-data: 0.1574537754058838
