times:
  edit-metadata: 1.2211964335292578
  landing: 1.110602667555213
  view-data: 0.30755115672945976
