times:
  edit-metadata: 0.6631673409137875
  landing: 0.04826419893652201
  view-data: 0.20469794992823154
