times:
  edit-metadata: 0.8864268509787507
  landing: 0.1278030849643983
  view-data: 0.2976889089914039
