times:
  landing: 1.0679889310000021
  view-data: 0.555695988000025
