times:
  edit-metadata: 1.1612648367881775
  landing: 0.564409526064992
  view-data: 0.2535536661744118
