times:
  edit-metadata: 0.6367201958782971
  landing: 0.0543364470358938
  view-data: 0.36147741600871086
