times:
  edit-metadata: 0.6279787890380248
  landing: 0.055125510960351676
  view-data: 0.2002990059554577
