times:
  edit-metadata: 1.5042505916208029
  landing: 0.7967748139053583
  view-data: 3.402647268027067
