times:
  edit-metadata: 1.0132344774901867
  landing: 0.055741824209690094
  view-data: 0.21041405946016312
