times:
  edit-metadata: 1.3681985223665833
  landing: 0.8075430449098349
  view-data: 3.391652626916766
