times:
  landing: 1.074105621000001
  view-data: 0.5633753980000051
