times:
  edit-metadata: 1.557882810011506
  landing: 0.021619951352477074
  view-data: 0.11983834113925695
