times:
  landing: 1.0733725069999878
  view-data: 0.5715496309999821
