times:
  edit-metadata: 0.7195158971007913
  landing: 0.04916727403178811
  view-data: 0.20132758119143546
