times:
  landing: 0.5533043739999925
  view-data: 0.5567037010000035
