times:
  edit-metadata: 0.6042093278374523
  landing: 0.0491817039437592
  view-data: 0.23720647394657135
