times:
  edit-metadata: 0.6723299989826046
  landing: 0.059591397002805024
  view-data: 0.2048394190496765
