times:
  edit-metadata: 0.6245423061773181
  landing: 0.04936466203071177
  view-data: 0.22519717714749277
