times:
  edit-metadata: 1.6726238131523132
  landing: 0.022525019943714142
  view-data: 0.382301427423954
