times:
  edit-metadata: 1.537347575649619
  landing: 0.02254196722060442
  view-data: 0.026626314036548138
