times:
  edit-metadata: 1.4867027401924133
  landing: 0.8652648944407701
  view-data: 3.3610831033438444
