times:
  edit-metadata: 1.306219443678856
  landing: 0.8359463326632977
  view-data: 3.2823581118136644
