times:
  edit-metadata: 0.6323021029820666
  landing: 0.05479403701610863
  view-data: 0.1965092649916187
