times:
  edit-metadata: 1.5136500345543027
  landing: 0.020946071483194828
  view-data: 0.10202773846685886
