times:
  edit-metadata: 1.5650121122598648
  landing: 0.8804027736186981
  view-data: 3.4282570742070675
