times:
  landing: 1.0660851119999961
  view-data: 0.5518217159999779
