times:
  edit-metadata: 1.0172243006527424
  landing: 0.05449749901890755
  view-data: 0.20422524958848953
