times:
  edit-metadata: 1.6401139181107283
  landing: 0.20769206620752811
  view-data: 0.14548004604876041
