times:
  edit-metadata: 1.0023826099932194
  landing: 0.05886649340391159
  view-data: 0.19855953752994537
