times:
  landing: 1.1174589970000852
  view-data: 0.5661495530000593
