times:
  edit-metadata: 0.716184999095276
  landing: 0.07525468803942204
  view-data: 0.21635875990614295
