times:
  edit-metadata: 0.6333518449682742
  landing: 0.060406523989513516
  view-data: 0.20044857496395707
