times:
  edit-metadata: 1.7071597760077566
  landing: 0.9202666759956628
  view-data: 3.3884047670289874
