times:
  edit-metadata: 1.500899389386177
  landing: 0.9474267810583115
  view-data: 3.342822816222906
