times:
  edit-metadata: 1.1249065063893795
  landing: 0.05497642047703266
  view-data: 0.21312127262353897
