times:
  edit-metadata: 1.5546380234882236
  landing: 0.1686584521085024
  view-data: 0.025673137977719307
