times:
  edit-metadata: 1.7692485619336367
  landing: 0.19755135662853718
  view-data: 0.1572647113353014
