times:
  landing: 1.1361973320000232
  view-data: 0.5840735279999762
