times:
  edit-metadata: 1.1164482086896896
  landing: 0.05837549455463886
  view-data: 0.21185257658362389
