times:
  edit-metadata: 1.5138683691620827
  landing: 0.9526233077049255
  view-data: 3.4343629218637943
