times:
  landing: 0.5514091519999909
  view-data: 0.07525115700002516
