times:
  edit-metadata: 1.6353428633883595
  landing: 0.02014223113656044
  view-data: 0.39405136834830046
