times:
  edit-metadata: 1.1285686753690243
  landing: 1.0029316674917936
  view-data: 0.3019039910286665
