times:
  edit-metadata: 1.5493748933076859
  landing: 0.8999691642820835
  view-data: 3.4285278357565403
