times:
  edit-metadata: 0.6193153660278767
  landing: 0.05254954902920872
  view-data: 0.23477014299714938
