times:
  edit-metadata: 0.6571286129765213
  landing: 0.08573358505964279
  view-data: 0.2733424217440188
