times:
  edit-metadata: 1.243734072893858
  landing: 1.0251170471310616
  view-data: 0.4454408083111048
