times:
  edit-metadata: 1.5177024900913239
  landing: 0.18040740489959717
  view-data: 0.13450868614017963
