times:
  edit-metadata: 0.6239890030119568
  landing: 0.05139043799135834
  view-data: 0.22487479296978563
