times:
  edit-metadata: 1.1334368642419577
  landing: 1.4269943907856941
  view-data: 0.3320175502449274
