times:
  landing: 0.5604956530000038
  view-data: 0.5709528250000062
