times:
  edit-metadata: 5.362714194692671
  landing: 4.850384386256337
  view-data: 5.773818405345082
