times:
  edit-metadata: 0.624419033061713
  landing: 0.051837665028870106
  view-data: 0.2359693709295243
