times:
  landing: 0.5565808650000008
  view-data: 0.5548982390000674
