times:
  edit-metadata: 0.6253228110726923
  landing: 0.08565361611545086
  view-data: 0.2015527270268649
