times:
  edit-metadata: 1.442699708044529
  landing: 0.9413723545148969
  view-data: 3.4280079388991
