times:
  edit-metadata: 0.6416551670990884
  landing: 0.05763993808068335
  view-data: 0.21583057311363518
