times:
  landing: 0.5481187999999975
  view-data: 0.5508780069999943
