times:
  edit-metadata: 1.4919212087988853
  landing: 0.8971866108477116
  view-data: 3.404907748103142
