times:
  edit-metadata: 1.5003770347684622
  landing: 0.21215459425002337
  view-data: 0.18497212324291468
