times:
  edit-metadata: 1.8298422638326883
  landing: 0.021359071135520935
  view-data: 0.14454315789043903
