times:
  edit-metadata: 1.0730249285697937
  landing: 0.05793093517422676
  view-data: 0.20731332898139954
