times:
  edit-metadata: 1.1581982877105474
  landing: 0.6131558455526829
  view-data: 0.2822023220360279
