times:
  edit-metadata: 1.5239822585135698
  landing: 0.024901151657104492
  view-data: 0.12297203205525875
