times:
  edit-metadata: 1.534276818856597
  landing: 0.24559778906404972
  view-data: 0.24607908073812723
