times:
  edit-metadata: 0.6534326439723372
  landing: 0.06047313497401774
  view-data: 0.21478974097408354
