times:
  edit-metadata: 1.5461353408172727
  landing: 0.020769311115145683
  view-data: 0.10249600932002068
