times:
  edit-metadata: 0.6741183367557824
  landing: 0.05589061276987195
  view-data: 0.22105441195890307
