times:
  edit-metadata: 1.5166470296680927
  landing: 0.9659320674836636
  view-data: 3.3439804203808308
