times:
  edit-metadata: 0.6227917359210551
  landing: 0.053744435077533126
  view-data: 0.2274568888824433
