times:
  edit-metadata: 1.8782920939847827
  landing: 1.2109270188957453
  view-data: 3.485305504873395
