times:
  landing: 1.1171265809999795
  view-data: 0.5507537340000113
