times:
  edit-metadata: 0.6266526010585949
  landing: 0.05768799199722707
  view-data: 0.24545182602014393
