times:
  edit-metadata: 2.1048360485583544
  landing: 1.1606575511395931
  view-data: 3.428623463958502
