times:
  edit-metadata: 1.4333046525716782
  landing: 0.8179472349584103
  view-data: 3.3860143572092056
