times:
  edit-metadata: 1.527463149279356
  landing: 0.7681608237326145
  view-data: 3.3706492222845554
