times:
  edit-metadata: 0.7088385989773087
  landing: 0.0525382089545019
  view-data: 0.2644544639624655
