times:
  edit-metadata: 0.6246334359748289
  landing: 0.07652315695304424
  view-data: 0.23049248999450356
