times:
  edit-metadata: 0.6666589750093408
  landing: 0.05932853097328916
  view-data: 0.20621136901900172
