times:
  edit-metadata: 1.7987511232495308
  landing: 0.19396803714334965
  view-data: 0.47499158047139645
