times:
  edit-metadata: 0.6195884617045522
  landing: 0.04916190495714545
  view-data: 0.2652393369935453
