times:
  edit-metadata: 1.5166564881801605
  landing: 0.7638770993798971
  view-data: 3.3658441305160522
