times:
  edit-metadata: 1.9925933610647917
  landing: 0.14496999979019165
  view-data: 0.5795762315392494
