times:
  landing: 0.5509540539999875
  view-data: 0.5676065060000042
