times:
  landing: 1.0935590929999819
  view-data: 0.5646013900000071
