times:
  edit-metadata: 0.6634975089691579
  landing: 0.05376692535355687
  view-data: 0.21307652862742543
