times:
  edit-metadata: 1.8472521584481
  landing: 0.2974745947867632
  view-data: 0.17453300580382347
