times:
  edit-metadata: 0.6851894530118443
  landing: 0.050306321994867176
  view-data: 0.2399110829574056
