times:
  edit-metadata: 1.9148474615067244
  landing: 0.21376419626176357
  view-data: 0.4101118389517069
