times:
  edit-metadata: 0.631931371986866
  landing: 0.059338752180337906
  view-data: 0.2002601041458547
