times:
  edit-metadata: 1.6766003426164389
  landing: 0.2609309311956167
  view-data: 0.21323985047638416
