times:
  edit-metadata: 0.6995043520000763
  landing: 0.04695701300079236
  view-data: 0.22467388199584093
