times:
  edit-metadata: 1.5070723928511143
  landing: 0.7402127031236887
  view-data: 3.338720528408885
