times:
  edit-metadata: 0.6408963790163398
  landing: 0.06060735695064068
  view-data: 0.19805737491697073
