times:
  landing: 0.5618108749999919
  view-data: 0.5716700970000375
