times:
  edit-metadata: 1.6433913931250572
  landing: 1.142741922289133
  view-data: 3.4752676375210285
