times:
  edit-metadata: 1.534033315256238
  landing: 0.020485186018049717
  view-data: 0.11455836705863476
