times:
  edit-metadata: 1.368001933209598
  landing: 0.7550288187339902
  view-data: 3.4110633162781596
