times:
  edit-metadata: 1.4217464276589453
  landing: 0.8782558366656303
  view-data: 3.31717323185876
