times:
  edit-metadata: 1.5161828454583883
  landing: 0.022085501812398434
  view-data: 0.12503166403621435
