times:
  edit-metadata: 1.5654092384502292
  landing: 0.019831237383186817
  view-data: 0.4785738345235586
