times:
  edit-metadata: 1.4371396861970425
  landing: 0.9366487637162209
  view-data: 3.4581851474940777
