times:
  edit-metadata: 1.1512458492070436
  landing: 0.5878068748861551
  view-data: 0.3186459392309189
