times:
  landing: 0.5573866969999983
  view-data: 0.05569543999999382
