times:
  edit-metadata: 0.6829838780686259
  landing: 0.05051905708387494
  view-data: 0.19943632883951068
