times:
  edit-metadata: 0.9960474893450737
  landing: 0.051190316677093506
  view-data: 0.20950232073664665
