times:
  edit-metadata: 1.2827453970003262
  landing: 0.11011377499971786
  view-data: 0.4068962270002885
