times:
  edit-metadata: 1.9614684209227562
  landing: 0.15448631532490253
  view-data: 0.3857479467988014
