times:
  landing: 1.1457436789999917
  view-data: 0.5665732469999796
