times:
  edit-metadata: 1.50602488219738
  landing: 0.022772525437176228
  view-data: 0.12014846969395876
