times:
  edit-metadata: 1.5593126714229584
  landing: 0.019532278180122375
  view-data: 0.44235237687826157
