times:
  edit-metadata: 0.6069830190390348
  landing: 0.06112068984657526
  view-data: 0.2224629509728402
