times:
  edit-metadata: 0.6401824420318007
  landing: 0.05411437293514609
  view-data: 0.20396168599836528
