times:
  edit-metadata: 1.011121392250061
  landing: 0.061316270381212234
  view-data: 0.2095690593123436
