times:
  edit-metadata: 1.0136426463723183
  landing: 0.05966140702366829
  view-data: 0.20305385068058968
