times:
  edit-metadata: 1.004803366959095
  landing: 0.06068795919418335
  view-data: 0.2061304934322834
