times:
  landing: 0.5722582500000044
  view-data: 0.5523019869999644
