times:
  edit-metadata: 0.6927823727019131
  landing: 0.04565904615446925
  view-data: 0.23215221520513296
