times:
  edit-metadata: 0.9341293200850487
  landing: 0.10716423578560352
  view-data: 0.3323723804205656
