times:
  edit-metadata: 1.0291005140024936
  landing: 0.05688029299926711
  view-data: 0.21023100299862563
