times:
  edit-metadata: 0.6880937763489783
  landing: 0.049036592710763216
  view-data: 0.3444426073692739
