times:
  edit-metadata: 0.6626423122361302
  landing: 0.05255555920302868
  view-data: 0.2081475080922246
