times:
  edit-metadata: 1.712249480187893
  landing: 1.0893545262515545
  view-data: 3.348082408308983
