times:
  edit-metadata: 1.478178784251213
  landing: 0.8485718630254269
  view-data: 3.3422129675745964
