times:
  edit-metadata: 0.8103139360900968
  landing: 0.05994262010790408
  view-data: 0.2056596139445901
