times:
  edit-metadata: 1.1112898048013449
  landing: 1.8753106836229563
  view-data: 0.42499387823045254
