times:
  edit-metadata: 1.5826650653034449
  landing: 0.20088344160467386
  view-data: 0.47287467401474714
