times:
  edit-metadata: 0.6305903741158545
  landing: 0.06725193001329899
  view-data: 0.20225576194934547
