times:
  edit-metadata: 1.5473568104207516
  landing: 0.8166803158819675
  view-data: 3.433392982929945
