times:
  edit-metadata: 1.5613244595006108
  landing: 0.02148609608411789
  view-data: 0.11550955474376678
