times:
  landing: 0.5561517709999748
  view-data: 0.5951943389999883
