times:
  edit-metadata: 0.6534256120212376
  landing: 0.05592142324894667
  view-data: 0.20313781313598156
