times:
  edit-metadata: 1.5183640234172344
  landing: 0.7878166679292917
  view-data: 3.352445710450411
