times:
  edit-metadata: 1.4410045868717134
  landing: 1.351843659300357
  view-data: 3.362518517766148
