times:
  edit-metadata: 0.6489057531580329
  landing: 0.05492490716278553
  view-data: 0.20670416578650475
