times:
  edit-metadata: 1.2608589651063085
  landing: 0.7890146942809224
  view-data: 3.327285271137953
