times:
  edit-metadata: 0.6087119169533253
  landing: 0.05236401502043009
  view-data: 0.22619245504029095
