times:
  edit-metadata: 2.7886091796681285
  landing: 0.4759740103036165
  view-data: 0.3568892739713192
