times:
  edit-metadata: 0.99272495880723
  landing: 0.05550190806388855
  view-data: 0.2004089169204235
