times:
  edit-metadata: 0.626783441985026
  landing: 0.05571057996712625
  view-data: 0.2081703031435609
