times:
  edit-metadata: 0.5994071981403977
  landing: 0.04529259214177728
  view-data: 0.3745808710809797
