times:
  edit-metadata: 1.1260910909622908
  landing: 0.7602557595819235
  view-data: 0.3663682322949171
