times:
  landing: 0.555327635000026
  view-data: 0.5471319199999698
