times:
  edit-metadata: 0.7487196857109666
  landing: 0.06056082807481289
  view-data: 0.2063055271282792
