times:
  edit-metadata: 1.21732491068542
  landing: 2.175709990784526
  view-data: 0.6223098151385784
