times:
  edit-metadata: 1.0079204626381397
  landing: 0.06021356210112572
  view-data: 0.19983860477805138
