times:
  edit-metadata: 1.503418849897571
  landing: 0.7818885330343619
  view-data: 3.3006446099607274
