times:
  edit-metadata: 0.7579668276011944
  landing: 0.11639035912230611
  view-data: 0.2291062818840146
