times:
  edit-metadata: 0.9120640959590673
  landing: 1.3769734967499971
  view-data: 0.45256806537508965
