times:
  edit-metadata: 1.0287089752964675
  landing: 0.04523733723908663
  view-data: 0.21981822699308395
