times:
  edit-metadata: 1.624666403979063
  landing: 0.021072043105959892
  view-data: 0.025963634252548218
