times:
  landing: 0.5608265540000161
  view-data: 0.5594102550000173
