times:
  edit-metadata: 0.7419276519940468
  landing: 0.04464302500127815
  view-data: 0.2409940360012115
