times:
  edit-metadata: 2.147885337471962
  landing: 0.019165383651852608
  view-data: 0.39667623676359653
