times:
  edit-metadata: 0.6298274500004482
  landing: 0.04923154099378735
  view-data: 0.2843712040048558
