times:
  edit-metadata: 1.6065984778106213
  landing: 0.1314264740794897
  view-data: 0.3558518514037132
