times:
  edit-metadata: 1.5570391193032265
  landing: 0.805650582537055
  view-data: 3.391208238899708
