times:
  edit-metadata: 0.6630596350878477
  landing: 0.05186309106647968
  view-data: 0.20529730804264545
