times:
  edit-metadata: 1.5292303301393986
  landing: 0.9464718587696552
  view-data: 3.40227123349905
