times:
  edit-metadata: 1.6139213237911463
  landing: 0.19327065534889698
  view-data: 0.3492671847343445
