times:
  edit-metadata: 1.729928920045495
  landing: 0.019811011850833893
  view-data: 0.025073036551475525
