times:
  edit-metadata: 0.6607756970915943
  landing: 0.05441095493733883
  view-data: 0.20039795595221221
