times:
  landing: 1.648270674999992
  view-data: 0.5658205529999805
