times:
  edit-metadata: 0.658746681176126
  landing: 0.06666084891185164
  view-data: 0.21125490311533213
