times:
  edit-metadata: 1.986599052324891
  landing: 0.8140607140958309
  view-data: 3.4963601864874363
