times:
  edit-metadata: 1.4103898899629712
  landing: 0.907837085891515
  view-data: 3.388544062152505
