times:
  edit-metadata: 1.1278993878513575
  landing: 1.043670080602169
  view-data: 0.2899819705635309
