times:
  edit-metadata: 1.2462578639388084
  landing: 0.8836526162922382
  view-data: 0.6006447076797485
