times:
  landing: 0.5590774479999823
  view-data: 0.5590646470000138
