times:
  edit-metadata: 1.0001643933355808
  landing: 0.05835403501987457
  view-data: 0.21355308592319489
