times:
  landing: 0.5559995080000135
  view-data: 0.5653836620000163
