times:
  edit-metadata: 0.6943420679308474
  landing: 0.049584892112761736
  view-data: 0.21199053386226296
