times:
  edit-metadata: 0.7609664530027658
  landing: 0.07382951199542731
  view-data: 0.3338111039920477
