times:
  edit-metadata: 1.4351283889263868
  landing: 0.9014138858765364
  view-data: 3.313957154750824
