times:
  edit-metadata: 1.5411813678219914
  landing: 0.02088492177426815
  view-data: 0.47554183937609196
