times:
  landing: 1.1473269749999986
  view-data: 0.5638575960000196
