times:
  edit-metadata: 1.019660398364067
  landing: 0.0529010184109211
  view-data: 0.20718741416931152
