times:
  landing: 0.5593530229999999
  view-data: 0.5639409399999806
