times:
  edit-metadata: 1.5692970026284456
  landing: 0.13131687603890896
  view-data: 0.13400672189891338
