times:
  edit-metadata: 0.6463015030021779
  landing: 0.06482882297132164
  view-data: 0.2033238600124605
