times:
  edit-metadata: 1.3944785818457603
  landing: 0.9802660569548607
  view-data: 3.315807655453682
