times:
  edit-metadata: 1.5286706294864416
  landing: 0.022205619141459465
  view-data: 0.12096748035401106
