times:
  edit-metadata: 0.7170739590656012
  landing: 0.05953055096324533
  view-data: 0.19784107897430658
