times:
  edit-metadata: 1.5707981418818235
  landing: 0.02154868096113205
  view-data: 0.13222713954746723
