times:
  edit-metadata: 1.4220954030752182
  landing: 0.9773398675024509
  view-data: 3.384555824100971
