times:
  edit-metadata: 1.006956085562706
  landing: 0.05759625509381294
  view-data: 0.20901143550872803
