times:
  landing: 1.0790946949999807
  view-data: 0.567106162000016
