times:
  landing: 1.1217373729996325
  view-data: 0.5527150770003573
