times:
  edit-metadata: 0.8490067720413208
  landing: 0.04715320002287626
  view-data: 0.2354226540774107
