times:
  edit-metadata: 1.612724181264639
  landing: 0.01859276369214058
  view-data: 0.02623489685356617
