times:
  edit-metadata: 1.549783494323492
  landing: 0.8151127900928259
  view-data: 3.61076308041811
