times:
  landing: 0.5470848099999728
  view-data: 0.5586192570000037
