times:
  edit-metadata: 1.5656334804371
  landing: 0.021603690460324287
  view-data: 0.026224665343761444
