times:
  edit-metadata: 0.6330045987851918
  landing: 0.0504595460370183
  view-data: 0.2062713778577745
