times:
  edit-metadata: 1.6057664323598146
  landing: 0.02162911370396614
  view-data: 0.1353251188993454
