times:
  edit-metadata: 1.1450494043529034
  landing: 0.5880599077790976
  view-data: 0.31864396296441555
