times:
  edit-metadata: 1.3690461330115795
  landing: 0.30056665098527446
  view-data: 0.3559951389906928
