times:
  edit-metadata: 0.7009383831173182
  landing: 0.07903582509607077
  view-data: 0.2932280288077891
