times:
  edit-metadata: 1.3800139613449574
  landing: 1.11791405454278
  view-data: 3.283606454730034
