times:
  edit-metadata: 0.6222581742331386
  landing: 0.07640533708035946
  view-data: 0.2281430340372026
