times:
  edit-metadata: 1.6048056539148092
  landing: 0.2133293291553855
  view-data: 0.0971696162596345
