times:
  edit-metadata: 0.7790787310223095
  landing: 0.06622779299505055
  view-data: 0.3258883089874871
