times:
  edit-metadata: 1.1308368481695652
  landing: 0.946921931579709
  view-data: 0.34424200654029846
