times:
  edit-metadata: 2.126031007617712
  landing: 1.6842603944242
  view-data: 3.4978050403296947
