times:
  edit-metadata: 0.6211819909512997
  landing: 0.05436940700747073
  view-data: 0.2212030179798603
