times:
  landing: 0.5549825539999915
  view-data: 0.5627781989999789
