times:
  edit-metadata: 0.6187316561117768
  landing: 0.0574397761374712
  view-data: 0.21131237968802452
