times:
  landing: 1.08522160199999
  view-data: 0.5621262539999634
