times:
  edit-metadata: 0.6201050229137763
  landing: 0.0430329799419269
  view-data: 0.34954523597843945
