times:
  edit-metadata: 1.3960642982274294
  landing: 0.8315776619128883
  view-data: 3.406634350772947
