times:
  edit-metadata: 1.4686081330291927
  landing: 0.8168931971304119
  view-data: 3.433077358873561
