times:
  landing: 0.5532997120000118
  view-data: 0.557390526000006
