times:
  edit-metadata: 0.6532847974449396
  landing: 0.051793827675282955
  view-data: 0.20308584161102772
