times:
  edit-metadata: 1.5273090787231922
  landing: 0.8913842979818583
  view-data: 3.4489921014755964
