times:
  edit-metadata: 1.1592147760093212
  landing: 1.028929291293025
  view-data: 0.5133027713745832
