times:
  edit-metadata: 0.6489522261545062
  landing: 0.04671372985467315
  view-data: 0.20399549836292863
