times:
  edit-metadata: 1.5554683255031705
  landing: 0.020797631703317165
  view-data: 0.025456810370087624
