times:
  edit-metadata: 1.592689586803317
  landing: 0.11556982062757015
  view-data: 0.14782865159213543
