times:
  edit-metadata: 1.4312922381795943
  landing: 0.8719579055905342
  view-data: 3.339929054956883
