times:
  edit-metadata: 0.6441355209972244
  landing: 0.049422146010329016
  view-data: 0.24286946700885892
