times:
  edit-metadata: 1.512991612777114
  landing: 0.02025129273533821
  view-data: 0.026408699341118336
