times:
  edit-metadata: 0.7185807330533862
  landing: 0.07015597028657794
  view-data: 0.3947034697048366
