times:
  edit-metadata: 1.6739896424114704
  landing: 0.022599121555685997
  view-data: 0.13399341329932213
