times:
  edit-metadata: 0.6613823948428035
  landing: 0.04634095216169953
  view-data: 0.24578129407018423
