times:
  edit-metadata: 1.5243438072502613
  landing: 1.0775858275592327
  view-data: 3.39615548402071
