times:
  edit-metadata: 1.1986893210560083
  landing: 2.009892012923956
  view-data: 1.1751534156501293
