times:
  edit-metadata: 0.5779943140223622
  landing: 0.06203612918034196
  view-data: 0.20640378585085273
