times:
  landing: 0.563482950999969
  view-data: 0.5556716169999163
