times:
  edit-metadata: 1.5660438099876046
  landing: 0.12446077540516853
  view-data: 0.027309434488415718
