times:
  edit-metadata: 1.5625826921314
  landing: 0.020372284576296806
  view-data: 0.3540371488779783
