times:
  edit-metadata: 1.4821392837911844
  landing: 0.01939921360462904
  view-data: 0.12227350100874901
