times:
  edit-metadata: 1.3978789439424872
  landing: 0.8896123529411852
  view-data: 3.3618534468114376
