times:
  edit-metadata: 1.791150949895382
  landing: 1.3395816385746002
  view-data: 3.6160740703344345
