times:
  edit-metadata: 2.5214847652241588
  landing: 0.49161244183778763
  view-data: 0.3903510542586446
