times:
  edit-metadata: 0.6135343420319259
  landing: 0.05829494213685393
  view-data: 0.2152790401596576
