times:
  edit-metadata: 1.4830981940031052
  landing: 0.8627182245254517
  view-data: 3.423011753708124
