times:
  edit-metadata: 1.399494940880686
  landing: 0.849272318650037
  view-data: 3.3815691540949047
