times:
  edit-metadata: 1.7351899277418852
  landing: 0.13990459963679314
  view-data: 0.026845229789614677
