times:
  edit-metadata: 0.6292731988942251
  landing: 0.055611076997593045
  view-data: 0.20104319998063147
