times:
  edit-metadata: 1.5379556398838758
  landing: 0.02340423222631216
  view-data: 0.12623073160648346
