times:
  landing: 1.0685544279999704
  view-data: 0.5536257680000176
