times:
  landing: 0.5590017709999984
  view-data: 0.5676876859999993
