times:
  edit-metadata: 1.5181403942406178
  landing: 0.891774594783783
  view-data: 3.4329824298620224
