times:
  edit-metadata: 1.647260956466198
  landing: 0.02086728997528553
  view-data: 0.4453618749976158
