times:
  edit-metadata: 1.61810483597219
  landing: 0.20730980299413204
  view-data: 0.02615966647863388
