times:
  edit-metadata: 1.60308681987226
  landing: 0.14721739292144775
  view-data: 0.022796859964728355
