times:
  edit-metadata: 0.6067744010360911
  landing: 0.043609564017970115
  view-data: 0.2117860540165566
