times:
  edit-metadata: 0.6075944611802697
  landing: 0.052418665029108524
  view-data: 0.2129222759976983
