times:
  edit-metadata: 0.6396341390063753
  landing: 0.054747436006437056
  view-data: 0.20412263000616804
