times:
  edit-metadata: 1.1562637835741043
  landing: 1.2081591468304396
  view-data: 0.6257276870310307
