times:
  edit-metadata: 1.5503118941560388
  landing: 0.023160823620855808
  view-data: 0.11806291155517101
