times:
  edit-metadata: 1.5635449346154928
  landing: 0.12549292482435703
  view-data: 0.11743118520826101
