times:
  edit-metadata: 2.3727748971432447
  landing: 1.2461542785167694
  view-data: 3.4899529796093702
