times:
  edit-metadata: 0.9992189630866051
  landing: 0.05800766870379448
  view-data: 0.20629215985536575
