times:
  edit-metadata: 1.4315023571252823
  landing: 0.9499735720455647
  view-data: 3.3574342131614685
