times:
  edit-metadata: 1.4156435914337635
  landing: 0.9461284354329109
  view-data: 3.381636068224907
