times:
  edit-metadata: 0.6257039560005069
  landing: 0.057423956925049424
  view-data: 0.19620016706176102
