times:
  edit-metadata: 1.388046083971858
  landing: 0.8535944605246186
  view-data: 3.354870267212391
