times:
  landing: 1.0888908079999737
  view-data: 0.5578237249999916
