times:
  edit-metadata: 1.591218613088131
  landing: 0.16651850007474422
  view-data: 0.3257445711642504
