times:
  landing: 1.074470003000016
  view-data: 0.5690005849999977
