times:
  edit-metadata: 1.6559616951271892
  landing: 0.1681275237351656
  view-data: 0.09978893119841814
