times:
  edit-metadata: 1.364964585751295
  landing: 0.7970023788511753
  view-data: 3.316960107535124
