times:
  edit-metadata: 0.6205053690355271
  landing: 0.047348486026749015
  view-data: 0.24402303900569677
