times:
  edit-metadata: 1.4677062928676605
  landing: 0.8912506923079491
  view-data: 3.3750806599855423
