times:
  edit-metadata: 1.5586381033062935
  landing: 0.9140422120690346
  view-data: 3.3420573621988297
