times:
  landing: 1.077188624999991
  view-data: 0.5514774009999996
