times:
  edit-metadata: 1.1440678648650646
  landing: 0.5338883511722088
  view-data: 0.22882350720465183
