times:
  edit-metadata: 1.4887087903916836
  landing: 0.8889725115150213
  view-data: 3.3900392055511475
