times:
  edit-metadata: 0.6232781717553735
  landing: 0.06037994474172592
  view-data: 0.1954927258193493
