times:
  edit-metadata: 1.8319385703653097
  landing: 1.0239047724753618
  view-data: 3.435484068468213
