times:
  edit-metadata: 0.666272581089288
  landing: 0.061104042921215296
  view-data: 0.20628283498808742
