times:
  edit-metadata: 1.6375454729422927
  landing: 0.020980295725166798
  view-data: 0.13830990623682737
