times:
  edit-metadata: 1.0239348895847797
  landing: 0.06162010505795479
  view-data: 0.2083374187350273
