times:
  landing: 0.5512491299999738
  view-data: 0.5660304349999592
