times:
  edit-metadata: 1.503533834591508
  landing: 0.9789884015917778
  view-data: 3.373819889500737
