times:
  landing: 1.5989752089999456
  view-data: 0.5597389280000016
