times:
  edit-metadata: 1.6675510443747044
  landing: 0.13083521276712418
  view-data: 0.023521341383457184
