times:
  landing: 0.5562298110000086
  view-data: 0.5579540219999899
