times:
  landing: 0.5550397430000089
  view-data: 0.559008662999986
