times:
  landing: 0.5636447109999949
  view-data: 0.565215037999991
