times:
  edit-metadata: 1.609863804653287
  landing: 0.018297918140888214
  view-data: 0.38351884856820107
