times:
  edit-metadata: 0.6364600870001595
  landing: 0.05625518300803378
  view-data: 0.20441820299311075
