times:
  edit-metadata: 1.142456453293562
  landing: 0.3848584499210119
  view-data: 0.2562483996152878
