times:
  edit-metadata: 0.7682281010202132
  landing: 0.05943052101065405
  view-data: 0.33795894001377746
