times:
  edit-metadata: 1.5110718719661236
  landing: 0.9522663559764624
  view-data: 3.410696377977729
