times:
  edit-metadata: 1.4043962880969048
  landing: 0.8444086592644453
  view-data: 3.304385904222727
