times:
  edit-metadata: 1.5724815586581826
  landing: 0.020895306952297688
  view-data: 0.026020645163953304
