times:
  edit-metadata: 1.5319558372721076
  landing: 0.021678820252418518
  view-data: 0.028501921333372593
