times:
  edit-metadata: 2.0658849496394396
  landing: 0.32416009716689587
  view-data: 0.48534851148724556
