times:
  edit-metadata: 1.382443598471582
  landing: 0.8026594771072268
  view-data: 3.3579514427110553
