times:
  edit-metadata: 1.354774933308363
  landing: 0.9432955682277679
  view-data: 3.408268764615059
