times:
  landing: 1.0659887669999932
  view-data: 0.5551091939999822
