times:
  edit-metadata: 1.3818188840523362
  landing: 0.8381706979125738
  view-data: 3.4039015816524625
