times:
  edit-metadata: 1.6050854362547398
  landing: 0.020879171788692474
  view-data: 0.12785273417830467
