times:
  edit-metadata: 1.4831399321556091
  landing: 0.7721313368529081
  view-data: 3.401079099625349
