times:
  edit-metadata: 0.5877771880477667
  landing: 0.055031996220350266
  view-data: 0.20514453714713454
