times:
  edit-metadata: 1.5951292486861348
  landing: 0.020399807952344418
  view-data: 0.023685595951974392
