times:
  edit-metadata: 0.7028708341531456
  landing: 0.08242764906026423
  view-data: 0.21242632693611085
