times:
  edit-metadata: 0.6854421868920326
  landing: 0.05191044881939888
  view-data: 0.26186575600877404
