times:
  edit-metadata: 0.6147511317394674
  landing: 0.052594037260860205
  view-data: 0.3588078389875591
