times:
  edit-metadata: 1.6123812887817621
  landing: 0.020734071731567383
  view-data: 0.025672328658401966
