times:
  edit-metadata: 0.5851343348622322
  landing: 0.06240015709772706
  view-data: 0.21582837961614132
