times:
  landing: 1.1076457130000108
  view-data: 0.6916935190000117
