times:
  edit-metadata: 1.5401226431131363
  landing: 0.9294129461050034
  view-data: 3.3394133783876896
