times:
  edit-metadata: 1.6839765273034573
  landing: 1.1041303388774395
  view-data: 3.472019711509347
