times:
  edit-metadata: 0.595298065978568
  landing: 0.05283448297996074
  view-data: 0.2210099859512411
