times:
  edit-metadata: 1.1313756108283997
  landing: 0.5053359139710665
  view-data: 0.22817440889775753
