times:
  edit-metadata: 0.6460251212120056
  landing: 0.052159656304866076
  view-data: 0.2007780889980495
