times:
  edit-metadata: 1.6284965323284268
  landing: 0.021097063086926937
  view-data: 0.4034131048247218
