times:
  landing: 0.580519900000013
  view-data: 0.5671515209999711
