times:
  edit-metadata: 0.6590053499676287
  landing: 0.05072360695339739
  view-data: 0.19850867392960936
