times:
  edit-metadata: 0.662984010996297
  landing: 0.05608737678267062
  view-data: 0.19852509000338614
