times:
  edit-metadata: 1.3545928057283163
  landing: 1.0990522187203169
  view-data: 0.6649314109236002
