times:
  edit-metadata: 1.1383532751351595
  landing: 0.6805471479892731
  view-data: 0.2671548668295145
