times:
  landing: 1.6373786740000185
  view-data: 0.5578206149999971
