times:
  edit-metadata: 1.525677639991045
  landing: 0.8973385766148567
  view-data: 3.4273899644613266
