times:
  landing: 1.1046682950000104
  view-data: 0.5734545490000187
