times:
  edit-metadata: 1.2345796152949333
  landing: 1.427706504240632
  view-data: 0.5373011045157909
