times:
  edit-metadata: 0.6491659940220416
  landing: 0.05543976882472634
  view-data: 0.20892694196663797
