times:
  landing: 0.5685366629999749
  view-data: 0.5580425320000018
