times:
  edit-metadata: 1.3581319591030478
  landing: 0.888768951408565
  view-data: 3.3793876762501895
