times:
  edit-metadata: 0.9951925575733185
  landing: 0.05960576608777046
  view-data: 0.2039453722536564
