times:
  edit-metadata: 1.588311841711402
  landing: 0.19661136344075203
  view-data: 0.10473397560417652
