times:
  edit-metadata: 0.6122959719505161
  landing: 0.048108651069924235
  view-data: 0.2133192999754101
