times:
  edit-metadata: 1.136333156377077
  landing: 1.4138951636850834
  view-data: 0.4795877430588007
