times:
  landing: 0.5526541379999799
  view-data: 0.5545317609999643
