times:
  edit-metadata: 1.5269048860063776
  landing: 0.931509735994041
  view-data: 3.3282664900179952
