times:
  edit-metadata: 0.6723991972394288
  landing: 0.04621561290696263
  view-data: 0.30621515307575464
