times:
  edit-metadata: 1.5816124780103564
  landing: 0.17349991481751204
  view-data: 0.39673971477895975
