times:
  edit-metadata: 1.601549350656569
  landing: 0.0193328857421875
  view-data: 0.2330535827204585
