times:
  edit-metadata: 0.7390323681756854
  landing: 0.05639710323885083
  view-data: 0.20396911818534136
