times:
  edit-metadata: 1.5692612696439028
  landing: 0.21334742568433285
  view-data: 0.36204830184578896
