times:
  edit-metadata: 0.6602206151001155
  landing: 0.062461111927405
  view-data: 0.20141470292583108
