times:
  edit-metadata: 0.9505889397114515
  landing: 0.8631907030940056
  view-data: 0.3131816517561674
