times:
  edit-metadata: 0.7142039979808033
  landing: 0.08258855598978698
  view-data: 0.24095594801474363
