times:
  edit-metadata: 1.523550795391202
  landing: 0.11868165619671345
  view-data: 0.02870859019458294
