times:
  landing: 0.5699392209999985
  view-data: 0.5610514649999914
