times:
  edit-metadata: 0.6432223790325224
  landing: 0.05611788691021502
  view-data: 0.20383458398282528
