times:
  landing: 0.5529026389999672
  view-data: 0.5546348550000175
