times:
  landing: 0.5506339460000049
  view-data: 0.5608983720000253
