times:
  edit-metadata: 0.6692546849953942
  landing: 0.05134849302703515
  view-data: 0.21683344402117655
