times:
  edit-metadata: 1.5449081165716052
  landing: 0.021050091832876205
  view-data: 0.02789791114628315
