times:
  edit-metadata: 0.7000073899980634
  landing: 0.04971631697844714
  view-data: 0.22418871603440493
