times:
  landing: 1.1268558950000056
  view-data: 0.5570832740000071
