times:
  edit-metadata: 1.5350363412871957
  landing: 0.02201520185917616
  view-data: 0.12776475679129362
