times:
  edit-metadata: 3.1543855778872967
  landing: 1.9291249960660934
  view-data: 3.3552965596318245
