times:
  edit-metadata: 0.6014328692108393
  landing: 0.05385349504649639
  view-data: 0.20527472207322717
