times:
  landing: 0.57010899200003
  view-data: 0.5489453110000113
