times:
  edit-metadata: 1.1371492017060518
  landing: 0.6697303280234337
  view-data: 0.206941906362772
