times:
  landing: 1.0738705130000028
  view-data: 0.5569611159999965
