times:
  landing: 0.5551991629999975
  view-data: 0.5436176210000099
