times:
  edit-metadata: 0.6016334880841896
  landing: 0.04836903000250459
  view-data: 0.23331585398409516
