times:
  edit-metadata: 0.6925718327984214
  landing: 0.0899588130414486
  view-data: 0.2288243267685175
