times:
  edit-metadata: 1.818823417648673
  landing: 0.02588602900505066
  view-data: 0.02349383383989334
