times:
  edit-metadata: 1.461342167109251
  landing: 0.9127502590417862
  view-data: 3.3466548398137093
