times:
  edit-metadata: 0.634650276042521
  landing: 0.05805625207722187
  view-data: 0.19957587402313948
