times:
  edit-metadata: 0.6446958598680794
  landing: 0.05223000701516867
  view-data: 0.1975692743435502
