times:
  edit-metadata: 0.698433115001535
  landing: 0.04952963400864974
  view-data: 0.24230333100422285
