times:
  edit-metadata: 1.3117925990372896
  landing: 1.1464982219040394
  view-data: 0.6323972083628178
