times:
  edit-metadata: 1.3740179482847452
  landing: 0.8475675787776709
  view-data: 3.3921172451227903
