times:
  edit-metadata: 1.6666683312505484
  landing: 0.022229066118597984
  view-data: 0.4989652596414089
