times:
  edit-metadata: 1.5293608894571662
  landing: 0.021042892709374428
  view-data: 0.12337282206863165
