times:
  edit-metadata: 0.726112546864897
  landing: 0.05554582504555583
  view-data: 0.19995354604907334
