times:
  landing: 1.6251594679999926
  view-data: 0.5503379020000239
