times:
  edit-metadata: 0.6300988278817385
  landing: 0.04906824789941311
  view-data: 0.2464787440840155
