times:
  edit-metadata: 0.6594845768995583
  landing: 0.056106626987457275
  view-data: 0.22066977992653847
