times:
  edit-metadata: 1.6567097138613462
  landing: 0.14348818361759186
  view-data: 0.12378832884132862
