times:
  edit-metadata: 1.2791034039109945
  landing: 1.144301487132907
  view-data: 0.6231196969747543
