times:
  edit-metadata: 1.7397759091109037
  landing: 0.2519493792206049
  view-data: 0.6639039777219296
