times:
  edit-metadata: 0.7349484699952882
  landing: 0.07174266499350779
  view-data: 0.2945643929997459
