times:
  edit-metadata: 1.5296145379543304
  landing: 0.02346461173146963
  view-data: 0.12183521222323179
