times:
  edit-metadata: 1.7036222834140062
  landing: 0.3088016174733639
  view-data: 0.44133941270411015
