times:
  edit-metadata: 0.6542140357196331
  landing: 0.05596072506159544
  view-data: 0.2096899515017867
