times:
  edit-metadata: 1.4075240222737193
  landing: 0.9099010275676847
  view-data: 3.361630953848362
