times:
  edit-metadata: 1.642605047672987
  landing: 0.025168728083372116
  view-data: 0.389796300791204
