times:
  edit-metadata: 0.6197605999186635
  landing: 0.048370145028457046
  view-data: 0.24025885004084557
