times:
  edit-metadata: 1.502409715205431
  landing: 0.8409262038767338
  view-data: 3.3822885751724243
