times:
  landing: 0.5465996469999936
  view-data: 0.04748721699999692
