times:
  edit-metadata: 1.1275548338890076
  landing: 0.07353957369923592
  view-data: 0.2983683981001377
