times:
  edit-metadata: 1.6774847153574228
  landing: 0.15667843632400036
  view-data: 0.02363426424562931
