times:
  edit-metadata: 1.00108902156353
  landing: 0.05664203315973282
  view-data: 0.20695237815380096
