times:
  landing: 1.0957130790000065
  view-data: 0.5513612690000116
