times:
  edit-metadata: 1.4702720120549202
  landing: 1.6258265972137451
  view-data: 3.3055002950131893
