times:
  landing: 1.077682943999946
  view-data: 0.553980394000007
