times:
  edit-metadata: 0.6522329049184918
  landing: 0.05380621599033475
  view-data: 0.2109130402095616
