times:
  landing: 0.5515413189999947
  view-data: 0.555266113000016
