times:
  edit-metadata: 1.0681599918752909
  landing: 0.971916563808918
  view-data: 0.3724266476929188
