times:
  landing: 1.077851116999966
  view-data: 0.5740044350000062
