times:
  edit-metadata: 1.5505012013018131
  landing: 0.019113626331090927
  view-data: 0.346487982198596
