times:
  landing: 1.0708844620000093
  view-data: 0.5580133009999884
