times:
  edit-metadata: 1.6041725873947144
  landing: 0.8671665526926517
  view-data: 3.4801523983478546
