times:
  edit-metadata: 1.0107480213046074
  landing: 0.06202872097492218
  view-data: 0.2078452706336975
