times:
  edit-metadata: 2.2616864535957575
  landing: 1.6704585999250412
  view-data: 3.8809515796601772
