times:
  landing: 0.5531917300000089
  view-data: 0.558944887999985
