times:
  landing: 0.5689326250000022
  view-data: 0.5631964010000274
