times:
  edit-metadata: 1.3952874895185232
  landing: 0.8771265763789415
  view-data: 3.412477107718587
