times:
  edit-metadata: 0.9811259219422936
  landing: 0.05307259317487478
  view-data: 0.3087931158952415
