times:
  edit-metadata: 0.6524941432289779
  landing: 0.05184830026701093
  view-data: 0.19992139795795083
