times:
  edit-metadata: 0.5848271301947534
  landing: 0.05285431584343314
  view-data: 0.2072780579328537
