times:
  edit-metadata: 0.6183485980145633
  landing: 0.04847400216385722
  view-data: 0.3502803531009704
