times:
  edit-metadata: 1.456498935003765
  landing: 1.0177482300205156
  view-data: 3.400648652110249
