times:
  edit-metadata: 1.2803336922079325
  landing: 0.6204303372651339
  view-data: 0.6193222813308239
