times:
  edit-metadata: 0.6309786350466311
  landing: 0.05146253504790366
  view-data: 0.2236495241522789
