times:
  edit-metadata: 0.6958832191303372
  landing: 0.061139488127082586
  view-data: 0.2053519282490015
