times:
  edit-metadata: 1.544731336645782
  landing: 0.12412135023623705
  view-data: 0.02503825444728136
