times:
  edit-metadata: 1.4448951687663794
  landing: 0.9419708158820868
  view-data: 3.3842267841100693
