times:
  edit-metadata: 1.1590066459029913
  landing: 0.599798982962966
  view-data: 0.6052841357886791
