times:
  edit-metadata: 1.5505190063267946
  landing: 0.022088076919317245
  view-data: 0.0243096761405468
