times:
  edit-metadata: 0.6378160058520734
  landing: 0.06298968102782965
  view-data: 0.20117766386829317
