times:
  edit-metadata: 1.3454340510070324
  landing: 0.9105547554790974
  view-data: 3.316404227167368
