times:
  edit-metadata: 1.4853188041597605
  landing: 0.7561183553189039
  view-data: 3.375500727444887
