times:
  edit-metadata: 1.579421017318964
  landing: 1.005201730877161
  view-data: 3.3733218796551228
