times:
  edit-metadata: 1.788785932585597
  landing: 0.22511033527553082
  view-data: 0.35200485587120056
