times:
  edit-metadata: 2.288108805194497
  landing: 1.4048067703843117
  view-data: 3.4391872957348824
