times:
  edit-metadata: 0.6693199006840587
  landing: 0.05169796757400036
  view-data: 0.2000217391178012
