times:
  edit-metadata: 1.3993038521148264
  landing: 0.8021047068759799
  view-data: 3.333009832073003
