times:
  edit-metadata: 1.105714239180088
  landing: 0.05826751887798309
  view-data: 0.21936116740107536
