times:
  edit-metadata: 0.8141459128819406
  landing: 0.10428037773817778
  view-data: 0.26402182038873434
