times:
  edit-metadata: 1.0848327744752169
  landing: 0.6277980878949165
  view-data: 0.3514400087296963
