times:
  edit-metadata: 0.6301898574456573
  landing: 0.052577474154531956
  view-data: 0.2096662176772952
