times:
  landing: 1.0781565379999734
  view-data: 0.555881764999981
