times:
  landing: 0.5640996470000346
  view-data: 0.5489150500000051
