times:
  landing: 0.5556095569999968
  view-data: 0.07727136699998027
