times:
  edit-metadata: 1.3166746413335204
  landing: 0.8187018339522183
  view-data: 3.2953963428735733
