times:
  edit-metadata: 0.7309467769227922
  landing: 0.08753165206871927
  view-data: 0.22695017885416746
