times:
  edit-metadata: 1.5604957174509764
  landing: 0.11612767353653908
  view-data: 0.02264180313795805
