times:
  landing: 0.5598355539999886
  view-data: 0.5560514210000065
