times:
  landing: 0.5463064829999951
  view-data: 0.5632575889999885
