times:
  landing: 1.177150336000011
  view-data: 0.5585626090000062
