times:
  edit-metadata: 1.138115892186761
  landing: 0.7764417417347431
  view-data: 0.3132665120065212
