times:
  edit-metadata: 1.419317515566945
  landing: 0.951158668845892
  view-data: 3.319708811119199
