times:
  edit-metadata: 1.7436603419482708
  landing: 1.1134897358715534
  view-data: 3.4615358859300613
