times:
  edit-metadata: 1.629682614468038
  landing: 0.022156220860779285
  view-data: 0.4586272845044732
