times:
  landing: 0.5469769059999976
  view-data: 0.545153163000009
