times:
  edit-metadata: 1.5764914667233825
  landing: 0.12889380007982254
  view-data: 0.025061476975679398
