times:
  edit-metadata: 0.5837725079618394
  landing: 0.054023356176912785
  view-data: 0.19646017299965024
