times:
  edit-metadata: 1.003298006951809
  landing: 0.04669877141714096
  view-data: 0.20320886746048927
