times:
  edit-metadata: 1.5824265200644732
  landing: 0.019173776730895042
  view-data: 0.02281450852751732
