times:
  edit-metadata: 1.4803011156618595
  landing: 0.9602085687220097
  view-data: 3.326747413724661
