times:
  edit-metadata: 1.9096867740154266
  landing: 0.2188493236899376
  view-data: 0.15884441323578358
