times:
  edit-metadata: 1.8072112845256925
  landing: 0.20216119848191738
  view-data: 0.4799526873975992
