times:
  landing: 0.5660925180000049
  view-data: 0.559039413999983
