times:
  edit-metadata: 1.2704981286078691
  landing: 1.111809989437461
  view-data: 0.6239683087915182
