times:
  edit-metadata: 0.5978283719159663
  landing: 0.045335662085562944
  view-data: 0.21996905514970422
