times:
  landing: 1.0803114770000093
  view-data: 0.5682772060000048
