times:
  edit-metadata: 1.5087208598852158
  landing: 0.7930617444217205
  view-data: 3.312266193330288
