times:
  edit-metadata: 1.8435818776488304
  landing: 1.541744314134121
  view-data: 3.378443978726864
