times:
  edit-metadata: 1.5915495231747627
  landing: 0.02312084659934044
  view-data: 0.12738027516752481
