times:
  edit-metadata: 1.2599773276597261
  landing: 0.8387831598520279
  view-data: 0.351250683888793
