times:
  edit-metadata: 1.6065490189939737
  landing: 0.01900698058307171
  view-data: 0.025181449949741364
