times:
  edit-metadata: 1.5987113807350397
  landing: 0.023246170952916145
  view-data: 0.023952102288603783
