times:
  landing: 0.5570102390000216
  view-data: 0.5614264609999964
