times:
  edit-metadata: 1.3521181219257414
  landing: 0.7394856209866703
  view-data: 3.279386508045718
