times:
  edit-metadata: 1.6522787511348724
  landing: 0.20673987828195095
  view-data: 0.3054884597659111
