times:
  edit-metadata: 1.3671265421435237
  landing: 1.0637753237970173
  view-data: 3.323024829849601
