times:
  edit-metadata: 1.4273225478827953
  landing: 0.9225992038846016
  view-data: 3.328747060149908
