times:
  edit-metadata: 1.5073585589416325
  landing: 0.9692252338863909
  view-data: 3.3990149181336164
