times:
  landing: 2.61480536199997
  view-data: 0.5525988480003434
