times:
  edit-metadata: 1.5428698100149632
  landing: 0.018833551555871964
  view-data: 0.027101709507405758
