times:
  landing: 0.550483507000024
  view-data: 0.5542847810000069
