times:
  landing: 0.5549491549999743
  view-data: 0.5684390559999883
