times:
  edit-metadata: 1.8063789699226618
  landing: 0.022966697812080383
  view-data: 0.19344625994563103
