times:
  edit-metadata: 1.510294009000063
  landing: 0.7810932695865631
  view-data: 3.3756312802433968
