times:
  edit-metadata: 1.4431451777927577
  landing: 0.8419026001356542
  view-data: 3.3530878559686244
