times:
  edit-metadata: 1.5034550789278
  landing: 0.8813536979723722
  view-data: 3.3560659079812467
