times:
  edit-metadata: 0.7566244602203369
  landing: 0.05519360210746527
  view-data: 0.3059341940097511
