times:
  edit-metadata: 1.5514297280460596
  landing: 0.7616236694157124
  view-data: 3.374541539698839
