times:
  edit-metadata: 1.70209638774395
  landing: 0.022297730669379234
  view-data: 0.027599746361374855
