times:
  edit-metadata: 1.7109415475279093
  landing: 0.024531176313757896
  view-data: 0.5286117438226938
