times:
  edit-metadata: 0.7133494317531586
  landing: 0.06276792613789439
  view-data: 0.21419526310637593
