times:
  edit-metadata: 1.4780215192586184
  landing: 0.9471469651907682
  view-data: 3.3945773020386696
