times:
  edit-metadata: 0.6865050300002622
  landing: 0.05343719900020005
  view-data: 0.23370220699962374
