times:
  edit-metadata: 0.687122102943249
  landing: 0.04765181301627308
  view-data: 0.21997936198022217
