times:
  edit-metadata: 0.6041246200911701
  landing: 0.06552862422540784
  view-data: 0.20601764926686883
