times:
  edit-metadata: 1.603548789396882
  landing: 0.02487821225076914
  view-data: 0.13748561590909958
