times:
  edit-metadata: 1.3938650274649262
  landing: 0.9421092504635453
  view-data: 3.3538046330213547
