times:
  edit-metadata: 1.8729965519160032
  landing: 1.236087292432785
  view-data: 3.601247484795749
