times:
  edit-metadata: 0.6173575529828668
  landing: 0.05296454485505819
  view-data: 0.20459720771759748
