times:
  edit-metadata: 0.63573209696915
  landing: 0.05348863895051181
  view-data: 0.20008105493616313
