times:
  edit-metadata: 1.4236698877066374
  landing: 0.8207001900300384
  view-data: 3.3252298086881638
