times:
  edit-metadata: 0.5829795547761023
  landing: 0.055683127138763666
  view-data: 0.20656093722209334
