times:
  edit-metadata: 1.119158037006855
  landing: 0.5021461024880409
  view-data: 0.32575483061373234
