times:
  edit-metadata: 1.8974658995866776
  landing: 0.24408036470413208
  view-data: 0.3847997412085533
