times:
  edit-metadata: 1.6540955118834972
  landing: 1.0537008745595813
  view-data: 3.4531550370156765
