times:
  edit-metadata: 0.677658889995655
  landing: 0.05194644199218601
  view-data: 0.26634836800803896
