times:
  edit-metadata: 1.5878828475251794
  landing: 0.019855359569191933
  view-data: 0.09661025274544954
