times:
  edit-metadata: 1.2083387495949864
  landing: 0.8801987078040838
  view-data: 3.3095507519319654
