times:
  landing: 0.5641565049999997
  view-data: 0.06546961300000476
