times:
  edit-metadata: 0.6663148691877723
  landing: 0.06034934613853693
  view-data: 0.21155384927988052
