times:
  edit-metadata: 0.6066296892240644
  landing: 0.052608976140618324
  view-data: 0.21155659295618534
