times:
  landing: 1.1340632140000366
  view-data: 0.5740047450000247
