times:
  edit-metadata: 0.9532612562179565
  landing: 0.7494311891496181
  view-data: 0.25421611219644547
