times:
  edit-metadata: 1.616190567612648
  landing: 1.1891007833182812
  view-data: 3.358163043856621
