times:
  edit-metadata: 2.2805792624130845
  landing: 1.5248438501730561
  view-data: 3.686508017592132
