times:
  edit-metadata: 1.2517931032925844
  landing: 0.6786996703594923
  view-data: 0.6151364911347628
