times:
  landing: 1.0975764470000229
  view-data: 0.5557002109999871
