times:
  edit-metadata: 1.9240940939635038
  landing: 0.024112136103212833
  view-data: 0.5246858773753047
