times:
  landing: 1.6138456559999668
  view-data: 0.5604141910000067
