times:
  landing: 0.5531524759999797
  view-data: 0.567700087999981
