times:
  edit-metadata: 1.546294025145471
  landing: 0.02101195976138115
  view-data: 0.12082578241825104
