times:
  landing: 0.5622518360000015
  view-data: 0.5613539910000043
