times:
  edit-metadata: 0.6668706790078431
  landing: 0.05730746709741652
  view-data: 0.19995194394141436
