times:
  landing: 0.5638332490000266
  view-data: 0.560511393000013
