times:
  landing: 0.5705100339999944
  view-data: 0.5579379740000263
