times:
  edit-metadata: 1.1044896915555
  landing: 0.6177913993597031
  view-data: 0.3285619355738163
