times:
  landing: 0.5457440779999843
  view-data: 0.5587620539999989
