times:
  edit-metadata: 1.5358986472710967
  landing: 0.8852164931595325
  view-data: 3.318053758703172
