times:
  edit-metadata: 1.5410538045689464
  landing: 0.02072660531848669
  view-data: 0.025270539335906506
