times:
  edit-metadata: 1.3238378589740023
  landing: 1.1129600410349667
  view-data: 3.420024325954728
