times:
  edit-metadata: 2.337950217537582
  landing: 1.5207134392112494
  view-data: 3.5443497002124786
