times:
  edit-metadata: 1.6167151387780905
  landing: 0.020151354372501373
  view-data: 0.024826601147651672
