times:
  edit-metadata: 1.4874655390158296
  landing: 0.8015090748667717
  view-data: 3.300486084073782
