times:
  edit-metadata: 1.555450428277254
  landing: 0.020888355560600758
  view-data: 0.11981499940156937
