times:
  landing: 1.076336982999976
  view-data: 0.5552885430000174
