times:
  edit-metadata: 1.5528689688071609
  landing: 0.11498420406132936
  view-data: 0.11610827501863241
