times:
  edit-metadata: 0.6141925730044022
  landing: 0.049271284020505846
  view-data: 0.22844601806718856
