times:
  landing: 1.0724973579999926
  view-data: 0.5496149640000283
