times:
  edit-metadata: 0.6916506090201437
  landing: 0.0473229669732973
  view-data: 0.2244161079870537
