times:
  edit-metadata: 1.2499977517873049
  landing: 0.5853016804903746
  view-data: 0.6073480434715748
