times:
  edit-metadata: 1.5610207859426737
  landing: 0.8693542387336493
  view-data: 3.3623888678848743
