times:
  edit-metadata: 1.4973379485309124
  landing: 1.2034268714487553
  view-data: 3.3271828927099705
