times:
  edit-metadata: 1.5068735927343369
  landing: 0.9949565380811691
  view-data: 3.4523917883634567
