times:
  edit-metadata: 0.7020269529893994
  landing: 0.05889944010414183
  view-data: 0.2071199908386916
