times:
  edit-metadata: 0.5966344168409705
  landing: 0.05641469871625304
  view-data: 0.22886043321341276
