times:
  edit-metadata: 1.228118585422635
  landing: 1.167944010347128
  view-data: 0.4197052475064993
