times:
  edit-metadata: 1.0061224177479744
  landing: 0.05249908193945885
  view-data: 0.20453480631113052
