times:
  edit-metadata: 0.6593595212325454
  landing: 0.061053147073835135
  view-data: 0.19680107524618506
