times:
  landing: 1.1093843040000024
  view-data: 0.5592734709999831
