times:
  edit-metadata: 1.4770914930850267
  landing: 0.8334049340337515
  view-data: 3.4171654656529427
