times:
  edit-metadata: 0.6917553360108286
  landing: 0.04837576800491661
  view-data: 0.2330595130333677
