times:
  landing: 1.6824468160000379
  view-data: 0.565206561000025
