times:
  landing: 1.0754962460000002
  view-data: 0.5720435530000145
