times:
  edit-metadata: 0.7169771869666874
  landing: 0.0645522999111563
  view-data: 0.2313813811633736
