times:
  edit-metadata: 1.5189012484624982
  landing: 0.02155311219394207
  view-data: 0.11798153165727854
