times:
  edit-metadata: 1.6584675358608365
  landing: 0.02167743258178234
  view-data: 0.025332344695925713
