times:
  edit-metadata: 1.565629261545837
  landing: 0.0221535200253129
  view-data: 0.405374014750123
