times:
  edit-metadata: 1.4931958438828588
  landing: 0.021230867132544518
  view-data: 0.1185441492125392
