times:
  edit-metadata: 0.6377071170136333
  landing: 0.060323350015096366
  view-data: 0.19938930997159332
