times:
  edit-metadata: 1.5359510816633701
  landing: 0.9167408496141434
  view-data: 3.4426831752061844
