times:
  edit-metadata: 0.9519131276756525
  landing: 0.5781686007976532
  view-data: 0.609148483723402
