times:
  edit-metadata: 0.5829931399784982
  landing: 0.057546588126569986
  view-data: 0.20668391091749072
