times:
  edit-metadata: 1.2772757485508919
  landing: 1.1854352913796902
  view-data: 0.6095573101192713
