times:
  edit-metadata: 1.791851544752717
  landing: 0.20309441350400448
  view-data: 0.15035714022815228
