times:
  edit-metadata: 1.756121824029833
  landing: 1.097391793038696
  view-data: 3.2534206870477647
