times:
  edit-metadata: 1.4955954402685165
  landing: 0.9324526004493237
  view-data: 3.3714913576841354
