times:
  edit-metadata: 1.5516946818679571
  landing: 0.8361719325184822
  view-data: 3.3930788598954678
