times:
  edit-metadata: 0.6384852160699666
  landing: 0.054949261946603656
  view-data: 0.203132992843166
