times:
  edit-metadata: 1.7467518709599972
  landing: 0.022683316841721535
  view-data: 0.02559787780046463
