times:
  edit-metadata: 0.9134588111191988
  landing: 0.6022166684269905
  view-data: 0.22590377554297447
