times:
  edit-metadata: 1.5103314388543367
  landing: 0.7807800658047199
  view-data: 3.4036998748779297
