times:
  edit-metadata: 1.5355771835893393
  landing: 0.021366643719375134
  view-data: 0.12299069296568632
