times:
  edit-metadata: 0.6426500757224858
  landing: 0.05324885295704007
  view-data: 0.20608626771718264
