times:
  edit-metadata: 1.0117524850002155
  landing: 0.05825521699989622
  view-data: 0.2069783480001206
