times:
  edit-metadata: 3.9429528079926968
  landing: 2.0255579948425293
  view-data: 4.091286689043045
