times:
  edit-metadata: 2.0090270303189754
  landing: 1.3006969541311264
  view-data: 3.238417025655508
