times:
  edit-metadata: 0.6168938858900219
  landing: 0.10668045398779213
  view-data: 0.35959808016195893
