times:
  edit-metadata: 1.4192514764145017
  landing: 0.8689425177872181
  view-data: 3.3500763215124607
