times:
  edit-metadata: 0.6176866970490664
  landing: 0.04996100510470569
  view-data: 0.21592134283855557
