times:
  landing: 1.0876756640000167
  view-data: 0.5889653250000038
