times:
  edit-metadata: 1.655562661588192
  landing: 0.9966911897063255
  view-data: 3.372845960780978
