times:
  edit-metadata: 0.6521845059469342
  landing: 0.05353090004064143
  view-data: 0.20144227612763643
