times:
  edit-metadata: 1.1507483646273613
  landing: 0.7645906321704388
  view-data: 0.21875469386577606
