times:
  edit-metadata: 1.5462537035346031
  landing: 0.021775261498987675
  view-data: 0.11819000449031591
