times:
  edit-metadata: 1.796833273023367
  landing: 0.02310159243643284
  view-data: 0.40816256776452065
