times:
  edit-metadata: 0.728676444850862
  landing: 0.06312166806310415
  view-data: 0.21436066273599863
