times:
  edit-metadata: 1.5876523330807686
  landing: 1.0165384151041508
  view-data: 3.3859641328454018
