times:
  edit-metadata: 1.4289156273007393
  landing: 0.9027021192014217
  view-data: 3.3952610976994038
