times:
  edit-metadata: 1.6283408012241125
  landing: 0.024399299174547195
  view-data: 0.34402549639344215
