times:
  edit-metadata: 1.385628655552864
  landing: 0.96158791705966
  view-data: 3.332258488982916
