times:
  edit-metadata: 0.9560234490782022
  landing: 0.6654675845056772
  view-data: 0.23052928596735
