times:
  landing: 2.2328950720839202
  view-data: 0.03242896590381861
