times:
  edit-metadata: 0.9983006156980991
  landing: 0.05473330616950989
  view-data: 0.20193401351571083
