times:
  edit-metadata: 0.6750024559441954
  landing: 0.06043436494655907
  view-data: 0.27619120001327246
