times:
  edit-metadata: 1.1048143859952688
  landing: 0.14052052097395062
  view-data: 0.29078699089586735
