times:
  edit-metadata: 1.4244777262210846
  landing: 0.7144274460151792
  view-data: 3.2819944228976965
