times:
  edit-metadata: 1.5794268194586039
  landing: 0.12499462813138962
  view-data: 0.02628229558467865
