times:
  edit-metadata: 1.4350041598081589
  landing: 0.920285239815712
  view-data: 3.4603405818343163
