times:
  edit-metadata: 1.0657523907721043
  landing: 0.058218393474817276
  view-data: 0.2049560435116291
