times:
  edit-metadata: 1.5893881572410464
  landing: 0.9628828829154372
  view-data: 3.3550782119855285
