times:
  edit-metadata: 1.6319421883672476
  landing: 0.02126576378941536
  view-data: 0.11824755743145943
