times:
  edit-metadata: 1.316176313906908
  landing: 1.0599403344094753
  view-data: 3.3636422529816628
