times:
  edit-metadata: 1.562207056209445
  landing: 0.02256356831640005
  view-data: 0.02719093021005392
