times:
  edit-metadata: 0.599457788746804
  landing: 0.057025386951863766
  view-data: 0.20037102233618498
