times:
  edit-metadata: 1.4853035677224398
  landing: 0.020019222050905228
  view-data: 0.02856895700097084
