times:
  landing: 0.5544763270000033
  view-data: 0.5525372500000003
