times:
  edit-metadata: 1.4242306291125715
  landing: 0.8873950401321054
  view-data: 3.3878367957659066
