times:
  landing: 0.5656932070000096
  view-data: 0.5619184560000008
