times:
  landing: 0.5561627200000032
  view-data: 0.5479773070000249
