times:
  edit-metadata: 1.183101687580347
  landing: 0.7044196464121342
  view-data: 0.2069440595805645
