times:
  edit-metadata: 1.4861917197704315
  landing: 0.821184927597642
  view-data: 3.391810918226838
