times:
  landing: 0.5733308580000198
  view-data: 0.5608231740000065
