times:
  landing: 0.559203685
  view-data: 0.5649301530000059
