times:
  edit-metadata: 1.565928764641285
  landing: 1.100076049566269
  view-data: 3.525187896564603
