times:
  edit-metadata: 1.5540782287716866
  landing: 0.021455397829413414
  view-data: 0.023374484851956367
