times:
  edit-metadata: 0.8619511071592569
  landing: 0.0454591759480536
  view-data: 0.22943084686994553
