times:
  edit-metadata: 1.619315767660737
  landing: 0.019029125571250916
  view-data: 0.38468952290713787
