times:
  edit-metadata: 2.0540426410734653
  landing: 1.4269181936979294
  view-data: 3.3335224986076355
