times:
  edit-metadata: 0.9299587793648243
  landing: 0.8062054831534624
  view-data: 0.3098662719130516
