times:
  edit-metadata: 2.525719630997628
  landing: 1.3756317379884422
  view-data: 3.3718277337029576
