times:
  edit-metadata: 0.6636441559530795
  landing: 0.061763702891767025
  view-data: 0.19900578586384654
