times:
  landing: 0.5609971879999875
  view-data: 0.5610361100000034
