times:
  edit-metadata: 1.7786961123347282
  landing: 0.27589864283800125
  view-data: 0.3129896465688944
