times:
  edit-metadata: 1.14710365049541
  landing: 0.5493052862584591
  view-data: 0.24863554537296295
