times:
  edit-metadata: 0.6553770760074258
  landing: 0.05373206501826644
  view-data: 0.20184992905706167
