times:
  landing: 0.5487527919999593
  view-data: 0.55477156500001
