times:
  edit-metadata: 1.5755216591060162
  landing: 1.1098031550645828
  view-data: 3.3411177583038807
