times:
  edit-metadata: 1.58783857524395
  landing: 0.025510922074317932
  view-data: 0.02556188777089119
