times:
  edit-metadata: 0.6605470350477844
  landing: 0.05968657601624727
  view-data: 0.20926238503307104
