times:
  landing: 1.0732416080000462
  view-data: 0.10596994499996981
