times:
  landing: 0.5496285618282855
  view-data: 0.5785057530738413
