times:
  landing: 1.0835769899999832
  view-data: 0.5579159140000058
