times:
  landing: 1.0683207010000046
  view-data: 0.5587681389999943
