times:
  edit-metadata: 0.6376715111546218
  landing: 0.05356809217482805
  view-data: 0.35844710981473327
