times:
  edit-metadata: 0.6315544149838388
  landing: 0.06314096300047822
  view-data: 0.2022872829984408
