times:
  edit-metadata: 1.5831722235307097
  landing: 0.021315690129995346
  view-data: 0.43796420097351074
