times:
  edit-metadata: 1.5503565818071365
  landing: 0.8394744694232941
  view-data: 3.445202559232712
