times:
  edit-metadata: 1.4792997930198908
  landing: 0.8073343671858311
  view-data: 3.357624437659979
