times:
  edit-metadata: 1.5201419554650784
  landing: 0.8360927756875753
  view-data: 3.3329496551305056
