times:
  edit-metadata: 0.6439730199053884
  landing: 0.05213763192296028
  view-data: 0.1983566777780652
