times:
  edit-metadata: 1.4316750261932611
  landing: 0.862894949503243
  view-data: 3.4753010869026184
