times:
  edit-metadata: 1.956047035753727
  landing: 1.0217547714710236
  view-data: 3.7718870379030704
