times:
  landing: 1.114218778999998
  view-data: 0.5620149709999964
