times:
  edit-metadata: 0.8954104352742434
  landing: 1.4934330713003874
  view-data: 0.49022532626986504
