times:
  edit-metadata: 1.1621738839894533
  landing: 0.5403858013451099
  view-data: 0.31635046750307083
