times:
  landing: 0.5765749919999905
  view-data: 0.5552465629999972
