times:
  landing: 0.5549076699999773
  view-data: 0.5623219320000317
