times:
  edit-metadata: 1.5797900278121233
  landing: 0.21647220384329557
  view-data: 0.026596073992550373
