times:
  edit-metadata: 0.6235503861680627
  landing: 0.08543036109767854
  view-data: 0.2000810408499092
