times:
  edit-metadata: 1.273688293993473
  landing: 0.5783919971436262
  view-data: 0.621895806863904
