times:
  edit-metadata: 1.3867186810821295
  landing: 0.8596942669246346
  view-data: 3.4092208018992096
