times:
  landing: 0.5709216389999767
  view-data: 0.5946447489999969
