times:
  edit-metadata: 0.624036539811641
  landing: 0.06393438205122948
  view-data: 0.203613115940243
