times:
  edit-metadata: 1.3780879192054272
  landing: 0.9766675718128681
  view-data: 3.2527991980314255
