times:
  edit-metadata: 0.6538966330699623
  landing: 0.06290503987111151
  view-data: 0.20134488004259765
