times:
  landing: 0.5592515630000321
  view-data: 0.5625770800000396
