times:
  edit-metadata: 1.2362655028700829
  landing: 1.208532502874732
  view-data: 0.6227507013827562
