times:
  edit-metadata: 1.100906502455473
  landing: 0.052677033469080925
  view-data: 0.27249183133244514
