times:
  edit-metadata: 1.5047088712453842
  landing: 0.8165173884481192
  view-data: 3.361656915396452
