times:
  landing: 1.0243140010000218
  view-data: 0.5692282560000024
