times:
  edit-metadata: 1.4782024249434471
  landing: 0.815788246691227
  view-data: 3.3918911032378674
