times:
  edit-metadata: 1.8629501890391111
  landing: 0.3359009623527527
  view-data: 0.5567198041826487
