times:
  edit-metadata: 1.4908704720437527
  landing: 0.12063013017177582
  view-data: 0.21081598475575447
