times:
  edit-metadata: 1.0255705043673515
  landing: 0.0516575463116169
  view-data: 0.2149675264954567
