times:
  edit-metadata: 1.6061508171260357
  landing: 0.024182267487049103
  view-data: 0.030275704339146614
