times:
  edit-metadata: 1.9526724740862846
  landing: 0.35496272426098585
  view-data: 0.5845214417204261
