times:
  edit-metadata: 0.6223410640086513
  landing: 0.05505179302417673
  view-data: 0.2031072500103619
