times:
  edit-metadata: 1.2525884713977575
  landing: 0.5765531696379185
  view-data: 0.6259393040090799
