times:
  edit-metadata: 1.5257136039435863
  landing: 0.9749490506947041
  view-data: 3.311273768544197
