times:
  edit-metadata: 1.0835943911224604
  landing: 0.6955116279423237
  view-data: 0.32683501951396465
