times:
  landing: 1.0802530690000367
  view-data: 0.6451197099999035
