times:
  edit-metadata: 1.005285833030939
  landing: 0.05765603110194206
  view-data: 0.21167531982064247
