times:
  edit-metadata: 1.5651646563783288
  landing: 0.16473824996501207
  view-data: 0.023817858658730984
