times:
  edit-metadata: 1.335281701060012
  landing: 0.9602963569341227
  view-data: 3.348122494062409
