times:
  edit-metadata: 1.5032683163881302
  landing: 0.8052943078801036
  view-data: 3.3475702051073313
