times:
  landing: 0.5717368639999449
  view-data: 0.5547068329999547
