times:
  edit-metadata: 1.1529739908874035
  landing: 0.8390393685549498
  view-data: 0.23358142748475075
