times:
  edit-metadata: 1.2658227160573006
  landing: 1.1372303012758493
  view-data: 0.6244090143591166
