times:
  edit-metadata: 1.568044725805521
  landing: 0.020486815832555294
  view-data: 0.02266751602292061
