times:
  landing: 1.1321907829999986
  view-data: 0.5609273510000037
