times:
  edit-metadata: 1.0136572490009712
  landing: 0.05488130199955776
  view-data: 0.20098146000236738
