times:
  edit-metadata: 1.5333363907411695
  landing: 0.11856819689273834
  view-data: 0.4194965520873666
