times:
  edit-metadata: 1.346696062013507
  landing: 0.8452426623553038
  view-data: 3.3453441951423883
