times:
  landing: 0.5641250089998948
  view-data: 0.552324356999975
