times:
  edit-metadata: 1.7607179507613182
  landing: 0.23034531250596046
  view-data: 0.15040763281285763
