times:
  edit-metadata: 1.0274041295051575
  landing: 0.049626145511865616
  view-data: 0.21268102154135704
