times:
  edit-metadata: 0.6058407500386238
  landing: 0.04904157994315028
  view-data: 0.21615926688537002
