times:
  edit-metadata: 1.4895444363355637
  landing: 0.01911977306008339
  view-data: 0.09672937542200089
