times:
  edit-metadata: 1.5677028112113476
  landing: 0.11097254790365696
  view-data: 0.45485537499189377
