times:
  edit-metadata: 1.5190804488956928
  landing: 0.9486854188144207
  view-data: 3.3773196563124657
