times:
  edit-metadata: 1.5003350749611855
  landing: 0.8817504942417145
  view-data: 3.3170155696570873
