times:
  edit-metadata: 0.8034578659571707
  landing: 0.051468552090227604
  view-data: 0.3525632289238274
