times:
  edit-metadata: 1.5275024306029081
  landing: 0.8019684739410877
  view-data: 3.43460476398468
