times:
  edit-metadata: 0.6321119630010799
  landing: 0.05127138298121281
  view-data: 0.19864957200479694
