times:
  landing: 0.6130491139999776
  view-data: 0.5615878399999872
