times:
  landing: 0.5685814359999313
  view-data: 0.5548855929999945
