times:
  edit-metadata: 1.5236820140853524
  landing: 0.15048659313470125
  view-data: 0.1407564850524068
