times:
  edit-metadata: 0.6380890589207411
  landing: 0.04851367906667292
  view-data: 0.2645915381144732
