times:
  edit-metadata: 0.6402125640306622
  landing: 0.06537573086097836
  view-data: 0.20001745503395796
