times:
  edit-metadata: 0.6068227930227295
  landing: 0.05247660295572132
  view-data: 0.21728243201505393
