times:
  edit-metadata: 1.7097332086414099
  landing: 0.22816596925258636
  view-data: 0.46660501044243574
