times:
  edit-metadata: 1.5031529972329736
  landing: 0.022403468377888203
  view-data: 0.11351388692855835
