times:
  landing: 0.5620785260000218
  view-data: 0.07534432299999594
