times:
  edit-metadata: 0.7485826858319342
  landing: 0.04960502311587334
  view-data: 0.35750567680224776
