times:
  edit-metadata: 1.5142401810735464
  landing: 0.792238961905241
  view-data: 3.4134408086538315
