times:
  edit-metadata: 1.5036610662937164
  landing: 1.0460334792733192
  view-data: 3.376424476504326
