times:
  edit-metadata: 1.5101735442876816
  landing: 0.8881888389587402
  view-data: 3.3097312226891518
