times:
  edit-metadata: 1.3994856849312782
  landing: 0.838008426129818
  view-data: 3.478969484567642
