times:
  edit-metadata: 1.226727433502674
  landing: 1.0218572616577148
  view-data: 3.3020836487412453
