times:
  edit-metadata: 1.4334030374884605
  landing: 0.8507047109305859
  view-data: 3.591553032398224
