times:
  edit-metadata: 1.5331574939191341
  landing: 0.8518425039947033
  view-data: 3.328086517751217
