times:
  edit-metadata: 1.386474683880806
  landing: 0.8862552791833878
  view-data: 3.4675475880503654
