times:
  edit-metadata: 1.4284608028829098
  landing: 0.9044937081634998
  view-data: 3.3404160626232624
