times:
  edit-metadata: 1.3131230250000954
  landing: 0.8055773973464966
  view-data: 3.4585065096616745
