times:
  edit-metadata: 1.2459411025047302
  landing: 0.8260543644428253
  view-data: 3.460228957235813
