times:
  edit-metadata: 1.9031530693173409
  landing: 1.2935689240694046
  view-data: 3.573345646262169
