times:
  edit-metadata: 1.206216849386692
  landing: 0.9300052300095558
  view-data: 3.3408636897802353
