times:
  edit-metadata: 1.444756768643856
  landing: 0.9239647909998894
  view-data: 3.5041076317429543
