times:
  edit-metadata: 1.6229167692363262
  landing: 1.0310342386364937
  view-data: 3.3779054917395115
