times:
  edit-metadata: 1.7058849893510342
  landing: 1.1700071804225445
  view-data: 3.3129529170691967
