times:
  edit-metadata: 1.9524089395999908
  landing: 0.8834566324949265
  view-data: 3.7765695974230766
