times:
  edit-metadata: 1.1647422462701797
  landing: 0.8317116945981979
  view-data: 3.3510458171367645
