times:
  edit-metadata: 1.8125466965138912
  landing: 1.0758116655051708
  view-data: 3.3941251039505005
