times:
  edit-metadata: 1.2434803694486618
  landing: 0.7950914055109024
  view-data: 3.289263390004635
