times:
  edit-metadata: 1.3484117910265923
  landing: 0.8421189561486244
  view-data: 3.3711868450045586
