times:
  edit-metadata: 1.3891968056559563
  landing: 0.9029733464121819
  view-data: 3.29045657068491
