times:
  edit-metadata: 1.2539828345179558
  landing: 0.8494276329874992
  view-data: 3.3525153435766697
