times:
  edit-metadata: 1.5408729799091816
  landing: 0.9979306608438492
  view-data: 3.3639776557683945
