times:
  edit-metadata: 1.4290421530604362
  landing: 0.9527460932731628
  view-data: 3.337937332689762
