times:
  edit-metadata: 1.528127983212471
  landing: 0.9468391835689545
  view-data: 3.3450339660048485
