times:
  edit-metadata: 1.5125226266682148
  landing: 0.9206600151956081
  view-data: 3.3127506375312805
