times:
  edit-metadata: 1.356085006147623
  landing: 0.8219437450170517
  view-data: 3.592946868389845
