times:
  edit-metadata: 1.3817012161016464
  landing: 0.7955826669931412
  view-data: 3.4401023238897324
