times:
  edit-metadata: 1.1569716930389404
  landing: 0.8077574968338013
  view-data: 3.8095910102128983
