times:
  edit-metadata: 1.343280740082264
  landing: 0.822228342294693
  view-data: 3.4835444688796997
