times:
  edit-metadata: 1.2504756227135658
  landing: 0.8003885298967361
  view-data: 3.2733399122953415
