times:
  edit-metadata: 1.257300928235054
  landing: 0.9020931385457516
  view-data: 3.316445030272007
