times:
  edit-metadata: 1.400862641632557
  landing: 0.8793665841221809
  view-data: 3.4280327409505844
