times:
  edit-metadata: 1.402322731912136
  landing: 0.8498852476477623
  view-data: 3.390096127986908
