times:
  edit-metadata: 1.4364443756639957
  landing: 0.8110319226980209
  view-data: 3.308591078966856
