times:
  edit-metadata: 1.4120152369141579
  landing: 0.8283575400710106
  view-data: 3.350662112236023
