times:
  edit-metadata: 1.3546666353940964
  landing: 0.8325354903936386
  view-data: 3.2778781354427338
