times:
  edit-metadata: 1.8545380607247353
  landing: 1.083708018064499
  view-data: 3.407721169292927
