times:
  edit-metadata: 1.2680723518133163
  landing: 0.8893251828849316
  view-data: 3.358800735324621
