times:
  edit-metadata: 1.424732767045498
  landing: 0.9882199540734291
  view-data: 3.4441954270005226
