times:
  edit-metadata: 1.314069077372551
  landing: 1.010999895632267
  view-data: 3.351900927722454
