times:
  edit-metadata: 1.4255108162760735
  landing: 0.9114065766334534
  view-data: 3.318498384207487
