times:
  edit-metadata: 1.42767633497715
  landing: 0.8893080428242683
  view-data: 3.4905776530504227
