times:
  edit-metadata: 1.306838158518076
  landing: 0.7873924635350704
  view-data: 3.2534973211586475
