times:
  edit-metadata: 1.381119966506958
  landing: 1.124554581940174
  view-data: 3.4105217903852463
