times:
  edit-metadata: 1.3043890073895454
  landing: 0.8143293112516403
  view-data: 3.2982174418866634
