times:
  edit-metadata: 1.4108436405658722
  landing: 0.9908900260925293
  view-data: 3.469260022044182
