times:
  edit-metadata: 1.3611246421933174
  landing: 0.8082516565918922
  view-data: 3.690504990518093
