times:
  edit-metadata: 1.3271899595856667
  landing: 0.9009484350681305
  view-data: 3.306280978024006
