times:
  edit-metadata: 1.2623799741268158
  landing: 0.8553849048912525
  view-data: 3.340084232389927
