times:
  edit-metadata: 1.5339982137084007
  landing: 0.8487190529704094
  view-data: 3.3553057350218296
