times:
  edit-metadata: 1.460236243903637
  landing: 0.9642013609409332
  view-data: 3.5039880573749542
