times:
  edit-metadata: 1.517595387995243
  landing: 0.9720088467001915
  view-data: 3.4722600132226944
