times:
  edit-metadata: 1.7597811371088028
  landing: 1.0502678006887436
  view-data: 3.4532885141670704
