times:
  edit-metadata: 1.647188887000084
  landing: 1.0726987794041634
  view-data: 3.2949467971920967
