times:
  edit-metadata: 1.4636117480695248
  landing: 0.9706510752439499
  view-data: 3.313070062547922
