times:
  edit-metadata: 1.3760652132332325
  landing: 0.8105382546782494
  view-data: 3.346669264137745
