times:
  edit-metadata: 1.3801136761903763
  landing: 0.7812930196523666
  view-data: 3.3527151867747307
