times:
  edit-metadata: 1.4810096472501755
  landing: 0.9689009040594101
  view-data: 3.4394632056355476
