times:
  edit-metadata: 1.4060841649770737
  landing: 0.9041498154401779
  view-data: 3.4545322582125664
