times:
  edit-metadata: 1.437992174178362
  landing: 0.8990036211907864
  view-data: 3.3108584731817245
