times:
  edit-metadata: 1.3027940094470978
  landing: 0.846442848443985
  view-data: 3.297127440571785
