times:
  edit-metadata: 1.4722389951348305
  landing: 1.0446021631360054
  view-data: 3.4761288091540337
