times:
  edit-metadata: 2.0664547830820084
  landing: 1.1843490973114967
  view-data: 3.4686765894293785
