times:
  edit-metadata: 1.4064204469323158
  landing: 0.8122728578746319
  view-data: 3.294107399880886
