times:
  edit-metadata: 2.239229951053858
  landing: 1.5689806006848812
  view-data: 3.431457106024027
