times:
  edit-metadata: 1.4911254793405533
  landing: 0.858557902276516
  view-data: 3.306743137538433
