times:
  edit-metadata: 1.366159327328205
  landing: 0.8459805175662041
  view-data: 3.3597168400883675
