times:
  edit-metadata: 1.830269806087017
  landing: 1.2135925740003586
  view-data: 3.644152618944645
