times:
  edit-metadata: 1.4986731112003326
  landing: 0.883925311267376
  view-data: 3.4075289517641068
