times:
  edit-metadata: 1.3519864156842232
  landing: 0.8756358772516251
  view-data: 3.451602205634117
