times:
  edit-metadata: 1.4411881640553474
  landing: 0.9714810028672218
  view-data: 3.517188400030136
