times:
  edit-metadata: 1.320214580744505
  landing: 0.8286116570234299
  view-data: 3.5283598341047764
