times:
  edit-metadata: 1.3782227486371994
  landing: 0.9837695881724358
  view-data: 3.3881825283169746
