times:
  edit-metadata: 1.1742726042866707
  landing: 0.834513932466507
  view-data: 3.3402648493647575
