times:
  edit-metadata: 1.7384699061512947
  landing: 0.9242147952318192
  view-data: 3.456506833434105
