times:
  edit-metadata: 1.3249153047800064
  landing: 0.7767957150936127
  view-data: 3.347276948392391
