times:
  edit-metadata: 1.6092813685536385
  landing: 1.0462795794010162
  view-data: 3.474714495241642
