times:
  edit-metadata: 1.4478820711374283
  landing: 0.9335581064224243
  view-data: 3.5582563430070877
