times:
  edit-metadata: 1.1946819573640823
  landing: 0.8815935738384724
  view-data: 3.318239890038967
