times:
  edit-metadata: 1.560125295072794
  landing: 1.1723599694669247
  view-data: 3.3256687335669994
