times:
  edit-metadata: 1.422300547361374
  landing: 0.8101999834179878
  view-data: 3.3863771334290504
