times:
  edit-metadata: 1.7763110101222992
  landing: 1.39446110278368
  view-data: 3.693884566426277
