times:
  edit-metadata: 1.401380218565464
  landing: 0.985277384519577
  view-data: 3.384673684835434
