times:
  edit-metadata: 1.4580704346299171
  landing: 1.0126800313591957
  view-data: 3.3143488466739655
