times:
  edit-metadata: 1.2395436689257622
  landing: 0.7979776114225388
  view-data: 3.330619588494301
