times:
  edit-metadata: 1.3807642608880997
  landing: 0.9884330853819847
  view-data: 3.3397133834660053
