times:
  edit-metadata: 1.1518439650535583
  landing: 0.8893352150917053
  view-data: 3.2919731363654137
