times:
  edit-metadata: 1.4974215775728226
  landing: 0.8449101597070694
  view-data: 3.56170966476202
