times:
  edit-metadata: 1.1746605932712555
  landing: 0.8778245151042938
  view-data: 3.3640497028827667
