times:
  edit-metadata: 1.3714563474059105
  landing: 0.9349466115236282
  view-data: 3.359196752309799
