times:
  edit-metadata: 1.3619299083948135
  landing: 0.9645615443587303
  view-data: 3.35162241011858
