times:
  edit-metadata: 1.5072124749422073
  landing: 0.8424281477928162
  view-data: 3.4716704338788986
