times:
  edit-metadata: 1.4002812877297401
  landing: 0.8747944682836533
  view-data: 3.4108472168445587
