times:
  edit-metadata: 1.5388418659567833
  landing: 0.8983662016689777
  view-data: 3.5941597558557987
