times:
  edit-metadata: 1.4730662368237972
  landing: 0.9046536162495613
  view-data: 3.5657859817147255
