times:
  edit-metadata: 1.368769884109497
  landing: 0.782596655189991
  view-data: 3.352882958948612
