times:
  edit-metadata: 1.423033732920885
  landing: 0.8853340707719326
  view-data: 3.2591154538094997
