times:
  edit-metadata: 1.5373106226325035
  landing: 0.8850367590785027
  view-data: 3.5924615785479546
