times:
  edit-metadata: 1.4125680103898048
  landing: 0.9045209214091301
  view-data: 3.4445283859968185
