times:
  edit-metadata: 1.410471472889185
  landing: 0.8376854546368122
  view-data: 3.2588912323117256
