times:
  edit-metadata: 2.180008441209793
  landing: 1.4560959711670876
  view-data: 3.528696782886982
