times:
  edit-metadata: 3.8279220648109913
  landing: 1.1633366011083126
  view-data: 4.311647158116102
