times:
  edit-metadata: 1.5636244043707848
  landing: 0.9626989886164665
  view-data: 3.338270403444767
