times:
  edit-metadata: 1.8079760298132896
  landing: 0.7842316217720509
  view-data: 3.267987210303545
