times:
  edit-metadata: 1.4650536254048347
  landing: 0.9491654857993126
  view-data: 3.4803420454263687
