times:
  edit-metadata: 1.4623009264469147
  landing: 0.8888692185282707
  view-data: 3.361059132963419
