times:
  edit-metadata: 1.1965260654687881
  landing: 0.9356618821620941
  view-data: 3.442590966820717
