times:
  edit-metadata: 1.8601889908313751
  landing: 1.0501458495855331
  view-data: 3.4501934498548508
