times:
  edit-metadata: 1.4773656912147999
  landing: 0.9264873676002026
  view-data: 3.2922008223831654
