times:
  edit-metadata: 3.008111122995615
  landing: 1.3010012544691563
  view-data: 3.320005062967539
