times:
  edit-metadata: 1.4185994938015938
  landing: 0.8364594280719757
  view-data: 3.4662571474909782
