times:
  edit-metadata: 1.3417535871267319
  landing: 0.8331602811813354
  view-data: 3.4045748859643936
