times:
  edit-metadata: 1.774297371506691
  landing: 1.0721292570233345
  view-data: 3.385750286281109
