times:
  edit-metadata: 1.4197500720620155
  landing: 0.9290966242551804
  view-data: 3.4551180601119995
