times:
  edit-metadata: 3.8683583959937096
  landing: 1.6947299167513847
  view-data: 3.580327246338129
