times:
  edit-metadata: 1.4942799657583237
  landing: 0.7688269689679146
  view-data: 3.553442060947418
