times:
  edit-metadata: 1.2578982040286064
  landing: 1.1053502634167671
  view-data: 3.2900948636233807
