times:
  edit-metadata: 1.2774244584143162
  landing: 0.8644487969577312
  view-data: 3.3462136201560497
