times:
  edit-metadata: 1.336010217666626
  landing: 0.8475237414240837
  view-data: 3.3517946675419807
