times:
  edit-metadata: 1.4126551002264023
  landing: 0.8087830990552902
  view-data: 3.6696186885237694
