times:
  edit-metadata: 1.4591696932911873
  landing: 0.8588536754250526
  view-data: 3.3401647582650185
