times:
  edit-metadata: 1.505502037703991
  landing: 0.8476561605930328
  view-data: 3.4281970113515854
