times:
  edit-metadata: 2.081526979804039
  landing: 0.921845830976963
  view-data: 3.352804183959961
