times:
  edit-metadata: 1.4314913898706436
  landing: 0.8450562655925751
  view-data: 3.3253458216786385
