times:
  edit-metadata: 1.4996874183416367
  landing: 0.9569624476134777
  view-data: 3.3253327682614326
