times:
  edit-metadata: 2.1634432822465897
  landing: 1.5176024734973907
  view-data: 3.489618606865406
