times:
  edit-metadata: 1.2932718396186829
  landing: 0.8409948199987411
  view-data: 3.537105694413185
