times:
  edit-metadata: 1.2522448785603046
  landing: 0.8358312919735909
  view-data: 3.3553056307137012
