times:
  edit-metadata: 1.2533985152840614
  landing: 0.8907293677330017
  view-data: 3.5791443213820457
