times:
  edit-metadata: 1.4216708801686764
  landing: 0.8513642884790897
  view-data: 3.3117856569588184
