times:
  edit-metadata: 1.666208989918232
  landing: 0.8834427073597908
  view-data: 3.6869755163788795
