times:
  edit-metadata: 1.5292758345603943
  landing: 0.9907831475138664
  view-data: 3.452028863132
