times:
  edit-metadata: 1.5129674524068832
  landing: 0.9363793060183525
  view-data: 3.3892403319478035
