times:
  edit-metadata: 1.5009787641465664
  landing: 0.8360322415828705
  view-data: 3.2988053001463413
