times:
  edit-metadata: 1.470453642308712
  landing: 0.8673500940203667
  view-data: 3.3576600551605225
