times:
  edit-metadata: 1.4025168418884277
  landing: 0.9370267316699028
  view-data: 3.5983520224690437
