times:
  edit-metadata: 1.3769016675651073
  landing: 0.9350413233041763
  view-data: 3.305758446455002
