times:
  edit-metadata: 1.461688444018364
  landing: 0.7891132608056068
  view-data: 3.5125492438673973
