times:
  edit-metadata: 1.3528023064136505
  landing: 0.9248856157064438
  view-data: 3.4170780032873154
