times:
  edit-metadata: 2.1590194553136826
  landing: 1.2184943035244942
  view-data: 3.5476337671279907
