times:
  edit-metadata: 2.8613858968019485
  landing: 1.6185882538557053
  view-data: 4.29682956635952
