times:
  edit-metadata: 1.8850248232483864
  landing: 0.92240010201931
  view-data: 3.637265771627426
