times:
  edit-metadata: 1.4082083404064178
  landing: 1.1600760966539383
  view-data: 3.496573656797409
