times:
  edit-metadata: 1.2950080782175064
  landing: 0.813905343413353
  view-data: 3.3701581805944443
