times:
  edit-metadata: 1.4215019419789314
  landing: 0.9585889875888824
  view-data: 3.4416548758745193
