times:
  edit-metadata: 1.3541256710886955
  landing: 0.8383176624774933
  view-data: 3.3738986179232597
