times:
  edit-metadata: 1.3971139416098595
  landing: 0.9119166880846024
  view-data: 3.399093270301819
