times:
  edit-metadata: 1.5339831337332726
  landing: 0.755950964987278
  view-data: 3.3341809138655663
