times:
  edit-metadata: 2.0730269327759743
  landing: 1.3558001294732094
  view-data: 3.3930253088474274
