times:
  edit-metadata: 1.3560438305139542
  landing: 0.8548700138926506
  view-data: 3.4824599251151085
