times:
  edit-metadata: 1.479990266263485
  landing: 0.7590615153312683
  view-data: 3.501209445297718
