times:
  edit-metadata: 2.2195812463760376
  landing: 1.3562596812844276
  view-data: 3.7551603615283966
