times:
  edit-metadata: 1.7695940807461739
  landing: 0.9013515263795853
  view-data: 3.2896509990096092
