times:
  edit-metadata: 1.3894560113549232
  landing: 0.7265871986746788
  view-data: 3.3112755976617336
