times:
  edit-metadata: 1.4893577098846436
  landing: 0.7650895342230797
  view-data: 3.4693753495812416
