times:
  edit-metadata: 1.6201559379696846
  landing: 1.26021508872509
  view-data: 3.5705467984080315
