times:
  edit-metadata: 1.482912801206112
  landing: 0.8171868398785591
  view-data: 3.360826753079891
