times:
  edit-metadata: 1.3860929980874062
  landing: 0.7147047966718674
  view-data: 3.417985089123249
