times:
  edit-metadata: 1.473744235932827
  landing: 0.7192768566310406
  view-data: 3.3568750768899918
