times:
  edit-metadata: 1.6082234904170036
  landing: 0.924420177936554
  view-data: 3.472769096493721
