times:
  edit-metadata: 1.4197496697306633
  landing: 0.7072648480534554
  view-data: 3.5709670707583427
