times:
  edit-metadata: 1.5309456661343575
  landing: 0.8874730132520199
  view-data: 3.2937344536185265
