times:
  edit-metadata: 2.9448449686169624
  landing: 1.9116205498576164
  view-data: 3.67141105979681
