times:
  edit-metadata: 1.4307313598692417
  landing: 0.8427159152925014
  view-data: 3.3297418393194675
