times:
  edit-metadata: 1.5272841602563858
  landing: 0.8233491480350494
  view-data: 3.499474823474884
