times:
  edit-metadata: 1.6791531816124916
  landing: 0.8962168358266354
  view-data: 3.454167705029249
