times:
  edit-metadata: 1.5967645794153214
  landing: 0.972982719540596
  view-data: 3.548211097717285
