times:
  edit-metadata: 1.5067925937473774
  landing: 0.858580507338047
  view-data: 3.332428954541683
