times:
  edit-metadata: 1.4035422466695309
  landing: 1.2987757362425327
  view-data: 3.3192273899912834
