times:
  edit-metadata: 1.6534590646624565
  landing: 0.7198573015630245
  view-data: 3.3710327707231045
