times:
  edit-metadata: 1.3521101996302605
  landing: 0.6898028030991554
  view-data: 3.4996544495224953
