times:
  edit-metadata: 1.5886905789375305
  landing: 0.9331439733505249
  view-data: 3.741951458156109
