times:
  edit-metadata: 1.4032132178544998
  landing: 0.8268574550747871
  view-data: 3.4442980736494064
