times:
  edit-metadata: 1.4779047667980194
  landing: 0.6936459913849831
  view-data: 3.5059218630194664
