times:
  edit-metadata: 1.5847934558987617
  landing: 0.766518846154213
  view-data: 3.5449370592832565
