times:
  edit-metadata: 1.4678897708654404
  landing: 0.7598681151866913
  view-data: 3.270584337413311
