times:
  edit-metadata: 1.4320305362343788
  landing: 0.7446288987994194
  view-data: 3.3857610523700714
