times:
  edit-metadata: 1.5351048931479454
  landing: 0.8564537763595581
  view-data: 3.431491419672966
