times:
  edit-metadata: 2.474435992538929
  landing: 0.7268625050783157
  view-data: 3.6545491740107536
