times:
  edit-metadata: 1.8018082082271576
  landing: 1.205680139362812
  view-data: 3.403404578566551
