times:
  edit-metadata: 1.4983154200017452
  landing: 0.7085943892598152
  view-data: 3.280050355941057
