times:
  edit-metadata: 1.9100075848400593
  landing: 1.0144423581659794
  view-data: 3.3450477868318558
