times:
  edit-metadata: 1.4006639420986176
  landing: 0.7789621502161026
  view-data: 3.5117599591612816
