times:
  edit-metadata: 1.4266452640295029
  landing: 0.767670102417469
  view-data: 3.470302067697048
