times:
  edit-metadata: 1.4917186573147774
  landing: 0.7897240445017815
  view-data: 3.296924851834774
