times:
  edit-metadata: 1.524879552423954
  landing: 0.7245294228196144
  view-data: 3.5012326687574387
