times:
  edit-metadata: 1.3621389865875244
  landing: 0.7813388630747795
  view-data: 3.4984878972172737
