times:
  edit-metadata: 1.5099373012781143
  landing: 0.8839128687977791
  view-data: 3.4674887359142303
