times:
  edit-metadata: 1.4126460403203964
  landing: 0.7088581249117851
  view-data: 3.3757827021181583
