times:
  edit-metadata: 1.4057670906186104
  landing: 0.7828956842422485
  view-data: 3.4885076135396957
