times:
  edit-metadata: 1.5054079927504063
  landing: 0.78474410623312
  view-data: 3.344338994473219
