times:
  edit-metadata: 4.606067433953285
  landing: 1.5460561737418175
  view-data: 3.554019756615162
