times:
  edit-metadata: 1.4888352937996387
  landing: 0.7830944173038006
  view-data: 3.3458762504160404
