times:
  edit-metadata: 1.4038353338837624
  landing: 0.7414940372109413
  view-data: 3.4400596916675568
