times:
  edit-metadata: 1.7144846320152283
  landing: 1.193501703441143
  view-data: 3.6015888452529907
