times:
  edit-metadata: 1.435974083840847
  landing: 0.7401995435357094
  view-data: 3.5221221521496773
