times:
  edit-metadata: 2.3161966279149055
  landing: 1.4545429274439812
  view-data: 4.037954114377499
