times:
  edit-metadata: 1.4444673582911491
  landing: 0.7276864349842072
  view-data: 3.4966400414705276
