times:
  edit-metadata: 1.4167388528585434
  landing: 0.9465836770832539
  view-data: 3.311394155025482
