times:
  edit-metadata: 1.4542836919426918
  landing: 0.796014778316021
  view-data: 3.5234002843499184
