times:
  edit-metadata: 1.4849626906216145
  landing: 0.7439188063144684
  view-data: 3.399869669228792
