times:
  edit-metadata: 1.5062152706086636
  landing: 0.7557128071784973
  view-data: 3.329680159687996
