times:
  edit-metadata: 1.3587563261389732
  landing: 0.7768720835447311
  view-data: 3.5963499397039413
