times:
  edit-metadata: 1.4505314901471138
  landing: 0.8124965205788612
  view-data: 3.3316383473575115
