times:
  edit-metadata: 1.499673269689083
  landing: 0.7087699510157108
  view-data: 3.3180899508297443
