times:
  edit-metadata: 1.5063219740986824
  landing: 0.7242026180028915
  view-data: 3.5223787277936935
