times:
  edit-metadata: 1.4015445560216904
  landing: 0.8274700567126274
  view-data: 3.385390777140856
