times:
  edit-metadata: 1.6362058520317078
  landing: 1.442411832511425
  view-data: 3.587047979235649
