times:
  edit-metadata: 1.520207367837429
  landing: 0.8266718611121178
  view-data: 3.4793039336800575
