times:
  edit-metadata: 1.5041793659329414
  landing: 0.7086198925971985
  view-data: 3.481731243431568
