times:
  edit-metadata: 1.337603636085987
  landing: 0.7026961743831635
  view-data: 3.250278100371361
