times:
  edit-metadata: 1.4864078909158707
  landing: 0.765527218580246
  view-data: 3.529330015182495
