times:
  edit-metadata: 1.43528912961483
  landing: 0.7562794759869576
  view-data: 3.4217273965477943
