times:
  edit-metadata: 1.4705323055386543
  landing: 0.7873999327421188
  view-data: 3.497104875743389
