times:
  edit-metadata: 1.4542851820588112
  landing: 0.7782510071992874
  view-data: 3.3363724797964096
