times:
  edit-metadata: 1.4453305900096893
  landing: 0.7091875299811363
  view-data: 3.6348449513316154
