times:
  edit-metadata: 1.4171842634677887
  landing: 0.8305744379758835
  view-data: 3.294668421149254
