times:
  edit-metadata: 1.5436414033174515
  landing: 0.7552287466824055
  view-data: 3.3385132737457752
