times:
  edit-metadata: 1.4019011557102203
  landing: 0.8011496886610985
  view-data: 3.510748691856861
