times:
  edit-metadata: 1.446093875914812
  landing: 0.8224652037024498
  view-data: 3.2801525704562664
