times:
  edit-metadata: 1.4358686096966267
  landing: 0.7480611279606819
  view-data: 3.3132750429213047
