times:
  edit-metadata: 1.398174598813057
  landing: 0.8220045194029808
  view-data: 3.296057991683483
