times:
  edit-metadata: 1.3604521863162518
  landing: 0.7938850335776806
  view-data: 3.3253625743091106
