times:
  edit-metadata: 1.5960796736180782
  landing: 0.8743119277060032
  view-data: 3.3676069900393486
