times:
  edit-metadata: 1.3923019170761108
  landing: 0.7380435615777969
  view-data: 3.541014187037945
