times:
  edit-metadata: 1.3713599741458893
  landing: 0.8265382349491119
  view-data: 3.4688200056552887
