times:
  edit-metadata: 1.515039786696434
  landing: 0.669755145907402
  view-data: 3.488065615296364
