times:
  edit-metadata: 1.3930493369698524
  landing: 0.7104015499353409
  view-data: 3.424576513469219
