times:
  edit-metadata: 1.4124888330698013
  landing: 0.7356194406747818
  view-data: 3.5133927762508392
