times:
  edit-metadata: 1.4864547699689865
  landing: 0.8089053779840469
  view-data: 3.5084592700004578
