times:
  edit-metadata: 1.4973937422037125
  landing: 0.8042190074920654
  view-data: 3.3471159785985947
