times:
  edit-metadata: 1.510921373963356
  landing: 0.7354759052395821
  view-data: 3.3401674181222916
