times:
  edit-metadata: 1.4619653970003128
  landing: 0.7670465707778931
  view-data: 3.516900025308132
