times:
  edit-metadata: 1.7503154948353767
  landing: 1.0332311764359474
  view-data: 3.3328388780355453
