times:
  edit-metadata: 1.4331099390983582
  landing: 0.786328636109829
  view-data: 3.5260713919997215
