times:
  edit-metadata: 1.495274856686592
  landing: 0.7216683141887188
  view-data: 3.2834216877818108
