times:
  edit-metadata: 1.4333885684609413
  landing: 0.7271726429462433
  view-data: 3.297272466123104
