times:
  edit-metadata: 1.4616689160466194
  landing: 0.7362295836210251
  view-data: 3.4980166032910347
