times:
  edit-metadata: 1.9132281094789505
  landing: 1.1759054847061634
  view-data: 3.7094844542443752
