times:
  edit-metadata: 1.7877967581152916
  landing: 1.2090496867895126
  view-data: 3.488683495670557
