times:
  edit-metadata: 1.4950969591736794
  landing: 0.8331408873200417
  view-data: 3.3474892526865005
