times:
  edit-metadata: 1.4302766621112823
  landing: 0.7552255019545555
  view-data: 3.4519509971141815
