times:
  edit-metadata: 1.5764590725302696
  landing: 0.9706738889217377
  view-data: 3.575080804526806
