times:
  edit-metadata: 1.4481484405696392
  landing: 0.9211116880178452
  view-data: 3.371397990733385
