times:
  edit-metadata: 1.5488378331065178
  landing: 0.7014825120568275
  view-data: 3.426862597465515
