times:
  edit-metadata: 1.702634908258915
  landing: 0.9219634607434273
  view-data: 3.583382301032543
