times:
  edit-metadata: 1.4400013536214828
  landing: 0.7403484806418419
  view-data: 3.3307745680212975
