times:
  edit-metadata: 1.4753077775239944
  landing: 0.8229558020830154
  view-data: 3.294945552945137
