times:
  edit-metadata: 1.5077659264206886
  landing: 0.781899981200695
  view-data: 3.2903784811496735
