times:
  edit-metadata: 2.0757841616868973
  landing: 1.0918699018657207
  view-data: 3.556239105761051
