times:
  edit-metadata: 1.400005504488945
  landing: 0.8076488152146339
  view-data: 3.2951999977231026
