times:
  edit-metadata: 2.0952681601047516
  landing: 1.244876928627491
  view-data: 3.4647882506251335
