times:
  edit-metadata: 1.57463039457798
  landing: 0.9461451172828674
  view-data: 3.4276927933096886
