times:
  edit-metadata: 1.439478948712349
  landing: 0.7959158048033714
  view-data: 3.5100158154964447
