times:
  edit-metadata: 2.1640372797846794
  landing: 1.4992567300796509
  view-data: 3.655531130731106
