times:
  edit-metadata: 1.5084488093852997
  landing: 0.7841654345393181
  view-data: 3.3481199964880943
