times:
  edit-metadata: 1.4293851405382156
  landing: 0.8612550273537636
  view-data: 3.452011674642563
