times:
  edit-metadata: 1.6113003194332123
  landing: 0.765757754445076
  view-data: 3.3213580027222633
