times:
  edit-metadata: 1.4266474395990372
  landing: 0.795454777777195
  view-data: 3.4919080957770348
