times:
  edit-metadata: 1.3762720078229904
  landing: 0.7520873323082924
  view-data: 3.515820235013962
