times:
  edit-metadata: 1.417567241936922
  landing: 0.7984962351620197
  view-data: 3.3108856603503227
