times:
  edit-metadata: 1.5126876309514046
  landing: 0.8117021024227142
  view-data: 3.342124842107296
