times:
  edit-metadata: 1.470446303486824
  landing: 0.7275138571858406
  view-data: 3.452154368162155
