times:
  edit-metadata: 1.3886452950537205
  landing: 0.8783564269542694
  view-data: 3.75217567011714
