times:
  edit-metadata: 1.4622375518083572
  landing: 0.812576524913311
  view-data: 3.362328089773655
