times:
  edit-metadata: 1.4156779125332832
  landing: 0.8069260269403458
  view-data: 3.4839294105768204
