times:
  edit-metadata: 1.3499369397759438
  landing: 0.7338553369045258
  view-data: 3.4692725092172623
