times:
  edit-metadata: 1.5222411341965199
  landing: 0.7891846150159836
  view-data: 3.325101315975189
