times:
  edit-metadata: 1.5319577157497406
  landing: 0.7154431417584419
  view-data: 3.5165517032146454
