times:
  edit-metadata: 1.4899317845702171
  landing: 0.8229172453284264
  view-data: 3.382941849529743
