times:
  edit-metadata: 1.632363572716713
  landing: 0.8161652386188507
  view-data: 3.2915155105292797
