times:
  edit-metadata: 1.6231283098459244
  landing: 0.9448683187365532
  view-data: 3.6044427528977394
