times:
  edit-metadata: 1.4699602089822292
  landing: 0.7623152509331703
  view-data: 3.3250224366784096
