times:
  edit-metadata: 1.4053906574845314
  landing: 0.8379578776657581
  view-data: 3.341843608766794
