times:
  edit-metadata: 1.4999579265713692
  landing: 0.8432860523462296
  view-data: 3.3405594155192375
