times:
  edit-metadata: 1.3841900900006294
  landing: 0.7232530415058136
  view-data: 3.4791670441627502
