times:
  edit-metadata: 1.506268210709095
  landing: 0.8161728791892529
  view-data: 3.3780507408082485
