times:
  edit-metadata: 1.3736296072602272
  landing: 0.7623506858944893
  view-data: 3.262364089488983
