times:
  edit-metadata: 1.6683556511998177
  landing: 0.8432659842073917
  view-data: 3.337853729724884
