times:
  edit-metadata: 1.393133670091629
  landing: 0.7002958618104458
  view-data: 3.2848290987312794
