times:
  edit-metadata: 1.41254972666502
  landing: 0.7127981558442116
  view-data: 3.4530519023537636
