times:
  edit-metadata: 1.431557435542345
  landing: 0.7920732200145721
  view-data: 3.2787525355815887
