times:
  edit-metadata: 1.5363668091595173
  landing: 0.815139900892973
  view-data: 3.3335261456668377
