times:
  edit-metadata: 1.4523171484470367
  landing: 0.7577692046761513
  view-data: 3.4480122923851013
