times:
  edit-metadata: 1.4542399868369102
  landing: 1.1273465678095818
  view-data: 3.4307979568839073
