times:
  edit-metadata: 1.460317648947239
  landing: 0.7701724246144295
  view-data: 3.491372786462307
