times:
  edit-metadata: 1.4014811851084232
  landing: 0.7982684075832367
  view-data: 3.3891181498765945
