times:
  edit-metadata: 1.4562449529767036
  landing: 0.8038668483495712
  view-data: 3.3733910992741585
