times:
  edit-metadata: 2.4933431036770344
  landing: 1.4752158857882023
  view-data: 3.380686368793249
