times:
  edit-metadata: 1.3853581994771957
  landing: 0.8586928062140942
  view-data: 3.4382723197340965
