times:
  edit-metadata: 1.314139038324356
  landing: 0.8112883344292641
  view-data: 3.3038053810596466
