times:
  edit-metadata: 1.6439072042703629
  landing: 0.7390499338507652
  view-data: 3.4195655658841133
