times:
  edit-metadata: 1.2524904608726501
  landing: 0.822072334587574
  view-data: 3.5191527381539345
