times:
  edit-metadata: 1.4248898029327393
  landing: 0.784014455974102
  view-data: 3.4837035685777664
