times:
  edit-metadata: 1.4741211384534836
  landing: 0.8758260533213615
  view-data: 3.3960095942020416
