times:
  edit-metadata: 1.4659666195511818
  landing: 0.7156019136309624
  view-data: 3.374205060303211
