times:
  edit-metadata: 1.4157905541360378
  landing: 0.8125096894800663
  view-data: 3.3078578524291515
