times:
  edit-metadata: 1.344202432781458
  landing: 0.7937882393598557
  view-data: 3.3673322089016438
