times:
  edit-metadata: 1.668933354318142
  landing: 1.0065648257732391
  view-data: 3.6580299586057663
