times:
  edit-metadata: 1.5202123448252678
  landing: 0.7936676628887653
  view-data: 3.443157598376274
