times:
  edit-metadata: 1.4188426695764065
  landing: 0.8336612842977047
  view-data: 3.271344117820263
