times:
  edit-metadata: 1.5931337475776672
  landing: 0.9487442895770073
  view-data: 3.58164194971323
