times:
  edit-metadata: 1.1797562763094902
  landing: 0.8212339878082275
  view-data: 3.5736779645085335
