times:
  edit-metadata: 1.5340804010629654
  landing: 1.1120856702327728
  view-data: 3.5014691054821014
