times:
  edit-metadata: 1.5477651804685593
  landing: 0.8760610856115818
  view-data: 3.320743855088949
