times:
  edit-metadata: 1.436175737529993
  landing: 0.7434571944177151
  view-data: 3.3507682010531425
