times:
  edit-metadata: 1.4317949302494526
  landing: 0.8740817196667194
  view-data: 3.468273513019085
