times:
  edit-metadata: 1.3440369218587875
  landing: 0.7820687294006348
  view-data: 3.5113772079348564
