times:
  edit-metadata: 1.4158076867461205
  landing: 0.8269021362066269
  view-data: 3.2726795747876167
