times:
  edit-metadata: 1.656294159591198
  landing: 0.9439306184649467
  view-data: 3.6572738587856293
