times:
  edit-metadata: 1.4445939883589745
  landing: 0.7485658153891563
  view-data: 3.4939145147800446
