times:
  edit-metadata: 1.3655462935566902
  landing: 0.7443328127264977
  view-data: 3.3877415619790554
