times:
  edit-metadata: 1.4394612275063992
  landing: 0.7170232310891151
  view-data: 3.2717393040657043
