times:
  edit-metadata: 1.145630307495594
  landing: 0.7112619504332542
  view-data: 3.43507182598114
