times:
  edit-metadata: 1.9102344140410423
  landing: 1.0949037596583366
  view-data: 3.544065810739994
