times:
  edit-metadata: 1.969380497932434
  landing: 1.2236127480864525
  view-data: 3.4757685139775276
