times:
  edit-metadata: 1.387658528983593
  landing: 0.8977230116724968
  view-data: 3.4785675182938576
