times:
  edit-metadata: 1.418584432452917
  landing: 0.8000799641013145
  view-data: 3.325842969119549
