times:
  edit-metadata: 1.4321864619851112
  landing: 0.807010218501091
  view-data: 3.5581208989024162
