times:
  edit-metadata: 1.5070685148239136
  landing: 1.2800759449601173
  view-data: 3.3122837245464325
