times:
  edit-metadata: 1.1473682448267937
  landing: 0.7921952605247498
  view-data: 3.4891767129302025
