times:
  edit-metadata: 1.6173151321709156
  landing: 0.7808433063328266
  view-data: 3.384686440229416
