times:
  edit-metadata: 1.536180604249239
  landing: 0.7811469957232475
  view-data: 3.301923081278801
