times:
  edit-metadata: 1.4943741336464882
  landing: 0.9198979660868645
  view-data: 3.2772974856197834
