times:
  edit-metadata: 1.3984256908297539
  landing: 0.7199980616569519
  view-data: 3.505716748535633
