times:
  edit-metadata: 1.4189680255949497
  landing: 0.8254164904356003
  view-data: 3.3121832497417927
