times:
  edit-metadata: 1.911092046648264
  landing: 0.9618425257503986
  view-data: 3.3881754390895367
