times:
  edit-metadata: 1.8057185038924217
  landing: 0.7785688228905201
  view-data: 3.41020268201828
