times:
  edit-metadata: 1.4800969064235687
  landing: 0.821246974170208
  view-data: 3.5169695764780045
