times:
  edit-metadata: 1.112668327987194
  landing: 0.6980500370264053
  view-data: 3.465488202869892
