times:
  edit-metadata: 2.4736030101776123
  landing: 1.3605523481965065
  view-data: 3.626045010983944
