times:
  edit-metadata: 1.399636309593916
  landing: 0.7131481803953648
  view-data: 3.388835821300745
