times:
  edit-metadata: 1.3309254236519337
  landing: 0.8513203561306
  view-data: 3.314900331199169
