times:
  edit-metadata: 1.4185567647218704
  landing: 0.7463270872831345
  view-data: 3.5804204791784286
