times:
  edit-metadata: 1.4154388196766376
  landing: 0.8769610822200775
  view-data: 3.4051110073924065
