times:
  edit-metadata: 1.5227032899856567
  landing: 0.9274912253022194
  view-data: 3.333425384014845
