times:
  edit-metadata: 1.5430389121174812
  landing: 0.692770354449749
  view-data: 3.436321370303631
