times:
  edit-metadata: 1.7653326205909252
  landing: 0.8533101454377174
  view-data: 3.309208497405052
