times:
  edit-metadata: 1.4144028760492802
  landing: 0.8769602067768574
  view-data: 3.4002235122025013
