times:
  edit-metadata: 1.4459765926003456
  landing: 0.8280293494462967
  view-data: 3.376769073307514
