times:
  edit-metadata: 1.3557704463601112
  landing: 0.8069033622741699
  view-data: 3.295511819422245
