times:
  edit-metadata: 1.5809715129435062
  landing: 0.925482265651226
  view-data: 3.3376156017184258
