times:
  edit-metadata: 2.648978389799595
  landing: 1.454346977174282
  view-data: 3.5728204175829887
