times:
  edit-metadata: 1.5532777532935143
  landing: 0.8407218381762505
  view-data: 3.6544335335493088
