times:
  edit-metadata: 1.409299448132515
  landing: 0.712186336517334
  view-data: 3.3275004476308823
