times:
  edit-metadata: 1.1640049815177917
  landing: 0.7792427018284798
  view-data: 3.380312517285347
