times:
  edit-metadata: 1.3127393834292889
  landing: 0.7737791948020458
  view-data: 3.2621113285422325
