times:
  edit-metadata: 1.4499352052807808
  landing: 0.7305984050035477
  view-data: 3.3512062728405
