times:
  edit-metadata: 1.46836394444108
  landing: 0.9072092659771442
  view-data: 3.2673004865646362
