times:
  edit-metadata: 1.3524257093667984
  landing: 0.7802721783518791
  view-data: 3.46796090900898
