times:
  edit-metadata: 1.5557741932570934
  landing: 0.7988994941115379
  view-data: 3.376776911318302
