times:
  edit-metadata: 1.4651574566960335
  landing: 0.8838141933083534
  view-data: 3.5186820030212402
