times:
  edit-metadata: 1.3970436751842499
  landing: 0.8321578726172447
  view-data: 3.515021398663521
