times:
  edit-metadata: 1.3241716213524342
  landing: 0.7424011193215847
  view-data: 3.7338986434042454
