times:
  edit-metadata: 1.308732882142067
  landing: 0.8408450819551945
  view-data: 3.353678360581398
