times:
  edit-metadata: 1.4282727241516113
  landing: 0.745298407971859
  view-data: 3.4870878979563713
