times:
  edit-metadata: 1.6129842326045036
  landing: 0.7741386964917183
  view-data: 3.321289874613285
