times:
  edit-metadata: 1.556050032377243
  landing: 0.7510184347629547
  view-data: 3.4001100584864616
