times:
  edit-metadata: 1.3991041108965874
  landing: 0.7251642942428589
  view-data: 3.623459555208683
