times:
  edit-metadata: 1.5757143124938011
  landing: 0.7443351373076439
  view-data: 3.552327461540699
