times:
  edit-metadata: 1.4340649619698524
  landing: 0.8829015120863914
  view-data: 3.43952663987875
