times:
  edit-metadata: 1.3987142741680145
  landing: 0.7229016572237015
  view-data: 3.303689159452915
