times:
  edit-metadata: 1.5886163339018822
  landing: 0.7484770566225052
  view-data: 3.544614791870117
