times:
  edit-metadata: 1.3796570971608162
  landing: 0.7660435065627098
  view-data: 3.3305662646889687
