times:
  edit-metadata: 1.3214606009423733
  landing: 0.8893814384937286
  view-data: 3.2786181196570396
