times:
  edit-metadata: 1.1755147278308868
  landing: 0.7023980244994164
  view-data: 3.4075320065021515
