times:
  edit-metadata: 1.5497849956154823
  landing: 0.7688009664416313
  view-data: 3.269400268793106
