times:
  edit-metadata: 1.7100151777267456
  landing: 0.9281226098537445
  view-data: 3.35726809874177
