times:
  edit-metadata: 1.4374522790312767
  landing: 0.8139953166246414
  view-data: 3.5513744354248047
