times:
  edit-metadata: 1.388759694993496
  landing: 0.7591711208224297
  view-data: 3.578516311943531
