times:
  edit-metadata: 1.5448554754257202
  landing: 0.7311109304428101
  view-data: 3.5331463143229485
