times:
  edit-metadata: 1.5290196314454079
  landing: 1.1042882651090622
  view-data: 3.330252967774868
