times:
  edit-metadata: 1.3639771789312363
  landing: 0.8707647770643234
  view-data: 3.4379089325666428
