times:
  edit-metadata: 2.2656861320137978
  landing: 1.3617369197309017
  view-data: 3.4171021170914173
