times:
  edit-metadata: 1.4776734299957752
  landing: 0.7554926425218582
  view-data: 3.399794038385153
