times:
  edit-metadata: 1.6224783025681973
  landing: 1.0439828783273697
  view-data: 3.357041008770466
