times:
  edit-metadata: 1.494765281677246
  landing: 1.0023390166461468
  view-data: 3.35187716409564
