times:
  edit-metadata: 1.4200162999331951
  landing: 0.7453354224562645
  view-data: 3.306757852435112
