times:
  edit-metadata: 1.3656323924660683
  landing: 0.8260776437819004
  view-data: 3.2937958128750324
