times:
  edit-metadata: 1.4617625027894974
  landing: 0.8168794363737106
  view-data: 3.370835267007351
