times:
  edit-metadata: 1.4079629182815552
  landing: 0.904301829636097
  view-data: 3.313570015132427
