times:
  edit-metadata: 1.528730534017086
  landing: 0.8381854668259621
  view-data: 3.341137371957302
