times:
  edit-metadata: 1.4232822507619858
  landing: 0.7561612129211426
  view-data: 3.28023486956954
