times:
  edit-metadata: 1.4135073199868202
  landing: 0.8478584885597229
  view-data: 3.4780677929520607
