times:
  edit-metadata: 1.5125327482819557
  landing: 0.8895020335912704
  view-data: 3.5840714797377586
