times:
  edit-metadata: 2.146884363144636
  landing: 1.0493103824555874
  view-data: 3.595306608825922
