times:
  edit-metadata: 1.3684732504189014
  landing: 0.7308174818754196
  view-data: 3.337228000164032
