times:
  edit-metadata: 1.5977147817611694
  landing: 1.1147033348679543
  view-data: 3.4124540016055107
