times:
  edit-metadata: 1.4395965337753296
  landing: 0.8630042187869549
  view-data: 3.3310294188559055
