times:
  edit-metadata: 1.359422743320465
  landing: 0.8473488017916679
  view-data: 3.50458100438118
