times:
  edit-metadata: 1.4620848298072815
  landing: 0.9306764006614685
  view-data: 3.464493654668331
