times:
  edit-metadata: 1.4311874359846115
  landing: 0.8239407390356064
  view-data: 3.409805230796337
