times:
  edit-metadata: 1.3592732176184654
  landing: 0.7819813638925552
  view-data: 3.4314730912446976
