times:
  edit-metadata: 1.781611368060112
  landing: 0.9749781973659992
  view-data: 3.379719130694866
