times:
  edit-metadata: 1.4122778102755547
  landing: 0.7532543055713177
  view-data: 3.3041873425245285
