times:
  edit-metadata: 1.4259896352887154
  landing: 0.7536977343261242
  view-data: 3.3594304509460926
