times:
  edit-metadata: 1.4244902320206165
  landing: 0.8199317790567875
  view-data: 3.377400491386652
