times:
  edit-metadata: 1.4834249764680862
  landing: 1.1251017525792122
  view-data: 3.572791263461113
