times:
  edit-metadata: 1.4303082302212715
  landing: 0.7875525057315826
  view-data: 3.4593911692500114
