times:
  edit-metadata: 1.564598422497511
  landing: 0.8418795354664326
  view-data: 3.3168862387537956
