times:
  edit-metadata: 1.1309622153639793
  landing: 0.7556031569838524
  view-data: 3.528126485645771
