times:
  edit-metadata: 1.3283461853861809
  landing: 0.7087970525026321
  view-data: 3.532380111515522
