times:
  edit-metadata: 1.449632402509451
  landing: 0.7082660831511021
  view-data: 3.330299284309149
