times:
  edit-metadata: 1.4280927777290344
  landing: 0.7727497443556786
  view-data: 3.468735046684742
