times:
  edit-metadata: 1.1085060015320778
  landing: 0.7494754418730736
  view-data: 3.504697360098362
