times:
  edit-metadata: 1.810454361140728
  landing: 0.8258084841072559
  view-data: 3.285862058401108
