times:
  edit-metadata: 1.9904195740818977
  landing: 1.3045771047472954
  view-data: 3.540637217462063
