times:
  edit-metadata: 1.436708264052868
  landing: 0.8320740759372711
  view-data: 3.4943581223487854
