times:
  edit-metadata: 2.341179631650448
  landing: 1.36504764854908
  view-data: 3.5332482382655144
