times:
  edit-metadata: 1.3779468908905983
  landing: 1.3881964087486267
  view-data: 3.278718262910843
