times:
  edit-metadata: 1.523489125072956
  landing: 0.7696089372038841
  view-data: 3.2959179058670998
