times:
  edit-metadata: 1.4193809106945992
  landing: 0.8118631616234779
  view-data: 3.6719866320490837
