times:
  edit-metadata: 1.3912881091237068
  landing: 1.2214405164122581
  view-data: 3.551102362573147
