times:
  edit-metadata: 1.4393258355557919
  landing: 0.8795638792216778
  view-data: 3.2747502475976944
