times:
  edit-metadata: 1.4746067002415657
  landing: 0.8439238592982292
  view-data: 3.296575240790844
