times:
  edit-metadata: 1.1480318009853363
  landing: 0.7648062109947205
  view-data: 3.3091233149170876
