times:
  edit-metadata: 1.554549340158701
  landing: 0.8173464462161064
  view-data: 3.2819062620401382
