times:
  edit-metadata: 1.4463216736912727
  landing: 0.7584377080202103
  view-data: 3.5742897391319275
