times:
  edit-metadata: 1.4394242763519287
  landing: 0.8111248165369034
  view-data: 3.6793365739285946
