times:
  edit-metadata: 1.4065518751740456
  landing: 0.7532093226909637
  view-data: 3.3138361647725105
