times:
  edit-metadata: 1.5789218097925186
  landing: 0.9243114218115807
  view-data: 3.2994922026991844
