times:
  edit-metadata: 1.6303769275546074
  landing: 0.9564476311206818
  view-data: 3.4090435951948166
