times:
  edit-metadata: 1.397267784923315
  landing: 0.740106176584959
  view-data: 3.27909542247653
