times:
  edit-metadata: 1.7558239176869392
  landing: 0.9040990620851517
  view-data: 3.3252386674284935
