times:
  edit-metadata: 1.4114772453904152
  landing: 0.8942217528820038
  view-data: 3.4986560493707657
