times:
  edit-metadata: 1.5113569498062134
  landing: 0.7986906096339226
  view-data: 3.3277110308408737
