times:
  edit-metadata: 1.5471379235386848
  landing: 0.8118750192224979
  view-data: 3.339663479477167
