times:
  edit-metadata: 1.3992382064461708
  landing: 0.7500304728746414
  view-data: 3.472772032022476
