times:
  edit-metadata: 1.67812330275774
  landing: 0.971588708460331
  view-data: 3.449237436056137
