times:
  edit-metadata: 1.5191233307123184
  landing: 0.7934288904070854
  view-data: 3.4765423014760017
