times:
  edit-metadata: 1.7403072640299797
  landing: 1.1775809898972511
  view-data: 3.33645299077034
