times:
  edit-metadata: 1.357428640127182
  landing: 0.7925779521465302
  view-data: 3.472539536654949
