times:
  edit-metadata: 1.6605807691812515
  landing: 0.9090163707733154
  view-data: 3.5525218918919563
