times:
  edit-metadata: 1.115475781261921
  landing: 0.708352655172348
  view-data: 3.439398743212223
