times:
  edit-metadata: 1.3213887065649033
  landing: 0.8321449235081673
  view-data: 3.5781379863619804
