times:
  edit-metadata: 1.4105360880494118
  landing: 0.7316666282713413
  view-data: 3.389953527599573
