times:
  edit-metadata: 1.8902402818202972
  landing: 0.9864930436015129
  view-data: 3.420566610991955
