times:
  edit-metadata: 1.4021458104252815
  landing: 0.791672945022583
  view-data: 3.451505035161972
