times:
  edit-metadata: 1.564487412571907
  landing: 0.856718398630619
  view-data: 3.5143798664212227
