times:
  edit-metadata: 1.327624998986721
  landing: 0.7782311886548996
  view-data: 3.303953394293785
