times:
  landing: 1.1137743580620736
  view-data: 0.5505523709580302
