times:
  edit-metadata: 1.5148761570453644
  landing: 0.9495204091072083
  view-data: 3.4908151999115944
