times:
  edit-metadata: 1.6002710610628128
  landing: 1.0654659643769264
  view-data: 3.657078169286251
