times:
  edit-metadata: 1.4664957448840141
  landing: 0.8551359847187996
  view-data: 3.49822960793972
