times:
  edit-metadata: 1.6541055738925934
  landing: 0.9560879543423653
  view-data: 3.339603316038847
