times:
  edit-metadata: 1.549089252948761
  landing: 0.9216354340314865
  view-data: 3.503497801721096
