times:
  edit-metadata: 1.4145815521478653
  landing: 0.896655298769474
  view-data: 3.3399949111044407
