times:
  edit-metadata: 1.5865411758422852
  landing: 0.8204045742750168
  view-data: 3.4640994146466255
