times:
  edit-metadata: 1.55035400390625
  landing: 0.9108995050191879
  view-data: 3.485319197177887
