times:
  edit-metadata: 1.4924167916178703
  landing: 0.8602129966020584
  view-data: 3.443460486829281
