times:
  edit-metadata: 3.605285882949829
  landing: 1.9059376269578934
  view-data: 3.585338480770588
