times:
  edit-metadata: 1.4146175682544708
  landing: 0.8710411712527275
  view-data: 3.490684352815151
