times:
  edit-metadata: 1.4081863053143024
  landing: 0.9222121872007847
  view-data: 3.3422705568373203
