times:
  edit-metadata: 1.5632953867316246
  landing: 0.9511982724070549
  view-data: 3.6090823486447334
