times:
  edit-metadata: 1.4821130149066448
  landing: 0.8744856081902981
  view-data: 3.3271537236869335
