times:
  edit-metadata: 1.5584838539361954
  landing: 1.1107917428016663
  view-data: 3.627692699432373
