times:
  edit-metadata: 1.4961031191051006
  landing: 0.8959436342120171
  view-data: 3.3418015986680984
