times:
  edit-metadata: 1.4999242350459099
  landing: 0.9749539941549301
  view-data: 3.292537994682789
