times:
  edit-metadata: 1.4362090677022934
  landing: 0.8498257249593735
  view-data: 3.444700703024864
