times:
  edit-metadata: 2.069726802408695
  landing: 1.1867565587162971
  view-data: 3.713682346045971
