times:
  edit-metadata: 2.013935901224613
  landing: 1.4762273877859116
  view-data: 3.516564518213272
