times:
  edit-metadata: 1.541862852871418
  landing: 0.816265419125557
  view-data: 3.4412502124905586
