times:
  edit-metadata: 1.4416273906826973
  landing: 0.8271318972110748
  view-data: 3.4669788479804993
