times:
  edit-metadata: 1.357799969613552
  landing: 0.8771198019385338
  view-data: 3.265634372830391
