times:
  edit-metadata: 1.4821542799472809
  landing: 0.8351967483758926
  view-data: 3.4414628744125366
