times:
  edit-metadata: 1.7131835371255875
  landing: 0.9375151768326759
  view-data: 3.3291941434144974
