times:
  edit-metadata: 2.6036447137594223
  landing: 1.6185688376426697
  view-data: 3.5510334745049477
