times:
  edit-metadata: 1.4764687269926071
  landing: 1.0391950458288193
  view-data: 3.4567665457725525
