times:
  edit-metadata: 1.489066492766142
  landing: 0.9033455587923527
  view-data: 3.3307614885270596
