times:
  edit-metadata: 1.5531832799315453
  landing: 0.9053191356360912
  view-data: 3.3415113501250744
