times:
  edit-metadata: 1.4556894302368164
  landing: 0.7888587340712547
  view-data: 3.5048151686787605
