times:
  edit-metadata: 2.024748332798481
  landing: 1.0280114635825157
  view-data: 3.588410660624504
