times:
  edit-metadata: 1.503161460161209
  landing: 0.8318201377987862
  view-data: 3.439397908747196
