times:
  edit-metadata: 1.4362468793988228
  landing: 0.790237195789814
  view-data: 3.3596746511757374
