times:
  edit-metadata: 1.7462239116430283
  landing: 0.976891964673996
  view-data: 3.355671238154173
