times:
  edit-metadata: 1.9990403279662132
  landing: 1.6169302053749561
  view-data: 3.500030968338251
