times:
  edit-metadata: 1.5165535919368267
  landing: 0.9680842347443104
  view-data: 3.264447256922722
