times:
  edit-metadata: 1.4397526048123837
  landing: 0.8932445459067822
  view-data: 3.3200270421802998
