times:
  edit-metadata: 1.4565228074789047
  landing: 0.8112964332103729
  view-data: 3.3760477751493454
