times:
  edit-metadata: 1.5107073485851288
  landing: 0.8400986045598984
  view-data: 3.499330259859562
