times:
  edit-metadata: 1.5609793812036514
  landing: 0.8197667598724365
  view-data: 3.4123650267720222
