times:
  edit-metadata: 1.4339981451630592
  landing: 0.9705793634057045
  view-data: 3.332369264215231
