times:
  edit-metadata: 1.4937051422894
  landing: 0.8584312982857227
  view-data: 3.2969542928040028
