times:
  edit-metadata: 1.8001720905303955
  landing: 1.076991505920887
  view-data: 3.3322962298989296
