times:
  edit-metadata: 1.4794924184679985
  landing: 0.9868721514940262
  view-data: 3.51958104968071
