times:
  edit-metadata: 1.4424897208809853
  landing: 0.9282868430018425
  view-data: 3.4635355472564697
