times:
  edit-metadata: 1.4508218094706535
  landing: 0.9229545146226883
  view-data: 3.345121309161186
