times:
  edit-metadata: 1.4064516834914684
  landing: 0.8263460770249367
  view-data: 3.3003020621836185
