times:
  edit-metadata: 1.5437215641140938
  landing: 1.017806276679039
  view-data: 3.461510218679905
