times:
  edit-metadata: 1.4195465445518494
  landing: 0.8742294758558273
  view-data: 3.2706722021102905
