times:
  edit-metadata: 1.5503028482198715
  landing: 1.2402809336781502
  view-data: 3.3274656906723976
