times:
  edit-metadata: 1.5586653798818588
  landing: 0.8222644180059433
  view-data: 3.306540496647358
