times:
  edit-metadata: 1.46079171448946
  landing: 0.8459315896034241
  view-data: 3.2774459049105644
