times:
  edit-metadata: 1.6612240299582481
  landing: 1.2336033135652542
  view-data: 3.3261352628469467
