times:
  edit-metadata: 1.4313640892505646
  landing: 0.9563962146639824
  view-data: 3.423872835934162
