times:
  edit-metadata: 1.5815080404281616
  landing: 0.8775560036301613
  view-data: 3.3751488029956818
