times:
  edit-metadata: 1.5314260311424732
  landing: 1.0460133589804173
  view-data: 3.375197399407625
