times:
  edit-metadata: 1.9969107806682587
  landing: 1.4463380873203278
  view-data: 3.9368059188127518
