times:
  edit-metadata: 1.4872121289372444
  landing: 0.8497395664453506
  view-data: 3.4354437589645386
