times:
  edit-metadata: 1.550236202776432
  landing: 0.8992641493678093
  view-data: 3.458429805934429
