times:
  edit-metadata: 1.522621475160122
  landing: 0.8989943563938141
  view-data: 3.5501627326011658
