times:
  edit-metadata: 1.7768789008259773
  landing: 1.0028322413563728
  view-data: 3.332567412406206
