times:
  edit-metadata: 1.507710836827755
  landing: 0.8893731236457825
  view-data: 3.3917007073760033
