times:
  edit-metadata: 1.5184061080217361
  landing: 0.8642163053154945
  view-data: 3.436681382358074
