times:
  edit-metadata: 1.4496362805366516
  landing: 0.8518515191972256
  view-data: 3.259659953415394
