times:
  edit-metadata: 1.476780280470848
  landing: 0.9843273162841797
  view-data: 3.5027168542146683
