times:
  edit-metadata: 1.488980956375599
  landing: 0.7937182858586311
  view-data: 3.6412283778190613
