times:
  edit-metadata: 1.4994995445013046
  landing: 0.8690320253372192
  view-data: 3.2698541954159737
