times:
  edit-metadata: 1.467797938734293
  landing: 0.9010247737169266
  view-data: 3.267167765647173
