times:
  edit-metadata: 1.542416550219059
  landing: 0.8753336369991302
  view-data: 3.4691504314541817
