times:
  edit-metadata: 1.4758300557732582
  landing: 0.891985684633255
  view-data: 3.4683972001075745
