times:
  edit-metadata: 1.476478349417448
  landing: 0.906108058989048
  view-data: 3.37595996260643
