times:
  edit-metadata: 1.4804871454834938
  landing: 0.8743868358433247
  view-data: 3.309928599745035
