times:
  edit-metadata: 1.3875051625072956
  landing: 0.8632841184735298
  view-data: 3.3162418641149998
