times:
  edit-metadata: 1.6575371101498604
  landing: 0.8295406475663185
  view-data: 3.340836115181446
