times:
  edit-metadata: 1.4357408434152603
  landing: 0.9085303395986557
  view-data: 3.286813624203205
