times:
  edit-metadata: 1.519447810947895
  landing: 0.8931907378137112
  view-data: 3.327825229614973
