times:
  edit-metadata: 1.545289557427168
  landing: 0.9879486672580242
  view-data: 3.411076709628105
