times:
  edit-metadata: 1.4864309579133987
  landing: 0.8883187994360924
  view-data: 3.331871412694454
