times:
  edit-metadata: 1.40110731869936
  landing: 0.9521707072854042
  view-data: 3.5374081805348396
