times:
  edit-metadata: 1.3492139056324959
  landing: 0.8885317854583263
  view-data: 3.2600239403545856
