times:
  edit-metadata: 1.5043863505125046
  landing: 0.810454748570919
  view-data: 3.502557933330536
