times:
  edit-metadata: 1.465041995048523
  landing: 0.8871259838342667
  view-data: 3.536147139966488
