times:
  edit-metadata: 1.9067064002156258
  landing: 1.2830496206879616
  view-data: 3.503121256828308
