times:
  edit-metadata: 1.414737418293953
  landing: 1.0067372471094131
  view-data: 3.5790484100580215
