times:
  edit-metadata: 1.5367061421275139
  landing: 1.303743489086628
  view-data: 3.485334798693657
