times:
  edit-metadata: 1.4748883061110973
  landing: 0.8583438210189342
  view-data: 3.289481293410063
