times:
  edit-metadata: 1.487936593592167
  landing: 0.940821073949337
  view-data: 3.3650188259780407
