times:
  edit-metadata: 1.4879744313657284
  landing: 0.9230332486331463
  view-data: 3.37580806016922
