times:
  edit-metadata: 1.5472806543111801
  landing: 0.914610642939806
  view-data: 3.2902808599174023
