times:
  edit-metadata: 1.5537328943610191
  landing: 1.0321381986141205
  view-data: 3.3077364414930344
