times:
  edit-metadata: 1.3830364868044853
  landing: 0.8956543207168579
  view-data: 3.309245564043522
