times:
  edit-metadata: 1.4579706192016602
  landing: 0.8451100215315819
  view-data: 3.620480455458164
