times:
  edit-metadata: 1.6775651425123215
  landing: 1.0276905857026577
  view-data: 3.283813748508692
