times:
  edit-metadata: 1.7764477953314781
  landing: 1.0834688730537891
  view-data: 3.3315843492746353
