times:
  edit-metadata: 1.4845372326672077
  landing: 0.8216179423034191
  view-data: 3.255874887108803
