times:
  edit-metadata: 1.3999969251453876
  landing: 0.8665031380951405
  view-data: 3.2544333040714264
