times:
  edit-metadata: 1.4218574166297913
  landing: 0.9593488723039627
  view-data: 3.3056958615779877
