times:
  edit-metadata: 1.5610995218157768
  landing: 0.8557269647717476
  view-data: 3.5769082754850388
