times:
  edit-metadata: 1.5914527475833893
  landing: 1.1041533127427101
  view-data: 3.3590205386281013
