times:
  edit-metadata: 1.4631096795201302
  landing: 0.915687195956707
  view-data: 3.4532231092453003
