times:
  edit-metadata: 1.4167650379240513
  landing: 0.9016708992421627
  view-data: 3.330645617097616
