times:
  edit-metadata: 1.5101428180932999
  landing: 1.1516780853271484
  view-data: 3.31297654658556
