times:
  edit-metadata: 1.479566141963005
  landing: 0.8900235444307327
  view-data: 3.310064822435379
