times:
  edit-metadata: 3.8734095916152
  landing: 1.8977615162730217
  view-data: 4.024533033370972
