times:
  edit-metadata: 1.4439539536833763
  landing: 0.9526957161724567
  view-data: 3.3144752979278564
