times:
  edit-metadata: 1.5793249942362309
  landing: 0.8782460242509842
  view-data: 3.298307877033949
