times:
  edit-metadata: 1.4672043286263943
  landing: 0.9657603204250336
  view-data: 3.2981098294258118
