times:
  edit-metadata: 1.4678531773388386
  landing: 0.8703993074595928
  view-data: 3.25413753464818
