times:
  edit-metadata: 1.4732962921261787
  landing: 0.8599082753062248
  view-data: 3.3632117211818695
