times:
  edit-metadata: 1.859861597418785
  landing: 1.5331514403223991
  view-data: 3.2952802777290344
