times:
  edit-metadata: 1.7142082452774048
  landing: 1.0872641652822495
  view-data: 3.380869396030903
