times:
  edit-metadata: 1.4923046976327896
  landing: 0.8294658958911896
  view-data: 3.3079128190875053
