times:
  edit-metadata: 1.50030567497015
  landing: 0.9044483304023743
  view-data: 3.5204941779375076
