times:
  edit-metadata: 1.5023739114403725
  landing: 0.8146054893732071
  view-data: 3.4492200314998627
