times:
  edit-metadata: 1.3778221011161804
  landing: 0.8484512120485306
  view-data: 3.3095080330967903
