times:
  edit-metadata: 1.4102987870573997
  landing: 0.8385366052389145
  view-data: 3.4951113760471344
