times:
  edit-metadata: 1.5058408491313457
  landing: 0.904657918959856
  view-data: 3.2892542146146297
