times:
  edit-metadata: 2.177803087979555
  landing: 1.2076681293547153
  view-data: 3.3803855776786804
