times:
  edit-metadata: 1.4984322413802147
  landing: 0.8886072859168053
  view-data: 3.443241335451603
