times:
  edit-metadata: 1.5012710466980934
  landing: 1.0103149116039276
  view-data: 3.313876688480377
