times:
  edit-metadata: 1.5782053917646408
  landing: 0.7296000272035599
  view-data: 3.439444236457348
