times:
  edit-metadata: 1.4267956614494324
  landing: 0.8790155313909054
  view-data: 3.334775175899267
