times:
  edit-metadata: 1.5583515614271164
  landing: 0.8513456955552101
  view-data: 3.3326700180768967
