times:
  edit-metadata: 1.651842974126339
  landing: 1.0946210362017155
  view-data: 3.371683970093727
