times:
  edit-metadata: 1.427849791944027
  landing: 0.9560937806963921
  view-data: 3.4086052253842354
