times:
  edit-metadata: 1.4242676720023155
  landing: 0.9026516601443291
  view-data: 3.448145307600498
