times:
  edit-metadata: 1.42632307857275
  landing: 0.8956598415970802
  view-data: 3.2569488883018494
