times:
  edit-metadata: 1.5513562224805355
  landing: 0.9840920902788639
  view-data: 3.3158008493483067
