times:
  edit-metadata: 1.3930140510201454
  landing: 0.9123547151684761
  view-data: 3.324092246592045
