times:
  edit-metadata: 1.3836801126599312
  landing: 0.8520541191101074
  view-data: 3.594053663313389
