times:
  edit-metadata: 1.4461393356323242
  landing: 0.8799555338919163
  view-data: 3.296747289597988
