times:
  edit-metadata: 1.4451404213905334
  landing: 0.7733902484178543
  view-data: 3.4728884622454643
