times:
  edit-metadata: 1.5112806521356106
  landing: 0.8684741742908955
  view-data: 3.2991498336195946
