times:
  edit-metadata: 1.5156167820096016
  landing: 1.1063470244407654
  view-data: 3.490671068429947
