times:
  edit-metadata: 1.4270143136382103
  landing: 0.9032054990530014
  view-data: 3.4278626888990402
