times:
  edit-metadata: 1.5404943004250526
  landing: 0.951888270676136
  view-data: 3.314535476267338
