times:
  edit-metadata: 1.700115092098713
  landing: 0.9178446903824806
  view-data: 3.3380181342363358
