times:
  edit-metadata: 1.5958271622657776
  landing: 1.0334744453430176
  view-data: 3.3817124888300896
