times:
  edit-metadata: 1.422119788825512
  landing: 0.9020764380693436
  view-data: 3.4807116463780403
