times:
  edit-metadata: 1.5422676354646683
  landing: 0.9228013530373573
  view-data: 3.3772237449884415
