times:
  edit-metadata: 1.485521785914898
  landing: 0.8885854184627533
  view-data: 3.2859902307391167
