times:
  edit-metadata: 1.7306447252631187
  landing: 1.0036818757653236
  view-data: 3.33638808503747
