times:
  edit-metadata: 1.2898758724331856
  landing: 0.8824577331542969
  view-data: 3.4723521023988724
