times:
  edit-metadata: 2.0823012962937355
  landing: 0.9804688841104507
  view-data: 3.4320476800203323
