times:
  edit-metadata: 1.4688758924603462
  landing: 0.8973537683486938
  view-data: 3.292643539607525
