times:
  edit-metadata: 1.4730051532387733
  landing: 0.8464353308081627
  view-data: 3.4293641597032547
