times:
  edit-metadata: 1.4561463817954063
  landing: 0.9204582795500755
  view-data: 3.3290089294314384
