times:
  edit-metadata: 1.5755512118339539
  landing: 0.8143479377031326
  view-data: 3.592387840151787
