times:
  edit-metadata: 1.5444235354661942
  landing: 1.0743933767080307
  view-data: 3.299976199865341
