times:
  edit-metadata: 1.4231513887643814
  landing: 0.8464691787958145
  view-data: 3.4518678709864616
