times:
  edit-metadata: 1.4644149392843246
  landing: 0.8948884084820747
  view-data: 3.3125364743173122
