times:
  edit-metadata: 1.4344220757484436
  landing: 0.8069710806012154
  view-data: 3.3915329352021217
