times:
  edit-metadata: 2.9975425079464912
  landing: 1.7973770201206207
  view-data: 3.754236660897732
