times:
  edit-metadata: 1.4895687960088253
  landing: 0.8096011951565742
  view-data: 3.3418211229145527
