times:
  edit-metadata: 1.5185950323939323
  landing: 0.8353483378887177
  view-data: 3.4393226355314255
