times:
  edit-metadata: 1.4292723760008812
  landing: 0.892585352063179
  view-data: 3.3033692613244057
