times:
  edit-metadata: 1.5271546840667725
  landing: 0.8903859928250313
  view-data: 3.334069959819317
