times:
  edit-metadata: 1.4169736057519913
  landing: 0.9064336493611336
  view-data: 3.425038143992424
