times:
  edit-metadata: 2.141442760825157
  landing: 1.1070846542716026
  view-data: 3.3432004004716873
