times:
  edit-metadata: 1.504608727991581
  landing: 0.9656943678855896
  view-data: 3.3006571829319
