times:
  edit-metadata: 1.7403239011764526
  landing: 1.1199039407074451
  view-data: 3.402691151946783
