times:
  edit-metadata: 1.4249637052416801
  landing: 0.7684119567275047
  view-data: 3.46633942425251
