times:
  edit-metadata: 1.4123917035758495
  landing: 0.825074702501297
  view-data: 3.2434005551040173
