times:
  edit-metadata: 1.5212639942765236
  landing: 0.8832307830452919
  view-data: 3.280045285820961
