times:
  edit-metadata: 1.4278409108519554
  landing: 0.8455843739211559
  view-data: 3.3400658816099167
