times:
  edit-metadata: 1.5951392874121666
  landing: 0.9584830850362778
  view-data: 3.30407602339983
