times:
  edit-metadata: 1.4643497690558434
  landing: 0.9284426867961884
  view-data: 3.479952521622181
