times:
  edit-metadata: 1.5465847700834274
  landing: 0.794482633471489
  view-data: 3.4988110288977623
