times:
  edit-metadata: 1.3725125044584274
  landing: 0.9621632993221283
  view-data: 3.4389559999108315
