times:
  edit-metadata: 1.426251620054245
  landing: 0.8540978282690048
  view-data: 3.4523515552282333
