times:
  edit-metadata: 1.3626767173409462
  landing: 0.8054599314928055
  view-data: 3.476258724927902
