times:
  edit-metadata: 1.4262574389576912
  landing: 0.8344118520617485
  view-data: 3.529003754258156
