times:
  edit-metadata: 1.7068567648530006
  landing: 0.7899688556790352
  view-data: 3.5024478137493134
