times:
  edit-metadata: 1.4646928235888481
  landing: 0.7807142734527588
  view-data: 3.3488672375679016
