times:
  edit-metadata: 1.41593112424016
  landing: 0.8733715228736401
  view-data: 3.3653029650449753
