times:
  edit-metadata: 1.49537143856287
  landing: 0.8232924565672874
  view-data: 3.553028754889965
