times:
  edit-metadata: 1.4294555932283401
  landing: 0.8416706398129463
  view-data: 3.450186587870121
