times:
  edit-metadata: 1.4553608298301697
  landing: 0.8119017854332924
  view-data: 3.520047977566719
