times:
  edit-metadata: 1.4575628191232681
  landing: 0.7302642166614532
  view-data: 3.4697509482502937
