times:
  edit-metadata: 1.9131429269909859
  landing: 1.201908066868782
  view-data: 3.482397675514221
