times:
  edit-metadata: 2.2664656937122345
  landing: 1.2513720989227295
  view-data: 3.6972255632281303
