times:
  edit-metadata: 1.4379296377301216
  landing: 0.77867641299963
  view-data: 3.399670496582985
