times:
  edit-metadata: 1.4808650761842728
  landing: 0.8273071497678757
  view-data: 3.4644750356674194
