times:
  edit-metadata: 1.4866257272660732
  landing: 0.8470220938324928
  view-data: 3.3040306828916073
