times:
  edit-metadata: 1.4160666801035404
  landing: 0.8956180959939957
  view-data: 3.332047000527382
