times:
  edit-metadata: 1.4204469919204712
  landing: 0.850224070250988
  view-data: 3.278924822807312
