times:
  edit-metadata: 1.4600656628608704
  landing: 0.7616612687706947
  view-data: 3.4473498836159706
