times:
  edit-metadata: 1.3881744891405106
  landing: 0.873568594455719
  view-data: 3.293772578239441
