times:
  edit-metadata: 1.6685679256916046
  landing: 0.9015435762703419
  view-data: 3.2726034596562386
