times:
  edit-metadata: 1.3738692551851273
  landing: 0.7843772023916245
  view-data: 3.454491451382637
