times:
  edit-metadata: 1.4486780762672424
  landing: 0.7179150655865669
  view-data: 3.3890188857913017
