times:
  edit-metadata: 1.4238584786653519
  landing: 0.8487948700785637
  view-data: 3.424669995903969
