times:
  edit-metadata: 1.4099901244044304
  landing: 0.7760935835540295
  view-data: 3.282997537404299
