times:
  edit-metadata: 1.4537518061697483
  landing: 0.8451163917779922
  view-data: 3.3424829803407192
