times:
  edit-metadata: 1.3707233294844627
  landing: 0.7927002757787704
  view-data: 3.3450624495744705
