times:
  edit-metadata: 1.4132797792553902
  landing: 0.8259422034025192
  view-data: 3.328063439577818
