times:
  edit-metadata: 1.4101912304759026
  landing: 0.8037974908947945
  view-data: 3.507176525890827
