times:
  edit-metadata: 1.4321317188441753
  landing: 0.775618813931942
  view-data: 3.295989617705345
