times:
  edit-metadata: 1.7221560329198837
  landing: 0.9480607435107231
  view-data: 3.4495526924729347
