times:
  edit-metadata: 1.455583043396473
  landing: 0.7835747450590134
  view-data: 3.4088657945394516
