times:
  edit-metadata: 1.4374693036079407
  landing: 0.8195182159543037
  view-data: 3.5150347650051117
