times:
  edit-metadata: 1.5104159750044346
  landing: 0.9006957449018955
  view-data: 3.3361778631806374
