times:
  edit-metadata: 1.6128379702568054
  landing: 0.9914343766868114
  view-data: 3.402241036295891
