times:
  edit-metadata: 1.4260436594486237
  landing: 0.8146095424890518
  view-data: 3.300618052482605
