times:
  edit-metadata: 1.5916523560881615
  landing: 1.0831536948680878
  view-data: 3.3347687050700188
