times:
  edit-metadata: 1.5104347653687
  landing: 1.0190556980669498
  view-data: 3.275788638740778
