times:
  edit-metadata: 1.4498426765203476
  landing: 0.8855808898806572
  view-data: 3.3305322378873825
