times:
  edit-metadata: 1.7268724143505096
  landing: 0.9199694246053696
  view-data: 3.3868421763181686
