times:
  edit-metadata: 1.352107971906662
  landing: 0.8040799610316753
  view-data: 3.3016517274081707
