times:
  edit-metadata: 1.3863056376576424
  landing: 0.9035838954150677
  view-data: 3.3468343503773212
