times:
  edit-metadata: 1.6531418040394783
  landing: 1.083221435546875
  view-data: 3.788760557770729
