times:
  edit-metadata: 1.4039355218410492
  landing: 0.8889082968235016
  view-data: 3.401612251996994
