times:
  edit-metadata: 1.6483010835945606
  landing: 0.9672170430421829
  view-data: 3.3634312339127064
