times:
  edit-metadata: 1.5051848664879799
  landing: 0.7611990123987198
  view-data: 3.4208836928009987
