times:
  edit-metadata: 1.475048951804638
  landing: 0.873548187315464
  view-data: 3.3077941313385963
