times:
  edit-metadata: 1.4903733730316162
  landing: 0.7715877443552017
  view-data: 3.3086748272180557
