times:
  edit-metadata: 2.0654245167970657
  landing: 1.403933696448803
  view-data: 3.3719211146235466
