times:
  edit-metadata: 1.507865071296692
  landing: 0.7285806983709335
  view-data: 3.4790735095739365
