times:
  edit-metadata: 1.5498996078968048
  landing: 0.9326114691793919
  view-data: 3.3458705618977547
