times:
  edit-metadata: 1.5202099084854126
  landing: 0.7809470966458321
  view-data: 3.518359959125519
