times:
  edit-metadata: 1.634628139436245
  landing: 0.9494023248553276
  view-data: 3.337652809917927
