times:
  edit-metadata: 1.4813851304352283
  landing: 0.892327755689621
  view-data: 3.371007915586233
