times:
  edit-metadata: 1.4089170955121517
  landing: 0.8242422267794609
  view-data: 3.3707816153764725
