times:
  edit-metadata: 2.0325755067169666
  landing: 1.728957686573267
  view-data: 3.341162871569395
