times:
  edit-metadata: 1.3905177265405655
  landing: 0.878025472164154
  view-data: 3.2990955002605915
