times:
  edit-metadata: 1.5346595123410225
  landing: 0.8441949635744095
  view-data: 3.56647489964962
