times:
  edit-metadata: 1.5115644484758377
  landing: 0.9332821369171143
  view-data: 3.3683145605027676
