times:
  edit-metadata: 1.4286466538906097
  landing: 0.7985309511423111
  view-data: 3.5071837455034256
