times:
  edit-metadata: 1.52448058873415
  landing: 1.4732489958405495
  view-data: 3.4827374517917633
