times:
  edit-metadata: 1.849018171429634
  landing: 1.497506007552147
  view-data: 3.3777092546224594
