times:
  edit-metadata: 1.377677284181118
  landing: 0.7920064926147461
  view-data: 3.4543287828564644
