times:
  edit-metadata: 1.4979584887623787
  landing: 0.7359848245978355
  view-data: 3.4660339802503586
