times:
  edit-metadata: 1.4594764783978462
  landing: 0.8887013345956802
  view-data: 3.2847209349274635
