times:
  edit-metadata: 1.4076327681541443
  landing: 0.8500596694648266
  view-data: 3.3035514317452908
