times:
  edit-metadata: 1.5527315735816956
  landing: 1.071307435631752
  view-data: 3.5823035165667534
