times:
  edit-metadata: 1.3589360229671001
  landing: 0.8002865798771381
  view-data: 3.314712356775999
