times:
  edit-metadata: 1.4144455268979073
  landing: 0.7803495153784752
  view-data: 3.5168789252638817
