times:
  edit-metadata: 1.4814132452011108
  landing: 0.8659783229231834
  view-data: 3.382169082760811
