times:
  edit-metadata: 1.4259275868535042
  landing: 0.975261501967907
  view-data: 3.557642340660095
