times:
  edit-metadata: 1.426228255033493
  landing: 0.8724997192621231
  view-data: 3.3783469274640083
