times:
  edit-metadata: 1.5150242373347282
  landing: 0.8528621941804886
  view-data: 3.454715244472027
