times:
  edit-metadata: 1.7351973876357079
  landing: 0.9458966962993145
  view-data: 3.291401896625757
