times:
  edit-metadata: 1.4399069249629974
  landing: 0.9708960801362991
  view-data: 3.4134414196014404
