times:
  edit-metadata: 1.4850306808948517
  landing: 0.9786434173583984
  view-data: 3.6632207110524178
