times:
  edit-metadata: 1.5714291743934155
  landing: 0.9004938788712025
  view-data: 3.309959802776575
