times:
  edit-metadata: 1.3934878557920456
  landing: 0.8090433701872826
  view-data: 3.492664024233818
