times:
  edit-metadata: 1.4840700179338455
  landing: 0.839059628546238
  view-data: 3.4623684510588646
