times:
  edit-metadata: 1.4332506023347378
  landing: 0.8358164541423321
  view-data: 3.298805993050337
