times:
  edit-metadata: 1.5472106114029884
  landing: 0.8236638754606247
  view-data: 3.5270454734563828
