times:
  edit-metadata: 1.420817542821169
  landing: 0.8789692148566246
  view-data: 3.2975751347839832
