times:
  edit-metadata: 1.3748691827058792
  landing: 0.9284453615546227
  view-data: 3.4983348697423935
