times:
  edit-metadata: 1.6905214115977287
  landing: 0.8916126266121864
  view-data: 3.395594112575054
