times:
  edit-metadata: 1.427470725029707
  landing: 0.8396137990057468
  view-data: 3.3702905289828777
