times:
  edit-metadata: 1.4568313844501972
  landing: 0.9742173627018929
  view-data: 3.3112533539533615
