times:
  edit-metadata: 1.5535459220409393
  landing: 0.7713533937931061
  view-data: 3.371253825724125
