times:
  edit-metadata: 1.410651534795761
  landing: 0.9310200437903404
  view-data: 3.2581961527466774
