times:
  edit-metadata: 1.4631537422537804
  landing: 0.9024821817874908
  view-data: 3.3123321011662483
