times:
  edit-metadata: 1.5491014644503593
  landing: 1.0084454491734505
  view-data: 3.5238442942500114
