times:
  edit-metadata: 2.0410913228988647
  landing: 1.075603410601616
  view-data: 3.6139311715960503
