times:
  edit-metadata: 1.5116374604403973
  landing: 0.9074472039937973
  view-data: 3.3310561887919903
