times:
  edit-metadata: 1.5079136341810226
  landing: 0.8567697629332542
  view-data: 3.523991085588932
