times:
  edit-metadata: 1.4576503187417984
  landing: 0.9406420737504959
  view-data: 3.5424773022532463
