times:
  edit-metadata: 2.636898808181286
  landing: 1.656936652958393
  view-data: 3.715488314628601
