times:
  edit-metadata: 1.615697756409645
  landing: 0.8534759357571602
  view-data: 3.4629934057593346
