times:
  edit-metadata: 1.4202065765857697
  landing: 0.781366378068924
  view-data: 3.296009384095669
