times:
  edit-metadata: 1.5355957224965096
  landing: 0.8570521920919418
  view-data: 3.494121991097927
