times:
  edit-metadata: 1.4736210852861404
  landing: 0.8403889425098896
  view-data: 3.307573065161705
