times:
  edit-metadata: 1.404830388724804
  landing: 0.951040793210268
  view-data: 3.3089737370610237
