times:
  edit-metadata: 1.4427501633763313
  landing: 0.8457465618848801
  view-data: 3.3421793058514595
