times:
  edit-metadata: 1.5418224334716797
  landing: 0.9579882845282555
  view-data: 3.3416668251156807
