times:
  edit-metadata: 1.619415383785963
  landing: 0.8967528156936169
  view-data: 3.3069622479379177
