times:
  edit-metadata: 1.4633055180311203
  landing: 0.7643855437636375
  view-data: 3.4599373638629913
