times:
  edit-metadata: 1.538707047700882
  landing: 0.8676370978355408
  view-data: 3.4836952164769173
