times:
  edit-metadata: 1.493950005620718
  landing: 0.867267768830061
  view-data: 3.332570355385542
