times:
  edit-metadata: 1.4558946304023266
  landing: 0.8210157975554466
  view-data: 3.345589742064476
