times:
  edit-metadata: 1.782376505434513
  landing: 1.3970724865794182
  view-data: 3.413151152431965
