times:
  edit-metadata: 1.5588869452476501
  landing: 0.7930602356791496
  view-data: 3.486951492726803
