times:
  edit-metadata: 1.499611534178257
  landing: 0.9275351278483868
  view-data: 3.2775119356811047
