times:
  edit-metadata: 2.0330066978931427
  landing: 1.222093716263771
  view-data: 3.676767885684967
