times:
  edit-metadata: 2.8190557956695557
  landing: 1.3958108834922314
  view-data: 3.491227652877569
