times:
  edit-metadata: 1.497379556298256
  landing: 0.9432512074708939
  view-data: 3.3214078545570374
