times:
  edit-metadata: 1.5264965705573559
  landing: 0.8058868013322353
  view-data: 3.3685243539512157
