times:
  edit-metadata: 1.4760651588439941
  landing: 1.0429473742842674
  view-data: 3.6232811510562897
