times:
  edit-metadata: 1.4851411134004593
  landing: 0.8781541734933853
  view-data: 3.3018252477049828
