times:
  edit-metadata: 1.8851282112300396
  landing: 0.8608680367469788
  view-data: 3.3113734126091003
