times:
  edit-metadata: 1.3920965269207954
  landing: 0.7967868521809578
  view-data: 3.532527446746826
