times:
  edit-metadata: 1.4369457811117172
  landing: 0.8727102354168892
  view-data: 3.3760334476828575
