times:
  edit-metadata: 1.6216278076171875
  landing: 0.9472586810588837
  view-data: 3.395903952419758
