times:
  edit-metadata: 2.9901171885430813
  landing: 1.2553455978631973
  view-data: 3.6329282000660896
