times:
  edit-metadata: 1.4645532928407192
  landing: 0.798262819647789
  view-data: 3.483633205294609
