times:
  edit-metadata: 1.427293986082077
  landing: 0.8148477226495743
  view-data: 3.451164647936821
