times:
  edit-metadata: 1.3544977754354477
  landing: 0.7899867370724678
  view-data: 3.462407074868679
