times:
  edit-metadata: 1.3689789399504662
  landing: 0.776708573102951
  view-data: 3.4783805161714554
