times:
  edit-metadata: 1.6431663781404495
  landing: 0.9346525445580482
  view-data: 3.3131708055734634
