times:
  edit-metadata: 1.6246679946780205
  landing: 0.860691174864769
  view-data: 3.287396676838398
