times:
  edit-metadata: 1.476297564804554
  landing: 1.102514248341322
  view-data: 3.2798522785305977
