times:
  edit-metadata: 1.4458240568637848
  landing: 0.7936810627579689
  view-data: 3.4770156145095825
