times:
  edit-metadata: 1.5214443728327751
  landing: 0.9413674622774124
  view-data: 3.3282831124961376
