times:
  edit-metadata: 1.5202405825257301
  landing: 0.8673512935638428
  view-data: 3.371790274977684
