times:
  edit-metadata: 1.5592842400074005
  landing: 0.8539141342043877
  view-data: 3.2981585040688515
