times:
  edit-metadata: 1.4473338946700096
  landing: 0.8902621641755104
  view-data: 3.4245174154639244
