times:
  edit-metadata: 1.4919723495841026
  landing: 0.7402049526572227
  view-data: 3.4349480643868446
