times:
  edit-metadata: 1.3910086527466774
  landing: 0.7721129283308983
  view-data: 3.458584599196911
