times:
  edit-metadata: 1.411871686577797
  landing: 0.7356796637177467
  view-data: 3.539407327771187
