times:
  edit-metadata: 2.722166121006012
  landing: 1.989491879940033
  view-data: 3.82746784389019
