times:
  edit-metadata: 1.3552316464483738
  landing: 0.736109547317028
  view-data: 3.2786864154040813
