times:
  edit-metadata: 1.401417002081871
  landing: 0.7160104215145111
  view-data: 3.4549867808818817
