times:
  edit-metadata: 1.5815957449376583
  landing: 0.9444758705794811
  view-data: 3.2839622236788273
