times:
  edit-metadata: 1.4702595844864845
  landing: 1.2062043324112892
  view-data: 3.596304550766945
