times:
  edit-metadata: 1.5254662334918976
  landing: 0.7533388063311577
  view-data: 3.4816459864377975
