times:
  edit-metadata: 1.4304703548550606
  landing: 0.9127027913928032
  view-data: 3.267068460583687
