times:
  edit-metadata: 1.4596431255340576
  landing: 0.9108121767640114
  view-data: 3.5709788277745247
