times:
  edit-metadata: 1.4416495114564896
  landing: 0.8273010104894638
  view-data: 3.5046139657497406
