times:
  edit-metadata: 1.3859437927603722
  landing: 0.813248299062252
  view-data: 3.447045177221298
