times:
  edit-metadata: 1.3601202070713043
  landing: 0.8095822334289551
  view-data: 3.3324685096740723
