times:
  edit-metadata: 1.4009099155664444
  landing: 0.7549955174326897
  view-data: 3.5702764093875885
