times:
  edit-metadata: 1.6036473736166954
  landing: 0.8364494889974594
  view-data: 3.3063621297478676
