times:
  edit-metadata: 1.6427938304841518
  landing: 0.9669944122433662
  view-data: 3.3378229402005672
