times:
  edit-metadata: 1.4602776020765305
  landing: 0.9318955689668655
  view-data: 3.5444994270801544
