times:
  edit-metadata: 1.4173011109232903
  landing: 0.7796489372849464
  view-data: 3.4769743233919144
