times:
  edit-metadata: 1.3755065202713013
  landing: 0.7232967242598534
  view-data: 3.4223015308380127
