times:
  edit-metadata: 1.5597205720841885
  landing: 0.8649618327617645
  view-data: 3.3387283757328987
