times:
  edit-metadata: 1.3696625605225563
  landing: 0.768485177308321
  view-data: 3.2863440439105034
