times:
  edit-metadata: 1.537841372191906
  landing: 0.904859185218811
  view-data: 3.342788629233837
