times:
  edit-metadata: 1.4573532305657864
  landing: 0.7364201471209526
  view-data: 3.245121356099844
