times:
  edit-metadata: 1.468984168022871
  landing: 0.8642424941062927
  view-data: 3.370929479598999
