times:
  edit-metadata: 1.4820391535758972
  landing: 0.7421294823288918
  view-data: 3.408817157149315
