times:
  edit-metadata: 1.455675445497036
  landing: 0.7953687757253647
  view-data: 3.48422222584486
