times:
  edit-metadata: 1.4533506445586681
  landing: 0.7213132344186306
  view-data: 3.393027141690254
