times:
  edit-metadata: 1.4857944585382938
  landing: 0.8004187569022179
  view-data: 3.3743747621774673
