times:
  edit-metadata: 1.5321378037333488
  landing: 0.8089504837989807
  view-data: 3.3311665058135986
