times:
  edit-metadata: 1.2492994219064713
  landing: 0.807390958070755
  view-data: 3.466086693108082
