times:
  edit-metadata: 1.4560939446091652
  landing: 0.8394001349806786
  view-data: 3.441807873547077
