times:
  edit-metadata: 1.3949934542179108
  landing: 0.7037798166275024
  view-data: 3.4785586073994637
