times:
  edit-metadata: 1.6917393431067467
  landing: 0.8573652356863022
  view-data: 3.488348610699177
