times:
  edit-metadata: 1.5008160918951035
  landing: 0.803079143166542
  view-data: 3.322741910815239
