times:
  edit-metadata: 1.547886110842228
  landing: 1.1166862100362778
  view-data: 3.529897056519985
