times:
  edit-metadata: 1.4515643119812012
  landing: 0.7793708071112633
  view-data: 3.5507810711860657
