times:
  edit-metadata: 1.4815719425678253
  landing: 0.8000944927334785
  view-data: 3.496187523007393
