times:
  edit-metadata: 1.6855570264160633
  landing: 1.040390256792307
  view-data: 3.4795284308493137
