times:
  edit-metadata: 1.4813248738646507
  landing: 0.7919472083449364
  view-data: 3.3426967039704323
