times:
  edit-metadata: 1.339427124708891
  landing: 0.8455985896289349
  view-data: 3.299108285456896
