times:
  edit-metadata: 1.5317716151475906
  landing: 0.7745611816644669
  view-data: 3.29194350913167
