times:
  edit-metadata: 1.7240500673651695
  landing: 0.9140773639082909
  view-data: 3.438339076936245
