times:
  edit-metadata: 1.641100101172924
  landing: 1.3976371884346008
  view-data: 3.3080089949071407
