times:
  edit-metadata: 1.4646224305033684
  landing: 0.8307620286941528
  view-data: 3.4858256056904793
