times:
  edit-metadata: 1.4537039697170258
  landing: 0.7734501287341118
  view-data: 3.4901017174124718
