times:
  edit-metadata: 1.4776154458522797
  landing: 0.7255792617797852
  view-data: 3.8317337185144424
