times:
  edit-metadata: 1.414382167160511
  landing: 0.7824691757559776
  view-data: 3.441420204937458
