times:
  edit-metadata: 1.4941339641809464
  landing: 0.7871986962854862
  view-data: 3.334756553173065
