times:
  edit-metadata: 1.5073587074875832
  landing: 0.773943804204464
  view-data: 3.469822019338608
