times:
  edit-metadata: 1.5088403522968292
  landing: 0.9537320658564568
  view-data: 3.377371657639742
