times:
  edit-metadata: 1.4121559709310532
  landing: 0.835288017988205
  view-data: 3.538412354886532
