times:
  edit-metadata: 1.3324416428804398
  landing: 0.7742935717105865
  view-data: 3.3355707824230194
