times:
  edit-metadata: 1.4360704720020294
  landing: 0.8007434904575348
  view-data: 3.3389838486909866
