times:
  edit-metadata: 1.331326737999916
  landing: 0.7485485374927521
  view-data: 3.3054750859737396
