times:
  edit-metadata: 1.4656568244099617
  landing: 0.7099404893815517
  view-data: 3.588903319090605
