times:
  edit-metadata: 1.3425420224666595
  landing: 0.8002071678638458
  view-data: 3.513714626431465
