times:
  edit-metadata: 1.2902365028858185
  landing: 0.79677664488554
  view-data: 3.6390475705266
