times:
  edit-metadata: 2.052401877939701
  landing: 1.1684827283024788
  view-data: 3.34924279153347
