times:
  edit-metadata: 1.4224157109856606
  landing: 0.8130449131131172
  view-data: 3.5081917345523834
