times:
  edit-metadata: 1.3804441951215267
  landing: 0.8532769754528999
  view-data: 3.329282894730568
