times:
  edit-metadata: 1.364450454711914
  landing: 0.8780423663556576
  view-data: 3.3235312066972256
