times:
  edit-metadata: 1.5898493826389313
  landing: 0.9157719314098358
  view-data: 3.358431614935398
