times:
  edit-metadata: 1.5360362157225609
  landing: 0.8146791532635689
  view-data: 3.3270153030753136
