times:
  edit-metadata: 1.487091951072216
  landing: 0.8009265102446079
  view-data: 3.38559016212821
