times:
  edit-metadata: 1.3759179264307022
  landing: 0.7980330586433411
  view-data: 3.3931695744395256
