times:
  edit-metadata: 1.4740144088864326
  landing: 0.8716330230236053
  view-data: 3.5176283344626427
