times:
  edit-metadata: 1.4410264864563942
  landing: 0.8571901097893715
  view-data: 3.311299905180931
