times:
  edit-metadata: 1.5001725777983665
  landing: 0.7751763314008713
  view-data: 3.369216725230217
