times:
  edit-metadata: 1.3780082911252975
  landing: 0.7804568111896515
  view-data: 3.4532954916357994
