times:
  edit-metadata: 1.3380871936678886
  landing: 0.7555735558271408
  view-data: 3.438772700726986
