times:
  edit-metadata: 1.4971895813941956
  landing: 1.2558860033750534
  view-data: 3.494512900710106
