times:
  edit-metadata: 1.4202542901039124
  landing: 0.7302334606647491
  view-data: 3.254684552550316
