times:
  edit-metadata: 1.4799673557281494
  landing: 0.7766231596469879
  view-data: 3.5164507776498795
