times:
  edit-metadata: 1.4883946478366852
  landing: 0.7449603229761124
  view-data: 3.4670979976654053
