times:
  edit-metadata: 1.4847562909126282
  landing: 0.742066279053688
  view-data: 3.486990235745907
