times:
  edit-metadata: 1.3822806254029274
  landing: 0.7835342660546303
  view-data: 3.4199617952108383
