times:
  edit-metadata: 1.9132997542619705
  landing: 1.140066735446453
  view-data: 3.4017200395464897
