times:
  edit-metadata: 1.5029335021972656
  landing: 0.8111906126141548
  view-data: 3.496152102947235
