times:
  edit-metadata: 1.541169449687004
  landing: 0.8419773951172829
  view-data: 3.4033805951476097
