times:
  edit-metadata: 1.4188208878040314
  landing: 0.836604468524456
  view-data: 3.3009546212852
