times:
  edit-metadata: 1.5547031350433826
  landing: 0.7703605629503727
  view-data: 3.3041975274682045
