times:
  edit-metadata: 1.6478728987276554
  landing: 0.8440176360309124
  view-data: 3.3801466710865498
