times:
  edit-metadata: 1.5026994049549103
  landing: 0.8177156709134579
  view-data: 3.3061272986233234
