times:
  edit-metadata: 1.6482475697994232
  landing: 0.674142949283123
  view-data: 3.4965181797742844
