times:
  edit-metadata: 1.4170204550027847
  landing: 0.7594062276184559
  view-data: 3.3135194443166256
