times:
  edit-metadata: 1.4239932149648666
  landing: 0.7212325856089592
  view-data: 3.511233776807785
