times:
  edit-metadata: 1.4234630949795246
  landing: 0.8018403239548206
  view-data: 3.3340562283992767
