times:
  edit-metadata: 1.401133544743061
  landing: 0.7642976269125938
  view-data: 3.502518057823181
