times:
  edit-metadata: 1.36122602596879
  landing: 0.8001359663903713
  view-data: 3.316592615097761
