times:
  edit-metadata: 1.5224899128079414
  landing: 0.7075618579983711
  view-data: 3.5070796981453896
