times:
  edit-metadata: 1.637879353016615
  landing: 0.9038216806948185
  view-data: 3.4506291709840298
