times:
  edit-metadata: 1.3485132232308388
  landing: 0.7320260852575302
  view-data: 3.4669047370553017
