times:
  edit-metadata: 1.4460656717419624
  landing: 0.6686797216534615
  view-data: 3.4361675307154655
