times:
  edit-metadata: 1.4235649853944778
  landing: 0.7691135853528976
  view-data: 3.3136874586343765
