times:
  edit-metadata: 1.3772824481129646
  landing: 0.8713363483548164
  view-data: 3.5280996039509773
