times:
  edit-metadata: 1.347793821245432
  landing: 0.7666239701211452
  view-data: 3.3513111509382725
