times:
  edit-metadata: 1.6257715225219727
  landing: 0.9176546484231949
  view-data: 3.421528607606888
