times:
  edit-metadata: 1.5855225175619125
  landing: 0.7920099496841431
  view-data: 3.3234723918139935
