times:
  edit-metadata: 1.386405035853386
  landing: 0.7143431417644024
  view-data: 3.295271147042513
