times:
  edit-metadata: 1.3515028804540634
  landing: 0.7315066754817963
  view-data: 3.4783287048339844
