times:
  edit-metadata: 1.397321231663227
  landing: 0.7700152918696404
  view-data: 3.4365365356206894
