times:
  edit-metadata: 1.4963407218456268
  landing: 0.7752866446971893
  view-data: 3.5108545422554016
