times:
  edit-metadata: 1.464057669043541
  landing: 0.8819103688001633
  view-data: 3.257802940905094
