times:
  edit-metadata: 1.4714710675179958
  landing: 0.8387035019695759
  view-data: 3.349884606897831
