times:
  edit-metadata: 1.3544880002737045
  landing: 0.727111428976059
  view-data: 3.471756085753441
