times:
  edit-metadata: 1.4170381426811218
  landing: 0.8058988749980927
  view-data: 3.289462998509407
