times:
  edit-metadata: 1.4756622835993767
  landing: 0.8062133342027664
  view-data: 3.4844880998134613
