times:
  edit-metadata: 1.449877344071865
  landing: 0.8472255021333694
  view-data: 3.305435787886381
