times:
  edit-metadata: 1.4778916016221046
  landing: 0.7400789633393288
  view-data: 3.3011385947465897
