times:
  edit-metadata: 2.048598237335682
  landing: 1.1883805021643639
  view-data: 3.452913358807564
