times:
  edit-metadata: 1.4993019625544548
  landing: 0.7641322538256645
  view-data: 3.359565071761608
