times:
  edit-metadata: 1.470271348953247
  landing: 0.8171373382210732
  view-data: 3.3737951889634132
