times:
  edit-metadata: 1.3461749404668808
  landing: 0.8385229930281639
  view-data: 3.498516224324703
