times:
  edit-metadata: 1.3060085326433182
  landing: 0.7975093498826027
  view-data: 3.3553027771413326
