times:
  edit-metadata: 1.4976447373628616
  landing: 0.7600652649998665
  view-data: 3.4994788467884064
