times:
  edit-metadata: 1.4978653341531754
  landing: 0.7893939837813377
  view-data: 3.392236430197954
