times:
  edit-metadata: 1.4673859477043152
  landing: 0.7681382149457932
  view-data: 3.4394620433449745
