times:
  edit-metadata: 1.4210060685873032
  landing: 0.7666725516319275
  view-data: 3.4757425785064697
