times:
  edit-metadata: 1.401021096855402
  landing: 0.828123677521944
  view-data: 3.2959441915154457
