times:
  edit-metadata: 1.513571448624134
  landing: 0.8209432065486908
  view-data: 3.3531981483101845
