times:
  edit-metadata: 1.736869815737009
  landing: 1.0353497825562954
  view-data: 3.3118445836007595
