times:
  edit-metadata: 1.388193629682064
  landing: 0.7238122448325157
  view-data: 3.476441837847233
