times:
  edit-metadata: 1.3527138903737068
  landing: 0.7638237401843071
  view-data: 3.4651101529598236
