times:
  edit-metadata: 1.3783280774950981
  landing: 0.6915862672030926
  view-data: 3.3595931567251682
