times:
  edit-metadata: 1.4143022522330284
  landing: 0.6911569312214851
  view-data: 3.474658727645874
