times:
  edit-metadata: 1.4006415382027626
  landing: 0.7763642072677612
  view-data: 3.4948618039488792
