times:
  edit-metadata: 1.3612886108458042
  landing: 0.8032063357532024
  view-data: 3.317790985107422
