times:
  edit-metadata: 1.463742058724165
  landing: 0.7701421938836575
  view-data: 3.3995007649064064
