times:
  edit-metadata: 1.5108229145407677
  landing: 0.67713762819767
  view-data: 3.4255924820899963
