times:
  edit-metadata: 1.4989626929163933
  landing: 0.7367221340537071
  view-data: 3.441219002008438
