times:
  edit-metadata: 1.4023499563336372
  landing: 0.8941819220781326
  view-data: 3.3394100964069366
