times:
  edit-metadata: 1.5648757703602314
  landing: 0.9239562191069126
  view-data: 3.3385124020278454
