times:
  edit-metadata: 1.4482520669698715
  landing: 0.760902501642704
  view-data: 3.557075321674347
