times:
  edit-metadata: 2.189831130206585
  landing: 1.0645351260900497
  view-data: 3.37875709682703
