times:
  edit-metadata: 1.4819910898804665
  landing: 0.8764628022909164
  view-data: 3.5652294009923935
