times:
  edit-metadata: 1.4140250459313393
  landing: 0.7928857132792473
  view-data: 3.3040434420108795
