times:
  edit-metadata: 1.65360227227211
  landing: 0.8685969710350037
  view-data: 3.4389992356300354
