times:
  edit-metadata: 1.5690251886844635
  landing: 0.7610820233821869
  view-data: 3.433544084429741
