times:
  edit-metadata: 1.4268534630537033
  landing: 0.864659808576107
  view-data: 3.4415875002741814
