times:
  edit-metadata: 2.3961373269557953
  landing: 0.9357548505067825
  view-data: 3.4339283481240273
