times:
  edit-metadata: 1.370080903172493
  landing: 0.7570723742246628
  view-data: 3.309119440615177
