times:
  edit-metadata: 1.3557834178209305
  landing: 0.7187018468976021
  view-data: 3.3959954604506493
