times:
  edit-metadata: 1.458126500248909
  landing: 0.944331519305706
  view-data: 3.3233300894498825
