times:
  edit-metadata: 1.5822766870260239
  landing: 0.8525722622871399
  view-data: 3.4643473103642464
