times:
  edit-metadata: 1.4280058480799198
  landing: 0.8142106607556343
  view-data: 3.342464093118906
