times:
  edit-metadata: 1.4377069063484669
  landing: 0.8280690312385559
  view-data: 3.519732389599085
