times:
  edit-metadata: 1.5246355012059212
  landing: 0.9038701727986336
  view-data: 3.349511168897152
