times:
  edit-metadata: 1.4933240488171577
  landing: 0.8423548713326454
  view-data: 3.522970996797085
