times:
  edit-metadata: 1.3601807281374931
  landing: 0.7498890832066536
  view-data: 3.3840382918715477
