times:
  edit-metadata: 1.6217678934335709
  landing: 0.9667844995856285
  view-data: 3.4605314284563065
