times:
  edit-metadata: 1.3957834616303444
  landing: 0.8156405091285706
  view-data: 3.4618759974837303
