times:
  edit-metadata: 1.9667660929262638
  landing: 1.0789612457156181
  view-data: 3.3281428925693035
