times:
  edit-metadata: 1.6362073794007301
  landing: 1.2605469301342964
  view-data: 3.3309853821992874
