times:
  edit-metadata: 1.934286966919899
  landing: 0.9939432442188263
  view-data: 3.413958728313446
