times:
  edit-metadata: 1.4022525772452354
  landing: 0.8870251215994358
  view-data: 3.3044842146337032
