times:
  edit-metadata: 1.7263333946466446
  landing: 0.9652887210249901
  view-data: 3.487292632460594
