times:
  edit-metadata: 1.3579872697591782
  landing: 0.802568506449461
  view-data: 3.4133853912353516
