times:
  edit-metadata: 1.381785836070776
  landing: 0.9856144413352013
  view-data: 3.3548883348703384
