times:
  edit-metadata: 2.0695586279034615
  landing: 0.8690045028924942
  view-data: 3.295066751539707
