times:
  edit-metadata: 1.4307109266519547
  landing: 0.7191542312502861
  view-data: 3.3585037738084793
