times:
  edit-metadata: 1.428733080625534
  landing: 0.8454788103699684
  view-data: 3.47392301261425
