times:
  edit-metadata: 1.407482586801052
  landing: 0.7981346026062965
  view-data: 3.456633359193802
