times:
  edit-metadata: 1.534328393638134
  landing: 0.9489537104964256
  view-data: 3.477044180035591
