times:
  edit-metadata: 1.488034177571535
  landing: 0.8800348937511444
  view-data: 3.344241861253977
