times:
  edit-metadata: 2.4930104091763496
  landing: 1.6457226946949959
  view-data: 3.5580599904060364
