times:
  edit-metadata: 1.4690180569887161
  landing: 0.7195436060428619
  view-data: 3.481849379837513
