times:
  edit-metadata: 1.465967521071434
  landing: 0.8230428770184517
  view-data: 3.3466688618063927
