times:
  edit-metadata: 1.6918757669627666
  landing: 0.8587248474359512
  view-data: 3.2847229912877083
