times:
  edit-metadata: 2.793906942009926
  landing: 2.7117277681827545
  view-data: 3.6749838665127754
