times:
  edit-metadata: 1.7700368911027908
  landing: 0.8977794237434864
  view-data: 3.378815270960331
