times:
  edit-metadata: 1.5343368723988533
  landing: 0.8217357583343983
  view-data: 3.270076345652342
