times:
  edit-metadata: 1.4618417099118233
  landing: 0.917986024171114
  view-data: 3.3260515220463276
