times:
  edit-metadata: 1.3602334894239902
  landing: 0.8327674977481365
  view-data: 3.361009556800127
