times:
  edit-metadata: 1.4877217262983322
  landing: 0.9321771413087845
  view-data: 3.522098697721958
