times:
  edit-metadata: 1.5592814609408379
  landing: 0.9817650467157364
  view-data: 3.3206188790500164
