times:
  edit-metadata: 1.2559033557772636
  landing: 0.8441563360393047
  view-data: 3.3214492350816727
