times:
  edit-metadata: 1.4666162766516209
  landing: 0.8482435047626495
  view-data: 3.3175295628607273
