times:
  edit-metadata: 1.619721345603466
  landing: 0.9148183986544609
  view-data: 3.316926158964634
