times:
  edit-metadata: 1.4453710652887821
  landing: 1.0526897124946117
  view-data: 3.317295651882887
