times:
  edit-metadata: 1.7723915129899979
  landing: 1.077133648097515
  view-data: 3.4364188238978386
