times:
  edit-metadata: 1.8459156528115273
  landing: 0.9985633417963982
  view-data: 3.361370101571083
