times:
  edit-metadata: 1.4955828711390495
  landing: 0.9248777404427528
  view-data: 3.4450849071145058
