times:
  edit-metadata: 1.4875187687575817
  landing: 0.8566614128649235
  view-data: 3.3025482445955276
