times:
  edit-metadata: 1.4123681411147118
  landing: 0.7745196670293808
  view-data: 3.463230676949024
