times:
  edit-metadata: 1.4244375675916672
  landing: 0.8989929184317589
  view-data: 3.562352381646633
