times:
  edit-metadata: 1.3839688561856747
  landing: 0.9914102554321289
  view-data: 3.3699965961277485
