times:
  edit-metadata: 2.2687295973300934
  landing: 1.4683873653411865
  view-data: 3.6228053271770477
