times:
  edit-metadata: 1.4937520772218704
  landing: 0.8965589627623558
  view-data: 3.4712957739830017
