times:
  edit-metadata: 1.366532165557146
  landing: 0.7767624035477638
  view-data: 3.296492997556925
