times:
  edit-metadata: 1.3968726955354214
  landing: 0.9372329264879227
  view-data: 3.313740525394678
