times:
  edit-metadata: 1.6797593235969543
  landing: 0.8784601092338562
  view-data: 3.3411422297358513
