times:
  edit-metadata: 1.5026228167116642
  landing: 0.8362005949020386
  view-data: 3.3332080394029617
