times:
  edit-metadata: 1.1863034963607788
  landing: 0.7954996526241302
  view-data: 3.367353431880474
