times:
  edit-metadata: 1.4374857395887375
  landing: 0.874382346868515
  view-data: 3.4489321559667587
