times:
  edit-metadata: 1.3760602287948132
  landing: 0.8609994612634182
  view-data: 3.281647924333811
