times:
  edit-metadata: 1.4845362603664398
  landing: 0.8033329471945763
  view-data: 3.506422072649002
