times:
  edit-metadata: 1.3971069678664207
  landing: 1.0167465433478355
  view-data: 3.469999060034752
