times:
  edit-metadata: 2.0008144080638885
  landing: 1.102328859269619
  view-data: 3.7136095836758614
