times:
  edit-metadata: 1.1990661136806011
  landing: 0.8510543704032898
  view-data: 3.32349419221282
