times:
  edit-metadata: 1.4879255294799805
  landing: 0.8764200732111931
  view-data: 3.5251373276114464
