times:
  edit-metadata: 1.7096266113221645
  landing: 0.8369051143527031
  view-data: 3.3200725689530373
