times:
  edit-metadata: 1.6161235868930817
  landing: 1.0223957560956478
  view-data: 3.3362221717834473
