times:
  edit-metadata: 1.370065912604332
  landing: 0.7817991301417351
  view-data: 3.310375064611435
