times:
  edit-metadata: 1.429367110133171
  landing: 0.8943333700299263
  view-data: 3.4542560130357742
