times:
  edit-metadata: 1.5072316080331802
  landing: 0.9007155895233154
  view-data: 3.434197172522545
