times:
  edit-metadata: 1.5406282022595406
  landing: 0.8029868006706238
  view-data: 3.48682052642107
