times:
  edit-metadata: 1.305483590811491
  landing: 0.8701308593153954
  view-data: 3.280804503709078
