times:
  edit-metadata: 1.4736478924751282
  landing: 0.7597741335630417
  view-data: 3.4151962846517563
