times:
  edit-metadata: 1.2839982509613037
  landing: 0.7788794636726379
  view-data: 3.3609808534383774
