times:
  edit-metadata: 1.3816565349698067
  landing: 0.8742964044213295
  view-data: 3.3130825757980347
