times:
  edit-metadata: 1.3680009692907333
  landing: 0.7559278607368469
  view-data: 3.449852369725704
