times:
  edit-metadata: 1.2536456882953644
  landing: 0.7579164728522301
  view-data: 3.3534500375390053
