times:
  edit-metadata: 2.068778831511736
  landing: 1.1134505048394203
  view-data: 3.481774218380451
