times:
  edit-metadata: 1.7197713106870651
  landing: 1.030722502619028
  view-data: 3.370715670287609
