times:
  edit-metadata: 1.446183331310749
  landing: 0.8255598433315754
  view-data: 3.3128861114382744
