times:
  edit-metadata: 1.433682657778263
  landing: 0.7017543241381645
  view-data: 3.30523332208395
