times:
  edit-metadata: 1.873930387198925
  landing: 1.100089207291603
  view-data: 3.5010610073804855
