times:
  edit-metadata: 1.730084776878357
  landing: 0.9236231446266174
  view-data: 3.3313972987234592
