times:
  edit-metadata: 2.6344510093331337
  landing: 1.3731508925557137
  view-data: 3.7303309217095375
