times:
  edit-metadata: 1.485147587954998
  landing: 0.8731313273310661
  view-data: 3.343091979622841
