times:
  edit-metadata: 1.2867774292826653
  landing: 0.8127620927989483
  view-data: 3.2949093356728554
