times:
  edit-metadata: 1.4429179020226002
  landing: 0.8532986454665661
  view-data: 3.5475621819496155
