times:
  edit-metadata: 1.445987954735756
  landing: 0.8493246510624886
  view-data: 3.4151286482810974
