times:
  edit-metadata: 1.3698462098836899
  landing: 0.7558441534638405
  view-data: 3.50717656314373
