times:
  edit-metadata: 1.7080989852547646
  landing: 1.0702441670000553
  view-data: 3.34578587859869
