times:
  edit-metadata: 1.4558092430233955
  landing: 1.103146530687809
  view-data: 3.554582290351391
