times:
  edit-metadata: 1.5169399976730347
  landing: 0.9603190422058105
  view-data: 3.501078426837921
