times:
  edit-metadata: 1.341539666056633
  landing: 0.7840654850006104
  view-data: 3.467989206314087
