times:
  edit-metadata: 1.1974412500858307
  landing: 0.8186054825782776
  view-data: 3.282535918056965
