times:
  edit-metadata: 1.5216819047927856
  landing: 0.8216813430190086
  view-data: 3.3344169557094574
