times:
  edit-metadata: 1.3997123874723911
  landing: 0.8340111039578915
  view-data: 3.3644352070987225
