times:
  edit-metadata: 1.2521998286247253
  landing: 0.7676426842808723
  view-data: 3.371807999908924
