times:
  edit-metadata: 1.5439614355564117
  landing: 0.8806824237108231
  view-data: 3.3629892989993095
