times:
  edit-metadata: 1.5302427187561989
  landing: 0.7680556774139404
  view-data: 3.3236470222473145
