times:
  edit-metadata: 1.6657822951674461
  landing: 0.8661887273192406
  view-data: 3.4523936435580254
