times:
  edit-metadata: 1.472128588706255
  landing: 0.9028169736266136
  view-data: 3.294288109987974
