times:
  edit-metadata: 1.3695848882198334
  landing: 0.8969429433345795
  view-data: 3.5434648543596268
