times:
  edit-metadata: 1.5807024352252483
  landing: 0.8440028540790081
  view-data: 3.3089842088520527
