times:
  edit-metadata: 1.4542021937668324
  landing: 0.9433262124657631
  view-data: 3.3164494521915913
