times:
  edit-metadata: 3.1125143095850945
  landing: 1.7598715350031853
  view-data: 3.9069353118538857
