times:
  edit-metadata: 1.6256434842944145
  landing: 0.943227045238018
  view-data: 3.3688015937805176
