times:
  edit-metadata: 1.3455938026309013
  landing: 0.7208679541945457
  view-data: 3.376733936369419
