times:
  edit-metadata: 1.4318221807479858
  landing: 0.7752297818660736
  view-data: 3.4574101269245148
