times:
  edit-metadata: 1.4381526596844196
  landing: 0.8146695792675018
  view-data: 3.58895705640316
