times:
  edit-metadata: 1.7995955497026443
  landing: 1.1768492832779884
  view-data: 3.3175041899085045
