times:
  edit-metadata: 1.9504630379378796
  landing: 1.5973076671361923
  view-data: 3.4008323661983013
