times:
  edit-metadata: 1.5012101083993912
  landing: 0.8898443356156349
  view-data: 3.314504735171795
