times:
  edit-metadata: 1.3125998564064503
  landing: 0.763722188770771
  view-data: 3.3163772486150265
