times:
  edit-metadata: 1.4603170789778233
  landing: 1.1727702245116234
  view-data: 3.302934654057026
