times:
  edit-metadata: 2.279564529657364
  landing: 1.087712723761797
  view-data: 3.4500945061445236
