times:
  edit-metadata: 1.3738424852490425
  landing: 0.7304622232913971
  view-data: 3.4334252700209618
