times:
  edit-metadata: 2.498201124370098
  landing: 1.3502476997673512
  view-data: 3.75706971809268
