times:
  edit-metadata: 1.2165541499853134
  landing: 0.7842891588807106
  view-data: 3.3577818498015404
