times:
  edit-metadata: 1.3532900251448154
  landing: 0.768449030816555
  view-data: 3.3010390736162663
