times:
  edit-metadata: 1.4194820262491703
  landing: 0.8562285602092743
  view-data: 3.655567239969969
