times:
  edit-metadata: 1.3831901848316193
  landing: 1.2144553363323212
  view-data: 3.4516668245196342
