times:
  edit-metadata: 1.5319416038691998
  landing: 1.0180393196642399
  view-data: 3.35766314715147
