times:
  edit-metadata: 1.3589682951569557
  landing: 0.7704165205359459
  view-data: 3.502090558409691
