times:
  edit-metadata: 1.3289347738027573
  landing: 0.9348606280982494
  view-data: 3.516636673361063
