times:
  edit-metadata: 1.435382418334484
  landing: 0.8326265588402748
  view-data: 3.5153675079345703
