times:
  edit-metadata: 2.196930207312107
  landing: 1.3438483849167824
  view-data: 3.617447078227997
