times:
  edit-metadata: 1.459680750966072
  landing: 0.7932667434215546
  view-data: 3.5533946976065636
