times:
  edit-metadata: 1.659888081252575
  landing: 1.0036398619413376
  view-data: 3.322043791413307
