times:
  edit-metadata: 1.3801391273736954
  landing: 0.8225935474038124
  view-data: 3.4065043851733208
