times:
  edit-metadata: 1.4751616045832634
  landing: 0.7700081616640091
  view-data: 3.5240883752703667
