times:
  edit-metadata: 1.402004186064005
  landing: 0.8855947107076645
  view-data: 3.4591080397367477
