times:
  edit-metadata: 1.3850776180624962
  landing: 0.7962281405925751
  view-data: 3.5134263932704926
