times:
  edit-metadata: 1.3806199878454208
  landing: 0.7876240164041519
  view-data: 3.430427871644497
