times:
  edit-metadata: 1.4625204354524612
  landing: 0.8789228424429893
  view-data: 3.3197819739580154
