times:
  edit-metadata: 1.7924182824790478
  landing: 1.0405284278094769
  view-data: 3.3110405653715134
