times:
  edit-metadata: 1.4586048051714897
  landing: 0.7710248157382011
  view-data: 3.462323524057865
