times:
  edit-metadata: 1.2853594832122326
  landing: 0.8156258761882782
  view-data: 3.316494043916464
