times:
  edit-metadata: 1.4538087584078312
  landing: 0.9613177664577961
  view-data: 3.3650400079786777
