times:
  edit-metadata: 1.4430002197623253
  landing: 0.8168755993247032
  view-data: 3.3034349381923676
