times:
  edit-metadata: 1.4505497589707375
  landing: 0.8820522949099541
  view-data: 3.525625377893448
