times:
  edit-metadata: 1.3741441518068314
  landing: 0.7775250822305679
  view-data: 3.482945539057255
