times:
  edit-metadata: 1.4803124368190765
  landing: 0.9051737189292908
  view-data: 3.4592468068003654
