times:
  edit-metadata: 1.648075819015503
  landing: 0.8866647630929947
  view-data: 3.505194813013077
