times:
  edit-metadata: 1.3499994948506355
  landing: 0.8247522190213203
  view-data: 3.3394176810979843
