times:
  edit-metadata: 1.4491306766867638
  landing: 0.8420200794935226
  view-data: 3.4491503834724426
