times:
  edit-metadata: 1.306250210851431
  landing: 0.7865120209753513
  view-data: 3.30186889693141
