times:
  edit-metadata: 1.433716170489788
  landing: 0.8922222405672073
  view-data: 3.5031205490231514
