times:
  edit-metadata: 1.6225395537912846
  landing: 0.8234647251665592
  view-data: 3.3183277808129787
