times:
  edit-metadata: 1.539679303765297
  landing: 0.830653503537178
  view-data: 3.457989439368248
