times:
  edit-metadata: 1.3974611200392246
  landing: 0.8499812819063663
  view-data: 3.310192000120878
