times:
  edit-metadata: 1.6119489222764969
  landing: 0.903310239315033
  view-data: 3.3289089053869247
