times:
  edit-metadata: 1.8478498756885529
  landing: 1.0042968839406967
  view-data: 3.518961228430271
