times:
  edit-metadata: 2.388194650411606
  landing: 0.8117700964212418
  view-data: 3.517852194607258
