times:
  edit-metadata: 1.5202238261699677
  landing: 0.8321176767349243
  view-data: 3.2707264125347137
