times:
  edit-metadata: 1.4798681288957596
  landing: 0.9815618619322777
  view-data: 3.38332013040781
