times:
  edit-metadata: 1.5029320567846298
  landing: 0.7938421219587326
  view-data: 3.2948328405618668
