times:
  edit-metadata: 1.482421226799488
  landing: 0.778183925896883
  view-data: 3.324055463075638
