times:
  edit-metadata: 1.7654957473278046
  landing: 0.022590351291000843
  view-data: 0.02704778965562582
