times:
  edit-metadata: 0.45452357456088066
  landing: 0.05581663176417351
  view-data: 0.65605662856251
