times:
  edit-metadata: 0.4347537225112319
  landing: 0.053182316944003105
  view-data: 0.2844583671540022
