times:
  edit-metadata: 1.4638140005990863
  landing: 0.9256959240883589
  view-data: 0.6977674411609769
