times:
  edit-metadata: 0.8818110751453787
  landing: 0.04967704298906028
  view-data: 0.39362404588609934
