times:
  edit-metadata: 0.6565966119524091
  landing: 0.06315836403518915
  view-data: 0.23513436503708363
