times:
  edit-metadata: 0.5304398722946644
  landing: 0.39471026323735714
  view-data: 0.25183621421456337
