times:
  edit-metadata: 0.6501284781843424
  landing: 0.5351452454924583
  view-data: 0.2703735176473856
