times:
  edit-metadata: 0.5620172619819641
  landing: 0.7566592376679182
  view-data: 0.4854565802961588
