times:
  edit-metadata: 1.46638585627079
  landing: 0.8449087701737881
  view-data: 3.3708498869091272
