times:
  edit-metadata: 1.7474789442494512
  landing: 0.20785334054380655
  view-data: 0.5633280351758003
