times:
  edit-metadata: 0.5647455248981714
  landing: 0.5849729534238577
  view-data: 0.2750327382236719
