times:
  edit-metadata: 0.5998885589651763
  landing: 0.057217040564864874
  view-data: 0.25166067108511925
