times:
  edit-metadata: 0.5442475602030754
  landing: 0.05610980466008186
  view-data: 0.22364090755581856
