times:
  edit-metadata: 1.9910164074972272
  landing: 0.019673394970595837
  view-data: 0.48233738262206316
