times:
  edit-metadata: 2.0630342047661543
  landing: 0.019918495789170265
  view-data: 0.02578093484044075
