times:
  edit-metadata: 0.9026559600024484
  landing: 0.04799789498792961
  view-data: 0.34401215802063234
