times:
  edit-metadata: 1.5406364910304546
  landing: 0.8002110812813044
  view-data: 3.4039641190320253
