times:
  landing: 0.550842737000039
  view-data: 0.5576108580000323
