times:
  edit-metadata: 0.595660321007017
  landing: 0.05110230500577018
  view-data: 0.2168498209794052
