times:
  edit-metadata: 0.5477435551583767
  landing: 0.04650145024061203
  view-data: 0.24095899239182472
