times:
  edit-metadata: 0.6161026488989592
  landing: 0.046463197097182274
  view-data: 0.24210158502683043
