times:
  edit-metadata: 1.5125151798129082
  landing: 0.7697361037135124
  view-data: 3.3015655539929867
