times:
  edit-metadata: 1.5077446512877941
  landing: 0.7638579774647951
  view-data: 3.4223761446774006
