times:
  edit-metadata: 1.3073752084746957
  landing: 0.09355402924120426
  view-data: 0.11814793106168509
