times:
  edit-metadata: 1.403361352160573
  landing: 22.136842099949718
  view-data: 3.329299908131361
