times:
  edit-metadata: 0.5028123650699854
  landing: 0.8073396850377321
  view-data: 0.3640581890940666
