times:
  edit-metadata: 1.489252045750618
  landing: 0.9969182536005974
  view-data: 3.4378664139658213
