times:
  edit-metadata: 1.3399774292483926
  landing: 0.021422581747174263
  view-data: 0.12478745449334383
