times:
  edit-metadata: 0.6261894510826096
  landing: 0.046182076912373304
  view-data: 0.2240655979840085
