times:
  edit-metadata: 1.6916320724412799
  landing: 0.11789971869438887
  view-data: 0.5291781146079302
