times:
  edit-metadata: 1.9690733347088099
  landing: 0.019514702260494232
  view-data: 0.02819729968905449
