times:
  landing: 0.5496241949999785
  view-data: 0.5455250869999873
