times:
  edit-metadata: 0.594550522044301
  landing: 0.053622100967913866
  view-data: 0.231577179976739
