times:
  edit-metadata: 2.4212530087679625
  landing: 0.25336060486733913
  view-data: 0.573279807344079
