times:
  landing: 1.0829362719999835
  view-data: 0.5872858440000073
