times:
  edit-metadata: 0.5070892460644245
  landing: 0.045760929584503174
  view-data: 0.22626180946826935
