times:
  edit-metadata: 1.4100379459559917
  landing: 0.8555149878375232
  view-data: 3.320414158049971
