times:
  edit-metadata: 0.8817827790044248
  landing: 0.07510801078751683
  view-data: 0.3695789836347103
