times:
  edit-metadata: 1.4580150688998401
  landing: 0.9178555952385068
  view-data: 3.346851509064436
