times:
  edit-metadata: 1.5844577732495964
  landing: 0.8889159518294036
  view-data: 0.7762626921758056
