times:
  edit-metadata: 1.5420506428927183
  landing: 0.8247360475361347
  view-data: 3.422151528298855
