times:
  edit-metadata: 1.4288190649822354
  landing: 0.8590309382416308
  view-data: 3.63330304576084
