times:
  edit-metadata: 1.345795851200819
  landing: 0.11595469154417515
  view-data: 0.22175090294331312
