times:
  edit-metadata: 1.4761863201856613
  landing: 0.8286808477714658
  view-data: 3.3638959992676973
