times:
  edit-metadata: 1.4482175260782242
  landing: 0.9362672567367554
  view-data: 3.4649713337421417
