times:
  edit-metadata: 1.6547043211758137
  landing: 0.96945870667696
  view-data: 3.36661808565259
