times:
  edit-metadata: 1.4708271529525518
  landing: 0.8327606618404388
  view-data: 0.6374120321124792
