times:
  edit-metadata: 1.4352539777755737
  landing: 0.7457043714821339
  view-data: 3.302228782325983
