times:
  edit-metadata: 1.7107640132308006
  landing: 1.1178853549063206
  view-data: 3.2970927618443966
