times:
  landing: 0.6133914529999629
  view-data: 0.5558307200000172
