times:
  edit-metadata: 2.6762101650238037
  landing: 0.2681767363101244
  view-data: 0.13707649894058704
