times:
  edit-metadata: 1.321385738439858
  landing: 0.11559216305613518
  view-data: 0.12102730199694633
