times:
  edit-metadata: 0.5234558768570423
  landing: 1.515757603570819
  view-data: 0.47895206697285175
