times:
  landing: 0.5547315410000238
  view-data: 0.5508015409999416
