times:
  landing: 0.5544741479999971
  view-data: 0.5709812799999838
