times:
  edit-metadata: 1.5438721925020218
  landing: 0.8324333056807518
  view-data: 3.4108344316482544
