times:
  landing: 0.5470268309999824
  view-data: 0.5474706589999982
