times:
  edit-metadata: 1.924743764102459
  landing: 1.1563450656831264
  view-data: 3.3771557062864304
