times:
  edit-metadata: 1.582682877779007
  landing: 1.0394894741475582
  view-data: 3.35766838490963
