times:
  edit-metadata: 0.4526463504880667
  landing: 0.055360072292387486
  view-data: 0.2727141613140702
