times:
  edit-metadata: 0.6322049591690302
  landing: 0.04698577988892794
  view-data: 0.2471997393295169
