times:
  edit-metadata: 2.118071960285306
  landing: 0.13863792270421982
  view-data: 0.025701599195599556
