times:
  edit-metadata: 0.5748588033020496
  landing: 0.05343811959028244
  view-data: 0.222952451556921
