times:
  edit-metadata: 1.301752713508904
  landing: 0.01939733512699604
  view-data: 0.024724310263991356
