times:
  edit-metadata: 1.4842698723077774
  landing: 0.9232791550457478
  view-data: 3.358057849109173
