times:
  edit-metadata: 1.4708623737096786
  landing: 0.8168340288102627
  view-data: 3.3978416956961155
