times:
  edit-metadata: 2.3004904072731733
  landing: 0.13200699537992477
  view-data: 0.5107729397714138
