times:
  landing: 0.5563589509999929
  view-data: 0.556414349999983
