times:
  edit-metadata: 0.9133326190058142
  landing: 0.06953286193311214
  view-data: 0.6024807058274746
