times:
  edit-metadata: 0.6404663659632206
  landing: 0.046107539907097816
  view-data: 0.24445825908333063
