times:
  landing: 0.5543345930000214
  view-data: 0.5703839260000336
