times:
  edit-metadata: 1.9397679064422846
  landing: 0.20626921392977238
  view-data: 0.027391795068979263
