times:
  edit-metadata: 1.5226659253239632
  landing: 0.9345771744847298
  view-data: 3.3694947361946106
