times:
  edit-metadata: 0.4419376999139786
  landing: 0.05102889472618699
  view-data: 0.2670853128656745
