times:
  edit-metadata: 0.602858236990869
  landing: 0.058079575188457966
  view-data: 0.26313949981704354
