times:
  landing: 0.5512972099999729
  view-data: 0.5566393749999747
