times:
  edit-metadata: 1.5701849721372128
  landing: 0.9015954490751028
  view-data: 3.2865019384771585
