times:
  edit-metadata: 0.9298751610331237
  landing: 0.06690891506150365
  view-data: 0.4823923232033849
