times:
  edit-metadata: 2.0666484981775284
  landing: 0.22473585978150368
  view-data: 0.12899101339280605
