times:
  edit-metadata: 1.6693437993526459
  landing: 1.0746984519064426
  view-data: 3.350769143551588
