times:
  edit-metadata: 0.428275890648365
  landing: 0.05067424662411213
  view-data: 0.26568646915256977
