times:
  edit-metadata: 1.319713044911623
  landing: 0.019633950665593147
  view-data: 0.024441534653306007
