times:
  edit-metadata: 2.176086513325572
  landing: 0.019834207370877266
  view-data: 0.024105306714773178
