times:
  edit-metadata: 1.6328148059546947
  landing: 0.8923823423683643
  view-data: 3.3550089187920094
