times:
  edit-metadata: 0.8678066820139065
  landing: 0.047493991965893656
  view-data: 0.2704102590214461
