times:
  edit-metadata: 0.5225097820002702
  landing: 0.04809614700025122
  view-data: 0.2275399540003491
