times:
  edit-metadata: 1.44160732999444
  landing: 0.9638486541807652
  view-data: 3.4264276921749115
