times:
  edit-metadata: 1.9729922423139215
  landing: 0.22521624993532896
  view-data: 0.023635650984942913
