times:
  edit-metadata: 1.5029798485338688
  landing: 5.065261922776699
  view-data: 3.3422195874154568
