times:
  landing: 0.547085831000004
  view-data: 0.5445632000000842
