times:
  edit-metadata: 1.5030016414821148
  landing: 0.9905607514083385
  view-data: 3.4006672613322735
