times:
  edit-metadata: 1.0528332319809124
  landing: 0.1605985959758982
  view-data: 0.3629926730063744
