times:
  edit-metadata: 1.5360556282103062
  landing: 0.8174752555787563
  view-data: 3.4185488261282444
