times:
  edit-metadata: 0.5150027126073837
  landing: 1.096516901627183
  view-data: 0.5847645122557878
