times:
  edit-metadata: 3.2048851437866688
  landing: 1.6571132354438305
  view-data: 3.4855207800865173
