times:
  edit-metadata: 1.3513520769774914
  landing: 0.9386386312544346
  view-data: 3.3500801008194685
