times:
  edit-metadata: 2.1597047243267298
  landing: 0.27635280042886734
  view-data: 0.12182662449777126
