times:
  landing: 0.5603046250000148
  view-data: 0.5517177650000065
