times:
  edit-metadata: 1.972812912426889
  landing: 0.12136697396636009
  view-data: 0.5137325590476394
