times:
  edit-metadata: 1.4331078610848635
  landing: 0.940018068999052
  view-data: 0.662739876890555
