times:
  landing: 0.5571393310000303
  view-data: 0.5581404399999883
