times:
  edit-metadata: 1.3460033787414432
  landing: 0.021164790727198124
  view-data: 0.12382888700813055
