times:
  edit-metadata: 0.5199201479554176
  landing: 0.999147417023778
  view-data: 0.2625309005379677
