times:
  edit-metadata: 1.547910613939166
  landing: 0.8585746642202139
  view-data: 3.462684452533722
