times:
  edit-metadata: 1.4240008108317852
  landing: 0.9561059698462486
  view-data: 3.3218681514263153
