times:
  edit-metadata: 1.5193617399781942
  landing: 0.8023568168282509
  view-data: 3.420163370668888
