times:
  edit-metadata: 0.4982376340776682
  landing: 0.5989918597042561
  view-data: 0.6034763194620609
