times:
  edit-metadata: 0.8877800030022627
  landing: 0.06824405899533303
  view-data: 0.3642480189955677
