times:
  edit-metadata: 1.4019632935523987
  landing: 0.21035359520465136
  view-data: 0.02287225890904665
