times:
  edit-metadata: 0.6125143282115459
  landing: 0.5681376364082098
  view-data: 0.27296752855181694
