times:
  edit-metadata: 1.3023089580237865
  landing: 0.7489022761583328
  view-data: 3.325102207949385
