times:
  edit-metadata: 1.4097233694046736
  landing: 0.9906277842819691
  view-data: 3.3277881518006325
