times:
  edit-metadata: 2.2923995684832335
  landing: 0.15259798057377338
  view-data: 0.04946671426296234
