times:
  landing: 0.5616229739999881
  view-data: 0.5641651910000007
