times:
  edit-metadata: 0.5405418835580349
  landing: 1.308506976813078
  view-data: 0.5089453477412462
