times:
  edit-metadata: 1.737046029418707
  landing: 0.9823948554694653
  view-data: 3.640594717115164
