times:
  edit-metadata: 0.8740715850144625
  landing: 0.05904990999260917
  view-data: 0.3551476449938491
