times:
  edit-metadata: 0.4182086354121566
  landing: 0.05415864568203688
  view-data: 0.26979654701426625
