times:
  edit-metadata: 1.728343602269888
  landing: 1.232738722115755
  view-data: 3.364597477018833
