times:
  edit-metadata: 0.6244472679973114
  landing: 0.0491243599972222
  view-data: 0.2145042670017574
