times:
  edit-metadata: 0.6240519320126623
  landing: 0.051821902859956026
  view-data: 0.2646928229369223
