times:
  edit-metadata: 0.4347356231883168
  landing: 0.053990621119737625
  view-data: 0.28940725419670343
