times:
  edit-metadata: 1.5248947869986296
  landing: 0.7800724320113659
  view-data: 3.3891404401510954
