times:
  edit-metadata: 0.8708515658508986
  landing: 0.05059973779134452
  view-data: 0.25324243400245905
