times:
  edit-metadata: 0.5818831473588943
  landing: 0.7122417017817497
  view-data: 0.2644909415394068
