times:
  edit-metadata: 0.5578366159970756
  landing: 0.048525103000429226
  view-data: 0.2209318519999215
