times:
  edit-metadata: 0.5269389189779758
  landing: 0.04994790628552437
  view-data: 0.21752065792679787
