times:
  edit-metadata: 1.905111557804048
  landing: 0.11830041743814945
  view-data: 0.4846184737980366
