times:
  landing: 0.5495345480000253
  view-data: 0.5523067709999907
