times:
  edit-metadata: 0.481798991560936
  landing: 0.8463623877614737
  view-data: 0.3145544361323118
