times:
  edit-metadata: 1.614896934479475
  landing: 1.1043765768408775
  view-data: 3.486881908029318
