times:
  edit-metadata: 1.0547808529954636
  landing: 0.07166935799614294
  view-data: 0.37224938799772644
