times:
  edit-metadata: 0.41974506294354796
  landing: 0.04951101401820779
  view-data: 0.26095161214470863
