times:
  edit-metadata: 0.5834913379512727
  landing: 0.04528836300596595
  view-data: 0.23283332120627165
