times:
  edit-metadata: 0.6163816608022898
  landing: 0.06592177203856409
  view-data: 0.21149340784177184
