times:
  landing: 0.5802155810000045
  view-data: 0.5551810270000033
