times:
  landing: 1.067370899999986
  view-data: 0.548273824000006
