times:
  edit-metadata: 0.4190339860506356
  landing: 0.05324765434488654
  view-data: 0.25022853910923004
