times:
  edit-metadata: 2.118661340326071
  landing: 0.1817671936005354
  view-data: 0.5742096565663815
