times:
  edit-metadata: 2.202612355351448
  landing: 0.019640223123133183
  view-data: 0.026609615422785282
