times:
  landing: 1.0742322160000128
  view-data: 0.5592042950000007
