times:
  edit-metadata: 1.525359995663166
  landing: 0.7793878242373466
  view-data: 3.3589251060038805
