times:
  edit-metadata: 1.5300603825598955
  landing: 0.8132106550037861
  view-data: 3.398087350651622
