times:
  edit-metadata: 2.1998399402946234
  landing: 0.1611633114516735
  view-data: 0.16019804403185844
