times:
  edit-metadata: 0.5739752054214478
  landing: 0.5791898909956217
  view-data: 0.5928693171590567
