times:
  edit-metadata: 0.497797679156065
  landing: 0.04562908038496971
  view-data: 0.22047559916973114
