times:
  edit-metadata: 0.582856684923172
  landing: 0.4016097951680422
  view-data: 0.3297927100211382
