times:
  edit-metadata: 0.6155452239327133
  landing: 0.04371918365359306
  view-data: 0.2467201421968639
