times:
  landing: 0.5443418199999996
  view-data: 0.5439241200000424
