times:
  edit-metadata: 0.578398136945907
  landing: 0.04568339401157573
  view-data: 0.23674684501020238
