times:
  edit-metadata: 1.3353718789294362
  landing: 0.7325798906385899
  view-data: 3.3013711636886
