times:
  edit-metadata: 0.49883064813911915
  landing: 1.113904744386673
  view-data: 0.6069510895758867
