times:
  edit-metadata: 0.5627082176506519
  landing: 0.8141806628555059
  view-data: 0.698672603815794
