times:
  landing: 0.5538362049999819
  view-data: 0.5543163359999994
