times:
  edit-metadata: 1.917422877624631
  landing: 0.194630928337574
  view-data: 0.5160140264779329
