times:
  edit-metadata: 0.6421969730872661
  landing: 0.047426762990653515
  view-data: 0.2832236010581255
