times:
  edit-metadata: 0.44900244008749723
  landing: 0.05480885598808527
  view-data: 0.2930734921246767
