times:
  edit-metadata: 1.3532618135213852
  landing: 0.02258178871124983
  view-data: 0.02671131119132042
