times:
  edit-metadata: 1.5085557103157043
  landing: 0.7350039314478636
  view-data: 3.3320261258631945
