times:
  edit-metadata: 2.3975009471178055
  landing: 0.14386029541492462
  view-data: 0.4811568558216095
