times:
  edit-metadata: 0.5390604976564646
  landing: 0.9106058515608311
  view-data: 0.25074917636811733
