times:
  landing: 0.554724163000003
  view-data: 0.5556297880000045
