times:
  landing: 1.0797007639999947
  view-data: 0.5667449480000073
