times:
  edit-metadata: 0.46043467009440064
  landing: 0.056609950959682465
  view-data: 0.27151092980057
