times:
  edit-metadata: 0.6233176758978516
  landing: 0.05054293107241392
  view-data: 0.24337496305815876
