times:
  edit-metadata: 1.4144427180290222
  landing: 1.7334587648510933
  view-data: 3.3592465072870255
