times:
  edit-metadata: 0.5880590919405222
  landing: 0.048429994843900204
  view-data: 0.24664008198305964
