times:
  edit-metadata: 0.5693728718906641
  landing: 0.06131138512864709
  view-data: 0.2630027220584452
