times:
  edit-metadata: 0.4749029502272606
  landing: 0.8333646580576897
  view-data: 0.27589132636785507
