times:
  edit-metadata: 0.4328815480694175
  landing: 0.046348582953214645
  view-data: 0.321706784889102
