times:
  edit-metadata: 0.5617798212915659
  landing: 0.6779675930738449
  view-data: 0.2550989482551813
