times:
  edit-metadata: 1.0098617789917625
  landing: 0.05556226600310765
  view-data: 0.2735395060153678
