times:
  landing: 1.6107606040000064
  view-data: 0.5525442209999767
