times:
  edit-metadata: 0.46613451186567545
  landing: 0.05010699899867177
  view-data: 0.2584640281274915
