times:
  edit-metadata: 2.027147250249982
  landing: 0.022464020177721977
  view-data: 0.5423331428319216
