times:
  edit-metadata: 1.0295667760074139
  landing: 0.053605834022164345
  view-data: 0.26302616199245676
