times:
  landing: 0.551254474000018
  view-data: 0.5464208150000331
