times:
  edit-metadata: 1.3391820816323161
  landing: 0.020696144551038742
  view-data: 0.023660854436457157
