times:
  landing: 0.555095754999968
  view-data: 0.5540385040000047
