times:
  edit-metadata: 1.7676988812163472
  landing: 0.11360660009086132
  view-data: 0.12010952271521091
