times:
  edit-metadata: 1.3681308319792151
  landing: 0.02355745993554592
  view-data: 0.1274172691628337
