times:
  edit-metadata: 1.38980083912611
  landing: 0.020537360571324825
  view-data: 0.10679171793162823
