times:
  edit-metadata: 1.367507977411151
  landing: 0.02125218417495489
  view-data: 0.024464543908834457
