times:
  edit-metadata: 0.8857030549552292
  landing: 0.04985420301090926
  view-data: 0.2775090219802223
