times:
  edit-metadata: 1.556251272559166
  landing: 0.7684617303311825
  view-data: 3.3466002456843853
