times:
  edit-metadata: 1.5481619108468294
  landing: 0.8727631326764822
  view-data: 3.47777758538723
