times:
  landing: 0.5610573999999815
  view-data: 0.5554360689999385
