times:
  edit-metadata: 1.8881798209622502
  landing: 0.9119826881214976
  view-data: 3.3568294923752546
