times:
  edit-metadata: 0.8698557810275815
  landing: 0.053197763045318425
  view-data: 0.26803426299011335
