times:
  edit-metadata: 0.612653420001152
  landing: 0.05257230999995954
  view-data: 0.23503282899037004
