times:
  edit-metadata: 1.976058404892683
  landing: 0.12903014197945595
  view-data: 0.14050747267901897
