times:
  edit-metadata: 1.5085923187434673
  landing: 0.8374708499759436
  view-data: 3.3599967528134584
