times:
  edit-metadata: 0.8695821819710545
  landing: 0.047190318000502884
  view-data: 0.3707053300458938
