times:
  edit-metadata: 1.7537973672151566
  landing: 1.0833576545119286
  view-data: 3.396815299987793
