times:
  edit-metadata: 1.3279692884534597
  landing: 0.021583291701972485
  view-data: 0.025772755965590477
