times:
  edit-metadata: 1.7110018767416477
  landing: 0.9778929613530636
  view-data: 3.3893653601408005
