times:
  landing: 0.5576178549999895
  view-data: 0.563707633000007
