times:
  edit-metadata: 0.6212447819998488
  landing: 0.056321798998396844
  view-data: 0.21999324101489037
