times:
  edit-metadata: 0.5358079839497805
  landing: 0.8950188793241978
  view-data: 0.35037399642169476
