times:
  edit-metadata: 1.3976372359320521
  landing: 0.023099125362932682
  view-data: 0.12339640222489834
