times:
  edit-metadata: 1.4958471134305
  landing: 0.8796332776546478
  view-data: 3.312731944024563
