times:
  edit-metadata: 1.0363088087178767
  landing: 0.05165504291653633
  view-data: 0.26802085898816586
