times:
  edit-metadata: 1.3640829594805837
  landing: 0.021644326858222485
  view-data: 0.029914027079939842
