times:
  edit-metadata: 0.4880188349634409
  landing: 0.8565487191081047
  view-data: 0.31106134317815304
