times:
  edit-metadata: 0.4994874931871891
  landing: 0.04598403349518776
  view-data: 0.23525495454669
