times:
  edit-metadata: 1.492900898680091
  landing: 0.7646095585078001
  view-data: 3.3514673355966806
