times:
  edit-metadata: 0.6132503780536354
  landing: 0.052280266769230366
  view-data: 0.2511117928661406
