times:
  landing: 0.552763159000051
  view-data: 0.557553786000085
