times:
  edit-metadata: 2.0087089519947767
  landing: 0.019592078402638435
  view-data: 0.02779482677578926
