times:
  edit-metadata: 1.5924853719770908
  landing: 1.0185047220438719
  view-data: 3.3319280557334423
