times:
  landing: 0.5450127219999956
  view-data: 0.5504799349999985
