times:
  edit-metadata: 1.6965841054916382
  landing: 4.224809668958187
  view-data: 3.3471417874097824
