times:
  landing: 0.5508007149999798
  view-data: 0.558361586999979
