times:
  edit-metadata: 0.5378298871219158
  landing: 0.053203485906124115
  view-data: 0.2432546205818653
