times:
  landing: 1.0835559139999305
  view-data: 0.5546396790000472
