times:
  edit-metadata: 0.42160065984353423
  landing: 0.05521136708557606
  view-data: 0.2823413950391114
