times:
  edit-metadata: 2.0332851838320494
  landing: 0.7629118543118238
  view-data: 3.3945203376933932
