times:
  edit-metadata: 0.6481927712447941
  landing: 0.04438440268859267
  view-data: 0.2836905298754573
