times:
  landing: 1.0723197450000157
  view-data: 0.5539150010000071
