times:
  edit-metadata: 1.3017072081565857
  landing: 0.023529812693595886
  view-data: 0.11824343260377645
