times:
  edit-metadata: 0.8770796610042453
  landing: 0.06011348497122526
  view-data: 0.2860092972405255
