times:
  edit-metadata: 1.0254297219216824
  landing: 0.044828400015830994
  view-data: 0.2784883049316704
