times:
  edit-metadata: 1.7512796698138118
  landing: 0.18788262736052275
  view-data: 0.027233931235969067
