times:
  edit-metadata: 2.1695654029026628
  landing: 1.1476641995832324
  view-data: 3.339883585460484
