times:
  edit-metadata: 0.510453175753355
  landing: 1.1030199117958546
  view-data: 0.5850729197263718
