times:
  edit-metadata: 1.7150503257289529
  landing: 0.16734087653458118
  view-data: 0.11511331051588058
