times:
  edit-metadata: 1.6125697791576385
  landing: 1.0811877511441708
  view-data: 5.760546397417784
