times:
  edit-metadata: 0.5027505494654179
  landing: 0.0480952113866806
  view-data: 0.21836219727993011
