times:
  edit-metadata: 0.557771762018092
  landing: 0.04554696090053767
  view-data: 0.22630547499284148
