times:
  edit-metadata: 1.9985138354822993
  landing: 0.16903888992965221
  view-data: 0.24858349096029997
