times:
  edit-metadata: 0.4491600766777992
  landing: 0.059367130510509014
  view-data: 0.29697449412196875
