times:
  edit-metadata: 1.0316362550365739
  landing: 0.08145461499225348
  view-data: 0.25660324399359524
