times:
  edit-metadata: 0.43930248683318496
  landing: 0.045136068016290665
  view-data: 0.29379839403554797
