times:
  edit-metadata: 1.7459052270278335
  landing: 0.019940179772675037
  view-data: 0.028252962045371532
