times:
  landing: 1.0661546059999978
  view-data: 0.5525970099999995
