times:
  landing: 1.0794944099999384
  view-data: 0.5616265549999753
