times:
  edit-metadata: 1.9898851625621319
  landing: 0.12700815685093403
  view-data: 0.46430936455726624
