times:
  edit-metadata: 1.9285888019949198
  landing: 0.21266299579292536
  view-data: 0.21821695007383823
