times:
  edit-metadata: 0.879485139157623
  landing: 0.048138750018551946
  view-data: 0.2788794510997832
