times:
  edit-metadata: 1.6925899758934975
  landing: 1.2305519543588161
  view-data: 3.3179508061148226
