times:
  edit-metadata: 0.6031775049923453
  landing: 0.05017715401481837
  view-data: 0.22814211100921966
