times:
  edit-metadata: 1.354922991245985
  landing: 0.11173542961478233
  view-data: 0.02958636824041605
