times:
  edit-metadata: 1.775249844416976
  landing: 1.0914809554815292
  view-data: 3.375387743115425
