times:
  edit-metadata: 1.5563356298953295
  landing: 0.9093143185600638
  view-data: 3.3452851977199316
