times:
  edit-metadata: 2.308850023895502
  landing: 0.14962342008948326
  view-data: 0.13994870521128178
