times:
  edit-metadata: 2.5568422619253397
  landing: 1.2848722115159035
  view-data: 3.4262864403426647
