times:
  edit-metadata: 1.5173332206904888
  landing: 0.8653724677860737
  view-data: 3.299069844186306
