times:
  edit-metadata: 0.6514485529623926
  landing: 0.050545380101539195
  view-data: 0.22908087796531618
