times:
  edit-metadata: 1.4103049780242145
  landing: 1.1853310163132846
  view-data: 3.3653664118610322
