times:
  edit-metadata: 2.079131130129099
  landing: 0.7376241758465767
  view-data: 3.4108075415715575
