times:
  edit-metadata: 1.931455735117197
  landing: 0.1981648402288556
  view-data: 0.539842713624239
