times:
  edit-metadata: 1.5489050429896452
  landing: 0.2915105039719492
  view-data: 0.22927246300969273
