times:
  edit-metadata: 0.538964506238699
  landing: 0.04618767648935318
  view-data: 0.22271522879600525
