times:
  landing: 1.130448527999988
  view-data: 0.5820663720000425
