times:
  edit-metadata: 1.4508480876684189
  landing: 0.8344190530478954
  view-data: 3.3710784167051315
