times:
  edit-metadata: 1.027801249991171
  landing: 0.04770532203838229
  view-data: 0.5024294420145452
