times:
  landing: 0.5487480559999938
  view-data: 0.551533376000009
