times:
  edit-metadata: 0.5864955940051004
  landing: 0.049660334014333785
  view-data: 0.21813314105384052
