times:
  edit-metadata: 0.5032215267419815
  landing: 0.8027465790510178
  view-data: 0.4095986671745777
