times:
  edit-metadata: 1.3166299993172288
  landing: 0.021356085315346718
  view-data: 0.11808485630899668
