times:
  edit-metadata: 0.5786751881241798
  landing: 0.3712091948837042
  view-data: 0.4039701521396637
