times:
  edit-metadata: 1.4055626885965466
  landing: 0.12778588384389877
  view-data: 0.11860068794339895
