times:
  edit-metadata: 1.326379930600524
  landing: 0.022752419114112854
  view-data: 0.12385466042906046
