times:
  landing: 0.5574275410000098
  view-data: 0.06469284499999617
