times:
  edit-metadata: 0.6040380030171946
  landing: 0.045592815964482725
  view-data: 0.2220633290708065
