times:
  edit-metadata: 0.5264915190637112
  landing: 0.05278954282402992
  view-data: 0.2206360176205635
