times:
  landing: 0.5506829889999949
  view-data: 0.5550903179999978
