times:
  edit-metadata: 0.5184294879436493
  landing: 1.0964726638048887
  view-data: 0.585769871249795
