times:
  edit-metadata: 0.9022910210042028
  landing: 0.06718329299474135
  view-data: 0.3961561690084636
