times:
  edit-metadata: 1.5549394339323044
  landing: 0.8337251041084528
  view-data: 3.451514732092619
