times:
  edit-metadata: 1.754582665860653
  landing: 1.3057559542357922
  view-data: 3.390710275620222
