times:
  edit-metadata: 0.6115107269724831
  landing: 0.05282390606589615
  view-data: 0.23040992894675583
