times:
  edit-metadata: 0.5548063442111015
  landing: 0.0532049685716629
  view-data: 0.21868906170129776
