times:
  landing: 0.5611353440000073
  view-data: 0.5583965209999917
