times:
  edit-metadata: 0.8824461339972913
  landing: 0.06262493797112256
  view-data: 0.27411705907434225
