times:
  edit-metadata: 0.5599848888814449
  landing: 0.051101379096508026
  view-data: 0.22373706847429276
