times:
  edit-metadata: 0.4515326311811805
  landing: 0.04900648072361946
  view-data: 0.23921755887567997
