times:
  edit-metadata: 1.0451399789963034
  landing: 0.05675567599973874
  view-data: 0.2845416810014285
