times:
  edit-metadata: 1.2184110288508236
  landing: 0.07042976887896657
  view-data: 0.3859378001652658
