times:
  edit-metadata: 1.3547852076590061
  landing: 0.02123002801090479
  view-data: 0.02844815142452717
