times:
  edit-metadata: 1.5341148637235165
  landing: 0.9431613832712173
  view-data: 3.3704425133764744
