times:
  edit-metadata: 1.5742944777011871
  landing: 0.9283094089478254
  view-data: 3.259438281878829
