times:
  edit-metadata: 1.3635436464101076
  landing: 0.02111364435404539
  view-data: 0.12325770128518343
