times:
  edit-metadata: 1.041348293016199
  landing: 0.0822375810239464
  view-data: 0.3630491259973496
