times:
  landing: 1.0989610729999981
  view-data: 0.5942665009999928
