times:
  landing: 0.5510758180000153
  view-data: 0.560034035000001
