times:
  edit-metadata: 1.521280948072672
  landing: 0.8358149696141481
  view-data: 3.398557396605611
