times:
  edit-metadata: 2.2161549106240273
  landing: 0.284018199890852
  view-data: 0.3459480684250593
