times:
  edit-metadata: 0.8889508312568069
  landing: 0.048555973917245865
  view-data: 0.26824499294161797
