times:
  edit-metadata: 1.795727699995041
  landing: 0.02043978776782751
  view-data: 0.027371645905077457
