times:
  edit-metadata: 2.005582869052887
  landing: 0.14092836529016495
  view-data: 0.6097635477781296
