times:
  landing: 0.5488917000000129
  view-data: 0.5469801789999735
