times:
  edit-metadata: 1.3650429816916585
  landing: 0.020063537172973156
  view-data: 0.025280245579779148
