times:
  edit-metadata: 0.6868549031205475
  landing: 0.0554523691534996
  view-data: 0.3082009139470756
