times:
  edit-metadata: 0.4493657276034355
  landing: 0.05340943485498428
  view-data: 0.2666093921288848
