times:
  edit-metadata: 1.396741822361946
  landing: 0.9623824171721935
  view-data: 3.319680891931057
