times:
  landing: 0.5519877110000095
  view-data: 0.5510431630000028
