times:
  edit-metadata: 0.5883555670152418
  landing: 0.04376879398478195
  view-data: 0.21585780498571694
