times:
  landing: 1.593315338000025
  view-data: 0.5716749010000512
