times:
  edit-metadata: 1.598739542067051
  landing: 0.8631766568869352
  view-data: 3.4390155021101236
