times:
  edit-metadata: 1.7038374096155167
  landing: 0.9166036294773221
  view-data: 3.280088878236711
