times:
  edit-metadata: 1.5343634337186813
  landing: 0.8847677297890186
  view-data: 3.4098968412727118
