times:
  edit-metadata: 0.5780692622065544
  landing: 0.6742726974189281
  view-data: 0.2874780595302582
