times:
  edit-metadata: 1.531209234148264
  landing: 0.980342335999012
  view-data: 3.4436475299298763
