times:
  edit-metadata: 0.912682584952563
  landing: 0.06301559903658926
  view-data: 0.2626062930794433
