times:
  edit-metadata: 0.540986305102706
  landing: 1.6992393750697374
  view-data: 0.4947831407189369
