times:
  edit-metadata: 0.5857936479151249
  landing: 0.0601653209887445
  view-data: 0.25324237206950784
