times:
  edit-metadata: 0.5643329508602619
  landing: 0.693495899438858
  view-data: 0.2928939610719681
