times:
  edit-metadata: 1.0181632659950992
  landing: 0.04734639500384219
  view-data: 0.36500100200646557
