times:
  edit-metadata: 0.6331205042079091
  landing: 0.05194288305938244
  view-data: 0.25886242697015405
