times:
  edit-metadata: 2.042703865095973
  landing: 0.023855462670326233
  view-data: 0.5025906972587109
