times:
  edit-metadata: 1.3483014851808548
  landing: 0.021645665168762207
  view-data: 0.027159814722836018
