times:
  edit-metadata: 1.4484251290559769
  landing: 0.7105696871876717
  view-data: 3.266326781362295
