times:
  edit-metadata: 1.4151872303336859
  landing: 0.04996855929493904
  view-data: 0.5087330513633788
