times:
  edit-metadata: 2.134325459599495
  landing: 0.19542624428868294
  view-data: 0.027383925393223763
