times:
  edit-metadata: 0.4186689192429185
  landing: 0.049485091120004654
  view-data: 0.26741296239197254
