times:
  edit-metadata: 2.1351942978799343
  landing: 0.044540999457240105
  view-data: 0.027488112449645996
