times:
  landing: 0.5529946759999973
  view-data: 0.5728691930000025
