times:
  edit-metadata: 0.4252306567505002
  landing: 0.05337843205779791
  view-data: 0.4647873342037201
