times:
  edit-metadata: 0.5165361613035202
  landing: 0.04848061501979828
  view-data: 0.22292755544185638
