times:
  edit-metadata: 0.44808729737997055
  landing: 0.046781549230217934
  view-data: 0.2787972716614604
