times:
  edit-metadata: 1.6522222571074963
  landing: 0.9863349758088589
  view-data: 3.318520974367857
