times:
  landing: 1.5834308080000028
  view-data: 0.5542979830000263
