times:
  edit-metadata: 1.9849846884608269
  landing: 0.20870313793420792
  view-data: 0.5103866141289473
