times:
  landing: 0.5489679730000034
  view-data: 0.5640708800000027
