times:
  edit-metadata: 1.3400481212884188
  landing: 0.019759129732847214
  view-data: 0.5158966174349189
