times:
  edit-metadata: 1.1558000762015581
  landing: 0.08621276961639524
  view-data: 0.25324226869270205
