times:
  edit-metadata: 0.8814624240621924
  landing: 0.04916007095016539
  view-data: 0.2635752831120044
