times:
  edit-metadata: 0.9881321701686829
  landing: 0.07700566598214209
  view-data: 0.3657441351097077
