times:
  edit-metadata: 2.04218921251595
  landing: 0.019475232809782028
  view-data: 0.5566771794110537
