times:
  edit-metadata: 0.6039631217718124
  landing: 0.055319853127002716
  view-data: 0.23210609145462513
