times:
  edit-metadata: 3.2534446083009243
  landing: 0.29094907082617283
  view-data: 1.0255116522312164
