times:
  edit-metadata: 0.5324127674102783
  landing: 0.05427767336368561
  view-data: 0.22277097404003143
