times:
  landing: 1.0974558460000026
  view-data: 0.5562545139999884
