times:
  edit-metadata: 0.5509276837110519
  landing: 0.051515545696020126
  view-data: 0.26106924563646317
