times:
  edit-metadata: 0.543477900326252
  landing: 0.04749683663249016
  view-data: 0.2125624157488346
