times:
  edit-metadata: 0.5796181609621271
  landing: 0.050467799068428576
  view-data: 0.24088331300299615
