times:
  edit-metadata: 1.7177883544936776
  landing: 0.020234988071024418
  view-data: 0.02229474950581789
