times:
  edit-metadata: 1.9740955717861652
  landing: 0.11986782029271126
  view-data: 0.027061518281698227
