times:
  landing: 0.5511356470000237
  view-data: 0.558044945000006
