times:
  edit-metadata: 1.6059218980371952
  landing: 0.9580524154007435
  view-data: 3.3158358111977577
