times:
  edit-metadata: 0.43590091075748205
  landing: 0.0551946759223938
  view-data: 0.2658334029838443
