times:
  edit-metadata: 1.578099399805069
  landing: 0.971961572766304
  view-data: 3.4122526608407497
