times:
  landing: 1.080981410999982
  view-data: 0.556047135999961
