times:
  edit-metadata: 1.7947505321353674
  landing: 0.16038947366178036
  view-data: 0.02612131927162409
