times:
  landing: 1.063470230999883
  view-data: 0.5522129519999908
