times:
  edit-metadata: 1.2923677721992135
  landing: 0.020638476125895977
  view-data: 0.1194761861115694
