times:
  edit-metadata: 2.0751314610242844
  landing: 1.2051431015133858
  view-data: 3.4612782038748264
