times:
  edit-metadata: 0.5596032831817865
  landing: 0.050308844074606895
  view-data: 0.2703768517822027
