times:
  edit-metadata: 0.6154501494020224
  landing: 0.49383487552404404
  view-data: 0.3584539070725441
