times:
  edit-metadata: 2.069714665412903
  landing: 1.233637386932969
  view-data: 3.461458021774888
