times:
  edit-metadata: 0.9982845180202276
  landing: 0.04816379805561155
  view-data: 0.36942275194451213
