times:
  edit-metadata: 1.5102747343480587
  landing: 0.9380929209291935
  view-data: 3.3809833843261003
