times:
  edit-metadata: 2.2041039559990168
  landing: 0.1946063246577978
  view-data: 0.05588236823678017
