times:
  edit-metadata: 1.3661376321688294
  landing: 0.023092187009751797
  view-data: 0.13483524695038795
