times:
  edit-metadata: 0.4274038947187364
  landing: 0.045509060844779015
  view-data: 0.2405119612812996
