times:
  landing: 0.565006062000009
  view-data: 0.5595915359999708
