times:
  edit-metadata: 1.7512555290013552
  landing: 0.021031569689512253
  view-data: 0.02918248437345028
