times:
  edit-metadata: 0.7262831330008339
  landing: 0.05725390400039032
  view-data: 0.23936431200127117
