times:
  edit-metadata: 1.4123207819648087
  landing: 0.9006600067950785
  view-data: 3.371217170963064
