times:
  edit-metadata: 1.5241932421922684
  landing: 0.7809432316571474
  view-data: 3.4156485442072153
