times:
  landing: 0.5703807040000015
  view-data: 0.5603799669999887
