times:
  landing: 0.5386542570777237
  view-data: 0.5366569720208645
