times:
  edit-metadata: 0.4387304801493883
  landing: 0.05249762535095215
  view-data: 0.26438920851796865
