times:
  edit-metadata: 1.6312452079728246
  landing: 0.15754086000379175
  view-data: 0.29977478401269764
