times:
  edit-metadata: 0.6008778922259808
  landing: 0.0530000776052475
  view-data: 0.26661987975239754
