times:
  edit-metadata: 2.3712038975208998
  landing: 0.026546476408839226
  view-data: 0.6711677387356758
