times:
  landing: 1.0692138420000106
  view-data: 0.5549889920000055
