times:
  edit-metadata: 0.54335081204772
  landing: 0.8621826581656933
  view-data: 0.32990866899490356
