times:
  edit-metadata: 0.79362305207178
  landing: 0.06354963313788176
  view-data: 0.28179648285731673
