times:
  edit-metadata: 0.885783924954012
  landing: 0.06634943303652108
  view-data: 0.3574848319403827
