times:
  edit-metadata: 1.8937419038265944
  landing: 0.1682109935209155
  view-data: 0.5053098676726222
