times:
  edit-metadata: 1.4780597928911448
  landing: 0.9189485311508179
  view-data: 3.4281555768102407
