times:
  edit-metadata: 1.3921608068048954
  landing: 1.0500540919601917
  view-data: 3.2774627208709717
