times:
  edit-metadata: 1.3730060289963149
  landing: 0.11730322599760257
  view-data: 0.3239192430046387
