times:
  edit-metadata: 1.4170591430738568
  landing: 0.9304318083450198
  view-data: 3.3584971111267805
