times:
  edit-metadata: 1.3711947612464428
  landing: 0.020309381186962128
  view-data: 0.10386815387755632
