times:
  landing: 1.0702234759999953
  view-data: 0.5502231689999917
