times:
  edit-metadata: 1.4584037717431784
  landing: 0.8459347747266293
  view-data: 3.4180130921304226
