times:
  edit-metadata: 0.5187449771910906
  landing: 0.5438985303044319
  view-data: 0.26907963678240776
