times:
  edit-metadata: 0.6216830029152334
  landing: 0.05395923415198922
  view-data: 0.23249019286595285
