times:
  landing: 0.544897284000001
  view-data: 0.5575975969999831
