times:
  edit-metadata: 0.5379651188850403
  landing: 0.046291284263134
  view-data: 0.23918914422392845
