times:
  edit-metadata: 0.42645999044179916
  landing: 0.058246565982699394
  view-data: 0.30867800302803516
