times:
  landing: 0.5530846489999988
  view-data: 0.5574434019999899
