times:
  landing: 1.0701835300000084
  view-data: 0.553096231999973
