times:
  edit-metadata: 1.3055374613031745
  landing: 0.020157555118203163
  view-data: 0.02767657581716776
