times:
  landing: 0.5538811830000157
  view-data: 0.5585502909999889
