times:
  edit-metadata: 1.5755749307572842
  landing: 1.0634703487157822
  view-data: 3.4234767220914364
