times:
  landing: 0.5453201740000111
  view-data: 0.5575638090000155
