times:
  edit-metadata: 0.5228257067501545
  landing: 0.7187011539936066
  view-data: 0.28507377579808235
