times:
  edit-metadata: 2.1886916048824787
  landing: 1.3705983310937881
  view-data: 3.361215554177761
