times:
  edit-metadata: 1.3340636203065515
  landing: 0.20377855841070414
  view-data: 0.1259478135034442
