times:
  edit-metadata: 0.423653032630682
  landing: 0.055316122248768806
  view-data: 0.27325703110545874
