times:
  landing: 1.099117562999993
  view-data: 0.5525035980000439
