times:
  landing: 1.076202426000009
  view-data: 0.5493561339999928
