times:
  edit-metadata: 2.0695922896265984
  landing: 1.165252448990941
  view-data: 3.5540975499898195
