times:
  edit-metadata: 0.6257038739859127
  landing: 0.05130298400763422
  view-data: 0.24113555799704045
