times:
  edit-metadata: 1.38431943859905
  landing: 0.02349742967635393
  view-data: 0.12147040665149689
