times:
  edit-metadata: 1.3076871782541275
  landing: 0.01991852466017008
  view-data: 0.026685557328164577
