times:
  edit-metadata: 0.41665403777733445
  landing: 0.050718212965875864
  view-data: 0.2528317430987954
