times:
  edit-metadata: 1.380140723194927
  landing: 0.7696183600928634
  view-data: 3.3490484189242125
