times:
  edit-metadata: 1.3272581659257412
  landing: 0.021004310809075832
  view-data: 0.026031374000012875
