times:
  edit-metadata: 0.41942640859633684
  landing: 0.056017376482486725
  view-data: 0.3389498833566904
