times:
  edit-metadata: 1.6163790868595243
  landing: 0.8388149123638868
  view-data: 3.401805039960891
