times:
  edit-metadata: 0.43418059684336185
  landing: 0.05021072318777442
  view-data: 0.27736393501982093
