times:
  edit-metadata: 0.637090231757611
  landing: 0.0451639499515295
  view-data: 0.24922582507133484
