times:
  edit-metadata: 2.530013458803296
  landing: 0.41099310852587223
  view-data: 0.29371913708746433
