times:
  edit-metadata: 1.4948446028865874
  landing: 0.8153250706382096
  view-data: 3.367101397830993
