times:
  landing: 1.05609352700003
  view-data: 0.5501383410000926
