times:
  edit-metadata: 0.5163154397159815
  landing: 0.9108747560530901
  view-data: 0.29805026575922966
