times:
  edit-metadata: 1.3219246426597238
  landing: 0.7649381030350924
  view-data: 3.2533030351623893
