times:
  edit-metadata: 0.9154773259069771
  landing: 0.06816351902671158
  view-data: 0.3763567639980465
