times:
  edit-metadata: 1.4358898038044572
  landing: 0.799254909157753
  view-data: 3.401331207714975
