times:
  edit-metadata: 1.2118892036378384
  landing: 0.22498503094539046
  view-data: 0.4573097969405353
