times:
  edit-metadata: 1.6999861877411604
  landing: 0.022568861953914165
  view-data: 0.1191788176074624
