times:
  edit-metadata: 2.12282370403409
  landing: 0.019248880445957184
  view-data: 0.1271910611540079
