times:
  edit-metadata: 0.5119869560003281
  landing: 0.5959632489830256
  view-data: 0.30134888365864754
