times:
  edit-metadata: 1.7327415365725756
  landing: 0.02384794596582651
  view-data: 0.02507039438933134
