times:
  edit-metadata: 1.5128305908292532
  landing: 1.0630515329539776
  view-data: 3.3842730205506086
