times:
  edit-metadata: 1.518041362054646
  landing: 1.1385826240293682
  view-data: 3.5191866980167106
