times:
  edit-metadata: 1.5498454198241234
  landing: 0.8436107002198696
  view-data: 3.446560449898243
