times:
  edit-metadata: 0.42783558927476406
  landing: 0.05207375809550285
  view-data: 0.2359643978998065
