times:
  edit-metadata: 0.5891659921035171
  landing: 0.058234543073922396
  view-data: 0.22283060802146792
