times:
  landing: 0.5430837460000077
  view-data: 0.5420491019999929
