times:
  landing: 0.5548891050000293
  view-data: 0.5678833110000596
