times:
  edit-metadata: 1.4892661161720753
  landing: 0.8349117785692215
  view-data: 3.417136493138969
