times:
  landing: 1.0785976770000048
  view-data: 0.556901034999953
