times:
  edit-metadata: 0.4355291142128408
  landing: 0.05534865381196141
  view-data: 0.25483926525339484
