times:
  edit-metadata: 3.5636666687205434
  landing: 0.03116423822939396
  view-data: 1.280738410539925
