times:
  edit-metadata: 0.4033719007857144
  landing: 0.061685260850936174
  view-data: 0.2672593090683222
