times:
  landing: 0.5463079849999986
  view-data: 0.5426291880000349
