times:
  edit-metadata: 0.44991834508255124
  landing: 0.05435911379754543
  view-data: 0.23812597710639238
