times:
  edit-metadata: 0.5812346059828997
  landing: 0.058766546892002225
  view-data: 0.23481867811642587
