times:
  edit-metadata: 0.4999185651540756
  landing: 0.5910887308418751
  view-data: 0.6120698768645525
