times:
  edit-metadata: 0.6047909110784531
  landing: 0.5401943288743496
  view-data: 0.25554524920880795
