times:
  edit-metadata: 1.8889225479215384
  landing: 0.0206952802836895
  view-data: 0.025512097403407097
