times:
  edit-metadata: 2.1042338851839304
  landing: 0.01922491192817688
  view-data: 0.029259363189339638
