times:
  edit-metadata: 1.4326911559328437
  landing: 0.8719068330246955
  view-data: 3.3906038568820804
