times:
  edit-metadata: 1.3323770007118583
  landing: 0.019957860000431538
  view-data: 0.10056120343506336
