times:
  edit-metadata: 1.3205427220091224
  landing: 0.02065307553857565
  view-data: 0.12272928282618523
