times:
  edit-metadata: 1.5140575245022774
  landing: 1.0243931747972965
  view-data: 3.3309262357652187
