times:
  landing: 1.0727618550000102
  view-data: 0.5460081029999628
