times:
  edit-metadata: 0.47850995790213346
  landing: 0.05535757588222623
  view-data: 0.23883366584777832
