times:
  edit-metadata: 2.0665281154215336
  landing: 0.12546847574412823
  view-data: 0.027144841849803925
