times:
  edit-metadata: 1.7720657251775265
  landing: 0.9770802706480026
  view-data: 3.3144625797867775
