times:
  edit-metadata: 1.3183071576058865
  landing: 0.018798507750034332
  view-data: 0.025263307616114616
