times:
  edit-metadata: 1.6364860087633133
  landing: 1.1425678208470345
  view-data: 3.3639750480651855
