times:
  edit-metadata: 1.3485080190002918
  landing: 0.02283222507685423
  view-data: 0.027932679280638695
