times:
  edit-metadata: 0.5281377471983433
  landing: 0.05708877369761467
  view-data: 0.21469156071543694
