times:
  landing: 0.5578458560000286
  view-data: 0.5614182749999941
