times:
  edit-metadata: 1.357236952520907
  landing: 0.022394455038011074
  view-data: 0.026743751019239426
