times:
  edit-metadata: 0.6214367670472711
  landing: 0.04684913600794971
  view-data: 0.21848762402078137
