times:
  edit-metadata: 1.5182987414300442
  landing: 0.8662185035645962
  view-data: 3.3598580211400986
