times:
  edit-metadata: 1.48911096714437
  landing: 0.9403713829815388
  view-data: 3.4091909043490887
