times:
  edit-metadata: 1.5674534171121195
  landing: 0.9978704189416021
  view-data: 3.3609811960486695
