times:
  edit-metadata: 0.7675880229799077
  landing: 0.059812062012497336
  view-data: 0.27266558702103794
