times:
  edit-metadata: 0.6212851270101964
  landing: 0.05023119901306927
  view-data: 0.24043371202424169
