times:
  landing: 0.556735878999973
  view-data: 0.5572138219999943
