times:
  edit-metadata: 0.5868282930459827
  landing: 0.04792836005799472
  view-data: 0.21897505701053888
