times:
  landing: 0.5466019590000144
  view-data: 0.5487752729999897
