times:
  edit-metadata: 2.249009246006608
  landing: 0.20839372836053371
  view-data: 0.6349071189761162
