times:
  edit-metadata: 1.336414109915495
  landing: 0.7943701297044754
  view-data: 3.3381584621965885
