times:
  edit-metadata: 2.2026006300002337
  landing: 0.22869030758738518
  view-data: 0.6890342198312283
