times:
  edit-metadata: 1.6310353800654411
  landing: 0.9655392281711102
  view-data: 3.31914097443223
