times:
  landing: 0.5539351200000056
  view-data: 0.5549667280000108
