times:
  edit-metadata: 1.5433178376406431
  landing: 0.8068686276674271
  view-data: 3.408505016937852
