times:
  landing: 0.5672658920000231
  view-data: 0.5717281710000179
