times:
  edit-metadata: 1.3390974756330252
  landing: 0.022978770546615124
  view-data: 0.025381801649928093
