times:
  edit-metadata: 1.447615628130734
  landing: 0.7424356122501194
  view-data: 3.357038456015289
