times:
  edit-metadata: 2.075439063832164
  landing: 0.022770777344703674
  view-data: 0.023040059953927994
