times:
  landing: 1.081867960000011
  view-data: 0.5625723150000113
