times:
  edit-metadata: 0.4329371419735253
  landing: 0.04747066227719188
  view-data: 0.34096231032162905
