times:
  edit-metadata: 0.5355854667723179
  landing: 0.05686512961983681
  view-data: 0.22852960228919983
