times:
  edit-metadata: 1.3208101531490684
  landing: 0.020688548684120178
  view-data: 0.09784922935068607
