times:
  landing: 0.558447526000009
  view-data: 0.5626325669999801
