times:
  edit-metadata: 0.8683495870791376
  landing: 0.0823470198083669
  view-data: 0.259521208005026
