times:
  landing: 0.5513356670001031
  view-data: 0.5501113909999731
