times:
  edit-metadata: 0.438044476788491
  landing: 0.05006833514198661
  view-data: 0.270653351675719
