times:
  edit-metadata: 1.4327388629317284
  landing: 0.9594368361867964
  view-data: 3.4076199317350984
