times:
  edit-metadata: 0.6211187989683822
  landing: 0.047889816923998296
  view-data: 0.23653734498657286
