times:
  edit-metadata: 0.8666138190310448
  landing: 0.04827047814615071
  view-data: 0.5084413490258157
