times:
  edit-metadata: 0.6349376339931041
  landing: 0.052809325978159904
  view-data: 0.22058541598380543
