times:
  edit-metadata: 1.4919985320884734
  landing: 0.7817543399287388
  view-data: 0.598914536065422
