times:
  edit-metadata: 1.3366543082520366
  landing: 0.021599908359348774
  view-data: 0.11795337125658989
