times:
  edit-metadata: 1.6040099449455738
  landing: 0.8708904646337032
  view-data: 3.4130332842469215
