times:
  edit-metadata: 0.585255591198802
  landing: 0.9072863887995481
  view-data: 0.2692868374288082
