times:
  edit-metadata: 1.3456032099202275
  landing: 0.02473889011889696
  view-data: 0.5505011742934585
