times:
  edit-metadata: 0.6556177029851824
  landing: 0.05228217295370996
  view-data: 0.23606056813150644
