times:
  edit-metadata: 1.3225377667695284
  landing: 0.021158214658498764
  view-data: 0.026578476652503014
