times:
  edit-metadata: 1.3107852609828115
  landing: 0.020573506131768227
  view-data: 0.12711300514638424
