times:
  edit-metadata: 1.995349621400237
  landing: 0.019437553361058235
  view-data: 0.024783367291092873
