times:
  landing: 0.5594152910000503
  view-data: 0.5639846210001451
