times:
  landing: 0.5395300590000147
  view-data: 0.5463479569999947
