times:
  landing: 1.1073826930000337
  view-data: 0.08355013199997074
