times:
  landing: 0.5648131160000105
  view-data: 0.5624226159999921
