times:
  edit-metadata: 0.8844467509770766
  landing: 0.0487981450278312
  view-data: 0.26695277402177453
