times:
  edit-metadata: 0.46566812600940466
  landing: 0.056863355450332165
  view-data: 0.29984496533870697
