times:
  edit-metadata: 2.3034124430269003
  landing: 0.2453366443514824
  view-data: 0.025998659431934357
