times:
  edit-metadata: 0.5351464152336121
  landing: 0.04535432159900665
  view-data: 0.2331971675157547
