times:
  landing: 0.55690211000001
  view-data: 0.5528991730000143
