times:
  landing: 0.5469814379999889
  view-data: 0.5498230899999612
