times:
  landing: 1.0667916280000043
  view-data: 0.5456465820000176
