times:
  edit-metadata: 1.384865140542388
  landing: 0.7391319796442986
  view-data: 3.329566413536668
