times:
  edit-metadata: 0.5201260149478912
  landing: 0.5991769023239613
  view-data: 0.3364350460469723
