times:
  edit-metadata: 0.4953475520014763
  landing: 0.9842755645513535
  view-data: 0.42417345382273197
