times:
  edit-metadata: 2.157031526789069
  landing: 0.020759515464305878
  view-data: 0.5511134006083012
