times:
  edit-metadata: 0.42803619895130396
  landing: 0.05023040808737278
  view-data: 0.26557489670813084
