times:
  edit-metadata: 1.966321673244238
  landing: 0.018884671851992607
  view-data: 0.571954719722271
