times:
  edit-metadata: 1.7506104782223701
  landing: 0.02387458086013794
  view-data: 0.029056329280138016
