times:
  edit-metadata: 1.4448221158236265
  landing: 0.9297217391431332
  view-data: 0.6756357811391354
