times:
  edit-metadata: 2.060425203293562
  landing: 0.1229954194277525
  view-data: 0.1392514333128929
