times:
  edit-metadata: 1.6648851856589317
  landing: 0.8371719624847174
  view-data: 3.4377756398171186
