times:
  edit-metadata: 1.6795679302886128
  landing: 0.14321310352534056
  view-data: 0.12370302341878414
