times:
  edit-metadata: 1.5480162184685469
  landing: 0.9550716876983643
  view-data: 3.414670782163739
