times:
  edit-metadata: 1.4313365761190653
  landing: 0.8694611070677638
  view-data: 3.3632028710562736
