times:
  edit-metadata: 1.5332306427881122
  landing: 0.8776501193642616
  view-data: 3.4040652085095644
