times:
  edit-metadata: 0.44320697616785765
  landing: 0.05057420814409852
  view-data: 0.26285868184641004
