times:
  edit-metadata: 2.0620438642799854
  landing: 0.020372701808810234
  view-data: 0.5047542173415422
