times:
  edit-metadata: 1.9532097801566124
  landing: 0.23307927511632442
  view-data: 0.41555497981607914
