times:
  edit-metadata: 1.340210476424545
  landing: 0.04672354506328702
  view-data: 0.47598562203347683
