times:
  landing: 0.5509767719999843
  view-data: 0.5577816450000057
