times:
  edit-metadata: 1.4689649100182578
  landing: 0.9710539639927447
  view-data: 3.2681334289954975
