times:
  edit-metadata: 1.2986146630719304
  landing: 0.021456103771924973
  view-data: 0.13096872065216303
