times:
  landing: 0.5489418759999865
  view-data: 0.5501203660000158
