times:
  edit-metadata: 1.7558180075138807
  landing: 0.14897714368999004
  view-data: 0.55741027276963
