times:
  landing: 0.5524071800000172
  view-data: 0.5594999220000147
