times:
  edit-metadata: 2.025611562654376
  landing: 0.02062821015715599
  view-data: 0.5394210368394852
