times:
  edit-metadata: 0.6402949549956247
  landing: 0.057585977017879486
  view-data: 0.23410743905697018
