times:
  edit-metadata: 1.574312213808298
  landing: 1.012508500367403
  view-data: 3.387724284082651
