times:
  edit-metadata: 1.4837555750273168
  landing: 0.996550495037809
  view-data: 3.397413169965148
