times:
  edit-metadata: 2.4689240595325828
  landing: 0.18660468142479658
  view-data: 0.0326983667910099
