times:
  edit-metadata: 0.46145491721108556
  landing: 0.05778369680047035
  view-data: 0.27542101219296455
