times:
  edit-metadata: 0.5404171012341976
  landing: 0.0486762598156929
  view-data: 0.2365148477256298
