times:
  edit-metadata: 0.5572216100990772
  landing: 2.0995569676160812
  view-data: 0.6023727227002382
