times:
  edit-metadata: 0.5417551845312119
  landing: 0.04611148685216904
  view-data: 0.2461884319782257
