times:
  edit-metadata: 2.091573243960738
  landing: 0.019712310284376144
  view-data: 0.10134510323405266
