times:
  edit-metadata: 1.4327484406530857
  landing: 0.9274073503911495
  view-data: 3.3823054246604443
