times:
  edit-metadata: 0.4332070187665522
  landing: 0.04973804112523794
  view-data: 0.336759639903903
