times:
  edit-metadata: 2.147448344156146
  landing: 0.15000330470502377
  view-data: 0.4892297834157944
