times:
  edit-metadata: 1.59484089538455
  landing: 0.8444769307971001
  view-data: 3.29354627430439
