times:
  edit-metadata: 1.4778248816728592
  landing: 0.9770622216165066
  view-data: 3.3208005726337433
