times:
  edit-metadata: 0.5326072759926319
  landing: 0.050646279007196426
  view-data: 0.2259199135005474
