times:
  edit-metadata: 1.5137303359806538
  landing: 0.9879620224237442
  view-data: 3.2986339889466763
