times:
  edit-metadata: 2.497199349105358
  landing: 0.2655829507857561
  view-data: 0.03831447660923004
