times:
  edit-metadata: 2.1514264438301325
  landing: 0.18131816759705544
  view-data: 0.16696455143392086
