times:
  edit-metadata: 2.645501185208559
  landing: 0.021642448380589485
  view-data: 0.14403870329260826
