times:
  edit-metadata: 1.5405214689671993
  landing: 1.034302905201912
  view-data: 3.7601710110902786
