times:
  landing: 0.551459202999979
  view-data: 0.553991558000007
