times:
  edit-metadata: 1.4309962121769786
  landing: 0.8166741020977497
  view-data: 3.3773765796795487
