times:
  edit-metadata: 2.1194370221346617
  landing: 0.023924894630908966
  view-data: 0.02597440406680107
