times:
  edit-metadata: 1.5567405819892883
  landing: 0.8761962614953518
  view-data: 3.3723830468952656
