times:
  landing: 1.0600747420000118
  view-data: 2.0954688950000104
