times:
  edit-metadata: 0.4397315918467939
  landing: 0.060346636921167374
  view-data: 0.24661979591473937
