times:
  edit-metadata: 1.5241546258330345
  landing: 0.8102890718728304
  view-data: 3.3843041472136974
