times:
  edit-metadata: 0.8663991228677332
  landing: 0.0778805329464376
  view-data: 0.29458105308003724
