times:
  landing: 1.0726783589999798
  view-data: 0.5616484230000083
