times:
  edit-metadata: 1.5590212792158127
  landing: 0.7653766870498657
  view-data: 3.370780821889639
