times:
  landing: 0.5547306690000084
  view-data: 0.558958462000021
