times:
  edit-metadata: 1.4565893560647964
  landing: 0.9007296888157725
  view-data: 3.3895909027196467
