times:
  edit-metadata: 0.9034440729301423
  landing: 0.06376497505698353
  view-data: 0.25825777102727443
