times:
  edit-metadata: 1.9659343976527452
  landing: 0.020298092626035213
  view-data: 0.5576564762741327
