times:
  landing: 0.5543247289999726
  view-data: 0.5631666489999816
