times:
  edit-metadata: 0.4268590868450701
  landing: 0.053340823855251074
  view-data: 0.2410400789231062
