times:
  edit-metadata: 1.9829471800476313
  landing: 0.2252240926027298
  view-data: 0.5161419380456209
