times:
  landing: 0.5524962580000192
  view-data: 0.5525976640000181
