times:
  edit-metadata: 1.5023328252136707
  landing: 0.9323486760258675
  view-data: 3.3574463203549385
