times:
  edit-metadata: 0.5714461915194988
  landing: 2.2607637513428926
  view-data: 0.44096665270626545
