times:
  edit-metadata: 1.0154184671118855
  landing: 0.0488949790596962
  view-data: 0.37263805931434035
