times:
  edit-metadata: 0.6034741415642202
  landing: 0.05197374802082777
  view-data: 0.24600160866975784
