times:
  edit-metadata: 2.2659681364893913
  landing: 0.26675516180694103
  view-data: 0.15893357247114182
