times:
  edit-metadata: 1.7697236980311573
  landing: 0.10205466393381357
  view-data: 0.3119346690364182
