times:
  edit-metadata: 1.5826256610453129
  landing: 1.0444720089435577
  view-data: 3.394733715802431
