times:
  landing: 0.5571845110000595
  view-data: 0.5511405229999582
