times:
  edit-metadata: 1.508453095331788
  landing: 0.7921665832400322
  view-data: 3.385961089283228
