times:
  edit-metadata: 1.368796031922102
  landing: 0.771304614841938
  view-data: 3.326549682766199
