times:
  edit-metadata: 1.6826896155253053
  landing: 0.022238981910049915
  view-data: 0.026628294959664345
