times:
  edit-metadata: 1.3013101741671562
  landing: 0.02135642245411873
  view-data: 0.02370959147810936
