times:
  edit-metadata: 2.120963403955102
  landing: 1.2582158334553242
  view-data: 3.4799548406153917
