times:
  landing: 0.5494904700000234
  view-data: 0.5530811230000268
