times:
  landing: 0.6243847080000364
  view-data: 0.5564316230000372
