times:
  edit-metadata: 1.3045294601470232
  landing: 0.019274421967566013
  view-data: 0.024077588692307472
