times:
  edit-metadata: 2.14418669231236
  landing: 1.5304925087839365
  view-data: 3.365092219784856
