times:
  landing: 0.5540291180000168
  view-data: 0.552402635000135
