times:
  landing: 1.0726277519999883
  view-data: 0.5573052599999926
