times:
  edit-metadata: 1.5421686470508575
  landing: 0.9336989093571901
  view-data: 3.4455732330679893
