times:
  edit-metadata: 1.2948272498324513
  landing: 0.023283162154257298
  view-data: 0.02674012817442417
