times:
  landing: 1.5976005149999537
  view-data: 0.5723536410000065
