times:
  edit-metadata: 0.6194793340982869
  landing: 0.05285628396086395
  view-data: 0.2385310980025679
