times:
  edit-metadata: 3.210244190879166
  landing: 1.620307310950011
  view-data: 4.688381293322891
