times:
  edit-metadata: 2.0022501535713673
  landing: 0.1638928521424532
  view-data: 0.02422124333679676
