times:
  landing: 0.550584079999993
  view-data: 0.5525404799999762
