times:
  edit-metadata: 1.7046825140714645
  landing: 0.986675750464201
  view-data: 3.3091078214347363
