times:
  edit-metadata: 1.4039602354168892
  landing: 0.9992889799177647
  view-data: 3.3647651448845863
