times:
  edit-metadata: 0.466288136318326
  landing: 0.044244944117963314
  view-data: 0.28333021327853203
