times:
  edit-metadata: 1.5022990200668573
  landing: 0.791627436876297
  view-data: 3.391087170690298
