times:
  landing: 1.0851907460000234
  view-data: 0.5532054839999887
