times:
  edit-metadata: 0.7330139828845859
  landing: 0.07333877077326179
  view-data: 0.2964663659222424
