times:
  edit-metadata: 1.3917398280464113
  landing: 0.1354459491558373
  view-data: 0.3650252721272409
