times:
  edit-metadata: 0.8542353759985417
  landing: 0.05052768113091588
  view-data: 0.4149742079898715
