times:
  edit-metadata: 3.290508946403861
  landing: 0.41487910225987434
  view-data: 0.8922808952629566
