times:
  edit-metadata: 1.4725401550531387
  landing: 0.8806509934365749
  view-data: 3.3804785646498203
