times:
  edit-metadata: 1.9634074810892344
  landing: 0.019926927983760834
  view-data: 0.02851376123726368
