times:
  edit-metadata: 1.1676308871246874
  landing: 0.07938070502132177
  view-data: 0.38799950294196606
