times:
  edit-metadata: 0.897571244975552
  landing: 0.07499192503746599
  view-data: 0.3623940080869943
