times:
  landing: 0.5551210250000622
  view-data: 0.5469422500000292
