times:
  edit-metadata: 1.483701966702938
  landing: 0.8580777533352375
  view-data: 3.321486532688141
