times:
  edit-metadata: 0.4563815901055932
  landing: 0.04655725276097655
  view-data: 0.26426458498463035
