times:
  edit-metadata: 0.4539841338992119
  landing: 0.05876468773931265
  view-data: 0.2839549472555518
