times:
  edit-metadata: 1.9807265158742666
  landing: 0.18395447544753551
  view-data: 0.22459967248141766
