times:
  edit-metadata: 1.0866942320135422
  landing: 0.08102398799383081
  view-data: 0.2953349229937885
