times:
  edit-metadata: 0.9182873209938407
  landing: 0.06833284487947822
  view-data: 0.38413237081840634
