times:
  landing: 0.5524706510000215
  view-data: 0.5603064150000137
