times:
  edit-metadata: 0.5264329481869936
  landing: 13.446604255586863
  view-data: 1.8520202282816172
