times:
  edit-metadata: 0.4337816359475255
  landing: 0.05232030525803566
  view-data: 0.27080250158905983
