times:
  edit-metadata: 0.4414663310162723
  landing: 0.05545264109969139
  view-data: 0.25108170276507735
