times:
  edit-metadata: 0.43640792183578014
  landing: 0.047617606818675995
  view-data: 0.26610654778778553
