times:
  edit-metadata: 1.421403804095462
  landing: 0.9226010339334607
  view-data: 1.046795647824183
