times:
  edit-metadata: 1.0095736952498555
  landing: 0.04884863318875432
  view-data: 0.35979994805529714
