times:
  edit-metadata: 1.4562456347048283
  landing: 0.8161657098680735
  view-data: 3.370465623214841
