times:
  edit-metadata: 1.9691618345677853
  landing: 0.128463014960289
  view-data: 0.47076844424009323
