times:
  edit-metadata: 1.339892360381782
  landing: 0.021903401240706444
  view-data: 0.027879091911017895
