times:
  edit-metadata: 0.6291052051819861
  landing: 0.061372444964945316
  view-data: 0.22408923786133528
