times:
  edit-metadata: 0.513628613203764
  landing: 0.046052753925323486
  view-data: 0.2081480771303177
