times:
  edit-metadata: 0.6069820239790715
  landing: 0.04250271600903943
  view-data: 0.21719185099937022
