times:
  edit-metadata: 1.623363072052598
  landing: 0.9041939117014408
  view-data: 3.461208201944828
