times:
  edit-metadata: 0.5035658199340105
  landing: 0.8948275316506624
  view-data: 0.9409513752907515
