times:
  edit-metadata: 0.5337394438683987
  landing: 1.1696420330554247
  view-data: 0.31984843313694
