times:
  edit-metadata: 1.9790925160050392
  landing: 0.24326201528310776
  view-data: 0.23792258277535439
