times:
  edit-metadata: 1.4138936459785327
  landing: 0.09645673300838098
  view-data: 0.48263224697439
