times:
  edit-metadata: 0.44356422079727054
  landing: 0.052243099082261324
  view-data: 0.37152460403740406
