times:
  landing: 0.5554697439999927
  view-data: 0.5573591690000512
