times:
  landing: 0.5529061589999742
  view-data: 0.5576363810000089
