times:
  edit-metadata: 2.579238850623369
  landing: 1.8719852641224861
  view-data: 3.4526938777416945
