times:
  edit-metadata: 1.4735384099185467
  landing: 0.9386136829853058
  view-data: 3.349382769316435
