times:
  edit-metadata: 0.528561782091856
  landing: 0.05415184795856476
  view-data: 0.2277904488146305
