times:
  landing: 0.5576777160000006
  view-data: 0.5579643280000255
