times:
  edit-metadata: 1.6082162447273731
  landing: 1.033966924995184
  view-data: 3.3596934899687767
