times:
  edit-metadata: 0.6302496842108667
  landing: 0.06065075006335974
  view-data: 0.25349431787617505
