times:
  edit-metadata: 0.5753217451274395
  landing: 0.5996536519378424
  view-data: 0.2541952468454838
