times:
  edit-metadata: 1.4963040370494127
  landing: 0.8828420247882605
  view-data: 3.353009977377951
