times:
  edit-metadata: 0.5015085749328136
  landing: 0.5707266069948673
  view-data: 0.603560259565711
