times:
  landing: 0.5617002409999827
  view-data: 0.5608849410000118
