times:
  edit-metadata: 0.5409184189993539
  landing: 0.04080382699612528
  view-data: 0.22186748000240186
