times:
  edit-metadata: 2.3500344436615705
  landing: 0.21124518662691116
  view-data: 0.7485206294804811
