times:
  edit-metadata: 1.377146645449102
  landing: 0.020835401490330696
  view-data: 0.13227627705782652
