times:
  landing: 0.5600387590000082
  view-data: 0.5552596610000364
