times:
  edit-metadata: 0.5445490125566721
  landing: 1.7189791053533554
  view-data: 0.723517058417201
