times:
  landing: 0.5462145030000443
  view-data: 0.5508270329999618
