times:
  edit-metadata: 0.44619173370301723
  landing: 0.052508304826915264
  view-data: 0.3876721616834402
