times:
  edit-metadata: 0.4601562572643161
  landing: 0.054774049669504166
  view-data: 0.26618605200201273
