times:
  edit-metadata: 1.3512915782630444
  landing: 0.8942858390510082
  view-data: 3.4537502005696297
