times:
  landing: 0.5698846129999993
  view-data: 0.5619991600000276
