times:
  edit-metadata: 0.40594904869794846
  landing: 0.04302923567593098
  view-data: 0.25471419002860785
