times:
  edit-metadata: 0.6177273308858275
  landing: 0.04734919313341379
  view-data: 0.24838670436292887
