times:
  edit-metadata: 1.4636575719341636
  landing: 0.8042693454772234
  view-data: 3.4291283888742328
