times:
  edit-metadata: 1.4526853412389755
  landing: 0.8085158448666334
  view-data: 3.3327349349856377
