times:
  edit-metadata: 1.0140472790080821
  landing: 0.04829684499418363
  view-data: 0.2726324539980851
