times:
  edit-metadata: 0.562087744474411
  landing: 0.8059093840420246
  view-data: 0.31666695699095726
