times:
  edit-metadata: 1.0138539809267968
  landing: 0.08828428201377392
  view-data: 0.2798169500892982
