times:
  landing: 0.5554703779999954
  view-data: 0.5546601089999967
