times:
  edit-metadata: 0.6011778358370066
  landing: 0.73164345882833
  view-data: 0.24892359040677547
