times:
  edit-metadata: 0.47118504997342825
  landing: 0.046148865949362516
  view-data: 0.2504609967581928
