times:
  edit-metadata: 0.9168528181035072
  landing: 0.06780672213062644
  view-data: 0.2697833999991417
