times:
  edit-metadata: 1.3714745864272118
  landing: 0.8598903939127922
  view-data: 3.3071365356445312
