times:
  edit-metadata: 0.6959120589308441
  landing: 0.05391960800625384
  view-data: 0.2608590140007436
