times:
  edit-metadata: 1.0370026342570782
  landing: 0.07579480390995741
  view-data: 0.41566897463053465
