times:
  edit-metadata: 0.49492930620908737
  landing: 0.5926543604582548
  view-data: 0.5862851589918137
