times:
  edit-metadata: 0.5001297779381275
  landing: 0.7980612795799971
  view-data: 0.32424108497798443
