times:
  edit-metadata: 0.5595539249479771
  landing: 0.05477478541433811
  view-data: 0.3411439824849367
