times:
  edit-metadata: 1.4090563140052836
  landing: 0.12115807400550693
  view-data: 0.27006064998568036
