times:
  edit-metadata: 2.3161085974425077
  landing: 0.7130979672074318
  view-data: 3.7437085481360555
