times:
  edit-metadata: 1.5356294866651297
  landing: 0.7910056207329035
  view-data: 3.434601893648505
