times:
  landing: 0.5511957619999635
  view-data: 0.552566421999984
