times:
  edit-metadata: 1.0169586641713977
  landing: 0.04927413025870919
  view-data: 0.36090307775884867
