times:
  edit-metadata: 2.2489471109583974
  landing: 0.4377797143533826
  view-data: 0.8202785160392523
