times:
  edit-metadata: 0.5295967683196068
  landing: 0.9085970260202885
  view-data: 0.3208621125668287
