times:
  edit-metadata: 0.8911793840816244
  landing: 0.06932197604328394
  view-data: 0.2667793050641194
