times:
  edit-metadata: 1.5558447688817978
  landing: 0.822416165843606
  view-data: 3.4440650790929794
