times:
  edit-metadata: 0.5064975740388036
  landing: 0.06478980835527182
  view-data: 0.30115866800770164
