times:
  edit-metadata: 1.5842998921871185
  landing: 0.8741616792976856
  view-data: 3.4268207736313343
