times:
  edit-metadata: 1.9970501698553562
  landing: 0.02271532639861107
  view-data: 0.4441387187689543
