times:
  landing: 0.5598367119999921
  view-data: 0.56572153999997
