times:
  landing: 1.0640430349999974
  view-data: 0.5521780869999873
