times:
  edit-metadata: 1.4435293162241578
  landing: 0.9447928238660097
  view-data: 3.4050981886684895
