times:
  edit-metadata: 1.730075340718031
  landing: 1.013823613524437
  view-data: 3.399076495319605
