times:
  edit-metadata: 1.472093090415001
  landing: 0.9431294575333595
  view-data: 3.3826759457588196
