times:
  edit-metadata: 1.475201774854213
  landing: 0.8473753009457141
  view-data: 3.4308860891032964
