times:
  edit-metadata: 2.012056853622198
  landing: 0.23241304233670235
  view-data: 0.515673391520977
