times:
  landing: 1.0681043589999604
  view-data: 0.5538420749999773
