times:
  edit-metadata: 0.639659910928458
  landing: 0.054951042868196964
  view-data: 0.2397975749336183
