times:
  edit-metadata: 1.691004790365696
  landing: 1.0115698985755444
  view-data: 3.440251164138317
