times:
  edit-metadata: 2.0231046862900257
  landing: 0.020479893311858177
  view-data: 0.6285549011081457
