times:
  edit-metadata: 2.5238029938191175
  landing: 0.18175706081092358
  view-data: 0.680820669978857
