times:
  landing: 1.0650954129999946
  view-data: 0.5462174230000301
