times:
  edit-metadata: 0.8701940618921071
  landing: 0.07287857285700738
  view-data: 0.3632824560627341
