times:
  edit-metadata: 0.6091763786971569
  landing: 0.7149323113262653
  view-data: 0.264474468305707
