times:
  edit-metadata: 0.5201269946992397
  landing: 1.6118655912578106
  view-data: 0.5980257224291563
