times:
  edit-metadata: 0.450682473834604
  landing: 0.054369600024074316
  view-data: 0.25749632297083735
