times:
  edit-metadata: 1.8900371827185154
  landing: 0.2621586751192808
  view-data: 0.49092295579612255
