times:
  edit-metadata: 2.324323968961835
  landing: 0.19905163906514645
  view-data: 0.4673400856554508
