times:
  landing: 1.0601560829999812
  view-data: 0.5428634509999881
