times:
  landing: 0.5550959810000222
  view-data: 0.5575351150000074
