times:
  edit-metadata: 1.5206869840621948
  landing: 0.9185739681124687
  view-data: 3.4163798093795776
