times:
  edit-metadata: 1.6392610520124435
  landing: 0.9976769424974918
  view-data: 3.338738538324833
