times:
  landing: 1.0838403960000278
  view-data: 0.5576412149999896
