times:
  edit-metadata: 0.5310685317963362
  landing: 0.941284067928791
  view-data: 0.3333792071789503
