times:
  edit-metadata: 1.4360758140683174
  landing: 0.9249303825199604
  view-data: 3.29769754037261
