times:
  edit-metadata: 0.5096502117812634
  landing: 1.1016699187457561
  view-data: 0.5932812374085188
