times:
  edit-metadata: 0.4418465457856655
  landing: 0.05551660433411598
  view-data: 0.3463564394041896
