times:
  edit-metadata: 0.43074131198227406
  landing: 0.04151921300217509
  view-data: 0.25054693315178156
