times:
  edit-metadata: 0.7213234750088304
  landing: 0.0760684460401535
  view-data: 0.27110624499619007
