times:
  edit-metadata: 0.6104332711547613
  landing: 0.04830929217860103
  view-data: 0.2475742711685598
