times:
  edit-metadata: 1.3372868243604898
  landing: 0.018353174440562725
  view-data: 0.12766700331121683
