times:
  edit-metadata: 0.5150552298873663
  landing: 0.5945641584694386
  view-data: 0.6056887656450272
