times:
  edit-metadata: 1.4682487398386002
  landing: 1.108869705349207
  view-data: 3.361340679228306
