times:
  edit-metadata: 0.6671773158013821
  landing: 0.37338063679635525
  view-data: 0.25581419467926025
