times:
  edit-metadata: 0.48999582789838314
  landing: 0.7423649914562702
  view-data: 0.28170714899897575
