times:
  edit-metadata: 1.4940769053064287
  landing: 0.04800465516746044
  view-data: 0.36725420597940683
