times:
  edit-metadata: 2.0463535767048597
  landing: 0.14946902357041836
  view-data: 0.22787055652588606
