times:
  edit-metadata: 2.600514320656657
  landing: 0.13388541340827942
  view-data: 0.14011264219880104
