times:
  edit-metadata: 0.49320781975984573
  landing: 0.05708654224872589
  view-data: 0.21584860235452652
