times:
  edit-metadata: 0.48895472660660744
  landing: 0.8815354350954294
  view-data: 0.3260143641382456
