times:
  edit-metadata: 0.5933730149990879
  landing: 0.053444529010448605
  view-data: 0.39408301797811873
