times:
  edit-metadata: 1.4651441425085068
  landing: 1.020500537008047
  view-data: 3.36678059771657
