times:
  edit-metadata: 2.7406153762713075
  landing: 1.6370043344795704
  view-data: 3.6653076857328415
