times:
  edit-metadata: 0.543293047696352
  landing: 0.05642867088317871
  view-data: 0.23640507832169533
