times:
  edit-metadata: 0.5362462587654591
  landing: 0.05479967221617699
  view-data: 0.21664461120963097
