times:
  edit-metadata: 2.0782012604177
  landing: 0.034170350059866905
  view-data: 0.615256929770112
