times:
  landing: 0.5562105340000016
  view-data: 0.550506298000073
