times:
  landing: 1.0910658250000438
  view-data: 0.557255495999982
