times:
  edit-metadata: 0.4087097952142358
  landing: 0.049202625174075365
  view-data: 0.24143855599686503
