times:
  edit-metadata: 1.5262311771512032
  landing: 0.920734565705061
  view-data: 3.3773772288113832
