times:
  edit-metadata: 1.9863617233932018
  landing: 0.0193798104301095
  view-data: 0.024700121954083443
