times:
  landing: 0.5484502030000158
  view-data: 0.5591194969999833
