times:
  landing: 0.5596261249999657
  view-data: 0.5575397229999908
