times:
  edit-metadata: 1.4200398419052362
  landing: 0.8610712201334536
  view-data: 3.448006640188396
