times:
  edit-metadata: 0.637307061930187
  landing: 0.051131204003468156
  view-data: 0.22671956196427345
