times:
  edit-metadata: 1.4626886509358883
  landing: 0.8136972887441516
  view-data: 3.332117942161858
