times:
  edit-metadata: 1.7012786231935024
  landing: 0.9808576703071594
  view-data: 3.353554155677557
