times:
  edit-metadata: 1.0151149780722335
  landing: 0.08269986801315099
  view-data: 0.3644454519962892
