times:
  edit-metadata: 0.4169749659486115
  landing: 0.059642720967531204
  view-data: 0.2530820509418845
