times:
  edit-metadata: 2.0653376542031765
  landing: 0.02246903069317341
  view-data: 0.13261283747851849
