times:
  landing: 0.5601646670000093
  view-data: 0.05837022000000047
