times:
  landing: 1.0687758980000126
  view-data: 0.5589524929999925
