times:
  landing: 1.0796850070000232
  view-data: 0.5553865939999696
