times:
  edit-metadata: 0.5361935030668974
  landing: 0.675791148096323
  view-data: 0.2722506783902645
