times:
  edit-metadata: 0.5946595408022404
  landing: 0.04934878274798393
  view-data: 0.31898608058691025
