times:
  edit-metadata: 0.41450565587729216
  landing: 0.04724682029336691
  view-data: 0.23867743788287044
