times:
  landing: 0.5536157230000072
  view-data: 0.5601337059999878
