times:
  landing: 0.5434818039999527
  view-data: 0.5424591830000054
