times:
  edit-metadata: 0.5242197141051292
  landing: 0.05080075189471245
  view-data: 0.261762835085392
