times:
  edit-metadata: 2.222459863871336
  landing: 0.308544235303998
  view-data: 0.024926595389842987
