times:
  landing: 1.5825684859999853
  view-data: 0.5470239079999999
