times:
  edit-metadata: 2.0894381180405617
  landing: 0.13148157484829426
  view-data: 0.23259868659079075
