times:
  edit-metadata: 1.821508171968162
  landing: 0.021246117539703846
  view-data: 0.15242805052548647
