times:
  edit-metadata: 1.9858365450054407
  landing: 0.02435914520174265
  view-data: 0.02926657721400261
