times:
  edit-metadata: 0.528878703713417
  landing: 0.05100078135728836
  view-data: 0.22779415175318718
