times:
  edit-metadata: 0.60688745114021
  landing: 0.05043936101719737
  view-data: 0.24434834904968739
