times:
  edit-metadata: 0.599993078969419
  landing: 0.048138260026462376
  view-data: 0.22321624000323936
