times:
  edit-metadata: 0.5882232263684273
  landing: 1.1054746620357037
  view-data: 0.5909247845411301
