times:
  edit-metadata: 1.3207615739665926
  landing: 0.0504055880010128
  view-data: 0.2927403678186238
