times:
  edit-metadata: 1.3000912824645638
  landing: 0.12298107799142599
  view-data: 0.12201647739857435
