times:
  landing: 0.5670676379999975
  view-data: 0.5813932720000139
