times:
  edit-metadata: 1.3168619824573398
  landing: 0.02365192398428917
  view-data: 0.026776520535349846
