times:
  landing: 0.555258944000002
  view-data: 0.5563739650000343
