times:
  edit-metadata: 1.494298029690981
  landing: 0.7838369980454445
  view-data: 3.3667129576206207
