times:
  edit-metadata: 0.8484315681271255
  landing: 0.05026242206804454
  view-data: 0.4029724979773164
