times:
  edit-metadata: 0.877154832938686
  landing: 0.048079845029860735
  view-data: 0.3739788909442723
