times:
  edit-metadata: 0.5151898078620434
  landing: 1.2494215480983257
  view-data: 0.25215666741132736
