times:
  edit-metadata: 1.99478068202734
  landing: 0.1291046291589737
  view-data: 0.5124865369871259
