times:
  edit-metadata: 0.6477988989790902
  landing: 0.05776509101269767
  view-data: 0.23860305099515244
