times:
  landing: 1.0735987529999989
  view-data: 0.5548115750000306
