times:
  landing: 1.0755237909999664
  view-data: 0.5537945879999597
