times:
  edit-metadata: 1.2908483184874058
  landing: 0.01910304371267557
  view-data: 0.1364292399957776
