times:
  landing: 0.5489832439999418
  view-data: 0.5606805009999789
