times:
  edit-metadata: 1.546341523528099
  landing: 0.8398898877203465
  view-data: 3.380334045737982
