times:
  edit-metadata: 0.8848619069904089
  landing: 0.05006604001391679
  view-data: 0.39461814099922776
