times:
  edit-metadata: 2.1702521666884422
  landing: 2.301841750741005
  view-data: 3.793428085744381
