times:
  edit-metadata: 1.5007054209709167
  landing: 0.8508277088403702
  view-data: 3.325742296874523
