times:
  edit-metadata: 0.5764389168471098
  landing: 0.5841514691710472
  view-data: 0.3072793949395418
