times:
  edit-metadata: 0.4589844364672899
  landing: 0.5179788302630186
  view-data: 0.30046253465116024
