times:
  edit-metadata: 0.5845954976975918
  landing: 0.598638130351901
  view-data: 0.31524641811847687
