times:
  edit-metadata: 0.5785018131136894
  landing: 0.5501801837235689
  view-data: 0.24830049835145473
