times:
  edit-metadata: 2.233281085267663
  landing: 0.15704383701086044
  view-data: 0.14811783656477928
