times:
  edit-metadata: 2.302350528538227
  landing: 0.26717804931104183
  view-data: 0.13129840977489948
