times:
  edit-metadata: 1.477599561214447
  landing: 0.8460815697908401
  view-data: 3.366599690169096
