times:
  edit-metadata: 0.5683611836284399
  landing: 1.115941559895873
  view-data: 0.5986750889569521
