times:
  edit-metadata: 0.9121657679788768
  landing: 0.0677059490699321
  view-data: 0.38542380393482745
