times:
  landing: 0.5501600430000053
  view-data: 0.5590172139999936
