times:
  edit-metadata: 0.8951615849509835
  landing: 0.08009354607202113
  view-data: 0.3605991519289091
