times:
  edit-metadata: 1.9669805224984884
  landing: 0.20212924852967262
  view-data: 0.4573364742100239
