times:
  edit-metadata: 2.0430436450988054
  landing: 0.021467983722686768
  view-data: 0.023684578016400337
