times:
  edit-metadata: 0.8776085660792887
  landing: 0.08172001410275698
  view-data: 0.39315833314321935
