times:
  edit-metadata: 1.4859151281416416
  landing: 0.9275919273495674
  view-data: 3.3071350678801537
