times:
  edit-metadata: 1.2905257614329457
  landing: 0.02239134442061186
  view-data: 0.024551031179726124
