times:
  edit-metadata: 0.5998519010026939
  landing: 0.047566270994138904
  view-data: 0.22649182000895962
