times:
  edit-metadata: 0.4364503310061991
  landing: 0.05095063103362918
  view-data: 0.2807028112001717
