times:
  edit-metadata: 0.5552446581423283
  landing: 0.7988697402179241
  view-data: 0.5252232030034065
