times:
  edit-metadata: 0.5943359117954969
  landing: 0.5929129589349031
  view-data: 0.2479022890329361
