times:
  edit-metadata: 1.0440826920093969
  landing: 0.06803109403699636
  view-data: 0.37113001092802733
