times:
  edit-metadata: 1.9530264344066381
  landing: 0.12125245854258537
  view-data: 0.043179430067539215
