times:
  edit-metadata: 0.4273135499097407
  landing: 0.05367597984150052
  view-data: 0.2462129769846797
