times:
  edit-metadata: 0.5161840245127678
  landing: 0.9366740062832832
  view-data: 0.29458334296941757
