times:
  edit-metadata: 0.8833453091792762
  landing: 0.04809652897529304
  view-data: 0.36983011313714087
