times:
  edit-metadata: 1.7410709578543901
  landing: 0.8403754811733961
  view-data: 3.333491414785385
