times:
  edit-metadata: 0.5602688547223806
  landing: 0.5755124073475599
  view-data: 0.5905503276735544
