times:
  edit-metadata: 0.4245819766074419
  landing: 0.05887083522975445
  view-data: 0.2693898919969797
