times:
  edit-metadata: 1.4166500195860863
  landing: 0.022025722078979015
  view-data: 0.024960984475910664
