times:
  landing: 0.5507232209999984
  view-data: 0.5523062400000072
