times:
  landing: 1.067712489999991
  view-data: 0.552109009999981
