times:
  edit-metadata: 1.58890251070261
  landing: 1.1327853947877884
  view-data: 3.3566926904022694
