times:
  edit-metadata: 0.4262852882966399
  landing: 0.04626189498230815
  view-data: 0.2501263949088752
