times:
  edit-metadata: 0.6483025911729783
  landing: 0.05213149101473391
  view-data: 0.22597195603884757
