times:
  edit-metadata: 0.4360347199253738
  landing: 0.051081711892038584
  view-data: 0.2912492621690035
