times:
  landing: 0.5573983209999938
  view-data: 0.5546280800000147
