times:
  edit-metadata: 1.4290416430449113
  landing: 0.9098579740384594
  view-data: 3.3557569440454245
