times:
  edit-metadata: 1.5636084079742432
  landing: 0.7867174185812473
  view-data: 3.4032036010175943
