times:
  edit-metadata: 0.597061371197924
  landing: 0.04419361497275531
  view-data: 0.25010441802442074
