times:
  edit-metadata: 0.5109578259289265
  landing: 0.7836099993437529
  view-data: 0.2698719836771488
