times:
  edit-metadata: 2.1123197246342897
  landing: 0.19615592248737812
  view-data: 0.5140800345689058
