times:
  edit-metadata: 0.6539518099743873
  landing: 0.08679412514902651
  view-data: 0.22089501796290278
