times:
  edit-metadata: 1.9965104442089796
  landing: 0.023237500339746475
  view-data: 0.025337768718600273
