times:
  edit-metadata: 1.7069695051759481
  landing: 0.1334879845380783
  view-data: 0.02480654139071703
