times:
  edit-metadata: 0.8901158310472965
  landing: 0.06574257370084524
  view-data: 0.6156411059200764
