times:
  landing: 0.5582450990000325
  view-data: 0.5655470190000074
