times:
  edit-metadata: 1.4381430726498365
  landing: 0.7997068632394075
  view-data: 3.3811176158487797
