times:
  edit-metadata: 1.3577887741848826
  landing: 0.021774192340672016
  view-data: 0.5480607282370329
