times:
  edit-metadata: 1.5491866199299693
  landing: 0.9041241807863116
  view-data: 3.346534864977002
