times:
  landing: 0.5533110730000033
  view-data: 0.05000309600001174
