times:
  edit-metadata: 2.0259553538635373
  landing: 1.205234899185598
  view-data: 3.4331532497890294
