times:
  edit-metadata: 1.3636451037600636
  landing: 0.024880132637917995
  view-data: 0.10076522175222635
