times:
  edit-metadata: 0.43656101217493415
  landing: 0.05871862871572375
  view-data: 0.3949685087427497
