times:
  landing: 0.5544919790000051
  view-data: 0.5529579589999969
