times:
  edit-metadata: 1.4864279814064503
  landing: 0.9444172754883766
  view-data: 3.3738434053957462
