times:
  edit-metadata: 1.965567160397768
  landing: 1.303692251443863
  view-data: 3.389443390071392
