times:
  edit-metadata: 0.6053867430891842
  landing: 0.047917183954268694
  view-data: 0.22666521789506078
