times:
  edit-metadata: 1.3216743059456348
  landing: 0.021427528001368046
  view-data: 0.024357350543141365
