times:
  edit-metadata: 2.016286611557007
  landing: 0.22201251238584518
  view-data: 0.026014603674411774
