times:
  edit-metadata: 1.4358746130019426
  landing: 0.9216337464749813
  view-data: 3.4202752094715834
