times:
  edit-metadata: 3.324963049031794
  landing: 0.2923051696270704
  view-data: 1.0858871443197131
