times:
  edit-metadata: 0.8688639900647104
  landing: 0.05261818692088127
  view-data: 0.2755176951177418
