times:
  edit-metadata: 1.9269923381507397
  landing: 0.19884888734668493
  view-data: 0.6344994008541107
