times:
  edit-metadata: 0.5358146727085114
  landing: 0.050714097917079926
  view-data: 0.22556636482477188
