times:
  edit-metadata: 0.4739710707217455
  landing: 1.2014127355068922
  view-data: 0.5286017544567585
