times:
  edit-metadata: 1.0718813110142946
  landing: 0.06871340330690145
  view-data: 0.3267874103039503
