times:
  landing: 0.5582736349999777
  view-data: 0.560284777999982
