times:
  edit-metadata: 0.4446620880626142
  landing: 0.04588689561933279
  view-data: 0.35845278995111585
