times:
  edit-metadata: 1.397452611476183
  landing: 0.8674924597144127
  view-data: 3.3203238025307655
