times:
  edit-metadata: 1.322766661643982
  landing: 0.09818469919264317
  view-data: 0.10035924520343542
