times:
  edit-metadata: 0.5529897324740887
  landing: 0.6587616633623838
  view-data: 0.34140276350080967
