times:
  edit-metadata: 1.4957618433982134
  landing: 0.8844013893976808
  view-data: 3.4537524981424212
