times:
  landing: 0.5537886060000119
  view-data: 0.04741657699997859
