times:
  edit-metadata: 0.452724093105644
  landing: 0.057243780232965946
  view-data: 0.2802923549897969
