times:
  edit-metadata: 1.5875296592712402
  landing: 0.8126200344413519
  view-data: 3.3908643517643213
