times:
  edit-metadata: 0.8665652889758348
  landing: 0.05134043795987964
  view-data: 0.281297923065722
