times:
  edit-metadata: 1.5234064366668463
  landing: 0.7452595848590136
  view-data: 3.3756234254688025
