times:
  landing: 0.5482200620000128
  view-data: 0.5538997790000053
