times:
  landing: 1.0628546029999484
  view-data: 0.5490663530000006
