times:
  landing: 1.1156889270000079
  view-data: 0.5589379500000007
