times:
  edit-metadata: 1.4376077614724636
  landing: 0.9924763105809689
  view-data: 3.678750418126583
