times:
  landing: 0.5600377589999823
  view-data: 0.5673359599999799
