times:
  edit-metadata: 1.375337515026331
  landing: 0.8303371965885162
  view-data: 3.295988652855158
