times:
  edit-metadata: 0.598552708979696
  landing: 0.04870128119364381
  view-data: 0.2399541730992496
