times:
  edit-metadata: 2.20200271718204
  landing: 0.33034598268568516
  view-data: 0.5316890180110931
