times:
  landing: 1.0779590470000358
  view-data: 0.5559796370000072
