times:
  edit-metadata: 0.8669114583171904
  landing: 0.04723970824852586
  view-data: 0.26064610993489623
