times:
  edit-metadata: 1.521641742438078
  landing: 0.8154134843498468
  view-data: 3.3636397942900658
