times:
  edit-metadata: 1.394550435245037
  landing: 0.7921281922608614
  view-data: 3.2917593475431204
