times:
  edit-metadata: 2.3690557330846786
  landing: 1.4664437817409635
  view-data: 3.6095184795558453
