times:
  edit-metadata: 0.5433680303394794
  landing: 0.5813687201589346
  view-data: 0.5799812078475952
