times:
  edit-metadata: 1.5451891645789146
  landing: 0.9276318624615669
  view-data: 3.4263401068747044
