times:
  edit-metadata: 1.5305509604513645
  landing: 0.9928078949451447
  view-data: 3.444963563233614
