times:
  edit-metadata: 0.8877162780845538
  landing: 0.07962789502926171
  view-data: 0.2814399339258671
