times:
  landing: 0.5509286529999713
  view-data: 0.5559811880000325
