times:
  edit-metadata: 1.5007794946432114
  landing: 0.7724759168922901
  view-data: 3.2902415469288826
