times:
  edit-metadata: 1.6570019368082285
  landing: 0.020951551385223866
  view-data: 0.026703523471951485
