times:
  edit-metadata: 0.5678384713828564
  landing: 0.8346452713012695
  view-data: 0.25521365366876125
