times:
  edit-metadata: 1.7192056132480502
  landing: 0.02303841058164835
  view-data: 0.10195603501051664
