times:
  edit-metadata: 2.4409605115652084
  landing: 0.24139104411005974
  view-data: 0.597990533336997
