times:
  edit-metadata: 1.4857968650758266
  landing: 0.8228777330368757
  view-data: 3.3918564347550273
