times:
  edit-metadata: 0.43698546290397644
  landing: 0.04563524620607495
  view-data: 0.27052782103419304
