times:
  edit-metadata: 1.057320507010445
  landing: 0.05071414700068999
  view-data: 0.37630931999592576
