times:
  edit-metadata: 0.6724742569494992
  landing: 0.058312624925747514
  view-data: 0.23860591812990606
