times:
  edit-metadata: 1.3048857999965549
  landing: 0.02414075843989849
  view-data: 0.02563558053225279
