times:
  edit-metadata: 0.9432014171034098
  landing: 0.09630509978160262
  view-data: 0.5037362701259553
