times:
  edit-metadata: 0.8626533050555736
  landing: 0.049000493017956614
  view-data: 0.38227742502931505
