times:
  edit-metadata: 2.248190499842167
  landing: 0.02814958430826664
  view-data: 0.028121311217546463
