times:
  edit-metadata: 1.133947460912168
  landing: 0.052920580841600895
  view-data: 0.3678424069657922
