times:
  landing: 0.5543034030000058
  view-data: 0.5535297990000174
