times:
  edit-metadata: 1.0154892429709435
  landing: 0.0489282279741019
  view-data: 0.3645752100273967
