times:
  landing: 1.11057038907893
  view-data: 0.5347092589363456
