times:
  landing: 0.5460027920000243
  view-data: 0.5443961750000028
