times:
  edit-metadata: 1.9736252631992102
  landing: 0.2785314470529556
  view-data: 0.0254961047321558
