times:
  edit-metadata: 0.5822928063571453
  landing: 0.622856855392456
  view-data: 0.5869542397558689
