times:
  edit-metadata: 1.5668188389390707
  landing: 0.8427687119692564
  view-data: 3.4023546408861876
