times:
  edit-metadata: 1.73704325966537
  landing: 0.022562023252248764
  view-data: 0.031112177297472954
