times:
  edit-metadata: 1.518181174993515
  landing: 0.021116308867931366
  view-data: 0.04769010562449694
