times:
  edit-metadata: 2.198292055167258
  landing: 1.5170034728944302
  view-data: 3.6353012807667255
