times:
  edit-metadata: 0.901137982000364
  landing: 0.0586369959928561
  view-data: 0.4718508340010885
