times:
  edit-metadata: 0.5437644235789776
  landing: 0.047829024493694305
  view-data: 0.22110943868756294
