times:
  edit-metadata: 1.7444930328056216
  landing: 0.021156873553991318
  view-data: 0.024669365026056767
