times:
  edit-metadata: 1.7694682506844401
  landing: 0.021801277063786983
  view-data: 0.12516945879906416
