times:
  edit-metadata: 1.570458061993122
  landing: 0.8674199879169464
  view-data: 3.401983242481947
