times:
  edit-metadata: 2.0383187159895897
  landing: 1.5176859991624951
  view-data: 3.8406286537647247
