times:
  edit-metadata: 1.5243523325771093
  landing: 0.8014023993164301
  view-data: 3.362935272976756
