times:
  edit-metadata: 0.6093000234104693
  landing: 0.05444864183664322
  view-data: 0.23866999708116055
