times:
  edit-metadata: 0.612585368915461
  landing: 0.05260394106153399
  view-data: 0.2428991290507838
