times:
  edit-metadata: 0.7273761541582644
  landing: 0.06597771821543574
  view-data: 0.361284963786602
