times:
  edit-metadata: 1.2944224076345563
  landing: 0.020846527069807053
  view-data: 0.026463731192052364
