times:
  edit-metadata: 2.0494569055736065
  landing: 0.23137151263654232
  view-data: 0.5343059543520212
