times:
  edit-metadata: 1.4260426675900817
  landing: 0.8463059077039361
  view-data: 3.3163512060418725
