times:
  landing: 1.0873193489999835
  view-data: 0.549312470000018
