times:
  edit-metadata: 0.8503389739780687
  landing: 0.08434077503625304
  view-data: 0.34531390701886266
