times:
  landing: 2.266237003961578
  view-data: 0.04015431203879416
