times:
  edit-metadata: 0.6252883760025725
  landing: 0.055382258957251906
  view-data: 0.23239404207561165
