times:
  edit-metadata: 2.5600826554000378
  landing: 1.4296766892075539
  view-data: 3.5462520513683558
