times:
  edit-metadata: 1.1352805742062628
  landing: 0.07557861506938934
  view-data: 0.2861417210660875
