times:
  edit-metadata: 1.9903561249375343
  landing: 0.11641839146614075
  view-data: 0.024728043004870415
