times:
  edit-metadata: 0.6060280830133706
  landing: 0.06851324997842312
  view-data: 0.24000669200904667
