times:
  edit-metadata: 1.3019934454932809
  landing: 0.7931324383243918
  view-data: 3.3154726503416896
