times:
  landing: 1.0842927049999957
  view-data: 0.5592853370000057
