times:
  edit-metadata: 0.8812255900120363
  landing: 0.05261536099715158
  view-data: 0.3686141549842432
