times:
  edit-metadata: 1.7827910240739584
  landing: 0.1389966495335102
  view-data: 0.22762965131551027
