times:
  edit-metadata: 0.493464358150959
  landing: 0.046576570719480515
  view-data: 0.23618828877806664
