times:
  landing: 0.5503839549999157
  view-data: 0.5509557939999468
