times:
  edit-metadata: 1.5691336430609226
  landing: 0.8891964554786682
  view-data: 3.4618009366095066
