times:
  edit-metadata: 1.5214153341948986
  landing: 0.9243491888046265
  view-data: 3.3966064490377903
