times:
  edit-metadata: 0.6336526805534959
  landing: 0.05328083410859108
  view-data: 0.24086666200309992
