times:
  edit-metadata: 0.5623468570411205
  landing: 0.09655246511101723
  view-data: 0.23420637100934982
