times:
  edit-metadata: 1.7759399274364114
  landing: 0.11468219198286533
  view-data: 0.10138302389532328
