times:
  edit-metadata: 0.8614512600470334
  landing: 0.051088488078676164
  view-data: 0.3661508089862764
