times:
  edit-metadata: 0.42716328240931034
  landing: 0.04607087234035134
  view-data: 0.2631930401548743
