times:
  edit-metadata: 0.442009586840868
  landing: 0.05106019414961338
  view-data: 0.25895504280924797
