times:
  edit-metadata: 0.5368220042437315
  landing: 1.0462199486792088
  view-data: 0.31984985433518887
