times:
  landing: 1.0965292160000217
  view-data: 0.5570885559999397
