times:
  edit-metadata: 2.186314456164837
  landing: 0.021974405273795128
  view-data: 0.1411968283355236
