times:
  edit-metadata: 0.4227065285667777
  landing: 0.04787039756774902
  view-data: 0.2700262973085046
