times:
  edit-metadata: 1.4961991568561643
  landing: 0.8139772319700569
  view-data: 3.3903190509881824
