times:
  edit-metadata: 0.5365232173353434
  landing: 0.7625843770802021
  view-data: 0.26599395647644997
