times:
  edit-metadata: 0.641177287325263
  landing: 0.10790542606264353
  view-data: 0.36951926490291953
