times:
  edit-metadata: 0.9430477779824287
  landing: 0.049780949018895626
  view-data: 0.40325256902724504
