times:
  landing: 1.5930774990000032
  view-data: 1.0765316499999926
