times:
  edit-metadata: 0.43985849479213357
  landing: 0.05454802792519331
  view-data: 0.25851712422445416
