times:
  edit-metadata: 2.1771687641739845
  landing: 0.023171676322817802
  view-data: 0.1439290214329958
