times:
  edit-metadata: 1.5489405915141106
  landing: 0.9791141487658024
  view-data: 3.4326121248304844
