times:
  edit-metadata: 1.537461655214429
  landing: 0.8509804550558329
  view-data: 3.447046307846904
