times:
  edit-metadata: 1.441175790503621
  landing: 0.9429916515946388
  view-data: 3.3925310764461756
