times:
  edit-metadata: 1.9888503244146705
  landing: 0.019629210233688354
  view-data: 0.03305772226303816
