times:
  edit-metadata: 0.5475275591015816
  landing: 0.052919067442417145
  view-data: 0.2462288998067379
