times:
  edit-metadata: 0.4439354408532381
  landing: 0.05442830268293619
  view-data: 0.2747892802581191
