times:
  edit-metadata: 1.7306302562355995
  landing: 0.02060992270708084
  view-data: 0.027804945595562458
