times:
  edit-metadata: 2.0109156742691994
  landing: 0.13214516453444958
  view-data: 0.1569396611303091
