times:
  landing: 0.5563221300000123
  view-data: 0.5784170109999991
