times:
  edit-metadata: 1.5715088583528996
  landing: 1.0460973493754864
  view-data: 3.349138081073761
