times:
  edit-metadata: 1.992138771340251
  landing: 0.019338101148605347
  view-data: 0.5249801641330123
