times:
  landing: 1.0687239410000302
  view-data: 0.5535728300000073
