times:
  edit-metadata: 0.6022692839906085
  landing: 0.05472937200102024
  view-data: 0.24592623600619845
