times:
  edit-metadata: 1.628545343875885
  landing: 0.9681298853829503
  view-data: 3.4255043352022767
