times:
  edit-metadata: 2.9053935185074806
  landing: 1.3082953169941902
  view-data: 3.498539528809488
