times:
  edit-metadata: 0.5865988919977099
  landing: 0.048152337898500264
  view-data: 0.23177098704036325
