times:
  edit-metadata: 0.5411120317876339
  landing: 0.05367758870124817
  view-data: 0.22272071242332458
