times:
  edit-metadata: 1.5870292447507381
  landing: 0.905890803784132
  view-data: 3.424904577434063
