times:
  edit-metadata: 0.6354082539910451
  landing: 0.0488680899143219
  view-data: 0.21911689499393106
