times:
  edit-metadata: 2.303376864641905
  landing: 0.2055430058389902
  view-data: 0.6159599423408508
