times:
  edit-metadata: 0.6293393699452281
  landing: 0.0483296480961144
  view-data: 0.23350432212464511
