times:
  edit-metadata: 2.117439493536949
  landing: 0.023454995825886726
  view-data: 0.5034804474562407
