times:
  edit-metadata: 0.4454892356880009
  landing: 0.04696807777509093
  view-data: 0.2718184031546116
