times:
  edit-metadata: 1.3000669656321406
  landing: 0.02184111252427101
  view-data: 0.12299901433289051
