times:
  edit-metadata: 0.8664720929227769
  landing: 0.044312893180176616
  view-data: 0.3717652920167893
