times:
  edit-metadata: 0.6641366789117455
  landing: 0.0501985929440707
  view-data: 0.2738690129481256
