times:
  edit-metadata: 0.5763502549380064
  landing: 1.1357437241822481
  view-data: 0.6018261257559061
