times:
  landing: 0.5531223720000185
  view-data: 0.5605559169999879
