times:
  edit-metadata: 1.9526320155709982
  landing: 0.11266815662384033
  view-data: 0.11957230605185032
