times:
  edit-metadata: 1.3353063012473285
  landing: 0.8459235150367022
  view-data: 3.348252240102738
