times:
  landing: 0.5486294110000074
  view-data: 0.5529744279999989
