times:
  edit-metadata: 1.302384713664651
  landing: 0.022922306321561337
  view-data: 0.027090750634670258
