times:
  edit-metadata: 1.38348775729537
  landing: 0.8406368792057037
  view-data: 3.3389005959033966
