times:
  edit-metadata: 0.5975353152025491
  landing: 0.05010393005795777
  view-data: 0.2553254629019648
