times:
  edit-metadata: 0.9037492158822715
  landing: 0.07483528717420995
  view-data: 0.2672302930150181
