times:
  edit-metadata: 0.5387258753180504
  landing: 0.05132594704627991
  view-data: 0.22724072262644768
