times:
  edit-metadata: 1.9993595220148563
  landing: 0.22731290943920612
  view-data: 0.12116842158138752
