times:
  edit-metadata: 1.4250342287123203
  landing: 0.7510347999632359
  view-data: 3.3840702660381794
