times:
  edit-metadata: 0.5795750413089991
  landing: 0.7906739693135023
  view-data: 0.2669425494968891
