times:
  edit-metadata: 0.6921438500285149
  landing: 0.059378573670983315
  view-data: 0.24969375133514404
