times:
  edit-metadata: 1.5596274137496948
  landing: 1.0560536608099937
  view-data: 3.3369174897670746
