times:
  edit-metadata: 1.414160748012364
  landing: 0.8804001715034246
  view-data: 3.3218316677957773
