times:
  edit-metadata: 1.5569909699261189
  landing: 0.9519969150424004
  view-data: 3.414602305740118
