times:
  edit-metadata: 1.7485585007816553
  landing: 0.022048212587833405
  view-data: 0.025329320691525936
