times:
  edit-metadata: 0.8737409529276192
  landing: 0.0524218559730798
  view-data: 0.2861644260119647
