times:
  edit-metadata: 1.4496784042567015
  landing: 0.8613573852926493
  view-data: 3.3411326091736555
