times:
  landing: 0.5554666659999725
  view-data: 0.5573464540000259
