times:
  edit-metadata: 0.6255893950583413
  landing: 0.049148078076541424
  view-data: 0.22943148901686072
