times:
  edit-metadata: 0.5293779475614429
  landing: 0.05643161851912737
  view-data: 0.2931443052366376
