times:
  edit-metadata: 0.8995100711472332
  landing: 0.05436472920700908
  view-data: 0.47808592673391104
