times:
  edit-metadata: 0.8762383160647005
  landing: 0.08642313000746071
  view-data: 0.2714432589709759
