times:
  edit-metadata: 0.46966762095689774
  landing: 0.04766607191413641
  view-data: 0.2831955514848232
