times:
  edit-metadata: 0.7586389956995845
  landing: 0.06287628691643476
  view-data: 0.30996165983378887
