times:
  edit-metadata: 2.0597230531275272
  landing: 1.3565631359815598
  view-data: 3.2974689938127995
