times:
  edit-metadata: 0.6492943899938837
  landing: 0.04601014603395015
  view-data: 0.22649253904819489
