times:
  edit-metadata: 0.6129698019940406
  landing: 0.05861805402673781
  view-data: 0.304932177066803
