times:
  edit-metadata: 2.094540350139141
  landing: 0.023736685514450073
  view-data: 0.02686452306807041
