times:
  landing: 1.1231863909999902
  view-data: 0.5497395969999843
