times:
  edit-metadata: 1.5248414613306522
  landing: 0.8332713153213263
  view-data: 3.3932344652712345
