times:
  edit-metadata: 1.3529547490179539
  landing: 0.9238447658717632
  view-data: 3.4213058091700077
