times:
  edit-metadata: 1.5850211530923843
  landing: 1.6333421058952808
  view-data: 3.3298358507454395
