times:
  edit-metadata: 1.9601683504879475
  landing: 1.2339924648404121
  view-data: 3.5934446156024933
