times:
  edit-metadata: 3.564598888158798
  landing: 2.1768983900547028
  view-data: 3.4235828779637814
