times:
  edit-metadata: 1.5346678979694843
  landing: 0.8520870953798294
  view-data: 3.463372778147459
