times:
  edit-metadata: 1.3755331821739674
  landing: 0.9451786689460278
  view-data: 3.3344044648110867
