times:
  edit-metadata: 1.7057430259883404
  landing: 1.0184455551207066
  view-data: 3.4023973867297173
