times:
  edit-metadata: 1.5614311434328556
  landing: 0.819854561239481
  view-data: 3.3710918687283993
