times:
  edit-metadata: 1.4294771552085876
  landing: 0.8815850019454956
  view-data: 3.3659661039710045
