times:
  edit-metadata: 1.6233833841979504
  landing: 0.8311702385544777
  view-data: 3.3185052797198296
