times:
  edit-metadata: 1.3539227955043316
  landing: 0.7687262743711472
  view-data: 3.3207652010023594
