times:
  edit-metadata: 1.5029534101486206
  landing: 0.8251218385994434
  view-data: 3.551912907510996
