times:
  edit-metadata: 1.460168369114399
  landing: 0.8766393922269344
  view-data: 3.3842656426131725
