times:
  edit-metadata: 1.4066547825932503
  landing: 0.9314776808023453
  view-data: 3.28967547416687
