times:
  edit-metadata: 1.582382082939148
  landing: 0.8585964106023312
  view-data: 3.386832684278488
