times:
  edit-metadata: 1.485020738095045
  landing: 0.9040710665285587
  view-data: 3.3882490918040276
