times:
  edit-metadata: 1.3635191544890404
  landing: 0.8254376240074635
  view-data: 3.268824942409992
