times:
  edit-metadata: 1.9303079470992088
  landing: 1.163547370582819
  view-data: 3.39066481590271
