times:
  edit-metadata: 1.5185642503201962
  landing: 0.9199669025838375
  view-data: 3.336870416998863
