times:
  edit-metadata: 1.3607510589063168
  landing: 0.7739676684141159
  view-data: 3.2914674542844296
