times:
  edit-metadata: 1.4327327273786068
  landing: 0.7658384814858437
  view-data: 3.2883377112448215
