times:
  edit-metadata: 1.5877978466451168
  landing: 0.933521218597889
  view-data: 3.423994041979313
