times:
  edit-metadata: 1.9210006035864353
  landing: 0.9210784621536732
  view-data: 3.3510376140475273
