times:
  edit-metadata: 1.5734263360500336
  landing: 1.0549028292298317
  view-data: 3.4403402246534824
