times:
  edit-metadata: 1.5985991023480892
  landing: 1.0853564478456974
  view-data: 3.4370644576847553
