times:
  edit-metadata: 1.9406465366482735
  landing: 0.7648463286459446
  view-data: 3.3394820727407932
