times:
  edit-metadata: 1.5579996332526207
  landing: 0.8485542796552181
  view-data: 3.37574627622962
