times:
  edit-metadata: 1.4729438163340092
  landing: 0.8777620568871498
  view-data: 3.3506164960563183
