times:
  edit-metadata: 1.399561271071434
  landing: 0.806578129529953
  view-data: 3.303140975534916
