times:
  edit-metadata: 2.1144756376743317
  landing: 1.7305347695946693
  view-data: 3.4917035214602947
