times:
  edit-metadata: 1.4617241062223911
  landing: 0.9320738464593887
  view-data: 3.3980684615671635
