times:
  edit-metadata: 1.340593446046114
  landing: 0.7908757738769054
  view-data: 3.2404691576957703
