times:
  edit-metadata: 1.561717689037323
  landing: 0.8463793359696865
  view-data: 3.383358083665371
