times:
  edit-metadata: 1.5196065716445446
  landing: 1.1230718418955803
  view-data: 3.440597388893366
