times:
  edit-metadata: 1.550570234656334
  landing: 0.8717433735728264
  view-data: 3.5143967121839523
