times:
  edit-metadata: 1.458944410085678
  landing: 0.7633911594748497
  view-data: 3.4951766803860664
