times:
  edit-metadata: 1.4982444494962692
  landing: 0.7890587598085403
  view-data: 3.3576304838061333
