times:
  edit-metadata: 3.2549974992871284
  landing: 2.5761044695973396
  view-data: 5.030357450246811
