times:
  edit-metadata: 1.9610731601715088
  landing: 1.2602272033691406
  view-data: 3.532047815620899
