times:
  edit-metadata: 1.3697518408298492
  landing: 0.8367605656385422
  view-data: 3.464452378451824
