times:
  edit-metadata: 1.3909479826688766
  landing: 0.8319159224629402
  view-data: 3.4116069599986076
