times:
  edit-metadata: 1.5688745379447937
  landing: 0.8840275034308434
  view-data: 3.4259782284498215
