times:
  edit-metadata: 1.4542554467916489
  landing: 0.8377084583044052
  view-data: 3.4518504589796066
