times:
  edit-metadata: 1.4463793858885765
  landing: 0.8718998208642006
  view-data: 3.4733893275260925
