times:
  edit-metadata: 1.5206569656729698
  landing: 0.8387802764773369
  view-data: 3.4397822692990303
