times:
  edit-metadata: 1.4572628363966942
  landing: 0.9981155321002007
  view-data: 3.3380049243569374
