times:
  edit-metadata: 1.4445690289139748
  landing: 0.7948930561542511
  view-data: 3.537168338894844
