times:
  edit-metadata: 1.4316706955432892
  landing: 0.8155597746372223
  view-data: 3.5317391976714134
