times:
  edit-metadata: 1.416333444416523
  landing: 0.822723850607872
  view-data: 3.392935648560524
