times:
  edit-metadata: 1.5350852385163307
  landing: 0.8828937411308289
  view-data: 3.2879057489335537
