times:
  edit-metadata: 1.3945213183760643
  landing: 0.7848107293248177
  view-data: 3.498636841773987
