times:
  edit-metadata: 1.5976800695061684
  landing: 0.8521606102585793
  view-data: 3.635670356452465
