times:
  edit-metadata: 1.4457881227135658
  landing: 0.8889980614185333
  view-data: 3.302069306373596
