times:
  edit-metadata: 1.4849589839577675
  landing: 0.7999579086899757
  view-data: 3.31589612364769
