times:
  edit-metadata: 1.4191462248563766
  landing: 0.7890993505716324
  view-data: 3.2877434715628624
