times:
  edit-metadata: 1.409221611917019
  landing: 0.870973490178585
  view-data: 3.5343404412269592
