times:
  edit-metadata: 1.3576529920101166
  landing: 0.7958058342337608
  view-data: 3.508260525763035
