times:
  edit-metadata: 1.408473663032055
  landing: 0.8486400917172432
  view-data: 3.4661728739738464
