times:
  edit-metadata: 1.5113834962248802
  landing: 0.8001188337802887
  view-data: 3.4533839374780655
