times:
  edit-metadata: 1.4959106966853142
  landing: 0.824430450797081
  view-data: 3.4435216560959816
