times:
  edit-metadata: 1.500956542789936
  landing: 0.8041905611753464
  view-data: 3.5178642198443413
