times:
  edit-metadata: 1.4668752923607826
  landing: 0.8101762384176254
  view-data: 3.3696276620030403
