times:
  edit-metadata: 1.5175242498517036
  landing: 0.9496212378144264
  view-data: 3.3377966210246086
