times:
  edit-metadata: 2.4091498404741287
  landing: 1.6582983806729317
  view-data: 3.473738193511963
