times:
  edit-metadata: 1.3827847614884377
  landing: 0.8058486729860306
  view-data: 3.306967131793499
