times:
  edit-metadata: 1.5040786191821098
  landing: 0.8891514986753464
  view-data: 3.9492710903286934
