times:
  edit-metadata: 1.4703569039702415
  landing: 0.9134308472275734
  view-data: 3.3801752105355263
