times:
  edit-metadata: 1.6886905767023563
  landing: 1.0066193491220474
  view-data: 3.3370529487729073
