times:
  edit-metadata: 1.5107749626040459
  landing: 0.9495954215526581
  view-data: 3.324430339038372
