times:
  edit-metadata: 1.482887163758278
  landing: 0.7861978337168694
  view-data: 3.497939445078373
