times:
  edit-metadata: 2.152471076697111
  landing: 1.2522561475634575
  view-data: 3.3467685282230377
