times:
  edit-metadata: 1.417176492512226
  landing: 0.8791415244340897
  view-data: 3.4222837388515472
