times:
  edit-metadata: 2.446247935295105
  landing: 1.537825956940651
  view-data: 3.63887856900692
