times:
  edit-metadata: 1.4373453855514526
  landing: 0.7289853096008301
  view-data: 3.4232297763228416
