times:
  edit-metadata: 1.8181158006191254
  landing: 0.7836648672819138
  view-data: 3.831432230770588
