times:
  edit-metadata: 1.4135768115520477
  landing: 0.9608844742178917
  view-data: 3.315648626536131
