times:
  edit-metadata: 1.4439981281757355
  landing: 0.7678019180893898
  view-data: 3.322891943156719
