times:
  edit-metadata: 1.3936391174793243
  landing: 0.8134434893727303
  view-data: 3.341968387365341
