times:
  edit-metadata: 1.392365500330925
  landing: 0.9324241653084755
  view-data: 3.417265795171261
