times:
  edit-metadata: 1.5448594316840172
  landing: 1.0167278572916985
  view-data: 3.49586521089077
