times:
  edit-metadata: 1.4886849224567413
  landing: 0.907716415822506
  view-data: 3.358798570930958
