times:
  edit-metadata: 1.4142492711544037
  landing: 0.7601515725255013
  view-data: 3.5851969346404076
