times:
  edit-metadata: 1.386661745607853
  landing: 0.8290012702345848
  view-data: 3.51847043633461
