times:
  edit-metadata: 1.4192290753126144
  landing: 0.8689612299203873
  view-data: 3.466400794684887
