times:
  edit-metadata: 1.4391348138451576
  landing: 0.8700425252318382
  view-data: 3.4663695618510246
