times:
  edit-metadata: 1.4966045171022415
  landing: 0.8351926356554031
  view-data: 3.516088992357254
