times:
  edit-metadata: 1.50080094486475
  landing: 0.7990102097392082
  view-data: 3.4270258247852325
