times:
  edit-metadata: 1.4089639112353325
  landing: 0.8858557194471359
  view-data: 3.491554096341133
