times:
  edit-metadata: 1.4467990770936012
  landing: 0.7746092602610588
  view-data: 3.453980505466461
