times:
  edit-metadata: 1.521807961165905
  landing: 0.8222308531403542
  view-data: 3.4966492727398872
