times:
  edit-metadata: 1.561617024242878
  landing: 1.096105583012104
  view-data: 3.5200271755456924
