times:
  edit-metadata: 1.7083802372217178
  landing: 1.2801126465201378
  view-data: 3.5470715537667274
