times:
  edit-metadata: 1.4470472782850266
  landing: 0.7878740131855011
  view-data: 3.385892502963543
