times:
  edit-metadata: 1.4233181476593018
  landing: 0.8035269752144814
  view-data: 3.459504082798958
