times:
  edit-metadata: 1.4249054603278637
  landing: 1.0251627527177334
  view-data: 3.3113416098058224
