times:
  edit-metadata: 1.3315927758812904
  landing: 0.7953416705131531
  view-data: 3.408536769449711
