times:
  edit-metadata: 1.5197471305727959
  landing: 0.8382658064365387
  view-data: 3.296435669064522
