times:
  edit-metadata: 1.6254680901765823
  landing: 0.9106623977422714
  view-data: 3.314725711941719
