times:
  edit-metadata: 1.416516862809658
  landing: 0.8197838068008423
  view-data: 3.550502933561802
