times:
  edit-metadata: 1.5043667778372765
  landing: 0.8427467197179794
  view-data: 3.4533043578267097
