times:
  edit-metadata: 1.5490369871258736
  landing: 0.7832055166363716
  view-data: 3.4529600366950035
