times:
  edit-metadata: 1.4362889304757118
  landing: 0.816683292388916
  view-data: 3.512662447988987
