times:
  edit-metadata: 1.5036711320281029
  landing: 1.0493296906352043
  view-data: 3.5393616259098053
