times:
  edit-metadata: 1.4767129495739937
  landing: 0.8066771402955055
  view-data: 3.455854929983616
