times:
  edit-metadata: 1.68421396240592
  landing: 1.147783424705267
  view-data: 3.305953159928322
