times:
  edit-metadata: 1.4590876027941704
  landing: 0.8943000063300133
  view-data: 3.3050518482923508
