times:
  edit-metadata: 1.3333985656499863
  landing: 0.8246125653386116
  view-data: 3.4193779602646828
