times:
  edit-metadata: 1.4744218289852142
  landing: 0.8482933789491653
  view-data: 3.342236064374447
