times:
  edit-metadata: 1.4085776656866074
  landing: 0.7697615474462509
  view-data: 3.4748696237802505
