times:
  edit-metadata: 1.489451415836811
  landing: 1.8134649395942688
  view-data: 3.461138002574444
