times:
  edit-metadata: 1.4820876196026802
  landing: 0.8529516458511353
  view-data: 3.304058313369751
