times:
  edit-metadata: 1.329250156879425
  landing: 0.8382092863321304
  view-data: 3.271556742489338
