times:
  edit-metadata: 1.478617087006569
  landing: 0.9172818288207054
  view-data: 3.5277967900037766
