times:
  edit-metadata: 1.4122983142733574
  landing: 0.7587239965796471
  view-data: 3.448539085686207
