times:
  edit-metadata: 1.7836318835616112
  landing: 1.5491565391421318
  view-data: 4.010653145611286
