times:
  edit-metadata: 1.443636417388916
  landing: 0.7913478538393974
  view-data: 3.4419506937265396
