times:
  edit-metadata: 1.5957507863640785
  landing: 1.005420245230198
  view-data: 3.4707024842500687
