times:
  edit-metadata: 1.4652807787060738
  landing: 0.8177754580974579
  view-data: 3.4711567983031273
