times:
  edit-metadata: 1.3952398300170898
  landing: 0.8336156755685806
  view-data: 3.5775961950421333
