times:
  edit-metadata: 1.4002494663000107
  landing: 0.8221011757850647
  view-data: 3.516683503985405
