times:
  edit-metadata: 1.5198349431157112
  landing: 1.1233910471200943
  view-data: 3.4787829518318176
