times:
  edit-metadata: 1.5115646794438362
  landing: 0.7949512526392937
  view-data: 3.487641990184784
