times:
  edit-metadata: 1.6499882563948631
  landing: 0.9633631594479084
  view-data: 3.3149666599929333
