times:
  edit-metadata: 1.7440187558531761
  landing: 1.0566264688968658
  view-data: 3.595269702374935
