times:
  edit-metadata: 1.4367790818214417
  landing: 0.8353557661175728
  view-data: 3.3027076944708824
