times:
  edit-metadata: 1.3650299683213234
  landing: 0.780337356030941
  view-data: 3.6420233994722366
