times:
  edit-metadata: 2.02174474298954
  landing: 1.4129797294735909
  view-data: 4.12714035063982
