times:
  edit-metadata: 1.600051186978817
  landing: 0.8884447328746319
  view-data: 3.6908420100808144
