times:
  edit-metadata: 1.3882650807499886
  landing: 0.9030912220478058
  view-data: 3.5684486031532288
