times:
  edit-metadata: 1.516622457653284
  landing: 0.9908101782202721
  view-data: 3.336418744176626
