times:
  edit-metadata: 1.4191235452890396
  landing: 0.8729749545454979
  view-data: 3.4316595792770386
