times:
  edit-metadata: 1.4323707222938538
  landing: 0.9354300051927567
  view-data: 3.2971487566828728
