times:
  edit-metadata: 1.444851391017437
  landing: 0.7337091788649559
  view-data: 3.5084697604179382
