times:
  edit-metadata: 1.4937695935368538
  landing: 0.7812678068876266
  view-data: 3.444387696683407
