times:
  edit-metadata: 1.3452757745981216
  landing: 0.6393861770629883
  view-data: 3.3147089891135693
