times:
  edit-metadata: 2.4374014800414443
  landing: 1.1495189811103046
  view-data: 3.507604449056089
