times:
  edit-metadata: 1.57260712236166
  landing: 1.0101229697465897
  view-data: 3.469899222254753
