times:
  edit-metadata: 1.6486979983747005
  landing: 0.9318065904080868
  view-data: 3.3448790721595287
