times:
  edit-metadata: 1.5176377017050982
  landing: 0.8925410620868206
  view-data: 3.410747043788433
