times:
  edit-metadata: 1.540626510977745
  landing: 0.9052368924021721
  view-data: 3.330505259335041
