times:
  edit-metadata: 1.5125343799591064
  landing: 0.9271241724491119
  view-data: 3.390917792916298
