times:
  edit-metadata: 1.5841022431850433
  landing: 1.1008516550064087
  view-data: 3.454893086105585
