times:
  edit-metadata: 1.4462471678853035
  landing: 0.7245786115527153
  view-data: 3.3528800159692764
