times:
  edit-metadata: 1.486522763967514
  landing: 0.8858257904648781
  view-data: 3.450472190976143
