times:
  edit-metadata: 2.150065605994314
  landing: 1.0887336027808487
  view-data: 3.446484903804958
