times:
  edit-metadata: 1.4703695122152567
  landing: 0.7679633367806673
  view-data: 3.4478677324950695
