times:
  edit-metadata: 2.0164405554533005
  landing: 0.7922246120870113
  view-data: 3.338625006377697
