times:
  edit-metadata: 1.515843354165554
  landing: 1.10177319124341
  view-data: 3.3245952501893044
