times:
  edit-metadata: 1.6021318696439266
  landing: 1.0590819157660007
  view-data: 3.3385574631392956
