times:
  edit-metadata: 1.3842321541160345
  landing: 0.768819322809577
  view-data: 3.2835010960698128
