times:
  edit-metadata: 1.4202230949886143
  landing: 0.7389451810158789
  view-data: 3.3045673416927457
