times:
  edit-metadata: 1.4305696412920952
  landing: 0.768536102026701
  view-data: 3.349166300147772
