times:
  edit-metadata: 1.5270342901349068
  landing: 0.8942457027733326
  view-data: 3.4286417067050934
