times:
  edit-metadata: 1.4179346933960915
  landing: 0.9389529377222061
  view-data: 3.4085479713976383
