times:
  edit-metadata: 1.5495702736079693
  landing: 0.8278999645262957
  view-data: 3.4682392608374357
