times:
  edit-metadata: 1.5142713449895382
  landing: 0.8778486289083958
  view-data: 3.429876785725355
