times:
  edit-metadata: 1.3618060126900673
  landing: 0.8525860346853733
  view-data: 3.3393757678568363
