times:
  edit-metadata: 1.4380031824111938
  landing: 0.8597037866711617
  view-data: 3.295530740171671
