times:
  edit-metadata: 1.4215555600821972
  landing: 0.8529444225132465
  view-data: 3.4178196135908365
