times:
  edit-metadata: 1.466574814170599
  landing: 0.8080379478633404
  view-data: 3.2907565515488386
