times:
  edit-metadata: 1.6294666547328234
  landing: 0.8390937391668558
  view-data: 3.334981482475996
