times:
  edit-metadata: 1.3684040559455752
  landing: 0.8303334331139922
  view-data: 3.4260485488921404
