times:
  edit-metadata: 1.3328453563153744
  landing: 0.7176707684993744
  view-data: 3.3102504052221775
