times:
  edit-metadata: 1.549499548971653
  landing: 0.781716485042125
  view-data: 3.329425868927501
