times:
  edit-metadata: 1.4741114303469658
  landing: 0.7898407243192196
  view-data: 3.446609500795603
