times:
  edit-metadata: 1.604590304195881
  landing: 0.9168221764266491
  view-data: 3.421131771057844
