times:
  edit-metadata: 1.6357190925627947
  landing: 0.8599438685923815
  view-data: 3.4447643868625164
