times:
  edit-metadata: 1.4934104869607836
  landing: 0.8532090899534523
  view-data: 3.3647699349094182
