times:
  edit-metadata: 1.429413827136159
  landing: 0.834754484705627
  view-data: 3.325500433333218
