times:
  edit-metadata: 1.6338927820324898
  landing: 0.89385199919343
  view-data: 3.4271004386246204
