times:
  edit-metadata: 1.3940728092566133
  landing: 0.8617225959897041
  view-data: 3.3846356542780995
