times:
  edit-metadata: 1.4123248280957341
  landing: 0.8553623778279871
  view-data: 3.32704811100848
