times:
  edit-metadata: 1.4888033717870712
  landing: 0.8333057127892971
  view-data: 3.4138473607599735
