times:
  edit-metadata: 1.5219225138425827
  landing: 0.7502442728728056
  view-data: 3.3125264924019575
