times:
  edit-metadata: 1.324096292257309
  landing: 0.719664391130209
  view-data: 3.3804847355931997
