times:
  edit-metadata: 1.7443408910185099
  landing: 0.862374484539032
  view-data: 3.376780765131116
