times:
  edit-metadata: 1.6153512690216303
  landing: 0.8699842914938927
  view-data: 3.494396012276411
