times:
  edit-metadata: 1.464524924987927
  landing: 0.8176298779435456
  view-data: 3.588925688061863
