times:
  edit-metadata: 1.5358725832775235
  landing: 0.8000316629186273
  view-data: 3.3636116413399577
