times:
  edit-metadata: 1.4787382171489298
  landing: 0.815407011192292
  view-data: 3.3689450859092176
