times:
  edit-metadata: 1.5909496825188398
  landing: 0.9047807920724154
  view-data: 3.4642764795571566
