times:
  edit-metadata: 1.5074828453361988
  landing: 0.7116574384272099
  view-data: 3.401870008558035
