times:
  edit-metadata: 1.5241617821156979
  landing: 1.0326750911772251
  view-data: 3.4078669026494026
