times:
  edit-metadata: 1.459619449917227
  landing: 0.7972551761195064
  view-data: 3.3849694300442934
