times:
  edit-metadata: 1.6365541759878397
  landing: 0.8355656368657947
  view-data: 3.414837240241468
