times:
  edit-metadata: 1.562945805490017
  landing: 0.8429838418960571
  view-data: 3.4120219498872757
