times:
  edit-metadata: 1.4163936898112297
  landing: 0.837293516844511
  view-data: 3.2680916599929333
