times:
  edit-metadata: 1.5549561493098736
  landing: 0.9477941282093525
  view-data: 3.3663689605891705
