times:
  edit-metadata: 2.1418275963515043
  landing: 0.9537079194560647
  view-data: 3.742489418014884
