times:
  edit-metadata: 1.5669318214058876
  landing: 0.8457613587379456
  view-data: 3.4251562170684338
