times:
  edit-metadata: 1.4649010933935642
  landing: 0.9307682737708092
  view-data: 3.350311003625393
