times:
  edit-metadata: 1.5098734572529793
  landing: 0.841903556138277
  view-data: 3.398529715836048
