times:
  edit-metadata: 1.406351637095213
  landing: 0.8313861563801765
  view-data: 3.2935144677758217
