times:
  edit-metadata: 1.6436423435807228
  landing: 1.0374743603169918
  view-data: 3.414239287376404
