times:
  edit-metadata: 1.5737588331103325
  landing: 0.9586392343044281
  view-data: 3.397669017314911
