times:
  edit-metadata: 1.4928007293492556
  landing: 0.7795690037310123
  view-data: 3.2931900061666965
