times:
  edit-metadata: 2.2033843398094177
  landing: 1.2316318489611149
  view-data: 3.578224338591099
