times:
  edit-metadata: 1.5707782357931137
  landing: 1.1163287796080112
  view-data: 3.3344104811549187
