times:
  edit-metadata: 1.4664456183090806
  landing: 0.7888253713026643
  view-data: 3.3440247271209955
