times:
  edit-metadata: 1.9098822455853224
  landing: 0.9044784661382437
  view-data: 3.3821089435368776
