times:
  edit-metadata: 1.4869179669767618
  landing: 0.9977821270003915
  view-data: 3.3559269309043884
