times:
  edit-metadata: 1.6064219437539577
  landing: 0.8350244015455246
  view-data: 3.434925826266408
