times:
  edit-metadata: 1.5761478878557682
  landing: 0.9713561274111271
  view-data: 3.365466382354498
