times:
  edit-metadata: 1.8368738759309053
  landing: 1.026210849173367
  view-data: 3.458130931481719
