times:
  edit-metadata: 1.384214535355568
  landing: 0.9259601682424545
  view-data: 3.448198139667511
