times:
  edit-metadata: 1.6754896081984043
  landing: 0.9880766905844212
  view-data: 3.4768535681068897
