times:
  edit-metadata: 1.3940443210303783
  landing: 1.0258444473147392
  view-data: 3.3373640291392803
