times:
  edit-metadata: 1.4432167755439878
  landing: 0.8200518926605582
  view-data: 3.409671981818974
