times:
  edit-metadata: 1.6577077396214008
  landing: 0.9197030253708363
  view-data: 3.346865076571703
