times:
  edit-metadata: 1.4718322288244963
  landing: 0.8672617841511965
  view-data: 3.383635301142931
