times:
  edit-metadata: 1.7076351828873158
  landing: 1.0353863202035427
  view-data: 3.35254767537117
