times:
  edit-metadata: 1.6322278324514627
  landing: 0.9190199039876461
  view-data: 3.3136282302439213
