times:
  edit-metadata: 2.3341430397704244
  landing: 1.1099292151629925
  view-data: 3.6996637228876352
