times:
  edit-metadata: 1.4222814664244652
  landing: 0.9609063789248466
  view-data: 3.313096262514591
