times:
  edit-metadata: 1.3936734423041344
  landing: 0.9639005325734615
  view-data: 3.3657486960291862
