times:
  edit-metadata: 1.3803860289044678
  landing: 0.7959953448735178
  view-data: 3.295130020007491
