times:
  edit-metadata: 1.5313924625515938
  landing: 0.7463933639228344
  view-data: 3.302220329642296
