times:
  edit-metadata: 1.667930968105793
  landing: 0.9630624619312584
  view-data: 3.4662912082858384
