times:
  edit-metadata: 1.3668062314391136
  landing: 0.6572031453251839
  view-data: 3.3207492791116238
