times:
  edit-metadata: 1.5027021132409573
  landing: 0.830606953240931
  view-data: 3.3433071859180927
