times:
  edit-metadata: 1.9053092896938324
  landing: 1.3850972577929497
  view-data: 3.4749516919255257
