times:
  edit-metadata: 1.8162770457565784
  landing: 1.1407703459262848
  view-data: 3.451133333146572
