times:
  edit-metadata: 1.417841650545597
  landing: 0.8666754439473152
  view-data: 3.351583108305931
