times:
  edit-metadata: 1.5243887640535831
  landing: 0.8446462545543909
  view-data: 3.4447890017181635
