times:
  edit-metadata: 1.3284945376217365
  landing: 0.6882517449557781
  view-data: 3.258300617337227
