times:
  edit-metadata: 1.5035814959555864
  landing: 0.6377019882202148
  view-data: 3.389529647305608
