times:
  edit-metadata: 1.4522347152233124
  landing: 0.979639433324337
  view-data: 3.367159355431795
