times:
  edit-metadata: 1.407088315114379
  landing: 0.7689597681164742
  view-data: 3.362163031473756
