times:
  edit-metadata: 1.256873345002532
  landing: 0.7044608686119318
  view-data: 3.4081374648958445
