times:
  edit-metadata: 1.5570243671536446
  landing: 1.0875456780195236
  view-data: 3.38473366945982
