times:
  edit-metadata: 1.3020815048366785
  landing: 0.6606204761192203
  view-data: 3.3486719857901335
