times:
  edit-metadata: 1.374566026031971
  landing: 1.0195408463478088
  view-data: 3.3630669228732586
