times:
  edit-metadata: 1.4550935961306095
  landing: 0.7929014889523387
  view-data: 3.4372667241841555
