times:
  edit-metadata: 1.4394358731806278
  landing: 0.7402132600545883
  view-data: 3.301306989043951
