times:
  edit-metadata: 1.9695109520107508
  landing: 1.1378093780949712
  view-data: 3.4433944430202246
