times:
  edit-metadata: 1.6209737546741962
  landing: 1.0457019470632076
  view-data: 3.3546571284532547
