times:
  edit-metadata: 1.4801592715084553
  landing: 1.0155690610408783
  view-data: 3.382796559482813
