times:
  edit-metadata: 1.4864895846694708
  landing: 0.8252082522958517
  view-data: 3.422630224376917
