times:
  edit-metadata: 1.5032225474715233
  landing: 0.7906541340053082
  view-data: 3.406934317201376
