times:
  edit-metadata: 1.3480804078280926
  landing: 0.9254238232970238
  view-data: 3.291627325117588
