times:
  edit-metadata: 1.5161671116948128
  landing: 0.9582399791106582
  view-data: 3.337830603122711
