times:
  edit-metadata: 2.354416286572814
  landing: 1.3501880019903183
  view-data: 3.57469673641026
