times:
  edit-metadata: 1.430165234953165
  landing: 0.8115474209189415
  view-data: 3.4121509678661823
