times:
  edit-metadata: 1.543862666003406
  landing: 0.8203906291164458
  view-data: 3.367273300420493
