times:
  edit-metadata: 1.5030305832624435
  landing: 0.9652261044830084
  view-data: 3.3842618111521006
