times:
  edit-metadata: 1.456751000136137
  landing: 0.8195968642830849
  view-data: 3.3441578447818756
