times:
  edit-metadata: 1.3379512503743172
  landing: 0.7601847611367702
  view-data: 3.259753916412592
