times:
  edit-metadata: 1.4934332543052733
  landing: 0.7633291110396385
  view-data: 3.377073383424431
