times:
  edit-metadata: 1.3635652586817741
  landing: 0.767661027610302
  view-data: 3.316210485994816
