times:
  edit-metadata: 1.4930836018174887
  landing: 0.8316486533731222
  view-data: 3.3879081066697836
