times:
  edit-metadata: 2.0115184150636196
  landing: 1.1299431007355452
  view-data: 3.516633305698633
