times:
  edit-metadata: 1.5990085499361157
  landing: 0.8502546483650804
  view-data: 3.288322272710502
