times:
  edit-metadata: 1.5156941823661327
  landing: 0.7256052438169718
  view-data: 3.2676507756114006
