times:
  edit-metadata: 1.6659957058727741
  landing: 0.9533011969178915
  view-data: 3.3027289360761642
