times:
  edit-metadata: 1.4823207780718803
  landing: 0.9010965675115585
  view-data: 3.296872492879629
