times:
  edit-metadata: 1.2799988705664873
  landing: 0.8813835233449936
  view-data: 3.3481181990355253
