times:
  edit-metadata: 1.4083121502771974
  landing: 0.7940067704766989
  view-data: 3.3508635917678475
