times:
  edit-metadata: 1.3915659561753273
  landing: 0.6631600800901651
  view-data: 3.302542809396982
