times:
  edit-metadata: 1.465940698981285
  landing: 0.9302275069057941
  view-data: 3.309835571795702
