times:
  edit-metadata: 1.4684047605842352
  landing: 0.8265702612698078
  view-data: 3.3810589648783207
