times:
  edit-metadata: 1.7470863852649927
  landing: 0.9353719763457775
  view-data: 3.4243638683110476
