times:
  edit-metadata: 1.5489940010011196
  landing: 0.7756305634975433
  view-data: 3.4162086360156536
