times:
  edit-metadata: 1.5341472886502743
  landing: 0.9303092658519745
  view-data: 3.420841548591852
