times:
  edit-metadata: 1.5533270612359047
  landing: 1.0258001685142517
  view-data: 3.3758971355855465
