times:
  edit-metadata: 1.5476252622902393
  landing: 0.9740792885422707
  view-data: 3.370290130376816
