times:
  edit-metadata: 1.3602098114788532
  landing: 0.7535306755453348
  view-data: 3.386065751314163
