times:
  edit-metadata: 1.5231298245489597
  landing: 1.0506144762039185
  view-data: 3.34574905782938
