times:
  edit-metadata: 1.4449320640414953
  landing: 0.7608416620641947
  view-data: 3.3244821801781654
