times:
  edit-metadata: 1.3446341529488564
  landing: 0.8712316110031679
  view-data: 3.444151493953541
