times:
  edit-metadata: 1.5838081650435925
  landing: 0.932138953357935
  view-data: 3.3537873215973377
