times:
  edit-metadata: 1.4560738331638277
  landing: 0.7506138519383967
  view-data: 3.351623039226979
