times:
  edit-metadata: 1.5108172595500946
  landing: 0.8060027658939362
  view-data: 3.4269313998520374
