times:
  edit-metadata: 1.4202309735119343
  landing: 0.7770931776612997
  view-data: 3.3080591689795256
