times:
  edit-metadata: 1.5566248837858438
  landing: 0.8822229113429785
  view-data: 3.3740771673619747
