times:
  edit-metadata: 1.4333521341904998
  landing: 0.7769317459315062
  view-data: 3.4247905695810914
