times:
  edit-metadata: 1.603775655850768
  landing: 0.8093714714050293
  view-data: 3.376911850646138
