times:
  edit-metadata: 1.5087236277759075
  landing: 0.826029047369957
  view-data: 3.4042140282690525
