times:
  edit-metadata: 1.5819510016590357
  landing: 0.7034165626391768
  view-data: 3.3268991289660335
