times:
  edit-metadata: 1.5903199315071106
  landing: 1.0171843506395817
  view-data: 3.372801348567009
