times:
  edit-metadata: 1.392769968137145
  landing: 0.7825616002082825
  view-data: 3.435891181230545
