times:
  edit-metadata: 1.4879344832152128
  landing: 0.7996568195521832
  view-data: 3.4676821399480104
