times:
  edit-metadata: 1.4681132109835744
  landing: 0.7973336479626596
  view-data: 3.4368800041265786
