times:
  edit-metadata: 1.3887678738683462
  landing: 0.6334031000733376
  view-data: 3.2970213685184717
