times:
  edit-metadata: 1.5313837190624326
  landing: 0.7922401640098542
  view-data: 3.2614319298882037
