times:
  edit-metadata: 1.768723426386714
  landing: 1.121934538707137
  view-data: 3.3529717344790697
