times:
  edit-metadata: 1.4063844149932265
  landing: 0.841752901673317
  view-data: 3.338742572814226
