times:
  edit-metadata: 1.485014053992927
  landing: 0.8543157689273357
  view-data: 3.3618590589612722
