times:
  edit-metadata: 1.4366316981613636
  landing: 0.776617449708283
  view-data: 3.3224394796416163
