times:
  edit-metadata: 1.3146963715553284
  landing: 0.7744073215872049
  view-data: 3.416377319023013
