times:
  edit-metadata: 1.459592156112194
  landing: 0.8668215200304985
  view-data: 3.3282553628087044
