times:
  edit-metadata: 1.9815496001392603
  landing: 1.8257619682699442
  view-data: 3.3366201482713223
