times:
  edit-metadata: 1.4119051732122898
  landing: 0.9592066509649158
  view-data: 3.399496023543179
