times:
  edit-metadata: 1.564836010336876
  landing: 1.059948518872261
  view-data: 3.357659935951233
