times:
  edit-metadata: 1.4420939404517412
  landing: 0.7866278495639563
  view-data: 3.451342524960637
