times:
  edit-metadata: 1.3366192877292633
  landing: 0.7966543231159449
  view-data: 3.3253778759390116
