times:
  edit-metadata: 1.3964236192405224
  landing: 0.764920812100172
  view-data: 3.4203109331429005
