times:
  edit-metadata: 1.7301736809313297
  landing: 0.9843652993440628
  view-data: 3.3529211450368166
