times:
  edit-metadata: 1.4927860470488667
  landing: 0.774695985019207
  view-data: 3.3172463190276176
