times:
  edit-metadata: 1.5144348945468664
  landing: 0.7728513292968273
  view-data: 3.3398670814931393
