times:
  edit-metadata: 1.4866883363574743
  landing: 0.8672585934400558
  view-data: 3.3876632377505302
