times:
  edit-metadata: 1.512084685266018
  landing: 0.9133357591927052
  view-data: 3.3246062248945236
