times:
  edit-metadata: 2.2142180278897285
  landing: 1.2928124591708183
  view-data: 3.731173973530531
