times:
  edit-metadata: 1.9416424930095673
  landing: 0.9871613457798958
  view-data: 3.3907883036881685
