times:
  edit-metadata: 1.3698061592876911
  landing: 0.6937761474400759
  view-data: 3.382882347330451
