times:
  edit-metadata: 1.4561291486024857
  landing: 0.7788319326937199
  view-data: 3.2924963980913162
