times:
  edit-metadata: 1.3966473489999771
  landing: 0.8018558770418167
  view-data: 3.322901174426079
