times:
  edit-metadata: 1.4192367810755968
  landing: 0.7401071954518557
  view-data: 3.351501618511975
