times:
  edit-metadata: 1.8344656862318516
  landing: 0.7073405422270298
  view-data: 3.34329092502594
