times:
  edit-metadata: 1.3992112390697002
  landing: 0.9114658888429403
  view-data: 3.3669298542663455
