times:
  edit-metadata: 2.0194118600338697
  landing: 0.9395585395395756
  view-data: 3.369015146046877
