times:
  edit-metadata: 1.435417316854
  landing: 0.8845091797411442
  view-data: 3.3627380914986134
