times:
  edit-metadata: 1.4317435026168823
  landing: 0.8491923976689577
  view-data: 3.443000568076968
