times:
  edit-metadata: 1.6172883193939924
  landing: 0.9442604146897793
  view-data: 3.3858009707182646
