times:
  edit-metadata: 1.5360483191907406
  landing: 0.8466153182089329
  view-data: 3.418523207306862
