times:
  edit-metadata: 1.4072793908417225
  landing: 0.8982811495661736
  view-data: 3.3235961459577084
