times:
  edit-metadata: 1.5217984691262245
  landing: 0.7884588036686182
  view-data: 3.44397284463048
