times:
  edit-metadata: 1.6289841569960117
  landing: 0.9356637112796307
  view-data: 3.42300833389163
