times:
  edit-metadata: 1.440593902952969
  landing: 0.7729056598618627
  view-data: 3.329949359409511
