times:
  edit-metadata: 1.5848843101412058
  landing: 0.7230884283781052
  view-data: 3.360941108316183
