times:
  edit-metadata: 1.4084710404276848
  landing: 0.6670580878853798
  view-data: 3.310213916003704
