times:
  edit-metadata: 1.4245707988739014
  landing: 0.717727767303586
  view-data: 3.3263323344290257
