times:
  edit-metadata: 1.5176827050745487
  landing: 0.9141491651535034
  view-data: 3.3228670321404934
