times:
  edit-metadata: 1.4145954996347427
  landing: 1.0058656856417656
  view-data: 3.3354878313839436
