times:
  edit-metadata: 1.4319492261856794
  landing: 0.6824813019484282
  view-data: 3.34332319162786
