times:
  edit-metadata: 1.5232880669645965
  landing: 0.8901014332659543
  view-data: 3.3624972822144628
