times:
  edit-metadata: 1.5683974009007215
  landing: 0.8814274687319994
  view-data: 3.398352922871709
