times:
  edit-metadata: 1.6184473922476172
  landing: 0.943972447887063
  view-data: 3.467283023521304
