times:
  edit-metadata: 1.4784052576869726
  landing: 0.7636102698743343
  view-data: 3.3907157871872187
