times:
  edit-metadata: 1.4689728682860732
  landing: 0.8808299861848354
  view-data: 3.3677425738424063
