times:
  edit-metadata: 1.34647985547781
  landing: 0.7904416620731354
  view-data: 3.407605718821287
