times:
  edit-metadata: 1.7272931020706892
  landing: 0.9821298364549875
  view-data: 3.492910634726286
