times:
  edit-metadata: 1.5346462831366807
  landing: 0.8677961039356887
  view-data: 3.3791130299214274
