times:
  edit-metadata: 1.3248023800551891
  landing: 0.5953213199973106
  view-data: 3.2666917871683836
