times:
  edit-metadata: 1.5564184170216322
  landing: 0.8526323921978474
  view-data: 3.4393219612538815
