times:
  edit-metadata: 1.6718884333968163
  landing: 5.72447595000267
  view-data: 3.2966449735686183
