times:
  edit-metadata: 1.5253160372376442
  landing: 1.153526496142149
  view-data: 4.0529348738491535
