times:
  edit-metadata: 1.3580432645976543
  landing: 0.8607466109097004
  view-data: 3.4403938688337803
