times:
  edit-metadata: 1.347703255712986
  landing: 0.9594122543931007
  view-data: 3.377237379550934
