times:
  edit-metadata: 1.4789162138476968
  landing: 0.750524063128978
  view-data: 3.3486762889660895
