times:
  edit-metadata: 1.714247259311378
  landing: 0.960317344404757
  view-data: 3.4059141650795937
