times:
  edit-metadata: 1.4592095431871712
  landing: 0.7494991482235491
  view-data: 3.367170775309205
