times:
  edit-metadata: 1.483266867697239
  landing: 0.8634141832590103
  view-data: 3.3499768748879433
