times:
  edit-metadata: 1.4929925315082073
  landing: 0.7273863479495049
  view-data: 3.3358936682343483
