times:
  edit-metadata: 1.440687257796526
  landing: 0.8834608979523182
  view-data: 3.350774958729744
