times:
  edit-metadata: 3.7295120172202587
  landing: 1.6154438704252243
  view-data: 3.732817057520151
