times:
  edit-metadata: 1.412409946322441
  landing: 0.7060843668878078
  view-data: 3.2585976533591747
