times:
  edit-metadata: 1.3398344619199634
  landing: 0.7675164830870926
  view-data: 0.6944505698047578
