times:
  edit-metadata: 1.5269045643508434
  landing: 1.0658674649894238
  view-data: 3.378580681979656
