times:
  edit-metadata: 1.619694946333766
  landing: 1.0509185791015625
  view-data: 3.369016110897064
