times:
  edit-metadata: 1.475056566298008
  landing: 0.7574497531168163
  view-data: 3.407103985082358
