times:
  edit-metadata: 1.3488499633967876
  landing: 0.8585141859948635
  view-data: 3.3259251564741135
