times:
  edit-metadata: 1.4818932134658098
  landing: 0.653245285153389
  view-data: 3.4040932450443506
