times:
  edit-metadata: 1.5065244883298874
  landing: 0.8894480317831039
  view-data: 3.3353918734937906
