times:
  edit-metadata: 1.7211833633482456
  landing: 1.0123529992997646
  view-data: 3.374508388340473
