times:
  edit-metadata: 1.449489218997769
  landing: 1.1414637389825657
  view-data: 3.301892581046559
