times:
  edit-metadata: 1.8014852539636195
  landing: 1.3285161689855158
  view-data: 3.52878582989797
