times:
  edit-metadata: 1.4328687600791454
  landing: 0.994733702391386
  view-data: 3.431740965694189
