times:
  edit-metadata: 1.9651468638330698
  landing: 1.0433533499017358
  view-data: 3.3848448414355516
