times:
  edit-metadata: 1.5106183234602213
  landing: 0.7864881064742804
  view-data: 3.4578771721571684
