times:
  edit-metadata: 2.435626983642578
  landing: 1.2041706815361977
  view-data: 3.590670432895422
