times:
  edit-metadata: 1.3739855717867613
  landing: 0.715450394898653
  view-data: 3.26883258856833
