times:
  edit-metadata: 1.4809518209658563
  landing: 0.9242897778749466
  view-data: 3.2409848580136895
