times:
  edit-metadata: 1.4290431076660752
  landing: 0.8050288837403059
  view-data: 3.348236173391342
