times:
  edit-metadata: 1.7483703009784222
  landing: 1.0672731921076775
  view-data: 3.5183487236499786
