times:
  edit-metadata: 1.5666802488267422
  landing: 0.8204596154391766
  view-data: 3.429552234709263
