times:
  edit-metadata: 1.5162313813343644
  landing: 0.7131158774718642
  view-data: 3.3641136651858687
