times:
  edit-metadata: 1.4848596900701523
  landing: 0.8488605469465256
  view-data: 3.4202467799186707
