times:
  edit-metadata: 1.3897609934210777
  landing: 1.0016597509384155
  view-data: 3.335429411381483
