times:
  edit-metadata: 1.4907288851682097
  landing: 0.7900863480754197
  view-data: 3.3522405161056668
