times:
  edit-metadata: 1.5233628079295158
  landing: 0.9665990248322487
  view-data: 3.458115641027689
