times:
  edit-metadata: 1.500584064051509
  landing: 0.8993334723636508
  view-data: 3.357929790392518
