times:
  edit-metadata: 1.414827817119658
  landing: 0.8015733985230327
  view-data: 3.4405427454039454
