times:
  edit-metadata: 2.2301408145576715
  landing: 1.3054283950477839
  view-data: 3.7549033146351576
