times:
  edit-metadata: 1.4634439572691917
  landing: 0.8838946968317032
  view-data: 3.2993790172040462
