times:
  edit-metadata: 1.542928360402584
  landing: 0.9167704656720161
  view-data: 3.603218838572502
