times:
  edit-metadata: 1.4990538582205772
  landing: 0.7852113842964172
  view-data: 3.418634869158268
