times:
  edit-metadata: 1.5536432974040508
  landing: 0.856568343937397
  view-data: 3.3291704319417477
