times:
  edit-metadata: 1.3911214992403984
  landing: 0.7806417346000671
  view-data: 3.442897416651249
