times:
  edit-metadata: 1.5292359814047813
  landing: 0.8923522755503654
  view-data: 3.427335672080517
