times:
  edit-metadata: 1.4833355322480202
  landing: 0.8472183421254158
  view-data: 3.3358716554939747
