times:
  edit-metadata: 1.4450080841779709
  landing: 0.8366889879107475
  view-data: 3.7289002761244774
