times:
  edit-metadata: 1.4490976259112358
  landing: 0.8863926753401756
  view-data: 3.5050167590379715
