times:
  edit-metadata: 1.5980511605739594
  landing: 0.857275415211916
  view-data: 3.3601583130657673
