times:
  edit-metadata: 1.539916031062603
  landing: 0.7451241835951805
  view-data: 3.473472811281681
