times:
  edit-metadata: 1.5324211046099663
  landing: 0.8022409752011299
  view-data: 3.520535498857498
