times:
  edit-metadata: 1.4730664417147636
  landing: 0.757441408932209
  view-data: 3.4789707362651825
