times:
  edit-metadata: 1.914555635303259
  landing: 1.2947773672640324
  view-data: 3.384033039212227
