times:
  edit-metadata: 1.4943738281726837
  landing: 0.9690004512667656
  view-data: 3.4952926859259605
