times:
  edit-metadata: 1.3698846772313118
  landing: 0.6991659626364708
  view-data: 3.5019702836871147
