times:
  edit-metadata: 1.4516482166945934
  landing: 1.2621752321720123
  view-data: 3.3326964266598225
