times:
  edit-metadata: 1.3492504246532917
  landing: 0.9520460218191147
  view-data: 3.3835490457713604
