times:
  edit-metadata: 1.5417536795139313
  landing: 0.9112070575356483
  view-data: 3.3971436582505703
