times:
  edit-metadata: 1.5617426484823227
  landing: 0.7655331343412399
  view-data: 3.378501407802105
