times:
  edit-metadata: 1.4871880114078522
  landing: 0.8689490146934986
  view-data: 3.3038584403693676
