times:
  edit-metadata: 1.461952693760395
  landing: 0.798740454018116
  view-data: 3.5220807045698166
