times:
  edit-metadata: 1.5226110145449638
  landing: 0.8529478684067726
  view-data: 3.3228899016976357
