times:
  edit-metadata: 1.4260418489575386
  landing: 0.8374763280153275
  view-data: 3.440654180943966
