times:
  edit-metadata: 1.3143085315823555
  landing: 0.7596750631928444
  view-data: 3.304497942328453
