times:
  edit-metadata: 1.3941434547305107
  landing: 0.848899357020855
  view-data: 3.5336916968226433
