times:
  edit-metadata: 1.5063823759555817
  landing: 0.8982804827392101
  view-data: 3.3270678594708443
