times:
  edit-metadata: 1.4916354082524776
  landing: 0.804009672254324
  view-data: 3.296357672661543
