times:
  edit-metadata: 1.5244966968894005
  landing: 0.7430785894393921
  view-data: 3.398847073316574
