times:
  edit-metadata: 1.4195501282811165
  landing: 0.8145822361111641
  view-data: 3.46687900274992
