times:
  edit-metadata: 1.5462847724556923
  landing: 0.8838852569460869
  view-data: 3.3703550659120083
