times:
  edit-metadata: 1.4991204850375652
  landing: 0.895771935582161
  view-data: 3.2890705578029156
