times:
  edit-metadata: 1.3977302387356758
  landing: 0.8778961598873138
  view-data: 3.356612868607044
