times:
  edit-metadata: 1.509707935154438
  landing: 0.7895192503929138
  view-data: 3.5297305285930634
