times:
  edit-metadata: 1.775213174521923
  landing: 0.9585696086287498
  view-data: 3.445762872695923
