times:
  edit-metadata: 1.4027337282896042
  landing: 0.9100826308131218
  view-data: 3.370643697679043
