times:
  edit-metadata: 1.4828491434454918
  landing: 0.8401585072278976
  view-data: 3.292478121817112
