times:
  edit-metadata: 1.6119962893426418
  landing: 0.9495727084577084
  view-data: 3.2733597569167614
