times:
  edit-metadata: 1.505375362932682
  landing: 0.8764001503586769
  view-data: 3.4038216583430767
