times:
  edit-metadata: 1.4126244634389877
  landing: 0.7914319112896919
  view-data: 3.431902952492237
