times:
  edit-metadata: 1.5081260427832603
  landing: 0.8936957567930222
  view-data: 3.301824528723955
