times:
  edit-metadata: 2.0645275115966797
  landing: 1.238773189485073
  view-data: 4.060484483838081
