times:
  edit-metadata: 1.367520622909069
  landing: 0.8186247944831848
  view-data: 3.503827393054962
