times:
  edit-metadata: 1.4039917588233948
  landing: 0.8046299815177917
  view-data: 3.344442155212164
