times:
  edit-metadata: 1.4330035708844662
  landing: 0.8385168798267841
  view-data: 3.395316381007433
