times:
  edit-metadata: 1.3994361609220505
  landing: 0.8737645372748375
  view-data: 3.3296166323125362
