times:
  edit-metadata: 1.5057106614112854
  landing: 0.7702464014291763
  view-data: 3.473462350666523
