times:
  edit-metadata: 1.3475147299468517
  landing: 0.8965317457914352
  view-data: 3.2934944331645966
