times:
  edit-metadata: 1.7281999550759792
  landing: 1.0987560898065567
  view-data: 3.3409489952027798
