times:
  edit-metadata: 1.3683660104870796
  landing: 0.8927708491683006
  view-data: 3.6161177158355713
