times:
  edit-metadata: 1.8228360190987587
  landing: 1.1410104297101498
  view-data: 3.44375142455101
