times:
  edit-metadata: 1.4532826952636242
  landing: 0.934607706964016
  view-data: 3.3454792983829975
