times:
  edit-metadata: 1.4181386455893517
  landing: 0.7835580334067345
  view-data: 3.3341060504317284
