times:
  edit-metadata: 1.5310330167412758
  landing: 0.7522106692194939
  view-data: 3.4639807492494583
