times:
  edit-metadata: 1.4563379883766174
  landing: 0.9213496074080467
  view-data: 3.3063012957572937
