times:
  edit-metadata: 1.4782573729753494
  landing: 0.7851980924606323
  view-data: 3.5025161281228065
