times:
  edit-metadata: 1.510381743311882
  landing: 0.7953022122383118
  view-data: 3.31566721200943
