times:
  edit-metadata: 1.3660593330860138
  landing: 0.8115762770175934
  view-data: 3.4014183431863785
