times:
  edit-metadata: 1.433957502245903
  landing: 0.7849008291959763
  view-data: 3.536129429936409
