times:
  edit-metadata: 1.378440909087658
  landing: 0.8003721237182617
  view-data: 3.5748289078474045
