times:
  edit-metadata: 1.8292730189859867
  landing: 1.1640191823244095
  view-data: 3.359921272844076
