times:
  edit-metadata: 1.6437659226357937
  landing: 0.9165137931704521
  view-data: 3.336007848381996
