times:
  edit-metadata: 1.6639791801571846
  landing: 0.8656806647777557
  view-data: 3.3556445464491844
