times:
  edit-metadata: 2.1176940351724625
  landing: 1.2504039406776428
  view-data: 3.3550220131874084
