times:
  edit-metadata: 1.4070018604397774
  landing: 0.9408257752656937
  view-data: 3.491160787642002
