times:
  edit-metadata: 1.4523896723985672
  landing: 0.9452617913484573
  view-data: 3.33233155682683
