times:
  edit-metadata: 1.4411084577441216
  landing: 0.794605441391468
  view-data: 3.4757096469402313
