times:
  edit-metadata: 1.4387212917208672
  landing: 0.9210508316755295
  view-data: 3.4750386252999306
