times:
  edit-metadata: 1.5090130493044853
  landing: 0.9410447403788567
  view-data: 3.3486393466591835
