times:
  edit-metadata: 1.370165877044201
  landing: 0.7571003958582878
  view-data: 3.42829143255949
