times:
  edit-metadata: 1.409873716533184
  landing: 1.0350509583950043
  view-data: 3.3496905751526356
