times:
  edit-metadata: 1.4630024656653404
  landing: 0.7441044747829437
  view-data: 3.391562841832638
