times:
  edit-metadata: 1.9742510244250298
  landing: 1.6636770889163017
  view-data: 3.3944326043128967
