times:
  edit-metadata: 2.4483027532696724
  landing: 1.672561377286911
  view-data: 3.398668944835663
