times:
  edit-metadata: 1.339732550084591
  landing: 0.7460232675075531
  view-data: 3.500044085085392
