times:
  edit-metadata: 1.7320224046707153
  landing: 0.7692478895187378
  view-data: 3.490260697901249
