times:
  edit-metadata: 1.6664086319506168
  landing: 0.837948277592659
  view-data: 3.3206229098141193
