times:
  edit-metadata: 1.4668728932738304
  landing: 0.7869793921709061
  view-data: 3.2898464910686016
