times:
  edit-metadata: 1.528812937438488
  landing: 0.7311572581529617
  view-data: 3.3882750496268272
