times:
  edit-metadata: 1.396469235420227
  landing: 0.7932765707373619
  view-data: 3.4951878786087036
