times:
  edit-metadata: 1.4075740426778793
  landing: 0.6981411278247833
  view-data: 3.4891061186790466
