times:
  edit-metadata: 2.0737877935171127
  landing: 1.0570123866200447
  view-data: 3.4525936394929886
