times:
  edit-metadata: 1.3698037788271904
  landing: 0.8080052360892296
  view-data: 3.287490762770176
