times:
  edit-metadata: 1.4066364616155624
  landing: 0.7902635633945465
  view-data: 3.365641802549362
