times:
  edit-metadata: 1.5683201998472214
  landing: 0.9196170680224895
  view-data: 3.360611565411091
