times:
  edit-metadata: 1.4920298904180527
  landing: 0.8159818947315216
  view-data: 3.49490724503994
