times:
  edit-metadata: 1.5185381025075912
  landing: 0.9343062229454517
  view-data: 3.3465135507285595
