times:
  edit-metadata: 1.5071888864040375
  landing: 0.898932121694088
  view-data: 3.3745816126465797
