times:
  edit-metadata: 2.0200922191143036
  landing: 1.4482549577951431
  view-data: 3.4261906817555428
