times:
  edit-metadata: 1.5281302705407143
  landing: 0.8771883845329285
  view-data: 3.329108737409115
