times:
  edit-metadata: 1.4552164748311043
  landing: 0.7461434602737427
  view-data: 3.3429783284664154
