times:
  edit-metadata: 1.4469678103923798
  landing: 0.8591977991163731
  view-data: 3.367558628320694
