times:
  edit-metadata: 1.396927334368229
  landing: 0.8049101382493973
  view-data: 3.4212099611759186
