times:
  edit-metadata: 1.6262468695640564
  landing: 1.1587575152516365
  view-data: 3.9198518842458725
