times:
  edit-metadata: 1.387621484696865
  landing: 0.7681365758180618
  view-data: 3.5037267059087753
