times:
  edit-metadata: 1.3922345489263535
  landing: 0.890381895005703
  view-data: 3.536374419927597
