times:
  edit-metadata: 1.3800209797918797
  landing: 0.9085095413029194
  view-data: 3.370682004839182
