times:
  edit-metadata: 1.8655979558825493
  landing: 1.315110668540001
  view-data: 3.511302575469017
