times:
  edit-metadata: 1.4640037193894386
  landing: 0.9398967288434505
  view-data: 3.3112315125763416
