times:
  edit-metadata: 1.8081351071596146
  landing: 1.1010610163211823
  view-data: 3.6835876256227493
