times:
  edit-metadata: 1.3839535787701607
  landing: 0.7826832234859467
  view-data: 3.4558860063552856
