times:
  edit-metadata: 1.5333785265684128
  landing: 0.9900755658745766
  view-data: 3.4293614476919174
