times:
  edit-metadata: 1.3612762652337551
  landing: 0.9024337194859982
  view-data: 3.2668157890439034
