times:
  edit-metadata: 1.5449691861867905
  landing: 0.8492006808519363
  view-data: 3.4120662808418274
