times:
  edit-metadata: 1.4883137494325638
  landing: 0.8287871554493904
  view-data: 3.4831173419952393
