times:
  edit-metadata: 1.4615345150232315
  landing: 0.8319301381707191
  view-data: 3.601430393755436
