times:
  edit-metadata: 1.4408170282840729
  landing: 0.7938449531793594
  view-data: 3.597987338900566
