times:
  edit-metadata: 1.5460825189948082
  landing: 0.8355605751276016
  view-data: 3.4800232127308846
