times:
  edit-metadata: 1.5003725364804268
  landing: 0.8066835552453995
  view-data: 3.3060698583722115
