times:
  edit-metadata: 1.4528809897601604
  landing: 0.8698802962899208
  view-data: 3.4089616239070892
