times:
  edit-metadata: 1.728274617344141
  landing: 0.9508539997041225
  view-data: 3.2999684512615204
