times:
  edit-metadata: 1.7336407452821732
  landing: 1.952226933091879
  view-data: 3.3129303827881813
