times:
  edit-metadata: 1.402075082063675
  landing: 0.7737061008810997
  view-data: 3.495083011686802
