times:
  edit-metadata: 1.532916933298111
  landing: 0.8558876141905785
  view-data: 3.325477473437786
