times:
  edit-metadata: 1.5664489641785622
  landing: 0.8145089037716389
  view-data: 3.281314615160227
