times:
  edit-metadata: 1.4100171625614166
  landing: 0.7365811467170715
  view-data: 3.434042416512966
