times:
  edit-metadata: 1.5337767079472542
  landing: 0.8144018277525902
  view-data: 3.5145730525255203
