times:
  edit-metadata: 1.3811177983880043
  landing: 0.7765160799026489
  view-data: 3.4479891061782837
