times:
  edit-metadata: 1.4528449475765228
  landing: 0.8682047948241234
  view-data: 3.256426438689232
