times:
  edit-metadata: 1.4234459698200226
  landing: 0.8065801002085209
  view-data: 3.299474850296974
