times:
  edit-metadata: 1.593937911093235
  landing: 0.8845963813364506
  view-data: 3.2907237112522125
