times:
  edit-metadata: 2.1320687755942345
  landing: 1.220232542604208
  view-data: 3.398258589208126
