times:
  edit-metadata: 1.464903973042965
  landing: 0.8233740702271461
  view-data: 3.358499340713024
