times:
  edit-metadata: 1.960893526673317
  landing: 0.8962512239813805
  view-data: 3.2778069004416466
