times:
  edit-metadata: 1.3695043101906776
  landing: 0.7803437933325768
  view-data: 3.3535077422857285
