times:
  edit-metadata: 1.4801075160503387
  landing: 0.7690651267766953
  view-data: 3.4515943229198456
