times:
  edit-metadata: 1.5145536810159683
  landing: 0.9110950827598572
  view-data: 3.3225566521286964
