times:
  edit-metadata: 1.4031206667423248
  landing: 0.8314616456627846
  view-data: 3.4460949897766113
