times:
  edit-metadata: 1.403787188231945
  landing: 0.9053044691681862
  view-data: 3.5387990176677704
