times:
  edit-metadata: 1.3755208738148212
  landing: 0.7318038679659367
  view-data: 3.253679044544697
