times:
  edit-metadata: 1.3653733134269714
  landing: 0.8566739410161972
  view-data: 3.6011824533343315
