times:
  edit-metadata: 1.4070529416203499
  landing: 0.7920844182372093
  view-data: 3.517292335629463
