times:
  edit-metadata: 1.4902953654527664
  landing: 1.0011240541934967
  view-data: 3.3825094178318977
