times:
  edit-metadata: 1.4139695204794407
  landing: 0.8388256095349789
  view-data: 3.3270415030419827
