times:
  edit-metadata: 1.4406115263700485
  landing: 0.8102990388870239
  view-data: 3.515848308801651
