times:
  edit-metadata: 1.6002061143517494
  landing: 0.8315499722957611
  view-data: 3.28587993234396
