times:
  edit-metadata: 1.4127486497163773
  landing: 0.8426983617246151
  view-data: 3.250654511153698
