times:
  edit-metadata: 1.3930988013744354
  landing: 0.8360776603221893
  view-data: 3.26894448697567
