times:
  edit-metadata: 1.4989414140582085
  landing: 1.063080683350563
  view-data: 3.3200264424085617
