times:
  edit-metadata: 1.3973265290260315
  landing: 0.776488833129406
  view-data: 3.4502528831362724
