times:
  edit-metadata: 1.5088366121053696
  landing: 0.8105855286121368
  view-data: 3.3423402681946754
