times:
  edit-metadata: 1.2477963268756866
  landing: 0.7070822939276695
  view-data: 3.468432292342186
