times:
  edit-metadata: 1.4145249091088772
  landing: 0.8669184483587742
  view-data: 3.3409578539431095
