times:
  edit-metadata: 1.421441376209259
  landing: 0.8382125459611416
  view-data: 3.3192404471337795
