times:
  edit-metadata: 1.590478092432022
  landing: 0.9165444299578667
  view-data: 3.297426275908947
