times:
  edit-metadata: 1.5117365643382072
  landing: 0.8049210086464882
  view-data: 3.440949983894825
