times:
  edit-metadata: 1.505974642932415
  landing: 0.8465066328644753
  view-data: 3.498398408293724
