times:
  edit-metadata: 1.6739767529070377
  landing: 0.8193956613540649
  view-data: 3.3257554918527603
