times:
  edit-metadata: 1.3975951075553894
  landing: 0.7792119234800339
  view-data: 3.3867417499423027
