times:
  edit-metadata: 1.543460339307785
  landing: 1.1088936030864716
  view-data: 3.43165785074234
