times:
  edit-metadata: 1.4892435893416405
  landing: 0.7772232964634895
  view-data: 3.4631844833493233
