times:
  edit-metadata: 1.744241513311863
  landing: 0.6994294226169586
  view-data: 3.5356036201119423
