times:
  edit-metadata: 1.474463813006878
  landing: 0.7194660678505898
  view-data: 3.4242324605584145
