times:
  edit-metadata: 1.5556128025054932
  landing: 0.7457969188690186
  view-data: 3.4969500452280045
