times:
  edit-metadata: 1.4811462983489037
  landing: 1.008002981543541
  view-data: 3.4949187487363815
