times:
  edit-metadata: 1.4725911542773247
  landing: 0.868564061820507
  view-data: 3.5218907296657562
