times:
  edit-metadata: 1.4009105041623116
  landing: 0.7744268849492073
  view-data: 3.4836063385009766
