times:
  edit-metadata: 1.4775671288371086
  landing: 0.7064951807260513
  view-data: 3.31293211132288
