times:
  edit-metadata: 1.3673024699091911
  landing: 0.7477698847651482
  view-data: 3.494161568582058
