times:
  edit-metadata: 1.4994899407029152
  landing: 0.8569480553269386
  view-data: 3.5382524728775024
