times:
  edit-metadata: 1.4108522534370422
  landing: 0.7663069516420364
  view-data: 3.4227431789040565
