times:
  edit-metadata: 1.335152044892311
  landing: 0.7208209782838821
  view-data: 3.429561525583267
