times:
  edit-metadata: 1.4209231734275818
  landing: 0.979262188076973
  view-data: 3.4809829145669937
