times:
  edit-metadata: 1.414365477859974
  landing: 0.8732936680316925
  view-data: 3.333382710814476
