times:
  edit-metadata: 1.4953584969043732
  landing: 0.7710476219654083
  view-data: 3.3607203736901283
