times:
  edit-metadata: 1.46731848269701
  landing: 0.7092515677213669
  view-data: 3.5008160024881363
