times:
  edit-metadata: 1.3889868035912514
  landing: 0.6767728477716446
  view-data: 3.4773989468812943
