times:
  edit-metadata: 1.397333450615406
  landing: 0.870777890086174
  view-data: 3.4501950219273567
