times:
  edit-metadata: 1.5189630016684532
  landing: 0.8499376997351646
  view-data: 3.5111236795783043
