times:
  edit-metadata: 1.4156311675906181
  landing: 0.7925997078418732
  view-data: 3.426950842142105
