times:
  edit-metadata: 1.4394790306687355
  landing: 0.7673009932041168
  view-data: 3.4679360315203667
