times:
  edit-metadata: 1.4494574815034866
  landing: 0.7146144732832909
  view-data: 3.4609316140413284
