times:
  edit-metadata: 1.4576628431677818
  landing: 0.7153951749205589
  view-data: 3.449275977909565
