times:
  edit-metadata: 1.3905562907457352
  landing: 0.7548326179385185
  view-data: 3.4922246038913727
