times:
  edit-metadata: 1.5242659449577332
  landing: 0.7413808479905128
  view-data: 3.489893287420273
