times:
  edit-metadata: 2.504445806145668
  landing: 1.3389588445425034
  view-data: 3.614512026309967
