times:
  edit-metadata: 1.3720429763197899
  landing: 0.7742679789662361
  view-data: 3.51832564920187
