times:
  edit-metadata: 1.3509994447231293
  landing: 0.9102872535586357
  view-data: 3.4435857832431793
