times:
  edit-metadata: 1.6389350891113281
  landing: 0.716581329703331
  view-data: 3.49337138235569
