times:
  edit-metadata: 1.5015880763530731
  landing: 0.7550926133990288
  view-data: 3.3925896883010864
