times:
  edit-metadata: 1.4959820285439491
  landing: 0.7129694148898125
  view-data: 3.4744727835059166
