times:
  edit-metadata: 1.4270478710532188
  landing: 0.708511583507061
  view-data: 3.465405821800232
