times:
  edit-metadata: 1.33834458142519
  landing: 0.8544152081012726
  view-data: 3.437851272523403
