times:
  edit-metadata: 1.4362007975578308
  landing: 0.7540125474333763
  view-data: 3.4493763372302055
