times:
  edit-metadata: 1.3946023061871529
  landing: 0.7452898100018501
  view-data: 3.4580207616090775
