times:
  edit-metadata: 1.3598138689994812
  landing: 0.7947585061192513
  view-data: 3.465144157409668
