times:
  edit-metadata: 1.3731496557593346
  landing: 0.7383508086204529
  view-data: 3.4419066682457924
