times:
  edit-metadata: 1.4192374348640442
  landing: 0.8034302294254303
  view-data: 3.494624525308609
