times:
  edit-metadata: 1.4878161251544952
  landing: 0.756710059940815
  view-data: 3.502362832427025
