times:
  edit-metadata: 1.4356637969613075
  landing: 0.877546913921833
  view-data: 3.4690783992409706
