times:
  edit-metadata: 1.3339283019304276
  landing: 0.7171047031879425
  view-data: 3.4806842878460884
