times:
  edit-metadata: 1.5246278643608093
  landing: 0.8727172538638115
  view-data: 3.5316691175103188
