times:
  edit-metadata: 1.4945163801312447
  landing: 0.8939906731247902
  view-data: 3.5713435113430023
