times:
  edit-metadata: 1.410163901746273
  landing: 0.722463883459568
  view-data: 3.3661485612392426
