times:
  edit-metadata: 1.4200707599520683
  landing: 0.708494558930397
  view-data: 3.4036447778344154
