times:
  edit-metadata: 1.3818504139780998
  landing: 0.7718803733587265
  view-data: 3.3944829627871513
