times:
  edit-metadata: 1.379301130771637
  landing: 0.7678213492035866
  view-data: 3.4171585366129875
