times:
  edit-metadata: 1.3704628124833107
  landing: 0.8125646114349365
  view-data: 3.3804410994052887
