times:
  edit-metadata: 1.4023643136024475
  landing: 0.734344869852066
  view-data: 3.3943310976028442
