times:
  edit-metadata: 1.4387989342212677
  landing: 0.8050345405936241
  view-data: 3.8615397438406944
