times:
  edit-metadata: 1.3758059218525887
  landing: 0.7896658331155777
  view-data: 3.4631460458040237
