times:
  edit-metadata: 1.5045319125056267
  landing: 0.7819180339574814
  view-data: 3.417625866830349
