times:
  edit-metadata: 1.3958222642540932
  landing: 0.7222532033920288
  view-data: 3.3440401181578636
