times:
  edit-metadata: 1.3677091971039772
  landing: 0.7484242990612984
  view-data: 3.5023971796035767
