times:
  edit-metadata: 1.371839590370655
  landing: 0.6926368251442909
  view-data: 3.4561657533049583
