times:
  edit-metadata: 1.3459907472133636
  landing: 0.8208015561103821
  view-data: 3.497691124677658
