times:
  edit-metadata: 1.366341806948185
  landing: 0.7723954617977142
  view-data: 3.519884191453457
