times:
  edit-metadata: 1.4424172341823578
  landing: 0.7026500627398491
  view-data: 3.4816570430994034
