times:
  edit-metadata: 1.6976442411541939
  landing: 0.9893868416547775
  view-data: 3.482091948390007
