times:
  edit-metadata: 1.4556811526417732
  landing: 0.757655955851078
  view-data: 3.478928431868553
