times:
  edit-metadata: 1.3695562928915024
  landing: 0.700762502849102
  view-data: 3.382446862757206
