times:
  edit-metadata: 1.3505695015192032
  landing: 0.8410638645291328
  view-data: 3.4458049908280373
