times:
  edit-metadata: 1.399746336042881
  landing: 0.775453969836235
  view-data: 3.4948870316147804
