times:
  edit-metadata: 1.4308536425232887
  landing: 0.7188094183802605
  view-data: 3.4959652423858643
