times:
  edit-metadata: 2.0885484889149666
  landing: 1.2310654148459435
  view-data: 3.670178212225437
