times:
  edit-metadata: 1.4280681684613228
  landing: 0.7457112446427345
  view-data: 3.4866001829504967
