times:
  edit-metadata: 1.4290360733866692
  landing: 0.7412479296326637
  view-data: 3.562917120754719
