times:
  edit-metadata: 1.3307164385914803
  landing: 0.7918820753693581
  view-data: 3.4462472572922707
