times:
  edit-metadata: 1.8655476793646812
  landing: 1.2109059765934944
  view-data: 3.543109692633152
