times:
  edit-metadata: 1.433596134185791
  landing: 0.7718030400574207
  view-data: 3.300288677215576
