times:
  edit-metadata: 1.4389973804354668
  landing: 0.8215592503547668
  view-data: 3.426958553493023
