times:
  edit-metadata: 1.45594272762537
  landing: 0.6925405636429787
  view-data: 3.4379072189331055
