times:
  edit-metadata: 1.4031120613217354
  landing: 0.7241834849119186
  view-data: 3.498629905283451
