times:
  edit-metadata: 1.354307521134615
  landing: 0.8033222369849682
  view-data: 3.375484649091959
