times:
  edit-metadata: 1.3973430916666985
  landing: 0.7448330894112587
  view-data: 3.5628505796194077
