times:
  edit-metadata: 2.090917579829693
  landing: 1.0230795368552208
  view-data: 3.4142244681715965
