times:
  edit-metadata: 1.5180767700076103
  landing: 0.7659340649843216
  view-data: 3.5694714859128
