times:
  edit-metadata: 1.4247670099139214
  landing: 0.8945740051567554
  view-data: 3.3202550187706947
