times:
  edit-metadata: 1.427035853266716
  landing: 0.7550383061170578
  view-data: 3.5328745171427727
