times:
  edit-metadata: 1.5407660529017448
  landing: 0.8360025361180305
  view-data: 3.3409010842442513
