times:
  edit-metadata: 1.6419598534703255
  landing: 0.8061508685350418
  view-data: 3.5577370822429657
