times:
  edit-metadata: 1.513156220316887
  landing: 0.7662648856639862
  view-data: 3.503790318965912
