times:
  edit-metadata: 1.5104205012321472
  landing: 0.7701788917183876
  view-data: 3.5358922705054283
