times:
  edit-metadata: 1.1098235473036766
  landing: 0.8768773525953293
  view-data: 3.506961040198803
