times:
  edit-metadata: 1.5534000843763351
  landing: 0.8652096092700958
  view-data: 3.555230811238289
