times:
  edit-metadata: 1.435122448951006
  landing: 0.7940722666680813
  view-data: 3.3935497142374516
