times:
  edit-metadata: 1.4507428780198097
  landing: 0.7174414396286011
  view-data: 3.4281468391418457
