times:
  edit-metadata: 1.4021701365709305
  landing: 0.7135022431612015
  view-data: 3.49921927601099
