times:
  edit-metadata: 1.5041303783655167
  landing: 0.7835714295506477
  view-data: 3.3869470953941345
