times:
  edit-metadata: 1.4693034067749977
  landing: 0.7625275105237961
  view-data: 3.4649338126182556
