times:
  edit-metadata: 1.4223691299557686
  landing: 0.7748918831348419
  view-data: 3.428863298147917
