times:
  edit-metadata: 1.5192537754774094
  landing: 0.7717077285051346
  view-data: 3.350453745573759
