times:
  edit-metadata: 1.4720946960151196
  landing: 0.8003133200109005
  view-data: 3.262299671769142
