times:
  edit-metadata: 1.436296820640564
  landing: 0.7887272350490093
  view-data: 3.393476191908121
