times:
  edit-metadata: 1.5038585737347603
  landing: 0.800583504140377
  view-data: 3.507019564509392
