times:
  edit-metadata: 1.5243275463581085
  landing: 0.7165136821568012
  view-data: 3.3023898862302303
