times:
  edit-metadata: 1.8196820802986622
  landing: 0.958520770072937
  view-data: 3.363290246576071
