times:
  edit-metadata: 1.3891504257917404
  landing: 0.7854087054729462
  view-data: 3.492406703531742
