times:
  edit-metadata: 1.4075212180614471
  landing: 0.8156091272830963
  view-data: 3.328129291534424
