times:
  edit-metadata: 1.4590877145528793
  landing: 0.7453098744153976
  view-data: 3.3916236832737923
