times:
  edit-metadata: 1.4419548250734806
  landing: 0.7916940376162529
  view-data: 3.3197640292346478
