times:
  edit-metadata: 1.4853064641356468
  landing: 0.7589880302548409
  view-data: 3.4227673187851906
