times:
  edit-metadata: 1.5712542608380318
  landing: 0.7594664916396141
  view-data: 3.307667054235935
