times:
  edit-metadata: 1.3993493542075157
  landing: 0.7244706600904465
  view-data: 3.518204741179943
