times:
  edit-metadata: 1.4930770434439182
  landing: 0.80610616132617
  view-data: 3.3217028602957726
