times:
  edit-metadata: 1.593146525323391
  landing: 0.8281267061829567
  view-data: 3.381499845534563
