times:
  edit-metadata: 1.4644950181245804
  landing: 0.8221089914441109
  view-data: 3.2883012667298317
