times:
  edit-metadata: 1.6652572751045227
  landing: 0.7721962332725525
  view-data: 3.884352780878544
