times:
  edit-metadata: 1.3458638563752174
  landing: 0.725925013422966
  view-data: 3.4044915810227394
