times:
  edit-metadata: 1.3607485070824623
  landing: 0.8079964555799961
  view-data: 3.354813452810049
