times:
  edit-metadata: 1.3614313676953316
  landing: 0.8221168890595436
  view-data: 3.259157110005617
