times:
  edit-metadata: 1.4987785816192627
  landing: 0.840381246060133
  view-data: 3.3288657516241074
