times:
  edit-metadata: 1.540787197649479
  landing: 0.7048570588231087
  view-data: 3.455012522637844
