times:
  edit-metadata: 1.3884950578212738
  landing: 0.7831341549754143
  view-data: 3.5089851766824722
