times:
  edit-metadata: 1.4995419271290302
  landing: 0.9113874509930611
  view-data: 3.3281295858323574
