times:
  edit-metadata: 1.482959434390068
  landing: 0.7576418295502663
  view-data: 3.5012759640812874
