times:
  edit-metadata: 1.441380225121975
  landing: 0.7555031850934029
  view-data: 3.3432455360889435
