times:
  edit-metadata: 1.364246092736721
  landing: 0.7399664632976055
  view-data: 3.335975866764784
