times:
  edit-metadata: 1.489524967968464
  landing: 0.6904922053217888
  view-data: 3.4903616830706596
