times:
  edit-metadata: 1.4760813526809216
  landing: 0.7705509550869465
  view-data: 3.307779636234045
