times:
  edit-metadata: 1.4463094547390938
  landing: 0.7071134448051453
  view-data: 3.43657336384058
