times:
  edit-metadata: 1.5283703804016113
  landing: 0.7191214375197887
  view-data: 3.2907320708036423
