times:
  edit-metadata: 1.966805137693882
  landing: 1.0018012449145317
  view-data: 3.3642743974924088
