times:
  edit-metadata: 1.4880707636475563
  landing: 0.8875285126268864
  view-data: 3.338696300983429
