times:
  edit-metadata: 1.9143274165689945
  landing: 1.0732361413538456
  view-data: 3.4665575698018074
