times:
  edit-metadata: 1.4018626287579536
  landing: 0.8046473860740662
  view-data: 3.468151554465294
