times:
  edit-metadata: 1.5249847322702408
  landing: 0.802759550511837
  view-data: 3.3295914717018604
