times:
  edit-metadata: 1.4722737595438957
  landing: 0.9347841963171959
  view-data: 3.576512761414051
