times:
  edit-metadata: 1.5280567184090614
  landing: 0.7360865920782089
  view-data: 3.6289260759949684
