times:
  edit-metadata: 1.6217378824949265
  landing: 0.8106405138969421
  view-data: 3.320985246449709
