times:
  edit-metadata: 1.7189280427992344
  landing: 0.8507183119654655
  view-data: 3.325554024428129
