times:
  edit-metadata: 1.5253274366259575
  landing: 0.9336413517594337
  view-data: 3.535749614238739
