times:
  edit-metadata: 1.537494845688343
  landing: 1.0229968428611755
  view-data: 3.3171978816390038
