times:
  edit-metadata: 1.4899573996663094
  landing: 0.7653988189995289
  view-data: 3.282441969960928
