times:
  edit-metadata: 1.358832061290741
  landing: 0.7445515021681786
  view-data: 3.459521107375622
