times:
  edit-metadata: 1.3999616317451
  landing: 0.8034867830574512
  view-data: 3.362525347620249
