times:
  edit-metadata: 1.5238226801156998
  landing: 0.7618066519498825
  view-data: 3.293548747897148
