times:
  edit-metadata: 1.4663209691643715
  landing: 0.7951200231909752
  view-data: 3.2794777154922485
