times:
  edit-metadata: 1.3667385205626488
  landing: 0.7159252315759659
  view-data: 3.3015410527586937
