times:
  edit-metadata: 1.558487057685852
  landing: 0.8442845568060875
  view-data: 3.3098853528499603
