times:
  edit-metadata: 1.4024357497692108
  landing: 0.6859210357069969
  view-data: 3.285703092813492
