times:
  edit-metadata: 1.3697860315442085
  landing: 0.7231833338737488
  view-data: 3.3593030646443367
