times:
  edit-metadata: 1.4845280721783638
  landing: 0.7662396356463432
  view-data: 3.2764043137431145
