times:
  edit-metadata: 1.4107722118496895
  landing: 0.7869707196950912
  view-data: 3.5835736468434334
