times:
  edit-metadata: 1.5027838349342346
  landing: 0.7708710730075836
  view-data: 3.326062873005867
