times:
  edit-metadata: 1.4983304142951965
  landing: 0.7838700786232948
  view-data: 3.4478773921728134
