times:
  edit-metadata: 1.516089603304863
  landing: 0.8200837709009647
  view-data: 3.339018065482378
