times:
  edit-metadata: 1.429355714470148
  landing: 0.7479436621069908
  view-data: 3.2774016968905926
