times:
  edit-metadata: 1.5425726026296616
  landing: 0.8478629812598228
  view-data: 3.3383290134370327
