times:
  edit-metadata: 1.4856860414147377
  landing: 0.6931625530123711
  view-data: 3.418038785457611
