times:
  edit-metadata: 1.9572880566120148
  landing: 1.2413025125861168
  view-data: 3.8171127140522003
