times:
  edit-metadata: 1.4187782555818558
  landing: 0.7457131594419479
  view-data: 3.4381719678640366
