times:
  edit-metadata: 1.415559746325016
  landing: 0.7505734525620937
  view-data: 3.294156901538372
