times:
  edit-metadata: 1.3234126195311546
  landing: 0.6961706578731537
  view-data: 3.4919267296791077
