times:
  edit-metadata: 2.305724576115608
  landing: 1.1925638616085052
  view-data: 3.5834517776966095
