times:
  edit-metadata: 1.3650959208607674
  landing: 0.7555011585354805
  view-data: 3.32082387059927
