times:
  edit-metadata: 1.3597494065761566
  landing: 0.7094194144010544
  view-data: 3.5426770821213722
