times:
  edit-metadata: 1.6342218145728111
  landing: 0.8600631691515446
  view-data: 3.3984659984707832
