times:
  edit-metadata: 1.3880269676446915
  landing: 0.7205548509955406
  view-data: 3.2740447968244553
