times:
  edit-metadata: 1.7768876403570175
  landing: 0.8974904790520668
  view-data: 3.5567468777298927
