times:
  edit-metadata: 1.45751041918993
  landing: 0.7982581704854965
  view-data: 3.452917106449604
