times:
  edit-metadata: 1.5143965184688568
  landing: 0.8830139525234699
  view-data: 3.302794050425291
