times:
  edit-metadata: 1.3191387355327606
  landing: 0.7511635571718216
  view-data: 3.412691444158554
