times:
  edit-metadata: 2.2641148902475834
  landing: 1.0629560053348541
  view-data: 3.354763265699148
