times:
  edit-metadata: 1.489665150642395
  landing: 0.7664591893553734
  view-data: 3.2949278205633163
