times:
  edit-metadata: 1.4165731072425842
  landing: 0.7114363089203835
  view-data: 3.3912776485085487
