times:
  edit-metadata: 1.3724860697984695
  landing: 0.7452799305319786
  view-data: 3.4992396906018257
