times:
  edit-metadata: 1.5300958678126335
  landing: 0.8200697153806686
  view-data: 3.5184288397431374
