times:
  edit-metadata: 1.4951065704226494
  landing: 0.8132356703281403
  view-data: 3.448739193379879
