times:
  edit-metadata: 1.8841325342655182
  landing: 1.0361973345279694
  view-data: 3.477993853390217
