times:
  edit-metadata: 1.3575162440538406
  landing: 0.8013633713126183
  view-data: 3.270604159682989
