times:
  edit-metadata: 1.6609846726059914
  landing: 0.9049932733178139
  view-data: 3.3193565979599953
