times:
  edit-metadata: 1.3903710208833218
  landing: 0.8032266944646835
  view-data: 3.2920488119125366
