times:
  edit-metadata: 1.4837979599833488
  landing: 0.8132902756333351
  view-data: 3.487164631485939
