times:
  edit-metadata: 1.4745601639151573
  landing: 0.8464995473623276
  view-data: 3.371403932571411
