times:
  edit-metadata: 1.4871412478387356
  landing: 0.9507633224129677
  view-data: 3.3060861341655254
