times:
  edit-metadata: 1.559273399412632
  landing: 0.7636044844985008
  view-data: 3.5073044672608376
