times:
  edit-metadata: 1.949355736374855
  landing: 0.9841018989682198
  view-data: 3.5867071747779846
