times:
  edit-metadata: 1.2445262223482132
  landing: 0.7953950464725494
  view-data: 3.475999191403389
