times:
  edit-metadata: 1.462251216173172
  landing: 0.7404704988002777
  view-data: 3.476470097899437
