times:
  edit-metadata: 1.5873995386064053
  landing: 0.7520524673163891
  view-data: 3.4506574496626854
