times:
  edit-metadata: 1.465525135397911
  landing: 0.9645248055458069
  view-data: 3.3176628425717354
