times:
  edit-metadata: 1.3665978759527206
  landing: 0.9442923218011856
  view-data: 3.3265326507389545
