times:
  edit-metadata: 1.5190744772553444
  landing: 0.7537392526865005
  view-data: 3.517239898443222
