times:
  edit-metadata: 1.469658948481083
  landing: 0.8859160393476486
  view-data: 3.572355531156063
