times:
  edit-metadata: 1.424661286175251
  landing: 0.7317698150873184
  view-data: 3.2968284487724304
