times:
  edit-metadata: 1.5079413428902626
  landing: 0.7350182458758354
  view-data: 3.4518882110714912
