times:
  edit-metadata: 1.5373130068182945
  landing: 0.7825918532907963
  view-data: 3.3249705880880356
