times:
  edit-metadata: 1.4357578568160534
  landing: 0.7836721539497375
  view-data: 3.359702806919813
