times:
  edit-metadata: 1.4733868017792702
  landing: 0.7657109498977661
  view-data: 3.285954363644123
