times:
  edit-metadata: 1.4884808287024498
  landing: 0.9856713190674782
  view-data: 3.5077373310923576
