times:
  edit-metadata: 1.8287396430969238
  landing: 1.122280303388834
  view-data: 3.511666975915432
