times:
  edit-metadata: 1.4656794741749763
  landing: 0.7307839170098305
  view-data: 3.5100645646452904
