times:
  edit-metadata: 1.6046193204820156
  landing: 1.0382389053702354
  view-data: 3.2813153192400932
