times:
  edit-metadata: 1.3989559635519981
  landing: 0.7788283079862595
  view-data: 3.5124147832393646
