times:
  edit-metadata: 1.4128704629838467
  landing: 0.882046539336443
  view-data: 3.349955189973116
