times:
  edit-metadata: 1.5268484577536583
  landing: 0.7943585962057114
  view-data: 3.4354870691895485
