times:
  edit-metadata: 1.3334795981645584
  landing: 0.6403917744755745
  view-data: 3.3874227926135063
