times:
  edit-metadata: 1.6205717325210571
  landing: 0.7485099956393242
  view-data: 3.2896998077630997
