times:
  edit-metadata: 2.8000753298401833
  landing: 1.4717760235071182
  view-data: 3.8774808794260025
