times:
  edit-metadata: 1.606014832854271
  landing: 0.8881036639213562
  view-data: 3.3090897127985954
