times:
  edit-metadata: 1.511636659502983
  landing: 1.045334205031395
  view-data: 3.279955714941025
