times:
  edit-metadata: 1.4557578638195992
  landing: 0.7281159237027168
  view-data: 3.3730733022093773
