times:
  edit-metadata: 1.3986978977918625
  landing: 0.7254790738224983
  view-data: 3.4459365904331207
