times:
  edit-metadata: 1.3948824852705002
  landing: 0.7504978477954865
  view-data: 3.503784328699112
