times:
  edit-metadata: 1.3650888800621033
  landing: 0.7637627646327019
  view-data: 3.5173926427960396
