times:
  edit-metadata: 1.458435520529747
  landing: 0.8311734907329082
  view-data: 3.3715063259005547
