times:
  edit-metadata: 1.560988288372755
  landing: 0.7965934686362743
  view-data: 3.4257525503635406
