times:
  edit-metadata: 1.389430284500122
  landing: 0.7442830950021744
  view-data: 3.319612205028534
