times:
  edit-metadata: 1.6081433072686195
  landing: 0.8639018908143044
  view-data: 3.42782112210989
