times:
  edit-metadata: 1.5203581154346466
  landing: 0.837344691157341
  view-data: 3.475413888692856
