times:
  edit-metadata: 1.4727384224534035
  landing: 0.7281626537442207
  view-data: 3.494631662964821
