times:
  edit-metadata: 1.5239524841308594
  landing: 0.783385194838047
  view-data: 3.5732964873313904
