times:
  edit-metadata: 1.4815829917788506
  landing: 0.7481386139988899
  view-data: 3.4819424599409103
