times:
  edit-metadata: 2.110751435160637
  landing: 1.001488447189331
  view-data: 3.4716610461473465
