times:
  edit-metadata: 1.3458622694015503
  landing: 0.7944948077201843
  view-data: 3.462680719792843
