times:
  edit-metadata: 1.5343693643808365
  landing: 0.8815411105751991
  view-data: 3.3467292189598083
