times:
  edit-metadata: 1.546331711113453
  landing: 0.7713522091507912
  view-data: 3.268589522689581
