times:
  edit-metadata: 1.5652097389101982
  landing: 0.784747451543808
  view-data: 3.3084999471902847
