times:
  edit-metadata: 1.4548236392438412
  landing: 0.780103538185358
  view-data: 3.3275974169373512
