times:
  edit-metadata: 1.3863770887255669
  landing: 0.8105783388018608
  view-data: 3.290501281619072
