times:
  edit-metadata: 1.5129685252904892
  landing: 0.7525573372840881
  view-data: 3.4965121001005173
