times:
  edit-metadata: 1.6796861365437508
  landing: 1.079977411776781
  view-data: 3.385693993419409
