times:
  edit-metadata: 1.342400662600994
  landing: 0.9180289916694164
  view-data: 3.29627388343215
