times:
  edit-metadata: 1.4368549026548862
  landing: 0.8144736103713512
  view-data: 3.331769660115242
