times:
  edit-metadata: 1.4815459549427032
  landing: 0.9882428832352161
  view-data: 3.3931708186864853
