times:
  edit-metadata: 2.1547317281365395
  landing: 1.139054886996746
  view-data: 3.4305876903235912
