times:
  edit-metadata: 2.035553924739361
  landing: 1.0570723861455917
  view-data: 3.3161865025758743
