times:
  edit-metadata: 1.46707421541214
  landing: 0.7763175331056118
  view-data: 3.3993455097079277
