times:
  edit-metadata: 2.0966280587017536
  landing: 0.8515583872795105
  view-data: 3.5312102138996124
