times:
  edit-metadata: 2.097698923200369
  landing: 1.8569104336202145
  view-data: 3.691543024033308
