times:
  edit-metadata: 1.392849188297987
  landing: 1.0731890611350536
  view-data: 3.4219344668090343
