times:
  edit-metadata: 1.6208082437515259
  landing: 1.0314003676176071
  view-data: 3.3614688627421856
