times:
  edit-metadata: 1.4642150811851025
  landing: 0.8521733433008194
  view-data: 3.3063180334866047
