times:
  edit-metadata: 1.4221105985343456
  landing: 0.9400196075439453
  view-data: 3.36128793656826
