times:
  edit-metadata: 1.3289014585316181
  landing: 0.7677542231976986
  view-data: 3.3834148421883583
