times:
  edit-metadata: 1.369072612375021
  landing: 0.9149063304066658
  view-data: 3.4487919360399246
