times:
  edit-metadata: 1.5161467846482992
  landing: 0.8929252326488495
  view-data: 3.425313141196966
