times:
  edit-metadata: 1.40238818526268
  landing: 0.904641930013895
  view-data: 3.380261853337288
