times:
  edit-metadata: 2.005396131426096
  landing: 1.1189415454864502
  view-data: 3.4336185306310654
