times:
  edit-metadata: 1.5907939672470093
  landing: 0.9212809316813946
  view-data: 3.321591541171074
