times:
  edit-metadata: 1.3380172066390514
  landing: 1.111715640872717
  view-data: 3.3177783004939556
