times:
  edit-metadata: 1.4861349388957024
  landing: 1.072227943688631
  view-data: 3.4019773863255978
