times:
  edit-metadata: 1.3240968845784664
  landing: 0.7316787727177143
  view-data: 3.26111950725317
