times:
  edit-metadata: 1.572491705417633
  landing: 2.650089204311371
  view-data: 3.3358988761901855
