times:
  edit-metadata: 1.495071206241846
  landing: 0.8953116536140442
  view-data: 3.6033581979572773
