times:
  edit-metadata: 1.4564381390810013
  landing: 0.9016567543148994
  view-data: 3.3036353923380375
