times:
  edit-metadata: 1.5157337225973606
  landing: 1.6199035979807377
  view-data: 3.310342140495777
