times:
  edit-metadata: 2.0453123599290848
  landing: 1.2658586241304874
  view-data: 3.4030677899718285
