times:
  edit-metadata: 1.4029840379953384
  landing: 0.8747584708034992
  view-data: 3.32638631016016
