times:
  edit-metadata: 1.5669670924544334
  landing: 0.9857532568275928
  view-data: 3.4810319915413857
