times:
  edit-metadata: 2.667859222739935
  landing: 1.129598442465067
  view-data: 3.7076066955924034
