times:
  edit-metadata: 1.3743025660514832
  landing: 0.8825142420828342
  view-data: 3.3522080704569817
