times:
  edit-metadata: 2.453388635069132
  landing: 1.2425210028886795
  view-data: 3.914232235401869
