times:
  edit-metadata: 1.5032511800527573
  landing: 1.0537798330187798
  view-data: 3.3364064805209637
