times:
  edit-metadata: 1.5956522822380066
  landing: 1.1268092282116413
  view-data: 3.3594622872769833
