times:
  edit-metadata: 1.4496454522013664
  landing: 0.7942823357880116
  view-data: 3.3485943265259266
