times:
  edit-metadata: 1.5177123118191957
  landing: 0.7901612967252731
  view-data: 3.4040358755737543
