times:
  edit-metadata: 1.4203073605895042
  landing: 0.9492865912616253
  view-data: 3.3607649728655815
