times:
  edit-metadata: 1.5045630112290382
  landing: 0.8713248632848263
  view-data: 3.4381421096622944
