times:
  edit-metadata: 1.450858823955059
  landing: 1.0973667912185192
  view-data: 3.3301354236900806
