times:
  edit-metadata: 1.307477604597807
  landing: 0.748317327350378
  view-data: 3.3394552655518055
