times:
  edit-metadata: 1.4446605145931244
  landing: 0.8246957585215569
  view-data: 3.312983959913254
