times:
  edit-metadata: 1.5394379049539566
  landing: 0.8603369668126106
  view-data: 4.933117985725403
