times:
  edit-metadata: 1.5477441288530827
  landing: 1.0252974517643452
  view-data: 3.3164672441780567
