times:
  edit-metadata: 1.6152442172169685
  landing: 1.0871479511260986
  view-data: 3.333364639431238
