times:
  edit-metadata: 1.5807650834321976
  landing: 1.0805508457124233
  view-data: 3.620650626718998
