times:
  edit-metadata: 1.3645440824329853
  landing: 0.8916528970003128
  view-data: 3.4197765216231346
