times:
  edit-metadata: 1.453553967177868
  landing: 0.9696713238954544
  view-data: 3.3189086094498634
