times:
  edit-metadata: 1.610826063901186
  landing: 0.797261044383049
  view-data: 3.382957361638546
