times:
  edit-metadata: 1.3232474438846111
  landing: 0.6867204159498215
  view-data: 3.31376414000988
