times:
  edit-metadata: 1.5821286961436272
  landing: 5.313183259218931
  view-data: 3.4375650212168694
