times:
  edit-metadata: 1.4097640104591846
  landing: 0.7867807783186436
  view-data: 3.376700047403574
