times:
  edit-metadata: 1.4411573745310307
  landing: 0.9334941878914833
  view-data: 3.3685155920684338
