times:
  edit-metadata: 1.3443482890725136
  landing: 0.7007232345640659
  view-data: 3.296463470906019
