times:
  edit-metadata: 1.4953384306281805
  landing: 0.923051442950964
  view-data: 3.445217601954937
