times:
  edit-metadata: 1.3894091621041298
  landing: 0.9311602041125298
  view-data: 3.3766831308603287
