times:
  edit-metadata: 1.4664577767252922
  landing: 0.9107281565666199
  view-data: 3.796215083450079
