times:
  edit-metadata: 1.4844350963830948
  landing: 0.8965557180345058
  view-data: 3.382105242460966
