times:
  edit-metadata: 1.3738476745784283
  landing: 0.9236233718693256
  view-data: 3.317431725561619
