times:
  edit-metadata: 1.8250488452613354
  landing: 1.1693592742085457
  view-data: 3.4480246864259243
