times:
  edit-metadata: 1.358694177120924
  landing: 0.701566930860281
  view-data: 3.2815044075250626
