times:
  edit-metadata: 1.6348606050014496
  landing: 0.9956888854503632
  view-data: 3.3865461349487305
