times:
  edit-metadata: 1.4476718083024025
  landing: 1.0300521701574326
  view-data: 3.338871855288744
