times:
  edit-metadata: 1.3491734713315964
  landing: 0.8211610913276672
  view-data: 3.366057962179184
