times:
  edit-metadata: 1.585010964423418
  landing: 1.001678604632616
  view-data: 3.3953572772443295
