times:
  edit-metadata: 1.5074920542538166
  landing: 0.8274838477373123
  view-data: 3.4383547604084015
