times:
  edit-metadata: 1.3324225768446922
  landing: 0.8896225616335869
  view-data: 3.333404902368784
