times:
  edit-metadata: 1.3281837180256844
  landing: 0.9413359053432941
  view-data: 3.469336546957493
