times:
  edit-metadata: 1.3527269139885902
  landing: 0.7566268555819988
  view-data: 3.3173317462205887
