times:
  edit-metadata: 1.5321869440376759
  landing: 0.8199283555150032
  view-data: 3.5228281281888485
