times:
  edit-metadata: 1.5175387151539326
  landing: 0.7885528989136219
  view-data: 3.4103493988513947
