times:
  edit-metadata: 1.689127516001463
  landing: 1.198653683066368
  view-data: 3.404235400259495
