times:
  edit-metadata: 1.6769549176096916
  landing: 1.0999825671315193
  view-data: 3.4955082312226295
