times:
  edit-metadata: 1.303474072366953
  landing: 0.6884970478713512
  view-data: 3.259671352803707
