times:
  edit-metadata: 1.5724844448268414
  landing: 1.02528939768672
  view-data: 3.3542866706848145
