times:
  edit-metadata: 1.4093836061656475
  landing: 0.9015180617570877
  view-data: 3.257798708975315
