times:
  edit-metadata: 2.242026884108782
  landing: 1.4619475677609444
  view-data: 3.396960448473692
