times:
  edit-metadata: 1.413044486194849
  landing: 0.9016414321959019
  view-data: 3.314684569835663
