times:
  edit-metadata: 1.5192840434610844
  landing: 0.781461663544178
  view-data: 3.3994257897138596
