times:
  edit-metadata: 1.4585243314504623
  landing: 0.8842915445566177
  view-data: 3.4235128723084927
