times:
  edit-metadata: 1.4172727651894093
  landing: 0.8921456523239613
  view-data: 3.4148434475064278
