times:
  edit-metadata: 1.3600313402712345
  landing: 0.7598685547709465
  view-data: 3.2712519839406013
