times:
  edit-metadata: 1.467351820319891
  landing: 0.8533009178936481
  view-data: 3.6054257340729237
