times:
  edit-metadata: 1.5652176029980183
  landing: 0.8689313121140003
  view-data: 3.3734939843416214
