times:
  edit-metadata: 1.5543179288506508
  landing: 0.9183381944894791
  view-data: 3.5855430476367474
