times:
  edit-metadata: 1.519741464406252
  landing: 0.8084699958562851
  view-data: 3.4054467007517815
