times:
  edit-metadata: 1.6489498391747475
  landing: 1.1969708427786827
  view-data: 3.5600912496447563
