times:
  edit-metadata: 1.5678142942488194
  landing: 0.8229896202683449
  view-data: 3.418040208518505
