times:
  edit-metadata: 1.4944107420742512
  landing: 1.194664090871811
  view-data: 3.3307945169508457
