times:
  edit-metadata: 1.5030175596475601
  landing: 0.8059108722954988
  view-data: 3.3665728978812695
