times:
  edit-metadata: 1.3532653078436852
  landing: 0.8414937220513821
  view-data: 3.3317937962710857
