times:
  edit-metadata: 1.572680503129959
  landing: 1.0921145863831043
  view-data: 3.39258511736989
