times:
  edit-metadata: 1.5343798026442528
  landing: 0.8817652463912964
  view-data: 3.389501366764307
