times:
  edit-metadata: 1.525564268231392
  landing: 0.7917897440493107
  view-data: 3.4047241285443306
