times:
  edit-metadata: 1.7137553840875626
  landing: 1.143103487789631
  view-data: 3.452380061149597
