times:
  edit-metadata: 1.4916241466999054
  landing: 0.8583764508366585
  view-data: 3.3494227156043053
