times:
  edit-metadata: 1.4059951826930046
  landing: 0.8388601467013359
  view-data: 3.314029484987259
