times:
  edit-metadata: 1.5445646047592163
  landing: 0.9380111768841743
  view-data: 3.515699915587902
