times:
  edit-metadata: 1.3853736147284508
  landing: 0.845642201602459
  view-data: 3.3911611028015614
