times:
  edit-metadata: 1.4971925728023052
  landing: 0.8258050493896008
  view-data: 3.370074100792408
