times:
  edit-metadata: 1.3933772444725037
  landing: 0.7936545312404633
  view-data: 3.5292123779654503
