times:
  edit-metadata: 1.4626760110259056
  landing: 0.8902328386902809
  view-data: 3.6729932874441147
