times:
  edit-metadata: 1.4404036030173302
  landing: 1.0561950728297234
  view-data: 3.4392809346318245
