times:
  edit-metadata: 1.463177926838398
  landing: 0.7445427998900414
  view-data: 3.4577435702085495
