times:
  edit-metadata: 1.3700819611549377
  landing: 0.7898201495409012
  view-data: 3.4181662872433662
