times:
  edit-metadata: 1.5013404935598373
  landing: 0.8728157728910446
  view-data: 3.4966388419270515
