times:
  edit-metadata: 1.4122936502099037
  landing: 0.8242852613329887
  view-data: 3.438990779221058
