times:
  edit-metadata: 1.3854103572666645
  landing: 0.7958816215395927
  view-data: 3.383889239281416
