times:
  edit-metadata: 1.7369473539292812
  landing: 1.1475306041538715
  view-data: 3.2852681055665016
