times:
  edit-metadata: 1.4755708202719688
  landing: 0.8610040470957756
  view-data: 3.443578563630581
