times:
  edit-metadata: 1.974083535373211
  landing: 1.216855265200138
  view-data: 3.629951685667038
