times:
  edit-metadata: 1.1531261801719666
  landing: 0.82136519998312
  view-data: 3.480295144021511
