times:
  edit-metadata: 1.4921658486127853
  landing: 0.789306990802288
  view-data: 3.510631740093231
