times:
  edit-metadata: 1.3817249312996864
  landing: 0.845765583217144
  view-data: 3.347217835485935
