times:
  edit-metadata: 1.8970132805407047
  landing: 0.9699791334569454
  view-data: 3.339971214532852
