times:
  edit-metadata: 1.377023495733738
  landing: 0.8495329692959785
  view-data: 3.4744574055075645
