times:
  edit-metadata: 1.5562216192483902
  landing: 0.9125390872359276
  view-data: 3.3286367878317833
