times:
  edit-metadata: 1.450000073760748
  landing: 0.8071743063628674
  view-data: 3.250649508088827
