times:
  edit-metadata: 1.4847443923354149
  landing: 1.160112027078867
  view-data: 3.295113869011402
