times:
  edit-metadata: 1.3507283329963684
  landing: 0.7939304783940315
  view-data: 3.517095148563385
