times:
  edit-metadata: 1.679677665233612
  landing: 0.8659242913126945
  view-data: 3.4833852127194405
