times:
  edit-metadata: 1.471396841108799
  landing: 0.7932727411389351
  view-data: 3.267131593078375
