times:
  edit-metadata: 1.521301880478859
  landing: 0.9490929320454597
  view-data: 3.389783591032028
