times:
  edit-metadata: 1.3923053815960884
  landing: 0.7792923301458359
  view-data: 3.3012732714414597
