times:
  edit-metadata: 1.4002678841352463
  landing: 0.7923548072576523
  view-data: 3.684610038995743
