times:
  edit-metadata: 1.499260000884533
  landing: 0.9218715094029903
  view-data: 3.2657236643135548
