times:
  edit-metadata: 1.3566511794924736
  landing: 0.8164311498403549
  view-data: 3.4035187885165215
