times:
  edit-metadata: 1.4111273512244225
  landing: 0.7978404238820076
  view-data: 3.496531553566456
