times:
  edit-metadata: 1.5338267758488655
  landing: 0.7790054157376289
  view-data: 3.3788964301347733
