times:
  edit-metadata: 1.4173490665853024
  landing: 0.8921400383114815
  view-data: 3.2992004863917828
