times:
  edit-metadata: 1.4543043449521065
  landing: 0.8280273005366325
  view-data: 3.477465607225895
