times:
  edit-metadata: 1.5253387540578842
  landing: 1.1971899569034576
  view-data: 3.7432487681508064
