times:
  edit-metadata: 1.4477726966142654
  landing: 1.0340837463736534
  view-data: 3.5406245067715645
