times:
  edit-metadata: 1.6605300903320312
  landing: 0.7722224593162537
  view-data: 3.2802146449685097
