times:
  edit-metadata: 1.5224083364009857
  landing: 0.8590026795864105
  view-data: 3.4763060808181763
