times:
  edit-metadata: 1.4905403517186642
  landing: 0.8844383880496025
  view-data: 3.4374873340129852
