times:
  edit-metadata: 1.4857189878821373
  landing: 0.9072052612900734
  view-data: 3.299127481877804
