times:
  edit-metadata: 1.4457944594323635
  landing: 0.9367473497986794
  view-data: 3.2824015095829964
