times:
  edit-metadata: 1.4486529752612114
  landing: 0.8536551743745804
  view-data: 3.3081479519605637
