times:
  edit-metadata: 1.5228347331285477
  landing: 0.8117709755897522
  view-data: 3.3653504736721516
