times:
  edit-metadata: 1.4528840631246567
  landing: 0.970170047134161
  view-data: 3.306922685354948
