times:
  edit-metadata: 1.524696670472622
  landing: 0.9835440292954445
  view-data: 3.3323440961539745
