times:
  edit-metadata: 1.5749586634337902
  landing: 0.889603029936552
  view-data: 3.3435949608683586
