times:
  edit-metadata: 1.5068713948130608
  landing: 0.8913424983620644
  view-data: 3.3678223863244057
