times:
  edit-metadata: 1.5037332326173782
  landing: 0.8444472476840019
  view-data: 3.7859488800168037
