times:
  edit-metadata: 1.4750891402363777
  landing: 0.7910789400339127
  view-data: 3.6576903089880943
