times:
  edit-metadata: 2.132377576082945
  landing: 1.1780918911099434
  view-data: 3.5835341066122055
