times:
  edit-metadata: 1.6850062012672424
  landing: 1.1762160435318947
  view-data: 3.4527081549167633
