times:
  edit-metadata: 1.489882916212082
  landing: 0.9648166969418526
  view-data: 3.3157471120357513
