times:
  edit-metadata: 1.5143063440918922
  landing: 0.7962268069386482
  view-data: 3.261658363044262
