times:
  edit-metadata: 1.3647792525589466
  landing: 0.852393601089716
  view-data: 3.3064296431839466
