times:
  edit-metadata: 1.4705729708075523
  landing: 0.9897475577890873
  view-data: 3.3206565976142883
