times:
  edit-metadata: 1.3678604811429977
  landing: 0.8273345604538918
  view-data: 3.4905722960829735
