times:
  edit-metadata: 1.5060102492570877
  landing: 0.8937092050909996
  view-data: 3.478872649371624
