times:
  edit-metadata: 1.4236365407705307
  landing: 0.8429999873042107
  view-data: 3.456806257367134
