times:
  edit-metadata: 1.5431695133447647
  landing: 0.9565094038844109
  view-data: 3.3244462311267853
