times:
  edit-metadata: 1.480529848486185
  landing: 0.9764285869896412
  view-data: 3.3515299148857594
