times:
  edit-metadata: 1.4119379371404648
  landing: 0.8040207140147686
  view-data: 3.294607475399971
