times:
  edit-metadata: 1.4072602838277817
  landing: 0.8295934498310089
  view-data: 3.490943342447281
