times:
  edit-metadata: 1.409479945898056
  landing: 0.7912050783634186
  view-data: 3.5070611611008644
