times:
  edit-metadata: 1.4328723438084126
  landing: 0.8590514399111271
  view-data: 3.3013812601566315
