times:
  edit-metadata: 1.3999284356832504
  landing: 0.7966450601816177
  view-data: 3.488094322383404
