times:
  edit-metadata: 1.6367140971124172
  landing: 1.0950537994503975
  view-data: 3.301656685769558
