times:
  edit-metadata: 1.3987356685101986
  landing: 0.8420797735452652
  view-data: 3.246276244521141
