times:
  edit-metadata: 1.4750620797276497
  landing: 0.8036094978451729
  view-data: 3.461031101644039
