times:
  edit-metadata: 1.46026761084795
  landing: 0.940652884542942
  view-data: 3.3332471027970314
