times:
  edit-metadata: 1.6328119486570358
  landing: 0.7930375263094902
  view-data: 3.3598059862852097
