times:
  edit-metadata: 1.4615159705281258
  landing: 0.8509495928883553
  view-data: 3.466467536985874
