times:
  edit-metadata: 1.425723746418953
  landing: 0.8547337129712105
  view-data: 3.4077895656228065
