times:
  edit-metadata: 1.419399432837963
  landing: 0.8109154254198074
  view-data: 3.253919057548046
