times:
  edit-metadata: 1.5094347260892391
  landing: 0.8941988758742809
  view-data: 3.3317758068442345
