times:
  edit-metadata: 1.4386154115200043
  landing: 0.768606461584568
  view-data: 3.4520614072680473
