times:
  edit-metadata: 1.4977812692523003
  landing: 0.7506765723228455
  view-data: 3.3678462356328964
