times:
  edit-metadata: 1.5282411202788353
  landing: 0.783772423863411
  view-data: 3.33198943734169
