times:
  edit-metadata: 1.385972112417221
  landing: 0.8613120838999748
  view-data: 3.4683057367801666
