times:
  edit-metadata: 1.3748877793550491
  landing: 1.0183702372014523
  view-data: 3.294615264981985
