times:
  edit-metadata: 1.3883769288659096
  landing: 0.7623173668980598
  view-data: 3.443378299474716
