times:
  edit-metadata: 1.9867184534668922
  landing: 0.8764281868934631
  view-data: 3.3501521423459053
