times:
  edit-metadata: 1.3854849860072136
  landing: 0.7522662803530693
  view-data: 3.442732885479927
