times:
  edit-metadata: 1.3709862679243088
  landing: 0.848544292151928
  view-data: 3.490027017891407
