times:
  edit-metadata: 2.1186550334095955
  landing: 1.44411089271307
  view-data: 3.621168538928032
