times:
  edit-metadata: 1.442273274064064
  landing: 0.9050475247204304
  view-data: 3.321591831743717
