times:
  edit-metadata: 1.9801326096057892
  landing: 1.2253401204943657
  view-data: 3.546960785984993
