times:
  edit-metadata: 1.4654404893517494
  landing: 0.9139336049556732
  view-data: 3.3596922755241394
