times:
  edit-metadata: 1.481513574719429
  landing: 0.7675163373351097
  view-data: 3.398213177919388
