times:
  edit-metadata: 1.4991571828722954
  landing: 0.9325462952256203
  view-data: 3.607543282210827
