times:
  edit-metadata: 1.5298138186335564
  landing: 0.8182189166545868
  view-data: 3.5486974865198135
