times:
  edit-metadata: 1.513017438352108
  landing: 0.9692669957876205
  view-data: 3.6077603697776794
