times:
  edit-metadata: 1.4404318407177925
  landing: 0.8728849366307259
  view-data: 3.3062569350004196
