times:
  edit-metadata: 1.3917142637073994
  landing: 0.939624048769474
  view-data: 3.4000310972332954
