times:
  edit-metadata: 1.5746010169386864
  landing: 1.0546644777059555
  view-data: 3.5457712188363075
