times:
  edit-metadata: 1.4359168261289597
  landing: 0.8977579958736897
  view-data: 3.3021585419774055
