times:
  edit-metadata: 1.4052868969738483
  landing: 0.8591507039964199
  view-data: 3.321674130856991
