times:
  edit-metadata: 1.4149638451635838
  landing: 0.9603631943464279
  view-data: 3.318821217864752
