times:
  edit-metadata: 1.4471393898129463
  landing: 0.9426707476377487
  view-data: 3.446526288986206
