times:
  edit-metadata: 1.4470204263925552
  landing: 0.8677689209580421
  view-data: 3.3163922652602196
