times:
  edit-metadata: 1.5015815421938896
  landing: 0.9061285704374313
  view-data: 3.325597755610943
