times:
  edit-metadata: 1.3662872314453125
  landing: 0.7855679728090763
  view-data: 3.3309638053178787
