times:
  edit-metadata: 1.3756652921438217
  landing: 0.888661727309227
  view-data: 3.340025745332241
