times:
  edit-metadata: 1.4645033106207848
  landing: 0.7629134431481361
  view-data: 3.4531006887555122
