times:
  edit-metadata: 1.4218123406171799
  landing: 0.8117020800709724
  view-data: 3.387978680431843
