times:
  edit-metadata: 1.3589338883757591
  landing: 1.0423733443021774
  view-data: 3.4039004668593407
