times:
  edit-metadata: 1.516917698085308
  landing: 0.8995590433478355
  view-data: 3.583349995315075
