times:
  edit-metadata: 1.492061149328947
  landing: 0.8350064642727375
  view-data: 3.2920766919851303
