times:
  edit-metadata: 1.452652670443058
  landing: 0.798246942460537
  view-data: 3.4835271760821342
