times:
  edit-metadata: 1.4610500372946262
  landing: 0.7939009107649326
  view-data: 3.3456023521721363
