times:
  edit-metadata: 1.530392050743103
  landing: 0.8638239838182926
  view-data: 3.3470631800591946
