times:
  edit-metadata: 2.9333577752113342
  landing: 2.0214119479060173
  view-data: 3.6219699531793594
