times:
  edit-metadata: 1.3571762330830097
  landing: 0.7860957235097885
  view-data: 3.275874573737383
