times:
  edit-metadata: 1.507783655077219
  landing: 0.8907170481979847
  view-data: 3.3950065970420837
