times:
  edit-metadata: 1.442766785621643
  landing: 0.7934918105602264
  view-data: 3.254132926464081
