times:
  edit-metadata: 1.444433569908142
  landing: 0.808028869330883
  view-data: 3.4262433648109436
