times:
  edit-metadata: 1.436816230416298
  landing: 0.825088694691658
  view-data: 3.510600008070469
