times:
  edit-metadata: 1.520198505371809
  landing: 0.8239767923951149
  view-data: 3.330072592943907
