times:
  edit-metadata: 1.3544982001185417
  landing: 0.8452350795269012
  view-data: 3.5683145374059677
