times:
  edit-metadata: 1.3681714162230492
  landing: 0.8401559963822365
  view-data: 3.279472053050995
