times:
  edit-metadata: 1.5542405508458614
  landing: 1.0158511400222778
  view-data: 3.43665374442935
