times:
  edit-metadata: 2.0057262033224106
  landing: 1.2331432774662971
  view-data: 3.4828209802508354
