times:
  edit-metadata: 1.4419646188616753
  landing: 0.7844382077455521
  view-data: 3.411420501768589
