times:
  edit-metadata: 1.4748662114143372
  landing: 0.8177498616278172
  view-data: 3.329138830304146
