times:
  edit-metadata: 1.4900216534733772
  landing: 0.741430975496769
  view-data: 3.4895950704813004
