times:
  edit-metadata: 1.3859938010573387
  landing: 0.8936463072896004
  view-data: 3.3447881266474724
