times:
  edit-metadata: 1.5135834328830242
  landing: 0.9219014085829258
  view-data: 3.3321446925401688
