times:
  edit-metadata: 1.4511013366281986
  landing: 0.9231778904795647
  view-data: 3.3095168955624104
