times:
  edit-metadata: 1.7220407165586948
  landing: 0.9411157444119453
  view-data: 3.2797969058156013
