times:
  edit-metadata: 1.8713527508080006
  landing: 0.9756409414112568
  view-data: 3.3511649034917355
