times:
  edit-metadata: 1.6454542949795723
  landing: 0.8661459237337112
  view-data: 3.325442314147949
