times:
  edit-metadata: 1.4980925247073174
  landing: 0.8569504022598267
  view-data: 3.5301537066698074
