times:
  edit-metadata: 1.4838271290063858
  landing: 0.8214535042643547
  view-data: 3.5114724710583687
