times:
  edit-metadata: 1.3824785687029362
  landing: 0.8478585481643677
  view-data: 3.339025557041168
