times:
  edit-metadata: 1.3816817477345467
  landing: 0.8380322158336639
  view-data: 3.4519103318452835
