times:
  edit-metadata: 2.019184671342373
  landing: 1.1378918215632439
  view-data: 3.4205035343766212
