times:
  edit-metadata: 1.3397868126630783
  landing: 0.7297635078430176
  view-data: 3.374480612576008
