times:
  edit-metadata: 1.4145150035619736
  landing: 0.8298588544130325
  view-data: 3.52699314057827
