times:
  edit-metadata: 1.3509041965007782
  landing: 0.7890503108501434
  view-data: 3.5502528697252274
