times:
  edit-metadata: 1.3560214638710022
  landing: 0.8543833643198013
  view-data: 3.3386780321598053
