times:
  edit-metadata: 2.130003046244383
  landing: 1.0310991294682026
  view-data: 3.3571017496287823
