times:
  edit-metadata: 1.5200093686580658
  landing: 0.8446807563304901
  view-data: 3.328244224190712
