times:
  edit-metadata: 1.3757766596972942
  landing: 0.9149238876998425
  view-data: 3.2998350337147713
