times:
  edit-metadata: 1.4504013359546661
  landing: 0.7647176273167133
  view-data: 3.471781153231859
