times:
  edit-metadata: 1.417714487761259
  landing: 0.8325632102787495
  view-data: 3.3008068837225437
