times:
  edit-metadata: 1.5088408663868904
  landing: 0.8633248880505562
  view-data: 3.3664420507848263
