times:
  edit-metadata: 1.444938886910677
  landing: 0.8291626572608948
  view-data: 3.3325968608260155
