times:
  edit-metadata: 1.4229261502623558
  landing: 0.8101349994540215
  view-data: 3.5178602039813995
