times:
  edit-metadata: 1.6993234232068062
  landing: 1.0743269473314285
  view-data: 3.3454718962311745
