times:
  edit-metadata: 1.4964847639203072
  landing: 0.857220321893692
  view-data: 3.545629672706127
