times:
  edit-metadata: 1.3458086028695107
  landing: 0.797905869781971
  view-data: 3.473412588238716
