times:
  edit-metadata: 1.5252791494131088
  landing: 0.8914407268166542
  view-data: 3.3669171407818794
