times:
  edit-metadata: 1.4498452171683311
  landing: 0.8447135016322136
  view-data: 3.331520199775696
