times:
  edit-metadata: 1.5509117394685745
  landing: 0.8874689489603043
  view-data: 3.480915479362011
