times:
  edit-metadata: 1.4086652919650078
  landing: 0.815675675868988
  view-data: 3.3263008072972298
