times:
  edit-metadata: 1.581219170242548
  landing: 0.8406425267457962
  view-data: 3.2433898523449898
