times:
  edit-metadata: 1.4794440791010857
  landing: 0.8612026944756508
  view-data: 3.486182577908039
