times:
  edit-metadata: 1.589976690709591
  landing: 0.7044577747583389
  view-data: 3.4214236959815025
