times:
  edit-metadata: 1.4870758354663849
  landing: 0.7432746216654778
  view-data: 3.46151452511549
