times:
  edit-metadata: 1.3946380615234375
  landing: 0.7383553832769394
  view-data: 3.3433647602796555
