times:
  edit-metadata: 1.337649442255497
  landing: 0.7503325715661049
  view-data: 3.502152740955353
