times:
  edit-metadata: 1.3304259926080704
  landing: 0.7958747074007988
  view-data: 3.5064124017953873
