times:
  edit-metadata: 1.3742821291089058
  landing: 0.850018672645092
  view-data: 3.4321700409054756
