times:
  edit-metadata: 1.401580885052681
  landing: 0.9308630302548409
  view-data: 3.3247241601347923
