times:
  edit-metadata: 1.4991326332092285
  landing: 0.8507660329341888
  view-data: 3.389256052672863
