times:
  edit-metadata: 1.3854179382324219
  landing: 0.9257065951824188
  view-data: 3.4852281138300896
