times:
  edit-metadata: 1.3529333025217056
  landing: 0.8548627942800522
  view-data: 3.2675633281469345
