times:
  edit-metadata: 1.3547749072313309
  landing: 0.744759276509285
  view-data: 3.531179092824459
