times:
  edit-metadata: 1.4481304064393044
  landing: 0.7910803630948067
  view-data: 3.5471669882535934
