times:
  edit-metadata: 1.3733657225966454
  landing: 0.8080402836203575
  view-data: 3.430584132671356
