times:
  edit-metadata: 1.4940736293792725
  landing: 0.7339754998683929
  view-data: 3.4544633477926254
