times:
  edit-metadata: 1.337757095694542
  landing: 0.8633604794740677
  view-data: 3.571823500096798
