times:
  edit-metadata: 1.3680394887924194
  landing: 0.7996250540018082
  view-data: 3.4454593285918236
