times:
  edit-metadata: 1.3653694614768028
  landing: 0.8223515003919601
  view-data: 3.3806067407131195
