times:
  edit-metadata: 1.4113328903913498
  landing: 0.7802361249923706
  view-data: 3.5686388835310936
