times:
  edit-metadata: 1.3425285443663597
  landing: 0.7024984955787659
  view-data: 3.3127911165356636
