times:
  edit-metadata: 2.3719820603728294
  landing: 1.2683057859539986
  view-data: 3.4040379524230957
