times:
  edit-metadata: 2.9759016633033752
  landing: 1.6155506148934364
  view-data: 3.679167501628399
