times:
  edit-metadata: 1.3945803344249725
  landing: 0.7496392130851746
  view-data: 3.4866254776716232
