times:
  edit-metadata: 1.30515156686306
  landing: 0.7419429123401642
  view-data: 3.4870832562446594
