times:
  edit-metadata: 1.3569402322173119
  landing: 0.8605878576636314
  view-data: 3.4674716144800186
