times:
  edit-metadata: 1.4097603857517242
  landing: 0.7789047956466675
  view-data: 3.57559472322464
