times:
  edit-metadata: 1.4744026735424995
  landing: 0.7666439190506935
  view-data: 3.4405901432037354
