times:
  edit-metadata: 1.4696540534496307
  landing: 0.6896523982286453
  view-data: 3.408376023173332
