times:
  edit-metadata: 1.3463212847709656
  landing: 0.7899007275700569
  view-data: 3.508353531360626
