times:
  edit-metadata: 1.4459927827119827
  landing: 0.719373807311058
  view-data: 3.4678662940859795
