times:
  edit-metadata: 1.3525841683149338
  landing: 0.7762173414230347
  view-data: 3.4452613070607185
