times:
  edit-metadata: 1.4738369137048721
  landing: 0.9142617136240005
  view-data: 3.368849031627178
