times:
  edit-metadata: 1.3737756162881851
  landing: 0.7472840622067451
  view-data: 3.4335315972566605
