times:
  edit-metadata: 1.4066165685653687
  landing: 0.7332213446497917
  view-data: 3.4782258048653603
