times:
  edit-metadata: 1.4725786224007607
  landing: 0.7522953972220421
  view-data: 3.5042496621608734
