times:
  edit-metadata: 1.5215212181210518
  landing: 0.9453496336936951
  view-data: 3.42799860984087
