times:
  edit-metadata: 1.3613755702972412
  landing: 0.9642867743968964
  view-data: 3.585451550781727
