times:
  edit-metadata: 1.7419295385479927
  landing: 0.92775509506464
  view-data: 3.374405115842819
