times:
  edit-metadata: 1.5085902363061905
  landing: 0.901175394654274
  view-data: 3.486611120402813
