times:
  edit-metadata: 1.3414001688361168
  landing: 0.768904373049736
  view-data: 3.5093394443392754
