times:
  edit-metadata: 1.4500339031219482
  landing: 0.877827100455761
  view-data: 3.3242179080843925
