times:
  edit-metadata: 1.3630214557051659
  landing: 0.8107591420412064
  view-data: 3.489292971789837
