times:
  edit-metadata: 1.377751186490059
  landing: 0.8564649671316147
  view-data: 3.458717629313469
