times:
  edit-metadata: 1.469557799398899
  landing: 0.851611852645874
  view-data: 3.4911095276474953
