times:
  edit-metadata: 2.032628796994686
  landing: 1.1223309114575386
  view-data: 3.5768208354711533
