times:
  edit-metadata: 1.3962007910013199
  landing: 0.7490365505218506
  view-data: 3.4885378032922745
