times:
  edit-metadata: 1.5627867579460144
  landing: 0.8106998950242996
  view-data: 3.357537366449833
