times:
  edit-metadata: 1.3723411113023758
  landing: 0.7678228169679642
  view-data: 3.513235107064247
