times:
  edit-metadata: 1.4504713043570518
  landing: 0.7877048626542091
  view-data: 3.602818585932255
