times:
  edit-metadata: 1.1626183316111565
  landing: 0.7408167570829391
  view-data: 3.5831859707832336
