times:
  edit-metadata: 1.6530800387263298
  landing: 1.2057149037718773
  view-data: 3.336242601275444
