times:
  edit-metadata: 1.317878820002079
  landing: 0.840805396437645
  view-data: 3.523084230720997
