times:
  edit-metadata: 1.386778324842453
  landing: 0.8620175197720528
  view-data: 3.299051210284233
