times:
  edit-metadata: 1.374030664563179
  landing: 0.778313621878624
  view-data: 3.542859062552452
