times:
  edit-metadata: 2.017002545297146
  landing: 1.3031934425234795
  view-data: 4.00709193199873
