times:
  edit-metadata: 1.4470475018024445
  landing: 0.7294331267476082
  view-data: 3.49246758967638
