times:
  edit-metadata: 1.3863702788949013
  landing: 0.7982586845755577
  view-data: 3.512470103800297
