times:
  edit-metadata: 1.48080313205719
  landing: 0.7933263704180717
  view-data: 3.608298011124134
