times:
  edit-metadata: 1.3353805243968964
  landing: 0.7523568198084831
  view-data: 3.4723287224769592
