times:
  edit-metadata: 1.4516971856355667
  landing: 0.9283415973186493
  view-data: 3.4718052595853806
