times:
  edit-metadata: 1.3972358480095863
  landing: 0.9260462522506714
  view-data: 3.6108982414007187
