times:
  edit-metadata: 1.491659790277481
  landing: 0.7466822564601898
  view-data: 3.537569120526314
