times:
  edit-metadata: 1.4364952594041824
  landing: 0.7731972858309746
  view-data: 3.541069984436035
