times:
  edit-metadata: 1.4623178467154503
  landing: 0.9730847626924515
  view-data: 3.3365396559238434
