times:
  edit-metadata: 1.5884706526994705
  landing: 0.8939487040042877
  view-data: 3.508289009332657
