times:
  edit-metadata: 1.9030499309301376
  landing: 1.219915322959423
  view-data: 3.4275328665971756
