times:
  edit-metadata: 1.3788669109344482
  landing: 0.775975912809372
  view-data: 3.374573938548565
