times:
  edit-metadata: 1.4843890815973282
  landing: 0.8847374990582466
  view-data: 3.347760997712612
