times:
  edit-metadata: 1.4513763263821602
  landing: 0.7891446873545647
  view-data: 3.5513183623552322
