times:
  edit-metadata: 1.443824142217636
  landing: 0.8225354701280594
  view-data: 3.492066003382206
