times:
  edit-metadata: 1.4088085144758224
  landing: 0.7781820222735405
  view-data: 3.5581862926483154
