times:
  edit-metadata: 1.3701495826244354
  landing: 0.7394400462508202
  view-data: 3.5770168378949165
