times:
  edit-metadata: 1.5918510481715202
  landing: 0.8745179399847984
  view-data: 3.3504371643066406
