times:
  edit-metadata: 1.4975485354661942
  landing: 0.8389938846230507
  view-data: 3.530181407928467
