times:
  edit-metadata: 1.4788822680711746
  landing: 1.069044977426529
  view-data: 3.31807042658329
