times:
  edit-metadata: 1.482941821217537
  landing: 0.7865729033946991
  view-data: 3.5653009563684464
