times:
  edit-metadata: 1.3870984241366386
  landing: 0.7930241078138351
  view-data: 3.484042376279831
