times:
  edit-metadata: 1.9682300686836243
  landing: 1.0360675603151321
  view-data: 3.663941867649555
