times:
  edit-metadata: 1.5008000582456589
  landing: 0.8363416194915771
  view-data: 3.2993709594011307
