times:
  edit-metadata: 1.396941289305687
  landing: 0.7748932018876076
  view-data: 3.4157623276114464
