times:
  edit-metadata: 1.5395641699433327
  landing: 0.8688417077064514
  view-data: 3.534853346645832
