times:
  edit-metadata: 1.4798359274864197
  landing: 0.7646856009960175
  view-data: 3.331998571753502
