times:
  edit-metadata: 1.6960855051875114
  landing: 0.7343014925718307
  view-data: 3.686721958220005
