times:
  edit-metadata: 1.4603873863816261
  landing: 0.8309613093733788
  view-data: 3.51212015748024
