times:
  edit-metadata: 1.4364806115627289
  landing: 0.7783540785312653
  view-data: 3.59017351269722
