times:
  edit-metadata: 1.456977792084217
  landing: 0.9271262288093567
  view-data: 3.32576385140419
