times:
  edit-metadata: 1.670678287744522
  landing: 0.8921294063329697
  view-data: 3.4005805999040604
