times:
  edit-metadata: 1.3922166526317596
  landing: 0.7755752429366112
  view-data: 3.4116385653615
