times:
  edit-metadata: 1.391469158232212
  landing: 0.7002940252423286
  view-data: 3.4167855605483055
