times:
  edit-metadata: 1.4925176575779915
  landing: 0.7280909866094589
  view-data: 3.4498149901628494
