times:
  edit-metadata: 1.5065918490290642
  landing: 0.9156940132379532
  view-data: 3.5121457502245903
