times:
  edit-metadata: 1.5161235556006432
  landing: 0.9279899075627327
  view-data: 3.439527615904808
