times:
  edit-metadata: 1.5729203037917614
  landing: 0.8411090224981308
  view-data: 3.333793520927429
