times:
  edit-metadata: 1.522313915193081
  landing: 0.9377822652459145
  view-data: 3.3062123022973537
