times:
  edit-metadata: 1.364991456270218
  landing: 0.8023888543248177
  view-data: 3.435020089149475
