times:
  edit-metadata: 1.5273785963654518
  landing: 1.0337321795523167
  view-data: 3.3241498321294785
