times:
  edit-metadata: 2.0685433335602283
  landing: 1.4242520220577717
  view-data: 3.324146457016468
