times:
  edit-metadata: 1.3701232746243477
  landing: 0.7804662138223648
  view-data: 3.34180811047554
