times:
  edit-metadata: 1.4036792367696762
  landing: 0.846399337053299
  view-data: 3.4468158930540085
