times:
  edit-metadata: 1.4270959086716175
  landing: 0.8232804276049137
  view-data: 3.323001679033041
