times:
  edit-metadata: 1.5298081636428833
  landing: 0.732870303094387
  view-data: 3.497292324900627
