times:
  edit-metadata: 1.459753192961216
  landing: 0.8951111100614071
  view-data: 3.331995651125908
