times:
  edit-metadata: 1.698535032570362
  landing: 1.280139409005642
  view-data: 3.5028891935944557
