times:
  edit-metadata: 1.6272187195718288
  landing: 0.9928119741380215
  view-data: 3.305228989571333
