times:
  edit-metadata: 1.601770468056202
  landing: 0.928792729973793
  view-data: 3.338110402226448
