times:
  edit-metadata: 1.3392056412994862
  landing: 0.8672698214650154
  view-data: 3.316298119723797
