times:
  edit-metadata: 1.4151481240987778
  landing: 0.888359971344471
  view-data: 3.706727720797062
