times:
  edit-metadata: 1.4072714298963547
  landing: 0.9669463112950325
  view-data: 3.3468744084239006
