times:
  edit-metadata: 1.4395078346133232
  landing: 1.1723521202802658
  view-data: 3.5025793313980103
