times:
  edit-metadata: 1.996400535106659
  landing: 1.3448740355670452
  view-data: 3.455034490674734
