times:
  edit-metadata: 1.5108616352081299
  landing: 0.7757034972310066
  view-data: 3.395862177014351
