times:
  edit-metadata: 1.418302334845066
  landing: 0.7706426717340946
  view-data: 3.3056775480508804
