times:
  edit-metadata: 1.4304620772600174
  landing: 0.7681594863533974
  view-data: 3.4191917181015015
