times:
  edit-metadata: 2.22243619710207
  landing: 1.5606730729341507
  view-data: 3.397450089454651
