times:
  edit-metadata: 1.4606365337967873
  landing: 0.767022006213665
  view-data: 3.5096414163708687
