times:
  edit-metadata: 1.7462012097239494
  landing: 1.036428950726986
  view-data: 3.8262619003653526
