times:
  edit-metadata: 1.4894874393939972
  landing: 0.7999660968780518
  view-data: 3.525443859398365
