times:
  edit-metadata: 1.4492647349834442
  landing: 0.7432366535067558
  view-data: 3.7132487297058105
