times:
  edit-metadata: 1.3782637603580952
  landing: 0.7904718518257141
  view-data: 3.3334195353090763
