times:
  edit-metadata: 1.4464545249938965
  landing: 0.868106696754694
  view-data: 3.307725429534912
