times:
  edit-metadata: 1.3633853122591972
  landing: 0.81966183334589
  view-data: 3.4857080802321434
