times:
  edit-metadata: 1.4011371731758118
  landing: 0.8187801539897919
  view-data: 3.3137729056179523
