times:
  edit-metadata: 1.6306367963552475
  landing: 0.9048687294125557
  view-data: 3.3281752727925777
