times:
  edit-metadata: 1.4549809768795967
  landing: 0.8245122358202934
  view-data: 3.574786029756069
