times:
  edit-metadata: 1.4812682271003723
  landing: 0.8865777030587196
  view-data: 3.5460717529058456
