times:
  edit-metadata: 1.508914239704609
  landing: 0.8645271211862564
  view-data: 3.497841976583004
