times:
  edit-metadata: 1.4522725045681
  landing: 0.8769070953130722
  view-data: 3.3371972776949406
