times:
  edit-metadata: 1.2999265044927597
  landing: 0.7748238071799278
  view-data: 3.41545806825161
