times:
  edit-metadata: 1.339962013065815
  landing: 0.8730623573064804
  view-data: 3.4467977732419968
