times:
  edit-metadata: 1.4279661662876606
  landing: 0.8863286785781384
  view-data: 3.2745711877942085
