times:
  edit-metadata: 1.444724477827549
  landing: 1.023378036916256
  view-data: 3.6067329347133636
