times:
  edit-metadata: 1.4192116111516953
  landing: 0.9446954727172852
  view-data: 3.2941266484558582
