times:
  edit-metadata: 1.5751245021820068
  landing: 0.8889897167682648
  view-data: 3.3185789808630943
