times:
  edit-metadata: 1.4056512787938118
  landing: 0.8218504302203655
  view-data: 3.2888765186071396
