times:
  edit-metadata: 1.3981326259672642
  landing: 0.9038196504116058
  view-data: 3.3296709172427654
