times:
  edit-metadata: 1.788217954337597
  landing: 1.2416925430297852
  view-data: 3.321951884776354
