times:
  edit-metadata: 1.42491215467453
  landing: 0.7762387245893478
  view-data: 3.470385566353798
