times:
  edit-metadata: 1.3831552229821682
  landing: 0.7772226184606552
  view-data: 3.3189563117921352
