times:
  edit-metadata: 1.4209575541317463
  landing: 1.0059526190161705
  view-data: 3.2965607829391956
