times:
  edit-metadata: 1.3932512402534485
  landing: 0.7482022494077682
  view-data: 3.4192509949207306
