times:
  edit-metadata: 1.460828721523285
  landing: 0.7705050557851791
  view-data: 3.403329484164715
