times:
  edit-metadata: 1.3713688477873802
  landing: 0.7975740134716034
  view-data: 3.5013451129198074
