times:
  edit-metadata: 1.39768735319376
  landing: 0.7651200033724308
  view-data: 3.352819077670574
