times:
  edit-metadata: 1.5071916952729225
  landing: 0.872158944606781
  view-data: 3.298038527369499
