times:
  edit-metadata: 1.5220728442072868
  landing: 1.0083864852786064
  view-data: 3.655823267996311
