times:
  edit-metadata: 1.7607679516077042
  landing: 1.3748673051595688
  view-data: 3.5095672383904457
