times:
  edit-metadata: 1.4333842433989048
  landing: 0.9487297348678112
  view-data: 3.357601247727871
