times:
  edit-metadata: 1.3687144815921783
  landing: 0.7945815324783325
  view-data: 3.4493519067764282
