times:
  edit-metadata: 1.452832669019699
  landing: 0.8161871060729027
  view-data: 3.4612098410725594
