times:
  edit-metadata: 1.5069409981369972
  landing: 0.8103475272655487
  view-data: 3.3297487944364548
