times:
  edit-metadata: 1.407319713383913
  landing: 0.9069184884428978
  view-data: 3.2713729329407215
