times:
  edit-metadata: 1.4387874081730843
  landing: 0.8676338791847229
  view-data: 3.5870934203267097
