times:
  edit-metadata: 1.6625978276133537
  landing: 0.9387928992509842
  view-data: 3.279762789607048
