times:
  edit-metadata: 1.4371308907866478
  landing: 0.762238584458828
  view-data: 3.3113928884267807
