times:
  edit-metadata: 1.3807340860366821
  landing: 0.8836331181228161
  view-data: 3.3092497140169144
