times:
  edit-metadata: 1.3724233582615852
  landing: 0.7350847125053406
  view-data: 3.456339329481125
