times:
  edit-metadata: 1.3751242384314537
  landing: 0.9134965762495995
  view-data: 3.3184439688920975
