times:
  edit-metadata: 1.4458741657435894
  landing: 0.8274108618497849
  view-data: 3.343098498880863
