times:
  edit-metadata: 1.441003791987896
  landing: 0.8389073684811592
  view-data: 3.444891393184662
