times:
  edit-metadata: 1.1635984778404236
  landing: 0.788102462887764
  view-data: 3.49969732016325
