times:
  edit-metadata: 1.53472513332963
  landing: 0.78360640630126
  view-data: 3.306209661066532
