times:
  edit-metadata: 1.4142185151576996
  landing: 0.7797652930021286
  view-data: 3.327198378741741
