times:
  edit-metadata: 1.3570170402526855
  landing: 0.8166959211230278
  view-data: 3.462268143892288
