times:
  edit-metadata: 1.3691531866788864
  landing: 0.805129662156105
  view-data: 3.4955661296844482
