times:
  edit-metadata: 1.4923243969678879
  landing: 0.9566929861903191
  view-data: 3.42349860817194
