times:
  edit-metadata: 1.313987459987402
  landing: 0.8478427827358246
  view-data: 3.2588272728025913
