times:
  edit-metadata: 1.4203565679490566
  landing: 0.8340750522911549
  view-data: 3.293959464877844
