times:
  edit-metadata: 1.5245813876390457
  landing: 0.8643917329609394
  view-data: 3.2699042670428753
