times:
  edit-metadata: 1.5131105668842793
  landing: 0.8231737725436687
  view-data: 3.3463755771517754
