times:
  edit-metadata: 1.5267691612243652
  landing: 0.9653478413820267
  view-data: 3.599972642958164
