times:
  edit-metadata: 2.4062001407146454
  landing: 1.355858825147152
  view-data: 3.6481096297502518
