times:
  edit-metadata: 1.4653788395226002
  landing: 0.7715985924005508
  view-data: 3.3983918987214565
