times:
  edit-metadata: 1.4477346614003181
  landing: 0.8100569173693657
  view-data: 3.453000530600548
