times:
  edit-metadata: 1.4355915933847427
  landing: 0.7535677254199982
  view-data: 3.4030360728502274
