times:
  edit-metadata: 1.496520884335041
  landing: 0.8256348147988319
  view-data: 3.308531954884529
