times:
  edit-metadata: 1.632316492497921
  landing: 0.8723873645067215
  view-data: 3.340267963707447
