times:
  edit-metadata: 1.3920507654547691
  landing: 0.7789129763841629
  view-data: 3.3486765772104263
