times:
  edit-metadata: 1.377055823802948
  landing: 0.9805556237697601
  view-data: 3.4181486889719963
