times:
  edit-metadata: 1.4217664897441864
  landing: 0.8785018399357796
  view-data: 3.330157920718193
