times:
  edit-metadata: 2.1320285946130753
  landing: 1.2854346707463264
  view-data: 3.414491329342127
