times:
  edit-metadata: 1.3768562600016594
  landing: 0.7775951102375984
  view-data: 3.443829983472824
