times:
  edit-metadata: 1.5220163986086845
  landing: 0.9289433285593987
  view-data: 3.3572121635079384
