times:
  edit-metadata: 1.4455168470740318
  landing: 0.8662904798984528
  view-data: 3.3114014975726604
