times:
  edit-metadata: 1.4501699469983578
  landing: 0.8069603219628334
  view-data: 3.2844058722257614
