times:
  edit-metadata: 1.31632499396801
  landing: 0.866677388548851
  view-data: 3.323691114783287
