times:
  edit-metadata: 1.4980226643383503
  landing: 0.8429176323115826
  view-data: 3.3684988394379616
