times:
  edit-metadata: 1.463764250278473
  landing: 0.8170018419623375
  view-data: 3.2706091701984406
