times:
  edit-metadata: 1.4781722724437714
  landing: 0.9030138663947582
  view-data: 3.331037610769272
