times:
  edit-metadata: 1.4701832681894302
  landing: 0.7586570270359516
  view-data: 3.3128675036132336
