times:
  edit-metadata: 1.3946473821997643
  landing: 0.8044361621141434
  view-data: 3.512150041759014
