times:
  edit-metadata: 1.5759959295392036
  landing: 1.032310128211975
  view-data: 3.33854903280735
