times:
  edit-metadata: 1.921369418501854
  landing: 1.4492049291729927
  view-data: 3.5555166453123093
