times:
  edit-metadata: 1.4669421911239624
  landing: 0.7527281269431114
  view-data: 3.471644088625908
