times:
  edit-metadata: 1.3771325685083866
  landing: 0.8329316005110741
  view-data: 3.3253491409122944
