times:
  edit-metadata: 1.5204123929142952
  landing: 0.7759543135762215
  view-data: 3.5287419259548187
