times:
  edit-metadata: 1.4189480766654015
  landing: 0.7350922003388405
  view-data: 3.4466188475489616
