times:
  edit-metadata: 1.60528052598238
  landing: 0.7874276787042618
  view-data: 3.484144054353237
