times:
  edit-metadata: 1.4677518084645271
  landing: 0.8699311912059784
  view-data: 3.46741783618927
