times:
  edit-metadata: 1.366791658103466
  landing: 0.74111557751894
  view-data: 3.4295767322182655
