times:
  edit-metadata: 1.4334676712751389
  landing: 1.2423888444900513
  view-data: 3.4878335148096085
