times:
  edit-metadata: 1.415314968675375
  landing: 0.8173777759075165
  view-data: 3.2933614552021027
