times:
  edit-metadata: 1.5137627087533474
  landing: 0.8681134656071663
  view-data: 3.314906980842352
