times:
  edit-metadata: 2.9083875939249992
  landing: 1.5841177627444267
  view-data: 4.140137232840061
