times:
  edit-metadata: 1.493765663355589
  landing: 0.8751131631433964
  view-data: 3.273367900401354
