times:
  edit-metadata: 1.5155061930418015
  landing: 0.7993924170732498
  view-data: 3.393061153590679
