times:
  edit-metadata: 1.3359370678663254
  landing: 0.9440494999289513
  view-data: 3.4911583065986633
