times:
  edit-metadata: 1.5306219197809696
  landing: 0.8649296946823597
  view-data: 3.3439255952835083
