times:
  edit-metadata: 1.5855624452233315
  landing: 0.9152363166213036
  view-data: 3.2936759516596794
