times:
  edit-metadata: 1.430799387395382
  landing: 0.781795009970665
  view-data: 3.415787309408188
