times:
  edit-metadata: 1.4991524741053581
  landing: 0.9569102004170418
  view-data: 3.3657379150390625
