times:
  edit-metadata: 1.4399603307247162
  landing: 0.9102149084210396
  view-data: 3.465811438858509
