times:
  edit-metadata: 1.471541352570057
  landing: 0.8755284883081913
  view-data: 3.2560803219676018
