times:
  edit-metadata: 1.4124017432332039
  landing: 0.8899791389703751
  view-data: 3.3851614221930504
