times:
  edit-metadata: 1.4997287094593048
  landing: 0.7951478287577629
  view-data: 3.5069479271769524
