times:
  edit-metadata: 1.458247259259224
  landing: 0.7730065807700157
  view-data: 3.4814422577619553
