times:
  edit-metadata: 1.4274374470114708
  landing: 0.7572652921080589
  view-data: 3.4503961950540543
