times:
  edit-metadata: 1.6214840784668922
  landing: 0.9304905459284782
  view-data: 3.319477900862694
