times:
  edit-metadata: 1.3707277551293373
  landing: 0.8258766606450081
  view-data: 3.5862298235297203
