times:
  edit-metadata: 1.5073035135865211
  landing: 0.8309984132647514
  view-data: 3.4960170462727547
