times:
  edit-metadata: 1.4002341404557228
  landing: 0.8465958572924137
  view-data: 3.363749720156193
