times:
  edit-metadata: 1.5026215612888336
  landing: 0.8693631291389465
  view-data: 3.481980621814728
