times:
  edit-metadata: 1.4803794883191586
  landing: 0.849121168255806
  view-data: 3.2709542363882065
