times:
  edit-metadata: 1.3662181720137596
  landing: 0.9153268150985241
  view-data: 3.2835663557052612
