times:
  edit-metadata: 1.374731931835413
  landing: 0.9091518372297287
  view-data: 3.265552021563053
