times:
  edit-metadata: 1.4222261309623718
  landing: 0.8191330954432487
  view-data: 3.35041780769825
