times:
  edit-metadata: 1.4138706922531128
  landing: 0.8096756339073181
  view-data: 3.336390398442745
