times:
  edit-metadata: 1.4432888813316822
  landing: 0.9320953600108624
  view-data: 3.276492778211832
