times:
  edit-metadata: 1.553207192569971
  landing: 0.9733263961970806
  view-data: 3.318045623600483
