times:
  edit-metadata: 1.5310699604451656
  landing: 0.9627034477889538
  view-data: 3.264906272292137
