times:
  edit-metadata: 1.471030093729496
  landing: 0.7962619960308075
  view-data: 3.2766894847154617
