times:
  edit-metadata: 1.40020152926445
  landing: 0.7458877488970757
  view-data: 3.474327936768532
