times:
  edit-metadata: 1.6180041134357452
  landing: 0.9133552387356758
  view-data: 3.387686401605606
