times:
  edit-metadata: 1.4339753687381744
  landing: 0.7811143919825554
  view-data: 3.30420058965683
