times:
  edit-metadata: 1.5130943097174168
  landing: 0.9387766383588314
  view-data: 3.2773763202130795
