times:
  edit-metadata: 1.444974273443222
  landing: 0.8459721617400646
  view-data: 3.338284406810999
