times:
  edit-metadata: 1.3835534006357193
  landing: 0.7940793186426163
  view-data: 3.433988980948925
