times:
  edit-metadata: 1.5625337213277817
  landing: 0.8308374807238579
  view-data: 3.317565008997917
