times:
  edit-metadata: 1.5032749585807323
  landing: 0.9211905039846897
  view-data: 3.298560243099928
