times:
  edit-metadata: 1.6732147261500359
  landing: 0.8716084249317646
  view-data: 3.315670248121023
