times:
  edit-metadata: 1.394069567322731
  landing: 0.7884878590703011
  view-data: 3.431091919541359
