times:
  edit-metadata: 1.4621282666921616
  landing: 0.8701222240924835
  view-data: 3.4247938841581345
