times:
  edit-metadata: 1.8641344979405403
  landing: 0.9956305772066116
  view-data: 3.52698864787817
