times:
  edit-metadata: 1.4463307484984398
  landing: 0.868514783680439
  view-data: 3.2783521562814713
