times:
  edit-metadata: 1.3220845013856888
  landing: 0.7230221703648567
  view-data: 3.446223869919777
