times:
  edit-metadata: 1.324515663087368
  landing: 0.7542623579502106
  view-data: 3.4725525826215744
