times:
  edit-metadata: 1.3844857700169086
  landing: 0.9430009312927723
  view-data: 3.3274633958935738
