times:
  edit-metadata: 1.5008933171629906
  landing: 0.7908225506544113
  view-data: 3.3992637768387794
