times:
  edit-metadata: 1.3777721673250198
  landing: 0.8189588040113449
  view-data: 3.3364132568240166
