times:
  edit-metadata: 2.1995835304260254
  landing: 1.474158152937889
  view-data: 3.5426408797502518
