times:
  edit-metadata: 1.3972713202238083
  landing: 0.8255362287163734
  view-data: 3.4577590450644493
