times:
  edit-metadata: 1.480426862835884
  landing: 1.0334508270025253
  view-data: 3.554848290979862
