times:
  edit-metadata: 1.486993283033371
  landing: 0.900158241391182
  view-data: 3.5354986041784286
