times:
  edit-metadata: 1.5358780175447464
  landing: 0.7857332602143288
  view-data: 3.4964543357491493
