times:
  edit-metadata: 1.5313060507178307
  landing: 0.8135712370276451
  view-data: 3.4578997120261192
