times:
  edit-metadata: 1.3964318484067917
  landing: 0.8244094848632812
  view-data: 3.4333068132400513
