times:
  edit-metadata: 1.7216931730508804
  landing: 0.9680824279785156
  view-data: 3.449818693101406
