times:
  edit-metadata: 1.4222189486026764
  landing: 0.7738739103078842
  view-data: 3.4979183822870255
