times:
  edit-metadata: 1.3736009523272514
  landing: 0.9464587792754173
  view-data: 3.484307326376438
