times:
  edit-metadata: 1.420732021331787
  landing: 0.7858177646994591
  view-data: 3.3499634712934494
