times:
  edit-metadata: 1.5772136896848679
  landing: 1.0680392310023308
  view-data: 3.60717311501503
