times:
  edit-metadata: 1.5523555800318718
  landing: 0.9031145572662354
  view-data: 3.5213602408766747
