times:
  edit-metadata: 1.5253811702132225
  landing: 0.8472050651907921
  view-data: 3.4062584042549133
