times:
  edit-metadata: 2.98183374106884
  landing: 1.9027826189994812
  view-data: 3.8725834265351295
