times:
  edit-metadata: 1.438341423869133
  landing: 0.828252948820591
  view-data: 3.502386711537838
