times:
  edit-metadata: 1.4402839094400406
  landing: 0.7333676666021347
  view-data: 3.4209342002868652
