times:
  edit-metadata: 1.5162209123373032
  landing: 0.859864741563797
  view-data: 3.480020761489868
