times:
  edit-metadata: 1.4612049609422684
  landing: 0.8571556061506271
  view-data: 3.5334024280309677
