times:
  edit-metadata: 1.5041296780109406
  landing: 0.9283913299441338
  view-data: 3.520700842142105
