times:
  edit-metadata: 1.4224876314401627
  landing: 0.8647638112306595
  view-data: 3.433550074696541
