times:
  edit-metadata: 1.891155555844307
  landing: 1.34938146173954
  view-data: 3.6987015828490257
