times:
  edit-metadata: 1.3808964788913727
  landing: 0.8639643117785454
  view-data: 3.4434279054403305
