times:
  edit-metadata: 1.5152316838502884
  landing: 0.8907144591212273
  view-data: 3.494608022272587
