times:
  edit-metadata: 1.4168036878108978
  landing: 0.8537504374980927
  view-data: 3.3458686247467995
