times:
  edit-metadata: 1.5444640070199966
  landing: 0.8268639296293259
  view-data: 3.4091454073786736
