times:
  edit-metadata: 1.5129477977752686
  landing: 0.8324155062437057
  view-data: 3.5680725127458572
