times:
  edit-metadata: 1.4639961421489716
  landing: 0.8423246294260025
  view-data: 3.317337282001972
