times:
  edit-metadata: 1.4054532647132874
  landing: 0.946434773504734
  view-data: 3.4381854832172394
