times:
  edit-metadata: 1.4774691015481949
  landing: 0.9081312045454979
  view-data: 3.5042068660259247
