times:
  edit-metadata: 2.4320033714175224
  landing: 1.1318004876375198
  view-data: 3.487780436873436
