times:
  edit-metadata: 1.8338131234049797
  landing: 1.0775297582149506
  view-data: 3.4510682821273804
