times:
  edit-metadata: 1.5240562334656715
  landing: 0.8255315646529198
  view-data: 3.694963723421097
