times:
  edit-metadata: 1.5184814259409904
  landing: 0.7926400527358055
  view-data: 3.519789293408394
