times:
  edit-metadata: 1.4503896534442902
  landing: 0.779190368950367
  view-data: 3.4085384383797646
