times:
  edit-metadata: 1.4219754934310913
  landing: 0.7885619327425957
  view-data: 3.4901187866926193
