times:
  edit-metadata: 2.2096340134739876
  landing: 1.4846442192792892
  view-data: 3.5597086548805237
