times:
  edit-metadata: 1.6036355048418045
  landing: 0.83999153226614
  view-data: 3.515470929443836
