times:
  edit-metadata: 1.4909310787916183
  landing: 0.7948727905750275
  view-data: 3.4865177273750305
