times:
  edit-metadata: 1.9960075616836548
  landing: 1.328611895442009
  view-data: 4.069645993411541
