times:
  edit-metadata: 1.478496827185154
  landing: 0.9413479939103127
  view-data: 3.47887022793293
