times:
  edit-metadata: 1.3754087761044502
  landing: 0.7709999084472656
  view-data: 3.491766206920147
