times:
  edit-metadata: 1.425619050860405
  landing: 0.7722021341323853
  view-data: 3.455474019050598
