times:
  edit-metadata: 1.3665576204657555
  landing: 0.765739418566227
  view-data: 3.3337604701519012
