times:
  edit-metadata: 1.431183010339737
  landing: 0.9033218324184418
  view-data: 3.480640195310116
