times:
  edit-metadata: 1.444563552737236
  landing: 0.8255946263670921
  view-data: 3.3830646872520447
