times:
  edit-metadata: 1.48110943287611
  landing: 0.8076978474855423
  view-data: 3.52951180934906
