times:
  edit-metadata: 1.461022287607193
  landing: 0.8631338626146317
  view-data: 3.4702732264995575
