times:
  edit-metadata: 1.4807710871100426
  landing: 0.9469086453318596
  view-data: 3.509527526795864
