times:
  edit-metadata: 1.8080712333321571
  landing: 1.2576081156730652
  view-data: 3.6405575275421143
