times:
  edit-metadata: 1.3986965417861938
  landing: 0.7922648638486862
  view-data: 3.4060717672109604
