times:
  edit-metadata: 1.4413154944777489
  landing: 0.781616285443306
  view-data: 3.6002037823200226
