times:
  edit-metadata: 1.5665959492325783
  landing: 1.255489744246006
  view-data: 3.5780844911932945
