times:
  edit-metadata: 1.3765595704317093
  landing: 0.7740791738033295
  view-data: 3.5577260479331017
