times:
  edit-metadata: 1.5343844294548035
  landing: 0.7964934036135674
  view-data: 3.3486176282167435
