times:
  edit-metadata: 1.4523270577192307
  landing: 0.8644973859190941
  view-data: 3.482161305844784
