times:
  edit-metadata: 1.5487896129488945
  landing: 0.8315535336732864
  view-data: 3.513194687664509
