times:
  edit-metadata: 1.3464781194925308
  landing: 0.8253124058246613
  view-data: 3.559007450938225
