times:
  edit-metadata: 1.5030718073248863
  landing: 0.86301389336586
  view-data: 3.3341252356767654
