times:
  edit-metadata: 1.4175782725214958
  landing: 0.8615443706512451
  view-data: 3.4134786799550056
