times:
  edit-metadata: 1.446929231286049
  landing: 0.8740437030792236
  view-data: 3.4611635208129883
