times:
  edit-metadata: 1.4455629885196686
  landing: 1.3169056922197342
  view-data: 3.512270487844944
