times:
  landing: 0.552911588000029
  view-data: 0.5588381829999776
