times:
  edit-metadata: 1.3145101917907596
  landing: 0.11759958043694496
  view-data: 0.2063789563253522
