times:
  edit-metadata: 0.5719507047906518
  landing: 0.04654847690835595
  view-data: 0.1905772159807384
