times:
  edit-metadata: 0.4094475610181689
  landing: 0.07060466101393104
  view-data: 0.2009868420427665
