times:
  edit-metadata: 1.4929405488073826
  landing: 0.8479802142828703
  view-data: 3.4240500386804342
