times:
  edit-metadata: 0.4329665959812701
  landing: 0.08380318898707628
  view-data: 0.2045072081964463
