times:
  edit-metadata: 1.5873377854004502
  landing: 0.840001905336976
  view-data: 3.3838882707059383
