times:
  edit-metadata: 0.5318441297858953
  landing: 0.6678303442895412
  view-data: 0.18422649055719376
