times:
  edit-metadata: 0.6090770659939153
  landing: 0.05162067600758746
  view-data: 0.17677526900661178
