times:
  edit-metadata: 0.6580903511494398
  landing: 1.1531882993876934
  view-data: 0.2230825163424015
