times:
  edit-metadata: 1.3755270149558783
  landing: 0.01991890463978052
  view-data: 0.024327185936272144
