times:
  edit-metadata: 1.425901709124446
  landing: 0.1382494755089283
  view-data: 0.0563754066824913
