times:
  edit-metadata: 0.4543693820014596
  landing: 0.04524040408432484
  view-data: 0.20583949517458677
