times:
  edit-metadata: 0.5592398589942604
  landing: 0.10508100999868475
  view-data: 0.2512018159904983
