times:
  edit-metadata: 0.6096050250343978
  landing: 0.03860395902302116
  view-data: 0.18964417895767838
