times:
  edit-metadata: 1.5368980774655938
  landing: 0.7781042149290442
  view-data: 3.344301799312234
