times:
  edit-metadata: 1.3084051692858338
  landing: 0.12231102865189314
  view-data: 0.3694841964170337
