times:
  edit-metadata: 0.479256683960557
  landing: 0.811529753729701
  view-data: 0.290151946246624
