times:
  edit-metadata: 0.5050352141261101
  landing: 0.04691992327570915
  view-data: 0.19186284393072128
