times:
  edit-metadata: 1.775275676511228
  landing: 1.3830060753971338
  view-data: 3.3440313395112753
