times:
  edit-metadata: 0.6030680949334055
  landing: 0.044105291133746505
  view-data: 0.18418711493723094
