times:
  edit-metadata: 1.5769592300057411
  landing: 0.019971925765275955
  view-data: 0.38327114284038544
