times:
  edit-metadata: 1.3101490829139948
  landing: 0.019086571410298347
  view-data: 0.31660498306155205
