times:
  edit-metadata: 1.530546847730875
  landing: 0.7757192309945822
  view-data: 3.4436188973486423
