times:
  edit-metadata: 1.3334793103858829
  landing: 0.12446051836013794
  view-data: 0.3874891949817538
