times:
  landing: 0.5546010759999831
  view-data: 0.5533024860000069
