times:
  edit-metadata: 1.574191864579916
  landing: 0.8757571130990982
  view-data: 3.4062534607946873
