times:
  edit-metadata: 1.360712580382824
  landing: 0.21897937171161175
  view-data: 0.02721141092479229
