times:
  edit-metadata: 0.5101493615657091
  landing: 0.8356662299484015
  view-data: 0.30772457271814346
