times:
  edit-metadata: 1.5349941030144691
  landing: 0.03661426529288292
  view-data: 0.3316388074308634
