times:
  edit-metadata: 0.525772999972105
  landing: 0.8527670949697495
  view-data: 0.31381480395793915
