times:
  landing: 0.5535099410000157
  view-data: 0.5602081209999596
