times:
  edit-metadata: 0.7022446119226515
  landing: 0.041646358906291425
  view-data: 0.1963808339787647
