times:
  landing: 0.562669728000003
  view-data: 0.5691056249999633
