times:
  edit-metadata: 0.622554403002141
  landing: 0.04170278299716301
  view-data: 0.19351280000410043
