times:
  edit-metadata: 1.8071285588666797
  landing: 0.8567741878796369
  view-data: 3.3674344851169735
