times:
  landing: 0.5550262620000694
  view-data: 0.5547952590000023
