times:
  edit-metadata: 1.2894737971946597
  landing: 0.022095688618719578
  view-data: 0.11984755750745535
