times:
  edit-metadata: 0.6312013566493988
  landing: 0.5469001363962889
  view-data: 0.2057256493717432
