times:
  edit-metadata: 0.4906857740134001
  landing: 0.5584996361285448
  view-data: 0.1943218782544136
