times:
  landing: 1.0763927629999444
  view-data: 0.5626981579999892
