times:
  edit-metadata: 1.604138432070613
  landing: 0.31019771099090576
  view-data: 0.032756268978118896
