times:
  edit-metadata: 1.303876105695963
  landing: 0.01950404793024063
  view-data: 0.3517464902251959
