times:
  edit-metadata: 0.4575410489924252
  landing: 0.04247853113338351
  view-data: 0.197256273124367
