times:
  landing: 1.0743259129999387
  view-data: 0.5570918170000141
