times:
  edit-metadata: 2.175298882648349
  landing: 1.1539723314344883
  view-data: 3.4300197288393974
