times:
  edit-metadata: 0.4407589458860457
  landing: 0.06862007803283632
  view-data: 0.21123967203311622
