times:
  edit-metadata: 1.5549198482185602
  landing: 0.8133526388555765
  view-data: 3.42008944042027
