times:
  edit-metadata: 0.6668233299860731
  landing: 0.04517711605876684
  view-data: 0.20053869800176471
