times:
  edit-metadata: 0.5764165959553793
  landing: 0.05645846691913903
  view-data: 0.17683959298301488
