times:
  landing: 0.5541241089999858
  view-data: 0.5513720849999686
