times:
  edit-metadata: 0.5364745147526264
  landing: 0.045009538531303406
  view-data: 0.1878276988863945
