times:
  landing: 0.5427467690000185
  view-data: 0.5469857159999947
