times:
  edit-metadata: 0.49665998853743076
  landing: 0.04497233219444752
  view-data: 0.19851764757186174
