times:
  edit-metadata: 1.372115544974804
  landing: 0.022472607903182507
  view-data: 0.024713153019547462
