times:
  edit-metadata: 0.5123125538229942
  landing: 0.04998239502310753
  view-data: 0.18907880783081055
