times:
  edit-metadata: 1.5174708627164364
  landing: 0.2727778796106577
  view-data: 0.15911204740405083
