times:
  edit-metadata: 0.4240257488563657
  landing: 0.054375046864151955
  view-data: 0.20053502405062318
