times:
  edit-metadata: 0.4543991549871862
  landing: 0.05182923306711018
  view-data: 0.20575799397192895
