times:
  edit-metadata: 1.3361094929277897
  landing: 0.7277351720258594
  view-data: 3.293514576740563
