times:
  edit-metadata: 0.5995153360127006
  landing: 0.044200618023751304
  view-data: 0.1895714139973279
