times:
  edit-metadata: 0.6063357850071043
  landing: 0.044349492993205786
  view-data: 0.1937848599627614
