times:
  edit-metadata: 0.6651606269879267
  landing: 0.054093393962830305
  view-data: 0.19682385999476537
