times:
  edit-metadata: 1.4195464104413986
  landing: 0.880281887948513
  view-data: 3.346190694719553
