times:
  edit-metadata: 1.4649187037721276
  landing: 0.8016759008169174
  view-data: 3.4017684129066765
