times:
  edit-metadata: 1.5789193119853735
  landing: 0.7909371890127659
  view-data: 3.428477583453059
