times:
  edit-metadata: 0.44647993985563517
  landing: 0.041346121579408646
  view-data: 0.2020460134372115
