times:
  edit-metadata: 0.4104538168758154
  landing: 0.046637842897325754
  view-data: 0.1926388838328421
