times:
  landing: 0.5493445029999862
  view-data: 0.5558823509999797
