times:
  edit-metadata: 0.5414424538612366
  landing: 0.04191849008202553
  view-data: 0.19087089598178864
