times:
  edit-metadata: 1.973405322059989
  landing: 0.022350745275616646
  view-data: 0.3528445456176996
