times:
  edit-metadata: 2.220384747721255
  landing: 1.2658345075324178
  view-data: 3.9196369275450706
