times:
  landing: 1.1111442920000059
  view-data: 0.5579782990000126
