times:
  edit-metadata: 0.523266043048352
  landing: 0.05782163515686989
  view-data: 0.20696217007935047
