times:
  edit-metadata: 1.8477871902287006
  landing: 0.8463297188282013
  view-data: 3.469522502273321
