times:
  edit-metadata: 1.6648402400314808
  landing: 1.067510586231947
  view-data: 3.3298367597162724
