times:
  edit-metadata: 1.5320037361234426
  landing: 0.85920574888587
  view-data: 3.331357082352042
