times:
  edit-metadata: 0.45297395810484886
  landing: 0.04360028728842735
  view-data: 0.20673544611781836
