times:
  edit-metadata: 0.4634585599415004
  landing: 0.04542997386306524
  view-data: 0.19624002184718847
