times:
  edit-metadata: 1.418968603014946
  landing: 0.8005418963730335
  view-data: 3.303480874747038
