times:
  edit-metadata: 1.4526212709024549
  landing: 0.7687635319307446
  view-data: 3.300679703243077
