times:
  landing: 0.5607816680000042
  view-data: 0.5599515279999991
