times:
  edit-metadata: 1.4674183875322342
  landing: 0.8035341762006283
  view-data: 3.305579375475645
