times:
  edit-metadata: 1.4415632709860802
  landing: 0.7564182318747044
  view-data: 3.355659456923604
