times:
  edit-metadata: 0.42005802399944514
  landing: 0.06924891198286787
  view-data: 0.20689237397164106
