times:
  edit-metadata: 0.6628169640898705
  landing: 0.05145743186585605
  view-data: 0.1854490269906819
