times:
  landing: 1.0763080360000004
  view-data: 0.5626194190000433
