times:
  edit-metadata: 1.5834156572818756
  landing: 0.8865704201161861
  view-data: 3.34775947406888
