times:
  edit-metadata: 1.3387091299518943
  landing: 0.021315167658030987
  view-data: 0.02797519788146019
