times:
  edit-metadata: 0.5240446249954402
  landing: 0.10520286485552788
  view-data: 0.296381575986743
