times:
  edit-metadata: 1.2995289582759142
  landing: 0.11597937159240246
  view-data: 0.43530567549169064
