times:
  edit-metadata: 0.45336626563221216
  landing: 0.05092960363253951
  view-data: 0.19185337610542774
