times:
  landing: 0.5430830640000295
  view-data: 0.5489021010000101
