times:
  edit-metadata: 1.3671759217977524
  landing: 0.8656260892748833
  view-data: 3.387209352105856
