times:
  edit-metadata: 1.6955304089933634
  landing: 0.025036398321390152
  view-data: 0.024998346343636513
