times:
  edit-metadata: 0.5842296611517668
  landing: 0.6046703793108463
  view-data: 0.19091758504509926
