times:
  edit-metadata: 1.2831198200583458
  landing: 0.021361256949603558
  view-data: 0.02782187983393669
