times:
  edit-metadata: 1.5818493906408548
  landing: 0.7185536213219166
  view-data: 3.4111466202884912
