times:
  edit-metadata: 1.3003324642777443
  landing: 0.019471853971481323
  view-data: 0.14928954001516104
