times:
  edit-metadata: 0.49451217520982027
  landing: 0.05249520018696785
  view-data: 0.19615771435201168
