times:
  landing: 0.5597804550000092
  view-data: 0.5566936390000592
