times:
  edit-metadata: 0.6018369010125753
  landing: 0.04339806501229759
  view-data: 0.1921054760023253
