times:
  landing: 0.5510948080000162
  view-data: 0.5575663120000058
