times:
  edit-metadata: 1.3188174003735185
  landing: 0.13969723600894213
  view-data: 0.024457125924527645
