times:
  edit-metadata: 0.5115623772144318
  landing: 0.04029066488146782
  view-data: 0.19728323444724083
