times:
  edit-metadata: 1.279633890837431
  landing: 0.021737301722168922
  view-data: 0.11570008657872677
