times:
  landing: 0.5486645590000023
  view-data: 0.5464519340000038
