times:
  edit-metadata: 1.6244194209575653
  landing: 0.9827959723770618
  view-data: 3.462961968034506
