times:
  edit-metadata: 1.3044254072010517
  landing: 0.13282167725265026
  view-data: 0.3572092382237315
