times:
  edit-metadata: 1.2685479950159788
  landing: 0.019529755227267742
  view-data: 0.027548528276383877
