times:
  edit-metadata: 1.700415387749672
  landing: 1.1568623259663582
  view-data: 3.389822728931904
