times:
  edit-metadata: 0.41569202102255076
  landing: 0.06710507202660665
  view-data: 0.2208295239834115
