times:
  edit-metadata: 1.5889901276677847
  landing: 0.8264593873172998
  view-data: 3.5460406206548214
