times:
  edit-metadata: 0.45490575302392244
  landing: 0.04265384189784527
  view-data: 0.19759760983288288
