times:
  edit-metadata: 0.5147612132132053
  landing: 0.07317276298999786
  view-data: 0.18389171920716763
