times:
  landing: 0.5566162290000136
  view-data: 0.049682181999997965
