times:
  edit-metadata: 1.2739763064309955
  landing: 0.0203702999278903
  view-data: 0.12533815391361713
