times:
  edit-metadata: 1.281410208903253
  landing: 0.021546374075114727
  view-data: 0.12293915171176195
