times:
  edit-metadata: 1.4031412545591593
  landing: 0.020819172263145447
  view-data: 0.028067098930478096
