times:
  landing: 0.5501908269999944
  view-data: 0.5524670529999867
