times:
  edit-metadata: 1.5418990142643452
  landing: 0.7441336140036583
  view-data: 3.418925490230322
