times:
  edit-metadata: 0.4620348517782986
  landing: 0.05072141485288739
  view-data: 0.2054533390328288
