times:
  edit-metadata: 0.6050943750888109
  landing: 0.045091838110238314
  view-data: 0.1931638428941369
