times:
  edit-metadata: 1.3107638182118535
  landing: 0.01872070599347353
  view-data: 0.19356606248766184
