times:
  edit-metadata: 0.45710320631042123
  landing: 0.037877236027270555
  view-data: 0.18831089418381453
