times:
  edit-metadata: 0.6218923535197973
  landing: 0.6030988935381174
  view-data: 0.18718245811760426
