times:
  edit-metadata: 0.489554513245821
  landing: 1.0938144978135824
  view-data: 0.6217463426291943
