times:
  edit-metadata: 1.3470112644135952
  landing: 0.04313148185610771
  view-data: 0.02675023302435875
