times:
  edit-metadata: 1.7732192389667034
  landing: 1.0522616878151894
  view-data: 3.5120530799031258
