times:
  edit-metadata: 0.6381187619990669
  landing: 0.04280381801072508
  view-data: 0.1964073830167763
