times:
  edit-metadata: 0.4126221628393978
  landing: 0.09060785407200456
  view-data: 0.2026140820235014
