times:
  edit-metadata: 1.544761911034584
  landing: 0.028086848556995392
  view-data: 0.33603132143616676
