times:
  landing: 0.5488088740000876
  view-data: 0.5563171430001148
