times:
  edit-metadata: 1.5840571764856577
  landing: 0.27273471280932426
  view-data: 0.4106443803757429
