times:
  edit-metadata: 0.5076804850250483
  landing: 0.06742213014513254
  view-data: 0.21458159806206822
