times:
  edit-metadata: 0.5049081705510616
  landing: 0.04210358485579491
  view-data: 0.19391001388430595
