times:
  edit-metadata: 0.6229164840187877
  landing: 0.04696368984878063
  view-data: 0.1957290810532868
