times:
  edit-metadata: 1.5874116756021976
  landing: 0.23719981126487255
  view-data: 0.26186793111264706
