times:
  edit-metadata: 0.5109638515859842
  landing: 0.9148898757994175
  view-data: 0.300314923748374
