times:
  edit-metadata: 1.5440064761787653
  landing: 0.7681084014475346
  view-data: 3.39023950509727
