times:
  edit-metadata: 0.41743510542437434
  landing: 0.062182136345654726
  view-data: 0.20365745667368174
