times:
  edit-metadata: 1.5715735349804163
  landing: 0.7388066556304693
  view-data: 3.390789384022355
