times:
  landing: 1.0619344229999683
  view-data: 0.5536782199999948
