times:
  edit-metadata: 0.5903875716030598
  landing: 0.5485866740345955
  view-data: 0.19094090722501278
