times:
  landing: 0.552454609999927
  view-data: 0.5535926180000388
