times:
  edit-metadata: 0.6889737430028617
  landing: 0.05166897992603481
  view-data: 0.18802775908261538
