times:
  edit-metadata: 1.4938313541933894
  landing: 0.8568979147821665
  view-data: 3.3502908144146204
