times:
  edit-metadata: 0.6317689020652324
  landing: 0.045741574140265584
  view-data: 0.18557467893697321
