times:
  edit-metadata: 0.5294119454920292
  landing: 0.7690561208873987
  view-data: 0.3022707384079695
