times:
  edit-metadata: 1.576224461197853
  landing: 0.7510721925646067
  view-data: 3.397203531116247
