times:
  landing: 0.5525298500001554
  view-data: 0.555985370000144
