times:
  edit-metadata: 0.45590304999495856
  landing: 0.05150858999695629
  view-data: 0.20354718501039315
