times:
  landing: 0.5517616839999846
  view-data: 0.550019275000011
