times:
  landing: 0.5490956909999909
  view-data: 0.5658266159999812
