times:
  edit-metadata: 0.4717468018643558
  landing: 0.04423426417633891
  view-data: 0.19518630113452673
