times:
  edit-metadata: 1.5412862990051508
  landing: 0.73674644716084
  view-data: 3.4243824426084757
