times:
  edit-metadata: 1.3010230148211122
  landing: 0.16505642980337143
  view-data: 0.02703459933400154
