times:
  edit-metadata: 0.6103382719447836
  landing: 0.03888531494885683
  view-data: 0.18983914202544838
