times:
  landing: 0.5548811829999636
  view-data: 0.5541418160000262
