times:
  landing: 0.554977249999979
  view-data: 0.5551344520000043
