times:
  edit-metadata: 1.5559990275651217
  landing: 0.45348581299185753
  view-data: 0.3472849056124687
