times:
  edit-metadata: 0.724015103187412
  landing: 0.055027865804731846
  view-data: 0.3147694510407746
