times:
  edit-metadata: 0.5750080123543739
  landing: 0.6024532355368137
  view-data: 0.1901976615190506
