times:
  landing: 0.548569265000026
  view-data: 0.5570398319999867
