times:
  edit-metadata: 0.4990992918610573
  landing: 0.06212295964360237
  view-data: 0.28660676581785083
