times:
  edit-metadata: 1.3737433087080717
  landing: 0.1626578252762556
  view-data: 0.026567108929157257
