times:
  landing: 0.5635279520000154
  view-data: 0.557803726000003
