times:
  landing: 0.5541956409999784
  view-data: 0.05575375600000143
