times:
  edit-metadata: 0.4106141650117934
  landing: 0.0726960611063987
  view-data: 0.20217137993313372
