times:
  landing: 0.5539676000000213
  view-data: 0.5543485000000032
