times:
  edit-metadata: 0.5985124055296183
  landing: 0.8118713591247797
  view-data: 0.5324850212782621
