times:
  edit-metadata: 0.5351455919444561
  landing: 0.04830695316195488
  view-data: 0.19494742527604103
