times:
  edit-metadata: 0.4635807229205966
  landing: 0.04261630726978183
  view-data: 0.20263578090816736
