times:
  edit-metadata: 1.2989395521581173
  landing: 0.023304183036088943
  view-data: 0.13780774176120758
