times:
  edit-metadata: 1.5546132810413837
  landing: 0.796609902754426
  view-data: 3.4287792770192027
