times:
  landing: 0.5467486809999969
  view-data: 0.5548986809999974
