times:
  edit-metadata: 1.5686329454183578
  landing: 0.7814174145460129
  view-data: 3.387444034218788
