times:
  edit-metadata: 1.2822163691744208
  landing: 0.01930242497473955
  view-data: 0.027046381495893
