times:
  landing: 0.5629399850000141
  view-data: 0.557844450999994
