times:
  edit-metadata: 0.47260255366563797
  landing: 0.3953914698213339
  view-data: 0.3185409512370825
