times:
  edit-metadata: 0.5033205971121788
  landing: 0.04478319501504302
  view-data: 0.19819178618490696
