times:
  edit-metadata: 1.474304573610425
  landing: 0.750446243211627
  view-data: 3.361515556462109
