times:
  edit-metadata: 0.40855452278628945
  landing: 0.06659947196021676
  view-data: 0.20651942072436213
