times:
  edit-metadata: 0.5279858838766813
  landing: 0.6004660632461309
  view-data: 0.1976951640099287
