times:
  edit-metadata: 0.5136315487325191
  landing: 0.051391832530498505
  view-data: 0.18738104403018951
