times:
  edit-metadata: 1.3659656764939427
  landing: 0.02005889732390642
  view-data: 0.026740359142422676
