times:
  edit-metadata: 0.473701860755682
  landing: 0.04453035444021225
  view-data: 0.2098355209454894
