times:
  edit-metadata: 0.4575909459963441
  landing: 0.042493874207139015
  view-data: 0.20136339217424393
