times:
  landing: 0.5506116529999758
  view-data: 0.5538979239999549
