times:
  edit-metadata: 0.414441161963623
  landing: 0.06461555301211774
  view-data: 0.20298821397591382
