times:
  landing: 0.5525109099999668
  view-data: 0.5582633469999791
