times:
  edit-metadata: 0.6635901108384132
  landing: 0.8970803152769804
  view-data: 0.3190630469471216
