times:
  edit-metadata: 0.5005774479359388
  landing: 0.15722164837643504
  view-data: 0.2798590809106827
