times:
  edit-metadata: 1.3595315979328007
  landing: 1.2566256719874218
  view-data: 3.3358628570567816
