times:
  edit-metadata: 1.5021402610000223
  landing: 0.763646048028022
  view-data: 3.4146682829596102
