times:
  landing: 0.5547593199999596
  view-data: 0.5595097220000298
