times:
  edit-metadata: 1.2573709469288588
  landing: 0.019563211128115654
  view-data: 0.09837284125387669
