times:
  landing: 0.5497202060000177
  view-data: 0.5503993419999915
