times:
  edit-metadata: 0.5929852402769029
  landing: 0.04611421702429652
  view-data: 0.19025971600785851
