times:
  edit-metadata: 0.4100810359814204
  landing: 0.06700793298659846
  view-data: 0.20771350100403652
