times:
  edit-metadata: 1.7196554206311703
  landing: 0.3111317101866007
  view-data: 0.15735328197479248
