times:
  edit-metadata: 0.4786062890198082
  landing: 0.05396962002851069
  view-data: 0.2070357189513743
