times:
  edit-metadata: 1.5593456476926804
  landing: 0.8773812763392925
  view-data: 3.4323210678994656
