times:
  edit-metadata: 1.3717823680490255
  landing: 0.14963272586464882
  view-data: 0.02310292888432741
