times:
  edit-metadata: 1.5673456210643053
  landing: 0.6796837393194437
  view-data: 3.374756233766675
