times:
  edit-metadata: 0.47520638816058636
  landing: 0.04798698332160711
  view-data: 0.1998656508512795
