times:
  edit-metadata: 1.8042739369993797
  landing: 0.2503991500016127
  view-data: 0.5216537859996606
