times:
  edit-metadata: 0.5276398751884699
  landing: 0.5719113182276487
  view-data: 0.5846492517739534
