times:
  edit-metadata: 0.4398370732087642
  landing: 0.05694552813656628
  view-data: 0.20283810002729297
