times:
  edit-metadata: 0.5409550983458757
  landing: 0.5861413106322289
  view-data: 0.19147510826587677
