times:
  edit-metadata: 0.6053280644118786
  landing: 0.6518702358007431
  view-data: 0.3148833457380533
