times:
  edit-metadata: 0.6773953600786626
  landing: 0.10190224507823586
  view-data: 0.2120812158100307
