times:
  landing: 0.5452231140000094
  view-data: 0.5470791500000018
