times:
  edit-metadata: 1.6654173396527767
  landing: 0.6864721793681383
  view-data: 3.399715408682823
