times:
  edit-metadata: 1.289561060257256
  landing: 0.021129007451236248
  view-data: 0.09975689556449652
