times:
  edit-metadata: 1.388886058703065
  landing: 0.678669136017561
  view-data: 3.329759296029806
