times:
  edit-metadata: 1.4183686077594757
  landing: 0.15173385478556156
  view-data: 0.026699554175138474
