times:
  edit-metadata: 0.5655338242650032
  landing: 0.04903669282793999
  view-data: 0.1922021545469761
