times:
  edit-metadata: 0.4404255549889058
  landing: 0.0655568961519748
  view-data: 0.19506802689284086
