times:
  edit-metadata: 0.4414759799838066
  landing: 0.04386578965932131
  view-data: 0.18495109677314758
