times:
  edit-metadata: 1.4283103868365288
  landing: 0.20957649499177933
  view-data: 0.14689576253294945
