times:
  edit-metadata: 0.5174548178911209
  landing: 0.03795580193400383
  view-data: 0.19459284096956253
