times:
  edit-metadata: 0.5180028680479154
  landing: 0.059352723066695035
  view-data: 0.21232390799559653
