times:
  edit-metadata: 1.2681135581806302
  landing: 0.12215113919228315
  view-data: 0.1213184604421258
