times:
  edit-metadata: 0.4202290242537856
  landing: 0.05706355394795537
  view-data: 0.215795555151999
