times:
  landing: 0.5764416279999978
  view-data: 0.6014129860000139
