times:
  edit-metadata: 1.8127802666276693
  landing: 1.0633547389879823
  view-data: 3.5812188908457756
