times:
  edit-metadata: 1.3095611343160272
  landing: 0.020110437646508217
  view-data: 0.1240306906402111
