times:
  edit-metadata: 0.5243897810578346
  landing: 0.6481033451855183
  view-data: 0.1924548503011465
