times:
  landing: 0.5508519500000375
  view-data: 0.5879578970000239
