times:
  edit-metadata: 1.4771331753581762
  landing: 0.28208966739475727
  view-data: 0.44684386625885963
