times:
  edit-metadata: 1.3742831647396088
  landing: 0.01914318837225437
  view-data: 0.4788353368639946
