times:
  landing: 0.5562444989999449
  view-data: 0.5527147589999686
