times:
  edit-metadata: 0.6193342570913956
  landing: 0.045454877079464495
  view-data: 0.1977267189649865
