times:
  landing: 1.0896450790000358
  view-data: 0.5606472659999895
