times:
  edit-metadata: 1.2703966433182359
  landing: 0.021370364353060722
  view-data: 0.11952990014106035
