times:
  edit-metadata: 0.42803731467574835
  landing: 0.05231351312249899
  view-data: 0.20334711857140064
