times:
  edit-metadata: 1.5418749991804361
  landing: 0.736975597217679
  view-data: 3.402065819129348
