times:
  edit-metadata: 1.426351334899664
  landing: 0.8796247355639935
  view-data: 3.3725052177906036
