times:
  edit-metadata: 1.4283352019265294
  landing: 0.7637627189978957
  view-data: 3.3803018471226096
