times:
  edit-metadata: 0.5174079239950515
  landing: 0.043958686001133174
  view-data: 0.21159330499358475
