times:
  landing: 0.549306032000004
  view-data: 0.5625200150000182
