times:
  edit-metadata: 0.7432510149665177
  landing: 0.10483857616782188
  view-data: 0.2732068970799446
