times:
  edit-metadata: 0.4323894919361919
  landing: 0.049466831842437387
  view-data: 0.20906303403899074
