times:
  edit-metadata: 1.485426101833582
  landing: 0.769446827005595
  view-data: 3.3629182022996247
