times:
  edit-metadata: 2.4765699803829193
  landing: 1.2102105915546417
  view-data: 3.4648457374423742
