times:
  edit-metadata: 0.511172465980053
  landing: 1.038467487320304
  view-data: 0.34079952724277973
