times:
  edit-metadata: 0.44274369394406676
  landing: 0.040870515163987875
  view-data: 0.19407685613259673
