times:
  edit-metadata: 1.2692918600514531
  landing: 0.17659128364175558
  view-data: 0.024816301651299
