times:
  edit-metadata: 1.3910297378897667
  landing: 0.767796341329813
  view-data: 3.291422873735428
