times:
  edit-metadata: 1.4094770289957523
  landing: 0.021750614047050476
  view-data: 0.30845880694687366
