times:
  edit-metadata: 1.5278118569403887
  landing: 0.9162152241915464
  view-data: 3.4396259412169456
