times:
  edit-metadata: 1.7977931881323457
  landing: 0.019846947863698006
  view-data: 0.047645725309848785
