times:
  landing: 1.5879126230000224
  view-data: 0.5550567930000057
