times:
  landing: 1.0950859250000349
  view-data: 0.5545728590000181
