times:
  edit-metadata: 1.2694472763687372
  landing: 0.021622512489557266
  view-data: 0.0964940283447504
