times:
  edit-metadata: 1.5820355527102947
  landing: 0.8995786681771278
  view-data: 3.3896560929715633
