times:
  landing: 1.0768091010000376
  view-data: 0.5544885950000094
