times:
  edit-metadata: 1.4868679596111178
  landing: 0.7749806120991707
  view-data: 3.604616657830775
