times:
  edit-metadata: 0.421129320980981
  landing: 0.07065585197415203
  view-data: 0.2230502930469811
