times:
  edit-metadata: 1.5109314611181617
  landing: 0.874781746417284
  view-data: 3.4357990929856896
