times:
  edit-metadata: 1.3693932993337512
  landing: 0.11681988928467035
  view-data: 0.026180781424045563
