times:
  edit-metadata: 0.5938954837620258
  landing: 1.635337708517909
  view-data: 0.4610890429466963
