times:
  edit-metadata: 1.564201194792986
  landing: 3.3056696839630604
  view-data: 3.420462066307664
