times:
  edit-metadata: 0.606852452037856
  landing: 0.050667516014073044
  view-data: 0.21290652797324583
