times:
  edit-metadata: 1.279356200248003
  landing: 0.02212239895015955
  view-data: 0.0243881493806839
