times:
  edit-metadata: 0.822313692420721
  landing: 1.118380619212985
  view-data: 0.5850848704576492
