times:
  edit-metadata: 1.7721435679122806
  landing: 0.019441327080130577
  view-data: 0.4070682693272829
