times:
  edit-metadata: 1.2853319952264428
  landing: 0.025524629279971123
  view-data: 0.023648829199373722
