times:
  edit-metadata: 0.6200438099913299
  landing: 0.047570534981787205
  view-data: 0.19875788502395153
