times:
  edit-metadata: 0.48300484009087086
  landing: 0.7970238476991653
  view-data: 0.19576799683272839
