times:
  edit-metadata: 1.6274426467716694
  landing: 1.0583808347582817
  view-data: 3.4361114762723446
