times:
  landing: 0.5504511100000116
  view-data: 0.5545402609999996
