times:
  edit-metadata: 1.6707587726414204
  landing: 0.788632445037365
  view-data: 3.3725096117705107
