times:
  landing: 1.0612961680000126
  view-data: 0.55771419499996
