times:
  edit-metadata: 0.5394424237310886
  landing: 0.05048171058297157
  view-data: 0.2003665417432785
