times:
  edit-metadata: 1.670342932920903
  landing: 0.9364636447280645
  view-data: 3.4712134301662445
