times:
  edit-metadata: 0.4538986859843135
  landing: 0.0412531653419137
  view-data: 0.190640976652503
