times:
  edit-metadata: 1.254995908588171
  landing: 0.02125720866024494
  view-data: 0.41230981703847647
