times:
  edit-metadata: 0.4274435881525278
  landing: 0.05671296897344291
  view-data: 0.20455826097168028
