times:
  edit-metadata: 0.44885943830013275
  landing: 0.0401325486600399
  view-data: 0.21580094285309315
