times:
  edit-metadata: 1.2877936251461506
  landing: 0.115146080031991
  view-data: 0.024739877320826054
