times:
  edit-metadata: 0.5652554854750633
  landing: 0.579879442229867
  view-data: 0.6022742744535208
