times:
  edit-metadata: 1.4489956945180893
  landing: 0.6712986044585705
  view-data: 3.6951248589903116
