times:
  edit-metadata: 1.5460586100816727
  landing: 1.018770955502987
  view-data: 3.4202239215373993
