times:
  edit-metadata: 1.2830410683527589
  landing: 0.02147049643099308
  view-data: 0.12855423521250486
