times:
  landing: 1.0693593249999935
  view-data: 0.557744318999994
