times:
  edit-metadata: 1.3148388285189867
  landing: 0.14217850007116795
  view-data: 0.02643147110939026
