times:
  edit-metadata: 1.44412961602211
  landing: 0.8515543788671494
  view-data: 3.4545872174203396
