times:
  landing: 0.5399413430000095
  view-data: 0.5421699699999181
