times:
  edit-metadata: 0.6463554999791086
  landing: 0.04169134795665741
  view-data: 0.19859122205525637
