times:
  landing: 1.0752227539999808
  view-data: 0.5600213440000061
