times:
  edit-metadata: 1.2901808703318238
  landing: 0.02046137861907482
  view-data: 0.02840722445398569
