times:
  edit-metadata: 0.43896851502358913
  landing: 0.04465760290622711
  view-data: 0.19354087905958295
