times:
  edit-metadata: 1.781326756812632
  landing: 0.8875754587352276
  view-data: 3.429690354503691
