times:
  landing: 0.5457232710000426
  view-data: 0.5493627699999024
