times:
  landing: 0.555917007000005
  view-data: 0.5551231970000003
