times:
  edit-metadata: 0.5093848332762718
  landing: 0.04467518627643585
  view-data: 0.19861847534775734
