times:
  edit-metadata: 2.8550653159618378
  landing: 1.3483650125563145
  view-data: 3.7422310821712017
