times:
  edit-metadata: 1.4182133246213198
  landing: 0.8593746917322278
  view-data: 3.3614251874387264
