times:
  edit-metadata: 1.401953624561429
  landing: 0.27922647073864937
  view-data: 0.029377395287156105
