times:
  landing: 0.5466460869999992
  view-data: 0.5468882899999983
