times:
  edit-metadata: 0.5410717092454433
  landing: 0.4562082551419735
  view-data: 0.19602198339998722
