times:
  edit-metadata: 1.347342954017222
  landing: 0.02015529479831457
  view-data: 0.1834082417190075
