times:
  edit-metadata: 0.506779371004086
  landing: 0.0818366429884918
  view-data: 0.2140356790041551
