times:
  landing: 0.561414501999991
  view-data: 0.5629299380000248
