times:
  edit-metadata: 1.3631102740764618
  landing: 0.020429139956831932
  view-data: 0.14197512529790401
