times:
  edit-metadata: 1.3367656311020255
  landing: 0.13588944915682077
  view-data: 0.024699454195797443
