times:
  landing: 0.544966691999889
  view-data: 0.5462502850000419
