times:
  edit-metadata: 0.4593735821545124
  landing: 0.03943951893597841
  view-data: 0.19814440235495567
