times:
  edit-metadata: 1.6161821521818638
  landing: 1.0370362550020218
  view-data: 3.472870100289583
