times:
  edit-metadata: 0.506877091997012
  landing: 0.06669734600291122
  view-data: 0.19794573499530088
