times:
  edit-metadata: 0.48977784626185894
  landing: 0.5490805841982365
  view-data: 0.31626571901142597
