times:
  edit-metadata: 0.4041899119038135
  landing: 0.07335653505288064
  view-data: 0.2048872229643166
