times:
  edit-metadata: 1.320393175818026
  landing: 0.021380063146352768
  view-data: 0.02606507297605276
