times:
  edit-metadata: 1.466346226632595
  landing: 0.786419877782464
  view-data: 3.319846348837018
