times:
  edit-metadata: 0.44054244738072157
  landing: 0.04238903056830168
  view-data: 0.19915675092488527
