times:
  edit-metadata: 1.4892748333513737
  landing: 0.8106750138103962
  view-data: 3.343279968947172
