times:
  edit-metadata: 1.4313941281288862
  landing: 0.02142525650560856
  view-data: 0.2911312635987997
