times:
  edit-metadata: 1.7410621792078018
  landing: 0.15666726417839527
  view-data: 0.34470623172819614
