times:
  edit-metadata: 0.6207259499933571
  landing: 0.04898320301435888
  view-data: 0.19299792707897723
