times:
  landing: 0.5625357849999659
  view-data: 0.5611591779999685
