times:
  edit-metadata: 1.6587172206491232
  landing: 0.285542456433177
  view-data: 0.1688701193779707
