times:
  edit-metadata: 1.5165389738976955
  landing: 0.899147555232048
  view-data: 3.4362528137862682
