times:
  edit-metadata: 1.4487753994762897
  landing: 0.8341376185417175
  view-data: 3.3569698818027973
