times:
  edit-metadata: 2.1319113560020924
  landing: 0.9936265088617802
  view-data: 3.4567753076553345
