times:
  landing: 1.0646301259999973
  view-data: 0.5493374459999814
