times:
  edit-metadata: 2.0080179944634438
  landing: 1.0049170404672623
  view-data: 3.3611187487840652
