times:
  landing: 1.1407374460000028
  view-data: 0.5539389409999558
