times:
  landing: 1.6524241957813501
  view-data: 0.5730123817920685
