times:
  edit-metadata: 0.49573475000033795
  landing: 0.04114281900001515
  view-data: 0.31628075600019656
