times:
  edit-metadata: 0.45015331311151385
  landing: 0.039392284117639065
  view-data: 0.21755648590624332
