times:
  edit-metadata: 1.4109785333275795
  landing: 1.0589898526668549
  view-data: 3.341129895299673
