times:
  edit-metadata: 0.4880740102380514
  landing: 0.07527552731335163
  view-data: 0.21873582806438208
