times:
  edit-metadata: 0.5151633583009243
  landing: 0.039629582315683365
  view-data: 0.19129188358783722
