times:
  edit-metadata: 0.5117924064397812
  landing: 0.04279337450861931
  view-data: 0.18887516483664513
