times:
  edit-metadata: 0.45789060927927494
  landing: 0.05025847814977169
  view-data: 0.21092491038143635
