times:
  edit-metadata: 0.49682897701859474
  landing: 0.04255135357379913
  view-data: 0.19379352778196335
