times:
  edit-metadata: 1.6012586206197739
  landing: 0.8277504667639732
  view-data: 3.4534469172358513
