times:
  landing: 0.5542514889999666
  view-data: 0.5572704839999574
