times:
  landing: 0.5469918449999795
  view-data: 0.5702930880000281
