times:
  edit-metadata: 0.4467159169726074
  landing: 0.06672975607216358
  view-data: 0.20770312706008554
