times:
  edit-metadata: 1.6683861874043941
  landing: 0.698702447116375
  view-data: 3.3447069711983204
