times:
  edit-metadata: 0.48823370899981455
  landing: 0.07469690900006754
  view-data: 0.21495503100004498
