times:
  landing: 0.5450027129999739
  view-data: 0.5463027270000111
