times:
  edit-metadata: 1.2816119575873017
  landing: 0.018921464681625366
  view-data: 0.024838575161993504
