times:
  edit-metadata: 0.4427253529429436
  landing: 0.04089129902422428
  view-data: 0.20780814997851849
