times:
  edit-metadata: 0.5087495688349009
  landing: 0.04362302925437689
  view-data: 0.2016866384074092
