times:
  edit-metadata: 0.5194756090641022
  landing: 0.7633267566561699
  view-data: 0.3076640386134386
