times:
  edit-metadata: 1.5359978433698416
  landing: 0.7588592162355781
  view-data: 3.3458529515191913
