times:
  edit-metadata: 1.4452467281371355
  landing: 0.14724796637892723
  view-data: 0.353092635050416
