times:
  edit-metadata: 0.49877447448670864
  landing: 0.5118931122124195
  view-data: 0.1902527641505003
