times:
  edit-metadata: 1.5342929400503635
  landing: 0.6939148753881454
  view-data: 3.3654134571552277
