times:
  edit-metadata: 1.3499099053442478
  landing: 0.1542869210243225
  view-data: 0.02683214284479618
