times:
  edit-metadata: 0.48023862577974796
  landing: 0.621613496914506
  view-data: 0.30626547895371914
