times:
  edit-metadata: 0.547448543831706
  landing: 0.767818707972765
  view-data: 0.5228031557053328
