times:
  edit-metadata: 1.3555822419002652
  landing: 0.8223522417247295
  view-data: 3.370175172574818
