times:
  edit-metadata: 0.4234023180324584
  landing: 0.06646543019451201
  view-data: 0.20120719401165843
