times:
  edit-metadata: 0.4407651259098202
  landing: 0.07146834908053279
  view-data: 0.20151958195492625
