times:
  landing: 1.0871068750000177
  view-data: 0.5604306490000113
