times:
  edit-metadata: 0.5410970207303762
  landing: 1.3384711910039186
  view-data: 0.2943468205630779
