times:
  edit-metadata: 1.6192284803837538
  landing: 0.834027761593461
  view-data: 3.393765840679407
