times:
  edit-metadata: 0.49924106150865555
  landing: 0.04108433052897453
  view-data: 0.19569109752774239
