times:
  edit-metadata: 0.4192475536838174
  landing: 0.03956426912918687
  view-data: 0.19505024375393987
