times:
  edit-metadata: 1.595766356214881
  landing: 0.8573509324342012
  view-data: 3.3258385891094804
