times:
  edit-metadata: 1.3675282234326005
  landing: 0.12652625422924757
  view-data: 0.022417394444346428
