times:
  edit-metadata: 0.540131937712431
  landing: 0.052470844238996506
  view-data: 0.1945776604115963
