times:
  edit-metadata: 0.5308148413896561
  landing: 0.06129946745932102
  view-data: 0.19872542098164558
