times:
  landing: 0.5565107049999938
  view-data: 0.5410957540000254
