times:
  landing: 2.4047629619017243
  view-data: 0.030223577050492167
