times:
  edit-metadata: 0.49767191101273056
  landing: 0.07410365100076888
  view-data: 0.348266690998571
