times:
  edit-metadata: 0.7580010900273919
  landing: 0.06646932009607553
  view-data: 0.26468104077503085
