times:
  edit-metadata: 1.3840214796364307
  landing: 0.020461902022361755
  view-data: 0.4124089991673827
