times:
  landing: 1.5882804119999605
  view-data: 0.5596503350000148
