times:
  edit-metadata: 0.4223997959998087
  landing: 0.060776165999413934
  view-data: 0.19930152500455733
