times:
  edit-metadata: 0.6018714300589636
  landing: 0.04315220599528402
  view-data: 0.1941975069930777
