times:
  edit-metadata: 0.6356497590895742
  landing: 0.04303652513772249
  view-data: 0.19074859889224172
