times:
  landing: 0.5489371560000222
  view-data: 0.5554155479999849
