times:
  edit-metadata: 0.4476424758322537
  landing: 0.042193697299808264
  view-data: 0.19132313830778003
