times:
  edit-metadata: 0.5040348009788431
  landing: 0.06592138699488714
  view-data: 0.21483071596594527
