times:
  edit-metadata: 1.2831291453912854
  landing: 0.020418074913322926
  view-data: 0.4115564338862896
