times:
  edit-metadata: 0.6145397590007633
  landing: 0.05389474192634225
  view-data: 0.17980905901640654
