times:
  edit-metadata: 1.3125227615237236
  landing: 0.019589686766266823
  view-data: 0.02463830728083849
