times:
  edit-metadata: 0.5459142792969942
  landing: 1.1609137523919344
  view-data: 0.5917095206677914
