times:
  edit-metadata: 1.6076128855347633
  landing: 1.1073243245482445
  view-data: 3.4204995073378086
