times:
  edit-metadata: 1.7871443629264832
  landing: 0.1464363243430853
  view-data: 0.4046538583934307
