times:
  edit-metadata: 0.45099864387884736
  landing: 0.04309979826211929
  view-data: 0.19354989007115364
