times:
  edit-metadata: 1.463742446154356
  landing: 0.8781406171619892
  view-data: 3.424781646579504
