times:
  edit-metadata: 1.6218457706272602
  landing: 0.7963680867105722
  view-data: 3.3151091914623976
