times:
  edit-metadata: 0.5027409159956733
  landing: 0.045674079992750194
  view-data: 0.192282306998095
