times:
  edit-metadata: 0.632661750074476
  landing: 0.04583886405453086
  view-data: 0.19437550706788898
