times:
  edit-metadata: 1.301042752340436
  landing: 0.19474932178854942
  view-data: 0.11948815546929836
