times:
  edit-metadata: 1.2760033160448074
  landing: 0.09493665397167206
  view-data: 0.0969803985208273
