times:
  edit-metadata: 1.3947063544765115
  landing: 0.20118858944624662
  view-data: 0.024105298332870007
