times:
  landing: 1.0873796099999709
  view-data: 0.556765998000003
