times:
  edit-metadata: 1.3621556963771582
  landing: 0.17986833862960339
  view-data: 0.4049146883189678
