times:
  edit-metadata: 1.6616103779524565
  landing: 0.78990488499403
  view-data: 3.4077189713716507
