times:
  edit-metadata: 0.4347434160008561
  landing: 0.04932792898034677
  view-data: 0.20988437402411364
