times:
  landing: 0.54836364800002
  view-data: 0.5522686030000159
