times:
  edit-metadata: 1.3348228484392166
  landing: 0.023296359926462173
  view-data: 0.124671945348382
