times:
  edit-metadata: 1.3943858295679092
  landing: 0.19099972024559975
  view-data: 0.1255276333540678
