times:
  edit-metadata: 1.5320411901921034
  landing: 0.8061729166656733
  view-data: 3.3622255912050605
