times:
  edit-metadata: 0.5890284557826817
  landing: 0.08313668193295598
  view-data: 0.21486998815089464
