times:
  edit-metadata: 0.43178229592740536
  landing: 0.06445803609676659
  view-data: 0.2010730488691479
