times:
  edit-metadata: 0.4803868215531111
  landing: 0.6133096721023321
  view-data: 0.18123471550643444
