times:
  edit-metadata: 0.4926350919995457
  landing: 0.056625450029969215
  view-data: 0.21497921500122175
