times:
  landing: 0.5592503499999566
  view-data: 0.558751645999962
