times:
  edit-metadata: 0.4331331579014659
  landing: 0.05160078685730696
  view-data: 0.20183949964120984
