times:
  edit-metadata: 1.2787321489304304
  landing: 0.20933052338659763
  view-data: 0.11616562400013208
