times:
  edit-metadata: 1.2896569203585386
  landing: 0.025843938812613487
  view-data: 0.4062811201438308
