times:
  edit-metadata: 1.5024059140123427
  landing: 0.7834385228343308
  view-data: 3.359878707677126
