times:
  landing: 0.5521935700000142
  view-data: 0.05036659600000348
