times:
  edit-metadata: 0.5481300069950521
  landing: 0.06116628501331434
  view-data: 0.20376958401175216
