times:
  edit-metadata: 1.583519771695137
  landing: 1.256341777741909
  view-data: 3.389473360031843
