times:
  landing: 1.0707253620000188
  view-data: 0.55450407699999
