times:
  edit-metadata: 0.5277643576264381
  landing: 0.7353830151259899
  view-data: 0.31594543159008026
