times:
  landing: 0.5540203780000184
  view-data: 0.5541724800000338
