times:
  edit-metadata: 0.4593388009816408
  landing: 0.039600841235369444
  view-data: 0.18921321211382747
