times:
  landing: 1.0614795840000113
  view-data: 0.5434877769999957
