times:
  edit-metadata: 1.38518260512501
  landing: 0.1208500787615776
  view-data: 0.2458748184144497
