times:
  edit-metadata: 1.5626152213662863
  landing: 0.8471878822892904
  view-data: 3.4519626311957836
