times:
  edit-metadata: 1.2811315171420574
  landing: 0.01852480787783861
  view-data: 0.11951368395239115
