times:
  edit-metadata: 1.5881709977984428
  landing: 0.8437955789268017
  view-data: 3.3015950098633766
