times:
  edit-metadata: 0.5746502160327509
  landing: 0.05092525598593056
  view-data: 0.17845633497927338
