times:
  edit-metadata: 1.5184563845396042
  landing: 0.8123850002884865
  view-data: 3.4049389231950045
