times:
  edit-metadata: 1.565386950969696
  landing: 0.7891298979520798
  view-data: 3.4449063763022423
