times:
  edit-metadata: 0.5212992820888758
  landing: 0.7148755304515362
  view-data: 0.4028410967439413
