times:
  edit-metadata: 1.5530939009040594
  landing: 0.8509695176035166
  view-data: 3.414255065843463
