times:
  edit-metadata: 0.6408648900687695
  landing: 0.04136426839977503
  view-data: 0.18950108997523785
