times:
  edit-metadata: 0.48615095391869545
  landing: 0.042190760374069214
  view-data: 0.1985691636800766
