times:
  edit-metadata: 0.40975233633071184
  landing: 0.06824924470856786
  view-data: 0.20377396792173386
