times:
  edit-metadata: 0.6382882280740887
  landing: 0.060128698125481606
  view-data: 0.19167237891815603
