times:
  edit-metadata: 1.3385619390755892
  landing: 0.20383036509156227
  view-data: 0.13246901147067547
