times:
  landing: 1.0723851569999852
  view-data: 0.5536314369999786
