times:
  edit-metadata: 1.5576668214052916
  landing: 0.7413421273231506
  view-data: 0.5687578208744526
