times:
  edit-metadata: 0.4882488449802622
  landing: 0.07038478698814288
  view-data: 0.2133488610270433
