times:
  edit-metadata: 1.3252333030104637
  landing: 0.22782349213957787
  view-data: 0.14183462597429752
