times:
  edit-metadata: 1.5880791740491986
  landing: 1.0440751304849982
  view-data: 3.4676153445616364
