times:
  edit-metadata: 0.6087784289848059
  landing: 0.046573356026783586
  view-data: 0.18413677997887135
