times:
  edit-metadata: 1.2845004731789231
  landing: 0.022024345584213734
  view-data: 0.11231165938079357
