times:
  edit-metadata: 1.5346186310052872
  landing: 0.7068449351936579
  view-data: 3.3941844794899225
