times:
  edit-metadata: 0.6339690849999897
  landing: 0.04619203298352659
  view-data: 0.19600207702023908
