times:
  edit-metadata: 0.6261593869421631
  landing: 0.04463126487098634
  view-data: 0.1912816409021616
