times:
  edit-metadata: 1.9090202860534191
  landing: 0.8999591059982777
  view-data: 3.346032038331032
