times:
  edit-metadata: 1.4369516745209694
  landing: 0.02008138969540596
  view-data: 0.3260870035737753
