times:
  landing: 1.0763194669998484
  view-data: 0.5524053860003733
