times:
  landing: 0.5576009449999901
  view-data: 0.5555982319999657
