times:
  edit-metadata: 1.4101439593359828
  landing: 0.7518170899711549
  view-data: 3.4649535729549825
