times:
  edit-metadata: 0.5953872941900045
  landing: 0.05227683810517192
  view-data: 0.18722270498983562
