times:
  edit-metadata: 0.5152246877551079
  landing: 0.04712444543838501
  view-data: 0.1920011304318905
