times:
  edit-metadata: 1.3371311584487557
  landing: 0.19423342123627663
  view-data: 0.12509767152369022
