times:
  edit-metadata: 0.5854946244508028
  landing: 0.7169821783900261
  view-data: 0.3021738529205322
