times:
  edit-metadata: 1.5038133079651743
  landing: 0.7808235280681401
  view-data: 3.2623380679870024
