times:
  edit-metadata: 1.327544692903757
  landing: 0.019727423787117004
  view-data: 0.022928746417164803
