times:
  edit-metadata: 0.6034692050307058
  landing: 0.04951660899678245
  view-data: 0.19896789599442855
