times:
  edit-metadata: 0.49955352395772934
  landing: 0.9658448528498411
  view-data: 0.1844153944402933
