times:
  landing: 0.5537625329999969
  view-data: 0.04906429200002549
