times:
  edit-metadata: 1.4832481890916824
  landing: 0.874867919832468
  view-data: 3.400226403027773
