times:
  edit-metadata: 0.5200010389089584
  landing: 0.04459760896861553
  view-data: 0.21168275363743305
