times:
  edit-metadata: 0.47069098334759474
  landing: 0.0444377139210701
  view-data: 0.19960471708327532
