times:
  edit-metadata: 1.7390763480216265
  landing: 1.0129479970782995
  view-data: 3.380201824940741
