times:
  edit-metadata: 1.7961183809675276
  landing: 0.8166312420507893
  view-data: 3.325721728033386
