times:
  landing: 0.5627270179999186
  view-data: 0.5457822639999677
