times:
  landing: 1.0711297980000154
  view-data: 0.5539486729999794
