times:
  edit-metadata: 1.312429410405457
  landing: 0.0197235606610775
  view-data: 0.11828130390495062
