times:
  edit-metadata: 0.45115820970386267
  landing: 0.03962208144366741
  view-data: 0.20017865486443043
