times:
  edit-metadata: 1.266840291209519
  landing: 0.12564452923834324
  view-data: 0.02449691202491522
