times:
  edit-metadata: 0.6099979230202734
  landing: 0.04368862905539572
  view-data: 0.19388422183692455
