times:
  edit-metadata: 0.6822232739068568
  landing: 0.046835963148623705
  view-data: 0.188995405100286
