times:
  landing: 1.0703729310000085
  view-data: 0.5493792190000022
