times:
  edit-metadata: 0.7982106800191104
  landing: 0.12442681426182389
  view-data: 0.2535390271805227
