times:
  edit-metadata: 1.3228614581748843
  landing: 0.11933832056820393
  view-data: 0.11947817541658878
