times:
  edit-metadata: 1.5018657967448235
  landing: 0.7808300592005253
  view-data: 3.3607411608099937
