times:
  edit-metadata: 0.6233223481103778
  landing: 0.04493292374536395
  view-data: 0.19662286806851625
