times:
  edit-metadata: 1.3717708098702133
  landing: 0.9277715310454369
  view-data: 3.605588340666145
