times:
  edit-metadata: 1.2881917469203472
  landing: 0.02147852350026369
  view-data: 0.02379983477294445
