times:
  edit-metadata: 0.66039022593759
  landing: 0.046641443856060505
  view-data: 0.1832636040635407
