times:
  edit-metadata: 1.4075785353779793
  landing: 0.8613373339176178
  view-data: 3.3608538806438446
