times:
  edit-metadata: 0.5410494320094585
  landing: 0.041843682527542114
  view-data: 0.20020833611488342
