times:
  edit-metadata: 0.5737332087010145
  landing: 0.6127543225884438
  view-data: 0.19650327414274216
