times:
  edit-metadata: 1.3911347119137645
  landing: 0.019548602402210236
  view-data: 0.1260870462283492
