times:
  edit-metadata: 1.7427905332297087
  landing: 0.1361925397068262
  view-data: 0.3335378151386976
