times:
  edit-metadata: 1.5429011546075344
  landing: 0.7805320397019386
  view-data: 3.396627549082041
