times:
  edit-metadata: 1.44848645204911
  landing: 0.18263989401748404
  view-data: 0.33827857801225036
