times:
  edit-metadata: 0.41554298088885844
  landing: 0.05161063908599317
  view-data: 0.2061691591516137
