times:
  landing: 0.5475249499999961
  view-data: 0.05925367300000062
