times:
  edit-metadata: 0.48012025794014335
  landing: 0.09724732814356685
  view-data: 0.21534017194062471
