times:
  edit-metadata: 0.4970972556620836
  landing: 0.5778286904096603
  view-data: 0.6228892114013433
