times:
  edit-metadata: 1.390817552804947
  landing: 0.8505196012556553
  view-data: 3.3063465915620327
