times:
  edit-metadata: 0.4239178500138223
  landing: 0.04652076493948698
  view-data: 0.19486853620037436
