times:
  edit-metadata: 0.6059456510702148
  landing: 0.04004088800866157
  view-data: 0.1886010121088475
