times:
  edit-metadata: 0.40262012695893645
  landing: 0.06463214382529259
  view-data: 0.20336392312310636
