times:
  edit-metadata: 1.3626873306930065
  landing: 0.42191131971776485
  view-data: 0.31983355432748795
