times:
  edit-metadata: 1.7789667695760727
  landing: 1.0553884096443653
  view-data: 3.2930310368537903
