times:
  edit-metadata: 1.7919828686863184
  landing: 0.2358498051762581
  view-data: 0.33004869520664215
