times:
  edit-metadata: 1.4200931680388749
  landing: 3.4798567360267043
  view-data: 3.3467244817875326
