times:
  edit-metadata: 0.4976341277360916
  landing: 0.04053862392902374
  view-data: 0.18847963213920593
