times:
  edit-metadata: 0.5965887950733304
  landing: 0.04718527593649924
  view-data: 0.1782211249228567
