times:
  landing: 0.5481513689999247
  view-data: 0.5645193840000502
