times:
  edit-metadata: 1.39669319242239
  landing: 0.7677300199866295
  view-data: 3.3321621380746365
