times:
  edit-metadata: 0.6428936410229653
  landing: 0.04593733395449817
  view-data: 0.17946271295659244
