times:
  edit-metadata: 1.2985464436933398
  landing: 0.022496524266898632
  view-data: 0.22520189080387354
