times:
  landing: 0.5538104190000013
  view-data: 0.5572446360000072
