times:
  edit-metadata: 0.5221796210389584
  landing: 0.07523456600029022
  view-data: 0.21736923104617745
