times:
  edit-metadata: 1.3470629770308733
  landing: 0.020880931988358498
  view-data: 0.4040443804115057
