times:
  edit-metadata: 1.420093648135662
  landing: 0.8723127692937851
  view-data: 3.465693797916174
