times:
  landing: 1.074648421999882
  view-data: 0.5560454879996541
