times:
  edit-metadata: 0.46714690601220354
  landing: 0.05372610600898042
  view-data: 0.2040145500213839
