times:
  landing: 0.5495828749999987
  view-data: 0.5636783740000055
