times:
  edit-metadata: 0.5105735883116722
  landing: 0.04114091023802757
  view-data: 0.19655479490756989
