times:
  edit-metadata: 1.2732056574895978
  landing: 0.020875997841358185
  view-data: 0.025479921139776707
