times:
  edit-metadata: 1.4855303205549717
  landing: 0.8220759145915508
  view-data: 3.406947685405612
