times:
  landing: 0.5539490570000112
  view-data: 0.5482181940000146
