times:
  edit-metadata: 0.5050402688793838
  landing: 0.07515039574354887
  view-data: 0.2063747658394277
