times:
  landing: 1.087224639999988
  view-data: 0.5659573610000166
