times:
  landing: 0.58210274999999
  view-data: 0.5628125300000306
