times:
  landing: 0.5483406710000054
  view-data: 0.5529912960000161
