times:
  edit-metadata: 1.5127477832138538
  landing: 0.7877727635204792
  view-data: 3.366513531655073
