times:
  edit-metadata: 0.42468144418671727
  landing: 0.06558011984452605
  view-data: 0.20533783873543143
