times:
  landing: 0.5554923620000523
  view-data: 0.5591755850000482
