times:
  edit-metadata: 1.3162621231749654
  landing: 0.021557210013270378
  view-data: 0.11984005197882652
