times:
  edit-metadata: 1.5480425115674734
  landing: 0.7691618725657463
  view-data: 3.3873441871255636
