times:
  edit-metadata: 1.5004830807447433
  landing: 0.7964502405375242
  view-data: 3.2864447459578514
