times:
  edit-metadata: 0.46454389300197363
  landing: 0.052117468789219856
  view-data: 0.19543694984167814
