times:
  edit-metadata: 1.4506406169384718
  landing: 0.6840594466775656
  view-data: 3.3493905644863844
