times:
  edit-metadata: 0.5560356788337231
  landing: 0.5718347206711769
  view-data: 0.18679551593959332
