times:
  landing: 0.5746823179999865
  view-data: 0.564009456000008
