times:
  edit-metadata: 0.6186731979250908
  landing: 0.045496384031139314
  view-data: 0.20187218696810305
