times:
  edit-metadata: 0.5308861950179562
  landing: 0.04633344791363925
  view-data: 0.21810675505548716
