times:
  edit-metadata: 1.3829449322074652
  landing: 0.7912412583827972
  view-data: 3.4000197798013687
