times:
  edit-metadata: 1.6440561451017857
  landing: 0.8574046082794666
  view-data: 3.31118306145072
