times:
  edit-metadata: 1.633027721196413
  landing: 0.8300522174686193
  view-data: 3.3570368960499763
