times:
  edit-metadata: 0.5228911228477955
  landing: 0.5716360993683338
  view-data: 0.2022403236478567
