times:
  landing: 0.5564818959999798
  view-data: 0.5589971969999965
