times:
  edit-metadata: 1.4364730827510357
  landing: 0.8287217505276203
  view-data: 3.38138472661376
