times:
  landing: 0.5621086789999481
  view-data: 0.5512917500000185
