times:
  edit-metadata: 2.3014230923727155
  landing: 1.1385068567469716
  view-data: 3.495615334250033
