times:
  edit-metadata: 0.4159208252094686
  landing: 0.043094884138554335
  view-data: 0.21762259816750884
