times:
  edit-metadata: 1.4791118679568172
  landing: 0.7658725420478731
  view-data: 3.3470332401338965
