times:
  edit-metadata: 1.294501748867333
  landing: 0.20085617154836655
  view-data: 0.25227221101522446
