times:
  edit-metadata: 1.2917979499325156
  landing: 0.02053244784474373
  view-data: 0.12271845992654562
