times:
  edit-metadata: 0.5084132291376591
  landing: 0.6255619786679745
  view-data: 0.20131249353289604
