times:
  landing: 0.5527516020000007
  view-data: 0.5580205929999806
