times:
  edit-metadata: 0.5113736987113953
  landing: 0.5695210192352533
  view-data: 0.5879491530358791
