times:
  edit-metadata: 1.4329532980918884
  landing: 0.9382406137883663
  view-data: 3.3604600615799427
