times:
  edit-metadata: 0.6291130068711936
  landing: 0.04250213201157749
  view-data: 0.21040149684995413
