times:
  edit-metadata: 1.4455041848123074
  landing: 0.7652953062206507
  view-data: 3.52303819777444
