times:
  edit-metadata: 1.4893580451607704
  landing: 0.7461573854088783
  view-data: 3.2457406260073185
