times:
  edit-metadata: 0.5039291307330132
  landing: 1.4076664634048939
  view-data: 0.4152131900191307
