times:
  edit-metadata: 1.656017865985632
  landing: 0.7922415025532246
  view-data: 3.3926965445280075
