times:
  edit-metadata: 1.5666918959468603
  landing: 0.8703860156238079
  view-data: 3.357428992167115
