times:
  edit-metadata: 0.4802899034693837
  landing: 0.04070314299315214
  view-data: 0.200252884067595
