times:
  edit-metadata: 0.5048767030239105
  landing: 0.04838482290506363
  view-data: 0.19721487909555435
