times:
  edit-metadata: 1.7896531047299504
  landing: 1.157208137679845
  view-data: 3.5543651678599417
