times:
  edit-metadata: 2.2316362345591187
  landing: 0.32644721399992704
  view-data: 0.02679313998669386
