times:
  landing: 1.0703675830000066
  view-data: 0.5569855159999406
