times:
  edit-metadata: 0.4115375500405207
  landing: 0.05749379302142188
  view-data: 0.2108376839896664
