times:
  landing: 0.5535022730000492
  view-data: 0.5539619759999823
