times:
  edit-metadata: 1.454972367733717
  landing: 0.8838468305766582
  view-data: 3.336349654942751
