times:
  edit-metadata: 0.45490500796586275
  landing: 0.03937991475686431
  view-data: 0.19395346101373434
