times:
  edit-metadata: 1.4601397616788745
  landing: 0.798459910787642
  view-data: 3.3460009871050715
