times:
  edit-metadata: 1.416734728962183
  landing: 0.12561949901282787
  view-data: 0.02710651606321335
