times:
  edit-metadata: 0.647061375901103
  landing: 0.6598635409027338
  view-data: 0.19335846975445747
