times:
  edit-metadata: 0.5829343450022861
  landing: 0.047686386038549244
  view-data: 0.1816704219672829
