times:
  landing: 0.5513717410000254
  view-data: 0.5656097460000069
