times:
  landing: 0.5538330580000093
  view-data: 0.5504932480000093
