times:
  edit-metadata: 1.3576992470771074
  landing: 0.26132646575570107
  view-data: 0.1253217812627554
