times:
  edit-metadata: 1.27978153526783
  landing: 0.1125089805573225
  view-data: 0.12079722341150045
