times:
  landing: 0.5515053370000373
  view-data: 0.5571368729999904
