times:
  edit-metadata: 0.7619212929998866
  landing: 0.13814746700018077
  view-data: 0.26382241400006023
