times:
  edit-metadata: 1.704099465161562
  landing: 1.111940212547779
  view-data: 3.4019183441996574
