times:
  edit-metadata: 1.46671963785775
  landing: 0.7392745572142303
  view-data: 3.410581807140261
