times:
  edit-metadata: 1.0044496329501271
  landing: 0.12857357715256512
  view-data: 0.19582544500008225
