times:
  edit-metadata: 0.45324302092194557
  landing: 0.038294853176921606
  view-data: 0.19348934013396502
