times:
  edit-metadata: 0.4428346832282841
  landing: 0.04216971294954419
  view-data: 0.2005711798556149
