times:
  edit-metadata: 1.2979665733873844
  landing: 0.021152807399630547
  view-data: 0.10293579939752817
