times:
  edit-metadata: 1.3870343994349241
  landing: 0.021432803943753242
  view-data: 0.31752301193773746
