times:
  edit-metadata: 3.164371805265546
  landing: 1.6292145568877459
  view-data: 3.5810313057154417
