times:
  edit-metadata: 1.447755784727633
  landing: 0.8704155432060361
  view-data: 3.557044379878789
