times:
  edit-metadata: 0.8026369658764452
  landing: 0.054621083894744515
  view-data: 0.2284238669089973
