times:
  landing: 0.5533407429999215
  view-data: 0.5593167769999354
