times:
  edit-metadata: 1.5284357853233814
  landing: 0.7073668278753757
  view-data: 3.3766839783638716
