times:
  edit-metadata: 1.3647270798683167
  landing: 0.21908969432115555
  view-data: 0.43882792443037033
