times:
  edit-metadata: 0.4500854113139212
  landing: 0.03966083098202944
  view-data: 0.19403501879423857
