times:
  edit-metadata: 1.9025841411203146
  landing: 1.1394437979906797
  view-data: 3.7261453419923782
