times:
  edit-metadata: 0.49564902298152447
  landing: 1.1713762320578098
  view-data: 0.42310359701514244
