times:
  edit-metadata: 0.5811596903949976
  landing: 0.7016503475606441
  view-data: 0.18188328109681606
