times:
  edit-metadata: 1.5175410024821758
  landing: 0.8434058018028736
  view-data: 3.377224002033472
