times:
  edit-metadata: 0.4328732290305197
  landing: 0.07159061217680573
  view-data: 0.20083732507191598
