times:
  edit-metadata: 1.3282372169196606
  landing: 0.021510066464543343
  view-data: 0.14227420836687088
