times:
  edit-metadata: 0.5067721158266068
  landing: 0.04445619881153107
  view-data: 0.1945943534374237
