times:
  edit-metadata: 1.9594808723777533
  landing: 0.028106052428483963
  view-data: 0.478020865470171
