times:
  edit-metadata: 1.3129332531243563
  landing: 0.0215569781139493
  view-data: 0.14096531458199024
