times:
  edit-metadata: 1.4650075361132622
  landing: 0.7977172788232565
  view-data: 3.4228117372840643
