times:
  edit-metadata: 1.4459552243351936
  landing: 0.9076042659580708
  view-data: 3.3166768215596676
