times:
  landing: 0.5460624220000057
  view-data: 0.5573844779999888
