times:
  edit-metadata: 0.5772867780178785
  landing: 4.846044162288308
  view-data: 1.4776207190006971
