times:
  edit-metadata: 0.5871482520014979
  landing: 0.044467700994573534
  view-data: 0.1912653380422853
