times:
  edit-metadata: 1.4055958278477192
  landing: 0.1895155804231763
  view-data: 0.3373004263266921
