times:
  edit-metadata: 0.607521414058283
  landing: 0.05731552490033209
  view-data: 0.18098086211830378
