times:
  edit-metadata: 0.6182494700187817
  landing: 0.04418191290460527
  view-data: 0.1946491040289402
