times:
  edit-metadata: 0.5901753734797239
  landing: 0.8960535731166601
  view-data: 0.5369871575385332
