times:
  edit-metadata: 1.9591566752642393
  landing: 0.1847075540572405
  view-data: 0.2827415503561497
