times:
  edit-metadata: 0.6116082010557875
  landing: 0.04252952290698886
  view-data: 0.20099537295755
