times:
  landing: 1.0743808980000153
  view-data: 0.5575928469999667
