times:
  edit-metadata: 0.4584302310831845
  landing: 0.04107413114979863
  view-data: 0.19355288799852133
