times:
  edit-metadata: 0.49380031134933233
  landing: 0.05341100133955479
  view-data: 0.20038102194666862
