times:
  edit-metadata: 0.6302493922412395
  landing: 0.368255065754056
  view-data: 0.19589678943157196
