times:
  edit-metadata: 2.528115700930357
  landing: 1.645540228113532
  view-data: 3.7582861576229334
