times:
  edit-metadata: 1.6947814896702766
  landing: 0.307394715026021
  view-data: 0.15275466442108154
