times:
  edit-metadata: 0.6223879070021212
  landing: 0.05323797604069114
  view-data: 0.19787704991176724
