times:
  edit-metadata: 1.2890008883550763
  landing: 0.020792587660253048
  view-data: 0.18823361303657293
