times:
  edit-metadata: 1.3008357100188732
  landing: 0.020997190847992897
  view-data: 0.11788296233862638
