times:
  edit-metadata: 0.6021398431621492
  landing: 0.05369785102084279
  view-data: 0.18165324721485376
