times:
  edit-metadata: 1.3744352273643017
  landing: 0.7474163770675659
  view-data: 3.51354443654418
