times:
  edit-metadata: 0.534286690002773
  landing: 0.06531054500374012
  view-data: 0.34342682600254193
