times:
  landing: 0.5584868759999608
  view-data: 0.5592772719999743
