times:
  edit-metadata: 1.575821260921657
  landing: 0.2804836155846715
  view-data: 0.20908614620566368
