times:
  edit-metadata: 1.5036174500128254
  landing: 0.8137565539218485
  view-data: 3.302891617990099
