times:
  edit-metadata: 1.5920921191573143
  landing: 0.8415108397603035
  view-data: 3.4442818611860275
