times:
  edit-metadata: 0.42440276802517474
  landing: 0.07142018398735672
  view-data: 0.22056639101356268
