times:
  edit-metadata: 1.317690197378397
  landing: 0.1905590482056141
  view-data: 0.3151533231139183
