times:
  edit-metadata: 1.550205796957016
  landing: 0.757106764242053
  view-data: 3.400657592341304
