times:
  edit-metadata: 0.4996690861880779
  landing: 0.05336838960647583
  view-data: 0.19942175969481468
