times:
  edit-metadata: 1.3112415568903089
  landing: 0.022779563441872597
  view-data: 0.11991982534527779
