times:
  edit-metadata: 1.4483095929026604
  landing: 0.8546061366796494
  view-data: 3.304924048949033
