times:
  edit-metadata: 0.5566707439720631
  landing: 0.46824323013424873
  view-data: 0.1782451905310154
