times:
  edit-metadata: 0.5291392412036657
  landing: 1.0955943576991558
  view-data: 0.583036357536912
