times:
  edit-metadata: 1.2917650071904063
  landing: 0.019236857071518898
  view-data: 0.025654563680291176
