times:
  edit-metadata: 0.5034359320998192
  landing: 0.04294300451874733
  view-data: 0.19296129420399666
