times:
  edit-metadata: 1.9354046871885657
  landing: 1.0679499991238117
  view-data: 3.3983253510668874
