times:
  landing: 1.0916360620000205
  view-data: 0.5575669250000033
