times:
  edit-metadata: 0.44609804498031735
  landing: 0.07038868288509548
  view-data: 0.20755476807244122
