times:
  edit-metadata: 2.177261156961322
  landing: 1.3963933167979121
  view-data: 3.772420845925808
