times:
  landing: 0.5583149170000183
  view-data: 0.577148569999963
