times:
  edit-metadata: 1.3062779530882835
  landing: 0.7395376563072205
  view-data: 3.303552070632577
