times:
  edit-metadata: 1.3001722134649754
  landing: 0.021298492327332497
  view-data: 0.025619393214583397
