times:
  edit-metadata: 0.6139854739885777
  landing: 0.040426990017294884
  view-data: 0.17875201790593565
