times:
  landing: 0.5498326350000298
  view-data: 0.5725923859999966
