times:
  edit-metadata: 2.2907573143020272
  landing: 0.43646727968007326
  view-data: 0.047312176786363125
