times:
  edit-metadata: 1.4360825093463063
  landing: 0.7311582770198584
  view-data: 3.376639800146222
