times:
  edit-metadata: 0.4906958479550667
  landing: 0.05324972700327635
  view-data: 0.21865002997219563
