times:
  edit-metadata: 1.3826519288122654
  landing: 0.7892374135553837
  view-data: 3.3435868620872498
