times:
  edit-metadata: 0.485808327794075
  landing: 0.5702620893716812
  view-data: 0.5922032259404659
