times:
  landing: 0.5544946020000339
  view-data: 0.5598971449999794
