times:
  edit-metadata: 1.4360270602628589
  landing: 0.7931608473882079
  view-data: 3.430706461891532
