times:
  edit-metadata: 1.400776444002986
  landing: 0.020421404391527176
  view-data: 0.5000278819352388
