times:
  landing: 0.5563742990000264
  view-data: 0.5537757509999892
