times:
  edit-metadata: 0.5885769799351692
  landing: 0.05291436240077019
  view-data: 0.1973761022090912
