times:
  edit-metadata: 1.4379714764654636
  landing: 0.018648210912942886
  view-data: 0.13870765641331673
