times:
  edit-metadata: 0.6555394730530679
  landing: 0.06805238919332623
  view-data: 0.305674041621387
