times:
  edit-metadata: 1.3923903070390224
  landing: 0.021063055843114853
  view-data: 0.10071158036589622
