times:
  edit-metadata: 1.2951339036226273
  landing: 0.021235182881355286
  view-data: 0.025120452046394348
