times:
  edit-metadata: 0.593015693128109
  landing: 0.05395979108288884
  view-data: 0.18154648644849658
