times:
  landing: 1.1082987138070166
  view-data: 0.535162711981684
