times:
  edit-metadata: 1.7733024582266808
  landing: 0.9745672233402729
  view-data: 3.359334710985422
