times:
  edit-metadata: 1.4363386295735836
  landing: 0.732073538005352
  view-data: 3.374596593901515
