times:
  edit-metadata: 0.43693278497084975
  landing: 0.06845990504371002
  view-data: 0.2015982450102456
