times:
  edit-metadata: 0.49736838787794113
  landing: 0.041118428111076355
  view-data: 0.19002005457878113
