times:
  edit-metadata: 1.5372811667621136
  landing: 0.24556627683341503
  view-data: 0.5157047724351287
