times:
  edit-metadata: 1.471124742180109
  landing: 0.7301955781877041
  view-data: 3.4010811373591423
