times:
  edit-metadata: 1.9071878660470247
  landing: 0.8911680988967419
  view-data: 3.4848637375980616
