times:
  edit-metadata: 1.5178317949175835
  landing: 0.818860799074173
  view-data: 3.4342829026281834
