times:
  landing: 1.064925517000006
  view-data: 0.5525528400000326
