times:
  edit-metadata: 0.527399409096688
  landing: 0.048587129451334476
  view-data: 0.2141761239618063
