times:
  edit-metadata: 1.545394191518426
  landing: 0.7662213742733002
  view-data: 3.4321872275322676
