times:
  edit-metadata: 0.5051658027805388
  landing: 0.0748056941665709
  view-data: 0.20596223697066307
