times:
  edit-metadata: 1.7429257072508335
  landing: 0.9143900647759438
  view-data: 3.2943663522601128
