times:
  edit-metadata: 1.8789343480020761
  landing: 0.4516735728830099
  view-data: 0.3618506658822298
