times:
  landing: 0.5483360919999996
  view-data: 0.545379349999962
