times:
  edit-metadata: 1.5462234076112509
  landing: 0.16233216784894466
  view-data: 0.19949039444327354
