times:
  edit-metadata: 1.5477576609700918
  landing: 0.7769906856119633
  view-data: 3.4382291845977306
