times:
  landing: 0.5542643279999879
  view-data: 0.5601249289999828
