times:
  edit-metadata: 1.5142376273870468
  landing: 0.8515338376164436
  view-data: 3.604179948568344
