times:
  edit-metadata: 2.2271644584834576
  landing: 1.1888558194041252
  view-data: 3.3955604396760464
