times:
  edit-metadata: 1.3340638298541307
  landing: 0.15656989999115467
  view-data: 0.3193820230662823
