times:
  edit-metadata: 1.436607143143192
  landing: 0.807771457824856
  view-data: 3.3452147329226136
