times:
  edit-metadata: 1.3657200187444687
  landing: 0.7681571394205093
  view-data: 3.3037968911230564
