times:
  landing: 0.5508292159999826
  view-data: 0.5510264399999869
