times:
  edit-metadata: 0.5889143659733236
  landing: 0.052774064941331744
  view-data: 0.29471805901266634
