times:
  edit-metadata: 0.5480271270498633
  landing: 0.0517147071659565
  view-data: 0.20761988731101155
