times:
  edit-metadata: 1.6286254469305277
  landing: 0.020392779260873795
  view-data: 0.44511397182941437
