times:
  edit-metadata: 1.579975401982665
  landing: 0.8427172140218318
  view-data: 3.4832780458964407
