times:
  edit-metadata: 1.3324785251170397
  landing: 0.019443808123469353
  view-data: 0.32236747071146965
