times:
  edit-metadata: 0.43607430800329894
  landing: 0.04524725303053856
  view-data: 0.20222114003263414
