times:
  edit-metadata: 0.6304722740314901
  landing: 0.042535673012025654
  view-data: 0.1924450220540166
