times:
  edit-metadata: 1.620766763575375
  landing: 0.7597639998421073
  view-data: 3.337686081416905
