times:
  edit-metadata: 0.6129367898683995
  landing: 0.05501202098093927
  view-data: 0.20104490383528173
