times:
  edit-metadata: 0.5054545886814594
  landing: 0.9082367364317179
  view-data: 0.30797820538282394
