times:
  edit-metadata: 1.2858977317810059
  landing: 0.02279497589915991
  view-data: 0.0240781856700778
