times:
  edit-metadata: 1.5668121222406626
  landing: 0.7397746806964278
  view-data: 3.36670505348593
