times:
  edit-metadata: 0.6708127460442483
  landing: 0.03944206307642162
  view-data: 0.18874751590192318
