times:
  landing: 1.1135638409999729
  view-data: 0.5604189819999874
