times:
  edit-metadata: 1.4998862938955426
  landing: 0.7758224848657846
  view-data: 3.3740478698164225
