times:
  edit-metadata: 1.369494185782969
  landing: 0.02193231787532568
  view-data: 0.12329551763832569
