times:
  edit-metadata: 0.44354404136538506
  landing: 0.05236717313528061
  view-data: 0.20971530675888062
