times:
  edit-metadata: 1.5511611606925726
  landing: 0.6827099435031414
  view-data: 3.3011747524142265
