times:
  edit-metadata: 0.45742760412395
  landing: 0.04065028391778469
  view-data: 0.19945840304717422
