times:
  landing: 1.0714430109999853
  view-data: 0.557358980999993
