times:
  edit-metadata: 0.45002641808241606
  landing: 0.05202293209731579
  view-data: 0.18819034099578857
