times:
  edit-metadata: 0.425998394144699
  landing: 0.07305281609296799
  view-data: 0.20823371619917452
