times:
  edit-metadata: 1.3049104623496532
  landing: 0.019835456274449825
  view-data: 0.12254882603883743
