times:
  edit-metadata: 1.3192711882293224
  landing: 0.020145623944699764
  view-data: 0.12699429132044315
