times:
  edit-metadata: 1.5507279112935066
  landing: 0.7667494639754295
  view-data: 3.443265412002802
