times:
  edit-metadata: 1.4477574629709125
  landing: 2.0098555935546756
  view-data: 3.355583067983389
