times:
  landing: 0.5431936210000003
  view-data: 0.5494736949999606
