times:
  edit-metadata: 1.7427562288939953
  landing: 0.9860236942768097
  view-data: 3.3471025191247463
