times:
  edit-metadata: 1.2902250560000539
  landing: 0.02128057461231947
  view-data: 0.1151669705286622
