times:
  landing: 1.0764322249999623
  view-data: 0.5607974230000536
