times:
  edit-metadata: 1.302748459391296
  landing: 0.16392305865883827
  view-data: 0.32669213227927685
