times:
  edit-metadata: 2.0361649403348565
  landing: 0.9555409569293261
  view-data: 3.390819647349417
