times:
  edit-metadata: 0.45376886799931526
  landing: 0.04147681128233671
  view-data: 0.20536717772483826
