times:
  edit-metadata: 1.4062995202839375
  landing: 0.2200147369876504
  view-data: 0.40436318051069975
