times:
  edit-metadata: 1.5177095271646976
  landing: 0.9051497802138329
  view-data: 3.421203810721636
