times:
  edit-metadata: 1.4644062332808971
  landing: 0.7703598812222481
  view-data: 3.361435867846012
