times:
  edit-metadata: 0.4453590349294245
  landing: 0.054235815070569515
  view-data: 0.19454159401357174
