times:
  edit-metadata: 0.5403430499136448
  landing: 0.6164764389395714
  view-data: 0.2041133102029562
