times:
  edit-metadata: 1.8220175802707672
  landing: 0.1325487717986107
  view-data: 0.02430715411901474
