times:
  edit-metadata: 1.3497532401233912
  landing: 0.1683571171015501
  view-data: 0.024543851613998413
