times:
  edit-metadata: 0.6248199231922626
  landing: 0.5665387231856585
  view-data: 0.6096095126122236
