times:
  edit-metadata: 1.5116162579506636
  landing: 0.8107782956212759
  view-data: 3.427946424111724
