times:
  edit-metadata: 2.620139377191663
  landing: 1.6619582306593657
  view-data: 3.724932024255395
