times:
  landing: 0.5567585059999374
  view-data: 0.5548629859999892
