times:
  landing: 1.064554768999983
  view-data: 0.5477706379999745
