times:
  edit-metadata: 1.4321823455393314
  landing: 0.6850623413920403
  view-data: 3.3996299616992474
