times:
  edit-metadata: 1.4305833720136434
  landing: 0.7059641371015459
  view-data: 3.4439105869969353
