times:
  edit-metadata: 0.7939889091067016
  landing: 0.03779453388415277
  view-data: 0.19460215885192156
