times:
  edit-metadata: 1.3004694357514381
  landing: 0.11888770759105682
  view-data: 0.10185790993273258
