times:
  edit-metadata: 1.6458701752126217
  landing: 0.8548939991742373
  view-data: 3.309301109984517
