times:
  edit-metadata: 0.4261311360169202
  landing: 0.07276568119414151
  view-data: 0.2075396489817649
