times:
  landing: 0.5553337819999911
  view-data: 0.5611775410000064
