times:
  edit-metadata: 0.5537401512265205
  landing: 0.7102412693202496
  view-data: 0.3147241063416004
