times:
  edit-metadata: 1.3671171702444553
  landing: 0.1270665768533945
  view-data: 0.28206551633775234
