times:
  edit-metadata: 1.6004392392933369
  landing: 0.2648912165313959
  view-data: 0.025379445403814316
