times:
  edit-metadata: 1.4846950098872185
  landing: 0.6990875564515591
  view-data: 3.2947616316378117
