times:
  edit-metadata: 1.3035231919493526
  landing: 0.7174599100835621
  view-data: 3.3873650080058724
