times:
  landing: 1.082622076000007
  view-data: 0.5614851860000272
