times:
  edit-metadata: 0.5393739989958704
  landing: 0.07775486799073406
  view-data: 0.20786209100333508
