times:
  landing: 0.5536849629999665
  view-data: 0.557608853999966
