times:
  edit-metadata: 1.285708885639906
  landing: 0.024689515121281147
  view-data: 0.10065838228911161
