times:
  edit-metadata: 0.6552514670183882
  landing: 0.042746566992718726
  view-data: 0.1952467379742302
