times:
  edit-metadata: 0.6005662339739501
  landing: 0.0565509048756212
  view-data: 0.17910696612671018
