times:
  edit-metadata: 1.5418669264763594
  landing: 0.6916092485189438
  view-data: 3.3672077655792236
