times:
  landing: 1.0845238919999929
  view-data: 0.5568248760000074
