times:
  edit-metadata: 1.354195917956531
  landing: 0.13705934304744005
  view-data: 0.029806968988850713
