times:
  edit-metadata: 1.3645080169662833
  landing: 0.289311648986768
  view-data: 0.23596830596216023
