times:
  edit-metadata: 1.3345841839909554
  landing: 0.018668120726943016
  view-data: 0.31344781070947647
