times:
  edit-metadata: 0.6052268829662353
  landing: 0.04489419097080827
  view-data: 0.1956531920004636
