times:
  edit-metadata: 1.4279951937496662
  landing: 0.7887334004044533
  view-data: 3.3420578818768263
