times:
  landing: 0.5426774410000235
  view-data: 0.545369777000019
