times:
  edit-metadata: 0.5773435141891241
  landing: 0.829834621399641
  view-data: 0.20239323936402798
