times:
  edit-metadata: 0.5681011080741882
  landing: 0.04946253262460232
  view-data: 0.19316017255187035
