times:
  edit-metadata: 0.6291374270804226
  landing: 0.0451863759662956
  view-data: 0.1869273791089654
