times:
  edit-metadata: 1.2469188077375293
  landing: 0.22601511143147945
  view-data: 0.45001230761408806
