times:
  edit-metadata: 1.6500229239463806
  landing: 0.7234469335526228
  view-data: 3.3059844207018614
