times:
  edit-metadata: 0.5780548974871635
  landing: 0.5322832148522139
  view-data: 0.18751186318695545
