times:
  edit-metadata: 0.4471399988979101
  landing: 0.04030241118744016
  view-data: 0.19192381389439106
