times:
  edit-metadata: 1.5849015302956104
  landing: 0.8796870112419128
  view-data: 3.396713048219681
