times:
  edit-metadata: 1.369397564791143
  landing: 0.13878324441611767
  view-data: 0.3442176291719079
