times:
  landing: 0.5527094249999891
  view-data: 0.5542387360000021
