times:
  edit-metadata: 0.4479495072737336
  landing: 0.049457302782684565
  view-data: 0.19566957606002688
