times:
  edit-metadata: 0.4352598311379552
  landing: 0.059649962931871414
  view-data: 0.2293969839811325
