times:
  edit-metadata: 1.2950076051056385
  landing: 0.023420752957463264
  view-data: 0.025465770624578
