times:
  edit-metadata: 0.5086349151097238
  landing: 0.04643696639686823
  view-data: 0.20372091699391603
