times:
  edit-metadata: 0.6466115520452149
  landing: 0.04540270799770951
  view-data: 0.19390484801260754
