times:
  landing: 0.5702264889999924
  view-data: 0.5596800110000117
