times:
  edit-metadata: 0.6045123748481274
  landing: 0.04405115684494376
  view-data: 0.19298125989735126
