times:
  edit-metadata: 1.527420550584793
  landing: 0.273814813233912
  view-data: 0.36463934276252985
