times:
  edit-metadata: 0.6627444887999445
  landing: 0.04832352208904922
  view-data: 0.19174635992385447
