times:
  edit-metadata: 1.3428774811327457
  landing: 0.019547754898667336
  view-data: 0.40981491282582283
