times:
  edit-metadata: 1.5521363727748394
  landing: 0.9668718837201595
  view-data: 3.409604601562023
