times:
  edit-metadata: 0.40724314795807004
  landing: 0.03981041116639972
  view-data: 0.18949874490499496
