times:
  landing: 1.1000553439999976
  view-data: 0.5584704750000355
