times:
  edit-metadata: 0.4502327241934836
  landing: 0.042495569214224815
  view-data: 0.19945632107555866
