times:
  edit-metadata: 1.379689410328865
  landing: 0.8834434039890766
  view-data: 0.629769716411829
