times:
  edit-metadata: 1.8835760690271854
  landing: 1.1980553641915321
  view-data: 3.3658312559127808
