times:
  edit-metadata: 1.2820226401090622
  landing: 0.0221284544095397
  view-data: 0.02475063595920801
