times:
  edit-metadata: 0.49305747635662556
  landing: 0.6099249422550201
  view-data: 0.21023028157651424
