times:
  landing: 0.5743533399999592
  view-data: 0.567232697999998
