times:
  edit-metadata: 1.519832206889987
  landing: 0.7430504858493805
  view-data: 3.402258824557066
