times:
  landing: 1.1081127069999752
  view-data: 0.5603533579999862
