times:
  edit-metadata: 0.4398009772412479
  landing: 0.04682284966111183
  view-data: 0.20949797425419092
