times:
  edit-metadata: 1.4817782808095217
  landing: 0.7624244391918182
  view-data: 3.44972543977201
