times:
  edit-metadata: 1.3409257046878338
  landing: 0.691142525523901
  view-data: 3.2915444783866405
