times:
  edit-metadata: 0.6369434311054647
  landing: 0.042164155980572104
  view-data: 0.19573487504385412
