times:
  edit-metadata: 0.837820925982669
  landing: 0.11680077598430216
  view-data: 0.2117001650040038
