times:
  landing: 0.6262788689999752
  view-data: 0.5591780640000366
