times:
  edit-metadata: 0.5162693746387959
  landing: 0.054183878004550934
  view-data: 0.19177638366818428
