times:
  edit-metadata: 1.6031715031713247
  landing: 0.7370403558015823
  view-data: 3.3609478268772364
