times:
  edit-metadata: 0.5433624647557735
  landing: 0.045121531933546066
  view-data: 0.18635674938559532
