times:
  edit-metadata: 1.3827443979680538
  landing: 0.8089639060199261
  view-data: 3.3283988162875175
