times:
  landing: 0.5507298530000071
  view-data: 0.5532876860000329
