times:
  edit-metadata: 1.560743972659111
  landing: 0.7409736514091492
  view-data: 3.3724499251693487
