times:
  edit-metadata: 1.4235659539699554
  landing: 0.8695812933146954
  view-data: 3.349049139767885
