times:
  edit-metadata: 1.43198786303401
  landing: 0.6617011316120625
  view-data: 3.308168526738882
