times:
  edit-metadata: 0.4989100396633148
  landing: 0.03916233405470848
  view-data: 0.18997609242796898
