times:
  edit-metadata: 1.6138075217604637
  landing: 0.8136050552129745
  view-data: 3.4108476154506207
