times:
  edit-metadata: 0.4877107385545969
  landing: 0.5769650340080261
  view-data: 0.17931679636240005
