times:
  landing: 0.5520408999999518
  view-data: 0.5551569760000348
