times:
  edit-metadata: 0.7140989629551768
  landing: 0.05945410719141364
  view-data: 0.2854219600558281
