times:
  edit-metadata: 1.5523282960057259
  landing: 1.037410657852888
  view-data: 3.3824425972998142
