times:
  edit-metadata: 1.5456967689096928
  landing: 0.9362260848283768
  view-data: 3.341923389583826
