times:
  edit-metadata: 1.6824250034987926
  landing: 0.8409141898155212
  view-data: 3.3483105711638927
