times:
  edit-metadata: 1.4270000904798508
  landing: 0.018656615167856216
  view-data: 0.14722873456776142
