times:
  landing: 1.0691366770000172
  view-data: 0.5577948270000093
