times:
  edit-metadata: 0.4218604099005461
  landing: 0.059931701980531216
  view-data: 0.22920313710346818
