times:
  edit-metadata: 0.49069392401725054
  landing: 0.04288817197084427
  view-data: 0.2115586567670107
