times:
  edit-metadata: 0.5007989630103111
  landing: 0.5410661417990923
  view-data: 0.32485962845385075
