times:
  edit-metadata: 1.4538071416318417
  landing: 0.8425926379859447
  view-data: 3.312796890735626
