times:
  edit-metadata: 0.4399581868201494
  landing: 0.04706770880147815
  view-data: 0.19530200771987438
