times:
  edit-metadata: 0.42930753505788743
  landing: 0.03689244098495692
  view-data: 0.229922876926139
