times:
  edit-metadata: 1.6089828200638294
  landing: 0.7982139922678471
  view-data: 3.486422747373581
