times:
  edit-metadata: 1.5614161547273397
  landing: 0.7512808740139008
  view-data: 3.537945382297039
