times:
  edit-metadata: 1.5774048455059528
  landing: 0.7338914647698402
  view-data: 3.3478965647518635
