times:
  edit-metadata: 0.508326418697834
  landing: 0.04081442207098007
  view-data: 0.19458729773759842
