times:
  edit-metadata: 1.5676162634044886
  landing: 0.022551899775862694
  view-data: 0.18700178153812885
