times:
  edit-metadata: 1.3092607092112303
  landing: 0.018821455538272858
  view-data: 0.33032129891216755
