times:
  edit-metadata: 1.5445516109466553
  landing: 0.01969170942902565
  view-data: 0.2155155036598444
