times:
  edit-metadata: 0.5061712190508842
  landing: 0.05187397822737694
  view-data: 0.19471604749560356
