times:
  edit-metadata: 0.48898096196353436
  landing: 0.054875328205525875
  view-data: 0.23668778873980045
