times:
  edit-metadata: 0.5534491799771786
  landing: 0.8689243122935295
  view-data: 0.3151732999831438
