times:
  edit-metadata: 1.3527015428990126
  landing: 0.13565141707658768
  view-data: 0.026150524616241455
