times:
  edit-metadata: 1.2987021785229445
  landing: 0.16516934148967266
  view-data: 0.13478445075452328
