times:
  landing: 0.5573637850000068
  view-data: 0.5516199609999717
