times:
  edit-metadata: 0.6421738439239562
  landing: 0.05007506115362048
  view-data: 0.2147330902516842
