times:
  edit-metadata: 0.46108809765428305
  landing: 0.04563175980001688
  view-data: 0.194870017003268
