times:
  edit-metadata: 0.5145043358206749
  landing: 0.5590853709727526
  view-data: 0.20117544010281563
