times:
  edit-metadata: 1.2684067692607641
  landing: 0.01859921310096979
  view-data: 0.026929114013910294
