times:
  landing: 0.5546163850000312
  view-data: 0.5538869800000157
