times:
  edit-metadata: 1.3350599482655525
  landing: 0.11963541992008686
  view-data: 0.12262681405991316
