times:
  edit-metadata: 1.4881413700059056
  landing: 0.7201316449791193
  view-data: 3.321496322983876
