times:
  edit-metadata: 1.5795024279505014
  landing: 0.7459763754159212
  view-data: 3.426730254665017
