times:
  edit-metadata: 1.5394856352359056
  landing: 0.8118163831532001
  view-data: 3.407136205583811
