times:
  edit-metadata: 1.880567017942667
  landing: 1.1650390652939677
  view-data: 3.420119480229914
