times:
  edit-metadata: 2.5327485552988946
  landing: 1.123521484900266
  view-data: 3.5099322381429374
