times:
  edit-metadata: 0.4431511666625738
  landing: 0.040408963803201914
  view-data: 0.20020352397114038
