times:
  edit-metadata: 1.496810957789421
  landing: 0.9174252264201641
  view-data: 3.317434635013342
