times:
  edit-metadata: 1.5958123430609703
  landing: 0.818632934242487
  view-data: 3.4037158712744713
