times:
  edit-metadata: 1.5838052481412888
  landing: 0.8302099425345659
  view-data: 3.3611633107066154
