times:
  edit-metadata: 0.4721172619611025
  landing: 0.6962412521243095
  view-data: 0.32624043710529804
