times:
  edit-metadata: 1.2788122650235891
  landing: 0.022496230900287628
  view-data: 0.025640305131673813
