times:
  edit-metadata: 0.44957536878064275
  landing: 0.04181025689467788
  view-data: 0.19170604320243
