times:
  edit-metadata: 0.6832167549291626
  landing: 0.04582282796036452
  view-data: 0.20229434699285775
