times:
  edit-metadata: 2.5209513306617737
  landing: 1.3271156158298254
  view-data: 3.517602937296033
