times:
  edit-metadata: 0.605769356014207
  landing: 0.052099792985245585
  view-data: 0.18053611903451383
