times:
  landing: 0.5591630110000096
  view-data: 0.5584565110000312
