times:
  edit-metadata: 0.42486814269796014
  landing: 0.061504439916461706
  view-data: 0.20395942078903317
