times:
  landing: 1.0987827889999835
  view-data: 0.5531285410000351
