times:
  edit-metadata: 1.3457172624766827
  landing: 0.22109160758554935
  view-data: 0.35074708983302116
