times:
  landing: 0.5477168749999919
  view-data: 0.5492861970000149
