times:
  edit-metadata: 1.8692002408206463
  landing: 0.21281151100993156
  view-data: 0.039924999698996544
