times:
  landing: 0.5490687580000326
  view-data: 0.5538070320000088
