times:
  edit-metadata: 0.589829699951224
  landing: 0.050446068053133786
  view-data: 0.1967697680229321
