times:
  landing: 1.0648916920000033
  view-data: 0.5949916730000382
