times:
  edit-metadata: 0.5931564159691334
  landing: 0.055254727602005005
  view-data: 0.20121828466653824
