times:
  edit-metadata: 0.634846726898104
  landing: 0.043977521010674536
  view-data: 0.1956716460408643
