times:
  edit-metadata: 1.3482625614851713
  landing: 0.11788032203912735
  view-data: 0.026582885533571243
