times:
  landing: 1.0751839339999378
  view-data: 0.5531621280000536
