times:
  landing: 0.5805408990000274
  view-data: 0.555010478999975
