times:
  edit-metadata: 1.5861743660643697
  landing: 0.7886325777508318
  view-data: 3.317856425885111
