times:
  edit-metadata: 0.4361471279989928
  landing: 0.05816529016010463
  view-data: 0.343157579889521
