times:
  edit-metadata: 0.5158334132283926
  landing: 0.7032461818307638
  view-data: 0.2359991166740656
