times:
  edit-metadata: 0.6885187039151788
  landing: 0.13320615189149976
  view-data: 0.2828457038849592
