times:
  landing: 0.5648864170000252
  view-data: 0.5467478089999531
