times:
  edit-metadata: 2.1022916212677956
  landing: 1.7580415271222591
  view-data: 3.333352442830801
