times:
  edit-metadata: 1.578216650057584
  landing: 0.8393470840528607
  view-data: 3.4663667110726237
