times:
  edit-metadata: 1.7187146032229066
  landing: 0.9039119631052017
  view-data: 3.283419349230826
