times:
  edit-metadata: 1.5112674832344055
  landing: 0.734039880335331
  view-data: 3.31117158010602
