times:
  landing: 1.0603045919999659
  view-data: 0.5464272359999995
