times:
  landing: 0.5500786640000115
  view-data: 0.5631154710000033
