times:
  edit-metadata: 1.50583391264081
  landing: 0.8611514158546925
  view-data: 3.305285308510065
