times:
  edit-metadata: 0.6376477368175983
  landing: 0.050539511954411864
  view-data: 0.19011868792586029
