times:
  landing: 0.549847442999976
  view-data: 0.5559841790000064
