times:
  edit-metadata: 1.314009366557002
  landing: 0.02131921611726284
  view-data: 0.4396800650283694
