times:
  edit-metadata: 0.5245953110024857
  landing: 0.04550843800097937
  view-data: 0.19736292299785418
