times:
  edit-metadata: 1.3268976397812366
  landing: 0.16768368147313595
  view-data: 0.1229065116494894
