times:
  edit-metadata: 0.5615750607103109
  landing: 0.8898553028702736
  view-data: 0.3083948604762554
