times:
  edit-metadata: 0.44655678200069815
  landing: 0.06265158700989559
  view-data: 0.20841874298639596
