times:
  edit-metadata: 1.5498064532876015
  landing: 0.7594595719128847
  view-data: 3.3905419409275055
