times:
  edit-metadata: 0.54953857883811
  landing: 0.05205180495977402
  view-data: 0.19787614420056343
