times:
  edit-metadata: 1.4461489347741008
  landing: 0.759841863065958
  view-data: 3.341754484921694
