times:
  edit-metadata: 0.6412825318984687
  landing: 0.06745236599817872
  view-data: 0.1901910959277302
