times:
  edit-metadata: 0.5698848403990269
  landing: 0.5330003183335066
  view-data: 0.29870522767305374
