times:
  edit-metadata: 0.486566578008933
  landing: 0.06005357700632885
  view-data: 0.20975749401259236
