times:
  edit-metadata: 0.6678586390335113
  landing: 0.05532531999051571
  view-data: 0.2088171720970422
