times:
  edit-metadata: 1.3044049106538296
  landing: 0.021398027427494526
  view-data: 0.11640344839543104
