times:
  edit-metadata: 1.4927151389420033
  landing: 0.2968091405928135
  view-data: 0.3384397029876709
