times:
  edit-metadata: 2.538748312741518
  landing: 1.3435130640864372
  view-data: 3.4851243942976
