times:
  edit-metadata: 1.3592047188431025
  landing: 0.021884914487600327
  view-data: 0.10318925604224205
