times:
  edit-metadata: 0.46117343939840794
  landing: 0.04788279440253973
  view-data: 0.19474082253873348
