times:
  landing: 0.5482960550000371
  view-data: 0.5524267270000109
