times:
  edit-metadata: 0.42946692276746035
  landing: 0.04925268096849322
  view-data: 0.21891450695693493
