times:
  edit-metadata: 0.6509275040007196
  landing: 0.047285183012718335
  view-data: 0.19444336299784482
