times:
  edit-metadata: 1.495467487955466
  landing: 0.7360479631461203
  view-data: 3.3466474669985473
