times:
  edit-metadata: 1.272828420624137
  landing: 0.021687552332878113
  view-data: 0.029409293085336685
