times:
  edit-metadata: 0.42107517598196864
  landing: 0.05979129299521446
  view-data: 0.2040834459476173
