times:
  edit-metadata: 1.2936580460518599
  landing: 0.021470248699188232
  view-data: 0.02727230917662382
