times:
  edit-metadata: 1.7231482211500406
  landing: 0.021896880120038986
  view-data: 0.5159004610031843
