times:
  edit-metadata: 1.3034428274258971
  landing: 0.022145318798720837
  view-data: 0.025300427339971066
