times:
  edit-metadata: 0.4867498899984639
  landing: 0.06697383400023682
  view-data: 0.21225868200417608
