times:
  edit-metadata: 0.46821955405175686
  landing: 0.05321733746677637
  view-data: 0.20027135033160448
