times:
  edit-metadata: 0.42193390196189284
  landing: 0.04243894014507532
  view-data: 0.1903095804154873
