times:
  edit-metadata: 1.6706972494721413
  landing: 1.1222076639533043
  view-data: 3.3956348970532417
