times:
  edit-metadata: 0.5078658647835255
  landing: 0.37401612289249897
  view-data: 0.2231692038476467
