times:
  edit-metadata: 0.5623288694769144
  landing: 0.03725269436836243
  view-data: 0.1893859077244997
