times:
  edit-metadata: 0.5575566350016743
  landing: 0.1548666440648958
  view-data: 0.29128642298746854
