times:
  edit-metadata: 0.4985541049391031
  landing: 1.6123486794531345
  view-data: 0.6089568249881268
