times:
  edit-metadata: 0.48600658401846886
  landing: 0.5771071501076221
  view-data: 0.5886040218174458
