times:
  edit-metadata: 0.5999795608222485
  landing: 1.4684659522026777
  view-data: 0.19594589062035084
