times:
  edit-metadata: 1.5863849110901356
  landing: 1.0594245754182339
  view-data: 3.399896264076233
