times:
  edit-metadata: 1.4342032335698605
  landing: 0.7765020541846752
  view-data: 3.353952843695879
