times:
  landing: 0.5695361319999961
  view-data: 0.5585578820000023
