times:
  edit-metadata: 1.6543519329279661
  landing: 0.271373612806201
  view-data: 0.41404316015541553
