times:
  landing: 0.5518573599999854
  view-data: 0.5520741629999861
