times:
  edit-metadata: 1.6368520185351372
  landing: 0.9436897411942482
  view-data: 3.345813412219286
