times:
  edit-metadata: 0.47655320912599564
  landing: 1.100009810179472
  view-data: 0.5979816243052483
