times:
  edit-metadata: 1.7316956156864762
  landing: 0.019810943864285946
  view-data: 0.02410763595253229
