times:
  edit-metadata: 0.45057350024580956
  landing: 0.043542271945625544
  view-data: 0.19819078873842955
