times:
  edit-metadata: 1.4796652290970087
  landing: 0.7641291390173137
  view-data: 3.3317844080738723
