times:
  edit-metadata: 2.00170636177063
  landing: 1.2412205524742603
  view-data: 3.479646146297455
