times:
  edit-metadata: 0.5050532668828964
  landing: 0.041014645248651505
  view-data: 0.1983652301132679
