times:
  edit-metadata: 1.3817353956401348
  landing: 0.018889982253313065
  view-data: 0.40678034257143736
