times:
  edit-metadata: 1.3927316032350063
  landing: 0.02042541466653347
  view-data: 0.12398317828774452
