times:
  edit-metadata: 1.4941900335252285
  landing: 0.7872388819232583
  view-data: 3.344718197360635
