times:
  edit-metadata: 0.6889288889942691
  landing: 0.05066200497094542
  view-data: 0.18706118501722813
