times:
  edit-metadata: 1.3883208921179175
  landing: 0.1660981820896268
  view-data: 0.12239253986626863
