times:
  edit-metadata: 0.5532240010797977
  landing: 1.9821976851671934
  view-data: 0.308748796582222
