times:
  edit-metadata: 1.5354788899421692
  landing: 0.8758090026676655
  view-data: 3.332184351980686
