times:
  landing: 1.6188862469999776
  view-data: 0.5561389370000143
