times:
  edit-metadata: 0.4306200100108981
  landing: 0.041070944629609585
  view-data: 0.1992555959150195
