times:
  edit-metadata: 1.5827023833990097
  landing: 1.0790347754955292
  view-data: 3.3579823076725006
