times:
  edit-metadata: 1.4452481791377068
  landing: 0.1506005246192217
  view-data: 0.139145627617836
