times:
  edit-metadata: 0.5337419090792537
  landing: 0.048616411979310215
  view-data: 0.2127156729111448
