times:
  edit-metadata: 0.5625534635037184
  landing: 0.48567597940564156
  view-data: 0.1813820730894804
