times:
  edit-metadata: 0.4837114479742013
  landing: 0.07197863102192059
  view-data: 0.21750114602036774
