times:
  edit-metadata: 0.495859794318676
  landing: 0.045044999569654465
  view-data: 0.193576879799366
