times:
  landing: 1.0707240739999975
  view-data: 0.5535367979999819
