times:
  edit-metadata: 1.3268649261444807
  landing: 0.02553383819758892
  view-data: 0.32715595327317715
