times:
  landing: 1.0908847140000262
  view-data: 0.5502257960000634
