times:
  landing: 0.5537314679999668
  view-data: 0.5625349850000134
