times:
  landing: 0.552216207000015
  view-data: 0.5554961240000011
