times:
  edit-metadata: 0.44809227203950286
  landing: 0.04105140594765544
  view-data: 0.19881821377202868
