times:
  edit-metadata: 0.5082617476582527
  landing: 0.04715880751609802
  view-data: 0.19861245527863503
