times:
  edit-metadata: 1.5534115741029382
  landing: 0.8140480110887438
  view-data: 3.3634369710925967
