times:
  edit-metadata: 0.5713557000271976
  landing: 0.07366225495934486
  view-data: 0.24516323901480064
