times:
  edit-metadata: 1.3152475717943162
  landing: 0.6667363690212369
  view-data: 3.2958204599563032
