times:
  edit-metadata: 0.6050066519528627
  landing: 0.5228128936141729
  view-data: 0.19658652320504189
