times:
  edit-metadata: 1.575301330536604
  landing: 0.7341632470488548
  view-data: 3.4000432305037975
