times:
  landing: 1.1011917900000299
  view-data: 0.5462012830000162
