times:
  edit-metadata: 0.633286322990898
  landing: 0.04765798302832991
  view-data: 0.19181357900379226
