times:
  edit-metadata: 0.6068819930078462
  landing: 0.04294641094747931
  view-data: 0.19302675407379866
