times:
  edit-metadata: 1.3780285455286503
  landing: 0.13975638523697853
  view-data: 0.14045428484678268
