times:
  edit-metadata: 0.5613289643079042
  landing: 0.04901078902184963
  view-data: 0.17896734178066254
