times:
  landing: 0.5531541849999826
  view-data: 0.5583451580000087
