times:
  edit-metadata: 1.3461604872718453
  landing: 0.02120858058333397
  view-data: 0.3282160684466362
