times:
  edit-metadata: 0.6153213670477271
  landing: 0.049261607229709625
  view-data: 0.19827713770791888
