times:
  landing: 2.101161988999934
  view-data: 0.5483094809999329
