times:
  edit-metadata: 0.6877347270492464
  landing: 0.04381024604663253
  view-data: 0.19630645588040352
