times:
  edit-metadata: 1.559631135314703
  landing: 0.265161843970418
  view-data: 0.4218637980520725
