times:
  edit-metadata: 0.43631269806064665
  landing: 0.06921238894574344
  view-data: 0.21288886689580977
