times:
  landing: 0.5524307190000286
  view-data: 0.5558850419999999
