times:
  edit-metadata: 1.4437707997858524
  landing: 0.918170090764761
  view-data: 3.4145739749073982
