times:
  edit-metadata: 0.4298988087102771
  landing: 0.04660631390288472
  view-data: 0.1891179969534278
