times:
  edit-metadata: 1.3984097950160503
  landing: 0.020115528255701065
  view-data: 0.026464946568012238
