times:
  edit-metadata: 0.5797625310078729
  landing: 0.04327714900136925
  view-data: 0.199501423019683
