times:
  edit-metadata: 0.4921973068267107
  landing: 0.41498726792633533
  view-data: 0.30686679296195507
