times:
  edit-metadata: 1.3779241852462292
  landing: 0.8770022457465529
  view-data: 3.3264758735895157
