times:
  edit-metadata: 1.3609653543680906
  landing: 0.30418819561600685
  view-data: 0.10972810070961714
