times:
  edit-metadata: 0.5065113827586174
  landing: 0.04195830225944519
  view-data: 0.19254570454359055
