times:
  edit-metadata: 1.383649080991745
  landing: 0.0233460683375597
  view-data: 0.4508175700902939
