times:
  landing: 1.0778116629999772
  view-data: 0.5522984190000102
