times:
  landing: 0.5679136119999839
  view-data: 0.5572036509999521
