times:
  edit-metadata: 1.281814506277442
  landing: 0.11694784369319677
  view-data: 0.022696788422763348
