times:
  landing: 0.596050157000036
  view-data: 0.5656058129999906
