times:
  edit-metadata: 1.6061877999454737
  landing: 0.7557814754545689
  view-data: 3.3538289442658424
