times:
  edit-metadata: 0.8072417741641402
  landing: 0.07272648299112916
  view-data: 0.19087957800365984
