times:
  edit-metadata: 1.5469951555132866
  landing: 0.9171456694602966
  view-data: 3.4399771839380264
