times:
  edit-metadata: 1.2964762933552265
  landing: 0.7013132162392139
  view-data: 3.2754149083048105
