times:
  edit-metadata: 0.4950124672614038
  landing: 0.0798529009334743
  view-data: 0.20955481100827456
