times:
  landing: 0.5628620019999744
  view-data: 0.5784771090000049
