times:
  edit-metadata: 0.4169482998549938
  landing: 0.06961557595059276
  view-data: 0.20267148595303297
