times:
  edit-metadata: 0.4996951799839735
  landing: 1.1072944905608892
  view-data: 0.5764503460377455
