times:
  edit-metadata: 1.768987825140357
  landing: 0.021522196009755135
  view-data: 0.02676771581172943
