times:
  landing: 1.0581430470000157
  view-data: 0.5422680279999952
