times:
  edit-metadata: 0.5344730522483587
  landing: 0.685201870277524
  view-data: 0.20421973057091236
