times:
  edit-metadata: 1.5176680218428373
  landing: 0.7396414764225483
  view-data: 3.373771959915757
