times:
  edit-metadata: 0.6406971788965166
  landing: 0.046639905078336596
  view-data: 0.17699995613656938
