times:
  landing: 0.5545712150000099
  view-data: 0.5608715440000083
