times:
  edit-metadata: 0.6482981699809898
  landing: 0.08656492902082391
  view-data: 0.23767338998732157
