times:
  landing: 0.5466102400000068
  view-data: 0.5489596719999668
