times:
  landing: 0.5450136160000056
  view-data: 0.5468576459999781
