times:
  edit-metadata: 0.6670810639625415
  landing: 0.043553236057050526
  view-data: 0.19853940210305154
