times:
  edit-metadata: 0.5163020305335522
  landing: 0.9480172879993916
  view-data: 0.1790502443909645
