times:
  edit-metadata: 1.5816932283341885
  landing: 0.7537772860378027
  view-data: 3.4692578352987766
