times:
  edit-metadata: 1.3828829519916326
  landing: 0.733377963071689
  view-data: 3.368312988895923
