times:
  edit-metadata: 1.6453297082334757
  landing: 0.7510364037007093
  view-data: 3.3238357808440924
