times:
  edit-metadata: 0.42218014504760504
  landing: 0.06650735763832927
  view-data: 0.21202169498428702
