times:
  edit-metadata: 0.6172993059735745
  landing: 0.05296626500785351
  view-data: 0.1843346580862999
