times:
  edit-metadata: 1.5522579737007618
  landing: 0.9032466970384121
  view-data: 3.436766881495714
