times:
  landing: 1.0673116120000259
  view-data: 0.5540691779999634
