times:
  landing: 1.0590621839999983
  view-data: 0.5445943110000258
