times:
  edit-metadata: 1.3576480075716972
  landing: 0.219659810885787
  view-data: 0.12444653734564781
