times:
  landing: 0.5584990190000099
  view-data: 0.05337409999998499
