times:
  edit-metadata: 0.5098761506378651
  landing: 1.0851013325154781
  view-data: 0.5895639937371016
