times:
  edit-metadata: 1.6097688879817724
  landing: 0.755023306235671
  view-data: 3.4196670949459076
