times:
  landing: 1.0658243419999849
  view-data: 0.5581876030000217
