times:
  edit-metadata: 1.5027353456243873
  landing: 0.7695103865116835
  view-data: 3.3581669479608536
