times:
  edit-metadata: 1.3388826921582222
  landing: 0.29805294796824455
  view-data: 0.3389987535774708
