times:
  edit-metadata: 0.5450936742126942
  landing: 0.5032599065452814
  view-data: 0.20333620719611645
