times:
  edit-metadata: 0.4912679810076952
  landing: 0.04259535577148199
  view-data: 0.19735661102458835
