times:
  edit-metadata: 1.4157839007675648
  landing: 0.8025134950876236
  view-data: 3.37633378431201
