times:
  edit-metadata: 2.589966092258692
  landing: 1.264897771179676
  view-data: 3.439044125378132
