times:
  edit-metadata: 1.4677974954247475
  landing: 0.8119710683822632
  view-data: 3.3098828718066216
