times:
  edit-metadata: 1.5532651096582413
  landing: 0.9067555740475655
  view-data: 0.5782412365078926
