times:
  edit-metadata: 1.4835263714194298
  landing: 0.7502772286534309
  view-data: 3.551606334745884
