times:
  edit-metadata: 1.4724150523543358
  landing: 0.7221662178635597
  view-data: 3.319036230444908
