times:
  edit-metadata: 1.472445785999298
  landing: 0.718013159930706
  view-data: 3.397868789732456
