times:
  edit-metadata: 1.9019236974418163
  landing: 1.4597813375294209
  view-data: 3.946656212210655
