times:
  edit-metadata: 2.2668427042663097
  landing: 1.3029421269893646
  view-data: 3.4136012569069862
