times:
  edit-metadata: 1.4422994926571846
  landing: 0.7648661732673645
  view-data: 3.5343935564160347
