times:
  edit-metadata: 1.4187981337308884
  landing: 0.8017941787838936
  view-data: 3.4687403962016106
