times:
  edit-metadata: 1.3649291284382343
  landing: 0.7133199200034142
  view-data: 3.275408588349819
