times:
  edit-metadata: 1.3496782034635544
  landing: 0.8314762115478516
  view-data: 3.375839725136757
