times:
  edit-metadata: 1.303512305021286
  landing: 0.8407480120658875
  view-data: 3.6263657733798027
