times:
  edit-metadata: 1.430240135639906
  landing: 0.7319010309875011
  view-data: 3.330273736268282
