times:
  edit-metadata: 2.4165226370096207
  landing: 1.2446781508624554
  view-data: 3.4068894386291504
