times:
  edit-metadata: 1.3314629346132278
  landing: 0.644523561000824
  view-data: 3.4323461949825287
