times:
  edit-metadata: 1.5838503800332546
  landing: 0.9193297773599625
  view-data: 3.393762081861496
