times:
  edit-metadata: 1.9452085345983505
  landing: 1.1999272853136063
  view-data: 3.3897659704089165
