times:
  edit-metadata: 1.3654588423669338
  landing: 0.8320943787693977
  view-data: 3.40549785643816
