times:
  edit-metadata: 1.438642457127571
  landing: 1.036979928612709
  view-data: 3.584777854382992
