times:
  edit-metadata: 1.466048389673233
  landing: 0.7986725866794586
  view-data: 3.8472589179873466
