times:
  edit-metadata: 1.4573211893439293
  landing: 0.7576321810483932
  view-data: 3.473916247487068
