times:
  edit-metadata: 1.4413844347000122
  landing: 0.8523239754140377
  view-data: 3.3613696806132793
