times:
  edit-metadata: 1.3632253296673298
  landing: 0.7708142921328545
  view-data: 3.2963692620396614
