times:
  edit-metadata: 1.4168411418795586
  landing: 0.8663789890706539
  view-data: 3.326135315001011
