times:
  edit-metadata: 1.5544057972729206
  landing: 1.036654271185398
  view-data: 3.357178959995508
