times:
  edit-metadata: 1.5254887603223324
  landing: 0.804729487746954
  view-data: 3.354020085185766
