times:
  edit-metadata: 1.4809471741318703
  landing: 0.8155925795435905
  view-data: 3.2844813987612724
