times:
  edit-metadata: 1.4620063826441765
  landing: 0.7719340175390244
  view-data: 3.4470148235559464
