times:
  edit-metadata: 1.3852410167455673
  landing: 0.7721706926822662
  view-data: 3.548793449997902
