times:
  edit-metadata: 1.514188788831234
  landing: 0.9850095883011818
  view-data: 3.6703349724411964
