times:
  edit-metadata: 1.6312106251716614
  landing: 0.8554667010903358
  view-data: 3.555795080959797
