times:
  edit-metadata: 1.4097417742013931
  landing: 0.7522233948111534
  view-data: 3.331223927438259
