times:
  edit-metadata: 1.9343893751502037
  landing: 1.3144279420375824
  view-data: 3.4687982574105263
