times:
  edit-metadata: 1.4768810160458088
  landing: 0.7745590098202229
  view-data: 3.438671663403511
