times:
  edit-metadata: 1.4900611490011215
  landing: 0.8450075015425682
  view-data: 3.539234295487404
