times:
  edit-metadata: 1.4528778120875359
  landing: 0.7721139639616013
  view-data: 3.4343430250883102
