times:
  edit-metadata: 1.4287038743495941
  landing: 0.6978103443980217
  view-data: 3.460612267255783
