times:
  edit-metadata: 1.4067523926496506
  landing: 0.7968161329627037
  view-data: 3.2740050107240677
