times:
  edit-metadata: 1.5016718804836273
  landing: 0.8916100636124611
  view-data: 3.296643003821373
