times:
  edit-metadata: 1.3951485082507133
  landing: 0.761793702840805
  view-data: 3.325826335698366
