times:
  edit-metadata: 1.3924537673592567
  landing: 0.7167912498116493
  view-data: 3.5082092955708504
