times:
  edit-metadata: 1.3373766839504242
  landing: 0.7366853877902031
  view-data: 3.4633310362696648
