times:
  edit-metadata: 1.4873053431510925
  landing: 0.790058396756649
  view-data: 3.332022652029991
