times:
  edit-metadata: 1.428427591919899
  landing: 0.791499350219965
  view-data: 3.272499930113554
