times:
  edit-metadata: 1.1251059919595718
  landing: 1.0008768439292908
  view-data: 3.5002834647893906
