times:
  edit-metadata: 1.459163710474968
  landing: 0.8632481507956982
  view-data: 3.3822734877467155
