times:
  edit-metadata: 1.364016741514206
  landing: 0.7886923551559448
  view-data: 3.288947280496359
