times:
  edit-metadata: 1.419792003929615
  landing: 0.7736044749617577
  view-data: 3.562134049832821
