times:
  edit-metadata: 1.4181146323680878
  landing: 0.7816596999764442
  view-data: 3.5576850548386574
