times:
  edit-metadata: 1.433499589562416
  landing: 0.7304011732339859
  view-data: 3.5489775463938713
