times:
  edit-metadata: 1.4765713587403297
  landing: 0.8057584166526794
  view-data: 3.5439096316695213
