times:
  edit-metadata: 1.6017814725637436
  landing: 0.8319312110543251
  view-data: 3.301788553595543
