times:
  edit-metadata: 1.675938680768013
  landing: 1.0159474164247513
  view-data: 3.3881320878863335
