times:
  edit-metadata: 1.435487985610962
  landing: 0.7574580535292625
  view-data: 3.555628187954426
