times:
  edit-metadata: 1.3794709518551826
  landing: 0.7232440002262592
  view-data: 3.298433803021908
