times:
  edit-metadata: 1.4400977194309235
  landing: 0.7716589570045471
  view-data: 3.4717527627944946
