times:
  edit-metadata: 1.418141894042492
  landing: 0.7997620403766632
  view-data: 3.56234297901392
