times:
  edit-metadata: 1.602851241827011
  landing: 0.8013346940279007
  view-data: 3.3161640018224716
