times:
  edit-metadata: 1.5504109784960747
  landing: 0.9424714893102646
  view-data: 3.3063678555190563
