times:
  edit-metadata: 1.4882398396730423
  landing: 0.75363789498806
  view-data: 3.490470804274082
