times:
  edit-metadata: 1.511440347880125
  landing: 0.825124341994524
  view-data: 3.335338167846203
