times:
  edit-metadata: 1.4769062176346779
  landing: 0.8003071844577789
  view-data: 3.4966441616415977
