times:
  edit-metadata: 2.139336373656988
  landing: 1.3081134967505932
  view-data: 3.3337005227804184
