times:
  edit-metadata: 1.4839178025722504
  landing: 0.8074123859405518
  view-data: 3.489294558763504
