times:
  edit-metadata: 1.3766242414712906
  landing: 0.6974552199244499
  view-data: 3.487643525004387
