times:
  edit-metadata: 1.4611517898738384
  landing: 0.8563269823789597
  view-data: 3.2878981418907642
