times:
  edit-metadata: 1.6775360144674778
  landing: 0.9558729343116283
  view-data: 3.32786550745368
