times:
  edit-metadata: 1.8747271075844765
  landing: 0.9774589389562607
  view-data: 3.362410716712475
