times:
  edit-metadata: 1.4860504567623138
  landing: 0.8564324155449867
  view-data: 3.421015575528145
