times:
  edit-metadata: 2.056027628481388
  landing: 0.9450716190040112
  view-data: 3.377758678048849
