times:
  edit-metadata: 1.410167932510376
  landing: 0.7247563451528549
  view-data: 3.464406728744507
