times:
  edit-metadata: 1.5214972645044327
  landing: 0.7206267490983009
  view-data: 3.469643272459507
