times:
  edit-metadata: 1.4384728148579597
  landing: 0.7561836317181587
  view-data: 3.516607478260994
