times:
  edit-metadata: 1.3717633895576
  landing: 0.8101894482970238
  view-data: 3.328664541244507
