times:
  edit-metadata: 1.4823695868253708
  landing: 0.738593690097332
  view-data: 3.4381929710507393
