times:
  edit-metadata: 1.3678861111402512
  landing: 0.7642421871423721
  view-data: 3.490429013967514
