times:
  edit-metadata: 1.1426996737718582
  landing: 0.8086344823241234
  view-data: 3.5155172869563103
