times:
  edit-metadata: 1.38816586881876
  landing: 0.8902290239930153
  view-data: 3.463019259274006
