times:
  edit-metadata: 1.3770747035741806
  landing: 0.7643618658185005
  view-data: 3.3827309124171734
