times:
  edit-metadata: 1.3882634565234184
  landing: 0.7757467702031136
  view-data: 3.248791456222534
