times:
  edit-metadata: 3.0850670263171196
  landing: 1.6602494716644287
  view-data: 3.700758144259453
