times:
  edit-metadata: 1.7468011640012264
  landing: 0.8907183967530727
  view-data: 3.407698567956686
