times:
  edit-metadata: 1.4251925721764565
  landing: 0.7064255177974701
  view-data: 3.440978966653347
