times:
  edit-metadata: 1.6826924160122871
  landing: 0.8423025906085968
  view-data: 3.321520008146763
