times:
  edit-metadata: 1.3318273350596428
  landing: 0.6561430469155312
  view-data: 3.473921835422516
