times:
  edit-metadata: 1.820289108902216
  landing: 1.207535993307829
  view-data: 3.4151644855737686
