times:
  edit-metadata: 1.3427441343665123
  landing: 0.9370792135596275
  view-data: 3.5744079127907753
