times:
  edit-metadata: 1.6465113162994385
  landing: 0.8300563991069794
  view-data: 3.3756353855133057
