times:
  edit-metadata: 1.5062845572829247
  landing: 0.72272989153862
  view-data: 3.437933824956417
