times:
  edit-metadata: 1.3948401659727097
  landing: 0.8364953175187111
  view-data: 3.3584718853235245
