times:
  edit-metadata: 1.4169246330857277
  landing: 0.7655491754412651
  view-data: 3.3698608055710793
