times:
  edit-metadata: 1.5526896342635155
  landing: 0.9181551784276962
  view-data: 3.363440752029419
