times:
  edit-metadata: 1.356373392045498
  landing: 0.8301308155059814
  view-data: 3.483972117304802
