times:
  edit-metadata: 1.3789306953549385
  landing: 0.7270757257938385
  view-data: 3.437979333102703
