times:
  edit-metadata: 1.411318078637123
  landing: 0.7176308780908585
  view-data: 3.5079734548926353
