times:
  edit-metadata: 1.4857475757598877
  landing: 0.7539447695016861
  view-data: 3.505748100578785
