times:
  edit-metadata: 1.478757705539465
  landing: 0.8686992153525352
  view-data: 0.5455126464366913
