times:
  edit-metadata: 1.5628015398979187
  landing: 0.8231047168374062
  view-data: 3.327612653374672
