times:
  edit-metadata: 1.408436056226492
  landing: 0.7452658861875534
  view-data: 3.2849892638623714
