times:
  edit-metadata: 1.4171787947416306
  landing: 0.7841392084956169
  view-data: 3.3689641766250134
