times:
  edit-metadata: 1.4431991800665855
  landing: 0.7915208041667938
  view-data: 3.299902256578207
