times:
  edit-metadata: 1.4231824949383736
  landing: 0.7186593562364578
  view-data: 3.4608636498451233
