times:
  edit-metadata: 1.4625988081097603
  landing: 0.9141957946121693
  view-data: 3.3186481446027756
