times:
  edit-metadata: 1.3738305866718292
  landing: 0.7183182537555695
  view-data: 3.5054553002119064
