times:
  edit-metadata: 1.4098325371742249
  landing: 0.8156337589025497
  view-data: 3.332431212067604
