times:
  edit-metadata: 1.4361423999071121
  landing: 0.6889815255999565
  view-data: 3.4772756695747375
