times:
  edit-metadata: 1.4654922261834145
  landing: 0.8281380124390125
  view-data: 3.3589332848787308
