times:
  edit-metadata: 1.4410719722509384
  landing: 0.770398385822773
  view-data: 3.4843727871775627
