times:
  edit-metadata: 1.3725891709327698
  landing: 0.9315930567681789
  view-data: 3.336113128811121
