times:
  edit-metadata: 1.336743663996458
  landing: 0.780049629509449
  view-data: 3.261950608342886
