times:
  edit-metadata: 1.363119199872017
  landing: 0.7594030797481537
  view-data: 3.4299464225769043
