times:
  edit-metadata: 1.9281284511089325
  landing: 0.9226764366030693
  view-data: 3.3232974782586098
