times:
  edit-metadata: 1.358009658753872
  landing: 0.8002549037337303
  view-data: 3.3177322298288345
