times:
  edit-metadata: 1.3445787653326988
  landing: 0.6941510811448097
  view-data: 3.4132665395736694
