times:
  edit-metadata: 1.3797271996736526
  landing: 0.7934583947062492
  view-data: 3.4021575897932053
