times:
  edit-metadata: 1.8626672849059105
  landing: 0.9835796430706978
  view-data: 3.523595057427883
