times:
  edit-metadata: 1.619096253067255
  landing: 0.8328032530844212
  view-data: 3.314080521464348
