times:
  edit-metadata: 1.8341455273330212
  landing: 1.1195316351950169
  view-data: 3.380914282053709
