times:
  edit-metadata: 1.4783856198191643
  landing: 0.8080872371792793
  view-data: 3.5185182690620422
