times:
  edit-metadata: 1.3927997723221779
  landing: 0.8243839517235756
  view-data: 3.2841170951724052
