times:
  edit-metadata: 1.4304431155323982
  landing: 0.7472696006298065
  view-data: 3.4113625660538673
