times:
  edit-metadata: 1.508374609053135
  landing: 0.8489734679460526
  view-data: 3.4735920056700706
