times:
  edit-metadata: 1.5460576489567757
  landing: 1.254607442766428
  view-data: 3.5462787710130215
