times:
  edit-metadata: 1.3505920693278313
  landing: 0.705450251698494
  view-data: 3.4942817389965057
