times:
  edit-metadata: 1.4604419022798538
  landing: 0.8543381914496422
  view-data: 3.28094182908535
