times:
  edit-metadata: 1.392313040792942
  landing: 0.8018648624420166
  view-data: 3.374432634562254
