times:
  edit-metadata: 1.4359402544796467
  landing: 0.7792072929441929
  view-data: 3.4461472183465958
