times:
  edit-metadata: 1.3493931666016579
  landing: 0.7521929442882538
  view-data: 3.4812728986144066
