times:
  edit-metadata: 1.4721236005425453
  landing: 0.8799709305167198
  view-data: 3.527985602617264
