times:
  edit-metadata: 1.370201949030161
  landing: 0.7702289372682571
  view-data: 3.3258558586239815
