times:
  edit-metadata: 1.4476509243249893
  landing: 0.7868469208478928
  view-data: 3.4589032232761383
