times:
  edit-metadata: 1.4094448387622833
  landing: 0.8247895836830139
  view-data: 3.5591191425919533
