times:
  edit-metadata: 1.9352259635925293
  landing: 1.0666720047593117
  view-data: 3.715290606021881
