times:
  edit-metadata: 1.3828811571002007
  landing: 0.7939558625221252
  view-data: 3.519044205546379
