times:
  edit-metadata: 1.4423540830612183
  landing: 0.7545066997408867
  view-data: 3.4305532425642014
