times:
  edit-metadata: 1.5976420193910599
  landing: 1.1849642507731915
  view-data: 3.3711405396461487
