times:
  edit-metadata: 1.4639807343482971
  landing: 0.8238420337438583
  view-data: 3.4288932383060455
