times:
  edit-metadata: 1.3672571629285812
  landing: 0.7620681673288345
  view-data: 3.4768252819776535
