times:
  edit-metadata: 1.3996341526508331
  landing: 0.7529950588941574
  view-data: 3.2933634594082832
