times:
  edit-metadata: 1.3726972676813602
  landing: 0.7051407210528851
  view-data: 3.338077411055565
