times:
  edit-metadata: 1.4817063622176647
  landing: 0.7831117399036884
  view-data: 3.323722120374441
