times:
  edit-metadata: 1.3990022279322147
  landing: 0.9215824566781521
  view-data: 3.2706175334751606
