times:
  edit-metadata: 1.5120473839342594
  landing: 0.7843266651034355
  view-data: 3.3271011896431446
