times:
  edit-metadata: 1.385188139975071
  landing: 0.7955072298645973
  view-data: 3.3279071375727654
