times:
  edit-metadata: 1.4666369929909706
  landing: 0.7510110810399055
  view-data: 3.3096410632133484
