times:
  edit-metadata: 1.3851518332958221
  landing: 0.7772201374173164
  view-data: 3.4697552397847176
