times:
  edit-metadata: 1.405584417283535
  landing: 0.7338057830929756
  view-data: 3.338815987110138
