times:
  edit-metadata: 1.4152623936533928
  landing: 0.7040181830525398
  view-data: 3.479844205081463
