times:
  edit-metadata: 1.5035036318004131
  landing: 0.8790756687521935
  view-data: 3.3265984766185284
