times:
  edit-metadata: 2.51986975222826
  landing: 1.2245955169200897
  view-data: 3.740076929330826
