times:
  edit-metadata: 1.3890375420451164
  landing: 0.8265374451875687
  view-data: 3.3733388520777225
