times:
  edit-metadata: 1.3621261045336723
  landing: 0.8074223324656487
  view-data: 3.4949666783213615
