times:
  edit-metadata: 1.4417713060975075
  landing: 0.8169590830802917
  view-data: 3.3611955717206
