times:
  edit-metadata: 1.4244037866592407
  landing: 0.8210342675447464
  view-data: 3.524809457361698
