times:
  edit-metadata: 1.5478658340871334
  landing: 0.9437538832426071
  view-data: 3.433321036398411
