times:
  edit-metadata: 1.4649911895394325
  landing: 0.7786165028810501
  view-data: 3.2856130823493004
