times:
  edit-metadata: 1.5404214709997177
  landing: 0.7870231047272682
  view-data: 3.409354455769062
