times:
  edit-metadata: 3.2360174357891083
  landing: 1.7091487422585487
  view-data: 4.623401582241058
