times:
  edit-metadata: 1.4947246760129929
  landing: 0.8046208247542381
  view-data: 3.378145106136799
