times:
  edit-metadata: 1.5068276673555374
  landing: 0.8449693396687508
  view-data: 3.56090746819973
