times:
  edit-metadata: 1.5027025528252125
  landing: 0.8760622777044773
  view-data: 3.2875633649528027
