times:
  edit-metadata: 1.8961056768894196
  landing: 1.153000757098198
  view-data: 3.422341600060463
