times:
  edit-metadata: 1.5711008831858635
  landing: 0.9355088956654072
  view-data: 3.3179272301495075
