times:
  edit-metadata: 1.8741998374462128
  landing: 1.4259430319070816
  view-data: 3.4152615517377853
