times:
  edit-metadata: 1.3359396681189537
  landing: 0.82264044880867
  view-data: 3.2797607481479645
