times:
  edit-metadata: 1.4672959595918655
  landing: 0.7967424169182777
  view-data: 3.3936526104807854
