times:
  edit-metadata: 1.495737999677658
  landing: 0.7762640044093132
  view-data: 3.510221801698208
