times:
  edit-metadata: 1.4808690920472145
  landing: 0.9415762200951576
  view-data: 3.382862877100706
