times:
  edit-metadata: 1.3523052334785461
  landing: 0.7210877016186714
  view-data: 3.457889787852764
