times:
  edit-metadata: 1.3785156607627869
  landing: 0.7541000992059708
  view-data: 3.5637219697237015
