times:
  edit-metadata: 1.463975053280592
  landing: 0.8143200911581516
  view-data: 3.3007830679416656
