times:
  edit-metadata: 1.5130553022027016
  landing: 0.7671429365873337
  view-data: 3.563575230538845
