times:
  edit-metadata: 1.384463869035244
  landing: 0.7523148283362389
  view-data: 3.460056386888027
