times:
  edit-metadata: 1.4827513694763184
  landing: 0.7130987867712975
  view-data: 3.4813437536358833
