times:
  edit-metadata: 1.4923190027475357
  landing: 0.7325119152665138
  view-data: 3.5169066563248634
