times:
  edit-metadata: 1.534154012799263
  landing: 0.8322095572948456
  view-data: 3.3975764140486717
