times:
  edit-metadata: 1.5182368233799934
  landing: 0.8625195324420929
  view-data: 3.3168118074536324
