times:
  edit-metadata: 1.4429663941264153
  landing: 0.7355283349752426
  view-data: 3.4830395728349686
