times:
  edit-metadata: 1.5517944693565369
  landing: 0.8727957010269165
  view-data: 3.4355861097574234
