times:
  edit-metadata: 1.4713288955390453
  landing: 0.8661304339766502
  view-data: 3.34682971611619
