times:
  edit-metadata: 1.3230590596795082
  landing: 0.8299352377653122
  view-data: 0.565889522433281
