times:
  edit-metadata: 1.4828995391726494
  landing: 0.7457927539944649
  view-data: 3.506366081535816
