times:
  edit-metadata: 1.4504680931568146
  landing: 0.8884724006056786
  view-data: 3.5357417911291122
