times:
  edit-metadata: 1.3929369896650314
  landing: 0.750921405851841
  view-data: 3.5735861510038376
