times:
  edit-metadata: 1.6191300749778748
  landing: 1.3545530438423157
  view-data: 3.320449613034725
