times:
  edit-metadata: 1.4530837461352348
  landing: 0.7745879963040352
  view-data: 3.300435595214367
