times:
  edit-metadata: 1.3699801564216614
  landing: 0.7202803418040276
  view-data: 3.5340288132429123
