times:
  edit-metadata: 1.499276265501976
  landing: 0.7109297141432762
  view-data: 3.522840514779091
