times:
  edit-metadata: 1.382961668074131
  landing: 0.885242972522974
  view-data: 3.3124906085431576
