times:
  edit-metadata: 1.39190074801445
  landing: 0.7563399225473404
  view-data: 3.682325705885887
