times:
  edit-metadata: 1.7219778820872307
  landing: 0.9461545199155807
  view-data: 3.269790418446064
