times:
  edit-metadata: 1.5981921665370464
  landing: 0.913255587220192
  view-data: 3.3151428923010826
