times:
  edit-metadata: 1.3193983063101768
  landing: 0.7623387351632118
  view-data: 3.449162483215332
