times:
  edit-metadata: 1.4448566660284996
  landing: 0.7997822314500809
  view-data: 3.5735814794898033
