times:
  edit-metadata: 1.408622071146965
  landing: 0.7651381567120552
  view-data: 3.4144861474633217
