times:
  edit-metadata: 1.4914436414837837
  landing: 0.7610348910093307
  view-data: 3.5223714262247086
