times:
  edit-metadata: 1.4771321266889572
  landing: 0.732740193605423
  view-data: 3.2932671792805195
