times:
  edit-metadata: 1.4987989738583565
  landing: 0.8033200800418854
  view-data: 3.4547147005796432
