times:
  edit-metadata: 1.4058434963226318
  landing: 0.755007691681385
  view-data: 3.53769763559103
