times:
  edit-metadata: 1.4189175888895988
  landing: 0.7360766306519508
  view-data: 3.5108571276068687
