times:
  edit-metadata: 1.430264599621296
  landing: 0.734549030661583
  view-data: 3.582977272570133
