times:
  edit-metadata: 1.4042152389883995
  landing: 0.7502777203917503
  view-data: 3.5066934674978256
