times:
  edit-metadata: 1.4272959008812904
  landing: 0.801615871489048
  view-data: 3.5160372480750084
