times:
  edit-metadata: 2.487633816897869
  landing: 1.5161016583442688
  view-data: 3.56561416387558
