times:
  edit-metadata: 1.5440961942076683
  landing: 0.7720245718955994
  view-data: 3.3686932623386383
