times:
  edit-metadata: 1.4866847693920135
  landing: 0.8157748505473137
  view-data: 3.5374504551291466
