times:
  edit-metadata: 1.4803193435072899
  landing: 0.9257017225027084
  view-data: 3.3221074789762497
