times:
  edit-metadata: 1.6548088490962982
  landing: 0.9693401381373405
  view-data: 3.4055869355797768
