times:
  edit-metadata: 1.3613473400473595
  landing: 0.825149841606617
  view-data: 3.5386197194457054
