times:
  edit-metadata: 1.4463928267359734
  landing: 0.7940767332911491
  view-data: 3.327715814113617
