times:
  edit-metadata: 1.490791205316782
  landing: 0.7192365750670433
  view-data: 3.36272444203496
