times:
  edit-metadata: 2.2492125257849693
  landing: 1.373276710510254
  view-data: 3.605648659169674
