times:
  edit-metadata: 1.5451256409287453
  landing: 0.749579556286335
  view-data: 3.4114172905683517
