times:
  edit-metadata: 1.4290603324770927
  landing: 0.8566626757383347
  view-data: 3.377154551446438
