times:
  edit-metadata: 1.64548235014081
  landing: 0.8289896883070469
  view-data: 3.3834801875054836
