times:
  edit-metadata: 1.4270622804760933
  landing: 0.7442438751459122
  view-data: 3.300935138016939
