times:
  edit-metadata: 1.2460696399211884
  landing: 0.9495225548744202
  view-data: 3.5376248210668564
