times:
  edit-metadata: 1.405470073223114
  landing: 0.7780824974179268
  view-data: 3.5196717977523804
