times:
  edit-metadata: 1.382400818169117
  landing: 0.7287688180804253
  view-data: 3.4465905874967575
