times:
  edit-metadata: 2.1409818455576897
  landing: 1.1467518582940102
  view-data: 3.2839077189564705
