times:
  edit-metadata: 1.8200590014457703
  landing: 1.092680435627699
  view-data: 3.3323278799653053
