times:
  edit-metadata: 1.5308702364563942
  landing: 0.9096199497580528
  view-data: 3.4339663311839104
