times:
  edit-metadata: 1.419910579919815
  landing: 0.7497847080230713
  view-data: 3.412040740251541
