times:
  edit-metadata: 1.4204456806182861
  landing: 0.8452583625912666
  view-data: 3.3134768083691597
