times:
  edit-metadata: 1.746358446776867
  landing: 1.045530378818512
  view-data: 3.498776286840439
