times:
  edit-metadata: 1.466273918747902
  landing: 0.7427979335188866
  view-data: 3.321145623922348
