times:
  edit-metadata: 1.3898672834038734
  landing: 0.703121080994606
  view-data: 3.4978900253772736
