times:
  edit-metadata: 1.366301216185093
  landing: 0.7751379758119583
  view-data: 3.387083277106285
