times:
  edit-metadata: 1.4324368238449097
  landing: 0.8873148262500763
  view-data: 3.325225107371807
