times:
  edit-metadata: 1.4782116636633873
  landing: 0.821035236120224
  view-data: 3.3756259381771088
