times:
  edit-metadata: 1.4064380303025246
  landing: 0.7561173439025879
  view-data: 3.532405413687229
