times:
  edit-metadata: 1.4946511462330818
  landing: 0.8116664737462997
  view-data: 3.5478281006217003
