times:
  edit-metadata: 1.8034825697541237
  landing: 1.0694500878453255
  view-data: 3.3126383908092976
