times:
  edit-metadata: 1.3952028006315231
  landing: 0.6761223301291466
  view-data: 3.4541533142328262
