times:
  edit-metadata: 1.4868586882948875
  landing: 1.0616928674280643
  view-data: 3.4821341559290886
