times:
  edit-metadata: 1.4320831075310707
  landing: 0.7643967345356941
  view-data: 3.44405347853899
