times:
  edit-metadata: 1.4087711423635483
  landing: 0.7527052536606789
  view-data: 3.51233147084713
