times:
  edit-metadata: 1.3967563435435295
  landing: 0.7702067568898201
  view-data: 3.593399666249752
