times:
  edit-metadata: 1.5047362074255943
  landing: 0.7346101775765419
  view-data: 3.3260415121912956
