times:
  edit-metadata: 1.492826022207737
  landing: 1.0178293660283089
  view-data: 3.656454101204872
