times:
  edit-metadata: 1.4914254546165466
  landing: 0.7664577960968018
  view-data: 3.482536517083645
