times:
  edit-metadata: 1.5652399770915508
  landing: 0.847010750323534
  view-data: 3.3043189868330956
