times:
  edit-metadata: 1.3759195804595947
  landing: 0.8083952963352203
  view-data: 3.484652578830719
