times:
  edit-metadata: 1.5740787386894226
  landing: 0.9341505691409111
  view-data: 3.371877484023571
