times:
  edit-metadata: 1.66702089458704
  landing: 0.8708085119724274
  view-data: 3.619577221572399
