times:
  edit-metadata: 1.4818181470036507
  landing: 0.9041339233517647
  view-data: 3.495899058878422
