times:
  edit-metadata: 1.4520151764154434
  landing: 0.8762401528656483
  view-data: 3.3448965325951576
