times:
  edit-metadata: 1.369492307305336
  landing: 0.8430659770965576
  view-data: 3.4847582951188087
