times:
  edit-metadata: 1.7318648807704449
  landing: 1.014999020844698
  view-data: 3.289996799081564
