times:
  edit-metadata: 1.4940264597535133
  landing: 0.7027206271886826
  view-data: 3.4183051958680153
