times:
  edit-metadata: 1.4089215025305748
  landing: 0.8047403991222382
  view-data: 3.2826000079512596
