times:
  edit-metadata: 1.4184535443782806
  landing: 0.9228342548012733
  view-data: 3.4755750373005867
