times:
  edit-metadata: 1.3915322870016098
  landing: 0.6909396275877953
  view-data: 3.458008758723736
