times:
  edit-metadata: 1.3900990821421146
  landing: 0.8480143807828426
  view-data: 3.3121966682374477
