times:
  edit-metadata: 1.3574327751994133
  landing: 0.715610645711422
  view-data: 3.4276169314980507
