times:
  edit-metadata: 1.4481996446847916
  landing: 0.8516890555620193
  view-data: 3.322303280234337
