times:
  edit-metadata: 1.4737308472394943
  landing: 0.9605650678277016
  view-data: 3.461833119392395
