times:
  edit-metadata: 1.4217110350728035
  landing: 0.7197611480951309
  view-data: 3.3826905712485313
