times:
  edit-metadata: 1.3562981188297272
  landing: 0.7832190468907356
  view-data: 3.393453024327755
