times:
  edit-metadata: 1.339036613702774
  landing: 0.7802963852882385
  view-data: 3.269395634531975
