times:
  edit-metadata: 1.4659099951386452
  landing: 0.8615337908267975
  view-data: 3.3002952113747597
