times:
  edit-metadata: 1.4765413627028465
  landing: 0.7798605412244797
  view-data: 3.2963937520980835
