times:
  edit-metadata: 1.3936237543821335
  landing: 0.8391493260860443
  view-data: 3.6766279712319374
