times:
  edit-metadata: 1.2866868898272514
  landing: 0.7593735307455063
  view-data: 3.470726527273655
