times:
  edit-metadata: 1.564331829547882
  landing: 0.9061677604913712
  view-data: 3.5767465122044086
