times:
  edit-metadata: 1.4022348672151566
  landing: 0.8174568563699722
  view-data: 3.4776802211999893
