times:
  edit-metadata: 1.4304536543786526
  landing: 0.8866649642586708
  view-data: 3.3408664762973785
