times:
  edit-metadata: 1.602444764226675
  landing: 0.8697646446526051
  view-data: 3.378919802606106
