times:
  edit-metadata: 1.5164931043982506
  landing: 0.7749591544270515
  view-data: 3.5424816459417343
