times:
  edit-metadata: 2.9391961097717285
  landing: 1.517446793615818
  view-data: 3.4078567177057266
