times:
  edit-metadata: 1.4291097596287727
  landing: 0.7319463342428207
  view-data: 3.352566882967949
