times:
  edit-metadata: 1.4161269217729568
  landing: 0.7398476973176003
  view-data: 3.302189886569977
