times:
  edit-metadata: 1.4093031585216522
  landing: 0.8075218498706818
  view-data: 3.5209407061338425
