times:
  edit-metadata: 1.393908552825451
  landing: 0.7925831079483032
  view-data: 3.3453670740127563
