times:
  edit-metadata: 1.75568138808012
  landing: 0.9568283818662167
  view-data: 3.374068770557642
