times:
  edit-metadata: 1.3821701928973198
  landing: 0.7775246500968933
  view-data: 3.475363902747631
