times:
  edit-metadata: 1.4400394707918167
  landing: 0.7975588589906693
  view-data: 3.4371136501431465
