times:
  edit-metadata: 1.4162996783852577
  landing: 0.735852487385273
  view-data: 3.4792401790618896
