times:
  edit-metadata: 1.3671795949339867
  landing: 0.8384529426693916
  view-data: 3.443613573908806
