times:
  edit-metadata: 1.506428137421608
  landing: 0.884650282561779
  view-data: 3.4120373651385307
