times:
  edit-metadata: 1.651197411119938
  landing: 0.8198383525013924
  view-data: 3.3406566381454468
