times:
  edit-metadata: 1.4653786979615688
  landing: 0.8770737200975418
  view-data: 3.271956391632557
