times:
  edit-metadata: 1.577248863875866
  landing: 0.9092708081007004
  view-data: 3.3960860073566437
