times:
  edit-metadata: 1.4743518978357315
  landing: 0.850335106253624
  view-data: 3.463324137032032
