times:
  edit-metadata: 1.4184838756918907
  landing: 0.8078271076083183
  view-data: 3.3084859922528267
