times:
  edit-metadata: 1.484729342162609
  landing: 0.8571832254528999
  view-data: 3.375142492353916
