times:
  edit-metadata: 1.9160344004631042
  landing: 1.092393271625042
  view-data: 3.448878861963749
