times:
  edit-metadata: 1.4681358188390732
  landing: 0.9135452918708324
  view-data: 3.2784669809043407
