times:
  edit-metadata: 1.4559806361794472
  landing: 0.8169763535261154
  view-data: 3.3203204199671745
