times:
  edit-metadata: 1.4644106179475784
  landing: 0.9228827804327011
  view-data: 3.2947706915438175
