times:
  edit-metadata: 1.4814770072698593
  landing: 0.8342926427721977
  view-data: 3.538129150867462
