times:
  edit-metadata: 1.5482213236391544
  landing: 0.883910033851862
  view-data: 3.3348595052957535
