times:
  edit-metadata: 1.6062078177928925
  landing: 0.9305935800075531
  view-data: 3.2886729389429092
