times:
  edit-metadata: 1.7816872745752335
  landing: 1.071699671447277
  view-data: 3.3163429237902164
