times:
  edit-metadata: 1.4099346734583378
  landing: 0.9191020764410496
  view-data: 3.3057164661586285
