times:
  edit-metadata: 1.8240920267999172
  landing: 1.546380691230297
  view-data: 3.346853092312813
