times:
  edit-metadata: 1.56293323636055
  landing: 1.0085752978920937
  view-data: 3.408763311803341
