times:
  edit-metadata: 1.4673327542841434
  landing: 0.8394887857139111
  view-data: 3.3094704151153564
