times:
  edit-metadata: 1.50855652987957
  landing: 0.8544575348496437
  view-data: 3.5442566946148872
