times:
  edit-metadata: 1.8626270964741707
  landing: 1.3112226948142052
  view-data: 3.375887982547283
