times:
  edit-metadata: 1.4874827712774277
  landing: 1.0396017916500568
  view-data: 3.281474757939577
