times:
  edit-metadata: 1.409081518650055
  landing: 0.8717640787363052
  view-data: 3.564399376511574
