times:
  edit-metadata: 2.3010863587260246
  landing: 1.2728635035455227
  view-data: 3.499527297914028
