times:
  edit-metadata: 1.5070589259266853
  landing: 1.0252802073955536
  view-data: 3.4776084423065186
