times:
  edit-metadata: 1.4693364575505257
  landing: 0.8453328758478165
  view-data: 3.281546600162983
