times:
  edit-metadata: 1.4468047097325325
  landing: 1.0786841586232185
  view-data: 3.2842442505061626
