times:
  edit-metadata: 1.4763247892260551
  landing: 0.8852891065180302
  view-data: 3.3057248517870903
