times:
  edit-metadata: 1.4398059099912643
  landing: 0.8452865704894066
  view-data: 3.2882441766560078
