times:
  edit-metadata: 1.469424832612276
  landing: 0.8174537047743797
  view-data: 3.3168972209095955
