times:
  edit-metadata: 1.5188316702842712
  landing: 0.818678691983223
  view-data: 3.4253745153546333
