times:
  edit-metadata: 1.4615483023226261
  landing: 0.9245461039245129
  view-data: 3.257227338850498
