times:
  edit-metadata: 1.9808368906378746
  landing: 1.0564281642436981
  view-data: 3.3644079454243183
