times:
  edit-metadata: 1.5321233347058296
  landing: 0.8352403864264488
  view-data: 3.3641077987849712
