times:
  edit-metadata: 1.4123279377818108
  landing: 0.9993248730897903
  view-data: 3.416557140648365
