times:
  edit-metadata: 1.5337097197771072
  landing: 0.8399539291858673
  view-data: 3.4021560177206993
