times:
  edit-metadata: 1.4744747653603554
  landing: 0.8635018952190876
  view-data: 3.3293131329119205
