times:
  edit-metadata: 1.4350687190890312
  landing: 0.7725951671600342
  view-data: 3.401982381939888
