times:
  edit-metadata: 2.5448903776705265
  landing: 1.7758786715567112
  view-data: 3.5388971008360386
