times:
  edit-metadata: 1.6539379134774208
  landing: 1.0135082006454468
  view-data: 3.3044019043445587
