times:
  edit-metadata: 1.4543336629867554
  landing: 1.0209520235657692
  view-data: 3.4442501962184906
