times:
  edit-metadata: 1.4998391643166542
  landing: 1.1813682615756989
  view-data: 3.4799463525414467
