times:
  edit-metadata: 1.7169840261340141
  landing: 1.0904863253235817
  view-data: 3.3084499798715115
