times:
  edit-metadata: 1.5477231219410896
  landing: 0.9484400972723961
  view-data: 3.4631991535425186
