times:
  edit-metadata: 1.5337467603385448
  landing: 0.9925423488020897
  view-data: 3.32798608019948
