times:
  edit-metadata: 1.7534710690379143
  landing: 0.8061193525791168
  view-data: 3.4944970086216927
