times:
  edit-metadata: 1.494926355779171
  landing: 0.8384048417210579
  view-data: 3.4511793479323387
