times:
  edit-metadata: 1.4637431353330612
  landing: 0.8140773251652718
  view-data: 3.447538562119007
