times:
  edit-metadata: 1.409527663141489
  landing: 0.9922508932650089
  view-data: 3.415157400071621
