times:
  edit-metadata: 1.5864371731877327
  landing: 0.8176393955945969
  view-data: 3.4372685849666595
