times:
  edit-metadata: 1.4225525446236134
  landing: 0.8326634652912617
  view-data: 3.3023033440113068
