times:
  edit-metadata: 1.517100304365158
  landing: 0.8490878641605377
  view-data: 3.3988197818398476
