times:
  edit-metadata: 1.6485277712345123
  landing: 1.1302431263029575
  view-data: 3.3135257959365845
