times:
  edit-metadata: 2.8764871954917908
  landing: 2.086857631802559
  view-data: 4.033984556794167
