times:
  edit-metadata: 1.4828869476914406
  landing: 0.8320391550660133
  view-data: 3.5269791409373283
