times:
  edit-metadata: 1.4808965027332306
  landing: 0.8583527579903603
  view-data: 3.314952254295349
