times:
  edit-metadata: 1.6408981159329414
  landing: 1.0207602083683014
  view-data: 3.3154291808605194
