times:
  edit-metadata: 1.5921614058315754
  landing: 0.8908048048615456
  view-data: 3.3347164168953896
