times:
  edit-metadata: 1.5450266301631927
  landing: 0.8498685732483864
  view-data: 3.489237420260906
