times:
  edit-metadata: 1.4639910534024239
  landing: 0.8300801068544388
  view-data: 3.285892590880394
