times:
  edit-metadata: 1.535989873111248
  landing: 0.9546582326292992
  view-data: 3.3282932937145233
