times:
  edit-metadata: 2.7918469347059727
  landing: 2.1649715937674046
  view-data: 3.5231712609529495
