times:
  edit-metadata: 1.6264677196741104
  landing: 1.1183522567152977
  view-data: 3.408376857638359
