times:
  edit-metadata: 1.5162193104624748
  landing: 0.9429399073123932
  view-data: 3.489320546388626
