times:
  edit-metadata: 1.6440720967948437
  landing: 1.0659200996160507
  view-data: 3.278156951069832
