times:
  edit-metadata: 1.455530472099781
  landing: 0.9039479270577431
  view-data: 3.469609886407852
