times:
  edit-metadata: 1.6334133259952068
  landing: 0.9986334331333637
  view-data: 3.278886627405882
