times:
  edit-metadata: 1.4558498561382294
  landing: 0.8834679052233696
  view-data: 3.287754975259304
