times:
  edit-metadata: 1.4694028124213219
  landing: 0.8158284649252892
  view-data: 3.3755260556936264
