times:
  edit-metadata: 1.439262293279171
  landing: 0.9189642444252968
  view-data: 3.2966533452272415
