times:
  edit-metadata: 1.4485463835299015
  landing: 0.9051960147917271
  view-data: 3.284395407885313
