times:
  edit-metadata: 1.5238797515630722
  landing: 0.7860532477498055
  view-data: 3.4178200140595436
