times:
  edit-metadata: 1.4892251268029213
  landing: 0.7887007221579552
  view-data: 3.4584758654236794
