times:
  edit-metadata: 1.6998907327651978
  landing: 1.026019997894764
  view-data: 3.4052147939801216
