times:
  edit-metadata: 1.4532268345355988
  landing: 0.8543777465820312
  view-data: 3.4292306676506996
