times:
  edit-metadata: 1.5040020048618317
  landing: 0.8350408747792244
  view-data: 3.3885561525821686
