times:
  edit-metadata: 1.5271736234426498
  landing: 1.0525658279657364
  view-data: 3.470148742198944
