times:
  edit-metadata: 1.452906932681799
  landing: 1.2114631719887257
  view-data: 3.4046895392239094
