times:
  edit-metadata: 1.566087994724512
  landing: 0.8123944364488125
  view-data: 3.3724348209798336
