times:
  edit-metadata: 1.4769680500030518
  landing: 0.8743160888552666
  view-data: 3.40950258821249
