times:
  edit-metadata: 1.5442808717489243
  landing: 0.9967698305845261
  view-data: 3.322277545928955
