times:
  edit-metadata: 1.5218368247151375
  landing: 0.8539947271347046
  view-data: 3.4645927026867867
