times:
  edit-metadata: 1.4769446402788162
  landing: 0.801425039768219
  view-data: 3.3897106125950813
