times:
  edit-metadata: 1.5311321318149567
  landing: 0.8848569504916668
  view-data: 3.2761406786739826
