times:
  edit-metadata: 1.4259799718856812
  landing: 0.796967126429081
  view-data: 3.5179322361946106
