times:
  edit-metadata: 2.3954553604125977
  landing: 1.537410944700241
  view-data: 3.9128638058900833
