times:
  edit-metadata: 1.5109539180994034
  landing: 0.859334584325552
  view-data: 3.2810423895716667
