times:
  edit-metadata: 1.58950537443161
  landing: 0.9525724500417709
  view-data: 3.4323412626981735
