times:
  edit-metadata: 1.5086045563220978
  landing: 0.8847532384097576
  view-data: 3.2708138301968575
