times:
  edit-metadata: 1.4829011112451553
  landing: 0.8022540956735611
  view-data: 3.422282427549362
