times:
  edit-metadata: 1.4693379402160645
  landing: 1.1553257554769516
  view-data: 3.3182861283421516
