times:
  edit-metadata: 1.8007286712527275
  landing: 1.2119531966745853
  view-data: 3.280329819768667
