times:
  edit-metadata: 1.562428254634142
  landing: 0.8199323415756226
  view-data: 3.301019638776779
