times:
  edit-metadata: 1.5157997384667397
  landing: 0.8597140535712242
  view-data: 3.5895443856716156
