times:
  edit-metadata: 1.5449760854244232
  landing: 0.9279744699597359
  view-data: 3.6510051116347313
