times:
  edit-metadata: 1.4999160915613174
  landing: 0.8097578957676888
  view-data: 3.38473803922534
