times:
  edit-metadata: 1.7119996026158333
  landing: 1.1682156696915627
  view-data: 3.5938419327139854
