times:
  edit-metadata: 1.5371780693531036
  landing: 1.0068004503846169
  view-data: 3.2713566571474075
