times:
  edit-metadata: 1.7196269258856773
  landing: 0.9202304035425186
  view-data: 3.37550887465477
