times:
  edit-metadata: 1.5267740339040756
  landing: 0.8441711068153381
  view-data: 3.445146106183529
