times:
  edit-metadata: 1.4808155000209808
  landing: 0.778130903840065
  view-data: 3.488107420504093
