times:
  edit-metadata: 1.5604462996125221
  landing: 1.0176524966955185
  view-data: 3.474340595304966
