times:
  edit-metadata: 1.4398800767958164
  landing: 0.9131985604763031
  view-data: 3.319236397743225
