times:
  edit-metadata: 1.5731916949152946
  landing: 1.0706335306167603
  view-data: 3.3063877001404762
