times:
  edit-metadata: 2.0581063330173492
  landing: 1.0039235651493073
  view-data: 3.3019645735621452
