times:
  edit-metadata: 1.4690174236893654
  landing: 0.8916741162538528
  view-data: 3.4390943348407745
