times:
  edit-metadata: 1.5203406289219856
  landing: 0.8545600846409798
  view-data: 3.461021438241005
