times:
  edit-metadata: 1.4420133046805859
  landing: 0.8933105617761612
  view-data: 3.2933621555566788
