times:
  edit-metadata: 1.4759700521826744
  landing: 0.8252516835927963
  view-data: 3.5433060377836227
