times:
  edit-metadata: 1.5376164317131042
  landing: 0.9333239644765854
  view-data: 3.4817606806755066
