times:
  edit-metadata: 1.761999525129795
  landing: 0.986765019595623
  view-data: 3.2883406430482864
