times:
  edit-metadata: 2.041585825383663
  landing: 1.0817657634615898
  view-data: 3.4544752314686775
