times:
  edit-metadata: 1.418076328933239
  landing: 0.7850163578987122
  view-data: 3.4665176421403885
