times:
  edit-metadata: 1.4630317315459251
  landing: 0.8561312854290009
  view-data: 3.370268043130636
