times:
  edit-metadata: 1.6650456488132477
  landing: 0.9104564115405083
  view-data: 3.3886382803320885
