times:
  edit-metadata: 1.4430310428142548
  landing: 0.8570362329483032
  view-data: 3.3249963261187077
