times:
  edit-metadata: 1.5082268342375755
  landing: 0.8898187801241875
  view-data: 3.408670887351036
