times:
  edit-metadata: 1.57723880559206
  landing: 0.9361376166343689
  view-data: 3.4540366530418396
