times:
  edit-metadata: 2.494773119688034
  landing: 1.2218798398971558
  view-data: 3.527898259460926
