times:
  edit-metadata: 1.4079134985804558
  landing: 0.8049586676061153
  view-data: 3.2710431553423405
