times:
  edit-metadata: 1.5831212103366852
  landing: 1.1613188162446022
  view-data: 3.32349893450737
