times:
  edit-metadata: 1.8476485833525658
  landing: 1.3416964747011662
  view-data: 3.2428143322467804
