times:
  edit-metadata: 1.5936525762081146
  landing: 1.0070718489587307
  view-data: 3.309735130518675
