times:
  edit-metadata: 1.4343275837600231
  landing: 0.8974111564457417
  view-data: 3.2522044107317924
