times:
  edit-metadata: 1.709671102464199
  landing: 0.9780962392687798
  view-data: 3.3183136731386185
