times:
  edit-metadata: 1.5210116058588028
  landing: 0.8378082662820816
  view-data: 3.369448520243168
