times:
  edit-metadata: 1.459047146141529
  landing: 0.8191739618778229
  view-data: 3.480342783033848
