times:
  edit-metadata: 1.4214470572769642
  landing: 0.7809334173798561
  view-data: 3.315263517200947
