times:
  edit-metadata: 1.4300005659461021
  landing: 0.8295938819646835
  view-data: 3.241837963461876
