times:
  edit-metadata: 1.4692559465765953
  landing: 0.819575123488903
  view-data: 3.3680333718657494
