times:
  edit-metadata: 1.4365117102861404
  landing: 0.8179711177945137
  view-data: 3.408950410783291
