times:
  edit-metadata: 1.596193753182888
  landing: 1.0808922052383423
  view-data: 3.4427192509174347
