times:
  edit-metadata: 1.4800377935171127
  landing: 0.8637629300355911
  view-data: 3.437069445848465
