times:
  edit-metadata: 1.4344378635287285
  landing: 0.8416494354605675
  view-data: 3.2509774193167686
