times:
  edit-metadata: 2.9859403148293495
  landing: 2.6049095019698143
  view-data: 3.5362699180841446
