times:
  edit-metadata: 1.4257885366678238
  landing: 0.7990360856056213
  view-data: 3.4191741198301315
