times:
  edit-metadata: 1.6540526449680328
  landing: 1.1696509420871735
  view-data: 3.5013467520475388
