times:
  edit-metadata: 1.5110331326723099
  landing: 0.8043190836906433
  view-data: 3.4769947230815887
