times:
  edit-metadata: 1.426155935972929
  landing: 0.8526709489524364
  view-data: 3.3369887731969357
