times:
  edit-metadata: 1.508688297122717
  landing: 0.8785795383155346
  view-data: 3.280486635863781
