times:
  edit-metadata: 1.6866050586104393
  landing: 0.9292728006839752
  view-data: 3.426213823258877
