times:
  edit-metadata: 1.445714645087719
  landing: 0.7770195826888084
  view-data: 3.5378683134913445
