times:
  edit-metadata: 1.4390939697623253
  landing: 0.7930920943617821
  view-data: 3.4292224794626236
