times:
  edit-metadata: 1.6226858235895634
  landing: 1.5163995623588562
  view-data: 3.396929908543825
