times:
  landing: 1.0606392600002437
  view-data: 0.5461936899996545
