times:
  landing: 0.5532995639999854
  view-data: 0.5543099359999815
