times:
  landing: 0.5609463320000145
  view-data: 0.5649332799999911
