times:
  landing: 0.5524474999999711
  view-data: 0.5578681460000325
