times:
  landing: 0.5617436769999813
  view-data: 0.5605794590000528
