times:
  landing: 1.5889111410000396
  view-data: 0.555051939000009
