times:
  landing: 0.6131663790000061
  view-data: 0.5557315820000213
