times:
  landing: 1.0790842499999371
  view-data: 0.567251218000024
