times:
  landing: 0.5512559979999878
  view-data: 0.550724893999984
