times:
  landing: 0.5424366120000741
  view-data: 0.5455537569999933
