times:
  edit-metadata: 1.5620277151465416
  landing: 0.9903975166380405
  view-data: 3.4120516553521156
