times:
  edit-metadata: 1.4845857322216034
  landing: 0.9044283553957939
  view-data: 3.4698704332113266
