times:
  edit-metadata: 1.5809450969099998
  landing: 0.8701067268848419
  view-data: 3.5997784584760666
