times:
  edit-metadata: 1.4712073728442192
  landing: 1.0423612669110298
  view-data: 3.623038485646248
