times:
  edit-metadata: 1.4845364727079868
  landing: 0.8859720826148987
  view-data: 3.3288475461304188
