times:
  edit-metadata: 1.680865552276373
  landing: 1.0257190726697445
  view-data: 3.3265126049518585
