times:
  edit-metadata: 1.4549401253461838
  landing: 0.8196558430790901
  view-data: 3.5448901504278183
