times:
  edit-metadata: 1.4149423986673355
  landing: 0.9838660508394241
  view-data: 3.4106088504195213
