times:
  edit-metadata: 1.5088529773056507
  landing: 0.8624324314296246
  view-data: 3.3067261949181557
