times:
  edit-metadata: 1.4235402084887028
  landing: 1.0002501346170902
  view-data: 3.4193322882056236
