times:
  edit-metadata: 1.6039067655801773
  landing: 0.7762239873409271
  view-data: 3.440321773290634
