times:
  edit-metadata: 1.6780879944562912
  landing: 0.9599918015301228
  view-data: 3.419915407896042
