times:
  edit-metadata: 1.4520398527383804
  landing: 0.988506481051445
  view-data: 3.4745382517576218
