times:
  edit-metadata: 2.2801750749349594
  landing: 1.3854919523000717
  view-data: 3.417310081422329
