times:
  edit-metadata: 1.4487922675907612
  landing: 0.9273036159574986
  view-data: 3.34236054494977
