times:
  edit-metadata: 1.5683269873261452
  landing: 0.9017900004982948
  view-data: 3.3126988895237446
