times:
  edit-metadata: 1.4727901741862297
  landing: 0.9280774481594563
  view-data: 3.353481411933899
