times:
  edit-metadata: 1.8474000878632069
  landing: 1.0366524420678616
  view-data: 3.318378262221813
