times:
  edit-metadata: 1.4882246404886246
  landing: 0.8280771598219872
  view-data: 3.2903905734419823
