times:
  edit-metadata: 1.8037385530769825
  landing: 1.375087484717369
  view-data: 3.332158800214529
