times:
  edit-metadata: 1.5310047194361687
  landing: 0.9911697879433632
  view-data: 3.4999631866812706
