times:
  edit-metadata: 1.5990987345576286
  landing: 0.8914133831858635
  view-data: 3.3428439423441887
