times:
  edit-metadata: 1.5535934120416641
  landing: 0.927979588508606
  view-data: 3.4319236502051353
