times:
  edit-metadata: 1.5530322566628456
  landing: 1.0068314224481583
  view-data: 3.4411316215991974
