times:
  edit-metadata: 1.4277333244681358
  landing: 0.8212902583181858
  view-data: 3.454337414354086
