times:
  edit-metadata: 1.3273256048560143
  landing: 0.8355851247906685
  view-data: 3.336947701871395
