times:
  edit-metadata: 1.5648078247904778
  landing: 0.7822116389870644
  view-data: 3.434946522116661
