times:
  edit-metadata: 1.9803859442472458
  landing: 1.2611402496695518
  view-data: 3.399244338274002
