times:
  edit-metadata: 1.299697682261467
  landing: 0.9374420046806335
  view-data: 3.524683505296707
