times:
  edit-metadata: 1.4153023809194565
  landing: 0.8599794507026672
  view-data: 3.4588540494441986
