times:
  edit-metadata: 1.473240815103054
  landing: 0.8363300934433937
  view-data: 3.4374159574508667
