times:
  edit-metadata: 1.6421923115849495
  landing: 0.7934966310858727
  view-data: 3.4884853288531303
