times:
  edit-metadata: 1.4441075921058655
  landing: 0.9161488711833954
  view-data: 3.471256010234356
