times:
  edit-metadata: 1.4998950883746147
  landing: 0.8803628906607628
  view-data: 3.531059466302395
