times:
  edit-metadata: 1.4879062697291374
  landing: 0.8318131864070892
  view-data: 3.464451789855957
