times:
  edit-metadata: 1.429504081606865
  landing: 0.8463248759508133
  view-data: 3.4921924099326134
