times:
  edit-metadata: 1.5284521728754044
  landing: 0.9217731058597565
  view-data: 3.300179872661829
