times:
  edit-metadata: 1.5315137393772602
  landing: 0.899597205221653
  view-data: 3.3354065977036953
