times:
  edit-metadata: 1.6410854309797287
  landing: 0.9272105619311333
  view-data: 3.3978762105107307
