times:
  edit-metadata: 1.5159750655293465
  landing: 0.8424530029296875
  view-data: 3.49112356454134
