times:
  edit-metadata: 1.6179122999310493
  landing: 0.9506581127643585
  view-data: 3.3753632083535194
