times:
  edit-metadata: 1.5400700271129608
  landing: 1.1167120859026909
  view-data: 3.327999971807003
