times:
  edit-metadata: 1.3972201570868492
  landing: 0.942081905901432
  view-data: 3.2563003972172737
