times:
  edit-metadata: 1.470535270869732
  landing: 0.9016669392585754
  view-data: 3.553872801363468
