times:
  edit-metadata: 1.5183295235037804
  landing: 0.9278207868337631
  view-data: 3.3501906991004944
