times:
  edit-metadata: 1.5277184396982193
  landing: 1.0106152668595314
  view-data: 3.272683672606945
