times:
  edit-metadata: 1.488597858697176
  landing: 0.8811113946139812
  view-data: 3.290438611060381
