times:
  edit-metadata: 1.5966409593820572
  landing: 0.851244643330574
  view-data: 3.4524480402469635
