times:
  edit-metadata: 1.5947101786732674
  landing: 0.9309724941849709
  view-data: 3.274317681789398
