times:
  edit-metadata: 1.5752331838011742
  landing: 0.8752672150731087
  view-data: 3.2963982932269573
