times:
  edit-metadata: 1.4635902866721153
  landing: 0.8335275687277317
  view-data: 3.326690997928381
