times:
  edit-metadata: 1.5069072470068932
  landing: 0.8490561246871948
  view-data: 3.491943195462227
