times:
  edit-metadata: 2.1193514689803123
  landing: 1.3265420868992805
  view-data: 3.474107079207897
