times:
  edit-metadata: 1.5521751046180725
  landing: 0.9056447595357895
  view-data: 3.470844365656376
