times:
  edit-metadata: 1.5037150345742702
  landing: 0.9798820354044437
  view-data: 3.3087094984948635
