times:
  edit-metadata: 1.5277662947773933
  landing: 0.8966302871704102
  view-data: 3.510549746453762
