times:
  edit-metadata: 2.0332133397459984
  landing: 1.108108475804329
  view-data: 3.7841119840741158
