times:
  edit-metadata: 1.534823164343834
  landing: 0.8496860936284065
  view-data: 3.4870622009038925
