times:
  edit-metadata: 1.4015912748873234
  landing: 0.82873510196805
  view-data: 3.3291116058826447
