times:
  edit-metadata: 1.5558266192674637
  landing: 0.934911459684372
  view-data: 3.355115979909897
