times:
  edit-metadata: 1.537353292107582
  landing: 0.8635577224195004
  view-data: 3.2985449954867363
