times:
  edit-metadata: 1.4554827138781548
  landing: 0.9017468653619289
  view-data: 3.32630330696702
