times:
  edit-metadata: 1.5237809121608734
  landing: 0.9655947536230087
  view-data: 3.375028572976589
