times:
  edit-metadata: 1.823721095919609
  landing: 1.3816182278096676
  view-data: 3.4344855211675167
