times:
  edit-metadata: 1.407319225370884
  landing: 0.9583475403487682
  view-data: 3.365241639316082
