times:
  edit-metadata: 1.4832712560892105
  landing: 0.8098813444375992
  view-data: 3.4830416589975357
