times:
  edit-metadata: 1.468122135847807
  landing: 1.1262596994638443
  view-data: 3.2793625220656395
