times:
  edit-metadata: 1.639548435807228
  landing: 0.8450626470148563
  view-data: 3.399475332349539
