times:
  edit-metadata: 1.4221050143241882
  landing: 0.8382493183016777
  view-data: 3.6059682965278625
