times:
  edit-metadata: 1.5762334689497948
  landing: 1.3126318231225014
  view-data: 3.327913038432598
