times:
  edit-metadata: 1.4624281451106071
  landing: 0.832753375172615
  view-data: 3.5029603019356728
