times:
  edit-metadata: 1.5049433298408985
  landing: 0.9654485248029232
  view-data: 3.3341779857873917
