times:
  edit-metadata: 1.5542157515883446
  landing: 0.9773889034986496
  view-data: 3.530527763068676
