times:
  edit-metadata: 1.410969689488411
  landing: 0.8231204450130463
  view-data: 3.4206562936306
