times:
  edit-metadata: 1.52927365899086
  landing: 0.9286585748195648
  view-data: 3.5714320987462997
