times:
  edit-metadata: 1.4701196104288101
  landing: 0.8557827547192574
  view-data: 3.2826708406209946
