times:
  edit-metadata: 1.4397153928875923
  landing: 0.8575880154967308
  view-data: 3.52044378221035
