times:
  edit-metadata: 1.3657804057002068
  landing: 0.8301367461681366
  view-data: 3.484586961567402
