times:
  edit-metadata: 1.8070528730750084
  landing: 1.1231566108763218
  view-data: 3.3362955413758755
