times:
  edit-metadata: 1.4230029806494713
  landing: 0.8372770324349403
  view-data: 3.4973787665367126
