times:
  edit-metadata: 1.5724309012293816
  landing: 0.8829103261232376
  view-data: 3.477226197719574
