times:
  edit-metadata: 1.4910407662391663
  landing: 1.0094028189778328
  view-data: 3.656913310289383
