times:
  edit-metadata: 1.4287164360284805
  landing: 0.9641829840838909
  view-data: 3.2856708094477654
