times:
  edit-metadata: 1.377260483801365
  landing: 0.8085987195372581
  view-data: 3.269583832472563
