times:
  edit-metadata: 1.6402732208371162
  landing: 0.9080582335591316
  view-data: 3.3252170011401176
