times:
  edit-metadata: 1.4410360604524612
  landing: 0.8036893233656883
  view-data: 3.526967868208885
