times:
  edit-metadata: 1.4385611489415169
  landing: 1.1763822063803673
  view-data: 3.5105929374694824
