times:
  edit-metadata: 2.6622484251856804
  landing: 1.2843722626566887
  view-data: 3.426337070763111
