times:
  edit-metadata: 1.4481585323810577
  landing: 0.9044056609272957
  view-data: 3.2951372414827347
