times:
  edit-metadata: 1.525099329650402
  landing: 0.8857688754796982
  view-data: 3.48812485486269
