times:
  edit-metadata: 1.4769806116819382
  landing: 0.8256781250238419
  view-data: 3.285273127257824
