times:
  edit-metadata: 1.949419490993023
  landing: 0.9087479747831821
  view-data: 3.311145044863224
