times:
  edit-metadata: 1.3670463934540749
  landing: 0.8263154476881027
  view-data: 3.4461434334516525
