times:
  edit-metadata: 1.4414246380329132
  landing: 0.8804040029644966
  view-data: 3.496464431285858
