times:
  edit-metadata: 1.634015467017889
  landing: 0.9673347994685173
  view-data: 3.310209572315216
