times:
  edit-metadata: 1.3499432913959026
  landing: 0.9561363831162453
  view-data: 3.2994054928421974
