times:
  edit-metadata: 1.4790616184473038
  landing: 0.9024206511676311
  view-data: 3.3619056157767773
