times:
  edit-metadata: 1.4016459584236145
  landing: 0.9330490231513977
  view-data: 3.2900751307606697
