times:
  edit-metadata: 1.507326077669859
  landing: 0.9056429900228977
  view-data: 3.3179685287177563
