times:
  edit-metadata: 1.4774370789527893
  landing: 1.0159181281924248
  view-data: 3.3026679307222366
