times:
  edit-metadata: 1.5016032420098782
  landing: 0.9222841151058674
  view-data: 3.3778251484036446
