times:
  edit-metadata: 1.452001266181469
  landing: 0.9667219333350658
  view-data: 3.3312891386449337
