times:
  edit-metadata: 1.5390482172369957
  landing: 0.9487039744853973
  view-data: 3.4898496568202972
