times:
  edit-metadata: 1.397837683558464
  landing: 0.9072868525981903
  view-data: 3.307702511548996
