times:
  edit-metadata: 1.4850487112998962
  landing: 0.8553088754415512
  view-data: 3.3994781598448753
