times:
  edit-metadata: 1.5344409719109535
  landing: 0.9579203948378563
  view-data: 3.4974894300103188
