times:
  edit-metadata: 1.5191971436142921
  landing: 0.8153534457087517
  view-data: 3.497561350464821
