times:
  edit-metadata: 1.44830933958292
  landing: 0.8054827600717545
  view-data: 3.2492760345339775
