times:
  edit-metadata: 1.6977322697639465
  landing: 1.0758891925215721
  view-data: 3.341899275779724
