times:
  edit-metadata: 1.4600671455264091
  landing: 0.7684439942240715
  view-data: 3.559746854007244
