times:
  edit-metadata: 1.4572871029376984
  landing: 0.8598922416567802
  view-data: 3.443440243601799
