times:
  edit-metadata: 1.867923703044653
  landing: 0.9210562482476234
  view-data: 3.313109517097473
