times:
  edit-metadata: 1.450614620000124
  landing: 0.8447732478380203
  view-data: 3.327722355723381
