times:
  edit-metadata: 1.478083573281765
  landing: 0.8149001076817513
  view-data: 3.4484826773405075
