times:
  edit-metadata: 1.5398823469877243
  landing: 0.9223833605647087
  view-data: 3.4285087510943413
