times:
  edit-metadata: 1.539162091910839
  landing: 0.8955760672688484
  view-data: 3.3066152334213257
