times:
  edit-metadata: 1.6481179893016815
  landing: 0.8025454059243202
  view-data: 3.349342279136181
