times:
  edit-metadata: 1.4606331884860992
  landing: 0.770573578774929
  view-data: 3.3816433548927307
