times:
  edit-metadata: 1.3989099189639091
  landing: 0.8517256528139114
  view-data: 3.3694693446159363
