times:
  edit-metadata: 1.456157073378563
  landing: 0.9815464168787003
  view-data: 3.52232001721859
