times:
  edit-metadata: 1.572876714169979
  landing: 0.8612042292952538
  view-data: 3.514875628054142
