times:
  edit-metadata: 1.4657552912831306
  landing: 1.157642401754856
  view-data: 3.4375652223825455
