times:
  edit-metadata: 1.4936170801520348
  landing: 0.8162055686116219
  view-data: 3.331020437180996
