times:
  edit-metadata: 1.4310893714427948
  landing: 0.7586219944059849
  view-data: 3.255731586366892
