times:
  edit-metadata: 1.4100005328655243
  landing: 0.8397038131952286
  view-data: 3.33160937204957
