times:
  edit-metadata: 1.4143608957529068
  landing: 0.8139866217970848
  view-data: 3.4324593022465706
