times:
  edit-metadata: 1.8108684904873371
  landing: 0.8447251282632351
  view-data: 3.3007732294499874
