times:
  edit-metadata: 2.2213670313358307
  landing: 1.5525641217827797
  view-data: 3.4657357782125473
