times:
  edit-metadata: 1.7705748155713081
  landing: 0.9549512714147568
  view-data: 3.357606939971447
