times:
  edit-metadata: 1.5064809620380402
  landing: 1.092948079109192
  view-data: 3.2692407071590424
