times:
  edit-metadata: 1.5323282591998577
  landing: 0.8925068639218807
  view-data: 3.371308010071516
