times:
  edit-metadata: 2.0430481024086475
  landing: 3.1927447579801083
  view-data: 3.41280722245574
