times:
  edit-metadata: 1.5124006681144238
  landing: 0.9407617188990116
  view-data: 3.324417695403099
