times:
  edit-metadata: 1.5728847496211529
  landing: 0.8110745698213577
  view-data: 3.28784853592515
