times:
  edit-metadata: 1.4070967733860016
  landing: 0.8712632954120636
  view-data: 3.43920136988163
