times:
  edit-metadata: 1.5579052940011024
  landing: 0.8855982944369316
  view-data: 3.5297627970576286
