times:
  edit-metadata: 1.6501672565937042
  landing: 0.854407787322998
  view-data: 3.371987894177437
