times:
  edit-metadata: 1.5580055192112923
  landing: 0.9480776786804199
  view-data: 3.3449447974562645
