times:
  edit-metadata: 1.5248788446187973
  landing: 0.9056691005825996
  view-data: 3.4793753623962402
