times:
  edit-metadata: 1.4234298691153526
  landing: 1.1968790963292122
  view-data: 3.34815813601017
