times:
  edit-metadata: 1.4309654794633389
  landing: 0.9449885040521622
  view-data: 3.3419036976993084
