times:
  edit-metadata: 1.4985936135053635
  landing: 0.8063361570239067
  view-data: 3.426755480468273
