times:
  edit-metadata: 2.0592664256691933
  landing: 1.031062200665474
  view-data: 3.50438529253006
