times:
  edit-metadata: 1.5344909727573395
  landing: 0.8200656473636627
  view-data: 3.4351958334445953
