times:
  edit-metadata: 1.486909031867981
  landing: 0.8841522186994553
  view-data: 3.4616251960396767
