times:
  edit-metadata: 1.5400243699550629
  landing: 0.7836229056119919
  view-data: 3.4381176829338074
