times:
  edit-metadata: 1.4396393410861492
  landing: 1.0611845143139362
  view-data: 3.317679952830076
