times:
  edit-metadata: 1.6234908364713192
  landing: 0.9506021365523338
  view-data: 3.3486098796129227
