times:
  edit-metadata: 1.4533709660172462
  landing: 0.8160060718655586
  view-data: 3.4734523445367813
