times:
  edit-metadata: 1.3674547672271729
  landing: 0.8683583363890648
  view-data: 3.300660464912653
