times:
  edit-metadata: 1.4310711398720741
  landing: 0.881555050611496
  view-data: 3.2683018296957016
