times:
  edit-metadata: 1.557336289435625
  landing: 0.980615820735693
  view-data: 3.3233692795038223
