times:
  edit-metadata: 2.044335175305605
  landing: 1.4173958152532578
  view-data: 3.3448273055255413
