times:
  edit-metadata: 1.5328882485628128
  landing: 0.9566051885485649
  view-data: 3.2847516499459743
