times:
  edit-metadata: 1.4051971659064293
  landing: 0.990245845168829
  view-data: 3.3453054800629616
