times:
  edit-metadata: 1.9163629226386547
  landing: 1.3894757442176342
  view-data: 3.3403829224407673
