times:
  edit-metadata: 1.8850871324539185
  landing: 1.3532313965260983
  view-data: 3.3540144115686417
