times:
  edit-metadata: 1.484090194106102
  landing: 0.877251386642456
  view-data: 3.4737502858042717
