times:
  edit-metadata: 1.3446232378482819
  landing: 0.8330800458788872
  view-data: 3.444434866309166
