times:
  edit-metadata: 1.4554415941238403
  landing: 0.8266627341508865
  view-data: 3.4462695494294167
