times:
  edit-metadata: 1.9367419742047787
  landing: 1.3282993324100971
  view-data: 3.3942369520664215
