times:
  edit-metadata: 1.4912733361124992
  landing: 1.0355566963553429
  view-data: 3.4474672973155975
