times:
  edit-metadata: 1.5503548234701157
  landing: 1.019308015704155
  view-data: 3.571905702352524
