times:
  edit-metadata: 1.4889737591147423
  landing: 0.8694441244006157
  view-data: 3.439120501279831
