times:
  edit-metadata: 1.8841192051768303
  landing: 1.5690445341169834
  view-data: 3.307476446032524
