times:
  edit-metadata: 1.4027538672089577
  landing: 0.8795333951711655
  view-data: 3.376730665564537
