times:
  edit-metadata: 1.4462950825691223
  landing: 1.149281233549118
  view-data: 3.4894526228308678
