times:
  edit-metadata: 1.9601375460624695
  landing: 1.2517920471727848
  view-data: 3.2695780023932457
