times:
  edit-metadata: 1.4365772381424904
  landing: 0.9859254509210587
  view-data: 3.379870042204857
