times:
  edit-metadata: 1.5834342017769814
  landing: 0.970465324819088
  view-data: 3.322397880256176
