times:
  edit-metadata: 1.7365497648715973
  landing: 0.9036534354090691
  view-data: 3.2657071724534035
