times:
  edit-metadata: 1.4855291470885277
  landing: 0.821926012635231
  view-data: 3.460601508617401
