times:
  edit-metadata: 1.4458106458187103
  landing: 0.8584225997328758
  view-data: 3.4630629271268845
