times:
  edit-metadata: 2.0242012478411198
  landing: 1.5032065995037556
  view-data: 3.4652655944228172
