times:
  edit-metadata: 2.593160428106785
  landing: 1.8894854485988617
  view-data: 1.3298314549028873
