times:
  edit-metadata: 1.3898951187729836
  landing: 0.9455699846148491
  view-data: 3.5314751639962196
