times:
  edit-metadata: 1.588208630681038
  landing: 0.8757431581616402
  view-data: 3.315115973353386
