times:
  edit-metadata: 1.4695183709263802
  landing: 0.7613651379942894
  view-data: 3.44217462092638
