times:
  edit-metadata: 1.4031349271535873
  landing: 0.8057102039456367
  view-data: 3.417165845632553
