times:
  edit-metadata: 2.3000007197260857
  landing: 1.380216509103775
  view-data: 3.685583673417568
