times:
  edit-metadata: 1.4219710007309914
  landing: 0.8394298180937767
  view-data: 3.512904219329357
