times:
  edit-metadata: 1.3816186152398586
  landing: 0.8986376449465752
  view-data: 3.34492701664567
