times:
  edit-metadata: 1.3876896053552628
  landing: 0.9391882494091988
  view-data: 3.4269207790493965
