times:
  edit-metadata: 1.3754758462309837
  landing: 0.7960578054189682
  view-data: 3.381902240216732
