times:
  edit-metadata: 1.3489150702953339
  landing: 0.7735742703080177
  view-data: 3.2533894032239914
