times:
  edit-metadata: 1.3257707208395004
  landing: 0.8633769527077675
  view-data: 3.3158748894929886
