times:
  edit-metadata: 1.8665720634162426
  landing: 1.3430257327854633
  view-data: 1.1358911916613579
