times:
  edit-metadata: 1.3859290927648544
  landing: 1.058499738574028
  view-data: 3.482674241065979
