times:
  edit-metadata: 1.3769069090485573
  landing: 0.8458987474441528
  view-data: 3.362467661499977
