times:
  edit-metadata: 1.4796615950763226
  landing: 0.8981032744050026
  view-data: 3.34909375756979
