times:
  edit-metadata: 1.3915208727121353
  landing: 0.9653157070279121
  view-data: 3.300450272858143
