times:
  edit-metadata: 1.5022953264415264
  landing: 0.9118838869035244
  view-data: 3.3539590537548065
