times:
  edit-metadata: 1.5216583460569382
  landing: 0.8353453502058983
  view-data: 3.491239346563816
