times:
  edit-metadata: 1.446134775876999
  landing: 1.0276260450482368
  view-data: 3.3032818287611008
