times:
  edit-metadata: 1.3945184797048569
  landing: 0.8385319486260414
  view-data: 3.399093881249428
