times:
  edit-metadata: 1.7459318228065968
  landing: 0.9104236476123333
  view-data: 3.339655078947544
