times:
  edit-metadata: 1.4039282128214836
  landing: 1.010011501610279
  view-data: 3.277383901178837
