times:
  edit-metadata: 2.2068468630313873
  landing: 1.4036882258951664
  view-data: 3.356909614056349
