times:
  edit-metadata: 1.8725112713873386
  landing: 1.3178707212209702
  view-data: 3.3243913017213345
