times:
  edit-metadata: 1.4743698462843895
  landing: 0.9409147426486015
  view-data: 3.313049405813217
