times:
  edit-metadata: 1.9289751127362251
  landing: 1.4826491586863995
  view-data: 3.3180598244071007
