times:
  edit-metadata: 1.9219545647501945
  landing: 1.2861865051090717
  view-data: 3.4093617349863052
