times:
  edit-metadata: 1.9337876960635185
  landing: 1.2551880478858948
  view-data: 3.581999659538269
