times:
  edit-metadata: 2.2858453914523125
  landing: 1.4826497472822666
  view-data: 3.451630011200905
