times:
  edit-metadata: 1.452474132180214
  landing: 0.8120686784386635
  view-data: 3.4579567536711693
