times:
  edit-metadata: 2.05933191254735
  landing: 1.7306920886039734
  view-data: 3.3928574547171593
