times:
  edit-metadata: 2.178006149828434
  landing: 1.500883400440216
  view-data: 1.335255991667509
