times:
  edit-metadata: 1.5481291338801384
  landing: 1.0401760712265968
  view-data: 3.4173250943422318
