times:
  edit-metadata: 1.3959283903241158
  landing: 0.780852422118187
  view-data: 3.335103377699852
