times:
  edit-metadata: 1.4185705780982971
  landing: 0.8971520662307739
  view-data: 3.491595968604088
