times:
  edit-metadata: 1.6518617495894432
  landing: 0.8505948595702648
  view-data: 3.3166639395058155
