times:
  edit-metadata: 1.896887894719839
  landing: 1.2918962724506855
  view-data: 3.2870979458093643
