times:
  edit-metadata: 1.3439741730690002
  landing: 0.8719710856676102
  view-data: 3.4352581948041916
