times:
  edit-metadata: 1.6773551404476166
  landing: 1.0679463595151901
  view-data: 3.378052357584238
