times:
  edit-metadata: 1.4547404944896698
  landing: 0.8770056441426277
  view-data: 3.462860085070133
