times:
  edit-metadata: 1.9130775965750217
  landing: 1.2577861808240414
  view-data: 3.2896791212260723
