times:
  edit-metadata: 1.370195411145687
  landing: 0.8908058777451515
  view-data: 3.435030698776245
