times:
  edit-metadata: 2.1763540729880333
  landing: 1.3687937259674072
  view-data: 3.467742621898651
