times:
  edit-metadata: 1.3283448666334152
  landing: 1.0640779882669449
  view-data: 3.5453331768512726
