times:
  edit-metadata: 1.4806306213140488
  landing: 0.8634535446763039
  view-data: 3.412300743162632
