times:
  edit-metadata: 1.4864206090569496
  landing: 0.8653387203812599
  view-data: 0.6705850139260292
