times:
  edit-metadata: 1.3393512852489948
  landing: 0.7767146304249763
  view-data: 3.336412712931633
