times:
  edit-metadata: 1.4708850234746933
  landing: 1.3797462098300457
  view-data: 1.0981952026486397
