times:
  edit-metadata: 2.1230968087911606
  landing: 1.1430895030498505
  view-data: 3.5442915931344032
