times:
  edit-metadata: 1.3892956152558327
  landing: 1.002192735671997
  view-data: 3.2749371379613876
