times:
  edit-metadata: 1.9744597934186459
  landing: 1.4461256600916386
  view-data: 3.2941484041512012
