times:
  edit-metadata: 1.380013071000576
  landing: 0.9051212444901466
  view-data: 3.3450374230742455
