times:
  edit-metadata: 1.4492096155881882
  landing: 0.7903713509440422
  view-data: 3.541251726448536
