times:
  edit-metadata: 1.421590343117714
  landing: 0.9558027610182762
  view-data: 3.4839329421520233
