times:
  edit-metadata: 1.6137579455971718
  landing: 1.0029582679271698
  view-data: 3.434802584350109
