times:
  edit-metadata: 1.9668393284082413
  landing: 1.5204268917441368
  view-data: 3.3452460281550884
