times:
  edit-metadata: 1.534945286810398
  landing: 0.9521658569574356
  view-data: 3.505600720643997
