times:
  edit-metadata: 3.018504872918129
  landing: 2.420682869851589
  view-data: 3.4312709271907806
