times:
  edit-metadata: 1.414949744939804
  landing: 0.9809004403650761
  view-data: 3.3181480392813683
