times:
  edit-metadata: 1.8990601673722267
  landing: 1.337763823568821
  view-data: 1.284742321819067
