times:
  edit-metadata: 1.500881813466549
  landing: 0.9116252362728119
  view-data: 3.4708168655633926
