times:
  edit-metadata: 1.9862855076789856
  landing: 1.3319069147109985
  view-data: 3.3466347754001617
