times:
  edit-metadata: 1.4886518493294716
  landing: 0.8828942403197289
  view-data: 3.4710144698619843
