times:
  edit-metadata: 2.2045694813132286
  landing: 1.4268658384680748
  view-data: 3.574930265545845
