times:
  edit-metadata: 1.3116723001003265
  landing: 0.8527611643075943
  view-data: 3.3038460351526737
