times:
  edit-metadata: 1.4385574162006378
  landing: 0.9142783880233765
  view-data: 3.29398874938488
