times:
  edit-metadata: 1.358018398284912
  landing: 0.8977570533752441
  view-data: 3.3944800943136215
