times:
  edit-metadata: 1.3551478162407875
  landing: 0.9988496378064156
  view-data: 3.542582519352436
