times:
  edit-metadata: 1.4824213981628418
  landing: 0.898220531642437
  view-data: 3.4783536940813065
