times:
  edit-metadata: 1.374191589653492
  landing: 0.9079607538878918
  view-data: 3.3253054097294807
