times:
  edit-metadata: 2.380969136953354
  landing: 1.4361773766577244
  view-data: 3.2975926995277405
