times:
  edit-metadata: 1.577049843966961
  landing: 1.0457209050655365
  view-data: 3.429581694304943
