times:
  edit-metadata: 2.2048390805721283
  landing: 1.348895650357008
  view-data: 3.4999959096312523
