times:
  edit-metadata: 1.4446685574948788
  landing: 0.9031415209174156
  view-data: 3.330537434667349
