times:
  edit-metadata: 1.481357678771019
  landing: 0.9938063398003578
  view-data: 3.5365524664521217
