times:
  edit-metadata: 1.4192007705569267
  landing: 0.8184281140565872
  view-data: 3.5367471128702164
