times:
  edit-metadata: 1.9615335017442703
  landing: 1.4769488237798214
  view-data: 3.307236894965172
