times:
  edit-metadata: 1.4903163984417915
  landing: 0.9744267389178276
  view-data: 3.4712072238326073
