times:
  edit-metadata: 1.4024817273020744
  landing: 0.9504327140748501
  view-data: 3.3729692734777927
