times:
  edit-metadata: 1.4903030470013618
  landing: 0.9767409861087799
  view-data: 3.304314747452736
