times:
  edit-metadata: 1.5159964188933372
  landing: 0.8326517082750797
  view-data: 3.3185847215354443
