times:
  edit-metadata: 1.8785610720515251
  landing: 1.2688259817659855
  view-data: 1.0848540216684341
