times:
  edit-metadata: 2.484369546175003
  landing: 1.632469691336155
  view-data: 3.3521089293062687
