times:
  edit-metadata: 1.5575396344065666
  landing: 0.8984845578670502
  view-data: 3.3123466446995735
