times:
  edit-metadata: 1.7731216736137867
  landing: 1.0797363296151161
  view-data: 3.4324504733085632
