times:
  edit-metadata: 1.3360175639390945
  landing: 0.8518987372517586
  view-data: 3.451230689883232
