times:
  edit-metadata: 1.4495411291718483
  landing: 0.9422644376754761
  view-data: 3.4382428228855133
