times:
  edit-metadata: 1.3711518421769142
  landing: 0.8112641498446465
  view-data: 3.293856166303158
