times:
  edit-metadata: 1.6402417123317719
  landing: 1.0115723013877869
  view-data: 3.4837443977594376
