times:
  edit-metadata: 1.4035766422748566
  landing: 1.4093065187335014
  view-data: 3.458632342517376
