times:
  edit-metadata: 1.5333576276898384
  landing: 0.8220734894275665
  view-data: 3.467495061457157
