times:
  edit-metadata: 1.5791894048452377
  landing: 0.8620228096842766
  view-data: 3.5136318132281303
