times:
  edit-metadata: 1.4246647506952286
  landing: 0.9361212477087975
  view-data: 3.4353276267647743
