times:
  edit-metadata: 1.3802200332283974
  landing: 0.8467420637607574
  view-data: 3.4874875396490097
