times:
  edit-metadata: 1.4863981679081917
  landing: 1.106640838086605
  view-data: 3.489878587424755
