times:
  edit-metadata: 1.4001665562391281
  landing: 1.4070451110601425
  view-data: 3.311858631670475
