times:
  edit-metadata: 1.4041758924722672
  landing: 0.8533855825662613
  view-data: 3.3071057125926018
