times:
  edit-metadata: 1.533182069659233
  landing: 0.9595697224140167
  view-data: 3.2839341685175896
