times:
  edit-metadata: 1.8900561891496181
  landing: 1.4275746196508408
  view-data: 3.377265803515911
