times:
  edit-metadata: 1.4019766263663769
  landing: 0.8680191300809383
  view-data: 3.3899062164127827
