times:
  edit-metadata: 1.5920553505420685
  landing: 0.9614942744374275
  view-data: 3.304416850209236
