times:
  edit-metadata: 1.9618337638676167
  landing: 1.2154210321605206
  view-data: 3.300070583820343
