times:
  edit-metadata: 1.4056271016597748
  landing: 0.857131727039814
  view-data: 3.4539806619286537
