times:
  edit-metadata: 1.878733940422535
  landing: 1.4673154279589653
  view-data: 3.2939836718142033
