times:
  edit-metadata: 1.8409759141504765
  landing: 1.3020828776061535
  view-data: 1.0440049357712269
