times:
  edit-metadata: 1.614959966391325
  landing: 1.0267206877470016
  view-data: 3.374422911554575
