times:
  edit-metadata: 1.9172824658453465
  landing: 1.232683278620243
  view-data: 3.325560599565506
