times:
  edit-metadata: 1.4297687001526356
  landing: 0.8275063820183277
  view-data: 3.3431352004408836
