times:
  edit-metadata: 1.3745521008968353
  landing: 0.862254187464714
  view-data: 3.282066646963358
