times:
  edit-metadata: 1.4067792743444443
  landing: 0.8441106006503105
  view-data: 3.454282507300377
