times:
  edit-metadata: 2.014620739966631
  landing: 1.2840214669704437
  view-data: 3.373067505657673
