times:
  edit-metadata: 1.3837601691484451
  landing: 1.0202144905924797
  view-data: 3.5038088262081146
