times:
  edit-metadata: 1.4427925497293472
  landing: 0.8533082529902458
  view-data: 3.5230741277337074
