times:
  edit-metadata: 1.5476332157850266
  landing: 1.076480746269226
  view-data: 3.4964618012309074
