times:
  edit-metadata: 2.026205200701952
  landing: 1.5216087587177753
  view-data: 1.1370494402945042
