times:
  edit-metadata: 1.5142833516001701
  landing: 1.0788204744458199
  view-data: 3.684632807970047
