times:
  edit-metadata: 1.9479111097753048
  landing: 1.7282345034182072
  view-data: 3.2911514788866043
