times:
  edit-metadata: 1.3558516278862953
  landing: 0.8660323470830917
  view-data: 3.4218954518437386
