times:
  edit-metadata: 1.5689355358481407
  landing: 1.5840298533439636
  view-data: 3.2681188620626926
