times:
  edit-metadata: 1.4951655939221382
  landing: 0.8167025968432426
  view-data: 3.3408427238464355
