times:
  edit-metadata: 1.4578733295202255
  landing: 0.8852401152253151
  view-data: 3.3941660672426224
