times:
  edit-metadata: 1.4857030361890793
  landing: 1.0049248859286308
  view-data: 3.5069934725761414
