times:
  edit-metadata: 1.520079530775547
  landing: 1.0798693671822548
  view-data: 3.3181116208434105
