times:
  edit-metadata: 1.890801377594471
  landing: 1.4254053868353367
  view-data: 3.3084081150591373
