times:
  edit-metadata: 1.4866822883486748
  landing: 1.0877168849110603
  view-data: 3.4390122070908546
