times:
  edit-metadata: 1.5850312300026417
  landing: 0.9821400232613087
  view-data: 3.2763964906334877
