times:
  edit-metadata: 1.4430755600333214
  landing: 0.8102394491434097
  view-data: 3.4655991941690445
