times:
  edit-metadata: 1.5077723190188408
  landing: 0.8129499107599258
  view-data: 3.43669081479311
