times:
  edit-metadata: 3.396756537258625
  landing: 2.070787623524666
  view-data: 3.862384296953678
