times:
  edit-metadata: 1.4208356216549873
  landing: 0.8273124396800995
  view-data: 3.472028434276581
