times:
  edit-metadata: 9.031041011214256
  landing: 0.18032316863536835
  view-data: 0.027973578311502934
