times:
  edit-metadata: 31.793409552425146
  landing: 0.056660089641809464
  view-data: 2.561099298298359
