times:
  edit-metadata: 8.656536720693111
  landing: 0.11630087718367577
  view-data: 0.5225481865927577
