times:
  edit-metadata: 13.154014686122537
  landing: 0.020667700096964836
  view-data: 2.6619596648961306
