times:
  edit-metadata: 3.9243508987128735
  landing: 3.2967249676585197
  view-data: 3.3408558443188667
