times:
  edit-metadata: 45.27793977805413
  landing: 0.056995145976543427
  view-data: 0.6439537149854004
