times:
  edit-metadata: 40.027294817962684
  landing: 0.04147287900559604
  view-data: 0.595609342912212
