times:
  edit-metadata: 11.47787931188941
  landing: 0.06882821395993233
  view-data: 3.7880076721776277
