times:
  edit-metadata: 32.073563762009144
  landing: 0.051068756729364395
  view-data: 2.543659619987011
