times:
  edit-metadata: 42.182688790839165
  landing: 0.0485155051574111
  view-data: 0.5664768130518496
