times:
  edit-metadata: 7.446616821922362
  landing: 0.04247346939519048
  view-data: 0.700854011811316
