times:
  edit-metadata: 4.036099638789892
  landing: 3.405051179230213
  view-data: 3.334264948964119
