times:
  edit-metadata: 3.7790022529661655
  landing: 3.1380180157721043
  view-data: 3.2827765345573425
