times:
  edit-metadata: 3.968691263347864
  landing: 9.585974231362343
  view-data: 3.3275661319494247
