times:
  edit-metadata: 1.370282121002674
  landing: 0.06610057107172906
  view-data: 3.9550537079339847
