times:
  landing: 1.0850496990000238
  view-data: 0.5530328130000157
