times:
  edit-metadata: 31.811420042067766
  landing: 0.055441975593566895
  view-data: 2.56809701025486
