times:
  edit-metadata: 31.941989928483963
  landing: 0.051379065960645676
  view-data: 2.622568879276514
