times:
  landing: 0.5512710959999936
  view-data: 0.09468253500000401
