times:
  edit-metadata: 3.8011770360171795
  landing: 2.9778199903666973
  view-data: 7.226289633661509
