times:
  edit-metadata: 8.790531580336392
  landing: 0.022793571464717388
  view-data: 0.1227096738293767
