times:
  edit-metadata: 43.28676096606068
  landing: 0.054886088939383626
  view-data: 0.5783567191101611
