times:
  edit-metadata: 13.481102515012026
  landing: 0.11956768296658993
  view-data: 2.654461057856679
