times:
  edit-metadata: 31.916466023772955
  landing: 0.04632220044732094
  view-data: 2.5223280042409897
