times:
  edit-metadata: 11.436626440146938
  landing: 0.061904205940663815
  view-data: 3.5828780259471387
