times:
  edit-metadata: 14.774034585017944
  landing: 0.11594767399947159
  view-data: 4.238593234011205
