times:
  edit-metadata: 8.784060354344547
  landing: 0.022027548402547836
  view-data: 0.021779103204607964
