times:
  edit-metadata: 4.63862207531929
  landing: 3.3792939223349094
  view-data: 3.3427423760294914
