times:
  edit-metadata: 9.163173774257302
  landing: 0.05613794596865773
  view-data: 0.7204443830996752
