times:
  landing: 1.0734896769999978
  view-data: 0.5673483150000038
