times:
  edit-metadata: 13.574295323342085
  landing: 0.021248305216431618
  view-data: 2.5368539560586214
