times:
  edit-metadata: 3.7379358503967524
  landing: 3.151973620057106
  view-data: 7.945820128545165
