times:
  edit-metadata: 35.272099155932665
  landing: 0.7697200290858746
  view-data: 2.6151925399899483
