times:
  edit-metadata: 3.8698303140699863
  landing: 3.320208691060543
  view-data: 3.340380512177944
