times:
  edit-metadata: 3.2290766313672066
  landing: 2.7577757351100445
  view-data: 6.019759664312005
