times:
  edit-metadata: 13.109628396108747
  landing: 0.04589066095650196
  view-data: 0.05290413834154606
