times:
  edit-metadata: 41.34342313511297
  landing: 0.04593160189688206
  view-data: 0.5756385610438883
