times:
  edit-metadata: 7.499257856048644
  landing: 0.04732996504753828
  view-data: 0.6921304957941175
