times:
  edit-metadata: 3.2352969832718372
  landing: 2.7767500039190054
  view-data: 6.131240813061595
