times:
  edit-metadata: 31.70691303908825
  landing: 0.04191996529698372
  view-data: 2.4981558807194233
