times:
  edit-metadata: 35.586207307875156
  landing: 0.8334690723568201
  view-data: 2.4939515851438046
