times:
  edit-metadata: 36.80397639609873
  landing: 0.6021521352231503
  view-data: 2.6774365417659283
