times:
  landing: 0.5558589819999895
  view-data: 0.04447374299999751
