times:
  landing: 0.54917168099999
  view-data: 0.5776360800000191
