times:
  edit-metadata: 3.7517534848302603
  landing: 3.6011173836886883
  view-data: 6.132463185116649
