times:
  landing: 1.1110279079999827
  view-data: 0.5664670169999795
