times:
  landing: 1.0587348839999322
  view-data: 0.5588658970000324
