times:
  edit-metadata: 41.371554577024654
  landing: 0.0495161849539727
  view-data: 0.5855386620387435
