times:
  edit-metadata: 103.83858767151833
  landing: 0.6982243489474058
  view-data: 0.9817690793424845
