times:
  edit-metadata: 40.27014568820596
  landing: 0.05305907968431711
  view-data: 0.5853745890781283
