times:
  edit-metadata: 32.55419323593378
  landing: 1.1816417779773474
  view-data: 2.7690051589161158
