times:
  edit-metadata: 32.21647009626031
  landing: 0.042303379625082016
  view-data: 2.725467823445797
