times:
  edit-metadata: 7.465611464343965
  landing: 0.04414512496441603
  view-data: 0.8411701442673802
