times:
  edit-metadata: 10.988911103922874
  landing: 0.06850418075919151
  view-data: 4.743709669914097
