times:
  edit-metadata: 40.19875274493825
  landing: 0.048051145975477993
  view-data: 0.5647580419899896
