times:
  edit-metadata: 39.45594577398151
  landing: 0.048583720927126706
  view-data: 0.566009807982482
