times:
  landing: 1.0627013170000055
  view-data: 0.5509442569999976
