times:
  landing: 1.074944913999957
  view-data: 0.5665084640000373
