times:
  edit-metadata: 41.118598671164364
  landing: 0.05067482381127775
  view-data: 0.6371066789142787
