times:
  landing: 0.5521355459999882
  view-data: 0.5521585479999942
