times:
  edit-metadata: 3.5232768673449755
  landing: 2.6375449430197477
  view-data: 5.6172283459454775
