times:
  edit-metadata: 7.4189763949252665
  landing: 0.04637030931189656
  view-data: 0.7092350516468287
