times:
  edit-metadata: 8.876947091892362
  landing: 0.022197289392352104
  view-data: 0.12362032476812601
