times:
  landing: 0.5548795469999845
  view-data: 0.5596609590000128
