times:
  landing: 0.5501944780000088
  view-data: 0.5537835680000001
