times:
  edit-metadata: 4.344602275639772
  landing: 3.4854904860258102
  view-data: 3.321571670472622
