times:
  edit-metadata: 11.25565957208164
  landing: 0.08062290400266647
  view-data: 4.099430816015229
