times:
  edit-metadata: 11.278551216935739
  landing: 0.07194248610176146
  view-data: 4.318299490958452
