times:
  edit-metadata: 34.93350931070745
  landing: 0.983997143805027
  view-data: 2.7737590204924345
