times:
  edit-metadata: 39.451686596963555
  landing: 0.04375079274177551
  view-data: 0.567287327721715
