times:
  edit-metadata: 43.67327127605677
  landing: 0.04990431689657271
  view-data: 0.5811361998785287
