times:
  edit-metadata: 34.81656920723617
  landing: 1.6251211743801832
  view-data: 2.73348942771554
