times:
  edit-metadata: 3.802738646045327
  landing: 3.0158450063318014
  view-data: 6.356108475476503
