times:
  edit-metadata: 8.9122429266572
  landing: 0.022859533317387104
  view-data: 0.5873524872586131
