times:
  landing: 0.587975914000026
  view-data: 0.559728229000001
