times:
  edit-metadata: 12.980394368991256
  landing: 0.023937763646245003
  view-data: 2.072253093123436
