times:
  edit-metadata: 13.74407011270523
  landing: 0.021439185366034508
  view-data: 1.6527770310640335
