times:
  edit-metadata: 8.697830975987017
  landing: 0.021001250483095646
  view-data: 0.02626701444387436
