times:
  edit-metadata: 3.8249788358807564
  landing: 3.0866038892418146
  view-data: 7.503672584891319
