times:
  edit-metadata: 39.82521383278072
  landing: 0.04890785785391927
  view-data: 0.5808110130019486
