times:
  edit-metadata: 41.80204293108545
  landing: 0.047166744945570827
  view-data: 0.5964501809794456
