times:
  edit-metadata: 8.706686414778233
  landing: 0.023725232109427452
  view-data: 0.6234036944806576
