times:
  edit-metadata: 3.855686027556658
  landing: 3.1782178319990635
  view-data: 3.4509702064096928
