times:
  edit-metadata: 37.119775515049696
  landing: 1.083653463050723
  view-data: 2.6601819340139627
