times:
  edit-metadata: 7.420017430093139
  landing: 0.045371926855295897
  view-data: 0.5848793196491897
