times:
  edit-metadata: 7.63479866925627
  landing: 0.04518658295273781
  view-data: 0.596116651315242
