times:
  edit-metadata: 7.376234358176589
  landing: 0.04271479602903128
  view-data: 0.7569619258865714
