times:
  edit-metadata: 32.11228699982166
  landing: 0.04652620106935501
  view-data: 2.515457734465599
