times:
  edit-metadata: 3.8361441385932267
  landing: 3.3650994189083576
  view-data: 7.693924609571695
