times:
  edit-metadata: 8.955743801780045
  landing: 0.020343012176454067
  view-data: 0.6843820437788963
