times:
  landing: 0.5502805010000884
  view-data: 0.5657559850000098
