times:
  edit-metadata: 4.428956687450409
  landing: 3.547171000391245
  view-data: 3.4213959015905857
