times:
  landing: 1.080925746000048
  view-data: 0.5616663029999813
