times:
  edit-metadata: 11.461973670870066
  landing: 0.25569394789636135
  view-data: 0.6204981580376625
