times:
  edit-metadata: 3.2792320232838392
  landing: 2.7834522053599358
  view-data: 6.276951724663377
