times:
  edit-metadata: 3.7747204825282097
  landing: 3.1423980444669724
  view-data: 3.304815962910652
