times:
  edit-metadata: 8.893715193495154
  landing: 0.1479302253574133
  view-data: 0.0228723818436265
