times:
  edit-metadata: 4.062217382714152
  landing: 3.3020907007157803
  view-data: 7.488242218270898
