times:
  edit-metadata: 5.4694813303649426
  landing: 3.5251745767891407
  view-data: 3.3530679754912853
