times:
  edit-metadata: 4.248665621969849
  landing: 3.235338191036135
  view-data: 7.216453252825886
