times:
  edit-metadata: 32.47320540994406
  landing: 0.04334256425499916
  view-data: 2.639915730804205
