times:
  edit-metadata: 3.252067962894216
  landing: 3.5220852131024003
  view-data: 7.264470581896603
