times:
  edit-metadata: 16.002550146999965
  landing: 0.15327419599998393
  view-data: 4.979803218000143
