times:
  edit-metadata: 8.763165725395083
  landing: 0.021561178378760815
  view-data: 0.11971075646579266
