times:
  edit-metadata: 13.882038651034236
  landing: 0.021163607016205788
  view-data: 1.6585540175437927
