times:
  edit-metadata: 14.968657480552793
  landing: 0.16823474317789078
  view-data: 2.6583997923880816
