times:
  edit-metadata: 8.718225528486073
  landing: 0.01895231194794178
  view-data: 0.027142574079334736
