times:
  edit-metadata: 3.800144750624895
  landing: 3.2481094654649496
  view-data: 5.710379896685481
