times:
  edit-metadata: 4.046659592539072
  landing: 2.983283756300807
  view-data: 7.992044843733311
