times:
  edit-metadata: 8.889614025130868
  landing: 0.022891517728567123
  view-data: 0.13067529257386923
