times:
  landing: 0.5532510689999981
  view-data: 0.04758441600000651
