times:
  landing: 1.0671230319999836
  view-data: 0.5566394690000038
