times:
  edit-metadata: 21.700313158000426
  landing: 0.04247942400070315
  view-data: 1.499763024999993
