times:
  landing: 0.554193406999957
  view-data: 0.5638153830000192
