times:
  edit-metadata: 7.3733747783117
  landing: 0.04135936964303255
  view-data: 0.6876240749843419
