times:
  landing: 0.5526585549999936
  view-data: 0.5571281480000039
