times:
  edit-metadata: 4.0268403850495815
  landing: 3.5457585006952286
  view-data: 3.3220404759049416
