times:
  edit-metadata: 13.438286125659943
  landing: 0.14775484055280685
  view-data: 2.65272955968976
