times:
  edit-metadata: 12.167652528965846
  landing: 0.08091609016992152
  view-data: 4.478872622130439
