times:
  edit-metadata: 11.875879022991285
  landing: 0.06521834497107193
  view-data: 4.137403727974743
