times:
  edit-metadata: 4.0687814629636705
  landing: 3.164887508028187
  view-data: 8.145034507033415
