times:
  edit-metadata: 5.563773911446333
  landing: 3.846472945995629
  view-data: 5.772181754000485
