times:
  edit-metadata: 15.3596136495471
  landing: 0.15083725191652775
  view-data: 2.6266079172492027
