times:
  edit-metadata: 12.196984463000263
  landing: 0.054894314002012834
  view-data: 3.8404416740013403
