times:
  edit-metadata: 42.45939884893596
  landing: 0.0710528299678117
  view-data: 0.5897331358864903
