times:
  landing: 0.5484142480000287
  view-data: 0.5587450740000008
