times:
  landing: 1.0694443169999772
  view-data: 0.567935202000001
