times:
  edit-metadata: 42.70584333100123
  landing: 0.046989482012577355
  view-data: 0.5596644940087572
