times:
  edit-metadata: 8.976912499405444
  landing: 0.021511445753276348
  view-data: 0.5204505985602736
