times:
  edit-metadata: 12.35802683280781
  landing: 0.0673381662927568
  view-data: 3.886018451768905
