times:
  edit-metadata: 12.878752117976546
  landing: 0.06677952082827687
  view-data: 4.275820638053119
