times:
  landing: 0.5677905069999838
  view-data: 0.059178499000040574
