times:
  edit-metadata: 3.75252016633749
  landing: 3.1980637796223164
  view-data: 3.144005622714758
