times:
  edit-metadata: 14.087395241484046
  landing: 0.018730584532022476
  view-data: 2.561837689951062
