times:
  edit-metadata: 41.46594062191434
  landing: 0.045735003193840384
  view-data: 0.5682629900984466
