times:
  edit-metadata: 7.693716749083251
  landing: 0.05765604507178068
  view-data: 0.5940287718549371
