times:
  edit-metadata: 13.783554896712303
  landing: 0.02061716467142105
  view-data: 1.7049384228885174
