times:
  edit-metadata: 12.31729182600975
  landing: 0.07309852307662368
  view-data: 4.699874545214698
