times:
  edit-metadata: 8.042725474573672
  landing: 0.0438759233802557
  view-data: 0.7212467920035124
