times:
  edit-metadata: 4.023918810009491
  landing: 0.3151966810110025
  view-data: 0.3260876600397751
