times:
  edit-metadata: 7.486572792753577
  landing: 0.06814149301499128
  view-data: 0.7542759524658322
