times:
  edit-metadata: 3.6257889522239566
  landing: 3.1193264056928456
  view-data: 3.233929299749434
