times:
  edit-metadata: 17.420327542349696
  landing: 0.02323027327656746
  view-data: 1.6416239812970161
