times:
  edit-metadata: 39.838142780005
  landing: 0.039455574995372444
  view-data: 0.5671060180175118
