times:
  edit-metadata: 11.159972180001205
  landing: 0.06856517700362019
  view-data: 4.215744774992345
