times:
  edit-metadata: 39.75890635000542
  landing: 0.043602655990980566
  view-data: 0.5622789890039712
