times:
  landing: 1.0728494659999797
  view-data: 0.562117977000014
