times:
  landing: 0.5453083009999773
  view-data: 0.5561483339999995
