times:
  edit-metadata: 3.7795361429452896
  landing: 3.2638432495296
  view-data: 3.4385259449481964
