times:
  edit-metadata: 8.71584789454937
  landing: 0.1204915652051568
  view-data: 0.024580002762377262
