times:
  landing: 0.5552291590000209
  view-data: 0.5605318570000009
