times:
  landing: 0.5457534090000422
  view-data: 0.5487162530000091
