times:
  edit-metadata: 40.36629021097906
  landing: 0.04142430599313229
  view-data: 0.5691826519323513
