times:
  landing: 1.1946523099999808
  view-data: 0.5681972830000177
