times:
  landing: 0.560277595999878
  view-data: 0.5759245469998859
