times:
  edit-metadata: 4.407082907855511
  landing: 3.468143630772829
  view-data: 3.35197077319026
