times:
  edit-metadata: 13.470889762043953
  landing: 0.20407688431441784
  view-data: 0.14178687520325184
