times:
  edit-metadata: 4.342032290995121
  landing: 3.609878291375935
  view-data: 5.935661915689707
