times:
  edit-metadata: 4.052104149013758
  landing: 8.19723990187049
  view-data: 3.336578171700239
