times:
  landing: 0.5544906299999752
  view-data: 0.5629284469999902
