times:
  edit-metadata: 35.22442948818207
  landing: 0.8314937334507704
  view-data: 2.7185134030878544
