times:
  landing: 1.0785774149999838
  view-data: 0.5647291690000316
