times:
  edit-metadata: 106.5095479786396
  landing: 0.9159890674054623
  view-data: 1.2931940015405416
