times:
  edit-metadata: 7.560358931310475
  landing: 0.04411814361810684
  view-data: 0.7543652970343828
