times:
  edit-metadata: 36.13251573033631
  landing: 0.9728720188140869
  view-data: 2.8173850625753403
