times:
  edit-metadata: 39.680585036985576
  landing: 0.03976154199335724
  view-data: 0.5526820139493793
