times:
  edit-metadata: 3.8003125824034214
  landing: 3.1061347126960754
  view-data: 8.048985455185175
