times:
  edit-metadata: 11.146799910000027
  landing: 0.09789481199959482
  view-data: 4.5768092099997375
