times:
  edit-metadata: 31.644483014941216
  landing: 0.0468047596514225
  view-data: 2.511287935078144
