times:
  landing: 0.5571514189999789
  view-data: 0.5616627869999888
