times:
  edit-metadata: 13.591789722442627
  landing: 0.10685473494231701
  view-data: 2.635317098349333
