times:
  edit-metadata: 7.594426441006362
  landing: 0.04560001194477081
  view-data: 0.7557047987356782
