times:
  landing: 1.062601605999987
  view-data: 0.5623479900000063
