times:
  landing: 0.5495157250000204
  view-data: 0.5575084380000135
