times:
  landing: 0.5593620089999831
  view-data: 0.05206877099999474
