times:
  edit-metadata: 8.843900362960994
  landing: 0.021593669429421425
  view-data: 0.12840039003640413
