times:
  edit-metadata: 13.233076306059957
  landing: 0.02030031569302082
  view-data: 0.12453600578010082
