times:
  edit-metadata: 3.443754618987441
  landing: 2.734331039711833
  view-data: 6.350424099713564
