times:
  edit-metadata: 44.018018872942775
  landing: 0.06828923895955086
  view-data: 0.6129607567563653
