times:
  edit-metadata: 13.348765552043915
  landing: 0.020976029336452484
  view-data: 0.465127220377326
