times:
  edit-metadata: 7.4427026766352355
  landing: 0.046479465905576944
  view-data: 0.7207976779900491
