times:
  edit-metadata: 8.780244205147028
  landing: 0.02024771273136139
  view-data: 0.12275239825248718
