times:
  landing: 0.5585624370000062
  view-data: 0.5531157149999899
