times:
  edit-metadata: 8.797084379941225
  landing: 0.02030657883733511
  view-data: 0.024024090729653835
