times:
  landing: 0.5809076509999898
  view-data: 0.592999256000013
