times:
  edit-metadata: 34.77018780820072
  landing: 0.8404318131506443
  view-data: 2.556899592280388
