times:
  edit-metadata: 39.59302101601497
  landing: 0.04716921001090668
  view-data: 0.5619844970060512
