times:
  edit-metadata: 9.361197790130973
  landing: 0.01981913112103939
  view-data: 0.6102995043620467
