times:
  edit-metadata: 3.8385013919323683
  landing: 3.4846619181334972
  view-data: 7.7827673982828856
