times:
  edit-metadata: 13.526879960671067
  landing: 0.14297843910753727
  view-data: 0.02448020689189434
