times:
  landing: 0.5555816499999935
  view-data: 0.06030266199999801
