times:
  edit-metadata: 12.884125798009336
  landing: 0.06392253190279007
  view-data: 5.720318820793182
