times:
  edit-metadata: 4.08556541800499
  landing: 3.2726183980703354
  view-data: 7.846271596848965
