times:
  edit-metadata: 8.73937829490751
  landing: 0.020872733555734158
  view-data: 0.6430156072601676
