times:
  edit-metadata: 40.31286745890975
  landing: 0.05220460472628474
  view-data: 0.5718396981246769
