times:
  edit-metadata: 11.742366248974577
  landing: 0.06630107201635838
  view-data: 4.531964853871614
