times:
  landing: 1.0936936069999774
  view-data: 0.5665785250000681
