times:
  landing: 0.5482643109999685
  view-data: 0.5535019779999857
