times:
  edit-metadata: 8.791480767540634
  landing: 0.12964267935603857
  view-data: 0.5450828252360225
