times:
  edit-metadata: 4.240974685177207
  landing: 10.486171656753868
  view-data: 7.474600384011865
