times:
  edit-metadata: 3.8372848629951477
  landing: 3.433938417583704
  view-data: 3.40234737098217
