times:
  edit-metadata: 8.786389333195984
  landing: 0.02163625042885542
  view-data: 0.10038761794567108
