times:
  edit-metadata: 11.197512427112088
  landing: 0.07512259692884982
  view-data: 5.610846486873925
