times:
  edit-metadata: 12.248153700027615
  landing: 0.08201319398358464
  view-data: 4.504707530140877
