times:
  edit-metadata: 24.06059292331338
  landing: 0.045158661901950836
  view-data: 1.5456389598548412
