times:
  edit-metadata: 107.869737746194
  landing: 0.830442875623703
  view-data: 1.0746058840304613
