times:
  edit-metadata: 12.783139788080007
  landing: 0.0622069479431957
  view-data: 3.6488735349848866
