times:
  edit-metadata: 12.107204455998726
  landing: 0.07580593699822202
  view-data: 4.543007543019485
