times:
  edit-metadata: 39.832599151995964
  landing: 0.05224722798448056
  view-data: 0.5618889519246295
