times:
  edit-metadata: 8.638070771470666
  landing: 0.11536381766200066
  view-data: 0.02450983040034771
