times:
  landing: 0.5575696530000016
  view-data: 0.571150627999998
