times:
  edit-metadata: 4.072169689461589
  landing: 3.547572184354067
  view-data: 5.888133740052581
