times:
  edit-metadata: 8.676054494455457
  landing: 0.020573988556861877
  view-data: 0.11661482788622379
