times:
  edit-metadata: 7.389465419109911
  landing: 0.05103238904848695
  view-data: 0.7156199696473777
