times:
  edit-metadata: 12.562776952981949
  landing: 0.07623350503854454
  view-data: 4.391694382065907
