times:
  edit-metadata: 31.99211346358061
  landing: 0.043801430612802505
  view-data: 2.5479623451828957
