times:
  edit-metadata: 3.9729487784206867
  landing: 3.4233184419572353
  view-data: 3.386923786252737
