times:
  edit-metadata: 11.82177210599184
  landing: 0.06508928607217968
  view-data: 3.880277095013298
