times:
  edit-metadata: 7.4692338379099965
  landing: 0.046403639018535614
  view-data: 0.5916415587998927
