times:
  edit-metadata: 11.107587480917573
  landing: 0.07296258513815701
  view-data: 3.8195672119036317
