times:
  edit-metadata: 13.372447231784463
  landing: 0.15295273438096046
  view-data: 1.6746239177882671
