times:
  edit-metadata: 3.785048019140959
  landing: 3.064375527203083
  view-data: 7.643427703529596
