times:
  edit-metadata: 7.622598725836724
  landing: 0.04180665407329798
  view-data: 0.5953069049865007
