times:
  edit-metadata: 41.46687726909295
  landing: 0.04975645989179611
  view-data: 30.470249362057075
