times:
  edit-metadata: 8.809963678009808
  landing: 0.023276054300367832
  view-data: 0.11885056272149086
