times:
  edit-metadata: 45.77837384492159
  landing: 0.056170715019106865
  view-data: 0.5948142220731825
