times:
  edit-metadata: 12.791626736987382
  landing: 0.0668876999989152
  view-data: 4.114903393667191
