times:
  edit-metadata: 11.292749151936732
  landing: 0.07133905193768442
  view-data: 3.5782035909360275
