times:
  edit-metadata: 3.389125593006611
  landing: 2.491644384339452
  view-data: 5.526636891067028
