times:
  edit-metadata: 35.27960165217519
  landing: 0.04802513122558594
  view-data: 2.812005564570427
