times:
  edit-metadata: 37.25837119668722
  landing: 1.0569898784160614
  view-data: 2.8689890950918198
