times:
  edit-metadata: 23.00758956000209
  landing: 0.05451703816652298
  view-data: 1.5174119099974632
