times:
  edit-metadata: 40.19920936366543
  landing: 0.049239959102123976
  view-data: 0.6104386211372912
