times:
  edit-metadata: 3.757756443694234
  landing: 3.1349716037511826
  view-data: 7.666224576532841
