times:
  edit-metadata: 35.27341425791383
  landing: 1.5076888129115105
  view-data: 2.7194175012409687
