times:
  edit-metadata: 36.582706021144986
  landing: 1.2027232125401497
  view-data: 3.1659191120415926
