times:
  edit-metadata: 31.889638926833868
  landing: 0.05978776142001152
  view-data: 2.771259870380163
