times:
  edit-metadata: 32.33518139272928
  landing: 0.05130423977971077
  view-data: 2.6963155269622803
