times:
  landing: 1.0619334719999927
  view-data: 0.5531111230000079
