times:
  landing: 0.5485355419999962
  view-data: 0.0545146299999999
