times:
  edit-metadata: 4.440103519707918
  landing: 3.1725593879818916
  view-data: 3.3867461048066616
