times:
  edit-metadata: 15.637087792158127
  landing: 0.15089796902611852
  view-data: 3.8287780387327075
