times:
  edit-metadata: 8.7285335958004
  landing: 0.02039616834372282
  view-data: 0.026265542954206467
