times:
  landing: 0.5511245050000184
  view-data: 0.5572731770000132
