times:
  edit-metadata: 8.996283168904483
  landing: 0.020062489435076714
  view-data: 0.1267302306368947
