times:
  edit-metadata: 14.14009034819901
  landing: 0.12471618503332138
  view-data: 1.6553359627723694
