times:
  edit-metadata: 5.6271754540503025
  landing: 3.3771082013845444
  view-data: 4.140060361474752
