times:
  edit-metadata: 9.072775164619088
  landing: 0.02044197265058756
  view-data: 0.023397463373839855
