times:
  edit-metadata: 31.54232845082879
  landing: 0.04051676020026207
  view-data: 2.5306688621640205
