times:
  edit-metadata: 12.636977764996118
  landing: 0.06073864598874934
  view-data: 4.036560990003636
