times:
  landing: 0.5458946499999229
  view-data: 0.5543513229999917
