times:
  edit-metadata: 3.4972689617425203
  landing: 2.8900495916604996
  view-data: 5.983070136979222
