times:
  landing: 0.5524544759999799
  view-data: 0.5592284140000174
