times:
  edit-metadata: 32.03009767085314
  landing: 0.044553451240062714
  view-data: 2.555345866829157
