times:
  edit-metadata: 104.737622667104
  landing: 0.6540060117840767
  view-data: 0.9558358415961266
