times:
  landing: 0.5466970330000436
  view-data: 0.5556765620000306
