times:
  landing: 0.7074982350000028
  view-data: 0.5687439670000458
