times:
  edit-metadata: 31.828259214758873
  landing: 0.04640450328588486
  view-data: 2.660338129848242
