times:
  landing: 1.074096419
  view-data: 0.5656884370000057
