times:
  edit-metadata: 34.52051990106702
  landing: 0.8709775079041719
  view-data: 2.516407899558544
