times:
  landing: 0.5537176210000041
  view-data: 0.5589795239999944
