times:
  edit-metadata: 34.53991943784058
  landing: 2.532048564404249
  view-data: 3.3703099358826876
