times:
  edit-metadata: 55.301233208039775
  landing: 0.09777757478877902
  view-data: 0.8413922518957406
