times:
  edit-metadata: 35.71164225414395
  landing: 1.2086609322577715
  view-data: 3.2083866875618696
