times:
  edit-metadata: 3.7388893105089664
  landing: 3.0253968685865402
  view-data: 7.68119079247117
