times:
  edit-metadata: 9.157058560289443
  landing: 0.020359989255666733
  view-data: 0.5887222792953253
