times:
  edit-metadata: 13.810037909075618
  landing: 0.01908796653151512
  view-data: 2.230702919885516
