times:
  edit-metadata: 35.65056321583688
  landing: 0.9412362761795521
  view-data: 2.646239999681711
