times:
  edit-metadata: 9.128640261478722
  landing: 0.02111026458442211
  view-data: 0.10761069878935814
