times:
  edit-metadata: 8.79853590670973
  landing: 0.17118442431092262
  view-data: 0.11791487410664558
