times:
  edit-metadata: 13.502071015536785
  landing: 0.2725830767303705
  view-data: 0.15797293186187744
