times:
  edit-metadata: 36.47010164707899
  landing: 0.8660991545766592
  view-data: 2.677136665210128
