times:
  landing: 0.5490324189999853
  view-data: 0.5475848030000066
