times:
  edit-metadata: 4.479168430902064
  landing: 3.8347244770266116
  view-data: 7.408675804268569
