times:
  edit-metadata: 11.235538400011137
  landing: 0.06685274606570601
  view-data: 4.725339142140001
