times:
  edit-metadata: 3.7784108761698008
  landing: 3.326707262545824
  view-data: 6.217256983742118
