times:
  landing: 1.1676474689999736
  view-data: 0.5713617779999822
