times:
  edit-metadata: 8.949307307600975
  landing: 0.1315076807513833
  view-data: 0.6333886859938502
