times:
  edit-metadata: 3.551073282957077
  landing: 2.869708865880966
  view-data: 7.440562292933464
