times:
  edit-metadata: 109.89961597137153
  landing: 1.561972813680768
  view-data: 1.1226177494972944
