times:
  edit-metadata: 39.917439782002475
  landing: 0.03792583299218677
  view-data: 0.5558799910068046
