times:
  landing: 0.5493804999999838
  view-data: 0.5643435979999936
