times:
  edit-metadata: 8.925440873019397
  landing: 0.11299728136509657
  view-data: 0.057907022535800934
