times:
  edit-metadata: 39.7085057660006
  landing: 0.050638596003409475
  view-data: 0.5635672790231183
