times:
  edit-metadata: 9.483346439898014
  landing: 0.23413873929530382
  view-data: 0.5360826561227441
