times:
  landing: 1.249857517999999
  view-data: 0.5666934899999774
