times:
  edit-metadata: 11.093334982870147
  landing: 0.06793343415483832
  view-data: 6.791892866138369
