times:
  edit-metadata: 3.96462145447731
  landing: 3.3788289315998554
  view-data: 3.3155946247279644
