times:
  edit-metadata: 8.756924404762685
  landing: 0.024245229549705982
  view-data: 0.12137101124972105
