times:
  edit-metadata: 13.089449556544423
  landing: 0.023068422451615334
  view-data: 0.12562459707260132
