times:
  edit-metadata: 13.102674009278417
  landing: 0.14899958483874798
  view-data: 1.870348270982504
