times:
  edit-metadata: 35.992784006521106
  landing: 1.2739515621215105
  view-data: 2.686510916799307
