times:
  edit-metadata: 36.83267609961331
  landing: 1.3329667579382658
  view-data: 3.1254120226949453
