times:
  edit-metadata: 39.8718369390117
  landing: 0.05122729099821299
  view-data: 0.5573879319708794
