times:
  edit-metadata: 41.05566592304967
  landing: 0.04458486195653677
  view-data: 0.5716844869311899
