times:
  landing: 0.5549215140000001
  view-data: 0.5596620040000175
