times:
  edit-metadata: 40.54880647175014
  landing: 0.05527500994503498
  view-data: 0.5709048439748585
