times:
  edit-metadata: 13.107229817658663
  landing: 0.01953679695725441
  view-data: 2.518424402922392
