times:
  landing: 1.5915402959999483
  view-data: 1.081810345000008
