times:
  edit-metadata: 12.177694979007356
  landing: 0.060843840008601546
  view-data: 3.7279687730479054
