times:
  landing: 0.5548311120001017
  view-data: 0.5541390839998712
