times:
  edit-metadata: 35.608155339956284
  landing: 0.7066597938537598
  view-data: 2.655319618061185
