times:
  edit-metadata: 35.32401371560991
  landing: 1.0817928370088339
  view-data: 3.097458891570568
