times:
  landing: 1.0661328149999463
  view-data: 0.5572988359999727
