times:
  edit-metadata: 7.64010404329747
  landing: 0.040783187840133905
  view-data: 0.6995183667168021
