times:
  landing: 0.548859010000001
  view-data: 0.5620987620000051
