times:
  edit-metadata: 9.740073214285076
  landing: 0.2666459232568741
  view-data: 0.7323096347972751
