times:
  edit-metadata: 15.46945540048182
  landing: 0.24687016941606998
  view-data: 0.16157596930861473
