times:
  edit-metadata: 3.306003302335739
  landing: 2.456220243126154
  view-data: 5.828061806038022
