times:
  edit-metadata: 31.899969302117825
  landing: 0.04962928965687752
  view-data: 2.5494001768529415
