times:
  edit-metadata: 4.5120880007743835
  landing: 3.517877548933029
  view-data: 3.42560688406229
