times:
  edit-metadata: 8.854608877561986
  landing: 0.02166696358472109
  view-data: 0.13208605907857418
