times:
  edit-metadata: 36.19725283421576
  landing: 0.6755024343729019
  view-data: 3.0729895923286676
