times:
  edit-metadata: 12.847704031970352
  landing: 0.09421103401109576
  view-data: 4.5671891500242054
