times:
  edit-metadata: 9.582581226713955
  landing: 0.13354080263525248
  view-data: 0.6512245694175363
