times:
  edit-metadata: 8.090789915062487
  landing: 0.055842990055680275
  view-data: 0.756955327000469
