times:
  edit-metadata: 12.38105773134157
  landing: 0.06023237109184265
  view-data: 3.7907568090595305
