times:
  edit-metadata: 4.0754126235842705
  landing: 3.48464488144964
  view-data: 7.0621117344126105
