times:
  edit-metadata: 10.308024931699038
  landing: 0.22662657778710127
  view-data: 0.593923038803041
