times:
  edit-metadata: 35.47413520142436
  landing: 0.9691098239272833
  view-data: 2.901399774476886
