times:
  edit-metadata: 35.44148503616452
  landing: 0.6437487546354532
  view-data: 3.097325075417757
