times:
  edit-metadata: 13.278816042933613
  landing: 0.10777781205251813
  view-data: 3.7565750521607697
