times:
  edit-metadata: 4.465670994017273
  landing: 3.2846588967368007
  view-data: 7.244872475974262
