times:
  edit-metadata: 7.437535602133721
  landing: 0.04391078092157841
  view-data: 0.8977184691466391
