times:
  edit-metadata: 7.523781039752066
  landing: 0.0474176025018096
  view-data: 1.1049741143360734
