times:
  landing: 0.5573495529999946
  view-data: 0.5601480679999895
