times:
  edit-metadata: 39.77146940701641
  landing: 0.0581043369602412
  view-data: 0.5911235609091818
