times:
  landing: 0.5541633210000327
  view-data: 0.5821842980000156
