times:
  landing: 1.1029264889657497
  view-data: 0.5505364709533751
