times:
  edit-metadata: 37.648740043863654
  landing: 1.6387482304126024
  view-data: 3.1724282056093216
