times:
  edit-metadata: 4.60767117398791
  landing: 2.914064427022822
  view-data: 7.02625498897396
