times:
  edit-metadata: 15.459223607555032
  landing: 0.1620286926627159
  view-data: 0.17304434441030025
