times:
  edit-metadata: 11.191380848060362
  landing: 0.07950811309274286
  view-data: 4.478840381023474
