times:
  edit-metadata: 12.412895760964602
  landing: 0.06748561607673764
  view-data: 3.78986608190462
