times:
  landing: 1.5978607069999953
  view-data: 0.5641958110000473
