times:
  landing: 1.075371453999992
  view-data: 0.5593383210000411
