times:
  edit-metadata: 4.153492838144302
  landing: 3.073332093656063
  view-data: 3.5203597731888294
