times:
  edit-metadata: 3.697768483310938
  landing: 3.274840075522661
  view-data: 3.300377756357193
