times:
  landing: 1.078516948000015
  view-data: 0.5616200210000102
