times:
  edit-metadata: 12.966549160890281
  landing: 0.07972244312986732
  view-data: 3.701174165122211
