times:
  edit-metadata: 40.91756216902286
  landing: 0.05792668298818171
  view-data: 0.5615203180350363
