times:
  edit-metadata: 35.03768907673657
  landing: 0.9714637193828821
  view-data: 2.643028074875474
