times:
  edit-metadata: 4.052207034081221
  landing: 3.3339588455855846
  view-data: 3.367977511137724
