times:
  edit-metadata: 11.344068282283843
  landing: 0.06815485935658216
  view-data: 3.7197284060530365
