times:
  edit-metadata: 8.77709690015763
  landing: 0.021463762037456036
  view-data: 0.11857025511562824
