times:
  landing: 2.626179863999994
  view-data: 1.0891824589999999
