times:
  landing: 1.0705226309999887
  view-data: 0.5460286510000003
