times:
  edit-metadata: 8.857990818098187
  landing: 0.021443725563585758
  view-data: 0.02973968628793955
