times:
  edit-metadata: 36.17096006125212
  landing: 1.232886005192995
  view-data: 2.855819335207343
