times:
  edit-metadata: 34.81665231473744
  landing: 1.3839019127190113
  view-data: 3.2456561233848333
