times:
  landing: 0.5452471430000116
  view-data: 0.5558853610000085
