times:
  edit-metadata: 13.368524558842182
  landing: 0.11516371928155422
  view-data: 0.02522234432399273
