times:
  edit-metadata: 8.807773126289248
  landing: 0.02206012699753046
  view-data: 0.027932594530284405
