times:
  edit-metadata: 7.38926202384755
  landing: 0.046401476953178644
  view-data: 0.5858850558288395
