times:
  edit-metadata: 7.394455421715975
  landing: 0.04282555868849158
  view-data: 0.7157994722947478
