times:
  edit-metadata: 10.44633422140032
  landing: 0.01924515888094902
  view-data: 0.05449182819575071
