times:
  edit-metadata: 3.7909735031425953
  landing: 3.008216379210353
  view-data: 7.712065517902374
