times:
  edit-metadata: 3.195849636569619
  landing: 2.795608935877681
  view-data: 5.844581296667457
