times:
  landing: 0.5480162929999324
  view-data: 0.5622836860000007
