times:
  edit-metadata: 32.0588707588613
  landing: 0.04398598149418831
  view-data: 2.53018294647336
