times:
  edit-metadata: 40.056032192893326
  landing: 0.04506410891190171
  view-data: 0.5744322435930371
