times:
  edit-metadata: 3.6527413688600063
  landing: 3.0485197883099318
  view-data: 6.244705650955439
