times:
  edit-metadata: 32.05418987199664
  landing: 0.052348069846630096
  view-data: 2.5644277185201645
