times:
  edit-metadata: 34.89835151657462
  landing: 0.9750880245119333
  view-data: 2.6940816305577755
