times:
  landing: 1.0697337920000223
  view-data: 0.5576772160000019
