times:
  landing: 0.5515840650000143
  view-data: 0.5548611879999896
