times:
  edit-metadata: 31.355636104941368
  landing: 0.044578712433576584
  view-data: 2.5440069660544395
