times:
  edit-metadata: 40.12291841296246
  landing: 0.04158480901969597
  view-data: 0.5694432299933396
