times:
  edit-metadata: 8.72888708487153
  landing: 0.02162620797753334
  view-data: 0.10082718543708324
