times:
  edit-metadata: 11.516274371184409
  landing: 0.07047683605924249
  view-data: 3.846212327014655
