times:
  edit-metadata: 9.200455388985574
  landing: 0.020823171362280846
  view-data: 0.02300796378403902
