times:
  edit-metadata: 3.9851969704031944
  landing: 3.73354284837842
  view-data: 3.2928262688219547
