times:
  edit-metadata: 7.431632739957422
  landing: 0.0588363790884614
  view-data: 0.7094742739573121
