times:
  edit-metadata: 3.87863702327013
  landing: 2.9895874075591564
  view-data: 3.4345447942614555
