times:
  edit-metadata: 7.533211505040526
  landing: 0.06662636296823621
  view-data: 0.5996905909851193
