times:
  landing: 0.5515563570000097
  view-data: 0.061099059999975225
