times:
  edit-metadata: 3.7773589212447405
  landing: 3.1826059725135565
  view-data: 6.055206261575222
