times:
  landing: 1.5811424580001585
  view-data: 0.5537947140001052
