times:
  edit-metadata: 7.528248257003725
  landing: 0.04698293004184961
  view-data: 0.7752027735114098
