times:
  edit-metadata: 4.007066398859024
  landing: 3.2799832224845886
  view-data: 3.419219132512808
