times:
  edit-metadata: 14.956707773730159
  landing: 0.27754742465913296
  view-data: 2.545462694019079
