times:
  edit-metadata: 12.400299472967163
  landing: 0.06554573797620833
  view-data: 4.597085315035656
