times:
  edit-metadata: 3.8217294737696648
  landing: 3.244104288518429
  view-data: 3.387311104685068
