times:
  edit-metadata: 3.254365663975477
  landing: 2.5916663128882647
  view-data: 6.792733307927847
