times:
  edit-metadata: 3.7582738548517227
  landing: 3.1188260577619076
  view-data: 7.798638015985489
