times:
  edit-metadata: 3.8673303201794624
  landing: 3.1491247564554214
  view-data: 3.3393911235034466
