times:
  edit-metadata: 7.555106852203608
  landing: 0.04280005395412445
  view-data: 0.7591276196762919
