times:
  edit-metadata: 8.694122419692576
  landing: 0.11806163936853409
  view-data: 0.11411022767424583
