times:
  edit-metadata: 41.546072480035946
  landing: 0.050660758977755904
  view-data: 0.5911745170596987
