times:
  edit-metadata: 39.75323136290535
  landing: 0.0471905879676342
  view-data: 0.588229404296726
