times:
  edit-metadata: 11.653198270127177
  landing: 0.06170038413256407
  view-data: 3.5871276380494237
