times:
  edit-metadata: 10.237567741423845
  landing: 0.1535273063927889
  view-data: 1.653232278302312
