times:
  edit-metadata: 8.76122805569321
  landing: 0.021116753108799458
  view-data: 0.03606244269758463
