times:
  edit-metadata: 41.60467806784436
  landing: 0.04223553487099707
  view-data: 0.5793434369843453
