times:
  landing: 0.553461244999994
  view-data: 0.5624769909999827
