times:
  edit-metadata: 35.62288215942681
  landing: 0.6212340891361237
  view-data: 3.1798705346882343
