times:
  landing: 0.5542199079999932
  view-data: 0.04992899699999498
