times:
  edit-metadata: 39.71851538895862
  landing: 0.03982539504067972
  view-data: 0.5580038469634019
