times:
  edit-metadata: 9.014115379191935
  landing: 0.2225061235949397
  view-data: 0.027207219041883945
