times:
  edit-metadata: 9.445232478901744
  landing: 0.14636935852468014
  view-data: 0.12052486184984446
