times:
  edit-metadata: 9.897547806613147
  landing: 0.21655287314206362
  view-data: 0.5463885646313429
