times:
  landing: 0.5493930619999787
  view-data: 0.5555265979999717
