times:
  edit-metadata: 40.22657636099029
  landing: 0.04602515697479248
  view-data: 0.5510325559880584
