times:
  edit-metadata: 8.726196090690792
  landing: 0.02214784547686577
  view-data: 0.12128113117069006
