times:
  edit-metadata: 12.64326679194346
  landing: 0.05725858802907169
  view-data: 3.902314023114741
