times:
  edit-metadata: 12.112004411988892
  landing: 0.0744192919228226
  view-data: 4.712016164907254
