times:
  landing: 1.0759143889999905
  view-data: 0.5578966179999725
