times:
  edit-metadata: 35.015899669378996
  landing: 1.2513867989182472
  view-data: 3.145469995215535
