times:
  edit-metadata: 31.982355050742626
  landing: 0.050127558410167694
  view-data: 2.4831568375229836
