times:
  edit-metadata: 7.470287071540952
  landing: 0.04347129538655281
  view-data: 0.8791041104122996
