times:
  edit-metadata: 35.264855375513434
  landing: 0.9508616216480732
  view-data: 2.629630718380213
