times:
  edit-metadata: 40.29825349000748
  landing: 0.04674600705038756
  view-data: 0.5599058569641784
