times:
  landing: 1.0597809270000198
  view-data: 0.5512875779999717
