times:
  edit-metadata: 36.45691987685859
  landing: 1.2221897765994072
  view-data: 3.0777034256607294
