times:
  edit-metadata: 8.717013525776565
  landing: 0.023536579683423042
  view-data: 0.12341900635510683
