times:
  landing: 0.556410776000007
  view-data: 0.5651314170000035
