times:
  edit-metadata: 11.318889031885192
  landing: 0.07297248393297195
  view-data: 4.066262640990317
