times:
  edit-metadata: 13.904526934958994
  landing: 0.05960507830604911
  view-data: 3.64523186115548
