times:
  edit-metadata: 41.14157952484675
  landing: 0.0429282879922539
  view-data: 0.5826492169871926
