times:
  edit-metadata: 8.847752788104117
  landing: 0.019230558536946774
  view-data: 0.11226405948400497
