times:
  edit-metadata: 9.419782558456063
  landing: 0.11378292925655842
  view-data: 0.136928865686059
