times:
  edit-metadata: 41.618779165204614
  landing: 0.046151417307555676
  view-data: 0.5810017641633749
