times:
  edit-metadata: 42.45130064897239
  landing: 0.08152993896510452
  view-data: 0.5587493210332468
