times:
  edit-metadata: 13.242640076670796
  landing: 0.064730831887573
  view-data: 3.582802870310843
