times:
  edit-metadata: 3.370763322338462
  landing: 2.596197171136737
  view-data: 5.878668552264571
