times:
  edit-metadata: 4.13180347206071
  landing: 3.114581673173234
  view-data: 6.424853048054501
