times:
  landing: 0.5441064380000284
  view-data: 0.5521396869999649
