times:
  landing: 1.076539620999995
  view-data: 0.5690991220000114
