times:
  edit-metadata: 39.456887621898204
  landing: 0.03929232293739915
  view-data: 0.5661850448232144
