times:
  edit-metadata: 39.94402515696129
  landing: 0.04597748495871201
  view-data: 0.5546126760309562
