times:
  edit-metadata: 8.79466189071536
  landing: 0.09696558304131031
  view-data: 0.02590233087539673
