times:
  edit-metadata: 21.795687947422266
  landing: 0.04056010767817497
  view-data: 1.4217190779745579
