times:
  edit-metadata: 24.179552253335714
  landing: 0.045435115694999695
  view-data: 1.5232064612209797
