times:
  edit-metadata: 3.8098277896642685
  landing: 3.2905397303402424
  view-data: 7.842687226831913
