times:
  edit-metadata: 7.5699818641878664
  landing: 0.048381134402006865
  view-data: 0.7117687221616507
