times:
  edit-metadata: 13.13724403269589
  landing: 0.02283363975584507
  view-data: 2.49883409217
