times:
  edit-metadata: 11.873675018083304
  landing: 0.08612458501011133
  view-data: 4.907621963880956
