times:
  landing: 0.5575160420000032
  view-data: 0.5650674940000044
