times:
  edit-metadata: 9.297957003116608
  landing: 0.20480670873075724
  view-data: 0.14819656778126955
