times:
  edit-metadata: 107.22299579530954
  landing: 0.9836099557578564
  view-data: 0.9925584010779858
