times:
  edit-metadata: 3.51973604504019
  landing: 3.0125183262862265
  view-data: 6.988935189787298
