times:
  landing: 1.5900728880000088
  view-data: 0.5633627980000142
