times:
  edit-metadata: 3.899313845206052
  landing: 3.2559054167941213
  view-data: 7.068707825150341
