times:
  edit-metadata: 34.441620448604226
  landing: 0.8348752204328775
  view-data: 2.7853662110865116
