times:
  edit-metadata: 8.791186393238604
  landing: 0.021596932783722878
  view-data: 0.11773300264030695
