times:
  edit-metadata: 10.117528788745403
  landing: 0.12698296830058098
  view-data: 1.681976867839694
