times:
  edit-metadata: 3.823967568576336
  landing: 3.131079038605094
  view-data: 7.259388724341989
