times:
  edit-metadata: 11.623795340070501
  landing: 0.07142562395893037
  view-data: 3.8265327679691836
