times:
  edit-metadata: 39.98790009698132
  landing: 0.04818784404778853
  view-data: 0.5641698390245438
