times:
  landing: 0.5535577649999937
  view-data: 0.561603233000028
