times:
  landing: 0.5498611109999842
  view-data: 0.05341086899997549
