times:
  edit-metadata: 9.186358803883195
  landing: 0.021114597097039223
  view-data: 0.024952192790806293
