times:
  edit-metadata: 25.80652850900151
  landing: 0.37970577599844546
  view-data: 0.32113160000153584
