times:
  edit-metadata: 8.350717538036406
  landing: 0.04727702308446169
  view-data: 0.7266698461025953
