times:
  edit-metadata: 12.594533242008765
  landing: 0.09373827300441917
  view-data: 4.022805840999354
