times:
  edit-metadata: 14.695255571976304
  landing: 0.025124140083789825
  view-data: 0.02512429654598236
