times:
  edit-metadata: 40.45506607973948
  landing: 0.0433534518815577
  view-data: 0.5770892556756735
