times:
  landing: 0.5607694849999802
  view-data: 0.5621216910000157
