times:
  edit-metadata: 8.917540325783193
  landing: 0.0965084359049797
  view-data: 0.027458281256258488
