times:
  edit-metadata: 7.549058426171541
  landing: 0.043369646184146404
  view-data: 0.7096501472406089
