times:
  edit-metadata: 11.321877244045027
  landing: 0.08478194900089875
  view-data: 4.2794736349605955
