times:
  edit-metadata: 3.727747905999422
  landing: 3.2467363569885492
  view-data: 7.944175131618977
