times:
  edit-metadata: 4.341947264969349
  landing: 3.1078071296215057
  view-data: 5.728012705221772
