times:
  edit-metadata: 33.70889252796769
  landing: 1.2958280052989721
  view-data: 3.0245729722082615
