times:
  edit-metadata: 44.159102194942534
  landing: 0.0813660928979516
  view-data: 0.5839363802224398
