times:
  edit-metadata: 3.590600647032261
  landing: 21.836153082549572
  view-data: 8.299476705491543
