times:
  landing: 1.160972184000002
  view-data: 0.5610563339999999
