times:
  edit-metadata: 8.834192804992199
  landing: 0.020760295912623405
  view-data: 0.029069784097373486
