times:
  edit-metadata: 4.279043566901237
  landing: 3.8103733458556235
  view-data: 7.010723915183917
