times:
  edit-metadata: 34.93937334418297
  landing: 0.5807477924972773
  view-data: 2.6273436080664396
