times:
  edit-metadata: 7.546206947881728
  landing: 0.04405558202415705
  view-data: 0.718601472210139
