times:
  landing: 0.5469532960000834
  view-data: 0.5595715370000107
