times:
  edit-metadata: 34.78023422695696
  landing: 0.917312366887927
  view-data: 3.0893358811736107
