times:
  landing: 0.5499677059999897
  view-data: 0.05636516300000949
