times:
  edit-metadata: 41.39563619112596
  landing: 0.042432992020621896
  view-data: 0.5655492111109197
