times:
  landing: 3.2032506484538317
  view-data: 1.6209919042885303
