times:
  edit-metadata: 9.571966805495322
  landing: 0.1686448911204934
  view-data: 0.02346561010926962
