times:
  edit-metadata: 8.709462771192193
  landing: 0.1992353731766343
  view-data: 0.1334086498245597
