times:
  edit-metadata: 3.5008540637791157
  landing: 2.6225990038365126
  view-data: 6.398500148206949
