times:
  edit-metadata: 41.08206560500548
  landing: 0.047142347000772133
  view-data: 0.5577762130124029
