times:
  edit-metadata: 7.312535078730434
  landing: 0.0447107870131731
  view-data: 0.5917323469184339
