times:
  edit-metadata: 35.66448744945228
  landing: 0.6879230439662933
  view-data: 2.690056899562478
