times:
  landing: 1.0747272559999885
  view-data: 0.5688514089999899
