times:
  edit-metadata: 41.50186126423068
  landing: 0.04889553692191839
  view-data: 0.5595945129171014
