times:
  edit-metadata: 4.022400230169296
  landing: 3.346632454544306
  view-data: 3.410137377679348
