times:
  edit-metadata: 3.7459130957722664
  landing: 3.382043533027172
  view-data: 3.390442255884409
