times:
  edit-metadata: 35.32000427506864
  landing: 0.6740907970815897
  view-data: 3.1493553314357996
