times:
  edit-metadata: 13.409757670015097
  landing: 0.020668746903538704
  view-data: 0.12827159091830254
