times:
  edit-metadata: 35.8878063801676
  landing: 1.1679111551493406
  view-data: 3.1610829792916775
