times:
  edit-metadata: 4.489292135462165
  landing: 3.4135637544095516
  view-data: 5.99393754452467
