times:
  edit-metadata: 13.393388979136944
  landing: 0.1311914511024952
  view-data: 0.129591291770339
