times:
  edit-metadata: 39.60923659009859
  landing: 0.04435059707611799
  view-data: 0.6914549297653139
