times:
  edit-metadata: 8.813464320264757
  landing: 0.04998990334570408
  view-data: 0.04556564521044493
