times:
  edit-metadata: 39.7672113039298
  landing: 0.044213386019691825
  view-data: 0.5499332050094381
