times:
  edit-metadata: 8.761338416486979
  landing: 0.021392145194113255
  view-data: 0.584466646425426
