times:
  edit-metadata: 7.471260441467166
  landing: 0.04692296031862497
  view-data: 0.7207671543583274
