times:
  landing: 1.091934440999978
  view-data: 0.5796654879999892
