times:
  edit-metadata: 9.114543608389795
  landing: 0.1279956242069602
  view-data: 0.023605876602232456
