times:
  edit-metadata: 7.594946138560772
  landing: 0.04682060889899731
  view-data: 0.738576140254736
