times:
  edit-metadata: 4.7900715980213135
  landing: 3.5394083301071078
  view-data: 6.9416706850752234
