times:
  edit-metadata: 13.30199056211859
  landing: 0.1110773659311235
  view-data: 1.1466866838745773
