times:
  edit-metadata: 3.4745844546705484
  landing: 2.623970203101635
  view-data: 5.799468880519271
