times:
  edit-metadata: 11.872729294002056
  landing: 0.14956846181303263
  view-data: 1.7050285628065467
