times:
  edit-metadata: 31.556661002337933
  landing: 0.04311405494809151
  view-data: 2.447034515440464
