times:
  edit-metadata: 7.3186344457790256
  landing: 0.04332287795841694
  view-data: 0.5779687422327697
