times:
  edit-metadata: 7.357383673079312
  landing: 0.04269513953477144
  view-data: 0.7450186740607023
