times:
  edit-metadata: 104.73677553422749
  landing: 0.7892931941896677
  view-data: 0.9538626335561275
