times:
  edit-metadata: 7.451805270276964
  landing: 0.04186931299045682
  view-data: 0.5887292861007154
