times:
  edit-metadata: 12.703485233709216
  landing: 0.021355927921831608
  view-data: 1.7776310546323657
