times:
  edit-metadata: 4.2152984365820885
  landing: 3.6375233717262745
  view-data: 3.44103479757905
