times:
  edit-metadata: 13.389585604891181
  landing: 0.021000666543841362
  view-data: 2.4714646879583597
