times:
  edit-metadata: 39.969128796015866
  landing: 0.041948356898501515
  view-data: 0.5706111750332639
