times:
  edit-metadata: 36.035276867449284
  landing: 1.3801411408931017
  view-data: 3.296420995146036
