times:
  edit-metadata: 8.959745298139751
  landing: 0.019520407542586327
  view-data: 0.13788780011236668
