times:
  landing: 0.5515081539999755
  view-data: 0.5564299819999974
