times:
  edit-metadata: 101.20486445911229
  landing: 0.8523430656641722
  view-data: 0.9671521484851837
