times:
  landing: 0.563763788000017
  view-data: 0.5627060799999981
