times:
  edit-metadata: 11.982146624010056
  landing: 0.08283395998296328
  view-data: 4.791325275989948
