times:
  edit-metadata: 4.686297017033212
  landing: 2.9535491010174155
  view-data: 6.6789128659293056
