times:
  edit-metadata: 12.97732850536704
  landing: 0.24783378839492798
  view-data: 0.12863373570144176
