times:
  landing: 0.5507868659999531
  view-data: 0.5587471149999601
