times:
  edit-metadata: 3.8371828496456146
  landing: 3.1276771426200867
  view-data: 8.025355827063322
