times:
  edit-metadata: 3.292948355898261
  landing: 3.0957061052322388
  view-data: 5.678898410871625
