times:
  edit-metadata: 9.076680587604642
  landing: 0.020141247659921646
  view-data: 0.12307154200971127
