times:
  edit-metadata: 15.25373550876975
  landing: 0.27924023382365704
  view-data: 2.5227926168590784
