times:
  edit-metadata: 34.7900970634073
  landing: 1.1490593887865543
  view-data: 2.7786527909338474
