times:
  landing: 0.5522104080000076
  view-data: 0.5631555429999935
