times:
  landing: 1.0668452040000602
  view-data: 0.5615935710000031
