times:
  edit-metadata: 13.900706203654408
  landing: 0.2520926631987095
  view-data: 0.027235666289925575
