times:
  edit-metadata: 11.268333418294787
  landing: 0.19153830967843533
  view-data: 1.7777556013315916
