times:
  edit-metadata: 13.38682066090405
  landing: 0.019077172502875328
  view-data: 1.5517154764384031
