times:
  edit-metadata: 7.465719575062394
  landing: 0.04583843797445297
  view-data: 0.765823564492166
