times:
  edit-metadata: 3.9496000856161118
  landing: 3.371421679854393
  view-data: 3.340601645410061
