times:
  landing: 0.54350186100001
  view-data: 0.5546882149999988
