times:
  edit-metadata: 41.40236960700713
  landing: 0.054354694904759526
  view-data: 0.7053688419982791
