times:
  edit-metadata: 11.721634331159294
  landing: 0.06610988290049136
  view-data: 4.067339600995183
