times:
  edit-metadata: 11.921941650041845
  landing: 0.11347403703257442
  view-data: 4.895816320960876
