times:
  edit-metadata: 4.20524637401104
  landing: 2.797848626971245
  view-data: 6.749908914323896
