times:
  edit-metadata: 7.777178748976439
  landing: 0.0375938662327826
  view-data: 0.5890609370544553
