times:
  edit-metadata: 31.881068896502256
  landing: 0.045156899839639664
  view-data: 2.765654344111681
