times:
  edit-metadata: 11.222014633007348
  landing: 0.07285148510709405
  view-data: 3.833746150135994
