times:
  edit-metadata: 14.770668871700764
  landing: 0.07290202286094427
  view-data: 3.7329757949337363
