times:
  landing: 0.5543471619999991
  view-data: 0.5599331700000221
