times:
  landing: 1.0680882760000259
  view-data: 0.5538623839999843
