times:
  edit-metadata: 44.645380095927976
  landing: 0.06472541799303144
  view-data: 0.7401072990614921
