times:
  edit-metadata: 3.766661172732711
  landing: 3.13459387794137
  view-data: 9.088171947747469
