times:
  edit-metadata: 12.591052331030369
  landing: 0.07391444896347821
  view-data: 3.5650542019866407
