times:
  edit-metadata: 3.898972101509571
  landing: 4.249936927109957
  view-data: 3.284932591021061
