times:
  landing: 1.5896637620000433
  view-data: 0.5578055279999603
