times:
  edit-metadata: 46.81922231201315
  landing: 0.05485819501336664
  view-data: 0.658318352943752
