times:
  edit-metadata: 15.170210780575871
  landing: 0.17368033528327942
  view-data: 0.02827601134777069
