times:
  edit-metadata: 39.834604990901425
  landing: 0.042766083031892776
  view-data: 0.5915252270642668
