times:
  landing: 0.5504189570000051
  view-data: 0.56004255900001
