times:
  edit-metadata: 7.580821614712477
  landing: 0.04569087829440832
  view-data: 0.7884325524792075
