times:
  edit-metadata: 9.577419363893569
  landing: 0.21943191532045603
  view-data: 0.02271889988332987
