times:
  edit-metadata: 54.31092936499044
  landing: 0.07176615297794342
  view-data: 0.649874989001546
