times:
  edit-metadata: 12.33146690600006
  landing: 0.048577634999674046
  view-data: 3.7327134209999713
