times:
  edit-metadata: 8.830121350474656
  landing: 0.01868115086108446
  view-data: 0.03466879390180111
