times:
  edit-metadata: 11.344798230100423
  landing: 0.06527619389817119
  view-data: 3.515144540928304
