times:
  edit-metadata: 8.684715399518609
  landing: 0.022671486251056194
  view-data: 0.026204757392406464
