times:
  edit-metadata: 3.733652675524354
  landing: 3.3726137839257717
  view-data: 5.853556707501411
