times:
  edit-metadata: 13.334105547517538
  landing: 0.018201354891061783
  view-data: 1.4017306957393885
