times:
  edit-metadata: 15.269999034702778
  landing: 0.24985474720597267
  view-data: 0.5854844450950623
