times:
  edit-metadata: 3.880970560014248
  landing: 3.1896639354526997
  view-data: 3.32595132291317
