times:
  edit-metadata: 31.740672387182713
  landing: 0.040051814168691635
  view-data: 2.5690106116235256
