times:
  edit-metadata: 7.426602203864604
  landing: 0.04365082085132599
  view-data: 0.7248517889529467
