times:
  edit-metadata: 8.853891417384148
  landing: 0.01952873170375824
  view-data: 0.03170423861593008
