times:
  edit-metadata: 34.55610713548958
  landing: 0.8561225142329931
  view-data: 2.6564375422894955
