times:
  edit-metadata: 3.898399516940117
  landing: 3.2245948798954487
  view-data: 5.961800565943122
