times:
  edit-metadata: 4.308118585497141
  landing: 3.421511936932802
  view-data: 3.349030714482069
