times:
  edit-metadata: 12.640226494986564
  landing: 0.05742048192769289
  view-data: 6.428521336056292
