times:
  edit-metadata: 41.80929878493771
  landing: 0.05922809988260269
  view-data: 0.6786227661650628
