times:
  edit-metadata: 4.910482503473759
  landing: 3.362892733886838
  view-data: 9.230669841170311
