times:
  edit-metadata: 8.889474621973932
  landing: 0.14490168634802103
  view-data: 0.5867042103782296
