times:
  edit-metadata: 12.272913850843906
  landing: 0.022478563711047173
  view-data: 1.6108971796929836
