times:
  edit-metadata: 11.823106292984448
  landing: 0.07524628099054098
  view-data: 5.377517560002161
