times:
  landing: 0.5576875360000031
  view-data: 0.5605282840001564
