times:
  edit-metadata: 11.35414964496158
  landing: 0.06681884615682065
  view-data: 3.832143388921395
