times:
  edit-metadata: 13.598083520308137
  landing: 0.10699656745418906
  view-data: 3.9496752424165606
