times:
  edit-metadata: 12.060542929102667
  landing: 0.07087501406203955
  view-data: 4.798320903093554
