times:
  edit-metadata: 31.69970913603902
  landing: 0.04570712149143219
  view-data: 2.5801426731050014
