times:
  edit-metadata: 4.091715038055554
  landing: 3.2462962521240115
  view-data: 6.520392405800521
