times:
  edit-metadata: 13.92839834280312
  landing: 0.02210989221930504
  view-data: 0.14672048389911652
