times:
  edit-metadata: 35.774926783517
  landing: 1.0708385966718197
  view-data: 2.607557011768222
