times:
  edit-metadata: 3.215618558228016
  landing: 2.5665168277919292
  view-data: 5.936412306502461
