times:
  edit-metadata: 8.679274489171803
  landing: 0.02109726145863533
  view-data: 0.02645755372941494
