times:
  edit-metadata: 20.05481978901662
  landing: 0.2502021759864874
  view-data: 0.180066070985049
