times:
  landing: 0.5509029759999748
  view-data: 0.5653384780000579
