times:
  edit-metadata: 14.334678411483765
  landing: 0.19728665798902512
  view-data: 0.0268179289996624
