times:
  edit-metadata: 4.534105159342289
  landing: 3.4614051207900047
  view-data: 3.3534174896776676
