times:
  edit-metadata: 7.443318813107908
  landing: 0.046122726052999496
  view-data: 0.756859552115202
