times:
  edit-metadata: 11.096243778709322
  landing: 0.08185583725571632
  view-data: 3.971482294611633
