times:
  edit-metadata: 13.6461450625211
  landing: 0.025227677077054977
  view-data: 1.7742383684962988
