times:
  edit-metadata: 31.78818004205823
  landing: 0.05081682652235031
  view-data: 2.597555849701166
