times:
  landing: 1.6004439160000175
  view-data: 0.5621418640000115
