times:
  edit-metadata: 8.746070858091116
  landing: 0.052540045231580734
  view-data: 0.6081534218974411
