times:
  landing: 1.5826548000000003
  view-data: 0.5558287220000011
