times:
  landing: 1.140778824999984
  view-data: 0.5715662119999934
