times:
  landing: 1.119571497999999
  view-data: 0.5543813710000052
