times:
  edit-metadata: 11.766943391994573
  landing: 0.07364314998267218
  view-data: 8.299061969999457
