times:
  landing: 1.069812110999976
  view-data: 0.5618845910000232
