times:
  landing: 0.5487209050000104
  view-data: 0.5683898560000102
