times:
  landing: 1.5945667489999948
  view-data: 0.56651111299999
