times:
  landing: 0.5449138689999984
  view-data: 0.5461265849999961
