times:
  edit-metadata: 40.91851326683536
  landing: 0.05923631926998496
  view-data: 0.683140273205936
