times:
  edit-metadata: 8.733834521844983
  landing: 0.018254742957651615
  view-data: 0.12584664206951857
