times:
  edit-metadata: 12.746973897796124
  landing: 0.07098325481638312
  view-data: 3.838149400893599
