times:
  edit-metadata: 12.545207408023998
  landing: 0.06195467396173626
  view-data: 3.8963116490049288
