times:
  landing: 2.248379615833983
  view-data: 0.03233653516508639
