times:
  edit-metadata: 37.15244864486158
  landing: 0.06735031493008137
  view-data: 2.6163919512182474
