times:
  edit-metadata: 13.195805165974889
  landing: 0.024540801998227835
  view-data: 0.029092131997458637
