times:
  landing: 0.541653164999957
  view-data: 0.5496768640000482
