times:
  landing: 0.5438785130000099
  view-data: 0.5472741110000072
