times:
  edit-metadata: 8.642600526101887
  landing: 0.02130264975130558
  view-data: 0.12143190205097198
