times:
  edit-metadata: 40.07385946798604
  landing: 0.04560324701014906
  view-data: 0.5665441360324621
