times:
  edit-metadata: 39.74799955030903
  landing: 0.05284982733428478
  view-data: 0.5776731590740383
