times:
  edit-metadata: 11.104193791747093
  landing: 0.24127127323299646
  view-data: 0.03493868838995695
