times:
  edit-metadata: 7.451984799001366
  landing: 0.047652484849095345
  view-data: 0.7473673769272864
