times:
  edit-metadata: 4.144355621188879
  landing: 3.364895086735487
  view-data: 3.3435729406774044
