times:
  edit-metadata: 7.415621179156005
  landing: 0.051849345210939646
  view-data: 0.7253938089124858
