times:
  edit-metadata: 13.295276653021574
  landing: 0.022549275308847427
  view-data: 0.025418296456336975
