times:
  landing: 1.1463048599999865
  view-data: 0.5560632059999762
