times:
  edit-metadata: 11.852600165002514
  landing: 0.06473102000018116
  view-data: 4.1201846830008435
