times:
  landing: 1.0809752149999667
  view-data: 0.560547559999975
