times:
  edit-metadata: 8.788344041444361
  landing: 0.02017766796052456
  view-data: 0.11836055852472782
