times:
  edit-metadata: 40.97928153909743
  landing: 0.049223968759179115
  view-data: 0.5771757373586297
