times:
  edit-metadata: 39.85720259300433
  landing: 0.04568780801491812
  view-data: 0.5664916980022099
