times:
  edit-metadata: 13.216720117256045
  landing: 0.021779706701636314
  view-data: 0.13654621690511703
