times:
  edit-metadata: 3.9001551009714603
  landing: 3.1257292479276657
  view-data: 7.749219514429569
