times:
  edit-metadata: 12.748432451975532
  landing: 0.06884501304011792
  view-data: 3.7883809389313683
