times:
  edit-metadata: 7.421677143778652
  landing: 0.043619684875011444
  view-data: 0.7142844991758466
