times:
  edit-metadata: 9.521707939915359
  landing: 0.019017737358808517
  view-data: 0.2383097941055894
