times:
  edit-metadata: 3.2557047996670008
  landing: 2.769286047667265
  view-data: 5.897343281656504
