times:
  edit-metadata: 3.800152927986346
  landing: 2.7233304230030626
  view-data: 6.805748805985786
