times:
  landing: 1.0780760969999506
  view-data: 0.5650967830000013
