times:
  edit-metadata: 13.655528981238604
  landing: 0.024695809930562973
  view-data: 0.026808608323335648
