times:
  edit-metadata: 4.870790645480156
  landing: 3.6336354799568653
  view-data: 3.329426571726799
