times:
  edit-metadata: 7.401418210938573
  landing: 0.0447847037576139
  view-data: 0.843258204869926
