times:
  edit-metadata: 12.312069580191746
  landing: 0.07193064410239458
  view-data: 4.662990936078131
