times:
  edit-metadata: 3.2578974831849337
  landing: 2.7065905164927244
  view-data: 5.663808152079582
