times:
  edit-metadata: 8.748229968361557
  landing: 0.022388221696019173
  view-data: 0.02395059075206518
