times:
  edit-metadata: 23.717629373073578
  landing: 0.05516601353883743
  view-data: 1.4710933901369572
