times:
  edit-metadata: 15.25710223056376
  landing: 0.15115583315491676
  view-data: 0.056679755449295044
