times:
  landing: 0.5471124540000005
  view-data: 0.5636660289999895
