times:
  edit-metadata: 34.72177829965949
  landing: 1.2671997100114822
  view-data: 2.9746586307883263
