times:
  edit-metadata: 31.6350493170321
  landing: 0.04251763969659805
  view-data: 2.468395985662937
