times:
  edit-metadata: 7.470673116855323
  landing: 0.047369975596666336
  view-data: 0.7386995833367109
