times:
  edit-metadata: 47.179184437030926
  landing: 0.04412914696149528
  view-data: 0.5765241340268403
