times:
  edit-metadata: 14.72378858923912
  landing: 0.269916582852602
  view-data: 0.6214872803539038
