times:
  edit-metadata: 39.61764590907842
  landing: 0.051855104975402355
  view-data: 0.7035254738293588
