times:
  edit-metadata: 42.64791219192557
  landing: 0.04916502395644784
  view-data: 0.6160657319705933
