times:
  edit-metadata: 4.060601278208196
  landing: 3.656200770754367
  view-data: 8.349846475291997
