times:
  edit-metadata: 11.37891590106301
  landing: 0.07247328199446201
  view-data: 3.809269494842738
