times:
  edit-metadata: 4.184696773067117
  landing: 3.191963091958314
  view-data: 6.711281775962561
