times:
  edit-metadata: 35.047493128106
  landing: 0.7246712502092123
  view-data: 2.4193701054900885
