times:
  landing: 1.068923395000013
  view-data: 0.5609082089999902
