times:
  edit-metadata: 8.72603340446949
  landing: 0.16580170020461082
  view-data: 0.11727733351290226
