times:
  edit-metadata: 34.97304770164192
  landing: 0.8488746080547571
  view-data: 2.64651532843709
