times:
  edit-metadata: 13.598386522848159
  landing: 0.06468474585562944
  view-data: 4.190766606014222
