times:
  edit-metadata: 4.243161842226982
  landing: 3.4838535971939564
  view-data: 3.357806660234928
