times:
  edit-metadata: 7.518156485166401
  landing: 0.04623882519081235
  view-data: 0.594351741950959
