times:
  edit-metadata: 14.00503124500392
  landing: 0.06965800799662247
  view-data: 4.324246313015465
