times:
  landing: 1.097647209999991
  view-data: 0.5555999999999699
