times:
  edit-metadata: 36.93511338531971
  landing: 1.257930114865303
  view-data: 3.2087771371006966
