times:
  edit-metadata: 46.12117714295164
  landing: 0.05173453502357006
  view-data: 0.6297363401390612
