times:
  landing: 0.566112435000008
  view-data: 0.5617047130000117
