times:
  edit-metadata: 7.410281044896692
  landing: 0.04523220984265208
  view-data: 0.5872147721238434
