times:
  edit-metadata: 41.88748650508933
  landing: 0.048697543796151876
  view-data: 0.5776611098553985
