times:
  edit-metadata: 13.550999496132135
  landing: 0.2440420612692833
  view-data: 0.1260081995278597
