times:
  edit-metadata: 7.489337109029293
  landing: 0.05505026038736105
  view-data: 0.7342966673895717
