times:
  edit-metadata: 40.000561118125916
  landing: 1.7392286844551563
  view-data: 3.2345652747899294
