times:
  edit-metadata: 3.429457873106003
  landing: 2.8027000594884157
  view-data: 5.837669612839818
