times:
  landing: 1.112392452000023
  view-data: 0.555969258999994
