times:
  edit-metadata: 31.788941252976656
  landing: 0.04444122314453125
  view-data: 2.58350283280015
