times:
  landing: 1.0954023390000884
  view-data: 0.561636701999987
