times:
  edit-metadata: 3.1990508288145065
  landing: 2.473369052633643
  view-data: 5.960167905315757
