times:
  landing: 0.5488496000000396
  view-data: 0.5668788230000246
