times:
  edit-metadata: 102.26291179843247
  landing: 1.7646244075149298
  view-data: 1.4762199688702822
