times:
  edit-metadata: 13.16209321608767
  landing: 0.0693251509219408
  view-data: 3.6338010262697935
