times:
  edit-metadata: 12.155058955017012
  landing: 0.05822125601116568
  view-data: 3.874574818997644
