times:
  edit-metadata: 35.20014959573746
  landing: 0.05752422288060188
  view-data: 2.473851252347231
