times:
  edit-metadata: 14.063887091353536
  landing: 0.15084362030029297
  view-data: 0.02720843441784382
