times:
  edit-metadata: 10.13548468472436
  landing: 0.05732525000348687
  view-data: 0.78049784200266
