times:
  edit-metadata: 13.463771378621459
  landing: 0.17862246930599213
  view-data: 0.14526967704296112
