times:
  landing: 0.5535840769999822
  view-data: 0.5743572059999735
