times:
  edit-metadata: 35.944810876622796
  landing: 1.1944935359060764
  view-data: 2.909405728802085
