times:
  edit-metadata: 39.78452396194916
  landing: 0.05404911900404841
  view-data: 0.5689041540026665
