times:
  edit-metadata: 17.258755911141634
  landing: 0.4628463163971901
  view-data: 0.7360358005389571
