times:
  landing: 0.5445192170000155
  view-data: 0.5638869030000251
