times:
  edit-metadata: 15.029977960512042
  landing: 0.24227839708328247
  view-data: 2.6310238745063543
