times:
  edit-metadata: 3.216007864102721
  landing: 2.6153050176799297
  view-data: 5.856337944045663
