times:
  edit-metadata: 4.268259235657752
  landing: 3.981971751898527
  view-data: 7.476398807018995
