times:
  edit-metadata: 8.883554233238101
  landing: 0.21686623990535736
  view-data: 0.12429549172520638
