times:
  edit-metadata: 3.6788977403193712
  landing: 2.6302740685641766
  view-data: 6.188648639246821
