times:
  edit-metadata: 8.748990044929087
  landing: 0.02183062583208084
  view-data: 0.12899798341095448
