times:
  edit-metadata: 13.54596389271319
  landing: 0.3468874040991068
  view-data: 0.026449643075466156
