times:
  edit-metadata: 7.4833137867972255
  landing: 0.04433965031057596
  view-data: 0.7409665388986468
