times:
  edit-metadata: 7.579434140585363
  landing: 0.047763836570084095
  view-data: 0.7418940048664808
