times:
  edit-metadata: 13.92301013506949
  landing: 0.18361697159707546
  view-data: 1.5526406988501549
