times:
  landing: 1.0795997460000422
  view-data: 0.5594304900000111
