times:
  edit-metadata: 12.916866626008414
  landing: 0.1169295459985733
  view-data: 4.034841959946789
