times:
  edit-metadata: 3.9370515011250973
  landing: 3.2656645961105824
  view-data: 3.334322474896908
