times:
  edit-metadata: 31.77424367517233
  landing: 0.044627316296100616
  view-data: 2.554192613810301
