times:
  edit-metadata: 3.1751220300793648
  landing: 2.499297834932804
  view-data: 5.723364736884832
