times:
  edit-metadata: 15.82888299971819
  landing: 0.296325508505106
  view-data: 2.956263530999422
