times:
  edit-metadata: 41.17275853801402
  landing: 0.05519781998009421
  view-data: 0.5596338539908174
