times:
  edit-metadata: 8.88056809362024
  landing: 0.02098170667886734
  view-data: 0.7331497129052877
