times:
  edit-metadata: 9.406050237827003
  landing: 0.2198152421042323
  view-data: 0.13648957945406437
