times:
  edit-metadata: 3.8686546236276627
  landing: 3.293019700795412
  view-data: 3.4202221296727657
