times:
  edit-metadata: 9.129658170044422
  landing: 0.021305862814188004
  view-data: 0.6878475015982985
