times:
  edit-metadata: 7.464239709079266
  landing: 0.04123024735599756
  view-data: 0.7408098755404353
