times:
  edit-metadata: 34.59488354064524
  landing: 1.1666000541299582
  view-data: 2.658123878762126
