times:
  edit-metadata: 8.693323070183396
  landing: 0.020929260179400444
  view-data: 0.09488742053508759
