times:
  edit-metadata: 14.819729996845126
  landing: 0.05475101247429848
  view-data: 3.426382126286626
