times:
  edit-metadata: 14.777508407831192
  landing: 0.29809573106467724
  view-data: 0.028280071914196014
