times:
  edit-metadata: 13.237848991528153
  landing: 0.020960194990038872
  view-data: 0.024618659168481827
