times:
  edit-metadata: 62.26919040689245
  landing: 0.1086741869803518
  view-data: 0.9735947360750288
