times:
  edit-metadata: 8.781154192052782
  landing: 0.02016192488372326
  view-data: 0.1189924692735076
