times:
  edit-metadata: 42.81668466003612
  landing: 0.045967370038852096
  view-data: 0.5858167659025639
