times:
  landing: 1.637909159000003
  view-data: 0.566436748000001
