times:
  edit-metadata: 11.558078957954422
  landing: 0.05637290596496314
  view-data: 3.9708383459364995
