times:
  edit-metadata: 14.859903587028384
  landing: 0.25792403146624565
  view-data: 0.15149785578250885
