times:
  edit-metadata: 102.80601714737713
  landing: 0.9796282760798931
  view-data: 1.0453350469470024
