times:
  edit-metadata: 39.9863340879092
  landing: 0.046142574050463736
  view-data: 0.5608035649638623
