times:
  edit-metadata: 12.494178890949115
  landing: 0.06495594407897443
  view-data: 3.8348161820322275
