times:
  edit-metadata: 40.259608978871256
  landing: 0.04460111167281866
  view-data: 0.5686178621836007
