times:
  edit-metadata: 42.34384835208766
  landing: 0.07646834198385477
  view-data: 0.5990372181404382
