times:
  edit-metadata: 31.643979128450155
  landing: 0.043356429785490036
  view-data: 2.586012374609709
