times:
  edit-metadata: 15.266239881515503
  landing: 0.30409614741802216
  view-data: 0.16252109594643116
