times:
  edit-metadata: 35.54160186648369
  landing: 0.05923687294125557
  view-data: 2.5943670757114887
