times:
  edit-metadata: 12.069141148938797
  landing: 0.0814776630140841
  view-data: 5.999842953984626
