times:
  landing: 0.5496861839999951
  view-data: 0.5571665170000131
