times:
  edit-metadata: 8.932528969831765
  landing: 0.020594178698956966
  view-data: 0.02775759808719158
