times:
  edit-metadata: 9.25801250897348
  landing: 0.01955457404255867
  view-data: 0.028641732409596443
