times:
  edit-metadata: 8.788551164790988
  landing: 0.12231997586786747
  view-data: 0.5732975639402866
