times:
  edit-metadata: 8.188985184766352
  landing: 0.049782609567046165
  view-data: 0.7068154299631715
