times:
  edit-metadata: 7.439230018295348
  landing: 0.04124429216608405
  view-data: 0.6878919871523976
