times:
  landing: 0.5506288260000076
  view-data: 0.556541148000008
