times:
  edit-metadata: 113.15461261942983
  landing: 0.9694608952850103
  view-data: 1.4505112264305353
