times:
  landing: 0.5444652650000137
  view-data: 0.5524356640000008
