times:
  edit-metadata: 8.68392232246697
  landing: 0.024301639758050442
  view-data: 0.5961417211219668
