times:
  edit-metadata: 104.48188489675522
  landing: 0.7460969183593988
  view-data: 0.9248666446655989
