times:
  edit-metadata: 39.78563119500177
  landing: 0.04951055400306359
  view-data: 0.5506529639824294
