times:
  edit-metadata: 39.552401627996005
  landing: 0.05247824301477522
  view-data: 0.5625032579991966
