times:
  edit-metadata: 100.99156250432134
  landing: 1.7316675931215286
  view-data: 1.3557718936353922
