times:
  edit-metadata: 4.087309507885948
  landing: 3.4729927119333297
  view-data: 7.765866847941652
