times:
  edit-metadata: 10.94285979680717
  landing: 0.1367773301899433
  view-data: 0.023901978507637978
