times:
  edit-metadata: 8.655126892961562
  landing: 0.02199034858494997
  view-data: 0.024614774622023106
