times:
  edit-metadata: 8.989221505820751
  landing: 0.02171765174716711
  view-data: 0.025120746344327927
