times:
  edit-metadata: 9.989485632628202
  landing: 0.018849823623895645
  view-data: 0.1218235781416297
