times:
  edit-metadata: 35.20819352939725
  landing: 0.08211153373122215
  view-data: 2.4903339371085167
