times:
  edit-metadata: 12.125609006994637
  landing: 0.07172888799686916
  view-data: 3.6860075329896063
