times:
  edit-metadata: 9.008502949029207
  landing: 0.020923065021634102
  view-data: 0.027212291955947876
