times:
  edit-metadata: 41.84707204811275
  landing: 0.050237561110407114
  view-data: 0.574312592158094
