times:
  edit-metadata: 31.951925951987505
  landing: 0.04383618384599686
  view-data: 2.4716990180313587
