times:
  edit-metadata: 39.70056253578514
  landing: 0.043106327299028635
  view-data: 0.6059718611650169
