times:
  edit-metadata: 34.648918971419334
  landing: 0.7924097757786512
  view-data: 2.7932484671473503
