times:
  landing: 1.5941730049999592
  view-data: 0.557480623999993
