times:
  edit-metadata: 15.980480277910829
  landing: 0.2640014011412859
  view-data: 2.6239379215985537
