times:
  edit-metadata: 34.80306030251086
  landing: 1.1962262280285358
  view-data: 2.6954317055642605
