times:
  edit-metadata: 12.432175575289875
  landing: 0.06157031608745456
  view-data: 3.711784243118018
