times:
  edit-metadata: 3.7559503838419914
  landing: 2.8289248384535313
  view-data: 7.364445090293884
