times:
  edit-metadata: 4.028236932121217
  landing: 2.78071729792282
  view-data: 6.316670610103756
