times:
  edit-metadata: 34.46510194800794
  landing: 0.80995406024158
  view-data: 2.758944995701313
