times:
  edit-metadata: 15.230143574997783
  landing: 0.1394630540162325
  view-data: 2.664602681994438
