times:
  edit-metadata: 9.02689033234492
  landing: 0.07189811300486326
  view-data: 0.5714454506523907
