times:
  landing: 1.0616848409999875
  view-data: 0.5572301249999327
