times:
  edit-metadata: 14.15459045395255
  landing: 0.25394098088145256
  view-data: 0.1437678076326847
