times:
  edit-metadata: 3.6856432743370533
  landing: 3.1847490835934877
  view-data: 7.558147693052888
