times:
  edit-metadata: 31.85262805223465
  landing: 0.042856406420469284
  view-data: 2.5399792417883873
