times:
  edit-metadata: 11.516826167004183
  landing: 0.07620373903773725
  view-data: 3.7422727870289236
