times:
  edit-metadata: 39.929214565083385
  landing: 0.04281132994219661
  view-data: 0.5677700410597026
