times:
  landing: 1.1406730480000533
  view-data: 0.5483974950000174
