times:
  edit-metadata: 11.212770821992308
  landing: 0.06964817084372044
  view-data: 4.00638660416007
