times:
  edit-metadata: 13.317981845990289
  landing: 0.07873947700136341
  view-data: 7.389018014015164
