times:
  edit-metadata: 5.334485828876495
  landing: 3.976746190339327
  view-data: 3.3752897419035435
