times:
  edit-metadata: 11.56861675111577
  landing: 0.07517189998179674
  view-data: 3.814206150127575
