times:
  edit-metadata: 13.174825312569737
  landing: 0.02009073831140995
  view-data: 0.024265963584184647
