times:
  edit-metadata: 39.74745151307434
  landing: 0.04438474401831627
  view-data: 0.550567148020491
