times:
  edit-metadata: 14.34465729398653
  landing: 0.10422310198191553
  view-data: 3.6591614180069882
