times:
  edit-metadata: 4.002391789108515
  landing: 3.1362295038998127
  view-data: 3.3629480078816414
