times:
  edit-metadata: 15.580771500244737
  landing: 0.14014899544417858
  view-data: 3.3749801721423864
