times:
  edit-metadata: 4.207791363936849
  landing: 3.0899390479316935
  view-data: 7.180075401091017
