times:
  edit-metadata: 8.758566631004214
  landing: 0.019532478414475918
  view-data: 0.026174869388341904
