times:
  landing: 0.5520928890000505
  view-data: 0.5650242710000839
