times:
  edit-metadata: 4.805019945953973
  landing: 2.777831029961817
  view-data: 6.372181121027097
