times:
  edit-metadata: 41.6552725690417
  landing: 0.056632372085005045
  view-data: 0.5571503820829093
