times:
  landing: 0.5601818769999909
  view-data: 0.5662635340000293
