times:
  edit-metadata: 13.562326041050255
  landing: 0.13975449511781335
  view-data: 4.573883258271962
