times:
  landing: 0.5566973120000398
  view-data: 0.5601812289999657
