times:
  edit-metadata: 12.441392289008945
  landing: 0.05909135297406465
  view-data: 3.6983537789201364
