times:
  edit-metadata: 5.1432261150330305
  landing: 3.548166130669415
  view-data: 7.682245146948844
