times:
  edit-metadata: 9.272955010645092
  landing: 0.020398556254804134
  view-data: 0.5889920545741916
