times:
  edit-metadata: 8.693061497993767
  landing: 0.023773685097694397
  view-data: 0.6849134964868426
