times:
  edit-metadata: 3.134892925620079
  landing: 2.494859028607607
  view-data: 6.4208291452378035
