times:
  landing: 0.553843818999951
  view-data: 0.5602170739999792
