times:
  edit-metadata: 13.441834272816777
  landing: 0.020327739417552948
  view-data: 0.4785469975322485
