times:
  edit-metadata: 42.59774658596143
  landing: 0.05254012090153992
  view-data: 0.5717795889358968
