times:
  edit-metadata: 3.9471446685492992
  landing: 3.3967911191284657
  view-data: 3.3558807969093323
