times:
  edit-metadata: 14.536297742277384
  landing: 0.02131556160748005
  view-data: 0.6346809174865484
