times:
  edit-metadata: 9.477430840954185
  landing: 0.1521256510168314
  view-data: 0.5734776211902499
