times:
  edit-metadata: 4.082468522014096
  landing: 2.8136571648065
  view-data: 6.742039333097637
