times:
  edit-metadata: 15.818098759045824
  landing: 0.23716331704054028
  view-data: 0.19178940600249916
