times:
  edit-metadata: 8.80430066306144
  landing: 0.020605689845979214
  view-data: 0.02520717214792967
