times:
  edit-metadata: 7.678494474850595
  landing: 0.04487014561891556
  view-data: 0.5939688230864704
