times:
  landing: 0.5485316649999845
  view-data: 0.5517210650000379
