times:
  landing: 1.1016345030000139
  view-data: 0.5535130000000095
