times:
  edit-metadata: 11.294043461006368
  landing: 0.07058467000024393
  view-data: 3.975938266987214
