times:
  edit-metadata: 12.816542407032102
  landing: 0.08072088193148375
  view-data: 5.039157500024885
