times:
  edit-metadata: 40.044827888021246
  landing: 0.0472406770568341
  view-data: 0.5626914741005749
