times:
  edit-metadata: 103.13965119607747
  landing: 1.11599101126194
  view-data: 0.9548128042370081
