times:
  edit-metadata: 11.707761196885258
  landing: 0.06873338483273983
  view-data: 4.173943852074444
