times:
  edit-metadata: 7.338505852036178
  landing: 0.04453518893569708
  view-data: 0.6125645870342851
