times:
  edit-metadata: 3.8416243009269238
  landing: 3.0309222117066383
  view-data: 7.622086141258478
