times:
  edit-metadata: 4.029940648004413
  landing: 3.0359600707888603
  view-data: 7.444291532039642
