times:
  edit-metadata: 3.429986100643873
  landing: 2.643985753878951
  view-data: 6.098163217306137
