times:
  edit-metadata: 7.5260512148961425
  landing: 0.044477956369519234
  view-data: 0.742509014904499
