times:
  edit-metadata: 4.138954542577267
  landing: 3.51543939858675
  view-data: 3.376906167715788
