times:
  edit-metadata: 5.622794778086245
  landing: 3.6810698248445988
  view-data: 6.837547007016838
