times:
  edit-metadata: 3.8754737563431263
  landing: 3.0266405306756496
  view-data: 3.4595950841903687
