times:
  landing: 0.5375086748972535
  view-data: 0.5542523567564785
