times:
  edit-metadata: 39.65222785998776
  landing: 0.048365406997618265
  view-data: 0.5573899029986933
