times:
  landing: 0.5443484639999951
  view-data: 0.5646809869999743
