times:
  landing: 0.5480491950000328
  view-data: 0.5614829419999978
