times:
  edit-metadata: 3.9495097175240517
  landing: 3.5908068139106035
  view-data: 6.318006169050932
