times:
  edit-metadata: 3.583932915702462
  landing: 2.609749861061573
  view-data: 6.227930685505271
