times:
  edit-metadata: 4.040718272328377
  landing: 3.5121881905943155
  view-data: 5.996836982667446
