times:
  edit-metadata: 6.721857246011496
  landing: 4.5785018731839955
  view-data: 8.092540346086025
