times:
  edit-metadata: 3.7195260170847178
  landing: 3.3120861165225506
  view-data: 7.87496430426836
