times:
  edit-metadata: 3.2852856889367104
  landing: 2.5956018529832363
  view-data: 6.118373215198517
