times:
  edit-metadata: 11.465858865063637
  landing: 0.07492258213460445
  view-data: 3.496183536015451
