times:
  edit-metadata: 8.679474147036672
  landing: 0.020411319099366665
  view-data: 0.026504330337047577
