times:
  landing: 0.5589866639999741
  view-data: 0.5617190769999638
