times:
  landing: 0.5483146130000023
  view-data: 0.5596178830001008
