times:
  edit-metadata: 3.8176090978085995
  landing: 3.2599727623164654
  view-data: 3.322874616831541
