times:
  edit-metadata: 11.527064783032984
  landing: 0.06332965102046728
  view-data: 4.371109206986148
