times:
  landing: 0.5405408360001047
  view-data: 0.547675634999905
