times:
  edit-metadata: 4.424246795475483
  landing: 3.495643977075815
  view-data: 3.310220181941986
