times:
  edit-metadata: 9.222651070915163
  landing: 0.023448223248124123
  view-data: 0.026249980553984642
