times:
  edit-metadata: 3.8344761691987514
  landing: 2.910373756662011
  view-data: 6.456006038933992
