times:
  edit-metadata: 4.229300881968811
  landing: 2.7928761889925227
  view-data: 7.7185873839771375
