times:
  edit-metadata: 31.662907414138317
  landing: 0.04347040504217148
  view-data: 2.6072704643011093
