times:
  landing: 1.060584791999986
  view-data: 0.5586153790000026
