times:
  edit-metadata: 40.06430590397213
  landing: 0.04791111592203379
  view-data: 0.556445345049724
