times:
  edit-metadata: 11.191605785003048
  landing: 0.09082601900445297
  view-data: 5.47746037998877
