times:
  edit-metadata: 7.418159242719412
  landing: 0.042308175936341286
  view-data: 0.7441908093169332
