times:
  edit-metadata: 4.053911719471216
  landing: 3.4663842506706715
  view-data: 3.3512308672070503
