times:
  edit-metadata: 5.222859582863748
  landing: 3.36751896282658
  view-data: 7.208836450241506
