times:
  edit-metadata: 108.13026285544038
  landing: 1.116526074707508
  view-data: 1.2917575631290674
