times:
  edit-metadata: 41.48189956904389
  landing: 0.05070530902594328
  view-data: 0.554523979080841
