times:
  edit-metadata: 4.127260970883071
  landing: 3.3359315239358693
  view-data: 7.040863930014893
