times:
  landing: 0.5451475800000196
  view-data: 0.5493355229999963
