times:
  edit-metadata: 39.80540869093966
  landing: 0.04848251293879002
  view-data: 0.5530136129818857
