times:
  edit-metadata: 3.4376679190900177
  landing: 4.275103376014158
  view-data: 7.5664432109333575
