times:
  edit-metadata: 8.661878532730043
  landing: 0.1169036254286766
  view-data: 0.027399729937314987
