times:
  landing: 1.6003212910000002
  view-data: 0.5670292040000504
