times:
  edit-metadata: 7.34990350715816
  landing: 0.04393774317577481
  view-data: 0.7612203122116625
