times:
  edit-metadata: 4.054828157648444
  landing: 3.260939909145236
  view-data: 7.677134811878204
