times:
  edit-metadata: 3.8083478435873985
  landing: 3.224705081433058
  view-data: 3.284817222505808
