times:
  edit-metadata: 8.74514920823276
  landing: 0.11685360129922628
  view-data: 0.03171694464981556
