times:
  edit-metadata: 9.58545735757798
  landing: 0.14519562292844057
  view-data: 0.5707976622506976
