times:
  edit-metadata: 3.528319960460067
  landing: 3.1429036408662796
  view-data: 8.009141132235527
