times:
  edit-metadata: 34.95348050817847
  landing: 0.9649162422865629
  view-data: 2.660223238170147
