times:
  landing: 1.0980401310000047
  view-data: 0.5555347910000137
