times:
  edit-metadata: 36.26606494188309
  landing: 0.049937134608626366
  view-data: 2.9240313563495874
