times:
  edit-metadata: 10.192074010148644
  landing: 0.01987045630812645
  view-data: 0.023227626457810402
