times:
  landing: 0.571594158000039
  view-data: 0.5678435369999875
