times:
  edit-metadata: 13.750236336141825
  landing: 0.020988712087273598
  view-data: 0.10008623078465462
