times:
  landing: 0.5687841319999904
  view-data: 0.5561527810000086
