times:
  edit-metadata: 3.779016900807619
  landing: 3.0338303819298744
  view-data: 3.3586652614176273
