times:
  edit-metadata: 3.8088982962071896
  landing: 3.235688105225563
  view-data: 7.314572053030133
