times:
  edit-metadata: 40.14265839298605
  landing: 0.042946508998284116
  view-data: 0.5733308760100044
