times:
  edit-metadata: 8.890769802033901
  landing: 0.11853422969579697
  view-data: 0.5746504599228501
