times:
  edit-metadata: 34.71635965257883
  landing: 1.072223324328661
  view-data: 2.5547372959554195
