times:
  landing: 1.1756807740000568
  view-data: 0.5535144460000083
