times:
  landing: 1.1551168470000448
  view-data: 0.5713936780000495
