times:
  edit-metadata: 49.277628641109914
  landing: 0.06862075091339648
  view-data: 0.7782436299603432
