times:
  landing: 0.5572361950000015
  view-data: 0.5762233510000101
