times:
  edit-metadata: 7.493898087181151
  landing: 0.05348861217498779
  view-data: 0.7152725225314498
