times:
  edit-metadata: 8.861101207323372
  landing: 0.022119701839983463
  view-data: 0.11563739646226168
