times:
  edit-metadata: 13.214034833014011
  landing: 0.2444926630705595
  view-data: 1.6250592451542616
