times:
  edit-metadata: 4.113572865258902
  landing: 3.6487498809583485
  view-data: 6.796019168570638
