times:
  edit-metadata: 35.47702815197408
  landing: 1.014854596927762
  view-data: 2.686199974268675
