times:
  landing: 1.076378377000026
  view-data: 0.5549469169999952
