times:
  landing: 0.5486394729999802
  view-data: 0.5565633759999855
