times:
  edit-metadata: 13.350195621140301
  landing: 0.07931965216994286
  view-data: 3.9399263188242912
