times:
  edit-metadata: 35.33592239767313
  landing: 0.7287266831845045
  view-data: 3.197005746886134
