times:
  edit-metadata: 7.593831836711615
  landing: 0.05215874081477523
  view-data: 0.6109533188864589
