times:
  edit-metadata: 41.96744762803428
  landing: 0.05019473796710372
  view-data: 0.5697685240302235
