times:
  edit-metadata: 40.0387420761399
  landing: 0.055322607047855854
  view-data: 0.5951369339600205
