times:
  edit-metadata: 4.217412479221821
  landing: 3.336229531094432
  view-data: 7.486187053844333
