times:
  edit-metadata: 11.066019052996126
  landing: 0.08668523999949684
  view-data: 4.991727638000157
