times:
  edit-metadata: 8.819845354184508
  landing: 0.021280131302773952
  view-data: 0.02398965321481228
