times:
  landing: 1.0557167059999983
  view-data: 0.5486473299999943
