times:
  landing: 0.5549535989999868
  view-data: 0.5666617119999842
