times:
  landing: 1.12395490199998
  view-data: 0.553987707999994
