times:
  edit-metadata: 8.689882691949606
  landing: 0.020303324796259403
  view-data: 0.6268084375187755
