times:
  edit-metadata: 31.396581403911114
  landing: 0.03955043479800224
  view-data: 2.5857459232211113
