times:
  edit-metadata: 45.75125535996631
  landing: 0.05745750293135643
  view-data: 0.5939281270839274
