times:
  edit-metadata: 13.493676414713264
  landing: 0.19718297757208347
  view-data: 0.12849988788366318
