times:
  edit-metadata: 3.1201877240091562
  landing: 2.6261358950287104
  view-data: 6.031949061900377
