times:
  edit-metadata: 3.825400209054351
  landing: 3.3910028589889407
  view-data: 6.713119067950174
