times:
  edit-metadata: 15.327368145808578
  landing: 0.24784279987215996
  view-data: 2.653666380792856
