times:
  edit-metadata: 31.537288621068
  landing: 0.04347577318549156
  view-data: 2.5946300216019154
