times:
  edit-metadata: 40.2025279320078
  landing: 0.041531036025844514
  view-data: 0.5568382380297408
