times:
  edit-metadata: 12.610185794066638
  landing: 0.07290004100650549
  view-data: 3.9797147237695754
