times:
  landing: 0.5566530410000041
  view-data: 0.5612050910000335
