times:
  landing: 0.542579681999996
  view-data: 0.5499822680000079
