times:
  edit-metadata: 3.726407788693905
  landing: 3.4458763152360916
  view-data: 3.3664667643606663
