times:
  edit-metadata: 11.32157541392371
  landing: 0.07790717529132962
  view-data: 3.757987344171852
