times:
  edit-metadata: 4.014296609908342
  landing: 3.258069518953562
  view-data: 3.4291713759303093
