times:
  edit-metadata: 33.61184342391789
  landing: 1.3460473883897066
  view-data: 2.8405032604932785
