times:
  edit-metadata: 21.781453600000532
  landing: 0.044573683000635356
  view-data: 1.3827425389972632
