times:
  landing: 0.5514660739999613
  view-data: 0.555302968000035
