times:
  edit-metadata: 3.8421995788812637
  landing: 3.1594476401805878
  view-data: 3.376805257052183
