times:
  edit-metadata: 34.70278405211866
  landing: 0.797679690644145
  view-data: 2.505869023501873
