times:
  edit-metadata: 14.933851536363363
  landing: 0.1766337025910616
  view-data: 0.6181550305336714
