times:
  edit-metadata: 7.395589789841324
  landing: 0.053348188288509846
  view-data: 0.587120913900435
