times:
  edit-metadata: 31.4829967841506
  landing: 0.039648015052080154
  view-data: 2.5444253124296665
