times:
  landing: 0.562512771999991
  view-data: 0.5576127629999519
