times:
  edit-metadata: 15.462943185120821
  landing: 0.34213434532284737
  view-data: 2.833917211741209
