times:
  edit-metadata: 3.7752439863979816
  landing: 3.26803544908762
  view-data: 3.3400559313595295
