times:
  edit-metadata: 3.6914103850722313
  landing: 3.1701315753161907
  view-data: 3.2793169878423214
