times:
  edit-metadata: 3.2598627489060163
  landing: 2.955740325152874
  view-data: 6.308993551880121
