times:
  edit-metadata: 31.83861815929413
  landing: 0.0511091910302639
  view-data: 2.6688661761581898
