times:
  edit-metadata: 102.5844127330929
  landing: 0.658312700688839
  view-data: 0.9689815323799849
