times:
  landing: 0.5420975519999729
  view-data: 0.5469037139999955
