times:
  edit-metadata: 41.56916763004847
  landing: 0.046165667939931154
  view-data: 0.6610645980108529
