times:
  edit-metadata: 7.508003665134311
  landing: 0.04311867104843259
  view-data: 0.586123394779861
