times:
  edit-metadata: 3.7883028648793697
  landing: 3.1394012980163097
  view-data: 3.397457852959633
