times:
  edit-metadata: 8.873727669939399
  landing: 0.1184281837195158
  view-data: 0.11597632896155119
