times:
  edit-metadata: 32.128017760813236
  landing: 0.04561574384570122
  view-data: 2.6204834319651127
