times:
  edit-metadata: 31.517126340419054
  landing: 0.03907304257154465
  view-data: 2.5191387720406055
