times:
  edit-metadata: 11.742861858103424
  landing: 0.12737919623032212
  view-data: 0.8834897540509701
