times:
  edit-metadata: 3.70745412632823
  landing: 3.0774963051080704
  view-data: 8.415912263095379
