times:
  edit-metadata: 13.616572773084044
  landing: 0.20897132344543934
  view-data: 1.5645066164433956
