times:
  landing: 1.0657935269999825
  view-data: 0.5530968410000128
