times:
  edit-metadata: 8.737811433151364
  landing: 0.02065540011972189
  view-data: 0.023830474354326725
