times:
  edit-metadata: 39.60132625699043
  landing: 0.04853336897213012
  view-data: 0.5625677220523357
