times:
  edit-metadata: 35.004008719697595
  landing: 0.044453416019678116
  view-data: 2.552807819098234
