times:
  edit-metadata: 41.648738564224914
  landing: 0.0479834598954767
  view-data: 0.6871995581313968
