times:
  edit-metadata: 3.8847482930868864
  landing: 3.1251993365585804
  view-data: 6.144672699272633
