times:
  landing: 0.5401929790000111
  view-data: 0.5484164809999754
