times:
  edit-metadata: 34.77669304423034
  landing: 0.9710806086659431
  view-data: 2.8185430970042944
