times:
  edit-metadata: 5.663407677784562
  landing: 4.081380402669311
  view-data: 5.940471990033984
