times:
  landing: 1.068041079000011
  view-data: 0.5663719949999972
