times:
  landing: 0.5420354980000184
  view-data: 0.5435484180000003
