times:
  edit-metadata: 39.653583174105734
  landing: 0.050608486868441105
  view-data: 0.6807581698521972
