times:
  edit-metadata: 40.21051456901478
  landing: 0.04222584198578261
  view-data: 0.6963862710108515
