times:
  landing: 0.5682360190000963
  view-data: 0.5633947999999691
