times:
  edit-metadata: 3.804291496053338
  landing: 3.1304248310625553
  view-data: 8.888626305386424
