times:
  edit-metadata: 0.4395231641829014
  landing: 0.056265488266944885
  view-data: 0.1891837827861309
