times:
  edit-metadata: 0.6254884353838861
  landing: 0.04957156861200929
  view-data: 0.19291572785004973
