times:
  edit-metadata: 1.408938174135983
  landing: 0.018613462336361408
  view-data: 0.11884488072246313
