times:
  edit-metadata: 1.6324393972754478
  landing: 0.25613817758858204
  view-data: 0.4282125197350979
