times:
  landing: 0.5571045300000037
  view-data: 0.5438392840000006
