times:
  edit-metadata: 0.5259695230051875
  landing: 0.10622422071173787
  view-data: 0.22093992913141847
