times:
  edit-metadata: 1.391914950683713
  landing: 0.02013002708554268
  view-data: 0.33964703790843487
