times:
  edit-metadata: 0.4693692377768457
  landing: 0.052523632068187
  view-data: 0.19220398319885135
