times:
  edit-metadata: 1.3894998980686069
  landing: 0.0209023579955101
  view-data: 0.41408060397952795
