times:
  edit-metadata: 0.6381854979554191
  landing: 0.05450498394202441
  view-data: 0.19976701599080116
