times:
  edit-metadata: 0.4914901480078697
  landing: 0.044602793641388416
  view-data: 0.20134611334651709
