times:
  edit-metadata: 1.7882982809096575
  landing: 0.018667791038751602
  view-data: 0.13959314487874508
