times:
  edit-metadata: 0.4210908110253513
  landing: 0.047714228043332696
  view-data: 0.2044280970003456
