times:
  edit-metadata: 0.4812799459323287
  landing: 0.042893556877970695
  view-data: 0.20209173671901226
