times:
  edit-metadata: 0.4650167957879603
  landing: 0.043732813093811274
  view-data: 0.19788644509389997
