times:
  edit-metadata: 0.3874523974955082
  landing: 0.047004859894514084
  view-data: 0.19177283346652985
