times:
  edit-metadata: 0.48638726212084293
  landing: 0.03940883558243513
  view-data: 0.20738280564546585
