times:
  edit-metadata: 0.5610123830847442
  landing: 0.04412741493433714
  view-data: 0.21790014626458287
