times:
  edit-metadata: 2.2593370992690325
  landing: 0.04828791134059429
  view-data: 0.049206316471099854
