times:
  edit-metadata: 0.6467994940467179
  landing: 0.0451982207596302
  view-data: 0.1942931222729385
