times:
  edit-metadata: 0.6485550970537588
  landing: 0.04083264106884599
  view-data: 0.19553337595425546
