times:
  edit-metadata: 1.4473398942500353
  landing: 0.13820138107985258
  view-data: 0.12178467959165573
