times:
  edit-metadata: 1.4450675286352634
  landing: 0.01940113678574562
  view-data: 0.026226633228361607
