times:
  edit-metadata: 1.396691513247788
  landing: 0.020191104151308537
  view-data: 0.4258082276210189
