times:
  edit-metadata: 1.3596328422427177
  landing: 0.021746479906141758
  view-data: 0.40917749516665936
