times:
  edit-metadata: 0.39200984686613083
  landing: 0.045316681265830994
  view-data: 0.19255482032895088
