times:
  edit-metadata: 0.5330967307090759
  landing: 0.04623502120375633
  view-data: 0.19475793838500977
