times:
  edit-metadata: 0.4740406880155206
  landing: 0.043582044541835785
  view-data: 0.2042111773043871
