times:
  edit-metadata: 0.3676641006022692
  landing: 0.8365403544157743
  view-data: 0.29300693050026894
