times:
  edit-metadata: 0.4182303629349917
  landing: 0.04686146113090217
  view-data: 0.20918692694976926
