times:
  edit-metadata: 0.4256714880466461
  landing: 0.5681451037526131
  view-data: 0.23624764196574688
