times:
  edit-metadata: 0.5035478537902236
  landing: 0.04404074139893055
  view-data: 0.21306099742650986
