times:
  edit-metadata: 1.4115841686725616
  landing: 0.12136325892060995
  view-data: 0.10288547351956367
