times:
  edit-metadata: 0.4873322220519185
  landing: 0.11156883602961898
  view-data: 0.2800014028325677
