times:
  edit-metadata: 0.6172959699761122
  landing: 0.04795204201946035
  view-data: 0.19895058195106685
