times:
  edit-metadata: 0.4631139817647636
  landing: 0.04001489421352744
  view-data: 0.19973351527005434
