times:
  edit-metadata: 1.4506373507902026
  landing: 0.020478674210608006
  view-data: 0.025613445788621902
