times:
  edit-metadata: 1.849117187783122
  landing: 0.15818998403847218
  view-data: 0.4700359683483839
