times:
  edit-metadata: 0.522017003968358
  landing: 0.0676219139713794
  view-data: 0.21418829902540892
