times:
  landing: 0.5507937140000081
  view-data: 0.5497940490000133
