times:
  edit-metadata: 1.345080204308033
  landing: 0.1544347582384944
  view-data: 0.02558039966970682
