times:
  edit-metadata: 1.372809517197311
  landing: 0.0212120758369565
  view-data: 0.11756302416324615
