times:
  edit-metadata: 0.42820839025080204
  landing: 0.5732587482780218
  view-data: 0.29585476592183113
