times:
  edit-metadata: 1.698697604238987
  landing: 0.16201921179890633
  view-data: 0.4399450458586216
