times:
  edit-metadata: 0.4131638538092375
  landing: 0.47536227852106094
  view-data: 0.18020025081932545
