times:
  edit-metadata: 1.3901073243469
  landing: 0.019941644743084908
  view-data: 0.10813729278743267
