times:
  edit-metadata: 1.404286994598806
  landing: 0.19085026066750288
  view-data: 0.025517328642308712
