times:
  edit-metadata: 1.3641982162371278
  landing: 0.1607063813135028
  view-data: 0.024835883639752865
