times:
  landing: 1.1291454304009676
  view-data: 0.591928256675601
