times:
  edit-metadata: 0.4286667520646006
  landing: 0.04569116490893066
  view-data: 0.21658369596116245
