times:
  edit-metadata: 0.5826918259263039
  landing: 0.04045415483415127
  view-data: 0.21782516222447157
