times:
  edit-metadata: 1.3854921273887157
  landing: 0.021709018386900425
  view-data: 0.47664574813097715
