times:
  edit-metadata: 0.47300137393176556
  landing: 0.04720607912167907
  view-data: 0.19821892818436027
