times:
  edit-metadata: 0.6249976280378178
  landing: 0.04445548600051552
  view-data: 0.19241075596073642
