times:
  edit-metadata: 0.5054239584133029
  landing: 0.05336919240653515
  view-data: 0.20832951925694942
