times:
  edit-metadata: 0.5129777551628649
  landing: 0.0568945100530982
  view-data: 0.20564593141898513
