times:
  edit-metadata: 0.7474127670284361
  landing: 0.07900816295295954
  view-data: 0.18514481582678854
