times:
  edit-metadata: 0.4517387826927006
  landing: 0.04451030306518078
  view-data: 0.1892525451257825
