times:
  edit-metadata: 1.3689946290105581
  landing: 0.21947266068309546
  view-data: 0.022532153874635696
