times:
  edit-metadata: 0.45819876808673143
  landing: 0.04385039024055004
  view-data: 0.19297979399561882
