times:
  landing: 0.5426701840000305
  view-data: 0.5411396370000148
