times:
  edit-metadata: 0.6484733889810741
  landing: 0.04676487506367266
  view-data: 0.18039748212322593
