times:
  edit-metadata: 1.3426757669076324
  landing: 0.14253104012459517
  view-data: 0.39243933465331793
