times:
  edit-metadata: 0.6371221533045173
  landing: 0.04884131904691458
  view-data: 0.19677359517663717
