times:
  edit-metadata: 0.6146255789790303
  landing: 0.03947886894457042
  view-data: 0.19666301703546196
