times:
  edit-metadata: 0.6298521470162086
  landing: 0.04602375999093056
  view-data: 0.19774352002423257
