times:
  edit-metadata: 0.49301151600229787
  landing: 0.06012447699322365
  view-data: 0.21160735399462283
