times:
  edit-metadata: 0.5977985509671271
  landing: 0.05162325204582885
  view-data: 0.18962079496122897
