times:
  edit-metadata: 0.40573688223958015
  landing: 0.46005013585090637
  view-data: 0.1778560560196638
