times:
  edit-metadata: 1.5701742451637983
  landing: 0.3060678727924824
  view-data: 0.43287547305226326
