times:
  edit-metadata: 1.4909254480153322
  landing: 0.20740783214569092
  view-data: 0.029039254412055016
