times:
  edit-metadata: 1.3620518986135721
  landing: 0.022769811563193798
  view-data: 0.11839088425040245
