times:
  edit-metadata: 1.7372570652514696
  landing: 0.3018867475911975
  view-data: 0.3882374195381999
