times:
  landing: 0.541747273999988
  view-data: 0.5433695930000226
