times:
  edit-metadata: 0.6211069659329951
  landing: 0.04693461395800114
  view-data: 0.1890864889137447
