times:
  edit-metadata: 1.3946251878514886
  landing: 0.020842055790126324
  view-data: 0.4223452480509877
