times:
  edit-metadata: 0.4672992988489568
  landing: 0.041578371077775955
  view-data: 0.19275830127298832
