times:
  edit-metadata: 0.46272623306140304
  landing: 0.04250589106231928
  view-data: 0.20184601191431284
