times:
  edit-metadata: 1.3670380767434835
  landing: 0.21751641668379307
  view-data: 0.09515589568763971
