times:
  edit-metadata: 0.3348909839987755
  landing: 0.56872240267694
  view-data: 0.6210631560534239
