times:
  edit-metadata: 0.47844434529542923
  landing: 0.04655050998553634
  view-data: 0.20414266595616937
