times:
  edit-metadata: 0.29156862758100033
  landing: 0.8436340354382992
  view-data: 0.3276097048074007
