times:
  edit-metadata: 0.45965507300570607
  landing: 0.0421744380146265
  view-data: 0.1948354779742658
