times:
  edit-metadata: 0.5129697029478848
  landing: 0.15526224114000797
  view-data: 0.2867735577747226
