times:
  landing: 0.5509920009999405
  view-data: 0.5511844109998947
