times:
  edit-metadata: 0.3494244944304228
  landing: 0.4894408639520407
  view-data: 0.32364162243902683
