times:
  edit-metadata: 1.3766418369486928
  landing: 0.021290328353643417
  view-data: 0.025821926072239876
