times:
  edit-metadata: 0.6120134559459984
  landing: 0.04156853095628321
  view-data: 0.1923448370071128
