times:
  edit-metadata: 0.5364767689607106
  landing: 0.04753593303030357
  view-data: 0.21669759700307623
