times:
  edit-metadata: 0.6018574628978968
  landing: 0.04981709085404873
  view-data: 0.185704578878358
