times:
  landing: 0.5445478670000057
  view-data: 0.5471516979999933
