times:
  edit-metadata: 0.3649401590228081
  landing: 0.04649835079908371
  view-data: 0.19694560021162033
