times:
  edit-metadata: 0.45637058885768056
  landing: 0.04864820605143905
  view-data: 0.20964502915740013
