times:
  edit-metadata: 0.4797806153073907
  landing: 0.04324645083397627
  view-data: 0.19197419844567776
