times:
  landing: 0.5574267210000698
  view-data: 0.5595864199999596
