times:
  edit-metadata: 1.3868112862110138
  landing: 0.1496315309777856
  view-data: 0.12018685415387154
