times:
  edit-metadata: 0.3520163856446743
  landing: 0.5735802557319403
  view-data: 0.581330256536603
