times:
  edit-metadata: 1.422157060354948
  landing: 0.14740742556750774
  view-data: 0.2936604619026184
