times:
  landing: 0.5631761749999669
  view-data: 0.5527370410000003
