times:
  edit-metadata: 0.6223426329670474
  landing: 0.0402490790002048
  view-data: 0.18897324800491333
