times:
  edit-metadata: 1.358075613155961
  landing: 0.11553930584341288
  view-data: 0.43571457639336586
