times:
  edit-metadata: 0.6307353740558028
  landing: 0.05408415198326111
  view-data: 0.2382183140143752
