times:
  edit-metadata: 1.3716920763254166
  landing: 0.23816247656941414
  view-data: 0.3030132167041302
