times:
  edit-metadata: 1.3777031563222408
  landing: 0.11082356795668602
  view-data: 0.1416286937892437
