times:
  edit-metadata: 1.3757410310208797
  landing: 0.0199140477925539
  view-data: 0.2321572434157133
