times:
  edit-metadata: 1.3874412775039673
  landing: 0.19404045678675175
  view-data: 0.30579073540866375
