times:
  edit-metadata: 1.3866213168948889
  landing: 0.02034954261034727
  view-data: 0.22340376768261194
