times:
  edit-metadata: 1.3757427632808685
  landing: 0.12546784989535809
  view-data: 0.33403451927006245
