times:
  edit-metadata: 2.5990278320387006
  landing: 0.5339879905804992
  view-data: 0.6557824425399303
