times:
  edit-metadata: 0.4572824081405997
  landing: 0.05195285705849528
  view-data: 0.19087866228073835
