times:
  edit-metadata: 0.369537515565753
  landing: 2.8044080082327127
  view-data: 0.3170152958482504
