times:
  edit-metadata: 0.4169594906270504
  landing: 0.03880889713764191
  view-data: 0.19909239560365677
