times:
  edit-metadata: 0.5386850424110889
  landing: 0.057711766101419926
  view-data: 0.22078369557857513
