times:
  edit-metadata: 0.6424354850314558
  landing: 0.04566914401948452
  view-data: 0.18294397601857781
