times:
  edit-metadata: 1.0252439961768687
  landing: 0.0760461341124028
  view-data: 0.20059763197787106
