times:
  edit-metadata: 1.379909673705697
  landing: 0.22520193457603455
  view-data: 0.39175167493522167
