times:
  edit-metadata: 0.4923133351840079
  landing: 0.03553486615419388
  view-data: 0.1942119267769158
