times:
  edit-metadata: 1.3941963678225875
  landing: 0.020918811671435833
  view-data: 0.02547272853553295
