times:
  edit-metadata: 0.4956198912113905
  landing: 0.6241042446345091
  view-data: 0.19675478897988796
