times:
  edit-metadata: 1.6737862136214972
  landing: 0.3187995720654726
  view-data: 0.3425339311361313
