times:
  edit-metadata: 0.6195159239869099
  landing: 0.047321655991254374
  view-data: 0.19463406701106578
