times:
  edit-metadata: 1.3643056051805615
  landing: 0.02189132198691368
  view-data: 0.025598984211683273
