times:
  edit-metadata: 1.3627904374152422
  landing: 0.13584669679403305
  view-data: 0.02520112693309784
