times:
  edit-metadata: 0.3792709521949291
  landing: 1.6079899705946445
  view-data: 0.5787272118031979
