times:
  edit-metadata: 0.38784610107541084
  landing: 1.6169769875705242
  view-data: 0.5908146966248751
