times:
  edit-metadata: 0.47482615895569324
  landing: 0.04608405102044344
  view-data: 0.1956431269645691
