times:
  edit-metadata: 0.837261893087998
  landing: 0.05471131391823292
  view-data: 0.1869873460382223
