times:
  edit-metadata: 1.3778805127367377
  landing: 0.022701594978570938
  view-data: 0.20532833971083164
