times:
  edit-metadata: 1.507775817066431
  landing: 0.1870882473886013
  view-data: 0.5313141196966171
