times:
  edit-metadata: 0.6279387770046014
  landing: 0.09467092697741464
  view-data: 0.2546457249845844
