times:
  edit-metadata: 0.39208052307367325
  landing: 0.05221240781247616
  view-data: 0.18449070490896702
