times:
  landing: 0.5497620900000584
  view-data: 0.5481879909999634
