times:
  edit-metadata: 0.6221084299031645
  landing: 0.04106929898262024
  view-data: 0.19524447689764202
