times:
  edit-metadata: 0.6786485379561782
  landing: 0.044432037975639105
  view-data: 0.2387020792812109
