times:
  edit-metadata: 0.5579531580006005
  landing: 0.06351830200583208
  view-data: 0.21572345899767242
