times:
  edit-metadata: 0.34913589991629124
  landing: 1.0857158973813057
  view-data: 0.5902627445757389
