times:
  edit-metadata: 0.3761221282184124
  landing: 0.04457544535398483
  view-data: 0.1900530345737934
