times:
  edit-metadata: 1.5693264212459326
  landing: 0.3234399128705263
  view-data: 0.1865444052964449
