times:
  edit-metadata: 0.35447179339826107
  landing: 0.7029128931462765
  view-data: 0.17819532752037048
