times:
  edit-metadata: 1.390712633728981
  landing: 0.22255324013531208
  view-data: 0.022791588678956032
