times:
  edit-metadata: 0.5696500949561596
  landing: 0.0486527718603611
  view-data: 0.2054067738354206
