times:
  edit-metadata: 1.8637909088283777
  landing: 0.2904825657606125
  view-data: 0.42167438566684723
