times:
  edit-metadata: 0.6126853730529547
  landing: 0.044719682075083256
  view-data: 0.19513767398893833
