times:
  edit-metadata: 0.6055841749766842
  landing: 0.04195177601650357
  view-data: 0.19324416806921363
