times:
  edit-metadata: 0.4680635128170252
  landing: 0.05014976020902395
  view-data: 0.19917366001755
