times:
  edit-metadata: 0.38516031578183174
  landing: 0.03977537900209427
  view-data: 0.18944212049245834
