times:
  edit-metadata: 1.4096542363986373
  landing: 0.14793400093913078
  view-data: 0.14183736220002174
