times:
  edit-metadata: 1.3930699368938804
  landing: 0.019070761278271675
  view-data: 0.028441324830055237
