times:
  edit-metadata: 1.3644237266853452
  landing: 0.019104531034827232
  view-data: 0.12545781675726175
