times:
  edit-metadata: 0.4809660902246833
  landing: 0.045642158947885036
  view-data: 0.20353407692164183
