times:
  edit-metadata: 0.6823142780049238
  landing: 0.04867229197407141
  view-data: 0.20026687398785725
