times:
  edit-metadata: 1.4636980090290308
  landing: 0.024585395003668964
  view-data: 0.33864754502428696
