times:
  edit-metadata: 0.6354853422380984
  landing: 0.04028518917039037
  view-data: 0.19273748761042953
