times:
  edit-metadata: 1.4748047664761543
  landing: 0.026429099962115288
  view-data: 0.05546306259930134
