times:
  edit-metadata: 0.6303884909721091
  landing: 0.04505803401116282
  view-data: 0.19708294607698917
