times:
  edit-metadata: 1.6912333015352488
  landing: 0.02262531965970993
  view-data: 0.1625514905899763
