times:
  edit-metadata: 1.454186512157321
  landing: 0.1452771332114935
  view-data: 0.023043271154165268
