times:
  edit-metadata: 1.4249288067221642
  landing: 0.021381735801696777
  view-data: 0.3283545207232237
