times:
  edit-metadata: 0.49107037112116814
  landing: 0.042716416995972395
  view-data: 0.19982084399089217
