times:
  edit-metadata: 0.5302825719118118
  landing: 0.06391887925565243
  view-data: 0.21343173924833536
