times:
  edit-metadata: 0.4509271141141653
  landing: 0.04146113991737366
  view-data: 0.1981192398816347
