times:
  edit-metadata: 1.3753114230930805
  landing: 0.19586769677698612
  view-data: 0.34724042378365993
