times:
  landing: 0.5530895169999894
  view-data: 0.5589289500000518
