times:
  edit-metadata: 1.3815213069319725
  landing: 0.18070698343217373
  view-data: 0.026351261883974075
