times:
  edit-metadata: 1.8855697885155678
  landing: 0.3297622837126255
  view-data: 0.5127129461616278
