times:
  edit-metadata: 0.405401973053813
  landing: 0.06413252837955952
  view-data: 0.20163344778120518
