times:
  edit-metadata: 1.4306099638342857
  landing: 0.2251550480723381
  view-data: 0.334031842648983
