times:
  edit-metadata: 1.3547582272440195
  landing: 0.020197631791234016
  view-data: 0.11831583455204964
