times:
  edit-metadata: 1.5848644468933344
  landing: 0.1418748777359724
  view-data: 0.3754665441811085
