times:
  edit-metadata: 0.6136241513304412
  landing: 0.051863560918718576
  view-data: 0.1944040348753333
