times:
  edit-metadata: 1.4015290103852749
  landing: 0.1818800214678049
  view-data: 0.3328965790569782
