times:
  edit-metadata: 1.3685947926715016
  landing: 0.01898632664233446
  view-data: 0.13220932334661484
