times:
  edit-metadata: 0.4493844727985561
  landing: 0.04111362202093005
  view-data: 0.1907060667872429
