times:
  edit-metadata: 0.3658010810613632
  landing: 0.7583938222378492
  view-data: 0.3673273716121912
