times:
  edit-metadata: 0.6336501570185646
  landing: 0.03898560395464301
  view-data: 0.19313953607343137
