times:
  edit-metadata: 0.4755253461189568
  landing: 0.042419247794896364
  view-data: 0.1904538031667471
