times:
  edit-metadata: 1.394424240104854
  landing: 0.21494369488209486
  view-data: 0.40814223513007164
