times:
  edit-metadata: 0.4444097578525543
  landing: 0.530344994738698
  view-data: 0.30553396604955196
