times:
  edit-metadata: 0.3945453055202961
  landing: 0.04174565523862839
  view-data: 0.19545520097017288
