times:
  edit-metadata: 1.4527895925566554
  landing: 0.019358414225280285
  view-data: 0.09983270335942507
