times:
  edit-metadata: 0.42187873600050807
  landing: 0.04753608303144574
  view-data: 0.2149671029765159
