times:
  edit-metadata: 0.495149876922369
  landing: 0.05575284396763891
  view-data: 0.19653417798690498
