times:
  edit-metadata: 0.5154104297980666
  landing: 0.06297721480950713
  view-data: 0.2083269450813532
