times:
  landing: 0.5519758740000498
  view-data: 0.5515468720000172
