times:
  edit-metadata: 1.3715002620592713
  landing: 0.02125914115458727
  view-data: 0.12352206651121378
