times:
  edit-metadata: 0.36849270947277546
  landing: 0.7170470580458641
  view-data: 0.29408546909689903
