times:
  edit-metadata: 0.40976928919553757
  landing: 0.5983262415975332
  view-data: 0.20042285695672035
