times:
  edit-metadata: 1.4165586233139038
  landing: 0.13180341757833958
  view-data: 0.02651885151863098
