times:
  edit-metadata: 1.369714753702283
  landing: 0.22089309431612492
  view-data: 0.3563250042498112
