times:
  edit-metadata: 0.3092723563313484
  landing: 0.7342422381043434
  view-data: 0.2985976319760084
