times:
  edit-metadata: 0.48265144415199757
  landing: 0.04836206790059805
  view-data: 0.19943601079285145
