times:
  edit-metadata: 1.3742843214422464
  landing: 0.15225880220532417
  view-data: 0.11910145543515682
