times:
  landing: 0.5473409780000793
  view-data: 0.5529350440000371
