times:
  edit-metadata: 1.3934416798874736
  landing: 0.21829348430037498
  view-data: 0.024380898103117943
