times:
  edit-metadata: 1.385603379458189
  landing: 0.1889325361698866
  view-data: 0.022879266180098057
