times:
  edit-metadata: 1.3733331561088562
  landing: 0.02182430401444435
  view-data: 0.35088020376861095
