times:
  edit-metadata: 0.36858044005930424
  landing: 1.2098448183387518
  view-data: 0.31284661404788494
