times:
  edit-metadata: 0.2833884786814451
  landing: 0.47525013610720634
  view-data: 0.1862284205853939
