times:
  edit-metadata: 0.4651547842659056
  landing: 0.04425144102424383
  view-data: 0.18584905192255974
