times:
  edit-metadata: 0.42253025248646736
  landing: 0.7021570652723312
  view-data: 0.19210936687886715
