times:
  edit-metadata: 1.3533177562057972
  landing: 0.022269410081207752
  view-data: 0.4990007486194372
