times:
  edit-metadata: 0.3188377693295479
  landing: 1.1976390983909369
  view-data: 0.4490184970200062
