times:
  landing: 0.550306221000028
  view-data: 0.553575077000005
