times:
  edit-metadata: 1.4366226941347122
  landing: 0.1702452227473259
  view-data: 0.023629823699593544
