times:
  edit-metadata: 1.368566308170557
  landing: 0.1784109380096197
  view-data: 0.02871798537671566
