times:
  edit-metadata: 0.46390977408736944
  landing: 0.03979123570024967
  view-data: 0.19246354419738054
