times:
  edit-metadata: 1.4290720876306295
  landing: 0.11695754155516624
  view-data: 0.02793513983488083
