times:
  edit-metadata: 0.5711948871612549
  landing: 0.08260800316929817
  view-data: 0.2071307972073555
