times:
  edit-metadata: 1.3726499835029244
  landing: 0.020159092731773853
  view-data: 0.09958800859749317
