times:
  edit-metadata: 0.5240322250174358
  landing: 0.05169815302360803
  view-data: 0.20465530490037054
