times:
  edit-metadata: 0.6105353770544752
  landing: 0.040523472940549254
  view-data: 0.1933741579996422
