times:
  edit-metadata: 1.4183947462588549
  landing: 0.22279204986989498
  view-data: 0.024451931938529015
