times:
  edit-metadata: 0.47731885220855474
  landing: 0.05747567396610975
  view-data: 0.19288562890142202
