times:
  edit-metadata: 1.3685504021123052
  landing: 0.020543080754578114
  view-data: 0.029038259759545326
