times:
  edit-metadata: 1.6779453307390213
  landing: 0.226389704272151
  view-data: 0.2638944201171398
