times:
  edit-metadata: 1.411745771765709
  landing: 0.018934743478894234
  view-data: 0.024023648351430893
