times:
  edit-metadata: 0.4611190650612116
  landing: 0.045655569061636925
  view-data: 0.20021929498761892
