times:
  edit-metadata: 1.381751837208867
  landing: 0.020312483422458172
  view-data: 0.21827860455960035
