times:
  edit-metadata: 1.5135559868067503
  landing: 0.020018236711621284
  view-data: 0.1674789059907198
