times:
  edit-metadata: 1.9029300789989065
  landing: 0.24902208099956624
  view-data: 0.26496590500028105
