times:
  edit-metadata: 0.4034360274672508
  landing: 0.5774687733501196
  view-data: 0.5833086278289557
