times:
  edit-metadata: 0.43312450870871544
  landing: 0.9320463202893734
  view-data: 0.17984849587082863
