times:
  edit-metadata: 1.4934089593589306
  landing: 0.3358447961509228
  view-data: 0.348751749843359
