times:
  edit-metadata: 0.6209207468200475
  landing: 0.042567380936816335
  view-data: 0.19561331090517342
