times:
  edit-metadata: 0.4756621988490224
  landing: 0.04044471820816398
  view-data: 0.1856348654255271
