times:
  edit-metadata: 0.6500641079619527
  landing: 0.04254327085800469
  view-data: 0.1926870970055461
