times:
  edit-metadata: 0.5192665387876332
  landing: 0.04400856792926788
  view-data: 0.19562396500259638
