times:
  edit-metadata: 1.3550085797905922
  landing: 0.12349728681147099
  view-data: 0.30776138976216316
