times:
  edit-metadata: 0.5274318028241396
  landing: 0.05060010217130184
  view-data: 0.20822425791993737
