times:
  edit-metadata: 0.5259163440205157
  landing: 0.07585069490596652
  view-data: 0.23124955222010612
