times:
  edit-metadata: 1.311803774908185
  landing: 0.23798373341560364
  view-data: 0.025098470970988274
