times:
  edit-metadata: 0.44797475868836045
  landing: 0.043393713887780905
  view-data: 0.19422935880720615
