times:
  edit-metadata: 1.5492611918598413
  landing: 0.02015000395476818
  view-data: 0.1597592458128929
