times:
  edit-metadata: 1.5253413747996092
  landing: 0.2513855881989002
  view-data: 0.37687345780432224
