times:
  edit-metadata: 1.5173051804304123
  landing: 0.1333527322858572
  view-data: 0.023676035925745964
