times:
  edit-metadata: 1.378642220981419
  landing: 0.020754151046276093
  view-data: 0.3086905935779214
