times:
  edit-metadata: 0.5851130470109638
  landing: 0.05093820800539106
  view-data: 0.2249316009983886
