times:
  edit-metadata: 1.4986962527036667
  landing: 0.21188233233988285
  view-data: 0.36162213422358036
