times:
  edit-metadata: 1.358484223484993
  landing: 0.1422544177621603
  view-data: 0.4172393875196576
