times:
  edit-metadata: 1.3937911139801145
  landing: 0.021366902627050877
  view-data: 0.1223269123584032
