times:
  edit-metadata: 0.6437353250221349
  landing: 0.040304343012394384
  view-data: 0.19815595998079516
