times:
  edit-metadata: 1.48924121260643
  landing: 0.022473124787211418
  view-data: 0.4104982949793339
