times:
  edit-metadata: 1.4863086640834808
  landing: 0.2146416064351797
  view-data: 0.39690803550183773
