times:
  edit-metadata: 0.37837409786880016
  landing: 0.8068509604781866
  view-data: 0.29643999226391315
