times:
  edit-metadata: 0.5387951666489244
  landing: 0.0575119499117136
  view-data: 0.21664381120353937
