times:
  edit-metadata: 0.3855627588927746
  landing: 0.048855070024728775
  view-data: 0.20458585396409035
