times:
  edit-metadata: 1.3663952611386776
  landing: 0.11645500175654888
  view-data: 0.024184120818972588
