times:
  edit-metadata: 1.3680317737162113
  landing: 0.11424376349896193
  view-data: 0.38695880956947803
