times:
  edit-metadata: 0.4087768718600273
  landing: 0.04925038293004036
  view-data: 0.22321199625730515
