times:
  edit-metadata: 1.7373410714790225
  landing: 0.021768060512840748
  view-data: 0.030087088234722614
