times:
  edit-metadata: 0.4678441630676389
  landing: 0.0369046782143414
  view-data: 0.19367422116920352
