times:
  edit-metadata: 0.6148298560001422
  landing: 0.04634158298722468
  view-data: 0.19621971301967278
