times:
  edit-metadata: 0.4548177132382989
  landing: 0.04938177717849612
  view-data: 0.19479466881603003
