times:
  edit-metadata: 1.3497780738398433
  landing: 0.021994614973664284
  view-data: 0.13260519783943892
