times:
  edit-metadata: 0.5101386560127139
  landing: 0.05800197832286358
  view-data: 0.21074421657249331
