times:
  landing: 0.5491003879999425
  view-data: 0.5536580459998959
