times:
  edit-metadata: 0.3393104001879692
  landing: 1.6067126784473658
  view-data: 0.5764703135937452
