times:
  edit-metadata: 0.6103642387315631
  landing: 0.12284149695187807
  view-data: 0.2102885190397501
