times:
  edit-metadata: 0.44264328479766846
  landing: 0.04555576993152499
  view-data: 0.1948858266696334
