times:
  edit-metadata: 0.5144418887794018
  landing: 0.04423275962471962
  view-data: 0.20511754974722862
