times:
  edit-metadata: 1.564314492046833
  landing: 0.21961069852113724
  view-data: 0.4557994920760393
