times:
  edit-metadata: 0.3686283752322197
  landing: 0.05280186980962753
  view-data: 0.20695342123508453
