times:
  edit-metadata: 0.38618831522762775
  landing: 0.4645630680024624
  view-data: 0.30030323937535286
