times:
  edit-metadata: 1.4010411594063044
  landing: 0.022102253511548042
  view-data: 0.030395162291824818
