times:
  landing: 0.5601027390000581
  view-data: 0.5514718179999818
