times:
  edit-metadata: 0.635135839052964
  landing: 0.03904296096879989
  view-data: 0.19540870503988117
