times:
  edit-metadata: 0.46227858401834965
  landing: 0.042782999109476805
  view-data: 0.19710104214027524
