times:
  edit-metadata: 0.6263298989506438
  landing: 0.05223226500675082
  view-data: 0.19245237996801734
