times:
  edit-metadata: 1.5091356560587883
  landing: 0.04746452905237675
  view-data: 0.026763832196593285
