times:
  edit-metadata: 0.49898744467645884
  landing: 0.052995042875409126
  view-data: 0.19975827913731337
