times:
  edit-metadata: 1.429345015436411
  landing: 0.022482145577669144
  view-data: 0.3040601760149002
