times:
  edit-metadata: 0.45855464320629835
  landing: 0.049167900113388896
  view-data: 0.2076701649930328
