times:
  edit-metadata: 0.6162795301061124
  landing: 0.04644807893782854
  view-data: 0.1880900429096073
