times:
  edit-metadata: 0.38716009445488453
  landing: 0.5445729326456785
  view-data: 0.18103774078190327
