times:
  edit-metadata: 1.4021219108253717
  landing: 0.023329615592956543
  view-data: 0.025683576241135597
