times:
  landing: 0.5431387860000427
  view-data: 0.5459674159999963
