times:
  edit-metadata: 1.8904023505747318
  landing: 0.051577094942331314
  view-data: 0.10142592061311007
