times:
  edit-metadata: 0.38442462496459484
  landing: 0.5494753625243902
  view-data: 0.2002637106925249
