times:
  edit-metadata: 0.6144025130197406
  landing: 0.04885450890287757
  view-data: 0.19261026103049517
