times:
  edit-metadata: 1.290376516059041
  landing: 0.0204630084335804
  view-data: 0.025461044162511826
