times:
  edit-metadata: 1.3637463981285691
  landing: 0.022216596640646458
  view-data: 0.12297706492245197
