times:
  edit-metadata: 0.4486661390401423
  landing: 0.048838221933692694
  view-data: 0.19627430709078908
