times:
  edit-metadata: 0.4829398300498724
  landing: 0.04334524134173989
  view-data: 0.2077074353583157
