times:
  edit-metadata: 0.38357534632086754
  landing: 0.04052087292075157
  view-data: 0.19392698630690575
