times:
  edit-metadata: 1.4278596714138985
  landing: 0.020170969888567924
  view-data: 0.32308449037373066
