times:
  edit-metadata: 0.6078954588156193
  landing: 0.038014284102246165
  view-data: 0.18744433182291687
