times:
  edit-metadata: 0.6476865080185235
  landing: 0.04025138798169792
  view-data: 0.1891155990306288
