times:
  edit-metadata: 0.6166748530231416
  landing: 0.05619767098687589
  view-data: 0.17673232313245535
