times:
  edit-metadata: 0.3965420052409172
  landing: 0.7709550447762012
  view-data: 0.17371235601603985
