times:
  edit-metadata: 0.3904893398284912
  landing: 0.04386376962065697
  view-data: 0.1873364932835102
