times:
  edit-metadata: 0.6351858930429444
  landing: 0.04709776001982391
  view-data: 0.18916727299802005
