times:
  edit-metadata: 0.5857106869807467
  landing: 0.03763225500006229
  view-data: 0.17720892699435353
