times:
  edit-metadata: 1.413293745368719
  landing: 0.01900709792971611
  view-data: 0.023534739390015602
