times:
  edit-metadata: 0.521816574037075
  landing: 0.049140118062496185
  view-data: 0.3216206952929497
