times:
  landing: 1.065547482999989
  view-data: 0.553983259000006
