times:
  landing: 0.5474276789999521
  view-data: 0.5481243149999955
