times:
  edit-metadata: 0.7566525400616229
  landing: 0.049413326662033796
  view-data: 0.20148357190191746
