times:
  edit-metadata: 0.6303282279986888
  landing: 0.04188681114464998
  view-data: 0.1879734320100397
