times:
  edit-metadata: 0.45980508998036385
  landing: 0.0415634959936142
  view-data: 0.19338417798280716
