times:
  edit-metadata: 0.2873832378536463
  landing: 1.1147442068904638
  view-data: 0.43178894370794296
