times:
  edit-metadata: 0.4079710952937603
  landing: 0.460104051977396
  view-data: 0.17615356296300888
