times:
  edit-metadata: 0.33051078394055367
  landing: 0.6662571299821138
  view-data: 0.30343928560614586
