times:
  landing: 0.5636875709999458
  view-data: 0.5549575430000004
