times:
  edit-metadata: 0.45036975014954805
  landing: 0.04580220300704241
  view-data: 0.19555708579719067
