times:
  edit-metadata: 0.7487921110005118
  landing: 0.13293826900189742
  view-data: 0.2820209459750913
