times:
  edit-metadata: 1.311238368973136
  landing: 0.1506622340530157
  view-data: 0.3295786716043949
