times:
  edit-metadata: 1.4303062558174133
  landing: 0.019046906381845474
  view-data: 0.40699850767850876
