times:
  edit-metadata: 0.6488781780935824
  landing: 0.08493716595694423
  view-data: 0.21349748969078064
