times:
  edit-metadata: 0.6343302379827946
  landing: 0.05253375810571015
  view-data: 0.17989678983576596
