times:
  edit-metadata: 0.37726304307579994
  landing: 0.04531548172235489
  view-data: 0.22079236060380936
