times:
  edit-metadata: 0.4008246883749962
  landing: 0.7068678084760904
  view-data: 0.3167479932308197
