times:
  edit-metadata: 0.6647218903526664
  landing: 0.06165415793657303
  view-data: 0.21969992201775312
