times:
  edit-metadata: 1.383670348674059
  landing: 0.11801277752965689
  view-data: 0.025007088668644428
