times:
  edit-metadata: 0.5626053521409631
  landing: 0.08553950628265738
  view-data: 0.2203936860896647
