times:
  landing: 0.5490539749999925
  view-data: 0.5472943479999799
