times:
  edit-metadata: 1.3944115489721298
  landing: 0.022811452858150005
  view-data: 0.2838994637131691
