times:
  edit-metadata: 1.5142679922282696
  landing: 0.19873256981372833
  view-data: 0.3352974560111761
