times:
  edit-metadata: 0.4363519214093685
  landing: 0.6775663364678621
  view-data: 0.19219962507486343
