times:
  edit-metadata: 0.41945210099220276
  landing: 0.06885382486507297
  view-data: 0.21468554809689522
