times:
  edit-metadata: 0.503420427441597
  landing: 0.042286261916160583
  view-data: 0.19964375346899033
