times:
  edit-metadata: 0.39693743735551834
  landing: 0.5138683244585991
  view-data: 0.1841830313205719
