times:
  edit-metadata: 0.48084962414577603
  landing: 0.04312737286090851
  view-data: 0.1915727979503572
