times:
  edit-metadata: 0.3877391517162323
  landing: 0.04142177850008011
  view-data: 0.1980905830860138
