times:
  edit-metadata: 0.4628632250241935
  landing: 0.047935203183442354
  view-data: 0.1937829190865159
