times:
  edit-metadata: 1.3849649326875806
  landing: 0.02112341672182083
  view-data: 0.02759572211652994
