times:
  landing: 1.0675446080000484
  view-data: 0.5457329759999539
