times:
  edit-metadata: 1.3772636661306024
  landing: 0.11988909635692835
  view-data: 0.12114532198756933
