times:
  landing: 1.0702496830000428
  view-data: 0.5526962069999968
