times:
  edit-metadata: 0.3475054334849119
  landing: 0.5601568389683962
  view-data: 0.3986900243908167
