times:
  edit-metadata: 0.40644594840705395
  landing: 1.5150622352957726
  view-data: 0.3012736141681671
