times:
  edit-metadata: 0.6113093689928064
  landing: 0.053803760005394
  view-data: 0.19358249299693853
