times:
  edit-metadata: 0.5054818699136376
  landing: 0.05070631904527545
  view-data: 0.2220547110773623
