times:
  edit-metadata: 0.9547094219597057
  landing: 0.11385944299399853
  view-data: 0.2890289300121367
