times:
  edit-metadata: 0.6545058081392199
  landing: 0.04653901606798172
  view-data: 0.1973294320050627
