times:
  edit-metadata: 0.5029161550337449
  landing: 0.051912797964178026
  view-data: 0.2105094629805535
