times:
  edit-metadata: 0.5153315109200776
  landing: 0.0536636202596128
  view-data: 0.20699848234653473
