times:
  edit-metadata: 0.6229170421138406
  landing: 0.0530479378066957
  view-data: 0.18991672014817595
