times:
  edit-metadata: 0.6237222519703209
  landing: 0.04345051397103816
  view-data: 0.19073773600393906
