times:
  edit-metadata: 0.34304756112396717
  landing: 0.5896300468593836
  view-data: 0.1948106475174427
