times:
  edit-metadata: 1.3530124388635159
  landing: 0.02385470550507307
  view-data: 0.3903543436899781
