times:
  edit-metadata: 0.4024453591555357
  landing: 0.906031422317028
  view-data: 0.6430052854120731
