times:
  edit-metadata: 0.6265373229980469
  landing: 0.04548615915700793
  view-data: 0.1931583760306239
