times:
  edit-metadata: 0.4068327168934047
  landing: 0.06244315207004547
  view-data: 0.20357012189924717
