times:
  edit-metadata: 0.35996544547379017
  landing: 1.1216350998729467
  view-data: 0.6139802075922489
