times:
  edit-metadata: 1.3646736424416304
  landing: 0.021582461893558502
  view-data: 0.1397741287946701
