times:
  edit-metadata: 1.4740909542888403
  landing: 0.02153267152607441
  view-data: 0.13433393836021423
