times:
  edit-metadata: 1.383940376341343
  landing: 0.20920008420944214
  view-data: 0.3081659711897373
