times:
  edit-metadata: 0.5352796399965882
  landing: 0.04192401934415102
  view-data: 0.20341750793159008
