times:
  edit-metadata: 1.414323491975665
  landing: 0.020950444042682648
  view-data: 0.026770921424031258
