times:
  edit-metadata: 0.38806578144431114
  landing: 0.04147814214229584
  view-data: 0.1955983228981495
