times:
  landing: 0.5410919380000223
  view-data: 0.54553389900002
