times:
  edit-metadata: 0.46564599964767694
  landing: 0.04975025122985244
  view-data: 0.19137675501406193
