times:
  edit-metadata: 0.43902621790766716
  landing: 2.5499870032072067
  view-data: 1.2915464844554663
