times:
  edit-metadata: 1.7418167404830456
  landing: 0.23453162238001823
  view-data: 0.3214014507830143
