times:
  edit-metadata: 0.5707907869946212
  landing: 0.0619714199565351
  view-data: 0.220542622031644
