times:
  edit-metadata: 0.44467384926974773
  landing: 2.4337039049714804
  view-data: 0.5419807564467192
