times:
  edit-metadata: 0.3881584480404854
  landing: 0.04836410656571388
  view-data: 0.19254833087325096
