times:
  landing: 0.5493183300000055
  view-data: 0.5492830270000013
