times:
  edit-metadata: 0.3664228357374668
  landing: 0.04865212365984917
  view-data: 0.1804572306573391
