times:
  edit-metadata: 1.3815134074538946
  landing: 0.02009742707014084
  view-data: 0.2858536373823881
