times:
  edit-metadata: 0.3686025720089674
  landing: 0.7470658179372549
  view-data: 0.4133228473365307
