times:
  edit-metadata: 0.36590326577425003
  landing: 0.047538138926029205
  view-data: 0.18549634888768196
