times:
  edit-metadata: 0.42095187678933144
  landing: 0.0688576027750969
  view-data: 0.1779428794980049
