times:
  edit-metadata: 0.6180146080441773
  landing: 0.04835414607077837
  view-data: 0.20981736714020371
