times:
  edit-metadata: 1.3685120400041342
  landing: 0.017928238958120346
  view-data: 0.02331709675490856
