times:
  edit-metadata: 1.4034239770844579
  landing: 0.019394113682210445
  view-data: 0.11939516756683588
