times:
  edit-metadata: 0.6097797780530527
  landing: 0.04943887097761035
  view-data: 0.19268232700414956
