times:
  edit-metadata: 0.6373661470133811
  landing: 0.04295661603100598
  view-data: 0.19457713095471263
