times:
  edit-metadata: 0.6301358400378376
  landing: 0.049345775973051786
  view-data: 0.19271226087585092
