times:
  edit-metadata: 0.38432921282947063
  landing: 1.034390389919281
  view-data: 0.30320089496672153
