times:
  edit-metadata: 1.386310393922031
  landing: 0.15143803600221872
  view-data: 0.02349766716361046
