times:
  edit-metadata: 1.6630198871716857
  landing: 0.17829578928649426
  view-data: 0.47101641446352005
