times:
  edit-metadata: 2.954457316547632
  landing: 0.05259835533797741
  view-data: 0.05637292563915253
