times:
  landing: 0.5493729119999671
  view-data: 0.561437758000011
