times:
  edit-metadata: 0.46701925667002797
  landing: 0.06649526115506887
  view-data: 0.19044614396989346
