times:
  edit-metadata: 1.6097035156562924
  landing: 0.41305686440318823
  view-data: 0.3831952214241028
