times:
  edit-metadata: 0.3837900962680578
  landing: 0.7039239220321178
  view-data: 0.3133907113224268
