times:
  edit-metadata: 0.3475506007671356
  landing: 1.1042733080685139
  view-data: 0.583409022539854
