times:
  edit-metadata: 0.7790485310833901
  landing: 0.08027607598342001
  view-data: 0.23813263210467994
