times:
  edit-metadata: 1.3742082128301263
  landing: 0.022816326469182968
  view-data: 0.12305545061826706
