times:
  edit-metadata: 0.3921593411359936
  landing: 0.05561931198462844
  view-data: 0.2098598771262914
