times:
  edit-metadata: 0.6244638967327774
  landing: 0.050911099184304476
  view-data: 0.2752248691394925
