times:
  edit-metadata: 0.44998007360845804
  landing: 0.04417148418724537
  view-data: 0.19325494905933738
