times:
  edit-metadata: 0.47927992418408394
  landing: 0.6370898503810167
  view-data: 0.29756931960582733
