times:
  edit-metadata: 1.7325816992670298
  landing: 0.022774944081902504
  view-data: 0.11854141391813755
