times:
  edit-metadata: 0.6292740920325741
  landing: 0.044332643039524555
  view-data: 0.19828903197776526
