times:
  edit-metadata: 1.3888536635786295
  landing: 0.24467191472649574
  view-data: 0.3212492670863867
