times:
  edit-metadata: 0.3457261696457863
  landing: 0.8005669228732586
  view-data: 0.323445912450552
