times:
  edit-metadata: 0.3940022122114897
  landing: 2.147153103724122
  view-data: 0.590390220284462
