times:
  edit-metadata: 0.5212740385904908
  landing: 0.04955906141549349
  view-data: 0.20293950848281384
