times:
  edit-metadata: 0.46523128310218453
  landing: 0.04904113383963704
  view-data: 0.191222810652107
