times:
  edit-metadata: 1.38477888610214
  landing: 0.0201951889321208
  view-data: 0.024539713747799397
