times:
  edit-metadata: 1.3701899470761418
  landing: 0.09967773407697678
  view-data: 0.026569931767880917
