times:
  edit-metadata: 0.6404655030055437
  landing: 0.04631979599071201
  view-data: 0.192256426991662
