times:
  edit-metadata: 0.2861989364027977
  landing: 0.358223844319582
  view-data: 0.2077127881348133
