times:
  edit-metadata: 0.3877244461327791
  landing: 0.5934247989207506
  view-data: 0.19653935357928276
