times:
  edit-metadata: 0.48865004628896713
  landing: 0.0655148858204484
  view-data: 0.2156845647841692
