times:
  edit-metadata: 1.4400252932682633
  landing: 0.021693993359804153
  view-data: 0.11944062821567059
