times:
  edit-metadata: 1.4985283389687538
  landing: 0.11187353823333979
  view-data: 0.11930681765079498
