times:
  edit-metadata: 0.39645297452807426
  landing: 1.036731768399477
  view-data: 0.18968134559690952
