times:
  edit-metadata: 2.15685529820621
  landing: 0.2847367115318775
  view-data: 0.02582927793264389
