times:
  edit-metadata: 1.4067986700683832
  landing: 0.13364921137690544
  view-data: 0.32902809605002403
