times:
  edit-metadata: 0.3970549590885639
  landing: 0.5930418856441975
  view-data: 0.1908519472926855
