times:
  edit-metadata: 1.4959471877664328
  landing: 0.021677039563655853
  view-data: 0.3878903556615114
