times:
  edit-metadata: 0.5734643219038844
  landing: 0.08907402213662863
  view-data: 0.20443409215658903
