times:
  edit-metadata: 0.5176458498463035
  landing: 0.04031765786930919
  view-data: 0.20234928466379642
