times:
  edit-metadata: 2.0114975553005934
  landing: 0.3180195093154907
  view-data: 0.4142957180738449
