times:
  edit-metadata: 1.3858332457020879
  landing: 0.019373315386474133
  view-data: 0.027285054326057434
