times:
  landing: 0.5950469520000752
  view-data: 0.5499946820000332
