times:
  edit-metadata: 1.527065111324191
  landing: 0.16429673321545124
  view-data: 0.36303804256021976
