times:
  edit-metadata: 1.3750966992229223
  landing: 0.02133697271347046
  view-data: 0.12588286958634853
