times:
  edit-metadata: 0.29263530671596527
  landing: 0.5234980210661888
  view-data: 0.18189739249646664
