times:
  edit-metadata: 0.6182942180312239
  landing: 0.040527094970457256
  view-data: 0.18966127798194066
