times:
  edit-metadata: 0.44651730731129646
  landing: 0.6577628385275602
  view-data: 0.1907946653664112
