times:
  edit-metadata: 0.6085232819896191
  landing: 0.04248362797079608
  view-data: 0.19349957897793502
