times:
  edit-metadata: 1.3785670027136803
  landing: 0.023763183504343033
  view-data: 0.29227664321660995
