times:
  edit-metadata: 1.6003644112497568
  landing: 0.2539132684469223
  view-data: 0.5344846025109291
