times:
  edit-metadata: 0.3870085384696722
  landing: 0.5672521460801363
  view-data: 0.6167054399847984
