times:
  edit-metadata: 1.3775950903072953
  landing: 0.02005505934357643
  view-data: 0.025314047001302242
