times:
  edit-metadata: 0.3955576606094837
  landing: 0.05294748768210411
  view-data: 0.18399418517947197
