times:
  edit-metadata: 1.3921192726120353
  landing: 0.022112718783318996
  view-data: 0.023873363621532917
