times:
  landing: 1.070196739000039
  view-data: 0.5536934819999715
