times:
  edit-metadata: 0.36900272220373154
  landing: 0.0387411043047905
  view-data: 0.19757968187332153
