times:
  edit-metadata: 1.389012181200087
  landing: 0.17621251288801432
  view-data: 0.1217031218111515
