times:
  edit-metadata: 0.6436772211454809
  landing: 0.07446164288558066
  view-data: 0.20654686097986996
