times:
  edit-metadata: 0.44569820910692215
  landing: 0.050653859972953796
  view-data: 0.18098647892475128
