times:
  edit-metadata: 0.3848832156509161
  landing: 0.8639820460230112
  view-data: 0.19714005663990974
