times:
  edit-metadata: 1.3904444323852658
  landing: 0.020151075907051563
  view-data: 0.023032769560813904
