times:
  edit-metadata: 1.3923538383096457
  landing: 0.2142364215105772
  view-data: 0.3988995710387826
