times:
  landing: 0.5535681369999566
  view-data: 0.557240241000045
