times:
  edit-metadata: 2.395825397223234
  landing: 0.4680868424475193
  view-data: 0.5016671800985932
