times:
  edit-metadata: 0.499392865691334
  landing: 0.05957528902217746
  view-data: 0.21469251904636621
