times:
  edit-metadata: 0.3746694177389145
  landing: 0.04910345375537872
  view-data: 0.19226032868027687
