times:
  edit-metadata: 0.5043578092008829
  landing: 0.043689945712685585
  view-data: 0.2022090433165431
