times:
  edit-metadata: 1.467755732126534
  landing: 0.02103959023952484
  view-data: 0.12081973813474178
