times:
  edit-metadata: 1.351501788944006
  landing: 0.021242357790470123
  view-data: 0.025547614321112633
