times:
  edit-metadata: 0.6255351947620511
  landing: 0.04174325941130519
  view-data: 0.19178320281207561
