times:
  edit-metadata: 1.555036623030901
  landing: 0.16372162103652954
  view-data: 0.3976458553224802
