times:
  edit-metadata: 0.49355794582515955
  landing: 0.05110301822423935
  view-data: 0.3316709343343973
