times:
  edit-metadata: 1.423792639747262
  landing: 0.2715898845344782
  view-data: 0.13183530792593956
