times:
  edit-metadata: 1.3550221547484398
  landing: 0.20398487523198128
  view-data: 0.12745260633528233
