times:
  edit-metadata: 1.5024496810510755
  landing: 0.1385086728259921
  view-data: 0.21053700428456068
