times:
  edit-metadata: 1.466590130701661
  landing: 0.16146771609783173
  view-data: 0.024652505293488503
