times:
  edit-metadata: 0.5050215763039887
  landing: 0.06946910871192813
  view-data: 0.2019313108175993
