times:
  edit-metadata: 0.5014892740291543
  landing: 0.045171112986281514
  view-data: 0.21257161296671256
