times:
  edit-metadata: 0.35551667027175426
  landing: 0.7853746674954891
  view-data: 0.3278666287660599
