times:
  edit-metadata: 0.3951600566506386
  landing: 0.05182097852230072
  view-data: 0.19000056013464928
