times:
  edit-metadata: 1.365727024152875
  landing: 0.2208388838917017
  view-data: 0.3117005228996277
