times:
  edit-metadata: 0.41529108956456184
  landing: 1.229892536997795
  view-data: 0.283446092158556
