times:
  edit-metadata: 0.6226636220235378
  landing: 0.050806398037821054
  view-data: 0.19439627206884325
