times:
  edit-metadata: 0.8236434240825474
  landing: 0.12329478794708848
  view-data: 0.24847386009059846
