times:
  edit-metadata: 0.547693254891783
  landing: 0.05520813399925828
  view-data: 0.24585111299529672
