times:
  edit-metadata: 0.39716748520731926
  landing: 0.7399147376418114
  view-data: 0.19968644715845585
