times:
  edit-metadata: 0.2944666538387537
  landing: 0.605368759483099
  view-data: 0.19672545604407787
