times:
  edit-metadata: 0.48826092202216387
  landing: 0.051338349003344774
  view-data: 0.2126417439430952
