times:
  edit-metadata: 1.7623434960842133
  landing: 0.37410375103354454
  view-data: 0.2079015038907528
