times:
  edit-metadata: 0.6269847270159516
  landing: 0.10804268799256533
  view-data: 0.2400712420057971
