times:
  edit-metadata: 0.4163888618350029
  landing: 0.052966732531785965
  view-data: 0.18710272759199142
