times:
  edit-metadata: 1.3920463919639587
  landing: 0.19786116667091846
  view-data: 0.1312576625496149
