times:
  edit-metadata: 0.5435604616068304
  landing: 0.04787490190938115
  view-data: 0.2093717777170241
