times:
  edit-metadata: 0.41141029447317123
  landing: 0.04289144277572632
  view-data: 0.19128969311714172
