times:
  edit-metadata: 0.928233333863318
  landing: 0.0476842331700027
  view-data: 0.21115960087627172
