times:
  edit-metadata: 0.3227821718901396
  landing: 3.3074162919074297
  view-data: 0.5450235791504383
