times:
  edit-metadata: 0.5495412638410926
  landing: 0.05319536477327347
  view-data: 0.3449697317555547
