times:
  edit-metadata: 0.38483129628002644
  landing: 0.9957793597131968
  view-data: 0.28813312761485577
