times:
  edit-metadata: 0.4767517182044685
  landing: 0.05250733904540539
  view-data: 0.19381851004436612
