times:
  edit-metadata: 0.3993033915758133
  landing: 0.04333878681063652
  view-data: 0.18875817954540253
