times:
  edit-metadata: 0.5147172619908815
  landing: 0.038579458007006906
  view-data: 0.20080335999955423
