times:
  edit-metadata: 0.6266277839895338
  landing: 0.04742494598031044
  view-data: 0.19390377902891487
