times:
  edit-metadata: 1.5396639136597514
  landing: 0.021119480952620506
  view-data: 0.025569994002580643
