times:
  edit-metadata: 0.45758332405239344
  landing: 0.04560272302478552
  view-data: 0.18292584270238876
