times:
  edit-metadata: 1.4362381659448147
  landing: 0.2257886603474617
  view-data: 0.11454635299742222
