times:
  edit-metadata: 0.47581592574715614
  landing: 2.0417701452970505
  view-data: 1.300313588231802
