times:
  edit-metadata: 0.6555664679035544
  landing: 0.04269577004015446
  view-data: 0.19377586990594864
