times:
  edit-metadata: 0.5855196729999079
  landing: 0.045875771999817516
  view-data: 0.19195419200059405
