times:
  landing: 0.5487839370000529
  view-data: 0.5500968569999714
