times:
  edit-metadata: 1.3444295236840844
  landing: 0.020278028212487698
  view-data: 0.4141032565385103
