times:
  edit-metadata: 0.48816314339637756
  landing: 0.041867115534842014
  view-data: 0.19750551972538233
