times:
  edit-metadata: 0.3780432529747486
  landing: 0.04375476762652397
  view-data: 0.19775034859776497
