times:
  edit-metadata: 1.4217844977974892
  landing: 0.02192341350018978
  view-data: 0.12024553306400776
