times:
  edit-metadata: 1.3575535910204053
  landing: 0.1289962800219655
  view-data: 0.09694401733577251
