times:
  edit-metadata: 1.4206995060667396
  landing: 0.01963648572564125
  view-data: 0.12483788561075926
