times:
  edit-metadata: 0.6357385109877214
  landing: 0.03855624399147928
  view-data: 0.19724144297651947
