times:
  edit-metadata: 0.6211093100719154
  landing: 0.039067289093509316
  view-data: 0.19081644411198795
