times:
  edit-metadata: 0.6184054769109935
  landing: 0.05620068986900151
  view-data: 0.1788645889610052
