times:
  edit-metadata: 1.358830090612173
  landing: 0.020872240886092186
  view-data: 0.12128767650574446
