times:
  edit-metadata: 0.5529729980044067
  landing: 0.09153905100538395
  view-data: 0.2035634080239106
