times:
  edit-metadata: 0.3280143029987812
  landing: 1.1070274729281664
  view-data: 0.5793491844087839
