times:
  edit-metadata: 1.4283050866797566
  landing: 0.02338426187634468
  view-data: 0.13402442261576653
