times:
  edit-metadata: 0.7883001070003957
  landing: 0.12085993983782828
  view-data: 0.21988342399708927
