times:
  edit-metadata: 0.4266332699917257
  landing: 0.04600945510901511
  view-data: 0.20129870204254985
