times:
  edit-metadata: 0.3556687254458666
  landing: 0.5852709095925093
  view-data: 0.5870812274515629
