times:
  edit-metadata: 0.4895949609344825
  landing: 0.056266828905791044
  view-data: 0.22241506597492844
