times:
  edit-metadata: 1.751218719407916
  landing: 0.018655025400221348
  view-data: 0.02553461492061615
