times:
  edit-metadata: 0.37458381429314613
  landing: 0.042276088148355484
  view-data: 0.2078821137547493
