times:
  edit-metadata: 0.6448581590084359
  landing: 0.0458117009839043
  view-data: 0.16898891900200397
