times:
  edit-metadata: 0.39457036554813385
  landing: 0.6154900975525379
  view-data: 0.22000319883227348
