times:
  edit-metadata: 0.47708262875676155
  landing: 0.045432478189468384
  view-data: 0.19611838273704052
