times:
  edit-metadata: 0.39743142761290073
  landing: 0.5407582316547632
  view-data: 0.20071122609078884
