times:
  edit-metadata: 0.7355701068881899
  landing: 0.04811470489948988
  view-data: 0.20062428596429527
