times:
  edit-metadata: 0.4762768419459462
  landing: 0.041560662910342216
  view-data: 0.20039137918502092
