times:
  edit-metadata: 0.5374709689058363
  landing: 0.1065228758379817
  view-data: 0.20887529011815786
