times:
  edit-metadata: 0.3712935131043196
  landing: 0.5759340170770884
  view-data: 0.5938608050346375
