times:
  edit-metadata: 0.6561509259045124
  landing: 0.052765867905691266
  view-data: 0.1836192209739238
