times:
  edit-metadata: 0.5173774409922771
  landing: 0.07675906200893223
  view-data: 0.2146116319927387
