times:
  edit-metadata: 0.45747425593435764
  landing: 0.055131818167865276
  view-data: 0.19288736302405596
