times:
  edit-metadata: 0.432559784501791
  landing: 0.5727703999727964
  view-data: 0.18201784789562225
