times:
  edit-metadata: 0.42785320430994034
  landing: 0.05073530599474907
  view-data: 0.20241979882121086
