times:
  edit-metadata: 1.3681600652635098
  landing: 0.020982609130442142
  view-data: 0.12461584899574518
