times:
  edit-metadata: 0.4061947073787451
  landing: 0.6282650921493769
  view-data: 0.20534607581794262
