times:
  landing: 0.5559991599999989
  view-data: 0.5559959589999721
