times:
  edit-metadata: 1.5408419594168663
  landing: 0.2786297556012869
  view-data: 0.39398828335106373
