times:
  edit-metadata: 1.3943836782127619
  landing: 0.020460371859371662
  view-data: 0.024592425674200058
