times:
  edit-metadata: 0.5201098676770926
  landing: 0.05560272093862295
  view-data: 0.20975481113418937
