times:
  edit-metadata: 0.4156161090359092
  landing: 0.05076073692180216
  view-data: 0.1988587249070406
