times:
  edit-metadata: 0.42555027618072927
  landing: 0.04269786411896348
  view-data: 0.19821583689190447
