times:
  edit-metadata: 1.3696647072210908
  landing: 0.12701108306646347
  view-data: 0.3981239963322878
