times:
  landing: 0.5497403839999606
  view-data: 0.5500613039998825
