times:
  edit-metadata: 0.35538532212376595
  landing: 0.5715690478682518
  view-data: 0.5875658188015223
