times:
  edit-metadata: 1.5301113799214363
  landing: 0.023615799844264984
  view-data: 0.027696257457137108
