times:
  edit-metadata: 1.3689295034855604
  landing: 0.1955980360507965
  view-data: 0.14564858749508858
