times:
  edit-metadata: 0.6235777779947966
  landing: 0.05343967699445784
  view-data: 0.18719556997530162
