times:
  edit-metadata: 0.5924394740723073
  landing: 0.048096278915181756
  view-data: 0.1946261189877987
