times:
  edit-metadata: 1.3569461600854993
  landing: 0.020876944065093994
  view-data: 0.02655753307044506
