times:
  edit-metadata: 0.6233008169801906
  landing: 0.03989337000530213
  view-data: 0.19509631290566176
