times:
  edit-metadata: 0.39027611538767815
  landing: 0.055696044117212296
  view-data: 0.1874595545232296
