times:
  edit-metadata: 0.49027528055012226
  landing: 0.03778659179806709
  view-data: 0.20610430743545294
