times:
  edit-metadata: 0.3874260988086462
  landing: 0.8868942521512508
  view-data: 0.3076213449239731
