times:
  edit-metadata: 0.4834332447499037
  landing: 0.04130736319348216
  view-data: 0.1904711606912315
