times:
  edit-metadata: 0.3772868886590004
  landing: 0.05591350048780441
  view-data: 0.20108431577682495
