times:
  edit-metadata: 1.3867271952331066
  landing: 0.022738554514944553
  view-data: 0.022548828274011612
