times:
  edit-metadata: 0.37598830461502075
  landing: 0.04663421958684921
  view-data: 0.19695954769849777
