times:
  edit-metadata: 0.39577577263116837
  landing: 0.052241988480091095
  view-data: 0.1857188530266285
