times:
  landing: 1.0740905899999689
  view-data: 0.5557069730000421
