times:
  edit-metadata: 0.4162683542817831
  landing: 0.5263546276837587
  view-data: 0.2028679922223091
