times:
  edit-metadata: 0.5217286580009386
  landing: 0.05574124198756181
  view-data: 0.34864512700005434
