times:
  edit-metadata: 0.3406087514013052
  landing: 0.606256652623415
  view-data: 0.2948808316141367
