times:
  edit-metadata: 0.7288240035995841
  landing: 0.06214112788438797
  view-data: 0.18092626612633467
