times:
  edit-metadata: 0.4623241857625544
  landing: 0.04178816778585315
  view-data: 0.1906701591797173
