times:
  edit-metadata: 0.35813257843255997
  landing: 1.0998925138264894
  view-data: 0.580677006393671
