times:
  edit-metadata: 1.4973612129688263
  landing: 0.02133633755147457
  view-data: 0.11608676612377167
