times:
  edit-metadata: 0.6189819234423339
  landing: 0.03510165121406317
  view-data: 0.19057133328169584
