times:
  edit-metadata: 0.5265715790446848
  landing: 0.058942547999322414
  view-data: 0.20848653599387035
