times:
  edit-metadata: 0.6047699840273708
  landing: 0.04836718807928264
  view-data: 0.17938684090040624
