times:
  edit-metadata: 0.4035094603896141
  landing: 0.04790307581424713
  view-data: 0.18988893181085587
