times:
  edit-metadata: 0.5633415095508099
  landing: 0.051708925515413284
  view-data: 0.1795659065246582
