times:
  edit-metadata: 0.7174262290354818
  landing: 0.04705771501176059
  view-data: 0.18411650392226875
