times:
  edit-metadata: 0.5842745810514316
  landing: 0.05095538101159036
  view-data: 0.17760158400051296
