times:
  edit-metadata: 0.6228185209911317
  landing: 0.04593507503159344
  view-data: 0.19508176995441318
