times:
  edit-metadata: 0.5144848246127367
  landing: 0.05438972823321819
  view-data: 0.2091845623217523
