times:
  edit-metadata: 0.631938994047232
  landing: 0.037776819022838026
  view-data: 0.19266995100770146
