times:
  edit-metadata: 0.6587146050005686
  landing: 0.053205093994620256
  view-data: 0.18515941400255542
