times:
  edit-metadata: 0.6417062850669026
  landing: 0.04563245689496398
  view-data: 0.19595094211399555
