times:
  edit-metadata: 0.49132470693439245
  landing: 0.06419074069708586
  view-data: 0.21573837473988533
