times:
  edit-metadata: 1.3926190985366702
  landing: 0.020134554244577885
  view-data: 0.12221678532660007
