times:
  edit-metadata: 1.440532037988305
  landing: 0.11467407643795013
  view-data: 0.1478863526135683
