times:
  edit-metadata: 1.3934109369292855
  landing: 0.022327742539346218
  view-data: 0.11874174233525991
