times:
  edit-metadata: 0.4908547350000845
  landing: 0.0964944759998616
  view-data: 0.29075648599973647
