times:
  edit-metadata: 0.4475619369186461
  landing: 0.0551105048507452
  view-data: 0.2049813570920378
