times:
  edit-metadata: 1.4141270089894533
  landing: 0.02157151885330677
  view-data: 0.12383950967341661
