times:
  edit-metadata: 0.63627177500166
  landing: 0.050567981088534
  view-data: 0.19795312103815377
