times:
  edit-metadata: 0.540451237000525
  landing: 0.05057212799874833
  view-data: 0.19544809899525717
