times:
  edit-metadata: 0.2980506867170334
  landing: 0.7065201569348574
  view-data: 0.3002879936248064
