times:
  edit-metadata: 0.3432426620274782
  landing: 0.8023978602141142
  view-data: 0.20888495445251465
