times:
  edit-metadata: 0.5008675698190928
  landing: 0.043512895703315735
  view-data: 0.19321099948137999
