times:
  edit-metadata: 0.4855073653161526
  landing: 0.05187608767300844
  view-data: 0.20465196017175913
