times:
  edit-metadata: 1.4025705708190799
  landing: 0.021933301351964474
  view-data: 0.12502247095108032
