times:
  edit-metadata: 1.36169464699924
  landing: 0.022214774042367935
  view-data: 0.2912086136639118
