times:
  edit-metadata: 0.3851211927831173
  landing: 0.6909180916845798
  view-data: 0.18057776428759098
