times:
  edit-metadata: 1.352275624871254
  landing: 0.02311385329812765
  view-data: 0.11782697960734367
