times:
  edit-metadata: 0.34207383543252945
  landing: 0.9330621790140867
  view-data: 0.19158960320055485
