times:
  edit-metadata: 1.4124286994338036
  landing: 0.021408220753073692
  view-data: 0.3710463475435972
