times:
  edit-metadata: 0.6759806361515075
  landing: 0.04799368907697499
  view-data: 0.17828589398413897
