times:
  edit-metadata: 0.46796915819868445
  landing: 0.049811962991952896
  view-data: 0.19317937409505248
