times:
  edit-metadata: 0.6329310340806842
  landing: 0.057933207135647535
  view-data: 0.18568277917802334
