times:
  edit-metadata: 1.3442357294261456
  landing: 0.019803841598331928
  view-data: 0.13662045449018478
