times:
  edit-metadata: 0.4603431266732514
  landing: 0.04183960519731045
  view-data: 0.1959632379002869
