times:
  edit-metadata: 0.6132777519524097
  landing: 0.051809060387313366
  view-data: 0.1926082968711853
