times:
  edit-metadata: 1.3422843292355537
  landing: 0.020522314123809338
  view-data: 0.024422168731689453
