times:
  edit-metadata: 0.518442595959641
  landing: 0.05327556800330058
  view-data: 0.20325400203000754
