times:
  edit-metadata: 1.393165779300034
  landing: 0.12819450069218874
  view-data: 0.10117722302675247
