times:
  edit-metadata: 0.679681858047843
  landing: 0.053652998991310596
  view-data: 0.19848566898144782
