times:
  edit-metadata: 0.4336182421538979
  landing: 0.052496325224637985
  view-data: 0.22125887009315193
