times:
  edit-metadata: 1.5948210749775171
  landing: 0.2830222547054291
  view-data: 0.15903382934629917
