times:
  edit-metadata: 1.3093114290386438
  landing: 0.17553938925266266
  view-data: 0.3029311951249838
