times:
  edit-metadata: 1.3970341058447957
  landing: 0.02037153486162424
  view-data: 0.12101929914206266
