times:
  edit-metadata: 0.28992556035518646
  landing: 0.7683420721441507
  view-data: 0.2951646205037832
