times:
  edit-metadata: 0.4183877632021904
  landing: 0.055756475776433945
  view-data: 0.19496736861765385
