times:
  edit-metadata: 0.6216886630281806
  landing: 0.05344437528401613
  view-data: 0.19206661079078913
