times:
  edit-metadata: 1.352152074687183
  landing: 0.020083939656615257
  view-data: 0.025434091687202454
