times:
  edit-metadata: 0.45702424086630344
  landing: 0.04277831083163619
  view-data: 0.19329193560406566
