times:
  edit-metadata: 1.7859755549579859
  landing: 0.01987660676240921
  view-data: 0.3714901693165302
