times:
  edit-metadata: 0.6224730680696666
  landing: 0.04950905591249466
  view-data: 0.19332846510224044
