times:
  edit-metadata: 0.6237562140449882
  landing: 0.06778555200435221
  view-data: 0.218849967001006
