times:
  edit-metadata: 1.3987465500831604
  landing: 0.8722576424479485
  view-data: 3.3135898038744926
