times:
  edit-metadata: 1.4123894646763802
  landing: 0.8990321978926659
  view-data: 3.335503187030554
