times:
  edit-metadata: 1.3887034729123116
  landing: 0.845992986112833
  view-data: 3.2987024784088135
