times:
  edit-metadata: 1.386622667312622
  landing: 0.8456432670354843
  view-data: 3.2777426093816757
