times:
  edit-metadata: 1.5632572546601295
  landing: 0.8719044774770737
  view-data: 3.4415978714823723
