times:
  edit-metadata: 1.5467719659209251
  landing: 0.8984911292791367
  view-data: 3.4267586916685104
