times:
  edit-metadata: 1.4374567680060863
  landing: 0.8242961280047894
  view-data: 3.283717706799507
