times:
  edit-metadata: 1.4355349019169807
  landing: 0.7994824275374413
  view-data: 3.4270080476999283
