times:
  edit-metadata: 1.4956981986761093
  landing: 0.9027315974235535
  view-data: 3.451877661049366
