times:
  edit-metadata: 1.481116734445095
  landing: 0.9118971638381481
  view-data: 3.313327245414257
