times:
  edit-metadata: 1.3739998824894428
  landing: 0.8284052349627018
  view-data: 3.34339302405715
