times:
  edit-metadata: 1.6602875143289566
  landing: 0.9718378037214279
  view-data: 3.3450708240270615
