times:
  edit-metadata: 1.5218975469470024
  landing: 0.9129543825984001
  view-data: 3.4241327568888664
