times:
  edit-metadata: 1.3629550263285637
  landing: 0.8487650081515312
  view-data: 3.471215955913067
