times:
  edit-metadata: 2.655124858021736
  landing: 1.352209396660328
  view-data: 3.5273431465029716
