times:
  edit-metadata: 1.4134300500154495
  landing: 0.8440498411655426
  view-data: 3.5075486674904823
