times:
  edit-metadata: 1.4794000759720802
  landing: 0.7750355675816536
  view-data: 3.464912422001362
