times:
  edit-metadata: 1.6581501886248589
  landing: 1.0083922818303108
  view-data: 3.3648276031017303
