times:
  edit-metadata: 1.5145833231508732
  landing: 0.9643601812422276
  view-data: 3.368441216647625
