times:
  edit-metadata: 1.4479288831353188
  landing: 0.7895377576351166
  view-data: 3.445904515683651
