times:
  edit-metadata: 1.4823499917984009
  landing: 0.8481704741716385
  view-data: 3.4938755556941032
