times:
  edit-metadata: 1.4165271520614624
  landing: 0.7284752875566483
  view-data: 3.330206573009491
