times:
  edit-metadata: 1.3808282315731049
  landing: 0.8658364862203598
  view-data: 3.3999426290392876
