times:
  edit-metadata: 1.9933602288365364
  landing: 1.0147711746394634
  view-data: 3.5644540265202522
