times:
  edit-metadata: 1.4877025112509727
  landing: 0.8359678983688354
  view-data: 3.4819523319602013
