times:
  edit-metadata: 1.4352511912584305
  landing: 0.8546413406729698
  view-data: 3.5076420679688454
