times:
  edit-metadata: 1.4693617597222328
  landing: 0.9622830040752888
  view-data: 3.3342165425419807
