times:
  edit-metadata: 2.3077337443828583
  landing: 1.194590300321579
  view-data: 3.3691439628601074
