times:
  edit-metadata: 1.52940321713686
  landing: 0.8100955933332443
  view-data: 3.464038774371147
