times:
  edit-metadata: 1.6693678051233292
  landing: 0.9253076016902924
  view-data: 3.4544006139039993
