times:
  edit-metadata: 1.5911728888750076
  landing: 0.9521937370300293
  view-data: 3.3922336250543594
