times:
  edit-metadata: 1.483257070183754
  landing: 0.7410305887460709
  view-data: 3.264764279127121
