times:
  edit-metadata: 1.5000635832548141
  landing: 0.8454021215438843
  view-data: 3.4338396564126015
