times:
  edit-metadata: 1.4377912133932114
  landing: 0.8223560303449631
  view-data: 3.3745795264840126
