times:
  edit-metadata: 1.4320271983742714
  landing: 0.7747291401028633
  view-data: 3.4460751488804817
