times:
  edit-metadata: 1.3354045078158379
  landing: 0.8178242594003677
  view-data: 3.2662374079227448
