times:
  edit-metadata: 1.3785283826291561
  landing: 0.7840025164186954
  view-data: 3.2462982162833214
