times:
  edit-metadata: 2.28083111718297
  landing: 5.073701001703739
  view-data: 3.477438449859619
