times:
  edit-metadata: 1.4371062368154526
  landing: 0.9014694467186928
  view-data: 3.4915124103426933
