times:
  edit-metadata: 1.417961984872818
  landing: 0.8637130856513977
  view-data: 3.4386851340532303
