times:
  edit-metadata: 1.3908638581633568
  landing: 0.8337507173418999
  view-data: 3.492156408727169
