times:
  edit-metadata: 1.8843605369329453
  landing: 0.944482833147049
  view-data: 3.306180264800787
