times:
  edit-metadata: 1.4042289778590202
  landing: 1.1239815540611744
  view-data: 3.3161142468452454
