times:
  edit-metadata: 1.6520404629409313
  landing: 1.1363458894193172
  view-data: 3.3278888538479805
