times:
  edit-metadata: 1.3705894984304905
  landing: 0.906975194811821
  view-data: 3.3337849862873554
