times:
  edit-metadata: 1.3687560111284256
  landing: 0.9437495842576027
  view-data: 3.5295338705182076
