times:
  edit-metadata: 1.473131500184536
  landing: 0.9216992184519768
  view-data: 3.3301419354975224
