times:
  edit-metadata: 1.5931280367076397
  landing: 0.9150374010205269
  view-data: 3.2495526634156704
