times:
  edit-metadata: 1.4965894259512424
  landing: 0.9067319370806217
  view-data: 3.3142131343483925
