times:
  edit-metadata: 1.4883923903107643
  landing: 0.7716794982552528
  view-data: 3.2960499674081802
