times:
  edit-metadata: 1.3510325998067856
  landing: 0.8746445700526237
  view-data: 3.597293719649315
