times:
  edit-metadata: 1.373803123831749
  landing: 0.8214457929134369
  view-data: 3.4150782227516174
