times:
  edit-metadata: 1.508648931980133
  landing: 0.9418152160942554
  view-data: 3.3218426220119
