times:
  edit-metadata: 1.4254082292318344
  landing: 0.8731087818741798
  view-data: 3.3277680724859238
