times:
  edit-metadata: 1.4657462015748024
  landing: 0.9052479267120361
  view-data: 3.345520980656147
