times:
  edit-metadata: 1.394128706306219
  landing: 0.9728625603020191
  view-data: 3.3320284113287926
