times:
  edit-metadata: 1.5725038349628448
  landing: 0.9058727957308292
  view-data: 3.285154402256012
