times:
  edit-metadata: 1.5149534791707993
  landing: 0.8433229103684425
  view-data: 3.3652671948075294
