times:
  edit-metadata: 1.9777051582932472
  landing: 1.2033862099051476
  view-data: 3.3926006630063057
