times:
  edit-metadata: 2.3578022606670856
  landing: 1.6246408261358738
  view-data: 3.4063380286097527
