times:
  edit-metadata: 1.473264742642641
  landing: 0.8131750784814358
  view-data: 3.260066881775856
