times:
  edit-metadata: 1.587038777768612
  landing: 0.9978935047984123
  view-data: 3.3557171747088432
