times:
  edit-metadata: 1.3822226375341415
  landing: 0.7436951398849487
  view-data: 3.407148599624634
