times:
  edit-metadata: 1.4155986160039902
  landing: 0.7266564071178436
  view-data: 3.478891909122467
