times:
  edit-metadata: 1.4723647311329842
  landing: 0.8303473144769669
  view-data: 3.4725161716341972
