times:
  edit-metadata: 1.4241874292492867
  landing: 0.8692478686571121
  view-data: 3.379520393908024
