times:
  edit-metadata: 1.3635315969586372
  landing: 0.8047670796513557
  view-data: 3.538159303367138
