times:
  edit-metadata: 1.5147273615002632
  landing: 0.9906429722905159
  view-data: 3.3961641527712345
