times:
  edit-metadata: 1.4279339984059334
  landing: 1.000805303454399
  view-data: 3.5395600497722626
