times:
  edit-metadata: 1.451192393898964
  landing: 0.8624770045280457
  view-data: 3.509402021765709
