times:
  edit-metadata: 1.6372753456234932
  landing: 0.9476612098515034
  view-data: 3.310837708413601
