times:
  edit-metadata: 1.5928951054811478
  landing: 0.812574490904808
  view-data: 3.479710765182972
