times:
  edit-metadata: 2.064140062779188
  landing: 1.056326862424612
  view-data: 3.373482145369053
