times:
  edit-metadata: 1.5400209873914719
  landing: 0.8610963299870491
  view-data: 3.307904042303562
