times:
  edit-metadata: 1.4449207186698914
  landing: 0.7543813139200211
  view-data: 3.40280269831419
