times:
  edit-metadata: 1.4944031536579132
  landing: 0.8287529423832893
  view-data: 3.402857854962349
