times:
  edit-metadata: 1.4969644024968147
  landing: 0.8528691902756691
  view-data: 3.26435986161232
