times:
  edit-metadata: 1.3957356959581375
  landing: 0.9597717225551605
  view-data: 3.3020953498780727
