times:
  edit-metadata: 1.4788099452853203
  landing: 0.8459411039948463
  view-data: 3.3186543583869934
