times:
  edit-metadata: 1.4399388283491135
  landing: 0.9297579526901245
  view-data: 3.3559917733073235
