times:
  edit-metadata: 1.4426704868674278
  landing: 0.906605277210474
  view-data: 3.253098078072071
