times:
  edit-metadata: 1.417704127728939
  landing: 0.7979326471686363
  view-data: 3.514381803572178
