times:
  edit-metadata: 2.5055714398622513
  landing: 1.4075747057795525
  view-data: 3.631388708949089
