times:
  edit-metadata: 2.7428550124168396
  landing: 1.63365837931633
  view-data: 3.984602525830269
