times:
  edit-metadata: 1.9240626618266106
  landing: 0.9446106031537056
  view-data: 3.7561867460608482
