times:
  edit-metadata: 1.4651133120059967
  landing: 0.8938281089067459
  view-data: 3.3632281124591827
