times:
  edit-metadata: 1.4230945780873299
  landing: 0.8343031853437424
  view-data: 3.3060586377978325
