times:
  edit-metadata: 1.4954820908606052
  landing: 1.0093583539128304
  view-data: 3.345796301960945
