times:
  edit-metadata: 1.518653266131878
  landing: 0.9622901752591133
  view-data: 3.3255291283130646
