times:
  edit-metadata: 1.5061137601733208
  landing: 0.8945050127804279
  view-data: 3.275994800031185
