times:
  edit-metadata: 1.4257430657744408
  landing: 0.8566382378339767
  view-data: 3.5096923634409904
