times:
  edit-metadata: 1.4472022727131844
  landing: 0.944827675819397
  view-data: 3.5204845145344734
