times:
  edit-metadata: 1.4342945218086243
  landing: 0.7746860086917877
  view-data: 3.512060523033142
