times:
  edit-metadata: 1.781265176832676
  landing: 1.0683020129799843
  view-data: 3.751734361052513
