times:
  edit-metadata: 1.4410174190998077
  landing: 0.7888592034578323
  view-data: 3.5166208744049072
