times:
  edit-metadata: 1.8136481307446957
  landing: 1.2814188934862614
  view-data: 3.3142240047454834
