times:
  edit-metadata: 1.5413205474615097
  landing: 1.0277823358774185
  view-data: 3.5199922248721123
