times:
  edit-metadata: 1.5070724301040173
  landing: 0.808528658002615
  view-data: 3.4145929478108883
