times:
  edit-metadata: 1.4783170633018017
  landing: 0.817216407507658
  view-data: 3.3000589422881603
