times:
  edit-metadata: 1.4435017704963684
  landing: 0.7796884477138519
  view-data: 3.483615927398205
