times:
  edit-metadata: 1.4332934468984604
  landing: 0.7391178011894226
  view-data: 3.474786974489689
