times:
  edit-metadata: 1.5184919014573097
  landing: 0.8027051538228989
  view-data: 3.455675847828388
