times:
  edit-metadata: 1.5186498314142227
  landing: 0.9185950793325901
  view-data: 3.32564777135849
