times:
  edit-metadata: 1.3315302729606628
  landing: 0.7619853019714355
  view-data: 3.4951049759984016
