times:
  edit-metadata: 1.557207401841879
  landing: 0.9349049180746078
  view-data: 3.2750754207372665
