times:
  edit-metadata: 1.4518459476530552
  landing: 0.8700695410370827
  view-data: 3.2390888519585133
