times:
  edit-metadata: 1.375228300690651
  landing: 0.8248958215117455
  view-data: 3.323313057422638
