times:
  edit-metadata: 1.4263620972633362
  landing: 0.745419055223465
  view-data: 3.4013268277049065
