times:
  edit-metadata: 1.4843540899455547
  landing: 1.03482661023736
  view-data: 3.3234090991318226
