times:
  edit-metadata: 1.4370649382472038
  landing: 0.92618627846241
  view-data: 3.4014643654227257
