times:
  edit-metadata: 1.5156737938523293
  landing: 0.8733748123049736
  view-data: 3.3755024187266827
