times:
  edit-metadata: 1.5504469089210033
  landing: 0.7946562357246876
  view-data: 3.287584025412798
