times:
  edit-metadata: 1.4096021875739098
  landing: 0.8491627424955368
  view-data: 3.3125279620289803
