times:
  edit-metadata: 1.5010214447975159
  landing: 0.9793797582387924
  view-data: 3.3410291746258736
