times:
  edit-metadata: 1.4497165977954865
  landing: 0.8548220917582512
  view-data: 3.464162304997444
