times:
  edit-metadata: 1.543732799589634
  landing: 0.7841899320483208
  view-data: 3.373574249446392
