times:
  edit-metadata: 1.474883608520031
  landing: 0.9457484930753708
  view-data: 3.401979859918356
