times:
  edit-metadata: 1.3753609359264374
  landing: 0.7691634297370911
  view-data: 3.4580073580145836
