times:
  edit-metadata: 1.7192660234868526
  landing: 0.908221673220396
  view-data: 3.321538358926773
