times:
  edit-metadata: 1.4366667792201042
  landing: 0.8135984465479851
  view-data: 3.45104493945837
