times:
  edit-metadata: 1.5188057534396648
  landing: 0.9299936778843403
  view-data: 3.287641528993845
