times:
  edit-metadata: 1.5195975750684738
  landing: 0.9291121065616608
  view-data: 3.3885754197835922
