times:
  edit-metadata: 1.4772971421480179
  landing: 0.9209926724433899
  view-data: 3.313945312052965
