times:
  edit-metadata: 1.428281083703041
  landing: 0.8004986122250557
  view-data: 3.376590646803379
