times:
  edit-metadata: 1.5199397020041943
  landing: 0.9721372276544571
  view-data: 3.401447542011738
