times:
  edit-metadata: 1.397321067750454
  landing: 0.8907214142382145
  view-data: 3.3730661422014236
