times:
  edit-metadata: 1.5587593019008636
  landing: 1.0004893355071545
  view-data: 3.3553824611008167
