times:
  edit-metadata: 1.4219807237386703
  landing: 0.8463479354977608
  view-data: 3.463689297437668
