times:
  edit-metadata: 1.3869967348873615
  landing: 0.8982239291071892
  view-data: 3.279279675334692
