times:
  edit-metadata: 1.4944165274500847
  landing: 0.9458187147974968
  view-data: 3.298030510544777
