times:
  edit-metadata: 1.4632224515080452
  landing: 0.8409308157861233
  view-data: 3.277249552309513
