times:
  edit-metadata: 1.6447757557034492
  landing: 0.9524723142385483
  view-data: 3.519288681447506
