times:
  edit-metadata: 1.4149063602089882
  landing: 0.7648020833730698
  view-data: 3.4102415665984154
