times:
  edit-metadata: 1.4598901271820068
  landing: 0.8140491992235184
  view-data: 3.4401079565286636
