times:
  edit-metadata: 1.513026088476181
  landing: 1.032442830502987
  view-data: 3.5045424848794937
