times:
  edit-metadata: 1.3127791807055473
  landing: 0.8639499321579933
  view-data: 3.4677520096302032
