times:
  edit-metadata: 1.7926338762044907
  landing: 0.9781195446848869
  view-data: 3.3435428515076637
