times:
  edit-metadata: 1.3584492355585098
  landing: 0.9421724677085876
  view-data: 3.2829952985048294
