times:
  edit-metadata: 1.4932548999786377
  landing: 0.9684027880430222
  view-data: 3.4811400920152664
