times:
  edit-metadata: 1.5224356912076473
  landing: 0.919368177652359
  view-data: 3.3541044406592846
