times:
  edit-metadata: 1.379784245043993
  landing: 0.9491222128272057
  view-data: 3.286788336932659
