times:
  edit-metadata: 1.453833170235157
  landing: 0.8306986019015312
  view-data: 3.4863129779696465
