times:
  edit-metadata: 1.4213468432426453
  landing: 0.8022368848323822
  view-data: 3.4042745009064674
