times:
  edit-metadata: 1.481558933854103
  landing: 0.9476777166128159
  view-data: 3.577654592692852
