times:
  edit-metadata: 1.6931840106844902
  landing: 0.9094566889107227
  view-data: 3.2754123248159885
