times:
  edit-metadata: 1.5527223348617554
  landing: 0.9125070758163929
  view-data: 3.3672562725842
