times:
  edit-metadata: 1.3431595340371132
  landing: 0.7653473690152168
  view-data: 3.393454670906067
