times:
  edit-metadata: 1.4319468215107918
  landing: 0.8815835937857628
  view-data: 3.8594132512807846
