times:
  edit-metadata: 1.5495857521891594
  landing: 0.8370352238416672
  view-data: 3.51354843378067
