times:
  edit-metadata: 1.3988080099225044
  landing: 0.7979312762618065
  view-data: 3.3184206895530224
