times:
  edit-metadata: 1.4624722227454185
  landing: 0.8249194771051407
  view-data: 3.4013788998126984
