times:
  edit-metadata: 1.45703811571002
  landing: 0.8700268715620041
  view-data: 3.344052165746689
