times:
  edit-metadata: 1.4014718532562256
  landing: 0.774550274014473
  view-data: 3.419288381934166
