times:
  edit-metadata: 1.422556720674038
  landing: 1.346794344484806
  view-data: 3.3189755715429783
