times:
  edit-metadata: 1.967876672744751
  landing: 1.5673337280750275
  view-data: 3.421634301543236
