times:
  edit-metadata: 1.4768347181379795
  landing: 0.784375261515379
  view-data: 3.363403219729662
