times:
  edit-metadata: 1.3398619517683983
  landing: 0.8277638852596283
  view-data: 3.436847634613514
