times:
  edit-metadata: 1.6924911141395569
  landing: 0.9976544380187988
  view-data: 3.4147851280868053
