times:
  edit-metadata: 1.4804870337247849
  landing: 0.8728941306471825
  view-data: 3.5317306481301785
