times:
  edit-metadata: 1.4034132957458496
  landing: 0.7222619205713272
  view-data: 3.5996660739183426
