times:
  edit-metadata: 1.5367289334535599
  landing: 0.813775110989809
  view-data: 3.4233034551143646
