times:
  edit-metadata: 1.4369351267814636
  landing: 0.8681914135813713
  view-data: 3.3959253653883934
