times:
  edit-metadata: 1.721341859549284
  landing: 1.1123846732079983
  view-data: 3.3822705559432507
