times:
  edit-metadata: 1.5739499479532242
  landing: 0.9271970354020596
  view-data: 3.4352104999125004
