times:
  edit-metadata: 1.5458366349339485
  landing: 0.8897862210869789
  view-data: 3.374417208135128
