times:
  edit-metadata: 1.4069286920130253
  landing: 0.8109614811837673
  view-data: 3.30851648747921
