times:
  edit-metadata: 1.6174524500966072
  landing: 1.2094523459672928
  view-data: 3.3956450782716274
