times:
  edit-metadata: 1.4575083032250404
  landing: 0.8796768113970757
  view-data: 3.43338630348444
