times:
  edit-metadata: 1.5265341326594353
  landing: 0.9120212867856026
  view-data: 3.4277826808393
