times:
  edit-metadata: 1.5030422434210777
  landing: 1.0003244765102863
  view-data: 3.3859759643673897
