times:
  edit-metadata: 2.160094428807497
  landing: 1.1981090940535069
  view-data: 3.410848021507263
