times:
  edit-metadata: 1.66000147908926
  landing: 1.1460447050631046
  view-data: 3.3935075141489506
