times:
  edit-metadata: 1.5294545106589794
  landing: 1.5985498279333115
  view-data: 3.319679383188486
