times:
  edit-metadata: 1.4949988462030888
  landing: 1.029665857553482
  view-data: 3.379160162061453
