times:
  edit-metadata: 1.6078969463706017
  landing: 0.908458773046732
  view-data: 3.4362217150628567
