times:
  edit-metadata: 1.3149953596293926
  landing: 0.7174179330468178
  view-data: 3.4063443541526794
