times:
  edit-metadata: 1.5269201323390007
  landing: 0.8290509954094887
  view-data: 3.3721504770219326
