times:
  edit-metadata: 1.40283989533782
  landing: 0.9603713899850845
  view-data: 3.3490003906190395
