times:
  edit-metadata: 1.7528666369616985
  landing: 0.956849068403244
  view-data: 3.346133481711149
