times:
  edit-metadata: 1.4364621676504612
  landing: 0.8605685159564018
  view-data: 3.3831613287329674
