times:
  edit-metadata: 1.5688075609505177
  landing: 0.9182319231331348
  view-data: 3.4261385686695576
