times:
  edit-metadata: 1.3751046694815159
  landing: 0.9155852943658829
  view-data: 3.3285983465611935
