times:
  edit-metadata: 2.6544035598635674
  landing: 1.326329704374075
  view-data: 4.082878928631544
