times:
  edit-metadata: 1.4781983196735382
  landing: 0.7245903126895428
  view-data: 3.234952174127102
