times:
  edit-metadata: 1.5619661584496498
  landing: 0.8016797304153442
  view-data: 3.4090994969010353
