times:
  edit-metadata: 1.35804083943367
  landing: 0.7579452022910118
  view-data: 3.3674205243587494
