times:
  edit-metadata: 1.5910455770790577
  landing: 0.8776448033750057
  view-data: 3.3104609921574593
