times:
  edit-metadata: 1.6744193695485592
  landing: 0.9392684809863567
  view-data: 3.3574714586138725
