times:
  edit-metadata: 1.575501874089241
  landing: 0.989048432558775
  view-data: 3.341205984354019
