times:
  edit-metadata: 1.6267817616462708
  landing: 0.966017659753561
  view-data: 3.3915185555815697
