times:
  edit-metadata: 1.442375723272562
  landing: 1.0320478864014149
  view-data: 3.332594484090805
