times:
  edit-metadata: 1.6279987804591656
  landing: 1.0602992065250874
  view-data: 3.3333486020565033
