times:
  edit-metadata: 1.5787411406636238
  landing: 1.0103860795497894
  view-data: 3.458298996090889
