times:
  edit-metadata: 1.4466023296117783
  landing: 0.8583672940731049
  view-data: 3.3712729290127754
