times:
  edit-metadata: 1.3760597333312035
  landing: 0.9523654095828533
  view-data: 3.3463073186576366
