times:
  edit-metadata: 2.2154088020324707
  landing: 1.2003998309373856
  view-data: 3.3707208409905434
