times:
  edit-metadata: 1.4845265597105026
  landing: 0.7744683362543583
  view-data: 3.346482504159212
