times:
  edit-metadata: 1.5440940037369728
  landing: 1.0679620280861855
  view-data: 3.319987177848816
