times:
  edit-metadata: 1.5483867451548576
  landing: 1.0420949719846249
  view-data: 3.4414816312491894
