times:
  edit-metadata: 1.739796794950962
  landing: 0.9850584268569946
  view-data: 3.3566599674522877
