times:
  edit-metadata: 2.1002207286655903
  landing: 1.038481131196022
  view-data: 3.451558832079172
