times:
  edit-metadata: 1.4953967370092869
  landing: 0.9039026573300362
  view-data: 3.3814272806048393
