times:
  edit-metadata: 1.5278932377696037
  landing: 1.0878255739808083
  view-data: 3.441580504179001
