times:
  edit-metadata: 1.6481525264680386
  landing: 1.017495047301054
  view-data: 3.3720788434147835
