times:
  edit-metadata: 1.432393554598093
  landing: 0.7887694723904133
  view-data: 3.361705254763365
