times:
  edit-metadata: 1.5671771578490734
  landing: 0.9207825772464275
  view-data: 3.319319624453783
