times:
  edit-metadata: 1.5683782771229744
  landing: 1.0295966938138008
  view-data: 3.331233959645033
