times:
  edit-metadata: 1.5178192108869553
  landing: 0.8514212891459465
  view-data: 3.3852095641195774
