times:
  edit-metadata: 1.5453877672553062
  landing: 1.058327678591013
  view-data: 3.3843973204493523
