times:
  edit-metadata: 1.6405999101698399
  landing: 0.9671509899199009
  view-data: 3.3274001255631447
