times:
  edit-metadata: 1.6280072182416916
  landing: 0.9033183716237545
  view-data: 3.4855628721415997
