times:
  edit-metadata: 1.6045410297811031
  landing: 0.9776337444782257
  view-data: 3.4901970215141773
