times:
  edit-metadata: 1.5649179555475712
  landing: 0.8576202765107155
  view-data: 3.316013876348734
