times:
  edit-metadata: 1.3618241846561432
  landing: 1.0365041345357895
  view-data: 3.3307600542902946
