times:
  edit-metadata: 1.5464497171342373
  landing: 0.8591234982013702
  view-data: 3.3949402384459972
