times:
  edit-metadata: 1.5255217663943768
  landing: 0.9378264471888542
  view-data: 3.440840981900692
