times:
  edit-metadata: 1.4295719005167484
  landing: 0.9777786545455456
  view-data: 3.4196559600532055
