times:
  edit-metadata: 1.5120658241212368
  landing: 0.9319327063858509
  view-data: 3.334159664809704
