times:
  edit-metadata: 1.3799967393279076
  landing: 0.8531983904540539
  view-data: 0.7317437529563904
