times:
  edit-metadata: 1.758596297353506
  landing: 1.0970737747848034
  view-data: 3.4068988747894764
