times:
  edit-metadata: 1.4127532094717026
  landing: 0.845885381102562
  view-data: 3.3682767897844315
