times:
  edit-metadata: 1.3558317348361015
  landing: 0.9852965846657753
  view-data: 3.2955858446657658
