times:
  edit-metadata: 3.4131118319928646
  landing: 1.8090890794992447
  view-data: 3.6565548852086067
