times:
  edit-metadata: 1.4163038581609726
  landing: 0.727262057363987
  view-data: 3.3524553328752518
