times:
  edit-metadata: 1.523313544690609
  landing: 0.769878089427948
  view-data: 3.4163083285093307
