times:
  edit-metadata: 1.3765245899558067
  landing: 0.7512363418936729
  view-data: 3.2708742171525955
