times:
  edit-metadata: 1.4302154034376144
  landing: 0.7327161952853203
  view-data: 3.305370733141899
