times:
  edit-metadata: 1.4462888166308403
  landing: 0.6909606419503689
  view-data: 3.280898779630661
