times:
  edit-metadata: 1.4434289708733559
  landing: 0.8210490420460701
  view-data: 3.342871993780136
