times:
  edit-metadata: 1.375820156186819
  landing: 0.8204811289906502
  view-data: 3.3628299720585346
