times:
  edit-metadata: 1.4844735115766525
  landing: 0.839599072933197
  view-data: 3.4546658396720886
