times:
  edit-metadata: 3.3027235940098763
  landing: 2.1815330535173416
  view-data: 4.183466203510761
