times:
  edit-metadata: 1.4579202830791473
  landing: 0.7894795164465904
  view-data: 3.4569077119231224
