times:
  edit-metadata: 1.5587750524282455
  landing: 0.8802376762032509
  view-data: 3.331007070839405
