times:
  edit-metadata: 1.4608735479414463
  landing: 0.7498976327478886
  view-data: 3.328169107437134
