times:
  edit-metadata: 1.3506689444184303
  landing: 0.8099857047200203
  view-data: 3.3419118747115135
