times:
  edit-metadata: 1.5313901230692863
  landing: 0.8217939250171185
  view-data: 3.353715606033802
