times:
  edit-metadata: 1.5264086090028286
  landing: 0.8482331782579422
  view-data: 3.2936860844492912
