times:
  edit-metadata: 1.5539660081267357
  landing: 0.8405745849013329
  view-data: 3.313150629401207
