times:
  edit-metadata: 1.421427957713604
  landing: 0.7508959472179413
  view-data: 3.402530297636986
