times:
  edit-metadata: 1.5299266651272774
  landing: 0.8123898804187775
  view-data: 3.5243530869483948
