times:
  edit-metadata: 1.3720658719539642
  landing: 0.775837954133749
  view-data: 3.3355738036334515
