times:
  edit-metadata: 1.4868607111275196
  landing: 0.7840152122080326
  view-data: 3.3324860483407974
