times:
  edit-metadata: 1.5084495171904564
  landing: 0.7814222425222397
  view-data: 3.4953130707144737
