times:
  edit-metadata: 1.522383090108633
  landing: 0.79066601395607
  view-data: 3.3039578907191753
