times:
  edit-metadata: 1.3684775680303574
  landing: 0.7641122043132782
  view-data: 3.3672378435730934
