times:
  edit-metadata: 1.3802525326609612
  landing: 0.6883987858891487
  view-data: 3.4664660692214966
