times:
  edit-metadata: 1.365899071097374
  landing: 0.7687138170003891
  view-data: 3.409196436405182
