times:
  edit-metadata: 1.4846097342669964
  landing: 0.8084871508181095
  view-data: 3.3719105534255505
