times:
  edit-metadata: 1.452404446899891
  landing: 0.8382295034825802
  view-data: 3.324354026466608
