times:
  edit-metadata: 1.4479390308260918
  landing: 0.7877552509307861
  view-data: 3.2832962423563004
