times:
  edit-metadata: 1.5527654327452183
  landing: 0.7944472134113312
  view-data: 3.2862685099244118
