times:
  edit-metadata: 1.885520152747631
  landing: 1.0849812626838684
  view-data: 3.3340961039066315
