times:
  edit-metadata: 2.641520880162716
  landing: 1.6252355501055717
  view-data: 4.247620582580566
