times:
  edit-metadata: 1.4410227090120316
  landing: 0.7465459667146206
  view-data: 3.3082694709300995
