times:
  edit-metadata: 1.7911592721939087
  landing: 1.0006118826568127
  view-data: 3.328257489949465
