times:
  edit-metadata: 1.4391013011336327
  landing: 0.7457356750965118
  view-data: 3.288414381444454
