times:
  edit-metadata: 1.5385316386818886
  landing: 0.7200951427221298
  view-data: 3.482196256518364
