times:
  edit-metadata: 1.6635369807481766
  landing: 1.291519157588482
  view-data: 3.7591580227017403
