times:
  edit-metadata: 1.906779546290636
  landing: 1.0321434400975704
  view-data: 3.320967610925436
