times:
  edit-metadata: 1.6245542168617249
  landing: 0.8277097269892693
  view-data: 3.3602304831147194
