times:
  edit-metadata: 2.8555913120508194
  landing: 1.6419938206672668
  view-data: 3.5747013352811337
