times:
  edit-metadata: 1.4365999288856983
  landing: 0.7187332287430763
  view-data: 3.3862457536160946
