times:
  edit-metadata: 1.5181787237524986
  landing: 0.7998286709189415
  view-data: 3.4685780704021454
