times:
  edit-metadata: 1.5030008926987648
  landing: 0.721595861017704
  view-data: 3.5346825569868088
