times:
  edit-metadata: 1.5135255828499794
  landing: 0.6878816857933998
  view-data: 3.4971528127789497
