times:
  edit-metadata: 1.5372095480561256
  landing: 0.8159065470099449
  view-data: 3.310753971338272
