times:
  edit-metadata: 1.515601173043251
  landing: 0.7275414317846298
  view-data: 3.3983806297183037
