times:
  edit-metadata: 1.652430236339569
  landing: 0.8890730179846287
  view-data: 3.3348603062331676
