times:
  edit-metadata: 1.515453077852726
  landing: 0.7305419445037842
  view-data: 3.4416509494185448
