times:
  edit-metadata: 1.3639363497495651
  landing: 0.7039966136217117
  view-data: 3.4272079840302467
