times:
  edit-metadata: 1.4436972364783287
  landing: 0.888692133128643
  view-data: 3.3899052441120148
