times:
  edit-metadata: 1.3658874556422234
  landing: 0.7934940382838249
  view-data: 3.471005327999592
