times:
  edit-metadata: 1.4257382154464722
  landing: 0.7841141670942307
  view-data: 3.3265525847673416
