times:
  edit-metadata: 1.475318193435669
  landing: 0.7547268085181713
  view-data: 3.2550459280610085
