times:
  edit-metadata: 1.4127789363265038
  landing: 0.7123862057924271
  view-data: 3.4049287512898445
