times:
  edit-metadata: 1.524985782802105
  landing: 0.8197964280843735
  view-data: 3.3196947872638702
