times:
  edit-metadata: 1.6984694302082062
  landing: 0.8433364257216454
  view-data: 3.7466243878006935
