times:
  edit-metadata: 1.5425266325473785
  landing: 0.9188228249549866
  view-data: 3.4978124797344208
