times:
  edit-metadata: 1.5866286978125572
  landing: 0.8376987874507904
  view-data: 3.3336335867643356
