times:
  edit-metadata: 1.3892474323511124
  landing: 0.7383974306285381
  view-data: 3.387062508612871
