times:
  edit-metadata: 2.125949338078499
  landing: 0.9518347233533859
  view-data: 3.457292355597019
