times:
  edit-metadata: 1.485373929142952
  landing: 0.9142751470208168
  view-data: 3.492889367043972
