times:
  edit-metadata: 1.5386350974440575
  landing: 0.9840466678142548
  view-data: 3.4649596959352493
