times:
  edit-metadata: 1.3837020434439182
  landing: 0.8527061454951763
  view-data: 3.3252563923597336
