times:
  edit-metadata: 2.320329502224922
  landing: 1.2264924198389053
  view-data: 3.5282779335975647
