times:
  edit-metadata: 1.5044055208563805
  landing: 0.7141165062785149
  view-data: 3.425389803946018
