times:
  edit-metadata: 1.4601988270878792
  landing: 0.7171687632799149
  view-data: 3.4929872006177902
