times:
  edit-metadata: 1.423836000263691
  landing: 1.105784796178341
  view-data: 3.4223993122577667
