times:
  edit-metadata: 1.4738115593791008
  landing: 0.8265574462711811
  view-data: 3.3578693084418774
