times:
  edit-metadata: 1.4563541114330292
  landing: 0.7922585308551788
  view-data: 3.267310455441475
