times:
  edit-metadata: 1.4540365487337112
  landing: 0.7197281271219254
  view-data: 3.2618701085448265
