times:
  edit-metadata: 1.4281504303216934
  landing: 0.748122401535511
  view-data: 3.5450606495141983
