times:
  edit-metadata: 1.6134878285229206
  landing: 0.7900975421071053
  view-data: 3.3043151386082172
