times:
  edit-metadata: 1.4976502135396004
  landing: 0.7828819081187248
  view-data: 3.3163939639925957
