times:
  edit-metadata: 1.5094712004065514
  landing: 0.8233350291848183
  view-data: 3.3265002593398094
