times:
  edit-metadata: 1.523707926273346
  landing: 0.7409485280513763
  view-data: 3.3612405359745026
