times:
  edit-metadata: 1.4920990504324436
  landing: 0.95339460298419
  view-data: 3.358704809099436
