times:
  edit-metadata: 1.436427503824234
  landing: 0.7157439887523651
  view-data: 3.3755792900919914
