times:
  edit-metadata: 1.3992245346307755
  landing: 0.8156579099595547
  view-data: 3.281842105090618
