times:
  edit-metadata: 1.442603811621666
  landing: 0.7616898939013481
  view-data: 3.464240148663521
