times:
  edit-metadata: 1.4221219271421432
  landing: 0.7908729538321495
  view-data: 3.315842866897583
