times:
  edit-metadata: 1.514791302382946
  landing: 0.705102451145649
  view-data: 3.39668670296669
