times:
  edit-metadata: 1.7049943208694458
  landing: 0.943792536854744
  view-data: 3.3799362927675247
