times:
  edit-metadata: 1.5038111843168736
  landing: 0.7744419611990452
  view-data: 3.3364786095917225
