times:
  edit-metadata: 1.6539303250610828
  landing: 0.8568332977592945
  view-data: 3.274015858769417
