times:
  edit-metadata: 1.52440969273448
  landing: 1.209139123558998
  view-data: 3.262742258608341
