times:
  edit-metadata: 1.3678527176380157
  landing: 0.8383600860834122
  view-data: 3.5010376945137978
