times:
  edit-metadata: 1.3751164674758911
  landing: 0.743776448071003
  view-data: 3.4865773022174835
