times:
  edit-metadata: 1.5020495057106018
  landing: 0.8164137527346611
  view-data: 3.3238222151994705
