times:
  edit-metadata: 1.56360599771142
  landing: 0.9020238071680069
  view-data: 3.3341619819402695
