times:
  edit-metadata: 1.4381839632987976
  landing: 0.7675030119717121
  view-data: 3.2595389634370804
