times:
  edit-metadata: 1.3612971231341362
  landing: 0.8210696205496788
  view-data: 3.341141104698181
