times:
  edit-metadata: 1.5007779374718666
  landing: 0.7875384464859962
  view-data: 3.29970558360219
