times:
  edit-metadata: 1.5828793421387672
  landing: 0.8036853298544884
  view-data: 3.498511604964733
