times:
  edit-metadata: 1.4073862060904503
  landing: 0.8447062820196152
  view-data: 3.459848366677761
