times:
  edit-metadata: 1.718998271971941
  landing: 0.849686861038208
  view-data: 3.3834599666297436
