times:
  edit-metadata: 1.556570164859295
  landing: 0.8670688904821873
  view-data: 3.4102820977568626
