times:
  edit-metadata: 1.4061499536037445
  landing: 0.7119989544153214
  view-data: 3.3068566024303436
