times:
  edit-metadata: 1.4330958351492882
  landing: 0.7350439056754112
  view-data: 3.3101317435503006
