times:
  edit-metadata: 1.5633669346570969
  landing: 0.8189499489963055
  view-data: 3.308882348239422
