times:
  edit-metadata: 1.4057703502476215
  landing: 0.7856605388224125
  view-data: 3.373441308736801
