times:
  edit-metadata: 1.548717275261879
  landing: 0.7728832587599754
  view-data: 3.536124564707279
