times:
  edit-metadata: 1.5066181011497974
  landing: 0.9122764244675636
  view-data: 3.333360977470875
