times:
  edit-metadata: 1.5088446512818336
  landing: 0.6911143213510513
  view-data: 3.4308190122246742
