times:
  edit-metadata: 1.4722212068736553
  landing: 0.8142881728708744
  view-data: 3.390272557735443
