times:
  edit-metadata: 1.3676337003707886
  landing: 0.7421732395887375
  view-data: 3.4898041635751724
