times:
  edit-metadata: 1.477856621146202
  landing: 0.7977923080325127
  view-data: 3.546229302883148
