times:
  edit-metadata: 1.4931767135858536
  landing: 0.7603075057268143
  view-data: 3.5148360431194305
