times:
  edit-metadata: 1.431595079600811
  landing: 0.7217608764767647
  view-data: 3.4475827366113663
