times:
  edit-metadata: 1.564366940408945
  landing: 0.9243313260376453
  view-data: 3.398903924971819
