times:
  edit-metadata: 1.40389608964324
  landing: 0.7825574539601803
  view-data: 3.2940084263682365
