times:
  edit-metadata: 1.4246358834207058
  landing: 0.8199471533298492
  view-data: 3.406576380133629
