times:
  edit-metadata: 1.5238592140376568
  landing: 0.7630470432341099
  view-data: 3.295138169080019
