times:
  edit-metadata: 1.4235401824116707
  landing: 0.7286502048373222
  view-data: 3.475479058921337
