times:
  edit-metadata: 1.3841209970414639
  landing: 0.7394457645714283
  view-data: 3.2936053834855556
