times:
  edit-metadata: 1.4238820597529411
  landing: 0.7843180187046528
  view-data: 3.325943488627672
