times:
  edit-metadata: 1.4980922490358353
  landing: 0.7151848524808884
  view-data: 3.453136555850506
