times:
  edit-metadata: 1.5133531093597412
  landing: 0.734877847135067
  view-data: 3.4720667898654938
