times:
  edit-metadata: 1.4491466581821442
  landing: 0.7576522119343281
  view-data: 3.3689312636852264
