times:
  edit-metadata: 1.4468892067670822
  landing: 0.7298678308725357
  view-data: 3.528384044766426
