times:
  edit-metadata: 1.4305395856499672
  landing: 0.7799444496631622
  view-data: 3.3379405811429024
