times:
  edit-metadata: 1.4742293544113636
  landing: 0.8740226365625858
  view-data: 3.313138872385025
