times:
  edit-metadata: 1.3897433578968048
  landing: 0.7143045216798782
  view-data: 3.3323808386921883
