times:
  edit-metadata: 1.378461368381977
  landing: 0.7593483328819275
  view-data: 3.550734095275402
