times:
  edit-metadata: 1.4281314760446548
  landing: 0.7948427200317383
  view-data: 3.5953703597187996
