times:
  edit-metadata: 1.4659536257386208
  landing: 0.7307828217744827
  view-data: 3.5044005215168
