times:
  edit-metadata: 1.5448848456144333
  landing: 0.7451779432594776
  view-data: 3.27444963529706
