times:
  edit-metadata: 1.7686217278242111
  landing: 0.8744413778185844
  view-data: 3.4451449289917946
