times:
  edit-metadata: 1.449033685028553
  landing: 0.667138509452343
  view-data: 3.469340041279793
