times:
  edit-metadata: 1.4370436668395996
  landing: 0.761000394821167
  view-data: 3.4483704045414925
