times:
  edit-metadata: 1.4617413580417633
  landing: 0.7173310443758965
  view-data: 3.4600550532341003
