times:
  edit-metadata: 1.3833993151783943
  landing: 0.7536792829632759
  view-data: 3.3402551636099815
