times:
  edit-metadata: 1.9758031740784645
  landing: 1.2845738530158997
  view-data: 3.3872115463018417
