times:
  edit-metadata: 1.430393923074007
  landing: 0.7066382244229317
  view-data: 3.2824511118233204
