times:
  edit-metadata: 1.8862346932291985
  landing: 0.871631994843483
  view-data: 3.548217333853245
