times:
  edit-metadata: 1.3882183246314526
  landing: 0.7372610718011856
  view-data: 3.312867656350136
