times:
  edit-metadata: 1.4662707075476646
  landing: 0.6535712257027626
  view-data: 3.4557527899742126
