times:
  edit-metadata: 1.4619045294821262
  landing: 0.963404968380928
  view-data: 0.5438220165669918
