times:
  edit-metadata: 1.7271382212638855
  landing: 0.9504305422306061
  view-data: 3.430090494453907
