times:
  edit-metadata: 1.4392484948039055
  landing: 0.7577063292264938
  view-data: 3.409944549202919
