times:
  edit-metadata: 1.4552817791700363
  landing: 0.8782486990094185
  view-data: 3.5691374465823174
