times:
  edit-metadata: 1.3894354775547981
  landing: 0.7754721790552139
  view-data: 3.529816411435604
