times:
  edit-metadata: 1.5862993821501732
  landing: 0.8135170564055443
  view-data: 3.353943705558777
