times:
  edit-metadata: 1.6934808231890202
  landing: 0.91406624391675
  view-data: 3.3439201414585114
