times:
  edit-metadata: 1.3748294115066528
  landing: 0.718534305691719
  view-data: 3.4335588067770004
