times:
  edit-metadata: 1.4890764653682709
  landing: 0.6671776622533798
  view-data: 3.350161351263523
