times:
  edit-metadata: 1.5246483832597733
  landing: 0.7672271728515625
  view-data: 3.4570353999733925
