times:
  edit-metadata: 1.4470975399017334
  landing: 0.7645088545978069
  view-data: 3.3155557364225388
