times:
  edit-metadata: 1.4159023240208626
  landing: 0.8173884004354477
  view-data: 3.347568057477474
