times:
  edit-metadata: 1.3878652602434158
  landing: 0.6959778070449829
  view-data: 3.4656592309474945
