times:
  edit-metadata: 1.612425807863474
  landing: 0.7952350899577141
  view-data: 3.4725068770349026
