times:
  edit-metadata: 1.7535339035093784
  landing: 1.0551674515008926
  view-data: 3.318519242107868
