times:
  edit-metadata: 1.552744884043932
  landing: 0.8251350857317448
  view-data: 3.2862541414797306
