times:
  edit-metadata: 1.5765056982636452
  landing: 0.8155666068196297
  view-data: 3.550288639962673
