times:
  edit-metadata: 1.4275022745132446
  landing: 0.7636728063225746
  view-data: 3.3448081761598587
