times:
  edit-metadata: 1.4118036851286888
  landing: 0.7177418060600758
  view-data: 3.315642226487398
