times:
  edit-metadata: 1.446163535118103
  landing: 0.7595216855406761
  view-data: 3.474024273455143
