times:
  edit-metadata: 1.520177099853754
  landing: 0.7341465838253498
  view-data: 3.326426587998867
