times:
  edit-metadata: 1.7183947041630745
  landing: 0.8582487739622593
  view-data: 3.4011051319539547
