times:
  edit-metadata: 1.528139851987362
  landing: 0.7267746180295944
  view-data: 3.4465640112757683
