times:
  edit-metadata: 1.4888052716851234
  landing: 0.7729597315192223
  view-data: 3.2843016907572746
