times:
  edit-metadata: 1.435536727309227
  landing: 0.7462118342518806
  view-data: 3.3996706828475
