times:
  edit-metadata: 0.49023516988381743
  landing: 0.06835796823725104
  view-data: 0.21016975305974483
