times:
  edit-metadata: 1.6251783203333616
  landing: 0.21310263313353062
  view-data: 0.2745648082345724
