times:
  edit-metadata: 1.494102532044053
  landing: 0.7828921843320131
  view-data: 3.353009682148695
