times:
  edit-metadata: 1.3694528378546238
  landing: 0.8283703960478306
  view-data: 3.293492127209902
