times:
  edit-metadata: 1.4725803826004267
  landing: 0.8763439953327179
  view-data: 3.4972440749406815
