times:
  edit-metadata: 1.386012688279152
  landing: 0.8332725875079632
  view-data: 3.34713351726532
