times:
  edit-metadata: 1.5234070736914873
  landing: 0.7415683977305889
  view-data: 3.414295770227909
