times:
  edit-metadata: 0.5148320100270212
  landing: 0.05180887901224196
  view-data: 0.21357330586761236
