times:
  edit-metadata: 1.5364032294601202
  landing: 0.7429935876280069
  view-data: 3.431211182847619
