times:
  edit-metadata: 0.5079972008243203
  landing: 0.06426564580760896
  view-data: 0.2107384700793773
