times:
  edit-metadata: 1.473075395449996
  landing: 0.8333406439051032
  view-data: 3.367585872299969
