times:
  edit-metadata: 0.5044108100701123
  landing: 0.06873425398953259
  view-data: 0.20579803292639554
