times:
  edit-metadata: 1.5287140477448702
  landing: 0.9142824029549956
  view-data: 3.2958157183602452
