times:
  edit-metadata: 0.85280589300055
  landing: 0.1114195899999686
  view-data: 0.2389004639999257
