times:
  edit-metadata: 1.478614343330264
  landing: 0.7276492360979319
  view-data: 3.3366513568907976
