times:
  edit-metadata: 2.0007226914167404
  landing: 1.1596223823726177
  view-data: 3.380857579410076
