times:
  edit-metadata: 0.54836570401676
  landing: 0.055375669966451824
  view-data: 0.22353892400860786
