times:
  edit-metadata: 1.4025734327733517
  landing: 0.8579955361783504
  view-data: 3.3139615915715694
