times:
  edit-metadata: 1.3455167260253802
  landing: 0.2849711129674688
  view-data: 0.33709099201951176
