times:
  edit-metadata: 1.4615605883300304
  landing: 1.0995809696614742
  view-data: 3.4197497330605984
