times:
  edit-metadata: 1.500426359474659
  landing: 0.9121565632522106
  view-data: 3.414383005350828
