times:
  edit-metadata: 1.506094329059124
  landing: 0.9615067355334759
  view-data: 3.3945854492485523
