times:
  edit-metadata: 1.2847667895257473
  landing: 0.7397110806778073
  view-data: 3.321747281588614
