times:
  edit-metadata: 1.5196370258927345
  landing: 0.9099897816777229
  view-data: 4.260836325585842
