times:
  edit-metadata: 1.498988214880228
  landing: 0.8173685166984797
  view-data: 3.4464265499264
