times:
  edit-metadata: 1.6285036150366068
  landing: 0.8321877084672451
  view-data: 3.486689243465662
