times:
  edit-metadata: 0.5186491361819208
  landing: 0.045403579948469996
  view-data: 0.22132916492410004
