times:
  edit-metadata: 1.431397246196866
  landing: 0.7303686756640673
  view-data: 3.4250549636781216
