times:
  edit-metadata: 0.5518101658672094
  landing: 0.05198366614058614
  view-data: 0.20578191289678216
