times:
  edit-metadata: 1.5076925717294216
  landing: 0.8068624706938863
  view-data: 3.3742914889007807
