times:
  edit-metadata: 0.5978788219945272
  landing: 0.04668084200238809
  view-data: 0.33890316099859774
