times:
  edit-metadata: 1.5546270422637463
  landing: 0.8399930968880653
  view-data: 3.311922661960125
