times:
  edit-metadata: 0.5014538180548698
  landing: 0.07158661400899291
  view-data: 0.20952599099837244
