times:
  edit-metadata: 1.386139715090394
  landing: 0.743463259190321
  view-data: 3.3015239909291267
