times:
  edit-metadata: 1.6295242384076118
  landing: 0.7679034993052483
  view-data: 3.4984334520995617
