times:
  edit-metadata: 0.5036218157038093
  landing: 0.057629851158708334
  view-data: 0.21544553898274899
