times:
  edit-metadata: 2.4361063335090876
  landing: 1.3802009020000696
  view-data: 3.7004754282534122
