times:
  edit-metadata: 1.5356076639145613
  landing: 0.7148459311574697
  view-data: 3.362154457718134
