times:
  edit-metadata: 1.525431364774704
  landing: 0.6158690061420202
  view-data: 3.343281589448452
