times:
  edit-metadata: 1.5671660918742418
  landing: 0.7111447360366583
  view-data: 3.395864574238658
