times:
  edit-metadata: 0.529628608841449
  landing: 0.04971477808430791
  view-data: 0.21069197705946863
