times:
  edit-metadata: 1.4287204891443253
  landing: 0.8834130652248859
  view-data: 3.3419195860624313
