times:
  edit-metadata: 0.4897848900000099
  landing: 0.060245865999604575
  view-data: 0.21057336799276527
