times:
  edit-metadata: 1.4263980342075229
  landing: 0.7668806174769998
  view-data: 3.417125791311264
