times:
  edit-metadata: 1.9402869567275047
  landing: 0.23575298488140106
  view-data: 0.33842385187745094
