times:
  edit-metadata: 1.9962079939432442
  landing: 1.1353725232183933
  view-data: 3.430447064805776
