times:
  edit-metadata: 1.4448104798793793
  landing: 0.8851315751671791
  view-data: 3.332696110010147
