times:
  edit-metadata: 1.5426881052553654
  landing: 1.0001163519918919
  view-data: 3.4561950527131557
