times:
  edit-metadata: 1.385378371924162
  landing: 0.7953503914177418
  view-data: 3.3253440968692303
