times:
  edit-metadata: 1.4525018348358572
  landing: 0.7959700520150363
  view-data: 3.364255243912339
