times:
  edit-metadata: 1.5836701169610023
  landing: 0.942951612174511
  view-data: 3.411089263856411
