times:
  edit-metadata: 1.4048370607197285
  landing: 0.8298458158969879
  view-data: 3.3187872990965843
