times:
  edit-metadata: 2.0670735957100987
  landing: 1.254712394438684
  view-data: 3.5459955069236457
