times:
  edit-metadata: 0.5843383349711075
  landing: 0.05961395299527794
  view-data: 0.2191996269975789
