times:
  edit-metadata: 1.4041491784155369
  landing: 0.7418147325515747
  view-data: 3.357913054525852
