times:
  edit-metadata: 1.8386975899338722
  landing: 1.021337416023016
  view-data: 3.3399174883961678
