times:
  edit-metadata: 1.4449024088680744
  landing: 0.9571230821311474
  view-data: 3.3901874609291553
