times:
  edit-metadata: 0.5206436361186206
  landing: 0.0623881658539176
  view-data: 0.2295508668757975
