times:
  edit-metadata: 1.6205861996859312
  landing: 0.8675565849989653
  view-data: 3.396066624671221
