times:
  edit-metadata: 1.4330459949560463
  landing: 0.8110029799863696
  view-data: 3.445941710146144
