times:
  edit-metadata: 1.529505431652069
  landing: 0.8831609226763248
  view-data: 3.3792359679937363
