times:
  edit-metadata: 0.5975110350409523
  landing: 0.06908753095194697
  view-data: 0.22113581700250506
