times:
  edit-metadata: 2.189136527478695
  landing: 1.2657497189939022
  view-data: 3.6225784607231617
