times:
  edit-metadata: 1.4488727115094662
  landing: 0.6903661321848631
  view-data: 3.3813527524471283
