times:
  edit-metadata: 1.5232889112085104
  landing: 0.7250919006764889
  view-data: 3.4105587154626846
