times:
  edit-metadata: 0.5873930668458343
  landing: 0.060028340201824903
  view-data: 0.21988969016820192
