times:
  edit-metadata: 1.5658908826299012
  landing: 0.9231498967856169
  view-data: 3.432088135741651
