times:
  edit-metadata: 1.620231807231903
  landing: 0.9563947319984436
  view-data: 3.3818904533982277
