times:
  edit-metadata: 0.5323310710955411
  landing: 0.05648628296330571
  view-data: 0.21578628104180098
