times:
  edit-metadata: 0.583884029998444
  landing: 0.07409323898900766
  view-data: 0.22034023399464786
