times:
  edit-metadata: 0.5417566010728478
  landing: 0.05272252904251218
  view-data: 0.22172186197713017
