times:
  edit-metadata: 0.5169446819927543
  landing: 0.039361112052574754
  view-data: 0.22538246703334153
