times:
  edit-metadata: 1.626405492424965
  landing: 0.8614029297605157
  view-data: 3.386081600561738
