times:
  edit-metadata: 1.498037772020325
  landing: 0.7398669370450079
  view-data: 3.315723996143788
