times:
  edit-metadata: 2.152985249995254
  landing: 0.05264740204438567
  view-data: 0.027545949968043715
