times:
  edit-metadata: 1.4433794654905796
  landing: 0.8129515778273344
  view-data: 3.3654120275750756
