times:
  edit-metadata: 1.5345676420256495
  landing: 1.0453750890446827
  view-data: 3.341258925036527
