times:
  edit-metadata: 1.583453144878149
  landing: 0.7997752372175455
  view-data: 3.4250273797661066
