times:
  edit-metadata: 1.5503495074808598
  landing: 0.8085299357771873
  view-data: 3.3577079735696316
