times:
  edit-metadata: 1.360284622758627
  landing: 0.8541895970702171
  view-data: 3.31880933791399
