times:
  edit-metadata: 1.4398817932233214
  landing: 0.9281493639573455
  view-data: 3.352404336910695
