times:
  edit-metadata: 1.432483483105898
  landing: 0.6623134184628725
  view-data: 3.350460320711136
