times:
  edit-metadata: 0.5769652649760246
  landing: 0.06121958501171321
  view-data: 0.21358764602337033
