times:
  edit-metadata: 1.5288594923913479
  landing: 0.8050883300602436
  view-data: 3.4089232180267572
