times:
  edit-metadata: 1.4760962910950184
  landing: 0.7961269468069077
  view-data: 3.4005610197782516
