times:
  edit-metadata: 1.6426824200898409
  landing: 0.791547529399395
  view-data: 3.433871230110526
