times:
  edit-metadata: 1.411814589984715
  landing: 0.8726352239027619
  view-data: 3.380614333320409
