times:
  edit-metadata: 5.035429500043392
  landing: 1.9006445445120335
  view-data: 3.9348631724715233
