times:
  edit-metadata: 0.6107037470210344
  landing: 0.05193142301868647
  view-data: 0.2137247360078618
