times:
  edit-metadata: 1.4715756149962544
  landing: 0.8219189959345385
  view-data: 3.2932867869967595
