times:
  edit-metadata: 2.151264652609825
  landing: 1.4137596376240253
  view-data: 3.4557289108633995
