times:
  edit-metadata: 0.5061143389903009
  landing: 0.0679021819960326
  view-data: 0.2058794649783522
