times:
  edit-metadata: 0.6777438819408417
  landing: 0.0692314519546926
  view-data: 0.21513753617182374
