times:
  edit-metadata: 0.5738850549096242
  landing: 0.06727316696196795
  view-data: 0.2105126150418073
