times:
  edit-metadata: 0.4923987560905516
  landing: 0.06271892972290516
  view-data: 0.21896669315174222
