times:
  edit-metadata: 1.92149917781353
  landing: 1.0475227031856775
  view-data: 3.7458297424018383
