times:
  edit-metadata: 0.5722002838738263
  landing: 0.08689741510897875
  view-data: 0.26192869804799557
