times:
  edit-metadata: 0.5064957519061863
  landing: 0.10771839902736247
  view-data: 0.251911839004606
