times:
  edit-metadata: 1.4550978429615498
  landing: 0.935294184833765
  view-data: 3.405199510976672
