times:
  edit-metadata: 0.5577006610110402
  landing: 0.06929870508611202
  view-data: 0.2115876441821456
