times:
  edit-metadata: 1.539754819124937
  landing: 3.31535829231143
  view-data: 3.3194733448326588
