times:
  edit-metadata: 0.5310456661973149
  landing: 0.04889473714865744
  view-data: 0.20863805897533894
