times:
  edit-metadata: 1.386641513556242
  landing: 0.9359059222042561
  view-data: 3.3683468401432037
