times:
  edit-metadata: 0.5944918669993058
  landing: 0.048117559985257685
  view-data: 0.21807677508331835
