times:
  edit-metadata: 2.3378182612359524
  landing: 1.2830586526542902
  view-data: 3.4533584602177143
