times:
  edit-metadata: 1.9249889180064201
  landing: 0.9935096465051174
  view-data: 3.4475355967879295
