times:
  edit-metadata: 1.4560711719095707
  landing: 0.8407263206318021
  view-data: 3.372525447048247
