times:
  edit-metadata: 1.5753843076527119
  landing: 0.7663856577128172
  view-data: 3.4517504889518023
