times:
  edit-metadata: 1.491971731185913
  landing: 0.8216269798576832
  view-data: 3.3778479285538197
