times:
  edit-metadata: 0.8105861819349229
  landing: 0.07387222582474351
  view-data: 0.21770412288606167
