times:
  edit-metadata: 0.6093085999891628
  landing: 0.10704175900900736
  view-data: 0.2237493090215139
