times:
  edit-metadata: 0.5395398058462888
  landing: 0.04787278291769326
  view-data: 0.34996514301747084
