times:
  edit-metadata: 1.348789257928729
  landing: 0.6608618386089802
  view-data: 3.3427798990160227
