times:
  edit-metadata: 1.650038453284651
  landing: 6.880630042869598
  view-data: 3.3158360277302563
