times:
  edit-metadata: 0.48526171408593655
  landing: 0.07204209081828594
  view-data: 0.2102671570610255
