times:
  edit-metadata: 1.490908581763506
  landing: 0.8032297007739544
  view-data: 3.4202015977352858
