times:
  edit-metadata: 0.5044104129774496
  landing: 0.07706226105801761
  view-data: 0.21628742897883058
