times:
  edit-metadata: 1.470943782478571
  landing: 0.934306550770998
  view-data: 3.33618913218379
