times:
  edit-metadata: 1.6708112843334675
  landing: 0.872247289866209
  view-data: 3.36615439504385
