times:
  edit-metadata: 2.017654148861766
  landing: 1.4644328374415636
  view-data: 3.445470727980137
