times:
  edit-metadata: 0.5102381249889731
  landing: 0.06299498211592436
  view-data: 0.34468553215265274
