times:
  edit-metadata: 0.5083383759483695
  landing: 0.0635622669942677
  view-data: 0.22457155503798276
