times:
  edit-metadata: 1.419233575463295
  landing: 0.9312196113169193
  view-data: 3.40552506968379
