times:
  edit-metadata: 0.5211025690659881
  landing: 0.05604363395832479
  view-data: 0.20940351206809282
