times:
  edit-metadata: 3.49066530354321
  landing: 1.941437028348446
  view-data: 3.7637286726385355
