times:
  edit-metadata: 1.5312245041131973
  landing: 0.8916505686938763
  view-data: 3.4310953207314014
