times:
  edit-metadata: 1.5233320742845535
  landing: 8.028697166591883
  view-data: 3.338942851871252
