times:
  edit-metadata: 1.4944161623716354
  landing: 0.8536072708666325
  view-data: 3.396659929305315
