times:
  edit-metadata: 0.527719093952328
  landing: 0.05079239699989557
  view-data: 0.21423881710506976
