times:
  edit-metadata: 0.6071992079960182
  landing: 0.06731733097694814
  view-data: 0.22472058999119326
