times:
  edit-metadata: 0.49471894511952996
  landing: 0.05669385800138116
  view-data: 0.21147956000640988
