times:
  edit-metadata: 0.4978720932267606
  landing: 0.07466198783367872
  view-data: 0.2121944590471685
