times:
  edit-metadata: 0.5766706979993614
  landing: 0.05267678200470982
  view-data: 0.21914115000254242
