times:
  edit-metadata: 1.581964759156108
  landing: 0.8690006211400032
  view-data: 3.409812942147255
