times:
  edit-metadata: 1.5824981536716223
  landing: 0.8199498802423477
  view-data: 3.4347421396523714
