times:
  edit-metadata: 1.565119531005621
  landing: 1.0275994874536991
  view-data: 3.3562755156308413
