times:
  edit-metadata: 1.5775650963187218
  landing: 0.9333478715270758
  view-data: 3.3826371021568775
