times:
  edit-metadata: 2.5279418006539345
  landing: 1.511363197118044
  view-data: 3.5512016341090202
