times:
  edit-metadata: 1.584563186392188
  landing: 0.8053301889449358
  view-data: 3.446558004245162
