times:
  edit-metadata: 1.5384334176778793
  landing: 0.7434397097676992
  view-data: 3.4034709110856056
