times:
  edit-metadata: 1.5177464708685875
  landing: 0.7587054651230574
  view-data: 3.3972900956869125
