times:
  edit-metadata: 0.6034659850411117
  landing: 0.047847476322203875
  view-data: 0.21068502869457006
