times:
  edit-metadata: 1.996646873652935
  landing: 0.0340520404279232
  view-data: 0.03155546635389328
