times:
  edit-metadata: 1.5432150103151798
  landing: 0.8605889305472374
  view-data: 3.4096920005977154
