times:
  edit-metadata: 2.004238011315465
  landing: 1.5501152854412794
  view-data: 3.925480332225561
