times:
  edit-metadata: 1.9735117703676224
  landing: 1.110177293419838
  view-data: 3.443008579313755
