times:
  edit-metadata: 0.7987523963674903
  landing: 0.10697579104453325
  view-data: 0.2647538986057043
