times:
  edit-metadata: 1.3217703625559807
  landing: 0.7291869185864925
  view-data: 3.2649206034839153
