times:
  edit-metadata: 1.4783608317375183
  landing: 0.8696245569735765
  view-data: 3.3953932859003544
