times:
  edit-metadata: 0.6498191420105286
  landing: 0.0670452699996531
  view-data: 0.2566617399570532
