times:
  edit-metadata: 0.592833174043335
  landing: 0.04930174699984491
  view-data: 0.23104850901290774
