times:
  edit-metadata: 0.5243282900191844
  landing: 0.056177821941673756
  view-data: 0.20439436985179782
