times:
  edit-metadata: 0.5522237301338464
  landing: 0.04888918390497565
  view-data: 0.2110133869573474
