times:
  edit-metadata: 1.4261167459189892
  landing: 0.7577335089445114
  view-data: 3.334714401513338
