times:
  edit-metadata: 1.4807098163291812
  landing: 0.7490039095282555
  view-data: 3.3238827204331756
