times:
  edit-metadata: 0.6192763340077363
  landing: 0.0799935499962885
  view-data: 0.2156172700051684
