times:
  edit-metadata: 1.7956175152212381
  landing: 0.798049358651042
  view-data: 3.50714342482388
