times:
  edit-metadata: 1.4961053542792797
  landing: 0.7374929673969746
  view-data: 3.381008854135871
