times:
  edit-metadata: 0.6128123109810986
  landing: 0.06511446999502368
  view-data: 0.21640693600056693
