times:
  edit-metadata: 0.5165409209439531
  landing: 0.06970324297435582
  view-data: 0.3526357270311564
