times:
  edit-metadata: 1.657758928835392
  landing: 1.072653528302908
  view-data: 3.504090167582035
