times:
  edit-metadata: 0.7154611111618578
  landing: 0.0515454369597137
  view-data: 0.2107695611193776
