times:
  edit-metadata: 1.3990535736083984
  landing: 0.8418555669486523
  view-data: 3.3477387204766273
