times:
  edit-metadata: 1.6545931342989206
  landing: 0.8183576129376888
  view-data: 3.403595956042409
