times:
  edit-metadata: 1.5267419926822186
  landing: 0.8767089266330004
  view-data: 3.4160819593816996
