times:
  edit-metadata: 0.7509787138551474
  landing: 0.05905750300735235
  view-data: 0.3054741322994232
