times:
  edit-metadata: 1.4782367220614105
  landing: 0.8522591500077397
  view-data: 3.3300010559614748
