times:
  edit-metadata: 0.5105803550104611
  landing: 0.07007977302419022
  view-data: 0.2124624580028467
