times:
  edit-metadata: 1.539989162236452
  landing: 0.832887502387166
  view-data: 3.418312741443515
