times:
  edit-metadata: 1.534561462700367
  landing: 0.8169515132904053
  view-data: 3.4001681245863438
