times:
  edit-metadata: 1.6583322025835514
  landing: 1.0329748950898647
  view-data: 3.429239258170128
