times:
  edit-metadata: 1.5353459119796753
  landing: 0.802474781870842
  view-data: 3.4465628266334534
