times:
  edit-metadata: 1.742321204394102
  landing: 0.9164732471108437
  view-data: 3.3381782695651054
