times:
  edit-metadata: 1.3027585120871663
  landing: 0.8197318837046623
  view-data: 3.356161958537996
