times:
  edit-metadata: 1.625815812498331
  landing: 0.9763892106711864
  view-data: 3.3970676325261593
