times:
  edit-metadata: 1.72083034273237
  landing: 1.1355290180072188
  view-data: 3.4501166669651866
