times:
  edit-metadata: 1.5336736533790827
  landing: 0.7873097285628319
  view-data: 3.398558283224702
