times:
  edit-metadata: 1.7342504635453224
  landing: 0.9764076881110668
  view-data: 3.422220915555954
