times:
  edit-metadata: 1.3265337469056249
  landing: 0.7373440554365516
  view-data: 3.2578744990751147
