times:
  edit-metadata: 1.442134235985577
  landing: 0.7343390427995473
  view-data: 3.308070538099855
