times:
  edit-metadata: 1.4613569676876068
  landing: 0.8582811132073402
  view-data: 3.324521232396364
