times:
  edit-metadata: 1.439016718417406
  landing: 0.7691067373380065
  view-data: 3.394899603910744
