times:
  edit-metadata: 1.4537969902157784
  landing: 0.9045155756175518
  view-data: 3.4180696047842503
