times:
  edit-metadata: 2.4887513425201178
  landing: 1.08695824816823
  view-data: 3.6861517932265997
