times:
  edit-metadata: 2.321824360638857
  landing: 1.2498853541910648
  view-data: 4.142938856035471
