times:
  edit-metadata: 0.5206744319293648
  landing: 0.0470036338083446
  view-data: 0.21118868608027697
