times:
  edit-metadata: 1.495699705556035
  landing: 0.7474526986479759
  view-data: 3.3868727907538414
