times:
  edit-metadata: 0.5066834730096161
  landing: 0.07114474102854729
  view-data: 0.213746182853356
