times:
  edit-metadata: 1.4883745666593313
  landing: 0.9390815841034055
  view-data: 3.394838764332235
