times:
  edit-metadata: 1.4320339979603887
  landing: 0.7523568710312247
  view-data: 3.343532535014674
