times:
  edit-metadata: 1.461316192522645
  landing: 0.8721904773265123
  view-data: 3.3513999925926328
