times:
  edit-metadata: 1.4303536266088486
  landing: 0.7031858786940575
  view-data: 3.306486427783966
