times:
  edit-metadata: 0.5006065820343792
  landing: 0.06450663402210921
  view-data: 0.20914816402364522
