times:
  edit-metadata: 1.4576771594583988
  landing: 0.8594570532441139
  view-data: 3.3253851644694805
