times:
  edit-metadata: 1.464140729047358
  landing: 0.8066787691786885
  view-data: 3.36100007686764
