times:
  edit-metadata: 1.4255436370149255
  landing: 0.8351290461141616
  view-data: 3.360173193970695
