times:
  edit-metadata: 1.3602769542485476
  landing: 0.7994467886164784
  view-data: 3.3661030819639564
