times:
  edit-metadata: 0.5237096600176301
  landing: 0.047777789004612714
  view-data: 0.2146367369859945
