times:
  edit-metadata: 1.526631224900484
  landing: 0.8331451378762722
  view-data: 3.4091067910194397
