times:
  edit-metadata: 0.6107555879862048
  landing: 0.07245547394268215
  view-data: 0.2288622179767117
