times:
  edit-metadata: 1.4865581765770912
  landing: 0.7452761861495674
  view-data: 3.3596218712627888
