times:
  edit-metadata: 0.5057194619439542
  landing: 0.05906432296615094
  view-data: 0.21244878799188882
