times:
  edit-metadata: 1.6058578565716743
  landing: 0.8674484267830849
  view-data: 3.410848658531904
