times:
  edit-metadata: 1.5451804678887129
  landing: 0.7645059302449226
  view-data: 3.3828168604522943
