times:
  edit-metadata: 0.6680741699819919
  landing: 0.1007782579981722
  view-data: 0.33056401897920296
