times:
  edit-metadata: 1.8836743794381618
  landing: 1.0886246878653765
  view-data: 3.4196756687015295
