times:
  edit-metadata: 2.8371614180505276
  landing: 1.5548656694591045
  view-data: 3.3976669423282146
