times:
  edit-metadata: 0.48396012000739574
  landing: 0.07167988899163902
  view-data: 0.2182324209716171
