times:
  edit-metadata: 1.5213228799402714
  landing: 0.8795859850943089
  view-data: 3.4079529009759426
