times:
  edit-metadata: 0.5931788850575686
  landing: 0.052628916688263416
  view-data: 0.22669403487816453
