times:
  edit-metadata: 1.69202527590096
  landing: 0.1805552039295435
  view-data: 0.39980997517704964
