times:
  edit-metadata: 1.2712813110556453
  landing: 0.7617400430608541
  view-data: 3.3029342291411012
