times:
  edit-metadata: 1.4421530598774552
  landing: 0.7614721329882741
  view-data: 3.3608887949958444
