times:
  edit-metadata: 1.5474161189049482
  landing: 0.7979227229952812
  view-data: 3.415967669337988
