times:
  edit-metadata: 0.4998951769666746
  landing: 0.07197551394347101
  view-data: 0.21803407196421176
