times:
  edit-metadata: 1.461898472160101
  landing: 0.9210867956280708
  view-data: 3.338380314409733
