times:
  edit-metadata: 1.7530318833887577
  landing: 1.0092989653348923
  view-data: 3.436847746372223
