times:
  edit-metadata: 0.5616685670102015
  landing: 0.05564643599791452
  view-data: 0.24118207400897518
