times:
  edit-metadata: 1.5039434246718884
  landing: 0.8037016298621893
  view-data: 3.420482901856303
