times:
  edit-metadata: 1.5824211947619915
  landing: 1.0294791348278522
  view-data: 3.3646097891032696
