times:
  edit-metadata: 1.4143962655216455
  landing: 0.7681300435215235
  view-data: 3.417799617163837
