times:
  edit-metadata: 1.4411011412739754
  landing: 0.9127623625099659
  view-data: 3.4320784360170364
