times:
  edit-metadata: 1.6022275350987911
  landing: 1.0708752572536469
  view-data: 3.503393493592739
