times:
  edit-metadata: 1.7168083041906357
  landing: 1.1326418295502663
  view-data: 3.4589403718709946
