times:
  edit-metadata: 1.4573228769004345
  landing: 0.8890515007078648
  view-data: 3.3807985857129097
