times:
  edit-metadata: 0.5218617860227823
  landing: 0.05561133101582527
  view-data: 0.2132457890547812
