times:
  edit-metadata: 0.5243048269767314
  landing: 0.06708511896431446
  view-data: 0.20927993394434452
