times:
  edit-metadata: 1.3724126210436225
  landing: 3.0048209093511105
  view-data: 3.3645727378316224
