times:
  edit-metadata: 1.5940465275198221
  landing: 0.7534268479794264
  view-data: 3.418572524562478
