times:
  edit-metadata: 1.9728944152593613
  landing: 1.5110481567680836
  view-data: 3.4960457794368267
