times:
  edit-metadata: 1.4352697799913585
  landing: 0.8805878199636936
  view-data: 3.3778957072645426
