times:
  edit-metadata: 1.9181986525654793
  landing: 1.351289477199316
  view-data: 3.795893743634224
