times:
  edit-metadata: 1.5514827333390713
  landing: 1.1028195153921843
  view-data: 3.4963859524577856
