times:
  edit-metadata: 1.6727672461420298
  landing: 0.8713129889219999
  view-data: 3.492046819999814
