times:
  edit-metadata: 0.7277401089668274
  landing: 0.1272742860019207
  view-data: 0.26852646889165044
