times:
  edit-metadata: 0.5291537619195879
  landing: 0.04847727797459811
  view-data: 0.21301756193861365
