times:
  edit-metadata: 0.49386676284484565
  landing: 0.07118997094221413
  view-data: 0.20826797396875918
