times:
  edit-metadata: 0.5704874200746417
  landing: 0.05688069714233279
  view-data: 0.21427513239905238
