times:
  edit-metadata: 1.4178407294675708
  landing: 0.8328958945348859
  view-data: 3.3714048294350505
