times:
  edit-metadata: 0.6175291119725443
  landing: 0.11243204300990328
  view-data: 0.2674015570082702
