times:
  edit-metadata: 0.5998847869923338
  landing: 0.03981301299063489
  view-data: 0.21904921595705673
