times:
  edit-metadata: 1.4593068130780011
  landing: 0.9621095540933311
  view-data: 3.381860584951937
