times:
  edit-metadata: 0.6303314091637731
  landing: 0.06291563669219613
  view-data: 0.2414265782572329
