times:
  edit-metadata: 2.330940606072545
  landing: 1.2053331397473812
  view-data: 3.681479673832655
