times:
  edit-metadata: 1.3710745573043823
  landing: 0.7135191820561886
  view-data: 3.402670994400978
