times:
  edit-metadata: 1.4194501377642155
  landing: 0.8645723462104797
  view-data: 3.3619700856506824
