times:
  edit-metadata: 0.5830368170281872
  landing: 0.04717639705631882
  view-data: 0.20828127302229404
