times:
  edit-metadata: 1.5287155471742153
  landing: 0.8682372756302357
  view-data: 3.4344368875026703
