times:
  edit-metadata: 1.3941648826003075
  landing: 0.8699388988316059
  view-data: 3.3385933451354504
