times:
  edit-metadata: 1.621391948312521
  landing: 1.029714897274971
  view-data: 3.3579316399991512
