times:
  edit-metadata: 1.4276019372045994
  landing: 0.9160085413604975
  view-data: 3.351292237639427
