times:
  edit-metadata: 1.6065265089273453
  landing: 0.931583896279335
  view-data: 3.4159797616302967
