times:
  edit-metadata: 1.7160345315933228
  landing: 7.610010400414467
  view-data: 3.4053412787616253
