times:
  edit-metadata: 3.0640769004821777
  landing: 1.5965189915150404
  view-data: 3.82429220713675
