times:
  edit-metadata: 1.6615973375737667
  landing: 0.9277591556310654
  view-data: 3.3678398951888084
