times:
  edit-metadata: 0.5217200571205467
  landing: 0.06610561604611576
  view-data: 0.22198162507265806
