times:
  edit-metadata: 1.7446090318262577
  landing: 1.1548773273825645
  view-data: 3.3613342978060246
