times:
  edit-metadata: 1.5608990080654621
  landing: 0.8373993001878262
  view-data: 3.429320177063346
