times:
  edit-metadata: 0.5348448008298874
  landing: 0.052043949253857136
  view-data: 0.20478473789989948
