times:
  edit-metadata: 1.6627202071249485
  landing: 0.8701053075492382
  view-data: 3.4722012374550104
