times:
  edit-metadata: 1.3778729639016092
  landing: 0.7923228717409074
  view-data: 3.3475126628763974
