times:
  edit-metadata: 1.5210760720074177
  landing: 0.8411162253469229
  view-data: 3.4377031456679106
