times:
  edit-metadata: 1.6450537145137787
  landing: 0.8473871536552906
  view-data: 3.4129468947649
