times:
  edit-metadata: 1.4845582395792007
  landing: 0.9199027754366398
  view-data: 3.3392161801457405
