times:
  edit-metadata: 1.6346024069935083
  landing: 0.7334904097951949
  view-data: 3.4641038519330323
