times:
  edit-metadata: 1.7202689247205853
  landing: 1.743333823978901
  view-data: 3.4290016684681177
