times:
  edit-metadata: 0.7136036750016501
  landing: 0.07109159799438203
  view-data: 0.22827528700145194
