times:
  edit-metadata: 0.5465207989909686
  landing: 0.05162276799092069
  view-data: 0.2170841930201277
