times:
  edit-metadata: 2.373882096260786
  landing: 1.268343286588788
  view-data: 3.5015774443745613
