times:
  edit-metadata: 0.5044520350638777
  landing: 0.0661526860203594
  view-data: 0.2316663300152868
