times:
  edit-metadata: 1.523949301976245
  landing: 0.020144965033978224
  view-data: 0.023017150990199298
