times:
  edit-metadata: 1.608278103172779
  landing: 0.9935950934886932
  view-data: 3.46221199631691
