times:
  edit-metadata: 0.601759972050786
  landing: 0.05588565720245242
  view-data: 0.46713381074368954
