times:
  edit-metadata: 1.5411334990058094
  landing: 0.8685307840351015
  view-data: 3.3756223148666322
