times:
  edit-metadata: 1.720215205103159
  landing: 20.357299283146858
  view-data: 3.4070706963539124
