times:
  edit-metadata: 1.6806039661169052
  landing: 0.9499290995299816
  view-data: 3.3656698279082775
