times:
  edit-metadata: 1.4310117941349745
  landing: 0.904225530102849
  view-data: 3.539267380721867
