times:
  edit-metadata: 1.5490559302270412
  landing: 0.7800658978521824
  view-data: 3.4553126953542233
