times:
  edit-metadata: 1.5407907627522945
  landing: 0.703146431595087
  view-data: 3.359802231192589
