times:
  edit-metadata: 1.565373357385397
  landing: 0.7629217077046633
  view-data: 3.397876124829054
