times:
  edit-metadata: 1.651929894927889
  landing: 0.9147912249900401
  view-data: 3.281861857045442
