times:
  edit-metadata: 0.5836988710798323
  landing: 0.08993918704800308
  view-data: 0.2539382299873978
