times:
  edit-metadata: 0.8516956041567028
  landing: 0.08166989078745246
  view-data: 0.21385317016392946
