times:
  edit-metadata: 0.7255788980983198
  landing: 0.07028139103204012
  view-data: 0.32163403695449233
