times:
  edit-metadata: 1.0216168640181422
  landing: 0.07200323371216655
  view-data: 0.21400541113689542
