times:
  edit-metadata: 1.8600748609751463
  landing: 1.0287733301520348
  view-data: 3.4298522789031267
