times:
  edit-metadata: 1.5317306590732187
  landing: 0.8835233540739864
  view-data: 3.3728771889582276
