times:
  edit-metadata: 0.5982231060042977
  landing: 0.04214694898109883
  view-data: 0.22581297002034262
