times:
  edit-metadata: 1.7425060281530023
  landing: 0.8213677257299423
  view-data: 3.3558439053595066
