times:
  edit-metadata: 2.2930945586413145
  landing: 1.1121446443721652
  view-data: 3.39927195943892
