times:
  edit-metadata: 0.5735069466754794
  landing: 0.06730445893481374
  view-data: 0.20309032127261162
