times:
  edit-metadata: 1.559227142482996
  landing: 0.780625456944108
  view-data: 3.4350658375769854
