times:
  edit-metadata: 1.6160650830715895
  landing: 0.875116104260087
  view-data: 3.4150173664093018
