times:
  edit-metadata: 0.49706819001585245
  landing: 0.06020617298781872
  view-data: 0.2105788430199027
