times:
  edit-metadata: 1.3574168886989355
  landing: 0.7139623332768679
  view-data: 3.328342145308852
