times:
  edit-metadata: 0.5896742929999164
  landing: 0.06218946399985725
  view-data: 0.2218140120003227
