times:
  edit-metadata: 1.5249053072184324
  landing: 0.6973569113761187
  view-data: 3.317584862932563
