times:
  edit-metadata: 1.535429272800684
  landing: 0.8135919254273176
  view-data: 3.4417116828262806
