times:
  edit-metadata: 0.49248933501075953
  landing: 0.05918229196686298
  view-data: 0.21293851896189153
