times:
  edit-metadata: 0.5850130561739206
  landing: 0.13877961412072182
  view-data: 0.2951197596266866
