times:
  edit-metadata: 0.862324140034616
  landing: 0.11671566171571612
  view-data: 0.3251549191772938
