times:
  edit-metadata: 1.5522494986653328
  landing: 0.6650762856006622
  view-data: 3.4025147911161184
