times:
  edit-metadata: 1.483837939798832
  landing: 0.8150503262877464
  view-data: 3.344757743179798
