times:
  edit-metadata: 1.6289634481072426
  landing: 0.9123870953917503
  view-data: 3.4727522879838943
