times:
  edit-metadata: 0.5306515309493989
  landing: 0.041564819985069335
  view-data: 0.20942755497526377
