times:
  edit-metadata: 1.801686517894268
  landing: 1.5038896445184946
  view-data: 3.7840864434838295
