times:
  edit-metadata: 1.9616027995944023
  landing: 1.169544119387865
  view-data: 3.3665491864085197
