times:
  edit-metadata: 3.232693672180176
  landing: 1.684160316362977
  view-data: 3.5601621568202972
