times:
  edit-metadata: 1.4454693421721458
  landing: 0.8404440246522427
  view-data: 3.4326827228069305
