times:
  edit-metadata: 1.562590528279543
  landing: 1.0075386203825474
  view-data: 3.4405667185783386
