times:
  edit-metadata: 1.5316583383828402
  landing: 0.8062120117247105
  view-data: 3.40870881639421
