times:
  edit-metadata: 1.552115747705102
  landing: 0.727957708761096
  view-data: 3.65054040402174
