times:
  edit-metadata: 0.5277900700457394
  landing: 0.054627582896500826
  view-data: 0.2048507269937545
