times:
  edit-metadata: 1.4404784254729748
  landing: 0.7122179009020329
  view-data: 3.3188022039830685
