times:
  edit-metadata: 2.1494108755141497
  landing: 1.282407509163022
  view-data: 3.455662541091442
