times:
  edit-metadata: 2.462937392294407
  landing: 1.3780943062156439
  view-data: 3.7635090816766024
