times:
  edit-metadata: 1.7820246797055006
  landing: 0.9928929749876261
  view-data: 3.7325812932103872
