times:
  edit-metadata: 1.4303934685885906
  landing: 0.7715080045163631
  view-data: 3.696055728942156
