times:
  edit-metadata: 1.561775988084264
  landing: 0.7751079039881006
  view-data: 3.3810390670550987
