times:
  edit-metadata: 0.5076718299969798
  landing: 0.06842649699683534
  view-data: 0.20644512199942255
