times:
  edit-metadata: 1.5272780805826187
  landing: 0.7272915281355381
  view-data: 3.290270160883665
