times:
  edit-metadata: 1.5947952510323375
  landing: 0.811991604976356
  view-data: 3.301979400916025
