times:
  edit-metadata: 2.9570076568052173
  landing: 1.8961994983255863
  view-data: 3.7527600722387433
