times:
  edit-metadata: 1.5889690928161144
  landing: 0.7785552106797695
  view-data: 3.3917532935738564
