times:
  edit-metadata: 1.3731222273781896
  landing: 0.761472855694592
  view-data: 3.3702488569542766
