times:
  edit-metadata: 0.5136455910396762
  landing: 0.06431070197140798
  view-data: 0.2190653130528517
