times:
  edit-metadata: 1.4269140819087625
  landing: 0.8245079452171922
  view-data: 3.3322351314127445
