times:
  edit-metadata: 1.8532436452805996
  landing: 1.2216813173145056
  view-data: 3.5970411859452724
