times:
  edit-metadata: 1.4512213692069054
  landing: 0.8370412364602089
  view-data: 3.3642472997307777
