times:
  edit-metadata: 1.609994163736701
  landing: 0.8560185600072145
  view-data: 3.4224068876355886
