times:
  edit-metadata: 1.6449887566268444
  landing: 0.7347634918987751
  view-data: 3.3148267716169357
