times:
  edit-metadata: 1.434388842084445
  landing: 0.8075806760462001
  view-data: 3.2639993579359725
