times:
  edit-metadata: 1.6898765079677105
  landing: 0.9698335863649845
  view-data: 3.4788866713643074
