times:
  edit-metadata: 1.5144050745293498
  landing: 0.7694934699684381
  view-data: 3.406494771130383
