times:
  edit-metadata: 1.330283485352993
  landing: 0.7344830110669136
  view-data: 3.3027121126651764
