times:
  edit-metadata: 2.00650124065578
  landing: 0.7796001508831978
  view-data: 3.3387990365736187
