times:
  edit-metadata: 1.572109505534172
  landing: 0.8271353654563427
  view-data: 3.4339305199682713
