times:
  edit-metadata: 0.580665857065469
  landing: 0.0654565398581326
  view-data: 0.30073069781064987
