times:
  edit-metadata: 0.6709636859595776
  landing: 0.06695139082148671
  view-data: 0.21061670500785112
