times:
  edit-metadata: 1.393608824815601
  landing: 0.886864593019709
  view-data: 3.369362108875066
