times:
  edit-metadata: 1.8971530040726066
  landing: 0.021864096634089947
  view-data: 0.12489145714789629
