times:
  edit-metadata: 1.534492190927267
  landing: 0.7636069506406784
  view-data: 3.3903510719537735
