times:
  edit-metadata: 2.048231963068247
  landing: 0.13656283728778362
  view-data: 0.2600373215973377
