times:
  edit-metadata: 1.408596401102841
  landing: 0.7676662071608007
  view-data: 3.3757996689528227
