times:
  edit-metadata: 1.8873470863327384
  landing: 0.020850155502557755
  view-data: 0.03110401052981615
