times:
  edit-metadata: 1.2537755016237497
  landing: 0.11779290810227394
  view-data: 0.36486156983301044
