times:
  edit-metadata: 2.039562923833728
  landing: 0.13491109013557434
  view-data: 0.02606927417218685
