times:
  edit-metadata: 1.4432166926562786
  landing: 0.9742655847221613
  view-data: 3.4035841319710016
