times:
  edit-metadata: 1.4705521650612354
  landing: 0.8607483264058828
  view-data: 3.437950473278761
