times:
  edit-metadata: 1.464575651101768
  landing: 0.8646175116300583
  view-data: 3.431474435608834
