times:
  edit-metadata: 1.3621903639286757
  landing: 0.8389054546132684
  view-data: 3.412839720956981
