times:
  edit-metadata: 0.9946227520704269
  landing: 0.0443404798861593
  view-data: 0.2543180549982935
