times:
  edit-metadata: 2.041057961061597
  landing: 0.020383138209581375
  view-data: 0.36858788691461086
