times:
  edit-metadata: 2.0863447738811374
  landing: 0.21637322381138802
  view-data: 0.12125232815742493
