times:
  edit-metadata: 1.5317328739911318
  landing: 0.8469875436276197
  view-data: 3.5038382690399885
