times:
  edit-metadata: 2.049980222247541
  landing: 0.147128377109766
  view-data: 0.027437393553555012
