times:
  edit-metadata: 1.5527534456923604
  landing: 0.9120484292507172
  view-data: 3.4797183042392135
