times:
  edit-metadata: 1.971426272764802
  landing: 0.020705489441752434
  view-data: 0.0987098952755332
