times:
  edit-metadata: 2.2952604796737432
  landing: 0.1352484580129385
  view-data: 0.40849618799984455
