times:
  edit-metadata: 1.1522532850503922
  landing: 0.03791691642254591
  view-data: 0.2474238919094205
