times:
  edit-metadata: 1.8853531498461962
  landing: 0.02254376094788313
  view-data: 0.026756834238767624
