times:
  edit-metadata: 1.7109541278332472
  landing: 0.8135566748678684
  view-data: 3.389770358800888
