times:
  edit-metadata: 1.428121971897781
  landing: 0.8350528120063245
  view-data: 3.390130631159991
