times:
  edit-metadata: 5.917109705507755
  landing: 0.44747539795935154
  view-data: 0.8250993331894279
