times:
  edit-metadata: 1.3395501549821347
  landing: 0.6976674809120595
  view-data: 3.366354296915233
