times:
  edit-metadata: 1.5240916591137648
  landing: 0.8509265761822462
  view-data: 3.3997117653489113
