times:
  edit-metadata: 2.0672396887093782
  landing: 0.20898158848285675
  view-data: 0.023499468341469765
