times:
  edit-metadata: 1.4026289284229279
  landing: 0.809153214097023
  view-data: 3.367852058261633
