times:
  edit-metadata: 1.4235130585730076
  landing: 0.805017713457346
  view-data: 3.283694427460432
