times:
  edit-metadata: 1.5087862871587276
  landing: 0.8012662045657635
  view-data: 3.2882108464837074
