times:
  edit-metadata: 1.4487151429057121
  landing: 0.8212657533586025
  view-data: 3.2863004989922047
