times:
  edit-metadata: 1.366344933398068
  landing: 0.02016594260931015
  view-data: 0.11972866859287024
