times:
  edit-metadata: 0.9867165144532919
  landing: 0.0725753391161561
  view-data: 0.36972102522850037
