times:
  edit-metadata: 1.1088509429246187
  landing: 0.04404110321775079
  view-data: 0.30438096076250076
