times:
  edit-metadata: 2.0581705290824175
  landing: 0.18756792321801186
  view-data: 0.30744885094463825
