times:
  edit-metadata: 2.114812659099698
  landing: 0.021681392565369606
  view-data: 0.35152935795485973
