times:
  edit-metadata: 2.4768588542938232
  landing: 1.2591029591858387
  view-data: 4.120368350297213
