times:
  edit-metadata: 1.4972955421544611
  landing: 1.0457494989968836
  view-data: 3.3822895721532404
