times:
  edit-metadata: 2.4162578620016575
  landing: 0.9899313673377037
  view-data: 3.6039057094603777
