times:
  edit-metadata: 1.5935172475874424
  landing: 0.8468533027917147
  view-data: 3.4154399186372757
