times:
  edit-metadata: 1.554785018786788
  landing: 0.8801925107836723
  view-data: 4.993186432868242
