times:
  edit-metadata: 1.8796496111899614
  landing: 0.8612842168658972
  view-data: 3.3894378934055567
