times:
  edit-metadata: 1.4115023538470268
  landing: 0.8384487153962255
  view-data: 3.4027292989194393
