times:
  edit-metadata: 1.95467215962708
  landing: 0.019573237746953964
  view-data: 0.1305903187021613
