times:
  edit-metadata: 1.4693285562098026
  landing: 0.8800940224900842
  view-data: 3.4197488939389586
