times:
  edit-metadata: 1.5424427650868893
  landing: 0.9083570241928101
  view-data: 3.346318118274212
