times:
  edit-metadata: 1.4975345907732844
  landing: 0.9145276783965528
  view-data: 3.417370736133307
