times:
  edit-metadata: 1.0142008229158819
  landing: 0.0631686788983643
  view-data: 0.255731153069064
