times:
  edit-metadata: 1.9327578954398632
  landing: 0.020924429409205914
  view-data: 0.026484991423785686
