times:
  edit-metadata: 1.5641792826354504
  landing: 0.9723915942013264
  view-data: 3.383968874812126
