times:
  edit-metadata: 0.9834750038571656
  landing: 0.04136957973241806
  view-data: 0.23825879534706473
