times:
  edit-metadata: 0.9885740299941972
  landing: 0.044036495964974165
  view-data: 0.2872904799878597
