times:
  edit-metadata: 1.5483652204275131
  landing: 0.7918754629790783
  view-data: 3.409963481128216
