times:
  edit-metadata: 1.375676702708006
  landing: 0.9340469911694527
  view-data: 3.3289393186569214
