times:
  edit-metadata: 1.993686106055975
  landing: 0.021904680877923965
  view-data: 0.022846010513603687
