times:
  edit-metadata: 1.6828761957585812
  landing: 0.9808574244379997
  view-data: 3.491399532184005
