times:
  edit-metadata: 1.6622635796666145
  landing: 1.0011986531317234
  view-data: 3.381954587996006
