times:
  edit-metadata: 1.0118262274190784
  landing: 0.07678580190986395
  view-data: 0.27185796294361353
