times:
  edit-metadata: 1.5252022575587034
  landing: 0.8965877424925566
  view-data: 3.3815284203737974
