times:
  edit-metadata: 1.3833824852481484
  landing: 0.8659340650774539
  view-data: 3.399176051374525
