times:
  edit-metadata: 1.5221311375498772
  landing: 0.7796679399907589
  view-data: 3.3620044719427824
