times:
  edit-metadata: 1.539189524948597
  landing: 0.973502486012876
  view-data: 3.426967417821288
