times:
  edit-metadata: 0.9959960319974925
  landing: 0.07123891400260618
  view-data: 0.23966555400693323
