times:
  edit-metadata: 0.9738305346108973
  landing: 0.042114751879125834
  view-data: 0.2892010468058288
