times:
  edit-metadata: 1.8562692813575268
  landing: 1.0258607268333435
  view-data: 3.3754891268908978
