times:
  edit-metadata: 2.0488036535680294
  landing: 0.01935839280486107
  view-data: 0.025337964296340942
