times:
  edit-metadata: 0.48431148938834667
  landing: 0.04355905018746853
  view-data: 0.1927737444639206
