times:
  edit-metadata: 2.268614688888192
  landing: 0.024016765877604485
  view-data: 0.12856485322117805
