times:
  edit-metadata: 2.099438115954399
  landing: 0.021235207095742226
  view-data: 0.257383543998003
