times:
  edit-metadata: 1.5080524682998657
  landing: 0.9390711132436991
  view-data: 3.43120751157403
