times:
  edit-metadata: 1.0085620230529457
  landing: 0.06947397789917886
  view-data: 0.24423581082373857
