times:
  edit-metadata: 1.9484671466052532
  landing: 0.12135727982968092
  view-data: 0.1289311069995165
