times:
  edit-metadata: 1.9153139479458332
  landing: 0.020649568177759647
  view-data: 0.09975826367735863
