times:
  edit-metadata: 0.9611557259922847
  landing: 0.04542085505090654
  view-data: 0.2851298979949206
