times:
  edit-metadata: 2.0389894023537636
  landing: 0.02326218131929636
  view-data: 0.02382933348417282
