times:
  edit-metadata: 1.380478121805936
  landing: 0.7948508700355887
  view-data: 3.3808777080848813
