times:
  edit-metadata: 1.5479595176875591
  landing: 1.1207417622208595
  view-data: 3.3572230711579323
