times:
  edit-metadata: 1.9289603615179658
  landing: 0.020743616856634617
  view-data: 0.12310646381229162
