times:
  edit-metadata: 1.7142503093928099
  landing: 1.1885044127702713
  view-data: 3.5562322922050953
