times:
  edit-metadata: 1.5735270865261555
  landing: 0.7928245719522238
  view-data: 3.4070839043706656
