times:
  edit-metadata: 2.3398260325193405
  landing: 0.02191823534667492
  view-data: 0.3561504930257797
