times:
  edit-metadata: 1.582720022648573
  landing: 0.9708993099629879
  view-data: 3.4259200990200043
