times:
  edit-metadata: 1.3643082370981574
  landing: 0.8278104308992624
  view-data: 3.3934429232031107
