times:
  edit-metadata: 1.9194735242053866
  landing: 0.02204466611146927
  view-data: 0.02312486059963703
