times:
  edit-metadata: 2.249280236661434
  landing: 0.13438375294208527
  view-data: 0.34632789716124535
