times:
  edit-metadata: 1.5124411300057545
  landing: 0.8427239559823647
  view-data: 3.3588900710456073
