times:
  edit-metadata: 1.3051041215658188
  landing: 0.018560015596449375
  view-data: 0.12436885386705399
