times:
  edit-metadata: 1.3907567113637924
  landing: 0.8977959472686052
  view-data: 3.351587599143386
