times:
  edit-metadata: 1.4526188224554062
  landing: 0.9345102943480015
  view-data: 3.359484475106001
