times:
  edit-metadata: 0.9795064020436257
  landing: 0.0420274930074811
  view-data: 0.24105981807224452
