times:
  edit-metadata: 1.520238645374775
  landing: 1.3428303748369217
  view-data: 3.4421992171555758
