times:
  edit-metadata: 0.9844225738197565
  landing: 0.04973287903703749
  view-data: 0.4014276450034231
