times:
  edit-metadata: 2.8961220644414425
  landing: 1.4497656412422657
  view-data: 3.300442822277546
