times:
  edit-metadata: 2.0163000859320164
  landing: 0.022822903469204903
  view-data: 0.14121502451598644
