times:
  edit-metadata: 2.1837909314781427
  landing: 0.1183500699698925
  view-data: 0.02864154428243637
