times:
  edit-metadata: 1.4149223566055298
  landing: 0.8909491449594498
  view-data: 3.3652644716203213
