times:
  edit-metadata: 3.748040519654751
  landing: 2.1296495981514454
  view-data: 3.7737792506814003
