times:
  edit-metadata: 1.5308466954156756
  landing: 0.9062020480632782
  view-data: 3.361146624200046
