times:
  edit-metadata: 2.1162726245820522
  landing: 0.17830713093280792
  view-data: 0.39705708250403404
