times:
  edit-metadata: 1.4309679381549358
  landing: 0.9213186800479889
  view-data: 3.328433457762003
