times:
  edit-metadata: 2.4400360863655806
  landing: 0.0209625493735075
  view-data: 0.2986880149692297
