times:
  edit-metadata: 2.544382492080331
  landing: 0.019499363377690315
  view-data: 0.5115141402930021
