times:
  edit-metadata: 2.2507823426276445
  landing: 0.0227679293602705
  view-data: 0.14296499080955982
