times:
  edit-metadata: 1.559589123353362
  landing: 0.8122449219226837
  view-data: 3.3592369556427
