times:
  edit-metadata: 2.0468478333204985
  landing: 0.11653565056622028
  view-data: 0.30664362385869026
