times:
  edit-metadata: 1.6901834374293685
  landing: 1.027940483763814
  view-data: 3.3459831131622195
