times:
  edit-metadata: 1.4879050850868225
  landing: 0.952345248311758
  view-data: 3.4538835026323795
