times:
  edit-metadata: 1.3756326446309686
  landing: 0.7515277862548828
  view-data: 3.245940873399377
