times:
  edit-metadata: 1.3918994963169098
  landing: 0.9319765232503414
  view-data: 3.2928652688860893
