times:
  edit-metadata: 1.9478018889203668
  landing: 0.022942017763853073
  view-data: 0.4646444907411933
