times:
  edit-metadata: 1.767678003758192
  landing: 0.8730989480391145
  view-data: 3.415634859353304
