times:
  edit-metadata: 1.96163325663656
  landing: 0.022135077975690365
  view-data: 0.027188866399228573
