times:
  edit-metadata: 1.6786745972931385
  landing: 1.4338399581611156
  view-data: 3.456577204167843
