times:
  edit-metadata: 1.443026602268219
  landing: 1.0813622437417507
  view-data: 3.3521675765514374
