times:
  edit-metadata: 1.5397429069271311
  landing: 0.9763825350673869
  view-data: 3.305772010004148
