times:
  edit-metadata: 1.9216460948809981
  landing: 0.019817392341792583
  view-data: 0.026735665276646614
