times:
  edit-metadata: 1.062850419897586
  landing: 0.04796247696503997
  view-data: 0.25164637295529246
