times:
  edit-metadata: 2.0661278096958995
  landing: 0.02176020760089159
  view-data: 0.12145462539047003
