times:
  edit-metadata: 1.3299389109015465
  landing: 0.021628803573548794
  view-data: 0.21627176739275455
