times:
  edit-metadata: 1.4719841033220291
  landing: 1.0180694088339806
  view-data: 3.3141244389116764
