times:
  edit-metadata: 1.3093345370143652
  landing: 0.02036581002175808
  view-data: 0.12397713214159012
