times:
  edit-metadata: 1.3473291248083115
  landing: 0.018724565394222736
  view-data: 0.4496143888682127
