times:
  edit-metadata: 1.468317513121292
  landing: 0.8900452922098339
  view-data: 3.461326176999137
