times:
  edit-metadata: 1.9191946191713214
  landing: 0.01992282923310995
  view-data: 0.19551546033471823
