times:
  edit-metadata: 1.3097351500036893
  landing: 0.04595424899889622
  view-data: 0.29611030500382185
