times:
  edit-metadata: 1.5135647505521774
  landing: 0.726818822324276
  view-data: 3.309377234429121
