times:
  edit-metadata: 1.4321266766637564
  landing: 0.7321800719946623
  view-data: 3.284996537491679
