times:
  edit-metadata: 1.3701659012585878
  landing: 0.8079712577164173
  view-data: 3.3618558133020997
