times:
  edit-metadata: 1.4647082388401031
  landing: 0.7563615702092648
  view-data: 3.2703301832079887
