times:
  edit-metadata: 1.4157325802370906
  landing: 0.8622694835066795
  view-data: 3.424092296510935
