times:
  edit-metadata: 1.9324387749657035
  landing: 0.01957707665860653
  view-data: 0.02868011873215437
