times:
  edit-metadata: 1.8998076198622584
  landing: 0.16130009572952986
  view-data: 0.45232290495187044
