times:
  edit-metadata: 1.9770709639415145
  landing: 0.22093879338353872
  view-data: 0.13523405976593494
