times:
  edit-metadata: 2.1732305474579334
  landing: 0.018867187201976776
  view-data: 0.3182226922363043
