times:
  edit-metadata: 1.5414618328213692
  landing: 0.9341457821428776
  view-data: 3.45456675067544
