times:
  edit-metadata: 0.99007332400015
  landing: 0.04213841199998569
  view-data: 0.2797068509999008
