times:
  edit-metadata: 1.9238852970302105
  landing: 0.13288281299173832
  view-data: 0.023537522181868553
