times:
  edit-metadata: 1.5086549408733845
  landing: 0.9869525358080864
  view-data: 3.425283605232835
