times:
  edit-metadata: 1.5161989200860262
  landing: 0.8495298121124506
  view-data: 3.3931933380663395
