times:
  edit-metadata: 1.9889093386009336
  landing: 0.019469049759209156
  view-data: 0.40663207694888115
