times:
  edit-metadata: 2.0852029379457235
  landing: 0.01938011310994625
  view-data: 0.028196873143315315
