times:
  edit-metadata: 1.2926098611205816
  landing: 0.019319141283631325
  view-data: 0.027336958795785904
