times:
  edit-metadata: 2.0340953562408686
  landing: 0.020769231021404266
  view-data: 0.1456039398908615
