times:
  edit-metadata: 1.6128641068935394
  landing: 0.9822756350040436
  view-data: 3.374508585780859
