times:
  edit-metadata: 1.5731547363102436
  landing: 0.9210026767104864
  view-data: 3.445212997496128
