times:
  edit-metadata: 1.6456921715289354
  landing: 1.0362261179834604
  view-data: 3.3313009552657604
