times:
  edit-metadata: 2.3069219952449203
  landing: 1.7394821997731924
  view-data: 3.412568410858512
