times:
  edit-metadata: 2.0689993361011147
  landing: 5.731358540710062
  view-data: 3.2855472257360816
