times:
  edit-metadata: 1.506475618109107
  landing: 0.761864684522152
  view-data: 3.370977593585849
