times:
  edit-metadata: 1.7326626991853118
  landing: 4.130104646086693
  view-data: 3.3194328057579696
