times:
  edit-metadata: 1.2013265029527247
  landing: 0.10613128077238798
  view-data: 0.29464707477018237
