times:
  edit-metadata: 1.2847013641148806
  landing: 0.042632587254047394
  view-data: 0.23815474705770612
