times:
  edit-metadata: 2.115237560123205
  landing: 0.2154659442603588
  view-data: 0.024651184678077698
