times:
  edit-metadata: 1.5607734360964969
  landing: 0.8095459940377623
  view-data: 3.384727434022352
