times:
  edit-metadata: 1.7815887480974197
  landing: 0.9645057916641235
  view-data: 3.5294146351516247
