times:
  edit-metadata: 2.509075129404664
  landing: 0.34115383587777615
  view-data: 0.15350928902626038
