times:
  edit-metadata: 1.8929189965128899
  landing: 0.8228867370635271
  view-data: 3.3621066361665726
