times:
  edit-metadata: 0.9948126438539475
  landing: 0.06535900593735278
  view-data: 0.2443178161047399
