times:
  edit-metadata: 1.3763035871088505
  landing: 0.7932459637522697
  view-data: 3.3405801728367805
