times:
  edit-metadata: 1.3465426238253713
  landing: 0.021387801505625248
  view-data: 0.026250863447785378
