times:
  edit-metadata: 1.5426645055413246
  landing: 0.8410498313605785
  view-data: 3.415269859135151
