times:
  edit-metadata: 1.5477905571460724
  landing: 0.8428256381303072
  view-data: 3.350346116349101
