times:
  edit-metadata: 1.420970304054208
  landing: 0.08639835298527032
  view-data: 0.2512590779806487
