times:
  edit-metadata: 1.0543028879910707
  landing: 0.045609332039020956
  view-data: 0.2867271569557488
