times:
  edit-metadata: 1.926120494492352
  landing: 0.020601220428943634
  view-data: 0.1262005353346467
