times:
  edit-metadata: 1.942090262658894
  landing: 0.025137078016996384
  view-data: 0.027316601015627384
