times:
  edit-metadata: 1.537736227735877
  landing: 0.8029493615031242
  view-data: 3.3953755516558886
