times:
  edit-metadata: 1.5729525778442621
  landing: 0.8097050115466118
  view-data: 3.4437856152653694
