times:
  edit-metadata: 1.3921742625534534
  landing: 0.9689447246491909
  view-data: 3.3203089497983456
