times:
  edit-metadata: 0.9834923109738156
  landing: 0.05754711601184681
  view-data: 0.27755691402126104
