times:
  edit-metadata: 0.997160139027983
  landing: 0.06196299905423075
  view-data: 0.24941674096044153
