times:
  edit-metadata: 2.255242772400379
  landing: 0.21390587463974953
  view-data: 0.02515420876443386
