times:
  edit-metadata: 1.448621901217848
  landing: 0.04255754500627518
  view-data: 0.3325652969069779
