times:
  edit-metadata: 1.8974570035934448
  landing: 0.02353201899677515
  view-data: 0.12134871166199446
