times:
  edit-metadata: 2.288321975618601
  landing: 0.2602370698004961
  view-data: 0.5254567451775074
