times:
  edit-metadata: 1.6402371190488338
  landing: 0.8023099843412638
  view-data: 3.348418300971389
