times:
  edit-metadata: 1.5644140988588333
  landing: 0.9287171997129917
  view-data: 3.434302095323801
