times:
  edit-metadata: 2.2695746701210737
  landing: 0.2657278683036566
  view-data: 0.02376510202884674
