times:
  edit-metadata: 1.751497071236372
  landing: 1.023206252604723
  view-data: 3.362547803670168
