times:
  edit-metadata: 0.984755878103897
  landing: 0.045733744045719504
  view-data: 0.27986395196057856
