times:
  edit-metadata: 1.9148531528189778
  landing: 0.02029236126691103
  view-data: 0.026297472417354584
