times:
  edit-metadata: 1.8885354176163673
  landing: 0.019600478000938892
  view-data: 0.028858857229351997
