times:
  edit-metadata: 2.0815592166036367
  landing: 0.12491302751004696
  view-data: 0.28034617379307747
