times:
  edit-metadata: 1.4125278033316135
  landing: 0.7436754833906889
  view-data: 3.3038637470453978
