times:
  edit-metadata: 1.4561280831694603
  landing: 0.7662480622529984
  view-data: 3.3102506324648857
