times:
  edit-metadata: 0.9844806459732354
  landing: 0.05191430007107556
  view-data: 0.26171726803295314
