times:
  edit-metadata: 1.498319936916232
  landing: 0.8967859223484993
  view-data: 3.4243486765772104
