times:
  edit-metadata: 1.0372748580412008
  landing: 0.04370971396565437
  view-data: 0.28426748397760093
