times:
  edit-metadata: 1.154324828996323
  landing: 0.06635085301240906
  view-data: 0.2672681710100733
