times:
  edit-metadata: 1.6064102719537914
  landing: 0.9431175119243562
  view-data: 3.4424000941216946
