times:
  edit-metadata: 0.47503895964473486
  landing: 0.05093512777239084
  view-data: 0.20171635784208775
