times:
  edit-metadata: 1.2761365566402674
  landing: 0.021098852157592773
  view-data: 0.023627146147191525
