times:
  edit-metadata: 1.9264019038528204
  landing: 0.19827472046017647
  view-data: 0.31932782381772995
