times:
  edit-metadata: 0.9775172420195304
  landing: 0.044848941965028644
  view-data: 0.23917493899352849
