times:
  edit-metadata: 1.9289478044956923
  landing: 0.02055340353399515
  view-data: 0.12046853918582201
