times:
  edit-metadata: 0.9657101398333907
  landing: 0.0722654820419848
  view-data: 0.2426216988824308
