times:
  edit-metadata: 3.494888236746192
  landing: 0.31764327827841043
  view-data: 0.39479748252779245
