times:
  edit-metadata: 0.981707233004272
  landing: 0.07177328295074403
  view-data: 0.24086975678801537
