times:
  edit-metadata: 2.2707426389679313
  landing: 0.02207818068563938
  view-data: 0.03211688622832298
