times:
  edit-metadata: 2.118587614968419
  landing: 0.2336675375699997
  view-data: 0.023368289694190025
