times:
  edit-metadata: 1.5334978140890598
  landing: 0.7957147993147373
  view-data: 3.411244001239538
