times:
  edit-metadata: 1.060550792957656
  landing: 0.04699626797810197
  view-data: 0.2647654650500044
