times:
  edit-metadata: 1.2138790269382298
  landing: 0.045085829216986895
  view-data: 0.23519393289461732
