times:
  edit-metadata: 1.4723653867840767
  landing: 0.8767541237175465
  view-data: 3.3172500915825367
