times:
  edit-metadata: 1.3157088607549667
  landing: 0.8765709539875388
  view-data: 3.3507543904706836
