times:
  edit-metadata: 2.0544826313853264
  landing: 0.021704135462641716
  view-data: 0.3604697063565254
