times:
  edit-metadata: 1.7023441456258297
  landing: 1.0095226541161537
  view-data: 3.33632804825902
