times:
  edit-metadata: 1.7270737998187542
  landing: 5.561453387141228
  view-data: 3.3210746981203556
