times:
  edit-metadata: 1.385191592387855
  landing: 0.19180489145219326
  view-data: 0.1209242083132267
