times:
  edit-metadata: 3.0863030292093754
  landing: 0.2962327543646097
  view-data: 0.49773202650249004
