times:
  edit-metadata: 1.007013495080173
  landing: 0.06938116997480392
  view-data: 0.24519452126696706
