times:
  edit-metadata: 1.3122105072252452
  landing: 0.09263886325061321
  view-data: 0.4156460459344089
