times:
  edit-metadata: 2.2781358640640974
  landing: 0.021768415346741676
  view-data: 0.023045353591442108
