times:
  edit-metadata: 2.161168685182929
  landing: 0.28886645659804344
  view-data: 0.022786259651184082
