times:
  edit-metadata: 1.0426759779220447
  landing: 0.06319330411497504
  view-data: 0.24212801095563918
