times:
  edit-metadata: 0.4754716893658042
  landing: 0.042056490667164326
  view-data: 0.1997329369187355
