times:
  edit-metadata: 1.322501938790083
  landing: 0.8765933364629745
  view-data: 3.300867136567831
