times:
  edit-metadata: 0.9808085099793971
  landing: 0.05629632412455976
  view-data: 0.37629533698782325
