times:
  edit-metadata: 2.120742231607437
  landing: 0.12101694382727146
  view-data: 0.24749747850000858
