times:
  edit-metadata: 1.8559277886524796
  landing: 0.020535004325211048
  view-data: 0.022620391100645065
