times:
  edit-metadata: 2.041270887479186
  landing: 0.17836294881999493
  view-data: 0.14169761165976524
