times:
  edit-metadata: 1.0551582877524197
  landing: 0.04751229099929333
  view-data: 0.23067774437367916
