times:
  edit-metadata: 1.932459102012217
  landing: 0.1295560598373413
  view-data: 0.026702933944761753
