times:
  edit-metadata: 1.5521204695105553
  landing: 0.7628543805330992
  view-data: 3.3554971404373646
