times:
  edit-metadata: 1.3607109282165766
  landing: 0.05259151570498943
  view-data: 0.28889281023293734
