times:
  edit-metadata: 2.3086343854665756
  landing: 0.02489355579018593
  view-data: 0.13511029072105885
