times:
  edit-metadata: 2.0358451176434755
  landing: 0.23862296529114246
  view-data: 0.315338222309947
