times:
  edit-metadata: 0.9786115020979196
  landing: 0.07288190489634871
  view-data: 0.24235367495566607
