times:
  edit-metadata: 1.2107758172787726
  landing: 0.06916773598641157
  view-data: 0.2378121498040855
