times:
  edit-metadata: 1.938168658874929
  landing: 0.023368303664028645
  view-data: 0.1135789779946208
