times:
  edit-metadata: 1.4551652800291777
  landing: 0.8189983461052179
  view-data: 3.42130359262228
