times:
  edit-metadata: 1.0816432079300284
  landing: 0.05018451018258929
  view-data: 0.23983599385246634
