times:
  edit-metadata: 1.6087367050349712
  landing: 0.8660080097615719
  view-data: 3.4926828630268574
