times:
  edit-metadata: 2.1590003799647093
  landing: 0.02254880778491497
  view-data: 0.12698047421872616
