times:
  edit-metadata: 1.4275738298892975
  landing: 0.9605659171938896
  view-data: 3.3763778805732727
