times:
  edit-metadata: 1.0367087849999734
  landing: 0.04574656099975982
  view-data: 0.25850922300014645
