times:
  edit-metadata: 2.372509326785803
  landing: 1.2321474887430668
  view-data: 3.662132650613785
