times:
  edit-metadata: 2.088483802974224
  landing: 0.021941307932138443
  view-data: 0.0287738386541605
