times:
  edit-metadata: 0.4534400664269924
  landing: 0.05014475714415312
  view-data: 0.19779719226062298
