times:
  edit-metadata: 1.5288789607584476
  landing: 0.9742512628436089
  view-data: 3.3831892535090446
