times:
  edit-metadata: 2.038077086210251
  landing: 0.019832568243145943
  view-data: 0.3321563806384802
