times:
  edit-metadata: 1.0108086820691824
  landing: 0.04572280077263713
  view-data: 0.39436840172857046
