times:
  edit-metadata: 0.9756360170431435
  landing: 0.04540794901549816
  view-data: 0.24589030188508332
