times:
  edit-metadata: 1.3681555837392807
  landing: 0.8050509430468082
  view-data: 3.339009692892432
