times:
  edit-metadata: 2.0015473710373044
  landing: 0.018393113277852535
  view-data: 0.026721948757767677
