times:
  edit-metadata: 1.9131054058670998
  landing: 0.018854154273867607
  view-data: 0.12287582270801067
