times:
  edit-metadata: 1.0048941769637167
  landing: 0.061545634060166776
  view-data: 0.25784244399983436
