times:
  edit-metadata: 1.6041103340685368
  landing: 0.8779621589928865
  view-data: 3.381276885047555
