times:
  edit-metadata: 2.6504538245499134
  landing: 0.14863875694572926
  view-data: 0.39126267097890377
