times:
  edit-metadata: 1.3400147343054414
  landing: 0.022049629129469395
  view-data: 0.023818827234208584
