times:
  edit-metadata: 1.9427604135125875
  landing: 0.02026040479540825
  view-data: 0.12303256895393133
