times:
  edit-metadata: 1.9047851413488388
  landing: 1.2021935358643532
  view-data: 3.3848604410886765
