times:
  edit-metadata: 1.5560853257775307
  landing: 0.9249668009579182
  view-data: 3.328455038368702
