times:
  edit-metadata: 2.1561877354979515
  landing: 0.1246866974979639
  view-data: 0.3646195475012064
