times:
  edit-metadata: 2.096074117347598
  landing: 0.02012641169130802
  view-data: 0.5143078714609146
