times:
  edit-metadata: 1.3798291385173798
  landing: 0.9068257119506598
  view-data: 3.3252006163820624
