times:
  edit-metadata: 1.4323731884360313
  landing: 0.8579543866217136
  view-data: 3.427726248279214
