times:
  edit-metadata: 1.5774748399853706
  landing: 0.9937550611793995
  view-data: 3.4370077662169933
