times:
  edit-metadata: 2.020273944362998
  landing: 0.1368573047220707
  view-data: 0.024478768929839134
