times:
  edit-metadata: 1.318205782212317
  landing: 0.021570107899606228
  view-data: 0.02542208321392536
