times:
  edit-metadata: 2.46946457400918
  landing: 0.022341372445225716
  view-data: 0.2556746881455183
