times:
  edit-metadata: 1.934828949160874
  landing: 0.021740995347499847
  view-data: 0.4703543297946453
