times:
  edit-metadata: 1.818136915564537
  landing: 0.9353161118924618
  view-data: 3.3675415106117725
