times:
  edit-metadata: 1.6755000883713365
  landing: 0.8676394280046225
  view-data: 3.473486118018627
