times:
  edit-metadata: 2.458499286323786
  landing: 0.1486421823501587
  view-data: 0.3397177681326866
