times:
  edit-metadata: 2.088188175112009
  landing: 1.1460859938524663
  view-data: 3.370438522193581
