times:
  edit-metadata: 1.3225748278200626
  landing: 0.019798298366367817
  view-data: 0.026976113207638264
