times:
  edit-metadata: 2.08055766671896
  landing: 0.02005690336227417
  view-data: 0.024405768141150475
