times:
  edit-metadata: 1.5607770532369614
  landing: 0.9605339765548706
  view-data: 3.437424834817648
