times:
  edit-metadata: 1.05332159199952
  landing: 0.06359351900027832
  view-data: 0.38466449399948033
