times:
  edit-metadata: 1.6637626066803932
  landing: 1.123146414756775
  view-data: 3.3719238340854645
