times:
  edit-metadata: 1.4559087045490742
  landing: 0.7461954299360514
  view-data: 3.3310977555811405
