times:
  edit-metadata: 1.5089193303138018
  landing: 0.7497737556695938
  view-data: 3.424577696248889
