times:
  edit-metadata: 2.4730158764868975
  landing: 0.2978338524699211
  view-data: 0.262358820065856
