times:
  edit-metadata: 1.3800684697926044
  landing: 0.8330085203051567
  view-data: 3.2881070375442505
