times:
  edit-metadata: 1.9425689745694399
  landing: 0.11580731626600027
  view-data: 0.41244368627667427
