times:
  edit-metadata: 1.9538944764062762
  landing: 0.020826229825615883
  view-data: 0.12151715811342001
