times:
  edit-metadata: 1.9089455232024193
  landing: 0.019228852353990078
  view-data: 0.11956983711570501
