times:
  edit-metadata: 1.029919197782874
  landing: 0.04840967385098338
  view-data: 0.25936141703277826
