times:
  edit-metadata: 1.4617582634091377
  landing: 0.9549667537212372
  view-data: 3.4284168891608715
