times:
  edit-metadata: 1.5520362593233585
  landing: 0.8489803168922663
  view-data: 3.433431064710021
