times:
  edit-metadata: 2.0389969926327467
  landing: 0.22172295860946178
  view-data: 0.41375382989645004
