times:
  edit-metadata: 1.3594070971012115
  landing: 0.7335418984293938
  view-data: 3.2891565803438425
