times:
  edit-metadata: 1.5175483990460634
  landing: 0.8341290205717087
  view-data: 3.4100042935460806
