times:
  edit-metadata: 0.4850867474451661
  landing: 0.04676708299666643
  view-data: 0.18899215385317802
