times:
  edit-metadata: 1.6525590792298317
  landing: 1.1390178687870502
  view-data: 3.3530322462320328
