times:
  edit-metadata: 1.4211221639998257
  landing: 0.04556943895295262
  view-data: 0.3515868429094553
