times:
  edit-metadata: 0.968316504964605
  landing: 0.07177907694131136
  view-data: 0.3854987369850278
