times:
  edit-metadata: 1.5744627173990011
  landing: 0.8932886850088835
  view-data: 3.3215431831777096
