times:
  edit-metadata: 1.6985122486948967
  landing: 1.1404571048915386
  view-data: 3.3393513932824135
