times:
  edit-metadata: 1.9217555718496442
  landing: 0.020995882339775562
  view-data: 0.024386940523982048
