times:
  edit-metadata: 1.5557829141616821
  landing: 0.8477310985326767
  view-data: 3.428207252174616
