times:
  edit-metadata: 1.0009236708283424
  landing: 0.04905686480924487
  view-data: 0.4042470660060644
