times:
  edit-metadata: 1.5132772456854582
  landing: 0.8289814740419388
  view-data: 3.3903052546083927
