times:
  edit-metadata: 1.4479706436395645
  landing: 0.9472131542861462
  view-data: 3.348408065736294
