times:
  edit-metadata: 1.256496187997982
  landing: 0.7589209889993072
  view-data: 3.334386167116463
