times:
  edit-metadata: 1.4233277812600136
  landing: 0.9074397087097168
  view-data: 3.380864885635674
