times:
  edit-metadata: 1.5404628440737724
  landing: 0.9834781400859356
  view-data: 3.4549334682524204
