times:
  edit-metadata: 1.429976724088192
  landing: 0.8136512208729982
  view-data: 3.333309411071241
