times:
  edit-metadata: 1.1223686500452459
  landing: 0.07642422313801944
  view-data: 0.28507551085203886
