times:
  edit-metadata: 2.0173590667545795
  landing: 0.17878596857190132
  view-data: 0.3103480823338032
