times:
  edit-metadata: 1.9196713706478477
  landing: 0.15903866291046143
  view-data: 0.4416813161224127
