times:
  edit-metadata: 1.5492631494998932
  landing: 1.0539221800863743
  view-data: 3.438460685312748
