times:
  edit-metadata: 1.3393523171544075
  landing: 0.07757226563990116
  view-data: 0.47571677388623357
