times:
  edit-metadata: 0.9834775950293988
  landing: 0.04254402196966112
  view-data: 0.3822541309054941
