times:
  edit-metadata: 2.3375444654375315
  landing: 0.2809907104820013
  view-data: 0.417068662121892
