times:
  edit-metadata: 1.4144087471067905
  landing: 0.8856503791175783
  view-data: 3.385292308870703
