times:
  edit-metadata: 2.087394582107663
  landing: 0.238877534866333
  view-data: 0.02472156658768654
