times:
  edit-metadata: 3.1687132231891155
  landing: 0.2690433245152235
  view-data: 0.4403151050209999
