times:
  edit-metadata: 1.6411343403160572
  landing: 0.7400288544595242
  view-data: 3.3823393397033215
