times:
  edit-metadata: 0.986798488011118
  landing: 0.05648179101990536
  view-data: 0.28065328404773027
