times:
  edit-metadata: 1.8987075062468648
  landing: 0.022199991159141064
  view-data: 0.12482732906937599
