times:
  edit-metadata: 1.5294143659994006
  landing: 0.9166719578206539
  view-data: 3.382438442669809
