times:
  edit-metadata: 1.3675723830237985
  landing: 0.8594260369427502
  view-data: 3.370359688065946
