times:
  edit-metadata: 1.8469010880216956
  landing: 0.11815984081476927
  view-data: 0.3990490799769759
