times:
  edit-metadata: 1.5336963571608067
  landing: 0.8318576067686081
  view-data: 3.3625577054917812
