times:
  edit-metadata: 1.4064278937876225
  landing: 0.8095026090741158
  view-data: 3.2779695354402065
