times:
  edit-metadata: 2.036105342209339
  landing: 0.20524165965616703
  view-data: 0.13752728700637817
