times:
  edit-metadata: 1.9301813142374158
  landing: 0.021107379347085953
  view-data: 0.025884997099637985
