times:
  edit-metadata: 1.0859643820149358
  landing: 0.038314756006002426
  view-data: 0.2604439429997001
