times:
  edit-metadata: 1.9407261312007904
  landing: 0.022342877462506294
  view-data: 0.14041188638657331
