times:
  edit-metadata: 1.2999231005087495
  landing: 0.020503469742834568
  view-data: 0.027731009759008884
