times:
  edit-metadata: 1.985319404862821
  landing: 0.021267885342240334
  view-data: 0.024274050258100033
