times:
  edit-metadata: 1.9155616974458098
  landing: 0.02337568160146475
  view-data: 0.10254653915762901
