times:
  edit-metadata: 1.426158543676138
  landing: 0.8924012742936611
  view-data: 3.284035351127386
