times:
  edit-metadata: 1.4091095011681318
  landing: 0.8906271094456315
  view-data: 3.3485629437491298
