times:
  edit-metadata: 1.5163212604820728
  landing: 0.8248266745358706
  view-data: 3.371699484065175
