times:
  edit-metadata: 0.9856594989541918
  landing: 0.04996991902589798
  view-data: 0.37732317904010415
