times:
  edit-metadata: 1.4931185701861978
  landing: 0.8389461850747466
  view-data: 3.51327112223953
