times:
  edit-metadata: 2.7347374809905887
  landing: 0.18355841469019651
  view-data: 0.6103874836117029
