times:
  edit-metadata: 1.9807006660848856
  landing: 0.15166900865733624
  view-data: 0.39194844476878643
