times:
  edit-metadata: 1.4115835903212428
  landing: 0.7594647230580449
  view-data: 3.4213503347709775
