times:
  edit-metadata: 1.3956725830212235
  landing: 0.9002043632790446
  view-data: 3.3585334168747067
