times:
  edit-metadata: 2.000325307250023
  landing: 0.022781113162636757
  view-data: 0.02742029633373022
