times:
  edit-metadata: 1.903843143954873
  landing: 0.20132197812199593
  view-data: 0.02395757008343935
