times:
  edit-metadata: 1.426897929981351
  landing: 0.921198284253478
  view-data: 3.3261681459844112
