times:
  edit-metadata: 1.056135906954296
  landing: 0.055512427003122866
  view-data: 0.262513734982349
