times:
  edit-metadata: 1.876807902008295
  landing: 0.01998757664114237
  view-data: 0.4113462334498763
