times:
  edit-metadata: 1.3912003010045737
  landing: 0.82828134810552
  view-data: 3.2971931828651577
