times:
  edit-metadata: 1.0010827018413693
  landing: 0.04873157409019768
  view-data: 0.25598263111896813
