times:
  edit-metadata: 1.5202620094642043
  landing: 1.041948402300477
  view-data: 3.4879904314875603
