times:
  edit-metadata: 1.9743457278236747
  landing: 0.023077395744621754
  view-data: 0.025660449638962746
