times:
  edit-metadata: 1.5262729711830616
  landing: 0.7964491788297892
  view-data: 3.409502949565649
