times:
  edit-metadata: 1.528948601335287
  landing: 0.9772270061075687
  view-data: 3.564248062670231
