times:
  edit-metadata: 1.0523037272505462
  landing: 0.04077457310631871
  view-data: 0.2464135829359293
