times:
  edit-metadata: 1.600069247186184
  landing: 1.099512241780758
  view-data: 3.4409426860511303
