times:
  edit-metadata: 0.9914488128852099
  landing: 0.06624113908037543
  view-data: 0.23810019600205123
