times:
  edit-metadata: 1.3138059480115771
  landing: 0.12880834750831127
  view-data: 0.027977170422673225
