times:
  edit-metadata: 1.5793512221425772
  landing: 0.8057517036795616
  view-data: 3.37457493878901
