times:
  edit-metadata: 1.6544610410928726
  landing: 1.0229576230049133
  view-data: 3.4316547513008118
