times:
  edit-metadata: 2.807923259213567
  landing: 0.020378312095999718
  view-data: 0.41784099116921425
