times:
  edit-metadata: 1.534872442483902
  landing: 0.9864315427839756
  view-data: 3.441628869622946
