times:
  edit-metadata: 1.4731056056916714
  landing: 0.9171097241342068
  view-data: 3.31348729506135
