times:
  edit-metadata: 1.4339061588980258
  landing: 0.7999139628373086
  view-data: 3.339785018004477
