times:
  edit-metadata: 1.9091545110568404
  landing: 0.01955986488610506
  view-data: 0.19392813369631767
