times:
  edit-metadata: 0.4753478290513158
  landing: 0.04083423502743244
  view-data: 0.20443615783005953
