times:
  edit-metadata: 1.3567415841389447
  landing: 0.9041038351133466
  view-data: 3.395683092996478
