times:
  edit-metadata: 2.2476760409772396
  landing: 1.3435999937355518
  view-data: 3.5479684323072433
