times:
  edit-metadata: 1.111017293005716
  landing: 0.04273107598419301
  view-data: 0.24387754997587763
