times:
  edit-metadata: 2.2584971264004707
  landing: 0.021914437413215637
  view-data: 0.028560630977153778
