times:
  edit-metadata: 1.9429582078009844
  landing: 0.9552156161516905
  view-data: 3.3763572946190834
