times:
  edit-metadata: 1.6128914840519428
  landing: 0.7910507768392563
  view-data: 3.445861291140318
