times:
  edit-metadata: 0.9778882720274851
  landing: 0.05348484497517347
  view-data: 0.2324157760012895
