times:
  edit-metadata: 1.8011427465826273
  landing: 1.036822092719376
  view-data: 3.3982890713959932
