times:
  edit-metadata: 2.430824462324381
  landing: 0.29366874508559704
  view-data: 0.5314817111939192
