times:
  edit-metadata: 1.359014076180756
  landing: 0.022597654722630978
  view-data: 0.12486150115728378
