times:
  edit-metadata: 2.282244637608528
  landing: 0.15954295173287392
  view-data: 0.23860465362668037
