times:
  edit-metadata: 1.5205679833889008
  landing: 0.8987864255905151
  view-data: 3.3562025241553783
