times:
  edit-metadata: 1.1844717129715718
  landing: 0.08561997598735616
  view-data: 0.25744102499447763
