times:
  edit-metadata: 1.3869509547948837
  landing: 0.8602359965443611
  view-data: 3.3090400509536266
