times:
  edit-metadata: 1.866200938820839
  landing: 0.13941895589232445
  view-data: 0.025636197067797184
