times:
  edit-metadata: 2.079064529389143
  landing: 0.11688557080924511
  view-data: 0.3308823872357607
