times:
  edit-metadata: 1.4959768122062087
  landing: 0.8783809803426266
  view-data: 3.4730513943359256
