times:
  edit-metadata: 0.4569957125931978
  landing: 0.04569647088646889
  view-data: 0.20188222639262676
