times:
  edit-metadata: 1.4582145288586617
  landing: 1.0145752876996994
  view-data: 3.3665685169398785
