times:
  edit-metadata: 1.5485956147313118
  landing: 1.0888598393648863
  view-data: 3.412823600694537
