times:
  edit-metadata: 1.9714266965165734
  landing: 0.01931612938642502
  view-data: 0.026622511446475983
