times:
  edit-metadata: 1.4577176831662655
  landing: 0.9663175381720066
  view-data: 3.369217414408922
