times:
  edit-metadata: 1.6905682012438774
  landing: 1.0872249491512775
  view-data: 3.388367149978876
