times:
  edit-metadata: 1.0021312509197742
  landing: 0.05354787898249924
  view-data: 0.24492068495601416
