times:
  edit-metadata: 1.0158278648741543
  landing: 0.055422736098989844
  view-data: 0.2538619691040367
