times:
  edit-metadata: 2.256374863907695
  landing: 0.021110372617840767
  view-data: 0.3651048671454191
