times:
  edit-metadata: 1.9643003260716796
  landing: 0.22173274867236614
  view-data: 0.04966881684958935
