times:
  edit-metadata: 1.4910618970170617
  landing: 0.8945076996460557
  view-data: 3.4227690380066633
