times:
  edit-metadata: 0.9984967070631683
  landing: 0.04531729803420603
  view-data: 0.2797949749510735
