times:
  edit-metadata: 1.9125710371881723
  landing: 0.14187943283468485
  view-data: 0.12059567682445049
