times:
  edit-metadata: 0.9836493490147404
  landing: 0.06777396099641919
  view-data: 0.24507702403934672
