times:
  edit-metadata: 1.948454744182527
  landing: 0.20797098893672228
  view-data: 0.02551851235330105
