times:
  edit-metadata: 2.2040887251496315
  landing: 0.2364687342196703
  view-data: 0.11878643929958344
