times:
  edit-metadata: 1.2962860483676195
  landing: 0.02123861201107502
  view-data: 0.02497777435928583
