times:
  edit-metadata: 0.9879581239074469
  landing: 0.06984351482242346
  view-data: 0.24693081714212894
