times:
  edit-metadata: 2.698714377358556
  landing: 0.02135287970304489
  view-data: 0.35250711999833584
