times:
  edit-metadata: 1.9128581946715713
  landing: 0.11960185505449772
  view-data: 0.02373538725078106
