times:
  edit-metadata: 1.554937044158578
  landing: 0.8172203674912453
  view-data: 3.384420258924365
