times:
  edit-metadata: 1.5265760272741318
  landing: 0.8205379154533148
  view-data: 3.3985527008771896
