times:
  edit-metadata: 2.0082140183076262
  landing: 0.12873604707419872
  view-data: 0.02888818271458149
