times:
  edit-metadata: 2.283144826069474
  landing: 0.1885882318019867
  view-data: 0.3227352201938629
