times:
  edit-metadata: 1.9807368675246835
  landing: 0.02117191255092621
  view-data: 0.02452689688652754
