times:
  edit-metadata: 1.9209077563136816
  landing: 0.022684287279844284
  view-data: 0.09972916729748249
