times:
  edit-metadata: 1.9089666604995728
  landing: 0.021478169597685337
  view-data: 0.0265539288520813
