times:
  edit-metadata: 1.492345154285431
  landing: 0.7807390168309212
  view-data: 3.3769546635448933
