times:
  edit-metadata: 1.9645372945815325
  landing: 0.21937617845833302
  view-data: 0.026534346863627434
