times:
  edit-metadata: 1.7770724892616272
  landing: 0.9869472086429596
  view-data: 3.383482951670885
