times:
  edit-metadata: 1.6451114267110825
  landing: 0.9956059455871582
  view-data: 3.341748785227537
