times:
  edit-metadata: 1.3739993190392852
  landing: 0.7700468385592103
  view-data: 3.330108994618058
