times:
  edit-metadata: 1.8442612513899803
  landing: 1.1902628913521767
  view-data: 3.351093951612711
