times:
  edit-metadata: 1.4840088598430157
  landing: 0.9803368970751762
  view-data: 3.322018265724182
