times:
  edit-metadata: 1.0332725420012139
  landing: 0.047099595016334206
  view-data: 0.24191441998118535
