times:
  edit-metadata: 1.9477675566449761
  landing: 0.02200428582727909
  view-data: 0.029002136550843716
