times:
  edit-metadata: 2.7536830687895417
  landing: 0.21958073880523443
  view-data: 0.3242127075791359
