times:
  edit-metadata: 1.5394922755658627
  landing: 0.9051032550632954
  view-data: 3.4031028151512146
