times:
  edit-metadata: 0.9620767002925277
  landing: 0.05795280123129487
  view-data: 0.28526972560212016
