times:
  edit-metadata: 1.0100920940749347
  landing: 0.0600715100299567
  view-data: 0.24585175793617964
