times:
  edit-metadata: 0.9554537979420274
  landing: 0.05540808103978634
  view-data: 0.244859250029549
