times:
  edit-metadata: 1.5532956747338176
  landing: 1.1362541429698467
  view-data: 3.51112924516201
