times:
  edit-metadata: 1.5664294809103012
  landing: 0.7521582953631878
  view-data: 3.259021982550621
