times:
  edit-metadata: 0.9661750800441951
  landing: 0.043759404914453626
  view-data: 0.24140847520902753
