times:
  edit-metadata: 1.50177051872015
  landing: 0.8887677006423473
  view-data: 3.3461892679333687
