times:
  edit-metadata: 1.7880234429612756
  landing: 0.8186623184010386
  view-data: 3.3221731008961797
