times:
  edit-metadata: 1.4133619107306004
  landing: 0.7967258207499981
  view-data: 3.3633371964097023
