times:
  edit-metadata: 2.193879658356309
  landing: 0.2143002226948738
  view-data: 0.029688915237784386
