times:
  edit-metadata: 2.985426327213645
  landing: 1.12754918448627
  view-data: 3.740627696737647
