times:
  edit-metadata: 2.1388993859291077
  landing: 0.021230686455965042
  view-data: 0.024434205144643784
