times:
  edit-metadata: 2.3440604265779257
  landing: 0.025674771517515182
  view-data: 0.02726042829453945
