times:
  edit-metadata: 1.4591523762792349
  landing: 0.8630610927939415
  view-data: 3.385387033224106
