times:
  edit-metadata: 1.3513792930170894
  landing: 0.1145475972443819
  view-data: 0.47013622988015413
