times:
  edit-metadata: 3.6778845516964793
  landing: 1.2491546384990215
  view-data: 3.8816470466554165
