times:
  edit-metadata: 1.085155228007352
  landing: 0.05830391502240673
  view-data: 0.2822707789891865
