times:
  edit-metadata: 1.4857047433033586
  landing: 0.8017330374568701
  view-data: 3.3741071280092
