times:
  edit-metadata: 0.9519923370098695
  landing: 0.04295470399665646
  view-data: 0.4058266860083677
