times:
  edit-metadata: 1.4983217902481556
  landing: 0.8812078535556793
  view-data: 3.380837067961693
