times:
  edit-metadata: 1.4881534222513437
  landing: 0.9978437833487988
  view-data: 3.3176662288606167
