times:
  edit-metadata: 2.370563868433237
  landing: 0.020726824179291725
  view-data: 0.4142039604485035
