times:
  edit-metadata: 0.45619523618370295
  landing: 0.03965650126338005
  view-data: 0.21266402024775743
