times:
  edit-metadata: 1.2548992900119629
  landing: 0.094271823996678
  view-data: 0.29649165298906155
