times:
  edit-metadata: 1.456021063029766
  landing: 0.9469376839697361
  view-data: 3.421217951923609
