times:
  edit-metadata: 1.5338150180177763
  landing: 0.9178682739147916
  view-data: 3.354597956989892
