times:
  edit-metadata: 1.3896319899940863
  landing: 0.3077382299816236
  view-data: 0.31601545598823577
