times:
  edit-metadata: 1.8683424079790711
  landing: 0.02217590995132923
  view-data: 0.10085521545261145
