times:
  edit-metadata: 1.394359125988558
  landing: 0.8792716572061181
  view-data: 3.2716230920050293
