times:
  edit-metadata: 1.572153750807047
  landing: 0.8017019629478455
  view-data: 3.399808067828417
