times:
  edit-metadata: 2.031762793660164
  landing: 0.022816995158791542
  view-data: 0.024992287158966064
