times:
  edit-metadata: 1.5523382984101772
  landing: 0.964006083086133
  view-data: 3.467467751353979
