times:
  edit-metadata: 1.5261016339063644
  landing: 0.8244284726679325
  view-data: 3.391559612005949
