times:
  edit-metadata: 1.4713457671459764
  landing: 0.8642899030819535
  view-data: 3.382335548987612
