times:
  edit-metadata: 1.67635902389884
  landing: 1.2095646671950817
  view-data: 3.3323125522583723
