times:
  edit-metadata: 1.4842493366450071
  landing: 0.9677664563059807
  view-data: 3.2886158116161823
