times:
  edit-metadata: 1.5448401682078838
  landing: 0.9476380925625563
  view-data: 3.4601437468081713
