times:
  edit-metadata: 1.5853945538401604
  landing: 0.8569670431315899
  view-data: 3.4205561205744743
