times:
  edit-metadata: 1.7316904477775097
  landing: 0.887701902538538
  view-data: 3.442436121404171
