times:
  edit-metadata: 2.064446460455656
  landing: 0.17241375893354416
  view-data: 0.024427855387330055
