times:
  edit-metadata: 1.351900034584105
  landing: 0.021399001590907574
  view-data: 0.02640511840581894
