times:
  edit-metadata: 2.1942755430936813
  landing: 0.023108022287487984
  view-data: 0.3637289199978113
