times:
  edit-metadata: 1.0508428910397924
  landing: 0.04920217703329399
  view-data: 0.2648406600346789
