times:
  edit-metadata: 1.6220645159482956
  landing: 0.8385819103568792
  view-data: 3.3961896933615208
