times:
  edit-metadata: 1.0725467470474541
  landing: 0.05536636197939515
  view-data: 0.24327580677345395
