times:
  edit-metadata: 1.4880320746451616
  landing: 0.9185723792761564
  view-data: 3.375083902850747
