times:
  edit-metadata: 1.374116841936484
  landing: 0.8569602579809725
  view-data: 3.389932186109945
