times:
  edit-metadata: 1.0441589660476893
  landing: 0.04934680403675884
  view-data: 0.268681819899939
