times:
  edit-metadata: 2.0625112131237984
  landing: 0.12506947293877602
  view-data: 0.31195410527288914
