times:
  edit-metadata: 1.4586217142641544
  landing: 1.0500969849526882
  view-data: 3.320685088634491
