times:
  edit-metadata: 0.9909636790398508
  landing: 0.0425948390038684
  view-data: 0.24417060194537044
