times:
  edit-metadata: 2.347380674444139
  landing: 0.1311777038499713
  view-data: 0.33289954252541065
