times:
  edit-metadata: 1.8961250074207783
  landing: 0.20552535261958838
  view-data: 0.12117121648043394
