times:
  edit-metadata: 1.6014607325196266
  landing: 1.01865503937006
  view-data: 3.2924655340611935
