times:
  edit-metadata: 0.9826990938745439
  landing: 0.04747131606563926
  view-data: 0.2784589461516589
