times:
  edit-metadata: 1.3223590329289436
  landing: 0.019336165860295296
  view-data: 0.023091329261660576
