times:
  edit-metadata: 3.4384763950365596
  landing: 0.3241823900025338
  view-data: 0.6646431009867229
