times:
  edit-metadata: 1.6241520419716835
  landing: 0.9819524884223938
  view-data: 3.3501112312078476
