times:
  edit-metadata: 1.4564354782924056
  landing: 0.8048541639000177
  view-data: 3.4080888917669654
