times:
  edit-metadata: 1.4473359044641256
  landing: 0.7345850747078657
  view-data: 3.2952821534126997
