times:
  edit-metadata: 1.2512826440215576
  landing: 0.0992062570003327
  view-data: 0.33137956899008714
