times:
  edit-metadata: 1.3925891742110252
  landing: 0.8663658229634166
  view-data: 3.3661860302090645
