times:
  edit-metadata: 2.11813373118639
  landing: 0.14387529157102108
  view-data: 0.14788918383419514
