times:
  edit-metadata: 2.2285506799817085
  landing: 0.2205812968313694
  view-data: 0.3630838617682457
