times:
  edit-metadata: 1.0428331368602812
  landing: 0.041503640823066235
  view-data: 0.3802429549396038
