times:
  edit-metadata: 0.4467694591730833
  landing: 0.04226463474333286
  view-data: 0.1886727623641491
