times:
  edit-metadata: 1.2404371481388807
  landing: 0.044611026998609304
  view-data: 0.2540602129884064
