times:
  edit-metadata: 1.6024540727958083
  landing: 0.8985097827389836
  view-data: 3.372905216179788
