times:
  edit-metadata: 1.6007128041237593
  landing: 0.964105699211359
  view-data: 3.3596685361117125
