times:
  edit-metadata: 1.312469138763845
  landing: 0.08348571741953492
  view-data: 0.2510057552717626
