times:
  edit-metadata: 2.0162755185738206
  landing: 0.020459435880184174
  view-data: 0.41338452883064747
