times:
  edit-metadata: 2.0895085129886866
  landing: 0.030380139127373695
  view-data: 0.14530016109347343
