times:
  edit-metadata: 0.9781772899441421
  landing: 0.045346478931605816
  view-data: 0.24877450009807944
