times:
  edit-metadata: 2.7773470021784306
  landing: 0.04833642393350601
  view-data: 0.15682204812765121
