times:
  edit-metadata: 1.037232415008475
  landing: 0.05196563299978152
  view-data: 0.39255041400610935
