times:
  edit-metadata: 1.3053438933566213
  landing: 0.1194045739248395
  view-data: 0.1263180747628212
