times:
  edit-metadata: 1.0116095580015099
  landing: 0.06856513499224093
  view-data: 0.24012648199277464
