times:
  edit-metadata: 2.0527249686419964
  landing: 0.019336450845003128
  view-data: 0.28101383708417416
