times:
  edit-metadata: 1.4734235629439354
  landing: 0.9415849521756172
  view-data: 3.3239816650748253
