times:
  edit-metadata: 2.3279329277575016
  landing: 1.2697414830327034
  view-data: 3.3674433641135693
