times:
  edit-metadata: 2.5339111890643835
  landing: 1.2979227639734745
  view-data: 3.3979919143021107
