times:
  edit-metadata: 1.534717446193099
  landing: 0.789262818172574
  view-data: 3.3505719397217035
