times:
  edit-metadata: 1.425198271870613
  landing: 0.8773204311728477
  view-data: 3.399571258574724
