times:
  edit-metadata: 1.4232748448848724
  landing: 1.4680161662399769
  view-data: 3.3616664186120033
