times:
  edit-metadata: 1.9252777304500341
  landing: 0.022944608703255653
  view-data: 0.33760042767971754
