times:
  edit-metadata: 1.924146806821227
  landing: 0.02114281989634037
  view-data: 0.3763633845373988
