times:
  edit-metadata: 1.5273775709792972
  landing: 0.8322267653420568
  view-data: 3.3665961073711514
