times:
  edit-metadata: 2.0106625352054834
  landing: 0.13855814561247826
  view-data: 0.12621424719691277
