times:
  edit-metadata: 1.3521739393472672
  landing: 0.019956219010055065
  view-data: 0.024228058755397797
