times:
  edit-metadata: 1.064583227969706
  landing: 0.04567987297195941
  view-data: 0.2530757109634578
