times:
  edit-metadata: 1.5800491929985583
  landing: 0.8558344320626929
  view-data: 3.3302335429470986
