times:
  edit-metadata: 1.5400969199836254
  landing: 0.8054784350097179
  view-data: 3.3315386436879635
