times:
  edit-metadata: 0.45182775892317295
  landing: 0.0538327107205987
  view-data: 0.20832622982561588
