times:
  edit-metadata: 1.3316667517647147
  landing: 0.01996914390474558
  view-data: 0.11901208758354187
