times:
  edit-metadata: 2.037937795743346
  landing: 0.021249905228614807
  view-data: 0.3449545409530401
