times:
  edit-metadata: 1.0391035260399804
  landing: 0.05152881098911166
  view-data: 0.27025529195088893
