times:
  edit-metadata: 1.5903153326362371
  landing: 0.8522098436951637
  view-data: 3.2619954515248537
