times:
  edit-metadata: 1.5728211849927902
  landing: 0.8927068822085857
  view-data: 3.4106617756187916
