times:
  edit-metadata: 1.9236783552914858
  landing: 0.12077834084630013
  view-data: 0.3278898848220706
