times:
  edit-metadata: 2.385365253314376
  landing: 0.04553454741835594
  view-data: 0.03133525978773832
