times:
  edit-metadata: 1.0094515229575336
  landing: 0.053986586863175035
  view-data: 0.2520263360347599
