times:
  edit-metadata: 1.5129145476967096
  landing: 0.7865926921367645
  view-data: 3.4089469350874424
