times:
  edit-metadata: 2.6171945724636316
  landing: 0.1806748192757368
  view-data: 0.48273220658302307
