times:
  edit-metadata: 2.439636565744877
  landing: 1.2551917769014835
  view-data: 3.7197000980377197
