times:
  edit-metadata: 2.198545955121517
  landing: 1.3136970736086369
  view-data: 3.417886583134532
