times:
  edit-metadata: 2.063636587932706
  landing: 0.43860419653356075
  view-data: 0.02670472487807274
