times:
  edit-metadata: 1.8167938441038132
  landing: 0.8717529587447643
  view-data: 3.3829296976327896
