times:
  edit-metadata: 2.092578047886491
  landing: 0.1529442621394992
  view-data: 0.5807591751217842
