times:
  edit-metadata: 1.5625494793057442
  landing: 0.8411886040121317
  view-data: 3.4111241083592176
