times:
  edit-metadata: 1.5544942524284124
  landing: 0.8500359356403351
  view-data: 3.4442014638334513
