times:
  edit-metadata: 1.4474061448127031
  landing: 0.8822991326451302
  view-data: 3.361206104978919
