times:
  edit-metadata: 1.9646019330248237
  landing: 0.021259273402392864
  view-data: 0.02545698918402195
