times:
  edit-metadata: 1.9159608576446772
  landing: 0.019665688276290894
  view-data: 0.026939641684293747
