times:
  edit-metadata: 2.063440889120102
  landing: 1.1991459242999554
  view-data: 3.439671479165554
