times:
  edit-metadata: 1.2727947533130646
  landing: 0.09304521791636944
  view-data: 0.23317508213222027
