times:
  edit-metadata: 2.108884686604142
  landing: 0.14791464991867542
  view-data: 0.2826961949467659
