times:
  edit-metadata: 4.194075368344784
  landing: 0.046543188393116
  view-data: 0.040452735498547554
