times:
  edit-metadata: 1.9278715243563056
  landing: 0.02156606689095497
  view-data: 0.22672723978757858
