times:
  edit-metadata: 1.0358795459615067
  landing: 0.04458289698231965
  view-data: 0.251887547026854
