times:
  edit-metadata: 1.5376936867833138
  landing: 0.8167502041906118
  view-data: 3.4508359506726265
