times:
  edit-metadata: 1.5362199638038874
  landing: 0.8115820046514273
  view-data: 3.4085804745554924
