times:
  edit-metadata: 2.0871203672140837
  landing: 0.021360499784350395
  view-data: 0.1363858263939619
