times:
  edit-metadata: 1.5689169466495514
  landing: 0.9895423501729965
  view-data: 3.371908200904727
