times:
  edit-metadata: 1.0316285339940805
  landing: 0.042647827009204775
  view-data: 0.25099929398857057
