times:
  edit-metadata: 0.4611409902572632
  landing: 0.05532701686024666
  view-data: 0.20485456939786673
