times:
  edit-metadata: 2.3795076850801706
  landing: 0.32066232711076736
  view-data: 0.362741781398654
