times:
  edit-metadata: 2.624812551002833
  landing: 0.20904364099988015
  view-data: 0.5081073280016426
