times:
  edit-metadata: 1.3900785278528929
  landing: 0.9622334721498191
  view-data: 3.395919834729284
