times:
  edit-metadata: 1.4390506306663156
  landing: 0.8547114264219999
  view-data: 3.3438851730898023
