times:
  edit-metadata: 1.958855147473514
  landing: 0.02227212768048048
  view-data: 0.11988565605133772
