times:
  edit-metadata: 1.876288989558816
  landing: 1.1880626548081636
  view-data: 3.4603057745844126
