times:
  edit-metadata: 1.595300778746605
  landing: 0.8336279261857271
  view-data: 3.399813862517476
