times:
  edit-metadata: 1.5765446946024895
  landing: 0.8665813058614731
  view-data: 3.4363352954387665
