times:
  edit-metadata: 1.5601226724684238
  landing: 0.8885549008846283
  view-data: 3.4578592255711555
