times:
  edit-metadata: 1.7913863565772772
  landing: 1.0112295811995864
  view-data: 3.460321989841759
