times:
  edit-metadata: 2.0263147400692105
  landing: 0.02275238186120987
  view-data: 0.10688058938831091
