times:
  edit-metadata: 1.3059284184128046
  landing: 0.0983550501987338
  view-data: 0.10107011534273624
