times:
  edit-metadata: 1.0105228670872748
  landing: 0.05965735693462193
  view-data: 0.2668466030154377
