times:
  edit-metadata: 2.095866022631526
  landing: 0.09640266373753548
  view-data: 0.2932929005473852
