times:
  edit-metadata: 1.0572520099813119
  landing: 0.04029085405636579
  view-data: 0.2504806260112673
