times:
  edit-metadata: 1.7112076431512833
  landing: 1.1458060219883919
  view-data: 3.3940131962299347
