times:
  edit-metadata: 1.4597651287913322
  landing: 0.7735936120152473
  view-data: 3.5466079860925674
