times:
  edit-metadata: 1.4259352907538414
  landing: 0.768305130302906
  view-data: 3.4178960099816322
