times:
  edit-metadata: 1.4051277749240398
  landing: 0.8743937388062477
  view-data: 3.346617016941309
