times:
  edit-metadata: 1.4045087583363056
  landing: 1.1779953464865685
  view-data: 3.4333214201033115
