times:
  edit-metadata: 1.3768037669360638
  landing: 1.049953542649746
  view-data: 3.3574659898877144
