times:
  edit-metadata: 1.3876707777380943
  landing: 0.7962290793657303
  view-data: 3.4981496185064316
