times:
  edit-metadata: 1.5038847401738167
  landing: 0.8722433634102345
  view-data: 3.256437599658966
