times:
  edit-metadata: 1.5139568857848644
  landing: 0.8114045821130276
  view-data: 3.343632187694311
