times:
  edit-metadata: 1.4261468462646008
  landing: 0.8272547870874405
  view-data: 3.6038792058825493
