times:
  edit-metadata: 1.4698065109550953
  landing: 0.7611117660999298
  view-data: 3.266087718307972
