times:
  edit-metadata: 1.431626558303833
  landing: 0.759686067700386
  view-data: 3.544758215546608
