times:
  edit-metadata: 1.513444934040308
  landing: 0.8662027157843113
  view-data: 3.3476118110120296
