times:
  edit-metadata: 1.402348056435585
  landing: 0.79902283847332
  view-data: 3.4464652314782143
