times:
  edit-metadata: 1.6412819251418114
  landing: 0.9013623222708702
  view-data: 3.3259023427963257
