times:
  edit-metadata: 1.417190358042717
  landing: 0.8249714225530624
  view-data: 3.3661701157689095
