times:
  edit-metadata: 1.6185951605439186
  landing: 0.8843566700816154
  view-data: 3.3735237792134285
