times:
  edit-metadata: 1.3978617303073406
  landing: 0.7750445902347565
  view-data: 3.2929039299488068
