times:
  edit-metadata: 1.4389735646545887
  landing: 0.9231717698276043
  view-data: 3.392805650830269
