times:
  edit-metadata: 1.8151601888239384
  landing: 0.9395500123500824
  view-data: 3.326801974326372
