times:
  edit-metadata: 1.472933754324913
  landing: 0.8521358445286751
  view-data: 3.4759047999978065
