times:
  edit-metadata: 2.0120697617530823
  landing: 0.9939154535531998
  view-data: 3.399942770600319
