times:
  edit-metadata: 1.4624356739223003
  landing: 0.7908231914043427
  view-data: 3.3831036910414696
