times:
  edit-metadata: 1.3958140462636948
  landing: 0.7380610555410385
  view-data: 3.45879078656435
