times:
  edit-metadata: 1.4475873038172722
  landing: 0.8003771677613258
  view-data: 3.5056519135832787
