times:
  edit-metadata: 1.5635411962866783
  landing: 0.8082128874957561
  view-data: 3.327451813966036
