times:
  edit-metadata: 1.4218385815620422
  landing: 0.7968241274356842
  view-data: 3.4855624809861183
