times:
  edit-metadata: 1.4753975681960583
  landing: 0.8741682320833206
  view-data: 3.317831799387932
