times:
  edit-metadata: 1.4545687586069107
  landing: 0.9745497293770313
  view-data: 3.3398433178663254
