times:
  edit-metadata: 1.4471473544836044
  landing: 0.709008201956749
  view-data: 3.4972044602036476
