times:
  edit-metadata: 1.4606028273701668
  landing: 0.8105177208781242
  view-data: 3.3510587103664875
