times:
  edit-metadata: 1.4753707870841026
  landing: 0.7857956737279892
  view-data: 3.3073844388127327
