times:
  edit-metadata: 1.5914608016610146
  landing: 1.0010980851948261
  view-data: 3.361116960644722
