times:
  edit-metadata: 1.2582866474986076
  landing: 0.8512718677520752
  view-data: 3.354832597076893
