times:
  edit-metadata: 1.3955620378255844
  landing: 0.7161584943532944
  view-data: 3.419631414115429
