times:
  edit-metadata: 1.4031747877597809
  landing: 0.8197617754340172
  view-data: 3.6274355724453926
