times:
  edit-metadata: 1.4325464069843292
  landing: 0.83298659324646
  view-data: 3.5424181893467903
