times:
  edit-metadata: 1.5472800135612488
  landing: 0.8182322084903717
  view-data: 3.4823911041021347
