times:
  edit-metadata: 1.4562516137957573
  landing: 0.8539944961667061
  view-data: 3.512722782790661
