times:
  edit-metadata: 1.3801793456077576
  landing: 0.7471473440527916
  view-data: 3.343430496752262
