times:
  edit-metadata: 1.6441564969718456
  landing: 0.8324080035090446
  view-data: 3.3741530179977417
