times:
  edit-metadata: 1.4310010224580765
  landing: 0.7426443174481392
  view-data: 3.570193335413933
