times:
  edit-metadata: 1.4585078805685043
  landing: 0.7529600635170937
  view-data: 3.5536621659994125
