times:
  edit-metadata: 1.4500584453344345
  landing: 0.7876784428954124
  view-data: 3.486512579023838
