times:
  edit-metadata: 1.56908955052495
  landing: 0.8489539362490177
  view-data: 3.306698650121689
