times:
  edit-metadata: 1.4886631593108177
  landing: 0.7958283424377441
  view-data: 3.495950162410736
