times:
  edit-metadata: 1.4418531358242035
  landing: 0.779313288629055
  view-data: 3.469592086970806
