times:
  edit-metadata: 1.4216859191656113
  landing: 0.7677637487649918
  view-data: 3.408812403678894
