times:
  edit-metadata: 1.3714613616466522
  landing: 0.7933308109641075
  view-data: 3.5356178283691406
