times:
  edit-metadata: 1.7506646886467934
  landing: 0.8852188885211945
  view-data: 3.7254544124007225
