times:
  edit-metadata: 1.351737454533577
  landing: 0.8013591952621937
  view-data: 3.3033022098243237
