times:
  edit-metadata: 1.4501589052379131
  landing: 0.7780978828668594
  view-data: 3.3026019632816315
