times:
  edit-metadata: 1.4880776703357697
  landing: 0.7937441617250443
  view-data: 3.5045979246497154
