times:
  edit-metadata: 2.249256081879139
  landing: 1.1701973378658295
  view-data: 3.499723270535469
