times:
  edit-metadata: 1.4037302285432816
  landing: 0.7420554757118225
  view-data: 3.529228113591671
