times:
  edit-metadata: 1.722770370543003
  landing: 1.1073864810168743
  view-data: 3.344355281442404
