times:
  edit-metadata: 1.6363267749547958
  landing: 0.8348081633448601
  view-data: 3.4652257189154625
