times:
  edit-metadata: 1.4786499068140984
  landing: 0.7861677184700966
  view-data: 3.49936206638813
