times:
  edit-metadata: 1.521409533917904
  landing: 0.7813043966889381
  view-data: 3.467238150537014
