times:
  edit-metadata: 1.4631769955158234
  landing: 0.8769953697919846
  view-data: 3.390132926404476
