times:
  edit-metadata: 1.4022232219576836
  landing: 0.7792878821492195
  view-data: 3.395290896296501
