times:
  edit-metadata: 1.441547267138958
  landing: 0.8005047179758549
  view-data: 3.350835457444191
