times:
  edit-metadata: 1.4148053862154484
  landing: 0.8614680171012878
  view-data: 3.282013203948736
