times:
  edit-metadata: 1.4283230230212212
  landing: 0.834927499294281
  view-data: 3.291187558323145
