times:
  edit-metadata: 1.5167762860655785
  landing: 0.8620027042925358
  view-data: 3.2757963985204697
