times:
  edit-metadata: 1.4421347454190254
  landing: 0.7457523122429848
  view-data: 3.46061934530735
