times:
  edit-metadata: 1.9063211232423782
  landing: 1.07536481320858
  view-data: 3.4964886382222176
