times:
  edit-metadata: 1.3972621336579323
  landing: 0.8163409978151321
  view-data: 3.523461401462555
