times:
  edit-metadata: 1.438097968697548
  landing: 0.803540900349617
  view-data: 3.5236790031194687
