times:
  edit-metadata: 1.6151599772274494
  landing: 0.9455226548016071
  view-data: 3.352890059351921
