times:
  edit-metadata: 1.4594890922307968
  landing: 0.7538912072777748
  view-data: 3.5060731768608093
