times:
  edit-metadata: 1.4483796209096909
  landing: 0.844732079654932
  view-data: 3.38791149482131
