times:
  edit-metadata: 1.4793619364500046
  landing: 0.8419227600097656
  view-data: 3.4008441790938377
