times:
  edit-metadata: 1.44324554130435
  landing: 0.8841787725687027
  view-data: 3.3307111859321594
