times:
  edit-metadata: 1.4441585466265678
  landing: 0.7942632958292961
  view-data: 3.279254727065563
