times:
  edit-metadata: 1.461456075310707
  landing: 0.804408073425293
  view-data: 3.27559145539999
