times:
  edit-metadata: 1.422472819685936
  landing: 0.8436801433563232
  view-data: 3.5681453570723534
