times:
  edit-metadata: 1.403363112360239
  landing: 0.7688266187906265
  view-data: 3.3267360255122185
