times:
  edit-metadata: 1.3555856719613075
  landing: 0.7878236100077629
  view-data: 3.3275816291570663
