times:
  edit-metadata: 1.4654252529144287
  landing: 0.7649039253592491
  view-data: 3.38556732237339
