times:
  edit-metadata: 1.376451388001442
  landing: 0.8350548669695854
  view-data: 3.36617349088192
