times:
  edit-metadata: 1.3864027075469494
  landing: 0.7640527933835983
  view-data: 3.3409991338849068
