times:
  edit-metadata: 1.4441997483372688
  landing: 0.9744624346494675
  view-data: 3.3219256587326527
