times:
  edit-metadata: 1.3853118121623993
  landing: 0.7257831692695618
  view-data: 3.4638535901904106
