times:
  edit-metadata: 1.544557236135006
  landing: 0.9105883687734604
  view-data: 3.3349098563194275
