times:
  edit-metadata: 1.4877571389079094
  landing: 0.8209240883588791
  view-data: 3.5310788825154305
