times:
  edit-metadata: 1.4244061261415482
  landing: 0.7261305749416351
  view-data: 3.510293185710907
