times:
  edit-metadata: 1.4205603301525116
  landing: 0.8089378923177719
  view-data: 3.5190118104219437
