times:
  edit-metadata: 1.68841402977705
  landing: 0.8601508997380733
  view-data: 3.317578837275505
