times:
  edit-metadata: 1.366858258843422
  landing: 0.8272391632199287
  view-data: 3.5271672531962395
