times:
  edit-metadata: 1.9583983570337296
  landing: 0.8659999892115593
  view-data: 4.24871800839901
