times:
  edit-metadata: 1.3763895519077778
  landing: 0.885296169668436
  view-data: 3.3248906396329403
