times:
  edit-metadata: 1.4394311159849167
  landing: 0.7282073199748993
  view-data: 3.5222657546401024
