times:
  edit-metadata: 1.4655705317854881
  landing: 0.7729759961366653
  view-data: 3.5551005825400352
