times:
  edit-metadata: 1.408669300377369
  landing: 0.9365194365382195
  view-data: 3.458193026483059
