times:
  edit-metadata: 1.3559915572404861
  landing: 0.7672292999923229
  view-data: 3.314086802303791
