times:
  edit-metadata: 1.4123912751674652
  landing: 0.7551689147949219
  view-data: 3.3077072724699974
