times:
  edit-metadata: 1.396017625927925
  landing: 0.7529103383421898
  view-data: 3.6062557250261307
