times:
  edit-metadata: 1.3988674879074097
  landing: 0.7775557711720467
  view-data: 3.300194375216961
