times:
  edit-metadata: 1.4657523036003113
  landing: 0.8296627476811409
  view-data: 3.383402492851019
