times:
  edit-metadata: 1.4737638682127
  landing: 0.7569179311394691
  view-data: 3.485222414135933
