times:
  edit-metadata: 1.3945722952485085
  landing: 0.7952122576534748
  view-data: 3.285917706787586
