times:
  edit-metadata: 1.4316349923610687
  landing: 0.8550150617957115
  view-data: 3.3197760581970215
