times:
  edit-metadata: 1.4791435897350311
  landing: 0.810987051576376
  view-data: 3.2930584996938705
