times:
  edit-metadata: 1.4234201535582542
  landing: 0.7934662327170372
  view-data: 3.470497079193592
