times:
  edit-metadata: 1.497092254459858
  landing: 0.8422214537858963
  view-data: 3.369634874165058
