times:
  edit-metadata: 2.0440271757543087
  landing: 1.30476039275527
  view-data: 3.7883318290114403
