times:
  edit-metadata: 1.5934491008520126
  landing: 0.8770333528518677
  view-data: 3.3138499408960342
