times:
  edit-metadata: 1.4015050493180752
  landing: 0.86734888702631
  view-data: 3.3085148856043816
