times:
  edit-metadata: 1.3663645349442959
  landing: 0.8311674073338509
  view-data: 3.314737718552351
