times:
  edit-metadata: 1.430312380194664
  landing: 0.8491425663232803
  view-data: 3.491618312895298
