times:
  edit-metadata: 1.4543765112757683
  landing: 0.7809299938380718
  view-data: 3.2866369113326073
