times:
  edit-metadata: 1.5087160430848598
  landing: 1.0019811689853668
  view-data: 3.2971399389207363
