times:
  edit-metadata: 1.4165963754057884
  landing: 0.7676990702748299
  view-data: 3.393197901546955
