times:
  edit-metadata: 1.3988295458257198
  landing: 0.8221708238124847
  view-data: 3.3108447790145874
