times:
  edit-metadata: 1.3859008848667145
  landing: 0.80011086165905
  view-data: 3.458971008658409
