times:
  edit-metadata: 1.5597906559705734
  landing: 0.855331264436245
  view-data: 3.2846406996250153
