times:
  edit-metadata: 1.4514841921627522
  landing: 0.8235553205013275
  view-data: 3.3920060358941555
