times:
  edit-metadata: 1.5440905950963497
  landing: 0.7851903960108757
  view-data: 3.3338321186602116
