times:
  edit-metadata: 1.5275451317429543
  landing: 0.9052145704627037
  view-data: 3.357564315199852
