times:
  edit-metadata: 1.5302543118596077
  landing: 0.970907635986805
  view-data: 3.3597163930535316
