times:
  edit-metadata: 1.6120828092098236
  landing: 0.8509756773710251
  view-data: 3.5009291917085648
