times:
  edit-metadata: 1.4149527922272682
  landing: 0.7051197662949562
  view-data: 3.43774151802063
