times:
  edit-metadata: 1.3987531810998917
  landing: 0.763700895011425
  view-data: 3.289931043982506
