times:
  edit-metadata: 1.5177685618400574
  landing: 0.831306666135788
  view-data: 3.353036865592003
