times:
  edit-metadata: 1.3843992426991463
  landing: 0.7802403084933758
  view-data: 3.349718540906906
