times:
  edit-metadata: 2.2006978541612625
  landing: 1.2375743612647057
  view-data: 3.754025362432003
