times:
  edit-metadata: 1.3627556078135967
  landing: 0.8330408297479153
  view-data: 3.2840815782546997
