times:
  edit-metadata: 1.5624258890748024
  landing: 0.9390292391180992
  view-data: 3.37547754868865
