times:
  edit-metadata: 1.6321844160556793
  landing: 0.8961149379611015
  view-data: 3.304449178278446
