times:
  edit-metadata: 1.4138965532183647
  landing: 0.806995078921318
  view-data: 3.2997803911566734
