times:
  edit-metadata: 1.9035835787653923
  landing: 1.014292560517788
  view-data: 3.5558313354849815
