times:
  edit-metadata: 1.364027976989746
  landing: 0.7672052644193172
  view-data: 3.351537737995386
