times:
  edit-metadata: 1.351003222167492
  landing: 0.7980159632861614
  view-data: 3.29225992038846
