times:
  edit-metadata: 1.3678914345800877
  landing: 0.8965682685375214
  view-data: 3.3094817213714123
