times:
  edit-metadata: 1.5649250075221062
  landing: 0.8738698437809944
  view-data: 3.3866565972566605
