times:
  edit-metadata: 1.5089210160076618
  landing: 0.9440759420394897
  view-data: 3.5018872283399105
