times:
  edit-metadata: 2.216223858296871
  landing: 1.348103180527687
  view-data: 3.558636300265789
