times:
  edit-metadata: 1.430708110332489
  landing: 0.7981265336275101
  view-data: 3.5028835982084274
