times:
  edit-metadata: 1.4744338430464268
  landing: 0.830079510807991
  view-data: 3.332877527922392
