times:
  edit-metadata: 1.4179314970970154
  landing: 0.7623219266533852
  view-data: 3.2661752812564373
