times:
  edit-metadata: 1.5539539158344269
  landing: 0.899495430290699
  view-data: 3.563246004283428
