times:
  edit-metadata: 1.447459377348423
  landing: 0.7761140540242195
  view-data: 3.5105598643422127
