times:
  edit-metadata: 1.4300278648734093
  landing: 0.7733981981873512
  view-data: 3.4334064573049545
