times:
  edit-metadata: 1.4996049776673317
  landing: 0.8602472320199013
  view-data: 3.3564016968011856
