times:
  edit-metadata: 1.5274346321821213
  landing: 0.7104150094091892
  view-data: 3.3299083970487118
