times:
  edit-metadata: 1.5649957582354546
  landing: 0.9627675563097
  view-data: 3.530054599046707
