times:
  edit-metadata: 1.4311113208532333
  landing: 1.0176789909601212
  view-data: 3.335480533540249
