times:
  edit-metadata: 1.4784897901117802
  landing: 0.874541062861681
  view-data: 3.335353374481201
