times:
  edit-metadata: 1.5350754112005234
  landing: 0.805422879755497
  view-data: 3.5473665446043015
