times:
  edit-metadata: 1.5078849717974663
  landing: 0.8314690068364143
  view-data: 3.2915961667895317
