times:
  edit-metadata: 2.7474182471632957
  landing: 1.8050776794552803
  view-data: 3.5105406120419502
