times:
  edit-metadata: 1.4367229789495468
  landing: 0.7472666800022125
  view-data: 3.479924000799656
