times:
  edit-metadata: 1.5172188729047775
  landing: 0.8092629984021187
  view-data: 3.334168091416359
