times:
  edit-metadata: 1.491590041667223
  landing: 0.8127895407378674
  view-data: 3.3376739993691444
