times:
  edit-metadata: 1.5002865195274353
  landing: 0.7146357223391533
  view-data: 3.2907348200678825
