times:
  edit-metadata: 1.5458974391222
  landing: 0.8136457204818726
  view-data: 3.573216699063778
