times:
  edit-metadata: 1.4448471888899803
  landing: 0.7184545919299126
  view-data: 3.31408105045557
