times:
  edit-metadata: 1.4349105432629585
  landing: 0.7597895599901676
  view-data: 3.30370107665658
