times:
  edit-metadata: 2.767180137336254
  landing: 1.6164935603737831
  view-data: 4.317504771053791
