times:
  edit-metadata: 1.4509286936372519
  landing: 0.7869643848389387
  view-data: 3.368005173280835
