times:
  edit-metadata: 1.360945612192154
  landing: 0.7887963354587555
  view-data: 3.377779971808195
