times:
  edit-metadata: 1.4947064630687237
  landing: 1.010648861527443
  view-data: 3.338823415338993
