times:
  edit-metadata: 1.605144441127777
  landing: 1.064600570127368
  view-data: 3.337910819798708
