times:
  edit-metadata: 1.425903420895338
  landing: 0.9178192391991615
  view-data: 3.3503327816724777
