times:
  edit-metadata: 1.4371030777692795
  landing: 0.8503112085163593
  view-data: 3.3404125198721886
