times:
  edit-metadata: 1.4856994487345219
  landing: 1.0958720706403255
  view-data: 3.375871419906616
