times:
  edit-metadata: 1.5222705975174904
  landing: 0.9096411988139153
  view-data: 3.364506132900715
