times:
  edit-metadata: 1.5859472006559372
  landing: 1.1201667338609695
  view-data: 3.4323296025395393
