times:
  edit-metadata: 1.613314677029848
  landing: 0.9806295111775398
  view-data: 3.4110166542232037
