times:
  edit-metadata: 1.5282172672450542
  landing: 1.0165502205491066
  view-data: 3.3533533811569214
