times:
  edit-metadata: 1.4714687913656235
  landing: 0.8821842595934868
  view-data: 3.2960521429777145
