times:
  edit-metadata: 1.548984568566084
  landing: 0.9183438941836357
  view-data: 3.330408301204443
