times:
  edit-metadata: 1.5453190244734287
  landing: 0.8157058991491795
  view-data: 3.4165387488901615
