times:
  edit-metadata: 1.5276869907975197
  landing: 0.9354391396045685
  view-data: 3.3708921894431114
