times:
  edit-metadata: 1.4857406318187714
  landing: 0.9845828115940094
  view-data: 3.279302779585123
