times:
  edit-metadata: 1.4573240019381046
  landing: 0.7494576647877693
  view-data: 3.2925993744283915
