times:
  edit-metadata: 1.4476000368595123
  landing: 0.7651716247200966
  view-data: 3.4164291974157095
