times:
  edit-metadata: 1.4998162351548672
  landing: 0.9008030947297812
  view-data: 3.315183797851205
