times:
  edit-metadata: 1.5323529299348593
  landing: 0.839480884373188
  view-data: 3.32478759996593
