times:
  edit-metadata: 2.2841849476099014
  landing: 1.6929338462650776
  view-data: 3.7917366698384285
