times:
  edit-metadata: 2.615226723253727
  landing: 1.5325505696237087
  view-data: 3.46764962002635
