times:
  edit-metadata: 1.884524391964078
  landing: 1.0003304798156023
  view-data: 3.387948727235198
