times:
  edit-metadata: 1.5134968422353268
  landing: 1.0228889621794224
  view-data: 3.4075904600322247
