times:
  edit-metadata: 1.7485783100128174
  landing: 1.0924091413617134
  view-data: 3.3810090459883213
