times:
  edit-metadata: 1.6265047639608383
  landing: 0.7594319432973862
  view-data: 3.3386852219700813
