times:
  edit-metadata: 1.561915673315525
  landing: 0.8303995989263058
  view-data: 3.359449252486229
