times:
  edit-metadata: 1.5494233462959528
  landing: 0.9004252981394529
  view-data: 3.3002703599631786
