times:
  edit-metadata: 1.4618519246578217
  landing: 0.9986714832484722
  view-data: 3.4087111242115498
