times:
  edit-metadata: 1.4848339576274157
  landing: 0.7519017308950424
  view-data: 3.353059435263276
