times:
  edit-metadata: 1.5848033390939236
  landing: 0.819630166515708
  view-data: 3.4434222411364317
