times:
  edit-metadata: 1.5036616437137127
  landing: 0.8009160477668047
  view-data: 3.4064324516803026
