times:
  edit-metadata: 1.4709369596093893
  landing: 0.9378446992486715
  view-data: 3.392311081290245
