times:
  edit-metadata: 1.5285418555140495
  landing: 0.9520333744585514
  view-data: 3.332429673522711
