times:
  edit-metadata: 1.7641206216067076
  landing: 1.4541451185941696
  view-data: 3.378679322078824
