times:
  edit-metadata: 1.5789607632905245
  landing: 1.0975963920354843
  view-data: 3.3659920040518045
