times:
  edit-metadata: 1.6904769986867905
  landing: 1.0349744446575642
  view-data: 3.3701318949460983
