times:
  edit-metadata: 1.476430058479309
  landing: 0.9654568508267403
  view-data: 3.316104957833886
