times:
  edit-metadata: 2.0078979544341564
  landing: 1.8895904645323753
  view-data: 3.5713571533560753
