times:
  edit-metadata: 1.3608622923493385
  landing: 0.753106813877821
  view-data: 3.416506042703986
