times:
  edit-metadata: 1.6718495711684227
  landing: 1.1715503074228764
  view-data: 3.3370099514722824
