times:
  edit-metadata: 1.3457264453172684
  landing: 0.7906857840716839
  view-data: 3.342089142650366
