times:
  edit-metadata: 1.47283099219203
  landing: 0.8819760028272867
  view-data: 3.469334302470088
