times:
  edit-metadata: 1.7380501199513674
  landing: 0.8914728555828333
  view-data: 3.2814926113933325
