times:
  edit-metadata: 1.9962012581527233
  landing: 1.1629654467105865
  view-data: 3.4627210423350334
