times:
  edit-metadata: 1.5046466775238514
  landing: 1.077956322580576
  view-data: 3.3952869549393654
