times:
  edit-metadata: 1.3987154476344585
  landing: 1.1104451641440392
  view-data: 3.32201786711812
