times:
  edit-metadata: 2.0919431895017624
  landing: 1.0006235726177692
  view-data: 3.3310552537441254
