times:
  edit-metadata: 1.3663892485201359
  landing: 0.816098690032959
  view-data: 3.291650801897049
