times:
  edit-metadata: 1.6303668916225433
  landing: 0.9987273439764977
  view-data: 3.3968240469694138
