times:
  edit-metadata: 1.640507536008954
  landing: 0.9295285437256098
  view-data: 3.41092387214303
