times:
  edit-metadata: 1.400739848613739
  landing: 0.8493686635047197
  view-data: 3.4116501566022635
