times:
  edit-metadata: 1.5930783357471228
  landing: 0.7696434166282415
  view-data: 3.367289997637272
