times:
  edit-metadata: 1.5853947028517723
  landing: 0.8405741173774004
  view-data: 3.445575701072812
