times:
  edit-metadata: 2.152910202741623
  landing: 1.4295144826173782
  view-data: 3.3170186169445515
