times:
  edit-metadata: 1.8156938515603542
  landing: 1.2178220227360725
  view-data: 3.435919687151909
