times:
  edit-metadata: 1.4822952561080456
  landing: 0.9463325515389442
  view-data: 3.3245909698307514
