times:
  edit-metadata: 1.576021110638976
  landing: 0.8830945268273354
  view-data: 3.4264113567769527
