times:
  edit-metadata: 1.387020517140627
  landing: 0.8288440145552158
  view-data: 3.3290556482970715
