times:
  edit-metadata: 1.7710093837231398
  landing: 0.919470677152276
  view-data: 3.5651593059301376
