times:
  edit-metadata: 1.403977919369936
  landing: 0.8386009763926268
  view-data: 3.365277076140046
