times:
  edit-metadata: 1.3931281566619873
  landing: 0.7869074456393719
  view-data: 3.3997613713145256
