times:
  edit-metadata: 1.505689699202776
  landing: 0.9577827267348766
  view-data: 3.3243397772312164
