times:
  edit-metadata: 1.4688187688589096
  landing: 1.4339980892837048
  view-data: 3.3128864727914333
