times:
  edit-metadata: 1.537600176408887
  landing: 0.8332374468445778
  view-data: 3.412073476240039
