times:
  edit-metadata: 5.002329081296921
  landing: 2.652510479092598
  view-data: 3.526079259812832
