times:
  edit-metadata: 1.9784557428210974
  landing: 1.0832411088049412
  view-data: 3.466126088052988
