times:
  edit-metadata: 1.4949438273906708
  landing: 1.003022063523531
  view-data: 3.398995339870453
