times:
  edit-metadata: 1.8829680904746056
  landing: 0.8960301764309406
  view-data: 3.2531189508736134
