times:
  edit-metadata: 1.5104322470724583
  landing: 0.9383443854749203
  view-data: 3.4200286604464054
