times:
  edit-metadata: 1.5996385850012302
  landing: 1.1079287864267826
  view-data: 3.3674865141510963
