times:
  edit-metadata: 1.3707784377038479
  landing: 0.6964639648795128
  view-data: 3.3784286063164473
