times:
  edit-metadata: 2.79878032207489
  landing: 2.452721670269966
  view-data: 3.5271766372025013
