times:
  edit-metadata: 1.8549683764576912
  landing: 1.0621346980333328
  view-data: 1.5303323082625866
