times:
  edit-metadata: 3.0065379310399294
  landing: 1.3988993652164936
  view-data: 4.238552181050181
