times:
  edit-metadata: 1.3754606284201145
  landing: 0.7067737225443125
  view-data: 3.468617256730795
