times:
  edit-metadata: 1.4761161357164383
  landing: 0.9065494369715452
  view-data: 3.3897836059331894
