times:
  edit-metadata: 1.568983532488346
  landing: 0.9337186217308044
  view-data: 3.411893155425787
