times:
  edit-metadata: 1.4819816518574953
  landing: 0.8885928727686405
  view-data: 3.3315000981092453
