times:
  edit-metadata: 1.7459947764873505
  landing: 0.9936490058898926
  view-data: 3.4765503741800785
