times:
  edit-metadata: 2.0788356605917215
  landing: 1.3041809145361185
  view-data: 3.473657188937068
