times:
  edit-metadata: 1.3592280372977257
  landing: 0.741827730089426
  view-data: 3.3694326505064964
