times:
  edit-metadata: 1.6890504136681557
  landing: 1.0407755374908447
  view-data: 3.4007840752601624
