times:
  edit-metadata: 1.6133980005979538
  landing: 0.8983922228217125
  view-data: 3.330035265535116
