times:
  edit-metadata: 1.4300692044198513
  landing: 0.7631386704742908
  view-data: 3.264293070882559
