times:
  edit-metadata: 1.4484923165291548
  landing: 0.7218816988170147
  view-data: 3.2938013710081577
