times:
  edit-metadata: 1.7281918935477734
  landing: 7.542913012206554
  view-data: 3.393458567559719
