times:
  edit-metadata: 1.6118342746049166
  landing: 1.0461623799055815
  view-data: 3.2961331885308027
