times:
  edit-metadata: 1.6388642750680447
  landing: 1.0427031591534615
  view-data: 3.5093197859823704
