times:
  edit-metadata: 1.586997415870428
  landing: 1.078160298988223
  view-data: 3.3353527188301086
