times:
  edit-metadata: 1.9798720814287663
  landing: 1.2822433225810528
  view-data: 4.470526151359081
