times:
  edit-metadata: 1.3802317045629025
  landing: 0.7140081413090229
  view-data: 3.3110721185803413
