times:
  edit-metadata: 1.7033167779445648
  landing: 0.7932615503668785
  view-data: 3.3383522368967533
