times:
  edit-metadata: 1.544739369302988
  landing: 0.9435148313641548
  view-data: 3.37447777017951
