times:
  edit-metadata: 1.5159268751740456
  landing: 0.7058119177818298
  view-data: 3.358912665396929
