times:
  edit-metadata: 1.592366959899664
  landing: 0.8979879692196846
  view-data: 3.4056780599057674
