times:
  edit-metadata: 1.5635571274906397
  landing: 0.7692864220589399
  view-data: 3.4228347651660442
