times:
  edit-metadata: 1.3367811907082796
  landing: 0.8330883979797363
  view-data: 3.3707119673490524
