times:
  edit-metadata: 1.3932984620332718
  landing: 0.9912699684500694
  view-data: 3.3790797851979733
