times:
  edit-metadata: 1.41272565536201
  landing: 0.7927422784268856
  view-data: 3.339694580063224
