times:
  edit-metadata: 1.6615857537835836
  landing: 1.0458233822137117
  view-data: 3.3339803721755743
