times:
  edit-metadata: 1.448459791019559
  landing: 0.907350268214941
  view-data: 3.3448165394365788
