times:
  edit-metadata: 1.6644380427896976
  landing: 0.9319012351334095
  view-data: 3.2601819448173046
