times:
  edit-metadata: 1.5025786347687244
  landing: 1.0255653522908688
  view-data: 3.460119577124715
