times:
  edit-metadata: 1.642509814351797
  landing: 0.9223682321608067
  view-data: 3.3905486315488815
