times:
  edit-metadata: 1.4780551455914974
  landing: 0.8743191175162792
  view-data: 3.4035769924521446
