times:
  edit-metadata: 1.5576333329081535
  landing: 0.8179216757416725
  view-data: 3.398349829018116
