times:
  edit-metadata: 1.534640721976757
  landing: 0.8659549802541733
  view-data: 3.391664057970047
