times:
  edit-metadata: 1.3701501600444317
  landing: 0.9686345718801022
  view-data: 3.3635559491813183
