times:
  edit-metadata: 1.4832775741815567
  landing: 0.7484322134405375
  view-data: 3.308651275932789
