times:
  edit-metadata: 1.5211561508476734
  landing: 1.1049016416072845
  view-data: 3.4410389699041843
