times:
  edit-metadata: 1.4772883653640747
  landing: 0.8959171250462532
  view-data: 3.398522522300482
