times:
  edit-metadata: 1.6960109248757362
  landing: 1.1207794025540352
  view-data: 3.413488656282425
