times:
  edit-metadata: 1.3940623886883259
  landing: 0.7445977404713631
  view-data: 3.3116485476493835
