times:
  edit-metadata: 1.5486460737884045
  landing: 1.1352690309286118
  view-data: 3.334806527942419
