times:
  edit-metadata: 1.4006515592336655
  landing: 0.7773051932454109
  view-data: 3.3009970858693123
