times:
  edit-metadata: 1.3858381360769272
  landing: 0.83654660359025
  view-data: 3.3223457001149654
