times:
  edit-metadata: 1.576433140784502
  landing: 0.8376722596585751
  view-data: 3.4346864745020866
