times:
  edit-metadata: 1.4768989495933056
  landing: 0.9478781558573246
  view-data: 3.3343240581452847
