times:
  edit-metadata: 1.4587576910853386
  landing: 0.7730534877628088
  view-data: 3.3582843095064163
