times:
  edit-metadata: 1.5206845328211784
  landing: 0.7720445729792118
  view-data: 3.4257684014737606
