times:
  edit-metadata: 1.3927794452756643
  landing: 0.8948362953960896
  view-data: 3.3967537079006433
