times:
  edit-metadata: 1.3606321178376675
  landing: 0.8303308896720409
  view-data: 3.248799666762352
