times:
  edit-metadata: 1.4496101215481758
  landing: 0.759206535294652
  view-data: 3.3585377484560013
