times:
  edit-metadata: 1.3623226583003998
  landing: 0.934062696993351
  view-data: 3.2850548960268497
