times:
  edit-metadata: 1.6035919785499573
  landing: 1.0702712908387184
  view-data: 3.38971359282732
