times:
  edit-metadata: 1.5070091281086206
  landing: 0.8062443807721138
  view-data: 3.3668280076235533
