times:
  edit-metadata: 1.5640208926051855
  landing: 0.8741942029446363
  view-data: 3.4172915387898684
