times:
  edit-metadata: 1.4548652917146683
  landing: 0.8060560338199139
  view-data: 3.2402190566062927
