times:
  edit-metadata: 1.3718860857188702
  landing: 0.7665730528533459
  view-data: 3.3109510093927383
