times:
  edit-metadata: 1.6270607449114323
  landing: 1.0036598704755306
  view-data: 3.2785845920443535
