times:
  edit-metadata: 1.4398370534181595
  landing: 0.7798316217958927
  view-data: 3.295135287567973
