times:
  edit-metadata: 1.5510542411357164
  landing: 0.8335195761173964
  view-data: 3.4041184280067682
