times:
  edit-metadata: 1.437623854726553
  landing: 0.7939603291451931
  view-data: 0.5186157282441854
