times:
  edit-metadata: 1.3854659609496593
  landing: 0.8050989061594009
  view-data: 3.308911208063364
