times:
  edit-metadata: 1.6322283446788788
  landing: 0.9929633438587189
  view-data: 3.4567176401615143
