times:
  edit-metadata: 1.7094628158956766
  landing: 0.9886754360049963
  view-data: 3.37945151142776
