times:
  edit-metadata: 1.7245592586696148
  landing: 1.170042883604765
  view-data: 3.5421303790062666
