times:
  edit-metadata: 1.5547259375452995
  landing: 1.078313872218132
  view-data: 3.3519484028220177
