times:
  edit-metadata: 1.455623984336853
  landing: 0.7431044485419989
  view-data: 3.3472071457654238
