times:
  edit-metadata: 1.5868605058640242
  landing: 1.0931317545473576
  view-data: 3.364117443561554
