times:
  edit-metadata: 1.9197834692895412
  landing: 1.2368974387645721
  view-data: 3.3109799176454544
