times:
  edit-metadata: 1.5086488742381334
  landing: 0.9734217841178179
  view-data: 3.379405964165926
