times:
  edit-metadata: 1.4042835999280214
  landing: 0.837769815698266
  view-data: 3.338443383574486
