times:
  edit-metadata: 1.6653284318745136
  landing: 1.2869666144251823
  view-data: 3.421521585434675
