times:
  edit-metadata: 1.4988377057015896
  landing: 1.0328232198953629
  view-data: 3.411308240145445
