times:
  edit-metadata: 1.482174463570118
  landing: 0.9068630542606115
  view-data: 3.3638485558331013
