times:
  edit-metadata: 1.67246625572443
  landing: 1.012880690395832
  view-data: 3.3525180742144585
