times:
  edit-metadata: 1.5542907528579235
  landing: 0.777899419888854
  view-data: 3.3803724367171526
