times:
  edit-metadata: 1.6594216898083687
  landing: 0.9641931522637606
  view-data: 3.4520932380110025
