times:
  edit-metadata: 1.613769568502903
  landing: 1.1224959902465343
  view-data: 3.3904105573892593
