times:
  edit-metadata: 1.3391177132725716
  landing: 0.836785688996315
  view-data: 3.615269050002098
