times:
  edit-metadata: 1.6734078750014305
  landing: 1.0596335642039776
  view-data: 3.3682685680687428
