times:
  edit-metadata: 1.6325358301401138
  landing: 0.9341557435691357
  view-data: 3.491843529045582
