times:
  edit-metadata: 1.5672394931316376
  landing: 0.9884040132164955
  view-data: 3.3991075437515974
