times:
  edit-metadata: 1.4489748291671276
  landing: 0.824655644595623
  view-data: 3.499238707125187
