times:
  edit-metadata: 1.4914178065955639
  landing: 0.8598091211169958
  view-data: 3.4013716503977776
