times:
  edit-metadata: 1.6476961448788643
  landing: 0.9056109599769115
  view-data: 3.330442436039448
