times:
  edit-metadata: 1.6666387729346752
  landing: 1.0192470662295818
  view-data: 3.388765264302492
