times:
  edit-metadata: 1.361869340762496
  landing: 0.6962324753403664
  view-data: 3.3318880200386047
