times:
  edit-metadata: 1.5675753764808178
  landing: 0.8951104246079922
  view-data: 3.32001331448555
