times:
  edit-metadata: 1.5538250990211964
  landing: 3.6219423674046993
  view-data: 3.378081329166889
