times:
  edit-metadata: 1.5079385545104742
  landing: 0.7619709894061089
  view-data: 3.2798392213881016
