times:
  edit-metadata: 1.6327956914901733
  landing: 1.2441190592944622
  view-data: 3.3525493033230305
