times:
  edit-metadata: 1.5134014450013638
  landing: 0.9797363728284836
  view-data: 3.3381440490484238
