times:
  edit-metadata: 1.5313880108296871
  landing: 0.966428067535162
  view-data: 3.3242777213454247
