times:
  edit-metadata: 1.4428787678480148
  landing: 0.9858972690999508
  view-data: 3.4488197565078735
