times:
  edit-metadata: 1.8817683272063732
  landing: 1.0804083086550236
  view-data: 3.398120414465666
