times:
  edit-metadata: 1.713114209473133
  landing: 1.0485302172601223
  view-data: 3.3186292499303818
