times:
  edit-metadata: 2.091641951352358
  landing: 1.0897446759045124
  view-data: 3.346350472420454
