times:
  edit-metadata: 1.9672969467937946
  landing: 1.1017718613147736
  view-data: 3.658401235938072
