times:
  edit-metadata: 1.4758058562874794
  landing: 0.9998574703931808
  view-data: 3.3631595261394978
