times:
  edit-metadata: 1.5487635657191277
  landing: 0.8819985613226891
  view-data: 3.4301437847316265
