times:
  edit-metadata: 1.5492508672177792
  landing: 0.9210554510354996
  view-data: 3.3236644342541695
