times:
  edit-metadata: 2.0799956806004047
  landing: 1.3965631872415543
  view-data: 3.813217844814062
