times:
  edit-metadata: 1.3620555698871613
  landing: 0.7969021424651146
  view-data: 3.3959362134337425
