times:
  edit-metadata: 1.522495687007904
  landing: 0.9768012650310993
  view-data: 3.368516728281975
