times:
  edit-metadata: 1.558051411062479
  landing: 0.9529467634856701
  view-data: 3.4035583585500717
