times:
  edit-metadata: 1.52685372158885
  landing: 0.9531356915831566
  view-data: 3.4001230895519257
