times:
  edit-metadata: 2.764379344880581
  landing: 2.322496097534895
  view-data: 3.6799091435968876
