times:
  edit-metadata: 1.5601683780550957
  landing: 0.9447473287582397
  view-data: 3.5051130652427673
