times:
  edit-metadata: 1.4409932494163513
  landing: 0.8473459184169769
  view-data: 3.3174457661807537
