times:
  edit-metadata: 1.502648163586855
  landing: 0.8859421573579311
  view-data: 3.340579655021429
