times:
  edit-metadata: 1.498081136494875
  landing: 1.129606157541275
  view-data: 3.476156033575535
