times:
  edit-metadata: 1.5156818442046642
  landing: 1.0581112056970596
  view-data: 3.451640125364065
