times:
  edit-metadata: 1.6510877646505833
  landing: 1.232223179191351
  view-data: 3.38015728443861
