times:
  edit-metadata: 1.5126662999391556
  landing: 0.9103436879813671
  view-data: 3.3725627437233925
