times:
  edit-metadata: 1.6262478977441788
  landing: 1.033748984336853
  view-data: 3.328070640563965
