times:
  edit-metadata: 1.570404127240181
  landing: 0.9446683935821056
  view-data: 3.332121055573225
