times:
  edit-metadata: 1.5402157492935658
  landing: 0.8840622939169407
  view-data: 3.3344893120229244
