times:
  edit-metadata: 1.5887787714600563
  landing: 0.862129382789135
  view-data: 3.366874612867832
