times:
  edit-metadata: 4.487645223736763
  landing: 1.5640613846480846
  view-data: 3.541952531784773
