times:
  edit-metadata: 1.5094366073608398
  landing: 0.8456216007471085
  view-data: 3.473664354532957
