times:
  edit-metadata: 1.5532712154090405
  landing: 0.8408165536820889
  view-data: 3.443360708653927
