times:
  edit-metadata: 1.4369398206472397
  landing: 0.7636758796870708
  view-data: 3.7271781228482723
