times:
  edit-metadata: 1.5406631156802177
  landing: 1.0133067108690739
  view-data: 3.3495261147618294
