times:
  edit-metadata: 1.759660255163908
  landing: 1.1723139025270939
  view-data: 3.361257042735815
