times:
  edit-metadata: 1.4660419970750809
  landing: 0.8876110687851906
  view-data: 3.338958367705345
