times:
  edit-metadata: 1.3918749615550041
  landing: 1.0643578246235847
  view-data: 3.3056855648756027
