times:
  edit-metadata: 1.5874177291989326
  landing: 1.2197981588542461
  view-data: 3.412773109972477
