times:
  edit-metadata: 1.4548284970223904
  landing: 0.9065304212272167
  view-data: 3.4038658551871777
