times:
  edit-metadata: 1.6160499192774296
  landing: 1.0113492123782635
  view-data: 3.336516283452511
