times:
  edit-metadata: 2.1035525053739548
  landing: 1.2235734686255455
  view-data: 3.7514377124607563
