times:
  edit-metadata: 1.583891149610281
  landing: 0.9323233552277088
  view-data: 3.423034116625786
