times:
  edit-metadata: 1.6887034066021442
  landing: 0.9909628219902515
  view-data: 3.367463819682598
