times:
  edit-metadata: 1.3922937512397766
  landing: 0.7446610331535339
  view-data: 3.37299694865942
