times:
  edit-metadata: 1.9616884365677834
  landing: 1.0082225315272808
  view-data: 3.2927380427718163
