times:
  edit-metadata: 1.4800001233816147
  landing: 0.9988775700330734
  view-data: 3.4523231983184814
