times:
  edit-metadata: 1.643308263272047
  landing: 1.0854923129081726
  view-data: 3.3553173169493675
