times:
  edit-metadata: 1.6208275593817234
  landing: 0.7330922223627567
  view-data: 3.25608466938138
