times:
  edit-metadata: 1.5511694587767124
  landing: 0.9472561553120613
  view-data: 3.4585428163409233
