times:
  edit-metadata: 1.5021797828376293
  landing: 0.9736940264701843
  view-data: 3.46085137501359
