times:
  edit-metadata: 1.297670878469944
  landing: 0.9329783022403717
  view-data: 3.2654299661517143
