times:
  edit-metadata: 1.51566831022501
  landing: 0.8937457539141178
  view-data: 3.3934764452278614
