times:
  edit-metadata: 1.662224754691124
  landing: 0.9432875663042068
  view-data: 3.3237595669925213
