times:
  edit-metadata: 1.7522998787462711
  landing: 1.1184580214321613
  view-data: 3.3999553360044956
