times:
  edit-metadata: 1.4245891757309437
  landing: 0.9077594429254532
  view-data: 3.3236938007175922
