times:
  edit-metadata: 1.45912516862154
  landing: 0.9039518758654594
  view-data: 3.298863932490349
