times:
  edit-metadata: 1.518138412386179
  landing: 1.010207287967205
  view-data: 3.428920991718769
