times:
  edit-metadata: 1.575322575867176
  landing: 1.0435928143560886
  view-data: 3.444568157196045
