times:
  edit-metadata: 1.3969950415194035
  landing: 0.9496101625263691
  view-data: 3.414791814982891
