times:
  edit-metadata: 1.3517443016171455
  landing: 0.9186452589929104
  view-data: 3.4156212843954563
