times:
  edit-metadata: 2.5329668782651424
  landing: 1.1090610809624195
  view-data: 3.5343454256653786
