times:
  edit-metadata: 1.6165947020053864
  landing: 0.9588201604783535
  view-data: 3.4270182102918625
