times:
  edit-metadata: 1.456183847039938
  landing: 0.947715736925602
  view-data: 3.359598271548748
