times:
  edit-metadata: 1.636190541088581
  landing: 0.9832944944500923
  view-data: 3.3418401330709457
