times:
  edit-metadata: 1.5441921427845955
  landing: 0.8269791528582573
  view-data: 3.361368704587221
