times:
  edit-metadata: 1.4483389928936958
  landing: 0.9470428638160229
  view-data: 3.3680709153413773
