times:
  edit-metadata: 2.348753232508898
  landing: 7.5770824663341045
  view-data: 3.5571882650256157
