times:
  edit-metadata: 1.6411490552127361
  landing: 1.1646667681634426
  view-data: 3.426001027226448
