times:
  edit-metadata: 1.477307289838791
  landing: 1.0379401482641697
  view-data: 3.345994748175144
