times:
  edit-metadata: 2.6070086248219013
  landing: 1.2083792239427567
  view-data: 3.3610466048121452
