times:
  edit-metadata: 1.4349993728101254
  landing: 1.1260290183126926
  view-data: 3.3429472893476486
