times:
  edit-metadata: 1.5854215882718563
  landing: 0.9647733047604561
  view-data: 3.357378911226988
