times:
  edit-metadata: 1.4395846910774708
  landing: 1.093536116182804
  view-data: 3.3975981287658215
