times:
  edit-metadata: 1.4861908257007599
  landing: 0.7219343334436417
  view-data: 3.3769597969949245
