times:
  edit-metadata: 1.5449961759150028
  landing: 0.8494110330939293
  view-data: 3.4502761252224445
