times:
  edit-metadata: 1.5465421937406063
  landing: 1.7761735543608665
  view-data: 3.2996865175664425
