times:
  edit-metadata: 1.3853815272450447
  landing: 0.832291342318058
  view-data: 3.4442484751343727
