times:
  edit-metadata: 2.1990822330117226
  landing: 1.0970231965184212
  view-data: 3.411698557436466
