times:
  edit-metadata: 1.5306486934423447
  landing: 0.6957809403538704
  view-data: 3.389683537185192
