times:
  edit-metadata: 1.4917310923337936
  landing: 1.0105940327048302
  view-data: 3.55586589127779
