times:
  edit-metadata: 1.5406461656093597
  landing: 0.8099556565284729
  view-data: 3.4384328946471214
