times:
  edit-metadata: 1.3689239919185638
  landing: 0.6960276886820793
  view-data: 3.4210218712687492
