times:
  edit-metadata: 1.4009994938969612
  landing: 0.9055798128247261
  view-data: 3.3903716802597046
