times:
  edit-metadata: 1.4525816142559052
  landing: 0.8267631828784943
  view-data: 3.3970417454838753
