times:
  edit-metadata: 2.3120629116892815
  landing: 1.1382515095174313
  view-data: 1.1349573098123074
