times:
  edit-metadata: 1.484504334628582
  landing: 0.9522901847958565
  view-data: 3.3503144420683384
