times:
  edit-metadata: 1.4663968309760094
  landing: 0.7732381150126457
  view-data: 3.361581362783909
