times:
  edit-metadata: 1.3934470750391483
  landing: 0.7820599675178528
  view-data: 31.151146590709686
