times:
  edit-metadata: 1.7440783977508545
  landing: 0.8983720541000366
  view-data: 3.319021500647068
