times:
  edit-metadata: 1.4717609845101833
  landing: 0.9052399769425392
  view-data: 3.3182415068149567
