times:
  edit-metadata: 1.399802029132843
  landing: 0.8699607327580452
  view-data: 3.4492271468043327
