times:
  edit-metadata: 1.465253971517086
  landing: 0.7916209325194359
  view-data: 3.3293052539229393
