times:
  edit-metadata: 1.3365913406014442
  landing: 0.8344022184610367
  view-data: 3.457313872873783
