times:
  edit-metadata: 1.6964683569967747
  landing: 0.9977384135127068
  view-data: 3.3225958980619907
