times:
  edit-metadata: 1.4531122520565987
  landing: 0.7637151926755905
  view-data: 3.467393681406975
