times:
  edit-metadata: 1.5505195409059525
  landing: 0.8806875683367252
  view-data: 3.3581831753253937
