times:
  edit-metadata: 1.4004005417227745
  landing: 0.8296423479914665
  view-data: 3.3475621566176414
