times:
  edit-metadata: 1.5231903642416
  landing: 0.7924448885023594
  view-data: 3.3296579234302044
