times:
  edit-metadata: 1.6093482337892056
  landing: 0.9468614868819714
  view-data: 3.3825408667325974
