times:
  edit-metadata: 1.4720818847417831
  landing: 0.8123137578368187
  view-data: 3.4283721894025803
