times:
  edit-metadata: 1.427594967186451
  landing: 0.8656371608376503
  view-data: 3.2865359261631966
