times:
  edit-metadata: 1.4888729751110077
  landing: 0.8073495179414749
  view-data: 3.3125909194350243
