times:
  edit-metadata: 1.525979321449995
  landing: 0.881126657128334
  view-data: 3.4222903437912464
