times:
  edit-metadata: 1.5008947849273682
  landing: 1.175844632089138
  view-data: 3.320744104683399
