times:
  edit-metadata: 1.4807863011956215
  landing: 0.7455097138881683
  view-data: 3.522889845073223
