times:
  edit-metadata: 1.4794882982969284
  landing: 0.8386569172143936
  view-data: 3.4301882535219193
