times:
  edit-metadata: 1.5151435509324074
  landing: 0.8017001748085022
  view-data: 3.472010314464569
