times:
  edit-metadata: 1.3555641695857048
  landing: 0.8647217229008675
  view-data: 3.3239666298031807
