times:
  edit-metadata: 2.0037369206547737
  landing: 0.8635493367910385
  view-data: 3.4054874181747437
