times:
  edit-metadata: 1.3784298300743103
  landing: 0.808239221572876
  view-data: 3.4200109243392944
