times:
  edit-metadata: 1.4537367448210716
  landing: 0.8237216398119926
  view-data: 3.3985112980008125
