times:
  edit-metadata: 1.3951346054673195
  landing: 0.7476148679852486
  view-data: 3.4892883002758026
