times:
  edit-metadata: 1.3830089047551155
  landing: 0.8070027977228165
  view-data: 3.505820333957672
