times:
  edit-metadata: 1.4079398065805435
  landing: 0.8246803432703018
  view-data: 3.5181057453155518
