times:
  edit-metadata: 1.427776038646698
  landing: 0.7713279873132706
  view-data: 3.420455403625965
