times:
  edit-metadata: 1.472956970334053
  landing: 0.8704862371087074
  view-data: 3.307007059454918
