times:
  edit-metadata: 1.4059413969516754
  landing: 0.9163134396076202
  view-data: 3.414273202419281
