times:
  edit-metadata: 1.563707984983921
  landing: 0.9210052415728569
  view-data: 3.3739326745271683
