times:
  edit-metadata: 1.45457199588418
  landing: 0.9372650310397148
  view-data: 3.316906940191984
