times:
  edit-metadata: 1.4995240420103073
  landing: 0.7756310850381851
  view-data: 3.536239854991436
