times:
  edit-metadata: 1.5314169749617577
  landing: 0.7445128485560417
  view-data: 3.479899972677231
