times:
  edit-metadata: 1.3627943620085716
  landing: 0.7479216605424881
  view-data: 3.504675216972828
