times:
  edit-metadata: 1.372985690832138
  landing: 0.8046634793281555
  view-data: 3.420086644589901
