times:
  edit-metadata: 1.367978684604168
  landing: 0.9297260046005249
  view-data: 3.5002015084028244
