times:
  edit-metadata: 1.3404713310301304
  landing: 0.848396010696888
  view-data: 3.4133704528212547
