times:
  edit-metadata: 1.3861168026924133
  landing: 0.8255202546715736
  view-data: 3.4863416627049446
