times:
  edit-metadata: 1.3935876488685608
  landing: 0.8496463969349861
  view-data: 3.3267283514142036
