times:
  edit-metadata: 1.4643033370375633
  landing: 0.8607054427266121
  view-data: 3.458615466952324
