times:
  edit-metadata: 1.3541360720992088
  landing: 0.8172519728541374
  view-data: 3.4123601764440536
