times:
  edit-metadata: 1.5129969418048859
  landing: 0.7890807539224625
  view-data: 3.531784400343895
