times:
  edit-metadata: 1.5130233019590378
  landing: 0.8832364976406097
  view-data: 3.614122398197651
