times:
  edit-metadata: 1.4541339352726936
  landing: 0.8563150018453598
  view-data: 3.329953294247389
