times:
  edit-metadata: 1.3857217356562614
  landing: 0.8472238779067993
  view-data: 3.4991886913776398
