times:
  edit-metadata: 1.486004363745451
  landing: 0.8487527035176754
  view-data: 3.4059998840093613
