times:
  edit-metadata: 1.3911614120006561
  landing: 0.8220301121473312
  view-data: 3.558592587709427
