times:
  edit-metadata: 1.4744240418076515
  landing: 0.7998034283518791
  view-data: 3.4490455389022827
