times:
  edit-metadata: 1.3916033580899239
  landing: 0.82337736338377
  view-data: 3.428640842437744
