times:
  edit-metadata: 1.4673235714435577
  landing: 0.9745682924985886
  view-data: 3.519811265170574
