times:
  edit-metadata: 1.4423538893461227
  landing: 0.9027460813522339
  view-data: 3.3454096764326096
