times:
  edit-metadata: 1.5425323024392128
  landing: 0.9535442665219307
  view-data: 3.5901711136102676
