times:
  edit-metadata: 2.203811213374138
  landing: 1.2574066370725632
  view-data: 3.3877934738993645
