times:
  edit-metadata: 1.3571427538990974
  landing: 0.7905655577778816
  view-data: 3.50208780169487
