times:
  edit-metadata: 1.5071626380085945
  landing: 0.9486793577671051
  view-data: 3.3011887669563293
