times:
  edit-metadata: 1.4157383292913437
  landing: 0.8958138227462769
  view-data: 3.605709031224251
