times:
  edit-metadata: 1.486990973353386
  landing: 0.8276453539729118
  view-data: 3.366016909480095
