times:
  edit-metadata: 1.385724887251854
  landing: 0.8158350735902786
  view-data: 3.239226959645748
