times:
  edit-metadata: 1.3830739483237267
  landing: 0.8701478242874146
  view-data: 3.4332700595259666
