times:
  edit-metadata: 1.4095097482204437
  landing: 0.8157564178109169
  view-data: 3.388569839298725
