times:
  edit-metadata: 1.5042342841625214
  landing: 0.9066990315914154
  view-data: 3.3458676636219025
