times:
  edit-metadata: 2.4654066301882267
  landing: 1.1310489103198051
  view-data: 3.7943561859428883
