times:
  edit-metadata: 2.3329208940267563
  landing: 1.4323647245764732
  view-data: 3.73586805164814
