times:
  edit-metadata: 1.4517028704285622
  landing: 0.7916107438504696
  view-data: 3.336995355784893
