times:
  edit-metadata: 1.4629311859607697
  landing: 0.8941564485430717
  view-data: 3.2779644168913364
