times:
  edit-metadata: 1.4566844590008259
  landing: 0.8470227383077145
  view-data: 3.3361967466771603
