times:
  edit-metadata: 1.5138565711677074
  landing: 0.752564076334238
  view-data: 3.321636661887169
