times:
  edit-metadata: 1.3963565230369568
  landing: 0.8234230130910873
  view-data: 3.52327162027359
