times:
  edit-metadata: 1.4050893038511276
  landing: 0.7948448434472084
  view-data: 3.3585640490055084
