times:
  edit-metadata: 1.4916860312223434
  landing: 0.8802734576165676
  view-data: 3.2960763089358807
