times:
  edit-metadata: 1.694490671157837
  landing: 1.1122925840318203
  view-data: 3.2778803892433643
