times:
  edit-metadata: 1.5437697693705559
  landing: 0.7627611011266708
  view-data: 3.4885361194610596
