times:
  edit-metadata: 1.3699580319225788
  landing: 0.8793320097029209
  view-data: 3.3469729498028755
