times:
  edit-metadata: 1.4319924861192703
  landing: 0.80879757553339
  view-data: 3.448469363152981
