times:
  edit-metadata: 1.5172816962003708
  landing: 1.023576945066452
  view-data: 3.4722925424575806
