times:
  edit-metadata: 1.6429736912250519
  landing: 0.9337275624275208
  view-data: 3.3762412145733833
