times:
  edit-metadata: 1.5457129515707493
  landing: 0.880550242960453
  view-data: 3.3315615355968475
