times:
  edit-metadata: 1.411045879125595
  landing: 0.8170168399810791
  view-data: 3.3241716623306274
