times:
  edit-metadata: 1.4137140698730946
  landing: 0.7998135276138783
  view-data: 3.3240018375217915
