times:
  edit-metadata: 1.4863865226507187
  landing: 0.8850943222641945
  view-data: 3.465231865644455
