times:
  edit-metadata: 1.3923731222748756
  landing: 0.8303442820906639
  view-data: 3.284260109066963
