times:
  edit-metadata: 1.9157095029950142
  landing: 0.8679410293698311
  view-data: 3.380653314292431
