times:
  edit-metadata: 1.4937747865915298
  landing: 0.7511402443051338
  view-data: 3.5707911625504494
