times:
  edit-metadata: 1.4409423768520355
  landing: 0.8083635121583939
  view-data: 3.325250096619129
