times:
  edit-metadata: 1.4810173511505127
  landing: 0.7761483639478683
  view-data: 3.556573800742626
