times:
  edit-metadata: 1.3830553479492664
  landing: 0.8539724908769131
  view-data: 3.3638811744749546
