times:
  edit-metadata: 1.5974679812788963
  landing: 0.8397810757160187
  view-data: 3.3046343699097633
