times:
  edit-metadata: 1.4811729863286018
  landing: 0.8305553942918777
  view-data: 3.4686243757605553
