times:
  edit-metadata: 1.8000675663352013
  landing: 1.28542098402977
  view-data: 3.437496107071638
