times:
  edit-metadata: 1.4274042546749115
  landing: 0.7905961498618126
  view-data: 3.2915154211223125
