times:
  edit-metadata: 1.4939321801066399
  landing: 0.8841584660112858
  view-data: 3.317857228219509
