times:
  edit-metadata: 1.3612593039870262
  landing: 0.7752284705638885
  view-data: 3.2726940102875233
