times:
  edit-metadata: 1.3762833997607231
  landing: 0.7941336184740067
  view-data: 3.249729447066784
