times:
  edit-metadata: 1.5568764247000217
  landing: 0.8426214344799519
  view-data: 3.3634552024304867
