times:
  edit-metadata: 1.3394358232617378
  landing: 0.8199034929275513
  view-data: 3.4888420701026917
