times:
  edit-metadata: 1.413727592676878
  landing: 0.9107121489942074
  view-data: 3.3290002420544624
