times:
  edit-metadata: 1.4612560346722603
  landing: 0.8031463883817196
  view-data: 3.3401066698133945
