times:
  edit-metadata: 1.4683474376797676
  landing: 0.9762223735451698
  view-data: 3.478582553565502
