times:
  edit-metadata: 1.433225080370903
  landing: 0.7533089146018028
  view-data: 3.405950017273426
