times:
  edit-metadata: 1.5786450877785683
  landing: 0.9529515467584133
  view-data: 3.2901706844568253
