times:
  edit-metadata: 1.4165213704109192
  landing: 0.7938604168593884
  view-data: 3.3362715654075146
