times:
  edit-metadata: 1.33981304615736
  landing: 0.7402852326631546
  view-data: 3.4590633288025856
