times:
  edit-metadata: 1.5125851556658745
  landing: 0.7614220753312111
  view-data: 3.520716279745102
