times:
  edit-metadata: 1.4206404015421867
  landing: 0.823776051402092
  view-data: 3.455802008509636
