times:
  edit-metadata: 1.4117272049188614
  landing: 0.784155510365963
  view-data: 3.4761168882250786
