times:
  edit-metadata: 1.4379224181175232
  landing: 0.8511400558054447
  view-data: 3.332868166267872
