times:
  edit-metadata: 1.4111828207969666
  landing: 0.7569200247526169
  view-data: 3.3627320677042007
