times:
  edit-metadata: 1.3985536694526672
  landing: 0.8777832463383675
  view-data: 3.45822099596262
