times:
  edit-metadata: 1.487724594771862
  landing: 0.8341089338064194
  view-data: 3.310471337288618
