times:
  edit-metadata: 1.5364889949560165
  landing: 0.7299628853797913
  view-data: 3.4951213523745537
