times:
  edit-metadata: 1.4110399968922138
  landing: 0.7748689390718937
  view-data: 3.242767743766308
