times:
  edit-metadata: 1.4256537556648254
  landing: 0.8123516961932182
  view-data: 3.432759813964367
