times:
  edit-metadata: 1.4727594554424286
  landing: 0.795379988849163
  view-data: 3.531477242708206
