times:
  edit-metadata: 1.5199003629386425
  landing: 0.819081399589777
  view-data: 3.3906774409115314
