times:
  edit-metadata: 1.3490494079887867
  landing: 0.7684401981532574
  view-data: 3.228334102779627
