times:
  edit-metadata: 1.4314528293907642
  landing: 0.8230771571397781
  view-data: 3.2314221039414406
