times:
  edit-metadata: 1.5191870965063572
  landing: 0.8189261816442013
  view-data: 3.43265837430954
