times:
  edit-metadata: 1.5000760778784752
  landing: 0.7860933020710945
  view-data: 3.4676290303468704
