times:
  edit-metadata: 1.3522283174097538
  landing: 0.7896236814558506
  view-data: 3.3259656243026257
