times:
  edit-metadata: 1.5261528119444847
  landing: 0.9116543605923653
  view-data: 3.288933999836445
