times:
  edit-metadata: 1.590777363628149
  landing: 0.9083917625248432
  view-data: 3.3562636338174343
