times:
  edit-metadata: 1.4612570032477379
  landing: 0.7852538004517555
  view-data: 3.5187134742736816
