times:
  edit-metadata: 1.3833505809307098
  landing: 0.8002078756690025
  view-data: 3.3688291758298874
