times:
  edit-metadata: 1.4480547681450844
  landing: 0.8156118541955948
  view-data: 3.4748795852065086
