times:
  edit-metadata: 2.03612170368433
  landing: 1.2493152357637882
  view-data: 3.621682334691286
