times:
  edit-metadata: 1.4700582474470139
  landing: 0.8200194761157036
  view-data: 3.464575618505478
