times:
  edit-metadata: 1.4922357499599457
  landing: 0.9538920111954212
  view-data: 3.312479630112648
