times:
  edit-metadata: 1.3961502835154533
  landing: 0.7958681769669056
  view-data: 3.2893287241458893
