times:
  edit-metadata: 1.4722769036889076
  landing: 0.817980520427227
  view-data: 3.361770398914814
