times:
  edit-metadata: 1.343416079878807
  landing: 0.8060348629951477
  view-data: 3.4722109362483025
