times:
  edit-metadata: 1.5000265166163445
  landing: 0.8382119685411453
  view-data: 3.383409969508648
