times:
  edit-metadata: 1.410214751958847
  landing: 0.7923648208379745
  view-data: 3.4150298684835434
