times:
  edit-metadata: 1.517164472490549
  landing: 0.8365970924496651
  view-data: 3.347119189798832
