times:
  edit-metadata: 1.5366502776741982
  landing: 0.9705599583685398
  view-data: 3.323646768927574
