times:
  edit-metadata: 1.4149809144437313
  landing: 0.7796989753842354
  view-data: 3.373915694653988
