times:
  edit-metadata: 1.5244361534714699
  landing: 0.8113796189427376
  view-data: 3.4699094966053963
