times:
  edit-metadata: 2.701989896595478
  landing: 1.7504167184233665
  view-data: 3.693757824599743
