times:
  edit-metadata: 1.3481843546032906
  landing: 0.9801629930734634
  view-data: 3.5577717646956444
