times:
  edit-metadata: 1.6557388752698898
  landing: 0.9137361608445644
  view-data: 3.2931943237781525
