times:
  edit-metadata: 1.5992323458194733
  landing: 1.2725648060441017
  view-data: 3.3268306106328964
