times:
  edit-metadata: 1.4891665652394295
  landing: 0.7691739946603775
  view-data: 3.4873464107513428
