times:
  edit-metadata: 1.5431603752076626
  landing: 0.8390257991850376
  view-data: 3.3859506882727146
