times:
  edit-metadata: 1.5132439695298672
  landing: 0.8161248452961445
  view-data: 3.3440549708902836
