times:
  edit-metadata: 1.576296553015709
  landing: 1.0117199793457985
  view-data: 3.4608999639749527
