times:
  edit-metadata: 1.6243313923478127
  landing: 0.8936520516872406
  view-data: 3.2785270512104034
