times:
  edit-metadata: 1.8531614542007446
  landing: 0.8886390998959541
  view-data: 3.3438353911042213
