times:
  edit-metadata: 2.3880497962236404
  landing: 1.5391144677996635
  view-data: 3.9406071305274963
