times:
  edit-metadata: 1.4646475985646248
  landing: 0.8295445255935192
  view-data: 3.3234543576836586
