times:
  edit-metadata: 1.3681329190731049
  landing: 0.7039884105324745
  view-data: 3.3512580022215843
