times:
  edit-metadata: 1.63324361667037
  landing: 0.9140680581331253
  view-data: 3.319606777280569
