times:
  edit-metadata: 1.3536278568208218
  landing: 1.0115273483097553
  view-data: 3.3417940586805344
