times:
  edit-metadata: 1.6956630907952785
  landing: 0.8691983707249165
  view-data: 3.2816472090780735
