times:
  edit-metadata: 1.4231505393981934
  landing: 0.7809241265058517
  view-data: 3.42677753418684
