times:
  edit-metadata: 1.4841236844658852
  landing: 0.8116338923573494
  view-data: 3.3479781448841095
