times:
  edit-metadata: 1.662284255027771
  landing: 0.9486316107213497
  view-data: 3.33135973662138
