times:
  edit-metadata: 1.4042238295078278
  landing: 0.8133594691753387
  view-data: 3.459986135363579
