times:
  edit-metadata: 1.452453389763832
  landing: 0.7558313980698586
  view-data: 3.4410569965839386
