times:
  edit-metadata: 2.196679510176182
  landing: 1.3956026434898376
  view-data: 3.56942630559206
