times:
  edit-metadata: 1.3882459849119186
  landing: 0.7263172790408134
  view-data: 3.6602193638682365
