times:
  edit-metadata: 1.3389276191592216
  landing: 0.7934469804167747
  view-data: 3.4417301416397095
