times:
  edit-metadata: 1.3891372680664062
  landing: 0.84075728058815
  view-data: 3.451500028371811
