times:
  edit-metadata: 1.6238040402531624
  landing: 0.9415906295180321
  view-data: 3.5140704810619354
