times:
  edit-metadata: 1.3509183824062347
  landing: 0.812690943479538
  view-data: 3.504169784486294
