times:
  edit-metadata: 1.4428632482886314
  landing: 0.9076771289110184
  view-data: 3.437799818813801
