times:
  edit-metadata: 1.6015401557087898
  landing: 0.86270647123456
  view-data: 3.3445666655898094
