times:
  edit-metadata: 1.411999098956585
  landing: 0.7007118239998817
  view-data: 3.2808799743652344
