times:
  edit-metadata: 1.396985985338688
  landing: 0.7812569364905357
  view-data: 3.4035075530409813
