times:
  edit-metadata: 1.4099140539765358
  landing: 0.8333224952220917
  view-data: 3.3122823759913445
