times:
  edit-metadata: 1.5304110273718834
  landing: 0.9950336143374443
  view-data: 3.3552199080586433
