times:
  edit-metadata: 1.3921128287911415
  landing: 0.7721745446324348
  view-data: 3.4449752047657967
