times:
  edit-metadata: 1.8324507921934128
  landing: 1.2418297082185745
  view-data: 3.3398952782154083
