times:
  edit-metadata: 2.2897922694683075
  landing: 1.3610755801200867
  view-data: 4.076799392700195
