times:
  edit-metadata: 1.4121283814311028
  landing: 0.8417089283466339
  view-data: 3.576519764959812
