times:
  edit-metadata: 1.8179358094930649
  landing: 0.9163003861904144
  view-data: 3.5288731157779694
