times:
  edit-metadata: 1.5143455639481544
  landing: 0.7167562618851662
  view-data: 3.4701939448714256
