times:
  edit-metadata: 1.4792549684643745
  landing: 0.742948055267334
  view-data: 3.2718753442168236
