times:
  edit-metadata: 1.3913157284259796
  landing: 0.760461762547493
  view-data: 3.486702114343643
