times:
  edit-metadata: 1.5614734068512917
  landing: 0.8474690020084381
  view-data: 3.274613596498966
