times:
  edit-metadata: 1.4040129333734512
  landing: 0.7889892384409904
  view-data: 3.5765023827552795
