times:
  edit-metadata: 1.2484767958521843
  landing: 1.017376996576786
  view-data: 3.6027790307998657
