times:
  edit-metadata: 1.521409921348095
  landing: 0.7459731325507164
  view-data: 3.4062887877225876
