times:
  edit-metadata: 1.522316850721836
  landing: 0.8485586196184158
  view-data: 3.330228105187416
