times:
  edit-metadata: 1.387929193675518
  landing: 0.7677990719676018
  view-data: 3.460264816880226
