times:
  edit-metadata: 1.377610258758068
  landing: 0.8082147538661957
  view-data: 3.5840821489691734
