times:
  edit-metadata: 1.5463394187390804
  landing: 0.8392477743327618
  view-data: 3.3541396968066692
