times:
  edit-metadata: 1.488728143274784
  landing: 0.7664433941245079
  view-data: 3.5060586258769035
