times:
  edit-metadata: 1.3984866440296173
  landing: 0.7098367512226105
  view-data: 3.5030563175678253
