times:
  edit-metadata: 1.4794353172183037
  landing: 1.7849560156464577
  view-data: 3.6448399648070335
