times:
  edit-metadata: 1.4689050540328026
  landing: 0.7314810007810593
  view-data: 3.5231338515877724
