times:
  edit-metadata: 1.3306328058242798
  landing: 0.9190145283937454
  view-data: 3.423067770898342
