times:
  edit-metadata: 1.3182545453310013
  landing: 0.7861662358045578
  view-data: 3.365388333797455
