times:
  edit-metadata: 1.6205869875848293
  landing: 0.935393463820219
  view-data: 3.315235234797001
