times:
  edit-metadata: 1.444539152085781
  landing: 0.7211389169096947
  view-data: 3.496977172791958
