times:
  edit-metadata: 1.3622688204050064
  landing: 0.7561160326004028
  view-data: 3.4965515062212944
