times:
  edit-metadata: 1.4728201106190681
  landing: 0.7463215067982674
  view-data: 3.4796685874462128
