times:
  edit-metadata: 1.4122964479029179
  landing: 0.9594623297452927
  view-data: 3.3561481535434723
