times:
  edit-metadata: 1.4511061906814575
  landing: 0.8863821178674698
  view-data: 3.4611373245716095
