times:
  edit-metadata: 2.2291645035147667
  landing: 1.2139237746596336
  view-data: 3.395755961537361
