times:
  edit-metadata: 1.4135675802826881
  landing: 0.7611459195613861
  view-data: 3.499961592257023
