times:
  edit-metadata: 1.3528122529387474
  landing: 0.79555594176054
  view-data: 3.415541887283325
