times:
  edit-metadata: 1.408387966454029
  landing: 0.8096935376524925
  view-data: 3.6062895953655243
