times:
  edit-metadata: 1.476729266345501
  landing: 0.8460044413805008
  view-data: 3.5738642439246178
