times:
  edit-metadata: 1.4945392087101936
  landing: 0.7315337061882019
  view-data: 3.4966985806822777
