times:
  edit-metadata: 1.4825435876846313
  landing: 0.7727478072047234
  view-data: 3.4538246169686317
