times:
  edit-metadata: 1.408149093389511
  landing: 0.8088319376111031
  view-data: 3.4876036271452904
