times:
  edit-metadata: 1.4611774273216724
  landing: 0.8907597251236439
  view-data: 3.346862606704235
