times:
  edit-metadata: 1.3362232819199562
  landing: 0.8287086188793182
  view-data: 3.2509589567780495
