times:
  edit-metadata: 1.3221263140439987
  landing: 0.7298571541905403
  view-data: 3.439370058476925
