times:
  edit-metadata: 1.4458644092082977
  landing: 0.7728040143847466
  view-data: 3.5322526916861534
