times:
  edit-metadata: 1.3977082148194313
  landing: 0.9349415227770805
  view-data: 3.3304471485316753
