times:
  edit-metadata: 1.4331291019916534
  landing: 0.7931206598877907
  view-data: 3.298282891511917
