times:
  edit-metadata: 1.4796952232718468
  landing: 0.7997372299432755
  view-data: 3.6426964327692986
