times:
  edit-metadata: 1.5745129771530628
  landing: 0.934577327221632
  view-data: 3.311393354088068
