times:
  edit-metadata: 2.0602237060666084
  landing: 1.2406513169407845
  view-data: 3.6250158809125423
