times:
  edit-metadata: 1.5031045973300934
  landing: 0.7434922456741333
  view-data: 3.513773128390312
