times:
  edit-metadata: 1.420714408159256
  landing: 0.7752035036683083
  view-data: 3.5045668482780457
