times:
  edit-metadata: 1.3949889466166496
  landing: 0.7908097580075264
  view-data: 3.4561358615756035
