times:
  edit-metadata: 1.4310111105442047
  landing: 0.7423643097281456
  view-data: 3.4448444545269012
