times:
  edit-metadata: 1.3848691210150719
  landing: 0.7028640955686569
  view-data: 3.5112713873386383
