times:
  edit-metadata: 1.377127930521965
  landing: 0.7361124008893967
  view-data: 3.3448090702295303
