times:
  edit-metadata: 1.4077052995562553
  landing: 0.7676546983420849
  view-data: 3.294014059007168
