times:
  edit-metadata: 1.349321261048317
  landing: 0.7506880238652229
  view-data: 3.4859281554818153
