times:
  edit-metadata: 1.3468429818749428
  landing: 0.7364784479141235
  view-data: 3.3026559948921204
