times:
  edit-metadata: 1.6294536292552948
  landing: 0.860809288918972
  view-data: 3.481774613261223
