times:
  edit-metadata: 1.3862235769629478
  landing: 0.7360316142439842
  view-data: 3.4884443506598473
