times:
  edit-metadata: 1.4912188276648521
  landing: 0.8381243199110031
  view-data: 3.311184674501419
