times:
  edit-metadata: 1.4609696716070175
  landing: 0.7335361018776894
  view-data: 3.52396909147501
