times:
  edit-metadata: 1.4343061000108719
  landing: 0.9292751550674438
  view-data: 3.507065065205097
