times:
  edit-metadata: 1.4924159869551659
  landing: 0.8677106387913227
  view-data: 3.3749447241425514
