times:
  edit-metadata: 1.595613144338131
  landing: 0.9479106739163399
  view-data: 3.3950168639421463
