times:
  edit-metadata: 1.4543371871113777
  landing: 0.7903598994016647
  view-data: 3.5193009302020073
