times:
  edit-metadata: 1.4963582828640938
  landing: 0.9754608422517776
  view-data: 3.5600637272000313
