times:
  edit-metadata: 1.4890564754605293
  landing: 0.7697567716240883
  view-data: 3.308178298175335
