times:
  edit-metadata: 1.399866372346878
  landing: 0.7523439899086952
  view-data: 3.4496507346630096
