times:
  edit-metadata: 1.4432698339223862
  landing: 0.7384260520339012
  view-data: 3.4134084060788155
