times:
  edit-metadata: 1.4984178841114044
  landing: 0.7354353219270706
  view-data: 3.4151396080851555
