times:
  edit-metadata: 1.7773493230342865
  landing: 0.7929432317614555
  view-data: 3.49376879632473
