times:
  edit-metadata: 1.4424811191856861
  landing: 0.8963710516691208
  view-data: 3.321476798504591
