times:
  edit-metadata: 1.4402494430541992
  landing: 0.8396387845277786
  view-data: 3.5435535088181496
