times:
  edit-metadata: 1.3560001999139786
  landing: 0.9215397536754608
  view-data: 3.2691017016768456
