times:
  edit-metadata: 1.3160006664693356
  landing: 0.8610203787684441
  view-data: 3.322991754859686
