times:
  edit-metadata: 1.5482738688588142
  landing: 0.8026679158210754
  view-data: 3.341150037944317
