times:
  edit-metadata: 1.7196819968521595
  landing: 1.0333597138524055
  view-data: 3.355116806924343
