times:
  edit-metadata: 1.4005444198846817
  landing: 0.7072947695851326
  view-data: 3.4492736384272575
