times:
  edit-metadata: 1.7104805260896683
  landing: 1.034468661993742
  view-data: 3.34907191619277
