times:
  edit-metadata: 1.4852183908224106
  landing: 0.7777315825223923
  view-data: 3.4787025079131126
