times:
  edit-metadata: 1.4800028875470161
  landing: 0.7409218773245811
  view-data: 3.475759193301201
