times:
  edit-metadata: 1.4662781059741974
  landing: 0.7719317749142647
  view-data: 3.3677909895777702
