times:
  edit-metadata: 1.3445864617824554
  landing: 0.8204814195632935
  view-data: 3.532482109963894
