times:
  edit-metadata: 1.6246002614498138
  landing: 0.9085554368793964
  view-data: 3.3273456916213036
