times:
  edit-metadata: 1.8372957929968834
  landing: 1.1401913091540337
  view-data: 3.656540557742119
