times:
  edit-metadata: 1.4523878544569016
  landing: 0.7978303655982018
  view-data: 3.3424563109874725
