times:
  edit-metadata: 1.3684485703706741
  landing: 0.8167894706130028
  view-data: 3.371467389166355
