times:
  edit-metadata: 1.3810957595705986
  landing: 0.7934262156486511
  view-data: 3.5046401247382164
