times:
  edit-metadata: 1.456505998969078
  landing: 0.8473858907818794
  view-data: 3.3116436675190926
