times:
  edit-metadata: 1.393906481564045
  landing: 0.7422917634248734
  view-data: 3.508907049894333
