times:
  edit-metadata: 1.4864439740777016
  landing: 0.8990941420197487
  view-data: 3.347146727144718
