times:
  edit-metadata: 1.4153151363134384
  landing: 0.7182525023818016
  view-data: 3.4757418110966682
