times:
  edit-metadata: 1.468204140663147
  landing: 0.822157546877861
  view-data: 3.5729983374476433
