times:
  edit-metadata: 1.6115812100470066
  landing: 0.8685915023088455
  view-data: 3.3254268057644367
