times:
  edit-metadata: 1.4536039978265762
  landing: 1.0318033546209335
  view-data: 3.496368259191513
