times:
  edit-metadata: 1.4799419194459915
  landing: 0.7654440104961395
  view-data: 3.42283833026886
