times:
  edit-metadata: 1.3728860169649124
  landing: 0.7859396040439606
  view-data: 3.3548949137330055
