times:
  edit-metadata: 1.492781601846218
  landing: 0.7620671913027763
  view-data: 3.352665789425373
