times:
  edit-metadata: 1.4263065308332443
  landing: 0.8103721365332603
  view-data: 3.3115669637918472
