times:
  edit-metadata: 1.3947655111551285
  landing: 0.8604741878807545
  view-data: 3.3319853879511356
