times:
  edit-metadata: 1.4205504842102528
  landing: 0.729625754058361
  view-data: 3.321351546794176
