times:
  edit-metadata: 1.4514949470758438
  landing: 0.7559685483574867
  view-data: 3.4652965143322945
