times:
  edit-metadata: 1.483819916844368
  landing: 0.8979106321930885
  view-data: 3.4356148466467857
