times:
  edit-metadata: 1.4602096900343895
  landing: 0.7567443922162056
  view-data: 3.4421144276857376
