times:
  edit-metadata: 2.106415279209614
  landing: 1.1273422539234161
  view-data: 3.49440448731184
