times:
  edit-metadata: 1.4208928644657135
  landing: 0.8114180862903595
  view-data: 3.4793495386838913
