times:
  edit-metadata: 1.3471507132053375
  landing: 0.7765139043331146
  view-data: 3.425012394785881
