times:
  edit-metadata: 1.4202044308185577
  landing: 0.9220882914960384
  view-data: 3.393780328333378
