times:
  edit-metadata: 1.46276331320405
  landing: 0.8664114288985729
  view-data: 3.327162981033325
