times:
  edit-metadata: 1.5005400776863098
  landing: 0.9002674072980881
  view-data: 3.357867956161499
