times:
  edit-metadata: 1.5348804518580437
  landing: 1.1148482263088226
  view-data: 3.329552222043276
