times:
  edit-metadata: 1.41368006169796
  landing: 0.7832795456051826
  view-data: 3.289300076663494
