times:
  edit-metadata: 1.4290297701954842
  landing: 0.7724907994270325
  view-data: 3.514608733355999
