times:
  edit-metadata: 1.5136685445904732
  landing: 0.7103194668889046
  view-data: 3.453720711171627
