times:
  edit-metadata: 1.5147059559822083
  landing: 0.7838220223784447
  view-data: 3.509437844157219
