times:
  edit-metadata: 1.5000730380415916
  landing: 0.8859092704951763
  view-data: 3.3246088698506355
