times:
  edit-metadata: 1.6505229249596596
  landing: 0.8893377929925919
  view-data: 3.3635494858026505
