times:
  edit-metadata: 1.499475173652172
  landing: 0.876801036298275
  view-data: 3.497311234474182
