times:
  edit-metadata: 1.542844645678997
  landing: 0.7065259851515293
  view-data: 3.3389640487730503
