times:
  edit-metadata: 1.4164847396314144
  landing: 0.8231768235564232
  view-data: 3.312095534056425
