times:
  edit-metadata: 1.7532514967024326
  landing: 1.03241678327322
  view-data: 3.415129132568836
