times:
  edit-metadata: 1.4586667865514755
  landing: 0.8478785455226898
  view-data: 3.4032544940710068
