times:
  edit-metadata: 1.4724592939019203
  landing: 0.7865657433867455
  view-data: 3.430069625377655
