times:
  edit-metadata: 1.5139486640691757
  landing: 1.0072212144732475
  view-data: 3.5900253355503082
