times:
  edit-metadata: 2.145546656101942
  landing: 1.4952759332954884
  view-data: 3.3007951602339745
