times:
  edit-metadata: 1.4467304162681103
  landing: 0.7433087825775146
  view-data: 3.335852149873972
