times:
  edit-metadata: 1.9725563079118729
  landing: 1.311688520014286
  view-data: 3.4281174428761005
