times:
  edit-metadata: 1.5135067999362946
  landing: 0.7985062301158905
  view-data: 3.2856017984449863
