times:
  edit-metadata: 1.4686521142721176
  landing: 0.740651935338974
  view-data: 3.5469774529337883
