times:
  edit-metadata: 1.5116891749203205
  landing: 0.9099700450897217
  view-data: 3.345504216849804
