times:
  edit-metadata: 1.4524359330534935
  landing: 0.7959459759294987
  view-data: 3.2877739667892456
