times:
  edit-metadata: 1.5270170271396637
  landing: 0.8024653494358063
  view-data: 3.3114667274057865
