times:
  edit-metadata: 1.429206132888794
  landing: 0.777532272040844
  view-data: 3.489244781434536
