times:
  edit-metadata: 1.3446234613656998
  landing: 0.7328502610325813
  view-data: 3.641860231757164
