times:
  edit-metadata: 1.6847286485135555
  landing: 0.9846798479557037
  view-data: 3.321038667112589
