times:
  edit-metadata: 1.3964956402778625
  landing: 0.7790970392525196
  view-data: 3.36516135931015
