times:
  edit-metadata: 1.4166214019060135
  landing: 0.8045811951160431
  view-data: 3.483831875026226
