times:
  edit-metadata: 1.5102428644895554
  landing: 0.7737208157777786
  view-data: 3.4767881706357002
