times:
  edit-metadata: 1.4881495907902718
  landing: 0.9921170249581337
  view-data: 3.4632230326533318
