times:
  edit-metadata: 1.432262971997261
  landing: 0.7499796152114868
  view-data: 3.562279812991619
