times:
  edit-metadata: 1.4879441671073437
  landing: 0.8192449994385242
  view-data: 3.3500856682658195
