times:
  edit-metadata: 1.564157985150814
  landing: 0.8984110206365585
  view-data: 3.46742907166481
