times:
  edit-metadata: 1.3708252757787704
  landing: 0.7961641103029251
  view-data: 3.461577221751213
