times:
  edit-metadata: 1.3580031767487526
  landing: 0.7289998978376389
  view-data: 3.448176823556423
