times:
  edit-metadata: 1.3603238686919212
  landing: 0.7434500157833099
  view-data: 3.2604832984507084
