times:
  edit-metadata: 1.4144277200102806
  landing: 0.7798408195376396
  view-data: 3.4744724854826927
