times:
  edit-metadata: 1.4505303874611855
  landing: 0.7486966401338577
  view-data: 3.3280349858105183
