times:
  edit-metadata: 1.5086950398981571
  landing: 0.7623819038271904
  view-data: 3.3049048110842705
