times:
  edit-metadata: 1.4914002120494843
  landing: 0.7183488234877586
  view-data: 3.489971049129963
