times:
  edit-metadata: 1.6093292385339737
  landing: 0.7993529625236988
  view-data: 3.4197466373443604
