times:
  edit-metadata: 1.524176076054573
  landing: 0.8687250465154648
  view-data: 3.3179299533367157
