times:
  edit-metadata: 1.5536138601601124
  landing: 0.8627383783459663
  view-data: 3.2962441481649876
