times:
  edit-metadata: 1.4827559478580952
  landing: 0.8707018829882145
  view-data: 3.33130194991827
