times:
  edit-metadata: 1.4663441851735115
  landing: 0.7943819612264633
  view-data: 3.5115983933210373
