times:
  edit-metadata: 1.3460465222597122
  landing: 0.8104001730680466
  view-data: 3.4877867624163628
