times:
  edit-metadata: 1.5076224133372307
  landing: 0.814664676785469
  view-data: 3.796583339571953
