times:
  edit-metadata: 1.5010021552443504
  landing: 0.7890852242708206
  view-data: 3.507082939147949
