times:
  edit-metadata: 1.5387374758720398
  landing: 0.7660013176500797
  view-data: 3.335683986544609
