times:
  edit-metadata: 1.4426916614174843
  landing: 0.7242611795663834
  view-data: 3.4438590928912163
