times:
  edit-metadata: 1.3766118213534355
  landing: 0.7610485777258873
  view-data: 3.3533984050154686
