times:
  edit-metadata: 1.5319988653063774
  landing: 0.8240688592195511
  view-data: 3.3352261185646057
