times:
  edit-metadata: 1.383772850036621
  landing: 0.7407703772187233
  view-data: 3.4835836067795753
