times:
  edit-metadata: 1.4236972816288471
  landing: 0.9598404206335545
  view-data: 3.3909397572278976
