times:
  edit-metadata: 1.9467069059610367
  landing: 1.0286252386868
  view-data: 3.4183932095766068
