times:
  edit-metadata: 1.4546660706400871
  landing: 0.7485209479928017
  view-data: 3.2693361714482307
