times:
  edit-metadata: 1.4686541259288788
  landing: 1.0635517835617065
  view-data: 3.459553562104702
