times:
  edit-metadata: 1.4206015951931477
  landing: 0.7505935989320278
  view-data: 3.3147032149136066
