times:
  edit-metadata: 1.5326677188277245
  landing: 0.9062565788626671
  view-data: 3.336396135389805
