times:
  edit-metadata: 1.5231381580233574
  landing: 0.796995285898447
  view-data: 3.3975350372493267
