times:
  edit-metadata: 1.4496385604143143
  landing: 0.7835135757923126
  view-data: 3.4763472601771355
