times:
  edit-metadata: 1.5123597458004951
  landing: 0.8987047374248505
  view-data: 3.612919792532921
