times:
  edit-metadata: 1.5103930979967117
  landing: 0.7551206201314926
  view-data: 3.5293633490800858
