times:
  edit-metadata: 1.4935893565416336
  landing: 0.9115636833012104
  view-data: 3.4356636330485344
