times:
  edit-metadata: 1.4187568202614784
  landing: 0.6708088591694832
  view-data: 3.5330655202269554
