times:
  edit-metadata: 1.542169138789177
  landing: 0.7825737595558167
  view-data: 3.383524112403393
