times:
  edit-metadata: 1.4017528966069221
  landing: 0.8052749261260033
  view-data: 3.5040254667401314
