times:
  edit-metadata: 1.4579633213579655
  landing: 0.8155434317886829
  view-data: 3.296263739466667
