times:
  edit-metadata: 1.4432538524270058
  landing: 0.8418761193752289
  view-data: 3.5935245901346207
