times:
  edit-metadata: 1.425809670239687
  landing: 0.8119183890521526
  view-data: 3.3709805756807327
