times:
  edit-metadata: 1.4250581935048103
  landing: 0.723073236644268
  view-data: 3.5241005048155785
