times:
  edit-metadata: 1.4992009326815605
  landing: 0.7671445719897747
  view-data: 3.2699243873357773
