times:
  edit-metadata: 1.4064567610621452
  landing: 0.7032632753252983
  view-data: 3.4812667667865753
