times:
  edit-metadata: 1.5238950103521347
  landing: 0.9149865508079529
  view-data: 3.3042376786470413
