times:
  edit-metadata: 1.4129112288355827
  landing: 0.8697732761502266
  view-data: 3.4922939091920853
