times:
  edit-metadata: 1.3666730746626854
  landing: 0.7427621483802795
  view-data: 3.2861740440130234
