times:
  edit-metadata: 1.5572177842259407
  landing: 0.873895987868309
  view-data: 3.5350429117679596
