times:
  edit-metadata: 1.4138012081384659
  landing: 0.7337376773357391
  view-data: 3.5219966173171997
