times:
  edit-metadata: 1.4888658374547958
  landing: 0.7777787894010544
  view-data: 3.5079091265797615
