times:
  edit-metadata: 1.543252319097519
  landing: 0.868360448628664
  view-data: 3.348835699260235
