times:
  edit-metadata: 1.497704692184925
  landing: 0.82132488489151
  view-data: 3.344662755727768
