times:
  edit-metadata: 1.390108622610569
  landing: 0.8692746609449387
  view-data: 3.2848138362169266
