times:
  edit-metadata: 1.4034303352236748
  landing: 0.7569124102592468
  view-data: 3.2868479415774345
