times:
  edit-metadata: 1.4857435375452042
  landing: 0.846268642693758
  view-data: 3.375816985964775
