times:
  edit-metadata: 1.4739621989428997
  landing: 0.8750160709023476
  view-data: 3.3470074646174908
