times:
  edit-metadata: 1.522565059363842
  landing: 0.8418643400073051
  view-data: 3.419828124344349
