times:
  edit-metadata: 1.3660511747002602
  landing: 0.7844350039958954
  view-data: 3.468328408896923
