times:
  edit-metadata: 1.6046146228909492
  landing: 0.8545377925038338
  view-data: 3.3704304322600365
