times:
  edit-metadata: 1.4113106913864613
  landing: 0.7756215706467628
  view-data: 3.4026472233235836
