times:
  edit-metadata: 1.4487177319824696
  landing: 0.8184634111821651
  view-data: 3.2532760351896286
