times:
  edit-metadata: 1.4902622252702713
  landing: 0.7877454906702042
  view-data: 3.451721355319023
