times:
  edit-metadata: 1.5245701558887959
  landing: 0.8307057581841946
  view-data: 3.334175795316696
