times:
  edit-metadata: 1.456251583993435
  landing: 0.8728139400482178
  view-data: 3.4337880611419678
