times:
  edit-metadata: 1.5904447883367538
  landing: 0.8228808492422104
  view-data: 3.5036103799939156
