times:
  edit-metadata: 1.5876090079545975
  landing: 0.9466684982180595
  view-data: 3.4012903943657875
