times:
  edit-metadata: 1.3916641287505627
  landing: 0.7965167686343193
  view-data: 3.3230672776699066
