times:
  edit-metadata: 1.516486495733261
  landing: 0.8595168441534042
  view-data: 3.5384118258953094
