times:
  edit-metadata: 1.4936554245650768
  landing: 0.75996158644557
  view-data: 3.3866772539913654
