times:
  edit-metadata: 1.3795985504984856
  landing: 0.8518685176968575
  view-data: 3.438075430691242
