times:
  edit-metadata: 1.4871122688055038
  landing: 0.8366809859871864
  view-data: 3.3688855022192
