times:
  edit-metadata: 1.4657622426748276
  landing: 0.7178735062479973
  view-data: 3.5066702738404274
