times:
  edit-metadata: 5.0650549829006195
  landing: 2.858167715370655
  view-data: 3.6049728021025658
