times:
  edit-metadata: 1.3914510905742645
  landing: 0.7679369375109673
  view-data: 3.3347185999155045
