times:
  edit-metadata: 1.4876508191227913
  landing: 0.7759550586342812
  view-data: 3.468371160328388
