times:
  edit-metadata: 1.4651164710521698
  landing: 0.8286064565181732
  view-data: 3.374785028398037
