times:
  edit-metadata: 1.4353380128741264
  landing: 0.8543117865920067
  view-data: 3.315244149416685
