times:
  edit-metadata: 1.505492240190506
  landing: 5.835314247757196
  view-data: 3.3805680610239506
