times:
  edit-metadata: 1.3500433713197708
  landing: 0.7855712175369263
  view-data: 3.4426622539758682
