times:
  edit-metadata: 1.4902315400540829
  landing: 0.864690937101841
  view-data: 3.3510634750127792
