times:
  edit-metadata: 1.3613451644778252
  landing: 0.79647496342659
  view-data: 3.5159949138760567
