times:
  edit-metadata: 1.4492826014757156
  landing: 1.1721009090542793
  view-data: 3.525364212691784
