times:
  edit-metadata: 1.6707394421100616
  landing: 0.9791371785104275
  view-data: 3.3084058724343777
