times:
  edit-metadata: 1.5539742484688759
  landing: 0.7387854903936386
  view-data: 3.436842381954193
