times:
  edit-metadata: 1.5049277320504189
  landing: 0.7511573135852814
  view-data: 3.3230513483285904
