times:
  edit-metadata: 1.497652105987072
  landing: 0.7891936972737312
  view-data: 3.4830092564225197
