times:
  edit-metadata: 1.5006379671394825
  landing: 0.7560143433511257
  view-data: 3.3029998913407326
