times:
  edit-metadata: 1.4461644515395164
  landing: 0.7570725381374359
  view-data: 3.468233399093151
