times:
  edit-metadata: 1.4394069612026215
  landing: 0.83088668435812
  view-data: 3.4921908900141716
