times:
  edit-metadata: 1.6496105007827282
  landing: 0.8744886144995689
  view-data: 3.3273800984025
