times:
  edit-metadata: 1.4748821184039116
  landing: 0.7594832479953766
  view-data: 3.4857980608940125
