times:
  edit-metadata: 1.5620092749595642
  landing: 0.9368268325924873
  view-data: 3.3269509747624397
