times:
  edit-metadata: 1.4787820614874363
  landing: 0.8334619775414467
  view-data: 3.3603687658905983
