times:
  edit-metadata: 1.3139583244919777
  landing: 0.6923898011445999
  view-data: 3.476954884827137
