times:
  edit-metadata: 1.4896684139966965
  landing: 0.8591092899441719
  view-data: 3.5756344869732857
