times:
  edit-metadata: 1.4828905425965786
  landing: 0.8141284547746181
  view-data: 3.405309770256281
