times:
  edit-metadata: 1.5363845378160477
  landing: 0.8593144305050373
  view-data: 3.3451393768191338
