times:
  edit-metadata: 1.3688104301691055
  landing: 0.7119666486978531
  view-data: 3.4144129902124405
