times:
  edit-metadata: 1.4947607107460499
  landing: 0.758239209651947
  view-data: 3.284681923687458
