times:
  edit-metadata: 1.4611807838082314
  landing: 0.7924607321619987
  view-data: 3.4872202277183533
