times:
  edit-metadata: 2.6569586023688316
  landing: 1.5277205780148506
  view-data: 3.8713646307587624
