times:
  edit-metadata: 1.7563649900257587
  landing: 1.135829359292984
  view-data: 3.3045299872756004
