times:
  edit-metadata: 1.369280532002449
  landing: 0.7453504949808121
  view-data: 3.4867236465215683
