times:
  edit-metadata: 1.3526403456926346
  landing: 0.8237708359956741
  view-data: 3.5201267823576927
