times:
  edit-metadata: 1.4756315127015114
  landing: 0.8163388594985008
  view-data: 3.5313274189829826
