times:
  edit-metadata: 1.3683722466230392
  landing: 0.728637583553791
  view-data: 3.4303597882390022
