times:
  edit-metadata: 1.5954314693808556
  landing: 0.7713990584015846
  view-data: 3.3109469190239906
