times:
  edit-metadata: 1.6055674254894257
  landing: 0.8907067701220512
  view-data: 3.475636549293995
