times:
  edit-metadata: 2.4769167006015778
  landing: 1.887060135602951
  view-data: 3.4895742908120155
