times:
  edit-metadata: 1.4874026998877525
  landing: 0.8767736665904522
  view-data: 3.364107072353363
