times:
  edit-metadata: 1.439597338438034
  landing: 0.754049226641655
  view-data: 3.499568536877632
