times:
  edit-metadata: 1.4993529245257378
  landing: 0.7875764183700085
  view-data: 3.3140254095196724
