times:
  edit-metadata: 1.4717371836304665
  landing: 0.8248489052057266
  view-data: 3.4973956495523453
