times:
  edit-metadata: 1.457327976822853
  landing: 0.8169268444180489
  view-data: 3.48071963340044
