times:
  edit-metadata: 1.687884360551834
  landing: 0.7652701437473297
  view-data: 3.4597332701087
