times:
  edit-metadata: 1.5659220814704895
  landing: 0.9190472215414047
  view-data: 3.5224508717656136
