times:
  edit-metadata: 1.3857113793492317
  landing: 0.7111615836620331
  view-data: 3.497259184718132
