times:
  edit-metadata: 1.9631962701678276
  landing: 1.2972825355827808
  view-data: 3.356288570910692
