times:
  edit-metadata: 1.5028942450881004
  landing: 1.0412950590252876
  view-data: 3.291139654815197
