times:
  edit-metadata: 1.474807545542717
  landing: 0.8670390658080578
  view-data: 3.4392508044838905
