times:
  edit-metadata: 1.490136593580246
  landing: 0.7077258303761482
  view-data: 3.433223322033882
