times:
  edit-metadata: 1.3631584346294403
  landing: 0.6935801431536674
  view-data: 3.479325369000435
