times:
  edit-metadata: 1.5071777403354645
  landing: 0.7814277932047844
  view-data: 3.549822337925434
