times:
  edit-metadata: 1.5455789491534233
  landing: 0.8078796118497849
  view-data: 3.3353368751704693
