times:
  edit-metadata: 1.4006235301494598
  landing: 0.7509944774210453
  view-data: 3.3312005400657654
