times:
  edit-metadata: 1.5583480559289455
  landing: 0.7905687466263771
  view-data: 0.5386181399226189
