times:
  edit-metadata: 1.4849142581224442
  landing: 0.8117013797163963
  view-data: 3.53467458486557
