times:
  edit-metadata: 1.4906954988837242
  landing: 0.8158186376094818
  view-data: 3.307679571211338
