times:
  edit-metadata: 1.4655606895685196
  landing: 0.7366493791341782
  view-data: 3.475829027593136
