times:
  edit-metadata: 1.5327126532793045
  landing: 0.7733331993222237
  view-data: 3.4770430475473404
