times:
  edit-metadata: 1.545359618961811
  landing: 0.8004436269402504
  view-data: 3.318362385034561
