times:
  edit-metadata: 1.6040899381041527
  landing: 0.7998588383197784
  view-data: 3.309453994035721
