times:
  edit-metadata: 1.3965578079223633
  landing: 0.762995533645153
  view-data: 3.397611267864704
