times:
  edit-metadata: 1.4748056828975677
  landing: 0.860580325126648
  view-data: 3.5267145335674286
