times:
  edit-metadata: 1.5099708661437035
  landing: 0.8001279905438423
  view-data: 3.477526865899563
