times:
  edit-metadata: 1.5541039034724236
  landing: 0.8327494338154793
  view-data: 3.3404353372752666
