times:
  edit-metadata: 1.7629394605755806
  landing: 0.7263533249497414
  view-data: 3.3879301622509956
