times:
  edit-metadata: 1.4448047652840614
  landing: 0.7694827914237976
  view-data: 3.4795144498348236
