times:
  edit-metadata: 1.437852457165718
  landing: 0.7566721439361572
  view-data: 3.3356985971331596
