times:
  edit-metadata: 1.4485509246587753
  landing: 0.7304268628358841
  view-data: 3.392982952296734
