times:
  edit-metadata: 1.4126108214259148
  landing: 0.7595871537923813
  view-data: 3.4176711067557335
