times:
  edit-metadata: 1.4534241557121277
  landing: 0.7800565585494041
  view-data: 3.343114897608757
