times:
  edit-metadata: 1.417278729379177
  landing: 0.7656692042946815
  view-data: 3.5084877610206604
