times:
  edit-metadata: 1.4454223737120628
  landing: 0.8537501394748688
  view-data: 3.4420818760991096
