times:
  edit-metadata: 1.4822195991873741
  landing: 0.738874264061451
  view-data: 3.4502021446824074
