times:
  edit-metadata: 1.4153119027614594
  landing: 0.7489132806658745
  view-data: 3.4562721848487854
