times:
  edit-metadata: 1.4638917669653893
  landing: 0.8167791664600372
  view-data: 3.4960654601454735
