times:
  edit-metadata: 1.428289633244276
  landing: 0.7934447713196278
  view-data: 3.303972851485014
