times:
  edit-metadata: 1.4028469398617744
  landing: 0.6839381381869316
  view-data: 3.311201933771372
