times:
  edit-metadata: 1.5250891596078873
  landing: 0.8265743851661682
  view-data: 3.432460144162178
