times:
  edit-metadata: 1.4315339252352715
  landing: 0.7534279748797417
  view-data: 3.4307301938533783
