times:
  edit-metadata: 1.4772130697965622
  landing: 0.753400593996048
  view-data: 3.3879236057400703
