times:
  edit-metadata: 1.4041448310017586
  landing: 0.8564502820372581
  view-data: 3.2967909425497055
