times:
  edit-metadata: 1.5241412669420242
  landing: 0.7365321069955826
  view-data: 3.3207160905003548
