times:
  edit-metadata: 1.5999017506837845
  landing: 0.828961655497551
  view-data: 3.333470731973648
