times:
  edit-metadata: 1.619151808321476
  landing: 0.9002398960292339
  view-data: 3.375833671540022
