times:
  edit-metadata: 1.5712847150862217
  landing: 0.8828070908784866
  view-data: 3.3871981985867023
