times:
  edit-metadata: 1.43187814950943
  landing: 0.935776099562645
  view-data: 3.5339929163455963
