times:
  edit-metadata: 1.5622872114181519
  landing: 0.7912933528423309
  view-data: 3.4073052033782005
