times:
  edit-metadata: 1.4262045249342918
  landing: 0.7230448052287102
  view-data: 3.3095127791166306
