times:
  edit-metadata: 1.5256096050143242
  landing: 0.7050951793789864
  view-data: 3.503544397652149
