times:
  edit-metadata: 1.4427181333303452
  landing: 1.024450458586216
  view-data: 3.4603357687592506
