times:
  edit-metadata: 1.4664589166641235
  landing: 0.7206947058439255
  view-data: 3.4927483946084976
