times:
  edit-metadata: 1.5236240401864052
  landing: 0.773440770804882
  view-data: 3.525265082716942
