times:
  edit-metadata: 1.425979271531105
  landing: 0.7394272834062576
  view-data: 3.4631849750876427
