times:
  edit-metadata: 1.4104527346789837
  landing: 0.7986830435693264
  view-data: 3.297785885632038
