times:
  edit-metadata: 1.446535848081112
  landing: 0.7282849177718163
  view-data: 3.4995220005512238
