times:
  edit-metadata: 1.3401351124048233
  landing: 0.7776743248105049
  view-data: 3.48896624147892
