times:
  edit-metadata: 1.4684296771883965
  landing: 0.8163101300597191
  view-data: 3.3171073719859123
