times:
  edit-metadata: 1.5236406475305557
  landing: 0.799732118844986
  view-data: 3.3202450536191463
