times:
  edit-metadata: 1.4420547187328339
  landing: 0.8415911048650742
  view-data: 4.795089088380337
