times:
  edit-metadata: 1.4083135351538658
  landing: 0.8568982183933258
  view-data: 3.3098094761371613
