times:
  edit-metadata: 1.6341533288359642
  landing: 0.9637993276119232
  view-data: 3.3391412124037743
