times:
  edit-metadata: 1.4117921218276024
  landing: 0.8964853733778
  view-data: 3.2933900244534016
