times:
  edit-metadata: 1.4153429046273232
  landing: 0.7704977467656136
  view-data: 3.489209495484829
