times:
  edit-metadata: 1.5923467352986336
  landing: 0.9152578115463257
  view-data: 3.341602623462677
