times:
  edit-metadata: 1.5137502402067184
  landing: 0.736756943166256
  view-data: 3.4940535128116608
