times:
  edit-metadata: 1.9914473667740822
  landing: 0.8720015548169613
  view-data: 3.3938342928886414
