times:
  edit-metadata: 1.469729483127594
  landing: 0.8260187953710556
  view-data: 3.3046142533421516
