times:
  edit-metadata: 1.473090872168541
  landing: 0.7385292239487171
  view-data: 3.3235189765691757
