times:
  edit-metadata: 1.3572607226669788
  landing: 0.7607057504355907
  view-data: 3.2795351445674896
