times:
  edit-metadata: 1.3739185333251953
  landing: 0.781480684876442
  view-data: 3.452736906707287
