times:
  edit-metadata: 1.394267588853836
  landing: 0.7178718000650406
  view-data: 3.2788054905831814
