times:
  edit-metadata: 1.3631770014762878
  landing: 0.7661276496946812
  view-data: 3.2958813942968845
