times:
  edit-metadata: 1.585516557097435
  landing: 0.7940516918897629
  view-data: 3.477267362177372
