times:
  edit-metadata: 1.3705636337399483
  landing: 0.736332505941391
  view-data: 3.4857465848326683
