times:
  edit-metadata: 1.4539430513978004
  landing: 0.9096584245562553
  view-data: 3.3794674910604954
