times:
  edit-metadata: 1.436802450567484
  landing: 0.744329147040844
  view-data: 3.304027747362852
