times:
  edit-metadata: 1.3531977757811546
  landing: 0.770135372877121
  view-data: 3.45372112095356
