times:
  edit-metadata: 1.5222004279494286
  landing: 0.7787989936769009
  view-data: 3.284069750458002
