times:
  edit-metadata: 1.4156270027160645
  landing: 0.7627611607313156
  view-data: 3.47992529720068
