times:
  edit-metadata: 1.3220270723104477
  landing: 0.9246445521712303
  view-data: 3.4221475943922997
