times:
  edit-metadata: 1.3750566616654396
  landing: 0.7152974978089333
  view-data: 3.340840257704258
