times:
  edit-metadata: 1.4519855976104736
  landing: 0.8046846501529217
  view-data: 3.3497321866452694
