times:
  edit-metadata: 2.2751581110060215
  landing: 1.3161471039056778
  view-data: 3.47923306748271
