times:
  edit-metadata: 1.4669453166425228
  landing: 0.7798299081623554
  view-data: 3.401421021670103
