times:
  edit-metadata: 1.3574709109961987
  landing: 0.8034996166825294
  view-data: 3.403462130576372
