times:
  edit-metadata: 1.6442833617329597
  landing: 1.0187271535396576
  view-data: 3.3342819958925247
