times:
  edit-metadata: 1.4841803461313248
  landing: 0.7699127048254013
  view-data: 3.317713737487793
