times:
  edit-metadata: 1.3767998963594437
  landing: 0.8502291664481163
  view-data: 3.42023628950119
