times:
  edit-metadata: 1.4373338036239147
  landing: 0.6822022199630737
  view-data: 3.29675617441535
