times:
  edit-metadata: 1.6945094875991344
  landing: 0.9108089506626129
  view-data: 3.343778111040592
