times:
  edit-metadata: 1.551666796207428
  landing: 0.7726165503263474
  view-data: 3.508992724120617
