times:
  edit-metadata: 1.6851826906204224
  landing: 0.9097893685102463
  view-data: 3.350691430270672
