times:
  edit-metadata: 1.4050102606415749
  landing: 0.7437421083450317
  view-data: 3.3954234942793846
