times:
  edit-metadata: 1.4066886976361275
  landing: 0.7814204841852188
  view-data: 3.520736813545227
