times:
  edit-metadata: 1.4356773868203163
  landing: 0.6973792240023613
  view-data: 3.5326349437236786
