times:
  edit-metadata: 1.450782559812069
  landing: 0.7419793456792831
  view-data: 3.472940556704998
