times:
  edit-metadata: 1.4990300312638283
  landing: 0.7954138740897179
  view-data: 3.3117751255631447
