times:
  edit-metadata: 1.47456656396389
  landing: 0.8231441006064415
  view-data: 3.390402175486088
