times:
  edit-metadata: 1.567192904651165
  landing: 1.0118355192244053
  view-data: 3.272703602910042
