times:
  edit-metadata: 1.3989320807158947
  landing: 0.7717786133289337
  view-data: 3.2696913443505764
