times:
  edit-metadata: 1.7867420986294746
  landing: 0.9050453528761864
  view-data: 3.3245862908661366
