times:
  edit-metadata: 1.4511844217777252
  landing: 0.7866377159953117
  view-data: 3.46658156812191
