times:
  edit-metadata: 1.4525068178772926
  landing: 0.9083838760852814
  view-data: 3.5689205527305603
