times:
  edit-metadata: 1.5214488580822945
  landing: 0.7797844558954239
  view-data: 3.5613152608275414
