times:
  edit-metadata: 1.8180750645697117
  landing: 1.0008581764996052
  view-data: 3.3354707546532154
