times:
  edit-metadata: 1.5321473479270935
  landing: 0.8243808038532734
  view-data: 3.3288063891232014
