times:
  edit-metadata: 1.4351513758301735
  landing: 1.0483427345752716
  view-data: 3.4968974888324738
