times:
  edit-metadata: 1.3851097412407398
  landing: 0.7834139093756676
  view-data: 3.2969155199825764
