times:
  edit-metadata: 1.8431283310055733
  landing: 0.9435679689049721
  view-data: 3.4928154945373535
