times:
  edit-metadata: 1.456800177693367
  landing: 0.78890610486269
  view-data: 3.296481229364872
