times:
  edit-metadata: 1.3837221711874008
  landing: 0.8480493873357773
  view-data: 3.405573010444641
