times:
  edit-metadata: 1.4719232805073261
  landing: 0.7838231325149536
  view-data: 3.3019001185894012
