times:
  edit-metadata: 1.488257758319378
  landing: 0.8144999295473099
  view-data: 3.3365106359124184
