times:
  edit-metadata: 1.5048555508255959
  landing: 0.7816420495510101
  view-data: 3.4003645330667496
