times:
  edit-metadata: 1.453022450208664
  landing: 0.7971008196473122
  view-data: 3.475237622857094
