times:
  edit-metadata: 1.4221540093421936
  landing: 0.7853830382227898
  view-data: 3.429062031209469
