times:
  edit-metadata: 1.5587643831968307
  landing: 0.8365230560302734
  view-data: 3.391372077167034
