times:
  edit-metadata: 1.433430403470993
  landing: 0.8598572053015232
  view-data: 3.3005183413624763
