times:
  edit-metadata: 2.0186671391129494
  landing: 0.7887418493628502
  view-data: 3.3625480085611343
