times:
  edit-metadata: 1.4075300246477127
  landing: 0.7217579782009125
  view-data: 3.2927649915218353
