times:
  edit-metadata: 1.4223907925188541
  landing: 0.7395877204835415
  view-data: 3.3119400814175606
