times:
  edit-metadata: 1.411020439118147
  landing: 0.7653104551136494
  view-data: 3.3614872694015503
