times:
  edit-metadata: 1.4464070498943329
  landing: 0.8381996750831604
  view-data: 3.2837399318814278
