times:
  edit-metadata: 1.5996202304959297
  landing: 0.8232626393437386
  view-data: 3.3638525679707527
