times:
  edit-metadata: 1.453512117266655
  landing: 0.7019313499331474
  view-data: 3.4916905015707016
