times:
  edit-metadata: 1.347960814833641
  landing: 0.7917419970035553
  view-data: 3.4654999375343323
