times:
  edit-metadata: 1.473276562988758
  landing: 0.7307268977165222
  view-data: 3.477355547249317
