times:
  edit-metadata: 1.5201561972498894
  landing: 0.8042718470096588
  view-data: 3.318080186843872
