times:
  edit-metadata: 1.4455591365695
  landing: 0.8069983758032322
  view-data: 3.315687734633684
