times:
  edit-metadata: 1.9706469923257828
  landing: 1.1774920001626015
  view-data: 3.621010407805443
