times:
  edit-metadata: 1.5621657893061638
  landing: 0.9512734413146973
  view-data: 3.466770276427269
