times:
  edit-metadata: 1.5825488343834877
  landing: 0.8454626873135567
  view-data: 3.322595339268446
