times:
  edit-metadata: 1.3624323010444641
  landing: 0.8719160631299019
  view-data: 3.56715090572834
