times:
  edit-metadata: 1.4409434720873833
  landing: 0.7006728872656822
  view-data: 3.484494172036648
