times:
  edit-metadata: 1.4774920344352722
  landing: 0.8197293244302273
  view-data: 3.316317558288574
