times:
  edit-metadata: 1.4884627871215343
  landing: 0.7815061025321484
  view-data: 3.2669686526060104
