times:
  edit-metadata: 1.8268890976905823
  landing: 1.0625308752059937
  view-data: 3.408293269574642
