times:
  edit-metadata: 2.1039701476693153
  landing: 1.2034264877438545
  view-data: 3.7974661737680435
