times:
  edit-metadata: 1.4127387553453445
  landing: 0.889451876282692
  view-data: 3.4379329159855843
