times:
  edit-metadata: 1.4540356621146202
  landing: 0.9322840720415115
  view-data: 3.436358030885458
