times:
  edit-metadata: 1.3943660613149405
  landing: 0.7014853041619062
  view-data: 3.437626887112856
