times:
  edit-metadata: 1.353147067129612
  landing: 0.7424886617809534
  view-data: 3.404748236760497
