times:
  edit-metadata: 1.6430596560239792
  landing: 1.2918003089725971
  view-data: 3.357473485171795
