times:
  edit-metadata: 1.3898764066398144
  landing: 0.7448642328381538
  view-data: 3.2870716638863087
