times:
  edit-metadata: 1.496666494756937
  landing: 0.7641765028238297
  view-data: 3.3348054960370064
