times:
  edit-metadata: 1.5221646390855312
  landing: 0.9807946011424065
  view-data: 3.464863009750843
