times:
  edit-metadata: 1.4944184496998787
  landing: 0.8690086826682091
  view-data: 3.41528907045722
