times:
  edit-metadata: 1.6033438369631767
  landing: 1.0588050931692123
  view-data: 3.3527198918163776
