times:
  edit-metadata: 1.482139877974987
  landing: 0.7837728559970856
  view-data: 3.303009107708931
