times:
  edit-metadata: 1.416123639792204
  landing: 1.0381121896207333
  view-data: 3.412334121763706
