times:
  edit-metadata: 1.6924859564751387
  landing: 0.9242946524173021
  view-data: 3.39495543576777
