times:
  edit-metadata: 1.4035641998052597
  landing: 0.830725647509098
  view-data: 3.308231759816408
