times:
  edit-metadata: 1.3126849513500929
  landing: 0.8217283543199301
  view-data: 3.297680428251624
