times:
  edit-metadata: 1.4073535613715649
  landing: 0.850507490336895
  view-data: 3.312297448515892
