times:
  edit-metadata: 1.3648920059204102
  landing: 0.8788107484579086
  view-data: 3.3159639798104763
