times:
  edit-metadata: 1.3977957107126713
  landing: 0.8918732535094023
  view-data: 3.3860088419169188
