times:
  edit-metadata: 1.6041456498205662
  landing: 7.3575319573283195
  view-data: 3.3723818473517895
