times:
  edit-metadata: 1.4799509420990944
  landing: 0.8771365322172642
  view-data: 3.452555913478136
