times:
  edit-metadata: 1.5244600493460894
  landing: 0.8169003874063492
  view-data: 3.452594630420208
