times:
  edit-metadata: 2.145950760692358
  landing: 0.8632249869406223
  view-data: 3.270402066409588
