times:
  edit-metadata: 1.4447292126715183
  landing: 0.9494238346815109
  view-data: 3.3426182977855206
