times:
  edit-metadata: 1.5017887465655804
  landing: 1.203777264803648
  view-data: 3.3259680308401585
