times:
  edit-metadata: 1.494514036923647
  landing: 0.7260796967893839
  view-data: 3.456658463925123
