times:
  edit-metadata: 3.376098096370697
  landing: 1.7278900556266308
  view-data: 3.3950864411890507
