times:
  edit-metadata: 1.5158545654267073
  landing: 0.7590360157191753
  view-data: 3.3324537482112646
