times:
  edit-metadata: 1.522392775863409
  landing: 1.082240056246519
  view-data: 3.3420333191752434
