times:
  edit-metadata: 1.4076113477349281
  landing: 0.7715313844382763
  view-data: 3.3191273398697376
