times:
  edit-metadata: 1.5407808534801006
  landing: 0.9294022992253304
  view-data: 3.4264503344893456
