times:
  edit-metadata: 1.3488249890506268
  landing: 0.8115015253424644
  view-data: 3.311352290213108
