times:
  edit-metadata: 1.546826284378767
  landing: 0.7744520492851734
  view-data: 3.2711535487324
