times:
  edit-metadata: 1.8892593309283257
  landing: 1.3383512236177921
  view-data: 3.704862929880619
