times:
  edit-metadata: 1.4065107256174088
  landing: 1.0298941023647785
  view-data: 3.378624953329563
