times:
  edit-metadata: 1.4885650798678398
  landing: 0.9696032516658306
  view-data: 3.341324105858803
