times:
  edit-metadata: 1.3875385075807571
  landing: 0.7825874481350183
  view-data: 3.2914800979197025
