times:
  edit-metadata: 1.4220593571662903
  landing: 1.1545400135219097
  view-data: 3.333835329860449
