times:
  edit-metadata: 1.4501388408243656
  landing: 0.7801345475018024
  view-data: 3.3497674874961376
