times:
  edit-metadata: 1.6279583722352982
  landing: 0.8335861563682556
  view-data: 3.372245801612735
