times:
  edit-metadata: 1.740085907280445
  landing: 1.1385369040071964
  view-data: 3.501413755118847
