times:
  edit-metadata: 1.6661968380212784
  landing: 1.0429710187017918
  view-data: 3.4357252717018127
