times:
  edit-metadata: 1.5167406499385834
  landing: 0.9366069138050079
  view-data: 3.5179969891905785
