times:
  edit-metadata: 1.3747614342719316
  landing: 0.7877201102674007
  view-data: 3.3513350188732147
