times:
  edit-metadata: 1.4277293235063553
  landing: 0.7648522108793259
  view-data: 3.291802030056715
