times:
  edit-metadata: 1.5554888248443604
  landing: 0.9600741825997829
  view-data: 3.414485029876232
