times:
  edit-metadata: 1.506874280050397
  landing: 0.8366282600909472
  view-data: 3.2984771747142076
