times:
  edit-metadata: 1.4336980655789375
  landing: 0.9072709605097771
  view-data: 3.377539873123169
