times:
  edit-metadata: 2.0219460912048817
  landing: 1.4099457301199436
  view-data: 3.4794564321637154
