times:
  edit-metadata: 1.5231132786720991
  landing: 0.8010715562850237
  view-data: 3.386722082272172
