times:
  edit-metadata: 1.4353992268443108
  landing: 0.7912752609699965
  view-data: 3.3500758204609156
