times:
  edit-metadata: 1.6645400486886501
  landing: 1.1811998076736927
  view-data: 3.46879331022501
