times:
  edit-metadata: 1.3884106315672398
  landing: 0.8238350246101618
  view-data: 3.3891914673149586
