times:
  edit-metadata: 1.3914204128086567
  landing: 0.7831947505474091
  view-data: 3.3198984563350677
