times:
  edit-metadata: 1.5487160943448544
  landing: 1.0306933224201202
  view-data: 0.6469584070146084
