times:
  edit-metadata: 1.3448753580451012
  landing: 0.7775999866425991
  view-data: 3.3306385092437267
