times:
  edit-metadata: 1.4933835472911596
  landing: 0.8065959792584181
  view-data: 3.3930712807923555
