times:
  edit-metadata: 1.4202419761568308
  landing: 0.8560346253216267
  view-data: 3.4720350466668606
