times:
  edit-metadata: 1.5397685021162033
  landing: 1.2578587345778942
  view-data: 3.32793515175581
