times:
  edit-metadata: 1.429980719462037
  landing: 0.7914485763758421
  view-data: 3.3721579927951097
