times:
  edit-metadata: 1.3878537528216839
  landing: 0.8093622736632824
  view-data: 3.4298476688563824
