times:
  edit-metadata: 1.4012368954718113
  landing: 0.963517714291811
  view-data: 3.3591993637382984
