times:
  edit-metadata: 1.396906603127718
  landing: 0.7552790641784668
  view-data: 3.328212399035692
