times:
  edit-metadata: 1.3826407045125961
  landing: 0.7511682473123074
  view-data: 3.3368726931512356
