times:
  edit-metadata: 1.806538738310337
  landing: 1.2468081824481487
  view-data: 3.5772185251116753
