times:
  edit-metadata: 2.540092758834362
  landing: 1.2197037860751152
  view-data: 3.9143159426748753
