times:
  edit-metadata: 1.6027876697480679
  landing: 8.170774817466736
  view-data: 3.3829717747867107
