times:
  edit-metadata: 1.3881153650581837
  landing: 1.1795933097600937
  view-data: 3.344473261386156
