times:
  edit-metadata: 1.4732010401785374
  landing: 0.8241685051470995
  view-data: 3.4000138882547617
