times:
  edit-metadata: 1.5357745178043842
  landing: 0.8175145722925663
  view-data: 3.3778469674289227
