times:
  edit-metadata: 1.5842624641954899
  landing: 1.1735374629497528
  view-data: 3.3708633482456207
