times:
  edit-metadata: 1.4158227518200874
  landing: 1.0352240838110447
  view-data: 3.4195977449417114
