times:
  edit-metadata: 1.4801582880318165
  landing: 0.9738756604492664
  view-data: 3.4637959338724613
