times:
  edit-metadata: 1.3276009932160378
  landing: 0.8025333620607853
  view-data: 3.3854303508996964
