times:
  edit-metadata: 1.5806747637689114
  landing: 0.8345536291599274
  view-data: 3.423678021878004
