times:
  edit-metadata: 1.4061525389552116
  landing: 0.9421066977083683
  view-data: 3.392938546836376
