times:
  edit-metadata: 1.489168742671609
  landing: 0.7839775532484055
  view-data: 3.520395329222083
