times:
  edit-metadata: 1.3898338247090578
  landing: 0.8006469383835793
  view-data: 3.36637607216835
