times:
  edit-metadata: 1.590181052684784
  landing: 1.0407819263637066
  view-data: 3.3505084812641144
