times:
  edit-metadata: 1.4041882902383804
  landing: 0.9453650303184986
  view-data: 3.3975217789411545
