times:
  edit-metadata: 1.6520225368440151
  landing: 7.037155978381634
  view-data: 3.311739254742861
