times:
  edit-metadata: 1.3978806734085083
  landing: 8.176983501762152
  view-data: 3.392027948051691
