times:
  edit-metadata: 1.5132458005100489
  landing: 0.7665315959602594
  view-data: 3.2979957796633244
