times:
  edit-metadata: 1.5757093131542206
  landing: 0.9837957061827183
  view-data: 3.363882776349783
