times:
  edit-metadata: 1.3757228516042233
  landing: 0.918904110789299
  view-data: 3.333731349557638
