times:
  edit-metadata: 1.449578057974577
  landing: 0.81986746750772
  view-data: 3.4132428597658873
