times:
  edit-metadata: 1.4255156554281712
  landing: 0.8700504451990128
  view-data: 3.3231751024723053
