times:
  edit-metadata: 1.5923322848975658
  landing: 1.0848254933953285
  view-data: 3.369419787079096
