times:
  edit-metadata: 1.3876072764396667
  landing: 0.8150236196815968
  view-data: 3.3323802016675472
