times:
  edit-metadata: 1.5667757913470268
  landing: 0.7566015347838402
  view-data: 3.3131154738366604
