times:
  edit-metadata: 1.552450928837061
  landing: 1.0942798797041178
  view-data: 3.4067270923405886
