times:
  edit-metadata: 1.3864922802895308
  landing: 0.7682355046272278
  view-data: 3.4050009790807962
