times:
  edit-metadata: 1.470245897769928
  landing: 0.8868894167244434
  view-data: 3.4223351515829563
