times:
  edit-metadata: 1.6146657727658749
  landing: 0.7500865291804075
  view-data: 3.32073494233191
