times:
  edit-metadata: 1.6045975647866726
  landing: 0.8407632205635309
  view-data: 3.5073721017688513
