times:
  edit-metadata: 1.3869773987680674
  landing: 0.7370227128267288
  view-data: 3.4126291014254093
