times:
  edit-metadata: 3.2520533725619316
  landing: 0.8185617066919804
  view-data: 3.3539123088121414
