times:
  edit-metadata: 1.5708946958184242
  landing: 0.9922501370310783
  view-data: 3.426860596984625
