times:
  edit-metadata: 1.4827805943787098
  landing: 0.7255618572235107
  view-data: 3.329377517104149
