times:
  edit-metadata: 1.3786851093173027
  landing: 0.9355863407254219
  view-data: 3.3417185619473457
