times:
  edit-metadata: 1.612343804910779
  landing: 0.9535845369100571
  view-data: 3.435448920354247
