times:
  edit-metadata: 1.4170051962137222
  landing: 0.8468863256275654
  view-data: 3.334320031106472
