times:
  edit-metadata: 1.4968093521893024
  landing: 1.0749729126691818
  view-data: 3.353018168359995
