times:
  edit-metadata: 1.5578742735087872
  landing: 0.9516765028238297
  view-data: 3.4299998320639133
