times:
  edit-metadata: 1.4594795107841492
  landing: 0.9981820173561573
  view-data: 3.4112872444093227
