times:
  edit-metadata: 1.4657424911856651
  landing: 1.0346295833587646
  view-data: 3.4254613630473614
