times:
  edit-metadata: 1.5916528105735779
  landing: 0.948306106030941
  view-data: 3.396544970571995
