times:
  edit-metadata: 1.5131696071475744
  landing: 0.8317783605307341
  view-data: 3.4218585807830095
