times:
  edit-metadata: 1.5134910680353642
  landing: 0.8024541921913624
  view-data: 3.3246680721640587
