times:
  edit-metadata: 1.527025181800127
  landing: 0.9844667389988899
  view-data: 3.2825415208935738
