times:
  edit-metadata: 1.4648682679980993
  landing: 0.7690138071775436
  view-data: 3.293160453438759
