times:
  edit-metadata: 1.4995838664472103
  landing: 0.7684826962649822
  view-data: 3.349370889365673
