times:
  edit-metadata: 1.4855396561324596
  landing: 0.8184074200689793
  view-data: 3.3334716502577066
