times:
  edit-metadata: 1.6903133653104305
  landing: 1.0828855745494366
  view-data: 3.3745278269052505
