times:
  edit-metadata: 1.3896430525928736
  landing: 0.8543356787413359
  view-data: 3.425516525283456
