times:
  edit-metadata: 1.5826473906636238
  landing: 1.1423576809465885
  view-data: 3.3676103688776493
