times:
  edit-metadata: 1.42637150734663
  landing: 0.8683607503771782
  view-data: 3.3591066412627697
