times:
  edit-metadata: 1.4967456385493279
  landing: 0.7952557802200317
  view-data: 3.3556719087064266
