times:
  edit-metadata: 2.970772221684456
  landing: 1.4177107401192188
  view-data: 4.132218271493912
