times:
  edit-metadata: 1.4965133965015411
  landing: 0.7880392260849476
  view-data: 3.3683101534843445
