times:
  edit-metadata: 1.7140271961688995
  landing: 0.9750106073915958
  view-data: 3.377276822924614
