times:
  edit-metadata: 1.373328996822238
  landing: 0.7141212522983551
  view-data: 3.3424354027956724
