times:
  edit-metadata: 1.4862962272018194
  landing: 0.8514112140983343
  view-data: 3.480142602697015
