times:
  edit-metadata: 1.4180801566690207
  landing: 0.8143100813031197
  view-data: 3.318355470895767
