times:
  edit-metadata: 1.4002149850130081
  landing: 0.7893736902624369
  view-data: 3.3184776455163956
