times:
  edit-metadata: 2.2258102260529995
  landing: 1.299073476344347
  view-data: 3.552617058157921
