times:
  edit-metadata: 1.4588895328342915
  landing: 0.9811571799218655
  view-data: 3.3299451489001513
