times:
  edit-metadata: 1.393856367096305
  landing: 0.7755103409290314
  view-data: 3.327715653926134
