times:
  edit-metadata: 1.8405975475907326
  landing: 0.9992305524647236
  view-data: 3.4030342660844326
