times:
  edit-metadata: 1.5019353702664375
  landing: 1.0164268389344215
  view-data: 3.4597005881369114
