times:
  edit-metadata: 1.4916063882410526
  landing: 0.8830176219344139
  view-data: 3.3088382557034492
