times:
  edit-metadata: 1.485832892358303
  landing: 0.8322671391069889
  view-data: 3.4165153987705708
