times:
  edit-metadata: 1.4211868643760681
  landing: 0.9469180442392826
  view-data: 3.338237442076206
