times:
  edit-metadata: 1.5011350885033607
  landing: 0.8298514951020479
  view-data: 3.343551207333803
