times:
  edit-metadata: 1.37811828404665
  landing: 1.0451764166355133
  view-data: 3.3628445714712143
