times:
  edit-metadata: 1.68105423822999
  landing: 1.1084347814321518
  view-data: 3.339682165533304
