times:
  edit-metadata: 1.4077116660773754
  landing: 0.7622722089290619
  view-data: 3.3803406804800034
