times:
  edit-metadata: 1.6240906976163387
  landing: 0.9615310467779636
  view-data: 3.431073047220707
