times:
  edit-metadata: 1.7159012742340565
  landing: 1.0891271065920591
  view-data: 3.4183010645210743
