times:
  edit-metadata: 1.4635539688169956
  landing: 1.0071707479655743
  view-data: 3.411801114678383
