times:
  edit-metadata: 1.5408381670713425
  landing: 0.8751951083540916
  view-data: 3.410969350486994
