times:
  edit-metadata: 1.6293001174926758
  landing: 1.0211732387542725
  view-data: 3.318169917911291
