times:
  edit-metadata: 1.411197006702423
  landing: 1.095443494617939
  view-data: 3.3463048301637173
