times:
  edit-metadata: 1.6524961180984974
  landing: 1.019658051431179
  view-data: 3.357135184109211
