times:
  edit-metadata: 1.4180995002388954
  landing: 0.755998145788908
  view-data: 3.2663227543234825
