times:
  edit-metadata: 1.354503020644188
  landing: 0.7535318657755852
  view-data: 3.3942506164312363
