times:
  edit-metadata: 1.473701924085617
  landing: 0.8228066191077232
  view-data: 3.310000993311405
