times:
  edit-metadata: 1.4138122759759426
  landing: 0.8996033668518066
  view-data: 3.364020261913538
