times:
  edit-metadata: 1.4965485520660877
  landing: 0.9705817811191082
  view-data: 3.291133861988783
