times:
  edit-metadata: 1.434400275349617
  landing: 0.7577111348509789
  view-data: 3.574200578033924
