times:
  edit-metadata: 1.3227728977799416
  landing: 0.8142735585570335
  view-data: 3.2748628854751587
