times:
  edit-metadata: 1.3986042737960815
  landing: 0.7115304693579674
  view-data: 3.4355825930833817
