times:
  edit-metadata: 1.6508063524961472
  landing: 0.923789493739605
  view-data: 3.4348952248692513
