times:
  edit-metadata: 2.0718534104526043
  landing: 1.2364156283438206
  view-data: 3.6426799036562443
