times:
  edit-metadata: 1.4598762318491936
  landing: 0.8393606692552567
  view-data: 3.4717921912670135
