times:
  edit-metadata: 1.5494147092103958
  landing: 0.8336802273988724
  view-data: 3.3323240503668785
