times:
  edit-metadata: 1.5009242966771126
  landing: 0.8048626631498337
  view-data: 3.2861655056476593
