times:
  edit-metadata: 1.4678327329456806
  landing: 0.86143559217453
  view-data: 3.286912064999342
