times:
  edit-metadata: 1.3104577288031578
  landing: 0.6911667883396149
  view-data: 3.4552315697073936
