times:
  edit-metadata: 1.4607307985424995
  landing: 0.8022806197404861
  view-data: 3.5688171982765198
