times:
  edit-metadata: 1.4064435884356499
  landing: 0.7845144420862198
  view-data: 3.63662538677454
