times:
  edit-metadata: 1.4306099936366081
  landing: 0.7792271226644516
  view-data: 3.2789391055703163
