times:
  edit-metadata: 1.4512369893491268
  landing: 0.8456403873860836
  view-data: 3.548331268131733
