times:
  edit-metadata: 1.4086036160588264
  landing: 0.8631692752242088
  view-data: 3.2849007472395897
