times:
  edit-metadata: 1.3337571546435356
  landing: 0.7233826071023941
  view-data: 3.4097718074917793
