times:
  edit-metadata: 1.3760417215526104
  landing: 0.7517079301178455
  view-data: 3.2654721289873123
