times:
  edit-metadata: 1.40774767100811
  landing: 0.7766316011548042
  view-data: 3.514885798096657
