times:
  edit-metadata: 1.33184452354908
  landing: 0.792052298784256
  view-data: 3.33080330491066
