times:
  edit-metadata: 1.4474896788597107
  landing: 0.7478694915771484
  view-data: 3.4688341692090034
