times:
  edit-metadata: 1.333466000854969
  landing: 0.8624679893255234
  view-data: 3.4433043897151947
