times:
  edit-metadata: 4.303973343223333
  landing: 1.2559426091611385
  view-data: 3.463034223765135
