times:
  edit-metadata: 1.3761737011373043
  landing: 0.8921805322170258
  view-data: 3.284839354455471
