times:
  edit-metadata: 2.163073282688856
  landing: 1.4463216736912727
  view-data: 3.5474108047783375
