times:
  edit-metadata: 1.7623202204704285
  landing: 0.8583310842514038
  view-data: 3.364318508654833
