times:
  edit-metadata: 1.4377670511603355
  landing: 0.7469735890626907
  view-data: 3.4594775065779686
