times:
  edit-metadata: 1.4775508493185043
  landing: 0.7484433203935623
  view-data: 3.383080378174782
