times:
  edit-metadata: 3.570820987224579
  landing: 2.3189910128712654
  view-data: 3.568238891661167
