times:
  edit-metadata: 1.4167015925049782
  landing: 0.9116104692220688
  view-data: 3.6151921525597572
