times:
  edit-metadata: 1.4119913503527641
  landing: 0.8356585800647736
  view-data: 3.504982464015484
