times:
  edit-metadata: 1.5864697843790054
  landing: 0.733527809381485
  view-data: 3.2818804308772087
