times:
  edit-metadata: 1.4765582978725433
  landing: 0.8590364828705788
  view-data: 3.4264925867319107
