times:
  edit-metadata: 2.0220437049865723
  landing: 1.3755543678998947
  view-data: 3.4526741057634354
