times:
  edit-metadata: 1.5230907090008259
  landing: 0.8093266375362873
  view-data: 3.301027648150921
