times:
  edit-metadata: 1.4877908006310463
  landing: 0.7188727706670761
  view-data: 3.5325174033641815
