times:
  edit-metadata: 1.3853411823511124
  landing: 0.8208345584571362
  view-data: 3.372615911066532
