times:
  edit-metadata: 1.3281113654375076
  landing: 0.7767411507666111
  view-data: 3.348868239670992
