times:
  edit-metadata: 1.4445964023470879
  landing: 0.7910658866167068
  view-data: 3.605000749230385
