times:
  edit-metadata: 1.4052870906889439
  landing: 0.858016848564148
  view-data: 3.3473054729402065
