times:
  edit-metadata: 1.4017021879553795
  landing: 0.7533461079001427
  view-data: 3.5668421387672424
