times:
  edit-metadata: 1.3420932553708553
  landing: 0.728849396109581
  view-data: 3.3244816176593304
