times:
  edit-metadata: 1.527812734246254
  landing: 0.9065641984343529
  view-data: 3.2723286896944046
