times:
  edit-metadata: 1.7378024607896805
  landing: 1.1489667743444443
  view-data: 3.501040928065777
