times:
  edit-metadata: 1.3957762867212296
  landing: 0.828068345785141
  view-data: 3.2955023869872093
