times:
  edit-metadata: 1.4203705750405788
  landing: 0.855155810713768
  view-data: 3.28766717761755
