times:
  edit-metadata: 1.4581306800246239
  landing: 0.788764476776123
  view-data: 3.30903410166502
