times:
  edit-metadata: 1.361509196460247
  landing: 0.8584346398711205
  view-data: 3.527853548526764
