times:
  edit-metadata: 1.4175154641270638
  landing: 0.7500044777989388
  view-data: 3.4660090059041977
