times:
  edit-metadata: 1.493850864470005
  landing: 0.8235132619738579
  view-data: 3.4654162898659706
