times:
  edit-metadata: 1.6624234914779663
  landing: 0.9355063959956169
  view-data: 3.5726413503289223
