times:
  edit-metadata: 1.4817379489541054
  landing: 0.8039653673768044
  view-data: 3.5515691861510277
