times:
  edit-metadata: 1.517468586564064
  landing: 0.7337136045098305
  view-data: 3.497012458741665
