times:
  edit-metadata: 1.4351331815123558
  landing: 0.9061366207897663
  view-data: 3.3048274479806423
