times:
  edit-metadata: 1.4462815932929516
  landing: 0.7513207532465458
  view-data: 3.2485741898417473
