times:
  edit-metadata: 1.5704320073127747
  landing: 0.8007618002593517
  view-data: 3.4050055518746376
