times:
  edit-metadata: 1.4678225219249725
  landing: 0.7272868528962135
  view-data: 3.50384184718132
