times:
  edit-metadata: 1.4762822911143303
  landing: 0.8475717082619667
  view-data: 3.34755028039217
