times:
  edit-metadata: 1.5655889511108398
  landing: 0.9369775652885437
  view-data: 3.6836081445217133
