times:
  edit-metadata: 1.4364953488111496
  landing: 0.8705204725265503
  view-data: 3.3953669145703316
