times:
  edit-metadata: 1.5346930027008057
  landing: 0.959997333586216
  view-data: 3.3372746780514717
