times:
  edit-metadata: 1.5840838104486465
  landing: 1.0441387295722961
  view-data: 3.4066878482699394
