times:
  edit-metadata: 1.3681501969695091
  landing: 0.8404127359390259
  view-data: 3.473674915730953
