times:
  edit-metadata: 1.415957435965538
  landing: 0.7387959212064743
  view-data: 3.3043637424707413
