times:
  edit-metadata: 1.125123843550682
  landing: 0.7282087504863739
  view-data: 3.5455911457538605
