times:
  edit-metadata: 1.6120576560497284
  landing: 0.8149706795811653
  view-data: 3.400508649647236
