times:
  edit-metadata: 1.3807162269949913
  landing: 0.7818698510527611
  view-data: 3.4132074639201164
