times:
  edit-metadata: 1.3471271134912968
  landing: 0.7393463887274265
  view-data: 3.319140389561653
