times:
  edit-metadata: 1.3921653404831886
  landing: 0.9111310169100761
  view-data: 3.280580513179302
