times:
  edit-metadata: 1.3747828006744385
  landing: 0.7542760819196701
  view-data: 3.52200635522604
