times:
  edit-metadata: 1.506002999842167
  landing: 0.7546258568763733
  view-data: 3.441639743745327
