times:
  edit-metadata: 1.3950303457677364
  landing: 0.8064835108816624
  view-data: 3.3359006717801094
