times:
  edit-metadata: 1.5978444516658783
  landing: 0.8122137039899826
  view-data: 3.300846107304096
