times:
  edit-metadata: 1.4560568779706955
  landing: 0.7754686661064625
  view-data: 3.300829965621233
