times:
  edit-metadata: 1.3298368006944656
  landing: 0.7951043322682381
  view-data: 3.470421478152275
