times:
  edit-metadata: 1.3732581809163094
  landing: 0.9255134388804436
  view-data: 3.55974567681551
