times:
  edit-metadata: 1.5419681444764137
  landing: 0.8346711918711662
  view-data: 3.3201411701738834
