times:
  edit-metadata: 1.6461621671915054
  landing: 1.120486855506897
  view-data: 3.4909400083124638
