times:
  edit-metadata: 1.5343866273760796
  landing: 0.815195694565773
  view-data: 3.3231330029666424
