times:
  edit-metadata: 1.451405756175518
  landing: 1.1049976721405983
  view-data: 3.515387326478958
