times:
  edit-metadata: 1.732138767838478
  landing: 0.8914840072393417
  view-data: 3.320726528763771
