times:
  edit-metadata: 1.5035391226410866
  landing: 0.7525146678090096
  view-data: 3.3920727893710136
