times:
  edit-metadata: 1.3534471839666367
  landing: 0.8050191178917885
  view-data: 3.2985551580786705
