times:
  edit-metadata: 1.4739272892475128
  landing: 0.926303643733263
  view-data: 3.3427124470472336
