times:
  edit-metadata: 1.4211168363690376
  landing: 0.8021626397967339
  view-data: 3.5948388427495956
