times:
  edit-metadata: 1.3410529643297195
  landing: 0.7368911504745483
  view-data: 3.4220893904566765
