times:
  edit-metadata: 1.4856311082839966
  landing: 0.8027698248624802
  view-data: 3.64527540653944
