times:
  edit-metadata: 1.7987780794501305
  landing: 0.7826785072684288
  view-data: 3.870290994644165
