times:
  edit-metadata: 1.6132092848420143
  landing: 1.2934839092195034
  view-data: 3.4378833919763565
