times:
  edit-metadata: 1.355006854981184
  landing: 0.756349828094244
  view-data: 3.3260701186954975
