times:
  edit-metadata: 1.3818558380007744
  landing: 0.8067159689962864
  view-data: 3.2546164989471436
