times:
  edit-metadata: 1.4186462238430977
  landing: 0.7833961695432663
  view-data: 3.257065001875162
