times:
  edit-metadata: 1.4122954308986664
  landing: 0.7634278610348701
  view-data: 3.5136732384562492
