times:
  edit-metadata: 1.4263853281736374
  landing: 0.8322524502873421
  view-data: 3.4257878959178925
