times:
  edit-metadata: 1.4424802735447884
  landing: 0.7859439626336098
  view-data: 3.3858925253152847
