times:
  edit-metadata: 1.3974733725190163
  landing: 0.7359000667929649
  view-data: 3.5365055799484253
