times:
  edit-metadata: 1.3922653272747993
  landing: 0.737882949411869
  view-data: 3.5092380568385124
