times:
  edit-metadata: 1.406550344079733
  landing: 0.7632370516657829
  view-data: 3.3862899094820023
