times:
  edit-metadata: 1.5218493416905403
  landing: 0.7857997491955757
  view-data: 3.494231730699539
