times:
  edit-metadata: 1.4630835577845573
  landing: 0.9221239238977432
  view-data: 3.3203738629817963
