times:
  edit-metadata: 1.8283484652638435
  landing: 0.849362775683403
  view-data: 3.618141122162342
