times:
  edit-metadata: 1.3625819012522697
  landing: 0.8555247336626053
  view-data: 3.6206943467259407
