times:
  edit-metadata: 1.3180370777845383
  landing: 0.7559582367539406
  view-data: 3.506022185087204
