times:
  edit-metadata: 1.3402476459741592
  landing: 0.7589252144098282
  view-data: 3.5753027126193047
