times:
  edit-metadata: 1.2963611781597137
  landing: 0.8388474211096764
  view-data: 3.462527811527252
