times:
  edit-metadata: 1.3298435844480991
  landing: 0.7582383565604687
  view-data: 3.3128836266696453
