times:
  edit-metadata: 1.4678735248744488
  landing: 0.7398014776408672
  view-data: 3.304382149130106
