times:
  edit-metadata: 1.3893330991268158
  landing: 0.773350402712822
  view-data: 3.5745000392198563
