times:
  edit-metadata: 1.6506270542740822
  landing: 0.9017102941870689
  view-data: 3.37794678658247
