times:
  edit-metadata: 1.4072605147957802
  landing: 0.7243161648511887
  view-data: 3.5138735249638557
