times:
  edit-metadata: 1.409110251814127
  landing: 1.0137486644089222
  view-data: 3.325039830058813
