times:
  edit-metadata: 1.4019455090165138
  landing: 1.0248255208134651
  view-data: 3.664268672466278
