times:
  edit-metadata: 1.492451287806034
  landing: 0.7090937495231628
  view-data: 3.439546599984169
