times:
  edit-metadata: 1.6762313917279243
  landing: 0.9600058346986771
  view-data: 3.2930569499731064
