times:
  edit-metadata: 1.7438266091048717
  landing: 0.9764072112739086
  view-data: 3.3001915402710438
