times:
  edit-metadata: 1.5134469233453274
  landing: 0.8416922315955162
  view-data: 3.31483319029212
