times:
  edit-metadata: 1.4106665588915348
  landing: 0.9032378606498241
  view-data: 3.3226221203804016
