times:
  edit-metadata: 1.3674612790346146
  landing: 0.7977988682687283
  view-data: 3.329461805522442
