times:
  edit-metadata: 1.433116726577282
  landing: 0.7886137962341309
  view-data: 3.269809603691101
