times:
  edit-metadata: 1.4616070128977299
  landing: 1.0039240196347237
  view-data: 3.3138822577893734
