times:
  edit-metadata: 1.4813170284032822
  landing: 0.7934834361076355
  view-data: 3.5529030710458755
