times:
  edit-metadata: 1.3615821972489357
  landing: 0.900437843054533
  view-data: 3.3213031627237797
