times:
  edit-metadata: 1.405386596918106
  landing: 0.7878636121749878
  view-data: 3.572655752301216
