times:
  edit-metadata: 1.6335352957248688
  landing: 1.0521291941404343
  view-data: 3.39629814773798
