times:
  edit-metadata: 1.4949682801961899
  landing: 0.7006183639168739
  view-data: 3.423943869769573
