times:
  edit-metadata: 1.426879197359085
  landing: 0.7051460295915604
  view-data: 3.5611427426338196
