times:
  edit-metadata: 1.4227864444255829
  landing: 0.7095068991184235
  view-data: 3.5335513800382614
