times:
  edit-metadata: 1.4932415410876274
  landing: 0.793227382004261
  view-data: 3.5833786502480507
