times:
  edit-metadata: 1.4009680189192295
  landing: 0.8251035585999489
  view-data: 3.3568414486944675
