times:
  edit-metadata: 1.6812124401330948
  landing: 0.8783805519342422
  view-data: 3.694546476006508
