times:
  edit-metadata: 3.3620487302541733
  landing: 2.4644205272197723
  view-data: 4.239059247076511
