times:
  edit-metadata: 1.9746931120753288
  landing: 1.2019846960902214
  view-data: 3.565807320177555
