times:
  edit-metadata: 1.3721260987222195
  landing: 0.8132151179015636
  view-data: 3.2658639810979366
