times:
  edit-metadata: 1.3589849025011063
  landing: 0.7577506005764008
  view-data: 3.6021938547492027
