times:
  edit-metadata: 1.403022661805153
  landing: 0.7532269582152367
  view-data: 3.459135539829731
