times:
  edit-metadata: 1.5275237187743187
  landing: 0.8549824580550194
  view-data: 3.478247083723545
