times:
  edit-metadata: 1.388963509351015
  landing: 0.7812065407633781
  view-data: 3.298708237707615
