times:
  edit-metadata: 1.5749276131391525
  landing: 0.9809467419981956
  view-data: 3.369579866528511
