times:
  edit-metadata: 1.4760905504226685
  landing: 0.7729972749948502
  view-data: 3.5665762796998024
