times:
  edit-metadata: 1.393198899924755
  landing: 0.7569635286927223
  view-data: 3.4971514493227005
