times:
  edit-metadata: 1.3758726343512535
  landing: 0.7022566050291061
  view-data: 3.5596259087324142
