times:
  edit-metadata: 1.4312137700617313
  landing: 0.7918213233351707
  view-data: 3.3607293479144573
