times:
  edit-metadata: 1.4351239278912544
  landing: 0.8926036581397057
  view-data: 3.4580389857292175
