times:
  edit-metadata: 1.483642838895321
  landing: 0.8490579575300217
  view-data: 3.459881439805031
