times:
  edit-metadata: 1.455660156905651
  landing: 0.7310262322425842
  view-data: 3.399406537413597
