times:
  edit-metadata: 1.4244545176625252
  landing: 0.711283728480339
  view-data: 3.6167059168219566
