times:
  edit-metadata: 1.4729753285646439
  landing: 0.7367574721574783
  view-data: 3.339059256017208
