times:
  edit-metadata: 1.460183560848236
  landing: 0.8681234940886497
  view-data: 3.356296807527542
