times:
  edit-metadata: 1.4596965201199055
  landing: 0.8345328606665134
  view-data: 3.2924882657825947
