times:
  edit-metadata: 1.5768069624900818
  landing: 0.8386787623167038
  view-data: 3.3119880706071854
