times:
  edit-metadata: 1.4200595691800117
  landing: 0.8369069620966911
  view-data: 3.2770287171006203
