times:
  edit-metadata: 1.417928770184517
  landing: 0.7395980432629585
  view-data: 3.2844559624791145
