times:
  edit-metadata: 0.5832574230153114
  landing: 0.07040512200910598
  view-data: 0.228900171990972
