times:
  edit-metadata: 1.36643673107028
  landing: 0.6569859310984612
  view-data: 3.3253631703555584
