times:
  edit-metadata: 1.4322364907711744
  landing: 0.8391083013266325
  view-data: 3.3047060314565897
