times:
  edit-metadata: 1.5694715231657028
  landing: 0.8847882486879826
  view-data: 3.343065755441785
