times:
  edit-metadata: 1.4774540215730667
  landing: 0.8124848380684853
  view-data: 3.350742232054472
