times:
  edit-metadata: 1.5287451334297657
  landing: 0.928469717502594
  view-data: 3.4872799776494503
