times:
  edit-metadata: 1.3472849652171135
  landing: 0.9325196258723736
  view-data: 3.3248976059257984
