times:
  edit-metadata: 3.3018729127943516
  landing: 2.0948673114180565
  view-data: 3.5440099760890007
