times:
  edit-metadata: 0.4986619269984658
  landing: 0.07882398800575174
  view-data: 0.20443531399359927
