times:
  edit-metadata: 1.3607232067734003
  landing: 0.7426992226392031
  view-data: 3.3079401534050703
