times:
  edit-metadata: 0.49831348203588277
  landing: 0.07195472699822858
  view-data: 0.21407558297505602
