times:
  edit-metadata: 1.438119737431407
  landing: 0.7419659029692411
  view-data: 0.5454218033701181
