times:
  edit-metadata: 0.5165075808763504
  landing: 0.06463586911559105
  view-data: 0.33540369011461735
