times:
  edit-metadata: 2.4584320969879627
  landing: 1.1131373047828674
  view-data: 3.2881529927253723
