times:
  edit-metadata: 0.6025874140905216
  landing: 0.05696427496150136
  view-data: 0.2048130570910871
