times:
  edit-metadata: 1.724037367850542
  landing: 0.979872914031148
  view-data: 3.383737439289689
