times:
  edit-metadata: 1.372368828393519
  landing: 1.1184404361993074
  view-data: 3.4744818257167935
