times:
  edit-metadata: 1.5852063428610563
  landing: 0.8602277282625437
  view-data: 3.3920920360833406
