times:
  edit-metadata: 0.5503192848991603
  landing: 0.05135374702513218
  view-data: 0.2090338070411235
