times:
  edit-metadata: 1.5304860714823008
  landing: 0.8757265284657478
  view-data: 3.535918816924095
