times:
  edit-metadata: 0.6069854139932431
  landing: 0.054056364999269135
  view-data: 0.23823018799885176
