times:
  edit-metadata: 0.5250230899546295
  landing: 0.07461141492240131
  view-data: 0.2279389128088951
