times:
  edit-metadata: 1.4038204289972782
  landing: 0.8201978020370007
  view-data: 3.2901642732322216
