times:
  edit-metadata: 1.5454584918916225
  landing: 0.933349646627903
  view-data: 3.4486810602247715
