times:
  edit-metadata: 1.6120101632550359
  landing: 0.9664147552102804
  view-data: 3.4201061320491135
