times:
  edit-metadata: 1.5375635027885437
  landing: 0.8843437507748604
  view-data: 3.4599355906248093
