times:
  edit-metadata: 1.4067415203899145
  landing: 0.7607320919632912
  view-data: 3.4037951044738293
