times:
  edit-metadata: 1.519123625010252
  landing: 0.7791741751134396
  view-data: 3.2970693819224834
