times:
  edit-metadata: 1.8080992624163628
  landing: 0.8326990585774183
  view-data: 3.388859536498785
