times:
  edit-metadata: 1.4722419790923595
  landing: 1.0274947378784418
  view-data: 3.5291764717549086
