times:
  edit-metadata: 1.6332516130059958
  landing: 0.7253031954169273
  view-data: 3.3447579722851515
