times:
  edit-metadata: 1.5045022759586573
  landing: 0.868915094062686
  view-data: 3.3224927075207233
