times:
  edit-metadata: 0.5046484579797834
  landing: 0.07298177701886743
  view-data: 0.2068577139871195
