times:
  edit-metadata: 0.5903112799860537
  landing: 0.07487744092941284
  view-data: 0.2185168252326548
