times:
  edit-metadata: 1.497245617210865
  landing: 0.8639121055603027
  view-data: 3.2781948037445545
