times:
  edit-metadata: 1.459596373140812
  landing: 0.7265522889792919
  view-data: 3.317497769370675
