times:
  edit-metadata: 1.8301493809558451
  landing: 1.0055450848303735
  view-data: 3.571577602997422
