times:
  edit-metadata: 1.6060646921396255
  landing: 0.9468995369970798
  view-data: 3.417326919734478
