times:
  edit-metadata: 0.564938107971102
  landing: 0.058798108948394656
  view-data: 0.2081894309958443
