times:
  edit-metadata: 1.97611771710217
  landing: 1.1680838437750936
  view-data: 3.328678471967578
