times:
  edit-metadata: 0.49973550508730114
  landing: 0.07050856715068221
  view-data: 0.20572118391282856
