times:
  edit-metadata: 1.3827943801879883
  landing: 0.7879080772399902
  view-data: 3.34173795953393
