times:
  edit-metadata: 1.5245395109523088
  landing: 0.7932460969313979
  view-data: 3.4298283071257174
