times:
  edit-metadata: 0.5928422710858285
  landing: 0.12283070618286729
  view-data: 0.24390369281172752
