times:
  edit-metadata: 0.5927184210158885
  landing: 0.09976253914646804
  view-data: 0.25857198191806674
