times:
  edit-metadata: 1.449275266379118
  landing: 0.7182787396013737
  view-data: 3.323821537196636
