times:
  edit-metadata: 1.6518829558044672
  landing: 1.1476348619908094
  view-data: 3.46409316919744
