times:
  edit-metadata: 1.644525472074747
  landing: 1.0054678544402122
  view-data: 3.3418915160000324
