times:
  edit-metadata: 1.3418517210520804
  landing: 0.8394988989457488
  view-data: 3.3020039750263095
