times:
  edit-metadata: 1.3897728845477104
  landing: 0.8510202243924141
  view-data: 3.4085624627768993
