times:
  edit-metadata: 1.404589036013931
  landing: 0.8721419010544196
  view-data: 3.3300639130175114
