times:
  edit-metadata: 0.48786160279996693
  landing: 0.06350460997782648
  view-data: 0.24124981788918376
