times:
  edit-metadata: 1.4543057419359684
  landing: 0.9468012601137161
  view-data: 3.328096706420183
