times:
  edit-metadata: 1.3212204538285732
  landing: 0.8462946359068155
  view-data: 3.289958018809557
