times:
  edit-metadata: 1.6663327142596245
  landing: 1.065587967634201
  view-data: 3.3317657820880413
