times:
  edit-metadata: 1.5011216150596738
  landing: 0.996620275080204
  view-data: 3.4165611369535327
