times:
  edit-metadata: 1.482740592211485
  landing: 0.7836839817464352
  view-data: 3.3247771486639977
