times:
  edit-metadata: 0.5207328590331599
  landing: 0.059864170965738595
  view-data: 0.23078128206543624
