times:
  edit-metadata: 1.4115683260606602
  landing: 0.8961316309869289
  view-data: 3.322527045966126
