times:
  edit-metadata: 0.5755877629853785
  landing: 0.06688325013965368
  view-data: 0.22663807682693005
