times:
  edit-metadata: 1.4704521261155605
  landing: 0.9374671978875995
  view-data: 3.408893082290888
