times:
  edit-metadata: 1.5760708153247833
  landing: 1.0219580829143524
  view-data: 3.4583178609609604
