times:
  edit-metadata: 0.5906381820095703
  landing: 0.08469240192789584
  view-data: 0.2376137940445915
