times:
  edit-metadata: 1.5542270727455616
  landing: 0.8895598724484444
  view-data: 3.4140010811388493
