times:
  edit-metadata: 1.3491759710013866
  landing: 0.8741159439086914
  view-data: 3.3808323927223682
