times:
  edit-metadata: 0.5120876219589263
  landing: 0.06983963586390018
  view-data: 0.51902677398175
