times:
  edit-metadata: 0.7466482699965127
  landing: 0.18221903400262818
  view-data: 0.22809582398622297
