times:
  edit-metadata: 3.323495574295521
  landing: 0.8362186998128891
  view-data: 3.298686668276787
