times:
  edit-metadata: 1.501483254134655
  landing: 1.0140034034848213
  view-data: 3.306142259389162
