times:
  edit-metadata: 0.5673013092018664
  landing: 0.15997400879859924
  view-data: 0.3264135178178549
