times:
  edit-metadata: 1.622185193002224
  landing: 0.9772448167204857
  view-data: 3.426071435213089
