times:
  edit-metadata: 2.6681865975260735
  landing: 1.2491723112761974
  view-data: 3.886878214776516
