times:
  edit-metadata: 0.535985404974781
  landing: 0.053608539048582315
  view-data: 0.21690299699548632
