times:
  edit-metadata: 0.5175607071723789
  landing: 0.06804309203289449
  view-data: 0.2211289161350578
