times:
  edit-metadata: 0.6014545289799571
  landing: 0.08426945889368653
  view-data: 0.2931501381099224
