times:
  edit-metadata: 2.2563629411160946
  landing: 1.6280804686248302
  view-data: 3.518238265067339
