times:
  edit-metadata: 0.7882178970612586
  landing: 0.1573061067610979
  view-data: 0.27507497696205974
