times:
  edit-metadata: 1.17395334597677
  landing: 0.7332490123808384
  view-data: 3.4111225297674537
