times:
  edit-metadata: 1.5017917603254318
  landing: 0.8754669465124607
  view-data: 3.350221712142229
