times:
  edit-metadata: 0.8476479800001471
  landing: 0.10793940799976554
  view-data: 0.2742812970000159
