times:
  edit-metadata: 1.3731846893206239
  landing: 0.7594114830717444
  view-data: 3.302887794561684
