times:
  edit-metadata: 1.744892567396164
  landing: 1.155301470309496
  view-data: 3.3514669947326183
