times:
  edit-metadata: 1.7411241221707314
  landing: 1.1481625188607723
  view-data: 3.355802025878802
