times:
  edit-metadata: 1.5444859117269516
  landing: 0.7771983928978443
  view-data: 3.3227224554866552
