times:
  edit-metadata: 1.4414267763495445
  landing: 0.9500266537070274
  view-data: 3.327311847358942
