times:
  edit-metadata: 1.4393679569475353
  landing: 0.745910014025867
  view-data: 3.3282434749417007
