times:
  edit-metadata: 1.5268726302310824
  landing: 4.0639425199478865
  view-data: 3.2540157241746783
