times:
  edit-metadata: 0.5154332388192415
  landing: 0.044882383896037936
  view-data: 0.21851005218923092
