times:
  edit-metadata: 1.7129021733999252
  landing: 1.043516170233488
  view-data: 3.3784974105656147
