times:
  edit-metadata: 0.6057230643928051
  landing: 0.043694496154785156
  view-data: 0.23814449878409505
