times:
  edit-metadata: 1.585403986275196
  landing: 0.8228669539093971
  view-data: 3.4096879325807095
