times:
  edit-metadata: 1.5440404135733843
  landing: 0.7699088361114264
  view-data: 3.2999686393886805
