times:
  edit-metadata: 1.42951550334692
  landing: 0.8414874486625195
  view-data: 3.423059580847621
