times:
  edit-metadata: 0.5181609389837831
  landing: 0.06909600109793246
  view-data: 0.22635370295029134
