times:
  edit-metadata: 1.4559650477021933
  landing: 0.734453484416008
  view-data: 3.3219904955476522
