times:
  edit-metadata: 1.5764224790036678
  landing: 1.0092796720564365
  view-data: 3.3319292291998863
