times:
  edit-metadata: 0.6060914299450815
  landing: 0.04748339485377073
  view-data: 0.22303387196734548
