times:
  edit-metadata: 1.3740834882482886
  landing: 0.8725064964964986
  view-data: 3.3084031846374273
