times:
  edit-metadata: 0.6022687630029395
  landing: 0.054937386012170464
  view-data: 0.25650858000153676
