times:
  edit-metadata: 1.363059189170599
  landing: 0.7389439195394516
  view-data: 3.28346211835742
