times:
  edit-metadata: 0.6569473150011618
  landing: 0.1220832479884848
  view-data: 0.2156208560045343
