times:
  edit-metadata: 1.3690563403069973
  landing: 0.9852385520935059
  view-data: 3.3396847769618034
