times:
  edit-metadata: 1.5887781754136086
  landing: 0.859307486563921
  view-data: 3.43485913798213
