times:
  edit-metadata: 1.2312257960438728
  landing: 0.847787310834974
  view-data: 3.297318065073341
