times:
  edit-metadata: 0.6206791090080515
  landing: 0.052313271909952164
  view-data: 0.22014278906863183
