times:
  edit-metadata: 1.4318556785583496
  landing: 0.8317237198352814
  view-data: 3.319458795711398
