times:
  edit-metadata: 1.8418847173452377
  landing: 1.03274891898036
  view-data: 3.3279277607798576
