times:
  edit-metadata: 0.5410021368879825
  landing: 0.06621891702525318
  view-data: 0.24826560192741454
