times:
  edit-metadata: 1.3698698058724403
  landing: 0.7339860498905182
  view-data: 3.4698085375130177
