times:
  edit-metadata: 3.586988788098097
  landing: 1.0463195964694023
  view-data: 3.3812252022325993
