times:
  edit-metadata: 1.615571096073836
  landing: 0.7927293609827757
  view-data: 3.3243795400485396
