times:
  edit-metadata: 2.2171730250120163
  landing: 1.3068099841475487
  view-data: 3.6968353372067213
