times:
  edit-metadata: 1.5031329561024904
  landing: 0.7672918699681759
  view-data: 3.376911347731948
