times:
  edit-metadata: 1.242084107361734
  landing: 0.789099182933569
  view-data: 3.3930155467242002
