times:
  edit-metadata: 1.5312990434467793
  landing: 1.0076590105891228
  view-data: 3.435682862997055
