times:
  edit-metadata: 1.4098884835839272
  landing: 0.8185822106897831
  view-data: 3.4081471264362335
