times:
  edit-metadata: 1.5678658010438085
  landing: 0.8160146032460034
  view-data: 3.3596294070594013
