times:
  edit-metadata: 1.3762991353869438
  landing: 0.7661731280386448
  view-data: 3.300234856083989
