times:
  edit-metadata: 0.5729299588128924
  landing: 0.06024933187291026
  view-data: 0.23168354388326406
