times:
  edit-metadata: 1.3235618695616722
  landing: 0.8222147962078452
  view-data: 3.35290798638016
