times:
  edit-metadata: 1.5006616953760386
  landing: 0.8476318712346256
  view-data: 3.403398440219462
