times:
  edit-metadata: 1.4958598166704178
  landing: 2.0312244407832623
  view-data: 3.3382863588631153
