times:
  edit-metadata: 0.5093331919051707
  landing: 0.07905406598001719
  view-data: 0.2200298923999071
