times:
  edit-metadata: 1.609265860170126
  landing: 1.002683961763978
  view-data: 3.3841936103999615
