times:
  edit-metadata: 1.545092761516571
  landing: 0.9845939017832279
  view-data: 3.3844279795885086
