times:
  edit-metadata: 1.3290267400443554
  landing: 0.7743822941556573
  view-data: 3.2852453920058906
