times:
  edit-metadata: 1.479010496288538
  landing: 0.7553370445966721
  view-data: 3.3319362439215183
