times:
  edit-metadata: 0.7047310410998762
  landing: 0.06642765598371625
  view-data: 0.29713193187490106
