times:
  edit-metadata: 1.3302283249795437
  landing: 0.7358683124184608
  view-data: 3.270767528563738
