times:
  edit-metadata: 1.790733240544796
  landing: 1.2040586210787296
  view-data: 3.376284707337618
