times:
  edit-metadata: 0.5200585949933156
  landing: 0.06479402200784534
  view-data: 0.2361774889868684
