times:
  edit-metadata: 1.3870717980898917
  landing: 0.905842516105622
  view-data: 3.342502847779542
