times:
  edit-metadata: 1.5418786872178316
  landing: 0.7567409221082926
  view-data: 3.366375705227256
