times:
  edit-metadata: 1.7601418774574995
  landing: 1.001975480467081
  view-data: 3.408431276679039
