times:
  edit-metadata: 0.5111726811155677
  landing: 0.06702909502200782
  view-data: 0.37981805694289505
