times:
  edit-metadata: 1.4706339407712221
  landing: 0.7647618297487497
  view-data: 3.306381305679679
