times:
  edit-metadata: 0.5002705419901758
  landing: 0.06349974614568055
  view-data: 0.20640973094850779
