times:
  edit-metadata: 0.48511419305577874
  landing: 0.057232772931456566
  view-data: 0.2195344150532037
