times:
  edit-metadata: 1.4722218718379736
  landing: 0.6841435767710209
  view-data: 3.3130954802036285
