times:
  edit-metadata: 1.430106844753027
  landing: 0.9396114312112331
  view-data: 3.3230949491262436
