times:
  edit-metadata: 1.5085440333932638
  landing: 0.9124212022870779
  view-data: 3.4060347098857164
