times:
  edit-metadata: 0.6186065459623933
  landing: 0.15627769520506263
  view-data: 0.29713902482762933
