times:
  edit-metadata: 1.452833109535277
  landing: 0.8258755262941122
  view-data: 3.2881824085488915
