times:
  edit-metadata: 1.6083307079970837
  landing: 0.769055251032114
  view-data: 3.309504793956876
