times:
  edit-metadata: 1.4304152503609657
  landing: 0.8382277199998498
  view-data: 3.2979425359517336
