times:
  edit-metadata: 0.4977327599999626
  landing: 0.07691093500034185
  view-data: 0.21123317899946414
