times:
  edit-metadata: 0.519131215987727
  landing: 0.07630567601881921
  view-data: 0.20928862696746364
