times:
  edit-metadata: 0.5882820929400623
  landing: 0.061614042962901294
  view-data: 0.2301845559850335
