times:
  edit-metadata: 1.6005663610994816
  landing: 1.166940201073885
  view-data: 3.3684056885540485
