times:
  edit-metadata: 1.4286316577345133
  landing: 0.7340016774833202
  view-data: 3.376961261034012
