times:
  edit-metadata: 1.8599893487989902
  landing: 0.8877258002758026
  view-data: 3.3626832626760006
