times:
  edit-metadata: 1.2556221773847938
  landing: 0.7776613356545568
  view-data: 3.2576614525169134
