times:
  edit-metadata: 1.4592083673924208
  landing: 0.957355571910739
  view-data: 3.4293065797537565
