times:
  edit-metadata: 1.510804407298565
  landing: 1.0028221383690834
  view-data: 3.424297921359539
