times:
  edit-metadata: 0.7062246979912743
  landing: 0.13946472201496363
  view-data: 0.2154124469961971
