times:
  edit-metadata: 0.6849932870827615
  landing: 0.0633520376868546
  view-data: 0.3288523079827428
