times:
  edit-metadata: 0.537549972999841
  landing: 0.05938561796210706
  view-data: 0.3342226539971307
