times:
  edit-metadata: 1.5527084693312645
  landing: 0.9112647026777267
  view-data: 3.3199862763285637
