times:
  edit-metadata: 0.741129610221833
  landing: 0.06849284702911973
  view-data: 0.30046730814501643
