times:
  edit-metadata: 1.3438223525881767
  landing: 0.6891205478459597
  view-data: 3.3366791531443596
