times:
  edit-metadata: 1.635993979871273
  landing: 1.1798192989081144
  view-data: 3.4674406009726226
