times:
  edit-metadata: 0.5269572550896555
  landing: 0.05238943104632199
  view-data: 0.2174211679957807
