times:
  edit-metadata: 0.572274963837117
  landing: 0.07112687034532428
  view-data: 0.2175550297833979
