times:
  edit-metadata: 0.5345493187196553
  landing: 0.05632607312873006
  view-data: 0.20558245293796062
