times:
  edit-metadata: 1.3890974428504705
  landing: 0.7705860082060099
  view-data: 3.322766365483403
