times:
  edit-metadata: 1.5076387871522456
  landing: 0.8176816180348396
  view-data: 3.416564772138372
