times:
  edit-metadata: 1.9402795247733593
  landing: 1.4416346289217472
  view-data: 3.44989250600338
