times:
  edit-metadata: 1.573776327073574
  landing: 0.9265625141561031
  view-data: 3.394552491605282
