times:
  edit-metadata: 0.6414459692314267
  landing: 0.13730539195239544
  view-data: 0.21886846981942654
