times:
  edit-metadata: 1.4047313537448645
  landing: 0.710913646966219
  view-data: 3.2947834078222513
