times:
  edit-metadata: 1.9063234217464924
  landing: 1.2818056792020798
  view-data: 3.3769491128623486
