times:
  edit-metadata: 1.2722360864281654
  landing: 0.8241229113191366
  view-data: 3.43428279645741
