times:
  edit-metadata: 0.5515138650080189
  landing: 0.07390082796337083
  view-data: 0.22157713602064177
