times:
  edit-metadata: 0.5303952870890498
  landing: 0.05095659592188895
  view-data: 0.21750594396144152
