times:
  edit-metadata: 1.854969136416912
  landing: 1.4704707115888596
  view-data: 3.375598728656769
