times:
  edit-metadata: 1.424255969002843
  landing: 0.8244491219520569
  view-data: 3.3693083841353655
