times:
  edit-metadata: 0.5091894711367786
  landing: 0.06988338008522987
  view-data: 0.2274965038523078
