times:
  edit-metadata: 2.5158230494707823
  landing: 1.4614666234701872
  view-data: 3.993237815797329
