times:
  edit-metadata: 1.4448005110025406
  landing: 0.9891097731888294
  view-data: 3.432993195950985
