times:
  edit-metadata: 0.5085935589740984
  landing: 0.06062098901020363
  view-data: 0.3452647310041357
