times:
  edit-metadata: 1.5202985554933548
  landing: 0.8908224292099476
  view-data: 3.408763360232115
