times:
  edit-metadata: 1.6905540749430656
  landing: 1.0309439785778522
  view-data: 3.3846803568303585
