times:
  edit-metadata: 1.4438255615532398
  landing: 0.7523200958967209
  view-data: 3.36945266649127
