times:
  edit-metadata: 1.4549137577414513
  landing: 1.0032930634915829
  view-data: 3.436148066073656
