times:
  edit-metadata: 1.434622649103403
  landing: 0.7319721579551697
  view-data: 3.396311979740858
