times:
  edit-metadata: 1.8661670461297035
  landing: 1.9760748129338026
  view-data: 3.3838531812652946
