times:
  edit-metadata: 0.6648991889960598
  landing: 0.19315700497827493
  view-data: 0.26760693098185584
