times:
  edit-metadata: 1.4449163749814034
  landing: 0.8725075032562017
  view-data: 3.3415985573083162
