times:
  edit-metadata: 1.4152727350592613
  landing: 0.8767574895173311
  view-data: 3.3525751046836376
