times:
  edit-metadata: 1.404267968609929
  landing: 0.782935444265604
  view-data: 3.356219043955207
