times:
  edit-metadata: 0.5010425159998704
  landing: 0.07146819098852575
  view-data: 0.2184600319887977
