times:
  edit-metadata: 1.3963833719026297
  landing: 0.9676165680866688
  view-data: 3.384712666971609
