times:
  edit-metadata: 1.5410480787977576
  landing: 0.8301133252680302
  view-data: 3.3475302271544933
