times:
  edit-metadata: 1.7199419988319278
  landing: 0.953390583395958
  view-data: 3.3775918688625097
