times:
  edit-metadata: 1.6122696859529242
  landing: 0.929788812994957
  view-data: 3.322018338018097
