times:
  edit-metadata: 1.35367626324296
  landing: 0.7905568778514862
  view-data: 3.293986536562443
