times:
  edit-metadata: 0.6138191270292737
  landing: 0.15399796201381832
  view-data: 0.27586033096304163
