times:
  edit-metadata: 1.3462569322437048
  landing: 0.797488383948803
  view-data: 3.4191101398319006
