times:
  edit-metadata: 2.052629911340773
  landing: 1.2531862100586295
  view-data: 3.550302573479712
