times:
  edit-metadata: 1.38856340944767
  landing: 0.7892991043627262
  view-data: 3.2970514707267284
