times:
  edit-metadata: 1.496409459039569
  landing: 0.8922209404408932
  view-data: 3.3772724140435457
