times:
  edit-metadata: 1.4563019834458828
  landing: 0.875214546918869
  view-data: 3.339486237615347
