times:
  edit-metadata: 1.407273594290018
  landing: 0.679077997803688
  view-data: 3.3324213679879904
