times:
  edit-metadata: 1.4246807843446732
  landing: 0.7302743643522263
  view-data: 3.266497276723385
