times:
  edit-metadata: 1.2832177095115185
  landing: 0.7787163527682424
  view-data: 3.3651709519326687
