times:
  edit-metadata: 0.5105405359063298
  landing: 0.06924110604450107
  view-data: 0.22624574601650238
