times:
  edit-metadata: 1.609623771160841
  landing: 0.999747458845377
  view-data: 3.3410217687487602
