times:
  edit-metadata: 1.6242699902504683
  landing: 0.8975328579545021
  view-data: 3.451939342543483
