times:
  edit-metadata: 1.4957520496100187
  landing: 0.7258694693446159
  view-data: 3.32761044241488
