times:
  edit-metadata: 0.625721578951925
  landing: 0.044223199132829905
  view-data: 0.21794767677783966
