times:
  edit-metadata: 0.602112525026314
  landing: 0.07225312700029463
  view-data: 0.22405225702095777
