times:
  edit-metadata: 0.49399526487104595
  landing: 0.0668865111656487
  view-data: 0.24788329587318003
