times:
  edit-metadata: 0.8517507161013782
  landing: 0.07354969112202525
  view-data: 0.22009654575958848
