times:
  edit-metadata: 1.462374309077859
  landing: 0.8724016286432743
  view-data: 3.394062738865614
