times:
  edit-metadata: 0.509428272023797
  landing: 0.052727452013641596
  view-data: 0.22578443097881973
