times:
  edit-metadata: 0.7035602609976195
  landing: 0.038379461999284104
  view-data: 0.23089015699952142
