times:
  edit-metadata: 0.546279882080853
  landing: 0.05942063103429973
  view-data: 0.2157253809273243
