times:
  edit-metadata: 1.451997883617878
  landing: 0.7951918374747038
  view-data: 3.3044201098382473
