times:
  edit-metadata: 0.5495214927941561
  landing: 0.05216675391420722
  view-data: 0.34935852885246277
