times:
  edit-metadata: 1.3982477399986237
  landing: 1.0495296800509095
  view-data: 3.3388106969650835
