times:
  edit-metadata: 1.5759274400770664
  landing: 1.042734507471323
  view-data: 0.6068726647645235
