times:
  edit-metadata: 0.4995160870021209
  landing: 0.060262980055995286
  view-data: 0.22413766803219914
