times:
  edit-metadata: 1.8152120113372803
  landing: 1.1239034943282604
  view-data: 3.3246459551155567
