times:
  edit-metadata: 1.4067594669759274
  landing: 0.7640703599900007
  view-data: 3.2683595456182957
