times:
  edit-metadata: 1.5512190535664558
  landing: 0.9816773422062397
  view-data: 3.42869671061635
