times:
  edit-metadata: 1.3709933552891016
  landing: 0.6882768049836159
  view-data: 3.4005319699645042
