times:
  edit-metadata: 1.559061064850539
  landing: 0.9691702201962471
  view-data: 3.26715646404773
