times:
  edit-metadata: 1.8189009111374617
  landing: 1.0735756233334541
  view-data: 3.731652356684208
