times:
  edit-metadata: 0.5498321970226243
  landing: 0.06135270500089973
  view-data: 0.20719155203551054
