times:
  edit-metadata: 0.5084419129416347
  landing: 0.07834927691146731
  view-data: 0.21202546264976263
