times:
  edit-metadata: 1.4531794250942767
  landing: 0.9095834030304104
  view-data: 3.3827206247951835
