times:
  edit-metadata: 2.4520213194191456
  landing: 1.6317288521677256
  view-data: 3.7992854807525873
