times:
  edit-metadata: 1.4777793660759926
  landing: 0.8484968915581703
  view-data: 3.394563779234886
