times:
  edit-metadata: 1.3884481266140938
  landing: 0.7962586097419262
  view-data: 3.3923748210072517
