times:
  edit-metadata: 0.5006451590452343
  landing: 0.07010569586418569
  view-data: 0.2217728621326387
