times:
  edit-metadata: 1.3964410768821836
  landing: 0.8248136481270194
  view-data: 3.275363094173372
