times:
  edit-metadata: 1.4422024795785546
  landing: 0.8280012970790267
  view-data: 3.3002927592024207
