times:
  edit-metadata: 1.5564617216587067
  landing: 0.9646566659212112
  view-data: 3.4071990810334682
