times:
  edit-metadata: 1.5736004747450352
  landing: 0.9358384795486927
  view-data: 3.385330207645893
