times:
  edit-metadata: 1.515230130404234
  landing: 0.8234136216342449
  view-data: 3.40299978479743
