times:
  edit-metadata: 0.5801575472578406
  landing: 0.0702748941257596
  view-data: 0.21320864604786038
