times:
  edit-metadata: 1.578781958669424
  landing: 1.2436876315623522
  view-data: 3.4601211342960596
