times:
  edit-metadata: 1.341011006385088
  landing: 0.8909385874867439
  view-data: 3.389281652867794
