times:
  edit-metadata: 1.7922603413462639
  landing: 5.312582798302174
  view-data: 3.3558365665376186
