times:
  edit-metadata: 0.5723710610000126
  landing: 0.07182144699982018
  view-data: 0.22266242200021225
