times:
  edit-metadata: 1.3910933881998062
  landing: 0.8014730922877789
  view-data: 3.342982318252325
