times:
  edit-metadata: 0.8049458069726825
  landing: 0.10260447766631842
  view-data: 0.2900758166797459
