times:
  edit-metadata: 1.3874625395983458
  landing: 0.6986030209809542
  view-data: 3.268215147778392
