times:
  edit-metadata: 1.608730472624302
  landing: 1.0132443457841873
  view-data: 3.350681498646736
