times:
  edit-metadata: 0.5139638020191342
  landing: 0.06374702299945056
  view-data: 0.22203882108442485
