times:
  edit-metadata: 0.5921583629678935
  landing: 0.0677155859884806
  view-data: 0.23347572301281616
