times:
  edit-metadata: 1.6209639608860016
  landing: 0.8974127136170864
  view-data: 3.3398309499025345
