times:
  edit-metadata: 1.470338154118508
  landing: 0.8714597639627755
  view-data: 3.374926129821688
