times:
  edit-metadata: 1.4421250596642494
  landing: 0.7793238572776318
  view-data: 3.4304394386708736
