times:
  edit-metadata: 1.5496343895792961
  landing: 0.894661869853735
  view-data: 3.3467447571456432
