times:
  edit-metadata: 0.5176129168830812
  landing: 0.07266069576144218
  view-data: 0.34405096620321274
