times:
  edit-metadata: 1.860610575415194
  landing: 0.9455253006890416
  view-data: 3.5603352012112737
