times:
  edit-metadata: 0.5329100708477199
  landing: 0.0747168050147593
  view-data: 0.21256860811263323
