times:
  edit-metadata: 1.6443527825176716
  landing: 0.9295186586678028
  view-data: 3.4262693747878075
