times:
  edit-metadata: 1.4278794825077057
  landing: 0.8107802644371986
  view-data: 3.3554173298180103
