times:
  edit-metadata: 1.7839659117162228
  landing: 1.0052650645375252
  view-data: 3.386393617838621
