times:
  edit-metadata: 1.4570054206997156
  landing: 0.8756382465362549
  view-data: 3.4108184073120356
