times:
  edit-metadata: 3.8647772623226047
  landing: 1.7379799084737897
  view-data: 3.3354763947427273
