times:
  edit-metadata: 0.5340353779029101
  landing: 0.06656542397104204
  view-data: 0.26962673710659146
