times:
  edit-metadata: 1.8895903825759888
  landing: 0.9536326974630356
  view-data: 3.343988176435232
