times:
  edit-metadata: 1.5553054180927575
  landing: 0.8396717058494687
  view-data: 3.376953128259629
