times:
  edit-metadata: 1.4179068468511105
  landing: 0.7790453732013702
  view-data: 3.349116835743189
