times:
  edit-metadata: 1.4560431502759457
  landing: 0.9932553172111511
  view-data: 3.3467104732990265
