times:
  edit-metadata: 1.3970533264800906
  landing: 0.9065377609804273
  view-data: 3.39841340854764
