times:
  edit-metadata: 1.481037238612771
  landing: 0.7438783496618271
  view-data: 3.370470130816102
