times:
  edit-metadata: 1.8051347802393138
  landing: 1.1193610676564276
  view-data: 3.566598193254322
