times:
  edit-metadata: 1.5756266238167882
  landing: 0.793698095716536
  view-data: 3.2420202679932117
