times:
  edit-metadata: 0.5728688630042598
  landing: 0.07059215800836682
  view-data: 0.23183919908478856
