times:
  edit-metadata: 1.6477252393960953
  landing: 1.1498586721718311
  view-data: 3.3652141578495502
