times:
  edit-metadata: 0.5107130818068981
  landing: 0.10316213918849826
  view-data: 0.22479754826053977
