times:
  edit-metadata: 0.5076266240212135
  landing: 0.0741796750226058
  view-data: 0.22920515103032812
