times:
  edit-metadata: 0.5201920059043914
  landing: 0.059946326073259115
  view-data: 0.22511081909760833
