times:
  edit-metadata: 1.3792559802532196
  landing: 1.0972916223108768
  view-data: 3.3943458162248135
