times:
  edit-metadata: 0.5951443100057077
  landing: 0.08321655800682493
  view-data: 0.2204457129992079
