times:
  edit-metadata: 1.486986851785332
  landing: 0.7918414096347988
  view-data: 3.439051192253828
