times:
  edit-metadata: 2.2160069877281785
  landing: 1.547972128726542
  view-data: 3.5135289700701833
