times:
  edit-metadata: 1.5680177938193083
  landing: 1.0037018824368715
  view-data: 3.4395444076508284
