times:
  edit-metadata: 0.5766478499863297
  landing: 0.06130060798022896
  view-data: 0.21410415193531662
