times:
  edit-metadata: 1.2851718689780682
  landing: 0.8748334390111268
  view-data: 3.2974803110118955
