times:
  edit-metadata: 1.443078175187111
  landing: 0.795694587752223
  view-data: 3.316700866445899
