times:
  edit-metadata: 1.4203979335725307
  landing: 0.9193743728101254
  view-data: 3.2627882324159145
