times:
  edit-metadata: 2.044595591723919
  landing: 1.3011076711118221
  view-data: 3.422425590455532
