times:
  edit-metadata: 0.5434079761616886
  landing: 0.06385629693977535
  view-data: 0.21888421988114715
