times:
  edit-metadata: 1.4060071669518948
  landing: 0.8963454607874155
  view-data: 3.434345595538616
