times:
  edit-metadata: 1.331662179902196
  landing: 0.7523770965635777
  view-data: 3.3051817193627357
