times:
  edit-metadata: 0.5058721309760585
  landing: 0.06909834803082049
  view-data: 0.2277783709578216
