times:
  edit-metadata: 1.4744585640728474
  landing: 0.8404785301536322
  view-data: 3.344921689480543
