times:
  edit-metadata: 1.3759911712259054
  landing: 0.7782490160316229
  view-data: 3.386219223961234
