times:
  edit-metadata: 1.4305369202047586
  landing: 0.8075161390006542
  view-data: 3.3430023193359375
