times:
  edit-metadata: 0.5363760350737721
  landing: 0.04973205318674445
  view-data: 0.22659538593143225
