times:
  edit-metadata: 1.501077827066183
  landing: 2.6836763247847557
  view-data: 3.404827456921339
