times:
  edit-metadata: 0.5096658950060373
  landing: 0.06510377400263678
  view-data: 0.21342931099934503
