times:
  edit-metadata: 1.6474586073309183
  landing: 0.8372980104759336
  view-data: 3.3148538786917925
