times:
  edit-metadata: 0.5305100427940488
  landing: 0.05511972005479038
  view-data: 0.2232490151654929
