times:
  edit-metadata: 0.5212390010710806
  landing: 0.05912599200382829
  view-data: 0.22604279383085668
