times:
  edit-metadata: 1.4916862808167934
  landing: 0.9240027405321598
  view-data: 3.422690663486719
