times:
  edit-metadata: 1.5482438132166862
  landing: 1.0874453969299793
  view-data: 0.6246434301137924
