times:
  edit-metadata: 1.5844825999811292
  landing: 1.0000250348821282
  view-data: 3.462433914653957
