times:
  edit-metadata: 1.2558792029740289
  landing: 0.29438888299046084
  view-data: 0.3104140480281785
