times:
  edit-metadata: 0.6522367936559021
  landing: 0.05725496914237738
  view-data: 0.2434824099764228
