times:
  edit-metadata: 2.1772002205252647
  landing: 0.9942425480112433
  view-data: 3.4012539638206363
