times:
  edit-metadata: 0.528621862991713
  landing: 0.052984106936492026
  view-data: 0.21918834699317813
