times:
  edit-metadata: 2.4145483067259192
  landing: 1.1146660083904862
  view-data: 3.4188357684761286
