times:
  edit-metadata: 1.4676795713603497
  landing: 0.6932461522519588
  view-data: 3.453145604580641
