times:
  edit-metadata: 1.511582050472498
  landing: 0.7456335090100765
  view-data: 3.3148928321897984
