times:
  edit-metadata: 1.4749868242070079
  landing: 0.7685036868788302
  view-data: 3.2976337221916765
