times:
  edit-metadata: 0.5203178790397942
  landing: 0.05640020780265331
  view-data: 0.22342374501749873
