times:
  edit-metadata: 0.5737058439990506
  landing: 0.06241244700504467
  view-data: 0.21591093800088856
