times:
  edit-metadata: 0.6465656420041341
  landing: 0.1540284270013217
  view-data: 0.23724949400639161
