times:
  edit-metadata: 0.5033080099965446
  landing: 0.07254812901373953
  view-data: 0.21608926396584138
