times:
  edit-metadata: 0.5175834561232477
  landing: 0.048957559978589416
  view-data: 0.2166695101186633
