times:
  edit-metadata: 1.3428347501903772
  landing: 0.7836175942793489
  view-data: 3.2860898887738585
