times:
  edit-metadata: 1.9524246118962765
  landing: 0.9804586329264566
  view-data: 3.36150701995939
