times:
  edit-metadata: 2.2881938833743334
  landing: 1.398114520125091
  view-data: 3.7538440423086286
