times:
  edit-metadata: 1.3946615532040596
  landing: 0.7511140666902065
  view-data: 3.325837127864361
