times:
  edit-metadata: 0.632272201939486
  landing: 0.13398788194172084
  view-data: 0.2233010500203818
