times:
  edit-metadata: 1.5498378910124302
  landing: 0.9623377174139023
  view-data: 3.3545939214527607
