times:
  edit-metadata: 0.6156588899902999
  landing: 0.05615297658368945
  view-data: 0.29066059086471796
