times:
  edit-metadata: 1.3875687140971422
  landing: 0.8036975618451834
  view-data: 3.34737741202116
