times:
  edit-metadata: 1.7288884837180376
  landing: 1.0417533367872238
  view-data: 3.43042921833694
