times:
  edit-metadata: 0.5643910020589828
  landing: 0.0627439939416945
  view-data: 0.2227334249764681
