times:
  edit-metadata: 0.5356241880217567
  landing: 0.08571903896518052
  view-data: 0.20079507201444358
