times:
  edit-metadata: 1.2419768660329282
  landing: 0.7936462988145649
  view-data: 3.3725527829956263
