times:
  edit-metadata: 1.5850525461137295
  landing: 0.8528756499290466
  view-data: 3.377688765525818
