times:
  edit-metadata: 1.403356872498989
  landing: 7.563163936138153
  view-data: 3.3253641910851
