times:
  edit-metadata: 1.3732292149215937
  landing: 0.7893686480820179
  view-data: 3.2991143870167434
