times:
  edit-metadata: 1.6859920173883438
  landing: 1.1293735802173615
  view-data: 3.396999206393957
