times:
  edit-metadata: 1.638168428093195
  landing: 0.9373660646378994
  view-data: 3.369366243481636
