times:
  edit-metadata: 1.1569009497761726
  landing: 0.8093156665563583
  view-data: 3.375424601137638
