times:
  edit-metadata: 2.1430029086768627
  landing: 1.8174069114029408
  view-data: 3.792318884283304
