times:
  edit-metadata: 1.356122188270092
  landing: 1.036178633570671
  view-data: 3.540592923760414
