times:
  edit-metadata: 1.4960705786943436
  landing: 0.7635934203863144
  view-data: 3.5341991260647774
