times:
  edit-metadata: 1.4279037043452263
  landing: 0.7437309883534908
  view-data: 3.2904710918664932
