times:
  edit-metadata: 1.420078068971634
  landing: 0.8233046568930149
  view-data: 3.3430038578808308
