times:
  edit-metadata: 1.917046993970871
  landing: 1.1732380576431751
  view-data: 3.3095941692590714
