times:
  edit-metadata: 1.6515933088958263
  landing: 0.8552837744355202
  view-data: 3.3407167121767998
