times:
  edit-metadata: 1.4834409058094025
  landing: 0.8317512422800064
  view-data: 3.341902229934931
