times:
  edit-metadata: 1.671046707779169
  landing: 1.1182338297367096
  view-data: 3.564571850001812
