times:
  edit-metadata: 1.149469994008541
  landing: 0.7777283899486065
  view-data: 3.3309671133756638
