times:
  edit-metadata: 1.4362932741641998
  landing: 0.9574940502643585
  view-data: 3.539814241230488
