times:
  edit-metadata: 1.4600937739014626
  landing: 0.9241045117378235
  view-data: 3.441282145678997
