times:
  edit-metadata: 1.4720636121928692
  landing: 0.9034594818949699
  view-data: 3.673181977123022
