times:
  edit-metadata: 1.4046092703938484
  landing: 1.1452646702528
  view-data: 3.4823068007826805
