times:
  edit-metadata: 1.939797505736351
  landing: 1.072612002491951
  view-data: 3.6473575606942177
