times:
  edit-metadata: 1.4294824600219727
  landing: 0.8849758170545101
  view-data: 3.2832350730895996
