times:
  edit-metadata: 1.4769134819507599
  landing: 0.8426575139164925
  view-data: 3.424969308078289
