times:
  edit-metadata: 1.42270477861166
  landing: 0.8718497268855572
  view-data: 3.6154085025191307
