times:
  edit-metadata: 1.3615758419036865
  landing: 0.7622213959693909
  view-data: 3.2927910462021828
