times:
  edit-metadata: 1.4299962520599365
  landing: 0.8465454652905464
  view-data: 3.3610746264457703
