times:
  edit-metadata: 1.3446666449308395
  landing: 0.8630901277065277
  view-data: 3.345873646438122
