times:
  edit-metadata: 2.616125777363777
  landing: 1.75211650878191
  view-data: 3.856458678841591
