times:
  edit-metadata: 1.5842542052268982
  landing: 0.9673123136162758
  view-data: 3.6497617587447166
