times:
  edit-metadata: 1.5308615379035473
  landing: 1.0159625373780727
  view-data: 3.279801182448864
