times:
  edit-metadata: 1.4384874626994133
  landing: 0.7568791918456554
  view-data: 3.267248209565878
