times:
  edit-metadata: 1.869866631925106
  landing: 0.9660923108458519
  view-data: 3.293940767645836
