times:
  edit-metadata: 1.3495175912976265
  landing: 0.9226974546909332
  view-data: 3.5227813348174095
