times:
  edit-metadata: 1.676072634756565
  landing: 0.8235035985708237
  view-data: 3.4774334132671356
