times:
  edit-metadata: 1.4073258936405182
  landing: 0.7985904142260551
  view-data: 3.423061639070511
