times:
  edit-metadata: 2.3006348088383675
  landing: 1.529881939291954
  view-data: 3.415689777582884
