times:
  edit-metadata: 2.6744659170508385
  landing: 1.396248683333397
  view-data: 3.4611840695142746
