times:
  edit-metadata: 1.1787337064743042
  landing: 0.8704526722431183
  view-data: 3.397347681224346
