times:
  edit-metadata: 1.3939363583922386
  landing: 0.7444832175970078
  view-data: 3.4412321969866753
