times:
  edit-metadata: 1.5662339851260185
  landing: 0.9440256282687187
  view-data: 3.5691994577646255
