times:
  edit-metadata: 1.5231047943234444
  landing: 0.8249084800481796
  view-data: 3.2979561239480972
