times:
  edit-metadata: 1.1497789770364761
  landing: 0.884088858962059
  view-data: 3.381944440305233
