times:
  edit-metadata: 1.4065223671495914
  landing: 0.8459061272442341
  view-data: 3.7897015884518623
