times:
  edit-metadata: 1.4527638033032417
  landing: 0.9716418273746967
  view-data: 3.2955428287386894
