times:
  edit-metadata: 1.8854216560721397
  landing: 1.19822496175766
  view-data: 3.3819908499717712
