times:
  edit-metadata: 1.4081795364618301
  landing: 0.7499077841639519
  view-data: 3.525065764784813
