times:
  edit-metadata: 1.9147427380084991
  landing: 0.9996305890381336
  view-data: 3.392363466322422
