times:
  edit-metadata: 1.5670414716005325
  landing: 1.0561464801430702
  view-data: 3.3899819292128086
