times:
  edit-metadata: 1.3493111059069633
  landing: 0.8469329848885536
  view-data: 3.631988514214754
