times:
  edit-metadata: 1.3650164157152176
  landing: 0.837811216711998
  view-data: 3.5726490393280983
