times:
  edit-metadata: 1.4233482666313648
  landing: 0.7934643179178238
  view-data: 3.565114416182041
