times:
  edit-metadata: 1.4117302745580673
  landing: 0.8227754756808281
  view-data: 3.334718756377697
