times:
  edit-metadata: 1.4313806220889091
  landing: 0.9037996977567673
  view-data: 3.298292487859726
