times:
  edit-metadata: 1.4301344901323318
  landing: 0.850203849375248
  view-data: 3.2877113223075867
