times:
  edit-metadata: 1.6444902755320072
  landing: 0.9573463350534439
  view-data: 3.3595845736563206
