times:
  edit-metadata: 1.6291458159685135
  landing: 1.1444586366415024
  view-data: 3.352501705288887
