times:
  edit-metadata: 1.3911266662180424
  landing: 0.9360427856445312
  view-data: 3.34962036088109
