times:
  edit-metadata: 1.7530853748321533
  landing: 1.1585722044110298
  view-data: 3.3873566538095474
