times:
  edit-metadata: 1.472314439713955
  landing: 0.8695333525538445
  view-data: 3.5142675638198853
