times:
  edit-metadata: 1.688047792762518
  landing: 1.0592488124966621
  view-data: 3.3423244394361973
