times:
  edit-metadata: 2.0163470208644867
  landing: 0.9582569003105164
  view-data: 3.391484685242176
