times:
  edit-metadata: 1.2244872525334358
  landing: 0.864439882338047
  view-data: 3.370734043419361
