times:
  edit-metadata: 1.4839433506131172
  landing: 0.930133655667305
  view-data: 3.440686620771885
