times:
  edit-metadata: 1.3607962056994438
  landing: 0.8813508301973343
  view-data: 3.5045361444354057
