times:
  edit-metadata: 2.0596954859793186
  landing: 1.2376877963542938
  view-data: 3.374536205083132
