times:
  edit-metadata: 1.4483951926231384
  landing: 0.9183632209897041
  view-data: 3.5636023208498955
