times:
  edit-metadata: 1.725732035934925
  landing: 1.0615229681134224
  view-data: 3.4664669930934906
