times:
  edit-metadata: 1.4787446856498718
  landing: 0.8268496841192245
  view-data: 3.5571677163243294
