times:
  edit-metadata: 1.477623701095581
  landing: 0.7855446189641953
  view-data: 3.3911470100283623
