times:
  edit-metadata: 1.1548577845096588
  landing: 0.7603203877806664
  view-data: 3.549085311591625
