times:
  edit-metadata: 1.4066681116819382
  landing: 0.8273602686822414
  view-data: 3.5585098043084145
