times:
  edit-metadata: 1.5724411830306053
  landing: 0.9265285730361938
  view-data: 3.3424326926469803
