times:
  edit-metadata: 1.465383566915989
  landing: 0.7863380610942841
  view-data: 3.538417711853981
