times:
  edit-metadata: 1.4260484538972378
  landing: 0.8904476948082447
  view-data: 3.557280384004116
