times:
  edit-metadata: 1.4225193038582802
  landing: 0.7545888423919678
  view-data: 3.4678440243005753
