times:
  edit-metadata: 1.5169074460864067
  landing: 0.8321003131568432
  view-data: 3.331997912377119
