times:
  edit-metadata: 1.6882799714803696
  landing: 1.3166033029556274
  view-data: 3.546766348183155
