times:
  edit-metadata: 1.4207746386528015
  landing: 0.8065758347511292
  view-data: 3.614465408027172
