times:
  edit-metadata: 1.6390645653009415
  landing: 0.8823114149272442
  view-data: 3.3353580683469772
