times:
  edit-metadata: 1.4527775719761848
  landing: 0.85544603317976
  view-data: 3.259783949702978
