times:
  edit-metadata: 1.465125821530819
  landing: 0.8207139298319817
  view-data: 3.3916263803839684
