times:
  edit-metadata: 1.4398486204445362
  landing: 0.81388845667243
  view-data: 3.3135109320282936
