times:
  edit-metadata: 1.5037068091332912
  landing: 0.9283165484666824
  view-data: 3.5900032818317413
