times:
  edit-metadata: 1.7374257370829582
  landing: 1.0678600817918777
  view-data: 3.6832311525940895
