times:
  edit-metadata: 1.4521237164735794
  landing: 0.7802541181445122
  view-data: 3.6515520438551903
