times:
  edit-metadata: 1.8060041666030884
  landing: 1.040116649121046
  view-data: 3.3162400014698505
