times:
  edit-metadata: 1.5626214072108269
  landing: 0.9032682105898857
  view-data: 3.4617078229784966
