times:
  edit-metadata: 1.8677499145269394
  landing: 1.0183210745453835
  view-data: 3.6091212555766106
