times:
  edit-metadata: 1.3393554985523224
  landing: 0.8406186699867249
  view-data: 3.4094941318035126
