times:
  edit-metadata: 1.3954454064369202
  landing: 0.7592240571975708
  view-data: 3.519858956336975
