times:
  edit-metadata: 1.5585676208138466
  landing: 0.7673235684633255
  view-data: 3.465602293610573
