times:
  edit-metadata: 1.118775613605976
  landing: 0.8018513396382332
  view-data: 3.417954131960869
