times:
  edit-metadata: 1.5480537712574005
  landing: 0.8386121466755867
  view-data: 3.301299810409546
