times:
  edit-metadata: 1.6543177291750908
  landing: 1.4441002197563648
  view-data: 3.3678380474448204
