times:
  edit-metadata: 1.4251869320869446
  landing: 0.8046380132436752
  view-data: 3.577393814921379
