times:
  edit-metadata: 1.5428274311125278
  landing: 0.9131867662072182
  view-data: 3.2840240336954594
