times:
  edit-metadata: 1.4797410145401955
  landing: 0.7338394969701767
  view-data: 3.5982557237148285
