times:
  edit-metadata: 2.3806052953004837
  landing: 1.58335692435503
  view-data: 3.652827240526676
