times:
  edit-metadata: 1.3577329888939857
  landing: 1.0504805371165276
  view-data: 3.421284630894661
