times:
  edit-metadata: 1.774495854973793
  landing: 0.8292721137404442
  view-data: 3.271827816963196
