times:
  edit-metadata: 1.4542059302330017
  landing: 0.8308668211102486
  view-data: 3.2700040601193905
