times:
  edit-metadata: 1.4506122916936874
  landing: 0.816618200391531
  view-data: 3.5625630505383015
