times:
  edit-metadata: 1.4160927422344685
  landing: 0.8350086249411106
  view-data: 3.274084907025099
