times:
  edit-metadata: 1.5436552315950394
  landing: 0.777462225407362
  view-data: 3.300654672086239
