times:
  edit-metadata: 1.4958354160189629
  landing: 0.7476867735385895
  view-data: 3.559872306883335
