times:
  edit-metadata: 1.5015052109956741
  landing: 0.7170233875513077
  view-data: 3.516003392636776
