times:
  edit-metadata: 1.3752996772527695
  landing: 1.0897311121225357
  view-data: 3.6908764243125916
