times:
  edit-metadata: 1.4481277205049992
  landing: 0.8298409432172775
  view-data: 3.3191313296556473
