times:
  edit-metadata: 1.644982136785984
  landing: 1.024151161313057
  view-data: 3.657365269958973
