times:
  edit-metadata: 1.3446635007858276
  landing: 0.7817136310040951
  view-data: 3.325894095003605
