times:
  edit-metadata: 1.484987847507
  landing: 0.9365639910101891
  view-data: 3.27664428204298
