times:
  edit-metadata: 1.3968805894255638
  landing: 0.8241231925785542
  view-data: 3.247009016573429
