times:
  edit-metadata: 1.1333054602146149
  landing: 0.7673587650060654
  view-data: 3.4514028131961823
