times:
  edit-metadata: 1.3800174817442894
  landing: 0.8090508505702019
  view-data: 3.3165059462189674
