times:
  edit-metadata: 1.1805664375424385
  landing: 0.7981813848018646
  view-data: 3.4159116744995117
