times:
  edit-metadata: 1.4842011518776417
  landing: 0.874777689576149
  view-data: 3.306196555495262
