times:
  edit-metadata: 1.1661788672208786
  landing: 0.7912183180451393
  view-data: 3.3954286575317383
