times:
  edit-metadata: 1.5491547733545303
  landing: 0.8486898764967918
  view-data: 3.2839299142360687
