times:
  edit-metadata: 1.371408712118864
  landing: 0.8014471530914307
  view-data: 3.3065207675099373
