times:
  edit-metadata: 1.3975289538502693
  landing: 0.8718340322375298
  view-data: 3.4655472338199615
