times:
  edit-metadata: 1.5578598454594612
  landing: 0.9442114382982254
  view-data: 3.308744978159666
