times:
  edit-metadata: 1.4419475123286247
  landing: 0.813557356595993
  view-data: 3.296472530812025
