times:
  edit-metadata: 1.6332214400172234
  landing: 0.993647575378418
  view-data: 3.377404797822237
