times:
  edit-metadata: 1.5479532107710838
  landing: 0.961401104927063
  view-data: 3.404688835144043
