times:
  edit-metadata: 1.5706507936120033
  landing: 0.7469874694943428
  view-data: 3.5071932524442673
