times:
  edit-metadata: 1.4845091179013252
  landing: 0.7642691284418106
  view-data: 3.291128858923912
