times:
  edit-metadata: 1.468836609274149
  landing: 0.8190337978303432
  view-data: 3.315165512263775
