times:
  edit-metadata: 1.246233493089676
  landing: 1.0421296283602715
  view-data: 3.5274319276213646
