times:
  edit-metadata: 3.9455335438251495
  landing: 2.70734416693449
  view-data: 4.4162711426615715
