times:
  edit-metadata: 1.3797961995005608
  landing: 0.8851136639714241
  view-data: 3.323240850120783
