times:
  edit-metadata: 1.3287039548158646
  landing: 0.831142108887434
  view-data: 3.3472890853881836
