times:
  edit-metadata: 1.7186761945486069
  landing: 1.0721639432013035
  view-data: 3.354532815515995
