times:
  edit-metadata: 1.5252982154488564
  landing: 0.7828288301825523
  view-data: 3.4229484871029854
