times:
  edit-metadata: 1.433221623301506
  landing: 0.8043944276869297
  view-data: 3.2550592869520187
