times:
  edit-metadata: 1.209293469786644
  landing: 0.7715727463364601
  view-data: 3.445985935628414
