times:
  edit-metadata: 1.4055283218622208
  landing: 0.6752394288778305
  view-data: 3.361107163131237
