times:
  edit-metadata: 1.411888100206852
  landing: 0.9618576020002365
  view-data: 3.65746983140707
