times:
  edit-metadata: 1.5030171573162079
  landing: 0.7859531193971634
  view-data: 3.5994301810860634
