times:
  edit-metadata: 1.7293874360620975
  landing: 1.2568335756659508
  view-data: 3.4609361812472343
