times:
  edit-metadata: 1.6405138447880745
  landing: 0.8147281408309937
  view-data: 3.3787078857421875
