times:
  edit-metadata: 1.3682237565517426
  landing: 0.908407237380743
  view-data: 3.2848688811063766
