times:
  edit-metadata: 2.421178586781025
  landing: 1.2149821892380714
  view-data: 3.500379055738449
