times:
  edit-metadata: 1.65287609025836
  landing: 0.9986834898591042
  view-data: 3.6702666878700256
