times:
  edit-metadata: 1.4640575125813484
  landing: 0.813986025750637
  view-data: 3.3199385330080986
