times:
  edit-metadata: 1.6817334219813347
  landing: 0.9701301604509354
  view-data: 3.3866771683096886
