times:
  edit-metadata: 1.6588148698210716
  landing: 1.0369162186980247
  view-data: 3.341027796268463
