times:
  edit-metadata: 1.1115323528647423
  landing: 0.7938261926174164
  view-data: 3.457791194319725
