times:
  edit-metadata: 1.1518079787492752
  landing: 0.859394371509552
  view-data: 3.4390918761491776
