times:
  edit-metadata: 1.4633120223879814
  landing: 0.8467445001006126
  view-data: 3.3272063583135605
