times:
  edit-metadata: 1.5050958171486855
  landing: 0.8400557413697243
  view-data: 3.372702270746231
