times:
  edit-metadata: 1.3686432018876076
  landing: 0.7782555148005486
  view-data: 3.5393459871411324
