times:
  edit-metadata: 1.4773780182003975
  landing: 0.8653484731912613
  view-data: 3.4957217425107956
