times:
  edit-metadata: 1.4817528799176216
  landing: 0.7796946316957474
  view-data: 3.2592052295804024
