times:
  edit-metadata: 1.4131424203515053
  landing: 0.8803153783082962
  view-data: 3.5757037922739983
