times:
  edit-metadata: 1.4175487756729126
  landing: 0.7302602306008339
  view-data: 3.5338250771164894
