times:
  edit-metadata: 1.540416419506073
  landing: 0.852255716919899
  view-data: 3.407559745013714
