times:
  edit-metadata: 1.5835918188095093
  landing: 0.8324976935982704
  view-data: 3.4159362614154816
