times:
  edit-metadata: 1.517131544649601
  landing: 0.9760298877954483
  view-data: 3.526801772415638
