times:
  edit-metadata: 1.2764411568641663
  landing: 0.8039802610874176
  view-data: 3.5677860751748085
