times:
  edit-metadata: 1.5370815992355347
  landing: 0.8599422797560692
  view-data: 3.4609375074505806
