times:
  edit-metadata: 1.5063818618655205
  landing: 0.9735931530594826
  view-data: 3.464068941771984
