times:
  edit-metadata: 1.5969953909516335
  landing: 0.9976926445960999
  view-data: 3.5444415733218193
