times:
  edit-metadata: 1.5457358285784721
  landing: 0.8866258785128593
  view-data: 3.5125230699777603
