times:
  edit-metadata: 1.25868771225214
  landing: 0.8419999405741692
  view-data: 3.554151140153408
