times:
  edit-metadata: 1.4824660867452621
  landing: 0.7947222292423248
  view-data: 3.4425529688596725
