times:
  edit-metadata: 2.7280677258968353
  landing: 1.2838667631149292
  view-data: 3.919686570763588
