times:
  edit-metadata: 1.4208130910992622
  landing: 0.8626479059457779
  view-data: 3.415041096508503
