times:
  edit-metadata: 1.738221786916256
  landing: 0.8475437313318253
  view-data: 3.3145636543631554
