times:
  edit-metadata: 1.4402905330061913
  landing: 0.7397165149450302
  view-data: 3.562557652592659
