times:
  edit-metadata: 1.463269554078579
  landing: 0.8473235219717026
  view-data: 3.4306294545531273
