times:
  edit-metadata: 1.4349627792835236
  landing: 0.8387112990021706
  view-data: 3.459722511470318
