times:
  edit-metadata: 1.5102193802595139
  landing: 0.8774114176630974
  view-data: 3.467232644557953
