times:
  edit-metadata: 1.3228309378027916
  landing: 1.0363266319036484
  view-data: 3.405418001115322
