times:
  edit-metadata: 1.4201737940311432
  landing: 0.901960089802742
  view-data: 3.5329830795526505
