times:
  edit-metadata: 1.42876947671175
  landing: 0.7969522550702095
  view-data: 3.4217177629470825
