times:
  edit-metadata: 1.4902747496962547
  landing: 0.8185907602310181
  view-data: 3.4844904765486717
