times:
  edit-metadata: 1.5591053739190102
  landing: 0.8986051678657532
  view-data: 3.4511260017752647
