times:
  edit-metadata: 1.4542756974697113
  landing: 0.783683568239212
  view-data: 3.5776948779821396
