times:
  edit-metadata: 1.4434662386775017
  landing: 0.763257198035717
  view-data: 3.6100708693265915
