times:
  edit-metadata: 1.4757274240255356
  landing: 0.8178800493478775
  view-data: 3.4442688301205635
