times:
  edit-metadata: 1.519738756120205
  landing: 0.8181612193584442
  view-data: 3.343527413904667
