times:
  edit-metadata: 2.11796435713768
  landing: 0.8621225953102112
  view-data: 3.4921223372220993
