times:
  edit-metadata: 1.3791962563991547
  landing: 0.8702328950166702
  view-data: 3.391708128154278
