times:
  edit-metadata: 1.9530098885297775
  landing: 1.4220479652285576
  view-data: 3.534479521214962
