times:
  edit-metadata: 1.7069244161248207
  landing: 0.8326079696416855
  view-data: 3.508664071559906
