times:
  edit-metadata: 1.600207343697548
  landing: 1.0285495519638062
  view-data: 3.343693897128105
