times:
  edit-metadata: 1.5952031686902046
  landing: 0.8457293137907982
  view-data: 3.435292087495327
