times:
  edit-metadata: 1.498880811035633
  landing: 0.8445950075984001
  view-data: 3.406028129160404
