times:
  edit-metadata: 1.4779011085629463
  landing: 0.8675679489970207
  view-data: 3.4116528034210205
