times:
  edit-metadata: 1.548116996884346
  landing: 0.8687096610665321
  view-data: 3.491621494293213
