times:
  edit-metadata: 1.4220605939626694
  landing: 0.8945557549595833
  view-data: 3.5414900854229927
