times:
  edit-metadata: 1.9739377051591873
  landing: 0.9765436202287674
  view-data: 3.5254102870821953
