times:
  edit-metadata: 2.077710434794426
  landing: 1.2247798666357994
  view-data: 3.5478950291872025
