times:
  edit-metadata: 1.4853699877858162
  landing: 0.9229369610548019
  view-data: 3.464415229856968
