times:
  edit-metadata: 1.4854003190994263
  landing: 0.8878522217273712
  view-data: 3.5379320085048676
