times:
  edit-metadata: 2.0928568243980408
  landing: 1.5825932919979095
  view-data: 3.4119752570986748
