times:
  edit-metadata: 1.2427086010575294
  landing: 0.8056461289525032
  view-data: 3.5027844458818436
