times:
  edit-metadata: 1.5420235246419907
  landing: 0.9653795212507248
  view-data: 3.500116966664791
