times:
  edit-metadata: 1.3048281520605087
  landing: 0.9076257199048996
  view-data: 3.4757432118058205
