times:
  edit-metadata: 1.48822870105505
  landing: 0.8926279246807098
  view-data: 3.3395980298519135
