times:
  edit-metadata: 1.538479208946228
  landing: 0.833332970738411
  view-data: 3.4956100583076477
