times:
  edit-metadata: 1.4328536242246628
  landing: 0.8438581973314285
  view-data: 3.430103972554207
