times:
  edit-metadata: 1.379155047237873
  landing: 0.8087885454297066
  view-data: 3.282317489385605
