times:
  edit-metadata: 1.3771037757396698
  landing: 0.8893185034394264
  view-data: 3.436864711344242
