times:
  edit-metadata: 1.2597404345870018
  landing: 0.8406056985259056
  view-data: 3.481029987335205
