times:
  edit-metadata: 1.4945631623268127
  landing: 1.1055854931473732
  view-data: 3.2708156034350395
