times:
  edit-metadata: 1.462476596236229
  landing: 0.9167463183403015
  view-data: 3.4642089009284973
