times:
  edit-metadata: 1.3803367465734482
  landing: 1.1571395620703697
  view-data: 3.424159973859787
