times:
  edit-metadata: 1.4604490399360657
  landing: 0.8994641304016113
  view-data: 3.5446987226605415
