times:
  edit-metadata: 1.3536676988005638
  landing: 0.7769069373607635
  view-data: 3.5189352855086327
