times:
  edit-metadata: 1.4769896641373634
  landing: 0.8894250765442848
  view-data: 3.4652004316449165
