times:
  edit-metadata: 1.1657372936606407
  landing: 0.7709323465824127
  view-data: 3.569747641682625
