times:
  edit-metadata: 1.538792409002781
  landing: 1.0575121641159058
  view-data: 3.429814100265503
