times:
  edit-metadata: 1.5444739684462547
  landing: 0.9573864415287971
  view-data: 3.516235373914242
