times:
  edit-metadata: 1.1991572678089142
  landing: 0.8005544915795326
  view-data: 3.599982365965843
