times:
  edit-metadata: 1.6659713983535767
  landing: 1.1920831799507141
  view-data: 3.707635536789894
