times:
  edit-metadata: 2.128814712166786
  landing: 1.2718490883708
  view-data: 3.3827823251485825
