times:
  edit-metadata: 1.442944847047329
  landing: 0.7563048601150513
  view-data: 3.4803715869784355
