times:
  edit-metadata: 1.8300018981099129
  landing: 1.052596777677536
  view-data: 3.6552856639027596
