times:
  edit-metadata: 1.4255104511976242
  landing: 0.8312690109014511
  view-data: 3.464712031185627
