times:
  edit-metadata: 1.3760891780257225
  landing: 0.864198163151741
  view-data: 3.3663168400526047
