times:
  edit-metadata: 1.4144582897424698
  landing: 0.7671101167798042
  view-data: 3.3959937766194344
