times:
  edit-metadata: 1.433040402829647
  landing: 0.7707875296473503
  view-data: 3.4801816642284393
