times:
  edit-metadata: 1.5012652203440666
  landing: 0.876922033727169
  view-data: 3.4998036697506905
