times:
  edit-metadata: 6.513888726010919
  landing: 0.6313661634922028
  view-data: 0.47866785153746605
