times:
  edit-metadata: 1.4982390776276588
  landing: 0.8885352844372392
  view-data: 3.2941069565713406
