times:
  edit-metadata: 3.4563733292743564
  landing: 0.02111845649778843
  view-data: 0.1225040927529335
