times:
  edit-metadata: 2.1392927470151335
  landing: 0.04280994401779026
  view-data: 0.2913481950527057
