times:
  edit-metadata: 1.6028620786964893
  landing: 0.8890880458056927
  view-data: 3.3083099834620953
