times:
  edit-metadata: 6.026066163554788
  landing: 0.021132323890924454
  view-data: 0.02494201250374317
