times:
  edit-metadata: 1.6760667897760868
  landing: 0.9624395743012428
  view-data: 3.375508788973093
