times:
  landing: 1.0583939429999987
  view-data: 0.5481390400000237
