times:
  edit-metadata: 1.562487032264471
  landing: 1.0490236468613148
  view-data: 3.3680684603750706
