times:
  landing: 0.5582310540000321
  view-data: 0.5610533929999519
