times:
  edit-metadata: 2.5328668542206287
  landing: 1.1569449994713068
  view-data: 3.4793877340853214
