times:
  edit-metadata: 4.395328599959612
  landing: 0.04630728205665946
  view-data: 0.6077781287021935
