times:
  edit-metadata: 6.649083958938718
  landing: 1.1785395126789808
  view-data: 0.5069408696144819
