times:
  edit-metadata: 3.54161393456161
  landing: 0.02007484156638384
  view-data: 0.023244084790349007
