times:
  edit-metadata: 2.7848191121593118
  landing: 0.06146720703691244
  view-data: 0.3591665509156883
