times:
  edit-metadata: 2.294491675682366
  landing: 0.04381063720211387
  view-data: 0.29977377597242594
