times:
  landing: 1.0660259399999745
  view-data: 0.5546621869999626
