times:
  edit-metadata: 5.696621583774686
  landing: 0.1297749113291502
  view-data: 0.38438592478632927
