times:
  edit-metadata: 6.027374740689993
  landing: 0.046176400035619736
  view-data: 0.372843936085701
