times:
  edit-metadata: 2.3342354809865355
  landing: 0.0442096390761435
  view-data: 0.28823475493118167
