times:
  landing: 0.5672025090000261
  view-data: 0.5656653849999884
