times:
  edit-metadata: 1.5326534397900105
  landing: 0.8714633341878653
  view-data: 3.3327443338930607
