times:
  edit-metadata: 2.387066774070263
  landing: 0.04898426914587617
  view-data: 0.28854465298354626
