times:
  edit-metadata: 2.6348546710796654
  landing: 0.052406671922653913
  view-data: 0.2903698985464871
