times:
  edit-metadata: 3.4715090161189437
  landing: 0.022141721099615097
  view-data: 0.12593956012278795
