times:
  landing: 0.5568671400000085
  view-data: 0.5641072890000487
