times:
  edit-metadata: 5.400645220652223
  landing: 0.02117806486785412
  view-data: 0.37985922396183014
