times:
  edit-metadata: 1.6419063010253012
  landing: 1.2055842280387878
  view-data: 0.6228659590706229
