times:
  edit-metadata: 6.528873849660158
  landing: 0.03890816681087017
  view-data: 0.3864499218761921
