times:
  edit-metadata: 1.5352904293686152
  landing: 0.8472167644649744
  view-data: 3.373514275997877
