times:
  edit-metadata: 2.1580008609453216
  landing: 0.05600971600506455
  view-data: 0.2770337079418823
