times:
  edit-metadata: 2.466050412505865
  landing: 0.05785711854696274
  view-data: 0.30851284600794315
