times:
  edit-metadata: 5.807328516006237
  landing: 0.14860137502546422
  view-data: 0.7264401050051674
