times:
  edit-metadata: 3.516293982975185
  landing: 0.128234195522964
  view-data: 0.12500037625432014
