times:
  edit-metadata: 1.563292846083641
  landing: 0.8786600641906261
  view-data: 3.4092587418854237
