times:
  edit-metadata: 1.4276567175984383
  landing: 0.8157775811851025
  view-data: 3.4357007704675198
