times:
  edit-metadata: 6.056595716625452
  landing: 0.049334581941366196
  view-data: 0.35384495183825493
