times:
  edit-metadata: 2.3005288881249726
  landing: 0.04390224488452077
  view-data: 0.2795640891417861
