times:
  edit-metadata: 6.34682234749198
  landing: 0.9471174441277981
  view-data: 0.3783250041306019
