times:
  edit-metadata: 3.5322201186791062
  landing: 0.01947374828159809
  view-data: 0.11884973850101233
