times:
  edit-metadata: 3.485723019577563
  landing: 0.01903588231652975
  view-data: 0.09762673079967499
