times:
  edit-metadata: 4.3495015010703355
  landing: 0.05934504303149879
  view-data: 0.4351087629329413
