times:
  edit-metadata: 2.356977740302682
  landing: 0.04488343093544245
  view-data: 0.27983226673677564
