times:
  landing: 0.545320605000029
  view-data: 0.5460021149999648
