times:
  edit-metadata: 1.7860400062054396
  landing: 6.652808936312795
  view-data: 3.3148803869262338
