times:
  edit-metadata: 1.4878953981678933
  landing: 0.868208829080686
  view-data: 3.3536903550848365
