times:
  edit-metadata: 1.5320387855172157
  landing: 1.0567514300346375
  view-data: 3.327644484117627
