times:
  edit-metadata: 6.242965631186962
  landing: 1.0910723935812712
  view-data: 0.4158037602901459
