times:
  edit-metadata: 2.5838434286415577
  landing: 0.052106697112321854
  view-data: 0.2927694022655487
