times:
  edit-metadata: 2.1348047910723835
  landing: 0.04776827502064407
  view-data: 0.270365322008729
