times:
  edit-metadata: 1.6348195038735867
  landing: 1.0728673674166203
  view-data: 3.3911746330559254
