times:
  landing: 0.5650581189999855
  view-data: 0.561822976000002
