times:
  edit-metadata: 2.0297570414841175
  landing: 1.108212798833847
  view-data: 3.3674294501543045
