times:
  edit-metadata: 3.9370644465088844
  landing: 0.1419910341501236
  view-data: 0.027462400496006012
