times:
  edit-metadata: 6.483664130792022
  landing: 0.6462879050523043
  view-data: 0.4943888634443283
