times:
  edit-metadata: 1.631744872778654
  landing: 0.9487102292478085
  view-data: 3.337376244366169
