times:
  edit-metadata: 3.491175139322877
  landing: 0.022187741473317146
  view-data: 0.45444166474044323
