times:
  edit-metadata: 4.380848280969076
  landing: 0.06137321097776294
  view-data: 0.4417422149563208
