times:
  edit-metadata: 5.125990697648376
  landing: 0.06280899699777365
  view-data: 0.5558391558006406
