times:
  edit-metadata: 2.4635498910211027
  landing: 0.05249900510534644
  view-data: 0.32115593925118446
