times:
  edit-metadata: 6.30195027589798
  landing: 0.2414825428277254
  view-data: 0.2626045346260071
