times:
  edit-metadata: 5.365180624008644
  landing: 0.11168085999088362
  view-data: 0.7390651290188543
