times:
  edit-metadata: 3.552953265607357
  landing: 0.01976863481104374
  view-data: 0.02231867704540491
