times:
  edit-metadata: 6.9107346292585135
  landing: 0.5844543166458607
  view-data: 0.3649297393858433
