times:
  edit-metadata: 1.5886376518756151
  landing: 2.4713767673820257
  view-data: 3.3896807469427586
