times:
  landing: 1.0929569090000086
  view-data: 0.5632374019999702
