times:
  edit-metadata: 6.064062733203173
  landing: 0.03862600773572922
  view-data: 0.3535873517394066
