times:
  edit-metadata: 5.429454920813441
  landing: 0.14233392290771008
  view-data: 0.3379205968230963
