times:
  edit-metadata: 2.480239477008581
  landing: 1.3512859344482422
  view-data: 3.476703168824315
