times:
  landing: 0.551864796000018
  view-data: 0.5645245810000006
