times:
  edit-metadata: 3.6051611602306366
  landing: 0.019703413359820843
  view-data: 0.02377841155976057
