times:
  edit-metadata: 1.3721726052463055
  landing: 1.0113281793892384
  view-data: 3.3620617743581533
