times:
  edit-metadata: 1.5640953164547682
  landing: 0.9068634808063507
  view-data: 3.419143795967102
