times:
  edit-metadata: 2.1175592269864865
  landing: 0.04391077201580629
  view-data: 0.27918857597978786
