times:
  edit-metadata: 3.750809277407825
  landing: 0.1343247378244996
  view-data: 0.4522045636549592
