times:
  edit-metadata: 1.483112096786499
  landing: 1.0037959143519402
  view-data: 3.3919940777122974
