times:
  landing: 0.5570215730000427
  view-data: 0.5570377729999905
