times:
  edit-metadata: 4.326577921048738
  landing: 0.07484265201492235
  view-data: 0.5653113159933127
