times:
  edit-metadata: 6.426319187507033
  landing: 1.4569027442485094
  view-data: 0.696941377595067
