times:
  edit-metadata: 2.333940308075398
  landing: 0.04996400699019432
  view-data: 0.28112729359418154
