times:
  edit-metadata: 2.1556906839832664
  landing: 0.05556022911332548
  view-data: 0.2745422311127186
