times:
  edit-metadata: 5.47222987562418
  landing: 0.02151857130229473
  view-data: 0.027599863708019257
