times:
  landing: 1.0726322919999802
  view-data: 0.5712917349999316
