times:
  edit-metadata: 3.6248427741229534
  landing: 0.01983620785176754
  view-data: 0.11519242357462645
