times:
  edit-metadata: 3.4670335277915
  landing: 0.12661204114556313
  view-data: 0.4409421058371663
