times:
  edit-metadata: 6.347292361781001
  landing: 0.2523142956197262
  view-data: 0.46055583469569683
