times:
  edit-metadata: 1.477144431322813
  landing: 1.0404435060918331
  view-data: 3.429629724472761
