times:
  edit-metadata: 4.136717528002919
  landing: 0.047745239004143514
  view-data: 0.26668482899549417
