times:
  edit-metadata: 4.4355748519301414
  landing: 0.7539137694984674
  view-data: 0.411910193040967
