times:
  edit-metadata: 1.6581490952521563
  landing: 0.9592900779098272
  view-data: 3.3562705870717764
