times:
  edit-metadata: 6.7598847430199385
  landing: 1.1923191864043474
  view-data: 0.7750892639160156
