times:
  landing: 1.0777073950000045
  view-data: 0.5595565119999719
