times:
  landing: 1.075655194000035
  view-data: 0.5543125629999963
