times:
  edit-metadata: 2.6678589761722833
  landing: 0.049541224958375096
  view-data: 0.37774278898723423
