times:
  edit-metadata: 4.283113664001576
  landing: 0.077311931992881
  view-data: 0.5495638379943557
