times:
  edit-metadata: 5.997082147747278
  landing: 0.038334306329488754
  view-data: 0.3588256984949112
