times:
  landing: 1.0781601290000253
  view-data: 0.562215708999986
