times:
  edit-metadata: 4.243665524991229
  landing: 0.07894513104110956
  view-data: 0.6814902890473604
