times:
  landing: 0.5597910559999946
  view-data: 0.5565730389999999
