times:
  edit-metadata: 5.544307043775916
  landing: 0.024757297709584236
  view-data: 0.026315348222851753
