times:
  edit-metadata: 2.4265877781435847
  landing: 0.08218433102592826
  view-data: 0.3106247801333666
