times:
  landing: 0.5572757780000188
  view-data: 0.5595298380000031
