times:
  edit-metadata: 5.211883228737861
  landing: 0.048484989907592535
  view-data: 0.6833747830241919
