times:
  edit-metadata: 1.4350555092096329
  landing: 1.0249854996800423
  view-data: 3.3393535166978836
