times:
  edit-metadata: 2.387261147843674
  landing: 0.055868444964289665
  view-data: 0.2974356289487332
