times:
  edit-metadata: 2.620076958090067
  landing: 1.8720516543835402
  view-data: 3.6194334626197815
