times:
  edit-metadata: 2.1552074220962822
  landing: 0.043230720912106335
  view-data: 0.2705792629858479
