times:
  edit-metadata: 1.5043193600140512
  landing: 0.8859878769144416
  view-data: 3.3981870519928634
