times:
  edit-metadata: 2.2292310589691624
  landing: 0.04656016902299598
  view-data: 0.2809928740025498
