times:
  edit-metadata: 2.2138103768229485
  landing: 1.652280654758215
  view-data: 3.34592367336154
