times:
  edit-metadata: 1.608348434790969
  landing: 0.9419826753437519
  view-data: 3.4567405357956886
