times:
  edit-metadata: 2.067846454679966
  landing: 1.035932719707489
  view-data: 3.3133666329085827
