times:
  edit-metadata: 2.503693382255733
  landing: 0.04942252114415169
  view-data: 0.31588889192789793
