times:
  edit-metadata: 7.2275839149951935
  landing: 0.22281345538794994
  view-data: 0.25590263679623604
