times:
  edit-metadata: 6.376375613734126
  landing: 0.01990426518023014
  view-data: 0.1332647167146206
