times:
  edit-metadata: 2.986954919062555
  landing: 0.05582372983917594
  view-data: 0.2916094181127846
