times:
  edit-metadata: 7.140722565352917
  landing: 1.196046531200409
  view-data: 0.8022998329252005
