times:
  landing: 0.5501962880000519
  view-data: 0.5529087630000049
