times:
  edit-metadata: 6.422136705368757
  landing: 0.6907327808439732
  view-data: 0.5288794804364443
