times:
  edit-metadata: 7.2564305532723665
  landing: 0.05002671293914318
  view-data: 0.368168231099844
