times:
  edit-metadata: 6.776584357023239
  landing: 0.1423811912536621
  view-data: 0.02681531384587288
