times:
  edit-metadata: 1.5019239373505116
  landing: 0.9140921514481306
  view-data: 3.31929599493742
