times:
  edit-metadata: 1.489518765360117
  landing: 0.8244352787733078
  view-data: 3.3109851516783237
