times:
  edit-metadata: 1.5307430401444435
  landing: 1.039390418678522
  view-data: 3.3549985699355602
