times:
  edit-metadata: 4.234701909124851
  landing: 0.16599818505346775
  view-data: 0.033016739413142204
