times:
  edit-metadata: 5.9652086198329926
  landing: 0.04424656927585602
  view-data: 0.368357103317976
