times:
  edit-metadata: 4.082614924001973
  landing: 0.04143296700203791
  view-data: 0.2620705459994497
