times:
  edit-metadata: 1.6056931633502245
  landing: 0.9052067883312702
  view-data: 3.3185492921620607
