times:
  edit-metadata: 1.5468575060367584
  landing: 1.0370314195752144
  view-data: 3.365739904344082
