times:
  edit-metadata: 1.7778313560411334
  landing: 0.8578752251341939
  view-data: 3.3312995303422213
