times:
  edit-metadata: 3.5401355531066656
  landing: 0.01913006789982319
  view-data: 0.13031670730561018
