times:
  edit-metadata: 5.601279268041253
  landing: 0.021915679797530174
  view-data: 0.024524357169866562
