times:
  landing: 0.5603190209999411
  view-data: 0.5520080109999981
