times:
  edit-metadata: 4.398686768952757
  landing: 0.08836025092750788
  view-data: 0.44131103507243097
