times:
  edit-metadata: 5.419533180072904
  landing: 0.020991362631320953
  view-data: 0.1218678392469883
