times:
  edit-metadata: 2.1199110180023126
  landing: 0.054658202978316694
  view-data: 0.2730660679808352
