times:
  edit-metadata: 3.448692513629794
  landing: 0.019078188575804234
  view-data: 0.23151562083512545
