times:
  edit-metadata: 1.5232539810240269
  landing: 0.8340224921703339
  view-data: 3.303758718073368
