times:
  edit-metadata: 2.3061334881931543
  landing: 0.04041797900572419
  view-data: 0.27867918368428946
