times:
  edit-metadata: 2.42313489690423
  landing: 0.055721246055327356
  view-data: 0.2787294590380043
