times:
  edit-metadata: 4.2604555857833475
  landing: 0.076549710938707
  view-data: 0.42847148003056645
