times:
  edit-metadata: 1.5803174190223217
  landing: 0.8265253342688084
  view-data: 3.2756799794733524
