times:
  edit-metadata: 4.271244935982395
  landing: 0.07309072301723063
  view-data: 0.4391898059984669
