times:
  edit-metadata: 3.5419962238520384
  landing: 0.02067411318421364
  view-data: 0.024166284129023552
