times:
  edit-metadata: 3.4994072318077087
  landing: 0.0197826586663723
  view-data: 0.11815997026860714
