times:
  edit-metadata: 5.9967369213700294
  landing: 0.05474533885717392
  view-data: 0.35660529136657715
