times:
  edit-metadata: 1.4697911404073238
  landing: 0.914874229580164
  view-data: 3.363658558577299
