times:
  edit-metadata: 6.8584051337093115
  landing: 1.1351605597883463
  view-data: 0.8104249909520149
