times:
  edit-metadata: 6.6658791359514
  landing: 1.656954936683178
  view-data: 0.8519154954701662
