times:
  edit-metadata: 1.6322226710617542
  landing: 0.8404990211129189
  view-data: 3.2631630077958107
