times:
  edit-metadata: 6.797781435772777
  landing: 0.6073616314679384
  view-data: 0.3688446618616581
