times:
  edit-metadata: 5.512567210942507
  landing: 0.10860114358365536
  view-data: 0.024705536663532257
