times:
  edit-metadata: 5.657539892941713
  landing: 0.025373073294758797
  view-data: 0.4726632945239544
