times:
  edit-metadata: 3.5017165234312415
  landing: 0.01923033595085144
  view-data: 0.11826284695416689
