times:
  edit-metadata: 2.26341169513762
  landing: 0.047224354930222034
  view-data: 0.44488992262631655
