times:
  edit-metadata: 2.250222752103582
  landing: 0.05239871586672962
  view-data: 0.2723659079056233
