times:
  edit-metadata: 6.454347211867571
  landing: 1.7313122190535069
  view-data: 0.8218456599861383
