times:
  edit-metadata: 1.4390740469098091
  landing: 1.0263895243406296
  view-data: 3.2883822098374367
