times:
  edit-metadata: 6.431616066023707
  landing: 1.3644423335790634
  view-data: 0.49400913529098034
