times:
  landing: 1.1058383100000242
  view-data: 0.5842480489999957
