times:
  edit-metadata: 1.571557991206646
  landing: 0.9242543652653694
  view-data: 3.3696886971592903
