times:
  landing: 0.5555685300000164
  view-data: 0.5659786609999742
