times:
  edit-metadata: 5.116818531416357
  landing: 0.3244235748425126
  view-data: 0.2511245682835579
