times:
  edit-metadata: 1.373369362205267
  landing: 0.9309366680681705
  view-data: 3.4661178328096867
