times:
  landing: 0.5526889379999886
  view-data: 0.5608911599999828
