times:
  landing: 0.5524731249999775
  view-data: 0.051968378999958986
