times:
  edit-metadata: 6.543725734576583
  landing: 0.6562470328062773
  view-data: 0.47625102661550045
