times:
  edit-metadata: 4.315519534051418
  landing: 0.04398423689417541
  view-data: 0.4427780311089009
