times:
  edit-metadata: 3.5254409220069647
  landing: 0.02062628883868456
  view-data: 0.23307542875409126
