times:
  landing: 0.5516894369999932
  view-data: 0.09657347899997148
