times:
  edit-metadata: 2.301527394913137
  landing: 0.04923544730991125
  view-data: 0.28481877967715263
