times:
  edit-metadata: 3.4478905331343412
  landing: 0.18319284822791815
  view-data: 0.029678665101528168
