times:
  edit-metadata: 1.4982292242348194
  landing: 0.9201153255999088
  view-data: 3.3593890480697155
