times:
  edit-metadata: 2.220026188530028
  landing: 1.7205299166962504
  view-data: 3.28871101513505
