times:
  edit-metadata: 2.1839580279774964
  landing: 0.047627864172682166
  view-data: 0.31431797216646373
