times:
  edit-metadata: 6.216825611889362
  landing: 0.05611276626586914
  view-data: 0.36461856588721275
