times:
  landing: 0.5503537959999676
  view-data: 0.5667167999999947
