times:
  edit-metadata: 5.972098376601934
  landing: 0.02223251573741436
  view-data: 0.025896986946463585
