times:
  edit-metadata: 4.327451067976654
  landing: 0.07865765900351107
  view-data: 0.4267879539402202
