times:
  landing: 1.0739566759999661
  view-data: 0.5583657150000363
