times:
  edit-metadata: 2.422845257911831
  landing: 0.050852278247475624
  view-data: 0.31507525965571404
