times:
  edit-metadata: 2.3145610787905753
  landing: 0.05705012800171971
  view-data: 0.28101367270573974
