times:
  edit-metadata: 5.984321786090732
  landing: 0.11719412170350552
  view-data: 0.12712722457945347
