times:
  edit-metadata: 1.519861787557602
  landing: 0.8521245941519737
  view-data: 3.3239723965525627
