times:
  edit-metadata: 5.480306742712855
  landing: 0.01920771598815918
  view-data: 0.12223320826888084
