times:
  edit-metadata: 1.4752409607172012
  landing: 0.9767944291234016
  view-data: 3.2764889746904373
