times:
  edit-metadata: 3.5805913293734193
  landing: 0.23575837444514036
  view-data: 0.12316417042165995
