times:
  edit-metadata: 1.740365870296955
  landing: 1.4535226710140705
  view-data: 3.4950858801603317
