times:
  edit-metadata: 6.841803347691894
  landing: 3.206255778670311
  view-data: 2.8139054365456104
