times:
  edit-metadata: 5.84087560325861
  landing: 0.050499096512794495
  view-data: 0.36058497056365013
