times:
  edit-metadata: 6.0368204191327095
  landing: 0.05013670027256012
  view-data: 0.34658489376306534
