times:
  edit-metadata: 2.4221854619681835
  landing: 1.4717325419187546
  view-data: 3.5175459338352084
