times:
  edit-metadata: 1.5327069833874702
  landing: 1.0461973920464516
  view-data: 3.3716124184429646
