times:
  edit-metadata: 4.348329168977216
  landing: 0.07362117804586887
  view-data: 0.4315556329675019
