times:
  edit-metadata: 5.607914887368679
  landing: 0.019641568884253502
  view-data: 0.023089243099093437
