times:
  edit-metadata: 5.2996272863820195
  landing: 0.1584925279021263
  view-data: 0.28983601555228233
