times:
  edit-metadata: 1.5764716193079948
  landing: 0.8043314437381923
  view-data: 3.268290229141712
