times:
  edit-metadata: 4.350818827995681
  landing: 0.07296214600501116
  view-data: 0.5581696820008801
