times:
  edit-metadata: 3.6574041740968823
  landing: 0.12298989295959473
  view-data: 0.45919130370020866
