times:
  edit-metadata: 2.380822896026075
  landing: 0.05594742996618152
  view-data: 0.28407532908022404
