times:
  landing: 0.5501963960000467
  view-data: 0.5595742360000031
