times:
  edit-metadata: 2.755082232877612
  landing: 1.5057622157037258
  view-data: 3.5462459046393633
