times:
  edit-metadata: 3.5476615326479077
  landing: 0.26488410774618387
  view-data: 0.4631654405966401
