times:
  edit-metadata: 2.884662766009569
  landing: 1.280753742903471
  view-data: 3.694001279771328
