times:
  edit-metadata: 1.583230359479785
  landing: 0.8934517055749893
  view-data: 3.3745365273207426
