times:
  edit-metadata: 2.4884511763229966
  landing: 0.04649403877556324
  view-data: 0.31243683211505413
