times:
  edit-metadata: 6.656049434095621
  landing: 0.9647137336432934
  view-data: 0.6069454085081816
