times:
  edit-metadata: 4.303812988102436
  landing: 0.07663799310103059
  view-data: 0.546269757905975
