times:
  edit-metadata: 5.998609855771065
  landing: 0.045933712273836136
  view-data: 0.3616168536245823
