times:
  edit-metadata: 1.5419635633006692
  landing: 0.9361832486465573
  view-data: 3.333246967755258
