times:
  edit-metadata: 2.224663656204939
  landing: 1.440615225583315
  view-data: 3.3911645710468292
