times:
  edit-metadata: 1.7120320089161396
  landing: 0.9764967113733292
  view-data: 3.364104352891445
