times:
  edit-metadata: 2.352408036123961
  landing: 0.05171263078227639
  view-data: 0.2868884289637208
