times:
  landing: 0.6135985509999955
  view-data: 0.5665852710000081
