times:
  landing: 0.5505331769999202
  view-data: 0.5524323989999402
