times:
  edit-metadata: 2.242950440850109
  landing: 0.04159585200250149
  view-data: 0.2882329300045967
