times:
  edit-metadata: 1.9843926206231117
  landing: 1.2948545813560486
  view-data: 3.3568772226572037
