times:
  edit-metadata: 2.287453140132129
  landing: 0.05389381106942892
  view-data: 0.29325903207063675
