times:
  edit-metadata: 3.635234429500997
  landing: 0.24019269831478596
  view-data: 0.2566921319812536
