times:
  edit-metadata: 5.582199705764651
  landing: 0.01889752596616745
  view-data: 0.022688910365104675
