times:
  edit-metadata: 7.246200734749436
  landing: 0.02075919695198536
  view-data: 0.4736994616687298
