times:
  edit-metadata: 5.3825811399146914
  landing: 0.0749890897423029
  view-data: 0.6638752301223576
