times:
  edit-metadata: 5.839663479477167
  landing: 0.05148598179221153
  view-data: 0.3500101566314697
