times:
  edit-metadata: 2.1433133099926636
  landing: 0.049679171992465854
  view-data: 0.2901158240274526
