times:
  edit-metadata: 4.256022145971656
  landing: 0.07714322512038052
  view-data: 0.4733423790894449
