times:
  landing: 0.5550215029999777
  view-data: 0.5572954180000238
