times:
  edit-metadata: 7.100429592654109
  landing: 0.266002856194973
  view-data: 0.42740897461771965
