times:
  edit-metadata: 2.104913336224854
  landing: 0.99218241404742
  view-data: 3.5313997250050306
