times:
  edit-metadata: 2.323259208991658
  landing: 0.041752075019758195
  view-data: 0.3119081410113722
