times:
  edit-metadata: 4.1822367460117675
  landing: 0.044538383022882044
  view-data: 0.2684218779904768
