times:
  landing: 0.5465411629999721
  view-data: 0.5556006139999567
