times:
  landing: 0.5591218049999611
  view-data: 0.5599851339999873
