times:
  edit-metadata: 1.4283557012677193
  landing: 0.9487502314150333
  view-data: 3.327783841639757
