times:
  edit-metadata: 1.4403363093733788
  landing: 1.0002587642520666
  view-data: 3.310658073052764
