times:
  landing: 0.5413378619999776
  view-data: 0.5506727060000003
