times:
  edit-metadata: 1.547277521342039
  landing: 0.850569773465395
  view-data: 3.3178746290504932
