times:
  edit-metadata: 1.504816960543394
  landing: 1.0554955303668976
  view-data: 3.3822296150028706
