times:
  landing: 0.5571984720000103
  view-data: 0.57773010599999
