times:
  edit-metadata: 2.1716819420689717
  landing: 0.04169740795623511
  view-data: 0.27290426299441606
