times:
  edit-metadata: 3.572033771313727
  landing: 0.1282793991267681
  view-data: 0.11828424781560898
