times:
  edit-metadata: 1.4812749968841672
  landing: 0.7454810719937086
  view-data: 3.251034942921251
