times:
  edit-metadata: 6.6577327866107225
  landing: 0.6434780359268188
  view-data: 0.3919698093086481
