times:
  edit-metadata: 3.112954117357731
  landing: 1.883002646267414
  view-data: 3.7573257237672806
