times:
  edit-metadata: 3.5235342225059867
  landing: 0.13104861229658127
  view-data: 0.02399012167006731
