times:
  landing: 0.5559048489999725
  view-data: 0.558185549000001
