times:
  edit-metadata: 5.73189048608765
  landing: 0.10172640765085816
  view-data: 0.632254219148308
