times:
  edit-metadata: 1.6688639866188169
  landing: 0.960759749636054
  view-data: 3.3411928275600076
