times:
  edit-metadata: 1.6262878607958555
  landing: 0.9436338599771261
  view-data: 3.402147391811013
