times:
  edit-metadata: 1.5979624316096306
  landing: 1.0061648152768612
  view-data: 3.380699049681425
