times:
  edit-metadata: 5.807734794914722
  landing: 0.11753390356898308
  view-data: 0.3448127619922161
