times:
  edit-metadata: 1.570816833525896
  landing: 0.839676471427083
  view-data: 3.399193214252591
