times:
  edit-metadata: 6.7305082604289055
  landing: 0.888450875878334
  view-data: 0.47288163378834724
