times:
  edit-metadata: 2.669644160196185
  landing: 1.4717046190053225
  view-data: 3.510384831111878
