times:
  edit-metadata: 1.602590374648571
  landing: 0.9280176125466824
  view-data: 3.3749907948076725
