times:
  edit-metadata: 2.3247878067195415
  landing: 0.05678259488195181
  view-data: 0.2849243422970176
