times:
  edit-metadata: 2.498400795739144
  landing: 0.04833679785951972
  view-data: 0.2933831438422203
