times:
  landing: 0.5552867430000106
  view-data: 0.5586537789999966
