times:
  edit-metadata: 1.7450577355921268
  landing: 1.093726385384798
  view-data: 3.3513153307139874
