times:
  edit-metadata: 1.4576273411512375
  landing: 0.9372520409524441
  view-data: 3.32804211974144
