times:
  landing: 0.5566285649999827
  view-data: 0.5571085689999791
