times:
  edit-metadata: 2.339900005143136
  landing: 0.04163048695772886
  view-data: 0.29049629205837846
