times:
  edit-metadata: 4.2979085730039515
  landing: 0.07424108899431303
  view-data: 0.4437666040030308
