times:
  edit-metadata: 6.292917858809233
  landing: 0.05085459351539612
  view-data: 0.36158880591392517
