times:
  edit-metadata: 1.5461873263120651
  landing: 0.9709308631718159
  view-data: 3.4393558651208878
