times:
  edit-metadata: 1.5108679290860891
  landing: 0.9208384975790977
  view-data: 3.3396982941776514
