times:
  edit-metadata: 2.606563553214073
  landing: 1.7599559966474771
  view-data: 3.6692296508699656
