times:
  edit-metadata: 2.476245854049921
  landing: 0.05520760826766491
  view-data: 0.34299489948898554
