times:
  edit-metadata: 4.542314233003708
  landing: 0.12037039199640276
  view-data: 0.49500181499752216
