times:
  edit-metadata: 2.16997214499861
  landing: 0.042139936005696654
  view-data: 0.26858039596118033
