times:
  edit-metadata: 2.309151374269277
  landing: 0.050699255894869566
  view-data: 0.280096881557256
