times:
  edit-metadata: 4.9472537180408835
  landing: 0.046178135089576244
  view-data: 0.40252920985221863
