times:
  edit-metadata: 3.62818874605
  landing: 0.12592351716011763
  view-data: 0.11982275359332561
