times:
  landing: 1.059079243000042
  view-data: 0.5475492009999812
