times:
  edit-metadata: 2.2067244451027364
  landing: 0.05090375407598913
  view-data: 0.2915313639678061
