times:
  edit-metadata: 1.9207035340368748
  landing: 1.0590239074081182
  view-data: 3.4119251500815153
