times:
  landing: 0.5544031320000045
  view-data: 0.5653852849999907
