times:
  edit-metadata: 2.3142050430178642
  landing: 1.5523476558737457
  view-data: 3.4716427172534168
