times:
  edit-metadata: 3.5296690706163645
  landing: 0.020430230535566807
  view-data: 0.11944879963994026
