times:
  landing: 0.5535850779999976
  view-data: 0.5581126090000055
