times:
  edit-metadata: 3.134847989073023
  landing: 0.17360128997825086
  view-data: 0.39409595890901983
