times:
  edit-metadata: 1.480758944991976
  landing: 0.9892022589920089
  view-data: 3.3868943760171533
