times:
  edit-metadata: 1.7057469207793474
  landing: 1.072448675520718
  view-data: 3.321627030149102
