times:
  edit-metadata: 2.64617870002985
  landing: 0.061519755981862545
  view-data: 0.28981126798316836
