times:
  edit-metadata: 2.1682487069629133
  landing: 0.07459113700315356
  view-data: 0.2891486419830471
