times:
  edit-metadata: 3.4876701151952147
  landing: 0.021915259771049023
  view-data: 0.45865061040967703
