times:
  edit-metadata: 2.304031752049923
  landing: 0.056523715844377875
  view-data: 0.2845782400108874
