times:
  edit-metadata: 1.6088247103616595
  landing: 0.8809987520799041
  view-data: 0.6787994401529431
