times:
  edit-metadata: 6.418166184797883
  landing: 0.5824006758630276
  view-data: 0.370654271915555
