times:
  edit-metadata: 6.604579593986273
  landing: 1.6545762736350298
  view-data: 0.7884194571524858
