times:
  edit-metadata: 1.4209378063678741
  landing: 0.9408772122114897
  view-data: 3.357245223596692
