times:
  edit-metadata: 3.5408441442996264
  landing: 0.01971560250967741
  view-data: 0.12110540922731161
