times:
  edit-metadata: 4.379184669116512
  landing: 0.07533420599065721
  view-data: 0.45678157010115683
