times:
  landing: 1.068158832999984
  view-data: 0.582376389999979
