times:
  edit-metadata: 2.158880840986967
  landing: 1.2851497381925583
  view-data: 3.3614934608340263
