times:
  edit-metadata: 1.5621276907622814
  landing: 1.0004359818995
  view-data: 3.3252768255770206
