times:
  edit-metadata: 1.5281752683222294
  landing: 1.0036968253552914
  view-data: 3.370828192681074
