times:
  edit-metadata: 1.4871723148971796
  landing: 0.8163817767053843
  view-data: 3.3401732239872217
