times:
  edit-metadata: 2.4867033099289984
  landing: 0.05424839910119772
  view-data: 0.3023817769717425
