times:
  edit-metadata: 6.235378544777632
  landing: 0.5871389824897051
  view-data: 0.35446396470069885
