times:
  edit-metadata: 4.746060848236084
  landing: 1.1698794439435005
  view-data: 0.5396790485829115
