times:
  edit-metadata: 1.629909586161375
  landing: 1.072376310825348
  view-data: 3.474896941334009
