times:
  edit-metadata: 3.514563627541065
  landing: 0.02021215856075287
  view-data: 0.026999561116099358
