times:
  edit-metadata: 7.644283892586827
  landing: 0.2550835721194744
  view-data: 0.23530325293540955
