times:
  edit-metadata: 6.733679635450244
  landing: 0.05220760218799114
  view-data: 0.5929036512970924
