times:
  edit-metadata: 2.2250455308239907
  landing: 0.050407517002895474
  view-data: 0.2813502768985927
