times:
  edit-metadata: 2.316183849936351
  landing: 0.04599741497077048
  view-data: 0.2827464158181101
