times:
  landing: 0.5543814180000481
  view-data: 0.5495713149999801
