times:
  edit-metadata: 1.4544579107314348
  landing: 0.8618593001738191
  view-data: 0.679497909732163
