times:
  edit-metadata: 6.4804061111062765
  landing: 0.37470102310180664
  view-data: 0.3929799199104309
