times:
  edit-metadata: 5.522448159754276
  landing: 0.11071757785975933
  view-data: 0.12064287438988686
