times:
  edit-metadata: 6.145138885825872
  landing: 0.04327942430973053
  view-data: 0.3611406795680523
