times:
  edit-metadata: 1.4779701232910156
  landing: 1.1073098350316286
  view-data: 3.293107643723488
