times:
  edit-metadata: 2.07350804656744
  landing: 1.1928408071398735
  view-data: 3.3974247463047504
