times:
  edit-metadata: 2.258219125913456
  landing: 0.04870846099220216
  view-data: 0.27939561707898974
