times:
  edit-metadata: 3.5530843436717987
  landing: 0.2029988868162036
  view-data: 0.02453274466097355
