times:
  edit-metadata: 2.105531372129917
  landing: 1.259941030293703
  view-data: 3.337984535843134
