times:
  edit-metadata: 2.480161423794925
  landing: 0.05101766902953386
  view-data: 0.30874524638056755
