times:
  edit-metadata: 4.161437845003093
  landing: 0.042220853007165715
  view-data: 0.2701660270104185
