times:
  landing: 1.0749551669999846
  view-data: 0.5638754510000012
