times:
  edit-metadata: 1.518334750086069
  landing: 1.570477046072483
  view-data: 3.416095793247223
