times:
  edit-metadata: 4.46411658404395
  landing: 0.0847823116928339
  view-data: 0.443391942884773
