times:
  edit-metadata: 3.4736520666629076
  landing: 0.13572683185338974
  view-data: 0.11340896505862474
