times:
  edit-metadata: 2.4095119102858007
  landing: 0.05721633415669203
  view-data: 0.28098132321611047
