times:
  edit-metadata: 1.4344642870128155
  landing: 0.993954960256815
  view-data: 3.3182684779167175
