times:
  edit-metadata: 1.6062044199788943
  landing: 0.29695802100468427
  view-data: 0.3062649909988977
