times:
  edit-metadata: 3.590250083245337
  landing: 0.020653163082897663
  view-data: 0.025614241138100624
