times:
  edit-metadata: 1.4504489228129387
  landing: 0.8301686402410269
  view-data: 3.2911598924547434
