times:
  edit-metadata: 3.4831742756068707
  landing: 0.019207438454031944
  view-data: 0.02618503011763096
