times:
  edit-metadata: 6.701278069987893
  landing: 0.8219114076346159
  view-data: 0.6150078009814024
