times:
  landing: 0.5505612919999976
  view-data: 0.5572656300000176
