times:
  edit-metadata: 3.5401470260694623
  landing: 0.14280543848872185
  view-data: 0.1882891496643424
