times:
  edit-metadata: 4.2966273069614545
  landing: 0.07613352604676038
  view-data: 0.43504914292134345
