times:
  edit-metadata: 2.1345686149434187
  landing: 0.05582205398241058
  view-data: 0.276538839971181
