times:
  landing: 1.0655783779999979
  view-data: 0.5514753759999849
