times:
  landing: 0.5441758179999852
  view-data: 0.5494292950000386
