times:
  edit-metadata: 2.3506635203957558
  landing: 0.0548787247389555
  view-data: 0.27636477490887046
