times:
  edit-metadata: 4.2502655850257725
  landing: 0.07417538296431303
  view-data: 0.43225072720088065
