times:
  edit-metadata: 5.753907963633537
  landing: 0.019062280654907227
  view-data: 0.023360926657915115
