times:
  edit-metadata: 2.3226786418817937
  landing: 0.04827163927257061
  view-data: 0.27760119503363967
