times:
  edit-metadata: 5.594677118584514
  landing: 0.1276935525238514
  view-data: 0.37843729741871357
