times:
  edit-metadata: 2.4746848922222853
  landing: 0.052782006561756134
  view-data: 0.31623600888997316
