times:
  edit-metadata: 3.537255497649312
  landing: 0.025141529738903046
  view-data: 0.024624167010188103
