times:
  edit-metadata: 2.1676831069635227
  landing: 0.048021261929534376
  view-data: 0.280625537969172
