times:
  edit-metadata: 5.9336318746209145
  landing: 0.0545085072517395
  view-data: 0.3698970638215542
