times:
  edit-metadata: 2.322291280608624
  landing: 0.04745735786855221
  view-data: 0.28656487073749304
