times:
  landing: 0.5539026699999852
  view-data: 0.5727616300000022
