times:
  edit-metadata: 5.520462630316615
  landing: 0.14455514587461948
  view-data: 0.38951499946415424
