times:
  edit-metadata: 1.4744206666946411
  landing: 0.9291404411196709
  view-data: 3.365760948508978
