times:
  landing: 0.5578149739999958
  view-data: 0.5666960070000187
