times:
  edit-metadata: 3.6533802920021117
  landing: 0.07848810590803623
  view-data: 0.35262101609259844
