times:
  edit-metadata: 5.633620942011476
  landing: 0.13571052439510822
  view-data: 0.4747544229030609
