times:
  edit-metadata: 2.6389547819271684
  landing: 1.3821386387571692
  view-data: 3.636841729283333
