times:
  edit-metadata: 3.5352941006422043
  landing: 0.025773963890969753
  view-data: 0.42357470840215683
