times:
  edit-metadata: 4.339861825574189
  landing: 0.07214100798591971
  view-data: 0.4274405431933701
