times:
  edit-metadata: 1.4892631080001593
  landing: 0.8734657499007881
  view-data: 3.2901703817769885
