times:
  edit-metadata: 7.8576006181538105
  landing: 1.158538719639182
  view-data: 0.8252742849290371
