times:
  edit-metadata: 3.5791075378656387
  landing: 0.019465839490294456
  view-data: 0.4100315645337105
