times:
  landing: 0.5677881679999928
  view-data: 0.5687031730000172
