times:
  edit-metadata: 2.1474845989141613
  landing: 0.05422087199985981
  view-data: 0.2858065760228783
