times:
  edit-metadata: 1.6632996541447937
  landing: 0.851761981844902
  view-data: 3.328842318151146
