times:
  edit-metadata: 4.163409168832004
  landing: 0.04755868436768651
  view-data: 0.44058228796347976
