times:
  edit-metadata: 4.226394588011317
  landing: 0.05287083800067194
  view-data: 0.4496778619941324
