times:
  edit-metadata: 2.2373867947608232
  landing: 0.9626809461042285
  view-data: 3.615289461798966
