times:
  edit-metadata: 7.0415688045322895
  landing: 0.7757134512066841
  view-data: 0.3922349978238344
