times:
  edit-metadata: 1.5945940650999546
  landing: 0.9779639281332493
  view-data: 3.430829804390669
