times:
  landing: 0.5579880559999992
  view-data: 0.05489999500002796
