times:
  edit-metadata: 3.5862603476271033
  landing: 0.021497802808880806
  view-data: 0.44374048337340355
