times:
  edit-metadata: 4.307455311995
  landing: 0.050175515934824944
  view-data: 0.5304929530248046
