times:
  edit-metadata: 1.7649541400605813
  landing: 0.8140891920775175
  view-data: 3.389088461990468
