times:
  edit-metadata: 2.323791558854282
  landing: 0.04156553838402033
  view-data: 0.2861247230321169
