times:
  edit-metadata: 2.4649274861440063
  landing: 0.05406758515164256
  view-data: 0.3116401839070022
