times:
  edit-metadata: 2.634013148956001
  landing: 0.9549696454778314
  view-data: 3.4842589758336544
