times:
  edit-metadata: 5.76158937625587
  landing: 0.13180124200880527
  view-data: 0.1323445402085781
