times:
  edit-metadata: 3.7373314490541816
  landing: 0.0204594312235713
  view-data: 0.13066943269222975
