times:
  edit-metadata: 2.551202369853854
  landing: 1.3482315819710493
  view-data: 3.487551322206855
