times:
  edit-metadata: 2.4039154713973403
  landing: 0.04350052680820227
  view-data: 0.8248394038528204
