times:
  edit-metadata: 6.423797151073813
  landing: 0.5708087608218193
  view-data: 0.3772799875587225
