times:
  landing: 0.5511166969999977
  view-data: 0.05827432099999896
