times:
  landing: 0.5555378350000524
  view-data: 0.5657130040000311
