times:
  edit-metadata: 1.6582005759701133
  landing: 0.8224012600257993
  view-data: 3.3268562629818916
