times:
  edit-metadata: 2.692650942131877
  landing: 1.5566791198216379
  view-data: 3.5894550741650164
