times:
  edit-metadata: 3.538616120815277
  landing: 0.019118966534733772
  view-data: 0.09861280675977468
