times:
  landing: 0.5497148160000052
  view-data: 0.5564367759999982
