times:
  edit-metadata: 2.395673679187894
  landing: 0.043047827668488026
  view-data: 0.331332148052752
