times:
  edit-metadata: 4.334853486157954
  landing: 0.04984826920554042
  view-data: 0.4526374298147857
