times:
  edit-metadata: 2.4932920150458813
  landing: 0.053683905862271786
  view-data: 0.3117236029356718
