times:
  edit-metadata: 3.585728450678289
  landing: 0.02072427235543728
  view-data: 0.025927976705133915
