times:
  edit-metadata: 3.9208570839837193
  landing: 0.04551105946302414
  view-data: 0.023433009162545204
