times:
  edit-metadata: 1.4411445697769523
  landing: 1.1180455926805735
  view-data: 3.6855030925944448
