times:
  edit-metadata: 4.231651736074127
  landing: 0.04727542004548013
  view-data: 0.40698312397580594
