times:
  edit-metadata: 6.556899879127741
  landing: 1.5241830609738827
  view-data: 0.5773978009819984
