times:
  landing: 0.5654866279999737
  view-data: 0.5627559339999948
