times:
  landing: 1.0705917579999777
  view-data: 0.555558456999961
