times:
  edit-metadata: 7.786773758009076
  landing: 0.16915422305464745
  view-data: 0.4418069515377283
