times:
  edit-metadata: 1.5901652425527573
  landing: 0.8236753838136792
  view-data: 3.390296728350222
