times:
  edit-metadata: 1.5853564031422138
  landing: 1.0988638363778591
  view-data: 3.3728106804192066
