times:
  edit-metadata: 2.240743914153427
  landing: 0.05281527806073427
  view-data: 0.28200547210872173
