times:
  edit-metadata: 1.4971044841222465
  landing: 0.8547503489535302
  view-data: 3.3973164139315486
