times:
  edit-metadata: 4.42279314622283
  landing: 0.52947211638093
  view-data: 0.274897089228034
