times:
  edit-metadata: 2.2899976931512356
  landing: 0.0414821719750762
  view-data: 0.2864553998224437
