times:
  edit-metadata: 1.5006455201655626
  landing: 1.1164431418292224
  view-data: 3.333294773939997
