times:
  edit-metadata: 1.6024543158710003
  landing: 1.0331377759575844
  view-data: 3.40510743111372
