times:
  edit-metadata: 5.751949992030859
  landing: 0.018425803631544113
  view-data: 0.46080152690410614
