times:
  edit-metadata: 6.693669818341732
  landing: 1.2388552408665419
  view-data: 0.381162092089653
