times:
  edit-metadata: 1.718890680000186
  landing: 0.9212157409638166
  view-data: 3.33142557926476
