times:
  edit-metadata: 2.3338221218436956
  landing: 0.04518072912469506
  view-data: 0.2940010498277843
