times:
  edit-metadata: 3.3355281300027855
  landing: 0.08783784799743444
  view-data: 0.3472082049702294
