times:
  edit-metadata: 2.6335660309996456
  landing: 0.0692034971434623
  view-data: 0.2867339919321239
