times:
  edit-metadata: 1.4753551632165909
  landing: 0.9026954807341099
  view-data: 3.273746807128191
