times:
  edit-metadata: 2.8602620074525476
  landing: 1.6774866981431842
  view-data: 3.682591473683715
