times:
  edit-metadata: 3.5244233049452305
  landing: 0.02085302211344242
  view-data: 0.023939472623169422
