times:
  edit-metadata: 1.5705053489655256
  landing: 0.8885207641869783
  view-data: 3.317243881523609
