times:
  edit-metadata: 6.206967128440738
  landing: 1.2664254568517208
  view-data: 0.49764350801706314
