times:
  edit-metadata: 1.380708427168429
  landing: 0.9617869006469846
  view-data: 3.372864792123437
