times:
  edit-metadata: 3.573800081387162
  landing: 0.01875984761863947
  view-data: 0.025273317471146584
