times:
  edit-metadata: 4.372549423016608
  landing: 0.07486201915889978
  view-data: 0.4175965138711035
