times:
  edit-metadata: 6.705523006618023
  landing: 0.10322012007236481
  view-data: 0.3719956800341606
