times:
  edit-metadata: 3.4427300123497844
  landing: 0.12705267127603292
  view-data: 0.1377293523401022
