times:
  edit-metadata: 2.326534485910088
  landing: 0.047601264202967286
  view-data: 0.28494146186858416
