times:
  edit-metadata: 2.257245454005897
  landing: 0.047150657046586275
  view-data: 0.30351116112433374
