times:
  edit-metadata: 2.4560188949108124
  landing: 0.046991460025310516
  view-data: 0.29106799187138677
