times:
  edit-metadata: 6.105917992070317
  landing: 0.15041589736938477
  view-data: 0.40093748085200787
