times:
  edit-metadata: 6.389259984716773
  landing: 1.26909095980227
  view-data: 0.7669115364551544
