times:
  edit-metadata: 3.478150657378137
  landing: 0.019501158967614174
  view-data: 0.46191818453371525
