times:
  edit-metadata: 3.5388076305389404
  landing: 0.018792854622006416
  view-data: 0.12387208081781864
