times:
  edit-metadata: 3.5181759232655168
  landing: 0.018259438686072826
  view-data: 0.4792872043326497
