times:
  edit-metadata: 6.847691796720028
  landing: 0.2655241172760725
  view-data: 0.1728371661156416
