times:
  edit-metadata: 1.5520424526184797
  landing: 0.8153471890836954
  view-data: 3.300560476258397
