times:
  edit-metadata: 2.108307033777237
  landing: 1.40948536247015
  view-data: 3.3748848401010036
