times:
  edit-metadata: 2.220365849789232
  landing: 0.045255639124661684
  view-data: 0.2791145769879222
