times:
  edit-metadata: 2.6688874550163746
  landing: 1.6818081689998507
  view-data: 3.7414603596553206
