times:
  edit-metadata: 4.25755220791325
  landing: 0.0704310811124742
  view-data: 0.5481472709216177
