times:
  landing: 1.1342047370000046
  view-data: 0.5558281899999997
