times:
  edit-metadata: 4.469096031039953
  landing: 3.1796065866947174
  view-data: 0.5117151401937008
