times:
  edit-metadata: 3.50204758066684
  landing: 0.19254465214908123
  view-data: 0.12558475974947214
