times:
  landing: 0.5564577210000152
  view-data: 0.5620042930000011
