times:
  edit-metadata: 4.370015352964401
  landing: 0.0703266269993037
  view-data: 0.45305260398890823
