times:
  edit-metadata: 7.085584556683898
  landing: 0.04431631602346897
  view-data: 0.39226611889898777
