times:
  edit-metadata: 5.468552196398377
  landing: 0.022810036316514015
  view-data: 0.21374547481536865
