times:
  edit-metadata: 3.7131750769913197
  landing: 0.11822655331343412
  view-data: 0.11468774359673262
