times:
  edit-metadata: 3.5234651397913694
  landing: 0.020991019904613495
  view-data: 0.026250104419887066
