times:
  landing: 1.0717822020000085
  view-data: 0.564922695000007
