times:
  edit-metadata: 4.261740552959964
  landing: 0.04841983108781278
  view-data: 0.44756494695320725
