times:
  edit-metadata: 2.279307350050658
  landing: 0.043283361941576004
  view-data: 0.28154581296257675
