times:
  edit-metadata: 5.555222045630217
  landing: 0.1607985720038414
  view-data: 0.025462087243795395
