times:
  landing: 0.5775822580000067
  view-data: 0.5562002570000004
