times:
  edit-metadata: 5.935849986970425
  landing: 0.050393011420965195
  view-data: 0.3478209748864174
