times:
  edit-metadata: 4.411862869048491
  landing: 0.07450820098165423
  view-data: 0.44974723795894533
