times:
  edit-metadata: 6.018081173300743
  landing: 0.046730414032936096
  view-data: 0.3471193052828312
