times:
  edit-metadata: 7.107582371681929
  landing: 0.7793384622782469
  view-data: 0.492327943444252
