times:
  edit-metadata: 6.153363108634949
  landing: 0.05390981212258339
  view-data: 0.3575716055929661
