times:
  edit-metadata: 1.4506796672940254
  landing: 1.0406628111377358
  view-data: 0.6843080362305045
