times:
  edit-metadata: 1.6455362364649773
  landing: 1.2559417709708214
  view-data: 3.343345534056425
