times:
  edit-metadata: 5.784406336024404
  landing: 0.021266479045152664
  view-data: 0.024094736203551292
