times:
  edit-metadata: 1.6542478268966079
  landing: 1.18851438164711
  view-data: 3.297814858146012
