times:
  edit-metadata: 2.311535133048892
  landing: 0.04338234709575772
  view-data: 0.30711862118914723
