times:
  edit-metadata: 3.581468808464706
  landing: 0.12015043664723635
  view-data: 0.23252791445702314
