times:
  edit-metadata: 6.655563963577151
  landing: 0.6471626106649637
  view-data: 0.47494861483573914
