times:
  edit-metadata: 2.322804657742381
  landing: 0.8776591625064611
  view-data: 3.5221869628876448
