times:
  edit-metadata: 2.344636051915586
  landing: 0.04285060102120042
  view-data: 0.302574435248971
