times:
  edit-metadata: 1.950704775750637
  landing: 1.2762698344886303
  view-data: 3.3662651777267456
