times:
  edit-metadata: 2.3154821158386767
  landing: 0.05216106120496988
  view-data: 0.2863469929434359
