times:
  edit-metadata: 3.831191673874855
  landing: 0.14100431092083454
  view-data: 0.4635770060122013
