times:
  edit-metadata: 1.6039975825697184
  landing: 0.9181419368833303
  view-data: 3.4077470991760492
