times:
  edit-metadata: 6.14454529248178
  landing: 0.570168724283576
  view-data: 0.7515431810170412
