times:
  edit-metadata: 4.267262841000047
  landing: 0.04487635799887357
  view-data: 0.6156705530011095
