times:
  edit-metadata: 1.454466987401247
  landing: 0.9151147268712521
  view-data: 3.4306103587150574
