times:
  edit-metadata: 6.589864538982511
  landing: 2.1446042507886887
  view-data: 0.784252343699336
