times:
  edit-metadata: 5.998175252228975
  landing: 0.05750376731157303
  view-data: 0.3487994559109211
