times:
  edit-metadata: 1.8309627249836922
  landing: 1.051262800116092
  view-data: 3.3321724869310856
