times:
  landing: 0.5558568239999886
  view-data: 0.5599701269999855
