times:
  edit-metadata: 5.072950141970068
  landing: 0.06968647101894021
  view-data: 0.6505869422107935
