times:
  edit-metadata: 6.749705677852035
  landing: 0.5260342843830585
  view-data: 0.36913833394646645
