times:
  edit-metadata: 6.250878293067217
  landing: 0.6272307764738798
  view-data: 0.49072115309536457
