times:
  edit-metadata: 4.711108549963683
  landing: 0.08361352898646146
  view-data: 0.5186531739891507
