times:
  edit-metadata: 4.239794317865744
  landing: 0.07588374009355903
  view-data: 0.4279956959653646
