times:
  edit-metadata: 4.324835827574134
  landing: 0.5714037008583546
  view-data: 0.29569794423878193
