times:
  edit-metadata: 4.640171363949776
  landing: 0.9340086281299591
  view-data: 0.3859897404909134
