times:
  edit-metadata: 1.5238997228443623
  landing: 0.8790340945124626
  view-data: 3.309565808624029
