times:
  edit-metadata: 4.840096007101238
  landing: 0.0714704948477447
  view-data: 0.6068343548104167
