times:
  edit-metadata: 2.2635518540628254
  landing: 0.048245140351355076
  view-data: 0.27081108605489135
