times:
  landing: 1.1173845429999574
  view-data: 0.5569586170000207
