times:
  edit-metadata: 4.2989213690161705
  landing: 0.07842363510280848
  view-data: 0.5555215589702129
