times:
  edit-metadata: 6.484037896618247
  landing: 0.6721131950616837
  view-data: 0.38300251960754395
