times:
  edit-metadata: 2.2658584390301257
  landing: 0.049247843911871314
  view-data: 0.29348349780775607
