times:
  landing: 0.5505768520000061
  view-data: 0.5629427389999933
