times:
  edit-metadata: 4.266071182209998
  landing: 0.07864792505279183
  view-data: 0.5734064220450819
