times:
  landing: 1.0910101099999565
  view-data: 0.5587037219999615
