times:
  edit-metadata: 6.4741272665560246
  landing: 1.120008148252964
  view-data: 0.7670776359736919
