times:
  edit-metadata: 3.5083169396966696
  landing: 0.01950720325112343
  view-data: 0.4900207547470927
