times:
  edit-metadata: 2.442082663066685
  landing: 0.04583959886804223
  view-data: 0.2952498598024249
