times:
  edit-metadata: 4.218922359999851
  landing: 0.060038614999939455
  view-data: 0.4543428610004412
