times:
  edit-metadata: 2.312103950884193
  landing: 0.052546216174960136
  view-data: 0.2845453987829387
