times:
  edit-metadata: 3.530643802136183
  landing: 0.11946617066860199
  view-data: 0.12200168892741203
