times:
  edit-metadata: 2.1784474280138966
  landing: 0.06082797300769016
  view-data: 0.2895197389880195
