times:
  edit-metadata: 2.3291062489151955
  landing: 0.049559862818568945
  view-data: 0.28730840189382434
