times:
  edit-metadata: 2.481254993006587
  landing: 0.04716014303267002
  view-data: 0.30007929215207696
