times:
  edit-metadata: 4.193856296013109
  landing: 0.045983819058164954
  view-data: 0.48817719297949225
