times:
  edit-metadata: 1.5000419802963734
  landing: 1.0575050041079521
  view-data: 3.343240786343813
