times:
  edit-metadata: 5.88981968909502
  landing: 0.05010601505637169
  view-data: 0.352939423173666
