times:
  edit-metadata: 1.8083554096519947
  landing: 0.975848101079464
  view-data: 3.324922390282154
