times:
  edit-metadata: 1.4235278144478798
  landing: 1.0631302632391453
  view-data: 3.3829887956380844
