times:
  landing: 0.549795161999981
  view-data: 0.5560488229999976
