times:
  edit-metadata: 4.256269269972108
  landing: 0.0627278609899804
  view-data: 0.47276393498759717
