times:
  edit-metadata: 4.57228060811758
  landing: 0.6794267110526562
  view-data: 0.3002264965325594
