times:
  edit-metadata: 6.804360004141927
  landing: 0.3300675246864557
  view-data: 0.5217381678521633
