times:
  edit-metadata: 2.1917814769549295
  landing: 0.050436289049685
  view-data: 0.28743053309153765
