times:
  edit-metadata: 2.339230116456747
  landing: 1.263921894133091
  view-data: 3.610230131074786
