times:
  edit-metadata: 1.8378493810305372
  landing: 1.2172252170275897
  view-data: 3.367846645996906
