times:
  landing: 0.5586265109999999
  view-data: 0.5615673909999828
