times:
  edit-metadata: 2.2043167329393327
  landing: 0.05049389600753784
  view-data: 0.2823620969429612
