times:
  edit-metadata: 1.6182266883552074
  landing: 0.794973174110055
  view-data: 3.321025926619768
