times:
  landing: 0.5527045019999832
  view-data: 0.5560158209999599
