times:
  edit-metadata: 5.375730799045414
  landing: 0.04266885621473193
  view-data: 0.5230784099549055
