times:
  edit-metadata: 6.45713884010911
  landing: 0.5830312240868807
  view-data: 0.7826311718672514
