times:
  landing: 0.548897248000003
  view-data: 0.5686792149999746
