times:
  landing: 0.5509478889999855
  view-data: 0.5626659300000938
