times:
  edit-metadata: 1.7784591279923916
  landing: 1.2878174260258675
  view-data: 3.587449125945568
