times:
  edit-metadata: 1.678608937188983
  landing: 0.8826622813940048
  view-data: 3.3499623741954565
