times:
  edit-metadata: 2.7327161207795143
  landing: 1.4787052385509014
  view-data: 3.377952564507723
