times:
  landing: 1.0721383449999848
  view-data: 0.558720328999982
