times:
  edit-metadata: 4.282341913029086
  landing: 0.06850632396526635
  view-data: 0.431481517967768
