times:
  landing: 1.071706273000018
  view-data: 0.5502054049999856
