times:
  landing: 1.0673038079999628
  view-data: 0.5833138689999942
