times:
  edit-metadata: 1.5106751397252083
  landing: 0.960866023786366
  view-data: 3.366392470896244
