times:
  edit-metadata: 6.392511235550046
  landing: 0.6939147524535656
  view-data: 0.40629672445356846
