times:
  edit-metadata: 3.1852638348937035
  landing: 2.1575392112135887
  view-data: 3.5123241171240807
