times:
  edit-metadata: 6.395122893154621
  landing: 0.02212521620094776
  view-data: 0.46691800840198994
