times:
  edit-metadata: 2.2818948072381318
  landing: 1.211480835918337
  view-data: 3.4434530469588935
