times:
  edit-metadata: 1.5892766900360584
  landing: 1.0431262254714966
  view-data: 3.3322905898094177
