times:
  edit-metadata: 5.565645137801766
  landing: 0.01947084814310074
  view-data: 0.022176744416356087
