times:
  edit-metadata: 5.563178429380059
  landing: 0.021138086915016174
  view-data: 0.02346380427479744
