times:
  edit-metadata: 3.5287232073023915
  landing: 0.020953088998794556
  view-data: 0.12187008839100599
