times:
  edit-metadata: 6.501079887151718
  landing: 1.1953585352748632
  view-data: 0.7729467172175646
