times:
  edit-metadata: 1.522600457072258
  landing: 0.8827306888997555
  view-data: 3.279242403805256
