times:
  edit-metadata: 4.236117166932672
  landing: 0.06594433728605509
  view-data: 0.4371127379126847
