times:
  edit-metadata: 6.166758920997381
  landing: 0.17246278934180737
  view-data: 0.023550963029265404
