times:
  landing: 1.7937960200943053
  view-data: 0.03154715383425355
