times:
  edit-metadata: 1.579978995025158
  landing: 0.7928723748773336
  view-data: 3.2613609191030264
