times:
  landing: 0.5545353240000281
  view-data: 0.5631472030000282
