times:
  edit-metadata: 4.294819008093327
  landing: 0.05648036301136017
  view-data: 0.49452780187129974
