times:
  edit-metadata: 2.480828468222171
  landing: 0.05111186392605305
  view-data: 0.2998327580280602
