times:
  landing: 1.0743091800000002
  view-data: 0.5572842259999788
