times:
  edit-metadata: 2.995259501039982
  landing: 0.07607430219650269
  view-data: 0.3426310229115188
