times:
  edit-metadata: 2.251367053948343
  landing: 0.04917492251843214
  view-data: 0.29473394993692636
