times:
  edit-metadata: 1.5811144299805164
  landing: 1.113616868853569
  view-data: 3.3059941194951534
