times:
  edit-metadata: 2.4715367760509253
  landing: 0.04325778828933835
  view-data: 0.2911518379114568
