times:
  edit-metadata: 6.282875111326575
  landing: 0.7591786533594131
  view-data: 0.46765497140586376
