times:
  landing: 0.5502903539999977
  view-data: 0.5601503340000136
