times:
  landing: 1.0614312410000082
  view-data: 0.5507349370000156
