times:
  edit-metadata: 2.3334516319446266
  landing: 0.05096890823915601
  view-data: 0.29120673472061753
