times:
  edit-metadata: 1.599936192855239
  landing: 0.9218010045588017
  view-data: 3.3251710515469313
