times:
  landing: 0.5469932919999678
  view-data: 0.553361467000002
