times:
  edit-metadata: 1.546198308467865
  landing: 0.8760354742407799
  view-data: 3.3184127174317837
