times:
  edit-metadata: 1.5756004322320223
  landing: 0.9340000618249178
  view-data: 3.364088175818324
