times:
  edit-metadata: 2.635780520737171
  landing: 0.0454201390966773
  view-data: 0.3468929994851351
