times:
  edit-metadata: 2.302596556954086
  landing: 0.05166863789781928
  view-data: 0.28209179313853383
