times:
  edit-metadata: 5.679055005311966
  landing: 0.02276093326508999
  view-data: 0.025295555591583252
