times:
  edit-metadata: 5.527785545215011
  landing: 0.018921008333563805
  view-data: 0.024490540847182274
