times:
  edit-metadata: 3.586617501452565
  landing: 0.17932274844497442
  view-data: 0.02457241714000702
