times:
  landing: 0.5816537729999709
  view-data: 0.5570522180000239
