times:
  edit-metadata: 3.508755909278989
  landing: 0.01960510667413473
  view-data: 0.11777699086815119
