times:
  edit-metadata: 6.598388301208615
  landing: 1.201487261801958
  view-data: 0.4794816467911005
