times:
  edit-metadata: 6.7836749907583
  landing: 1.1052761990576982
  view-data: 0.7974414099007845
