times:
  edit-metadata: 4.2470978400087915
  landing: 0.06917288800468668
  view-data: 0.692266007012222
