times:
  landing: 1.1494442979999917
  view-data: 0.5587367139999628
