times:
  edit-metadata: 3.580338994972408
  landing: 0.019739425741136074
  view-data: 0.1193531733006239
