times:
  edit-metadata: 6.429836627095938
  landing: 1.8140892423689365
  view-data: 1.3047986943274736
