times:
  edit-metadata: 1.5785874482244253
  landing: 0.9206943586468697
  view-data: 3.4614061806350946
