times:
  edit-metadata: 1.625270288437605
  landing: 0.9549354240298271
  view-data: 3.3670087456703186
