times:
  edit-metadata: 2.485158422961831
  landing: 0.0629615942016244
  view-data: 0.30503551522269845
