times:
  edit-metadata: 3.5150743536651134
  landing: 0.045037439092993736
  view-data: 0.13846246525645256
