times:
  edit-metadata: 3.510780836455524
  landing: 0.11718939989805222
  view-data: 0.11881086137145758
