times:
  edit-metadata: 2.1813624090282246
  landing: 0.041542606020811945
  view-data: 0.2908424849738367
