times:
  edit-metadata: 4.3596049069892615
  landing: 0.0774369880091399
  view-data: 0.44908280100207776
