times:
  edit-metadata: 1.8859320096671581
  landing: 0.9995761178433895
  view-data: 3.298332594335079
