times:
  edit-metadata: 6.036302465945482
  landing: 0.05165370926260948
  view-data: 0.3557435907423496
