times:
  landing: 0.5444800090000399
  view-data: 0.5528627459999598
