times:
  edit-metadata: 2.098610393702984
  landing: 1.3580728024244308
  view-data: 3.306385001167655
