times:
  landing: 1.1004395010000962
  view-data: 0.5566229759999715
