times:
  edit-metadata: 2.48771825293079
  landing: 0.042434894014149904
  view-data: 0.2910530031658709
