times:
  edit-metadata: 1.5711614526808262
  landing: 0.9151878990232944
  view-data: 3.3465952910482883
