times:
  edit-metadata: 3.580215317197144
  landing: 0.02232565451413393
  view-data: 0.022326898761093616
