times:
  edit-metadata: 2.166706413961947
  landing: 0.04001682496163994
  view-data: 0.27582146506756544
