times:
  edit-metadata: 1.5097506009042263
  landing: 0.8267586340662092
  view-data: 3.3145968730095774
