times:
  edit-metadata: 2.365786839276552
  landing: 0.044670162722468376
  view-data: 0.2860328550450504
