times:
  edit-metadata: 2.3624579859897494
  landing: 0.04314391687512398
  view-data: 0.48353690188378096
