times:
  edit-metadata: 4.2674294780008495
  landing: 0.04938234799919883
  view-data: 0.499480760001461
