times:
  edit-metadata: 6.6201411206275225
  landing: 0.8735292721539736
  view-data: 0.47242545522749424
