times:
  edit-metadata: 6.373551208525896
  landing: 0.02139454148709774
  view-data: 0.4086626395583153
