times:
  edit-metadata: 2.177374640945345
  landing: 0.050495183968450874
  view-data: 0.28520494198892266
