times:
  edit-metadata: 1.6137378476560116
  landing: 0.842354191467166
  view-data: 3.349626699462533
