times:
  edit-metadata: 2.2828853470273316
  landing: 0.04329640092328191
  view-data: 0.28339780401438475
