times:
  landing: 1.0828907940000363
  view-data: 0.5594104130000233
