times:
  edit-metadata: 1.4534722045063972
  landing: 0.9329531323164701
  view-data: 3.322231225669384
