times:
  edit-metadata: 1.5825736746191978
  landing: 0.8477468565106392
  view-data: 3.3800442032516003
