times:
  edit-metadata: 6.58862722478807
  landing: 1.5134437084197998
  view-data: 0.9494184106588364
