times:
  edit-metadata: 5.523385098204017
  landing: 0.2124051619321108
  view-data: 0.38515747524797916
