times:
  edit-metadata: 3.6233942806720734
  landing: 0.020231202244758606
  view-data: 0.12038872204720974
