times:
  edit-metadata: 5.561163118109107
  landing: 0.08612091513350606
  view-data: 0.6255053910426795
