times:
  edit-metadata: 1.4023915480356663
  landing: 0.833997281966731
  view-data: 3.2779438509605825
