times:
  landing: 0.5531315279999944
  view-data: 0.5567637899999909
