times:
  edit-metadata: 6.265583345666528
  landing: 0.26116539165377617
  view-data: 0.1867791023105383
