times:
  edit-metadata: 5.786610126495361
  landing: 0.19201134517788887
  view-data: 0.5193977411836386
