times:
  edit-metadata: 2.3351768138818443
  landing: 0.04635129915550351
  view-data: 0.29080179799348116
