times:
  edit-metadata: 2.252038076054305
  landing: 0.05318312393501401
  view-data: 0.28851853776723146
