times:
  landing: 1.6472225780000258
  view-data: 0.5650394560000223
