times:
  edit-metadata: 6.633640659973025
  landing: 1.1009221822023392
  view-data: 0.780970161780715
