times:
  edit-metadata: 6.430337520316243
  landing: 0.5824012532830238
  view-data: 0.761965736746788
