times:
  edit-metadata: 2.201053548953496
  landing: 0.05345848703291267
  view-data: 0.2689942059805617
