times:
  edit-metadata: 6.504359751939774
  landing: 0.7183793447911739
  view-data: 0.437425235286355
