times:
  edit-metadata: 6.305648237466812
  landing: 0.6176788993179798
  view-data: 0.4378997813910246
