times:
  landing: 0.5584616909999909
  view-data: 0.557544235000023
