times:
  edit-metadata: 1.587506134994328
  landing: 0.9128227699548006
  view-data: 3.3845857633277774
