times:
  edit-metadata: 4.243782463949174
  landing: 0.04752623289823532
  view-data: 0.4449780809227377
