times:
  edit-metadata: 3.500226905569434
  landing: 0.12580121401697397
  view-data: 0.02568485587835312
