times:
  edit-metadata: 1.617650309111923
  landing: 0.9488807409070432
  view-data: 3.4279845741111785
