times:
  landing: 1.0768285610000135
  view-data: 0.5542139549999945
