times:
  edit-metadata: 1.5964558105915785
  landing: 0.9413341488689184
  view-data: 3.3218062669038773
