times:
  edit-metadata: 1.497502526268363
  landing: 0.8075497895479202
  view-data: 3.3719791434705257
