times:
  landing: 1.0653422689999843
  view-data: 1.0859536920000323
