times:
  edit-metadata: 3.706978498958051
  landing: 0.13143346272408962
  view-data: 0.13076091557741165
