times:
  edit-metadata: 4.611173691228032
  landing: 0.759620176628232
  view-data: 0.3133362028747797
