times:
  landing: 1.0861004319999665
  view-data: 0.5610344469999973
