times:
  landing: 1.0763342249999823
  view-data: 0.5720516869999983
