times:
  landing: 1.10035345
  view-data: 0.5558550360000254
