times:
  edit-metadata: 2.3833256834186614
  landing: 0.04753443179652095
  view-data: 0.31156641989946365
