times:
  landing: 0.5469401789999893
  view-data: 0.565731239999991
