times:
  edit-metadata: 4.224072305019945
  landing: 0.07785068801604211
  view-data: 0.5764240501448512
