times:
  landing: 0.5442168129999914
  view-data: 0.5555432339999982
