times:
  edit-metadata: 2.4763377802446485
  landing: 0.048558712005615234
  view-data: 0.43001710157841444
