times:
  edit-metadata: 5.933441640809178
  landing: 0.022715551778674126
  view-data: 0.4307045843452215
