times:
  edit-metadata: 2.717722504865378
  landing: 0.08394677611067891
  view-data: 0.30903999973088503
