times:
  edit-metadata: 3.563872675411403
  landing: 0.01833305973559618
  view-data: 0.09732532035559416
