times:
  landing: 0.5433776320000163
  view-data: 0.5519478479999975
