times:
  edit-metadata: 4.210697722970508
  landing: 0.0442605729913339
  view-data: 0.41677490901201963
