times:
  edit-metadata: 6.296376388520002
  landing: 0.6774617917835712
  view-data: 0.5247480552643538
