times:
  edit-metadata: 2.125030100927688
  landing: 0.04936568299308419
  view-data: 0.2944402499124408
