times:
  edit-metadata: 1.5587372463196516
  landing: 0.9389195684343576
  view-data: 3.4552129358053207
