times:
  edit-metadata: 3.5084609081968665
  landing: 0.1992034213617444
  view-data: 0.022958838380873203
