times:
  edit-metadata: 1.420312836766243
  landing: 0.9981681369245052
  view-data: 3.281043369323015
