times:
  edit-metadata: 5.413323251530528
  landing: 0.0212553683668375
  view-data: 0.024245088919997215
