times:
  edit-metadata: 2.3107130667194724
  landing: 0.04388080211356282
  view-data: 0.29515978693962097
