times:
  edit-metadata: 3.527218196541071
  landing: 0.02342930994927883
  view-data: 0.023778940550982952
