times:
  edit-metadata: 2.159774488012772
  landing: 0.053443027019966394
  view-data: 0.2912964319693856
