times:
  landing: 1.094093789999988
  view-data: 0.5854552769999941
