times:
  landing: 0.549835110999993
  view-data: 0.5628667959999802
