times:
  edit-metadata: 1.519078030018136
  landing: 0.7787948340410367
  view-data: 3.306095944950357
