times:
  edit-metadata: 2.031695293262601
  landing: 1.059962609782815
  view-data: 3.3414820302277803
