times:
  edit-metadata: 5.244346490013413
  landing: 0.13590960204601288
  view-data: 0.7559444159269333
