times:
  edit-metadata: 1.5236572022549808
  landing: 0.8242501141503453
  view-data: 3.423456165008247
