times:
  edit-metadata: 1.4421296436339617
  landing: 0.9352566674351692
  view-data: 3.3492903858423233
