times:
  edit-metadata: 1.6147443633526564
  landing: 0.9392921701073647
  view-data: 3.3525889609009027
