times:
  edit-metadata: 2.258919828105718
  landing: 0.04795020027086139
  view-data: 0.28182708378881216
