times:
  landing: 1.588118670999961
  view-data: 0.5550772770000094
