times:
  edit-metadata: 2.331073574954644
  landing: 0.0566279930062592
  view-data: 0.27710367389954627
