times:
  edit-metadata: 3.509226741269231
  landing: 0.020169120281934738
  view-data: 0.02583193127065897
