times:
  landing: 0.5727785659999824
  view-data: 0.5612704859999837
