times:
  edit-metadata: 4.229566671012435
  landing: 0.06711015198379755
  view-data: 0.4485046199988574
