times:
  edit-metadata: 2.412326917052269
  landing: 0.0493448693305254
  view-data: 0.3162185847759247
