times:
  edit-metadata: 6.066901136189699
  landing: 0.05552017316222191
  view-data: 0.3474811799824238
