times:
  edit-metadata: 5.551992494612932
  landing: 0.021946920081973076
  view-data: 0.027662625536322594
