times:
  edit-metadata: 1.7023441549390554
  landing: 0.9793024770915508
  view-data: 3.4609103221446276
