times:
  edit-metadata: 4.279009316000156
  landing: 0.07178765197750181
  view-data: 0.5647565120016225
