times:
  edit-metadata: 5.669308919459581
  landing: 0.1976502351462841
  view-data: 0.0266589242964983
