times:
  landing: 1.6842503193765879
  view-data: 1.128082636743784
