times:
  edit-metadata: 5.042412561364472
  landing: 0.0522623248398304
  view-data: 0.41378007596358657
