times:
  edit-metadata: 1.5520055387169123
  landing: 0.854880403727293
  view-data: 3.459231151267886
