times:
  edit-metadata: 4.415010392665863
  landing: 1.0129337515681982
  view-data: 0.5410238169133663
