times:
  edit-metadata: 2.480427778325975
  landing: 0.045240466482937336
  view-data: 0.30686582904309034
