times:
  edit-metadata: 1.6475140415132046
  landing: 1.196948066353798
  view-data: 3.3297709487378597
