times:
  edit-metadata: 1.7129700686782598
  landing: 1.1332348850555718
  view-data: 3.3361770980991423
