times:
  edit-metadata: 3.596980213187635
  landing: 0.019914221949875355
  view-data: 0.02532262448221445
