times:
  edit-metadata: 2.3783462159335613
  landing: 0.05017950804904103
  view-data: 0.2855774722993374
