times:
  landing: 1.102445117000002
  view-data: 0.5711562829999934
