times:
  edit-metadata: 6.398731678724289
  landing: 0.6654380783438683
  view-data: 0.3922563102096319
