times:
  edit-metadata: 3.52902545966208
  landing: 0.020524585619568825
  view-data: 0.43618685752153397
