times:
  edit-metadata: 4.31519837025553
  landing: 0.04616305697709322
  view-data: 0.49584966292604804
