times:
  edit-metadata: 2.133783955127001
  landing: 1.5103945396840572
  view-data: 3.5377983190119267
