times:
  edit-metadata: 2.4626239957287908
  landing: 0.04830626305192709
  view-data: 0.30764109268784523
