times:
  edit-metadata: 1.5790605787187815
  landing: 0.9505495307967067
  view-data: 3.257819543592632
