times:
  edit-metadata: 6.279344893991947
  landing: 0.05377399921417236
  view-data: 0.3670087307691574
