times:
  landing: 0.549225760000013
  view-data: 0.5565966849999882
