times:
  edit-metadata: 2.317553309723735
  landing: 0.04297359986230731
  view-data: 0.2791572632268071
