times:
  edit-metadata: 1.6814998481422663
  landing: 1.151717273518443
  view-data: 3.353776602074504
