times:
  landing: 0.5533720120000112
  view-data: 0.5554793430000018
