times:
  edit-metadata: 6.5545814745128155
  landing: 0.5183321125805378
  view-data: 0.3699254281818867
