times:
  edit-metadata: 2.5313872109982185
  landing: 0.0614851179998368
  view-data: 0.2974334769533016
