times:
  landing: 0.5564097249998667
  view-data: 0.5593330390001938
