times:
  edit-metadata: 1.4732474237680435
  landing: 0.9761676713824272
  view-data: 3.3429372422397137
