times:
  edit-metadata: 3.6151711409911513
  landing: 0.24164130818098783
  view-data: 0.025932191871106625
