times:
  landing: 0.5415936440000166
  view-data: 0.5457832900000028
