times:
  landing: 0.5416801439999972
  view-data: 0.5528126760000021
