times:
  landing: 0.5539184750000459
  view-data: 0.560194120999995
