times:
  edit-metadata: 5.663600958883762
  landing: 0.02021135576069355
  view-data: 0.3421457279473543
