times:
  edit-metadata: 2.2974409298039973
  landing: 0.052637238055467606
  view-data: 0.2938895830884576
