times:
  edit-metadata: 5.7935205989997485
  landing: 0.0556413629965391
  view-data: 0.3480565830031992
