times:
  edit-metadata: 4.296662108972669
  landing: 0.04961691377684474
  view-data: 0.6241845032200217
