times:
  edit-metadata: 3.466899053193629
  landing: 0.02263830602169037
  view-data: 0.02606137841939926
