times:
  landing: 1.0759444100000053
  view-data: 0.5733288449999918
