times:
  edit-metadata: 1.424472726881504
  landing: 0.9882707595825195
  view-data: 3.2757569290697575
