times:
  edit-metadata: 4.2521042639855295
  landing: 0.07490148697979748
  view-data: 0.4298535259440541
