times:
  edit-metadata: 6.752622660249472
  landing: 0.18481221795082092
  view-data: 0.4460893850773573
