times:
  edit-metadata: 4.278984375996515
  landing: 0.05136578297242522
  view-data: 0.5541023991536349
