times:
  edit-metadata: 4.252107942011207
  landing: 0.07722238695714623
  view-data: 0.43027060001622885
