times:
  landing: 0.5515770290000148
  view-data: 0.5523843020000072
