times:
  edit-metadata: 6.044290043413639
  landing: 0.05070684850215912
  view-data: 0.3650715984404087
