times:
  edit-metadata: 1.5154283232986927
  landing: 1.0473124515265226
  view-data: 3.4115443341434
