times:
  edit-metadata: 1.4405383663251996
  landing: 0.8158266479149461
  view-data: 3.35903524979949
