times:
  edit-metadata: 3.6896630553528666
  landing: 0.020920712500810623
  view-data: 0.23284604959189892
