times:
  landing: 0.5531716549999999
  view-data: 0.05885744700000828
