times:
  edit-metadata: 4.974776262883097
  landing: 0.046778017189353704
  view-data: 0.5276099038310349
