times:
  edit-metadata: 6.195811424404383
  landing: 0.24511912278831005
  view-data: 0.29950291104614735
