times:
  edit-metadata: 6.708078203722835
  landing: 0.9707700200378895
  view-data: 0.6160373967140913
