times:
  landing: 1.0732634350000012
  view-data: 0.5707374770000229
