times:
  edit-metadata: 4.23989771399647
  landing: 0.07864578696899116
  view-data: 0.5323669438948855
