times:
  edit-metadata: 3.6250449530780315
  landing: 0.021924049593508244
  view-data: 0.2688623983412981
