times:
  edit-metadata: 1.5389109887182713
  landing: 0.9385997876524925
  view-data: 3.3671697713434696
