times:
  edit-metadata: 2.488224657252431
  landing: 0.0468265637755394
  view-data: 0.35040205623954535
