times:
  edit-metadata: 1.5244478061795235
  landing: 1.0140280183404684
  view-data: 3.421845838893205
