times:
  edit-metadata: 3.5337819289416075
  landing: 0.019588040187954903
  view-data: 0.13141840882599354
