times:
  edit-metadata: 1.506886685732752
  landing: 0.8586771939881146
  view-data: 3.409133348148316
