times:
  edit-metadata: 3.574235053732991
  landing: 0.018332449719309807
  view-data: 0.02408606931567192
