times:
  edit-metadata: 2.1197200400056317
  landing: 0.0450220099883154
  view-data: 0.2666751970537007
