times:
  edit-metadata: 2.127633554977365
  landing: 0.0555330750066787
  view-data: 0.2750608850037679
