times:
  landing: 0.5507306720000997
  view-data: 0.5512130719999959
