times:
  edit-metadata: 4.482528692111373
  landing: 0.722491841763258
  view-data: 0.2881987765431404
