times:
  edit-metadata: 5.647746982052922
  landing: 0.11142659187316895
  view-data: 0.14116611704230309
