times:
  edit-metadata: 4.254440623801202
  landing: 0.08045018906705081
  view-data: 0.4248489160090685
