times:
  edit-metadata: 5.968923673997779
  landing: 0.04584938800326199
  view-data: 0.34664631900159293
