times:
  edit-metadata: 1.4929532781243324
  landing: 0.9402351193130016
  view-data: 3.306362770497799
