times:
  edit-metadata: 5.924231983721256
  landing: 0.05484277382493019
  view-data: 0.356547974050045
