times:
  landing: 1.0695257890000107
  view-data: 0.5695137770000542
