times:
  edit-metadata: 3.53202632535249
  landing: 0.15488836728036404
  view-data: 0.024059772491455078
