times:
  edit-metadata: 5.8762024021707475
  landing: 0.11890580877661705
  view-data: 0.6840772749856114
