times:
  edit-metadata: 1.4024600638076663
  landing: 0.8817904349416494
  view-data: 3.325047896243632
