times:
  edit-metadata: 1.4419196508824825
  landing: 0.9061724245548248
  view-data: 3.3722424022853374
