times:
  landing: 0.5447642280000196
  view-data: 0.550584879999974
