times:
  landing: 1.071702866999999
  view-data: 0.5636253440000019
