times:
  edit-metadata: 2.336785251274705
  landing: 0.05194798298180103
  view-data: 0.2856336231343448
