times:
  edit-metadata: 1.8435009121894836
  landing: 1.2611464336514473
  view-data: 3.3341760262846947
