times:
  edit-metadata: 1.6134392395615578
  landing: 0.9319806080311537
  view-data: 3.445424173027277
