times:
  landing: 0.5506751749999239
  view-data: 0.5554167979998965
