times:
  edit-metadata: 2.166406162083149
  landing: 0.05089002498425543
  view-data: 0.39564668014645576
