times:
  edit-metadata: 4.912923472002149
  landing: 0.675105856731534
  view-data: 0.46703074127435684
