times:
  edit-metadata: 3.5787747371941805
  landing: 0.1900393795222044
  view-data: 0.15083448123186827
