times:
  edit-metadata: 1.4489549174904823
  landing: 0.9686417318880558
  view-data: 3.420791381970048
