times:
  edit-metadata: 4.359302364289761
  landing: 0.07997652376070619
  view-data: 0.42062090896070004
