times:
  edit-metadata: 2.156116556026973
  landing: 0.04799708095379174
  view-data: 0.2682997949887067
