times:
  landing: 1.1840690669999958
  view-data: 0.5567960779999908
