times:
  edit-metadata: 7.165200171992183
  landing: 0.3775650579482317
  view-data: 0.48058634623885155
