times:
  edit-metadata: 6.440153632313013
  landing: 1.0493830684572458
  view-data: 0.6188902836292982
