times:
  edit-metadata: 6.571318628266454
  landing: 0.5711637921631336
  view-data: 0.7952417656779289
