times:
  landing: 0.5536904950000121
  view-data: 0.5585403640000095
