times:
  landing: 0.5396498530000144
  view-data: 0.5475943510000434
