times:
  edit-metadata: 2.4844076230656356
  landing: 0.07735787704586983
  view-data: 0.45450471504591405
