times:
  edit-metadata: 1.5600206293165684
  landing: 0.9671430326998234
  view-data: 3.2747426219284534
