times:
  edit-metadata: 3.569750444032252
  landing: 0.12525450065732002
  view-data: 0.033516072668135166
