times:
  edit-metadata: 5.965306110680103
  landing: 0.04226524755358696
  view-data: 0.35542144253849983
