times:
  edit-metadata: 6.244208989664912
  landing: 0.02421402558684349
  view-data: 0.0447535514831543
