times:
  landing: 0.546454897999979
  view-data: 0.5511159479999606
