times:
  landing: 0.5919808909999915
  view-data: 0.5524423909999996
