times:
  edit-metadata: 5.865553438663483
  landing: 0.042998261749744415
  view-data: 0.3603573404252529
