times:
  edit-metadata: 1.6774908117949963
  landing: 0.8696678783744574
  view-data: 3.3777724523097277
