times:
  edit-metadata: 1.9546191096305847
  landing: 1.0347916223108768
  view-data: 3.3482014052569866
