times:
  landing: 0.6198702759999719
  view-data: 0.5561963370000171
