times:
  landing: 1.1259589870000468
  view-data: 0.555107415000009
