times:
  edit-metadata: 4.3169728028588
  landing: 0.07930837711319327
  view-data: 0.4590625651180744
