times:
  edit-metadata: 4.40445707552135
  landing: 0.5367163829505444
  view-data: 0.2661388833075762
