times:
  edit-metadata: 1.9840635396540165
  landing: 1.1397132501006126
  view-data: 3.3541452176868916
