times:
  edit-metadata: 1.7744073309004307
  landing: 1.3048839531838894
  view-data: 3.4308369532227516
