times:
  edit-metadata: 3.583024213090539
  landing: 0.02018833067268133
  view-data: 0.11763346567749977
