times:
  edit-metadata: 3.527891547419131
  landing: 0.020046249963343143
  view-data: 0.02537429053336382
