times:
  edit-metadata: 4.26445223717019
  landing: 0.0460477820597589
  view-data: 0.5246379340533167
