times:
  edit-metadata: 2.4154734425246716
  landing: 1.43674735724926
  view-data: 3.3906177319586277
