times:
  landing: 1.0791868720000366
  view-data: 0.5581744790000016
