times:
  landing: 1.5851281459999882
  view-data: 1.0804060319999849
