times:
  edit-metadata: 1.616801043972373
  landing: 0.892816299572587
  view-data: 3.3381784316152334
