times:
  edit-metadata: 3.6067927349358797
  landing: 0.019848231226205826
  view-data: 0.365489499643445
