times:
  edit-metadata: 4.410776141099632
  landing: 0.07796839205548167
  view-data: 0.44318479020148516
