times:
  edit-metadata: 4.445484038442373
  landing: 0.141287162899971
  view-data: 0.29762288369238377
