times:
  edit-metadata: 2.3353347051888704
  landing: 1.5840101670473814
  view-data: 3.7080219108611345
