times:
  landing: 1.1495450070000288
  view-data: 0.5622125650000385
