times:
  edit-metadata: 2.270103076007217
  landing: 0.056360102724283934
  view-data: 0.29390266677364707
