times:
  edit-metadata: 7.08196609094739
  landing: 0.18980874493718147
  view-data: 0.20193629898130894
