times:
  edit-metadata: 6.360588453710079
  landing: 0.7020636033266783
  view-data: 0.4242557678371668
