times:
  edit-metadata: 2.4674953971989453
  landing: 0.05834845080971718
  view-data: 0.2929986068047583
