times:
  edit-metadata: 4.327564055100083
  landing: 0.04593571415171027
  view-data: 0.5571727389469743
