times:
  landing: 0.549322421999932
  view-data: 0.5514266879999923
