times:
  edit-metadata: 4.31740409899794
  landing: 0.04442398599348962
  view-data: 0.2762561359995743
