times:
  landing: 0.5526726580000059
  view-data: 0.06396523200001525
