times:
  edit-metadata: 1.5987242721021175
  landing: 0.8719331212341785
  view-data: 3.411277875304222
