times:
  edit-metadata: 3.935751128010452
  landing: 0.12210000399500132
  view-data: 0.5941304811276495
