times:
  edit-metadata: 6.010141156613827
  landing: 0.046206969767808914
  view-data: 0.351321704685688
