times:
  edit-metadata: 4.526192268007435
  landing: 0.04117979301372543
  view-data: 0.40772447900963016
