times:
  landing: 1.0894187090000287
  view-data: 0.6134146329999908
