times:
  edit-metadata: 1.5228319074958563
  landing: 0.9519419874995947
  view-data: 3.3490211572498083
