times:
  edit-metadata: 5.473895071074367
  landing: 0.020070459693670273
  view-data: 0.32849107310175896
