times:
  edit-metadata: 2.298405180685222
  landing: 0.0518258661031723
  view-data: 0.28867026790976524
