times:
  landing: 1.075727970999992
  view-data: 0.5644857529999854
