times:
  edit-metadata: 4.523867793381214
  landing: 0.5633926074951887
  view-data: 0.4092883635312319
