times:
  landing: 0.5624389380000139
  view-data: 0.5570607150000342
