times:
  edit-metadata: 4.3804246810032055
  landing: 0.07947214099112898
  view-data: 0.5605759829632007
