times:
  edit-metadata: 1.8218387269880623
  landing: 0.8919776940019801
  view-data: 3.3427664829650894
