times:
  landing: 0.559441723999953
  view-data: 0.5675046820001626
