times:
  landing: 0.5486982769999997
  view-data: 0.04891274300001669
