times:
  edit-metadata: 1.58165168389678
  landing: 1.0115004442632198
  view-data: 3.337182395160198
