times:
  edit-metadata: 1.576787507161498
  landing: 0.8579935152083635
  view-data: 3.3757879193872213
