times:
  edit-metadata: 2.376600527903065
  landing: 0.04759945115074515
  view-data: 0.2982737831771374
