times:
  landing: 1.0732289900000183
  view-data: 0.5692728410000143
