times:
  edit-metadata: 6.509608367457986
  landing: 0.0440779123455286
  view-data: 0.3782859966158867
