times:
  edit-metadata: 2.334143517073244
  landing: 0.05028044991195202
  view-data: 0.28820345690473914
