times:
  edit-metadata: 5.997549217194319
  landing: 0.05632612481713295
  view-data: 0.3502565398812294
