times:
  edit-metadata: 4.297914506023517
  landing: 0.04463776899501681
  view-data: 0.6249484609870706
