times:
  edit-metadata: 5.476509504020214
  landing: 0.19265145063400269
  view-data: 0.5120460353791714
