times:
  edit-metadata: 2.1113894688896835
  landing: 0.04439256386831403
  view-data: 0.28818873409181833
