times:
  edit-metadata: 2.144797549000941
  landing: 0.04561687499517575
  view-data: 0.27725182799622416
