times:
  edit-metadata: 1.432681642472744
  landing: 0.8361915927380323
  view-data: 3.310330467298627
