times:
  edit-metadata: 2.4851460410282016
  landing: 0.045426491647958755
  view-data: 0.2959792148321867
