times:
  edit-metadata: 5.120470364112407
  landing: 0.142906847409904
  view-data: 0.5156178930774331
