times:
  edit-metadata: 2.3525612901430577
  landing: 0.05089505692012608
  view-data: 0.4083736150059849
