times:
  edit-metadata: 4.796093053999357
  landing: 0.04578914699959569
  view-data: 0.5383483339974191
