times:
  edit-metadata: 2.1237179490271956
  landing: 0.042107278015464544
  view-data: 0.27147594396956265
