times:
  edit-metadata: 6.598048843443394
  landing: 0.7578012719750404
  view-data: 0.36259148083627224
