times:
  edit-metadata: 2.6915063681080937
  landing: 1.6229693181812763
  view-data: 3.6054017394781113
