times:
  edit-metadata: 3.5227644573897123
  landing: 0.020949010737240314
  view-data: 0.24164739903062582
