times:
  edit-metadata: 4.322080401999756
  landing: 0.08117689900018377
  view-data: 0.5546070770001279
