times:
  landing: 0.5568345400000112
  view-data: 0.5655199149999817
