times:
  edit-metadata: 2.3568295296281576
  landing: 0.051443723030388355
  view-data: 0.3025414003059268
