times:
  edit-metadata: 4.976191492751241
  landing: 0.06811647908762097
  view-data: 0.47666805097833276
