times:
  edit-metadata: 1.627416682895273
  landing: 0.9997492169495672
  view-data: 3.2911462250631303
