times:
  edit-metadata: 4.373479122994468
  landing: 0.07022367510944605
  view-data: 0.43566792202182114
