times:
  landing: 0.5577822669999932
  view-data: 0.06694880999998531
