times:
  edit-metadata: 3.530187646858394
  landing: 0.021297927014529705
  view-data: 0.11430289875715971
