times:
  edit-metadata: 5.7207825891673565
  landing: 0.05130534991621971
  view-data: 0.34454580396413803
