times:
  landing: 1.0676502649998838
  view-data: 0.5531275280000045
