times:
  edit-metadata: 3.60398973710835
  landing: 0.2399727189913392
  view-data: 0.025803128257393837
