times:
  landing: 0.5401052959999788
  view-data: 0.5462910720000025
