times:
  edit-metadata: 2.36305944994092
  landing: 0.0516186710447073
  view-data: 0.2898081471212208
