times:
  edit-metadata: 6.548370396718383
  landing: 1.095535373315215
  view-data: 0.8089171815663576
