times:
  landing: 0.6057181730866432
  view-data: 0.5776557940989733
