times:
  edit-metadata: 5.313116066157818
  landing: 0.06493769399821758
  view-data: 0.4318280448205769
