times:
  edit-metadata: 3.620996445417404
  landing: 0.021272492595016956
  view-data: 0.02632096130400896
