times:
  edit-metadata: 1.6347968764603138
  landing: 0.9005580618977547
  view-data: 3.347907328978181
