times:
  edit-metadata: 2.141448798007332
  landing: 0.04421391198411584
  view-data: 0.26597542001400143
