times:
  edit-metadata: 5.991951335221529
  landing: 0.048452652990818024
  view-data: 0.3523598238825798
