times:
  landing: 0.5535989200000131
  view-data: 0.56344355600001
