times:
  edit-metadata: 4.225211776094511
  landing: 0.08025959390215576
  view-data: 0.43173148995265365
