times:
  edit-metadata: 4.244226601906121
  landing: 0.06673655286431313
  view-data: 0.44028011220507324
