times:
  landing: 0.5495401089999632
  view-data: 0.5534774569999854
