times:
  edit-metadata: 6.231959778815508
  landing: 0.2142416425049305
  view-data: 0.5192496795207262
