times:
  edit-metadata: 5.979557771235704
  landing: 0.049319542944431305
  view-data: 0.34707269072532654
