times:
  edit-metadata: 1.5737303346395493
  landing: 0.8789341449737549
  view-data: 3.4287047162652016
