times:
  landing: 0.6763377069999592
  view-data: 0.5784279640000136
