times:
  edit-metadata: 2.1677326769568026
  landing: 0.053556090919300914
  view-data: 0.30569080519489944
