times:
  edit-metadata: 4.513768991455436
  landing: 0.5440652277320623
  view-data: 0.25904863327741623
