times:
  landing: 0.5551473550000026
  view-data: 0.06217044500002089
