times:
  edit-metadata: 2.379682675935328
  landing: 0.045523082837462425
  view-data: 0.314107617828995
