times:
  landing: 0.5495835010000008
  view-data: 0.5554890820000082
