times:
  edit-metadata: 3.80930251814425
  landing: 0.1861448073759675
  view-data: 0.5285171205177903
