times:
  landing: 0.5538648870001452
  view-data: 0.5575517209999816
