times:
  edit-metadata: 2.280635948991403
  landing: 0.05696317786350846
  view-data: 0.27818515710532665
