times:
  edit-metadata: 5.8424964509904385
  landing: 0.022758396342396736
  view-data: 0.13264371827244759
