times:
  edit-metadata: 6.217633120715618
  landing: 0.6891777347773314
  view-data: 0.5904220584779978
