times:
  landing: 0.5575202339999805
  view-data: 0.5558572239999648
