times:
  edit-metadata: 1.4762069806456566
  landing: 0.9815075509250164
  view-data: 3.350569438189268
