times:
  edit-metadata: 6.753477970138192
  landing: 0.049711719155311584
  view-data: 0.38860637694597244
