times:
  edit-metadata: 4.244084215024486
  landing: 0.056386054027825594
  view-data: 0.5817918779794127
