times:
  edit-metadata: 1.5960376132279634
  landing: 0.9126790128648281
  view-data: 3.303607350215316
