times:
  edit-metadata: 2.1188157573342323
  landing: 0.9693693555891514
  view-data: 3.294176174327731
