times:
  edit-metadata: 5.766005706042051
  landing: 0.02091537043452263
  view-data: 0.33874818310141563
