times:
  landing: 0.545336212000052
  view-data: 0.55729171400003
