times:
  edit-metadata: 1.4737856797873974
  landing: 1.005623698234558
  view-data: 3.3612375780940056
