times:
  edit-metadata: 3.6656419914215803
  landing: 0.16807686164975166
  view-data: 0.39553589187562466
