times:
  edit-metadata: 1.5028724479489028
  landing: 0.926293957978487
  view-data: 3.362746417056769
