times:
  edit-metadata: 3.506442745216191
  landing: 0.02392444759607315
  view-data: 0.11732207890599966
