times:
  edit-metadata: 4.351814055815339
  landing: 0.023792622610926628
  view-data: 0.44398084096610546
