times:
  landing: 0.5471779859999515
  view-data: 0.5583190110000942
