times:
  edit-metadata: 2.2847860949113965
  landing: 0.05370750790461898
  view-data: 0.27064825035631657
