times:
  edit-metadata: 2.223722734954208
  landing: 0.047055686940439045
  view-data: 0.26865510595962405
