times:
  edit-metadata: 5.521578645333648
  landing: 0.019090265035629272
  view-data: 0.12168240360915661
