times:
  edit-metadata: 1.5852689547464252
  landing: 0.9053472112864256
  view-data: 3.4036000231280923
