times:
  edit-metadata: 4.037073006853461
  landing: 0.017989585176110268
  view-data: 0.024500221014022827
