times:
  edit-metadata: 1.5460277488455176
  landing: 0.8490193756297231
  view-data: 0.6813490828499198
