times:
  landing: 1.071446949999995
  view-data: 0.5727870150000172
