times:
  edit-metadata: 3.0763615020550787
  landing: 0.10368231032043695
  view-data: 0.3057394218631089
