times:
  edit-metadata: 2.2761019226163626
  landing: 1.4123637452721596
  view-data: 3.430679129436612
