times:
  edit-metadata: 2.4463411048054695
  landing: 1.5771989524364471
  view-data: 3.371114831417799
