times:
  edit-metadata: 6.791104584932327
  landing: 0.06406773254275322
  view-data: 0.3915589153766632
