times:
  edit-metadata: 2.481247032992542
  landing: 0.05643309187144041
  view-data: 0.3053786242380738
