times:
  edit-metadata: 2.3928084056824446
  landing: 1.2661221884191036
  view-data: 3.4079190976917744
