times:
  edit-metadata: 4.3091220408678055
  landing: 0.049165934789925814
  view-data: 0.4561180300079286
