times:
  edit-metadata: 2.5023391731083393
  landing: 0.05081088189035654
  view-data: 0.31289364118129015
