times:
  edit-metadata: 2.3741497099399567
  landing: 0.0540470308624208
  view-data: 0.29580040997825563
