times:
  edit-metadata: 5.708691755309701
  landing: 0.024688871577382088
  view-data: 0.3949733842164278
