times:
  landing: 1.0667359919999626
  view-data: 0.5540325550000489
