times:
  edit-metadata: 6.583640621975064
  landing: 0.7686321306973696
  view-data: 0.4599183779209852
