times:
  edit-metadata: 2.59781564027071
  landing: 1.678011130541563
  view-data: 3.719158288091421
