times:
  edit-metadata: 1.6186336129903793
  landing: 0.9373818375170231
  view-data: 3.2880629301071167
