times:
  landing: 1.0689649199999849
  view-data: 0.5538591020000467
