times:
  edit-metadata: 4.325043182820082
  landing: 0.6684211231768131
  view-data: 0.2668146137148142
