times:
  edit-metadata: 6.640890870243311
  landing: 0.9451562631875277
  view-data: 0.5173984002321959
