times:
  edit-metadata: 1.95125487819314
  landing: 0.9027813859283924
  view-data: 3.5834486931562424
