times:
  edit-metadata: 2.579272124916315
  landing: 1.93035227060318
  view-data: 3.452944554388523
