times:
  edit-metadata: 1.5685237161815166
  landing: 0.8420644626021385
  view-data: 3.3219809997826815
