times:
  edit-metadata: 2.302335388958454
  landing: 1.1271322034299374
  view-data: 3.430375136435032
