times:
  landing: 0.5686194369999953
  view-data: 0.5628040540000256
