times:
  edit-metadata: 6.042106851935387
  landing: 0.05335168540477753
  view-data: 0.3569466136395931
