times:
  edit-metadata: 6.285867266356945
  landing: 0.02133849263191223
  view-data: 0.12302170507609844
