times:
  landing: 0.542590974999996
  view-data: 0.5480126470000073
