times:
  edit-metadata: 2.464135630056262
  landing: 1.2821021229028702
  view-data: 3.47254048474133
