times:
  edit-metadata: 5.995212014764547
  landing: 0.0485219769179821
  view-data: 0.35814980044960976
