times:
  edit-metadata: 4.502387695945799
  landing: 0.07457355700898916
  view-data: 0.4479000100400299
