times:
  edit-metadata: 1.77452552318573
  landing: 0.8708843253552914
  view-data: 3.4340447150170803
