times:
  edit-metadata: 3.460838884115219
  landing: 0.022047757171094418
  view-data: 0.11857851501554251
