times:
  edit-metadata: 7.633649230003357
  landing: 0.7412630477920175
  view-data: 0.85990334674716
