times:
  edit-metadata: 6.630202701315284
  landing: 0.6186561034992337
  view-data: 0.928185167722404
