times:
  edit-metadata: 1.5630739480257034
  landing: 1.0118301659822464
  view-data: 3.2818382028490305
