times:
  edit-metadata: 6.36035699211061
  landing: 1.4461484868079424
  view-data: 0.8374258223921061
