times:
  landing: 0.5572803489999956
  view-data: 0.5630980540000223
