times:
  edit-metadata: 2.481761450879276
  landing: 0.04888582229614258
  view-data: 0.43035753164440393
