times:
  edit-metadata: 3.637143164873123
  landing: 0.019769669510424137
  view-data: 0.024584660306572914
