times:
  edit-metadata: 1.9353354312479496
  landing: 1.3617856167256832
  view-data: 3.3815728686749935
