times:
  edit-metadata: 3.5466754604130983
  landing: 0.11247407365590334
  view-data: 0.11705733649432659
