times:
  edit-metadata: 4.311325527000008
  landing: 0.07284106699808035
  view-data: 0.4429636599961668
