times:
  edit-metadata: 6.632629068568349
  landing: 1.16262580268085
  view-data: 0.4720942787826061
