times:
  edit-metadata: 4.224755387753248
  landing: 0.19064375013113022
  view-data: 0.03011356107890606
