times:
  edit-metadata: 2.310773723758757
  landing: 0.05425141006708145
  view-data: 0.28432187531143427
