times:
  edit-metadata: 4.537148846313357
  landing: 0.3303262796252966
  view-data: 0.026179417967796326
