times:
  edit-metadata: 3.5947773372754455
  landing: 0.1862799907103181
  view-data: 0.11126195639371872
