times:
  edit-metadata: 6.1742870938032866
  landing: 0.2506219334900379
  view-data: 0.025542955845594406
