times:
  edit-metadata: 1.6087035071104765
  landing: 0.8438854920677841
  view-data: 3.429962230846286
