times:
  edit-metadata: 6.031087104231119
  landing: 0.04692121222615242
  view-data: 0.3575380966067314
