times:
  edit-metadata: 2.0899291820824146
  landing: 1.2956527583301067
  view-data: 3.3748265355825424
