times:
  edit-metadata: 3.5571671426296234
  landing: 0.11771564930677414
  view-data: 0.4955766499042511
