times:
  edit-metadata: 1.46519985049963
  landing: 1.0377966910600662
  view-data: 3.351696439087391
