times:
  edit-metadata: 1.9036418795585632
  landing: 1.3518252149224281
  view-data: 3.475323125720024
