times:
  edit-metadata: 3.49810475949198
  landing: 0.13987693935632706
  view-data: 0.3982704794034362
