times:
  edit-metadata: 1.6197451688349247
  landing: 0.9214894101023674
  view-data: 3.4182012639939785
