times:
  edit-metadata: 1.5518863387405872
  landing: 0.8650261461734772
  view-data: 3.379704190418124
