times:
  edit-metadata: 4.678364749997854
  landing: 0.7183718215674162
  view-data: 0.2721242029219866
