times:
  edit-metadata: 1.5048001408576965
  landing: 0.8702273434028029
  view-data: 3.4078959841281176
