times:
  landing: 0.5433306969998739
  view-data: 0.5531796420000319
