times:
  edit-metadata: 4.213532613124698
  landing: 0.05555088585242629
  view-data: 0.5459041730500758
