times:
  edit-metadata: 2.7334608091041446
  landing: 0.07140347873792052
  view-data: 0.2847969839349389
