times:
  edit-metadata: 2.3321074328850955
  landing: 0.04872272606007755
  view-data: 0.28541162493638694
