times:
  edit-metadata: 6.688766241073608
  landing: 0.4023319073021412
  view-data: 0.383426645770669
