times:
  landing: 0.5559829520000221
  view-data: 0.5554656490000411
