times:
  edit-metadata: 1.444936279207468
  landing: 0.9814494848251343
  view-data: 3.326494947075844
