times:
  edit-metadata: 1.8513426299905404
  landing: 1.3245185550767928
  view-data: 3.3646288549061865
