times:
  edit-metadata: 6.065539505332708
  landing: 0.04616131633520126
  view-data: 0.35839753597974777
