times:
  edit-metadata: 5.984152443706989
  landing: 0.05040702968835831
  view-data: 0.3656149171292782
