times:
  landing: 0.5496464729999957
  view-data: 0.5563353719999782
