times:
  landing: 1.0777780039999811
  view-data: 0.5551376910000272
