times:
  edit-metadata: 4.259622184094042
  landing: 0.07111864280886948
  view-data: 0.5640948489308357
