times:
  landing: 1.1218228620000446
  view-data: 0.5580031479998979
