times:
  edit-metadata: 1.443546261638403
  landing: 0.8587013315409422
  view-data: 3.371688200160861
