times:
  edit-metadata: 1.6030681380070746
  landing: 1.0571539178490639
  view-data: 3.2960465508513153
