times:
  edit-metadata: 6.328364996239543
  landing: 0.27742148749530315
  view-data: 0.16012524627149105
