times:
  edit-metadata: 5.873601924628019
  landing: 0.048213131725788116
  view-data: 0.35022320970892906
