times:
  edit-metadata: 3.538563863374293
  landing: 0.01928101573139429
  view-data: 0.1177346995100379
