times:
  landing: 0.578846709000004
  view-data: 0.5597413500000243
