times:
  edit-metadata: 2.2704607360064983
  landing: 1.3204392492771149
  view-data: 3.5828449577093124
