times:
  edit-metadata: 2.020697582513094
  landing: 1.4514251798391342
  view-data: 3.478226251900196
