times:
  edit-metadata: 1.559351610019803
  landing: 0.8562817480415106
  view-data: 3.3820357993245125
