times:
  edit-metadata: 4.359694125014357
  landing: 0.07526251400122419
  view-data: 0.42556433397112414
