times:
  edit-metadata: 4.217573263915256
  landing: 0.08067269017919898
  view-data: 0.44932648120447993
