times:
  landing: 0.5484847050000212
  view-data: 0.5625671010000133
