times:
  edit-metadata: 1.5334296319633722
  landing: 0.8180299308151007
  view-data: 3.364943005144596
