times:
  edit-metadata: 3.4690261417999864
  landing: 0.021335534751415253
  view-data: 0.12456601113080978
