times:
  edit-metadata: 4.193615606054664
  landing: 0.048987077083438635
  view-data: 0.5370393190532923
