times:
  landing: 0.549336908999976
  view-data: 0.5569781050000415
