times:
  edit-metadata: 2.006863534450531
  landing: 1.24173703789711
  view-data: 3.4440603256225586
