times:
  edit-metadata: 7.1346739530563354
  landing: 0.24510719254612923
  view-data: 0.5025388114154339
