times:
  edit-metadata: 6.084384623914957
  landing: 0.05469196289777756
  view-data: 0.3781440518796444
