times:
  landing: 0.5487430119999885
  view-data: 0.5559120030000031
