times:
  edit-metadata: 3.5223859855905175
  landing: 0.16342582926154137
  view-data: 0.11986652575433254
