times:
  landing: 0.5532678879999935
  view-data: 0.5509107740000445
