times:
  edit-metadata: 2.3248950531706214
  landing: 0.05124454014003277
  view-data: 0.2910733907483518
