times:
  edit-metadata: 1.7666280269622803
  landing: 0.9841040223836899
  view-data: 3.2903676126152277
