times:
  edit-metadata: 4.361300968914293
  landing: 0.057793058920651674
  view-data: 0.4400042089400813
