times:
  edit-metadata: 3.514934821985662
  landing: 0.018913302570581436
  view-data: 0.11843732465058565
