times:
  edit-metadata: 1.4357591345906258
  landing: 0.7445992827415466
  view-data: 3.4116176292300224
