times:
  edit-metadata: 2.627862274646759
  landing: 1.506375066936016
  view-data: 3.4215134903788567
