times:
  edit-metadata: 1.4880868010222912
  landing: 0.7735344097018242
  view-data: 3.3225658014416695
