times:
  edit-metadata: 1.4299568682909012
  landing: 0.7816219255328178
  view-data: 3.354564055800438
