times:
  edit-metadata: 1.4869155697524548
  landing: 0.9650327600538731
  view-data: 3.3663148023188114
