times:
  edit-metadata: 1.5164812505245209
  landing: 0.8454030379652977
  view-data: 3.4122495651245117
