times:
  edit-metadata: 1.4829460680484772
  landing: 0.7775228023529053
  view-data: 3.494256019592285
