times:
  edit-metadata: 1.5865890644490719
  landing: 0.9830648712813854
  view-data: 3.3211515471339226
