times:
  edit-metadata: 2.936248131096363
  landing: 1.5491849929094315
  view-data: 3.443229928612709
