times:
  edit-metadata: 1.5842143967747688
  landing: 0.8468253463506699
  view-data: 3.501008339226246
