times:
  edit-metadata: 1.564544178545475
  landing: 0.833212822675705
  view-data: 3.445432871580124
