times:
  edit-metadata: 1.4007271900773048
  landing: 0.78277388215065
  view-data: 3.401952348649502
