times:
  edit-metadata: 1.4311843626201153
  landing: 0.859448742121458
  view-data: 3.374605990946293
