times:
  edit-metadata: 1.3532194048166275
  landing: 0.7444686144590378
  view-data: 3.3083766475319862
