times:
  edit-metadata: 1.455399140715599
  landing: 0.895868718624115
  view-data: 3.522168643772602
