times:
  edit-metadata: 1.5220134556293488
  landing: 0.9083442017436028
  view-data: 3.465639904141426
