times:
  edit-metadata: 1.4620598256587982
  landing: 0.8447072431445122
  view-data: 3.317794404923916
