times:
  edit-metadata: 1.3964084684848785
  landing: 0.8425665125250816
  view-data: 3.2675730399787426
