times:
  edit-metadata: 1.4773739725351334
  landing: 0.7876308783888817
  view-data: 3.5585394874215126
