times:
  edit-metadata: 1.4829811677336693
  landing: 0.865004651248455
  view-data: 3.511057823896408
