times:
  edit-metadata: 1.7009094394743443
  landing: 0.9640585407614708
  view-data: 3.3646927811205387
