times:
  edit-metadata: 1.5126863569021225
  landing: 0.7434633001685143
  view-data: 3.311533212661743
