times:
  edit-metadata: 1.8161159306764603
  landing: 1.1363716684281826
  view-data: 3.4262614734470844
