times:
  edit-metadata: 1.5110828652977943
  landing: 0.8021134585142136
  view-data: 3.4966926351189613
