times:
  edit-metadata: 1.471333235502243
  landing: 0.7977682501077652
  view-data: 3.4365760050714016
