times:
  edit-metadata: 1.5938759669661522
  landing: 0.8148214891552925
  view-data: 3.3380077704787254
