times:
  edit-metadata: 1.5473774075508118
  landing: 0.8405207023024559
  view-data: 3.3065569028258324
