times:
  edit-metadata: 1.4282723665237427
  landing: 0.7569958716630936
  view-data: 3.5740637108683586
