times:
  edit-metadata: 1.6561176180839539
  landing: 0.9071433767676353
  view-data: 3.41400346159935
