times:
  edit-metadata: 1.4257753565907478
  landing: 0.9234565123915672
  view-data: 3.4923848882317543
