times:
  edit-metadata: 1.5163705125451088
  landing: 0.828201413154602
  view-data: 3.3171517848968506
