times:
  edit-metadata: 1.5727737993001938
  landing: 0.8066396713256836
  view-data: 3.4357068985700607
