times:
  edit-metadata: 1.4396614953875542
  landing: 0.7443499267101288
  view-data: 3.418839752674103
