times:
  edit-metadata: 1.3662379086017609
  landing: 0.7464117780327797
  view-data: 3.381012976169586
