times:
  edit-metadata: 1.4219112694263458
  landing: 0.7250272631645203
  view-data: 3.570948824286461
