times:
  edit-metadata: 1.3888556361198425
  landing: 0.7982782199978828
  view-data: 3.4955976232886314
