times:
  edit-metadata: 1.5200977995991707
  landing: 0.7816857248544693
  view-data: 3.4978218004107475
