times:
  edit-metadata: 1.3793323189020157
  landing: 1.1938467174768448
  view-data: 3.5474717170000076
