times:
  edit-metadata: 1.6287192851305008
  landing: 1.2267789617180824
  view-data: 3.7681249603629112
