times:
  edit-metadata: 1.46793083101511
  landing: 0.7727841287851334
  view-data: 3.522775761783123
