times:
  edit-metadata: 1.5027870908379555
  landing: 0.9062115326523781
  view-data: 3.546810932457447
