times:
  edit-metadata: 1.461747869849205
  landing: 0.9019106701016426
  view-data: 3.522688649594784
