times:
  edit-metadata: 1.57337461784482
  landing: 0.8138398788869381
  view-data: 3.3851868882775307
