times:
  edit-metadata: 1.3853261321783066
  landing: 0.7597822695970535
  view-data: 3.3589571341872215
