times:
  edit-metadata: 1.6092625483870506
  landing: 0.8522868901491165
  view-data: 3.3278916105628014
