times:
  edit-metadata: 1.3930455148220062
  landing: 0.7191821336746216
  view-data: 3.4517926946282387
