times:
  edit-metadata: 1.4242161065340042
  landing: 0.8109925240278244
  view-data: 3.576765611767769
