times:
  edit-metadata: 1.5534702911973
  landing: 0.8489286080002785
  view-data: 3.449639678001404
