times:
  edit-metadata: 1.5549284145236015
  landing: 1.0568978041410446
  view-data: 3.5284596234560013
