times:
  edit-metadata: 1.458334468305111
  landing: 0.8311677873134613
  view-data: 3.609719656407833
