times:
  edit-metadata: 1.507066860795021
  landing: 0.8082061186432838
  view-data: 3.5383994951844215
