times:
  edit-metadata: 1.4277032241225243
  landing: 0.8055801093578339
  view-data: 3.5673609003424644
