times:
  edit-metadata: 1.508519247174263
  landing: 0.8343946039676666
  view-data: 3.391372613608837
