times:
  edit-metadata: 2.075851209461689
  landing: 1.0912137180566788
  view-data: 3.39072647690773
