times:
  edit-metadata: 1.5853141769766808
  landing: 0.8798165917396545
  view-data: 3.532709501683712
