times:
  edit-metadata: 1.5612018220126629
  landing: 0.8926486000418663
  view-data: 3.2903427816927433
