times:
  edit-metadata: 1.4411719776690006
  landing: 0.7430468462407589
  view-data: 3.277457073330879
