times:
  edit-metadata: 1.3711869418621063
  landing: 0.8665584102272987
  view-data: 3.2415388226509094
