times:
  edit-metadata: 1.5485356226563454
  landing: 0.8566865101456642
  view-data: 3.5554903000593185
