times:
  edit-metadata: 1.6496293395757675
  landing: 0.9912703707814217
  view-data: 3.643214263021946
