times:
  edit-metadata: 1.5530146807432175
  landing: 1.053889662027359
  view-data: 3.526472970843315
