times:
  edit-metadata: 1.964277021586895
  landing: 1.0556237548589706
  view-data: 3.650118261575699
