times:
  edit-metadata: 1.4696367383003235
  landing: 0.8322897329926491
  view-data: 3.4093300327658653
