times:
  edit-metadata: 1.4176436364650726
  landing: 0.7867098227143288
  view-data: 3.307897135615349
