times:
  edit-metadata: 1.3970326073467731
  landing: 0.8455056212842464
  view-data: 3.327163975685835
