times:
  edit-metadata: 2.3673024624586105
  landing: 0.9150271564722061
  view-data: 3.4227588549256325
