times:
  edit-metadata: 1.4204535633325577
  landing: 0.76666659116745
  view-data: 3.2443463653326035
