times:
  edit-metadata: 1.5219336152076721
  landing: 0.8370435610413551
  view-data: 3.326996847987175
