times:
  edit-metadata: 1.3565787971019745
  landing: 0.7811458334326744
  view-data: 3.3438932970166206
