times:
  edit-metadata: 1.5054438710212708
  landing: 1.3459529802203178
  view-data: 3.411253746598959
