times:
  edit-metadata: 1.5568351745605469
  landing: 0.949788823723793
  view-data: 3.5145954489707947
