times:
  edit-metadata: 1.4337920807301998
  landing: 0.8089359998703003
  view-data: 3.3012923151254654
