times:
  edit-metadata: 1.496026761829853
  landing: 0.7909897118806839
  view-data: 3.4376501962542534
