times:
  edit-metadata: 1.4961571991443634
  landing: 0.7737609073519707
  view-data: 3.375122345983982
