times:
  edit-metadata: 1.4170270264148712
  landing: 0.75225780159235
  view-data: 3.328250825405121
