times:
  edit-metadata: 1.4953701570630074
  landing: 0.762848936021328
  view-data: 3.4901922792196274
