times:
  edit-metadata: 1.456339806318283
  landing: 0.7499783560633659
  view-data: 3.545098803937435
