times:
  edit-metadata: 1.4566577225923538
  landing: 0.7139680236577988
  view-data: 3.5046954676508904
