times:
  edit-metadata: 1.6965477168560028
  landing: 0.771921880543232
  view-data: 3.540968641638756
