times:
  edit-metadata: 1.4360720589756966
  landing: 0.8836310058832169
  view-data: 3.4780070558190346
