times:
  edit-metadata: 1.8831757456064224
  landing: 1.565236434340477
  view-data: 3.6148790195584297
