times:
  edit-metadata: 1.4339283555746078
  landing: 0.7978463843464851
  view-data: 3.3167078495025635
