times:
  edit-metadata: 1.3763549029827118
  landing: 0.7972144559025764
  view-data: 3.56659347563982
