times:
  edit-metadata: 1.5279808640480042
  landing: 0.7979092597961426
  view-data: 3.336677670478821
