times:
  edit-metadata: 1.461966648697853
  landing: 0.8315652087330818
  view-data: 3.4932275265455246
