times:
  edit-metadata: 1.3112456649541855
  landing: 0.7590461745858192
  view-data: 3.485062889754772
