times:
  edit-metadata: 1.5450281351804733
  landing: 0.8897275365889072
  view-data: 3.3295596055686474
