times:
  edit-metadata: 1.5231294184923172
  landing: 0.8599037900567055
  view-data: 3.2929381616413593
