times:
  edit-metadata: 1.4667220674455166
  landing: 0.92603600025177
  view-data: 3.430462069809437
