times:
  edit-metadata: 1.4312692135572433
  landing: 0.7851430736482143
  view-data: 3.3168568797409534
