times:
  edit-metadata: 1.6509237550199032
  landing: 0.9285319559276104
  view-data: 3.302981499582529
