times:
  edit-metadata: 1.4128767810761929
  landing: 0.8636457473039627
  view-data: 3.294427040964365
