times:
  edit-metadata: 1.4469274803996086
  landing: 0.832927793264389
  view-data: 3.591814175248146
