times:
  edit-metadata: 1.4235779866576195
  landing: 0.8000551238656044
  view-data: 3.302737284451723
