times:
  edit-metadata: 1.49392981082201
  landing: 0.9226117059588432
  view-data: 3.5506425574421883
