times:
  edit-metadata: 1.44430623203516
  landing: 0.8217025175690651
  view-data: 3.631802223622799
