times:
  edit-metadata: 1.4405649825930595
  landing: 0.8223319500684738
  view-data: 3.4358127638697624
