times:
  edit-metadata: 2.02434341609478
  landing: 1.5198986530303955
  view-data: 3.4718733802437782
