times:
  edit-metadata: 1.613302730023861
  landing: 0.8113575726747513
  view-data: 3.26632446795702
