times:
  edit-metadata: 1.4649502411484718
  landing: 0.7946197837591171
  view-data: 3.5662733167409897
