times:
  edit-metadata: 1.7651989609003067
  landing: 1.1115890517830849
  view-data: 3.3321421667933464
