times:
  edit-metadata: 1.4606486819684505
  landing: 0.8107372410595417
  view-data: 3.306529812514782
