times:
  edit-metadata: 1.55733373016119
  landing: 0.8626279197633266
  view-data: 3.30874240770936
