times:
  edit-metadata: 1.3893397971987724
  landing: 0.7634290158748627
  view-data: 3.6115191653370857
