times:
  edit-metadata: 1.535015381872654
  landing: 0.910035889595747
  view-data: 3.3324159011244774
