times:
  edit-metadata: 1.487634178251028
  landing: 0.8361520729959011
  view-data: 3.4965905621647835
