times:
  edit-metadata: 1.5358510464429855
  landing: 0.8065687641501427
  view-data: 3.4525050669908524
