times:
  edit-metadata: 1.4237797036767006
  landing: 0.7610930427908897
  view-data: 3.4873059764504433
