times:
  edit-metadata: 1.4440919384360313
  landing: 0.7908282652497292
  view-data: 3.495485782623291
