times:
  edit-metadata: 1.4786824136972427
  landing: 0.9175366535782814
  view-data: 3.58216392993927
