times:
  edit-metadata: 1.513202778995037
  landing: 0.8370698094367981
  view-data: 3.4287901148200035
