times:
  edit-metadata: 1.382928304374218
  landing: 0.7339639440178871
  view-data: 3.3861661478877068
