times:
  edit-metadata: 1.5237681940197945
  landing: 0.8458623588085175
  view-data: 3.5179303735494614
