times:
  edit-metadata: 1.7400969006121159
  landing: 1.1860889941453934
  view-data: 3.320144087076187
