times:
  edit-metadata: 1.3741634041070938
  landing: 0.7258445397019386
  view-data: 3.309342361986637
