times:
  edit-metadata: 1.4305512756109238
  landing: 1.1943653151392937
  view-data: 3.4671612307429314
