times:
  edit-metadata: 1.3613018654286861
  landing: 0.744155690073967
  view-data: 3.3148769065737724
