times:
  edit-metadata: 1.3601155951619148
  landing: 0.6864854171872139
  view-data: 3.4147500693798065
