times:
  edit-metadata: 1.5656441822648048
  landing: 0.8639263100922108
  view-data: 3.309077177196741
