times:
  edit-metadata: 1.4962688311934471
  landing: 0.7673392742872238
  view-data: 3.282622769474983
