times:
  edit-metadata: 1.4254985563457012
  landing: 0.7582791149616241
  view-data: 3.279865186661482
