times:
  edit-metadata: 1.4390939474105835
  landing: 0.7725962027907372
  view-data: 3.331842951476574
