times:
  edit-metadata: 1.4979975670576096
  landing: 0.899670135229826
  view-data: 3.315600648522377
