times:
  edit-metadata: 1.5314432010054588
  landing: 0.7684262543916702
  view-data: 3.476205386221409
