times:
  edit-metadata: 1.5891562923789024
  landing: 0.8436507135629654
  view-data: 3.5430964529514313
