times:
  edit-metadata: 1.4162162244319916
  landing: 0.8296341449022293
  view-data: 3.5580188184976578
