times:
  edit-metadata: 1.4338595494627953
  landing: 0.7837056741118431
  view-data: 3.5394113659858704
