times:
  edit-metadata: 1.44470158778131
  landing: 0.832922569476068
  view-data: 3.414504033513367
