times:
  edit-metadata: 1.5247601261362433
  landing: 0.8322838018648326
  view-data: 3.3807410248555243
