times:
  edit-metadata: 1.5044893249869347
  landing: 0.8151040785014629
  view-data: 3.3500457368791103
