times:
  edit-metadata: 2.2518267035484314
  landing: 1.3336668722331524
  view-data: 3.609075080603361
