times:
  edit-metadata: 0.5522873249137774
  landing: 0.05482059600763023
  view-data: 0.21330637205392122
