times:
  edit-metadata: 1.5382301826030016
  landing: 0.7606980875134468
  view-data: 3.4264125898480415
