times:
  edit-metadata: 1.4545164741575718
  landing: 0.11464148014783859
  view-data: 0.023534361273050308
