times:
  edit-metadata: 2.6528109908103943
  landing: 1.6213363856077194
  view-data: 3.4667472653090954
