times:
  edit-metadata: 0.5003024029992957
  landing: 0.05044194499987498
  view-data: 0.21176496599946404
