times:
  edit-metadata: 0.5787225840613246
  landing: 0.06033542566001415
  view-data: 0.22600493906065822
