times:
  edit-metadata: 0.5082660559564829
  landing: 0.07382739684544504
  view-data: 0.21144643798470497
