times:
  edit-metadata: 1.336110644042492
  landing: 0.8249578699469566
  view-data: 3.277033254504204
