times:
  edit-metadata: 1.50080375559628
  landing: 0.8552979398518801
  view-data: 3.326541422866285
