times:
  edit-metadata: 0.5287919819820672
  landing: 0.050737521960400045
  view-data: 0.21052515000337735
