times:
  edit-metadata: 0.5627910289913416
  landing: 0.057785514974966645
  view-data: 0.21454220497980714
