times:
  edit-metadata: 0.4941113599925302
  landing: 0.06639979500323534
  view-data: 0.346815680997679
