times:
  edit-metadata: 1.5111214639618993
  landing: 0.8562101621646434
  view-data: 3.376715168124065
