times:
  edit-metadata: 0.6577649503014982
  landing: 0.11710877483710647
  view-data: 0.29131182096898556
