times:
  edit-metadata: 0.564353107009083
  landing: 0.08482091105543077
  view-data: 0.23458907194435596
