times:
  edit-metadata: 1.4835533449659124
  landing: 0.8106791839236394
  view-data: 3.3846875639865175
