times:
  edit-metadata: 1.8818321134895086
  landing: 1.4132332624867558
  view-data: 3.5669246148318052
