times:
  edit-metadata: 1.534789439290762
  landing: 0.7346609123051167
  view-data: 3.360552605241537
