times:
  edit-metadata: 1.5557766458950937
  landing: 1.0008748318068683
  view-data: 3.4286298472434282
