times:
  edit-metadata: 1.5177790839225054
  landing: 0.8063048061449081
  view-data: 3.4431604121346027
