times:
  edit-metadata: 1.6114541101269424
  landing: 1.0106375780887902
  view-data: 3.5543891680426896
