times:
  edit-metadata: 1.5309560354799032
  landing: 0.9041676986962557
  view-data: 4.555539980530739
