times:
  edit-metadata: 1.444323455914855
  landing: 0.12660469487309456
  view-data: 0.30013255774974823
