times:
  edit-metadata: 1.4485590178519487
  landing: 0.8059844709932804
  view-data: 3.3977886540815234
