times:
  edit-metadata: 0.5212651616893709
  landing: 0.05239582294598222
  view-data: 0.20858391979709268
