times:
  edit-metadata: 1.4938479587435722
  landing: 0.7303045634180307
  view-data: 3.3964665923267603
