times:
  edit-metadata: 3.6878384072333574
  landing: 1.0646270271390676
  view-data: 3.90131919644773
