times:
  edit-metadata: 0.5017495959764346
  landing: 0.06634992791805416
  view-data: 0.22592352400533855
