times:
  edit-metadata: 1.2998706940561533
  landing: 0.7139521595090628
  view-data: 3.3149179900065064
