times:
  edit-metadata: 1.4379692114889622
  landing: 0.7397147007286549
  view-data: 3.3485604785382748
