times:
  edit-metadata: 1.8416445851325989
  landing: 1.1908923406153917
  view-data: 3.4655911158770323
