times:
  edit-metadata: 0.5798922410031082
  landing: 0.041624192002927884
  view-data: 0.21563014699495398
