times:
  edit-metadata: 1.4996967129409313
  landing: 0.8471611328423023
  view-data: 3.552537064999342
