times:
  edit-metadata: 1.4501154309837148
  landing: 0.019603736989665776
  view-data: 0.027991672046482563
