times:
  edit-metadata: 1.5679616145789623
  landing: 0.2713723126798868
  view-data: 0.49651998467743397
