times:
  edit-metadata: 0.5011513459030539
  landing: 0.07093785307370126
  view-data: 0.34291741508059204
