times:
  edit-metadata: 1.5463171461597085
  landing: 0.7689443156123161
  view-data: 3.3404561639763415
