times:
  edit-metadata: 1.4320734590291977
  landing: 0.9133911654353142
  view-data: 3.3424845449626446
