times:
  edit-metadata: 0.5928763860138133
  landing: 0.06369446299504489
  view-data: 0.2126777310622856
