times:
  edit-metadata: 0.5731260809998275
  landing: 0.07187355899986869
  view-data: 0.20855426900016028
