times:
  edit-metadata: 0.49564729910343885
  landing: 0.05882308492437005
  view-data: 0.23073248704895377
