times:
  edit-metadata: 1.644750775769353
  landing: 1.1082485355436802
  view-data: 3.486683553084731
