times:
  edit-metadata: 0.5133760827593505
  landing: 0.06157795898616314
  view-data: 0.2221230110153556
