times:
  edit-metadata: 1.6488067549653351
  landing: 0.9483810761012137
  view-data: 3.3381262850016356
