times:
  edit-metadata: 1.5493426118046045
  landing: 0.750161737203598
  view-data: 3.4063080679625273
