times:
  edit-metadata: 1.487602022010833
  landing: 0.7998656718991697
  view-data: 3.286834797821939
