times:
  edit-metadata: 1.9418121874332428
  landing: 1.4016846790909767
  view-data: 3.5475870445370674
