times:
  edit-metadata: 1.512099765241146
  landing: 0.7396848089993
  view-data: 3.373224910348654
