times:
  edit-metadata: 1.556303578428924
  landing: 0.7338248593732715
  view-data: 3.4179391795769334
