times:
  edit-metadata: 1.4489430077373981
  landing: 0.9194101765751839
  view-data: 3.3459692113101482
