times:
  edit-metadata: 1.6067761722952127
  landing: 0.18125548399984837
  view-data: 0.13205795921385288
