times:
  edit-metadata: 0.5431603359756991
  landing: 0.06266345799667761
  view-data: 0.20942919398657978
