times:
  edit-metadata: 0.5094289550033864
  landing: 0.05755624800804071
  view-data: 0.2234629379818216
