times:
  edit-metadata: 0.6087049129419029
  landing: 0.0466309089679271
  view-data: 0.2231714439112693
