times:
  edit-metadata: 1.4101845680270344
  landing: 0.655417581088841
  view-data: 3.2960340019781142
