times:
  edit-metadata: 0.5205649910494685
  landing: 0.05945685692131519
  view-data: 0.2264420019928366
