times:
  edit-metadata: 1.506164077669382
  landing: 0.7366585824638605
  view-data: 3.422539919614792
