times:
  edit-metadata: 1.6679632598534226
  landing: 0.9495244491845369
  view-data: 3.2983169378712773
