times:
  edit-metadata: 1.6159172970801592
  landing: 0.8020406514406204
  view-data: 3.458316909149289
