times:
  edit-metadata: 0.5422186749055982
  landing: 0.04553401912562549
  view-data: 0.22122351895086467
