times:
  edit-metadata: 0.5176551330368966
  landing: 0.05054239393211901
  view-data: 0.22858096193522215
