times:
  edit-metadata: 1.666722172871232
  landing: 0.8927030470222235
  view-data: 3.3470656890422106
