times:
  edit-metadata: 2.315147491171956
  landing: 1.2348452750593424
  view-data: 3.5775620685890317
