times:
  edit-metadata: 1.5280931200832129
  landing: 0.7275852560997009
  view-data: 3.4050854425877333
