times:
  edit-metadata: 1.3606836227700114
  landing: 1.1935266577638686
  view-data: 3.514907219912857
