times:
  edit-metadata: 1.8845289051532745
  landing: 0.9285187087953091
  view-data: 3.38761280849576
