times:
  edit-metadata: 1.587926173582673
  landing: 0.8320544678717852
  view-data: 3.462275952100754
