times:
  edit-metadata: 1.4521577022969723
  landing: 0.83735316619277
  view-data: 3.4160685688257217
