times:
  edit-metadata: 1.4897396340966225
  landing: 0.9403883256018162
  view-data: 3.368229016661644
