times:
  edit-metadata: 1.63375832606107
  landing: 0.9079575948417187
  view-data: 3.2846808480098844
