times:
  edit-metadata: 1.5349767841398716
  landing: 0.7456638962030411
  view-data: 3.3837828282266855
