times:
  edit-metadata: 1.4686825927346945
  landing: 0.7808090159669518
  view-data: 3.325037555769086
