times:
  edit-metadata: 0.5614110589958727
  landing: 0.06879894202575088
  view-data: 0.23614564398303628
