times:
  edit-metadata: 1.5029552318155766
  landing: 0.9200330711901188
  view-data: 3.4187035337090492
