times:
  edit-metadata: 1.5118498280644417
  landing: 0.7838306948542595
  view-data: 3.484691496938467
