times:
  edit-metadata: 1.4443684220314026
  landing: 0.7433856893330812
  view-data: 3.3691296502947807
