times:
  edit-metadata: 2.3835313515737653
  landing: 0.9915777547284961
  view-data: 3.4832082642242312
