times:
  edit-metadata: 1.8474024031311274
  landing: 1.1166987493634224
  view-data: 3.4388442914932966
