times:
  edit-metadata: 0.5526039260439575
  landing: 0.060162801994010806
  view-data: 0.2209982220083475
