times:
  edit-metadata: 2.1881269849836826
  landing: 1.379058487713337
  view-data: 3.6163422353565693
