times:
  edit-metadata: 1.574989078566432
  landing: 0.7540996074676514
  view-data: 3.4172719586640596
