times:
  edit-metadata: 1.442441160324961
  landing: 0.7640932709909976
  view-data: 3.3937505590729415
