times:
  edit-metadata: 1.4984074800740927
  landing: 0.7781165279448032
  view-data: 3.3697886150330305
