times:
  edit-metadata: 1.3284839619882405
  landing: 0.8480086299823597
  view-data: 3.6188792620087042
