times:
  edit-metadata: 1.5620099734514952
  landing: 0.8267701808363199
  view-data: 3.4271632321178913
