times:
  edit-metadata: 2.180514857172966
  landing: 1.249187845736742
  view-data: 3.5553578287363052
