times:
  edit-metadata: 1.421237510163337
  landing: 0.770823823986575
  view-data: 3.3672253661789
