times:
  edit-metadata: 1.2796664738561958
  landing: 0.6900455020368099
  view-data: 3.2577048188541085
