times:
  edit-metadata: 1.521860919892788
  landing: 0.7500062342733145
  view-data: 3.419419815763831
