times:
  edit-metadata: 2.1751939840614796
  landing: 1.419614128768444
  view-data: 3.4699410498142242
