times:
  edit-metadata: 1.5152322072535753
  landing: 0.8481910433620214
  view-data: 3.3439437057822943
