times:
  edit-metadata: 1.5293697770684958
  landing: 0.020685311406850815
  view-data: 0.2956955935806036
