times:
  edit-metadata: 2.1596621309872717
  landing: 0.264784263970796
  view-data: 0.06410920596681535
