times:
  edit-metadata: 1.5199161395430565
  landing: 0.9336078837513924
  view-data: 3.4693237766623497
