times:
  edit-metadata: 0.49707693280652165
  landing: 0.060587634798139334
  view-data: 0.2237808732315898
