times:
  edit-metadata: 1.4612766485661268
  landing: 0.724449260160327
  view-data: 3.4288305770605803
