times:
  edit-metadata: 1.4028118457645178
  landing: 0.662218727171421
  view-data: 3.323485128581524
