times:
  edit-metadata: 1.5640011578798294
  landing: 0.9210778251290321
  view-data: 3.3671159856021404
