times:
  edit-metadata: 1.9916185969486833
  landing: 1.1731217093765736
  view-data: 3.715824766084552
