times:
  edit-metadata: 1.506281565874815
  landing: 0.8644394371658564
  view-data: 3.312119608744979
