times:
  edit-metadata: 1.4038548991084099
  landing: 0.7349105020985007
  view-data: 3.4101052144542336
