times:
  edit-metadata: 0.6115762420231476
  landing: 0.08060129900695756
  view-data: 0.2443112469627522
