times:
  edit-metadata: 1.526351848617196
  landing: 0.8792470600455999
  view-data: 3.4417115561664104
