times:
  edit-metadata: 0.4944614777341485
  landing: 0.06266209529712796
  view-data: 0.22121093003079295
