times:
  edit-metadata: 1.3516720719635487
  landing: 0.7203012555837631
  view-data: 3.3792231045663357
