times:
  edit-metadata: 0.575101894326508
  landing: 0.07050289586186409
  view-data: 0.20471841283142567
