times:
  edit-metadata: 1.3771083190804347
  landing: 0.6857947430107743
  view-data: 3.294452603091486
