times:
  edit-metadata: 1.3709825947880745
  landing: 0.7059153243899345
  view-data: 3.2816205993294716
