times:
  edit-metadata: 1.6317019909620285
  landing: 0.0353423785418272
  view-data: 0.023720987141132355
