times:
  edit-metadata: 0.4921951349824667
  landing: 0.06584297493100166
  view-data: 0.21146321715787053
