times:
  edit-metadata: 0.9396164077334106
  landing: 0.06835768418386579
  view-data: 0.28208760265260935
