times:
  edit-metadata: 0.5733438180177473
  landing: 0.06286898895632476
  view-data: 0.22107617399888113
