times:
  edit-metadata: 1.5139502889942378
  landing: 0.7841752510285005
  view-data: 3.32755496900063
