times:
  edit-metadata: 0.6130505460314453
  landing: 0.05736725917086005
  view-data: 0.322976344730705
