times:
  edit-metadata: 1.4115160405635834
  landing: 0.7197568118572235
  view-data: 3.3002658635377884
