times:
  edit-metadata: 1.8437063209712505
  landing: 1.0839821994304657
  view-data: 3.432324506342411
