times:
  edit-metadata: 2.173640362918377
  landing: 1.298839058727026
  view-data: 3.4886007346212864
