times:
  edit-metadata: 0.5004338909639046
  landing: 0.06529912096448243
  view-data: 0.21436211001127958
