times:
  edit-metadata: 1.5452536400407553
  landing: 0.8262187630170956
  view-data: 3.3181849870597944
