times:
  edit-metadata: 0.4950671340338886
  landing: 0.05801549204625189
  view-data: 0.2247941568493843
