times:
  edit-metadata: 1.5206839814782143
  landing: 0.7836682051420212
  view-data: 3.4231750071048737
