times:
  edit-metadata: 0.5210892620380037
  landing: 0.04793932399479672
  view-data: 0.20568628702312708
