times:
  edit-metadata: 0.5094871488399804
  landing: 0.07088450598530471
  view-data: 0.20974101894535124
