times:
  edit-metadata: 1.639210220426321
  landing: 0.24303322099149227
  view-data: 0.17354878783226013
