times:
  edit-metadata: 1.4003453887999058
  landing: 0.8976636156439781
  view-data: 3.3507986813783646
