times:
  edit-metadata: 0.512837971909903
  landing: 0.052576111047528684
  view-data: 0.21063342201523483
