times:
  edit-metadata: 1.410415157675743
  landing: 0.8870512843132019
  view-data: 3.3584946766495705
