times:
  edit-metadata: 1.3865043986588717
  landing: 0.8460691282525659
  view-data: 3.3407149901613593
