times:
  edit-metadata: 1.473412362858653
  landing: 0.6522161774337292
  view-data: 3.2739682402461767
