times:
  edit-metadata: 0.5045565040200017
  landing: 0.06072586099617183
  view-data: 0.22114306304138154
