times:
  edit-metadata: 1.4078001417219639
  landing: 0.9147255085408688
  view-data: 3.276722226291895
