times:
  edit-metadata: 1.776352321729064
  landing: 1.018157065846026
  view-data: 3.51356228813529
