times:
  edit-metadata: 1.55210842192173
  landing: 0.8517144918441772
  view-data: 3.350714348256588
