times:
  edit-metadata: 1.4512972151860595
  landing: 0.8642686177045107
  view-data: 3.3924186043441296
