times:
  edit-metadata: 0.4986308191437274
  landing: 0.05595353920944035
  view-data: 0.22074546990916133
