times:
  edit-metadata: 1.4831925295293331
  landing: 0.775363695807755
  view-data: 3.2472692681476474
