times:
  edit-metadata: 1.5048124995082617
  landing: 0.8425660263746977
  view-data: 3.3808111622929573
