times:
  edit-metadata: 1.5150363594293594
  landing: 0.7307919524610043
  view-data: 3.35501915961504
