times:
  edit-metadata: 0.5118148119654506
  landing: 0.053250249940901995
  view-data: 0.20715837110765278
