times:
  edit-metadata: 4.7519842479377985
  landing: 1.7973202783614397
  view-data: 3.5772358048707247
