times:
  edit-metadata: 1.5717551596462727
  landing: 0.7957028187811375
  view-data: 3.442414151504636
