times:
  edit-metadata: 1.453323203837499
  landing: 0.7901407890021801
  view-data: 3.419529818929732
