times:
  edit-metadata: 1.5717640034854412
  landing: 0.8485519103705883
  view-data: 3.589448008686304
