times:
  edit-metadata: 1.5098529439419508
  landing: 0.7827396932989359
  view-data: 3.4490134213119745
