times:
  edit-metadata: 0.5263305120170116
  landing: 0.04715792974457145
  view-data: 0.21059222891926765
