times:
  edit-metadata: 0.6096059428527951
  landing: 0.06333800498396158
  view-data: 0.21551478700712323
