times:
  edit-metadata: 0.6171777790004853
  landing: 0.12033528400934301
  view-data: 0.2254058659891598
