times:
  edit-metadata: 1.7174977213144302
  landing: 0.8447796292603016
  view-data: 3.3460357934236526
