times:
  edit-metadata: 1.5404014389496297
  landing: 0.8391325739212334
  view-data: 3.384344249032438
