times:
  edit-metadata: 1.9960262440145016
  landing: 1.2991864010691643
  view-data: 3.424752365797758
