times:
  edit-metadata: 2.708570968359709
  landing: 1.914295483380556
  view-data: 3.907017732039094
