times:
  edit-metadata: 0.6061134189949371
  landing: 0.04976038198219612
  view-data: 0.2175831869826652
