times:
  edit-metadata: 0.575282483943738
  landing: 0.0825233249925077
  view-data: 0.22731743403710425
