times:
  edit-metadata: 2.3848559986799955
  landing: 1.3250135909765959
  view-data: 3.6704716570675373
