times:
  edit-metadata: 2.9492920152843
  landing: 1.4813714548945427
  view-data: 3.7684776969254017
