times:
  edit-metadata: 1.4977895617485046
  landing: 0.905332125723362
  view-data: 3.334601290524006
