times:
  edit-metadata: 1.5736054610460997
  landing: 0.2011568695306778
  view-data: 0.1384734231978655
