times:
  edit-metadata: 1.3531061774119735
  landing: 0.794219022616744
  view-data: 3.394066158682108
