times:
  edit-metadata: 0.5944140299689025
  landing: 0.06279558001551777
  view-data: 0.22545149107463658
