times:
  edit-metadata: 0.5847763890051283
  landing: 0.09201628703158349
  view-data: 0.2330952289630659
