times:
  edit-metadata: 1.5297692567110062
  landing: 0.738982543349266
  view-data: 3.375645522028208
