times:
  edit-metadata: 0.5766757167875767
  landing: 0.049115829169750214
  view-data: 0.21836022986099124
