times:
  edit-metadata: 1.3576125539839268
  landing: 0.8307951204478741
  view-data: 3.2835351675748825
