times:
  edit-metadata: 1.4209280423820019
  landing: 0.881692212074995
  view-data: 3.3488256707787514
