times:
  edit-metadata: 1.3935428708791733
  landing: 0.022550536319613457
  view-data: 0.025681139901280403
