times:
  edit-metadata: 1.359900957904756
  landing: 0.7495515253394842
  view-data: 3.438390960916877
