times:
  edit-metadata: 2.7752055674791336
  landing: 1.153190016746521
  view-data: 3.4189410656690598
