times:
  edit-metadata: 1.5642093494534492
  landing: 0.897709596902132
  view-data: 3.4088341034948826
