times:
  edit-metadata: 0.5068545192480087
  landing: 0.060539423022419214
  view-data: 0.22017071163281798
