times:
  edit-metadata: 1.4763673227280378
  landing: 0.8093181326985359
  view-data: 3.4183570742607117
