times:
  edit-metadata: 1.5870474837720394
  landing: 0.7931584380567074
  view-data: 3.4778353050351143
