times:
  edit-metadata: 1.2793337510083802
  landing: 0.3040276259998791
  view-data: 0.3118867430021055
