times:
  edit-metadata: 1.6320839077234268
  landing: 0.915353637188673
  view-data: 3.47013171762228
