times:
  edit-metadata: 1.6057402305305004
  landing: 0.032804450020194054
  view-data: 0.2649756520986557
