times:
  edit-metadata: 1.641400208696723
  landing: 0.25964498333632946
  view-data: 0.132480651140213
