times:
  edit-metadata: 0.5646893018856645
  landing: 0.13674796698614955
  view-data: 0.26343623897992074
