times:
  edit-metadata: 0.769759435672313
  landing: 0.1607045829296112
  view-data: 0.34114129189401865
