times:
  edit-metadata: 2.269886864349246
  landing: 1.4573567099869251
  view-data: 3.6870233239606023
