times:
  edit-metadata: 1.5312065295875072
  landing: 0.9459119364619255
  view-data: 3.399815905839205
