times:
  edit-metadata: 1.500026773661375
  landing: 0.8159767799079418
  view-data: 3.3739615082740784
