times:
  edit-metadata: 1.9450936913490295
  landing: 1.1612305045127869
  view-data: 3.367115993052721
