times:
  edit-metadata: 1.4211660996079445
  landing: 0.89523496478796
  view-data: 3.3664469830691814
