times:
  edit-metadata: 1.5465639866888523
  landing: 0.8988776355981827
  view-data: 3.425377953797579
