times:
  edit-metadata: 1.5249101324006915
  landing: 0.8258009143173695
  view-data: 3.4148312341421843
