times:
  edit-metadata: 1.6158804073929787
  landing: 0.022236747667193413
  view-data: 0.27499588392674923
