times:
  edit-metadata: 0.5983685210085241
  landing: 0.04678512300597504
  view-data: 0.22782766999443993
