times:
  edit-metadata: 1.4360402189195156
  landing: 0.6752344705164433
  view-data: 3.3422407396137714
