times:
  edit-metadata: 1.4547460209578276
  landing: 1.263504202477634
  view-data: 3.445082876831293
