times:
  edit-metadata: 1.5314580798149109
  landing: 0.7895747516304255
  view-data: 3.4410234428942204
