times:
  edit-metadata: 1.5791164911352098
  landing: 0.8491402217186987
  view-data: 3.323209852911532
