times:
  edit-metadata: 1.3729330785572529
  landing: 0.6742666568607092
  view-data: 3.2985916640609503
