times:
  edit-metadata: 1.5128313150053145
  landing: 0.11758769099833444
  view-data: 0.12799693099805154
