times:
  edit-metadata: 1.4057851526886225
  landing: 0.6894504744559526
  view-data: 3.3404009249061346
