times:
  edit-metadata: 1.472770631313324
  landing: 0.8313234280794859
  view-data: 3.4012410324066877
