times:
  edit-metadata: 1.7336531952023506
  landing: 0.021098483353853226
  view-data: 0.3172526489943266
