times:
  edit-metadata: 1.5843361746519804
  landing: 0.8913185652345419
  view-data: 3.4268575459718704
