times:
  edit-metadata: 1.6665549469180405
  landing: 0.890398153103888
  view-data: 3.4523257999680936
