times:
  edit-metadata: 1.5586114712059498
  landing: 0.8317913860082626
  view-data: 3.4064180878922343
