times:
  edit-metadata: 1.388667605817318
  landing: 0.9146385528147221
  view-data: 3.3544525019824505
