times:
  edit-metadata: 2.396011933684349
  landing: 1.3276155143976212
  view-data: 3.6689512208104134
