times:
  edit-metadata: 0.6460181709844619
  landing: 0.11836380799650215
  view-data: 0.27907508600037545
