times:
  edit-metadata: 1.3769182935357094
  landing: 0.7019362226128578
  view-data: 3.3778006322681904
