times:
  edit-metadata: 0.5622147950343788
  landing: 0.10885252710431814
  view-data: 0.22948649199679494
