times:
  edit-metadata: 0.6623431750049349
  landing: 0.12057831900892779
  view-data: 0.22087464298238046
