times:
  edit-metadata: 1.9385624299757183
  landing: 1.0134881809353828
  view-data: 3.4141272520646453
