times:
  edit-metadata: 1.4049627594649792
  landing: 0.8557721339166164
  view-data: 3.2951715141534805
