times:
  edit-metadata: 2.140020303428173
  landing: 1.0866631083190441
  view-data: 3.404324073344469
