times:
  edit-metadata: 0.6706534870027099
  landing: 0.04575454800215084
  view-data: 0.20564590800495353
