times:
  edit-metadata: 1.526532530784607
  landing: 0.7575047835707664
  view-data: 3.393500441685319
