times:
  edit-metadata: 0.6092074569314718
  landing: 0.0912378600332886
  view-data: 0.2245199279859662
