times:
  edit-metadata: 1.6445288751274347
  landing: 0.6973789911717176
  view-data: 3.3734978809952736
