times:
  edit-metadata: 2.934331903234124
  landing: 1.3791795242577791
  view-data: 3.753146296367049
