times:
  edit-metadata: 1.5076710097491741
  landing: 0.8140538148581982
  view-data: 3.3987463265657425
