times:
  edit-metadata: 1.909547721967101
  landing: 0.2541076187044382
  view-data: 0.14218639582395554
