times:
  edit-metadata: 0.5026826960965991
  landing: 0.0624587528873235
  view-data: 0.34393198997713625
