times:
  edit-metadata: 0.503014117013663
  landing: 0.059433818096295
  view-data: 0.22979594487696886
