times:
  edit-metadata: 1.0228643420005028
  landing: 0.20613531500021054
  view-data: 0.2897428790001868
