times:
  edit-metadata: 1.4944156035780907
  landing: 0.8774560950696468
  view-data: 0.5588982477784157
