times:
  edit-metadata: 0.522180815692991
  landing: 0.04941888991743326
  view-data: 0.22981909569352865
