times:
  edit-metadata: 2.493803335353732
  landing: 1.1224669385701418
  view-data: 3.9609228633344173
