times:
  edit-metadata: 0.5126951090060174
  landing: 0.044056206941604614
  view-data: 0.20745260105468333
