times:
  edit-metadata: 0.8130100001581013
  landing: 0.15246846340596676
  view-data: 0.2948608351871371
