times:
  edit-metadata: 1.6594676561653614
  landing: 0.7841440085321665
  view-data: 3.4511237740516663
