times:
  edit-metadata: 0.5027431710623205
  landing: 0.06628197687678039
  view-data: 0.21265634801238775
