times:
  edit-metadata: 0.4863926360849291
  landing: 0.0648898440413177
  view-data: 0.21694675902836025
