times:
  edit-metadata: 1.5943159461021423
  landing: 1.0108883418142796
  view-data: 3.4179005697369576
