times:
  edit-metadata: 1.6612641215324402
  landing: 0.15384774655103683
  view-data: 0.3473690003156662
