times:
  edit-metadata: 1.3773742876946926
  landing: 0.8112790733575821
  view-data: 3.314885586500168
