times:
  edit-metadata: 1.6084065213799477
  landing: 0.8776355162262917
  view-data: 3.3842993061989546
