times:
  edit-metadata: 0.6238224380649626
  landing: 0.06488803029060364
  view-data: 0.2850974532775581
