times:
  edit-metadata: 1.6984397172927856
  landing: 1.2234659604728222
  view-data: 3.629158180207014
