times:
  edit-metadata: 1.3060578983277082
  landing: 0.7039067484438419
  view-data: 3.31818163394928
