times:
  edit-metadata: 3.5563500337302685
  landing: 0.7665715552866459
  view-data: 3.806069027632475
