times:
  edit-metadata: 1.521295283921063
  landing: 0.7960708811879158
  view-data: 3.3648812901228666
