times:
  edit-metadata: 3.0339868143200874
  landing: 1.6017515733838081
  view-data: 4.0033969189971685
