times:
  edit-metadata: 1.4419256765395403
  landing: 0.7474936433136463
  view-data: 3.326363058760762
