times:
  edit-metadata: 1.2723012641072273
  landing: 0.8107922840863466
  view-data: 3.3187228990718722
