times:
  edit-metadata: 1.5277881473302841
  landing: 0.7104517668485641
  view-data: 3.3867170810699463
