times:
  edit-metadata: 1.5344581040553749
  landing: 0.9913588119670749
  view-data: 3.403965621255338
