times:
  edit-metadata: 1.5446128211915493
  landing: 0.8406988978385925
  view-data: 3.3543741330504417
