times:
  edit-metadata: 1.544242188334465
  landing: 0.7804008089005947
  view-data: 3.387901220470667
