times:
  edit-metadata: 2.4093986582010984
  landing: 1.927114648744464
  view-data: 3.5637243688106537
