times:
  edit-metadata: 1.472424492239952
  landing: 0.7817181097343564
  view-data: 3.3262166753411293
