times:
  edit-metadata: 1.654034681036137
  landing: 0.7928759049391374
  view-data: 3.3156687279697508
