times:
  edit-metadata: 1.5088947527110577
  landing: 1.0693906284868717
  view-data: 3.394686097279191
