times:
  edit-metadata: 2.3123986162245274
  landing: 1.2121338658034801
  view-data: 3.5778511315584183
