times:
  edit-metadata: 1.5247391033917665
  landing: 0.6608663480728865
  view-data: 3.569542657583952
