times:
  edit-metadata: 1.4331969991326332
  landing: 0.6997555755078793
  view-data: 3.3502291552722454
