times:
  edit-metadata: 1.6227146843448281
  landing: 0.7682243958115578
  view-data: 3.3383753104135394
