times:
  edit-metadata: 0.5211459340061992
  landing: 0.04449261003173888
  view-data: 0.20436902903020382
