times:
  edit-metadata: 1.7132166624069214
  landing: 1.242789514362812
  view-data: 3.450986836105585
