times:
  edit-metadata: 0.6073045618832111
  landing: 0.04477042704820633
  view-data: 0.21774393413215876
