times:
  edit-metadata: 1.5225050058215857
  landing: 0.7239112909883261
  view-data: 3.3959998320788145
