times:
  edit-metadata: 1.3852515667676926
  landing: 0.7324000373482704
  view-data: 3.3088771998882294
