times:
  edit-metadata: 1.4479211308062077
  landing: 0.7663113474845886
  view-data: 3.3782257176935673
