times:
  edit-metadata: 0.5004437570460141
  landing: 0.06076620693784207
  view-data: 0.22245041909627616
