times:
  edit-metadata: 1.500302268192172
  landing: 0.7841417863965034
  view-data: 3.3734236750751734
