times:
  edit-metadata: 1.4404384344816208
  landing: 0.75510049238801
  view-data: 3.300193067640066
