times:
  edit-metadata: 2.1519448049366474
  landing: 1.3115241806954145
  view-data: 3.4559715734794736
