times:
  edit-metadata: 1.7393998615443707
  landing: 0.9313135035336018
  view-data: 3.3902563713490963
