times:
  edit-metadata: 1.8754501100629568
  landing: 1.1728714667260647
  view-data: 3.63994718529284
