times:
  edit-metadata: 2.0267371460795403
  landing: 1.2517511695623398
  view-data: 3.3827900625765324
