times:
  edit-metadata: 0.5111289160558954
  landing: 0.06084164103958756
  view-data: 0.2197555520106107
