times:
  edit-metadata: 1.3756875842809677
  landing: 0.8733206018805504
  view-data: 3.376828331500292
