times:
  edit-metadata: 0.5035985000431538
  landing: 0.06183566618710756
  view-data: 0.22006832319311798
