times:
  edit-metadata: 0.6843316983431578
  landing: 0.04815191403031349
  view-data: 0.21109539363533258
