times:
  edit-metadata: 1.4049732461571693
  landing: 0.7508365325629711
  view-data: 3.3144113710150123
