times:
  edit-metadata: 0.6007294389419258
  landing: 0.10140826506540179
  view-data: 0.3286142200231552
