times:
  edit-metadata: 1.5304315220564604
  landing: 0.7351915650069714
  view-data: 3.3526204023510218
