times:
  edit-metadata: 2.371926197782159
  landing: 0.12846113555133343
  view-data: 0.05190131068229675
