times:
  edit-metadata: 1.6759793311357498
  landing: 0.8291867692023516
  view-data: 3.4494932424277067
