times:
  edit-metadata: 1.468517243862152
  landing: 0.8165807519108057
  view-data: 3.358991803601384
