times:
  edit-metadata: 0.5056959297508001
  landing: 0.06372328661382198
  view-data: 0.2104765111580491
