times:
  edit-metadata: 1.3839533859863877
  landing: 0.7475849566981196
  view-data: 3.319859756156802
