times:
  edit-metadata: 1.5106483530253172
  landing: 0.18285359628498554
  view-data: 0.3031070660799742
