times:
  edit-metadata: 0.6586777780030388
  landing: 0.06226181099191308
  view-data: 0.2197865470079705
