times:
  edit-metadata: 1.427383383968845
  landing: 0.8489013579674065
  view-data: 3.3547964519821107
