times:
  edit-metadata: 1.3787581883370876
  landing: 0.6663530133664608
  view-data: 3.303623642772436
