times:
  edit-metadata: 0.5220470922067761
  landing: 0.048808016115799546
  view-data: 0.21692785108461976
