times:
  edit-metadata: 2.062658216804266
  landing: 1.2691840380430222
  view-data: 3.6164455935359
