times:
  edit-metadata: 1.3814966529607773
  landing: 0.8312629200518131
  view-data: 3.4042824618518353
