times:
  edit-metadata: 1.6807995308190584
  landing: 0.7560040112584829
  view-data: 3.4249306488782167
