times:
  edit-metadata: 0.5475397040136158
  landing: 0.05984080000780523
  view-data: 0.21402922621928155
