times:
  edit-metadata: 1.5659709321334958
  landing: 0.8584105204790831
  view-data: 3.273641388863325
