times:
  edit-metadata: 1.3931283093988895
  landing: 0.7698813416063786
  view-data: 3.379240468144417
