times:
  edit-metadata: 1.5200492106378078
  landing: 0.7219605874270201
  view-data: 3.418451461941004
