times:
  edit-metadata: 1.407236773520708
  landing: 1.117489717900753
  view-data: 3.3161975890398026
