times:
  edit-metadata: 0.4976158590288833
  landing: 0.06987002200912684
  view-data: 0.21744084503734484
