times:
  edit-metadata: 1.6218433831818402
  landing: 0.7771931448951364
  view-data: 3.368576090782881
