times:
  edit-metadata: 1.4321211408823729
  landing: 0.9309896733611822
  view-data: 3.397339664399624
