times:
  edit-metadata: 1.5387675557285547
  landing: 0.7705505043268204
  view-data: 3.4469500854611397
