times:
  edit-metadata: 1.5161630641669035
  landing: 0.753836527466774
  view-data: 3.403317868709564
