times:
  edit-metadata: 1.505771692842245
  landing: 0.814136803150177
  view-data: 3.419513925909996
