times:
  edit-metadata: 0.5641493508592248
  landing: 0.05159987602382898
  view-data: 0.20505385799333453
