times:
  edit-metadata: 1.295129826059565
  landing: 0.7372621861286461
  view-data: 3.325879829004407
