times:
  edit-metadata: 1.7006157618016005
  landing: 0.8568581473082304
  view-data: 3.548777684569359
