times:
  edit-metadata: 1.51485394872725
  landing: 0.13613410666584969
  view-data: 0.3213471118360758
