times:
  edit-metadata: 0.48045617202296853
  landing: 0.06790527887642384
  view-data: 0.22693253913894296
