times:
  edit-metadata: 1.5485834516584873
  landing: 0.7439292259514332
  view-data: 3.247285194694996
