times:
  edit-metadata: 2.100827921181917
  landing: 0.9763146229088306
  view-data: 3.3591393791139126
