times:
  edit-metadata: 0.5045277618337423
  landing: 0.04901260090991855
  view-data: 0.20726663689129055
