times:
  edit-metadata: 1.449940960854292
  landing: 0.8925287090241909
  view-data: 3.3725027181208134
