times:
  edit-metadata: 0.5068846801295877
  landing: 0.06404872005805373
  view-data: 0.21246639685705304
