times:
  edit-metadata: 1.5606955755501986
  landing: 0.7653852477669716
  view-data: 3.4840758480131626
