times:
  edit-metadata: 0.5063819600036368
  landing: 0.048134480020962656
  view-data: 0.21372720401268452
