times:
  edit-metadata: 1.5204059407114983
  landing: 0.8517103847116232
  view-data: 3.4243081510066986
