times:
  edit-metadata: 1.6183256842195988
  landing: 0.9431111309677362
  view-data: 3.4475093465298414
