times:
  edit-metadata: 1.3151993732899427
  landing: 0.7198877828195691
  view-data: 3.345431467052549
