times:
  edit-metadata: 1.4359408235177398
  landing: 0.7946855882182717
  view-data: 3.3683626484125853
