times:
  edit-metadata: 2.8810132667422295
  landing: 1.5630799774080515
  view-data: 3.777865530923009
