times:
  edit-metadata: 2.345167189836502
  landing: 1.2697110995650291
  view-data: 3.5500166714191437
