times:
  edit-metadata: 0.6115124467760324
  landing: 0.06879116408526897
  view-data: 0.21498733665794134
