times:
  edit-metadata: 0.6023165159858763
  landing: 0.046616117004305124
  view-data: 0.2167458370095119
