times:
  edit-metadata: 1.531052514910698
  landing: 0.8548920601606369
  view-data: 3.4179116263985634
