times:
  edit-metadata: 0.49404556499939645
  landing: 0.06281032099650474
  view-data: 0.21032873500371352
