times:
  edit-metadata: 0.5043744790018536
  landing: 0.06486492801923305
  view-data: 0.21960680198390037
