times:
  edit-metadata: 1.5401083752512932
  landing: 0.896234355866909
  view-data: 3.398047886788845
