times:
  edit-metadata: 0.5911186290031765
  landing: 0.04355775799922412
  view-data: 0.21840772200084757
