times:
  edit-metadata: 0.5069371177814901
  landing: 0.07544734701514244
  view-data: 0.21127055631950498
