times:
  edit-metadata: 1.5256886184215546
  landing: 0.8774836547672749
  view-data: 3.345116186887026
