times:
  edit-metadata: 1.4246703647077084
  landing: 0.816411373205483
  view-data: 3.4215216860175133
