times:
  edit-metadata: 0.545796416932717
  landing: 0.05062718200497329
  view-data: 0.21216754196211696
