times:
  edit-metadata: 0.49930754606612027
  landing: 0.06571527710184455
  view-data: 0.21818855195306242
