times:
  edit-metadata: 1.7327303793281317
  landing: 0.14736913703382015
  view-data: 0.3489013556391001
