times:
  edit-metadata: 1.4648262029513717
  landing: 0.7474882723763585
  view-data: 3.3366415221244097
