times:
  edit-metadata: 1.5777927711606026
  landing: 0.7910216301679611
  view-data: 3.3930041231215
