times:
  edit-metadata: 1.518970349803567
  landing: 0.7175275906920433
  view-data: 3.440096339210868
