times:
  edit-metadata: 1.552246704697609
  landing: 0.8398824408650398
  view-data: 3.406294897198677
