times:
  edit-metadata: 0.6506465569837019
  landing: 0.08803033499862067
  view-data: 0.23041839298093691
