times:
  edit-metadata: 0.5912034569773823
  landing: 0.06570186599856243
  view-data: 0.21874563698656857
