times:
  edit-metadata: 0.49366550403647125
  landing: 0.06065419293008745
  view-data: 0.2133688620524481
