times:
  edit-metadata: 1.4058053018525243
  landing: 0.8278972329571843
  view-data: 3.331283900886774
