times:
  edit-metadata: 1.586323780938983
  landing: 0.715598713606596
  view-data: 3.312816819176078
