times:
  edit-metadata: 0.8218147791922092
  landing: 0.0698525751940906
  view-data: 0.27110571693629026
