times:
  edit-metadata: 1.5046686828136444
  landing: 0.7813791045919061
  view-data: 3.3699181620031595
