times:
  edit-metadata: 1.4382027350366116
  landing: 0.7996607795357704
  view-data: 3.3762523494660854
