times:
  edit-metadata: 1.6269172839820385
  landing: 0.8501841612160206
  view-data: 3.448329884558916
