times:
  edit-metadata: 0.5326224759919569
  landing: 0.05298724299063906
  view-data: 0.22597018402302638
