times:
  edit-metadata: 1.6657769372686744
  landing: 0.814411973580718
  view-data: 3.3482363978400826
