times:
  edit-metadata: 1.5163464788347483
  landing: 0.8453522846102715
  view-data: 3.345987919718027
