times:
  edit-metadata: 2.542182996869087
  landing: 1.037511896342039
  view-data: 3.439459301531315
