times:
  edit-metadata: 1.438888132572174
  landing: 0.7849748618900776
  view-data: 3.3363780230283737
