times:
  edit-metadata: 0.5043969950638711
  landing: 0.06287828297354281
  view-data: 0.21020241896621883
