times:
  edit-metadata: 1.5543997511267662
  landing: 0.874197643250227
  view-data: 3.285235323011875
