times:
  edit-metadata: 1.4880217909812927
  landing: 0.9227091483771801
  view-data: 3.338982492685318
