times:
  edit-metadata: 0.7487386759603396
  landing: 0.0814014159841463
  view-data: 0.2766600039904006
