times:
  edit-metadata: 1.5610134303569794
  landing: 0.993588276207447
  view-data: 3.427685745060444
