times:
  edit-metadata: 0.5719593842513859
  landing: 0.07019650191068649
  view-data: 0.21699530305340886
