times:
  edit-metadata: 1.509244890883565
  landing: 0.8909318931400776
  view-data: 3.3985422663390636
