times:
  edit-metadata: 2.0769412964582443
  landing: 1.3361545279622078
  view-data: 3.591159824281931
