times:
  edit-metadata: 1.4615754708647728
  landing: 0.758489765226841
  view-data: 3.403234528377652
