times:
  edit-metadata: 1.5717499870806932
  landing: 0.7946060635149479
  view-data: 3.3850624803453684
