times:
  edit-metadata: 0.49312042200472206
  landing: 0.0630042350385338
  view-data: 0.3494238220155239
