times:
  edit-metadata: 1.4160633385181427
  landing: 0.8965545110404491
  view-data: 3.328802417963743
