times:
  edit-metadata: 1.537384195253253
  landing: 0.7994509292766452
  view-data: 3.3666865518316627
