times:
  edit-metadata: 1.3012373549863696
  landing: 0.8012149203568697
  view-data: 3.2459610756486654
