times:
  edit-metadata: 1.4330691564828157
  landing: 0.02346639893949032
  view-data: 0.15510947443544865
