times:
  edit-metadata: 1.6018812768161297
  landing: 0.7221008650958538
  view-data: 3.4274531174451113
