times:
  edit-metadata: 0.4846157600004517
  landing: 0.09072206600012578
  view-data: 0.217361938999602
