times:
  edit-metadata: 1.7483338508754969
  landing: 0.2510906159877777
  view-data: 0.030648123472929
