times:
  edit-metadata: 0.5200381550239399
  landing: 0.04892307799309492
  view-data: 0.20765195199055597
