times:
  edit-metadata: 0.5021897600963712
  landing: 0.049878038931638
  view-data: 0.2141202469356358
