times:
  edit-metadata: 2.7647476755082607
  landing: 1.8377344869077206
  view-data: 3.3921189196407795
