times:
  edit-metadata: 0.5899372608400881
  landing: 0.1512094596400857
  view-data: 0.22375839529559016
