times:
  edit-metadata: 1.5285938680171967
  landing: 0.784122671931982
  view-data: 3.3628548718988895
