times:
  edit-metadata: 1.5112533904612064
  landing: 0.739247027784586
  view-data: 3.405931279063225
