times:
  edit-metadata: 0.4600132233463228
  landing: 0.04191455291584134
  view-data: 0.19134006183594465
