times:
  edit-metadata: 1.5063730776309967
  landing: 0.7374952137470245
  view-data: 3.4480927251279354
