times:
  edit-metadata: 0.4887352909427136
  landing: 0.04880099813453853
  view-data: 0.21380163193680346
