times:
  edit-metadata: 0.5051136740949005
  landing: 0.08769067493267357
  view-data: 0.21390471910126507
