times:
  edit-metadata: 0.4753255480900407
  landing: 0.05413538310676813
  view-data: 0.18151473603211343
