times:
  edit-metadata: 1.5236524809151888
  landing: 0.7850059866905212
  view-data: 3.3691742047667503
