times:
  edit-metadata: 0.4575946070253849
  landing: 0.0389915113337338
  view-data: 0.18821288086473942
