times:
  edit-metadata: 1.5777768921107054
  landing: 0.7917498927563429
  view-data: 3.395939625799656
