times:
  edit-metadata: 1.6763259693980217
  landing: 0.8879769872874022
  view-data: 3.3257038332521915
