times:
  edit-metadata: 1.450179624836892
  landing: 0.8186839981935918
  view-data: 3.408530726097524
