times:
  edit-metadata: 1.7075730580836535
  landing: 1.0050150081515312
  view-data: 3.4523124303668737
