times:
  edit-metadata: 0.44455356686376035
  landing: 0.04800132499076426
  view-data: 0.19862216687761247
