times:
  edit-metadata: 0.4767061041202396
  landing: 0.039926887024194
  view-data: 0.18471177597530186
