times:
  edit-metadata: 1.4308496676385403
  landing: 1.4077521301805973
  view-data: 3.3589567355811596
