times:
  edit-metadata: 0.49543890287168324
  landing: 0.04578331485390663
  view-data: 0.20418462995439768
