times:
  edit-metadata: 1.3526554219424725
  landing: 0.7448032163083553
  view-data: 3.293751150369644
