times:
  edit-metadata: 1.5400037514045835
  landing: 0.8292086133733392
  view-data: 3.4039165433496237
