times:
  edit-metadata: 1.461364470422268
  landing: 0.8250750619918108
  view-data: 3.3642288940027356
