times:
  edit-metadata: 1.2963107386603951
  landing: 0.020038691349327564
  view-data: 0.026095583103597164
