times:
  edit-metadata: 1.712311264127493
  landing: 1.0900397673249245
  view-data: 3.3370965979993343
