times:
  edit-metadata: 0.5065522629301995
  landing: 0.04962298600003123
  view-data: 0.19858860410749912
