times:
  edit-metadata: 2.11487730871886
  landing: 0.9578975103795528
  view-data: 3.37734945025295
