times:
  edit-metadata: 1.6076090894639492
  landing: 0.02514480985701084
  view-data: 0.1627893354743719
