times:
  edit-metadata: 1.5699181351810694
  landing: 0.7614032849669456
  view-data: 3.4363601729273796
