times:
  edit-metadata: 1.4229668118059635
  landing: 0.2441942412406206
  view-data: 0.023602256551384926
