times:
  edit-metadata: 0.46661938610486686
  landing: 0.05630650790408254
  view-data: 0.2086269420105964
