times:
  edit-metadata: 1.3827066030353308
  landing: 0.25685877352952957
  view-data: 0.02312157303094864
