times:
  edit-metadata: 0.4976056683808565
  landing: 0.045224172063171864
  view-data: 0.20031967107206583
