times:
  edit-metadata: 1.5055774003267288
  landing: 0.2538713123649359
  view-data: 0.02582300640642643
