times:
  edit-metadata: 1.4753949008882046
  landing: 0.821813091635704
  view-data: 3.4161464404314756
