times:
  edit-metadata: 1.3380673890933394
  landing: 0.025928156450390816
  view-data: 0.10288417339324951
