times:
  edit-metadata: 1.41505191847682
  landing: 0.02285411488264799
  view-data: 0.02657061256468296
