times:
  edit-metadata: 0.5042876129737124
  landing: 0.0802106240298599
  view-data: 0.21941202599555254
