times:
  edit-metadata: 1.4131712093949318
  landing: 0.19695033319294453
  view-data: 0.11845685727894306
