times:
  edit-metadata: 0.43437911616638303
  landing: 0.0450625722296536
  view-data: 0.19514737324789166
