times:
  edit-metadata: 1.4543476239778101
  landing: 0.7491156118921936
  view-data: 3.3772409851662815
