times:
  edit-metadata: 0.5038859089836478
  landing: 0.04808893398148939
  view-data: 0.21079645899590105
