times:
  edit-metadata: 1.3278603227809072
  landing: 0.02046565990895033
  view-data: 0.02413554023951292
