times:
  edit-metadata: 0.5057334599550813
  landing: 0.05499718291684985
  view-data: 0.20901907607913017
