times:
  edit-metadata: 0.4448523949831724
  landing: 0.04378549801185727
  view-data: 0.19530817260965705
