times:
  edit-metadata: 1.4929669629782438
  landing: 0.8149711638689041
  view-data: 3.3877090960741043
