times:
  edit-metadata: 1.4674871861934662
  landing: 1.180529486387968
  view-data: 3.3699046671390533
