times:
  edit-metadata: 1.3857661942020059
  landing: 0.02052317187190056
  view-data: 0.12644261121749878
