times:
  edit-metadata: 0.4828488570638001
  landing: 0.04484388208948076
  view-data: 0.2050459641031921
