times:
  edit-metadata: 1.5737606156617403
  landing: 0.7906550411134958
  view-data: 3.3137778881937265
