times:
  edit-metadata: 1.4397766538895667
  landing: 0.7351097150240093
  view-data: 3.3789197329897434
