times:
  edit-metadata: 1.4902306571602821
  landing: 0.7042582165449858
  view-data: 3.3287628162652254
