times:
  edit-metadata: 1.619530538097024
  landing: 0.272723525762558
  view-data: 0.4255255274474621
