times:
  edit-metadata: 1.4313094830140471
  landing: 7.0432545226067305
  view-data: 3.251000168733299
