times:
  edit-metadata: 1.4955055695027113
  landing: 0.7664745356887579
  view-data: 3.4368573166429996
