times:
  edit-metadata: 0.4626746070571244
  landing: 0.05314097600057721
  view-data: 0.1984245739877224
