times:
  edit-metadata: 1.6705004666000605
  landing: 0.9814604353159666
  view-data: 3.4070546310395002
