times:
  edit-metadata: 0.4914919198490679
  landing: 0.0461875731125474
  view-data: 0.18578717624768615
