times:
  edit-metadata: 1.4053740240633488
  landing: 1.0441091656684875
  view-data: 3.2990605160593987
