times:
  edit-metadata: 0.46350772003643215
  landing: 0.05173402791842818
  view-data: 0.19946146104484797
