times:
  edit-metadata: 0.5095452300738543
  landing: 0.09849080489948392
  view-data: 0.22147468104958534
