times:
  edit-metadata: 0.4839158281683922
  landing: 0.04298425232991576
  view-data: 0.18005049275234342
