times:
  edit-metadata: 1.6809025816619396
  landing: 0.7974186278879642
  view-data: 3.472178265452385
