times:
  edit-metadata: 0.4550313572399318
  landing: 0.04452406382188201
  view-data: 0.1972129950299859
