times:
  edit-metadata: 0.5042751217260957
  landing: 0.04957875423133373
  view-data: 0.20384209137409925
