times:
  edit-metadata: 1.7760727908462286
  landing: 0.34825481846928596
  view-data: 0.33449327666312456
