times:
  edit-metadata: 1.522127702832222
  landing: 0.9060119353234768
  view-data: 3.4423047862946987
