times:
  edit-metadata: 1.4632432428188622
  landing: 0.7784001152031124
  view-data: 3.3699784032069147
