times:
  edit-metadata: 1.406258794479072
  landing: 0.2225112421438098
  view-data: 0.24778806325048208
