times:
  edit-metadata: 1.310620915144682
  landing: 0.18021395057439804
  view-data: 0.12392384558916092
