times:
  edit-metadata: 0.5045210439711809
  landing: 0.10162152303382754
  view-data: 0.21022655395790935
