times:
  edit-metadata: 0.44990447210147977
  landing: 0.04165815422311425
  view-data: 0.18846988771110773
