times:
  edit-metadata: 0.46748249884694815
  landing: 0.04549990966916084
  view-data: 0.20447427686303854
