times:
  edit-metadata: 1.4583137498702854
  landing: 0.7639173720963299
  view-data: 3.4439464260358363
