times:
  edit-metadata: 0.4743618038482964
  landing: 0.05111750494688749
  view-data: 0.18524845782667398
