times:
  edit-metadata: 2.24752507917583
  landing: 0.27269012201577425
  view-data: 0.5936225466430187
