times:
  edit-metadata: 0.49642923614010215
  landing: 0.05099023412913084
  view-data: 0.20802235789597034
