times:
  edit-metadata: 1.294275213032961
  landing: 0.13474959135055542
  view-data: 0.1962651563808322
