times:
  edit-metadata: 0.4670693948864937
  landing: 0.044677962083369493
  view-data: 0.19297609920613468
