times:
  edit-metadata: 3.9427784588187933
  landing: 2.404536884278059
  view-data: 3.5998375341296196
