times:
  edit-metadata: 1.5921322740614414
  landing: 0.9312284328043461
  view-data: 3.6476091518998146
