times:
  edit-metadata: 1.5345011688768864
  landing: 0.7340229284018278
  view-data: 3.3894916344434023
