times:
  edit-metadata: 1.3325650533661246
  landing: 0.021099640056490898
  view-data: 0.1221390338614583
