times:
  edit-metadata: 1.352340484969318
  landing: 0.018453191965818405
  view-data: 0.12299875635653734
