times:
  edit-metadata: 1.4157525151968002
  landing: 0.7440456412732601
  view-data: 3.2915650010108948
