times:
  edit-metadata: 2.01956807076931
  landing: 1.1036422587931156
  view-data: 3.296488855034113
