times:
  edit-metadata: 1.4040097668766975
  landing: 0.20465966872870922
  view-data: 0.027906332165002823
