times:
  edit-metadata: 0.4968444239348173
  landing: 0.05667463270947337
  view-data: 0.2195599600672722
