times:
  edit-metadata: 1.4408169016242027
  landing: 0.13485256396234035
  view-data: 0.386402016505599
