times:
  edit-metadata: 1.5042300932109356
  landing: 0.8951606638729572
  view-data: 3.420078745111823
