times:
  edit-metadata: 0.5186462430283427
  landing: 0.09049656696151942
  view-data: 0.24340851500164717
