times:
  edit-metadata: 0.6124404259026051
  landing: 0.06307940511032939
  view-data: 0.25166748696938157
