times:
  edit-metadata: 0.4686673781834543
  landing: 0.05244001792743802
  view-data: 0.18669568607583642
