times:
  edit-metadata: 1.5363672918174416
  landing: 0.811063784873113
  view-data: 3.4032583930529654
