times:
  edit-metadata: 0.48622721497667953
  landing: 0.0785734030068852
  view-data: 0.22369302896549925
