times:
  edit-metadata: 1.4290808206424117
  landing: 0.79081598110497
  view-data: 3.3551011495292187
