times:
  edit-metadata: 1.3601207565516233
  landing: 0.0211173202842474
  view-data: 0.02735348977148533
