times:
  edit-metadata: 0.5442689503543079
  landing: 0.060160013381391764
  view-data: 0.20655720261856914
