times:
  edit-metadata: 0.44647464295849204
  landing: 0.05552408378571272
  view-data: 0.19255307503044605
