times:
  edit-metadata: 1.4264906356111169
  landing: 0.707214661873877
  view-data: 3.2900058617815375
