times:
  edit-metadata: 0.4914868180057965
  landing: 0.0781583939678967
  view-data: 0.21473757101921365
