times:
  edit-metadata: 1.3567188791930676
  landing: 0.11757246032357216
  view-data: 0.12432792037725449
