times:
  edit-metadata: 1.7283980220017838
  landing: 0.14803073599614436
  view-data: 0.4747874610038707
