times:
  edit-metadata: 0.5003312220796943
  landing: 0.039548850152641535
  view-data: 0.2035525911487639
