times:
  edit-metadata: 0.5123217990621924
  landing: 0.07869009114801884
  view-data: 0.22397207329049706
