times:
  edit-metadata: 1.2884123669937253
  landing: 0.024146071635186672
  view-data: 0.030272812582552433
