times:
  edit-metadata: 1.3176516564562917
  landing: 0.019198651425540447
  view-data: 0.12604599073529243
