times:
  edit-metadata: 0.4885400156490505
  landing: 0.05203580530360341
  view-data: 0.191609397996217
