times:
  edit-metadata: 1.411382582038641
  landing: 0.8589038997888565
  view-data: 3.37006975710392
