times:
  edit-metadata: 1.3002030989155173
  landing: 0.02101102750748396
  view-data: 0.02446539793163538
