times:
  edit-metadata: 1.4403457609005272
  landing: 0.7947729949373752
  view-data: 3.4062023288570344
