times:
  edit-metadata: 0.42632031301036477
  landing: 0.04948555491864681
  view-data: 0.18251384096220136
