times:
  edit-metadata: 1.489908730611205
  landing: 0.746711540967226
  view-data: 3.444436699151993
