times:
  edit-metadata: 0.4640707040671259
  landing: 0.05138657009229064
  view-data: 0.19128030794672668
