times:
  edit-metadata: 1.6115767415612936
  landing: 0.8070099428296089
  view-data: 3.4644090365618467
