times:
  edit-metadata: 1.3007572516798973
  landing: 0.020020498894155025
  view-data: 0.025109044276177883
