times:
  edit-metadata: 1.3373005781322718
  landing: 0.12953470833599567
  view-data: 0.1243493678048253
