times:
  edit-metadata: 1.375558365136385
  landing: 0.02287427894771099
  view-data: 0.030655505135655403
