times:
  edit-metadata: 0.5764413829892874
  landing: 0.10739789810031652
  view-data: 0.20222834101878107
