times:
  edit-metadata: 1.4585246033966541
  landing: 0.1578113492578268
  view-data: 0.30588320922106504
