times:
  edit-metadata: 0.45700641395524144
  landing: 0.04495645081624389
  view-data: 0.194035810418427
