times:
  edit-metadata: 1.3053487470024265
  landing: 0.29856186400866136
  view-data: 0.31797976000234485
