times:
  edit-metadata: 0.47672352101653814
  landing: 0.05027333879843354
  view-data: 0.188206332270056
