times:
  edit-metadata: 1.5456076376140118
  landing: 0.9296132978051901
  view-data: 3.3806616608053446
