times:
  edit-metadata: 2.0560637380112894
  landing: 0.2668038549600169
  view-data: 0.47843921196181327
