times:
  edit-metadata: 1.2666927874088287
  landing: 0.208016742952168
  view-data: 0.20841484516859055
