times:
  edit-metadata: 3.2007460072636604
  landing: 1.2698534689843655
  view-data: 3.4603146966546774
