times:
  edit-metadata: 0.5834214920178056
  landing: 0.08068250119686127
  view-data: 0.20561106083914638
