times:
  edit-metadata: 1.4439933001995087
  landing: 0.13092180155217648
  view-data: 0.3213775958865881
