times:
  edit-metadata: 1.8384516313672066
  landing: 1.0374728315509856
  view-data: 3.5518073569983244
