times:
  edit-metadata: 2.954389590770006
  landing: 1.9488296881318092
  view-data: 3.4341170378029346
