times:
  edit-metadata: 2.059882527217269
  landing: 0.20626988634467125
  view-data: 0.3541525714099407
