times:
  edit-metadata: 0.4773227060213685
  landing: 0.03957457887008786
  view-data: 0.1942419488914311
