times:
  edit-metadata: 1.2920010900124907
  landing: 0.021715794689953327
  view-data: 0.02531234361231327
