times:
  edit-metadata: 1.5150440093129873
  landing: 0.7193246725946665
  view-data: 3.3996606282889843
