times:
  edit-metadata: 1.502600209787488
  landing: 0.752638204023242
  view-data: 3.3857633359730244
