times:
  edit-metadata: 1.3502022083848715
  landing: 0.29146477300673723
  view-data: 0.4688057526946068
