times:
  edit-metadata: 1.5059162210673094
  landing: 0.02510889433324337
  view-data: 0.3677632585167885
