times:
  edit-metadata: 1.3524504555389285
  landing: 0.195446053519845
  view-data: 0.028684984892606735
