times:
  edit-metadata: 1.404646884649992
  landing: 0.021504913456737995
  view-data: 0.41782171558588743
