times:
  edit-metadata: 1.579620497301221
  landing: 0.7883451823145151
  view-data: 3.400765160098672
