times:
  edit-metadata: 0.4574194517917931
  landing: 0.040803476702421904
  view-data: 0.20486295130103827
