times:
  edit-metadata: 1.3406292330473661
  landing: 0.1449394766241312
  view-data: 0.3342532590031624
