times:
  edit-metadata: 1.3894029632210732
  landing: 0.7327567469328642
  view-data: 3.4194378443062305
