times:
  edit-metadata: 0.4412169065326452
  landing: 0.03990762401372194
  view-data: 0.21514864452183247
