times:
  edit-metadata: 1.7525186017155647
  landing: 1.020403254777193
  view-data: 3.6572664119303226
