times:
  edit-metadata: 1.4993209801614285
  landing: 1.035061378031969
  view-data: 3.3267648965120316
