times:
  edit-metadata: 0.5262854108586907
  landing: 0.06804504408501089
  view-data: 0.18758229492232203
