times:
  edit-metadata: 1.3086331635713577
  landing: 0.020766040310263634
  view-data: 0.02897075843065977
