times:
  edit-metadata: 1.7770458124578
  landing: 1.1255807094275951
  view-data: 3.377820510417223
