times:
  edit-metadata: 0.47395940497517586
  landing: 0.0473197977989912
  view-data: 0.18737429194152355
