times:
  edit-metadata: 1.3370359539985657
  landing: 0.0214199461042881
  view-data: 0.1226577740162611
