times:
  edit-metadata: 1.7979843998327851
  landing: 0.0234725596383214
  view-data: 0.03164727333933115
