times:
  edit-metadata: 1.2728587975725532
  landing: 0.02191042434424162
  view-data: 0.023997980169951916
