times:
  edit-metadata: 1.3234950825572014
  landing: 0.8503019008785486
  view-data: 3.399750583805144
