times:
  edit-metadata: 0.45112462900578976
  landing: 0.054532064124941826
  view-data: 0.19113625003956258
