times:
  edit-metadata: 1.3413179814815521
  landing: 0.2057913038879633
  view-data: 0.02587089315056801
