times:
  edit-metadata: 1.4239268116652966
  landing: 0.24274109303951263
  view-data: 0.41785359010100365
