times:
  edit-metadata: 0.5277182449935935
  landing: 0.05209825100610033
  view-data: 0.21395905199460685
