times:
  edit-metadata: 1.2928355848416686
  landing: 0.020846783183515072
  view-data: 0.34528476372361183
