times:
  edit-metadata: 0.49806239805184305
  landing: 0.04830579203553498
  view-data: 0.2093683818820864
