times:
  edit-metadata: 1.5360059291124344
  landing: 0.25150543823838234
  view-data: 0.3910543918609619
