times:
  edit-metadata: 0.6933224801905453
  landing: 0.05067486688494682
  view-data: 0.20708464598283172
