times:
  edit-metadata: 1.367178525775671
  landing: 0.7300801845267415
  view-data: 3.330901681445539
