times:
  edit-metadata: 1.3372024334967136
  landing: 0.022333836182951927
  view-data: 0.3505176901817322
