times:
  edit-metadata: 0.46806784626096487
  landing: 0.04685701336711645
  view-data: 0.21849433984607458
