times:
  edit-metadata: 1.2850675592198968
  landing: 0.02251582220196724
  view-data: 0.027091785334050655
