times:
  edit-metadata: 1.3828592579811811
  landing: 0.021956288255751133
  view-data: 0.4116754047572613
