times:
  edit-metadata: 1.425402095541358
  landing: 0.7638577464967966
  view-data: 3.3819825686514378
