times:
  edit-metadata: 0.521662250161171
  landing: 0.0445536389015615
  view-data: 0.21986096305772662
