times:
  edit-metadata: 0.4973830729995825
  landing: 0.047416381999937585
  view-data: 0.21494905799954722
