times:
  edit-metadata: 0.4703652421012521
  landing: 0.046811534091830254
  view-data: 0.19118209788575768
