times:
  edit-metadata: 1.7327070012688637
  landing: 0.12950871232897043
  view-data: 0.025383559055626392
