times:
  edit-metadata: 1.8651097007095814
  landing: 1.3032722100615501
  view-data: 3.471689224243164
