times:
  edit-metadata: 1.534576565027237
  landing: 0.9381179623305798
  view-data: 3.3297985941171646
