times:
  edit-metadata: 0.5053728509810753
  landing: 0.07823811302660033
  view-data: 0.22581414901651442
