times:
  edit-metadata: 1.5312871225178242
  landing: 1.10573311150074
  view-data: 3.3047719597816467
