times:
  edit-metadata: 1.337838526815176
  landing: 0.026329399086534977
  view-data: 0.11841907631605864
