times:
  edit-metadata: 0.44920151168480515
  landing: 0.03905125707387924
  view-data: 0.19437467772513628
