times:
  edit-metadata: 1.4641667120158672
  landing: 0.748157549649477
  view-data: 3.3912640511989594
