times:
  edit-metadata: 1.5154288951307535
  landing: 0.7532325144857168
  view-data: 3.4298934377729893
