times:
  edit-metadata: 1.3916842564940453
  landing: 0.11773386597633362
  view-data: 0.34113841131329536
