times:
  edit-metadata: 0.48568902001716197
  landing: 0.05787629005499184
  view-data: 0.21917424304410815
