times:
  edit-metadata: 1.529706009896472
  landing: 0.7994487439282238
  view-data: 3.3079041079618037
