times:
  edit-metadata: 1.5497689694166183
  landing: 0.8232353515923023
  view-data: 3.281546551734209
