times:
  edit-metadata: 1.1948663990001478
  landing: 0.11555577199987965
  view-data: 0.2923889749999944
