times:
  edit-metadata: 1.373909829184413
  landing: 0.23846381157636642
  view-data: 0.12265925109386444
