times:
  edit-metadata: 1.4922336880117655
  landing: 0.024426313117146492
  view-data: 0.3510166332125664
