times:
  edit-metadata: 3.100347861647606
  landing: 1.4861541409045458
  view-data: 3.3210868276655674
