times:
  edit-metadata: 1.6478211767971516
  landing: 0.7790466509759426
  view-data: 3.3485051207244396
