times:
  edit-metadata: 1.7094530835747719
  landing: 0.9379435665905476
  view-data: 3.35817826166749
