times:
  edit-metadata: 1.44079102948308
  landing: 0.7214119955897331
  view-data: 3.2932172156870365
