times:
  edit-metadata: 1.3230777997523546
  landing: 0.019745653495192528
  view-data: 0.13645564019680023
