times:
  edit-metadata: 1.3605562169104815
  landing: 0.02172248438000679
  view-data: 0.028961503878235817
