times:
  edit-metadata: 0.47511880612000823
  landing: 0.03936070902273059
  view-data: 0.20153469778597355
