times:
  edit-metadata: 1.533141991123557
  landing: 0.7694516628980637
  view-data: 3.414082419127226
