times:
  edit-metadata: 1.62059773132205
  landing: 1.0501557253301144
  view-data: 3.2948103100061417
