times:
  edit-metadata: 0.5054790140129626
  landing: 0.0897751220036298
  view-data: 0.21485176600981504
