times:
  edit-metadata: 1.4659324809908867
  landing: 0.7853884575888515
  view-data: 3.4017131328582764
