times:
  edit-metadata: 1.2871035132557154
  landing: 0.02229970507323742
  view-data: 0.025396251119673252
