times:
  edit-metadata: 1.347612015902996
  landing: 0.15078401379287243
  view-data: 0.35681296698749065
