times:
  edit-metadata: 2.349157214164734
  landing: 1.1353457309305668
  view-data: 3.385910928249359
