times:
  edit-metadata: 1.3648652415722609
  landing: 0.1272887485101819
  view-data: 0.40569816809147596
