times:
  edit-metadata: 1.3861577035859227
  landing: 0.021135731600224972
  view-data: 0.025235239416360855
