times:
  edit-metadata: 1.4611815065145493
  landing: 0.7369683794677258
  view-data: 3.3457242976874113
