times:
  edit-metadata: 1.3039149502292275
  landing: 0.021944988518953323
  view-data: 0.11800668481737375
