times:
  edit-metadata: 1.5072506163269281
  landing: 0.17993102222681046
  view-data: 0.1470276191830635
