times:
  edit-metadata: 1.398569766432047
  landing: 0.019816020503640175
  view-data: 0.3151417337357998
