times:
  edit-metadata: 0.4997637430205941
  landing: 0.06604728568345308
  view-data: 0.213898872025311
