times:
  edit-metadata: 0.491951412986964
  landing: 0.05128714698366821
  view-data: 0.20745516195893288
