times:
  edit-metadata: 1.4835199285298586
  landing: 0.02169611118733883
  view-data: 0.053364863619208336
