times:
  edit-metadata: 1.2697914317250252
  landing: 0.022000021301209927
  view-data: 0.027058218605816364
