times:
  edit-metadata: 0.5952596210408956
  landing: 0.056156914914026856
  view-data: 0.21087206504307687
