times:
  edit-metadata: 0.53369349706918
  landing: 0.07139764819294214
  view-data: 0.29081288492307067
