times:
  edit-metadata: 0.4517020001076162
  landing: 0.05428536422550678
  view-data: 0.19092593993991613
