times:
  edit-metadata: 0.45369729585945606
  landing: 0.04751263000071049
  view-data: 0.20208319835364819
