times:
  edit-metadata: 1.4966383501887321
  landing: 0.7008249070495367
  view-data: 3.364821283146739
