times:
  edit-metadata: 1.5278691053390503
  landing: 0.8172078654170036
  view-data: 3.334665668196976
