times:
  edit-metadata: 0.5031702070264146
  landing: 0.05338709696661681
  view-data: 0.20515313802752644
