times:
  edit-metadata: 1.602903826162219
  landing: 0.39715008251369
  view-data: 0.0354661475867033
