times:
  edit-metadata: 1.4378856308758259
  landing: 0.021794455125927925
  view-data: 0.025678319856524467
