times:
  edit-metadata: 1.3680287189781666
  landing: 0.6868889182806015
  view-data: 3.245729800313711
