times:
  edit-metadata: 1.345197906717658
  landing: 0.020954973995685577
  view-data: 0.024945919401943684
