times:
  edit-metadata: 1.6359047163277864
  landing: 1.0505892429500818
  view-data: 3.3735388349741697
