times:
  edit-metadata: 1.6780757904052734
  landing: 1.0056750550866127
  view-data: 3.320803202688694
