times:
  edit-metadata: 0.4899920029565692
  landing: 0.09824518719688058
  view-data: 0.3452740777283907
