times:
  edit-metadata: 1.4836226515471935
  landing: 0.7775132041424513
  view-data: 3.3648218419402838
