times:
  edit-metadata: 1.2732615564018488
  landing: 0.020606878213584423
  view-data: 0.12036221195012331
