times:
  edit-metadata: 1.7251244820654392
  landing: 0.4332838971167803
  view-data: 0.16373571194708347
