times:
  edit-metadata: 0.4899433641694486
  landing: 0.05481140175834298
  view-data: 0.2042935723438859
