times:
  edit-metadata: 3.4602929204702377
  landing: 2.4877708442509174
  view-data: 3.481137301772833
