times:
  edit-metadata: 1.347744632512331
  landing: 0.022957252338528633
  view-data: 0.02579030580818653
