times:
  edit-metadata: 1.4239539187401533
  landing: 0.1484943274408579
  view-data: 0.12885509803891182
