times:
  edit-metadata: 1.32410404458642
  landing: 0.020193910226225853
  view-data: 0.3243370298296213
