times:
  edit-metadata: 0.4663116279989481
  landing: 0.04441079217940569
  view-data: 0.18849662691354752
