times:
  edit-metadata: 2.1282592210918665
  landing: 1.078931650146842
  view-data: 3.7242211308330297
