times:
  edit-metadata: 1.4603253230452538
  landing: 0.7929621897637844
  view-data: 3.3731839060783386
