times:
  edit-metadata: 1.3353290725499392
  landing: 0.02080150507390499
  view-data: 0.02560453489422798
