times:
  edit-metadata: 1.3298512203618884
  landing: 0.021999343298375607
  view-data: 0.342749354429543
