times:
  edit-metadata: 0.5072008119896054
  landing: 0.04801419109571725
  view-data: 0.21967035089619458
