times:
  edit-metadata: 0.4582046624273062
  landing: 0.04413177538663149
  view-data: 0.21657900791615248
