times:
  edit-metadata: 0.5085612910334021
  landing: 0.08354448596946895
  view-data: 0.23378584603779018
