times:
  edit-metadata: 1.398029737174511
  landing: 0.02053900808095932
  view-data: 0.14331532828509808
