times:
  edit-metadata: 1.5848779436200857
  landing: 0.8359462916851044
  view-data: 3.348395250737667
