times:
  edit-metadata: 1.4834735803306103
  landing: 0.17376790195703506
  view-data: 0.31717389076948166
