times:
  edit-metadata: 1.6696837730705738
  landing: 0.8890507593750954
  view-data: 3.392910100519657
