times:
  edit-metadata: 1.364061864092946
  landing: 0.1868057455867529
  view-data: 0.024044344201683998
