times:
  edit-metadata: 1.3434953009709716
  landing: 0.02161778137087822
  view-data: 0.024224065244197845
