times:
  edit-metadata: 1.4437838159501553
  landing: 0.7415311590302736
  view-data: 3.3464187670033425
