times:
  edit-metadata: 1.9286630069836974
  landing: 0.8455794779583812
  view-data: 3.341069099958986
