times:
  edit-metadata: 0.49226644774898887
  landing: 0.04809168307110667
  view-data: 0.198112060315907
