times:
  edit-metadata: 1.482226736843586
  landing: 0.19699004106223583
  view-data: 0.34540597535669804
