times:
  edit-metadata: 1.5881305746734142
  landing: 0.021967578679323196
  view-data: 0.1303512565791607
