times:
  edit-metadata: 0.48831983003765345
  landing: 0.05158573808148503
  view-data: 0.19577204762026668
