times:
  edit-metadata: 1.9502978697419167
  landing: 0.3323508445173502
  view-data: 0.5187958609312773
