times:
  edit-metadata: 1.3462015110999346
  landing: 0.04842241667211056
  view-data: 0.1351166795939207
