times:
  edit-metadata: 1.5262924116104841
  landing: 0.7154376823455095
  view-data: 3.4144647046923637
