times:
  edit-metadata: 1.4352052118629217
  landing: 0.020433450117707253
  view-data: 0.27762035839259624
