times:
  edit-metadata: 1.5948863066732883
  landing: 0.7479050680994987
  view-data: 3.451712129637599
