times:
  edit-metadata: 1.430312478914857
  landing: 0.02061394229531288
  view-data: 0.023778504692018032
