times:
  edit-metadata: 0.5029198131524026
  landing: 0.08762859087437391
  view-data: 0.21882274886593223
