times:
  edit-metadata: 1.465022218413651
  landing: 0.773154622875154
  view-data: 3.4104669392108917
