times:
  edit-metadata: 0.49743028404191136
  landing: 0.08967662695795298
  view-data: 0.22566826175898314
