times:
  edit-metadata: 0.5034365399915259
  landing: 0.08125767200544942
  view-data: 0.22492410099948756
