times:
  edit-metadata: 0.5174020629929146
  landing: 0.13426737699774094
  view-data: 0.2098702770017553
