times:
  edit-metadata: 1.3112942911684513
  landing: 0.21263203956186771
  view-data: 0.09656369499862194
