times:
  edit-metadata: 1.2878785440698266
  landing: 0.13550531584769487
  view-data: 0.1278027519583702
