times:
  edit-metadata: 0.4975930650252849
  landing: 0.044344210997223854
  view-data: 0.21326824207790196
