times:
  edit-metadata: 0.5698280450014863
  landing: 0.05486433798796497
  view-data: 0.23099880397785455
