times:
  edit-metadata: 1.379390012472868
  landing: 0.02221107203513384
  view-data: 0.026176629588007927
