times:
  edit-metadata: 0.4587269388139248
  landing: 0.05425542499870062
  view-data: 0.19865906704217196
