times:
  edit-metadata: 1.5112874060869217
  landing: 0.8834965834394097
  view-data: 3.3962796861305833
