times:
  edit-metadata: 0.5288773919455707
  landing: 0.08866415615193546
  view-data: 0.2099895211867988
