times:
  edit-metadata: 1.6389717515558004
  landing: 0.926328781992197
  view-data: 3.3104215878993273
