times:
  edit-metadata: 1.2804350070655346
  landing: 0.11659637093544006
  view-data: 0.1403890671208501
