times:
  edit-metadata: 1.334710563533008
  landing: 0.021053044125437737
  view-data: 0.09788543917238712
