times:
  edit-metadata: 1.5464571379125118
  landing: 2.8278264924883842
  view-data: 3.286627981811762
