times:
  edit-metadata: 0.44861143827438354
  landing: 0.05368904862552881
  view-data: 0.18998877797275782
