times:
  edit-metadata: 0.49336908431723714
  landing: 0.07596913818269968
  view-data: 0.207663849927485
