times:
  edit-metadata: 1.469158809632063
  landing: 0.7862849980592728
  view-data: 3.299587231129408
