times:
  edit-metadata: 0.4586519910953939
  landing: 0.04160548700019717
  view-data: 0.20114424591884017
