times:
  edit-metadata: 0.5545921041630208
  landing: 0.08305667992681265
  view-data: 0.23959599994122982
