times:
  edit-metadata: 0.47847383096814156
  landing: 0.04341024812310934
  view-data: 0.18949492485262454
