times:
  edit-metadata: 0.5097920260159299
  landing: 0.046569678001105785
  view-data: 0.20590418903157115
