times:
  edit-metadata: 1.3645314574241638
  landing: 0.13087693322449923
  view-data: 0.2562206480652094
