times:
  edit-metadata: 0.5084611310157925
  landing: 0.051199181005358696
  view-data: 0.45605782698839903
