times:
  edit-metadata: 2.299354923889041
  landing: 0.786832170560956
  view-data: 3.301508579403162
