times:
  edit-metadata: 1.6119793318212032
  landing: 0.8379347398877144
  view-data: 3.3603915963321924
