times:
  edit-metadata: 1.3561824019998312
  landing: 0.14057179540395737
  view-data: 0.02421729266643524
