times:
  edit-metadata: 0.4908146511297673
  landing: 0.055340324994176626
  view-data: 0.21144322189502418
