times:
  edit-metadata: 1.3198463059961796
  landing: 0.01833109650760889
  view-data: 0.31876830849796534
