times:
  edit-metadata: 0.4926550528034568
  landing: 0.047215753234922886
  view-data: 0.2087047640234232
