times:
  edit-metadata: 0.48131450917571783
  landing: 0.044314004480838776
  view-data: 0.1973972823470831
