times:
  edit-metadata: 1.3752949200570583
  landing: 0.12596688233315945
  view-data: 0.3290863875299692
