times:
  edit-metadata: 0.4832799965515733
  landing: 0.041755263693630695
  view-data: 0.20620719529688358
