times:
  edit-metadata: 1.4913525357842445
  landing: 0.863008189946413
  view-data: 3.549865622073412
