times:
  edit-metadata: 0.45130888372659683
  landing: 0.04273257916793227
  view-data: 0.19631579890847206
