times:
  edit-metadata: 1.3066041134297848
  landing: 0.021134164184331894
  view-data: 0.02733580395579338
