times:
  edit-metadata: 0.49404331110417843
  landing: 0.05621155444532633
  view-data: 0.20192275382578373
