times:
  edit-metadata: 1.3076700242236257
  landing: 0.019562041386961937
  view-data: 0.026571481488645077
