times:
  edit-metadata: 0.4433017070405185
  landing: 0.05465091858059168
  view-data: 0.1925495145842433
