times:
  edit-metadata: 0.5015425418969244
  landing: 0.05125806201249361
  view-data: 0.20862093707546592
