times:
  edit-metadata: 0.5036851959303021
  landing: 0.04570994200184941
  view-data: 0.19882236421108246
