times:
  edit-metadata: 2.152809612452984
  landing: 1.4756153486669064
  view-data: 3.864207323640585
