times:
  edit-metadata: 0.5283671310171485
  landing: 0.050057195010595024
  view-data: 0.21663241495843977
