times:
  edit-metadata: 0.4375912048853934
  landing: 0.0515466439537704
  view-data: 0.20003145840018988
