times:
  edit-metadata: 0.43993637105450034
  landing: 0.03889662865549326
  view-data: 0.1931435321457684
