times:
  edit-metadata: 0.43157908599823713
  landing: 0.05022160499356687
  view-data: 0.1859760140068829
