times:
  edit-metadata: 1.3124355338513851
  landing: 0.020643355324864388
  view-data: 0.09974103141576052
