times:
  edit-metadata: 1.7076200433075428
  landing: 0.8832189477980137
  view-data: 3.4602775517851114
