times:
  edit-metadata: 0.47272934578359127
  landing: 0.05286631919443607
  view-data: 0.19654170190915465
