times:
  edit-metadata: 0.5071209470042959
  landing: 0.079257459998189
  view-data: 0.2245536069967784
