times:
  edit-metadata: 2.1526379324495792
  landing: 1.0001345947384834
  view-data: 3.7224632166326046
