times:
  edit-metadata: 3.501895680092275
  landing: 1.6153687434270978
  view-data: 3.9911070140078664
