times:
  edit-metadata: 1.3340454082936049
  landing: 0.18271242454648018
  view-data: 0.14827986247837543
