times:
  edit-metadata: 0.44156086491420865
  landing: 0.05772433406673372
  view-data: 0.19583256589248776
