times:
  edit-metadata: 0.6977227800525725
  landing: 0.06651159469038248
  view-data: 0.2401267816312611
