times:
  edit-metadata: 0.445869670715183
  landing: 0.061522162053734064
  view-data: 0.19705392373725772
