times:
  edit-metadata: 1.3216909999027848
  landing: 0.019785392098128796
  view-data: 0.41841179598122835
