times:
  edit-metadata: 1.54563207924366
  landing: 0.7880849577486515
  view-data: 3.4301171079277992
