times:
  edit-metadata: 1.372413955628872
  landing: 0.022335916757583618
  view-data: 0.026045492850244045
