times:
  edit-metadata: 1.4091165363788605
  landing: 0.20519908983260393
  view-data: 0.10235901642590761
