times:
  edit-metadata: 0.5137331699952483
  landing: 0.04939311579801142
  view-data: 0.19055784004740417
