times:
  edit-metadata: 1.6346944449469447
  landing: 0.9285013657063246
  view-data: 3.428522663190961
