times:
  edit-metadata: 1.2924234187230468
  landing: 0.020438214763998985
  view-data: 0.1193239875137806
