times:
  edit-metadata: 1.4389124107547104
  landing: 0.8181669828481972
  view-data: 3.4588892180472612
