times:
  edit-metadata: 0.49349313403945416
  landing: 0.11216349492315203
  view-data: 0.2090301290154457
