times:
  edit-metadata: 0.5997523167170584
  landing: 0.09675151901319623
  view-data: 0.2200613641180098
