times:
  edit-metadata: 0.45488154189661145
  landing: 0.03748553805053234
  view-data: 0.19617884838953614
