times:
  edit-metadata: 1.6684227185323834
  landing: 0.8893558476120234
  view-data: 3.442274795845151
