times:
  edit-metadata: 1.525787390070036
  landing: 0.9571093141566962
  view-data: 3.4019914269447327
