times:
  edit-metadata: 0.5078091351315379
  landing: 0.044731467962265015
  view-data: 0.2059888020157814
