times:
  edit-metadata: 0.4642693009227514
  landing: 0.049193913117051125
  view-data: 0.19667823426425457
