times:
  edit-metadata: 1.5513668116182089
  landing: 0.7257857955992222
  view-data: 3.397100394591689
