times:
  edit-metadata: 1.312099790200591
  landing: 0.24048347491770983
  view-data: 0.024752897210419178
