times:
  edit-metadata: 1.8120116516947746
  landing: 1.2186501547694206
  view-data: 3.399420317262411
