times:
  edit-metadata: 1.4383473172783852
  landing: 0.7548694834113121
  view-data: 3.3696782402694225
