times:
  edit-metadata: 1.4056737329810858
  landing: 0.26994474418461323
  view-data: 0.30561282113194466
