times:
  edit-metadata: 1.385550987906754
  landing: 0.019776378758251667
  view-data: 0.026944352313876152
