times:
  edit-metadata: 1.4948608912527561
  landing: 0.9266941510140896
  view-data: 3.362055726349354
