times:
  edit-metadata: 0.5017973009962589
  landing: 0.05144253605976701
  view-data: 0.22439683298580348
