times:
  edit-metadata: 0.5773373529955279
  landing: 0.11318950398708694
  view-data: 0.241455395007506
