times:
  edit-metadata: 1.326505065895617
  landing: 0.022373678162693977
  view-data: 0.02729587908834219
