times:
  edit-metadata: 1.591491349041462
  landing: 0.7114539202302694
  view-data: 3.3661850299686193
