times:
  edit-metadata: 1.5141595862805843
  landing: 0.22528278268873692
  view-data: 0.25006804801523685
