times:
  edit-metadata: 1.5308416653424501
  landing: 0.7416304759681225
  view-data: 3.468234408646822
