times:
  edit-metadata: 0.5767293954268098
  landing: 0.043081228621304035
  view-data: 0.19822718482464552
