times:
  edit-metadata: 0.6920857317745686
  landing: 0.044039566069841385
  view-data: 0.2786405421793461
