times:
  edit-metadata: 1.7354100961238146
  landing: 1.002219319343567
  view-data: 3.6275270264595747
