times:
  edit-metadata: 0.5001168539747596
  landing: 0.04112658277153969
  view-data: 0.19985755626112223
