times:
  edit-metadata: 1.3720930814743042
  landing: 0.096164271235466
  view-data: 0.33191326074302197
