times:
  edit-metadata: 0.49353338999208063
  landing: 0.04718818700348493
  view-data: 0.20824668199929874
