times:
  edit-metadata: 1.4489219626411796
  landing: 0.7337173810228705
  view-data: 3.329353335313499
