times:
  edit-metadata: 0.4801939359167591
  landing: 0.05073207803070545
  view-data: 0.3431766399880871
