times:
  edit-metadata: 1.3793868790380657
  landing: 0.8096314140129834
  view-data: 3.2839744789525867
