times:
  edit-metadata: 2.41848155669868
  landing: 1.6909476472064853
  view-data: 3.520724563859403
