times:
  edit-metadata: 1.4853738397359848
  landing: 0.023049676790833473
  view-data: 0.32323248870670795
