times:
  edit-metadata: 1.610644898377359
  landing: 0.9339759573340416
  view-data: 3.3555333726108074
