times:
  edit-metadata: 1.4076858144253492
  landing: 0.023706384003162384
  view-data: 0.3248657640069723
