times:
  edit-metadata: 2.120473191142082
  landing: 1.2602524496614933
  view-data: 3.7636751607060432
