times:
  edit-metadata: 1.8973258286714554
  landing: 1.201226893812418
  view-data: 3.4618585370481014
