times:
  edit-metadata: 0.4780851900577545
  landing: 0.045246029272675514
  view-data: 0.19018643302842975
