times:
  edit-metadata: 0.5106689320091391
  landing: 0.04514902501250617
  view-data: 0.2152981940016616
