times:
  edit-metadata: 3.159314511343837
  landing: 1.6638302858918905
  view-data: 3.9597581950947642
