times:
  edit-metadata: 0.5421261370647699
  landing: 0.04522492690011859
  view-data: 0.1983300498686731
