times:
  edit-metadata: 0.49771925096865743
  landing: 0.05805928900372237
  view-data: 0.19836831698194146
