times:
  edit-metadata: 0.4827773259021342
  landing: 0.048294606851413846
  view-data: 0.33778660208918154
