times:
  edit-metadata: 1.509124718606472
  landing: 0.3025253117084503
  view-data: 0.057534441351890564
