times:
  edit-metadata: 1.3173292195424438
  landing: 0.021612816490232944
  view-data: 0.027277194894850254
