times:
  edit-metadata: 1.5419400408864021
  landing: 0.8156691789627075
  view-data: 3.4249164387583733
