times:
  edit-metadata: 0.5124306818470359
  landing: 0.04996395297348499
  view-data: 0.2004650505259633
