times:
  edit-metadata: 1.3470802139490843
  landing: 0.023913562297821045
  view-data: 0.024833066388964653
