times:
  edit-metadata: 1.5776194017380476
  landing: 0.7634412217885256
  view-data: 3.368837231770158
