times:
  edit-metadata: 1.4124867282807827
  landing: 0.6970584187656641
  view-data: 3.2982279490679502
