times:
  edit-metadata: 1.6628069011494517
  landing: 0.20545276254415512
  view-data: 0.2827864056453109
