times:
  edit-metadata: 1.6397420074790716
  landing: 0.019975800067186356
  view-data: 0.31312885507941246
