times:
  edit-metadata: 1.3656739247962832
  landing: 0.12775152456015348
  view-data: 0.024248825386166573
