times:
  edit-metadata: 1.5755138415843248
  landing: 0.7551230266690254
  view-data: 3.327375002205372
