times:
  edit-metadata: 1.368701970204711
  landing: 0.1888427771627903
  view-data: 0.025173870846629143
