times:
  edit-metadata: 1.3156026182696223
  landing: 0.02406582236289978
  view-data: 0.1318227369338274
