times:
  edit-metadata: 0.599773447996995
  landing: 0.049559859005967155
  view-data: 0.20372246699844254
