times:
  edit-metadata: 1.5060454849153757
  landing: 0.14697368815541267
  view-data: 0.5517547000199556
