times:
  edit-metadata: 0.5215771230868995
  landing: 0.04439308005385101
  view-data: 0.18784277606755495
