times:
  edit-metadata: 1.5543346144258976
  landing: 0.8226367123425007
  view-data: 3.5109802819788456
