times:
  edit-metadata: 1.683861754834652
  landing: 1.0142607018351555
  view-data: 3.370696559548378
