times:
  edit-metadata: 1.5477127451449633
  landing: 0.8058079741895199
  view-data: 3.4524301793426275
