times:
  edit-metadata: 0.48277739994227886
  landing: 0.04118983633816242
  view-data: 0.2003879938274622
