times:
  edit-metadata: 4.526220984756947
  landing: 3.3827706798911095
  view-data: 3.671391114592552
