times:
  edit-metadata: 1.8454406559467316
  landing: 0.31121502816677094
  view-data: 0.19099337235093117
