times:
  edit-metadata: 0.4769380185753107
  landing: 0.04486175812780857
  view-data: 0.20866652950644493
