times:
  edit-metadata: 1.549525247886777
  landing: 0.8303913567215204
  view-data: 3.385559745132923
