times:
  edit-metadata: 0.4667231608182192
  landing: 0.04104145895689726
  view-data: 0.20916950516402721
