times:
  edit-metadata: 1.4156369119882584
  landing: 0.8339584060013294
  view-data: 3.323683999478817
