times:
  edit-metadata: 1.4891745820641518
  landing: 0.8809007667005062
  view-data: 3.395435944199562
