times:
  edit-metadata: 1.3311616741120815
  landing: 0.12023581191897392
  view-data: 0.24527916498482227
