times:
  edit-metadata: 1.3729357840493321
  landing: 0.12143307272344828
  view-data: 0.028731091879308224
