times:
  edit-metadata: 1.5473660426214337
  landing: 0.8727625096216798
  view-data: 3.4116298761218786
