times:
  edit-metadata: 1.8662734748795629
  landing: 1.1001861272379756
  view-data: 3.313774473965168
