times:
  edit-metadata: 1.4595294427126646
  landing: 0.9071815442293882
  view-data: 3.4265862684696913
