times:
  edit-metadata: 0.4972773175686598
  landing: 0.05255047231912613
  view-data: 0.20414690021425486
