times:
  edit-metadata: 1.2993989894166589
  landing: 0.024795065633952618
  view-data: 0.02645658701658249
