times:
  edit-metadata: 1.6116065420210361
  landing: 0.788584740832448
  view-data: 3.3839873652905226
