times:
  edit-metadata: 1.3275181138888001
  landing: 0.022522004321217537
  view-data: 0.11801821924746037
