times:
  edit-metadata: 1.5456581339240074
  landing: 0.8851906210184097
  view-data: 3.4192209020256996
