times:
  edit-metadata: 1.3278535204008222
  landing: 0.12547127902507782
  view-data: 0.2535607609897852
