times:
  edit-metadata: 0.5006516803987324
  landing: 0.05342584615573287
  view-data: 0.20327886287122965
