times:
  edit-metadata: 1.4065317995846272
  landing: 0.0828814897686243
  view-data: 0.022870260290801525
