times:
  edit-metadata: 1.3423725180327892
  landing: 0.7607703041285276
  view-data: 3.2570764240808785
