times:
  edit-metadata: 1.3834984917193651
  landing: 0.021999375894665718
  view-data: 0.1489371322095394
