times:
  edit-metadata: 1.8050527647137642
  landing: 1.1357957841828465
  view-data: 3.3118705130182207
