times:
  edit-metadata: 1.6168412454426289
  landing: 0.9067854061722755
  view-data: 3.441015776246786
