times:
  edit-metadata: 1.56122475117445
  landing: 0.824639342725277
  view-data: 3.4120924696326256
