times:
  edit-metadata: 1.5302999392151833
  landing: 0.8273787535727024
  view-data: 3.3711390607059
