times:
  edit-metadata: 1.5552479214966297
  landing: 0.8465567044913769
  view-data: 3.430524602532387
