times:
  edit-metadata: 1.4588015116751194
  landing: 0.7783995559439063
  view-data: 3.392682970035821
