times:
  edit-metadata: 0.47792864590883255
  landing: 0.04205332696437836
  view-data: 0.20112552028149366
