times:
  edit-metadata: 0.5222873939201236
  landing: 0.05003295699134469
  view-data: 0.20813795598223805
