times:
  edit-metadata: 1.45315164886415
  landing: 0.7779021039605141
  view-data: 3.335930148139596
