times:
  edit-metadata: 1.3264311999082565
  landing: 0.7981145102530718
  view-data: 3.356176521629095
