times:
  edit-metadata: 1.4588155010715127
  landing: 0.7499881940893829
  view-data: 3.344322533812374
