times:
  edit-metadata: 1.661146230995655
  landing: 1.2837629243731499
  view-data: 3.3537887930870056
