times:
  edit-metadata: 1.448938988149166
  landing: 0.8746658004820347
  view-data: 3.392566215246916
