times:
  edit-metadata: 0.48619392793625593
  landing: 0.04112768126651645
  view-data: 0.19475638400763273
