times:
  edit-metadata: 1.466159164905548
  landing: 0.15006297081708908
  view-data: 0.14293816313147545
