times:
  edit-metadata: 0.48407458094879985
  landing: 0.0437772823497653
  view-data: 0.19116461602970958
