times:
  edit-metadata: 1.3065499383956194
  landing: 0.019397909753024578
  view-data: 0.023573274724185467
