times:
  edit-metadata: 1.4969158563762903
  landing: 0.8502612318843603
  view-data: 3.4527043160051107
