times:
  edit-metadata: 1.5922701843082905
  landing: 0.19436984416097403
  view-data: 0.25057104509323835
