times:
  edit-metadata: 1.4364852122962475
  landing: 0.8341391198337078
  view-data: 3.317463256418705
