times:
  edit-metadata: 1.306865382939577
  landing: 0.026852319948375225
  view-data: 0.02719204407185316
