times:
  edit-metadata: 1.3880487764254212
  landing: 0.2297468613833189
  view-data: 0.02633040025830269
