times:
  edit-metadata: 0.5145314261317253
  landing: 0.04801639588549733
  view-data: 0.2043261998333037
