times:
  edit-metadata: 1.4169488158077002
  landing: 0.02157426066696644
  view-data: 0.028878992423415184
