times:
  edit-metadata: 1.3713336400687695
  landing: 0.7389657609164715
  view-data: 3.2501499205827713
