times:
  edit-metadata: 0.4557622894644737
  landing: 0.04812080133706331
  view-data: 0.20156265329569578
