times:
  edit-metadata: 1.5284140892326832
  landing: 0.8813428767025471
  view-data: 3.42587011680007
