times:
  edit-metadata: 0.4990650459949393
  landing: 0.043105964999995194
  view-data: 0.2148710130059044
