times:
  edit-metadata: 1.8603333635255694
  landing: 0.9376372247934341
  view-data: 3.299049474298954
