times:
  edit-metadata: 1.4846483189612627
  landing: 0.01951916143298149
  view-data: 0.16332120075821877
