times:
  edit-metadata: 1.4384696348570287
  landing: 0.74444973282516
  view-data: 3.3101941370405257
