times:
  edit-metadata: 1.2932735607028008
  landing: 0.020506305620074272
  view-data: 0.1253849547356367
