times:
  edit-metadata: 0.49383198004215956
  landing: 0.04054873716086149
  view-data: 0.19599621603265405
