times:
  edit-metadata: 1.9938442967832088
  landing: 1.254267044365406
  view-data: 3.695606581866741
