times:
  edit-metadata: 1.305417699739337
  landing: 0.12201538775116205
  view-data: 0.1235745633020997
