times:
  edit-metadata: 0.49043549387715757
  landing: 0.05138201592490077
  view-data: 0.20816473313607275
