times:
  edit-metadata: 1.3247895715758204
  landing: 0.020762949250638485
  view-data: 0.10120218619704247
