times:
  edit-metadata: 0.44432223006151617
  landing: 0.0498324588406831
  view-data: 0.31367544597014785
