times:
  edit-metadata: 1.3199866972863674
  landing: 0.20233093108981848
  view-data: 0.11859657615423203
