times:
  edit-metadata: 0.4609032869338989
  landing: 0.043900612741708755
  view-data: 0.19524652790278196
