times:
  edit-metadata: 0.444724750937894
  landing: 0.04692723508924246
  view-data: 0.19066446903161705
