times:
  edit-metadata: 0.4674551379866898
  landing: 0.051973609952256083
  view-data: 0.19642587704584002
