times:
  edit-metadata: 1.512645786628127
  landing: 0.734379755333066
  view-data: 3.39239464700222
