times:
  edit-metadata: 1.5032893158495426
  landing: 0.8290148098021746
  view-data: 3.3777906969189644
