times:
  edit-metadata: 0.458768374286592
  landing: 0.03442166280001402
  view-data: 0.20285855187103152
