times:
  edit-metadata: 0.46400624699890614
  landing: 0.042910097166895866
  view-data: 0.19210899388417602
