times:
  edit-metadata: 0.4908317462541163
  landing: 0.05609819805249572
  view-data: 0.18143128603696823
