times:
  edit-metadata: 0.4707770487293601
  landing: 0.03955532377585769
  view-data: 0.19885894283652306
