times:
  edit-metadata: 0.4844812077935785
  landing: 0.09101467882283032
  view-data: 0.22033351194113493
