times:
  edit-metadata: 0.48620853293687105
  landing: 0.05423403694294393
  view-data: 0.20416199695318937
