times:
  edit-metadata: 1.4085901286453009
  landing: 0.023359622806310654
  view-data: 0.2845052517950535
