times:
  edit-metadata: 0.45044750394299626
  landing: 0.04658351931720972
  view-data: 0.1972337681800127
