times:
  edit-metadata: 1.4961577411741018
  landing: 0.18731644563376904
  view-data: 0.024740878492593765
