times:
  edit-metadata: 1.2786221411079168
  landing: 0.0186892282217741
  view-data: 0.10253698285669088
