times:
  edit-metadata: 0.614081896841526
  landing: 0.07530765794217587
  view-data: 0.19965694099664688
