times:
  edit-metadata: 0.467024986166507
  landing: 0.04548045387491584
  view-data: 0.1815921077504754
