times:
  edit-metadata: 1.395361214876175
  landing: 0.6625894643366337
  view-data: 3.285504315048456
