times:
  edit-metadata: 1.594734089449048
  landing: 0.8683531004935503
  view-data: 3.455333638936281
