times:
  edit-metadata: 1.445282056927681
  landing: 0.2440418377518654
  view-data: 0.27375515177845955
