times:
  edit-metadata: 1.5499337241053581
  landing: 0.7991204131394625
  view-data: 3.4243716187775135
