times:
  edit-metadata: 0.49852565210312605
  landing: 0.07858472201041877
  view-data: 0.21493730111978948
