times:
  edit-metadata: 0.5003060250310227
  landing: 0.08286650403169915
  view-data: 0.22021189599763602
