times:
  edit-metadata: 1.3233911134302616
  landing: 0.23235148657113314
  view-data: 0.26827085856348276
