times:
  edit-metadata: 0.4558743857778609
  landing: 0.03843500278890133
  view-data: 0.19655020534992218
