times:
  edit-metadata: 1.2901705466210842
  landing: 0.02205758262425661
  view-data: 0.027291464619338512
