times:
  edit-metadata: 1.3353057764470577
  landing: 0.1462403256446123
  view-data: 0.30966414138674736
