times:
  edit-metadata: 0.6617367709986866
  landing: 0.11077358800685033
  view-data: 0.24339979997603223
