times:
  edit-metadata: 1.494747145101428
  landing: 0.22147569432854652
  view-data: 0.025451702997088432
