times:
  edit-metadata: 1.3741622640518472
  landing: 0.7658918370725587
  view-data: 3.3079188929405063
