times:
  edit-metadata: 0.5094557488337159
  landing: 0.08645921619608998
  view-data: 0.22967034531757236
