times:
  edit-metadata: 0.49978609097888693
  landing: 0.05414475500583649
  view-data: 0.2223687499645166
