times:
  edit-metadata: 0.5103814927861094
  landing: 0.06892500771209598
  view-data: 0.21466715587303042
