times:
  edit-metadata: 1.481046224012971
  landing: 0.8315201769582927
  view-data: 3.397695899941027
