times:
  edit-metadata: 1.4999214177951217
  landing: 0.8493440067395568
  view-data: 3.3939210772514343
