times:
  edit-metadata: 2.401246454566717
  landing: 1.213484551757574
  view-data: 3.4992850311100483
