times:
  edit-metadata: 1.4566673636436462
  landing: 0.11554878763854504
  view-data: 0.024587148800492287
