times:
  edit-metadata: 1.9004674889147282
  landing: 0.9168636277318001
  view-data: 3.3420694172382355
