times:
  edit-metadata: 1.4425881067290902
  landing: 0.7731881104409695
  view-data: 3.3375987261533737
