times:
  edit-metadata: 1.8144670855253935
  landing: 0.9549771267920732
  view-data: 3.394092418253422
