times:
  edit-metadata: 0.46936710737645626
  landing: 0.044106907211244106
  view-data: 0.19849366694688797
