times:
  edit-metadata: 0.4653288838453591
  landing: 0.0418988736346364
  view-data: 0.18884099926799536
