times:
  edit-metadata: 1.5751067232340574
  landing: 0.7544066291302443
  view-data: 3.439032580703497
