times:
  edit-metadata: 0.44979713298380375
  landing: 0.04037801409140229
  view-data: 0.19745097821578383
