times:
  edit-metadata: 0.5233336620731279
  landing: 0.04990758199710399
  view-data: 0.20890382607467473
