times:
  edit-metadata: 1.522095376625657
  landing: 0.8195431381464005
  view-data: 3.4045230075716972
