times:
  edit-metadata: 1.310177505016327
  landing: 0.018534086644649506
  view-data: 0.022361351177096367
