times:
  edit-metadata: 1.5475850477814674
  landing: 0.8026419281959534
  view-data: 3.37635388225317
