times:
  edit-metadata: 0.4632252864539623
  landing: 0.04375204257667065
  view-data: 0.20077938586473465
