times:
  edit-metadata: 0.48774314403999597
  landing: 0.08251777302939445
  view-data: 0.21249327599070966
