times:
  edit-metadata: 1.3108812989667058
  landing: 0.021990991197526455
  view-data: 0.12628707103431225
