times:
  edit-metadata: 0.46715826680883765
  landing: 0.04679609904997051
  view-data: 0.1969344869721681
