times:
  edit-metadata: 0.45687481411732733
  landing: 0.04627068806439638
  view-data: 0.19204134494066238
