times:
  edit-metadata: 1.5467992629855871
  landing: 0.23723968490958214
  view-data: 0.1531558744609356
