times:
  edit-metadata: 1.3971125204116106
  landing: 0.1667553447186947
  view-data: 0.024252910166978836
