times:
  edit-metadata: 1.5423947926610708
  landing: 0.8315823171287775
  view-data: 3.41042029671371
