times:
  edit-metadata: 1.568846233189106
  landing: 0.7745857834815979
  view-data: 3.4241397753357887
