times:
  edit-metadata: 1.4609358140151016
  landing: 0.025496722024399787
  view-data: 0.029979772050864995
