times:
  edit-metadata: 1.4826227240264416
  landing: 0.13817043974995613
  view-data: 0.029091663658618927
