times:
  edit-metadata: 1.6511654891073704
  landing: 0.9050378599204123
  view-data: 3.480762408580631
