times:
  edit-metadata: 1.4857293479144573
  landing: 0.026707056909799576
  view-data: 0.15383320674300194
