times:
  edit-metadata: 0.496438420843333
  landing: 0.10252888314425945
  view-data: 0.20623537385836244
