times:
  edit-metadata: 0.4768828181549907
  landing: 0.04578365106135607
  view-data: 0.19171580392867327
