times:
  edit-metadata: 1.5354148149490356
  landing: 0.7432884760200977
  view-data: 3.3957583121955395
