times:
  edit-metadata: 1.5306064020842314
  landing: 0.7938177678734064
  view-data: 3.3872236348688602
