times:
  edit-metadata: 0.4437761390581727
  landing: 0.04110147710889578
  view-data: 0.2078411364927888
