times:
  edit-metadata: 1.2604560379404575
  landing: 0.19446082809008658
  view-data: 0.31191576388664544
