times:
  edit-metadata: 1.4299031915143132
  landing: 0.025455040857195854
  view-data: 0.2671861471608281
