times:
  edit-metadata: 1.4254424441605806
  landing: 0.1802469976246357
  view-data: 0.28308337926864624
