times:
  edit-metadata: 1.3167450595647097
  landing: 0.01799310091882944
  view-data: 0.12351888790726662
