times:
  edit-metadata: 1.4527885261923075
  landing: 0.187529768794775
  view-data: 0.3624680247157812
