times:
  edit-metadata: 1.9469557404518127
  landing: 1.1679880432784557
  view-data: 3.382932875305414
