times:
  edit-metadata: 1.38472331315279
  landing: 0.79816510155797
  view-data: 3.3748036175966263
