times:
  edit-metadata: 1.5276280008256435
  landing: 1.2107231058180332
  view-data: 3.3561829701066017
