times:
  edit-metadata: 0.5486318438779563
  landing: 0.05767577886581421
  view-data: 0.1962220249697566
