times:
  edit-metadata: 0.4771539932116866
  landing: 0.04726065415889025
  view-data: 0.19114005705341697
