times:
  edit-metadata: 0.49816967896185815
  landing: 0.044771669898182154
  view-data: 0.18358347890898585
