times:
  edit-metadata: 0.4994644101243466
  landing: 0.04982748604379594
  view-data: 0.20414298493415117
