times:
  edit-metadata: 1.3071699428837746
  landing: 0.7065478509757668
  view-data: 3.2971555781550705
