times:
  edit-metadata: 0.45891282707452774
  landing: 0.053157694172114134
  view-data: 0.19279001327231526
