times:
  edit-metadata: 1.4552533430978656
  landing: 0.8731372514739633
  view-data: 3.3891344191506505
