times:
  edit-metadata: 0.499247376807034
  landing: 0.14624001691117883
  view-data: 0.23162700235843658
