times:
  edit-metadata: 1.6107514631003141
  landing: 0.16957570612430573
  view-data: 0.39581580087542534
