times:
  edit-metadata: 0.618849070975557
  landing: 0.06196404597721994
  view-data: 0.2856874908320606
