times:
  edit-metadata: 0.47761679627001286
  landing: 0.0623948173597455
  view-data: 0.1905181696638465
