times:
  edit-metadata: 1.5561009477823973
  landing: 0.8093082029372454
  view-data: 3.401326594874263
