times:
  edit-metadata: 0.5121458569774404
  landing: 0.04773516801651567
  view-data: 0.21128581603989005
