times:
  edit-metadata: 1.5168231297284365
  landing: 0.019780434668064117
  view-data: 0.3475037161260843
