times:
  edit-metadata: 1.589326225221157
  landing: 0.21595649421215057
  view-data: 0.38596712425351143
