times:
  edit-metadata: 1.4211610294878483
  landing: 0.020244687795639038
  view-data: 0.288493774831295
