times:
  edit-metadata: 0.49993765307590365
  landing: 0.05148213542997837
  view-data: 0.20018077176064253
