times:
  edit-metadata: 0.4632275030016899
  landing: 0.04658314771950245
  view-data: 0.19885209575295448
