times:
  edit-metadata: 1.4134577456861734
  landing: 0.13618853315711021
  view-data: 0.36925726570189
