times:
  edit-metadata: 3.923089813441038
  landing: 2.393214939162135
  view-data: 3.5749054960906506
