times:
  edit-metadata: 1.5413390584290028
  landing: 0.9750903248786926
  view-data: 3.415324993431568
