times:
  edit-metadata: 1.2895422605797648
  landing: 0.020430587232112885
  view-data: 0.027326823212206364
