times:
  edit-metadata: 1.4707185635343194
  landing: 0.78438675776124
  view-data: 3.369780482724309
