times:
  edit-metadata: 1.5183531157672405
  landing: 0.9134039729833603
  view-data: 3.3601513542234898
