times:
  edit-metadata: 1.307911311276257
  landing: 0.01982343476265669
  view-data: 0.4118718057870865
