times:
  edit-metadata: 1.543623201083392
  landing: 0.8023831648752093
  view-data: 3.3482864988036454
