times:
  edit-metadata: 1.45961120352149
  landing: 0.9104431420564651
  view-data: 3.4684142135083675
