times:
  edit-metadata: 0.6015531658194959
  landing: 0.08028432773426175
  view-data: 0.24524550698697567
