times:
  edit-metadata: 0.5025170831941068
  landing: 0.09109573718160391
  view-data: 0.2141710352152586
