times:
  edit-metadata: 1.6294071711599827
  landing: 0.9893195703625679
  view-data: 3.477953150868416
