times:
  edit-metadata: 0.5140325701795518
  landing: 0.08900030003860593
  view-data: 0.21623828215524554
