times:
  edit-metadata: 1.4309389255940914
  landing: 0.7730376310646534
  view-data: 3.373208597302437
