times:
  edit-metadata: 1.6024108529090881
  landing: 0.9325900673866272
  view-data: 3.2967565059661865
