times:
  edit-metadata: 1.4268869599327445
  landing: 0.9622751690912992
  view-data: 3.3498751071747392
