times:
  edit-metadata: 1.5445146188139915
  landing: 0.738824313506484
  view-data: 3.3992128055542707
