times:
  edit-metadata: 1.5699525699019432
  landing: 0.8278747163712978
  view-data: 3.442408587783575
