times:
  edit-metadata: 1.3098444314673543
  landing: 0.020821557380259037
  view-data: 0.12215726263821125
