times:
  edit-metadata: 1.2987985145300627
  landing: 0.021054474636912346
  view-data: 0.2128656106069684
