times:
  edit-metadata: 1.4527792949229479
  landing: 0.7340098964050412
  view-data: 3.4315548203885555
