times:
  edit-metadata: 1.3719517467543483
  landing: 0.6986343702301383
  view-data: 3.281231690198183
