times:
  edit-metadata: 0.9076244761236012
  landing: 0.09306137403473258
  view-data: 0.23290562885813415
