times:
  edit-metadata: 1.8569444846361876
  landing: 0.8659669253975153
  view-data: 3.472897045314312
