times:
  edit-metadata: 0.49074013996869326
  landing: 0.0869783490197733
  view-data: 0.20407957094721496
