times:
  edit-metadata: 1.3029158730059862
  landing: 0.1427648328244686
  view-data: 0.027287489734590054
