times:
  edit-metadata: 0.49368208227679133
  landing: 0.04802699899300933
  view-data: 0.18336149910464883
