times:
  edit-metadata: 1.2993303975090384
  landing: 0.02077566832304001
  view-data: 0.4123802240937948
