times:
  edit-metadata: 2.3796033412218094
  landing: 1.4492054618895054
  view-data: 3.668123334646225
