times:
  edit-metadata: 1.4096584226936102
  landing: 0.14148910716176033
  view-data: 0.3537127338349819
