times:
  edit-metadata: 1.4767025485634804
  landing: 0.02058904990553856
  view-data: 0.12512167915701866
