times:
  edit-metadata: 0.49480566603597254
  landing: 0.17659171496052295
  view-data: 0.22844890598207712
