times:
  edit-metadata: 0.6325249611400068
  landing: 0.04082722216844559
  view-data: 0.3247953550890088
