times:
  edit-metadata: 1.856917723082006
  landing: 0.02121787518262863
  view-data: 0.02619659062474966
