times:
  edit-metadata: 0.536799208028242
  landing: 0.0504222750896588
  view-data: 0.20824065094348043
