times:
  edit-metadata: 1.6140655372291803
  landing: 0.37731979601085186
  view-data: 0.5425297766923904
