times:
  edit-metadata: 1.453318763524294
  landing: 0.2559601031243801
  view-data: 0.24340568855404854
