times:
  edit-metadata: 1.4139794763177633
  landing: 0.018316105008125305
  view-data: 0.31871635280549526
