times:
  edit-metadata: 1.3979529961943626
  landing: 0.02251890767365694
  view-data: 0.0269720908254385
