times:
  edit-metadata: 3.9367275470867753
  landing: 1.8671040823683143
  view-data: 3.921522689051926
