times:
  edit-metadata: 1.4278729436919093
  landing: 0.1312970882281661
  view-data: 0.3689532121643424
