times:
  edit-metadata: 1.4118345156311989
  landing: 0.7156811878085136
  view-data: 3.3011431861668825
