times:
  edit-metadata: 1.4491243218071759
  landing: 0.7419509310275316
  view-data: 3.3668420743197203
