times:
  edit-metadata: 1.273182456381619
  landing: 0.01956245955079794
  view-data: 0.027419142425060272
