times:
  edit-metadata: 1.5249399952590466
  landing: 0.7457732483744621
  view-data: 3.3739061821252108
