times:
  edit-metadata: 4.268272340297699
  landing: 2.451601594686508
  view-data: 4.286831896752119
