times:
  edit-metadata: 1.5107373017817736
  landing: 0.7924646195024252
  view-data: 3.4250235315412283
