times:
  edit-metadata: 0.4821904399432242
  landing: 0.05205043009482324
  view-data: 0.19278377597220242
