times:
  edit-metadata: 0.47619915194809437
  landing: 0.06424223887734115
  view-data: 0.1862563209142536
