times:
  edit-metadata: 1.3757243268191814
  landing: 0.8517659418284893
  view-data: 3.328071117401123
