times:
  edit-metadata: 1.3294537337496877
  landing: 0.022590387612581253
  view-data: 0.12201555073261261
