times:
  edit-metadata: 1.3914280980825424
  landing: 0.02174266427755356
  view-data: 0.5241430886089802
