times:
  edit-metadata: 0.4786416960414499
  landing: 0.05728296097368002
  view-data: 0.19154547108337283
