times:
  edit-metadata: 1.5275747440755367
  landing: 0.7680060341954231
  view-data: 3.4334311299026012
