times:
  edit-metadata: 1.5925496760755777
  landing: 0.9238457009196281
  view-data: 3.447462633252144
