times:
  edit-metadata: 1.5829658955335617
  landing: 0.8402471374720335
  view-data: 3.470423048362136
