times:
  edit-metadata: 0.43798579298891127
  landing: 0.04406032990664244
  view-data: 0.19317523995414376
