times:
  edit-metadata: 0.6148245208896697
  landing: 0.1092145349830389
  view-data: 0.25073052663356066
