times:
  edit-metadata: 0.4719117237254977
  landing: 0.04257511766627431
  view-data: 0.2094346429221332
