times:
  edit-metadata: 0.43795946589671075
  landing: 0.049113230081275105
  view-data: 0.19573238911107183
