times:
  edit-metadata: 1.325482651591301
  landing: 1.1627858020365238
  view-data: 3.2762595862150192
