times:
  edit-metadata: 1.2971936706453562
  landing: 0.020075997337698936
  view-data: 0.025295509956777096
