times:
  edit-metadata: 1.2944407369941473
  landing: 0.02229587361216545
  view-data: 0.026830746792256832
