times:
  edit-metadata: 0.45789149892516434
  landing: 0.05382566596381366
  view-data: 0.19756732089444995
