times:
  edit-metadata: 1.281111877411604
  landing: 0.02058571297675371
  view-data: 0.026292924769222736
