times:
  edit-metadata: 1.3033383712172508
  landing: 0.022229444235563278
  view-data: 0.11865858919918537
