times:
  edit-metadata: 1.2974723251536489
  landing: 0.02297324128448963
  view-data: 0.026952018961310387
