times:
  edit-metadata: 0.5223845129366964
  landing: 0.0549253118224442
  view-data: 0.2106914040632546
