times:
  edit-metadata: 1.3733750525861979
  landing: 0.2242862805724144
  view-data: 0.4394677309319377
