times:
  edit-metadata: 1.6460951957851648
  landing: 0.7666241116821766
  view-data: 3.378859721124172
