times:
  edit-metadata: 1.3006873447448015
  landing: 0.11843421868979931
  view-data: 0.027088524773716927
