times:
  edit-metadata: 0.5815896939893719
  landing: 0.05358928398345597
  view-data: 0.20700783899519593
