times:
  edit-metadata: 1.4237960278987885
  landing: 0.02165324054658413
  view-data: 0.025570807978510857
