times:
  edit-metadata: 0.5387695766985416
  landing: 0.05679365713149309
  view-data: 0.27161536971107125
