times:
  edit-metadata: 1.4012540457770228
  landing: 0.8761673150584102
  view-data: 3.393628519959748
