times:
  edit-metadata: 0.48416129406541586
  landing: 0.04264113027602434
  view-data: 0.19486830197274685
