times:
  edit-metadata: 1.5639989380724728
  landing: 0.8514199927449226
  view-data: 3.34879546193406
