times:
  edit-metadata: 1.507680470123887
  landing: 0.7837148364633322
  view-data: 3.469987453892827
