times:
  edit-metadata: 0.5103958619874902
  landing: 0.07039988998440094
  view-data: 0.21341663697967306
