times:
  edit-metadata: 1.3247503256425261
  landing: 0.01923949085175991
  view-data: 0.09599243104457855
