times:
  edit-metadata: 1.4205072112381458
  landing: 0.8075645454227924
  view-data: 3.3474149331450462
