times:
  edit-metadata: 0.4764788921456784
  landing: 0.05784281296655536
  view-data: 0.20501832501031458
