times:
  edit-metadata: 1.6073826719075441
  landing: 0.41917210444808006
  view-data: 0.23853552900254726
