times:
  edit-metadata: 0.44964586989954114
  landing: 0.044870741199702024
  view-data: 0.18895040033385158
