times:
  edit-metadata: 1.4392854571342468
  landing: 0.8768948204815388
  view-data: 3.3073669597506523
