times:
  edit-metadata: 0.49330688698682934
  landing: 0.053503326955251396
  view-data: 0.21060787700116634
