times:
  edit-metadata: 1.4654617309570312
  landing: 0.2227527629584074
  view-data: 0.16699747927486897
