times:
  edit-metadata: 1.4788673929870129
  landing: 0.7436045501381159
  view-data: 3.4008083092048764
