times:
  edit-metadata: 0.6194198851007968
  landing: 0.06707890704274178
  view-data: 0.25695709395222366
