times:
  edit-metadata: 1.5114456778392196
  landing: 0.78724634507671
  view-data: 3.4087862609885633
