times:
  edit-metadata: 1.3069181991741061
  landing: 0.019397727213799953
  view-data: 0.02615008968859911
