times:
  edit-metadata: 1.8186992816627026
  landing: 1.4125651605427265
  view-data: 3.34294606000185
