times:
  edit-metadata: 0.4616493540816009
  landing: 0.04483241494745016
  view-data: 0.18110530311241746
