times:
  edit-metadata: 0.6330131110735238
  landing: 0.04839745117351413
  view-data: 0.30021167919039726
