times:
  edit-metadata: 0.4732001759111881
  landing: 0.04647500067949295
  view-data: 0.18990175891667604
