times:
  edit-metadata: 0.4679369479417801
  landing: 0.039871655870229006
  view-data: 0.19148899521678686
