times:
  edit-metadata: 1.4946966283023357
  landing: 0.02497316151857376
  view-data: 0.3625782448798418
