times:
  edit-metadata: 1.3651459366083145
  landing: 0.8138840161263943
  view-data: 3.29625091701746
