times:
  edit-metadata: 0.44627091009169817
  landing: 0.04580548871308565
  view-data: 0.19266681605949998
