times:
  edit-metadata: 1.8402057364583015
  landing: 1.625914502888918
  view-data: 3.4009701758623123
