times:
  edit-metadata: 0.4436732050962746
  landing: 0.05403223680332303
  view-data: 0.19254758721217513
