times:
  edit-metadata: 0.4534715423360467
  landing: 0.04814508277922869
  view-data: 0.19399045826867223
