times:
  edit-metadata: 0.504579440690577
  landing: 0.09193835593760014
  view-data: 0.22640841687098145
