times:
  edit-metadata: 1.5186354480683804
  landing: 0.876835647970438
  view-data: 3.4113007746636868
