times:
  edit-metadata: 1.5654548481106758
  landing: 0.8806168884038925
  view-data: 3.3139759562909603
