times:
  edit-metadata: 1.6572552090510726
  landing: 0.7709248475730419
  view-data: 3.329582689329982
