times:
  edit-metadata: 1.542074151802808
  landing: 1.0297408099286258
  view-data: 3.417339683044702
