times:
  edit-metadata: 1.2779424153268337
  landing: 0.02159485872834921
  view-data: 0.1339961141347885
