times:
  edit-metadata: 1.4631350599229336
  landing: 0.772044553887099
  view-data: 3.6301788459531963
