times:
  edit-metadata: 1.477777848020196
  landing: 0.7582108397036791
  view-data: 3.394858043640852
