times:
  edit-metadata: 0.4736980418674648
  landing: 0.056210832204669714
  view-data: 0.2043243427760899
