times:
  edit-metadata: 1.240852290764451
  landing: 0.8058137698099017
  view-data: 3.3261557216756046
