times:
  edit-metadata: 1.340174712240696
  landing: 0.8165421858429909
  view-data: 3.365614026784897
