times:
  edit-metadata: 1.4873491302132607
  landing: 0.7602151408791542
  view-data: 3.3226935639977455
