times:
  edit-metadata: 1.4309155866503716
  landing: 0.757516898214817
  view-data: 3.329544086009264
