times:
  edit-metadata: 1.5015905946493149
  landing: 0.9345207959413528
  view-data: 3.3116791769862175
