times:
  edit-metadata: 1.4106978699564934
  landing: 0.788496695458889
  view-data: 3.4481601268053055
