times:
  edit-metadata: 1.378427006304264
  landing: 0.746910810470581
  view-data: 3.4543963223695755
