times:
  edit-metadata: 1.60994179174304
  landing: 0.8870680071413517
  view-data: 3.4018852338194847
