times:
  edit-metadata: 1.4716688394546509
  landing: 0.7437152490019798
  view-data: 3.2583980225026608
