times:
  edit-metadata: 1.4225223809480667
  landing: 0.7670554891228676
  view-data: 3.528523214161396
