times:
  edit-metadata: 1.4003767520189285
  landing: 0.7399393655359745
  view-data: 3.3152209147810936
