times:
  edit-metadata: 1.654855664819479
  landing: 0.8228520564734936
  view-data: 3.3336447328329086
