times:
  edit-metadata: 1.5594918988645077
  landing: 0.8372521288692951
  view-data: 3.3672302290797234
