times:
  edit-metadata: 1.4705846905708313
  landing: 0.797103688120842
  view-data: 3.333121746778488
