times:
  edit-metadata: 1.4251740202307701
  landing: 0.761625736951828
  view-data: 3.5483824387192726
