times:
  edit-metadata: 1.5152073204517365
  landing: 0.7788554728031158
  view-data: 3.5107141360640526
