times:
  edit-metadata: 1.435205314308405
  landing: 0.7568323910236359
  view-data: 3.378755770623684
