times:
  edit-metadata: 1.5337957665324211
  landing: 0.8196981698274612
  view-data: 3.459503412246704
