times:
  edit-metadata: 1.366647943854332
  landing: 0.7537712641060352
  view-data: 3.3126465789973736
