times:
  edit-metadata: 1.6651994213461876
  landing: 0.9273294284939766
  view-data: 3.523863360285759
