times:
  edit-metadata: 1.5347114577889442
  landing: 0.8845935240387917
  view-data: 3.288739077746868
