times:
  edit-metadata: 1.6174350902438164
  landing: 0.8502139709889889
  view-data: 3.334867436438799
