times:
  edit-metadata: 1.4485956579446793
  landing: 0.7482480108737946
  view-data: 3.335546739399433
