times:
  edit-metadata: 1.5300734713673592
  landing: 0.7376338392496109
  view-data: 3.498920261859894
