times:
  edit-metadata: 1.3530065715312958
  landing: 0.7576722428202629
  view-data: 3.2481577321887016
