times:
  edit-metadata: 1.451580286026001
  landing: 0.8142575472593307
  view-data: 3.4594404473900795
