times:
  edit-metadata: 1.5530354529619217
  landing: 0.7104426771402359
  view-data: 3.508176699280739
