times:
  edit-metadata: 1.536280557513237
  landing: 0.7685535401105881
  view-data: 3.5078652054071426
