times:
  edit-metadata: 1.5202336832880974
  landing: 0.7945305146276951
  view-data: 3.343127168715
