times:
  edit-metadata: 1.3658351674675941
  landing: 0.7614863142371178
  view-data: 3.3432746529579163
