times:
  edit-metadata: 1.2741525694727898
  landing: 0.8907759338617325
  view-data: 3.5299911126494408
