times:
  edit-metadata: 1.5118404105305672
  landing: 0.8328658789396286
  view-data: 3.544363394379616
