times:
  edit-metadata: 1.4721338897943497
  landing: 0.7986598610877991
  view-data: 3.3253787085413933
