times:
  edit-metadata: 1.474942609667778
  landing: 0.7227540127933025
  view-data: 3.380827236920595
