times:
  edit-metadata: 1.4578757584095001
  landing: 0.7751851975917816
  view-data: 3.4716778323054314
