times:
  edit-metadata: 1.9689373970031738
  landing: 1.00432513281703
  view-data: 3.373628079891205
