times:
  edit-metadata: 1.5273191668093204
  landing: 0.7987985350191593
  view-data: 3.328176036477089
