times:
  edit-metadata: 1.5112747848033905
  landing: 0.7951159030199051
  view-data: 3.5063533410429955
