times:
  edit-metadata: 1.515441458672285
  landing: 0.8182757720351219
  view-data: 3.3184706270694733
