times:
  edit-metadata: 1.5451428145170212
  landing: 0.8299326226115227
  view-data: 3.4489302709698677
