times:
  edit-metadata: 1.350650131702423
  landing: 0.8320454768836498
  view-data: 3.3753473199903965
