times:
  edit-metadata: 1.379758931696415
  landing: 0.7906536906957626
  view-data: 3.4738190546631813
