times:
  edit-metadata: 1.393097698688507
  landing: 0.7006523534655571
  view-data: 3.50506292283535
