times:
  edit-metadata: 1.472070388495922
  landing: 0.6689199283719063
  view-data: 3.5087725669145584
