times:
  edit-metadata: 1.3509195894002914
  landing: 0.7424886450171471
  view-data: 3.54032876342535
