times:
  edit-metadata: 1.4399950876832008
  landing: 0.7883746549487114
  view-data: 3.360829472541809
