times:
  edit-metadata: 1.3654097467660904
  landing: 0.8036297336220741
  view-data: 3.524470515549183
