times:
  edit-metadata: 1.4704961404204369
  landing: 0.8619553670287132
  view-data: 3.4619607627391815
