times:
  edit-metadata: 1.5275454334914684
  landing: 0.8472329303622246
  view-data: 3.3133441358804703
