times:
  edit-metadata: 1.4133711084723473
  landing: 0.7802774980664253
  view-data: 3.393043376505375
