times:
  edit-metadata: 1.363806925714016
  landing: 0.7642111331224442
  view-data: 3.490230903029442
