times:
  edit-metadata: 1.5098004750907421
  landing: 0.8126866370439529
  view-data: 3.4585734494030476
