times:
  edit-metadata: 2.0199189111590385
  landing: 1.488265037536621
  view-data: 3.7550682239234447
