times:
  edit-metadata: 1.4101641438901424
  landing: 0.8872836232185364
  view-data: 3.3501175194978714
