times:
  edit-metadata: 1.304363138973713
  landing: 0.7592059522867203
  view-data: 3.4884783029556274
