times:
  edit-metadata: 1.5660769306123257
  landing: 0.9192638732492924
  view-data: 3.3808307759463787
