times:
  edit-metadata: 1.4073370024561882
  landing: 0.7523704171180725
  view-data: 3.437711149454117
