times:
  edit-metadata: 1.5038693398237228
  landing: 0.8688712269067764
  view-data: 3.498075842857361
