times:
  edit-metadata: 1.475254874676466
  landing: 0.7325502075254917
  view-data: 3.2861641868948936
