times:
  edit-metadata: 1.6721275560557842
  landing: 0.9530690163373947
  view-data: 3.3034657947719097
