times:
  edit-metadata: 1.4505993947386742
  landing: 0.7530633360147476
  view-data: 3.478820316493511
