times:
  edit-metadata: 1.4271628260612488
  landing: 0.7091077342629433
  view-data: 3.505324549973011
