times:
  edit-metadata: 1.4789744317531586
  landing: 0.7956759929656982
  view-data: 3.528238520026207
