times:
  edit-metadata: 1.8966726623475552
  landing: 0.9078933894634247
  view-data: 3.4452100209891796
