times:
  edit-metadata: 1.4259026609361172
  landing: 0.7480570264160633
  view-data: 3.2632396332919598
