times:
  edit-metadata: 1.4695236831903458
  landing: 0.7678009495139122
  view-data: 3.4503394439816475
