times:
  edit-metadata: 1.4358712285757065
  landing: 0.7514937296509743
  view-data: 3.4569759890437126
