times:
  edit-metadata: 1.410961214452982
  landing: 0.8362451232969761
  view-data: 3.3352409452199936
