times:
  edit-metadata: 1.594038337469101
  landing: 0.9666924998164177
  view-data: 3.560907930135727
