times:
  edit-metadata: 1.6685193590819836
  landing: 0.9259229563176632
  view-data: 3.314267136156559
