times:
  edit-metadata: 1.381839096546173
  landing: 0.9171690717339516
  view-data: 3.657217040657997
