times:
  edit-metadata: 1.6386735811829567
  landing: 0.9293597042560577
  view-data: 3.407315544784069
