times:
  edit-metadata: 1.5277265459299088
  landing: 0.860676221549511
  view-data: 3.282175362110138
