times:
  edit-metadata: 2.068284932523966
  landing: 1.407036192715168
  view-data: 3.4477414898574352
