times:
  edit-metadata: 1.3479711338877678
  landing: 0.7561665400862694
  view-data: 3.292013254016638
