times:
  edit-metadata: 1.4110955595970154
  landing: 0.7884061485528946
  view-data: 3.378336787223816
