times:
  edit-metadata: 1.4059965685009956
  landing: 0.7974239438772202
  view-data: 3.3503797873854637
