times:
  edit-metadata: 1.4476840235292912
  landing: 0.8161152452230453
  view-data: 3.2895624712109566
