times:
  edit-metadata: 1.3256089985370636
  landing: 0.7037884071469307
  view-data: 3.290081262588501
