times:
  edit-metadata: 1.5344418436288834
  landing: 1.3064511269330978
  view-data: 3.7396923154592514
