times:
  edit-metadata: 1.4009098559617996
  landing: 0.755521148443222
  view-data: 3.470459833741188
