times:
  edit-metadata: 1.3781506232917309
  landing: 0.8329299911856651
  view-data: 3.2900039181113243
