times:
  edit-metadata: 1.4413565322756767
  landing: 0.8399580493569374
  view-data: 3.4378480538725853
