times:
  edit-metadata: 1.3648010045289993
  landing: 0.8518929108977318
  view-data: 3.5328831374645233
