times:
  edit-metadata: 1.4705857932567596
  landing: 0.7877794578671455
  view-data: 3.335925567895174
