times:
  edit-metadata: 1.387854278087616
  landing: 1.0696270689368248
  view-data: 3.402153491973877
