times:
  edit-metadata: 1.4500530920922756
  landing: 0.8000879548490047
  view-data: 3.32553905621171
