times:
  edit-metadata: 1.4750632494688034
  landing: 0.7032992988824844
  view-data: 3.4804214611649513
