times:
  edit-metadata: 2.0221174135804176
  landing: 1.1049780920147896
  view-data: 3.4742465130984783
