times:
  edit-metadata: 1.436562940478325
  landing: 0.8412793949246407
  view-data: 3.476223774254322
