times:
  edit-metadata: 1.6352135576307774
  landing: 1.5626937225461006
  view-data: 3.308726504445076
