times:
  edit-metadata: 1.3410158902406693
  landing: 0.7555295005440712
  view-data: 3.4460068494081497
