times:
  edit-metadata: 1.3468041829764843
  landing: 0.7269998081028461
  view-data: 3.325365748256445
