times:
  edit-metadata: 1.576073981821537
  landing: 0.7839370295405388
  view-data: 3.509271986782551
