times:
  edit-metadata: 1.3908914923667908
  landing: 0.7858605459332466
  view-data: 3.461223602294922
