times:
  edit-metadata: 1.4249160066246986
  landing: 0.8333530277013779
  view-data: 3.4695153906941414
