times:
  edit-metadata: 1.3952441401779652
  landing: 0.7672815583646297
  view-data: 3.317294519394636
