times:
  edit-metadata: 1.4721326306462288
  landing: 0.7709486186504364
  view-data: 3.5054603815078735
