times:
  edit-metadata: 2.8801335394382477
  landing: 1.8011029437184334
  view-data: 3.774915710091591
