times:
  edit-metadata: 1.4615450948476791
  landing: 0.7917495444417
  view-data: 3.387848623096943
