times:
  edit-metadata: 1.5190506502985954
  landing: 0.7915098443627357
  view-data: 3.308662712574005
