times:
  edit-metadata: 1.441754788160324
  landing: 0.6833447590470314
  view-data: 3.247938387095928
