times:
  edit-metadata: 2.176038697361946
  landing: 1.1550796926021576
  view-data: 3.5457486733794212
