times:
  edit-metadata: 1.3563222512602806
  landing: 0.7808799967169762
  view-data: 3.387822702527046
