times:
  edit-metadata: 1.4725096262991428
  landing: 1.0259455442428589
  view-data: 3.3095077872276306
