times:
  edit-metadata: 1.3498942106962204
  landing: 0.8361414968967438
  view-data: 3.5564256086945534
