times:
  edit-metadata: 1.5346285253763199
  landing: 0.8310583308339119
  view-data: 3.3473850563168526
