times:
  edit-metadata: 1.4896131344139576
  landing: 0.9224417060613632
  view-data: 3.350194428116083
