times:
  edit-metadata: 1.390408955514431
  landing: 0.762803740799427
  view-data: 3.2926597967743874
