times:
  edit-metadata: 1.364676721394062
  landing: 0.7756049185991287
  view-data: 3.5548278838396072
