times:
  edit-metadata: 1.4838020652532578
  landing: 0.7215546742081642
  view-data: 3.524615965783596
