times:
  edit-metadata: 1.4850161001086235
  landing: 0.8599216416478157
  view-data: 3.3497727662324905
