times:
  edit-metadata: 1.5158532485365868
  landing: 0.7934588864445686
  view-data: 3.390729248523712
