times:
  edit-metadata: 1.494808241724968
  landing: 0.9160534888505936
  view-data: 3.5985642597079277
