times:
  edit-metadata: 1.9886093363165855
  landing: 1.1553654670715332
  view-data: 3.398002400994301
