times:
  edit-metadata: 1.4920937344431877
  landing: 0.8976186439394951
  view-data: 3.3475657925009727
