times:
  edit-metadata: 1.4033355377614498
  landing: 0.8100079298019409
  view-data: 3.2797610461711884
