times:
  edit-metadata: 1.740001305937767
  landing: 0.7400416731834412
  view-data: 3.334333434700966
