times:
  edit-metadata: 1.3746513277292252
  landing: 0.8010673895478249
  view-data: 3.505602404475212
