times:
  edit-metadata: 1.455342449247837
  landing: 0.797040194272995
  view-data: 3.3698877841234207
