times:
  edit-metadata: 1.5591967180371284
  landing: 0.7708737328648567
  view-data: 3.2921334207057953
