times:
  edit-metadata: 1.4364475682377815
  landing: 0.7940200418233871
  view-data: 3.389691688120365
