times:
  edit-metadata: 1.5189526714384556
  landing: 0.9182094968855381
  view-data: 3.394112166017294
