times:
  edit-metadata: 1.4629220962524414
  landing: 0.7228811085224152
  view-data: 3.520594008266926
