times:
  edit-metadata: 1.4273550733923912
  landing: 0.8052978068590164
  view-data: 3.4803041219711304
