times:
  edit-metadata: 1.6368786543607712
  landing: 0.8732219189405441
  view-data: 3.620869256556034
