times:
  edit-metadata: 1.369826816022396
  landing: 0.7323912382125854
  view-data: 3.2471399269998074
