times:
  edit-metadata: 1.4720983505249023
  landing: 0.8919369801878929
  view-data: 3.326622985303402
