times:
  edit-metadata: 2.3180140033364296
  landing: 1.2535635232925415
  view-data: 3.4603620171546936
