times:
  edit-metadata: 1.4695420376956463
  landing: 0.7535831220448017
  view-data: 3.3489422872662544
