times:
  edit-metadata: 1.468215849250555
  landing: 0.8574220202863216
  view-data: 3.345135696232319
