times:
  edit-metadata: 1.422446757555008
  landing: 0.7406176924705505
  view-data: 3.469413034617901
