times:
  edit-metadata: 1.4442913308739662
  landing: 1.1776415780186653
  view-data: 3.5491358786821365
