times:
  edit-metadata: 1.4556414186954498
  landing: 0.783112172037363
  view-data: 3.2901974506676197
