times:
  edit-metadata: 1.502656988799572
  landing: 0.8532949835062027
  view-data: 3.5130590200424194
