times:
  edit-metadata: 1.3965124860405922
  landing: 0.7423767596483231
  view-data: 3.4968403205275536
