times:
  edit-metadata: 1.5489743128418922
  landing: 0.8756066262722015
  view-data: 3.347072958946228
