times:
  edit-metadata: 1.4673309065401554
  landing: 0.7367135100066662
  view-data: 3.323034893721342
