times:
  edit-metadata: 1.5135231129825115
  landing: 0.9202464148402214
  view-data: 3.3465568237006664
