times:
  edit-metadata: 1.5400463417172432
  landing: 0.8949080444872379
  view-data: 3.4074082039296627
