times:
  edit-metadata: 1.915872648358345
  landing: 1.3559082448482513
  view-data: 3.6266968697309494
