times:
  edit-metadata: 2.1283304318785667
  landing: 1.1047220453619957
  view-data: 3.4739828556776047
