times:
  edit-metadata: 1.5659278109669685
  landing: 0.9393163844943047
  view-data: 3.2874726355075836
