times:
  edit-metadata: 1.734084464609623
  landing: 0.9440407641232014
  view-data: 3.349629882723093
