times:
  edit-metadata: 1.3997753337025642
  landing: 0.6950257197022438
  view-data: 3.4776096791028976
