times:
  edit-metadata: 1.3712129890918732
  landing: 0.7602885812520981
  view-data: 3.4307683631777763
