times:
  edit-metadata: 1.5410548225045204
  landing: 0.7480302304029465
  view-data: 3.483082965016365
