times:
  edit-metadata: 1.4013218060135841
  landing: 0.9598009772598743
  view-data: 3.351650260388851
