times:
  edit-metadata: 1.451477289199829
  landing: 0.8310630992054939
  view-data: 3.3144777417182922
