times:
  edit-metadata: 1.4270094856619835
  landing: 0.7259345352649689
  view-data: 3.4556501284241676
