times:
  edit-metadata: 1.4728643745183945
  landing: 0.7724095955491066
  view-data: 3.597474716603756
