times:
  edit-metadata: 1.3542401045560837
  landing: 0.6996835991740227
  view-data: 3.4419825822114944
