times:
  edit-metadata: 1.4666809663176537
  landing: 0.7183724567294121
  view-data: 3.487719900906086
