times:
  edit-metadata: 1.3840892687439919
  landing: 0.7623297646641731
  view-data: 3.436542399227619
