times:
  edit-metadata: 1.4495564103126526
  landing: 0.7707197517156601
  view-data: 3.4771433025598526
