times:
  edit-metadata: 1.3496573865413666
  landing: 0.737230122089386
  view-data: 3.4139416068792343
