times:
  edit-metadata: 1.4622146412730217
  landing: 0.7277096211910248
  view-data: 3.5380748882889748
