times:
  edit-metadata: 1.5081822462379932
  landing: 0.835518516600132
  view-data: 3.3970123156905174
