times:
  edit-metadata: 1.9640786312520504
  landing: 1.2271209359169006
  view-data: 3.993600606918335
