times:
  edit-metadata: 2.466579135507345
  landing: 1.4520627334713936
  view-data: 3.703939437866211
