times:
  edit-metadata: 1.9038598835468292
  landing: 1.5905521214008331
  view-data: 3.7300791181623936
