times:
  edit-metadata: 2.2971717305481434
  landing: 0.9247030317783356
  view-data: 3.306592982262373
