times:
  edit-metadata: 1.066637931857258
  landing: 0.07670215214602649
  view-data: 0.19564066408202052
