times:
  edit-metadata: 1.4457256402820349
  landing: 0.787393132224679
  view-data: 3.32669863011688
