times:
  edit-metadata: 1.608525861054659
  landing: 0.14554564096033573
  view-data: 0.31480362080037594
