times:
  edit-metadata: 0.5727037009783089
  landing: 0.04354467708617449
  view-data: 0.19816223485395312
