times:
  edit-metadata: 1.553146978840232
  landing: 0.7977754808962345
  view-data: 3.4242317099124193
