times:
  edit-metadata: 0.593413945985958
  landing: 0.0728783140075393
  view-data: 0.22170109499711543
