times:
  edit-metadata: 1.5093927830457687
  landing: 0.8902612570673227
  view-data: 3.460696129128337
