times:
  edit-metadata: 0.8734673615545034
  landing: 0.5905004628002644
  view-data: 0.3145679272711277
