times:
  edit-metadata: 1.7241059727966785
  landing: 0.060446031391620636
  view-data: 0.025872187688946724
