times:
  edit-metadata: 1.524397786008194
  landing: 0.9035107460804284
  view-data: 3.405337676173076
