times:
  edit-metadata: 0.9727513175457716
  landing: 1.3903420343995094
  view-data: 0.3270477671176195
