times:
  edit-metadata: 0.6145028850296512
  landing: 0.0660582990385592
  view-data: 0.22562889102846384
