times:
  edit-metadata: 2.2692780438810587
  landing: 0.1356138177216053
  view-data: 0.42758344672620296
