times:
  edit-metadata: 0.553807973396033
  landing: 0.03829766297712922
  view-data: 0.20117946807295084
