times:
  edit-metadata: 1.5850591249763966
  landing: 0.022934790700674057
  view-data: 0.5164690352976322
