times:
  edit-metadata: 1.6096995640546083
  landing: 0.759784996509552
  view-data: 3.4138386603444815
