times:
  edit-metadata: 0.9766725525259972
  landing: 0.04470156133174896
  view-data: 0.20517973974347115
