times:
  edit-metadata: 2.3993577361106873
  landing: 0.2831367403268814
  view-data: 0.4957289770245552
