times:
  edit-metadata: 0.8915631603449583
  landing: 1.2329975068569183
  view-data: 0.2937520444393158
