times:
  edit-metadata: 0.5519420141354203
  landing: 0.04114725813269615
  view-data: 0.20185053814202547
