times:
  edit-metadata: 1.5390646625310183
  landing: 0.021031943149864674
  view-data: 0.023873690515756607
