times:
  edit-metadata: 1.490598814561963
  landing: 0.020909205079078674
  view-data: 0.4132308829575777
