times:
  edit-metadata: 0.2907402142882347
  landing: 0.47439453192055225
  view-data: 0.20561008900403976
