times:
  edit-metadata: 1.5328068509697914
  landing: 0.7998041100800037
  view-data: 3.3636505100876093
