times:
  edit-metadata: 0.8691145200282335
  landing: 0.7744268272072077
  view-data: 0.3155738916248083
