times:
  edit-metadata: 1.6851544734090567
  landing: 0.23125740885734558
  view-data: 0.02402106486260891
