times:
  edit-metadata: 0.7655005217529833
  landing: 0.08943992014974356
  view-data: 0.2274254341609776
