times:
  edit-metadata: 1.3630966395139694
  landing: 0.8654519282281399
  view-data: 3.3699558153748512
