times:
  edit-metadata: 3.5013706013560295
  landing: 2.2573558911681175
  view-data: 4.700222805142403
