times:
  edit-metadata: 1.5145036093890667
  landing: 0.21023602318018675
  view-data: 0.024139980785548687
