times:
  edit-metadata: 1.4907155260443687
  landing: 0.7668127231299877
  view-data: 3.4022865183651447
