times:
  edit-metadata: 0.5376207041554153
  landing: 0.0486933751963079
  view-data: 0.4658369538374245
