times:
  edit-metadata: 1.5077187670394778
  landing: 0.020333084277808666
  view-data: 0.13344974908977747
