times:
  edit-metadata: 1.5188035536557436
  landing: 0.8564466778188944
  view-data: 3.410236421972513
