times:
  edit-metadata: 0.41265355981886387
  landing: 0.627642061561346
  view-data: 0.21600966528058052
