times:
  edit-metadata: 1.688152376562357
  landing: 0.209518413990736
  view-data: 0.40310110803693533
