times:
  edit-metadata: 0.6102894260548055
  landing: 0.04674618784338236
  view-data: 0.19954724190756679
