times:
  edit-metadata: 0.5528330910019577
  landing: 0.0372228822670877
  view-data: 0.20657720789313316
