times:
  edit-metadata: 0.8043942060321569
  landing: 0.4288901148829609
  view-data: 0.20892199501395226
