times:
  edit-metadata: 0.5604596431367099
  landing: 0.04895427217707038
  view-data: 0.201663076877594
