times:
  edit-metadata: 0.5485981153324246
  landing: 0.04944335203617811
  view-data: 0.20039449771866202
