times:
  edit-metadata: 0.5754784800228663
  landing: 0.038777579029556364
  view-data: 0.19242422003298998
