times:
  edit-metadata: 1.693711280822754
  landing: 0.17351526394486427
  view-data: 0.028801003471016884
