times:
  edit-metadata: 0.8105871044099331
  landing: 0.5499187000095844
  view-data: 0.19685174338519573
