times:
  edit-metadata: 1.5176064521074295
  landing: 0.7152497414499521
  view-data: 3.4233050122857094
