times:
  edit-metadata: 0.5923314029350877
  landing: 0.14041583705693483
  view-data: 0.39053890109062195
