times:
  edit-metadata: 1.5136365294456482
  landing: 0.019403574988245964
  view-data: 0.37650574557483196
