times:
  edit-metadata: 1.3870791578665376
  landing: 0.8822299526073039
  view-data: 3.3636007490567863
