times:
  edit-metadata: 0.5927461559767835
  landing: 0.05606312496820465
  view-data: 0.20353598101064563
