times:
  edit-metadata: 1.3725548568181694
  landing: 0.8500454043969512
  view-data: 3.3987164138816297
