times:
  edit-metadata: 0.587994049070403
  landing: 0.05029562395066023
  view-data: 0.19681837502866983
