times:
  edit-metadata: 0.6246624289778993
  landing: 0.07098973297979683
  view-data: 0.2249134989688173
