times:
  edit-metadata: 1.507548563182354
  landing: 0.793846333399415
  view-data: 3.41398729942739
