times:
  edit-metadata: 1.5299422070384026
  landing: 0.21348607167601585
  view-data: 0.023045776411890984
