times:
  edit-metadata: 1.4425578797236085
  landing: 0.021152333356440067
  view-data: 0.023900602012872696
