times:
  edit-metadata: 1.3612050339579582
  landing: 0.8587764576077461
  view-data: 3.4348653443157673
