times:
  edit-metadata: 0.6085191438905895
  landing: 0.0697187539190054
  view-data: 0.3637550650164485
