times:
  edit-metadata: 0.36867761239409447
  landing: 0.6191944908350706
  view-data: 0.19574838876724243
