times:
  edit-metadata: 0.6253564169164747
  landing: 0.08386670600157231
  view-data: 0.19468272000085562
