times:
  edit-metadata: 1.5328328823670745
  landing: 0.02062453981488943
  view-data: 0.22804678231477737
