times:
  edit-metadata: 0.6712715299800038
  landing: 0.06552582699805498
  view-data: 0.23016170505434275
