times:
  edit-metadata: 1.4142842385917902
  landing: 0.7711596246808767
  view-data: 3.322358375415206
