times:
  edit-metadata: 1.5528228152543306
  landing: 0.8076291233301163
  view-data: 3.430369343608618
