times:
  edit-metadata: 0.5813978933729231
  landing: 0.05698965210467577
  view-data: 0.2055892962962389
