times:
  edit-metadata: 1.5472356639802456
  landing: 0.18596390075981617
  view-data: 0.446154048666358
