times:
  edit-metadata: 0.5767060230136849
  landing: 0.045370087027549744
  view-data: 0.2075332590029575
