times:
  edit-metadata: 1.4131506234407425
  landing: 0.6565965078771114
  view-data: 3.326502127572894
