times:
  edit-metadata: 1.397689450532198
  landing: 0.9354136250913143
  view-data: 3.3589999973773956
