times:
  edit-metadata: 0.6303424891084433
  landing: 0.05764501495286822
  view-data: 0.23513595503754914
