times:
  edit-metadata: 0.5454109340207651
  landing: 0.05394153296947479
  view-data: 0.18876040307804942
