times:
  edit-metadata: 1.5895961374044418
  landing: 0.24320089630782604
  view-data: 0.2782990876585245
