times:
  edit-metadata: 1.8474868265911937
  landing: 1.5544822681695223
  view-data: 3.397680077701807
