times:
  edit-metadata: 0.6388043490005657
  landing: 0.04434440494515002
  view-data: 0.22111200203653425
