times:
  edit-metadata: 1.5525067374110222
  landing: 0.8183611407876015
  view-data: 3.414516821503639
