times:
  edit-metadata: 1.4189486289396882
  landing: 0.7900560142006725
  view-data: 3.281575096072629
