times:
  edit-metadata: 0.8663547355681658
  landing: 0.93028674274683
  view-data: 0.17482545599341393
