times:
  edit-metadata: 1.8027309905737638
  landing: 0.20365086197853088
  view-data: 0.33025246299803257
