times:
  edit-metadata: 1.4526704847812653
  landing: 0.9190689250826836
  view-data: 3.313815914094448
