times:
  edit-metadata: 0.6082897242158651
  landing: 0.06954714795574546
  view-data: 0.2324719950556755
