times:
  edit-metadata: 0.5539003189187497
  landing: 0.04767978610470891
  view-data: 0.2007613740861416
