times:
  edit-metadata: 0.5914382149931043
  landing: 0.04958975000772625
  view-data: 0.20562924101250246
