times:
  edit-metadata: 0.6489935939898714
  landing: 0.06936502200551331
  view-data: 0.21776564797619358
