times:
  edit-metadata: 1.5339842103421688
  landing: 0.1276206225156784
  view-data: 0.024687107652425766
