times:
  edit-metadata: 1.6002069599926472
  landing: 0.8800655230879784
  view-data: 3.454063767567277
