times:
  edit-metadata: 1.806053925305605
  landing: 0.15954679064452648
  view-data: 0.15626701153814793
