times:
  edit-metadata: 1.497026590630412
  landing: 0.020749732851982117
  view-data: 0.32667912170290947
