times:
  edit-metadata: 0.33200718834996223
  landing: 1.130956582725048
  view-data: 0.41520118340849876
