times:
  edit-metadata: 1.7725807800889015
  landing: 0.2452144343405962
  view-data: 0.31642662547528744
