times:
  edit-metadata: 0.5905219381675124
  landing: 0.04630312975496054
  view-data: 0.20790847390890121
