times:
  edit-metadata: 0.5757903349585831
  landing: 0.04906853917054832
  view-data: 0.19345436594448984
