times:
  edit-metadata: 0.6539002428762615
  landing: 0.05174233904108405
  view-data: 0.35913322772830725
