times:
  edit-metadata: 1.378014374524355
  landing: 0.8942550681531429
  view-data: 3.3356322906911373
