times:
  edit-metadata: 1.521833848208189
  landing: 1.0858729481697083
  view-data: 3.3579316921532154
