times:
  edit-metadata: 0.5919514310080558
  landing: 0.044042214984074235
  view-data: 0.1992139460053295
