times:
  edit-metadata: 0.6129656140692532
  landing: 0.060265606036409736
  view-data: 0.2234172490425408
