times:
  edit-metadata: 0.5629733931273222
  landing: 0.047470026183873415
  view-data: 0.20208344887942076
