times:
  edit-metadata: 1.5083135413005948
  landing: 0.01936270110309124
  view-data: 0.13389936555176973
