times:
  edit-metadata: 1.7848908361047506
  landing: 0.020634034648537636
  view-data: 0.1612017322331667
