times:
  edit-metadata: 1.4967520823702216
  landing: 0.7675746940076351
  view-data: 3.401126090902835
