times:
  edit-metadata: 1.5156261418014765
  landing: 0.902667598798871
  view-data: 3.4465574230998755
