times:
  edit-metadata: 0.6288744630292058
  landing: 0.053551392862573266
  view-data: 0.2394261909648776
