times:
  edit-metadata: 1.4895807951688766
  landing: 0.8003919310867786
  view-data: 3.4160996973514557
