times:
  edit-metadata: 1.4893310004845262
  landing: 0.16248806472867727
  view-data: 0.12253818660974503
