times:
  edit-metadata: 0.6387079870328307
  landing: 0.06500774715095758
  view-data: 0.2275849231518805
