times:
  edit-metadata: 1.4464151784777641
  landing: 0.9550590440630913
  view-data: 3.3411093167960644
