times:
  edit-metadata: 1.3488990949699655
  landing: 0.7678939929464832
  view-data: 3.2824023520806804
