times:
  edit-metadata: 0.6060018050484359
  landing: 0.05475673289038241
  view-data: 0.2171195570845157
