times:
  edit-metadata: 2.183175466954708
  landing: 0.2857476845383644
  view-data: 0.38710315339267254
