times:
  edit-metadata: 1.6834126524627209
  landing: 0.01843343861401081
  view-data: 0.12401669658720493
