times:
  edit-metadata: 1.6129339002072811
  landing: 0.927622526884079
  view-data: 3.3882322683930397
