times:
  edit-metadata: 1.0492333993315697
  landing: 0.047945987433195114
  view-data: 0.20184125378727913
