times:
  edit-metadata: 1.5090791322290897
  landing: 0.814726933836937
  view-data: 3.3740577548742294
