times:
  edit-metadata: 1.6138498969376087
  landing: 0.9316786043345928
  view-data: 3.4452417083084583
