times:
  edit-metadata: 0.5574571574106812
  landing: 0.042496670968830585
  view-data: 0.2121567651629448
