times:
  edit-metadata: 1.5136499758809805
  landing: 0.1160550881177187
  view-data: 0.024639294482767582
