times:
  edit-metadata: 1.5629277601838112
  landing: 0.20438430830836296
  view-data: 0.12789599411189556
