times:
  edit-metadata: 0.6094805020838976
  landing: 0.06872640689834952
  view-data: 0.23994467174634337
