times:
  edit-metadata: 2.262122504413128
  landing: 1.371968902181834
  view-data: 3.587262451183051
