times:
  edit-metadata: 1.2910133440163918
  landing: 0.29646581696579233
  view-data: 0.3072894000215456
