times:
  edit-metadata: 1.6611940823495388
  landing: 1.0266881994903088
  view-data: 3.337267439812422
