times:
  edit-metadata: 1.5234946496784687
  landing: 0.7978552300482988
  view-data: 3.426389267668128
