times:
  edit-metadata: 0.5977814409416169
  landing: 0.0690705250017345
  view-data: 0.2146749699022621
