times:
  edit-metadata: 0.5373953091911972
  landing: 0.04334260895848274
  view-data: 0.2006834032945335
