times:
  edit-metadata: 0.6117556639946997
  landing: 0.0755315019050613
  view-data: 0.23113563796505332
