times:
  edit-metadata: 0.5760325258597732
  landing: 0.05337345879524946
  view-data: 0.20554980915039778
