times:
  edit-metadata: 1.5056792860850692
  landing: 0.022373586893081665
  view-data: 0.025936021469533443
