times:
  edit-metadata: 1.7476582285016775
  landing: 1.1766832862049341
  view-data: 3.37297042272985
