times:
  edit-metadata: 1.6847461108118296
  landing: 0.14830515906214714
  view-data: 0.3679529018700123
