times:
  edit-metadata: 0.6945377928204834
  landing: 0.07718955026939511
  view-data: 0.19220641907304525
