times:
  edit-metadata: 1.3473097942769527
  landing: 0.8396799005568027
  view-data: 3.2951745502650738
