times:
  edit-metadata: 1.4032536670565605
  landing: 0.8440203703939915
  view-data: 3.2871016934514046
