times:
  edit-metadata: 0.5568499229848385
  landing: 0.052352003986015916
  view-data: 0.19717201287858188
