times:
  edit-metadata: 1.3993386080255732
  landing: 0.8867539030034095
  view-data: 3.391526308027096
