times:
  edit-metadata: 1.4930135272443295
  landing: 0.7597917374223471
  view-data: 3.4098875652998686
