times:
  edit-metadata: 1.5442810012027621
  landing: 0.1326808463782072
  view-data: 0.02482824120670557
