times:
  edit-metadata: 0.9607564378529787
  landing: 0.8264981284737587
  view-data: 0.4296903610229492
