times:
  edit-metadata: 0.6307312810095027
  landing: 0.053026570996735245
  view-data: 0.23030719201778993
