times:
  edit-metadata: 0.37423983216285706
  landing: 1.0427551735192537
  view-data: 0.31270333006978035
