times:
  edit-metadata: 0.5767059669597074
  landing: 0.03952750703319907
  view-data: 0.20443173998501152
