times:
  edit-metadata: 1.4001208692789078
  landing: 0.7306763492524624
  view-data: 3.29957215487957
