times:
  edit-metadata: 0.7753886010032147
  landing: 0.1063041070010513
  view-data: 0.22792567498981953
