times:
  edit-metadata: 0.9183252342045307
  landing: 0.04795839637517929
  view-data: 0.20276159793138504
