times:
  edit-metadata: 1.5222424678504467
  landing: 0.8020600713789463
  view-data: 3.434398580342531
