times:
  edit-metadata: 1.4815890910103917
  landing: 0.021566495299339294
  view-data: 0.026759862899780273
