times:
  edit-metadata: 1.4822447560727596
  landing: 0.9026739187538624
  view-data: 3.333120606839657
