times:
  edit-metadata: 0.5449956259690225
  landing: 0.04607763886451721
  view-data: 0.18581213685683906
