times:
  edit-metadata: 1.6025978662073612
  landing: 0.9443025626242161
  view-data: 3.420105904340744
