times:
  edit-metadata: 1.5536542348563671
  landing: 0.8296576328575611
  view-data: 3.327183786779642
