times:
  edit-metadata: 1.6118208467960358
  landing: 0.8335583284497261
  view-data: 3.4337683767080307
