times:
  edit-metadata: 0.5663706460036337
  landing: 0.040413693990558386
  view-data: 0.2020391603000462
