times:
  edit-metadata: 0.5204834705218673
  landing: 0.044285256415605545
  view-data: 0.1901582833379507
