times:
  edit-metadata: 0.5817880190443248
  landing: 0.046753016067668796
  view-data: 0.20141347288154066
