times:
  edit-metadata: 1.356157551985234
  landing: 0.9145732400938869
  view-data: 3.255643063923344
