times:
  edit-metadata: 1.5642775557935238
  landing: 0.11254864558577538
  view-data: 0.02490132488310337
