times:
  edit-metadata: 1.564723128452897
  landing: 0.12246362864971161
  view-data: 0.1836941335350275
