times:
  edit-metadata: 1.4897561380639672
  landing: 0.14002989418804646
  view-data: 0.02440471574664116
