times:
  edit-metadata: 1.3894196785986423
  landing: 0.9118951745331287
  view-data: 3.33794654160738
