times:
  edit-metadata: 0.9528520461171865
  landing: 0.9166194424033165
  view-data: 0.3649160321801901
