times:
  edit-metadata: 1.9960935451090336
  landing: 1.0357159115374088
  view-data: 0.7985721789300442
