times:
  edit-metadata: 0.9287982657551765
  landing: 0.050185661762952805
  view-data: 0.20253941789269447
