times:
  edit-metadata: 1.4590939432382584
  landing: 0.18366165831685066
  view-data: 0.023496810346841812
