times:
  edit-metadata: 0.557677079923451
  landing: 0.04417665209621191
  view-data: 0.21593815786764026
