times:
  edit-metadata: 0.9572784174233675
  landing: 0.5383112486451864
  view-data: 0.19886261597275734
