times:
  edit-metadata: 0.579256075900048
  landing: 0.049152125138789415
  view-data: 0.22123643103986979
