times:
  edit-metadata: 1.6117817694321275
  landing: 0.8473730934783816
  view-data: 3.477731074206531
