times:
  edit-metadata: 1.6189771201461554
  landing: 0.2550152465701103
  view-data: 0.3226701579988003
