times:
  edit-metadata: 1.5321252085268497
  landing: 0.8280353890731931
  view-data: 3.2598557313904166
