times:
  edit-metadata: 0.9096606709063053
  landing: 0.04464887082576752
  view-data: 0.20092960819602013
