times:
  edit-metadata: 1.480110790580511
  landing: 0.15459798276424408
  view-data: 0.48161340318620205
