times:
  edit-metadata: 1.4884512387216091
  landing: 0.020080501213669777
  view-data: 0.29246484860777855
