times:
  edit-metadata: 0.9237661324441433
  landing: 0.045406997203826904
  view-data: 0.20730869844555855
