times:
  edit-metadata: 1.5882422355934978
  landing: 0.022115844301879406
  view-data: 0.025819679722189903
