times:
  edit-metadata: 1.5104130282998085
  landing: 1.052741277962923
  view-data: 3.4357118792831898
