times:
  edit-metadata: 1.6606037467718124
  landing: 0.35422333516180515
  view-data: 0.39268578588962555
