times:
  edit-metadata: 1.4641835801303387
  landing: 0.022880086675286293
  view-data: 0.3610309846699238
