times:
  edit-metadata: 1.5106734912842512
  landing: 0.02089392114430666
  view-data: 0.22444620355963707
