times:
  edit-metadata: 1.5674907118082047
  landing: 0.022119613364338875
  view-data: 0.1431021001189947
