times:
  edit-metadata: 1.499957125633955
  landing: 0.8470213040709496
  view-data: 3.4195539727807045
