times:
  edit-metadata: 1.3213083781301975
  landing: 0.8247710019350052
  view-data: 3.3745730109512806
