times:
  edit-metadata: 1.436575248837471
  landing: 0.7877759039402008
  view-data: 3.2888645883649588
