times:
  edit-metadata: 0.55927942879498
  landing: 0.03750701807439327
  view-data: 0.33901137951761484
