times:
  edit-metadata: 1.409677967429161
  landing: 0.888709157705307
  view-data: 3.3666688948869705
