times:
  edit-metadata: 0.6084231199929491
  landing: 0.06827920698560774
  view-data: 0.22984027001075447
