times:
  edit-metadata: 0.593478589784354
  landing: 0.03942897077649832
  view-data: 0.19724884117022157
