times:
  edit-metadata: 0.5978113689925522
  landing: 0.07160075707361102
  view-data: 0.2504755398258567
