times:
  edit-metadata: 1.4086476899683475
  landing: 0.9819326736032963
  view-data: 3.3614883460104465
