times:
  edit-metadata: 0.9731249175965786
  landing: 0.04971563443541527
  view-data: 0.2159852720797062
