times:
  edit-metadata: 0.6370523409859743
  landing: 0.07601026000338607
  view-data: 0.24140003600041382
