times:
  edit-metadata: 1.3647401470225304
  landing: 1.0512220971286297
  view-data: 3.3409761409275234
