times:
  edit-metadata: 0.5840438669547439
  landing: 0.056576929055154324
  view-data: 0.20672299806028605
