times:
  edit-metadata: 1.616098064929247
  landing: 0.1103627784177661
  view-data: 0.02649675402790308
