times:
  edit-metadata: 0.5858711618930101
  landing: 0.04012300679460168
  view-data: 0.1916627800092101
