times:
  edit-metadata: 0.8027172169531696
  landing: 0.07767794700339437
  view-data: 0.24526034796144813
