times:
  edit-metadata: 1.5506588583812118
  landing: 0.02078725676983595
  view-data: 0.11911025643348694
