times:
  edit-metadata: 4.363203432410955
  landing: 2.194064486771822
  view-data: 3.820936931297183
