times:
  edit-metadata: 0.9345469027757645
  landing: 0.6100968215614557
  view-data: 0.1998757254332304
