times:
  edit-metadata: 1.8970960211008787
  landing: 0.02567928656935692
  view-data: 0.16677972115576267
