times:
  edit-metadata: 1.4613767117261887
  landing: 0.1152024045586586
  view-data: 0.02657041884958744
