times:
  edit-metadata: 0.2920464463531971
  landing: 0.5321989580988884
  view-data: 0.19634604640305042
