times:
  edit-metadata: 0.2762836888432503
  landing: 0.46285758167505264
  view-data: 0.2001125030219555
