times:
  edit-metadata: 0.5816930820001289
  landing: 0.04645732103381306
  view-data: 0.19575689896009862
