times:
  edit-metadata: 0.5533328800229356
  landing: 0.04054138599894941
  view-data: 0.1977497769985348
