times:
  edit-metadata: 0.6252457899972796
  landing: 0.07304091192781925
  view-data: 0.2377075320109725
