times:
  edit-metadata: 1.5307850278913975
  landing: 0.12454708199948072
  view-data: 0.10380858276039362
