times:
  edit-metadata: 1.6739502996206284
  landing: 0.1372029408812523
  view-data: 0.16600563935935497
