times:
  edit-metadata: 0.6141777239972726
  landing: 0.07606827199924737
  view-data: 0.2190356510109268
