times:
  edit-metadata: 1.8878309465944767
  landing: 1.0587500184774399
  view-data: 3.369378939270973
