times:
  edit-metadata: 1.5061157420277596
  landing: 0.14943580236285925
  view-data: 0.5793469436466694
