times:
  edit-metadata: 0.567979977466166
  landing: 0.04428842104971409
  view-data: 0.2171700382605195
