times:
  edit-metadata: 1.3873225469142199
  landing: 0.8473535925149918
  view-data: 3.363755313679576
