times:
  edit-metadata: 1.5534569239243865
  landing: 0.2120497291907668
  view-data: 0.4942518537864089
