times:
  edit-metadata: 1.3628428988158703
  landing: 0.8472567573189735
  view-data: 3.2847165428102016
