times:
  edit-metadata: 1.5370592093095183
  landing: 0.020550689660012722
  view-data: 0.12493723258376122
