times:
  edit-metadata: 0.6185955919791013
  landing: 0.07807179301744327
  view-data: 0.22690038196742535
