times:
  edit-metadata: 4.196708342991769
  landing: 1.9487113486975431
  view-data: 4.198574619367719
