times:
  edit-metadata: 1.4738199403509498
  landing: 0.9220717493444681
  view-data: 3.3076788345351815
