times:
  edit-metadata: 1.6026995852589607
  landing: 0.24621171690523624
  view-data: 0.024474183097481728
