times:
  edit-metadata: 0.9894086327403784
  landing: 0.08362234197556973
  view-data: 0.21935124695301056
