times:
  edit-metadata: 1.5569752342998981
  landing: 1.0524859875440598
  view-data: 3.3735088780522346
