times:
  edit-metadata: 1.4355366888921708
  landing: 0.7077859621495008
  view-data: 3.2295713261701167
