times:
  edit-metadata: 1.6381017565727234
  landing: 1.023957397788763
  view-data: 3.4949952512979507
