times:
  edit-metadata: 1.5039080744609237
  landing: 0.019582935608923435
  view-data: 0.12270849104970694
