times:
  edit-metadata: 0.6299367680330761
  landing: 0.0769819050328806
  view-data: 0.22691165399737656
