times:
  edit-metadata: 1.5005271900445223
  landing: 0.12899652495980263
  view-data: 0.1385449841618538
