times:
  edit-metadata: 2.432322535663843
  landing: 1.167164370417595
  view-data: 3.605471856892109
