times:
  edit-metadata: 1.533901635557413
  landing: 0.7884008325636387
  view-data: 3.4314830284565687
