times:
  edit-metadata: 0.5674501140601933
  landing: 0.04938145587220788
  view-data: 0.19124829000793397
