times:
  edit-metadata: 0.7838194370269775
  landing: 0.07302533299662173
  view-data: 0.2775319070206024
