times:
  edit-metadata: 1.4938241969794035
  landing: 0.748129291459918
  view-data: 3.4603965282440186
