times:
  edit-metadata: 1.485677307471633
  landing: 0.9372960478067398
  view-data: 4.695657739415765
