times:
  edit-metadata: 1.557128885993734
  landing: 0.9031840059906244
  view-data: 3.3924248390831053
