times:
  edit-metadata: 1.502742225304246
  landing: 0.12161817401647568
  view-data: 0.025839773938059807
