times:
  edit-metadata: 0.9205932766199112
  landing: 0.04521035775542259
  view-data: 0.20428358018398285
