times:
  edit-metadata: 0.5996971582062542
  landing: 0.039046081248670816
  view-data: 0.1999195134267211
