times:
  edit-metadata: 0.8837223444133997
  landing: 0.8205523993819952
  view-data: 0.17652232013642788
