times:
  edit-metadata: 1.1863267766311765
  landing: 0.10665348917245865
  view-data: 0.3173064822331071
