times:
  edit-metadata: 1.5079932156950235
  landing: 0.01997249387204647
  view-data: 0.12182673066854477
