times:
  edit-metadata: 1.314386811107397
  landing: 0.9116343446075916
  view-data: 3.344314806163311
