times:
  edit-metadata: 0.5753458929248154
  landing: 0.040540168061852455
  view-data: 0.19561672396957874
