times:
  edit-metadata: 0.6430966830812395
  landing: 0.15602904511615634
  view-data: 0.3737529991194606
