times:
  edit-metadata: 1.4327974920161068
  landing: 0.8092080163769424
  view-data: 3.380032940302044
