times:
  edit-metadata: 1.5254114866256714
  landing: 0.8932242281734943
  view-data: 3.427050434052944
