times:
  edit-metadata: 1.5086856335401535
  landing: 0.7345683109015226
  view-data: 3.389493552967906
