times:
  edit-metadata: 1.472748328000307
  landing: 0.6803320962935686
  view-data: 3.4034667313098907
