times:
  edit-metadata: 0.5797499039908871
  landing: 0.05418937100330368
  view-data: 0.20610230002785102
