times:
  edit-metadata: 1.544849006459117
  landing: 0.019747419282794
  view-data: 0.02569200750440359
