times:
  edit-metadata: 4.369643617421389
  landing: 3.069823333993554
  view-data: 4.9191124346107244
