times:
  edit-metadata: 1.5236174846068025
  landing: 0.018974688835442066
  view-data: 0.030711728148162365
