times:
  edit-metadata: 1.499408426694572
  landing: 0.7826181706041098
  view-data: 3.3488120455294847
