times:
  edit-metadata: 0.9543724432587624
  landing: 0.04122999310493469
  view-data: 0.21980785578489304
