times:
  edit-metadata: 1.5263161538168788
  landing: 0.022359827533364296
  view-data: 0.026133473962545395
