times:
  edit-metadata: 0.5812147540273145
  landing: 0.06001570192165673
  view-data: 0.19990457908716053
