times:
  edit-metadata: 1.4671890549361706
  landing: 0.025152144953608513
  view-data: 0.12022450845688581
