times:
  edit-metadata: 1.423517758026719
  landing: 0.8396066864952445
  view-data: 3.3727742256596684
