times:
  edit-metadata: 1.4038616381585598
  landing: 0.8482258170843124
  view-data: 3.2883927281945944
