times:
  edit-metadata: 0.5861415090039372
  landing: 0.05046631582081318
  view-data: 0.2007800955325365
