times:
  edit-metadata: 1.565388792194426
  landing: 0.10812209080904722
  view-data: 0.0251169390976429
