times:
  edit-metadata: 0.6182302869856358
  landing: 0.07459971914067864
  view-data: 0.22544292407110333
