times:
  edit-metadata: 1.5737393908202648
  landing: 1.0300866067409515
  view-data: 3.3479457907378674
