times:
  edit-metadata: 1.4491420052945614
  landing: 0.8557409234344959
  view-data: 3.2881604321300983
