times:
  edit-metadata: 0.9251561816781759
  landing: 1.1456864699721336
  view-data: 0.30037693679332733
