times:
  edit-metadata: 1.498614420183003
  landing: 0.9171962239779532
  view-data: 3.394938339944929
