times:
  edit-metadata: 1.5416565164923668
  landing: 0.021772373467683792
  view-data: 0.027140207588672638
