times:
  edit-metadata: 1.5034255385398865
  landing: 0.7761450372636318
  view-data: 3.383582876995206
