times:
  edit-metadata: 0.7690399195998907
  landing: 0.05528574716299772
  view-data: 0.22515324177220464
