times:
  edit-metadata: 0.5710701830685139
  landing: 0.054924339056015015
  view-data: 0.20360662089660764
