times:
  edit-metadata: 1.5042579881846905
  landing: 0.021645347587764263
  view-data: 0.029107822105288506
