times:
  edit-metadata: 0.5701353130862117
  landing: 0.04422089550644159
  view-data: 0.21874506026506424
