times:
  edit-metadata: 0.606617801822722
  landing: 0.06664890889078379
  view-data: 0.37150942627340555
