times:
  edit-metadata: 4.981663006357849
  landing: 2.654938593506813
  view-data: 3.748926375992596
