times:
  edit-metadata: 2.88391340803355
  landing: 0.6354449652135372
  view-data: 0.5586111340671778
