times:
  edit-metadata: 1.5126835219562054
  landing: 0.8012442514300346
  view-data: 3.3822211381047964
