times:
  edit-metadata: 0.5668084460194223
  landing: 0.050956488004885614
  view-data: 0.18529208202380687
