times:
  edit-metadata: 1.4999119862914085
  landing: 0.9309020265936852
  view-data: 3.408030718564987
