times:
  edit-metadata: 1.4491060338914394
  landing: 0.8774070031940937
  view-data: 3.3583859093487263
