times:
  edit-metadata: 1.5385819841176271
  landing: 0.9399680532515049
  view-data: 3.3923190385103226
