times:
  edit-metadata: 0.5471479976549745
  landing: 0.04037124523892999
  view-data: 0.1976495012640953
