times:
  edit-metadata: 1.0103103071451187
  landing: 0.9531821608543396
  view-data: 0.4698478039354086
