times:
  edit-metadata: 0.6352660480188206
  landing: 0.06873619998805225
  view-data: 0.23086778400465846
