times:
  edit-metadata: 1.7873000409454107
  landing: 0.022027937695384026
  view-data: 0.44920292869210243
