times:
  edit-metadata: 0.9481754843145609
  landing: 0.6616030391305685
  view-data: 0.20428850874304771
