times:
  edit-metadata: 0.634168226737529
  landing: 0.06998358108103275
  view-data: 0.24105618102476
