times:
  edit-metadata: 0.6284764881711453
  landing: 0.04949870705604553
  view-data: 0.20307147107087076
