times:
  edit-metadata: 1.5163276745006442
  landing: 0.019405322149395943
  view-data: 0.02451950777322054
