times:
  edit-metadata: 0.9141974169760942
  landing: 0.5294995792210102
  view-data: 0.20050973072648048
