times:
  edit-metadata: 1.4907276527956128
  landing: 0.018798825331032276
  view-data: 0.40972236916422844
