times:
  edit-metadata: 1.4090367467142642
  landing: 0.7100210310891271
  view-data: 3.356311073061079
