times:
  edit-metadata: 1.3630964090116322
  landing: 3.0569482292048633
  view-data: 3.3553761476650834
