times:
  edit-metadata: 4.075397666543722
  landing: 3.4151574168354273
  view-data: 4.057873954996467
