times:
  edit-metadata: 0.6398456180468202
  landing: 0.04273087182082236
  view-data: 0.21778164198622108
