times:
  edit-metadata: 1.49852729216218
  landing: 0.02086343616247177
  view-data: 0.12367036379873753
