times:
  edit-metadata: 0.9025869145989418
  landing: 0.060131900012493134
  view-data: 0.19599515572190285
