times:
  edit-metadata: 0.6157321910141036
  landing: 0.06831920897820964
  view-data: 0.22930137300863862
