times:
  edit-metadata: 0.5629051579162478
  landing: 0.05231991084292531
  view-data: 0.33220537984743714
