times:
  edit-metadata: 2.6302282512187958
  landing: 1.3640411952510476
  view-data: 3.519057842902839
