times:
  edit-metadata: 1.5867900140583515
  landing: 1.0101155377924442
  view-data: 3.3789688609540462
