times:
  edit-metadata: 0.5664121843874454
  landing: 0.036736720241606236
  view-data: 0.2104941252619028
