times:
  edit-metadata: 1.5649134926497936
  landing: 0.9565296471118927
  view-data: 3.3485996648669243
