times:
  edit-metadata: 1.4937524814158678
  landing: 0.852507196366787
  view-data: 3.383053408935666
