times:
  edit-metadata: 0.5762624517083168
  landing: 0.04762507323175669
  view-data: 0.210391603410244
