times:
  edit-metadata: 1.5562084838747978
  landing: 0.13575945142656565
  view-data: 0.024592709727585316
