times:
  edit-metadata: 1.5651154927909374
  landing: 0.9177896417677402
  view-data: 3.3891333155333996
