times:
  edit-metadata: 0.5709113659977447
  landing: 0.0364970170048764
  view-data: 0.20316521999484394
