times:
  edit-metadata: 1.477970652282238
  landing: 0.8534130528569221
  view-data: 3.3562539760023355
