times:
  edit-metadata: 1.8489682283252478
  landing: 0.14896105602383614
  view-data: 0.359944561496377
