times:
  edit-metadata: 0.6255056229420006
  landing: 0.07010455476120114
  view-data: 0.2318759998306632
