times:
  edit-metadata: 1.4342130944132805
  landing: 0.7943004295229912
  view-data: 3.352885566651821
