times:
  edit-metadata: 0.5751586819533259
  landing: 0.038306561997160316
  view-data: 0.1967888759681955
