times:
  edit-metadata: 0.6015798968728632
  landing: 0.04841095209121704
  view-data: 0.31087413197383285
