times:
  edit-metadata: 1.537344029173255
  landing: 0.7449921071529388
  view-data: 3.4534265976399183
