times:
  edit-metadata: 0.960668470710516
  landing: 0.04438397102057934
  view-data: 0.19615847244858742
