times:
  edit-metadata: 1.331715989857912
  landing: 1.0102540664374828
  view-data: 3.3862512595951557
