times:
  edit-metadata: 1.3772809505462646
  landing: 0.9248653203248978
  view-data: 3.364401325583458
