times:
  edit-metadata: 0.6353957829996943
  landing: 0.04814886418171227
  view-data: 0.2299054260365665
