times:
  edit-metadata: 0.9192816317081451
  landing: 0.0426986962556839
  view-data: 0.19878270849585533
