times:
  edit-metadata: 1.4540291810408235
  landing: 0.12147756572812796
  view-data: 0.12106073461472988
