times:
  edit-metadata: 1.4912645425647497
  landing: 0.019606340676546097
  view-data: 0.024937331676483154
