times:
  edit-metadata: 0.7986568980850279
  landing: 0.1337823267094791
  view-data: 0.2151146330870688
