times:
  edit-metadata: 1.4777377638965845
  landing: 0.7862411811947823
  view-data: 3.3612862285226583
