times:
  edit-metadata: 1.5322051160037518
  landing: 0.9128398224711418
  view-data: 3.4064142145216465
