times:
  edit-metadata: 0.6590928870718926
  landing: 0.047671270091086626
  view-data: 0.21866920217871666
