times:
  edit-metadata: 1.7278344258666039
  landing: 0.15280200727283955
  view-data: 0.15172689780592918
