times:
  edit-metadata: 0.6140779510024004
  landing: 0.061289108998607844
  view-data: 0.23330572905251756
