times:
  edit-metadata: 1.596209866926074
  landing: 0.01995799597352743
  view-data: 0.025883251801133156
