times:
  edit-metadata: 0.6184456730261445
  landing: 0.06241071689873934
  view-data: 0.2372782831080258
