times:
  edit-metadata: 0.9411576204001904
  landing: 0.045495085418224335
  view-data: 0.21491006016731262
