times:
  edit-metadata: 0.5687397471629083
  landing: 0.05299814697355032
  view-data: 0.20337193785235286
