times:
  edit-metadata: 1.4888642318546772
  landing: 0.019301047548651695
  view-data: 0.29353841207921505
