times:
  edit-metadata: 0.5770540600060485
  landing: 0.050272168999072164
  view-data: 0.19929548900108784
