times:
  edit-metadata: 0.6276577789976727
  landing: 0.06827685199823463
  view-data: 0.22570057499979157
