times:
  edit-metadata: 1.4449512753635645
  landing: 0.24436056893318892
  view-data: 0.02509456966072321
