times:
  edit-metadata: 1.48697744961828
  landing: 0.0223618783056736
  view-data: 0.11756003461778164
