times:
  edit-metadata: 1.4952861950732768
  landing: 0.8733696243725717
  view-data: 3.479230558965355
