times:
  edit-metadata: 0.8226750360336155
  landing: 0.189928739098832
  view-data: 0.24093048297800124
