times:
  edit-metadata: 2.767654474824667
  landing: 1.8226338904350996
  view-data: 3.5736836418509483
