times:
  edit-metadata: 1.6920766830444336
  landing: 0.8673793952912092
  view-data: 3.3187022786587477
