times:
  edit-metadata: 0.8810865171253681
  landing: 0.0405920147895813
  view-data: 0.20337766408920288
