times:
  edit-metadata: 0.5643143149791285
  landing: 0.0498195179970935
  view-data: 0.18624046398326755
