times:
  edit-metadata: 1.4245729818940163
  landing: 0.7676312667317688
  view-data: 3.359711195807904
