times:
  edit-metadata: 1.5013563446700573
  landing: 0.09710474126040936
  view-data: 0.22851080168038607
