times:
  edit-metadata: 0.2807622402906418
  landing: 0.6399127952754498
  view-data: 0.3290087357163429
