times:
  edit-metadata: 0.6340394739527255
  landing: 0.04623364214785397
  view-data: 0.2165338359773159
