times:
  edit-metadata: 1.751307049766183
  landing: 0.23728199303150177
  view-data: 0.13715176656842232
