times:
  edit-metadata: 1.4965287037193775
  landing: 0.021139456890523434
  view-data: 0.029672550037503242
