times:
  edit-metadata: 1.4137412011623383
  landing: 1.2769058234989643
  view-data: 3.371940951794386
