times:
  edit-metadata: 0.5737294789869338
  landing: 0.04496944404672831
  view-data: 0.20214905100874603
