times:
  edit-metadata: 1.5117226261645555
  landing: 0.01959233544766903
  view-data: 0.022915305569767952
