times:
  edit-metadata: 1.4538274289807305
  landing: 0.8996380280004814
  view-data: 3.3621071169618517
