times:
  edit-metadata: 1.5309670567512512
  landing: 0.12332469411194324
  view-data: 0.028283415362238884
