times:
  edit-metadata: 1.486648639664054
  landing: 0.14636065065860748
  view-data: 0.25776140950620174
