times:
  edit-metadata: 1.36012302339077
  landing: 0.6826912797987461
  view-data: 3.402660444378853
