times:
  edit-metadata: 1.363935224711895
  landing: 0.7549097053706646
  view-data: 3.3388384468853474
