times:
  edit-metadata: 0.8656627852469683
  landing: 0.5824772920459509
  view-data: 0.2135002315044403
