times:
  edit-metadata: 0.5747230998240411
  landing: 0.049051566049456596
  view-data: 0.20191021775826812
