times:
  edit-metadata: 0.6159496649634093
  landing: 0.07425459893420339
  view-data: 0.23008216498419642
