times:
  edit-metadata: 0.9413948375731707
  landing: 1.0191767401993275
  view-data: 0.31539008766412735
