times:
  edit-metadata: 1.4359811982139945
  landing: 0.7565648257732391
  view-data: 3.3966503385454416
