times:
  edit-metadata: 1.541943424846977
  landing: 0.9287786358036101
  view-data: 3.349967427086085
