times:
  edit-metadata: 0.9867121018469334
  landing: 1.2861595433205366
  view-data: 0.45514468289911747
