times:
  edit-metadata: 0.555025324691087
  landing: 0.038383925799280405
  view-data: 0.21145674027502537
