times:
  edit-metadata: 1.5729178916662931
  landing: 0.2049326654523611
  view-data: 0.3244298454374075
