times:
  edit-metadata: 1.512543499469757
  landing: 1.023361749947071
  view-data: 3.354692980647087
