times:
  edit-metadata: 0.5746341519989073
  landing: 0.051548324059695005
  view-data: 0.20274040009826422
