times:
  edit-metadata: 0.5802866220474243
  landing: 0.049487034091725945
  view-data: 0.20301577192731202
