times:
  edit-metadata: 1.552094453945756
  landing: 0.01961619034409523
  view-data: 0.2383850198239088
