times:
  edit-metadata: 2.324512083083391
  landing: 1.1480620056390762
  view-data: 3.8349245451390743
