times:
  edit-metadata: 0.9526514038443565
  landing: 0.05132528766989708
  view-data: 0.4348108507692814
