times:
  edit-metadata: 1.5084984861314297
  landing: 0.024602497927844524
  view-data: 0.025263799354434013
