times:
  edit-metadata: 0.6133855362422764
  landing: 0.05899386899545789
  view-data: 0.22346821520477533
