times:
  edit-metadata: 0.8874256387352943
  landing: 0.049289949238300323
  view-data: 0.2028648890554905
