times:
  edit-metadata: 1.3700333228334785
  landing: 0.7694714572280645
  view-data: 3.2824397031217813
