times:
  edit-metadata: 0.5926363682374358
  landing: 0.053304330445826054
  view-data: 0.2058258969336748
