times:
  edit-metadata: 1.744769448414445
  landing: 0.30021947529166937
  view-data: 0.028314227238297462
