times:
  edit-metadata: 0.5803688829764724
  landing: 0.04664156399667263
  view-data: 0.20274560572579503
