times:
  edit-metadata: 0.9282721392810345
  landing: 0.5414096470922232
  view-data: 0.1930100992321968
