times:
  edit-metadata: 0.5805609142407775
  landing: 0.05175465624779463
  view-data: 0.2243623100221157
