times:
  edit-metadata: 1.6532148830592632
  landing: 0.7689255774021149
  view-data: 3.30795275606215
