times:
  edit-metadata: 1.923445826396346
  landing: 0.21012545935809612
  view-data: 0.31468380987644196
