times:
  edit-metadata: 0.5845944930333644
  landing: 0.0453514049295336
  view-data: 0.1861247771885246
