times:
  edit-metadata: 0.6589141092263162
  landing: 0.05334971798583865
  view-data: 0.23033751314505935
