times:
  edit-metadata: 1.5360333360731602
  landing: 0.020278803072869778
  view-data: 0.12808745820075274
