times:
  edit-metadata: 1.0889270901679993
  landing: 0.06471141427755356
  view-data: 0.21937064826488495
