times:
  edit-metadata: 1.63052249699831
  landing: 0.986477680504322
  view-data: 3.356666885316372
