times:
  edit-metadata: 1.7997494377195835
  landing: 0.8821748644113541
  view-data: 3.392530381679535
