times:
  edit-metadata: 0.6337260962463915
  landing: 0.044873836915940046
  view-data: 0.23041445575654507
