times:
  edit-metadata: 1.560486540198326
  landing: 0.8286182098090649
  view-data: 3.464024920016527
