times:
  edit-metadata: 1.7663835315033793
  landing: 0.2504874877631664
  view-data: 0.48149020597338676
