times:
  edit-metadata: 0.9017890058457851
  landing: 1.9484378043562174
  view-data: 0.7050259970128536
