times:
  edit-metadata: 0.6317737610079348
  landing: 0.07627757301088423
  view-data: 0.2208605229970999
