times:
  edit-metadata: 1.6166228540241718
  landing: 1.1067597530782223
  view-data: 3.456576429307461
