times:
  edit-metadata: 1.510326249524951
  landing: 0.01950286328792572
  view-data: 0.14083043858408928
