times:
  edit-metadata: 0.9213223401457071
  landing: 0.5091142151504755
  view-data: 0.1916312798857689
