times:
  edit-metadata: 1.6144628543406725
  landing: 0.24926120042800903
  view-data: 0.02300465665757656
