times:
  edit-metadata: 1.5226540938019753
  landing: 0.11768747959285975
  view-data: 0.027472360990941525
