times:
  edit-metadata: 1.516113568097353
  landing: 0.1484350487589836
  view-data: 0.12183187529444695
