times:
  edit-metadata: 1.5532703576609492
  landing: 0.021839038468897343
  view-data: 0.027461444027721882
