times:
  edit-metadata: 0.9124356340616941
  landing: 0.8975105751305819
  view-data: 0.21483557671308517
