times:
  edit-metadata: 0.7283378379943315
  landing: 0.10598996799672022
  view-data: 0.2656571849947795
