times:
  edit-metadata: 1.5025366879999638
  landing: 0.7546042203903198
  view-data: 3.372228927910328
