times:
  edit-metadata: 1.5005682343617082
  landing: 0.11728437803685665
  view-data: 0.026358838193118572
