times:
  edit-metadata: 1.3453892786055803
  landing: 0.7631761208176613
  view-data: 3.3875078819692135
