times:
  edit-metadata: 1.5159860141575336
  landing: 0.908507326617837
  view-data: 3.3927749544382095
