times:
  edit-metadata: 1.8344390019774437
  landing: 0.05323312245309353
  view-data: 0.026801947504281998
