times:
  edit-metadata: 1.5262187179178
  landing: 0.019541548565030098
  view-data: 0.025485647842288017
