times:
  edit-metadata: 1.5329949408769608
  landing: 0.9373844936490059
  view-data: 3.4074778705835342
