times:
  edit-metadata: 0.5703348298557103
  landing: 0.04345339769497514
  view-data: 0.2048960579559207
