times:
  edit-metadata: 1.5406327228993177
  landing: 0.02004291210323572
  view-data: 0.12098859343677759
