times:
  edit-metadata: 0.6031595669919625
  landing: 0.07043539499863982
  view-data: 0.2301726130535826
