times:
  edit-metadata: 1.620929315686226
  landing: 1.1525193490087986
  view-data: 3.446433037519455
