times:
  edit-metadata: 0.5531963864341378
  landing: 0.04726538993418217
  view-data: 0.21338069578632712
