times:
  edit-metadata: 0.8352402769960463
  landing: 0.06453636009246111
  view-data: 0.22711873706430197
