times:
  edit-metadata: 1.482517097145319
  landing: 0.807395813986659
  view-data: 3.397756276652217
