times:
  edit-metadata: 0.5446254350244999
  landing: 0.042157333344221115
  view-data: 0.21397730289027095
