times:
  edit-metadata: 0.9245173019999129
  landing: 0.04363955699955113
  view-data: 0.20302631899994594
