times:
  edit-metadata: 0.608182183932513
  landing: 0.04939549509435892
  view-data: 0.20586093701422215
