times:
  edit-metadata: 1.4276688396930695
  landing: 0.13016219343990088
  view-data: 0.2213005032390356
