times:
  edit-metadata: 1.727504227310419
  landing: 0.23982075974345207
  view-data: 0.26339883729815483
