times:
  edit-metadata: 0.6223021070472896
  landing: 0.06858320499304682
  view-data: 0.22546566801611334
