times:
  edit-metadata: 1.5768464687280357
  landing: 0.8946193167939782
  view-data: 3.395141407381743
