times:
  edit-metadata: 0.9172253832221031
  landing: 0.03970424085855484
  view-data: 0.1971139945089817
