times:
  edit-metadata: 1.4867687923833728
  landing: 0.020389673300087452
  view-data: 0.46367337461560965
