times:
  edit-metadata: 0.5991385318338871
  landing: 0.05171490553766489
  view-data: 0.21869920380413532
