times:
  edit-metadata: 0.5606524031609297
  landing: 0.04406216414645314
  view-data: 0.2180466977879405
