times:
  edit-metadata: 1.507193325087428
  landing: 0.020492086187005043
  view-data: 0.14224692434072495
