times:
  edit-metadata: 1.5364097990095615
  landing: 0.020445704460144043
  view-data: 0.3471892774105072
