times:
  edit-metadata: 0.9760035220533609
  landing: 0.6884482149034739
  view-data: 0.19105013832449913
