times:
  edit-metadata: 1.4774093041196465
  landing: 0.21405202243477106
  view-data: 0.4690024293959141
