times:
  edit-metadata: 0.5649469599884469
  landing: 0.05041318800067529
  view-data: 0.20156076198327355
