times:
  edit-metadata: 1.5134630110114813
  landing: 0.928837800398469
  view-data: 3.440070068463683
