times:
  edit-metadata: 0.989050354808569
  landing: 0.7261865772306919
  view-data: 0.18956249207258224
