times:
  edit-metadata: 0.5805769027210772
  landing: 0.035516420379281044
  view-data: 0.19352851575240493
