times:
  edit-metadata: 1.4663572944700718
  landing: 0.02113917376846075
  view-data: 0.029821939766407013
