times:
  edit-metadata: 0.5795589969493449
  landing: 0.048777186311781406
  view-data: 0.19976227590814233
