times:
  edit-metadata: 1.5305884070694447
  landing: 0.8846046235412359
  view-data: 3.4108198760077357
