times:
  edit-metadata: 0.5614033341407776
  landing: 0.052487230859696865
  view-data: 0.2014080761000514
