times:
  edit-metadata: 1.7957275547087193
  landing: 0.019043211825191975
  view-data: 0.031150697730481625
