times:
  edit-metadata: 0.5596711421385407
  landing: 0.04858657391741872
  view-data: 0.20801295200362802
