times:
  edit-metadata: 1.5372540652751923
  landing: 0.8071498349308968
  view-data: 3.429180186241865
