times:
  edit-metadata: 0.6202777638100088
  landing: 0.07249572174623609
  view-data: 0.24572686478495598
