times:
  edit-metadata: 1.4762273076921701
  landing: 0.02123440057039261
  view-data: 0.1257785949856043
