times:
  edit-metadata: 0.9053964130580425
  landing: 0.959075067192316
  view-data: 0.19915079697966576
