times:
  edit-metadata: 1.5126328188925982
  landing: 0.01919243298470974
  view-data: 0.3097669128328562
