times:
  edit-metadata: 1.537001883611083
  landing: 0.01969879399985075
  view-data: 0.1024212958291173
