times:
  edit-metadata: 1.5174607764929533
  landing: 0.20300943590700626
  view-data: 0.02491540089249611
