times:
  edit-metadata: 1.925723858177662
  landing: 0.854353909380734
  view-data: 3.658262014389038
