times:
  edit-metadata: 1.0578066036105156
  landing: 1.4294488206505775
  view-data: 0.3607256691902876
