times:
  edit-metadata: 1.0298100672662258
  landing: 1.1035349760204554
  view-data: 0.5534362085163593
