times:
  edit-metadata: 1.3991994112730026
  landing: 1.0878283604979515
  view-data: 3.3528946675360203
