times:
  edit-metadata: 0.5533444005995989
  landing: 0.04458640143275261
  view-data: 0.20630367007106543
