times:
  edit-metadata: 1.4150107660098001
  landing: 0.941764100920409
  view-data: 3.372553125023842
