times:
  edit-metadata: 0.5386025970801711
  landing: 0.04709417698904872
  view-data: 0.21281981375068426
