times:
  edit-metadata: 0.5931929899379611
  landing: 0.04191973013803363
  view-data: 0.20803432120010257
