times:
  edit-metadata: 1.5419819094240665
  landing: 1.0070819668471813
  view-data: 3.3349105566740036
