times:
  edit-metadata: 1.4642148595303297
  landing: 0.020140716806054115
  view-data: 0.02653222717344761
