times:
  edit-metadata: 0.9138284958899021
  landing: 0.048586223274469376
  view-data: 0.2003394067287445
