times:
  edit-metadata: 1.493812806904316
  landing: 0.9620149992406368
  view-data: 3.4427746310830116
