times:
  edit-metadata: 1.6159788183867931
  landing: 0.9757264368236065
  view-data: 3.3375954665243626
