times:
  edit-metadata: 0.6497845570556819
  landing: 0.08657171996310353
  view-data: 0.2352438869420439
