times:
  edit-metadata: 0.5827668179990724
  landing: 0.06685168098192662
  view-data: 0.22808415396139026
