times:
  edit-metadata: 0.8711346201598644
  landing: 1.1832339745014906
  view-data: 0.30894878320395947
