times:
  edit-metadata: 1.5416342075914145
  landing: 0.8008460067212582
  view-data: 3.323091745376587
