times:
  edit-metadata: 0.5681562409736216
  landing: 0.0404745809501037
  view-data: 0.21055134397465736
