times:
  edit-metadata: 1.5623049959540367
  landing: 0.8331619706004858
  view-data: 3.4575971886515617
