times:
  edit-metadata: 0.8708575088530779
  landing: 0.7140873037278652
  view-data: 0.18196561373770237
