times:
  edit-metadata: 0.6809028550051153
  landing: 0.046050939010456204
  view-data: 0.224456583004212
