times:
  edit-metadata: 1.420008935034275
  landing: 0.7502431739121675
  view-data: 3.2682974906638265
