times:
  edit-metadata: 0.635979593032971
  landing: 0.056144529953598976
  view-data: 0.21322259202133864
