times:
  edit-metadata: 1.3341473489999771
  landing: 0.7548172660171986
  view-data: 3.277174562215805
