times:
  edit-metadata: 1.4720776472240686
  landing: 0.7864464800804853
  view-data: 3.4156554043293
