times:
  edit-metadata: 1.5193707467988133
  landing: 0.020877226255834103
  view-data: 0.02681704703718424
