times:
  edit-metadata: 0.6679049590602517
  landing: 0.044582979986444116
  view-data: 0.20075452409218997
