times:
  edit-metadata: 1.328063640743494
  landing: 0.8165779747068882
  view-data: 3.275351546704769
