times:
  edit-metadata: 0.5602483400143683
  landing: 0.03758538234978914
  view-data: 0.19534082524478436
