times:
  edit-metadata: 0.6167023391462862
  landing: 0.07720799092203379
  view-data: 0.3573716508690268
