times:
  edit-metadata: 0.9762058407068253
  landing: 0.04523748904466629
  view-data: 0.2042957916855812
