times:
  edit-metadata: 0.5656021609902382
  landing: 0.04018227197229862
  view-data: 0.19549037981778383
