times:
  edit-metadata: 0.8936825003474951
  landing: 0.5814099460840225
  view-data: 0.21161165833473206
