times:
  edit-metadata: 0.5377901731990278
  landing: 0.047610657289624214
  view-data: 0.1995462141931057
