times:
  edit-metadata: 1.657366070896387
  landing: 0.8533948995172977
  view-data: 3.47822031006217
