times:
  edit-metadata: 1.5413500852882862
  landing: 0.8759538121521473
  view-data: 3.280782714486122
