times:
  edit-metadata: 0.876462928019464
  landing: 0.055211269995197654
  view-data: 0.2508442350081168
