times:
  edit-metadata: 0.5315980147570372
  landing: 0.04047486186027527
  view-data: 0.1982815181836486
