times:
  edit-metadata: 0.5832173610106111
  landing: 0.05205974401906133
  view-data: 0.19970785011537373
