times:
  edit-metadata: 1.049109973013401
  landing: 0.5722472239285707
  view-data: 0.20238318853080273
