times:
  edit-metadata: 1.507049941457808
  landing: 0.021700790151953697
  view-data: 0.11562092136591673
