times:
  edit-metadata: 1.4479051576927304
  landing: 0.16553158685564995
  view-data: 0.02358848974108696
