times:
  edit-metadata: 0.9222217481583357
  landing: 0.6892207954078913
  view-data: 0.21861043758690357
