times:
  edit-metadata: 0.5670802569948137
  landing: 0.03960792603902519
  view-data: 0.1945370859466493
