times:
  edit-metadata: 1.8766507897526026
  landing: 0.02633898239582777
  view-data: 0.03193284012377262
