times:
  edit-metadata: 0.6257904969970696
  landing: 0.06291333900298923
  view-data: 0.26009008700202685
