times:
  edit-metadata: 1.5367361083626747
  landing: 0.715341255068779
  view-data: 3.3794047739356756
