times:
  edit-metadata: 0.9674354586750269
  landing: 0.06258008256554604
  view-data: 0.20368982665240765
