times:
  edit-metadata: 0.6249571172520518
  landing: 0.0634973868727684
  view-data: 0.222119330894202
