times:
  edit-metadata: 0.317072793841362
  landing: 0.580232672393322
  view-data: 0.21142689883708954
