times:
  edit-metadata: 1.5027819210663438
  landing: 0.02077184896916151
  view-data: 0.023682761006057262
