times:
  edit-metadata: 1.6472262032330036
  landing: 0.1306442990899086
  view-data: 0.1330945286899805
