times:
  edit-metadata: 1.385336846113205
  landing: 0.12559346994385123
  view-data: 0.2898000832647085
