times:
  edit-metadata: 0.6348910199012607
  landing: 0.053263677982613444
  view-data: 0.22081809304654598
