times:
  edit-metadata: 0.8798888865858316
  landing: 0.5171920415014029
  view-data: 0.20504565723240376
