times:
  edit-metadata: 1.3837409219704568
  landing: 0.8051807070150971
  view-data: 3.309117100201547
