times:
  edit-metadata: 0.598871186375618
  landing: 0.06369406310841441
  view-data: 0.19705783296376467
