times:
  edit-metadata: 0.9026432139798999
  landing: 0.0740237282589078
  view-data: 0.22811469295993447
