times:
  edit-metadata: 3.659488867968321
  landing: 2.443008478730917
  view-data: 4.074442889541388
