times:
  edit-metadata: 0.5318094278918579
  landing: 0.04414644208736718
  view-data: 0.19020607508718967
