times:
  edit-metadata: 0.9626468904316425
  landing: 0.052789609879255295
  view-data: 0.21735746040940285
