times:
  edit-metadata: 0.5664511719951406
  landing: 0.048211870016530156
  view-data: 0.1943140050279908
