times:
  edit-metadata: 0.578933835029602
  landing: 0.04615528299473226
  view-data: 0.19074211502447724
