times:
  edit-metadata: 1.663162473589182
  landing: 1.01017414778471
  view-data: 3.3814288713037968
