times:
  edit-metadata: 0.5953270988538861
  landing: 0.03829396516084671
  view-data: 0.1901787742972374
