times:
  edit-metadata: 1.3608231954276562
  landing: 0.9034947212785482
  view-data: 3.3680152017623186
