times:
  edit-metadata: 1.5433722361922264
  landing: 0.8583355844020844
  view-data: 3.340890284627676
