times:
  edit-metadata: 1.4902530889958143
  landing: 0.8501889109611511
  view-data: 3.37236612662673
