times:
  edit-metadata: 1.5371445380151272
  landing: 0.023987440392374992
  view-data: 0.3217433039098978
