times:
  edit-metadata: 1.5066850278526545
  landing: 0.141058505512774
  view-data: 0.025747375562787056
