times:
  edit-metadata: 1.5864551775157452
  landing: 0.9782421588897705
  view-data: 3.4479951318353415
