times:
  edit-metadata: 0.5496675220056204
  landing: 0.04712845200265292
  view-data: 0.19746202899841592
