times:
  edit-metadata: 0.3029812593013048
  landing: 1.3333061765879393
  view-data: 0.4299876466393471
