times:
  edit-metadata: 0.9179641902446747
  landing: 0.04377422109246254
  view-data: 0.198260597884655
