times:
  edit-metadata: 1.5257767029106617
  landing: 0.8057436086237431
  view-data: 3.4471260756254196
