times:
  edit-metadata: 1.5456442199647427
  landing: 0.1309216171503067
  view-data: 0.15215624310076237
