times:
  edit-metadata: 1.4882089793682098
  landing: 0.770447876304388
  view-data: 3.3492867555469275
