times:
  edit-metadata: 1.4627298153936863
  landing: 1.0194426365196705
  view-data: 0.5725026167929173
