times:
  edit-metadata: 0.6344023789279163
  landing: 0.04928180086426437
  view-data: 0.3574456488713622
