times:
  edit-metadata: 1.0299882590770721
  landing: 1.991936333477497
  view-data: 0.7906184680759907
