times:
  edit-metadata: 0.5522513361647725
  landing: 0.04512913804501295
  view-data: 0.19644933100789785
