times:
  edit-metadata: 1.3990128329023719
  landing: 0.8640462243929505
  view-data: 3.430838235653937
