times:
  edit-metadata: 0.965922474861145
  landing: 0.04320882260799408
  view-data: 0.2245517410337925
