times:
  edit-metadata: 0.9851776007562876
  landing: 1.1670058369636536
  view-data: 0.31670033372938633
