times:
  edit-metadata: 1.5131256682798266
  landing: 0.13621297851204872
  view-data: 0.13960139639675617
