times:
  edit-metadata: 0.9286985769867897
  landing: 0.5928807817399502
  view-data: 0.1951618380844593
