times:
  edit-metadata: 0.9136475101113319
  landing: 0.04218464344739914
  view-data: 0.20165295153856277
