times:
  edit-metadata: 0.8305487441830337
  landing: 0.15314451698213816
  view-data: 0.224191022105515
