times:
  edit-metadata: 0.5695554367266595
  landing: 0.04651286918669939
  view-data: 0.20492492197081447
