times:
  edit-metadata: 1.474627437070012
  landing: 0.7821778319776058
  view-data: 3.406775373965502
