times:
  edit-metadata: 1.4507996998727322
  landing: 0.877630390226841
  view-data: 3.323442444205284
