times:
  edit-metadata: 0.8711016997694969
  landing: 0.13612966099753976
  view-data: 0.21243846509605646
