times:
  edit-metadata: 1.5471958629786968
  landing: 0.17296596430242062
  view-data: 0.026756180450320244
