times:
  edit-metadata: 0.5352765140123665
  landing: 0.05349875520914793
  view-data: 0.19741367315873504
