times:
  edit-metadata: 1.871571141295135
  landing: 0.020068548619747162
  view-data: 0.2162579046562314
