times:
  edit-metadata: 0.9738548099994659
  landing: 0.04921879991889
  view-data: 0.19740276038646698
