times:
  edit-metadata: 0.9567366521805525
  landing: 0.5781332813203335
  view-data: 0.3120244611054659
