times:
  edit-metadata: 0.8970958329737186
  landing: 0.04412401095032692
  view-data: 0.194541584700346
