times:
  edit-metadata: 0.5894632330164313
  landing: 0.04945773724466562
  view-data: 0.20799560332670808
