times:
  edit-metadata: 0.5480991238728166
  landing: 0.041647196281701326
  view-data: 0.20165932085365057
