times:
  edit-metadata: 1.3740565902553499
  landing: 0.7369196242652833
  view-data: 3.3321633571758866
