times:
  edit-metadata: 1.0444588419049978
  landing: 0.9667408671230078
  view-data: 0.3284063786268234
