times:
  edit-metadata: 0.5435267258435488
  landing: 0.044126962311565876
  view-data: 0.2156164851039648
