times:
  edit-metadata: 1.5137389581650496
  landing: 0.872363455593586
  view-data: 3.292964793741703
