times:
  edit-metadata: 0.6149848849745467
  landing: 0.06283116695703939
  view-data: 0.2258651300217025
