times:
  edit-metadata: 1.4906449569389224
  landing: 0.021494539454579353
  view-data: 0.12648754101246595
