times:
  edit-metadata: 1.9828367829322815
  landing: 1.4839109852910042
  view-data: 3.465876806527376
