times:
  edit-metadata: 1.548837212845683
  landing: 0.0935118654742837
  view-data: 0.12498710956424475
