times:
  edit-metadata: 0.5168110448867083
  landing: 0.04386779712513089
  view-data: 0.2045529200695455
