times:
  edit-metadata: 0.6223756889812648
  landing: 0.06579878274351358
  view-data: 0.21156827080994844
