times:
  edit-metadata: 1.4674614127725363
  landing: 0.023022793233394623
  view-data: 0.13773213885724545
