times:
  edit-metadata: 1.5920248441398144
  landing: 0.9653205908834934
  view-data: 3.45225440710783
