times:
  edit-metadata: 0.6199542809918057
  landing: 0.041799936996540055
  view-data: 0.22489569001481868
