times:
  edit-metadata: 0.5699267252348363
  landing: 0.05187502084299922
  view-data: 0.2044190731830895
