times:
  edit-metadata: 2.111143559217453
  landing: 0.01996280997991562
  view-data: 0.1897158920764923
