times:
  edit-metadata: 1.4960470627993345
  landing: 0.17752080596983433
  view-data: 0.12148216273635626
