times:
  edit-metadata: 1.7564882840961218
  landing: 0.20577980764210224
  view-data: 0.3028345610946417
