times:
  edit-metadata: 1.7378122080117464
  landing: 0.26278509944677353
  view-data: 0.024904288351535797
