times:
  edit-metadata: 1.384908065199852
  landing: 0.8569846749305725
  view-data: 3.3306489512324333
