times:
  edit-metadata: 1.486289971973747
  landing: 1.0316915520234033
  view-data: 3.527622186928056
