times:
  edit-metadata: 1.4930953504517674
  landing: 0.020929954014718533
  view-data: 0.12058553658425808
