times:
  edit-metadata: 0.9414411019533873
  landing: 0.6490881573408842
  view-data: 0.2130922805517912
