times:
  edit-metadata: 4.06415356323123
  landing: 2.131603142246604
  view-data: 4.428358476608992
