times:
  edit-metadata: 0.6059430590248667
  landing: 0.07123543397756293
  view-data: 0.22846238204510882
