times:
  edit-metadata: 0.895644398406148
  landing: 0.6655975449830294
  view-data: 0.34363576397299767
