times:
  edit-metadata: 1.5451992359012365
  landing: 0.14039616100490093
  view-data: 0.02872246690094471
