times:
  edit-metadata: 1.5135286208242178
  landing: 0.7654359191656113
  view-data: 3.4164212718605995
