times:
  edit-metadata: 0.5415369928814471
  landing: 0.042692787013947964
  view-data: 0.20213082060217857
