times:
  edit-metadata: 1.4401625040918589
  landing: 0.01863866299390793
  view-data: 0.1583800744265318
