times:
  edit-metadata: 0.5524942479096353
  landing: 0.0549179648514837
  view-data: 0.19853195594623685
