times:
  edit-metadata: 1.529899250715971
  landing: 0.9968207813799381
  view-data: 3.3960138708353043
