times:
  edit-metadata: 1.021385844796896
  landing: 0.04308680444955826
  view-data: 0.20579228922724724
