times:
  edit-metadata: 1.4759037978947163
  landing: 0.02009966503828764
  view-data: 0.02521415986120701
