times:
  edit-metadata: 1.5700190477073193
  landing: 0.1646794155240059
  view-data: 0.028739409521222115
