times:
  edit-metadata: 0.8959726244211197
  landing: 1.1758560333400965
  view-data: 0.29176780581474304
