times:
  edit-metadata: 1.5271998066455126
  landing: 0.18075538519769907
  view-data: 0.12824646197259426
