times:
  edit-metadata: 0.7151994430460036
  landing: 0.06167886406183243
  view-data: 0.20773440087214112
