times:
  edit-metadata: 0.9619010165333748
  landing: 0.8309429325163364
  view-data: 0.31026124581694603
