times:
  edit-metadata: 0.6532129580155015
  landing: 0.0625447197817266
  view-data: 0.22267050296068192
