times:
  edit-metadata: 0.5725103802978992
  landing: 0.04995161760598421
  view-data: 0.20505978260189295
