times:
  edit-metadata: 0.9823168553411961
  landing: 0.047920506447553635
  view-data: 0.2026025988161564
