times:
  edit-metadata: 0.6477981400676072
  landing: 0.0448250793851912
  view-data: 0.22811016207560897
