times:
  edit-metadata: 0.5945871761068702
  landing: 0.0528704384341836
  view-data: 0.20205316273495555
