times:
  edit-metadata: 0.5659962608478963
  landing: 0.05280259600840509
  view-data: 0.19302967004477978
