times:
  edit-metadata: 1.499415598809719
  landing: 1.1048674322664738
  view-data: 3.376305628567934
