times:
  edit-metadata: 0.5627214899286628
  landing: 0.048819356597959995
  view-data: 0.19759307289496064
