times:
  edit-metadata: 0.554016498150304
  landing: 0.04616422299295664
  view-data: 0.21776162809692323
