times:
  edit-metadata: 0.5513730556704104
  landing: 0.04316216427832842
  view-data: 0.20187956374138594
