times:
  edit-metadata: 1.6066102907061577
  landing: 0.8997433744370937
  view-data: 3.389159733429551
