times:
  edit-metadata: 1.4699949938803911
  landing: 0.20778181310743093
  view-data: 0.11990703549236059
