times:
  edit-metadata: 1.779675841331482
  landing: 0.9214738048613071
  view-data: 3.311238043010235
