times:
  edit-metadata: 0.5964692779816687
  landing: 0.05677659501088783
  view-data: 0.20498924600542523
