times:
  edit-metadata: 1.5286089330911636
  landing: 0.04698838107287884
  view-data: 0.3263090681284666
