times:
  edit-metadata: 0.642402081983164
  landing: 0.05105405277572572
  view-data: 0.21704416815191507
