times:
  edit-metadata: 0.6102163670584559
  landing: 0.06652404204942286
  view-data: 0.22688125120475888
