times:
  edit-metadata: 0.7103281728923321
  landing: 0.12341506592929363
  view-data: 0.22067524027079344
