times:
  edit-metadata: 1.5917866677045822
  landing: 0.8032139278948307
  view-data: 3.5034253615885973
