times:
  edit-metadata: 0.5948050362057984
  landing: 0.05563177680596709
  view-data: 0.19982417486608028
