times:
  edit-metadata: 0.6156833928544074
  landing: 0.06660990393720567
  view-data: 0.23380593210458755
