times:
  edit-metadata: 0.8101338841952384
  landing: 0.07693561911582947
  view-data: 0.21063360199332237
