times:
  edit-metadata: 0.2969733979552984
  landing: 0.37286520190536976
  view-data: 0.1740106549113989
