times:
  edit-metadata: 1.5079289451241493
  landing: 0.8843671157956123
  view-data: 3.3797786347568035
