times:
  edit-metadata: 1.5736473705619574
  landing: 0.018879703246057034
  view-data: 0.025068326853215694
