times:
  edit-metadata: 1.6049405727535486
  landing: 0.2583214286714792
  view-data: 0.3823731876909733
