times:
  edit-metadata: 0.9259750880300999
  landing: 0.04503358528017998
  view-data: 0.19882920756936073
