times:
  edit-metadata: 0.5772594772279263
  landing: 0.04770321398973465
  view-data: 0.2032202142290771
