times:
  edit-metadata: 0.5657357349991798
  landing: 0.05352877709083259
  view-data: 0.19558994704857469
