times:
  edit-metadata: 0.5843437190633267
  landing: 0.0487350570037961
  view-data: 0.20183539297431707
