times:
  edit-metadata: 1.5291428864002228
  landing: 0.7886403538286686
  view-data: 3.409738227725029
