times:
  edit-metadata: 1.5278745628893375
  landing: 0.023023812100291252
  view-data: 0.022470368072390556
