times:
  edit-metadata: 1.5309028625488281
  landing: 0.8666059710085392
  view-data: 3.461740657687187
