times:
  edit-metadata: 0.7654821146279573
  landing: 0.06608750997111201
  view-data: 0.24167507188394666
