times:
  edit-metadata: 0.5603110496886075
  landing: 0.041817029006779194
  view-data: 0.200527704320848
