times:
  edit-metadata: 1.5213938690721989
  landing: 0.9042103476822376
  view-data: 3.41446740552783
