times:
  edit-metadata: 0.6248117038048804
  landing: 0.05334498011507094
  view-data: 0.23267549509182572
