times:
  edit-metadata: 1.646559588611126
  landing: 0.8792427498847246
  view-data: 3.4188036862760782
