times:
  edit-metadata: 1.5084679182618856
  landing: 0.8105102656409144
  view-data: 3.4197379825636744
