times:
  edit-metadata: 0.6750470420811325
  landing: 0.05559504893608391
  view-data: 0.22213260107673705
