times:
  edit-metadata: 0.585419834125787
  landing: 0.058018560986965895
  view-data: 0.21933920308947563
