times:
  edit-metadata: 0.9676203597337008
  landing: 0.7450945116579533
  view-data: 0.32938869670033455
