times:
  edit-metadata: 4.1853999607265
  landing: 4.2126275561749935
  view-data: 4.607392452657223
