times:
  edit-metadata: 0.6546242800541222
  landing: 0.04559306800365448
  view-data: 0.2224049789365381
