times:
  edit-metadata: 0.5622780749108642
  landing: 0.03825087007135153
  view-data: 0.19167355680838227
