times:
  edit-metadata: 0.5348414415493608
  landing: 0.05236837174743414
  view-data: 0.19861462293192744
