times:
  edit-metadata: 1.4003209071233869
  landing: 0.8161637370940298
  view-data: 3.3869953269604594
