times:
  edit-metadata: 0.6098873979999553
  landing: 0.062108563000037975
  view-data: 0.2333969760002219
