times:
  edit-metadata: 0.5948397014290094
  landing: 0.04770379327237606
  view-data: 0.21102431882172823
