times:
  edit-metadata: 1.18106527000009
  landing: 0.21185621900031038
  view-data: 0.30807023399984246
