times:
  edit-metadata: 1.5180930644273758
  landing: 0.020275795832276344
  view-data: 0.12090400606393814
