times:
  edit-metadata: 1.4543787958100438
  landing: 0.8741964949294925
  view-data: 3.356272670440376
