times:
  edit-metadata: 0.8890033010393381
  landing: 0.6214496288448572
  view-data: 0.19582410715520382
