times:
  edit-metadata: 0.6109422519803047
  landing: 0.06781014800071716
  view-data: 0.1959519919473678
