times:
  edit-metadata: 1.5252871690317988
  landing: 0.02051476575434208
  view-data: 0.41667758394032717
