times:
  edit-metadata: 0.9473841264843941
  landing: 0.0414215624332428
  view-data: 0.2046530432999134
