times:
  edit-metadata: 1.4344566240906715
  landing: 0.7832966139540076
  view-data: 3.406960311345756
