times:
  edit-metadata: 1.52488471288234
  landing: 0.021880882792174816
  view-data: 0.10413559153676033
