times:
  edit-metadata: 0.544420538470149
  landing: 0.04267999716103077
  view-data: 0.2071757074445486
