times:
  edit-metadata: 1.4004426635801792
  landing: 0.7562356647104025
  view-data: 3.3948555374518037
