times:
  edit-metadata: 1.5094293095171452
  landing: 0.7136110216379166
  view-data: 3.3544986583292484
