times:
  edit-metadata: 2.176780045032501
  landing: 0.9802104793488979
  view-data: 3.6552180722355843
