times:
  edit-metadata: 1.4679546281695366
  landing: 0.9473478607833385
  view-data: 3.3871442899107933
