times:
  edit-metadata: 0.9448710326105356
  landing: 0.8302334994077682
  view-data: 0.3343670479953289
