times:
  edit-metadata: 0.9456570781767368
  landing: 0.04444347694516182
  view-data: 0.19259357079863548
