times:
  edit-metadata: 1.5103793125599623
  landing: 0.7893601525574923
  view-data: 3.434311781078577
