times:
  edit-metadata: 0.5475940564647317
  landing: 0.042480831034481525
  view-data: 0.2170333405956626
