times:
  edit-metadata: 0.9552709963172674
  landing: 0.628805972635746
  view-data: 0.3053727261722088
