times:
  edit-metadata: 1.5361552815884352
  landing: 0.17109231371432543
  view-data: 0.1204226166009903
