times:
  edit-metadata: 1.8725241590291262
  landing: 0.9623825214803219
  view-data: 3.3916958048939705
