times:
  edit-metadata: 0.30006404779851437
  landing: 0.6289937347173691
  view-data: 0.18833226524293423
