times:
  edit-metadata: 2.7927991040050983
  landing: 1.2756765894591808
  view-data: 3.3795922808349133
