times:
  edit-metadata: 0.6236430439166725
  landing: 0.06621252465993166
  view-data: 0.2299853484146297
