times:
  edit-metadata: 0.5457148559944471
  landing: 0.054918723995797336
  view-data: 0.19070081900281366
