times:
  edit-metadata: 1.516642825677991
  landing: 0.7936377879232168
  view-data: 3.4757916647940874
