times:
  edit-metadata: 1.5224802941083908
  landing: 0.8911517597734928
  view-data: 3.4095296896994114
