times:
  edit-metadata: 0.34153829142451286
  landing: 0.5036356002092361
  view-data: 0.24756913632154465
