times:
  edit-metadata: 1.4939190559089184
  landing: 0.1667421469464898
  view-data: 0.1365116322413087
