times:
  edit-metadata: 1.5283873956650496
  landing: 0.19059660285711288
  view-data: 0.027666816487908363
