times:
  edit-metadata: 0.9881519619375467
  landing: 0.7457654103636742
  view-data: 0.3467923682183027
