times:
  edit-metadata: 1.4927822276949883
  landing: 0.19373337551951408
  view-data: 0.3601704388856888
