times:
  edit-metadata: 1.5007660239934921
  landing: 0.967228889465332
  view-data: 3.3869657926261425
