times:
  edit-metadata: 0.6130128558725119
  landing: 0.06646991614252329
  view-data: 0.229006223147735
