times:
  edit-metadata: 0.558070289902389
  landing: 0.047295900993049145
  view-data: 0.18907993519678712
