times:
  edit-metadata: 0.9965223707258701
  landing: 0.051206666976213455
  view-data: 0.20149260759353638
