times:
  edit-metadata: 0.5440338249318302
  landing: 0.040929929818958044
  view-data: 0.20070995995774865
