times:
  edit-metadata: 1.3210405828431249
  landing: 0.8687927909195423
  view-data: 3.3938769900705665
