times:
  edit-metadata: 1.735835826024413
  landing: 1.0334834810346365
  view-data: 3.5295364828780293
