times:
  edit-metadata: 0.520293896086514
  landing: 0.047944927122443914
  view-data: 0.19931394467130303
