times:
  edit-metadata: 0.40120456367731094
  landing: 0.5308013521134853
  view-data: 0.2149062566459179
