times:
  edit-metadata: 1.3623007098212838
  landing: 0.9225810430943966
  view-data: 3.311393119394779
