times:
  edit-metadata: 0.5697001870721579
  landing: 0.0548030249774456
  view-data: 0.1869954401627183
