times:
  edit-metadata: 1.6106529477983713
  landing: 0.1794249266386032
  view-data: 0.3229254838079214
