times:
  edit-metadata: 1.524648217484355
  landing: 0.7881166748702526
  view-data: 3.401913346722722
