times:
  edit-metadata: 0.6188835079956334
  landing: 0.073626705998322
  view-data: 0.2542653540149331
