times:
  edit-metadata: 1.6572117060422897
  landing: 0.933229461312294
  view-data: 3.3208793625235558
