times:
  edit-metadata: 0.649444242939353
  landing: 0.04599176486954093
  view-data: 0.23066880414262414
