times:
  edit-metadata: 1.8566328454762697
  landing: 0.1397972870618105
  view-data: 0.023830091580748558
