times:
  edit-metadata: 1.4905507918447256
  landing: 0.1589803695678711
  view-data: 0.48718793597072363
