times:
  edit-metadata: 1.5004037553444505
  landing: 0.9136149110272527
  view-data: 3.4152048705145717
