times:
  edit-metadata: 0.5689554042182863
  landing: 0.044838870875537395
  view-data: 0.2009667889215052
