times:
  edit-metadata: 0.5981901190243661
  landing: 0.05233237997163087
  view-data: 0.20197335199918598
