times:
  edit-metadata: 1.5480064786970615
  landing: 0.7721405401825905
  view-data: 3.418161243200302
