times:
  edit-metadata: 2.7704835440963507
  landing: 1.137168776243925
  view-data: 3.6490764189511538
