times:
  edit-metadata: 0.5821013799868524
  landing: 0.05785254295915365
  view-data: 0.20086735498625785
