times:
  edit-metadata: 0.9040918909013271
  landing: 0.04289903864264488
  view-data: 0.2002936601638794
