times:
  edit-metadata: 0.6523566369432956
  landing: 0.056150089018046856
  view-data: 0.22126315091736615
