times:
  edit-metadata: 1.4655662486329675
  landing: 0.02439918089658022
  view-data: 0.10708076972514391
