times:
  edit-metadata: 0.9458282552659512
  landing: 0.8512427303940058
  view-data: 0.3139384798705578
