times:
  edit-metadata: 1.496953645721078
  landing: 0.7256137952208519
  view-data: 3.3976578135043383
