times:
  edit-metadata: 1.4775820259237662
  landing: 1.0273352479562163
  view-data: 3.3906752730254084
