times:
  edit-metadata: 0.9377566576004028
  landing: 0.050577353686094284
  view-data: 0.20344838127493858
