times:
  edit-metadata: 1.5716246012598276
  landing: 0.021274782717227936
  view-data: 0.023700468242168427
