times:
  edit-metadata: 0.5699330510105938
  landing: 0.04339120304211974
  view-data: 0.20647980994544923
