times:
  edit-metadata: 0.5377101097255945
  landing: 0.05016566999256611
  view-data: 0.2124617351219058
