times:
  edit-metadata: 1.553501021116972
  landing: 0.16735459677875042
  view-data: 0.02780424803495407
