times:
  edit-metadata: 0.552252768073231
  landing: 0.040934239979833364
  view-data: 0.18987733800895512
