times:
  edit-metadata: 1.5207578334957361
  landing: 0.01927933841943741
  view-data: 0.025593184866011143
