times:
  edit-metadata: 0.916684128344059
  landing: 0.04574909433722496
  view-data: 0.20476572588086128
