times:
  edit-metadata: 1.5221483195200562
  landing: 0.022086153738200665
  view-data: 0.027066290378570557
