times:
  edit-metadata: 1.493317861109972
  landing: 0.12358631286770105
  view-data: 0.2515456937253475
