times:
  edit-metadata: 1.511790438555181
  landing: 0.020085765048861504
  view-data: 0.02711679693311453
