times:
  edit-metadata: 1.5644575348123908
  landing: 0.02048784215003252
  view-data: 0.48868995252996683
