times:
  edit-metadata: 1.5447003617882729
  landing: 0.01982155069708824
  view-data: 0.02493788953870535
