times:
  edit-metadata: 0.5639827586710453
  landing: 0.044734871946275234
  view-data: 0.20893989130854607
