times:
  edit-metadata: 1.5764229446649551
  landing: 0.997264601290226
  view-data: 3.415994565933943
