times:
  edit-metadata: 0.9201644659042358
  landing: 0.04222497716546059
  view-data: 0.20405859500169754
