times:
  edit-metadata: 1.4946006720419973
  landing: 0.7457264207769185
  view-data: 3.402980935992673
