times:
  edit-metadata: 0.9792832508683205
  landing: 0.053025513887405396
  view-data: 0.21224822849035263
