times:
  edit-metadata: 1.531884204596281
  landing: 0.8329359740018845
  view-data: 3.2846418768167496
