times:
  edit-metadata: 1.5176038052886724
  landing: 0.023020961321890354
  view-data: 0.027326256036758423
