times:
  edit-metadata: 1.4468650240451097
  landing: 0.8515569530427456
  view-data: 3.2897891234606504
