times:
  edit-metadata: 0.576362133026123
  landing: 0.04057084396481514
  view-data: 0.19282310298876837
