times:
  edit-metadata: 0.5918894670903683
  landing: 0.053311267867684364
  view-data: 0.19971299450844526
