times:
  edit-metadata: 0.5530840838328004
  landing: 0.05504156299866736
  view-data: 0.1943976420443505
