times:
  edit-metadata: 1.5567169971764088
  landing: 0.2268371433019638
  view-data: 0.12104432471096516
