times:
  edit-metadata: 0.6281540560303256
  landing: 0.07711590698454529
  view-data: 0.33883155696094036
