times:
  edit-metadata: 1.4714979059062898
  landing: 0.8860266897827387
  view-data: 3.3440812090411782
