times:
  edit-metadata: 0.567666782066226
  landing: 0.04928820813074708
  view-data: 0.19592008111067116
