times:
  edit-metadata: 1.4370583575218916
  landing: 0.779020955786109
  view-data: 3.326766485348344
