times:
  edit-metadata: 0.5827343286946416
  landing: 0.0707015790976584
  view-data: 0.23486644076183438
