times:
  edit-metadata: 1.5710409358143806
  landing: 0.9543686658143997
  view-data: 3.4414405710995197
