times:
  edit-metadata: 1.4398242416791618
  landing: 0.8162973280996084
  view-data: 3.387590566650033
