times:
  edit-metadata: 1.724797036498785
  landing: 0.2185213267803192
  view-data: 0.36362203396856785
