times:
  edit-metadata: 1.974450621753931
  landing: 1.0682683601044118
  view-data: 3.4029613323509693
