times:
  edit-metadata: 0.912895992398262
  landing: 0.04395901784300804
  view-data: 0.21344662830233574
