times:
  edit-metadata: 0.9093864634633064
  landing: 0.04021124169230461
  view-data: 0.19819701090455055
