times:
  edit-metadata: 0.6069709010189399
  landing: 0.06128570099826902
  view-data: 0.38968064391519874
