times:
  edit-metadata: 0.7610231339931488
  landing: 0.10975397005677223
  view-data: 0.24146339483559132
