times:
  edit-metadata: 0.3191811330616474
  landing: 0.6657248623669147
  view-data: 0.2310823854058981
