times:
  edit-metadata: 1.4840702870860696
  landing: 0.7940937720704824
  view-data: 3.350331496912986
