times:
  edit-metadata: 0.7159906149900053
  landing: 0.08418043999699876
  view-data: 0.3695439930015709
