times:
  edit-metadata: 1.5761837223544717
  landing: 0.7806859752163291
  view-data: 3.4618700109422207
