times:
  edit-metadata: 1.4606981799006462
  landing: 1.0642727315425873
  view-data: 3.3819220662117004
