times:
  edit-metadata: 1.542911035940051
  landing: 0.24320735596120358
  view-data: 0.3360720667988062
