times:
  edit-metadata: 0.561884994036518
  landing: 0.050659051979891956
  view-data: 0.20451883104396984
