times:
  edit-metadata: 1.839923782274127
  landing: 0.9426590576767921
  view-data: 3.3877298906445503
