times:
  edit-metadata: 0.5804112120531499
  landing: 0.051574693992733955
  view-data: 0.20489171473309398
