times:
  edit-metadata: 1.6191263925284147
  landing: 0.18142753839492798
  view-data: 0.31571526266634464
