times:
  edit-metadata: 0.5987267000600696
  landing: 0.05129297589883208
  view-data: 0.21260700188577175
