times:
  edit-metadata: 1.5649819392710924
  landing: 0.6768981367349625
  view-data: 3.411749066784978
