times:
  edit-metadata: 1.4778948072344065
  landing: 0.018889368511736393
  view-data: 0.11723004002124071
