times:
  edit-metadata: 0.9200007420004113
  landing: 0.03924899399862625
  view-data: 0.20791862400074024
