times:
  edit-metadata: 0.6139197400771081
  landing: 0.0666486150585115
  view-data: 0.22831184603273869
