times:
  edit-metadata: 0.5964681410696357
  landing: 0.045247321017086506
  view-data: 0.1978813959285617
