times:
  edit-metadata: 0.6203548299963586
  landing: 0.07253962499089539
  view-data: 0.21399569099594373
