times:
  edit-metadata: 1.4064316134899855
  landing: 0.6791447792202234
  view-data: 3.3885407969355583
