times:
  edit-metadata: 1.472592804580927
  landing: 0.022058121860027313
  view-data: 0.14002728648483753
