times:
  edit-metadata: 0.7306466670706868
  landing: 0.10438320506364107
  view-data: 0.24033251497894526
