times:
  edit-metadata: 1.677330557256937
  landing: 1.0099904350936413
  view-data: 3.393096264451742
