times:
  edit-metadata: 0.6056716307066381
  landing: 0.07763416692614555
  view-data: 0.23468395322561264
