times:
  edit-metadata: 1.4578707283362746
  landing: 0.020243127830326557
  view-data: 0.025269877165555954
