times:
  edit-metadata: 0.9559157993644476
  landing: 0.039333121851086617
  view-data: 0.19605637341737747
