times:
  edit-metadata: 1.4975432492792606
  landing: 0.8600543476641178
  view-data: 3.318333424627781
