times:
  edit-metadata: 1.4884565882384777
  landing: 0.019310498610138893
  view-data: 0.336875569075346
