times:
  edit-metadata: 0.8215327584184706
  landing: 0.10100517002865672
  view-data: 0.28697521472349763
