times:
  edit-metadata: 1.4304098254069686
  landing: 0.13732438161969185
  view-data: 0.3940276810899377
