times:
  edit-metadata: 1.5020485147833824
  landing: 0.6944921873509884
  view-data: 3.368367886170745
