times:
  edit-metadata: 0.9074117168784142
  landing: 0.5770719237625599
  view-data: 0.1989277582615614
