times:
  edit-metadata: 0.5777708989917301
  landing: 0.0529086550232023
  view-data: 0.1963692469871603
