times:
  edit-metadata: 1.4668077961541712
  landing: 0.9985986701212823
  view-data: 3.336877535097301
