times:
  edit-metadata: 1.6561121456325054
  landing: 1.0546886399388313
  view-data: 3.387460395693779
