times:
  edit-metadata: 1.2077785078436136
  landing: 0.771546421572566
  view-data: 3.2826781142503023
