times:
  edit-metadata: 0.5815292170154862
  landing: 0.04178704199148342
  view-data: 0.19979723799042404
