times:
  edit-metadata: 0.928961593657732
  landing: 0.03951311111450195
  view-data: 0.20425449684262276
