times:
  edit-metadata: 1.4552472494542599
  landing: 0.9334832914173603
  view-data: 3.431533571332693
