times:
  edit-metadata: 1.5167174581438303
  landing: 0.12652257084846497
  view-data: 0.4753004591912031
