times:
  edit-metadata: 0.6775110871531069
  landing: 0.04745657881721854
  view-data: 0.21902796206995845
