times:
  edit-metadata: 1.5488369762897491
  landing: 0.8095660917460918
  view-data: 3.443481206893921
