times:
  edit-metadata: 1.447551243007183
  landing: 0.897772628813982
  view-data: 3.3214288279414177
