times:
  edit-metadata: 1.5576829127967358
  landing: 1.1327442079782486
  view-data: 3.3710480965673923
