times:
  edit-metadata: 0.6716343309963122
  landing: 0.05026767891831696
  view-data: 0.21094009699299932
