times:
  edit-metadata: 1.495129268616438
  landing: 0.13778911158442497
  view-data: 0.02614753507077694
