times:
  edit-metadata: 0.9790373928844929
  landing: 0.05316608026623726
  view-data: 0.19432112947106361
