times:
  edit-metadata: 0.5967413233593106
  landing: 0.11229624086990952
  view-data: 0.2432333859615028
