times:
  edit-metadata: 0.9143052287399769
  landing: 0.04550297185778618
  view-data: 0.19672012701630592
