times:
  edit-metadata: 1.5736477561295033
  landing: 0.16922463476657867
  view-data: 0.23308506980538368
