times:
  edit-metadata: 0.5356801571324468
  landing: 0.04279955103993416
  view-data: 0.21901443507522345
