times:
  edit-metadata: 2.8615739848464727
  landing: 0.21142719313502312
  view-data: 0.5553681179881096
