times:
  edit-metadata: 1.4857125831767917
  landing: 0.019829988479614258
  view-data: 0.32973287999629974
