times:
  edit-metadata: 1.428932768292725
  landing: 0.82810766575858
  view-data: 3.4047168879769742
