times:
  edit-metadata: 1.658811405301094
  landing: 1.0829982124269009
  view-data: 3.3083566427230835
