times:
  edit-metadata: 0.9638398690003669
  landing: 0.049929207998502534
  view-data: 0.2039948240017111
