times:
  edit-metadata: 1.6129027465358377
  landing: 0.021015136502683163
  view-data: 0.4248593505471945
