times:
  edit-metadata: 1.6549161709845066
  landing: 1.080802332609892
  view-data: 3.3964517526328564
