times:
  edit-metadata: 1.475912019610405
  landing: 0.8074892424046993
  view-data: 3.37530673481524
