times:
  edit-metadata: 2.2245673248544335
  landing: 0.31615656800568104
  view-data: 0.6991892866790295
