times:
  edit-metadata: 1.4847413878887892
  landing: 0.021818868815898895
  view-data: 0.026128729805350304
