times:
  edit-metadata: 1.5405147755518556
  landing: 0.02013167180120945
  view-data: 0.024606991559267044
