times:
  edit-metadata: 0.6032049544155598
  landing: 0.043303731828927994
  view-data: 0.2106660632416606
