times:
  edit-metadata: 1.4978770976886153
  landing: 0.023842476308345795
  view-data: 0.025103002786636353
