times:
  edit-metadata: 1.4955385187640786
  landing: 0.19800025038421154
  view-data: 0.12368992250412703
