times:
  edit-metadata: 1.6495296582579613
  landing: 0.021015988662838936
  view-data: 0.3699365444481373
