times:
  edit-metadata: 1.4252067673951387
  landing: 0.020907018333673477
  view-data: 0.1291628386825323
