times:
  edit-metadata: 1.4595271702855825
  landing: 0.021016834303736687
  view-data: 0.09697056096047163
