times:
  edit-metadata: 1.9825561977922916
  landing: 0.17977962456643581
  view-data: 0.42390439473092556
