times:
  edit-metadata: 1.46867632586509
  landing: 0.1968426713719964
  view-data: 0.14300881884992123
