times:
  edit-metadata: 0.6152473929978441
  landing: 0.06356691398832481
  view-data: 0.3686173080059234
