times:
  edit-metadata: 1.2778712641447783
  landing: 0.7493414245545864
  view-data: 3.3166966093704104
