times:
  edit-metadata: 0.9299777559936047
  landing: 0.04098945111036301
  view-data: 0.1983400285243988
