times:
  edit-metadata: 0.6518149009207264
  landing: 0.054287709994241595
  view-data: 0.22661609097849578
