times:
  edit-metadata: 0.5311471628956497
  landing: 0.03919487027451396
  view-data: 0.20533849811181426
