times:
  edit-metadata: 1.5140365436673164
  landing: 0.8186786966398358
  view-data: 3.4309321977198124
