times:
  edit-metadata: 0.9020599611103535
  landing: 0.8017119485884905
  view-data: 0.3235980495810509
