times:
  edit-metadata: 0.549161490984261
  landing: 0.04437354579567909
  view-data: 0.21037941426038742
