times:
  edit-metadata: 1.5208637407049537
  landing: 0.021061458624899387
  view-data: 0.025713440030813217
