times:
  edit-metadata: 0.5711341509595513
  landing: 0.052862409967929125
  view-data: 0.19622948206961155
