times:
  edit-metadata: 1.4649753337725997
  landing: 0.11651040893048048
  view-data: 0.11669077817350626
