times:
  edit-metadata: 1.4006625190377235
  landing: 0.9152953512966633
  view-data: 3.351080819964409
