times:
  edit-metadata: 1.4795295614749193
  landing: 0.19657680951058865
  view-data: 0.19932126440107822
