times:
  edit-metadata: 0.6396735399030149
  landing: 0.04882505303248763
  view-data: 0.22213215194642544
