times:
  edit-metadata: 1.6083590593189
  landing: 0.8169529661536217
  view-data: 3.438546098768711
