times:
  edit-metadata: 1.429277383722365
  landing: 0.8149270499125123
  view-data: 3.3880453184247017
