times:
  edit-metadata: 2.135958719998598
  landing: 0.25985826924443245
  view-data: 0.41678748093545437
