times:
  edit-metadata: 0.6407403550110757
  landing: 0.06885102699743584
  view-data: 0.23504751600557938
