times:
  edit-metadata: 1.3501922525465488
  landing: 1.0690226182341576
  view-data: 3.3675977662205696
