times:
  edit-metadata: 0.6455086888745427
  landing: 0.07024344708770514
  view-data: 0.219056427013129
