times:
  edit-metadata: 1.3978016572073102
  landing: 0.8140144739300013
  view-data: 3.3800074979662895
