times:
  edit-metadata: 0.6365504059940577
  landing: 0.06891248235478997
  view-data: 0.23150828015059233
