times:
  edit-metadata: 0.9090318642556667
  landing: 0.7410322148352861
  view-data: 0.30983775295317173
