times:
  edit-metadata: 1.4762816652655602
  landing: 0.6662468835711479
  view-data: 3.3983981516212225
