times:
  edit-metadata: 0.959861958399415
  landing: 0.6034474652260542
  view-data: 0.21088712103664875
