times:
  edit-metadata: 0.6092277120333165
  landing: 0.06020271289162338
  view-data: 0.26839879201725125
