times:
  edit-metadata: 0.9330220334231853
  landing: 0.05163748934864998
  view-data: 0.20452499017119408
