times:
  edit-metadata: 1.5576898846775293
  landing: 0.1598808728158474
  view-data: 0.24936498887836933
