times:
  edit-metadata: 1.845016940496862
  landing: 0.02248809952288866
  view-data: 0.03053845465183258
