times:
  landing: 1.103562654927373
  view-data: 0.5372209108900279
