times:
  landing: 2.3080717851407826
  view-data: 0.03518378804437816
