times:
  edit-metadata: 0.5044765467755497
  landing: 0.06962290685623884
  view-data: 0.22241043392568827
