times:
  edit-metadata: 1.301419423893094
  landing: 0.8228177689015865
  view-data: 3.3200791347771883
