times:
  edit-metadata: 1.8414291329681873
  landing: 1.1179412063211203
  view-data: 3.3877084124833345
