times:
  edit-metadata: 1.449078405275941
  landing: 0.8278414569795132
  view-data: 3.6627294681966305
