times:
  edit-metadata: 1.9505459843203425
  landing: 1.0637614456936717
  view-data: 3.4566616909578443
