times:
  edit-metadata: 1.459240600001067
  landing: 0.8158565987832844
  view-data: 3.3298300839960575
