times:
  edit-metadata: 1.603459443897009
  landing: 1.0657395739108324
  view-data: 3.7322407346218824
