times:
  edit-metadata: 1.5406793169677258
  landing: 0.9193490706384182
  view-data: 3.4143408089876175
