times:
  edit-metadata: 1.5190912336111069
  landing: 0.8837873749434948
  view-data: 3.4138076566159725
