times:
  edit-metadata: 0.5043307970045134
  landing: 0.0789366610115394
  view-data: 0.21806915709748864
