times:
  edit-metadata: 1.3615260384976864
  landing: 0.8642038442194462
  view-data: 3.329220298677683
