times:
  edit-metadata: 1.6092207096517086
  landing: 1.0773250088095665
  view-data: 3.358962807804346
