times:
  edit-metadata: 1.5202804952859879
  landing: 0.7744265738874674
  view-data: 3.303046304732561
