times:
  edit-metadata: 1.531428162008524
  landing: 0.9801434129476547
  view-data: 3.4340990595519543
