times:
  edit-metadata: 1.5250422209501266
  landing: 0.7721271589398384
  view-data: 3.5287770181894302
