times:
  edit-metadata: 1.3071630839258432
  landing: 0.7783872932195663
  view-data: 3.4044407680630684
