times:
  edit-metadata: 1.627619806677103
  landing: 0.992931492626667
  view-data: 3.444519054144621
