times:
  edit-metadata: 0.5250986623577774
  landing: 0.06672818539664149
  view-data: 0.2253251112997532
