times:
  edit-metadata: 1.770901593961753
  landing: 0.9486331100342795
  view-data: 3.366836742963642
