times:
  edit-metadata: 1.7161302845925093
  landing: 0.937681594863534
  view-data: 3.31462393514812
