times:
  edit-metadata: 1.6116699986159801
  landing: 1.0417452193796635
  view-data: 3.3467533886432648
