times:
  edit-metadata: 0.4976971200085245
  landing: 0.07079382700612769
  view-data: 0.3361314400099218
