times:
  edit-metadata: 1.3707464397884905
  landing: 0.81833202438429
  view-data: 3.3670046548359096
