times:
  edit-metadata: 1.644520040601492
  landing: 1.089088724926114
  view-data: 3.499214719980955
