times:
  edit-metadata: 1.4758347012102604
  landing: 0.8638287149369717
  view-data: 3.355735033750534
