times:
  edit-metadata: 1.5398690942674875
  landing: 0.7300965003669262
  view-data: 3.4062748663127422
