times:
  edit-metadata: 0.5003142626956105
  landing: 0.07720809895545244
  view-data: 0.22408159775659442
