times:
  edit-metadata: 1.5525740114971995
  landing: 1.026519044302404
  view-data: 3.4859604947268963
