times:
  edit-metadata: 2.2637649620883167
  landing: 1.0423457589931786
  view-data: 3.402663597371429
