times:
  edit-metadata: 1.6232040841132402
  landing: 1.307429000735283
  view-data: 3.360679294914007
