times:
  edit-metadata: 0.526076884008944
  landing: 0.07817751006223261
  view-data: 0.2108143230434507
