times:
  edit-metadata: 1.369201336055994
  landing: 0.918099767062813
  view-data: 3.323669041041285
