times:
  edit-metadata: 1.4557027984410524
  landing: 0.845337787643075
  view-data: 3.3604377489537
