times:
  edit-metadata: 1.4810595037415624
  landing: 0.7458835327997804
  view-data: 3.253699652850628
