times:
  edit-metadata: 1.5203669578768313
  landing: 1.0004365229979157
  view-data: 1.5629845219664276
