times:
  edit-metadata: 1.4004006404429674
  landing: 0.8590469341725111
  view-data: 3.3026926945894957
