times:
  edit-metadata: 1.4929064065217972
  landing: 1.011578906327486
  view-data: 3.3958772346377373
