times:
  edit-metadata: 1.5870964117348194
  landing: 0.9856761693954468
  view-data: 3.3094482086598873
