times:
  edit-metadata: 1.573624350130558
  landing: 0.8908938560634851
  view-data: 3.4327484518289566
