times:
  edit-metadata: 1.3991482090204954
  landing: 0.8039776096120477
  view-data: 0.5089314403012395
