times:
  edit-metadata: 1.3683137372136116
  landing: 0.8033269718289375
  view-data: 3.337111219763756
