times:
  edit-metadata: 1.588431604206562
  landing: 0.9894723501056433
  view-data: 3.3152252212166786
