times:
  edit-metadata: 1.611593535169959
  landing: 0.8889590557664633
  view-data: 3.425423163920641
