times:
  edit-metadata: 1.4283903404138982
  landing: 1.016963018104434
  view-data: 0.6388326096348464
