times:
  edit-metadata: 2.047849763184786
  landing: 1.2381415348500013
  view-data: 0.9654494803398848
