times:
  edit-metadata: 1.512857660651207
  landing: 0.7999197877943516
  view-data: 3.32844440639019
