times:
  edit-metadata: 1.9114680159837008
  landing: 1.3332951106131077
  view-data: 3.306428050622344
