times:
  edit-metadata: 1.533682618290186
  landing: 0.7393154241144657
  view-data: 3.242454305291176
