times:
  edit-metadata: 1.595964353531599
  landing: 0.8787778951227665
  view-data: 3.372787680476904
