times:
  edit-metadata: 0.5130108779994771
  landing: 0.05698163103079423
  view-data: 0.21780478698201478
