times:
  edit-metadata: 1.5259583741426468
  landing: 0.8599867112934589
  view-data: 3.4777034372091293
