times:
  edit-metadata: 0.49922508792951703
  landing: 0.07024772500153631
  view-data: 0.22127856803126633
