times:
  edit-metadata: 1.2884928211569786
  landing: 0.7406931053847075
  view-data: 3.328048286959529
