times:
  edit-metadata: 1.3289253688417375
  landing: 0.7966496150474995
  view-data: 3.285180612001568
