times:
  edit-metadata: 2.225605119019747
  landing: 1.0034018866717815
  view-data: 3.3410807214677334
