times:
  edit-metadata: 1.9414353389292955
  landing: 1.1275005154311657
  view-data: 3.5604109931737185
