times:
  edit-metadata: 1.3661579620093107
  landing: 0.7472502370364964
  view-data: 3.2781837119255215
