times:
  edit-metadata: 1.591043084859848
  landing: 0.7848765179514885
  view-data: 3.4445687774568796
