times:
  edit-metadata: 1.4901330689899623
  landing: 0.8571087480522692
  view-data: 3.275139036006294
