times:
  edit-metadata: 1.5538867451250553
  landing: 1.0531891360878944
  view-data: 3.335084117949009
