times:
  edit-metadata: 1.7423255443572998
  landing: 1.0275813732296228
  view-data: 3.2860729694366455
