times:
  edit-metadata: 1.6430195532739162
  landing: 0.975481815636158
  view-data: 3.3003603145480156
