times:
  edit-metadata: 1.410185568034649
  landing: 0.774242514744401
  view-data: 3.3487269524484873
