times:
  edit-metadata: 1.4725896120071411
  landing: 0.7566922269761562
  view-data: 3.325166489928961
