times:
  edit-metadata: 1.4545627795159817
  landing: 0.9868384562432766
  view-data: 3.3207910247147083
