times:
  edit-metadata: 1.94859042391181
  landing: 0.9057318735867739
  view-data: 3.4465095279738307
