times:
  edit-metadata: 0.5167739759199321
  landing: 0.07510347617790103
  view-data: 0.3347524292767048
