times:
  edit-metadata: 1.2183186281472445
  landing: 0.7555409148335457
  view-data: 3.3991597946733236
