times:
  edit-metadata: 1.977267551701516
  landing: 1.1129997922107577
  view-data: 3.4574777004309
