times:
  edit-metadata: 2.112046762369573
  landing: 1.2548510218039155
  view-data: 3.45152473077178
