times:
  edit-metadata: 0.529417566023767
  landing: 0.07614606700371951
  view-data: 0.2315521259442903
