times:
  edit-metadata: 0.5171931970398873
  landing: 0.06958793196827173
  view-data: 0.20355780504178256
