times:
  edit-metadata: 1.3645384088158607
  landing: 1.5111020412296057
  view-data: 0.6380805298686028
