times:
  edit-metadata: 1.398374579846859
  landing: 0.7849784605205059
  view-data: 3.3084911853075027
