times:
  edit-metadata: 1.6760974689386785
  landing: 0.9890058599412441
  view-data: 3.3632336761802435
