times:
  edit-metadata: 1.5252940990030766
  landing: 1.0382508747279644
  view-data: 3.4225863851606846
