times:
  edit-metadata: 1.5018903408199549
  landing: 0.8292396180331707
  view-data: 3.447509555146098
