times:
  edit-metadata: 1.5332511514425278
  landing: 0.7707991302013397
  view-data: 3.454190395772457
