times:
  edit-metadata: 1.6852324269711971
  landing: 0.8718194901011884
  view-data: 3.4685421092435718
