times:
  edit-metadata: 2.822472408413887
  landing: 3.4942254032939672
  view-data: 3.9294353127479553
