times:
  edit-metadata: 1.5622407868504524
  landing: 0.8890970796346664
  view-data: 3.4114610217511654
