times:
  edit-metadata: 1.507582358084619
  landing: 0.8978326560463756
  view-data: 0.7632047811057419
