times:
  edit-metadata: 1.3678346071392298
  landing: 0.6554724350571632
  view-data: 3.3088740669190884
