times:
  edit-metadata: 1.504263695096597
  landing: 0.8392500840127468
  view-data: 3.348104655975476
