times:
  edit-metadata: 1.449744209065102
  landing: 0.9766367640113458
  view-data: 3.3827750240452588
