times:
  edit-metadata: 1.4054974177852273
  landing: 0.8138225642032921
  view-data: 3.367013093084097
