times:
  edit-metadata: 2.1959203258156776
  landing: 1.8683747798204422
  view-data: 3.6036049015820026
