times:
  edit-metadata: 1.554278675466776
  landing: 0.9213311299681664
  view-data: 3.42885547503829
