times:
  edit-metadata: 1.429091889411211
  landing: 0.740455899387598
  view-data: 3.349240554496646
