times:
  edit-metadata: 1.8677934319712222
  landing: 1.0026986338198185
  view-data: 3.4841584698297083
