times:
  edit-metadata: 1.467171099036932
  landing: 0.9807163719087839
  view-data: 3.4747021105140448
