times:
  edit-metadata: 1.3731536157429218
  landing: 0.932329822331667
  view-data: 3.603390298783779
