times:
  edit-metadata: 0.49401628598570824
  landing: 0.06164653296582401
  view-data: 0.210427155951038
