times:
  edit-metadata: 1.4812627956271172
  landing: 0.8977130623534322
  view-data: 3.415205942466855
