times:
  edit-metadata: 1.4401948228478432
  landing: 1.2691476680338383
  view-data: 3.407689932733774
