times:
  edit-metadata: 1.4688022416085005
  landing: 0.7561552468687296
  view-data: 3.32714556530118
