times:
  edit-metadata: 1.2642003037035465
  landing: 0.7884805519133806
  view-data: 3.383869867771864
