times:
  edit-metadata: 1.268377898260951
  landing: 0.8476373944431543
  view-data: 3.3415707740932703
