times:
  edit-metadata: 1.6242967583239079
  landing: 0.8796307165175676
  view-data: 3.5177165679633617
