times:
  edit-metadata: 1.5985570773482323
  landing: 1.125106580555439
  view-data: 3.3893305957317352
