times:
  edit-metadata: 1.3811759930104017
  landing: 0.8720969669520855
  view-data: 3.3372603729367256
