times:
  edit-metadata: 1.6000613998621702
  landing: 0.8480327725410461
  view-data: 3.4350442104041576
