times:
  edit-metadata: 1.4784622751176357
  landing: 0.8852275349199772
  view-data: 3.3158697113394737
