times:
  edit-metadata: 1.6322173103690147
  landing: 1.112278789281845
  view-data: 3.333218850195408
