times:
  edit-metadata: 0.5226979169528931
  landing: 0.07404140895232558
  view-data: 0.2125964059960097
