times:
  edit-metadata: 0.5220794649794698
  landing: 0.07179182698018849
  view-data: 0.22045894083566964
