times:
  edit-metadata: 1.2043658047914505
  landing: 0.7799111735075712
  view-data: 3.5192074980586767
