times:
  edit-metadata: 1.6575138121843338
  landing: 0.969571977853775
  view-data: 3.357877552509308
