times:
  edit-metadata: 1.4173968769609928
  landing: 0.8350685313344002
  view-data: 3.2754654362797737
