times:
  edit-metadata: 0.4925274259994694
  landing: 0.0703194870002335
  view-data: 0.22398275100022147
