times:
  edit-metadata: 0.5114797969581559
  landing: 0.05428994505200535
  view-data: 0.21113954205065966
