times:
  edit-metadata: 0.49298537406139076
  landing: 0.07323745999019593
  view-data: 0.22703020402695984
