times:
  edit-metadata: 1.477082161232829
  landing: 1.0589800970628858
  view-data: 3.3677727789618075
