times:
  edit-metadata: 0.49648817400156986
  landing: 0.06734318700182484
  view-data: 0.2223976129971561
