times:
  edit-metadata: 1.406820509582758
  landing: 0.824010793119669
  view-data: 3.313783247023821
