times:
  edit-metadata: 0.571974921040237
  landing: 0.16274067107588053
  view-data: 0.24292308371514082
