times:
  edit-metadata: 1.4871585369110107
  landing: 1.133044470101595
  view-data: 3.3666515285149217
