times:
  edit-metadata: 1.472308162599802
  landing: 0.8517231903970242
  view-data: 3.429652288556099
