times:
  edit-metadata: 0.5016845925711095
  landing: 0.08286800375208259
  view-data: 0.22096378402784467
