times:
  edit-metadata: 1.4899772703647614
  landing: 0.9732048027217388
  view-data: 3.386680092662573
