times:
  edit-metadata: 1.828333057463169
  landing: 1.356979988515377
  view-data: 3.329589169472456
