times:
  edit-metadata: 0.49020695802755654
  landing: 0.08476696698926389
  view-data: 0.21846751403063536
