times:
  edit-metadata: 2.199376397766173
  landing: 1.2152180848643184
  view-data: 3.4833544120192528
