times:
  edit-metadata: 0.5019452069536783
  landing: 0.06844950700178742
  view-data: 0.22618161200080067
