times:
  edit-metadata: 1.406298991292715
  landing: 1.011892307549715
  view-data: 3.329496953636408
