times:
  edit-metadata: 2.3801552206277847
  landing: 1.2920567970722914
  view-data: 3.735463520511985
