times:
  edit-metadata: 1.8494211956858635
  landing: 1.148141983896494
  view-data: 3.4588960632681847
