times:
  edit-metadata: 1.454084400087595
  landing: 0.8645147364586592
  view-data: 3.317938080057502
