times:
  edit-metadata: 1.3496714923530817
  landing: 0.8057716833427548
  view-data: 3.3857653606683016
