times:
  edit-metadata: 1.5187962679192424
  landing: 0.9594884943217039
  view-data: 3.4089542664587498
