times:
  edit-metadata: 1.39396530110389
  landing: 0.8753519216552377
  view-data: 3.4458886422216892
