times:
  edit-metadata: 1.3875044696033
  landing: 0.770853266119957
  view-data: 3.3091037832200527
