times:
  edit-metadata: 1.3955882049631327
  landing: 0.7536343899555504
  view-data: 3.4107705019414425
