times:
  edit-metadata: 1.8309876210987568
  landing: 1.2920634932816029
  view-data: 3.3794670552015305
