times:
  edit-metadata: 1.3436496201902628
  landing: 0.7417816929519176
  view-data: 3.45468289591372
