times:
  edit-metadata: 0.4824119030381553
  landing: 0.07404585904441774
  view-data: 0.2160685129929334
