times:
  edit-metadata: 2.1639680825173855
  landing: 1.1374784354120493
  view-data: 3.432375544682145
