times:
  edit-metadata: 0.5112714890856296
  landing: 0.08400935819372535
  view-data: 0.21947297384031117
