times:
  edit-metadata: 1.438138347119093
  landing: 0.8240142110735178
  view-data: 3.3722912427037954
