times:
  edit-metadata: 1.4119105450809002
  landing: 0.7676375545561314
  view-data: 3.6388746686279774
