times:
  edit-metadata: 1.4441118128597736
  landing: 1.013737492263317
  view-data: 3.353147502988577
