times:
  edit-metadata: 1.1844082288444042
  landing: 0.7896193712949753
  view-data: 3.3667821250855923
