times:
  edit-metadata: 1.4292213693261147
  landing: 0.7455826438963413
  view-data: 3.424343127757311
