times:
  edit-metadata: 1.4722654819488525
  landing: 0.988819669932127
  view-data: 3.3952872715890408
