times:
  edit-metadata: 0.5178790951613337
  landing: 0.08188295410946012
  view-data: 0.22744543408043683
