times:
  edit-metadata: 1.6252084895968437
  landing: 1.3532647490501404
  view-data: 3.3708313070237637
