times:
  edit-metadata: 1.5931835137307644
  landing: 1.744027215987444
  view-data: 3.353585008531809
