times:
  edit-metadata: 1.5270381569862366
  landing: 0.8325973129831254
  view-data: 3.3931888171937317
