times:
  edit-metadata: 3.121443654410541
  landing: 1.3880173237994313
  view-data: 3.6015620548278093
