times:
  edit-metadata: 1.4416100420057774
  landing: 0.8840575367212296
  view-data: 3.36540050432086
