times:
  edit-metadata: 0.4972099259903189
  landing: 0.06714799601468258
  view-data: 0.2421208879968617
