times:
  edit-metadata: 1.6130524910986423
  landing: 0.9686984866857529
  view-data: 3.3580745421350002
