times:
  edit-metadata: 1.6375139877200127
  landing: 1.2678595446050167
  view-data: 3.4660051614046097
