times:
  edit-metadata: 1.4197809025645256
  landing: 0.9997080750763416
  view-data: 3.416562946513295
