times:
  edit-metadata: 1.3840491138398647
  landing: 0.8407279886305332
  view-data: 3.278387777507305
