times:
  edit-metadata: 1.5176284611225128
  landing: 0.8323401361703873
  view-data: 3.39283512160182
