times:
  edit-metadata: 1.4295079000294209
  landing: 0.7759002335369587
  view-data: 3.285217635333538
