times:
  edit-metadata: 1.556846090592444
  landing: 0.8571683513000607
  view-data: 0.6985788634046912
