times:
  edit-metadata: 1.6562863090075552
  landing: 1.1335443807765841
  view-data: 3.38032356929034
