times:
  edit-metadata: 1.5510814040899277
  landing: 0.8363855797797441
  view-data: 3.454258032143116
