times:
  edit-metadata: 1.4530314365401864
  landing: 0.8808685773983598
  view-data: 3.3141447249799967
