times:
  edit-metadata: 1.3903355728834867
  landing: 0.9323000060394406
  view-data: 3.3953452007845044
