times:
  edit-metadata: 1.36451747600222
  landing: 0.22755221201805398
  view-data: 0.23686005303170532
