times:
  edit-metadata: 1.3606834597885609
  landing: 0.9407302071340382
  view-data: 3.2792174401693046
