times:
  edit-metadata: 1.4487256328575313
  landing: 0.8892633807845414
  view-data: 3.43350038677454
