times:
  edit-metadata: 1.4979558549821377
  landing: 0.973250150680542
  view-data: 3.3982515074312687
