times:
  edit-metadata: 1.737072960473597
  landing: 0.9384026294574142
  view-data: 3.391304587945342
