times:
  edit-metadata: 1.539029197767377
  landing: 0.9921250585466623
  view-data: 3.314180688932538
