times:
  edit-metadata: 1.8040618877857924
  landing: 0.9211310390383005
  view-data: 3.3908026507124305
