times:
  edit-metadata: 0.503935205982998
  landing: 0.07858297403436154
  view-data: 0.21753759705461562
