times:
  edit-metadata: 1.4938720874488354
  landing: 0.9392255041748285
  view-data: 3.3560238145291805
