times:
  edit-metadata: 1.7647716291248798
  landing: 0.9427653178572655
  view-data: 3.345641851425171
