times:
  edit-metadata: 1.5313797034323215
  landing: 0.7879408709704876
  view-data: 3.3132660016417503
