times:
  edit-metadata: 1.559367896988988
  landing: 0.8580322680063546
  view-data: 3.3593324800021946
