times:
  edit-metadata: 1.3843936696648598
  landing: 0.8912421576678753
  view-data: 3.2968643866479397
