times:
  edit-metadata: 1.493342163041234
  landing: 0.9124273039633408
  view-data: 3.3372037450317293
