times:
  edit-metadata: 1.521371047012508
  landing: 0.8616763409227133
  view-data: 0.8632957497611642
