times:
  edit-metadata: 1.4173510130494833
  landing: 0.8171309474855661
  view-data: 3.309621462598443
