times:
  edit-metadata: 1.586221681907773
  landing: 0.8299845457077026
  view-data: 0.5946483165025711
