times:
  edit-metadata: 2.3622071258723736
  landing: 2.389135465025902
  view-data: 3.6430754847824574
