times:
  edit-metadata: 1.5025150626897812
  landing: 0.9373333416879177
  view-data: 3.3429011926054955
