times:
  edit-metadata: 1.55063908547163
  landing: 0.8963708356022835
  view-data: 3.4165680445730686
