times:
  edit-metadata: 1.4122513588517904
  landing: 0.7562422901391983
  view-data: 3.3961322586983442
