times:
  edit-metadata: 1.4070967859588563
  landing: 0.8453780310228467
  view-data: 3.3832426499575377
