times:
  edit-metadata: 1.6905325129628181
  landing: 5.200601249933243
  view-data: 3.3177687861025333
