times:
  edit-metadata: 2.0367809049785137
  landing: 0.8899322133511305
  view-data: 3.327913185581565
