times:
  edit-metadata: 1.4139399882405996
  landing: 0.7880283333361149
  view-data: 3.5854102708399296
