times:
  edit-metadata: 1.501573408022523
  landing: 1.0212901923805475
  view-data: 3.457817228510976
