times:
  edit-metadata: 1.3266941830515862
  landing: 0.6868002321571112
  view-data: 3.3165382016450167
