times:
  edit-metadata: 1.3849688917398453
  landing: 7.9331061420962214
  view-data: 3.3120798002928495
