times:
  edit-metadata: 1.5488735921680927
  landing: 0.9989144988358021
  view-data: 3.4132038354873657
