times:
  edit-metadata: 1.4621753869578242
  landing: 1.1484764786437154
  view-data: 3.335214862599969
