times:
  edit-metadata: 1.4191108494997025
  landing: 0.7413855642080307
  view-data: 3.3178972378373146
