times:
  edit-metadata: 1.412385388975963
  landing: 0.9012793430592865
  view-data: 3.377062383107841
