times:
  edit-metadata: 1.4123823875561357
  landing: 0.7874470381066203
  view-data: 3.269437433220446
