times:
  edit-metadata: 1.4275458566844463
  landing: 0.9071039110422134
  view-data: 3.3160797394812107
