times:
  edit-metadata: 1.6279604770243168
  landing: 0.9933520229533315
  view-data: 3.379013470839709
