times:
  edit-metadata: 1.4245830122381449
  landing: 0.7236762102693319
  view-data: 3.3171666711568832
