times:
  edit-metadata: 1.4416713593527675
  landing: 1.0480990363284945
  view-data: 3.4008784648030996
