times:
  edit-metadata: 1.5781532116234303
  landing: 0.7946301493793726
  view-data: 3.44421648606658
