times:
  edit-metadata: 1.6161501854658127
  landing: 1.036317965015769
  view-data: 3.4782314375042915
