times:
  edit-metadata: 0.5208153100684285
  landing: 0.07937384094111621
  view-data: 0.2189622218720615
