times:
  edit-metadata: 1.4983372874557972
  landing: 0.7590507715940475
  view-data: 3.4748899154365063
