times:
  edit-metadata: 1.5862327739596367
  landing: 1.2082172818481922
  view-data: 3.4221439100801945
