times:
  edit-metadata: 1.592174573102966
  landing: 0.9076136208605021
  view-data: 3.399702542927116
