times:
  edit-metadata: 1.5167988650500774
  landing: 0.9343423955142498
  view-data: 3.409077662974596
