times:
  edit-metadata: 1.3087003268301487
  landing: 1.0104085318744183
  view-data: 3.3630180028267205
