times:
  edit-metadata: 1.3805415146052837
  landing: 0.7823459068313241
  view-data: 3.2900203112512827
