times:
  edit-metadata: 1.463635791093111
  landing: 1.0032968558371067
  view-data: 3.276808576658368
