times:
  edit-metadata: 0.510710161877796
  landing: 0.06784515082836151
  view-data: 0.2320282158907503
