times:
  edit-metadata: 2.3517674412578344
  landing: 0.8631496746093035
  view-data: 3.4690476218238473
