times:
  edit-metadata: 1.4275089700240642
  landing: 0.9696254790760577
  view-data: 3.2731793739367276
