times:
  edit-metadata: 1.5193301774561405
  landing: 0.7633126564323902
  view-data: 3.3377601243555546
