times:
  edit-metadata: 0.5020417069317773
  landing: 0.07871094392612576
  view-data: 0.22282895201351494
