times:
  edit-metadata: 1.6931049674749374
  landing: 1.1531378328800201
  view-data: 3.481003627181053
