times:
  edit-metadata: 1.459898054599762
  landing: 1.1294294521212578
  view-data: 3.335118643939495
