times:
  edit-metadata: 1.5016828551888466
  landing: 1.1185400430113077
  view-data: 3.422984005883336
