times:
  edit-metadata: 0.5275837299996056
  landing: 0.05132046900689602
  view-data: 0.21288590697804466
