times:
  edit-metadata: 1.3822889253497124
  landing: 0.8310273103415966
  view-data: 3.344071039929986
