times:
  edit-metadata: 1.9644457884132862
  landing: 1.3041308708488941
  view-data: 3.938907880336046
