times:
  edit-metadata: 1.524867843836546
  landing: 0.9577105417847633
  view-data: 3.4070087298750877
