times:
  edit-metadata: 3.0764776542782784
  landing: 1.2682146653532982
  view-data: 3.5371326878666878
