times:
  edit-metadata: 1.4107850175350904
  landing: 0.9678269997239113
  view-data: 3.329851698130369
