times:
  edit-metadata: 1.5259262267500162
  landing: 0.7712283339351416
  view-data: 3.36057005263865
