times:
  edit-metadata: 1.4256459763273597
  landing: 0.8767566569149494
  view-data: 3.319023022428155
