times:
  edit-metadata: 1.6345632039010525
  landing: 1.1547188386321068
  view-data: 3.3687664084136486
