times:
  edit-metadata: 1.6695830896496773
  landing: 0.9965612199157476
  view-data: 3.412837687879801
