times:
  edit-metadata: 1.3790403450839221
  landing: 0.9066917672753334
  view-data: 3.4100672733038664
