times:
  edit-metadata: 1.6646341839805245
  landing: 0.8762640412896872
  view-data: 3.387715998105705
