times:
  edit-metadata: 1.342227322049439
  landing: 0.8103724927641451
  view-data: 3.3121945639140904
