times:
  edit-metadata: 1.459588561207056
  landing: 1.126727819442749
  view-data: 3.4084159210324287
