times:
  edit-metadata: 1.5066705209901556
  landing: 0.8051099790027365
  view-data: 3.4369299618992954
