times:
  edit-metadata: 0.5177919941488653
  landing: 0.0779022618662566
  view-data: 0.2292069608811289
