times:
  edit-metadata: 1.4883315712213516
  landing: 1.0322330854833126
  view-data: 3.35694432631135
