times:
  edit-metadata: 1.5419787280261517
  landing: 0.9818059653043747
  view-data: 3.4292705953121185
