times:
  edit-metadata: 2.336195817217231
  landing: 0.9826320065185428
  view-data: 3.5128947403281927
