times:
  edit-metadata: 1.4940898604691029
  landing: 0.9359426312148571
  view-data: 3.3345770984888077
