times:
  edit-metadata: 1.4877111837267876
  landing: 0.8581254277378321
  view-data: 3.4226568788290024
