times:
  edit-metadata: 2.142714776098728
  landing: 1.3575046472251415
  view-data: 3.4241662099957466
