times:
  edit-metadata: 1.4717488400638103
  landing: 1.0754336789250374
  view-data: 3.393172685056925
