times:
  edit-metadata: 1.8395838253200054
  landing: 1.2161186747252941
  view-data: 3.3465341553092003
