times:
  edit-metadata: 1.5933324843645096
  landing: 4.496788427233696
  view-data: 3.4678881466388702
