times:
  edit-metadata: 1.3765257559716702
  landing: 0.8953643515706062
  view-data: 3.3106665574014187
