times:
  edit-metadata: 0.49526279798010364
  landing: 0.07095487901824526
  view-data: 0.2145226709835697
