times:
  edit-metadata: 1.649662334471941
  landing: 1.0011328160762787
  view-data: 3.453968521207571
