times:
  edit-metadata: 1.4450181908905506
  landing: 0.8820205684751272
  view-data: 3.3689626175910234
