times:
  edit-metadata: 1.475156744942069
  landing: 0.9134116005152464
  view-data: 3.281177803874016
