times:
  edit-metadata: 1.543934654444456
  landing: 0.8830477297306061
  view-data: 3.414188727736473
