times:
  edit-metadata: 2.2105218656361103
  landing: 1.712120865471661
  view-data: 3.429926480166614
