times:
  edit-metadata: 1.5175155643373728
  landing: 0.9204988963901997
  view-data: 3.317226441577077
