times:
  edit-metadata: 0.49035229289438576
  landing: 0.07560572295915335
  view-data: 0.22427021199837327
