times:
  edit-metadata: 1.2162301633507013
  landing: 0.7663504928350449
  view-data: 3.3628470562398434
