times:
  edit-metadata: 1.6353773511946201
  landing: 1.1546057350933552
  view-data: 3.3988084867596626
