times:
  edit-metadata: 1.4553734585642815
  landing: 0.947963148355484
  view-data: 3.3341377936303616
