times:
  edit-metadata: 1.5933493487536907
  landing: 0.9941013939678669
  view-data: 3.317633733153343
