times:
  edit-metadata: 0.49480387568473816
  landing: 0.0692560700699687
  view-data: 0.47115838527679443
