times:
  edit-metadata: 1.5792005024850368
  landing: 1.0839612372219563
  view-data: 3.3646879717707634
