times:
  edit-metadata: 1.6094812750816345
  landing: 1.0328023321926594
  view-data: 3.3816324956715107
