times:
  edit-metadata: 1.5755291059613228
  landing: 1.0632094331085682
  view-data: 3.368906870484352
