times:
  edit-metadata: 1.6121184192597866
  landing: 1.0226162932813168
  view-data: 3.5097488090395927
