times:
  edit-metadata: 1.519417779520154
  landing: 0.9434210993349552
  view-data: 3.4459897112101316
