times:
  edit-metadata: 1.3910024147480726
  landing: 0.8206756412982941
  view-data: 3.3087371196597815
