times:
  edit-metadata: 1.4803495556116104
  landing: 0.9499037023633718
  view-data: 3.4001684188842773
