times:
  edit-metadata: 1.736496914178133
  landing: 1.1888643763959408
  view-data: 3.3883331082761288
