times:
  edit-metadata: 1.3712913449853659
  landing: 1.1408142112195492
  view-data: 3.3769684452563524
