times:
  edit-metadata: 0.5159843703731894
  landing: 0.06322122504934669
  view-data: 0.21504574501886964
