times:
  edit-metadata: 1.814928574487567
  landing: 1.1561681348830462
  view-data: 3.393653526902199
