times:
  edit-metadata: 1.4814419499598444
  landing: 0.8933529490604997
  view-data: 3.3613651930354536
