times:
  edit-metadata: 1.393200047314167
  landing: 0.861641451716423
  view-data: 3.3135140389204025
