times:
  edit-metadata: 1.784143537748605
  landing: 1.1009676563553512
  view-data: 3.4697733828797936
