times:
  edit-metadata: 1.961007609963417
  landing: 1.1693025715649128
  view-data: 3.455601505935192
