times:
  edit-metadata: 1.2705422565340996
  landing: 0.7935868129134178
  view-data: 3.3275661021471024
