times:
  edit-metadata: 1.4392582476139069
  landing: 0.7461440563201904
  view-data: 3.354683943092823
