times:
  edit-metadata: 1.5445683598518372
  landing: 0.7867533378303051
  view-data: 3.355587176978588
