times:
  edit-metadata: 1.3419164344668388
  landing: 0.8428911492228508
  view-data: 3.5015035420656204
