times:
  edit-metadata: 1.4680113792419434
  landing: 1.0634313970804214
  view-data: 3.507056824862957
