times:
  edit-metadata: 1.6120681315660477
  landing: 1.0084737911820412
  view-data: 3.348255440592766
