times:
  edit-metadata: 1.5564027391374111
  landing: 0.8436465747654438
  view-data: 3.4076542295515537
