times:
  edit-metadata: 1.3096905052661896
  landing: 0.7171185091137886
  view-data: 3.53461904078722
