times:
  edit-metadata: 1.3479627184569836
  landing: 0.7779026292264462
  view-data: 3.329119797796011
