times:
  edit-metadata: 1.4065829925239086
  landing: 0.8110630102455616
  view-data: 3.3253020606935024
