times:
  edit-metadata: 1.4533249884843826
  landing: 0.8500524759292603
  view-data: 3.28904527425766
