times:
  edit-metadata: 2.1736418157815933
  landing: 0.9542425312101841
  view-data: 3.3859419859945774
