times:
  edit-metadata: 1.5062014162540436
  landing: 0.9845274277031422
  view-data: 3.368198648095131
