times:
  edit-metadata: 1.403237584978342
  landing: 0.8832628540694714
  view-data: 3.37283768504858
