times:
  edit-metadata: 1.377047136425972
  landing: 0.7656575068831444
  view-data: 3.4075311347842216
