times:
  edit-metadata: 1.3912355452775955
  landing: 0.840356420725584
  view-data: 3.3001393228769302
