times:
  edit-metadata: 1.2764267213642597
  landing: 0.7913963720202446
  view-data: 3.384617540985346
