times:
  edit-metadata: 1.5139063596725464
  landing: 0.8409655392169952
  view-data: 3.3723311945796013
