times:
  edit-metadata: 1.4743311740458012
  landing: 0.8414076827466488
  view-data: 3.305533777922392
