times:
  edit-metadata: 1.3906226083636284
  landing: 0.7718571200966835
  view-data: 3.56806231290102
