times:
  edit-metadata: 1.4386569634079933
  landing: 0.8147996813058853
  view-data: 3.4724355190992355
