times:
  edit-metadata: 1.3765780106186867
  landing: 0.8120691031217575
  view-data: 3.53435530513525
