times:
  edit-metadata: 1.4587038829922676
  landing: 0.8762935325503349
  view-data: 3.509638138115406
