times:
  edit-metadata: 1.4337871447205544
  landing: 0.800659142434597
  view-data: 3.406407542526722
