times:
  edit-metadata: 1.370446227490902
  landing: 0.8037259131669998
  view-data: 3.3574568554759026
