times:
  edit-metadata: 1.3765810579061508
  landing: 1.0572585761547089
  view-data: 3.6218889206647873
