times:
  edit-metadata: 1.4724003076553345
  landing: 0.7692452073097229
  view-data: 3.585621915757656
