times:
  edit-metadata: 1.7856902927160263
  landing: 0.9162099584937096
  view-data: 3.305302269756794
