times:
  edit-metadata: 1.6277819201350212
  landing: 0.8770077005028725
  view-data: 3.5394629538059235
