times:
  edit-metadata: 1.4654607325792313
  landing: 0.767215684056282
  view-data: 3.3817974999547005
