times:
  edit-metadata: 1.4059461504220963
  landing: 0.9727261289954185
  view-data: 3.2971589379012585
