times:
  edit-metadata: 1.4105204865336418
  landing: 0.7359570860862732
  view-data: 3.2715266570448875
