times:
  edit-metadata: 1.4921470992267132
  landing: 0.8037595823407173
  view-data: 3.3801123201847076
