times:
  edit-metadata: 1.4475273415446281
  landing: 0.8462270125746727
  view-data: 3.4524283409118652
