times:
  edit-metadata: 1.4253030233085155
  landing: 0.8243783339858055
  view-data: 3.3826524019241333
