times:
  edit-metadata: 1.3810156360268593
  landing: 0.8142188489437103
  view-data: 3.535097263753414
