times:
  edit-metadata: 1.4616441652178764
  landing: 0.8974253758788109
  view-data: 3.4575762823224068
