times:
  edit-metadata: 1.4095666259527206
  landing: 0.7468901313841343
  view-data: 3.364963077008724
