times:
  edit-metadata: 1.5166812762618065
  landing: 1.0279921144247055
  view-data: 3.328702174127102
