times:
  edit-metadata: 1.6253053061664104
  landing: 0.9228687807917595
  view-data: 3.3252746611833572
