times:
  edit-metadata: 1.3973660990595818
  landing: 0.8342622146010399
  view-data: 3.3612162843346596
