times:
  edit-metadata: 1.3754954263567924
  landing: 0.7572133839130402
  view-data: 3.536129117012024
