times:
  edit-metadata: 1.381605975329876
  landing: 0.8636884540319443
  view-data: 0.5178430676460266
