times:
  edit-metadata: 1.3744787499308586
  landing: 0.7865100279450417
  view-data: 3.2927445247769356
