times:
  edit-metadata: 1.382322184741497
  landing: 0.7748458907008171
  view-data: 3.490659773349762
