times:
  edit-metadata: 1.3897767141461372
  landing: 0.9579238593578339
  view-data: 3.49876968562603
