times:
  edit-metadata: 1.5095326751470566
  landing: 1.0225966647267342
  view-data: 3.3911795616149902
