times:
  edit-metadata: 1.4749712124466896
  landing: 1.0864074304699898
  view-data: 3.5248903930187225
