times:
  edit-metadata: 1.3750004097819328
  landing: 0.7576076984405518
  view-data: 3.5566376075148582
