times:
  edit-metadata: 2.045304447412491
  landing: 1.1058806702494621
  view-data: 3.354866400361061
