times:
  edit-metadata: 1.3904343359172344
  landing: 0.9000801593065262
  view-data: 3.3169811107218266
