times:
  edit-metadata: 1.362531527876854
  landing: 0.7524324357509613
  view-data: 3.2775828950107098
