times:
  edit-metadata: 1.510743297636509
  landing: 0.8266334757208824
  view-data: 3.3253338672220707
