times:
  edit-metadata: 1.360533244907856
  landing: 0.8017478436231613
  view-data: 3.4190232902765274
