times:
  edit-metadata: 1.3951065391302109
  landing: 0.7815312817692757
  view-data: 3.4336491897702217
