times:
  edit-metadata: 1.5170847736299038
  landing: 0.8598925247788429
  view-data: 3.302011288702488
