times:
  edit-metadata: 1.3745963051915169
  landing: 0.7671049237251282
  view-data: 3.51545699685812
