times:
  edit-metadata: 1.5273087620735168
  landing: 0.8458063006401062
  view-data: 3.400851346552372
