times:
  edit-metadata: 1.4041364900767803
  landing: 0.8327872641384602
  view-data: 3.398710321635008
