times:
  edit-metadata: 1.4799151383340359
  landing: 1.0008546076714993
  view-data: 3.274352077394724
