times:
  edit-metadata: 1.54149828851223
  landing: 0.777692649513483
  view-data: 3.3211100921034813
