times:
  edit-metadata: 1.4183244556188583
  landing: 0.7107778191566467
  view-data: 3.423753298819065
