times:
  edit-metadata: 1.5521009638905525
  landing: 0.9568771421909332
  view-data: 3.2821489796042442
