times:
  edit-metadata: 1.4256068468093872
  landing: 0.8442181646823883
  view-data: 3.323462076485157
