times:
  edit-metadata: 1.4597649835050106
  landing: 0.921236801892519
  view-data: 3.409845668822527
