times:
  edit-metadata: 1.4597971513867378
  landing: 0.8869087919592857
  view-data: 3.544850394129753
