times:
  edit-metadata: 1.509024653583765
  landing: 0.8770413547754288
  view-data: 3.289887312799692
