times:
  edit-metadata: 1.329565405845642
  landing: 0.8221319317817688
  view-data: 3.3091438859701157
