times:
  edit-metadata: 1.6817236691713333
  landing: 0.9619808346033096
  view-data: 3.5376059263944626
