times:
  edit-metadata: 1.4554803855717182
  landing: 0.8814353384077549
  view-data: 3.290365803986788
