times:
  edit-metadata: 1.607398446649313
  landing: 0.85029336810112
  view-data: 3.3277284763753414
