times:
  edit-metadata: 1.6440678760409355
  landing: 1.0574299544095993
  view-data: 3.461639143526554
