times:
  edit-metadata: 2.2616005204617977
  landing: 1.6650569923222065
  view-data: 3.351978812366724
