times:
  edit-metadata: 1.3483105227351189
  landing: 0.7726388424634933
  view-data: 3.491458162665367
