times:
  edit-metadata: 1.3405375257134438
  landing: 0.8142952136695385
  view-data: 3.3179140836000443
