times:
  edit-metadata: 2.509320341050625
  landing: 1.4993159249424934
  view-data: 3.900556728243828
