times:
  edit-metadata: 1.4451332911849022
  landing: 0.8300231099128723
  view-data: 3.315714880824089
