times:
  edit-metadata: 1.6218635998666286
  landing: 0.8512053340673447
  view-data: 3.5232116505503654
