times:
  edit-metadata: 1.4187069311738014
  landing: 0.8577175810933113
  view-data: 3.47274761646986
