times:
  edit-metadata: 1.177175797522068
  landing: 0.72551329433918
  view-data: 3.5045460015535355
