times:
  edit-metadata: 1.3714029267430305
  landing: 0.7219248935580254
  view-data: 3.5190145522356033
