times:
  edit-metadata: 1.4454938918352127
  landing: 0.9239667877554893
  view-data: 3.431591160595417
