times:
  edit-metadata: 1.410904884338379
  landing: 0.8960307762026787
  view-data: 3.423768438398838
