times:
  edit-metadata: 1.5049390643835068
  landing: 0.7392579838633537
  view-data: 3.5185634046792984
