times:
  edit-metadata: 1.5093753710389137
  landing: 0.9806600995361805
  view-data: 3.4286473356187344
