times:
  edit-metadata: 1.432698555290699
  landing: 0.7855427861213684
  view-data: 3.347704015672207
