times:
  edit-metadata: 1.3997738063335419
  landing: 0.7122283056378365
  view-data: 3.466223455965519
