times:
  edit-metadata: 1.453555516898632
  landing: 0.7737958282232285
  view-data: 3.5559109151363373
