times:
  edit-metadata: 1.5157121121883392
  landing: 0.8928419798612595
  view-data: 3.5012777224183083
