times:
  edit-metadata: 1.4364646077156067
  landing: 0.8037529215216637
  view-data: 3.5049297511577606
