times:
  edit-metadata: 1.476281549781561
  landing: 0.7899852469563484
  view-data: 3.4063822478055954
