times:
  edit-metadata: 1.4676104187965393
  landing: 0.8442444801330566
  view-data: 3.52635757625103
