times:
  edit-metadata: 1.3800779655575752
  landing: 0.7902009338140488
  view-data: 3.3877682387828827
