times:
  edit-metadata: 1.38082867115736
  landing: 0.7564448714256287
  view-data: 3.4725136384367943
