times:
  edit-metadata: 1.3284590505063534
  landing: 0.7371597103774548
  view-data: 3.336017455905676
