times:
  edit-metadata: 1.5628378167748451
  landing: 0.7369925379753113
  view-data: 3.501442052423954
