times:
  edit-metadata: 1.3865246400237083
  landing: 0.845410943031311
  view-data: 3.3154120072722435
