times:
  edit-metadata: 1.4145805314183235
  landing: 0.842844121158123
  view-data: 3.2947309389710426
