times:
  edit-metadata: 1.3202938586473465
  landing: 0.6979123130440712
  view-data: 3.416230909526348
