times:
  edit-metadata: 1.5189039781689644
  landing: 0.7975394502282143
  view-data: 3.3040171936154366
