times:
  edit-metadata: 1.5000838711857796
  landing: 0.8767695836722851
  view-data: 3.336447313427925
