times:
  edit-metadata: 1.4138967096805573
  landing: 0.8287661001086235
  view-data: 3.3702705577015877
