times:
  edit-metadata: 1.4771021828055382
  landing: 0.8154795318841934
  view-data: 3.5267033353447914
