times:
  edit-metadata: 2.1296960450708866
  landing: 1.040017805993557
  view-data: 3.398641563951969
