times:
  edit-metadata: 1.3987734280526638
  landing: 0.7812749743461609
  view-data: 3.2804118432104588
