times:
  edit-metadata: 1.483960185199976
  landing: 0.8732234872877598
  view-data: 3.329830501228571
