times:
  edit-metadata: 2.667734932154417
  landing: 1.4870610460639
  view-data: 3.6066471561789513
