times:
  edit-metadata: 1.5169932134449482
  landing: 0.7491549998521805
  view-data: 3.335854835808277
