times:
  edit-metadata: 1.321433775126934
  landing: 0.8297824561595917
  view-data: 3.306614551693201
