times:
  edit-metadata: 1.4000182673335075
  landing: 0.7853114455938339
  view-data: 3.2729500755667686
