times:
  edit-metadata: 1.4497150108218193
  landing: 0.8325998373329639
  view-data: 3.301147073507309
