times:
  edit-metadata: 1.4152041897177696
  landing: 0.834132470190525
  view-data: 3.488029256463051
