times:
  edit-metadata: 1.5288379564881325
  landing: 0.7539342902600765
  view-data: 3.5043522901833057
