times:
  edit-metadata: 1.4469655901193619
  landing: 0.8685789406299591
  view-data: 3.5140616819262505
