times:
  edit-metadata: 1.4003958329558372
  landing: 0.8667601868510246
  view-data: 3.475112147629261
