times:
  edit-metadata: 1.3761407248675823
  landing: 0.8135067038238049
  view-data: 3.2807148210704327
