times:
  edit-metadata: 1.4543087631464005
  landing: 0.724628746509552
  view-data: 3.48299527913332
