times:
  edit-metadata: 1.4528165981173515
  landing: 0.835048496723175
  view-data: 3.3454421013593674
