times:
  edit-metadata: 1.4540865570306778
  landing: 0.840359702706337
  view-data: 3.389617145061493
