times:
  edit-metadata: 1.4267932772636414
  landing: 0.7666618376970291
  view-data: 3.436396561563015
