times:
  edit-metadata: 1.357005998492241
  landing: 0.8800817877054214
  view-data: 3.377568021416664
