times:
  edit-metadata: 1.4635695591568947
  landing: 0.7587098330259323
  view-data: 3.6177646443247795
