times:
  edit-metadata: 1.5014432072639465
  landing: 1.1863365322351456
  view-data: 3.294880338013172
