times:
  edit-metadata: 1.4132682271301746
  landing: 0.8459136858582497
  view-data: 3.27842815592885
