times:
  edit-metadata: 1.4024690389633179
  landing: 0.8333560898900032
  view-data: 3.4082905128598213
