times:
  edit-metadata: 1.5292096212506294
  landing: 0.8160737901926041
  view-data: 3.5398793891072273
