times:
  edit-metadata: 1.4518661238253117
  landing: 0.8300553150475025
  view-data: 3.299851957708597
