times:
  edit-metadata: 1.3696470335125923
  landing: 0.7478547245264053
  view-data: 3.3734270483255386
