times:
  edit-metadata: 1.436370000243187
  landing: 0.8670983016490936
  view-data: 3.3867070227861404
