times:
  edit-metadata: 1.3626839965581894
  landing: 0.7555878385901451
  view-data: 3.3537610322237015
