times:
  edit-metadata: 1.618237815797329
  landing: 1.009514458477497
  view-data: 3.6894633024930954
