times:
  edit-metadata: 1.3288009613752365
  landing: 0.7218311056494713
  view-data: 3.4185740128159523
