times:
  edit-metadata: 1.3969422206282616
  landing: 0.7660112045705318
  view-data: 3.3579925894737244
