times:
  edit-metadata: 1.4071595817804337
  landing: 0.7674390450119972
  view-data: 3.476389169692993
