times:
  edit-metadata: 1.316737923771143
  landing: 0.9207704141736031
  view-data: 3.3053276762366295
