times:
  edit-metadata: 1.4296130165457726
  landing: 0.8057251945137978
  view-data: 3.5195357277989388
