times:
  edit-metadata: 1.377075545489788
  landing: 0.776484377682209
  view-data: 3.4717861637473106
