times:
  edit-metadata: 1.3862485736608505
  landing: 0.784898929297924
  view-data: 3.5182412043213844
