times:
  edit-metadata: 1.4087765365839005
  landing: 0.7505437582731247
  view-data: 3.451622322201729
