times:
  edit-metadata: 1.4799189120531082
  landing: 0.7407124489545822
  view-data: 3.515290066599846
