times:
  edit-metadata: 1.490741804242134
  landing: 0.8197998180985451
  view-data: 3.4214900508522987
