times:
  edit-metadata: 1.3534985557198524
  landing: 0.791988980025053
  view-data: 3.2594561353325844
