times:
  edit-metadata: 1.7347960025072098
  landing: 1.0052570067346096
  view-data: 3.3183641582727432
