times:
  edit-metadata: 1.3528870567679405
  landing: 0.8060169443488121
  view-data: 0.5365561991930008
