times:
  edit-metadata: 1.3504501953721046
  landing: 0.7844514213502407
  view-data: 3.3616859912872314
