times:
  edit-metadata: 1.478401742875576
  landing: 0.8047794997692108
  view-data: 3.391199253499508
