times:
  edit-metadata: 1.5055058598518372
  landing: 0.8543648719787598
  view-data: 3.316884383559227
