times:
  edit-metadata: 1.3937756828963757
  landing: 0.7205535769462585
  view-data: 3.3107036016881466
