times:
  edit-metadata: 1.4143757335841656
  landing: 0.8603807166218758
  view-data: 3.3898059725761414
