times:
  edit-metadata: 1.5540259927511215
  landing: 1.1856593191623688
  view-data: 3.3291946426033974
