times:
  edit-metadata: 1.4301459975540638
  landing: 0.9135317504405975
  view-data: 3.287871975451708
