times:
  edit-metadata: 1.502795249223709
  landing: 0.8659851104021072
  view-data: 3.4540746957063675
