times:
  edit-metadata: 1.4585638381540775
  landing: 0.82524324208498
  view-data: 3.28298070281744
