times:
  edit-metadata: 1.3809780403971672
  landing: 0.8030320331454277
  view-data: 3.529175229370594
