times:
  edit-metadata: 2.45857485383749
  landing: 1.3888926655054092
  view-data: 3.7221152782440186
