times:
  edit-metadata: 1.5264530628919601
  landing: 1.267144076526165
  view-data: 3.291284278035164
