times:
  edit-metadata: 1.5011930614709854
  landing: 0.9524695426225662
  view-data: 3.347232073545456
