times:
  edit-metadata: 1.5295455865561962
  landing: 0.980253741145134
  view-data: 3.400197584182024
