times:
  edit-metadata: 1.4534670561552048
  landing: 0.9414978995919228
  view-data: 3.345877569168806
