times:
  edit-metadata: 1.5636388137936592
  landing: 0.7999788448214531
  view-data: 3.5443174988031387
