times:
  edit-metadata: 1.4387659206986427
  landing: 0.8524320125579834
  view-data: 3.4211260303854942
