times:
  edit-metadata: 1.5322053581476212
  landing: 0.7782218530774117
  view-data: 3.48985955119133
