times:
  edit-metadata: 1.638654075562954
  landing: 1.007885992527008
  view-data: 3.2813404574990273
