times:
  edit-metadata: 1.4340198040008545
  landing: 0.8701385706663132
  view-data: 3.339789494872093
