times:
  edit-metadata: 1.5192388221621513
  landing: 0.858669500797987
  view-data: 3.3826414421200752
