times:
  edit-metadata: 2.331964135169983
  landing: 1.0697948634624481
  view-data: 3.7434436827898026
