times:
  edit-metadata: 1.6451638042926788
  landing: 0.9137476533651352
  view-data: 3.365778647363186
