times:
  edit-metadata: 1.468118004500866
  landing: 0.7612033858895302
  view-data: 3.5251161754131317
