times:
  edit-metadata: 1.3652640879154205
  landing: 0.7543242424726486
  view-data: 3.4675007089972496
