times:
  edit-metadata: 1.7238951921463013
  landing: 0.9390134513378143
  view-data: 3.351057417690754
