times:
  edit-metadata: 2.128037989139557
  landing: 1.0567689090967178
  view-data: 3.3621585220098495
