times:
  edit-metadata: 1.4531010128557682
  landing: 0.8478107862174511
  view-data: 3.3680907860398293
