times:
  edit-metadata: 1.5483452789485455
  landing: 1.025328978896141
  view-data: 3.3237482085824013
