times:
  edit-metadata: 2.948371745646
  landing: 1.7818338721990585
  view-data: 4.177581541240215
