times:
  edit-metadata: 2.677884615957737
  landing: 1.2025126442313194
  view-data: 3.953425385057926
