times:
  edit-metadata: 1.5417823642492294
  landing: 0.9249033257365227
  view-data: 3.299772623926401
