times:
  edit-metadata: 1.4367820098996162
  landing: 1.057030115276575
  view-data: 0.6512305438518524
