times:
  edit-metadata: 1.3934418559074402
  landing: 1.006831094622612
  view-data: 0.541350394487381
