times:
  edit-metadata: 1.44405647367239
  landing: 1.1030343025922775
  view-data: 3.4236612617969513
