times:
  edit-metadata: 1.5236207097768784
  landing: 0.8287337496876717
  view-data: 3.623927354812622
