times:
  edit-metadata: 1.5403346195816994
  landing: 0.8318329975008965
  view-data: 3.303776800632477
