times:
  edit-metadata: 1.521094486117363
  landing: 0.9019451588392258
  view-data: 3.4683901742100716
