times:
  edit-metadata: 1.478575672954321
  landing: 0.960599210113287
  view-data: 3.2978701293468475
