times:
  edit-metadata: 1.507056124508381
  landing: 0.8482893109321594
  view-data: 3.462812066078186
