times:
  edit-metadata: 1.4088945090770721
  landing: 0.8202505111694336
  view-data: 3.3997111544013023
