times:
  edit-metadata: 1.425474088639021
  landing: 0.8200215809047222
  view-data: 3.2894749641418457
