times:
  edit-metadata: 1.527647677809
  landing: 1.0031700022518635
  view-data: 3.381032943725586
