times:
  edit-metadata: 1.493380106985569
  landing: 0.7649350017309189
  view-data: 3.547228343784809
