times:
  edit-metadata: 1.6263882368803024
  landing: 0.7756124213337898
  view-data: 3.5276331081986427
