times:
  edit-metadata: 1.5476039946079254
  landing: 0.8609494864940643
  view-data: 3.421908125281334
