times:
  edit-metadata: 1.4166450798511505
  landing: 0.7683990150690079
  view-data: 3.4970943853259087
