times:
  edit-metadata: 1.3967167548835278
  landing: 0.8918929807841778
  view-data: 3.390862137079239
