times:
  edit-metadata: 1.5034875646233559
  landing: 0.8623112738132477
  view-data: 3.3981659300625324
