times:
  edit-metadata: 1.5569037199020386
  landing: 0.8626644462347031
  view-data: 3.2723842971026897
