times:
  edit-metadata: 1.4406618624925613
  landing: 0.8627213574945927
  view-data: 3.3170474506914616
