times:
  edit-metadata: 1.4586706943809986
  landing: 0.8049664460122585
  view-data: 3.270551737397909
