times:
  edit-metadata: 2.1130018569529057
  landing: 1.821584090590477
  view-data: 3.548868242651224
