times:
  edit-metadata: 1.569344237446785
  landing: 1.1180009990930557
  view-data: 3.381115511059761
