times:
  edit-metadata: 1.4760072156786919
  landing: 0.9553450532257557
  view-data: 3.297921985387802
