times:
  edit-metadata: 1.4337015971541405
  landing: 0.811462327837944
  view-data: 3.3096183240413666
