times:
  edit-metadata: 1.4906818941235542
  landing: 0.8406274169683456
  view-data: 3.465180493891239
