times:
  edit-metadata: 1.8159829378128052
  landing: 1.0220781415700912
  view-data: 3.3597167506814003
