times:
  edit-metadata: 1.540657352656126
  landing: 0.932555727660656
  view-data: 3.3015883304178715
