times:
  edit-metadata: 1.4315543696284294
  landing: 0.7657716497778893
  view-data: 3.4163915663957596
