times:
  edit-metadata: 1.6591779217123985
  landing: 0.874661460518837
  view-data: 3.4175846874713898
