times:
  edit-metadata: 1.443885836750269
  landing: 0.8444394394755363
  view-data: 3.3161197043955326
