times:
  edit-metadata: 1.516794577240944
  landing: 0.7884053438901901
  view-data: 3.4474604204297066
