times:
  edit-metadata: 1.5599774047732353
  landing: 0.8629572838544846
  view-data: 3.5828385651111603
