times:
  edit-metadata: 1.7564324215054512
  landing: 1.0034104734659195
  view-data: 3.3909527957439423
