times:
  edit-metadata: 1.491652898490429
  landing: 0.8606564030051231
  view-data: 3.4792900159955025
