times:
  edit-metadata: 1.2986159399151802
  landing: 0.9625363424420357
  view-data: 3.5567218884825706
