times:
  edit-metadata: 1.4498408734798431
  landing: 0.8307795524597168
  view-data: 3.3833396211266518
