times:
  edit-metadata: 1.831182587891817
  landing: 1.0032986141741276
  view-data: 3.4509138129651546
