times:
  edit-metadata: 1.5736455395817757
  landing: 0.9679114632308483
  view-data: 3.311240192502737
