times:
  edit-metadata: 1.4477378726005554
  landing: 1.0475096702575684
  view-data: 3.267769977450371
