times:
  edit-metadata: 1.4313563480973244
  landing: 0.7624132186174393
  view-data: 3.4000998437404633
