times:
  edit-metadata: 1.5311598777770996
  landing: 0.7302514910697937
  view-data: 3.5139193534851074
