times:
  edit-metadata: 1.477908007800579
  landing: 0.8358797430992126
  view-data: 3.460919216275215
