times:
  edit-metadata: 1.513603575527668
  landing: 0.8937628194689751
  view-data: 3.293392524123192
