times:
  edit-metadata: 1.5509135946631432
  landing: 0.7973245531320572
  view-data: 3.310251209884882
