times:
  edit-metadata: 1.4866071045398712
  landing: 0.9940904714167118
  view-data: 3.3384826816618443
