times:
  edit-metadata: 1.858696773648262
  landing: 1.3135898858308792
  view-data: 3.760945364832878
