times:
  edit-metadata: 1.5733474604785442
  landing: 1.0580585226416588
  view-data: 3.3303767070174217
