times:
  edit-metadata: 1.4099184572696686
  landing: 0.8626881651580334
  view-data: 3.343048270791769
