times:
  edit-metadata: 1.481467254459858
  landing: 0.8082260489463806
  view-data: 3.4688493758440018
