times:
  edit-metadata: 1.713084690272808
  landing: 0.8203064873814583
  view-data: 3.4204898178577423
