times:
  edit-metadata: 1.5083956643939018
  landing: 1.0253417640924454
  view-data: 3.740605242550373
