times:
  edit-metadata: 1.4652579873800278
  landing: 0.8146977722644806
  view-data: 3.5116195529699326
