times:
  edit-metadata: 1.5476381108164787
  landing: 0.939700610935688
  view-data: 3.46020969748497
