times:
  edit-metadata: 1.5100634768605232
  landing: 0.7738499194383621
  view-data: 3.4038024097681046
