times:
  edit-metadata: 1.4527524523437023
  landing: 0.8437038250267506
  view-data: 3.292948640882969
