times:
  edit-metadata: 1.480510089546442
  landing: 0.8341361358761787
  view-data: 3.3771789744496346
