times:
  edit-metadata: 1.403968296945095
  landing: 0.8409275636076927
  view-data: 3.5015019848942757
