times:
  edit-metadata: 1.490112543106079
  landing: 0.7574991509318352
  view-data: 3.5075796991586685
