times:
  edit-metadata: 1.5175376683473587
  landing: 0.8241819813847542
  view-data: 3.566003903746605
