times:
  edit-metadata: 1.4646694250404835
  landing: 0.8754251375794411
  view-data: 3.333003517240286
