times:
  edit-metadata: 1.423365831375122
  landing: 0.8415054008364677
  view-data: 3.6573472544550896
