times:
  edit-metadata: 1.501180775463581
  landing: 0.9396273344755173
  view-data: 3.494321882724762
