times:
  edit-metadata: 1.574258103966713
  landing: 0.9405395165085793
  view-data: 3.2708454094827175
