times:
  edit-metadata: 1.8523713201284409
  landing: 1.0194399058818817
  view-data: 3.422267474234104
