times:
  edit-metadata: 1.3702315874397755
  landing: 0.8504832237958908
  view-data: 3.468147274106741
