times:
  edit-metadata: 1.4253884628415108
  landing: 0.8055375665426254
  view-data: 3.503092624247074
