times:
  edit-metadata: 1.8403054438531399
  landing: 0.953874759376049
  view-data: 3.364706303924322
