times:
  edit-metadata: 1.5818333700299263
  landing: 0.9755907729268074
  view-data: 3.6934135779738426
