times:
  edit-metadata: 1.5230590775609016
  landing: 0.8559443727135658
  view-data: 3.325302839279175
