times:
  edit-metadata: 1.7534978240728378
  landing: 0.9361212141811848
  view-data: 3.350730277597904
