times:
  edit-metadata: 1.489996001124382
  landing: 0.7571106404066086
  view-data: 3.4405561983585358
