times:
  edit-metadata: 1.5100320652127266
  landing: 0.9045583978295326
  view-data: 3.4722380340099335
