times:
  edit-metadata: 1.5458624586462975
  landing: 0.8682214096188545
  view-data: 3.5318693369627
