times:
  edit-metadata: 1.6217551454901695
  landing: 0.810464009642601
  view-data: 3.5045249685645103
