times:
  edit-metadata: 1.5204366743564606
  landing: 0.7794070392847061
  view-data: 3.5946173891425133
