times:
  edit-metadata: 1.4996002838015556
  landing: 0.7385233119130135
  view-data: 3.5553702786564827
