times:
  edit-metadata: 1.5442925095558167
  landing: 0.8984448090195656
  view-data: 3.4590765684843063
