times:
  edit-metadata: 1.4370800741016865
  landing: 0.9248360767960548
  view-data: 3.313509061932564
