times:
  edit-metadata: 1.7461282573640347
  landing: 1.2524464912712574
  view-data: 3.7119562812149525
