times:
  edit-metadata: 1.6055988371372223
  landing: 0.930677630007267
  view-data: 3.4474445208907127
