times:
  edit-metadata: 1.5210896208882332
  landing: 0.7874670028686523
  view-data: 3.2827746346592903
