times:
  edit-metadata: 1.5270915515720844
  landing: 1.1330654732882977
  view-data: 3.29763488098979
