times:
  edit-metadata: 1.5167305320501328
  landing: 1.0642392337322235
  view-data: 3.528290681540966
