times:
  edit-metadata: 1.5332855135202408
  landing: 0.8154479563236237
  view-data: 3.468495801091194
