times:
  edit-metadata: 1.4817209467291832
  landing: 0.9110479354858398
  view-data: 3.2707859687507153
