times:
  edit-metadata: 1.468212440609932
  landing: 0.8345927298069
  view-data: 3.5532961785793304
