times:
  edit-metadata: 1.539419300854206
  landing: 0.7778436318039894
  view-data: 3.5947142988443375
