times:
  edit-metadata: 1.4870024733245373
  landing: 0.9113432727754116
  view-data: 3.2960599921643734
