times:
  edit-metadata: 1.5737058594822884
  landing: 1.053187981247902
  view-data: 3.3020650558173656
