times:
  edit-metadata: 1.4844524040818214
  landing: 0.8348718285560608
  view-data: 3.490690067410469
