times:
  edit-metadata: 1.4371643513441086
  landing: 0.9297629073262215
  view-data: 3.438437730073929
