times:
  edit-metadata: 1.471127014607191
  landing: 0.8838031552731991
  view-data: 3.282876618206501
