times:
  edit-metadata: 1.858362928032875
  landing: 0.8687619268894196
  view-data: 3.3886619433760643
