times:
  edit-metadata: 1.4933765977621078
  landing: 0.8623964414000511
  view-data: 3.261657513678074
