times:
  edit-metadata: 1.450483601540327
  landing: 0.8751239329576492
  view-data: 3.3429341800510883
