times:
  edit-metadata: 1.5706099718809128
  landing: 0.9629014506936073
  view-data: 3.5933461412787437
