times:
  edit-metadata: 1.693099495023489
  landing: 1.5621978752315044
  view-data: 3.683432623744011
