times:
  edit-metadata: 1.5313602983951569
  landing: 1.003984708338976
  view-data: 3.342016488313675
