times:
  edit-metadata: 1.5154505781829357
  landing: 0.8818209432065487
  view-data: 3.366937704384327
