times:
  edit-metadata: 1.6579838693141937
  landing: 1.4821729250252247
  view-data: 3.298789255321026
