times:
  edit-metadata: 1.6117778047919273
  landing: 0.9644661471247673
  view-data: 3.404973153024912
