times:
  edit-metadata: 1.5338810235261917
  landing: 0.9499157145619392
  view-data: 3.5160147845745087
