times:
  edit-metadata: 1.4859377443790436
  landing: 0.7988109961152077
  view-data: 3.5902100428938866
