times:
  edit-metadata: 1.538684293627739
  landing: 0.8392338454723358
  view-data: 3.568502150475979
