times:
  edit-metadata: 1.546865537762642
  landing: 1.0561006739735603
  view-data: 3.444288656115532
