times:
  edit-metadata: 1.9206916093826294
  landing: 1.2528774291276932
  view-data: 3.7661676332354546
