times:
  edit-metadata: 1.4937072284519672
  landing: 0.7984325028955936
  view-data: 3.332526098936796
