times:
  edit-metadata: 1.5577968433499336
  landing: 0.8449817299842834
  view-data: 3.4132329896092415
