times:
  edit-metadata: 1.4679668582975864
  landing: 0.9376329258084297
  view-data: 3.3617005608975887
