times:
  edit-metadata: 1.5132926627993584
  landing: 0.8606326803565025
  view-data: 3.450162395834923
