times:
  edit-metadata: 2.0774241648614407
  landing: 1.440666913986206
  view-data: 3.3669441752135754
