times:
  edit-metadata: 1.4510918371379375
  landing: 0.8500432409346104
  view-data: 3.2746047265827656
