times:
  edit-metadata: 1.4168582186102867
  landing: 0.8612590581178665
  view-data: 3.3468791469931602
