times:
  edit-metadata: 1.3539801090955734
  landing: 0.9076618328690529
  view-data: 3.3668011277914047
