times:
  edit-metadata: 1.5997884273529053
  landing: 0.8673042431473732
  view-data: 3.5335059836506844
