times:
  edit-metadata: 1.5857775211334229
  landing: 0.8870354779064655
  view-data: 3.369476854801178
