times:
  edit-metadata: 1.4895624183118343
  landing: 0.884956605732441
  view-data: 3.3348059989511967
