times:
  edit-metadata: 1.524502269923687
  landing: 0.909490916877985
  view-data: 3.391674716025591
