times:
  edit-metadata: 1.563830427825451
  landing: 0.8783745989203453
  view-data: 3.362428307533264
