times:
  edit-metadata: 1.4812010452151299
  landing: 0.8422111496329308
  view-data: 3.4337215647101402
