times:
  edit-metadata: 1.5649077743291855
  landing: 0.8560493141412735
  view-data: 3.3989136815071106
