times:
  edit-metadata: 1.5421358831226826
  landing: 0.9576923027634621
  view-data: 3.3331828638911247
