times:
  edit-metadata: 1.682657863944769
  landing: 0.9562707245349884
  view-data: 3.25009324029088
