times:
  edit-metadata: 1.6407699510455132
  landing: 1.0195488780736923
  view-data: 3.612044036388397
