times:
  edit-metadata: 1.7706492766737938
  landing: 0.8278122469782829
  view-data: 3.4617612957954407
