times:
  edit-metadata: 2.468105047941208
  landing: 1.443128950893879
  view-data: 3.492563173174858
