times:
  edit-metadata: 1.3623651936650276
  landing: 0.8721446841955185
  view-data: 3.4955857694149017
