times:
  edit-metadata: 1.550098828971386
  landing: 0.8811554163694382
  view-data: 3.3381244987249374
