times:
  edit-metadata: 1.57904751598835
  landing: 0.8989861980080605
  view-data: 3.2967517524957657
