times:
  edit-metadata: 1.7701798304915428
  landing: 0.9762178808450699
  view-data: 3.327073097229004
