times:
  edit-metadata: 1.4645405560731888
  landing: 0.9216865301132202
  view-data: 3.4806338772177696
