times:
  edit-metadata: 1.4904850721359253
  landing: 0.9357345774769783
  view-data: 3.4101748764514923
