times:
  edit-metadata: 1.494168996810913
  landing: 0.7351107373833656
  view-data: 3.384104587137699
