times:
  edit-metadata: 1.4840538017451763
  landing: 0.75524527952075
  view-data: 3.2641486786305904
