times:
  edit-metadata: 2.4034076184034348
  landing: 1.166469782590866
  view-data: 3.465526554733515
