times:
  edit-metadata: 1.5296523310244083
  landing: 0.7909634616225958
  view-data: 3.3870645090937614
