times:
  edit-metadata: 1.5741862878203392
  landing: 0.8985262513160706
  view-data: 3.3352262638509274
