times:
  edit-metadata: 1.3860919885337353
  landing: 0.9243449792265892
  view-data: 3.337573640048504
