times:
  edit-metadata: 1.4321152232587337
  landing: 0.8548601120710373
  view-data: 3.2599057592451572
