times:
  edit-metadata: 1.5400231406092644
  landing: 0.8271562419831753
  view-data: 3.4150937758386135
