times:
  edit-metadata: 1.511745098978281
  landing: 0.999011904001236
  view-data: 3.3778652362525463
