times:
  edit-metadata: 1.3380786422640085
  landing: 0.7250839173793793
  view-data: 3.293481672182679
