times:
  edit-metadata: 1.5258788727223873
  landing: 0.6608122996985912
  view-data: 3.3157060258090496
