times:
  edit-metadata: 1.520519195124507
  landing: 0.8253423869609833
  view-data: 3.4645872209221125
