times:
  edit-metadata: 2.129388365894556
  landing: 1.1467778459191322
  view-data: 3.5891585275530815
