times:
  edit-metadata: 1.5281599536538124
  landing: 0.9052101001143456
  view-data: 3.4360558688640594
