times:
  edit-metadata: 1.563524454832077
  landing: 0.8242614679038525
  view-data: 3.414938148111105
