times:
  edit-metadata: 1.6026482358574867
  landing: 1.0595881082117558
  view-data: 3.3837580904364586
