times:
  edit-metadata: 1.5356241427361965
  landing: 0.79307571798563
  view-data: 3.3380147144198418
