times:
  edit-metadata: 1.4844930656254292
  landing: 0.9700138494372368
  view-data: 3.3656250201165676
