times:
  edit-metadata: 1.4994036331772804
  landing: 0.7756315059959888
  view-data: 3.4127831794321537
