times:
  edit-metadata: 1.9050000924617052
  landing: 0.9174771439284086
  view-data: 3.4546921774744987
