times:
  edit-metadata: 1.3490115478634834
  landing: 0.9671894162893295
  view-data: 3.361425042152405
