times:
  edit-metadata: 2.3302965238690376
  landing: 1.0118680521845818
  view-data: 3.7755268178880215
