times:
  edit-metadata: 1.5280318409204483
  landing: 1.8656085170805454
  view-data: 3.3754840940237045
