times:
  edit-metadata: 1.4048918820917606
  landing: 1.0254599787294865
  view-data: 3.3982125967741013
