times:
  edit-metadata: 1.8294183425605297
  landing: 1.2303855381906033
  view-data: 3.3787534162402153
