times:
  edit-metadata: 2.6975801289081573
  landing: 1.8955970518290997
  view-data: 3.514524780213833
