times:
  edit-metadata: 1.523692648857832
  landing: 0.8425354566425085
  view-data: 3.445107603445649
