times:
  edit-metadata: 1.6377958431839943
  landing: 1.0375708937644958
  view-data: 3.36371748149395
