times:
  edit-metadata: 1.5938027538359165
  landing: 1.0103847086429596
  view-data: 3.370599403977394
