times:
  edit-metadata: 1.5129466988146305
  landing: 0.7891578879207373
  view-data: 3.5574293676763773
