times:
  edit-metadata: 1.5156543590128422
  landing: 1.0842335186898708
  view-data: 3.3313447758555412
