times:
  edit-metadata: 2.284671302884817
  landing: 1.2389666885137558
  view-data: 3.3136614374816418
