times:
  edit-metadata: 1.7436371855437756
  landing: 6.362783819437027
  view-data: 3.356977455317974
