times:
  edit-metadata: 1.440665028989315
  landing: 0.9681895524263382
  view-data: 3.4187276028096676
