times:
  edit-metadata: 1.4566555246710777
  landing: 0.7216360494494438
  view-data: 3.3110737279057503
