times:
  edit-metadata: 2.330549132078886
  landing: 1.6436675749719143
  view-data: 3.474082540720701
