times:
  edit-metadata: 1.4214557707309723
  landing: 0.9813713952898979
  view-data: 3.3672147393226624
