times:
  edit-metadata: 1.477112052962184
  landing: 0.7408358920365572
  view-data: 3.3935383316129446
