times:
  edit-metadata: 1.4425132349133492
  landing: 0.7716571390628815
  view-data: 3.3378313444554806
