times:
  edit-metadata: 1.5364224836230278
  landing: 0.7537586092948914
  view-data: 3.408665407449007
