times:
  edit-metadata: 1.4954944774508476
  landing: 0.7474475651979446
  view-data: 3.364029636606574
