times:
  edit-metadata: 1.608378354460001
  landing: 0.9673228450119495
  view-data: 3.6664373464882374
