times:
  edit-metadata: 1.530819984152913
  landing: 0.7865576762706041
  view-data: 3.4196165204048157
