times:
  edit-metadata: 1.498919514939189
  landing: 0.9741573762148619
  view-data: 3.550306748598814
