times:
  edit-metadata: 1.4399361684918404
  landing: 0.9149423241615295
  view-data: 3.345699727535248
