times:
  edit-metadata: 1.5384381394833326
  landing: 0.7933959737420082
  view-data: 3.390182390809059
