times:
  edit-metadata: 1.4018774703145027
  landing: 0.8238907419145107
  view-data: 3.303528144955635
