times:
  edit-metadata: 1.3474561721086502
  landing: 0.9505660682916641
  view-data: 1.0436266288161278
