times:
  edit-metadata: 1.4963823780417442
  landing: 0.8056281134486198
  view-data: 3.4274283200502396
