times:
  edit-metadata: 2.223065186291933
  landing: 1.1265566162765026
  view-data: 3.6343661844730377
