times:
  edit-metadata: 1.5430359169840813
  landing: 0.8563226088881493
  view-data: 3.3788897581398487
