times:
  edit-metadata: 1.606051042675972
  landing: 0.9618252031505108
  view-data: 3.4511003270745277
