times:
  edit-metadata: 1.6725221686065197
  landing: 0.9453554935753345
  view-data: 3.4288519620895386
