times:
  edit-metadata: 1.6528990268707275
  landing: 0.8070841319859028
  view-data: 3.5229982435703278
