times:
  edit-metadata: 1.4835610836744308
  landing: 0.7511128094047308
  view-data: 3.412965187802911
