times:
  edit-metadata: 1.4751415252685547
  landing: 0.9476279728114605
  view-data: 3.3652160242199898
