times:
  edit-metadata: 1.7245237492024899
  landing: 1.007233764976263
  view-data: 3.353000219911337
