times:
  edit-metadata: 1.572443664073944
  landing: 0.8771309331059456
  view-data: 3.324891857802868
