times:
  edit-metadata: 1.4518099650740623
  landing: 0.8479581065475941
  view-data: 3.3060627318918705
