times:
  edit-metadata: 1.5753299705684185
  landing: 0.8275203760713339
  view-data: 3.4557435736060143
