times:
  edit-metadata: 1.532286323606968
  landing: 0.8412921242415905
  view-data: 3.4259140864014626
