times:
  edit-metadata: 1.506023459136486
  landing: 0.9311852790415287
  view-data: 3.399866994470358
